RequestID,ArrivalTime,DelayTime,FinishTime,InitiatorID,TargetID,IOType,Size,VolumeID,Offset
0,0,225214,225214,0,0,1,364544,18,8211740969
1,1,225879,225880,7,0,1,1024,6,10708066702
2,2,116133,116135,6,0,0,50176,8,4490788903
3,3,82956,82959,5,0,0,12288,7,10159504830
4,4,231675,231679,4,0,1,27648,13,4985245890
5,5,100827,100832,9,0,0,30208,17,4197436652
6,6,208533,208539,3,0,0,96768,7,4859123124
7,7,232543,232550,2,0,1,12288,13,342975530
8,8,154869,154877,1,0,0,41472,9,7989705539
9,9,133655,133664,8,0,0,22016,17,9761551848
10,7710,863625,871335,8,0,0,24576,17,2686325
11,7910,224986,232896,7,0,1,512,6,5636339703
12,7951,423974,431925,2,0,0,13824,13,2515489570
13,17800,661602,679402,1,0,0,32256,9,3303252308
14,26710,208452,235162,4,0,1,3584,13,3293460605
15,29920,210388,240308,5,0,1,8192,7,5083068035
16,55640,1591650,1647290,9,0,0,30208,17,5545893146
17,59550,319789,379339,6,0,0,96768,8,3926342394
18,60590,714686,775276,6,0,0,11264,8,3683406562
19,76480,911967,988447,8,0,0,512,17,2899481655
20,90710,202413,293123,9,0,1,179200,17,7319394998
21,97050,252790,349840,4,0,0,6656,13,3732832177
22,105770,200674,306444,6,0,0,13824,8,1059466636
23,106260,1462595,1568855,0,0,0,800768,18,4174789310
24,109130,929883,1039013,4,0,0,26112,13,2002769408
25,110820,906778,1017598,6,0,0,17408,8,3377547447
26,113600,181149,294749,7,0,1,2560,6,2241384066
27,131690,200066,331756,2,0,1,128000,13,9014582608
28,134080,637717,771797,6,0,0,39936,8,3383770348
29,141960,297597,439557,1,0,0,3584,9,166171680
30,144060,594875,738935,6,0,0,14848,8,579156958
31,144900,1153226,1298126,6,0,0,16384,8,9715372610
32,145240,490675,635915,5,0,0,6656,7,2682110688
33,149661,1098610,1248271,2,0,0,19968,13,9140301040
34,153680,1452373,1606053,6,0,0,25600,8,9840978423
35,155530,992274,1147804,5,0,0,21504,7,8203151770
36,169211,972026,1141237,2,0,0,16896,13,5041339692
37,169251,861783,1031034,2,0,0,39936,13,7919667331
38,173580,169518,343098,7,0,1,46080,6,9800769332
39,178130,1016439,1194569,1,0,0,24576,9,2202237564
40,191450,1399270,1590720,3,0,0,32256,7,3412459832
41,191730,395149,586879,2,0,1,525824,13,6049697858
42,202540,903758,1106298,4,0,0,17920,13,4839372427
43,206510,441141,647651,5,0,0,6656,7,2227691816
44,206970,382175,589145,7,0,1,3584,6,2813238619
45,209210,385081,594291,7,0,1,8192,6,733061359
46,215381,1102260,1317641,2,0,0,64000,13,2977089875
47,218920,376037,594957,3,0,1,11264,7,5486620348
48,219420,602089,821509,8,0,0,11264,17,4612585461
49,225980,1431521,1657501,9,0,0,33280,17,2256942345
50,226890,1066229,1293119,8,0,0,45056,17,1120625987
51,230160,1569342,1799502,4,0,0,115200,13,3855229463
52,232360,1532011,1764371,9,0,0,29696,17,1611001549
53,239180,1001674,1240854,3,0,0,3584,7,7873098144
54,240320,2746398,2986718,6,0,0,53760,8,3761446473
55,241470,1371618,1613088,8,0,0,23040,17,2171795513
56,247730,626428,874158,4,0,0,9216,13,9113432729
57,275890,800417,1076307,6,0,0,24576,8,6271800639
58,276510,324860,601370,4,0,1,22528,13,5548121352
59,278660,802941,1081601,1,0,0,3584,9,7479553224
60,282580,883509,1166089,8,0,0,26624,17,4034085364
61,284921,1336997,1621918,2,0,0,27136,13,3834030563
62,290271,1370529,1660800,2,0,0,10752,13,4876334283
63,294351,613663,908014,2,0,0,29184,13,3126666308
64,301620,1296618,1598238,1,0,0,7168,9,2401104103
65,301750,304126,605876,6,0,1,7168,8,5286520327
66,307590,602779,910369,1,0,0,7680,9,2766564705
67,321370,882829,1204199,6,0,0,1536,8,9685378519
68,336020,2852609,3188629,9,0,0,5632,17,1230145908
69,339891,657427,997318,2,0,0,16384,13,1754289852
70,344450,1599517,1943967,7,0,0,13824,6,7106881204
71,355630,1317696,1673326,4,0,0,12800,13,10343360292
72,369060,1321182,1690242,6,0,0,24576,8,10332881150
73,396800,1418544,1815344,4,0,0,8704,13,5736843795
74,400330,1282401,1682731,9,0,0,25088,17,10585368633
75,402330,1301187,1703517,8,0,0,14848,17,1264941335
76,403881,811771,1215652,2,0,0,2048,13,5643198274
77,408770,1305167,1713937,7,0,0,6144,6,1137957824
78,412260,1439533,1851793,3,0,0,34816,7,1920298398
79,417020,1924073,2341093,3,0,0,24064,7,4394675153
80,424330,1330471,1754801,3,0,0,36864,7,4686899071
81,429590,177912,607502,1,0,1,2560,9,9708816134
82,432140,196118,628258,7,0,0,512,6,6626533445
83,449150,665083,1114233,6,0,0,6144,8,5859661187
84,454740,153108,607848,5,0,1,512,7,5343642980
85,467130,1409324,1876454,6,0,0,17920,8,8198768042
86,474800,1194595,1669395,8,0,0,28160,17,6021154471
87,476300,1441538,1917838,3,0,0,19456,7,4325338331
88,484440,1096381,1580821,4,0,0,17920,13,3939713984
89,487590,1331981,1819571,6,0,0,13824,8,9318403465
90,493410,1338510,1831920,3,0,0,6144,7,7865728143
91,494980,1317697,1812677,4,0,0,43008,13,1953620993
92,509360,1086679,1596039,7,0,0,17408,6,488439810
93,511341,1678592,2189933,2,0,0,35328,13,2933766334
94,521121,1153951,1675072,2,0,0,2048,13,2277425795
95,527841,645003,1172844,2,0,0,18432,13,2589396388
96,542640,1413666,1956306,3,0,0,40448,7,4710500257
97,543321,1327611,1870932,2,0,0,6656,13,6308023104
98,556470,1355425,1911895,4,0,0,68096,13,5511010188
99,557060,56177,613237,5,0,1,25600,7,3040433914
100,561190,1014148,1575338,6,0,0,20992,8,1075332906
101,561820,1134147,1695967,8,0,0,10240,17,3383870735
102,566210,266272,832482,6,0,0,512,8,7714681242
103,573030,1060915,1633945,8,0,0,39424,17,10427879906
104,573270,41043,614313,9,0,1,13312,17,4975619313
105,574490,1266649,1841139,1,0,0,30208,9,4765123341
106,576400,1135572,1711972,5,0,0,27648,7,5576106297
107,576960,538593,1115553,9,0,0,1024,17,9082798174
108,581210,34691,615901,2,0,1,15872,13,6909548886
109,582930,36837,619767,4,0,1,6144,13,9724588331
110,585610,1088823,1674433,5,0,0,3584,7,8594256047
111,587880,37481,625361,1,0,1,26624,9,6535482874
112,600960,1279253,1880213,5,0,0,12288,7,8996793402
113,601070,1795001,2396071,5,0,0,10752,7,1879004531
114,607811,1261078,1868889,2,0,0,45568,13,46481517
115,611430,1087548,1698978,4,0,0,9728,13,9319407117
116,632740,1192166,1824906,9,0,0,17408,17,8205165208
117,633780,1436108,2069888,1,0,0,25088,9,7900305596
118,634710,7475,642185,5,0,1,6656,7,805085359
119,637439,317270,954709,5,0,0,2560,7,450112005
120,639100,3751,642851,6,0,1,1024,8,2116262513
121,643840,1099714,1743554,6,0,0,8192,8,6949027382
122,654000,496961,1150961,6,0,0,3072,8,7943963486
123,658190,1553674,2211864,0,0,0,9216,18,8363549108
124,659680,341106,1000786,6,0,0,2560,8,9936732849
125,671060,18850,689910,6,0,1,16896,8,1234297705
126,677310,1152635,1829945,9,0,0,16384,17,2982710500
127,684290,1322821,2007111,3,0,0,49664,7,1371994005
128,687320,637520,1324840,3,0,0,23552,7,4171502548
129,690800,1936794,2627594,8,0,0,65024,17,7268795420
130,695110,1045917,1741027,4,0,0,17408,13,6825235406
131,702800,492096,1194896,3,0,0,1024,7,9709221758
132,709910,2121433,2831343,4,0,0,32256,13,3497425088
133,715400,977416,1692816,8,0,0,3584,17,6581471300
134,724979,1128341,1853320,5,0,0,2048,7,9036747640
135,738960,899103,1638063,3,0,0,4096,7,1553716818
136,747230,1143667,1890897,6,0,0,8192,8,10277172182
137,747900,1396036,2143936,9,0,0,4608,17,6203599365
138,763460,1460738,2224198,1,0,0,24064,9,1149180912
139,768889,1404430,2173319,5,0,0,8192,7,3252412372
140,769080,3166916,3935996,8,0,0,67584,17,6826047613
141,769320,1292909,2062229,6,0,0,18432,8,2523302664
142,772100,2425901,3198001,7,0,0,6144,6,702579034
143,775460,6488,781948,2,0,1,15872,13,2651354981
144,778450,74694,853144,9,0,1,118272,17,6937245352
145,783720,1490091,2273811,4,0,0,11264,13,1757567500
146,784090,2779779,3563869,9,0,0,7680,17,7496510554
147,786420,451283,1237703,6,0,0,5632,8,995580619
148,796070,59020,855090,4,0,1,3072,13,2697404221
149,804460,2524844,3329304,4,0,0,26624,13,9563806009
150,805300,1593495,2398795,6,0,0,5632,8,2781884609
151,817280,2044209,2861489,1,0,0,46080,9,8130421339
152,818440,795195,1613635,8,0,0,1536,17,1329530069
153,820140,35104,855244,6,0,1,8704,8,1708454348
154,832750,902950,1735700,6,0,0,71168,8,1808570942
155,834600,1221485,2056085,7,0,0,1024,6,6962949390
156,834680,802088,1636768,0,0,0,9216,18,8689862689
157,852520,2065961,2918481,0,0,0,64000,18,9978739895
158,869440,1400924,2270364,0,0,0,13312,18,4373874253
159,869880,2490125,3360005,9,0,0,3072,17,1579648453
160,871550,1721971,2593521,4,0,0,11264,13,9930018834
161,873830,1881698,2755528,9,0,0,6656,17,3671412302
162,875440,816229,1691669,6,0,0,4608,8,1252557669
163,915040,1531472,2446512,1,0,0,21504,9,4948349836
164,916200,5454,921654,4,0,1,13824,13,1333228143
165,920210,934780,1854990,5,0,0,5120,7,4961140757
166,922550,961266,1883816,0,0,0,11776,18,9560795132
167,922590,1127381,2049971,1,0,0,40960,9,822121670
168,931220,2097971,3029191,4,0,0,4608,13,1912295390
169,941350,911331,1852681,4,0,0,2560,13,2255131497
170,942490,586,943076,2,0,1,512,13,5681758592
171,942501,2014543,2957044,2,0,0,126464,13,9581618252
172,944920,2537688,3482608,9,0,0,22528,17,10136519368
173,955570,1916588,2872158,0,0,0,21504,18,9533182274
174,957780,3327752,4285532,4,0,0,23552,13,9550712951
175,962850,6278,969128,4,0,1,6656,13,1497196525
176,963850,1476095,2439945,5,0,0,38400,7,9276144810
177,968170,1606005,2574175,9,0,0,49664,17,2807992687
178,975610,1558149,2533759,4,0,0,12800,13,7210752698
179,977660,4937,982597,6,0,1,12800,8,2136929557
180,977890,1450340,2428230,1,0,0,37376,9,9247124975
181,978820,1238031,2216851,3,0,0,6656,7,7357764102
182,980630,955821,1936451,1,0,0,12288,9,4473240940
183,1008110,3350457,4358567,4,0,0,512,13,2652193416
184,1012601,1129916,2142517,2,0,0,83456,13,1846911520
185,1014410,3205513,4219923,6,0,0,1024,8,2443047562
186,1015200,1626051,2641251,6,0,0,14848,8,853673863
187,1016770,1039813,2056583,3,0,0,1536,7,9590084121
188,1022700,1442827,2465527,4,0,0,53248,13,4275327653
189,1025060,1840531,2865591,7,0,0,10752,6,1251718103
190,1030190,1006491,2036681,8,0,0,95232,17,6137752180
191,1031950,1465949,2497899,9,0,0,1024,17,2125370394
192,1035750,937547,1973297,8,0,0,1024,17,689115769
193,1037680,1312632,2350312,8,0,0,30208,17,616054521
194,1039191,2205383,3244574,2,0,0,40448,13,4555109473
195,1039680,2643505,3683185,3,0,0,39936,7,4277713086
196,1054140,1308878,2363018,4,0,0,17920,13,8436872071
197,1057600,2472990,3530590,9,0,0,28160,17,9543483035
198,1068450,2781246,3849696,8,0,0,22528,17,9195405997
199,1074770,3523,1078293,1,0,1,2048,9,6505908620
200,1101670,15377,1117047,5,0,1,17408,7,1649008688
201,1106420,2808937,3915357,0,0,0,87040,18,8234710209
202,1129440,1717986,2847426,5,0,0,52736,7,5007749458
203,1130080,4115247,5245327,1,0,0,1536,9,5492308883
204,1130860,788397,1919257,8,0,0,4608,17,3110324279
205,1134280,13539,1147819,4,0,1,4608,13,9356047768
206,1140920,930075,2070995,5,0,0,3584,7,2655680189
207,1158460,596824,1755284,9,0,0,1536,17,3833750825
208,1158910,14919,1173829,7,0,1,8192,6,2971299130
209,1164340,873136,2037476,6,0,0,2560,8,1151663959
210,1167690,1543433,2711123,7,0,0,9728,6,1587570454
211,1171290,884468,2055758,9,0,0,18944,17,3989406785
212,1178380,3293504,4471884,5,0,0,1024,7,3237681596
213,1195141,1348171,2543312,2,0,0,16384,13,5806899750
214,1198740,6754,1205494,4,0,1,7168,13,229552102
215,1204350,2747487,3951837,4,0,0,11776,13,4198499197
216,1207620,10241,1217861,7,0,1,16384,6,2963724861
217,1220261,2395796,3616057,2,0,0,6144,13,6935517383
218,1229100,1994,1231094,5,0,1,2048,7,5415543124
219,1235160,1645616,2880776,7,0,0,18432,6,1592464122
220,1236431,1343999,2580430,2,0,0,20480,13,9191909129
221,1237680,1179147,2416827,1,0,0,56832,9,4592639014
222,1250970,2007362,3258332,8,0,0,35328,17,7922474843
223,1254010,997173,2251183,4,0,0,23552,13,1519592387
224,1258380,3073182,4331562,7,0,0,55808,6,4747107956
225,1258780,2946,1261726,5,0,1,3072,7,5398600840
226,1269780,1313317,2583097,8,0,0,8704,17,6482936809
227,1272860,2062387,3335247,4,0,0,19456,13,7812478659
228,1274980,2144473,3419453,3,0,0,36864,7,1950985638
229,1298850,1734597,3033447,6,0,0,6656,8,8931244237
230,1303200,408835,1712035,7,0,1,3072,6,6862192072
231,1307010,405040,1712050,6,0,1,1536,8,5567034941
232,1317690,3022475,4340165,9,0,0,28160,17,4355346633
233,1324930,2510793,3835723,6,0,0,35328,8,7171361991
234,1328350,512812,1841162,3,0,1,512,7,9115534848
235,1337060,3290770,4627830,5,0,0,2560,7,784972982
236,1342050,2531977,3874027,7,0,0,14848,6,9595441597
237,1342121,1403828,2745949,2,0,0,10240,13,4081616927
238,1342900,2042811,3385711,0,0,0,66560,18,6490260523
239,1351779,4479987,5831766,5,0,0,13312,7,1794533514
240,1356940,1964181,3321121,8,0,0,67584,17,7118752505
241,1362380,3583025,4945405,6,0,0,20992,8,8498553559
242,1367750,484058,1851808,9,0,1,9216,17,3727953963
243,1371720,1292845,2664565,9,0,0,15360,17,1398022431
244,1376140,2697578,4073718,8,0,0,48640,17,8115039814
245,1381790,985782,2367572,9,0,0,8704,17,4597601214
246,1387190,464633,1851823,4,0,1,2048,13,6515654225
247,1413931,2709250,4123181,2,0,0,18432,13,10542973995
248,1418620,2057085,3475705,7,0,0,55808,6,8676730897
249,1419480,432390,1851870,7,0,1,1024,6,412240013
250,1423340,1916758,3340098,3,0,0,15872,7,5658865222
251,1425570,931933,2357503,0,0,0,23552,18,6303514951
252,1428620,1974271,3402891,7,0,0,5632,6,1281783567
253,1429470,2580383,4009853,9,0,0,70144,17,7259779539
254,1433140,2159709,3592849,8,0,0,35840,17,4294002055
255,1445530,1948962,3394492,7,0,0,17408,6,3754776350
256,1445610,2194219,3639829,9,0,0,27136,17,7472538897
257,1449050,404357,1853407,3,0,1,5120,7,3287266078
258,1457270,1757662,3214932,4,0,0,6656,13,2215044439
259,1464810,3924521,5389331,6,0,0,53760,8,10582833132
260,1466780,404199,1870979,5,0,1,2560,7,4709946696
261,1467580,2549503,4017083,7,0,0,17408,6,7401093277
262,1468770,2142427,3611197,3,0,0,50688,7,3581251799
263,1475409,1156436,2631845,0,0,0,13824,18,5930434289
264,1475740,580360,2056100,9,0,1,384000,17,185496228
265,1477500,579098,2056598,7,0,1,20480,6,9263188030
266,1478390,592620,2071010,9,0,1,35328,17,4260371005
267,1484690,3167019,4651709,1,0,0,14336,9,1721256619
268,1496170,2609985,4106155,5,0,0,13824,7,1998580985
269,1496850,2913995,4410845,4,0,0,4608,13,7777275378
270,1501750,2863887,4365637,8,0,0,17408,17,10614894564
271,1512920,687208,2200128,7,0,0,4608,6,6040725842
272,1521300,549725,2071025,2,0,1,10240,13,8714021776
273,1521640,2774421,4296061,7,0,0,15872,6,3939849006
274,1522560,548480,2071040,2,0,1,17920,13,2519115922
275,1522889,1113807,2636696,0,0,0,15872,18,2189149013
276,1525360,4179428,5704788,5,0,0,31232,7,9494273209
277,1528810,2961326,4490136,8,0,0,4096,17,5828890285
278,1529850,2617557,4147407,5,0,0,53760,7,3744657597
279,1536190,3196421,4732611,7,0,0,24576,6,360086019
280,1537430,533625,2071055,5,0,1,13824,7,5745477613
281,1538840,532230,2071070,6,0,1,1024,8,7600113999
282,1542100,528985,2071085,7,0,1,3072,6,539117646
283,1549211,2434396,3983607,2,0,0,13312,13,3900092623
284,1550300,528959,2079259,1,0,1,50688,9,1392216584
285,1556000,8317361,9873361,6,0,1,9728,8,6595305423
286,1558970,3140320,4699290,7,0,0,75776,6,6814301025
287,1563010,3216517,4779527,9,0,0,44544,17,8700672916
288,1563831,3707112,5270943,2,0,0,44544,13,5642038752
289,1571730,3436947,5008677,7,0,0,3584,6,10015249375
290,1576430,2664489,4240919,9,0,0,37888,17,10561806005
291,1586929,892378,2479307,0,0,0,14336,18,1715800707
292,1594330,921291,2515621,9,0,0,13824,17,8624907359
293,1602690,2833453,4436143,7,0,0,10752,6,865574624
294,1602729,3929500,5532229,0,0,0,54784,18,5693670254
295,1605160,885007,2490167,6,0,0,4608,8,3879726981
296,1616460,8259807,9876267,6,0,1,4608,8,10298269175
297,1616580,8273070,9889650,1,0,1,7680,9,9693534700
298,1626190,8263483,9889673,4,0,1,4096,13,1127148072
299,1626240,3664249,5290489,3,0,0,37888,7,6175811999
300,1633411,1257413,2890824,2,0,0,10240,13,3953082024
301,1636771,4012133,5648904,2,0,0,11264,13,3907004085
302,1637950,1657117,3295067,3,0,0,23040,7,8187826977
303,1640280,2604874,4245154,5,0,0,13824,7,7509176406
304,1646030,2623490,4269520,8,0,0,41472,17,711067221
305,1659860,3817075,5476935,1,0,0,61952,9,2923814743
306,1661130,658368,2319498,0,0,0,2048,18,10302873412
307,1670709,694196,2364905,0,0,0,6144,18,2223781390
308,1672480,2936750,4609230,1,0,0,63488,9,5784654351
309,1675490,4029789,5705279,4,0,0,1536,13,3025030578
310,1676390,965828,2642218,5,0,0,3072,7,3063712240
311,1690300,1768378,3458678,6,0,0,46080,8,8247291933
312,1695050,4661344,6356394,4,0,0,15872,13,8683775727
313,1697390,1185296,2882686,1,0,0,4096,9,4954374545
314,1701180,8327148,10028328,3,0,1,23040,7,3056749291
315,1703111,3716507,5419618,2,0,0,5120,13,3438915291
316,1712740,8910430,10623170,1,0,1,29696,9,4483769899
317,1723440,4484397,6207837,6,0,0,93696,8,6032040288
318,1726860,1433825,3160685,3,0,0,14848,7,116410621
319,1727309,2081391,3808700,0,0,0,16896,18,4084527702
320,1732301,2615940,4348241,2,0,0,20992,13,3326130630
321,1752140,1361483,3113623,3,0,0,2560,7,7849597550
322,1753750,8975868,10729618,7,0,1,11776,6,9217605281
323,1753930,3486321,5240251,8,0,0,14336,17,5470981291
324,1761410,1870136,3631546,8,0,0,36864,17,2494698634
325,1761630,2814786,4576416,5,0,0,19968,7,5104021766
326,1766840,1258103,3024943,3,0,0,6144,7,5628731733
327,1767700,3339497,5107197,6,0,0,17408,8,1462072332
328,1768750,1189378,2958128,7,0,0,1024,6,235905452
329,1772310,1372850,3145160,7,0,0,7680,6,9899286429
330,1789300,1458253,3247553,1,0,0,9728,9,4983385902
331,1793250,2707509,4500759,8,0,0,34816,17,5003770159
332,1796410,2460459,4256869,3,0,0,38400,7,379488227
333,1798920,3835079,5633999,4,0,0,100864,13,8129162606
334,1810420,17823484,19633904,9,0,1,1102848,17,7207945193
335,1813950,4645334,6459284,6,0,0,33280,8,6931041406
336,1815640,1678270,3493910,6,0,0,14848,8,10444396005
337,1817900,3674034,5491934,6,0,0,49152,8,10536027893
338,1826330,17871464,19697794,3,0,1,512,7,5671586805
339,1832500,17895108,19727608,7,0,1,30720,6,4732795944
340,1833270,2812866,4646136,4,0,0,36352,13,1445760453
341,1840030,17890804,19730834,6,0,1,5120,8,728666287
342,1841210,4090976,5932186,7,0,0,53248,6,5016243336
343,1844100,17887080,19731180,1,0,1,512,9,5219150704
344,1847680,1117201,2964881,1,0,0,4608,9,347957525
345,1847790,2742057,4589847,1,0,0,44032,9,3111587667
346,1852910,2872198,4725108,6,0,0,8192,8,7173566689
347,1854380,2451877,4306257,3,0,0,13312,7,9067028987
348,1866350,1623005,3489355,7,0,0,22016,6,1992144911
349,1885640,2405554,4291194,6,0,0,13312,8,2073061062
350,1909170,3508865,5418035,6,0,0,16896,8,10107027412
351,1911180,2195146,4106326,5,0,0,512,7,1408980971
352,1913860,3735223,5649083,6,0,0,512,8,749568761
353,1916710,3924536,5841246,6,0,0,4096,8,642977953
354,1917080,3940189,5857269,3,0,0,44544,7,1873392001
355,1920280,2048506,3968786,6,0,0,16896,8,3879412055
356,1926310,17807136,19733446,3,0,1,3584,7,6088527618
357,1930420,2477719,4408139,6,0,0,115712,8,7870483970
358,1931480,17939196,19870676,1,0,1,63488,9,6805497548
359,1936460,5229682,7166142,3,0,0,6144,7,8051938014
360,1949590,4942515,6892105,3,0,0,11776,7,3252265961
361,1955690,17915549,19871239,1,0,1,4096,9,10020442055
362,1961750,4554081,6515831,9,0,0,11264,17,4539542771
363,1968460,4081902,6050362,5,0,0,12288,7,10032640662
364,1972251,2437159,4409410,2,0,0,4096,13,265188826
365,1977779,5356054,7333833,0,0,0,9216,18,2882984929
366,1981041,2635582,4616623,2,0,0,18944,13,3428550666
367,1984790,17899223,19884013,5,0,1,5632,7,2425283923
368,1985711,2584598,4570309,2,0,0,51712,13,5230376691
369,1998469,4078592,6077061,0,0,0,87552,18,9106255863
370,1999570,2148640,4148210,5,0,0,2560,7,5962631899
371,2008990,872425,2881415,7,0,0,2048,6,5948324601
372,2014560,1337347,3351907,7,0,0,23040,6,5052993296
373,2018230,3961551,5979781,9,0,0,15872,17,5546503125
374,2025779,2520895,4546674,0,0,0,3072,18,8334073992
375,2030370,2458503,4488873,8,0,0,18944,17,9071059809
376,2034389,5363560,7397949,0,0,0,73728,18,5905206147
377,2052040,3863564,5915604,9,0,0,76800,17,5348795135
378,2054180,17830601,19884781,2,0,1,11776,13,3415062927
379,2055509,5548828,7604337,0,0,0,12800,18,554453738
380,2067550,17861503,19929053,7,0,1,5120,6,6599534251
381,2070670,1327156,3397826,6,0,0,7680,8,4996705626
382,2078090,1153989,3232079,8,0,0,1024,17,3637630484
383,2083590,17846449,19930039,4,0,1,1536,13,2221019338
384,2090050,3114157,5204207,9,0,0,39424,17,1780842377
385,2091170,3955425,6046595,4,0,0,31232,13,7439353084
386,2093730,4446146,6539876,1,0,0,77312,9,4847723139
387,2094920,1686552,3781472,7,0,0,8192,6,5186962755
388,2099281,4284943,6384224,2,0,0,70144,13,3501593957
389,2103080,1908684,4011764,7,0,0,6144,6,6802105023
390,2120270,4859306,6979576,3,0,0,23040,7,7409955709
391,2123431,4808136,6931567,2,0,0,25600,13,529014510
392,2126761,2595812,4722573,2,0,0,76288,13,4351370515
393,2134050,1943598,4077648,5,0,0,12288,7,2457200734
394,2134489,1805152,3939641,0,0,0,1024,18,10081183455
395,2139280,4071388,6210668,4,0,0,9216,13,8922657208
396,2140679,2137662,4278341,0,0,0,6144,18,10026961404
397,2146340,4192848,6339188,7,0,0,4608,6,6904940444
398,2151190,17779617,19930807,7,0,1,11776,6,401772351
399,2152580,2781283,4933863,6,0,0,53760,8,402829154
400,2157860,3021420,5179280,1,0,0,55296,9,8984460541
401,2158390,3564059,5722449,8,0,0,5632,17,1365215228
402,2160371,3031458,5191829,2,0,0,17408,13,3586078620
403,2165529,804794,2970323,0,0,0,11264,18,6792584930
404,2180550,17752203,19932753,7,0,1,3072,6,5194178351
405,2187039,2438415,4625454,5,0,0,19968,7,5468095639
406,2194991,3444179,5639170,2,0,0,16896,13,6599704306
407,2206220,17978939,20185159,0,0,1,37888,18,2308055481
408,2223999,3714762,5938761,5,0,0,21504,7,3457339628
409,2241680,17943502,20185182,2,0,1,1536,13,10480096709
410,2250870,3394579,5645449,7,0,0,20480,6,432277454
411,2252420,3317371,5569791,7,0,0,50176,6,7236069074
412,2252610,4760557,7013167,4,0,0,9728,13,4040022233
413,2253010,1134432,3387442,9,0,0,5632,17,10463228734
414,2254720,4788615,7043335,6,0,0,23040,8,8230779584
415,2254880,620257,2875137,1,0,0,9728,9,9107456285
416,2255020,1364745,3619765,7,0,0,4608,6,3927483232
417,2257399,2244311,4501710,0,0,0,3072,18,5161653973
418,2258270,2769781,5028051,4,0,0,15872,13,1612173823
419,2260669,3834846,6095515,0,0,0,48128,18,3932415529
420,2266450,2513887,4780337,4,0,0,1536,13,6575528461
421,2295420,2314761,4610181,9,0,0,3072,17,1504478423
422,2302870,1086303,3389173,9,0,0,5632,17,6737960312
423,2309360,991026,3300386,9,0,0,17408,17,8465287771
424,2309720,17875485,20185205,6,0,1,1024,8,1085934731
425,2320730,2765973,5086703,7,0,0,7680,6,5184897470
426,2328480,2136008,4464488,4,0,0,4608,13,772722763
427,2329400,1391649,3721049,4,0,0,27136,13,7978185753
428,2335350,883473,3218823,1,0,0,8704,9,5504711390
429,2337980,3632644,5970624,3,0,0,39424,7,4811601028
430,2338050,1816579,4154629,9,0,0,20992,17,8975846628
431,2360970,1725923,4086893,1,0,0,10240,9,2423609875
432,2362409,2878021,5240430,5,0,0,512,7,6281158526
433,2365839,4237282,6603121,5,0,0,17408,7,1882784918
434,2382289,18963171,21345460,0,0,1,608768,18,9197202863
435,2397500,3762489,6159989,6,0,0,64512,8,1459537381
436,2407600,3695114,6102714,6,0,0,23552,8,2800702710
437,2408480,382088,2790568,6,0,0,2048,8,6656831672
438,2408630,4426974,6835604,7,0,0,7168,6,5549120171
439,2410989,3277030,5688019,0,0,0,3072,18,569661415
440,2412080,1858563,4270643,4,0,0,3584,13,8503013303
441,2412121,4803923,7216044,2,0,0,35328,13,9451798623
442,2413190,6004926,8418116,8,0,0,4608,17,7643705498
443,2415940,5707913,8123853,6,0,0,26624,8,5672509284
444,2417830,18930144,21347974,1,0,1,12288,9,4467198407
445,2419010,2767492,5186502,1,0,0,22016,9,9285446522
446,2419820,2982661,5402481,1,0,0,31744,9,10005008508
447,2437510,2393135,4830645,4,0,0,20480,13,7423303225
448,2438771,2358080,4796851,2,0,0,25600,13,6982323219
449,2439460,3950247,6389707,9,0,0,17920,17,6157407648
450,2456190,1674822,4131012,4,0,0,25600,13,5970700673
451,2461830,4938482,7400312,6,0,0,7680,8,3339413478
452,2463060,2850351,5313411,3,0,0,9216,7,3850005680
453,2467120,18881200,21348320,5,0,1,512,7,4316287970
454,2477490,4973949,7451439,4,0,0,44544,13,8935964000
455,2479230,18871676,21350906,2,0,1,4096,13,5272529021
456,2480110,3290338,5770448,6,0,0,11776,8,4979565386
457,2486220,3280617,5766837,6,0,0,9728,8,1301298724
458,2487000,5301033,7788033,1,0,0,13312,9,8399782607
459,2500291,5330202,7830493,2,0,0,45056,13,6265494670
460,2503890,18850242,21354132,5,0,1,5120,7,9253048198
461,2508409,1934135,4442544,0,0,0,512,18,6413436597
462,2516650,4158315,6674965,6,0,0,95744,8,2440935809
463,2521510,6331218,8852728,3,0,0,13312,7,6565515415
464,2523880,18881061,21404941,5,0,1,16896,7,7251089390
465,2526110,18879497,21405607,0,0,1,11264,18,5615283226
466,2526580,335720,2862300,8,0,0,2560,17,1634875042
467,2529520,3072742,5602262,8,0,0,106496,17,2570627178
468,2530620,4182875,6713495,7,0,0,59392,6,4687453624
469,2530660,4061175,6591835,4,0,0,17920,13,9669507031
470,2532629,637263,3169892,0,0,0,8192,18,5075025310
471,2543990,4996375,7540365,4,0,0,79872,13,4287927378
472,2549600,18885497,21435097,7,0,1,17920,6,7249497142
473,2552040,3051204,5603244,3,0,0,1024,7,9595009518
474,2558190,5901903,8460093,1,0,0,13824,9,8307762557
475,2561560,6502904,9064464,3,0,0,31744,7,2258272237
476,2582809,1693645,4276454,0,0,0,18944,18,3093141025
477,2590910,1600294,4191204,9,0,0,4608,17,7769855653
478,2595580,3268732,5864312,4,0,0,23040,13,8869624323
479,2599280,4216692,6815972,8,0,0,13312,17,992958634
480,2601250,18918219,21519469,6,0,1,1536,8,2734664155
481,2601310,2199585,4800895,3,0,0,3584,7,7770252289
482,2602050,1043098,3645148,9,0,0,17408,17,9210359199
483,2607111,661834,3268945,2,0,0,2048,13,2961369193
484,2610190,4307603,6917793,6,0,0,19968,8,3850109854
485,2611020,18908472,21519492,3,0,1,512,7,4194674559
486,2612091,2780695,5392786,2,0,0,11264,13,4690236674
487,2624441,3060724,5685165,2,0,0,45568,13,2422475871
488,2624840,18906429,21531269,3,0,1,15872,7,6347722118
489,2625880,2173490,4799370,9,0,0,8192,17,6360265388
490,2629810,3106851,5736661,9,0,0,13312,17,6097132113
491,2634200,4541660,7175860,9,0,0,11264,17,3909596113
492,2636490,18894802,21531292,5,0,1,15360,7,8993217603
493,2641570,2172142,4813712,4,0,0,4096,13,1360692885
494,2642400,2435637,5078037,7,0,0,22528,6,1654414054
495,2655920,4141486,6797406,7,0,0,1536,6,4318120297
496,2657010,3034887,5691897,9,0,0,5120,17,3540859862
497,2660340,3884418,6544758,1,0,0,11776,9,9376548293
498,2664670,18866645,21531315,1,0,1,512,9,9432241894
499,2670500,2491909,5162409,1,0,0,32256,9,343302342
500,2671659,1035180,3706839,0,0,0,4608,18,8301343022
501,2682650,3110753,5793403,4,0,0,75264,13,5861071340
502,2689630,18841836,21531466,9,0,1,3072,17,401055434
503,2696830,4214856,6911686,5,0,0,7680,7,8736304679
504,2706240,1367649,4073889,6,0,0,512,8,7094969668
505,2707199,2803012,5510211,0,0,0,20992,18,4829216002
506,2714080,4302988,7017068,1,0,0,5632,9,6788268978
507,2714190,3533184,6247374,7,0,0,59392,6,1454706684
508,2725030,19003243,21728273,0,0,1,102912,18,9096147156
509,2733650,2476963,5210613,9,0,0,17408,17,8770739266
510,2734830,1623566,4358396,8,0,0,33280,17,8779440480
511,2737980,2282839,5020819,9,0,0,18944,17,10072026947
512,2749360,4423045,7172405,1,0,0,20480,9,8977922031
513,2751210,986681,3737891,8,0,0,25600,17,1773268199
514,2768370,18959926,21728296,9,0,1,2560,17,2084335275
515,2768450,19082274,21850724,0,0,1,89088,18,1906943806
516,2771309,3457946,6229255,5,0,0,60928,7,6712803048
517,2776560,3993579,6770139,7,0,0,91136,6,4083024981
518,2778230,19083534,21861764,2,0,1,5120,13,8971925855
519,2780810,3570725,6351535,8,0,0,40448,17,4360476529
520,2785980,2747988,5533968,8,0,0,5632,17,1331902306
521,2791490,3533433,6324923,9,0,0,50176,17,6017980688
522,2794880,4497018,7291898,3,0,0,75776,7,8370696054
523,2795139,3746008,6541147,0,0,0,4096,18,1933897887
524,2800420,19064510,21864930,2,0,1,14336,13,166182391
525,2803040,19061913,21864953,3,0,1,3584,7,3391344106
526,2804590,5786691,8591281,7,0,0,15872,6,10365506525
527,2813449,3596295,6409744,5,0,0,34816,7,965261835
528,2825399,3537430,6362829,0,0,0,20992,18,6831847281
529,2831630,19034622,21866252,9,0,1,8192,17,2427124243
530,2834169,6029525,8863694,5,0,0,22528,7,10038461022
531,2846080,1441027,4287107,1,0,0,5120,9,545604171
532,2853730,2942660,5796390,9,0,0,9728,17,1852812247
533,2862700,4125635,6988335,1,0,0,28672,9,1144333418
534,2868169,3996204,6864373,5,0,0,14848,7,8109143456
535,2869769,1910085,4779854,0,0,0,1024,18,9026600153
536,2884790,2371124,5255914,1,0,0,17920,9,4086530641
537,2888250,5879694,8767944,7,0,0,22528,6,8919311083
538,2897530,3207391,6104921,1,0,0,7168,9,7576598221
539,2899560,19027070,21926630,0,0,1,43520,18,5485371510
540,2906300,4719619,7625919,8,0,0,35328,17,10656767695
541,2911970,880542,3792512,9,0,0,4096,17,6824438335
542,2912260,19014393,21926653,1,0,1,9728,9,542585573
543,2914840,19020970,21935810,6,0,1,512,8,6742537376
544,2917780,4171996,7089776,6,0,0,82944,8,2735149461
545,2917880,777243,3695123,4,0,0,11264,13,6492566239
546,2927789,5280533,8208322,5,0,0,22528,7,8450141351
547,2933129,6509759,9442888,0,0,0,50688,18,9493861055
548,2937420,2126803,5064223,9,0,0,5120,17,215298923
549,2941180,18995056,21936236,1,0,1,2048,9,1640722433
550,2943999,2727259,5671258,5,0,0,72704,7,8015093982
551,2951881,4459686,7411567,2,0,0,36864,13,3663191772
552,2954580,18982962,21937542,5,0,1,2048,7,7179392950
553,2958650,5220224,8178874,9,0,0,31744,17,3372391809
554,2960210,2407009,5367219,9,0,0,19456,17,10215442887
555,2962890,3199618,6162508,4,0,0,8192,13,6524897804
556,2965159,2461142,5426301,5,0,0,18944,7,3881865703
557,2972810,19030218,22003028,3,0,1,11264,7,1237465996
558,2975230,3593923,6569153,9,0,0,39424,17,5512859930
559,2976379,5046360,8022739,5,0,0,61440,7,9847763091
560,2980020,1823928,4803948,4,0,0,8192,13,9692813622
561,2983990,2778263,5762253,8,0,0,18432,17,7496111931
562,2986330,19017159,22003489,6,0,1,10240,8,8745654418
563,2987230,5339168,8326398,0,0,0,39936,18,4702417514
564,2991140,19186402,22177542,0,0,1,25088,18,3834564199
565,2992051,4658897,7650948,2,0,0,19456,13,643487699
566,2996460,19259240,22255700,2,0,1,8704,13,9027225378
567,3004050,3158793,6162843,7,0,0,1024,6,2350335361
568,3006930,2220901,5227831,1,0,0,18944,9,6688886444
569,3024310,19253588,22277898,5,0,1,3072,7,646428949
570,3025590,19252331,22277921,9,0,1,1536,17,1462030538
571,3027121,6272846,9299967,2,0,0,60416,13,3256237024
572,3027859,2251063,5278922,5,0,0,26112,7,5802316717
573,3027981,4781078,7809059,2,0,0,16384,13,6961350862
574,3040441,5592610,8633051,2,0,0,25088,13,264112254
575,3047979,2039371,5087350,5,0,0,2048,7,3355000503
576,3052660,3518856,6571516,0,0,0,7680,18,1724975664
577,3057420,19220540,22277960,2,0,1,4608,13,1507942343
578,3061110,2854829,5915939,4,0,0,1024,13,4075432558
579,3061810,19216173,22277983,4,0,1,1024,13,6050443276
580,3066120,19211886,22278006,7,0,1,1024,6,9734421439
581,3071241,3645280,6716521,2,0,0,2048,13,6158599054
582,3077501,1812816,4890317,2,0,0,1536,13,8687955438
583,3080430,4269663,7350093,9,0,0,31232,17,5519744359
584,3087410,4344928,7432338,3,0,0,68096,7,5179534787
585,3089200,19394920,22484120,0,0,1,130048,18,796278547
586,3090530,4363272,7453802,4,0,0,7680,13,59883354
587,3092660,3317583,6410243,9,0,0,1536,17,6350104273
588,3103560,19468883,22572443,2,0,1,5632,13,3055754492
589,3113060,6671345,9784405,1,0,0,19968,9,2732719088
590,3119070,2073102,5192172,8,0,0,1024,17,557413037
591,3124700,6893419,10018119,1,0,0,1024,9,9627518685
592,3132359,2415605,5547964,5,0,0,13824,7,621180550
593,3133180,3790564,6923744,8,0,0,19456,17,3974140023
594,3135960,4839099,7975059,4,0,0,61952,13,7228209808
595,3145220,5861043,9006263,4,0,0,26624,13,537297294
596,3157050,2445859,5602909,8,0,0,2048,17,7507628882
597,3167770,19405655,22573425,6,0,1,5120,8,2670048952
598,3167990,3957899,7125889,0,0,0,96256,18,7917459701
599,3168340,4144888,7313228,3,0,0,22528,7,4248474989
600,3180439,5853505,9033944,5,0,0,16384,7,7434575995
601,3186440,19387008,22573448,4,0,1,11264,13,8068465683
602,3192760,4568141,7760901,1,0,0,25088,9,9008204260
603,3203380,3705943,6909323,0,0,0,31232,18,3128453188
604,3204500,3350766,6555266,6,0,0,10752,8,8701894280
605,3213730,3048229,6261959,9,0,0,8192,17,4306265954
606,3214140,1965631,5179771,6,0,0,1536,8,8982094456
607,3215540,20081257,23296797,0,0,1,246784,18,9235614983
608,3217510,5137334,8354844,7,0,0,47616,6,6671624017
609,3219519,1391309,4610828,5,0,0,2048,7,9481379828
610,3224660,3461435,6686095,7,0,0,13824,6,6783400174
611,3225040,20071780,23296820,7,0,1,4608,6,1146206198
612,3232959,2170809,5403768,5,0,0,4096,7,2939212974
613,3233580,3706606,6940186,7,0,0,28160,6,71949051
614,3238260,5585071,8823331,7,0,0,72704,6,8117633183
615,3242350,4239116,7481466,8,0,0,49664,17,613093227
616,3244420,4610033,7854453,0,0,0,25600,18,2361320688
617,3245730,20139270,23385000,1,0,1,14848,9,10689427623
618,3256230,2685853,5942083,6,0,0,6656,8,1195667704
619,3261490,2231091,5492581,3,0,0,2048,7,6929658407
620,3264600,2039668,5304268,0,0,0,4096,18,10249107259
621,3269410,20115613,23385023,2,0,1,11264,13,2441688534
622,3270930,2621251,5892181,1,0,0,22528,9,2425334831
623,3287209,20587191,23874400,0,0,1,233984,18,1182872411
624,3307840,2956326,6264166,3,0,0,7168,7,2789796775
625,3309390,3845786,7155176,6,0,0,40448,8,7842663807
626,3312660,3115643,6428303,9,0,0,16384,17,5439096314
627,3327840,6524211,9852051,1,0,0,22528,9,907070857
628,3330330,4730885,8061215,6,0,0,53248,8,5273051497
629,3331960,4248931,7580891,6,0,0,28160,8,5307320658
630,3335890,6840460,10176350,0,0,0,24064,18,5387645589
631,3345340,3872466,7217806,6,0,0,1536,8,3836813739
632,3349790,3814457,7164247,4,0,0,29696,13,2025778059
633,3353090,4262042,7615132,3,0,0,35328,7,7782847136
634,3359300,5009607,8368907,8,0,0,46080,17,7323039821
635,3364310,6291124,9655434,3,0,0,29184,7,3431311725
636,3365860,20510486,23876346,9,0,1,3072,17,5169501576
637,3369540,4621199,7990739,7,0,0,44544,6,9040306130
638,3371390,3077731,6449121,3,0,0,17408,7,4637773399
639,3377120,6651185,10028305,0,0,0,21504,18,2092832149
640,3377760,4344569,7722329,4,0,0,47616,13,901878623
641,3378150,6099663,9477813,6,0,0,62976,8,7463821387
642,3410110,20470448,23880558,5,0,1,6656,7,6039287514
643,3414250,3280939,6695189,7,0,0,16384,6,6140599102
644,3414769,20466660,23881429,0,0,1,12288,18,2362351443
645,3417490,3879083,7296573,9,0,0,8192,17,747379831
646,3419200,20463855,23883055,4,0,1,2560,13,6280742843
647,3423840,2607144,6030984,9,0,0,5632,17,9237895068
648,3425730,3712552,7138282,1,0,0,19456,9,6704519696
649,3425889,4063556,7489445,5,0,0,26112,7,7826856301
650,3437020,5450097,8887117,7,0,0,76800,6,9846776115
651,3442920,20446322,23889242,6,0,1,6656,8,8722376443
652,3447490,20441775,23889265,6,0,1,512,8,4187335455
653,3448350,6602831,10051181,3,0,0,22528,7,743616182
654,3451440,3406803,6858243,4,0,0,37376,13,5793698884
655,3466349,2864681,6331030,5,0,0,19968,7,4585823996
656,3469991,3857198,7327189,2,0,0,15360,13,9715290804
657,3473850,5164960,8638810,0,0,0,14336,18,3087355321
658,3479940,3349415,6829355,7,0,0,10752,6,770198626
659,3488590,6519320,10007910,8,0,0,48640,17,8093189439
660,3489750,3846351,7336101,0,0,0,1536,18,2040062958
661,3494939,1050784,4545723,0,0,0,11264,18,7000715295
662,3508039,1126982,4635021,5,0,0,23552,7,3535529806
663,3516640,3681395,7198035,6,0,0,72704,8,5799561259
664,3518550,20370738,23889288,3,0,1,2048,7,7676567130
665,3529170,4586224,8115394,1,0,0,39936,9,9191075680
666,3530210,3929387,7459597,0,0,0,18944,18,5612208099
667,3532820,7239825,10772645,6,0,0,35840,8,7738770913
668,3536230,4777977,8314207,8,0,0,46592,17,888890878
669,3539370,3687203,7226573,8,0,0,28672,17,6224553662
670,3551200,20341239,23892439,7,0,1,5632,6,1343807676
671,3557240,6606715,10163955,6,0,0,60928,8,10642990709
672,3560480,4190957,7751437,8,0,0,22528,17,7415836523
673,3561680,3707107,7268787,3,0,0,39424,7,146123232
674,3565220,20328499,23893719,9,0,1,14336,17,6729273796
675,3571910,6652121,10224031,6,0,0,38400,8,9855922934
676,3572710,4293333,7866043,9,0,0,34304,17,3860597328
677,3579870,4686514,8266384,3,0,0,15360,7,9956823972
678,3591780,2219921,5811701,6,0,0,22016,8,10294286792
679,3596360,1841954,5438314,8,0,0,19456,17,3735627599
680,3604590,20383776,23988366,9,0,1,1536,17,8585268616
681,3604710,2653763,6258473,0,0,0,36352,18,8844285490
682,3613900,1224685,4838585,1,0,0,8192,9,5649014504
683,3630620,20357769,23988389,3,0,1,512,7,3790320425
684,3631540,20465217,24096757,1,0,1,14336,9,9612048486
685,3663060,20459277,24122337,1,0,1,2048,9,8582422751
686,3672510,6911279,10583789,4,0,0,48128,13,6674832486
687,3673350,20548611,24221961,6,0,1,26624,8,5894914016
688,3678510,6343220,10021730,7,0,0,11776,6,43620734
689,3685660,2420844,6106504,0,0,0,5120,18,2370731681
690,3686250,3110657,6796907,7,0,0,34816,6,2292462132
691,3687579,20609852,24297431,0,0,1,15872,18,3964712546
692,3702071,2635690,6337761,2,0,0,22016,13,10591896387
693,3702630,20594824,24297454,5,0,1,1536,7,4053133526
694,3703220,4142139,7845359,3,0,0,35840,7,4568000640
695,3707280,20590197,24297477,9,0,1,5120,17,3106856425
696,3709150,3243417,6952567,9,0,0,33792,17,1146782756
697,3714750,20582750,24297500,1,0,1,512,9,3742998203
698,3719120,3067156,6786276,3,0,0,41984,7,4623588106
699,3727540,6826840,10554380,7,0,0,29696,6,9425800334
700,3729380,3487935,7217315,0,0,0,4096,18,8263166735
701,3758340,4735410,8493750,6,0,0,22016,8,7478180085
702,3758780,2714785,6473565,3,0,0,11264,7,6306020335
703,3761619,20572774,24334393,0,0,1,13824,18,10597195685
704,3762290,4628549,8390839,6,0,0,34304,8,10333646715
705,3770530,4332673,8103203,6,0,0,9216,8,5906243928
706,3773590,2639710,6413300,3,0,0,9728,7,3182363305
707,3781890,1030559,4812449,3,0,0,3072,7,7691633644
708,3799250,20670313,24469563,3,0,1,49664,7,3952159585
709,3803739,20666718,24470457,0,0,1,6656,18,2471450094
710,3803910,7602985,11406895,1,0,0,14848,9,8713927025
711,3815719,20659716,24475435,0,0,1,3584,18,850218533
712,3824330,20653371,24477701,9,0,1,3584,17,4377743340
713,3828400,3772014,7600414,4,0,0,64000,13,9481065995
714,3837101,4239768,8076869,2,0,0,49152,13,2675659934
715,3838190,3727961,7566151,3,0,0,10752,7,7279640072
716,3840630,20639977,24480607,5,0,1,4608,7,8451179342
717,3844960,20676391,24521351,4,0,1,30720,13,133006073
718,3847060,7333479,11180539,9,0,0,13824,17,125269401
719,3847850,4802509,8650359,3,0,0,12800,7,10440107249
720,3855360,20848456,24703816,5,0,1,45568,7,2207849656
721,3861620,7199093,11060713,3,0,0,50176,7,4222496644
722,3869020,20900665,24769685,5,0,1,2048,7,4329240946
723,3870180,2249167,6119347,3,0,0,8192,7,6571596126
724,3872220,3330050,7202270,7,0,0,13824,6,10125580779
725,3876260,5178509,9054769,1,0,0,26112,9,7850692305
726,3879610,7065061,10944671,7,0,0,59904,6,7588737504
727,3880310,20924262,24804572,1,0,1,512,9,9563295600
728,3883181,6662128,10545309,2,0,0,49152,13,3992169415
729,3887810,20920708,24808518,3,0,1,1536,7,4749245155
730,3896820,3973770,7870590,3,0,0,14848,7,131856914
731,3905220,4139748,8044968,9,0,0,50176,17,2662144881
732,3911200,20905049,24816249,2,0,1,22528,13,3559480710
733,3911230,4344711,8255941,7,0,0,8192,6,6904159998
734,3915231,2682555,6597786,2,0,0,19456,13,6844215099
735,3917690,5480623,9398313,3,0,0,125440,7,2619261070
736,3924450,5056027,8980477,8,0,0,144384,17,2400171916
737,3929379,5627412,9556791,5,0,0,13824,7,1283315150
738,3933759,5236602,9170361,5,0,0,38400,7,3117869744
739,3940740,3031793,6972533,3,0,0,30208,7,6764285957
740,3943740,20930746,24874486,4,0,1,20480,13,1711891086
741,3944730,3182742,7127472,6,0,0,5120,8,6261992555
742,3945020,2828441,6773461,7,0,0,512,6,1099203379
743,3946179,4695514,8641693,5,0,0,7680,7,2571970512
744,3950069,1349630,5299699,5,0,0,5632,7,3019078199
745,3966020,20909452,24875472,3,0,1,1536,7,10442490998
746,3969980,3945015,7914995,6,0,0,7680,8,7885272573
747,3970140,20905998,24876138,2,0,1,1024,13,6191287924
748,3973331,3387026,7360357,2,0,0,13312,13,573740732
749,3974930,2611422,6586352,1,0,0,27136,9,6074167082
750,3985180,2498045,6483225,4,0,0,7680,13,8774361365
751,3992230,3782231,7774461,8,0,0,34304,17,3050732280
752,3994130,3051100,7045230,4,0,0,6144,13,3229823323
753,3997229,2504514,6501743,5,0,0,20480,7,8249978322
754,4025060,3608526,7633586,0,0,0,25088,18,6666210702
755,4032100,4109716,8141816,4,0,0,58880,13,8619894936
756,4039490,7737569,11777059,1,0,0,47104,9,4683561095
757,4039531,3191589,7231120,2,0,0,14848,13,2611943747
758,4047350,20840787,24888137,7,0,1,5632,6,8930024985
759,4083969,2545211,6629180,5,0,0,21504,7,7383918384
760,4084570,5322346,9406916,7,0,0,28160,6,5088200647
761,4086870,7594627,11681497,8,0,0,137216,17,4619438728
762,4088840,4415252,8504092,3,0,0,4096,7,8752076636
763,4089130,20804343,24893473,2,0,1,8192,13,7017904219
764,4092180,20808626,24900806,3,0,1,4608,7,5107635453
765,4093899,4693194,8787093,5,0,0,25088,7,734133119
766,4097230,4751419,8848649,3,0,0,66560,7,8373762082
767,4097720,2333570,6431290,1,0,0,9728,9,7701558049
768,4115720,3840440,7956160,1,0,0,7680,9,2545380271
769,4117660,4280846,8398506,6,0,0,25088,8,9844922313
770,4120130,2622218,6742348,9,0,0,31744,17,1695420235
771,4129540,4805252,8934792,3,0,0,23552,7,8605254525
772,4131370,20770618,24901988,2,0,1,19456,13,3438644874
773,4145899,2498436,6644335,0,0,0,49664,18,6833011016
774,4163230,20740064,24903294,9,0,1,2048,17,2039976292
775,4168520,20735760,24904280,2,0,1,1536,13,9863716471
776,4176410,2596872,6773282,8,0,0,10240,17,2264435835
777,4181280,3285031,7466311,8,0,0,15872,17,10112086524
778,4187870,6524160,10712030,8,0,0,28160,17,9165458580
779,4188000,3594409,7782409,1,0,0,4608,9,8332462169
780,4199060,20706846,24905906,6,0,1,2560,8,6594938644
781,4200150,4180214,8380364,6,0,0,6656,8,125712011
782,4211600,3818057,8029657,7,0,0,8704,6,10655976210
783,4221740,20747628,24969368,6,0,1,11264,8,9194487850
784,4233020,20737936,24970956,3,0,1,15872,7,7828969004
785,4238570,2717764,6956334,3,0,0,12288,7,777417509
786,4249000,3313852,7562852,6,0,0,31744,8,8134449181
787,4250640,5538008,9788648,8,0,0,13824,17,10682999461
788,4252610,4420392,8673002,0,0,0,74240,18,8623107909
789,4270180,7465127,11735307,0,0,0,72192,18,9486003552
790,4271760,6833387,11105147,6,0,0,4608,8,9356767993
791,4278710,3867653,8146363,7,0,0,14848,6,10338321583
792,4279190,4020001,8299191,3,0,0,36352,7,49518676
793,4280799,1583848,5864647,5,0,0,1024,7,1748388297
794,4284690,20702864,24987554,5,0,1,1536,7,6874515383
795,4295249,20722317,25017566,0,0,1,6656,18,9817258275
796,4299451,4180034,8479485,2,0,0,22016,13,435571296
797,4308361,4299853,8608214,2,0,0,22016,13,388670289
798,4314650,4263793,8578443,9,0,0,23040,17,10079336801
799,4325711,20691878,25017589,8,0,1,1024,17,4035960250
800,4326299,6512017,10838316,5,0,0,16384,7,1000331450
801,4326321,5393484,9719805,2,0,0,48640,13,1360025021
802,4333230,20692985,25026215,5,0,1,35328,7,10339525584
803,4336510,7560204,11896714,0,0,0,11264,18,3852173280
804,4339790,2205303,6545093,3,0,0,1024,7,8547577286
805,4339860,3305137,7644997,7,0,0,37376,6,6092288030
806,4341299,20684939,25026238,0,0,1,7680,18,165495823
807,4344720,4256755,8601475,3,0,0,18432,7,7107219806
808,4363240,5295805,9659045,8,0,0,11776,17,6279912366
809,4363500,3716067,8079567,6,0,0,7680,8,8839495209
810,4366460,4011853,8378313,9,0,0,21504,17,6041006317
811,4376300,4621828,8998128,3,0,0,57856,7,4233171247
812,4399670,20666679,25066349,3,0,1,15872,7,1696250878
813,4399850,4186572,8586422,3,0,0,26112,7,2237791111
814,4406481,5637813,10044294,2,0,0,28160,13,4550895503
815,4407620,4420726,8828346,3,0,0,16384,7,10115888239
816,4413670,20683388,25097058,4,0,1,19456,13,3948099303
817,4418270,1467024,5885294,0,0,0,40960,18,6753753127
818,4418280,4256617,8674897,7,0,0,6144,6,6725360056
819,4427060,6877002,11304062,3,0,0,24576,7,7665781226
820,4433950,4466629,8900579,8,0,0,26624,17,8723889090
821,4441410,3829085,8270495,6,0,0,8704,8,4728363458
822,4448880,3922858,8371738,6,0,0,9216,8,3830142760
823,4449079,1657768,6106847,5,0,0,1024,7,10138722847
824,4449680,1809752,6259432,9,0,0,3072,17,7157692161
825,4451490,20944740,25396230,3,0,1,53248,7,8753164756
826,4466280,3944637,8410917,9,0,0,8704,17,3877987720
827,4470580,3606624,8077204,9,0,0,1024,17,10184283453
828,4471120,3686539,8157659,1,0,0,22528,9,7861015526
829,4480170,7119965,11600135,7,0,0,26624,6,67699395
830,4496780,21041765,25538545,7,0,1,17408,6,2551295410
831,4505339,3682656,8187995,5,0,0,17408,7,5247069814
832,4520551,1762500,6283051,2,0,0,7680,13,1292653456
833,4532140,4185144,8717284,6,0,0,3584,8,5038598582
834,4532790,1154270,5687060,3,0,0,6144,7,8755847499
835,4532890,4613218,9146108,6,0,0,33280,8,2490825844
836,4546900,3603872,8150772,8,0,0,6656,17,764573770
837,4548050,21007828,25555878,9,0,1,5120,17,4845210033
838,4558250,4594167,9152417,6,0,0,8704,8,2810419322
839,4578769,4878088,9456857,0,0,0,4608,18,4975128071
840,4579830,5585864,10165694,8,0,0,5632,17,8346337670
841,4581969,3356030,7937999,5,0,0,32768,7,1109128983
842,4602420,3737885,8340305,1,0,0,45568,9,986046664
843,4606621,4299917,8906538,2,0,0,19456,13,5427503216
844,4616700,21024523,25641223,9,0,1,4096,17,7868384418
845,4619680,2070494,6690174,0,0,0,13312,18,9885288758
846,4629580,6036068,10665648,7,0,0,120832,6,2597739899
847,4630579,4820304,9450883,5,0,0,26112,7,1155890050
848,4633140,7430544,12063684,7,0,0,2560,6,8672920287
849,4633540,1447288,6080828,0,0,0,12288,18,5641165634
850,4633850,21034993,25668843,9,0,1,11264,17,4295051569
851,4636220,7613809,12250029,3,0,0,108032,7,203220706
852,4643559,21039479,25683038,0,0,1,15360,18,4021416204
853,4655800,3246073,7901873,9,0,0,23552,17,3625751587
854,4672380,21061188,25733568,1,0,1,7680,9,7035891607
855,4679990,4227663,8907653,8,0,0,3584,17,4500663776
856,4691090,3304615,7995705,7,0,0,10752,6,9157391474
857,4694560,1920255,6614815,3,0,0,10240,7,2261670114
858,4701400,21032191,25733591,0,0,1,2560,18,7278470603
859,4705200,4613972,9319172,3,0,0,9216,7,8035926963
860,4713620,21023449,25737069,3,0,1,1024,7,2669976393
861,4741340,21122061,25863401,9,0,1,14336,17,5572871345
862,4743001,6052518,10795519,2,0,0,6656,13,5647224776
863,4744921,2054536,6799457,2,0,0,6656,13,10038022719
864,4751110,1648003,6399113,3,0,0,2048,7,9089034580
865,4755820,4100987,8856807,3,0,0,13312,7,7338913296
866,4756600,3811683,8568283,0,0,0,49152,18,5049250732
867,4760509,2918666,7679175,5,0,0,11776,7,9199823556
868,4773940,3970074,8744014,3,0,0,1536,7,996279556
869,4774390,5531023,10305413,6,0,0,33280,8,1930088924
870,4780740,3722081,8502821,3,0,0,29696,7,3157479955
871,4784461,3071107,7855568,2,0,0,3584,13,5189230806
872,4784690,21081297,25865987,9,0,1,4096,17,5798848561
873,4788470,21079463,25867933,3,0,1,3072,7,8714718849
874,4791590,7607785,12399375,1,0,0,12288,9,457187042
875,4798930,3613360,8412290,0,0,0,3584,18,2754783572
876,4803510,5380819,10184329,9,0,0,26112,17,305533117
877,4808970,4100578,8909548,8,0,0,6144,17,8346194587
878,4810440,1129592,5940032,7,0,0,4096,6,9178115659
879,4814010,2183869,6997879,9,0,0,1024,17,9845995110
880,4814090,21146967,25961057,2,0,1,17920,13,7148510811
881,4832130,7061129,11893259,1,0,0,72704,9,7179608063
882,4835490,21125590,25961080,5,0,1,2560,7,302929884
883,4838781,3773379,8612160,2,0,0,3072,13,3601126421
884,4842530,5780617,10623147,6,0,0,15872,8,5176777664
885,4850360,4899265,9749625,6,0,0,34304,8,8094641849
886,4871180,21089923,25961103,9,0,1,8704,17,6521189918
887,4884550,21111441,25995991,5,0,1,8192,7,7661462831
888,4885470,21114387,25999857,9,0,1,6144,17,2010951230
889,4886220,1973606,6859826,7,0,0,5120,6,4959704783
890,4886230,4612579,9498809,0,0,0,26112,18,7969600106
891,4886790,2245541,7132331,8,0,0,15872,17,7578151886
892,4890440,3792904,8683344,8,0,0,27648,17,4101650483
893,4892080,4924037,9816117,3,0,0,60928,7,9493430134
894,4901220,7092651,11993871,3,0,0,104448,7,6177000592
895,4909750,4581080,9490830,0,0,0,32768,18,3886545820
896,4914800,1483666,6398466,1,0,0,28672,9,7634212449
897,4923590,21078213,26001803,6,0,1,3072,8,431418563
898,4925060,4254372,9179432,6,0,0,29696,8,4860957422
899,4928630,4764651,9693281,6,0,0,74752,8,7835300486
900,4931281,3771282,8702563,2,0,0,9728,13,2048736452
901,4950400,21131881,26082281,1,0,1,7680,9,3293067004
902,4950610,2192219,7142829,1,0,0,14848,9,9642123596
903,4953000,2108487,7061487,8,0,0,1536,17,10275900699
904,4967490,4118057,9085547,7,0,0,69120,6,3421664091
905,4976041,5017026,9993067,2,0,0,69632,13,2653066387
906,4980820,21101484,26082304,0,0,1,3584,18,2796514528
907,4984530,21097797,26082327,4,0,1,2560,13,3611598666
908,4985680,4234453,9220133,1,0,0,69632,9,9229801299
909,4997650,2207607,7205257,8,0,0,9728,17,4870913575
910,5006069,2431775,7437844,5,0,0,17408,7,2076669609
911,5007090,21089510,26096600,2,0,1,5632,13,5323344778
912,5011060,2281017,7292077,0,0,0,512,18,10026818858
913,5012240,4528428,9540668,9,0,0,28160,17,8676520580
914,5015180,5991212,11006392,9,0,0,52224,17,6559911796
915,5017320,21080060,26097380,1,0,1,7168,9,6043289174
916,5029960,7127725,12157685,9,0,0,32768,17,5570043715
917,5030930,4911445,9942375,6,0,0,20480,8,2506840179
918,5032340,5941572,10973912,1,0,0,10240,9,6231538864
919,5042410,5275872,10318282,4,0,0,9216,13,7785163004
920,5051650,4174278,9225928,8,0,0,18944,17,373448989
921,5051700,4815596,9867296,1,0,0,29184,9,5112181919
922,5055650,4464132,9519782,8,0,0,6656,17,5434019180
923,5058180,21039866,26098046,5,0,1,1024,7,1166007379
924,5062040,21036352,26098392,5,0,1,512,7,10684204042
925,5066920,21033418,26100338,7,0,1,3072,6,9482333641
926,5067070,3676453,8743523,3,0,0,32256,7,10081705281
927,5068211,2364306,7432517,2,0,0,512,13,1728717866
928,5074010,5668980,10742990,8,0,0,13824,17,6591748006
929,5076410,5397403,10473813,8,0,0,34304,17,7888314132
930,5076440,21027444,26103884,2,0,1,5632,13,1085896437
931,5080060,2754356,7834416,9,0,0,12800,17,8363635008
932,5096580,21061063,26157643,1,0,1,3584,9,8452259307
933,5098180,4317362,9415542,8,0,0,18944,17,2456983003
934,5108420,1307243,6415663,9,0,0,7680,17,5417219911
935,5109440,3486388,8595828,8,0,0,14848,17,4337539941
936,5114530,5172273,10286803,3,0,0,35328,7,4704781616
937,5119610,5761238,10880848,6,0,0,52736,8,9328058745
938,5121960,1573408,6695368,1,0,0,512,9,4788848224
939,5127840,21030038,26157878,4,0,1,1024,13,77892681
940,5128560,3900369,9028929,0,0,0,59392,18,3277992931
941,5138030,21020194,26158224,7,0,1,512,6,10629973675
942,5138790,4377670,9516460,8,0,0,57856,17,2144622085
943,5159530,6242818,11402348,7,0,0,19456,6,2357591712
944,5164620,1551254,6715874,8,0,0,7680,17,5185636160
945,5166610,4529346,9695956,9,0,0,8704,17,5110103792
946,5169510,5929045,11098555,1,0,0,20992,9,10323595935
947,5172429,4755749,9928178,5,0,0,26624,7,2337946772
948,5175060,5910685,11085745,9,0,0,16384,17,6119253108
949,5181900,2579336,7761236,4,0,0,1024,13,6054071069
950,5187360,3859430,9046790,1,0,0,34304,9,10450733379
951,5192230,5300224,10492454,0,0,0,29184,18,1298265578
952,5196090,4416523,9612613,0,0,0,28672,18,4289159879
953,5198759,5096491,10295250,5,0,0,27648,7,7776466543
954,5200510,20968664,26169174,5,0,1,23552,7,8108160379
955,5203770,21084306,26288076,3,0,1,10240,7,8512275084
956,5207490,5934089,11141579,1,0,0,9728,9,6320106383
957,5214270,3005443,8219713,7,0,0,14848,6,7759004389
958,5221150,5917442,11138592,9,0,0,59392,17,992181322
959,5222480,3538561,8761041,1,0,0,55808,9,9153843448
960,5241490,3382779,8624269,9,0,0,26112,17,4504404897
961,5243540,21047762,26291302,5,0,1,5120,7,7039129523
962,5244770,7333196,12577966,7,0,0,11776,6,3917778912
963,5245620,21171992,26417612,3,0,1,7680,7,7160954161
964,5262260,1383510,6645770,7,0,0,4608,6,10052510254
965,5268610,3532546,8801156,7,0,0,46080,6,9557025002
966,5274080,1407780,6681860,1,0,0,22528,9,10039315265
967,5287190,4581533,9868723,0,0,0,4608,18,79820895
968,5288360,4489938,9778298,7,0,0,6144,6,9351449861
969,5295550,6001001,11296551,6,0,0,58368,8,1903352920
970,5305870,2698126,8003996,9,0,0,27136,17,1602613447
971,5307901,6062063,11369964,2,0,0,55296,13,1847400519
972,5310130,21107505,26417635,7,0,1,9216,6,1930566670
973,5311770,2500313,7812083,6,0,0,6144,8,4160529334
974,5314600,21119775,26434375,1,0,1,4096,9,7530126970
975,5325200,21109198,26434398,2,0,1,2048,13,291208331
976,5327240,4100181,9427421,0,0,0,38912,18,6411074837
977,5331080,6287459,11618539,6,0,0,1024,8,7617294243
978,5332791,3763277,9096068,2,0,0,10752,13,3411488525
979,5333950,2211898,7545848,7,0,0,17920,6,1419550277
980,5335450,6721792,12057242,1,0,0,55808,9,897387639
981,5340300,21098200,26438500,9,0,1,4096,17,10295116535
982,5347590,1891869,7239459,6,0,0,8704,8,10349917732
983,5349340,3276044,8625384,0,0,0,3584,18,1888255758
984,5380860,5878003,11258863,1,0,0,109568,9,9078403434
985,5384940,21053591,26438531,3,0,1,8192,7,2727302244
986,5388850,21127402,26516252,1,0,1,4096,9,9481802668
987,5392499,4518946,9911445,5,0,0,3584,7,9389613771
988,5393670,21122928,26516598,5,0,1,512,7,3455373110
989,5394780,6052705,11447485,9,0,0,36864,17,6192444516
990,5420780,4934911,10355691,8,0,0,40960,17,94226699
991,5423090,3695365,9118455,9,0,0,4096,17,8886671330
992,5425760,4609923,10035683,8,0,0,24064,17,7805090800
993,5426380,21102695,26529075,3,0,1,5120,7,788188471
994,5427900,4102825,9530725,1,0,0,35840,9,9715254089
995,5427920,3256383,8684303,8,0,0,3072,17,8690918176
996,5429330,5435427,10864757,8,0,0,19968,17,10662531509
997,5429770,4408403,9838173,7,0,0,47616,6,455729940
998,5439820,6895782,12335602,8,0,0,12800,17,5275443099
999,5440810,4520543,9961353,3,0,0,59392,7,9794781150
1000,5451860,5268729,10720589,9,0,0,6144,17,9919927789
1001,5455570,21079816,26535386,5,0,1,22016,7,3436236933
1002,5456370,21152306,26608676,0,0,1,5120,18,7089823226
1003,5461510,4056221,9517731,1,0,0,4096,9,8744451610
1004,5463560,7342525,12806085,1,0,0,17920,9,3719761888
1005,5472890,2769292,8242182,7,0,0,3072,6,8370351927
1006,5475180,5035499,10510679,8,0,0,7680,17,425579583
1007,5503519,4139701,9643220,5,0,0,100352,7,6303198490
1008,5507470,4993712,10501182,0,0,0,19968,18,5579177369
1009,5507801,5121008,10628809,2,0,0,18432,13,4544570969
1010,5512390,21096542,26608932,3,0,1,9216,7,2880312202
1011,5512650,4561899,10074549,0,0,0,512,18,9363242880
1012,5513040,7028025,12541065,6,0,0,19456,8,878866801
1013,5514120,4718686,10232806,8,0,0,9216,17,1590708299
1014,5523281,3957542,9480823,2,0,0,4608,13,8048613012
1015,5525600,3366844,8892444,0,0,0,17408,18,3601673231
1016,5525660,5208569,10734229,7,0,0,14336,6,8963858557
1017,5525730,6023089,11548819,1,0,0,4608,9,9587557842
1018,5529010,4117509,9646519,6,0,0,10752,8,2738603606
1019,5540570,3760847,9301417,6,0,0,1536,8,8930192146
1020,5541430,4194703,9736133,8,0,0,8704,17,4843237393
1021,5544330,6976542,12520872,6,0,0,108032,8,6558269160
1022,5547089,6280970,11828059,5,0,0,12288,7,355388521
1023,5554840,21054438,26609278,7,0,1,512,6,10582175727
1024,5555440,5303210,10858650,7,0,0,46080,6,5146869752
1025,5560970,4041457,9602427,9,0,0,32256,17,9294181990
1026,5561840,21098653,26660493,2,0,1,18944,13,10197264488
1027,5563500,2283130,7846630,1,0,0,4096,9,3150088002
1028,5572830,2914189,8487019,6,0,0,11264,8,546243781
1029,5581930,21129894,26711824,6,0,1,1536,8,4639210483
1030,5586820,5983752,11570572,1,0,0,21504,9,2759756944
1031,5592090,21120400,26712490,4,0,1,1024,13,8198170411
1032,5593071,21167809,26760880,8,0,1,20480,17,2194589101
1033,5593140,21196796,26789936,9,0,1,13824,17,8684345383
1034,5597810,5560640,11158450,4,0,0,55296,13,3750307009
1035,5602200,21255904,26858104,2,0,1,8704,13,1321500821
1036,5606520,7087441,12693961,6,0,0,53248,8,2089090597
1037,5608800,21317245,26926045,3,0,1,17408,7,2907279544
1038,5610180,4873351,10483531,9,0,0,24064,17,4563439937
1039,5628540,21298799,26927339,1,0,1,4096,9,8339173567
1040,5630120,21297242,26927362,9,0,1,3584,17,4482050755
1041,5632450,21313037,26945487,5,0,1,19968,7,3463251492
1042,5644170,3366640,9010810,8,0,0,14848,17,4738810165
1043,5657739,3643187,9300926,5,0,0,3072,7,4770111121
1044,5666070,21295843,26961913,7,0,1,3072,6,6511712497
1045,5673659,5598042,11271701,5,0,0,34816,7,3923353325
1046,5679490,21282454,26961944,6,0,1,6144,8,9506279407
1047,5687311,4628140,10315451,2,0,0,26112,13,10417793158
1048,5693380,1612961,7306341,6,0,0,9728,8,9073138921
1049,5697830,2913371,8611201,7,0,0,9728,6,1263817617
1050,5706930,21255037,26961967,7,0,1,9216,6,7226092567
1051,5708580,5120307,10828887,0,0,0,62464,18,3732344322
1052,5712520,3988451,9700971,8,0,0,16384,17,4934624366
1053,5715100,6462481,12177581,1,0,0,17408,9,4742854508
1054,5718470,7275180,12993650,1,0,0,66560,9,3754298319
1055,5729141,4889147,10618288,2,0,0,113152,13,3315118986
1056,5730340,21231650,26961990,7,0,1,1024,6,492857987
1057,5731660,4334059,10065719,9,0,0,512,17,1065983536
1058,5732481,4938369,10670850,2,0,0,10240,13,9861394280
1059,5752050,4265734,10017784,0,0,0,25088,18,9015019018
1060,5754230,5642167,11396397,8,0,0,24576,17,6121089249
1061,5756060,3547876,9303936,6,0,0,8192,8,510321460
1062,5757450,2726114,8483564,8,0,0,13312,17,4769974819
1063,5762170,5557694,11319864,9,0,0,14336,17,10303790313
1064,5765779,21196242,26962021,0,0,1,6656,18,365519704
1065,5772640,21249296,27021936,3,0,1,11264,7,6612535439
1066,5778340,4580182,10358522,8,0,0,9216,17,1973141368
1067,5781250,7749210,13530460,0,0,0,23040,18,4289609628
1068,5789061,6251154,12040215,2,0,0,95232,13,4138309381
1069,5792870,7516849,13309719,0,0,0,42496,18,3903159221
1070,5793460,5991913,11785373,8,0,0,16384,17,2485632717
1071,5801680,4653158,10454838,1,0,0,29184,9,7649326454
1072,5803600,3800254,9603854,6,0,0,4608,8,4793194766
1073,5812701,5502772,11315473,2,0,0,37376,13,7022263147
1074,5813050,21259697,27072747,1,0,1,2048,9,9894156032
1075,5818921,5206970,11025891,2,0,0,1024,13,7156056177
1076,5828870,5868319,11697189,9,0,0,1536,17,1315829202
1077,5843970,4985408,10829378,0,0,0,1536,18,5528316694
1078,5861801,3496083,9357884,2,0,0,12288,13,5605945759
1079,5866320,4005644,9871964,0,0,0,9216,18,2618163092
1080,5869850,4019777,9889627,7,0,0,29184,6,10346719193
1081,5884460,4341934,10226394,6,0,0,7680,8,6822168738
1082,5889830,6179961,12069791,9,0,0,19968,17,8440567986
1083,5896280,2130702,8026982,9,0,0,13824,17,9438535964
1084,5912181,2188191,8100372,2,0,0,2560,13,3528908619
1085,5916260,4296048,10212308,1,0,0,4608,9,7049713945
1086,5920671,2785092,8705763,2,0,0,3072,13,9043300881
1087,5921720,1805468,7727188,8,0,0,15872,17,3376602368
1088,5927019,1977178,7904197,5,0,0,1024,7,8358096481
1089,5929660,2842987,8772647,0,0,0,15360,18,4080878672
1090,5931260,21144473,27075733,6,0,1,6656,8,2734605095
1091,5937871,7554956,13492827,2,0,0,12800,13,4846105801
1092,5940370,6131628,12071998,9,0,0,7168,17,8469227985
1093,5940780,5247605,11188385,1,0,0,8192,9,2803240536
1094,5942420,2119450,8061870,8,0,0,2048,17,8690159927
1095,5951600,21370938,27322538,4,0,1,512,13,2520815294
1096,5959890,6170003,12129893,1,0,0,2048,9,5841106577
1097,5960220,21511517,27471737,6,0,1,41472,8,10682290146
1098,5970820,4929719,10900539,1,0,0,50176,9,1598017748
1099,5976481,4807910,10784391,2,0,0,25600,13,3668585755
1100,5988570,5956161,11944731,3,0,0,23040,7,2638387919
1101,5994130,7562794,13556924,3,0,0,14336,7,6152840652
1102,6006901,7390592,13397493,2,0,0,64000,13,3050425208
1103,6009000,6535520,12544520,1,0,0,11264,9,10439518825
1104,6020670,4823917,10844587,0,0,0,20480,18,7835590260
1105,6029930,4878900,10908830,6,0,0,27136,8,10256694129
1106,6034119,5007421,11041540,5,0,0,46592,7,2421296476
1107,6036719,6691007,12727726,5,0,0,41984,7,9477619029
1108,6038730,3933098,9971828,3,0,0,34304,7,411273132
1109,6043000,4081149,10124149,3,0,0,16384,7,5536382235
1110,6044440,4166441,10210881,3,0,0,55808,7,2141529039
1111,6046420,4932195,10978615,7,0,0,15360,6,3726075420
1112,6057180,4323185,10380365,0,0,0,26624,18,1026078224
1113,6086889,6768891,12855780,5,0,0,40448,7,5532041893
1114,6087400,4238245,10325645,8,0,0,24064,17,4622184667
1115,6093509,5658825,11752334,5,0,0,55808,7,4552536049
1116,6096290,21419794,27516084,3,0,1,5120,7,6822438454
1117,6096550,2996219,9092769,3,0,0,19968,7,3430941506
1118,6098360,21530706,27629066,9,0,1,18944,17,6632045611
1119,6098760,1893155,7991915,8,0,0,2560,17,5869383392
1120,6099900,6577806,12677706,9,0,0,102400,17,6503177022
1121,6100280,5662404,11762684,7,0,0,28160,6,3044637875
1122,6103410,3672993,9776403,3,0,0,5120,7,9793090492
1123,6107930,21558691,27666621,1,0,1,5120,9,6619986502
1124,6117341,5751536,11868877,2,0,0,57344,13,10619691766
1125,6123740,5341084,11464824,6,0,0,56832,8,2701861038
1126,6131080,21535564,27666644,1,0,1,11776,9,3305785906
1127,6139511,3315919,9455430,2,0,0,14848,13,3819430020
1128,6142190,3911978,10054168,0,0,0,9728,18,9300414734
1129,6146110,5916771,12062881,6,0,0,18432,8,921657824
1130,6151260,3638347,9789607,0,0,0,3072,18,6254198969
1131,6159839,5264468,11424307,5,0,0,3584,7,24578398
1132,6159950,4147522,10307472,6,0,0,6656,8,5252436449
1133,6162850,4795104,10957954,3,0,0,43520,7,5954837606
1134,6163170,5047741,11210911,0,0,0,58368,18,9906372258
1135,6167300,7502666,13669966,0,0,0,56320,18,7953827982
1136,6171409,5014457,11185866,5,0,0,17408,7,5113703992
1137,6174810,6019881,12194691,7,0,0,22016,6,6047116487
1138,6183380,4787389,10970769,6,0,0,41984,8,4817440018
1139,6187390,21579669,27767059,7,0,1,6656,6,2626941517
1140,6193390,5397497,11590887,0,0,0,5120,18,7338606611
1141,6196690,21580750,27777440,6,0,1,12288,8,8560473899
1142,6201460,21585855,27787315,1,0,1,5632,9,997617522
1143,6203810,21584376,27788186,3,0,1,12288,7,888065331
1144,6208180,21648202,27856382,2,0,1,7168,13,3587934820
1145,6231160,4753433,10984593,9,0,0,12800,17,10163637353
1146,6268420,1923186,8191606,3,0,0,11776,7,8189428801
1147,6269730,6262085,12531815,5,0,0,35840,7,10379412148
1148,6271660,2815002,9086662,9,0,0,3584,17,8986706957
1149,6272870,4418498,10691368,8,0,0,10752,17,5089565956
1150,6282040,21698259,27980299,1,0,1,6144,9,4682837483
1151,6282960,4507067,10790027,1,0,0,1024,9,2453527775
1152,6291520,2623317,8914837,0,0,0,5632,18,4627662312
1153,6294080,21702078,27996158,3,0,1,512,7,10258696693
1154,6297210,4917156,11214366,9,0,0,11264,17,8405127723
1155,6303151,6028528,12331679,2,0,0,17920,13,5160460910
1156,6305071,5083815,11388886,2,0,0,24576,13,10505384699
1157,6312530,5511754,11824284,0,0,0,1024,18,5268256184
1158,6316311,6711243,13027554,2,0,0,43520,13,3518055825
1159,6330090,5171349,11501439,1,0,0,4608,9,7084961878
1160,6331360,5216032,11547392,0,0,0,110080,18,4691914905
1161,6333800,5223778,11557578,1,0,0,28672,9,10664248595
1162,6335850,21660331,27996181,5,0,1,13312,7,10721252884
1163,6343820,5736313,12080133,9,0,0,26624,17,529776085
1164,6350790,2065891,8416681,6,0,0,14336,8,10260780573
1165,6355520,5025855,11381375,1,0,0,37376,9,3807675489
1166,6360921,21779602,28140523,8,0,1,7680,17,9688249680
1167,6363480,6404008,12767488,4,0,0,42496,13,5216636883
1168,6364090,4303617,10667707,8,0,0,6656,17,10198624117
1169,6368850,6824974,13193824,8,0,0,44032,17,1912744113
1170,6369850,5143023,11512873,8,0,0,13824,17,6105550657
1171,6374880,5338400,11713280,0,0,0,52736,18,3430657903
1172,6376880,4841554,11218434,6,0,0,12800,8,5626756244
1173,6381520,4403986,10785506,3,0,0,3584,7,8276443552
1174,6387210,3622907,10010117,8,0,0,7168,17,987209750
1175,6388830,21846368,28235198,9,0,1,4608,17,1647575317
1176,6406550,6528006,12934556,3,0,0,12800,7,2784985853
1177,6406970,4871774,11278744,7,0,0,23040,6,4492984583
1178,6413229,5084454,11497683,5,0,0,11776,7,4872364283
1179,6423950,4983124,11407074,3,0,0,512,7,7211588097
1180,6426240,7506631,13932871,6,0,0,51712,8,2853715516
1181,6427430,21812594,28240024,6,0,1,7680,8,9767818689
1182,6430370,2666353,9096723,3,0,0,2048,7,8180989512
1183,6431200,21811090,28242290,2,0,1,3584,13,6348789802
1184,6449440,5509252,11958692,3,0,0,14848,7,1706864526
1185,6452870,5501267,11954137,6,0,0,16384,8,8433594431
1186,6469650,4866643,11336293,0,0,0,10752,18,4642129689
1187,6470971,7209961,13680932,2,0,0,8704,13,8963154661
1188,6476990,2559325,9036315,7,0,0,7680,6,885685486
1189,6478850,21772799,28251649,7,0,1,9216,6,1012542778
1190,6479460,21794075,28273535,3,0,1,1536,7,5698772612
1191,6481901,6609700,13091601,2,0,0,30208,13,10022605490
1192,6485281,6556512,13041793,2,0,0,12800,13,3899323077
1193,6490479,7615609,14106088,5,0,0,12288,7,8718955895
1194,6509140,6756784,13265924,1,0,0,46592,9,239293938
1195,6511181,5308533,11819714,2,0,0,17920,13,10245662943
1196,6521330,5302619,11823949,1,0,0,13824,9,65958218
1197,6527210,5343874,11871084,1,0,0,7168,9,2791885316
1198,6529090,4489649,11018739,0,0,0,40448,18,8298382271
1199,6534400,21739158,28273558,7,0,1,6656,6,3293628718
1200,6536250,5853804,12390054,7,0,0,34816,6,10494180497
1201,6538240,21778548,28316788,9,0,1,8704,17,4077766472
1202,6538790,7197176,13735966,3,0,0,111616,7,7417655400
1203,6540220,7461954,14002174,0,0,0,35328,18,3761225368
1204,6545240,3374803,9920043,7,0,0,7680,6,8127847007
1205,6546800,5832623,12379423,8,0,0,22016,17,4741920608
1206,6556360,5452088,12008448,5,0,0,12288,7,4548494870
1207,6558950,5703925,12262875,6,0,0,21504,8,4084159241
1208,6563630,6209341,12772971,3,0,0,17920,7,7571681974
1209,6563950,21818228,28382178,1,0,1,19456,9,3605230192
1210,6573240,6072644,12645884,0,0,0,4096,18,10322153874
1211,6578599,6697199,13275798,5,0,0,11776,7,4782177200
1212,6584730,5699540,12284270,6,0,0,70144,8,2436461341
1213,6594020,22059057,28653077,7,0,1,4096,6,1122612951
1214,6597300,22063513,28660813,2,0,1,8704,13,7343571593
1215,6600210,3482285,10082495,0,0,0,13312,18,9259050585
1216,6604200,5087304,11691504,8,0,0,32768,17,1566312158
1217,6606800,5011404,11618204,8,0,0,45056,17,7796080278
1218,6614160,6756559,13370719,1,0,0,78848,9,9137905679
1219,6616369,7897986,14514355,5,0,0,76288,7,5253626648
1220,6616691,7709218,14325909,2,0,0,43520,13,2794139277
1221,6624089,3505298,10129387,5,0,0,7680,7,4716254826
1222,6632740,4709547,11342287,9,0,0,15360,17,9212770191
1223,6634091,5375495,12009586,2,0,0,2560,13,7750786332
1224,6646630,6605075,13251705,9,0,0,154112,17,5950199210
1225,6649590,5299532,11949122,9,0,0,14336,17,9545664015
1226,6656389,7318071,13974460,5,0,0,61440,7,389527914
1227,6661880,5152351,11814231,3,0,0,90624,7,1413860012
1228,6665930,7119135,13785065,6,0,0,30208,8,3550114527
1229,6667020,4508948,11175968,1,0,0,36864,9,7991800855
1230,6680011,6061177,12741188,2,0,0,28160,13,6400813804
1231,6680281,5692411,12372692,2,0,0,39936,13,1134472444
1232,6681250,2672867,9354117,8,0,0,5120,17,2876017134
1233,6686500,22098871,28785371,5,0,1,5632,7,6922403868
1234,6687150,22098244,28785394,4,0,1,512,13,4545412021
1235,6688640,5151288,11839928,1,0,0,14336,9,6402153137
1236,6695550,2551798,9247348,8,0,0,5632,17,8669633849
1237,6696640,5936796,12633436,9,0,0,43520,17,5471488508
1238,6697400,6233233,12930633,8,0,0,46592,17,2260368871
1239,6697849,5056232,11754081,5,0,0,5632,7,8381180776
1240,6702310,4763941,11466251,0,0,0,4608,18,9157987157
1241,6705171,5869176,12574347,2,0,0,97792,13,3448566866
1242,6713680,6558507,13272187,1,0,0,20480,9,5049516599
1243,6733071,6733782,13466853,2,0,0,4096,13,3752994202
1244,6737610,5261744,11999354,1,0,0,17920,9,9473100510
1245,6764411,22021006,28785417,8,0,1,9216,17,7962493060
1246,6769230,7078533,13847763,0,0,0,8704,18,1711998418
1247,6769330,2379509,9148839,7,0,0,1024,6,8580157742
1248,6774931,7972570,14747501,2,0,0,61952,13,2752527998
1249,6775969,4485101,11261070,5,0,0,7168,7,634695895
1250,6781969,5686292,12468261,5,0,0,20480,7,5129703891
1251,6782210,2627537,9409747,0,0,0,9216,18,4673803784
1252,6784050,22018783,28802833,5,0,1,11264,7,2850526454
1253,6789810,6219817,13009627,6,0,0,8192,8,9893256244
1254,6790199,6848212,13638411,5,0,0,12800,7,8231416953
1255,6806010,22063387,28869397,9,0,1,1024,17,1295698324
1256,6806670,6826368,13633038,8,0,0,45056,17,3406068114
1257,6807590,4357123,11164713,6,0,0,20480,8,3560847031
1258,6817890,3565462,10383352,1,0,0,9728,9,65052477
1259,6829941,6541269,13371210,2,0,0,1536,13,8800607237
1260,6830820,6034343,12865163,6,0,0,30720,8,7932062446
1261,6834920,7451756,14286676,7,0,0,3072,6,5295973003
1262,6841180,4580897,11422077,9,0,0,39936,17,3251017422
1263,6842121,6944839,13786960,2,0,0,6144,13,9972323037
1264,6844060,8030115,14874175,8,0,0,14848,17,8127232383
1265,6844610,22027373,28871983,7,0,1,4096,6,4911846485
1266,6849820,7243451,14093271,6,0,0,71168,8,8797345261
1267,6871380,22028026,28899406,5,0,1,2048,7,1241651245
1268,6882990,6297395,13180385,8,0,0,30208,17,6868184813
1269,6887140,7149630,14036770,3,0,0,43008,7,10053716540
1270,6890490,2588906,9479396,7,0,0,5120,6,1272313138
1271,6892289,5552073,12444362,5,0,0,101376,7,7738214914
1272,6894910,22005162,28900072,1,0,1,1024,9,7199554995
1273,6896930,3985517,10882447,7,0,0,5120,6,5534671789
1274,6908210,21995408,28903618,1,0,1,5632,9,2563770177
1275,6909559,3778510,10688069,5,0,0,20992,7,992120589
1276,6917030,5824805,12741835,8,0,0,2048,17,4036899387
1277,6929290,4996001,11925291,3,0,0,26624,7,1246016754
1278,6934000,3842568,10776568,0,0,0,12800,18,9874068567
1279,6939260,3204707,10143967,6,0,0,5120,8,7557647199
1280,6939470,3869457,10808927,8,0,0,8192,17,4985076283
1281,6942841,6893888,13836729,2,0,0,22016,13,4364160489
1282,6944760,6124761,13069521,5,0,0,71680,7,7971604401
1283,6945570,21986577,28932147,2,0,1,2048,13,8715319077
1284,6946710,6338003,13284713,0,0,0,29184,18,4519586532
1285,6950491,6478274,13428765,2,0,0,18432,13,8206161130
1286,6951580,6926732,13878312,6,0,0,27648,8,3768651761
1287,6951680,21980490,28932170,3,0,1,9216,7,1547556607
1288,6953340,21978853,28932193,4,0,1,3584,13,2375204879
1289,6958040,4979648,11937688,0,0,0,14336,18,3448048537
1290,6968970,6578384,13547354,1,0,0,31232,9,2482268740
1291,6972470,7858409,14830879,5,0,0,18944,7,10149091693
1292,6975260,7473934,14449194,0,0,0,6656,18,3616486778
1293,6985890,7342226,14328116,1,0,0,7168,9,5420422038
1294,6997650,7059111,14056761,6,0,0,65536,8,5586396577
1295,6998400,8025157,15023557,7,0,0,25088,6,2525284738
1296,7002400,8103045,15105445,8,0,0,61952,17,5878377360
1297,7014961,6143975,13158936,2,0,0,80384,13,1766608793
1298,7017400,7089023,14106423,3,0,0,1024,7,6939136152
1299,7018091,5917736,12935827,2,0,0,4096,13,8573047313
1300,7028010,7106145,14134155,0,0,0,44032,18,3769945053
1301,7033060,5747422,12780482,0,0,0,24576,18,3063471881
1302,7033320,21913901,28947221,6,0,1,5120,8,10052380051
1303,7039130,6364314,13403444,6,0,0,19456,8,4474537528
1304,7043900,5281582,12325482,8,0,0,47616,17,5308779613
1305,7045091,5668705,12713796,2,0,0,65024,13,9120592888
1306,7046730,21900514,28947244,3,0,1,512,7,1816389404
1307,7052140,4273371,11325511,6,0,0,18432,8,750000760
1308,7059980,4788577,11848557,3,0,0,11776,7,7545781109
1309,7061780,5142544,12204324,6,0,0,29184,8,6831921545
1310,7072270,8238360,15310630,7,0,0,61952,6,8699988309
1311,7073000,21874267,28947267,5,0,1,5632,7,2736040607
1312,7076880,3756421,10833301,1,0,0,12800,9,9830810228
1313,7089330,8299281,15388611,7,0,0,24064,6,6671132508
1314,7092240,6657477,13749717,6,0,0,45056,8,4650775900
1315,7094870,21999888,29094758,7,0,1,10240,6,5730750162
1316,7100170,3941861,11042031,7,0,0,1536,6,940237161
1317,7105180,5868167,12973347,0,0,0,9216,18,2439782164
1318,7106440,4480263,11586703,0,0,0,8704,18,3897437311
1319,7111781,21983233,29095014,8,0,1,9216,17,1376170347
1320,7114290,5505684,12619974,0,0,0,74240,18,1173250835
1321,7119670,22081962,29201632,5,0,1,3072,7,4756116323
1322,7121170,5324159,12445329,0,0,0,3072,18,4082278582
1323,7125440,2958075,10083515,6,0,0,1536,8,8295112308
1324,7134290,5052050,12186340,8,0,0,28672,17,7350156862
1325,7142030,5218471,12360501,8,0,0,63488,17,8181513008
1326,7143770,6468751,13612521,3,0,0,14336,7,7525277676
1327,7146020,7203721,14349741,8,0,0,22528,17,6400842475
1328,7154510,22047145,29201655,4,0,1,9216,13,8320500039
1329,7155960,22051380,29207340,6,0,1,7680,8,1015555749
1330,7165600,22078863,29244463,7,0,1,12800,6,9448289911
1331,7182370,4436348,11618718,0,0,0,512,18,6768805810
1332,7183141,6354674,13537815,2,0,0,24064,13,8254271968
1333,7186061,5568456,12754517,2,0,0,8192,13,4228329618
1334,7187510,7119313,14306823,3,0,0,66048,7,511736473
1335,7191580,4231612,11423192,1,0,0,3584,9,1096835299
1336,7192130,5221321,12413451,0,0,0,14336,18,7656538701
1337,7195740,22050525,29246265,1,0,1,10752,9,8857742695
1338,7210479,6100667,13311146,5,0,0,4608,7,4021708795
1339,7212080,6084668,13296748,0,0,0,39424,18,8211383907
1340,7217151,3259025,10476176,2,0,0,7680,13,10114214440
1341,7219971,6245611,13465582,2,0,0,22016,13,9591917635
1342,7228800,8950049,16178849,7,0,0,66560,6,5294641019
1343,7231080,22093930,29325010,1,0,1,4608,9,6391749024
1344,7231611,8439116,15670727,2,0,0,16384,13,6380460141
1345,7231960,5931055,13163015,6,0,0,13312,8,10374170804
1346,7243030,5401583,12644613,7,0,0,5632,6,2523868258
1347,7243500,6231189,13474689,8,0,0,17920,17,8189401598
1348,7250880,7213587,14464467,3,0,0,45056,7,1118386198
1349,7253861,22097011,29350872,8,0,1,26624,17,2802599648
1350,7255340,6954355,14209695,1,0,0,28672,9,2306020767
1351,7255580,22095548,29351128,9,0,1,9216,17,4983067748
1352,7266390,22151426,29417816,5,0,1,2560,7,1171107524
1353,7268220,7656175,14924395,3,0,0,78848,7,1457986810
1354,7282010,4411233,11693243,0,0,0,5632,18,8299524284
1355,7282200,8785713,16067913,6,0,0,135680,8,3434824088
1356,7289530,3203727,10493257,8,0,0,2560,17,1520803699
1357,7291780,22385292,29677072,4,0,1,35328,13,8710401788
1358,7295211,6389937,13685148,2,0,0,13312,13,10486735778
1359,7298650,6987067,14285717,9,0,0,512,17,1816275117
1360,7300990,22471194,29772184,4,0,1,12288,13,2420927278
1361,7304670,7328741,14633411,9,0,0,39424,17,5617803724
1362,7318640,6136132,13454772,1,0,0,66048,9,10202410792
1363,7328080,4235917,11563997,4,0,0,20992,13,1340129353
1364,7330111,6222414,13552525,2,0,0,16896,13,8060692144
1365,7332170,22520643,29852813,7,0,1,4608,6,3056127295
1366,7335150,6598992,13934142,6,0,0,4096,8,6037821085
1367,7335870,5416128,12751998,0,0,0,33280,18,8887728937
1368,7338680,4264130,11602810,9,0,0,8704,17,7909496372
1369,7342410,22512989,29855399,1,0,1,4096,9,801012732
1370,7356710,3836386,11193096,0,0,0,15360,18,4763071554
1371,7364540,22530059,29894599,4,0,1,14336,13,2990105278
1372,7368710,7451124,14819834,7,0,0,9216,6,222233046
1373,7378460,7438543,14817003,5,0,0,100864,7,3428569245
1374,7397810,6555418,13953228,8,0,0,9728,17,9216768933
1375,7401930,7541410,14943340,8,0,0,3072,17,4129024968
1376,7404860,22496732,29901592,4,0,1,512,13,6891704609
1377,7410291,22493567,29903858,8,0,1,3584,17,837223725
1378,7411440,4285258,11696698,6,0,0,11264,8,7279887081
1379,7411550,6222938,13634488,8,0,0,512,17,1751159973
1380,7413400,6264857,13678257,5,0,0,27136,7,2743605825
1381,7417301,22811668,30228969,8,0,1,83968,17,721169904
1382,7418020,5451534,12869554,6,0,0,14336,8,4065465361
1383,7418229,22810771,30229000,0,0,1,5632,18,7755211301
1384,7425350,7016778,14442128,5,0,0,61952,7,4135930085
1385,7428780,22800243,30229023,4,0,1,2048,13,4364948818
1386,7432980,6726002,14158982,1,0,0,81408,9,1948815281
1387,7436840,4461301,11898141,7,0,0,4608,6,4826633556
1388,7442640,6561897,14004537,5,0,0,7680,7,2241194144
1389,7447191,4677546,12124737,2,0,0,19456,13,8654503923
1390,7450640,4329718,11780358,9,0,0,10752,17,3877325277
1391,7464640,4641449,12106089,0,0,0,17920,18,5760957541
1392,7467920,22774744,30242664,4,0,1,7680,13,8307006540
1393,7475210,9007433,16482643,0,0,0,26624,18,9770292602
1394,7487370,5047744,12535114,4,0,0,10752,13,156791845
1395,7495900,7210660,14706560,4,0,0,111616,13,81985261
1396,7501780,22749666,30251446,6,0,1,17920,8,748118967
1397,7503650,6293972,13797622,5,0,0,28672,7,687744118
1398,7508770,22745218,30253988,3,0,1,5120,7,2095537546
1399,7512450,3574098,11086548,0,0,0,2560,18,401211147
1400,7522700,4693489,12216189,3,0,0,15360,7,3804950585
1401,7527160,22726851,30254011,3,0,1,2048,7,3171163233
1402,7528400,7036481,14564881,7,0,0,2560,6,4723666145
1403,7538470,6375612,13914082,9,0,0,62464,17,5074660073
1404,7541000,22736995,30277995,9,0,1,12288,17,4022416716
1405,7542591,6285543,13828134,2,0,0,2560,13,2182439848
1406,7542910,22765853,30308763,1,0,1,10240,9,9866736915
1407,7549001,9190943,16739944,2,0,0,41984,13,8118510959
1408,7550360,5772197,13322557,7,0,0,37376,6,6496769606
1409,7555410,6757216,14312626,6,0,0,18944,8,6936211271
1410,7556060,4926547,12482607,5,0,0,22016,7,3922650052
1411,7562030,5444303,13006333,9,0,0,22528,17,2322060656
1412,7563800,7960282,15524082,0,0,0,32256,18,3544123717
1413,7566530,22801133,30367663,2,0,1,19456,13,6751654301
1414,7566600,6067709,13634309,6,0,0,4096,8,3938013972
1415,7573780,22807022,30380802,2,0,1,13824,13,910886761
1416,7577720,22862281,30440001,7,0,1,4096,6,9080010491
1417,7577750,4431033,12008783,9,0,0,1024,17,6286307181
1418,7586660,4418021,12004681,5,0,0,17408,7,2030603281
1419,7588510,5539133,13127643,1,0,0,39936,9,6458782275
1420,7593460,3915178,11508638,4,0,0,23552,13,9242207786
1421,7597400,22843267,30440667,7,0,1,1024,6,6972866520
1422,7602990,3865936,11468926,5,0,0,8704,7,9562944112
1423,7605251,9371056,16976307,2,0,0,28672,13,615830888
1424,7609360,6950015,14559375,0,0,0,62464,18,7581806642
1425,7614260,7577862,15192122,1,0,0,17408,9,5810560955
1426,7616660,7409104,15025764,6,0,0,7168,8,3466327288
1427,7618700,4637592,12256292,9,0,0,20480,17,5009278916
1428,7619850,6330391,13950241,5,0,0,52736,7,6122067197
1429,7622940,5835911,13458851,7,0,0,13312,6,2050024524
1430,7625910,5701194,13327104,4,0,0,14848,13,6974855866
1431,7629110,22816281,30445391,7,0,1,19456,6,9486347953
1432,7634051,4276622,11910673,2,0,0,9216,13,3222808417
1433,7652700,22797837,30450537,6,0,1,8192,8,5896852128
1434,7654451,7114210,14768661,2,0,0,24064,13,2405799676
1435,7656100,4985003,12641103,4,0,0,25088,13,972479948
1436,7657650,6527632,14185282,7,0,0,28160,6,4321934049
1437,7659120,7291910,14951030,4,0,0,2560,13,1001279995
1438,7659720,6106400,13766120,5,0,0,53760,7,2818822199
1439,7659911,6564220,14224131,2,0,0,4608,13,6566417411
1440,7660940,5711853,13372793,4,0,0,5120,13,3995827848
1441,7685401,7577267,15262668,2,0,0,20480,13,6341802145
1442,7687800,6759343,14447143,4,0,0,16384,13,7209397136
1443,7689571,5657101,13346672,2,0,0,27648,13,3958879025
1444,7693371,22757934,30451305,8,0,1,11776,17,99162687
1445,7695530,22818095,30513625,2,0,1,512,13,10386650970
1446,7699671,4487472,12187143,2,0,0,2560,13,5879494781
1447,7704880,22814216,30519096,5,0,1,17920,7,2453825768
1448,7708220,22813142,30521362,3,0,1,3584,7,1911496880
1449,7711920,7607648,15319568,8,0,0,12800,17,2868562538
1450,7719750,5087606,12807356,0,0,0,4096,18,5875068167
1451,7722300,7031175,14753475,7,0,0,17920,6,4312451500
1452,7735780,8053696,15789476,0,0,0,73216,18,3315652893
1453,7748260,6817892,14566152,8,0,0,4096,17,2109712724
1454,7760430,5235495,12995925,3,0,0,1536,7,6597880317
1455,7761231,7861980,15623211,2,0,0,20480,13,566360204
1456,7769240,22755348,30524588,1,0,1,5120,9,502056227
1457,7778920,22747614,30526534,6,0,1,3072,8,1602848631
1458,7782840,5290604,13073444,1,0,0,12800,9,734555604
1459,7785160,22777738,30562898,6,0,1,31232,8,9142434836
1460,7793740,6123352,13917092,3,0,0,6656,7,5685674171
1461,7795710,8272382,16068092,7,0,0,512,6,10699652754
1462,7806760,6390097,14196857,0,0,0,37888,18,5507017754
1463,7808550,7086972,14895522,7,0,0,18432,6,3464749377
1464,7813790,22803375,30617165,5,0,1,8704,7,5154334489
1465,7815080,22810473,30625553,1,0,1,5632,9,1143144869
1466,7816980,9298407,17115387,6,0,0,30208,8,4247256931
1467,7817630,6588727,14406357,9,0,0,41984,17,10205217227
1468,7817790,22813215,30631005,5,0,1,6656,7,7118337669
1469,7819610,5374869,13194479,7,0,0,2048,6,8964089886
1470,7834050,22830939,30664989,4,0,1,3584,13,3777849483
1471,7844900,6997024,14841924,8,0,0,7680,17,2649750716
1472,7844990,22894126,30739116,9,0,1,6144,17,10024545281
1473,7848640,22894982,30743622,1,0,1,7168,9,10119072394
1474,7859640,22885608,30745248,6,0,1,2560,8,5818634536
1475,7862180,7607770,15469950,3,0,0,29184,7,3678095046
1476,7865830,6419708,14285538,0,0,0,67584,18,481223213
1477,7866371,5087455,12953826,2,0,0,1536,13,715154369
1478,7867150,6910582,14777732,1,0,0,29696,9,7324042744
1479,7879131,5627381,13506512,2,0,0,512,13,8787808807
1480,7881790,6879516,14761306,6,0,0,25600,8,5391520634
1481,7882769,22970921,30853690,0,0,1,25088,18,3116654622
1482,7885100,7979156,15864256,8,0,0,9728,17,3951629683
1483,7888580,6006447,13895027,3,0,0,54784,7,6425783804
1484,7898200,6511768,14409968,1,0,0,11776,9,3029103545
1485,7906590,7255309,15161899,5,0,0,35840,7,4762268103
1486,7908380,22974210,30882590,3,0,1,14848,7,9298978253
1487,7909310,23278915,31188225,3,0,1,19968,7,10304966714
1488,7910810,6427294,14338104,9,0,0,2048,17,3900189630
1489,7911270,4194998,12106268,8,0,0,512,17,1870273174
1490,7918020,8079898,15997918,3,0,0,59392,7,4654155355
1491,7919610,23330999,31250609,4,0,1,13312,13,5746339797
1492,7924360,7321459,15245819,7,0,0,14848,6,8109952061
1493,7929240,9458183,17387423,8,0,0,19456,17,4599594848
1494,7934469,23377499,31311968,0,0,1,17920,18,801149288
1495,7937040,6228829,14165869,0,0,0,22528,18,3911844982
1496,7937850,7213106,15150956,3,0,0,49152,7,1142344022
1497,7941611,4773300,12714911,2,0,0,3584,13,6552777152
1498,7941760,6481469,14423229,8,0,0,36864,17,6870866193
1499,7953960,7718194,15672154,5,0,0,4608,7,7476707126
1500,7961330,8164693,16126023,6,0,0,73216,8,7469053692
1501,7965800,6706729,14672529,9,0,0,56320,17,7002875859
1502,7968810,4763775,12732585,1,0,0,15872,9,7320191354
1503,7974760,8253117,16227877,5,0,0,37376,7,7762125931
1504,7975711,7082603,15058314,2,0,0,16384,13,9210976136
1505,7979990,23368684,31348674,9,0,1,12288,17,3169734632
1506,7982790,6549996,14532786,1,0,0,60416,9,8787319033
1507,7985470,4924847,12910317,4,0,0,18432,13,8624030321
1508,7996120,23374352,31370472,5,0,1,10752,7,10170473271
1509,7999740,8356584,16356324,6,0,0,52736,8,1461166175
1510,8021840,5073372,13095212,5,0,0,11776,7,7466051198
1511,8025270,5750568,13775838,3,0,0,10752,7,6997007367
1512,8033450,5561263,13594713,6,0,0,16384,8,9452432127
1513,8035870,7668527,15704397,8,0,0,81920,17,130519971
1514,8042070,6686532,14728602,0,0,0,39424,18,2591203095
1515,8044040,8375731,16419771,0,0,0,6656,18,1875003547
1516,8059060,6896049,14955109,5,0,0,13312,7,9496968353
1517,8069200,5998192,14067392,4,0,0,34816,13,4822884653
1518,8081580,5896335,13977915,7,0,0,11264,6,723833893
1519,8084300,8587431,16671731,5,0,0,18432,7,7296724834
1520,8096560,23333720,31430280,3,0,1,4608,7,5643116707
1521,8099390,23331219,31430609,5,0,1,5632,7,5931596374
1522,8105250,6778533,14883783,3,0,0,27648,7,1671232012
1523,8112660,7422209,15534869,3,0,0,35328,7,9839810536
1524,8120470,4499683,12620153,1,0,0,512,9,3139931178
1525,8121760,23377346,31499106,3,0,1,27648,7,7793198121
1526,8123910,6818471,14942381,0,0,0,53760,18,7292064220
1527,8135320,6715091,14850411,5,0,0,18944,7,1393219825
1528,8144140,23355952,31500092,4,0,1,1536,13,4316112308
1529,8149550,6051386,14200936,1,0,0,13312,9,5235984857
1530,8153180,6082639,14235819,4,0,0,7680,13,3963044376
1531,8180400,5300188,13480588,6,0,0,512,8,5773327754
1532,8187360,6993796,15181156,1,0,0,50688,9,1190777664
1533,8193820,5407658,13601478,5,0,0,19456,7,1274217808
1534,8197730,5672135,13869865,3,0,0,28672,7,5413157978
1535,8202230,7463482,15665712,5,0,0,72704,7,3327442962
1536,8206280,23401647,31607927,6,0,1,22528,8,10433377343
1537,8210740,23531271,31742011,2,0,1,27648,13,6713594803
1538,8214250,6839041,15053291,6,0,0,44032,8,5903363758
1539,8214270,7634629,15848899,0,0,0,6656,18,10568191298
1540,8220260,5694781,13915041,6,0,0,3072,8,5768527297
1541,8222460,6129105,14351565,1,0,0,3072,9,5515110879
1542,8222900,5782596,14005496,7,0,0,3072,6,8588320369
1543,8234170,5884571,14118741,3,0,0,7680,7,8240889613
1544,8234290,23577631,31811921,0,0,1,22016,18,7929228799
1545,8241710,7073935,15315645,8,0,0,16384,17,7444444802
1546,8247120,23565467,31812587,6,0,1,1024,8,7420910655
1547,8253720,23564255,31817975,5,0,1,7680,7,8337021089
1548,8265230,5523625,13788855,6,0,0,6144,8,9444158396
1549,8266090,6711086,14977176,5,0,0,15872,7,797826799
1550,8271930,9469029,17740959,1,0,0,31232,9,76239233
1551,8274960,6473032,14747992,3,0,0,1536,7,2262765805
1552,8279230,5894618,14173848,6,0,0,26112,8,9827681897
1553,8280250,23631733,31911983,6,0,1,10240,8,734332660
1554,8283990,23628016,31912006,5,0,1,2048,7,1129636431
1555,8291170,23620859,31912029,7,0,1,3072,6,1775037985
1556,8292980,9559916,17852896,3,0,0,5632,7,602449292
1557,8298270,6651957,14950227,1,0,0,22528,9,4001821496
1558,8298650,6180527,14479177,6,0,0,24064,8,4001509463
1559,8301500,23642162,31943662,7,0,1,4608,6,1845733457
1560,8302020,23650974,31952994,3,0,1,14848,7,9777179470
1561,8315470,8636884,16952354,7,0,0,38912,6,2755792256
1562,8319530,7525111,15844641,6,0,0,27648,8,792945616
1563,8321320,6300056,14621376,3,0,0,92672,7,3408634877
1564,8322950,5771904,14094854,7,0,0,5120,6,7638743699
1565,8323360,23725286,32048646,3,0,1,3072,7,2758227447
1566,8326630,7378414,15705044,3,0,0,2048,7,4094325269
1567,8333490,23736507,32069997,2,0,1,18944,13,3273132284
1568,8336700,8715578,17052278,6,0,0,6144,8,4186131073
1569,8340090,9027631,17367721,3,0,0,55808,7,9007968273
1570,8383001,23843872,32226873,8,0,1,43520,17,7675381999
1571,8383060,4788090,13171150,0,0,0,26624,18,4357004613
1572,8383370,23900761,32284131,2,0,1,34304,13,872984895
1573,8395910,9184831,17580741,5,0,0,35840,7,81697879
1574,8397760,6732223,15129983,5,0,0,48128,7,2267998142
1575,8402950,6733007,15135957,0,0,0,11776,18,6226661081
1576,8403771,24856354,33260125,8,0,1,441856,17,48991084
1577,8405880,5366659,13772539,0,0,0,20992,18,1329521460
1578,8406670,7161050,15567720,4,0,0,6144,13,61536718
1579,8409560,6955441,15365001,6,0,0,44032,8,1504111802
1580,8414150,7772218,16186368,6,0,0,24576,8,8100201337
1581,8414510,6369649,14784159,3,0,0,20992,7,2526827685
1582,8414940,7060170,15475110,5,0,0,13312,7,9434539958
1583,8415950,5161852,13577802,7,0,0,25088,6,9663454881
1584,8418170,6122150,14540320,6,0,0,14848,8,7098238312
1585,8422160,7339814,15761974,8,0,0,25600,17,615891384
1586,8427190,6425272,14852462,7,0,0,6656,6,7420461659
1587,8437960,6677336,15115296,6,0,0,32256,8,1804085429
1588,8459670,8581596,17041266,0,0,0,77312,18,9412792604
1589,8469670,7912985,16382655,7,0,0,19456,6,1965843484
1590,8470330,7265523,15735853,7,0,0,19968,6,5963057579
1591,8485550,24869378,33354928,4,0,1,42496,13,37727107
1592,8487410,7492210,15979620,6,0,0,42496,8,10660933735
1593,8490290,4944156,13434446,1,0,0,2048,9,6550969904
1594,8490320,6489256,14979576,7,0,0,3584,6,4531201530
1595,8497100,4924112,13421212,4,0,0,4608,13,6359696718
1596,8498000,5143242,13641242,3,0,0,9216,7,6254924733
1597,8505070,6657944,15163014,4,0,0,3584,13,6213795855
1598,8511520,7446548,15958068,6,0,0,34816,8,9376251313
1599,8521420,6665375,15186795,0,0,0,18432,18,389027675
1600,8549370,6784292,15333662,0,0,0,14336,18,10454250691
1601,8560920,24799690,33360610,9,0,1,4608,17,184043566
1602,8567480,6845971,15413451,5,0,0,42496,7,201069804
1603,8568780,7015970,15584750,0,0,0,14848,18,3712555717
1604,8569850,6721881,15291731,5,0,0,36864,7,7787404768
1605,8572830,4985209,13558039,3,0,0,3584,7,7980204998
1606,8580540,7974258,16554798,4,0,0,107008,13,7615937095
1607,8583160,9102851,17686011,7,0,0,7168,6,7668242319
1608,8584080,9267077,17851157,3,0,0,40960,7,7653730198
1609,8586689,24774907,33361596,0,0,1,1536,18,371622060
1610,8594790,5475129,14069919,6,0,0,8192,8,8301630253
1611,8605030,24765667,33370697,5,0,1,2560,7,9581538527
1612,8619390,24790413,33409803,2,0,1,15360,13,7685821063
1613,8631980,6717180,15349160,0,0,0,29184,18,4863387165
1614,8632801,24828939,33461740,8,0,1,31744,17,9833492003
1615,8633880,24895349,33529229,6,0,1,44032,8,1402296106
1616,8635140,24969715,33604855,1,0,1,1024,9,7174971200
1617,8635920,6693351,15329271,8,0,0,31744,17,297920250
1618,8639040,5896733,14535773,4,0,0,9728,13,6018603431
1619,8640530,4764542,13405072,4,0,0,2048,13,7745736786
1620,8648830,5446203,14095033,4,0,0,512,13,9270837117
1621,8659050,6206898,14865948,3,0,0,20992,7,6001651329
1622,8667680,6372172,15039852,7,0,0,45056,6,1230865023
1623,8676450,6249528,14925978,1,0,0,5120,9,8681268658
1624,8678510,6958296,15636806,0,0,0,44544,18,2341139518
1625,8693050,6647195,15340245,8,0,0,21504,17,5625954716
1626,8693480,8743637,17437117,8,0,0,81920,17,5160584964
1627,8703150,24906034,33609184,9,0,1,17408,17,2459091477
1628,8711660,7157455,15869115,4,0,0,15872,13,4983839713
1629,8713260,24928345,33641605,5,0,1,5120,7,8575778278
1630,8731260,24910601,33641861,5,0,1,9216,7,8553979594
1631,8732600,7279233,16011833,1,0,0,45568,9,4054630387
1632,8755700,6259567,15015267,4,0,0,13312,13,3888372739
1633,8761540,6681430,15442970,4,0,0,11776,13,6339624194
1634,8762280,5215814,13978094,8,0,0,512,17,5357484109
1635,8771700,7298131,16069831,1,0,0,5632,9,7727638434
1636,8771710,24934136,33705846,3,0,1,13824,7,7622474959
1637,8772400,6768755,15541155,7,0,0,14848,6,684937563
1638,8776790,6977361,15754151,4,0,0,27136,13,5345928951
1639,8777790,6661569,15439359,3,0,0,18944,7,9248223270
1640,8786950,7287116,16074066,6,0,0,13824,8,35019254
1641,8792880,9225505,18018385,8,0,0,40960,17,868863133
1642,8793350,24913367,33706717,9,0,1,12288,17,1160339167
1643,8799470,9264652,18064122,0,0,0,41472,18,3415842386
1644,8801050,24956901,33757951,0,0,1,9728,18,4885671624
1645,8805440,24953177,33758617,3,0,1,1024,7,7515999802
1646,8816480,6349209,15165689,7,0,0,8704,6,1664631449
1647,8817051,6950094,15767145,2,0,0,16896,13,6564176466
1648,8817980,24940996,33758976,0,0,1,9728,18,9030240480
1649,8835200,5636622,14471822,6,0,0,24064,8,2186423339
1650,8844760,7619250,16464010,5,0,0,95744,7,6044760909
1651,8848170,25018123,33866293,6,0,1,74240,8,612670396
1652,8853610,7461407,16315017,6,0,0,70656,8,479222061
1653,8859540,7479726,16339266,5,0,0,61952,7,5395509649
1654,8867030,24999929,33866959,4,0,1,1024,13,4035960003
1655,8872260,7595517,16467777,4,0,0,12288,13,4536349525
1656,8875201,9016164,17891365,2,0,0,32256,13,8088428883
1657,8886120,5209872,14095992,0,0,0,3072,18,7828445639
1658,8887240,7329226,16216466,3,0,0,59904,7,10642836147
1659,8891960,25041666,33933626,2,0,1,28160,13,8190276172
1660,8893090,6456725,15349815,3,0,0,2048,7,6903823851
1661,8912310,6981639,15893949,6,0,0,28160,8,372366578
1662,8914760,6159340,15074100,0,0,0,11264,18,9746382743
1663,8916220,7471294,16387514,1,0,0,15872,9,3788367430
1664,8919929,25064500,33984429,0,0,1,32256,18,5014001377
1665,8934111,5782456,14716567,2,0,0,32768,13,10296432418
1666,8942490,5128076,14070566,8,0,0,2048,17,4415512260
1667,8950710,25037265,33987975,7,0,1,5632,6,5512502664
1668,8954440,9198703,18153143,0,0,0,17408,18,498667641
1669,8960510,7625892,16586402,8,0,0,10240,17,7443306302
1670,8969020,7880842,16849862,8,0,0,101888,17,5585478391
1671,8972510,25043911,34016421,4,0,1,8704,13,7228538671
1672,8989900,6871369,15861269,1,0,0,13824,9,5885228413
1673,8996230,7944245,16940475,5,0,0,64000,7,7130389492
1674,8996450,7704342,16700792,3,0,0,27136,7,5263460157
1675,8997010,6713049,15710059,8,0,0,16384,17,7060804365
1676,9003000,7561805,16564805,6,0,0,32768,8,5760742122
1677,9004680,6003131,15007811,8,0,0,15872,17,10399475265
1678,9007000,7363106,16370106,4,0,0,41984,13,7085495295
1679,9009880,6270596,15280476,0,0,0,15872,18,3517539238
1680,9024470,5152209,14176679,3,0,0,9216,7,6664033217
1681,9034860,6711000,15745860,3,0,0,32768,7,6813918012
1682,9037910,9142569,18180479,3,0,0,16384,7,2983968397
1683,9044300,24979240,34023540,2,0,1,6656,13,8667642866
1684,9046040,6086306,15132346,8,0,0,7680,17,8997640964
1685,9047451,25160197,34207648,8,0,1,118784,17,6080217519
1686,9048580,6448000,15496580,1,0,0,54272,9,9147704007
1687,9056050,6748600,15804650,7,0,0,19968,6,5269413222
1688,9056700,6800334,15857034,7,0,0,26624,6,801801397
1689,9058080,9307435,18365515,1,0,0,140288,9,4548067794
1690,9059600,5157418,14217018,1,0,0,1536,9,398337237
1691,9072560,6951532,16024092,1,0,0,27136,9,6437015197
1692,9075960,5488118,14564078,6,0,0,15360,8,5722645804
1693,9078390,7159650,16238040,7,0,0,33280,6,10026616953
1694,9079981,25286071,34366052,8,0,1,75264,17,3155470750
1695,9090340,7230027,16320367,6,0,0,16896,8,6143672505
1696,9096421,6997217,16093638,2,0,0,12288,13,9605392798
1697,9096710,6417521,15514231,7,0,0,57856,6,10497685299
1698,9104390,7287203,16391593,1,0,0,13312,9,6379275165
1699,9133520,5353091,14486611,4,0,0,512,13,9970327644
1700,9142040,6760249,15902289,5,0,0,5120,7,366167304
1701,9143490,7149976,16293466,4,0,0,173056,13,4857430032
1702,9143520,5755672,14899192,0,0,0,2560,18,7424962594
1703,9159871,7654497,16814368,2,0,0,7168,13,77443130
1704,9165420,5806364,14971784,9,0,0,14336,17,6076473691
1705,9168190,7593192,16761382,1,0,0,49152,9,5422484923
1706,9168670,25278196,34446866,9,0,1,13824,17,8772762294
1707,9172160,6752512,15924672,0,0,0,18432,18,1563377310
1708,9173480,6556258,15729738,5,0,0,64512,7,6315606352
1709,9174570,7475743,16650313,5,0,0,48640,7,2341246411
1710,9176010,9433673,18609683,5,0,0,157696,7,3671055963
1711,9182840,6697751,15880591,8,0,0,11264,17,682530549
1712,9183500,7584769,16768269,7,0,0,22528,6,9057893910
1713,9185930,9194474,18380404,3,0,0,19968,7,9693573502
1714,9191090,7149135,16340225,3,0,0,3072,7,255271987
1715,9194710,7589526,16784236,5,0,0,2048,7,2499153163
1716,9198740,6814052,16012792,1,0,0,3072,9,7463353816
1717,9199240,7695146,16894386,8,0,0,75264,17,805007816
1718,9199780,7381896,16581676,5,0,0,55296,7,745483212
1719,9202410,25244487,34446897,2,0,1,3072,13,8615341693
1720,9206710,7998258,17204968,8,0,0,90112,17,5563066339
1721,9206789,9298650,18505439,5,0,0,153088,7,2809869415
1722,9211731,25334458,34546189,8,0,1,97280,17,4465720062
1723,9224390,7480564,16704954,3,0,0,12800,7,3527333540
1724,9231700,25377756,34609456,2,0,1,14336,13,7155323150
1725,9246280,9177280,18423560,1,0,0,19456,9,7133920404
1726,9255130,5814626,15069756,6,0,0,4608,8,9057617606
1727,9255540,7556364,16811904,1,0,0,17408,9,2792277718
1728,9257670,6900876,16158546,1,0,0,64000,9,7025356117
1729,9258620,7118084,16376704,1,0,0,9216,9,6272449952
1730,9261480,25427997,34689477,6,0,1,30208,8,4665896106
1731,9275500,9396323,18671823,6,0,0,45568,8,3882440065
1732,9277220,7388872,16666092,0,0,0,51712,18,4750340216
1733,9279440,6257168,15536608,0,0,0,5632,18,8857004175
1734,9279700,7975758,17255458,0,0,0,7680,18,10559056111
1735,9283711,25764685,35048396,8,0,1,219136,17,8920385762
1736,9289211,9695296,18984507,2,0,0,118272,13,4535178746
1737,9299640,7919703,17219343,3,0,0,47104,7,7912157101
1738,9300221,7497613,16797834,2,0,0,35328,13,5389908335
1739,9302469,7803691,17106160,5,0,0,48128,7,833251286
1740,9311460,6565676,15877136,3,0,0,9728,7,7320427114
1741,9316271,7410858,16727129,2,0,0,72704,13,7828720060
1742,9318970,9445502,18764472,6,0,0,52224,8,9118319666
1743,9323810,9442401,18766211,1,0,0,5632,9,9865802138
1744,9327269,9489243,18816512,5,0,0,74240,7,1521821061
1745,9336880,7897797,17234677,1,0,0,25088,9,9642601536
1746,9339509,8334856,17674365,5,0,0,22528,7,5774553909
1747,9340930,7580022,16920952,4,0,0,9728,13,5086551449
1748,9341320,25747069,35088389,4,0,1,17920,13,9371820947
1749,9342520,6009034,15351554,6,0,0,5632,8,9005766454
1750,9346051,6730222,16076273,2,0,0,7168,13,4615300188
1751,9346211,25826250,35172461,8,0,1,69632,17,8541992471
1752,9347990,6584647,15932637,6,0,0,14336,8,8962957210
1753,9348351,7891445,17239796,2,0,0,2048,13,1146491231
1754,9357711,9896506,19254217,2,0,0,119808,13,493297808
1755,9364920,25808002,35172922,7,0,1,10240,6,3366344576
1756,9368240,25844505,35212745,7,0,1,4096,6,1464069260
1757,9372080,5869192,15241272,3,0,0,10752,7,5707649755
1758,9373020,6418515,15791535,4,0,0,6656,13,1443399231
1759,9379561,7960689,17340250,2,0,0,6144,13,3380196640
1760,9395160,7725710,17120870,7,0,0,17920,6,3343394447
1761,9399760,25813008,35212768,2,0,1,15872,13,3905003133
1762,9403001,7883547,17286548,2,0,0,13312,13,2721128664
1763,9410140,6132598,15542738,0,0,0,5120,18,9727281465
1764,9411580,25848096,35259676,4,0,1,13824,13,1843080970
1765,9422871,26225090,35647961,8,0,1,330240,17,9288538286
1766,9428280,6215257,15643537,7,0,0,22016,6,3807349810
1767,9434390,9906817,19341207,4,0,0,16896,13,1806725231
1768,9441160,7897195,17338355,7,0,0,48128,6,8523022578
1769,9442630,7192840,16635470,4,0,0,25600,13,820186955
1770,9443450,26215257,35658707,4,0,1,4096,13,933980983
1771,9445630,26213100,35658730,9,0,1,1024,17,6996098070
1772,9446630,26212123,35658753,1,0,1,10240,9,5463912060
1773,9453540,7888472,17342012,6,0,0,1024,8,2426686112
1774,9468840,7491969,16960809,0,0,0,27648,18,3473460541
1775,9473000,6900873,16373873,3,0,0,12288,7,10031855076
1776,9477320,6997188,16474508,1,0,0,22016,9,8281509960
1777,9489160,6357688,15846848,4,0,0,7168,13,3767796069
1778,9501569,6078261,15579830,5,0,0,13824,7,3810263509
1779,9510371,9511980,19022351,2,0,0,55808,13,4197678955
1780,9518150,8417196,17935346,8,0,0,40960,17,6726217843
1781,9520850,6564540,16085390,4,0,0,14336,13,9276569156
1782,9530870,7603938,17134808,8,0,0,41984,17,8571842749
1783,9550320,26131250,35681570,5,0,1,6144,7,6819225805
1784,9555860,8560605,18116465,7,0,0,13824,6,454649163
1785,9557270,6835750,16393020,7,0,0,4608,6,7780591984
1786,9560680,7457007,17017687,7,0,0,54784,6,7573176744
1787,9563240,7437732,17000972,4,0,0,22016,13,4167950671
1788,9563460,8061371,17624831,3,0,0,4096,7,3422780106
1789,9570430,7347535,16917965,0,0,0,77312,18,7248720207
1790,9575070,7880339,17455409,0,0,0,46592,18,7057874625
1791,9579699,9904492,19484191,5,0,0,63488,7,8989957203
1792,9583560,7004901,16588461,3,0,0,6656,7,6676394473
1793,9598480,7628530,17227010,8,0,0,25088,17,117963382
1794,9599299,7995037,17594336,5,0,0,44544,7,1423709193
1795,9604890,8028002,17632892,3,0,0,2560,7,8299518017
1796,9609420,7849600,17459020,3,0,0,11776,7,4800621335
1797,9615780,5982999,15598779,4,0,0,512,13,9395216185
1798,9621071,8701677,18322748,2,0,0,34304,13,8432206336
1799,9629790,8251700,17881490,7,0,0,88064,6,4597020625
1800,9643290,7209715,16853005,4,0,0,10240,13,2328237950
1801,9647920,26133001,35780921,6,0,1,39936,8,3844973433
1802,9650659,7022343,16673002,5,0,0,4096,7,3728369004
1803,9669400,9613777,19283177,3,0,0,36864,7,2935053955
1804,9680920,26100024,35780944,4,0,1,9216,13,8215863064
1805,9688570,7355995,17044565,4,0,0,10752,13,2933662868
1806,9689500,7791113,17480613,7,0,0,1536,6,10460550392
1807,9697750,26083217,35780967,4,0,1,1536,13,10199310151
1808,9698030,7933064,17631094,7,0,0,20480,6,679014623
1809,9708711,7849731,17558442,2,0,0,19456,13,9100025494
1810,9709190,26071800,35780990,7,0,1,12800,6,4653878963
1811,9714890,26104266,35819156,7,0,1,12288,6,5069978626
1812,9716530,26105852,35822382,2,0,1,5120,13,9286748329
1813,9729680,8512095,18241775,7,0,0,79872,6,6249296107
1814,9737320,26502072,36239392,6,0,1,157696,8,2689551476
1815,9741661,26499013,36240674,8,0,1,5632,17,2384960649
1816,9745280,6495435,16240715,6,0,0,8704,8,3272382925
1817,9747600,7633872,17381472,7,0,0,45056,6,10691064666
1818,9748531,6566665,16315196,2,0,0,512,13,4330244363
1819,9753120,9867455,19620575,0,0,0,18432,18,4330232416
1820,9754391,26488255,36242646,8,0,1,13312,17,7067211943
1821,9762250,6217549,15979799,7,0,0,512,6,2004596690
1822,9766130,6661698,16427828,8,0,0,5632,17,6208818032
1823,9774109,6630611,16404720,5,0,0,13824,7,7009971101
1824,9785130,8327084,18112214,5,0,0,26624,7,1349136826
1825,9799429,7542248,17341677,5,0,0,4608,7,2634309526
1826,9813720,26448424,36262144,2,0,1,12288,13,2571284721
1827,9819270,8149098,17968368,3,0,0,55808,7,4955646012
1828,9822480,7930069,17752549,8,0,0,37376,17,4870721004
1829,9822630,7800930,17623560,4,0,0,10752,13,8780807158
1830,9825160,26437007,36262167,2,0,1,10240,13,1429204043
1831,9827850,8010804,17838654,0,0,0,79872,18,1949126324
1832,9832700,8693978,18526678,8,0,0,69632,17,390585802
1833,9833290,9521847,19355137,7,0,0,11776,6,10531878549
1834,9834040,9708792,19542832,0,0,0,40960,18,4939684725
1835,9838451,26440274,36278725,8,0,1,14848,17,6741888586
1836,9840830,8343260,18184090,4,0,0,11776,13,7102200919
1837,9841270,26444996,36286266,7,0,1,15360,6,7662148320
1838,9841619,8254279,18095898,5,0,0,90112,7,3572584246
1839,9848220,7290667,17138887,7,0,0,13312,6,4951916313
1840,9859681,26427046,36286727,8,0,1,10240,17,3216508731
1841,9885571,9165768,19051339,2,0,0,58880,13,1681861988
1842,9887161,6470130,16357291,2,0,0,3072,13,7571344460
1843,9895600,7071948,16967548,7,0,0,22016,6,9211407050
1844,9898349,6588137,16486486,5,0,0,8192,7,3878269499
1845,9908070,7853768,17761838,4,0,0,11264,13,4217369165
1846,9909310,26379799,36289109,1,0,1,15360,9,1369382214
1847,9919890,7384567,17304457,3,0,0,20992,7,2710928166
1848,9923880,6469483,16393363,0,0,0,1024,18,4512823132
1849,9926480,26364895,36291375,9,0,1,3584,17,2139723914
1850,9934620,8071262,18005882,0,0,0,34304,18,7025910490
1851,9950100,8672889,18622989,7,0,0,36352,6,10537508630
1852,9951320,6127480,16078800,6,0,0,8192,8,8462053171
1853,9952360,6235755,16188115,3,0,0,5632,7,6296237760
1854,9954880,8484224,18439104,5,0,0,5120,7,1439669712
1855,9968220,7929720,17897940,3,0,0,21504,7,10256306501
1856,9976480,26649823,36626303,6,0,1,315392,8,8503262051
1857,9979861,9728767,19708628,2,0,0,28672,13,9100875860
1858,9995059,8413136,18408195,5,0,0,91136,7,10164163707
1859,9999570,8561543,18561113,6,0,0,18432,8,10671731971
1860,10007540,26627572,36635112,9,0,1,14336,17,3238895489
1861,10007650,7930059,17937709,7,0,0,7680,6,10579053784
1862,10009150,8128154,18137304,0,0,0,3072,18,9689377454
1863,10025080,26610425,36635505,1,0,1,2560,9,4147578599
1864,10030850,10464470,20495320,8,0,0,102912,17,8123637904
1865,10031229,26655480,36686709,0,0,1,18944,18,7093365561
1866,10031790,26655483,36687273,5,0,1,10752,7,6209258744
1867,10037150,8180266,18217416,5,0,0,50176,7,4853729691
1868,10040650,6557682,16598332,8,0,0,6144,17,3169691199
1869,10047240,26686714,36733954,3,0,1,9216,7,3050582641
1870,10047740,26694842,36742582,5,0,1,9216,7,3847320917
1871,10063830,10751914,20815744,4,0,0,10752,13,7027284846
1872,10074120,7103160,17177280,4,0,0,2560,13,3586021591
1873,10097750,8560158,18657908,7,0,0,43520,6,2434157756
1874,10102060,10513795,20615855,8,0,0,29184,17,1587531906
1875,10102630,10406364,20508994,6,0,0,30720,8,3244542360
1876,10114750,6934674,17049424,4,0,0,15872,13,6215599162
1877,10125521,26617084,36742605,8,0,1,1536,17,3323923842
1878,10131921,26610707,36742628,8,0,1,9728,17,4511358370
1879,10138581,26609678,36748259,8,0,1,6144,17,5966517754
1880,10140780,27071393,37212173,6,0,1,257536,8,7464969041
1881,10153870,27168980,37322850,6,0,1,77312,8,3038134434
1882,10168290,8246956,18415246,5,0,0,23040,7,6976092604
1883,10176730,7741977,17918707,3,0,0,2560,7,1026514202
1884,10183030,27140966,37323996,9,0,1,1024,17,3813667260
1885,10186360,6396899,16583259,8,0,0,5120,17,9484033857
1886,10187091,10772563,20959654,2,0,0,33280,13,8090861704
1887,10187750,27165183,37352933,9,0,1,21504,17,1692339502
1888,10190720,6425662,16616382,0,0,0,15872,18,6031025671
1889,10196880,8590102,18786982,4,0,0,68096,13,6007465171
1890,10197980,8595889,18793869,7,0,0,22528,6,8074418169
1891,10211270,6839113,17050383,0,0,0,3072,18,2849116109
1892,10213700,9471990,19685690,4,0,0,156160,13,4422654640
1893,10215270,9145061,19360331,6,0,0,2560,8,5824018308
1894,10220180,8654951,18875131,6,0,0,15872,8,3715100416
1895,10221420,27145318,37366738,1,0,1,9728,9,5025242226
1896,10221580,7507798,17729378,3,0,0,512,7,4887798859
1897,10225310,8336294,18561604,0,0,0,1536,18,4844615841
1898,10231830,7388431,17620261,4,0,0,53760,13,3681183859
1899,10232190,8315929,18548119,1,0,0,46592,9,1176868505
1900,10233090,7090578,17323668,8,0,0,62976,17,7714713142
1901,10257380,10872152,21129532,6,0,0,25088,8,10345826662
1902,10260280,7531264,17791544,6,0,0,8704,8,8668943965
1903,10269260,27165970,37435230,5,0,1,6144,7,9530616492
1904,10285420,6886208,17171628,0,0,0,9216,18,7877129667
1905,10292920,27142333,37435253,0,0,1,14336,18,8797568532
1906,10300120,7694660,17994780,4,0,0,21504,13,435203982
1907,10300500,27157731,37458231,2,0,1,13312,13,427608767
1908,10301860,27179480,37481340,9,0,1,23040,17,7301242239
1909,10304520,8989452,19293972,6,0,0,35328,8,3234599124
1910,10305940,10895898,21201838,5,0,0,9216,7,9131963545
1911,10311720,7635614,17947334,4,0,0,9728,13,3430191985
1912,10337520,10988128,21325648,7,0,0,36352,6,10265936213
1913,10338770,27183152,37521922,9,0,1,41984,17,7328023939
1914,10343600,7756689,18100289,0,0,0,14336,18,8462586753
1915,10348480,8743648,19092128,5,0,0,13824,7,9850621939
1916,10349510,27198969,37548479,0,0,1,8192,18,7771192491
1917,10373760,6608030,16981790,0,0,0,17920,18,8053002017
1918,10375500,8976026,19351526,4,0,0,33792,13,4015854035
1919,10377850,9375419,19753269,3,0,0,16896,7,4010612575
1920,10379260,11140186,21519446,4,0,0,22016,13,1362865269
1921,10379830,27169315,37549145,0,0,1,1024,18,4676767478
1922,10381360,8523984,18905344,1,0,0,58368,9,10014747783
1923,10395180,8036827,18432007,5,0,0,27648,7,5871234600
1924,10396090,27158854,37554944,7,0,1,19456,6,7490433865
1925,10396690,9010984,19407674,7,0,0,20480,6,5003398668
1926,10404920,6651437,17056357,0,0,0,13312,18,9606995741
1927,10404960,27153530,37558490,0,0,1,5632,18,7154965132
1928,10407320,11176379,21583699,4,0,0,35840,13,9255439436
1929,10410070,8708397,19118467,4,0,0,22016,13,6953871035
1930,10412570,11400720,21813290,6,0,0,3072,8,5037009558
1931,10416640,27155224,37571864,5,0,1,1024,7,6069187047
1932,10424650,7242828,17667478,6,0,0,26624,8,7422810606
1933,10447140,27124747,37571887,4,0,1,5632,13,9140502779
1934,10454710,27120061,37574771,3,0,1,6656,7,7291915490
1935,10459440,27129729,37589169,4,0,1,8192,13,5356578898
1936,10461570,11440886,21902456,7,0,0,43520,6,1744153646
1937,10468050,27123192,37591242,2,0,1,4096,13,2877657482
1938,10472540,8275997,18748537,1,0,0,88064,9,10715504520
1939,10478820,27132738,37611558,9,0,1,8192,17,4455105799
1940,10482600,7121258,17603858,7,0,0,9216,6,9153491008
1941,10485140,8708407,19193547,6,0,0,17920,8,9459971002
1942,10509081,7023204,17532285,2,0,0,1536,13,5424804039
1943,10512570,6885484,17398054,7,0,0,34816,6,7643654713
1944,10517191,6604802,17121993,2,0,0,3584,13,9248252465
1945,10525000,8746914,19271914,5,0,0,14848,7,9399215236
1946,10537680,6973305,17510985,7,0,0,12288,6,5623429824
1947,10544860,7506603,18051463,0,0,0,9728,18,2379895984
1948,10558211,7562489,18120700,2,0,0,13824,13,9461513846
1949,10560200,9310453,19870653,6,0,0,19968,8,9581404562
1950,10563650,7991824,18555474,8,0,0,24064,17,5276506481
1951,10569050,6916887,17485937,3,0,0,2048,7,6501386525
1952,10593170,6752944,17346114,0,0,0,12288,18,4511911680
1953,10600400,8011490,18611890,7,0,0,7168,6,3327643805
1954,10618630,26994874,37613504,4,0,1,3072,13,6810752501
1955,10626190,7284613,17910803,8,0,0,5120,17,2515678181
1956,10628150,7526576,18154726,8,0,0,5120,17,5229415024
1957,10630580,7561069,18191649,7,0,0,13824,6,6553907574
1958,10631640,6710707,17342347,1,0,0,1024,9,7323462715
1959,10635130,7087843,17722973,3,0,0,26624,7,8153740089
1960,10640620,9132047,19772667,4,0,0,27136,13,173278607
1961,10647370,8712158,19359528,5,0,0,14336,7,7969890229
1962,10658950,8636917,19295867,7,0,0,6144,6,1590374833
1963,10661370,7079768,17741138,5,0,0,512,7,963299158
1964,10672300,7029394,17701694,3,0,0,17408,7,6091918953
1965,10689190,8474282,19163472,0,0,0,100352,18,1209104810
1966,10699380,7010648,17710028,8,0,0,8704,17,9378491712
1967,10702510,26915284,37617794,9,0,1,5632,17,4917299023
1968,10703480,7427444,18130924,0,0,0,5632,18,4031435205
1969,10708230,7146405,17854635,6,0,0,5632,8,1468442424
1970,10719170,8453240,19172410,6,0,0,18944,8,1491922411
1971,10720650,7382314,18102964,1,0,0,8704,9,8365694335
1972,10725660,26917428,37643088,1,0,1,20480,9,7906498298
1973,10728190,8200577,18928767,1,0,0,76800,9,8646708770
1974,10729181,26913930,37643111,8,0,1,10240,17,8842095965
1975,10734570,7898309,18632879,3,0,0,512,7,896693300
1976,10739930,26906828,37646758,5,0,1,3072,7,2785291364
1977,10749020,11286090,22035110,0,0,0,24064,18,4624612988
1978,10749200,8417415,19166615,1,0,0,10240,9,1840751070
1979,10757611,7266442,18024053,2,0,0,7680,13,6405686757
1980,10760210,26912764,37672974,3,0,1,7168,7,1704444382
1981,10764930,8799090,19564020,4,0,0,29184,13,5030880125
1982,10765030,7283446,18048476,8,0,0,26112,17,1828259679
1983,10775080,8480408,19255488,4,0,0,4096,13,5002318874
1984,10779100,11704997,22484097,8,0,0,50688,17,5549213311
1985,10783350,26889647,37672997,1,0,1,19456,9,3133746128
1986,10787951,11501261,22289212,2,0,0,6144,13,567298202
1987,10793480,6982875,17776355,8,0,0,4096,17,7876622369
1988,10794600,26949206,37743806,9,0,1,2560,17,10578727819
1989,10794931,7376474,18171405,2,0,0,35840,13,1901756676
1990,10803690,8569768,19373458,6,0,0,43008,8,10102977302
1991,10832070,8230704,19062774,5,0,0,23040,7,4400475312
1992,10843150,26910058,37753208,1,0,1,22528,9,3983507786
1993,10847430,8916946,19764376,8,0,0,36352,17,6453794973
1994,10870690,27199802,38070492,6,0,1,144896,8,8080747301
1995,10879090,7094044,17973134,0,0,0,8704,18,5386671469
1996,10886030,9022642,19908672,8,0,0,8704,17,8450956725
1997,10888131,8717711,19605842,2,0,0,91136,13,6599655055
1998,10890200,7484097,18374297,3,0,0,26112,7,1135927084
1999,10893789,7377101,18270890,5,0,0,36864,7,210429693
2000,10895409,7074854,17970263,5,0,0,6144,7,10462561759
2001,10895440,8802331,19697771,8,0,0,10240,17,3325729032
2002,10896260,7207819,18104079,6,0,0,3584,8,10026076316
2003,10896600,27212921,38109521,3,0,1,24576,7,3402526531
2004,10901780,8593440,19495220,4,0,0,26624,13,656788999
2005,10904850,9174216,20079066,7,0,0,12288,6,6367926171
2006,10915120,8713902,19629022,8,0,0,27648,17,4530853849
2007,10928030,9016258,19944288,3,0,0,4608,7,1425662105
2008,10939530,27224099,38163629,5,0,1,9728,7,8765499392
2009,10941430,27225425,38166855,3,0,1,5120,7,2637852043
2010,10947710,27242940,38190650,3,0,1,5632,7,2991857056
2011,10948550,7298864,18247414,0,0,0,18432,18,7598326053
2012,10950500,27250295,38200795,9,0,1,7680,17,4711050960
2013,10960570,9334551,20295121,6,0,0,11776,8,4155010992
2014,10961280,9290812,20252092,3,0,0,44544,7,9694068895
2015,10969510,9146222,20115732,1,0,0,60928,9,285409578
2016,10970430,8834107,19804537,0,0,0,70656,18,3825606876
2017,10982420,8142154,19124574,8,0,0,19968,17,8609576549
2018,10993120,27244429,38237549,6,0,1,28160,8,8619064786
2019,11018700,7240078,18258778,0,0,0,10752,18,7485392839
2020,11019200,10148495,21167695,3,0,0,24064,7,5005814372
2021,11021701,27217794,38239495,8,0,1,3072,17,1705865120
2022,11024410,8691417,19715827,8,0,0,23552,17,4602847209
2023,11028610,27222771,38251381,3,0,1,7168,7,5243498461
2024,11028810,7388799,18417609,5,0,0,7680,7,2445973490
2025,11038360,7601406,18639766,6,0,0,22528,8,2227474765
2026,11040100,8876884,19916984,3,0,0,25088,7,722618387
2027,11049570,7480251,18529821,1,0,0,10240,9,6902591952
2028,11049771,7594854,18644625,2,0,0,15872,13,6579377615
2029,11050710,8866609,19917319,7,0,0,1024,6,9785552393
2030,11063760,9663579,20727339,7,0,0,50176,6,7184526523
2031,11067210,7375817,18443027,7,0,0,12800,6,6167648870
2032,11086100,7347802,18433902,3,0,0,6144,7,9109839807
2033,11100890,27379414,38480304,7,0,1,130560,6,5236084094
2034,11101500,27380878,38482378,9,0,1,8192,17,6140551782
2035,11114370,7181894,18296264,6,0,0,3072,8,7850487105
2036,11115620,7701695,18817315,6,0,0,2560,8,3834691943
2037,11136510,8180596,19317106,7,0,0,24064,6,10055892819
2038,11137211,8873153,20010364,2,0,0,15360,13,9204178415
2039,11140020,7393880,18533900,1,0,0,13312,9,3279224636
2040,11145061,7221257,18366318,2,0,0,2560,13,4497134644
2041,11151829,9233994,20385823,5,0,0,16896,7,9590283423
2042,11152570,7731044,18883614,4,0,0,25088,13,10146881072
2043,11155459,7477241,18632700,5,0,0,31744,7,138876688
2044,11158490,7279023,18437513,1,0,0,11776,9,5568398090
2045,11160070,10485393,21645463,1,0,0,72192,9,10586960250
2046,11160110,9458732,20618842,7,0,0,9728,6,408121522
2047,11161071,8369258,19530329,2,0,0,47104,13,4516946038
2048,11162580,7559102,18721682,8,0,0,34816,17,6788729392
2049,11166870,8964196,20131066,6,0,0,45056,8,10084869896
2050,11174490,7820804,18995294,1,0,0,35328,9,9989509263
2051,11175761,7906645,19082406,2,0,0,16896,13,8049784750
2052,11182100,11335839,22517939,4,0,0,4608,13,10672254335
2053,11183320,27352320,38535640,7,0,1,28672,6,6142217931
2054,11187680,8148356,19336036,4,0,0,11264,13,8625322915
2055,11188661,7759787,18948448,2,0,0,48128,13,3818094033
2056,11195501,8113784,19309285,2,0,0,14848,13,944688781
2057,11201770,8065597,19267367,1,0,0,38912,9,10386850959
2058,11206610,7798714,19005324,8,0,0,13824,17,9057453898
2059,11214610,27323616,38538226,9,0,1,4096,17,10532045065
2060,11224710,7973529,19198239,7,0,0,3072,6,2508475876
2061,11225270,27612036,38837306,7,0,1,179200,6,2113125560
2062,11226830,8105743,19332573,3,0,0,50688,7,1793970400
2063,11235340,27605723,38841063,3,0,1,3072,7,4870233172
2064,11248120,27595529,38843649,0,0,1,4096,18,10456429658
2065,11254330,8147081,19401411,7,0,0,12288,6,5000203980
2066,11262570,8765601,20028171,1,0,0,58368,9,5972727185
2067,11263550,8284141,19547691,7,0,0,15872,6,2912990422
2068,11264910,27603983,38868893,1,0,1,8704,9,7047317945
2069,11267100,7575039,18842139,6,0,0,1536,8,2079882306
2070,11273050,7728039,19001089,8,0,0,18944,17,5818329932
2071,11278231,27594208,38872439,8,0,1,5632,17,3042848586
2072,11285930,27590819,38876749,3,0,1,6144,7,4073332216
2073,11301800,7519906,18821706,6,0,0,14336,8,3798197031
2074,11304780,8332490,19637270,5,0,0,6656,7,8632898154
2075,11305550,27573465,38879015,0,0,1,3584,18,9958303816
2076,11307470,8899446,20206916,8,0,0,14336,17,1357411851
2077,11311250,8133559,19444809,8,0,0,22528,17,1126227194
2078,11316710,9542263,20858973,0,0,0,42496,18,10572969605
2079,11319110,27629536,38948646,5,0,1,12800,7,2421545034
2080,11321410,27629822,38951232,2,0,1,4096,13,7831399164
2081,11326941,7560596,18887537,2,0,0,12800,13,9935269184
2082,11336780,8388096,19724876,7,0,0,10752,6,2741260114
2083,11339689,8845447,20185136,5,0,0,53760,7,4503114173
2084,11339820,7590998,18930818,3,0,0,6656,7,467783214
2085,11342520,9665542,21008062,8,0,0,37376,17,5912683355
2086,11343110,7874580,19217690,0,0,0,21504,18,5664086796
2087,11345890,8287991,19633881,6,0,0,15872,8,9415327665
2088,11351370,8953928,20305298,7,0,0,23552,6,5898627029
2089,11360170,8757145,20117315,3,0,0,5120,7,7509517450
2090,11365980,8474685,19840665,4,0,0,26112,13,10178931834
2091,11367079,11222962,22590041,5,0,0,22016,7,2937951589
2092,11370150,8004735,19374885,3,0,0,4608,7,2702084936
2093,11370730,27599629,38970359,9,0,1,6656,17,4920213326
2094,11371180,7930794,19301974,6,0,0,19968,8,69899310
2095,11372190,10983334,22355524,3,0,0,62464,7,1957601344
2096,11373450,11299973,22673423,0,0,0,42496,18,335330437
2097,11399870,27613674,39013544,7,0,1,24576,6,2622599450
2098,11403930,9717327,21121257,1,0,0,13824,9,1626140053
2099,11417520,8197416,19614936,4,0,0,15872,13,5028718305
2100,11438100,8309998,19748098,8,0,0,46592,17,7556445164
2101,11442569,8848941,20291510,5,0,0,64000,7,8548012967
2102,11446930,11352271,22799201,6,0,0,30720,8,7692888903
2103,11449590,9204554,20654144,1,0,0,5632,9,5322516473
2104,11454190,8926462,20380652,8,0,0,2560,17,10499313410
2105,11464149,8086373,19550522,5,0,0,9216,7,10178471015
2106,11465720,7923100,19388820,7,0,0,24064,6,2153656357
2107,11473960,9108910,20582870,4,0,0,110592,13,6635325692
2108,11475061,11134132,22609193,2,0,0,44544,13,1825730714
2109,11491150,9749096,21240246,1,0,0,53248,9,8813053365
2110,11493230,8116847,19610077,8,0,0,13824,17,6713665591
2111,11494840,8328151,19822991,4,0,0,55808,13,5738132627
2112,11499760,8473222,19972982,0,0,0,9728,18,4754026174
2113,11505440,27545636,39051076,7,0,1,28672,6,5890224199
2114,11505529,8277457,19782986,5,0,0,33792,7,5293994322
2115,11511960,27539139,39051099,5,0,1,15872,7,4962964894
2116,11533439,8153834,19687273,5,0,0,5120,7,1937270639
2117,11538590,27531454,39070044,0,0,1,4096,18,1477109433
2118,11558861,8791632,20350493,2,0,0,24064,13,4913231725
2119,11561740,8422630,19984370,6,0,0,2048,8,2525327221
2120,11564200,27505867,39070067,1,0,1,24064,9,2784108622
2121,11570320,9378719,20949039,8,0,0,1024,17,6732646664
2122,11584230,27500462,39084692,0,0,1,1024,18,4358317601
2123,11596981,8235705,19832686,2,0,0,31744,13,9042844364
2124,11599820,8443691,20043511,0,0,0,11264,18,3688711661
2125,11618720,9694252,21312972,4,0,0,28672,13,8149407129
2126,11626200,27458838,39085038,5,0,1,512,7,1974576899
2127,11629089,8728603,20357692,5,0,0,23552,7,3631018213
2128,11632210,8638080,20270290,4,0,0,16384,13,2589248704
2129,11632720,8366366,19999086,3,0,0,22016,7,4467995820
2130,11649680,8044948,19694628,4,0,0,24064,13,757055791
2131,11651189,7925104,19576293,5,0,0,8192,7,9138552351
2132,11653151,8489464,20142615,2,0,0,16896,13,3424789111
2133,11654150,27431554,39085704,3,0,1,1024,7,2731931890
2134,11658390,27448582,39106972,1,0,1,15872,9,4596499365
2135,11663960,8142004,19805964,8,0,0,4608,17,10676646414
2136,11668500,7883917,19552417,1,0,0,6144,9,7526022179
2137,11669730,27437498,39107228,9,0,1,9216,17,7668969350
2138,11670310,8369746,20040056,7,0,0,12288,6,2526070613
2139,11675490,8525466,20200956,6,0,0,23040,8,1344713633
2140,11675650,11424106,23099756,1,0,0,24064,9,3478952335
2141,11687070,11289899,22976969,1,0,0,79872,9,4272310885
2142,11688381,8548221,20236602,2,0,0,26624,13,8412207452
2143,11694900,8639312,20334212,3,0,0,12288,7,3943514820
2144,11699360,27488020,39187380,9,0,1,2560,17,6018164541
2145,11724650,27465636,39190286,4,0,1,4608,13,5550023418
2146,11734020,27456612,39190632,7,0,1,512,6,3136794184
2147,11735750,8959661,20695411,0,0,0,75264,18,743187355
2148,11740220,8160119,19900339,4,0,0,19456,13,3553797075
2149,11755221,8207375,19962596,2,0,0,17408,13,8372350291
2150,11757970,11689132,23447102,6,0,0,76288,8,2332196150
2151,11758179,8169835,19928014,5,0,0,9728,7,7892472032
2152,11763580,8396405,20159985,1,0,0,30720,9,5194937496
2153,11769020,8083350,19852370,1,0,0,2048,9,1938165552
2154,11772430,8378164,20150594,4,0,0,26112,13,122559011
2155,11776590,9016883,20793473,1,0,0,38400,9,813791445
2156,11781521,8112867,19894388,2,0,0,21504,13,7987850760
2157,11796730,27398408,39195138,7,0,1,7168,6,2315807449
2158,11797660,27398144,39195804,2,0,1,1024,13,8056435640
2159,11802079,8331506,20133585,5,0,0,8192,7,2171211636
2160,11806801,9254507,21061308,2,0,0,17408,13,7658004749
2161,11807551,8430946,20238497,2,0,0,6144,13,5100838008
2162,11817300,8695426,20512726,5,0,0,7680,7,7304919156
2163,11819820,11714468,23534288,6,0,0,16896,8,3974720920
2164,11827650,27369836,39197486,1,0,1,512,9,5155350529
2165,11829970,8217426,20047396,8,0,0,10240,17,3752798536
2166,11830700,8174961,20005661,6,0,0,21504,8,10226708534
2167,11832810,27365342,39198152,3,0,1,1024,7,1262569155
2168,11847310,9688349,21535659,4,0,0,6144,13,1063796136
2169,11847990,27351788,39199778,5,0,1,2560,7,3053093025
2170,11864310,8499155,20363465,3,0,0,6144,7,4674219916
2171,11867391,9235062,21102453,2,0,0,32768,13,4066870952
2172,11870800,8322958,20193758,5,0,0,6144,7,3305515997
2173,11871291,8624988,20496279,2,0,0,3072,13,3033900754
2174,11877870,8951276,20829146,6,0,0,31232,8,6010864329
2175,11895920,8431642,20327562,7,0,0,24064,6,1510206118
2176,11896660,8727049,20623709,6,0,0,15872,8,5907008014
2177,11897480,27611418,39508898,3,0,1,22016,7,4484663700
2178,11900320,9478526,21378846,6,0,0,16896,8,6469854377
2179,11909449,8427701,20337150,5,0,0,5120,7,7043623596
2180,11911941,27741566,39653507,8,0,1,3584,17,9841549266
2181,11916640,9840101,21756741,4,0,0,27648,13,9639826858
2182,11922481,9695522,21618003,2,0,0,27136,13,4594349935
2183,11927200,8459894,20387094,4,0,0,4096,13,896684994
2184,11929200,9244290,21173490,4,0,0,18944,13,8751763972
2185,11934731,27718799,39653530,8,0,1,17920,17,1055359548
2186,11938241,8198035,20136276,2,0,0,8704,13,5145181743
2187,11943820,27714493,39658313,0,0,1,12800,18,3380563155
2188,11959510,8337506,20297016,1,0,0,6144,9,8186171651
2189,11964470,9046579,21011049,1,0,0,9728,9,6809402343
2190,11966370,27695935,39662305,0,0,1,1536,18,4804739189
2191,11977490,27825768,39803258,0,0,1,7680,18,7295931091
2192,11979720,11691648,23671368,1,0,0,13824,9,4123879051
2193,11984900,8793482,20778382,0,0,0,10240,18,5442217092
2194,11995500,9060481,21055981,5,0,0,8192,7,5535634173
2195,12000750,27802531,39803281,2,0,1,2560,13,6413699706
2196,12003230,9923377,21926607,5,0,0,49664,7,7234764883
2197,12011470,8748087,20759557,7,0,0,27136,6,4345284413
2198,12021160,11711266,23732426,4,0,0,3584,13,8143863961
2199,12026680,8562921,20589601,8,0,0,22016,17,7930601861
2200,12030640,10126571,22157211,6,0,0,12800,8,9732052399
2201,12037710,9301214,21338924,3,0,0,10752,7,8466558468
2202,12042420,27760884,39803304,1,0,1,14848,9,2957724701
2203,12046460,27859338,39905798,6,0,1,12800,8,5488902098
2204,12051880,8176587,20228467,5,0,0,10240,7,5951609119
2205,12052360,27860059,39912419,7,0,1,16896,6,3860039761
2206,12064440,10213435,22277875,0,0,0,72704,18,7416033356
2207,12065340,27862068,39927408,2,0,1,3584,13,3392668792
2208,12071710,27883601,39955311,3,0,1,1536,7,6227735481
2209,12093230,9164846,21258076,6,0,0,55808,8,5892635436
2210,12094020,8887676,20981696,1,0,0,53760,9,10664321211
2211,12100370,27854964,39955334,2,0,1,1024,13,7438088104
2212,12100730,27855190,39955920,5,0,1,1536,7,1922334582
2213,12117540,27839046,39956586,0,0,1,1024,18,9101344859
2214,12139670,8252393,20392063,5,0,0,9216,7,7790088775
2215,12147560,9308485,21456045,6,0,0,56320,8,1040399896
2216,12152111,8901351,21053462,2,0,0,20992,13,678715384
2217,12161950,8540348,20702298,7,0,0,22528,6,10272375612
2218,12163300,27798471,39961771,3,0,1,16384,7,3590168863
2219,12163850,8165295,20329145,8,0,0,5120,17,1638525554
2220,12175530,8821121,20996651,7,0,0,23552,6,588670413
2221,12182000,8921880,21103880,3,0,0,4608,7,8123360627
2222,12199830,8188291,20388121,8,0,0,1536,17,4674098468
2223,12226840,8637304,20864144,1,0,0,16896,9,8046789235
2224,12227480,27752796,39980276,5,0,1,3072,7,7798578130
2225,12239830,8367110,20606940,8,0,0,56832,17,4924141801
2226,12243870,9181491,21425361,8,0,0,27648,17,8524290403
2227,12248410,9460509,21708919,6,0,0,3584,8,5614302217
2228,12249400,9321353,21570753,0,0,0,2048,18,7858019602
2229,12251950,8775635,21027585,3,0,0,5632,7,7171409929
2230,12262450,8169468,20431918,4,0,0,10240,13,3122477803
2231,12276960,8883380,21160340,8,0,0,37376,17,10013052408
2232,12282960,11766375,24049335,4,0,0,78848,13,1573575793
2233,12285130,27697732,39982862,5,0,1,4096,7,564613776
2234,12303510,9227736,21531246,9,0,0,12800,17,518390134
2235,12307120,10209392,22516512,1,0,0,72192,9,5769421752
2236,12314841,8530736,20845577,2,0,0,12800,13,5263970516
2237,12314960,8310800,20625760,6,0,0,6656,8,1477781057
2238,12316270,10101233,22417503,5,0,0,17920,7,925398425
2239,12325470,27658698,39984168,9,0,1,2048,17,2638572023
2240,12326711,8475629,20802340,2,0,0,2048,13,2075173008
2241,12329150,9688306,22017456,8,0,0,4608,17,6916790548
2242,12332500,8406250,20738750,6,0,0,37376,8,4010901852
2243,12351690,27665793,40017483,9,0,1,1536,17,5794477183
2244,12355240,8923811,21279051,6,0,0,20992,8,5886752271
2245,12356280,8792649,21148929,1,0,0,19456,9,8701299702
2246,12373070,27676086,40049156,0,0,1,39424,18,5723272052
2247,12374601,8551369,20925970,2,0,0,23552,13,7036180090
2248,12376570,9022937,21399507,3,0,0,38400,7,454371344
2249,12377800,27681949,40059749,0,0,1,15360,18,6059468328
2250,12381130,9101056,21482186,3,0,0,27648,7,5930548955
2251,12385041,9127674,21512715,2,0,0,79872,13,2320370802
2252,12385910,8481700,20867610,8,0,0,1024,17,5617964620
2253,12391770,8685875,21077645,0,0,0,26112,18,774427556
2254,12402740,9191322,21594062,7,0,0,24576,6,9753134315
2255,12408950,10570546,22979496,0,0,0,8192,18,6354952088
2256,12409450,27651647,40061097,3,0,1,10752,7,6679921353
2257,12429420,27631879,40061299,1,0,1,512,9,4466617687
2258,12434190,8759788,21193978,4,0,0,3584,13,2181888129
2259,12442431,27624117,40066548,8,0,1,3584,17,2189707002
2260,12453430,8721183,21174613,0,0,0,3584,18,7003950488
2261,12454300,8585002,21039302,8,0,0,14848,17,4421132494
2262,12456320,27610294,40066614,5,0,1,512,7,2042039631
2263,12456570,8682675,21139245,0,0,0,17920,18,5268990196
2264,12461550,9237784,21699334,5,0,0,35840,7,7688204320
2265,12466760,8799128,21265888,1,0,0,1536,9,4870256008
2266,12468580,12076655,24545235,4,0,0,31744,13,5589450370
2267,12471450,9323551,21795001,8,0,0,21504,17,408054100
2268,12473370,9202830,21676200,8,0,0,43520,17,690017223
2269,12484400,27583520,40067920,3,0,1,2048,7,5890473149
2270,12485260,27587806,40073066,7,0,1,8192,6,10106218806
2271,12487640,9377267,21864907,0,0,0,10240,18,817568084
2272,12493110,12116127,24609237,1,0,0,13824,9,10307465622
2273,12496260,8839365,21335625,0,0,0,20480,18,3379720253
2274,12498410,8885763,21384173,5,0,0,17408,7,1380472571
2275,12501580,27574712,40076292,0,0,1,5120,18,832910834
2276,12512270,9215980,21728250,0,0,0,31744,18,8279415758
2277,12512940,11016177,23529117,0,0,0,121856,18,10484062543
2278,12523320,8864464,21387784,1,0,0,11776,9,5538992279
2279,12537331,8725138,21262469,2,0,0,13312,13,1011810095
2280,12540411,8700638,21241049,2,0,0,2560,13,62844603
2281,12542770,27534508,40077278,7,0,1,1536,6,9564449809
2282,12550640,9137751,21688391,8,0,0,39936,17,7827595938
2283,12554810,27530840,40085650,7,0,1,13312,6,1630018738
2284,12555750,8971565,21527315,7,0,0,25600,6,1138257846
2285,12556190,27626183,40182373,7,0,1,11264,6,2422568016
2286,12556500,27625896,40182396,9,0,1,512,17,9758269634
2287,12570010,9257921,21827931,6,0,0,3072,8,10137774241
2288,12572811,10968520,23541331,2,0,0,23040,13,2657826199
2289,12574670,27615260,40189930,7,0,1,6656,6,8215460800
2290,12575960,8728119,21304079,8,0,0,2560,17,6887351868
2291,12583220,9619141,22202361,4,0,0,3584,13,4437167794
2292,12600090,8827166,21427256,4,0,0,6144,13,10508944169
2293,12606290,27606665,40212955,0,0,1,1024,18,6857666377
2294,12615830,12142219,24758049,1,0,0,91648,9,6955464406
2295,12619580,9938613,22558193,5,0,0,27648,7,1166120957
2296,12621820,27594948,40216768,3,0,1,7168,7,7940740561
2297,12638690,27578101,40216791,9,0,1,512,17,3039076279
2298,12639250,9149176,21788426,7,0,0,20480,6,10360398696
2299,12639380,8983638,21623018,5,0,0,16384,7,5959737296
2300,12647081,8897439,21544520,2,0,0,5120,13,7641828162
2301,12649690,8947850,21597540,7,0,0,8192,6,2990494747
2302,12652581,9357782,22010363,2,0,0,14336,13,1464572274
2303,12652959,27650114,40303073,0,0,1,13312,18,10120666953
2304,12653490,9153027,21806517,0,0,0,29696,18,9519211156
2305,12660790,27647367,40308157,7,0,1,4096,6,5702303406
2306,12662560,9824243,22486803,0,0,0,8704,18,8617286632
2307,12662770,8932251,21595021,1,0,0,3072,9,9044016587
2308,12669300,27640483,40309783,2,0,1,2560,13,2815617475
2309,12669750,9903652,22573402,1,0,0,3072,9,1888071088
2310,12672550,27641419,40313969,4,0,1,6656,13,1979636367
2311,12677650,10109215,22786865,8,0,0,22528,17,3104017690
2312,12680600,9126564,21807164,8,0,0,2048,17,10071634220
2313,12680980,27893770,40574750,6,0,1,28672,8,9587861384
2314,12683130,10149305,22832435,8,0,0,4608,17,5608470022
2315,12696120,27878653,40574773,7,0,1,7168,6,1598443680
2316,12699780,27875016,40574796,5,0,1,8704,7,3180063822
2317,12705750,8941296,21647046,5,0,0,5120,7,8587203400
2318,12714200,27940804,40655004,0,0,1,20480,18,2231892533
2319,12721290,9368869,22090159,8,0,0,11776,17,7616377518
2320,12723460,9212327,21935787,6,0,0,9216,8,3444064155
2321,12726680,9432383,22159063,8,0,0,1536,17,8220844561
2322,12737330,27990434,40727764,0,0,1,3072,18,9716034377
2323,12737420,9074911,21812331,5,0,0,14336,7,8014297903
2324,12738470,9110107,21848577,4,0,0,6144,13,4449632326
2325,12742071,10247588,22989659,2,0,0,33280,13,6863678161
2326,12748030,9951038,22699068,7,0,0,512,6,8662666207
2327,12750700,27985066,40735766,1,0,1,3072,9,2638957307
2328,12755040,8904911,21659951,6,0,0,512,8,2194868940
2329,12759940,27975849,40735789,6,0,1,8704,8,1746943739
2330,12774910,8932894,21707804,8,0,0,18944,17,812354383
2331,12775660,9135532,21911192,4,0,0,6656,13,610922888
2332,12777280,9332301,22109581,3,0,0,25088,7,8177682172
2333,12779330,27994025,40773355,6,0,1,10240,8,6082683174
2334,12780760,8921249,21702009,6,0,0,8704,8,4666568496
2335,12783650,9168902,21952552,5,0,0,17408,7,5186297387
2336,12794150,12148999,24943149,8,0,0,46592,17,58803358
2337,12797511,27976830,40774341,8,0,1,1536,17,6429701111
2338,12798100,9536915,22335015,6,0,0,49664,8,10071358564
2339,12798730,27977237,40775967,1,0,1,2560,9,2145511523
2340,12815720,9652910,22468630,0,0,0,4608,18,6111263728
2341,12818240,28015162,40833402,2,0,1,26624,13,1064071184
2342,12819150,9042591,21861741,6,0,0,29184,8,4418913545
2343,12822480,9237688,22060168,7,0,0,55808,6,2481274886
2344,12827170,9243785,22070955,3,0,0,35328,7,3305170413
2345,12833490,9846040,22679530,1,0,0,19968,9,4250731445
2346,12834780,9415726,22250506,0,0,0,91136,18,5063291061
2347,12835000,9659493,22494493,6,0,0,20480,8,7276025771
2348,12835860,9419817,22255677,0,0,0,16896,18,4891060059
2349,12836430,11791261,24627691,4,0,0,3072,13,7323131771
2350,12838390,28006716,40845106,7,0,1,3584,6,3862475827
2351,12840140,10205078,23045218,7,0,0,3072,6,10489056534
2352,12856280,27988849,40845129,3,0,1,2560,7,6071505673
2353,12868530,28125918,40994448,1,0,1,23552,9,1212311432
2354,12870350,9242406,22112756,8,0,0,512,17,3890086547
2355,12888250,9644399,22532649,4,0,0,27136,13,1690308834
2356,12890360,9962431,22852791,6,0,0,50688,8,1220291993
2357,12893380,9561921,22455301,4,0,0,82944,13,8613454301
2358,12903211,9183329,22086540,2,0,0,12800,13,6533302113
2359,12903280,11901269,24804549,1,0,0,82944,9,765778001
2360,12908810,9558393,22467203,8,0,0,3072,17,5387272361
2361,12911410,28090416,41001826,9,0,1,512,17,8625007309
2362,12918300,9511706,22430006,1,0,0,40960,9,5159953364
2363,12918370,9959648,22878018,8,0,0,27136,17,5992725191
2364,12920840,12176195,25097035,4,0,0,37888,13,5110943370
2365,12921890,9650522,22572412,9,0,0,46592,17,2229566468
2366,12939060,28062789,41001849,2,0,1,4608,13,4353790240
2367,12939650,9691406,22631056,6,0,0,71680,8,9581258526
2368,12948350,28062156,41010506,6,0,1,14848,8,5859818928
2369,12952130,28058399,41010529,7,0,1,1536,6,6597628948
2370,12959840,9320552,22280392,1,0,0,1024,9,8145064571
2371,12960750,9505494,22466244,5,0,0,35840,7,2549916969
2372,12963170,9119447,22082617,6,0,0,4608,8,1914028738
2373,12966990,9869722,22836712,5,0,0,4096,7,10664432469
2374,12969080,9555278,22524358,3,0,0,20992,7,4223177251
2375,12983260,28072169,41055429,7,0,1,17408,6,8278331093
2376,12988000,28067452,41055452,3,0,1,2560,7,1146763138
2377,12991440,10025286,23016726,8,0,0,9216,17,5635482015
2378,13013580,28041895,41055475,7,0,1,1536,6,3732554218
2379,13018400,9348982,22367382,5,0,0,30720,7,5471129363
2380,13018990,11827085,24846075,0,0,0,21504,18,2752325978
2381,13028871,28132214,41161085,8,0,1,31232,17,4751351059
2382,13030171,28150776,41180947,8,0,1,4096,17,6748710878
2383,13037940,9175388,22213328,0,0,0,2560,18,10071786390
2384,13041170,10115258,23156428,6,0,0,9728,8,4392718929
2385,13063420,9424810,22488230,3,0,0,4608,7,9699971907
2386,13069721,28112532,41182253,8,0,1,2048,17,5847790319
2387,13071590,12224456,25296046,3,0,0,102400,7,5867027969
2388,13074800,9205257,22280057,7,0,0,6656,6,5611092199
2389,13077650,10115932,23193582,3,0,0,27136,7,2120218827
2390,13090440,9939892,23030332,6,0,0,7168,8,10093162321
2391,13094510,28092720,41187230,3,0,1,2048,7,4567868147
2392,13102550,9619971,22722521,6,0,0,10240,8,9939004942
2393,13104480,9532527,22637007,6,0,0,19456,8,5918437094
2394,13111490,28124703,41236193,0,0,1,11264,18,3557664561
2395,13112640,9528419,22641059,6,0,0,6144,8,6106744117
2396,13120870,9419914,22540784,1,0,0,26624,9,8001159827
2397,13131220,28110933,41242153,5,0,1,2560,7,1394872004
2398,13131851,28110325,41242176,8,0,1,4096,17,10681612575
2399,13135560,12290801,25426361,6,0,0,98816,8,6193018585
2400,13135680,9622368,22758048,1,0,0,32768,9,9993220566
2401,13135891,28106308,41242199,8,0,1,2560,17,10512354901
2402,13136980,9860510,22997490,5,0,0,25600,7,7470671962
2403,13143310,12287309,25430619,3,0,0,3072,7,5738955397
2404,13167930,9924471,23092401,6,0,0,56832,8,5520237381
2405,13197510,10469623,23667133,0,0,0,31232,18,9026498615
2406,13199180,9715750,22914930,6,0,0,37376,8,9043074278
2407,13199920,10370302,23570222,1,0,0,94720,9,6076719394
2408,13200140,10087696,23287836,7,0,0,102400,6,1377731899
2409,13203760,9554779,22758539,5,0,0,1536,7,1024691688
2410,13204991,10272710,23477701,2,0,0,100352,13,6577386057
2411,13208000,10176969,23384969,5,0,0,36352,7,6939985340
2412,13208810,10497495,23706305,6,0,0,86528,8,6674958618
2413,13240440,28051477,41291917,1,0,1,1536,9,4534238114
2414,13243610,10061033,23304643,3,0,0,25600,7,6177368496
2415,13264430,10032344,23296774,6,0,0,2560,8,10455324340
2416,13269640,9682970,22952610,3,0,0,14848,7,10147992286
2417,13278610,9795805,23074415,4,0,0,6144,13,8045629296
2418,13285510,9526645,22812155,9,0,0,3584,17,8861189628
2419,13305920,10552254,23858174,6,0,0,30208,8,8735410113
2420,13313690,9934120,23247810,1,0,0,9216,9,1438279612
2421,13314650,9747303,23061953,4,0,0,3584,13,3274773653
2422,13324490,10011941,23336431,7,0,0,28672,6,5170129749
2423,13327310,9697346,23024656,6,0,0,8704,8,6289888363
2424,13333820,10456272,23790092,6,0,0,3584,8,9378582550
2425,13346540,10244632,23591172,5,0,0,9728,7,6613809286
2426,13352450,10250636,23603086,8,0,0,10240,17,1584670726
2427,13353040,27938900,41291940,1,0,1,512,9,2176827558
2428,13366970,9705550,23072520,5,0,0,29184,7,1283458520
2429,13367310,10386759,23754069,0,0,0,9728,18,5538549838
2430,13369100,9958572,23327672,6,0,0,65024,8,2743772187
2431,13370830,27939564,41310394,6,0,1,4608,8,3670635110
2432,13379150,10760791,24139941,8,0,0,25600,17,6033476956
2433,13385330,27934626,41319956,6,0,1,8192,8,3422287948
2434,13387020,10461927,23848947,0,0,0,31744,18,10360023907
2435,13397770,10433404,23831174,1,0,0,11264,9,3830304026
2436,13398090,9975780,23373870,3,0,0,74752,7,9542318518
2437,13408760,9590477,22999237,0,0,0,5632,18,2237055346
2438,13412160,9932094,23344254,4,0,0,25600,13,5426349251
2439,13413481,10565011,23978492,2,0,0,57856,13,6150731068
2440,13415020,9605473,23020493,1,0,0,12288,9,7624265719
2441,13420020,9702791,23122811,5,0,0,7168,7,7454300863
2442,13420400,28023741,41444141,9,0,1,4096,17,6878652184
2443,13425410,9649652,23075062,0,0,0,2048,18,5896874532
2444,13431120,10288000,23719120,7,0,0,41984,6,5085275971
2445,13447680,9898625,23346305,0,0,0,6656,18,2816458022
2446,13450340,10041626,23491966,8,0,0,26624,17,5566367038
2447,13451970,9648883,23100853,7,0,0,2048,6,5858412310
2448,13472019,12032419,25504438,0,0,0,12800,18,1319252088
2449,13472250,9765904,23238154,0,0,0,4608,18,9234975549
2450,13480300,10107885,23588185,4,0,0,58880,13,5093195961
2451,13481180,27962992,41444172,7,0,1,3584,6,3740829889
2452,13481450,27962753,41444203,0,0,1,4608,18,4795146500
2453,13497960,12268894,25766854,4,0,0,45056,13,2168692109
2454,13504550,27939676,41444226,0,0,1,12800,18,6343867523
2455,13513680,28059013,41572693,0,0,1,4096,18,7093459109
2456,13516010,9967821,23483831,3,0,0,11776,7,10443789993
2457,13518270,28054446,41572716,6,0,1,1024,8,3650868346
2458,13518900,10100424,23619324,4,0,0,29696,13,7822774476
2459,13532380,28040359,41572739,6,0,1,512,8,3700501739
2460,13534920,9761051,23295971,5,0,0,26624,7,1589222663
2461,13547881,10363137,23911018,2,0,0,22528,13,5079565750
2462,13554960,9925260,23480220,7,0,0,8192,6,9581841909
2463,13558650,10694469,24253119,1,0,0,12800,9,10538854259
2464,13586650,12401934,25988584,8,0,0,8192,17,2885212539
2465,13589701,12384997,25974698,2,0,0,44544,13,1419076669
2466,13605900,10409779,24015679,5,0,0,20992,7,5796362692
2467,13608230,10071688,23679918,5,0,0,15872,7,7549041115
2468,13614030,9985913,23599943,1,0,0,12800,9,4648184006
2469,13625310,10383950,24009260,8,0,0,50176,17,4957181441
2470,13637200,27984625,41621825,7,0,1,23552,6,4307558087
2471,13638740,28027052,41665792,1,0,1,8704,9,9846021513
2472,13655990,10001604,23657594,6,0,0,97792,8,7090881461
2473,13659270,10856887,24516157,8,0,0,11264,17,5961725025
2474,13662730,28132130,41794860,9,0,1,4096,17,702358560
2475,13664130,12638312,26302442,4,0,0,7168,13,10488709509
2476,13675260,10080236,23755496,8,0,0,4608,17,7125313022
2477,13676720,28122233,41798953,6,0,1,4608,8,1776470468
2478,13677340,10073742,23751082,9,0,0,37376,17,451730139
2479,13685230,10437084,24122314,7,0,0,28160,6,9812299714
2480,13689751,10049920,23739671,2,0,0,8704,13,4629004132
2481,13697570,10226675,23924245,5,0,0,23040,7,2763972001
2482,13700550,10036446,23736996,8,0,0,7680,17,5547103130
2483,13700761,28101831,41802592,8,0,1,7680,17,692327071
2484,13704270,10184949,23889219,1,0,0,14336,9,6461429889
2485,13716620,28091669,41808289,2,0,1,18944,13,4554332588
2486,13740910,9993723,23734633,3,0,0,7168,7,742357446
2487,13740940,10126929,23867869,3,0,0,31744,7,5584112797
2488,13746580,10214261,23960841,1,0,0,16384,9,2638837379
2489,13747430,9983881,23731311,5,0,0,39936,7,4388335536
2490,13750420,10034200,23784620,8,0,0,15872,17,1025656562
2491,13756750,10033942,23790692,6,0,0,512,8,4287777564
2492,13757160,10231183,23988343,1,0,0,32256,9,3855865524
2493,13757790,10030566,23788356,4,0,0,7680,13,9637509934
2494,13768301,13157721,26926022,2,0,0,75264,13,4143164056
2495,13771130,28047258,41818388,7,0,1,8192,6,3513823727
2496,13780740,10404721,24185461,0,0,0,48128,18,2179790873
2497,13790770,10543600,24334370,1,0,0,42496,9,2446029916
2498,13795041,10334714,24129755,2,0,0,2560,13,9473511627
2499,13807270,10894620,24701890,4,0,0,23552,13,291379831
2500,13809570,11745055,25554625,7,0,0,31232,6,9234394239
2501,13809660,11138660,24948320,4,0,0,16896,13,9466835550
2502,13811040,10283643,24094683,6,0,0,86528,8,3960215172
2503,13814510,10482898,24297408,4,0,0,93184,13,6146351148
2504,13819070,10523310,24342380,3,0,0,26112,7,2244351876
2505,13819550,28043154,41862704,0,0,1,13312,18,3293628091
2506,13831060,10265674,24096734,7,0,0,6656,6,6829280715
2507,13837950,10316398,24154348,6,0,0,6144,8,2827952610
2508,13843210,10364558,24207768,5,0,0,6656,7,6453470136
2509,13849260,10352670,24201930,7,0,0,13824,6,4827671090
2510,13849490,10471901,24321391,5,0,0,78336,7,7576028845
2511,13866221,28077314,41943535,8,0,1,1024,17,3457278359
2512,13866460,28085182,41951642,6,0,1,5632,8,9692948672
2513,13871550,13586126,27457676,7,0,0,14848,6,10507242896
2514,13882981,10562878,24445859,2,0,0,512,13,6688662763
2515,13892060,10511461,24403521,6,0,0,11264,8,9664858985
2516,13905210,10504951,24410161,7,0,0,2048,6,7189295027
2517,13907560,28068091,41975651,0,0,1,5120,18,1941437378
2518,13919730,10349263,24268993,6,0,0,14848,8,1952021536
2519,13930181,10179079,24109260,2,0,0,40960,13,3737149965
2520,13937530,10233244,24170774,7,0,0,50688,6,269829633
2521,13938081,28037593,41975674,8,0,1,2560,17,4321530228
2522,13950740,11015213,24965953,6,0,0,18944,8,2642982303
2523,13950790,11113017,25063807,0,0,0,112128,18,7768945568
2524,13958171,10235893,24194064,2,0,0,28160,13,5133559614
2525,13965230,10843265,24808495,0,0,0,12800,18,10138141101
2526,13966840,28008857,41975697,3,0,1,1536,7,2821430452
2527,13967620,10509167,24476787,4,0,0,3584,13,9626444152
2528,13969680,28006040,41975720,3,0,1,4608,7,5188707147
2529,13975371,10286575,24261946,2,0,0,15360,13,10597267941
2530,13981570,28104178,42085748,5,0,1,3072,7,6877015379
2531,13995570,10553588,24549158,5,0,0,12800,7,1672103774
2532,13997640,13603654,27601294,6,0,0,16896,8,8408487013
2533,13999630,28212044,42211674,6,0,1,16896,8,8377696190
2534,14007860,28203837,42211697,3,0,1,4096,7,7539123718
2535,14010570,10758734,24769304,5,0,0,36864,7,6720452170
2536,14014790,11100098,25114888,7,0,0,53760,6,2339987274
2537,14015820,10377168,24392988,6,0,0,1024,8,2610860613
2538,14021020,10500308,24521328,6,0,0,16896,8,8434894771
2539,14021131,13745897,27767028,2,0,0,57856,13,2237559121
2540,14028290,10369867,24398157,6,0,0,5632,8,8657184762
2541,14037950,10117357,24155307,3,0,0,3072,7,647665193
2542,14042670,11785660,25828330,0,0,0,85504,18,1999557957
2543,14053571,29397832,43451403,8,0,1,385536,17,2420339516
2544,14059361,10410179,24469540,2,0,0,45568,13,7041223378
2545,14059650,10567082,24626732,6,0,0,57344,8,5268467208
2546,14069880,10442822,24512702,0,0,0,40448,18,5274768375
2547,14077480,29397000,43474480,6,0,1,4608,8,8997880783
2548,14088240,29387520,43475760,0,0,1,14336,18,712580323
2549,14089539,10995929,25085468,0,0,0,52224,18,10386681276
2550,14094610,10471478,24566088,6,0,0,17408,8,3229818151
2551,14100630,29478911,43579541,2,0,1,53248,13,1561486516
2552,14110600,29472107,43582707,3,0,1,1536,7,10004398132
2553,14119991,29755231,43875222,8,0,1,144896,17,3827017804
2554,14129500,10559396,24688896,3,0,0,6144,7,7775676516
2555,14131659,11123470,25255129,0,0,0,10752,18,4938784650
2556,14138060,29737185,43875245,5,0,1,7168,7,3121365635
2557,14139490,10886702,25026192,6,0,0,28160,8,5797057419
2558,14142410,29782322,43924732,0,0,1,10752,18,157862096
2559,14144080,10492817,24636897,1,0,0,8704,9,5609430885
2560,14156120,10435442,24591562,4,0,0,16896,13,9566900218
2561,14163211,29780204,43943415,8,0,1,512,17,6249503722
2562,14166640,10537153,24703793,9,0,0,6144,17,7986387112
2563,14167020,10519178,24686198,6,0,0,35328,8,7406511072
2564,14173760,10520931,24694691,7,0,0,18944,6,7474092778
2565,14178060,10322295,24500355,6,0,0,25600,8,1143770760
2566,14181810,11309148,25490958,7,0,0,15872,6,4041835412
2567,14200880,13752225,27953105,4,0,0,126976,13,3768492394
2568,14201550,29741888,43943438,2,0,1,1024,13,8714253459
2569,14210370,13799250,28009620,0,0,0,44032,18,4329990698
2570,14215140,29728321,43943461,0,0,1,1536,18,4960523314
2571,14217460,10385345,24602805,3,0,0,17920,7,4805706885
2572,14217730,11138093,25355823,9,0,0,8192,17,4772178645
2573,14218019,13954590,28172609,0,0,0,10752,18,1277193371
2574,14221431,11238437,25459868,2,0,0,34816,13,653164790
2575,14234710,10666073,24900783,3,0,0,19456,7,5702572907
2576,14235890,29708241,43944131,6,0,1,5120,8,7408382170
2577,14239040,29705114,43944154,2,0,1,3072,13,7458569957
2578,14258870,11590441,25849311,9,0,0,22528,17,9113079974
2579,14267730,10501932,24769662,4,0,0,512,13,963870715
2580,14272850,11091264,25364114,6,0,0,27136,8,10400735080
2581,14274659,10948723,25223382,0,0,0,19968,18,3275151971
2582,14287980,11505278,25793258,3,0,0,35328,7,5226910366
2583,14303140,10997164,25300304,9,0,0,8704,17,4008663802
2584,14303890,10371521,24675411,6,0,0,33280,8,1511876254
2585,14311400,10375601,24687001,9,0,0,2560,17,4257073546
2586,14316929,10700614,25017543,0,0,0,90112,18,8684341824
2587,14320290,10394093,24714383,3,0,0,1024,7,7276785051
2588,14321371,13991463,28312834,2,0,0,35328,13,3428007293
2589,14322270,10447213,24769483,3,0,0,512,7,8827100904
2590,14326130,10387918,24714048,7,0,0,11776,6,2554022194
2591,14329730,14012246,28341976,5,0,0,14336,7,9085691022
2592,14344820,11200266,25545086,6,0,0,20992,8,4576919264
2593,14349211,10567507,24916718,2,0,0,2048,13,1413887496
2594,14353380,11259105,25612485,1,0,0,10752,9,6653138079
2595,14354119,11287081,25641200,0,0,0,37888,18,5593932550
2596,14355421,11544313,25899734,2,0,0,14848,13,3192844738
2597,14357540,10452405,24809945,4,0,0,4608,13,3458159680
2598,14359261,29588949,43948210,8,0,1,8192,17,5765119842
2599,14371830,10521620,24893450,5,0,0,5120,7,8914561222
2600,14373450,11138657,25512107,1,0,0,24576,9,6797312634
2601,14374760,12728386,27103146,5,0,0,51712,7,3376275780
2602,14382820,10445270,24828090,9,0,0,4608,17,1121841998
2603,14383200,29571359,43954559,2,0,1,12800,13,3701418540
2604,14384550,10571846,24956396,3,0,0,5120,7,8863648268
2605,14385911,14073752,28459663,2,0,0,22016,13,10367073629
2606,14387951,10734916,25122867,2,0,0,26112,13,5224594406
2607,14395280,11090819,25486099,5,0,0,86016,7,5917935610
2608,14404570,29550576,43955146,5,0,1,8192,7,3928740905
2609,14411529,12244913,26656442,0,0,0,1536,18,7959514022
2610,14412460,11324586,25737046,7,0,0,11264,6,5654071421
2611,14413340,11441454,25854794,9,0,0,17920,17,7597766682
2612,14415640,10708990,25124630,1,0,0,5632,9,4059225990
2613,14417220,10681265,25098485,3,0,0,4608,7,3631817419
2614,14429750,10787525,25217275,3,0,0,41472,7,4390994926
2615,14431861,11664716,26096577,2,0,0,23040,13,2140395996
2616,14441430,11163365,25604795,9,0,0,71680,17,8551288291
2617,14442900,11497675,25940575,5,0,0,46080,7,4635436827
2618,14445050,10859021,25304071,4,0,0,12288,13,1846797131
2619,14454839,11726151,26180990,0,0,0,20992,18,5093138121
2620,14456450,10896854,25353304,4,0,0,87552,13,10633253765
2621,14462320,11166919,25629239,7,0,0,39424,6,6858239481
2622,14474730,29521373,43996103,2,0,1,4608,13,8058089276
2623,14486040,10811589,25297629,4,0,0,5120,13,7630394823
2624,14492210,10574116,25066326,8,0,0,8192,17,3010257832
2625,14497950,29850988,44348938,5,0,1,163840,7,10603984865
2626,14498630,29850331,44348961,0,0,1,4608,18,4720393375
2627,14500160,29862522,44362682,6,0,1,2048,8,10478188115
2628,14505281,29858067,44363348,8,0,1,1024,17,6306680922
2629,14508380,11452654,25961034,6,0,0,67072,8,5553104969
2630,14521590,11810405,26331995,7,0,0,14848,6,5566772994
2631,14528990,10964643,25493633,7,0,0,8704,6,1432218707
2632,14529030,10867177,25396207,6,0,0,84480,8,6414224015
2633,14538270,10956010,25494280,9,0,0,2048,17,10327309391
2634,14553290,11221075,25774365,4,0,0,24576,13,9975117385
2635,14564160,29803374,44367534,6,0,1,6656,8,9241800590
2636,14567181,29806716,44373897,8,0,1,10752,17,9517643977
2637,14570030,10689958,25259988,5,0,0,15872,7,9346980652
2638,14570040,11039146,25609186,4,0,0,14336,13,7257595630
2639,14580880,29798522,44379402,1,0,1,17920,9,9271442828
2640,14592110,10984518,25576628,6,0,0,3072,8,1134703577
2641,14594000,11072769,25666769,3,0,0,47104,7,10271765588
2642,14606880,29815648,44422528,7,0,1,1024,6,9143882774
2643,14613630,11696794,26310424,4,0,0,3584,13,4675494533
2644,14620980,10828154,25449134,6,0,0,9216,8,9763726285
2645,14624060,10680814,25304874,4,0,0,2560,13,9463835010
2646,14640800,29782242,44423042,1,0,1,4096,9,5254844713
2647,14640980,11110308,25751288,6,0,0,46592,8,1998947329
2648,14644990,29825075,44470065,2,0,1,7168,13,102424175
2649,14646250,10783410,25429660,4,0,0,10752,13,9389659494
2650,14661180,29881353,44542533,9,0,1,7680,17,6959595891
2651,14661910,29884169,44546079,3,0,1,5632,7,9631477863
2652,14673330,12288560,26961890,7,0,0,53760,6,6854717230
2653,14674680,29921097,44595777,2,0,1,7168,13,5132218062
2654,14683539,10621514,25305053,0,0,0,512,18,124851939
2655,14684700,29911100,44595800,3,0,1,12800,7,8821923336
2656,14693271,29906913,44600184,8,0,1,4096,17,1213651626
2657,14695270,12967717,27662987,4,0,0,54784,13,5621715515
2658,14704200,29896343,44600543,6,0,1,9728,8,7666805718
2659,14705360,11128453,25833813,4,0,0,17920,13,9760774934
2660,14710610,29891559,44602169,9,0,1,2560,17,6854977281
2661,14713400,11141729,25855129,5,0,0,1024,7,3725219060
2662,14715011,13814417,28529428,2,0,0,77824,13,5314021938
2663,14726340,11355918,26082258,5,0,0,59392,7,6840305239
2664,14726471,11547982,26274453,2,0,0,36864,13,5392158105
2665,14733411,11749063,26482474,2,0,0,64512,13,6525945833
2666,14733770,10999775,25733545,5,0,0,95232,7,7388406941
2667,14735531,10881673,25617204,2,0,0,15360,13,8442998142
2668,14745350,29858445,44603795,3,0,1,2560,7,6932994049
2669,14747310,29887382,44634692,1,0,1,12288,9,5431862225
2670,14754590,12432424,27187014,4,0,0,17920,13,459097249
2671,14760870,11035843,25796713,1,0,0,11264,9,8203341294
2672,14764520,11235873,26000393,4,0,0,512,13,2920913528
2673,14765930,11009862,25775792,1,0,0,4608,9,8213647891
2674,14783850,29850865,44634715,3,0,1,512,7,461149619
2675,14786560,11105774,25892334,7,0,0,16384,6,7973281589
2676,14787040,11960043,26747083,6,0,0,72704,8,2919295506
2677,14804610,13209401,28014011,5,0,0,14336,7,9713020048
2678,14804820,11082499,25887319,4,0,0,22528,13,6273814027
2679,14815370,29819368,44634738,6,0,1,12800,8,7292290324
2680,14815691,10853129,25668820,2,0,0,6656,13,5543043136
2681,14817150,11159131,25976281,3,0,0,5120,7,3932351389
2682,14825150,11207281,26032431,7,0,0,54272,6,6145249026
2683,14843691,29791070,44634761,8,0,1,2560,17,5889611908
2684,14843960,11014156,25858116,1,0,0,9728,9,6520399034
2685,14850860,11343920,26194780,6,0,0,7168,8,1754312081
2686,14851731,10990693,25842424,2,0,0,4608,13,6585238160
2687,14854390,11257117,26111507,1,0,0,6144,9,645924963
2688,14859749,12040277,26900026,0,0,0,3584,18,2653712826
2689,14860980,12565871,27426851,8,0,0,6144,17,8729278625
2690,14869451,29782112,44651563,8,0,1,6144,17,5366805204
2691,14870060,29792897,44662957,9,0,1,21504,17,108428237
2692,14880450,11399174,26279624,7,0,0,16896,6,4701591384
2693,14883060,13948451,28831511,6,0,0,1024,8,831472788
2694,14884310,12095003,26979313,3,0,0,45568,7,3045379585
2695,14887210,10946938,25834148,6,0,0,1024,8,1078032862
2696,14901990,11187536,26089526,3,0,0,23552,7,3962153233
2697,14905321,11009798,25915119,2,0,0,17408,13,9388071390
2698,14909960,11427986,26337946,4,0,0,19456,13,6297192207
2699,14910170,11390065,26300235,7,0,0,24576,6,8566088632
2700,14913469,11536234,26449703,0,0,0,2560,18,9772040554
2701,14923680,11603414,26527094,7,0,0,13312,6,2932355328
2702,14925201,12225475,27150676,2,0,0,20480,13,6025316345
2703,14930429,11227191,26157620,0,0,0,54272,18,2271944449
2704,14931990,12337824,27269814,4,0,0,72192,13,667307325
2705,14934180,29748915,44683095,1,0,1,6144,9,693978243
2706,14935340,12356071,27291411,3,0,0,4608,7,3959349628
2707,14947651,11731868,26679519,2,0,0,4096,13,10088101832
2708,14960239,11681909,26642148,0,0,0,24064,18,1870084451
2709,14965320,29726882,44692202,6,0,1,1024,8,7550513020
2710,14966160,11468192,26434352,4,0,0,27648,13,10067970801
2711,14969780,11220297,26190077,7,0,0,15872,6,9180428922
2712,14976170,11002630,25978800,6,0,0,8192,8,3516631141
2713,14976720,11245044,26221764,5,0,0,5120,7,5016424495
2714,14994390,29701998,44696388,1,0,1,6656,9,2785529382
2715,14998080,11440397,26438477,1,0,0,13312,9,5514350558
2716,15001180,29709681,44710861,5,0,1,31232,7,9057521055
2717,15004239,14021285,29025524,0,0,0,7168,18,5325670018
2718,15011620,29747258,44758878,0,0,1,2048,18,930835046
2719,15015470,11436163,26451633,7,0,0,6144,6,9690221738
2720,15017070,12395071,27412141,4,0,0,51712,13,9931739396
2721,15028150,11662018,26690168,7,0,0,28160,6,1389368305
2722,15029010,11323943,26352953,5,0,0,13824,7,6178581881
2723,15029670,11468121,26497791,4,0,0,15360,13,8456725424
2724,15030821,12021881,27052702,2,0,0,67584,13,6637361265
2725,15035640,12079073,27114713,3,0,0,37888,7,3329203698
2726,15037590,11379999,26417589,4,0,0,116224,13,686464796
2727,15044450,14157159,29201609,7,0,0,93184,6,4594134639
2728,15057350,11544452,26601802,7,0,0,13824,6,357495427
2729,15064009,11601996,26666005,0,0,0,5632,18,10205353600
2730,15067919,11528758,26596677,0,0,0,512,18,8442667220
2731,15077490,11578461,26655951,1,0,0,23040,9,7130838706
2732,15079200,11507157,26586357,7,0,0,27648,6,5993876079
2733,15086800,12650698,27737498,5,0,0,49152,7,1932687559
2734,15089390,12502810,27592200,1,0,0,4096,9,2321624612
2735,15095630,11839757,26935387,5,0,0,8704,7,2828630201
2736,15099400,29661424,44760824,3,0,1,3072,7,2638090734
2737,15100639,11242197,26342836,0,0,0,4096,18,9262872533
2738,15109700,11194222,26303922,5,0,0,1024,7,8773698645
2739,15122090,11638767,26760857,7,0,0,36864,6,4533185731
2740,15128110,12681735,27809845,5,0,0,31232,7,4769560300
2741,15130801,11361661,26492462,2,0,0,30720,13,2608361479
2742,15131880,11208640,26340520,3,0,0,1536,7,7207550435
2743,15141170,29636207,44777377,7,0,1,4096,6,5073328430
2744,15151450,11598152,26749602,6,0,0,8192,8,784567285
2745,15177140,11785245,26962385,9,0,0,512,17,1383553232
2746,15178910,11517906,26696816,3,0,0,4608,7,125410820
2747,15182350,29595050,44777400,0,0,1,25088,18,10320966365
2748,15207570,29569853,44777423,6,0,1,1536,8,6955153294
2749,15213531,11586903,26800434,2,0,0,14336,13,6600710882
2750,15222421,29555033,44777454,8,0,1,1536,17,7576532553
2751,15230330,11701579,26931909,1,0,0,14848,9,7139001777
2752,15252280,29525461,44777741,3,0,1,12288,7,10203037428
2753,15258900,11599181,26858081,1,0,0,38912,9,2361915114
2754,15273541,29584175,44857716,8,0,1,1536,17,8051854629
2755,15285400,11575223,26860623,5,0,0,8192,7,6650651345
2756,15285671,11651151,26936822,2,0,0,4608,13,9284004538
2757,15287210,11404697,26691907,6,0,0,5632,8,6850542182
2758,15292300,11497613,26789913,4,0,0,53248,13,2991440994
2759,15293310,12667641,27960951,3,0,0,14848,7,3445453361
2760,15303770,11151921,26455691,1,0,0,2048,9,898361973
2761,15304250,11491793,26796043,3,0,0,19968,7,746766107
2762,15307040,11560634,26867674,3,0,0,23040,7,2228736086
2763,15308710,29549672,44858382,1,0,1,1024,9,6886966050
2764,15319100,11579811,26898911,5,0,0,25600,7,6656561335
2765,15324381,29537227,44861608,8,0,1,5120,17,3838688299
2766,15327950,11805506,27133456,1,0,0,61440,9,4137382754
2767,15329910,11810580,27140490,1,0,0,21504,9,7515457171
2768,15330440,11302450,26632890,4,0,0,1024,13,10053813161
2769,15336311,11545066,26881377,2,0,0,35328,13,3655384723
2770,15337069,11654297,26991366,0,0,0,8192,18,7101532845
2771,15338690,11496552,26835242,5,0,0,22016,7,2976954342
2772,15348670,11414417,26763087,7,0,0,7168,6,2897145602
2773,15350020,11457168,26807188,9,0,0,15360,17,1197226795
2774,15361490,11271065,26632555,6,0,0,19456,8,4971724064
2775,15366031,29495923,44861954,8,0,1,512,17,578450985
2776,15381560,11556065,26937625,7,0,0,2560,6,1535320801
2777,15383140,11544176,26927316,6,0,0,4096,8,5399131386
2778,15389421,29484940,44874361,8,0,1,7168,17,1760390851
2779,15397020,29502334,44899354,0,0,1,22528,18,10106341287
2780,15401771,11443166,26844937,2,0,0,31744,13,7037753131
2781,15408080,11524632,26932712,9,0,0,2560,17,7204232420
2782,15408160,11679207,27087367,4,0,0,20992,13,3263342895
2783,15410631,29913403,45324034,8,0,1,10752,17,7264832740
2784,15413849,12998714,28412563,0,0,0,26112,18,6517362685
2785,15415080,12605038,28020118,3,0,0,19968,7,9872208137
2786,15419491,11525957,26945448,2,0,0,25600,13,4896043536
2787,15426350,13898637,29324987,9,0,0,28160,17,4273728119
2788,15433680,11578283,27011963,5,0,0,11264,7,7204205779
2789,15434750,30030519,45465269,6,0,1,4608,8,1939569884
2790,15450751,11708173,27158924,2,0,0,11776,13,117196169
2791,15451010,30017805,45468815,9,0,1,5632,17,677703139
2792,15454631,30094805,45549436,8,0,1,16896,17,6285534574
2793,15455110,30094349,45549459,5,0,1,9216,7,8829383448
2794,15459550,11840335,27299885,6,0,0,5120,8,6302438879
2795,15470000,30131734,45601734,3,0,1,5120,7,945246838
2796,15491570,12992855,28484425,4,0,0,13824,13,2482194973
2797,15507519,11294966,26802485,0,0,0,6656,18,954978953
2798,15534409,11745880,27280289,0,0,0,34304,18,1768882087
2799,15536161,11836072,27372233,2,0,0,43008,13,8254880088
2800,15546629,11686317,27232946,0,0,0,1536,18,3898612365
2801,15550990,11677849,27228839,3,0,0,60416,7,808423132
2802,15551890,30055643,45607533,6,0,1,19456,8,4996346478
2803,15553260,11790638,27343898,1,0,0,43520,9,2295418058
2804,15556590,12029137,27585727,7,0,0,15360,6,2970021457
2805,15558410,11606808,27165218,6,0,0,13824,8,3071042264
2806,15565580,11982256,27547836,3,0,0,31232,7,870883264
2807,15574200,11673595,27247795,6,0,0,20992,8,9055004724
2808,15581110,11493844,27074954,3,0,0,7168,7,8759068874
2809,15587800,11768757,27356557,4,0,0,41472,13,5852604907
2810,15602700,11470024,27072724,1,0,0,6144,9,5967386224
2811,15603790,12968763,28572553,5,0,0,26624,7,3325417974
2812,15609920,30233775,45843695,0,0,1,2048,18,8614610251
2813,15630790,11522249,27153039,1,0,0,7680,9,2161476932
2814,15642830,30212634,45855464,4,0,1,22016,13,9655409226
2815,15649281,11841199,27490480,2,0,0,61440,13,2809995398
2816,15649311,11800269,27449580,2,0,0,9216,13,9456673467
2817,15653919,11961114,27615033,0,0,0,16384,18,6001107949
2818,15660810,14040153,29700963,1,0,0,78336,9,9717768287
2819,15666200,11478213,27144413,1,0,0,12800,9,2352387589
2820,15670420,11725942,27396362,5,0,0,16384,7,8615300488
2821,15671390,11899588,27570978,9,0,0,13312,17,247594644
2822,15672050,11716173,27388223,9,0,0,1536,17,3951152108
2823,15672180,11832831,27505011,9,0,0,47616,17,4353298769
2824,15673900,11616084,27289984,8,0,0,31744,17,6568785226
2825,15681300,12041199,27722499,4,0,0,23552,13,8197138773
2826,15684030,30268209,45952239,7,0,1,9728,6,8991994512
2827,15687450,30267375,45954825,4,0,1,4096,13,3445771872
2828,15699020,12050357,27749377,9,0,0,38912,17,4798404879
2829,15701580,30366814,46068394,3,0,1,18432,7,1779180260
2830,15701670,30366747,46068417,7,0,1,3584,6,577899158
2831,15706650,11872635,27579285,7,0,0,25088,6,1038302975
2832,15709110,11715846,27424956,7,0,0,41984,6,2529149741
2833,15711580,30420756,46132336,5,0,1,27648,7,10685619791
2834,15713410,30426015,46139425,3,0,1,14848,7,4173103070
2835,15715680,30467095,46182775,3,0,1,15360,7,3487713870
2836,15717810,11791288,27509098,9,0,0,13312,17,6646750561
2837,15721800,11718612,27440412,4,0,0,29184,13,7416953419
2838,15729940,11647308,27377248,4,0,0,16384,13,7465192049
2839,15732639,11863484,27596123,0,0,0,12800,18,4285529522
2840,15732730,30450068,46182798,7,0,1,11776,6,3818275983
2841,15733370,14020015,29753385,4,0,0,4096,13,5318516366
2842,15740810,11420165,27160975,1,0,0,6656,9,9580762660
2843,15741779,11945509,27687288,0,0,0,46080,18,10516635543
2844,15745460,30482068,46227528,4,0,1,12800,13,7526453982
2845,15750180,30589809,46339989,9,0,1,2560,17,9750365860
2846,15759510,30603364,46362874,2,0,1,1536,13,5735774912
2847,15763879,30601261,46365140,4,0,1,3584,13,6390791883
2848,15768490,14218645,29987135,3,0,0,11776,7,10358092159
2849,15784830,12252993,28037823,6,0,0,17408,8,10348094045
2850,15792560,11908007,27700567,5,0,0,15360,7,735635238
2851,15802570,12833746,28636316,6,0,0,144896,8,5095819069
2852,15810710,11989596,27800306,4,0,0,7168,13,4376858907
2853,15813390,30631637,46445027,5,0,1,28160,7,6720727402
2854,15815470,11656244,27471714,9,0,0,14848,17,2802320427
2855,15837790,11876395,27714185,9,0,0,14848,17,9944612781
2856,15840670,12073724,27914394,4,0,0,9728,13,4550467430
2857,15847981,30600373,46448354,8,0,1,12800,17,2548158701
2858,15849431,14327810,30177241,2,0,0,35840,13,2364435801
2859,15850590,11740331,27590921,1,0,0,12288,9,8596388427
2860,15857030,11957362,27814392,7,0,0,14336,6,3503411162
2861,15857900,11788372,27646272,6,0,0,5632,8,6176260317
2862,15861270,30587430,46448700,1,0,1,512,9,6983810135
2863,15865860,11800738,27666598,4,0,0,11776,13,8701780938
2864,15869850,11990393,27860243,4,0,0,10752,13,5654205557
2865,15875160,12785139,28660299,1,0,0,8192,9,8329790771
2866,15880050,11651142,27531192,4,0,0,19968,13,9766095289
2867,15890780,12005399,27896179,1,0,0,19968,9,8858362640
2868,15891240,30558126,46449366,1,0,1,1024,9,1704260370
2869,15917690,12885120,28802810,4,0,0,19968,13,8196230394
2870,15924930,12133752,28058682,7,0,0,7168,6,9751289169
2871,15926650,30526582,46453232,2,0,1,6144,13,3363204739
2872,15929829,12026575,27956404,0,0,0,10752,18,4053316823
2873,15929959,11581837,27511796,0,0,0,3072,18,3665622300
2874,15935639,11506200,27441839,0,0,0,4608,18,36397947
2875,15940930,30550111,46491041,0,0,1,1536,18,216374612
2876,15941350,14294872,30236222,7,0,0,23552,6,1037599846
2877,15945261,11770039,27715300,2,0,0,3584,13,7285446375
2878,15956800,11670182,27626982,6,0,0,28160,8,3583495240
2879,15962100,11643402,27605502,1,0,0,5632,9,5807981473
2880,15962469,11618555,27581024,0,0,0,5632,18,9418225698
2881,15968860,12868706,28837566,9,0,0,7168,17,6096286755
2882,15970940,12382450,28353390,1,0,0,14336,9,4616668007
2883,15993980,11715658,27709638,7,0,0,29696,6,3100403789
2884,16002419,30491528,46493947,0,0,1,4608,18,1133842655
2885,16010300,11787799,27798099,4,0,0,23552,13,8410380130
2886,16010700,12262812,28273512,7,0,0,71680,6,8329581907
2887,16010740,30798198,46808938,5,0,1,124928,7,10415691394
2888,16012970,14500632,30513602,3,0,0,80896,7,1794911341
2889,16019270,11625263,27644533,4,0,0,29184,13,5870198812
2890,16019500,11491337,27510837,3,0,0,5632,7,7646917703
2891,16024370,12058721,28083091,5,0,0,1024,7,8466208515
2892,16025200,11746562,27771762,3,0,0,15360,7,1646650576
2893,16036810,11550344,27587154,5,0,0,4608,7,4710600213
2894,16037491,12214135,28251626,2,0,0,22528,13,7925523948
2895,16040970,12377538,28418508,6,0,0,5120,8,10372905557
2896,16041271,30775224,46816495,8,0,1,2048,17,7624259585
2897,16043120,30773398,46816518,0,0,1,4608,18,9251604518
2898,16054450,11722951,27777401,7,0,0,18432,6,4653825174
2899,16056970,11993471,28050441,7,0,0,9216,6,3426163651
2900,16058210,11910142,27968352,6,0,0,15360,8,6628489992
2901,16064350,12035291,28099641,4,0,0,6656,13,1137333649
2902,16070800,14350276,30421076,7,0,0,10240,6,532616316
2903,16077801,12592418,28670219,2,0,0,12288,13,5196346550
2904,16085499,30749821,46835320,0,0,1,512,18,7299880093
2905,16088251,12499636,28587887,2,0,0,45056,13,774295877
2906,16093471,12929846,29023317,2,0,0,45056,13,5911814699
2907,16097150,12355782,28452932,4,0,0,67072,13,9097471695
2908,16097959,14496996,30594955,0,0,0,29696,18,5930965642
2909,16117760,11754839,27872599,4,0,0,3072,13,7531183364
2910,16118090,30719176,46837266,4,0,1,3072,13,788818494
2911,16125560,12848236,28973796,5,0,0,29696,7,10013932063
2912,16127950,12632080,28760030,9,0,0,23040,17,7898346997
2913,16129120,11867015,27996135,4,0,0,51200,13,10608783490
2914,16132401,11900087,28032488,2,0,0,25600,13,2388526770
2915,16135940,12660755,28796695,8,0,0,13824,17,2604729289
2916,16136190,11980678,28116868,7,0,0,12800,6,6444708643
2917,16140690,12512364,28653054,9,0,0,38400,17,9491963206
2918,16145569,11816965,27962534,0,0,0,5120,18,8156619757
2919,16150670,14702997,30853667,9,0,0,36864,17,8935989382
2920,16156771,14782318,30939089,2,0,0,16896,13,1066031223
2921,16165470,11804863,27970333,9,0,0,5120,17,7878994200
2922,16165500,30797147,46962647,4,0,1,23040,13,10575718216
2923,16166510,13378602,29545112,3,0,0,6656,7,8469616735
2924,16168230,12044931,28213161,7,0,0,6656,6,2487551434
2925,16179330,11784319,27963649,7,0,0,3584,6,9602379167
2926,16186750,11837915,28024665,9,0,0,14848,17,149828620
2927,16198339,12118418,28316757,0,0,0,12800,18,6932762584
2928,16200981,11922954,28123935,2,0,0,17408,13,3822061223
2929,16221950,11958400,28180350,6,0,0,10240,8,5092404388
2930,16222291,11854292,28076583,2,0,0,8192,13,2072584371
2931,16222970,30741303,46964273,9,0,1,2560,17,10501707915
2932,16232780,11936530,28169310,5,0,0,47616,7,927227428
2933,16251150,12043386,28294536,4,0,0,49152,13,10574865167
2934,16251241,12485670,28736911,2,0,0,1024,13,6992161775
2935,16254490,30717486,46971976,3,0,1,14848,7,6560847450
2936,16264850,30707149,46971999,7,0,1,3072,6,9268969360
2937,16279781,12512679,28792460,2,0,0,23040,13,4357357402
2938,16282660,13368938,29651598,7,0,0,68608,6,956481719
2939,16284850,11794694,28079544,4,0,0,8192,13,8184923045
2940,16286320,13281333,29567653,1,0,0,38912,9,7182217218
2941,16287661,12982857,29270518,2,0,0,39936,13,1934558399
2942,16294510,30677512,46972022,0,0,1,3072,18,214485153
2943,16301079,13540625,29841704,0,0,0,5632,18,3120423462
2944,16329470,12234948,28564418,1,0,0,110592,9,10049887966
2945,16329969,13030351,29360320,0,0,0,20992,18,6068905916
2946,16338380,11857669,28196049,9,0,0,26112,17,730633151
2947,16341411,11860953,28202364,2,0,0,13824,13,8638255981
2948,16346930,11973781,28320711,5,0,0,12800,7,8122792821
2949,16350240,12118249,28468489,1,0,0,5632,9,1821785569
2950,16356850,12467980,28824830,5,0,0,1536,7,3790408729
2951,16360979,13580386,29941365,0,0,0,6656,18,10727426588
2952,16367960,12206176,28574136,5,0,0,5120,7,10617240666
2953,16376670,12568477,28945147,6,0,0,41984,8,2787372005
2954,16377650,30594476,46972126,2,0,1,12288,13,4417491329
2955,16378750,30620676,46999426,9,0,1,3584,17,8840808075
2956,16379140,13497502,29876642,9,0,0,1024,17,6348648491
2957,16379440,12298165,28677605,9,0,0,18944,17,6320325888
2958,16381960,12208602,28590562,5,0,0,8704,7,8748876782
2959,16388080,11994075,28382155,7,0,0,10752,6,7089672932
2960,16392950,13341108,29734058,8,0,0,108544,17,239277973
2961,16393450,12198695,28592145,9,0,0,5120,17,3139000368
2962,16396060,12387393,28783453,7,0,0,76800,6,6488281219
2963,16396110,30604197,47000307,1,0,1,3072,9,9601437288
2964,16414349,11887698,28302047,0,0,0,24576,18,2544194749
2965,16429190,12237262,28666452,6,0,0,18432,8,6543740268
2966,16438980,12242548,28681528,6,0,0,12800,8,3744431826
2967,16445830,30577818,47023648,0,0,1,12288,18,3075919190
2968,16449070,13669037,30118107,4,0,0,38912,13,7582615602
2969,16451960,30646147,47098107,6,0,1,23552,8,2191827424
2970,16452070,12189261,28641331,9,0,0,16384,17,3692864396
2971,16465830,30632943,47098773,9,0,1,1024,17,10160125533
2972,16467770,11901250,28369020,6,0,0,11264,8,5605751364
2973,16471960,11947975,28419935,9,0,0,4608,17,10317663427
2974,16482130,14535684,31017814,6,0,0,2048,8,621936779
2975,16484750,30618209,47102959,6,0,1,6656,8,8808654185
2976,16493249,30611656,47104905,0,0,1,3072,18,756020088
2977,16502920,12316997,28819917,8,0,0,35328,17,9357372376
2978,16504971,30603800,47108771,8,0,1,6144,17,4011669800
2979,16508380,14543688,31052068,5,0,0,27648,7,4897062473
2980,16521890,12263458,28785348,1,0,0,6144,9,4830866168
2981,16531601,12475758,29007359,2,0,0,110080,13,1905481526
2982,16534270,12669592,29203862,5,0,0,7168,7,3070828520
2983,16535671,12271865,28807536,2,0,0,15360,13,1186844066
2984,16540690,12117090,28657780,1,0,0,15360,9,33777087
2985,16558230,12157762,28715992,4,0,0,17408,13,8555056779
2986,16564690,13686733,30251423,4,0,0,28672,13,9300057353
2987,16564801,12320121,28884922,2,0,0,13824,13,620211694
2988,16566491,12976570,29543061,2,0,0,16384,13,2091014108
2989,16568179,12648856,29217035,0,0,0,31744,18,7033245346
2990,16568550,30541207,47109757,6,0,1,1536,8,7689161813
2991,16582820,12341169,28923989,7,0,0,61440,6,4180111168
2992,16596930,12690326,29287256,8,0,0,22016,17,4807387379
2993,16598961,12061829,28660790,2,0,0,1536,13,1532669208
2994,16599200,11931499,28530699,5,0,0,4096,7,3070616918
2995,16600090,12487827,29087917,5,0,0,4608,7,875658587
2996,16610860,30499563,47110423,1,0,1,1024,9,944708402
2997,16618130,12203994,28822124,5,0,0,7168,7,4878792460
2998,16620440,12770658,29391098,9,0,0,28160,17,956051130
2999,16632260,30479149,47111409,7,0,1,1536,6,7685373656
3000,16644230,13111362,29755592,8,0,0,7168,17,9315024598
3001,16646560,12025242,28671802,7,0,0,5120,6,326427468
3002,16656440,12420553,29076993,7,0,0,9728,6,9882569685
3003,16658890,14587617,31246507,5,0,0,19456,7,4392648282
3004,16659171,12165168,28824339,2,0,0,7168,13,7910684314
3005,16659840,30452952,47112792,6,0,1,14848,8,9088318174
3006,16663489,12561681,29225170,0,0,0,26624,18,8131541342
3007,16669850,30477324,47147174,2,0,1,14336,13,9829609863
3008,16677450,12478753,29156203,1,0,0,15872,9,7246276187
3009,16681100,13253957,29935057,1,0,0,8704,9,6161722855
3010,16681770,12623628,29305398,8,0,0,37376,17,9735738849
3011,16690700,12160739,28851439,6,0,0,6656,8,8965498070
3012,16691540,13053195,29744735,9,0,0,16896,17,10034501023
3013,16691651,12716525,29408176,2,0,0,53760,13,9673299449
3014,16692480,14582938,31275418,8,0,0,6656,17,6487336860
3015,16701100,12231024,28932124,9,0,0,26624,17,7090558108
3016,16702870,12122771,28825641,6,0,0,2560,8,7827040572
3017,16703589,12590398,29293987,0,0,0,22016,18,6553464380
3018,16709729,12515932,29225661,0,0,0,1536,18,9826829273
3019,16715529,12231669,28947198,0,0,0,6656,18,4861678696
3020,16719460,30441214,47160674,9,0,1,8192,17,7353015245
3021,16720170,12694448,29414618,4,0,0,7680,13,8607554381
3022,16721000,12661495,29382495,7,0,0,72704,6,314261457
3023,16722100,12287466,29009566,8,0,0,7168,17,3310965450
3024,16724900,12813146,29538046,4,0,0,12288,13,1296718685
3025,16728170,30461916,47190086,3,0,1,6656,7,6109384440
3026,16730890,12946159,29677049,8,0,0,83456,17,7452146178
3027,16738240,12332319,29070559,4,0,0,44544,13,7364884787
3028,16738710,30455166,47193876,1,0,1,2048,9,7446540400
3029,16744239,13564501,30308740,0,0,0,4096,18,1679267929
3030,16744670,12414961,29159631,9,0,0,2560,17,495013085
3031,16748409,12785870,29534279,0,0,0,67072,18,9496187290
3032,16772409,15023546,31795955,0,0,0,13312,18,4349167214
3033,16773940,13504008,30277948,5,0,0,17408,7,6347812771
3034,16775540,12636715,29412255,4,0,0,13312,13,9385457854
3035,16776641,13036947,29813588,2,0,0,53248,13,481354577
3036,16777030,30776482,47553512,5,0,1,59392,7,5078343501
3037,16777171,30798173,47575344,8,0,1,7168,17,860668945
3038,16782690,13619655,30402345,5,0,0,66048,7,5533961937
3039,16787671,30787696,47575367,8,0,1,15872,17,7184208847
3040,16789970,12417347,29207317,9,0,0,11264,17,2078890676
3041,16794320,13081987,29876307,9,0,0,45056,17,5663174942
3042,16803041,12627389,29430430,2,0,0,28160,13,6477668994
3043,16803409,30777754,47581163,0,0,1,512,18,5892921063
3044,16805169,12356825,29161994,0,0,0,7680,18,8104303390
3045,16805360,12510109,29315469,5,0,0,13824,7,3575212994
3046,16808550,13532917,30341467,1,0,0,80384,9,2922762713
3047,16809050,30828116,47637166,3,0,1,16384,7,2620919078
3048,16817800,30819389,47637189,4,0,1,512,13,1200218499
3049,16829450,13168472,29997922,7,0,0,35328,6,10427214925
3050,16838810,12711793,29550603,7,0,0,17920,6,4206767993
3051,16840130,30806153,47646283,6,0,1,6144,8,10345248198
3052,16846980,30954668,47801648,5,0,1,97280,7,5314025771
3053,16847370,13075725,29923095,4,0,0,32256,13,5316116316
3054,16859120,12696654,29555774,5,0,0,16896,7,9186220710
3055,16860701,12723396,29584097,2,0,0,37888,13,2373380871
3056,16871420,12868144,29739564,5,0,0,14848,7,6175445088
3057,16873800,14797409,31671209,1,0,0,48640,9,8614338594
3058,16881230,13051152,29932382,6,0,0,23040,8,8370972443
3059,16884850,12361392,29246242,8,0,0,5632,17,2832807599
3060,16885690,12529263,29414953,9,0,0,1024,17,1250260672
3061,16885710,13271650,30157360,4,0,0,76800,13,1311543085
3062,16889700,30913894,47803594,1,0,1,3072,9,4854961988
3063,16901770,13477894,30379664,6,0,0,4608,8,8290274480
3064,16903990,12909933,29813923,8,0,0,1024,17,9980295527
3065,16914051,13105699,30019750,2,0,0,10752,13,3109244885
3066,16915430,15097689,32013119,1,0,0,7680,9,46525596
3067,16924131,12810886,29735017,2,0,0,3072,13,3410677397
3068,16931070,14947656,31878726,6,0,0,8704,8,6697936767
3069,16932310,12348215,29280525,9,0,0,32768,17,4532503603
3070,16939600,13275884,30215484,4,0,0,125440,13,7908391068
3071,16940850,13622025,30562875,4,0,0,9216,13,9881257144
3072,16944820,30861360,47806180,3,0,1,4096,7,10622423197
3073,16945500,12623276,29568776,1,0,0,3584,9,2954102054
3074,16947530,13120471,30068001,6,0,0,37888,8,9558010221
3075,16951020,12480065,29431085,6,0,0,2048,8,6833589964
3076,16954780,15196330,32151110,4,0,0,128512,13,2715131199
3077,16955850,12657580,29613430,1,0,0,26624,9,4181181577
3078,16957680,13349789,30307469,6,0,0,25088,8,2050148423
3079,16958421,12634452,29592873,2,0,0,17408,13,10086936784
3080,16959350,13776696,30736046,5,0,0,2560,7,658298041
3081,16959740,13950121,30909861,8,0,0,26112,17,6432103438
3082,16960119,14220986,31181105,0,0,0,84992,18,6860676016
3083,16971110,13871302,30842412,8,0,0,33792,17,2778207765
3084,16979660,12799308,29778968,4,0,0,4608,13,629730374
3085,16983731,13258910,30242641,2,0,0,20992,13,112391582
3086,16987679,13312123,30299802,0,0,0,30208,18,10074203739
3087,17001820,13369441,30371261,7,0,0,4096,6,7454279278
3088,17003291,30804835,47808126,8,0,1,3072,17,5865209564
3089,17003901,13225045,30228946,2,0,0,25600,13,9138581259
3090,17005410,15194040,32199450,8,0,0,61952,17,1021011014
3091,17007330,14229459,31236789,6,0,0,4096,8,7972607023
3092,17009319,13018516,30027835,0,0,0,11264,18,1227182272
3093,17016100,30799689,47815789,4,0,1,4096,13,1650170451
3094,17027020,12736239,29763259,7,0,0,25088,6,7108405608
3095,17033400,14217186,31250586,1,0,0,13312,9,10598322597
3096,17035321,13444739,30480060,2,0,0,49664,13,4157428956
3097,17039590,12851052,29890642,5,0,0,36864,7,9752622700
3098,17039820,14297553,31337373,9,0,0,38400,17,5026643687
3099,17051940,12700158,29752098,9,0,0,24064,17,5090396566
3100,17072920,13058779,30131699,5,0,0,35328,7,7347697860
3101,17078090,13175875,30253965,5,0,0,8192,7,8228459215
3102,17083230,30733545,47816775,1,0,1,1536,9,2259592807
3103,17099111,13335092,30434203,2,0,0,43008,13,8633844588
3104,17101210,30785773,47886983,3,0,1,25088,7,3186611939
3105,17110420,14340335,31450755,5,0,0,36352,7,3239166486
3106,17124880,30777095,47901975,3,0,1,5632,7,9369890077
3107,17128559,13141543,30270102,0,0,0,52736,18,9173767580
3108,17147600,30788379,47935979,9,0,1,512,17,5552919157
3109,17192120,30747405,47939525,0,0,1,5632,18,8372209657
3110,17199080,30740791,47939871,3,0,1,512,7,6305099167
3111,17202610,30798944,48001554,7,0,1,19456,6,5936820196
3112,17203930,12771121,29975051,4,0,0,88064,13,9521087373
3113,17227380,13358005,30585385,9,0,0,73728,17,6729893324
3114,17233800,13326244,30560044,6,0,0,13312,8,1226179093
3115,17266170,15008353,32274523,1,0,0,105984,9,10439497100
3116,17269090,30772144,48041234,3,0,1,12288,7,8111631742
3117,17276470,30828498,48104968,3,0,1,5120,7,267069787
3118,17279080,30886870,48165950,0,0,1,4608,18,4520807116
3119,17286300,13030644,30316944,5,0,0,6656,7,1768252619
3120,17293150,13087629,30380779,5,0,0,3584,7,8157065032
3121,17313520,13291153,30604673,1,0,0,17920,9,6019344453
3122,17313799,12907324,30221123,0,0,0,18432,18,5178530050
3123,17314629,13029365,30343994,0,0,0,8192,18,7325718615
3124,17317749,12844626,30162375,0,0,0,16384,18,9206710184
3125,17323470,30842503,48165973,0,0,1,3584,18,3754063696
3126,17334550,12831748,30166298,4,0,0,12800,13,7833842997
3127,17337340,12705504,30042844,7,0,0,26112,6,9793030785
3128,17344601,30821395,48165996,8,0,1,5120,17,10416852737
3129,17344620,30822861,48167481,4,0,1,5120,13,6017735148
3130,17348550,13250640,30599190,8,0,0,13824,17,8280447384
3131,17349160,13319936,30669096,8,0,0,4096,17,4108651885
3132,17352830,12648762,30001592,9,0,0,2048,17,5283288648
3133,17364811,30831168,48195979,8,0,1,8192,17,1460356882
3134,17365060,14993847,32358907,5,0,0,7168,7,2576828812
3135,17370250,12944643,30314893,4,0,0,13312,13,2748183572
3136,17371070,30824932,48196002,7,0,1,2560,6,10003205677
3137,17373860,30823748,48197608,1,0,1,5632,9,3068103052
3138,17377270,13305062,30682332,1,0,0,10240,9,3108139796
3139,17378140,15077002,32455142,4,0,0,38400,13,8392502399
3140,17384040,30881591,48265631,5,0,1,41472,7,5045823063
3141,17396790,13159175,30555965,1,0,0,38400,9,309561137
3142,17397930,15193071,32591001,4,0,0,11264,13,8685540457
3143,17413990,30903472,48317462,9,0,1,17920,17,3406084686
3144,17424659,13437671,30862330,0,0,0,8192,18,2388819596
3145,17428970,31178415,48607385,0,0,1,20480,18,376277739
3146,17429550,31177858,48607408,3,0,1,10752,7,1812439024
3147,17438960,13290106,30729066,1,0,0,43520,9,9185090327
3148,17440260,31303890,48744150,6,0,1,28672,8,5793520655
3149,17447300,12899845,30347145,4,0,0,10240,13,5001966739
3150,17461160,12811461,30272621,4,0,0,8192,13,9662813749
3151,17461860,31349554,48811414,0,0,1,4096,18,8510870738
3152,17468680,15375528,32844208,1,0,0,17920,9,898707607
3153,17481030,13637818,31118848,4,0,0,85504,13,1206749526
3154,17482080,13460027,30942107,9,0,0,6144,17,6624250000
3155,17489860,13434519,30924379,8,0,0,37888,17,4856805397
3156,17502260,31525961,49028221,5,0,1,60416,7,2212345086
3157,17503840,12782258,30286098,5,0,0,12800,7,10718833408
3158,17509020,13726490,31235510,6,0,0,39424,8,9863850351
3159,17513671,31547269,49060940,8,0,1,3584,17,6516398021
3160,17530250,31530713,49060963,3,0,1,2048,7,1602848609
3161,17532470,14647773,32180243,1,0,0,46592,9,5285479097
3162,17533440,13092090,30625530,4,0,0,22528,13,1552187586
3163,17535490,12775324,30310814,5,0,0,6656,7,10422930670
3164,17537530,31716027,49253557,5,0,1,138752,7,4778576013
3165,17541370,13157465,30698835,7,0,0,5120,6,8541239856
3166,17547030,13268406,30815436,1,0,0,13312,9,6820573807
3167,17548219,12979568,30527787,0,0,0,512,18,6737496629
3168,17554950,13385254,30940204,8,0,0,3584,17,4899399394
3169,17555980,13029904,30585884,1,0,0,1536,9,10187366644
3170,17559530,14376859,31936389,6,0,0,31232,8,5565200109
3171,17582300,31678167,49260467,4,0,1,3584,13,2085388821
3172,17582750,31699470,49282220,7,0,1,13312,6,7588586962
3173,17583510,13350408,30933918,9,0,0,31232,17,4645580967
3174,17599760,13830497,31430257,9,0,0,1536,17,3051610767
3175,17605060,12925714,30530774,6,0,0,9728,8,6245557621
3176,17610080,15401472,33011552,7,0,0,54784,6,4753270407
3177,17613090,13451325,31064415,4,0,0,40448,13,327494372
3178,17614970,31668404,49283374,2,0,1,12288,13,9041449464
3179,17619650,13345594,30965244,6,0,0,55296,8,3218488503
3180,17620440,13698282,31318722,6,0,0,5632,8,8957009282
3181,17620610,13359934,30980544,1,0,0,9728,9,5012266686
3182,17625440,13017905,30643345,7,0,0,13312,6,5812385092
3183,17626710,13737664,31364374,6,0,0,16384,8,5121362521
3184,17652780,13695871,31348651,6,0,0,18944,8,9480217994
3185,17657220,31636972,49294192,2,0,1,1536,13,1907731281
3186,17661520,31632695,49294215,1,0,1,3072,9,5034159264
3187,17674960,13004229,30679189,4,0,0,25088,13,5743495714
3188,17675930,13297216,30973146,9,0,0,18944,17,330197703
3189,17683380,13527726,31211106,7,0,0,11264,6,972617956
3190,17691390,31602848,49294238,4,0,1,1024,13,6985625271
3191,17691670,13340084,31031754,7,0,0,4608,6,3740415475
3192,17691790,31602471,49294261,9,0,1,3072,17,1338520597
3193,17692060,13787953,31480013,6,0,0,25600,8,7504690996
3194,17705130,31589154,49294284,3,0,1,512,7,4498483161
3195,17706060,31588247,49294307,7,0,1,512,6,8173802755
3196,17710390,13290700,31001090,9,0,0,38400,17,6479110311
3197,17717410,13410688,31128098,4,0,0,25088,13,8795885460
3198,17718290,13353324,31071614,9,0,0,23552,17,1873353692
3199,17719380,31588077,49307457,2,0,1,3072,13,9602458561
3200,17720069,13033378,30753447,0,0,0,23040,18,6872376851
3201,17726939,13105154,30832093,0,0,0,25600,18,1391550507
3202,17752090,31969421,49721511,5,0,1,149504,7,2505480886
3203,17754570,32088455,49843025,3,0,1,1024,7,8481758306
3204,17756780,14456779,32213559,7,0,0,4096,6,10543493557
3205,17760671,14212924,31973595,2,0,0,31232,13,2407076406
3206,17777870,13309711,31087581,7,0,0,12288,6,7291965218
3207,17780890,13531055,31311945,1,0,0,119808,9,8659881833
3208,17785900,13334531,31120431,1,0,0,5120,9,5481970902
3209,17796540,13598823,31395363,1,0,0,15872,9,9477179159
3210,17807890,15241727,33049617,8,0,0,14848,17,5320646298
3211,17821060,13781398,31602458,4,0,0,23552,13,10533060777
3212,17827670,13741472,31569142,8,0,0,27136,17,3462921231
3213,17834320,15276994,33111314,8,0,0,34304,17,2133740946
3214,17837520,13592246,31429766,1,0,0,28672,9,9233581983
3215,17840735,13195878,31036613,7,0,0,15872,6,2214373963
3216,17849100,31994911,49844011,3,0,1,1536,7,2112578719
3217,17853910,15468022,33321932,7,0,0,100864,6,5855721117
3218,17859580,15364599,33224179,7,0,0,60416,6,2711028081
3219,17870720,13636869,31507589,4,0,0,23040,13,537758090
3220,17877440,13834608,31712048,1,0,0,22016,9,2661486748
3221,17881000,13874459,31755459,9,0,0,33280,17,5140953541
3222,17883510,13952720,31836230,8,0,0,30208,17,3118028425
3223,17884790,13432193,31316983,6,0,0,16384,8,263243173
3224,17888440,31956557,49844997,4,0,1,1536,13,9322196573
3225,17893980,12986910,30880890,8,0,0,10240,17,5073622125
3226,17901370,31955969,49857339,0,0,1,2560,18,8205412799
3227,17903570,13336986,31240556,7,0,0,12288,6,2645855835
3228,17906440,13234051,31140491,1,0,0,33792,9,6695298332
3229,17911770,13276432,31188202,8,0,0,18432,17,2446843837
3230,17912210,13270353,31182563,5,0,0,1536,7,9075186360
3231,17914320,14312522,32226842,5,0,0,43520,7,1945269475
3232,17917000,31940362,49857362,3,0,1,7680,7,7646924469
3233,17918850,13676252,31595102,1,0,0,17408,9,9563069879
3234,17942130,15428544,33370674,1,0,0,24576,9,192823454
3235,17951090,31906295,49857385,3,0,1,512,7,3887989757
3236,17957670,13115683,31073353,4,0,0,5632,13,6535487299
3237,17962780,13192406,31155186,6,0,0,48128,8,6104305999
3238,17964670,13164543,31129213,8,0,0,3584,17,6562000190
3239,17965300,31892108,49857408,1,0,1,512,9,4430687136
3240,17972350,14927277,32899627,8,0,0,7168,17,9888427166
3241,17980370,31877061,49857431,7,0,1,2048,6,7625822723
3242,18005610,14091455,32097065,9,0,0,45056,17,8120740256
3243,18013160,13308409,31321569,4,0,0,9216,13,10622917392
3244,18021080,13202395,31223475,7,0,0,28672,6,9345313798
3245,18023880,13327937,31351817,6,0,0,10240,8,7403502087
3246,18041140,32008227,50049367,1,0,1,41984,9,7272814813
3247,18051740,13130332,31182072,4,0,0,3072,13,1016130060
3248,18054350,13075822,31130172,7,0,0,3072,6,6035077705
3249,18060970,32198926,50259896,6,0,1,2560,8,9901291922
3250,18062940,13279916,31342856,5,0,0,17920,7,5222961295
3251,18067420,32192499,50259919,7,0,1,3072,6,174793798
3252,18085870,13492967,31578837,1,0,0,31744,9,8876555259
3253,18095380,13580064,31675444,5,0,0,13824,7,8155332339
3254,18104850,14876673,32981523,9,0,0,48640,17,4106809001
3255,18109260,32167709,50276969,7,0,1,4608,6,1026829150
3256,18115870,32182134,50298004,2,0,1,13824,13,7837179528
3257,18121800,32352130,50473930,5,0,1,31744,7,4399008160
3258,18141550,13680649,31822199,4,0,0,10752,13,3213511161
3259,18143220,13270774,31413994,1,0,0,17920,9,1427181917
3260,18149870,32372009,50521879,5,0,1,10752,7,48959668
3261,18156550,13571499,31728049,8,0,0,43008,17,2316240106
3262,18167310,13842019,32009329,9,0,0,101888,17,4743022702
3263,18172310,13876313,32048623,1,0,0,26112,9,3874665952
3264,18172480,15031217,33203697,9,0,0,40960,17,294122657
3265,18179510,13313148,31492658,7,0,0,5632,6,4583160587
3266,18184880,13340121,31525001,8,0,0,22016,17,2491584354
3267,18189810,14088948,32278758,5,0,0,13824,7,2678005266
3268,18198850,32545678,50744528,5,0,1,36864,7,825125188
3269,18200690,13839954,32040644,8,0,0,59904,17,4202647629
3270,18219670,13398769,31618439,7,0,0,25088,6,8788923993
3271,18220680,13412144,31632824,6,0,0,29184,8,3673891766
3272,18221010,32523541,50744551,7,0,1,5120,6,3349275318
3273,18230500,15092867,33323367,5,0,0,4608,7,5298311858
3274,18234510,13173474,31407984,6,0,0,9728,8,5992601667
3275,18253480,13365703,31619183,5,0,0,2048,7,9941902047
3276,18256111,13120661,31376772,2,0,0,3072,13,6013791811
3277,18267530,13463506,31731036,9,0,0,9728,17,4396437693
3278,18275480,32528673,50804153,7,0,1,15872,6,8265631829
3279,18277090,14079543,32356633,4,0,0,36352,13,8619149730
3280,18280470,32531947,50812417,3,0,1,1024,7,3660893552
3281,18283360,13495389,31778749,1,0,0,2560,9,2031980813
3282,18284720,14079670,32364390,7,0,0,17920,6,7134527547
3283,18284880,13725876,32010756,8,0,0,4608,17,7181071098
3284,18287570,32525001,50812571,7,0,1,8704,6,7839018843
3285,18288280,13063872,31352152,4,0,0,1024,13,8517175862
3286,18303510,15076275,33379785,6,0,0,6656,8,1942667424
3287,18307140,13089650,31396790,6,0,0,4608,8,1310551538
3288,18317550,32495482,50813032,9,0,1,10240,17,1989411676
3289,18322740,32541746,50864486,4,0,1,10752,13,6251417715
3290,18330970,32840868,51171838,5,0,1,53760,7,557246426
3291,18335990,32841340,51177330,7,0,1,17920,6,3726672087
3292,18339890,13478062,31817952,7,0,0,14336,6,10053845332
3293,18343570,13674720,32018290,8,0,0,16896,17,5309972319
3294,18344530,13527060,31871590,1,0,0,67584,9,3061024855
3295,18346260,13810870,32157130,4,0,0,9216,13,3919766013
3296,18365521,13521114,31886635,2,0,0,11776,13,4166908928
3297,18365870,14043604,32409474,3,0,0,7680,7,668998970
3298,18366660,13516364,31883024,9,0,0,11264,17,10167202968
3299,18370950,15125376,33496326,5,0,0,11264,7,936324208
3300,18371581,13395734,31767315,2,0,0,6656,13,1046114773
3301,18374180,32880704,51254884,0,0,1,5120,18,9934895062
3302,18390430,13387516,31777946,6,0,0,34816,8,2727046923
3303,18397910,32857320,51255230,7,0,1,512,6,8992708569
3304,18401710,14160826,32562536,7,0,0,61440,6,4069391205
3305,18412880,13739836,32152716,4,0,0,4608,13,8073307903
3306,18415041,14338817,32753858,2,0,0,134144,13,2087233075
3307,18416480,13605889,32022369,9,0,0,13312,17,5214436805
3308,18418730,15035167,33453897,8,0,0,37888,17,3078568345
3309,18432470,32953668,51386138,5,0,1,62464,7,2280403941
3310,18438830,13202354,31641184,6,0,0,5632,8,1163665745
3311,18441930,13770358,32212288,6,0,0,12288,8,1218882971
3312,18442141,13382577,31824718,5,0,0,8192,7,5310457984
3313,18443660,32962287,51405947,2,0,1,7168,13,9081108778
3314,18445950,15244126,33690076,4,0,0,15872,13,4770605680
3315,18448100,32957870,51405970,4,0,1,19456,13,5681797769
3316,18454731,14470503,32925234,2,0,0,83968,13,8341410043
3317,18455990,13968703,32424693,5,0,0,3072,7,1960264654
3318,18462440,13645568,32108008,8,0,0,35840,17,5286821342
3319,18468620,13739901,32208521,8,0,0,29696,17,4569546944
3320,18477130,13576687,32053817,8,0,0,16896,17,3035238113
3321,18488810,13892703,32381513,7,0,0,3584,6,2790238707
3322,18509660,15284163,33793823,1,0,0,30720,9,4373311067
3323,18510080,13601851,32111931,1,0,0,12800,9,3017954245
3324,18533371,32971520,51504891,8,0,1,12800,17,5811176037
3325,18537781,13613508,32151289,2,0,0,512,13,9547258388
3326,18538270,32976708,51514978,2,0,1,6144,13,2655356831
3327,18538380,14476791,33015171,6,0,0,11776,8,10606667418
3328,18551310,14014648,32565958,4,0,0,10752,13,428735424
3329,18557720,32958244,51515964,2,0,1,1536,13,2708514824
3330,18565950,13386000,31951950,4,0,0,7680,13,6680733757
3331,18569810,13342150,31911960,8,0,0,15360,17,8460279362
3332,18574610,32996239,51570849,4,0,1,19456,13,5490725150
3333,18576770,14898627,33475397,5,0,0,14848,7,4958558897
3334,18578810,15487482,34066292,4,0,0,13824,13,10649656720
3335,18581840,14518999,33100839,1,0,0,92672,9,1797890439
3336,18581890,13756141,32338031,5,0,0,8192,7,9933962217
3337,18587550,13847421,32434971,8,0,0,3072,17,2235114546
3338,18620571,13533728,32154299,2,0,0,5120,13,3217119081
3339,18623440,13773508,32396948,8,0,0,16384,17,2793527262
3340,18631120,13652988,32284108,5,0,0,14848,7,395461617
3341,18640840,14113197,32754037,8,0,0,512,17,9322180544
3342,18662330,13744781,32407111,1,0,0,33280,9,7374671089
3343,18662870,13670109,32332979,6,0,0,48640,8,10471051221
3344,18667510,14277232,32944742,6,0,0,15872,8,248154430
3345,18670251,14559858,33230109,2,0,0,6656,13,6022528181
3346,18686470,14916270,33602740,5,0,0,8704,7,904823976
3347,18686950,13631186,32318136,5,0,0,7680,7,9238309483
3348,18688650,13590911,32279561,1,0,0,2560,9,10274695482
3349,18697991,14636677,33334668,2,0,0,4608,13,2953406113
3350,18701420,13540780,32242200,6,0,0,43008,8,5984789822
3351,18711060,13680873,32391933,7,0,0,4096,6,10624559138
3352,18715850,32855022,51570872,6,0,1,1536,8,933521149
3353,18725981,13589217,32315198,2,0,0,6144,13,571271185
3354,18734150,32836745,51570895,4,0,1,2048,13,5632853616
3355,18746230,32854775,51601005,0,0,1,23552,18,3138061671
3356,18754630,13789163,32543793,6,0,0,11264,8,2986726453
3357,18758650,13905245,32663895,7,0,0,1024,6,1328168759
3358,18766870,14675460,33442330,5,0,0,46592,7,1203718521
3359,18775100,13569338,32344438,7,0,0,3072,6,3247269386
3360,18777510,13680174,32457684,7,0,0,3584,6,5239771908
3361,18778830,13649630,32428460,1,0,0,12288,9,9557346385
3362,18780150,13691095,32471245,6,0,0,7680,8,4245039710
3363,18789330,13722598,32511928,1,0,0,42496,9,8461703677
3364,18797380,14715047,33512427,7,0,0,17408,6,906542504
3365,18803720,13620014,32423734,5,0,0,11264,7,570397691
3366,18807290,13720922,32528212,5,0,0,10240,7,7851848460
3367,18807670,13830942,32638612,6,0,0,18432,8,6259786180
3368,18814460,13800838,32615298,9,0,0,25088,17,8543250
3369,18832081,14796776,33628857,2,0,0,10240,13,1138310560
3370,18842161,14883626,33725787,2,0,0,4608,13,5787005868
3371,18856580,14160954,33017534,1,0,0,7680,9,6158813882
3372,18863590,13782330,32645920,8,0,0,6144,17,2927481106
3373,18871210,14197226,33068436,5,0,0,27648,7,3901876766
3374,18888571,13567998,32456569,2,0,0,4608,13,6113988266
3375,18889640,14929261,33818901,9,0,0,36864,17,3338860210
3376,18901721,13946217,32847938,2,0,0,7680,13,5872198885
3377,18902501,14303247,33205748,2,0,0,6656,13,1054458143
3378,18903150,32765918,51669068,6,0,1,8192,8,1726659319
3379,18906930,15414378,34321308,7,0,0,104448,6,9599989777
3380,18910260,13757344,32667604,5,0,0,11776,7,8400769266
3381,18911950,32760344,51672294,5,0,1,5120,7,5219295882
3382,18930270,14497841,33428111,9,0,0,5120,17,3375210023
3383,18936260,15033556,33969816,9,0,0,5632,17,1226283431
3384,18943390,15150125,34093515,4,0,0,42496,13,8899849570
3385,18983270,13786929,32770199,6,0,0,11776,8,6844762574
3386,18987750,32684890,51672640,7,0,1,512,6,5956514212
3387,19005070,32669196,51674266,3,0,1,2560,7,4970359846
3388,19018620,13589011,32607631,7,0,0,30720,6,4213349713
3389,19021940,13565606,32587546,4,0,0,12288,13,9242167808
3390,19030041,32728186,51758227,8,0,1,12288,17,247025486
3391,19032910,14763596,33796506,8,0,0,8704,17,160089252
3392,19034520,13675348,32709868,5,0,0,49664,7,1271670284
3393,19040830,13855631,32896461,5,0,0,35840,7,6487398144
3394,19062240,32697613,51759853,0,0,1,2560,18,10110049651
3395,19071990,32688529,51760519,4,0,1,1024,13,9064287692
3396,19076770,14870537,33947307,1,0,0,28672,9,1159199911
3397,19076961,13742300,32819261,2,0,0,30208,13,8925710165
3398,19091290,13837243,32928533,9,0,0,10752,17,1573991049
3399,19092631,32668247,51760878,8,0,1,9728,17,1270125654
3400,19096790,15064459,34161249,7,0,0,1536,6,6474143932
3401,19098580,14083553,33182133,9,0,0,126464,17,5311951175
3402,19135121,14371764,33506885,2,0,0,25600,13,1654642958
3403,19140580,13756840,32897420,7,0,0,3072,6,8677150968
3404,19155730,32608054,51763784,0,0,1,4608,18,3836580532
3405,19156100,13795217,32951317,9,0,0,21504,17,6232016411
3406,19157110,13529697,32686807,6,0,0,13312,8,2004979561
3407,19163470,13830556,32994026,1,0,0,40960,9,6991677858
3408,19163640,32624646,51788286,1,0,1,7168,9,811959586
3409,19168000,13717518,32885518,9,0,0,13312,17,5048496374
3410,19191690,32597582,51789272,9,0,1,1536,17,9081335647
3411,19198080,13741803,32939883,8,0,0,12288,17,10645815600
3412,19203690,13909207,33112897,1,0,0,5120,9,4523613896
3413,19204580,15237069,34441649,5,0,0,43008,7,7105947786
3414,19209260,14399901,33609161,9,0,0,6144,17,2028157492
3415,19212540,14071359,33283899,6,0,0,5632,8,3364374692
3416,19221710,13744970,32966680,8,0,0,16896,17,10342181808
3417,19235671,14308444,33544115,2,0,0,30720,13,6952430646
3418,19240660,13640779,32881439,1,0,0,16384,9,1806773854
3419,19241510,13688762,32930272,1,0,0,5632,9,2951683879
3420,19252060,13876885,33128945,7,0,0,24576,6,8032363235
3421,19256330,14711747,33968077,8,0,0,49152,17,7992046894
3422,19260500,32574696,51835196,6,0,1,13824,8,8457210805
3423,19268270,13991832,33260102,7,0,0,52736,6,5176100102
3424,19273920,14304213,33578133,4,0,0,35328,13,722494325
3425,19276221,32616858,51893079,8,0,1,2560,17,1314594136
3426,19281130,15105935,34387065,1,0,0,9216,9,6501000053
3427,19298360,13696477,32994837,4,0,0,2560,13,9967612244
3428,19298880,15178923,34477803,9,0,0,12800,17,7113295755
3429,19307730,13981232,33288962,7,0,0,16384,6,6234098423
3430,19309330,15196193,34505523,5,0,0,10240,7,7746062194
3431,19309630,13880014,33189644,1,0,0,24576,9,8568582142
3432,19321950,15298432,34620382,7,0,0,30720,6,10330252978
3433,19323410,13967759,33291169,9,0,0,7168,17,9097457100
3434,19324540,14132523,33457063,6,0,0,7680,8,5298030844
3435,19325671,14025454,33351125,2,0,0,6656,13,6671344248
3436,19332370,14024975,33357345,8,0,0,3584,17,1061605287
3437,19333590,14826374,34159964,4,0,0,71680,13,5442470664
3438,19334520,15453769,34788289,5,0,0,19968,7,1654482298
3439,19339550,32584169,51923719,3,0,1,5120,7,2184752077
3440,19339870,14007613,33347483,9,0,0,41984,17,2306406324
3441,19359270,13973971,33333241,7,0,0,20480,6,1929077798
3442,19363100,32560642,51923742,4,0,1,512,13,6789345977
3443,19381760,32542005,51923765,4,0,1,5120,13,8154215478
3444,19385530,13963536,33349066,8,0,0,5120,17,10312208305
3445,19392231,13997673,33389904,2,0,0,13312,13,8575825752
3446,19395340,32592608,51987948,4,0,1,10752,13,6285168556
3447,19395770,32674400,52070170,3,0,1,19968,7,6994675294
3448,19397430,14202635,33600065,8,0,0,31744,17,10133029108
3449,19398110,14020101,33418211,5,0,0,23040,7,1952122908
3450,19401650,32718043,52119693,0,0,1,3584,18,5520998457
3451,19409280,14061570,33470850,7,0,0,5632,6,5076526456
3452,19415310,14045239,33460549,1,0,0,8192,9,2843576536
3453,19422470,13904508,33326978,9,0,0,11776,17,6288518428
3454,19427950,13970925,33398875,1,0,0,16384,9,921258201
3455,19430330,14024370,33454700,7,0,0,2560,6,6967135553
3456,19439760,14817242,34257002,8,0,0,56320,17,378099898
3457,19451960,14189169,33641129,1,0,0,10240,9,3392307999
3458,19460189,14203126,33663315,0,0,0,5120,18,7911414433
3459,19460600,14053410,33514010,1,0,0,5120,9,738950007
3460,19462200,14322240,33784440,5,0,0,24576,7,5220573234
3461,19475280,14186452,33661732,6,0,0,35840,8,8447813451
3462,19475790,14268945,33744735,9,0,0,16384,17,9135109766
3463,19480350,32700984,52181334,9,0,1,6656,17,6618838398
3464,19487400,32693957,52181357,5,0,1,11776,7,3977193444
3465,19490690,13967340,33458030,6,0,0,3072,8,1692174426
3466,19490920,14306545,33797465,8,0,0,3072,17,4070392160
3467,19491220,32755933,52247153,9,0,1,10752,17,5934253197
3468,19498210,14356808,33855018,5,0,0,33280,7,10664103196
3469,19506200,32748839,52255039,4,0,1,9728,13,2984019153
3470,19509391,14405495,33914886,2,0,0,58368,13,8950302160
3471,19510050,32745975,52256025,3,0,1,1536,7,10407390915
3472,19512350,32750185,52262535,0,0,1,16896,18,9479752331
3473,19528100,14105384,33633484,5,0,0,2048,7,8460696382
3474,19543570,14455895,33999465,1,0,0,7168,9,640364458
3475,19545540,32885139,52430679,4,0,1,11776,13,132176436
3476,19551840,14291121,33842961,4,0,0,25088,13,5650270335
3477,19556680,14047175,33603855,6,0,0,3584,8,7841206754
3478,19562620,15041923,34604543,4,0,0,73728,13,2904475893
3479,19571190,13990877,33562067,8,0,0,7168,17,3591107202
3480,19577570,14351847,33929417,5,0,0,47616,7,4230957474
3481,19583830,14410059,33993889,5,0,0,17920,7,6923626802
3482,19587640,15058802,34646442,6,0,0,33280,8,72971350
3483,19589980,15279665,34869645,9,0,0,27136,17,6676555891
3484,19596620,14446695,34043315,1,0,0,3584,9,10276811014
3485,19604340,32826362,52430702,2,0,1,10240,13,7065438695
3486,19607030,14159786,33766816,9,0,0,512,17,7501458664
3487,19608320,15429648,35037968,6,0,0,68608,8,5055607716
3488,19622560,33598694,53221254,2,0,1,214528,13,8452980135
3489,19623060,33642755,53265815,4,0,1,1536,13,2042804657
3490,19625800,14470569,34096369,4,0,0,3584,13,3641479076
3491,19627820,15087304,34715124,5,0,0,30720,7,2905269630
3492,19629490,14146489,33775979,1,0,0,3584,9,5016843275
3493,19630240,33635598,53265838,0,0,1,2560,18,7537850733
3494,19637821,33637735,53275556,8,0,1,13824,17,6341633802
3495,19650470,14555395,34205865,8,0,0,16896,17,3444639653
3496,19663780,33611799,53275579,9,0,1,5632,17,7925723025
3497,19665400,14358117,34023517,8,0,0,14336,17,6394530325
3498,19667480,33608122,53275602,4,0,1,2560,13,6522684388
3499,19667930,14129878,33797808,4,0,0,1024,13,10617855333
3500,19673651,14552542,34226193,2,0,0,28160,13,8041506416
3501,19690290,14173680,33863970,4,0,0,29184,13,2639394498
3502,19692150,33583483,53275633,9,0,1,20480,17,3798348569
3503,19696061,14638842,34334903,2,0,0,44544,13,9002394246
3504,19704840,14666818,34371658,8,0,0,3072,17,6694634422
3505,19712170,33575717,53287887,5,0,1,6656,7,4693056818
3506,19716190,33571720,53287910,1,0,1,1024,9,10556073893
3507,19718420,14214007,33932427,7,0,0,4608,6,7628338831
3508,19730820,14952519,34683339,8,0,0,1536,17,1649674580
3509,19733300,14154772,33888072,4,0,0,23552,13,5476686170
3510,19744990,14533216,34278206,9,0,0,25088,17,8566985512
3511,19768240,14162760,33931000,5,0,0,5120,7,10692111198
3512,19776400,14248411,34024811,6,0,0,4096,8,6033700681
3513,19780750,14041450,33822200,9,0,0,10752,17,10483747805
3514,19782380,14391192,34173572,5,0,0,25600,7,865300014
3515,19783980,14414564,34198544,6,0,0,11776,8,3123171355
3516,19795670,33492263,53287933,4,0,1,12288,13,7181981474
3517,19801080,14724424,34525504,7,0,0,48128,6,8049248919
3518,19810900,14848691,34659591,7,0,0,12288,6,8745903403
3519,19815820,33472144,53287964,4,0,1,6144,13,4079053435
3520,19833481,14207861,34041342,2,0,0,11264,13,9768214866
3521,19838660,14261770,34100430,7,0,0,4608,6,2259736672
3522,19842080,33445907,53287987,6,0,1,3072,8,4157654859
3523,19853250,14620630,34473880,7,0,0,45056,6,5093447346
3524,19853840,33440909,53294749,6,0,1,8192,8,2468178113
3525,19859480,33455751,53315231,2,0,1,1024,13,5250307402
3526,19859851,33492981,53352832,8,0,1,13824,17,2604540057
3527,19866990,14516030,34383020,8,0,0,30208,17,3745933115
3528,19871240,14203025,34074265,8,0,0,8704,17,10396142045
3529,19873910,14340045,34213955,8,0,0,17408,17,10025143528
3530,19877420,14248450,34125870,1,0,0,2560,9,1811897302
3531,19880190,14238207,34118397,7,0,0,2048,6,10236698796
3532,19890300,14981552,34871852,5,0,0,7168,7,9564113010
3533,19890670,14566528,34457198,9,0,0,20480,17,1607383583
3534,19891010,33485535,53376545,7,0,1,1536,6,1438324823
3535,19892290,33484278,53376568,2,0,1,4096,13,2903336008
3536,19894400,14369057,34263457,6,0,0,17408,8,6874438113
3537,19912690,14267121,34179811,1,0,0,6144,9,3690586855
3538,19946170,14583569,34529739,7,0,0,13824,6,1431089755
3539,19951900,33426002,53377902,2,0,1,3584,13,1996707820
3540,19954220,15189189,35143409,8,0,0,3072,17,1261248923
3541,19955250,14547122,34502372,5,0,0,16896,7,8586034753
3542,19957500,14577753,34535253,7,0,0,9216,6,2596374289
3543,19963561,14325900,34289461,2,0,0,36864,13,2697666771
3544,19975260,14241913,34217173,9,0,0,6656,17,10639554289
3545,19979310,14115944,34095254,4,0,0,5632,13,3271231207
3546,19981460,33399348,53380808,3,0,1,4608,7,10023631971
3547,19989300,33392174,53381474,5,0,1,1024,7,5852862997
3548,19993730,14689118,34682848,1,0,0,12800,9,9021965478
3549,19996190,14422785,34418975,8,0,0,27648,17,7648925406
3550,19997390,33384750,53382140,0,0,1,1024,18,884213300
3551,19998810,14607012,34605822,7,0,0,4096,6,8082287160
3552,20001040,33392475,53393515,6,0,1,13312,8,9450542872
3553,20017390,14896107,34913497,5,0,0,71168,7,4074066583
3554,20020150,14468440,34488590,5,0,0,35328,7,8383212333
3555,20027321,33368007,53395328,8,0,1,2560,17,3476778128
3556,20033800,33365527,53399327,2,0,1,6656,13,7665037898
3557,20037160,14371055,34408215,7,0,0,31744,6,4338950711
3558,20046971,15238482,35285453,2,0,0,13312,13,1836912050
3559,20049130,33373802,53422932,7,0,1,15360,6,2163935932
3560,20050080,15176447,35226527,9,0,0,32768,17,1973707147
3561,20059150,14369364,34428514,7,0,0,31232,6,1681035072
3562,20092900,14351112,34444012,4,0,0,7680,13,3114882506
3563,20098620,14433794,34532414,4,0,0,8704,13,7600340000
3564,20101281,14602805,34704086,2,0,0,23040,13,7108048075
3565,20107771,14389430,34497201,2,0,0,28160,13,2189126934
3566,20111760,33459639,53571399,3,0,1,22016,7,1114596896
3567,20137370,15193113,35330483,5,0,0,44032,7,8202226107
3568,20142720,33429665,53572385,3,0,1,1536,7,2466561381
3569,20166981,14415075,34582056,2,0,0,34816,13,5688355172
3570,20168431,14569519,34737950,2,0,0,17408,13,3996874420
3571,20169080,14277763,34446843,5,0,0,9216,7,9608595821
3572,20169231,14458423,34627654,2,0,0,9216,13,6638602676
3573,20170460,14620985,34791445,4,0,0,5120,13,8554435255
3574,20170590,14837976,35008566,4,0,0,5632,13,10280904057
3575,20174710,14816258,34990968,1,0,0,59904,9,1053996176
3576,20176650,14870903,35047553,4,0,0,4608,13,854981772
3577,20189160,14420273,34609433,6,0,0,11776,8,7390408432
3578,20192140,33380604,53572744,5,0,1,9728,7,9652769056
3579,20194160,33560587,53754747,0,0,1,3072,18,6574106244
3580,20197270,15334395,35531665,7,0,0,64512,6,9755309492
3581,20199251,14644288,34843539,2,0,0,11264,13,7454682026
3582,20199691,33556506,53756197,8,0,1,4608,17,8817571029
3583,20204360,14760438,34964798,5,0,0,31232,7,9311941292
3584,20209170,14591818,34800988,7,0,0,7680,6,2132638743
3585,20209540,33551378,53760918,3,0,1,8192,7,1577398272
3586,20210610,14543431,34754041,5,0,0,52736,7,8305404662
3587,20217920,33636764,53854684,6,0,1,16384,8,9284859326
3588,20218560,14825671,35044231,6,0,0,20480,8,10125956024
3589,20227670,15468397,35696067,8,0,0,11776,17,1673395641
3590,20231470,14542857,34774327,8,0,0,8192,17,8368965374
3591,20231600,33623107,53854707,4,0,1,13312,13,9229367671
3592,20233860,15390304,35624164,4,0,0,1536,13,3589815969
3593,20248340,14484283,34732623,6,0,0,12800,8,8540898612
3594,20252160,33744993,53997153,6,0,1,13824,8,1395734670
3595,20253670,33743506,53997176,5,0,1,512,7,1172210327
3596,20256770,14551638,34808408,7,0,0,21504,6,7732777929
3597,20270540,33730582,54001122,3,0,1,2560,7,4167590733
3598,20274060,33758644,54032704,3,0,1,512,7,7307139988
3599,20279890,33754120,54034010,1,0,1,2048,9,7683458125
3600,20289400,14482204,34771604,4,0,0,1536,13,3174568155
3601,20297730,14533705,34831435,7,0,0,34304,6,4353903100
3602,20297740,33754253,54051993,5,0,1,1536,7,3738600595
3603,20298150,14563204,34861354,8,0,0,33280,17,8421687790
3604,20305130,33853552,54158682,6,0,1,13312,8,464870595
3605,20306710,33866214,54172924,5,0,1,8192,7,10176376234
3606,20315920,14523985,34839905,7,0,0,21504,6,671142493
3607,20322820,14433436,34756256,1,0,0,7168,9,5872655230
3608,20323900,14676341,35000241,1,0,0,11264,9,1203601119
3609,20329410,14667376,34996786,6,0,0,18432,8,9845778152
3610,20329870,33902276,54232146,2,0,1,20480,13,3701291274
3611,20334110,34048077,54382187,6,0,1,3584,8,7238324538
3612,20345551,14487779,34833330,2,0,0,6144,13,7751292015
3613,20348880,15058145,35407025,7,0,0,9728,6,1796393413
3614,20351690,14795703,35147393,5,0,0,1024,7,7151842720
3615,20351790,15056194,35407984,4,0,0,3072,13,8732442773
3616,20353100,34177519,54530619,2,0,1,15360,13,822846025
3617,20356730,14564610,34921340,7,0,0,24064,6,6263744002
3618,20359721,14728645,35088366,2,0,0,8192,13,4820218496
3619,20363490,34170768,54534258,6,0,1,1024,8,9428124128
3620,20370380,34163901,54534281,5,0,1,1536,7,9912299646
3621,20372880,34162297,54535177,4,0,1,4608,13,7133195720
3622,20372921,14698351,35071272,2,0,0,12288,13,8679824173
3623,20375890,14464194,34840084,4,0,0,512,13,3415025814
3624,20378970,14562557,34941527,4,0,0,2560,13,8002884551
3625,20383970,34225111,54609081,3,0,1,5120,7,5243656975
3626,20388141,14582140,34970281,2,0,0,17920,13,4224278044
3627,20393621,14597526,34991147,2,0,0,512,13,1438916779
3628,20394890,14651236,35046126,3,0,0,6144,7,630008593
3629,20395360,14850851,35246211,8,0,0,16384,17,7807695849
3630,20395580,14743054,35138634,5,0,0,16896,7,3113176701
3631,20401650,34209057,54610707,0,0,1,2560,18,6772484418
3632,20401930,15550734,35952664,6,0,0,69120,8,6642163854
3633,20407571,14880713,35288284,2,0,0,9216,13,9842287938
3634,20414330,15462656,35876986,9,0,0,53760,17,6971779215
3635,20430370,14637135,35067505,1,0,0,38912,9,3024909071
3636,20431971,14695208,35127179,2,0,0,21504,13,8134562715
3637,20432540,34178513,54611053,6,0,1,512,8,4549499495
3638,20432820,14801988,35234808,5,0,0,1536,7,2633040996
3639,20437930,14966108,35404038,8,0,0,86528,17,10080672163
3640,20453170,14759552,35212722,6,0,0,15872,8,9461331777
3641,20453680,15127649,35581329,4,0,0,19456,13,779582602
3642,20460450,14734942,35195392,4,0,0,512,13,2344852435
3643,20461420,15328329,35789749,8,0,0,28672,17,10720298062
3644,20466211,34145406,54611617,8,0,1,10752,17,7793247325
3645,20466430,15608727,36075157,3,0,0,10752,7,5738622893
3646,20467190,14773041,35240231,6,0,0,7168,8,4406028454
3647,20474020,34137943,54611963,9,0,1,512,17,5150949586
3648,20475791,15000931,35476722,2,0,0,82944,13,10326190022
3649,20493060,15130613,35623673,3,0,0,17408,7,1457783955
3650,20508221,34106648,54614869,8,0,1,4608,17,9153258561
3651,20510840,15125544,35636384,3,0,0,18944,7,2742308896
3652,20514290,14965419,35479709,9,0,0,9728,17,4024402219
3653,20514420,15241277,35755697,4,0,0,15872,13,3559353035
3654,20515130,14800113,35315243,5,0,0,4096,7,1071987626
3655,20526610,14808816,35335426,5,0,0,512,7,3872454682
3656,20549780,15035784,35585564,7,0,0,13824,6,5045937419
3657,20553210,15105474,35658684,8,0,0,31744,17,3882524403
3658,20557960,15054279,35612239,6,0,0,3072,8,2193847703
3659,20559539,14778959,35338498,0,0,0,512,18,9145101595
3660,20563361,15047919,35611280,2,0,0,55296,13,2014239942
3661,20572370,14974660,35547030,7,0,0,9216,6,7010764037
3662,20596441,15116413,35712854,2,0,0,24576,13,3431070872
3663,20598930,34038112,54637042,5,0,1,18944,7,7791222410
3664,20614550,14793769,35408319,7,0,0,1024,6,1039895843
3665,20616550,14937866,35554416,1,0,0,4096,9,4112179445
3666,20619910,34297763,54917673,5,0,1,31232,7,3148647996
3667,20628430,14989916,35618346,5,0,0,19968,7,780504074
3668,20634850,15245123,35879973,3,0,0,9728,7,8610513741
3669,20644220,15259860,35904080,3,0,0,15872,7,8712061783
3670,20659670,15091168,35750838,7,0,0,55808,6,3591116019
3671,20659840,34307964,54967804,7,0,1,9216,6,6798644311
3672,20690240,15193878,35884118,8,0,0,9728,17,1055752654
3673,20690700,15090198,35780898,7,0,0,78848,6,10256328048
3674,20691890,15154558,35846448,3,0,0,30720,7,2127537614
3675,20695470,34306774,55002244,5,0,1,4608,7,3850312438
3676,20704460,15367398,36071858,8,0,0,116736,17,9843034898
3677,20708520,34294070,55002590,0,0,1,512,18,10432595742
3678,20711880,15255228,35967108,7,0,0,3072,6,6577789126
3679,20717850,15248299,35966149,1,0,0,34816,9,8117122050
3680,20738350,34267466,55005816,3,0,1,5120,7,6199332237
3681,20749890,34260069,55009959,1,0,1,512,9,110904184
3682,20757681,15242749,36000430,2,0,0,53248,13,256863520
3683,20764600,34246985,55011585,9,0,1,2560,17,8993994006
3684,20793110,15016819,35809929,4,0,0,6144,13,8519372128
3685,20798050,15288300,36086350,8,0,0,31232,17,1658419252
3686,20803031,34291370,55094401,8,0,1,14336,17,9867074002
3687,20803060,15320478,36123538,8,0,0,53760,17,1940115661
3688,20804990,15089572,35894562,5,0,0,31232,7,7223187922
3689,20810260,15333486,36143746,5,0,0,39424,7,9751493068
3690,20818700,15361772,36180472,7,0,0,2560,6,5979537096
3691,20818771,15136100,35954871,2,0,0,7168,13,10572383567
3692,20824680,15262161,36086841,7,0,0,1536,6,10369709433
3693,20825520,15096292,35921812,9,0,0,33280,17,3014551383
3694,20833210,15406159,36239369,8,0,0,52224,17,3375776715
3695,20862871,34233015,55095886,8,0,1,15360,17,1883791892
3696,20865701,34259471,55125172,8,0,1,12288,17,5190626107
3697,20890020,34312266,55202286,1,0,1,10240,9,7177465690
3698,20895060,15466786,36361846,1,0,0,153088,9,9891150867
3699,20908281,34471989,55380270,8,0,1,2048,17,7759692310
3700,20911060,34549759,55460819,0,0,1,4096,18,3564187854
3701,20926710,15048400,35975110,1,0,0,512,9,1606341565
3702,20929070,15026448,35955518,9,0,0,2048,17,2683612356
3703,20939560,15506473,36446033,9,0,0,57344,17,9212350667
3704,20971930,15154907,36126837,1,0,0,10752,9,7993278811
3705,20973490,34544429,55517919,1,0,1,16384,9,1501126985
3706,20975950,15432014,36407964,7,0,0,11776,6,431880305
3707,20984091,15216084,36200175,2,0,0,512,13,2307691170
3708,20984400,34662387,55646787,2,0,1,38912,13,10250070101
3709,20991140,15408354,36399494,8,0,0,38912,17,1556647483
3710,21000390,34666255,55666645,3,0,1,8704,7,10451673036
3711,21010300,15251821,36262121,7,0,0,9728,6,555773592
3712,21019431,34666448,55685879,8,0,1,1024,17,2309922503
3713,21021050,15531195,36552245,7,0,0,31744,6,6227186060
3714,21021649,15492296,36513945,0,0,0,16384,18,780121204
3715,21021860,15399072,36420932,4,0,0,17408,13,5119274139
3716,21023050,15285667,36308717,4,0,0,21504,13,339647346
3717,21027170,15499461,36526631,9,0,0,8192,17,3887128014
3718,21036530,15163466,36199996,3,0,0,6144,7,10565927628
3719,21045021,15221809,36266830,2,0,0,2560,13,9499401158
3720,21045340,34640562,55685902,2,0,1,17408,13,3186863770
3721,21049170,15668591,36717761,1,0,0,68608,9,2347895635
3722,21065530,15338823,36404353,4,0,0,15872,13,9569492190
3723,21070430,15659522,36729952,9,0,0,39936,17,1653874598
3724,21071460,15105835,36177295,8,0,0,5120,17,1311650286
3725,21075320,34660244,55735564,4,0,1,512,13,6326321937
3726,21075491,34662019,55737510,8,0,1,3072,17,4586617781
3727,21075640,34692180,55767820,3,0,1,512,7,1412095244
3728,21091700,34693918,55785618,1,0,1,6656,9,9632640981
3729,21111180,15300069,36411249,6,0,0,512,8,7664793862
3730,21120661,15796330,36916991,2,0,0,31232,13,3297720514
3731,21121210,15254283,36375493,4,0,0,37888,13,8758234566
3732,21124850,34660791,55785641,7,0,1,4096,6,2350415553
3733,21125150,15332521,36457671,5,0,0,512,7,10228170504
3734,21128570,15883268,37011838,4,0,0,57856,13,2953664414
3735,21129510,15385550,36515060,1,0,0,3584,9,3090090542
3736,21136400,34649264,55785664,3,0,1,9728,7,7361316705
3737,21139130,15398032,36537162,8,0,0,1024,17,9968235576
3738,21146770,15774768,36921538,3,0,0,14848,7,5503051924
3739,21148710,34701297,55850007,1,0,1,49664,9,6085168851
3740,21152800,15411807,36564607,3,0,0,20480,7,7146104067
3741,21165290,15456759,36622049,4,0,0,7680,13,120676557
3742,21170340,16084160,37254500,5,0,0,10752,7,9987586968
3743,21173740,34947024,56120764,7,0,1,11264,6,10458938997
3744,21186210,35096949,56283159,3,0,1,30208,7,9261607638
3745,21187170,15655143,36842313,1,0,0,53248,9,2907057535
3746,21193590,16043480,37237070,7,0,0,35328,6,4387960989
3747,21193681,15952122,37145803,2,0,0,15360,13,5113489511
3748,21199960,15208347,36408307,5,0,0,1024,7,794664276
3749,21202351,15432738,36635089,2,0,0,8704,13,3059560196
3750,21203520,15539039,36742559,9,0,0,18944,17,10015894988
3751,21205540,15470119,36675659,9,0,0,19456,17,327268504
3752,21205970,15833102,37039072,1,0,0,13824,9,2231952555
3753,21212190,15465625,36677815,4,0,0,6656,13,6794105087
3754,21214290,35068900,56283190,6,0,1,5120,8,5688303566
3755,21214340,15555561,36769901,9,0,0,17920,17,3459802728
3756,21219799,35063414,56283213,0,0,1,7680,18,10540901897
3757,21220690,15720714,36941404,9,0,0,23040,17,10209764724
3758,21223531,35112829,56336360,8,0,1,16896,17,6902632531
3759,21228260,35108123,56336383,3,0,1,5120,7,1680422193
3760,21228720,15464687,36693407,5,0,0,10240,7,2874013198
3761,21233830,35102576,56336406,6,0,1,2560,8,10290085015
3762,21236821,15697532,36934353,2,0,0,41984,13,7608430099
3763,21251960,15573303,36825263,8,0,0,42496,17,8013073705
3764,21254100,35083124,56337224,2,0,1,2048,13,9764211785
3765,21260460,15589676,36850136,8,0,0,25600,17,3546450639
3766,21261750,15769464,37031214,8,0,0,10240,17,6553735979
3767,21263070,15644382,36907452,4,0,0,27648,13,868769285
3768,21271660,35166110,56437770,6,0,1,27648,8,2905033468
3769,21275930,16042974,37318904,4,0,0,26624,13,3103651468
3770,21276780,35168285,56445065,7,0,1,13312,6,7079041306
3771,21276840,16045987,37322827,1,0,0,12800,9,4941186140
3772,21279170,16072149,37351319,7,0,0,89600,6,301567496
3773,21294510,15722343,37016853,8,0,0,16384,17,4221583404
3774,21295250,15838935,37134185,7,0,0,22528,6,5124106769
3775,21295850,15773384,37069234,1,0,0,81408,9,4339521154
3776,21304780,15521286,36826066,7,0,0,2560,6,954128354
3777,21309780,16000989,37310769,1,0,0,9216,9,9948256962
3778,21330110,16055559,37385669,3,0,0,13312,7,4785055635
3779,21339480,16024241,37363721,3,0,0,16896,7,9798634635
3780,21347730,15960208,37307938,8,0,0,90624,17,9630143347
3781,21353610,16319341,37672951,7,0,0,53760,6,2267388777
3782,21353850,16075562,37429412,1,0,0,118784,9,10169753384
3783,21358760,16076447,37435207,1,0,0,18944,9,1306621980
3784,21360560,15683839,37044399,7,0,0,17408,6,1373641603
3785,21390810,16181031,37571841,8,0,0,23552,17,7569803451
3786,21390990,16067218,37458208,1,0,0,75264,9,9556720570
3787,21392030,15711389,37103419,7,0,0,9216,6,7155530047
3788,21395890,35153933,56549823,1,0,1,7168,9,10573162223
3789,21398600,15794079,37192679,1,0,0,88576,9,9951529021
3790,21398901,15954009,37352910,2,0,0,5120,13,5892789290
3791,21409060,16101273,37510333,5,0,0,24576,7,5081376289
3792,21413311,35137117,56550428,8,0,1,1024,17,947728191
3793,21414300,15909665,37323965,5,0,0,3584,7,8505708196
3794,21415080,35192278,56607358,7,0,1,25088,6,3559750519
3795,21422270,35297520,56719790,6,0,1,30208,8,3569992117
3796,21424130,16384114,37808244,8,0,0,115712,17,4352128080
3797,21424980,16039826,37464806,1,0,0,21504,9,2545151756
3798,21435410,35296738,56732148,9,0,1,7680,17,741180096
3799,21437700,16103919,37541619,7,0,0,6144,6,10315944350
3800,21441770,15780269,37222039,8,0,0,3072,17,3752233816
3801,21451019,35286339,56737358,0,0,1,7168,18,7326376623
3802,21458030,16033475,37491505,8,0,0,16896,17,1302718964
3803,21461480,16251084,37712564,7,0,0,43520,6,2295452660
3804,21470520,16010423,37480943,7,0,0,30208,6,4531351108
3805,21490220,35486557,56976777,6,0,1,24576,8,3030645457
3806,21504860,16046123,37550983,6,0,0,5632,8,1348904764
3807,21505160,16408535,37913695,4,0,0,15872,13,5004869730
3808,21505520,35485389,56990909,9,0,1,7680,17,10081735083
3809,21509990,16096677,37606667,7,0,0,32256,6,7232054078
3810,21518270,35519124,57037394,4,0,1,512,13,3098409283
3811,21534440,16623816,38158256,5,0,0,28672,7,8761822256
3812,21538790,35498627,57037417,9,0,1,2048,17,4878709081
3813,21544471,16277992,37822463,2,0,0,46592,13,2755911373
3814,21552520,16129392,37681912,7,0,0,29184,6,9993978608
3815,21553090,16055940,37609030,1,0,0,7680,9,10255867322
3816,21556560,16099988,37656548,7,0,0,20992,6,8940457512
3817,21558910,35554594,57113504,6,0,1,12800,8,6059121020
3818,21561690,16189466,37751156,9,0,0,18944,17,5133469472
3819,21564531,16490699,38055230,2,0,0,44544,13,2185395063
3820,21578470,16010676,37589146,8,0,0,13312,17,10322170988
3821,21584141,16159642,37743783,2,0,0,33792,13,6430647928
3822,21586571,16109323,37695894,2,0,0,10240,13,2765968885
3823,21588910,16263078,37851988,8,0,0,22528,17,10428559447
3824,21589600,16283213,37872813,7,0,0,29696,6,2742621661
3825,21598360,16226310,37824670,3,0,0,7168,7,6292041711
3826,21601970,35551027,57152997,2,0,1,1536,13,9044531766
3827,21603400,16420711,38024111,4,0,0,12800,13,10310715273
3828,21604100,16038965,37643065,8,0,0,9728,17,8954392289
3829,21606350,16364921,37971271,9,0,0,11264,17,4397871879
3830,21606420,16375834,37982254,5,0,0,2560,7,10036187171
3831,21608880,16338739,37947619,5,0,0,44544,7,4798834913
3832,21610610,16713520,38324130,8,0,0,27648,17,8025382825
3833,21610840,35552499,57163339,1,0,1,2048,9,9289553774
3834,21612080,16876584,38488664,5,0,0,8704,7,5091442074
3835,21616210,35606156,57222366,3,0,1,15360,7,4609390507
3836,21622671,16567956,38190627,2,0,0,26624,13,2865520109
3837,21634690,16463245,38097935,8,0,0,3584,17,8603266858
3838,21648070,16208309,37856379,3,0,0,14336,7,6592894014
3839,21681810,16514440,38196250,5,0,0,9728,7,4827876481
3840,21686391,16795964,38482355,2,0,0,6656,13,6856979846
3841,21688410,16175324,37863734,3,0,0,24064,7,893411715
3842,21713370,16955489,38668859,4,0,0,7168,13,7268856190
3843,21734140,35553078,57287218,5,0,1,18944,7,1562610764
3844,21747460,16349360,38096820,8,0,0,43520,17,8383795964
3845,21755060,35570546,57325606,4,0,1,512,13,10434021173
3846,21759190,16492168,38251358,7,0,0,25600,6,4831061563
3847,21767361,16252827,38020188,2,0,0,7168,13,4623993576
3848,21779900,35545729,57325629,1,0,1,13824,9,1812778615
3849,21782290,16881051,38663341,5,0,0,44544,7,102870932
3850,21790400,35742368,57532768,2,0,1,20480,13,5204879388
3851,21802220,16027309,37829529,3,0,0,15872,7,7085335748
3852,21808230,16755094,38563324,5,0,0,27136,7,591223386
3853,21808750,35739830,57548580,6,0,1,512,8,2135920025
3854,21810830,16227478,38038308,4,0,0,12800,13,1192496649
3855,21815680,16500003,38315683,7,0,0,69632,6,2840201598
3856,21819430,16144230,37963660,5,0,0,11776,7,9104066625
3857,21824310,17004009,38828319,1,0,0,37376,9,3180280821
3858,21825230,16232207,38057437,1,0,0,7168,9,4624851287
3859,21838600,35802487,57641087,9,0,1,33792,17,5947328142
3860,21840270,16640011,38480281,3,0,0,67072,7,8752918282
3861,21858090,16601724,38459814,5,0,0,72192,7,4384822877
3862,21876100,35846010,57722110,6,0,1,4096,8,3813166333
3863,21886890,17077695,38964585,4,0,0,34816,13,7054104056
3864,21901450,16873411,38774861,5,0,0,36352,7,6255545691
3865,21904840,17035991,38940831,1,0,0,27136,9,1231230621
3866,21907410,16470273,38377683,1,0,0,31744,9,10432847655
3867,21911210,17004571,38915781,1,0,0,31744,9,7880968579
3868,21911531,16424059,38335590,2,0,0,29184,13,8745567491
3869,21924740,16342120,38266860,5,0,0,16384,7,4311611715
3870,21925590,16066294,37991884,7,0,0,512,6,8731509118
3871,21927250,35798406,57725656,6,0,1,5632,8,7104039162
3872,21932930,16423309,38356239,8,0,0,11776,17,8452686196
3873,21936040,16492520,38428560,8,0,0,96256,17,2598961562
3874,21943469,35784453,57727922,0,0,1,3584,18,4052947984
3875,21963750,35767398,57731148,9,0,1,5120,17,1702488688
3876,21965710,16328734,38294444,7,0,0,34816,6,4574037873
3877,21978200,16768249,38746449,5,0,0,512,7,3811621919
3878,21984680,35746814,57731494,3,0,1,512,7,7357981038
3879,21990650,16755620,38746270,7,0,0,21504,6,5277183583
3880,21999940,16251620,38251560,1,0,0,512,9,4330571255
3881,22001180,17298188,39299368,7,0,0,19968,6,5776379115
3882,22008681,17042193,39050874,2,0,0,75264,13,8418180625
3883,22011720,17112183,39123903,3,0,0,40960,7,5296001176
3884,22025870,16943730,38969600,8,0,0,16384,17,8178158363
3885,22040690,35825114,57865804,5,0,1,4096,7,8753118869
3886,22042460,16443529,38485989,3,0,0,11776,7,3101918817
3887,22045000,16675484,38720484,1,0,0,30720,9,9003726256
3888,22048290,16503444,38551734,6,0,0,25600,8,4582443961
3889,22057931,16572483,38630414,2,0,0,28672,13,4528606401
3890,22065881,35805069,57870950,8,0,1,8192,17,2212327599
3891,22078670,16586886,38665556,9,0,0,7168,17,5822026848
3892,22084910,16434825,38519735,6,0,0,11264,8,9969684002
3893,22087930,35796108,57884038,7,0,1,11264,6,2350785195
3894,22095570,16554176,38649746,7,0,0,26112,6,5615739392
3895,22104180,35781164,57885344,4,0,1,2048,13,5246782438
3896,22110221,16327566,38437787,2,0,0,30208,13,9509892486
3897,22117740,16437293,38555033,4,0,0,10752,13,8796232193
3898,22122380,17201234,39323614,1,0,0,7680,9,6100613659
3899,22124870,16712413,38837283,7,0,0,28672,6,9785595316
3900,22140710,16396480,38537190,4,0,0,3072,13,1367177404
3901,22141670,16620277,38761947,1,0,0,39424,9,9718049627
3902,22157780,16644921,38802701,6,0,0,11776,8,5774209411
3903,22161300,16578395,38739695,3,0,0,62976,7,10105360591
3904,22162640,16344406,38507046,5,0,0,5120,7,1275499491
3905,22170290,35719880,57890170,1,0,1,7680,9,8111696080
3906,22180890,16899787,39080677,3,0,0,10752,7,9743988089
3907,22184181,16843738,39027919,2,0,0,47104,13,1601723640
3908,22188420,16610077,38798497,1,0,0,1024,9,7726810275
3909,22193571,35698225,57891796,8,0,1,2560,17,2575850093
3910,22194451,35772714,57967165,8,0,1,10240,17,10469695200
3911,22203160,16499387,38702547,6,0,0,1024,8,1724666858
3912,22207240,16806281,39013521,6,0,0,76288,8,4154107705
3913,22207530,16740045,38947575,6,0,0,7168,8,3514986442
3914,22227740,16922852,39150592,7,0,0,6656,6,5138865180
3915,22231260,16952913,39184173,9,0,0,29184,17,10382238414
3916,22233970,16836051,39070021,1,0,0,32256,9,335938228
3917,22254110,16606771,38860881,5,0,0,20480,7,745472964
3918,22255670,17023993,39279663,6,0,0,44032,8,2373490374
3919,22266420,17150250,39416670,7,0,0,10240,6,8018583295
3920,22272980,16875561,39148541,3,0,0,3072,7,8981128481
3921,22278820,16504499,38783319,8,0,0,17920,17,3028910547
3922,22279710,16470194,38749904,6,0,0,11264,8,2676241236
3923,22280580,16779590,39060170,1,0,0,29696,9,9065935958
3924,22280660,16770393,39051053,6,0,0,512,8,5541089061
3925,22281680,35690523,57972203,1,0,1,7680,9,4799982235
3926,22290150,35701095,57991245,5,0,1,7680,7,9869503852
3927,22293770,35837472,58131242,3,0,1,14336,7,2802554306
3928,22298740,16834234,39132974,6,0,0,29696,8,2616922040
3929,22302260,35831813,58134073,3,0,1,4096,7,888603506
3930,22305230,35864532,58169762,3,0,1,4096,7,5578500946
3931,22312130,16909302,39221432,8,0,0,35840,17,6099894268
3932,22313830,16627960,38941790,8,0,0,3072,17,7302984781
3933,22315891,16660350,38976241,2,0,0,2048,13,3048161722
3934,22327540,16817679,39145219,7,0,0,2048,6,4510357690
3935,22328201,35841817,58170018,8,0,1,9216,17,6703519460
3936,22338450,35883362,58221812,4,0,1,4096,13,8785544706
3937,22342080,17011295,39353375,1,0,0,5120,9,7835814103
3938,22342140,17034369,39376509,7,0,0,70144,6,8355206725
3939,22344681,35877154,58221835,8,0,1,4608,17,6585160652
3940,22351010,16632215,38983225,1,0,0,10752,9,10684014694
3941,22357790,16789792,39147582,4,0,0,7680,13,4366687870
3942,22360560,35889667,58250227,3,0,1,3584,7,9124749897
3943,22363631,16780941,39144572,2,0,0,27648,13,10153478431
3944,22365810,17062583,39428393,6,0,0,38400,8,5497647824
3945,22366700,17046827,39413527,4,0,0,102912,13,10629135852
3946,22368230,17113669,39481899,7,0,0,65024,6,3972084351
3947,22372560,35878013,58250573,2,0,1,512,13,7721727496
3948,22373790,16762335,39136125,6,0,0,10240,8,8427777186
3949,22375290,17278186,39653476,3,0,0,68608,7,7625303876
3950,22377590,17254943,39632533,7,0,0,47616,6,4735036495
3951,22379030,17114056,39493086,8,0,0,4096,17,5041097414
3952,22381959,35869178,58251137,0,0,1,10752,18,1805689335
3953,22384390,17219214,39603604,9,0,0,6656,17,9686839890
3954,22386630,17341142,39727772,6,0,0,28672,8,9864733845
3955,22390240,17099170,39489410,5,0,0,24576,7,2771849780
3956,22408230,17053826,39462056,6,0,0,48128,8,58934078
3957,22409040,17496735,39905775,9,0,0,16384,17,2112472600
3958,22409450,16871172,39280622,7,0,0,3072,6,5030737271
3959,22417090,16934702,39351792,4,0,0,47104,13,2637764709
3960,22425920,17082687,39508607,7,0,0,2560,6,7886434877
3961,22431991,17012547,39444538,2,0,0,34304,13,8868899790
3962,22447560,17304830,39752390,4,0,0,57344,13,10289541424
3963,22453580,16928568,39382148,6,0,0,18432,8,8838163736
3964,22459330,17313409,39772739,1,0,0,22016,9,2995891961
3965,22473750,17127803,39601553,9,0,0,62976,17,8954371777
3966,22473890,17414344,39888234,4,0,0,57856,13,1615999899
3967,22480690,17211075,39691765,3,0,0,13312,7,5418375777
3968,22480980,17529749,40010729,3,0,0,29696,7,10711425526
3969,22487580,17424816,39912396,3,0,0,5632,7,3091895335
3970,22490890,17194409,39685299,1,0,0,26624,9,6759296355
3971,22491241,17045354,39536595,2,0,0,4608,13,6610487425
3972,22498740,35810347,58309087,9,0,1,4608,17,3048753599
3973,22500550,35814199,58314749,4,0,1,6656,13,3433682678
3974,22504010,17261998,39766008,5,0,0,38400,7,5734519720
3975,22506810,17111192,39618002,8,0,0,32768,17,5986738546
3976,22512320,17095675,39607995,5,0,0,14336,7,3846086830
3977,22529340,35792007,58321347,2,0,1,4608,13,10225467282
3978,22554400,17302608,39857008,3,0,0,89088,7,8371158437
3979,22559120,16888249,39447369,8,0,0,9216,17,3893274528
3980,22564960,35756410,58321370,6,0,1,13312,8,7896416351
3981,22569390,17233845,39803235,1,0,0,71680,9,1077191402
3982,22572370,17002082,39574452,5,0,0,19456,7,1102754472
3983,22573911,17325578,39899489,2,0,0,36864,13,2341229251
3984,22585730,17237319,39823049,7,0,0,16384,6,883306268
3985,22586440,35837877,58424317,7,0,1,8192,6,4796014184
3986,22588749,35922920,58511669,0,0,1,2560,18,1690832220
3987,22600520,36013280,58613800,2,0,1,3584,13,3328579234
3988,22608080,17339689,39947769,9,0,0,8704,17,8173240739
3989,22616510,17565840,40182350,4,0,0,65536,13,3842565942
3990,22618630,17336658,39955288,4,0,0,24576,13,3350624452
3991,22623700,17437374,40061074,9,0,0,3584,17,3523450423
3992,22623760,16805280,39429040,7,0,0,2048,6,6762241101
3993,22627630,17107265,39734895,7,0,0,8704,6,5730985031
3994,22627700,17511548,40139248,3,0,0,27136,7,7168270360
3995,22640750,17113535,39754285,4,0,0,6144,13,6105282919
3996,22640960,35975426,58616386,3,0,1,4096,7,5372556099
3997,22648610,35999194,58647804,1,0,1,26624,9,1180127387
3998,22652170,17292924,39945094,4,0,0,24064,13,10511142981
3999,22659110,17548627,40207737,6,0,0,58368,8,10430285543
4000,22668930,36057027,58725957,4,0,1,14336,13,4674714385
4001,22671600,17239057,39910657,6,0,0,15872,8,9596397290
4002,22690720,36051091,58741811,7,0,1,22528,6,2895127472
4003,22692670,17469689,40162359,8,0,0,75776,17,445461355
4004,22694760,17653566,40348326,4,0,0,43520,13,361186590
4005,22694820,17322640,40017460,8,0,0,22016,17,9804486056
4006,22697191,17344830,40042021,2,0,0,10240,13,10034535437
4007,22697540,17117666,39815206,4,0,0,36352,13,1578157063
4008,22697670,17216028,39913698,6,0,0,4096,8,5488145126
4009,22707961,17506421,40214382,2,0,0,4608,13,6306671301
4010,22723530,36195802,58919332,3,0,1,7680,7,5500220531
4011,22741761,17259897,40001658,2,0,0,9728,13,7191266953
4012,22753150,17050957,39804107,9,0,0,2560,17,3020324273
4013,22766889,36156309,58923198,0,0,1,6144,18,2694763027
4014,22768780,36159564,58928344,6,0,1,8192,8,1040798180
4015,22771061,17345084,40116145,2,0,0,17408,13,6168669053
4016,22779430,17276540,40055970,6,0,0,11264,8,9469758126
4017,22780931,17180666,39961597,2,0,0,5632,13,2241204491
4018,22781630,17138487,39920117,7,0,0,20992,6,5322009251
4019,22785560,36168866,58954426,3,0,1,4608,7,9135658796
4020,22787880,17112880,39900760,5,0,0,4096,7,7637206634
4021,22789240,17307851,40097091,9,0,0,23552,17,1803403600
4022,22789290,36226827,59016117,9,0,1,11264,17,4543376034
4023,22795780,36220360,59016140,4,0,1,7168,13,8419578432
4024,22805871,36320239,59126110,8,0,1,8192,17,8957636805
4025,22808181,17697332,40505513,2,0,0,17408,13,4460181428
4026,22810760,36315373,59126133,6,0,1,2560,8,4869315965
4027,22817170,17372737,40189907,4,0,0,24576,13,945348933
4028,22818130,17102330,39920460,3,0,0,1024,7,8074554398
4029,22827680,36298476,59126156,5,0,1,11264,7,7696970828
4030,22828020,17170651,39998671,5,0,0,10240,7,4433523186
4031,22830280,36404935,59235215,6,0,1,18944,8,9124043118
4032,22838040,17398369,40236409,4,0,0,1536,13,3841941916
4033,22839420,17227105,40066525,9,0,0,15872,17,6299565688
4034,22839471,36444647,59284118,8,0,1,12800,17,2748592303
4035,22840980,36558882,59399862,1,0,1,19456,9,4022222725
4036,22854200,17579689,40433889,5,0,0,9216,7,10674923863
4037,22856630,17552514,40409144,8,0,0,26624,17,6864182610
4038,22861320,17579144,40440464,8,0,0,21504,17,981193053
4039,22863770,36537542,59401312,3,0,1,6144,7,6045895188
4040,22866190,17258156,40124346,5,0,0,5120,7,6487870467
4041,22866940,17192577,40059517,1,0,0,7168,9,5004616188
4042,22874580,17342165,40216745,4,0,0,7680,13,10277559566
4043,22880630,17332294,40212924,9,0,0,16896,17,9195169684
4044,22884971,17674607,40559578,2,0,0,18944,13,5163708287
4045,22895680,17759301,40654981,6,0,0,33792,8,2445126920
4046,22904690,17182908,40087598,3,0,0,6144,7,9885288551
4047,22915210,17331862,40247072,6,0,0,4096,8,6679220924
4048,22917040,36485730,59402770,4,0,1,6656,13,1018595139
4049,22919530,17366740,40286270,3,0,0,35840,7,8599990744
4050,22928190,17894421,40822611,9,0,0,28672,17,7344245878
4051,22957970,17616757,40574727,9,0,0,31744,17,1805151273
4052,22958131,17606441,40564572,2,0,0,2560,13,9309988873
4053,22958850,36443951,59402801,2,0,1,1024,13,4553889441
4054,22966170,17262555,40228725,1,0,0,15872,9,7755377981
4055,22967920,17422892,40390812,6,0,0,9216,8,1337237000
4056,22970220,36474377,59444597,4,0,1,16384,13,1806266823
4057,22973191,17377521,40350712,2,0,0,1536,13,4047556431
4058,22990990,36455873,59446863,6,0,1,3584,8,10149353826
4059,22997970,17450949,40448919,9,0,0,27648,17,2368963745
4060,23003850,17510412,40514262,4,0,0,25088,13,7473154814
4061,23005020,17461142,40466162,4,0,0,26112,13,5165410395
4062,23005649,36443160,59448809,0,0,1,3072,18,5594854946
4063,23007140,17720601,40727741,9,0,0,40960,17,1408657376
4064,23008240,17109488,40117728,8,0,0,5120,17,6186233310
4065,23010250,36508817,59519067,2,0,1,19456,13,7551504663
4066,23018089,36649290,59667379,0,0,1,9216,18,7618482098
4067,23018550,17057526,40076076,6,0,0,512,8,6844856821
4068,23019670,36665753,59685423,3,0,1,4608,7,7948595957
4069,23032620,36653571,59686191,4,0,1,11776,13,7745510951
4070,23035470,17314751,40350221,9,0,0,6144,17,1267010771
4071,23038260,17218783,40257043,8,0,0,5120,17,7193831061
4072,23058430,17490713,40549143,8,0,0,11264,17,7858755926
4073,23059470,17553489,40612959,4,0,0,59392,13,6917180991
4074,23063820,17319294,40383114,3,0,0,26624,7,9681158946
4075,23074570,17842327,40916897,5,0,0,86016,7,5920874508
4076,23078281,17916144,40994425,2,0,0,512,13,7044211882
4077,23083399,36603458,59686857,0,0,1,1024,18,9331440763
4078,23086460,17649283,40735743,6,0,0,26112,8,7600952404
4079,23089301,17144672,40233973,2,0,0,6144,13,5619690654
4080,23089760,17575657,40665417,9,0,0,15360,17,9581127596
4081,23092540,36595303,59687843,4,0,1,1536,13,5577674774
4082,23092810,17992644,41085454,8,0,0,53248,17,8108466523
4083,23100360,17901443,41001803,7,0,0,24064,6,5974519249
4084,23102480,17998909,41101389,7,0,0,52224,6,2444369093
4085,23112450,36575739,59688189,3,0,1,512,7,821965272
4086,23118440,17635187,40753627,5,0,0,3584,7,1957064346
4087,23121951,17185703,40307654,2,0,0,10240,13,333385407
4088,23126860,36619101,59745961,9,0,1,30720,17,4266361508
4089,23140230,17664065,40804295,3,0,0,3072,7,9283197413
4090,23140841,17503821,40644662,2,0,0,51712,13,4747149441
4091,23143060,17866924,41009984,3,0,0,26624,7,7481918135
4092,23150560,17152490,40303050,5,0,0,4608,7,8527751693
4093,23154000,17344838,40498838,8,0,0,17408,17,6273008262
4094,23158000,17652532,40810532,6,0,0,3584,8,5146241677
4095,23158590,17604318,40762908,3,0,0,25088,7,9313634365
4096,23159389,36684087,59843476,0,0,1,4608,18,3563979062
4097,23161060,17593526,40754586,6,0,0,3072,8,4790364530
4098,23164260,18055930,41220190,5,0,0,14848,7,8715186183
4099,23176220,17993081,41169301,8,0,0,512,17,1634863051
4100,23176840,18016029,41192869,3,0,0,18432,7,6364958873
4101,23177110,17983952,41161062,8,0,0,48128,17,507669364
4102,23183480,36661172,59844652,3,0,1,4608,7,4131888922
4103,23184539,36660779,59845318,0,0,1,1024,18,2172644113
4104,23185799,36684065,59869864,0,0,1,4096,18,1804966342
4105,23190820,17561684,40752504,6,0,0,54784,8,1108902628
4106,23192641,18016717,41209358,2,0,0,3584,13,194718558
4107,23194430,17951945,41146375,5,0,0,26112,7,4051951565
4108,23201200,17689458,40890658,7,0,0,109056,6,4009520359
4109,23207750,17547483,40755233,9,0,0,2048,17,5567064498
4110,23210030,17495556,40705586,4,0,0,3072,13,6796046228
4111,23220360,18157088,41377448,3,0,0,52736,7,1348228395
4112,23227400,17460702,40688102,8,0,0,3072,17,5525381615
4113,23231880,17397003,40628883,8,0,0,15872,17,8712871017
4114,23245590,17857382,41102972,9,0,0,5120,17,2656554892
4115,23251171,17743075,40994246,2,0,0,96256,13,4778168454
4116,23256950,17660929,40917879,9,0,0,1536,17,1237636829
4117,23258890,17419080,40677970,1,0,0,1536,9,2908364383
4118,23260620,18059313,41319933,4,0,0,31232,13,8166462882
4119,23261890,17869366,41131256,5,0,0,8192,7,456962709
4120,23261900,18048471,41310371,3,0,0,60416,7,6571328184
4121,23264030,18146277,41410307,6,0,0,18432,8,5656477023
4122,23274640,17573944,40848584,9,0,0,11264,17,8006903087
4123,23275851,17841985,41117836,2,0,0,7168,13,7665434026
4124,23282811,36659152,59941963,8,0,1,21504,17,8883144057
4125,23282910,36660359,59943269,4,0,1,2048,13,9167149526
4126,23286000,17901207,41187207,1,0,0,13312,9,10192835903
4127,23287310,36657137,59944447,4,0,1,13824,13,1021976255
4128,23290930,36768792,60059722,3,0,1,5120,7,3228919356
4129,23293030,36780702,60073732,5,0,1,6656,7,10060507088
4130,23301600,36772155,60073755,9,0,1,11776,17,7537902593
4131,23308470,18185735,41494205,4,0,0,50688,13,10062673968
4132,23315830,17621499,40937329,6,0,0,4096,8,5000453974
4133,23318429,36842562,60160991,4,0,1,6656,13,8763720223
4134,23318960,36848444,60167404,9,0,1,22528,17,219267667
4135,23326129,36881169,60207298,4,0,1,15360,13,4448230172
4136,23327800,18313914,41641714,5,0,0,21504,7,1122875230
4137,23334950,18065598,41400548,1,0,0,43008,9,3266805440
4138,23341111,17594947,40936058,2,0,0,36352,13,3411640707
4139,23356260,17501147,40857407,5,0,0,6656,7,8516139531
4140,23356329,36878442,60234771,0,0,1,5120,18,1380115372
4141,23362090,17555298,40917388,3,0,0,1536,7,7093133842
4142,23363830,17481253,40845083,7,0,0,31744,6,10054562277
4143,23365010,17772821,41137831,5,0,0,21504,7,8785604397
4144,23365810,17926084,41291894,3,0,0,60416,7,2824563497
4145,23382530,17672876,41055406,9,0,0,39424,17,7458550709
4146,23387280,18194162,41581442,7,0,0,15360,6,10168908926
4147,23389069,36897995,60287064,4,0,1,13312,13,1056030635
4148,23389180,18042366,41431546,8,0,0,69632,17,8128519158
4149,23407650,36879670,60287320,6,0,1,9216,8,7607006633
4150,23408530,17969409,41377939,7,0,0,1536,6,3111902367
4151,23411970,17598513,41010483,8,0,0,1536,17,2791352908
4152,23419120,37048811,60467931,1,0,1,13312,9,9768223596
4153,23419471,18018650,41438121,2,0,0,21504,13,9830072187
4154,23424210,17799123,41223333,5,0,0,10240,7,3347282870
4155,23424750,17424325,40849075,5,0,0,1536,7,7254744049
4156,23425850,18253578,41679428,7,0,0,38400,6,2374730898
4157,23433140,37144895,60578035,9,0,1,12288,17,5295072923
4158,23436170,18198322,41634492,7,0,0,41472,6,3785811233
4159,23439820,37169035,60608855,1,0,1,6144,9,10255789354
4160,23443010,17886329,41329339,9,0,0,30720,17,5692615869
4161,23449700,17795519,41245219,4,0,0,1536,13,10327253459
4162,23461231,18382801,41844032,2,0,0,36864,13,203274650
4163,23468920,17975019,41443939,8,0,0,11776,17,502864548
4164,23470540,18388990,41859530,8,0,0,48128,17,10291680567
4165,23472970,18307163,41780133,8,0,0,57856,17,3508990225
4166,23475630,17766500,41242130,4,0,0,15360,13,7586703210
4167,23487240,17552667,41039907,4,0,0,4096,13,3495395924
4168,23506250,18418115,41924365,5,0,0,6656,7,7468042418
4169,23507240,17522976,41030216,3,0,0,1536,7,10700245854
4170,23507420,18101388,41608808,8,0,0,89088,17,8893038947
4171,23507820,18324622,41832442,5,0,0,35328,7,5266592736
4172,23509270,18184407,41693677,8,0,0,29696,17,9138469883
4173,23511310,17652817,41164127,3,0,0,4608,7,7926896949
4174,23515760,37144868,60660628,7,0,1,43008,6,7356835676
4175,23523810,37218420,60742230,5,0,1,2560,7,1714255735
4176,23529930,18314905,41844835,4,0,0,2560,13,4814483385
4177,23536760,17568107,41104867,4,0,0,6144,13,3502159330
4178,23538259,37205434,60743693,4,0,1,1536,13,4518615021
4179,23546870,18252060,41798930,4,0,0,12288,13,6707342487
4180,23552140,17888188,41440328,3,0,0,7168,7,1328474301
4181,23562780,37184139,60746919,7,0,1,5120,6,9555361853
4182,23562950,18005165,41568115,5,0,0,33280,7,7954982240
4183,23563760,18411868,41975628,1,0,0,51200,9,1792832991
4184,23565630,18340695,41906325,8,0,0,36864,17,4403663689
4185,23565930,17786578,41352508,9,0,0,54784,17,8190564075
4186,23576461,18307528,41883989,2,0,0,44544,13,6086224322
4187,23577300,18686284,42263584,7,0,0,24576,6,4969881108
4188,23581889,37195705,60777594,0,0,1,2560,18,3405684395
4189,23588520,18046619,41635139,4,0,0,2048,13,2782285586
4190,23593590,18028212,41621802,5,0,0,15360,7,3555784243
4191,23599990,17957962,41557952,1,0,0,41472,9,5131896480
4192,23602901,37179519,60782420,8,0,1,7680,17,10730805800
4193,23603871,18406893,42010764,2,0,0,9728,13,6245874836
4194,23609490,18509871,42119361,4,0,0,12288,13,801596488
4195,23613540,18003559,41617099,3,0,0,27136,7,30384901
4196,23619980,18417249,42037229,8,0,0,10752,17,9206920637
4197,23620570,17952100,41572670,7,0,0,14848,6,9778540866
4198,23627970,37223950,60851920,1,0,1,19968,9,2025115118
4199,23628250,18286857,41915107,4,0,0,23040,13,1508461904
4200,23632350,37239400,60871750,7,0,1,2560,6,5618047391
4201,23635780,18575871,42211651,5,0,0,65536,7,4357771705
4202,23654430,17789688,41444118,6,0,0,512,8,10447298729
4203,23662080,18227236,41889316,3,0,0,17408,7,2547823839
4204,23664410,18361385,42025795,8,0,0,47616,17,9505709801
4205,23669100,18466214,42135314,5,0,0,19456,7,5666419647
4206,23675230,18008589,41683819,3,0,0,14336,7,6534070298
4207,23675690,18553502,42229192,5,0,0,57344,7,3236239033
4208,23705150,18648263,42353413,5,0,0,44032,7,3167998621
4209,23705329,37168520,60873849,4,0,1,8192,13,888287576
4210,23710200,18688824,42399024,6,0,0,53248,8,4045757890
4211,23714340,18369672,42084012,7,0,0,2560,6,8172627353
4212,23725321,18282456,42007777,2,0,0,9216,13,3673413988
4213,23728290,18024242,41752532,3,0,0,17408,7,8539428776
4214,23734909,37140134,60875043,4,0,1,1024,13,4444379399
4215,23739160,37165869,60905029,3,0,1,8192,7,8065036974
4216,23740690,18852490,42593180,8,0,0,10240,17,10580518592
4217,23741630,37163422,60905052,3,0,1,7680,7,7335378737
4218,23742100,18004857,41746957,4,0,0,22528,13,10618219588
4219,23742151,19128293,42870444,2,0,0,79872,13,386117563
4220,23751990,18779323,42531313,4,0,0,43008,13,3434454338
4221,23754381,37150694,60905075,8,0,1,1536,17,3872200803
4222,23754680,18197453,41952133,3,0,0,1536,7,88939435
4223,23757900,19063570,42821470,4,0,0,28160,13,6592019600
4224,23761710,18908696,42670406,8,0,0,59392,17,868733008
4225,23764630,17965828,41730458,5,0,0,19456,7,2354668330
4226,23770140,17949332,41719472,4,0,0,9728,13,1548937897
4227,23790310,18625452,42415762,3,0,0,40448,7,5662422570
4228,23791930,18040847,41832777,8,0,0,1024,17,1712787453
4229,23798200,18064481,41862681,7,0,0,10240,6,305700149
4230,23799981,37105911,60905892,8,0,1,3584,17,7740535995
4231,23802601,18440209,42242810,2,0,0,19968,13,2418861678
4232,23803280,37104558,60907838,9,0,1,3072,17,6626089737
4233,23810421,18773954,42584375,2,0,0,31232,13,7384681225
4234,23811090,18443830,42254920,4,0,0,14848,13,8010132965
4235,23827879,18297000,42124879,0,0,0,14336,18,8639721582
4236,23833229,18033554,41866783,0,0,0,13312,18,7413227816
4237,23842460,37133398,60975858,2,0,1,6144,13,6859714367
4238,23842509,37190972,61033481,4,0,1,13312,13,10470422379
4239,23849370,18058694,41908064,1,0,0,5632,9,5852923980
4240,23855460,18178470,42033930,7,0,0,26624,6,5781010178
4241,23855830,37180877,61036707,3,0,1,5120,7,1684937044
4242,23863290,37230126,61093416,2,0,1,9216,13,3375664219
4243,23870610,17999784,41870394,4,0,0,11776,13,1114831516
4244,23871370,19002420,42873790,9,0,0,8704,17,2720697014
4245,23876320,18360383,42236703,5,0,0,24576,7,3500344457
4246,23876730,37277737,61154467,2,0,1,6144,13,8226950972
4247,23880780,18041526,41922306,4,0,0,23552,13,7005384670
4248,23885030,18066589,41951619,7,0,0,20992,6,395896485
4249,23885200,18154571,42039771,1,0,0,2560,9,6375209062
4250,23886120,18152848,42038968,9,0,0,5632,17,7784973974
4251,23894250,18166629,42060879,8,0,0,2560,17,615033150
4252,23895090,37259400,61154490,9,0,1,2560,17,2166321466
4253,23896010,18593645,42489655,5,0,0,512,7,1194026515
4254,23901550,37262502,61164052,6,0,1,3584,8,2068269292
4255,23904740,18652811,42557551,6,0,0,1536,8,2959764751
4256,23906980,18021074,41928054,6,0,0,2048,8,4366178498
4257,23909489,19013215,42922704,0,0,0,12800,18,4282990141
4258,23910080,18255972,42166052,4,0,0,26624,13,9644487973
4259,23926601,37240085,61166686,8,0,1,8192,17,5270102499
4260,23932420,37235572,61167992,6,0,1,2048,8,1930634935
4261,23941150,18435502,42376652,8,0,0,9216,17,902181238
4262,23941910,18140808,42082718,3,0,0,50176,7,4495354948
4263,23943950,18171422,42115372,4,0,0,12800,13,3745182937
4264,23950850,18107737,42058587,7,0,0,5120,6,1117405992
4265,23951650,18674637,42626287,4,0,0,3072,13,9755033102
4266,23958210,18381764,42339974,6,0,0,95744,8,2420485099
4267,23960020,37210878,61170898,3,0,1,4608,7,8613616760
4268,23960980,18638463,42599443,9,0,0,20480,17,8638004755
4269,23967080,18332709,42299789,3,0,0,8192,7,2017867990
4270,23973400,37231361,61204761,2,0,1,9216,13,1288035904
4271,23982440,18376069,42358509,0,0,0,3072,18,10457114797
4272,23993790,37289851,61283641,3,0,1,17408,7,5603857492
4273,24010869,37302386,61313255,0,0,1,4096,18,4062183969
4274,24018240,37379326,61397566,3,0,1,15360,7,1571282821
4275,24018660,37385660,61404320,2,0,1,14848,13,3035084793
4276,24025470,18263554,42289024,5,0,0,15872,7,9507302118
4277,24028890,18353368,42382258,9,0,0,8192,17,9744441822
4278,24033581,37386329,61419910,8,0,1,5632,17,7906775875
4279,24045840,18528807,42574647,6,0,0,9728,8,7676320895
4280,24050110,18328749,42378859,6,0,0,7168,8,977417374
4281,24053440,18201659,42255099,1,0,0,512,9,898712524
4282,24053790,18029419,42083209,5,0,0,1536,7,8172931337
4283,24054391,18405902,42460293,5,0,0,18944,7,10719382693
4284,24055209,37374763,61429972,0,0,1,11264,18,4092971333
4285,24055620,18398878,42454498,1,0,0,83968,9,493933159
4286,24060400,18687081,42747481,3,0,0,61952,7,10260470522
4287,24063110,18491298,42554408,9,0,0,9728,17,5434678417
4288,24063320,37370097,61433417,1,0,1,512,9,1239905013
4289,24063350,18611938,42675288,7,0,0,1024,6,9927836021
4290,24072310,18415420,42487730,8,0,0,13824,17,5351727776
4291,24072410,19165328,43237738,3,0,0,6656,7,4273525695
4292,24079679,18055814,42135493,0,0,0,512,18,2177314011
4293,24092560,18582393,42674953,6,0,0,14848,8,7546353397
4294,24098010,19080983,43178993,7,0,0,100352,6,9363140045
4295,24104991,18840891,42945882,2,0,0,13312,13,7995432415
4296,24114550,18731535,42846085,8,0,0,9216,17,1065441357
4297,24116830,18127095,42243925,5,0,0,3584,7,5244577382
4298,24129570,18652675,42782245,1,0,0,72192,9,10047769443
4299,24130230,18273185,42403415,7,0,0,14336,6,3027588565
4300,24130640,37381290,61511930,9,0,1,5632,17,10480205228
4301,24140030,18217520,42357550,5,0,0,12800,7,8242666720
4302,24152930,18460435,42613365,7,0,0,4608,6,104381855
4303,24165310,17992607,42157917,4,0,0,12800,13,6532404289
4304,24169020,18128250,42297270,7,0,0,12800,6,8634251553
4305,24170200,18869456,43039656,8,0,0,44032,17,4304049131
4306,24171030,19225991,43397021,8,0,0,3584,17,5760579524
4307,24172070,37354312,61526382,1,0,1,2560,9,9452290761
4308,24174451,18323610,42498061,2,0,0,10752,13,2285990753
4309,24175150,18821901,42997051,3,0,0,27648,7,363373602
4310,24175560,18637307,42812867,9,0,0,87040,17,2423250963
4311,24180440,18524550,42704990,0,0,0,13824,18,1172893589
4312,24180730,37345675,61526405,7,0,1,2048,6,4748237041
4313,24181890,18893322,43075212,9,0,0,38400,17,1086279375
4314,24200971,37351773,61552744,8,0,1,14848,17,8945414321
4315,24202550,18678283,42880833,7,0,0,23040,6,7716042149
4316,24205221,37347546,61552767,8,0,1,3072,17,4418129106
4317,24209260,37543335,61752595,9,0,1,28672,17,5318953080
4318,24217660,18371886,42589546,6,0,0,16896,8,2281955870
4319,24218790,18392199,42610989,5,0,0,2048,7,936770723
4320,24221740,18564584,42786324,7,0,0,13312,6,4855848301
4321,24222270,18620976,42843246,1,0,0,23040,9,1596999893
4322,24240040,18349997,42590037,9,0,0,1536,17,1037106772
4323,24249420,18802138,43051558,1,0,0,27136,9,7342585222
4324,24259740,18350602,42610342,5,0,0,23552,7,4903797187
4325,24261110,18711875,42972985,1,0,0,18432,9,1000254696
4326,24262589,37492494,61755083,0,0,1,2560,18,6069796643
4327,24263100,18497126,42760226,9,0,0,33792,17,9421230221
4328,24266289,37530033,61796322,0,0,1,5120,18,8799133555
4329,24268200,37536222,61804422,3,0,1,6656,7,5674885025
4330,24272190,18742482,43014672,8,0,0,1024,17,3336065764
4331,24281990,18773023,43055013,1,0,0,11264,9,2033544477
4332,24283739,37530713,61814452,0,0,1,5632,18,4200187872
4333,24285090,18596858,42881948,4,0,0,3584,13,7418923460
4334,24290790,18389201,42679991,0,0,0,15360,18,5959601761
4335,24297470,19436570,43734040,6,0,0,74240,8,6164223140
4336,24299510,18596832,42896342,4,0,0,16384,13,7838639
4337,24301380,18254455,42555835,0,0,0,4608,18,810728202
4338,24303650,37511012,61814662,6,0,1,2048,8,186278464
4339,24310420,18520612,42831032,5,0,0,7168,7,1744227246
4340,24324870,18302492,42627362,9,0,0,1024,17,6615832758
4341,24355780,18324390,42680170,6,0,0,512,8,9157488474
4342,24358150,37459834,61817984,9,0,1,6144,17,9715742183
4343,24362680,18473523,42836203,4,0,0,16896,13,3531134179
4344,24374160,18686492,43060652,0,0,0,18432,18,5155049931
4345,24399440,18505520,42904960,3,0,0,11776,7,3539868865
4346,24410960,37407047,61818007,1,0,1,3072,9,5649961771
4347,24412040,18872674,43284714,9,0,0,94720,17,291615360
4348,24424740,19365488,43790228,8,0,0,2560,17,2646726339
4349,24427710,18649709,43077419,1,0,0,7168,9,2076859668
4350,24431720,19458219,43889939,3,0,0,5120,7,6797476042
4351,24434360,18394465,42828825,1,0,0,24064,9,7872899945
4352,24437210,18743366,43180576,8,0,0,5120,17,8812703669
4353,24439960,18863496,43303456,3,0,0,23552,7,1116215363
4354,24441539,18885074,43326613,0,0,0,3584,18,1546544865
4355,24445680,18702714,43148394,6,0,0,46592,8,257175746
4356,24448010,18756466,43204476,3,0,0,43008,7,3781923265
4357,24462010,18493665,42955675,5,0,0,2560,7,6035305315
4358,24474210,19105308,43579518,7,0,0,46080,6,9099708113
4359,24479790,18437634,42917424,0,0,0,512,18,2949913387
4360,24483650,18387449,42871099,5,0,0,2048,7,8492746314
4361,24494920,37323110,61818030,3,0,1,5632,7,2245727224
4362,24501310,18790002,43291312,5,0,0,15360,7,8666591929
4363,24502250,18594962,43097212,4,0,0,14336,13,8914890314
4364,24506350,18813665,43320015,6,0,0,54272,8,8979694146
4365,24507600,18518617,43026217,0,0,0,36352,18,9046072429
4366,24522100,18694417,43216517,6,0,0,9216,8,775837595
4367,24530610,18584580,43115190,6,0,0,9728,8,2896240493
4368,24535220,19198999,43734219,1,0,0,512,9,5795521779
4369,24555910,18839996,43395906,1,0,0,44032,9,10037666289
4370,24556000,19473371,44029371,0,0,0,31744,18,5128998820
4371,24566150,18768910,43335060,4,0,0,27648,13,5241579960
4372,24579980,18463287,43043267,3,0,0,11776,7,9347908424
4373,24580070,19118824,43698894,4,0,0,91648,13,8289493144
4374,24582520,37242888,61825408,5,0,1,2560,7,1968680330
4375,24583640,37241791,61825431,6,0,1,10240,8,57751939
4376,24585780,19008340,43594120,5,0,0,23552,7,879225512
4377,24624110,37209272,61833382,1,0,1,3584,9,9902594779
4378,24639120,18580510,43219630,5,0,0,6656,7,7763170651
4379,24642890,37192118,61835008,1,0,1,2560,9,736158649
4380,24644810,19100040,43744850,9,0,0,34816,17,3227686948
4381,24648670,18883491,43532161,1,0,0,60416,9,6177399723
4382,24661790,18591350,43253140,5,0,0,4608,7,10642379599
4383,24662950,18628884,43291834,7,0,0,512,6,10316251929
4384,24669549,37170679,61840228,0,0,1,12288,18,4562385764
4385,24672100,18614509,43286609,0,0,0,6144,18,6342510369
4386,24685010,37195376,61880386,5,0,1,11264,7,7534547987
4387,24686070,37216264,61902334,7,0,1,14848,6,665911551
4388,24688330,19092024,43780354,9,0,0,45568,17,8812984435
4389,24691100,18634398,43325498,5,0,0,17920,7,9779319784
4390,24702690,18633797,43336487,3,0,0,4608,7,5981791319
4391,24705809,37317945,62023754,0,0,1,9216,18,1401633013
4392,24709770,18632800,43342570,3,0,0,4608,7,855156564
4393,24710770,18960177,43670947,5,0,0,40448,7,8318218514
4394,24712359,37315581,62027940,4,0,1,6656,13,5612047147
4395,24714710,19074715,43789425,5,0,0,29696,7,1972123876
4396,24720940,19298736,44019676,3,0,0,73728,7,8427120739
4397,24723730,18727650,43451380,8,0,0,61440,17,447470453
4398,24743940,18821515,43565455,8,0,0,78848,17,7896077594
4399,24746770,18544877,43291647,4,0,0,1024,13,10730380398
4400,24761940,19328171,44090111,7,0,0,40448,6,4800426711
4401,24763679,37331035,62094714,0,0,1,15872,18,5729927140
4402,24767550,18659998,43427548,0,0,0,5120,18,7235989073
4403,24774410,19150299,43924709,4,0,0,20992,13,2993366523
4404,24784100,19308218,44092318,3,0,0,7168,7,1016350149
4405,24801220,18818129,43619349,7,0,0,4608,6,4826122632
4406,24801360,18596932,43398292,7,0,0,4096,6,9227015663
4407,24802350,18959082,43761432,3,0,0,45568,7,5193235259
4408,24802620,19072579,43875199,0,0,0,36352,18,7497564613
4409,24804740,18615990,43420730,3,0,0,22016,7,7249797217
4410,24817030,18604035,43421065,8,0,0,1024,17,553358780
4411,24821300,18647204,43468504,5,0,0,29184,7,3107017477
4412,24827280,37267457,62094737,7,0,1,11264,6,5575776053
4413,24857290,18725394,43582684,1,0,0,10240,9,9597370245
4414,24858300,39054372,63912672,6,0,1,280576,8,10691188505
4415,24873720,18774061,43647781,0,0,0,5120,18,1452785323
4416,24877170,18834227,43711397,0,0,0,40960,18,8119053169
4417,24877560,18913003,43790563,3,0,0,1024,7,8721383124
4418,24880360,19350545,44230905,5,0,0,16384,7,4201767654
4419,24889460,18739516,43628976,5,0,0,6144,7,2831847721
4420,24892980,19455935,44348915,7,0,0,55808,6,5791177378
4421,24897490,39016632,63914122,9,0,1,10240,17,2953585116
4422,24900661,39056857,63957518,8,0,1,5632,17,1395399639
4423,24922440,19177475,44099915,1,0,0,15360,9,2417583537
4424,24947960,18970330,43918290,4,0,0,92160,13,1867417358
4425,24958920,39008940,63967860,1,0,1,3584,9,3027827584
4426,24967020,19248809,44215829,3,0,0,37888,7,2473595571
4427,24981820,19441199,44423019,5,0,0,1536,7,5072792297
4428,24984899,38985768,63970667,4,0,1,6144,13,5844894671
4429,24995220,18752305,43747525,4,0,0,8704,13,5463365703
4430,24998980,19074619,44073599,8,0,0,4608,17,212642750
4431,25000910,19142511,44143421,0,0,0,15872,18,50233525
4432,25001870,18942238,43944108,0,0,0,2048,18,10498479267
4433,25006070,19346658,44352728,4,0,0,12288,13,2629948076
4434,25009170,18757277,43766447,4,0,0,16384,13,6834960174
4435,25011210,38961403,63972613,5,0,1,3072,7,10579325086
4436,25013000,38974687,63987687,3,0,1,8192,7,3933082032
4437,25029150,19681688,44710838,4,0,0,27136,13,4649802448
4438,25032210,19650503,44682713,9,0,0,28160,17,3843647139
4439,25042950,39034197,64077147,6,0,1,44544,8,3064956426
4440,25045690,39044677,64090367,9,0,1,5120,17,620065998
4441,25046960,18795970,43842930,0,0,0,6144,18,10639081242
4442,25056790,18897746,43954536,3,0,0,18432,7,8891526927
4443,25062120,19058035,44120155,0,0,0,37888,18,2476209108
4444,25075120,39043507,64118627,1,0,1,6144,9,5301613533
4445,25082080,19413615,44495695,8,0,0,53248,17,1608344551
4446,25084260,19009615,44093875,8,0,0,2048,17,5747491191
4447,25086040,18857352,43943392,1,0,0,33280,9,7387314566
4448,25095970,19047630,44143600,3,0,0,512,7,1482219946
4449,25097040,19023918,44120958,1,0,0,2560,9,2016674343
4450,25103140,19771198,44874338,0,0,0,27136,18,5334615766
4451,25103930,19318575,44422505,0,0,0,49664,18,9760733112
4452,25107520,19393502,44501022,3,0,0,17408,7,1197040918
4453,25107660,19966562,45074222,0,0,0,55808,18,2024198528
4454,25110950,19368498,44479448,7,0,0,30720,6,7332282822
4455,25114200,19197904,44312104,3,0,0,10752,7,7864810395
4456,25123790,19100041,44223831,4,0,0,11264,13,5707173527
4457,25135630,19150093,44285723,4,0,0,9728,13,1208680417
4458,25137800,38981493,64119293,2,0,1,1024,13,3028731758
4459,25144650,39174711,64319361,2,0,1,23040,13,59241686
4460,25146700,19323342,44470042,8,0,0,25088,17,8224772012
4461,25149950,19070426,44220376,3,0,0,14848,7,2291908388
4462,25151880,19373668,44525548,3,0,0,20992,7,7606372892
4463,25165609,39157854,64323463,4,0,1,2560,13,1638799100
4464,25168531,39154955,64323486,8,0,1,6144,17,5315196328
4465,25179720,19446190,44625910,0,0,0,48640,18,7147686625
4466,25181730,19280645,44462375,9,0,0,62976,17,4734618613
4467,25181950,19088516,44270466,3,0,0,40448,7,3257468794
4468,25184430,39234076,64418506,5,0,1,1536,7,7060012488
4469,25193010,19402744,44595754,8,0,0,20480,17,7416326405
4470,25194870,19311635,44506505,4,0,0,17920,13,5737156774
4471,25203580,18965305,44168885,1,0,0,15872,9,3280590379
4472,25213760,19397307,44611067,1,0,0,11776,9,7572350907
4473,25224010,19064444,44288454,1,0,0,2048,9,9064527957
4474,25225461,39193068,64418529,8,0,1,512,17,8366122250
4475,25225630,19129461,44355091,9,0,0,7680,17,9560546978
4476,25226730,19330973,44557703,3,0,0,7168,7,366657471
4477,25226889,39191663,64418552,0,0,1,12800,18,7065185536
4478,25229290,19944910,45174200,9,0,0,45056,17,8083851490
4479,25236370,18989512,44225882,3,0,0,6656,7,865994317
4480,25250620,39180311,64430931,5,0,1,16384,7,6102223991
4481,25255700,19053052,44308752,5,0,0,8704,7,4198731405
4482,25256010,39219511,64475521,3,0,1,1536,7,9329730570
4483,25266649,39208895,64475544,0,0,1,2560,18,6324256210
4484,25272080,19009611,44281691,8,0,0,2560,17,3703932527
4485,25285550,39246283,64531833,1,0,1,12288,9,6683433995
4486,25290030,19299461,44589491,7,0,0,61952,6,2856187756
4487,25291050,19138396,44429446,7,0,0,7168,6,3024504958
4488,25292980,19341689,44634669,1,0,0,28672,9,4648138806
4489,25301820,19105530,44407350,1,0,0,38912,9,4300241716
4490,25304760,19358174,44662934,3,0,0,31232,7,1299441584
4491,25307310,19468921,44776231,4,0,0,23552,13,2398699689
4492,25308641,39243163,64551804,8,0,1,5632,17,8024570316
4493,25312010,39239817,64551827,7,0,1,3072,6,4729568298
4494,25315510,19581146,44896656,5,0,0,55296,7,9180785043
4495,25321260,39231375,64552635,7,0,1,15872,6,1362806431
4496,25322790,19203249,44526039,5,0,0,1536,7,2059152649
4497,25322890,39232971,64555861,2,0,1,5120,13,8444662101
4498,25323340,39328322,64651662,9,0,1,11264,17,4245217335
4499,25324870,19958611,45283481,1,0,0,12288,9,1416512730
4500,25330959,39322969,64653928,4,0,1,3584,13,3598588531
4501,25331730,19720374,45052104,4,0,0,8704,13,10142536635
4502,25335140,19576017,44911157,4,0,0,10752,13,9759401221
4503,25341150,19427882,44769032,8,0,0,15360,17,10480797923
4504,25347680,19733745,45081425,9,0,0,12800,17,704990473
4505,25351990,19167139,44519129,7,0,0,16896,6,10320920933
4506,25356270,39300021,64656291,9,0,1,8704,17,10630242663
4507,25359900,39311635,64671535,2,0,1,4608,13,7019859026
4508,25363270,19423084,44786354,5,0,0,512,7,9798882783
4509,25363600,19458934,44822534,9,0,0,18432,17,949433325
4510,25364440,39323119,64687559,1,0,1,7168,9,107620111
4511,25376170,19366086,44742256,3,0,0,10752,7,1950523048
4512,25382060,19443149,44825209,8,0,0,8704,17,3296510377
4513,25388750,19798708,45187458,9,0,0,8192,17,4637824205
4514,25390910,39436623,64827533,5,0,1,45056,7,1869389352
4515,25401800,39467440,64869240,2,0,1,2560,13,3396975527
4516,25405220,19372134,44777354,1,0,0,3584,9,7031474561
4517,25408350,40141321,65549671,6,0,1,227328,8,2545819884
4518,25413820,19574694,44988514,4,0,0,21504,13,9778820947
4519,25421620,19946947,45368567,8,0,0,3072,17,9990551002
4520,25426830,20284097,45710927,7,0,0,181760,6,7809418202
4521,25435930,19875890,45311820,8,0,0,87552,17,6883252506
4522,25446560,19534200,44980760,9,0,0,44032,17,8188588499
4523,25455179,40094515,65549694,0,0,1,6656,18,4876572427
4524,25476570,19269086,44745656,0,0,0,9216,18,8390528069
4525,25478400,19488921,44967321,8,0,0,4608,17,10062775930
4526,25489510,20098322,45587832,4,0,0,38400,13,5032822957
4527,25495490,19512180,45007670,0,0,0,13824,18,1283669728
4528,25496680,19424354,44921034,7,0,0,4096,6,4280163192
4529,25499910,19167126,44667036,4,0,0,13312,13,7317037405
4530,25500600,19639762,45140362,4,0,0,1024,13,3534911412
4531,25506150,19543080,45049230,3,0,0,9216,7,6167957650
4532,25507210,19510758,45017968,9,0,0,13824,17,9609008313
4533,25510120,19455774,44965894,4,0,0,20480,13,8891581569
4534,25517160,19752465,45269625,0,0,0,6144,18,9943302825
4535,25529150,20331329,45860479,8,0,0,16384,17,10190907883
4536,25538420,40016000,65554420,1,0,1,23040,9,9057231803
4537,25548230,20001183,45549413,5,0,0,40960,7,9658531285
4538,25558540,19252904,44811444,1,0,0,11776,9,7284077334
4539,25562830,19761181,45324011,9,0,0,39936,17,9858137493
4540,25568470,19699260,45267730,9,0,0,33280,17,3779176513
4541,25570480,19762625,45333105,3,0,0,29696,7,6353284149
4542,25572220,40016043,65588263,1,0,1,1536,9,9629022048
4543,25580250,19762105,45342355,0,0,0,13824,18,2922793986
4544,25589840,19839635,45429475,3,0,0,15360,7,9020230967
4545,25593290,19819010,45412300,3,0,0,32768,7,8482948938
4546,25614070,20206639,45820709,4,0,0,121344,13,7947925140
4547,25620430,19717690,45338120,5,0,0,16384,7,8105523366
4548,25621551,19869350,45490901,2,0,0,10240,13,6600124412
4549,25629200,19479374,45108574,0,0,0,68096,18,3580897614
4550,25642990,39945296,65588286,9,0,1,5120,17,1300609056
4551,25655571,39932738,65588309,8,0,1,9216,17,8330090264
4552,25661190,20098813,45760003,0,0,0,86528,18,3433282560
4553,25677170,19576193,45253363,1,0,0,60928,9,4483578437
4554,25680760,39970210,65650970,3,0,1,5632,7,2905441738
4555,25719010,19816786,45535796,0,0,0,7680,18,200691803
4556,25722070,39963906,65685976,6,0,1,39936,8,446696415
4557,25733090,20387945,46121035,1,0,0,35840,9,9130724197
4558,25736269,39949730,65685999,4,0,1,3584,13,4829302183
4559,25740140,19793293,45533433,8,0,0,9216,17,10062920110
4560,25751100,39959000,65710100,9,0,1,9216,17,3869955273
4561,25751540,39958583,65710123,2,0,1,5632,13,5084034904
4562,25752160,39957986,65710146,1,0,1,2048,9,4922971110
4563,25762320,19697586,45459906,5,0,0,17920,7,9090982329
4564,25770650,19621436,45392086,6,0,0,13312,8,5855535541
4565,25787750,19735181,45522931,0,0,0,64000,18,5659980265
4566,25790690,20386735,46177425,7,0,0,18944,6,9688206549
4567,25794020,20088634,45882654,1,0,0,12800,9,6657049170
4568,25794970,19483897,45278867,1,0,0,19456,9,6248930559
4569,25800820,39960773,65761593,3,0,1,14848,7,4033493997
4570,25802069,39959547,65761616,4,0,1,2048,13,5537025047
4571,25802920,19829697,45632617,7,0,0,12288,6,6923851303
4572,25805210,39959189,65764399,9,0,1,512,17,6623863036
4573,25810730,19235367,45046097,7,0,0,12800,6,8494001149
4574,25813780,19712762,45526542,0,0,0,11776,18,782830961
4575,25814370,19441980,45256350,5,0,0,9728,7,3983034598
4576,25825420,20220285,46045705,4,0,0,142336,13,9062905620
4577,25829130,20280962,46110092,8,0,0,136704,17,1260298362
4578,25831760,39933625,65765385,5,0,1,1536,7,5537521071
4579,25839710,20356857,46196567,9,0,0,29696,17,7065177650
4580,25844490,19923359,45767849,5,0,0,17920,7,10093948954
4581,25852970,39916921,65769891,5,0,1,7168,7,4378264065
4582,25855150,20034944,45890094,9,0,0,18432,17,9898985358
4583,25859400,19349974,45209374,4,0,0,3072,13,8131562099
4584,25875880,19541664,45417544,9,0,0,4608,17,6462610548
4585,25901450,19821044,45722494,7,0,0,37888,6,5755271299
4586,25912160,20389335,46301495,7,0,0,66560,6,8500993212
4587,25913170,39914586,65827756,7,0,1,15872,6,6008465702
4588,25913240,20258390,46171630,9,0,0,67072,17,1490799521
4589,25919890,19923782,45843672,1,0,0,75264,9,9726710101
4590,25924110,20457360,46381470,4,0,0,4096,13,2651285982
4591,25928690,19800067,45728757,8,0,0,20480,17,435109231
4592,25937930,19917511,45855441,3,0,0,35328,7,3262605943
4593,25939770,20570971,46510741,8,0,0,37888,17,9912326363
4594,25944930,19974672,45919602,5,0,0,14848,7,9328276934
4595,25960040,39906075,65866115,7,0,1,12288,6,1182239371
4596,25965720,19471680,45437400,8,0,0,24576,17,413317735
4597,25973220,19871434,45844654,4,0,0,3072,13,7864322500
4598,25977470,20255427,46232897,4,0,0,6656,13,3743462511
4599,25985540,20266309,46251849,4,0,0,8192,13,1092908317
4600,26006520,20482105,46488625,8,0,0,25088,17,10040500393
4601,26007830,20699496,46707326,1,0,0,39424,9,2180735439
4602,26010280,20191614,46201894,0,0,0,17408,18,10564857272
4603,26015020,19718596,45733616,7,0,0,15872,6,3235668245
4604,26018170,20581929,46600099,9,0,0,41984,17,1795726221
4605,26018830,19751078,45769908,0,0,0,6656,18,4691750498
4606,26027910,20111492,46139402,5,0,0,18944,7,6861404177
4607,26032280,19939894,45972174,7,0,0,30720,6,2205231121
4608,26039300,19731723,45771023,0,0,0,3584,18,1839350132
4609,26040010,19599723,45639733,9,0,0,3584,17,3712348204
4610,26044129,39926234,65970363,0,0,1,36352,18,8905140
4611,26053200,20776921,46830121,3,0,0,44544,7,2087175275
4612,26056070,19706296,45762366,3,0,0,7680,7,892238820
4613,26056840,39964619,66021459,3,0,1,8704,7,3853194068
4614,26057320,20997815,47055135,0,0,0,80896,18,2138620236
4615,26057910,19725780,45783690,7,0,0,41472,6,7851339553
4616,26058630,40203445,66262075,6,0,1,105472,8,3431893510
4617,26059480,20591482,46650962,8,0,0,19968,17,1683227403
4618,26062490,19809861,45872351,1,0,0,33792,9,6593008874
4619,26083540,40422613,66506153,3,0,1,22528,7,2595059166
4620,26083570,20044196,46127766,4,0,0,22016,13,7098937485
4621,26084620,20066551,46151171,7,0,0,26112,6,8049476300
4622,26085280,19981820,46067100,3,0,0,70144,7,9642096604
4623,26086160,20286777,46372937,1,0,0,15360,9,4793435466
4624,26099140,21112238,47211378,1,0,0,23040,9,6074864309
4625,26102940,20237026,46339966,5,0,0,3072,7,9376044411
4626,26105280,20703635,46808915,7,0,0,43008,6,4854423762
4627,26106510,40402229,66508739,2,0,1,4096,13,2198023209
4628,26111630,21221542,47333172,1,0,0,13312,9,10714623157
4629,26112310,19887169,45999479,0,0,0,7680,18,2954011923
4630,26112330,20267206,46379536,7,0,0,15872,6,10548348565
4631,26114740,19953631,46068371,5,0,0,4096,7,8870178080
4632,26139760,19833373,45973133,9,0,0,3072,17,6968947458
4633,26150400,20032352,46182752,4,0,0,17408,13,6314135032
4634,26152440,40377716,66530156,9,0,1,4608,17,87038403
4635,26153400,19978913,46132313,8,0,0,14848,17,6239857867
4636,26153790,20400737,46554527,4,0,0,15360,13,1981771601
4637,26160510,40445525,66606035,7,0,1,2560,6,8841956580
4638,26182200,40477086,66659286,6,0,1,36864,8,1905936688
4639,26189629,40558890,66748519,0,0,1,24576,18,5386660372
4640,26190130,40767689,66957819,1,0,1,1024,9,4986695408
4641,26192590,40765575,66958165,9,0,1,512,17,4774926749
4642,26196450,20745584,46942034,7,0,0,47616,6,9191107287
4643,26201190,19773994,45975184,8,0,0,6656,17,7928710555
4644,26204770,40923793,67128563,7,0,1,61952,6,7700011668
4645,26207370,41705133,67912503,7,0,1,185344,6,1797436594
4646,26216020,19917587,46133607,7,0,0,4096,6,8862954602
4647,26226821,19916371,46143192,2,0,0,12288,13,7661924991
4648,26232900,20914251,47147151,1,0,0,68096,9,9348069509
4649,26238460,19972497,46210957,8,0,0,8704,17,1053330904
4650,26238980,20429344,46668324,7,0,0,27648,6,1685473447
4651,26241410,20075193,46316603,3,0,0,45568,7,1614976498
4652,26242430,41760655,68003085,9,0,1,512,17,2922246401
4653,26244290,20505268,46749558,9,0,0,28672,17,7664214135
4654,26257730,41811073,68068803,5,0,1,24064,7,5760016195
4655,26260061,20506836,46766897,2,0,0,56832,13,5284047974
4656,26266380,20002131,46268511,9,0,0,23040,17,2878236960
4657,26270260,21166862,47437122,0,0,0,30720,18,8063671153
4658,26275070,21362073,47637143,3,0,0,75264,7,10285232504
4659,26279410,20567464,46846874,0,0,0,20480,18,3391464971
4660,26280120,20647367,46927487,1,0,0,70144,9,5659659137
4661,26289980,20036199,46326179,4,0,0,9216,13,8671992924
4662,26291140,21428689,47719829,9,0,0,12800,17,7353378794
4663,26292050,20503730,46795780,4,0,0,94720,13,7492327597
4664,26300890,21550368,47851258,0,0,0,35328,18,9754480803
4665,26311441,21488422,47799863,2,0,0,7168,13,5131740898
4666,26312150,20877913,47190063,3,0,0,47616,7,6920719571
4667,26318440,20553775,46872215,4,0,0,10240,13,7807387223
4668,26319780,21172860,47492640,3,0,0,5120,7,10170616983
4669,26320240,21373051,47693291,3,0,0,93184,7,5624430415
4670,26324840,20544232,46869072,0,0,0,23040,18,5564896195
4671,26325430,20201823,46527253,3,0,0,40960,7,5205770852
4672,26326960,21626191,47953151,5,0,0,24064,7,3951747527
4673,26329400,20115604,46445004,4,0,0,9216,13,9267283234
4674,26336730,20206787,46543517,7,0,0,16896,6,4748772641
4675,26336850,20635103,46971953,7,0,0,20992,6,374908768
4676,26341130,20670703,47011833,3,0,0,9216,7,9862885241
4677,26341360,41741492,68082852,7,0,1,26112,6,1159906333
4678,26342881,20605416,46948297,2,0,0,20480,13,2364713911
4679,26346140,42889528,69235668,7,0,1,459776,6,8707661807
4680,26347170,20258597,46605767,3,0,0,2048,7,136406393
4681,26348200,20728665,47076865,1,0,0,48640,9,629704364
4682,26364400,20467616,46832016,9,0,0,6144,17,9602455563
4683,26364740,20445157,46809897,3,0,0,3072,7,10731901132
4684,26364780,21534185,47898965,3,0,0,38912,7,6035970236
4685,26372240,42869329,69241569,1,0,1,3072,9,8619574187
4686,26375671,20486358,46862029,2,0,0,49664,13,8647092313
4687,26385700,42924878,69310578,6,0,1,51200,8,9588495091
4688,26388031,20673991,47062022,2,0,0,22528,13,4662218628
4689,26391121,21368536,47759657,2,0,0,22528,13,2184940263
4690,26398250,20184768,46583018,3,0,0,8704,7,6339259142
4691,26399620,42911944,69311564,3,0,1,1536,7,8334033961
4692,26400660,20872533,47273193,5,0,0,67584,7,7325197653
4693,26404180,20988579,47392759,9,0,0,24064,17,5510478992
4694,26412900,42970381,69383281,2,0,1,2560,13,3019304668
4695,26414661,20541695,46956356,2,0,0,5632,13,8336271374
4696,26418700,20456658,46875358,7,0,0,10240,6,7752986902
4697,26430919,42952385,69383304,4,0,1,2048,13,3124772607
4698,26437730,21137591,47575321,3,0,0,67584,7,8910776981
4699,26440680,42942647,69383327,2,0,1,12288,13,5787096901
4700,26464340,20820942,47285282,4,0,0,29696,13,4523467677
4701,26467940,42915410,69383350,5,0,1,18432,7,6936706441
4702,26474960,20737712,47212672,5,0,0,1024,7,2887350934
4703,26477650,20754259,47231909,3,0,0,30208,7,9453270602
4704,26479180,21177734,47656914,8,0,0,34816,17,9525583996
4705,26484780,20871390,47356170,0,0,0,31232,18,1192451685
4706,26488230,42895143,69383373,0,0,1,512,18,1670388754
4707,26490060,20703793,47193853,0,0,0,12288,18,5821406334
4708,26500310,20660341,47160651,9,0,0,31744,17,1635574591
4709,26504241,21245123,47749364,2,0,0,3584,13,2886355905
4710,26505760,20327995,46833755,1,0,0,5632,9,4026463006
4711,26506610,20309862,46816472,5,0,0,21504,7,1128118049
4712,26510261,21391691,47901952,2,0,0,9728,13,9813879496
4713,26513230,42948766,69461996,7,0,1,44032,6,4862883729
4714,26515330,21583021,48098351,1,0,0,19456,9,9182600688
4715,26531050,42930969,69462019,1,0,1,1536,9,5116818011
4716,26535860,20463543,46999403,1,0,0,4096,9,5992379485
4717,26542390,42919652,69462042,1,0,1,1024,9,9769001855
4718,26542400,20804231,47346631,3,0,0,12800,7,7192689697
4719,26542660,21447181,47989841,7,0,0,12288,6,4656859857
4720,26548760,21097500,47646260,3,0,0,29696,7,4075926962
4721,26553180,20611573,47164753,7,0,0,13312,6,2327774236
4722,26574020,20891332,47465352,8,0,0,6144,17,4719493912
4723,26575681,21500494,48076175,2,0,0,7168,13,1385068788
4724,26577460,20662264,47239724,3,0,0,3584,7,4918412544
4725,26577510,43216578,69794088,7,0,1,244736,6,4842283473
4726,26578900,43262615,69841515,9,0,1,3072,17,759633971
4727,26579260,43643176,70222436,6,0,1,286208,8,5529407292
4728,26581000,21380913,47961913,1,0,0,1024,9,9055664843
4729,26586180,21848907,48435087,1,0,0,59392,9,8097351113
4730,26589370,20419632,47009002,4,0,0,21504,13,3102449958
4731,26591840,20825121,47416961,9,0,0,35328,17,5602048510
4732,26594460,20658118,47252578,9,0,0,28672,17,3791753285
4733,26594819,43663380,70258199,4,0,1,10752,13,714414936
4734,26598330,21148180,47746510,3,0,0,69632,7,9747633971
4735,26599490,20844706,47444196,8,0,0,2048,17,4341366116
4736,26603150,21099757,47702907,4,0,0,23040,13,6226722105
4737,26605181,21257644,47862825,2,0,0,37888,13,8195210075
4738,26608000,20863615,47471615,4,0,0,20480,13,9913965201
4739,26614360,20791814,47406174,7,0,0,14848,6,3464917667
4740,26619400,20592937,47212337,0,0,0,3072,18,1869200122
4741,26621590,20833387,47454977,1,0,0,24064,9,9083822440
4742,26627420,43634031,70261451,6,0,1,5120,8,6577932795
4743,26637779,20805762,47443541,0,0,0,20992,18,3867839501
4744,26638040,21861260,48499300,4,0,0,56832,13,2282092281
4745,26640540,20635663,47276203,3,0,0,8704,7,6621766466
4746,26640660,21412330,48052990,9,0,0,9216,17,828988312
4747,26643910,21544067,48187977,3,0,0,60416,7,792572763
4748,26650300,20901323,47551623,4,0,0,24576,13,3490544697
4749,26658490,43607787,70266277,5,0,1,7680,7,9959231411
4750,26663070,20846799,47509869,5,0,0,4608,7,8393413980
4751,26668220,21939142,48607362,9,0,0,65024,17,5545273208
4752,26676120,20745700,47421820,9,0,0,15872,17,522797179
4753,26681030,43585606,70266636,9,0,1,9728,17,9032505054
4754,26682680,22081663,48764343,7,0,0,33280,6,8482325978
4755,26685490,20588038,47273528,0,0,0,1024,18,4149866741
4756,26687580,43651976,70339556,3,0,1,16896,7,5470109023
4757,26699451,43641091,70340542,8,0,1,1536,17,9489701678
4758,26711650,43629558,70341208,2,0,1,11264,13,2871636078
4759,26711701,20657133,47368834,2,0,0,9728,13,10542697821
4760,26718400,21544533,48262933,5,0,0,18944,7,4973787840
4761,26722200,43699776,70421976,7,0,1,36352,6,6450346077
4762,26726340,21434104,48160444,4,0,0,53248,13,4638621097
4763,26735791,20872490,47608281,2,0,0,73728,13,1758663626
4764,26737420,43684579,70421999,1,0,1,4608,9,1051223207
4765,26738340,20839078,47577418,1,0,0,6656,9,2098863475
4766,26744340,20915421,47659761,1,0,0,9216,9,6717851028
4767,26744760,21474944,48219704,7,0,0,7168,6,2377201098
4768,26748010,21335643,48083653,3,0,0,5120,7,4796270265
4769,26765100,21492038,48257138,7,0,0,58880,6,1114005404
4770,26765730,22450139,49215869,4,0,0,50688,13,1619751373
4771,26767590,20844146,47611736,1,0,0,11264,9,5965780835
4772,26772960,43649062,70422022,9,0,1,1024,17,1098597490
4773,26780880,21498369,48279249,8,0,0,12288,17,8925090992
4774,26782220,20713825,47496045,4,0,0,4608,13,369365109
4775,26785530,22275387,49060917,4,0,0,16896,13,9030134204
4776,26797640,21042831,47840471,6,0,0,34304,8,6507875105
4777,26807521,20887064,47694585,2,0,0,2560,13,10278735150
4778,26814270,21257825,48072095,1,0,0,54272,9,4796006871
4779,26828190,43593855,70422045,3,0,1,11776,7,7358806714
4780,26832560,21718619,48551179,4,0,0,19456,13,4389037770
4781,26835660,21529217,48364877,9,0,0,3584,17,8313386202
4782,26838611,21302384,48140995,2,0,0,6656,13,6248366136
4783,26840280,43603058,70443338,7,0,1,13312,6,8066968971
4784,26849610,43618367,70467977,2,0,1,2560,13,5172528916
4785,26856110,43709106,70565216,6,0,1,58368,8,9038893956
4786,26857290,20836492,47693782,9,0,0,1536,17,3447418221
4787,26857320,21847001,48704321,7,0,0,138752,6,4190817698
4788,26863441,43702851,70566292,8,0,1,13312,17,4279341283
4789,26866220,20882029,47748249,4,0,0,5632,13,1550686258
4790,26867279,43700319,70567598,4,0,1,2048,13,2455277195
4791,26868440,20920688,47789128,9,0,0,11776,17,5844082573
4792,26868690,20827166,47695856,4,0,0,4096,13,5186876278
4793,26868850,43700054,70568904,1,0,1,2048,9,1534878729
4794,26876610,21351408,48228018,8,0,0,18944,17,5164913430
4795,26880200,43691290,70571490,7,0,1,4096,6,2918139434
4796,26882530,21534438,48416968,3,0,0,40960,7,9944310647
4797,26904320,43669116,70573436,2,0,1,3072,13,785359466
4798,26921440,21276145,48197585,8,0,0,5120,17,2549324081
4799,26921570,21291817,48213387,9,0,0,51712,17,373237790
4800,26922911,21202245,48125156,2,0,0,19968,13,8507234984
4801,26924000,21543563,48467563,8,0,0,45568,17,6371386400
4802,26924330,21241597,48165927,7,0,0,17920,6,191743975
4803,26931430,21100813,48032243,3,0,0,8192,7,6570227572
4804,26931950,43645992,70577942,9,0,1,7168,17,818561137
4805,26936520,21338962,48275482,0,0,0,32256,18,9003605625
4806,26940549,43644457,70585006,4,0,1,13824,13,8358283869
4807,26955850,43630782,70586632,2,0,1,2560,13,1098295056
4808,26956499,21877771,48834270,0,0,0,47616,18,10103079097
4809,26957220,21417382,48374602,4,0,0,7168,13,7674810760
4810,26960420,43676204,70636624,2,0,1,34816,13,9026283373
4811,26966100,21593058,48559158,7,0,0,26112,6,2593432054
4812,26967020,43671686,70638706,2,0,1,2560,13,175478661
4813,26975200,21079685,48054885,9,0,0,6144,17,2454061004
4814,26976980,22122875,49099855,4,0,0,17408,13,5209200014
4815,26977340,21141709,48119049,4,0,0,46080,13,7825197331
4816,26982180,21037751,48019931,3,0,0,3072,7,2401625986
4817,26984830,43654862,70639692,7,0,1,1536,6,2043684323
4818,26990920,21050291,48041211,5,0,0,18432,7,3455886658
4819,26997090,21381319,48378409,5,0,0,12288,7,829742099
4820,26997201,21394302,48391503,2,0,0,39424,13,833739584
4821,27009790,43644242,70654032,1,0,1,9216,9,4159237775
4822,27013650,21769927,48783577,8,0,0,35840,17,8031593766
4823,27015971,43685800,70701771,8,0,1,26624,17,5972318126
4824,27027840,21445518,48473358,7,0,0,18944,6,1835420240
4825,27037761,20958444,47996205,2,0,0,8704,13,3527789586
4826,27052140,21429821,48481961,6,0,0,28160,8,4257488400
4827,27055800,21140156,48195956,7,0,0,26112,6,2818198849
4828,27057950,43751193,70809143,9,0,1,512,17,5885421608
4829,27070100,21147389,48217489,1,0,0,7680,9,10479162715
4830,27083060,21182548,48265608,1,0,0,8704,9,7922904387
4831,27088860,20904670,47993530,8,0,0,5632,17,7079169181
4832,27096020,43713146,70809166,7,0,1,26112,6,7564018014
4833,27101520,21137655,48239175,5,0,0,30720,7,4643598966
4834,27102240,21290895,48393135,0,0,0,4608,18,3215558990
4835,27103390,21434900,48538290,5,0,0,9728,7,9645402074
4836,27106750,21122071,48228821,3,0,0,2560,7,6464391465
4837,27123560,43734861,70858421,1,0,1,24064,9,5125960048
4838,27125660,21921148,49046808,7,0,0,60928,6,9967294688
4839,27125831,21535307,48661138,2,0,0,56320,13,3468899682
4840,27132950,21511005,48643955,1,0,0,18944,9,3049658237
4841,27138170,21076956,48215126,0,0,0,5632,18,2466967976
4842,27139490,43749692,70889182,2,0,1,7168,13,6257458967
4843,27141050,43824768,70965818,3,0,1,15872,7,5736353134
4844,27148770,21073453,48222223,3,0,0,8192,7,5917691063
4845,27155639,22089893,49245532,0,0,0,97280,18,3869168698
4846,27163070,43803094,70966164,3,0,1,512,7,5496362894
4847,27164110,22130059,49294169,9,0,0,35328,17,9482969356
4848,27181920,21158713,48340633,8,0,0,8192,17,5245824042
4849,27203660,21654649,48858309,3,0,0,30720,7,1637676089
4850,27212000,21532127,48744127,3,0,0,75776,7,8887778345
4851,27214101,21536156,48750257,2,0,0,19968,13,3986258246
4852,27221130,22099944,49321074,8,0,0,6656,17,4261140883
4853,27221739,21954176,49175915,0,0,0,6144,18,6567698815
4854,27223310,43743418,70966728,1,0,1,10752,9,961236677
4855,27228320,21393289,48621609,4,0,0,12288,13,6369234259
4856,27232830,43971628,71204458,6,0,1,66560,8,1636468976
4857,27238950,44160882,71399832,6,0,1,80384,8,3709725353
4858,27258790,21495390,48754180,4,0,0,12800,13,1758430223
4859,27263240,21442063,48705303,9,0,0,1536,17,2207677363
4860,27271941,44132397,71404338,8,0,1,7168,17,2929133783
4861,27272130,44137034,71409164,9,0,1,7680,17,8821542217
4862,27274860,21584899,48859759,7,0,0,1536,6,2309556074
4863,27281290,22124990,49406280,4,0,0,5632,13,2318585597
4864,27285820,44157754,71443574,0,0,1,3072,18,4617669278
4865,27296451,44147146,71443597,8,0,1,4608,17,8287544302
4866,27296760,21582253,48879013,7,0,0,5632,6,5891531949
4867,27300790,44142830,71443620,3,0,1,5632,7,7753670286
4868,27309120,22153136,49462256,5,0,0,86528,7,8988140827
4869,27314410,21840561,49154971,8,0,0,167936,17,3326472963
4870,27315440,21294341,48609781,4,0,0,2048,13,5052947503
4871,27315680,44419033,71734713,9,0,1,153088,17,1234850654
4872,27322100,21310751,48632851,1,0,0,1024,9,4910786856
4873,27323331,21704867,49028198,2,0,0,43008,13,8380682749
4874,27327380,21660319,48987699,3,0,0,35840,7,2069663820
4875,27341900,21599505,48941405,8,0,0,4096,17,6405400540
4876,27342520,22230874,49573394,9,0,0,97280,17,6861276165
4877,27346600,22295980,49642580,8,0,0,5632,17,212917550
4878,27347400,21666399,49013799,7,0,0,512,6,1163460190
4879,27352540,21507554,48860094,8,0,0,1024,17,423187886
4880,27361200,22068390,49429590,3,0,0,7680,7,3727753397
4881,27363801,21341011,48704812,2,0,0,1536,13,5880086481
4882,27376350,21679396,49055746,7,0,0,15360,6,10143523301
4883,27376690,21905507,49282197,1,0,0,65536,9,9900679733
4884,27381700,44362033,71743733,7,0,1,9216,6,9587365748
4885,27382120,22148454,49530574,9,0,0,51200,17,8192098685
4886,27385100,21704101,49089201,4,0,0,55296,13,10043710675
4887,27386980,22408054,49795034,5,0,0,15872,7,7830492220
4888,27389580,22201332,49590912,3,0,0,44032,7,10020461671
4889,27390190,21469078,48859268,5,0,0,3072,7,1956018534
4890,27403261,44341138,71744399,8,0,1,11264,17,8204828032
4891,27405790,44360601,71766391,0,0,1,2560,18,7343466722
4892,27410930,21518679,48929609,8,0,0,10752,17,3037316327
4893,27418161,44348896,71767057,8,0,1,1024,17,7425055793
4894,27426790,21733866,49160656,9,0,0,3584,17,3141434854
4895,27439350,44357108,71796458,7,0,1,1024,6,7312827080
4896,27440120,22366036,49806156,9,0,0,12288,17,3180587187
4897,27442899,22260158,49703057,0,0,0,87552,18,1711841121
4898,27445270,21816936,49262206,7,0,0,5632,6,3851098585
4899,27452790,21499844,48952634,8,0,0,2560,17,5820323002
4900,27460230,21491601,48951831,3,0,0,8704,7,6021481580
4901,27461750,21708361,49170111,8,0,0,7168,17,2611018058
4902,27463909,21456006,48919915,0,0,0,7680,18,2358143666
4903,27465080,21605653,49070733,3,0,0,14848,7,3529809975
4904,27465231,21842203,49307434,2,0,0,43008,13,8116212255
4905,27468190,22470152,49938342,9,0,0,14336,17,10141344950
4906,27477020,21586774,49063794,3,0,0,9216,7,6126789770
4907,27485490,22674903,50160393,7,0,0,5120,6,8291720488
4908,27486620,21668998,49155618,1,0,0,2048,9,1649441572
4909,27487661,21671880,49159541,2,0,0,12800,13,4521393640
4910,27500460,44316645,71817105,3,0,1,15360,7,6283213194
4911,27504870,21463231,48968101,4,0,0,50688,13,6639009238
4912,27519260,21531783,49051043,9,0,0,13824,17,1282717209
4913,27522641,21571887,49094528,2,0,0,17408,13,2826553929
4914,27524250,44293521,71817771,0,0,1,1024,18,6507404977
4915,27529430,21861570,49391000,9,0,0,24064,17,2908417032
4916,27535230,22228283,49763513,3,0,0,34816,7,8782840294
4917,27543640,22475987,50019627,7,0,0,51200,6,2409553535
4918,27559180,22249798,49808978,7,0,0,4608,6,2771078801
4919,27561640,21815090,49376730,9,0,0,66048,17,55177136
4920,27568280,21623352,49191632,7,0,0,7168,6,7745731109
4921,27570830,22039350,49610180,7,0,0,40448,6,10457800672
4922,27578319,21390437,48968756,0,0,0,2048,18,8391837541
4923,27584240,22465306,50049546,5,0,0,512,7,909992891
4924,27588841,21722703,49311544,2,0,0,13312,13,220246022
4925,27598990,21653897,49252887,8,0,0,24064,17,5100489380
4926,27608001,44437129,72045130,8,0,1,137728,17,9911068122
4927,27615450,21644994,49260444,7,0,0,22528,6,6443936547
4928,27621660,22731584,50353244,3,0,0,17408,7,8558565690
4929,27622191,22675790,50297981,2,0,0,15872,13,4102969765
4930,27630490,21867856,49498346,4,0,0,12288,13,4424634911
4931,27631669,22271500,49903169,0,0,0,27136,18,35748299
4932,27633029,44463306,72096335,0,0,1,8704,18,8040137836
4933,27636250,21941223,49577473,1,0,0,13312,9,10146767673
4934,27637980,44458378,72096358,7,0,1,2048,6,810789704
4935,27639099,22108523,49747622,0,0,0,26624,18,2305884204
4936,27639180,44507397,72146577,6,0,1,19968,8,2376288320
4937,27640950,22080538,49721488,4,0,0,60416,13,976448017
4938,27653240,21630095,49283335,4,0,0,3584,13,6445598653
4939,27659940,21815074,49475014,5,0,0,4096,7,3051084484
4940,27669200,21825129,49494329,3,0,0,13312,7,1938366469
4941,27669480,22319502,49988982,4,0,0,45568,13,585955832
4942,27670540,21709200,49379740,5,0,0,6144,7,6646622187
4943,27670610,21952119,49622729,4,0,0,31232,13,5048083563
4944,27674150,22002208,49676358,1,0,0,22528,9,1599796229
4945,27674570,21654911,49329481,4,0,0,13312,13,9906149210
4946,27678740,22791042,50469782,7,0,0,512,6,8730415410
4947,27684220,44669759,72353979,6,0,1,111104,8,2752739553
4948,27688140,21689705,49377845,8,0,0,3584,17,10024508557
4949,27688580,22251033,49939613,8,0,0,4096,17,3164404440
4950,27693230,21560304,49253534,7,0,0,2048,6,998505186
4951,27694630,44692239,72386869,0,0,1,9216,18,2839446761
4952,27706550,21702405,49408955,0,0,0,8704,18,2679966928
4953,27710580,44684038,72394618,6,0,1,13824,8,10623179137
4954,27719990,22406592,50126582,3,0,0,64512,7,2089224769
4955,27720841,22383306,50104147,2,0,0,38912,13,4898888788
4956,27722160,21745111,49467271,6,0,0,16384,8,7465726308
4957,27722710,22326634,50049344,4,0,0,87552,13,5588925485
4958,27724180,22078209,49802389,8,0,0,24064,17,10081826064
4959,27727920,22837346,50565266,7,0,0,47616,6,10650118597
4960,27736930,44682619,72419549,3,0,1,6656,7,2843611868
4961,27749300,22132237,49881537,9,0,0,10240,17,4439683402
4962,27761260,44731925,72493185,7,0,1,10752,6,10603392013
4963,27767960,44725256,72493216,3,0,1,19968,7,5471813110
4964,27770020,21843170,49613190,7,0,0,8192,6,3097874944
4965,27776520,21834151,49610671,7,0,0,1536,6,490347476
4966,27781180,21946594,49727774,5,0,0,20480,7,4344889996
4967,27782430,22007397,49789827,5,0,0,19968,7,8457346707
4968,27783280,22086734,49870014,5,0,0,2048,7,6665840393
4969,27786211,21952544,49738755,2,0,0,3584,13,7583594657
4970,27788731,45356595,73145326,8,0,1,397312,17,5848663608
4971,27791641,22182995,49974636,2,0,0,31744,13,5582347725
4972,27791840,22136004,49927844,9,0,0,62464,17,3825694750
4973,27796560,22656581,50453141,7,0,0,17920,6,2089354426
4974,27817730,22926767,50744497,0,0,0,12288,18,9876329758
4975,27817920,22441953,50259873,9,0,0,7168,17,7589979276
4976,27818850,22982137,50800987,5,0,0,11776,7,3990230580
4977,27820531,45339675,73160206,8,0,1,5120,17,7153028502
4978,27824111,22177374,50001485,2,0,0,40960,13,9236570830
4979,27830390,22111906,49942296,3,0,0,8704,7,6632689099
4980,27831160,22102791,49933951,3,0,0,19968,7,3194035642
4981,27841710,45347559,73189269,2,0,1,17408,13,10137640902
4982,27846880,45342412,73189292,2,0,1,9216,13,3168003098
4983,27853200,22334984,50188184,4,0,0,12288,13,5005121567
4984,27854711,45334604,73189315,8,0,1,16896,17,5340180214
4985,27868420,45337637,73206057,3,0,1,512,7,6165724913
4986,27870270,22406676,50276946,5,0,0,55808,7,9695272536
4987,27879250,22527879,50407129,5,0,0,19968,7,5899985989
4988,27894371,22197897,50092268,2,0,0,30208,13,6814563854
4989,27898770,21955247,49854017,3,0,0,27136,7,441104611
4990,27899420,22047604,49947024,3,0,0,6656,7,97497847
4991,27900270,22389834,50290104,3,0,0,43008,7,857055254
4992,27900280,22253960,50154240,7,0,0,88064,6,3218184390
4993,27900310,21914775,49815085,3,0,0,19968,7,7698752585
4994,27901130,21980670,49881800,5,0,0,512,7,10541564824
4995,27912521,22110124,50022645,2,0,0,6144,13,8018473928
4996,27914980,21942336,49857316,8,0,0,10752,17,8953108798
4997,27916600,22545479,50462079,7,0,0,18432,6,10594778905
4998,27927290,22485501,50412791,7,0,0,13312,6,121281141
4999,27949600,22112746,50062346,0,0,0,2048,18,9235423084
5000,27959730,22717237,50676967,7,0,0,101888,6,2103257771
5001,27960110,21989392,49949502,1,0,0,3072,9,7651521490
5002,27960230,22590505,50550735,5,0,0,46592,7,10366625593
5003,27964770,22436252,50401022,8,0,0,40448,17,1940331877
5004,27965810,22337521,50303331,1,0,0,17408,9,7165091026
5005,27971410,22202276,50173686,7,0,0,14336,6,8823003373
5006,27971470,45235970,73207440,2,0,1,14848,13,10531184307
5007,27975321,22989029,50964350,2,0,0,96768,13,5911709455
5008,27983660,22746127,50729787,0,0,0,64000,18,3515831523
5009,27987370,22171440,50158810,8,0,0,7680,17,4093213858
5010,27991900,22703030,50694930,3,0,0,58880,7,5335841294
5011,27996130,45211656,73207786,5,0,1,512,7,5950328267
5012,28001530,23580464,51581994,7,0,0,36352,6,3949975945
5013,28011210,22116175,50127385,7,0,0,2560,6,1450305482
5014,28023570,21980434,50004004,8,0,0,8192,17,8604634814
5015,28031230,21989520,50020750,1,0,0,3584,9,8234691391
5016,28032320,22838429,50870749,7,0,0,20480,6,5116665120
5017,28036500,22767630,50804130,8,0,0,10240,17,8556801001
5018,28054410,22354302,50408712,3,0,0,5120,7,5362251757
5019,28066421,22266120,50332541,2,0,0,27648,13,9295964292
5020,28078450,22377990,50456440,1,0,0,10752,9,284075199
5021,28080000,22170779,50250779,9,0,0,30208,17,7620665807
5022,28087059,22221599,50308658,0,0,0,17408,18,9344596741
5023,28089880,22167786,50257666,8,0,0,22528,17,10092049740
5024,28094830,22061617,50156447,1,0,0,7168,9,5168154990
5025,28097620,22655534,50753154,8,0,0,28160,17,7942562725
5026,28104680,45103977,73208657,5,0,1,12288,7,641450791
5027,28106059,22401020,50507079,0,0,0,25600,18,5822535113
5028,28107471,22134081,50241552,2,0,0,25600,13,7454166722
5029,28127990,22444477,50572467,1,0,0,19968,9,4071787411
5030,28143360,22617664,50761024,3,0,0,8704,7,5301202370
5031,28150720,23282190,51432910,1,0,0,11264,9,6705940362
5032,28153230,45061462,73214692,2,0,1,5632,13,6143173180
5033,28153400,22139223,50292623,1,0,0,8192,9,4908677879
5034,28157840,22428231,50586071,8,0,0,24576,17,5590865525
5035,28164051,22456843,50620894,2,0,0,28672,13,619385936
5036,28165560,45059168,73224728,2,0,1,2048,13,8935324996
5037,28173330,22472570,50645900,9,0,0,34816,17,10556464155
5038,28175640,23576531,51752171,8,0,0,2560,17,6634771367
5039,28176040,22621336,50797376,4,0,0,69120,13,5574186198
5040,28177819,45048215,73226034,4,0,1,2048,13,4367409615
5041,28179351,23184387,51363738,2,0,0,23552,13,1123246268
5042,28179470,22949143,51128613,7,0,0,69120,6,7911378980
5043,28191280,22273482,50464762,1,0,0,8704,9,3351495684
5044,28193081,22100033,50293114,2,0,0,1536,13,1293752599
5045,28196719,24097553,52294272,0,0,0,54784,18,2127013268
5046,28202750,22553578,50756328,7,0,0,2048,6,3058928982
5047,28203959,23809190,52013149,0,0,0,23552,18,2232082874
5048,28206180,23908608,52114788,7,0,0,118272,6,838980605
5049,28216140,22673630,50889770,1,0,0,13312,9,9103569937
5050,28221450,22643013,50864463,1,0,0,18432,9,4450984463
5051,28225161,22515569,50740730,2,0,0,35840,13,3453507228
5052,28227380,22785877,51013257,9,0,0,11264,17,6786486796
5053,28228310,22406959,50635269,9,0,0,47104,17,7281541740
5054,28229191,45068666,73297857,8,0,1,66048,17,8240499070
5055,28236470,45061410,73297880,5,0,1,4608,7,7243450473
5056,28243660,22466604,50710264,7,0,0,43520,6,5695797202
5057,28255040,24174790,52429830,6,0,0,65024,8,3281934672
5058,28260600,22436381,50696981,4,0,0,6656,13,5530681411
5059,28262880,22342012,50604892,1,0,0,26112,9,2196416474
5060,28266311,45100776,73367087,8,0,1,71168,17,9056179191
5061,28269190,22939320,51208510,9,0,0,32256,17,3060696282
5062,28273040,22764304,51037344,1,0,0,5632,9,1950892274
5063,28288430,45108973,73397403,2,0,1,1536,13,1223126619
5064,28301620,22599414,50901034,7,0,0,18432,6,5373897673
5065,28303180,23079948,51383128,4,0,0,47104,13,2935969225
5066,28308680,22594717,50903397,3,0,0,7680,7,8045646663
5067,28310800,22970368,51281168,9,0,0,30720,17,377416956
5068,28314110,45083316,73397426,7,0,1,7168,6,7264665041
5069,28314269,22773364,51087633,0,0,0,4608,18,5540054663
5070,28314601,22853821,51168422,2,0,0,4608,13,5546077492
5071,28320930,22660466,50981396,3,0,0,35328,7,1316584896
5072,28322180,22643753,50965933,7,0,0,5120,6,7230518078
5073,28323770,23014284,51338054,5,0,0,12800,7,4241342955
5074,28328680,22139123,50467803,1,0,0,2560,9,1057481411
5075,28331460,23025079,51356539,7,0,0,20480,6,7857996305
5076,28350300,22983831,51334131,1,0,0,40448,9,9940338584
5077,28359670,23033386,51393056,7,0,0,17920,6,6451844823
5078,28361480,22394193,50755673,9,0,0,8192,17,1513778771
5079,28365990,22720216,51086206,8,0,0,54272,17,1873420659
5080,28368001,45996484,74364485,8,0,1,422400,17,6651636572
5081,28375070,46002612,74377682,2,0,1,8192,13,4602261843
5082,28380660,22525100,50905760,1,0,0,7680,9,3694795116
5083,28380990,22603059,50984049,7,0,0,3072,6,9656429936
5084,28383000,23174029,51557029,8,0,0,43008,17,1570441089
5085,28389160,22453824,50842984,3,0,0,3072,7,7350443159
5086,28394249,23014708,51408957,0,0,0,9728,18,4374140209
5087,28396749,23040895,51437644,0,0,0,9728,18,4977528609
5088,28400319,22653446,51053765,0,0,0,9728,18,5720567374
5089,28413610,22722046,51135656,5,0,0,23040,7,8623363578
5090,28414720,46140808,74555528,6,0,1,168448,8,9748232988
5091,28421140,22686390,51107530,0,0,0,48640,18,5575511150
5092,28421510,46136729,74558239,2,0,1,13312,13,1956964235
5093,28431110,23112792,51543902,4,0,0,57856,13,7640997915
5094,28437160,23199485,51636645,1,0,0,24576,9,3379531282
5095,28444640,23035241,51479881,1,0,0,40448,9,7622307419
5096,28452679,23047037,51499716,0,0,0,65024,18,7426997850
5097,28454390,23239417,51693807,7,0,0,4608,6,10667742759
5098,28471520,22499089,50970609,9,0,0,12800,17,3750457347
5099,28472290,22593977,51066267,1,0,0,4608,9,10191099481
5100,28477320,46081278,74558598,3,0,1,9728,7,4975875004
5101,28481800,22947655,51429455,5,0,0,53248,7,81418266
5102,28500320,46058944,74559264,2,0,1,1024,13,4470672046
5103,28503480,23125654,51629134,1,0,0,56832,9,5921910179
5104,28521870,22718650,51240520,5,0,0,35328,7,2007047828
5105,28527181,46101767,74628948,8,0,1,34304,17,4992837917
5106,28542930,22511638,51054568,3,0,0,512,7,8235020979
5107,28543730,23349326,51893056,3,0,0,42496,7,1955799754
5108,28553880,46075099,74628979,2,0,1,3584,13,10508054535
5109,28556170,24055998,52612168,5,0,0,48128,7,1769010291
5110,28564230,23392996,51957226,9,0,0,73728,17,3030839394
5111,28570760,23161954,51732714,3,0,0,50688,7,10638392376
5112,28574429,23560887,52135316,0,0,0,51200,18,2142229652
5113,28583550,23466167,52049717,3,0,0,13824,7,1251187399
5114,28586999,46042003,74629002,4,0,1,2048,13,971712108
5115,28587949,46041076,74629025,0,0,1,13312,18,9477639535
5116,28593350,22625871,51219221,1,0,0,1024,9,5069953870
5117,28595700,23403347,51999047,3,0,0,36352,7,7520704982
5118,28596979,23047172,51644151,0,0,0,4096,18,5332301293
5119,28600080,23417015,52017095,8,0,0,1024,17,3113701326
5120,28615310,24170344,52785654,8,0,0,101376,17,7299995476
5121,28617380,22768735,51386115,7,0,0,9728,6,4157148862
5122,28625080,22512315,51137395,4,0,0,5632,13,10551793558
5123,28628460,22584909,51213369,3,0,0,15872,7,9736610364
5124,28633640,22950093,51583733,3,0,0,5632,7,10200815644
5125,28636620,23674234,52310854,3,0,0,25088,7,9331455894
5126,28638770,22710383,51349153,3,0,0,36352,7,3158658667
5127,28641120,22709148,51350268,5,0,0,3584,7,1523423511
5128,28644290,22761634,51405924,8,0,0,31744,17,8340618556
5129,28644600,22724153,51368753,8,0,0,16384,17,10659025185
5130,28646390,22599364,51245754,9,0,0,10752,17,2896310760
5131,28648510,23185630,51834140,8,0,0,54272,17,9910310183
5132,28650499,23533845,52184344,0,0,0,9728,18,1321541310
5133,28652900,23544126,52197026,7,0,0,34304,6,9398389633
5134,28654790,23277578,51932368,9,0,0,28160,17,5795766624
5135,28663880,22976129,51640009,3,0,0,5120,7,10151439690
5136,28671470,22899356,51570826,4,0,0,27648,13,9376323640
5137,28674530,23909565,52584095,9,0,0,101376,17,5411871078
5138,28674781,23042466,51717247,2,0,0,25600,13,8210624586
5139,28681150,22753507,51434657,8,0,0,5632,17,6731268094
5140,28685850,23744806,52430656,4,0,0,1536,13,9126810319
5141,28688020,45941028,74629048,2,0,1,2048,13,9386306195
5142,28690820,22866856,51557676,1,0,0,2048,9,10499165640
5143,28694920,45935132,74630052,2,0,1,2048,13,4001290306
5144,28696500,22691065,51387565,7,0,0,4608,6,3707497249
5145,28700359,45930679,74631038,4,0,1,1536,13,8877130023
5146,28700370,23207547,51907917,4,0,0,19456,13,9527284792
5147,28717110,45915554,74632664,3,0,1,2560,7,9109267250
5148,28739429,24272177,53011606,0,0,0,76288,18,888587081
5149,28748499,22701349,51449848,0,0,0,9728,18,6145092771
5150,28771460,22790919,51562379,1,0,0,15360,9,2902297572
5151,28784510,22907870,51692380,8,0,0,41472,17,1292055950
5152,28789611,23025420,51815031,2,0,0,3072,13,5893309554
5153,28797890,45836080,74633970,5,0,1,2048,7,2813900819
5154,28804810,23129921,51934731,5,0,0,7680,7,4339763100
5155,28807420,23049811,51857231,8,0,0,4608,17,5512712989
5156,28810750,23807369,52618119,3,0,0,19456,7,1309767586
5157,28811590,22992692,51804282,3,0,0,5120,7,1987378178
5158,28814350,23152103,51966453,4,0,0,30208,13,10043376099
5159,28820050,23035754,51855804,4,0,0,11776,13,2524806412
5160,28823999,45811815,74635814,0,0,1,14848,18,9021066913
5161,28825740,23162185,51987925,8,0,0,3584,17,9271353442
5162,28826560,45809600,74636160,3,0,1,512,7,4627358684
5163,28831250,23185510,52016760,9,0,0,11776,17,5833066796
5164,28831900,22754040,51585940,4,0,0,7168,13,1812390255
5165,28858620,23147314,52005934,3,0,0,22528,7,2520394449
5166,28859880,45777266,74637146,0,0,1,1536,18,2760173749
5167,28876270,23106305,51982575,5,0,0,11264,7,526115867
5168,28885500,46078284,74963784,9,0,1,201216,17,2670494778
5169,28889460,46076986,74966446,5,0,1,16896,7,2400658226
5170,28890149,23951888,52842037,0,0,0,26112,18,3204813232
5171,28895690,23628381,52524071,5,0,0,10752,7,5604405754
5172,28896320,22772646,51668966,7,0,0,17408,6,9100657197
5173,28902909,23278394,52181303,0,0,0,94208,18,1844895063
5174,28904020,23019676,51923696,7,0,0,51712,6,1837335016
5175,28928300,46072387,75000687,6,0,1,22528,8,1509241921
5176,28929300,23928897,52858197,7,0,0,44032,6,2302549174
5177,28935160,46067473,75002633,0,0,1,3072,18,8250967024
5178,28935560,24142217,53077777,1,0,0,35328,9,1926282084
5179,28939850,23039270,51979120,7,0,0,41472,6,4995243025
5180,28946490,24313819,53260309,8,0,0,58368,17,1623501689
5181,28948821,24162291,53111112,2,0,0,40448,13,2116081726
5182,28952610,46092582,75045192,3,0,1,20480,7,10302278785
5183,28959781,23027029,51986810,2,0,0,13824,13,6933985621
5184,28967180,46169763,75136943,9,0,1,74240,17,2400796760
5185,28967840,23150559,52118399,5,0,0,11776,7,6214137630
5186,28972510,23304643,52277153,5,0,0,22016,7,1486805454
5187,28976320,23339393,52315713,6,0,0,15872,8,9728920393
5188,28977981,23945531,52923512,2,0,0,10752,13,104056796
5189,28984320,24361758,53346078,7,0,0,13824,6,819862438
5190,29002270,23138685,52140955,7,0,0,18432,6,10422802786
5191,29002880,23016890,52019770,4,0,0,8704,13,5916592224
5192,29008360,23015824,52024184,4,0,0,7168,13,9911291168
5193,29008450,23193747,52202197,8,0,0,16896,17,2055259955
5194,29008800,46179798,75188598,9,0,1,43520,17,7966461731
5195,29018820,23127173,52145993,1,0,0,9728,9,7151474055
5196,29031490,22841309,51872799,5,0,0,6144,7,1250950514
5197,29037620,23283888,52321508,5,0,0,18944,7,7632513158
5198,29040080,22981897,52021977,3,0,0,7168,7,8144558200
5199,29053910,23089096,52143006,3,0,0,6656,7,10487142150
5200,29054070,24431171,53485241,4,0,0,7168,13,3464221825
5201,29064649,46154157,75218806,4,0,1,1536,13,3444242941
5202,29073270,23549552,52622822,0,0,0,15360,18,9240619004
5203,29099361,23307996,52407357,2,0,0,44544,13,1992032701
5204,29100091,24543266,53643357,2,0,0,39936,13,4504609084
5205,29102219,24192499,53294718,0,0,0,22016,18,6633597577
5206,29111680,23907234,53018914,8,0,0,5120,17,947231764
5207,29119310,46099519,75218829,6,0,1,13824,8,10378199239
5208,29120910,23031666,52152576,7,0,0,21504,6,4567679719
5209,29123239,23463889,52587128,0,0,0,8704,18,7226396092
5210,29125170,24505996,53631166,9,0,0,22016,17,2032045259
5211,29128091,24626633,53754724,2,0,0,33280,13,3434257602
5212,29150470,23683588,52834058,3,0,0,16896,7,5419616598
5213,29150730,24744956,53895686,1,0,0,6144,9,6232245963
5214,29160300,22959370,52119670,9,0,0,4096,17,8466467212
5215,29163420,23139767,52303187,8,0,0,29184,17,7352997893
5216,29163940,46063141,75227081,7,0,1,14336,6,2583277419
5217,29166590,46065637,75232227,1,0,1,8192,9,8154446476
5218,29168629,23035643,52204272,0,0,0,6656,18,608121227
5219,29171860,23343941,52515801,5,0,0,12800,7,8144756771
5220,29180831,23640857,52821688,2,0,0,45568,13,3443466102
5221,29206360,24972515,54178875,3,0,0,19456,7,1943757766
5222,29218771,23213982,52432753,2,0,0,6656,13,8711281059
5223,29226040,24628621,53854661,5,0,0,27136,7,2927793254
5224,29229560,46004293,75233853,5,0,1,2560,7,878320199
5225,29232599,46021761,75254360,4,0,1,512,13,1153685530
5226,29234420,23406172,52640592,7,0,0,29696,6,7475182755
5227,29241060,23189105,52430165,5,0,0,1024,7,6257583310
5228,29246010,23147752,52393762,3,0,0,25088,7,7090674642
5229,29246450,22963757,52210207,1,0,0,3584,9,5312488516
5230,29250230,23654236,52904466,8,0,0,70656,17,4314497712
5231,29250600,23816390,53066990,1,0,0,24064,9,3776750509
5232,29258300,45999606,75257906,7,0,1,5632,6,3006784546
5233,29260479,46000895,75261374,4,0,1,2560,13,1758985149
5234,29283059,23938164,53221223,0,0,0,49664,18,6379843298
5235,29285540,23619729,52905269,9,0,0,2560,17,9273976249
5236,29288530,22973982,52262512,8,0,0,5632,17,1897755478
5237,29292390,22894161,52186551,9,0,0,7168,17,9630887463
5238,29306959,23783987,53090946,0,0,0,25088,18,5409930104
5239,29309400,23190986,52500386,9,0,0,19456,17,7438980499
5240,29314361,23475395,52789756,2,0,0,10240,13,576938438
5241,29318790,24885902,54204692,4,0,0,78336,13,5108137241
5242,29322839,23001968,52324807,0,0,0,10752,18,4260784110
5243,29328900,23255553,52584453,5,0,0,512,7,2768543030
5244,29331750,24962082,54293832,7,0,0,72704,6,9053360081
5245,29333411,23746417,53079828,2,0,0,6656,13,9839829161
5246,29352260,45941401,75293661,3,0,1,20992,7,988380232
5247,29360920,23626460,52987380,9,0,0,24064,17,10010432883
5248,29361389,23133046,52494435,0,0,0,16896,18,4355222778
5249,29377979,45956097,75334076,4,0,1,2560,13,6158038914
5250,29382070,23361067,52743137,9,0,0,34304,17,912077872
5251,29388190,23803203,53191393,7,0,0,3584,6,9294907073
5252,29389391,23159553,52548944,2,0,0,13312,13,3560251748
5253,29389410,23149660,52539070,9,0,0,49152,17,8704424187
5254,29393431,46352489,75745920,8,0,1,153088,17,8503017231
5255,29394581,46428882,75823463,8,0,1,34816,17,2325403210
5256,29400420,46439926,75840346,7,0,1,13312,6,6075442211
5257,29401090,23143775,52544865,3,0,0,18944,7,7713733680
5258,29401630,23518291,52919921,4,0,0,17408,13,4824585789
5259,29415280,23258222,52673502,5,0,0,30720,7,3860745067
5260,29417020,23426444,52843464,3,0,0,4608,7,954209026
5261,29418420,46428752,75847172,0,0,1,3072,18,7505110012
5262,29419310,23968355,53387665,3,0,0,15360,7,6148795843
5263,29423109,23174372,52597481,0,0,0,33792,18,4741921774
5264,29428030,25013780,54441810,5,0,0,12800,7,2611573967
5265,29429420,23378345,52807765,9,0,0,46080,17,1301233222
5266,29433421,23358386,52791807,2,0,0,6656,13,7949163922
5267,29436140,23928311,53364451,9,0,0,4608,17,7999231408
5268,29452499,23291285,52743784,0,0,0,2048,18,8530267443
5269,29475110,23109164,52584274,5,0,0,512,7,4984099708
5270,29476150,23566287,53042437,1,0,0,27136,9,1216996454
5271,29476800,23761348,53238148,8,0,0,25600,17,5271110164
5272,29489269,23229946,52719215,0,0,0,44032,18,142389729
5273,29493150,23231392,52724542,7,0,0,17408,6,2781483641
5274,29494791,23411281,52906072,2,0,0,2560,13,7995099634
5275,29495630,25173935,54669565,9,0,0,4608,17,7148557012
5276,29495969,23463057,52959026,0,0,0,10240,18,7067903955
5277,29497231,23627835,53125066,2,0,0,9728,13,4262532408
5278,29497840,23844003,53341843,7,0,0,77824,6,9953295017
5279,29515210,46332628,75847838,7,0,1,1024,6,10226689239
5280,29515230,23313657,52828887,1,0,0,23552,9,10208738792
5281,29520229,23324350,52844579,0,0,0,3584,18,7550905889
5282,29535440,23251173,52786613,7,0,0,3072,6,9168428402
5283,29541710,23919405,53461115,5,0,0,19968,7,4569237433
5284,29542711,23663357,53206068,2,0,0,33792,13,4456807019
5285,29543910,25199437,54743347,5,0,0,8704,7,9589980080
5286,29547331,24299039,53846370,2,0,0,90112,13,3177450059
5287,29568450,23787548,53355998,5,0,0,2560,7,8224611825
5288,29576671,23217031,52793702,2,0,0,6144,13,2334737969
5289,29576701,23268057,52844758,2,0,0,512,13,1003899988
5290,29577371,23357180,52934551,2,0,0,4096,13,10492409160
5291,29582601,23576768,53159369,2,0,0,2560,13,6035114968
5292,29583610,25434003,55017613,9,0,0,3584,17,2793096399
5293,29586000,23473635,53059635,9,0,0,29184,17,7513196056
5294,29589310,25312792,54902102,5,0,0,8192,7,8559699903
5295,29594220,46254694,75848914,7,0,1,13312,6,8779908991
5296,29597640,24793851,54391491,3,0,0,4608,7,3489227899
5297,29601730,25512297,55114027,9,0,0,51712,17,6714022560
5298,29602340,23880515,53482855,3,0,0,64512,7,7274716576
5299,29611860,46279802,75891662,4,0,1,2048,13,2184779409
5300,29623050,23642742,53265792,5,0,0,17920,7,10182323671
5301,29629111,23889306,53518417,2,0,0,8704,13,3068614619
5302,29637040,23970135,53607175,8,0,0,61952,17,3615305630
5303,29638260,46253425,75891685,4,0,1,1536,13,8974092090
5304,29644850,25543349,55188199,8,0,0,512,17,5212562901
5305,29645000,46246708,75891708,2,0,1,8704,13,9755141150
5306,29655910,24100264,53756174,1,0,0,4608,9,1270215083
5307,29659730,23498763,53158493,3,0,0,3072,7,8718442215
5308,29666020,23872166,53538186,4,0,0,36352,13,4898887288
5309,29669280,23726017,53395297,1,0,0,5120,9,10170475990
5310,29684300,23509385,53193685,9,0,0,1024,17,5334799557
5311,29687510,23616065,53303575,1,0,0,8704,9,3196761499
5312,29690160,46202085,75892245,2,0,1,512,13,8338792420
5313,29695620,23292719,52988339,5,0,0,3072,7,9974280714
5314,29701390,25563707,55265097,4,0,0,3584,13,9593614271
5315,29711030,23422793,53133823,1,0,0,18432,9,4793367394
5316,29712210,23333914,53046124,9,0,0,2560,17,5597578521
5317,29717870,23634939,53352809,5,0,0,22016,7,9122441445
5318,29722710,23552823,53275533,9,0,0,31744,17,9091639879
5319,29737070,23716858,53453928,9,0,0,1536,17,1746756252
5320,29740490,23883937,53624427,5,0,0,15360,7,2613237168
5321,29743379,23611816,53355195,0,0,0,7680,18,417631889
5322,29745330,23630077,53375407,1,0,0,23040,9,2103845138
5323,29749801,23538063,53287864,2,0,0,31744,13,1256999471
5324,29752890,46159707,75912597,5,0,1,17408,7,455546275
5325,29762080,23599713,53361793,9,0,0,18944,17,9520550688
5326,29772500,46241386,76013886,9,0,1,66048,17,6127383376
5327,29773630,23843263,53616893,3,0,0,7680,7,5943066234
5328,29800090,24090447,53890537,9,0,0,22016,17,8549320799
5329,29811800,46206912,76018712,0,0,1,7680,18,443632381
5330,29815230,23964583,53779813,1,0,0,5120,9,3755509630
5331,29817230,24066576,53883806,4,0,0,27648,13,1413791442
5332,29820260,23628622,53448882,5,0,0,12800,7,2562203159
5333,29821290,25635107,55456397,3,0,0,39936,7,5220070812
5334,29832601,23952463,53785064,2,0,0,7168,13,2103385053
5335,29837030,46221341,76058371,5,0,1,2560,7,5180881213
5336,29837390,46571574,76408964,9,0,1,165376,17,2071282926
5337,29842969,24246118,54089087,0,0,0,70656,18,6019579653
5338,29847979,23896582,53744561,0,0,0,22016,18,10398517618
5339,29851570,46658163,76509733,6,0,1,14336,8,4109554502
5340,29855310,23671777,53527087,4,0,0,24576,13,7680013803
5341,29855770,25953117,55808887,9,0,0,11264,17,5150782899
5342,29857570,46652186,76509756,3,0,1,1536,7,7466036658
5343,29870100,23839195,53709295,3,0,0,3072,7,5306157595
5344,29876801,23988864,53865665,2,0,0,512,13,6784264123
5345,29879380,24049652,53929032,7,0,0,22528,6,1301193967
5346,29884459,23492063,53376522,0,0,0,3584,18,1050493160
5347,29885780,46623999,76509779,3,0,1,14336,7,7822881370
5348,29886520,23733204,53619724,8,0,0,9216,17,2257348474
5349,29886850,23596184,53483034,7,0,0,512,6,9775657908
5350,29887100,25705073,55592173,9,0,0,77824,17,9155204928
5351,29888300,46624177,76512477,2,0,1,23552,13,4368809155
5352,29892670,23868225,53760895,4,0,0,1024,13,10506235651
5353,29894510,23720020,53614530,9,0,0,24064,17,2322183792
5354,29894540,46617960,76512500,6,0,1,2048,8,7773912687
5355,29895181,46701716,76596897,8,0,1,56320,17,2654219853
5356,29896700,25769922,55666622,4,0,0,65024,13,2694405221
5357,29907390,23546039,53453429,8,0,0,14848,17,10276371963
5358,29910520,23827310,53737830,3,0,0,36352,7,5190030048
5359,29917710,24129179,54046889,3,0,0,13312,7,9590298775
5360,29919419,24177959,54097378,0,0,0,27136,18,6918681959
5361,29923640,24021935,53945575,5,0,0,30208,7,4005981686
5362,29926449,24232202,54158651,0,0,0,38912,18,2278393217
5363,29932300,24240601,54172901,5,0,0,46592,7,6104633595
5364,29942570,46666357,76608927,6,0,1,4608,8,7917978461
5365,29947940,24261790,54209730,7,0,0,8192,6,1396929455
5366,29949980,25556821,55506801,4,0,0,18944,13,9530067844
5367,29950370,46797465,76747835,9,0,1,100352,17,8516878030
5368,29953211,24192446,54145657,2,0,0,67072,13,3851120384
5369,29953850,24299714,54253564,7,0,0,52736,6,395066515
5370,29957820,24424344,54382164,5,0,0,68096,7,2246753709
5371,29960810,46789931,76750741,6,0,1,4608,8,3999207607
5372,29962000,24066115,54028115,3,0,0,17920,7,1401889460
5373,29965270,24363263,54328533,8,0,0,512,17,833737883
5374,29967939,25959706,55927645,0,0,0,41984,18,8480121792
5375,29977810,24229401,54207211,5,0,0,8192,7,824962151
5376,29986810,24360466,54347276,4,0,0,61440,13,8569580925
5377,29993750,26107998,56101748,5,0,0,41472,7,288415678
5378,29994920,26182955,56177875,3,0,0,6144,7,3355090119
5379,29997370,24406294,54403664,3,0,0,8704,7,7651193699
5380,30001700,23999399,54001099,5,0,0,12800,7,10069777363
5381,30011830,46791682,76803512,3,0,1,20992,7,339146553
5382,30012100,24382089,54394189,9,0,0,2560,17,6158026647
5383,30012840,25980706,55993546,7,0,0,94208,6,8475888601
5384,30020041,24160752,54180793,2,0,0,3584,13,1274971358
5385,30031760,24078281,54110041,3,0,0,14336,7,8148700685
5386,30034859,24349223,54384082,0,0,0,6144,18,1304976367
5387,30034880,46770862,76805742,6,0,1,5120,8,9426640659
5388,30037140,23656939,53694079,3,0,0,7168,7,9975902598
5389,30039080,24001481,54040561,5,0,0,15360,7,9715217465
5390,30045049,24178471,54223520,0,0,0,17920,18,2962440661
5391,30055640,23760597,53816237,6,0,0,15360,8,4403668062
5392,30060489,23936641,53997130,0,0,0,9728,18,2485088104
5393,30068500,26441091,56509591,9,0,0,60928,17,8663418761
5394,30072490,24159633,54232123,3,0,0,28160,7,10390957823
5395,30076600,24457635,54534235,9,0,0,10752,17,9929871844
5396,30078600,23915543,53994143,3,0,0,73216,7,2974488101
5397,30087750,24059022,54146772,4,0,0,3584,13,4495835228
5398,30088480,23697075,53785555,4,0,0,1536,13,7052010835
5399,30089180,26512673,56601853,9,0,0,9728,17,4069666266
5400,30100700,24227654,54328354,8,0,0,35328,17,4409946267
5401,30104830,46700935,76805765,6,0,1,9216,8,7840929277
5402,30105910,23941938,54047848,4,0,0,3072,13,4644966297
5403,30110681,24367141,54477822,2,0,0,56832,13,4147191450
5404,30110800,25617337,55728137,6,0,0,5120,8,8416141208
5405,30117790,25633325,55751115,6,0,0,15872,8,10325418137
5406,30120160,24515993,54636153,6,0,0,51712,8,7425780627
5407,30124781,24354156,54478937,2,0,0,3584,13,6078126055
5408,30126319,24546030,54672349,0,0,0,8704,18,4188259037
5409,30133510,24103963,54237473,1,0,0,17408,9,6469397278
5410,30136010,24181557,54317567,6,0,0,77824,8,4196362019
5411,30138930,24321553,54460483,8,0,0,33280,17,2854648672
5412,30138950,24219456,54358406,3,0,0,12288,7,1861415284
5413,30142431,47393177,77535608,8,0,1,398848,17,4376016410
5414,30155300,24024378,54179678,4,0,0,2560,13,1630744878
5415,30159240,23939253,54098493,3,0,0,3584,7,3181886047
5416,30160520,24057501,54218021,9,0,0,27136,17,9973944867
5417,30161770,24667892,54829662,4,0,0,126464,13,9686651038
5418,30170680,24183959,54354639,8,0,0,24064,17,9877803543
5419,30171750,24218314,54390064,1,0,0,14848,9,78624389
5420,30171831,47389304,77561135,8,0,1,28160,17,1239506134
5421,30177520,47421028,77598548,5,0,1,29696,7,8232811810
5422,30187810,26612178,56799988,5,0,0,39424,7,1063156681
5423,30190710,23910770,54101480,8,0,0,9728,17,1691653904
5424,30199101,24465478,54664579,2,0,0,10240,13,4025243245
5425,30214660,24918123,55132783,7,0,0,22528,6,9444208842
5426,30215080,24178306,54393386,9,0,0,6144,17,8454777635
5427,30215870,24339435,54555305,4,0,0,1536,13,4043011243
5428,30216460,24144933,54361393,8,0,0,9728,17,9249271037
5429,30218330,24650675,54869005,8,0,0,129024,17,5651495885
5430,30220610,24720761,54941371,3,0,0,2560,7,1143784702
5431,30222440,24718128,54940568,9,0,0,31744,17,6749444326
5432,30230920,24416922,54647842,1,0,0,9216,9,9029800015
5433,30233050,24938121,55171171,4,0,0,76800,13,8469062886
5434,30245360,24711322,54956682,6,0,0,50176,8,7901390994
5435,30248550,26790606,57039156,5,0,0,5632,7,10107420874
5436,30249119,24136390,54385509,0,0,0,4608,18,213664043
5437,30250170,47361393,77611563,0,0,1,17920,18,4490417434
5438,30257850,25607895,55865745,9,0,0,17920,17,10110072936
5439,30261900,47356284,77618184,0,0,1,3584,18,7608123409
5440,30270540,23996521,54267061,4,0,0,8192,13,8794084095
5441,30278490,47339717,77618207,7,0,1,1536,6,2921329473
5442,30296010,47356310,77652320,7,0,1,18432,6,354440577
5443,30298560,47353783,77652343,7,0,1,8192,6,9397896573
5444,30303760,47360797,77664557,7,0,1,1024,6,4987902436
5445,30321590,24865227,55186817,8,0,0,40448,17,9257014382
5446,30325340,47339240,77664580,3,0,1,8704,7,4375579592
5447,30331380,24288994,54620374,7,0,0,14848,6,2490968143
5448,30338010,24058870,54396880,6,0,0,8704,8,9150381120
5449,30366300,24557530,54923830,1,0,0,14848,9,1356887408
5450,30371060,47306618,77677678,3,0,1,13312,7,10096439884
5451,30396670,25064118,55460788,5,0,0,14336,7,7665911734
5452,30397280,24152261,54549541,9,0,0,6144,17,6888801478
5453,30399160,47288497,77687657,0,0,1,20480,18,1948125381
5454,30400100,24303224,54703324,6,0,0,8704,8,3387686997
5455,30409491,24818920,55228411,2,0,0,26624,13,2990397898
5456,30411151,24379948,54791099,2,0,0,10240,13,6533132108
5457,30415000,24258730,54673730,1,0,0,3584,9,9518747712
5458,30425970,47272051,77698021,6,0,1,4608,8,7457822367
5459,30431320,47267674,77698994,3,0,1,12800,7,906759813
5460,30436230,26716744,57152974,4,0,0,19968,13,9566554029
5461,30438890,24619964,55058854,9,0,0,2048,17,129732744
5462,30440730,24849529,55290259,8,0,0,54784,17,4885634652
5463,30440750,24591745,55032495,1,0,0,4096,9,10313832230
5464,30466261,24507808,54974069,2,0,0,15360,13,3992723375
5465,30472060,24043584,54515644,3,0,0,2048,7,771053607
5466,30477520,24490261,54967781,4,0,0,36352,13,4404267047
5467,30481220,24256028,54737248,5,0,0,4096,7,9331258993
5468,30498661,24289295,54787956,2,0,0,23040,13,743193410
5469,30501620,47199960,77701580,3,0,1,4096,7,3086660914
5470,30503740,26821843,57325583,4,0,0,36864,13,1970812803
5471,30518130,25818207,56336337,5,0,0,70656,7,9787324152
5472,30521790,24737333,55259123,7,0,0,19968,6,1592892547
5473,30530510,24495107,55025617,1,0,0,9728,9,3117605590
5474,30532730,47196986,77729716,1,0,1,4096,9,6261319158
5475,30543210,24631260,55174470,1,0,0,10752,9,3067533243
5476,30545829,24503746,55049575,0,0,0,1536,18,10316972269
5477,30546710,47188498,77735208,4,0,1,8704,13,495202419
5478,30548030,24091352,54639382,5,0,0,6656,7,7322417772
5479,30551599,24691187,55242786,0,0,0,47104,18,838763851
5480,30554970,47193460,77748430,6,0,1,29184,8,7515707211
5481,30557380,26908692,57466072,5,0,0,10240,7,1390212029
5482,30559540,47205849,77765389,0,0,1,20480,18,6570842777
5483,30565740,47199672,77765412,4,0,1,5632,13,4532792819
5484,30565840,24465384,55031224,5,0,0,13312,7,4528092028
5485,30571080,24837691,55408771,5,0,0,69120,7,9801355679
5486,30573021,24674308,55247329,2,0,0,9216,13,8100243676
5487,30580089,26999282,57579371,0,0,0,30720,18,1622696917
5488,30582090,24862116,55444206,9,0,0,116224,17,6651734226
5489,30582500,24691044,55273544,7,0,0,27648,6,5481076723
5490,30583900,24346973,54930873,9,0,0,23040,17,1355789330
5491,30595750,24699056,55294806,1,0,0,14848,9,6647718792
5492,30596539,27091786,57688325,0,0,0,1536,18,8937775051
5493,30611880,47153555,77765435,3,0,1,5632,7,5885047763
5494,30612340,25798869,56411209,1,0,0,3584,9,9074340728
5495,30612890,24444407,55057297,9,0,0,6656,17,7912961278
5496,30615070,24361986,54977056,4,0,0,9728,13,7328678371
5497,30625230,25168615,55793845,4,0,0,6144,13,2415143562
5498,30630500,47195791,77826291,0,0,1,8704,18,8229050229
5499,30631600,24267592,54899192,4,0,0,9216,13,4909254963
5500,30652729,24838475,55491204,0,0,0,9216,18,2418524156
5501,30656050,24985379,55641429,1,0,0,27648,9,3608305634
5502,30662660,25302159,55964819,4,0,0,35840,13,3298251492
5503,30664120,24116793,54780913,3,0,0,9216,7,5239516414
5504,30670051,25207303,55877354,2,0,0,34304,13,4301908979
5505,30678871,47223560,77902431,8,0,1,42496,17,8737443685
5506,30679100,25102572,55781672,1,0,0,44032,9,10719856275
5507,30684470,47251156,77935626,5,0,1,18944,7,10091864850
5508,30685029,25856316,56541345,0,0,0,17920,18,3921989766
5509,30688700,25019400,55708100,1,0,0,20992,9,7696944240
5510,30694980,24921552,55616532,3,0,0,79872,7,8699519272
5511,30695790,24990066,55685856,8,0,0,62976,17,3582067026
5512,30704409,24435046,55139455,0,0,0,4096,18,847030736
5513,30704421,27102964,57807385,2,0,0,32768,13,5506779573
5514,30708010,24657024,55365034,7,0,0,4096,6,5405029209
5515,30708640,47364693,78073333,6,0,1,8704,8,6685207616
5516,30711310,24413504,55124814,3,0,0,35328,7,5727711759
5517,30714540,47482504,78197044,3,0,1,3072,7,5608464344
5518,30716121,47551551,78267672,8,0,1,14848,17,4652378827
5519,30719610,47559028,78278638,4,0,1,7680,13,659547170
5520,30746860,27574464,58321324,5,0,0,21504,7,5118134731
5521,30747210,25206666,55953876,9,0,0,86016,17,8416647407
5522,30749490,24808584,55558074,1,0,0,22528,9,7262345594
5523,30751920,47526741,78278661,5,0,1,512,7,7158560198
5524,30756030,24507952,55263982,5,0,0,15872,7,188179751
5525,30773710,24950325,55724035,8,0,0,52224,17,6924139536
5526,30795660,24990963,55786623,8,0,0,3072,17,2140196835
5527,30797650,24450170,55247820,7,0,0,1536,6,1948279504
5528,30799290,27599571,58398861,3,0,0,24064,7,5309797850
5529,30807340,24317809,55125149,9,0,0,1024,17,6085153625
5530,30809180,24527767,55336947,4,0,0,2048,13,1631133009
5531,30816520,25346804,56163324,3,0,0,7168,7,2294616713
5532,30818340,24973610,55791950,7,0,0,17408,6,4312644419
5533,30818920,47459764,78278684,1,0,1,3072,9,8182383596
5534,30828390,24737716,55566106,5,0,0,14848,7,10245572897
5535,30839030,24649343,55488373,9,0,0,25600,17,2158997760
5536,30851000,24700187,55551187,3,0,0,49152,7,4981715477
5537,30852590,25462196,56314786,1,0,0,38400,9,8483955040
5538,30858760,48077120,78935880,9,0,1,176640,17,1110319982
5539,30867550,48098328,78965878,3,0,1,4096,7,5254217598
5540,30871610,48094291,78965901,2,0,1,11776,13,10078628020
5541,30872600,24912995,55785595,4,0,0,12800,13,8756963865
5542,30873580,25198293,56071873,8,0,0,16384,17,3745422609
5543,30875090,25012294,55887384,9,0,0,18944,17,3716098094
5544,30876520,24825161,55701681,4,0,0,51712,13,714307189
5545,30895410,24986179,55881589,7,0,0,13824,6,252495176
5546,30899819,27552944,58452763,0,0,0,74240,18,6966532752
5547,30916320,24416182,55332502,9,0,0,1536,17,8617489699
5548,30921230,48046745,78967975,0,0,1,3584,18,1926791600
5549,30928851,24869081,55797932,2,0,0,13312,13,8409932559
5550,30930520,24982547,55913067,8,0,0,41984,17,3271644987
5551,30934530,25086526,56021056,1,0,0,88064,9,9328873142
5552,30939320,24907969,55847289,9,0,0,8704,17,6087311654
5553,30954750,24571795,55526545,8,0,0,3584,17,7333667286
5554,30955690,24677292,55632982,8,0,0,25600,17,334854563
5555,30970860,25312089,56282949,1,0,0,41984,9,1446599075
5556,30974880,24403288,55378168,5,0,0,4096,7,9049651994
5557,30975480,24548218,55523698,8,0,0,11776,17,5159107879
5558,30975570,25091288,56066858,3,0,0,44032,7,970098372
5559,30976740,25834838,56811578,3,0,0,33792,7,3509040235
5560,30977520,24669236,55646756,7,0,0,17408,6,7982737431
5561,30986960,25091025,56077985,5,0,0,4608,7,1201002168
5562,30990600,25111795,56102395,1,0,0,2048,9,2349280553
5563,31003840,25931418,56935258,9,0,0,14848,17,6600703639
5564,31003980,25026014,56029994,5,0,0,8192,7,10049703296
5565,31007770,24748828,55756598,5,0,0,17920,7,10091197266
5566,31012200,25341465,56353665,5,0,0,4096,7,10573215
5567,31016191,48026353,79042544,8,0,1,48128,17,9204065686
5568,31027550,48067159,79094709,0,0,1,9728,18,1252815385
5569,31033930,48104354,79138284,5,0,1,8192,7,2559246547
5570,31039300,24994929,56034229,9,0,0,13824,17,6328329494
5571,31042419,25133561,56175980,0,0,0,17920,18,10014604245
5572,31055650,24670904,55726554,8,0,0,8192,17,4926597246
5573,31056900,25213234,56270134,1,0,0,15872,9,3075389720
5574,31074780,48063527,79138307,6,0,1,8704,8,10536729014
5575,31076700,25343268,56419968,5,0,0,28672,7,4920638441
5576,31078460,25791276,56869736,1,0,0,34304,9,7078034677
5577,31082180,48136727,79218907,4,0,1,23040,13,7129262022
5578,31105600,25152164,56257764,1,0,0,32768,9,3168355190
5579,31106650,25675534,56782184,1,0,0,8704,9,46222841
5580,31139760,48080654,79220414,3,0,1,512,7,9819764558
5581,31149340,27425990,58575330,5,0,0,35840,7,5719143817
5582,31157070,48065930,79223000,7,0,1,4096,6,8384557865
5583,31160360,24980281,56140641,8,0,0,21504,17,8969094423
5584,31160490,25793690,56954180,9,0,0,37376,17,3507309214
5585,31170500,48053806,79224306,0,0,1,2048,18,1480486582
5586,31178700,27511524,58690224,9,0,0,28672,17,8582202317
5587,31179630,25103498,56283128,4,0,0,512,13,7641316847
5588,31181440,25278052,56459492,1,0,0,28672,9,3555275714
5589,31181901,48042751,79224652,8,0,1,512,17,8713774901
5590,31199409,24828066,56027475,0,0,0,20992,18,4345369262
5591,31202590,25190313,56392903,3,0,0,40448,7,4568992893
5592,31203229,25934117,57137346,0,0,0,15360,18,3768906865
5593,31203739,25319291,56523030,0,0,0,44032,18,3335005801
5594,31217860,25075048,56292908,6,0,0,31744,8,5029149485
5595,31223960,24878926,56102886,3,0,0,1536,7,1430969540
5596,31226010,25575249,56801259,7,0,0,4096,6,8127688236
5597,31226050,25493709,56719759,8,0,0,17408,17,5351673044
5598,31229340,24764853,55994193,1,0,0,2048,9,5595796154
5599,31240020,26212403,57452423,9,0,0,35840,17,8421620180
5600,31240890,25467568,56708458,5,0,0,81408,7,9691552414
5601,31246040,25164046,56410086,1,0,0,56320,9,7329581825
5602,31253060,24787944,56041004,4,0,0,1536,13,1459650369
5603,31256260,27567909,58824169,5,0,0,43008,7,9719289789
5604,31257260,24897595,56154855,8,0,0,6144,17,10346987111
5605,31257750,24831339,56089089,9,0,0,33792,17,3577603075
5606,31262420,47968338,79230758,2,0,1,20992,13,3367192817
5607,31276840,27981205,59258045,1,0,0,41472,9,8864073599
5608,31279309,25297475,56576784,0,0,0,65024,18,3430797601
5609,31279640,25940964,57220604,1,0,0,72704,9,2713012925
5610,31280170,47995287,79275457,5,0,1,22528,7,6364982536
5611,31281160,25163882,56445042,1,0,0,16896,9,5574173724
5612,31289490,24758409,56047899,4,0,0,10240,13,5088491101
5613,31294460,25945424,57239884,5,0,0,12800,7,10111419529
5614,31298870,27765010,59063880,1,0,0,20480,9,10332377242
5615,31300500,27576588,58877088,1,0,0,65024,9,8865846231
5616,31311310,24897179,56208489,7,0,0,4608,6,4099760739
5617,31315500,25464009,56779509,1,0,0,33280,9,7474626522
5618,31317920,25396512,56714432,3,0,0,3072,7,5797811620
5619,31323280,25337591,56660871,7,0,0,28160,6,1358282956
5620,31338289,25493634,56831923,0,0,0,512,18,724338227
5621,31342610,47940849,79283459,9,0,1,6144,17,7874511320
5622,31343410,24921865,56265275,3,0,0,24576,7,8298716392
5623,31351990,25380135,56732125,1,0,0,16896,9,4704165390
5624,31366180,47969679,79335859,0,0,1,28160,18,2284167220
5625,31369600,25500627,56870227,5,0,0,1536,7,4435281954
5626,31382360,26163834,57546194,3,0,0,8704,7,9019387381
5627,31384550,48068411,79452961,5,0,1,4096,7,5663681737
5628,31395100,25535611,56930711,7,0,0,4096,6,2963663071
5629,31399610,25542847,56942457,8,0,0,23552,17,8903891000
5630,31405210,25210049,56615259,8,0,0,17408,17,202480999
5631,31408280,27986053,59394333,1,0,0,89088,9,6674918078
5632,31410020,25139772,56549792,8,0,0,27648,17,7910043582
5633,31422600,26057329,57479929,1,0,0,8704,9,4201037210
5634,31424830,24767051,56191881,5,0,0,512,7,7000342648
5635,31425220,48062123,79487343,7,0,1,4608,6,6927989340
5636,31425950,48063019,79488969,3,0,1,2560,7,3608538764
5637,31435400,25329260,56764660,4,0,0,37888,13,14754409
5638,31435760,25566636,57002396,5,0,0,34304,7,5514945751
5639,31452160,25315799,56767959,4,0,0,10752,13,958550248
5640,31454259,25445375,56899634,0,0,0,40960,18,7247618465
5641,31462140,25173973,56636113,8,0,0,11264,17,6509389758
5642,31464730,25576477,57041207,9,0,0,6656,17,4817690095
5643,31478350,26023126,57501476,1,0,0,44544,9,9616009906
5644,31479639,25257680,56737319,0,0,0,16896,18,3167321733
5645,31489360,48001094,79490454,7,0,1,15360,6,7723303886
5646,31491670,25388861,56880531,5,0,0,15872,7,3358830071
5647,31504040,25604896,57108936,8,0,0,14848,17,10164917531
5648,31508380,26088664,57597044,4,0,0,3072,13,9407546856
5649,31510860,25711483,57222343,3,0,0,5632,7,1262302942
5650,31520980,47975363,79496343,0,0,1,22016,18,1608942851
5651,31521280,47975627,79496907,3,0,1,10752,7,6580028584
5652,31527590,26232677,57760267,8,0,0,88576,17,1036522201
5653,31533561,48594122,80127683,8,0,1,165888,17,8524037796
5654,31540760,25591883,57132643,7,0,0,26112,6,1774664953
5655,31548440,25488923,57037363,3,0,0,114688,7,3908920709
5656,31560210,25607520,57167730,8,0,0,14336,17,7583358740
5657,31571830,25141643,56713473,7,0,0,16384,6,9345875077
5658,31578180,48600002,80178182,2,0,1,18944,13,7346943478
5659,31580810,25808985,57389795,4,0,0,44544,13,4868826235
5660,31592290,48705100,80297390,6,0,1,8704,8,6245260987
5661,31592690,25336750,56929440,3,0,0,43008,7,10537490218
5662,31598360,25392526,56990886,8,0,0,36864,17,3504337703
5663,31617020,25728576,57345596,7,0,0,16896,6,1598562293
5664,31625030,48767781,80392811,4,0,1,16384,13,10145278834
5665,31634530,26029028,57663558,4,0,0,2048,13,7155183240
5666,31639360,25414546,57053906,8,0,0,5632,17,7250756579
5667,31640871,48823886,80464757,8,0,1,31232,17,978680802
5668,31641490,26268682,57910172,7,0,0,34816,6,7108377194
5669,31644220,48861475,80505695,3,0,1,9728,7,4112464442
5670,31656919,25093490,56750409,0,0,0,6144,18,8942272141
5671,31662650,25732384,57395034,1,0,0,12800,9,6338105121
5672,31669090,25494226,57163316,7,0,0,33792,6,6634379181
5673,31673030,48833648,80506678,6,0,1,1536,8,911439733
5674,31673170,25230013,56903183,8,0,0,8192,17,596629088
5675,31675340,25587304,57262644,3,0,0,23040,7,8648622138
5676,31677300,25062127,56739427,8,0,0,1024,17,6315842673
5677,31677970,49029124,80707094,9,0,1,79872,17,7938826090
5678,31681960,26084102,57766062,7,0,0,18944,6,6924606884
5679,31689430,26105413,57794843,7,0,0,46080,6,6552103093
5680,31692080,25966908,57658988,8,0,0,45056,17,8465557161
5681,31696410,25991424,57687834,6,0,0,16384,8,3114124219
5682,31700920,49042302,80743222,7,0,1,2560,6,3136653184
5683,31708550,25667650,57376200,8,0,0,26624,17,7113043075
5684,31709130,25150131,56859261,1,0,0,26624,9,144129858
5685,31719470,25131656,56851126,3,0,0,28160,7,1356386452
5686,31720360,49057668,80778028,7,0,1,14336,6,6926443308
5687,31723000,49112688,80835688,2,0,1,8704,13,4494117263
5688,31723239,25159479,56882718,0,0,0,4096,18,10321847875
5689,31723899,26332600,58056499,0,0,0,5632,18,9481894770
5690,31730790,25371712,57102502,7,0,0,9216,6,9244936031
5691,31733710,49102001,80835711,3,0,1,5632,7,9508029606
5692,31738060,49097674,80835734,3,0,1,10240,7,1700261450
5693,31739980,49149245,80889225,0,0,1,6656,18,3830262482
5694,31746310,27691982,59438292,8,0,0,9728,17,10314552534
5695,31750840,27820821,59571661,7,0,0,25600,6,1755111338
5696,31757400,26308740,58066140,8,0,0,24576,17,3759993781
5697,31773000,25818273,57591273,8,0,0,27648,17,9150051724
5698,31777630,25458331,57235961,5,0,0,44544,7,5778232361
5699,31779440,26421300,58200740,3,0,0,17920,7,8645137065
5700,31785000,25326611,57111611,5,0,0,8704,7,4224895935
5701,31787270,25278698,57065968,6,0,0,12800,8,5032020670
5702,31787350,25675571,57462921,4,0,0,1024,13,9063015469
5703,31796080,25626406,57422486,4,0,0,25088,13,7169168369
5704,31796250,25728025,57524275,8,0,0,74752,17,2616716672
5705,31801130,26394127,58195257,8,0,0,74752,17,9488337666
5706,31810460,25379312,57189772,7,0,0,4608,6,5892463505
5707,31812570,25650016,57462586,8,0,0,33280,17,9587538012
5708,31824040,49619558,81443598,9,0,1,214528,17,3203941015
5709,31826570,25247528,57074098,8,0,0,11776,17,10048741981
5710,31833280,25715277,57548557,3,0,0,7680,7,7966077969
5711,31835130,25466408,57301538,5,0,0,19456,7,10257530212
5712,31841730,26086274,57928004,5,0,0,43520,7,5707375543
5713,31850021,49593923,81443944,8,0,1,512,17,7985792021
5714,31855090,49710491,81565581,9,0,1,47616,17,4347851422
5715,31856129,26842810,58698939,0,0,0,1536,18,1449451260
5716,31874030,26517476,58391506,4,0,0,14336,13,6278992300
5717,31880670,25541995,57422665,5,0,0,512,7,8789982992
5718,31889981,26382510,58272491,2,0,0,49664,13,1189744343
5719,31899660,25409226,57308886,1,0,0,17408,9,2650391342
5720,31914230,25926275,57840505,3,0,0,1024,7,2208299951
5721,31921489,25390072,57311561,0,0,0,8704,18,3863845023
5722,31928090,49637530,81565620,3,0,1,9216,7,2757260236
5723,31933390,49678879,81612269,2,0,1,25600,13,274255687
5724,31938090,25902080,57840170,7,0,0,78848,6,3972036136
5725,31944810,26134358,58079168,4,0,0,23040,13,8234379910
5726,31945100,49868333,81813433,2,0,1,29184,13,1398722112
5727,31946470,49915647,81862117,4,0,1,1024,13,4786908573
5728,31948590,25659702,57608292,4,0,0,3584,13,3248646438
5729,31949070,26155379,58104449,5,0,0,73216,7,951378136
5730,31953320,25580563,57533883,4,0,0,3584,13,198266408
5731,31957520,27698545,59656065,4,0,0,8192,13,2701355229
5732,31960190,26924307,58884497,5,0,0,6656,7,4616388853
5733,31970349,25471131,57441480,0,0,0,17920,18,8497028396
5734,31972590,25392812,57365402,1,0,0,4096,9,4545783313
5735,31974090,49889653,81863743,6,0,1,2560,8,3956181369
5736,31980890,25682021,57662911,4,0,0,12800,13,6927562104
5737,31987960,26246431,58234391,5,0,0,12288,7,1068946332
5738,31991560,25629345,57620905,3,0,0,20480,7,5793012594
5739,32001520,49867408,81868928,4,0,1,16384,13,3360399389
5740,32002870,25555868,57558738,5,0,0,23552,7,10344395039
5741,32003250,27361865,59365115,5,0,0,51712,7,9365714625
5742,32005840,25663114,57668954,1,0,0,1024,9,1934111712
5743,32022070,25960452,57982522,4,0,0,33792,13,2883118756
5744,32047720,25795928,57843648,4,0,0,10240,13,1076722965
5745,32047940,25730001,57777941,1,0,0,38912,9,2648328648
5746,32049060,49850862,81899922,3,0,1,1024,7,4513225309
5747,32061630,49847391,81909021,7,0,1,6144,6,7288282133
5748,32063149,27924324,59987473,0,0,0,17408,18,6038750892
5749,32067610,27709227,59776837,8,0,0,36352,17,3333801124
5750,32074560,25450830,57525390,1,0,0,3584,9,1754895
5751,32091050,26964619,59055669,4,0,0,42496,13,10420192196
5752,32100350,26121439,58221789,3,0,0,24064,7,1557961918
5753,32111810,25420935,57532745,4,0,0,24064,13,554755652
5754,32115500,25818396,57933896,3,0,0,16896,7,3058129008
5755,32115740,25478416,57594156,6,0,0,2560,8,430815798
5756,32115970,26428100,58544070,7,0,0,18944,6,7866732956
5757,32127210,25927550,58054760,6,0,0,58880,8,3341921845
5758,32129880,25452946,57582826,7,0,0,11264,6,10309438832
5759,32133320,49775855,81909175,6,0,1,8704,8,10355806075
5760,32147680,27036065,59183745,8,0,0,49664,17,5454096575
5761,32151110,26265448,58416558,1,0,0,2048,9,6065601435
5762,32153139,25814003,57967142,0,0,0,29696,18,9504431085
5763,32182470,49728331,81910801,6,0,1,2560,8,6158472213
5764,32196430,26293561,58489991,5,0,0,76288,7,6487848858
5765,32203890,25783179,57987069,6,0,0,14848,8,5036351788
5766,32205491,49712943,81918434,8,0,1,14336,17,5614243811
5767,32211239,26174605,58385844,0,0,0,147456,18,2018968808
5768,32217020,25695793,57912813,7,0,0,2048,6,7112611342
5769,32223040,25749140,57972180,4,0,0,16384,13,8148240820
5770,32224811,49696137,81920948,8,0,1,18944,17,1630531383
5771,32227690,49733929,81961619,7,0,1,16384,6,6335333172
5772,32232220,25645986,57878206,4,0,0,21504,13,10453837422
5773,32240430,49721212,81961642,0,0,1,8704,18,8858212836
5774,32245361,25475465,57720826,2,0,0,16384,13,9046368
5775,32249650,49765161,82014811,5,0,1,1024,7,5606641234
5776,32250681,49765436,82016117,8,0,1,2048,17,7540665680
5777,32275940,49740638,82016578,6,0,1,10240,8,9944745876
5778,32290020,49734997,82025017,2,0,1,8192,13,428960139
5779,32336180,27067276,59403456,3,0,0,2048,7,9015742202
5780,32344750,26189332,58534082,3,0,0,8192,7,9264093333
5781,32347790,25432982,57780772,8,0,0,9216,17,5531832405
5782,32352640,28098107,60450747,3,0,0,512,7,8672363453
5783,32356740,49669903,82026643,1,0,1,2560,9,18712206
5784,32362200,25978693,58340893,3,0,0,64000,7,1814337827
5785,32363060,25434302,57797362,8,0,0,8192,17,3720565092
5786,32364250,49692968,82057218,0,0,1,13824,18,5563552433
5787,32372841,49745819,82118660,8,0,1,32256,17,613369735
5788,32382610,25471416,57854026,3,0,0,7680,7,4925645138
5789,32383530,25426694,57810224,7,0,0,2560,6,4134858307
5790,32390710,49727973,82118683,2,0,1,5120,13,9810587621
5791,32399301,49721412,82120713,8,0,1,5632,17,4826408537
5792,32401190,25907874,58309064,7,0,0,74752,6,6587101345
5793,32401610,28182376,60583986,6,0,0,19456,8,2978050228
5794,32404800,26106846,58511646,8,0,0,48640,17,7107495072
5795,32413550,26188800,58602350,4,0,0,38912,13,7701930348
5796,32422260,25735970,58158230,4,0,0,39424,13,697463183
5797,32425960,49711031,82136991,5,0,1,4096,7,5654605095
5798,32434679,25588343,58023022,0,0,0,512,18,450268539
5799,32439611,49699006,82138617,8,0,1,2560,17,10414934006
5800,32450510,25676112,58126622,7,0,0,27648,6,8674618656
5801,32453170,49689313,82142483,2,0,1,6144,13,9877168174
5802,32454240,49690509,82144749,4,0,1,3584,13,10343451268
5803,32468920,27009336,59478256,4,0,0,28672,13,8182378213
5804,32470711,25942525,58413236,2,0,0,47104,13,10254909529
5805,32478040,25631580,58109620,5,0,0,16896,7,3811249406
5806,32485620,49665405,82151025,1,0,1,3072,9,8188088277
5807,32491150,27146617,59637767,8,0,0,25600,17,6376361416
5808,32493100,25528854,58021954,6,0,0,2048,8,6627476327
5809,32498040,49758966,82257006,4,0,1,9216,13,5950358992
5810,32501000,49799295,82300295,7,0,1,512,6,9042714670
5811,32508850,25946120,58454970,3,0,0,7168,7,8499414837
5812,32514970,49788871,82303841,0,0,1,5632,18,8848829535
5813,32519240,26206694,58725934,3,0,0,47616,7,10483157046
5814,32522519,25763746,58286265,0,0,0,22528,18,7012299312
5815,32529010,25710671,58239681,7,0,0,7168,6,4810279904
5816,32531409,25783317,58314726,0,0,0,18432,18,1513712969
5817,32533640,25702178,58235818,1,0,0,4608,9,10590264473
5818,32538401,26037888,58576289,2,0,0,3072,13,7200148094
5819,32540350,25880778,58421128,1,0,0,9216,9,3392733557
5820,32557030,49800612,82357642,4,0,1,1024,13,4348524683
5821,32564509,49798727,82363236,4,0,1,18432,13,4783232018
5822,32565000,25962292,58527292,4,0,0,51200,13,4922551311
5823,32573141,25981442,58554583,2,0,0,8192,13,5874414488
5824,32574360,25983152,58557512,7,0,0,3584,6,3832692630
5825,32595790,25791325,58387115,6,0,0,4096,8,6967253353
5826,32599000,25867716,58466716,6,0,0,2560,8,10258541626
5827,32602090,25644610,58246700,7,0,0,12288,6,2291227443
5828,32603339,25812572,58415911,0,0,0,8704,18,5933627727
5829,32603610,25889212,58492822,8,0,0,9216,17,8132625014
5830,32607350,28043772,60651122,4,0,0,14848,13,10327923882
5831,32607890,25982581,58590471,5,0,0,8704,7,7888853254
5832,32610590,25855323,58465913,8,0,0,35840,17,8097502492
5833,32610761,27113580,59724341,2,0,0,71680,13,4859054290
5834,32618470,26167535,58786005,4,0,0,16896,13,1863621414
5835,32621260,50196444,82817704,2,0,1,213504,13,37202377
5836,32642220,25637158,58279378,7,0,0,22528,6,3092704594
5837,32642919,25781375,58424294,0,0,0,7168,18,8426697839
5838,32654550,50180340,82834890,6,0,1,3584,8,10467909057
5839,32657479,25950689,58608168,0,0,0,17920,18,6696191721
5840,32659400,50189650,82849050,3,0,1,15872,7,2324108720
5841,32660560,25761527,58422087,8,0,0,3072,17,1494797239
5842,32669750,26242576,58912326,5,0,0,14848,7,9350984471
5843,32671150,26319618,58990768,9,0,0,36352,17,9620286688
5844,32672211,26366229,59038440,2,0,0,32768,13,5283530693
5845,32674060,26452011,59126071,3,0,0,36864,7,7635737813
5846,32683260,50165813,82849073,4,0,1,9728,13,3948336087
5847,32692690,50156406,82849096,3,0,1,2048,7,4115878171
5848,32692780,25984879,58677659,8,0,0,17408,17,2392842131
5849,32695100,25735020,58430120,3,0,0,18944,7,10506678056
5850,32703540,25848524,58552064,8,0,0,20992,17,10555026010
5851,32709290,26047539,58756829,3,0,0,24064,7,8921141629
5852,32710581,26100461,58811042,2,0,0,43008,13,7440797731
5853,32711170,50140312,82851482,7,0,1,1536,6,3439557370
5854,32716070,25702227,58418297,7,0,0,5632,6,2011551848
5855,32716159,26166287,58882446,0,0,0,512,18,3774379458
5856,32727950,26416003,59143953,1,0,0,9728,9,6900622783
5857,32728161,26925385,59653546,2,0,0,51712,13,3136965273
5858,32740100,26057815,58797915,5,0,0,9728,7,4585459055
5859,32743160,25935926,58679086,1,0,0,4608,9,10035033997
5860,32748140,25854545,58602685,4,0,0,1024,13,9250586364
5861,32764590,26117669,58882259,5,0,0,16896,7,2225135278
5862,32768170,26372796,59140966,4,0,0,34304,13,648538538
5863,32780910,26050980,58831890,4,0,0,3584,13,7046394255
5864,32784390,26056665,58841055,4,0,0,7168,13,2912901630
5865,32785190,26009730,58794920,8,0,0,29184,17,438760049
5866,32806289,27111454,59917743,0,0,0,17920,18,8460297971
5867,32807580,26592259,59399839,1,0,0,11776,9,78048233
5868,32809100,26039670,58848770,7,0,0,5120,6,9497183461
5869,32815279,28239625,61054904,0,0,0,34304,18,7158155928
5870,32816620,27937646,60754266,5,0,0,22016,7,5361157562
5871,32817400,50035619,82853019,7,0,1,5632,6,545984016
5872,32818460,26114301,58932761,5,0,0,5632,7,2861915718
5873,32821401,26194685,59016086,2,0,0,48128,13,3691652143
5874,32832200,27375075,60207275,4,0,0,37888,13,9792053980
5875,32833749,25997026,58830775,0,0,0,10752,18,1496390664
5876,32837010,26068060,58905070,1,0,0,13312,9,5669042677
5877,32838370,26269848,59108218,4,0,0,82944,13,7589747652
5878,32843790,27067979,59911769,5,0,0,60928,7,6199539786
5879,32848259,26192388,59040647,0,0,0,7168,18,5136853504
5880,32849370,50435834,83285204,9,0,1,190464,17,3178778329
5881,32856950,28084308,60941258,7,0,0,45568,6,5085933993
5882,32857970,26377222,59235192,7,0,0,81408,6,8586471966
5883,32864721,50423136,83287857,8,0,1,2048,17,1604695769
5884,32883779,26133476,59017255,0,0,0,3584,18,873199369
5885,32886069,27469130,60355199,0,0,0,57344,18,2662077317
5886,32886760,26462576,59349336,3,0,0,50688,7,3591002931
5887,32887490,50471280,83358770,6,0,1,16896,8,9495467271
5888,32889840,25937636,58827476,3,0,0,10752,7,9117449043
5889,32891150,26268219,59159369,1,0,0,1024,9,6469867857
5890,32898660,28321934,61220594,5,0,0,28672,7,8126130078
5891,32900650,26210867,59111517,4,0,0,10752,13,589071927
5892,32903530,26429857,59333387,3,0,0,2048,7,2648136733
5893,32905450,26948439,59853889,1,0,0,9728,9,2385161908
5894,32907230,26094169,59001399,4,0,0,34816,13,7136485171
5895,32914710,26359270,59273980,7,0,0,52224,6,8170255644
5896,32915650,50443143,83358793,7,0,1,6144,6,10538227964
5897,32917860,50636234,83554094,2,0,1,58880,13,8781891512
5898,32920980,26269051,59190031,8,0,0,6144,17,3878800819
5899,32924790,27537947,60462737,3,0,0,20992,7,856331980
5900,32938790,26213766,59152556,1,0,0,28160,9,10162619469
5901,32948860,26418306,59367166,4,0,0,6656,13,2655991932
5902,32951790,26532654,59484444,4,0,0,19456,13,130606896
5903,32958319,26156497,59114816,0,0,0,10752,18,1567498422
5904,32962600,26974317,59936917,5,0,0,12800,7,742048218
5905,32963770,26224366,59188136,8,0,0,14336,17,3255549418
5906,32964429,26280949,59245378,0,0,0,33280,18,3881635377
5907,32965130,26441313,59406443,1,0,0,9728,9,481042201
5908,32977430,26508441,59485871,4,0,0,4608,13,5299980779
5909,32984810,26347930,59332740,4,0,0,13824,13,7319339915
5910,32988890,50585802,83574692,2,0,1,3072,13,7248815795
5911,32996410,50578305,83574715,7,0,1,512,6,3557853639
5912,32997470,26398758,59396228,5,0,0,6144,7,668508831
5913,32998200,26503579,59501779,7,0,0,8704,6,8069832055
5914,33002521,50572488,83575009,8,0,1,12288,17,5394676533
5915,33006730,27115461,60122191,5,0,0,110592,7,1065149744
5916,33007420,50793963,83801383,9,0,1,28160,17,5854549426
5917,33019700,50896528,83916228,5,0,1,7680,7,9771163635
5918,33021750,26539028,59560778,5,0,0,32256,7,10195392079
5919,33027500,26421125,59448625,5,0,0,5120,7,200024697
5920,33027590,50888984,83916574,6,0,1,512,8,1378149433
5921,33028450,26716997,59745447,4,0,0,64512,13,3285725429
5922,33030780,26370509,59401289,1,0,0,4608,9,1697657747
5923,33030969,26519779,59550748,0,0,0,59904,18,5396280977
5924,33033531,50885309,83918840,8,0,1,3584,17,6312240090
5925,33045010,27027272,60072282,5,0,0,30720,7,566418800
5926,33063480,50877928,83941408,6,0,1,2560,8,6145590919
5927,33066200,26353861,59420061,8,0,0,27136,17,1120720382
5928,33075741,50872806,83948547,8,0,1,2560,17,734484648
5929,33084760,25957938,59042698,5,0,0,6656,7,2718578047
5930,33093650,50854920,83948570,3,0,1,4096,7,1747730895
5931,33098310,50851816,83950126,2,0,1,7168,13,6068426239
5932,33105859,26763982,59869841,0,0,0,32768,18,10040477937
5933,33109970,26488583,59598553,1,0,0,26112,9,8848273011
5934,33115590,26630348,59745938,7,0,0,1536,6,2975760876
5935,33118010,26410643,59528653,5,0,0,25600,7,1301660320
5936,33124781,50826331,83951112,8,0,1,1536,17,8345820622
5937,33137030,26413897,59550927,1,0,0,512,9,7857524543
5938,33137330,26664441,59801771,8,0,0,2048,17,4570733049
5939,33141520,26528031,59669551,6,0,0,1024,8,10452721980
5940,33149390,50802708,83952098,6,0,1,1536,8,2041148936
5941,33169440,50783324,83952764,9,0,1,1024,17,7202987013
5942,33170870,27051188,60222058,8,0,0,5120,17,4878171074
5943,33194000,50799887,83993887,3,0,1,23040,7,5958317708
5944,33221741,50785435,84007176,8,0,1,23552,17,8057834217
5945,33225470,27407064,60632534,8,0,0,14336,17,7075810481
5946,33226629,26379196,59605825,0,0,0,4608,18,3088131206
5947,33227850,26391258,59619108,6,0,0,43520,8,5994513938
5948,33228390,50878131,84106521,3,0,1,25088,7,8926520398
5949,33234340,50876367,84110707,5,0,1,6656,7,3521507845
5950,33234550,26215899,59450449,5,0,0,1024,7,131180429
5951,33235680,50914074,84149754,6,0,1,512,8,9225724825
5952,33252910,27325102,60578012,5,0,0,48640,7,10585835475
5953,33273290,26225814,59499104,6,0,0,37888,8,4292276257
5954,33284010,26118729,59402739,5,0,0,4608,7,8114215111
5955,33285700,26219894,59505594,5,0,0,2048,7,9419993119
5956,33286330,26500738,59787068,5,0,0,10240,7,9674428457
5957,33297890,50851887,84149777,6,0,1,3072,8,7498540808
5958,33301550,26494374,59795924,7,0,0,20992,6,1442562592
5959,33304960,26527214,59832174,6,0,0,6144,8,3073790102
5960,33316990,50832810,84149800,0,0,1,8704,18,8885588511
5961,33318870,27317899,60636769,7,0,0,13824,6,5310168272
5962,33333070,26598767,59931837,8,0,0,23040,17,1969758370
5963,33337840,26502381,59840221,5,0,0,10240,7,8543228090
5964,33344430,28017520,61361950,8,0,0,159744,17,5579766072
5965,33356020,26600812,59956832,4,0,0,35840,13,2719840594
5966,33363120,26166561,59529681,4,0,0,1536,13,5005999358
5967,33368360,26866380,60234740,7,0,0,1536,6,9080257920
5968,33370190,50915309,84285499,7,0,1,19968,6,8943961132
5969,33373799,26768250,60142049,0,0,0,22016,18,9921325605
5970,33374330,50957900,84332230,3,0,1,15360,7,6362974415
5971,33375530,50995643,84371173,7,0,1,5632,6,8567169487
5972,33395000,28248081,61643081,6,0,0,25600,8,10311653582
5973,33402650,26983835,60386485,5,0,0,12288,7,8486636946
5974,33404080,26638407,60042487,4,0,0,15360,13,10563178932
5975,33410020,26955369,60365389,1,0,0,11264,9,7230546211
5976,33428290,50942906,84371196,3,0,1,3072,7,6475019595
5977,33459480,26549579,60009059,1,0,0,70144,9,6724169699
5978,33460140,26433042,59893182,1,0,0,45056,9,3852859766
5979,33469510,50921849,84391359,7,0,1,3584,6,4531261399
5980,33487040,26437746,59924786,7,0,0,23040,6,1900193285
5981,33493189,27208805,60701994,0,0,0,11776,18,4708400046
5982,33503400,26322641,59826041,5,0,0,2560,7,1146202659
5983,33514210,26357705,59871915,5,0,0,6656,7,10295409917
5984,33549110,50954999,84504109,6,0,1,4096,8,365562157
5985,33551420,26669055,60220475,8,0,0,35840,17,3425624566
5986,33558840,50945292,84504132,6,0,1,2560,8,5526008131
5987,33562100,50942055,84504155,0,0,1,1024,18,4852047197
5988,33581210,50922968,84504178,9,0,1,2560,17,4954719117
5989,33584750,26865818,60450568,6,0,0,13824,8,7574463760
5990,33598360,27224574,60822934,8,0,0,31744,17,7573191879
5991,33601630,26961539,60563169,9,0,0,18944,17,6618708092
5992,33603650,28200749,61804399,5,0,0,15360,7,6834612917
5993,33604000,26121768,59725768,6,0,0,4608,8,2182604032
5994,33615590,27475431,61091021,7,0,0,7168,6,4650280183
5995,33623090,26461203,60084293,9,0,0,23552,17,10163593712
5996,33639590,50864611,84504201,0,0,1,5632,18,1845675597
5997,33646089,26849253,60495342,0,0,0,5632,18,1154388363
5998,33661570,26163668,59825238,6,0,0,33792,8,10664315739
5999,33667460,50836772,84504232,6,0,1,1536,8,8439378824
6000,33681440,26230820,59912260,7,0,0,1536,6,1859732980
6001,33683700,28193797,61877497,7,0,0,37376,6,1061322642
6002,33691700,50878799,84570499,7,0,1,3072,6,6142437850
6003,33691850,26151603,59843453,6,0,0,6656,8,990696939
6004,33701290,50888562,84589852,0,0,1,14336,18,7127220830
6005,33710721,50938506,84649227,8,0,1,12800,17,3919761970
6006,33717190,26332683,60049873,1,0,0,3584,9,3316749618
6007,33719770,50946195,84665965,5,0,1,1536,7,8648745496
6008,33724330,26410988,60135318,5,0,0,43008,7,2633784856
6009,33727960,27130535,60858495,1,0,0,21504,9,1022976472
6010,33748990,26403578,60152568,5,0,0,5120,7,1879994144
6011,33751280,26399705,60150985,4,0,0,18432,13,9001068177
6012,33760740,26502162,60262902,6,0,0,512,8,8809071847
6013,33764780,26792594,60557374,5,0,0,14336,7,9448176998
6014,33768630,26833217,60601847,1,0,0,16896,9,1973304852
6015,33769130,26818779,60587909,1,0,0,12800,9,9716315502
6016,33774599,26467839,60242438,0,0,0,25088,18,6086739280
6017,33775430,27427725,61203155,9,0,0,66560,17,997690065
6018,33778320,26455929,60234249,6,0,0,39936,8,8020918923
6019,33778990,26773993,60552983,8,0,0,55808,17,6268739877
6020,33780910,27489714,61270624,5,0,0,16896,7,6822865341
6021,33789400,26400039,60189439,6,0,0,16896,8,3591246133
6022,33790660,26283049,60073709,4,0,0,4608,13,4751050005
6023,33796090,26469687,60265777,1,0,0,9216,9,7814219835
6024,33800640,50865356,84665996,5,0,1,512,7,10072323867
6025,33801770,26884745,60686515,1,0,0,45056,9,6883428589
6026,33802239,26517578,60319817,0,0,0,20992,18,5103539182
6027,33818160,27599177,61417337,7,0,0,19968,6,4220110784
6028,33821880,27575663,61397543,8,0,0,36864,17,1470402264
6029,33822290,50846605,84668895,2,0,1,4608,13,905058236
6030,33828339,26494252,60322591,5,0,0,3584,7,8975528600
6031,33843080,26692876,60535956,9,0,0,2048,17,1710687600
6032,33844670,26547201,60391871,9,0,0,16384,17,7674255325
6033,33849950,50820891,84670841,9,0,1,3072,17,6267239953
6034,33850850,26531868,60382718,4,0,0,21504,13,7670537536
6035,33853400,26804675,60658075,7,0,0,17408,6,1879900509
6036,33856050,50815777,84671827,2,0,1,1536,13,7105778981
6037,33867110,26642524,60509634,7,0,0,7168,6,9791102583
6038,33870180,26429179,60299359,1,0,0,22528,9,6890134329
6039,33879550,26992177,60871727,6,0,0,18432,8,3961198203
6040,33891830,27262614,61154444,6,0,0,20992,8,3104828080
6041,33899300,26592579,60491879,7,0,0,4608,6,502983147
6042,33901750,26507871,60409621,9,0,0,15872,17,2054141841
6043,33913840,27250189,61164029,8,0,0,31232,17,2771313286
6044,33915510,50758263,84673773,0,0,1,3072,18,6815300827
6045,33929341,27565048,61494389,2,0,0,51200,13,1567377759
6046,33942060,26415346,60357406,7,0,0,7168,6,8076217366
6047,33947050,26649618,60596668,6,0,0,28672,8,10341791168
6048,33954700,26897197,60851897,1,0,0,43520,9,10001627569
6049,33955170,26850379,60805549,6,0,0,37888,8,8077498905
6050,33955490,26490843,60446333,1,0,0,53760,9,10351612197
6051,33975590,26287133,60262723,8,0,0,26112,17,3643154854
6052,33977840,28127142,62104982,8,0,0,2560,17,2561169627
6053,33982900,27135045,61117945,1,0,0,19968,9,3532310001
6054,33986379,26372298,60358677,0,0,0,4096,18,5345495560
6055,33987770,26619881,60607651,4,0,0,8192,13,8358671467
6056,33990350,27562371,61552721,5,0,0,23552,7,5105145031
6057,33994910,27031953,61026863,5,0,0,41984,7,6889878588
6058,34008220,27701505,61709725,1,0,0,43520,9,8914559347
6059,34009720,26695279,60704999,8,0,0,6144,17,5180761077
6060,34012771,26517361,60530132,2,0,0,32256,13,9748528797
6061,34014120,26415810,60429930,6,0,0,33280,8,7245667924
6062,34014700,26453208,60467908,6,0,0,16896,8,9937790050
6063,34018900,50743689,84762589,2,0,1,19456,13,8704411721
6064,34019560,27153508,61173068,4,0,0,4096,13,5562591158
6065,34032680,26449067,60481747,5,0,0,8704,7,8849125207
6066,34042570,26714839,60757409,7,0,0,5632,6,4891830249
6067,34044230,27201213,61245443,7,0,0,44032,6,9205934286
6068,34047070,50756928,84803998,5,0,1,12800,7,5470604323
6069,34053320,26851686,60905006,7,0,0,28160,6,4100397039
6070,34053521,50772987,84826508,8,0,1,12288,17,4285643993
6071,34059500,28137429,62196929,5,0,0,61440,7,8327009150
6072,34059560,50769022,84828582,6,0,1,4608,8,10185859330
6073,34060521,51030185,85090706,8,0,1,22016,17,6589752890
6074,34066460,26453327,60519787,8,0,0,27648,17,3630109953
6075,34067109,26570931,60638040,0,0,0,4096,18,9443289227
6076,34068950,51058960,85127910,6,0,1,19968,8,4245012215
6077,34072820,26616887,60689707,1,0,0,5120,9,4781580586
6078,34081360,27847377,61928737,8,0,0,24064,17,398442973
6079,34091730,26833552,60925282,4,0,0,27648,13,2752097514
6080,34092860,51114028,85206888,4,0,1,4096,13,1974663031
6081,34095380,26918668,61014048,9,0,0,6656,17,1216859664
6082,34099540,26627215,60726755,6,0,0,27136,8,8407273460
6083,34106980,26664477,60771457,7,0,0,15360,6,6230393691
6084,34109660,27715725,61825385,8,0,0,24064,17,5933661437
6085,34109670,27143240,61252910,5,0,0,23040,7,4969730947
6086,34114020,51092891,85206911,0,0,1,4608,18,2912766140
6087,34119310,51093238,85212548,5,0,1,4608,7,1729963701
6088,34125240,28493883,62619123,8,0,0,1536,17,4759869912
6089,34125620,27940454,62066074,5,0,0,2048,7,9616204521
6090,34132730,51105205,85237935,0,0,1,1536,18,3528268480
6091,34134880,27987480,62122360,5,0,0,9216,7,10402677741
6092,34142320,51174291,85316611,2,0,1,2048,13,1096630484
6093,34147250,26665030,60812280,6,0,0,22016,8,5714970712
6094,34156460,26556640,60713100,9,0,0,6144,17,7816491916
6095,34160870,26702530,60863400,5,0,0,5632,7,6611330591
6096,34187090,51129544,85316634,2,0,1,2560,13,10546739404
6097,34191210,26779922,60971132,7,0,0,37376,6,5918845988
6098,34191950,26621289,60813239,9,0,0,3072,17,9395464307
6099,34197440,27552145,61749585,9,0,0,7680,17,6984836880
6100,34197969,26692528,60890497,0,0,0,512,18,4843526523
6101,34204589,28068793,62273382,0,0,0,24576,18,995965640
6102,34210080,26649062,60859142,5,0,0,2048,7,4161772982
6103,34213980,27099252,61313232,8,0,0,36352,17,6508061460
6104,34216050,28193002,62409052,6,0,0,10240,8,4463792356
6105,34233010,51196317,85429327,9,0,1,14336,17,5060815865
6106,34237470,27027983,61265453,6,0,0,12800,8,2957190905
6107,34250000,26725835,60975835,7,0,0,15360,6,8054996794
6108,34254290,51186026,85440316,0,0,1,19456,18,10574455822
6109,34255780,26746081,61001861,4,0,0,6144,13,5801388705
6110,34262760,28481478,62744238,1,0,0,9216,9,4598328796
6111,34266530,51346866,85613396,7,0,1,8192,6,463599144
6112,34280870,26635965,60916835,7,0,0,14848,6,7152408127
6113,34287550,27925649,62213199,7,0,0,35328,6,9623881095
6114,34287740,26739622,61027362,6,0,0,1536,8,2117442691
6115,34292840,26990778,61283618,7,0,0,8704,6,6152765583
6116,34294660,26986283,61280943,9,0,0,33792,17,8305389632
6117,34300420,27775714,62076134,4,0,0,3584,13,4712418241
6118,34303130,28816777,63119907,5,0,0,47616,7,4979427712
6119,34314550,51298869,85613419,7,0,1,13312,6,7530757624
6120,34331660,27123765,61455425,8,0,0,24064,17,9959845352
6121,34339740,26535280,60875020,6,0,0,2048,8,4537295273
6122,34351840,26640454,60992294,5,0,0,1024,7,2869631563
6123,34360630,26703769,61064399,6,0,0,3584,8,9178196648
6124,34362390,26749448,61111838,6,0,0,7680,8,6053856868
6125,34364160,51299862,85664022,0,0,1,8192,18,8326924009
6126,34366440,51393282,85759722,6,0,1,18944,8,8066136760
6127,34370120,26491541,60861661,9,0,0,8192,17,974350443
6128,34373400,27097538,61470938,9,0,0,29184,17,6618831112
6129,34379420,28626433,63005853,6,0,0,37376,8,267512779
6130,34384590,26995034,61379624,9,0,0,7168,17,7076564807
6131,34399800,27117613,61517413,5,0,0,17920,7,5716795260
6132,34400290,27126069,61526359,8,0,0,10752,17,1494259193
6133,34419109,26958308,61377417,0,0,0,50688,18,8439103656
6134,34419830,27240243,61660073,1,0,0,53248,9,7999690949
6135,34421460,27859745,62281205,1,0,0,25600,9,8836948367
6136,34430729,26705706,61136435,0,0,0,512,18,9902567574
6137,34433490,51330738,85764228,6,0,1,7168,8,3028277896
6138,34451580,27321673,61773253,4,0,0,27136,13,7934811303
6139,34452580,26753140,61205720,1,0,0,3072,9,9549945764
6140,34457610,28787649,63245259,4,0,0,3072,13,9363812292
6141,34468590,51296624,85765214,7,0,1,1536,6,10372078857
6142,34472409,27955661,62428070,0,0,0,14848,18,2080324292
6143,34481720,27995231,62476951,7,0,0,7168,6,1903102677
6144,34483430,26728397,61211827,4,0,0,19968,13,5569017649
6145,34483660,27039400,61523060,8,0,0,18432,17,946760974
6146,34489910,27651128,62141038,3,0,0,16384,7,8429323279
6147,34508490,27022433,61530923,7,0,0,2048,6,2357632679
6148,34513470,26904522,61417992,1,0,0,2048,9,8274357319
6149,34517690,28632907,63150597,1,0,0,1024,9,10078216393
6150,34522750,51244730,85767480,5,0,1,3584,7,4290930929
6151,34527100,51273203,85800303,5,0,1,2048,7,9074435149
6152,34527190,26978610,61505800,5,0,0,37376,7,3765204544
6153,34528600,51271726,85800326,4,0,1,5120,13,3394948158
6154,34548700,26616319,61165019,3,0,0,3072,7,10556377031
6155,34548850,27052364,61601214,8,0,0,10240,17,2169024004
6156,34554480,51245869,85800349,2,0,1,5120,13,5478387692
6157,34558670,27161775,61720445,5,0,0,7168,7,5190153963
6158,34583360,28552362,63135722,9,0,0,20992,17,4991670517
6159,34583790,26620948,61204738,8,0,0,5120,17,1289760414
6160,34583910,51216462,85800372,0,0,1,3584,18,3080438315
6161,34596790,26808645,61405435,6,0,0,3584,8,7288517342
6162,34598210,51228973,85827183,0,0,1,1536,18,3210175938
6163,34604829,28106222,62711051,0,0,0,81920,18,10642655201
6164,34605950,26798347,61404297,5,0,0,22016,7,8747753358
6165,34609310,51220459,85829769,6,0,1,4096,8,7211178106
6166,34611470,26900437,61511907,9,0,0,19968,17,264767564
6167,34620310,27918550,62538860,4,0,0,49664,13,3156031103
6168,34621920,26797967,61419887,8,0,0,6144,17,4462001971
6169,34627370,26783860,61411230,9,0,0,18944,17,2213992517
6170,34635790,28645642,63281432,7,0,0,34304,6,8528191192
6171,34661060,27156901,61817961,9,0,0,10752,17,8267169012
6172,34662220,51180032,85842252,2,0,1,4096,13,986247104
6173,34668380,27654108,62322488,9,0,0,42496,17,7692246210
6174,34684160,28679409,63363569,4,0,0,19456,13,6073524689
6175,34688350,27477108,62165458,4,0,0,43520,13,3011527328
6176,34691480,26887639,61579119,5,0,0,11264,7,7722592052
6177,34708460,26872303,61580763,6,0,0,1536,8,9485818189
6178,34721980,51156862,85878842,4,0,1,2048,13,3215364242
6179,34725320,27013706,61739026,5,0,0,12288,7,4014910268
6180,34734970,51147385,85882355,4,0,1,3072,13,4041526266
6181,34741110,27137970,61879080,4,0,0,5120,13,6294546599
6182,34741340,51141038,85882378,7,0,1,9728,6,348308638
6183,34742479,26713125,61455604,0,0,0,512,18,1210719231
6184,34752770,26709253,61462023,1,0,0,20992,9,9734580054
6185,34752860,51181018,85933878,9,0,1,1536,17,4667436653
6186,34754680,28555913,63310593,5,0,0,39936,7,3868968139
6187,34761830,26873428,61635258,9,0,0,31232,17,9318595082
6188,34763670,26833033,61596703,5,0,0,8704,7,4789693044
6189,34781861,28140082,62921943,2,0,0,100864,13,7350365389
6190,34796021,28016524,62812545,2,0,0,35328,13,4484092869
6191,34801500,26951072,61752572,1,0,0,9728,9,8949061472
6192,34805219,27929769,62734988,0,0,0,32768,18,8777180601
6193,34807211,26731691,61538902,2,0,0,16896,13,544609889
6194,34818720,26893056,61711776,6,0,0,6656,8,5557160538
6195,34819070,26898345,61717415,5,0,0,18432,7,1929803447
6196,34820690,26961843,61782533,7,0,0,1536,6,2838362687
6197,34829070,27389144,62218214,7,0,0,16384,6,4874536979
6198,34831130,27232145,62063275,6,0,0,2560,8,4921175938
6199,34841681,28175296,63016977,2,0,0,18432,13,1648655829
6200,34844230,27008749,61852979,9,0,0,14848,17,8110940476
6201,34845560,27088816,61934376,7,0,0,18432,6,5273044858
6202,34855210,27155428,62010638,1,0,0,36864,9,285316683
6203,34858100,51075801,85933901,7,0,1,512,6,498552056
6204,34859090,26830781,61689871,1,0,0,27136,9,5236667525
6205,34867890,27434409,62302299,8,0,0,27136,17,1938072958
6206,34874000,26795608,61669608,8,0,0,11776,17,4029465873
6207,34885010,27087396,61972406,4,0,0,7168,13,4399119234
6208,34887231,26899750,61786981,2,0,0,6656,13,1692388008
6209,34889150,26925279,61814429,6,0,0,32768,8,256882798
6210,34891030,28571981,63463011,1,0,0,9728,9,10293740747
6211,34892179,26732637,61624816,0,0,0,20480,18,3779487870
6212,34906869,26837677,61744546,0,0,0,10240,18,726234928
6213,34912960,27543538,62456498,7,0,0,17408,6,9143998892
6214,34915420,51018504,85933924,9,0,1,4608,17,1183206570
6215,34926750,51008811,85935561,0,0,1,3072,18,6515938148
6216,34932220,26907985,61840205,7,0,0,14848,6,4058165966
6217,34934640,51079888,86014528,4,0,1,20992,13,151571553
6218,34946390,27116082,62062472,8,0,0,44544,17,6016821132
6219,34948720,27253692,62202412,9,0,0,17920,17,1016539767
6220,34958450,27273638,62232088,4,0,0,1536,13,9272109083
6221,34960480,28681758,63642238,1,0,0,63488,9,6317237931
6222,34971849,26930462,61902311,0,0,0,20480,18,3205160758
6223,34978320,27055422,62033742,5,0,0,8704,7,8048290128
6224,34980250,51052165,86032415,4,0,1,2048,13,7570745360
6225,34985390,28235263,63220653,6,0,0,69632,8,6097207460
6226,35008260,27167095,62175355,9,0,0,13824,17,6571809835
6227,35011690,26802941,61814631,4,0,0,512,13,4924999387
6228,35012200,26926431,61938631,6,0,0,12800,8,2287618597
6229,35014900,27710081,62724981,7,0,0,37376,6,10463399679
6230,35017700,27081464,62099164,5,0,0,8704,7,2158901752
6231,35020310,26805784,61826094,9,0,0,2048,17,5978753132
6232,35021060,27073631,62094691,7,0,0,60416,6,9364313269
6233,35022250,28420576,63442826,8,0,0,10752,17,357664466
6234,35022361,27243510,62265871,2,0,0,9728,13,3341429513
6235,35028721,51003771,86032492,8,0,1,2560,17,8855917264
6236,35029661,27233223,62262884,2,0,0,8192,13,9474137278
6237,35038669,28670716,63709385,0,0,0,52736,18,91638644
6238,35045890,27096263,62142153,8,0,0,3584,17,1047425173
6239,35048281,27129905,62178186,2,0,0,9216,13,7358923751
6240,35063530,27687002,62750532,4,0,0,16896,13,2000440968
6241,35067551,50994419,86061970,8,0,1,8704,17,3510201248
6242,35068279,27035900,62104179,0,0,0,16384,18,5476013143
6243,35073341,27358652,62431993,2,0,0,12800,13,1342162827
6244,35075140,51006977,86082117,2,0,1,512,13,245123685
6245,35076720,27328442,62405162,4,0,0,75776,13,530795707
6246,35077630,27213270,62290900,1,0,0,31744,9,4755337848
6247,35079220,51003563,86082783,6,0,1,1024,8,7074014776
6248,35093771,27052863,62146634,2,0,0,2048,13,1937159742
6249,35105809,27546806,62652615,0,0,0,35840,18,1888860369
6250,35110070,26880035,61990105,9,0,0,5632,17,7479883184
6251,35114800,50968239,86083039,9,0,1,9216,17,6828159774
6252,35115590,50968115,86083705,0,0,1,11264,18,4620096838
6253,35116021,26897729,62013750,2,0,0,3584,13,7002315598
6254,35120740,51311888,86432628,4,0,1,1536,13,8940722158
6255,35128820,27242351,62371171,7,0,0,26624,6,2554897980
6256,35132110,28275695,63407805,6,0,0,36352,8,2714255012
6257,35132390,27818144,62950534,9,0,0,9728,17,3530898196
6258,35135520,27093433,62228953,5,0,0,4608,7,5449486421
6259,35137070,27626714,62763784,8,0,0,23040,17,1160084487
6260,35142399,26777718,61920117,5,0,0,512,7,2042843164
6261,35146300,27370599,62516899,5,0,0,7168,7,4160756247
6262,35152070,51382594,86534664,2,0,1,19968,13,2695976139
6263,35156470,51381740,86538210,6,0,1,5632,8,5754461177
6264,35164080,27405141,62569221,1,0,0,11776,9,2409120926
6265,35173730,26996119,62169849,7,0,0,14336,6,8775339024
6266,35186441,27318421,62504862,2,0,0,8704,13,581957759
6267,35195659,27237605,62433264,0,0,0,4096,18,3499914654
6268,35207930,27152346,62360276,1,0,0,9216,9,6467688243
6269,35215540,27382722,62598262,6,0,0,10240,8,673598460
6270,35216440,27107319,62323759,1,0,0,4096,9,97143451
6271,35225190,27623172,62848362,6,0,0,8704,8,5082894063
6272,35226700,27459368,62686068,8,0,0,2048,17,10139886766
6273,35271549,27481814,62753363,0,0,0,9216,18,5154640621
6274,35272820,51271808,86544628,9,0,1,5632,17,2747618741
6275,35274200,51270582,86544782,6,0,1,8704,8,9231068140
6276,35275901,26895219,62171120,2,0,0,4096,13,3422328430
6277,35276710,28223621,63500331,6,0,0,47616,8,4221079796
6278,35280480,28458622,63739102,6,0,0,4608,8,5368857035
6279,35289700,27455653,62745353,4,0,0,3584,13,4467509511
6280,35318901,27730327,63049228,2,0,0,19968,13,7340574990
6281,35319500,51403894,86723394,5,0,1,41472,7,3833021319
6282,35322340,28281297,63603637,1,0,0,6144,9,1896229592
6283,35324430,27134743,62459173,6,0,0,8704,8,4070526082
6284,35330420,27144324,62474744,5,0,0,34816,7,4718649830
6285,35331799,27353622,62685421,0,0,0,62464,18,5074218298
6286,35332941,27103310,62436251,2,0,0,9728,13,5245204280
6287,35333810,27332556,62666366,7,0,0,45056,6,10201326076
6288,35335730,27281592,62617322,1,0,0,2560,9,6393999401
6289,35339869,28095223,63435092,0,0,0,32256,18,7417138406
6290,35339980,27491099,62831079,4,0,0,15872,13,5952645535
6291,35341420,27269938,62611358,6,0,0,8192,8,1671095358
6292,35343600,28377828,63721428,9,0,0,39424,17,2377887732
6293,35350471,27734323,63084794,2,0,0,100864,13,4349972052
6294,35350980,28250754,63601734,7,0,0,79360,6,7857212660
6295,35351240,28545210,63896450,6,0,0,28672,8,10130767006
6296,35359430,27478088,62837518,9,0,0,16896,17,174460903
6297,35362050,28412198,63774248,4,0,0,57344,13,5305579526
6298,35369350,27974829,63344179,7,0,0,11264,6,1652678160
6299,35381191,27133501,62514692,2,0,0,4608,13,6312307081
6300,35385080,27492844,62877924,9,0,0,19456,17,7969726765
6301,35386320,28551264,63937584,7,0,0,44032,6,5281891733
6302,35389120,27089726,62478846,8,0,0,6144,17,9264492373
6303,35407780,27094407,62502187,5,0,0,10752,7,4623322714
6304,35408220,27814819,63223039,1,0,0,1024,9,8342582515
6305,35412250,26932180,62344430,1,0,0,512,9,3813051252
6306,35416330,27337992,62754322,1,0,0,3072,9,7174018709
6307,35419099,27503803,62922902,0,0,0,3072,18,1321015962
6308,35421160,27508785,62929945,7,0,0,23040,6,3858454613
6309,35430240,28137908,63568148,8,0,0,58368,17,8524700865
6310,35430480,27346118,62776598,8,0,0,18944,17,1551238767
6311,35444740,27496491,62941231,9,0,0,25600,17,4271446082
6312,35446310,51349576,86795886,6,0,1,10240,8,1167849576
6313,35447820,27570139,63017959,9,0,0,2048,17,8023543698
6314,35463520,27675501,63139021,7,0,0,10752,6,756959142
6315,35468360,28480829,63949189,9,0,0,29696,17,9485530607
6316,35470001,27758053,63228054,2,0,0,16384,13,1565662605
6317,35470580,27270827,62741407,9,0,0,20992,17,3280377172
6318,35470790,51330001,86800791,5,0,1,12288,7,2372507283
6319,35479060,28420689,63899749,4,0,0,10752,13,5937743859
6320,35485260,27228310,62713570,5,0,0,8192,7,9434081408
6321,35488530,27734174,63222704,7,0,0,6656,6,9283615271
6322,35489000,27528312,63017312,1,0,0,1024,9,7092075735
6323,35493810,28327898,63821708,7,0,0,36352,6,7414498742
6324,35499460,27841264,63340724,5,0,0,98816,7,5499275763
6325,35507061,27526114,63033175,2,0,0,45056,13,6401528138
6326,35509100,28520868,64029968,8,0,0,16896,17,1405010665
6327,35511250,27871686,63382936,7,0,0,63488,6,7916291000
6328,35514570,27357403,62871973,5,0,0,36352,7,3570443530
6329,35521930,27453843,62975773,7,0,0,29184,6,10224665664
6330,35522300,51278514,86800814,7,0,1,2048,6,5977683930
6331,35527820,51320307,86848127,9,0,1,6656,17,4306730813
6332,35530750,28001746,63532496,9,0,0,18944,17,3829704704
6333,35537140,28549437,64086577,9,0,0,29696,17,2325675742
6334,35543070,28642753,64185823,4,0,0,81408,13,3017803637
6335,35543310,51339377,86882687,5,0,1,12288,7,2761158948
6336,35547489,28465167,64012656,0,0,0,3072,18,1001247698
6337,35554600,28183075,63737675,7,0,0,53248,6,1955749112
6338,35556211,28852421,64408632,2,0,0,32768,13,1141243631
6339,35564880,51340567,86905447,6,0,1,5632,8,933354133
6340,35568140,28125146,63693286,9,0,0,67584,17,253282550
6341,35572769,28750671,64323440,0,0,0,13312,18,5972091089
6342,35573580,27407052,62980632,9,0,0,15872,17,3165538711
6343,35575081,51422185,86997266,8,0,1,2560,17,7160617723
6344,35581510,29002042,64583552,1,0,0,7168,9,6378834408
6345,35592410,27340998,62933408,4,0,0,11264,13,6332127012
6346,35593380,27442938,63036318,5,0,0,10240,7,7003050593
6347,35602680,28495822,64098502,9,0,0,26624,17,1303412702
6348,35608740,27623081,63231821,8,0,0,12288,17,961346898
6349,35611210,28599448,64210658,1,0,0,81408,9,8088738689
6350,35614340,27438797,63053137,8,0,0,3584,17,4525761352
6351,35616850,27868942,63485792,1,0,0,52736,9,1076694562
6352,35619720,51407479,87027199,2,0,1,4608,13,7778684963
6353,35628360,28257592,63885952,8,0,0,153088,17,10150142181
6354,35635630,27513997,63149627,1,0,0,7680,9,5909622972
6355,35636010,27486260,63122270,8,0,0,7680,17,1843108714
6356,35644850,27606244,63251094,8,0,0,7168,17,5073812580
6357,35650810,51376412,87027222,5,0,1,14848,7,3692981076
6358,35651760,27638856,63290616,6,0,0,9728,8,1278990965
6359,35655859,27491405,63147264,5,0,0,15360,7,1667121735
6360,35659310,27991375,63650685,1,0,0,27648,9,4736242572
6361,35667060,51495779,87162839,7,0,1,26112,6,9565060937
6362,35667960,27869871,63537831,1,0,0,17408,9,6237268818
6363,35678091,51530329,87208420,8,0,1,512,17,1711768070
6364,35682280,27551003,63233283,1,0,0,4096,9,2794248150
6365,35700860,27967218,63668078,1,0,0,21504,9,8299733023
6366,35703169,27906419,63609588,0,0,0,19456,18,7799631992
6367,35705030,27821671,63526701,9,0,0,47104,17,4976367680
6368,35707500,29079090,64786590,6,0,0,18432,8,184552158
6369,35709730,51498713,87208443,9,0,1,5120,17,10157825188
6370,35725750,51482716,87208466,0,0,1,5120,18,693095919
6371,35747841,27609777,63357618,2,0,0,44032,13,672067399
6372,35751880,28160769,63912649,9,0,0,5632,17,8326615320
6373,35763150,28538826,64301976,6,0,0,25600,8,5447153047
6374,35764390,28257181,64021571,1,0,0,29184,9,4298490649
6375,35766400,27673127,63439527,9,0,0,13312,17,4984314032
6376,35783161,27641623,63424784,2,0,0,13312,13,6261334067
6377,35786860,27873364,63660224,5,0,0,31232,7,9916449320
6378,35800830,51407659,87208489,5,0,1,5120,7,674944004
6379,35840200,27829016,63669216,6,0,0,2048,8,9927673489
6380,35842270,28390593,64232863,8,0,0,34816,17,5925983236
6381,35843020,27913733,63756753,4,0,0,57856,13,5307107144
6382,35844380,51364132,87208512,4,0,1,2048,13,1872081904
6383,35850151,51358384,87208535,8,0,1,10752,17,4151883236
6384,35854669,27768202,63622871,5,0,0,43520,7,1109821742
6385,35857850,28128597,63986447,9,0,0,13312,17,6606374400
6386,35862870,51345696,87208566,1,0,1,2560,9,8159686925
6387,35881971,51343855,87225826,8,0,1,9728,17,6213521419
6388,35882780,29064996,64947776,9,0,0,18432,17,9619874542
6389,35883499,27942762,63826261,5,0,0,13824,7,4169364307
6390,35884840,28016180,63901020,6,0,0,4096,8,5431604954
6391,35885021,27692510,63577531,2,0,0,30720,13,3728166010
6392,35885541,51340308,87225849,8,0,1,4608,17,996143041
6393,35886629,27583072,63469701,5,0,0,11264,7,8758779263
6394,35890649,27552824,63443473,5,0,0,2048,7,9086445555
6395,35891650,51428602,87320252,5,0,1,10752,7,8134533790
6396,35892230,28149239,64041469,4,0,0,7680,13,3931209203
6397,35895660,28386635,64282295,9,0,0,3584,17,4810174485
6398,35900129,27904623,63804752,5,0,0,16384,7,7154994010
6399,35902891,28202202,64105093,2,0,0,21504,13,2200314581
6400,35923601,28088096,64011697,2,0,0,40448,13,5372848939
6401,35924990,28032505,63957495,1,0,0,11264,9,4116443705
6402,35928460,27853455,63781915,7,0,0,25088,6,1516594600
6403,35932000,28321738,64253738,9,0,0,22016,17,6931240956
6404,35933460,27977434,63910894,1,0,0,7680,9,2905800500
6405,35937560,27735111,63672671,1,0,0,11264,9,1330330457
6406,35939500,28999657,64939157,1,0,0,12800,9,7892576486
6407,35940980,27727589,63668569,7,0,0,1536,6,322681885
6408,35956559,27931132,63887691,5,0,0,5632,7,4233847263
6409,35985610,27675893,63661503,1,0,0,4096,9,7553235093
6410,35988700,28536356,64525056,6,0,0,120320,8,8323826642
6411,35999090,28629587,64628677,9,0,0,27648,17,2054810349
6412,36002120,51318155,87320275,7,0,1,6144,6,3621867748
6413,36005790,51323652,87329442,5,0,1,3584,7,9201216897
6414,36008840,51321908,87330748,6,0,1,2048,8,9279447533
6415,36010730,51321644,87332374,2,0,1,2560,13,6432482798
6416,36013210,28254399,64267609,9,0,0,1536,17,4401006361
6417,36019060,28314831,64333891,6,0,0,11264,8,115775760
6418,36019530,51381760,87401290,9,0,1,14848,17,5313935107
6419,36021640,51379673,87401313,4,0,1,2048,13,7132295759
6420,36026960,51374376,87401336,4,0,1,1536,13,114386969
6421,36038090,51374220,87412310,6,0,1,5632,8,9576921978
6422,36039660,27868871,63908531,4,0,0,24576,13,7988206192
6423,36049680,27918157,63967837,3,0,0,33792,7,3485534297
6424,36049880,27932488,63982368,1,0,0,29696,9,3343786421
6425,36051180,28496432,64547612,4,0,0,51712,13,10220842348
6426,36053450,28054162,64107612,9,0,0,8192,17,10065779125
6427,36053910,51430409,87484319,7,0,1,19456,6,1735383853
6428,36054320,29057412,65111732,1,0,0,27648,9,7941558523
6429,36057630,51426712,87484342,5,0,1,4608,7,5777951050
6430,36057641,28187049,64244690,2,0,0,6144,13,3597649926
6431,36059640,28183155,64242795,4,0,0,17408,13,321857681
6432,36065089,28410409,64475498,5,0,0,31744,7,5734899383
6433,36074130,51410235,87484365,5,0,1,1536,7,7386806937
6434,36076430,28208723,64285153,6,0,0,8704,8,5001219355
6435,36084130,28314495,64398625,6,0,0,6656,8,4744795838
6436,36107650,27806449,63914099,7,0,0,4608,6,1982670770
6437,36112740,28521131,64633871,8,0,0,14336,17,1772388266
6438,36117690,28043306,64160996,4,0,0,3072,13,5870797176
6439,36119081,28040956,64160037,2,0,0,64512,13,2265032753
6440,36121550,27968794,64090344,8,0,0,12288,17,8694040254
6441,36122080,29139466,65261546,4,0,0,23040,13,2661783308
6442,36129660,51383184,87512844,7,0,1,6144,6,3029895799
6443,36134331,28612240,64746571,2,0,0,26112,13,4559321511
6444,36141569,28255005,64396574,5,0,0,40448,7,8807343920
6445,36152609,28724864,64877473,5,0,0,26112,7,7093110431
6446,36177140,51579102,87756242,5,0,1,8192,7,532512169
6447,36188779,51685736,87874515,4,0,1,25600,13,7088589352
6448,36190440,28118423,64308863,7,0,0,22528,6,7701759802
6449,36191111,28044271,64235382,2,0,0,8192,13,8250775376
6450,36198379,28071110,64269489,5,0,0,3072,7,10392143019
6451,36202360,28013937,64216297,9,0,0,18432,17,6359914815
6452,36212550,51896492,88109042,0,0,1,30208,18,8357292208
6453,36214900,51958246,88173146,5,0,1,5632,7,236785146
6454,36222140,29282948,65505088,6,0,0,80896,8,10539483857
6455,36225210,29354731,65579941,4,0,0,7680,13,741154301
6456,36228550,51944619,88173169,9,0,1,3072,17,8598263261
6457,36231931,28299388,64531319,2,0,0,20480,13,4371795033
6458,36240840,28754229,64995069,9,0,0,15360,17,7543435960
6459,36246950,28091020,64337970,8,0,0,13312,17,9991476250
6460,36247080,28042325,64289405,8,0,0,4608,17,9046840724
6461,36251740,51921452,88173192,7,0,1,512,6,1913908910
6462,36253970,28807548,65061518,7,0,0,27648,6,3362543578
6463,36255130,27991420,64246550,7,0,0,4096,6,5848671096
6464,36266609,28108652,64375261,5,0,0,14848,7,2838545646
6465,36266640,28921291,65187931,8,0,0,13312,17,9568710391
6466,36276420,28042918,64319338,4,0,0,34304,13,3053721969
6467,36277950,29431472,65709422,1,0,0,76800,9,8467049922
6468,36283290,27997890,64281180,6,0,0,12800,8,8302043839
6469,36283700,28362024,64645724,9,0,0,17408,17,8941177079
6470,36304840,28374093,64678933,8,0,0,22016,17,5907603138
6471,36311080,29567093,65878173,9,0,0,16384,17,4554017790
6472,36312060,28166494,64478554,1,0,0,5120,9,7729433022
6473,36316890,28464061,64780951,9,0,0,53248,17,10396903882
6474,36332439,51840776,88173215,4,0,1,7168,13,5125373744
6475,36337401,51835837,88173238,8,0,1,512,17,5526483990
6476,36338000,28731185,65069185,9,0,0,25088,17,8408008593
6477,36342910,52098855,88441765,7,0,1,14336,6,7233881109
6478,36356811,52196838,88553649,8,0,1,12288,17,9904283543
6479,36374869,52254482,88629351,4,0,1,2048,13,6965760229
6480,36380650,52281363,88662013,2,0,1,9216,13,2521873236
6481,36381049,52299486,88680535,4,0,1,6144,13,1586369501
6482,36396670,28021813,64418483,9,0,0,32256,17,1576791084
6483,36398121,52358715,88756836,8,0,1,2560,17,9846519285
6484,36399331,28077640,64476971,2,0,0,4608,13,9587462995
6485,36399910,27963334,64363244,6,0,0,12288,8,10108708067
6486,36402730,28424780,64827510,7,0,0,38912,6,7255289139
6487,36410060,52348039,88758099,9,0,1,3584,17,3085564394
6488,36415311,28272225,64687536,2,0,0,28160,13,6609835764
6489,36416310,52375744,88792054,9,0,1,18944,17,8763689775
6490,36419170,52523787,88942957,7,0,1,20992,6,3321399235
6491,36419291,28694344,65113635,2,0,0,6144,13,8678603739
6492,36420741,28208739,64629480,2,0,0,2560,13,10727446402
6493,36424660,28144149,64568809,7,0,0,2560,6,9309235203
6494,36433590,28162600,64596190,9,0,0,26112,17,6914564226
6495,36434610,28097200,64531810,9,0,0,1536,17,5364871501
6496,36436260,52615517,89051777,6,0,1,7680,8,7659436469
6497,36440840,28131396,64572236,1,0,0,9216,9,6318856055
6498,36445810,29006629,65452439,7,0,0,26624,6,5503277503
6499,36446680,28217098,64663778,8,0,0,18944,17,8344403551
6500,36447210,28807293,65254503,4,0,0,26624,13,5750849978
6501,36451600,29153755,65605355,8,0,0,53248,17,1287087067
6502,36464610,28719242,65183852,6,0,0,34816,8,3231912618
6503,36467259,28885888,65353147,5,0,0,16896,7,3244876972
6504,36485570,52567724,89053294,9,0,1,7680,17,1635511277
6505,36496151,28982371,65478522,2,0,0,85504,13,6812339569
6506,36508360,28426874,64935234,9,0,0,43008,17,5735948997
6507,36511330,28540935,65052265,4,0,0,22016,13,3484797434
6508,36516680,52554455,89071135,2,0,1,3584,13,358969922
6509,36526840,28024941,64551781,1,0,0,11264,9,8881523025
6510,36543240,28883234,65426474,9,0,0,55296,17,10007173528
6511,36544881,28205769,64750650,2,0,0,13312,13,2120110402
6512,36570590,52731707,89302297,5,0,1,22528,7,10111420395
6513,36576110,29445326,66021436,9,0,0,19456,17,8597497329
6514,36581170,28777871,65359041,3,0,0,5632,7,630967506
6515,36581450,29104503,65685953,7,0,0,69632,6,3069070531
6516,36595580,28001257,64596837,9,0,0,2048,17,4252368073
6517,36612890,28543554,65156444,4,0,0,20480,13,3347231177
6518,36620180,29089889,65710069,6,0,0,2048,8,5065415402
6519,36627660,52816310,89443970,9,0,1,16896,17,2691983099
6520,36637000,28258628,64895628,6,0,0,22016,8,7027329141
6521,36649380,28272727,64922107,9,0,0,49664,17,2253546768
6522,36649740,52833302,89483042,6,0,1,6144,8,5393841908
6523,36652320,52830876,89483196,6,0,1,8704,8,3804021726
6524,36655790,29157077,65812867,1,0,0,129536,9,5944921619
6525,36666310,28921922,65588232,8,0,0,27136,17,8246016743
6526,36671050,28676926,65347976,4,0,0,36864,13,1859875831
6527,36678870,28895861,65574731,1,0,0,66560,9,6793067416
6528,36679170,28305080,64984250,4,0,0,2560,13,6940408199
6529,36685530,28143274,64828804,4,0,0,4096,13,2081416347
6530,36685810,28625380,65311190,8,0,0,28160,17,5090883274
6531,36686040,28394400,65080440,1,0,0,36864,9,8599547989
6532,36688650,28850835,65539485,4,0,0,31744,13,8681775114
6533,36689559,28840231,65529790,5,0,0,60416,7,10392892658
6534,36707140,28252683,64959823,6,0,0,2048,8,8173499160
6535,36709280,52774377,89483657,6,0,1,10240,8,3911999665
6536,36733450,28169362,64902812,4,0,0,3584,13,5965616255
6537,36737371,29099970,65837341,2,0,0,19968,13,6429178897
6538,36739110,29405162,66144272,4,0,0,8704,13,10343526135
6539,36739430,28359909,65099339,7,0,0,61952,6,3680567839
6540,36742649,52741162,89483811,4,0,1,8704,13,524547083
6541,36743380,52768678,89512058,6,0,1,2560,8,2661561821
6542,36754420,28369409,65123829,6,0,0,22016,8,8218465683
6543,36778110,28325175,65103285,8,0,0,1024,17,5051112223
6544,36784111,28822055,65606166,2,0,0,2560,13,8320655325
6545,36784640,28094416,64879056,7,0,0,5120,6,3189624689
6546,36795591,28369120,65164711,2,0,0,18432,13,9314606475
6547,36796630,28947217,65743847,8,0,0,26624,17,8238743462
6548,36806801,52705280,89512081,8,0,1,17920,17,4411936313
6549,36814190,29310738,66124928,7,0,0,10752,6,1735429386
6550,36816539,28811751,65628290,5,0,0,4608,7,6398077697
6551,36828950,29622623,66451573,7,0,0,18432,6,9868463341
6552,36835360,28800285,65635645,9,0,0,24064,17,10053561329
6553,36840941,52781527,89622468,8,0,1,18944,17,9900168241
6554,36842389,28274701,65117090,5,0,0,11264,7,8448132663
6555,36845820,29012426,65858246,9,0,0,29696,17,7325422273
6556,36849510,29370704,66220214,7,0,0,14848,6,82627092
6557,36854561,29629250,66483811,2,0,0,7168,13,5065277174
6558,36855430,28466703,65322133,9,0,0,35840,17,5486607150
6559,36859140,52845784,89704924,7,0,1,7168,6,7169438185
6560,36862410,28240540,65102950,1,0,0,11776,9,2878229862
6561,36862470,28303356,65165826,4,0,0,3584,13,3685105196
6562,36867720,29567740,66435460,7,0,0,19968,6,10098778626
6563,36876960,28289669,65166629,8,0,0,2560,17,737036749
6564,36877810,52832683,89710493,6,0,1,21504,8,8145404591
6565,36880470,52920559,89801029,9,0,1,6656,17,10678177012
6566,36880960,52920530,89801490,7,0,1,10240,6,4547548941
6567,36883119,29065427,65948546,0,0,0,11264,18,6735136467
6568,36891891,29004245,65896136,2,0,0,11776,13,4145444271
6569,36893320,28473766,65367086,1,0,0,2560,9,2293225867
6570,36896850,28433426,65330276,6,0,0,26624,8,8171270276
6571,36902980,29574881,66477861,9,0,0,59392,17,8625995032
6572,36911700,28637948,65549648,7,0,0,33280,6,1528250774
6573,36914570,29166893,66081463,9,0,0,8192,17,3755968704
6574,36918290,53018349,89936639,5,0,1,6656,7,10088103439
6575,36925010,28555407,65480417,8,0,0,6144,17,6305878950
6576,36928249,53010617,89938866,4,0,1,8192,13,8330092503
6577,36939410,28571949,65511359,6,0,0,20480,8,10596392286
6578,36948850,28249637,65198487,7,0,0,4096,6,4082504905
6579,36950170,52989042,89939212,6,0,1,512,8,5510392939
6580,36962890,28659455,65622345,8,0,0,48640,17,7198209879
6581,36968539,28609039,65577578,5,0,0,9216,7,5914238536
6582,36972490,28465863,65438353,7,0,0,38912,6,5744642115
6583,36973789,28470515,65444304,5,0,0,19456,7,5559763275
6584,36979100,52964298,89943398,7,0,1,6656,6,1573966982
6585,36984770,53000894,89985664,6,0,1,512,8,2767740366
6586,37004510,28708467,65712977,4,0,0,9216,13,7215601146
6587,37007560,29614596,66622156,9,0,0,14336,17,3746537966
6588,37021520,29131985,66153505,8,0,0,1536,17,7733759679
6589,37023110,53074885,90097995,6,0,1,12288,8,5651111666
6590,37030140,53067878,90098018,7,0,1,10240,6,10099593328
6591,37037610,53080760,90118370,2,0,1,512,13,9703503908
6592,37038270,29986445,67024715,6,0,0,58880,8,2233269720
6593,37040080,28604825,65644905,9,0,0,11776,17,3245103709
6594,37042670,28511727,65554397,4,0,0,15360,13,2600353621
6595,37046801,28819291,65866092,2,0,0,25088,13,5176452330
6596,37054870,28583762,65638632,9,0,0,9728,17,7000386192
6597,37056570,28756944,65813514,8,0,0,2048,17,5539635686
6598,37056640,53119241,90175881,0,0,1,17408,18,8942696645
6599,37060610,29539451,66600061,1,0,0,46080,9,1734805386
6600,37064961,28557563,65622524,2,0,0,512,13,3559782734
6601,37065560,53110733,90176293,9,0,1,3072,17,203796091
6602,37073080,29183793,66256873,6,0,0,82432,8,9681698705
6603,37078301,28749432,65827733,2,0,0,46592,13,4119630687
6604,37079050,28809918,65888968,6,0,0,20480,8,4096114340
6605,37079371,28682199,65761570,2,0,0,9728,13,7777116219
6606,37086720,29342633,66429353,1,0,0,25088,9,3376631962
6607,37092820,29247028,66339848,8,0,0,3072,17,7903346939
6608,37100520,53085633,90186153,7,0,1,5120,6,1361391671
6609,37108730,53166306,90275036,0,0,1,9216,18,9446746902
6610,37109440,53168502,90277942,9,0,1,4608,17,9650611362
6611,37110390,53167706,90278096,7,0,1,8704,6,7536646088
6612,37111410,28747015,65858425,7,0,0,512,6,948311084
6613,37127260,29402873,66530133,8,0,0,69632,17,4720945066
6614,37127550,29842261,66969811,4,0,0,31232,13,1890923454
6615,37130019,28882635,66012654,5,0,0,27136,7,8036028716
6616,37130861,53179684,90310545,8,0,1,512,17,10368558982
6617,37131651,28912721,66044372,2,0,0,10752,13,7999700733
6618,37135520,28805176,65940696,6,0,0,18944,8,5326803773
6619,37137250,30162605,67299855,9,0,0,512,17,8826110174
6620,37138250,28789406,65927656,8,0,0,16384,17,3147758245
6621,37148651,28812028,65960679,2,0,0,17408,13,1120895843
6622,37160801,29566013,66726814,2,0,0,26112,13,9453836798
6623,37164630,29024504,66189134,7,0,0,3584,6,3822956816
6624,37176070,28654985,65831055,1,0,0,10752,9,5129832511
6625,37199380,28631854,65831234,8,0,0,512,17,4530163015
6626,37201520,28706256,65907776,1,0,0,4608,9,2194960086
6627,37210669,28908545,66119214,5,0,0,25088,7,8841598344
6628,37214591,29730917,66945508,2,0,0,29696,13,9517039894
6629,37214790,53098886,90313676,4,0,1,15360,13,208901350
6630,37232220,28612674,65844894,6,0,0,3072,8,10708199231
6631,37232719,28825839,66058558,5,0,0,11264,7,2099460062
6632,37235290,28637868,65873158,7,0,0,23040,6,5559281232
6633,37238210,28704537,65942747,6,0,0,6656,8,724022911
6634,37245390,29805645,67051035,4,0,0,32768,13,9198276485
6635,37266180,28897352,66163532,4,0,0,21504,13,4210207966
6636,37278270,29723434,67001704,4,0,0,57856,13,6881999031
6637,37278900,53074254,90353154,2,0,1,28672,13,6474236809
6638,37279140,28868040,66147180,8,0,0,3072,17,6972304869
6639,37290089,28985471,66275560,5,0,0,34304,7,9967401699
6640,37308360,28682553,65990913,8,0,0,4608,17,9675070068
6641,37312810,53040498,90353308,2,0,1,8704,13,3820457754
6642,37321181,53219372,90540553,8,0,1,18432,17,7301661406
6643,37326690,28688795,66015485,8,0,0,9216,17,6035307946
6644,37332631,29802231,67134862,2,0,0,14848,13,8566820360
6645,37337970,29116590,66454560,6,0,0,9728,8,7600989388
6646,37342540,28889194,66231734,5,0,0,14336,7,625206152
6647,37345779,29075907,66421686,5,0,0,35328,7,7820489327
6648,37346850,28708253,66055103,4,0,0,10240,13,10376271976
6649,37350441,28941857,66292298,2,0,0,5120,13,5714293562
6650,37364840,29030947,66395787,1,0,0,1024,9,5496089537
6651,37365031,29958333,67323364,2,0,0,47616,13,3536986827
6652,37365310,29030142,66395452,8,0,0,28160,17,8827820071
6653,37372420,28891862,66264282,6,0,0,7168,8,5701893426
6654,37377520,29009329,66386849,1,0,0,4096,9,5991107064
6655,37378260,53203603,90581863,2,0,1,3072,13,149642361
6656,37396291,28865761,66262052,2,0,0,16896,13,839866214
6657,37403380,28662928,66066308,6,0,0,17920,8,2795993131
6658,37420150,28901441,66321591,5,0,0,21504,7,6053368623
6659,37420290,28844795,66265085,7,0,0,2560,6,5694590026
6660,37428900,28871593,66300493,4,0,0,17920,13,1210590394
6661,37436540,53168938,90605478,9,0,1,2048,17,8345070070
6662,37440440,53165061,90605501,5,0,1,3072,7,3854582778
6663,37443810,28783533,66227343,9,0,0,16896,17,5863074342
6664,37472620,29222679,66695299,7,0,0,39936,6,8967817609
6665,37473300,28728071,66201371,5,0,0,5120,7,3653777781
6666,37477360,28704521,66181881,6,0,0,25088,8,4953583144
6667,37482300,28739029,66221329,1,0,0,3584,9,5672742587
6668,37501810,29602020,67103830,1,0,0,13824,9,7640480765
6669,37517230,29019657,66536887,5,0,0,22016,7,1767951493
6670,37518211,29695925,67214136,2,0,0,15872,13,10602523807
6671,37519920,28923675,66443595,1,0,0,26624,9,7244214341
6672,37535810,28868777,66404587,1,0,0,13312,9,8771147638
6673,37543030,28816186,66359216,5,0,0,6144,7,1317628692
6674,37545170,53060460,90605630,7,0,1,12288,6,2611920849
6675,37545800,29807347,67353147,7,0,0,24064,6,2715796928
6676,37546990,28789390,66336380,7,0,0,16896,6,4053993979
6677,37556550,29054167,66610717,8,0,0,9216,17,2388083354
6678,37557580,53111396,90668976,6,0,1,8192,8,8802731746
6679,37568390,53132663,90701053,5,0,1,9728,7,5528838330
6680,37570640,29698268,67268908,8,0,0,30208,17,2106450440
6681,37573830,29833853,67407683,6,0,0,9728,8,3451681230
6682,37582630,53211850,90794480,0,0,1,15872,18,7082385596
6683,37584760,28959424,66544184,1,0,0,11776,9,8471274279
6684,37585560,29121188,66706748,6,0,0,8704,8,4891769897
6685,37593521,29829371,67422892,2,0,0,36352,13,4606504908
6686,37600450,28785128,66385578,6,0,0,32768,8,9926597227
6687,37604741,28889997,66494738,2,0,0,22016,13,3519109928
6688,37610440,53305147,90915587,6,0,1,15360,8,8216941969
6689,37621660,29022363,66644023,7,0,0,12800,6,5337691835
6690,37624810,29072540,66697350,8,0,0,6656,17,4033591956
6691,37638350,29231549,66869899,8,0,0,15872,17,6713697190
6692,37644251,29111972,66756223,2,0,0,11776,13,6780586139
6693,37647950,28923357,66571307,7,0,0,15360,6,9964622591
6694,37652500,28803019,66455519,9,0,0,3072,17,4997620530
6695,37654750,29199746,66854496,5,0,0,30720,7,4494528080
6696,37660160,28945852,66606012,5,0,0,19456,7,5786292309
6697,37688330,28950448,66638778,8,0,0,4096,17,3553331239
6698,37710280,28856324,66566604,1,0,0,49152,9,7156986236
6699,37711460,53209812,90921272,7,0,1,12288,6,4895027374
6700,37714140,29053985,66768125,6,0,0,23040,8,6674323362
6701,37730420,29749976,67480396,1,0,0,11264,9,2856791582
6702,37731140,29113973,66845113,7,0,0,40448,6,8865981070
6703,37740050,53181721,90921771,0,0,1,4096,18,7467572240
6704,37740251,28978532,66718783,2,0,0,39424,13,7085008255
6705,37750970,28886537,66637507,6,0,0,44544,8,298507075
6706,37752500,29959538,67712038,3,0,0,17408,7,2679038454
6707,37757810,29003272,66761082,6,0,0,15872,8,9375993212
6708,37778560,29790271,67568831,1,0,0,21504,9,9329963221
6709,37784720,28963776,66748496,5,0,0,34816,7,4120785448
6710,37796800,29412477,67209277,5,0,0,42496,7,2675449791
6711,37797930,29128134,66926064,5,0,0,17920,7,8058685878
6712,37809000,29447647,67256647,6,0,0,15360,8,8764471474
6713,37810140,29600218,67410358,5,0,0,8704,7,4793481404
6714,37813730,53190618,91004348,2,0,1,8192,13,1969948995
6715,37822800,29113138,66935938,8,0,0,22016,17,9261287131
6716,37827220,29931642,67758862,5,0,0,19456,7,10222115347
6717,37832550,29000216,66832766,7,0,0,48128,6,5222879275
6718,37835300,29044472,66879772,5,0,0,5632,7,3740226538
6719,37836630,29601885,67438515,5,0,0,51200,7,6114789044
6720,37838280,29090927,66929207,8,0,0,10240,17,5975154980
6721,37845810,29195218,67041028,7,0,0,25600,6,6930913788
6722,37854190,29812290,67666480,9,0,0,45568,17,2526636450
6723,37864570,29056011,66920581,7,0,0,52736,6,8130408496
6724,37865621,29841082,67706703,2,0,0,123904,13,10088078425
6725,37866221,29023090,66889311,2,0,0,31232,13,4782662443
6726,37876450,53127921,91004371,0,0,1,5120,18,5458546646
6727,37881760,29007738,66889498,5,0,0,512,7,5979249000
6728,37886301,29063286,66949587,2,0,0,13312,13,9811623227
6729,37890180,29601962,67492142,9,0,0,19456,17,4746151900
6730,37890210,29257049,67147259,9,0,0,26112,17,10560935298
6731,37915440,53152124,91067564,1,0,1,2048,9,8809001891
6732,37916341,29206874,67123215,2,0,0,1536,13,10343979341
6733,37932490,29978286,67910776,6,0,0,12800,8,1221633276
6734,37934750,29001687,66936437,9,0,0,1536,17,10357514507
6735,37940490,29037229,66977719,9,0,0,12288,17,4710245485
6736,37952720,29219324,67172044,9,0,0,8704,17,6833858330
6737,37952810,29447183,67399993,9,0,0,93184,17,7101025037
6738,37954690,29572998,67527688,8,0,0,57344,17,10581575955
6739,37958410,29015324,66973734,5,0,0,12800,7,7872267391
6740,37959370,29803259,67762629,1,0,0,12288,9,6019999406
6741,37968550,29225315,67193865,9,0,0,10240,17,4816470923
6742,37980370,29424326,67404696,9,0,0,15360,17,5347508275
6743,37988020,29167218,67155238,8,0,0,26112,17,8886871460
6744,37999590,53301809,91301399,0,0,1,38400,18,3916921872
6745,38008020,29478171,67486191,8,0,0,18944,17,9750150322
6746,38012230,29178492,67190722,7,0,0,36864,6,3323284476
6747,38013641,53350387,91364028,8,0,1,10240,17,6909759850
6748,38015490,29796736,67812226,5,0,0,33280,7,7103151355
6749,38015990,29558815,67574805,8,0,0,18432,17,10630672148
6750,38018690,53345361,91364051,9,0,1,1024,17,7491268223
6751,38020500,29818881,67839381,6,0,0,31232,8,8529526939
6752,38020620,29250027,67270647,9,0,0,5632,17,4867893206
6753,38022300,29323492,67345792,5,0,0,15360,7,4082495753
6754,38036911,29514870,67551781,2,0,0,45568,13,7227679100
6755,38039260,29583513,67622773,9,0,0,13824,17,5848818870
6756,38065891,29305687,67371578,2,0,0,60416,13,3626996262
6757,38070260,29932802,68003062,7,0,0,32256,6,2760723980
6758,38091750,29194177,67285927,9,0,0,1024,17,6648135816
6759,38102460,29936666,68039126,6,0,0,6656,8,1764860131
6760,38115320,29120355,67235675,9,0,0,13824,17,4026661027
6761,38122470,53246305,91368775,9,0,1,16896,17,10423839124
6762,38123530,29818104,67941634,7,0,0,9728,6,2935097795
6763,38128220,29969216,68097436,6,0,0,38400,8,87257362
6764,38138320,30101641,68239961,1,0,0,27648,9,828848653
6765,38175630,53318646,91494276,2,0,1,2560,13,10349700737
6766,38190461,29347413,67537874,2,0,0,6144,13,5206981170
6767,38194270,29299143,67493413,5,0,0,4096,7,6389568598
6768,38194580,30133382,68327962,9,0,0,7168,17,7783589113
6769,38212310,53282312,91494622,2,0,1,512,13,6874667593
6770,38213760,53438125,91651885,5,0,1,12800,7,1317460969
6771,38214540,29243878,67458418,5,0,0,15872,7,2940773377
6772,38215280,29517994,67733274,5,0,0,16896,7,1434267668
6773,38228360,29333896,67562256,6,0,0,34304,8,2039916219
6774,38230280,29338886,67569166,1,0,0,1024,9,2144508856
6775,38232690,30449235,68681925,5,0,0,93696,7,1259668949
6776,38235460,29963000,68198460,5,0,0,99328,7,9949107243
6777,38239700,29267564,67507264,9,0,0,8704,17,880082685
6778,38269200,29142585,67411785,6,0,0,4608,8,6079635569
6779,38271800,53380108,91651908,6,0,1,6144,8,8838546362
6780,38279170,53372761,91651931,2,0,1,9728,13,5522366338
6781,38284320,30495899,68780219,1,0,0,43008,9,6935301362
6782,38291850,29306731,67598581,1,0,0,30208,9,512349594
6783,38293289,29321943,67615232,0,0,0,41472,18,2082907499
6784,38296169,29239810,67535979,0,0,0,27136,18,217161564
6785,38314080,29536244,67850324,8,0,0,35840,17,613005361
6786,38326590,29387967,67714557,5,0,0,8192,7,10065262560
6787,38334520,29495322,67829842,4,0,0,56320,13,2363706291
6788,38335400,53341206,91676606,5,0,1,15360,7,1870145632
6789,38349300,30511014,68860314,9,0,0,10240,17,10033849093
6790,38362460,29146640,67509100,1,0,0,2048,9,689880976
6791,38364060,29804113,68168173,1,0,0,78848,9,10103267512
6792,38371590,29697190,68068780,6,0,0,19968,8,1446489081
6793,38379990,53341099,91721089,0,0,1,6656,18,8170083848
6794,38384730,53425315,91810045,9,0,1,20992,17,1233616703
6795,38385729,29834016,68219745,5,0,0,26624,7,5135346448
6796,38408980,29553915,67962895,7,0,0,2560,6,1535519687
6797,38411510,29257418,67668928,1,0,0,5120,9,2770741367
6798,38414990,29203478,67618468,1,0,0,10240,9,10401775738
6799,38426439,29509533,67935972,0,0,0,30720,18,10097699384
6800,38432430,29711696,68144126,7,0,0,125952,6,58985171
6801,38439180,29891145,68330325,6,0,0,7680,8,1762610255
6802,38440160,29791354,68231514,1,0,0,26112,9,1593338873
6803,38453181,29863183,68316364,2,0,0,5632,13,6917079837
6804,38463740,30488283,68952023,5,0,0,24064,7,8648231449
6805,38465069,29962500,68427569,0,0,0,40960,18,3922658826
6806,38471290,29829740,68301030,7,0,0,16384,6,2127236601
6807,38479380,29243804,67723184,5,0,0,12288,7,5285810312
6808,38480551,30154170,68634721,2,0,0,77824,13,3815787314
6809,38488640,53335959,91824599,5,0,1,1024,7,3590421562
6810,38488991,29493505,67982496,2,0,0,27136,13,8872414982
6811,38490910,53333712,91824622,7,0,1,3072,6,4533081999
6812,38503109,30248982,68752091,0,0,0,6144,18,6369931555
6813,38509399,29342508,67851907,0,0,0,5120,18,1650770035
6814,38509831,53326737,91836568,8,0,1,5120,17,9900191909
6815,38513030,29707518,68220548,9,0,0,2560,17,4333189568
6816,38517110,29421537,67938647,6,0,0,8704,8,430412916
6817,38536580,53390646,91927226,0,0,1,11264,18,2969203962
6818,38541980,29824005,68365985,9,0,0,4096,17,4977940060
6819,38556231,29651612,68207843,2,0,0,30720,13,5343940908
6820,38558960,29837629,68396589,5,0,0,73216,7,10220702782
6821,38563389,53380556,91943945,4,0,1,2560,13,9943747198
6822,38564330,29770698,68335028,1,0,0,15360,9,3084439731
6823,38567690,29515139,68082829,5,0,0,22016,7,3193619401
6824,38568650,29474771,68043421,9,0,0,3584,17,8699394501
6825,38570160,29712597,68282757,8,0,0,19456,17,6727703241
6826,38571060,53372908,91943968,2,0,1,11264,13,2816749218
6827,38571189,29898861,68470050,0,0,0,14336,18,5806742287
6828,38576380,29635230,68211610,1,0,0,12288,9,2621115327
6829,38577660,30022585,68600245,9,0,0,30208,17,4637105934
6830,38586450,53450922,92037372,0,0,1,6144,18,7259355272
6831,38588690,53453063,92041753,2,0,1,5120,13,111127016
6832,38593401,29512326,68105727,2,0,0,27136,13,6913954142
6833,38594109,29752155,68346264,0,0,0,6656,18,3373526304
6834,38613410,29712345,68325755,1,0,0,30720,9,216858497
6835,38615270,29748267,68363537,1,0,0,6144,9,6173631048
6836,38617400,53429179,92046579,5,0,1,7680,7,5390039196
6837,38628069,29595466,68223535,0,0,0,9728,18,346957441
6838,38634880,29800343,68435223,9,0,0,17408,17,8234239910
6839,38638800,30053600,68692400,7,0,0,34304,6,10499585509
6840,38646690,29667935,68314625,3,0,0,44544,7,6625549882
6841,38652680,29762386,68415066,9,0,0,31744,17,742359033
6842,38661590,30039577,68701167,1,0,0,28672,9,1782525831
6843,38663280,29704841,68368121,3,0,0,1024,7,8973159740
6844,38664980,29917495,68582475,1,0,0,24576,9,1797648339
6845,38680540,29878837,68559377,3,0,0,30208,7,6759827079
6846,38685330,29818518,68503848,0,0,0,8192,18,5941122296
6847,38693050,30042857,68735907,1,0,0,22528,9,8677142471
6848,38709480,30040692,68750172,9,0,0,28672,17,6743510066
6849,38722840,29679856,68402696,9,0,0,19968,17,2377252499
6850,38729670,29917866,68647536,6,0,0,41984,8,6125661245
6851,38739811,30082595,68822406,2,0,0,23040,13,10704195101
6852,38740119,29665252,68405371,0,0,0,8704,18,10415757776
6853,38741169,29966893,68708062,0,0,0,22528,18,4379224286
6854,38748980,29741677,68490657,5,0,0,6656,7,6661554364
6855,38755540,53309733,92065273,0,0,1,1536,18,6587144284
6856,38756300,29783965,68540265,3,0,0,5120,7,4591376227
6857,38763030,30049741,68812771,1,0,0,47104,9,3698159524
6858,38763900,29889454,68653354,6,0,0,6144,8,6956493269
6859,38773660,29765022,68538682,9,0,0,41984,17,8100830815
6860,38774050,30111548,68885598,7,0,0,15360,6,2218412403
6861,38775630,30071640,68847270,5,0,0,31744,7,5213776257
6862,38776610,29990482,68767092,9,0,0,6656,17,4145099159
6863,38778559,29936702,68715261,0,0,0,23552,18,5656034496
6864,38781771,30190890,68972661,2,0,0,4096,13,3578646045
6865,38782310,30349528,69131838,1,0,0,4608,9,3401154077
6866,38782370,29946650,68729020,3,0,0,45056,7,7442189137
6867,38783640,30304381,69088021,8,0,0,10752,17,4695227808
6868,38801670,30581588,69383258,3,0,0,113664,7,978270951
6869,38804540,53260756,92065296,9,0,1,9728,17,118745193
6870,38806120,30138548,68944668,4,0,0,14848,13,9342350596
6871,38807340,30018833,68826173,7,0,0,12288,6,9744443867
6872,38829000,29822459,68651459,1,0,0,12800,9,4052524910
6873,38834020,29907393,68741413,5,0,0,13312,7,1862047757
6874,38838640,29898694,68737334,7,0,0,4608,6,8238606220
6875,38839209,30016341,68855550,0,0,0,15872,18,2799176488
6876,38840860,30168974,69009834,3,0,0,9728,7,723906821
6877,38842800,29942591,68785391,4,0,0,1024,13,4712106448
6878,38844001,29941055,68785056,2,0,0,4096,13,8630186651
6879,38854070,29903312,68757382,1,0,0,14336,9,152136516
6880,38855081,29980116,68835197,2,0,0,15360,13,1461993803
6881,38855830,30226712,69082542,8,0,0,87040,17,2616556151
6882,38856770,53253610,92110380,7,0,1,7168,6,9062303001
6883,38871180,30167541,69038721,5,0,0,15872,7,844025897
6884,38875021,53236985,92112006,8,0,1,2560,17,9686128353
6885,38876241,53278735,92154976,8,0,1,9216,17,8720988009
6886,38900400,30078846,68979246,1,0,0,5120,9,2941778203
6887,38903840,30032212,68936052,6,0,0,5632,8,9112912886
6888,38904870,30111267,69016137,8,0,0,9216,17,7598347761
6889,38910110,30202405,69112515,7,0,0,76288,6,8199125353
6890,38922660,53269779,92192439,7,0,1,7168,6,477122694
6891,38923610,53270135,92193745,7,0,1,2048,6,3881093891
6892,38937109,53258285,92195394,0,0,1,1024,18,1532824298
6893,38950760,30227110,69177870,3,0,0,59904,7,2097856157
6894,38956429,30077433,69033862,0,0,0,27648,18,7116932161
6895,38960020,30275625,69235645,9,0,0,45568,17,7347399940
6896,38961030,30244774,69205804,5,0,0,2048,7,490299954
6897,38961391,53270607,92231998,8,0,1,5120,17,3279110234
6898,38965421,30437671,69403092,2,0,0,25088,13,4492099974
6899,38968390,30534371,69502761,8,0,0,6144,17,3686229176
6900,38974490,30230536,69205026,4,0,0,33280,13,6345747919
6901,38981469,53253989,92235458,4,0,1,14336,13,10499511271
6902,38982990,30131264,69114254,8,0,0,5632,17,7050695155
6903,38989850,53275270,92265120,9,0,1,3584,17,10261701433
6904,38991160,53274626,92265786,0,0,1,1024,18,6419919806
6905,38993690,30341006,69334696,8,0,0,66048,17,1279075844
6906,39004280,29967110,68971390,6,0,0,4096,8,376107859
6907,39004640,53267457,92272097,5,0,1,22016,7,4316520305
6908,39008660,30186203,69194863,5,0,0,18432,7,4879422787
6909,39022660,53254266,92276926,9,0,1,5632,17,9459268478
6910,39036371,30046974,69083345,2,0,0,2560,13,3593882993
6911,39038479,30310124,69348603,0,0,0,45568,18,1553988213
6912,39050931,53232159,92283090,8,0,1,5632,17,3877330944
6913,39068450,30509317,69577767,9,0,0,9216,17,5617893774
6914,39071830,30389964,69461794,8,0,0,24064,17,4099042856
6915,39081129,30138423,69219552,0,0,0,3072,18,6735627981
6916,39089140,30169510,69258650,3,0,0,18432,7,4657688276
6917,39100390,30046001,69146391,6,0,0,2048,8,9996816419
6918,39116300,30399420,69515720,6,0,0,14848,8,3786841286
6919,39121990,30268738,69390728,4,0,0,24064,13,6288933212
6920,39130400,30136276,69266676,3,0,0,3072,7,7005392051
6921,39132120,30534282,69666402,1,0,0,57856,9,4045822333
6922,39134891,30318891,69453782,2,0,0,14336,13,7570178753
6923,39137299,30169081,69306380,0,0,0,2560,18,3790925288
6924,39139980,30267347,69407327,1,0,0,13824,9,3309731515
6925,39139990,30332177,69472167,4,0,0,7680,13,3144507030
6926,39148560,30291495,69440055,5,0,0,25600,7,2261780957
6927,39150990,53132123,92283113,0,0,1,2048,18,2754553473
6928,39155650,30489311,69644961,9,0,0,67584,17,1947874653
6929,39170070,30431434,69601504,1,0,0,2560,9,1645336202
6930,39177829,30648298,69826127,0,0,0,41472,18,8672405977
6931,39180980,53102156,92283136,3,0,1,512,7,1474103797
6932,39183660,53162847,92346507,0,0,1,12800,18,9782987434
6933,39192590,30620870,69813460,4,0,0,63488,13,9604327323
6934,39206420,30239430,69445850,4,0,0,18944,13,6084601742
6935,39211849,30354201,69566050,0,0,0,1024,18,2910673134
6936,39212850,30616888,69829738,4,0,0,11776,13,1719792636
6937,39213310,30310968,69524278,7,0,0,11264,6,9720410374
6938,39215680,30566585,69782265,8,0,0,16896,17,177200092
6939,39216099,30245874,69461973,0,0,0,512,18,4983126671
6940,39229360,53122536,92351896,6,0,1,17408,8,5008691162
6941,39236370,30412381,69648751,7,0,0,7168,6,7405055298
6942,39237750,30536801,69774551,6,0,0,52224,8,4698997295
6943,39241660,53110902,92352562,9,0,1,1024,17,3049690688
6944,39244950,30355521,69600471,8,0,0,22016,17,6937857128
6945,39246879,30694074,69940953,0,0,0,6144,18,9699123655
6946,39255180,30762752,70017932,9,0,0,55808,17,7245651370
6947,39258200,30335540,69593740,6,0,0,11264,8,7978447423
6948,39259030,30387514,69646544,9,0,0,5120,17,2537150313
6949,39259200,53409090,92668290,2,0,1,41984,13,8214258331
6950,39268589,30406572,69675161,0,0,0,28672,18,4587435247
6951,39270130,30601229,69871359,8,0,0,10752,17,7735659187
6952,39272130,30569362,69841492,7,0,0,21504,6,9061967226
6953,39272880,30640239,69913119,9,0,0,47616,17,8869351400
6954,39279190,30868439,70147629,4,0,0,9216,13,1769712411
6955,39285790,53486420,92772210,6,0,1,7168,8,4034563292
6956,39288401,30418090,69706491,2,0,0,9216,13,6676579930
6957,39295510,30380009,69675519,1,0,0,512,9,420696886
6958,39300780,30663393,69964173,8,0,0,5120,17,1139815678
6959,39307271,53500336,92807607,8,0,1,3072,17,8290410328
6960,39313410,30361930,69675340,3,0,0,512,7,321844965
6961,39317420,30540307,69857727,5,0,0,27136,7,8945328914
6962,39327250,30507659,69834909,7,0,0,16896,6,6417411114
6963,39327631,30660952,69988583,2,0,0,20992,13,1802394296
6964,39328350,30606969,69935319,3,0,0,23040,7,927394102
6965,39334110,30539924,69874034,7,0,0,8704,6,924972125
6966,39339870,30622712,69962582,9,0,0,9728,17,9900099545
6967,39344300,30569154,69913454,3,0,0,1024,7,747486628
6968,39347090,30837359,70184449,6,0,0,11264,8,8261745863
6969,39350420,30608216,69958636,1,0,0,44544,9,1610045776
6970,39352050,31008694,70360744,5,0,0,24064,7,6169098709
6971,39362030,30552399,69914429,9,0,0,1536,17,9382778552
6972,39363810,53455462,92819272,5,0,1,2048,7,3746491760
6973,39365499,30594096,69959595,0,0,0,3072,18,1327074989
6974,39365690,30658973,70024663,8,0,0,22016,17,4460170046
6975,39366250,53453045,92819295,6,0,1,9216,8,7767551723
6976,39368860,53696494,93065354,2,0,1,12288,13,6038290798
6977,39371740,53699148,93070888,6,0,1,6656,8,1061129644
6978,39376630,31216929,70593559,5,0,0,10240,7,1233639177
6979,39377130,30926329,70303459,5,0,0,64000,7,1997417131
6980,39381900,31097209,70479109,6,0,0,13824,8,10343064575
6981,39384831,30713879,70098710,2,0,0,13824,13,8907581457
6982,39389150,30590833,69979983,4,0,0,1024,13,8801001830
6983,39389719,30668230,70057949,0,0,0,31744,18,6525836666
6984,39402170,53669384,93071554,0,0,1,1024,18,2565458134
6985,39402700,31019253,70421953,9,0,0,102912,17,6367513320
6986,39402850,31401099,70803949,9,0,0,142848,17,6209725796
6987,39404830,30902552,70307382,3,0,0,12800,7,7217295578
6988,39405380,31300314,70705694,8,0,0,12800,17,9901207496
6989,39418620,30675855,70094475,7,0,0,12288,6,8018206540
6990,39423260,31011288,70434548,6,0,0,40960,8,4453982777
6991,39425041,53646974,93072015,8,0,1,10240,17,8038794623
6992,39425100,31260511,70685611,1,0,0,37888,9,7277250054
6993,39425290,31018017,70443307,5,0,0,28672,7,4864334829
6994,39437689,31198912,70636601,0,0,0,105984,18,1154593850
6995,39439050,30877247,70316297,4,0,0,29184,13,10658486762
6996,39443170,53697410,93140580,6,0,1,1024,8,6028832161
6997,39448270,53704391,93152661,6,0,1,4608,8,8314138702
6998,39449701,31074022,70523723,2,0,0,18944,13,6586125900
6999,39452110,30915076,70367186,3,0,0,6144,7,6714815525
7000,39452460,31032035,70484495,7,0,0,14336,6,2875623844
7001,39454220,31057787,70512007,4,0,0,39424,13,978622125
7002,39459599,30905692,70365291,0,0,0,14848,18,3628837016
7003,39521080,30941929,70463009,6,0,0,25600,8,2242324141
7004,39527180,53699859,93227039,2,0,1,6144,13,8294254599
7005,39531290,31166200,70697490,3,0,0,38912,7,3135960602
7006,39532520,31049895,70582415,9,0,0,8704,17,8256434341
7007,39541550,31054216,70595766,3,0,0,7168,7,3966953112
7008,39556760,31386987,70943747,9,0,0,14848,17,2795370510
7009,39568100,53661845,93229945,0,0,1,4608,18,1664078495
7010,39570070,53793487,93363557,9,0,1,3584,17,8803360162
7011,39570270,53793441,93363711,2,0,1,8704,13,2857077352
7012,39579970,30913273,70493243,8,0,0,4608,17,2238613325
7013,39582849,53790035,93372884,4,0,1,12288,13,10716691951
7014,39587019,32042976,71629995,0,0,0,40960,18,5111994589
7015,39590580,31244544,70835124,3,0,0,50176,7,5688861147
7016,39598860,31132299,70731159,3,0,0,54784,7,5040976990
7017,39606750,31450326,71057076,8,0,0,54272,17,4449967307
7018,39609940,53861382,93471322,9,0,1,15360,17,2042084364
7019,39610240,31234789,70845029,9,0,0,16896,17,3206841888
7020,39619570,31082178,70701748,4,0,0,12800,13,7590805280
7021,39625670,31080359,70706029,9,0,0,1024,17,2537165294
7022,39641180,31178617,70819797,3,0,0,34816,7,10078290433
7023,39645450,31428036,71073486,4,0,0,35840,13,6191770787
7024,39647210,53825098,93472308,5,0,1,1536,7,2085679829
7025,39659510,31279690,70939200,3,0,0,34816,7,1948379586
7026,39660160,53813454,93473614,2,0,1,2048,13,7236239389
7027,39672720,31136400,70809120,8,0,0,16896,17,7208932152
7028,39672860,31024965,70697825,9,0,0,1024,17,6687425018
7029,39685940,31586671,71272611,3,0,0,23040,7,10730247907
7030,39690460,53786380,93476840,7,0,1,5120,6,6113845423
7031,39692211,30980592,70672803,2,0,0,24576,13,235446373
7032,39693489,31164876,70858365,0,0,0,4096,18,7198480671
7033,39701240,31508860,71210100,8,0,0,9216,17,581639385
7034,39701340,31563864,71265204,1,0,0,39424,9,920167629
7035,39703130,31276547,70979677,8,0,0,25600,17,8451764934
7036,39704399,31216732,70921131,0,0,0,17408,18,3268495165
7037,39710610,31486314,71196924,6,0,0,81920,8,4748305285
7038,39716140,53783078,93499218,9,0,1,512,17,5381602189
7039,39719740,31648972,71368712,8,0,0,52736,17,9399410890
7040,39720940,31118918,70839858,4,0,0,10752,13,8215828818
7041,39726790,31109761,70836551,6,0,0,4608,8,4299712608
7042,39738940,53760624,93499564,9,0,1,512,17,5160445970
7043,39746820,31969270,71716090,8,0,0,7680,17,1107091227
7044,39760510,53742920,93503430,6,0,1,6144,8,5011539135
7045,39762640,53795465,93558105,5,0,1,512,7,6394171282
7046,39764110,31125049,70889159,9,0,0,16384,17,468935008
7047,39768229,31339957,71108186,0,0,0,20480,18,6125874843
7048,39775110,31221906,70997016,5,0,0,56832,7,9780624266
7049,39785380,31177463,70962843,4,0,0,3072,13,3842369077
7050,39789750,53768378,93558128,6,0,1,6144,8,4589617101
7051,39794220,31329822,71124042,7,0,0,46080,6,4843821542
7052,39795320,31411033,71206353,8,0,0,6144,17,2422616046
7053,39796590,53761561,93558151,9,0,1,7680,17,9370131349
7054,39799571,31872773,71672344,2,0,0,21504,13,10572551673
7055,39803644,31643275,71446919,9,0,0,10752,17,10581834250
7056,39805810,31423522,71229332,9,0,0,3584,17,4571461315
7057,39806420,31546193,71352613,9,0,0,50688,17,7848044082
7058,39809450,31701176,71510626,1,0,0,1024,9,5264336652
7059,39810069,31415687,71225756,0,0,0,27136,18,301189026
7060,39812750,53745424,93558174,5,0,1,3584,7,8231084985
7061,39814010,31494716,71308726,9,0,0,8192,17,7507838161
7062,39815530,53742667,93558197,2,0,1,4608,13,15357442
7063,39824441,53733779,93558220,8,0,1,2048,17,7341736024
7064,39825370,31304782,71130152,3,0,0,3072,7,2399906716
7065,39836070,31368365,71204435,8,0,0,24576,17,3466048336
7066,39839320,31599216,71438536,1,0,0,70144,9,5362508716
7067,39841810,32043661,71885471,9,0,0,5632,17,8015354631
7068,39842500,31443394,71285894,7,0,0,43520,6,2040875652
7069,39851829,53793466,93645295,4,0,1,10240,13,588512405
7070,39853030,31276027,71129057,3,0,0,16384,7,10685995330
7071,39864770,31472376,71337146,8,0,0,15872,17,6052202852
7072,39866619,31429313,71295932,0,0,0,18944,18,2650661196
7073,39878030,31502262,71380292,6,0,0,5120,8,5776159098
7074,39883590,31492500,71376090,7,0,0,13824,6,811201764
7075,39885000,31405137,71290137,3,0,0,13824,7,1294031243
7076,39896380,31588902,71485282,6,0,0,54272,8,1631433741
7077,39897810,31607477,71505287,7,0,0,4608,6,8530251247
7078,39899461,53746090,93645551,8,0,1,9216,17,946159011
7079,39900260,31695729,71595989,1,0,0,13824,9,2680327878
7080,39905040,32189065,72094105,3,0,0,18944,7,6576705558
7081,39909620,32112570,72022190,6,0,0,51712,8,8610970829
7082,39910131,31707361,71617492,2,0,0,38400,13,1832427523
7083,39910730,31532821,71443551,1,0,0,16384,9,5362567467
7084,39919510,31458943,71378453,9,0,0,7680,17,1400573020
7085,39927980,31370323,71298303,9,0,0,7680,17,4632646503
7086,39929311,53962313,93891624,8,0,1,5120,17,8724182313
7087,39939140,31704291,71643431,5,0,0,15360,7,6559634743
7088,39939380,31553874,71493254,9,0,0,8192,17,6878633031
7089,39940231,31525651,71465882,2,0,0,37888,13,2696890975
7090,39946310,31702916,71649226,3,0,0,18944,7,4157722173
7091,39946679,31596930,71543609,0,0,0,13312,18,1474406390
7092,39950570,31744071,71694641,3,0,0,20992,7,10195041027
7093,39959160,31412695,71371855,6,0,0,10240,8,5294337663
7094,39959751,31642657,71602408,2,0,0,20992,13,9891161997
7095,39960350,53938345,93898695,9,0,1,11264,17,9797029604
7096,39960529,31455277,71415806,0,0,0,1024,18,8599590473
7097,39964530,53974788,93939318,7,0,1,3584,6,5448897911
7098,39969829,53969512,93939341,4,0,1,9216,13,3513945082
7099,39991470,31666167,71657637,7,0,0,6144,6,9845356504
7100,40002890,31566386,71569276,8,0,0,41472,17,4610543921
7101,40006421,54053787,94060208,8,0,1,9728,17,9538841841
7102,40013139,31664675,71677814,5,0,0,7168,7,5642498171
7103,40021559,31548052,71569611,5,0,0,1024,7,5978191322
7104,40037710,31818049,71855759,1,0,0,14848,9,8209957826
7105,40042250,54056467,94098717,6,0,1,11776,8,872721655
7106,40042381,31511404,71553785,2,0,0,6656,13,8081090661
7107,40045170,32038437,72083607,1,0,0,55808,9,2012808936
7108,40047920,31682077,71729997,9,0,0,45568,17,1915795514
7109,40048450,54052213,94100663,6,0,1,3072,8,7005793858
7110,40051069,31587269,71638338,0,0,0,6144,18,5933711029
7111,40052939,31485211,71538150,0,0,0,12288,18,8497499074
7112,40053451,31892881,71946332,2,0,0,30720,13,850202398
7113,40058440,54117774,94176214,7,0,1,1536,6,3487653299
7114,40076289,31574052,71650341,0,0,0,3584,18,2403505591
7115,40077250,31715841,71793091,3,0,0,19456,7,3404358240
7116,40077380,54103660,94181040,7,0,1,7680,6,8440289875
7117,40080010,31770925,71850935,9,0,0,64000,17,2045254847
7118,40080419,31630026,71710445,0,0,0,17408,18,7429426738
7119,40090620,31831038,71921658,7,0,0,26624,6,9608310288
7120,40093189,54089477,94182666,4,0,1,2560,13,857146523
7121,40096200,31534286,71630486,8,0,0,1536,17,6552870796
7122,40098920,54084732,94183652,9,0,1,1536,17,1883649279
7123,40099220,31811445,71910665,4,0,0,22528,13,4643579323
7124,40102920,31939315,72042235,8,0,0,14336,17,8014666574
7125,40108310,31717760,71826070,4,0,0,11776,13,6716670134
7126,40111010,31647331,71758341,9,0,0,19968,17,6930387776
7127,40111610,31780239,71891849,6,0,0,6144,8,10001039339
7128,40113820,32142013,72255833,8,0,0,17408,17,3462781740
7129,40115321,54068485,94183806,8,0,1,8704,17,5958916135
7130,40115781,31783333,71899114,2,0,0,5120,13,10166986354
7131,40123970,54060822,94184792,9,0,1,1536,17,5598284724
7132,40139100,32186230,72325330,4,0,0,2560,13,3469912534
7133,40142579,31956766,72099345,0,0,0,9728,18,9895926837
7134,40143950,32037626,72181576,3,0,0,16896,7,353448173
7135,40147950,31587611,71735561,8,0,0,512,17,2968489376
7136,40150310,54037388,94187698,5,0,1,4608,7,3185243291
7137,40177379,31734401,71911780,5,0,0,3584,7,3836094024
7138,40204570,32045936,72250506,5,0,0,64512,7,6381035414
7139,40205020,31730366,71935386,5,0,0,6144,7,4154329393
7140,40223230,31865080,72088310,1,0,0,15360,9,7242949092
7141,40226530,53962794,94189324,6,0,1,2560,8,5667765926
7142,40233040,31877561,72110601,1,0,0,7168,9,5429541410
7143,40234340,53955138,94189478,6,0,1,8704,8,10016652787
7144,40237540,32136795,72374335,3,0,0,2048,7,960510234
7145,40246820,31899734,72146554,7,0,0,53760,6,10573051966
7146,40250770,31772067,72022837,5,0,0,2048,7,5990934430
7147,40260510,32157547,72418057,3,0,0,4096,7,5646070481
7148,40267510,31764695,72032205,9,0,0,22016,17,3298634574
7149,40301810,31736034,72037844,5,0,0,18432,7,4244021481
7150,40303190,31855705,72158895,8,0,0,8192,17,5277453639
7151,40308480,31860417,72168897,8,0,0,2048,17,1202661307
7152,40309260,31750882,72060142,1,0,0,2048,9,7694218090
7153,40309430,31877317,72186747,4,0,0,16896,13,8245071948
7154,40316500,32171491,72487991,3,0,0,28160,7,1148189661
7155,40324090,31852315,72176405,9,0,0,19968,17,7261759189
7156,40324491,32343297,72667788,2,0,0,73216,13,10123144720
7157,40331259,31765053,72096312,0,0,0,7168,18,8461061735
7158,40331520,32284345,72615865,7,0,0,78336,6,9273691411
7159,40341600,32215222,72556822,4,0,0,24064,13,8035221676
7160,40347910,31936216,72284126,4,0,0,47616,13,6975425174
7161,40366050,32132493,72498543,8,0,0,17408,17,6319241065
7162,40373360,53856209,94229569,0,0,1,15872,18,10365610734
7163,40387840,31903877,72291717,9,0,0,11776,17,6516908898
7164,40389541,31984147,72373688,2,0,0,43008,13,10668661908
7165,40390550,31996288,72386838,7,0,0,40960,6,10226912931
7166,40394990,53880930,94275920,9,0,1,7680,17,7989376570
7167,40408970,32026981,72435951,4,0,0,17920,13,2514960683
7168,40411680,32180294,72591974,9,0,0,18944,17,3501133134
7169,40416700,32044390,72461090,4,0,0,82432,13,7323784400
7170,40432091,32047297,72479388,2,0,0,16896,13,6969182353
7171,40434190,32040027,72474217,7,0,0,43008,6,5073049591
7172,40444730,53831213,94275943,9,0,1,3072,17,2799583329
7173,40450420,31966366,72416786,7,0,0,22016,6,832171713
7174,40451960,31891621,72343581,9,0,0,13312,17,1759234884
7175,40452910,31850630,72303540,3,0,0,512,7,10095856900
7176,40455060,32038102,72493162,8,0,0,16896,17,1228520312
7177,40464030,32166990,72631020,4,0,0,49664,13,10422447276
7178,40470501,32259208,72729709,2,0,0,4096,13,3778588924
7179,40472990,32249078,72722068,7,0,0,25088,6,1014254047
7180,40473161,54104156,94577317,8,0,1,22016,17,2193850441
7181,40474240,31861475,72335715,8,0,0,6656,17,979399318
7182,40479250,32216518,72695768,8,0,0,35840,17,10115280228
7183,40485790,32013876,72499666,8,0,0,3584,17,10216434417
7184,40490920,54088127,94579047,7,0,1,3072,6,3088188404
7185,40497560,32212271,72709831,8,0,0,46080,17,8310039858
7186,40499330,54141335,94640665,0,0,1,1536,18,4006894730
7187,40504410,32065875,72570285,0,0,0,23552,18,10294728691
7188,40508690,32227291,72735981,7,0,0,512,6,4504984343
7189,40511250,32203151,72714401,1,0,0,2560,9,2307761279
7190,40518160,32127297,72645457,9,0,0,14336,17,7478864012
7191,40527200,32113850,72641050,5,0,0,26112,7,1280686440
7192,40529630,32103441,72633071,4,0,0,6656,13,9039905098
7193,40535451,32328565,72864016,2,0,0,37888,13,3473623124
7194,40535740,32240564,72776304,3,0,0,11776,7,4182445692
7195,40536680,32255718,72792398,3,0,0,41472,7,8777767358
7196,40547010,31985606,72532616,3,0,0,17920,7,1634341610
7197,40551471,32323636,72875107,2,0,0,16384,13,1502320589
7198,40555740,54107542,94663282,1,0,1,9216,9,7813625712
7199,40558430,54105838,94664268,9,0,1,1536,17,3680328965
7200,40559869,32212824,72772693,0,0,0,27648,18,6253584520
7201,40563370,54120444,94683814,6,0,1,2560,8,3275240234
7202,40565309,32410618,72975927,0,0,0,26624,18,2922079441
7203,40573440,32361754,72935194,9,0,0,43520,17,7413161059
7204,40575400,32449746,73025146,4,0,0,31232,13,9312469887
7205,40590710,32189029,72779739,5,0,0,6656,7,8795887956
7206,40591610,32706224,73297834,7,0,0,32768,6,7327224306
7207,40599870,54357808,94957678,6,0,1,26112,8,3435380152
7208,40600839,32366953,72967792,0,0,0,48640,18,6192435713
7209,40603180,32480274,73083454,9,0,0,4608,17,7757670113
7210,40606710,32474046,73080756,3,0,0,12288,7,6437914263
7211,40618490,54339211,94957701,5,0,1,2560,7,6444232556
7212,40618660,32107175,72725835,4,0,0,12288,13,4542035219
7213,40622820,54334904,94957724,6,0,1,14336,8,7842135344
7214,40624879,54425039,95049918,4,0,1,9216,13,7175502468
7215,40626960,32248638,72875598,1,0,0,1536,9,6197387498
7216,40628110,32085488,72713598,9,0,0,12288,17,8021538427
7217,40633530,54416411,95049941,1,0,1,6144,9,4176140880
7218,40642379,32546867,73189246,0,0,0,81920,18,498749103
7219,40644690,32404040,73048730,5,0,0,9216,7,7039633994
7220,40646870,54428576,95075446,7,0,1,15872,6,1193451220
7221,40660530,54523036,95183566,5,0,1,3584,7,4453150719
7222,40676230,32469021,73145251,8,0,0,13824,17,9226050693
7223,40680740,54502980,95183720,0,0,1,8704,18,2429442238
7224,40690910,32429996,73120906,1,0,0,18944,9,7835801911
7225,40695110,32651291,73346401,3,0,0,28672,7,5573042494
7226,40696879,32635592,73332471,0,0,0,44032,18,5875465924
7227,40704380,32377647,73082027,4,0,0,4096,13,3723030861
7228,40704630,32372359,73076989,5,0,0,92672,7,7350833458
7229,40707260,32724934,73432194,3,0,0,1024,7,2823988354
7230,40714440,54470266,95184706,0,0,1,1536,18,1480805516
7231,40715990,54475904,95191894,5,0,1,1024,7,5369764763
7232,40722100,32364592,73086692,3,0,0,6656,7,8188510808
7233,40729333,32521052,73250385,8,0,0,37888,17,2987296103
7234,40735609,32373997,73109606,0,0,0,6656,18,5126367703
7235,40737320,54523671,95260991,5,0,1,6656,7,7225144802
7236,40745780,32729773,73475553,3,0,0,53760,7,591017142
7237,40766820,54503389,95270209,5,0,1,2048,7,5016730871
7238,40768800,32323421,73092221,1,0,0,4608,9,7347219607
7239,40773750,32730761,73504511,9,0,0,40448,17,7258620444
7240,40778161,32459535,73237696,2,0,0,23040,13,10549514013
7241,40781220,32638174,73419394,7,0,0,31232,6,5409811432
7242,40784470,54538228,95322698,3,0,1,10752,7,5052058567
7243,40789369,32527504,73316873,0,0,0,8704,18,6987296518
7244,40796310,32541332,73337642,8,0,0,16896,17,3908768308
7245,40799170,32598210,73397380,4,0,0,49152,13,4434562197
7246,40800600,32790922,73591522,5,0,0,69632,7,2409576147
7247,40806890,32572382,73379272,1,0,0,7680,9,5570865762
7248,40807730,32838609,73646339,3,0,0,4608,7,7184297298
7249,40824980,32906684,73731664,5,0,0,28160,7,6133883129
7250,40826380,32534874,73361254,3,0,0,8704,7,5938392482
7251,40827850,32773702,73601552,4,0,0,21504,13,6305845100
7252,40830340,32685849,73516189,7,0,0,8704,6,10075616214
7253,40833190,32761787,73594977,5,0,0,11264,7,6658805492
7254,40855300,54492369,95347669,9,0,1,2048,17,3898562677
7255,40858550,32582096,73440646,9,0,0,10240,17,9017943834
7256,40858600,54697588,95556188,1,0,1,37888,9,717327353
7257,40862520,32860541,73723061,9,0,0,71680,17,10464850210
7258,40863330,32800217,73663547,5,0,0,5632,7,7366168127
7259,40870750,32660280,73531030,9,0,0,4096,17,9256374438
7260,40875660,32571249,73446909,9,0,0,20480,17,533820518
7261,40876690,32738043,73614733,7,0,0,15360,6,9539792677
7262,40878390,32501529,73379919,3,0,0,2048,7,4480707724
7263,40881620,54675862,95557482,9,0,1,1536,17,7982553700
7264,40886960,32722571,73609531,7,0,0,26112,6,8772009670
7265,40898750,32618398,73517148,5,0,0,3072,7,4452520980
7266,40899199,32871414,73770613,0,0,0,39936,18,1059491473
7267,40915140,54642373,95557513,6,0,1,11776,8,6446387846
7268,40915670,54823996,95739666,0,0,1,21504,18,3636799684
7269,40924960,54859452,95784412,6,0,1,9728,8,2555296479
7270,40934860,32960073,73894933,5,0,0,13312,7,7565149137
7271,40936880,32686845,73623725,3,0,0,20480,7,7526365325
7272,40942121,54935168,95877289,8,0,1,7680,17,889082891
7273,40943760,32995355,73939115,7,0,0,74240,6,5204082177
7274,40956849,33206731,74163580,0,0,0,47616,18,580966180
7275,40963020,32725456,73688476,5,0,0,3584,7,9114748204
7276,40968110,33477528,74445638,3,0,0,153088,7,3153443745
7277,40984770,32916894,73901664,8,0,0,22016,17,6219415170
7278,40984940,32842185,73827125,3,0,0,45568,7,5063945876
7279,40985740,32624282,73610022,4,0,0,1536,13,290548698
7280,40987260,55101765,96089025,7,0,1,9728,6,6206220299
7281,40993560,32879167,73872727,1,0,0,10752,9,9601825751
7282,40994410,33095490,74089900,8,0,0,62464,17,2496310136
7283,41004670,32966129,73970799,5,0,0,25088,7,9050906849
7284,41005729,32862896,73868625,0,0,0,3584,18,6645176705
7285,41010700,33503934,74514634,4,0,0,67072,13,3291658240
7286,41011870,32855640,73867510,8,0,0,80896,17,7712572593
7287,41017180,32873666,73890846,7,0,0,59392,6,9680177120
7288,41019970,32814666,73834636,9,0,0,24576,17,6184180929
7289,41029410,33562394,74591804,9,0,0,84992,17,3525453851
7290,41033720,33590034,74623754,3,0,0,12288,7,2988715027
7291,41034090,32999482,74033572,3,0,0,38912,7,10364651139
7292,41056670,32920392,73977062,4,0,0,20480,13,2533767521
7293,41074770,32880347,73955117,9,0,0,8192,17,2784276253
7294,41080160,55012091,96092251,7,0,1,5120,6,1181636208
7295,41081189,32788239,73869428,0,0,0,2560,18,8183977561
7296,41091619,33030201,74121820,0,0,0,8704,18,2508204210
7297,41092230,32744621,73836851,1,0,0,7168,9,1103248662
7298,41093779,54999240,96093019,4,0,1,11776,13,6297942361
7299,41104331,55010241,96114572,8,0,1,23040,17,7635313990
7300,41109710,32639967,73749677,9,0,0,512,17,9343597175
7301,41120140,32821806,73941946,4,0,0,9216,13,4732033843
7302,41123791,33025258,74149049,2,0,0,53760,13,4004317767
7303,41126340,32986909,74113249,8,0,0,14848,17,9967174098
7304,41126389,33267490,74393879,0,0,0,34816,18,8326823745
7305,41128050,33047425,74175475,1,0,0,11264,9,815175383
7306,41131950,55038283,96170233,1,0,1,25088,9,8386133842
7307,41137050,33204898,74341948,1,0,0,1024,9,6579511767
7308,41144810,33116625,74261435,7,0,0,3072,6,8506494071
7309,41145249,55045629,96190878,4,0,1,1536,13,7095948624
7310,41145930,33058969,74204899,8,0,0,12800,17,9046858288
7311,41149430,32956896,74106326,4,0,0,52224,13,3198148146
7312,41150530,32939861,74090391,9,0,0,1536,17,6825125812
7313,41152960,32969507,74122467,7,0,0,2048,6,92697060
7314,41158940,32854834,74013774,8,0,0,8704,17,2993643017
7315,41165451,55067785,96233236,8,0,1,12800,17,8974000271
7316,41168050,33538293,74706343,7,0,0,57856,6,4386138401
7317,41171360,55062644,96234004,9,0,1,11776,17,6064003704
7318,41174689,33199888,74374577,0,0,0,7168,18,335615577
7319,41176960,33164653,74341613,9,0,0,66048,17,2257098320
7320,41177009,33192023,74369032,0,0,0,14848,18,221648635
7321,41179031,33468651,74647682,2,0,0,25088,13,1047654334
7322,41182120,33300423,74482543,1,0,0,21504,9,330363050
7323,41188669,33175793,74364462,0,0,0,36864,18,10383830681
7324,41190400,33276188,74466588,3,0,0,39424,7,2743386033
7325,41244240,55062192,96306432,6,0,1,9216,8,1005217303
7326,41245390,55061065,96306455,9,0,1,1536,17,1766092910
7327,41247800,33062538,74310338,4,0,0,8704,13,8221259047
7328,41251950,33436742,74688692,3,0,0,17408,7,8734383055
7329,41254780,33503218,74757998,9,0,0,16896,17,7001836996
7330,41256949,33237226,74494175,0,0,0,18944,18,3427140694
7331,41258710,33350433,74609143,9,0,0,56832,17,10380669832
7332,41261340,33193213,74454553,7,0,0,29184,6,8410137575
7333,41267669,33540753,74808422,0,0,0,26112,18,4431877567
7334,41279040,33276465,74555505,1,0,0,9216,9,1919027708
7335,41285380,55028031,96313411,5,0,1,12288,7,8610776289
7336,41286529,33342396,74628925,0,0,0,16896,18,5426565076
7337,41290040,55058883,96348923,0,0,1,14848,18,5249552651
7338,41293170,55069261,96362431,7,0,1,5120,6,5972771369
7339,41295950,33603489,74899439,8,0,0,39424,17,2595853378
7340,41300230,33361315,74661545,5,0,0,18432,7,2389614084
7341,41314130,33202938,74517068,7,0,0,1024,6,4194012961
7342,41314170,55059311,96373481,1,0,1,8192,9,1194202031
7343,41319250,33396788,74716038,7,0,0,31744,6,9288316536
7344,41322730,55204555,96527285,5,0,1,20480,7,3092833342
7345,41323900,33848249,75172149,8,0,0,35328,17,8665250171
7346,41330060,33489378,74819438,4,0,0,16896,13,4981438165
7347,41336721,55192510,96529231,8,0,1,3072,17,5955304819
7348,41336920,33589546,74926466,1,0,0,17920,9,9705057409
7349,41349770,33471407,74821177,9,0,0,5632,17,4540283577
7350,41364740,33742821,75107561,7,0,0,93696,6,7677336421
7351,41365340,33814320,75179660,4,0,0,24576,13,28500844
7352,41372600,55161457,96534057,7,0,1,7680,6,8380545118
7353,41372990,33533277,74906267,1,0,0,11264,9,1284848577
7354,41378300,33645561,75023861,3,0,0,23040,7,4163853739
7355,41383370,55220003,96603373,7,0,1,16896,6,2333262276
7356,41390910,55214592,96605502,6,0,1,4608,8,6429015180
7357,41394041,55267633,96661674,8,0,1,1536,17,5676494988
7358,41399930,33438081,74838011,9,0,0,5632,17,9205863052
7359,41407631,33656538,75064169,2,0,0,20480,13,390322060
7360,41412619,33545347,74957966,0,0,0,20480,18,3964779147
7361,41415320,55246377,96661697,1,0,1,5120,9,1925756710
7362,41415490,33471914,74887404,8,0,0,40960,17,7467849211
7363,41420380,33512996,74933376,9,0,0,3072,17,5097223505
7364,41428400,33369274,74797674,4,0,0,9728,13,8161901373
7365,41433600,55251176,96684776,7,0,1,22528,6,7951857967
7366,41443560,33626726,75070286,5,0,0,6656,7,9503775485
7367,41449150,33491893,74941043,9,0,0,25088,17,443821810
7368,41449750,33514011,74963761,9,0,0,18944,17,4669334342
7369,41450731,55343785,96794516,8,0,1,5120,17,2452133805
7370,41453540,33368284,74821824,3,0,0,2048,7,8441194876
7371,41455881,33560677,75016558,2,0,0,16896,13,6832133223
7372,41455890,33476527,74932417,7,0,0,19456,6,1590304797
7373,41458860,33856052,75314912,8,0,0,12288,17,3925417103
7374,41466750,33571970,75038720,1,0,0,10752,9,6434528820
7375,41473220,33447394,74920614,3,0,0,7680,7,3823502140
7376,41476320,33660592,75136912,7,0,0,31744,6,364181863
7377,41478330,33763520,75241850,7,0,0,8704,6,4477644091
7378,41480229,33708346,75188575,0,0,0,29184,18,8777799408
7379,41484110,33662536,75146646,7,0,0,8704,6,6089408872
7380,41487630,34061606,75549236,8,0,0,43520,17,4538417406
7381,41487741,55367580,96855321,8,0,1,1024,17,10609362796
7382,41488159,55367185,96855344,4,0,1,10752,13,8788870177
7383,41493070,33618726,75111796,8,0,0,13824,17,3340473802
7384,41509040,33730135,75239175,1,0,0,7168,9,8563345880
7385,41513450,33860153,75373603,3,0,0,34304,7,5524370234
7386,41519570,33702863,75222433,5,0,0,3072,7,7575165048
7387,41528280,33824341,75352621,7,0,0,31744,6,10634349804
7388,41529010,33598207,75127217,9,0,0,31232,17,4805110827
7389,41531460,33687323,75218783,4,0,0,28160,13,9489953060
7390,41532060,33609207,75141267,8,0,0,1024,17,4191825842
7391,41538000,34065688,75603688,9,0,0,59904,17,6442621582
7392,41555860,33519010,75074870,5,0,0,1536,7,3306418433
7393,41555920,55303994,96859914,0,0,1,4608,18,2394722626
7394,41558980,33552995,75111975,1,0,0,512,9,2705051570
7395,41561860,33891976,75453836,6,0,0,12288,8,4469733743
7396,41569256,33712940,75282196,5,0,0,35328,7,5098296403
7397,41571030,33888993,75460023,4,0,0,512,13,1829014847
7398,41573580,33871015,75444595,4,0,0,105984,13,6997475522
7399,41584100,55298666,96882766,1,0,1,5120,9,1083573030
7400,41587560,33858150,75445710,8,0,0,3584,17,8022053740
7401,41588350,34389454,75977804,1,0,0,49152,9,5645203577
7402,41607039,33664370,75271409,0,0,0,8192,18,10373833271
7403,41607510,55276024,96883534,6,0,1,11776,8,6746605374
7404,41620049,34189164,75809213,0,0,0,18944,18,4026245611
7405,41625330,34042589,75667919,4,0,0,31232,13,1037842161
7406,41627959,33856200,75484159,0,0,0,11776,18,9210927176
7407,41634380,55259098,96893478,5,0,1,3584,7,10453839723
7408,41648510,55247234,96895744,2,0,1,3584,13,702517491
7409,41649530,55361985,97011515,5,0,1,23040,7,7660449113
7410,41667660,34155772,75823432,5,0,0,46592,7,6377338300
7411,41690120,33968260,75658380,1,0,0,33280,9,7360379516
7412,41691890,34105398,75797288,3,0,0,95744,7,5302299345
7413,41703210,34004751,75707961,3,0,0,1024,7,7576567439
7414,41705720,56501814,98207534,1,0,1,357888,9,2032784416
7415,41708510,34193748,75902258,7,0,0,29184,6,8323265173
7416,41708751,33939466,75648217,2,0,0,72704,13,8252203369
7417,41719221,34216671,75935892,2,0,0,40448,13,7875144453
7418,41719400,56507992,98227392,0,0,1,5120,18,1136196417
7419,41725081,56540692,98265773,8,0,1,8192,17,8653327732
7420,41729101,34163121,75892222,2,0,0,1024,13,8034127541
7421,41741400,34004497,75745897,9,0,0,16384,17,2069968963
7422,41751310,33874732,75626042,5,0,0,66560,7,5400433579
7423,41764110,34324455,76088565,1,0,0,29696,9,3317016778
7424,41768470,34177429,75945899,3,0,0,32768,7,10465397563
7425,41771600,33834139,75605739,8,0,0,6656,17,528158159
7426,41771960,34110897,75882857,1,0,0,86528,9,8049160682
7427,41774010,33916213,75690223,3,0,0,15360,7,5334280801
7428,41782971,33900707,75683678,2,0,0,10752,13,1047265855
7429,41784050,33956832,75740882,3,0,0,26112,7,2683408685
7430,41784870,34263452,76048322,8,0,0,12288,17,8685915831
7431,41785290,33982803,75768093,7,0,0,31744,6,7109793142
7432,41787770,33892609,75680379,3,0,0,5632,7,4045774641
7433,41788990,33939155,75728145,3,0,0,30208,7,9957281330
7434,41805940,56474398,98280338,6,0,1,11264,8,9366668528
7435,41810340,34357437,76167777,8,0,0,49152,17,4282040518
7436,41821680,33979219,75800899,9,0,0,11776,17,1810249867
7437,41823979,33979439,75803418,0,0,0,8192,18,10352122521
7438,41824991,34077758,75902749,2,0,0,1536,13,4166773188
7439,41825660,34065979,75891639,8,0,0,27648,17,3699958621
7440,41831951,56466480,98298431,8,0,1,3584,17,4264181396
7441,41841880,34050007,75891887,9,0,0,512,17,4803718551
7442,41845600,34192483,76038083,8,0,0,17920,17,9511873065
7443,41867610,34083030,75950640,5,0,0,8192,7,3341325826
7444,41876180,33967116,75843296,5,0,0,8192,7,1650014659
7445,41880080,34003112,75883192,5,0,0,1024,7,1743975665
7446,41880340,34327344,76207684,4,0,0,3072,13,7794639296
7447,41889299,34523432,76412731,0,0,0,12288,18,5449854932
7448,41901800,56783322,98685122,1,0,1,130560,9,4569123172
7449,41910640,56826887,98737527,5,0,1,4096,7,7025617439
7450,41913260,56824290,98737550,5,0,1,9728,7,8159550517
7451,41915809,34379271,76295080,0,0,0,51712,18,3922208508
7452,41916101,34161654,76077755,2,0,0,46592,13,5543024247
7453,41916971,34229637,76146608,2,0,0,50176,13,8994571298
7454,41917810,56866539,98784349,5,0,1,3584,7,5832671146
7455,41922399,34246337,76168736,0,0,0,3072,18,7832187423
7456,41927530,34522794,76450324,9,0,0,16896,17,791576021
7457,41960969,34262650,76223619,0,0,0,52224,18,6901075554
7458,41963250,34116244,76079494,3,0,0,5632,7,7807555087
7459,41974720,56810807,98785527,7,0,1,13824,6,7422915937
7460,41980310,34345259,76325569,8,0,0,27136,17,3880435786
7461,41987211,34219514,76206725,2,0,0,78336,13,3344690716
7462,41994801,56857368,98852169,8,0,1,5632,17,2775385136
7463,41997490,34172205,76169695,5,0,0,3072,7,3421306600
7464,42003530,56852185,98855715,7,0,1,5632,6,4915551748
7465,42008670,34260003,76268673,9,0,0,30208,17,6386661077
7466,42010899,34687170,76698069,0,0,0,28160,18,838952371
7467,42015660,34521262,76536922,3,0,0,9216,7,2828512364
7468,42018200,34110734,76128934,9,0,0,16896,17,10655990283
7469,42024930,34378060,76402990,1,0,0,25600,9,4999492921
7470,42038751,34108504,76147255,2,0,0,2048,13,6078162199
7471,42049830,34276542,76326372,9,0,0,2560,17,8340999178
7472,42055140,34454570,76509710,7,0,0,59904,6,9906381580
7473,42062290,34069007,76131297,4,0,0,7680,13,7020736224
7474,42064890,56823669,98888559,6,0,1,16384,8,2401830925
7475,42067200,34736289,76803489,9,0,0,78336,17,4318207239
7476,42076610,56877352,98953962,5,0,1,7168,7,5817222029
7477,42077130,57540825,99617955,1,0,1,148480,9,5365190260
7478,42077180,34149582,76226762,3,0,0,10240,7,8139448599
7479,42079950,34173627,76253577,8,0,0,20992,17,7427450286
7480,42086000,34085434,76171434,3,0,0,5632,7,1363224476
7481,42087990,57579174,99667164,9,0,1,3072,17,5500295044
7482,42090150,34215873,76306023,8,0,0,35840,17,2991101318
7483,42107320,34301621,76408941,9,0,0,19456,17,7585439502
7484,42110160,34133888,76244048,1,0,0,7680,9,5971959539
7485,42114970,34432124,76547094,1,0,0,28672,9,6179222254
7486,42123740,34193538,76317278,8,0,0,36864,17,8795096544
7487,42125570,34246417,76371987,8,0,0,10240,17,5330125519
7488,42137960,34244948,76382908,7,0,0,10240,6,10118178338
7489,42140280,57657460,99797740,1,0,1,114688,9,4696111223
7490,42141610,34282530,76424140,8,0,0,24576,17,8870778404
7491,42150770,34340665,76491435,7,0,0,43008,6,4219882558
7492,42163090,34853458,77016548,9,0,0,28672,17,6259334756
7493,42170660,57648380,99819040,5,0,1,6144,7,10400155720
7494,42170831,34718398,76889229,2,0,0,14336,13,4156726615
7495,42181030,34171060,76352090,1,0,0,1536,9,1742471208
7496,42182690,34650866,76833556,4,0,0,91136,13,10046601740
7497,42184200,34534586,76718786,7,0,0,37376,6,5434752818
7498,42189530,34162069,76351599,4,0,0,18944,13,10554740659
7499,42196350,34557363,76753713,3,0,0,3584,7,4789874778
7500,42204389,34257311,76461700,0,0,0,18944,18,10104349652
7501,42217169,34454203,76671372,0,0,0,12800,18,9203357457
7502,42219230,34411833,76631063,4,0,0,30208,13,2198117238
7503,42219980,34292474,76512454,8,0,0,8704,17,4079154317
7504,42224220,34547949,76772169,9,0,0,8704,17,4723986744
7505,42228420,34953698,77182118,5,0,0,49152,7,8891244341
7506,42236160,34410276,76646436,5,0,0,1536,7,8292087328
7507,42251120,34427905,76679025,3,0,0,3584,7,4300354054
7508,42267660,34672845,76940505,4,0,0,24576,13,5578332978
7509,42284790,34422585,76707375,6,0,0,14848,8,9039973344
7510,42296229,34426792,76723021,0,0,0,13824,18,8494636551
7511,42297160,34240338,76537498,1,0,0,1024,9,6023177072
7512,42301270,34249591,76550861,5,0,0,12288,7,7530853316
7513,42311930,57508242,99820172,6,0,1,4096,8,4901610994
7514,42317460,34713619,77031079,8,0,0,47616,17,3500812875
7515,42323280,34561558,76884838,4,0,0,58368,13,6118483883
7516,42323430,34910614,77234044,7,0,0,4096,6,3839361306
7517,42326130,34515569,76841699,1,0,0,26624,9,4735488080
7518,42330731,34724505,77055236,2,0,0,3072,13,8459357067
7519,42341630,34726663,77068293,8,0,0,8192,17,4607311681
7520,42342530,57482148,99824678,6,0,1,7168,8,537835866
7521,42345270,34303355,76648625,6,0,0,1024,8,6736925591
7522,42346441,34459278,76805719,2,0,0,7168,13,5880204732
7523,42347810,35304487,77652297,9,0,0,60416,17,8638259098
7524,42350200,34626076,76976276,1,0,0,22528,9,4743524459
7525,42354389,34757133,77111522,0,0,0,31744,18,10222269292
7526,42359140,34391118,76750258,5,0,0,2048,7,67538963
7527,42359620,34487250,76846870,4,0,0,16896,13,8912280029
7528,42361450,34632330,76993780,6,0,0,8192,8,6578721531
7529,42364820,57462444,99827264,7,0,1,4096,6,10111385784
7530,42374350,34475975,76850325,1,0,0,11264,9,4455615004
7531,42375470,34911985,77287455,5,0,0,51200,7,6645221483
7532,42377510,57467211,99844721,1,0,1,18944,9,1766590076
7533,42381990,34469450,76851440,3,0,0,3584,7,3626342889
7534,42394250,34564147,76958397,3,0,0,7680,7,1932863301
7535,42397540,34769579,77167119,9,0,0,79360,17,4382196403
7536,42407709,57437358,99845067,4,0,1,512,13,898130203
7537,42421660,34566056,76987716,9,0,0,33280,17,5798430455
7538,42422411,35432266,77854677,2,0,0,49664,13,6463330016
7539,42427290,34833006,77260296,1,0,0,38400,9,8439130363
7540,42429620,34987875,77417495,8,0,0,25088,17,6443620129
7541,42430009,34767957,77197966,0,0,0,48128,18,3790750693
7542,42432980,35274013,77706993,9,0,0,15872,17,3381811437
7543,42436320,57409618,99845938,5,0,1,12288,7,3864699063
7544,42445159,57431769,99876928,4,0,1,7680,13,4564918922
7545,42451280,34777736,77229016,7,0,0,12800,6,9366853393
7546,42451449,34670193,77121642,0,0,0,23040,18,7119858954
7547,42456750,57420201,99876951,5,0,1,3584,7,8346108411
7548,42458640,57467398,99926038,6,0,1,36864,8,7026750600
7549,42466561,34865670,77332231,2,0,0,10752,13,5268775740
7550,42478340,35062127,77540467,1,0,0,15872,9,3567328754
7551,42479290,34742856,77222146,9,0,0,35840,17,9332875335
7552,42480950,34784410,77265360,4,0,0,4608,13,2124591912
7553,42486150,35103671,77589821,7,0,0,52224,6,7795851668
7554,42489630,57455742,99945372,9,0,1,14848,17,9382982875
7555,42495290,34828357,77323647,8,0,0,24064,17,9215635144
7556,42498150,34828016,77326166,4,0,0,8192,13,194563866
7557,42502470,35001588,77504058,7,0,0,10752,6,7176776416
7558,42506230,57494445,100000675,0,0,1,17408,18,6754586477
7559,42512150,35023435,77535585,1,0,0,96768,9,10351709721
7560,42514960,35382730,77897690,7,0,0,16384,6,2151392480
7561,42520050,35812085,78332135,3,0,0,48128,7,392892325
7562,42521679,34955348,77477027,0,0,0,15872,18,9300959429
7563,42526869,35137665,77664534,0,0,0,39936,18,10346538964
7564,42535401,57479887,100015288,8,0,1,1536,17,4950175654
7565,42536540,34873288,77409828,3,0,0,35328,7,913061304
7566,42540320,35739978,78280298,3,0,0,4608,7,4906745354
7567,42541760,34821579,77363339,3,0,0,19456,7,1286026373
7568,42549350,34738440,77287790,5,0,0,1024,7,5621391434
7569,42553790,34986856,77540646,9,0,0,512,17,2744195915
7570,42554560,35319484,77874044,9,0,0,63488,17,6243877329
7571,42561060,35258024,77819084,1,0,0,56320,9,2425332635
7572,42565860,34771579,77337439,7,0,0,7680,6,6274662706
7573,42578920,57436391,100015311,6,0,1,512,8,8558341533
7574,42587381,35004179,77591560,2,0,0,5632,13,1287880529
7575,42591299,57424035,100015334,4,0,1,8704,13,4797987423
7576,42601271,34952346,77553617,2,0,0,42496,13,1368641665
7577,42605740,35012421,77618161,1,0,0,16384,9,2244031630
7578,42612960,35000186,77613146,9,0,0,5120,17,1177975691
7579,42613600,35064055,77677655,4,0,0,12800,13,5885781720
7580,42618681,35146685,77765366,2,0,0,45056,13,7730553885
7581,42626659,35088945,77715604,0,0,0,28160,18,7186914203
7582,42637189,35294023,77931212,0,0,0,8704,18,5604823228
7583,42640920,35032790,77673710,1,0,0,3584,9,8138718585
7584,42647079,34857782,77504861,0,0,0,2560,18,1021766720
7585,42649730,35770652,78420382,3,0,0,8192,7,5885297161
7586,42649990,57365367,100015357,7,0,1,9728,6,5105167527
7587,42654579,34955222,77609801,0,0,0,22016,18,3986886823
7588,42656870,57371403,100028273,6,0,1,3584,8,7738200066
7589,42662610,35257431,77920041,1,0,0,26112,9,9302100299
7590,42672050,57365005,100037055,5,0,1,5632,7,8657144787
7591,42673179,35219496,77892675,0,0,0,22016,18,4450809058
7592,42674220,34937320,77611540,1,0,0,5632,9,9544517672
7593,42675060,35305202,77980262,9,0,0,12288,17,4304195000
7594,42678570,35144749,77823319,8,0,0,13824,17,2432039422
7595,42680000,35338735,78018735,8,0,0,36352,17,9291926826
7596,42680791,35353099,78033890,2,0,0,49664,13,4844304046
7597,42687730,35411765,78099495,8,0,0,23040,17,6091478029
7598,42697870,35271691,77969561,4,0,0,6144,13,6478208837
7599,42697890,35375420,78073310,3,0,0,70656,7,5387065550
7600,42701310,35566339,78267649,5,0,0,34816,7,4957393554
7601,42706840,35342750,78049590,3,0,0,8704,7,145230899
7602,42707400,35592744,78300144,5,0,0,11264,7,8711049415
7603,42707870,35339045,78046915,4,0,0,22528,13,7077719197
7604,42714620,35435173,78149793,8,0,0,36864,17,7261068365
7605,42716170,35480851,78197021,4,0,0,4608,13,6910592998
7606,42716920,35954646,78671566,8,0,0,108544,17,1767685010
7607,42718830,36323691,79042521,3,0,0,45568,7,4671782163
7608,42720790,35815927,78536717,1,0,0,92672,9,5380669855
7609,42731510,36142664,78874174,9,0,0,17920,17,8016058151
7610,42736180,35542435,78278615,1,0,0,35840,9,5253446888
7611,42741031,35452356,78193387,2,0,0,31232,13,6812224988
7612,42742650,35182874,77925524,1,0,0,17920,9,7113408795
7613,42747600,35292428,78040028,6,0,0,14336,8,1749080724
7614,42748200,35538361,78286561,8,0,0,20480,17,5956996688
7615,42749660,35626294,78375954,1,0,0,22016,9,3979317207
7616,42751820,36055256,78807076,9,0,0,30720,17,2626653241
7617,42764020,35744438,78508458,3,0,0,61440,7,9607292544
7618,42772860,35101831,77874691,4,0,0,2048,13,2564596125
7619,42772970,57285725,100058695,6,0,1,4096,8,2119085148
7620,42773740,57341984,100115724,6,0,1,11776,8,9449900331
7621,42778590,57465378,100243968,7,0,1,18944,6,3215041598
7622,42785060,35573171,78358231,1,0,0,41472,9,4498198115
7623,42785600,35628028,78413628,9,0,0,23552,17,9956389621
7624,42787640,57458274,100245914,9,0,1,3072,17,2941449409
7625,42792690,35142913,77935603,6,0,0,14336,8,9892111261
7626,42793170,35994146,78787316,6,0,0,90112,8,1478451358
7627,42795430,35491622,78287052,3,0,0,1536,7,4053541647
7628,42803940,35278770,78082710,7,0,0,2048,6,7538014377
7629,42811790,57456282,100268072,9,0,1,41472,17,1546133378
7630,42813730,35749643,78563373,3,0,0,4608,7,7724686006
7631,42815451,35875160,78690611,2,0,0,2560,13,3249499353
7632,42834530,35749358,78583888,8,0,0,53760,17,7220017782
7633,42834840,35417319,78252159,7,0,0,44032,6,4182158111
7634,42839261,35196376,78035637,2,0,0,5632,13,8456341000
7635,42841390,35342458,78183848,3,0,0,18944,7,2502012634
7636,42862050,35877828,78739878,3,0,0,19968,7,9092081601
7637,42863830,57430999,100294829,0,0,1,7680,18,7267870745
7638,42871829,57490612,100362441,4,0,1,1536,13,2200822604
7639,42876191,35402680,78278871,2,0,0,512,13,6582931649
7640,42876650,35541213,78417863,1,0,0,13824,9,4969155368
7641,42886691,36212143,79098834,2,0,0,3072,13,7212693046
7642,42891580,35304014,78195594,8,0,0,7168,17,7482409261
7643,42896450,36655448,79551898,1,0,0,30720,9,2305474566
7644,42906510,35350508,78257018,6,0,0,15872,8,8371667041
7645,42911290,35847091,78758381,5,0,0,4096,7,241864713
7646,42915190,35772247,78687437,5,0,0,6656,7,4968786263
7647,42919180,57456834,100376014,1,0,1,1536,9,6849854939
7648,42922830,36000899,78923729,9,0,0,28160,17,3472719098
7649,42923120,35685820,78608940,6,0,0,7168,8,10329465584
7650,42928050,36287067,79215117,8,0,0,19968,17,7234618926
7651,42939500,35366782,78306282,1,0,0,512,9,4438481764
7652,42953489,35736311,78689800,0,0,0,7680,18,2942693854
7653,42958800,35510742,78469542,3,0,0,13824,7,1096218159
7654,42988641,35399662,78388303,2,0,0,34304,13,277822834
7655,42993190,35545266,78538456,7,0,0,5632,6,10688459335
7656,42993649,57387191,100380840,4,0,1,7680,13,4336074211
7657,42994990,35454396,78449386,4,0,0,6656,13,9784827596
7658,42997810,35687576,78685386,8,0,0,10752,17,4636773188
7659,43002260,35426319,78428579,1,0,0,6656,9,3392819026
7660,43003040,36004324,79007364,6,0,0,23552,8,6623181825
7661,43005300,35960555,78965855,3,0,0,98304,7,6706503521
7662,43015451,35586735,78602186,2,0,0,57344,13,5092922215
7663,43023130,57456806,100479936,0,0,1,26112,18,223343601
7664,43024970,35613493,78638463,1,0,0,96768,9,2203113258
7665,43032599,35647125,78679724,0,0,0,26112,18,6870042983
7666,43046540,35503297,78549837,5,0,0,512,7,579960506
7667,43052660,35704450,78757110,1,0,0,8192,9,5363354867
7668,43053100,35628987,78682087,7,0,0,7680,6,10123115120
7669,43054381,36140274,79194655,2,0,0,512,13,3744605696
7670,43062350,35396745,78459095,4,0,0,27136,13,4237474939
7671,43067581,35517110,78584691,2,0,0,2560,13,3419682479
7672,43068310,35678946,78747256,8,0,0,7680,17,9175965985
7673,43075140,35812677,78887817,1,0,0,2048,9,8583807192
7674,43076820,35805501,78882321,6,0,0,9216,8,1222563761
7675,43079840,36216975,79296815,8,0,0,22016,17,4234469119
7676,43085250,35521483,78606733,1,0,0,14848,9,787011678
7677,43088730,35583015,78671745,9,0,0,512,17,8433650558
7678,43089410,35998701,79088111,3,0,0,92672,7,7616490149
7679,43105030,57598576,100703606,0,0,1,29696,18,6191352607
7680,43118550,35626343,78744893,8,0,0,16384,17,4038660094
7681,43123419,57668383,100791802,4,0,1,8192,13,3730204928
7682,43130701,35869129,78999830,2,0,0,104448,13,1222936026
7683,43132220,36155630,79287850,8,0,0,14336,17,3418617041
7684,43146391,36040015,79186406,2,0,0,79360,13,7619787410
7685,43151259,35681985,78833244,0,0,0,7680,18,9387112136
7686,43165450,36238303,79403753,1,0,0,54272,9,1000928524
7687,43167991,57713331,100881322,8,0,1,512,17,9370392083
7688,43172790,36606800,79779590,6,0,0,36352,8,7696794115
7689,43173590,35840536,79014126,3,0,0,9216,7,416517650
7690,43174120,36648724,79822844,6,0,0,8192,8,4208821527
7691,43184430,36349277,79533707,5,0,0,15872,7,10042809834
7692,43199500,35895186,79094686,1,0,0,21504,9,8815314224
7693,43203280,57693509,100896789,9,0,1,18944,17,6076617661
7694,43203411,57698131,100901542,8,0,1,5632,17,7779603644
7695,43206661,35729196,78935857,2,0,0,30720,13,9047321163
7696,43219181,57682515,100901696,8,0,1,8704,17,10189942494
7697,43227479,35910782,79138261,0,0,0,2048,18,4756358765
7698,43229730,35785355,79015085,9,0,0,3072,17,687833331
7699,43230721,35963755,79194476,2,0,0,24064,13,9932387728
7700,43233950,57672691,100906641,9,0,1,13824,17,2967830661
7701,43249240,35750925,79000165,3,0,0,1024,7,2687742379
7702,43252771,36022663,79275434,2,0,0,51712,13,8603349379
7703,43253000,35714952,78967952,9,0,0,6656,17,2174839682
7704,43254890,35868661,79123551,5,0,0,23040,7,9328943139
7705,43260710,36264540,79525250,6,0,0,17408,8,6438939329
7706,43262770,35616318,78879088,8,0,0,10240,17,3862074753
7707,43264660,36106650,79371310,3,0,0,19968,7,8885076259
7708,43264830,35746457,79011287,9,0,0,12800,17,7925988822
7709,43273970,36296945,79570915,8,0,0,7168,17,1791248307
7710,43277649,35859965,79137614,0,0,0,46080,18,7369236359
7711,43299050,35846251,79145301,4,0,0,2560,13,5223683890
7712,43303670,35794205,79097875,6,0,0,3584,8,4479657832
7713,43305380,36874697,80180077,4,0,0,6144,13,564370169
7714,43315910,35834409,79150319,3,0,0,3584,7,5929926043
7715,43316070,36667981,79984051,5,0,0,89600,7,8533810793
7716,43321311,35775449,79096760,2,0,0,6656,13,643626185
7717,43323020,35895864,79218884,1,0,0,12288,9,1046193247
7718,43324080,36181545,79505625,1,0,0,17408,9,3093263600
7719,43324700,57585487,100910187,7,0,1,5632,6,5165333074
7720,43327750,35997526,79325276,7,0,0,24064,6,5453690999
7721,43345060,36718454,80063514,9,0,0,27136,17,5089934569
7722,43347700,36333190,79680890,7,0,0,11776,6,10628320441
7723,43350601,57561212,100911813,8,0,1,2560,17,4759715143
7724,43354410,35929026,79283436,7,0,0,26112,6,1901408805
7725,43368181,35942935,79311116,2,0,0,17920,13,1706449294
7726,43375411,35989792,79365203,2,0,0,95232,13,9514508288
7727,43379520,57562734,100942254,9,0,1,4096,17,10657077523
7728,43382710,36103402,79486112,5,0,0,8704,7,10165662038
7729,43389030,36605652,79994682,7,0,0,34816,6,6196495067
7730,43398780,37340785,80739565,9,0,0,106496,17,5919974662
7731,43399880,36011852,79411732,8,0,0,26112,17,5245636213
7732,43401520,36021672,79423192,6,0,0,7680,8,4540787735
7733,43405730,57619405,101025135,9,0,1,19968,17,8008832086
7734,43415620,36017470,79433090,8,0,0,17408,17,7424379805
7735,43427020,36506106,79933126,4,0,0,96256,13,4313490356
7736,43432240,37116698,80548938,7,0,0,7680,6,2169070604
7737,43435461,35936028,79371489,2,0,0,512,13,5132955168
7738,43453540,57587219,101040759,5,0,1,20480,7,6345530440
7739,43466570,35869266,79335836,9,0,0,11776,17,6623590487
7740,43468160,36108385,79576545,8,0,0,8192,17,4247464938
7741,43475270,36860308,80335578,7,0,0,20480,6,5369311454
7742,43481480,36168157,79649637,8,0,0,23552,17,1565611371
7743,43482220,36297705,79779925,7,0,0,1024,6,7434023179
7744,43482880,57569298,101052178,6,0,1,3584,8,9399345100
7745,43483240,36098470,79581710,3,0,0,13824,7,7169715824
7746,43485970,36138556,79624526,6,0,0,13312,8,4465163961
7747,43497539,36055942,79553481,0,0,0,5120,18,1570333204
7748,43502780,36534869,80037649,1,0,0,19456,9,8631043019
7749,43502891,36218195,79721086,2,0,0,28672,13,5793667797
7750,43507550,36666218,80173768,5,0,0,14336,7,5803653578
7751,43509920,36258571,79768491,7,0,0,87552,6,8098439574
7752,43510550,57544214,101054764,1,0,1,4096,9,4656860253
7753,43518260,36489728,80007988,7,0,0,42496,6,6929964913
7754,43529150,36640227,80169377,3,0,0,67072,7,5111768355
7755,43534011,57521419,101055430,8,0,1,1024,17,2354736606
7756,43544160,36474802,80018962,9,0,0,26624,17,4631386909
7757,43548640,36398081,79946721,5,0,0,44544,7,4483058360
7758,43550460,36294401,79844861,8,0,0,2560,17,716143780
7759,43560120,36742909,80303029,8,0,0,18432,17,1331211774
7760,43567490,36464208,80031698,9,0,0,20992,17,4274442549
7761,43576011,36551649,80127660,2,0,0,39936,13,5631682052
7762,43576660,36135667,79712327,8,0,0,47616,17,82161266
7763,43578200,36471737,80049937,7,0,0,6656,6,389020864
7764,43582441,36141039,79723480,2,0,0,2560,13,7230975181
7765,43583630,57474386,101058016,0,0,1,4096,18,4271833295
7766,43598500,35970208,79568708,9,0,0,7680,17,4035807423
7767,43601360,57464065,101065425,0,0,1,5120,18,9612244443
7768,43610269,37212737,80823006,0,0,0,86016,18,447883936
7769,43610390,36384627,79995017,6,0,0,1024,8,6526919001
7770,43610530,36686837,80297367,9,0,0,62976,17,1064076156
7771,43629199,35924461,79553660,0,0,0,512,18,7623020413
7772,43630300,57572809,101203109,5,0,1,31232,7,2085882026
7773,43638410,36386869,80025279,6,0,0,17920,8,6386663833
7774,43639070,57686480,101325550,9,0,1,2048,17,7342130562
7775,43645871,36613217,80259088,2,0,0,13312,13,1419864053
7776,43648180,36172145,79820325,6,0,0,14336,8,4442332781
7777,43652440,36707443,80359883,8,0,0,34304,17,4897375723
7778,43674100,36336719,80010819,1,0,0,9216,9,6561209532
7779,43684570,36038107,79722677,5,0,0,5120,7,8092463006
7780,43691740,36264988,79956728,8,0,0,32768,17,1336847697
7781,43699080,57742268,101441348,6,0,1,51200,8,2877420856
7782,43703100,36611028,80314128,1,0,0,36352,9,1134363862
7783,43705049,36528543,80233592,0,0,0,108032,18,8357510207
7784,43705960,57755660,101461620,5,0,1,2560,7,10385478965
7785,43711760,57749883,101461643,6,0,1,5632,8,2688544228
7786,43713389,36364812,80078201,0,0,0,48128,18,9754771927
7787,43716740,36323116,80039856,9,0,0,7168,17,4083764558
7788,43722420,57881909,101604329,1,0,1,5120,9,9447557347
7789,43729670,57910284,101639954,7,0,1,8192,6,1416358931
7790,43729720,36448439,80178159,7,0,0,14336,6,5111887898
7791,43731170,36705788,80436958,5,0,0,11776,7,9722700975
7792,43734030,36102683,79836713,7,0,0,1024,6,9216672685
7793,43738420,36889722,80628142,5,0,0,29184,7,1786545364
7794,43745630,36497680,80243310,6,0,0,28672,8,7515221283
7795,43746560,36867496,80614056,8,0,0,60928,17,4219289366
7796,43753870,57888314,101642184,1,0,1,5120,9,3140909173
7797,43756410,37262574,81018984,8,0,0,42496,17,10130210794
7798,43762720,36670619,80433339,1,0,0,26112,9,1629110790
7799,43769630,36771631,80541261,7,0,0,1024,6,363367374
7800,43772851,36887519,80660370,2,0,0,8192,13,909493529
7801,43780770,36971086,80751856,7,0,0,25600,6,6902793151
7802,43784370,36639719,80424089,5,0,0,27136,7,9791226050
7803,43788620,37581886,81370506,4,0,0,38400,13,3107323865
7804,43794360,37788287,81582647,4,0,0,55808,13,2357912586
7805,43794921,57886115,101681036,8,0,1,22528,17,6021414807
7806,43796709,36735926,80532635,0,0,0,76288,18,128277935
7807,43798530,36945503,80744033,1,0,0,2560,9,8285540626
7808,43800440,36519959,80320399,1,0,0,20480,9,4380900983
7809,43804931,36735995,80540926,2,0,0,27136,13,2713836224
7810,43814370,36781099,80595469,8,0,0,1024,17,4178416080
7811,43837020,36905844,80742864,5,0,0,10752,7,8720778544
7812,43840910,57870334,101711244,5,0,1,10752,7,1499700841
7813,43851939,37096257,80948196,0,0,0,19456,18,5681046216
7814,43852600,36854471,80707071,8,0,0,69120,17,3270800540
7815,43855860,37015070,80870930,6,0,0,6144,8,1816362278
7816,43865930,36482869,80348799,3,0,0,39936,7,6977942111
7817,43894760,36339791,80234551,9,0,0,3072,17,8461801136
7818,43896849,36738500,80635349,0,0,0,23552,18,7317877947
7819,43899240,57852056,101751296,0,0,1,14848,18,8100988983
7820,43907600,36541253,80448853,7,0,0,20992,6,8649628484
7821,43908070,37194617,81102687,9,0,0,21504,17,1078863104
7822,43913710,37070846,80984556,8,0,0,41472,17,9396993308
7823,43924770,36539964,80464734,9,0,0,33792,17,4950417930
7824,43926960,36692267,80619227,6,0,0,16896,8,7533756721
7825,43937670,36605330,80543000,4,0,0,5632,13,3479660615
7826,43944710,57806609,101751319,9,0,1,5632,17,9517501987
7827,43946410,36634135,80580545,7,0,0,512,6,228259889
7828,43947160,36436022,80383182,4,0,0,3072,13,6988168587
7829,43947981,36887684,80835665,2,0,0,41472,13,4300197877
7830,43974090,37104564,81078654,3,0,0,15872,7,3274027516
7831,43975120,36476409,80451529,1,0,0,6144,9,5179674033
7832,43977850,36407589,80385439,7,0,0,512,6,6585963344
7833,43982200,36523472,80505672,1,0,0,14336,9,295243428
7834,43986340,37142006,81128346,1,0,0,2048,9,2054528510
7835,43988700,57762642,101751342,5,0,1,3072,7,4816688376
7836,44003140,36498141,80501281,8,0,0,31744,17,8506595388
7837,44013250,36412110,80425360,4,0,0,4096,13,5308725640
7838,44020840,36549688,80570528,1,0,0,11264,9,991425677
7839,44027490,36551262,80578752,8,0,0,3584,17,4644364817
7840,44027889,36883866,80911755,0,0,0,512,18,2294898903
7841,44030030,36839005,80869035,3,0,0,30208,7,3638923482
7842,44031060,36907862,80938922,7,0,0,89088,6,7684339784
7843,44034470,36560664,80595134,6,0,0,30208,8,289144152
7844,44041760,37128429,81170189,1,0,0,26624,9,2013633708
7845,44045370,37197162,81242532,6,0,0,7680,8,10197387768
7846,44048520,57808291,101856811,5,0,1,512,7,5997644893
7847,44061080,36902038,80963118,3,0,0,13824,7,5273041873
7848,44062440,36848801,80911241,8,0,0,50176,17,319529771
7849,44071550,37017532,81089082,1,0,0,1536,9,3238203884
7850,44075100,36564827,80639927,9,0,0,11264,17,4798318793
7851,44084250,36984663,81068913,1,0,0,95744,9,2798790795
7852,44086190,37666360,81752550,3,0,0,9216,7,3153108999
7853,44087660,37167567,81255227,1,0,0,7168,9,4366574034
7854,44096010,36897929,80993939,4,0,0,30720,13,87844712
7855,44113149,57743685,101856834,4,0,1,2048,13,3771506023
7856,44120560,36639275,80759835,3,0,0,26112,7,5783437192
7857,44137680,36985269,81122949,8,0,0,11264,17,3153686078
7858,44138180,36502550,80640730,8,0,0,2560,17,5574102233
7859,44138639,36721169,80859808,0,0,0,8192,18,2354944884
7860,44141450,57715407,101856857,0,0,1,2560,18,9851263761
7861,44146921,37235183,81382104,2,0,0,4096,13,8861025544
7862,44147529,36881329,81028858,0,0,0,25600,18,7068087526
7863,44149029,36694819,80843848,0,0,0,11264,18,3469597293
7864,44151210,36697331,80848541,8,0,0,10752,17,6689579817
7865,44151670,37275306,81426976,5,0,0,20992,7,6409864400
7866,44155150,36734052,80889202,5,0,0,12800,7,8528325704
7867,44156750,57700130,101856880,5,0,1,512,7,9025251889
7868,44162930,37139992,81302922,6,0,0,5120,8,5430873533
7869,44172290,57685104,101857394,1,0,1,6656,9,663531746
7870,44182131,36654094,80836225,2,0,0,1536,13,714627652
7871,44183230,36559969,80743199,8,0,0,1024,17,1911351424
7872,44183490,36758755,80942245,8,0,0,10752,17,6040211553
7873,44187831,57713530,101901361,8,0,1,9216,17,4351537746
7874,44193210,37341749,81534959,5,0,0,51712,7,725799142
7875,44197520,57709435,101906955,5,0,1,18432,7,6923167148
7876,44198779,36712797,80911576,0,0,0,1024,18,6056141189
7877,44216151,57763834,101979985,8,0,1,8192,17,3940565637
7878,44223599,37451950,81675549,0,0,0,56320,18,9689696104
7879,44228220,37179023,81407243,8,0,0,82432,17,4080724294
7880,44231910,37039423,81271333,7,0,0,17920,6,3153018637
7881,44232030,37686381,81918411,4,0,0,20992,13,7279359499
7882,44235570,36849659,81085229,9,0,0,21504,17,740796113
7883,44249731,37068369,81318100,2,0,0,31744,13,3318379183
7884,44270939,36750096,81021035,0,0,0,6656,18,9601204060
7885,44275190,36798605,81073795,5,0,0,7168,7,8755972442
7886,44287040,37450100,81737140,3,0,0,5120,7,10039098561
7887,44317840,36833837,81151677,8,0,0,45056,17,4381126706
7888,44320020,37010063,81330083,4,0,0,1536,13,4680790231
7889,44322560,36764876,81087436,6,0,0,7168,8,1162480047
7890,44322941,36748647,81071588,2,0,0,8704,13,2520521115
7891,44325810,36966829,81292639,7,0,0,1024,6,4163230511
7892,44326749,37016650,81343399,0,0,0,10752,18,10299439177
7893,44336450,36971955,81308405,6,0,0,17920,8,2201973312
7894,44337019,36992573,81329592,0,0,0,6144,18,2212610536
7895,44340370,37080179,81420549,6,0,0,20480,8,4471838101
7896,44346000,37115195,81461195,3,0,0,24576,7,2005506977
7897,44347331,57634600,101981931,8,0,1,3072,17,1499917768
7898,44358480,57698522,102057002,9,0,1,6656,17,2127990285
7899,44364150,57693825,102057975,5,0,1,12800,7,1067551923
7900,44365030,37015795,81380825,3,0,0,33792,7,6743938795
7901,44367170,36844190,81211360,3,0,0,3072,7,8331109736
7902,44369839,36847316,81217155,0,0,0,18944,18,8236805513
7903,44371700,37711398,82083098,4,0,0,512,13,2940256473
7904,44372250,37042036,81414286,6,0,0,23040,8,7408660729
7905,44377370,57794002,102171372,6,0,1,10752,8,7048229489
7906,44387649,37177909,81565558,0,0,0,100352,18,1113050169
7907,44397220,57783010,102180230,7,0,1,4096,6,7586685669
7908,44399080,37202075,81601155,4,0,0,1536,13,1670838819
7909,44403530,37640983,82044513,5,0,0,45568,7,1367417545
7910,44405259,37781442,82186701,0,0,0,20992,18,10157869039
7911,44408771,57771482,102180253,8,0,1,3584,17,3750855113
7912,44414130,37219690,81633820,7,0,0,70656,6,3603102536
7913,44414920,37055369,81470289,5,0,0,18944,7,9002518324
7914,44420001,37167817,81587818,2,0,0,16896,13,2736022463
7915,44422820,37096360,81519180,5,0,0,43520,7,10594255102
7916,44429049,37552032,81981081,0,0,0,58368,18,6837851076
7917,44429730,37164663,81594393,7,0,0,21504,6,7788425156
7918,44444519,57782191,102226710,0,0,1,2560,18,4227128067
7919,44446210,57784686,102230896,5,0,1,6656,7,8454667948
7920,44449790,37003894,81453684,4,0,0,30208,13,6608400615
7921,44453990,37797666,82251656,9,0,0,35328,17,9946964891
7922,44462870,37727286,82190156,5,0,0,11264,7,8127398590
7923,44471190,36993304,81464494,6,0,0,10752,8,7833928276
7924,44473230,37181837,81655067,7,0,0,69632,6,5747486506
7925,44485570,37125717,81611287,4,0,0,23552,13,4160150604
7926,44490100,37110556,81600656,8,0,0,20480,17,5656857222
7927,44491720,37166646,81658366,7,0,0,10752,6,1114007584
7928,44500240,57800802,102301042,6,0,1,12800,8,5772845160
7929,44504239,57817468,102321707,4,0,1,512,13,7655012750
7930,44504520,37384995,81889515,7,0,0,9728,6,6697953734
7931,44504989,37107257,81612246,0,0,0,3072,18,3326509924
7932,44509510,37224620,81734130,4,0,0,41984,13,4227019626
7933,44516740,57805953,102322693,6,0,1,1536,8,4693980577
7934,44530240,37184982,81715222,7,0,0,1536,6,1306681600
7935,44537460,37807591,82345051,9,0,0,59904,17,8320897998
7936,44547490,37167241,81714731,7,0,0,35840,6,5351537712
7937,44551870,57770977,102322847,5,0,1,8704,7,3050034878
7938,44567580,57763902,102331482,7,0,1,15360,6,29666453
7939,44568060,37115752,81683812,5,0,0,6144,7,4498891120
7940,44572400,38158073,82730473,3,0,0,29184,7,8975397515
7941,44574440,38033262,82607702,6,0,0,25088,8,4198657234
7942,44574470,37192192,81766662,4,0,0,5120,13,7545437961
7943,44583440,37219778,81803218,8,0,0,44032,17,9379275614
7944,44603911,37453284,82057195,2,0,0,40448,13,7533331409
7945,44607250,37822683,82429933,6,0,0,105472,8,8229999420
7946,44611250,57742347,102353597,6,0,1,11264,8,4330476636
7947,44615600,57761115,102376715,6,0,1,6144,8,3523886271
7948,44619880,37273412,81893292,6,0,0,11776,8,6948736545
7949,44626030,37109527,81735557,3,0,0,4608,7,9834629646
7950,44633611,38215416,82849027,2,0,0,19456,13,6125734324
7951,44637790,37430141,82067931,9,0,0,20480,17,8062546455
7952,44645559,57731179,102376738,0,0,1,1536,18,6586714369
7953,44653810,37990679,82644489,7,0,0,36864,6,566781697
7954,44663010,57750611,102413621,5,0,1,512,7,5531997873
7955,44665230,37296366,81961596,5,0,0,34304,7,9400926516
7956,44666830,37173381,81840211,3,0,0,21504,7,8792067619
7957,44669800,37849983,82519783,8,0,0,31232,17,4279892380
7958,44675999,57910568,102586567,4,0,1,18432,13,6610477183
7959,44678180,37259852,81938032,1,0,0,1536,9,7083484480
7960,44678820,57952697,102631517,1,0,1,12800,9,1478474512
7961,44682420,37185397,81867817,6,0,0,5120,8,5246501718
7962,44694710,37291972,81986682,9,0,0,4608,17,6564095534
7963,44696440,37235045,81931485,8,0,0,10240,17,10237064910
7964,44699309,37541560,82240869,0,0,0,39424,18,8500275695
7965,44705220,37240037,81945257,9,0,0,1536,17,6795516512
7966,44706650,37411987,82118637,6,0,0,28672,8,5145335510
7967,44711469,57926874,102638343,4,0,1,8192,13,4243948131
7968,44718660,57919706,102638366,5,0,1,2048,7,9388220264
7969,44718880,37325968,82044848,3,0,0,1024,7,961681422
7970,44721720,57916669,102638389,9,0,1,1024,17,1067776915
7971,44722110,37768402,82490512,7,0,0,21504,6,2993183223
7972,44728080,37262399,81990479,3,0,0,7680,7,6765460078
7973,44729860,57993756,102723616,5,0,1,13824,7,9944317739
7974,44734480,37538172,82272652,4,0,0,16896,13,3837734951
7975,44739691,37613214,82352905,2,0,0,2560,13,2961245470
7976,44752500,58033363,102785863,6,0,1,2560,8,5138448182
7977,44755170,37327749,82082919,4,0,0,10240,13,6152252551
7978,44776460,37575634,82352094,8,0,0,23040,17,4311108474
7979,44792000,38019517,82811517,9,0,0,3072,17,1331044127
7980,44807070,37449913,82256983,5,0,0,17408,7,7019362271
7981,44825041,58077057,102902098,8,0,1,4096,17,10586924726
7982,44826639,37499184,82325823,0,0,0,6656,18,10505499716
7983,44830040,37303957,82133997,5,0,0,512,7,3889840968
7984,44834889,37749906,82584795,0,0,0,22528,18,2829122819
7985,44843710,58060014,102903724,1,0,1,2560,9,5904620099
7986,44867091,37694256,82561347,2,0,0,2048,13,10358976025
7987,44867580,37455627,82323207,7,0,0,1024,6,7117620190
7988,44871701,37573254,82444955,2,0,0,25088,13,8058429950
7989,44873050,38029184,82902234,4,0,0,2560,13,10369245196
7990,44879979,37603958,82483937,0,0,0,60416,18,1419733128
7991,44882620,37794797,82677417,8,0,0,49152,17,7190520846
7992,44884590,58227445,103112035,9,0,1,5632,17,5004585943
7993,44889390,58273155,103162545,5,0,1,12288,7,6360295113
7994,44889991,37771231,82661222,2,0,0,39424,13,6732586646
7995,44891800,37563794,82455594,3,0,0,34816,7,6950043378
7996,44894290,58268278,103162568,7,0,1,4096,6,3270649982
7997,44895559,58279186,103174745,4,0,1,3072,13,10615603542
7998,44903620,37263809,82167429,5,0,0,9216,7,3200094856
7999,44910100,37291931,82202031,5,0,0,10752,7,4442605464
8000,44911550,37629103,82540653,5,0,0,39936,7,5780567920
8001,44924651,37926808,82851459,2,0,0,7680,13,6704611095
8002,44925980,37341501,82267481,6,0,0,34304,8,2600874828
8003,44932170,37653939,82586109,3,0,0,1536,7,5598197782
8004,44946390,38063080,83009470,9,0,0,80896,17,8728556536
8005,44950181,37601026,82551207,2,0,0,34304,13,5347128297
8006,44952270,38027186,82979456,3,0,0,8704,7,4384583889
8007,44955291,58220222,103175513,8,0,1,11776,17,8964664593
8008,44958930,37426821,82385751,7,0,0,31744,6,5892911176
8009,44962100,37939331,82901431,3,0,0,54784,7,7597645505
8010,44962490,37832267,82794757,6,0,0,78848,8,7323948647
8011,44962671,37614940,82577611,2,0,0,512,13,3732980668
8012,44969800,37604975,82574775,8,0,0,4608,17,5391291780
8013,44971040,37581126,82552166,4,0,0,3072,13,303534263
8014,44974481,58249438,103223919,8,0,1,6656,17,7124615500
8015,44994030,37982751,82976781,6,0,0,18944,8,2292988427
8016,44997250,37838999,82836249,9,0,0,3584,17,9050324239
8017,45002439,37434849,82437288,0,0,0,24064,18,1491801422
8018,45002800,37741463,82744263,4,0,0,15360,13,6601719834
8019,45003870,37461636,82465506,6,0,0,22016,8,5439113821
8020,45004470,37563648,82568118,9,0,0,8704,17,6025198966
8021,45006190,38294339,83300529,4,0,0,30208,13,750165931
8022,45012330,37611637,82623967,8,0,0,26624,17,8513578168
8023,45022520,38087299,83109819,9,0,0,15872,17,7123060740
8024,45024660,37888091,82912751,6,0,0,1536,8,3495820526
8025,45025359,38193001,83218360,0,0,0,16384,18,7545405944
8026,45026740,38046029,83072769,4,0,0,51200,13,8166982310
8027,45026959,38186378,83213337,0,0,0,9728,18,6405450790
8028,45033810,38298638,83332448,7,0,0,2560,6,6425301050
8029,45050939,58177082,103228021,4,0,1,2560,13,911912815
8030,45059680,38561793,83621473,6,0,0,66048,8,2311407127
8031,45064950,58163094,103228044,9,0,1,9216,17,2155439265
8032,45069939,58250047,103319986,0,0,1,5120,18,3364215745
8033,45071800,37574740,82646540,7,0,0,6656,6,10700982133
8034,45075590,37733800,82809390,5,0,0,44032,7,8638186577
8035,45081380,38295856,83377236,5,0,0,5632,7,5981086505
8036,45084189,58235820,103320009,0,0,1,2560,18,8108711626
8037,45084580,37529906,82614486,8,0,0,4608,17,10700262752
8038,45090981,58229051,103320032,8,0,1,9216,17,6128474282
8039,45097780,37487350,82585130,4,0,0,1024,13,3041796693
8040,45098830,37609325,82708155,8,0,0,1536,17,7485882506
8041,45103770,38315049,83418819,5,0,0,59392,7,9148183441
8042,45106910,37721949,82828859,7,0,0,23040,6,2985860221
8043,45112210,58207845,103320055,7,0,1,6656,6,9356057925
8044,45114039,58259389,103373428,0,0,1,17920,18,10627065149
8045,45123000,38451669,83574669,5,0,0,40448,7,7022306991
8046,45126180,37620434,82746614,3,0,0,4608,7,10092705610
8047,45140330,58266619,103406949,7,0,1,4608,6,4503928751
8048,45141790,58385357,103527147,1,0,1,17920,9,2666311767
8049,45146470,38386171,83532641,5,0,0,65024,7,4598072522
8050,45148260,37763627,82911887,3,0,0,13824,7,7971832025
8051,45156070,38169133,83325203,3,0,0,45056,7,4930722284
8052,45164090,58380146,103544236,7,0,1,512,6,7501491165
8053,45173040,38218461,83391501,4,0,0,22016,13,5375969561
8054,45187700,37763946,82951646,5,0,0,35840,7,8148870649
8055,45189040,37853604,83042644,8,0,0,7168,17,2637049131
8056,45191349,37651727,82843076,0,0,0,16384,18,792818844
8057,45198140,58353724,103551864,1,0,1,4096,9,9573847960
8058,45213049,37603229,82816278,0,0,0,6144,18,6305558630
8059,45225179,58326708,103551887,4,0,1,2048,13,8354734237
8060,45228471,38325600,83554071,2,0,0,45568,13,7205709230
8061,45232840,37777745,83010585,9,0,0,3584,17,8998893048
8062,45265949,58285961,103551910,0,0,1,1024,18,4925399124
8063,45279910,37930440,83210350,6,0,0,31232,8,3877086907
8064,45286150,58265926,103552076,9,0,1,10240,17,1072862821
8065,45299511,38027587,83327098,2,0,0,6144,13,6397502458
8066,45321711,37925173,83246884,2,0,0,54784,13,6805523779
8067,45325310,38187496,83512806,7,0,0,70144,6,10548374766
8068,45325320,38033427,83358747,3,0,0,23552,7,9177201348
8069,45327260,37690542,83017802,4,0,0,3584,13,6618396313
8070,45327630,37805999,83133629,3,0,0,12288,7,2044181979
8071,45334040,38266939,83600979,7,0,0,9728,6,4007080156
8072,45335109,38201611,83536720,0,0,0,13312,18,6019221961
8073,45337860,37566706,82904566,3,0,0,3072,7,1632678746
8074,45340920,37735460,83076380,8,0,0,11776,17,10380787529
8075,45352000,37614329,82966329,6,0,0,2560,8,6501507683
8076,45357550,37843261,83200811,4,0,0,45568,13,3750283630
8077,45368801,38120068,83488869,2,0,0,20992,13,9583089104
8078,45371960,38269995,83641955,8,0,0,36864,17,5297945823
8079,45379200,38319165,83698365,4,0,0,35840,13,8218495441
8080,45388790,38411143,83799933,4,0,0,96256,13,6002425091
8081,45393899,37546804,82940703,0,0,0,15360,18,6692977748
8082,45396331,38305566,83701897,2,0,0,1024,13,99987957
8083,45404740,37626067,83030807,3,0,0,5632,7,6391172933
8084,45412089,37919556,83331645,0,0,0,14848,18,5472155967
8085,45412250,38231311,83643561,6,0,0,2560,8,9315603204
8086,45420889,58220966,103641855,0,0,1,2560,18,6071636925
8087,45437750,38503234,83940984,9,0,0,53760,17,3403650912
8088,45451440,37811717,83263157,3,0,0,2048,7,7442316939
8089,45452010,58189868,103641878,1,0,1,8192,9,10075420764
8090,45456411,38398933,83855344,2,0,0,1536,13,7924980476
8091,45466200,37916987,83383187,9,0,0,19456,17,7875436512
8092,45473030,38280033,83753063,9,0,0,33280,17,443297764
8093,45477341,58200962,103678303,8,0,1,11776,17,9781602907
8094,45493591,37891179,83384770,2,0,0,5120,13,86882129
8095,45507550,37771459,83279009,5,0,0,8704,7,5958902421
8096,45512110,37978030,83490140,7,0,0,4096,6,7780635416
8097,45517990,37706633,83224623,6,0,0,20480,8,10173286976
8098,45526800,37900310,83427110,9,0,0,27136,17,9788773968
8099,45531240,37860752,83391992,9,0,0,1536,17,6141111317
8100,45533050,37827997,83361047,5,0,0,4608,7,1949237387
8101,45534650,38853908,84388558,5,0,0,23040,7,4899488186
8102,45534989,58149912,103684901,0,0,1,9728,18,4417504314
8103,45539790,38230792,83770582,7,0,0,30720,6,4385990938
8104,45548230,38082470,83630700,3,0,0,30208,7,6613309377
8105,45553890,37873555,83427445,3,0,0,1024,7,1772572324
8106,45557540,58163067,103720607,1,0,1,6144,9,408489564
8107,45563449,58194839,103758288,0,0,1,6656,18,9567095665
8108,45568850,38131566,83700416,3,0,0,6656,7,4284956444
8109,45572490,38307236,83879726,4,0,0,55808,13,1311847184
8110,45580520,38121034,83701554,9,0,0,2048,17,6237280236
8111,45614800,38195521,83810321,8,0,0,12288,17,2619545048
8112,45616661,58144853,103761514,8,0,1,5120,17,8514243998
8113,45618049,38285139,83903188,0,0,0,61952,18,3636061448
8114,45626960,37864451,83491411,9,0,0,4096,17,7918895476
8115,45629520,58262005,103891525,7,0,1,11264,6,4369690448
8116,45631850,39575015,85206865,9,0,0,23552,17,2096328928
8117,45636501,38170053,83806554,2,0,0,16896,13,9981293877
8118,45639871,38526667,84166538,2,0,0,12288,13,1497356515
8119,45644950,38209903,83854853,7,0,0,48640,6,7866674337
8120,45647101,58248881,103895982,8,0,1,4096,17,1176334864
8121,45653960,37932152,83586112,9,0,0,18432,17,8441442914
8122,45654780,38046127,83700907,9,0,0,1536,17,501956567
8123,45655430,39666375,85321805,5,0,0,16896,7,6935151318
8124,45660270,37982488,83642758,3,0,0,2560,7,4247331967
8125,45669060,58242385,103911445,6,0,1,2560,8,10530617663
8126,45690670,37973269,83663939,4,0,0,16896,13,3052389721
8127,45697371,38284302,83981673,2,0,0,26112,13,7522914234
8128,45704390,58207078,103911468,6,0,1,2560,8,3212863179
8129,45711950,38261744,83973694,8,0,0,59904,17,987796217
8130,45720400,37961329,83681729,6,0,0,3584,8,8167590057
8131,45721570,38141129,83862699,9,0,0,24064,17,1778442079
8132,45726070,38100096,83826166,3,0,0,9216,7,1696692742
8133,45726929,37979280,83706209,0,0,0,512,18,10610979946
8134,45727360,37920869,83648229,7,0,0,9728,6,797857185
8135,45736079,58189327,103925406,0,0,1,2048,18,1872451574
8136,45736851,38548625,84285476,2,0,0,52224,13,2659274513
8137,45747480,38484587,84232067,7,0,0,5632,6,8115254509
8138,45750300,58194051,103944351,9,0,1,11264,17,8976170861
8139,45752850,38279862,84032712,8,0,0,9216,17,2975677971
8140,45755920,38272165,84028085,8,0,0,60416,17,9018630621
8141,45757099,38127190,83884289,0,0,0,14848,18,5786603628
8142,45759600,38611550,84371150,9,0,0,70144,17,2814866276
8143,45763159,38386572,84149731,0,0,0,53760,18,10611480498
8144,45764620,38139995,83904615,3,0,0,4608,7,3994592601
8145,45769710,38224154,83993864,5,0,0,39936,7,9590217289
8146,45770130,38031230,83801360,8,0,0,4608,17,3973905921
8147,45772291,38051044,83823335,2,0,0,10752,13,4244301222
8148,45773130,38255758,84028888,9,0,0,2560,17,1805911666
8149,45775560,58168814,103944374,9,0,1,3584,17,4523345429
8150,45779100,38466363,84245463,4,0,0,18944,13,4549095656
8151,45779530,58174688,103954218,6,0,1,14336,8,2448600241
8152,45796909,38371212,84168121,0,0,0,5120,18,9122860520
8153,45800330,38674960,84475290,9,0,0,20480,17,4478458057
8154,45808939,38353832,84162771,0,0,0,42496,18,6630918766
8155,45811290,38390877,84202167,6,0,0,23040,8,8890323199
8156,45812650,58142554,103955204,9,0,1,1536,17,8110415236
8157,45834079,38204621,84038700,0,0,0,8704,18,1255092796
8158,45835840,38112684,83948524,3,0,0,21504,7,10611581294
8159,45843870,38742107,84585977,7,0,0,19456,6,6291560409
8160,45846580,38449297,84295877,4,0,0,12288,13,4982592207
8161,45851340,38469466,84320806,5,0,0,7680,7,9383155852
8162,45855650,38769625,84625275,3,0,0,34304,7,3667558316
8163,45859029,38609998,84469027,0,0,0,62976,18,5909767830
8164,45860949,58181449,104042398,4,0,1,18432,13,1282134739
8165,45861520,58253170,104114690,9,0,1,9216,17,4526398751
8166,45864510,39523348,85387858,7,0,0,59904,6,1894371187
8167,45865150,58407109,104272259,9,0,1,16384,17,1072536948
8168,45869630,58448123,104317753,7,0,1,11776,6,9509926373
8169,45871300,38304818,84176118,6,0,0,7680,8,8474193934
8170,45886060,38855466,84741526,6,0,0,10240,8,3316411349
8171,45888040,38821168,84709208,9,0,0,53760,17,1122179315
8172,45895681,58496190,104391871,8,0,1,6144,17,10644032781
8173,45906660,38588644,84495304,6,0,0,58880,8,9344040360
8174,45907390,38474125,84381515,6,0,0,33792,8,5375384947
8175,45907510,58533823,104441333,9,0,1,11264,17,1699016400
8176,45907870,58546035,104453905,6,0,1,6656,8,9885403740
8177,45910750,39008295,84919045,4,0,0,66048,13,1103293079
8178,45910840,38893135,84803975,3,0,0,122368,7,2380722641
8179,45911390,58542538,104453928,3,0,1,3072,7,827259026
8180,45911710,38854958,84766668,8,0,0,13312,17,7297943570
8181,45915390,38646380,84561770,9,0,0,88576,17,6345211394
8182,45920409,38739210,84659619,0,0,0,20992,18,3650086318
8183,45920990,58532961,104453951,6,0,1,10752,8,5297193124
8184,45922080,38527736,84449816,9,0,0,34816,17,4454316103
8185,45927849,38678328,84606177,0,0,0,9728,18,7355076111
8186,45928621,39052950,84981571,2,0,0,14848,13,10706398652
8187,45933790,58520184,104453974,1,0,1,4608,9,8615919901
8188,45934050,38896271,84830321,8,0,0,5632,17,7724022199
8189,45935691,39659205,85594896,2,0,0,83456,13,9688631227
8190,45936000,39514323,85450323,5,0,0,32768,7,3449970856
8191,45952460,38765686,84718146,3,0,0,9728,7,4518341191
8192,45971580,38505761,84477341,7,0,0,6656,6,31016420
8193,45978739,38868141,84846880,0,0,0,54272,18,3649411060
8194,45982580,39052894,85035474,9,0,0,15872,17,187269851
8195,45988140,38774426,84762566,9,0,0,49664,17,3272148016
8196,45988940,39031200,85020140,1,0,0,24576,9,2094638190
8197,45998580,38851755,84850335,5,0,0,11264,7,5059849980
8198,45998880,38564005,84562885,7,0,0,3584,6,9547556986
8199,46007960,38938186,84946146,5,0,0,8192,7,5259330903
8200,46025250,38545226,84570476,9,0,0,5120,17,4043710553
8201,46027760,38571612,84599372,8,0,0,9216,17,6092450658
8202,46040490,38785995,84826485,3,0,0,73728,7,5811566097
8203,46041430,38882162,84923592,7,0,0,14848,6,8897152776
8204,46046361,38457078,84503439,2,0,0,26624,13,8877921587
8205,46049100,39150566,85199666,4,0,0,22016,13,4891784943
8206,46053059,58458541,104511600,4,0,1,20992,13,939725107
8207,46054149,38449937,84504086,0,0,0,2048,18,4847910943
8208,46054810,38983526,85038336,5,0,0,1536,7,10323394645
8209,46072900,38560354,84633254,7,0,0,26112,6,5569525561
8210,46073631,38641528,84715159,2,0,0,19456,13,4729808998
8211,46091340,58448172,104539512,5,0,1,512,7,8745643019
8212,46095350,38570592,84665942,8,0,0,14848,17,811730274
8213,46100609,38894823,84995432,0,0,0,5632,18,1452513004
8214,46115760,58424098,104539858,7,0,1,512,6,6353059916
8215,46118860,58424864,104543724,5,0,1,6144,7,6269884695
8216,46119050,38756202,84875252,7,0,0,30208,6,9735682634
8217,46119170,39107441,85226611,4,0,0,46080,13,3737551919
8218,46124390,39042633,85167023,4,0,0,4096,13,10216147411
8219,46127260,38701299,84828559,6,0,0,6656,8,6087923460
8220,46129970,38847054,84977024,9,0,0,10752,17,6816376043
8221,46130410,39186178,85316588,9,0,0,108032,17,10564656098
8222,46133870,39306423,85440293,3,0,0,27648,7,4658044118
8223,46136969,58408381,104545350,0,0,1,2560,18,843521614
8224,46138560,39231023,85369583,3,0,0,69632,7,7979308422
8225,46139250,38935435,85074685,3,0,0,30720,7,6620230485
8226,46140070,39513096,85653166,9,0,0,13312,17,3391811782
8227,46146240,39654040,85800280,4,0,0,61952,13,4344579472
8228,46146551,39246010,85392561,2,0,0,15360,13,5712527080
8229,46154100,39110759,85264859,8,0,0,21504,17,9185149129
8230,46156680,58466249,104622929,9,0,1,28160,17,9995291634
8231,46157360,39467158,85624518,6,0,0,36352,8,4638083624
8232,46164400,58477253,104641653,7,0,1,1536,6,6165371703
8233,46177910,39158550,85336460,4,0,0,22016,13,5853637201
8234,46192340,39268623,85460963,4,0,0,19456,13,2930974189
8235,46192480,39301264,85493744,9,0,0,72192,17,1806811220
8236,46193470,58608481,104801951,1,0,1,27136,9,4025374924
8237,46193939,38843898,85037837,0,0,0,7680,18,10613246808
8238,46194520,38749107,84943627,4,0,0,40448,13,3104090892
8239,46195900,39033253,85229153,8,0,0,512,17,9519536608
8240,46202979,39321867,85524846,0,0,0,8192,18,8307078343
8241,46217231,38502327,84719558,2,0,0,2048,13,10550818730
8242,46219170,58582804,104801974,6,0,1,5120,8,4010424564
8243,46222049,58617315,104839364,4,0,1,12800,13,9328963852
8244,46224030,58627501,104851531,9,0,1,2560,17,9996947898
8245,46243680,38821622,85065302,3,0,0,27136,7,5900250082
8246,46270490,39378597,85649087,7,0,0,29184,6,7347294708
8247,46276451,39657404,85933855,2,0,0,46592,13,3154222292
8248,46277710,58578007,104855717,1,0,1,6656,9,6929029169
8249,46280100,39465110,85745210,4,0,0,17408,13,4449637625
8250,46289780,38609118,84898898,6,0,0,20992,8,9047321210
8251,46294980,38942932,85237912,8,0,0,28672,17,2185228429
8252,46301740,38927234,85228974,5,0,0,7680,7,6087208246
8253,46306150,39334022,85640172,3,0,0,19968,7,6009283514
8254,46308259,38615512,84923771,0,0,0,512,18,1090928180
8255,46309649,39032918,85342567,0,0,0,19968,18,2716221475
8256,46328441,38884084,85212525,2,0,0,17408,13,3570015103
8257,46341659,38688956,85030615,0,0,0,34304,18,7377786979
8258,46344700,38821044,85165744,3,0,0,10752,7,7950461290
8259,46346800,39082504,85429304,9,0,0,22016,17,9295460211
8260,46357920,38643945,85001865,5,0,0,1024,7,7985398013
8261,46358010,39399818,85757828,6,0,0,34304,8,481903694
8262,46366600,38795837,85162437,7,0,0,14336,6,5311511166
8263,46368080,38781594,85149674,5,0,0,60416,7,5999473711
8264,46376791,38552024,84928815,2,0,0,2560,13,4876644128
8265,46379120,38877319,85256439,3,0,0,4608,7,8984558882
8266,46382560,39323932,85706492,7,0,0,27136,6,5274124633
8267,46384619,58781988,105166607,4,0,1,40448,13,6655028744
8268,46389689,38791996,85181685,0,0,0,22528,18,4847874847
8269,46393520,58787017,105180537,9,0,1,3072,17,9366506386
8270,46395470,58785090,105180560,1,0,1,1024,9,4427211705
8271,46401740,38673124,85074864,3,0,0,512,7,2681327141
8272,46408340,58899278,105307618,6,0,1,17408,8,1189278720
8273,46418120,58925116,105343236,5,0,1,3584,7,4110128024
8274,46422210,39560747,85982957,9,0,0,25600,17,3571911766
8275,46438699,38971477,85410176,0,0,0,4608,18,1837541980
8276,46448190,39566315,86014505,8,0,0,15360,17,9752602706
8277,46451400,39407351,85858751,3,0,0,24064,7,3256662381
8278,46460090,39459538,85919628,9,0,0,54784,17,3555677184
8279,46460621,58882638,105343259,8,0,1,1536,17,2227749429
8280,46461711,39543388,86005099,2,0,0,54272,13,798344147
8281,46461840,39278043,85739883,5,0,0,12288,7,5489704262
8282,46465340,39775975,86241315,5,0,0,14336,7,3911324791
8283,46473080,38930508,85403588,8,0,0,8192,17,7787671650
8284,46473549,39190450,85663999,0,0,0,14848,18,5883124590
8285,46476360,38916380,85392740,9,0,0,512,17,259607041
8286,46476460,59410030,105886490,1,0,1,283648,9,3149166001
8287,46480190,59424854,105905044,9,0,1,3584,17,9324104017
8288,46483070,39295739,85778809,6,0,0,18944,8,8682064023
8289,46484900,39084545,85569445,6,0,0,65024,8,6183036979
8290,46491769,59427401,105919170,4,0,1,5120,13,4685284085
8291,46494570,39846638,86341208,4,0,0,56832,13,9394783060
8292,46508700,39093886,85602586,3,0,0,9216,7,8269159916
8293,46510790,38816186,85326976,8,0,0,16896,17,7148282278
8294,46514059,39085696,85599755,0,0,0,15872,18,5421933647
8295,46516280,39097093,85613373,3,0,0,35328,7,8316294147
8296,46522809,39111248,85634057,0,0,0,31232,18,4670289832
8297,46531140,38867188,85398328,8,0,0,3072,17,2528487977
8298,46533920,38897926,85431846,9,0,0,8192,17,2197426211
8299,46544380,39931151,86475531,5,0,0,28672,7,444273491
8300,46544430,39152288,85696718,6,0,0,21504,8,9035781135
8301,46551450,39968562,86520012,4,0,0,14336,13,10071343170
8302,46566010,38934153,85500163,8,0,0,20992,17,10286564241
8303,46566560,59393882,105960442,6,0,1,22016,8,860132170
8304,46588949,59423158,106012107,0,0,1,16896,18,8503758232
8305,46595719,38946976,85542695,0,0,0,22016,18,1296716179
8306,46600420,39059032,85659452,4,0,0,18432,13,6281351067
8307,46603740,39296490,85900230,4,0,0,26112,13,763156229
8308,46604410,39071959,85676369,4,0,0,40448,13,5326751863
8309,46610350,39264381,85874731,7,0,0,12800,6,1963167385
8310,46612990,59401063,106014053,7,0,1,3072,6,8688963366
8311,46614480,39263540,85878020,5,0,0,3072,7,7608249453
8312,46615811,39411915,86027726,2,0,0,28672,13,6488959388
8313,46633900,38902064,85535964,7,0,0,3584,6,4004947850
8314,46636080,39471271,86107351,7,0,0,512,6,1429548722
8315,46638600,39097516,85736116,4,0,0,37888,13,7829784736
8316,46644580,39822192,86466772,3,0,0,24576,7,3219553204
8317,46661130,39190266,85851396,5,0,0,26112,7,8852356693
8318,46665190,39270348,85935538,4,0,0,512,13,2151345769
8319,46676159,59340480,106016639,0,0,1,4096,18,5793781467
8320,46680170,59338415,106018585,1,0,1,3072,9,4407825826
8321,46686430,39435207,86121637,9,0,0,37376,17,2855440573
8322,46688089,38965724,85653813,0,0,0,2048,18,7886763567
8323,46689500,39152324,85841824,8,0,0,4608,17,9730745523
8324,46697950,39107684,85805634,7,0,0,3072,6,3760743811
8325,46701440,39405732,86107172,9,0,0,16896,17,844783685
8326,46701871,59318980,106020851,8,0,1,3584,17,6350849352
8327,46704350,39551220,86255570,6,0,0,13824,8,457012336
8328,46706169,39808017,86514186,0,0,0,1024,18,6397694447
8329,46712030,59309794,106021824,5,0,1,12800,7,3240146945
8330,46713420,39519238,86232658,7,0,0,83456,6,5032593407
8331,46714210,39269885,85984095,9,0,0,3072,17,1218815529
8332,46717939,39524023,86241962,0,0,0,2048,18,7202916161
8333,46741890,39451052,86192942,5,0,0,55296,7,9614092843
8334,46750461,59279767,106030228,8,0,1,10752,17,7571189584
8335,46751390,39007865,85759255,8,0,0,4608,17,8931090830
8336,46752870,39778934,86531804,3,0,0,6656,7,282337017
8337,46757809,39225327,85983136,0,0,0,512,18,8793026239
8338,46760830,39121502,85882332,8,0,0,6656,17,7547864191
8339,46761790,39496729,86258519,3,0,0,2560,7,2878020482
8340,46780000,39122913,85902913,9,0,0,8704,17,6031227943
8341,46780709,39111542,85892251,0,0,0,14848,18,5580751540
8342,46781920,40000816,86782736,9,0,0,54272,17,9776579326
8343,46782150,40014539,86796689,7,0,0,2560,6,9209219834
8344,46797990,39513613,86311603,8,0,0,4608,17,8983176173
8345,46801150,39134201,85935351,6,0,0,4608,8,10052323823
8346,46811780,39163354,85975134,8,0,0,25088,17,2188437008
8347,46819559,59223690,106043249,4,0,1,11776,13,7879873538
8348,46835850,39371357,86207207,6,0,0,9728,8,193609683
8349,46835909,59215989,106051898,4,0,1,11776,13,9667776876
8350,46850290,59241737,106092027,9,0,1,4096,17,9914871762
8351,46856750,39549507,86406257,6,0,0,22528,8,7297722755
8352,46863009,39338692,86201701,0,0,0,28672,18,2306256346
8353,46864160,39145642,86009802,5,0,0,15360,7,3927276927
8354,46877690,39166458,86044148,3,0,0,6656,7,275113330
8355,46879821,39214065,86093886,2,0,0,14336,13,773056831
8356,46880030,59212020,106092050,7,0,1,3072,6,3346409599
8357,46880770,39151622,86032392,4,0,0,10240,13,6978643997
8358,46890610,39424783,86315393,8,0,0,512,17,10674859065
8359,46892240,40092900,86985140,8,0,0,53248,17,8974559909
8360,46899969,59203515,106103484,4,0,1,12288,13,3700596413
8361,46910300,59193207,106103507,5,0,1,12288,7,2183603014
8362,46913571,39348070,86261641,2,0,0,5632,13,4384939002
8363,46914610,39212800,86127410,9,0,0,1536,17,8288179567
8364,46917660,39235873,86153533,4,0,0,26112,13,10229221823
8365,46924330,39385846,86310176,4,0,0,54784,13,7442293641
8366,46927811,39576322,86504133,2,0,0,37376,13,9663119255
8367,46928230,39685988,86614218,5,0,0,7680,7,2635720597
8368,46928450,39235139,86163589,4,0,0,8704,13,3650905845
8369,46929700,39456543,86386243,7,0,0,12288,6,2560678401
8370,46930960,39137804,86068764,5,0,0,3584,7,1321009192
8371,46937800,39227528,86165328,6,0,0,5632,8,746227007
8372,46941730,39962908,86904638,9,0,0,34816,17,8332021570
8373,46948519,59204236,106152755,0,0,1,8192,18,141379672
8374,46971230,39263019,86234249,6,0,0,5120,8,3207783587
8375,46972201,39264723,86236924,2,0,0,8704,13,5398418075
8376,46981179,39223041,86204220,0,0,0,8192,18,8979436072
8377,46993469,59159309,106152778,0,0,1,16384,18,7473727476
8378,46993820,39829454,86823274,4,0,0,2048,13,9357501060
8379,47001890,39490824,86492714,6,0,0,56320,8,6116165596
8380,47008850,59186823,106195673,7,0,1,6144,6,8888151175
8381,47014169,59185690,106199859,4,0,1,6656,13,8262310268
8382,47024471,39290743,86315214,2,0,0,11776,13,6771748135
8383,47027870,59196646,106224516,0,0,1,8704,18,6283181980
8384,47032410,39091902,86124312,7,0,0,8704,6,10068479612
8385,47032740,39241919,86274659,9,0,0,5120,17,6350754444
8386,47033890,59571260,106605150,1,0,1,100352,9,4863971081
8387,47038880,59567256,106606136,7,0,1,1536,6,5663244122
8388,47042410,39680961,86723371,6,0,0,24576,8,7438329188
8389,47044250,39364214,86408464,4,0,0,7168,13,775546233
8390,47047220,39678537,86725757,4,0,0,7680,13,9117867611
8391,47051390,39471320,86522710,3,0,0,6656,7,9168807443
8392,47068200,39509342,86577542,5,0,0,36864,7,7157230295
8393,47073460,59670445,106743905,1,0,1,38912,9,1020192471
8394,47075160,40006442,87081602,4,0,0,46080,13,7151398359
8395,47076330,40015921,87092251,7,0,0,15872,6,8458277145
8396,47089530,39559772,86649302,6,0,0,79872,8,215264348
8397,47099070,39430683,86529753,9,0,0,23040,17,5923035808
8398,47108750,39641670,86750420,4,0,0,8704,13,924254809
8399,47109301,39404550,86513851,2,0,0,3072,13,1664413803
8400,47110170,39987710,87097880,5,0,0,15360,7,4220834140
8401,47110850,39402042,86512892,6,0,0,28672,8,7170991753
8402,47111290,59633601,106744891,0,0,1,1536,18,5033468119
8403,47119560,39310440,86430000,7,0,0,65536,6,4220960734
8404,47120070,59631353,106751423,5,0,1,6144,7,9446271373
8405,47122120,39700507,86822627,4,0,0,15872,13,945061013
8406,47122220,59655770,106777990,6,0,1,7680,8,3856653141
8407,47126801,39832475,86959276,2,0,0,2048,13,2718897047
8408,47126860,40064643,87191503,3,0,0,19968,7,4565067968
8409,47128001,39667862,86795863,2,0,0,43008,13,600573076
8410,47130590,59652825,106783415,6,0,1,2048,8,4146242967
8411,47131400,39327861,86459261,3,0,0,25088,7,1372762526
8412,47133580,39382041,86515621,7,0,0,4608,6,9512073581
8413,47136450,39721521,86857971,8,0,0,23552,17,3638397098
8414,47139480,39381179,86520659,7,0,0,2048,6,9572964473
8415,47145029,39197918,86342947,0,0,0,5632,18,5006802830
8416,47149240,39437881,86587121,4,0,0,31232,13,4894342553
8417,47149480,40334816,87484296,7,0,0,20992,6,6739042773
8418,47150301,39510660,86660961,2,0,0,6656,13,5678341741
8419,47152880,39594373,86747253,8,0,0,69632,17,10728709294
8420,47154581,39804048,86958629,2,0,0,35328,13,4946828124
8421,47165889,59687444,106853333,4,0,1,9728,13,8382704010
8422,47173581,39480580,86654161,2,0,0,15872,13,10197584002
8423,47177290,39790589,86967879,4,0,0,28160,13,2580815029
8424,47177431,39885147,87062578,2,0,0,34304,13,5834578826
8425,47195370,39841547,87036917,7,0,0,31744,6,2883445599
8426,47199250,39557905,86757155,6,0,0,16384,8,1447788653
8427,47203621,59651300,106854921,8,0,1,15872,17,414024065
8428,47205860,39971822,87177682,9,0,0,48640,17,9709512450
8429,47209359,39241233,86450592,0,0,0,6144,18,6213672093
8430,47209411,39506449,86715860,2,0,0,35328,13,1857473283
8431,47214090,59656357,106870447,6,0,1,6144,8,9853432404
8432,47215990,39930822,87146812,6,0,0,13824,8,4248186642
8433,47217920,39641033,86858953,4,0,0,512,13,10619599301
8434,47222500,39434492,86656992,5,0,0,9216,7,10647651256
8435,47234799,39756916,86991715,0,0,0,21504,18,8140889665
8436,47241700,60028162,107269862,5,0,1,156160,7,10398110657
8437,47244061,60066611,107310672,8,0,1,2048,17,3526160942
8438,47253050,39547718,86800768,4,0,0,13312,13,7668390016
8439,47255750,60060107,107315857,9,0,1,16384,17,5518171518
8440,47260050,39687792,86947842,4,0,0,54784,13,8710249937
8441,47262980,40249841,87512821,8,0,0,42496,17,8776391418
8442,47266450,39956959,87223409,8,0,0,48640,17,451313553
8443,47270580,39577524,86848104,3,0,0,51200,7,6408740079
8444,47275920,60309798,107585718,1,0,1,100352,9,5774188701
8445,47285371,39868016,87153387,2,0,0,21504,13,4800801701
8446,47291390,39971377,87262767,9,0,0,6656,17,4407172547
8447,47304000,60733559,108037559,5,0,1,143872,7,978996411
8448,47308571,60730294,108038865,8,0,1,2048,17,871388396
8449,47311419,39502427,86813846,0,0,0,3584,18,1593277684
8450,47316340,39826237,87142577,6,0,0,86016,8,3130491638
8451,47322751,39761529,87084280,2,0,0,3584,13,4756168102
8452,47326071,40253800,87579871,2,0,0,19456,13,7954981334
8453,47330490,39989739,87320229,8,0,0,40960,17,10612584530
8454,47340210,40029643,87369853,9,0,0,31232,17,9193461029
8455,47345920,60753356,108099276,9,0,1,3584,17,4640351437
8456,47346439,39512335,86858774,0,0,0,2560,18,7852825920
8457,47356070,39565722,86921792,4,0,0,6656,13,1039853035
8458,47359590,60862372,108221962,1,0,1,100352,9,2767844318
8459,47361989,60886426,108248415,4,0,1,1024,13,9311221882
8460,47364610,60937939,108302549,7,0,1,23552,6,1618292761
8461,47366430,60940625,108307055,7,0,1,7168,6,9462023014
8462,47371751,39782439,87154190,2,0,0,2560,13,2377644896
8463,47377390,60960979,108338369,0,0,1,3072,18,7236665945
8464,47387460,39883441,87270901,5,0,0,6144,7,2290089519
8465,47392000,39807794,87199794,6,0,0,27136,8,1470655485
8466,47393010,40261375,87654385,5,0,0,15872,7,7063161338
8467,47395290,39813107,87208397,9,0,0,28160,17,10194619937
8468,47406010,39618803,87024813,7,0,0,55808,6,4477039220
8469,47408770,60929622,108338392,7,0,1,9728,6,7871770790
8470,47417610,39926450,87344060,9,0,0,10240,17,2377369755
8471,47429619,60936782,108366401,4,0,1,28672,13,5480690131
8472,47438760,39745497,87184257,5,0,0,21504,7,8476185261
8473,47440950,39971329,87412279,7,0,0,35840,6,6187129238
8474,47453310,40259068,87712378,8,0,0,14848,17,3355978703
8475,47455369,39591850,87047219,0,0,0,1024,18,8603787137
8476,47458890,39703926,87162816,6,0,0,6656,8,2202154949
8477,47468540,40028659,87497199,6,0,0,23552,8,3247785030
8478,47469780,40254633,87724413,4,0,0,39424,13,4131490568
8479,47469849,39965472,87435321,0,0,0,3072,18,2303526012
8480,47474759,39944687,87419446,0,0,0,16384,18,8662402943
8481,47490040,60904464,108394504,0,0,1,12800,18,7012590153
8482,47490500,60910291,108400791,6,0,1,6656,8,1162353084
8483,47491430,60909384,108400814,9,0,1,9728,17,3753069446
8484,47491891,39554231,87046122,2,0,0,2048,13,6762433069
8485,47503779,39730351,87234130,0,0,0,15360,18,6318330780
8486,47515680,39511496,87027176,9,0,0,7680,17,7534090803
8487,47518290,39707513,87225803,8,0,0,6144,17,10545988021
8488,47533740,39651640,87185380,8,0,0,3584,17,3782456396
8489,47534779,60890260,108425039,0,0,1,1536,18,3476387783
8490,47565490,40142333,87707823,6,0,0,30720,8,4434026646
8491,47567480,39593285,87160765,6,0,0,21504,8,7143618753
8492,47569000,39776019,87345019,5,0,0,3072,7,10112091415
8493,47578930,61161526,108740456,5,0,1,172032,7,5065378669
8494,47582340,39954491,87536831,7,0,0,8192,6,2954629250
8495,47593980,39977313,87571293,8,0,0,28672,17,6683496044
8496,47599690,39657132,87256822,9,0,0,39424,17,6318507098
8497,47600960,39622948,87223908,6,0,0,1536,8,6627038726
8498,47603431,61137048,108740479,8,0,1,4608,17,2179543468
8499,47605310,40254188,87859498,8,0,0,18944,17,2268322333
8500,47607229,61138132,108745361,4,0,1,512,13,3206429366
8501,47609689,61135695,108745384,4,0,1,4096,13,860245557
8502,47611830,39789437,87401267,5,0,0,69632,7,1782627852
8503,47616030,39861847,87477877,9,0,0,25600,17,8541720323
8504,47618209,61136581,108754790,0,0,1,3072,18,7936261463
8505,47631110,40388849,88019959,8,0,0,41984,17,1837841695
8506,47633630,61121183,108754813,4,0,1,3072,13,2544001657
8507,47639760,39790376,87430136,9,0,0,512,17,2315978340
8508,47644941,39785016,87429957,2,0,0,5632,13,1446696043
8509,47645340,39680449,87325789,6,0,0,2560,8,2934551867
8510,47647950,39692967,87340917,3,0,0,25088,7,8841837514
8511,47661000,39777776,87438776,8,0,0,11264,17,118900680
8512,47662260,40157488,87819748,4,0,0,13312,13,3573176462
8513,47664440,40085805,87750245,4,0,0,8704,13,3757696540
8514,47664890,40082680,87747570,4,0,0,41984,13,10702586891
8515,47669290,40055614,87724904,6,0,0,1536,8,9073820577
8516,47680641,39903933,87584574,2,0,0,15360,13,4800854079
8517,47685070,61069766,108754836,9,0,1,4096,17,3654504229
8518,47691629,61067777,108759406,4,0,1,1536,13,3841358674
8519,47698460,61085764,108784224,5,0,1,33280,7,8097994080
8520,47701600,39975185,87676785,3,0,0,5120,7,10153983947
8521,47706670,40901187,88607857,8,0,0,37888,17,10392296479
8522,47707500,40266532,87974032,3,0,0,31232,7,3097906078
8523,47707600,40087641,87795241,4,0,0,16384,13,1908485913
8524,47718990,61065257,108784247,9,0,1,1536,17,7488572692
8525,47721549,40032307,87753856,0,0,0,11776,18,6428704647
8526,47725350,61058920,108784270,0,0,1,12288,18,10315874767
8527,47743120,39955320,87698440,4,0,0,53760,13,8827065443
8528,47755670,40098025,87853695,4,0,0,27136,13,1898476165
8529,47761909,40578882,88340791,0,0,0,36864,18,6979562978
8530,47762791,40082613,87845404,2,0,0,41472,13,1379708972
8531,47776680,40038989,87815669,8,0,0,7680,17,10567397442
8532,47780740,39762198,87542938,4,0,0,19968,13,9835653228
8533,47791960,39882439,87674399,9,0,0,18944,17,2503704350
8534,47795410,39666820,87462230,5,0,0,35840,7,7884654893
8535,47799351,39733276,87532627,2,0,0,4608,13,512209150
8536,47802040,61113422,108915462,6,0,1,34816,8,4215954158
8537,47802310,39866294,87668604,8,0,0,46592,17,6649550758
8538,47805590,40116845,87922435,6,0,0,44544,8,7252104677
8539,47822730,40243659,88066389,8,0,0,19968,17,9290539853
8540,47832140,40054335,87886475,7,0,0,32256,6,6708388425
8541,47833370,40219534,88052904,5,0,0,14848,7,9901878532
8542,47850830,40377802,88228632,3,0,0,30208,7,10438102941
8543,47856850,40316273,88173123,9,0,0,56320,17,7294273966
8544,47862770,40313143,88175913,8,0,0,8704,17,1015163171
8545,47864440,39666760,87531200,7,0,0,29184,6,6155208484
8546,47871269,40369889,88241158,0,0,0,39936,18,6426068366
8547,47873730,40186552,88060282,7,0,0,9216,6,8257694039
8548,47874920,40416617,88291537,4,0,0,22528,13,3901420048
8549,47877730,61401316,109279046,5,0,1,133632,7,9501130277
8550,47880989,39853766,87734755,0,0,0,32256,18,2864795242
8551,47881379,41116340,88997719,0,0,0,119296,18,754281043
8552,47881749,40892067,88773816,0,0,0,30720,18,6311973351
8553,47885920,39789282,87675202,5,0,0,2560,7,6179446500
8554,47899670,39865929,87765599,7,0,0,5632,6,1070936475
8555,47910399,40372586,88282985,0,0,0,14336,18,2411913586
8556,47914060,40890070,88804130,1,0,0,13312,9,5111365853
8557,47915620,61364876,109280496,2,0,1,24576,13,6751850421
8558,47919070,40236870,88155940,7,0,0,72192,6,7114534492
8559,47921280,40792940,88714220,9,0,0,6656,17,400806700
8560,47929820,39826399,87756219,8,0,0,7680,17,4243760851
8561,47933369,61372603,109305972,0,0,1,22016,18,5947458631
8562,47935450,39897295,87832745,3,0,0,13312,7,6532907954
8563,47939539,39933970,87873509,0,0,0,26112,18,7762468002
8564,47941040,40386722,88327762,8,0,0,39424,17,3032020580
8565,47946060,39980142,87926202,6,0,0,12288,8,335712435
8566,47946800,40101557,88048357,7,0,0,63488,6,9399999905
8567,47950100,61387962,109338062,6,0,1,1024,8,8184043994
8568,47952990,40104461,88057451,4,0,0,14848,13,2393447998
8569,47956599,40690993,88647592,0,0,0,57344,18,1337791318
8570,47959330,40149549,88108879,6,0,0,24064,8,9493332488
8571,47961049,40441271,88402320,0,0,0,25600,18,2053823879
8572,47962770,40524528,88487298,3,0,0,26112,7,3338956119
8573,47963330,41288789,89252119,3,0,0,103936,7,4106596526
8574,47963630,40748539,88712169,8,0,0,34304,17,7452540516
8575,47967560,40661768,88629328,7,0,0,27648,6,3773506648
8576,47967930,40123177,88091107,9,0,0,8192,17,5811301052
8577,47972040,40405072,88377112,9,0,0,6144,17,4086359914
8578,47976630,40096346,88072976,8,0,0,6656,17,10670476037
8579,47977750,40241655,88219405,4,0,0,68096,13,1040248228
8580,47992590,40884528,88877118,4,0,0,48128,13,2981691488
8581,47993209,40684138,88677347,0,0,0,21504,18,2585491335
8582,48003030,40843230,88846260,8,0,0,36352,17,5971805807
8583,48003990,40359415,88363405,4,0,0,4096,13,2758706713
8584,48004630,41004835,89009465,9,0,0,26112,17,8528338630
8585,48006810,40396781,88403591,4,0,0,4096,13,3303779106
8586,48014789,61323296,109338085,4,0,1,7168,13,2065884437
8587,48015540,40296761,88312301,7,0,0,19968,6,4287886258
8588,48045061,40229791,88274852,2,0,0,1536,13,4900334616
8589,48048070,41247567,89295637,9,0,0,31744,17,7849332331
8590,48055980,40214171,88270151,6,0,0,9728,8,6094545127
8591,48070780,40494558,88565338,3,0,0,15360,7,651472522
8592,48080700,40007888,88088588,9,0,0,27648,17,9021155351
8593,48081630,41415373,89497003,4,0,0,9216,13,287374108
8594,48083059,40184105,88267164,0,0,0,1024,18,3288373723
8595,48098800,40952954,89051754,6,0,0,14336,8,3870177378
8596,48102780,41312111,89414891,5,0,0,46080,7,2968867962
8597,48114221,40241831,88356052,2,0,0,5120,13,6442683249
8598,48120631,40432995,88553626,2,0,0,72704,13,2857186890
8599,48121930,41146201,89268131,5,0,0,9216,7,8945147766
8600,48122569,40878917,89001486,0,0,0,12288,18,7210657906
8601,48127430,61247822,109375252,5,0,1,44032,7,5214582503
8602,48135050,39998871,88133921,9,0,0,9216,17,7942854978
8603,48142030,61809074,109951104,5,0,1,414720,7,9351355739
8604,48146560,40116346,88262906,9,0,0,49152,17,1677254615
8605,48148780,61842891,109991671,1,0,1,29184,9,8035273111
8606,48149800,40307187,88456987,6,0,0,37888,8,7534078984
8607,48152710,40509280,88661990,6,0,0,40960,8,1146141111
8608,48157300,41034659,89191959,3,0,0,50688,7,3880857107
8609,48162080,41359570,89521650,7,0,0,9216,6,3125444796
8610,48163331,40129321,88292652,2,0,0,3584,13,6699843342
8611,48174610,40569898,88744508,7,0,0,15872,6,8920558989
8612,48184340,40850965,89035305,3,0,0,1024,7,2190857373
8613,48189580,41423793,89613373,8,0,0,22016,17,2312092687
8614,48202931,40238811,88441742,2,0,0,44032,13,6633021153
8615,48218590,40048239,88266829,9,0,0,12800,17,2348930918
8616,48219930,41180898,89400828,8,0,0,33280,17,467355040
8617,48220710,41897637,90118347,6,0,0,51712,8,6770497032
8618,48222890,40357310,88580200,7,0,0,32768,6,488833580
8619,48224890,41152505,89377395,5,0,0,11776,7,531761006
8620,48232151,41340087,89572238,2,0,0,28160,13,6154517650
8621,48233059,39995908,88228967,0,0,0,1024,18,6363149134
8622,48239189,40141590,88380779,0,0,0,6656,18,4278452957
8623,48273530,40483283,88756813,5,0,0,15360,7,8301703736
8624,48274660,40241275,88515935,4,0,0,7168,13,34672710
8625,48278350,40986139,89264489,8,0,0,32768,17,5292536694
8626,48293021,40082196,88375217,2,0,0,10240,13,6838383417
8627,48295030,40567055,88862085,5,0,0,11776,7,10442819901
8628,48297050,40442599,88739649,6,0,0,64000,8,8879896045
8629,48297130,41340584,89637714,3,0,0,14848,7,5174721945
8630,48299820,41398955,89698775,3,0,0,15360,7,5073813455
8631,48301470,40710834,89012304,7,0,0,9216,6,10464946013
8632,48303470,40367302,88670772,4,0,0,28672,13,2927162826
8633,48308400,40341087,88649487,6,0,0,6144,8,5761270574
8634,48316479,41420076,89736555,0,0,0,8704,18,8269597593
8635,48320910,40714060,89034970,4,0,0,56320,13,1391003725
8636,48323260,40186538,88509798,5,0,0,9216,7,3334563716
8637,48327779,40129855,88457634,0,0,0,2048,18,9597842473
8638,48345509,40208943,88554452,0,0,0,2560,18,1325178114
8639,48353030,40428609,88781639,7,0,0,25600,6,3745883456
8640,48355370,41621991,89977361,5,0,0,1024,7,5868988370
8641,48362920,40733777,89096697,7,0,0,51712,6,9275479551
8642,48363431,40679541,89042972,2,0,0,25088,13,4576882332
8643,48365980,41503798,89869778,9,0,0,68096,17,7727474884
8644,48366350,41207159,89573509,8,0,0,4096,17,1846759290
8645,48368370,40649417,89017787,8,0,0,17920,17,6532037601
8646,48368770,61622924,109991694,7,0,1,4608,6,222559426
8647,48370080,61630256,110000336,9,0,1,14848,17,5580669710
8648,48396660,40458203,88854863,9,0,0,28160,17,2866191817
8649,48396830,40350719,88747549,5,0,0,5120,7,10059254311
8650,48399909,41664922,90064831,0,0,0,27136,18,2091153055
8651,48411760,40474741,88886501,7,0,0,30720,6,9544814876
8652,48414940,40349493,88764433,8,0,0,12800,17,8805213191
8653,48421120,41515496,89936616,4,0,0,24576,13,4239981993
8654,48423330,41539283,89962613,4,0,0,37376,13,6657728673
8655,48427210,40705064,89132274,6,0,0,35328,8,4039840525
8656,48428900,61605688,110034588,4,0,1,1024,13,3492436452
8657,48443950,61596993,110040943,7,0,1,8192,6,4109239187
8658,48445140,61595826,110040966,7,0,1,1536,6,463297862
8659,48447760,41390390,89838150,6,0,0,30208,8,8982749051
8660,48457740,40932925,89390665,4,0,0,39424,13,7229084952
8661,48461850,40708548,89170398,7,0,0,15360,6,4585379279
8662,48467129,41755017,90222146,0,0,0,10752,18,7634454058
8663,48473721,41596437,90070158,2,0,0,17408,13,8629024668
8664,48477480,41341075,89818555,4,0,0,11776,13,2331525327
8665,48489470,40369004,88858474,9,0,0,11776,17,9816576218
8666,48523859,40988176,89512035,0,0,0,37376,18,6928576238
8667,48529750,40426745,88956495,9,0,0,1024,17,8889058424
8668,48534920,40730372,89265292,4,0,0,2560,13,1254666862
8669,48539000,40284959,88823959,7,0,0,12800,6,5082687009
8670,48546930,40608134,89155064,8,0,0,47616,17,3464325029
8671,48551150,40749133,89300283,4,0,0,10752,13,2210916948
8672,48553060,40568427,89121487,6,0,0,52224,8,4184672853
8673,48557050,40608645,89165695,3,0,0,34816,7,3286103349
8674,48567030,40631036,89198066,8,0,0,19968,17,6682484725
8675,48579441,40896682,89476123,2,0,0,11264,13,9338560028
8676,48583860,61722499,110306359,5,0,1,176640,7,4152077749
8677,48587700,61777215,110364915,5,0,1,10240,7,4668702126
8678,48598770,61767439,110366209,5,0,1,24064,7,7593031421
8679,48600510,41710012,90310522,6,0,0,15872,8,8604125071
8680,48606860,41034095,89640955,4,0,0,512,13,7294956834
8681,48608650,41170659,89779309,9,0,0,35328,17,10566595790
8682,48625960,61748011,110373971,7,0,1,8192,6,8881027800
8683,48635839,42252324,90888163,0,0,0,9728,18,2569495609
8684,48643660,42150789,90794449,9,0,0,39424,17,3720683534
8685,48654919,40392444,89047363,0,0,0,14336,18,2217941467
8686,48662670,40557758,89220428,9,0,0,43520,17,7135893396
8687,48668740,61708803,110377543,5,0,1,5632,7,5232388445
8688,48669689,40537456,89207145,0,0,0,29696,18,4585985150
8689,48676290,40609652,89285942,3,0,0,42496,7,4157842625
8690,48676650,41241857,89918507,5,0,0,37888,7,488143863
8691,48688520,40565962,89254482,7,0,0,7680,6,10165732693
8692,48692730,40642699,89335429,7,0,0,19456,6,8358375702
8693,48695620,40658495,89354115,6,0,0,26112,8,9168450133
8694,48698750,40723972,89422722,4,0,0,25600,13,10569668551
8695,48702230,41701555,90403785,8,0,0,93184,17,4608108894
8696,48705411,41581642,90287053,2,0,0,20992,13,5880623018
8697,48726710,61660196,110386906,1,0,1,7168,9,4360204480
8698,48727300,41917776,90645076,6,0,0,23552,8,8666022777
8699,48740740,41976318,90717058,7,0,0,36864,6,4155306
8700,48740820,41053962,89794782,7,0,0,18944,6,7918140849
8701,48741860,41831377,90573237,8,0,0,52224,17,2915556417
8702,48752749,40807899,89560648,0,0,0,19968,18,2340686698
8703,48759820,41126124,89885944,6,0,0,49664,8,5926016859
8704,48762620,41578260,90340880,5,0,0,49152,7,5511542634
8705,48766310,41132807,89899117,6,0,0,12800,8,7930168621
8706,48774160,40789475,89563635,3,0,0,9728,7,10336471300
8707,48774170,41132770,89906940,7,0,0,25600,6,8510602910
8708,48776850,41664086,90440936,4,0,0,121856,13,6995111090
8709,48782290,41320278,90102568,8,0,0,12288,17,2347317851
8710,48790180,61643329,110433509,5,0,1,18432,7,9109345820
8711,48793460,41451115,90244575,9,0,0,30720,17,10412934689
8712,48793790,41663580,90457370,3,0,0,43520,7,9558726983
8713,48805850,42212607,91018457,8,0,0,11264,17,3063906332
8714,48814420,41450158,90264578,5,0,0,22016,7,1654571974
8715,48816600,41677116,90493716,4,0,0,16896,13,6194240226
8716,48827390,61606142,110433532,2,0,1,5632,13,8163989669
8717,48829100,41062951,89892051,5,0,0,19968,7,1165352997
8718,48837980,41218560,90056540,7,0,0,12800,6,8359793160
8719,48840411,40789100,89629511,2,0,0,23040,13,7524722022
8720,48856420,42261940,91118360,5,0,0,159744,7,2731960685
8721,48863230,61570504,110433734,9,0,1,9728,17,983247015
8722,48863530,40870350,89733880,8,0,0,31744,17,706358851
8723,48871110,41155481,90026591,3,0,0,5632,7,4076481585
8724,48888570,41555517,90444087,4,0,0,10240,13,5341723119
8725,48894699,42069910,90964609,0,0,0,56320,18,6996771382
8726,48895700,41335399,90231099,7,0,0,8704,6,7791580326
8727,48899530,61574350,110473880,4,0,1,7680,13,8477888399
8728,48908750,42353621,91262371,3,0,0,87040,7,2490033666
8729,48911460,40983734,89895194,5,0,0,10240,7,3581474353
8730,48922010,41280468,90202478,8,0,0,41984,17,1026606609
8731,48926380,61552538,110478918,4,0,1,7168,13,1739458769
8732,48929579,41021623,89951202,0,0,0,21504,18,8096974893
8733,48929690,61549251,110478941,5,0,1,5120,7,7092723545
8734,48936710,40848599,89785309,6,0,0,4608,8,2429585899
8735,48955040,41533497,90488537,4,0,0,41984,13,7394337960
8736,48979880,42332059,91311939,3,0,0,4096,7,9364798817
8737,48979900,40997126,89977026,3,0,0,25600,7,3395865435
8738,48985310,61493654,110478964,7,0,1,1536,6,1043029104
8739,48995480,41029372,90024852,7,0,0,25600,6,7938362296
8740,48996099,61482888,110478987,0,0,1,6656,18,10300118690
8741,49002190,40636483,89638673,6,0,0,3072,8,10295223587
8742,49003350,41067611,90070961,8,0,0,2560,17,3721781083
8743,49005031,61473979,110479010,8,0,1,1536,17,4124772411
8744,49005770,41011259,90017029,8,0,0,59904,17,5748139733
8745,49011670,40912851,89924521,4,0,0,512,13,7766556905
8746,49012360,61466673,110479033,7,0,1,9216,6,102171152
8747,49012560,41592887,90605447,3,0,0,11776,7,256411623
8748,49019710,41710703,90730413,5,0,0,31744,7,10395726026
8749,49043180,41118868,90162048,7,0,0,31232,6,2775522179
8750,49044180,42415125,91459305,5,0,0,43008,7,821767508
8751,49044200,40954554,89998754,6,0,0,9728,8,5615945456
8752,49045510,61435365,110480875,9,0,1,7168,17,7690086814
8753,49048049,41734365,90782414,0,0,0,30720,18,646093228
8754,49048690,61432531,110481221,7,0,1,512,6,9360622467
8755,49052090,41214071,90266161,4,0,0,5120,13,6863461515
8756,49060740,42491935,91552675,3,0,0,9216,7,9919636817
8757,49065390,42566775,91632165,8,0,0,8192,17,10643697245
8758,49070280,61413847,110484127,5,0,1,4608,7,3123889855
8759,49078470,41097388,90175858,3,0,0,9728,7,5767607931
8760,49085650,41012322,90097972,5,0,0,88576,7,6885781287
8761,49086650,41770170,90856820,7,0,0,36864,6,5117774759
8762,49097630,61389199,110486829,3,0,1,15872,7,731796059
8763,49108990,41104536,90213526,9,0,0,17408,17,731320128
8764,49113050,41009243,90122293,4,0,0,12800,13,4564948414
8765,49115730,61392272,110508002,7,0,1,1024,6,10634448300
8766,49123840,41823586,90947426,4,0,0,25600,13,5406522307
8767,49129359,41086530,90215889,0,0,0,7680,18,9779361009
8768,49130991,61377677,110508668,8,0,1,1024,17,3535325854
8769,49131650,41744649,90876299,8,0,0,1536,17,506226089
8770,49133830,42542753,91676583,3,0,0,6656,7,10577427060
8771,49137851,41929690,91067541,2,0,0,40960,13,6716337723
8772,49138870,41404514,90543384,4,0,0,9216,13,1976990004
8773,49139430,41024831,90164261,9,0,0,4608,17,9670566081
8774,49140090,42684486,91824576,8,0,0,47616,17,3376500344
8775,49141140,41094052,90235192,5,0,0,11776,7,9169248327
8776,49144050,41331672,90475722,6,0,0,23552,8,8260770847
8777,49144200,41355155,90499355,9,0,0,18432,17,1428167797
8778,49149420,61360631,110510051,6,0,1,14848,8,9231687133
8779,49156120,41665787,90821907,4,0,0,13312,13,3805685976
8780,49156500,61381174,110537674,6,0,1,2560,8,10018776867
8781,49163050,61377210,110540260,6,0,1,4096,8,9049913154
8782,49176419,61365147,110541566,0,0,1,2048,18,478892818
8783,49182549,41276248,90458797,0,0,0,4608,18,7422328822
8784,49213970,41148567,90362537,3,0,0,27136,7,6853906688
8785,49219920,41075892,90295812,8,0,0,28672,17,9837313261
8786,49255381,61306907,110562288,8,0,1,9728,17,2370297389
8787,49262230,41319610,90581840,9,0,0,28160,17,7946735442
8788,49264660,41879655,91144315,8,0,0,23040,17,9109333790
8789,49266890,41038773,90305663,7,0,0,32256,6,9897470532
8790,49273639,42127632,91401271,0,0,0,59392,18,837735177
8791,49273840,41990114,91263954,7,0,0,5120,6,4677151674
8792,49280471,41321365,90601836,2,0,0,14848,13,2758447990
8793,49280830,61289190,110570020,4,0,1,12288,13,10037447664
8794,49282721,41721604,91004325,2,0,0,31744,13,7585392994
8795,49284030,61687988,110972018,1,0,1,162304,9,1504884078
8796,49292820,61680824,110973644,6,0,1,2560,8,5916614841
8797,49293029,41018631,90311660,0,0,0,3584,18,2040137236
8798,49295251,42004854,91300105,2,0,0,24576,13,6058375506
8799,49303510,42640412,91943922,4,0,0,2560,13,8709067124
8800,49307640,41428820,90736460,9,0,0,14848,17,9446147663
8801,49308040,41861855,91169895,3,0,0,59392,7,307852823
8802,49318300,41150223,90468523,3,0,0,10752,7,1466087961
8803,49324790,42703153,92027943,4,0,0,16384,13,2992859754
8804,49325240,41139976,90465216,9,0,0,20992,17,9621078282
8805,49331630,42032040,91363670,3,0,0,26112,7,6258712788
8806,49336359,41168323,90504682,0,0,0,17408,18,8314790162
8807,49355370,41557519,90912889,4,0,0,49664,13,2096961891
8808,49360441,61613549,110973990,8,0,1,512,17,7852825272
8809,49367720,41172810,90540530,7,0,0,20480,6,6560502727
8810,49368860,41217436,90586296,7,0,0,9216,6,8427353203
8811,49376329,41540685,90917014,0,0,0,4608,18,4948780110
8812,49379119,41923395,91302514,0,0,0,3584,18,7735457943
8813,49387289,41294314,90681603,0,0,0,4096,18,5168030327
8814,49393660,61600032,110993692,1,0,1,47616,9,10492425006
8815,49394190,41490986,90885176,4,0,0,16896,13,7163722991
8816,49399130,61598108,110997238,7,0,1,5632,6,2411642478
8817,49400020,61644743,111044763,7,0,1,24576,6,325324764
8818,49408080,41908779,91316859,8,0,0,5120,17,7851022714
8819,49428711,42472157,91900868,2,0,0,137216,13,1657545410
8820,49432940,41582062,91015002,4,0,0,34816,13,972972949
8821,49440440,42277639,91718079,4,0,0,55296,13,1021872858
8822,49440570,42022502,91463072,8,0,0,12288,17,5671891857
8823,49441300,41553330,90994630,5,0,0,11776,7,9163897996
8824,49442269,41238063,90680332,0,0,0,8192,18,1607404821
8825,49451460,41095941,90547401,4,0,0,12800,13,5282248863
8826,49452310,41752801,91205111,4,0,0,27648,13,3677471866
8827,49472800,41388879,90861679,3,0,0,15872,7,1693604080
8828,49484779,41652493,91137272,0,0,0,10240,18,36349821
8829,49493180,41226553,90719733,6,0,0,8704,8,7736182624
8830,49507261,41544322,91051583,2,0,0,68608,13,3512063405
8831,49510540,61549951,111060491,7,0,1,13312,6,7816904804
8832,49512540,61548297,111060837,7,0,1,512,6,6089548323
8833,49512770,41723058,91235828,3,0,0,56320,7,1680591020
8834,49514180,41159252,90673432,7,0,0,10752,6,1292457003
8835,49516969,41474050,90991019,0,0,0,70144,18,8536948716
8836,49522159,41758533,91280692,0,0,0,32256,18,9369030755
8837,49527959,42473900,92001859,0,0,0,17408,18,6032391716
8838,49528839,61533624,111062463,0,0,1,2560,18,4058630739
8839,49532050,41389199,90921249,7,0,0,13824,6,9304298539
8840,49532920,41821762,91354682,6,0,0,41984,8,4477038216
8841,49534930,61554492,111089422,4,0,1,21504,13,218669182
8842,49541911,61547534,111089445,8,0,1,1024,17,7433529054
8843,49543130,41372434,90915564,4,0,0,8704,13,8678180018
8844,49545961,41509077,91055038,2,0,0,11264,13,4079962714
8845,49548210,61541258,111089468,7,0,1,1024,6,10361790649
8846,49553579,41747797,91301376,0,0,0,4096,18,1343391612
8847,49560891,41803114,91364005,2,0,0,1024,13,8305045634
8848,49561110,41469538,91030648,3,0,0,39936,7,846095844
8849,49568380,41947721,91516101,5,0,0,68096,7,623403541
8850,49568990,61521164,111090154,4,0,1,1536,13,2298430870
8851,49576740,61687501,111264241,6,0,1,29184,8,5828967017
8852,49578740,61686807,111265547,7,0,1,2048,6,1937837117
8853,49586630,41837332,91423962,8,0,0,20480,17,9464619947
8854,49591099,41951755,91542854,0,0,0,40960,18,4652287344
8855,49598160,41694434,91292594,6,0,0,7680,8,2886233863
8856,49598930,61668563,111267493,7,0,1,3072,6,5100831133
8857,49614560,41565342,91179902,4,0,0,32768,13,4324356271
8858,49628960,42063700,91692660,4,0,0,14336,13,6645000521
8859,49632190,41551187,91183377,4,0,0,1536,13,9380648414
8860,49634510,41636331,91270841,5,0,0,22528,7,4658328321
8861,49638369,61631710,111270079,0,0,1,4096,18,10547108264
8862,49639330,42753303,92392633,7,0,0,49152,6,8300614338
8863,49640670,41328954,90969624,9,0,0,16384,17,9009793691
8864,49641110,61629635,111270745,3,0,1,1024,7,7655533042
8865,49641410,42010444,91651854,6,0,0,29696,8,1145558904
8866,49669040,61604611,111273651,5,0,1,4608,7,7617530900
8867,49671740,42949502,92621242,3,0,0,30720,7,4728372036
8868,49676910,61632639,111309549,6,0,1,17408,8,8091503090
8869,49678190,41766950,91445140,4,0,0,29696,13,4359950032
8870,49687020,61653182,111340202,9,0,1,3584,17,7869872972
8871,49690590,41435749,91126339,3,0,0,26112,7,3873830434
8872,49694150,41994119,91688269,3,0,0,29696,7,1689701295
8873,49704510,42634741,92339251,3,0,0,6144,7,9347391274
8874,49707640,61632585,111340225,9,0,1,2048,17,2466123513
8875,49711070,42203736,91914806,4,0,0,34816,13,3472704327
8876,49712290,42604704,92316994,6,0,0,24064,8,10539222642
8877,49727110,43020457,92747567,6,0,0,31232,8,1158111611
8878,49732960,41604495,91337455,4,0,0,11264,13,6882693406
8879,49737450,41698619,91436069,6,0,0,5120,8,10585565417
8880,49739140,41551091,91290231,8,0,0,31232,17,8202403101
8881,49741590,42971900,92713490,9,0,0,32256,17,3585126014
8882,49745760,42170473,91916233,5,0,0,4608,7,10497352121
8883,49747309,42336917,92084226,0,0,0,40448,18,2352559934
8884,49752870,41549823,91302693,3,0,0,512,7,9405614185
8885,49755610,41678876,91434486,6,0,0,4608,8,1984251060
8886,49755990,41886793,91642783,7,0,0,32768,6,2821949118
8887,49757330,42184986,91942316,4,0,0,27136,13,9149407657
8888,49760160,61580088,111340248,6,0,1,13312,8,447552266
8889,49764320,41785524,91549844,5,0,0,13824,7,5943987813
8890,49771040,42197293,91968333,6,0,0,56320,8,6056662997
8891,49773010,41692228,91465238,6,0,0,4096,8,474028284
8892,49780100,42713227,92493327,9,0,0,86528,17,6514540057
8893,49781160,43201558,92982718,6,0,0,7680,8,4118388590
8894,49782470,43108634,92891104,3,0,0,71168,7,8984763654
8895,49794440,41729172,91523612,7,0,0,24576,6,1469177796
8896,49805080,41807392,91612472,7,0,0,17920,6,1746494941
8897,49808300,61535590,111343890,5,0,1,7680,7,2705266471
8898,49809469,42213451,92022920,0,0,0,26624,18,3577977986
8899,49814899,41906167,91721066,0,0,0,9728,18,5636667271
8900,49819970,43348730,93168700,4,0,0,32256,13,8745076074
8901,49829020,61514893,111343913,4,0,1,10240,13,7499576403
8902,49830700,41699643,91530343,5,0,0,22016,7,5460805162
8903,49834420,42815081,92649501,1,0,0,92672,9,4745748398
8904,49839461,42402240,92241701,2,0,0,10752,13,6991676592
8905,49844800,42059367,91904167,7,0,0,10752,6,7833350377
8906,49847110,42133639,91980749,8,0,0,20480,17,2836112500
8907,49852420,41727634,91580054,6,0,0,3072,8,818225876
8908,49869170,42077161,91946331,6,0,0,7680,8,207647992
8909,49871760,41735229,91606989,8,0,0,11264,17,8327910501
8910,49877900,43458783,93336683,9,0,0,71680,17,1408260364
8911,49889080,41776092,91665172,0,0,0,22016,18,3773439538
8912,49892650,61458044,111350694,5,0,1,19968,7,828477977
8913,49897770,42830407,92728177,8,0,0,48128,17,3791306499
8914,49900380,42164870,92065250,5,0,0,18432,7,4757000881
8915,49908770,42018433,91927203,5,0,0,8704,7,6735493258
8916,49911341,42383491,92294832,2,0,0,8192,13,1266239747
8917,49922481,41936556,91859037,2,0,0,52736,13,7437590916
8918,49924640,41620265,91544905,5,0,0,6656,7,3706811756
8919,49940651,42558338,92498989,2,0,0,16896,13,9514874112
8920,49941650,42462399,92404049,7,0,0,27136,6,6628193437
8921,49948200,42021248,91969448,5,0,0,3584,7,2266422061
8922,49952370,61459241,111411611,5,0,1,1536,7,8174484834
8923,49958520,41764879,91723399,4,0,0,3072,13,7368646460
8924,49960550,61451829,111412379,6,0,1,11776,8,2029022725
8925,49960860,42628852,92589712,7,0,0,54272,6,8646079172
8926,49965330,42176597,92141927,4,0,0,9728,13,10665654722
8927,49967630,41733578,91701208,4,0,0,13824,13,6972047065
8928,49974770,42141553,92116323,8,0,0,2048,17,7410231940
8929,49985650,41841516,91827166,5,0,0,7680,7,4284901094
8930,49990960,43416950,93407910,8,0,0,30208,17,5646463859
8931,49991769,41763916,91755685,0,0,0,2048,18,3743860030
8932,49998450,42373517,92371967,5,0,0,6144,7,4908582665
8933,49999370,61497157,111496527,9,0,1,10752,17,8814539586
8934,49999510,61499234,111498744,5,0,1,13312,7,6533955982
8935,50002760,42841096,92843856,7,0,0,15360,6,6921740302
8936,50007700,61495637,111503337,9,0,1,9216,17,2873470560
8937,50012460,41908632,91921092,6,0,0,15872,8,5313558001
8938,50025989,42535758,92561747,0,0,0,5120,18,826993943
8939,50028959,42042912,92071871,0,0,0,21504,18,9808059489
8940,50032770,41941716,91974486,4,0,0,13824,13,8159757120
8941,50037050,42272589,92309639,7,0,0,46080,6,9350113114
8942,50038960,42427980,92466940,5,0,0,66048,7,8862181374
8943,50052201,41918050,91970251,2,0,0,2560,13,518364613
8944,50053280,61462222,111515502,4,0,1,16384,13,10727390329
8945,50054270,42034979,92089249,5,0,0,16384,7,422992391
8946,50058059,41885060,91943119,0,0,0,2560,18,6346159814
8947,50068510,61478246,111546756,6,0,1,14336,8,9244492543
8948,50074741,42607167,92681908,2,0,0,6656,13,287125289
8949,50083720,43060627,93144347,6,0,0,12288,8,5120449267
8950,50084990,42883478,92968468,8,0,0,43008,17,6087795193
8951,50089600,41925185,92014785,8,0,0,7680,17,101703821
8952,50101880,41994079,92095959,7,0,0,512,6,7350745682
8953,50105300,61500165,111605465,4,0,1,13312,13,7121423770
8954,50107270,43450812,93558082,8,0,0,76800,17,9314465013
8955,50107499,42495148,92602647,0,0,0,13312,18,10353112136
8956,50114030,42476805,92590835,6,0,0,3584,8,2879670963
8957,50121930,41915240,92037170,8,0,0,30208,17,725170132
8958,50122500,61482988,111605488,4,0,1,9216,13,8198514376
8959,50122880,41823786,91946666,4,0,0,1024,13,5222973676
8960,50123989,43115540,93239529,0,0,0,11264,18,895275273
8961,50125300,41912049,92037349,9,0,0,512,17,2404571381
8962,50131930,43008627,93140557,7,0,0,47104,6,6290131494
8963,50136519,43568263,93704782,0,0,0,31744,18,7441874003
8964,50153321,42016916,92170237,2,0,0,2048,13,9204865574
8965,50157190,42092490,92249680,3,0,0,26112,7,8671661068
8966,50158730,42347334,92506064,4,0,0,4608,13,8860366965
8967,50159721,42166090,92325811,2,0,0,22528,13,10580782881
8968,50163170,42206902,92370072,5,0,0,7168,7,3290496587
8969,50163831,61454927,111618758,8,0,1,1536,17,8378447939
8970,50173000,42656302,92829302,4,0,0,32768,13,8915588933
8971,50174050,41978584,92152634,7,0,0,5120,6,8268395178
8972,50177920,41986329,92164249,3,0,0,2560,7,4856927024
8973,50180050,42639199,92819249,9,0,0,34304,17,814056879
8974,50184340,41916539,92100879,4,0,0,1536,13,2322593102
8975,50186980,42463792,92650772,3,0,0,4096,7,5559364997
8976,50191390,42546638,92738028,9,0,0,32256,17,10073959487
8977,50200920,43211069,93411989,7,0,0,13312,6,1941525896
8978,50203110,43368897,93572007,6,0,0,40448,8,3921574370
8979,50211790,42135151,92346941,4,0,0,1024,13,3547065786
8980,50223250,61395531,111618781,7,0,1,13312,6,7552520630
8981,50224410,41998903,92223313,9,0,0,7168,17,7442447084
8982,50226950,42140915,92367865,4,0,0,8192,13,1938428987
8983,50231050,42314271,92545321,4,0,0,3584,13,5816384562
8984,50235970,42048281,92284251,9,0,0,3584,17,6961627884
8985,50262930,43222627,93485557,9,0,0,20480,17,202585874
8986,50263430,43392239,93655669,6,0,0,22016,8,8944112404
8987,50266440,42925958,93192398,8,0,0,23552,17,6511435912
8988,50267359,43616195,93883554,0,0,0,72704,18,2614476206
8989,50269430,43008971,93278401,9,0,0,13312,17,2833472526
8990,50269600,61379009,111648609,6,0,1,2560,8,2608216009
8991,50271870,43167473,93439343,3,0,0,45568,7,3830820856
8992,50272380,43329968,93602348,6,0,0,52224,8,2070345349
8993,50275661,42007406,92283067,2,0,0,13312,13,2016222752
8994,50277740,42402117,92679857,3,0,0,37888,7,7018906895
8995,50279620,42481097,92760717,3,0,0,13824,7,4917367884
8996,50286990,43377149,93664139,9,0,0,3072,17,1011968287
8997,50292190,42280963,92573153,4,0,0,10240,13,5623621035
8998,50293340,61358175,111651515,5,0,1,4608,7,7637423699
8999,50295230,43646072,93941302,7,0,0,2560,6,9823923616
9000,50320990,42382649,92703639,3,0,0,7680,7,231348374
9001,50329780,61324001,111653781,9,0,1,3584,17,4956513922
9002,50335960,43382069,93718029,4,0,0,7168,13,4733021976
9003,50352710,42486443,92839153,5,0,0,32256,7,8784311837
9004,50360480,61294287,111654767,4,0,1,1536,13,1118269923
9005,50363320,42319079,92682399,4,0,0,1536,13,10059546762
9006,50370500,42577465,92947965,4,0,0,29184,13,9354364732
9007,50373561,42294706,92668267,2,0,0,57344,13,8236414884
9008,50375450,61279983,111655433,5,0,1,11264,7,5912408678
9009,50385751,42460468,92846219,2,0,0,7680,13,3374642573
9010,50389530,42016141,92405671,3,0,0,5120,7,4855744024
9011,50391251,42168913,92560164,2,0,0,48640,13,1488635876
9012,50391480,42634942,93026422,5,0,0,30208,7,10425668436
9013,50392249,42714834,93107083,0,0,0,15360,18,3855224605
9014,50392370,42174311,92566681,7,0,0,10240,6,1488606144
9015,50394009,43125742,93519751,0,0,0,512,18,7329719845
9016,50394330,42120877,92515207,8,0,0,13824,17,8165774784
9017,50396020,42501035,92897055,4,0,0,19456,13,2825797489
9018,50405040,61324054,111729094,5,0,1,1024,7,2433169687
9019,50412050,42289226,92701276,8,0,0,25088,17,3251501372
9020,50421800,61308882,111730682,9,0,1,15872,17,7230104249
9021,50423600,42473954,92897554,6,0,0,1536,8,7739452003
9022,50442250,43761268,94203518,4,0,0,5632,13,1162860963
9023,50447980,42045838,92493818,9,0,0,1536,17,8234456278
9024,50448760,61312946,111761706,4,0,1,512,13,5713325632
9025,50456950,42639167,93096117,3,0,0,62976,7,2946778463
9026,50461840,42723359,93185199,4,0,0,23040,13,8644427588
9027,50463850,61299482,111763332,9,0,1,2560,17,3857996519
9028,50465500,42804537,93270037,3,0,0,31232,7,62735853
9029,50474320,42211107,92685427,4,0,0,5632,13,2713228506
9030,50475831,61294512,111770343,8,0,1,29184,17,3024419938
9031,50493580,42539969,93033549,5,0,0,18944,7,3137796243
9032,50494090,61335197,111829287,7,0,1,12288,6,1458673527
9033,50495190,43350847,93846037,6,0,0,84992,8,9917523583
9034,50511610,61535737,112047347,9,0,1,24064,17,3597273303
9035,50520820,43618849,94139669,3,0,0,96768,7,9576941918
9036,50522250,42383149,92905399,3,0,0,22528,7,9410872348
9037,50524180,42396424,92920604,6,0,0,34816,8,1601008253
9038,50524500,42231982,92756482,7,0,0,29184,6,9188410404
9039,50533989,42521368,93055357,0,0,0,24576,18,3565500968
9040,50539070,42759379,93298449,3,0,0,25600,7,10197106771
9041,50540340,42612298,93152638,7,0,0,27136,6,9003996297
9042,50545110,42650127,93195237,6,0,0,9216,8,5628842092
9043,50545240,42913634,93458874,7,0,0,64000,6,7827257677
9044,50546540,43358418,93904958,5,0,0,20480,7,9545520482
9045,50554450,61492920,112047370,7,0,1,3072,6,8636049073
9046,50554740,42836900,93391640,6,0,0,2560,8,9559726926
9047,50558511,43025063,93583574,2,0,0,37888,13,6514197764
9048,50564940,43441331,94006271,9,0,0,37376,17,10551414746
9049,50571950,42383391,92955341,4,0,0,19968,13,3824627895
9050,50594630,43453645,94048275,7,0,0,69120,6,4257841874
9051,50594841,61452552,112047393,8,0,1,11264,17,583667778
9052,50596080,43343215,93939295,9,0,0,16896,17,10689209356
9053,50596331,42612826,93209157,2,0,0,13312,13,7867557755
9054,50599570,43687518,94287088,5,0,0,18944,7,9027923714
9055,50610570,42497472,93108042,9,0,0,3072,17,7910870355
9056,50611980,61453469,112065449,9,0,1,21504,17,8119749238
9057,50617170,61472566,112089736,7,0,1,1536,6,6023995957
9058,50624710,42363724,92988434,8,0,0,14336,17,62892685
9059,50628721,61461038,112089759,8,0,1,12800,17,8528481160
9060,50629970,42350385,92980355,6,0,0,38912,8,7838661321
9061,50642320,42711881,93354201,7,0,0,54272,6,10109249896
9062,50646601,43130307,93776908,2,0,0,10240,13,10087447373
9063,50657090,42733747,93390837,6,0,0,49664,8,10706162976
9064,50669490,44143864,94813354,8,0,0,24576,17,1689120550
9065,50676160,42722523,93398683,4,0,0,23040,13,3120060583
9066,50680130,43595767,94275897,8,0,0,12288,17,1993145761
9067,50682340,42488255,93170595,7,0,0,6144,6,8390260434
9068,50683730,44415140,95098870,3,0,0,13312,7,3767797802
9069,50685230,42428295,93113525,5,0,0,17920,7,8959586991
9070,50695830,43832623,94528453,8,0,0,117760,17,8162447097
9071,50705669,42880744,93586413,0,0,0,9216,18,10268746833
9072,50707360,42576368,93283728,9,0,0,17408,17,8167856429
9073,50708029,42664232,93372261,0,0,0,18944,18,6582415968
9074,50708180,42394200,93102380,6,0,0,20480,8,1006518241
9075,50708490,42496130,93204620,3,0,0,30720,7,5773263831
9076,50708540,42894767,93603307,3,0,0,3072,7,1477498415
9077,50709430,61461008,112170438,9,0,1,12800,17,8832944557
9078,50715850,61454611,112170461,9,0,1,3584,17,7278532141
9079,50717089,42534346,93251435,0,0,0,26624,18,8978993108
9080,50717430,43138302,93855732,9,0,0,31744,17,2891245884
9081,50720530,42532332,93252862,6,0,0,4608,8,1120996865
9082,50720810,43177862,93898672,9,0,0,23040,17,1146621417
9083,50738170,42986939,93725109,3,0,0,10240,7,9209165336
9084,50744930,42721082,93466012,5,0,0,11776,7,8002123927
9085,50747011,43447732,94194743,2,0,0,7168,13,10526343685
9086,50750001,61426152,112176153,8,0,1,6144,17,2633205363
9087,50754511,44847434,95601945,2,0,0,4608,13,9461495596
9088,50765939,43261253,94027192,0,0,0,34304,18,795810109
9089,50769730,42918953,93688683,8,0,0,12800,17,1011109648
9090,50770440,42838666,93609106,3,0,0,1024,7,2948200270
9091,50775240,42685381,93460621,6,0,0,5632,8,2633102899
9092,50788430,61429942,112218372,7,0,1,1024,6,638835973
9093,50790430,42950171,93740601,5,0,0,5632,7,8393460479
9094,50808640,42616788,93425428,6,0,0,44032,8,3247889607
9095,50821760,42515882,93337642,5,0,0,3072,7,3616974257
9096,50823430,61447612,112271042,1,0,1,13312,9,7445408876
9097,50824940,42489880,93314820,7,0,0,30720,6,4943258760
9098,50833760,43226425,94060185,7,0,0,17920,6,6512706786
9099,50836770,42826410,93663180,7,0,0,24576,6,3198704805
9100,50837211,43513400,94350611,2,0,0,17408,13,8588147931
9101,50839580,43114142,93953722,3,0,0,39936,7,5793754434
9102,50840650,61434361,112275011,6,0,1,6144,8,1359727119
9103,50841320,42970636,93811956,7,0,0,9728,6,7423115739
9104,50846490,42508982,93355472,5,0,0,4096,7,10417064865
9105,50848971,42959998,93808969,2,0,0,8704,13,10038441774
9106,50855230,43130403,93985633,7,0,0,31744,6,1719463986
9107,50857950,43304183,94162133,3,0,0,37376,7,2170364627
9108,50859710,42911228,93770938,4,0,0,5632,13,3253828426
9109,50861850,43192844,94054694,6,0,0,20992,8,4854270328
9110,50865300,43093114,93958414,5,0,0,8704,7,10678348342
9111,50867010,43597439,94464449,3,0,0,112640,7,3406242206
9112,50868270,43460615,94328885,8,0,0,43008,17,1928854217
9113,50870320,43278108,94148428,7,0,0,28672,6,9734691698
9114,50872290,43197925,94070215,4,0,0,32768,13,2239224073
9115,50872700,43033217,93905917,6,0,0,3072,8,6716253705
9116,50873400,61430967,112304367,9,0,1,4608,17,231670560
9117,50882449,43043482,93925931,0,0,0,30720,18,8319831232
9118,50885320,43204077,94089397,4,0,0,2048,13,10584351028
9119,50892240,43282240,94174480,7,0,0,40448,6,3261762987
9120,50907570,43361885,94269455,6,0,0,86016,8,6124669134
9121,50908010,43897833,94805843,5,0,0,45056,7,5058149112
9122,50910480,43006068,93916548,9,0,0,34816,17,9085534098
9123,50914790,43769001,94683791,6,0,0,64000,8,9962581622
9124,50922410,43663917,94586327,8,0,0,22528,17,9670431996
9125,50923970,61385345,112309315,5,0,1,24576,7,6570201768
9126,50927120,43557811,94484931,7,0,0,25600,6,9177409246
9127,50934860,43656482,94591342,5,0,0,16384,7,9850998992
9128,50934899,43146259,94081158,0,0,0,35840,18,6178508671
9129,50940600,61408915,112349515,6,0,1,9728,8,4485020513
9130,50942300,43751209,94693509,3,0,0,31744,7,2046693072
9131,50948250,43892849,94841099,5,0,0,29696,7,217515744
9132,50952800,43982753,94935553,4,0,0,47616,13,7336972271
9133,50954770,42781511,93736281,6,0,0,3584,8,10607051675
9134,50955609,44774880,95730489,0,0,0,18432,18,4674933004
9135,50955850,43451272,94407122,4,0,0,41472,13,6657844363
9136,50966430,43263116,94229546,4,0,0,512,13,7971520545
9137,50986620,43628764,94615384,5,0,0,10752,7,2889521760
9138,50994930,43600647,94595577,4,0,0,13824,13,7225274597
9139,51002170,43357356,94359526,9,0,0,29184,17,5427206781
9140,51006930,42987930,93994860,7,0,0,30208,6,6035379021
9141,51007990,61341548,112349538,6,0,1,9728,8,2558062205
9142,51009850,43567444,94577294,8,0,0,23040,17,7199299504
9143,51013970,61380604,112394574,1,0,1,45056,9,2071402281
9144,51026710,43191246,94217956,5,0,0,26624,7,9275608633
9145,51028890,61367630,112396520,4,0,1,3072,13,6064807023
9146,51028910,43795231,94824141,9,0,0,35328,17,2125377922
9147,51041450,61436537,112477987,1,0,1,34304,9,8167026578
9148,51052529,43280747,94333276,0,0,0,14336,18,9528133457
9149,51057290,61453943,112511233,5,0,1,15360,7,1512009833
9150,51058340,43582302,94640642,8,0,0,69632,17,371839291
9151,51060910,43416198,94477108,8,0,0,41472,17,8658557000
9152,51071600,43209693,94281293,9,0,0,15872,17,3902992755
9153,51074050,43874815,94948865,9,0,0,9216,17,2787014408
9154,51079641,44925087,96004728,2,0,0,3584,13,10286591012
9155,51082570,44867149,95949719,6,0,0,61440,8,5398379739
9156,51085670,61425586,112511256,5,0,1,3072,7,7086276654
9157,51087670,44673495,95761165,3,0,0,4096,7,6646157852
9158,51095780,61415499,112511279,9,0,1,9216,17,1730126454
9159,51114610,43190507,94305117,5,0,0,7168,7,4403296235
9160,51121330,61439223,112560553,9,0,1,4096,17,5999901039
9161,51126681,44444606,95571287,2,0,0,45056,13,3089317831
9162,51133500,44005437,95138937,8,0,0,16384,17,2396144625
9163,51137460,42723919,93861379,5,0,0,18432,7,4531859617
9164,51138580,42878137,94016717,6,0,0,15872,8,7996973987
9165,51145810,61422433,112568243,5,0,1,7680,7,6571081021
9166,51148620,43921000,95069620,9,0,0,64512,17,7457319900
9167,51150600,43192306,94342906,6,0,0,5120,8,8464859260
9168,51162390,61555698,112718088,2,0,1,27136,13,1544468136
9169,51165370,43398408,94563778,8,0,0,18944,17,3035448406
9170,51201810,61521269,112723079,6,0,1,4608,8,899440023
9171,51205119,43806924,95012043,0,0,0,39936,18,2989459806
9172,51207740,43713282,94921022,5,0,0,34816,7,5589928602
9173,51226890,43045240,94272130,3,0,0,8704,7,6495663475
9174,51227760,61514039,112741799,4,0,1,15872,13,1358147276
9175,51227959,61534321,112762280,0,0,1,7168,18,19957931
9176,51237500,61617963,112855463,9,0,1,7168,17,9919955486
9177,51239080,43894842,95133922,8,0,0,47616,17,8463271278
9178,51239180,43921245,95160425,9,0,0,5632,17,4423100169
9179,51256510,61599619,112856129,6,0,1,1024,8,6811644992
9180,51271160,42958207,94229367,4,0,0,37376,13,6847050485
9181,51275630,43027280,94302910,8,0,0,22016,17,5126451282
9182,51277270,43094681,94371951,8,0,0,9216,17,7058081003
9183,51277950,43085967,94363917,5,0,0,14336,7,7502783811
9184,51283390,43834402,95117792,6,0,0,52736,8,7681291521
9185,51285670,43654619,94940289,9,0,0,10240,17,7398645727
9186,51286351,61571404,112857755,8,0,1,2560,17,10290580722
9187,51301050,43244297,94545347,5,0,0,22528,7,5028431952
9188,51301120,43126049,94427169,3,0,0,17920,7,6192164045
9189,51303960,62141107,113445067,1,0,1,189952,9,8793377160
9190,51322520,44930749,96253269,5,0,0,38400,7,7489254914
9191,51332360,43220818,94553178,3,0,0,14336,7,4473859605
9192,51336670,43885378,95222048,4,0,0,36864,13,1646521824
9193,51337090,44024548,95361638,8,0,0,24576,17,10217848441
9194,51340311,43316374,94656685,2,0,0,17920,13,8425445230
9195,51343751,42932683,94276434,2,0,0,1536,13,7435996937
9196,51345450,43961712,95307162,9,0,0,46080,17,1154986230
9197,51358099,44289129,95647228,0,0,0,29184,18,3569515139
9198,51360740,42980583,94341323,7,0,0,2048,6,800696349
9199,51362720,43657770,95020490,8,0,0,27648,17,5249131693
9200,51367000,62078090,113445090,6,0,1,14336,8,2237286780
9201,51367090,43332717,94699807,3,0,0,8192,7,6312774460
9202,51369020,62178280,113547300,4,0,1,10240,13,6544578006
9203,51386410,42979410,94365820,9,0,0,6144,17,1957324848
9204,51389230,44541746,95930976,6,0,0,176128,8,6119161992
9205,51391841,62192794,113584635,8,0,1,10752,17,8575566845
9206,51396830,44102694,95499524,3,0,0,7168,7,9428428189
9207,51402751,62207857,113610608,8,0,1,5632,17,5562389749
9208,51421270,44217043,95638313,9,0,0,16896,17,5863641848
9209,51421650,44362739,95784389,9,0,0,35328,17,6031048645
9210,51424640,43650783,95075423,7,0,0,18944,6,8283256989
9211,51427690,44311277,95738967,5,0,0,6656,7,6741199364
9212,51447980,43118864,94566844,4,0,0,8704,13,6965362324
9213,51449789,44550502,96000291,0,0,0,6144,18,9228891388
9214,51455070,43192794,94647864,8,0,0,23552,17,788894707
9215,51457950,62152681,113610631,4,0,1,7168,13,3732033351
9216,51463680,43821440,95285120,6,0,0,26624,8,3526644099
9217,51463910,43417520,94881430,7,0,0,1536,6,1861781849
9218,51466530,43572079,95038609,5,0,0,59392,7,9834515806
9219,51478200,43060260,94538460,7,0,0,32768,6,1890070417
9220,51478300,44482564,95960864,6,0,0,23552,8,6130214918
9221,51499619,43151575,94651194,0,0,0,4608,18,5957861905
9222,51502840,43813104,95315944,3,0,0,512,7,7821916649
9223,51512720,43803045,95315765,9,0,0,28160,17,3599640494
9224,51513190,43486662,94999852,8,0,0,2560,17,8103756378
9225,51515240,43579551,95094791,8,0,0,17920,17,7113294179
9226,51517620,44507700,96025320,8,0,0,6656,17,4641971119
9227,51521690,42856802,94378492,5,0,0,512,7,1745433672
9228,51531970,44911852,96443822,8,0,0,20480,17,2268758043
9229,51533509,43802101,95335610,0,0,0,9728,18,2089922993
9230,51554140,62056514,113610654,9,0,1,2560,17,5407660621
9231,51554411,43588137,95142548,2,0,0,11776,13,7641836621
9232,51558589,43856569,95415158,0,0,0,38912,18,9646875256
9233,51559840,43642594,95202434,4,0,0,23552,13,5692757125
9234,51562480,62254357,113816837,1,0,1,99840,9,5670786309
9235,51565520,43084239,94649759,9,0,0,6144,17,7003251008
9236,51568380,44947779,96516159,8,0,0,512,17,542657339
9237,51568731,44113042,95681773,2,0,0,32768,13,6693935028
9238,51569780,44215747,95785527,3,0,0,3584,7,1275546393
9239,51582390,43298549,94880939,3,0,0,24064,7,3929318718
9240,51584020,43589902,95173922,8,0,0,35840,17,10186824311
9241,51588820,43939945,95528765,6,0,0,9728,8,7573238031
9242,51591430,43234294,94825724,8,0,0,5120,17,10138784081
9243,51602690,44054389,95657079,3,0,0,32256,7,10654397772
9244,51606080,43351575,94957655,4,0,0,19456,13,4673109392
9245,51612920,62203940,113816860,9,0,1,5120,17,9454544298
9246,51614750,62202133,113816883,5,0,1,2560,7,7751227890
9247,51614861,62213096,113827957,8,0,1,512,17,2201638984
9248,51616740,43209631,94826371,5,0,0,2048,7,7827572359
9249,51617489,44688920,96306409,0,0,0,4096,18,5953547166
9250,51628800,62199823,113828623,5,0,1,1024,7,2596583365
9251,51638269,43808551,95446820,0,0,0,13312,18,8872446161
9252,51655210,43637889,95293099,3,0,0,26112,7,8654256429
9253,51655910,43206121,94862031,9,0,0,1536,17,4851485668
9254,51659840,43459551,95119391,3,0,0,5120,7,6996374316
9255,51673130,43325919,94999049,3,0,0,113152,7,8424961958
9256,51673590,43376305,95049895,9,0,0,32256,17,802661386
9257,51678080,43273616,94951696,4,0,0,9216,13,3440132373
9258,51678850,43150994,94829844,7,0,0,3584,6,9406895571
9259,51687480,44674928,96362408,7,0,0,5632,6,9477125542
9260,51690650,62153647,113844297,7,0,1,8192,6,1491792114
9261,51701790,43777116,95478906,9,0,0,26624,17,5056857649
9262,51710720,43815058,95525778,5,0,0,33280,7,4497515316
9263,51712200,43987091,95699291,4,0,0,37888,13,9972806236
9264,51722800,43599875,95322675,6,0,0,22016,8,3902370664
9265,51727319,44109583,95836902,0,0,0,11776,18,2524292515
9266,51728330,44322876,96051206,4,0,0,13312,13,785238696
9267,51732400,62116403,113848803,7,0,1,7168,6,5060292099
9268,51737590,44022304,95759894,5,0,0,21504,7,1032005265
9269,51737659,43503915,95241574,0,0,0,29696,18,8128950133
9270,51738540,43515872,95254412,8,0,0,16896,17,8271120423
9271,51763180,44251399,96014579,3,0,0,32256,7,751471724
9272,51771510,43759314,95530824,7,0,0,6656,6,9090354604
9273,51774190,62289099,114063289,1,0,1,71168,9,7193372738
9274,51778120,62289115,114067235,2,0,1,13312,13,2367341965
9275,51783920,43903804,95687724,7,0,0,19456,6,10089621084
9276,51793039,44316272,96109311,0,0,0,8192,18,1787723933
9277,51794310,62272948,114067258,5,0,1,2048,7,8948807116
9278,51797690,43758475,95556165,6,0,0,9216,8,7805720552
9279,51810720,44168442,95979162,3,0,0,58368,7,517551744
9280,51817330,62256058,114073388,6,0,1,3584,8,4549931075
9281,51819380,43447110,95266490,5,0,0,1536,7,5918804693
9282,51831950,62241461,114073411,1,0,1,15360,9,1560623330
9283,51841940,44035326,95877266,6,0,0,11776,8,508800112
9284,51845560,43575725,95421285,1,0,0,13824,9,4043747866
9285,51854440,43247261,95101701,9,0,0,9216,17,9381886414
9286,51865590,43523584,95389174,6,0,0,40448,8,7225476685
9287,51868791,43990420,95859211,2,0,0,31232,13,2296388168
9288,51868960,43171084,95040044,8,0,0,4608,17,8468372383
9289,51870130,43340663,95210793,9,0,0,15872,17,6023566622
9290,51870270,43854580,95724850,8,0,0,8704,17,740277786
9291,51875190,44429940,96305130,6,0,0,107008,8,5274624609
9292,51875401,43677933,95553334,2,0,0,37888,13,8111737382
9293,51881120,43368121,95249241,5,0,0,25088,7,5427603888
9294,51886121,62334036,114220157,8,0,1,9728,17,757537588
9295,51892359,43844549,95736908,0,0,0,20992,18,2569309010
9296,51892660,44061005,95953665,5,0,0,12288,7,10232380997
9297,51893629,44791124,96684753,0,0,0,13312,18,10466651161
9298,51900240,43771526,95671766,4,0,0,48128,13,10401252600
9299,51900589,62321514,114222103,0,0,1,3072,18,9442131986
9300,51909290,44133914,96043204,9,0,0,4608,17,947909992
9301,51909970,62313439,114223409,6,0,1,2048,8,6235681419
9302,51910930,62313759,114224689,2,0,1,14336,13,9199274109
9303,51911710,44038188,95949898,8,0,0,512,17,933277796
9304,51916270,43899490,95815760,7,0,0,29184,6,2233564614
9305,51920699,43703096,95623795,0,0,0,7168,18,7726107582
9306,51921909,43425277,95347186,0,0,0,1024,18,8831349394
9307,51925080,62301555,114226635,5,0,1,3072,7,1782473321
9308,51925539,44346964,96272503,0,0,0,53760,18,6653030424
9309,51936210,43579405,95515615,3,0,0,52736,7,46373698
9310,51937760,43604007,95541767,7,0,0,35840,6,6557082255
9311,51947651,43670241,95617892,2,0,0,23040,13,2236536774
9312,51954650,44301450,96256100,8,0,0,9216,17,2338080265
9313,51957401,62300591,114257992,8,0,1,15872,17,5134197574
9314,51967139,43363600,95330739,0,0,0,5120,18,2011424301
9315,51972450,62353479,114325929,6,0,1,24064,8,9836315303
9316,51974950,62514031,114488981,2,0,1,8192,13,5848056684
9317,51985471,62530355,114515826,8,0,1,15872,17,10714799438
9318,52000570,62562282,114562852,2,0,1,2048,13,1053870400
9319,52008060,44852829,96860889,8,0,0,3072,17,4565773614
9320,52011710,44337190,96348900,6,0,0,6144,8,673928379
9321,52016920,43574485,95591405,7,0,0,4096,6,5361027586
9322,52017260,62545615,114562875,9,0,1,8192,17,6246708057
9323,52024611,62550004,114574615,8,0,1,37888,17,7515615974
9324,52040200,44000610,96040810,7,0,0,41984,6,5830213145
9325,52045030,62630746,114675776,2,0,1,15872,13,1588348282
9326,52045190,43996579,96041769,9,0,0,3072,17,788957336
9327,52058670,44347731,96406401,8,0,0,57344,17,8034148413
9328,52061839,43958911,96020750,0,0,0,19968,18,133055202
9329,52064450,43933946,95998396,8,0,0,53760,17,8124263976
9330,52066510,43961485,96027995,4,0,0,8704,13,1011016744
9331,52077370,62598429,114675799,5,0,1,1536,7,2660186701
9332,52080871,44872269,96953140,2,0,0,40960,13,6387438138
9333,52089570,43782970,95872540,9,0,0,30720,17,5460370433
9334,52093081,43629094,95722175,2,0,0,74240,13,7549039215
9335,52097500,44359289,96456789,5,0,0,26112,7,7262619032
9336,52108160,44201126,96309286,8,0,0,9216,17,4692080463
9337,52109520,44058483,96168003,3,0,0,44544,7,3077630881
9338,52109640,43480041,95589681,4,0,0,9728,13,8231425571
9339,52111650,43445809,95557459,6,0,0,4096,8,5798442481
9340,52113370,43933757,96047127,9,0,0,12800,17,5466314823
9341,52125380,44461819,96587199,3,0,0,19456,7,4455997583
9342,52130971,43674849,95805820,2,0,0,3072,13,9520857415
9343,52133970,62541852,114675822,6,0,1,3584,8,6952838750
9344,52144380,44222754,96367134,8,0,0,15360,17,1713722705
9345,52148150,62561280,114709430,2,0,1,11264,13,418467795
9346,52162789,43417675,95580464,0,0,0,1024,18,1155443171
9347,52164909,62545675,114710584,0,0,1,2048,18,5214989377
9348,52196210,62514958,114711168,7,0,1,2560,6,2849574035
9349,52207260,44556291,96763551,9,0,0,41472,17,9424095864
9350,52213390,43918267,96131657,8,0,0,5120,17,8592928821
9351,52217359,43786254,96003613,0,0,0,8192,18,6089389333
9352,52218800,43742555,95961355,9,0,0,1536,17,10667826943
9353,52221150,44288139,96509289,8,0,0,27648,17,6974473308
9354,52224000,62489434,114713434,2,0,1,3584,13,2152113204
9355,52235260,44361558,96596818,8,0,0,2560,17,2867054980
9356,52237090,44120280,96357370,3,0,0,27648,7,10680339751
9357,52238209,43829757,96067966,0,0,0,3072,18,9460499008
9358,52240830,62473910,114714740,5,0,1,2048,7,9914370414
9359,52244020,44281455,96525475,8,0,0,29696,17,10013680125
9360,52245520,43617637,95863157,5,0,0,6656,7,9323791909
9361,52249380,43820807,96070187,3,0,0,2048,7,9434478319
9362,52265350,43572199,95837549,8,0,0,2048,17,10437117415
9363,52285290,43696703,95981993,7,0,0,9216,6,1411905079
9364,52286680,62428406,114715086,9,0,1,512,17,2801854095
9365,52292420,44054577,96346997,4,0,0,58368,13,132761350
9366,52296130,62519632,114815762,5,0,1,5632,7,77333718
9367,52324160,44086788,96410948,8,0,0,14848,17,3030068920
9368,52331740,44523558,96855298,4,0,0,32768,13,8089945458
9369,52335460,62480325,114815785,6,0,1,1024,8,1993974448
9370,52345710,62470098,114815808,7,0,1,4096,6,9109174977
9371,52354941,44196618,96551559,2,0,0,18432,13,8197792173
9372,52358490,44270444,96628934,9,0,0,29184,17,513015059
9373,52368050,43802160,96170210,8,0,0,7168,17,3906156872
9374,52368700,43504955,95873655,7,0,0,3584,6,9298631884
9375,52377830,62438001,114815831,4,0,1,2048,13,7434278397
9376,52386840,43474266,95861106,7,0,0,6144,6,4677404542
9377,52389140,43611954,96001094,4,0,0,2560,13,5095163941
9378,52393290,43975427,96368717,8,0,0,5120,17,2269017372
9379,52398150,43683111,96081261,5,0,0,4608,7,4680903131
9380,52398820,43434471,95833291,9,0,0,22016,17,9673006000
9381,52402239,43926951,96329190,0,0,0,51712,18,2205835013
9382,52407700,62408154,114815854,5,0,1,1024,7,10043863091
9383,52410050,62405827,114815877,4,0,1,9728,13,7725142220
9384,52416281,43713793,96130074,2,0,0,45056,13,6375318745
9385,52417369,43943300,96360669,0,0,0,10752,18,795631369
9386,52420819,44551161,96971980,0,0,0,46592,18,7334889838
9387,52426010,43597259,96023269,7,0,0,8192,6,851541203
9388,52429250,44282928,96712178,3,0,0,6656,7,5376267914
9389,52434769,44475423,96910192,0,0,0,5120,18,4723347377
9390,52446150,44231523,96677673,6,0,0,12800,8,9627068826
9391,52457689,62361780,114819469,0,0,1,6656,18,1393439899
9392,52462909,44325080,96787989,0,0,0,31232,18,5074232159
9393,52463510,63417833,115881343,1,0,1,655872,9,2406804303
9394,52464220,44025497,96489717,7,0,0,35840,6,1971987479
9395,52469279,63425671,115894950,0,0,1,6144,18,3515636490
9396,52484820,44175872,96660692,5,0,0,30208,7,9767297190
9397,52498600,63404559,115903159,4,0,1,15872,13,6474509746
9398,52505000,63418470,115923470,2,0,1,9728,13,1469842779
9399,52514151,44137314,96651465,2,0,0,55296,13,10432713448
9400,52516930,43956693,96473623,3,0,0,10752,7,2996091143
9401,52517330,63406966,115924296,9,0,1,1536,17,6571243976
9402,52528540,44557913,97086453,8,0,0,37888,17,1614396012
9403,52534130,63545836,116079966,1,0,1,189440,9,6668795025
9404,52536270,63543719,116079989,1,0,1,2048,9,7510303611
9405,52536571,44480883,97017454,2,0,0,8192,13,1640363670
9406,52548190,43764863,96313053,8,0,0,12288,17,1124978903
9407,52552270,44170344,96722614,6,0,0,20480,8,7022068034
9408,52565531,44037819,96603350,2,0,0,10752,13,6069381891
9409,52569250,63548548,116117798,1,0,1,35840,9,10017482566
9410,52573390,44233758,96807148,9,0,0,7680,17,7061761312
9411,52575180,63563445,116138625,7,0,1,10240,6,8159294057
9412,52576079,43936564,96512643,0,0,0,4096,18,9815275811
9413,52583530,43848546,96432076,6,0,0,39936,8,8510673767
9414,52587580,44626926,97214506,7,0,0,22528,6,9854855839
9415,52589830,44570437,97160267,9,0,0,56320,17,8167054494
9416,52603720,43709668,96313388,6,0,0,1024,8,10310645958
9417,52604380,44332452,96936832,4,0,0,2560,13,9100890654
9418,52610011,44249880,96859891,2,0,0,14848,13,6861133110
9419,52617960,63540261,116158221,1,0,1,18432,9,9523641026
9420,52618000,43839124,96457124,3,0,0,1024,7,4356857167
9421,52618080,43882762,96500842,5,0,0,22528,7,7355957881
9422,52621380,44453506,97074886,9,0,0,20992,17,6263395599
9423,52625530,63550051,116175581,4,0,1,10240,13,2802263753
9424,52626509,44417159,97043668,0,0,0,22528,18,2920391284
9425,52628989,45128770,97757759,0,0,0,1024,18,59977988
9426,52631940,44729644,97361584,9,0,0,65536,17,8851405393
9427,52633069,44745409,97378478,0,0,0,33280,18,1315981535
9428,52633260,43932783,96566043,7,0,0,22016,6,9992704061
9429,52648140,44812546,97460686,8,0,0,31744,17,7665048946
9430,52650850,63527259,116178109,7,0,1,1024,6,6037773347
9431,52652430,44223184,96875614,8,0,0,8704,17,3023278246
9432,52653520,44895491,97549011,9,0,0,35840,17,1312345374
9433,52655360,43913468,96568828,7,0,0,2560,6,2640777374
9434,52657280,45061276,97718556,6,0,0,41984,8,4001436386
9435,52661990,43847478,96509468,8,0,0,512,17,10700057560
9436,52670980,43766579,96437559,8,0,0,17920,17,1224942523
9437,52678500,44591590,97270090,3,0,0,51200,7,2030381835
9438,52683970,63494485,116178455,4,0,1,512,13,2863367975
9439,52686860,45174403,97861263,5,0,0,8704,7,7751949293
9440,52695301,63484780,116180081,8,0,1,2560,17,8737462280
9441,52704410,44622201,97326611,3,0,0,22016,7,5596497950
9442,52711420,44103317,96814737,5,0,0,3072,7,5837744491
9443,52713950,44078742,96792692,9,0,0,15360,17,7498602747
9444,52715121,63465306,116180427,8,0,1,512,17,5616092733
9445,52718540,43943111,96661651,7,0,0,3072,6,4825400368
9446,52741080,44099290,96840370,5,0,0,9728,7,7868649525
9447,52749340,63470097,116219437,1,0,1,14336,9,9565976744
9448,52762720,44619845,97382565,7,0,0,13312,6,9477918628
9449,52770220,43901945,96672165,8,0,0,11264,17,1806853208
9450,52775890,44154198,96930088,8,0,0,5632,17,10284161594
9451,52787870,44946028,97733898,9,0,0,9216,17,2732674983
9452,52789850,44516521,97306371,3,0,0,11264,7,6659857525
9453,52792900,44124179,96917079,8,0,0,22528,17,4199113319
9454,52799720,44738348,97538068,9,0,0,17408,17,4029522096
9455,52805360,63414100,116219460,7,0,1,8704,6,821942722
9456,52810231,44174649,96984880,2,0,0,13312,13,10606691501
9457,52810960,43891163,96702123,7,0,0,11264,6,270345405
9458,52812601,45204816,98017417,2,0,0,95744,13,10270070251
9459,52813030,44292532,97105562,7,0,0,28160,6,6517549683
9460,52819200,63404783,116223983,5,0,1,18432,7,3046842100
9461,52820669,44510957,97331626,0,0,0,16384,18,3485576825
9462,52825140,43922000,96747140,9,0,0,7680,17,2822542608
9463,52829140,44445341,97274481,6,0,0,14336,8,6223155231
9464,52833340,63391923,116225263,5,0,1,14336,7,841483641
9465,52841691,63392373,116234064,8,0,1,5632,17,10308937541
9466,52846191,63392725,116238916,8,0,1,7680,17,2642455601
9467,52862460,63379682,116242142,5,0,1,5120,7,1811487763
9468,52868740,44641554,97510294,3,0,0,41472,7,1996350802
9469,52877140,44810451,97687591,6,0,0,49664,8,4256331785
9470,52880811,43737792,96618603,2,0,0,512,13,4705323257
9471,52884420,43813197,96697617,6,0,0,5120,8,3055055139
9472,52885381,44340585,97225966,2,0,0,9728,13,10047537329
9473,52909191,44541323,97450514,2,0,0,10752,13,414565471
9474,52920500,63322308,116242808,4,0,1,1024,13,4661215507
9475,52922010,44209204,97131214,9,0,0,44544,17,3635296253
9476,52929470,44025721,96955191,7,0,0,6656,6,3474289403
9477,52930501,44164243,97094744,2,0,0,27136,13,4584577611
9478,52936640,44366276,97302916,4,0,0,34304,13,1555837332
9479,52936900,44893975,97830875,5,0,0,24064,7,9125081624
9480,52938790,43771337,96710127,7,0,0,7168,6,3812445633
9481,52943269,63318933,116262202,0,0,1,7168,18,9536546711
9482,52946050,63316175,116262225,2,0,1,512,13,1810275224
9483,52955139,44891539,97846678,0,0,0,33792,18,2636498822
9484,52955549,44542086,97497635,0,0,0,21504,18,2777442088
9485,52967720,44704716,97672436,9,0,0,62464,17,8357900286
9486,52975440,63286808,116262248,6,0,1,3072,8,3126080631
9487,52979650,45054950,98034600,3,0,0,56320,7,9565361808
9488,52996100,44523272,97519372,6,0,0,26624,8,8239108529
9489,52997340,44433220,97430560,4,0,0,1536,13,8213866888
9490,52997830,44967911,97965741,4,0,0,5120,13,3329569577
9491,53004680,63257591,116262271,6,0,1,2560,8,10458173748
9492,53010259,44455964,97466223,0,0,0,3584,18,3199613093
9493,53019600,44549425,97569025,3,0,0,22016,7,8060965653
9494,53024140,63241086,116265226,1,0,1,15360,9,9254621449
9495,53024600,44255518,97280118,6,0,0,13824,8,9259743728
9496,53034660,43941044,96975704,7,0,0,9728,6,6819569641
9497,53037531,44098369,97135900,2,0,0,5120,13,682117460
9498,53046240,44844083,97890323,3,0,0,57856,7,5329037598
9499,53046340,43909186,96955526,8,0,0,1024,17,4290825315
9500,53049930,44681129,97731059,7,0,0,40960,6,4354292968
9501,53056840,44648901,97705741,6,0,0,2560,8,2170560159
9502,53058150,44573380,97631530,4,0,0,25600,13,8938952101
9503,53063820,44515212,97579032,3,0,0,32768,7,213157807
9504,53066660,63210089,116276749,4,0,1,6656,13,2743397971
9505,53084360,45204357,98288717,9,0,0,26112,17,2089985826
9506,53087040,43938375,97025415,6,0,0,512,8,2379305838
9507,53088520,44340864,97429384,9,0,0,12800,17,3432572287
9508,53095920,45000249,98096169,4,0,0,11776,13,4996287256
9509,53101201,44088849,97190050,2,0,0,15360,13,4775563827
9510,53103190,44265125,97368315,4,0,0,22016,13,2642187659
9511,53103290,63173818,116277108,4,0,1,9728,13,10564828661
9512,53104160,63206120,116310280,4,0,1,6656,13,2853679842
9513,53104210,44360890,97465100,7,0,0,5120,6,7869918241
9514,53106580,44598350,97704930,9,0,0,56832,17,6931813960
9515,53115140,44696119,97811259,4,0,0,62464,13,200549694
9516,53129130,63181816,116310946,7,0,1,1024,6,3548314552
9517,53161770,63151122,116312892,6,0,1,3072,8,8995356067
9518,53171230,44909193,98080423,0,0,0,8704,18,793675412
9519,53192730,63133215,116325945,5,0,1,27136,7,8860718416
9520,53199380,44749765,97949145,4,0,0,11776,13,3769026213
9521,53213530,63113081,116326611,0,0,1,1024,18,2573222659
9522,53214150,45037823,98251973,7,0,0,51712,6,6364997900
9523,53216600,44345694,97562294,7,0,0,43520,6,9840749503
9524,53229830,43867129,97096959,6,0,0,7168,8,4453928668
9525,53232030,44505167,97737197,4,0,0,10752,13,6584416952
9526,53236991,63090491,116327482,8,0,1,12288,17,1701536662
9527,53239919,43956394,97196313,0,0,0,20480,18,6300619247
9528,53246830,63090235,116337065,7,0,1,2048,6,5139409653
9529,53249860,44945281,98195141,0,0,0,39424,18,6541247850
9530,53251320,44976049,98227369,8,0,0,65024,17,9539157194
9531,53259240,44376525,97635765,9,0,0,13824,17,2682773705
9532,53260930,44377800,97638730,9,0,0,3072,17,5363729555
9533,53266730,44837809,98104539,0,0,0,7680,18,10588157880
9534,53267600,44122636,97390236,3,0,0,16384,7,4845401302
9535,53271740,44036838,97308578,4,0,0,7168,13,3267126399
9536,53276210,45066161,98342371,8,0,0,59904,17,4526728910
9537,53288400,44885050,98173450,4,0,0,52736,13,917204289
9538,53290550,44567227,97857777,3,0,0,36352,7,5417884259
9539,53291510,44786238,98077748,9,0,0,20992,17,9010179858
9540,53291990,45059987,98351977,8,0,0,4608,17,3488460318
9541,53300059,63041892,116341951,0,0,1,8704,18,8478033756
9542,53301889,63041342,116343231,0,0,1,14336,18,5805639130
9543,53326580,44934152,98260732,4,0,0,28672,13,7688842620
9544,53331700,45130633,98462333,5,0,0,54272,7,9018988986
9545,53332660,44459053,97791713,3,0,0,52736,7,3222439126
9546,53341541,63017637,116359178,8,0,1,14336,17,60295047
9547,53342050,44603484,97945534,8,0,0,15360,17,8955634266
9548,53343380,45304616,98647996,5,0,0,30208,7,7705139444
9549,53352070,44123232,97475302,1,0,0,4096,9,7649946539
9550,53371260,45001942,98373202,8,0,0,43008,17,7129832579
9551,53378340,62983104,116361444,6,0,1,3584,8,7439657520
9552,53383470,44994747,98378217,4,0,0,16384,13,1259405607
9553,53384980,62977770,116362750,1,0,1,2048,9,4634154425
9554,53388100,44769259,98157359,9,0,0,59904,17,6254413340
9555,53397350,44537218,97934568,7,0,0,53760,6,2468980028
9556,53398900,44064617,97463517,4,0,0,9216,13,1858336576
9557,53406050,44691858,98097908,9,0,0,5632,17,295301497
9558,53416920,45127408,98544328,4,0,0,38912,13,6019311747
9559,53419090,44652239,98071329,7,0,0,75264,6,4052034999
9560,53438150,45078897,98517047,5,0,0,30208,7,2404983356
9561,53443320,62919891,116363211,7,0,1,10240,6,4481874769
9562,53443550,62931561,116375111,1,0,1,9216,9,1498444066
9563,53445330,44752954,98198284,7,0,0,10240,6,8707444085
9564,53448010,44600364,98048374,1,0,0,44544,9,4000552296
9565,53450460,44341744,97792204,5,0,0,1536,7,5916883707
9566,53468940,62921483,116390423,4,0,1,512,13,1078998377
9567,53472430,62918016,116390446,7,0,1,13312,6,2531765252
9568,53474040,44560739,98034779,3,0,0,512,7,1866882167
9569,53483200,44457631,97940831,4,0,0,20480,13,6630556403
9570,53488490,62925462,116413952,1,0,1,17920,9,7849074475
9571,53490400,44602158,98092558,5,0,0,8192,7,4608436709
9572,53495400,44402092,97897492,0,0,0,12288,18,9164124218
9573,53500250,44463908,97964158,3,0,0,38400,7,8474332168
9574,53503840,44235382,97739222,3,0,0,5632,7,7476439996
9575,53504870,44873682,98378552,5,0,0,1024,7,2512714665
9576,53510351,62935488,116445839,8,0,1,21504,17,9064160441
9577,53511480,44347108,97858588,8,0,0,2560,17,5648279048
9578,53512440,44319394,97831834,3,0,0,3072,7,7320870993
9579,53514200,45166196,98680396,0,0,0,18432,18,8090751611
9580,53521971,62946243,116468214,8,0,1,1024,17,7188090817
9581,53531960,45142797,98674757,3,0,0,46080,7,1310945653
9582,53534810,44550316,98085126,7,0,0,15360,6,7447076615
9583,53537110,44381055,97918165,8,0,0,32768,17,3478478793
9584,53540160,62928720,116468880,1,0,1,1024,9,1473666789
9585,53545520,62927700,116473220,2,0,1,15360,13,6166781580
9586,53547700,44538229,98085929,1,0,0,2560,9,4139946421
9587,53555220,62918359,116473579,9,0,1,9728,17,10046681606
9588,53555340,44534699,98090039,5,0,0,1024,7,9067197531
9589,53556410,62925017,116481427,2,0,1,3584,13,7411475458
9590,53557480,44532216,98089696,5,0,0,12288,7,3345394107
9591,53559020,44912717,98471737,9,0,0,12288,17,10559098094
9592,53562140,44645371,98207511,9,0,0,30208,17,3372890350
9593,53565681,62918562,116484243,8,0,1,4096,17,3742379328
9594,53566960,45093726,98660686,3,0,0,32256,7,6885245228
9595,53573780,44375700,97949480,4,0,0,1024,13,4553720055
9596,53579330,45244765,98824095,5,0,0,25088,7,2651795207
9597,53579930,45408230,98988160,8,0,0,8704,17,6783375635
9598,53585979,62898495,116484474,0,0,1,10240,18,134394495
9599,53601880,44996341,98598221,5,0,0,29184,7,2925604405
9600,53612670,44486673,98099343,9,0,0,4608,17,1112532098
9601,53614070,62871521,116485591,4,0,1,1536,13,10720892522
9602,53622230,44483424,98105654,7,0,0,3584,6,6973467150
9603,53622900,62878890,116501790,4,0,1,5632,13,3110855793
9604,53623190,44559916,98183106,8,0,0,13312,17,1379455091
9605,53628140,62886807,116514947,4,0,1,2560,13,7961487749
9606,53629940,45257637,98887577,7,0,0,74240,6,7697592557
9607,53642150,44789693,98431843,4,0,0,28672,13,8642967281
9608,53644140,44994294,98638434,3,0,0,54272,7,7340841719
9609,53653620,44907901,98561521,7,0,0,18944,6,6810229832
9610,53669800,44678355,98348155,4,0,0,15360,13,5805646962
9611,53673040,62841930,116514970,9,0,1,1024,17,6744985623
9612,53674290,44833530,98507820,3,0,0,8192,7,2121696500
9613,53675869,62839124,116514993,0,0,1,9216,18,4726002496
9614,53680521,45304964,98985485,2,0,0,40448,13,7300892719
9615,53680731,44550428,98231159,2,0,0,12288,13,498286457
9616,53682960,44670618,98353578,8,0,0,4608,17,5967681507
9617,53693240,44729327,98422567,5,0,0,37888,7,750246741
9618,53694400,62866350,116560750,6,0,1,12800,8,8783646739
9619,53707180,45092736,98799916,1,0,0,23552,9,2407379603
9620,53715780,44580541,98296321,0,0,0,7680,18,3241167217
9621,53721540,62839556,116561096,5,0,1,512,7,7248640522
9622,53742351,45028317,98770668,2,0,0,36352,13,595882989
9623,53748000,45394115,99142115,7,0,0,24064,6,4220076844
9624,53754170,44688015,98442185,9,0,0,1024,17,1193212169
9625,53757170,45059258,98816428,6,0,0,7168,8,912741032
9626,53764220,44677630,98441850,4,0,0,32768,13,6746904455
9627,53769150,45220307,98989457,7,0,0,3072,6,9383263769
9628,53781870,44781595,98563465,1,0,0,3584,9,1741581063
9629,53790320,44903904,98694224,4,0,0,3072,13,10215307276
9630,53797531,44774842,98572373,2,0,0,19968,13,2548726820
9631,53801030,44522656,98323686,8,0,0,7680,17,8300845255
9632,53801930,44848897,98650827,9,0,0,9216,17,6267370219
9633,53804380,44700921,98505301,8,0,0,10752,17,341529478
9634,53807400,44952169,98759569,6,0,0,72192,8,10165643579
9635,53814080,44661761,98475841,5,0,0,3072,7,3299598326
9636,53821640,45331911,99153551,7,0,0,6144,6,2314268446
9637,53828050,44574734,98402784,6,0,0,8704,8,5792657377
9638,53831000,44790875,98621875,8,0,0,34304,17,3626449041
9639,53834310,45377819,99212129,7,0,0,24576,6,274657304
9640,53848099,62715263,116563362,0,0,1,3584,18,8153471161
9641,53856181,44718568,98574749,2,0,0,2560,13,825167924
9642,53861760,45168714,99030474,4,0,0,52736,13,10382853377
9643,53880810,44726347,98607157,3,0,0,22528,7,7388412256
9644,53888410,44808054,98696464,8,0,0,6656,17,10025298076
9645,53890950,44794149,98685099,6,0,0,15360,8,308313919
9646,53891650,62676778,116568428,4,0,1,4096,13,2209020401
9647,53891740,45264693,99156433,5,0,0,7168,7,7721603865
9648,53894560,44744209,98638769,5,0,0,1024,7,8264185152
9649,53895080,45324560,99219640,4,0,0,24576,13,4394845195
9650,53907960,45414809,99322769,0,0,0,20992,18,2570279735
9651,53909521,44944089,98853610,2,0,0,2048,13,5050300346
9652,53917150,45434091,99351241,1,0,0,34304,9,6672644813
9653,53920760,62647691,116568451,7,0,1,512,6,4227294110
9654,53920950,62651655,116572605,1,0,1,23040,9,2293963393
9655,53933500,45190322,99123822,5,0,0,45056,7,9239122767
9656,53935970,44795583,98731553,0,0,0,15872,18,3049425959
9657,53937480,44956283,98893763,1,0,0,15360,9,5551530055
9658,53944690,44826469,98771159,4,0,0,1536,13,4816568558
9659,53955350,45376981,99332331,3,0,0,27136,7,7789964096
9660,53955741,45696089,99651830,2,0,0,111104,13,9814608865
9661,53956490,44736767,98693257,9,0,0,26624,17,4042988264
9662,53966170,44771334,98737504,6,0,0,19456,8,9573561716
9663,53968481,62605750,116574231,8,0,1,2560,17,10642729492
9664,53976420,44982016,98958436,3,0,0,9216,7,10635303550
9665,53985260,45468567,99453827,6,0,0,87040,8,404596115
9666,53987170,45027213,99014383,9,0,0,20992,17,9813379300
9667,53988090,44900446,98888536,7,0,0,3072,6,6026109394
9668,53988460,45090780,99079240,1,0,0,25600,9,7261404567
9669,53990911,44919339,98910250,2,0,0,26624,13,3969126286
9670,54007010,45119175,99126185,5,0,0,7680,7,4155899780
9671,54007100,45412502,99419602,5,0,0,80384,7,9853722714
9672,54008990,62611837,116620827,9,0,1,1024,17,6992758215
9673,54009250,62611936,116621186,9,0,1,9728,17,3920505608
9674,54016810,62604735,116621545,1,0,1,9728,9,858574892
9675,54017841,45155508,99173349,2,0,0,28672,13,5427314635
9676,54018880,62696804,116715684,1,0,1,1024,9,1925485024
9677,54023860,45086211,99110071,0,0,0,7168,18,8314296158
9678,54024831,62690876,116715707,8,0,1,5632,17,8843587053
9679,54028201,44819733,98847934,2,0,0,3584,13,8089791649
9680,54029780,45261365,99291145,9,0,0,5632,17,8588374510
9681,54030390,44937082,98967472,1,0,0,3584,9,3237150596
9682,54033170,44909679,98942849,7,0,0,21504,6,6292963885
9683,54040730,45648187,99688917,4,0,0,35840,13,6648058137
9684,54046410,62669320,116715730,9,0,1,1024,17,4697049097
9685,54050650,44861027,98911677,5,0,0,4608,7,30921609
9686,54051140,45153478,99204618,0,0,0,10240,18,8485760428
9687,54052700,45044947,99097647,1,0,0,8192,9,3000819936
9688,54056730,45144566,99201296,1,0,0,91648,9,6513502689
9689,54064490,45759235,99823725,1,0,0,9216,9,2228392196
9690,54066770,45445792,99512562,0,0,0,37888,18,1347199731
9691,54072390,45404870,99477260,0,0,0,49664,18,2024216968
9692,54080120,45156491,99236611,6,0,0,6656,8,8069942394
9693,54094720,45176305,99271025,8,0,0,57856,17,9435714243
9694,54094790,45138335,99233125,4,0,0,13824,13,3657678003
9695,54097920,45181392,99279312,6,0,0,9728,8,4142596424
9696,54098910,45591902,99690812,6,0,0,6144,8,8104044084
9697,54100950,45127940,99228890,4,0,0,6656,13,6271118960
9698,54101290,62653875,116755165,9,0,1,1536,17,3749420696
9699,54101740,45630847,99732587,8,0,0,67072,17,5504138480
9700,54115490,45385505,99500995,4,0,0,77824,13,696307761
9701,54121230,45080245,99201475,9,0,0,512,17,8178391813
9702,54128950,62717389,116846339,7,0,1,7680,6,4730593644
9703,54129240,45105320,99234560,9,0,0,4608,17,6230163841
9704,54132230,45417624,99549854,6,0,0,42496,8,8792322741
9705,54135150,45387380,99522530,8,0,0,13312,17,1683175939
9706,54135890,45619952,99755842,1,0,0,9216,9,4711371794
9707,54139790,45558119,99697909,5,0,0,9216,7,5490111739
9708,54147040,62699428,116846468,4,0,1,10752,13,7009566726
9709,54150300,45516841,99667141,5,0,0,50176,7,3155724608
9710,54156810,45238277,99395087,7,0,0,40448,6,202925362
9711,54163730,45444039,99607769,8,0,0,87040,17,1890579605
9712,54170400,45256089,99426489,9,0,0,22528,17,9188518497
9713,54173000,62699550,116872550,6,0,1,6656,8,3839610883
9714,54176220,45498455,99674675,9,0,0,24576,17,2113699200
9715,54176440,62835882,117012322,6,0,1,21504,8,2893682474
9716,54182591,45141449,99324040,2,0,0,4096,13,9297887680
9717,54189230,62871249,117060479,3,0,1,8192,7,3334447109
9718,54190051,45846981,100037032,2,0,0,28672,13,6871297525
9719,54193610,45500657,99694267,3,0,0,11264,7,2491307422
9720,54197180,45420752,99617932,3,0,0,33280,7,800081765
9721,54198810,45715073,99913883,6,0,0,29696,8,2857270321
9722,54199870,45772648,99972518,3,0,0,12288,7,2192689707
9723,54203491,45734296,99937787,2,0,0,14336,13,5437735230
9724,54204510,45548501,99753011,4,0,0,33280,13,376209650
9725,54205771,45353080,99558851,2,0,0,6656,13,9817848527
9726,54206830,45471144,99677974,4,0,0,10752,13,10031291814
9727,54217660,45782984,100000644,3,0,0,75776,7,8509823544
9728,54219210,45135486,99354696,9,0,0,11264,17,556717965
9729,54225650,45743101,99968751,1,0,0,40448,9,1085528777
9730,54228570,45748963,99977533,8,0,0,16384,17,7275666200
9731,54229120,45465950,99695070,4,0,0,2560,13,2183390654
9732,54235410,45641495,99876905,8,0,0,45568,17,9717677575
9733,54236100,62824402,117060502,1,0,1,9728,9,9626508272
9734,54237630,62824542,117062172,4,0,1,3584,13,3794954265
9735,54253321,62814036,117067357,8,0,1,16384,17,6755642429
9736,54259230,62954359,117213589,7,0,1,19968,6,65827296
9737,54267050,45748215,100015265,4,0,0,20480,13,10678527036
9738,54269011,62944834,117213845,8,0,1,9216,17,8873649563
9739,54275710,46065041,100340751,3,0,0,8192,7,2678744085
9740,54279080,45773383,100052463,5,0,0,25600,7,3515341793
9741,54284000,45535017,99819017,9,0,0,16896,17,10086133026
9742,54285040,45489352,99774392,5,0,0,32768,7,456828104
9743,54286350,62975472,117261822,1,0,1,1536,9,4506121026
9744,54291520,45824181,100115701,4,0,0,7168,13,5012420942
9745,54292700,45998971,100291671,6,0,0,31744,8,6546002490
9746,54293000,45447254,99740254,5,0,0,25088,7,2013383081
9747,54295771,62968637,117264408,8,0,1,4096,17,499493090
9748,54301940,46005039,100306979,5,0,0,36864,7,2102401100
9749,54305920,46173985,100479905,1,0,0,24064,9,310381365
9750,54309870,45550762,99860632,9,0,0,47104,17,1050799235
9751,54314150,45613194,99927344,8,0,0,2560,17,4300520565
9752,54326540,45786954,100113494,4,0,0,12288,13,6885868566
9753,54327420,62979371,117306791,1,0,1,13824,9,6155218868
9754,54330149,62982772,117312921,0,0,1,3072,18,2956058834
9755,54332320,45897896,100230216,8,0,0,1024,17,10375087258
9756,54353250,45756477,100109727,1,0,0,52224,9,10180371654
9757,54355680,45672570,100028250,9,0,0,27136,17,1007649172
9758,54356110,46094508,100450618,0,0,0,90624,18,1299150361
9759,54360120,45955167,100315287,8,0,0,20992,17,8007112551
9760,54361160,45906889,100268049,9,0,0,46080,17,2775853791
9761,54361500,62989817,117351317,6,0,1,7680,8,2249844596
9762,54361890,45479060,99840950,6,0,0,3072,8,7849213919
9763,54364980,46104271,100469251,6,0,0,11776,8,4870066429
9764,54365100,45853989,100219089,3,0,0,21504,7,6017567754
9765,54367580,62986340,117353920,6,0,1,16384,8,10426193721
9766,54382970,46170384,100553354,1,0,0,14336,9,2228700215
9767,54383020,45991926,100374946,1,0,0,3584,9,2637598269
9768,54397730,46022462,100420192,7,0,0,30208,6,3702943872
9769,54401561,45877102,100278663,2,0,0,9216,13,5629867837
9770,54404580,63060020,117464600,2,0,1,18432,13,8969853514
9771,54405060,46246215,100651275,5,0,0,9216,7,9296936746
9772,54406451,45863360,100269811,2,0,0,5632,13,8332393129
9773,54416740,63155762,117572502,3,0,1,2560,7,2363262195
9774,54420011,45779430,100199441,2,0,0,7680,13,5143033412
9775,54420430,45720241,100140671,3,0,0,18944,7,6093429681
9776,54421540,46452248,100873788,5,0,0,6144,7,4320199447
9777,54441890,46430003,100871893,7,0,0,27648,6,10669938724
9778,54441900,45699106,100141006,0,0,0,1024,18,4873397150
9779,54442930,46547643,100990573,0,0,0,1536,18,1778928420
9780,54455430,46075454,100530884,0,0,0,86528,18,3819919195
9781,54466310,46020825,100487135,9,0,0,23552,17,2215447690
9782,54471940,46246834,100718774,9,0,0,22016,17,734043773
9783,54473660,46029722,100503382,6,0,0,53248,8,4679878327
9784,54474900,45936065,100410965,6,0,0,20480,8,9085427102
9785,54490481,46738022,101228503,2,0,0,12800,13,3787120696
9786,54491040,45981510,100472550,3,0,0,10752,7,2450698069
9787,54491220,46124482,100615702,8,0,0,104448,17,9439606927
9788,54493660,46967937,101461597,4,0,0,55808,13,9875767026
9789,54494011,46160899,100654910,2,0,0,11776,13,3457406837
9790,54494960,63080864,117575824,6,0,1,6144,8,8552145528
9791,54497970,46123238,100621208,8,0,0,15360,17,1861751432
9792,54499110,46452494,100951604,3,0,0,512,7,5625800016
9793,54500720,63179190,117679910,4,0,1,9216,13,4857394662
9794,54502700,46081155,100583855,6,0,0,32256,8,5701079944
9795,54503480,45721248,100224728,6,0,0,18432,8,2691599968
9796,54506121,47060434,101566555,2,0,0,26112,13,7093683718
9797,54507081,46324682,100831763,2,0,0,31744,13,1641389670
9798,54507579,63307764,117815343,0,0,1,3584,18,9265262236
9799,54517640,45800715,100318355,7,0,0,5632,6,7118377710
9800,54532160,46007483,100539643,0,0,0,28672,18,382833345
9801,54533330,63857601,118390931,2,0,1,121344,13,3715169155
9802,54534200,46095299,100629499,5,0,0,27136,7,7573880459
9803,54537370,45785237,100322607,4,0,0,12288,13,8072034338
9804,54538000,46106186,100644186,3,0,0,48128,7,1325118920
9805,54548750,45693649,100242399,5,0,0,3584,7,2669292165
9806,54579400,45873269,100452669,5,0,0,6656,7,5819747532
9807,54579620,46100208,100679828,9,0,0,11264,17,1618994097
9808,54588460,45954170,100542630,4,0,0,9728,13,4096493637
9809,54593360,46167245,100760605,3,0,0,40448,7,4691260331
9810,54596480,45754007,100350487,5,0,0,3072,7,860944600
9811,54596490,47195279,101791769,1,0,0,132608,9,9321194271
9812,54599750,45692412,100292162,3,0,0,1536,7,738140365
9813,54600420,45770443,100370863,0,0,0,24576,18,7592612053
9814,54600920,46221148,100822068,7,0,0,27648,6,10106750187
9815,54604171,45900326,100504497,2,0,0,3584,13,4550848128
9816,54607310,46041134,100648444,3,0,0,6656,7,3717814665
9817,54607870,47042137,101650007,6,0,0,25600,8,1701927726
9818,54614380,45851260,100465640,3,0,0,42496,7,6913585213
9819,54623740,46710940,101334680,9,0,0,3072,17,3049867348
9820,54625490,45991015,100616505,7,0,0,2560,6,3051407943
9821,54642510,46200352,100842862,6,0,0,36352,8,1306712268
9822,54643911,45902197,100546108,2,0,0,3072,13,7732857304
9823,54646390,46371179,101017569,5,0,0,33792,7,8000815107
9824,54653050,45892099,100545149,6,0,0,8192,8,8714087637
9825,54654270,63760473,118414743,7,0,1,6656,6,7256199420
9826,54659020,46089214,100748234,1,0,0,48128,9,3573847217
9827,54663660,46140991,100804651,7,0,0,32256,6,8611808408
9828,54664280,46311797,100976077,3,0,0,26624,7,3853098535
9829,54673250,46254808,100928058,8,0,0,21504,17,6411403989
9830,54698320,46269622,100967942,7,0,0,1024,6,6962688680
9831,54717930,63730320,118448250,5,0,1,30720,7,10604497931
9832,54726900,45967306,100694206,7,0,0,23552,6,2426110731
9833,54727520,46135353,100862873,9,0,0,19456,17,1105899125
9834,54728000,46391718,101119718,5,0,0,29184,7,10238375119
9835,54728570,46248466,100977036,6,0,0,3072,8,5824382421
9836,54729430,45916963,100646393,6,0,0,7168,8,9004825451
9837,54731710,47107427,101839137,4,0,0,22016,13,6752976399
9838,54736361,46150288,100886649,2,0,0,17408,13,28299718
9839,54737670,46728364,101466034,9,0,0,14336,17,3847061360
9840,54738050,46229557,100967607,1,0,0,28672,9,5468449966
9841,54740490,63714678,118455168,9,0,1,2048,17,739906661
9842,54744660,46366143,101110803,8,0,0,26112,17,1868570874
9843,54776290,46071275,100847565,1,0,0,15360,9,6205196198
9844,54778511,46102788,100881299,2,0,0,24576,13,3099993831
9845,54779390,63809416,118588806,2,0,1,75776,13,3399201669
9846,54780770,45902892,100683662,9,0,0,11264,17,10374336828
9847,54786780,47132989,101919769,0,0,0,22528,18,926221096
9848,54790850,46274552,101065402,4,0,0,22016,13,6024810142
9849,54807420,45921118,100728538,9,0,0,19456,17,6878721145
9850,54813730,45947842,100761572,9,0,0,3072,17,6116021735
9851,54816610,46125621,100942231,3,0,0,7680,7,2964390579
9852,54819880,46377315,101197195,0,0,0,8192,18,2483475655
9853,54828340,46320861,101149201,3,0,0,34304,7,5708979180
9854,54844420,63744409,118588829,9,0,1,4608,17,3901333053
9855,54859920,63741458,118601378,4,0,1,4096,13,4700748065
9856,54864650,46551624,101416274,4,0,0,2560,13,7052209734
9857,54871580,46403122,101274702,6,0,0,19456,8,6879835499
9858,54873210,47230957,102104167,8,0,0,97280,17,2342716417
9859,54875330,64274299,119149629,2,0,1,210432,13,2065809704
9860,54878620,64357133,119235753,2,0,1,68096,13,6227620345
9861,54881670,64365684,119247354,7,0,1,16384,6,4102969196
9862,54885390,46715082,101600472,3,0,0,15360,7,2654536579
9863,54889661,46416515,101306176,2,0,0,17408,13,10100742268
9864,54889690,46426181,101315871,8,0,0,31744,17,7799213812
9865,54893769,64381436,119275205,0,0,1,1536,18,6343172785
9866,54896480,47134667,102031147,8,0,0,18944,17,3161709590
9867,54900341,64380010,119280351,8,0,1,8192,17,3932304445
9868,54902890,46248206,101151096,9,0,0,6144,17,2317416230
9869,54910410,46074235,100984645,6,0,0,4608,8,4385133501
9870,54917240,64378412,119295652,0,0,1,8704,18,2953183799
9871,54920651,64378715,119299366,8,0,1,6144,17,9032143922
9872,54924980,46343771,101268751,9,0,0,37376,17,6255999198
9873,54931680,47249064,102180744,0,0,0,1536,18,8262522660
9874,54935130,64384248,119319378,6,0,1,20480,8,8597062897
9875,54935870,64411764,119347634,1,0,1,4096,9,72392663
9876,54936520,46473633,101410153,1,0,0,58368,9,2879771356
9877,54941970,46357715,101299685,9,0,0,81920,17,3702603220
9878,54943630,46379573,101323203,4,0,0,5120,13,1705491456
9879,54954500,47311912,102266412,0,0,0,20992,18,3658686488
9880,54963860,46929576,101893436,9,0,0,15360,17,2776874054
9881,54965020,46104976,101069996,3,0,0,512,7,2910463587
9882,54968180,46828939,101797119,3,0,0,14336,7,9344415387
9883,54968200,64390395,119358595,0,0,1,5632,18,3461167002
9884,54971430,46285844,101257274,8,0,0,12288,17,5080743466
9885,54975250,46559025,101534275,9,0,0,1536,17,5520563966
9886,54976260,46775013,101751273,1,0,0,123904,9,5644755853
9887,54978701,47442431,102421132,2,0,0,24576,13,7702517275
9888,54980581,64424364,119404945,8,0,1,28672,17,10441480711
9889,54986490,64418478,119404968,2,0,1,9216,13,195003852
9890,54988960,47443918,102432878,9,0,0,19456,17,4326256892
9891,54989081,47572778,102561859,2,0,0,27136,13,8561983230
9892,54994260,46684710,101678970,6,0,0,9728,8,7377062275
9893,55004720,46508917,101513637,9,0,0,24064,17,4249232894
9894,55010190,46523594,101533784,4,0,0,66048,13,10419389793
9895,55011380,46845991,101857371,0,0,0,1536,18,10502872757
9896,55034271,64373633,119407904,8,0,1,512,17,1453692931
9897,55034510,46797888,101832398,7,0,0,115712,6,7246680080
9898,55040620,46908340,101948960,7,0,0,2560,6,959940890
9899,55046590,46541822,101588412,0,0,0,43008,18,3984482466
9900,55050910,46148260,101199170,4,0,0,3072,13,9803492932
9901,55059560,46810181,101869741,3,0,0,40448,7,2869014376
9902,55061090,46578841,101639931,9,0,0,89600,17,8975977561
9903,55062690,46641663,101704353,5,0,0,62976,7,7612474101
9904,55063140,64347350,119410490,7,0,1,4096,6,7085350895
9905,55068290,46995108,102063398,0,0,0,10240,18,10463551559
9906,55101300,64328120,119429420,4,0,1,6656,13,115791483
9907,55101720,46540441,101642161,4,0,0,7168,13,3788526307
9908,55110660,46837497,101948157,3,0,0,89600,7,8227683327
9909,55112991,46557512,101670503,2,0,0,13824,13,8952037276
9910,55113800,46890095,102003895,0,0,0,70656,18,5086797847
9911,55114400,47056949,102171349,0,0,0,4096,18,10135968537
9912,55127460,47156603,102284063,8,0,0,57856,17,10315474073
9913,55130590,46988576,102119166,5,0,0,49152,7,8652005357
9914,55132690,46749483,101882173,5,0,0,30208,7,3619153640
9915,55133300,64296143,119429443,9,0,1,5632,17,8222003435
9916,55136860,64311809,119448669,9,0,1,18432,17,3976652544
9917,55138540,47013931,102152471,3,0,0,1536,7,7982555914
9918,55145100,64306155,119451255,6,0,1,4096,8,1647641334
9919,55146460,46448371,101594831,1,0,0,20992,9,3273653805
9920,55150131,64304126,119454257,8,0,1,10752,17,3621292683
9921,55150940,47005142,102156082,8,0,0,11776,17,4464985417
9922,55154500,64300525,119455025,0,0,1,11776,18,10466450729
9923,55161360,47435932,102597292,3,0,0,16384,7,685132793
9924,55172160,46403125,101575285,8,0,0,18944,17,5732135627
9925,55173070,64286807,119459877,7,0,1,7680,6,5243979186
9926,55173420,64286803,119460223,3,0,1,512,7,7821448420
9927,55174240,47318310,102492550,8,0,0,26624,17,4868920860
9928,55192730,47016247,102208977,8,0,0,1536,17,2697495332
9929,55192760,47568987,102761747,6,0,0,72704,8,7385542367
9930,55193190,46348075,101541265,5,0,0,3072,7,2547110098
9931,55211470,64257212,119468682,4,0,1,13312,13,7241833000
9932,55217770,46438204,101655974,4,0,0,19456,13,5076764298
9933,55224380,47142929,102367309,1,0,0,14848,9,741630519
9934,55225820,64619596,119845416,2,0,1,142336,13,10475883702
9935,55227090,47589931,102817021,1,0,0,44544,9,2730217440
9936,55227810,46924170,102151980,3,0,0,62464,7,5298059146
9937,55231720,47419833,102651553,3,0,0,17920,7,1831888678
9938,55233680,46472412,101706092,7,0,0,5632,6,7757780441
9939,55244081,46612707,101856788,2,0,0,57856,13,8905947267
9940,55256230,47457111,102713341,3,0,0,59392,7,6451917770
9941,55258490,64614731,119873221,6,0,1,3072,8,7484861114
9942,55260710,47070749,102331459,8,0,0,9216,17,2381175335
9943,55262530,46530198,101792728,6,0,0,3072,8,3976929860
9944,55267881,46912326,102180207,2,0,0,26112,13,4949230326
9945,55271160,47183389,102454549,1,0,0,13824,9,256051500
9946,55275280,47514350,102789630,0,0,0,12288,18,3591574762
9947,55278580,46633715,101912295,7,0,0,13824,6,973319304
9948,55279480,47134118,102413598,1,0,0,16896,9,4096038803
9949,55282880,64591327,119874207,1,0,1,1536,9,8723197241
9950,55283000,46740970,102023970,4,0,0,512,13,10529770612
9951,55289180,64585898,119875078,3,0,1,12288,7,7241162533
9952,55293400,47477262,102770662,1,0,0,29184,9,3973310965
9953,55295140,46682677,101977817,5,0,0,15872,7,7546957225
9954,55298920,46909558,102208478,4,0,0,43520,13,4382154145
9955,55299151,64606227,119905378,8,0,1,3584,17,5364765321
9956,55311880,47040611,102352491,8,0,0,5632,17,9125220159
9957,55316910,64588724,119905634,0,0,1,9216,18,913618232
9958,55320840,47152736,102473576,3,0,0,17920,7,8831813351
9959,55338620,64570880,119909500,5,0,1,6144,7,2175699612
9960,55344000,46788917,102132917,1,0,0,45056,9,7458596720
9961,55345180,47031512,102376692,6,0,0,30720,8,3143676622
9962,55349181,46983676,102332857,2,0,0,4096,13,676321714
9963,55367330,46889364,102256694,6,0,0,40448,8,4511962048
9964,55369110,46789892,102159002,9,0,0,7168,17,4141282543
9965,55371920,47301534,102673454,6,0,0,5120,8,1070279907
9966,55403460,64572646,119976106,9,0,1,19456,17,1843736593
9967,55410350,47375490,102785840,3,0,0,47104,7,3723886172
9968,55420870,47663307,103084177,1,0,0,112128,9,60277588
9969,55428040,46979036,102407076,8,0,0,5120,17,10491000503
9970,55440360,47005965,102446325,8,0,0,44032,17,5061034342
9971,55449411,64658007,120107418,8,0,1,1024,17,7666851782
9972,55452630,47386267,102838897,7,0,0,25600,6,1759157550
9973,55454770,64697684,120152454,6,0,1,2560,8,2702686951
9974,55455710,47702577,103158287,5,0,0,34816,7,1819843593
9975,55462870,64777684,120240554,2,0,1,39424,13,4672075595
9976,55476710,46927186,102403896,9,0,0,14848,17,9273727915
9977,55481680,47195290,102676970,0,0,0,1536,18,8939636980
9978,55486210,47033505,102519715,7,0,0,14848,6,244213281
9979,55490270,64780917,120271187,7,0,1,26112,6,5045748598
9980,55494670,64776983,120271653,1,0,1,3072,9,73413193
9981,55504960,46755033,102259993,9,0,0,10752,17,8027833195
9982,55517581,47068963,102586544,2,0,0,18432,13,5807594700
9983,55528230,47080759,102608989,7,0,0,14336,6,4971619370
9984,55528320,64743679,120271999,7,0,1,512,6,1902436785
9985,55538550,64734115,120272665,3,0,1,1024,7,1434573740
9986,55540600,47486591,103027191,8,0,0,59904,17,5412544803
9987,55541990,46746308,102288298,8,0,0,13824,17,4706096204
9988,55546870,47906667,103453537,1,0,0,65024,9,7718972184
9989,55554260,65238533,120792793,2,0,1,183296,13,6078471194
9990,55555501,46871426,102426927,2,0,0,18944,13,9803155948
9991,55559160,47235641,102794801,0,0,0,16896,18,9737596299
9992,55572271,47651625,103223896,2,0,0,52224,13,9721781611
9993,55574380,65596063,121170443,2,0,1,112640,13,10203320777
9994,55581820,47892260,103474080,6,0,0,54272,8,10703164012
9995,55602540,65973123,121575663,2,0,1,224256,13,9988243982
9996,55611220,48030612,103641832,1,0,0,70656,9,7567065849
9997,55613710,47395206,103008916,9,0,0,79872,17,9542998293
9998,55615960,47245636,102861596,9,0,0,3072,17,4811435041
9999,55618940,47001250,102620190,6,0,0,2048,8,6754108043
10000,55632341,65948984,121581325,8,0,1,10240,17,2552496930
10001,55634110,47105462,102739572,7,0,0,7680,6,5420859504
10002,55634670,47246244,102880914,3,0,0,6656,7,9669290847
10003,55650580,46987740,102638320,7,0,0,19968,6,6757726441
10004,55650950,47669013,103319963,4,0,0,127488,13,6366290316
10005,55674640,47732286,103406926,7,0,0,31744,6,1242246523
10006,55681090,47842689,103523779,9,0,0,8704,17,8581642682
10007,55688040,47186625,102874665,7,0,0,19968,6,891218778
10008,55690640,47268218,102958858,5,0,0,7168,7,4284439592
10009,55704240,65883691,121587931,5,0,1,20480,7,1542148106
10010,55707400,46924094,102631494,0,0,0,27136,18,1375073866
10011,55712030,47827732,103539762,4,0,0,1536,13,2753876623
10012,55715250,46825488,102540738,0,0,0,4096,18,2773501107
10013,55716800,46966645,102683445,4,0,0,4608,13,1784495438
10014,55720220,48084839,103805059,5,0,0,60928,7,1737968632
10015,55720950,47231466,102952416,0,0,0,10240,18,6128212858
10016,55725140,46810042,102535182,8,0,0,31232,17,869992088
10017,55726710,46861128,102587838,1,0,0,4096,9,329382874
10018,55738430,65934021,121672451,3,0,1,20480,7,9723257314
10019,55739270,65933204,121672474,9,0,1,10240,17,7865171045
10020,55739810,47364131,103103941,8,0,0,6656,17,1298668069
10021,55743040,65930727,121673767,4,0,1,22528,13,3232968226
10022,55743900,47614759,103358659,0,0,0,16896,18,2353917991
10023,55752780,65935566,121688346,6,0,1,26624,8,4163876542
10024,55757940,47930416,103688356,9,0,0,11264,17,9404355996
10025,55767060,47189591,102956651,5,0,0,13824,7,7094555527
10026,55767330,46946970,102714300,8,0,0,3072,17,2091161426
10027,55769080,65921514,121690594,7,0,1,3072,6,8520665806
10028,55772450,48096526,103868976,9,0,0,35840,17,5307545498
10029,55783580,66034994,121818574,2,0,1,138240,13,4930465660
10030,55783830,46933286,102717116,5,0,0,6144,7,8234317531
10031,55789190,46982275,102771465,0,0,0,2560,18,2684032528
10032,55791230,47258760,103049990,6,0,0,74752,8,8490751617
10033,55793680,66041426,121835106,7,0,1,6656,6,8947330037
10034,55794310,47293330,103087640,7,0,0,11264,6,4553148186
10035,55804240,47816041,103620281,7,0,0,3584,6,3832268682
10036,55805740,48358383,104164123,5,0,0,26624,7,9480115601
10037,55813260,47671331,103484591,6,0,0,31232,8,5527665980
10038,55814630,48181469,103996099,3,0,0,70656,7,7663607571
10039,55817490,46979994,102797484,3,0,0,8704,7,6972651222
10040,55819830,47327826,103147656,6,0,0,36864,8,1987536747
10041,55834560,47084026,102918586,0,0,0,18944,18,4754379503
10042,55836830,46964006,102800836,8,0,0,6656,17,5349994494
10043,55837391,66014761,121852152,8,0,1,7168,17,5485015036
10044,55838740,47263150,103101890,5,0,0,32768,7,6258201426
10045,55843200,48238481,104081681,9,0,0,99328,17,3543828594
10046,55843980,47882665,103726645,7,0,0,11776,6,430828380
10047,55846370,47771057,103617427,7,0,0,82944,6,1591584557
10048,55855870,65997562,121853432,9,0,1,14336,17,5045718814
10049,55859290,48145100,104004390,7,0,0,27136,6,9727988093
10050,55860500,66250924,122111424,2,0,1,142336,13,989106819
10051,55865430,47104492,102969922,8,0,0,26112,17,84313581
10052,55881930,48029492,103911422,3,0,0,47104,7,1545816627
10053,55889660,47674889,103564549,9,0,0,8704,17,1172138777
10054,55902550,66210180,122112730,3,0,1,2048,7,12358474
10055,55909740,47252782,103162522,1,0,0,13824,9,276042662
10056,55910650,47322097,103232747,4,0,0,15360,13,72317661
10057,55912080,48268387,104180467,5,0,0,33280,7,6920094474
10058,55913150,47791062,103704212,4,0,0,35840,13,4656538689
10059,55913250,46947387,102860637,5,0,0,9216,7,2202146372
10060,55914790,66236995,122151785,7,0,1,22528,6,2112816120
10061,55916300,47311698,103227998,6,0,0,13312,8,6101009029
10062,55927070,47624771,103551841,5,0,0,17408,7,5425330181
10063,55936970,66288092,122225062,4,0,1,1536,13,6816380078
10064,55938860,47153023,103091883,4,0,0,13824,13,5860869820
10065,55940880,48813018,104753898,4,0,0,53248,13,5089371047
10066,55950660,47862007,103812667,4,0,0,5632,13,7557515870
10067,55952730,48152180,104104910,3,0,0,54784,7,303356460
10068,55961780,48961360,104923140,4,0,0,7680,13,7587844258
10069,55962860,66277171,122240031,5,0,1,11264,7,2988746477
10070,55965450,47368722,103334172,3,0,0,25088,7,2305935738
10071,55967810,47957565,103925375,6,0,0,45568,8,895043433
10072,55976370,48130747,104107117,6,0,0,7168,8,4496428540
10073,55977021,47304075,103281096,2,0,0,75264,13,1174508735
10074,55990160,47536964,103527124,0,0,0,9216,18,6808628723
10075,55993980,47698923,103692903,8,0,0,14848,17,3674142713
10076,56003950,48230194,104234144,3,0,0,9728,7,8096365607
10077,56006180,48504906,104511086,3,0,0,26112,7,2237055001
10078,56007560,48028677,104036237,1,0,0,104448,9,4652489871
10079,56007570,66260098,122267668,1,0,1,28160,9,2520882286
10080,56014310,48603893,104618203,5,0,0,64000,7,8418279171
10081,56022410,66288160,122310570,9,0,1,20480,17,6257955244
10082,56038671,49127913,105166584,2,0,0,7680,13,9499952929
10083,56053411,47273094,103326505,2,0,0,15872,13,3715132902
10084,56053650,47267988,103321638,9,0,0,5120,17,7542917167
10085,56055271,47889057,103944328,2,0,0,44032,13,3828398842
10086,56055500,47130621,103186121,5,0,0,17920,7,1439512244
10087,56055571,47366564,103422135,2,0,0,11264,13,1574327809
10088,56057230,47361442,103418672,9,0,0,38400,17,988425321
10089,56057270,66266828,122324098,4,0,1,9728,13,9171124859
10090,56058950,66310021,122368971,9,0,1,2560,17,10161505037
10091,56060080,47660504,103720584,3,0,0,16896,7,7595138060
10092,56060570,47321518,103382088,7,0,0,15872,6,5991478987
10093,56060930,48170227,104231157,3,0,0,21504,7,10554448790
10094,56061470,66307524,122368994,3,0,1,3072,7,7953257014
10095,56062180,47470488,103532668,5,0,0,12288,7,7905005798
10096,56076650,66317947,122394597,5,0,1,19968,7,4398301638
10097,56077030,47592327,103669357,0,0,0,90112,18,6651114353
10098,56086250,66327292,122413542,2,0,1,9216,13,1342278032
10099,56087120,66328951,122416071,0,0,1,19456,18,3476013938
10100,56093901,48700805,104794706,2,0,0,36864,13,646001075
10101,56096080,48032787,104128867,1,0,0,35328,9,10453433102
10102,56098620,47456858,103555478,3,0,0,1024,7,1451176918
10103,56101730,47517436,103619166,0,0,0,5632,18,7638984695
10104,56105610,49074904,105180514,0,0,0,45568,18,4891175862
10105,56110770,48380614,104491384,9,0,0,24064,17,7166335323
10106,56113300,47929075,104042375,9,0,0,16896,17,5124079667
10107,56115731,47430331,103546062,2,0,0,2048,13,9883930514
10108,56123740,47839454,103963194,7,0,0,12288,6,1390101313
10109,56129320,48184294,104313614,0,0,0,31744,18,5497592980
10110,56133180,66307719,122440899,9,0,1,7168,17,7090357629
10111,56134429,66306493,122440922,0,0,1,512,18,5859381355
10112,56135900,47628579,103764479,6,0,0,7680,8,6734254141
10113,56138710,48189333,104328043,3,0,0,11264,7,6381600035
10114,56146409,66294536,122440945,0,0,1,8704,18,9069585907
10115,56157060,48067522,104224582,6,0,0,38912,8,8272925649
10116,56190350,48081886,104272236,7,0,0,9728,6,10077092930
10117,56195500,47489378,103684878,5,0,0,21504,7,6416056365
10118,56197460,47480812,103678272,3,0,0,29184,7,8375224398
10119,56199000,66242784,122441784,3,0,1,3584,7,4757886964
10120,56203430,48570014,104773444,4,0,0,48128,13,10116379527
10121,56206030,49137183,105343213,0,0,0,63488,18,6254592459
10122,56207600,48819268,105026868,8,0,0,3072,17,3242936991
10123,56208620,47506793,103715413,7,0,0,21504,6,10695229349
10124,56212890,66231480,122444370,7,0,1,4096,6,6518979827
10125,56237490,66337369,122574859,1,0,1,96256,9,945839863
10126,56239421,48489008,104728429,2,0,0,76800,13,6504416549
10127,56272930,47604220,103877150,5,0,0,10240,7,2515872364
10128,56276840,66344005,122620845,2,0,1,28160,13,2759218152
10129,56279440,47578593,103858033,6,0,0,16896,8,1676612890
10130,56281980,47648909,103930889,0,0,0,17920,18,9248236659
10131,56287010,48083129,104370139,9,0,0,13312,17,4253892130
10132,56289630,47587855,103877485,0,0,0,1024,18,2040589259
10133,56290710,66349652,122640362,7,0,1,5120,6,5080012196
10134,56290860,47965273,104256133,9,0,0,13312,17,3220401452
10135,56298170,66431479,122729649,2,0,1,55296,13,2139546346
10136,56311190,47803469,104114659,7,0,0,22528,6,9597035667
10137,56315430,49400027,105715457,8,0,0,9728,17,4764792124
10138,56316829,66583710,122900539,0,0,1,512,18,9762130563
10139,56321340,47494687,103816027,6,0,0,1536,8,5415303017
10140,56341870,49256319,105598189,6,0,0,81408,8,656232109
10141,56363050,48515313,104878363,0,0,0,8192,18,10124412697
10142,56374260,48609104,104983364,8,0,0,4608,17,5646765384
10143,56376540,47892709,104269249,1,0,0,32768,9,5359395492
10144,56377320,47668377,104045697,5,0,0,10752,7,10009161276
10145,56381770,49462779,105844549,8,0,0,30720,17,9213747989
10146,56382261,48424603,104806864,2,0,0,6144,13,7824321908
10147,56386071,49530316,105916387,2,0,0,13312,13,9816423184
10148,56393749,66507046,122900795,0,0,1,9216,18,3415300258
10149,56397400,48761471,105158871,1,0,0,122880,9,9141993296
10150,56399470,47647498,104046968,0,0,0,4096,18,7397011317
10151,56404940,47735350,104140290,4,0,0,24576,13,701315995
10152,56406920,48107511,104514431,1,0,0,9216,9,2981078859
10153,56407311,48376140,104783451,2,0,0,32768,13,6968606486
10154,56408560,66496001,122904561,3,0,1,3072,7,3866510096
10155,56410900,47873082,104283982,1,0,0,38400,9,6024290353
10156,56420050,47631344,104051394,9,0,0,13312,17,4440766686
10157,56426530,48403359,104829889,1,0,0,20992,9,10135074315
10158,56429760,48008407,104438167,9,0,0,75264,17,6234854405
10159,56429850,48918736,105348586,4,0,0,17408,13,4783057800
10160,56432640,66494337,122926977,1,0,1,4096,9,6802027445
10161,56435690,48018192,104453882,4,0,0,40448,13,8881535099
10162,56438660,48072917,104511577,4,0,0,1536,13,173660514
10163,56440070,66486930,122927000,1,0,1,19456,9,1466196356
10164,56440750,49651254,106092004,5,0,0,6656,7,2915275820
10165,56443250,48076269,104519519,3,0,0,8704,7,332764279
10166,56444320,49028198,105472518,3,0,0,92672,7,6994815981
10167,56449610,48247064,104696674,0,0,0,50176,18,5559428260
10168,56453761,66473262,122927023,8,0,1,6144,17,10496254571
10169,56454020,47886503,104340523,3,0,0,1024,7,5023682951
10170,56460690,47647074,104107764,6,0,0,2048,8,9758597364
10171,56465330,47729928,104195258,9,0,0,18432,17,5623240659
10172,56470900,47888231,104359131,1,0,0,1536,9,513106788
10173,56481990,48540835,105022825,7,0,0,17408,6,5716729872
10174,56492040,66452376,122944416,7,0,1,6656,6,8845157446
10175,56510110,48404030,104914140,3,0,0,22528,7,7929536850
10176,56514460,48595607,105110067,9,0,0,69632,17,10545636823
10177,56518360,47518836,104037196,7,0,0,3072,6,4055510724
10178,56521910,47714761,104236671,0,0,0,8192,18,10300015044
10179,56522710,48146178,104668888,6,0,0,29696,8,2507301263
10180,56523290,47918020,104441310,1,0,0,10240,9,7822563832
10181,56525570,48358879,104884449,6,0,0,15872,8,3809665215
10182,56533240,47969867,104503107,6,0,0,38400,8,3693055180
10183,56538300,48982153,105520453,0,0,0,34304,18,4879957884
10184,56540600,48094207,104634807,0,0,0,31232,18,1644112805
10185,56544430,66402591,122947021,9,0,1,10752,17,9170200195
10186,56549590,48894669,105444259,1,0,0,51200,9,5121388558
10187,56554990,66508507,123063497,2,0,1,18944,13,5972990928
10188,56556921,66509170,123066091,8,0,1,3072,17,1435369802
10189,56560600,48743228,105303828,9,0,0,23552,17,8617768463
10190,56562690,49107370,105670060,9,0,0,11776,17,492402088
10191,56564190,66504807,123068997,3,0,1,4608,7,9173948122
10192,56564790,48547484,105112274,6,0,0,7168,8,6707837226
10193,56586430,48230441,104816871,6,0,0,32768,8,6554724773
10194,56595580,49628913,106224493,6,0,0,67584,8,6405763527
10195,56598100,47918744,104516844,0,0,0,4608,18,9268462283
10196,56602010,66467141,123069151,7,0,1,8704,6,5225535715
10197,56602500,66473458,123075958,4,0,1,5120,13,9778754920
10198,56605860,48017046,104622906,6,0,0,15360,8,5575317446
10199,56607610,66468694,123076304,3,0,1,512,7,5668298266
10200,56615570,47904946,104520516,3,0,0,1536,7,8411142096
10201,56615850,47913989,104529839,1,0,0,1536,9,8304111479
10202,56617350,48034707,104652057,6,0,0,1024,8,1614283504
10203,56623770,49087585,105711355,0,0,0,33280,18,9197181430
10204,56644611,66434279,123078890,8,0,1,4096,17,8617652891
10205,56648310,48895579,105543889,8,0,0,64512,17,7000486064
10206,56651820,67063170,123714990,7,0,1,194048,6,1951882381
10207,56652540,48207357,104859897,3,0,0,512,7,9804699101
10208,56652710,49706041,106358751,8,0,0,25600,17,7332478510
10209,56657180,49158801,105815981,4,0,0,18432,13,3411047041
10210,56666160,48315321,104981481,7,0,0,24576,6,2680059597
10211,56682870,48046518,104729388,4,0,0,3072,13,1149992063
10212,56690750,48686589,105377339,9,0,0,22528,17,7048533586
10213,56697490,67051431,123748921,5,0,1,3584,7,2099687701
10214,56707691,48265664,104973355,2,0,0,22528,13,2081418789
10215,56721230,48116170,104837400,9,0,0,24576,17,4913751212
10216,56724750,48190037,104914787,6,0,0,2048,8,5778032597
10217,56750260,48045561,104795821,5,0,0,3584,7,2076173317
10218,56754701,48004056,104758757,2,0,0,15872,13,1701912773
10219,56767010,48467798,105234808,3,0,0,75776,7,4203320772
10220,56767590,48290490,105058080,8,0,0,9728,17,2568419234
10221,56772950,48301955,105074905,9,0,0,52224,17,10675229218
10222,56775100,48338133,105113233,3,0,0,3072,7,5560899668
10223,56777120,67525888,124303008,2,0,1,451072,13,9744348110
10224,56777681,48024247,104801928,2,0,0,19968,13,9045690438
10225,56784530,48461728,105246258,7,0,0,17920,6,4254280858
10226,56792480,67525188,124317668,4,0,1,7680,13,2204013559
10227,56804200,48492413,105296613,6,0,0,14336,8,2920291551
10228,56819180,67518860,124338040,2,0,1,7168,13,934608157
10229,56820690,48466673,105287363,4,0,0,86528,13,4275553905
10230,56827890,49136021,105963911,9,0,0,5632,17,6226099348
10231,56828260,49680482,106508742,5,0,0,53248,7,6674457047
10232,56846951,48769270,105616221,2,0,0,3072,13,1764652886
10233,56847289,67501993,124349282,0,0,1,10240,18,3030351263
10234,56854630,67510783,124365413,1,0,1,20992,9,10606987977
10235,56855071,48011417,104866488,2,0,0,16896,13,2988015178
10236,56857550,48354147,105211697,8,0,0,51712,17,832333711
10237,56858120,67511193,124369313,6,0,1,2048,8,3039572182
10238,56861360,48256615,105117975,5,0,0,1536,7,4463675110
10239,56868610,48248866,105117476,5,0,0,13824,7,10032923892
10240,56868861,47954601,104823462,2,0,0,21504,13,6607246412
10241,56871920,47933049,104804969,8,0,0,9728,17,7133673246
10242,56873670,67498549,124372219,5,0,1,4608,7,9096097493
10243,56876580,48376253,105252833,5,0,0,21504,7,1182407243
10244,56888619,67483946,124372565,0,0,1,512,18,1204211984
10245,56892230,48368746,105260976,6,0,0,26624,8,3347330925
10246,56905460,49184493,106089953,5,0,0,115712,7,836561196
10247,56911330,67489710,124401040,1,0,1,11776,9,5038487337
10248,56912360,67489026,124401386,1,0,1,512,9,5817511316
10249,56922960,48870877,105793837,8,0,0,25600,17,2843815706
10250,56926131,48392586,105318717,2,0,0,36352,13,6512417449
10251,56929630,48435807,105365437,7,0,0,20480,6,7329739558
10252,56934550,48261368,105195918,7,0,0,41984,6,6081588061
10253,56934820,48075451,105010271,8,0,0,6144,17,8804208777
10254,56939430,48463819,105403249,1,0,0,14848,9,4936607405
10255,56946691,48480960,105427651,2,0,0,3072,13,7263594395
10256,56950150,48705124,105655274,8,0,0,51712,17,962444502
10257,56950280,67453052,124403332,3,0,1,3072,7,292073939
10258,56952530,48531521,105484051,3,0,0,20480,7,3176256801
10259,56956140,49307903,106264043,7,0,0,8192,6,5495203744
10260,56959760,67450575,124410335,9,0,1,20992,17,7535869656
10261,56960250,48202856,105163106,4,0,0,13824,13,6104425931
10262,56960880,67458631,124419511,6,0,1,14336,8,7721692907
10263,56962370,67466240,124428610,9,0,1,6144,17,500309207
10264,56970730,48321492,105292222,9,0,0,15872,17,4743287188
10265,56970911,49694269,106665180,2,0,0,61440,13,3383089098
10266,56975390,48715947,105691337,4,0,0,40448,13,1771875517
10267,56977470,48572058,105549528,9,0,0,18432,17,10031328749
10268,56981260,48259499,105240759,9,0,0,19456,17,1036867426
10269,56985560,67449617,124435177,4,0,1,31232,13,3936843133
10270,56986050,67470421,124456471,3,0,1,20480,7,3977133975
10271,56987630,48176591,105164221,6,0,0,3584,8,1152540429
10272,56991660,67469317,124460977,6,0,1,7168,8,1978413438
10273,56995730,48897305,105893035,8,0,0,12288,17,5189327887
10274,57003380,48420489,105423869,1,0,0,28672,9,1231431646
10275,57005670,49037758,106043428,4,0,0,512,13,5754332194
10276,57015811,48535338,105551149,2,0,0,1024,13,9865917692
10277,57019141,49150577,106169718,2,0,0,29696,13,7711387894
10278,57037430,67426773,124464203,3,0,1,5120,7,9244443377
10279,57041190,48141913,105183103,0,0,0,8192,18,5589940735
10280,57053480,48561782,105615262,9,0,0,15360,17,3302044975
10281,57057751,48513159,105570910,2,0,0,35328,13,3568277868
10282,57058750,49861454,106920204,1,0,0,24064,9,10510256160
10283,57058870,67405692,124464562,3,0,1,9728,7,5712130779
10284,57075410,48232185,105307595,4,0,0,12288,13,782476158
10285,57075670,49388444,106464114,4,0,0,68096,13,8522667558
10286,57079479,67386735,124466214,0,0,1,2560,18,4505002556
10287,57082100,67392600,124474700,2,0,1,5120,13,5998874963
10288,57087170,48523389,105610559,6,0,0,37888,8,5781324224
10289,57088530,67395421,124483951,6,0,1,7168,8,4536634863
10290,57097460,48375393,105472853,3,0,0,1024,7,9389887128
10291,57103269,67401373,124504642,0,0,1,9216,18,4627017167
10292,57106721,67397944,124504665,8,0,1,4608,17,4985662726
10293,57112140,67392548,124504688,5,0,1,11776,7,7970845782
10294,57120630,67384081,124504711,4,0,1,1024,13,6301976231
10295,57123390,48598673,105722063,8,0,0,9216,17,10531388938
10296,57124890,49027842,106152732,3,0,0,83968,7,1168754793
10297,57128220,67376514,124504734,5,0,1,1536,7,3804355008
10298,57129450,48619205,105748655,6,0,0,5632,8,5201501915
10299,57136660,67368097,124504757,6,0,1,5632,8,7171398768
10300,57144270,48959191,106103461,8,0,0,37376,17,3889270328
10301,57158170,67422727,124580897,6,0,1,7168,8,7400008826
10302,57168150,48883725,106051875,5,0,0,27648,7,3352190422
10303,57178450,48461045,105639495,1,0,0,16384,9,8861260899
10304,57182570,67399465,124582035,1,0,1,2048,9,9909291711
10305,57184450,48700682,105885132,6,0,0,82944,8,9789663285
10306,57188839,67406695,124595534,0,0,1,13824,18,5012444150
10307,57193100,48850126,106043226,1,0,0,27136,9,2316532229
10308,57199770,48660067,105859837,1,0,0,15360,9,9950930187
10309,57211291,48387701,105598992,2,0,0,2560,13,2313190231
10310,57212400,67396871,124609271,5,0,1,10240,7,2643940243
10311,57242120,48531107,105773227,9,0,0,23552,17,7148989253
10312,57246091,49512375,106758466,2,0,0,23040,13,649233963
10313,57253651,48906996,106160647,2,0,0,5120,13,10046375488
10314,57267140,48352401,105619541,8,0,0,8192,17,6932957121
10315,57285750,49714332,107000082,6,0,0,17920,8,2747806759
10316,57287430,48684808,105972238,8,0,0,22016,17,10610567533
10317,57298380,49033335,106331715,6,0,0,1536,8,7428897775
10318,57300640,48220815,105521455,9,0,0,1536,17,9341346808
10319,57308500,67300794,124609294,9,0,1,13312,17,401830785
10320,57312390,48406834,105719224,9,0,0,12288,17,6558768964
10321,57317260,67300691,124617951,2,0,1,4096,13,5375589579
10322,57318650,67300671,124619321,5,0,1,8704,7,6166552604
10323,57345980,67375924,124721904,3,0,1,9216,7,7701331792
10324,57348040,48450607,105798647,6,0,0,7168,8,9468899930
10325,57351230,49801762,107152992,6,0,0,59904,8,2553816051
10326,57353680,48449965,105803645,1,0,0,8192,9,9361577120
10327,57357680,67367130,124724810,4,0,1,4608,13,3986569413
10328,57359700,48991049,106350749,8,0,0,49664,17,10083203698
10329,57361270,48375097,105736367,8,0,0,5632,17,10020457699
10330,57365050,48746436,106111486,9,0,0,26112,17,4552381021
10331,57365090,48347380,105712470,3,0,0,3584,7,1313290094
10332,57370710,48534311,105905021,8,0,0,17408,17,6664908093
10333,57376820,67404893,124781713,3,0,1,13824,7,9471719564
10334,57385451,48741674,106127125,2,0,0,51200,13,4872117138
10335,57392390,48766339,106158729,9,0,0,19456,17,8033650417
10336,57401451,48838376,106239827,2,0,0,50176,13,10647295303
10337,57408929,67399413,124808342,0,0,1,13824,18,1656387602
10338,57409240,48794638,106203878,9,0,0,9728,17,1990502747
10339,57434481,48992198,106426679,2,0,0,90624,13,9474650248
10340,57441000,48454086,105895086,9,0,0,6656,17,8888240779
10341,57458800,49804238,107263038,6,0,0,67072,8,1621551839
10342,57464820,67366691,124831511,9,0,1,5632,17,954414921
10343,57470300,48960926,106431226,9,0,0,14848,17,813101407
10344,57476371,49114342,106590713,2,0,0,16384,13,7882073084
10345,57479450,49471449,106950899,9,0,0,1536,17,6023749626
10346,57484771,67346763,124831534,8,0,1,512,17,6954630000
10347,57485210,67346347,124831557,4,0,1,1024,13,6780592838
10348,57486220,48956307,106442527,5,0,0,26624,7,8837656947
10349,57488500,67343080,124831580,2,0,1,3072,13,5555166418
10350,57492110,48869907,106362017,3,0,0,5120,7,10432975174
10351,57498420,67367478,124865898,9,0,1,8704,17,7927002776
10352,57500270,67681649,125181919,7,0,1,111104,6,2484073377
10353,57503070,49188597,106691667,5,0,0,29696,7,2324476382
10354,57505330,49778510,107283840,8,0,0,8192,17,388071231
10355,57507840,67685873,125193713,2,0,1,3072,13,6889672389
10356,57508240,49456382,106964622,8,0,0,22528,17,10457839357
10357,57511710,67682669,125194379,4,0,1,1024,13,6184462696
10358,57517180,48814044,106331224,3,0,0,33280,7,6382686565
10359,57520220,49362256,106882476,5,0,0,36352,7,2598491920
10360,57522330,67710981,125233311,4,0,1,8704,13,3307087859
10361,57530360,48628704,106159064,5,0,0,1024,7,3798427836
10362,57533400,48948388,106481788,8,0,0,9216,17,10628377255
10363,57539040,48939917,106478957,1,0,0,48640,9,2011276178
10364,57540440,49128039,106668479,1,0,0,10752,9,10126458433
10365,57557120,49007482,106564602,9,0,0,75264,17,1551074284
10366,57570871,49049063,106619934,2,0,0,1536,13,3516873235
10367,57577780,67656357,125234137,3,0,1,512,7,3631858609
10368,57579920,49005778,106585698,6,0,0,52224,8,4782102613
10369,57590221,49690211,107280432,2,0,0,2048,13,5186534433
10370,57592210,49460458,107052668,3,0,0,10752,7,2623694327
10371,57602830,48704424,106307254,5,0,0,34816,7,5338368198
10372,57606790,49489874,107096664,1,0,0,36352,9,8832554484
10373,57612630,49138770,106751400,9,0,0,9216,17,8322111824
10374,57613620,67620540,125234160,9,0,1,10240,17,6954469852
10375,57614610,48926903,106541513,6,0,0,42496,8,9644501294
10376,57635930,48806776,106442706,9,0,0,512,17,1611894618
10377,57643700,49563278,107206978,6,0,0,9728,8,6241581339
10378,57667870,49039214,106707084,3,0,0,12800,7,4019595416
10379,57669420,67564763,125234183,3,0,1,1024,7,877958547
10380,57680791,48713888,106394679,2,0,0,3072,13,5242571875
10381,57687860,48801309,106489169,3,0,0,12288,7,5869649864
10382,57699030,48651898,106350928,4,0,0,512,13,1556573407
10383,57700221,49678977,107379198,2,0,0,27648,13,6812643603
10384,57704720,67596758,125301478,7,0,1,32256,6,9749583868
10385,57707970,48723903,106431873,1,0,0,2048,9,9718538415
10386,57709330,67742408,125451738,3,0,1,23552,7,10343262991
10387,57713141,49120132,106833273,2,0,0,27648,13,7518380041
10388,57715350,48719042,106434392,1,0,0,8192,9,4322662870
10389,57719690,49803125,107522815,5,0,0,1536,7,5051473968
10390,57748670,48862389,106611059,6,0,0,14848,8,4780638185
10391,57759421,49997940,107757361,2,0,0,59392,13,1079932366
10392,57764041,49389910,107153951,2,0,0,3072,13,3594054957
10393,57766240,49212133,106978373,6,0,0,45056,8,2092692032
10394,57769340,49250542,107019882,9,0,0,19968,17,10340302345
10395,57772150,49431841,107203991,7,0,0,43520,6,7512296422
10396,57776410,48791335,106567745,9,0,0,10240,17,1611322459
10397,57778050,49509424,107287474,8,0,0,1536,17,1049283626
10398,57782240,67791872,125574112,7,0,1,59904,6,5192827653
10399,57783990,49683048,107467038,8,0,0,154624,17,1449017067
10400,57796010,67821356,125617366,2,0,1,8704,13,4157016428
10401,57799749,67818603,125618352,0,0,1,1536,18,1115152291
10402,57802180,48800418,106602598,8,0,0,9728,17,3914732735
10403,57827590,49938441,107766031,8,0,0,1024,17,1964769825
10404,57832089,67786609,125618698,0,0,1,512,18,4172390372
10405,57853270,67770574,125623844,4,0,1,8192,13,5559420861
10406,57853430,48829166,106682596,7,0,0,29184,6,10016873119
10407,57876460,48847481,106723941,0,0,0,21504,18,5957777582
10408,57881610,67754986,125636596,9,0,1,13824,17,9751914206
10409,57902610,67813614,125716224,4,0,1,22528,13,9627345305
10410,57905490,48734715,106640205,1,0,0,29184,9,5131132493
10411,57905750,48859237,106764987,9,0,0,4096,17,4460097431
10412,57906530,49359050,107265580,1,0,0,6144,9,8798874839
10413,57917960,67832633,125750593,2,0,1,18944,13,4712207020
10414,57931570,49403545,107335115,1,0,0,17920,9,6287917004
10415,57931830,49224952,107156782,6,0,0,9216,8,3916723174
10416,57938961,48839006,106777967,2,0,0,20992,13,6039372483
10417,57943880,49537221,107481101,6,0,0,46080,8,4609912285
10418,57971620,50052567,108024187,5,0,0,9216,7,7272483110
10419,57972070,48758558,106730628,9,0,0,1536,17,9448371285
10420,57974681,49918232,107892913,2,0,0,93696,13,6785977486
10421,57983610,67841315,125824925,6,0,1,15872,8,10174370653
10422,57989020,49018024,107007044,9,0,0,22528,17,8919160251
10423,57991720,49229173,107220893,1,0,0,45568,9,1983420679
10424,57993371,49609412,107602783,2,0,0,22016,13,5820662318
10425,57998880,67826404,125825284,6,0,1,9728,8,6623433025
10426,58007300,67818970,125826270,3,0,1,1536,7,7060309966
10427,58013260,49396272,107409532,3,0,0,67072,7,1008840955
10428,58016170,48997605,107013775,5,0,0,22016,7,1873676868
10429,58020350,49062523,107082873,3,0,0,12800,7,3345966412
10430,58025780,50028245,108054025,8,0,0,10240,17,10320730935
10431,58029931,49290819,107320750,2,0,0,8704,13,5510258503
10432,58030711,48862945,106893656,2,0,0,31232,13,7851063930
10433,58043620,67794397,125838017,6,0,1,18944,8,7833922803
10434,58055441,48984871,107040312,2,0,0,7680,13,5885088547
10435,58081780,67774217,125855997,4,0,1,5632,13,6681899096
10436,58083570,48905590,106989160,9,0,0,35328,17,5796255138
10437,58084620,49676820,107761440,3,0,0,13312,7,6440024892
10438,58090540,49196443,107286983,1,0,0,10240,9,2984136210
10439,58094310,48898313,106992623,7,0,0,11264,6,4501244274
10440,58095340,50004903,108100243,6,0,0,3072,8,7708494119
10441,58098890,67758733,125857623,1,0,1,2560,9,9061682319
10442,58101810,49483885,107585695,1,0,0,46592,9,5267810544
10443,58103540,67819401,125922941,7,0,1,5120,6,7052101221
10444,58105840,48930817,107036657,6,0,0,4608,8,4220911091
10445,58105890,48943479,107049369,9,0,0,8704,17,3903767631
10446,58106200,49410534,107516734,8,0,0,90112,17,10719018573
10447,58115420,49003941,107119361,9,0,0,14848,17,7729461181
10448,58115450,48822742,106938192,8,0,0,2048,17,1635913575
10449,58118270,49653617,107771887,9,0,0,5120,17,3407542296
10450,58119780,49043265,107163045,6,0,0,20480,8,5639085977
10451,58125300,49168895,107294195,3,0,0,4608,7,2994793435
10452,58129770,49215364,107345134,1,0,0,15872,9,6283673799
10453,58132270,48991963,107124233,5,0,0,5632,7,1463101882
10454,58147870,49176491,107324361,3,0,0,11776,7,512466440
10455,58156070,49543918,107699988,7,0,0,24576,6,10274305761
10456,58170560,49820474,107991034,6,0,0,8704,8,9249800233
10457,58172310,49614253,107786563,3,0,0,23040,7,7407500022
10458,58176931,49086754,107263685,2,0,0,2048,13,10022375654
10459,58189320,49726438,107915758,8,0,0,51712,17,1802837445
10460,58191300,67731664,125922964,4,0,1,1536,13,7846328839
10461,58191351,49928752,108120103,2,0,0,9216,13,5496985127
10462,58191550,49177434,107368984,3,0,0,17408,7,368286111
10463,58192410,49958419,108150829,1,0,0,3072,9,9783659060
10464,58205550,67722278,125927828,7,0,1,27136,6,1359665487
10465,58216490,67713604,125930094,1,0,1,3584,9,744157736
10466,58220679,67724760,125945439,0,0,1,7680,18,5953174792
10467,58235340,67732632,125967972,2,0,1,8192,13,10673102823
10468,58235580,49003672,107239252,6,0,0,11264,8,2485282924
10469,58247690,49162489,107410179,3,0,0,2048,7,618183249
10470,58249999,67717996,125967995,0,0,1,5120,18,6508149983
10471,58250680,50207558,108458238,9,0,0,28672,17,65613872
10472,58260330,67707688,125968018,4,0,1,1024,13,5517457209
10473,58269430,49325203,107594633,6,0,0,29184,8,9373541289
10474,58269961,49087594,107357555,2,0,0,8704,13,5389054838
10475,58270099,67697942,125968041,0,0,1,512,18,6748045881
10476,58273670,50339475,108613145,0,0,0,39424,18,2183340788
10477,58274110,49270722,107544832,7,0,0,14848,6,5980122932
10478,58279160,49544951,107824111,8,0,0,1536,17,2784379676
10479,58282460,67685604,125968064,1,0,1,10240,9,3029466427
10480,58292550,67709760,126002310,4,0,1,512,13,4631781629
10481,58299840,49184248,107484088,6,0,0,9728,8,9392679144
10482,58308411,49675846,107984257,2,0,0,181760,13,879979196
10483,58315410,49320229,107635639,5,0,0,18944,7,9542112294
10484,58325630,67678611,126004241,2,0,1,2048,13,1477604613
10485,58325929,67678353,126004282,0,0,1,1024,18,3456425382
10486,58327300,49052833,107380133,6,0,0,1024,8,10293009035
10487,58329540,49733437,108062977,1,0,0,19456,9,3815003195
10488,58331250,50423517,108754767,9,0,0,30720,17,434010629
10489,58340541,49144194,107484735,2,0,0,2048,13,454263450
10490,58345630,49139996,107485626,1,0,0,1024,9,2834347141
10491,58351030,49386198,107737228,9,0,0,18944,17,1603301981
10492,58354410,49361538,107715948,1,0,0,13824,9,7874634491
10493,58360280,67646268,126006548,4,0,1,3584,13,4025876244
10494,58360630,49500130,107860760,8,0,0,48128,17,1726054816
10495,58367031,49718003,108085034,2,0,0,56832,13,4339610525
10496,58389520,50116446,108505966,1,0,0,7680,9,6970603308
10497,58404330,49249689,107654019,5,0,0,22016,7,9573166455
10498,58408900,49218330,107627230,3,0,0,22016,7,7576349767
10499,58423120,49269357,107692477,8,0,0,12800,17,6624404513
10500,58432910,67576864,126009774,7,0,1,5120,6,2123734925
10501,58439741,49324530,107764271,2,0,0,9216,13,655509582
10502,58441680,67568555,126010235,5,0,1,10240,7,6984313599
10503,58467440,49335772,107803212,6,0,0,31744,8,9057532513
10504,58468830,49457722,107926552,1,0,0,11776,9,5171920763
10505,58482201,49235954,107718155,2,0,0,7168,13,9339132685
10506,58483520,49336180,107819700,1,0,0,10240,9,5896139385
10507,58498440,50233679,108732119,8,0,0,215040,17,9967988573
10508,58498780,49401199,107899979,7,0,0,11264,6,9541958358
10509,58502510,49394014,107896524,9,0,0,11776,17,146986259
10510,58507550,49480474,107988024,4,0,0,12288,13,8398512335
10511,58508010,49353397,107861407,8,0,0,2048,17,5958931970
10512,58512060,49481493,107993553,5,0,0,8192,7,3266466011
10513,58518550,49488013,108006563,5,0,0,15872,7,4723430196
10514,58523130,49493364,108016494,9,0,0,13824,17,7719251942
10515,58524830,67504435,126029265,3,0,1,8192,7,6909023319
10516,58528320,49460039,107988359,9,0,0,1024,17,3661099292
10517,58529440,67552616,126082056,6,0,1,3584,8,3307702390
10518,58535661,67868793,126404454,8,0,1,15360,17,2059021438
10519,58541161,67864919,126406080,8,0,1,2560,17,3225114110
10520,58546110,49455578,108001688,7,0,0,26624,6,5832033378
10521,58567070,49629841,108196911,9,0,0,14336,17,4525744419
10522,58568521,50015539,108584060,2,0,0,100352,13,8601906167
10523,58570880,49572008,108142888,9,0,0,44032,17,3813701004
10524,58578110,49521143,108099253,9,0,0,46592,17,2671009342
10525,58580500,49525226,108105726,6,0,0,17920,8,9526179045
10526,58584390,67981932,126566322,4,0,1,15360,13,1966507224
10527,58595319,68175826,126771145,0,0,1,8192,18,5189402863
10528,58599580,68171588,126771168,9,0,1,2048,17,511916701
10529,58605950,49504190,108110140,3,0,0,1536,7,591044570
10530,58608280,68328502,126936782,5,0,1,9728,7,6218309811
10531,58615980,49493669,108109649,5,0,0,12800,7,351515291
10532,58620330,68459639,127079969,4,0,1,27648,13,2998377420
10533,58621550,68554815,127176365,4,0,1,5632,13,8642766032
10534,58631581,49416390,108047971,2,0,0,5632,13,2461359299
10535,58633630,49704225,108337855,3,0,0,81408,7,792326917
10536,58637850,49749018,108386868,9,0,0,9216,17,751845882
10537,58638240,68541356,127179596,5,0,1,3584,7,1922528018
10538,58638720,49545749,108184469,6,0,0,17920,8,2351690323
10539,58641250,68539332,127180582,2,0,1,1536,13,611214810
10540,58643540,68544268,127187808,6,0,1,6656,8,2617922553
10541,58645740,49633001,108278741,0,0,0,44544,18,1390731641
10542,58653050,68561975,127215025,2,0,1,4608,13,10209107313
10543,58658540,50182187,108840727,9,0,0,38912,17,2390203679
10544,58664020,49528500,108192520,3,0,0,15360,7,7201654167
10545,58664200,49863573,108527773,9,0,0,59904,17,10339984023
10546,58667420,49813180,108480600,1,0,0,39424,9,5151113021
10547,58669291,50224800,108894091,2,0,0,52736,13,1775253015
10548,58669750,49731018,108400768,8,0,0,13312,17,7964347560
10549,58676490,49661856,108338346,6,0,0,1536,8,9852588314
10550,58678910,68536138,127215048,1,0,1,1536,9,6414697791
10551,58679290,50118606,108797896,9,0,0,39936,17,1570277356
10552,58688780,68526291,127215071,4,0,1,4096,13,6553772141
10553,58695770,68519324,127215094,9,0,1,5632,17,9284549494
10554,58702520,68512597,127215117,2,0,1,1024,13,9357428182
10555,58705100,50350559,109055659,7,0,0,21504,6,4938311706
10556,58705900,49700964,108406864,6,0,0,3072,8,9553382045
10557,58710040,49843421,108553461,5,0,0,50176,7,2708817408
10558,58712200,49776404,108488604,5,0,0,5120,7,136439265
10559,58720279,68494861,127215140,0,0,1,512,18,8370826350
10560,58724780,49866167,108590947,5,0,0,22528,7,9003475326
10561,58731860,49736697,108468557,9,0,0,33792,17,9213308346
10562,58737110,49864000,108601110,5,0,0,33280,7,4773023480
10563,58738140,49998214,108736354,8,0,0,13824,17,361396816
10564,58742580,49761023,108503603,7,0,0,28672,6,3845893747
10565,58744340,49739559,108483899,3,0,0,10752,7,1815981702
10566,58748030,50349397,109097427,7,0,0,33280,6,259076575
10567,58750290,50017610,108767900,3,0,0,6656,7,2377918627
10568,58751441,50032760,108784201,2,0,0,25600,13,2492942053
10569,58751920,68463243,127215163,7,0,1,1536,6,9919422494
10570,58763100,68452086,127215186,4,0,1,5632,13,3920466986
10571,58770070,49844510,108614580,5,0,0,4608,7,6211491453
10572,58782220,49850338,108632558,3,0,0,7168,7,6988072950
10573,58795270,50437321,109232591,6,0,0,100352,8,4455138191
10574,58806070,49939268,108745338,9,0,0,15872,17,10089621449
10575,58815160,49693406,108508566,8,0,0,512,17,9706857619
10576,58815880,49960498,108776378,0,0,0,20480,18,3148715444
10577,58821221,50023897,108845118,2,0,0,14336,13,7475356590
10578,58821270,68469874,127291144,6,0,1,32256,8,507044163
10579,58821641,49803988,108625629,2,0,0,20992,13,10538141094
10580,58823600,49942225,108765825,8,0,0,20992,17,1743593694
10581,58825340,68465827,127291167,6,0,1,12288,8,2108036144
10582,58830740,68462813,127293553,3,0,1,8192,7,9368388405
10583,58841150,49918233,108759383,7,0,0,14848,6,519957666
10584,58850280,68443296,127293576,1,0,1,8704,9,9052951774
10585,58852161,49994704,108846865,2,0,0,5632,13,3984748699
10586,58853901,68439698,127293599,8,0,1,4096,17,3476879166
10587,58863040,68453840,127316880,2,0,1,6144,13,2895015832
10588,58863940,50425962,109289902,8,0,0,29696,17,10389971760
10589,58872600,68444946,127317546,5,0,1,1024,7,1317871940
10590,58877360,49908337,108785697,6,0,0,4608,8,10418417508
10591,58879470,49890645,108770115,6,0,0,7168,8,5687976778
10592,58879920,49860513,108740433,3,0,0,13312,7,5613168756
10593,58884140,50161793,109045933,8,0,0,161792,17,5570071034
10594,58894500,50002266,108896766,8,0,0,8704,17,4107709716
10595,58896190,50152886,109049076,3,0,0,10240,7,6214702078
10596,58918029,68448632,127366661,0,0,1,23552,18,7133975328
10597,58920250,50142309,109062559,6,0,0,3584,8,7080554391
10598,58921871,50038212,108960083,2,0,0,6656,13,2360256341
10599,58932930,50432834,109365764,5,0,0,37376,7,8904424713
10600,58936100,50735982,109672082,9,0,0,121856,17,3753996129
10601,58941210,68543798,127485008,6,0,1,15872,8,4514838451
10602,58950430,68632744,127583174,2,0,1,1024,13,9020393055
10603,58951610,68640814,127592424,5,0,1,19968,7,3252956368
10604,58954610,50644296,109598906,9,0,0,43008,17,321926670
10605,58960640,50198984,109159624,7,0,0,50176,6,1487710845
10606,58960780,68692666,127653446,3,0,1,4608,7,10360139
10607,58965730,50326567,109292297,8,0,0,7680,17,9394997038
10608,58974050,50291480,109265530,6,0,0,108032,8,2600530961
10609,58982290,50312690,109294980,5,0,0,8704,7,10143699190
10610,58984761,50141277,109126038,2,0,0,37376,13,5435913632
10611,58985550,50194728,109180278,9,0,0,2560,17,10438249330
10612,58992920,50079406,109072326,9,0,0,19456,17,4133192175
10613,58994941,50722034,109716975,2,0,0,1024,13,2341587763
10614,58997370,50448776,109446146,0,0,0,7680,18,2917326374
10615,59013401,50264507,109277908,2,0,0,31744,13,10213367722
10616,59013930,68702057,127715987,3,0,1,15360,7,3199925703
10617,59018329,68869936,127888265,0,0,1,16384,18,8675871071
10618,59025150,68871836,127896986,2,0,1,5120,13,10053594092
10619,59034840,50109473,109144313,0,0,0,59904,18,2744667378
10620,59039550,68906072,127945622,3,0,1,26112,7,10445467782
10621,59041450,68925480,127966930,9,0,1,1536,17,1654487083
10622,59041710,50057924,109099634,9,0,0,7168,17,6021562335
10623,59047610,68919343,127966953,1,0,1,4608,9,3895858953
10624,59058230,68997664,128055894,9,0,1,8704,17,9401935836
10625,59081770,69064838,128146608,4,0,1,7680,13,399888404
10626,59084750,50730165,109814915,9,0,0,19456,17,3502477347
10627,59092120,69146722,128238842,3,0,1,18944,7,9974606698
10628,59107920,50883728,109991648,3,0,0,73216,7,2052306675
10629,59121440,50354514,109475954,6,0,0,9728,8,2814233631
10630,59122310,50156713,109279023,5,0,0,3584,7,3553754066
10631,59123750,69189184,128312934,5,0,1,7680,7,7020884567
10632,59127710,69220595,128348305,6,0,1,36864,8,2526891081
10633,59127820,50152653,109280473,7,0,0,4608,6,1140273305
10634,59134621,50133592,109268213,2,0,0,8704,13,5500042107
10635,59139940,50872641,110012581,9,0,0,15360,17,1244355385
10636,59140640,50161082,109301722,3,0,0,4096,7,3255862988
10637,59141860,69249734,128391594,2,0,1,2560,13,1093027371
10638,59146130,50134701,109280831,3,0,0,1024,7,1336181419
10639,59157080,50617982,109775062,3,0,0,48128,7,1492690473
10640,59158930,50179109,109338039,8,0,0,44544,17,4417085250
10641,59159250,50848620,110007870,6,0,0,16896,8,819505725
10642,59169641,50215420,109385061,2,0,0,17408,13,10519802526
10643,59180579,69211038,128391617,0,0,1,5120,18,6659910380
10644,59181200,50391391,109572591,1,0,0,55296,9,7258916232
10645,59182020,69209620,128391640,5,0,1,13312,7,8033933599
10646,59204110,69235640,128439750,7,0,1,19968,6,6473445632
10647,59212830,69243104,128455934,3,0,1,1024,7,5486616704
10648,59214521,50209545,109424066,2,0,0,15872,13,7543735074
10649,59233440,50275088,109508528,5,0,0,4608,7,2875472170
10650,59254640,50271673,109526313,5,0,0,52736,7,9380181407
10651,59256390,69200530,128456920,9,0,1,1536,17,1991167659
10652,59260960,69200786,128461746,2,0,1,7680,13,7444132788
10653,59263220,50350255,109613475,3,0,0,28160,7,9196377225
10654,59263920,50456978,109720898,4,0,0,12800,13,1955021499
10655,59266720,50209725,109476445,7,0,0,1536,6,3764912546
10656,59268920,50257884,109526804,5,0,0,1536,7,9875153352
10657,59270390,50417494,109687884,5,0,0,45056,7,54749373
10658,59271780,50441249,109713029,0,0,0,38400,18,1128413129
10659,59272540,50470280,109742820,3,0,0,17920,7,10444374995
10660,59287331,50249943,109537274,2,0,0,2048,13,5587877421
10661,59287500,69176512,128464012,9,0,1,3584,17,6787792563
10662,59299911,50392832,109692743,2,0,0,15872,13,10532593488
10663,59301290,50415350,109716640,6,0,0,11776,8,4200575200
10664,59303830,50370303,109674133,3,0,0,6656,7,4519753692
10665,59324080,50468086,109792166,9,0,0,15360,17,6600251507
10666,59338069,69127249,128465318,0,0,1,2048,18,5936477582
10667,59364980,69126452,128491432,9,0,1,10752,17,10376322184
10668,59367410,50262479,109629889,7,0,0,11264,6,5892037632
10669,59368470,50533395,109901865,9,0,0,17408,17,766611385
10670,59369140,50353505,109722645,3,0,0,5632,7,972363021
10671,59369940,50413216,109783156,9,0,0,8704,17,7096878048
10672,59372020,50507241,109879261,3,0,0,19968,7,1192628248
10673,59373560,50435404,109808964,5,0,0,19456,7,1180320696
10674,59379689,69111766,128491455,0,0,1,17920,18,3936824916
10675,59381841,50618456,110000297,2,0,0,28160,13,7325286345
10676,59388290,50652630,110040920,7,0,0,12288,6,4821476322
10677,59392080,50423326,109815406,9,0,0,1536,17,5439821718
10678,59403160,50838053,110241213,4,0,0,75264,13,4212410352
10679,59426539,69139128,128565667,0,0,1,3584,18,8916189448
10680,59430650,50663792,110094442,9,0,0,14848,17,9395370884
10681,59432970,50394832,109827802,3,0,0,18432,7,3380443480
10682,59436349,69129341,128565690,0,0,1,6656,18,8889749799
10683,59437520,50614798,110052318,3,0,0,18944,7,1987092683
10684,59438490,50530827,109969317,1,0,0,22016,9,10630176423
10685,59441790,50756215,110198005,7,0,0,81408,6,2010198588
10686,59443020,50559679,110002699,5,0,0,7680,7,3030353513
10687,59445670,50416501,109862171,3,0,0,3584,7,5949046246
10688,59446460,50767636,110214096,3,0,0,52736,7,2178758913
10689,59452540,69165031,128617571,9,0,1,1536,17,7059390222
10690,59460050,50904842,110364892,3,0,0,128000,7,10381532026
10691,59460370,50595418,110055788,9,0,0,5632,17,5641742562
10692,59462660,50825156,110287816,9,0,0,36352,17,9860233702
10693,59464660,69154537,128619197,4,0,1,2560,13,7093910476
10694,59465780,51319836,110785616,5,0,0,82944,7,3459668354
10695,59471510,50929110,110400620,7,0,0,33280,6,1743970749
10696,59488430,50761074,110249504,6,0,0,18432,8,9504565593
10697,59496500,69271829,128768329,9,0,1,22528,17,1583611468
10698,59499740,69545192,129044932,6,0,1,26112,8,2714770513
10699,59506351,50759872,110266223,2,0,0,512,13,8231695012
10700,59518101,69578866,129096967,8,0,1,4608,17,1511880272
10701,59519200,51094954,110614154,1,0,0,32256,9,503061175
10702,59520540,50894728,110415268,5,0,0,5120,7,7986275556
10703,59525090,51235231,110760321,8,0,0,3072,17,120751562
10704,59533090,50940759,110473849,8,0,0,131584,17,5724111033
10705,59535980,51386993,110922973,6,0,0,29184,8,3620661694
10706,59541440,69556353,129097793,6,0,1,7680,8,8818636685
10707,59550240,50883246,110433486,7,0,0,32256,6,6660169543
10708,59550460,50928435,110478895,3,0,0,16384,7,6483037626
10709,59552600,51192029,110744629,5,0,0,169472,7,7659216385
10710,59554230,50832653,110386883,3,0,0,16384,7,7313740043
10711,59571080,50795106,110366186,6,0,0,4096,8,3665020510
10712,59577140,69756570,129333710,1,0,1,8192,9,8641212693
10713,59578760,51180602,110759362,9,0,0,31744,17,7973261611
10714,59589850,50843861,110433711,8,0,0,512,17,1129059665
10715,59594450,69739283,129333733,2,0,1,1536,13,1625224320
10716,59595170,51032777,110627947,8,0,0,24576,17,7761769065
10717,59595540,51301243,110896783,5,0,0,1536,7,6373629650
10718,59600960,69813880,129414840,5,0,1,51712,7,4240938008
10719,59605971,51143696,110749667,2,0,0,12288,13,1180657675
10720,59609691,50983968,110593659,2,0,0,6656,13,5082236902
10721,59615530,69964806,129580336,7,0,1,15872,6,10618969951
10722,59619850,69969892,129589742,4,0,1,2560,13,9593215617
10723,59629300,51170183,110799483,5,0,0,2048,7,5212791803
10724,59641880,51308731,110950611,5,0,0,65024,7,2671975576
10725,59643531,51147139,110790670,2,0,0,8192,13,4301239807
10726,59652810,69936955,129589765,2,0,1,1024,13,4495008471
10727,59653850,69935938,129589788,7,0,1,13312,6,2999105116
10728,59659600,51236692,110896292,3,0,0,17408,7,1976035186
10729,59664860,51182334,110847194,1,0,0,3584,9,6490792556
10730,59665420,51504312,111169732,8,0,0,17408,17,7153582566
10731,59669651,69990896,129660547,8,0,1,2048,17,8343872120
10732,59671710,50965982,110637692,7,0,0,7168,6,755326278
10733,59672480,51125241,110797721,5,0,0,23040,7,5189407371
10734,59681680,51064220,110745900,1,0,0,4096,9,5991144239
10735,59688560,50977171,110665731,3,0,0,6144,7,5509595264
10736,59691240,69970613,129661853,5,0,1,2048,7,6529527016
10737,59695900,51229592,110925492,6,0,0,8192,8,4469335151
10738,59696020,51201878,110897898,9,0,0,3584,17,2901793812
10739,59705880,51120728,110826608,3,0,0,43008,7,4662113623
10740,59706460,51339418,111045878,1,0,0,3584,9,1553472247
10741,59719430,69944049,129663479,1,0,1,2560,9,2508884213
10742,59720310,51308560,111028870,3,0,0,98816,7,5120585615
10743,59725110,51897738,111622848,6,0,0,11776,8,1529983719
10744,59730410,69933735,129664145,7,0,1,1024,6,3042755051
10745,59734260,51064576,110798836,7,0,0,3584,6,8182706451
10746,59738480,51049655,110788135,5,0,0,8192,7,8289325825
10747,59738690,50851361,110590051,7,0,0,1024,6,7119475048
10748,59739640,51719595,111459235,5,0,0,8192,7,7971095040
10749,59742110,51302622,111044732,3,0,0,22528,7,10096150758
10750,59742521,51188255,110930776,2,0,0,5632,13,7071508049
10751,59753790,51160268,110914058,8,0,0,28672,17,1533926033
10752,59756580,51651297,111407877,7,0,0,40960,6,479650453
10753,59775280,69889326,129664606,1,0,1,10240,9,1652433288
10754,59778930,69900373,129679303,3,0,1,3072,7,2004174683
10755,59780059,69915307,129695366,0,0,1,3584,18,8765398407
10756,59781680,51610239,111391919,8,0,0,62976,17,9727463105
10757,59782570,70116017,129898587,1,0,1,18432,9,3014540093
10758,59793539,70168604,129962143,0,0,1,10240,18,6036434253
10759,59797530,70168342,129965872,3,0,1,6144,7,10134062897
10760,59798570,51129909,110928479,6,0,0,9728,8,3320069556
10761,59801100,51442089,111243189,7,0,0,8704,6,1878629959
10762,59811190,51381048,111192238,6,0,0,27136,8,6372797110
10763,59815260,51150807,110966067,1,0,0,11264,9,1823246983
10764,59826579,70163917,129990496,0,0,1,1024,18,9956746784
10765,59832750,70159692,129992442,4,0,1,3072,13,3479542518
10766,59845299,70149089,129994388,0,0,1,3072,18,2884816009
10767,59849260,51490911,111340171,8,0,0,83456,17,9400734129
10768,59854520,51178585,111033105,5,0,0,13824,7,7517360756
10769,59855710,51182135,111037845,5,0,0,13824,7,890116724
10770,59858460,70241452,130099912,9,0,1,35840,17,7567335954
10771,59860090,51349104,111209194,8,0,0,7168,17,3536275904
10772,59879450,51203210,111082660,5,0,0,32256,7,8396732616
10773,59880850,51173475,111054325,3,0,0,27648,7,8999712695
10774,59884001,51404232,111288233,2,0,0,36352,13,7404425242
10775,59888900,51217855,111106755,6,0,0,27136,8,7047643209
10776,59892320,51312889,111205209,1,0,0,42496,9,10683080941
10777,59894330,51245057,111139387,8,0,0,20480,17,5967066442
10778,59900900,51408626,111309526,5,0,0,48640,7,6861303935
10779,59907150,70201388,130108538,1,0,1,1024,9,5708017276
10780,59920200,51169191,111089391,4,0,0,22016,13,10655010156
10781,59943150,51798340,111741490,8,0,0,14848,17,7652591972
10782,59952830,70155731,130108561,3,0,1,21504,7,901647501
10783,59959890,51592205,111552095,3,0,0,12800,7,8021414329
10784,59964839,70217430,130182269,0,0,1,11776,18,3209750823
10785,59969460,51859804,111829264,9,0,0,54784,17,6737163542
10786,59983131,51223037,111206168,2,0,0,3072,13,9207575797
10787,59983720,51612487,111596207,4,0,0,15360,13,2875103006
10788,59994740,51117751,111112491,4,0,0,5632,13,2177951897
10789,59999240,51372909,111372149,1,0,0,22528,9,6487063576
10790,60000610,51294065,111294675,4,0,0,6656,13,9673528862
10791,60011740,70172314,130184054,6,0,1,3584,8,10223059889
10792,60013080,51461403,111474483,3,0,0,13312,7,10469818422
10793,60016980,70213873,130230853,6,0,1,20992,8,4107521017
10794,60022100,70208776,130230876,4,0,1,2048,13,8625713304
10795,60033010,70197889,130230899,2,0,1,8704,13,6832761386
10796,60034960,51667502,111702462,9,0,0,25088,17,8145213863
10797,60035950,70194972,130230922,1,0,1,8192,9,5736362322
10798,60039500,51253124,111292624,8,0,0,14336,17,7770023049
10799,60040810,70190135,130230945,9,0,1,5632,17,8942109157
10800,60042060,51879538,111921598,8,0,0,18944,17,5671826569
10801,60043280,70187688,130230968,6,0,1,1536,8,2979896712
10802,60046830,70320381,130367211,6,0,1,56320,8,4723050228
10803,60051220,51195580,111246800,3,0,0,11776,7,9503535278
10804,60059980,51335394,111395374,6,0,0,11264,8,1188553960
10805,60074990,51239730,111314720,1,0,0,16896,9,9847685605
10806,60083250,51260609,111343859,5,0,0,11776,7,8446603649
10807,60085550,51946299,112031849,8,0,0,39936,17,6819773762
10808,60089260,51658025,111747285,1,0,0,18944,9,6276198199
10809,60091240,51617953,111709193,6,0,0,22016,8,6360368634
10810,60093550,52124799,112218349,5,0,0,3072,7,5457378459
10811,60093670,51953646,112047316,1,0,0,50688,9,5811767465
10812,60108200,70259034,130367234,4,0,1,4608,13,2582301745
10813,60115800,52039304,112155104,8,0,0,34304,17,9093155479
10814,60120321,51347205,111467526,2,0,0,27136,13,344682673
10815,60125690,51500768,111626458,3,0,0,8192,7,5618252813
10816,60127580,51412816,111540396,8,0,0,18432,17,9763778754
10817,60128880,51737814,111866694,3,0,0,17408,7,5221005271
10818,60133620,70254664,130388284,5,0,1,7168,7,5623695351
10819,60135690,70305535,130441225,9,0,1,16384,17,4757825983
10820,60139330,51344173,111483503,1,0,0,512,9,2683590818
10821,60142570,70299321,130441891,3,0,1,1024,7,8028206970
10822,60180561,51227503,111408064,2,0,0,512,13,9818519855
10823,60188150,52152583,112340733,5,0,0,57856,7,270382447
10824,60192100,70250457,130442557,9,0,1,1024,17,1782897264
10825,60197431,51639234,111836665,2,0,0,16384,13,4516707593
10826,60202530,51416205,111618735,6,0,0,11776,8,10427368065
10827,60204950,70240513,130445463,4,0,1,4608,13,10060345316
10828,60207040,51963375,112170415,5,0,0,50176,7,2673219185
10829,60208540,51670657,111879197,7,0,0,40960,6,8725965820
10830,60208941,51406183,111615124,2,0,0,7680,13,3821103696
10831,60209610,51810048,112019658,9,0,0,63488,17,8338436565
10832,60222060,51383374,111605434,6,0,0,30208,8,3075800414
10833,60229840,70221291,130451131,6,0,1,3584,8,8903202250
10834,60233430,51573781,111807211,1,0,0,3584,9,2152265375
10835,60235420,51661085,111896505,6,0,0,2048,8,3206069231
10836,60240770,70210384,130451154,6,0,1,3584,8,7456730053
10837,60247520,51463888,111711408,3,0,0,7168,7,399572265
10838,60263380,52040964,112304344,1,0,0,66560,9,7204518260
10839,60274119,70177058,130451177,0,0,1,1024,18,5061286279
10840,60276100,51483005,111759105,7,0,0,1024,6,4073273426
10841,60278920,70173226,130452146,7,0,1,15360,6,7729153110
10842,60289380,51548868,111838248,1,0,0,5120,9,350243833
10843,60295510,70313906,130609416,6,0,1,2048,8,5274079282
10844,60299580,51654927,111954507,3,0,0,14848,7,2257616344
10845,60301170,51673739,111974909,8,0,0,2048,17,10515155007
10846,60305300,52069194,112374494,7,0,0,50688,6,2213237581
10847,60311190,51833439,112144629,4,0,0,32768,13,5854603484
10848,60314640,51517010,111831650,9,0,0,7680,17,7885862652
10849,60318050,51893545,112211595,5,0,0,24576,7,4359210715
10850,60321131,52037896,112359027,2,0,0,20992,13,3680667356
10851,60333589,70282581,130616170,0,0,1,18944,18,8433178097
10852,60333970,51755735,112089705,7,0,0,79360,6,4671095523
10853,60334220,70315503,130649723,4,0,1,13312,13,4226676096
10854,60352659,70297087,130649746,0,0,1,11264,18,1646267306
10855,60355130,52158512,112513642,3,0,0,7680,7,5029899260
10856,60360310,70328068,130688378,4,0,1,12800,13,9320428409
10857,60362200,51734751,112096951,5,0,0,17408,7,5445157292
10858,60363370,70381846,130745216,7,0,1,2560,6,10226966365
10859,60372330,51685569,112057899,3,0,0,11264,7,10482426809
10860,60373100,52103905,112477005,5,0,0,65536,7,3983390896
10861,60381540,70612439,130993979,6,0,1,13824,8,6724724587
10862,60383070,51562717,111945787,4,0,0,27648,13,5366875005
10863,60384850,51680568,112065418,7,0,0,24576,6,1243144065
10864,60389010,52122200,112511210,7,0,0,40960,6,4505018303
10865,60390961,51578272,111969233,2,0,0,3584,13,9472377164
10866,60397950,51656494,112054444,5,0,0,23040,7,1542385039
10867,60406560,52161660,112568220,9,0,0,25088,17,7229851321
10868,60408780,70597470,131006250,7,0,1,8704,6,2843971259
10869,60408930,70680827,131089757,7,0,1,13312,6,10581861410
10870,60410741,51806649,112217390,2,0,0,18944,13,8106254228
10871,60412630,51703563,112116193,7,0,0,14336,6,8135077157
10872,60413370,70676410,131089780,5,0,1,4608,7,8377197645
10873,60422110,51927382,112349492,4,0,0,28672,13,5037159132
10874,60448120,70642330,131090450,5,0,1,2048,7,8721394460
10875,60448500,51928981,112377481,1,0,0,9728,9,7290507226
10876,60450960,70690361,131141321,7,0,1,3584,6,2548610323
10877,60454100,70688604,131142704,1,0,1,14848,9,4534494682
10878,60455210,52158522,112613732,3,0,0,48640,7,10673348245
10879,60459750,51652044,112111794,3,0,0,48640,7,8119642131
10880,60466640,51804379,112271019,0,0,0,53248,18,8514233077
10881,60473510,52161847,112635357,0,0,0,14336,18,8879776240
10882,60476450,52079689,112556139,1,0,0,97280,9,5738517157
10883,60484900,70835931,131320831,4,0,1,3072,13,2763866741
10884,60485331,51947514,112432845,2,0,0,81920,13,6907273721
10885,60492290,52324711,112817001,1,0,0,18432,9,1344115181
10886,60497720,70823134,131320854,3,0,1,2048,7,3289484869
10887,60499401,51775587,112274988,2,0,0,6144,13,2956775018
10888,60508160,51930971,112439131,1,0,0,9216,9,6825631540
10889,60510430,52184525,112694955,7,0,0,7168,6,5026746645
10890,60511510,51668522,112180032,0,0,0,10752,18,558198903
10891,60514260,70888343,131402603,1,0,1,7168,9,3444867191
10892,60514761,52148696,112663457,2,0,0,8704,13,404702974
10893,60519580,70883046,131402626,5,0,1,4096,7,2233837477
10894,60522060,70880597,131402657,9,0,1,3072,17,9684857360
10895,60539650,52252331,112791981,0,0,0,22016,18,1647757540
10896,60544510,70945451,131489961,4,0,1,11264,13,987057977
10897,60547840,52042173,112590013,0,0,0,44544,18,3983870469
10898,60581141,52390566,112971707,2,0,0,52736,13,9768364457
10899,60589690,70900294,131489984,9,0,1,512,17,4183223047
10900,60604800,52309558,112914358,9,0,0,38912,17,5866035101
10901,60605450,70884557,131490007,4,0,1,7168,13,4165280467
10902,60621150,70868880,131490030,0,0,1,10752,18,5526234562
10903,60623760,51653778,112277538,1,0,0,1536,9,7318263371
10904,60626170,70863883,131490053,2,0,1,8192,13,8166737891
10905,60634160,51843804,112477964,9,0,0,3072,17,7008591536
10906,60636270,51636823,112273093,5,0,0,6656,7,1772275747
10907,60639410,70898302,131537712,3,0,1,512,7,9115513660
10908,60640690,51672648,112313338,9,0,0,10240,17,5827493165
10909,60642490,52018292,112660782,8,0,0,30720,17,4433189630
10910,60655190,51919480,112574670,7,0,0,20992,6,2408352401
10911,60657060,52378239,113035299,9,0,0,85504,17,4084692414
10912,60668931,51891599,112560530,2,0,0,14336,13,4644183602
10913,60670400,52429767,113100167,0,0,0,40448,18,3357099224
10914,60673420,52368727,113042147,3,0,0,16384,7,9664957925
10915,60678140,70860443,131538583,3,0,1,12288,7,10086219561
10916,60679920,52222559,112902479,1,0,0,72192,9,4909886989
10917,60696380,51756407,112452787,3,0,0,25088,7,8021627534
10918,60711000,70843083,131554083,9,0,1,1536,17,4520135669
10919,60717110,51905431,112622541,3,0,0,1536,7,2184595445
10920,60726081,52095456,112821537,2,0,0,3072,13,4396472581
10921,60735710,52187093,112922803,8,0,0,18432,17,2948185620
10922,60740770,52090893,112831663,0,0,0,6656,18,1070154529
10923,60743740,51974325,112718065,0,0,0,15872,18,9014310236
10924,60751830,52042982,112794812,1,0,0,9216,9,3316645423
10925,60751990,51976273,112728263,0,0,0,15872,18,10578753175
10926,60759360,51981219,112740579,3,0,0,9728,7,246717155
10927,60760960,52233725,112994685,1,0,0,70656,9,10588223051
10928,60761620,52576651,113338271,8,0,0,33280,17,2912543059
10929,60764880,52550070,113314950,0,0,0,64512,18,6667522285
10930,60771640,52311307,113082947,7,0,0,12288,6,980254218
10931,60778950,52230274,113009224,5,0,0,47616,7,560596753
10932,60785480,52094980,112880460,0,0,0,7168,18,3559805942
10933,60794520,70913413,131707933,9,0,1,6656,17,9433030549
10934,60794960,52498416,113293376,9,0,0,61440,17,8531193941
10935,60796241,52139760,112936001,2,0,0,12288,13,3477231265
10936,60797860,52443407,113241267,7,0,0,92160,6,1099402199
10937,60803120,52309815,113112935,1,0,0,19968,9,5546011916
10938,60810040,71001593,131811633,1,0,1,1536,9,800426425
10939,60813340,70998316,131811656,6,0,1,3584,8,8496141411
10940,60818291,52154843,112973134,2,0,0,4608,13,7973513537
10941,60819460,70992219,131811679,2,0,1,2048,13,9047805748
10942,60819600,52677190,113496790,0,0,0,2048,18,10169004377
10943,60829700,51881312,112711012,9,0,0,12288,17,5269203353
10944,60830481,51904750,112735231,2,0,0,512,13,618043254
10945,60834310,52745443,113579753,7,0,0,85504,6,1350857808
10946,60837320,52406778,113244098,7,0,0,9216,6,9386351756
10947,60837920,52088275,112926195,3,0,0,512,7,8629510076
10948,60843650,52495580,113339230,5,0,0,3072,7,2301037576
10949,60849000,52290737,113139737,3,0,0,3584,7,7586521475
10950,60877831,70985292,131863123,8,0,1,8704,17,2394137587
10951,60885920,51992333,112878253,0,0,0,30208,18,8233711474
10952,60896730,52055995,112952725,0,0,0,4608,18,7695245598
10953,60897850,52049634,112947484,0,0,0,16384,18,5554470206
10954,60906270,70976143,131882413,3,0,1,6656,7,9205194080
10955,60907370,71032314,131939684,4,0,1,6144,13,8159109121
10956,60928710,52514595,113443305,0,0,0,65024,18,7128127791
10957,60928790,52011189,112939979,3,0,0,12800,7,997254526
10958,60932980,52118082,113051062,1,0,0,29184,9,6840098925
10959,60942201,52317231,113259432,2,0,0,29184,13,2956107823
10960,60947150,52313553,113260703,9,0,0,4096,17,3256833637
10961,60947490,52408867,113356357,8,0,0,14848,17,5615564652
10962,60959980,52173783,113133763,5,0,0,17920,7,421078304
10963,60961710,52312923,113274633,8,0,0,11264,17,9891940375
10964,60962101,52288416,113250517,2,0,0,20992,13,2467093999
10965,60964000,52174622,113138622,3,0,0,15872,7,8102389096
10966,60973290,52351675,113324965,9,0,0,32768,17,4229509046
10967,60982860,52360948,113343808,5,0,0,8192,7,8157778745
10968,60982970,52500755,113483725,8,0,0,6144,17,8185101668
10969,60984380,70958850,131943230,0,0,1,5632,18,3138421827
10970,61000780,70945036,131945816,6,0,1,4096,8,2225437540
10971,61002710,70975509,131978219,0,0,1,14336,18,625837452
10972,61010620,71073883,132084503,6,0,1,28672,8,7871937595
10973,61011610,52411860,113423470,3,0,0,37376,7,5653666654
10974,61027570,52300538,113328108,9,0,0,10240,17,1698617295
10975,61037860,52313950,113351810,1,0,0,24064,9,4329911805
10976,61041900,71044365,132086265,0,0,1,2048,18,638668780
10977,61046380,52166784,113213164,0,0,0,20992,18,9333224292
10978,61062850,71055624,132118474,3,0,1,19968,7,8306627883
10979,61070510,71269891,132340401,6,0,1,10752,8,1962614010
10980,61072280,52403652,113475932,9,0,0,9728,17,523890301
10981,61072970,52372074,113445044,0,0,0,5632,18,9646045676
10982,61074090,52270365,113344455,0,0,0,2048,18,8391895540
10983,61076031,52287548,113363579,2,0,0,10752,13,8915266799
10984,61082600,52277680,113360280,3,0,0,12800,7,7018615555
10985,61087570,52253711,113341281,3,0,0,6656,7,4447873667
10986,61101740,52169438,113271178,5,0,0,34304,7,7632779549
10987,61111060,52532851,113643911,9,0,0,68096,17,7176780532
10988,61116410,71481016,132597426,3,0,1,4608,7,9108202176
10989,61135080,52475497,113610577,8,0,0,53760,17,5956467850
10990,61136130,52357625,113493755,8,0,0,6144,17,8801641503
10991,61147620,71515126,132662746,0,0,1,5120,18,8789983835
10992,61150880,52028370,113179250,0,0,0,5120,18,10380172497
10993,61152200,71510569,132662769,3,0,1,3584,7,6867489510
10994,61156440,71506352,132662792,3,0,1,6144,7,3101485471
10995,61164360,52327500,113491860,0,0,0,26624,18,8810155249
10996,61169461,52887511,114056972,2,0,0,136192,13,7419280785
10997,61183540,52410634,113594174,5,0,0,31232,7,10570432099
10998,61188341,52106930,113295271,2,0,0,6144,13,45395133
10999,61194490,52976862,114171352,5,0,0,32256,7,8816902841
11000,61195820,52255536,113451356,5,0,0,9728,7,9251771540
11001,61208790,52407503,113616293,7,0,0,18432,6,4066161999
11002,61211990,52584552,113796542,0,0,0,30208,18,622903938
11003,61220830,71623631,132844461,2,0,1,17408,13,7586741087
11004,61223250,52317935,113541185,7,0,0,10240,6,6983057627
11005,61228070,53036191,114264261,3,0,0,20480,7,10609032176
11006,61261700,52477916,113739616,3,0,0,49152,7,4893714228
11007,61264680,52723294,113987974,5,0,0,19456,7,8437238166
11008,61273380,52380253,113653633,7,0,0,2048,6,3275989693
11009,61286991,52537808,113824799,2,0,0,9216,13,1052520523
11010,61320710,71526337,132847047,3,0,1,4096,7,5258668456
11011,61320950,52080453,113401403,9,0,0,16384,17,846606553
11012,61321350,52437434,113758784,7,0,0,13824,6,10493481479
11013,61322110,52741156,114063266,9,0,0,2560,17,739260049
11014,61322770,52261842,113584612,1,0,0,15872,9,9945344940
11015,61330020,71617128,132947148,2,0,1,9728,13,1402095245
11016,61332480,52288052,113620532,8,0,0,8192,17,1625890967
11017,61333810,52371590,113705400,1,0,0,54272,9,10138624150
11018,61355521,52420529,113776050,2,0,0,12800,13,4331465451
11019,61356260,52706203,114062463,7,0,0,17920,6,1213691240
11020,61359720,52261459,113621179,0,0,0,2048,18,10268698348
11021,61369790,52535562,113905352,7,0,0,8192,6,9374499928
11022,61386910,52500190,113887100,0,0,0,8704,18,5158077567
11023,61388210,52366339,113754549,1,0,0,19456,9,3514224778
11024,61391670,52332947,113724617,9,0,0,9216,17,5192955457
11025,61417170,71827947,133245117,2,0,1,11264,13,10275459307
11026,61417250,52466796,113884046,9,0,0,25088,17,435038749
11027,61424510,52901396,114325906,0,0,0,2560,18,5974793452
11028,61431060,52584393,114015453,1,0,0,90112,9,9970737111
11029,61434670,71813225,133247895,7,0,1,3584,6,3481183300
11030,61434710,52711605,114146315,0,0,0,31744,18,8634264162
11031,61438780,52461703,113900483,8,0,0,512,17,2488836210
11032,61449800,52708558,114158358,3,0,0,39424,7,6430981657
11033,61449920,71800689,133250609,6,0,1,5120,8,7692080000
11034,61451750,52353650,113805400,9,0,0,9728,17,3883447840
11035,61454810,71804462,133259272,5,0,1,2560,7,2472462590
11036,61455810,52361004,113816814,7,0,0,25600,6,8433744354
11037,61461030,52612335,114073365,3,0,0,19968,7,7675454196
11038,61462250,52632400,114094650,9,0,0,69632,17,2662412348
11039,61464211,52652052,114116263,2,0,0,30208,13,618368403
11040,61467550,71944529,133412079,6,0,1,18432,8,8715326656
11041,61481871,52962968,114444839,2,0,0,18944,13,7186029017
11042,61482610,52764269,114246879,1,0,0,48640,9,6615639712
11043,61487730,52769312,114257042,1,0,0,33280,9,7827711320
11044,61489600,52577612,114067212,1,0,0,12800,9,8218788532
11045,61505480,52630649,114136129,8,0,0,48640,17,7686746111
11046,61505850,52855360,114361210,5,0,0,22016,7,722927515
11047,61509790,52597230,114107020,3,0,0,7168,7,7029149447
11048,61511870,71900875,133412745,9,0,1,1024,17,2810470579
11049,61513810,53054672,114568482,8,0,0,17408,17,3389632462
11050,61517610,52587203,114104813,5,0,0,33280,7,3434060937
11051,61535290,71877801,133413091,1,0,1,512,9,2708850992
11052,61536260,52625241,114161501,5,0,0,10240,7,5351667902
11053,61544620,71869137,133413757,5,0,1,1024,7,3292991181
11054,61550970,52417440,113968410,4,0,0,17920,13,829488591
11055,61554190,52917523,114471713,4,0,0,13824,13,9631364424
11056,61567460,52776357,114343817,5,0,0,36352,7,683088546
11057,61572210,52752893,114325103,5,0,0,71680,7,10344839670
11058,61574110,71840633,133414743,3,0,1,1536,7,4698835086
11059,61574480,52851667,114426147,9,0,0,4608,17,9426281122
11060,61585390,52768902,114354292,5,0,0,34304,7,2879460416
11061,61590360,52865119,114455479,7,0,0,28160,6,8311283361
11062,61590400,53110482,114700882,6,0,0,25600,8,7757273553
11063,61592770,53068585,114661355,9,0,0,191488,17,1809328166
11064,61595410,52525868,114121278,4,0,0,16384,13,8059150552
11065,61609920,52526700,114136620,5,0,0,1536,7,8200653409
11066,61614570,53559698,115174268,6,0,0,88576,8,6641243128
11067,61615230,71799859,133415089,3,0,1,512,7,5694542565
11068,61615410,53066207,114681617,1,0,0,18944,9,3302649656
11069,61617221,53251762,114868983,2,0,0,55296,13,5197925578
11070,61619380,52781105,114400485,7,0,0,36864,6,3651072757
11071,61629200,71796170,133425370,6,0,1,8704,8,1388377046
11072,61633290,52928736,114562026,3,0,0,44544,7,8977114734
11073,61653631,71774645,133428276,8,0,1,4608,17,3656351302
11074,61658110,71771152,133429262,5,0,1,1536,7,2788029884
11075,61659041,52721255,114380296,2,0,0,20480,13,10201273841
11076,61663290,71767598,133430888,5,0,1,2560,7,2873699802
11077,61664940,52897889,114562829,9,0,0,2560,17,4065517117
11078,61673230,71832203,133505433,9,0,1,16896,17,8098371178
11079,61677601,52811357,114488958,2,0,0,5120,13,6473364800
11080,61684980,71853037,133538017,0,0,1,10240,18,3461507940
11081,61685250,52726637,114411887,8,0,0,5120,17,3071700293
11082,61692440,52794935,114487375,9,0,0,16896,17,5756124615
11083,61695290,52678735,114374025,3,0,0,41984,7,6965961449
11084,61696610,52686205,114382815,7,0,0,8192,6,5445792
11085,61697900,53355900,115053800,1,0,0,116224,9,6395891082
11086,61699800,53010753,114710553,1,0,0,3584,9,7329457242
11087,61701090,52991961,114693051,0,0,0,7168,18,1450295098
11088,61709580,71889876,133599456,7,0,1,4096,6,9043892062
11089,61718020,52636459,114354479,9,0,0,512,17,430616682
11090,61725040,52767552,114492592,1,0,0,11776,9,3230637159
11091,61726670,52944380,114671050,1,0,0,31744,9,2807194654
11092,61745100,52963340,114708440,3,0,0,7168,7,5495581454
11093,61751470,72063008,133814478,3,0,1,41472,7,3362319984
11094,61768070,52907683,114675753,7,0,0,15360,6,7254947196
11095,61768260,72046241,133814501,6,0,1,12800,8,4057943988
11096,61768710,52940689,114709399,5,0,0,3072,7,2895945645
11097,61780020,72034504,133814524,1,0,1,4096,9,684357487
11098,61781110,52680833,114461943,3,0,0,512,7,1087033881
11099,61783050,72031497,133814547,3,0,1,6144,7,573649684
11100,61788350,72063095,133851445,1,0,1,17408,9,122653931
11101,61792681,52913544,114706225,2,0,0,17408,13,7244338796
11102,61801501,52889343,114690844,2,0,0,30208,13,3613542631
11103,61803020,52598268,114401288,8,0,0,2560,17,6866722012
11104,61808740,53070403,114879143,5,0,0,23552,7,1121840984
11105,61812400,72040147,133852547,3,0,1,5120,7,9107289982
11106,61822050,52989454,114811504,8,0,0,96256,17,4216526170
11107,61828351,72067573,133895924,8,0,1,1536,17,561933837
11108,61844090,53601732,115445822,7,0,0,104448,6,9389257231
11109,61850870,53328217,115179087,9,0,0,10752,17,491948957
11110,61857190,72043240,133900430,2,0,1,7168,13,2802802963
11111,61858810,53265299,115124109,5,0,0,16896,7,3544486857
11112,61869850,72032526,133902376,6,0,1,3072,8,121570124
11113,61871140,53771832,115642972,7,0,0,29184,6,10611429087
11114,61871750,53242953,115114703,9,0,0,72704,17,4140026956
11115,61872060,53413504,115285564,5,0,0,24064,7,5875601794
11116,61881590,53004719,114886309,0,0,0,22528,18,2438133989
11117,61908541,52943571,114852112,2,0,0,78336,13,8636557389
11118,61909700,53001170,114910870,6,0,0,23040,8,3548899741
11119,61920730,71983234,133903964,6,0,1,15872,8,7190987639
11120,61931050,52830392,114761442,1,0,0,6144,9,6731718600
11121,61942170,72031795,133973965,9,0,1,13312,17,7092312479
11122,61955260,72268591,134223851,5,0,1,14848,7,200779369
11123,61968890,52900280,114869170,3,0,0,512,7,8671096246
11124,61973360,53488154,115461514,9,0,0,12288,17,2809527403
11125,61977360,52838379,114815739,9,0,0,13824,17,9566772241
11126,61990490,53460191,115450681,9,0,0,15872,17,9202180977
11127,61992530,72238994,134231524,7,0,1,7168,6,8154217789
11128,62012690,53116153,115128843,0,0,0,1024,18,9478684267
11129,62019940,53528694,115548634,8,0,0,22528,17,7079057036
11130,62023430,53852241,115875671,3,0,0,36352,7,2422076487
11131,62025870,72255568,134281438,3,0,1,2560,7,2616668641
11132,62031799,72251435,134283234,0,0,1,5632,18,5132499072
11133,62033110,72274252,134307362,2,0,1,7680,13,3621040945
11134,62034370,72273015,134307385,3,0,1,1024,7,469951239
11135,62060180,52993955,115054135,7,0,0,1024,6,8065655232
11136,62060540,72246868,134307408,3,0,1,8704,7,1143202400
11137,62068350,53050588,115118938,7,0,0,13824,6,2878803487
11138,62073950,53188384,115262334,7,0,0,61952,6,6266829172
11139,62076120,53164677,115240797,3,0,0,71168,7,10598916300
11140,62078940,72265118,134344058,7,0,1,5120,6,9209941029
11141,62082750,72261331,134344081,6,0,1,3584,8,8419117684
11142,62090810,52847557,114938367,8,0,0,8704,17,7287415337
11143,62090960,72253144,134344104,6,0,1,2048,8,263462561
11144,62096651,53653230,115749881,2,0,0,26624,13,6549923425
11145,62101120,53418740,115519860,5,0,0,11264,7,3782902867
11146,62110310,72254900,134365210,3,0,1,6144,7,9459172596
11147,62118170,72247071,134365241,6,0,1,23552,8,5688247125
11148,62122631,72242633,134365264,8,0,1,512,17,10205629433
11149,62131171,53278413,115409584,2,0,0,113664,13,1696551870
11150,62136200,53605546,115741746,1,0,0,33280,9,6382253254
11151,62140250,52988250,115128500,7,0,0,14336,6,7313768550
11152,62143610,53190770,115334380,7,0,0,28160,6,8077852372
11153,62150900,53341283,115492183,7,0,0,9216,6,808588258
11154,62157700,72207587,134365287,6,0,1,3072,8,3654855410
11155,62160270,53662192,115822462,7,0,0,28672,6,1310473704
11156,62167240,72198070,134365310,7,0,1,1024,6,3637429116
11157,62169060,53734076,115903136,7,0,0,26624,6,8826477373
11158,62185820,53003527,115189347,7,0,0,4096,6,2624011647
11159,62186251,53300722,115486973,2,0,0,83456,13,666512013
11160,62206320,72226609,134432929,9,0,1,8192,17,4740523381
11161,62225920,52921337,115147257,5,0,0,6144,7,9566771689
11162,62227670,72206245,134433915,3,0,1,1536,7,10119507177
11163,62237010,53116833,115353843,3,0,0,57856,7,565631310
11164,62249130,52726566,114975696,8,0,0,2560,17,2162710349
11165,62254760,52940397,115195157,0,0,0,13824,18,2316155505
11166,62258220,72178921,134437141,3,0,1,5120,7,7488176619
11167,62262920,72174567,134437487,5,0,1,512,7,5000413379
11168,62265890,53037430,115303320,3,0,0,33792,7,1971269176
11169,62268550,53907008,116175558,3,0,0,55808,7,1567191883
11170,62275280,72164473,134439753,5,0,1,3584,7,50689137
11171,62276990,52991451,115268441,3,0,0,19968,7,10474720764
11172,62282640,53170248,115452888,7,0,0,7168,6,5549394892
11173,62294441,53420115,115714556,2,0,0,50176,13,2738328585
11174,62296870,53073259,115370129,5,0,0,3072,7,6507595777
11175,62345201,72094898,134440099,8,0,1,512,17,6739730758
11176,62352200,72114729,134466929,9,0,1,22528,17,514791496
11177,62359840,53137676,115497516,7,0,0,13824,6,9635939354
11178,62362730,53051245,115413975,7,0,0,14336,6,4151332734
11179,62365740,54024660,116390400,0,0,0,48640,18,5327727928
11180,62381650,53837764,116219414,1,0,0,24064,9,5628098895
11181,62382540,72238849,134621389,1,0,1,40960,9,650879099
11182,62393890,53095462,115489352,1,0,0,7680,9,1486641846
11183,62397011,53192118,115589129,2,0,0,33280,13,4578273505
11184,62412710,72226867,134639577,6,0,1,24576,8,723097735
11185,62428321,53205736,115634057,2,0,0,49664,13,8303808482
11186,62435800,72223300,134659100,3,0,1,2048,7,2528922461
11187,62436570,53021177,115457747,3,0,0,15872,7,8951673396
11188,62445860,53285723,115731583,7,0,0,55808,6,5382017870
11189,62461800,53063855,115525655,4,0,0,18944,13,39756047
11190,62468520,72190926,134659446,7,0,1,512,6,9343522496
11191,62469401,53131544,115600945,2,0,0,1536,13,3470636749
11192,62472470,53286014,115758484,7,0,0,28160,6,1669246665
11193,62484370,53169864,115654234,1,0,0,31744,9,4332955695
11194,62498130,53366442,115864572,5,0,0,79872,7,3095053685
11195,62506930,53936228,116443158,7,0,0,24064,6,2225860704
11196,62511200,72173908,134685108,7,0,1,4096,6,4104176845
11197,62523820,53076634,115600454,4,0,0,18432,13,6873954174
11198,62526460,53396987,115923447,8,0,0,65536,17,7000992810
11199,62531820,72184052,134715872,9,0,1,5632,17,1903997106
11200,62546370,72169525,134715895,0,0,1,1536,18,5355614897
11201,62546640,72208399,134755039,2,0,1,1024,13,9697221839
11202,62555200,72203065,134758265,6,0,1,5120,8,2724037167
11203,62568600,72194491,134763091,6,0,1,7680,8,6279767844
11204,62572331,53312971,115885302,2,0,0,5632,13,2301665773
11205,62573330,53638729,116212059,7,0,0,25600,6,2033715782
11206,62584960,53247400,115832360,8,0,0,1024,17,9963036766
11207,62590850,53333423,115924273,1,0,0,2560,9,7530811565
11208,62591130,53923794,116514924,4,0,0,22528,13,5214047044
11209,62594540,72202810,134797350,3,0,1,1024,7,5240685310
11210,62596190,54001210,116597400,3,0,0,55296,7,2407267447
11211,62599760,72216208,134815968,7,0,1,3584,6,820830358
11212,62604150,54453943,117058093,5,0,0,80384,7,5670334010
11213,62610671,53265647,115876318,2,0,0,2048,13,10651149177
11214,62620330,53911582,116531912,5,0,0,11264,7,1209438044
11215,62625681,53454262,116079943,2,0,0,17920,13,8207399260
11216,62630640,53439023,116069663,1,0,0,36864,9,10376794742
11217,62640441,53477334,116117775,2,0,0,20480,13,3358664737
11218,62640951,54205365,116846316,2,0,0,10752,13,609356662
11219,62644590,53512721,116157311,1,0,0,5632,9,4700669505
11220,62650770,53611409,116262179,3,0,0,62464,7,8968262193
11221,62656380,54524035,117180415,7,0,0,52224,6,5920356924
11222,62658770,72157237,134816007,2,0,1,3584,13,4959289945
11223,62659760,53750136,116409896,1,0,0,23040,9,8260578213
11224,62660400,72155630,134816030,9,0,1,1536,17,7936514033
11225,62664560,72151493,134816053,7,0,1,4096,6,10642551825
11226,62670160,72147112,134817272,9,0,1,2048,17,8151821823
11227,62670520,72164404,134834924,0,0,1,11776,18,1955278164
11228,62678550,53525686,116204236,8,0,0,59392,17,7870563998
11229,62688350,53316248,116004598,1,0,0,1536,9,7086459592
11230,62694450,54300656,116995106,8,0,0,8704,17,6378201733
11231,62695880,53430202,116126082,5,0,0,3584,7,2210852345
11232,62696140,53705740,116401880,3,0,0,24064,7,4212684437
11233,62700680,53867725,116568405,5,0,0,13312,7,10519556679
11234,62704510,72134992,134839502,0,0,1,6144,18,9494753837
11235,62711280,53903692,116614972,7,0,0,5120,6,1487525739
11236,62732020,54357453,117089473,7,0,0,18944,6,8457941883
11237,62742350,53720704,116463054,7,0,0,8704,6,9906989196
11238,62745690,53919845,116665535,4,0,0,25088,13,2188448769
11239,62747860,72127794,134875654,3,0,1,4608,7,4900044048
11240,62752170,53719146,116471316,5,0,0,4096,7,3748682292
11241,62757630,72132890,134890520,6,0,1,6144,8,4426040325
11242,62759360,72131183,134890543,1,0,1,6656,9,8638929030
11243,62763660,53721908,116485568,4,0,0,2048,13,8972418547
11244,62779480,53833909,116613389,5,0,0,17408,7,8622668563
11245,62785661,53789813,116575474,2,0,0,2048,13,2762899459
11246,62789720,53925941,116715661,7,0,0,81408,6,7129412905
11247,62803380,53850765,116654145,7,0,0,5120,6,8519012661
11248,62803660,54256796,117060456,6,0,0,7680,8,661439117
11249,62804720,72303760,135108480,6,0,1,1536,8,9338359155
11250,62813940,53908388,116722328,8,0,0,3584,17,9806214942
11251,62820500,53663720,116484220,0,0,0,6144,18,3139921420
11252,62834070,53560455,116394525,1,0,0,13312,9,909780517
11253,62841830,54700703,117542533,5,0,0,9216,7,7539240576
11254,62844131,72265487,135109618,8,0,1,2560,17,10617785842
11255,62865530,53969385,116834915,3,0,0,34304,7,8522327834
11256,62865730,54004240,116869970,7,0,0,12800,6,2256737194
11257,62876841,54335254,117212095,2,0,0,22016,13,6847533427
11258,62883300,54053657,116936957,0,0,0,5120,18,10564767771
11259,62890060,54348194,117238254,4,0,0,26112,13,8186765797
11260,62893390,53827823,116721213,7,0,0,17920,6,8989841968
11261,62898330,53560832,116459162,7,0,0,12288,6,917240803
11262,62905050,53702357,116607407,5,0,0,32768,7,12140723
11263,62910860,72198781,135109641,0,0,1,9728,18,8974623806
11264,62927091,54017997,116945088,2,0,0,3072,13,7023801609
11265,62933630,53674432,116608062,3,0,0,2048,7,1954111767
11266,62933790,54379108,117312898,3,0,0,19968,7,6952463202
11267,62934800,53844335,116779135,6,0,0,16384,8,6011781793
11268,62935230,72254990,135190220,5,0,1,1536,7,7760690719
11269,62935600,54395757,117331357,8,0,0,29184,17,4848063587
11270,62936841,54448504,117385345,2,0,0,45056,13,5935799648
11271,62975250,53970485,116945735,1,0,0,2048,9,8098743972
11272,62979210,54860425,117839635,1,0,0,28160,9,2553001087
11273,62982930,53766971,116749901,6,0,0,58880,8,147606713
11274,62984740,54215556,117200296,7,0,0,6144,6,6636189505
11275,62995700,72204394,135200094,2,0,1,2560,13,836716137
11276,63002600,72197517,135200117,7,0,1,7168,6,9893115681
11277,63006320,54437038,117443358,6,0,0,38912,8,4197965389
11278,63020820,53732415,116753235,5,0,0,6656,7,10097164265
11279,63026270,72243525,135269795,1,0,1,3072,9,6777199533
11280,63036180,72362871,135399051,7,0,1,27648,6,920801689
11281,63036800,54160018,117196818,4,0,0,53760,13,9929168285
11282,63037290,55374412,118411702,6,0,0,68096,8,1210316848
11283,63039620,72406353,135445973,1,0,1,7680,9,5819848532
11284,63056711,54800431,117857142,2,0,0,38912,13,6919316274
11285,63065890,53748286,116814176,6,0,0,12288,8,7869915033
11286,63069840,53916317,116986157,0,0,0,15360,18,1666693409
11287,63075620,54600880,117676500,8,0,0,29184,17,502850427
11288,63075711,72374448,135450159,8,0,1,6656,17,5282445894
11289,63080310,54544159,117624469,0,0,0,94720,18,1470213186
11290,63102100,53684078,116786178,7,0,0,23040,6,3735687984
11291,63118030,54004341,117122371,8,0,0,23040,17,1302415167
11292,63127800,53890539,117018339,7,0,0,9216,6,1624339270
11293,63132651,72318276,135450927,8,0,1,11776,17,1413693982
11294,63145410,55165365,118310775,7,0,0,143360,6,6497736058
11295,63147770,54007300,117155070,5,0,0,20480,7,3316180948
11296,63166361,53732634,116898995,2,0,0,7680,13,266329380
11297,63169780,53777756,116947536,6,0,0,1024,8,8172442382
11298,63172180,72337569,135509749,1,0,1,5632,9,4655816315
11299,63173960,54701503,117875463,8,0,0,15360,17,1481246569
11300,63181170,55048400,118229570,8,0,0,2560,17,4233166411
11301,63184580,54037275,117221855,4,0,0,9216,13,5703524386
11302,63184840,55240534,118425374,8,0,0,34816,17,10547099718
11303,63188640,72374624,135563264,2,0,1,5120,13,566216668
11304,63189480,54146112,117335592,8,0,0,13824,17,6085454087
11305,63195650,72537383,135733033,9,0,1,11264,17,8964568077
11306,63216580,54554420,117771000,4,0,0,84992,13,3031743702
11307,63220400,54447185,117667585,8,0,0,33792,17,3653132257
11308,63229900,54736907,117966807,0,0,0,45568,18,2877148315
11309,63238150,54321314,117559464,0,0,0,6144,18,9776306700
11310,63240360,54861786,118102146,5,0,0,59392,7,6059111260
11311,63246420,72487279,135733699,3,0,1,1024,7,4992162685
11312,63258240,55330543,118588783,8,0,0,23040,17,3361363274
11313,63264470,72469895,135734365,5,0,1,11264,7,9270034593
11314,63278940,54293539,117572479,0,0,0,35328,18,1559335466
11315,63281980,53880515,117162495,7,0,0,11264,6,2806359111
11316,63283341,54148138,117431479,2,0,0,31744,13,8923613692
11317,63285161,54021607,117306768,2,0,0,12288,13,647316410
11318,63295810,53701523,116997333,6,0,0,5120,8,7686966247
11319,63297250,53695181,116992431,7,0,0,19968,6,9666009681
11320,63313450,72421901,135735351,6,0,1,1536,8,3170741313
11321,63317660,53797102,117114762,7,0,0,39424,6,2867271119
11322,63318380,54474898,117793278,0,0,0,39936,18,2888708144
11323,63346700,54524060,117870760,6,0,0,17408,8,5775851144
11324,63374700,53928301,117303001,5,0,0,26112,7,9837273479
11325,63376900,54198901,117575801,4,0,0,10752,13,8239224634
11326,63379260,72362494,135741754,2,0,1,2048,13,1493268241
11327,63385181,54003041,117388222,2,0,0,3072,13,6770871736
11328,63385350,72420612,135805962,3,0,1,1024,7,1532705290
11329,63389030,55129080,118518110,6,0,0,37888,8,5761730060
11330,63396030,72570494,135966524,6,0,1,14336,8,372261501
11331,63396200,53665885,117062085,4,0,0,5120,13,8683677265
11332,63397500,54254205,117651705,7,0,0,65536,6,10609456560
11333,63408230,54116098,117524328,8,0,0,39936,17,5077820527
11334,63413190,53785211,117198401,0,0,0,5120,18,2191125038
11335,63414740,72559444,135974184,1,0,1,3072,9,6070318280
11336,63418310,54409401,117827711,5,0,0,8704,7,3796886296
11337,63419010,54321538,117740548,4,0,0,26624,13,5800842919
11338,63419290,72650048,136069338,5,0,1,11776,7,2707294611
11339,63433850,72636474,136070324,0,0,1,1536,18,8575293818
11340,63439660,54513240,117952900,1,0,0,52736,9,3451383196
11341,63451181,72624149,136075330,8,0,1,7680,17,6242136498
11342,63456770,53894033,117350803,8,0,0,25600,17,7174419629
11343,63473160,53878134,117351294,6,0,0,1536,8,617463346
11344,63476230,55100495,118576725,7,0,0,68096,6,1106790189
11345,63485711,53755998,117241709,2,0,0,11264,13,602268995
11346,63486650,55308980,118795630,0,0,0,1024,18,5611318852
11347,63504630,53777019,117281649,7,0,0,28160,6,8726737473
11348,63512690,72572609,136085299,3,0,1,512,7,5663829493
11349,63516650,72654909,136171559,5,0,1,12800,7,1177199956
11350,63530770,54240409,117771179,5,0,0,512,7,10385332343
11351,63539270,72632312,136171582,3,0,1,12288,7,7541654818
11352,63543830,53843433,117387263,6,0,0,3584,8,2571239960
11353,63544910,72659887,136204797,2,0,1,14848,13,4183271688
11354,63552150,54828408,118380558,5,0,0,66048,7,9474830454
11355,63554730,54002839,117557569,8,0,0,40448,17,6553355682
11356,63556570,72653053,136209623,6,0,1,7680,8,6243424492
11357,63570010,72640177,136210187,2,0,1,10752,13,3470414953
11358,63574150,53811998,117386148,8,0,0,2560,17,5947462575
11359,63594410,54333874,117928284,4,0,0,4096,13,3765843010
11360,63604220,55162922,118767142,0,0,0,33280,18,830263130
11361,63614290,72596883,136211173,1,0,1,1536,9,5745416090
11362,63625291,54303490,117928781,2,0,0,1536,13,918509368
11363,63625300,54006414,117631714,8,0,0,9728,17,4055788506
11364,63634440,55298021,118932461,6,0,0,9216,8,5375755863
11365,63638480,53990247,117628727,7,0,0,5120,6,9508211318
11366,63653001,72561718,136214719,8,0,1,5632,17,8830853638
11367,63661271,72650597,136311868,8,0,1,5632,17,5548306267
11368,63663001,53964143,117627144,2,0,0,8704,13,4744686451
11369,63664300,54034749,117699049,4,0,0,9216,13,8911717396
11370,63664481,53847656,117512137,2,0,0,14848,13,5768089377
11371,63689530,53673933,117363463,1,0,0,5120,9,9689973761
11372,63715430,54790622,118506052,9,0,0,108544,17,1691303034
11373,63717300,54549265,118266565,4,0,0,121344,13,10192124401
11374,63725750,55421197,119146947,5,0,0,28160,7,4946845217
11375,63726361,72643798,136370159,8,0,1,9216,17,3291379951
11376,63735951,72857562,136593513,8,0,1,11776,17,6463811145
11377,63753751,54111682,117865433,2,0,0,27136,13,2980890194
11378,63754330,54052425,117806755,0,0,0,8704,18,9493682166
11379,63754360,72950015,136704375,1,0,1,16384,9,8470078017
11380,63754521,54405593,118160114,2,0,0,34304,13,9531688891
11381,63764650,73044638,136809288,9,0,1,22528,17,1324588953
11382,63765210,53717671,117482881,5,0,0,12800,7,10510826490
11383,63770080,54566082,118336162,8,0,0,18432,17,9296647382
11384,63774340,73034971,136809311,2,0,1,6144,13,8654334231
11385,63775750,54446419,118222169,8,0,0,54784,17,3733904394
11386,63778880,54022221,117801101,7,0,0,25600,6,3676588760
11387,63780560,54282435,118062995,0,0,0,52736,18,479150590
11388,63785800,73037909,136823709,1,0,1,5632,9,9987049099
11389,63800570,54342182,118142752,6,0,0,74752,8,3413033840
11390,63806340,73023499,136829839,5,0,1,12800,7,2052226254
11391,63806521,54206946,118013467,2,0,0,130560,13,4895368121
11392,63807320,54365141,118172461,6,0,0,40448,8,5701189538
11393,63812040,73158651,136970691,7,0,1,22016,6,415541658
11394,63827720,54526405,118354125,5,0,0,58880,7,2731202342
11395,63832830,54287123,118119953,5,0,0,58368,7,2339052004
11396,63844541,54485982,118330523,2,0,0,24064,13,7040945672
11397,63852080,54212186,118064266,6,0,0,4096,8,8532956535
11398,63853780,73133989,136987769,5,0,1,7168,7,1705890065
11399,63855780,73166024,137021804,5,0,1,16384,7,10373463516
11400,63865040,54943614,118808654,5,0,0,6144,7,5720604031
11401,63865730,73161220,137026950,6,0,1,8192,8,2779390504
11402,63880401,54578846,118459247,2,0,0,13312,13,261338748
11403,63884751,54288084,118172835,2,0,0,512,13,5698559672
11404,63887280,54341487,118228767,7,0,0,11776,6,2547829449
11405,63889060,54283580,118172640,0,0,0,512,18,7762639024
11406,63891730,73151904,137043634,0,0,1,1024,18,576337488
11407,63900720,54695776,118596496,6,0,0,25088,8,2471842155
11408,63901420,54643123,118544543,6,0,0,11776,8,949189197
11409,63913910,54311246,118225156,7,0,0,9728,6,10086787566
11410,63917200,54664540,118581740,5,0,0,16384,7,2122189267
11411,63922150,54227489,118149639,0,0,0,22528,18,6378762730
11412,63936630,53973037,117909667,7,0,0,6656,6,10442398927
11413,63942261,73124182,137066443,8,0,1,6144,17,9020535396
11414,63956230,54404181,118360411,3,0,0,10240,7,7082416732
11415,63963790,54393478,118357268,6,0,0,10240,8,8987784422
11416,63981331,54473806,118455137,2,0,0,22528,13,7216533618
11417,63993660,54420405,118414065,5,0,0,7680,7,7645617090
11418,63997850,54543082,118540932,7,0,0,64000,6,9717166331
11419,64002660,55292969,119295629,0,0,0,22528,18,8463936568
11420,64005720,73080496,137086216,9,0,1,9728,17,6844917121
11421,64008221,73188028,137196249,8,0,1,16896,17,6486956540
11422,64016520,55424121,119440641,0,0,0,24064,18,2138450213
11423,64017710,54366155,118383865,0,0,0,10752,18,9303283162
11424,64019050,54616284,118635334,9,0,0,57856,17,9100583535
11425,64022950,54582047,118604997,1,0,0,11776,9,7919049838
11426,64023780,55211771,119235551,8,0,0,58368,17,6092985072
11427,64028730,55519053,119547783,5,0,0,67072,7,4049675836
11428,64036160,54278382,118314542,8,0,0,12288,17,965552573
11429,64045680,54221392,118267072,7,0,0,1536,6,1428224544
11430,64047830,54366890,118414720,5,0,0,2048,7,9108917225
11431,64049610,54808489,118858099,0,0,0,29696,18,10530379143
11432,64065360,55598553,119663913,8,0,0,28672,17,1658903634
11433,64065420,54407297,118472717,8,0,0,23552,17,10355066615
11434,64072280,54365160,118437440,7,0,0,25088,6,7184506278
11435,64075630,54247538,118323168,4,0,0,1024,13,6479591452
11436,64085210,55107614,119192824,7,0,0,9216,6,7057911759
11437,64086890,54235943,118322833,4,0,0,27136,13,602347469
11438,64101620,54363890,118465510,5,0,0,20480,7,6296627907
11439,64121300,54935354,119056654,4,0,0,32256,13,9252770988
11440,64123179,54799086,118922265,0,0,0,8704,18,5900622219
11441,64123531,54529009,118652540,2,0,0,48128,13,10055789476
11442,64139340,54251568,118390908,7,0,0,23040,6,8484972845
11443,64139480,54514175,118653655,8,0,0,3584,17,5797540712
11444,64140290,54289483,118429773,7,0,0,14336,6,6269717566
11445,64142350,73291986,137434336,0,0,1,3584,18,1958633124
11446,64143570,54412384,118555954,1,0,0,37376,9,8816507839
11447,64146371,73287988,137434359,8,0,1,17920,17,3530312732
11448,64160220,54361189,118521409,6,0,0,10752,8,1476234767
11449,64181320,73298862,137480182,6,0,1,8192,8,1201631408
11450,64191431,54835378,119026809,2,0,0,44544,13,1936571107
11451,64214270,54233957,118448227,6,0,0,35328,8,8984747721
11452,64218700,54435142,118653842,1,0,0,512,9,3338736491
11453,64219420,73332510,137551930,9,0,1,26624,17,4293738950
11454,64229280,73447969,137677249,1,0,1,52224,9,6940137139
11455,64229790,54615315,118845105,8,0,0,60416,17,5947796618
11456,64236410,54470733,118707143,6,0,0,1024,8,2566848609
11457,64240520,54516459,118756979,4,0,0,48640,13,9151313167
11458,64241270,54639595,118880865,4,0,0,21504,13,1769630421
11459,64242660,55115912,119358572,8,0,0,25600,17,4473751234
11460,64248580,54257963,118506543,1,0,0,1536,9,3639728673
11461,64252590,54748512,119001102,4,0,0,45056,13,566880897
11462,64253240,73588727,137841967,0,0,1,23552,18,5680099337
11463,64256230,54544401,118800631,7,0,0,2560,6,1178652729
11464,64261530,55186310,119447840,1,0,0,23552,9,1020317899
11465,64265700,73708963,137974663,0,0,1,1536,18,8131094369
11466,64267620,54774873,119042493,5,0,0,1024,7,4813432432
11467,64268980,54556414,118825394,0,0,0,5632,18,10261339787
11468,64269700,54331655,118601355,8,0,0,15872,17,6036607146
11469,64271720,73704081,137975801,5,0,1,7680,7,5500719938
11470,64286229,54351624,118637853,0,0,0,8192,18,8187298982
11471,64288780,54921336,119210116,6,0,0,38912,8,812793082
11472,64297810,54489674,118787484,9,0,0,4096,17,7417354840
11473,64299301,55068053,119367354,2,0,0,28672,13,3917872073
11474,64307760,54584661,118892421,5,0,0,29184,7,8163780521
11475,64314010,54472195,118786205,6,0,0,62464,8,4613521309
11476,64324910,73650914,137975824,7,0,1,3584,6,1851511656
11477,64347120,73636082,137983202,9,0,1,5632,17,9002146010
11478,64348390,54500638,118849028,4,0,0,12800,13,2826190850
11479,64349640,73702359,138051999,7,0,1,8704,6,8316310483
11480,64350700,55400434,119751134,6,0,0,24576,8,5208473248
11481,64354761,54792365,119147126,2,0,0,512,13,4347001460
11482,64364770,55064627,119429397,5,0,0,33792,7,2049580959
11483,64371810,55096849,119468659,1,0,0,8704,9,1678182129
11484,64376540,55563883,119940423,8,0,0,45568,17,2444682500
11485,64379320,54680789,119060109,5,0,0,11264,7,9143476598
11486,64384110,55034968,119419078,7,0,0,25600,6,1530673535
11487,64384510,54580675,118965185,0,0,0,10752,18,3441043007
11488,64387099,54478979,118866078,0,0,0,26112,18,10185177625
11489,64392211,55511436,119903647,2,0,0,81408,13,5823314499
11490,64393790,54394193,118787983,6,0,0,1536,8,4755712140
11491,64394550,73665139,138059689,9,0,1,6656,17,568616500
11492,64395080,55662580,120057660,0,0,0,19456,18,6110974912
11493,64400279,55744306,120144585,0,0,0,109568,18,2337450166
11494,64400690,54978485,119379175,5,0,0,4608,7,4659276538
11495,64402890,55198759,119601649,4,0,0,172032,13,10330669005
11496,64404300,54523043,118927343,4,0,0,5632,13,9998531427
11497,64412700,54537495,118950195,1,0,0,26112,9,10564428459
11498,64465650,54711276,119176926,4,0,0,19968,13,1766025108
11499,64474361,73585351,138059712,8,0,1,9728,17,9688351138
11500,64476900,55466510,119943410,6,0,0,9728,8,2859518413
11501,64486300,54554213,119040513,9,0,0,4608,17,6537003353
11502,64496830,73739325,138236155,7,0,1,15872,6,5479197778
11503,64498140,54651466,119149606,9,0,0,4608,17,6783540941
11504,64500800,54904122,119404922,1,0,0,10240,9,2002569407
11505,64507930,73749941,138257871,7,0,1,21504,6,6849994541
11506,64509780,73886186,138395966,1,0,1,22016,9,2603004005
11507,64511971,73914663,138426634,8,0,1,9728,17,9615974962
11508,64513220,73913437,138426657,0,0,1,2560,18,10571378101
11509,64524200,55825070,120349270,0,0,0,53760,18,5474414109
11510,64527320,54575011,119102331,8,0,0,12800,17,4401629497
11511,64530460,54706564,119237024,5,0,0,4096,7,4218678772
11512,64530510,55945050,120475560,5,0,0,13824,7,2005037373
11513,64534810,54957817,119492627,5,0,0,37888,7,5996475532
11514,64539770,73886910,138426680,6,0,1,12288,8,1961450271
11515,64579960,54655770,119235730,6,0,0,512,8,851273150
11516,64598221,73910640,138508861,8,0,1,2560,17,3347463014
11517,64600230,73929072,138529302,5,0,1,10240,7,7625669581
11518,64600830,73928495,138529325,0,0,1,14848,18,8978885957
11519,64602070,54878990,119481060,4,0,0,28672,13,508861550
11520,64603470,55664551,120268021,4,0,0,5120,13,5888427718
11521,64608831,55610891,120219722,2,0,0,40448,13,8042070142
11522,64611250,54886467,119497717,6,0,0,7168,8,2758585850
11523,64614411,73917684,138532095,8,0,1,7680,17,6691842579
11524,64614721,73919320,138534041,8,0,1,3072,17,4569351302
11525,64622900,73926201,138549101,5,0,1,5120,7,5836862231
11526,64623090,54556823,119179913,1,0,0,9728,9,1688849771
11527,64624719,54769756,119394475,0,0,0,24576,18,5518881785
11528,64626010,56023179,120649189,7,0,0,56832,6,8834878466
11529,64639540,54619062,119258602,5,0,0,20480,7,9189044669
11530,64644230,54975763,119619993,6,0,0,10240,8,10420970468
11531,64644320,54756843,119401163,8,0,0,11264,17,3012717602
11532,64667360,73935716,138603076,1,0,1,29696,9,5928498516
11533,64683640,73937313,138620953,0,0,1,5632,18,3960188075
11534,64686330,54930520,119616850,4,0,0,24064,13,936511366
11535,64687091,56339222,121026313,2,0,0,28672,13,7235660577
11536,64688300,55028543,119716843,6,0,0,5632,8,6101335673
11537,64692600,54916895,119609495,6,0,0,2048,8,9860958442
11538,64697590,55673254,120370844,7,0,0,27136,6,3616260502
11539,64713780,73911370,138625150,6,0,1,3072,8,3073130416
11540,64718660,54890188,119608848,6,0,0,23552,8,8502174633
11541,64727790,55080044,119807834,5,0,0,65024,7,10280003724
11542,64736211,54974230,119710441,2,0,0,22528,13,5933701364
11543,64740800,73885656,138626456,3,0,1,2048,7,299741920
11544,64745460,54884853,119630313,6,0,0,7680,8,3469156544
11545,64752380,54796830,119549210,7,0,0,4608,6,3446861835
11546,64759970,73871632,138631602,5,0,1,8192,7,7814505624
11547,64767240,55381580,120148820,6,0,0,13824,8,5303804112
11548,64768450,54874427,119642877,1,0,0,30208,9,9427248943
11549,64773140,55712855,120485995,6,0,0,12288,8,1875629256
11550,64782200,55026437,119808637,5,0,0,2560,7,4556337363
11551,64783640,54959983,119743623,8,0,0,13312,17,846746659
11552,64789300,55055152,119844452,1,0,0,4608,9,6254356950
11553,64798070,55221551,120019621,4,0,0,8704,13,755885993
11554,64798860,73852284,138651144,5,0,1,8704,7,10336768949
11555,64804830,54887562,119692392,7,0,0,3584,6,7944003867
11556,64806130,54908537,119714667,7,0,0,2560,6,2379472978
11557,64807860,54687286,119495146,6,0,0,8192,8,852775235
11558,64815370,73902802,138718172,6,0,1,20480,8,10347048200
11559,64823070,55019402,119842472,6,0,0,8192,8,9934086623
11560,64828830,56469138,121297968,4,0,0,47616,13,5176071743
11561,64844230,55627095,120471325,7,0,0,25600,6,8078077617
11562,64858340,56286069,121144409,9,0,0,3584,17,9998101847
11563,64886900,55082764,119969664,8,0,0,39936,17,7350144006
11564,64887870,55383294,120271164,0,0,0,10240,18,9746009400
11565,64888160,73832918,138721078,6,0,1,4608,8,1063255311
11566,64890949,54884000,119774949,0,0,0,4096,18,8449253412
11567,64903320,73850675,138753995,0,0,1,2560,18,1361108765
11568,64903610,55663987,120567597,5,0,0,76800,7,5558897837
11569,64905900,54967124,119873024,7,0,0,5632,6,7028750999
11570,64924850,73829168,138754018,5,0,1,2048,7,2763873900
11571,64934070,56105094,121039164,1,0,0,31744,9,514793642
11572,64935290,55694665,120629955,7,0,0,90624,6,1847984289
11573,64948410,55027673,119976083,1,0,0,20992,9,8668675199
11574,64954950,55096759,120051709,4,0,0,47104,13,7465139826
11575,64955940,55275341,120231281,6,0,0,21504,8,2803075207
11576,64957940,73800623,138758563,2,0,1,7680,13,9128148891
11577,64962460,55303799,120266259,5,0,0,17920,7,7718071492
11578,64979430,55258894,120238324,0,0,0,23040,18,6732515793
11579,64980590,55320747,120301337,7,0,0,27648,6,1355997501
11580,64998690,73824389,138823079,5,0,1,3072,7,3080963488
11581,65004680,55059085,120063765,9,0,0,5632,17,10586773563
11582,65015160,73842252,138857412,6,0,1,7168,8,7313397492
11583,65019930,55154745,120174675,7,0,0,38912,6,5367184280
11584,65021580,54935893,119957473,6,0,0,46080,8,1806673342
11585,65025790,55427393,120453183,0,0,0,10752,18,6722869914
11586,65027110,55125321,120152431,6,0,0,11776,8,2199692140
11587,65031170,54949662,119980832,9,0,0,5632,17,65880458
11588,65031350,55683493,120714843,4,0,0,46592,13,8323685032
11589,65032070,54813323,119845393,4,0,0,2048,13,1688975211
11590,65040860,55225578,120266438,9,0,0,512,17,1214383844
11591,65040960,55291907,120332867,7,0,0,26112,6,6135863946
11592,65043250,55406634,120449884,8,0,0,133120,17,6493292585
11593,65043380,56353074,121396454,9,0,0,28160,17,5910817369
11594,65051820,55429293,120481113,8,0,0,5632,17,9806416167
11595,65054050,55106851,120160901,7,0,0,27648,6,4099802370
11596,65056360,54980974,120037334,3,0,0,37376,7,10127417559
11597,65063139,54915954,119979093,0,0,0,9728,18,306717457
11598,65072460,73784991,138857451,3,0,1,11264,7,6692354693
11599,65080360,55082436,120162796,8,0,0,6144,17,2313458736
11600,65085310,55378192,120463502,9,0,0,33792,17,1017703797
11601,65089770,55454404,120544174,8,0,0,8192,17,936269244
11602,65090800,55227252,120318052,8,0,0,54784,17,7044897043
11603,65094710,55384656,120479366,1,0,0,10752,9,8057099649
11604,65097030,55094218,120191248,1,0,0,18432,9,833840969
11605,65097481,55311820,120409301,2,0,0,38912,13,9437580892
11606,65103690,56322487,121426177,6,0,0,7168,8,9787350086
11607,65104561,55751054,120855615,2,0,0,22528,13,3644324771
11608,65105530,55086209,120191739,8,0,0,1536,17,2093357859
11609,65106611,54982666,120089277,2,0,0,8192,13,1159036135
11610,65109080,75367366,140476446,4,0,1,375808,13,7175229405
11611,65118780,55636385,120755165,5,0,0,25600,7,2271354379
11612,65122820,75363261,140486081,9,0,1,6656,17,2018268315
11613,65127440,75359307,140486747,9,0,1,1024,17,753808285
11614,65133630,55359620,120493250,0,0,0,22016,18,6350931949
11615,65136450,55226103,120362553,1,0,0,43520,9,9095142162
11616,65141680,55778726,120920406,8,0,0,1024,17,2997724111
11617,65142970,56174612,121317582,0,0,0,29696,18,7919711147
11618,65153640,55388015,120541655,9,0,0,53760,17,1052831560
11619,65154580,75375105,140529685,6,0,1,23040,8,7467853700
11620,65159260,75438251,140597511,6,0,1,6144,8,806530770
11621,65160240,55529498,120689738,5,0,0,8192,7,8220681695
11622,65170110,75779673,140949783,4,0,1,194560,13,5081085568
11623,65178431,75776401,140954832,8,0,1,10752,17,7900801341
11624,65180201,56441922,121622123,2,0,0,3584,13,7845062455
11625,65184210,75843174,141027384,7,0,1,8704,6,7223635274
11626,65188760,55051771,120240531,3,0,0,7168,7,6931175752
11627,65194440,75866362,141060802,4,0,1,47616,13,2293727332
11628,65196730,75864095,141060825,6,0,1,11264,8,1871270697
11629,65197130,55475825,120672955,1,0,0,22528,9,5933134770
11630,65197170,55434680,120631850,5,0,0,6144,7,1537836528
11631,65198580,56369214,121567794,5,0,0,18432,7,8314986547
11632,65204430,56388547,121592977,3,0,0,8704,7,5536242251
11633,65205511,55812043,121017554,2,0,0,50176,13,8584519363
11634,65220300,55255767,120476067,0,0,0,1536,18,789075538
11635,65220320,55101187,120321507,5,0,0,11264,7,6391857669
11636,65220590,55457715,120678305,7,0,0,15872,6,3017845905
11637,65220701,75903668,141124369,8,0,1,33792,17,5125766906
11638,65228850,55562181,120791031,0,0,0,64000,18,5593246529
11639,65232420,55341628,120574048,3,0,0,11264,7,8203328115
11640,65242510,56466893,121709403,8,0,0,35840,17,8438206494
11641,65242960,55423108,120666068,6,0,0,55296,8,2124094287
11642,65254602,55227626,120482228,3,0,0,3584,7,5789732983
11643,65262749,56312891,121575640,0,0,0,25088,18,9671103665
11644,65264130,55409316,120673446,1,0,0,1536,9,8662489866
11645,65281570,55746950,121028520,3,0,0,7168,7,7902779478
11646,65284730,75854349,141139079,7,0,1,8704,6,5294526964
11647,65285010,75854092,141139102,3,0,1,4096,7,9646168538
11648,65285330,75854442,141139772,9,0,1,7168,17,5751717619
11649,65289610,55710730,121000340,7,0,0,66048,6,2595499538
11650,65289800,55538254,120828054,3,0,0,71680,7,4395580438
11651,65294110,55573072,120867182,7,0,0,37888,6,7108564557
11652,65296820,56034230,121331050,7,0,0,37888,6,10297410092
11653,65306690,56168458,121475148,5,0,0,29184,7,9511472453
11654,65327010,55653183,120980193,8,0,0,84480,17,176357139
11655,65336220,55421154,120757374,3,0,0,1024,7,6844634238
11656,65344410,55504318,120848728,1,0,0,22016,9,355347240
11657,65351950,56269058,121621008,9,0,0,8192,17,8611791025
11658,65355991,55334862,120690853,2,0,0,3584,13,6533156882
11659,65357130,75917956,141275086,1,0,1,108032,9,5924719137
11660,65359810,76161729,141521539,4,0,1,130560,13,6231591843
11661,65362770,55362261,120725031,6,0,0,8704,8,2171561122
11662,65374790,76146772,141521562,7,0,1,2560,6,5758224681
11663,65375751,55792150,121167901,2,0,0,8192,13,6826781724
11664,65388860,56173295,121562155,7,0,0,90624,6,2378993266
11665,65391630,55610605,121002235,1,0,0,6144,9,3777857268
11666,65399490,55393280,120792770,3,0,0,5632,7,10069462016
11667,65399610,55743684,121143294,5,0,0,100864,7,7066127898
11668,65403000,56429388,121832388,1,0,0,43008,9,124134417
11669,65407940,55397264,120805204,7,0,0,10240,6,8293108720
11670,65424550,55918235,121342785,8,0,0,23040,17,4495957336
11671,65425200,76096506,141521706,9,0,1,6656,17,100604596
11672,65427990,55777860,121205850,3,0,0,13824,7,10571473423
11673,65428180,55624644,121052824,9,0,0,8704,17,9464761869
11674,65431650,76178323,141609973,1,0,1,79872,9,2271421154
11675,65438470,55844967,121283437,8,0,0,4608,17,816449024
11676,65444900,55509530,120954430,5,0,0,36352,7,2405366601
11677,65460650,55734140,121194790,4,0,0,9728,13,1369402866
11678,65469260,76184853,141654113,9,0,1,34304,17,4230869575
11679,65476170,55967604,121443774,4,0,0,1024,13,3434491444
11680,65479580,55685802,121165382,8,0,0,60416,17,3279576954
11681,65480230,55890571,121370801,3,0,0,31744,7,5558926092
11682,65488300,76172588,141660888,3,0,1,7168,7,10198417050
11683,65493621,55837764,121331385,2,0,0,1024,13,5690021902
11684,65505150,55641801,121146951,4,0,0,5632,13,9165561758
11685,65506690,56248940,121755630,9,0,0,53248,17,368282794
11686,65520870,56272830,121793700,3,0,0,40960,7,3754286546
11687,65523880,55919559,121443439,4,0,0,35840,13,9956007642
11688,65536780,55698737,121235517,7,0,0,26112,6,6434001243
11689,65540660,55647343,121188003,1,0,0,22528,9,4165064036
11690,65541450,55740560,121282010,9,0,0,34816,17,9936406191
11691,65566390,55578822,121145212,6,0,0,2560,8,9802483132
11692,65566610,55955335,121521945,6,0,0,46080,8,3939294352
11693,65568990,55881827,121450817,5,0,0,23040,7,3491301057
11694,65569461,76147281,141716742,8,0,1,3584,17,3666890189
11695,65606479,55780881,121387360,0,0,0,54272,18,9351406186
11696,65615040,55687163,121302203,5,0,0,13824,7,3704633592
11697,65623640,76093125,141716765,5,0,1,5632,7,6646549997
11698,65627360,55543060,121170420,6,0,0,8192,8,8205357074
11699,65629870,56005536,121635406,0,0,0,43520,18,7183442539
11700,65632750,55985739,121618489,5,0,0,42496,7,3863617102
11701,65634910,56198593,121833503,1,0,0,3584,9,6270826457
11702,65646179,55944123,121590302,0,0,0,7680,18,1848015156
11703,65649451,56305791,121955242,2,0,0,39424,13,5443765787
11704,65660680,56397646,122058326,5,0,0,1536,7,8117938245
11705,65664040,55923860,121587900,3,0,0,21504,7,1583124192
11706,65665030,55902943,121567973,8,0,0,512,17,9003374925
11707,65665250,55637132,121302382,7,0,0,512,6,7525518880
11708,65666280,55721571,121387851,8,0,0,1536,17,4534033858
11709,65668109,56004856,121672965,0,0,0,1536,18,5026920251
11710,65673420,56216184,121889604,4,0,0,5632,13,3689308621
11711,65679240,55664192,121343432,7,0,0,2048,6,10653645200
11712,65680730,76036058,141716788,2,0,1,1536,13,7911377289
11713,65682980,76050881,141733861,5,0,1,7168,7,168335728
11714,65684149,55988279,121672428,0,0,0,83968,18,9079802504
11715,65692460,55639260,121331720,6,0,0,1024,8,585134746
11716,65694550,76042017,141736567,6,0,1,24576,8,10341766590
11717,65703400,56354435,122057835,6,0,0,71680,8,1063677105
11718,65705270,55876032,121581302,5,0,0,18432,7,10308452105
11719,65714400,56421976,122136376,0,0,0,3072,18,7370271561
11720,65722880,76126721,141849601,1,0,1,74240,9,2050385287
11721,65723160,56412257,122135417,3,0,0,30208,7,5631175311
11722,65727650,76140144,141867794,2,0,1,7680,13,3046383744
11723,65730250,76171492,141901742,2,0,1,15872,13,1156119023
11724,65736560,76170180,141906740,7,0,1,1024,6,4034436235
11725,65745150,76173697,141918847,4,0,1,28672,13,7134365181
11726,65745801,76239857,141985658,8,0,1,2560,17,9587245065
11727,65747300,76244488,141991788,0,0,1,3584,18,6371934941
11728,65748660,55746855,121495515,6,0,0,1536,8,1801196555
11729,65752400,56129356,121881756,7,0,0,35328,6,8643869323
11730,65756840,56170383,121927223,4,0,0,9728,13,879764765
11731,65757141,56061336,121818477,2,0,0,3584,13,4649924809
11732,65765030,76226781,141991811,2,0,1,16384,13,2142548163
11733,65772090,55874731,121646821,9,0,0,33792,17,6102840574
11734,65772680,55940646,121713326,3,0,0,12800,7,3910965968
11735,65777190,56142719,121919909,3,0,0,4608,7,10538618782
11736,65780050,76211792,141991842,1,0,1,25600,9,6286374059
11737,65799480,76192450,141991930,2,0,1,4608,13,2130095759
11738,65803320,76229511,142032831,6,0,1,1536,8,1475655365
11739,65810100,56205551,122015651,5,0,0,40448,7,8293208684
11740,65815900,76223273,142039173,2,0,1,11776,13,7984019079
11741,65820990,56465017,122286007,3,0,0,12800,7,8832407592
11742,65826180,55991182,121817362,8,0,0,50688,17,9527095781
11743,65828010,55930139,121758149,4,0,0,8192,13,6650187498
11744,65831320,76212679,142043999,5,0,1,7680,7,2371595573
11745,65832050,56313709,122145759,5,0,0,30720,7,7034865698
11746,65836930,56106277,121943207,8,0,0,11776,17,4707936273
11747,65838540,56422577,122261117,5,0,0,13312,7,566750515
11748,65844400,76234647,142079047,1,0,1,25088,9,1350353594
11749,65864420,56129217,121993637,0,0,0,14848,18,8150998280
11750,65866341,56296982,122163323,2,0,0,31232,13,635136502
11751,65867130,76211940,142079070,5,0,1,1024,7,2279308849
11752,65879830,56489118,122368948,1,0,0,6144,9,3500590390
11753,65899350,56291057,122190407,7,0,0,34304,6,542382743
11754,65900571,56279361,122179932,2,0,0,26624,13,8892627019
11755,65906010,56017528,121923538,5,0,0,6656,7,4164954509
11756,65920410,56662580,122582990,4,0,0,12800,13,1629250603
11757,65920420,76158681,142079101,6,0,1,6656,8,5735619191
11758,65926850,56647986,122574836,7,0,0,82944,6,4160119224
11759,65930240,76148884,142079124,5,0,1,10240,7,1719010473
11760,65931500,76205161,142136661,9,0,1,17920,17,2005022982
11761,65935670,56304338,122240008,3,0,0,46080,7,1244899200
11762,65935840,56565420,122501260,6,0,0,59392,8,6073324398
11763,65936680,76213318,142149998,2,0,1,2560,13,879835309
11764,65938591,56330314,122268905,2,0,0,3584,13,6704287014
11765,65939850,56454724,122394574,9,0,0,48128,17,8637010103
11766,65949361,56460703,122410064,2,0,0,50688,13,5198676692
11767,65950940,56175250,122126190,9,0,0,37888,17,4071384366
11768,65954020,76216224,142170244,6,0,1,33792,8,260934020
11769,65957550,76249909,142207459,7,0,1,5120,6,6307566677
11770,65959960,56185978,122145938,8,0,0,512,17,7390563497
11771,65961940,76246185,142208125,9,0,1,11264,17,6656406135
11772,65967120,56860198,122827318,6,0,0,18432,8,5023133387
11773,65971280,76314852,142286132,5,0,1,9216,7,2550273990
11774,65975120,56330841,122305961,6,0,0,44544,8,8466414380
11775,65982090,56447288,122429378,0,0,0,12288,18,6133962145
11776,65984500,56114445,122098945,7,0,0,12800,6,1056199792
11777,65991180,56202682,122193862,1,0,0,11264,9,5679511836
11778,65994410,56369188,122363598,3,0,0,29184,7,3856512248
11779,66001930,56365123,122367053,1,0,0,11264,9,6510492224
11780,66006340,56808584,122814924,4,0,0,54784,13,10304501058
11781,66008410,76279988,142288398,2,0,1,3584,13,3597024920
11782,66012009,56514974,122526983,0,0,0,30720,18,2636253182
11783,66019520,56395516,122415036,0,0,0,1024,18,1953114896
11784,66023180,56313974,122337154,7,0,0,20992,6,3356348570
11785,66028820,76297322,142326142,0,0,1,4608,18,4907063190
11786,66033590,56280127,122313717,6,0,0,1536,8,6712374774
11787,66035110,56824908,122860018,4,0,0,11264,13,269844191
11788,66050240,56304443,122354683,4,0,0,21504,13,8957156794
11789,66050700,56465403,122516103,9,0,0,48640,17,6314206244
11790,66055500,56385376,122440876,6,0,0,22528,8,10477822151
11791,66056120,56706086,122762206,6,0,0,65536,8,3218580381
11792,66056430,56357089,122413519,8,0,0,11264,17,385848023
11793,66057770,76268395,142326165,3,0,1,1536,7,7809047315
11794,66068990,56915930,122984920,4,0,0,41984,13,6727577020
11795,66087930,56285504,122373434,5,0,0,5632,7,5220274032
11796,66099540,56533912,122633452,1,0,0,32256,9,3740157117
11797,66101610,76224578,142326188,0,0,1,12800,18,8430986398
11798,66109860,56550476,122660336,7,0,0,10752,6,3210939293
11799,66115420,56720568,122835988,6,0,0,4096,8,9078450377
11800,66126300,76202898,142329198,7,0,1,4096,6,5566012439
11801,66135160,56654891,122790051,4,0,0,36864,13,7630393488
11802,66136960,56655922,122792882,6,0,0,9216,8,7227257546
11803,66137700,76429209,142566909,4,0,1,79360,13,811130309
11804,66139600,56764938,122904538,5,0,0,6144,7,3422607823
11805,66141660,77162615,143304275,4,0,1,408576,13,5549104971
11806,66146480,56793046,122939526,0,0,0,40960,18,7593324273
11807,66152400,56614041,122766441,6,0,0,13824,8,5944054294
11808,66153350,56668305,122821655,5,0,0,22016,7,4894777435
11809,66154800,56835493,122990293,5,0,0,10240,7,2734611981
11810,66156380,77165139,143321519,9,0,1,3584,17,7936197206
11811,66158250,77164857,143323107,1,0,1,15872,9,2129951664
11812,66179510,56710964,122890474,5,0,0,20480,7,3373899945
11813,66182050,56782213,122964263,9,0,0,15872,17,407241067
11814,66185630,77142816,143328446,9,0,1,3072,17,1943872992
11815,66185880,56940886,123126766,5,0,0,17408,7,1700884687
11816,66192930,77135539,143328469,9,0,1,2560,17,6164412853
11817,66193470,56679203,122872673,1,0,0,13824,9,8244115564
11818,66194070,77140136,143334206,6,0,1,22528,8,2071624760
11819,66196720,56443619,122640339,1,0,0,22528,9,2869482892
11820,66199170,57077427,123276597,7,0,0,33792,6,6960185826
11821,66213480,56584729,122798209,0,0,0,17408,18,5634330930
11822,66214770,56669169,122883939,8,0,0,34304,17,3810379754
11823,66222550,56674544,122897094,7,0,0,15872,6,4652505380
11824,66239350,56793606,123032956,8,0,0,33280,17,10396026291
11825,66245600,56909917,123155517,4,0,0,72192,13,1565424369
11826,66246940,56680014,122926954,7,0,0,64512,6,1282247043
11827,66277970,77063912,143341882,6,0,1,10752,8,4530345239
11828,66285690,56777784,123063474,7,0,0,35840,6,8509277819
11829,66290210,56439416,122729626,6,0,0,61440,8,6539944969
11830,66291671,57105001,123396672,2,0,0,61440,13,3892387241
11831,66297220,56481568,122778788,8,0,0,40448,17,9813593610
11832,66307160,56679343,122986503,0,0,0,5120,18,10519819687
11833,66309630,56645001,122954631,0,0,0,13824,18,1190950943
11834,66310200,77054456,143364656,6,0,1,6656,8,91313329
11835,66325740,77053805,143379545,0,0,1,20480,18,9368317391
11836,66329040,56955613,123284653,7,0,0,17408,6,5294687234
11837,66330630,56789367,123119997,6,0,0,31232,8,3780482789
11838,66333930,56718601,123052531,8,0,0,6656,17,6575264571
11839,66339260,56675483,123014743,8,0,0,1536,17,1584057514
11840,66341790,77039701,143381491,0,0,1,3072,18,4664487858
11841,66346120,77035717,143381837,1,0,1,512,9,5637313621
11842,66349050,77033043,143382093,9,0,1,9216,17,3898802998
11843,66354260,56680123,123034383,7,0,0,4608,6,5905406810
11844,66354490,57112309,123466799,6,0,0,27136,8,2720578975
11845,66365650,77031378,143397028,7,0,1,2048,6,9455669524
11846,66374520,57033171,123407691,0,0,0,4096,18,1200336381
11847,66377201,56609949,122987150,2,0,0,2048,13,5307343939
11848,66380890,77017764,143398654,0,0,1,2560,18,6552142832
11849,66393670,77005650,143399320,6,0,1,1024,8,2941043400
11850,66395630,77005316,143400946,6,0,1,2560,8,4679772866
11851,66409750,56534643,122944393,7,0,0,15872,6,9735933028
11852,66412240,56720153,123132393,7,0,0,16384,6,6562649866
11853,66412631,56943318,123355949,2,0,0,10240,13,4912322424
11854,66415340,56931827,123347167,8,0,0,85504,17,844645377
11855,66416040,56685238,123101278,1,0,0,19456,9,6866265779
11856,66420010,76990904,143410914,5,0,1,15872,7,5409330769
11857,66431030,56993393,123424423,3,0,0,48128,7,6714872546
11858,66440190,56745176,123185366,1,0,0,17408,9,8496447372
11859,66449831,56808758,123258589,2,0,0,34304,13,5632318779
11860,66450651,57002811,123453462,2,0,0,95232,13,9494648081
11861,66451310,56795651,123246961,3,0,0,11264,7,10159290159
11862,66482150,76928787,143410937,3,0,1,2048,7,4252085109
11863,66483290,56620975,123104265,8,0,0,9728,17,135327271
11864,66489120,56990494,123479614,6,0,0,41984,8,5187343963
11865,66495850,57081999,123577849,8,0,0,5120,17,6447121364
11866,66498521,76917913,143416434,8,0,1,18432,17,8027098337
11867,66499970,56994198,123494168,4,0,0,28160,13,2245327869
11868,66501010,57102726,123603736,8,0,0,78848,17,8866915325
11869,66518161,76909076,143427237,8,0,1,512,17,10488166278
11870,66518700,56837584,123356284,4,0,0,1024,13,1693409725
11871,66526780,56685196,123211976,0,0,0,10240,18,8843340469
11872,66539261,56759188,123298449,2,0,0,9728,13,2132082917
11873,66545870,56764171,123310041,7,0,0,20992,6,8010909564
11874,66546770,76881453,143428223,1,0,1,1536,9,9717631412
11875,66549951,56608241,123158192,2,0,0,8704,13,725177998
11876,66550910,56727917,123278827,1,0,0,512,9,5451604315
11877,66551240,56950002,123501242,0,0,0,16384,18,5266157218
11878,66566600,57261597,123828197,4,0,0,24576,13,3892508948
11879,66571190,57096073,123667263,8,0,0,32768,17,7762840472
11880,66573010,56601954,123174964,8,0,0,3072,17,1653215190
11881,66591180,56867328,123458508,0,0,0,8704,18,629923815
11882,66602170,76826719,143428889,9,0,1,1024,17,3659103610
11883,66603250,76828225,143431475,9,0,1,4096,17,611842067
11884,66606650,56889569,123496219,4,0,0,6656,13,6953708390
11885,66612271,76819550,143431821,8,0,1,512,17,7366464113
11886,66615150,76817977,143433127,5,0,1,2048,7,270003295
11887,66621890,56730916,123352806,3,0,0,18432,7,246183482
11888,66624540,57173757,123798297,7,0,0,32256,6,4376119950
11889,66638430,56817395,123455825,0,0,0,7680,18,10565506640
11890,66643700,56841865,123485565,4,0,0,19456,13,7035678073
11891,66644160,57013096,123657256,6,0,0,93184,8,1148755196
11892,66645910,57102988,123748898,8,0,0,19968,17,7492194812
11893,66648130,56630518,123278648,0,0,0,6656,18,7133320523
11894,66652550,56871296,123523846,3,0,0,49664,7,1341199587
11895,66652640,57098957,123751597,1,0,0,7680,9,6607559507
11896,66653580,56625738,123279318,7,0,0,1536,6,1519026643
11897,66662470,57026795,123689265,4,0,0,3072,13,9652129964
11898,66664300,57278696,123942996,0,0,0,8192,18,83209228
11899,66665011,76794212,143459223,8,0,1,16896,17,1045790209
11900,66674220,57393941,124068161,3,0,0,32768,7,194792429
11901,66678210,56993155,123671365,1,0,0,9728,9,3025392266
11902,66680681,76778888,143459569,8,0,1,512,17,6083729653
11903,66688040,57347692,124035732,7,0,0,58880,6,4224295729
11904,66688610,56836663,123525273,3,0,0,4608,7,2491769559
11905,66692810,56995496,123688306,6,0,0,13824,8,2986102348
11906,66703490,57220727,123924217,7,0,0,31232,6,556072186
11907,66723540,57458262,124181802,4,0,0,7680,13,10468530606
11908,66736130,56940439,123676569,6,0,0,1536,8,9945045918
11909,66757000,56806146,123563146,3,0,0,10752,7,7664382201
11910,66758420,76704055,143462475,0,0,1,4608,18,4871918989
11911,66773120,76689701,143462821,6,0,1,512,8,5391885935
11912,66780650,56754794,123535444,4,0,0,6656,13,4428685790
11913,66780830,56961961,123742791,0,0,0,31232,18,8994893673
11914,66790090,56878288,123668378,6,0,0,3584,8,8446291063
11915,66792010,76676625,143468635,0,0,1,18432,18,2171809856
11916,66795170,57212694,124007864,1,0,0,11264,9,411479096
11917,66800310,56912450,123712760,1,0,0,45568,9,2361580269
11918,66809640,57301036,124110676,3,0,0,1536,7,9536342306
11919,66823711,76646550,143470261,8,0,1,2560,17,9833257652
11920,66824370,56890597,123714967,0,0,0,7168,18,1451714929
11921,66826270,76650404,143476674,1,0,1,22528,9,7514290284
11922,66830051,57173555,124003606,2,0,0,6144,13,3246723484
11923,66831640,56867213,123698853,7,0,0,4096,6,1197065641
11924,66836900,57002663,123839563,6,0,0,1536,8,4111607861
11925,66860900,57066460,123927360,0,0,0,10240,18,9568434637
11926,66871100,57304587,124175687,3,0,0,11264,7,263515429
11927,66882250,57275845,124158095,8,0,0,9216,17,6316539653
11928,66890021,57409591,124299612,2,0,0,21504,13,9293684950
11929,66900240,76586726,143486966,5,0,1,8192,7,1912829311
11930,66907821,57130742,124038563,2,0,0,9216,13,10639627967
11931,66911400,57168640,124080040,7,0,0,38912,6,7003999346
11932,66911530,57081890,123993420,3,0,0,30208,7,9277434266
11933,66914330,57208084,124122414,0,0,0,1536,18,14720476
11934,66921500,57188685,124110185,9,0,0,19456,17,188494072
11935,66930890,76588156,143519046,6,0,1,4608,8,3430612238
11936,66935130,57043433,123978563,3,0,0,17920,7,1817069454
11937,66954210,57135369,124089579,4,0,0,31232,13,3369567592
11938,66963950,56891809,123855759,6,0,0,3584,8,6761568403
11939,66964940,57288597,124253537,0,0,0,79360,18,3180441849
11940,66974410,57363607,124338017,4,0,0,55808,13,488970545
11941,66977021,76544548,143521569,8,0,1,4096,17,5776539706
11942,66977250,57027159,124004409,4,0,0,2560,13,10218110620
11943,66981860,56915138,123896998,4,0,0,512,13,4222985863
11944,66997060,76546978,143544038,2,0,1,7680,13,310724779
11945,67004830,56906826,123911656,0,0,0,31744,18,8529634236
11946,67012880,57089281,124102161,7,0,0,3072,6,3083905450
11947,67013640,56988071,124001711,9,0,0,27136,17,2922754838
11948,67014130,57460547,124474677,0,0,0,17920,18,4992041569
11949,67018580,57176110,124194690,8,0,0,4608,17,9858761163
11950,67025401,57267636,124293037,2,0,0,59392,13,3047711031
11951,67027630,57274680,124302310,4,0,0,1024,13,5279117950
11952,67035360,57154025,124189385,6,0,0,17408,8,4357531080
11953,67037950,57542924,124580874,7,0,0,66048,6,1669770201
11954,67038470,57466149,124504619,7,0,0,54784,6,4130146948
11955,67064130,57347095,124411225,4,0,0,2560,13,7448408106
11956,67068430,57187314,124255744,4,0,0,7168,13,8036228615
11957,67072371,76476977,143549348,8,0,1,13312,17,6551027465
11958,67084120,57256127,124340247,0,0,0,7168,18,2140985210
11959,67086960,57360631,124447591,7,0,0,19968,6,1806205183
11960,67089720,57559726,124649446,7,0,0,4608,6,3537786841
11961,67093840,57515408,124609248,7,0,0,16896,6,7871244002
11962,67098320,57497191,124595511,0,0,0,17920,18,7909351287
11963,67101470,57409257,124510727,1,0,0,2048,9,550594856
11964,67101781,57480231,124582012,2,0,0,3584,13,2996138521
11965,67104480,57914424,125018904,8,0,0,13824,17,9146837624
11966,67109370,57192605,124301975,6,0,0,7680,8,3000539723
11967,67110360,76439974,143550334,7,0,1,1536,6,7611596956
11968,67116620,57269440,124386060,0,0,0,3584,18,5432818522
11969,67126150,57705338,124831488,3,0,0,63488,7,5492180882
11970,67127800,57280862,124408662,1,0,0,1024,9,5095356231
11971,67141760,57209288,124351048,3,0,0,3072,7,10708150853
11972,67144920,58036789,125181709,6,0,0,78848,8,1866965572
11973,67150310,76403890,143554200,0,0,1,6144,18,9836331179
11974,67152460,57282486,124434946,8,0,0,512,17,6863251377
11975,67155310,57428464,124583774,9,0,0,5632,17,6429537218
11976,67156120,76405343,143561463,2,0,1,4608,13,3092756839
11977,67161280,57453518,124614798,8,0,0,14336,17,421208533
11978,67168180,57696736,124864916,4,0,0,51712,13,5964819139
11979,67180510,57576229,124756739,8,0,0,39936,17,3616402000
11980,67181090,57686726,124867816,8,0,0,512,17,3696990845
11981,67181870,57443127,124624997,0,0,0,10752,18,8535239733
11982,67193821,58039467,125233288,2,0,0,512,13,9087752816
11983,67205550,57662087,124867637,4,0,0,5632,13,6352221635
11984,67209110,57547964,124757074,4,0,0,1024,13,9810263047
11985,67226020,57471071,124697091,6,0,0,6656,8,543127230
11986,67232920,57643322,124876242,9,0,0,2560,17,2857543434
11987,67238700,57764535,125003235,1,0,0,53760,9,8673752359
11988,67238970,57348883,124587853,1,0,0,13312,9,5744878949
11989,67243260,57468980,124712240,6,0,0,1536,8,9938150570
11990,67246230,57355258,124601488,7,0,0,4608,6,8854256821
11991,67260850,76300959,143561809,7,0,1,512,6,10380425474
11992,67263390,57404208,124667598,1,0,0,5632,9,2997185792
11993,67264220,57574091,124838311,7,0,0,22016,6,9785846671
11994,67272842,57687643,124960485,6,0,0,10752,8,5150900403
11995,67280700,57905193,125185893,6,0,0,12288,8,2728320985
11996,67285800,57361762,124647562,7,0,0,28672,6,10340139472
11997,67287550,76274925,143562475,1,0,1,1024,9,8845086679
11998,67291870,76275431,143567301,3,0,1,7680,7,10613135440
11999,67292450,76517213,143809663,4,0,1,66560,13,953588621
12000,67304010,76628120,143932130,3,0,1,11776,7,6277537400
12001,67307730,57833307,125141037,9,0,0,4096,17,2330119341
12002,67310610,57532092,124842702,9,0,0,14336,17,1156825938
12003,67317490,58647472,125964962,7,0,0,64000,6,2160712514
12004,67327110,57417438,124744548,8,0,0,30208,17,7736027626
12005,67327560,57261096,124588656,9,0,0,2560,17,7546916757
12006,67330301,76713682,144043983,8,0,1,18944,17,5632750779
12007,67341290,57507847,124849137,0,0,0,20992,18,1576743897
12008,67342920,57525387,124868307,6,0,0,1536,8,6370232645
12009,67354511,58356349,125710860,2,0,0,57344,13,8429784686
12010,67356150,57515300,124871450,8,0,0,10240,17,8671354108
12011,67361710,57687428,125049138,4,0,0,8192,13,7591830795
12012,67372720,76671609,144044329,3,0,1,512,7,8917535986
12013,67375120,57974008,125349128,1,0,0,1024,9,6981723612
12014,67387550,57320698,124708248,8,0,0,5120,17,6493477465
12015,67388100,57769562,125157662,3,0,0,3072,7,10154721804
12016,67393330,76652305,144045635,4,0,1,2048,13,1890787129
12017,67399380,76647881,144047261,1,0,1,2560,9,8112449535
12018,67404830,58997196,126402026,6,0,0,48128,8,5826747501
12019,67405430,76643137,144048567,1,0,1,2048,9,3293672218
12020,67413980,57963973,125377953,4,0,0,68608,13,7548069431
12021,67424000,57590022,125014022,8,0,0,35328,17,5532948997
12022,67428381,58707149,126135530,2,0,0,62976,13,10148429602
12023,67428720,58775120,126203840,4,0,0,13824,13,4896777370
12024,67436680,57429195,124865875,3,0,0,3072,7,8629053511
12025,67437310,58001049,125438359,0,0,0,65024,18,10365156746
12026,67437890,57862762,125300652,6,0,0,15872,8,4197737904
12027,67449861,57898932,125348793,2,0,0,42496,13,4728972573
12028,67455200,57652015,125107215,5,0,0,4608,7,6701044587
12029,67457410,57772712,125230122,9,0,0,29696,17,9329667130
12030,67466160,57572913,125039073,6,0,0,20992,8,2972215554
12031,67469930,58104776,125574706,6,0,0,512,8,8128339644
12032,67470460,57825333,125295793,0,0,0,67072,18,2098364832
12033,67471851,57941393,125413244,2,0,0,4096,13,5905921193
12034,67478550,57754559,125233109,0,0,0,9728,18,10413448179
12035,67485470,76563443,144048913,5,0,1,512,7,7260151339
12036,67486410,57904413,125390823,6,0,0,23040,8,3568445533
12037,67496090,59002146,126498236,6,0,0,19968,8,421687909
12038,67502260,58068773,125571033,3,0,0,54784,7,8437639015
12039,67505520,57558969,125064489,8,0,0,6656,17,9567344998
12040,67506990,57449007,124955997,7,0,0,6144,6,4153126738
12041,67515211,57877351,125392562,2,0,0,5632,13,5486406886
12042,67536721,76513178,144049899,8,0,1,1536,17,6958497644
12043,67545650,57583151,125128801,4,0,0,10240,13,8441728492
12044,67547020,76505811,144052831,5,0,1,4608,7,10255999769
12045,67562410,57658641,125221051,9,0,0,54784,17,10357754588
12046,67564720,59112970,126677690,4,0,0,66048,13,1338782324
12047,67567530,76617862,144185392,7,0,1,10752,6,2771250894
12048,67570390,57924042,125494432,8,0,0,20480,17,5142428576
12049,67575860,57725595,125301455,1,0,0,2560,9,3973043549
12050,67579840,76608458,144188298,1,0,1,4608,9,447353837
12051,67582100,57903644,125485744,1,0,0,16896,9,10250980403
12052,67587390,76610271,144197661,2,0,1,512,13,4949920516
12053,67609030,58179337,125788367,9,0,0,7680,17,10256135102
12054,67626780,58123790,125750570,6,0,0,24064,8,3573709246
12055,67632490,57625416,125257906,1,0,0,7168,9,2353748089
12056,67634501,57600485,125234986,2,0,0,2560,13,4177705252
12057,67638930,58104285,125743215,3,0,0,79360,7,8909599564
12058,67641220,58351718,125992938,7,0,0,24064,6,7699846832
12059,67642880,57513823,125156703,9,0,0,18432,17,1812182983
12060,67647660,57534236,125181896,6,0,0,512,8,8902772602
12061,67649291,59100405,126749696,2,0,0,41472,13,9246587467
12062,67654220,76545387,144199607,0,0,1,3072,18,10425021397
12063,67657170,57357499,125014669,4,0,0,2048,13,4093959205
12064,67675060,57703540,125378600,8,0,0,2048,17,5112367730
12065,67682920,58007328,125690248,3,0,0,512,7,1126392537
12066,67683500,58773973,126457473,1,0,0,95232,9,7976965314
12067,67692220,58368095,126060315,0,0,0,26624,18,10258864239
12068,67696960,57537154,125234114,8,0,0,2560,17,10179580193
12069,67700330,58281976,125982306,0,0,0,34304,18,7101852040
12070,67718630,76527199,144245829,0,0,1,2048,18,5072881647
12071,67719040,58224169,125943209,7,0,0,35840,6,2362766021
12072,67726050,58123383,125849433,9,0,0,23552,17,8689873011
12073,67744350,58223599,125967949,1,0,0,9728,9,2514798012
12074,67748730,57663243,125411973,6,0,0,29696,8,10457242219
12075,67752421,57688301,125440722,2,0,0,7680,13,5341432656
12076,67768680,58006943,125775623,0,0,0,41472,18,267229615
12077,67770291,58787785,126558076,2,0,0,19456,13,415597461
12078,67770330,76543855,144314185,4,0,1,18432,13,10279267139
12079,67771000,57709573,125480573,7,0,0,33280,6,2080984826
12080,67774410,59393306,127167716,9,0,0,44544,17,1175980964
12081,67779730,59038821,126818551,8,0,0,21504,17,1502935967
12082,67785190,58596580,126381770,6,0,0,31744,8,5582730424
12083,67787541,57964167,125751708,2,0,0,3584,13,9171583803
12084,67791700,58278223,126069923,0,0,0,27136,18,6549397921
12085,67796710,58531477,126328187,4,0,0,25600,13,8908161438
12086,67806360,59258868,127065228,6,0,0,81920,8,4456284602
12087,67830660,57856555,125687215,0,0,0,6656,18,4193897052
12088,67836711,57915800,125752511,2,0,0,2560,13,8793526336
12089,67837280,58698543,126535823,4,0,0,69632,13,6944950329
12090,67838570,76475646,144314216,2,0,1,4096,13,9869712344
12091,67841250,58401539,126242789,3,0,0,33792,7,4758829229
12092,67841770,57843394,125685164,4,0,0,46080,13,7389897190
12093,67842230,58570512,126412742,8,0,0,7680,17,4386021758
12094,67846130,57989440,125835570,4,0,0,16384,13,7678294510
12095,67858570,59478321,127336891,7,0,0,44544,6,9322339203
12096,67864550,58139668,126004218,4,0,0,5632,13,8865878184
12097,67870340,58738797,126609137,4,0,0,48128,13,8653145671
12098,67871090,58972788,126843878,1,0,0,6656,9,3362219909
12099,67873740,58552265,126426005,3,0,0,12800,7,5102393300
12100,67878300,58384352,126262652,0,0,0,10240,18,1883042675
12101,67882790,58089041,125971831,0,0,0,12288,18,5358691313
12102,67882940,59115926,126998866,1,0,0,18432,9,9590431324
12103,67891250,58030241,125921491,4,0,0,13312,13,4447668507
12104,67899080,58014721,125913801,3,0,0,55296,7,10050785550
12105,67899090,59255031,127154121,9,0,0,66048,17,9365467740
12106,67900070,76501175,144401245,0,0,1,8704,18,4975927729
12107,67913990,59123557,127037547,1,0,0,42496,9,1450443356
12108,67915080,76487151,144402231,0,0,1,1536,18,2695298758
12109,67920221,76483636,144403857,8,0,1,2560,17,9016062677
12110,67920260,59659428,127579688,8,0,0,93184,17,4805994731
12111,67922000,57766330,125688330,5,0,0,3584,7,6998243357
12112,67928040,57989372,125917412,3,0,0,11776,7,4833669471
12113,67930100,76478903,144409003,7,0,1,8192,6,8692184381
12114,67932640,57990278,125922918,1,0,0,4608,9,2330061174
12115,67937120,58657330,126594450,1,0,0,43008,9,954939087
12116,67938610,58143423,126082033,0,0,0,17920,18,906093395
12117,67943320,60033549,127976869,3,0,0,11264,7,2064171177
12118,67949950,76463239,144413189,1,0,1,6656,9,2999085982
12119,67956770,59759194,127715964,9,0,0,32768,17,642903995
12120,67957310,59664247,127621557,7,0,0,27648,6,6954472777
12121,67957620,58221796,126179416,1,0,0,1024,9,9963320662
12122,67960660,57984756,125945416,8,0,0,7168,17,4498306544
12123,67963850,58266262,126230112,6,0,0,37888,8,6980916081
12124,67966380,58724304,126690684,4,0,0,7680,13,3160842254
12125,67966660,76504829,144471489,9,0,1,1536,17,7244828827
12126,67966721,76506074,144472795,8,0,1,2048,17,4185939703
12127,67971150,58236301,126207451,9,0,0,11776,17,56860491
12128,67976250,58380892,126357142,8,0,0,28672,17,5484658465
12129,67982050,58070130,126052180,9,0,0,4096,17,2074803543
12130,67984770,76513232,144498002,0,0,1,5632,18,5342748255
12131,67987630,58654914,126642544,1,0,0,109568,9,5200863842
12132,67991011,58941170,126932181,2,0,0,39424,13,532642239
12133,67994180,58480031,126474211,4,0,0,32768,13,2262973847
12134,67997280,58939471,126936751,4,0,0,512,13,6771724765
12135,68020590,59819486,127840076,5,0,0,180736,7,9459102256
12136,68024380,58159583,126183963,6,0,0,14848,8,9449010460
12137,68039010,58046189,126085199,6,0,0,10240,8,3273470471
12138,68040130,59000115,127040245,0,0,0,7168,18,4045653957
12139,68066100,76491750,144557850,4,0,1,22528,13,6246249641
12140,68068651,76555865,144624516,8,0,1,1024,17,2579528141
12141,68070090,58701032,126771122,3,0,0,20992,7,972607242
12142,68071250,58342919,126414169,8,0,0,4608,17,7428570698
12143,68087280,59033130,127120410,7,0,0,3584,6,3362227924
12144,68091450,58460675,126552125,3,0,0,39936,7,1019206614
12145,68094270,58202059,126296329,0,0,0,19456,18,9374566597
12146,68095750,58595113,126690863,0,0,0,512,18,10534263728
12147,68106560,58357644,126464204,4,0,0,22016,13,1481746971
12148,68116970,59891278,128008248,0,0,0,102912,18,5713991803
12149,68117981,58898235,127016216,2,0,0,31744,13,7182716490
12150,68123540,58248535,126372075,6,0,0,37888,8,8189197359
12151,68126150,76499032,144625182,9,0,1,1024,17,5381018219
12152,68136990,59154131,127291121,3,0,0,48640,7,10564146960
12153,68137080,58586573,126723653,8,0,0,15872,17,3978916585
12154,68145780,58663929,126809709,6,0,0,54272,8,9004739940
12155,68150840,58554140,126704980,8,0,0,1536,17,2675328216
12156,68155400,76472048,144627448,4,0,1,3584,13,2126641378
12157,68165600,60252696,128418296,3,0,0,9728,7,4643884432
12158,68169190,58935504,127104694,8,0,0,44544,17,6098227636
12159,68186540,58540256,126726796,0,0,0,10240,18,564645419
12160,68193940,76434891,144628831,0,0,1,14848,18,4213119190
12161,68194420,58279970,126474390,8,0,0,512,17,6482434121
12162,68197570,59197094,127394664,0,0,0,16384,18,1515088584
12163,68197890,58459653,126657543,7,0,0,49152,6,6587455272
12164,68198121,58490200,126688321,2,0,0,34816,13,2205902563
12165,68201041,58089337,126290378,2,0,0,512,13,7799581755
12166,68210580,59004414,127214994,7,0,0,77824,6,10557430408
12167,68211080,58709066,126920146,6,0,0,135680,8,6503175061
12168,68214010,58723731,126937741,6,0,0,3072,8,9209960563
12169,68220570,58318396,126538966,9,0,0,10240,17,9255163206
12170,68227730,58476759,126704489,3,0,0,25088,7,657809562
12171,68228911,60476053,128704964,2,0,0,23552,13,786447291
12172,68229660,76419681,144649341,3,0,1,15360,7,2720655100
12173,68244780,59191412,127436192,4,0,0,45056,13,10354458327
12174,68254981,60560073,128815054,2,0,0,17920,13,7091148454
12175,68257870,60118538,128376408,6,0,0,92160,8,5023527271
12176,68261771,58829328,127091099,2,0,0,11264,13,5235885070
12177,68264281,60805761,129070042,2,0,0,6656,13,5664427427
12178,68280730,59256352,127537082,4,0,0,32256,13,8962052524
12179,68281200,58806436,127087636,0,0,0,25088,18,3529713267
12180,68288480,58932846,127221326,7,0,0,9216,6,9435477441
12181,68291930,58404892,126696822,8,0,0,19456,17,143912030
12182,68311340,59271803,127583143,9,0,0,11264,17,5254585555
12183,68313970,76444115,144758085,0,0,1,4608,18,3257906938
12184,68320580,59119535,127440115,8,0,0,12800,17,10523784105
12185,68327550,58693993,127021543,9,0,0,17408,17,5999349985
12186,68329850,58861409,127191259,0,0,0,6144,18,3755048711
12187,68330560,58234207,126564767,0,0,0,9728,18,9972381979
12188,68347130,59006026,127353156,3,0,0,512,7,9166671481
12189,68347950,76472809,144820759,3,0,1,14336,7,66576793
12190,68353550,76501888,144855438,3,0,1,10752,7,357966015
12191,68357150,58775859,127133009,4,0,0,15872,13,4140775391
12192,68359331,58345984,126705315,2,0,0,1024,13,1102845010
12193,68360420,59757802,128118222,4,0,0,77312,13,4302681092
12194,68363800,58716146,127079946,8,0,0,11776,17,8799357284
12195,68364060,60649034,129013094,3,0,0,3072,7,4851622313
12196,68382290,59301001,127683291,4,0,0,35328,13,2061101860
12197,68382410,58382285,126764695,4,0,0,49152,13,10151873990
12198,68383990,76476018,144860008,9,0,1,6144,17,789987428
12199,68389760,58903770,127293530,5,0,0,7680,7,7411262700
12200,68403870,59817080,128220950,9,0,0,64000,17,8690283130
12201,68413100,60720918,129134018,0,0,0,29696,18,1633225602
12202,68439120,59158966,127598086,6,0,0,10240,8,8629914090
12203,68460031,76410612,144870643,8,0,1,3584,17,8205612458
12204,68462490,58474082,126936572,4,0,0,14336,13,511545923
12205,68464600,59288405,127753005,1,0,0,71680,9,6897383914
12206,68476990,58561048,127038038,3,0,0,1536,7,6208441970
12207,68480570,58595765,127076335,3,0,0,36352,7,6820661183
12208,68486630,58392153,126878783,9,0,0,39936,17,6643795928
12209,68489670,58688122,127177792,6,0,0,4608,8,550996324
12210,68492790,59143454,127636244,0,0,0,44032,18,903564664
12211,68492800,59815252,128308052,8,0,0,91648,17,783189640
12212,68509430,76364330,144873760,2,0,1,7168,13,1241692507
12213,68510900,58796014,127306914,0,0,0,28672,18,8022899848
12214,68512030,59358044,127870074,0,0,0,93184,18,2527981188
12215,68513610,58479617,126993227,8,0,0,12800,17,2838920772
12216,68522661,58418855,126941516,2,0,0,12288,13,2837318182
12217,68529480,59862083,128391563,7,0,0,49664,6,4752837768
12218,68529641,58816166,127345807,2,0,0,13312,13,877876370
12219,68532940,58643402,127176342,1,0,0,27648,9,4120155449
12220,68535901,76410959,144946860,8,0,1,8192,17,9544505325
12221,68539380,60222617,128761997,3,0,0,41984,7,10344898412
12222,68540750,58647035,127187785,6,0,0,14848,8,3049768510
12223,68545190,76406176,144951366,7,0,1,7168,6,2844519480
12224,68548130,76408658,144956788,3,0,1,6656,7,3334556204
12225,68551920,76511003,145062923,1,0,1,26624,9,5741416109
12226,68556820,76506126,145062946,5,0,1,512,7,8529488842
12227,68558170,76504799,145062969,5,0,1,1024,7,7780123952
12228,68562370,58605525,127167895,4,0,0,512,13,3939203502
12229,68565670,76497322,145062992,9,0,1,1536,17,2986577192
12230,68566390,58538639,127105029,3,0,0,1024,7,895082587
12231,68572291,58735270,127307561,2,0,0,2048,13,7359650540
12232,68573910,59018491,127592401,9,0,0,30208,17,8034712368
12233,68578500,76484515,145063015,4,0,1,4096,13,5412326073
12234,68581171,60000550,128581721,2,0,0,20480,13,5084943556
12235,68588140,58706886,127295026,3,0,0,4608,7,8473639791
12236,68589010,76474028,145063038,5,0,1,1536,7,8872779634
12237,68590030,58628457,127218487,6,0,0,3584,8,2977229640
12238,68597260,76465801,145063061,5,0,1,512,7,3618959293
12239,68599620,76463464,145063084,0,0,1,9728,18,5731485695
12240,68603321,60164315,128767636,2,0,0,18432,13,5814130873
12241,68618240,60211706,128829946,4,0,0,23040,13,3749470078
12242,68633401,58756248,127389649,2,0,0,3584,13,3988943101
12243,68635190,59677721,128312911,9,0,0,15872,17,8493197045
12244,68635200,59266801,127902001,6,0,0,16384,8,2879425567
12245,68636110,59458525,128094635,8,0,0,17408,17,530535854
12246,68649180,76441016,145090196,7,0,1,12288,6,9182786078
12247,68651790,58643571,127295361,3,0,0,1024,7,10737006945
12248,68654520,76441962,145096482,4,0,1,512,13,2765080936
12249,68666950,59519002,128185952,9,0,0,74240,17,7298403437
12250,68667850,59263678,127931528,1,0,0,43008,9,689297829
12251,68670990,58935403,127606393,4,0,0,27136,13,5110007307
12252,68678150,59007036,127685186,7,0,0,6144,6,464823130
12253,68683770,76412735,145096505,9,0,1,1024,17,8222751741
12254,68684170,58668807,127352977,1,0,0,6144,9,8349319365
12255,68691531,60370509,129062040,2,0,0,25600,13,5408606405
12256,68694110,59011847,127705957,6,0,0,68096,8,4743628324
12257,68694540,58790445,127484985,9,0,0,17920,17,6674011152
12258,68711260,59248737,127959997,3,0,0,47104,7,1531660630
12259,68717470,59067515,127784985,0,0,0,30208,18,4724450147
12260,68718060,59251724,127969784,6,0,0,9216,8,9104986699
12261,68718550,58876393,127594943,4,0,0,8192,13,3893692952
12262,68720610,76384053,145104663,3,0,1,4608,7,9507059505
12263,68721680,60542366,129264046,7,0,0,31744,6,10209433462
12264,68727780,60605907,129333687,3,0,0,24576,7,3494119561
12265,68732660,59590593,128323253,9,0,0,33792,17,5062060982
12266,68746050,59165053,127911103,0,0,0,25088,18,1007485042
12267,68749190,76357547,145106737,1,0,1,7168,9,7000517264
12268,68754300,59265753,128020053,9,0,0,28160,17,5931789127
12269,68764970,60117824,128882794,6,0,0,25088,8,10655095668
12270,68767740,76339020,145106760,2,0,1,1536,13,9276580815
12271,68772720,60376252,129148972,7,0,0,33280,6,8397669982
12272,68773271,59352774,128126045,2,0,0,25600,13,7249012268
12273,68776960,59064699,127841659,5,0,0,5120,7,334050328
12274,68778781,76328002,145106783,8,0,1,2048,17,7890394268
12275,68779871,58860452,127640323,2,0,0,13312,13,9870407930
12276,68795720,59149871,127945591,8,0,0,46080,17,1963671504
12277,68795840,59170264,127966104,7,0,0,19968,6,6800316641
12278,68796950,60669297,129466247,6,0,0,31744,8,1025199987
12279,68798360,58752913,127551273,3,0,0,26624,7,3954660143
12280,68799060,59097903,127896963,8,0,0,23552,17,2835438668
12281,68801240,59437563,128238803,6,0,0,32256,8,3382437064
12282,68820640,76290557,145111197,5,0,1,11776,7,1472810649
12283,68821140,59436555,128257695,6,0,0,3584,8,6963522106
12284,68826730,59573224,128399954,1,0,0,6656,9,8649103810
12285,68828860,59599506,128428366,8,0,0,22016,17,9506250503
12286,68830460,76347885,145178345,7,0,1,4608,6,1523994575
12287,68837950,76357415,145195365,7,0,1,10240,6,2398108702
12288,68841510,76375463,145216973,3,0,1,1024,7,5355875112
12289,68846330,58879984,127726314,9,0,0,33792,17,7616923423
12290,68846360,76372879,145219239,9,0,1,3584,17,3602934184
12291,68857360,59273636,128130996,0,0,0,1024,18,2411915534
12292,68866270,59201347,128067617,4,0,0,38400,13,1510662458
12293,68866480,59882694,128749174,4,0,0,16384,13,7246652965
12294,68869740,59289658,128159398,9,0,0,23552,17,4450843071
12295,68871770,60281460,129153230,7,0,0,8704,6,5573614809
12296,68874800,60451376,129326176,8,0,0,73216,17,890703363
12297,68880220,59533048,128413268,6,0,0,22528,8,4925518342
12298,68912010,58991418,127903428,8,0,0,4608,17,8041931856
12299,68914390,77657423,146571813,7,0,1,388608,6,3741861471
12300,68918990,59136881,128055871,0,0,0,58880,18,7783988099
12301,68935600,77636879,146572479,5,0,1,1024,7,6944242914
12302,68961850,59005057,127966907,3,0,0,2560,7,3234070609
12303,68971670,58915126,127886796,7,0,0,19456,6,8076220963
12304,68972570,59518839,128491409,9,0,0,21504,17,8992937393
12305,68975301,59679937,128655238,2,0,0,30208,13,5141047802
12306,68975971,77650507,146626478,8,0,1,22528,17,7818310142
12307,68986950,59555573,128542523,4,0,0,71168,13,10505701631
12308,68988970,77685009,146673979,1,0,1,4608,9,6514704185
12309,68992380,60464172,129456552,7,0,0,10240,6,3679101907
12310,69000809,60852472,129853281,0,0,0,22016,18,5152003488
12311,69003140,77670862,146674002,2,0,1,6656,13,2832100855
12312,69004470,60602547,129607017,9,0,0,10240,17,640312236
12313,69006320,59082988,128089308,7,0,0,20480,6,7571394800
12314,69007950,60811410,129819360,7,0,0,47104,6,8148838015
12315,69010430,60727672,129738102,4,0,0,53760,13,3163543466
12316,69016690,59935232,128951922,1,0,0,3072,9,677184958
12317,69031800,59308035,128339835,3,0,0,38400,7,5309412355
12318,69049691,58975221,128024912,2,0,0,15872,13,1012864166
12319,69056141,77619485,146675626,8,0,1,7168,17,7382894376
12320,69063790,59406943,128470733,7,0,0,5120,6,9387376625
12321,69066600,59162352,128228952,3,0,0,14848,7,1775799832
12322,69067250,59742321,128809571,8,0,0,43008,17,5407907314
12323,69072190,59422468,128494658,0,0,0,7168,18,4894478499
12324,69075580,59843589,128919169,1,0,0,44544,9,8295560973
12325,69077820,59328561,128406381,6,0,0,20992,8,7496905013
12326,69079070,59067515,128146585,1,0,0,26624,9,1677049009
12327,69089151,59833793,128922944,2,0,0,12288,13,4963173869
12328,69096050,59301853,128397903,9,0,0,20480,17,5040533392
12329,69096990,59631400,128728390,0,0,0,23040,18,1757454879
12330,69106670,59241612,128348282,4,0,0,27648,13,10507097672
12331,69107560,77602234,146709794,1,0,1,10752,9,7526700212
12332,69108550,59219562,128328112,6,0,0,15872,8,10092354263
12333,69111710,59367681,128479391,3,0,0,5120,7,7832512016
12334,69114850,59971767,129086617,8,0,0,54272,17,371071744
12335,69127860,77586347,146714207,5,0,1,1024,7,7885923532
12336,69133520,59090885,128224405,8,0,0,11264,17,810656943
12337,69148670,59097660,128246330,4,0,0,4096,13,3564488151
12338,69158930,60728668,129887598,0,0,0,48128,18,8307264213
12339,69164090,59857844,129021934,7,0,0,19968,6,8552925607
12340,69167070,59929874,129096944,7,0,0,33792,6,8951909338
12341,69173151,59392493,128565644,2,0,0,37376,13,2291615409
12342,69179430,59805851,128985281,9,0,0,16384,17,7867851264
12343,69183450,60971200,130154650,6,0,0,95744,8,2217239622
12344,69189350,77525203,146714553,2,0,1,512,13,1776067124
12345,69197700,60860711,130058411,6,0,0,36864,8,6335030926
12346,69201111,77517628,146718739,8,0,1,6656,17,2552722980
12347,69204450,77543245,146747695,9,0,1,12288,17,9820937682
12348,69205451,60222447,129427898,2,0,0,6656,13,1541135161
12349,69206370,60840786,130047156,9,0,0,132096,17,8680177168
12350,69207500,77540218,146747718,9,0,1,9728,17,9351726759
12351,69209960,77541846,146751806,5,0,1,12800,7,2528732136
12352,69221530,61372373,130593903,6,0,0,201728,8,5604732191
12353,69230520,60128131,129358651,6,0,0,25088,8,6378988251
12354,69231930,60310586,129542516,4,0,0,38912,13,6919220711
12355,69243831,59915701,129159532,2,0,0,10752,13,2662942578
12356,69253090,61041704,130294794,1,0,0,74240,9,8303262506
12357,69258340,77545642,146803982,0,0,1,2048,18,7631219758
12358,69262529,77541967,146804496,4,0,1,5632,13,8023848480
12359,69263651,59836349,129100000,2,0,0,7168,13,8392381875
12360,69264190,77540329,146804519,9,0,1,9216,17,2362075095
12361,69278450,77526092,146804542,9,0,1,12800,17,242599992
12362,69283640,60941505,130225145,9,0,0,74240,17,116822589
12363,69290599,77531305,146821904,4,0,1,3072,13,7007726562
12364,69293650,59204859,128498509,7,0,0,4608,6,6042202178
12365,69311720,77510207,146821927,0,0,1,4608,18,3643839853
12366,69316600,77505358,146821958,9,0,1,11776,17,5720685579
12367,69320141,59371551,128691692,2,0,0,10240,13,9585103002
12368,69321250,60580948,129902198,8,0,0,11776,17,9676026668
12369,69325120,59676835,129001955,0,0,0,11776,18,1271962109
12370,69329771,59391576,128721347,2,0,0,30720,13,816213236
12371,69336940,60597031,129933971,9,0,0,90112,17,886255134
12372,69339980,59203346,128543326,9,0,0,2560,17,4965274417
12373,69342080,59439844,128781924,4,0,0,44544,13,803077223
12374,69345170,77476811,146821981,5,0,1,1024,7,3524579410
12375,69346470,77495096,146841566,1,0,1,22016,9,4637681638
12376,69350860,61299697,130650557,7,0,0,2560,6,5606699229
12377,69353190,60443450,129796640,3,0,0,46080,7,8682353626
12378,69359170,61001755,130360925,0,0,0,16896,18,1567809214
12379,69361510,59382649,128744159,6,0,0,29184,8,7243690819
12380,69387050,59455419,128842469,7,0,0,8704,6,10391742969
12381,69395020,60904321,130299341,4,0,0,14848,13,9793516223
12382,69404620,60720835,130125455,6,0,0,44032,8,5757876480
12383,69405310,59240701,128646011,8,0,0,29696,17,9840944467
12384,69408750,61448719,130857469,6,0,0,35328,8,7630303899
12385,69413380,60245909,129659289,4,0,0,28160,13,7529716434
12386,69414070,59653921,129067991,9,0,0,19456,17,8665645246
12387,69415599,77434030,146849629,4,0,1,2048,13,8704903885
12388,69444590,77405385,146849975,9,0,1,512,17,268742278
12389,69452240,77398081,146850321,3,0,1,512,7,7937067476
12390,69462200,59443374,128905574,9,0,0,3072,17,1552448676
12391,69471010,59296961,128767971,8,0,0,1024,17,471430300
12392,69477390,60003064,129480454,3,0,0,13824,7,9129374574
12393,69479310,59683654,129162964,6,0,0,3584,8,4593319294
12394,69492540,77359087,146851627,3,0,1,2048,7,10071002668
12395,69494730,59521097,129015827,4,0,0,4608,13,10246501673
12396,69499600,59320313,128819913,9,0,0,15872,17,6256787508
12397,69508580,59259726,128768306,6,0,0,1024,8,5993944173
12398,69509060,59962202,129471262,6,0,0,16384,8,7168090484
12399,69511030,77341903,146852933,1,0,1,2048,9,1877368055
12400,69511390,61138310,130649700,8,0,0,13312,17,1211978678
12401,69517300,61423136,130940436,4,0,0,10240,13,2673390524
12402,69535630,60541859,130077489,1,0,0,35840,9,680701577
12403,69543249,77312270,146855519,4,0,1,4096,13,946580781
12404,69546020,61174428,130720448,1,0,0,54272,9,10093264802
12405,69551060,59700640,129251700,3,0,0,16384,7,3414211305
12406,69552080,59735389,129287469,8,0,0,76800,17,4902162271
12407,69552300,77330612,146882912,0,0,1,8192,18,3967307731
12408,69552480,59598075,129150555,1,0,0,5120,9,7369994718
12409,69561470,59825696,129387166,5,0,0,35328,7,9446460778
12410,69563060,61430896,130993956,1,0,0,24576,9,3813120951
12411,69570650,59653939,129224589,9,0,0,56832,17,8514403540
12412,69577751,59629499,129207250,2,0,0,6656,13,4316098433
12413,69586230,77308321,146894551,2,0,1,11776,13,3426110538
12414,69587330,59452411,129039741,4,0,0,58368,13,2881947146
12415,69595340,59800266,129395606,4,0,0,11776,13,2709303132
12416,69607551,77290849,146898400,8,0,1,13824,17,7021347607
12417,69609000,77293266,146902266,0,0,1,6144,18,2075885966
12418,69617850,60564396,130182246,1,0,0,2560,9,10362556643
12419,69627900,59952413,129580313,9,0,0,97280,17,9379724600
12420,69629080,60460155,130089235,3,0,0,34816,7,5491343857
12421,69632100,77364068,146996168,3,0,1,5632,7,1161645518
12422,69635510,59520715,129156225,3,0,0,9728,7,250364268
12423,69646450,59451320,129097770,3,0,0,2560,7,4233483965
12424,69648170,77368519,147016689,1,0,1,3072,9,7857418860
12425,69653850,61435884,131089734,7,0,0,35328,6,2157855702
12426,69654870,59759947,129414817,9,0,0,62976,17,9292484037
12427,69658610,77358102,147016712,0,0,1,512,18,2922141822
12428,69660630,59929089,129589719,9,0,0,30720,17,2146948159
12429,69674130,59629193,129303323,4,0,0,2560,13,1299853560
12430,69675150,59975536,129650686,7,0,0,25600,6,10069376729
12431,69686910,59955953,129642863,4,0,0,64512,13,6978544757
12432,69695251,60569162,130264413,2,0,0,62464,13,6208382218
12433,69698260,77318475,147016735,9,0,1,9216,17,5859588905
12434,69700060,59842947,129543007,1,0,0,1536,9,3987368245
12435,69700620,60492015,130192635,1,0,0,4096,9,145544168
12436,69704310,59586770,129291080,1,0,0,11776,9,2743744064
12437,69713870,59637114,129350984,1,0,0,22528,9,8283650082
12438,69724271,77527539,147251810,8,0,1,9216,17,806619175
12439,69733141,77721881,147455022,8,0,1,11776,17,1988014383
12440,69741520,77738930,147480450,2,0,1,10240,13,6634828881
12441,69746700,61204840,130951540,7,0,0,8704,6,1484171191
12442,69748410,59962739,129711149,4,0,0,16896,13,3516738008
12443,69750820,59853054,129603874,7,0,0,43008,6,7857916848
12444,69757850,60211398,129969248,1,0,0,2048,9,4096424989
12445,69760440,77723184,147483624,6,0,1,13312,8,21639325
12446,69772410,59905152,129677562,7,0,0,16384,6,1738203600
12447,69772540,60090601,129863141,6,0,0,19456,8,6737718200
12448,69778811,77729082,147507893,8,0,1,6144,17,9712522060
12449,69791160,77947163,147738323,7,0,1,83456,6,7139398613
12450,69811010,60589268,130400278,6,0,0,16896,8,9536139202
12451,69813020,59882323,129695343,4,0,0,46080,13,8800528914
12452,69816690,59546168,129362858,3,0,0,5120,7,5288983389
12453,69823570,59616043,129439613,9,0,0,5120,17,7286275037
12454,69830311,77948622,147778933,8,0,1,15360,17,6939990303
12455,69839560,59857701,129697261,0,0,0,6144,18,6158253985
12456,69843680,59665626,129509306,4,0,0,4608,13,4888553310
12457,69847060,60418000,130265060,1,0,0,2048,9,10520037434
12458,69855130,77925749,147780879,0,0,1,3072,18,4105936495
12459,69867150,60028115,129895265,0,0,0,25088,18,6125791530
12460,69867540,77914325,147781865,5,0,1,1536,7,9033234184
12461,69868710,59722037,129590747,7,0,0,3072,6,6578581106
12462,69889910,59892667,129782577,6,0,0,11776,8,5836047023
12463,69912590,78448199,148360789,7,0,1,250880,6,9538951772
12464,69914890,60604261,130519151,3,0,0,38400,7,9734101756
12465,69917560,60161044,130078604,1,0,0,3584,9,2509799620
12466,69927750,59944797,129872547,1,0,0,17920,9,5733522346
12467,69933460,60269042,130202502,7,0,0,17408,6,7345999990
12468,69962280,60104266,130066546,3,0,0,26624,7,1974676695
12469,69985090,59636657,129621747,6,0,0,14336,8,2373582133
12470,69986280,59834975,129821255,7,0,0,6144,6,7588100102
12471,70002650,60627606,130630256,4,0,0,39936,13,2638093539
12472,70012890,59828267,129841157,9,0,0,23552,17,5971531115
12473,70014480,78349215,148363695,2,0,1,4608,13,7278578985
12474,70023860,59981864,130005724,6,0,0,33792,8,668377646
12475,70025530,59841534,129867064,0,0,0,12800,18,8988213052
12476,70025740,78360420,148386160,9,0,1,19968,17,2009934073
12477,70036300,59578277,129614577,4,0,0,2048,13,8254375331
12478,70036430,78350076,148386506,9,0,1,512,17,5788350253
12479,70038270,78887763,148926033,7,0,1,261632,6,7774162908
12480,70044300,59758377,129802677,9,0,0,7168,17,533794470
12481,70056090,78956315,149012405,1,0,1,16384,9,1381164770
12482,70068020,78944846,149012866,0,0,1,10240,18,2169177594
12483,70075250,60150542,130225792,1,0,0,2048,9,10117764311
12484,70083730,61318850,131402580,1,0,0,67584,9,4509855891
12485,70084300,78931678,149015978,0,0,1,2560,18,6659330935
12486,70089990,61057611,131147601,9,0,0,10240,17,3627344036
12487,70091410,59807154,129898564,9,0,0,10752,17,1108280601
12488,70098390,59858692,129957082,6,0,0,75776,8,2093546793
12489,70100200,60011816,130112016,0,0,0,11264,18,9595483333
12490,70109530,59998985,130108515,1,0,0,28160,9,1774409167
12491,70115120,59984769,130099889,7,0,0,5120,6,1056156327
12492,70115830,78916085,149031915,0,0,1,18432,18,1458284253
12493,70124940,60924351,131049291,3,0,0,16384,7,6608530066
12494,70125609,78928971,149054580,4,0,1,12800,13,1615637485
12495,70127900,59970406,130098306,1,0,0,29696,9,9541583685
12496,70129090,60054941,130184031,4,0,0,2560,13,6861827872
12497,70145970,60010903,130156873,3,0,0,7168,7,164182758
12498,70148810,60034418,130183228,0,0,0,3072,18,4052474933
12499,70149320,60078367,130227687,7,0,0,6144,6,2207133956
12500,70153879,60023321,130177200,0,0,0,66560,18,8316590115
12501,70154250,60936177,131090427,7,0,0,2048,6,709639323
12502,70155160,60026275,130181435,7,0,0,13824,6,855593701
12503,70169360,60075998,130245358,7,0,0,15360,6,6995219748
12504,70170100,78884841,149054941,3,0,1,12800,7,9492270153
12505,70187100,59772189,129959289,3,0,0,7168,7,4645390600
12506,70190540,78919547,149110087,0,0,1,20480,18,3871541214
12507,70192460,61023021,131215481,0,0,0,25600,18,5626204665
12508,70194979,59767141,129962120,0,0,0,9216,18,3159408972
12509,70209260,60492734,130701994,1,0,0,40448,9,386949711
12510,70214240,61106568,131320808,0,0,0,32256,18,2592652473
12511,70217710,61243744,131461454,4,0,0,44544,13,708381633
12512,70220190,60010640,130230830,3,0,0,10240,7,1338842357
12513,70223800,78886318,149110118,0,0,1,6144,18,6031173830
12514,70227730,79090764,149318494,7,0,1,90624,6,7097011311
12515,70228500,79110950,149339450,9,0,1,4096,17,5402755930
12516,70233380,60688773,130922153,3,0,0,151040,7,7857612541
12517,70238410,60980081,131218491,0,0,0,3584,18,10368678163
12518,70238810,60465079,130703889,9,0,0,6144,17,2257692447
12519,70246420,79099754,149346174,3,0,1,2560,7,7105571653
12520,70247920,60203188,130451108,0,0,0,14848,18,3176300942
12521,70253680,60134581,130388261,3,0,0,8192,7,6498146600
12522,70253940,60247966,130501906,3,0,0,26112,7,7003658222
12523,70263530,60665689,130929219,4,0,0,19968,13,1720804479
12524,70264170,79083950,149348120,0,0,1,3072,18,7505501484
12525,70276659,79140098,149416757,4,0,1,13312,13,10176122095
12526,70282740,79134040,149416780,5,0,1,15360,7,9832062310
12527,70299860,79116943,149416803,5,0,1,2048,7,3453433780
12528,70300410,79133305,149433715,9,0,1,13824,17,9686913858
12529,70327131,79133772,149460903,8,0,1,4608,17,4067606016
12530,70330940,79141897,149472837,0,0,1,15360,18,8936639826
12531,70331940,60063167,130395107,6,0,0,18944,8,2010281299
12532,70332440,59898863,130231303,3,0,0,1024,7,9510122900
12533,70349410,60292444,130641854,7,0,0,35328,6,483026658
12534,70357160,60431373,130788533,9,0,0,41984,17,9259864808
12535,70364580,60002608,130367188,0,0,0,20480,18,9787854313
12536,70371660,60457371,130829031,3,0,0,6144,7,1817669370
12537,70371840,60237553,130609393,7,0,0,32768,6,9906829995
12538,70380460,60047371,130427831,1,0,0,20480,9,6344815721
12539,70383820,61090963,131474783,7,0,0,25600,6,7055052201
12540,70384370,79106382,149490752,9,0,1,5632,17,2103725585
12541,70386470,79104305,149490775,2,0,1,4608,13,3163922500
12542,70389460,79118286,149507746,1,0,1,15872,9,2002051748
12543,70392050,79115719,149507769,0,0,1,3072,18,1853695668
12544,70411620,60052618,130464238,4,0,0,36352,13,1150918000
12545,70414740,79177157,149591897,9,0,1,10752,17,10378205005
12546,70455580,59816571,130272151,1,0,0,23040,9,3600738122
12547,70460840,79361671,149822511,7,0,1,199680,6,7869882140
12548,70461070,60411117,130872187,4,0,0,10752,13,6765758735
12549,70473670,59991995,130465665,0,0,0,4608,18,6907800722
12550,70475690,60931358,131407048,3,0,0,14336,7,4151499266
12551,70482489,60116897,130599386,0,0,0,17920,18,6003167183
12552,70484231,79338639,149822870,8,0,1,9728,17,3870318822
12553,70499890,60810108,131309998,7,0,0,128000,6,6059856065
12554,70500630,79380322,149880952,4,0,1,59904,13,7625689948
12555,70521940,60094207,130616147,9,0,0,22016,17,1741534472
12556,70531350,60099717,130631067,6,0,0,2560,8,10532747748
12557,70553810,61112654,131666464,7,0,0,61952,6,7111239420
12558,70561260,61071564,131632824,9,0,0,24064,17,7973979845
12559,70561610,61356631,131918241,3,0,0,23040,7,7160263421
12560,70575200,60251936,130827136,0,0,0,56832,18,9412852277
12561,70583690,60285190,130868880,3,0,0,37376,7,108906923
12562,70593179,79304119,149897298,4,0,1,16384,13,3726904302
12563,70594761,79329005,149923766,8,0,1,7680,17,4112384173
12564,70603591,79320198,149923789,8,0,1,6144,17,10056458684
12565,70606840,60817734,131424574,3,0,0,31744,7,2330059911
12566,70617680,60258430,130876110,1,0,0,12800,9,5910806241
12567,70627650,60992625,131620275,9,0,0,86016,17,9519188509
12568,70632490,60036096,130668586,4,0,0,16384,13,4444307432
12569,70639589,79286929,149926518,4,0,1,5120,13,5821587839
12570,70641400,59976665,130618065,8,0,0,6144,17,4628983492
12571,70643749,60001872,130645621,0,0,0,12288,18,8956534822
12572,70648110,60198572,130846682,6,0,0,57856,8,2092985834
12573,70653160,60617815,131270975,3,0,0,4096,7,2571789115
12574,70657190,79281923,149939113,2,0,1,9216,13,9710093273
12575,70660060,60095519,130755579,7,0,0,21504,6,1774596967
12576,70662870,61114351,131777221,6,0,0,126464,8,4594243030
12577,70666920,60823018,131489938,1,0,0,49664,9,8757798348
12578,70669930,60969625,131639555,6,0,0,22016,8,9509029508
12579,70671260,61182301,131853561,7,0,0,79360,6,7756140958
12580,70684480,60532896,131217376,7,0,0,6144,6,5016809088
12581,70691810,60076016,130767826,7,0,0,7680,6,7937010628
12582,70707790,60626503,131334293,4,0,0,44032,13,6963997914
12583,70709830,60913744,131623574,3,0,0,10752,7,3784246060
12584,70714930,79879922,150594852,7,0,1,266752,6,10668391988
12585,70715890,79879218,150595108,1,0,1,9216,9,7152665334
12586,70718940,60204172,130923112,3,0,0,3072,7,10078689701
12587,70737990,60297234,131035224,7,0,0,13824,6,5228952263
12588,70741290,60837058,131578348,4,0,0,5632,13,2908785831
12589,70749520,60430531,131180051,7,0,0,11264,6,7385995476
12590,70753900,61224296,131978196,0,0,0,24576,18,3853189027
12591,70761850,60507854,131269704,6,0,0,115712,8,7771603968
12592,70762710,60579406,131342116,4,0,0,25600,13,4722690984
12593,70771490,60695470,131466960,7,0,0,16896,6,7810002155
12594,70783510,61311659,132095169,3,0,0,14848,7,6347973395
12595,70784700,79812608,150597308,2,0,1,1536,13,7989618668
12596,70804210,60708917,131513127,6,0,0,15872,8,7074937534
12597,70805401,79798628,150604029,8,0,1,24064,17,3378141769
12598,70806280,61005151,131811431,7,0,0,59904,6,10488053869
12599,70813130,61256320,132069450,3,0,0,20480,7,2582331333
12600,70826610,60681658,131508268,0,0,0,45056,18,1226207584
12601,70837570,60692879,131530449,4,0,0,39424,13,10629508385
12602,70839390,61366701,132206091,4,0,0,45056,13,9656119211
12603,70855130,60215811,131070941,4,0,0,3584,13,17369193
12604,70883350,60564509,131447859,3,0,0,56832,7,4431076088
12605,70886390,60424567,131310957,0,0,0,3072,18,3708968573
12606,70904320,61220924,132125244,3,0,0,20992,7,5090116809
12607,70911811,79708748,150620559,8,0,1,4608,17,5596625622
12608,70912040,60469925,131381965,0,0,0,13824,18,8061993645
12609,70918290,60992908,131911198,4,0,0,45568,13,9049607731
12610,70924220,60451771,131375991,6,0,0,111104,8,7782637513
12611,70926580,60793944,131720524,3,0,0,40960,7,9076697669
12612,70929610,61113602,132043212,4,0,0,8704,13,246748142
12613,70936210,79973241,150909451,7,0,1,196608,6,4839666165
12614,70940550,60210449,131150999,0,0,0,3072,18,399722591
12615,70949080,60465791,131414871,1,0,0,25600,9,876395578
12616,70977300,60513088,131490388,1,0,0,1024,9,3123948933
12617,70977740,79941386,150919126,5,0,1,21504,7,4075602740
12618,70979090,60663608,131642698,3,0,0,10240,7,9457523118
12619,71003790,61334235,132338025,5,0,0,68608,7,7127887494
12620,71014530,60800760,131815290,3,0,0,11776,7,2638389920
12621,71017650,60655553,131673203,4,0,0,22016,13,6826434940
12622,71019980,61010330,132030310,0,0,0,81920,18,9345504575
12623,71025629,79899537,150925166,4,0,1,16384,13,8183858922
12624,71029390,60488440,131517830,0,0,0,15360,18,4221674479
12625,71036770,60557274,131594044,5,0,0,48128,7,4181852774
12626,71037860,60525241,131563101,1,0,0,25600,9,8304304420
12627,71043750,60908362,131952112,1,0,0,17408,9,2827668380
12628,71045000,79919507,150964507,2,0,1,5632,13,2140697591
12629,71045400,60747756,131793156,5,0,0,52224,7,3436501444
12630,71048660,60677815,131726475,1,0,0,19456,9,37297377
12631,71059610,60565859,131625469,3,0,0,6144,7,3599098434
12632,71062380,61014893,132077273,1,0,0,25600,9,2626250869
12633,71066450,61064242,132130692,6,0,0,3584,8,1455507411
12634,71068840,79901056,150969896,5,0,1,17408,7,6533120136
12635,71076370,60352299,131428669,4,0,0,13312,13,8121638237
12636,71082820,61001660,132084480,1,0,0,23552,9,7124714855
12637,71096020,60611890,131707910,7,0,0,17920,6,4426665818
12638,71099510,60627924,131727434,5,0,0,3072,7,2207950369
12639,71101480,79895517,150996997,2,0,1,512,13,5383771870
12640,71102250,61481142,132583392,5,0,0,16896,7,8584750045
12641,71117670,61069229,132186899,5,0,0,12800,7,1284932206
12642,71128940,79870003,150998943,2,0,1,3072,13,4787566256
12643,71129000,61386168,132515168,3,0,0,53760,7,9263178674
12644,71130280,79893105,151023385,2,0,1,15872,13,1497494150
12645,71134900,60242830,131377730,1,0,0,5632,9,1157065805
12646,71141820,60319969,131461789,0,0,0,1024,18,2745024326
12647,71142925,60504632,131647557,5,0,0,15872,7,6156386101
12648,71143920,60667690,131811610,7,0,0,512,6,1070153385
12649,71144100,61031163,132175263,1,0,0,38400,9,5047176039
12650,71144340,61108324,132252664,9,0,0,27136,17,1880242814
12651,71148160,60718730,131866890,1,0,0,12288,9,9723394399
12652,71150120,60403940,131554060,1,0,0,37888,9,5474411847
12653,71150580,61085346,132235926,3,0,0,55296,7,3114171369
12654,71157540,60771823,131929363,6,0,0,13312,8,4466041917
12655,71163830,60832648,131996478,7,0,0,7680,6,939768280
12656,71165740,60663618,131829358,4,0,0,18944,13,1287220345
12657,71170650,61039052,132209702,4,0,0,11776,13,8882807087
12658,71175370,60966899,132142269,5,0,0,35328,7,2784022024
12659,71182460,61383672,132566132,4,0,0,10240,13,421981830
12660,71195990,60667110,131863100,1,0,0,31232,9,16282121
12661,71199180,79824228,151023408,3,0,1,7680,7,7077916732
12662,71200411,61245994,132446405,2,0,0,9216,13,9956617116
12663,71209280,79814360,151023640,5,0,1,22528,7,5392805081
12664,71217850,79807378,151025228,3,0,1,15872,7,2743276472
12665,71218850,61443873,132662723,0,0,0,8704,18,6851356434
12666,71219000,60944540,132163540,4,0,0,18432,13,8218212462
12667,71222720,79808558,151031278,2,0,1,7680,13,2692153924
12668,71225780,61434268,132660048,6,0,0,75264,8,8599094090
12669,71242189,79806102,151048291,4,0,1,20480,13,8620394552
12670,71247590,61221362,132468952,6,0,0,3584,8,7599412378
12671,71252330,60672954,131925284,9,0,0,23040,17,2023043532
12672,71257250,60702258,131959508,9,0,0,1536,17,9015363092
12673,71275150,61018310,132293460,4,0,0,1024,13,9736476383
12674,71280980,61205024,132486004,0,0,0,4096,18,6363496097
12675,71283910,61531947,132815857,7,0,0,15872,6,5105590783
12676,71290420,60886894,132177314,4,0,0,6656,13,5159279619
12677,71298129,61117989,132416118,0,0,0,44544,18,6478304671
12678,71300280,60989062,132289342,4,0,0,11776,13,6133534601
12679,71304400,60582655,131887055,6,0,0,2048,8,7454086000
12680,71308000,60874976,132182976,6,0,0,3072,8,7552272532
12681,71308370,60949644,132258014,4,0,0,15360,13,2276888329
12682,71310839,61063181,132374020,0,0,0,2560,18,9928047767
12683,71325570,61289283,132614853,4,0,0,6144,13,186815904
12684,71330470,61246449,132576919,0,0,0,35328,18,6592682111
12685,71336210,61584740,132920950,5,0,0,54784,7,4028902246
12686,71339490,61018572,132358062,5,0,0,37888,7,7077254075
12687,71348970,79701907,151050877,6,0,1,4096,8,3164581633
12688,71363820,61079746,132443566,1,0,0,7680,9,9382281360
12689,71391090,60738077,132129167,9,0,0,12800,17,1206899581
12690,71395740,79657403,151053143,9,0,1,3584,17,7065489109
12691,71414890,60864227,132279117,9,0,0,18432,17,8449398051
12692,71416250,61989298,133405548,9,0,0,7680,17,10381577495
12693,71421500,79635443,151056943,3,0,1,5120,7,2021449585
12694,71426030,61582422,133008452,6,0,0,25600,8,2737551594
12695,71433459,79625496,151058955,4,0,1,4096,13,9133080867
12696,71435040,61143181,132578221,7,0,0,2560,6,2491262113
12697,71439840,60648008,132087848,7,0,0,5120,6,9713440935
12698,71444420,61118569,132562989,3,0,0,40448,7,6794517490
12699,71446370,79614851,151061221,1,0,1,3584,9,1519521785
12700,71456450,61490675,132947125,4,0,0,40960,13,5251144082
12701,71466730,61404564,132871294,6,0,0,24576,8,3813649277
12702,71471280,60968964,132440244,1,0,0,64512,9,6246139817
12703,71495130,79604397,151099527,7,0,1,44544,6,1963811041
12704,71496180,79605328,151101508,5,0,1,13312,7,9989966171
12705,71502630,60484792,131987422,6,0,0,6144,8,8864368515
12706,71511210,60575032,132086242,1,0,0,5632,9,474607074
12707,71512220,79600814,151113034,3,0,1,5120,7,550125125
12708,71513080,79667869,151180949,1,0,1,15872,9,9299454228
12709,71513390,60751051,132264441,9,0,0,20992,17,1980925786
12710,71513430,61011766,132525196,6,0,0,6144,8,9895328897
12711,71523910,60658107,132182017,5,0,0,15360,7,7654447418
12712,71530210,60997976,132528186,5,0,0,9216,7,7071953844
12713,71534710,61662599,133197309,6,0,0,2560,8,8674048027
12714,71541050,60703323,132244373,4,0,0,27648,13,6398007364
12715,71541620,60560698,132102318,4,0,0,11776,13,3145166413
12716,71551219,61612371,133163590,0,0,0,74240,18,216299085
12717,71573130,61404934,132978064,4,0,0,20992,13,7967096174
12718,71581420,61212755,132794175,6,0,0,54784,8,8320300260
12719,71588170,61303226,132891396,1,0,0,8192,9,3434865847
12720,71604080,61592426,133196506,7,0,0,104960,6,9428828494
12721,71613430,79585402,151198832,0,0,1,20992,18,7717653246
12722,71625960,60747257,132373217,7,0,0,49664,6,2608101435
12723,71626830,60643726,132270556,5,0,0,19968,7,8586337833
12724,71629880,60749155,132379035,3,0,0,16384,7,9518080506
12725,71630180,61393005,133023185,9,0,0,12800,17,3809789592
12726,71631630,61002624,132634254,5,0,0,18432,7,7177447752
12727,71639390,60666421,132305811,7,0,0,4096,6,5208479005
12728,71650010,61078168,132728178,6,0,0,28160,8,1074860716
12729,71652610,79547208,151199818,9,0,1,1536,17,8592780062
12730,71654410,60435177,132089587,9,0,0,5632,17,8685049647
12731,71655710,61439524,133095234,3,0,0,35840,7,5981054346
12732,71662780,61035104,132697884,6,0,0,19456,8,8428195396
12733,71665670,60833095,132498765,9,0,0,36352,17,8127995653
12734,71675530,60537300,132212830,3,0,0,6144,7,7434965851
12735,71701540,60739663,132441203,3,0,0,3072,7,1554446149
12736,71703040,61134671,132837711,5,0,0,36352,7,570255641
12737,71703700,61791537,133495237,6,0,0,11264,8,7263010541
12738,71704370,60908588,132612958,4,0,0,10752,13,2779576710
12739,71720760,79484189,151204949,9,0,1,4608,17,10114415561
12740,71734570,60842840,132577410,5,0,0,1536,7,2669521831
12741,71757060,60985530,132742590,1,0,0,14336,9,10672865330
12742,71759520,79622981,151382501,7,0,1,46080,6,5392866756
12743,71760550,79645355,151405905,5,0,1,11776,7,4857454438
12744,71786240,61290786,133077026,4,0,0,25600,13,3541997496
12745,71795090,60920032,132715122,4,0,0,19968,13,10641788693
12746,71799380,61797534,133596914,0,0,0,73728,18,4168114707
12747,71804840,60818791,132623631,6,0,0,26624,8,23839523
12748,71814660,60438651,132253311,6,0,0,2048,8,8338956341
12749,71823780,61482616,133306396,0,0,0,46080,18,2031834740
12750,71825280,60811805,132637085,4,0,0,9216,13,7311451388
12751,71825570,60800894,132626464,7,0,0,4096,6,2918846389
12752,71837860,79584978,151422838,9,0,1,5120,17,9899427570
12753,71840610,61606972,133447582,4,0,0,44544,13,2052531842
12754,71851020,61610313,133461333,9,0,0,45056,17,2646034749
12755,71857060,61212143,133069203,4,0,0,57856,13,4230666996
12756,71866560,61376020,133242580,7,0,0,9728,6,5736654989
12757,71868300,61063030,132931330,3,0,0,8192,7,2390285470
12758,71883850,79676463,151560313,7,0,1,32768,6,4263301751
12759,71911210,79656287,151567497,7,0,1,5632,6,10700738021
12760,71911430,60712536,132623966,9,0,0,1024,17,2477956901
12761,71932200,60799745,132731945,3,0,0,12288,7,7865040139
12762,71946820,60937457,132884277,4,0,0,1536,13,101997110
12763,71948670,60930843,132879513,6,0,0,1024,8,7002293297
12764,71955379,79646593,151601972,4,0,1,20992,13,5519285034
12765,71959600,79651021,151610621,0,0,1,3584,18,4965210658
12766,71975060,61044202,133019262,6,0,0,34816,8,7762219308
12767,71982280,79666660,151648940,9,0,1,15360,17,7069482068
12768,71982410,79691008,151673418,1,0,1,2560,9,4230764042
12769,71991910,61276209,133268119,5,0,0,12288,7,6155408085
12770,72010340,61597453,133607793,0,0,0,5632,18,2328392988
12771,72017040,61582393,133599433,5,0,0,8192,7,8941961640
12772,72032970,60638880,132671850,1,0,0,4608,9,5456067521
12773,72045660,61579215,133624875,1,0,0,32256,9,673670518
12774,72055350,61192522,133247872,3,0,0,5632,7,7692169274
12775,72057320,61297754,133355074,1,0,0,14848,9,10073538421
12776,72089500,61010125,133099625,3,0,0,14336,7,6584016974
12777,72096070,61300658,133396728,4,0,0,8704,13,1705463763
12778,72097320,60606147,132703467,1,0,0,4096,9,10128767026
12779,72105990,60644863,132750853,4,0,0,9216,13,9938737929
12780,72109060,61853954,133963014,1,0,0,66048,9,452776522
12781,72118700,79572864,151691564,2,0,1,4608,13,10095222136
12782,72130510,60642782,132773292,3,0,0,3072,7,1351368538
12783,72132700,61441727,133574427,3,0,0,71680,7,6529807233
12784,72142340,60786040,132928380,6,0,0,10240,8,6842637131
12785,72143131,61667401,133810532,2,0,0,49664,13,8379925106
12786,72145560,61573586,133719146,9,0,0,41984,17,589376864
12787,72147220,62217967,134365187,5,0,0,69120,7,9415304041
12788,72147700,60887732,133035432,1,0,0,26624,9,8545028139
12789,72159510,60446437,132605947,0,0,0,3584,18,99247364
12790,72175950,62016681,134192631,5,0,0,13312,7,955543516
12791,72179590,79514794,151694384,3,0,1,5632,7,354403467
12792,72184880,61024308,133209188,5,0,0,38912,7,6916601086
12793,72193170,62038331,134231501,3,0,0,13824,7,1165690504
12794,72201200,61166991,133368191,6,0,0,30208,8,1368720685
12795,72225231,61389793,133615024,2,0,0,23552,13,3169669512
12796,72242390,60974672,133217062,4,0,0,1024,13,8285700010
12797,72250950,61907885,134158835,1,0,0,83968,9,9305649762
12798,72259360,60749271,133008631,5,0,0,512,7,522169184
12799,72262480,61760209,134022689,3,0,0,112128,7,1043663480
12800,72265590,60703014,132968604,1,0,0,6144,9,2660738153
12801,72267010,62077025,134344035,3,0,0,97280,7,2385508984
12802,72270160,60692656,132962816,0,0,0,22016,18,6524331505
12803,72271570,79423160,151694730,7,0,1,512,6,6962623078
12804,72272350,79448562,151720912,6,0,1,26624,8,8865115116
12805,72279400,61581600,133861000,6,0,0,24576,8,5512402854
12806,72295360,61075038,133370398,3,0,0,7168,7,10611993764
12807,72302090,79418845,151720935,7,0,1,11264,6,3706597679
12808,72304570,62277213,134581783,4,0,0,39936,13,9799191502
12809,72308490,61750335,134058825,5,0,0,10752,7,1888308338
12810,72315880,60768189,133084069,1,0,0,23040,9,6904201213
12811,72316140,79408090,151724230,2,0,1,6656,13,4172927429
12812,72316950,61163555,133480505,6,0,0,15872,8,6444658808
12813,72317790,60792622,133110412,3,0,0,35328,7,9274581165
12814,72324710,61741478,134066188,4,0,0,24064,13,10030297370
12815,72327790,79442897,151770687,7,0,1,14848,6,9952880258
12816,72332630,79438403,151771033,1,0,1,512,9,2190193292
12817,72345220,60886878,133232098,1,0,0,30208,9,2108014011
12818,72348620,61839924,134188544,5,0,0,18944,7,9110591580
12819,72358730,61939113,134297843,1,0,0,3584,9,6712072592
12820,72362680,61524884,133887564,1,0,0,10240,9,4153975967
12821,72363650,61011754,133375404,5,0,0,9216,7,5408037715
12822,72366740,62152772,134519512,1,0,0,4096,9,4831155132
12823,72374270,60958531,133332801,5,0,0,29184,7,8422320696
12824,72385930,61079950,133465880,0,0,0,14848,18,1679240507
12825,72390090,62294995,134685085,6,0,0,27136,8,9112988625
12826,72394600,79379339,151773939,7,0,1,4608,6,3907563175
12827,72395000,61157548,133552548,1,0,0,47616,9,9824694538
12828,72399590,61119020,133518610,9,0,0,25600,17,8572351659
12829,72402180,60934232,133336412,9,0,0,11776,17,7688297691
12830,72405380,79422454,151827834,2,0,1,11264,13,5497132586
12831,72408000,61260279,133668279,5,0,0,40960,7,5947067099
12832,72410750,61311071,133721821,9,0,0,8704,17,3541683795
12833,72413600,61242176,133655776,5,0,0,3584,7,1481878429
12834,72417150,61622722,134039872,6,0,0,56320,8,935308989
12835,72428970,62054627,134483597,6,0,0,25088,8,8580224636
12836,72437200,62453297,134890497,3,0,0,48640,7,4534258122
12837,72443100,61408322,133851422,3,0,0,24064,7,1373959442
12838,72444520,61423597,133868117,0,0,0,1024,18,8831713987
12839,72460310,79367547,151827857,5,0,1,6656,7,589008033
12840,72460880,61919273,134380153,4,0,0,48640,13,2295572376
12841,72466280,61329097,133795377,6,0,0,26112,8,9010177336
12842,72466890,61239441,133706331,3,0,0,13824,7,5554706636
12843,72469560,61749448,134219008,6,0,0,20480,8,8505215649
12844,72470291,79357589,151827880,8,0,1,10752,17,2339594802
12845,72471130,61052339,133523469,4,0,0,15872,13,2589138706
12846,72472060,60817695,133289755,5,0,0,7680,7,2795917799
12847,72488510,79395570,151884080,2,0,1,1536,13,6052523607
12848,72489350,61425894,133915244,5,0,0,512,7,3088077366
12849,72503530,61097977,133601507,6,0,0,6656,8,7765547124
12850,72512760,60991730,133504490,5,0,0,11264,7,5768884771
12851,72514120,79466913,151981033,9,0,1,14848,17,7227215501
12852,72515700,61298755,133814455,4,0,0,12800,13,762909872
12853,72516940,61021054,133537994,6,0,0,15360,8,5596581929
12854,72533510,60867495,133401005,0,0,0,10752,18,8941427510
12855,72534090,62593537,135127627,4,0,0,43008,13,8783930277
12856,72535370,79446969,151982339,2,0,1,2048,13,8986210737
12857,72541010,61923660,134464670,0,0,0,28672,18,10505539817
12858,72545360,61081901,133627261,1,0,0,1536,9,7889077161
12859,72550280,62396549,134946829,1,0,0,13312,9,1185955763
12860,72550300,79432910,151983210,2,0,1,12288,13,7078796251
12861,72566650,79499473,152066123,5,0,1,26624,7,3552512045
12862,72566870,79501757,152068627,3,0,1,3072,7,9780231421
12863,72574660,61480866,134055526,1,0,0,31232,9,5361489906
12864,72599899,79471396,152071295,4,0,1,5120,13,8496918096
12865,72602210,79469751,152071961,0,0,1,1024,18,7435736028
12866,72609500,62030054,134639554,3,0,0,30208,7,2767470410
12867,72610340,62105509,134715849,3,0,0,40448,7,4193482611
12868,72610550,61071459,133682009,1,0,0,29696,9,8763753294
12869,72616200,79458027,152074227,3,0,1,3584,7,9693888368
12870,72617190,61019080,133636270,9,0,0,7680,17,4552318179
12871,72623820,61771915,134395735,4,0,0,15872,13,7433549681
12872,72634150,62181795,134815945,9,0,0,60928,17,9448993106
12873,72636909,79462372,152099281,4,0,1,512,13,9226087180
12874,72638530,61245891,133884421,1,0,0,2560,9,6827561077
12875,72646180,61399799,134045979,1,0,0,19968,9,2591577521
12876,72648780,60957274,133606054,5,0,0,14848,7,6969280462
12877,72655630,79469471,152125101,5,0,1,2048,7,1578729167
12878,72659070,60967700,133626770,9,0,0,6144,17,6636969272
12879,72669410,79515151,152184561,0,0,1,7168,18,549393355
12880,72675590,61068500,133744090,7,0,0,38912,6,6206895057
12881,72678740,61419393,134098133,9,0,0,2560,17,9734122701
12882,72681160,62420699,135101859,5,0,0,137216,7,3189513741
12883,72682790,62645217,135328007,9,0,0,3584,17,3838281930
12884,72690170,79499582,152189752,0,0,1,5120,18,1810229386
12885,72702180,61408678,134110858,1,0,0,24576,9,7182919308
12886,72707570,61274600,133982170,5,0,0,12800,7,936759183
12887,72712110,79588252,152300362,1,0,1,512,9,8413038950
12888,72717360,79588820,152306180,9,0,1,6144,17,9679490727
12889,72719411,79770355,152489766,8,0,1,11264,17,8142677170
12890,72732980,61429934,134162914,9,0,0,13312,17,795559294
12891,72734111,79756961,152491072,8,0,1,2048,17,2584705085
12892,72734130,79757710,152491840,7,0,1,11776,6,8485243333
12893,72744920,61197947,133942867,6,0,0,11776,8,6086248038
12894,72746690,61869950,134616640,9,0,0,28160,17,9220556930
12895,72748219,79763472,152511691,4,0,1,1024,13,9902818392
12896,72758830,79754487,152513317,2,0,1,2560,13,2920853509
12897,72760900,79752763,152513663,9,0,1,512,17,88587456
12898,72763550,79913641,152677191,0,0,1,26624,18,9230858801
12899,72772030,61797562,134569592,3,0,0,24064,7,7683750627
12900,72785160,61908418,134693578,9,0,0,22528,17,575168635
12901,72794560,62081071,134875631,9,0,0,78336,17,9240102945
12902,72795520,61485887,134281407,6,0,0,18944,8,10044572457
12903,72796080,61880714,134676794,5,0,0,47104,7,8670608352
12904,72803460,61802838,134606298,9,0,0,80384,17,2274277258
12905,72806231,62405297,135211528,2,0,0,37376,13,1672199565
12906,72812020,61939328,134751348,0,0,0,4096,18,9443941341
12907,72813320,61922311,134735631,9,0,0,12800,17,2914012427
12908,72817650,61365099,134182749,0,0,0,65024,18,1985701580
12909,72827630,61900935,134728565,5,0,0,25088,7,9834613425
12910,72831611,79883048,152714659,8,0,1,4608,17,4815298641
12911,72833400,61440941,134274341,0,0,0,43520,18,10339383356
12912,72858360,61117484,133975844,0,0,0,3584,18,3549116419
12913,72871110,61443262,134314372,4,0,0,13824,13,5013838865
12914,72881340,79833342,152714682,9,0,1,1536,17,4855304574
12915,72883260,61424079,134307339,6,0,0,30720,8,2307786461
12916,72889250,62581395,135470645,3,0,0,16896,7,3063425215
12917,72904810,61491580,134396390,9,0,0,2048,17,7683898516
12918,72905360,61500735,134406095,7,0,0,13824,6,3600461976
12919,72915330,79800490,152715820,3,0,1,1536,7,5366588766
12920,72930490,79785353,152715843,2,0,1,1024,13,10499544987
12921,72933450,61901451,134834901,4,0,0,7168,13,9411981327
12922,72966070,61860821,134826891,1,0,0,30720,9,1060115061
12923,72972111,61220863,134192974,2,0,0,1024,13,7441834941
12924,72986710,61252426,134239136,7,0,0,12800,6,1466894175
12925,72997991,61896631,134894622,2,0,0,13312,13,8696465402
12926,73002560,61637664,134640224,3,0,0,2048,7,8663967613
12927,73011990,61502120,134514110,9,0,0,24576,17,8597671410
12928,73012510,62205174,135217684,5,0,0,3072,7,10601461740
12929,73020160,61929731,134949891,8,0,0,8704,17,5675261114
12930,73025720,62151163,135176883,5,0,0,69632,7,632643280
12931,73031520,61218944,134250464,9,0,0,4608,17,9719123046
12932,73033670,62322344,135356014,5,0,0,47616,7,3677099951
12933,73044120,61586207,134630327,4,0,0,9728,13,1348436365
12934,73044700,61346176,134390876,6,0,0,30208,8,10693120443
12935,73047520,79741372,152788892,1,0,1,22528,9,10116923365
12936,73048670,61748657,134797327,9,0,0,26624,17,2200354929
12937,73061790,61213822,134275612,9,0,0,4096,17,7025752306
12938,73062190,79844325,152906515,2,0,1,16896,13,1948321473
12939,73064520,80105544,153170064,9,0,1,17408,17,6462797407
12940,73070790,61956725,135027515,0,0,0,25088,18,5845761415
12941,73071060,62786286,135857346,5,0,0,12800,7,9537232813
12942,73071321,80101009,153172330,8,0,1,3584,17,10274194280
12943,73071351,62432629,135503980,2,0,0,17920,13,3841267670
12944,73071881,61555459,134627340,2,0,0,19456,13,8265934312
12945,73084070,61537296,134621366,1,0,0,11776,9,4986820582
12946,73091100,80101080,153192180,9,0,1,2048,17,1183586416
12947,73100070,80096616,153196686,0,0,1,7168,18,6320008015
12948,73103410,62483412,135586822,5,0,0,21504,7,7790267832
12949,73105971,62351023,135456994,2,0,0,8192,13,7739155868
12950,73107480,62249181,135356661,5,0,0,2048,7,7902674105
12951,73122531,80076101,153198632,8,0,1,3072,17,6120707562
12952,73132450,61554241,134686691,1,0,0,5120,9,4814061589
12953,73139550,62016094,135155644,0,0,0,4096,18,2099801513
12954,73142780,62867081,136009861,0,0,0,11264,18,7312958150
12955,73147510,61510382,134657892,5,0,0,14848,7,8108707121
12956,73149790,61467965,134617755,0,0,0,3584,18,3235309740
12957,73170129,80113520,153283649,4,0,1,22528,13,2552432262
12958,73175601,62988290,136163891,2,0,0,21504,13,4763763150
12959,73175990,61613202,134789192,9,0,0,31744,17,10035251936
12960,73176820,61431217,134608037,3,0,0,5632,7,5992695847
12961,73185250,62001952,135187202,1,0,0,33792,9,1948563063
12962,73187820,80096815,153284635,9,0,1,1536,17,8016475868
12963,73196180,61445487,134641667,4,0,0,4608,13,9254653144
12964,73196640,62185172,135381812,0,0,0,8704,18,7365702156
12965,73200630,62295886,135496516,3,0,0,10752,7,7076777324
12966,73202330,62509214,135711544,1,0,0,46592,9,8874990239
12967,73211760,62004939,135216699,6,0,0,16896,8,200712060
12968,73212900,80146188,153359088,3,0,1,30720,7,8599228671
12969,73219250,62166437,135385687,0,0,0,4608,18,397876233
12970,73221150,61978921,135200071,3,0,0,32256,7,3132569835
12971,73224220,62329014,135553234,4,0,0,91136,13,3927416449
12972,73231940,80224587,153456527,0,0,1,23040,18,3564033209
12973,73243840,61487868,134731708,5,0,0,10240,7,5209484076
12974,73256540,80269801,153526341,1,0,1,5632,9,3503557527
12975,73272290,61836167,135108457,5,0,0,19456,7,4932160116
12976,73278570,61554124,134832694,1,0,0,18944,9,3064142905
12977,73284700,80241664,153526364,9,0,1,2048,17,5686252496
12978,73287810,61654109,134941919,1,0,0,16384,9,5548662388
12979,73288010,80238377,153526387,3,0,1,9216,7,4189226740
12980,73301520,62077617,135379137,9,0,0,19968,17,2221317357
12981,73301540,80224870,153526410,3,0,1,1024,7,4263942391
12982,73306250,61824224,135130474,3,0,0,9216,7,8350862899
12983,73309080,61411818,134720898,6,0,0,13824,8,4553292097
12984,73335150,62542842,135877992,1,0,0,46592,9,8445388498
12985,73355540,62220539,135576079,4,0,0,41984,13,5540404787
12986,73358599,80243958,153602557,4,0,1,6656,13,8750443959
12987,73364050,80261048,153625098,9,0,1,2048,17,7087416669
12988,73366480,80258641,153625121,5,0,1,6656,7,8719941941
12989,73367040,80258104,153625144,7,0,1,5632,6,3430264223
12990,73384150,62056554,135440704,3,0,0,22528,7,7482164076
12991,73386050,62853951,136240001,6,0,0,20480,8,9880219605
12992,73389090,61645936,135035026,6,0,0,24576,8,10372523296
12993,73395820,62988375,136384195,3,0,0,37376,7,793473993
12994,73418211,62307286,135725497,2,0,0,7168,13,7914762648
12995,73424940,61729425,135154365,0,0,0,78336,18,10558319048
12996,73432820,61580332,135013152,4,0,0,7168,13,3642895202
12997,73433240,61846220,135279460,0,0,0,20480,18,7344316713
12998,73437240,61553628,134990868,3,0,0,4608,7,9015337057
12999,73439110,62567296,136006406,1,0,0,6144,9,6200323238
13000,73450570,61388901,134839471,0,0,0,14848,18,3551226340
13001,73453740,62142176,135595916,5,0,0,26624,7,10715123533
13002,73455800,80169367,153625167,9,0,1,8192,17,10310508251
13003,73460980,80286310,153747290,5,0,1,13312,7,8434190531
13004,73463251,62152584,135615835,2,0,0,14336,13,1030239673
13005,73473680,62390085,135863765,1,0,0,20992,9,9013597841
13006,73475191,61958626,135433817,2,0,0,57344,13,3347239621
13007,73482930,62993467,136476397,6,0,0,71680,8,7718593099
13008,73488160,61614346,135102506,9,0,0,2048,17,564466249
13009,73491000,62111499,135602499,1,0,0,21504,9,3941582576
13010,73491401,80414086,153905487,8,0,1,2048,17,3949572063
13011,73497670,63095173,136592843,6,0,0,24064,8,9632712634
13012,73498610,62026833,135525443,7,0,0,34304,6,844175823
13013,73503320,61738846,135242166,5,0,0,49664,7,2958765604
13014,73503720,62456704,135960424,6,0,0,9216,8,8619139061
13015,73513620,61766799,135280419,9,0,0,3072,17,1768879710
13016,73529070,62194220,135723290,0,0,0,19968,18,6110743316
13017,73531180,61773331,135304511,1,0,0,37376,9,278654409
13018,73541470,80367883,153909353,2,0,1,6144,13,6299494173
13019,73549670,62135073,135684743,3,0,0,15360,7,10382625147
13020,73555880,62538369,136094249,0,0,0,3584,18,6498204046
13021,73561700,61837328,135399028,4,0,0,35840,13,1483379552
13022,73565111,63153134,136718245,2,0,0,41472,13,8559922100
13023,73567960,62707194,136275154,3,0,0,86016,7,2923624308
13024,73568040,61546460,135114500,1,0,0,15872,9,4286537482
13025,73572480,61990761,135563241,0,0,0,32768,18,1990566769
13026,73573110,62581063,136154173,0,0,0,67072,18,8470086055
13027,73576540,80333274,153909814,2,0,1,10240,13,9934341441
13028,73579300,80332028,153911328,0,0,1,2048,18,10273818245
13029,73583990,80328004,153911994,5,0,1,11264,7,593217388
13030,73587500,61522095,135109595,6,0,0,3584,8,1777637525
13031,73588070,61876580,135464650,9,0,0,3072,17,7892672131
13032,73595060,62775076,136370136,9,0,0,36864,17,8514457606
13033,73598370,80418604,154016974,9,0,1,5632,17,5861499643
13034,73603081,62123375,135726456,2,0,0,3072,13,2635923137
13035,73612680,62206883,135819563,1,0,0,22528,9,122770728
13036,73614120,80422871,154036991,1,0,1,6656,9,1587768400
13037,73620910,61752120,135373030,5,0,0,18944,7,10620729853
13038,73623520,61992962,135616482,9,0,0,2048,17,8903515510
13039,73643080,63180606,136823686,5,0,0,47104,7,5531633012
13040,73646040,61544157,135190197,1,0,0,9728,9,10445265430
13041,73650011,62126033,135776044,2,0,0,23552,13,4809659991
13042,73651630,61715381,135367011,1,0,0,18432,9,6884525147
13043,73663170,62416083,136079253,3,0,0,12800,7,2880947992
13044,73671330,80374526,154045856,3,0,1,1536,7,9502402628
13045,73685280,63239269,136924549,3,0,0,30720,7,3786913954
13046,73699330,61662042,135361372,0,0,0,15360,18,4557954591
13047,73702641,61567131,135269772,2,0,0,33280,13,344611623
13048,73703000,80342879,154045879,9,0,1,10240,17,2837934651
13049,73704280,61587552,135291832,0,0,0,5632,18,7256791582
13050,73706780,62811655,136518435,3,0,0,75264,7,1648191949
13051,73709300,62683498,136392798,9,0,0,28160,17,636935889
13052,73711390,62885890,136597280,1,0,0,12288,9,3834921729
13053,73718760,61869021,135587781,6,0,0,3072,8,10350195028
13054,73719300,62086639,135805939,5,0,0,8192,7,3068480520
13055,73719970,62162577,135882547,6,0,0,14848,8,8095876972
13056,73720660,61996523,135717183,1,0,0,18432,9,1734830298
13057,73722230,63150121,136872351,6,0,0,17408,8,5211819028
13058,73723740,63685099,137408839,4,0,0,169984,13,3816760326
13059,73727520,62245370,135972890,5,0,0,19456,7,7985028617
13060,73728249,80335152,154063401,4,0,1,6144,13,530505042
13061,73728870,80368401,154097271,7,0,1,12800,6,5447592073
13062,73736340,61943700,135680040,0,0,0,24064,18,1161726133
13063,73739020,80358274,154097294,3,0,1,3584,7,4531507178
13064,73746071,62435489,136181560,2,0,0,16896,13,7649209035
13065,73763830,62721505,136485335,3,0,0,11776,7,6273088670
13066,73767620,62137814,135905434,4,0,0,28672,13,7743644499
13067,73768180,80536635,154304815,5,0,1,15872,7,9732958366
13068,73776740,63789563,137566303,5,0,0,29184,7,998365147
13069,73778760,62925592,136704352,0,0,0,35840,18,10028152496
13070,73779760,62164440,135944200,4,0,0,1024,13,1252878887
13071,73785770,62385766,136171536,5,0,0,23040,7,1655754382
13072,73786770,62040928,135827698,7,0,0,26624,6,197577793
13073,73791211,62817255,136608466,2,0,0,512,13,6647753905
13074,73791590,61785760,135577350,3,0,0,4096,7,9562221892
13075,73793750,61878844,135672594,9,0,0,6144,17,8256742477
13076,73803060,80501778,154304838,2,0,1,1536,13,635138182
13077,73808030,62267277,136075307,1,0,0,7680,9,1969993263
13078,73809670,80495191,154304861,7,0,1,3072,6,7235286300
13079,73810840,62422898,136233738,9,0,0,14336,17,7725157754
13080,73811541,62132324,135943865,2,0,0,56320,13,2229770771
13081,73811830,64152156,137963986,1,0,0,67584,9,812908455
13082,73824280,63919437,137743717,9,0,0,55808,17,7255860915
13083,73826330,80478554,154304884,3,0,1,512,7,659137454
13084,73834410,64022857,137857267,7,0,0,24064,6,3874383063
13085,73843211,80461696,154304907,8,0,1,1536,17,5100435311
13086,73845150,61949886,135795036,4,0,0,31232,13,9625027744
13087,73849640,63152530,137002170,1,0,0,512,9,3233234705
13088,73853480,62120681,135974161,0,0,0,4096,18,10177435025
13089,73853780,62206287,136060067,9,0,0,33280,17,6659044365
13090,73859100,63651954,137511054,6,0,0,37888,8,4884112350
13091,73862090,61975516,135837606,3,0,0,1024,7,4460036931
13092,73863480,80441450,154304930,0,0,1,1536,18,1853567022
13093,73870670,62012836,135883506,6,0,0,3072,8,8956720184
13094,73880800,62913836,136794636,6,0,0,31232,8,3771758246
13095,73884330,62436151,136320481,6,0,0,19456,8,4113782919
13096,73884540,62183997,136068537,7,0,0,5120,6,1581962166
13097,73890650,62066006,135956656,4,0,0,4096,13,1037985665
13098,73898440,80406513,154304953,9,0,1,3072,17,6839522501
13099,73898970,62221067,136120037,0,0,0,7168,18,1427860785
13100,73917420,80387556,154304976,5,0,1,1536,7,5948592381
13101,73922301,62306354,136228655,2,0,0,4608,13,3553997346
13102,73924160,63256240,137180400,0,0,0,70144,18,3526725346
13103,73935240,64124426,138059666,7,0,0,25088,6,3180544767
13104,73935260,63353026,137288286,1,0,0,75264,9,9184844147
13105,73950970,62387786,136338756,6,0,0,59904,8,5539972836
13106,73958210,62227920,136186130,6,0,0,10240,8,3583525019
13107,73967130,64032747,137999877,9,0,0,5632,17,5940363737
13108,73973920,63855680,137829600,9,0,0,11264,17,5146763263
13109,73975361,63001504,136976865,2,0,0,13824,13,7751351437
13110,73984200,62799072,136783272,4,0,0,15872,13,8713839753
13111,73989190,62592359,136581549,6,0,0,22528,8,10727188279
13112,74001390,64305599,138306989,1,0,0,117248,9,2048373907
13113,74002880,80302119,154304999,3,0,1,7680,7,5558326829
13114,74003360,62548137,136551497,7,0,0,1536,6,5583306720
13115,74005350,80506729,154512079,3,0,1,6144,7,1520454974
13116,74015210,63976150,137991360,6,0,0,18944,8,757918227
13117,74015360,62529040,136544400,7,0,0,70144,6,10390475740
13118,74015740,62548416,136564156,5,0,0,41472,7,1515029140
13119,74017700,64393288,138410988,9,0,0,2560,17,2839611604
13120,74022810,62081902,136104712,7,0,0,6656,6,3665581562
13121,74023470,64007644,138031114,1,0,0,17920,9,6865884890
13122,74023809,80596630,154620439,4,0,1,512,13,6641184793
13123,74024280,80709328,154733608,5,0,1,18944,7,8685807196
13124,74025580,64087356,138112936,5,0,0,33280,7,4449893837
13125,74026410,62156577,136182987,1,0,0,4608,9,10705185864
13126,74030590,64153668,138184258,6,0,0,11776,8,789906423
13127,74031050,64498229,138529279,1,0,0,20480,9,1639604176
13128,74034630,80699001,154733631,5,0,1,5120,7,4121040364
13129,74038950,62546538,136585488,5,0,0,12800,7,9708364370
13130,74060840,62006114,136066954,1,0,0,22528,9,1787210830
13131,74061011,62628924,136689935,2,0,0,11776,13,7301646640
13132,74064200,62060711,136124911,9,0,0,2560,17,5411467887
13133,74072760,62084556,136157316,5,0,0,10240,7,5612459348
13134,74074600,62533687,136608287,9,0,0,26112,17,77170484
13135,74080830,62493832,136574662,5,0,0,25088,7,5979591414
13136,74082410,62222417,136304827,9,0,0,4096,17,6443048276
13137,74083430,64607812,138691242,1,0,0,67584,9,3095158940
13138,74097531,80636123,154733654,8,0,1,1536,17,4732170857
13139,74103100,80630577,154733677,1,0,1,8192,9,8291906428
13140,74106470,62252411,136358881,5,0,0,20480,7,687467183
13141,74113200,62166836,136280036,0,0,0,6144,18,9605269572
13142,74115410,61953618,136069028,0,0,0,1536,18,4863023469
13143,74119130,62326901,136446031,1,0,0,31744,9,6415393106
13144,74119170,62089682,136208852,6,0,0,4096,8,5562610964
13145,74119200,80621863,154741063,7,0,1,8192,6,7239288599
13146,74132030,62146111,136278141,3,0,0,9728,7,9700125560
13147,74134151,63307251,137441402,2,0,0,23040,13,6769929384
13148,74135110,80759492,154894602,3,0,1,24064,7,7269606995
13149,74140270,63108492,137248762,0,0,0,29184,18,6313106598
13150,74167480,80729068,154896548,2,0,1,3072,13,547239855
13151,74171770,64064362,138236132,7,0,0,51200,6,3396539093
13152,74171780,64641238,138813018,0,0,0,60928,18,8330793885
13153,74177280,80823440,155000720,9,0,1,38400,17,8922721096
13154,74178590,63303027,137481617,0,0,0,4608,18,9761808801
13155,74185310,63392476,137577786,6,0,0,19968,8,4038662663
13156,74195051,80869825,155064876,8,0,1,28672,17,3990121251
13157,74197731,62214342,136412073,2,0,0,12288,13,9184898654
13158,74241861,80823046,155064907,8,0,1,10752,17,9346693632
13159,74245271,62149664,136394935,2,0,0,2048,13,2515316695
13160,74256690,62374093,136630783,1,0,0,10752,9,3314635337
13161,74256870,62512823,136769693,3,0,0,45568,7,802125572
13162,74265940,62543325,136809265,3,0,0,35840,7,4187668275
13163,74267500,62283498,136550998,3,0,0,12288,7,5048757617
13164,74268530,64626875,138895405,9,0,0,107008,17,3949931723
13165,74269820,62700848,136970668,8,0,0,54272,17,9999089149
13166,74282230,80833470,155115700,5,0,1,2048,7,6520503848
13167,74284820,62196904,136481724,9,0,0,17408,17,565371767
13168,74287550,80837927,155125477,4,0,1,2560,13,36195761
13169,74290120,64481986,138772106,9,0,0,15872,17,10228640483
13170,74305040,64044744,138349784,0,0,0,36864,18,5458374587
13171,74325000,64079413,138404413,0,0,0,27648,18,9905095114
13172,74326350,64417398,138743748,5,0,0,56832,7,8704089082
13173,74328630,63416202,137744832,1,0,0,3584,9,10183059732
13174,74340960,80784540,155125500,9,0,1,1536,17,5921791380
13175,74359920,80765603,155125523,0,0,1,10240,18,6133213940
13176,74361480,80793715,155155195,1,0,1,20480,9,9077862131
13177,74363820,80898805,155262625,9,0,1,12288,17,7830745105
13178,74364000,62202987,136566987,6,0,0,9216,8,3047450929
13179,74364280,80904027,155268307,3,0,1,512,7,6768870809
13180,74377900,62144458,136522358,7,0,0,12800,6,5887697012
13181,74381670,62211820,136593490,1,0,0,2048,9,3696203884
13182,74385230,62137775,136523005,1,0,0,2048,9,663553888
13183,74388870,62252269,136641139,5,0,0,16384,7,3979969961
13184,74390480,62755413,137145893,6,0,0,10240,8,214680700
13185,74391311,62518579,136909890,2,0,0,4608,13,5868940947
13186,74392290,80876683,155268973,7,0,1,1024,6,2119203302
13187,74393690,80881243,155274933,2,0,1,5632,13,7950143029
13188,74395870,64427186,138823056,0,0,0,1024,18,7395247376
13189,74397160,62150071,136547231,3,0,0,9216,7,3609615288
13190,74398180,62841667,137239847,7,0,0,25088,6,4450004569
13191,74403051,62005255,136408306,2,0,0,1536,13,4190975734
13192,74404020,62229594,136633614,1,0,0,9216,9,531286931
13193,74406950,62267288,136674238,7,0,0,30208,6,2502281157
13194,74415440,62417074,136832514,5,0,0,8704,7,9991654471
13195,74420870,63057706,137478576,5,0,0,44032,7,3539378503
13196,74421870,62619060,137040930,7,0,0,11776,6,10221376516
13197,74424530,62661663,137086193,1,0,0,48640,9,5192080426
13198,74434040,80840916,155274956,0,0,1,1536,18,6059972688
13199,74434330,80843067,155277397,3,0,1,6144,7,7874153429
13200,74437539,80842764,155280303,4,0,1,4608,13,990178634
13201,74440690,62432308,136872998,5,0,0,2048,7,2962433052
13202,74442750,63074274,137517024,1,0,0,6144,9,5849705092
13203,74453320,62376496,136829816,3,0,0,19968,7,814649505
13204,74457200,80854206,155311406,3,0,1,2048,7,3793939627
13205,74458090,62605131,137063221,7,0,0,57344,6,3373066117
13206,74463490,64393899,138857389,9,0,0,46080,17,8615347619
13207,74464110,80847319,155311429,3,0,1,1024,7,5331061954
13208,74465930,64775546,139241476,3,0,0,17920,7,5810445791
13209,74466420,62447801,136914221,7,0,0,13824,6,3144750951
13210,74468830,80842622,155311452,2,0,1,3072,13,579174278
13211,74471820,62824289,137296109,3,0,0,25600,7,3944740753
13212,74472411,62462984,136935395,2,0,0,1536,13,7177149023
13213,74484030,80827445,155311475,3,0,1,3584,7,2167772231
13214,74491850,80819975,155311825,9,0,1,17920,17,2870559638
13215,74493410,63606610,138100020,7,0,0,14336,6,2669730075
13216,74496970,62826428,137323398,3,0,0,29184,7,1873068785
13217,74497710,64975898,139473608,9,0,0,12288,17,3907015898
13218,74505820,62959317,137465137,5,0,0,77824,7,9578502759
13219,74510271,80821116,155331387,8,0,1,5632,17,631077040
13220,74512460,63154841,137667301,6,0,0,5120,8,3890374299
13221,74514480,62809877,137324357,6,0,0,3072,8,4869988397
13222,74517070,63426301,137943371,3,0,0,160256,7,7601010623
13223,74518280,80814733,155333013,1,0,1,2560,9,7524737263
13224,74518771,62433978,136952749,2,0,0,17408,13,4186213065
13225,74523530,64819089,139342619,7,0,0,62464,6,1108907976
13226,74526590,63525386,138051976,1,0,0,59904,9,8006516093
13227,74528710,64451211,138979921,0,0,0,20992,18,4926258159
13228,74544570,80788802,155333372,9,0,1,9728,17,8288215353
13229,74551290,62984075,137535365,0,0,0,9216,18,4644278486
13230,74551700,64356308,138908008,1,0,0,512,9,4323596292
13231,74552930,63532004,138084934,1,0,0,5632,9,5778281430
13232,74555720,62995630,137551350,7,0,0,49152,6,585914040
13233,74564780,63797304,138362084,0,0,0,6656,18,6876523278
13234,74565940,64547578,139113518,6,0,0,19968,8,8969914894
13235,74592820,64691590,139284410,5,0,0,38912,7,4571792375
13236,74596860,63269478,137866338,6,0,0,29696,8,6873312777
13237,74598600,62835713,137434313,0,0,0,3072,18,5107652831
13238,74602530,65129405,139731935,5,0,0,96768,7,9486142400
13239,74614100,62571571,137185671,9,0,0,5120,17,8395097970
13240,74616190,62817164,137433354,9,0,0,80384,17,9875035326
13241,74619891,64673309,139293200,2,0,0,13312,13,5255200176
13242,74623170,63164387,137787557,1,0,0,23040,9,9892356788
13243,74628940,65011847,139640787,5,0,0,133120,7,5783025099
13244,74629700,80835970,155465670,5,0,1,26624,7,8100097780
13245,74632600,62983479,137616079,1,0,0,31232,9,4655896244
13246,74638720,63129857,137768577,1,0,0,10240,9,3073668491
13247,74649720,64835322,139485042,0,0,0,20480,18,6621243035
13248,74659610,64726435,139386045,7,0,0,42496,6,3069332190
13249,74661070,65133910,139794980,9,0,0,38400,17,6797308661
13250,74666950,62813209,137480159,5,0,0,5120,7,3019502198
13251,74686440,80804826,155491266,7,0,1,15872,6,2664928058
13252,74689030,80807382,155496412,9,0,1,8192,17,480815740
13253,74700800,63620431,138321231,0,0,0,7168,18,2202911471
13254,74700920,62637518,137338438,1,0,0,512,9,5174050401
13255,74704740,63044951,137749691,0,0,0,15872,18,5965237929
13256,74732220,62606039,137338259,5,0,0,44032,7,2588461637
13257,74734050,62910246,137644296,9,0,0,45568,17,4991977221
13258,74743890,80767548,155511438,0,0,1,10240,18,1867995841
13259,74746300,64850894,139597194,1,0,0,98304,9,6571896324
13260,74768170,65031357,139799527,9,0,0,14848,17,10643568804
13261,74771050,63111918,137882968,0,0,0,9728,18,9761404469
13262,74771481,62916976,137688457,2,0,0,29184,13,7054910061
13263,74775850,63222093,137997943,7,0,0,21504,6,7895423096
13264,74784561,63201004,137985565,2,0,0,7680,13,10640653454
13265,74789781,65041895,139831676,2,0,0,28160,13,768767918
13266,74809080,62914374,137723454,5,0,0,16896,7,8305126629
13267,74810060,63014765,137824825,0,0,0,24576,18,3041243040
13268,74812521,63786760,138599281,2,0,0,71680,13,6973940836
13269,74813220,64656621,139469841,7,0,0,10752,6,2644249323
13270,74814330,62895105,137709435,6,0,0,43520,8,7655320105
13271,74821870,80781202,155603072,5,0,1,14848,7,9270843785
13272,74822720,62974024,137796744,9,0,0,14336,17,6397325307
13273,74823110,80782192,155605302,0,0,1,2048,18,3766392348
13274,74826120,63157059,137983179,8,0,0,24064,17,8605025390
13275,74864870,80740455,155605325,2,0,1,3072,13,10662442461
13276,74867920,62887481,137755401,0,0,0,11776,18,4784672554
13277,74869400,63574686,138444086,1,0,0,27648,9,8448085752
13278,74873850,63269163,138143013,6,0,0,37888,8,2068874845
13279,74875220,62890214,137765434,5,0,0,15360,7,1970479195
13280,74879000,63094993,137973993,8,0,0,32768,17,7189637416
13281,74882280,80767334,155649614,2,0,1,13312,13,5602400796
13282,74882450,63136635,138019085,5,0,0,26624,7,9414126651
13283,74894590,65019148,139913738,5,0,0,35328,7,7114262186
13284,74902040,80758384,155660424,2,0,1,6656,13,7742121765
13285,74902490,80768296,155670786,7,0,1,3584,6,5543188902
13286,74908660,80870904,155779564,7,0,1,29696,6,3297937399
13287,74908930,62983529,137892459,9,0,0,20992,17,5059838565
13288,74922700,62834596,137757296,6,0,0,6144,8,1319207997
13289,74923990,63395034,138319024,1,0,0,39424,9,843701621
13290,74927590,64768848,139696438,3,0,0,36352,7,7483636958
13291,74931050,63157495,138088545,7,0,0,11776,6,7403920469
13292,74932760,63275862,138208622,3,0,0,4608,7,6946435447
13293,74934939,63039701,137974640,0,0,0,2048,18,5965162807
13294,74939260,64800194,139739454,5,0,0,24576,7,6394480907
13295,74942401,63065331,138007732,2,0,0,25600,13,9905622235
13296,74943520,80863615,155807135,5,0,1,6656,7,7879650143
13297,74946370,63133728,138080098,7,0,0,33280,6,8120310569
13298,74954200,63021578,137975778,6,0,0,3584,8,2478221617
13299,74955241,63471370,138426611,2,0,0,51200,13,1161891669
13300,74957620,63216986,138174606,0,0,0,512,18,8121554496
13301,74963280,63582547,138545827,9,0,0,17920,17,4110424464
13302,74966530,63429413,138395943,8,0,0,86016,17,3391156014
13303,74968270,62899027,137867297,3,0,0,3072,7,3659967295
13304,74979880,63176468,138156348,0,0,0,12288,18,5183563567
13305,74983320,63282998,138266318,9,0,0,27648,17,5818974837
13306,75005271,63250994,138256265,2,0,0,62464,13,4546149427
13307,75010040,62988098,137998138,6,0,0,512,8,7918734899
13308,75010390,63210111,138220501,7,0,0,38912,6,994566444
13309,75014610,63129050,138143660,7,0,0,2048,6,2370115407
13310,75019050,80939378,155958428,3,0,1,34304,7,756014363
13311,75022120,63060341,138082461,5,0,0,7680,7,6455913446
13312,75027141,81074654,156101795,8,0,1,13312,17,7266660741
13313,75043500,63163695,138207195,3,0,0,25600,7,3883456416
13314,75044309,81062368,156106677,4,0,1,4096,13,8407568595
13315,75049650,63041882,138091532,6,0,0,9728,8,175643342
13316,75056810,63396191,138453001,1,0,0,29184,9,10562677817
13317,75068220,63698162,138766382,1,0,0,2048,9,10675493546
13318,75074730,81039013,156113743,3,0,1,1536,7,5925990732
13319,75081680,64843869,139925549,8,0,0,13824,17,7549880570
13320,75091950,63479437,138571387,1,0,0,19968,9,6909991523
13321,75095740,63425728,138521468,8,0,0,512,17,8947970965
13322,75118340,64690125,139808465,1,0,0,11776,9,7515155717
13323,75126300,63197762,138324062,3,0,0,9216,7,8415528296
13324,75127890,80985876,156113766,3,0,1,10240,7,10342963530
13325,75128660,80985129,156113789,1,0,1,1536,9,8172717211
13326,75129940,63435340,138565280,3,0,0,15872,7,3131388606
13327,75142290,81127486,156269776,2,0,1,16896,13,8414334197
13328,75142840,63263468,138406308,0,0,0,6144,18,8431496258
13329,75148550,64857009,140005559,1,0,0,3072,9,5889637378
13330,75150500,63389844,138540344,6,0,0,9728,8,1220316929
13331,75159890,63459410,138619300,3,0,0,512,7,3122874496
13332,75161220,63661493,138822713,6,0,0,31744,8,8589817869
13333,75173911,81124015,156297926,8,0,1,28672,17,9275649326
13334,75178370,63320734,138499104,5,0,0,47616,7,2986870372
13335,75181840,63250479,138432319,1,0,0,18432,9,10163938199
13336,75183450,63074398,138257848,0,0,0,5120,18,7691263335
13337,75197140,63311698,138508838,1,0,0,8192,9,8087378604
13338,75203890,63444652,138648542,5,0,0,15872,7,9011539682
13339,75208910,63445279,138654189,6,0,0,1024,8,4662778264
13340,75218470,63575961,138794431,9,0,0,22016,17,7333963341
13341,75239770,64727183,139966953,5,0,0,16384,7,2718886053
13342,75268480,63917073,139185553,6,0,0,23040,8,8739518898
13343,75268661,63634442,138903103,2,0,0,8192,13,9465166861
13344,75288950,63962702,139251652,8,0,0,26112,17,3412980397
13345,75291370,64842732,140134102,5,0,0,38912,7,10713557684
13346,75292070,63550453,138842523,7,0,0,17408,6,589432733
13347,75294910,81011955,156306865,5,0,1,14848,7,8540191847
13348,75295791,63395786,138691577,2,0,0,1024,13,8334144176
13349,75315120,64689332,140004452,8,0,0,14336,17,2862884078
13350,75321340,63349287,138670627,6,0,0,47616,8,9954710175
13351,75335890,81032943,156368833,1,0,1,16896,9,1526087789
13352,75341851,64977785,140319636,2,0,0,16384,13,6808073475
13353,75350130,63493196,138843326,0,0,0,2560,18,6815862791
13354,75353340,63145943,138499283,3,0,0,512,7,6254226907
13355,75362651,63545178,138907829,2,0,0,512,13,6607537793
13356,75362780,63382239,138745019,5,0,0,4096,7,312461187
13357,75371700,63266534,138638234,9,0,0,12288,17,9336719626
13358,75375390,65066426,140441816,1,0,0,18432,9,8798336526
13359,75378250,63559468,138937718,5,0,0,42496,7,7116120605
13360,75383700,63742321,139126021,1,0,0,40960,9,10512859575
13361,75406010,63125968,138531978,3,0,0,8192,7,6349159002
13362,75416060,63360360,138776420,8,0,0,1536,17,684061012
13363,75417180,63524097,138941277,8,0,0,6144,17,8291139475
13364,75417840,63905724,139323564,1,0,0,4096,9,6394385362
13365,75426520,63512648,138939168,1,0,0,3584,9,4815572750
13366,75428160,80941749,156369909,3,0,1,13312,7,7086663768
13367,75441880,63818554,139260434,1,0,0,14336,9,6829933488
13368,75445720,80937880,156383600,1,0,1,1024,9,8994699835
13369,75448470,80947254,156395724,9,0,1,11264,17,5181315704
13370,75449710,63276699,138726409,5,0,0,12800,7,843821777
13371,75451480,63804563,139256043,8,0,0,14336,17,3179365535
13372,75461220,64005322,139466542,0,0,0,18432,18,3165705784
13373,75474710,80936201,156410911,2,0,1,2048,13,9021719610
13374,75481191,63118425,138599616,2,0,0,1024,13,2286657830
13375,75485500,80925434,156410934,0,0,1,4096,18,1527160432
13376,75507970,63496662,139004632,9,0,0,23040,17,8195261218
13377,75510180,63324154,138834334,9,0,0,36864,17,6419252560
13378,75519340,63317848,138837188,6,0,0,5632,8,602101935
13379,75526430,80895877,156422307,5,0,1,19456,7,8005870579
13380,75531670,63487552,139019222,9,0,0,23040,17,4335171216
13381,75539870,63360714,138900584,0,0,0,16896,18,8434895943
13382,75542310,63406357,138948667,3,0,0,11776,7,5842515276
13383,75543040,63815272,139358312,3,0,0,28672,7,8867019024
13384,75549140,63375591,138924731,7,0,0,54784,6,3946136906
13385,75557970,63787020,139344990,1,0,0,7680,9,1350983682
13386,75559929,63347721,138907650,5,0,0,14848,7,9045312234
13387,75561960,80881932,156443892,5,0,1,2560,7,684685167
13388,75567139,80877419,156444558,4,0,1,1024,13,10167165253
13389,75578710,80935274,156513984,3,0,1,6656,7,10346741520
13390,75579920,80934087,156514007,9,0,1,8192,17,4075374398
13391,75582790,64585708,140168498,7,0,0,72704,6,4563678604
13392,75584040,63278738,138862778,1,0,0,17408,9,7341023086
13393,75594570,80965171,156559741,0,0,1,7680,18,7093891287
13394,75597340,63156632,138753972,0,0,0,9728,18,5284763686
13395,75607170,80957012,156564182,5,0,1,1024,7,4427716533
13396,75613010,81244504,156857514,1,0,1,20480,9,769603220
13397,75621770,63385843,139007613,7,0,0,2048,6,10325370765
13398,75624209,63878663,139502872,5,0,0,51200,7,8849381721
13399,75625500,63678510,139304010,7,0,0,25088,6,1320769368
13400,75651991,81307269,156959260,8,0,1,13312,17,6547153521
13401,75652420,63454991,139107411,8,0,0,51200,17,10607487810
13402,75653130,81382137,157035267,9,0,1,16896,17,10513786411
13403,75664940,63512612,139177552,6,0,0,23552,8,6281734723
13404,75672620,63265433,138938053,7,0,0,1024,6,10211886449
13405,75679990,63155459,138835449,9,0,0,3584,17,377525699
13406,75686870,63683612,139370482,3,0,0,20992,7,7974786183
13407,75695689,63626604,139322293,5,0,0,59904,7,10723292447
13408,75699180,63868039,139567219,1,0,0,108544,9,6652660621
13409,75700300,63727432,139427732,0,0,0,20992,18,2750006337
13410,75705710,63996718,139702428,6,0,0,4096,8,5354017622
13411,75708390,63461963,139170353,9,0,0,36352,17,9301117627
13412,75728311,64410454,140138765,2,0,0,5120,13,6191350452
13413,75731090,63970067,139701157,7,0,0,15360,6,2448727713
13414,75742950,63606595,139349545,1,0,0,14848,9,3042661015
13415,75747750,63906788,139654538,5,0,0,45056,7,5655672667
13416,75759420,63529693,139289113,8,0,0,15360,17,6597642133
13417,75760300,81398376,157158676,9,0,1,13312,17,7780373008
13418,75765180,64758843,140524023,3,0,0,36864,7,8300371447
13419,75766250,81396376,157162626,7,0,1,3584,6,3425656489
13420,75766900,81395901,157162801,7,0,1,1024,6,9960708744
13421,75773100,81392287,157165387,9,0,1,4096,17,910736112
13422,75773910,63901399,139675309,8,0,0,68096,17,4627209914
13423,75788290,81377443,157165733,9,0,1,512,17,6334259708
13424,75794770,63684009,139478779,3,0,0,16896,7,2440509119
13425,75799790,63878350,139678140,1,0,0,9216,9,3601341155
13426,75801690,63659213,139460903,6,0,0,99328,8,8469545516
13427,75802179,63619134,139421313,5,0,0,29184,7,8447130668
13428,75819659,81348660,157168319,4,0,1,4096,13,678555389
13429,75829440,63466903,139296343,5,0,0,10240,7,10062966884
13430,75836129,81332856,157168985,4,0,1,1024,13,6673650299
13431,75840680,64408375,140249055,3,0,0,10752,7,5382698439
13432,75841611,64616898,140458509,2,0,0,15872,13,5625097699
13433,75862120,63273760,139135880,8,0,0,32256,17,10145615868
13434,75864550,81307341,157171891,3,0,1,4608,7,4695415973
13435,75865109,81458805,157323914,4,0,1,4608,13,357525098
13436,75871540,64021357,139892897,5,0,0,27648,7,5389008615
13437,75875141,81448796,157323937,8,0,1,512,17,1394364407
13438,75877770,63807569,139685339,9,0,0,23552,17,5548552886
13439,75881450,64803674,140685124,0,0,0,68096,18,8580691444
13440,75889940,81434020,157323960,9,0,1,9216,17,394282564
13441,75893230,63504249,139397479,3,0,0,14336,7,10602329956
13442,75895200,81441667,157336867,2,0,1,1536,13,6570430660
13443,75902310,63908206,139810516,9,0,0,6656,17,5336783573
13444,75906840,64727111,140633951,3,0,0,26112,7,8049212904
13445,75909250,63615684,139524934,9,0,0,31232,17,5119645016
13446,75909700,81516405,157426105,7,0,1,5120,6,1260443083
13447,75914620,64113090,140027710,3,0,0,50176,7,9338580091
13448,75920061,81506067,157426128,8,0,1,8192,17,9331480392
13449,75923110,63860139,139783249,7,0,0,28160,6,882733454
13450,75925260,81581643,157506903,2,0,1,10240,13,8640815854
13451,75930091,63462997,139393088,2,0,0,23040,13,9119872800
13452,75933940,81574448,157508388,3,0,1,15360,7,4852589567
13453,75934690,63464216,139398906,5,0,0,4608,7,2955879469
13454,75936590,64332822,140269412,1,0,0,1024,9,10454154430
13455,75957310,81652993,157610303,3,0,1,512,7,3856552715
13456,75964960,64132615,140097575,9,0,0,7168,17,6787136440
13457,75984010,63786846,139770856,8,0,0,97792,17,6471078237
13458,75988980,81760773,157749753,1,0,1,19456,9,4145076674
13459,76002420,81747356,157749776,6,0,1,9728,8,6719897863
13460,76009450,63589483,139598933,9,0,0,5632,17,6172411537
13461,76018191,64061243,140079434,2,0,0,12288,13,6841801929
13462,76020180,81778053,157798233,5,0,1,12288,7,5352246064
13463,76022650,63790393,139813043,1,0,0,8192,9,384979554
13464,76039490,63464029,139503519,7,0,0,2048,6,2971523365
13465,76045510,81752746,157798256,2,0,1,9728,13,7162829544
13466,76053030,63434219,139487249,3,0,0,7168,7,10254160923
13467,76079271,81769754,157849025,8,0,1,2048,17,6830619425
13468,76080430,81782309,157862739,9,0,1,7680,17,7628100231
13469,76089620,63510584,139600204,8,0,0,4096,17,2151212307
13470,76092110,81885919,157978029,2,0,1,1536,13,4466842025
13471,76095500,63824127,139919627,8,0,0,5120,17,8253616582
13472,76098660,81885066,157983726,5,0,1,18944,7,9733577166
13473,76104220,63700634,139804854,6,0,0,17408,8,7368653442
13474,76105121,64634708,140739829,2,0,0,24064,13,159026614
13475,76107111,63666888,139773999,2,0,0,10240,13,5123534110
13476,76111510,63629527,139741037,9,0,0,5120,17,4684133612
13477,76127520,63647126,139774646,8,0,0,2048,17,9713085298
13478,76131430,81926854,158058284,0,0,1,8704,18,1761159500
13479,76141250,63681823,139823073,8,0,0,18944,17,7476785007
13480,76146900,64735016,140881916,6,0,0,104960,8,8714897738
13481,76150620,63666658,139817278,6,0,0,13824,8,5002185999
13482,76152240,63695574,139847814,3,0,0,11776,7,2675734486
13483,76153510,64096504,140250014,6,0,0,3072,8,6272196968
13484,76164851,63735089,139899940,2,0,0,23040,13,4266236779
13485,76166180,64437750,140603930,7,0,0,20992,6,2238866284
13486,76175320,64242007,140417327,8,0,0,38912,17,7441795413
13487,76178620,64012902,140191522,7,0,0,15360,6,9242878587
13488,76179000,63911689,140090689,8,0,0,36864,17,9240042059
13489,76200100,81875723,158075823,3,0,1,9728,7,6472014378
13490,76225580,63618623,139844203,1,0,0,40960,9,8332985176
13491,76229740,81908191,158137931,9,0,1,6656,17,290704646
13492,76231890,81931392,158163282,3,0,1,512,7,10493315348
13493,76245331,63614050,139859381,2,0,0,37888,13,658009094
13494,76247250,64417103,140664353,1,0,0,31232,9,5461558378
13495,76247430,63729865,139977295,3,0,0,8704,7,5648371288
13496,76252530,63709408,139961938,8,0,0,69632,17,1273713428
13497,76255340,63606092,139861432,6,0,0,6656,8,5137812560
13498,76256330,81908898,158165228,7,0,1,3072,6,7628331065
13499,76271530,63775806,140047336,0,0,0,61440,18,2048492041
13500,76277940,63734459,140012399,6,0,0,20480,8,4773270743
13501,76281941,63821675,140103616,2,0,0,9216,13,9552245613
13502,76284270,63902549,140186819,8,0,0,7680,17,6390973548
13503,76284730,81882444,158167174,3,0,1,3072,7,1393620364
13504,76289330,63895126,140184456,6,0,0,19968,8,6543219183
13505,76292350,81878370,158170720,9,0,1,5632,17,819033939
13506,76296090,63795870,140091960,9,0,0,4096,17,4434688030
13507,76297040,63948716,140245756,8,0,0,39936,17,4302999366
13508,76308620,63813603,140122223,0,0,0,22528,18,1587436193
13509,76315790,82006984,158322774,2,0,1,15872,13,3080932815
13510,76325860,82026209,158352069,2,0,1,4096,13,9280508173
13511,76327231,82033344,158360575,8,0,1,4608,17,9275609369
13512,76327280,63869725,140197005,7,0,0,17920,6,363214012
13513,76337430,64302362,140639792,3,0,0,6144,7,368231413
13514,76340241,64153871,140494112,2,0,0,5632,13,3033321190
13515,76341791,63639545,139981336,2,0,0,6144,13,1244915817
13516,76352980,64100670,140453650,3,0,0,15360,7,640280416
13517,76353670,63946554,140300224,3,0,0,27136,7,5582167375
13518,76357440,64639120,140996560,0,0,0,54272,18,4758043515
13519,76370240,63898829,140269069,0,0,0,62464,18,3435922909
13520,76377711,82037846,158415557,8,0,1,6144,17,6254473484
13521,76387320,82097263,158484583,0,0,1,7168,18,5081777613
13522,76389760,64247178,140636938,3,0,0,9728,7,8109676406
13523,76393830,64427926,140821756,1,0,0,10240,9,10286689123
13524,76412510,64614851,141027361,3,0,0,67584,7,6481036513
13525,76418310,82068219,158486529,7,0,1,3072,6,6108501899
13526,76425650,64179083,140604733,8,0,0,2560,17,143474586
13527,76445590,82053655,158499245,9,0,1,16896,17,487441063
13528,76449020,64350824,140799844,3,0,0,44544,7,9752451997
13529,76449790,64147698,140597488,7,0,0,153600,6,8035447937
13530,76467330,64378099,140845429,9,0,0,4608,17,3914222329
13531,76469671,63708678,140178349,2,0,0,32256,13,10196885799
13532,76471070,82028198,158499268,2,0,1,2560,13,1899062422
13533,76471580,63933868,140405448,7,0,0,44032,6,1444674746
13534,76480450,82018841,158499291,7,0,1,5120,6,9605465164
13535,76485740,64227908,140713648,1,0,0,34816,9,7377368669
13536,76487390,65034118,141521508,7,0,0,39424,6,3077179120
13537,76487460,64167354,140654814,5,0,0,11264,7,7272477354
13538,76506170,64649622,141155792,8,0,0,28160,17,4078006215
13539,76522040,63763374,140285414,8,0,0,7168,17,8918537279
13540,76526220,64003442,140529662,1,0,0,18432,9,3304649116
13541,76527000,64365960,140892960,7,0,0,2560,6,7665129086
13542,76544050,81983704,158527754,6,0,1,3072,8,106245213
13543,76544640,82049035,158593675,5,0,1,24576,7,4427459873
13544,76554370,64496348,141050718,1,0,0,30208,9,3112899677
13545,76569170,64809892,141379062,7,0,0,512,6,1401243160
13546,76571760,64079599,140651359,6,0,0,37888,8,10600051621
13547,76572770,64602482,141175252,6,0,0,1536,8,10163347155
13548,76572780,64232243,140805023,3,0,0,16896,7,69303656
13549,76603440,64022532,140625972,7,0,0,69632,6,2997100903
13550,76603630,63909138,140512768,8,0,0,36864,17,8420571177
13551,76612390,81994541,158606931,1,0,1,6144,9,3744489170
13552,76629760,64008137,140637897,6,0,0,3072,8,7850496096
13553,76630609,82222683,158853292,4,0,1,15872,13,5877345892
13554,76637060,82255315,158892375,3,0,1,3584,7,3973475483
13555,76637900,82256421,158894321,2,0,1,3072,13,2020808541
13556,76639740,64520755,141160495,9,0,0,15360,17,2421842040
13557,76641140,64968810,141609950,8,0,0,97792,17,6493787223
13558,76648910,82247677,158896587,0,0,1,3584,18,9490385291
13559,76650850,64912535,141563385,6,0,0,9728,8,10340104979
13560,76651850,82245723,158897573,2,0,1,1536,13,7242553346
13561,76657281,82241278,158898559,8,0,1,1536,17,10042355219
13562,76658370,64031332,140689702,1,0,0,5120,9,788716485
13563,76664480,64528254,141192734,3,0,0,36864,7,5787935120
13564,76665910,64339253,141005163,7,0,0,28160,6,5000345712
13565,76667310,64020809,140688119,1,0,0,9728,9,1118784741
13566,76677400,65032744,141710144,8,0,0,58880,17,4730418115
13567,76681291,64879107,141560398,2,0,0,10240,13,6310621375
13568,76688160,64098081,140786241,7,0,0,41984,6,9112554600
13569,76697851,65041742,141739593,2,0,0,6144,13,2021841627
13570,76703800,65030038,141733838,6,0,0,47616,8,10464000794
13571,76705110,64301636,141006746,8,0,0,5120,17,3351653408
13572,76712120,64236923,140949043,8,0,0,15872,17,4102063871
13573,76734040,64593573,141327613,9,0,0,9216,17,1025330042
13574,76738640,64292823,141031463,0,0,0,13312,18,8269441031
13575,76741291,64357396,141098687,2,0,0,4608,13,737931701
13576,76741820,64031606,140773426,6,0,0,12288,8,4274386722
13577,76753010,64300383,141053393,0,0,0,8704,18,5564624174
13578,76753340,64385716,141139056,7,0,0,48128,6,6252564244
13579,76757290,64601700,141358990,3,0,0,3072,7,7720414818
13580,76757591,64873866,141631457,2,0,0,1536,13,2464113361
13581,76761030,64299749,141060779,7,0,0,15872,6,4526011097
13582,76761599,82185641,158947240,4,0,1,4608,13,4042720859
13583,76763610,65084385,141847995,0,0,0,73216,18,5569021793
13584,76765360,64358986,141124346,6,0,0,39424,8,10089555169
13585,76775790,64422895,141198685,9,0,0,19456,17,3497955667
13586,76780830,82166433,158947263,5,0,1,512,7,6282887004
13587,76786390,64536665,141323055,7,0,0,22528,6,3989707625
13588,76792470,82154816,158947286,3,0,1,4608,7,6501789052
13589,76792819,82154490,158947309,4,0,1,4096,13,6387342692
13590,76793750,64584346,141378096,6,0,0,7680,8,1242847350
13591,76801110,64338639,141139749,7,0,0,2048,6,9535452965
13592,76803730,64471333,141275063,0,0,0,31744,18,5249317070
13593,76805930,64291330,141097260,6,0,0,16896,8,4725532466
13594,76827260,64228652,141055912,9,0,0,8192,17,333652957
13595,76828860,82318985,159147845,3,0,1,4608,7,8394998443
13596,76839480,64536253,141375733,1,0,0,7680,9,9905723726
13597,76840910,64411959,141252869,8,0,0,20480,17,1831735608
13598,76847430,82300438,159147868,7,0,1,512,6,2542480150
13599,76847520,64468648,141316168,0,0,0,19968,18,1465442098
13600,76855700,64489608,141345308,7,0,0,4608,6,2289188307
13601,76858020,82289871,159147891,9,0,1,1024,17,3989189097
13602,76867930,82279984,159147914,5,0,1,5120,7,2246784582
13603,76873610,64975968,141849578,3,0,0,5120,7,5444475903
13604,76879530,65106105,141985635,0,0,0,29696,18,3927234233
13605,76882360,64547079,141429439,4,0,0,11264,13,5084093014
13606,76890089,82257848,159147937,4,0,1,2560,13,10554004534
13607,76894110,64822609,141716719,7,0,0,21504,6,9626260773
13608,76895310,82288983,159184293,1,0,1,5632,9,2337878634
13609,76907930,65292688,142200618,9,0,0,90112,17,10435814009
13610,76913200,64623234,141536434,9,0,0,20480,17,399199296
13611,76917321,64329285,141246606,2,0,0,12288,13,6294753181
13612,76917630,65142495,142060125,7,0,0,50688,6,7678208250
13613,76920750,64584621,141505371,0,0,0,53760,18,9222431938
13614,76933250,64280729,141213979,3,0,0,12288,7,276415279
13615,76934910,82324372,159259282,9,0,1,8192,17,7582867674
13616,76965160,64460824,141425984,3,0,0,12288,7,5561806020
13617,76969040,64599836,141568876,7,0,0,17920,6,6045730948
13618,76971190,64505490,141476680,8,0,0,5120,17,5749869341
13619,76974930,82417996,159392926,2,0,1,26112,13,4668131656
13620,76979180,64452549,141431729,8,0,0,2560,17,9032051052
13621,76998880,64443354,141442234,6,0,0,4096,8,3939370009
13622,77002350,64505228,141507578,0,0,0,7168,18,2529771585
13623,77003080,82483745,159486825,5,0,1,10752,7,5757519246
13624,77003400,64903317,141906717,4,0,0,8704,13,1207482823
13625,77011010,82476657,159487667,1,0,1,5120,9,10551113933
13626,77011701,64759830,141771531,2,0,0,32768,13,3165453
13627,77017650,64531599,141549249,6,0,0,41984,8,9952644687
13628,77018850,64561281,141580131,3,0,0,36864,7,455096075
13629,77021840,65057184,142079024,7,0,0,61952,6,7600666906
13630,77022000,64715690,141737690,3,0,0,3584,7,5530265324
13631,77024580,82504802,159529382,1,0,1,21504,9,8602841428
13632,77028950,65234002,142262952,1,0,0,11264,9,7559505104
13633,77044390,64465083,141509473,8,0,0,6144,17,10388780459
13634,77044640,64691896,141736536,9,0,0,8704,17,1104231210
13635,77045700,82483705,159529405,3,0,1,6656,7,5777833096
13636,77053040,64955907,142008947,4,0,0,22016,13,8285393308
13637,77064530,82476243,159540773,1,0,1,7168,9,891967699
13638,77065051,82475745,159540796,8,0,1,2048,17,1106090641
13639,77066560,64752452,141819012,9,0,0,23552,17,8710925391
13640,77070619,82470200,159540819,4,0,1,2560,13,4923681006
13641,77072300,65064338,142136638,8,0,0,36352,17,4064148375
13642,77093350,64732022,141825372,4,0,0,4096,13,6821131365
13643,77107120,64612187,141719307,1,0,0,8192,9,7249980414
13644,77107420,64770732,141878152,1,0,0,11264,9,4351056711
13645,77123830,82434530,159558360,3,0,1,2048,7,8372758401
13646,77130370,82428013,159558383,9,0,1,512,17,10446441035
13647,77134111,64718633,141852744,2,0,0,10240,13,6410163743
13648,77138110,64540812,141678922,0,0,0,27136,18,3972273760
13649,77162980,64869337,142032317,4,0,0,27648,13,849831290
13650,77167770,82390636,159558406,5,0,1,1024,7,10190145246
13651,77167780,65004757,142172537,6,0,0,1024,8,3547622092
13652,77170579,82387858,159558437,4,0,1,7168,13,8902655581
13653,77176740,64702995,141879735,8,0,0,5120,17,9002902797
13654,77179960,64796604,141976564,7,0,0,20480,6,9371856727
13655,77181670,64968305,142149975,1,0,0,16896,9,5386770459
13656,77194320,82384520,159578840,1,0,1,1536,9,7472730748
13657,77204280,64658079,141862359,3,0,0,24576,7,3136436204
13658,77207140,64918399,142125539,3,0,0,50176,7,942216524
13659,77213490,64699793,141913283,8,0,0,4608,17,4252861723
13660,77235420,64585354,141820774,8,0,0,512,17,3599271000
13661,77242080,82351156,159593236,1,0,1,33792,9,3596773457
13662,77243360,64712485,141955845,9,0,0,1024,17,7989189718
13663,77260960,82427937,159688897,7,0,1,6144,6,8511438327
13664,77262921,64728844,141991765,2,0,0,19968,13,9304633232
13665,77265740,64669827,141935567,1,0,0,7168,9,3114437921
13666,77268681,64983743,142252424,2,0,0,15872,13,3743457047
13667,77271640,82417280,159688920,7,0,1,12800,6,2290692546
13668,77280041,82461319,159741360,8,0,1,4096,17,366687458
13669,77287750,64639255,141927005,6,0,0,22016,8,7200323920
13670,77296330,64586850,141883180,7,0,0,2560,6,780536666
13671,77313390,82469673,159783063,7,0,1,20480,6,7965613414
13672,77325590,64707218,142032808,6,0,0,1536,8,240023411
13673,77332880,82501706,159834586,2,0,1,10752,13,1211007728
13674,77343270,64627031,141970301,8,0,0,4096,17,1214956339
13675,77343611,64903954,142247565,2,0,0,17408,13,8284778059
13676,77344520,64800284,142144804,6,0,0,26624,8,3965375760
13677,77346130,82518424,159864554,9,0,1,2560,17,5645783265
13678,77358550,64883688,142242238,9,0,0,40448,17,1785817054
13679,77362220,64963899,142326119,6,0,0,1024,8,7623085257
13680,77377470,65254167,142631637,7,0,0,67072,6,6893292064
13681,77377580,82506937,159884517,1,0,1,20992,9,4846894502
13682,77389940,82494600,159884540,3,0,1,14848,7,4568764956
13683,77393640,65057803,142451443,0,0,0,34816,18,3145202416
13684,77401000,82531320,159932320,2,0,1,10752,13,8141066745
13685,77407110,82584417,159991527,2,0,1,4096,13,9094080527
13686,77408670,64971079,142379749,9,0,0,64512,17,1984645023
13687,77431610,64927657,142359267,4,0,0,47104,13,5522860390
13688,77436160,64889624,142325784,3,0,0,32256,7,4434352768
13689,77438940,64602941,142041881,9,0,0,3584,17,89042025
13690,77445900,64870033,142315933,3,0,0,82432,7,90430515
13691,77460000,64769891,142229891,6,0,0,28160,8,5616689938
13692,77464980,64864195,142329175,0,0,0,9728,18,268353762
13693,77467460,82591921,160059381,9,0,1,18432,17,6343482320
13694,77469170,64936531,142405701,8,0,0,36352,17,5979654797
13695,77469620,64988242,142457862,0,0,0,20992,18,6668530233
13696,77469800,65020411,142490211,9,0,0,15872,17,8094786712
13697,77473680,65060837,142534517,7,0,0,16896,6,1772957892
13698,77479030,82667462,160146492,9,0,1,14336,17,7014438602
13699,77487280,82684289,160171569,3,0,1,16384,7,4124321286
13700,77487871,64986342,142474213,2,0,0,2560,13,9386658360
13701,77489760,65634625,143124385,9,0,0,3584,17,3451326610
13702,77496450,82680931,160177381,9,0,1,9216,17,4237670160
13703,77502860,64857210,142360070,6,0,0,2560,8,6900576132
13704,77506300,82929850,160436150,5,0,1,32256,7,2836558635
13705,77507060,82929760,160436820,7,0,1,13824,6,976683708
13706,77513979,83096917,160610896,4,0,1,15872,13,2414384995
13707,77518790,65286524,142805314,8,0,0,4096,17,1826141064
13708,77522050,65066184,142588234,3,0,0,6656,7,6677941005
13709,77527320,64992600,142519920,6,0,0,70144,8,5072068089
13710,77543700,83067219,160610919,2,0,1,1024,13,8731403157
13711,77544329,83075372,160619701,4,0,1,21504,13,6919213878
13712,77581780,65081493,142663273,8,0,0,15872,17,2619568179
13713,77585651,83034073,160619724,8,0,1,12800,17,3851263457
13714,77591470,64904224,142495694,8,0,0,17920,17,10700518336
13715,77595621,64927910,142523531,2,0,0,11776,13,9225280699
13716,77604980,83014767,160619747,0,0,1,512,18,3590793959
13717,77619209,83000561,160619770,4,0,1,512,13,10469256814
13718,77619701,64878824,142498525,2,0,0,9216,13,8403005016
13719,77631520,64796132,142427652,9,0,0,19968,17,1724349798
13720,77636190,64758412,142394602,4,0,0,8192,13,2488207085
13721,77641240,64750843,142392083,1,0,0,14336,9,9143842469
13722,77647730,64996901,142644631,3,0,0,35840,7,7237383399
13723,77651190,65587841,143239031,1,0,0,22528,9,6489701999
13724,77667430,82952363,160619793,2,0,1,4096,13,4247958368
13725,77673530,82956104,160629634,2,0,1,11776,13,3150189693
13726,77676920,64751535,142428455,6,0,0,2560,8,8689091397
13727,77681010,82950570,160631580,2,0,1,3072,13,2896851848
13728,77696730,64998509,142695239,4,0,0,33280,13,4839076051
13729,77700200,65530049,143230249,6,0,0,18432,8,2762432512
13730,77702040,64931648,142633688,9,0,0,6656,17,9237271122
13731,77702550,65132098,142834648,3,0,0,23040,7,10379344758
13732,77726200,64994053,142720253,8,0,0,7168,17,8321202080
13733,77729831,65176243,142906074,2,0,0,73728,13,1845443245
13734,77734330,65002864,142737194,7,0,0,1536,6,3371406122
13735,77735899,65270228,143006127,0,0,0,22016,18,1706672865
13736,77736880,82906245,160643125,9,0,1,4096,17,10387532503
13737,77739361,65398931,143138292,2,0,0,45568,13,8438027946
13738,77744920,82900229,160645149,0,0,1,5632,18,4016826917
13739,77746540,82920529,160667069,3,0,1,14336,7,3180637034
13740,77753290,64813596,142566886,7,0,0,7168,6,2164673268
13741,77757520,64960518,142718038,3,0,0,74752,7,4438841870
13742,77773281,65713662,143486943,2,0,0,21504,13,595415930
13743,77780310,65213212,142993522,3,0,0,59392,7,4542053446
13744,77782900,65021143,142804043,4,0,0,38912,13,976291469
13745,77785530,82940728,160726258,9,0,1,2048,17,9899214951
13746,77786520,65269777,143056297,1,0,0,9216,9,9386898193
13747,77787021,65756994,143544015,2,0,0,72704,13,3166812292
13748,77789039,82956011,160745050,4,0,1,20480,13,854537221
13749,77815300,64925937,142741237,0,0,0,9216,18,4085143301
13750,77816780,65879168,143695948,8,0,0,83968,17,720096112
13751,77819169,65298610,143117779,0,0,0,45568,18,12147292
13752,77823570,64913133,142736703,1,0,0,27648,9,8205150325
13753,77827091,64817875,142644966,2,0,0,1024,13,9357411376
13754,77837550,65213865,143051415,3,0,0,49664,7,4109421030
13755,77847540,65440604,143288144,8,0,0,23040,17,6246415852
13756,77857361,65929394,143786755,2,0,0,25600,13,3821467789
13757,77862160,65004228,142866388,8,0,0,11264,17,4402915999
13758,77868790,65432008,143300798,4,0,0,1536,13,6394588844
13759,77874470,82871144,160745614,3,0,1,10752,7,7937946071
13760,77875390,65008197,142883587,9,0,0,26624,17,241337628
13761,77888320,65377540,143265860,8,0,0,2048,17,4588521718
13762,77889970,65342174,143232144,1,0,0,6144,9,4985334301
13763,77902490,65220780,143123270,9,0,0,17920,17,602260065
13764,77907310,65196562,143103872,8,0,0,66048,17,6800494376
13765,77907440,65176285,143083725,8,0,0,53760,17,8894414325
13766,77915830,65046940,142962770,6,0,0,1024,8,5058760841
13767,77922271,65113177,143035448,2,0,0,31744,13,242922846
13768,77922580,82880410,160802990,2,0,1,512,13,778574582
13769,77935160,65324707,143259867,4,0,0,6144,13,8920739631
13770,77937470,65115996,143053466,7,0,0,6656,6,5208463431
13771,77964580,65260030,143224610,1,0,0,89600,9,6536578173
13772,77965311,65363112,143328423,2,0,0,11776,13,9204573970
13773,77972260,65753496,143725756,4,0,0,20480,13,8124741496
13774,77973050,82831128,160804178,5,0,1,21504,7,9660778085
13775,77977970,65770331,143748301,9,0,0,31232,17,8980376482
13776,77979670,65914999,143894669,8,0,0,18944,17,465306525
13777,77984580,83185311,161169891,7,0,1,4096,6,1670998363
13778,77985640,65455900,143441540,7,0,0,11776,6,9072944852
13779,77987410,65166770,143154180,1,0,0,9728,9,7808598367
13780,77994840,65266610,143261450,6,0,0,5120,8,5520231405
13781,77996910,65243720,143240630,3,0,0,5120,7,474020212
13782,78004320,83171472,161175792,7,0,1,19968,6,9614925074
13783,78012130,83248022,161260152,0,0,1,4608,18,4446756905
13784,78017930,83308501,161326431,5,0,1,1024,7,2037943529
13785,78023100,65341533,143364633,7,0,0,19456,6,6965057925
13786,78028320,83317614,161345934,3,0,1,7680,7,1970160634
13787,78029060,83376260,161405320,5,0,1,512,7,6018716523
13788,78031700,65819347,143851047,6,0,0,63488,8,5131055218
13789,78035700,65937841,143973541,8,0,0,62464,17,6872939161
13790,78074960,66083438,144158398,6,0,0,38400,8,960261745
13791,78086710,65575113,143661823,3,0,0,5632,7,1191974569
13792,78090540,65508266,143598806,1,0,0,34304,9,10155466962
13793,78108421,65548801,143657222,2,0,0,3584,13,9220977881
13794,78110340,83295003,161405343,7,0,1,2560,6,10253564999
13795,78124300,83281066,161405366,1,0,1,3072,9,9481329452
13796,78125740,65577407,143703147,5,0,0,23552,7,10207795431
13797,78144271,65374752,143519023,2,0,0,6656,13,10124717296
13798,78147290,65581297,143728587,6,0,0,9216,8,9189279190
13799,78149550,65261341,143410891,6,0,0,9728,8,3844176207
13800,78151760,65780347,143932107,3,0,0,61440,7,2270779071
13801,78158790,83303004,161461794,1,0,1,20480,9,8850672603
13802,78159680,83307823,161467503,5,0,1,1024,7,7762690591
13803,78173550,83293976,161467526,7,0,1,1024,6,227494121
13804,78186370,65699962,143886332,4,0,0,41984,13,6029447941
13805,78188860,65614828,143803688,3,0,0,14336,7,10357583549
13806,78189870,83336541,161526411,7,0,1,9728,6,4246517169
13807,78191650,65616117,143807767,1,0,0,13312,9,1181094188
13808,78192790,83333644,161526434,1,0,1,4096,9,9406179440
13809,78195169,83331288,161526457,4,0,1,1536,13,5913941702
13810,78197170,65910991,144108161,6,0,0,18432,8,4468091906
13811,78197880,65626546,143824426,9,0,0,25600,17,9838533733
13812,78202321,65686553,143888874,2,0,0,4096,13,9778190456
13813,78215820,66154245,144370065,7,0,0,28160,6,5668113516
13814,78223290,83303190,161526480,1,0,1,2048,9,10109020289
13815,78224371,83302132,161526503,8,0,1,5120,17,1585678678
13816,78225741,83312913,161538654,8,0,1,9216,17,155840177
13817,78228080,66201713,144429793,9,0,0,12800,17,7873505954
13818,78229600,65480337,143709937,4,0,0,18944,13,1563749956
13819,78231109,65547823,143778932,0,0,0,74240,18,8981831888
13820,78233890,65591807,143825697,0,0,0,4096,18,1947516708
13821,78240170,65776608,144016778,6,0,0,10240,8,2430126328
13822,78242080,66255899,144497979,9,0,0,78848,17,1905955483
13823,78242870,65699424,143942294,7,0,0,19456,6,10188331680
13824,78259450,66956501,145215951,8,0,0,51200,17,8965487426
13825,78260720,66916019,145176739,0,0,0,56832,18,2131730483
13826,78269441,83283034,161552475,8,0,1,12288,17,6112096727
13827,78276450,83371296,161647746,2,0,1,11264,13,10461047298
13828,78278460,66022084,144300544,8,0,0,93184,17,4245803882
13829,78288880,83396639,161685519,0,0,1,1536,18,1911595932
13830,78302510,83398499,161701009,1,0,1,4608,9,10395054984
13831,78302981,65795618,144098599,2,0,0,28160,13,1402020514
13832,78307430,65717436,144024866,4,0,0,2560,13,1746144625
13833,78312630,65926243,144238873,7,0,0,28672,6,6833551244
13834,78313420,65670261,143983681,8,0,0,30208,17,1905489075
13835,78315880,65753203,144069083,9,0,0,18432,17,3898419770
13836,78320010,83381022,161701032,0,0,1,5632,18,2721166378
13837,78321440,83379615,161701055,3,0,1,2560,7,3030035287
13838,78324550,66433504,144758054,1,0,0,20480,9,10040731501
13839,78327520,65623065,143950585,8,0,0,27136,17,5368805609
13840,78327870,65574778,143902648,8,0,0,26112,17,6963001121
13841,78351941,65668983,144020924,2,0,0,9216,13,3812444848
13842,78355720,65890086,144245806,0,0,0,3072,18,1390090716
13843,78363790,66177938,144541728,9,0,0,57856,17,9161335219
13844,78364770,83447337,161812107,1,0,1,15360,9,1046202716
13845,78365160,83517630,161882790,7,0,1,1536,6,9853472378
13846,78375120,65978362,144353482,3,0,0,8704,7,1998165817
13847,78375150,66686947,145062097,9,0,0,84992,17,3066026146
13848,78376420,66444308,144820728,6,0,0,15872,8,10444320499
13849,78377180,65576078,143953258,4,0,0,2560,13,1943507068
13850,78379241,65508362,143887603,2,0,0,4096,13,4885538604
13851,78382270,65811706,144193976,9,0,0,15360,17,4433038554
13852,78382980,66368811,144751791,0,0,0,55808,18,4602217340
13853,78396350,65727197,144123547,3,0,0,9216,7,7176842401
13854,78404610,65902665,144307275,1,0,0,22016,9,3511426716
13855,78406101,65545443,143951544,2,0,0,3072,13,10703044652
13856,78407080,83477336,161884416,5,0,1,2560,7,2802523783
13857,78408060,65964680,144372740,6,0,0,8704,8,3353184520
13858,78408601,65798833,144207434,2,0,0,3584,13,699836694
13859,78428400,66017401,144445801,7,0,0,19968,6,1537709186
13860,78429460,65814428,144243888,4,0,0,16384,13,10066327999
13861,78431490,65684594,144116084,1,0,0,3072,9,1658365265
13862,78448980,65817992,144266972,5,0,0,16384,7,8121623787
13863,78469591,65775256,144244847,2,0,0,3072,13,7595136535
13864,78470621,66852844,145323465,2,0,0,17920,13,4581206454
13865,78474810,66049267,144524077,9,0,0,85504,17,2405047502
13866,78478140,66332698,144810838,5,0,0,14336,7,8466866841
13867,78480171,66241755,144721926,2,0,0,97280,13,8811894009
13868,78482400,66312925,144795325,3,0,0,22528,7,1670576526
13869,78495261,65496414,143991675,2,0,0,7680,13,1288485680
13870,78497180,65816982,144314162,9,0,0,22528,17,5394450636
13871,78503850,66952311,145456161,9,0,0,24576,17,3279543466
13872,78504860,66283578,144788438,0,0,0,50176,18,898241906
13873,78511080,65591442,144102522,6,0,0,12800,8,9329145693
13874,78516720,66041099,144557819,8,0,0,52736,17,3780279059
13875,78520320,66350300,144870620,8,0,0,11264,17,3494000322
13876,78522830,65929413,144452243,7,0,0,20480,6,5265514179
13877,78530560,67125647,145656207,1,0,0,29696,9,10448764065
13878,78531170,65629057,144160227,1,0,0,4096,9,8157683487
13879,78533900,65822587,144356487,0,0,0,6656,18,1672672992
13880,78535370,65715630,144251000,4,0,0,16896,13,8756060211
13881,78536840,66567800,145104640,9,0,0,26624,17,3069992329
13882,78543220,66291268,144834488,9,0,0,3584,17,6689382340
13883,78543670,66129958,144673628,4,0,0,42496,13,8852403334
13884,78564029,83322013,161886042,4,0,1,2560,13,9152882943
13885,78564980,66546194,145111174,4,0,0,14336,13,445609402
13886,78569300,65777982,144347282,7,0,0,36864,6,6736309766
13887,78569400,83483307,162052707,3,0,1,4096,7,3781865147
13888,78571340,83488277,162059617,3,0,1,5632,7,279690602
13889,78577710,83575175,162152885,9,0,1,4096,17,9506690631
13890,78580400,83574111,162154511,5,0,1,2560,7,246195671
13891,78581490,66273925,144855415,9,0,0,68608,17,6628035991
13892,78584800,66217880,144802680,8,0,0,24064,17,2333710592
13893,78585070,66427382,145012452,8,0,0,31232,17,10187077047
13894,78586759,66342307,144929066,0,0,0,20480,18,5213389526
13895,78590039,83669136,162259175,4,0,1,9216,13,5090613399
13896,78598150,66136614,144734764,1,0,0,31232,9,2324351199
13897,78600120,65961988,144562108,1,0,0,3072,9,2724878260
13898,78605490,66200957,144806447,1,0,0,12288,9,6818837616
13899,78609590,65767541,144377131,8,0,0,14336,17,3233548387
13900,78615640,66076623,144692263,6,0,0,44544,8,7802477595
13901,78617450,66643129,145260579,1,0,0,36352,9,8233265539
13902,78624581,65936568,144561149,2,0,0,10752,13,596353144
13903,78640621,65983657,144624278,2,0,0,1024,13,8906722321
13904,78645160,66747023,145392183,0,0,0,47616,18,10592974258
13905,78650920,67110317,145761237,5,0,0,15360,7,5045728678
13906,78653200,83612372,162265572,9,0,1,1024,17,5364884116
13907,78655981,83612817,162268798,8,0,1,5120,17,8165348703
13908,78660150,65785830,144445980,6,0,0,512,8,3165038881
13909,78677400,66086324,144763724,8,0,0,18432,17,5710229709
13910,78678330,65932718,144611048,8,0,0,48128,17,3578637063
13911,78689730,66126131,144815861,0,0,0,16384,18,3912010317
13912,78691940,65919599,144611539,5,0,0,1536,7,5478195840
13913,78692311,83581633,162273944,8,0,1,8192,17,5293282472
13914,78692830,66440749,145133579,6,0,0,26112,8,5210800652
13915,78694060,66402399,145096459,8,0,0,20480,17,5812894907
13916,78697920,65951398,144649318,4,0,0,21504,13,6080651094
13917,78700560,66198397,144898957,8,0,0,10240,17,6154165105
13918,78700749,83694914,162395663,4,0,1,5120,13,10459305958
13919,78705800,66190014,144895814,8,0,0,9216,17,7767199732
13920,78713790,66376351,145090141,5,0,0,33280,7,591637558
13921,78720120,66704417,145424537,7,0,0,6656,6,4015888345
13922,78720470,83676269,162396739,3,0,1,13312,7,6289263804
13923,78722680,66797970,145520650,1,0,0,56320,9,181648505
13924,78730750,65994475,144725225,9,0,0,10752,17,8491639879
13925,78732310,83689528,162421838,7,0,1,4096,6,9832840433
13926,78734780,83690924,162425704,3,0,1,6144,7,5831376408
13927,78749860,66247102,144996962,3,0,0,19968,7,7200392798
13928,78750249,83675801,162426050,4,0,1,512,13,7157438998
13929,78751700,65860486,144612186,1,0,0,2048,9,7906920232
13930,78755760,66201005,144956765,6,0,0,7680,8,10117599103
13931,78766010,66059442,144825452,5,0,0,9216,7,5085481410
13932,78766070,66514888,145280958,0,0,0,52736,18,1956265545
13933,78768790,66091195,144859985,6,0,0,14848,8,5827119179
13934,78784820,83642856,162427676,9,0,1,2560,17,9909477549
13935,78789121,83653677,162442798,8,0,1,6144,17,4592690118
13936,78795140,66871074,145666214,3,0,0,32768,7,4229656249
13937,78804660,66275318,145079978,8,0,0,52224,17,6020493008
13938,78815211,66304019,145119230,2,0,0,5632,13,1757257581
13939,78819020,83677389,162496409,3,0,1,7168,7,10195707000
13940,78826090,66236810,145062900,6,0,0,2560,8,2510235755
13941,78826100,66506557,145332657,4,0,0,4608,13,8203387292
13942,78828580,66674887,145503467,4,0,0,27648,13,1138108608
13943,78837150,66757055,145594205,0,0,0,11776,18,9785545940
13944,78845410,83651022,162496432,5,0,1,1536,7,3537941587
13945,78846401,66509275,145355676,2,0,0,59904,13,1220910701
13946,78852970,66040013,144892983,9,0,0,40960,17,1506193164
13947,78859030,66497605,145356635,3,0,0,3072,7,5682682984
13948,78862950,83633505,162496455,7,0,1,6144,6,2963623594
13949,78872170,66689341,145561511,3,0,0,56832,7,1320597927
13950,78874590,66389935,145264525,4,0,0,7168,13,727564125
13951,78890791,67104824,145995615,2,0,0,37376,13,7641883814
13952,78894880,66987115,145881995,9,0,0,10240,17,9999383243
13953,78899790,66213310,145113100,8,0,0,6144,17,2837978641
13954,78902161,67411982,146314143,2,0,0,47104,13,5635935083
13955,78903480,66774012,145677492,7,0,0,9216,6,7562435962
13956,78910950,66696587,145607537,0,0,0,5120,18,5896948940
13957,78913851,66915281,145829132,2,0,0,31232,13,4602225595
13958,78920290,66082623,145002913,6,0,0,19456,8,5511440158
13959,78924410,67018405,145942815,0,0,0,45568,18,5170680213
13960,78940219,83556259,162496478,4,0,1,512,13,3406035113
13961,78944580,67131273,146075853,6,0,0,14848,8,7968822479
13962,78945170,66118873,145064043,3,0,0,3072,7,9432354926
13963,78951829,83572130,162523959,4,0,1,7168,13,4962880530
13964,78953440,66787507,145740947,4,0,0,48640,13,7071789426
13965,78956021,66863572,145819593,2,0,0,45568,13,5781889649
13966,78966790,66890903,145857693,1,0,0,26112,9,9501076099
13967,78968330,66648364,145616694,0,0,0,15872,18,566419101
13968,78972260,83571752,162544012,3,0,1,16896,7,2058835855
13969,78983140,66195182,145178322,3,0,0,5120,7,2969729808
13970,78986000,83586223,162572223,7,0,1,3072,6,6362815679
13971,78996311,83575935,162572246,8,0,1,512,17,7346147186
13972,78999210,83628675,162627885,7,0,1,14848,6,2267325771
13973,79005210,66101504,145106714,9,0,0,6656,17,7420659191
13974,79011300,83687258,162698558,1,0,1,4096,9,7192933351
13975,79012560,66565481,145578041,7,0,0,4096,6,5207766468
13976,79018900,67435289,146454189,3,0,0,31744,7,5949401968
13977,79020290,66114872,145135162,3,0,0,5120,7,4311550573
13978,79020690,83766574,162787264,7,0,1,5632,6,9427472587
13979,79021610,66875013,145896623,3,0,0,17920,7,6398960085
13980,79027170,83760117,162787287,1,0,1,2048,9,3418837
13981,79036640,66122517,145159157,4,0,0,3072,13,1465177415
13982,79040100,66222218,145262318,0,0,0,5632,18,3265687600
13983,79046510,83751508,162798018,0,0,1,22528,18,3548018222
13984,79049970,67059255,146109225,9,0,0,51200,17,10197162064
13985,79051030,66266952,145317982,5,0,0,3072,7,530179835
13986,79053820,66893386,145947206,3,0,0,14336,7,2996669337
13987,79061030,66949769,146010799,1,0,0,3584,9,8748912283
13988,79065520,83852146,162917666,1,0,1,1536,9,5609360925
13989,79071299,83847087,162918386,4,0,1,1536,13,7542003898
13990,79076580,66102256,145178836,0,0,0,1536,18,2787044355
13991,79078220,67306737,146384957,9,0,0,50176,17,6697227608
13992,79089780,83942142,163031922,9,0,1,8704,17,785943157
13993,79093150,67369486,146462636,4,0,0,27648,13,8793894553
13994,79094640,84266239,163360879,9,0,1,24064,17,3914761905
13995,79102209,84259016,163361225,4,0,1,512,13,7057865634
13996,79102550,84259341,163361891,5,0,1,1024,7,8798793598
13997,79102650,66315639,145418289,5,0,0,6144,7,2636412837
13998,79108840,84255637,163364477,2,0,1,4096,13,9157547022
13999,79109250,67245990,146355240,1,0,0,68608,9,7049222611
14000,79111300,67123017,146234317,5,0,0,10240,7,418162589
14001,79129080,66996704,146125784,9,0,0,54272,17,1594506854
14002,79138580,67006305,146144885,3,0,0,20992,7,5035809733
14003,79142710,66323678,145466388,1,0,0,15872,9,948022306
14004,79153580,65994045,145147625,1,0,0,512,9,5839314258
14005,79173520,66224302,145397822,4,0,0,18432,13,8524221789
14006,79173870,66186261,145360131,6,0,0,1536,8,6586758661
14007,79175250,66405310,145580560,6,0,0,8192,8,1003742292
14008,79176620,67627339,146803959,1,0,0,162304,9,7909685594
14009,79179860,84262025,163441885,1,0,1,4096,9,2186402736
14010,79180040,67446415,146626455,3,0,0,107008,7,1641986302
14011,79183590,67032125,146215715,3,0,0,2048,7,2536316862
14012,79198880,84243036,163441916,3,0,1,1024,7,6358699919
14013,79203880,66566603,145770483,4,0,0,8192,13,7310731124
14014,79204020,66656660,145860680,7,0,0,9728,6,3513075746
14015,79254030,66433469,145687499,6,0,0,32768,8,6988544283
14016,79257120,66814186,146071306,6,0,0,27136,8,9748429363
14017,79265490,67401883,146667373,8,0,0,134144,17,654514756
14018,79267091,84300657,163567748,8,0,1,8192,17,56480689
14019,79279890,67752417,147032307,5,0,0,5632,7,2542324388
14020,79281480,67112913,146394393,3,0,0,22016,7,7616930443
14021,79282640,66392021,145674661,5,0,0,27648,7,964655123
14022,79293280,67380676,146673956,7,0,0,21504,6,4354215318
14023,79297040,66658667,145955707,7,0,0,17408,6,1366710451
14024,79297450,67212905,146510355,4,0,0,13312,13,8116079518
14025,79301280,66269949,145571229,1,0,0,8704,9,1033415242
14026,79329200,66076615,145405815,4,0,0,15360,13,8004487425
14027,79331170,66820142,146151312,3,0,0,20992,7,9417940133
14028,79333090,66539471,145872561,9,0,0,19456,17,2360780124
14029,79333860,66234694,145568554,9,0,0,23040,17,8075406874
14030,79342261,84228073,163570334,8,0,1,4096,17,6659325772
14031,79350140,84239572,163589712,1,0,1,3072,9,27732455
14032,79359920,66590452,145950372,9,0,0,2560,17,10128564351
14033,79372840,84314882,163687722,3,0,1,2560,7,5183826013
14034,79376880,67445001,146821881,7,0,0,56832,6,592471466
14035,79378540,67425933,146804473,1,0,0,1536,9,2218237829
14036,79383750,66648796,146032546,8,0,0,11776,17,6112933490
14037,79405030,66604654,146009684,8,0,0,12800,17,10002534435
14038,79405560,67341153,146746713,0,0,0,31744,18,931833241
14039,79407730,66719013,146126743,0,0,0,3072,18,5393179016
14040,79408920,84279788,163688708,1,0,1,14848,9,5725041619
14041,79414120,66648895,146063015,5,0,0,77824,7,7838853061
14042,79420860,67530411,146951271,9,0,0,34304,17,9830554515
14043,79426890,67435187,146862077,8,0,0,10240,17,8297789097
14044,79427380,84354455,163781835,1,0,1,7680,9,3962351299
14045,79427389,84385365,163812754,4,0,1,8704,13,9126601474
14046,79428820,66709646,146138466,7,0,0,38400,6,9675036937
14047,79431470,84513946,163945416,1,0,1,3584,9,6934794050
14048,79438620,66757830,146196450,6,0,0,27648,8,6860639188
14049,79438730,84513707,163952437,1,0,1,1024,9,3053456839
14050,79441010,66797230,146238240,1,0,0,12800,9,921864474
14051,79447540,66740463,146188003,3,0,0,39424,7,4459352310
14052,79448811,84532054,163980865,8,0,1,4096,17,6695839112
14053,79452460,66910915,146363375,6,0,0,26624,8,9419171563
14054,79453660,84533663,163987323,5,0,1,5120,7,6658118686
14055,79459140,66799143,146258283,0,0,0,25088,18,4625114750
14056,79459900,67744116,147204016,1,0,0,59904,9,8970314146
14057,79467270,67867844,147335114,5,0,0,11776,7,10503023244
14058,79468360,66417714,145886074,8,0,0,13312,17,4841010711
14059,79479850,66889788,146369638,7,0,0,20480,6,7799969790
14060,79484140,67883004,147367144,6,0,0,13312,8,7386626184
14061,79492090,67445617,146937707,1,0,0,15360,9,3303056349
14062,79503480,66575204,146078684,7,0,0,9216,6,7811873829
14063,79506710,67489435,146996145,1,0,0,64512,9,4619473335
14064,79513630,66913019,146426649,9,0,0,22016,17,6727992232
14065,79526451,84460895,163987346,8,0,1,512,17,9970401881
14066,79526820,84753033,164279853,9,0,1,41472,17,8621747750
14067,79527040,84803128,164330168,9,0,1,512,17,9552356103
14068,79536550,66639418,146175968,3,0,0,24576,7,2828521221
14069,79545110,66686064,146231174,1,0,0,37888,9,107241461
14070,79546900,66402669,145949569,7,0,0,7680,6,3429158253
14071,79563870,84826351,164390221,1,0,1,16384,9,2611365064
14072,79564680,67276847,146841527,4,0,0,6144,13,6133796218
14073,79573150,66579121,146152271,8,0,0,3072,17,460296678
14074,79588920,84860940,164449860,2,0,1,27648,13,55161943
14075,79601000,66436590,146037590,1,0,0,2560,9,6902642749
14076,79617160,84972360,164589520,2,0,1,15360,13,8139416162
14077,79637930,66695268,146333198,1,0,0,62464,9,168771580
14078,79639320,67652860,147292180,8,0,0,26624,17,2590949528
14079,79641610,67381700,147023310,4,0,0,21504,13,211177344
14080,79642830,84946713,164589543,5,0,1,512,7,6119924862
14081,79652750,84942143,164594893,3,0,1,6656,7,7060694313
14082,79653681,84941235,164594916,8,0,1,10752,17,5726417246
14083,79655530,66643324,146298854,7,0,0,18432,6,10021895412
14084,79663150,84991536,164654686,0,0,1,9216,18,4794493135
14085,79663620,66740447,146404067,6,0,0,28160,8,7067488189
14086,79665360,66890883,146556243,7,0,0,37888,6,7140681636
14087,79672260,67026718,146698978,1,0,0,49152,9,1664408788
14088,79672970,84981739,164654709,4,0,1,9728,13,7864261713
14089,79678100,67735959,147414059,9,0,0,12800,17,7866975648
14090,79678320,67568140,147246460,5,0,0,37888,7,10035722107
14091,79687100,84967640,164654740,1,0,1,5120,9,5333419294
14092,79699650,66777548,146477198,3,0,0,31744,7,2168384586
14093,79706910,67367811,147074721,6,0,0,2560,8,3665703863
14094,79708400,66996529,146704929,1,0,0,19456,9,3050992008
14095,79709510,85002198,164711708,1,0,1,1024,9,7091122822
14096,79710141,85001590,164711731,8,0,1,3584,17,3268833270
14097,79712900,66621413,146334313,8,0,0,3584,17,5696312035
14098,79720710,67303048,147023758,5,0,0,512,7,10300876667
14099,79738260,66790577,146528837,8,0,0,26112,17,1648041275
14100,79741900,84973473,164715373,2,0,1,1024,13,1169833514
14101,79743910,85025465,164769375,5,0,1,12800,7,5046141908
14102,79744730,66722765,146467495,9,0,0,15872,17,7711828722
14103,79745420,66750214,146495634,6,0,0,13824,8,8860435786
14104,79745481,85025385,164770866,8,0,1,1024,17,9431997864
14105,79753340,85023532,164776872,1,0,1,8192,9,8729960046
14106,79754030,67936880,147690910,5,0,0,18944,7,3560927104
14107,79763170,67755984,147519154,1,0,0,27136,9,6919978395
14108,79765140,67502129,147267269,4,0,0,45056,13,8598347903
14109,79775850,85013302,164789152,7,0,1,5120,6,10521989686
14110,79776260,67707333,147483593,7,0,0,10240,6,3318966937
14111,79777940,85045261,164823201,7,0,1,4608,6,4138649890
14112,79780700,67058932,146839632,7,0,0,57856,6,3780039125
14113,79784900,85073757,164858657,7,0,1,2560,6,7317408314
14114,79797870,85060810,164858680,1,0,1,4096,9,7587313604
14115,79805410,66751792,146557202,4,0,0,3072,13,72635622
14116,79812340,66942144,146754484,9,0,0,4096,17,1750093185
14117,79825211,85059256,164884467,8,0,1,19968,17,9046997454
14118,79828890,67769436,147598326,0,0,0,61440,18,4788774934
14119,79829090,85091339,164920429,6,0,1,512,8,9458914861
14120,79838970,67039872,146878842,6,0,0,37888,8,6094981358
14121,79839100,66908572,146747672,9,0,0,3072,17,270812512
14122,79850250,67775364,147625614,6,0,0,5632,8,8768337329
14123,79860650,66822144,146682794,7,0,0,2048,6,7349767282
14124,79863400,85057052,164920452,5,0,1,2048,7,9101556380
14125,79867061,85053414,164920475,8,0,1,21504,17,10193130801
14126,79867120,85055192,164922312,9,0,1,4096,17,4827009271
14127,79878010,85076857,164954867,2,0,1,16384,13,4026652016
14128,79885430,67507945,147393375,7,0,0,86016,6,2186026969
14129,79886280,67335480,147221760,5,0,0,512,7,4648100119
14130,79894030,85076429,164970459,9,0,1,4608,17,1082888427
14131,79899680,67527572,147427252,4,0,0,24064,13,2571878579
14132,79904460,67049330,146953790,3,0,0,8192,7,4589334851
14133,79904700,67505436,147410136,3,0,0,11776,7,7876291395
14134,79915750,67300670,147216420,3,0,0,5632,7,3111080927
14135,79919380,67162646,147082026,1,0,0,14336,9,8143662585
14136,79919830,67560597,147480427,0,0,0,82944,18,5475373766
14137,79931319,67648264,147579583,5,0,0,53248,7,5179230642
14138,79931520,67409568,147341088,6,0,0,7680,8,4204458423
14139,79935640,85035587,164971227,2,0,1,11776,13,9949464349
14140,79949229,67062874,147012103,5,0,0,52224,7,2038419186
14141,79955500,85088028,165043528,0,0,1,6144,18,9720180000
14142,79957050,67923825,147880875,3,0,0,45568,7,2869759817
14143,79965780,67440745,147406525,0,0,0,15872,18,4086078699
14144,79966820,67210828,147177648,9,0,0,27136,17,5032318442
14145,79967200,67049466,147016666,5,0,0,14848,7,6730534781
14146,79970490,67353034,147323524,7,0,0,36864,6,9664774172
14147,79980370,67351133,147331503,5,0,0,26112,7,6842188783
14148,79980430,67672602,147653032,3,0,0,72192,7,4035360026
14149,79983060,67873121,147856181,3,0,0,83456,7,2933807642
14150,79984720,85060114,165044834,3,0,1,2048,7,6003140910
14151,79987710,67636165,147623875,0,0,0,32256,18,456839329
14152,79996160,67719817,147715977,3,0,0,6656,7,2609957127
14153,80007210,85047484,165054694,9,0,1,16896,17,614703530
14154,80009430,67242357,147251787,3,0,0,17408,7,2411305801
14155,80017750,67188005,147205755,7,0,0,5632,6,8423628645
14156,80023610,67484260,147507870,9,0,0,33792,17,5866416874
14157,80028230,85044361,165072591,6,0,1,1024,8,2172800336
14158,80029100,67087755,147116855,6,0,0,11264,8,1417746884
14159,80029379,68211280,148240659,5,0,0,84480,7,6583764035
14160,80031700,67628554,147660254,6,0,0,3584,8,6223602365
14161,80033040,85043737,165076777,7,0,1,6656,6,1743171495
14162,80049030,67440907,147489937,6,0,0,7168,8,8053382324
14163,80057500,68039509,148097009,1,0,0,11264,9,3445552790
14164,80064560,67337106,147401666,3,0,0,27136,7,9053145047
14165,80067880,85128692,165196572,5,0,1,12288,7,1062894449
14166,80074060,67792908,147866968,5,0,0,35328,7,4132037075
14167,80081670,85114925,165196595,3,0,1,8704,7,6808275207
14168,80096960,85453914,165550874,5,0,1,32768,7,406368719
14169,80110580,67228145,147338725,4,0,0,11776,13,7674672434
14170,80114740,67893367,148008107,0,0,0,177664,18,5388826320
14171,80119460,67904761,148024221,4,0,0,44032,13,3117333336
14172,80124780,85526263,165651043,1,0,1,9216,9,65129002
14173,80128070,85536669,165664739,6,0,1,4096,8,4212996273
14174,80130820,67673691,147804511,1,0,0,17920,9,6545978304
14175,80138230,67754680,147892910,9,0,0,39424,17,4115723636
14176,80146030,85518732,165664762,2,0,1,3072,13,3359578528
14177,80151571,85513214,165664785,8,0,1,8704,17,8040201414
14178,80151760,67859022,148010782,1,0,0,8704,9,1091007504
14179,80156270,85727535,165883805,9,0,1,18944,17,9527977691
14180,80158590,68156482,148315072,4,0,0,10240,13,916536733
14181,80159440,67183543,147342983,6,0,0,6144,8,2598428446
14182,80159760,85735448,165895208,0,0,1,4096,18,4145328236
14183,80176950,67253757,147430707,6,0,0,11264,8,5815172919
14184,80186140,67713977,147900117,0,0,0,23552,18,1484420284
14185,80209070,85801128,166010198,3,0,1,3072,7,511776160
14186,80211260,67843816,148055076,8,0,0,50688,17,9028914186
14187,80218890,85860306,166079196,0,0,1,2048,18,8377090207
14188,80226410,67969978,148196388,7,0,0,47616,6,8998380425
14189,80232870,67263210,147496080,5,0,0,19968,7,8315561517
14190,80235560,67284553,147520113,9,0,0,3072,17,3270844656
14191,80241290,68195260,148436550,3,0,0,29184,7,7896108154
14192,80242130,67482490,147724620,0,0,0,1536,18,9442121022
14193,80244121,86088651,166332772,8,0,1,43008,17,8467817956
14194,80265960,67766107,148032067,8,0,0,8704,17,479533976
14195,80267520,67822891,148090411,6,0,0,46592,8,8145091695
14196,80281260,67228996,147510256,9,0,0,7680,17,6866289911
14197,80292789,68212220,148505009,5,0,0,35328,7,6431931493
14198,80294980,67450991,147745971,5,0,0,8192,7,2193480473
14199,80295460,67363679,147659139,9,0,0,19968,17,3018020571
14200,80295580,67482139,147777719,3,0,0,4608,7,6034019554
14201,80304240,68270357,148574597,8,0,0,102400,17,7471798527
14202,80306010,86262582,166568592,0,0,1,512,18,9035721432
14203,80307230,86416561,166723791,0,0,1,25088,18,5559539929
14204,80313850,67368194,147682044,0,0,0,28160,18,2712809539
14205,80315850,68610160,148926010,0,0,0,23552,18,9224670864
14206,80322880,67878679,148201559,9,0,0,16896,17,5345364465
14207,80337960,67421710,147759670,4,0,0,7680,13,7739161516
14208,80338630,67935966,148274596,9,0,0,44544,17,4504975876
14209,80340660,86420115,166760775,2,0,1,16896,13,2150255126
14210,80344830,86481476,166826306,5,0,1,5120,7,10722346193
14211,80349511,67388789,147738300,2,0,0,38400,13,6969686881
14212,80357220,68315515,148672735,9,0,0,37376,17,5237331884
14213,80361400,67404211,147765611,0,0,0,10240,18,6808736734
14214,80373180,68730130,149103310,9,0,0,87040,17,6843681166
14215,80374020,86515597,166889617,1,0,1,4608,9,6500775443
14216,80398600,86497014,166895614,7,0,1,2048,6,613448030
14217,80400531,68338495,148739026,2,0,0,2048,13,9173553823
14218,80408450,86487187,166895637,2,0,1,9216,13,6436092983
14219,80412930,86484469,166897399,7,0,1,4096,6,7066902741
14220,80427890,67601502,148029392,3,0,0,16896,7,6271623244
14221,80428210,86542372,166970582,2,0,1,11776,13,3710953097
14222,80432730,68016791,148449521,1,0,0,42496,9,10631311153
14223,80437301,86796975,167234276,8,0,1,55296,17,8237994382
14224,80437810,67464514,147902324,3,0,0,7168,7,4188639068
14225,80452050,67641504,148093554,5,0,0,10240,7,5062685432
14226,80455670,67726187,148181857,7,0,0,21504,6,4060171097
14227,80457780,86882563,167340343,1,0,1,3584,9,3385329454
14228,80460150,86880216,167340366,1,0,1,1024,9,422957931
14229,80472010,67567591,148039601,1,0,0,10240,9,7260404644
14230,80473491,86868169,167341660,8,0,1,8192,17,3828560249
14231,80477220,67650259,148127479,0,0,0,57344,18,9662793158
14232,80483410,86906627,167390037,0,0,1,5632,18,8421453670
14233,80485100,67551358,148036458,7,0,0,14336,6,6400970811
14234,80494140,67863728,148357868,0,0,0,28672,18,4941309378
14235,80496860,67763486,148260346,1,0,0,64512,9,513959010
14236,80500560,86910138,167410698,6,0,1,11264,8,1290406916
14237,80510810,68781478,149292288,0,0,0,103424,18,10015847198
14238,80513880,68780303,149294183,4,0,0,6144,13,3288678311
14239,80514411,86897737,167412148,8,0,1,10240,17,5811535824
14240,80516210,67901394,148417604,7,0,0,58368,6,7927689096
14241,80519340,67537483,148056823,8,0,0,5632,17,627077378
14242,80529620,68208759,148738379,7,0,0,22016,6,2544294576
14243,80534260,86877911,167412171,7,0,1,5632,6,10662796283
14244,80535970,67725023,148260993,8,0,0,2048,17,10373414612
14245,80537360,67938009,148475369,7,0,0,3584,6,8902621340
14246,80537560,68115465,148653025,1,0,0,58368,9,8674339978
14247,80539999,67989151,148529150,5,0,0,25088,7,6956358573
14248,80551340,86903605,167454945,9,0,1,2048,17,4112935955
14249,80554100,67659213,148213313,0,0,0,12800,18,7728991252
14250,80568560,68312361,148880921,1,0,0,80384,9,1924504962
14251,80570230,67639152,148209382,8,0,0,25600,17,10680418384
14252,80587770,67791676,148379446,0,0,0,38912,18,7601331816
14253,80596360,67979196,148575556,3,0,0,3072,7,8724134870
14254,80596870,68123918,148720788,1,0,0,17408,9,276943378
14255,80599200,86855768,167454968,4,0,1,12800,13,4298218984
14256,80600670,67614226,148214896,8,0,0,5120,17,3691001890
14257,80614729,68755421,149370150,5,0,0,41984,7,1616157040
14258,80621280,86833711,167454991,6,0,1,1024,8,4604955013
14259,80630550,68786184,149416734,0,0,0,83968,18,6439552423
14260,80637080,68870635,149507715,9,0,0,4608,17,418385589
14261,80638960,68052228,148691188,0,0,0,15872,18,4423128818
14262,80639380,67741961,148381341,0,0,0,6144,18,8442094723
14263,80640680,67994538,148635218,7,0,0,18944,6,2327471168
14264,80648730,68300090,148948820,6,0,0,42496,8,7810997164
14265,80650120,67979303,148629423,4,0,0,48128,13,8212318938
14266,80663881,86791133,167455014,8,0,1,1536,17,6955725842
14267,80664040,68390517,149054557,7,0,0,18432,6,7159435220
14268,80666100,67849770,148515870,6,0,0,32256,8,712762657
14269,80683080,67744555,148427635,8,0,0,6656,17,749604960
14270,80689170,86765867,167455037,5,0,1,1024,7,7652592398
14271,80690051,86788934,167478985,8,0,1,2560,17,427663945
14272,80712630,67948694,148661324,8,0,0,10240,17,9583463018
14273,80713130,68061922,148775052,3,0,0,62464,7,2085338320
14274,80719630,68172078,148891708,0,0,0,35328,18,827374892
14275,80719750,68195762,148915512,5,0,0,17408,7,5205554151
14276,80737320,67938378,148675698,6,0,0,6656,8,9570138364
14277,80760570,86766692,167527262,0,0,1,4608,18,318213675
14278,80760810,86999150,167759960,0,0,1,21504,18,5235001333
14279,80766610,67919719,148686329,8,0,0,34816,17,6064649290
14280,80768030,68731660,149499690,3,0,0,29184,7,3067817651
14281,80768040,68386195,149154235,0,0,0,41984,18,5086837402
14282,80774360,67814692,148589052,7,0,0,39424,6,2149387833
14283,80778920,87079178,167858098,5,0,1,4096,7,3581974618
14284,80779300,67976697,148755997,8,0,0,26624,17,238201133
14285,80779930,68296837,149076767,7,0,0,19968,6,3744371391
14286,80793780,67935338,148729118,3,0,0,14848,7,7302933630
14287,80794520,67953342,148747862,4,0,0,15872,13,7295211882
14288,80796170,68002804,148798974,1,0,0,10752,9,1535868931
14289,80803400,68857750,149661150,6,0,0,77312,8,1374452014
14290,80818901,68219299,149038200,2,0,0,16896,13,5513151021
14291,80820780,68079398,148900178,4,0,0,9216,13,8004074175
14292,80826650,68904353,149731003,7,0,0,53248,6,8417054368
14293,80827780,68091031,148918811,8,0,0,10752,17,9913381925
14294,80828230,68081955,148910185,4,0,0,32768,13,6218598960
14295,80828350,67995063,148823413,0,0,0,6144,18,8301386878
14296,80832590,68428163,149260753,6,0,0,82944,8,1787753629
14297,80836310,68061037,148897347,9,0,0,18432,17,834704096
14298,80842970,87015151,167858121,3,0,1,6656,7,9101175110
14299,80845740,68262585,149108325,8,0,0,16384,17,7177477202
14300,80846800,87089383,167936183,6,0,1,6656,8,4036558242
14301,80855191,68276760,149131951,2,0,0,39424,13,8055737292
14302,80856160,68901527,149757687,5,0,0,44032,7,8523351946
14303,80859210,68094132,148953342,8,0,0,6656,17,6934027370
14304,80870520,68095739,148966259,7,0,0,11776,6,4128136810
14305,80878170,87094177,167972347,6,0,1,19456,8,10299613398
14306,80888690,87083680,167972370,1,0,1,1024,9,7418765593
14307,80892590,68425881,149318471,4,0,0,24576,13,1672427672
14308,80903740,87068653,167972393,3,0,1,1536,7,531613356
14309,80904470,68705099,149609569,9,0,0,15872,17,4004810232
14310,80908340,68305847,149214187,7,0,0,22528,6,1312555287
14311,80917510,68267931,149185441,5,0,0,7168,7,6991270114
14312,80923220,68567509,149490729,1,0,0,45568,9,4176271851
14313,80924710,68185354,149110064,1,0,0,5632,9,6558408132
14314,80927020,68872436,149799456,0,0,0,51200,18,7595296103
14315,80939930,68565087,149505017,9,0,0,17408,17,7812250616
14316,80947950,68643924,149591874,9,0,0,11264,17,2922893721
14317,80948610,87023806,167972416,0,0,1,14848,18,9810974868
14318,80960489,68754267,149714756,5,0,0,112128,7,9873608548
14319,80963010,68364553,149327563,8,0,0,8704,17,9824748791
14320,80965020,87098438,168063458,5,0,1,1536,7,6255245533
14321,80966930,68587524,149554454,1,0,0,4608,9,1353291839
14322,80973240,68907689,149880929,9,0,0,52736,17,8726990678
14323,80975069,87115388,168090457,4,0,1,7168,13,7205174109
14324,80977370,87125395,168102765,3,0,1,2048,7,10688935925
14325,80987490,68465453,149452943,4,0,0,25088,13,4431410126
14326,80989950,87116361,168106311,0,0,1,5632,18,7586828137
14327,80993230,68335604,149328834,8,0,0,4096,17,7519297575
14328,80999750,68902563,149902313,3,0,0,16384,7,10136523652
14329,81007921,87201836,168209757,8,0,1,1536,17,42167459
14330,81013099,68318263,149331362,5,0,0,5632,7,10547602031
14331,81024700,68309783,149334483,3,0,0,2560,7,5838620695
14332,81025210,87203919,168229129,4,0,1,14848,13,7277436201
14333,81032080,68704340,149736420,0,0,0,5632,18,1054601660
14334,81078270,68534576,149612846,1,0,0,5632,9,7689614296
14335,81080810,68390001,149470811,3,0,0,12288,7,6373018153
14336,81096501,68223108,149319609,2,0,0,3584,13,6144086500
14337,81100310,87133448,168233758,6,0,1,1024,8,8502299091
14338,81107200,68624138,149731338,0,0,0,1024,18,3377060134
14339,81112060,87183988,168296048,9,0,1,9216,17,2959226391
14340,81112361,87311815,168424176,8,0,1,512,17,7319501339
14341,81112850,68491860,149604710,9,0,0,39424,17,4577394665
14342,81114180,87310019,168424199,9,0,1,512,17,9454557967
14343,81114770,68691417,149806187,7,0,0,22016,6,10421884186
14344,81130240,68603773,149734013,9,0,0,8704,17,391958697
14345,81136020,68385808,149521828,3,0,0,17408,7,5089015918
14346,81141100,68365188,149506288,6,0,0,4096,8,1841213705
14347,81145630,68749282,149894912,6,0,0,25600,8,5700925310
14348,81152930,87276619,168429549,4,0,1,4096,13,4226355959
14349,81153900,68270984,149424884,8,0,0,11776,17,250849115
14350,81158720,68680621,149839341,4,0,0,23552,13,6389200890
14351,81160830,87381532,168542362,7,0,1,11776,6,5571571913
14352,81161131,68500666,149661797,2,0,0,2048,13,2045522442
14353,81162070,68761673,149923743,6,0,0,54784,8,1105620942
14354,81165950,87377398,168543348,1,0,1,1536,9,10466467818
14355,81171390,87690368,168861758,5,0,1,23552,7,1020613808
14356,81179710,87865372,169045082,3,0,1,2560,7,5189284876
14357,81180870,68372157,149553027,7,0,0,47104,6,4524547070
14358,81186191,68573464,149759655,2,0,0,5120,13,10073904883
14359,81189180,68652992,149842172,9,0,0,9216,17,8197894960
14360,81192790,87991237,169184027,4,0,1,16384,13,1280877909
14361,81193480,68841607,150035087,8,0,0,39936,17,4269275671
14362,81195960,69048336,150244296,6,0,0,24576,8,7918631568
14363,81197760,87995696,169193456,6,0,1,1536,8,8446596223
14364,81199230,68841808,150041038,4,0,0,19456,13,4835998648
14365,81211730,68876534,150088264,0,0,0,12800,18,9157381004
14366,81222480,68967285,150189765,4,0,0,48640,13,8726988143
14367,81225000,68639838,149864838,6,0,0,32768,8,10297476500
14368,81244310,68760925,150005235,9,0,0,57856,17,8793601879
14369,81244930,87948549,169193479,3,0,1,11264,7,3090862526
14370,81266110,68788639,150054749,3,0,0,3072,7,394529843
14371,81267940,87957513,169225453,3,0,1,1536,7,4745883375
14372,81269040,68618049,149887089,8,0,0,18944,17,8022682076
14373,81269430,68398515,149667945,3,0,0,6144,7,9737267536
14374,81287180,68994040,150281220,1,0,0,65024,9,8001059116
14375,81291310,69020173,150311483,6,0,0,36352,8,5012664761
14376,81291450,69108032,150399482,6,0,0,22016,8,841426584
14377,81294880,88005371,169300251,6,0,1,6656,8,6345809195
14378,81298930,68750890,150049820,0,0,0,22016,18,9987073910
14379,81300320,88088364,169388684,0,0,1,5632,18,467987879
14380,81304000,68977399,150281399,9,0,0,512,17,4219887787
14381,81315920,69251206,150567126,9,0,0,40960,17,2668139405
14382,81336739,68560536,149897275,5,0,0,7680,7,8268897029
14383,81339220,68683676,150022896,1,0,0,26112,9,5358047891
14384,81343830,68814221,150158051,9,0,0,13312,17,2389069101
14385,81351100,69031750,150382850,7,0,0,45568,6,2569853591
14386,81353980,68932746,150286726,1,0,0,17408,9,7297783589
14387,81358460,88030247,169388707,5,0,1,10752,7,7938090721
14388,81362950,68779752,150142702,0,0,0,18944,18,8464564332
14389,81364430,88050951,169415381,7,0,1,4608,6,5266625925
14390,81386640,68807836,150194476,9,0,0,15360,17,9750774208
14391,81386950,68903387,150290337,1,0,0,11776,9,9767526013
14392,81387670,69326296,150713966,1,0,0,16384,9,9821003438
14393,81388200,69096698,150484898,0,0,0,57856,18,2564613302
14394,81396140,68646949,150043089,0,0,0,6656,18,9784000091
14395,81396900,69056825,150453725,0,0,0,65536,18,5350560355
14396,81413491,68681766,150095257,2,0,0,7680,13,3532487760
14397,81421111,68753811,150174922,2,0,0,55296,13,1668709874
14398,81424020,69236705,150660725,8,0,0,25600,17,10729962364
14399,81426730,87990277,169417007,3,0,1,2560,7,4403082408
14400,81438890,88030563,169469453,1,0,1,3072,9,7139462801
14401,81457060,68677208,150134268,4,0,0,3584,13,9697232238
14402,81459211,69439813,150899024,2,0,0,133632,13,8997271182
14403,81462960,68837424,150300384,6,0,0,8192,8,9692963109
14404,81465880,69116477,150582357,1,0,0,40960,9,454481339
14405,81472620,68723439,150196059,4,0,0,5120,13,4452463873
14406,81481690,68596784,150078474,9,0,0,3072,17,2876829299
14407,81486360,68742637,150228997,8,0,0,15872,17,8483242060
14408,81490480,87981239,169471719,3,0,1,3584,7,2186729221
14409,81492550,88032460,169525010,6,0,1,11264,8,9256571853
14410,81494180,69547959,151042139,6,0,0,4096,8,6042769832
14411,81498950,68698380,150197330,0,0,0,4096,18,8399244083
14412,81505690,69021386,150527076,4,0,0,31744,13,3964271947
14413,81509241,69108971,150618212,2,0,0,10752,13,7916558496
14414,81512660,88109670,169622330,5,0,1,2560,7,1552371253
14415,81518430,69225471,150743901,3,0,0,41472,7,154270162
14416,81519711,69011132,150530843,2,0,0,12288,13,8764721370
14417,81526480,88117447,169643927,6,0,1,5120,8,1994444574
14418,81532120,88111830,169643950,3,0,1,8704,7,8036057345
14419,81541500,69639426,151180926,3,0,0,26112,7,2175741838
14420,81542060,69209509,150751569,5,0,0,6144,7,581397203
14421,81543830,68717555,150261385,0,0,0,11264,18,3520345666
14422,81546310,69257109,150803419,4,0,0,2560,13,10623918776
14423,81549410,68741582,150290992,0,0,0,2048,18,3675668846
14424,81553190,88198273,169751463,0,0,1,15360,18,5014858061
14425,81555070,69852937,151408007,9,0,0,5632,17,603191992
14426,81572340,68982283,150554623,1,0,0,49664,9,10067736811
14427,81575960,68777530,150353490,9,0,0,8192,17,403406850
14428,81579080,69910139,151489219,5,0,0,41984,7,9804745306
14429,81584540,69027065,150611605,0,0,0,8704,18,9438097455
14430,81591120,68940526,150531646,1,0,0,2560,9,2174113411
14431,81594680,68869136,150463816,6,0,0,3584,8,9101925441
14432,81606850,88277915,169884765,0,0,1,29184,18,3330308008
14433,81616780,69231360,150848140,0,0,0,59904,18,6540222691
14434,81619610,88288920,169908530,9,0,1,4096,17,1195269299
14435,81620600,68971924,150592524,1,0,0,4608,9,8826948851
14436,81626600,69026302,150652902,3,0,0,30208,7,3172469098
14437,81633770,88422585,170056355,5,0,1,49152,7,4623182780
14438,81639200,69165490,150804690,4,0,0,4096,13,6413856692
14439,81640870,69382492,151023362,1,0,0,64000,9,7766287886
14440,81643120,69080936,150724056,4,0,0,30720,13,6050334572
14441,81647681,69182184,150829865,2,0,0,22016,13,9530804311
14442,81649980,88476739,170126719,7,0,1,2560,6,3612638885
14443,81651330,69151286,150802616,7,0,0,79360,6,9443680042
14444,81657000,69682478,151339478,5,0,0,68608,7,4656784674
14445,81657810,69153218,150811028,5,0,0,6144,7,2568303271
14446,81663470,69097928,150761398,0,0,0,9216,18,3870583045
14447,81664020,69367235,151031255,1,0,0,8704,9,2668087987
14448,81664560,69502904,151167464,6,0,0,79872,8,2791048185
14449,81668371,69261437,150929808,2,0,0,3072,13,4939114547
14450,81668390,69250675,150919065,4,0,0,13312,13,1500642812
14451,81675290,69305943,150981233,4,0,0,27136,13,3016443526
14452,81675760,88450982,170126742,7,0,1,2560,6,9698095943
14453,81678500,69169819,150848319,9,0,0,512,17,4835253862
14454,81682550,69416619,151099169,7,0,0,38912,6,6807944282
14455,81682760,69129851,150812611,9,0,0,5120,17,10644838130
14456,81684010,88442763,170126773,6,0,1,2048,8,9772724224
14457,81686830,69511269,151198099,9,0,0,23040,17,8234099513
14458,81689470,88455944,170145414,2,0,1,7680,13,9172659095
14459,81690160,69969799,151659959,9,0,0,33792,17,9790812816
14460,81695840,69433168,151129008,4,0,0,7680,13,756993274
14461,81698200,88447245,170145445,9,0,1,5120,17,4993093526
14462,81698280,88470617,170168897,2,0,1,55808,13,8760623310
14463,81705030,69285755,150990785,3,0,0,1536,7,5205403839
14464,81706700,88655239,170361939,7,0,1,1536,6,7375389547
14465,81727960,69992929,151720889,1,0,0,15872,9,8534139542
14466,81734890,69322030,151056920,9,0,0,6656,17,5260416665
14467,81738670,69434277,151172947,7,0,0,17920,6,4510406125
14468,81739811,69555632,151295443,2,0,0,32768,13,8822728818
14469,81751230,70111850,151863080,1,0,0,49664,9,142206556
14470,81756190,69430129,151186319,8,0,0,3584,17,826095694
14471,81763950,69282009,151045959,3,0,0,512,7,2699475952
14472,81782780,69520642,151303422,0,0,0,26112,18,8932886951
14473,81796310,69814288,151610598,8,0,0,24064,17,1760915867
14474,81797090,69883371,151680461,6,0,0,9216,8,4506164111
14475,81806030,69416450,151222480,8,0,0,18944,17,7866855953
14476,81811790,69592197,151403987,4,0,0,32768,13,3380679329
14477,81818640,69539581,151358221,0,0,0,61440,18,7796868771
14478,81819790,88544415,170364205,7,0,1,3584,6,7711550347
14479,81821360,69278144,151099504,4,0,0,1024,13,10713917742
14480,81826541,69552474,151379015,2,0,0,26624,13,8839073831
14481,81831370,69373556,151204926,3,0,0,8704,7,10391744988
14482,81837180,70216550,152053730,8,0,0,49152,17,2224993179
14483,81841449,88583978,170425427,4,0,1,13312,13,3218667206
14484,81845500,88579950,170425450,6,0,1,1024,8,3283308007
14485,81846470,88579003,170425473,4,0,1,5120,13,9530169817
14486,81846550,69541301,151387851,5,0,0,13824,7,7418596961
14487,81847110,70128936,151976046,4,0,0,38400,13,3901949216
14488,81850440,69862623,151713063,6,0,0,46080,8,6472264683
14489,81860510,88635517,170496027,5,0,1,4608,7,4881417016
14490,81876790,69397365,151274155,4,0,0,13312,13,8496542545
14491,81877520,69348941,151226461,7,0,0,4096,6,9545901937
14492,81878610,69571679,151450289,7,0,0,7168,6,3797308837
14493,81885090,69608520,151493610,9,0,0,14336,17,5772445162
14494,81887490,69494980,151382470,0,0,0,11264,18,7678030758
14495,81888160,69505078,151393238,1,0,0,3584,9,9469403236
14496,81888461,70026111,151914572,2,0,0,57344,13,9533675362
14497,81891110,88604940,170496050,7,0,1,8704,6,2730924213
14498,81892590,88603491,170496081,5,0,1,6656,7,6218016079
14499,81897850,69578554,151476404,7,0,0,43520,6,486684742
14500,81899740,69471140,151370880,7,0,0,41472,6,2509265635
14501,81900231,69612369,151512600,2,0,0,35328,13,1245927438
14502,81904270,69595161,151499431,4,0,0,2048,13,5817760138
14503,81908240,69807186,151715426,8,0,0,7680,17,883047478
14504,81910729,69750813,151661542,5,0,0,5120,7,595907322
14505,81910889,69605634,151516523,5,0,0,12800,7,4334163362
14506,81914590,69669209,151583799,9,0,0,30720,17,3968684090
14507,81920551,69681390,151601941,2,0,0,29184,13,6254847763
14508,81931040,88635938,170566978,1,0,1,1024,9,497528597
14509,81942330,69463552,151405882,0,0,0,6144,18,1576371735
14510,81952840,70178644,152131484,0,0,0,15872,18,2091545774
14511,81972170,88657309,170629479,6,0,1,3584,8,2407469068
14512,81978990,69404626,151383616,3,0,0,3584,7,4598483399
14513,81983050,88646452,170629502,9,0,1,5120,17,1439983926
14514,81984580,69575710,151560290,9,0,0,27136,17,7761826738
14515,81985580,69607446,151593026,6,0,0,30208,8,4684994827
14516,81987529,70171912,152159441,5,0,0,3072,7,4861611602
14517,81988139,69400827,151388966,5,0,0,3584,7,874359044
14518,81991630,69557842,151549472,4,0,0,56832,13,9197949402
14519,82002620,88638112,170640732,2,0,1,8704,13,3935652816
14520,82002870,69823982,151826852,3,0,0,37376,7,6775622188
14521,82005310,88637688,170642998,1,0,1,3584,9,977471048
14522,82024590,88618754,170643344,4,0,1,512,13,10043212823
14523,82031090,70186264,152217354,4,0,0,9216,13,1741628481
14524,82037421,69485284,151522705,2,0,0,3584,13,9330545649
14525,82037790,88607180,170644970,0,0,1,2560,18,5651596313
14526,82046419,70078659,152125078,5,0,0,57344,7,6491077623
14527,82060480,69709255,151769735,4,0,0,8704,13,1195823528
14528,82069090,70176003,152245093,1,0,0,36352,9,2569143786
14529,82079900,69472091,151551991,6,0,0,8192,8,4059215967
14530,82084400,69743411,151827811,9,0,0,3072,17,139894156
14531,82084770,69518473,151603243,3,0,0,4096,7,5512271695
14532,82089880,70204196,152294076,8,0,0,8192,17,7353034770
14533,82101890,69924143,152026033,6,0,0,45568,8,7970010111
14534,82105360,69724571,151829931,1,0,0,6656,9,5342399200
14535,82109000,88612366,170721366,1,0,1,12800,9,514551619
14536,82112660,88658248,170770908,6,0,1,5120,8,7778161366
14537,82117440,69670671,151788111,4,0,0,7168,13,144508873
14538,82121160,69570381,151691541,6,0,0,6144,8,5569344897
14539,82121720,70169502,152291222,6,0,0,105472,8,9420018463
14540,82123900,70402660,152526560,9,0,0,22528,17,5526577318
14541,82135900,69963358,152099258,7,0,0,21504,6,2674133584
14542,82143150,88627781,170770931,7,0,1,2560,6,2865312195
14543,82144140,88634481,170778621,9,0,1,9216,17,9028096575
14544,82147260,69772138,151919398,4,0,0,12288,13,7421159535
14545,82150690,69917914,152068604,0,0,0,4608,18,10716576310
14546,82152780,88629176,170781956,7,0,1,1024,6,1059243068
14547,82154280,88630262,170784542,5,0,1,4096,7,7544130411
14548,82158180,69580462,151738642,7,0,0,1024,6,4027056510
14549,82159430,69871774,152031204,6,0,0,16896,8,7312820751
14550,82161360,69760245,151921605,3,0,0,7168,7,2484390322
14551,82165690,70024039,152189729,8,0,0,10240,17,8257058552
14552,82176660,88671514,170848174,9,0,1,1536,17,1818358175
14553,82181890,70185634,152367524,9,0,0,54272,17,5979693233
14554,82182110,70655466,152837576,4,0,0,133632,13,3293901522
14555,82185530,70120627,152306157,0,0,0,18944,18,1764832979
14556,82195950,88736760,170932710,1,0,1,11264,9,2012260916
14557,82198840,69857097,152055937,1,0,0,7168,9,3427300414
14558,82202160,69662838,151864998,3,0,0,2048,7,4751141843
14559,82212659,70097756,152310415,5,0,0,13824,7,497691936
14560,82215851,69716057,151931908,2,0,0,2048,13,1624908810
14561,82223760,88802646,171026406,2,0,1,3584,13,905107932
14562,82228550,69864133,152092683,3,0,0,20480,7,6082243679
14563,82228950,70018194,152247144,4,0,0,6656,13,9420937592
14564,82237560,69920922,152158482,4,0,0,34816,13,8269859375
14565,82246900,69923503,152170403,5,0,0,17920,7,9183238934
14566,82252350,70061684,152314034,7,0,0,11776,6,1304996000
14567,82258200,70058197,152316397,9,0,0,7680,17,185348750
14568,82260490,69847093,152107583,8,0,0,24064,17,5545500880
14569,82269400,69875776,152145176,6,0,0,20480,8,10422763899
14570,82271949,69892971,152164920,5,0,0,4608,7,1601139018
14571,82273740,69904892,152178632,7,0,0,512,6,4367310634
14572,82284110,69580241,151864351,9,0,0,4096,17,4524367230
14573,82284240,69707595,151991835,7,0,0,2048,6,8692352867
14574,82285320,69862531,152147851,1,0,0,8704,9,9707652681
14575,82285760,70082723,152368483,0,0,0,3072,18,8368352053
14576,82287620,88738809,171026429,4,0,1,3584,13,6539155172
14577,82310580,88715872,171026452,5,0,1,2560,7,9718451401
14578,82313440,70081976,152395416,4,0,0,43008,13,7924486978
14579,82313870,70027042,152340912,9,0,0,80384,17,9922123222
14580,82316520,70282482,152599002,8,0,0,2048,17,6756058957
14581,82316620,70398016,152714636,1,0,0,56320,9,4440111864
14582,82317090,70247677,152564767,6,0,0,512,8,3165624655
14583,82319340,69980999,152300339,3,0,0,20480,7,6543799450
14584,82327481,70237107,152564588,2,0,0,41472,13,2622289066
14585,82327539,70205908,152533447,5,0,0,22528,7,813057422
14586,82328860,88742491,171071351,5,0,1,27648,7,7576690018
14587,82329230,70110630,152439860,4,0,0,8704,13,7703081507
14588,82329880,70362731,152692611,4,0,0,4096,13,7453181069
14589,82334230,70259096,152593326,8,0,0,3584,17,775813719
14590,82344750,70003517,152348267,8,0,0,24064,17,335173095
14591,82353430,70496181,152849611,6,0,0,39424,8,6146316419
14592,82358460,69896557,152255017,8,0,0,8192,17,6673195646
14593,82360680,70052543,152413223,6,0,0,58368,8,9090278246
14594,82361240,70254216,152615456,7,0,0,47104,6,10365359475
14595,82366960,70006858,152373818,9,0,0,17408,17,6087010385
14596,82370290,69921267,152291557,4,0,0,1024,13,8895950440
14597,82378181,70092165,152470346,2,0,0,30720,13,186769567
14598,82383209,70383855,152767064,5,0,0,26624,7,6108144933
14599,82394400,69954046,152348446,4,0,0,512,13,3297641138
14600,82400020,70581735,152981755,3,0,0,46592,7,4948151941
14601,82409710,88757283,171166993,2,0,1,8704,13,5287711963
14602,82412320,70653072,153065392,0,0,0,30720,18,7204694300
14603,82415130,70640879,153056009,0,0,0,61952,18,1143238327
14604,82417430,70683547,153100977,4,0,0,52224,13,933176457
14605,82418310,88748901,171167211,6,0,1,10752,8,7179175480
14606,82422669,70483823,152906492,5,0,0,9728,7,6523202992
14607,82422790,70364607,152787397,6,0,0,31744,8,2042955020
14608,82434341,70333370,152767711,2,0,0,2048,13,7087771517
14609,82451840,70415670,152867510,6,0,0,24064,8,10020192389
14610,82453240,88771403,171224643,6,0,1,2560,8,7908971803
14611,82455640,69965158,152420798,9,0,0,7680,17,1425643971
14612,82459151,70164422,152623573,2,0,0,12800,13,9980070212
14613,82464860,88761409,171226269,7,0,1,2560,6,9267594387
14614,82467640,69883325,152350965,6,0,0,8192,8,3561416039
14615,82470060,70716493,153186553,1,0,0,14848,9,6082608555
14616,82472480,70171915,152644395,4,0,0,21504,13,10440228065
14617,82480800,70549392,153030192,9,0,0,36864,17,8238266125
14618,82485980,70392822,152878802,0,0,0,34304,18,2289461537
14619,82491280,70048545,152539825,6,0,0,1024,8,1706557469
14620,82500500,70277202,152777702,1,0,0,1536,9,7199697962
14621,82507150,88918094,171425244,9,0,1,22016,17,5628023099
14622,82508210,88946955,171455165,3,0,1,3072,7,4628939308
14623,82526770,70440766,152967536,1,0,0,82432,9,8750940123
14624,82533780,69952614,152486394,9,0,0,12800,17,10206722121
14625,82535170,70084480,152619650,4,0,0,12800,13,181350341
14626,82536310,70240901,152777211,4,0,0,12288,13,10116223700
14627,82542730,70173067,152715797,6,0,0,3584,8,2581379986
14628,82560140,88954574,171514714,0,0,1,3072,18,1791170217
14629,82562620,70455038,153017658,6,0,0,117760,8,6917779485
14630,82564729,70732303,153297032,5,0,0,7168,7,1216546377
14631,82566410,88981878,171548288,7,0,1,24576,6,7660351512
14632,82576680,70683006,153259686,4,0,0,52736,13,7482693561
14633,82582091,70327871,152909962,2,0,0,4608,13,4748613088
14634,82582920,70952904,153535824,8,0,0,4096,17,2629159336
14635,82589450,70476589,153066039,9,0,0,2048,17,6629921437
14636,82605229,70542511,153147740,5,0,0,18944,7,10689467691
14637,82607511,71071247,153678758,2,0,0,26112,13,10601164170
14638,82617200,70808480,153425680,6,0,0,57344,8,7082848588
14639,82619580,70997976,153617556,8,0,0,49152,17,9720686200
14640,82624630,89022493,171647123,6,0,1,11776,8,3207468714
14641,82627290,70408229,153035519,6,0,0,17408,8,9800060253
14642,82633730,70487238,153120968,1,0,0,65536,9,50006223
14643,82634960,70383969,153018929,0,0,0,4096,18,10151424493
14644,82642920,70269022,152911942,8,0,0,1024,17,7231545324
14645,82656920,70502231,153159151,8,0,0,37376,17,612185396
14646,82675970,88971176,171647146,0,0,1,8704,18,3613270716
14647,82681220,70754311,153435531,0,0,0,32256,18,10647354355
14648,82683080,70498926,153182006,8,0,0,18944,17,8359271743
14649,82684740,70578892,153263632,9,0,0,6656,17,9222385466
14650,82686890,88980621,171667511,0,0,1,9216,18,5561861889
14651,82687160,70556435,153243595,4,0,0,14336,13,5997614063
14652,82694930,70973196,153668126,8,0,0,75264,17,2399380426
14653,82697840,70161934,152859774,1,0,0,33280,9,8709153482
14654,82699670,89000434,171700104,3,0,1,512,7,6376913625
14655,82713900,70812418,153526318,8,0,0,36352,17,10421370843
14656,82719270,70728140,153447410,1,0,0,38912,9,4167360525
14657,82721370,70420575,153141945,1,0,0,41472,9,7442019490
14658,82722560,70768223,153490783,0,0,0,43520,18,9975030046
14659,82728940,70474258,153203198,6,0,0,10752,8,345856034
14660,82745879,70759903,153505782,5,0,0,49152,7,4793759222
14661,82754530,70330512,153085042,8,0,0,17408,17,8176312306
14662,82756151,70652026,153408177,2,0,0,113664,13,6893791240
14663,82764490,70770063,153534553,9,0,0,26624,17,8057569819
14664,82773830,70465374,153239204,1,0,0,30720,9,5225445765
14665,82782890,89265216,172048106,9,0,1,70656,17,3369626724
14666,82792340,89259952,172052292,2,0,1,6656,13,843047968
14667,82795600,89273433,172069033,0,0,1,8704,18,9892454194
14668,82803440,71175395,153978835,4,0,0,27648,13,1353135257
14669,82814980,70772250,153587230,1,0,0,68096,9,7461026927
14670,82815810,70657432,153473242,0,0,0,54784,18,4915722139
14671,82821080,70781454,153602534,0,0,0,48640,18,4739197440
14672,82824200,70102756,152926956,4,0,0,5632,13,7045149541
14673,82834750,71020971,153855721,8,0,0,17920,17,9108916382
14674,82842390,70672829,153515219,8,0,0,16384,17,1841212758
14675,82845291,70222487,153067778,2,0,0,5632,13,1849303909
14676,82848129,70936595,153784724,5,0,0,38400,7,9493498602
14677,82856810,70768265,153625075,9,0,0,24576,17,9259302228
14678,82866250,70777464,153643714,1,0,0,29696,9,8422970806
14679,82868250,70587763,153456013,1,0,0,28160,9,386767059
14680,82876330,70497192,153373522,1,0,0,39424,9,2187322016
14681,82881360,89591019,172472379,9,0,1,168960,17,4054928601
14682,82888610,70816580,153705190,0,0,0,19456,18,114722301
14683,82888820,70588680,153477500,4,0,0,8192,13,357673317
14684,82897640,70612564,153510204,3,0,0,12288,7,7805348838
14685,82904840,89605279,172510119,4,0,1,18944,13,9813906828
14686,82907080,71251816,154158896,0,0,0,94208,18,6588130131
14687,82910610,89601633,172512243,4,0,1,4608,13,3455463479
14688,82912810,70779214,153692024,8,0,0,21504,17,6641560574
14689,82914430,70379856,153294286,0,0,0,11264,18,2139328738
14690,82917110,70845246,153762356,5,0,0,27136,7,8199619950
14691,82919750,70117360,153037110,6,0,0,5120,8,1344158337
14692,82920420,89594089,172514509,7,0,1,3584,6,988707088
14693,82933230,89667463,172600693,4,0,1,10752,13,1272088812
14694,82936230,70948369,153884599,8,0,0,20480,17,4687506711
14695,82951410,89650265,172601675,0,0,1,6144,18,6380694360
14696,82962620,71517930,154480550,9,0,0,42496,17,6204823396
14697,82963000,70298581,153261581,1,0,0,6144,9,4792890414
14698,82968690,70300774,153269464,3,0,0,15360,7,10023655269
14699,82971780,70791847,153763627,8,0,0,4096,17,2192087515
14700,82974290,70904046,153878336,9,0,0,12800,17,1036581426
14701,82978340,71452843,154431183,5,0,0,73728,7,10190883114
14702,82981720,71064113,154045833,3,0,0,28160,7,3156815884
14703,82990120,70484861,153474981,8,0,0,5632,17,5257631203
14704,82990280,70307867,153298147,5,0,0,3584,7,5512410463
14705,82990890,70824862,153815752,0,0,0,38400,18,8501347772
14706,82998320,89611045,172609365,4,0,1,31744,13,6597659098
14707,83002360,89696173,172698533,9,0,1,48640,17,4085447142
14708,83008260,89690296,172698556,6,0,1,4608,8,2271650054
14709,83009490,70823408,153832898,0,0,0,18944,18,1921598773
14710,83010830,70529876,153540706,9,0,0,8192,17,6690024156
14711,83015190,90340884,173356074,9,0,1,267264,17,464119379
14712,83020240,70648221,153668461,5,0,0,1024,7,7105176366
14713,83022620,70483817,153506437,4,0,0,2048,13,9518624374
14714,83030980,71078849,154109829,5,0,0,8192,7,3466581515
14715,83034620,71548778,154583398,9,0,0,64000,17,3152849312
14716,83034770,70799867,153834637,1,0,0,5632,9,3883849722
14717,83039240,70667221,153706461,0,0,0,4096,18,5049999249
14718,83042480,90427602,173470082,9,0,1,38400,17,6503930518
14719,83043481,70748365,153791846,2,0,0,17408,13,6037549128
14720,83054990,90472638,173527628,6,0,1,9728,8,10340242454
14721,83055680,70400824,153456504,1,0,0,1536,9,8834840446
14722,83058240,90508665,173566905,9,0,1,47104,17,10441465241
14723,83059730,70834252,153893982,0,0,0,30720,18,6956985044
14724,83063420,71651867,154715287,8,0,0,71168,17,2320454964
14725,83066050,71177051,154243101,6,0,0,14848,8,8413654544
14726,83066450,90501761,173568211,4,0,1,2048,13,1092280314
14727,83068870,70948081,154016951,6,0,0,10752,8,9373799557
14728,83071130,70982728,154053858,1,0,0,26112,9,5866896347
14729,83082100,71015148,154097248,1,0,0,77824,9,3456018154
14730,83082570,90509682,173592252,1,0,1,7168,9,1524206609
14731,83083680,70648063,153731743,5,0,0,40960,7,8033613417
14732,83084330,70453857,153538187,1,0,0,7680,9,2909039724
14733,83085981,71261254,154347235,2,0,0,21504,13,4426834661
14734,83106621,71076033,154182654,2,0,0,64512,13,5933644799
14735,83106810,71117235,154224045,3,0,0,12800,7,5623713560
14736,83110331,70571577,153681908,2,0,0,512,13,3916573768
14737,83112350,71483083,154595433,0,0,0,39424,18,2126294679
14738,83112420,71225721,154338141,3,0,0,48128,7,7402477250
14739,83113240,71153034,154266274,5,0,0,4096,7,4018285819
14740,83117040,90475235,173592275,2,0,1,14336,13,10177116226
14741,83129230,71059882,154189112,5,0,0,18432,7,1199953644
14742,83130251,71172958,154303209,2,0,0,75264,13,8184209204
14743,83135480,90456818,173592298,6,0,1,1024,8,5613152503
14744,83137330,71596255,154733585,3,0,0,51200,7,1952409016
14745,83140070,70579170,153719240,0,0,0,6656,18,8971917165
14746,83140151,71183279,154323430,2,0,0,60416,13,6514988092
14747,83148570,71592470,154741040,1,0,0,24064,9,9752362161
14748,83148650,71034815,154183465,1,0,0,2560,9,3031945242
14749,83161930,71001045,154162975,3,0,0,13312,7,4242843738
14750,83162640,71457776,154620416,5,0,0,81920,7,4680072940
14751,83165950,71798628,154964578,4,0,0,55296,13,3475616109
14752,83169861,71231480,154401341,2,0,0,47104,13,4780175231
14753,83174530,90417791,173592321,6,0,1,512,8,9267901662
14754,83181810,70875971,154057781,3,0,0,12800,7,5493201791
14755,83184460,71164840,154349300,3,0,0,1024,7,8749761463
14756,83193570,90398911,173592481,6,0,1,1536,8,696622691
14757,83206110,71098682,154304792,8,0,0,5120,17,3313649701
14758,83222510,71612256,154834766,4,0,0,40960,13,3044003907
14759,83224530,71578486,154803016,3,0,0,35328,7,10065783197
14760,83225320,90476924,173702244,9,0,1,37888,17,25051240
14761,83225530,71447522,154673052,9,0,0,59392,17,7930720256
14762,83231570,90470697,173702267,5,0,1,1536,7,3083351315
14763,83232390,71176306,154408696,6,0,0,24064,8,3838734527
14764,83240591,71039655,154280246,2,0,0,43008,13,10689745704
14765,83244089,71195073,154439162,5,0,0,26112,7,9179629932
14766,83252490,90449800,173702290,7,0,1,5120,6,9797887551
14767,83253760,71811093,155064853,1,0,0,34816,9,3379005952
14768,83255550,71462412,154717962,0,0,0,8704,18,5269242462
14769,83261120,71935836,155196956,1,0,0,5632,9,9092674002
14770,83262681,71430899,154693580,2,0,0,23040,13,107192130
14771,83277630,70617738,153895368,4,0,0,4096,13,4801609107
14772,83286471,90415842,173702313,8,0,1,8704,17,3389442987
14773,83292780,90409556,173702336,1,0,1,10240,9,3050607837
14774,83304540,71674101,154978641,1,0,0,46080,9,6187798478
14775,83306680,72004703,155311383,3,0,0,64000,7,3335424388
14776,83313581,71729831,155043412,2,0,0,55808,13,9737835630
14777,83318680,71833638,155152318,3,0,0,49152,7,5289406032
14778,83332630,72037516,155370146,4,0,0,1024,13,3003030218
14779,83339910,90391312,173731222,6,0,1,15360,8,9595752654
14780,83350150,71132919,154483069,4,0,0,8192,13,5974839297
14781,83351291,71014097,154365388,2,0,0,5632,13,2195789798
14782,83352770,70995112,154347882,6,0,0,2048,8,5561170525
14783,83362710,72281063,155643773,4,0,0,61952,13,8353232941
14784,83366850,72702530,156069380,5,0,0,66560,7,4618730056
14785,83378550,71244252,154622802,9,0,0,7680,17,8945686041
14786,83378570,72322494,155701064,1,0,0,20992,9,9078827133
14787,83385790,71889120,155274910,3,0,0,16384,7,4950285524
14788,83399770,71125866,154525636,9,0,0,8192,17,5915522519
14789,83411600,71230518,154642118,4,0,0,15872,13,2106568295
14790,83416780,70951902,154368682,8,0,0,1536,17,8739202872
14791,83418050,70922610,154340660,6,0,0,8192,8,6872338803
14792,83418630,71206847,154625477,3,0,0,8704,7,5863841665
14793,83428501,71226432,154654933,2,0,0,41984,13,872363685
14794,83432311,71331615,154763926,2,0,0,4608,13,408016613
14795,83438390,72371420,155809810,9,0,0,8704,17,3750047418
14796,83438460,71629114,155067574,5,0,0,3584,7,10676496356
14797,83440060,71027095,154467155,8,0,0,44032,17,4386539577
14798,83446880,71076237,154523117,6,0,0,26112,8,6179452315
14799,83450011,71640012,155090023,2,0,0,69120,13,8067792601
14800,83457881,71223641,154681522,2,0,0,8192,13,6049069333
14801,83477560,72008459,155486019,9,0,0,12800,17,10408421068
14802,83477610,70965475,154443085,1,0,0,12800,9,10537117828
14803,83499550,71059858,154559408,5,0,0,3072,7,1695056193
14804,83509220,71118628,154627848,9,0,0,7680,17,7889078434
14805,83513330,72157433,155670763,8,0,0,19456,17,3201793736
14806,83519550,90211711,173731261,0,0,1,3584,18,5682358537
14807,83524430,71254788,154779218,3,0,0,19968,7,784704079
14808,83524850,90218803,173743653,5,0,1,11776,7,3793161991
14809,83526480,90319386,173845866,3,0,1,2048,7,6768935303
14810,83526860,71666123,155192983,9,0,0,31744,17,946410264
14811,83532180,90313709,173845889,6,0,1,3584,8,5102187779
14812,83535390,90423844,173959234,9,0,1,97792,17,6151745247
14813,83542270,90417003,173959273,1,0,1,4096,9,660392082
14814,83543560,71445244,154988804,9,0,0,33280,17,2772784875
14815,83547110,71605543,155152653,6,0,0,1024,8,4268001024
14816,83548120,71130883,154679003,5,0,0,19456,7,495970244
14817,83549260,71548430,155097690,1,0,0,25088,9,4966272528
14818,83560530,70993445,154553975,3,0,0,7168,7,10455102349
14819,83565830,72726394,156292224,5,0,0,12288,7,110796968
14820,83566500,72681203,156247703,1,0,0,50688,9,5829867174
14821,83577730,90381566,173959296,7,0,1,13824,6,6376437077
14822,83581000,90492627,174073627,9,0,1,39424,17,3237568808
14823,83582480,90491403,174073883,0,0,1,9216,18,10082301308
14824,83585120,71205302,154790422,0,0,0,20992,18,553260995
14825,83585940,71544442,155130382,1,0,0,15872,9,9574634570
14826,83592070,71151996,154744066,6,0,0,9728,8,815128665
14827,83595030,70931253,154526283,4,0,0,2048,13,1567029204
14828,83621350,70826088,154447438,3,0,0,10752,7,6514809605
14829,83623501,71779616,155403117,2,0,0,61440,13,8962157584
14830,83626750,90478033,174104783,2,0,1,5120,13,351861043
14831,83627580,71058957,154686537,5,0,0,16384,7,3636288397
14832,83629410,71292369,154921779,6,0,0,1024,8,3557704230
14833,83644310,90472375,174116685,3,0,1,4096,7,6856960688
14834,83651560,72759328,156410888,8,0,0,47616,17,9296458829
14835,83665220,71699037,155364257,4,0,0,22016,13,4598597338
14836,83665379,90451329,174116708,4,0,1,2560,13,5283018742
14837,83668100,71173397,154841497,8,0,0,22016,17,4788291633
14838,83676930,90766233,174443163,9,0,1,149504,17,9006760313
14839,83683370,90799781,174483151,0,0,1,12288,18,3195449749
14840,83690030,71364192,155054222,1,0,0,23552,9,4732936054
14841,83700980,71294774,154995754,8,0,0,15872,17,3587238169
14842,83704350,71217094,154921444,6,0,0,30208,8,423011277
14843,83713530,72800431,156513961,6,0,0,36352,8,914172052
14844,83719140,71848557,155567697,8,0,0,93696,17,1411663460
14845,83722450,90843007,174565457,9,0,1,85504,17,9854630401
14846,83728090,71432892,155160982,5,0,0,7680,7,5786141692
14847,83729600,71752496,155482096,4,0,0,27648,13,5938548922
14848,83734070,71209940,154944010,0,0,0,3584,18,3106316768
14849,83738100,90830263,174568363,6,0,1,4608,8,162743212
14850,83738740,90870576,174609316,6,0,1,3584,8,8282480556
14851,83747630,71504123,155251753,4,0,0,11776,13,6548710956
14852,83751920,71589865,155341785,8,0,0,15360,17,7695359520
14853,83752890,71424446,155177336,9,0,0,19456,17,6619156837
14854,83762690,71302731,155065421,1,0,0,512,9,2948115497
14855,83764130,90845209,174609339,3,0,1,11776,7,9624557493
14856,83771970,71765075,155537045,8,0,0,6656,17,7875290964
14857,83777400,72827587,156604987,0,0,0,16384,18,8957658284
14858,83779300,71590114,155369414,5,0,0,8704,7,3870695888
14859,83782510,71971883,155754393,9,0,0,30208,17,1032505361
14860,83789060,71676587,155465647,0,0,0,92160,18,5664165920
14861,83791910,72252136,156044046,4,0,0,22016,13,5724751416
14862,83800390,71246633,155047023,8,0,0,11776,17,2279857380
14863,83802080,71218578,155020658,6,0,0,24064,8,4283909944
14864,83803120,90806242,174609362,9,0,1,11776,17,4137337733
14865,83807940,90804845,174612785,2,0,1,8192,13,6550627960
14866,83809350,90819454,174628804,1,0,1,4608,9,5680785888
14867,83813290,71312164,155125454,6,0,0,29184,8,7000819367
14868,83828260,72349473,156177733,0,0,0,9216,18,5653872219
14869,83828450,72958210,156786660,0,0,0,33280,18,5566603905
14870,83829850,72260324,156090174,0,0,0,28672,18,10129872215
14871,83830750,71818841,155649591,8,0,0,3072,17,4077496540
14872,83844280,73049670,156893950,4,0,0,20480,13,4595140215
14873,83862140,72101357,155963497,5,0,0,15872,7,5653311418
14874,83862210,71273114,155135324,4,0,0,2560,13,6357214321
14875,83869510,71285662,155155172,5,0,0,8192,7,10622969104
14876,83869790,71195452,155065242,4,0,0,1024,13,7748363552
14877,83892080,71330600,155222680,1,0,0,22528,9,9526825447
14878,83892570,90750628,174643198,7,0,1,10752,6,7021945023
14879,83892890,71712389,155605279,8,0,0,7168,17,1108404481
14880,83893921,71835938,155729859,2,0,0,62976,13,10180275148
14881,83899170,90753670,174652840,1,0,1,5120,9,10081871567
14882,83920130,90734534,174654664,1,0,1,11264,9,8532341770
14883,83926240,71547409,155473649,0,0,0,26112,18,2271745506
14884,83929090,71300789,155229879,1,0,0,23552,9,3348713678
14885,83930750,71555760,155486510,0,0,0,1536,18,3807084779
14886,83931250,71717382,155648632,6,0,0,15872,8,3241607640
14887,83935620,73096317,157031937,1,0,0,11776,9,9661392027
14888,83939661,72553596,156493257,2,0,0,28672,13,3257277751
14889,83941150,90713873,174655023,1,0,1,9728,9,5512690153
14890,83949130,90741500,174690630,1,0,1,1024,9,896572273
14891,83950230,71827377,155777607,6,0,0,58368,8,7927964312
14892,83956141,71646908,155603049,2,0,0,98816,13,6488151602
14893,83960669,90733119,174693788,4,0,1,4096,13,9106610191
14894,83968060,71643203,155611263,6,0,0,10240,8,7021141566
14895,83969520,71434579,155404099,9,0,0,2560,17,6722869946
14896,83975600,90720842,174696442,1,0,1,5120,9,4534752393
14897,83975630,71442639,155418269,0,0,0,43008,18,5260455935
14898,83976580,71360502,155337082,5,0,0,8704,7,5346327522
14899,83980710,71536558,155517268,1,0,0,3072,9,3915203257
14900,83986740,71867217,155853957,6,0,0,86016,8,7369785828
14901,83989940,72589711,156579651,1,0,0,3584,9,9750200389
14902,84009310,71486664,155495974,4,0,0,6656,13,9031897646
14903,84013090,90685618,174698708,1,0,1,3584,9,5331183211
14904,84027250,71376046,155403296,6,0,0,512,8,8717752677
14905,84031531,71829336,155860867,2,0,0,9728,13,9983217467
14906,84041100,71493894,155534994,1,0,0,9216,9,5965183371
14907,84043480,71872541,155916021,8,0,0,24064,17,2829695566
14908,84044180,71813700,155857880,6,0,0,12800,8,7770842834
14909,84047690,71989625,156037315,1,0,0,60416,9,3670555218
14910,84048140,71884879,155933019,4,0,0,36864,13,3138713550
14911,84051860,71772677,155824537,0,0,0,4608,18,2701056813
14912,84067880,90649513,174717393,2,0,1,31744,13,3792311373
14913,84072880,71589751,155662631,6,0,0,7168,8,4946787387
14914,84082240,71893037,155975277,0,0,0,16896,18,7856250448
14915,84106320,90614263,174720583,3,0,1,4608,7,5415700152
14916,84111140,71791991,155903131,5,0,0,19456,7,4616774674
14917,84113070,71547331,155660401,5,0,0,35328,7,9795085651
14918,84120951,72049716,156170667,2,0,0,77312,13,3851319268
14919,84123560,71860788,155984348,6,0,0,29696,8,6798071492
14920,84130010,72139743,156269753,4,0,0,18944,13,380610386
14921,84136100,71598618,155734718,3,0,0,15872,7,2054943001
14922,84143071,72603116,156746187,2,0,0,28672,13,741474605
14923,84155030,71580023,155735053,0,0,0,1024,18,6064873734
14924,84155820,72036623,156192443,3,0,0,29184,7,1211624994
14925,84162360,71268197,155430557,0,0,0,8192,18,6669217568
14926,84163721,72515500,156679221,2,0,0,36864,13,6109636388
14927,84174540,71393804,155568344,8,0,0,2048,17,6605666057
14928,84175230,90577036,174752266,3,0,1,7168,7,4750870364
14929,84175260,72467679,156642939,3,0,0,6144,7,10560777296
14930,84198430,71882985,156081415,4,0,0,39424,13,10260079350
14931,84211600,71987262,156198862,9,0,0,20992,17,4984650683
14932,84217660,71518508,155736168,8,0,0,3584,17,6598760885
14933,84227810,71739922,155967732,6,0,0,13824,8,2384214131
14934,84236961,71862916,156099877,2,0,0,31744,13,5800687434
14935,84237321,71767987,156005308,2,0,0,12288,13,10722015733
14936,84249350,72098149,156347499,0,0,0,5120,18,1669225299
14937,84251190,72317865,156569055,7,0,0,4096,6,6793608786
14938,84264900,71856735,156121635,0,0,0,10240,18,7444640075
14939,84267920,71838734,156106654,1,0,0,15872,9,10084687365
14940,84281200,71767861,156049061,4,0,0,16384,13,4468771225
14941,84288520,71912081,156200601,5,0,0,5632,7,6223428460
14942,84295770,71806002,156101772,8,0,0,6144,17,10725604474
14943,84304540,72247383,156551923,6,0,0,3584,8,1605609625
14944,84307850,71499262,155807112,5,0,0,6656,7,10081152900
14945,84317120,72578881,156896001,0,0,0,6656,18,5597905226
14946,84328080,72061413,156389493,9,0,0,10752,17,9758881361
14947,84332531,71623010,155955541,2,0,0,35840,13,3577319264
14948,84336070,71952387,156288457,3,0,0,19968,7,7629485173
14949,84339180,72156284,156495464,1,0,0,7168,9,2088387195
14950,84347731,71884505,156232236,2,0,0,20480,13,3001698537
14951,84350350,72876798,157227148,3,0,0,56832,7,1405445258
14952,84353700,71633487,155987187,6,0,0,9216,8,6461239995
14953,84354580,90425509,174780089,1,0,1,3584,9,8482510385
14954,84361220,71813682,156174902,0,0,0,13824,18,7128760657
14955,84367300,72677375,157044675,0,0,0,23040,18,2498126910
14956,84371460,72560946,156932406,8,0,0,10240,17,3448521023
14957,84372500,72174362,156546862,6,0,0,45568,8,1377802785
14958,84373250,71890708,156263958,6,0,0,53248,8,1544665603
14959,84378031,72487682,156865713,2,0,0,26624,13,5571614515
14960,84382960,71914943,156297903,8,0,0,8704,17,5630577738
14961,84386180,71727540,156113720,4,0,0,23040,13,491217872
14962,84389500,90397499,174786999,6,0,1,4608,8,7097158711
14963,84401750,71594268,155996018,1,0,0,12288,9,1260158361
14964,84407720,71599015,156006735,0,0,0,4608,18,9484554531
14965,84421710,71781098,156202808,0,0,0,7168,18,2086268639
14966,84426780,90360242,174787022,2,0,1,9728,13,7969305182
14967,84429990,72012258,156442248,6,0,0,1536,8,3264460025
14968,84439841,71557509,155997350,2,0,0,1536,13,2177855378
14969,84445200,71827875,156273075,9,0,0,10752,17,1412520197
14970,84449550,72549741,156999291,3,0,0,40448,7,6423974925
14971,84454230,90335472,174789702,0,0,1,15360,18,9471133428
14972,84467480,72110235,156577715,9,0,0,19456,17,8337434865
14973,84474410,90317383,174791793,6,0,1,512,8,1414404046
14974,84477190,71735469,156212659,6,0,0,32256,8,1829020555
14975,84486630,90306469,174793099,0,0,1,2048,18,4418422976
14976,84491690,72609565,157101255,1,0,0,67584,9,2607783127
14977,84501470,71714184,156215654,8,0,0,9728,17,961012465
14978,84505421,71496120,156001541,2,0,0,9728,13,5188904971
14979,84508300,71675228,156183528,4,0,0,18944,13,2936045439
14980,84508650,90288955,174797605,3,0,1,7168,7,3230512796
14981,84510509,90317403,174827912,4,0,1,6144,13,4453724517
14982,84514750,72853356,157368106,4,0,0,54784,13,1913360514
14983,84516610,71895956,156412566,4,0,0,1024,13,8737639658
14984,84517640,90314458,174832098,1,0,1,6656,9,1214175719
14985,84518080,71804684,156322764,1,0,0,19968,9,8978822900
14986,84520849,90319296,174840145,4,0,1,2048,13,3414527411
14987,84529970,71588522,156118492,4,0,0,15360,13,8379594765
14988,84531850,71694123,156225973,9,0,0,33792,17,7775935613
14989,84548550,90296421,174844971,2,0,1,7680,13,9070745038
14990,84555990,90299786,174855776,3,0,1,20992,7,7543313745
14991,84560840,90368355,174929195,2,0,1,25600,13,6221484109
14992,84569860,71786212,156356072,4,0,0,18944,13,9922646694
14993,84571830,73474240,158046070,9,0,0,14336,17,5757885089
14994,84572780,72906824,157479604,5,0,0,11264,7,6313974697
14995,84573000,90357501,174930501,7,0,1,2048,6,7277841800
14996,84577780,90353707,174931487,7,0,1,1536,6,34424992
14997,84579921,73169809,157749730,2,0,0,34304,13,5503266493
14998,84587280,90374393,174961673,7,0,1,24064,6,423626981
14999,84604200,72719691,157323891,8,0,0,100352,17,4278888655
15000,84609780,72827759,157437539,5,0,0,37376,7,8969705278
15001,84612230,90366448,174978678,2,0,1,12288,13,1678783100
15002,84615680,73328330,157944010,1,0,0,14336,9,712043697
15003,84617630,72023414,156641044,8,0,0,76288,17,10463264463
15004,84625080,90353621,174978701,2,0,1,1536,13,9243859205
15005,84638580,72202704,156841284,9,0,0,15872,17,870174060
15006,84638880,90364698,175003578,6,0,1,7680,8,8736336057
15007,84640349,90372479,175012828,0,0,1,5120,18,8152822286
15008,84650170,72148556,156798726,5,0,0,5120,7,7516303474
15009,84652680,90386936,175039616,1,0,1,28672,9,9192982672
15010,84671090,72136301,156807391,6,0,0,21504,8,3379759458
15011,84675950,72159567,156835517,5,0,0,10240,7,3697500702
15012,84679060,71867981,156547041,9,0,0,512,17,6849757727
15013,84682160,90357479,175039639,6,0,1,1536,8,4654696811
15014,84691530,72084967,156776497,8,0,0,45056,17,357281460
15015,84696350,90343312,175039662,1,0,1,5120,9,1230280929
15016,84703470,90344048,175047518,6,0,1,8192,8,7735674820
15017,84706760,71627407,156334167,4,0,0,11776,13,3679889217
15018,84710350,72086793,156797143,5,0,0,34304,7,303848328
15019,84711310,71896664,156607974,3,0,0,9728,7,7751240069
15020,84734160,71725714,156459874,8,0,0,24064,17,3176418479
15021,84747900,90347441,175095341,9,0,1,1536,17,5649010199
15022,84749990,72368622,157118612,3,0,0,25600,7,10365322424
15023,84761280,72183011,156944291,5,0,0,8192,7,8584901909
15024,84769040,72350999,157120039,9,0,0,4608,17,8204446031
15025,84773581,73031349,157804930,2,0,0,4608,13,5980875248
15026,84780780,90334904,175115684,2,0,1,14336,13,4336214661
15027,84788260,72035160,156823420,9,0,0,7168,17,919631145
15028,84795400,71967346,156762746,8,0,0,54272,17,1488189963
15029,84797990,72049526,156847516,1,0,0,10240,9,7541561796
15030,84801870,71997659,156799529,6,0,0,2560,8,1761824403
15031,84803580,72112236,156915816,7,0,0,8704,6,7722323186
15032,84806010,72722949,157528959,6,0,0,55296,8,1769559775
15033,84820850,90297740,175118590,9,0,1,4608,17,5961983062
15034,84823261,72602813,157426074,2,0,0,88576,13,6357513825
15035,84829980,72379829,157209809,1,0,0,77312,9,190056814
15036,84836590,72498983,157335573,8,0,0,5632,17,1679211423
15037,84843580,90276316,175119896,6,0,1,2048,8,6201066670
15038,84848400,90349795,175198195,6,0,1,36864,8,2429448894
15039,84851871,72288026,157139897,2,0,0,36864,13,9321096890
15040,84855760,72031038,156886798,9,0,0,2048,17,4540128671
15041,84867940,71985839,156853779,3,0,0,20480,7,10020492036
15042,84868129,90453042,175321171,4,0,1,6656,13,1657836662
15043,84868470,72064739,156933209,1,0,0,2560,9,795834382
15044,84873240,72382803,157256043,5,0,0,44032,7,1384027411
15045,84879750,72148576,157028326,8,0,0,33280,17,1853669895
15046,84886300,72708641,157594941,5,0,0,33792,7,1031458599
15047,84902070,71825585,156727655,9,0,0,10240,17,3098030091
15048,84904130,90417064,175321194,2,0,1,15872,13,5955422008
15049,84907020,72329534,157236554,3,0,0,3584,7,9221013982
15050,84910080,90553644,175463724,1,0,1,2048,9,5977342359
15051,84914510,72467971,157382481,4,0,0,47104,13,6419096640
15052,84915160,71951668,156866828,4,0,0,3584,13,9198567145
15053,84923080,72465352,157388432,4,0,0,19456,13,8626195120
15054,84926060,71874740,156800800,1,0,0,4096,9,7770464626
15055,84926750,72002505,156929255,3,0,0,44032,7,1035868745
15056,84931360,72197282,157128642,5,0,0,28160,7,9286539476
15057,84932270,72133322,157065592,9,0,0,28160,17,8010276259
15058,84939450,72923266,157862716,1,0,0,36864,9,9291686906
15059,84943671,72836952,157780623,2,0,0,87552,13,7040304602
15060,84946260,72384275,157330535,4,0,0,21504,13,7965104330
15061,84973060,72655147,157628207,8,0,0,15360,17,7755630225
15062,84988221,72194086,157182307,2,0,0,21504,13,7642159422
15063,84989400,72247957,157237357,1,0,0,2560,9,4694867502
15064,84992560,71688244,156680804,9,0,0,5120,17,380322247
15065,84993880,71978574,156972454,6,0,0,15872,8,9424306373
15066,85003760,73184708,158188468,5,0,0,41984,7,5387198040
15067,85013400,72716985,157730385,8,0,0,73728,17,297883934
15068,85015210,72566513,157581723,9,0,0,32768,17,7922911400
15069,85023290,72051239,157074529,3,0,0,6656,7,6515173718
15070,85024900,90440770,175465670,2,0,1,3072,13,3159286670
15071,85028140,73294603,158322743,3,0,0,35840,7,6423372654
15072,85029189,90493335,175522524,4,0,1,6144,13,4054707342
15073,85035620,71946563,156982183,6,0,0,7168,8,1156446817
15074,85036230,90488560,175524790,7,0,1,3584,6,683835623
15075,85036700,72496985,157533685,1,0,0,8192,9,97378780
15076,85043280,72192159,157235439,8,0,0,27136,17,7783058386
15077,85049850,72060939,157110789,5,0,0,17408,7,4489401609
15078,85050330,72969343,158019673,1,0,0,72704,9,5610999177
15079,85053290,73335135,158388425,6,0,0,9216,8,2766460315
15080,85060860,90464276,175525136,5,0,1,512,7,5962791272
15081,85065170,73401957,158467127,6,0,0,79872,8,7396912901
15082,85074210,72382233,157456443,4,0,0,31744,13,6149686739
15083,85076631,71979247,157055878,2,0,0,5120,13,332216521
15084,85089420,90524797,175614217,3,0,1,20480,7,3094831123
15085,85103630,72058973,157162603,8,0,0,12288,17,841863543
15086,85106050,91094746,176200796,6,0,1,178688,8,9123516517
15087,85106760,91094059,176200819,5,0,1,1024,7,2462065883
15088,85108230,72422936,157531166,4,0,0,7168,13,6945446329
15089,85112660,91088182,176200842,2,0,1,2048,13,6169159446
15090,85118750,73465659,158584409,5,0,0,90624,7,7814006543
15091,85119040,91081825,176200865,9,0,1,4608,17,10217461790
15092,85119720,72550965,157670685,1,0,0,31232,9,3668494018
15093,85129930,72668280,157798210,8,0,0,8704,17,3361909697
15094,85130700,72662316,157793016,4,0,0,12800,13,6795629780
15095,85146060,72912201,158058261,9,0,0,39936,17,1033498915
15096,85151261,72545787,157697048,2,0,0,4096,13,637620576
15097,85158010,73001039,158159049,9,0,0,8192,17,3211310676
15098,85158210,72028020,157186230,5,0,0,12800,7,5346128900
15099,85160710,72173124,157333834,9,0,0,10752,17,7477373422
15100,85164010,72172834,157336844,5,0,0,4096,7,292262108
15101,85164059,91036829,176200888,4,0,1,4608,13,87550477
15102,85189570,91011341,176200911,1,0,1,3072,9,7783448943
15103,85192420,91008514,176200934,2,0,1,4096,13,5095539913
15104,85198120,72794363,157992483,9,0,0,16384,17,4550660704
15105,85200770,73441353,158642123,4,0,0,41984,13,6645156714
15106,85205341,72033101,157238442,2,0,0,512,13,8970614514
15107,85207060,73292162,158499222,9,0,0,39936,17,5634007505
15108,85209400,72573274,157782674,6,0,0,6656,8,2937675151
15109,85209760,73016568,158226328,1,0,0,76288,9,7844221687
15110,85212370,73039430,158251800,8,0,0,37376,17,3235575959
15111,85228210,72909698,158137908,3,0,0,69120,7,3812700328
15112,85230840,72168223,157399063,8,0,0,34816,17,6719712510
15113,85235120,72702918,157938038,8,0,0,5632,17,3431547835
15114,85242680,72511093,157753773,1,0,0,1024,9,1977240025
15115,85250000,72811739,158061739,1,0,0,11264,9,1505524828
15116,85251980,72770524,158022504,6,0,0,9216,8,9464980054
15117,85263440,72335112,157598552,0,0,0,11776,18,8200025867
15118,85265859,90935098,176200957,0,0,1,1024,18,4669577262
15119,85289640,72604101,157893741,4,0,0,29184,13,3617445933
15120,85296360,72286166,157582526,4,0,0,2560,13,8578833965
15121,85325160,72165287,157490447,9,0,0,19456,17,10099297764
15122,85327990,72967696,158295686,1,0,0,50176,9,852667047
15123,85328910,72517652,157846562,8,0,0,75264,17,10428505867
15124,85341530,72982047,158323577,4,0,0,2560,13,1177330701
15125,85341650,72853237,158194887,5,0,0,20992,7,4451779138
15126,85342519,90858461,176200980,4,0,1,7168,13,6631375046
15127,85344410,91458213,176802623,6,0,1,286720,8,9762627054
15128,85346900,91459269,176806169,7,0,1,5632,6,4198433347
15129,85350570,91495626,176846196,6,0,1,47616,8,7197989359
15130,85372210,73459738,158831948,6,0,0,12800,8,10642186170
15131,85382780,72561721,157944501,9,0,0,1536,17,360537983
15132,85383070,72324828,157707898,5,0,0,23040,7,46284428
15133,85412060,72524239,157936299,5,0,0,35840,7,10505214719
15134,85412940,91565451,176978391,6,0,1,84480,8,2940471949
15135,85415790,72379745,157795535,9,0,0,8192,17,1268239722
15136,85421050,73253488,158674538,3,0,0,30208,7,8763422365
15137,85422470,72924085,158346555,3,0,0,23552,7,9238935651
15138,85424650,72364443,157789093,4,0,0,20992,13,9260582663
15139,85427990,73411321,158839311,3,0,0,24064,7,1479444477
15140,85428290,72205461,157633751,4,0,0,3584,13,3091365911
15141,85430870,73160426,158591296,3,0,0,22528,7,5587473872
15142,85436420,72561078,157997498,3,0,0,16384,7,2793952764
15143,85444090,72646859,158090949,3,0,0,10752,7,482335084
15144,85452801,72827574,158280375,2,0,0,62464,13,8561882352
15145,85468770,73679052,159147822,1,0,0,69120,9,6451579557
15146,85474100,73473117,158947217,4,0,0,127488,13,10372954523
15147,85477950,72861406,158339356,4,0,0,51712,13,6482102515
15148,85480640,72444716,157925356,0,0,0,30720,18,7748265130
15149,85492380,72977110,158469490,5,0,0,7680,7,4770216486
15150,85500040,73504815,159004855,3,0,0,53760,7,7697175251
15151,85501460,91495481,176996941,7,0,1,1536,6,971241325
15152,85503150,72698320,158201470,0,0,0,21504,18,783127339
15153,85504030,73279945,158783975,6,0,0,11264,8,6737627060
15154,85507591,72091608,157599199,2,0,0,2048,13,9280392572
15155,85514050,91482914,176996964,7,0,1,2048,6,6298744418
15156,85521120,73663142,159184262,1,0,0,21504,9,1374931133
15157,85521231,72879620,158400851,2,0,0,15360,13,8291094460
15158,85524860,91472127,176996987,4,0,1,2560,13,10284551730
15159,85531340,72316961,157848301,5,0,0,5632,7,9464136077
15160,85532900,72900291,158433191,0,0,0,19968,18,7290669650
15161,85534050,72497148,158031198,0,0,0,20480,18,187216747
15162,85534891,74021707,159556598,2,0,0,51712,13,2641322168
15163,85535440,91463648,176999088,7,0,1,3584,6,10076192376
15164,85556880,73498355,159055235,9,0,0,62464,17,7376370528
15165,85561340,72956852,158518192,5,0,0,31232,7,1159752022
15166,85566460,73771977,159338437,3,0,0,119808,7,5615779463
15167,85566780,72663783,158230563,6,0,0,13824,8,7863631967
15168,85569660,73401742,158971402,5,0,0,11776,7,7928439246
15169,85606890,72463167,158070057,3,0,0,23552,7,1523772848
15170,85610200,73802436,159412636,9,0,0,29184,17,10261099885
15171,85620070,74206788,159826858,0,0,0,21504,18,1539349468
15172,85620120,74105103,159725223,3,0,0,17920,7,2631598308
15173,85625110,91374644,176999754,1,0,1,11264,9,7772395743
15174,85627101,74423498,160050599,2,0,0,81920,13,1657280390
15175,85628470,74284227,159912697,6,0,0,46592,8,7831512824
15176,85631990,91382211,177014201,9,0,1,8192,17,6840661177
15177,85647410,73466800,159114210,1,0,0,512,9,7466150353
15178,85653731,72602171,158255902,2,0,0,12288,13,9859527275
15179,85663930,74009886,159673816,5,0,0,7680,7,1303327704
15180,85670970,73889518,159560488,1,0,0,6656,9,7832344503
15181,85677700,91336524,177014224,2,0,1,3072,13,7579870033
15182,85689960,91546050,177236010,6,0,1,135168,8,4626406704
15183,85690830,73071682,158762512,0,0,0,69632,18,3482817068
15184,85691420,73136605,158828025,1,0,0,49664,9,10489785934
15185,85696461,72831270,158527731,2,0,0,31232,13,2179060479
15186,85709001,72543134,158252135,2,0,0,1024,13,3274573611
15187,85713950,72951361,158665311,4,0,0,50176,13,6419482950
15188,85732370,72705056,158437426,3,0,0,13824,7,4538808351
15189,85741400,91518119,177259519,5,0,1,1536,7,10341176636
15190,85747070,74150285,159897355,9,0,0,41984,17,2918983824
15191,85748260,72361236,158109496,9,0,0,4608,17,6361870766
15192,85750710,73201146,158951856,3,0,0,14848,7,8032338038
15193,85757100,73450028,159207128,0,0,0,13312,18,3242531785
15194,85758670,72593368,158352038,6,0,0,17920,8,9059621298
15195,85769760,73040982,158810742,1,0,0,5120,9,1995147071
15196,85771370,73431679,159203049,1,0,0,5632,9,2137014871
15197,85774990,72428063,158203053,5,0,0,5120,7,10382958109
15198,85777590,73438946,159216536,9,0,0,14336,17,7494266152
15199,85778470,74329123,160107593,4,0,0,10752,13,7400356633
15200,85779060,72532740,158311800,6,0,0,45056,8,4393647314
15201,85782620,73857952,159640572,3,0,0,23552,7,7226076842
15202,85784821,73065612,158850433,2,0,0,17920,13,2103201631
15203,85787170,73201282,158988452,4,0,0,31232,13,9289265475
15204,85809000,72896058,158705058,0,0,0,12288,18,877629831
15205,85811350,72486699,158298049,9,0,0,7680,17,2693069699
15206,85818050,72873047,158691097,1,0,0,54272,9,10207282247
15207,85820451,73533796,159354247,2,0,0,9216,13,10296745929
15208,85828100,73150813,158978913,6,0,0,24576,8,1193162523
15209,85830970,74397600,160228570,3,0,0,512,7,1036285979
15210,85837380,73288142,159125522,6,0,0,4096,8,1182697269
15211,85856811,73155298,159012109,2,0,0,11776,13,3977193547
15212,85868521,72976429,158844950,2,0,0,18432,13,5194906516
15213,85890260,91371205,177261465,9,0,1,3072,17,2766721194
15214,85896950,72530134,158427084,4,0,0,10752,13,1937964683
15215,85897500,73195135,159092635,5,0,0,19456,7,7009803786
15216,85906180,91355439,177261619,3,0,1,8704,7,7147308332
15217,85911830,73388653,159300483,9,0,0,41984,17,8753138931
15218,85913690,74411273,160324963,9,0,0,29184,17,9714670570
15219,85915640,73335204,159250844,1,0,0,91648,9,5228469362
15220,85920740,91347516,177268256,7,0,1,12288,6,2750634659
15221,85938060,73500813,159438873,9,0,0,4608,17,94189117
15222,85941920,73598830,159540750,9,0,0,33280,17,2896444994
15223,85943991,73928624,159872615,2,0,0,18944,13,408668338
15224,85950220,73778067,159728287,8,0,0,6656,17,2819872964
15225,85952140,91323962,177276102,7,0,1,7680,6,5633787512
15226,85958380,91383683,177342063,6,0,1,10240,8,5273126818
15227,85985510,91356576,177342086,4,0,1,5632,13,433023860
15228,86007860,74603013,160610873,6,0,0,65024,8,5991882441
15229,86010750,72595835,158606585,0,0,0,4096,18,9368508928
15230,86014290,73404234,159418524,5,0,0,17920,7,2777745326
15231,86019410,73480249,159499659,3,0,0,21504,7,7372862708
15232,86031480,91310629,177342109,2,0,1,1536,13,8401916712
15233,86049120,74300537,160349657,4,0,0,78848,13,4830473894
15234,86049260,74080767,160130027,0,0,0,13824,18,9245684870
15235,86063830,73738479,159802309,6,0,0,12800,8,5343059805
15236,86064110,91278022,177342132,5,0,1,6144,7,1620879279
15237,86064710,74199854,160264564,5,0,0,29184,7,7715559087
15238,86077330,91386073,177463403,6,0,1,56832,8,2817932459
15239,86084300,73494517,159578817,0,0,0,58368,18,8491131319
15240,86084320,72685051,158769371,1,0,0,8704,9,5184510355
15241,86086380,72922110,159008490,5,0,0,11776,7,8514112610
15242,86088581,91441557,177530138,8,0,1,22016,17,2657414020
15243,86095580,72375181,158470761,4,0,0,4096,13,7939413651
15244,86107410,72656997,158764407,1,0,0,6144,9,3861510043
15245,86107670,91425054,177532724,9,0,1,4096,17,10331857069
15246,86113130,73290583,159403713,0,0,0,35328,18,418604651
15247,86132690,73260205,159392895,9,0,0,37376,17,8652994291
15248,86135371,73216037,159351408,2,0,0,42496,13,4783849368
15249,86141750,73239726,159381476,1,0,0,57344,9,2836908681
15250,86152030,72654913,158806943,6,0,0,10240,8,9493730047
15251,86153500,72904003,159057503,6,0,0,3584,8,7033982224
15252,86154970,73349704,159504674,7,0,0,16384,6,7080755601
15253,86161500,91397054,177558554,7,0,1,1536,6,847384010
15254,86164540,72694280,158858820,6,0,0,6656,8,1880516235
15255,86167560,73803356,159970916,6,0,0,2048,8,7522227279
15256,86172620,73005067,159177687,9,0,0,23552,17,7517251929
15257,86188010,73266211,159454221,6,0,0,34816,8,8737114936
15258,86191591,73337768,159529359,2,0,0,33280,13,186671919
15259,86201120,91357780,177558900,9,0,1,512,17,479045685
15260,86205960,73564592,159770552,5,0,0,88576,7,4379793284
15261,86206170,72761621,158967791,1,0,0,52224,9,7802296276
15262,86219470,74671930,160891400,1,0,0,53760,9,3331127541
15263,86234660,73125382,159360042,0,0,0,18944,18,4084326305
15264,86246030,91314355,177560385,3,0,1,15360,7,1152814637
15265,86260230,72910258,159170488,6,0,0,34816,8,6419283914
15266,86287680,73782554,160070234,6,0,0,14336,8,5646440261
15267,86290550,74401273,160691823,4,0,0,3072,13,6235088614
15268,86302990,91456241,177759231,5,0,1,1024,7,8493040435
15269,86306770,91452484,177759254,1,0,1,9216,9,8974000106
15270,86308060,72886445,159194505,9,0,0,17920,17,3414985000
15271,86319410,73335660,159655070,1,0,0,3072,9,6018392349
15272,86320160,74093559,160413719,3,0,0,39936,7,10476995718
15273,86328220,91431057,177759277,3,0,1,512,7,9080712759
15274,86329280,73867032,160196312,9,0,0,13312,17,6300631720
15275,86331450,91427850,177759300,3,0,1,4096,7,2985747209
15276,86336540,72823317,159159857,1,0,0,26624,9,1551657865
15277,86340540,74060988,160401528,1,0,0,66560,9,638733550
15278,86341360,73879433,160220793,1,0,0,10752,9,8300866880
15279,86341980,72879213,159221193,3,0,0,13824,7,6699743561
15280,86343700,91415623,177759323,6,0,1,1536,8,668929513
15281,86350610,91408736,177759346,7,0,1,1536,6,2424776818
15282,86352710,73134092,159486802,6,0,0,12288,8,6938426597
15283,86359231,73525263,159884494,2,0,0,38912,13,2913053400
15284,86361460,91397909,177759369,3,0,1,512,7,5076774732
15285,86374610,74399672,160774282,0,0,0,30720,18,7259299508
15286,86376420,74704996,161081416,0,0,0,51712,18,9539230729
15287,86385930,91377052,177762982,6,0,1,6144,8,284082564
15288,86399780,72706003,159105783,6,0,0,9216,8,1006322542
15289,86401271,73157066,159558337,2,0,0,5632,13,4123679717
15290,86401730,74058399,160460129,5,0,0,60416,7,2673483147
15291,86403060,74077060,160480120,3,0,0,65536,7,5105913684
15292,86403700,72960273,159363973,3,0,0,12800,7,5270181950
15293,86404910,91373451,177778361,1,0,1,512,9,892683331
15294,86427490,74832639,161260129,3,0,0,6144,7,8109666300
15295,86428130,91350577,177778707,3,0,1,512,7,4348233819
15296,86429350,91350983,177780333,5,0,1,2560,7,5680278977
15297,86431560,72870350,159301910,1,0,0,4608,9,6251735298
15298,86433170,74073094,160506264,4,0,0,3072,13,4900979134
15299,86437011,74906069,161343080,2,0,0,44544,13,8346563606
15300,86441760,73245531,159687291,6,0,0,10240,8,9788785000
15301,86442030,73786361,160228391,5,0,0,17920,7,8643942115
15302,86451140,91330678,177781818,5,0,1,15360,7,10473767349
15303,86465710,73134569,159600279,0,0,0,23040,18,855688915
15304,86472741,91380297,177853038,8,0,1,1024,17,1089560653
15305,86483780,73325416,159809196,3,0,0,22528,7,6768208313
15306,86484150,74960430,161444580,1,0,0,16384,9,2883575009
15307,86489880,74450090,160939970,4,0,0,37888,13,4120908192
15308,86491710,91362634,177854344,1,0,1,2048,9,5782381287
15309,86508240,91350087,177858327,9,0,1,1536,17,1000711549
15310,86510890,91356397,177867287,7,0,1,3584,6,4967643046
15311,86522570,73067960,159590530,4,0,0,7680,13,9265690853
15312,86524331,75025750,161550081,2,0,0,37376,13,3114982640
15313,86530920,73528438,160059358,1,0,0,28672,9,4937735343
15314,86537741,73109194,159646935,2,0,0,2560,13,1724892034
15315,86547640,73396855,159944495,6,0,0,14848,8,5897279504
15316,86557610,73035595,159593205,3,0,0,8704,7,231899936
15317,86562830,73608166,160170996,6,0,0,8704,8,478587411
15318,86564579,91551495,178116074,4,0,1,22528,13,124168247
15319,86566890,73100459,159667349,6,0,0,29184,8,3309011063
15320,86569730,73620296,160190026,4,0,0,27648,13,7779850667
15321,86574110,91541987,178116097,5,0,1,10240,7,6162653066
15322,86578870,91537250,178116120,1,0,1,15360,9,4750359440
15323,86580120,73426589,160006709,0,0,0,41472,18,3041770210
15324,86585570,73951784,160537354,0,0,0,11264,18,9304651050
15325,86586480,74559886,161146366,6,0,0,24576,8,10420588732
15326,86587900,74410669,160998569,1,0,0,31232,9,1136518287
15327,86589750,73099124,159688874,6,0,0,5120,8,8365587676
15328,86596000,74551013,161147013,6,0,0,2048,8,8970859452
15329,86601550,74134091,160735641,1,0,0,30720,9,3615909246
15330,86601650,74495435,161097085,7,0,0,38400,6,4948010680
15331,86601806,91632902,178234708,9,0,1,1536,17,3311621548
15332,86602850,91749587,178352437,3,0,1,17408,7,5615920238
15333,86611050,91770324,178381374,9,0,1,6656,17,5327241267
15334,86614270,73284208,159898478,3,0,0,3584,7,9988400753
15335,86614710,91766687,178381397,1,0,1,3072,9,7638682491
15336,86615470,91765950,178381420,6,0,1,512,8,1012336068
15337,86617410,73201325,159818735,1,0,0,31232,9,9040626515
15338,86625789,91793710,178419499,0,0,1,34304,18,2805627829
15339,86626570,73148373,159774943,3,0,0,14336,7,5136781399
15340,86632110,91920745,178552855,2,0,1,6656,13,6891340617
15341,86632750,91921411,178554161,1,0,1,2048,9,8501854614
15342,86636870,74971308,161608178,3,0,0,18944,7,9237920789
15343,86643710,73055533,159699243,6,0,0,4096,8,6756978019
15344,86662831,72954240,159617071,2,0,0,3072,13,4099154497
15345,86665000,73261635,159926635,6,0,0,29696,8,7259720679
15346,86666770,73265527,159932297,5,0,0,16896,7,708446076
15347,86669681,74600597,161270278,2,0,0,512,13,10395371759
15348,86674910,91914368,178589278,1,0,1,8704,9,3322106162
15349,86681310,75019676,161700986,5,0,0,50688,7,6509584117
15350,86683971,75059319,161743290,2,0,0,66048,13,3257268332
15351,86694241,73315143,160009384,2,0,0,8704,13,10113213306
15352,86698710,73120695,159819405,4,0,0,1024,13,10197941895
15353,86716340,73210786,159927126,6,0,0,1536,8,6689260655
15354,86721620,73097450,159819070,3,0,0,1024,7,709151428
15355,86731810,73116049,159847859,1,0,0,13312,9,5705382
15356,86731960,91857442,178589402,7,0,1,1024,6,1900069358
15357,86746200,74939296,161685496,1,0,0,8704,9,9923077062
15358,86748201,73601799,160350000,2,0,0,1024,13,5099055134
15359,86749870,73799215,160549085,4,0,0,23552,13,3826153451
15360,86751510,73166046,159917556,1,0,0,15872,9,10733112974
15361,86758630,74795272,161553902,3,0,0,4608,7,3507834076
15362,86768260,74516023,161284283,3,0,0,12800,7,3222656396
15363,86773100,75035841,161808941,5,0,0,50688,7,4020929051
15364,86781430,74576478,161357908,3,0,0,16384,7,89370543
15365,86784220,73506006,160290226,1,0,0,24064,9,2144886894
15366,86797320,91793708,178591028,7,0,1,2560,6,5846293186
15367,86799880,74958900,161758780,0,0,0,42496,18,5138978237
15368,86806601,73358165,160164766,2,0,0,14848,13,1129284738
15369,86807100,73680554,160487654,0,0,0,9728,18,4836209615
15370,86807450,73767628,160575078,5,0,0,7680,7,5759354692
15371,86809000,73815958,160624958,3,0,0,1536,7,1233453400
15372,86814340,91783998,178598338,5,0,1,16384,7,6555894617
15373,86820471,73170925,159991396,2,0,0,29696,13,3191285347
15374,86820860,73684445,160505305,3,0,0,57856,7,4414468332
15375,86835220,74541941,161377161,4,0,0,40960,13,355174547
15376,86836340,74975744,161812084,3,0,0,10240,7,8365025224
15377,86842030,73922869,160764899,3,0,0,18432,7,10481146424
15378,86842291,91842862,178685153,8,0,1,5632,17,1420614134
15379,86842520,91842656,178685176,9,0,1,14336,17,9251665750
15380,86846570,73469478,160316048,6,0,0,67584,8,4966160325
15381,86849780,91849482,178699262,9,0,1,3584,17,38308861
15382,86857910,91841375,178699285,3,0,1,5120,7,10247004077
15383,86859470,91851031,178710501,1,0,1,6144,9,5233465677
15384,86860250,73571634,160431884,1,0,0,5632,9,5218901954
15385,86871130,74961883,161833013,6,0,0,5120,8,8336635851
15386,86875260,91921452,178796712,7,0,1,5120,6,8989743808
15387,86883120,73624103,160507223,3,0,0,3072,7,2030210663
15388,86884910,73856214,160741124,0,0,0,17920,18,9935867638
15389,86887621,73390462,160278083,2,0,0,28672,13,4735277195
15390,86894300,74922549,161816849,6,0,0,5120,8,612645878
15391,86895220,73322274,160217494,4,0,0,7168,13,9242849652
15392,86896360,73818730,160715090,9,0,0,76288,17,9741316538
15393,86906280,74159357,161065637,5,0,0,39424,7,8176102641
15394,86908630,91904539,178813169,6,0,1,1536,8,5647504316
15395,86910350,75156622,162066972,7,0,0,24064,6,9746208658
15396,86913850,91899521,178813371,2,0,1,1536,13,1323133653
15397,86918220,73499734,160417954,5,0,0,13824,7,105074954
15398,86925230,73280600,160205830,6,0,0,9216,8,9899475034
15399,86928990,73589780,160518770,3,0,0,4096,7,8017635782
15400,86929080,91913583,178842663,5,0,1,15872,7,3129256207
15401,86932459,73159719,160092178,0,0,0,26624,18,5813738568
15402,86944280,73675398,160619678,5,0,0,28672,7,2267813572
15403,86955810,74254818,161210628,1,0,0,18944,9,4347725611
15404,86967670,73723194,160690864,5,0,0,77824,7,8136295009
15405,86968760,73388610,160357370,5,0,0,11264,7,4856406143
15406,86973010,73457135,160430145,1,0,0,39936,9,4781372467
15407,86974579,91935881,178910460,4,0,1,15360,13,3659250647
15408,86978950,91984032,178962982,2,0,1,512,13,37076658
15409,86979230,73213003,160192233,1,0,0,7168,9,3129291089
15410,86990799,73262126,160252925,0,0,0,1536,18,9835092495
15411,87000019,73855177,160855196,0,0,0,96256,18,8785885790
15412,87010991,73713037,160724028,2,0,0,28160,13,1845983739
15413,87021140,73304470,160325610,5,0,0,2048,7,5400122683
15414,87021430,73737830,160759260,9,0,0,41984,17,10228197998
15415,87028821,73505078,160533899,2,0,0,10240,13,9907199459
15416,87037990,73446677,160484667,9,0,0,14848,17,8622630789
15417,87064890,74455235,161520125,1,0,0,117760,9,5402241702
15418,87070910,91893378,178964288,9,0,1,2048,17,2795761834
15419,87074510,73786637,160861147,5,0,0,19456,7,5676385021
15420,87082640,73563639,160646279,3,0,0,3072,7,8302005897
15421,87087010,73894403,160981413,4,0,0,6144,13,6548550683
15422,87106461,73814453,160920914,2,0,0,18432,13,1089052440
15423,87106530,73329589,160436119,3,0,0,13824,7,5022639411
15424,87108851,91857383,178966234,8,0,1,3072,17,8457438178
15425,87115281,73392121,160507402,2,0,0,512,13,2528000888
15426,87115351,74368871,161484222,2,0,0,28160,13,9682321696
15427,87135670,73590565,160726235,3,0,0,7168,7,426908152
15428,87136870,91830670,178967540,3,0,1,2048,7,1617859558
15429,87138180,75090224,162228404,1,0,0,5632,9,663422909
15430,87142320,74319443,161461763,6,0,0,56320,8,6129425378
15431,87164030,91806736,178970766,7,0,1,5120,6,2564979332
15432,87170669,91801777,178972446,0,0,1,2560,18,7516950528
15433,87171329,73413847,160585176,0,0,0,12288,18,1036723307
15434,87172920,74694033,161866953,6,0,0,5120,8,3542668573
15435,87176680,74182991,161359671,1,0,0,4096,9,1788872989
15436,87180810,91939543,179120353,1,0,1,6144,9,24927967
15437,87181690,74285790,161467480,5,0,0,6656,7,8760381715
15438,87200091,91923808,179123899,8,0,1,5632,17,5790694621
15439,87203931,91977383,179181314,8,0,1,8704,17,10007778391
15440,87204680,73326076,160530756,3,0,0,29696,7,2944830527
15441,87209740,73828252,161037992,5,0,0,17920,7,2121440249
15442,87212130,73449036,160661166,3,0,0,28672,7,10462676309
15443,87221560,92204187,179425747,2,0,1,32768,13,6980776639
15444,87223780,75073846,162297626,1,0,0,19968,9,1378324436
15445,87225470,73872574,161098044,4,0,0,3072,13,5615500979
15446,87230950,73543987,160774937,1,0,0,2048,9,9918935705
15447,87237931,73808242,161046173,2,0,0,1024,13,7149468777
15448,87245730,92181290,179427020,1,0,1,10240,9,3441142664
15449,87253340,74469803,161723143,5,0,0,17408,7,4680827704
15450,87254580,92324046,179578626,5,0,1,11264,7,4039012774
15451,87276250,74360031,161636281,3,0,0,92160,7,10224002628
15452,87278030,74537228,161815258,9,0,0,10240,17,4569300816
15453,87304990,75191396,162496386,4,0,0,29184,13,7258227448
15454,87305719,92333062,179638781,4,0,1,5632,13,10464462445
15455,87314810,92323994,179638804,9,0,1,512,17,10042068894
15456,87316611,73326491,160643102,2,0,0,5632,13,645207620
15457,87317391,92321436,179638827,8,0,1,5120,17,8309969230
15458,87317740,73397685,160715425,5,0,0,1024,7,9095541985
15459,87321890,73540372,160862262,3,0,0,3584,7,8196213992
15460,87323840,92315623,179639463,5,0,1,2560,7,1345322848
15461,87338080,75503664,162841744,3,0,0,91648,7,475213793
15462,87343200,74337414,161680614,3,0,0,20992,7,2363474429
15463,87349761,92430229,179779990,8,0,1,33280,17,7022175949
15464,87360850,92419163,179780013,3,0,1,4096,7,10357297681
15465,87363429,73951357,161314786,0,0,0,18944,18,3136741041
15466,87364170,74501200,161865370,1,0,0,16384,9,10099241477
15467,87371590,74297738,161669328,5,0,0,49664,7,4122750909
15468,87373240,73442606,160815846,1,0,0,14848,9,896675685
15469,87374570,74685024,162059594,1,0,0,22528,9,10601692698
15470,87378399,74046635,161425034,0,0,0,55296,18,6802039308
15471,87380200,92429684,179809884,9,0,1,10240,17,10650041178
15472,87386350,75371821,162758171,6,0,0,33280,8,1641825268
15473,87387040,73571848,160958888,4,0,0,3072,13,4734331607
15474,87415200,73990097,161405297,3,0,0,90624,7,2787997492
15475,87416840,74403019,161819859,6,0,0,5632,8,9285968311
15476,87421040,73717293,161138333,4,0,0,13824,13,3176216499
15477,87422680,74370786,161793466,9,0,0,74752,17,6877608089
15478,87424750,75245145,162669895,9,0,0,49152,17,7848133362
15479,87428160,73614847,161043007,4,0,0,16384,13,3333207123
15480,87435790,92375400,179811190,3,0,1,2048,7,908177307
15481,87440440,75214456,162654896,3,0,0,88576,7,8761002787
15482,87443270,73602568,161045838,3,0,0,9216,7,6464835958
15483,87444220,74459751,161903971,6,0,0,44032,8,7227687981
15484,87456289,73801945,161258234,0,0,0,104960,18,3571229542
15485,87458380,73850611,161308991,9,0,0,32768,17,7318785385
15486,87463621,73865692,161329313,2,0,0,2560,13,2521749100
15487,87463760,73694217,161157977,6,0,0,2048,8,2549340027
15488,87471570,92339966,179811536,7,0,1,512,6,10338758556
15489,87486980,92325632,179812612,9,0,1,13312,17,5941239044
15490,87487049,73598313,161085362,0,0,0,11776,18,5681145245
15491,87489450,73592301,161081751,4,0,0,1024,13,6140673636
15492,87503089,92537153,180040242,4,0,1,38400,13,4196739177
15493,87507570,75381402,162888972,5,0,0,38912,7,1503986656
15494,87510260,74235549,161745809,4,0,0,8192,13,10518731511
15495,87525510,73506999,161032509,3,0,0,27648,7,6358226208
15496,87526720,74614581,162141301,6,0,0,40448,8,1373481258
15497,87528690,92534690,180063380,9,0,1,1024,17,6145382551
15498,87533020,73585345,161118365,1,0,0,13824,9,8624020869
15499,87533180,92534386,180067566,2,0,1,6656,13,9745410479
15500,87537520,74495485,162033005,6,0,0,155136,8,741047657
15501,87541101,73779815,161320916,2,0,0,2048,13,7339173370
15502,87542560,75321710,162864270,4,0,0,5120,13,2821376182
15503,87545970,73981336,161527306,5,0,0,2560,7,8894038497
15504,87549550,74133271,161682821,6,0,0,7168,8,3472697765
15505,87552840,73985456,161538296,5,0,0,17920,7,1158561927
15506,87561330,73878235,161439565,4,0,0,47616,13,9438271134
15507,87563940,75353703,162917643,6,0,0,5120,8,3544647868
15508,87565999,74362592,161928591,0,0,0,11264,18,8202324488
15509,87571220,74140170,161711390,1,0,0,2560,9,8401539836
15510,87577859,92490373,180068232,4,0,1,1024,13,5726105806
15511,87584610,74533457,162118067,3,0,0,9728,7,1766744542
15512,87606180,73739731,161345911,4,0,0,9216,13,4664576203
15513,87609710,92502841,180112551,3,0,1,12288,7,10259978867
15514,87610550,74712439,162322989,9,0,0,5120,17,8201414956
15515,87611580,92502200,180113780,5,0,1,22016,7,1495869806
15516,87614580,92705660,180320240,9,0,1,512,17,5427776477
15517,87616970,73915819,161532789,6,0,0,17920,8,8496468528
15518,87621839,74025884,161647723,0,0,0,3584,18,9033826072
15519,87624050,74030115,161654165,5,0,0,20992,7,7619882370
15520,87628600,73897788,161526388,4,0,0,20480,13,7650677198
15521,87629630,92874215,180503845,2,0,1,50688,13,2246035825
15522,87642051,73910393,161552444,2,0,0,7680,13,3353624548
15523,87645509,74559779,162205288,0,0,0,69632,18,4599303228
15524,87647290,74499338,162146628,5,0,0,17408,7,8382012753
15525,87653440,92909213,180562653,7,0,1,2560,6,8702337046
15526,87671280,74710713,162381993,9,0,0,5632,17,6329944107
15527,87680671,73857960,161538631,2,0,0,1024,13,6550671648
15528,87685450,74694804,162380254,3,0,0,32768,7,10344615686
15529,87689740,74080919,161770659,6,0,0,38912,8,3065748386
15530,87693750,74124370,161818120,6,0,0,4096,8,5732140173
15531,87695970,92892621,180588591,5,0,1,13312,7,8617501758
15532,87703250,93041363,180744613,7,0,1,11264,6,9811501196
15533,87707480,93037156,180744636,9,0,1,3072,17,7434955003
15534,87712890,74975459,162688349,4,0,0,38912,13,8689070368
15535,87718120,93026539,180744659,6,0,1,4096,8,7307453489
15536,87718580,74529888,162248468,3,0,0,3072,7,5825642499
15537,87734529,93171094,180905623,4,0,1,26112,13,5580227880
15538,87756449,73890159,161646608,0,0,0,33792,18,6984033899
15539,87765250,93202853,180968103,5,0,1,8704,7,1341176876
15540,87766800,93201649,180968449,1,0,1,512,9,9819471057
15541,87778120,93194195,180972315,2,0,1,6144,13,4751119452
15542,87780060,74743876,162523936,4,0,0,39424,13,5611531343
15543,87784529,73798973,161583502,0,0,0,10752,18,1492298978
15544,87796410,74311714,162108124,1,0,0,14848,9,10711489274
15545,87799470,74828392,162627862,9,0,0,117248,17,608568781
15546,87806740,93190331,180997071,7,0,1,17920,6,8110046404
15547,87813020,75147229,162960249,3,0,0,76288,7,1127273481
15548,87819331,73854864,161674195,2,0,0,15872,13,7233103389
15549,87830860,93178144,181009004,3,0,1,4608,7,6042114832
15550,87838109,93170918,181009027,4,0,1,512,13,122537211
15551,87844590,74903410,162748000,9,0,0,38400,17,8606583071
15552,87850490,93735544,181586034,2,0,1,161792,13,7877524675
15553,87861220,74875057,162736277,9,0,0,31232,17,6003626004
15554,87865561,74002810,161868371,2,0,0,4096,13,5962853594
15555,87869601,93716456,181586057,8,0,1,9216,17,1027428081
15556,87875051,75172673,163047724,2,0,0,11264,13,1816509372
15557,87876270,74822779,162699049,9,0,0,1536,17,7779330387
15558,87880400,93705680,181586080,5,0,1,1024,7,10243170559
15559,87883540,93730416,181613956,1,0,1,4608,9,2446667352
15560,87906310,74880931,162787241,1,0,0,72704,9,2971472943
15561,87910580,93703407,181613987,3,0,1,3584,7,8346037591
15562,87916480,93697530,181614010,1,0,1,7680,9,7597039687
15563,87917820,73964724,161882544,1,0,0,11776,9,6527081307
15564,87924860,74863565,162788425,3,0,0,512,7,1519672187
15565,87934970,75496862,163431832,4,0,0,39936,13,2294056113
15566,87935160,74117524,162052684,9,0,0,64512,17,6874065698
15567,87948420,74172790,162121210,5,0,0,10240,7,2104307804
15568,87950980,75215170,163166150,9,0,0,75776,17,9614276458
15569,87959520,74487731,162447251,9,0,0,8704,17,2717716149
15570,87959820,75093433,163053253,5,0,0,5632,7,3328567124
15571,87961371,93689291,181650662,8,0,1,23040,17,8686383123
15572,87975370,73862851,161838221,6,0,0,2048,8,5565388483
15573,87982620,74782446,162765066,5,0,0,22528,7,8430063127
15574,87987720,93662965,181650685,5,0,1,4096,7,1434948349
15575,87991769,75078803,163070572,0,0,0,4608,18,4020724242
15576,87998830,74443945,162442775,1,0,0,38912,9,9411093270
15577,88006689,93687555,181694244,4,0,1,15360,13,6932593350
15578,88010009,74531156,162541165,0,0,0,51712,18,3399712735
15579,88018599,74858486,162877085,0,0,0,41984,18,3998325821
15580,88019050,93720032,181739082,5,0,1,4608,7,6698432080
15581,88023030,73902106,161925136,9,0,0,12288,17,6115552737
15582,88025390,94072888,182098278,2,0,1,118784,13,159493918
15583,88030550,74214417,162244967,4,0,0,16384,13,4284630404
15584,88033921,74671079,162705000,2,0,0,19456,13,5141106671
15585,88034920,74476481,162511401,9,0,0,18944,17,4882180495
15586,88043240,94059864,182103104,7,0,1,7680,6,7401357615
15587,88046290,74767507,162813797,1,0,0,51712,9,5367496537
15588,88056120,74995394,163051514,7,0,0,7168,6,6099575575
15589,88057231,94086563,182143794,8,0,1,14336,17,3641125489
15590,88062410,75469907,163532317,5,0,0,68096,7,4994597239
15591,88067690,73916505,161984195,3,0,0,39936,7,4544270007
15592,88068050,75143492,163211542,3,0,0,39936,7,8501421579
15593,88078590,74831823,162910413,6,0,0,24576,8,10372886197
15594,88079180,74179548,162258728,9,0,0,19456,17,10181862091
15595,88079630,94065614,182145244,5,0,1,1024,7,2585492497
15596,88104199,74693796,162797995,0,0,0,29184,18,1782284536
15597,88106220,73997357,162103577,9,0,0,38912,17,504786090
15598,88116140,94042262,182158402,9,0,1,14848,17,3053207012
15599,88129091,73942116,162071207,2,0,0,13824,13,5967253059
15600,88129760,94186183,182315943,2,0,1,81920,13,5626173807
15601,88139420,75423837,163563257,5,0,0,4608,7,10273023188
15602,88140730,94191393,182332123,6,0,1,3072,8,4428422060
15603,88142070,74019275,162161345,4,0,0,10240,13,4154620591
15604,88157570,74198150,162355720,1,0,0,13824,9,6629013928
15605,88159440,74050178,162209618,1,0,0,12800,9,2386269701
15606,88162740,74774242,162936982,6,0,0,38400,8,9301190935
15607,88164580,74360806,162525386,6,0,0,4608,8,1337992563
15608,88174261,74397604,162571865,2,0,0,70144,13,6760750500
15609,88184380,74492090,162676470,7,0,0,21504,6,1081546643
15610,88191150,94142919,182334069,3,0,1,3072,7,7391374259
15611,88192840,74039971,162232811,1,0,0,11776,9,6962602401
15612,88199110,94155458,182354568,6,0,1,11264,8,1083735792
15613,88207830,75104848,163312678,4,0,0,36864,13,10459236068
15614,88219219,74504836,162724055,0,0,0,62464,18,7521115493
15615,88233420,94246332,182479752,9,0,1,19968,17,6914965598
15616,88239300,74260477,162499777,7,0,0,10752,6,8037662332
15617,88241481,74245990,162487471,2,0,0,8704,13,7100880682
15618,88253720,94634245,182887965,2,0,1,230912,13,3366995881
15619,88255690,75287916,163543606,9,0,0,36352,17,8091422198
15620,88256230,74769718,163025948,6,0,0,6656,8,1251640642
15621,88257720,75211277,163468997,5,0,0,24064,7,10149589221
15622,88263769,74308431,162572200,0,0,0,1024,18,9800014493
15623,88271940,74078714,162350654,7,0,0,27648,6,6205314986
15624,88274050,94744192,183018242,2,0,1,73216,13,5830185277
15625,88279991,94740550,183020541,8,0,1,3072,17,8729539482
15626,88280490,74040916,162321406,9,0,0,61440,17,8876464158
15627,88284200,74896972,163181172,7,0,0,16896,6,40721820
15628,88298790,74725107,163023897,5,0,0,25600,7,6449721479
15629,88300140,75437789,163737929,7,0,0,64512,6,10701327602
15630,88301110,75288579,163589689,9,0,0,13312,17,6670394094
15631,88309220,74781147,163090367,9,0,0,512,17,1605697388
15632,88323681,94699413,183023094,8,0,1,4608,17,6266646281
15633,88325161,74850840,163176001,2,0,0,32256,13,1813215550
15634,88326560,74536111,162862671,9,0,0,68608,17,8862621343
15635,88335110,94688650,183023760,2,0,1,1024,13,169233323
15636,88337649,75284369,163622018,0,0,0,38912,18,8862029286
15637,88340639,75328739,163669378,0,0,0,48640,18,8836978089
15638,88341300,74446946,162788246,6,0,0,3072,8,2959871591
15639,88351110,74338510,162689620,5,0,0,4096,7,804965201
15640,88357029,94694488,183051517,4,0,1,16384,13,7893925031
15641,88366080,75562495,163928575,3,0,0,84992,7,4058089892
15642,88366800,95029908,183396708,2,0,1,197120,13,8318129924
15643,88376740,74522707,162899447,9,0,0,34304,17,8915624038
15644,88384630,95100318,183484948,9,0,1,24064,17,98909436
15645,88390101,74959951,163350052,2,0,0,7168,13,8985771517
15646,88390759,74525293,162916052,0,0,0,18432,18,1098206909
15647,88393000,74840161,163233161,6,0,0,14336,8,4797442379
15648,88407070,95104325,183511395,5,0,1,5120,7,8089191341
15649,88409310,74379762,162789072,6,0,0,2048,8,8940062441
15650,88410000,74288535,162698535,6,0,0,29184,8,10528872796
15651,88416870,74827258,163244128,3,0,0,4608,7,3334820409
15652,88417500,95094623,183512123,7,0,1,1024,6,672036173
15653,88421880,95091229,183513109,5,0,1,1536,7,7589407761
15654,88424360,74633284,163057644,4,0,0,14336,13,5739596969
15655,88427890,75072089,163499979,9,0,0,27648,17,1404806182
15656,88430580,74472322,162902902,5,0,0,11264,7,233392751
15657,88435810,75006052,163441862,1,0,0,26624,9,6096589085
15658,88438420,74774861,163213281,4,0,0,5632,13,10273886519
15659,88443050,75501327,163944377,1,0,0,34304,9,3493425286
15660,88446920,74871241,163318161,9,0,0,17920,17,1061252935
15661,88448791,74559515,163008306,2,0,0,9216,13,10242541698
15662,88450450,75449196,163899646,4,0,0,136704,13,3055006220
15663,88458810,75168526,163627336,4,0,0,2560,13,1550670141
15664,88474789,75151308,163626097,0,0,0,13312,18,5111080854
15665,88477380,75335351,163812731,5,0,0,30208,7,10462069453
15666,88480430,74907428,163387858,4,0,0,21504,13,8125686050
15667,88509960,74892186,163402146,6,0,0,26112,8,4894515506
15668,88521570,74898071,163419641,7,0,0,57344,6,5117298793
15669,88525490,75375115,163900605,6,0,0,3072,8,3001788063
15670,88526770,75479186,164005956,7,0,0,53248,6,8574406628
15671,88536679,74190051,162726730,0,0,0,8704,18,9889970820
15672,88552990,74369954,162922944,4,0,0,10752,13,8628814559
15673,88570240,74991590,163561830,5,0,0,10240,7,9792559794
15674,88571530,75542197,164113727,7,0,0,18944,6,2439404722
15675,88582100,74929446,163511546,1,0,0,37888,9,6540094005
15676,88583459,74388119,162971578,0,0,0,10752,18,5940451075
15677,88589580,94924835,183514415,9,0,1,2048,17,4623490882
15678,88590190,94927451,183517641,6,0,1,5120,8,8339351054
15679,88603499,75477505,164081004,0,0,0,39936,18,10655941260
15680,88610480,75669350,164279830,1,0,0,13824,9,8945013764
15681,88611570,74437737,163049307,6,0,0,5120,8,8507738485
15682,88612660,75428358,164041018,1,0,0,3584,9,6359710471
15683,88618160,74442159,163060319,9,0,0,8704,17,10134777437
15684,88637431,75349869,163987300,2,0,0,19968,13,3237848801
15685,88645199,74420593,163065792,0,0,0,10240,18,10357353350
15686,88650030,94915930,183565960,3,0,1,31744,7,8083944718
15687,88653160,94912823,183565983,6,0,1,8192,8,26591972
15688,88659510,75161674,163821184,4,0,0,21504,13,4361496144
15689,88663439,75519103,164182542,0,0,0,34304,18,5584205717
15690,88663839,94902167,183566006,0,0,1,17408,18,5396034351
15691,88666210,75073458,163739668,6,0,0,5632,8,10314802737
15692,88667839,75640517,164308356,0,0,0,26112,18,10291956370
15693,88673441,74434481,163107922,2,0,0,512,13,2806852772
15694,88693750,74350519,163044269,3,0,0,40448,7,1785887856
15695,88698510,94867519,183566029,7,0,1,7680,6,10316836442
15696,88704650,74982714,163687364,7,0,0,32256,6,259259949
15697,88706581,75714384,164420965,2,0,0,41472,13,9896727066
15698,88713090,75121834,163834924,4,0,0,36352,13,148585726
15699,88720420,75645240,164365660,6,0,0,32256,8,9910692860
15700,88735770,94861587,183597357,7,0,1,27648,6,3967049097
15701,88738450,94893448,183631898,1,0,1,5632,9,5742863647
15702,88746371,75187531,163933902,2,0,0,17408,13,10437742149
15703,88748280,74729032,163477312,6,0,0,15360,8,2785639041
15704,88764020,75892615,164656635,7,0,0,6144,6,2940142252
15705,88765460,74922239,163687699,5,0,0,1024,7,3610014507
15706,88782000,94849921,183631921,9,0,1,10240,17,6826451326
15707,88784910,74669197,163454107,3,0,0,39936,7,7518024160
15708,88786640,74245259,163031899,1,0,0,19456,9,2892143583
15709,88787111,75965925,164753036,2,0,0,34304,13,4712822631
15710,88787269,75418520,164205789,0,0,0,512,18,4820878788
15711,88796000,74814139,163610139,6,0,0,66560,8,9745024742
15712,88816170,75711031,164527201,3,0,0,116224,7,8193078691
15713,88823720,94893458,183717178,9,0,1,32256,17,6088097893
15714,88824811,74636831,163461642,2,0,0,24576,13,9834207851
15715,88826710,75812758,164639468,6,0,0,34304,8,590998988
15716,88846900,75453477,164300377,7,0,0,19968,6,5132439967
15717,88853041,74781839,163634880,2,0,0,22016,13,2533612465
15718,88857511,74275006,163132517,2,0,0,6656,13,10388904292
15719,88859390,94859734,183719124,9,0,1,3072,17,8165810535
15720,88860590,94903232,183763822,6,0,1,3072,8,9180166521
15721,88861150,74683727,163544877,9,0,0,4096,17,10383019803
15722,88867540,75217410,164084950,6,0,0,7680,8,8692874716
15723,88869690,75845652,164715342,5,0,0,11776,7,3266785022
15724,88883100,75507098,164390198,6,0,0,28672,8,3755999395
15725,88890609,76316461,165207070,0,0,0,34304,18,3881872023
15726,88895110,76025296,164920406,1,0,0,48640,9,10362616425
15727,88898730,75724757,164623487,9,0,0,93696,17,7316217413
15728,88907800,75788505,164696305,9,0,0,121856,17,6402408026
15729,88909970,74466515,163376485,1,0,0,26624,9,6836475841
15730,88913580,75962626,164876206,1,0,0,7680,9,5566484506
15731,88922320,74795930,163718250,4,0,0,7168,13,213523135
15732,88927490,75125072,164052562,3,0,0,11264,7,5747297844
15733,88942860,75046849,163989709,6,0,0,7680,8,5449006931
15734,88945900,75545866,164491766,4,0,0,59904,13,6277603946
15735,88948220,75151971,164100191,5,0,0,6144,7,9389309997
15736,88955720,74478007,163433727,9,0,0,6144,17,6245447663
15737,88964050,94799795,183763845,7,0,1,2048,6,5410246143
15738,88966390,75065039,164031429,7,0,0,27648,6,5331064155
15739,88968989,75620508,164589497,0,0,0,30208,18,9734504440
15740,88975790,74866070,163841860,3,0,0,8704,7,151876182
15741,88978361,94882383,183860744,8,0,1,5120,17,9673829070
15742,88980080,94911629,183891709,7,0,1,5120,6,6889793435
15743,88981430,75189176,164170606,5,0,0,5120,7,8325257286
15744,88995910,74710866,163706776,6,0,0,24064,8,3492975584
15745,89001989,75061477,164063466,0,0,0,12288,18,7010199595
15746,89030270,74773234,163803504,3,0,0,33792,7,5875625146
15747,89034150,95050991,184085141,1,0,1,73728,9,732617286
15748,89037280,75917556,164954836,1,0,0,34304,9,9051181532
15749,89038480,74864176,163902656,1,0,0,6656,9,8238435608
15750,89040160,74798531,163838691,3,0,0,12288,7,6918283168
15751,89040830,95063812,184104642,9,0,1,3584,17,4552445221
15752,89042230,75407607,164449837,5,0,0,45056,7,3543489615
15753,89044510,75072126,164116636,4,0,0,8704,13,2586649136
15754,89045390,75828445,164873835,7,0,0,49664,6,3323488388
15755,89056779,74637045,163693824,0,0,0,13824,18,9203753097
15756,89058370,95322549,184380919,2,0,1,130048,13,1659717989
15757,89065840,95674732,184740572,1,0,1,121856,9,3952920214
15758,89080030,95661106,184741136,6,0,1,10752,8,7573080869
15759,89083770,95674161,184757931,2,0,1,15872,13,7889562215
15760,89093740,75924663,165018403,1,0,0,10752,9,9889482650
15761,89097480,76099069,165196549,4,0,0,114176,13,9319963549
15762,89098129,74921734,164019863,0,0,0,45568,18,4069225122
15763,89098690,75048489,164147179,5,0,0,57856,7,2181747616
15764,89100830,74576683,163677513,4,0,0,26624,13,10430959452
15765,89104450,75490420,164594870,1,0,0,17408,9,8273358734
15766,89104590,76231752,165336342,1,0,0,29184,9,4761362838
15767,89113030,74969557,164082587,4,0,0,5120,13,8148691777
15768,89117739,75087871,164205610,0,0,0,34304,18,7797260299
15769,89119449,74988483,164107932,0,0,0,17408,18,10398083502
15770,89120700,75144195,164264895,4,0,0,8192,13,7306430577
15771,89129680,75748951,164878631,7,0,0,3584,6,5750510054
15772,89130920,95669852,184800772,5,0,1,11776,7,4157930579
15773,89159619,75276467,164436086,0,0,0,41472,18,2963559852
15774,89161470,75081052,164242522,4,0,0,17408,13,4820925680
15775,89166481,95637160,184803641,8,0,1,1536,17,5860515604
15776,89167401,95638826,184806227,8,0,1,4096,17,4245829858
15777,89176170,75451864,164628034,6,0,0,14848,8,6272123687
15778,89177050,75767311,164944361,3,0,0,26624,7,4757156327
15779,89189410,76319270,165508680,6,0,0,52736,8,8764234585
15780,89201040,95679616,184880656,2,0,1,86528,13,5635549225
15781,89204250,74943732,164147982,5,0,0,2560,7,2599110665
15782,89205790,75448873,164654663,1,0,0,49664,9,5688650323
15783,89205960,75345997,164551957,1,0,0,14336,9,62337257
15784,89228250,75180056,164408306,3,0,0,46080,7,1140781681
15785,89234770,75621322,164856092,1,0,0,65536,9,4134066756
15786,89235560,95692979,184928539,3,0,1,3584,7,8039275247
15787,89237499,95716919,184954418,4,0,1,1024,13,6291636531
15788,89240430,75471255,164711685,1,0,0,4608,9,966294702
15789,89241150,75336266,164577416,5,0,0,83456,7,10467737405
15790,89245140,75045851,164290991,7,0,0,3072,6,3179407064
15791,89250090,95797952,185048042,2,0,1,81920,13,2656859465
15792,89255141,75034875,164290016,2,0,0,33280,13,2506806790
15793,89262031,75119408,164381439,2,0,0,51712,13,8295260446
15794,89280961,74778738,164059699,2,0,0,7680,13,952306918
15795,89292780,75416519,164709299,5,0,0,32768,7,4060343032
15796,89298150,76407116,165705266,7,0,0,75264,6,5516918145
15797,89301670,75397622,164699292,5,0,0,9728,7,8827301974
15798,89318020,75140139,164458159,4,0,0,27136,13,8402050321
15799,89326540,75935219,165261759,1,0,0,43520,9,9305129387
15800,89331810,76428392,165760202,1,0,0,4096,9,8315097031
15801,89333770,76007743,165341513,1,0,0,16896,9,2224971398
15802,89342310,75781412,165123722,3,0,0,23040,7,4995870375
15803,89376080,75400769,164776849,9,0,0,6656,17,2595344931
15804,89377310,95671718,185049028,6,0,1,1536,8,9604514213
15805,89379370,75683326,165062696,4,0,0,20480,13,8299154578
15806,89386130,95882136,185268266,1,0,1,188928,9,8154216340
15807,89386360,75368103,164754463,3,0,0,4608,7,782493461
15808,89387990,95884142,185272132,3,0,1,6144,7,3597636110
15809,89395211,75509888,164905099,2,0,0,14336,13,9364570306
15810,89396030,75131662,164527692,1,0,0,1536,9,1558069510
15811,89402320,75879438,165281758,4,0,0,22016,13,7150797574
15812,89402810,76452847,165855657,5,0,0,32768,7,3005944007
15813,89403580,75611524,165015104,7,0,0,43008,6,10500667943
15814,89409970,95866668,185276638,7,0,1,7168,6,2186543186
15815,89410651,95866333,185276984,8,0,1,512,17,7371318516
15816,89439629,75107921,164547550,0,0,0,56320,18,2872602198
15817,89446030,75182963,164628993,3,0,0,3072,7,10493774274
15818,89448811,74859888,164308699,2,0,0,1024,13,8146244378
15819,89449480,75080887,164530367,5,0,0,8704,7,3570823618
15820,89463870,76546305,166010175,4,0,0,24576,13,682506181
15821,89470100,75745931,165216031,5,0,0,20480,7,10304928179
15822,89470600,75430108,164900708,5,0,0,32768,7,7852097532
15823,89482660,75176494,164659154,7,0,0,8192,6,7079616617
15824,89503191,95777208,185280399,8,0,1,512,17,10475302829
15825,89505960,95776065,185282025,9,0,1,2560,17,9039744267
15826,89508809,76581486,166090295,0,0,0,36352,18,8050509698
15827,89510090,75069221,164579311,7,0,0,6144,6,7643872377
15828,89511010,95773281,185284291,6,0,1,3584,8,6468790289
15829,89518550,95768968,185287518,5,0,1,4608,7,8449360269
15830,89521570,95767253,185288823,3,0,1,2560,7,1334600724
15831,89521790,75498508,165020298,9,0,0,6144,17,6672152843
15832,89522400,75632980,165155380,9,0,0,36864,17,7140866327
15833,89524790,95766619,185291409,9,0,1,4096,17,3126750487
15834,89527070,76837494,166364564,3,0,0,32768,7,4626024874
15835,89531050,95761025,185292075,7,0,1,11264,6,306247050
15836,89532340,95762641,185294981,7,0,1,4608,6,5701857799
15837,89539330,95775826,185315156,5,0,1,29696,7,1679303320
15838,89541691,75168567,164710258,2,0,0,3072,13,7081622816
15839,89543570,75489832,165033402,9,0,0,29696,17,9116155084
15840,89569510,95791036,185360546,2,0,1,50176,13,5681660087
15841,89569770,95804915,185374685,9,0,1,5120,17,20681740
15842,89578890,75630878,165209768,4,0,0,7680,13,9304614415
15843,89580391,75212656,164793047,2,0,0,12288,13,6542562520
15844,89582710,75159851,164742561,7,0,0,28160,6,7723470651
15845,89583150,76406780,165989930,9,0,0,8704,17,8005353386
15846,89592810,95782062,185374872,5,0,1,4608,7,3204616166
15847,89595050,74985220,164580270,1,0,0,3072,9,10450865546
15848,89603430,75151524,164754954,5,0,0,1536,7,10345648045
15849,89611081,95772452,185383533,8,0,1,17408,17,178816809
15850,89625090,95775688,185400778,3,0,1,14336,7,10270046526
15851,89639770,75129582,164769352,7,0,0,38912,6,9147072158
15852,89658970,75098503,164757473,4,0,0,8192,13,3446859051
15853,89671989,95752596,185424585,4,0,1,7168,13,914822288
15854,89672020,75797770,165469790,7,0,0,60416,6,8235503226
15855,89676690,95755076,185431766,4,0,1,3584,13,8241643643
15856,89678121,95753799,185431920,8,0,1,8704,17,526028529
15857,89702220,95730571,185432791,7,0,1,12288,6,1277410658
15858,89705129,75647194,165352323,0,0,0,27136,18,1793913021
15859,89712080,76422823,166134903,7,0,0,17920,6,2585374845
15860,89716530,75508166,165224696,9,0,0,12800,17,8579565596
15861,89729510,75128477,164857987,3,0,0,6144,7,768183685
15862,89730030,75820821,165550851,5,0,0,2560,7,2369559836
15863,89731771,95713227,185444998,8,0,1,10752,17,6733925502
15864,89742290,95709559,185451849,6,0,1,9216,8,3604041145
15865,89745710,95735443,185481153,6,0,1,8192,8,794846610
15866,89752350,96039872,185792222,2,0,1,170496,13,3379255146
15867,89760590,75875712,165636302,1,0,0,28160,9,821638804
15868,89767350,96033259,185800609,5,0,1,5632,7,8445053470
15869,89768319,75654729,165423048,0,0,0,70656,18,66692296
15870,89780220,96050616,185830836,2,0,1,21504,13,8211352198
15871,89796041,75926405,165722446,2,0,0,27136,13,1181211627
15872,89799570,75317002,165116572,6,0,0,2560,8,4703135072
15873,89803011,96027856,185830867,8,0,1,6656,17,10450365004
15874,89805210,75183322,164988532,6,0,0,39424,8,3346704169
15875,89807120,75051514,164858634,9,0,0,2048,17,9352870651
15876,89808420,76969231,166777651,5,0,0,30720,7,4131992025
15877,89810610,76721046,166531656,1,0,0,14336,9,7023472315
15878,89812409,75006453,164818862,0,0,0,512,18,7674662784
15879,89813530,75714904,165528434,3,0,0,20992,7,1303089285
15880,89816850,96040748,185857598,3,0,1,1024,7,6454142033
15881,89818831,75244512,165063343,2,0,0,2048,13,10684259407
15882,89820690,75447800,165268490,3,0,0,22016,7,4277686070
15883,89832220,76859553,166691773,6,0,0,2048,8,5043481051
15884,89841230,76340929,166182159,1,0,0,48640,9,4156302907
15885,89843460,96843203,186686663,1,0,1,354816,9,1532886019
15886,89845090,76385196,166230286,6,0,0,5632,8,4167869858
15887,89849200,75602130,165451330,9,0,0,84992,17,8927113489
15888,89849720,97008409,186858129,1,0,1,91136,9,2500107540
15889,89850850,97051705,186902555,9,0,1,6144,17,9390063762
15890,89855989,75808719,165664708,0,0,0,12288,18,7348390280
15891,89863669,75764030,165627699,0,0,0,58368,18,10578652624
15892,89864190,76092830,165957020,5,0,0,40448,7,642043962
15893,89864670,97037908,186902578,3,0,1,8704,7,1626071714
15894,89865530,76816024,166681554,4,0,0,101888,13,5521191329
15895,89875230,76236112,166111342,7,0,0,40960,6,5118062203
15896,89876920,97036023,186912943,5,0,1,2048,7,8172409544
15897,89878820,75546591,165425411,6,0,0,7680,8,4432528404
15898,89889450,75317955,165207405,6,0,0,1024,8,6152464981
15899,89889850,97023116,186912966,5,0,1,12800,7,3229316137
15900,89895931,75448101,165344032,2,0,0,8192,13,7283661056
15901,89898819,75349657,165248476,0,0,0,3072,18,822489415
15902,89903040,75747972,165651012,3,0,0,46080,7,9553221810
15903,89906120,75326229,165232349,5,0,0,512,7,1086011133
15904,89908740,75826232,165734972,1,0,0,19456,9,4890363707
15905,89910010,97018290,186928300,5,0,1,3584,7,8131048853
15906,89913810,75246029,165159839,9,0,0,5632,17,7637015014
15907,89916000,76973594,166889594,5,0,0,159232,7,7109301929
15908,89920870,75353103,165273973,5,0,0,17920,7,1766450538
15909,89924900,97005474,186930374,1,0,1,2048,9,1069021492
15910,89931861,96998536,186930397,8,0,1,1024,17,10383669153
15911,89933690,75136148,165069838,3,0,0,14336,7,7853827604
15912,89935190,76486094,166421284,5,0,0,16896,7,4855795185
15913,89935649,75614399,165550048,0,0,0,22016,18,1515058707
15914,89942870,75549719,165492589,5,0,0,74752,7,4570530046
15915,89953160,75345387,165298547,5,0,0,25088,7,6419298757
15916,89955769,76261590,166217359,0,0,0,1536,18,3317679010
15917,89967551,96962877,186930428,8,0,1,25088,17,1336757597
15918,89972630,96968647,186941277,3,0,1,3584,7,800450
15919,89973130,75133758,165106888,4,0,0,1024,13,6499225948
15920,89973510,76001215,165974725,7,0,0,7680,6,3280419738
15921,89974711,96966597,186941308,8,0,1,2048,17,4017979408
15922,89976410,96965028,186941438,9,0,1,4608,17,5129434247
15923,89990550,96954754,186945304,1,0,1,6144,9,105777646
15924,89993140,75880690,165873830,1,0,0,45568,9,2375216643
15925,90001420,75558472,165559892,6,0,0,7168,8,6948624537
15926,90026670,75937393,165964063,7,0,0,23040,6,9644684696
15927,90031370,75629563,165660933,3,0,0,19968,7,4302567713
15928,90051090,75700154,165751244,9,0,0,17920,17,10074525320
15929,90062000,75755088,165817088,1,0,0,72704,9,7304144176
15930,90067970,96877590,186945560,9,0,1,9216,17,7007006982
15931,90084249,96918383,187002632,4,0,1,43008,13,2729710820
15932,90103610,75506282,165609892,7,0,0,70656,6,2801713156
15933,90112700,76014776,166127476,9,0,0,2048,17,574655138
15934,90113940,96889153,187003093,7,0,1,10240,6,10685583846
15935,90115980,75718797,165834777,4,0,0,47104,13,9582292760
15936,90119700,76086194,166205894,6,0,0,77824,8,6561968002
15937,90124380,96895660,187020040,3,0,1,8192,7,1083760557
15938,90125401,96895510,187020911,8,0,1,12288,17,9041084091
15939,90135600,75789448,165925048,5,0,0,1536,7,2871543886
15940,90145720,96893841,187039561,3,0,1,1536,7,9315407453
15941,90147800,76244155,166391955,4,0,0,6656,13,8127389330
15942,90148389,76299016,166447405,0,0,0,9216,18,5780300949
15943,90154000,75528303,165682303,6,0,0,1536,8,10226603488
15944,90157100,76105585,166262685,5,0,0,49664,7,3817043231
15945,90160981,76141389,166302370,2,0,0,80896,13,7568372562
15946,90164709,76559059,166723768,0,0,0,26624,18,7310985843
15947,90174440,75706121,165880561,4,0,0,22016,13,6818971129
15948,90179410,75734586,165913996,1,0,0,7168,9,10338289656
15949,90179430,96863861,187043291,1,0,1,3584,9,7966195994
15950,90195450,75881672,166077122,6,0,0,70144,8,8565449
15951,90198490,75483322,165681812,4,0,0,55808,13,6936660174
15952,90214290,75440536,165654826,6,0,0,12288,8,2366742100
15953,90221000,75803944,166024944,3,0,0,3584,7,4464301682
15954,90231600,75491961,165723561,6,0,0,3584,8,5697133941
15955,90232719,75287119,165519838,0,0,0,3072,18,2735458879
15956,90237490,75887010,166124500,3,0,0,41984,7,7977517600
15957,90240420,75788122,166028542,4,0,0,6144,13,1515981218
15958,90268830,75551572,165820402,9,0,0,3584,17,1581032985
15959,90288250,75836585,166124835,9,0,0,1024,17,540180223
15960,90300899,75778274,166079173,0,0,0,6656,18,10490057389
15961,90318680,75888961,166207641,3,0,0,5632,7,4234928443
15962,90332759,75611914,165944673,0,0,0,32256,18,9913717340
15963,90333220,75303729,165636949,5,0,0,2048,7,8089142991
15964,90334650,75560535,165895185,5,0,0,26112,7,9702161750
15965,90363120,96708433,187071553,9,0,1,18432,17,4594777243
15966,90372420,75960329,166332749,7,0,0,17920,6,6781460314
15967,90380261,76053526,166433787,2,0,0,40960,13,6998188887
15968,90381190,75674537,166055727,7,0,0,57856,6,10148646682
15969,90392750,75930726,166323476,1,0,0,68096,9,9050799389
15970,90401990,75494756,165896746,6,0,0,512,8,2601946716
15971,90402591,76191607,166594198,2,0,0,33792,13,4720790019
15972,90405579,75732490,166138069,0,0,0,7168,18,7254300713
15973,90416840,96656979,187073819,6,0,1,3584,8,4810775357
15974,90419380,96660475,187079855,9,0,1,25600,17,7465987588
15975,90437950,96648037,187085987,2,0,1,9728,13,8606404468
15976,90440130,96650683,187090813,9,0,1,7680,17,10079162785
15977,90465170,96630420,187095590,2,0,1,5120,13,8778202212
15978,90485810,75546304,166032114,1,0,0,7168,9,2616621816
15979,90487760,75641660,166129420,9,0,0,4608,17,6036023366
15980,90497130,76134471,166631601,7,0,0,16384,6,6906902370
15981,90499920,75716948,166216868,9,0,0,30208,17,2758427626
15982,90501149,96595427,187096576,4,0,1,1536,13,8931233757
15983,90512760,75956830,166469590,6,0,0,22528,8,9127942270
15984,90518059,75454303,165972362,0,0,0,27136,18,8300462527
15985,90520249,75928739,166448988,0,0,0,5120,18,5052327472
15986,90523749,75883852,166407601,0,0,0,45056,18,3922526673
15987,90525030,96572532,187097562,6,0,1,1536,8,9193008112
15988,90535050,75806504,166341554,9,0,0,20992,17,1843764731
15989,90538410,76152706,166691116,7,0,0,19968,6,9182583983
15990,90540790,96585777,187126567,5,0,1,35840,7,8440543816
15991,90543470,75846434,166389904,3,0,0,69632,7,5380155219
15992,90544880,76238649,166783529,4,0,0,16896,13,2425005378
15993,90545420,76280863,166826283,9,0,0,19968,17,10479252040
15994,90549420,75669054,166218474,5,0,0,3584,7,8778985439
15995,90558120,75886454,166444574,3,0,0,35328,7,8303664480
15996,90560429,76385091,166945520,0,0,0,28160,18,9456779308
15997,90560840,75766426,166327266,6,0,0,11264,8,9993270675
15998,90561160,75584394,166145554,1,0,0,2560,9,937212442
15999,90566680,75569182,166135862,4,0,0,3072,13,7443333109
16000,90578600,96551441,187130041,3,0,1,7168,7,3060911695
16001,90578780,75775761,166354541,7,0,0,42496,6,7796427321
16002,90583150,76043436,166626586,9,0,0,11264,17,6186110394
16003,90588490,75523187,166111677,7,0,0,1024,6,648681315
16004,90590260,96608027,187198287,5,0,1,61952,7,985072138
16005,90592020,75743115,166335135,1,0,0,7680,9,5766252537
16006,90598589,76325802,166924391,0,0,0,25600,18,4849195179
16007,90603950,76005715,166609665,1,0,0,50688,9,1450299165
16008,90607880,75785970,166393850,9,0,0,6144,17,6969931398
16009,90626850,75637418,166264268,1,0,0,5120,9,1659775116
16010,90631720,76074504,166706224,9,0,0,19456,17,7422587258
16011,90631970,76510843,167142813,6,0,0,43008,8,4860983100
16012,90637760,96586625,187224385,1,0,1,15360,9,3576698377
16013,90638700,75685111,166323811,9,0,0,1024,17,2281619701
16014,90641120,96583288,187224408,6,0,1,512,8,436162970
16015,90641220,75881279,166522499,6,0,0,25600,8,3149384524
16016,90651360,76468372,167119732,6,0,0,26112,8,6396160377
16017,90654470,76282447,166936917,6,0,0,22528,8,2362664134
16018,90664050,76300221,166964271,6,0,0,61440,8,8229781824
16019,90677659,96584087,187261746,4,0,1,12288,13,650077206
16020,90687930,96578322,187266252,2,0,1,7168,13,7450452965
16021,90688930,75613775,166302705,3,0,0,1024,7,3522484956
16022,90693340,76047564,166740904,3,0,0,12288,7,2915194261
16023,90702010,75919344,166621354,7,0,0,9216,6,10009963179
16024,90702250,76052689,166754939,5,0,0,19968,7,5857637456
16025,90705510,76528743,167234253,3,0,0,17408,7,4835286145
16026,90722580,96544133,187266713,2,0,1,10240,13,3510158226
16027,90742850,96528689,187271539,3,0,1,7680,7,9334405894
16028,90742899,75760519,166503418,0,0,0,33280,18,9239103936
16029,90743650,96531435,187275085,6,0,1,5632,8,7929995746
16030,90745740,96592197,187337937,5,0,1,29184,7,9149820911
16031,90751780,75893196,166644976,1,0,0,12800,9,2267542288
16032,90751970,75933039,166685009,9,0,0,11264,17,4672522197
16033,90760610,76282951,167043561,4,0,0,8192,13,1659554206
16034,90768790,76640770,167409560,4,0,0,64000,13,9121588455
16035,90769810,76359876,167129686,3,0,0,28160,7,3690275152
16036,90774530,76142038,166916568,1,0,0,20992,9,10335520866
16037,90776190,76043986,166820176,8,0,0,82944,17,4798110912
16038,90777960,75680440,166458400,4,0,0,1024,13,8552218197
16039,90780159,76060896,166841055,0,0,0,25088,18,9345485200
16040,90788740,75998556,166787296,7,0,0,12288,6,552080129
16041,90793261,96544699,187337960,8,0,1,2560,17,3429390751
16042,90794100,76095852,166889952,7,0,0,1024,6,9172507806
16043,90802970,96567882,187370852,3,0,1,17920,7,424318333
16044,90804790,96604312,187409102,1,0,1,6656,9,1367429213
16045,90820490,96588635,187409125,6,0,1,3584,8,582049173
16046,90821989,75796071,166618060,0,0,0,5120,18,3270054397
16047,90832141,76162655,166994796,2,0,0,48640,13,6458858239
16048,90849961,76540053,167390014,2,0,0,56832,13,6545844844
16049,90850590,76045001,166895591,5,0,0,18432,7,6655495178
16050,90855760,76222746,167078506,9,0,0,21504,17,10492914787
16051,90863160,76106692,166969852,1,0,0,15360,9,3442618756
16052,90871740,76462941,167334681,9,0,0,76800,17,2164316965
16053,90881390,76114209,166995599,3,0,0,2560,7,9181570418
16054,90891420,75855874,166747294,9,0,0,9728,17,8202914286
16055,90896761,76003625,166900386,2,0,0,9728,13,751182923
16056,90916971,76360529,167277500,2,0,0,8704,13,4121647457
16057,90923070,76117972,167041042,5,0,0,56320,7,7760765876
16058,90937570,76071144,167008714,1,0,0,22016,9,4766763554
16059,90940209,76288717,167228926,0,0,0,9216,18,4283863096
16060,90941911,75955465,166897376,2,0,0,5632,13,1698259667
16061,90945250,75984780,166930030,6,0,0,18432,8,8378202848
16062,90959161,76233471,167192632,2,0,0,13312,13,1623446693
16063,90962869,76551399,167514268,0,0,0,80384,18,6604633641
16064,90964630,76404198,167368828,9,0,0,34816,17,1263276203
16065,90964869,96444279,187409148,4,0,1,9216,13,7161723775
16066,90969310,96708750,187678060,5,0,1,74240,7,3785693995
16067,90973490,96798329,187771819,7,0,1,1024,6,7841265179
16068,90986769,96811969,187798738,4,0,1,29696,13,7206368910
16069,90987250,76285813,167273063,4,0,0,34304,13,8510081041
16070,90993529,76474806,167468335,0,0,0,33280,18,5771487230
16071,90995480,76622522,167618002,9,0,0,51712,17,7672479312
16072,90997020,76066259,167063279,5,0,0,7680,7,4861864945
16073,90997850,76677336,167675186,4,0,0,22016,13,1669056007
16074,91002019,76551129,167553148,0,0,0,52736,18,9137818270
16075,91005100,96795904,187801004,9,0,1,3584,17,8215936999
16076,91010101,96804751,187814852,8,0,1,16896,17,6249796518
16077,91013890,76414512,167428402,1,0,0,22528,9,6988776375
16078,91040160,76301477,167341637,6,0,0,4096,8,9655019607
16079,91051610,76641146,167692756,7,0,0,33792,6,9195664160
16080,91053320,76572037,167625357,9,0,0,24064,17,6024993561
16081,91053850,76505428,167559278,4,0,0,3584,13,10548597159
16082,91055230,76043178,167098408,5,0,0,31744,7,3800083106
16083,91056810,76750514,167807324,1,0,0,56320,9,10607446749
16084,91061429,76083302,167144731,0,0,0,3072,18,6780581998
16085,91062400,96785325,187847725,9,0,1,4608,17,9660660616
16086,91084100,96763648,187847748,5,0,1,4608,7,3670363951
16087,91084460,76059312,167143772,6,0,0,3072,8,4820187628
16088,91089300,76092748,167182048,3,0,0,17408,7,8082051691
16089,91090091,76468072,167558163,2,0,0,16384,13,775337919
16090,91092940,76247380,167340320,5,0,0,18432,7,2425813126
16091,91094570,76326680,167421250,1,0,0,3072,9,9655719260
16092,91100430,76210828,167311258,4,0,0,29696,13,9142334015
16093,91103171,76141559,167244730,2,0,0,11776,13,41444242
16094,91109230,76109808,167219038,6,0,0,3072,8,2430328497
16095,91114950,76071489,167186439,8,0,0,14336,17,4789837038
16096,91124620,76700511,167825131,8,0,0,58368,17,1268041915
16097,91125300,76759407,167884707,9,0,0,37888,17,9263399738
16098,91128520,76154016,167282536,8,0,0,2560,17,7033714208
16099,91132880,76129708,167262588,5,0,0,38912,7,9789365959
16100,91138149,96709622,187847771,4,0,1,2560,13,6708926554
16101,91145740,76381499,167527239,1,0,0,42496,9,8320632111
16102,91148350,76753033,167901383,5,0,0,9216,7,4390107812
16103,91149901,76838161,167988062,2,0,0,23552,13,2038440722
16104,91153670,96694124,187847794,9,0,1,3584,17,2861484772
16105,91160860,76669286,167830146,7,0,0,16384,6,9101300821
16106,91171859,76535543,167707402,0,0,0,6144,18,7520078495
16107,91177940,76293070,167471010,6,0,0,8704,8,10707093517
16108,91181240,76092314,167273554,8,0,0,1536,17,4751121558
16109,91183560,76091265,167274825,8,0,0,4096,17,8076758457
16110,91191570,76438646,167630216,1,0,0,15872,9,7327847511
16111,91192160,76337933,167530093,8,0,0,9216,17,6648028206
16112,91196770,76567716,167764486,5,0,0,8192,7,26507590
16113,91199890,76254853,167454743,1,0,0,54784,9,3646017195
16114,91207010,76666130,167873140,6,0,0,46080,8,7342823466
16115,91211220,76199455,167410675,7,0,0,3584,6,3279100674
16116,91212370,76492639,167705009,5,0,0,10752,7,8471793397
16117,91216839,76764024,167980863,0,0,0,27648,18,10179255881
16118,91223800,76634275,167858075,1,0,0,53248,9,8343748294
16119,91227271,76860644,168087915,2,0,0,78848,13,6931359891
16120,91235310,76725580,167960890,3,0,0,80896,7,6165802682
16121,91235460,76399771,167635231,9,0,0,16384,17,10197125813
16122,91236480,76427231,167663711,9,0,0,22528,17,1814488052
16123,91239670,76850764,168090434,7,0,0,8192,6,177773073
16124,91240110,76853178,168093288,4,0,0,9216,13,6248480597
16125,91242901,76745496,167988397,2,0,0,1024,13,3359697975
16126,91268920,76324621,167593541,7,0,0,35328,6,1696511983
16127,91277790,76689987,167967777,7,0,0,22528,6,7735041524
16128,91286780,76125345,167412125,6,0,0,4608,8,3135654990
16129,91290380,76731064,168021444,7,0,0,46592,6,6185566653
16130,91296070,76452781,167748851,6,0,0,17408,8,7424315369
16131,91298450,96549367,187847817,6,0,1,7168,8,1736191026
16132,91301460,76994565,168296025,9,0,0,4608,17,2113548615
16133,91313209,96534631,187847840,4,0,1,1024,13,6376800514
16134,91327350,77081648,168408998,8,0,0,40448,17,9512391756
16135,91327840,76872653,168200493,6,0,0,69120,8,1837347357
16136,91328050,76805161,168133211,3,0,0,17920,7,641389889
16137,91331030,96556218,187887248,2,0,1,45568,13,9607483426
16138,91332199,76122723,167454922,0,0,0,512,18,876790922
16139,91336711,76432944,167769655,2,0,0,9216,13,448886228
16140,91337720,96634119,187971839,7,0,1,6144,6,8896733626
16141,91339850,76913502,168253352,5,0,0,27648,7,4759696319
16142,91350800,76642791,167993591,3,0,0,12800,7,7870995137
16143,91351920,76912219,168264139,8,0,0,35328,17,8483116888
16144,91352740,77255581,168608321,1,0,0,18944,9,8427085880
16145,91353880,77307644,168661524,5,0,0,89088,7,6541991251
16146,91355460,77030693,168386153,3,0,0,54272,7,5744142966
16147,91357600,76746736,168104336,4,0,0,4608,13,8288305886
16148,91361070,77474035,168835105,1,0,0,50176,9,2005108657
16149,91365120,76847922,168213042,5,0,0,9216,7,8891625619
16150,91366810,76927780,168294590,3,0,0,99840,7,1861753344
16151,91369700,76999894,168369594,7,0,0,44544,6,5929931746
16152,91370380,76601944,167972324,9,0,0,14848,17,8878966197
16153,91376309,77081588,168457897,0,0,0,21504,18,7063352798
16154,91384500,76786852,168171352,3,0,0,32256,7,1099776808
16155,91385190,77105881,168491071,3,0,0,20992,7,4315105723
16156,91392971,76651111,168044082,2,0,0,18944,13,3518121441
16157,91395190,76594478,167989668,4,0,0,4096,13,208453546
16158,91397450,77106550,168504000,7,0,0,28160,6,7235466098
16159,91403700,76991056,168394756,9,0,0,28160,17,7195801670
16160,91405570,77044804,168450374,4,0,0,32768,13,8300128797
16161,91406490,76949509,168355999,7,0,0,146944,6,400060649
16162,91415000,76358834,167773834,8,0,0,3584,17,9948765778
16163,91420100,77016336,168436436,1,0,0,22528,9,403961998
16164,91422400,76818951,168241351,7,0,0,10240,6,9895058371
16165,91426740,77013627,168440367,9,0,0,12800,17,4483306331
16166,91443750,77524244,168967994,4,0,0,7168,13,8017311819
16167,91444099,76859156,168303255,0,0,0,23552,18,2661183370
16168,91444530,96542537,187987067,4,0,1,32768,13,5977000352
16169,91452330,77025824,168478154,8,0,0,6656,17,5445688470
16170,91462280,77226324,168688604,1,0,0,15360,9,2353463899
16171,91463410,77203441,168666851,8,0,0,17408,17,1838757478
16172,91465400,96955021,188420421,5,0,1,160768,7,10647111019
16173,91465490,77096267,168561757,7,0,0,19968,6,7733814941
16174,91467570,77621171,169088741,7,0,0,13312,6,10066658608
16175,91468500,96951944,188420444,1,0,1,10752,9,3356017942
16176,91470349,76953804,168424153,0,0,0,49664,18,3835733143
16177,91473820,96949946,188423766,6,0,1,512,8,7695631279
16178,91495070,77207753,168702823,8,0,0,46592,17,6546138406
16179,91498850,77312391,168811241,1,0,0,20992,9,6424019025
16180,91499850,77533619,169033469,6,0,0,67584,8,10042112631
16181,91501440,96922349,188423789,4,0,1,1536,13,3870110937
16182,91511860,77431417,168943277,6,0,0,72704,8,2331117269
16183,91525040,77331992,168857032,4,0,0,22528,13,8242952774
16184,91526620,76902906,168429526,7,0,0,17408,6,1804691701
16185,91529811,76777991,168307802,2,0,0,14848,13,2336240117
16186,91530390,96894069,188424459,3,0,1,10752,7,3675774726
16187,91530770,77439766,168970536,9,0,0,3072,17,7537866840
16188,91532020,96896814,188428834,9,0,1,3584,17,6014144337
16189,91534730,76574329,168109059,5,0,0,2048,7,6696470321
16190,91536480,77364631,168901111,5,0,0,41472,7,9095725200
16191,91540780,77643224,169184004,7,0,0,36864,6,1226523979
16192,91558040,77319047,168877087,1,0,0,20480,9,3012962268
16193,91571010,77667641,169238651,5,0,0,5120,7,2755264835
16194,91573959,77588292,169162251,0,0,0,49664,18,5614683156
16195,91576040,77889105,169465145,1,0,0,34304,9,7235445562
16196,91580950,77743932,169324882,8,0,0,512,17,9082779709
16197,91581910,77155659,168737569,3,0,0,25088,7,7070113712
16198,91592380,76889876,168482256,1,0,0,3072,9,4005527911
16199,91593100,76888197,168481297,3,0,0,10240,7,4021114253
16200,91596070,77448989,169045059,4,0,0,22528,13,2279392211
16201,91600560,77365227,168965787,8,0,0,33280,17,9525795420
16202,91608700,76787951,168396651,5,0,0,6144,7,10619761966
16203,91611620,77688608,169300228,1,0,0,136704,9,4440139560
16204,91619280,97694741,189314021,5,0,1,420352,7,1146329428
16205,91621520,76920526,168542046,7,0,0,10752,6,3394008503
16206,91633531,77356403,168989934,2,0,0,43520,13,2339418473
16207,91635750,77072017,168707767,5,0,0,3072,7,8476653980
16208,91636400,77086414,168722814,1,0,0,16896,9,10599494350
16209,91637150,77068036,168705186,4,0,0,7680,13,10220144139
16210,91641981,77027857,168669838,2,0,0,9728,13,2167180195
16211,91648849,77155973,168804822,0,0,0,54272,18,4619295068
16212,91654320,78268721,169923041,3,0,0,40448,7,6004849425
16213,91656290,77555990,169212280,9,0,0,19456,17,9474070116
16214,91662780,77021121,168683901,3,0,0,46080,7,6903520837
16215,91683690,97631509,189315199,1,0,1,13824,9,4726324643
16216,91686250,77852355,169538605,1,0,0,44544,9,10611959410
16217,91689570,77677790,169367360,4,0,0,129536,13,376826411
16218,91702350,76826832,168529182,4,0,0,18944,13,7902051453
16219,91707610,97619910,189327520,6,0,1,512,8,218682982
16220,91713270,77506209,169219479,7,0,0,23552,6,7407675952
16221,91733580,77587660,169321240,9,0,0,48128,17,6515702273
16222,91735280,77669306,169404586,3,0,0,11776,7,7930665271
16223,91735560,97593266,189328826,1,0,1,2048,9,5267121597
16224,91740350,77272504,169012854,5,0,0,46080,7,8134966482
16225,91741480,97617901,189359381,4,0,1,27648,13,992450160
16226,91742500,97620684,189363184,2,0,1,4608,13,10431923617
16227,91743521,97622125,189365646,8,0,1,2560,17,7619304614
16228,91743559,76963241,168706800,0,0,0,3072,18,927811472
16229,91749311,76786921,168536232,2,0,0,512,13,9869205754
16230,91751230,76954611,168705841,4,0,0,2048,13,5151648788
16231,91755170,77347040,169102210,8,0,0,7168,17,6120696412
16232,91773130,77039873,168813003,9,0,0,3584,17,2096430815
16233,91776680,77261492,169038172,1,0,0,15360,9,7736590740
16234,91779230,77920021,169699251,9,0,0,29696,17,5075129383
16235,91780621,77140481,168921102,2,0,0,65536,13,2332716223
16236,91781670,97590969,189372639,6,0,1,10752,8,1847554961
16237,91781750,77761894,169543644,7,0,0,16384,6,6639068875
16238,91787320,97587265,189374585,9,0,1,3072,17,8444231072
16239,91793789,77790485,169584274,0,0,0,9728,18,2079937117
16240,91795680,97604008,189399688,7,0,1,45568,6,941011581
16241,91797400,97711298,189508698,5,0,1,88576,7,6533842549
16242,91797760,77285393,169083153,4,0,0,25600,13,10648727751
16243,91804690,77592799,169397489,9,0,0,15872,17,5538236498
16244,91805750,97702971,189508721,6,0,1,10240,8,10577309309
16245,91811419,77878761,169690180,0,0,0,45056,18,1843674394
16246,91821760,77039975,168861735,6,0,0,15360,8,10639909139
16247,91829610,77126014,168955624,8,0,0,40448,17,1573171591
16248,91831360,77145283,168976643,4,0,0,19968,13,2160229408
16249,91840740,77540839,169381579,6,0,0,46592,8,9043333352
16250,91846240,77225642,169071882,8,0,0,7168,17,7022881156
16251,91849040,77452802,169301842,7,0,0,5120,6,1448654556
16252,91849480,77120097,168969577,1,0,0,5120,9,10668533086
16253,91859640,76952248,168811888,5,0,0,2048,7,10205747846
16254,91865430,77459273,169324703,4,0,0,11264,13,8286456697
16255,91866350,77306399,169172749,5,0,0,512,7,4937999659
16256,91867080,77365620,169232700,6,0,0,6144,8,4592331949
16257,91868050,78016692,169884742,3,0,0,25600,7,10678974186
16258,91872329,97638567,189510896,4,0,1,9728,13,919613553
16259,91873390,77316276,169189666,6,0,0,18432,8,5730996126
16260,91875930,77296640,169172570,9,0,0,33792,17,5556892633
16261,91877310,97634892,189512202,3,0,1,2048,7,4987096232
16262,91878071,97661387,189539458,8,0,1,14848,17,4595597490
16263,91880350,77635722,169516072,9,0,0,49152,17,8354292560
16264,91881601,77526604,169408205,2,0,0,11776,13,3987090526
16265,91897370,97688912,189586282,1,0,1,2560,9,4900778536
16266,91898040,77484202,169382242,4,0,0,2048,13,7476891168
16267,91902800,77719507,169622307,1,0,0,25088,9,8684838894
16268,91903659,77237896,169141555,0,0,0,16384,18,7320853459
16269,91908630,97677675,189586305,9,0,1,1536,17,9685824193
16270,91909931,97677200,189587131,8,0,1,17920,17,3698095150
16271,91911860,77480770,169392630,8,0,0,12800,17,7830472074
16272,91914610,77572831,169487441,7,0,0,18432,6,6741316362
16273,91922230,77303200,169225430,1,0,0,19456,9,2690332333
16274,91923849,77811660,169735509,0,0,0,17408,18,8683066337
16275,91924800,78283127,170207927,8,0,0,9216,17,196688948
16276,91928290,77265143,169193433,3,0,0,12288,7,6350536342
16277,91930900,77457761,169388661,5,0,0,20992,7,8869160317
16278,91938101,77897298,169835399,2,0,0,61440,13,6218089457
16279,91938700,78082061,170020761,7,0,0,75776,6,114126306
16280,91940690,77458226,169398916,6,0,0,4608,8,6159584660
16281,91941730,78344539,170286269,6,0,0,3072,8,4023934541
16282,91942730,77733691,169676421,1,0,0,106496,9,5649549453
16283,91944190,97664720,189608910,3,0,1,7680,7,9786335230
16284,91951480,77355065,169306545,3,0,0,15360,7,8598249595
16285,91951600,77901138,169852738,6,0,0,56832,8,7644485234
16286,91952560,78107972,170060532,3,0,0,3072,7,9778016799
16287,91962770,77365099,169327869,3,0,0,9728,7,9972845745
16288,91964160,77484012,169448172,1,0,0,50688,9,555955353
16289,91966100,77639240,169605340,6,0,0,7168,8,461155967
16290,91966360,77558627,169524987,7,0,0,29184,6,3970627262
16291,91966950,77971714,169938664,9,0,0,51200,17,544368211
16292,91967730,77480933,169448663,7,0,0,1536,6,4209111228
16293,91972820,78413049,170385869,3,0,0,20992,7,1639922734
16294,91981340,77823296,169804636,5,0,0,8704,7,2085240929
16295,91984950,77609970,169594920,7,0,0,15872,6,1641372073
16296,91994300,77649269,169643569,9,0,0,69632,17,3071180771
16297,91997160,78034076,170031236,5,0,0,34304,7,1082492298
16298,92012511,78366939,170379450,2,0,0,40960,13,943772135
16299,92023970,78121421,170145391,6,0,0,26624,8,5939693617
16300,92039020,77912058,169951078,9,0,0,14336,17,5111266643
16301,92042110,77358865,169400975,8,0,0,6656,17,2015716527
16302,92050540,77715715,169766255,8,0,0,11776,17,9403043290
16303,92057760,78170964,170228724,9,0,0,53760,17,1109329357
16304,92060320,77989504,170049824,7,0,0,512,6,3661391728
16305,92069550,98004099,190073649,5,0,1,216064,7,4297917868
16306,92076670,98136436,190213106,5,0,1,95232,7,10364789753
16307,92077170,77477106,169554276,4,0,0,22016,13,10088515085
16308,92096450,98116679,190213129,6,0,1,4096,8,2210786850
16309,92103851,78015756,170119607,2,0,0,23552,13,8748583493
16310,92110340,77795557,169905897,5,0,0,45056,7,6755414944
16311,92112490,98100662,190213152,2,0,1,1024,13,5465997716
16312,92120250,77992158,170112408,5,0,0,85504,7,1786131630
16313,92127621,77860872,169988493,2,0,0,3584,13,10219253975
16314,92130480,77607392,169737872,1,0,0,7680,9,250463995
16315,92131860,98081315,190213175,7,0,1,9728,6,7045525799
16316,92131880,77278376,169410256,1,0,0,6656,9,4720065854
16317,92135161,77508743,169643904,2,0,0,1024,13,10492452203
16318,92136180,98077018,190213198,3,0,1,14336,7,10474545278
16319,92140290,77724803,169865093,7,0,0,40448,6,8266392207
16320,92144790,98094390,190239180,3,0,1,4608,7,2680301961
16321,92148110,78405539,170553649,4,0,0,91136,13,7495349394
16322,92154419,98088627,190243046,4,0,1,6144,13,5018410667
16323,92155620,98088732,190244352,2,0,1,2048,13,6661041975
16324,92158950,77966631,170125581,6,0,0,11264,8,975421104
16325,92163309,78005565,170168874,0,0,0,32768,18,10387049934
16326,92165541,98080437,190245978,8,0,1,14848,17,4017793890
16327,92167591,78440603,170608194,2,0,0,12288,13,5750773791
16328,92168270,77881375,170049645,4,0,0,39424,13,7095086502
16329,92177660,78314421,170492081,5,0,0,58880,7,8406655723
16330,92180340,78255478,170435818,6,0,0,22528,8,10170830923
16331,92190520,77796485,169987005,4,0,0,13824,13,10718699483
16332,92193380,78074288,170267668,1,0,0,6144,9,9451408235
16333,92195510,77941738,170137248,1,0,0,34304,9,6327869528
16334,92209470,77917226,170126696,5,0,0,3584,7,6243321596
16335,92213200,78306914,170520114,7,0,0,56320,6,2998340946
16336,92221050,98026311,190247361,6,0,1,14848,8,3561899584
16337,92221190,78626961,170848151,5,0,0,27648,7,786911753
16338,92224820,98046578,190271398,3,0,1,9216,7,3421658677
16339,92227550,98058558,190286108,3,0,1,15872,7,6184673867
16340,92246650,78027789,170274439,5,0,0,14336,7,1993766551
16341,92248630,78470815,170719445,8,0,0,4608,17,8898626091
16342,92255410,77984498,170239908,5,0,0,7680,7,8460642035
16343,92256290,77948324,170204614,9,0,0,10240,17,10283206551
16344,92259929,98028877,190288806,4,0,1,4608,13,3923549259
16345,92264860,98031204,190296064,2,0,1,26624,13,6671712175
16346,92267730,98077160,190344890,9,0,1,23040,17,2061319168
16347,92273550,77979966,170253516,5,0,0,27136,7,4985083310
16348,92275040,78033706,170308746,7,0,0,5632,6,9274203124
16349,92280331,98071536,190351867,8,0,1,1536,17,6595338137
16350,92286910,78317517,170604427,1,0,0,15872,9,786625352
16351,92310330,77664879,169975209,5,0,0,3584,7,4300820759
16352,92313580,77942767,170256347,9,0,0,9216,17,8898342091
16353,92323890,77543722,169867612,4,0,0,8192,13,9368238920
16354,92327650,78244998,170572648,1,0,0,15360,9,4857369922
16355,92329140,78079597,170408737,1,0,0,26112,9,9086676693
16356,92337900,98013990,190351890,7,0,1,11776,6,1283943459
16357,92341459,78059299,170400758,0,0,0,8192,18,5258472629
16358,92342460,77954633,170297093,4,0,0,18432,13,1506918688
16359,92351300,77622794,169974094,8,0,0,9216,17,7969622893
16360,92371219,78068834,170440053,0,0,0,13824,18,2919922905
16361,92372569,97991439,190364008,0,0,1,4096,18,3831982422
16362,92377610,77940892,170318502,4,0,0,22528,13,4788637435
16363,92380199,77617451,169997650,0,0,0,20992,18,7830881392
16364,92398150,97965881,190364031,9,0,1,2048,17,9327881400
16365,92401440,78023964,170425404,1,0,0,44032,9,5419152129
16366,92403040,77537987,169941027,7,0,0,7680,6,5914314116
16367,92410570,97954510,190365080,1,0,1,6656,9,8146032963
16368,92417210,78585182,171002392,3,0,0,32256,7,4195546143
16369,92420200,77817150,170237350,1,0,0,20480,9,9364141521
16370,92424960,97940466,190365426,7,0,1,512,6,9797825234
16371,92438130,78035988,170474118,8,0,0,11776,17,8000405491
16372,92442840,77679286,170122126,6,0,0,8192,8,1688960288
16373,92444080,77948208,170392288,7,0,0,20992,6,506095032
16374,92448879,77782208,170231087,0,0,0,7680,18,8638186861
16375,92456651,78614677,171071328,2,0,0,66048,13,880998949
16376,92473719,78693251,171166970,0,0,0,25600,18,3744927476
16377,92474340,97891752,190366092,4,0,1,1024,13,8414099301
16378,92479750,77779428,170259178,9,0,0,9216,17,883732075
16379,92485689,78074535,170560224,0,0,0,21504,18,4516798657
16380,92486400,78399745,170886145,6,0,0,95232,8,7662137899
16381,92487470,78105580,170593050,1,0,0,6656,9,8556685520
16382,92491921,97875797,190367718,8,0,1,2560,17,7746122392
16383,92492530,77768699,170261229,4,0,0,6656,13,10473223358
16384,92494899,78133130,170628029,0,0,0,65024,18,732097881
16385,92497960,78068995,170566955,7,0,0,22016,6,3026564651
16386,92500621,78432058,170932679,2,0,0,93184,13,5744984430
16387,92507031,97861353,190368384,8,0,1,1024,17,2149662948
16388,92510311,78156702,170667013,2,0,0,23552,13,8806861686
16389,92520940,78063746,170584686,1,0,0,24576,9,8574125804
16390,92526160,78768829,171294989,9,0,0,28672,17,6192925951
16391,92535990,97871771,190407761,3,0,1,26624,7,2559190317
16392,92544309,97871885,190416194,0,0,1,3584,18,4355524905
16393,92552870,78033336,170586206,7,0,0,4608,6,1415150514
16394,92562020,97854840,190416860,7,0,1,1024,6,1679461557
16395,92565250,78196096,170761346,8,0,0,62976,17,4788250492
16396,92576010,77991927,170567937,7,0,0,3072,6,3370565455
16397,92576770,77821469,170398239,6,0,0,19456,8,10635544411
16398,92602880,97819126,190422006,2,0,1,8192,13,7127664584
16399,92604920,97818712,190423632,2,0,1,2560,13,391488426
16400,92610090,97815808,190425898,6,0,1,3584,8,4074246198
16401,92616071,77905782,170521853,2,0,0,5632,13,8811605472
16402,92619550,97807850,190427400,9,0,1,2048,17,6088486278
16403,92624540,78011235,170635775,1,0,0,2048,9,8625054225
16404,92648691,77980765,170629456,2,0,0,4608,13,2765849771
16405,92649861,78342680,170992541,2,0,0,45056,13,4914199007
16406,92650760,78181349,170832109,5,0,0,36864,7,7502310863
16407,92652650,77944635,170597285,8,0,0,13824,17,3290123316
16408,92662790,77833214,170496004,5,0,0,12800,7,875597079
16409,92664940,78239324,170904264,5,0,0,59392,7,957732980
16410,92665690,78355156,171020846,4,0,0,50688,13,3585807252
16411,92669391,78266150,170935541,2,0,0,9216,13,3286724571
16412,92680010,78501455,171181465,6,0,0,21504,8,2858885227
16413,92683009,78458620,171141629,5,0,0,52224,7,6124544881
16414,92684849,78021523,170706372,5,0,0,24576,7,9563510475
16415,92685250,78730066,171415316,4,0,0,42496,13,6702578
16416,92685371,97742499,190427870,8,0,1,1024,17,7105284640
16417,92696300,78777760,171474060,6,0,0,2048,8,10279201583
16418,92698370,78423381,171121751,4,0,0,34304,13,2186388161
16419,92698979,78071906,170770885,0,0,0,31232,18,8383717397
16420,92704750,78073848,170778598,6,0,0,25088,8,8444189777
16421,92706699,78508244,171214943,0,0,0,54784,18,8711593079
16422,92720409,78636141,171356550,0,0,0,3072,18,1084234229
16423,92727850,78093004,170820854,4,0,0,11264,13,3077663918
16424,92736850,78344895,171081745,6,0,0,29184,8,534393168
16425,92738970,78965491,171704461,8,0,0,8704,17,1633451567
16426,92755710,78543670,171299380,8,0,0,14336,17,10550980591
16427,92759640,98026544,190786184,5,0,1,162816,7,916546640
16428,92763840,78241539,171005379,9,0,0,9728,17,8302172940
16429,92768200,78030661,170798861,4,0,0,5120,13,2322262088
16430,92769330,77964996,170734326,1,0,0,4608,9,4320237199
16431,92772711,98063111,190835822,8,0,1,3584,17,8760521747
16432,92775010,78644697,171419707,4,0,0,14336,13,10273073116
16433,92793650,77857619,170651269,8,0,0,7168,17,5481571423
16434,92794040,78228241,171022281,1,0,0,4608,9,8251014106
16435,92797710,98040378,190838088,9,0,1,3584,17,6252959756
16436,92807689,78169009,170976698,0,0,0,16384,18,3353178808
16437,92812380,78309550,171121930,9,0,0,512,17,8825582958
16438,92814150,78344997,171159147,8,0,0,50176,17,8793189354
16439,92816739,78209644,171026383,5,0,0,11264,7,2443165608
16440,92820930,78741006,171561936,4,0,0,512,13,8312632050
16441,92824420,98017534,190841954,1,0,1,6144,9,8277208544
16442,92824800,78319036,171143836,1,0,0,7168,9,1828901964
16443,92825930,98138651,190964581,3,0,1,3584,7,8691176574
16444,92829881,98136646,190966527,8,0,1,3072,17,2221253100
16445,92840560,98173732,191014292,6,0,1,19968,8,599244190
16446,92845320,78476137,171321457,4,0,0,19968,13,7575650918
16447,92848959,77882032,170730991,0,0,0,512,18,698928749
16448,92851999,78434052,171286051,0,0,0,62464,18,3912699165
16449,92852540,98588025,191440565,5,0,1,232448,7,6188370552
16450,92853320,78595325,171448645,8,0,0,40448,17,5642924605
16451,92853930,78362596,171216526,8,0,0,5120,17,52084732
16452,92864820,78585408,171450228,1,0,0,5120,9,1452262265
16453,92869159,98573032,191442191,0,0,1,2560,18,9468840085
16454,92872280,78374417,171246697,4,0,0,44032,13,8581701957
16455,92873849,78526289,171400138,0,0,0,40960,18,6239489677
16456,92900560,78210716,171111276,9,0,0,35840,17,1143721737
16457,92902649,78759791,171662440,0,0,0,41472,18,1605702448
16458,92915580,78207621,171123201,6,0,0,4096,8,2410710928
16459,92928350,78496871,171425221,4,0,0,3584,13,105508765
16460,92929380,78113045,171042425,6,0,0,13824,8,7196301188
16461,92931290,98511669,191442959,6,0,1,11776,8,1254893536
16462,92933780,98562156,191495936,9,0,1,2048,17,2868524159
16463,92941570,78941328,171882898,9,0,0,122368,17,4977592290
16464,92941810,78790796,171732606,8,0,0,68096,17,10070597802
16465,92942090,78096100,171038190,1,0,0,11264,9,8255339751
16466,92949870,78350469,171300339,7,0,0,3072,6,3940774106
16467,92951119,78335111,171286230,0,0,0,512,18,2024610005
16468,92961630,98538172,191499802,1,0,1,6144,9,3987727543
16469,92961820,78685280,171647100,7,0,0,20480,6,2938845434
16470,92965421,78641113,171606534,2,0,0,4608,13,10239075296
16471,92987139,79127704,172114843,5,0,0,52736,7,3404125246
16472,92987180,78560282,171547462,6,0,0,63488,8,6367575697
16473,92996220,98503928,191500148,4,0,1,512,13,7290697214
16474,93013490,78009438,171022928,4,0,0,2048,13,9178734977
16475,93019100,79003168,172022268,9,0,0,16896,17,8127210370
16476,93019359,78453685,171473044,5,0,0,22016,7,4461103738
16477,93021130,78527135,171548265,6,0,0,2560,8,10724415889
16478,93021240,98479894,191501134,3,0,1,1536,7,9018538276
16479,93032221,78274693,171306914,2,0,0,21504,13,3783880579
16480,93038231,98467409,191505640,8,0,1,7168,17,10204377627
16481,93043180,78039056,171082236,7,0,0,1536,6,1848593008
16482,93046759,78210413,171257172,0,0,0,34304,18,6139992024
16483,93057839,78204371,171262210,0,0,0,11264,18,4658825331
16484,93060750,98481563,191542313,2,0,1,17920,13,243730866
16485,93065110,79614790,172679900,7,0,0,14848,6,6868012668
16486,93075460,98469759,191545219,4,0,1,4608,13,3213131510
16487,93076150,78047744,171123894,1,0,0,512,9,3783225907
16488,93078860,78088320,171167180,8,0,0,512,17,10011402183
16489,93086420,98497021,191583441,6,0,1,14848,8,10080802317
16490,93088960,78313385,171402345,7,0,0,7168,6,471101357
16491,93092269,78862336,171954605,0,0,0,1024,18,3030468891
16492,93093849,98489938,191583787,0,0,1,512,18,8511609135
16493,93097169,78272298,171369467,0,0,0,7168,18,7664730545
16494,93105930,78318176,171424106,1,0,0,14336,9,1386483890
16495,93106170,78739421,171845591,1,0,0,69632,9,1442926298
16496,93107780,78810668,171918448,6,0,0,14848,8,2135229211
16497,93108119,78471945,171580064,5,0,0,40960,7,3469538839
16498,93109740,78588290,171698030,7,0,0,33792,6,5922794017
16499,93112179,98536605,191648784,0,0,1,7680,18,8171147982
16500,93113730,78878939,171992669,3,0,0,68608,7,7865262596
16501,93115480,98536530,191652010,6,0,1,5120,8,8670640633
16502,93119270,78099580,171218850,4,0,0,2048,13,3422006770
16503,93120970,78137785,171258755,4,0,0,5120,13,3059732129
16504,93123880,78209384,171333264,7,0,0,23552,6,6771519437
16505,93134960,78659434,171794394,5,0,0,109568,7,4378226398
16506,93137390,78801336,171938726,6,0,0,15360,8,8925229810
16507,93149430,78919580,172069010,6,0,0,45056,8,10047695586
16508,93151081,78582016,171733097,2,0,0,1536,13,6904009821
16509,93155769,78734195,171889964,0,0,0,12288,18,8142102002
16510,93158900,98497616,191656516,7,0,1,7168,6,4754405309
16511,93159230,78665114,171824344,6,0,0,16896,8,1724629068
16512,93160609,98496253,191656862,4,0,1,512,13,7946428147
16513,93162749,78852430,172015179,0,0,0,47104,18,3261526846
16514,93168280,78531801,171700081,7,0,0,6656,6,8276177024
16515,93175619,98526840,191702459,4,0,1,6656,13,6355012311
16516,93182280,78615413,171797693,8,0,0,10752,17,4433410480
16517,93187120,78940405,172127525,6,0,0,17920,8,2123547736
16518,93193309,78730341,171923650,0,0,0,4608,18,9423114730
16519,93195520,79552696,172748216,8,0,0,18944,17,10127617136
16520,93199809,78922233,172122042,5,0,0,23552,7,8089325260
16521,93202140,98570010,191772150,9,0,1,23040,17,7829905788
16522,93203399,79666024,172869423,0,0,0,75776,18,9927199490
16523,93210319,78719479,171929798,0,0,0,15872,18,3029780062
16524,93210890,98561283,191772173,1,0,1,18432,9,2422670205
16525,93211960,98564627,191776587,2,0,1,4608,13,2567983637
16526,93218480,98584517,191802997,4,0,1,15872,13,10561242641
16527,93218899,78703324,171922223,0,0,0,12288,18,2012374952
16528,93236689,78582484,171819173,5,0,0,5120,7,4693606595
16529,93242970,79096016,172338986,4,0,0,79360,13,1803839121
16530,93245381,78652406,171897787,2,0,0,25600,13,8847319169
16531,93248830,78568760,171817590,9,0,0,31232,17,5866476428
16532,93249339,98569624,191818963,0,0,1,3072,18,1802883654
16533,93253080,78660821,171913901,1,0,0,28672,9,6821122145
16534,93268090,78907562,172175652,8,0,0,44544,17,558711142
16535,93270600,78862275,172132875,1,0,0,1536,9,9992714035
16536,93275829,98543157,191818986,0,0,1,14336,18,10357183346
16537,93296250,98542069,191838319,2,0,1,1536,13,97174542
16538,93299059,78606083,171905142,0,0,0,24064,18,9861222333
16539,93309269,79066014,172375283,5,0,0,7680,7,3696003483
16540,93311970,79575382,172887352,1,0,0,30208,9,5580374425
16541,93328420,79427182,172755602,7,0,0,2560,6,513651586
16542,93330190,78477845,171808035,4,0,0,32256,13,984142442
16543,93332310,98506032,191838342,3,0,1,11264,7,1913146079
16544,93333120,98782143,192115263,5,0,1,118272,7,9009785332
16545,93334059,98847511,192181570,0,0,1,17920,18,2748932327
16546,93335019,78908431,172243450,5,0,0,89600,7,8965588398
16547,93335120,78665684,172000804,6,0,0,26624,8,3321390280
16548,93336749,78695526,172032275,5,0,0,32768,7,8937317120
16549,93339831,98841762,192181593,8,0,1,512,17,2836104260
16550,93347199,78785185,172132384,0,0,0,15872,18,464499662
16551,93349840,78448344,171798184,9,0,0,1536,17,1353777744
16552,93352290,98857578,192209868,5,0,1,15360,7,10097451939
16553,93356110,78660340,172016450,9,0,0,4096,17,20628183
16554,93361971,98848256,192210227,8,0,1,9728,17,3333225331
16555,93364830,98847663,192212493,5,0,1,3584,7,2211582852
16556,93373720,78725032,172098752,1,0,0,24064,9,5096406927
16557,93376459,78640638,172017097,5,0,0,2048,7,1329551143
16558,93376530,79167711,172544241,6,0,0,47616,8,4529114998
16559,93381659,78976272,172357931,0,0,0,38400,18,6844799289
16560,93394360,78554677,171949037,4,0,0,4096,13,8874322116
16561,93402110,78774524,172176634,6,0,0,512,8,603420364
16562,93402400,78857297,172259697,8,0,0,53248,17,5614196155
16563,93406490,78479707,171886197,4,0,0,10752,13,1206166763
16564,93409189,78661762,172070951,5,0,0,3072,7,75388436
16565,93414120,78728750,172142870,6,0,0,2560,8,6104109289
16566,93417670,78652322,172069992,7,0,0,3072,6,6649763369
16567,93420390,79275601,172695991,1,0,0,52736,9,1947246951
16568,93427510,98800820,192228330,1,0,1,21504,9,7416334450
16569,93427619,98812398,192240017,4,0,1,6656,13,2400739973
16570,93431390,98808650,192240040,6,0,1,4096,8,1167577924
16571,93436010,78828086,172264096,6,0,0,14336,8,2208313511
16572,93463479,78577748,172041227,0,0,0,3072,18,5846394558
16573,93472379,78955428,172427807,5,0,0,39936,7,5382753430
16574,93482370,78694085,172176455,9,0,0,2560,17,768337227
16575,93496469,78719658,172216127,5,0,0,16896,7,5793516666
16576,93496999,78661699,172158698,0,0,0,4096,18,2397036005
16577,93500290,98755344,192255634,5,0,1,3072,7,8862330973
16578,93503559,78885069,172388628,0,0,0,15360,18,10729571136
16579,93515430,79071146,172586576,1,0,0,92160,9,2049684307
16580,93521081,78988836,172509917,2,0,0,50176,13,3572858210
16581,93526200,78620457,172146657,4,0,0,10240,13,287523862
16582,93534939,78809998,172344937,0,0,0,19456,18,6485590715
16583,93540370,98732165,192272535,7,0,1,15360,6,6096402756
16584,93541230,98735491,192276721,7,0,1,6656,6,90917525
16585,93546530,78752560,172299090,1,0,0,25088,9,6690122547
16586,93554530,98726057,192280587,3,0,1,6144,7,6419066218
16587,93564619,79037033,172601652,5,0,0,3072,7,5557600419
16588,93568180,79174241,172742421,6,0,0,61952,8,6025621874
16589,93573020,98711345,192284365,3,0,1,1536,7,807465461
16590,93573689,79186952,172760641,5,0,0,7168,7,7337423973
16591,93580679,79140084,172720763,0,0,0,11264,18,7074169283
16592,93589860,78695650,172285510,1,0,0,12288,9,2011858677
16593,93601030,78778332,172379362,8,0,0,13312,17,8079137811
16594,93601420,79171669,172773089,6,0,0,7168,8,9665736405
16595,93603579,78954894,172558473,5,0,0,33280,7,8366392485
16596,93615980,98688789,192304769,5,0,1,8192,7,8028789268
16597,93617070,98687871,192304941,9,0,1,1024,17,9697631327
16598,93620059,78726149,172346208,0,0,0,4096,18,9584036910
16599,93620170,78815679,172435849,8,0,0,16384,17,5446502183
16600,93622720,98682580,192305300,5,0,1,9728,7,5579096458
16601,93635580,78763709,172399289,8,0,0,3072,17,8187783176
16602,93637269,78892441,172529710,5,0,0,3584,7,562955336
16603,93638500,79365150,173003650,6,0,0,25088,8,10614416020
16604,93657270,78751461,172408731,1,0,0,11776,9,3453594042
16605,93669431,78816232,172485663,2,0,0,22528,13,9508038675
16606,93674861,98872596,192547457,8,0,1,35328,17,4890893702
16607,93678140,78931202,172609342,9,0,0,25088,17,4885992901
16608,93679249,98948947,192628196,0,0,1,20480,18,9065776811
16609,93680160,78920510,172600670,6,0,0,44032,8,9452135436
16610,93680640,79142400,172823040,4,0,0,36352,13,8715023726
16611,93685010,78902213,172587223,1,0,0,2048,9,310015420
16612,93687131,78705108,172392239,2,0,0,11776,13,9889803197
16613,93698580,78976773,172675353,7,0,0,23552,6,1428902827
16614,93699860,79146452,172846312,9,0,0,46080,17,3625887969
16615,93710960,98920269,192631229,5,0,1,1024,7,10403934052
16616,93715259,79086304,172801563,5,0,0,23040,7,7204381074
16617,93723870,98907382,192631252,9,0,1,2560,17,407580368
16618,93734750,78813266,172548016,8,0,0,12288,17,2300946431
16619,93747220,78781375,172528595,4,0,0,29696,13,612399689
16620,93753909,78914245,172668154,0,0,0,53248,18,6829176040
16621,93757971,78752125,172510096,2,0,0,512,13,3779480371
16622,93758419,79137114,172895533,0,0,0,5120,18,2202211745
16623,93758690,78996101,172754791,6,0,0,21504,8,9744754636
16624,93767891,79291032,173058923,2,0,0,11264,13,6698693243
16625,93770310,78853374,172623684,4,0,0,5632,13,10207623035
16626,93772829,98858446,192631275,0,0,1,3072,18,5187601820
16627,93775750,98861811,192637561,5,0,1,2560,7,316474301
16628,93784130,98857377,192641507,5,0,1,5632,7,2809176004
16629,93788610,78723120,172511730,9,0,0,2560,17,4323481945
16630,93807949,98833605,192641554,0,0,1,3584,18,471124137
16631,93815620,78886079,172701699,9,0,0,10240,17,2880640867
16632,93820620,79011536,172832156,9,0,0,1024,17,1474911745
16633,93821939,79072011,172893950,0,0,0,512,18,7241545987
16634,93824380,79048076,172872456,8,0,0,5632,17,5605280976
16635,93836740,78861770,172698510,6,0,0,8192,8,248252974
16636,93839030,79125495,172964525,1,0,0,25600,9,5873121521
16637,93844830,79205789,173050619,1,0,0,34816,9,6834657823
16638,93846969,98856317,192703286,0,0,1,12800,18,1362441422
16639,93853851,79074330,172928181,2,0,0,16896,13,764770710
16640,93858369,79064641,172923010,5,0,0,49664,7,4120476163
16641,93876790,98826519,192703309,5,0,1,5632,7,7692849080
16642,93882690,79052846,172935536,1,0,0,24064,9,4116007734
16643,93884111,79235275,173119386,2,0,0,6144,13,3805384747
16644,93886250,98834576,192720826,6,0,1,512,8,7196139589
16645,93886429,79068232,172954661,0,0,0,18432,18,967863860
16646,93905570,78988201,172893771,4,0,0,20992,13,4270525152
16647,93907220,79033659,172940879,1,0,0,17408,9,6706452756
16648,93908490,79342108,173250598,6,0,0,18432,8,1553651889
16649,93926089,78847491,172773580,0,0,0,1536,18,1640891348
16650,93926569,79158133,173084702,0,0,0,4096,18,2431627085
16651,93935460,79214920,173150380,6,0,0,20992,8,4637025998
16652,93945360,79240573,173185933,1,0,0,24064,9,3149392613
16653,93946150,78924232,172870382,1,0,0,3072,9,5584764415
16654,93954380,78916337,172870717,4,0,0,1024,13,9632973365
16655,93960311,79142359,173102670,2,0,0,11776,13,1884927516
16656,93964230,79133233,173097463,8,0,0,17920,17,705210790
16657,93970721,79173240,173143961,2,0,0,57344,13,3857738828
16658,93970890,79036683,173007573,3,0,0,12800,7,8081725956
16659,93971210,79196558,173167768,4,0,0,50176,13,7967264861
16660,93983950,98741167,192725117,5,0,1,7168,7,4596692365
16661,93993739,79065363,173059102,0,0,0,512,18,6613890954
16662,93997980,78947822,172945802,6,0,0,6144,8,10602893531
16663,94019591,78976392,172995983,2,0,0,11776,13,2613450258
16664,94027301,98743271,192770572,8,0,1,6656,17,6153462958
16665,94040540,98731338,192771878,5,0,1,2048,7,4960175607
16666,94044420,79311631,173356051,4,0,0,53760,13,1691555977
16667,94054210,98975302,193029512,3,0,1,37888,7,5597490391
16668,94054219,78973832,173028051,5,0,0,4096,7,10095775347
16669,94055990,98973545,193029535,5,0,1,3072,7,2764934970
16670,94057379,78952245,173009624,0,0,0,6656,18,6733262673
16671,94058720,79303305,173362025,1,0,0,19456,9,10405077215
16672,94060540,79139703,173200243,1,0,0,40448,9,50032572
16673,94062990,79108077,173171067,4,0,0,10752,13,9282947643
16674,94063309,79008291,173071600,0,0,0,9728,18,4059738731
16675,94075319,79103259,173178578,5,0,0,24576,7,5877083333
16676,94080510,79119912,173200422,9,0,0,512,17,970078408
16677,94083110,98987731,193070841,6,0,1,16896,8,5456422815
16678,94100950,98969914,193070864,5,0,1,6144,7,4348894942
16679,94107559,79188221,173295780,0,0,0,15360,18,9524106746
16680,94111019,79144438,173255457,0,0,0,15872,18,7156253883
16681,94113960,79256691,173370651,1,0,0,21504,9,3778106554
16682,94114801,98998283,193113084,8,0,1,2560,17,1886447310
16683,94129200,98987838,193117038,2,0,1,6144,13,7178077138
16684,94129340,98987721,193117061,3,0,1,5120,7,9769318344
16685,94131819,79306778,173438597,5,0,0,10752,7,8208735085
16686,94136710,78953928,173090638,3,0,0,512,7,9836698739
16687,94140290,99025377,193165667,6,0,1,8704,8,3530426131
16688,94148170,79609616,173757786,9,0,0,29184,17,2314342602
16689,94149930,79485126,173635056,8,0,0,101376,17,135441234
16690,94153550,99012140,193165690,1,0,1,2560,9,8955542771
16691,94157080,79299464,173456544,9,0,0,19968,17,3674147812
16692,94173640,79225219,173398859,1,0,0,27648,9,5684985148
16693,94173870,79250041,173423911,9,0,0,79872,17,7549607323
16694,94175510,99018537,193194047,7,0,1,10752,6,8427558089
16695,94178890,79351429,173530319,9,0,0,8192,17,5798338397
16696,94188150,79243896,173432046,4,0,0,26624,13,1881811425
16697,94189630,79118627,173308257,6,0,0,17408,8,10716222287
16698,94191739,79396091,173587830,0,0,0,1536,18,5611762445
16699,94208130,79163948,173372078,6,0,0,4608,8,7290015716
16700,94208190,98985880,193194070,5,0,1,4608,7,1294034448
16701,94219089,79299683,173518772,0,0,0,14336,18,5530768036
16702,94247960,79218820,173466780,9,0,0,11264,17,5708368647
16703,94251990,98953062,193205052,2,0,1,14848,13,1165826855
16704,94252850,79449371,173702221,1,0,0,116736,9,459253185
16705,94255839,79108237,173364076,5,0,0,6656,7,3162275481
16706,94260821,79209238,173470059,2,0,0,6144,13,10210630961
16707,94261080,98943995,193205075,9,0,1,9216,17,5031195485
16708,94265689,79465510,173731199,5,0,0,56832,7,4270833294
16709,94270519,79396095,173666614,0,0,0,83456,18,8188022896
16710,94270601,79207520,173478121,2,0,0,4608,13,2671756963
16711,94281191,79306148,173587339,2,0,0,41472,13,5166450248
16712,94283700,98946942,193230642,9,0,1,5120,17,8802835978
16713,94296651,79295570,173592221,2,0,0,14336,13,2478836877
16714,94304130,98928804,193232934,1,0,1,2048,9,8970024524
16715,94313460,79639168,173952628,1,0,0,3584,9,8265769979
16716,94321069,79320094,173641163,0,0,0,19968,18,412516891
16717,94321780,79629733,173951513,8,0,0,14336,17,4365577883
16718,94326910,79384696,173711606,8,0,0,4608,17,9490165328
16719,94334950,79374741,173709691,9,0,0,24064,17,9738879041
16720,94350639,79495204,173845843,0,0,0,59392,18,10486845267
16721,94351840,98881117,193232957,7,0,1,1024,6,4654817733
16722,94359060,98891451,193250511,5,0,1,14848,7,3134105378
16723,94366020,79648694,174014714,1,0,0,26112,9,4108537347
16724,94375419,79415810,173791229,0,0,0,41984,18,1434601038
16725,94382120,79577083,173959203,4,0,0,21504,13,6512949791
16726,94385941,79327092,173713033,2,0,0,4608,13,6835739743
16727,94389300,79539496,173928796,9,0,0,19456,17,1714725836
16728,94397211,79491847,173889058,2,0,0,5120,13,3035455862
16729,94409030,79722388,174131418,4,0,0,17408,13,8665125450
16730,94412800,79414924,173827724,4,0,0,59392,13,5517903743
16731,94442910,98864802,193307712,5,0,1,1024,7,1491121410
16732,94452070,79495052,173947122,6,0,0,55808,8,713306607
16733,94462090,79715909,174177999,9,0,0,87040,17,602576289
16734,94463770,98846741,193310511,2,0,1,3072,13,2483795788
16735,94465630,79510376,173976006,1,0,0,43520,9,4118621055
16736,94484480,98826164,193310644,2,0,1,1536,13,3524384681
16737,94489700,79636391,174126091,9,0,0,30720,17,7219206234
16738,94496640,79544928,174041568,7,0,0,11776,6,763919938
16739,94500200,79395382,173895582,4,0,0,20992,13,2282980111
16740,94500981,79634524,174135505,2,0,0,13312,13,8855103843
16741,94503200,79711284,174214484,6,0,0,22528,8,3683297121
16742,94512380,79582685,174095065,4,0,0,11264,13,4094033185
16743,94513910,98799640,193313550,4,0,1,4608,13,6282765017
16744,94526850,98786854,193313704,2,0,1,8704,13,6007887159
16745,94527280,79589382,174116662,4,0,0,38912,13,696629319
16746,94534260,79529252,174063512,6,0,0,8704,8,931926036
16747,94541000,79563760,174104760,1,0,0,31744,9,7787603640
16748,94555300,79791413,174346713,8,0,0,22528,17,9966292421
16749,94556051,79861186,174417237,2,0,0,32256,13,8996572557
16750,94566560,98763092,193329652,5,0,1,14336,7,4454910105
16751,94570799,79275581,173846380,0,0,0,1536,18,5591651881
16752,94576300,98773342,193349642,7,0,1,5632,6,7536327686
16753,94595140,98764951,193360091,7,0,1,512,6,1364992488
16754,94598180,98761934,193360114,7,0,1,4608,6,4418426919
16755,94599120,79647995,174247115,6,0,0,25600,8,5880468873
16756,94600630,79835147,174435777,6,0,0,15360,8,7837693505
16757,94604999,79867215,174472214,5,0,0,40448,7,2923709462
16758,94614550,79977913,174592463,3,0,0,18944,7,6940655830
16759,94616400,79719636,174336036,3,0,0,64000,7,7222750122
16760,94620530,79752570,174373100,1,0,0,23552,9,5525140790
16761,94622320,79585277,174207597,1,0,0,52224,9,7704024925
16762,94626730,79780004,174406734,1,0,0,32768,9,6844444684
16763,94632970,98727167,193360137,2,0,1,512,13,6413289675
16764,94636720,98723440,193360160,3,0,1,13824,7,2232488965
16765,94640230,79548190,174188420,7,0,0,12288,6,5709961688
16766,94655510,79597093,174252603,7,0,0,12288,6,1691225242
16767,94656489,79877742,174534231,5,0,0,5632,7,7421511259
16768,94673110,79936183,174609293,1,0,0,36352,9,4077559978
16769,94674650,98702828,193377478,7,0,1,14848,6,4158042191
16770,94681229,98969382,193650611,4,0,1,79360,13,5496163769
16771,94684670,99037091,193721761,2,0,1,512,13,1240670527
16772,94685410,79608049,174293459,6,0,0,39424,8,10378525880
16773,94700000,99021784,193721784,3,0,1,9216,7,2146744031
16774,94700090,79639401,174339491,3,0,0,11264,7,2087719487
16775,94705650,79838432,174544082,3,0,0,32256,7,5795411179
16776,94711780,79746668,174458448,8,0,0,13312,17,1195932025
16777,94722519,79558905,174281424,0,0,0,46080,18,7311046413
16778,94727301,79805191,174532492,2,0,0,99328,13,3716468534
16779,94744659,99001922,193746581,4,0,1,20480,13,4037567376
16780,94747690,79618211,174365901,3,0,0,25088,7,2056413320
16781,94752940,79793528,174546468,9,0,0,4608,17,9212959450
16782,94759060,79823791,174582851,1,0,0,10240,9,4934725956
16783,94759659,79671415,174431074,5,0,0,22016,7,1531807717
16784,94764530,79794933,174559463,6,0,0,34304,8,288751114
16785,94764870,99035876,193800746,6,0,1,13312,8,9882716455
16786,94771110,79872065,174643175,7,0,0,24064,6,9959697107
16787,94773180,79665428,174438608,6,0,0,9216,8,2158364031
16788,94777010,79869175,174646185,9,0,0,9728,17,26943318
16789,94777980,79570543,174348523,6,0,0,3072,8,5226110837
16790,94791730,79960513,174752243,8,0,0,8704,17,1452433782
16791,94803730,79825051,174628781,8,0,0,3584,17,5904366672
16792,94812571,79967495,174780066,2,0,0,77824,13,4836124813
16793,94817859,79729256,174547115,0,0,0,2048,18,5819950816
16794,94818570,79662114,174480684,1,0,0,7168,9,1142421529
16795,94823830,79826181,174650011,4,0,0,9216,13,1487280500
16796,94823939,79741060,174564999,5,0,0,2048,7,8893228647
16797,94828631,79716410,174545041,2,0,0,3072,13,4652652079
16798,94855980,98959975,193815955,1,0,1,4608,9,744352168
16799,94856959,79870315,174727274,5,0,0,512,7,8629576451
16800,94858320,79990669,174848989,8,0,0,6656,17,2369709044
16801,94858679,79766682,174625361,5,0,0,27648,7,789041429
16802,94859590,79878813,174738403,7,0,0,23040,6,1580651111
16803,94865630,98950364,193815994,3,0,1,5120,7,317146968
16804,94873059,79870454,174743513,0,0,0,15872,18,9781020593
16805,94888171,79898805,174786976,2,0,0,22528,13,8762890529
16806,94893161,80085494,174978655,2,0,0,37888,13,7278197210
16807,94895560,98920457,193816017,2,0,1,7680,13,2046099556
16808,94898870,98927310,193826180,1,0,1,2560,9,2035829736
16809,94901039,99286260,194187299,4,0,1,59904,13,3161490937
16810,94905729,99294603,194200332,0,0,1,13824,18,9013889270
16811,94910219,99298708,194208927,4,0,1,10752,13,3397003604
16812,94928870,79771665,174700535,8,0,0,2048,17,8355769265
16813,94930910,79762855,174693765,4,0,0,5120,13,2780229911
16814,94934330,99346435,194280765,9,0,1,10752,17,10516743738
16815,94944650,79766608,174711258,3,0,0,13312,7,4500713185
16816,94948761,79796335,174745096,2,0,0,5120,13,9610516553
16817,94953080,80086513,175039593,9,0,0,44032,17,3672679430
16818,94962210,79907011,174869221,3,0,0,40448,7,9688256027
16819,94963360,79914152,174877512,4,0,0,27136,13,4823560975
16820,94966691,80273368,175240059,2,0,0,58368,13,4387416239
16821,94973379,79988271,174961650,5,0,0,6144,7,1538586397
16822,94977590,99312548,194290138,2,0,1,12800,13,2758291154
16823,94978080,80183906,175161986,8,0,0,98816,17,1913333058
16824,95005660,99334916,194340576,7,0,1,17920,6,10585319468
16825,95016150,79987405,175003555,9,0,0,79360,17,9217916308
16826,95017260,80073063,175090323,7,0,0,12800,6,9782560511
16827,95020860,99345699,194366559,2,0,1,10240,13,4049551667
16828,95022319,79990486,175012805,5,0,0,30208,7,5989377839
16829,95025429,79934326,174959755,0,0,0,79360,18,2093201713
16830,95029630,101059741,196089371,4,0,1,985600,13,1500947693
16831,95033360,80602990,175636350,3,0,0,8704,7,8878856313
16832,95037089,101079750,196116839,0,0,1,1536,18,6846416670
16833,95044279,80401536,175445815,0,0,0,20992,18,10618762998
16834,95046751,81103627,176150378,2,0,0,69120,13,7485015856
16835,95052009,80949689,176001698,0,0,0,75264,18,4753436332
16836,95054440,80753227,175807667,9,0,0,91648,17,8286912524
16837,95061640,101058745,196120385,2,0,1,5632,13,1738633258
16838,95066600,80042400,175109000,3,0,0,3584,7,2310250944
16839,95068551,101070232,196138783,8,0,1,16384,17,1776902387
16840,95071710,80433340,175505050,1,0,0,17408,9,2311163191
16841,95074960,80100363,175175323,9,0,0,20480,17,1877355886
16842,95077830,101101742,196179572,7,0,1,15360,6,1882038340
16843,95080670,80533524,175614194,4,0,0,8192,13,739763027
16844,95082761,80410387,175493148,2,0,0,56832,13,10590639268
16845,95084830,101099248,196184078,7,0,1,7168,6,4976823597
16846,95086509,80520455,175606964,0,0,0,13824,18,7570296891
16847,95086970,101129583,196216553,5,0,1,1536,7,1669953437
16848,95092191,80808395,175900586,2,0,0,11264,13,7592107868
16849,95092231,80228917,175321148,2,0,0,2048,13,6279158421
16850,95093130,80158652,175251782,6,0,0,38400,8,7647744928
16851,95098940,80361636,175460576,6,0,0,3584,8,7350090941
16852,95100450,101116126,196216576,1,0,1,2048,9,2913365072
16853,95113560,80156145,175269705,1,0,0,18432,9,4666131684
16854,95126029,80261246,175387275,5,0,0,30208,7,7182023531
16855,95129500,101087099,196216599,7,0,1,7168,6,2730721283
16856,95149020,80595973,175744993,3,0,0,7168,7,7357803437
16857,95149880,80207478,175357358,8,0,0,13824,17,2542756128
16858,95153930,80179566,175333496,7,0,0,7168,6,7593692608
16859,95158710,80800522,175959232,3,0,0,3072,7,2642479486
16860,95158990,80212121,175371111,8,0,0,22528,17,5674772873
16861,95159951,79911165,175071116,2,0,0,2560,13,7973681590
16862,95162839,80092718,175255557,5,0,0,12288,7,9683258275
16863,95162871,80157630,175320501,2,0,0,79360,13,5682781758
16864,95170361,80160254,175330615,2,0,0,6656,13,9839668688
16865,95179080,101580195,196759275,4,0,1,348160,13,3556277645
16866,95184000,80087132,175271132,8,0,0,4608,17,1642348928
16867,95185809,80757791,175943600,5,0,0,5120,7,2586179910
16868,95190840,101601359,196792199,6,0,1,5632,8,7290292987
16869,95192600,101599622,196792222,2,0,1,8192,13,6657202985
16870,95197959,80828567,176026526,0,0,0,30720,18,3108588156
16871,95198340,80148715,175347055,7,0,0,7168,6,4787913845
16872,95205719,101617011,196822730,0,0,1,1024,18,5564637071
16873,95205820,80080828,175286648,6,0,0,30720,8,5543054392
16874,95209180,80154478,175363658,1,0,0,14336,9,1373111869
16875,95215099,80297618,175512717,0,0,0,25088,18,7740692836
16876,95216360,81203905,176420265,7,0,0,43008,6,5861995160
16877,95217000,101607676,196824676,1,0,1,3072,9,7733829481
16878,95220300,80559420,175779720,3,0,0,512,7,1542942928
16879,95223080,101603081,196826161,5,0,1,15360,7,395877665
16880,95223710,80292618,175516328,5,0,0,11776,7,4240287576
16881,95227290,80522837,175750127,9,0,0,5120,17,4333735836
16882,95238061,80652006,175890067,2,0,0,10240,13,5845513204
16883,95239180,80306314,175545494,9,0,0,14848,17,5889952835
16884,95240090,80374462,175614552,1,0,0,1024,9,140235889
16885,95249760,80701100,175950860,9,0,0,13824,17,1253185064
16886,95255240,80291993,175547233,8,0,0,5632,17,1779233186
16887,95265571,101560936,196826507,8,0,1,512,17,9288483436
16888,95266350,80233373,175499723,9,0,0,21504,17,10485819166
16889,95266841,80077642,175344483,2,0,0,5632,13,3270847481
16890,95274320,80546318,175820638,7,0,0,42496,6,2363311800
16891,95274979,101553474,196828453,0,0,1,3072,18,5050898499
16892,95277790,80306601,175584391,3,0,0,30720,7,3358367702
16893,95281650,80256419,175538069,4,0,0,7168,13,7780526211
16894,95288109,80345009,175633118,5,0,0,5120,7,10475133667
16895,95291330,80118726,175410056,1,0,0,9216,9,193608487
16896,95293669,80989202,176282871,5,0,0,11264,7,5780828859
16897,95293790,80878716,176172506,1,0,0,20480,9,9752510904
16898,95298480,80164885,175463365,5,0,0,7680,7,6313942523
16899,95299411,80615238,175914649,2,0,0,46080,13,1340729153
16900,95299890,80139506,175439396,9,0,0,9728,17,5046001195
16901,95306780,80161637,175468417,4,0,0,4096,13,3308939483
16902,95316580,101516059,196832639,2,0,1,6656,13,9920861659
16903,95319220,80599352,175918572,5,0,0,12800,7,3271953962
16904,95324170,80231572,175555742,6,0,0,17408,8,4005315096
16905,95327070,101505825,196832895,1,0,1,9216,9,21379437
16906,95330520,80281147,175611667,4,0,0,15360,13,2879353723
16907,95333220,80292692,175625912,4,0,0,4608,13,7982097189
16908,95335080,80257363,175592443,7,0,0,11776,6,92448722
16909,95339210,101556717,196895927,7,0,1,3584,6,6541363104
16910,95346010,101602187,196948197,5,0,1,37376,7,4226071734
16911,95349290,80288175,175637465,3,0,0,3584,7,780820792
16912,95353160,80533764,175886924,3,0,0,53248,7,7540065298
16913,95353701,80368301,175722002,2,0,0,37376,13,8595257668
16914,95375739,101576110,196951849,4,0,1,13824,13,7623397624
16915,95376830,101584853,196961683,5,0,1,5120,7,1374689607
16916,95377510,80458127,175835637,1,0,0,49152,9,6209456590
16917,95381700,101605090,196986790,7,0,1,22016,6,9515667009
16918,95392521,80532337,175924858,2,0,0,18944,13,2985981147
16919,95393930,80381532,175775462,1,0,0,15360,9,9887201205
16920,95400340,101642871,197043211,6,0,1,49664,8,4593297657
16921,95400710,80664096,176064806,3,0,0,33792,7,3036917319
16922,95401470,80605087,176006557,4,0,0,15872,13,1290850586
16923,95402541,101675379,197077920,8,0,1,4608,17,3300016326
16924,95408989,101682264,197091253,4,0,1,6656,13,8011254606
16925,95410040,80425776,175835816,5,0,0,512,7,6620917214
16926,95410140,101682291,197092431,5,0,1,13824,7,5471986584
16927,95415651,81048939,176464590,2,0,0,15360,13,9683599501
16928,95416380,80502683,175919063,7,0,0,1536,6,4004700331
16929,95421260,101755231,197176491,5,0,1,22528,7,5348011852
16930,95422290,80836824,176259114,6,0,0,14336,8,2126292668
16931,95427040,80827192,176254232,6,0,0,99840,8,7658190171
16932,95429790,80770975,176200765,6,0,0,92672,8,9346677681
16933,95450820,80634398,176085218,9,0,0,30208,17,2745583378
16934,95454220,80675075,176129295,4,0,0,28672,13,10137183972
16935,95454771,101736617,197191388,8,0,1,32768,17,5180984434
16936,95459070,80283716,175742786,4,0,0,24064,13,905044639
16937,95461620,80937038,176398658,4,0,0,68608,13,2168096545
16938,95471250,80617267,176088517,8,0,0,10752,17,3530562601
16939,95472070,101719684,197191754,2,0,1,2048,13,7498612335
16940,95480131,101741167,197221298,8,0,1,6144,17,1625684274
16941,95482310,80411860,175894170,5,0,0,13312,7,552581101
16942,95483230,101739374,197222604,1,0,1,2048,9,1809179079
16943,95486960,81002051,176489011,9,0,0,37888,17,7562765361
16944,95490290,80555915,176046205,8,0,0,64512,17,2166623461
16945,95498190,80396315,175894505,7,0,0,1024,6,4397223248
16946,95498200,80854449,176352649,1,0,0,51200,9,2688901652
16947,95499370,80653683,176153053,1,0,0,8704,9,6725973577
16948,95499910,80279631,175779541,9,0,0,13312,17,2946687042
16949,95511769,80795233,176307002,5,0,0,45056,7,804426511
16950,95517040,101726719,197243759,5,0,1,22528,7,4972349982
16951,95517520,81020680,176538200,3,0,0,76800,7,3314892592
16952,95528649,102578908,198107557,4,0,1,429568,13,7541490383
16953,95538620,80783599,176322219,6,0,0,43008,8,1741553070
16954,95547250,80526069,176073319,7,0,0,5120,6,8463904635
16955,95553280,80887912,176441192,8,0,0,68608,17,9693000070
16956,95556500,80780526,176337026,1,0,0,27648,9,488271904
16957,95559380,102548200,198107580,9,0,1,3584,17,6637955780
16958,95570170,80717015,176287185,8,0,0,7168,17,1314567659
16959,95570290,102537313,198107603,5,0,1,1024,7,5933645818
16960,95572120,102535506,198107626,5,0,1,6144,7,377960566
16961,95577690,81093713,176671403,6,0,0,32768,8,1973187129
16962,95582590,80918144,176500734,9,0,0,38400,17,7262115946
16963,95584980,80856547,176441527,9,0,0,1024,17,2394239301
16964,95585429,102522220,198107649,4,0,1,12800,13,6143997279
16965,95585950,80856068,176442018,4,0,0,1536,13,5522729141
16966,95602150,80962539,176564689,9,0,0,3072,17,6099157324
16967,95602270,80842267,176444537,1,0,0,8192,9,2205324312
16968,95606400,80702684,176309084,1,0,0,6144,9,6713811072
16969,95616770,80784719,176401489,8,0,0,9216,17,5066578205
16970,95623840,80630883,176254723,9,0,0,1536,17,3762929138
16971,95634669,102762069,198396738,4,0,1,219648,13,9315549136
16972,95636740,80640035,176276775,6,0,0,4096,8,4883877888
16973,95642210,80664971,176307181,1,0,0,512,9,3887482745
16974,95647960,81214436,176862396,1,0,0,14336,9,4841513029
16975,95649299,80972914,176622213,0,0,0,14336,18,1190252630
16976,95651270,80849799,176501069,6,0,0,1024,8,5398491304
16977,95651350,80943259,176594609,5,0,0,6656,7,6851683215
16978,95656250,80697202,176353452,1,0,0,2560,9,7731842141
16979,95656640,81093510,176750150,1,0,0,17920,9,5980894005
16980,95656930,80668672,176325602,4,0,0,8192,13,6021464011
16981,95664220,81062649,176726869,4,0,0,14336,13,7489935140
16982,95669470,80807966,176477436,9,0,0,35840,17,6541512275
16983,95681830,80881900,176563730,1,0,0,43520,9,1488518901
16984,95693640,102704557,198398197,9,0,1,32768,17,434120869
16985,95694910,102704086,198398996,9,0,1,512,17,7459033399
16986,95696420,81026058,176722478,8,0,0,78336,17,10090546255
16987,95701451,102700771,198402222,8,0,1,5120,17,4696008353
16988,95704620,80755267,176459887,3,0,0,9728,7,3173367279
16989,95710480,102746785,198457265,5,0,1,6144,7,10217765509
16990,95714090,81060642,176774732,3,0,0,23552,7,1646172573
16991,95715990,80945406,176661396,8,0,0,9216,17,7841723668
16992,95723760,80733132,176456892,9,0,0,40448,17,6107239874
16993,95725000,81032799,176757799,9,0,0,10752,17,5888724777
16994,95748160,80869662,176617822,3,0,0,32256,7,9502558898
16995,95751609,103094530,198846139,4,0,1,311808,13,3776419630
16996,95758340,81099665,176858005,5,0,0,30208,7,1440743783
16997,95773560,80822632,176596192,3,0,0,5120,7,3663145635
16998,95780690,103065472,198846162,5,0,1,1536,7,10643710503
16999,95787830,80816185,176604015,9,0,0,25600,17,6952272470
17000,95805651,81262290,177067941,2,0,0,48128,13,3036394278
17001,95812380,81032532,176844912,4,0,0,20992,13,9278986362
17002,95825740,103020445,198846185,9,0,1,3584,17,1767470013
17003,95826251,80640242,176466493,2,0,0,6144,13,4611096101
17004,95831771,81123106,176954877,2,0,0,6656,13,10038620719
17005,95834540,80837362,176671902,5,0,0,1536,7,1294172654
17006,95836010,103019260,198855270,9,0,1,23040,17,901778017
17007,95845040,80977140,176822180,7,0,0,41472,6,8389948408
17008,95845480,81168698,177014178,9,0,0,46080,17,7500331855
17009,95846880,103008749,198855629,9,0,1,9728,17,3230572945
17010,95848649,80880895,176729544,0,0,0,8704,18,2911678638
17011,95848961,103043257,198892218,8,0,1,15872,17,4136766768
17012,95854271,103053770,198908041,8,0,1,3584,17,1141501136
17013,95864240,80760024,176624264,6,0,0,6656,8,1833666829
17014,95870300,103037764,198908064,6,0,1,4608,8,3400452578
17015,95871760,81125158,176996918,5,0,0,15872,7,1246422144
17016,95883260,81458780,177342040,6,0,0,96256,8,7266874592
17017,95885320,103041053,198926373,3,0,1,13824,7,9150836520
17018,95886740,81915463,177802203,3,0,0,2048,7,6368989314
17019,95889300,103078520,198967820,2,0,1,15872,13,916021679
17020,95892520,81848705,177741225,3,0,0,9728,7,3196595825
17021,95894610,81241592,177136202,3,0,0,34304,7,7372534852
17022,95895390,81230337,177125727,1,0,0,14848,9,336254267
17023,95896600,81654553,177551153,1,0,0,17920,9,4546099273
17024,95897440,103071558,198968998,2,0,1,13824,13,4960227073
17025,95907670,80884402,176792072,4,0,0,8192,13,3205759047
17026,95908850,81039360,176948210,7,0,0,12288,6,8635817850
17027,95909861,103071832,198981693,8,0,1,9728,17,9598532898
17028,95912120,103091787,199003907,9,0,1,10240,17,1490786171
17029,95913600,82393713,178307313,9,0,0,28672,17,8324767121
17030,95920510,80856181,176776691,7,0,0,3072,6,284019425
17031,95930140,80830806,176760946,9,0,0,10240,17,1494413251
17032,95930320,103077133,199007453,1,0,1,5632,9,580239392
17033,95938411,81265997,177204408,2,0,0,3584,13,9769358673
17034,95946320,103070742,199017062,9,0,1,9216,17,3487632736
17035,95954131,80938574,176892705,2,0,0,16896,13,6771311810
17036,95954610,81134769,177089379,4,0,0,26624,13,6263037528
17037,95958040,103143257,199101297,4,0,1,51712,13,6214829482
17038,95964560,81311519,177276079,8,0,0,25600,17,10682892865
17039,95965780,103136593,199102373,5,0,1,13312,7,5372666846
17040,95974440,81061640,177036080,6,0,0,7168,8,5656342658
17041,95975519,80985070,176960589,0,0,0,512,18,354601456
17042,95976500,81224742,177201242,8,0,0,74240,17,1800694408
17043,95980060,81243247,177223307,7,0,0,61952,6,7450138464
17044,95986590,80955117,176941707,7,0,0,10240,6,4897596382
17045,95998570,81102161,177100731,3,0,0,3072,7,7694965792
17046,96002669,80970328,176972997,0,0,0,5632,18,8975104558
17047,96033630,81202357,177235987,5,0,0,7168,7,2085876057
17048,96033960,81395975,177429935,8,0,0,19456,17,7584386116
17049,96034130,103085326,199119456,6,0,1,4608,8,1908372886
17050,96038730,81004713,177043443,9,0,0,18944,17,10258348308
17051,96044721,81095092,177139813,2,0,0,11776,13,10505265184
17052,96050950,80985621,177036571,5,0,0,1536,7,7775298809
17053,96053701,103067061,199120762,8,0,1,2048,17,8599137069
17054,96054150,103163881,199218031,1,0,1,18944,9,4174703957
17055,96055570,81172292,177227862,7,0,0,14848,6,6972461774
17056,96057750,81198508,177256258,4,0,0,2048,13,4247218973
17057,96062709,81109434,177172143,0,0,0,8704,18,9572718802
17058,96066790,81601798,177668588,6,0,0,13824,8,4714385656
17059,96068860,81353003,177421863,6,0,0,58880,8,2424908145
17060,96070910,81197323,177268233,7,0,0,20480,6,3622023903
17061,96071020,81351958,177422978,5,0,0,3584,7,3750560110
17062,96074910,81603685,177678595,6,0,0,32768,8,7094107425
17063,96076810,103141580,199218390,2,0,1,9728,13,5550607523
17064,96080670,81148931,177229601,9,0,0,5632,17,8091194430
17065,96084021,81167003,177251024,2,0,0,4608,13,143890312
17066,96084130,81270528,177354658,3,0,0,31232,7,6038237065
17067,96084970,103197757,199282727,7,0,1,18432,6,5006485256
17068,96085160,81160009,177245169,6,0,0,2560,8,5106680003
17069,96100530,81102763,177203293,8,0,0,6656,17,7090447050
17070,96102221,81285826,177388047,2,0,0,14336,13,809951713
17071,96115350,81642431,177757781,5,0,0,43520,7,1194502653
17072,96116780,81481614,177598394,1,0,0,35328,9,5338293420
17073,96120890,81717330,177838220,3,0,0,36352,7,7677095920
17074,96121400,81605188,177726588,4,0,0,5632,13,672709590
17075,96122970,81464637,177587607,9,0,0,72192,17,5064590014
17076,96126790,81537563,177664353,4,0,0,73216,13,3566980244
17077,96137590,81545084,177682674,1,0,0,13312,9,1275575973
17078,96142900,81202219,177345119,3,0,0,9728,7,6800254049
17079,96144911,82298454,178443365,2,0,0,40448,13,9507063099
17080,96148400,103134350,199282750,9,0,1,10240,17,305580616
17081,96154910,81760377,177915287,1,0,0,50176,9,10432855875
17082,96157360,81443865,177601225,8,0,0,9216,17,6123012741
17083,96158550,82370642,178529192,1,0,0,32768,9,9807936899
17084,96159919,81851512,178011431,0,0,0,512,18,6441413953
17085,96165720,81683087,177848807,9,0,0,23552,17,2709059897
17086,96170350,81548190,177718540,9,0,0,112640,17,1195933653
17087,96189379,82495751,178685130,0,0,0,51200,18,8278958606
17088,96192420,81960709,178153129,8,0,0,45056,17,2694204301
17089,96209451,81681960,177891411,2,0,0,27648,13,10464343931
17090,96210590,81639853,177850443,7,0,0,4096,6,8384096683
17091,96219940,81504262,177724202,4,0,0,9728,13,6917784814
17092,96223300,81575903,177799203,9,0,0,17408,17,1138050953
17093,96226150,81913228,178139378,8,0,0,14336,17,9789824596
17094,96226739,103056034,199282773,4,0,1,8704,13,7930458232
17095,96231530,81493319,177724849,3,0,0,2048,7,5668329832
17096,96244520,81544724,177789244,3,0,0,9728,7,10577738946
17097,96248221,103040214,199288435,8,0,1,7680,17,2485449452
17098,96250250,81576871,177827121,4,0,0,42496,13,3853959595
17099,96268030,82398199,178666229,4,0,0,23552,13,3219705451
17100,96269330,103028932,199298262,1,0,1,3072,9,8419829619
17101,96269440,81814703,178084143,3,0,0,96256,7,176096240
17102,96280049,103018559,199298608,0,0,1,512,18,5547314284
17103,96293360,82567221,178860581,6,0,0,18944,8,8215754112
17104,96295940,81425275,177721215,6,0,0,8704,8,7453596743
17105,96298920,81631990,177930910,5,0,0,51200,7,7545699915
17106,96299580,81682665,177982245,1,0,0,5120,9,2747483765
17107,96300940,81672191,177973131,9,0,0,39424,17,9795387629
17108,96306760,82951119,179257879,3,0,0,21504,7,365048183
17109,96313030,81798233,178111263,9,0,0,29184,17,3543280986
17110,96313080,81568977,177882057,7,0,0,11264,6,3398010449
17111,96315750,81819237,178134987,3,0,0,11264,7,6942099546
17112,96320850,81438358,177759208,4,0,0,4608,13,1288642321
17113,96321500,81719581,178041081,5,0,0,44544,7,6834156498
17114,96328630,81884938,178213568,3,0,0,19456,7,9823646727
17115,96332011,81875606,178207617,2,0,0,31744,13,3279418749
17116,96335120,81757311,178092431,5,0,0,21504,7,54367665
17117,96338470,81946013,178284483,5,0,0,49664,7,10139986090
17118,96340090,81704001,178044091,8,0,0,512,17,3557526324
17119,96347060,81822963,178170023,1,0,0,54272,9,6089827053
17120,96348110,81625512,177973622,3,0,0,1536,7,3221989255
17121,96350140,102951694,199301834,3,0,1,5120,7,4657441095
17122,96352220,81946326,178298546,7,0,0,46080,6,6308119957
17123,96357900,102944600,199302500,7,0,1,1024,6,1531897649
17124,96359619,103136935,199496554,4,0,1,118272,13,3695436277
17125,96371300,81744751,178116051,4,0,0,7168,13,1881422115
17126,96379250,82002101,178381351,9,0,0,36352,17,1803558900
17127,96382020,83002135,179384155,8,0,0,91136,17,890274020
17128,96388660,81837066,178225726,5,0,0,4608,7,2103252679
17129,96388870,83138997,179527867,4,0,0,194560,13,5942823436
17130,96390380,82375683,178766063,3,0,0,50176,7,3958578942
17131,96397770,81646142,178043912,3,0,0,9216,7,7220381025
17132,96398680,82106811,178505491,8,0,0,28160,17,7409582811
17133,96398951,81908853,178307804,2,0,0,1536,13,9608034935
17134,96407490,81815149,178222639,7,0,0,29696,6,3706950101
17135,96409190,103101568,199510758,3,0,1,2048,7,7832165731
17136,96410270,81824415,178234685,9,0,0,18432,17,6764728479
17137,96420689,81580818,178001507,0,0,0,13312,18,365644638
17138,96424040,103086741,199510781,5,0,1,5120,7,387269866
17139,96443901,82135425,178579326,2,0,0,66560,13,8934265910
17140,96451940,103089665,199541605,6,0,1,3584,8,1104092569
17141,96456509,82131943,178588452,0,0,0,18432,18,3915886590
17142,96467490,103133575,199601065,3,0,1,9216,7,62468910
17143,96476080,103169280,199645360,3,0,1,11776,7,6864665209
17144,96487930,83090665,179578595,1,0,0,39936,9,2155263614
17145,96492839,82354470,178847309,0,0,0,8192,18,6742826302
17146,96502299,103166658,199668957,0,0,1,6656,18,3289668146
17147,96505560,83242142,179747702,4,0,0,4096,13,4981699482
17148,96507400,83166610,179674010,1,0,0,5632,9,3255028349
17149,96512880,82552658,179065538,3,0,0,81920,7,2502164254
17150,96527570,82004164,178531734,6,0,0,1024,8,4369724903
17151,96531070,81820177,178351247,3,0,0,6656,7,8262245545
17152,96533210,81620254,178153464,9,0,0,1024,17,5208970450
17153,96536890,81947761,178484651,8,0,0,121856,17,9670388350
17154,96545551,81985848,178531399,2,0,0,7168,13,8461185782
17155,96548780,81970405,178519185,6,0,0,36352,8,8461811504
17156,96551940,83317322,179869262,6,0,0,24064,8,1366190430
17157,96555839,82091893,178647732,0,0,0,37888,18,7699640186
17158,96561119,82581684,179142803,0,0,0,11776,18,9920918063
17159,96561970,81924443,178486413,6,0,0,2048,8,1619699892
17160,96572070,82224619,178796689,6,0,0,50688,8,1259431957
17161,96574760,82229619,178804379,7,0,0,25088,6,4521516795
17162,96581090,82043542,178624632,1,0,0,8192,9,1620552348
17163,96581860,103090963,199672823,5,0,1,6144,7,8552292832
17164,96592820,103089558,199682378,2,0,1,2048,13,9483726378
17165,96593069,103323121,199916190,4,0,1,142848,13,8966864389
17166,96601330,82379080,178980410,1,0,0,17408,9,902956036
17167,96606690,82092549,178699239,5,0,0,46080,7,8204913103
17168,96615130,103352218,199967348,6,0,1,6144,8,4501291328
17169,96622360,83286670,179909030,9,0,0,32256,17,195671439
17170,96629440,103343291,199972731,6,0,1,3072,8,4213417317
17171,96629750,82264186,178893936,1,0,0,52224,9,1296397357
17172,96631160,82826762,179457922,9,0,0,39936,17,7314979127
17173,96632501,82322557,178955058,2,0,0,25600,13,6788024706
17174,96647290,81685081,178332371,4,0,0,10240,13,4910249377
17175,96648090,81961675,178609765,5,0,0,16384,7,2627064567
17176,96657840,82242850,178900690,9,0,0,8704,17,8671456324
17177,96664499,82448983,179113482,0,0,0,8192,18,9893280087
17178,96666490,82102716,178769206,6,0,0,10240,8,1154652674
17179,96666960,82150201,178817161,7,0,0,11776,6,768771968
17180,96671210,82318186,178989396,3,0,0,20480,7,5244684867
17181,96677740,81911515,178589255,8,0,0,2560,17,5180507438
17182,96679210,81806556,178485766,9,0,0,3584,17,1681351569
17183,96686650,103286104,199972754,7,0,1,9728,6,8068005757
17184,96689830,82902790,179592620,3,0,0,30720,7,2874918680
17185,96690590,82524526,179215116,7,0,0,23040,6,7009477442
17186,96694880,82040298,178735178,3,0,0,15872,7,7271631828
17187,96696280,103283810,199980090,2,0,1,4608,13,6337363093
17188,96699799,82046576,178746375,0,0,0,17408,18,3834909745
17189,96706370,82023949,178730319,5,0,0,45568,7,2020525173
17190,96714980,82813846,179528826,3,0,0,3072,7,1396083295
17191,96718190,82060822,178779012,8,0,0,28672,17,9305803659
17192,96724680,82267391,178992071,1,0,0,8704,9,4831264179
17193,96728169,81971295,178699464,0,0,0,512,18,7333719973
17194,96728210,82471270,179199480,7,0,0,12800,6,9362917268
17195,96738310,103243726,199982036,1,0,1,3072,9,2161613640
17196,96742910,82083505,178826415,4,0,0,5632,13,828078130
17197,96748570,82064576,178813146,5,0,0,28672,7,8550593705
17198,96755900,82241030,178996930,7,0,0,15872,6,7065266812
17199,96756790,82447393,179204183,1,0,0,15360,9,5896314351
17200,96762861,82455962,179218823,2,0,0,9216,13,8643084351
17201,96764640,103220261,199984901,6,0,1,14336,8,6667068280
17202,96768980,103224473,199993453,2,0,1,14848,13,5183802963
17203,96780940,103249242,200030182,1,0,1,10752,9,222571583
17204,96782770,82889501,179672271,8,0,0,62976,17,2753190725
17205,96783220,82458716,179241936,7,0,0,10240,6,838955367
17206,96790881,83219770,180010651,2,0,0,23552,13,169109899
17207,96792680,82205217,178997897,7,0,0,3072,6,8405254298
17208,96801201,82470744,179271945,2,0,0,16896,13,1394643965
17209,96806289,82091726,178898015,0,0,0,13312,18,2661353701
17210,96812170,82419385,179231555,8,0,0,5632,17,7427262523
17211,96813250,103308677,200121927,9,0,1,17920,17,9093184507
17212,96819350,82124200,178943550,8,0,0,12288,17,6278732133
17213,96821649,82081283,178902932,0,0,0,5632,18,638168547
17214,96835820,103286130,200121950,6,0,1,11776,8,385163913
17215,96841490,82001150,178842640,1,0,0,27648,9,8342031039
17216,96857120,82183100,179040220,3,0,0,23552,7,3463819466
17217,96857501,81956049,178813550,2,0,0,512,13,1958823694
17218,96864810,82288063,179152873,6,0,0,12800,8,7315303430
17219,96865350,82862085,179727435,9,0,0,8704,17,8329053524
17220,96866919,83231279,180098198,5,0,0,35840,7,8596100424
17221,96873739,82470702,179344441,0,0,0,116736,18,10173624242
17222,96874220,82521681,179395901,9,0,0,9216,17,1171500727
17223,96876000,103269936,200145936,5,0,1,5120,7,8609540398
17224,96883930,81929418,178813348,6,0,0,512,8,4243438603
17225,96887330,82421520,179308850,9,0,0,76800,17,5902429851
17226,96890131,83345814,180235945,2,0,0,24576,13,3532281424
17227,96905890,82722527,179628417,6,0,0,35840,8,1123956004
17228,96911830,103247730,200159560,1,0,1,1024,9,8184504503
17229,96914241,82889663,179803904,2,0,0,78336,13,9541361117
17230,96916850,103242733,200159583,7,0,1,3072,6,5055274021
17231,96924100,83579722,180503822,1,0,0,49664,9,6881184917
17232,96939590,103228745,200168335,3,0,1,3584,7,6206997172
17233,96940070,82136394,179076464,8,0,0,2048,17,10384437533
17234,96950749,82605625,179556374,5,0,0,35328,7,934012807
17235,96956421,82398073,179354494,2,0,0,11776,13,8610317369
17236,96958090,82223201,179181291,7,0,0,12288,6,7931673547
17237,96961100,82079455,179040555,9,0,0,1024,17,7446039497
17238,96964951,82598310,179563261,2,0,0,22528,13,631746622
17239,96972710,82188766,179161476,3,0,0,28160,7,9185547685
17240,96973920,82643535,179617455,6,0,0,8192,8,5606725115
17241,96974679,103214986,200189665,0,0,1,6144,18,10204836228
17242,96976340,82561401,179537741,3,0,0,29184,7,7434755025
17243,96996200,83407070,180403270,9,0,0,43520,17,9001789807
17244,97006520,103184016,200190536,7,0,1,12288,6,8609248291
17245,97020251,82372819,179393070,2,0,0,29184,13,8868865009
17246,97020990,82902453,179923443,1,0,0,23040,9,8871341643
17247,97023039,82615719,179638758,0,0,0,19456,18,8307515039
17248,97034050,82411681,179445731,1,0,0,9216,9,6007779515
17249,97041371,82648418,179689789,2,0,0,51712,13,4165042500
17250,97049490,83238187,180287677,8,0,0,63488,17,10206232040
17251,97051390,82015271,179066661,6,0,0,3584,8,5605763734
17252,97053100,82359251,179412351,9,0,0,12800,17,3470176769
17253,97063300,82293064,179356364,3,0,0,5632,7,1423041575
17254,97065700,82394757,179460457,1,0,0,8192,9,8664522800
17255,97068540,103209322,200277862,6,0,1,16896,8,9262684516
17256,97069669,103231015,200300684,0,0,1,2560,18,948794016
17257,97071670,103229037,200300707,1,0,1,3072,9,4426050921
17258,97074060,82276823,179350883,8,0,0,10240,17,2244626846
17259,97075000,103226065,200301065,1,0,1,19456,9,4513225205
17260,97079260,82761000,179840260,4,0,0,22528,13,1964556518
17261,97082579,82639931,179722510,5,0,0,10240,7,3973496346
17262,97084319,83127802,180212121,0,0,0,30720,18,5407618880
17263,97086140,82261600,179347740,7,0,0,10752,6,8489896431
17264,97103179,103770432,200873611,4,0,1,208896,13,484825534
17265,97105680,82359636,179465316,7,0,0,15872,6,856089738
17266,97105869,82712580,179818449,0,0,0,18432,18,5359106224
17267,97113330,103763291,200876621,5,0,1,14336,7,4781496439
17268,97115510,82581790,179697300,6,0,0,24576,8,3074965457
17269,97117700,82325200,179442900,7,0,0,23040,6,10353367466
17270,97122070,83202272,180324342,9,0,0,4608,17,2705264231
17271,97123739,83438891,180562630,0,0,0,45056,18,7063606379
17272,97124620,82414704,179539324,6,0,0,5120,8,6510727041
17273,97139940,82263134,179403074,4,0,0,1536,13,3976082489
17274,97143920,82422484,179566404,7,0,0,10240,6,2212973995
17275,97151250,82394337,179545587,8,0,0,20480,17,2607412335
17276,97155909,82619043,179774952,0,0,0,67072,18,4444569754
17277,97175701,82541698,179717399,2,0,0,15360,13,4506746378
17278,97176389,82685518,179861907,5,0,0,68096,7,6208746220
17279,97183250,103707499,200890749,2,0,1,512,13,10685884412
17280,97185240,83347892,180533132,6,0,0,54272,8,7040266229
17281,97185389,83392885,180578274,0,0,0,18432,18,8381031759
17282,97185550,82247128,179432678,1,0,0,2048,9,2754731723
17283,97198770,82795767,179994537,4,0,0,43520,13,3496025860
17284,97199700,82607675,179807375,8,0,0,11264,17,580460684
17285,97204200,82626944,179831144,4,0,0,4608,13,9691341969
17286,97208000,82953145,180161145,4,0,0,18432,13,9386022981
17287,97213690,103784795,200998485,7,0,1,34304,6,5017066453
17288,97223181,82753966,179977147,2,0,0,49152,13,5864936650
17289,97235350,83467858,180703208,1,0,0,30720,9,2615427662
17290,97237120,82377383,179614503,8,0,0,512,17,2923403729
17291,97245689,82534278,179779967,5,0,0,16384,7,5704833299
17292,97253901,83521785,180775686,2,0,0,44032,13,8681322817
17293,97256839,83058363,180315202,5,0,0,2048,7,5382646365
17294,97267460,103770678,201038138,6,0,1,11776,8,3132654638
17295,97267730,82557591,179825321,7,0,0,2560,6,9131545143
17296,97277090,82619797,179896887,8,0,0,39424,17,1443262054
17297,97277210,82726242,180003452,1,0,0,29184,9,7365882017
17298,97277700,103818705,201096405,7,0,1,9216,6,10030439887
17299,97280430,103820312,201100742,5,0,1,4096,7,10076985097
17300,97289010,82853702,180142712,7,0,0,29696,6,6689018292
17301,97292570,82531948,179824518,9,0,0,14336,17,8673447882
17302,97294360,82418336,179712696,4,0,0,24064,13,10641130149
17303,97294940,83609233,180904173,3,0,0,61440,7,1065915776
17304,97303670,82709686,180013356,9,0,0,5632,17,9604895202
17305,97316259,82663095,179979354,5,0,0,7168,7,2467273009
17306,97327941,82595993,179923934,2,0,0,1536,13,9207253045
17307,97330130,82754906,180085036,3,0,0,27136,7,8964496619
17308,97330919,103773769,201104688,4,0,1,18944,13,4621892952
17309,97333249,83041796,180375045,0,0,0,22528,18,4821685838
17310,97345720,82840080,180185800,1,0,0,12800,9,4873340180
17311,97347859,82600417,179948276,5,0,0,8704,7,146774664
17312,97354450,83162123,180516573,6,0,0,3584,8,2969845060
17313,97358150,83130517,180488667,7,0,0,69632,6,129532858
17314,97362959,82575454,179938413,0,0,0,37376,18,8843727714
17315,97366909,83626528,180993437,0,0,0,68096,18,9652739341
17316,97367550,82594598,179962148,4,0,0,18944,13,4892318304
17317,97367560,83020586,180388146,9,0,0,17408,17,7691899881
17318,97379970,83038973,180418943,1,0,0,46592,9,4689651833
17319,97380990,82752651,180133641,8,0,0,49152,17,6931162593
17320,97381500,83325989,180707489,9,0,0,2048,17,4407673673
17321,97386031,103719118,201105149,8,0,1,10240,17,6487492485
17322,97395680,82690783,180086463,7,0,0,4608,6,10701786593
17323,97399589,83037839,180437428,0,0,0,12288,18,1325185011
17324,97420320,103711586,201131906,5,0,1,10752,7,99093869
17325,97426579,82896336,180322915,0,0,0,8704,18,1130094228
17326,97430400,103703132,201133532,3,0,1,2560,7,7481938368
17327,97442440,82877777,180320217,6,0,0,16384,8,1103972068
17328,97443440,82871115,180314555,6,0,0,65536,8,3593825967
17329,97443751,83127060,180570811,2,0,0,3584,13,4285915013
17330,97445681,82703249,180148930,2,0,0,18944,13,4785685251
17331,97449080,103707407,201156487,6,0,1,3072,8,6775900274
17332,97449320,83086487,180535807,6,0,0,8704,8,930940918
17333,97450419,83214835,180665254,5,0,0,80384,7,1453492668
17334,97452479,103720542,201173021,4,0,1,23040,13,10304132383
17335,97466060,82762374,180228434,6,0,0,17408,8,9496555650
17336,97467169,82770203,180237372,0,0,0,4608,18,9780607607
17337,97468110,103709290,201177400,3,0,1,2560,7,5111787191
17338,97471510,83066847,180538357,4,0,0,6656,13,8672310318
17339,97476951,83278385,180755336,2,0,0,20992,13,4251469331
17340,97486490,83258100,180744590,4,0,0,9216,13,10397302723
17341,97496189,83210653,180706842,0,0,0,7680,18,3856593139
17342,97496829,82771481,180268310,0,0,0,16896,18,10219248774
17343,97503590,103716113,201219703,7,0,1,9216,6,8711840716
17344,97503650,83011629,180515279,1,0,0,2048,9,529215614
17345,97520910,82773654,180294564,7,0,0,22528,6,9450487606
17346,97521430,103698296,201219726,1,0,1,4096,9,5863668032
17347,97530309,82901605,180431914,5,0,0,42496,7,7334942597
17348,97537010,103682739,201219749,1,0,1,3584,9,7294448916
17349,97537260,82930168,180467428,1,0,0,26112,9,10609716596
17350,97550870,83354730,180905600,9,0,0,4608,17,6891461706
17351,97555420,83138405,180693825,6,0,0,93696,8,5711438378
17352,97558350,83166663,180725013,7,0,0,21504,6,773871226
17353,97559949,103659823,201219772,0,0,1,15360,18,7888259110
17354,97566150,83236387,180802537,3,0,0,27136,7,3188617495
17355,97572970,82860683,180433653,7,0,0,5632,6,3969250011
17356,97584580,83359819,180944399,6,0,0,17920,8,4926387164
17357,97585260,83285837,180871097,9,0,0,50688,17,2648574721
17358,97590640,83724103,181314743,6,0,0,24064,8,4564695026
17359,97595750,83289680,180885430,1,0,0,40448,9,824001115
17360,97599759,103620036,201219795,0,0,1,11776,18,1485947420
17361,97602190,103658483,201260673,2,0,1,11264,13,1151842287
17362,97604900,82909732,180514632,7,0,0,35328,6,944183456
17363,97612610,83420487,181033097,3,0,0,62976,7,7840948165
17364,97613940,83605121,181219061,4,0,0,33792,13,6650697955
17365,97614090,103658732,201272822,3,0,1,9216,7,3961035554
17366,97616989,83380059,180997048,5,0,0,11776,7,3365881778
17367,97627850,82970188,180598038,7,0,0,7680,6,1211119209
17368,97632600,103641208,201273808,2,0,1,1536,13,3369977278
17369,97638900,83481079,181119979,4,0,0,9216,13,8247196269
17370,97646470,82706201,180352671,6,0,0,9728,8,9504660303
17371,97653699,82609027,180262726,0,0,0,3584,18,5837749535
17372,97664250,82905446,180569696,1,0,0,23040,9,3062604292
17373,97673020,83259512,180932532,8,0,0,15360,17,9695134273
17374,97675260,83157454,180832714,4,0,0,43008,13,6143830310
17375,97675810,82648727,180324537,1,0,0,512,9,1974588382
17376,97677419,83289356,180966775,5,0,0,5632,7,7528377448
17377,97679430,83111673,180791103,4,0,0,41472,13,91579461
17378,97683269,82763539,180446808,5,0,0,7168,7,9666199518
17379,97689249,83392021,181081270,0,0,0,25600,18,6912496044
17380,97689830,83232508,180922338,4,0,0,54784,13,4342261175
17381,97694611,83253711,180948322,2,0,0,12800,13,7211347433
17382,97696369,82839937,180536306,5,0,0,1536,7,10065057459
17383,97696840,103577954,201274794,6,0,1,1536,8,1940863151
17384,97700100,103581018,201281118,5,0,1,22016,7,7496607138
17385,97701790,103613861,201315651,2,0,1,11776,13,603871343
17386,97705500,83303473,181008973,9,0,0,5120,17,3314276499
17387,97705750,82878144,180583894,3,0,0,4608,7,5270882585
17388,97706939,83220882,180927821,0,0,0,17920,18,5276346308
17389,97715430,82800028,180515458,8,0,0,512,17,672461602
17390,97717320,83020976,180738296,6,0,0,43520,8,2688340138
17391,97721010,83090754,180811764,7,0,0,30208,6,6959550952
17392,97724790,83094797,180819587,4,0,0,25600,13,5624915327
17393,97725470,83016289,180741759,4,0,0,11264,13,2540082982
17394,97727029,103600358,201327387,0,0,1,17408,18,258931332
17395,97735450,83106813,180842263,9,0,0,10240,17,4356411690
17396,97741030,83407281,181148311,4,0,0,11264,13,6974873697
17397,97748700,103592589,201341289,6,0,1,13824,8,9378312357
17398,97751100,82997817,180748917,9,0,0,9216,17,2648379557
17399,97751471,83854779,181606250,2,0,0,60928,13,3261526619
17400,97754791,83494566,181249357,2,0,0,10240,13,1726891657
17401,97758251,83035995,180794246,2,0,0,10240,13,3179012128
17402,97758931,82945548,180704479,2,0,0,4096,13,3852505551
17403,97760950,83389269,181150219,3,0,0,3584,7,8828728701
17404,97764630,103577645,201342275,9,0,1,1536,17,7227886451
17405,97774170,83456935,181231105,3,0,0,4608,7,5225404257
17406,97776740,83601345,181378085,4,0,0,29184,13,8918326795
17407,97782011,83380017,181162028,2,0,0,28672,13,2629010100
17408,97788270,83219120,181007390,7,0,0,33792,6,837906390
17409,97793630,103548991,201342621,1,0,1,512,9,10637869877
17410,97795170,103547707,201342877,1,0,1,9216,9,5084033412
17411,97799630,83894591,181694221,8,0,0,18944,17,2162427452
17412,97805350,83967897,181773247,3,0,0,32768,7,5300306719
17413,97824830,83395970,181220800,4,0,0,5632,13,10676408659
17414,97831570,83182316,181013886,9,0,0,15872,17,10688004414
17415,97832080,83001757,180833837,6,0,0,3584,8,4661281137
17416,97834830,83468653,181303483,9,0,0,15360,17,1156630157
17417,97836470,103525143,201361613,1,0,1,18432,9,10031769598
17418,97836740,83280408,181117148,4,0,0,12288,13,236499006
17419,97838470,84028633,181867103,9,0,0,76288,17,6523290672
17420,97842229,83353674,181195903,0,0,0,17408,18,9403541377
17421,97846891,83195745,181042636,2,0,0,31232,13,368980124
17422,97848830,83289486,181138316,4,0,0,16384,13,6244263909
17423,97856590,103550385,201406975,2,0,1,21504,13,5968453817
17424,97859610,83377631,181237241,6,0,0,12800,8,1706880016
17425,97862130,103586637,201448767,2,0,1,4096,13,8666822545
17426,97863280,83218793,181082073,7,0,0,2560,6,5892078815
17427,97866731,83549173,181415904,2,0,0,62464,13,228731653
17428,97871629,103676415,201548044,4,0,1,52736,13,1433677480
17429,97879781,84044977,181924758,2,0,0,36352,13,5703734010
17430,97882260,83591663,181473923,1,0,0,19968,9,5631436788
17431,97882799,103842353,201725152,0,0,1,41472,18,632201796
17432,97886360,103844298,201730658,3,0,1,6144,7,9974654251
17433,97887249,83790656,181677905,5,0,0,30720,7,7923895522
17434,97892770,103837911,201730681,1,0,1,1024,9,3967658210
17435,97904650,83184642,181089292,1,0,0,11264,9,5096677457
17436,97906660,83366227,181272887,8,0,0,19968,17,10437283107
17437,97909871,83556659,181466530,2,0,0,79872,13,8166795879
17438,97913041,103819158,201732199,8,0,1,8192,17,7541190265
17439,97918690,84107318,182026008,6,0,0,100352,8,5504766792
17440,97920099,104660221,202580320,0,0,1,284160,18,4274286471
17441,97928930,83395253,181324183,7,0,0,7680,6,3656862852
17442,97929000,104721728,202650728,9,0,1,15872,17,490964486
17443,97934180,83503330,181437510,6,0,0,11264,8,4102290766
17444,97934759,83532418,181467177,0,0,0,2048,18,2677665939
17445,97940349,83335213,181275562,5,0,0,8704,7,8265772594
17446,97944100,83482889,181426989,4,0,0,19456,13,7164478121
17447,97944190,83219889,181164079,6,0,0,6656,8,9929439991
17448,97949909,83162200,181112109,5,0,0,1536,7,4423928004
17449,97950250,83805791,181756041,4,0,0,10240,13,575323666
17450,97955520,83695119,181650639,1,0,0,11264,9,2368933471
17451,97957190,84133681,182090871,9,0,0,17408,17,8718481760
17452,97959050,104731732,202690782,1,0,1,8192,9,7596161471
17453,97959309,84203554,182162863,5,0,0,9216,7,10218262122
17454,97966719,83619292,181586011,0,0,0,45056,18,9753057030
17455,97973100,83674084,181647184,8,0,0,19968,17,533201110
17456,97973639,83576003,181549642,5,0,0,8192,7,3509647839
17457,97980100,104721714,202701814,9,0,1,2048,17,5937710834
17458,97982430,83459741,181442171,4,0,0,8704,13,10156997978
17459,97990629,83254591,181245220,0,0,0,26112,18,2122016963
17460,97992730,83624891,181617621,8,0,0,11776,17,7755555222
17461,98007280,83539843,181547123,4,0,0,76288,13,10184848703
17462,98008241,83172354,181180595,2,0,0,6656,13,4365618243
17463,98008330,83621482,181629812,1,0,0,39936,9,8608171693
17464,98011720,83575943,181587663,1,0,0,5120,9,10454134017
17465,98013180,83559080,181572260,1,0,0,38400,9,6350436027
17466,98025690,104676790,202702480,7,0,1,1024,6,8537052494
17467,98028010,83660416,181688426,3,0,0,13312,7,6887348908
17468,98030440,83215271,181245711,1,0,0,1536,9,5134129946
17469,98034040,83843561,181877601,6,0,0,8192,8,4990171258
17470,98044749,104691488,202736237,0,0,1,40960,18,5594537485
17471,98048030,84028911,182076941,8,0,0,5120,17,8578406738
17472,98055351,83819731,181875082,2,0,0,26112,13,6571128248
17473,98060110,83500427,181560537,8,0,0,35328,17,10388763300
17474,98068029,83695211,181763240,0,0,0,23552,18,241961876
17475,98071461,83612886,181684347,2,0,0,16384,13,7118929261
17476,98093380,104688746,202782126,9,0,1,3072,17,8416942859
17477,98100730,83881223,181981953,9,0,0,12800,17,5333686398
17478,98111550,83178142,181289692,3,0,0,512,7,5342586799
17479,98112930,83410926,181523856,9,0,0,39936,17,2692902156
17480,98124080,104658069,202782149,9,0,1,1024,17,9987043346
17481,98124909,83698429,181823338,0,0,0,24576,18,3935262794
17482,98125559,104678028,202803587,0,0,1,32768,18,2640252085
17483,98135211,83950333,182085544,2,0,0,28160,13,5583484306
17484,98136620,83742252,181878872,3,0,0,4096,7,8262454159
17485,98140441,83766579,181907020,2,0,0,10240,13,5696657862
17486,98145040,104659503,202804543,7,0,1,3072,6,10710270230
17487,98146789,83644042,181790831,0,0,0,14848,18,9500105236
17488,98148330,83465587,181613917,7,0,0,25088,6,5880880394
17489,98151790,83688602,181840392,1,0,0,21504,9,268719320
17490,98155151,84118916,182274067,2,0,0,32768,13,7157982291
17491,98158300,83521032,181679332,1,0,0,4608,9,8712854062
17492,98159289,104920321,203079610,0,0,1,120832,18,1969292902
17493,98162220,83589142,181751362,7,0,0,4608,6,6075133393
17494,98164131,83557628,181721759,2,0,0,15360,13,7874540470
17495,98166671,83786552,181953223,2,0,0,21504,13,3120462283
17496,98166950,83964686,182131636,1,0,0,9728,9,1329848839
17497,98179100,83451367,181630467,3,0,0,2048,7,9275571474
17498,98183190,104954013,203137203,3,0,1,27648,7,4588229423
17499,98184430,84515047,182699477,9,0,0,134656,17,996064752
17500,98185790,83940184,182125974,8,0,0,54272,17,10511154934
17501,98189090,83844741,182033831,3,0,0,25600,7,4253335448
17502,98189791,83854093,182043884,2,0,0,13312,13,7930442585
17503,98194610,83880748,182075358,9,0,0,53760,17,8567997566
17504,98198130,83960241,182158371,9,0,0,43008,17,5782794922
17505,98201579,83927070,182128649,0,0,0,8704,18,1433790419
17506,98205440,104931786,203137226,3,0,1,512,7,9727343495
17507,98228430,104908819,203137249,3,0,1,512,7,9785660386
17508,98231700,84005472,182237172,6,0,0,2560,8,2555725110
17509,98232341,84098567,182330908,2,0,0,28160,13,5381990264
17510,98237410,104899862,203137272,5,0,1,1536,7,10131300753
17511,98239071,83979863,182218934,2,0,0,20480,13,5775763425
17512,98240040,84216019,182456059,1,0,0,2048,9,5383400278
17513,98242859,83900912,182143771,5,0,0,32256,7,4779849330
17514,98249681,84201161,182450842,2,0,0,47616,13,2827304553
17515,98250449,83502449,181752898,5,0,0,3584,7,609684782
17516,98253800,104883495,203137295,7,0,1,8704,6,6896183888
17517,98254200,104883118,203137318,3,0,1,1536,7,9985072889
17518,98256529,83688701,181945230,0,0,0,12800,18,2113237070
17519,98264010,83780841,182044851,8,0,0,3072,17,5901837907
17520,98264110,84364755,182628865,1,0,0,88576,9,7062609928
17521,98265510,84536350,182801860,7,0,0,50176,6,10522899258
17522,98266720,83826982,182093702,3,0,0,9216,7,4067416022
17523,98269990,83769815,182039805,9,0,0,3584,17,2440615892
17524,98273200,84021659,182294859,3,0,0,28160,7,8034118266
17525,98281240,83664481,181945721,1,0,0,1536,9,10328125454
17526,98285350,84440622,182725972,6,0,0,23040,8,7750581350
17527,98286340,84601602,182887942,4,0,0,24064,13,873973330
17528,98289840,104847501,203137341,1,0,1,6656,9,3794985231
17529,98290090,84269008,182559098,6,0,0,4096,8,8210785923
17530,98294180,104843184,203137364,1,0,1,11264,9,1500504835
17531,98301050,104836337,203137387,2,0,1,1024,13,9712186001
17532,98307190,83731500,182038690,1,0,0,15872,9,3386343508
17533,98309510,83835711,182145221,6,0,0,4608,8,7758171798
17534,98310221,84651441,182961662,2,0,0,7680,13,10445848383
17535,98318370,84324121,182642491,1,0,0,11264,9,723120786
17536,98320170,83916199,182236369,9,0,0,26112,17,258159403
17537,98323049,83972925,182295974,5,0,0,3584,7,6423304411
17538,98325600,104811810,203137410,6,0,1,2048,8,10174771664
17539,98337439,83938969,182276408,0,0,0,4096,18,4625480220
17540,98339580,84526222,182865802,7,0,0,54272,6,9261403432
17541,98345310,84256544,182601854,9,0,0,56320,17,5714599837
17542,98347740,84733223,183080963,7,0,0,18944,6,6563817785
17543,98351180,84206647,182557827,8,0,0,23040,17,9116035566
17544,98365780,84292646,182658426,3,0,0,52224,7,3144432322
17545,98381479,83864082,182245561,5,0,0,9728,7,9995916733
17546,98398099,104868627,203266726,0,0,1,76288,18,5564201561
17547,98399880,84314026,182713906,1,0,0,2048,9,3159561100
17548,98402480,84181302,182583782,4,0,0,2048,13,9890830482
17549,98408370,83942156,182350526,4,0,0,14336,13,439998473
17550,98424380,84455485,182879865,1,0,0,46080,9,6065457145
17551,98432550,104905463,203338013,3,0,1,4608,7,811143495
17552,98436421,84043308,182479729,2,0,0,62464,13,3093147709
17553,98442061,104895975,203338036,8,0,1,3584,17,6245458501
17554,98442781,83901907,182344688,2,0,0,3584,13,1925861148
17555,98454059,83886448,182340507,5,0,0,1536,7,4810515080
17556,98458170,84306527,182764697,6,0,0,6656,8,5395599479
17557,98463509,83942864,182406373,0,0,0,26112,18,3485415845
17558,98477900,104874698,203352598,6,0,1,5632,8,846547049
17559,98495289,104873492,203368781,0,0,1,15360,18,7406367338
17560,98499959,83871678,182371637,0,0,0,4608,18,2073842879
17561,98506449,104862486,203368935,4,0,1,8704,13,5205734165
17562,98506771,83920206,182426977,2,0,0,15360,13,966619816
17563,98518910,83851300,182370210,8,0,0,35840,17,5918867162
17564,98521950,83999181,182521131,7,0,0,58880,6,9622792389
17565,98529120,104907409,203436529,6,0,1,12288,8,5126863860
17566,98529229,84184030,182713259,0,0,0,17408,18,3224141036
17567,98535429,105139662,203675091,0,0,1,72704,18,5352450879
17568,98535910,84362911,182898821,8,0,0,14336,17,9424081268
17569,98539500,83913549,182453049,6,0,0,7168,8,2371273935
17570,98539700,84294498,182834198,6,0,0,95232,8,7852891844
17571,98540159,84167765,182707924,5,0,0,27648,7,4197619031
17572,98544499,84864857,183409356,5,0,0,35328,7,8870680766
17573,98555071,83900341,182455412,2,0,0,7680,13,8775782695
17574,98555810,105153218,203709028,3,0,1,3072,7,5163831190
17575,98572440,84271921,182844361,3,0,0,33280,7,8431687338
17576,98573880,84680741,183254621,8,0,0,18944,17,252592350
17577,98576950,84062078,182639028,3,0,0,33280,7,5293478064
17578,98584780,84344569,182929349,6,0,0,14336,8,1204315757
17579,98585559,84219600,182805159,0,0,0,10752,18,9434635097
17580,98597629,84121300,182718929,0,0,0,16384,18,10301230596
17581,98604529,105340935,203945464,0,0,1,115200,18,3163219623
17582,98607430,105355575,203963005,9,0,1,2560,17,10347834243
17583,98608250,84153030,182761280,7,0,0,11776,6,8140427203
17584,98608650,84437431,183046081,1,0,0,37376,9,5337685807
17585,98608920,84570013,183178933,9,0,0,9216,17,5307160545
17586,98627670,84380970,183008640,9,0,0,13312,17,7648596178
17587,98629249,84532956,183162205,0,0,0,45056,18,10460487841
17588,98632100,84292858,182924958,7,0,0,27136,6,3164896980
17589,98635989,84211983,182847972,0,0,0,11776,18,685894329
17590,98641140,105357323,203998463,9,0,1,1536,17,8180059879
17591,98646610,84087001,182733611,8,0,0,1536,17,1842016386
17592,98655110,105343384,203998494,3,0,1,4096,7,8422798391
17593,98656470,84293290,182949760,1,0,0,17408,9,10615768301
17594,98670780,105327737,203998517,5,0,1,1536,7,597926248
17595,98670870,84311692,182982562,8,0,0,27648,17,9957316942
17596,98675080,84174163,182849243,4,0,0,4096,13,4518405696
17597,98678120,84887817,183565937,8,0,0,77824,17,235164812
17598,98684540,84306781,182991321,4,0,0,28672,13,1478084292
17599,98690540,84268759,182959299,3,0,0,31232,7,7834325633
17600,98703250,105295290,203998540,9,0,1,1536,17,581084269
17601,98704350,105294213,203998563,3,0,1,3584,7,1252424148
17602,98706649,105294256,204000905,0,0,1,42496,18,876033370
17603,98716999,84565104,183282103,5,0,0,24064,7,4809025511
17604,98717530,84347593,183065123,1,0,0,512,9,8449898523
17605,98720180,84223399,182943579,3,0,0,5632,7,3757084616
17606,98729180,105274311,204003491,2,0,1,4096,13,6036442796
17607,98732070,84400873,183132943,6,0,0,13824,8,8292347245
17608,98735330,105306239,204041569,5,0,1,3584,7,7063414499
17609,98737129,84890979,183628108,5,0,0,72192,7,3710963029
17610,98737439,84344015,183081454,5,0,0,1536,7,9074499400
17611,98739549,84309029,183048578,5,0,0,7168,7,1524179870
17612,98741290,105316392,204057682,7,0,1,11264,6,5937237641
17613,98743479,105314357,204057836,0,0,1,8704,18,8103049407
17614,98743660,84448469,183192129,4,0,0,7168,13,8596770437
17615,98745539,84401928,183147467,0,0,0,21504,18,1245588502
17616,98745550,84544399,183289949,8,0,0,7168,17,3064609411
17617,98749000,84460045,183209045,4,0,0,10752,13,5146070026
17618,98753330,84645131,183398461,4,0,0,1536,13,7917519081
17619,98762240,84483287,183245527,1,0,0,19968,9,5539480035
17620,98775460,84245058,183020518,4,0,0,6144,13,209336014
17621,98780581,84490145,183270726,2,0,0,26112,13,9776229743
17622,98783090,105280795,204063885,5,0,1,8192,7,8878626559
17623,98797989,84365643,183163632,5,0,0,4608,7,9937781811
17624,98798780,84699053,183497833,7,0,0,11264,6,1236328866
17625,98800790,105273542,204074332,3,0,1,2048,7,9391904087
17626,98806070,84442756,183248826,1,0,0,10752,9,3419839425
17627,98811791,84569468,183381259,2,0,0,9216,13,3598440728
17628,98821339,105260178,204081517,4,0,1,27136,13,1089795048
17629,98824030,84718172,183542202,4,0,0,46592,13,4678814844
17630,98824210,85080158,183904368,4,0,0,41472,13,6426652018
17631,98829070,84813524,183642594,6,0,0,30720,8,1757175845
17632,98829539,84533102,183362641,0,0,0,60416,18,1251887761
17633,98830570,84388603,183219173,8,0,0,8704,17,9828928789
17634,98831360,84456382,183287742,9,0,0,18432,17,8623022926
17635,98832800,84499781,183332581,8,0,0,4096,17,9700230001
17636,98834460,84496850,183331310,6,0,0,12800,8,1412640304
17637,98838580,105287017,204125597,6,0,1,17408,8,1222746246
17638,98839160,105309253,204148413,9,0,1,9216,17,3066658432
17639,98844700,84854238,183698938,3,0,0,36352,7,473828498
17640,98847979,84546854,183394833,5,0,0,24064,7,7651230020
17641,98851190,84727350,183578540,4,0,0,1024,13,4732170295
17642,98852840,84779035,183631875,6,0,0,12288,8,5090967185
17643,98858260,84593174,183451434,4,0,0,26112,13,3092276221
17644,98861290,84517130,183378420,9,0,0,51712,17,9349251927
17645,98861570,105313629,204175199,2,0,1,11776,13,1828468847
17646,98864749,84446041,183310790,5,0,0,26112,7,3296898575
17647,98865249,84898550,183763799,5,0,0,66048,7,3328274896
17648,98880910,84752126,183633036,8,0,0,3584,17,6891412653
17649,98899420,84697914,183597334,7,0,0,9728,6,6226499917
17650,98906929,85297076,184204005,5,0,0,38912,7,9388346987
17651,98915771,105270573,204186344,8,0,1,2560,17,9215675533
17652,98916610,84605436,183522046,3,0,0,4608,7,9347821632
17653,98919420,84573781,183493201,8,0,0,512,17,6845267769
17654,98926401,105332665,204259066,8,0,1,32768,17,1570140499
17655,98931079,85005939,183937018,5,0,0,60928,7,1431374983
17656,98932010,105377156,204309166,3,0,1,5120,7,1123288244
17657,98934529,84541565,183476094,0,0,0,11264,18,7721956074
17658,98943699,85011448,183955147,0,0,0,16384,18,10173590207
17659,98952069,84885212,183837281,0,0,0,55808,18,8934704438
17660,98952300,84966131,183918431,8,0,0,46080,17,7988169998
17661,98955100,84722600,183677700,1,0,0,29184,9,7773293644
17662,98962539,105346650,204309189,4,0,1,2048,13,10579380911
17663,98965110,84926576,183891686,7,0,0,58880,6,6305591483
17664,98967550,84734531,183702081,8,0,0,10240,17,7745921857
17665,98967859,105341353,204309212,0,0,1,1024,18,10318372810
17666,98969740,105339495,204309235,7,0,1,512,6,5366916379
17667,98972770,84612513,183585283,6,0,0,14848,8,238851979
17668,98973080,105336178,204309258,3,0,1,10240,7,7495189364
17669,98974660,84899055,183873715,1,0,0,42496,9,6222970541
17670,98975820,105344146,204319966,9,0,1,4608,17,9331496050
17671,98978739,84764913,183743652,5,0,0,74240,7,4351016206
17672,98978980,85089525,184068505,1,0,0,60416,9,744763492
17673,98992649,84771375,183764024,5,0,0,512,7,4583371642
17674,98995020,85383661,184378681,3,0,0,23552,7,3863358381
17675,98998660,85008900,184007560,3,0,0,22528,7,84522955
17676,99004220,85166831,184171051,1,0,0,22016,9,3539158489
17677,99007220,84987208,183994428,7,0,0,4096,6,6411767988
17678,99008420,85134014,184142434,8,0,0,50688,17,7387900524
17679,99009509,85016335,184025844,5,0,0,14848,7,7519565265
17680,99012079,85493704,184505783,0,0,0,30208,18,9880003279
17681,99013520,84936612,183950132,1,0,0,16896,9,2947658996
17682,99021409,85081094,184102503,0,0,0,11776,18,3355014543
17683,99023590,84837131,183860721,9,0,0,41984,17,5546201824
17684,99027610,85071282,184098892,1,0,0,45056,9,10027018008
17685,99041550,85134227,184175777,8,0,0,7168,17,4789116984
17686,99042350,105310773,204353123,3,0,1,20992,7,1418759978
17687,99048540,105310760,204359300,7,0,1,15360,6,8388206789
17688,99061549,85042241,184103790,0,0,0,4096,18,2438946766
17689,99061951,85011733,184073684,2,0,0,16896,13,39852092
17690,99062690,85181379,184244069,3,0,0,77824,7,4362616805
17691,99074861,85010257,184085118,2,0,0,29184,13,6498430177
17692,99089190,84932107,184021297,3,0,0,1536,7,4793483524
17693,99096411,85225400,184321811,2,0,0,9216,13,8826880534
17694,99105001,85143615,184248616,2,0,0,14848,13,8350690529
17695,99105220,105277380,204382600,2,0,1,26624,13,3774180489
17696,99106180,84943894,184050074,4,0,0,31232,13,9850982413
17697,99108369,85038612,184146981,0,0,0,14848,18,82939914
17698,99114831,85049489,184164320,2,0,0,56832,13,5395427168
17699,99126120,84894686,184020806,7,0,0,25600,6,637000489
17700,99132490,84943713,184076203,4,0,0,8192,13,3206311439
17701,99138110,105273227,204411337,9,0,1,1024,17,92152407
17702,99139410,85066334,184205744,7,0,0,5632,6,3285696853
17703,99144760,85145155,184289915,9,0,0,15360,17,2363188387
17704,99147260,85030412,184177672,6,0,0,6144,8,3305641663
17705,99149190,105347475,204496665,3,0,1,17408,7,2658686139
17706,99150480,85217703,184368183,7,0,0,48128,6,8081963420
17707,99151010,85114398,184265408,4,0,0,38912,13,4788531657
17708,99151400,105362650,204514050,6,0,1,4096,8,373081457
17709,99156460,85180305,184336765,9,0,0,5632,17,3789652213
17710,99163110,85217786,184380896,3,0,0,7168,7,653550141
17711,99166610,105347463,204514073,2,0,1,1024,13,6567944475
17712,99169259,85327297,184496556,0,0,0,79872,18,3822366846
17713,99169681,85201801,184371482,2,0,0,10752,13,3325161039
17714,99169940,85176337,184346277,6,0,0,17920,8,888588781
17715,99172580,85000990,184173570,7,0,0,8192,6,7424961559
17716,99183570,85329123,184512693,4,0,0,9216,13,2743494429
17717,99185830,84992965,184178795,9,0,0,3584,17,3609868801
17718,99198720,85311142,184509862,4,0,0,13312,13,4647895018
17719,99202330,105317087,204519417,9,0,1,1024,17,7567120362
17720,99205130,105316873,204522003,9,0,1,4096,17,1850162309
17721,99205931,85266266,184472197,2,0,0,41472,13,10066367786
17722,99223100,85076871,184299971,7,0,0,3072,6,7225292836
17723,99271030,84997365,184268395,8,0,0,9728,17,7261003591
17724,99278151,105254067,204532218,8,0,1,10752,17,1277427261
17725,99279680,105252561,204532241,6,0,1,1536,8,6699129100
17726,99287499,84894017,184181516,5,0,0,512,7,3950660969
17727,99297720,85408497,184706217,8,0,0,14336,17,10655634243
17728,99307530,85026443,184333973,1,0,0,2560,9,1233456763
17729,99311399,85285367,184596766,0,0,0,115712,18,8481508321
17730,99320290,105211974,204532264,1,0,1,3584,9,3719778682
17731,99347080,105186783,204533863,9,0,1,5632,17,797609429
17732,99348919,85205230,184554149,5,0,0,2048,7,304920285
17733,99355690,84978462,184334152,9,0,0,512,17,1438041627
17734,99358201,85081828,184440029,2,0,0,17920,13,891066542
17735,99358690,85289565,184648255,4,0,0,21504,13,80084506
17736,99359650,85347838,184707488,6,0,0,4096,8,8975801894
17737,99362980,105175069,204538049,3,0,1,6656,7,9197992818
17738,99373960,85039615,184413575,3,0,0,512,7,6562466150
17739,99375230,85038166,184413396,4,0,0,8704,13,7591631490
17740,99377231,105164684,204541915,8,0,1,6144,17,667481123
17741,99380310,105162591,204542901,6,0,1,1536,8,490486387
17742,99383140,85448286,184831426,6,0,0,75264,8,7434603037
17743,99384500,85242696,184627196,1,0,0,5632,9,9635412905
17744,99393070,85292914,184685984,8,0,0,23040,17,7926737677
17745,99394160,85380898,184775058,8,0,0,29696,17,10594299348
17746,99399971,105163446,204563417,8,0,1,19968,17,1629664488
17747,99404381,85265348,184669729,2,0,0,28160,13,3605443702
17748,99423510,105156152,204579662,5,0,1,6656,7,516640118
17749,99424810,85253522,184678332,7,0,0,28160,6,10076016046
17750,99426440,85232316,184658756,1,0,0,14336,9,3297011723
17751,99428570,105209545,204638115,5,0,1,14336,7,4200399212
17752,99429600,105209079,204638679,2,0,1,10752,13,9146134027
17753,99435990,85319409,184755399,7,0,0,1024,6,6397584337
17754,99443990,85356759,184800749,6,0,0,78848,8,9598876620
17755,99446319,85415459,184861778,0,0,0,18432,18,3333188343
17756,99458770,85243056,184701826,1,0,0,45056,9,9948649868
17757,99460599,105238544,204699143,4,0,1,8192,13,10449467290
17758,99461460,85153783,184615243,6,0,0,10752,8,2772990529
17759,99463599,85055527,184519126,5,0,0,2048,7,6585453026
17760,99471509,85372418,184843927,5,0,0,7168,7,2651209845
17761,99474800,85785920,185260720,8,0,0,24064,17,7307999548
17762,99475830,85145208,184621038,6,0,0,18944,8,1797725829
17763,99477310,85440419,184917729,3,0,0,73728,7,10062250739
17764,99509820,85199415,184709235,1,0,0,5632,9,4240491733
17765,99524609,85321369,184845978,0,0,0,6656,18,522857718
17766,99528290,85401676,184929966,7,0,0,4608,6,5555623308
17767,99534130,85394386,184928516,3,0,0,35328,7,5348790576
17768,99534420,105202395,204736815,2,0,1,13312,13,3746997094
17769,99536789,85431512,184968301,0,0,0,30208,18,10406211259
17770,99537570,85777563,185315133,9,0,0,47616,17,10056824487
17771,99542660,105200703,204743363,7,0,1,6656,6,10647203045
17772,99543029,105275921,204818950,0,0,1,4608,18,1443856209
17773,99547619,85328388,184876007,5,0,0,27648,7,9136284955
17774,99556260,85542128,185098388,1,0,0,2048,9,6238020838
17775,99564200,85682122,185246322,1,0,0,55808,9,7905070266
17776,99567479,85568608,185136087,5,0,0,8704,7,7981927672
17777,99568440,85390634,184959074,6,0,0,9728,8,8417503365
17778,99568720,85714485,185283205,8,0,0,3584,17,7101140252
17779,99573990,85764768,185338758,1,0,0,19456,9,6299092289
17780,99575509,85287540,184863049,5,0,0,4096,7,10113575190
17781,99579190,105244586,204823776,1,0,1,7680,9,9270037667
17782,99579920,85400200,184980120,3,0,0,37888,7,10288433138
17783,99585250,105239512,204824762,6,0,1,1536,8,9349027719
17784,99589800,105238626,204828426,1,0,1,4096,9,1426018018
17785,99596680,85558148,185154828,3,0,0,4096,7,672285463
17786,99607710,105283683,204891393,6,0,1,2560,8,1284885106
17787,99613390,85479634,185093024,4,0,0,4608,13,5769726701
17788,99620260,85608243,185228503,9,0,0,6656,17,8502161938
17789,99627261,85488081,185115342,2,0,0,41984,13,10042614765
17790,99630310,85506424,185136734,8,0,0,2048,17,5303248949
17791,99630750,105261309,204892059,5,0,1,1024,7,2736213664
17792,99634499,85441826,185076325,5,0,0,51712,7,5377195465
17793,99635779,105257266,204893045,0,0,1,1536,18,2907462081
17794,99639421,105340585,204980006,8,0,1,26112,17,6612283002
17795,99646779,85354475,185001254,5,0,0,8192,7,9305775425
17796,99652769,85792206,185444975,0,0,0,20480,18,10051521259
17797,99661171,105432007,205093178,8,0,1,2560,17,2299657274
17798,99664840,85519954,185184794,3,0,0,89088,7,4240586260
17799,99666540,85666267,185332807,7,0,0,57856,6,4844862735
17800,99668990,85472458,185141448,3,0,0,512,7,7973831681
17801,99670249,85678048,185348297,5,0,0,31232,7,5226794394
17802,99671790,85581575,185253365,9,0,0,23040,17,6329942554
17803,99675360,105417841,205093201,5,0,1,2048,7,2123145216
17804,99682810,105410414,205093224,6,0,1,3584,8,10433353514
17805,99685060,85742433,185427493,9,0,0,1024,17,1709136403
17806,99689250,86080130,185769380,9,0,0,48128,17,1853008380
17807,99692409,105400838,205093247,4,0,1,15872,13,10562893275
17808,99694720,85679942,185374662,7,0,0,26112,6,4559915832
17809,99703760,85508447,185212207,6,0,0,3584,8,362397973
17810,99707720,86000467,185708187,4,0,0,38400,13,9285069065
17811,99715630,85786891,185502521,3,0,0,1536,7,8704662005
17812,99723249,105370021,205093270,0,0,1,8704,18,10599453704
17813,99725960,85867961,185593921,7,0,0,16384,6,5770381274
17814,99731150,105468050,205199200,1,0,1,12288,9,4660534936
17815,99738120,85652280,185390400,6,0,0,1024,8,7797252950
17816,99754090,85533405,185287495,3,0,0,3072,7,9247064969
17817,99757280,85635041,185392321,8,0,0,1536,17,9497761809
17818,99782819,85720990,185503809,5,0,0,1536,7,10491316620
17819,99785540,85987451,185772991,7,0,0,11776,6,4512649015
17820,99792810,105487636,205280446,1,0,1,8192,9,8647642153
17821,99803479,105542379,205345858,0,0,1,5632,18,7176765236
17822,99824260,105521992,205346252,5,0,1,6656,7,8432181441
17823,99827010,86091426,185918436,4,0,0,27648,13,3924717964
17824,99827950,86245991,186073941,1,0,0,55296,9,3182317799
17825,99829240,105519900,205349140,1,0,1,1024,9,3768067520
17826,99831180,85774593,185605773,4,0,0,20992,13,2338657802
17827,99841380,105568706,205410086,9,0,1,7680,17,4421110705
17828,99855820,85997208,185853028,6,0,0,29696,8,5152832295
17829,99860950,86061909,185922859,6,0,0,2560,8,3442525777
17830,99866630,86279634,186146264,3,0,0,1536,7,4407682036
17831,99899100,85932726,185831826,8,0,0,3072,17,9939436139
17832,99912840,85676066,185588906,8,0,0,25600,17,5068891760
17833,99915079,86364072,186279151,5,0,0,7168,7,3799887604
17834,99936249,85494316,185430565,5,0,0,1024,7,2335357972
17835,99958650,85494971,185453621,7,0,0,1024,6,1778896852
17836,99959440,85729630,185689070,4,0,0,36864,13,608536221
17837,99970271,105439838,205410109,8,0,1,9728,17,3836642428
17838,99979819,85930170,185909989,0,0,0,49152,18,4899228631
17839,99985470,85798932,185784402,3,0,0,37376,7,902241855
17840,99989150,85483459,185472609,6,0,0,4608,8,4390505780
17841,100001890,85625651,185627541,3,0,0,11776,7,6759768597
17842,100008030,85792556,185800586,6,0,0,22528,8,3474965167
17843,100009200,85775849,185785049,9,0,0,2048,17,5521714180
17844,100010190,85619120,185629310,8,0,0,2048,17,9644232124
17845,100019701,86253612,186273313,2,0,0,24064,13,8359014587
17846,100023739,86340319,186364058,0,0,0,21504,18,10289616304
17847,100037850,85677068,185714918,6,0,0,22016,8,6446873700
17848,100060710,85988590,186049300,6,0,0,52224,8,6429969588
17849,100067560,85852771,185920331,1,0,0,6144,9,3558065533
17850,100076200,105436898,205513098,3,0,1,36864,7,1835081332
17851,100077050,105531952,205609002,2,0,1,6656,13,4820637453
17852,100095650,85996800,186092450,6,0,0,20480,8,10326646217
17853,100096810,85517051,185613861,8,0,0,2560,17,6123192728
17854,100098559,85732254,185830813,0,0,0,31232,18,4414870066
17855,100103949,85980504,186084453,0,0,0,4096,18,10640734987
17856,100111300,85709974,185821274,3,0,0,45056,7,7744969172
17857,100112920,85482272,185595192,7,0,0,4096,6,7616541845
17858,100116740,85610968,185727708,6,0,0,4608,8,2997759062
17859,100124300,85628778,185753078,3,0,0,12800,7,2413481142
17860,100126590,105487238,205613828,3,0,1,7680,7,45578735
17861,100131919,105516637,205648556,0,0,1,8704,18,5673829888
17862,100134469,105515226,205649695,0,0,1,2048,18,43895002
17863,100134890,105656652,205791542,5,0,1,29696,7,2690857467
17864,100137559,85830300,185967859,5,0,0,1024,7,5169878773
17865,100156371,85869795,186026166,2,0,0,48640,13,3780119093
17866,100162810,85669195,185832005,6,0,0,512,8,1908128634
17867,100167160,86187492,186354652,9,0,0,57856,17,5448845815
17868,100170370,86095588,186265958,9,0,0,20480,17,979285522
17869,100178410,86337649,186516059,1,0,0,66560,9,5709805281
17870,100184709,85672866,185857575,5,0,0,14848,7,577374462
17871,100185179,85868067,186053246,0,0,0,4096,18,8189584420
17872,100186570,86209397,186395967,9,0,0,62464,17,5815612812
17873,100187080,86182773,186369853,4,0,0,18944,13,7530176790
17874,100190119,86280844,186470963,5,0,0,79872,7,723938350
17875,100192081,85885627,186077708,2,0,0,12288,13,7766704152
17876,100194419,85751283,185945702,5,0,0,2048,7,2108600694
17877,100194659,86142342,186337001,5,0,0,49664,7,6755107879
17878,100195870,86398933,186594803,8,0,0,5120,17,9217623322
17879,100216040,86377172,186593212,6,0,0,101888,8,2868340185
17880,100222491,85923282,186145773,2,0,0,44032,13,3199140832
17881,100223370,85809995,186033365,7,0,0,23552,6,4766887048
17882,100236789,86411177,186647966,0,0,0,59392,18,5135908499
17883,100250580,105572528,205823108,6,0,1,2560,8,1125950844
17884,100250590,105576064,205826654,1,0,1,5632,9,1892753509
17885,100256250,86177323,186433573,1,0,0,44032,9,990680492
17886,100263230,105629825,205893055,3,0,1,10752,7,9428542548
17887,100276080,105616998,205893078,1,0,1,4608,9,10434591570
17888,100278500,85923673,186202173,7,0,0,39936,6,4691454023
17889,100279920,85772055,186051975,3,0,0,8704,7,5235004519
17890,100290890,86257348,186548238,6,0,0,22528,8,514569657
17891,100301390,105596510,205897900,1,0,1,16384,9,10105602503
17892,100309660,86341301,186650961,3,0,0,9728,7,7147538479
17893,100310420,105701040,206011460,3,0,1,31744,7,8801174564
17894,100319750,85939945,186259695,3,0,0,15872,7,2412432251
17895,100322020,86089570,186411590,6,0,0,51200,8,5931612202
17896,100331860,86148642,186480502,3,0,0,31232,7,9610528868
17897,100335599,86080717,186416316,5,0,0,5632,7,1190776389
17898,100341170,86288677,186629847,4,0,0,45056,13,4594355676
17899,100343220,86218925,186562145,1,0,0,45568,9,5674076719
17900,100345331,86069246,186414577,2,0,0,9728,13,2020451998
17901,100348309,86193042,186541351,0,0,0,24064,18,5810877917
17902,100348759,86419821,186768580,5,0,0,55808,7,5088914853
17903,100350540,86086332,186436872,9,0,0,10752,17,9663678612
17904,100351830,86140036,186491866,6,0,0,28160,8,5902761988
17905,100357860,86369922,186727782,3,0,0,71680,7,5602249678
17906,100368600,85988883,186357483,6,0,0,9216,8,2343543017
17907,100372730,105638753,206011483,6,0,1,15872,8,4390122498
17908,100374381,105637125,206011506,8,0,1,512,17,598104576
17909,100381451,86038632,186420083,2,0,0,12288,13,4166382937
17910,100386670,86582504,186969174,7,0,0,33280,6,7138063009
17911,100386760,85990144,186376904,3,0,0,23040,7,10530130052
17912,100388739,105622790,206011529,4,0,1,512,13,1350924968
17913,100409369,86193101,186602470,0,0,0,25088,18,4985311974
17914,100409550,86119899,186529449,9,0,0,10752,17,4320237866
17915,100413690,86378509,186792199,9,0,0,24064,17,1972144274
17916,100432471,86101525,186533996,2,0,0,14848,13,8488471175
17917,100440450,86686094,187126544,7,0,0,21504,6,8051018447
17918,100448949,86615129,187064078,5,0,0,39424,7,7307978162
17919,100457680,86279833,186737513,8,0,0,3072,17,6821316984
17920,100457839,105563316,206021155,4,0,1,7168,13,3928027159
17921,100461709,105559966,206021675,0,0,1,1024,18,3474593486
17922,100465910,86139079,186604989,8,0,0,8192,17,8994958930
17923,100473820,86439100,186912920,7,0,0,29696,6,6759865632
17924,100485890,105537091,206022981,1,0,1,2048,9,4959976542
17925,100486640,105539567,206026207,5,0,1,5120,7,4936500370
17926,100493160,105534993,206028153,6,0,1,3072,8,3553036424
17927,100493380,86434897,186928277,6,0,0,50176,8,1500588650
17928,100497910,86118178,186616088,6,0,0,36352,8,4528620880
17929,100504350,86693914,187198264,3,0,0,33792,7,9158313513
17930,100507299,86395233,186902532,5,0,0,52224,7,5411513197
17931,100521790,86364807,186886597,9,0,0,69632,17,10373540510
17932,100524650,86409077,186933727,9,0,0,10752,17,5833547942
17933,100535430,105634539,206169969,7,0,1,52224,6,7695387546
17934,100535790,86269906,186805696,7,0,0,11264,6,6285425150
17935,100537320,86403918,186941238,7,0,0,24576,6,1087156439
17936,100539430,86153509,186692939,7,0,0,4608,6,3584618539
17937,100559980,105618617,206178597,5,0,1,4096,7,7718330991
17938,100562909,86295197,186858106,0,0,0,10752,18,8521139197
17939,100568350,86362001,186930351,7,0,0,6656,6,7818887523
17940,100576530,86399424,186975954,8,0,0,5120,17,6926898081
17941,100591150,105605901,206197051,2,0,1,2048,13,5555440143
17942,100591519,86178800,186770319,0,0,0,5632,18,3215797764
17943,100595699,105601375,206197074,0,0,1,1536,18,4642460780
17944,100604790,105592307,206197097,3,0,1,512,7,7550844170
17945,100616680,86529618,187146298,6,0,0,30720,8,10151609110
17946,100621980,86602382,187224362,8,0,0,85504,17,2975951807
17947,100625320,105571800,206197120,7,0,1,1024,6,6006131478
17948,100626940,105570203,206197143,3,0,1,1536,7,10031759379
17949,100634061,105576700,206210761,8,0,1,1536,17,7259916103
17950,100637029,105573779,206210808,0,0,1,2048,18,342280247
17951,100637590,86333791,186971381,9,0,0,7168,17,4602827049
17952,100641679,86262170,186903849,0,0,0,4096,18,806521953
17953,100643390,105567441,206210831,5,0,1,1536,7,2548210859
17954,100644190,86693724,187337914,3,0,0,14336,7,2978755414
17955,100654670,105556184,206210854,1,0,1,1536,9,7397541032
17956,100655760,86686945,187342705,6,0,0,2048,8,1159354947
17957,100659820,86576490,187236310,3,0,0,29696,7,459050897
17958,100662230,86740742,187402972,7,0,0,39936,6,4567624810
17959,100667290,105696718,206364008,1,0,1,25088,9,295150970
17960,100670910,87007127,187678037,6,0,0,2560,8,695121579
17961,100672150,86741280,187413430,4,0,0,6144,13,3313984318
17962,100678879,86653529,187332408,5,0,0,42496,7,3756509271
17963,100684420,86656535,187340955,7,0,0,9728,6,5108266823
17964,100685580,86633857,187319437,3,0,0,68608,7,2603020066
17965,100689210,86764015,187453225,9,0,0,4608,17,779294288
17966,100694050,105696130,206390180,5,0,1,4096,7,6008219443
17967,100695870,105721102,206416972,6,0,1,18432,8,1911626598
17968,100701060,86677021,187378081,3,0,0,7680,7,1939590102
17969,100702090,87069706,187771796,3,0,0,68608,7,10003564354
17970,100702251,105804939,206507190,8,0,1,4096,17,3341314632
17971,100709340,86855058,187564398,3,0,0,34304,7,4173510909
17972,100713770,86676364,187390134,3,0,0,29696,7,10033523048
17973,100715700,105825717,206541417,3,0,1,22016,7,7130708231
17974,100716049,86799677,187515726,5,0,0,22528,7,4417674351
17975,100723290,86610233,187333523,8,0,0,3584,17,58021534
17976,100730640,86417810,187148450,4,0,0,1536,13,9239671032
17977,100738010,86610333,187348343,4,0,0,2560,13,5778553395
17978,100744769,105862516,206607285,0,0,1,11776,18,9237841012
17979,100748059,86534550,187282609,5,0,0,1536,7,3054218755
17980,100754450,105858965,206613415,1,0,1,16896,9,661592182
17981,100759370,86539140,187298510,3,0,0,17920,7,74154702
17982,100760570,86630211,187390781,1,0,0,2048,9,4993681457
17983,100762950,86719751,187482701,8,0,0,18944,17,4495024148
17984,100767580,86459659,187227239,9,0,0,9216,17,4110914878
17985,100770270,86783653,187553923,3,0,0,16384,7,6020971852
17986,100772970,86735869,187508839,1,0,0,42496,9,1603710930
17987,100773930,105869385,206643315,7,0,1,11776,6,1000890504
17988,100777630,86631449,187409079,9,0,0,19968,17,1826694445
17989,100788390,86645215,187433605,4,0,0,39424,13,2886375071
17990,100793580,105997825,206791405,9,0,1,16896,17,6633106727
17991,100798970,105992458,206791428,7,0,1,9728,6,10311396694
17992,100807040,86685512,187492552,6,0,0,32256,8,1645272265
17993,100807789,86603730,187411519,5,0,0,7680,7,7138579325
17994,100821080,87026622,187847702,7,0,0,14336,6,3522353005
17995,100832360,86844874,187677234,3,0,0,24576,7,1953084830
17996,100838400,105967114,206805514,6,0,1,2560,8,7859634742
17997,100841009,105978770,206819779,0,0,1,7680,18,3630563451
17998,100848610,105971192,206819802,6,0,1,512,8,1914574429
17999,100848639,86565438,187414077,0,0,0,2048,18,9369348515
18000,100859891,86497147,187357038,2,0,0,3072,13,10397304419
18001,100867980,87019245,187887225,3,0,0,40448,7,4953205870
18002,100870730,86821913,187692643,1,0,0,5632,9,4172169295
18003,100874910,87131567,188006477,1,0,0,56320,9,6333560218
18004,100879290,86738443,187617733,6,0,0,512,8,3825644771
18005,100879649,87104408,187984057,0,0,0,21504,18,2200451289
18006,100895620,87562366,188457986,7,0,0,13312,6,6113010849
18007,100896521,106022269,206918790,8,0,1,20480,17,1612521319
18008,100911400,86779504,187690904,1,0,0,12288,9,3965760807
18009,100926620,86971969,187898589,1,0,0,7168,9,8980660315
18010,100927160,86724725,187651885,7,0,0,11776,6,5354687195
18011,100927589,87016529,187944118,0,0,0,7680,18,2758632106
18012,100928171,105994409,206922580,8,0,1,7680,17,3864531283
18013,100932300,86525004,187457304,7,0,0,13312,6,9119266161
18014,100932960,87149814,188082774,4,0,0,94208,13,6009789299
18015,100935590,86727706,187663296,7,0,0,37376,6,4346787647
18016,100940720,86810149,187750869,8,0,0,36352,17,8666267433
18017,100946390,106022363,206968753,1,0,1,22016,9,8495148481
18018,100952780,87189364,188142144,6,0,0,5632,8,2902015844
18019,100954350,86762663,187717013,6,0,0,7168,8,4215075747
18020,100962949,87364570,188327519,0,0,0,103424,18,7363581050
18021,100976540,86866771,187843311,7,0,0,49664,6,2663436723
18022,100978980,87404144,188383124,6,0,0,47104,8,3547170161
18023,101003890,87004482,188008372,7,0,0,6144,6,10300414359
18024,101011520,106069913,207081433,9,0,1,2560,17,2805312337
18025,101013321,106076361,207089682,8,0,1,1024,17,8515115497
18026,101014530,86655185,187669715,3,0,0,20992,7,8736918365
18027,101021149,87632315,188653464,5,0,0,16384,7,7435696258
18028,101029230,87151326,188180556,9,0,0,40960,17,1944642677
18029,101030280,106059761,207090041,9,0,1,9728,17,7858875450
18030,101037260,86949784,187987044,6,0,0,9728,8,6620830923
18031,101039281,106059096,207098377,8,0,1,7168,17,8417293130
18032,101047530,86647320,187694850,7,0,0,7168,6,3914063465
18033,101049460,106084959,207134419,3,0,1,9216,7,9426977493
18034,101049660,87674766,188724426,9,0,0,8704,17,1000620447
18035,101051199,87069918,188121117,5,0,0,52736,7,5091280978
18036,101053020,86769164,187822184,8,0,0,6144,17,1044521440
18037,101056099,106244079,207300178,4,0,1,17408,13,8236139207
18038,101058780,106242384,207301164,6,0,1,1536,8,2645673026
18039,101070720,86702214,187772934,6,0,0,3584,8,6485199147
18040,101076540,86833999,187910539,9,0,0,8192,17,7882282216
18041,101087259,87115729,188202988,5,0,0,19456,7,9499197896
18042,101088721,87280028,188368749,2,0,0,27648,13,10453706474
18043,101090130,86949229,188039359,3,0,0,15360,7,2412657900
18044,101099430,86842325,187941755,6,0,0,22016,8,2509459718
18045,101108910,87642919,188751829,7,0,0,3072,6,6933698717
18046,101112380,106197476,207309856,3,0,1,13824,7,5470007856
18047,101116430,106212707,207329137,5,0,1,8704,7,3729914419
18048,101121800,87689543,188811343,9,0,0,10752,17,1066761632
18049,101125459,86831584,187957043,0,0,0,6656,18,8488309279
18050,101147401,106285817,207433218,8,0,1,35328,17,2814412136
18051,101151550,87272193,188423743,3,0,0,10752,7,8800198829
18052,101154100,87244857,188398957,8,0,0,26112,17,5230614160
18053,101156579,87135788,188292367,5,0,0,49664,7,4323175525
18054,101161230,86727601,187888831,1,0,0,5120,9,7081492280
18055,101163329,87257069,188420398,5,0,0,2560,7,10605323121
18056,101163370,106367864,207531234,7,0,1,12800,6,549830601
18057,101173120,106438508,207611628,1,0,1,5632,9,6579432986
18058,101182050,87414745,188596795,7,0,0,11264,6,3529434999
18059,101182340,106430914,207613254,1,0,1,2560,9,1084549877
18060,101182660,87207351,188390011,7,0,0,22528,6,3406327246
18061,101186820,86917481,188104301,3,0,0,8704,7,7310529862
18062,101188091,87265816,188453907,2,0,0,17408,13,8632965212
18063,101189270,87039570,188228840,3,0,0,20992,7,4680615385
18064,101189590,86974036,188163626,4,0,0,9728,13,2331568385
18065,101194839,87746293,188941132,5,0,0,125952,7,9815907613
18066,101195240,87081972,188277212,4,0,0,11264,13,3271850532
18067,101196330,106472898,207669228,1,0,1,5120,9,7574180410
18068,101198640,87161662,188360302,8,0,0,107520,17,5709182262
18069,101200310,106552793,207753103,9,0,1,31232,17,2960773226
18070,101210790,86884328,188095118,4,0,0,24064,13,9467612677
18071,101223050,87273789,188496839,7,0,0,1536,6,7211029412
18072,101224300,86972737,188197037,3,0,0,52736,7,10040989221
18073,101237599,87330518,188568117,5,0,0,28160,7,9752380048
18074,101238519,87173565,188412084,0,0,0,43008,18,7626212349
18075,101242320,106510806,207753126,2,0,1,8704,13,2040640066
18076,101245630,87393621,188639251,4,0,0,24576,13,8460961861
18077,101253070,87166525,188419595,8,0,0,24576,17,9941662587
18078,101254980,87006900,188261880,9,0,0,19456,17,8379585341
18079,101255640,87995115,189250755,3,0,0,65536,7,4970995589
18080,101257030,87478424,188735454,8,0,0,8192,17,8029506663
18081,101263591,106507687,207771278,8,0,1,7680,17,5312960984
18082,101264110,87183605,188447715,8,0,0,7168,17,673573763
18083,101264590,106534925,207799515,9,0,1,5632,17,5983546519
18084,101264871,106536386,207801257,8,0,1,14336,17,6911500451
18085,101265220,87761652,189026872,9,0,0,48640,17,2044425887
18086,101268689,86944171,188212860,5,0,0,14848,7,4203659320
18087,101278210,106551032,207829242,6,0,1,512,8,10480816855
18088,101278329,87112641,188390970,5,0,0,3072,7,6323887087
18089,101284880,88174799,189459679,8,0,0,23040,17,7394920613
18090,101292030,106537235,207829265,9,0,1,512,17,7318529197
18091,101298431,106530857,207829288,8,0,1,2048,17,7493030229
18092,101312980,87111456,188424436,4,0,0,2048,13,1881687008
18093,101315589,106513722,207829311,4,0,1,21504,13,2724335954
18094,101317750,87160374,188478124,6,0,0,12800,8,10164553025
18095,101319240,87395000,188714240,6,0,0,18944,8,6126813973
18096,101321750,87286179,188607929,3,0,0,22016,7,9730951501
18097,101327040,87146285,188473325,8,0,0,6144,17,6667733417
18098,101334929,87370662,188705591,0,0,0,171008,18,930361028
18099,101340980,87460348,188801328,7,0,0,11776,6,2001308529
18100,101344700,88226069,189570769,1,0,0,70656,9,9676696991
18101,101345709,87518628,188864337,5,0,0,43520,7,3030715723
18102,101348400,87259708,188608108,6,0,0,512,8,3447306268
18103,101357670,106569821,207927491,6,0,1,5632,8,8574033531
18104,101362420,88246467,189608887,3,0,0,3072,7,1837622714
18105,101380880,87348405,188729285,8,0,0,15872,17,4466396804
18106,101386800,87346127,188732927,6,0,0,3584,8,9310444541
18107,101392619,87505949,188898568,0,0,0,24064,18,2045948377
18108,101393371,87608491,189001862,2,0,0,5632,13,2443247355
18109,101401070,87544765,188945835,1,0,0,15360,9,2184393621
18110,101403790,106523724,207927514,6,0,1,15872,8,1689696801
18111,101404890,87326914,188731804,1,0,0,8192,9,3112350624
18112,101407440,87299734,188707174,3,0,0,5120,7,5016607185
18113,101408480,87127725,188536205,7,0,0,3584,6,4500137119
18114,101410631,87435385,188846016,2,0,0,17920,13,2011691272
18115,101424570,87575553,189000123,3,0,0,62464,7,4881660668
18116,101425320,87425734,188851054,9,0,0,9728,17,3504100232
18117,101428461,87279984,188708445,2,0,0,4096,13,7755448587
18118,101432880,87336258,188769138,1,0,0,8704,9,2626446135
18119,101435150,87367761,188802911,3,0,0,5120,7,4923434257
18120,101437860,87410207,188848067,4,0,0,6656,13,248427499
18121,101442479,87279272,188721751,5,0,0,24576,7,5958770963
18122,101449960,87338343,188788303,7,0,0,5120,6,5029633673
18123,101452950,87333770,188786720,9,0,0,40960,17,5391913704
18124,101468150,87579235,189047385,8,0,0,11264,17,6041075937
18125,101475100,87348608,188823708,3,0,0,10240,7,6990736669
18126,101476600,87265549,188742149,6,0,0,1536,8,6228974421
18127,101482050,87283319,188765369,1,0,0,7168,9,8673751365
18128,101483660,106561347,208045007,2,0,1,6144,13,5023865679
18129,101488620,87581771,189070391,1,0,0,11776,9,2253413941
18130,101489850,87798059,189287909,4,0,0,26624,13,5232244553
18131,101496190,87472999,188969189,7,0,0,23552,6,3217656406
18132,101512759,87528644,189041403,5,0,0,47616,7,6748185395
18133,101517270,87692724,189209994,4,0,0,8704,13,2078882133
18134,101526790,87585017,189111807,4,0,0,8704,13,4871630377
18135,101535101,87411077,188946178,2,0,0,1024,13,79028795
18136,101538449,87824712,189363161,0,0,0,3072,18,6341963096
18137,101540341,106505332,208045673,8,0,1,1024,17,3942184740
18138,101541150,87470879,189012029,6,0,0,19968,8,7677657021
18139,101542509,106507030,208049539,4,0,1,6144,13,849723232
18140,101544310,87908326,189452636,9,0,0,51200,17,4223285029
18141,101546040,87588288,189134328,4,0,0,28672,13,258250854
18142,101555490,106494395,208049885,6,0,1,512,8,7740204652
18143,101556251,87449222,189005473,2,0,0,11776,13,6389280567
18144,101561970,88082845,189644815,9,0,0,20480,17,10337638199
18145,101570609,106492769,208063378,4,0,1,6656,13,4086213856
18146,101572420,87494090,189066510,8,0,0,7168,17,9997785613
18147,101580501,87722330,189302831,2,0,0,17920,13,5650058085
18148,101581700,87462230,189043930,4,0,0,8192,13,4753059893
18149,101587340,106476061,208063401,3,0,1,6144,7,7029393695
18150,101587850,87393218,188981068,7,0,0,38912,6,3959906363
18151,101593210,106512989,208106199,2,0,1,14336,13,2549427234
18152,101593250,87772373,189365623,3,0,0,7680,7,434039359
18153,101601990,87984269,189586259,4,0,0,45056,13,3506259891
18154,101603750,87833263,189437013,4,0,0,78848,13,10626863313
18155,101615521,87637129,189252650,2,0,0,6144,13,7515991456
18156,101621830,106870589,208492419,1,0,1,15872,9,4071343651
18157,101624150,87844839,189468989,6,0,0,20480,8,4002222698
18158,101630389,106889208,208519597,4,0,1,6656,13,4340930402
18159,101632120,87721273,189353393,7,0,0,16384,6,3158749523
18160,101635600,87531208,189166808,4,0,0,4096,13,2613324118
18161,101636460,87529077,189165537,6,0,0,13824,8,8979566491
18162,101649900,106869712,208519612,9,0,1,1024,17,4001731657
18163,101657140,87542653,189199793,7,0,0,4608,6,9577058877
18164,101665009,87678335,189343344,0,0,0,2048,18,4813123837
18165,101680070,88205558,189885628,9,0,0,10752,17,780805523
18166,101680170,88007480,189687650,9,0,0,41984,17,8959941235
18167,101683421,106836206,208519627,8,0,1,2560,17,2991370561
18168,101684120,88088057,189772177,8,0,0,64000,17,7330689141
18169,101688430,88153229,189841659,7,0,0,4608,6,2982370153
18170,101689230,106830412,208519642,3,0,1,3072,7,984249638
18171,101695551,87645835,189341386,2,0,0,1024,13,10717243131
18172,101696930,87569004,189265934,7,0,0,11264,6,2908027945
18173,101710580,87877666,189588246,8,0,0,3584,17,5159313836
18174,101714650,106805007,208519657,1,0,1,512,9,4407381894
18175,101721941,87691025,189412966,2,0,0,22528,13,3253936282
18176,101732290,87776385,189508675,9,0,0,49152,17,8161744127
18177,101732740,88058336,189791076,3,0,0,61952,7,5639924878
18178,101736870,87634211,189371081,3,0,0,4096,7,8002206332
18179,101745329,87976635,189721964,5,0,0,27648,7,7938828115
18180,101746790,106772882,208519672,2,0,1,1536,13,7104842011
18181,101749511,88383771,190133282,2,0,0,45568,13,7682920617
18182,101759709,87827399,189587108,0,0,0,2560,18,5866424153
18183,101767069,88446620,190213689,5,0,0,1536,7,4369008540
18184,101773720,87686294,189460014,1,0,0,1024,9,4751532511
18185,101777700,88586285,190363985,4,0,0,22016,13,5256938383
18186,101796081,88120516,189916597,2,0,0,21504,13,8790478962
18187,101797880,88200415,189998295,7,0,0,29696,6,8073440642
18188,101798720,88009913,189808633,7,0,0,42496,6,2322746453
18189,101799320,106721630,208520950,7,0,1,5632,6,8137707564
18190,101814230,88325159,190139389,6,0,0,19968,8,7351950010
18191,101825131,106744052,208569183,8,0,1,1024,17,9120430043
18192,101834310,88075712,189910022,3,0,0,36352,7,2048998585
18193,101841750,87730758,189572508,8,0,0,5632,17,9887811941
18194,101848749,87785082,189633831,5,0,0,7680,7,6211531983
18195,101860210,88019766,189879976,7,0,0,3584,6,3886413794
18196,101879410,88315531,190194941,7,0,0,18944,6,6985014451
18197,101891930,106691947,208583877,6,0,1,6144,8,1605305412
18198,101896050,106711163,208607213,6,0,1,19968,8,1203118656
18199,101905340,88072621,189977961,4,0,0,46592,13,2184594198
18200,101907039,87731513,189638552,5,0,0,8192,7,10419597885
18201,101910140,88053602,189963742,6,0,0,20480,8,5271670451
18202,101913180,88160446,190073626,8,0,0,57856,17,3183183141
18203,101915760,87894612,189810372,6,0,0,5632,8,830160730
18204,101921099,87683609,189604708,0,0,0,5120,18,3299039726
18205,101927430,87864449,189791879,4,0,0,2560,13,2918602885
18206,101939530,88081633,190021163,4,0,0,56320,13,5999487402
18207,101946481,87805004,189751485,2,0,0,22528,13,4594309881
18208,101947530,87951393,189898923,4,0,0,31232,13,10514216023
18209,101948840,87773927,189722767,8,0,0,2560,17,1117918552
18210,101950220,106661662,208611882,9,0,1,7680,17,2641389689
18211,101969520,88139260,190108780,3,0,0,41472,7,6771816355
18212,101971090,88061975,190033065,7,0,0,1536,6,3599060438
18213,101977800,88504362,190482162,6,0,0,8192,8,10212489908
18214,101978890,87959484,189938374,8,0,0,16384,17,7000611728
18215,101987610,88225473,190213083,9,0,0,29696,17,7957077826
18216,102016050,106608628,208624678,7,0,1,6656,6,535121038
18217,102019870,88155609,190175479,6,0,0,35840,8,6839965446
18218,102023610,88180402,190204012,6,0,0,29696,8,3250385889
18219,102029490,87959726,189989216,4,0,0,36864,13,10659701518
18220,102038460,106624317,208662777,3,0,1,512,7,4851059819
18221,102042810,87989764,190032574,9,0,0,37376,17,151232325
18222,102042839,106620706,208663545,0,0,1,11776,18,10692503360
18223,102047920,87876188,189924108,1,0,0,24576,9,9011115970
18224,102048409,106615597,208664006,0,0,1,10240,18,1060921992
18225,102052030,88558685,190610715,4,0,0,23552,13,1771693473
18226,102058110,106678191,208736301,2,0,1,23552,13,2743939108
18227,102060099,88367278,190427377,5,0,0,3072,7,5313271138
18228,102062980,88223105,190286085,1,0,0,48128,9,9139166237
18229,102067810,88595184,190662994,4,0,0,64000,13,7235229180
18230,102083980,88058864,190142844,4,0,0,11264,13,2559112897
18231,102089500,106654316,208743816,3,0,1,1024,7,4422089113
18232,102090240,106654882,208745122,6,0,1,2048,8,6162233657
18233,102091160,88059251,190150411,9,0,0,20480,17,5620236403
18234,102096060,88000061,190096121,3,0,0,30720,7,9557789692
18235,102098261,88158633,190256894,2,0,0,22016,13,6892737484
18236,102109190,88162185,190271375,8,0,0,31744,17,10195497861
18237,102111060,88001339,190112399,3,0,0,11776,7,2565780871
18238,102116211,88068652,190184863,2,0,0,6144,13,424522055
18239,102120150,88196483,190316633,1,0,0,12800,9,1444796571
18240,102122370,106714553,208836923,9,0,1,34816,17,3161148834
18241,102127261,106719660,208846921,8,0,1,12288,17,8853725597
18242,102131789,88156994,190288783,5,0,0,8704,7,8116424382
18243,102137520,88201932,190339452,7,0,0,34304,6,7131205127
18244,102152191,106695396,208847587,8,0,1,1024,17,9773189948
18245,102157460,88194384,190351844,4,0,0,19968,13,7992481749
18246,102163960,88874441,191038401,4,0,0,32256,13,9294793775
18247,102177471,106671499,208848970,8,0,1,14848,17,2822016766
18248,102187629,88490883,190678512,0,0,0,18432,18,254728511
18249,102199620,88184539,190384159,1,0,0,8704,9,2561011336
18250,102205860,106682505,208888365,1,0,1,512,9,1602351145
18251,102210960,88432511,190643471,7,0,0,20992,6,6594839561
18252,102218790,106670561,208889351,1,0,1,1536,9,460170437
18253,102220931,106670046,208890977,8,0,1,2560,17,3701368342
18254,102233090,88315778,190548868,3,0,0,49664,7,5477381448
18255,102243471,88099592,190343063,2,0,0,11776,13,6667218371
18256,102248659,88461985,190710644,5,0,0,30208,7,9357806675
18257,102254210,88719491,190973701,8,0,0,7680,17,1082960951
18258,102254710,106636421,208891131,3,0,1,8704,7,4883077888
18259,102267450,88433967,190701417,7,0,0,32768,6,7398978706
18260,102272140,88261565,190533705,1,0,0,36864,9,6243697894
18261,102301149,88363116,190664265,5,0,0,4096,7,9675301740
18262,102305450,88634420,190939870,4,0,0,35328,13,4427396125
18263,102308659,88319143,190627802,5,0,0,37376,7,6755543610
18264,102317440,88841686,191159126,8,0,0,53248,17,9958811610
18265,102319249,88590694,190909943,0,0,0,66560,18,1275682243
18266,102319950,88366541,190686491,6,0,0,26112,8,4056676625
18267,102320760,106589982,208910742,3,0,1,1024,7,6699250698
18268,102321920,106588837,208910757,9,0,1,12800,17,1889990353
18269,102330490,88405927,190736417,4,0,0,17408,13,9804416263
18270,102331120,89057603,191388723,6,0,0,52224,8,6091275995
18271,102332840,88529910,190862750,8,0,0,13312,17,6060011677
18272,102357159,89092218,191449377,0,0,0,8192,18,1831110719
18273,102361310,88421351,190782661,7,0,0,1536,6,5819120251
18274,102370050,88152400,190522450,1,0,0,15360,9,1483511256
18275,102376171,88636827,191012998,2,0,0,34304,13,10425408341
18276,102378239,88550836,190929075,5,0,0,6656,7,5499059115
18277,102383871,88540135,190924006,2,0,0,46080,13,7667890170
18278,102384560,88344721,190729281,8,0,0,20480,17,4159238851
18279,102393590,88388580,190782170,4,0,0,22528,13,5741752666
18280,102410519,88603750,191014269,5,0,0,4096,7,4409072455
18281,102411809,88660878,191072687,5,0,0,69120,7,7268742366
18282,102413131,88338836,190751967,2,0,0,4608,13,843923341
18283,102423261,106501787,208925048,8,0,1,4096,17,5295060440
18284,102423630,88313278,190736908,4,0,0,1536,13,3048504976
18285,102431850,106499635,208931485,3,0,1,16384,7,8075601338
18286,102435650,106505210,208940860,1,0,1,2048,9,5636806053
18287,102435991,88602745,191038736,2,0,0,1024,13,6930474358
18288,102436240,88422431,190858671,3,0,0,25600,7,5038999219
18289,102440430,88730777,191171207,6,0,0,9216,8,5804002072
18290,102447750,106494096,208941846,5,0,1,1536,7,454735871
18291,102448060,106497652,208945712,1,0,1,6144,9,4157445860
18292,102450400,88627744,191078144,7,0,0,7168,6,5935165539
18293,102451369,88587702,191039071,0,0,0,1024,18,9921301070
18294,102462289,106484089,208946378,0,0,1,1024,18,1749285236
18295,102466021,106483903,208949924,8,0,1,5632,17,8874402332
18296,102475160,88358600,190833760,7,0,0,2048,6,512340821
18297,102480720,89139015,191619735,8,0,0,36864,17,1564562451
18298,102482580,88442705,190925285,4,0,0,4096,13,9377629175
18299,102499619,88502896,191002515,0,0,0,57344,18,5369048325
18300,102501690,88513249,191014939,3,0,0,2048,7,3961179669
18301,102507220,106482627,208989847,2,0,1,31232,13,10234102732
18302,102511140,88588102,191099242,6,0,0,11776,8,7242460715
18303,102512040,88354863,190866903,1,0,0,12288,9,790692304
18304,102512100,88601582,191113682,6,0,0,24064,8,3187546768
18305,102513180,88101614,190614794,4,0,0,13312,13,13758468
18306,102527190,88667726,191194916,7,0,0,12288,6,6801819819
18307,102539219,88207897,190747116,0,0,0,9216,18,4251416723
18308,102545010,88440002,190985012,3,0,0,20992,7,3453461515
18309,102550120,106462029,209012149,2,0,1,3072,13,10434939610
18310,102558740,106456315,209015055,2,0,1,4608,13,497952479
18311,102559980,88418613,190978593,7,0,0,12288,6,9102065046
18312,102565270,88267843,190833113,8,0,0,32256,17,1577229472
18313,102568219,106465185,209033404,0,0,1,29696,18,4312946446
18314,102571890,88550707,191122597,1,0,0,29184,9,1215693515
18315,102575500,88589421,191164921,9,0,0,18944,17,4664352860
18316,102586529,88652644,191239173,0,0,0,6144,18,734047000
18317,102589570,88337454,190927024,9,0,0,5632,17,7065879415
18318,102590059,88282171,190872230,5,0,0,17408,7,2208876420
18319,102593650,106440100,209033750,3,0,1,512,7,9624343564
18320,102607140,88687253,191294393,8,0,0,14848,17,7920465029
18321,102609619,88571595,191181214,5,0,0,32768,7,10682664050
18322,102615749,106419384,209035133,4,0,1,14848,13,7532873112
18323,102619730,88644156,191263886,6,0,0,5632,8,7977289373
18324,102628179,88400363,191028542,5,0,0,44544,7,9115599793
18325,102630390,89085579,191715969,1,0,0,13824,9,9289076747
18326,102635009,88649157,191284166,0,0,0,6656,18,4993194655
18327,102638570,88457061,191095631,6,0,0,36352,8,3574062006
18328,102639420,88660626,191300046,6,0,0,1024,8,681750527
18329,102642620,88525756,191168376,7,0,0,11264,6,10596661715
18330,102645070,89193226,191838296,7,0,0,4096,6,5191225915
18331,102645419,88709307,191354726,0,0,0,27136,18,7073503326
18332,102647790,88535647,191183437,1,0,0,7168,9,1907125831
18333,102653390,90260107,192913497,8,0,0,7680,17,764849180
18334,102656340,89339332,191995672,7,0,0,40448,6,9985952765
18335,102657290,106380749,209038039,6,0,1,4608,8,1482902636
18336,102663500,88561830,191225330,1,0,0,40448,9,1077472580
18337,102664990,90214696,192879686,3,0,0,175616,7,10283814925
18338,102668150,89245031,191913181,4,0,0,24576,13,4177519923
18339,102675080,106397163,209072243,6,0,1,2560,8,9321324214
18340,102679730,106392528,209072258,1,0,1,18432,9,754938617
18341,102681731,88563607,191245338,2,0,0,6144,13,2416930248
18342,102683281,106388992,209072273,8,0,1,2560,17,1352863066
18343,102688881,89185126,191874007,2,0,0,27136,13,6553555597
18344,102690530,88599316,191289846,8,0,0,512,17,4047554904
18345,102692009,88654426,191346435,0,0,0,74752,18,6477568453
18346,102712480,88577126,191289606,6,0,0,14848,8,7370091571
18347,102715160,89056967,191772127,4,0,0,98304,13,1771357928
18348,102715219,106357069,209072288,4,0,1,1536,13,6020492606
18349,102720540,106374236,209094776,6,0,1,6656,8,5215987665
18350,102720920,106431948,209152868,6,0,1,27648,8,4855638462
18351,102723010,106429873,209152883,5,0,1,1024,7,4822880233
18352,102730050,90339965,193070015,4,0,0,83968,13,3183556885
18353,102733360,89100990,191834350,6,0,0,29184,8,2638616553
18354,102733620,88627860,191361480,3,0,0,13312,7,10388671935
18355,102734760,89169877,191904637,9,0,0,512,17,9967608713
18356,102741530,88651896,191393426,1,0,0,15360,9,2374548864
18357,102751410,106406230,209157640,9,0,1,25088,17,8435058938
18358,102752320,88612623,191364943,3,0,0,11264,7,6925642053
18359,102757400,89369456,192126856,3,0,0,17920,7,5106819333
18360,102760240,88488553,191248793,3,0,0,11264,7,1875187370
18361,102771969,88585432,191357401,5,0,0,8704,7,2293155755
18362,102781120,88740543,191521663,1,0,0,34304,9,8179608053
18363,102783539,88523797,191307336,0,0,0,5120,18,1958687715
18364,102791680,88666917,191458597,9,0,0,15360,17,2387452801
18365,102794291,88929855,191724146,2,0,0,24576,13,6355589803
18366,102796111,106367314,209163425,8,0,1,2048,17,5319677885
18367,102802460,89453151,192255611,8,0,0,39936,17,693301016
18368,102811350,106352536,209163886,2,0,1,10240,13,2042528565
18369,102816721,106381131,209197852,8,0,1,4096,17,10200243945
18370,102821260,88610672,191431932,6,0,0,10240,8,7502971852
18371,102823119,88586746,191409865,0,0,0,6656,18,10259772036
18372,102823910,88979064,191802974,4,0,0,86528,13,5907053592
18373,102832651,88907143,191739794,2,0,0,20480,13,2936124802
18374,102837430,89122605,191960035,7,0,0,36864,6,3387204346
18375,102838689,88733443,191572132,0,0,0,1024,18,5720674498
18376,102846539,89210090,192056629,0,0,0,25088,18,4433276923
18377,102854270,88739004,191593274,6,0,0,14336,8,70689756
18378,102856670,88999533,191856203,7,0,0,9728,6,2929405723
18379,102857160,89258080,192115240,7,0,0,30208,6,3665894188
18380,102858360,88667070,191525430,6,0,0,12288,8,7699700620
18381,102860350,88815171,191675521,9,0,0,9216,17,9867592345
18382,102860450,88992766,191853216,1,0,0,38400,9,10504009167
18383,102861790,89378204,192239994,7,0,0,28160,6,6672401990
18384,102862530,106346126,209208656,3,0,1,30208,7,6925199215
18385,102866549,89077892,191944441,0,0,0,5120,18,4981278617
18386,102878130,106335735,209213865,1,0,1,6656,9,8970545620
18387,102881640,88894924,191776564,9,0,0,14336,17,4916800265
18388,102889650,88929290,191818940,1,0,0,52224,9,9713324659
18389,102889890,106867894,209757784,3,0,1,757760,7,1980888438
18390,102900330,89539037,192439367,1,0,0,35840,9,6918463752
18391,102901150,89082175,191983325,9,0,0,36352,17,6127347893
18392,102903410,88933615,191837025,4,0,0,8704,13,6599773013
18393,102907670,89269634,192177304,3,0,0,49152,7,10064646574
18394,102907891,89091553,191999444,2,0,0,1536,13,650123627
18395,102914990,90208513,193123503,3,0,0,4608,7,6676436775
18396,102915260,88987205,191902465,6,0,0,8192,8,5680733007
18397,102918320,106842050,209760370,9,0,1,4096,17,6801043585
18398,102928220,89699953,192628173,9,0,0,11776,17,4640460882
18399,102929500,106836157,209765657,9,0,1,16896,17,257570196
18400,102942830,89660306,192603136,3,0,0,92160,7,187546128
18401,102943050,88939160,191882210,8,0,0,11776,17,2750550182
18402,102943770,106822873,209766643,6,0,1,1536,8,10184366749
18403,102946240,89216065,192162305,3,0,0,35840,7,5358874522
18404,102949189,88937970,191887159,5,0,0,14848,7,6280026516
18405,102951330,90574994,193526324,7,0,0,14336,6,1212971038
18406,102953269,88888216,191841485,0,0,0,10240,18,6419157445
18407,102960069,89327372,192287441,0,0,0,7168,18,2573565729
18408,102964619,89397391,192362010,0,0,0,38400,18,5554905871
18409,102968090,106832685,209800775,3,0,1,114688,7,5471314692
18410,102977580,89393033,192370613,7,0,0,28160,6,3999632651
18411,102986600,89225260,192211860,3,0,0,1024,7,1037994270
18412,102989580,89071249,192060829,6,0,0,3584,8,170602255
18413,103006690,89265731,192272421,1,0,0,2048,9,7941841043
18414,103018171,88954055,191972226,2,0,0,39936,13,3018096011
18415,103021449,89163622,192185071,5,0,0,512,7,5327526815
18416,103024200,89872224,192896424,6,0,0,49152,8,488963663
18417,103024330,89157209,192181539,6,0,0,13824,8,8442186417
18418,103025060,106778621,209803681,2,0,1,4608,13,1175159090
18419,103025360,89324927,192350287,9,0,0,22016,17,1547168083
18420,103028411,89737984,192766395,2,0,0,28672,13,8906926654
18421,103029010,89240726,192269736,7,0,0,8704,6,9321858357
18422,103033660,89975613,193009273,1,0,0,34304,9,29937242
18423,103034190,106773677,209807867,1,0,1,6656,9,3397651523
18424,103040780,89016964,192057744,7,0,0,3584,6,6615143382
18425,103051709,89099653,192151362,5,0,0,26624,7,5250620321
18426,103077999,106733402,209811401,0,0,1,18944,18,62517217
18427,103079749,106733598,209813347,0,0,1,3072,18,2406078694
18428,103089469,89422592,192512061,5,0,0,25088,7,5978071919
18429,103094140,106719553,209813693,1,0,1,512,9,4959121484
18430,103098159,89206587,192304746,0,0,0,17408,18,6115463389
18431,103106029,106708330,209814359,0,0,1,1024,18,1193185252
18432,103106300,89708954,192815254,6,0,0,28672,8,3706452094
18433,103109200,90623729,193732929,3,0,0,3584,7,2750122272
18434,103120410,89574406,192694816,6,0,0,32768,8,3273869407
18435,103129530,106704466,209833996,5,0,1,9216,7,4186671314
18436,103132540,89496771,192629311,9,0,0,3584,17,3910243006
18437,103137430,106699792,209837222,5,0,1,5120,7,9314445459
18438,103141020,106698148,209839168,7,0,1,3072,6,6050001423
18439,103148580,89522163,192670743,1,0,0,31232,9,7871721687
18440,103148651,106693423,209842074,8,0,1,4608,17,9273736072
18441,103157110,106686270,209843380,9,0,1,2048,17,9402434482
18442,103165680,89100117,192265797,3,0,0,33280,7,2982517883
18443,103168390,106675349,209843739,6,0,1,9728,8,5836211074
18444,103178590,106666775,209845365,1,0,1,2560,9,6549308588
18445,103179030,89103775,192282805,1,0,0,2560,9,10072455076
18446,103181890,106665741,209847631,5,0,1,3584,7,70302180
18447,103186089,90454960,193641049,5,0,0,3072,7,1215068214
18448,103186479,89438083,192624562,0,0,0,61440,18,5848492927
18449,103186770,89282793,192469563,7,0,0,32768,6,3070358452
18450,103192281,89267267,192459548,2,0,0,11776,13,2925614593
18451,103193381,89943093,193136474,2,0,0,42496,13,7967107405
18452,103208640,89366393,192575033,3,0,0,56320,7,2430350505
18453,103211170,89735946,192947116,7,0,0,36864,6,7616402033
18454,103215470,106688447,209903917,3,0,1,97280,7,7869691587
18455,103218659,89780139,192998798,5,0,0,94720,7,9961142940
18456,103218760,89154684,192373444,6,0,0,9216,8,9617618014
18457,103220659,106687444,209908103,4,0,1,6656,13,982386764
18458,103222180,89857131,193079311,1,0,0,27648,9,9646651004
18459,103228180,89377631,192605811,6,0,0,8704,8,1187910936
18460,103231881,106679448,209911329,8,0,1,5120,17,1435855351
18461,103235060,90015428,193250488,7,0,0,57344,6,9754394474
18462,103237880,89305555,192543435,7,0,0,18944,6,5065056992
18463,103238250,89786669,193024919,9,0,0,49664,17,6954606962
18464,103244170,89661325,192905495,6,0,0,29696,8,10499888278
18465,103252510,106663005,209915515,2,0,1,6656,13,3089983644
18466,103258920,89235411,192494331,1,0,0,10240,9,4268568237
18467,103260619,106658020,209918639,0,0,1,16896,18,6784371735
18468,103267410,89452582,192719992,9,0,0,21504,17,2026285750
18469,103269790,89530836,192800626,6,0,0,12800,8,9181017540
18470,103271210,89366328,192637538,9,0,0,20480,17,8520297419
18471,103274340,89181597,192455937,6,0,0,12288,8,2830164354
18472,103283001,89808345,193091346,2,0,0,39424,13,10323769412
18473,103296270,89334936,192631206,3,0,0,6144,7,331147445
18474,103296580,89713184,193009764,4,0,0,1536,13,392933207
18475,103302670,106643044,209945714,1,0,1,3072,9,2155686400
18476,103310740,89961192,193271932,3,0,0,11776,7,3764048007
18477,103311369,89068574,192379943,5,0,0,7168,7,702561582
18478,103311810,89391453,192703263,4,0,0,27648,13,261292299
18479,103313880,90089548,193403428,9,0,0,32768,17,8632103777
18480,103315780,106630498,209946278,5,0,1,10752,7,1442005824
18481,103331830,106617994,209949824,2,0,1,5632,13,1980243028
18482,103334810,106636580,209971390,6,0,1,17920,8,9421481992
18483,103338280,89818715,193156995,3,0,0,6656,7,4520792486
18484,103344299,90623613,193967912,0,0,0,47104,18,6917375694
18485,103350410,89291074,192641484,6,0,0,12800,8,1009539901
18486,103353080,89840944,193194024,3,0,0,9216,7,3489554251
18487,103353290,89198209,192551499,6,0,0,5120,8,4182146660
18488,103356069,89876842,193232911,5,0,0,4096,7,902471097
18489,103382250,89587665,192969915,7,0,0,74752,6,4618417740
18490,103390219,89353021,192743240,5,0,0,4096,7,2234516722
18491,103393331,90450139,193843470,2,0,0,16384,13,8751487025
18492,103394110,106578586,209972696,9,0,1,2048,17,10505939949
18493,103396610,106576240,209972850,5,0,1,8704,7,1577194470
18494,103407030,89331819,192738849,9,0,0,18944,17,5994972208
18495,103413101,90313542,193726643,2,0,0,15872,13,10659616863
18496,103414890,89726763,193141653,3,0,0,16896,7,1029196460
18497,103418030,89942038,193360068,6,0,0,33792,8,8482980278
18498,103423440,89605402,193028842,6,0,0,12800,8,6843768092
18499,103428360,89292435,192720795,9,0,0,2560,17,5603238924
18500,103435680,106538476,209974156,7,0,1,2048,6,2863719597
18501,103436501,90619683,194056184,2,0,0,22528,13,4160104966
18502,103442580,89438845,192881425,6,0,0,5632,8,6242757470
18503,103445199,106531223,209976422,4,0,1,3584,13,4418622476
18504,103459671,106519292,209978963,8,0,1,9216,17,3352171861
18505,103471390,89558099,193029489,4,0,0,2048,13,1860922687
18506,103483790,106497439,209981229,6,0,1,3584,8,9127729212
18507,103487250,89667694,193154944,9,0,0,43520,17,10424115784
18508,103490780,90749005,194239785,3,0,0,72192,7,10639527184
18509,103492509,90627074,194119583,5,0,0,24064,7,7915871029
18510,103506519,89606542,193113061,0,0,0,71168,18,6111215468
18511,103511659,89399475,192911134,5,0,0,18432,7,1855207189
18512,103513620,89677573,193191193,3,0,0,58880,7,6104807863
18513,103517270,89687759,193205029,9,0,0,28672,17,9261005741
18514,103524649,89822295,193346944,5,0,0,8704,7,6204461196
18515,103526050,89590957,193117007,9,0,0,12800,17,708452982
18516,103543801,89716233,193260034,2,0,0,1536,13,10180257108
18517,103550810,90103827,193654637,4,0,0,2048,13,10675199154
18518,103553419,90282985,193836404,0,0,0,14848,18,6195268227
18519,103557650,90459079,194016729,9,0,0,32768,17,4697220459
18520,103579840,106415963,209995803,9,0,1,5120,17,3894195896
18521,103581940,106414209,209996149,1,0,1,512,9,4857300950
18522,103587099,89534977,193122076,0,0,0,16384,18,5186087179
18523,103596839,90310279,193907118,0,0,0,18432,18,2830281912
18524,103597721,89566964,193164685,2,0,0,11776,13,8719028511
18525,103604879,106391936,209996815,0,0,1,1024,18,6291140438
18526,103605100,89465718,193070818,7,0,0,2560,6,3887420404
18527,103609090,106389313,209998403,2,0,1,15872,13,1940788145
18528,103611450,89418888,193030338,6,0,0,2560,8,3958854423
18529,103620210,90492018,194112228,1,0,0,6144,9,9083977595
18530,103625660,89760994,193386654,3,0,0,29184,7,4884465627
18531,103625860,90259416,193885276,4,0,0,37376,13,2291310950
18532,103629600,89531474,193161074,4,0,0,13312,13,5393227613
18533,103631250,90165995,193797245,1,0,0,34304,9,6627657382
18534,103635440,89530204,193165644,7,0,0,3072,6,8550519526
18535,103639660,89567778,193207438,4,0,0,7680,13,623953502
18536,103644000,90643964,194287964,1,0,0,23552,9,973908994
18537,103644699,106364881,210009580,4,0,1,1536,13,1962682624
18538,103646840,89790314,193437154,1,0,0,38912,9,2153390963
18539,103647439,90412355,194059794,0,0,0,3072,18,8034998178
18540,103653980,89605346,193259326,4,0,0,9728,13,10491237366
18541,103660590,90602577,194263167,6,0,0,15360,8,5062029669
18542,103661980,106425651,210087631,3,0,1,144384,7,9500667293
18543,103665180,89834032,193499212,3,0,0,37376,7,1979854163
18544,103669550,90460352,194129902,7,0,0,33792,6,337064877
18545,103670039,89636819,193306858,5,0,0,11776,7,10585252277
18546,103672160,90789956,194462116,6,0,0,25600,8,589605906
18547,103672201,89978387,193650588,2,0,0,31232,13,7288706057
18548,103682280,89642992,193325272,3,0,0,512,7,3402753971
18549,103688950,89878536,193567486,1,0,0,13312,9,10656756613
18550,103690169,106398947,210089116,4,0,1,15360,13,6974038894
18551,103691909,90350135,194042044,0,0,0,10240,18,4292238943
18552,103692670,89829239,193521909,7,0,0,13312,6,6285570072
18553,103698800,106390675,210089475,1,0,1,9728,9,6723621229
18554,103709320,89903994,193613314,7,0,0,32256,6,7362045491
18555,103709609,89739444,193449053,5,0,0,8704,7,2060882958
18556,103714100,106436102,210150202,3,0,1,66048,7,3959422881
18557,103724249,90468563,194192812,0,0,0,13824,18,7272918852
18558,103731071,89731103,193462174,2,0,0,512,13,255490279
18559,103737150,89573338,193310488,9,0,0,5120,17,9876937463
18560,103737250,89771813,193509063,3,0,0,32256,7,6109621982
18561,103738730,106421898,210160628,2,0,1,25088,13,3213878602
18562,103740731,90075193,193815924,2,0,0,28160,13,5939311374
18563,103741470,89805066,193546536,9,0,0,18432,17,3398756048
18564,103742899,90913897,194656796,5,0,0,58368,7,4075981372
18565,103744289,89894990,193639279,5,0,0,47616,7,6498787544
18566,103745080,106421153,210166233,7,0,1,2560,6,6848097830
18567,103748820,89693556,193442376,3,0,0,14336,7,313224902
18568,103752290,89584526,193336816,9,0,0,9728,17,8211101285
18569,103752829,106415350,210168179,0,0,1,3072,18,3253376450
18570,103753960,89870788,193624748,4,0,0,24576,13,5733136472
18571,103758800,89759022,193517822,7,0,0,28672,6,6110275815
18572,103763780,90254384,194018164,3,0,0,4608,7,2946456986
18573,103770670,89881056,193651726,7,0,0,3584,6,10625709962
18574,103783759,89751183,193534942,5,0,0,17408,7,2702333545
18575,103789090,89891811,193680901,3,0,0,3584,7,5303526486
18576,103795269,106380318,210175587,0,0,1,5632,18,3596716914
18577,103796080,90065113,193861193,3,0,0,17408,7,7290493631
18578,103797350,90041105,193838455,6,0,0,6656,8,9104532026
18579,103799480,89803983,193603463,6,0,0,10240,8,10735826937
18580,103800479,89796151,193596630,5,0,0,15360,7,4168000714
18581,103802010,90123488,193925498,7,0,0,3072,6,9140209449
18582,103807010,90473732,194280742,6,0,0,54272,8,4784804459
18583,103813130,106363174,210176304,6,0,1,19456,8,7816672811
18584,103813990,90940554,194754544,1,0,0,18432,9,415097884
18585,103816300,106365851,210182151,6,0,1,16384,8,5755629101
18586,103824590,106435494,210260084,3,0,1,114176,7,9697785422
18587,103826271,89974273,193800544,2,0,0,10752,13,4709720217
18588,103833409,89783828,193617237,5,0,0,12800,7,766486746
18589,103839149,106426609,210265758,4,0,1,1536,13,5154187640
18590,103842130,106428454,210270584,1,0,1,7680,9,6390564628
18591,103854190,89969571,193823761,3,0,0,4608,7,767805415
18592,103861250,89870564,193731814,1,0,0,16896,9,6100914475
18593,103870871,106400379,210271250,8,0,1,1024,17,2829389798
18594,103873430,106401392,210274822,7,0,1,5632,6,5589271478
18595,103878619,89787238,193665857,5,0,0,3584,7,4380817070
18596,103886430,90024923,193911353,4,0,0,13824,13,6889337872
18597,103894890,89784896,193679786,4,0,0,43008,13,8616378664
18598,103895220,90357137,194252357,9,0,0,1536,17,7628989839
18599,103898761,106377239,210276000,8,0,1,13824,17,10504527028
18600,103908301,89774495,193682796,2,0,0,6144,13,5767223447
18601,103911220,89847579,193758799,4,0,0,22528,13,9470462468
18602,103912779,89808959,193721738,0,0,0,37888,18,8826021528
18603,103914360,89725730,193640090,3,0,0,2560,7,8099969846
18604,103914860,89892461,193807321,3,0,0,21504,7,4631600946
18605,103918699,106358607,210277306,4,0,1,2048,13,8571223829
18606,103920310,90168464,194088774,6,0,0,20992,8,9680147069
18607,103922900,90934735,194857635,9,0,0,16896,17,5319612958
18608,103926960,106357092,210284052,1,0,1,28672,9,4710947199
18609,103942880,90315584,194258464,9,0,0,19968,17,7504624288
18610,103946511,90316835,194263346,2,0,0,512,13,7090179993
18611,103975260,106310372,210285632,2,0,1,1536,13,1718977660
18612,103976519,106309472,210285991,4,0,1,9728,13,9943802181
18613,103976991,90405804,194382795,2,0,0,47616,13,5494489443
18614,103987800,106306599,210294399,2,0,1,512,13,4888449455
18615,103989300,89762513,193751813,7,0,0,11776,6,326939469
18616,103991739,89906729,193898468,5,0,0,11264,7,9104631312
18617,103993130,89873618,193866748,6,0,0,512,8,7513662987
18618,104001510,106308836,210310346,9,0,1,13312,17,4743418480
18619,104009420,89944117,193953537,3,0,0,42496,7,10066737064
18620,104015260,106296392,210311652,9,0,1,2048,17,6507172943
18621,104017490,89923076,193940566,1,0,0,45056,9,9259320752
18622,104020360,89867279,193887639,1,0,0,7680,9,3602032456
18623,104027181,90576327,194603508,2,0,0,49664,13,9481585499
18624,104033120,106286456,210319576,6,0,1,25600,8,10190427917
18625,104039270,89962741,194002011,4,0,0,4608,13,2922169789
18626,104045430,106275108,210320538,5,0,1,10752,7,9682816771
18627,104058570,89948144,194006714,4,0,0,15360,13,7616322778
18628,104060110,106290322,210350432,1,0,1,21504,9,8796214785
18629,104061440,89739283,193800723,3,0,0,512,7,7772314098
18630,104069510,106283508,210353018,6,0,1,4096,8,2016539277
18631,104070250,89930334,194000584,1,0,0,29184,9,4838526721
18632,104078420,89990964,194069384,1,0,0,20480,9,8925628979
18633,104087380,90375859,194463239,1,0,0,3584,9,10546616163
18634,104088390,90021935,194110325,7,0,0,70656,6,8530065765
18635,104088420,106265059,210353479,6,0,1,10240,8,3898934064
18636,104100849,89981506,194082355,5,0,0,42496,7,9499020043
18637,104109039,90287351,194396390,5,0,0,44544,7,5638098749
18638,104119140,90125371,194244511,3,0,0,9216,7,10635904528
18639,104122590,90129276,194251866,4,0,0,24064,13,2553016005
18640,104131380,90342477,194473857,9,0,0,2560,17,3116447123
18641,104146549,90217022,194363571,0,0,0,9216,18,657691647
18642,104149030,90846743,194995773,3,0,0,36352,7,9675600949
18643,104153401,90485588,194638989,2,0,0,53248,13,423215232
18644,104158030,106204846,210362876,2,0,1,23040,13,1815772792
18645,104185799,106177948,210363747,4,0,1,12288,13,4443923577
18646,104186271,106178142,210364413,8,0,1,1024,17,6206821348
18647,104187170,90473549,194660719,6,0,0,12800,8,851935503
18648,104188489,106184296,210372785,4,0,1,13312,13,9920537132
18649,104193799,90679638,194873437,5,0,0,25088,7,9209835612
18650,104195740,90118913,194314653,6,0,0,1024,8,8218077435
18651,104204570,106169521,210374091,7,0,1,2048,6,10330158299
18652,104208499,90466057,194674556,0,0,0,37376,18,4285319546
18653,104209659,91007569,195217228,0,0,0,30208,18,5862158838
18654,104216670,90504823,194721493,4,0,0,15872,13,8243176307
18655,104220850,90088998,194309848,9,0,0,22528,17,1707979203
18656,104221419,90020261,194241680,0,0,0,6144,18,6645235949
18657,104222810,90564228,194787038,1,0,0,15360,9,7080092718
18658,104229340,106146057,210375397,2,0,1,2048,13,6986230625
18659,104239020,89917575,194156595,4,0,0,27136,13,8582879758
18660,104248430,90264174,194512604,6,0,0,34304,8,2546317818
18661,104257940,90932635,195190575,4,0,0,19968,13,151252090
18662,104264300,90872937,195137237,3,0,0,31744,7,5620735489
18663,104265839,90426772,194692611,5,0,0,8704,7,5313273426
18664,104267090,89891712,194158802,4,0,0,7168,13,2411233103
18665,104274870,106102473,210377343,9,0,1,3072,17,8686131748
18666,104278880,89927517,194206397,6,0,0,6144,8,3870529461
18667,104279750,89862130,194141880,6,0,0,9216,8,9473449118
18668,104281730,91061300,195343030,9,0,0,2048,17,4579610167
18669,104294949,89913955,194208904,5,0,0,6144,7,3571750501
18670,104295680,90275253,194570933,3,0,0,47616,7,8188742158
18671,104296100,106082728,210378828,9,0,1,15360,17,10683012025
18672,104301810,106084074,210385884,5,0,1,512,7,3542394328
18673,104302180,90563590,194865770,7,0,0,26624,6,6139201850
18674,104305119,90539504,194844623,0,0,0,34816,18,6879973962
18675,104309460,90380476,194689936,1,0,0,7680,9,10523266126
18676,104323780,90002495,194326275,4,0,0,4608,13,4915435236
18677,104338190,90404590,194742780,9,0,0,19456,17,6634604872
18678,104353890,90630784,194984674,9,0,0,16384,17,4660102521
18679,104354500,106040449,210394949,5,0,1,22528,7,428661582
18680,104355780,90560218,194915998,7,0,0,48128,6,1798511892
18681,104357350,90096943,194454293,9,0,0,20992,17,607223444
18682,104369080,90032021,194401101,4,0,0,2048,13,7973000168
18683,104376450,90933344,195309794,3,0,0,5120,7,5774214542
18684,104383070,90119059,194502129,6,0,0,26112,8,3950131145
18685,104389290,90029607,194418897,9,0,0,8704,17,4545195144
18686,104393429,90752115,195145544,0,0,0,27136,18,6977272434
18687,104396960,90117851,194514811,6,0,0,7168,8,3573376664
18688,104403450,90219292,194622742,7,0,0,48128,6,10583035612
18689,104408960,90307674,194716634,8,0,0,28160,17,986267568
18690,104423560,90863723,195287283,6,0,0,49664,8,2096016471
18691,104440780,90491204,194931984,7,0,0,4096,6,592243301
18692,104442419,90097297,194539716,5,0,0,6656,7,947786145
18693,104444290,90243283,194687573,9,0,0,25088,17,1890705935
18694,104455669,90152386,194608055,0,0,0,14848,18,2238958040
18695,104462931,90970567,195433498,2,0,0,29696,13,1253513053
18696,104466990,90880508,195347498,9,0,0,8192,17,9003030363
18697,104477009,90314287,194791296,5,0,0,3072,7,422901280
18698,104477380,90202526,194679906,6,0,0,512,8,6987929576
18699,104478570,90411360,194889930,9,0,0,18432,17,761361985
18700,104480720,105915065,210395785,9,0,1,1024,17,3600784887
18701,104484920,90958749,195443669,6,0,0,33280,8,2769831171
18702,104487100,90537735,195024835,4,0,0,55296,13,5048354609
18703,104487390,90294945,194782335,4,0,0,91136,13,8002870608
18704,104487720,105908833,210396553,5,0,1,11776,7,222418371
18705,104488000,105935636,210423636,9,0,1,11776,17,4744596182
18706,104493720,105931719,210425439,5,0,1,20992,7,8073586155
18707,104497060,90668202,195165262,6,0,0,27136,8,4334152488
18708,104500980,90529658,195030638,3,0,0,18944,7,2821237924
18709,104509080,90615007,195124087,4,0,0,22016,13,2693626031
18710,104513620,105915858,210429478,7,0,1,1024,6,3137025972
18711,104516939,90065716,194582655,5,0,0,5120,7,9711535371
18712,104523630,90818745,195342375,3,0,0,24576,7,4483551518
18713,104532460,105899924,210432384,7,0,1,4608,6,6990102302
18714,104532920,90203909,194736829,6,0,0,24576,8,2239655359
18715,104539309,91052397,195591706,5,0,0,40960,7,9179860977
18716,104539550,105897660,210437210,1,0,1,7680,9,9773317243
18717,104540610,105899469,210440079,7,0,1,8704,6,37170146
18718,104545690,105899065,210444755,9,0,1,4096,17,4114139092
18719,104545980,90557347,195103327,7,0,0,53248,6,2883577616
18720,104550020,90722108,195272128,6,0,0,44032,8,9354546432
18721,104565080,90287384,194852464,7,0,0,1024,6,4829298952
18722,104569771,90109956,194679727,2,0,0,16896,13,5823134201
18723,104570810,105898179,210468989,5,0,1,7680,7,4678210129
18724,104576340,90213997,194790337,7,0,0,10752,6,1989771621
18725,104581821,90585827,195167648,2,0,0,2560,13,7744054627
18726,104583341,90866591,195449932,2,0,0,20480,13,6017911801
18727,104584380,91242190,195826570,9,0,0,28160,17,1545178112
18728,104598590,91265084,195863674,3,0,0,13824,7,4369041186
18729,104609340,105872128,210481468,2,0,1,46592,13,1491546983
18730,104609420,105874314,210483734,5,0,1,3584,7,9023203927
18731,104615800,105869560,210485360,5,0,1,2560,7,3020453623
18732,104616930,90529417,195146347,4,0,0,2560,13,6290201610
18733,104621400,91334589,195955989,9,0,0,55296,17,8476710854
18734,104624190,90383774,195007964,6,0,0,39936,8,4570734799
18735,104631280,90684891,195316171,9,0,0,3584,17,3886417403
18736,104646660,91080776,195727436,6,0,0,26624,8,9610808364
18737,104646880,90416244,195063124,3,0,0,35840,7,816364047
18738,104647160,90724890,195372050,6,0,0,48128,8,4921583228
18739,104659110,90675754,195334864,6,0,0,30208,8,2311991875
18740,104662690,90857477,195520167,3,0,0,31744,7,7534729825
18741,104671060,90456482,195127542,4,0,0,11264,13,5279353851
18742,104671820,90623598,195295418,9,0,0,26624,17,4965869212
18743,104678060,105811536,210489596,9,0,1,1536,17,2088007822
18744,104680459,90398494,195078953,5,0,0,14336,7,7126878647
18745,104682679,90465251,195147930,0,0,0,5120,18,4423691715
18746,104685391,90700202,195385593,2,0,0,10752,13,9171424046
18747,104690010,90733146,195423156,9,0,0,20992,17,1167697130
18748,104690380,91394587,196084967,4,0,0,10752,13,7064487706
18749,104695579,91063964,195759543,5,0,0,37376,7,6700194443
18750,104699440,90842919,195542359,9,0,0,36864,17,4103646674
18751,104707890,90458955,195166845,9,0,0,5120,17,3989119440
18752,104712250,90399725,195111975,4,0,0,11776,13,983948359
18753,104724599,90666812,195391411,0,0,0,2048,18,770678401
18754,104725290,91262459,195987749,4,0,0,20480,13,542768412
18755,104729980,90652314,195382294,6,0,0,7168,8,4556386907
18756,104745220,91056588,195801808,4,0,0,8192,13,2761021561
18757,104751730,105738532,210490262,9,0,1,1024,17,2964116129
18758,104782069,91420242,196202311,5,0,0,44544,7,5939959527
18759,104783700,105712463,210496163,2,0,1,19968,13,9103991316
18760,104799430,90591334,195390764,6,0,0,16896,8,8452247037
18761,104808460,91080527,195888987,7,0,0,32768,6,10129078743
18762,104824610,90839119,195663729,9,0,0,12288,17,4375043404
18763,104825819,105672290,210498109,4,0,1,3072,13,5728480232
18764,104827990,105672065,210500055,9,0,1,3072,17,9311115871
18765,104838360,105672284,210510644,6,0,1,4096,8,6033228469
18766,104843340,90482297,195325637,1,0,0,17920,9,74746826
18767,104843510,90816452,195659962,1,0,0,49664,9,9140159021
18768,104850850,90612521,195463371,4,0,0,6656,13,4010654858
18769,104864431,90450625,195315056,2,0,0,5120,13,6571727020
18770,104868809,90758213,195627022,0,0,0,35328,18,8031934217
18771,104871111,90896419,195767530,2,0,0,26112,13,10109249496
18772,104878660,90650578,195529238,3,0,0,29696,7,5107260851
18773,104881170,90838131,195719301,6,0,0,22016,8,3997056139
18774,104886960,91052158,195939118,6,0,0,64512,8,6274000420
18775,104889860,90822660,195712520,3,0,0,36352,7,9218260300
18776,104890300,90588957,195479257,3,0,0,14336,7,2242891226
18777,104893609,105624022,210517631,4,0,1,11264,13,5699354875
18778,104895330,90529097,195424427,9,0,0,4096,17,3338124917
18779,104907730,91908611,196816341,6,0,0,42496,8,9194361034
18780,104911410,91227350,196138760,7,0,0,50688,6,5625443570
18781,104912230,91166022,196078252,7,0,0,51200,6,5209812313
18782,104916640,105601977,210518617,7,0,1,1536,6,1033680669
18783,104933320,105586283,210519603,2,0,1,1536,13,5480887901
18784,104936721,105584470,210521191,8,0,1,15872,17,7100081494
18785,104938600,90809532,195748132,6,0,0,43520,8,3444163326
18786,104939880,91465221,196405101,4,0,0,29696,13,579439468
18787,104939920,90961453,195901373,3,0,0,9216,7,2801820728
18788,104941951,91274579,196216530,2,0,0,46592,13,8902837054
18789,104959011,90683512,195642523,2,0,0,13312,13,4972280926
18790,104960210,91682195,196642405,7,0,0,38400,6,9477550391
18791,104960521,105561016,210521537,8,0,1,512,17,10218532687
18792,104967140,90903326,195870466,1,0,0,512,9,2315275143
18793,104971621,90727003,195698624,2,0,0,11776,13,4478502573
18794,104980731,90867037,195847768,2,0,0,19968,13,9111795378
18795,104985320,105544995,210530315,5,0,1,16384,7,5276861233
18796,104991479,105541742,210533221,0,0,1,4608,18,7382872555
18797,104995331,91020509,196015840,2,0,0,7680,13,4122403966
18798,104999930,91232916,196232846,9,0,0,53248,17,2106839030
18799,105013850,90950274,195964124,1,0,0,26624,9,10658884421
18800,105016020,105521342,210537362,7,0,1,15360,6,9497805444
18801,105022901,105516407,210539308,8,0,1,3072,17,6680338532
18802,105023661,90952498,195976159,2,0,0,39424,13,5404092869
18803,105023980,91064910,196088890,7,0,0,12800,6,213923189
18804,105031480,91127763,196159243,6,0,0,64512,8,3930105147
18805,105037239,105504655,210541894,0,0,1,4096,18,7545247011
18806,105044340,91036275,196080615,9,0,0,7680,17,1589148150
18807,105045280,91189165,196234445,6,0,0,3072,8,262150258
18808,105046839,91117731,196164570,0,0,0,17408,18,10404751218
18809,105051260,90950130,196001390,4,0,0,14336,13,259316221
18810,105055430,105487450,210542880,2,0,1,1536,13,1214006888
18811,105059330,91118637,196177967,1,0,0,20480,9,1650997369
18812,105065979,91499204,196565183,5,0,0,31232,7,373951325
18813,105066190,91873142,196939332,6,0,0,15360,8,1902927151
18814,105072470,91275211,196347681,4,0,0,2560,13,7857090966
18815,105078859,90956018,196034877,0,0,0,23040,18,2595430587
18816,105079350,91407311,196486661,4,0,0,31744,13,7535242880
18817,105093510,91071863,196165373,4,0,0,2560,13,5092734726
18818,105102850,105442616,210545466,6,0,1,4096,8,1760019445
18819,105107350,105442367,210549717,7,0,1,4096,6,778104521
18820,105108690,91218653,196327343,1,0,0,54784,9,8883185784
18821,105112831,91857221,196970052,2,0,0,13824,13,3535006259
18822,105119480,105431863,210551343,7,0,1,2560,6,8113135388
18823,105119650,91262143,196381793,7,0,0,34816,6,9012847074
18824,105120070,91266270,196386340,4,0,0,14848,13,10277743708
18825,105120149,91765075,196885224,5,0,0,8704,7,4024450656
18826,105129280,91394563,196523843,4,0,0,26624,13,7053654417
18827,105141870,91844897,196986767,6,0,0,54784,8,5916703231
18828,105160059,91181970,196342029,5,0,0,9216,7,8951712124
18829,105179600,91153382,196332982,9,0,0,18432,17,4549784085
18830,105181760,91242969,196424729,6,0,0,15360,8,9556211803
18831,105182280,91576972,196759252,4,0,0,9216,13,3545601176
18832,105183830,91181622,196365452,6,0,0,13312,8,3667903707
18833,105185080,91697469,196882549,6,0,0,65024,8,3774178338
18834,105197610,91551924,196749534,4,0,0,84480,13,1325576736
18835,105203330,91083797,196287127,4,0,0,3072,13,5845989432
18836,105210300,105342349,210552649,2,0,1,2048,13,8380231736
18837,105216691,91191999,196408690,2,0,0,5120,13,9942358494
18838,105220430,105440672,210661102,3,0,1,150528,7,2403007856
18839,105228389,91176891,196405280,5,0,0,512,7,4479842565
18840,105228580,91201645,196430225,7,0,0,8192,6,3829477972
18841,105234029,91809159,197043188,5,0,0,40448,7,339878736
18842,105235540,91828286,197063826,4,0,0,67584,13,4895180624
18843,105238821,91952544,197191365,2,0,0,22528,13,2806297684
18844,105246180,92094888,197341068,3,0,0,20480,7,715764315
18845,105246369,91440708,196687077,5,0,0,4608,7,966829746
18846,105252681,105419131,210671812,8,0,1,3584,17,4531638416
18847,105260610,91915523,197176133,6,0,0,75264,8,2225000496
18848,105263960,105411398,210675358,5,0,1,5632,7,740447189
18849,105271190,105404514,210675704,5,0,1,512,7,3889617446
18850,105290790,91501386,196792176,9,0,0,52736,17,5875552092
18851,105294039,91244335,196538374,0,0,0,47616,18,9713077433
18852,105294090,105387962,210682052,2,0,1,18944,13,4630164386
18853,105297500,91953465,197250965,9,0,0,1024,17,6461305484
18854,105311010,91119706,196430716,1,0,0,1536,9,7314117122
18855,105313450,91888805,197202255,9,0,0,24576,17,3286178857
18856,105316999,91186205,196503204,0,0,0,6144,18,5878957004
18857,105319980,91923109,197243089,4,0,0,31232,13,1706912022
18858,105321600,91481770,196803370,7,0,0,32768,6,2115096368
18859,105324120,91753769,197077889,4,0,0,46080,13,5858130184
18860,105345549,91410872,196756421,5,0,0,22528,7,7972620475
18861,105352040,91993731,197345771,9,0,0,15360,17,2372762206
18862,105365260,91867698,197232958,3,0,0,6656,7,4727981907
18863,105369800,91260472,196630272,9,0,0,42496,17,7963433671
18864,105372689,92035240,197407929,0,0,0,70144,18,2145033647
18865,105374069,92076962,197451031,0,0,0,115200,18,9654689429
18866,105378681,92108341,197487022,2,0,0,99840,13,6528552992
18867,105384939,91468504,196853443,0,0,0,2048,18,7973882587
18868,105386460,92150106,197536566,9,0,0,39424,17,5785694342
18869,105387490,105296508,210683998,9,0,1,3072,17,6760569965
18870,105396781,91787697,197184478,2,0,0,26112,13,3726559671
18871,105403520,92095381,197498901,6,0,0,38912,8,8647208768
18872,105405101,91529528,196934629,2,0,0,45568,13,7085171362
18873,105410279,92452329,197862608,0,0,0,50688,18,7329821047
18874,105412450,105278560,210691010,9,0,1,12288,17,9314137951
18875,105413759,105284944,210698703,4,0,1,18432,13,9457387076
18876,105416400,91951383,197367783,1,0,0,31232,9,3295462427
18877,105419060,91772663,197191723,6,0,0,1024,8,5000224516
18878,105427000,105272369,210699369,7,0,1,1024,6,6007487686
18879,105440120,105570000,211010120,3,0,1,498176,7,1903385279
18880,105442260,92274906,197717166,9,0,0,52224,17,7388696980
18881,105446209,92065039,197511248,0,0,0,40448,18,2298558432
18882,105451040,91792696,197243736,1,0,0,2048,9,4551412344
18883,105454360,92219884,197674244,6,0,0,12288,8,8767323480
18884,105458000,92124966,197582966,4,0,0,17408,13,5808879952
18885,105458940,91771967,197230907,9,0,0,22016,17,3641576819
18886,105461210,105549474,211010684,5,0,1,10752,7,4515167952
18887,105461879,91714589,197176468,5,0,0,1024,7,2971429592
18888,105464030,92060501,197524531,6,0,0,43520,8,5063077558
18889,105464040,105550510,211014550,2,0,1,6144,13,404887165
18890,105468290,105548846,211017136,9,0,1,4096,17,7320426591
18891,105480330,92217758,197698088,4,0,0,1024,13,8973693413
18892,105480579,91726088,197206667,5,0,0,9216,7,4711475106
18893,105485931,91706314,197192245,2,0,0,1536,13,3011244479
18894,105487760,91928148,197415908,4,0,0,26112,13,7384750253
18895,105492710,91787421,197280131,6,0,0,17920,8,9375346918
18896,105496400,91805989,197302389,4,0,0,14336,13,2599320884
18897,105498999,91955175,197454174,5,0,0,10240,7,3724677239
18898,105508020,105530285,211038305,1,0,1,23552,9,9680388466
18899,105524000,92177231,197701231,9,0,0,10240,17,7523185959
18900,105534410,91852116,197386526,6,0,0,61440,8,6099009402
18901,105536940,92364058,197900998,8,0,0,82944,17,1371429271
18902,105538389,105503782,211042171,0,0,1,6144,18,10412743090
18903,105543409,92361512,197904921,0,0,0,12800,18,5122186453
18904,105544830,92119540,197664370,7,0,0,44032,6,2711520698
18905,105556040,92429092,197985132,6,0,0,57344,8,741888589
18906,105558860,92138893,197697753,6,0,0,74240,8,2488048592
18907,105561319,105482478,211043797,4,0,1,2560,13,7981572413
18908,105564120,92062329,197626449,3,0,0,1536,7,6797792592
18909,105564350,92341062,197905412,6,0,0,1536,8,7093680695
18910,105564560,105484524,211049084,7,0,1,16896,6,8878518327
18911,105569780,92229046,197798826,6,0,0,45056,8,500357049
18912,105572940,92349990,197922930,9,0,0,54784,17,133021417
18913,105580540,92159136,197739676,1,0,0,41472,9,7852494265
18914,105580920,105472990,211053910,5,0,1,7680,7,3563160033
18915,105585150,92194598,197779748,6,0,0,27136,8,8794746132
18916,105591710,91971650,197563360,1,0,0,3072,9,7435168516
18917,105596010,92131007,197727017,3,0,0,32256,7,5269336408
18918,105597280,92073197,197670477,1,0,0,19968,9,3839785518
18919,105609580,91845397,197454977,4,0,0,2560,13,8222539720
18920,105617710,92381664,197999374,7,0,0,21504,6,6036673950
18921,105621691,92324545,197946236,2,0,0,50688,13,7695539035
18922,105627290,105464766,211092056,3,0,1,130048,7,6952147036
18923,105628620,105470157,211098777,2,0,1,4608,13,4099856820
18924,105639520,91898013,197537533,9,0,0,3072,17,695988753
18925,105644400,92261815,197906215,8,0,0,2560,17,4261627379
18926,105645219,105454224,211099443,4,0,1,1024,13,7554313636
18927,105645870,92186229,197832099,4,0,0,7680,13,3322679622
18928,105646320,105455069,211101389,5,0,1,3072,7,2834646952
18929,105647580,105454155,211101735,2,0,1,512,13,1905218732
18930,105651400,105500901,211152301,3,0,1,118784,7,5453886555
18931,105654770,92087581,197742351,7,0,0,8704,6,3564291693
18932,105658050,92105978,197764028,8,0,0,15872,17,4112657932
18933,105658070,92449464,198107534,9,0,0,70144,17,6547159852
18934,105664379,92421752,198086131,5,0,0,68608,7,1191134398
18935,105666861,92300776,197967637,2,0,0,30208,13,10127061705
18936,105668960,92133945,197802905,1,0,0,13312,9,380941892
18937,105677850,92107225,197785075,6,0,0,17408,8,7280426326
18938,105679181,92775534,198454715,2,0,0,3072,13,8885373016
18939,105683730,92445195,198128925,9,0,0,14848,17,8544517694
18940,105686509,105467738,211154247,0,0,1,3072,18,905857164
18941,105713120,105443393,211156513,7,0,1,3584,6,1998118017
18942,105725340,92267459,197992799,9,0,0,25088,17,10524936777
18943,105726640,92291776,198018416,9,0,0,5120,17,2077153330
18944,105728339,105436062,211164401,4,0,1,5120,13,1888504553
18945,105731120,105435547,211166667,7,0,1,3584,6,9540456720
18946,105741930,92404249,198146179,1,0,0,13824,9,355249454
18947,105747260,92709974,198457234,8,0,0,8192,17,2149141882
18948,105747570,92438675,198186245,1,0,0,28160,9,1256772180
18949,105755170,92175591,197930761,1,0,0,25600,9,3458515072
18950,105760210,92417424,198177634,8,0,0,19456,17,8259526407
18951,105774560,92367384,198141944,4,0,0,22528,13,1340945555
18952,105805291,92753034,198558325,2,0,0,79360,13,3837846737
18953,105821949,92243255,198065204,0,0,0,34816,18,4328502657
18954,105842010,92158635,198000645,8,0,0,4096,17,8675618660
18955,105849970,105321843,211171813,6,0,1,8192,8,9788038849
18956,105850170,105323589,211173759,1,0,1,3072,9,1014040066
18957,105850939,92340962,198191901,0,0,0,3584,18,7599097258
18958,105852700,92442984,198295684,7,0,0,7680,6,7486458761
18959,105857990,92715536,198573526,9,0,0,4608,17,5267661413
18960,105861690,92463567,198325257,6,0,0,72192,8,7844469294
18961,105876680,92818856,198695536,7,0,0,1024,6,664311898
18962,105877740,92370795,198248535,9,0,0,63488,17,7873542695
18963,105882771,105292294,211175065,8,0,1,2048,17,5401929704
18964,105883810,92389889,198273699,6,0,0,13824,8,7501616566
18965,105890250,105573430,211463680,3,0,1,456704,7,317028014
18966,105900390,92271293,198171683,6,0,0,2048,8,2110117521
18967,105902440,92882411,198784851,1,0,0,4096,9,2292987217
18968,105903290,92476748,198380038,6,0,0,6144,8,7883910015
18969,105907129,92620262,198527391,0,0,0,9216,18,10633013218
18970,105910589,92724088,198634677,5,0,0,11264,7,9859441737
18971,105911849,92517998,198429847,0,0,0,21504,18,5854644215
18972,105912080,92763989,198676069,8,0,0,9216,17,2462689518
18973,105913800,92420528,198334328,8,0,0,29696,17,5027102934
18974,105913901,105549933,211463834,8,0,1,8704,17,9554077754
18975,105914370,92528420,198442790,1,0,0,11776,9,7348717334
18976,105918989,92348575,198267564,0,0,0,5632,18,757290532
18977,105924519,92710337,198634856,5,0,0,512,7,10315642872
18978,105929960,92576918,198506878,3,0,0,16896,7,8717070722
18979,105930150,92466565,198396715,9,0,0,32256,17,9058631916
18980,105930580,92484816,198415396,9,0,0,5120,17,5293462406
18981,105933970,105534050,211468020,9,0,1,6656,17,3796511919
18982,105938980,105529386,211468366,9,0,1,512,17,838646841
18983,105940650,92424232,198364882,4,0,0,16896,13,6994963072
18984,105941559,92790803,198732362,0,0,0,8704,18,7659411939
18985,105946189,92487819,198434008,0,0,0,10752,18,1873984150
18986,105955360,92616739,198572099,3,0,0,41984,7,531516004
18987,105969820,105502092,211471912,2,0,1,5632,13,5941244642
18988,105969840,92483916,198453756,3,0,0,4096,7,1099534233
18989,105990050,92522802,198512852,9,0,0,2048,17,10681064184
18990,105993900,92458585,198452485,8,0,0,31744,17,9692270358
18991,106009390,105473199,211482589,1,0,1,25088,9,6668184762
18992,106016300,92422879,198439179,7,0,0,16896,6,5738407333
18993,106025090,92720920,198746010,6,0,0,36352,8,7092506943
18994,106031390,92480815,198512205,7,0,0,17408,6,7373781001
18995,106032090,92751490,198783580,6,0,0,32256,8,10267007180
18996,106032130,92599092,198631222,6,0,0,17920,8,6351725614
18997,106040591,92518693,198559284,2,0,0,3072,13,6212722710
18998,106043040,105440215,211483255,9,0,1,1024,17,10107411941
18999,106044180,92908088,198952268,6,0,0,30208,8,3165376347
19000,106044200,92613593,198657793,8,0,0,49152,17,10383378855
19001,106077400,92768716,198846116,8,0,0,36864,17,5498692735
19002,106081599,105402642,211484241,0,0,1,1536,18,6467991435
19003,106082510,105406557,211489067,1,0,1,7680,9,568279884
19004,106086960,105403413,211490373,2,0,1,2048,13,2424255241
19005,106087920,92508324,198596244,6,0,0,12800,8,9435127047
19006,106094110,92589127,198683237,1,0,0,3584,9,35783814
19007,106094400,92564820,198659220,8,0,0,4608,17,5205093548
19008,106109929,92619758,198729687,5,0,0,8192,7,2099164871
19009,106123440,92711421,198834861,8,0,0,69120,17,6672140907
19010,106127500,105363859,211491359,7,0,1,1536,6,9828580514
19011,106129780,92743809,198873589,7,0,0,16896,6,2624270573
19012,106132111,105362794,211494905,8,0,1,5632,17,5923145900
19013,106155430,92615488,198770918,1,0,0,15872,9,1758789779
19014,106157139,92509975,198667114,0,0,0,6144,18,4678184240
19015,106159050,105339721,211498771,2,0,1,6144,13,6797840322
19016,106162219,92923123,199085342,5,0,0,67584,7,5702359108
19017,106180940,105322657,211503597,9,0,1,7680,17,5987926048
19018,106183469,92724549,198908018,5,0,0,50176,7,6016707596
19019,106184611,92977405,199162016,2,0,0,66048,13,9311314451
19020,106201749,105309388,211511137,0,0,1,21504,18,6343447961
19021,106207230,92719120,198926350,8,0,0,18944,17,8942000298
19022,106211339,92973632,199184971,5,0,0,75264,7,1615819051
19023,106213029,92880003,199093032,5,0,0,24576,7,4271645195
19024,106213280,105300123,211513403,9,0,1,3584,17,4607924800
19025,106219650,92639582,198859232,9,0,0,7168,17,1865750415
19026,106223969,93110365,199334334,5,0,0,32768,7,3846952730
19027,106225160,92756510,198981670,4,0,0,24064,13,2201177028
19028,106228470,92807660,199036130,1,0,0,4608,9,4613830972
19029,106236181,93497773,199733954,2,0,0,46080,13,865106970
19030,106243710,105271639,211515349,6,0,1,3072,8,2333815475
19031,106253660,93055846,199309506,4,0,0,22528,13,5344313255
19032,106255220,92871709,199126929,1,0,0,2560,9,4752844481
19033,106255289,92830232,199085521,0,0,0,512,18,975862504
19034,106257781,93333543,199591324,2,0,0,86528,13,2679128423
19035,106272709,105245866,211518575,4,0,1,5120,13,10169182787
19036,106276430,93088655,199365085,7,0,0,5632,6,2749550705
19037,106277490,93219041,199496531,4,0,0,31744,13,7380597050
19038,106283060,93321616,199604676,3,0,0,11776,7,5239116958
19039,106306281,92930862,199237143,2,0,0,512,13,2835086637
19040,106310070,93044499,199354569,3,0,0,41984,7,9685644756
19041,106319160,92963544,199282704,4,0,0,39936,13,3785056828
19042,106336920,93002117,199339037,3,0,0,15360,7,7973306122
19043,106339570,92846984,199186554,8,0,0,5120,17,10673459580
19044,106339680,92984647,199324327,6,0,0,45056,8,1352919945
19045,106341279,105181482,211522761,0,0,1,6656,18,4174291227
19046,106354090,93562077,199916167,8,0,0,71168,17,5090920487
19047,106364449,93067145,199431594,0,0,0,6656,18,278814912
19048,106364459,93088380,199452839,0,0,0,49664,18,2948549132
19049,106365760,93042717,199408477,3,0,0,512,7,8578719159
19050,106374050,105149787,211523837,5,0,1,13312,7,5024145220
19051,106394330,92894082,199288412,7,0,0,18432,6,883118133
19052,106396370,93145212,199541582,3,0,0,23040,7,2146291938
19053,106397490,105136550,211534040,5,0,1,26112,7,562001115
19054,106409899,93121965,199531864,0,0,0,69120,18,6363012701
19055,106410750,93381842,199792592,1,0,0,3584,9,1655518874
19056,106416810,93178437,199595247,9,0,0,12800,17,6167388432
19057,106423910,92961323,199385233,4,0,0,7168,13,5270140440
19058,106425179,93109360,199534539,0,0,0,8704,18,1655193644
19059,106431130,105105496,211536626,6,0,1,4096,8,9132323267
19060,106432740,92926064,199358804,6,0,0,13824,8,9742776448
19061,106450369,105108739,211559108,0,0,1,90112,18,9527822695
19062,106455780,93314581,199770361,1,0,0,1024,9,5586520198
19063,106456050,105103686,211559736,2,0,1,9216,13,175677208
19064,106457511,93634855,200092366,2,0,0,52224,13,1187053157
19065,106458470,93293337,199751807,3,0,0,18432,7,413584951
19066,106460340,93017683,199478023,3,0,0,22016,7,8659314052
19067,106465360,93099577,199564937,9,0,0,68608,17,394690763
19068,106467720,93003572,199471292,7,0,0,45056,6,7474770584
19069,106468429,105091563,211559992,4,0,1,9216,13,1187189288
19070,106468630,93301396,199770026,6,0,0,5632,8,5780818981
19071,106470979,93842620,200313599,5,0,0,34816,7,4300738657
19072,106471191,93228468,199699659,2,0,0,5120,13,3025883412
19073,106471499,93226577,199698076,5,0,0,24064,7,1612253086
19074,106482629,93365494,199848123,5,0,0,20992,7,10205465941
19075,106482940,105116868,211599808,6,0,1,42496,8,1965738662
19076,106483650,93270676,199754326,9,0,0,8192,17,824837121
19077,106489020,93670517,200159537,3,0,0,43520,7,5124561997
19078,106492879,93137574,199630453,5,0,0,12800,7,10358353859
19079,106503140,105097436,211600576,6,0,1,11776,8,7573364162
19080,106514530,93271406,199785936,1,0,0,5120,9,9035513860
19081,106515470,93286060,199801530,4,0,0,1024,13,3620508850
19082,106516300,93439606,199955906,8,0,0,40960,17,8920161175
19083,106535500,93358960,199894460,1,0,0,30208,9,6194357029
19084,106535950,93204423,199740373,8,0,0,20992,17,9828142576
19085,106537630,93117947,199655577,9,0,0,29696,17,2300574359
19086,106546329,92890762,199437091,0,0,0,2560,18,9711328431
19087,106551410,92959325,199510735,9,0,0,34816,17,6537995735
19088,106561960,93300094,199862054,6,0,0,13312,8,4068676041
19089,106565240,93235955,199801195,6,0,0,28160,8,2478649430
19090,106567900,93375503,199943403,9,0,0,32256,17,6697143152
19091,106577219,93023823,199601042,0,0,0,18944,18,7033436146
19092,106587649,93796529,200384178,0,0,0,7168,18,3120838804
19093,106589410,93215107,199804517,7,0,0,9728,6,7649729772
19094,106600410,105003072,211603482,2,0,1,4608,13,1436043557
19095,106600530,93212385,199812915,4,0,0,8704,13,9423297332
19096,106604110,105000358,211604468,9,0,1,1536,17,2926773297
19097,106606670,105000064,211606734,6,0,1,3584,8,358264682
19098,106610860,105012967,211623827,7,0,1,12288,6,4730322645
19099,106616239,93505665,200121904,5,0,0,37376,7,2831745241
19100,106618300,105012402,211630702,1,0,1,22528,9,8331669330
19101,106626530,93816288,200442818,3,0,0,67584,7,4945404838
19102,106629020,93139267,199768287,7,0,0,15360,6,4397107076
19103,106645760,93679764,200325524,3,0,0,14336,7,8414804665
19104,106647680,93582366,200230046,4,0,0,41984,13,7912145046
19105,106654930,93743380,200398310,3,0,0,19968,7,2708080819
19106,106659410,93086758,199746168,8,0,0,18944,17,814438161
19107,106662330,104971278,211633608,7,0,1,4608,6,1374014510
19108,106672461,93119016,199791477,2,0,0,4096,13,464458808
19109,106686631,93194197,199880828,2,0,0,5632,13,7549356654
19110,106687819,93422666,200110485,0,0,0,59392,18,1680287934
19111,106697760,93790018,200487778,9,0,0,15360,17,4213594253
19112,106705121,93262196,199967317,2,0,0,37376,13,2126113196
19113,106709550,104924724,211634274,5,0,1,1024,7,1462660817
19114,106711460,104923480,211634940,1,0,1,1024,9,10471610003
19115,106714720,93413455,200128175,8,0,0,4608,17,2429364444
19116,106715320,93257388,199972708,8,0,0,17408,17,6982315141
19117,106719780,93580881,200300661,9,0,0,74752,17,5099617745
19118,106723460,104916626,211640086,9,0,1,8192,17,6089051435
19119,106726119,104915427,211641546,0,0,1,10752,18,9716092907
19120,106726970,104914922,211641892,7,0,1,512,6,5920763972
19121,106732070,93394678,200126748,7,0,0,9216,6,4917493520
19122,106735329,105004702,211740031,0,0,1,168448,18,9457827980
19123,106738229,105175313,211913542,0,0,1,280576,18,1424718817
19124,106738800,93797574,200536374,7,0,0,32256,6,2335732892
19125,106744280,93311810,200056090,9,0,0,3584,17,3268070709
19126,106744600,105172168,211916768,6,0,1,5120,8,10559117424
19127,106745120,105179535,211924655,1,0,1,7680,9,2086544341
19128,106748320,93572813,200321133,3,0,0,7168,7,1014840115
19129,106750359,105270670,212021029,0,0,1,205312,18,4473362322
19130,106756180,93441068,200197248,3,0,0,6144,7,3475415106
19131,106757480,93903628,200661108,3,0,0,61952,7,2519204526
19132,106757860,105264475,212022335,2,0,1,2048,13,687391189
19133,106757899,93603411,200361310,0,0,0,89600,18,8272363494
19134,106760430,93930077,200690507,4,0,0,23552,13,9196189096
19135,106762120,105273118,212035238,9,0,1,2048,17,2073700093
19136,106771741,105264777,212036518,8,0,1,14336,17,9389912411
19137,106772450,105277025,212049475,7,0,1,22528,6,2813451794
19138,106783410,93494429,200277839,4,0,0,97792,13,1625400017
19139,106785570,105273859,212059429,9,0,1,16896,17,2191448144
19140,106787270,93806091,200593361,3,0,0,35840,7,6078455758
19141,106794060,93539919,200333979,7,0,0,27648,6,6197784016
19142,106794469,93506573,200301042,5,0,0,1024,7,7320370190
19143,106802849,93500111,200302960,5,0,0,6144,7,3553572197
19144,106803700,93583309,200387009,4,0,0,9216,13,9925671522
19145,106814451,105249804,212064255,8,0,1,7680,17,4133535313
19146,106819290,105246591,212065881,1,0,1,2560,9,5994626908
19147,106819400,93499526,200318926,1,0,0,17408,9,9378616927
19148,106819459,93682736,200502195,5,0,0,20992,7,9842915900
19149,106821660,94609433,201431093,7,0,0,10240,6,9866611355
19150,106822610,94048927,200871537,7,0,0,36864,6,5872241564
19151,106823360,93656884,200480244,9,0,0,62976,17,814209758
19152,106824630,93565834,200390464,9,0,0,11264,17,123503832
19153,106828289,93743315,200571604,0,0,0,8704,18,3022495618
19154,106834380,93547591,200381971,8,0,0,13824,17,8223879200
19155,106849700,93523957,200373657,8,0,0,40448,17,10138152267
19156,106850010,93745531,200595541,8,0,0,5632,17,9116017306
19157,106855140,105211202,212066342,7,0,1,10240,6,6043299263
19158,106857239,93534964,200392203,0,0,0,5632,18,8795077009
19159,106859360,94136427,200995787,1,0,0,51200,9,1477056866
19160,106860830,105215840,212076670,1,0,1,18944,9,9140327939
19161,106862910,94086118,200949028,9,0,0,83968,17,5893527456
19162,106867780,105209876,212077656,1,0,1,1536,9,10213292566
19163,106871180,93548680,200419860,3,0,0,26112,7,921012769
19164,106872631,93946823,200819454,2,0,0,8192,13,10231102452
19165,106873710,93504026,200377736,3,0,0,13312,7,2445787264
19166,106874220,93641156,200515376,3,0,0,7168,7,6654280642
19167,106880979,93979303,200860282,5,0,0,58880,7,4162624662
19168,106912570,93833157,200745727,9,0,0,89088,17,1244685863
19169,106930170,93552905,200483075,8,0,0,9216,17,10157016287
19170,106937870,94594829,201532699,1,0,0,28672,9,8595721869
19171,106945581,105134981,212080562,8,0,1,4608,17,8115416806
19172,106952850,105130298,212083148,6,0,1,4096,8,3984644637
19173,106955140,105141016,212096156,4,0,1,11264,13,2715226486
19174,106961680,93679126,200640806,8,0,0,19456,17,1675423932
19175,106979810,93718208,200698018,1,0,0,24576,9,10452771054
19176,106980710,93856906,200837616,3,0,0,31744,7,1495801344
19177,106982210,93701098,200683308,8,0,0,44032,17,9149640741
19178,106993580,93500566,200494146,4,0,0,6656,13,988498233
19179,107006011,93953336,200959347,2,0,0,33792,13,7517495626
19180,107014630,93652209,200666839,4,0,0,8704,13,4236148511
19181,107017460,94347461,201364921,3,0,0,9216,7,10045844344
19182,107022420,93494227,200516647,3,0,0,4096,7,4653678906
19183,107032950,105292201,212325151,3,0,1,404480,7,10145022948
19184,107050930,105275451,212326381,3,0,1,11776,7,1780337419
19185,107056621,93923543,200980164,2,0,0,30208,13,5589282464
19186,107062610,105264437,212327047,9,0,1,1024,17,8109239546
19187,107063470,94293215,201356685,7,0,0,35840,6,4330575241
19188,107085791,93756528,200842319,2,0,0,15360,13,2736957549
19189,107090379,93880558,200970937,0,0,0,36864,18,9113714416
19190,107094740,93920818,201015558,7,0,0,27136,6,3203841372
19191,107104480,105223553,212328033,6,0,1,1536,8,8046544572
19192,107112161,93764437,200876598,2,0,0,9728,13,4282691344
19193,107125850,93690897,200816747,4,0,0,7168,13,6482126981
19194,107126200,94448323,201574523,9,0,0,48640,17,1352555459
19195,107127891,94078038,201205929,2,0,0,67584,13,4845763946
19196,107129519,93635207,200764726,0,0,0,29696,18,845288131
19197,107130060,93829622,200959682,4,0,0,1024,13,3499342783
19198,107130170,93653254,200783424,9,0,0,5120,17,5009307421
19199,107130370,93970349,201100719,4,0,0,10752,13,7006052059
19200,107135480,93871787,201007267,3,0,0,19456,7,10586462735
19201,107144140,93604886,200749026,1,0,0,10752,9,9970430782
19202,107158470,93645960,200804430,1,0,0,20480,9,3247565398
19203,107158921,93970042,201128963,2,0,0,46592,13,2055800121
19204,107161090,93736076,200897166,7,0,0,14336,6,3783282458
19205,107161550,93836912,200998462,3,0,0,8704,7,8388719448
19206,107167180,93706408,200873588,4,0,0,6656,13,7761769276
19207,107180590,93820726,201001316,3,0,0,9216,7,6226659802
19208,107186790,93866548,201053338,3,0,0,6656,7,52338921
19209,107201711,93841879,201043590,2,0,0,512,13,7104223757
19210,107209250,93828857,201038107,9,0,0,50176,17,2389590626
19211,107225480,93797316,201022796,8,0,0,22016,17,2113385215
19212,107235290,93780759,201016049,7,0,0,1536,6,9545129160
19213,107236170,105094449,212330619,6,0,1,4096,8,6061963008
19214,107237120,94278373,201515493,3,0,0,23552,7,4830968145
19215,107237670,94446111,201683781,4,0,0,56320,13,7840488017
19216,107244500,105088065,212332565,1,0,1,3072,9,8556039910
19217,107248840,93928537,201177377,9,0,0,12800,17,8325658515
19218,107252000,105086057,212338057,9,0,1,17920,17,1322362216
19219,107252011,105087122,212339133,8,0,1,13312,17,10200270956
19220,107255340,93899541,201154881,1,0,0,24064,9,4690010131
19221,107272030,94519520,201791550,8,0,0,3072,17,4233034878
19222,107277510,94378123,201655633,9,0,0,1024,17,10263312218
19223,107279181,94127771,201406952,2,0,0,10240,13,1602789631
19224,107288810,93845456,201134266,7,0,0,512,6,7356033593
19225,107297651,94310691,201608342,2,0,0,40448,13,3263013758
19226,107297680,93922000,201219680,9,0,0,45056,17,6449669195
19227,107322309,94201631,201523940,0,0,0,27648,18,7292412939
19228,107334810,93909171,201243981,8,0,0,3584,17,1810397512
19229,107344140,93812324,201156464,8,0,0,5120,17,3629179172
19230,107346050,94015540,201361590,1,0,0,9216,9,7005686889
19231,107347421,94069500,201416921,2,0,0,3072,13,1783860986
19232,107358070,93892348,201250418,8,0,0,7680,17,10616440816
19233,107367040,93867173,201234213,8,0,0,39424,17,9717595271
19234,107368250,93939234,201307484,6,0,0,17408,8,3418944467
19235,107383440,93753329,201136769,1,0,0,512,9,5296405402
19236,107388260,104965386,212353646,9,0,1,25600,17,6386759227
19237,107388421,104972703,212361124,8,0,1,6656,17,3490724112
19238,107391990,93966769,201358759,8,0,0,1024,17,2508514473
19239,107395510,94008299,201403809,1,0,0,29184,9,5627001533
19240,107395750,94477179,201872929,8,0,0,4096,17,7067878795
19241,107397840,93960584,201358424,9,0,0,5632,17,10356328267
19242,107412130,104953206,212365336,7,0,1,6656,6,3970185684
19243,107418650,105101683,212520333,3,0,1,318464,7,5346525915
19244,107424380,105110711,212535091,7,0,1,20480,6,9731385501
19245,107453410,94140035,201593445,4,0,0,35328,13,6463355
19246,107454420,105085497,212539917,4,0,1,7680,13,1918358645
19247,107455251,94288128,201743379,2,0,0,9216,13,9659236904
19248,107458240,105087601,212545841,6,0,1,7168,8,10129347092
19249,107464210,94130358,201594568,8,0,0,3584,17,9167832226
19250,107485230,94097428,201582658,1,0,0,26624,9,8739467486
19251,107491690,94137265,201628955,3,0,0,26112,7,8361545396
19252,107495269,105054118,212549387,4,0,1,5632,13,8367257556
19253,107495820,94294771,201790591,8,0,0,30720,17,2397420007
19254,107513770,94120055,201633825,3,0,0,8704,7,4932695059
19255,107524241,93927460,201451701,2,0,0,7680,13,4984021211
19256,107528589,93979705,201508294,0,0,0,87552,18,3601385766
19257,107529250,94005219,201534469,7,0,0,3072,6,10187536183
19258,107547580,94631870,202179450,4,0,0,44544,13,221837891
19259,107554280,93840227,201394507,8,0,0,3584,17,2913946414
19260,107570520,94461139,202031659,4,0,0,9728,13,5777636487
19261,107572920,93960582,201533502,9,0,0,2560,17,3414134721
19262,107576170,94131571,201707741,7,0,0,16384,6,5618656441
19263,107587281,93894010,201481291,2,0,0,22016,13,6801635405
19264,107615839,104955655,212571494,0,0,1,48128,18,8511486687
19265,107623739,105031501,212655240,0,0,1,145408,18,3343600421
19266,107633551,94097084,201730635,2,0,0,17920,13,1212886206
19267,107635170,105023284,212658454,7,0,1,4608,6,4511068182
19268,107651150,93996055,201647205,9,0,0,12288,17,9794085644
19269,107661050,105023412,212684462,3,0,1,66560,7,2628546773
19270,107662679,94342784,202005463,0,0,0,12800,18,2100463104
19271,107664169,94845844,202510013,0,0,0,60928,18,7894808864
19272,107667470,94478839,202146309,1,0,0,67584,9,5503148904
19273,107672490,94086813,201759303,1,0,0,31232,9,3529203769
19274,107673770,93885910,201559680,8,0,0,30720,17,5317336558
19275,107674650,94491205,202165855,9,0,0,22016,17,8552846577
19276,107677390,94534953,202212343,8,0,0,5632,17,4797988997
19277,107679440,94233898,201913338,7,0,0,3072,6,987413029
19278,107686139,94559296,202245435,0,0,0,12288,18,148492773
19279,107695670,93900325,201595995,9,0,0,4608,17,1010788475
19280,107713670,94030044,201743714,8,0,0,1024,17,8909141711
19281,107714630,94182945,201897575,3,0,0,38400,7,10624218257
19282,107715201,93982192,201697393,2,0,0,25088,13,88516978
19283,107729460,104985205,212714665,2,0,1,17920,13,1923229309
19284,107732170,94173915,201906085,3,0,0,20480,7,5681711360
19285,107741210,93983919,201725129,7,0,0,23040,6,777024636
19286,107743571,94929013,202672584,2,0,0,64000,13,9681391226
19287,107744920,93802163,201547083,7,0,0,9728,6,8506556484
19288,107745750,94493811,202239561,4,0,0,10240,13,9045871871
19289,107753480,104968281,212721761,6,0,1,4096,8,9811157427
19290,107757470,104965277,212722747,9,0,1,1536,17,2218737095
19291,107761120,94296740,202057860,8,0,0,9728,17,2785902404
19292,107767430,93846463,201613893,4,0,0,1024,13,2643547711
19293,107771190,94577249,202348439,4,0,0,17408,13,9653243477
19294,107773360,104951013,212724373,2,0,1,2560,13,5521739806
19295,107783789,104940930,212724719,4,0,1,512,13,8287754906
19296,107815070,94670397,202485467,4,0,0,271872,13,9888078694
19297,107817960,104908385,212726345,4,0,1,2560,13,3482124570
19298,107818590,94285003,202103593,1,0,0,12800,9,4065268593
19299,107822790,94494217,202317007,1,0,0,4608,9,8111882514
19300,107831930,94483650,202315580,9,0,0,53760,17,1584698728
19301,107839301,104887390,212726691,8,0,1,512,17,7944799813
19302,107841210,104910903,212752113,3,0,1,70656,7,10404610746
19303,107845510,94105688,201951198,9,0,0,3584,17,1752132944
19304,107848030,94643396,202491426,7,0,0,19456,6,1292764584
19305,107851210,94691348,202542558,9,0,0,1024,17,4141160217
19306,107862760,94909960,202772720,3,0,0,31232,7,2530565010
19307,107863330,94234472,202097802,8,0,0,7680,17,8565658629
19308,107869890,94757956,202627846,3,0,0,23552,7,5470556234
19309,107872720,95152549,203025269,7,0,0,112128,6,6219582710
19310,107873760,104884668,212758428,9,0,1,2048,17,8866924864
19311,107877160,94497992,202375152,1,0,0,32768,9,7041298586
19312,107882650,94212789,202095439,7,0,0,54784,6,9200915202
19313,107887291,93934565,201821856,2,0,0,8704,13,6845510
19314,107901760,94286158,202187918,3,0,0,13824,7,10097527383
19315,107911500,94247624,202159124,7,0,0,41984,6,6881864619
19316,107919730,94376928,202296658,7,0,0,15360,6,7503652924
19317,107921920,93871993,201793913,3,0,0,7680,7,8279621450
19318,107938251,104825349,212763600,8,0,1,8192,17,5951836531
19319,107938470,93941671,201880141,8,0,0,2560,17,5538050456
19320,107945060,94779687,202724747,1,0,0,66560,9,8257387761
19321,107952520,104817417,212769937,6,0,1,19456,8,5913925971
19322,107968191,95168989,203137180,2,0,0,60928,13,7235661063
19323,107976320,104812137,212788457,2,0,1,41472,13,9130738745
19324,107985990,94947156,202933146,8,0,0,90624,17,6605639660
19325,107986150,94850102,202836252,8,0,0,5632,17,8826070277
19326,107987219,104808334,212795553,0,0,1,40960,18,6852051209
19327,107994969,104810279,212805248,0,0,1,8192,18,5409154698
19328,107996711,94212598,202209309,2,0,0,11776,13,9933549542
19329,107999121,94285167,202284288,2,0,0,52224,13,3779693706
19330,108000570,104805024,212805594,7,0,1,512,6,514731943
19331,108002820,94399788,202402608,4,0,0,14848,13,2000236683
19332,108003071,94340041,202343112,2,0,0,83968,13,5033426491
19333,108016070,94275885,202291955,8,0,0,25088,17,6566136627
19334,108018320,94561798,202580118,8,0,0,61952,17,3346813055
19335,108020149,104864570,212884719,0,0,1,145408,18,4767505785
19336,108028300,94355467,202383767,3,0,0,13824,7,3661258957
19337,108028979,94566709,202595688,0,0,0,1024,18,4094442682
19338,108029120,104857187,212886307,4,0,1,15872,13,1483491200
19339,108034530,94227480,202262010,4,0,0,20992,13,3700314140
19340,108039750,94259427,202299177,8,0,0,8192,17,6480593672
19341,108053340,104883960,212937300,1,0,1,101376,9,196092633
19342,108059260,94500672,202559932,8,0,0,7168,17,1751402650
19343,108063260,94536304,202599564,8,0,0,8704,17,1146739647
19344,108100271,94429782,202530053,2,0,0,17920,13,8524443428
19345,108101749,104849915,212951664,0,0,1,24064,18,2474498571
19346,108107610,94535402,202643012,4,0,0,23552,13,9976050437
19347,108108570,104845362,212953932,9,0,1,2048,17,3748487476
19348,108116820,94500684,202617504,7,0,0,44544,6,7860484179
19349,108125090,94391685,202516775,8,0,0,12800,17,8757615015
19350,108126180,94454117,202580297,3,0,0,512,7,8284019890
19351,108134410,94592856,202727266,8,0,0,8192,17,7003145910
19352,108148820,104811054,212959874,6,0,1,15360,8,7950617010
19353,108151109,94467510,202618619,0,0,0,3584,18,9404534198
19354,108157570,94518469,202676039,9,0,0,11264,17,9901083494
19355,108163140,104804308,212967448,4,0,1,2560,13,2208248980
19356,108173309,94384416,202557725,0,0,0,23040,18,5806604290
19357,108173571,94460694,202634265,2,0,0,20992,13,4298319530
19358,108185209,94327635,202512844,0,0,0,9216,18,3306813797
19359,108211560,94675429,202886989,9,0,0,7168,17,8524482739
19360,108219389,94516825,202736214,0,0,0,22528,18,5964921857
19361,108222960,94456534,202679494,4,0,0,11264,13,3324199934
19362,108227999,94565131,202793130,0,0,0,512,18,5272803223
19363,108233440,94570124,202803564,8,0,0,30720,17,6875850017
19364,108253370,104755428,213008798,1,0,1,71680,9,10163540665
19365,108256839,94973019,203229858,0,0,0,84480,18,2775629615
19366,108259300,104750804,213010104,6,0,1,2048,8,8545520660
19367,108265170,94619612,202884782,3,0,0,86528,7,2481068137
19368,108266860,104743590,213010450,7,0,1,512,6,8657122721
19369,108270871,104744617,213015488,8,0,1,1536,17,9719605652
19370,108275500,104767483,213042983,6,0,1,26624,8,285425980
19371,108279769,94513182,202792951,0,0,0,24576,18,9814612384
19372,108282230,94682620,202964850,8,0,0,38400,17,3472625363
19373,108283100,104777412,213060512,2,0,1,37888,13,5259883585
19374,108284860,94526599,202811459,7,0,0,5632,6,4351045099
19375,108291721,104771377,213063098,8,0,1,4096,17,5920430701
19376,108300600,94481503,202782103,8,0,0,30720,17,3456719841
19377,108307740,94664425,202972165,4,0,0,15360,13,5496098623
19378,108316700,95240258,203556958,4,0,0,23552,13,9823897654
19379,108318770,94361995,202680765,8,0,0,4096,17,5552939587
19380,108324370,94820204,203144574,8,0,0,12288,17,6220490152
19381,108325530,95270199,203595729,8,0,0,5120,17,2641410871
19382,108335490,94776216,203111706,3,0,0,66048,7,2964063296
19383,108360850,104708729,213069579,9,0,1,28160,17,7455267303
19384,108361061,104717595,213078656,8,0,1,22528,17,8292761048
19385,108361159,94971184,203332343,0,0,0,7680,18,10208914730
19386,108361570,94672984,203034554,7,0,0,6656,6,4928081869
19387,108367880,94417560,202785440,7,0,0,3584,6,4207806422
19388,108370640,94697886,203068526,9,0,0,25600,17,51723533
19389,108392251,104688671,213080922,8,0,1,3584,17,9075707344
19390,108397660,95163221,203560881,9,0,0,12800,17,1942707832
19391,108427470,94902510,203329980,7,0,0,104448,6,7017654488
19392,108431360,94828085,203259445,8,0,0,27136,17,2672593019
19393,108434041,94538459,202972500,2,0,0,1024,13,4407357795
19394,108434880,94992894,203427774,7,0,0,86528,6,7604092136
19395,108460290,94789403,203249693,1,0,0,65024,9,6315549598
19396,108487110,94361266,202848376,7,0,0,512,6,5656563541
19397,108487620,94446329,202933949,1,0,0,2560,9,139071575
19398,108517750,94385456,202903206,1,0,0,13824,9,2629715619
19399,108526780,94934960,203461740,8,0,0,25600,17,3523583266
19400,108529721,94952634,203482355,2,0,0,67584,13,8675812013
19401,108532580,95159910,203692490,8,0,0,2048,17,6746621257
19402,108543000,104538588,213081588,7,0,1,1024,6,1500276371
19403,108545561,94573032,203118593,2,0,0,22528,13,2575089293
19404,108546960,104578066,213125026,1,0,1,89600,9,4011532829
19405,108558100,94943824,203501924,4,0,0,23552,13,8613269732
19406,108567480,94785095,203352575,6,0,0,47616,8,6519461429
19407,108574269,94700293,203274562,0,0,0,1024,18,9401203003
19408,108587140,95087928,203675068,4,0,0,47104,13,10629829840
19409,108602739,94851178,203453917,0,0,0,48128,18,9697940335
19410,108620081,94536559,203156640,2,0,0,10752,13,9049778265
19411,108627210,94898920,203526130,7,0,0,29184,6,4090880004
19412,108644250,94737500,203381750,4,0,0,17920,13,9006427627
19413,108652970,104472722,213125692,7,0,1,1024,6,3324291406
19414,108659940,104466316,213126256,7,0,1,10752,6,7751161918
19415,108664820,104721524,213386344,7,0,1,462848,6,10122154604
19416,108666370,94671620,203337990,3,0,0,18432,7,7633250238
19417,108667149,94765819,203432968,0,0,0,12288,18,9367366419
19418,108674620,94681589,203356209,9,0,0,11776,17,251489625
19419,108675160,94711449,203386609,3,0,0,15872,7,7965247398
19420,108676920,104727754,213404674,2,0,1,9728,13,5479378195
19421,108677760,94720502,203398262,1,0,0,7168,9,7783332842
19422,108678220,104726915,213405135,4,0,1,10240,13,7256229487
19423,108684880,104848390,213533270,0,0,1,209408,18,5678032696
19424,108689750,94804975,203494725,1,0,0,28160,9,2956026256
19425,108689831,95156910,203846741,2,0,0,62976,13,2743130755
19426,108690709,95185645,203876354,0,0,0,40960,18,5407953135
19427,108693960,95109165,203803125,4,0,0,71680,13,3649540391
19428,108706450,95254793,203961243,7,0,0,51712,6,3193323158
19429,108708800,94720401,203429201,4,0,0,4608,13,7862600797
19430,108712520,104876677,213589197,7,0,1,144384,6,5448165987
19431,108716021,95146380,203862401,2,0,0,8192,13,9149508665
19432,108723680,95096004,203819684,9,0,0,54272,17,7374344359
19433,108724950,94761172,203486122,9,0,0,12288,17,10136151189
19434,108728129,95053133,203781262,0,0,0,47616,18,714713334
19435,108736280,105060562,213796842,7,0,1,420352,6,2396398204
19436,108737190,95090340,203827530,1,0,0,10752,9,1096993997
19437,108740550,94541848,203282398,8,0,0,1536,17,2864552024
19438,108751271,105060070,213811341,8,0,1,4096,17,5377551607
19439,108765530,94932607,203698137,1,0,0,2048,9,6253999850
19440,108769889,95054342,203824231,0,0,0,14848,18,9827047329
19441,108769920,105044327,213814247,9,0,1,4608,17,9166488020
19442,108779260,95272651,204051911,1,0,0,26112,9,10416938456
19443,108782410,94926595,203709005,3,0,0,28160,7,1163888296
19444,108785461,95244518,204029979,2,0,0,85504,13,9243276530
19445,108788850,94890944,203679794,7,0,0,15360,6,1690569227
19446,108789941,95312535,204102476,2,0,0,9216,13,5050038586
19447,108797470,95099665,203897135,4,0,0,5120,13,3439647787
19448,108799500,105017013,213816513,2,0,1,3584,13,2070938897
19449,108803460,94724721,203528181,9,0,0,6656,17,4725012108
19450,108810591,95042257,203852848,2,0,0,19968,13,133806769
19451,108826060,95172380,203998440,4,0,0,116224,13,5217666428
19452,108827130,95060459,203887589,1,0,0,5120,9,4280172361
19453,108828950,94862893,203691843,8,0,0,22016,17,9088621878
19454,108831431,104985428,213816859,8,0,1,512,17,37601854
19455,108834110,95021413,203855523,7,0,0,8704,6,8165925296
19456,108835020,104996774,213831794,2,0,1,10240,13,6739080811
19457,108838780,105008414,213847194,3,0,1,21504,7,2292296696
19458,108852100,94786904,203639004,1,0,0,5120,9,5209785475
19459,108858111,104992629,213850740,8,0,1,5632,17,6392087361
19460,108869960,95229685,204099645,8,0,0,30720,17,5608992662
19461,108877950,95165982,204043932,3,0,0,7680,7,4824409258
19462,108879700,104971706,213851406,7,0,1,1024,6,9408084301
19463,108887380,95154166,204041546,7,0,0,37888,6,554801457
19464,108888740,94806578,203695318,3,0,0,1536,7,1605089839
19465,108912260,95289213,204201473,9,0,0,29184,17,7683549744
19466,108930081,95218309,204148390,2,0,0,17408,13,5209397388
19467,108934440,104923342,213857782,4,0,1,13312,13,10575264341
19468,108936480,104929962,213866442,6,0,1,8192,8,9615679990
19469,108937109,95008332,203945441,0,0,0,55808,18,8277647264
19470,108941150,95021832,203962982,1,0,0,5632,9,3297933173
19471,108944350,104927238,213871588,3,0,1,8192,7,3580983145
19472,108944390,95213602,204157992,1,0,0,30720,9,8479718135
19473,108945100,95364043,204309143,1,0,0,38912,9,7949727846
19474,108947510,95178064,204125574,3,0,0,53760,7,7906867082
19475,108951441,95101741,204053182,2,0,0,4096,13,9930988860
19476,108951550,94965636,203917186,7,0,0,11776,6,6429669846
19477,108965940,104931065,213897005,3,0,1,55808,7,3389928347
19478,108968660,104942610,213911270,6,0,1,34816,8,8258348268
19479,108969839,95389438,204359277,0,0,0,11264,18,4047575950
19480,108975201,94945165,203920366,2,0,0,2048,13,4454952690
19481,108979050,105076167,214055217,0,0,1,304128,18,2101379992
19482,108979900,105140395,214120295,3,0,1,159232,7,124054172
19483,108981390,95082472,204063862,9,0,0,4608,17,1035567372
19484,108990120,105176253,214166373,3,0,1,67072,7,5908083451
19485,108992330,95179478,204171808,4,0,0,12288,13,4140074726
19486,108998230,95362965,204361195,4,0,0,6144,13,3791874467
19487,109002470,105169049,214171519,1,0,1,8192,9,9749006566
19488,109007690,105179691,214187381,6,0,1,51712,8,2994419785
19489,109009230,105178817,214188047,1,0,1,1024,9,5073250484
19490,109016820,95265133,204281953,7,0,0,70656,6,382947493
19491,109021680,95723134,204744814,3,0,0,2560,7,9484827800
19492,109027680,95179943,204207623,8,0,0,9216,17,4223775492
19493,109029900,95747991,204777891,1,0,0,66048,9,8833983884
19494,109033000,95133751,204166751,4,0,0,28672,13,10348024921
19495,109040030,105150923,214190953,6,0,1,4608,8,8583310638
19496,109043100,95360748,204403848,1,0,0,5120,9,3466242358
19497,109049030,95930953,204979983,7,0,0,41472,6,4829187021
19498,109059530,95237734,204297264,1,0,0,50176,9,8782090022
19499,109063300,95381066,204444366,9,0,0,7680,17,10735263825
19500,109072740,95238881,204311621,3,0,0,7680,7,955879042
19501,109084560,105109299,214193859,1,0,1,4608,9,3954136243
19502,109086941,95249710,204336651,2,0,0,3584,13,4488875364
19503,109099300,95410960,204510260,7,0,0,44544,6,8748829793
19504,109105660,95027256,204132916,3,0,0,5632,7,2984808668
19505,109107400,95389242,204496642,1,0,0,61952,9,6675251858
19506,109122810,95254255,204377065,1,0,0,33280,9,8027727688
19507,109125310,95600828,204726138,6,0,0,512,8,6945935141
19508,109126150,95282753,204408903,3,0,0,6656,7,3901718429
19509,109137739,95197163,204334902,0,0,0,11264,18,1820081414
19510,109143290,95739087,204882377,4,0,0,8192,13,6614408884
19511,109144809,95369218,204514027,0,0,0,12288,18,5029277007
19512,109147150,95369442,204516592,9,0,0,8192,17,1540528780
19513,109148059,95171876,204319935,0,0,0,2560,18,3099249577
19514,109150960,95409751,204560711,7,0,0,41472,6,9776975889
19515,109170380,105095685,214266065,0,0,1,148480,18,7474849277
19516,109171680,95171404,204343084,3,0,0,12800,7,6932379317
19517,109176541,95142591,204319132,2,0,0,24576,13,667684772
19518,109178650,95369402,204548052,7,0,0,11776,6,10577452033
19519,109188740,95416055,204604795,8,0,0,15872,17,7385509655
19520,109197120,105094651,214291771,3,0,1,79872,7,2798851767
19521,109197540,105094897,214292437,1,0,1,1024,9,5442994321
19522,109208110,105085313,214293423,0,0,1,1536,18,7976561383
19523,109208460,95642927,204851387,9,0,0,23552,17,2328787128
19524,109208700,95367756,204576456,1,0,0,9216,9,7763886854
19525,109209670,105094242,214303912,4,0,1,23040,13,438440081
19526,109211439,95218424,204429863,0,0,0,12800,18,6412088300
19527,109216840,95896717,205113557,8,0,0,4608,17,5968810962
19528,109222389,95377547,204599936,0,0,0,66048,18,582946458
19529,109226240,95427545,204653785,4,0,0,3072,13,4939485733
19530,109226630,95643956,204870586,9,0,0,14848,17,9862285430
19531,109231880,105082367,214314247,4,0,1,5632,13,7994493597
19532,109239130,95380053,204619183,8,0,0,1536,17,4516223535
19533,109239539,95492588,204732127,0,0,0,512,18,7252352887
19534,109255940,105133730,214389670,3,0,1,146432,7,7725265332
19535,109266849,95475064,204741913,0,0,0,11776,18,1027317966
19536,109270750,95292644,204563394,8,0,0,8704,17,923621056
19537,109275560,105115736,214391296,0,0,1,2560,18,8661017892
19538,109276981,95255214,204532195,2,0,0,22528,13,8251213043
19539,109285240,95757659,205042899,9,0,0,24064,17,4204889451
19540,109290020,95662431,204952451,9,0,0,40448,17,5487656296
19541,109290691,95877262,205167953,2,0,0,13312,13,2495108479
19542,109291091,95781060,205072151,2,0,0,62976,13,9332668556
19543,109297410,95519983,204817393,1,0,0,10240,9,10707949389
19544,109300750,95442590,204743340,4,0,0,4608,13,8962081189
19545,109306990,95269801,204576791,4,0,0,1024,13,2620333165
19546,109310010,95212945,204522955,3,0,0,512,7,7024834862
19547,109311870,105081692,214393562,0,0,1,3584,18,2493503941
19548,109319499,96157003,205476502,0,0,0,29184,18,4541994615
19549,109320070,95461276,204781346,7,0,0,11264,6,2079866427
19550,109320400,95714809,205035209,4,0,0,58880,13,6415498881
19551,109326160,95636822,204962982,1,0,0,5632,9,4303848305
19552,109347710,105047798,214395508,4,0,1,3072,13,2053579267
19553,109352119,95981939,205334058,0,0,0,66048,18,8945713008
19554,109366420,105029434,214395854,4,0,1,512,13,5241497468
19555,109366641,95681749,205048390,2,0,0,17920,13,6688490417
19556,109369900,95703834,205073734,3,0,0,5120,7,824570115
19557,109371560,95550379,204921939,1,0,0,12288,9,9490501880
19558,109373660,95491821,204865481,8,0,0,7168,17,786885599
19559,109381730,96085857,205467587,7,0,0,109568,6,9176692158
19560,109386550,105009868,214396418,2,0,1,10752,13,1681847657
19561,109393640,105005364,214399004,9,0,1,4096,17,6093834610
19562,109393849,95748832,205142681,0,0,0,61440,18,9286611769
19563,109402240,95501589,204903829,8,0,0,1536,17,7410798044
19564,109402900,105035680,214438580,3,0,1,60416,7,5141116120
19565,109407820,95735820,205143640,7,0,0,3072,6,6407891991
19566,109410320,105031806,214442126,6,0,1,5632,8,7436787433
19567,109414840,95399012,204813852,8,0,0,60416,17,892137216
19568,109421520,95732930,205154450,8,0,0,24064,17,5707043862
19569,109431111,95821265,205252376,2,0,0,44544,13,7610286273
19570,109432810,95395593,204828403,9,0,0,7168,17,826583796
19571,109433780,96230704,205664484,8,0,0,17920,17,9195709568
19572,109436780,95278550,204715330,1,0,0,24064,9,2677934965
19573,109442340,95441152,204883492,8,0,0,3584,17,1842815580
19574,109448040,105020191,214468231,3,0,1,47616,7,9100141283
19575,109463680,105006817,214470497,0,0,1,3584,18,1726531955
19576,109472060,95766721,205238781,3,0,0,80896,7,3224624608
19577,109474420,95864988,205339408,3,0,0,13312,7,2296107506
19578,109475140,96290414,205765554,4,0,0,10752,13,7844819954
19579,109476880,95686585,205163465,8,0,0,2048,17,7916497623
19580,109480001,104994682,214474683,8,0,1,6656,17,8966757720
19581,109493860,95369406,204863266,8,0,0,38912,17,8718959611
19582,109498570,95594585,205093155,8,0,0,36352,17,3563029514
19583,109508150,104968799,214476949,0,0,1,3584,18,7200620476
19584,109509310,95661006,205170316,4,0,0,7680,13,9068973039
19585,109522840,96164336,205687176,1,0,0,41984,9,8505500849
19586,109524070,95458125,204982195,1,0,0,512,9,2394520036
19587,109525671,96080023,205605694,2,0,0,17408,13,10456117757
19588,109541361,95721833,205263194,2,0,0,6144,13,5506127941
19589,109541840,104938975,214480815,6,0,1,6144,8,7425438555
19590,109542730,95991839,205534569,8,0,0,2048,17,7923725858
19591,109549760,104934281,214484041,9,0,1,5120,17,5423561079
19592,109557150,95625700,205182850,4,0,0,5120,13,10358673442
19593,109557450,95847887,205405337,4,0,0,61440,13,3015906374
19594,109558550,95707943,205266493,3,0,0,10752,7,1702260682
19595,109559110,95476434,205035544,7,0,0,1024,6,8423725612
19596,109563600,95822994,205386594,3,0,0,6656,7,5648136865
19597,109564370,95638805,205203175,9,0,0,7680,17,4311372636
19598,109578411,96067112,205645523,2,0,0,46080,13,4466508062
19599,109579051,95568044,205147095,2,0,0,11264,13,720031717
19600,109581491,95499754,205081245,2,0,0,24576,13,5780961069
19601,109590301,104895366,214485667,8,0,1,2560,17,7671164048
19602,109592580,95489468,205082048,4,0,0,2560,13,8212029103
19603,109596129,95916946,205513075,0,0,0,58880,18,9985416903
19604,109596610,104904363,214500973,1,0,1,23040,9,9951350310
19605,109598730,95997898,205596628,4,0,0,44032,13,6199444775
19606,109602400,95732929,205335329,1,0,0,4096,9,2911080188
19607,109608100,95737727,205345827,9,0,0,20992,17,1411393360
19608,109631429,95667971,205299400,0,0,0,7680,18,7221666136
19609,109632130,96056005,205688135,4,0,0,3072,13,1134342764
19610,109636860,95519805,205156665,4,0,0,7168,13,3986119583
19611,109647800,95613499,205261299,7,0,0,29184,6,9511472192
19612,109659950,104851827,214511777,2,0,1,30208,13,331234610
19613,109661570,96139846,205801416,4,0,0,14848,13,10581374989
19614,109678230,104842060,214520290,0,0,1,22016,18,9330151355
19615,109679300,96011198,205690498,7,0,0,7680,6,142191391
19616,109683370,96090631,205774001,1,0,0,27648,9,2573495090
19617,109709990,95715750,205425740,4,0,0,51200,13,1233465299
19618,109725050,95554519,205279569,4,0,0,33280,13,6922341824
19619,109725560,104797495,214523055,3,0,1,29696,7,8725206688
19620,109727389,96165643,205893032,0,0,0,49664,18,3308737012
19621,109735461,95613656,205349117,2,0,0,9216,13,6149009868
19622,109738080,95757032,205495112,4,0,0,36864,13,310589757
19623,109739560,104790587,214530147,2,0,1,11264,13,1855374897
19624,109747241,104788198,214535439,8,0,1,6144,17,3858021477
19625,109755420,104782285,214537705,7,0,1,3584,6,1314350274
19626,109763779,95527629,205291408,0,0,0,6656,18,2485279300
19627,109768789,96109088,205877877,0,0,0,8704,18,4442561822
19628,109781840,95531207,205313047,8,0,0,3072,17,6374478579
19629,109797090,95925432,205722522,8,0,0,5632,17,8683289729
19630,109806580,95677277,205483857,4,0,0,24064,13,9629525158
19631,109806800,104772048,214578848,3,0,1,96768,7,5457937951
19632,109848010,104733443,214581453,4,0,1,1024,13,7482840178
19633,109854781,104736964,214591745,8,0,1,16384,17,8535884364
19634,109860050,96148556,206008606,1,0,0,102912,9,3079471002
19635,109870470,96058433,205928903,3,0,0,2048,7,7330905110
19636,109872240,95710949,205583189,3,0,0,24064,7,9972246484
19637,109893710,95737750,205631460,3,0,0,50688,7,1363778408
19638,109912750,95495730,205408480,4,0,0,10240,13,8507929703
19639,109914120,95997904,205912024,3,0,0,18944,7,10397160505
19640,109933711,95939596,205873307,2,0,0,49664,13,6831234871
19641,109941150,104650954,214592104,7,0,1,9728,6,643859619
19642,109943480,96308924,206252404,7,0,0,34304,6,2620156349
19643,109951991,104641739,214593730,8,0,1,2560,17,3087547535
19644,109952560,95870420,205822980,4,0,0,31744,13,10058633346
19645,109958500,96057868,206016368,8,0,0,1024,17,1910803892
19646,109964250,104630146,214594396,3,0,1,1024,7,8240338915
19647,109992890,95577543,205570433,1,0,0,22528,9,4015059908
19648,110008531,95401532,205410063,2,0,0,5120,13,721762117
19649,110020841,95513081,205533922,2,0,0,12800,13,2156128817
19650,110021050,95904463,205925513,3,0,0,11264,7,1732297047
19651,110022590,96119931,206142521,7,0,0,55808,6,10012620336
19652,110024510,104573432,214597942,0,0,1,5632,18,10067858003
19653,110025190,104577578,214602768,2,0,1,7680,13,8656615580
19654,110036000,104585019,214621019,3,0,1,7680,7,5842212881
19655,110043450,95921405,205964855,3,0,0,8192,7,7263317082
19656,110052430,104570535,214622965,0,0,1,3072,18,7741839001
19657,110057990,95857957,205915947,4,0,0,12800,13,2363279827
19658,110066980,96044431,206111411,3,0,0,8704,7,66349960
19659,110067370,96200725,206268095,3,0,0,12288,7,2983726953
19660,110081109,96071887,206152996,0,0,0,34304,18,3509164685
19661,110097140,95550278,205647418,3,0,0,6144,7,9365001663
19662,110101500,104523411,214624911,1,0,1,3072,9,4979822775
19663,110109980,95748172,205858152,4,0,0,31232,13,7972094393
19664,110110820,104519058,214629878,1,0,1,17408,9,3084469585
19665,110111610,96311254,206422864,4,0,0,11776,13,2506612183
19666,110128790,95577304,205706094,4,0,0,7168,13,1994907265
19667,110146811,96188387,206335198,2,0,0,27648,13,10140101054
19668,110149560,104480574,214630134,0,0,1,9216,18,931854889
19669,110162720,95996763,206159483,3,0,0,19968,7,7611266570
19670,110164200,104469966,214634166,7,0,1,24576,6,7713870692
19671,110165849,95612075,205777924,0,0,0,12800,18,1545995431
19672,110171430,104464682,214636112,0,0,1,3072,18,2182483343
19673,110184670,95852401,206037071,3,0,0,14336,7,7194411494
19674,110186160,95462373,205648533,8,0,0,3584,17,6535133630
19675,110193910,104444788,214638698,4,0,1,4096,13,1174740613
19676,110199980,96386916,206586896,7,0,0,86528,6,4892044161
19677,110200280,96423066,206623346,3,0,0,23552,7,4586598365
19678,110202730,104436314,214639044,7,0,1,512,6,9028150838
19679,110211860,95579659,205791519,8,0,0,44544,17,7463237324
19680,110225451,95985287,206210738,2,0,0,44544,13,4121989037
19681,110226599,96004950,206231549,0,0,0,2048,18,115308886
19682,110229780,96311614,206541394,3,0,0,92160,7,5634934338
19683,110230560,96065735,206296295,3,0,0,20480,7,5329558182
19684,110243120,95553749,205796869,8,0,0,17408,17,6975737224
19685,110276080,95769428,206045508,1,0,0,8704,9,1172327793
19686,110291380,104351530,214642910,0,0,1,6144,18,903244505
19687,110301020,96306242,206607262,4,0,0,20992,13,38639313
19688,110303710,95509334,205813044,3,0,0,9216,7,5254488038
19689,110307030,95889998,206197028,4,0,0,60416,13,2100982855
19690,110310220,95564982,205875202,8,0,0,6144,17,9711976276
19691,110315420,104328156,214643576,0,0,1,1024,18,9519073327
19692,110322410,95689027,206011437,4,0,0,9216,13,7623613199
19693,110322781,96037599,206360380,2,0,0,9216,13,7081058963
19694,110324931,95993018,206317949,2,0,0,34816,13,7655371247
19695,110331580,95846994,206178574,1,0,0,19968,9,2475707331
19696,110332770,96765584,207098354,4,0,0,19968,13,8378748371
19697,110336230,96485467,206821697,1,0,0,6144,9,2266765016
19698,110342720,96075889,206418609,4,0,0,2560,13,3026668190
19699,110346789,96061568,206408357,0,0,0,43008,18,7200279904
19700,110357710,104287812,214645522,7,0,1,3072,6,8783662184
19701,110359060,104290008,214649068,1,0,1,5632,9,6401242396
19702,110363370,95651447,206014817,3,0,0,9728,7,9813871168
19703,110370230,96406887,206777117,3,0,0,38912,7,7142325544
19704,110390370,95630762,206021132,8,0,0,1536,17,5391934642
19705,110392460,104260474,214652934,2,0,1,6144,13,6385948970
19706,110416109,96000840,206416949,0,0,0,4608,18,3655171116
19707,110416960,96275791,206692751,8,0,0,5120,17,10149315440
19708,110418180,95660993,206079173,8,0,0,9216,17,8014811193
19709,110421291,95884868,206306159,2,0,0,6144,13,898469985
19710,110427270,96257556,206684826,1,0,0,10752,9,283702508
19711,110436770,95900822,206337592,3,0,0,512,7,916546782
19712,110446239,96055520,206501759,0,0,0,37376,18,9811180353
19713,110450990,95508009,205958999,4,0,0,4096,13,1863811916
19714,110470330,95638406,206108736,8,0,0,11264,17,5373096397
19715,110471260,96142132,206613392,4,0,0,19968,13,5637588349
19716,110477470,95605669,206083139,8,0,0,4608,17,3505145453
19717,110487630,95971498,206459128,8,0,0,14848,17,6671299814
19718,110510740,96233436,206744176,3,0,0,56832,7,8655440684
19719,110511260,95718207,206229467,8,0,0,17408,17,3764122927
19720,110517979,96080484,206598463,0,0,0,37888,18,1973556705
19721,110532021,104123842,214655863,8,0,1,512,17,5141273465
19722,110534309,96796099,207330408,0,0,0,4096,18,10646732472
19723,110536530,95948111,206484641,8,0,0,31232,17,5883041386
19724,110543231,96330641,206873872,2,0,0,58368,13,4638659581
19725,110552010,95678884,206230894,8,0,0,4608,17,8889717
19726,110555801,104102008,214657809,8,0,1,3072,17,4040419919
19727,110558530,104099843,214658373,2,0,1,10752,13,10163082226
19728,110560621,104116811,214677432,8,0,1,18432,17,149291952
19729,110572070,96042790,206614860,4,0,0,2048,13,10130777772
19730,110579360,96136838,206716198,1,0,0,13312,9,3198369771
19731,110599390,96043902,206643292,3,0,0,44544,7,2769416729
19732,110602990,95749518,206352508,4,0,0,33792,13,9212825212
19733,110613990,95656479,206270469,8,0,0,2560,17,8378915490
19734,110629860,96175631,206805491,7,0,0,46080,6,7991663419
19735,110636011,96149888,206785899,2,0,0,27648,13,3321699814
19736,110638120,95905862,206543982,3,0,0,2048,7,762572217
19737,110640450,96038862,206679312,8,0,0,39424,17,8366240532
19738,110645570,96294832,206940402,8,0,0,47104,17,1768138302
19739,110646040,104048338,214694378,2,0,1,4096,13,5019117608
19740,110675221,95577518,206252739,2,0,0,1024,13,7982033618
19741,110687640,95735403,206423043,7,0,0,512,6,10102111759
19742,110689410,96149530,206838940,1,0,0,7680,9,5282306201
19743,110693131,96352423,207045554,2,0,0,56832,13,2016094212
19744,110696950,95958883,206655833,7,0,0,1024,6,6371532665
19745,110699230,95844105,206543335,1,0,0,3072,9,8654708910
19746,110701680,103998292,214699972,7,0,1,18432,6,7219549077
19747,110707921,95834455,206542376,2,0,0,3072,13,1058276394
19748,110717569,95963950,206681519,0,0,0,7168,18,3951712828
19749,110724000,95564039,206288039,3,0,0,7168,7,4989919582
19750,110729660,95624907,206354567,7,0,0,6656,6,7340057645
19751,110737800,95766790,206504590,1,0,0,9216,9,8454263490
19752,110739041,96117016,206856057,2,0,0,5632,13,2133490819
19753,110747719,96070922,206818641,0,0,0,43008,18,594069140
19754,110755530,96147271,206902801,7,0,0,11776,6,7176339753
19755,110764900,96134290,206899190,4,0,0,64512,13,10292687362
19756,110784419,96095092,206879511,0,0,0,18432,18,5726797810
19757,110791571,95545834,206337405,2,0,0,7168,13,1718876867
19758,110793770,96257267,207051037,7,0,0,17920,6,7494736216
19759,110799490,95611074,206410564,8,0,0,7168,17,10298053403
19760,110807730,103892588,214700318,2,0,1,512,13,3621873146
19761,110817360,103904977,214722337,0,0,1,30720,18,7240399780
19762,110824680,103898643,214723323,3,0,1,1536,7,3146398083
19763,110835340,95818606,206653946,8,0,0,34816,17,3498898824
19764,110843930,96078627,206922557,4,0,0,12288,13,484299643
19765,110845070,103879879,214724949,3,0,1,2560,7,8431187186
19766,110853499,96677712,207531211,0,0,0,37376,18,1772128100
19767,110856351,103870544,214726895,8,0,1,3072,17,5864117181
19768,110858719,96051601,206910320,0,0,0,24576,18,1232654064
19769,110860920,103867601,214728521,7,0,1,2560,6,3208426403
19770,110863769,96312029,207175798,0,0,0,20480,18,9528339169
19771,110881380,96230600,207111980,8,0,0,31744,17,10282440694
19772,110882860,103846327,214729187,4,0,1,1024,13,4222224311
19773,110883200,95971118,206854318,7,0,0,8192,6,9501917186
19774,110884460,95906922,206791382,1,0,0,17920,9,1492027644
19775,110895349,96304247,207199596,0,0,0,7168,18,922873708
19776,110898680,103837958,214736638,4,0,1,19968,13,117660313
19777,110902690,96288263,207190953,4,0,0,49664,13,1657070374
19778,110910610,95718613,206629223,1,0,0,512,9,9700576624
19779,110920460,103824909,214745369,3,0,1,22016,7,7639702301
19780,110926111,103824545,214750656,8,0,1,16896,17,5910455284
19781,110930440,103827130,214757570,0,0,1,31744,18,6957812448
19782,110937600,103820124,214757724,4,0,1,8704,13,9034706152
19783,110938370,96730835,207669205,4,0,0,40448,13,6123554373
19784,110939480,96389634,207329114,3,0,0,47616,7,7950408141
19785,110944151,95974616,206918767,2,0,0,27648,13,2498416541
19786,110952540,96103708,207056248,1,0,0,7168,9,10682290940
19787,110956590,103801800,214758390,2,0,1,1024,13,585975824
19788,110957871,96127017,207084888,2,0,0,11264,13,8315829786
19789,110959359,95995984,206955343,0,0,0,35328,18,9423804895
19790,110967370,96167026,207134396,1,0,0,57344,9,6991667443
19791,111003480,95823396,206826876,3,0,0,16896,7,9869452192
19792,111008550,96859687,207868237,3,0,0,20992,7,186685307
19793,111010650,103756201,214766851,3,0,1,512,7,5944479303
19794,111026030,95684685,206710715,7,0,0,3584,6,4408731235
19795,111031941,96342628,207374569,2,0,0,5120,13,4354222371
19796,111032239,95629635,206661874,0,0,0,3584,18,8973856832
19797,111060251,96496320,207556571,2,0,0,3584,13,3066377177
19798,111070690,96625570,207696260,1,0,0,5120,9,1524073207
19799,111074170,96258289,207332459,8,0,0,6656,17,5930172733
19800,111078420,95912812,206991232,4,0,0,41472,13,2906593640
19801,111080050,96348598,207428648,8,0,0,40448,17,6093347256
19802,111094000,95683452,206777452,8,0,0,1024,17,728160477
19803,111094420,103673737,214768157,4,0,1,2048,13,10476769231
19804,111102901,103666882,214769783,8,0,1,2560,17,5251553350
19805,111111680,103661649,214773329,3,0,1,5632,7,6335948971
19806,111124720,96248266,207372986,8,0,0,64512,17,4013134805
19807,111128130,103655823,214783953,3,0,1,18944,7,2118740188
19808,111129070,103661194,214790264,3,0,1,22016,7,6736540297
19809,111129190,96337564,207466754,4,0,0,32256,13,4829388716
19810,111132280,95697132,206829412,8,0,0,6656,17,4832090765
19811,111133341,96263795,207397136,2,0,0,31744,13,2070263510
19812,111140529,96630726,207771255,0,0,0,27136,18,6405961155
19813,111146229,96396371,207542600,0,0,0,17920,18,9607478741
19814,111152240,103641890,214794130,2,0,1,6144,13,3979646198
19815,111160390,96272805,207433195,8,0,0,14848,17,9801520955
19816,111165180,103642167,214807347,1,0,1,8192,9,3480732187
19817,111171690,96705774,207877464,1,0,0,30208,9,10711093188
19818,111173049,96656170,207829219,0,0,0,60416,18,7190021716
19819,111174170,103636083,214810253,4,0,1,4608,13,7617135387
19820,111191711,95628045,206819756,2,0,0,3584,13,99543242
19821,111194500,103616419,214810919,0,0,1,1024,18,9893763177
19822,111198530,95915657,207114187,3,0,0,7168,7,5031385532
19823,111202380,103609205,214811585,3,0,1,1024,7,7337490678
19824,111212350,95904543,207116893,1,0,0,7680,9,774656642
19825,111216029,95953506,207169535,0,0,0,33792,18,635174132
19826,111235560,95845850,207081410,3,0,0,9728,7,10280353204
19827,111246020,96131068,207377088,4,0,0,8192,13,3310332734
19828,111248020,96395962,207643982,4,0,0,11776,13,2130657981
19829,111258260,96123227,207381487,3,0,0,14336,7,6864213258
19830,111265090,96217934,207483024,1,0,0,4608,9,378441280
19831,111273400,95964024,207237424,3,0,0,9728,7,1993005835
19832,111283000,95910784,207193784,3,0,0,9216,7,2669918067
19833,111285810,96157525,207443335,4,0,0,5632,13,8364585985
19834,111304471,95839955,207144426,2,0,0,32768,13,4556518223
19835,111308030,96247426,207555456,3,0,0,2048,7,4861964278
19836,111316670,103497745,214814415,4,0,1,14336,13,9212220661
19837,111322330,96334528,207656858,4,0,0,29184,13,8631050812
19838,111361790,103453701,214815491,4,0,1,13312,13,5553760035
19839,111366530,96122936,207489466,8,0,0,6144,17,2638169153
19840,111373099,95632630,207005729,0,0,0,23552,18,3340171593
19841,111383180,103442725,214825905,3,0,1,9216,7,4880954460
19842,111405070,103446887,214851957,2,0,1,18432,13,6275680511
19843,111428880,95796448,207225328,8,0,0,40960,17,7298773670
19844,111431320,103420791,214852111,3,0,1,8704,7,5275376245
19845,111435960,95678562,207114522,1,0,0,1024,9,4849597004
19846,111437350,95820409,207257759,4,0,0,14336,13,828342928
19847,111439690,96133498,207573188,8,0,0,12800,17,346037825
19848,111446221,95712995,207159216,2,0,0,10752,13,1335099507
19849,111448190,95821517,207269707,8,0,0,3072,17,2969925476
19850,111451650,96636938,208088588,1,0,0,31232,9,4522540268
19851,111462240,96530252,207992492,8,0,0,33280,17,6720978534
19852,111463391,96081260,207544651,2,0,0,6656,13,6874997006
19853,111481839,96451033,207932872,0,0,0,7680,18,9643935209
19854,111489050,96535171,208024221,3,0,0,26112,7,3991772108
19855,111490160,95656256,207146416,3,0,0,4096,7,10572311954
19856,111515200,96656998,208172198,8,0,0,67584,17,10569389929
19857,111522640,103332620,214855260,4,0,1,3584,13,1208279586
19858,111523179,96442847,207966026,0,0,0,8192,18,5866148824
19859,111525650,96919301,208444951,4,0,0,9216,13,9062758222
19860,111528580,95953017,207481597,3,0,0,48640,7,2964557128
19861,111552130,96375338,207927468,4,0,0,132608,13,5239433151
19862,111561661,96068128,207629789,2,0,0,15872,13,2909032484
19863,111562500,103297945,214860445,1,0,1,16384,9,9622253995
19864,111568520,103308844,214877364,0,0,1,16896,18,2368573472
19865,111576600,103305910,214882510,1,0,1,8192,9,5954717988
19866,111596679,96462277,208058956,0,0,0,29696,18,2572713646
19867,111602400,103282056,214884456,2,0,1,3072,13,3723290732
19868,111603650,103284992,214888642,0,0,1,6656,18,3760674675
19869,111616279,96243404,207859683,0,0,0,6656,18,10256701290
19870,111632090,103258498,214890588,1,0,1,3072,9,10575077310
19871,111641149,96553738,208194887,0,0,0,45056,18,3113986132
19872,111647359,95909547,207556906,0,0,0,1024,18,148378782
19873,111651620,95695140,207346760,3,0,0,3584,7,10413314275
19874,111659780,96096177,207755957,8,0,0,9216,17,9455335956
19875,111679809,96724915,208404724,0,0,0,11264,18,1116658502
19876,111685780,95573643,207259423,3,0,0,4608,7,626147690
19877,111686519,96532282,208218801,0,0,0,1536,18,1462574936
19878,111686699,95800872,207487571,0,0,0,14848,18,4144427694
19879,111700560,95790021,207490581,4,0,0,3584,13,5370449835
19880,111736980,96260967,207997947,4,0,0,8704,13,8396323392
19881,111760239,96044044,207804283,0,0,0,4608,18,8219372056
19882,111768900,96657228,208426128,1,0,0,20480,9,8918368709
19883,111790760,96833903,208624663,3,0,0,37888,7,665345481
19884,111804031,96149726,207953757,2,0,0,26112,13,9462870545
19885,111817000,95936080,207753080,1,0,0,36352,9,8142471477
19886,111820381,95921325,207741706,2,0,0,55296,13,4557514406
19887,111852669,95702140,207554809,0,0,0,17920,18,4453686849
19888,111866921,95738810,207605731,2,0,0,36864,13,6001860512
19889,111868250,103026204,214894454,2,0,1,6144,13,1500391433
19890,111869770,103029190,214898960,1,0,1,7168,9,1498784987
19891,111873880,95983752,207857632,4,0,0,65536,13,3440878093
19892,111882090,103020096,214902186,4,0,1,5120,13,5753918892
19893,111886270,95786870,207673140,3,0,0,4608,7,5180493604
19894,111886689,96294447,208181136,0,0,0,8192,18,500964982
19895,111889140,103013200,214902340,0,0,1,8704,18,10607533306
19896,111895890,96322420,208218310,3,0,0,76800,7,10416430881
19897,111906700,95930925,207837625,3,0,0,24064,7,2495742346
19898,111907880,96613055,208520935,4,0,0,4096,13,9107110712
19899,111914900,96226052,208140952,1,0,0,59392,9,7804473698
19900,111917169,95690769,207607938,0,0,0,7168,18,1618524551
19901,111937200,102965486,214902686,1,0,1,512,9,6960424248
19902,111939520,96127687,208067207,1,0,0,4608,9,7416056087
19903,111966310,102937196,214903506,2,0,1,9728,13,2926989774
19904,111981311,95604225,207585536,2,0,0,9728,13,5019915751
19905,111988769,95728598,207717367,0,0,0,20992,18,10085382477
19906,111992659,96323849,208316508,0,0,0,23552,18,2457964653
19907,112014900,102889592,214904492,3,0,1,1536,7,1493555325
19908,112016871,96236321,208253192,2,0,0,4608,13,3018966001
19909,112018330,102887148,214905478,4,0,1,1536,13,1716001775
19910,112048000,95632417,207680417,3,0,0,3072,7,9876745651
19911,112057230,96456253,208513483,1,0,0,2560,9,874143609
19912,112065390,96632060,208697450,3,0,0,32256,7,5063205798
19913,112073670,95862056,207935726,3,0,0,4096,7,7266838599
19914,112085791,95844718,207930509,2,0,0,9728,13,3898323620
19915,112087690,102827683,214915373,3,0,1,32768,7,8271353802
19916,112097690,95732580,207830270,4,0,0,3072,13,8138920731
19917,112130690,96247182,208377872,4,0,0,3072,13,1555709531
19918,112143730,95798310,207942040,4,0,0,8704,13,7046086301
19919,112144370,95790085,207934455,4,0,0,5120,13,409408639
19920,112149710,96486386,208636096,3,0,0,36352,7,1557483319
19921,112156240,95704410,207860650,3,0,0,3072,7,1677540516
19922,112156380,96548729,208705109,1,0,0,25088,9,368873137
19923,112167690,95719351,207887041,4,0,0,23040,13,2623311366
19924,112174860,95830442,208005302,3,0,0,24064,7,1867846899
19925,112185071,96286321,208471392,2,0,0,43008,13,10542912416
19926,112235100,95828255,208063355,1,0,0,14336,9,2261464721
19927,112267210,102651069,214918279,3,0,1,4608,7,8981510226
19928,112297760,95718482,208016242,1,0,0,4096,9,10930098
19929,112333030,96099255,208432285,4,0,0,2048,13,883912602
19930,112338810,96313903,208652713,1,0,0,17920,9,2602797049
19931,112352790,102568688,214921478,3,0,1,12288,7,856934991
19932,112376740,95770007,208146747,1,0,0,18944,9,6336320550
19933,112392120,95714048,208106168,1,0,0,13312,9,5203011283
19934,112406770,96177092,208583862,4,0,0,48128,13,9135959176
19935,112412191,96377284,208789475,2,0,0,49664,13,4995997640
19936,112417570,96378316,208795886,3,0,0,20992,7,6309122627
19937,112427630,102514075,214941705,3,0,1,11264,7,4322412779
19938,112440150,96072538,208512688,3,0,0,36864,7,5365141615
19939,112449800,95899184,208348984,3,0,0,24064,7,3716144756
19940,112473880,102468973,214942853,3,0,1,1536,7,1546701315
19941,112494920,95865196,208360116,4,0,0,20480,13,5174862465
19942,112498200,96148363,208646563,3,0,0,34304,7,1861232027
19943,112521900,95872883,208394783,1,0,0,52224,9,8707715254
19944,112597590,95903851,208501441,1,0,0,27136,9,7848372532
19945,112612610,95923445,208536055,1,0,0,13824,9,2314161292
19946,112664520,102279639,214944159,1,0,1,2048,9,2376843451
19947,112679050,102266082,214945132,1,0,1,12800,9,7674444619
19948,112683221,95885947,208569168,2,0,0,15360,13,1805582967
19949,112701650,96135258,208836908,1,0,0,75264,9,4331700745
19950,112754570,102198774,214953344,3,0,1,25088,7,1456390927
19951,112762760,95919996,208682756,1,0,0,53248,9,5148599096
19952,112770221,95946447,208716668,2,0,0,37888,13,10589434492
19953,112772420,96138307,208910727,3,0,0,14848,7,76222269
19954,112790241,95948727,208738968,2,0,0,8704,13,2891050678
19955,112807180,102148430,214955610,3,0,1,3584,7,3004044862
19956,112815160,96325822,209140982,3,0,0,20480,7,9965817738
19957,112824970,95240794,208065764,1,0,0,7680,9,7780480834
19958,112875720,95302897,208178617,1,0,0,20992,9,5478112787
19959,112939691,95966497,208906188,2,0,0,39936,13,1164211576
19960,112948620,95420604,208369224,1,0,0,5632,9,3268761403
19961,112954400,95733207,208687607,1,0,0,15872,9,9054656634
19962,112997961,96096800,209094761,2,0,0,34816,13,5643414437
19963,113079801,95948006,209027807,2,0,0,12800,13,8399927697
19964,113080220,101878936,214959156,1,0,1,5632,9,8906041418
19965,113169890,101791041,214960931,1,0,1,11776,9,7449037836
19966,113173820,101808776,214982596,1,0,1,24576,9,3710508500
19967,113199260,95935467,209134727,1,0,0,131072,9,5343323451
19968,113199960,101782982,214982942,2,0,1,512,13,9748869879
19969,113204681,95359792,208564473,2,0,0,38400,13,8045791450
19970,113227511,95585253,208812764,2,0,0,25600,13,8938969589
19971,113240881,95242226,208483107,2,0,0,38400,13,6219911951
19972,113277320,101709488,214986808,1,0,1,6144,9,8753642830
19973,113280531,95208051,208488582,2,0,0,17920,13,8983676189
19974,113311890,101680512,214992402,2,0,1,18432,13,10132456246
19975,113321310,95671885,208993195,1,0,0,10240,9,2038834571
19976,113334970,101694296,215029266,1,0,1,5632,9,1268541268
19977,113361050,101715740,215076790,1,0,1,113664,9,7295815197
19978,113363850,95648219,209012069,1,0,0,12800,9,5225931
19979,113367770,95151812,208519582,1,0,0,19968,9,726655993
19980,113377841,95775012,209152853,2,0,0,38912,13,9696103488
19981,113382980,101696076,215079056,2,0,1,3584,13,3141823271
19982,113397621,95858384,209256005,2,0,0,81920,13,10007685150
19983,113471071,95723557,209194628,2,0,0,32768,13,4225185678
19984,113503720,94785458,208289178,1,0,0,5632,9,10636486862
19985,113531830,94923263,208455093,1,0,0,2048,9,1200818944
19986,113592850,95014348,208607198,1,0,0,23552,9,1452915216
19987,113599331,95472897,209072228,2,0,0,69632,13,1078562255
19988,113629020,95631680,209260700,1,0,0,15360,9,1115204447
19989,113641750,94983255,208625005,1,0,0,1024,9,6436926185
19990,113646410,101433005,215079415,2,0,1,9728,13,5703981794
19991,113721731,95083218,208804949,2,0,0,29696,13,574488324
19992,113809131,95528921,209338052,2,0,0,13312,13,6049881653
19993,113820741,94953587,208774328,2,0,0,67584,13,6502479840
19994,113828000,94758388,208586388,1,0,0,8192,9,2223767479
19995,113871790,94856837,208728627,1,0,0,15360,9,8838713906
19996,113982930,94753356,208736286,1,0,0,25088,9,9547136578
19997,114026600,95277680,209304280,1,0,0,96768,9,1767162234
19998,114081740,94758786,208840526,1,0,0,11776,9,4639061433
19999,114209790,94508141,208717931,1,0,0,4096,9,590776070
