RequestID,ArrivalTime,DelayTime,FinishTime,InitiatorID,TargetID,IOType,Size,VolumeID,Offset
0,0,1323,1323,0,0,1,1024,10,3707685305
1,1,2308,2309,4,0,1,1536,6,3459187159
2,2,55548,55550,2,0,0,3072,1,5372666340
3,3,224347,224350,5,0,0,16384,10,4859331582
4,4,50832,50836,7,0,0,2560,7,8513479954
5,5,5906,5911,3,0,1,5120,6,3918032915
6,6,6251,6257,9,0,1,512,7,7976148563
7,7,62748,62755,8,0,0,6144,9,690195056
8,8,413231,413239,6,0,0,10752,2,9730811147
9,9,110743,110752,1,0,0,37888,19,6556040433
10,3689,62114,65803,3,0,0,1024,6,779700606
11,4121,365996,370117,0,0,0,26624,10,3653834726
12,18420,379347,397767,9,0,0,63488,7,3420973746
13,28880,2470,31350,4,0,1,2560,6,5753519322
14,33389,169935,203324,3,0,0,63488,6,8444901289
15,37290,1994,39284,4,0,1,2048,6,2166842196
16,37759,4111,41870,8,0,1,4096,9,7316359322
17,41290,596341,637631,8,0,0,9728,9,10481138692
18,41760,576574,618334,7,0,0,43008,7,112176604
19,44620,3387,48007,7,0,1,9728,7,2558390622
20,46080,6403,52483,3,0,1,5120,6,7168325026
21,51110,12737,63847,9,0,1,24576,7,2847086091
22,54990,830014,885004,9,0,0,37376,7,4433049512
23,60230,1336573,1396803,7,0,0,15360,7,2497574649
24,74020,493312,567332,5,0,0,24576,10,4334030240
25,76831,13600,90431,1,0,1,23040,19,3679554067
26,78060,300340,378400,6,0,0,27136,2,6039533972
27,95700,15075,110775,5,0,1,17920,10,2483520796
28,105121,1528417,1633538,0,0,0,25088,10,3178774267
29,119730,485485,605215,7,0,0,71168,7,10626114461
30,121070,399421,520491,7,0,0,1536,7,10381987946
31,125600,150017,275617,2,0,0,26112,1,9045517892
32,130320,158114,288434,9,0,0,34816,7,7379552616
33,133150,426679,559829,5,0,0,41984,10,3252831286
34,140089,1711106,1851195,3,0,0,12800,6,1249033753
35,160849,134587,295436,4,0,0,7168,6,10574028982
36,165569,415010,580579,4,0,0,3072,6,6902096958
37,189540,441453,630993,6,0,0,41472,2,3940154784
38,194091,14142,208233,1,0,1,5120,19,4112335115
39,195950,782300,978250,8,0,0,66560,9,4010131103
40,203000,616220,819220,1,0,0,48128,19,367393656
41,208280,1130266,1338546,7,0,0,58880,7,2329918582
42,231769,513594,745363,3,0,0,11264,6,9885099164
43,232620,4162,236782,5,0,1,11264,10,4657923947
44,234080,2478741,2712821,7,0,0,80384,7,282958270
45,238020,464506,702526,6,0,0,19968,2,3565802157
46,246270,545230,791500,2,0,0,14336,1,5440554677
47,247040,862945,1109985,2,0,0,90624,1,2042094241
48,251330,6278,257608,4,0,1,6656,6,7858302095
49,251620,823449,1075069,9,0,0,14848,7,10403492090
50,253781,2275470,2529251,0,0,0,47616,10,8126717461
51,260349,174402,434751,3,0,0,9728,6,9671268150
52,265159,390786,655945,4,0,0,17408,6,6753332307
53,268290,369740,638030,1,0,0,1024,19,3966481729
54,276330,270668,546998,7,0,0,41472,7,9910697148
55,281670,9719,291389,3,0,1,3072,6,5560904133
56,285081,710153,995234,0,0,0,16896,10,4038839163
57,288780,515761,804541,5,0,0,6144,10,9196860670
58,289041,345611,634652,0,0,0,11776,10,1693685344
59,289399,177001,466400,3,0,0,13824,6,844753010
60,299141,439304,738445,0,0,0,86528,10,10268606375
61,302960,1242110,1545070,9,0,0,12800,7,4436851682
62,303729,592507,896236,3,0,0,29184,6,4428125986
63,314880,969894,1284774,2,0,0,22016,1,8432130245
64,320540,510756,831296,1,0,0,4608,19,4939330409
65,321930,362419,684349,7,0,0,14848,7,7446795594
66,326760,1214013,1540773,8,0,0,35840,9,5246978536
67,351370,1966070,2317440,7,0,0,49664,7,1053458975
68,358160,807428,1165588,2,0,0,6656,1,9043763636
69,367750,1029224,1396974,1,0,0,512,19,7607382723
70,381701,18970,400671,1,0,1,8704,19,93817817
71,383860,1525847,1909707,6,0,0,43520,2,8206002684
72,392450,689228,1081678,9,0,0,4608,7,4936046262
73,407281,6278,413559,1,0,1,6656,19,1814981806
74,407819,527432,935251,3,0,0,30720,6,6323581938
75,408780,1709416,2118196,9,0,0,6144,7,1921181267
76,410810,79008,489818,7,0,1,129024,7,3848230112
77,427640,369184,796824,6,0,0,5632,2,3592124520
78,428901,61903,490804,1,0,1,1536,19,783533849
79,434020,57552,491572,0,0,1,11776,10,9825390939
80,446330,587594,1033924,2,0,0,15360,1,2121995156
81,447651,1129795,1577446,0,0,0,8704,10,142901825
82,456899,1265694,1722593,4,0,0,27136,6,10449075868
83,466960,25176,492136,4,0,1,10752,6,3108273659
84,473541,2201313,2674854,0,0,0,27648,10,6747523191
85,475879,1843486,2319365,3,0,0,3584,6,5427840080
86,481061,1333975,1815036,0,0,0,32256,10,5973845447
87,481100,11382,492482,9,0,1,512,7,5082914882
88,490210,1034400,1524610,8,0,0,71680,9,6628039658
89,491869,359344,851213,3,0,0,1536,6,5462780307
90,494960,725410,1220370,6,0,0,33792,2,9018261715
91,498380,1027189,1525569,1,0,0,3072,19,572840499
92,512820,10241,523061,4,0,1,16384,6,8369079128
93,524219,716419,1240638,3,0,0,9216,6,1671945578
94,524440,423228,947668,6,0,0,36352,2,7554659809
95,524450,250267,774717,5,0,0,15872,10,1749754931
96,531920,636585,1168505,2,0,0,4608,1,7274743949
97,532560,209340,741900,6,0,0,11264,2,1707891334
98,534790,37852,572642,0,0,1,5632,10,5277497290
99,535410,363352,898762,1,0,0,6656,19,719558116
100,536460,2063003,2599463,8,0,0,116736,9,4371377044
101,541140,442366,983506,1,0,0,6656,19,1164140261
102,561090,13818,574908,3,0,1,3584,6,294156132
103,562600,985137,1547737,2,0,0,8704,1,6828274676
104,568560,6912,575472,3,0,1,10752,6,9457445840
105,570560,885271,1455831,5,0,0,90624,10,7166769069
106,571590,1226801,1798391,2,0,0,87040,1,4028993210
107,576910,2063492,2640402,2,0,0,59904,1,863458899
108,577018,732040,1309058,6,0,0,8704,2,8911117646
109,577960,286451,864411,7,0,0,6656,7,8460897322
110,587740,50892,638632,5,0,1,1024,10,2445745634
111,590551,50604,641155,1,0,1,9216,19,4078128791
112,590679,2133944,2724623,3,0,0,38400,6,10385539732
113,593430,254006,847436,6,0,0,7168,2,7929847383
114,598250,611809,1210059,5,0,0,8704,10,8033974947
115,599231,577865,1177096,0,0,0,4096,10,8447981998
116,600439,1361330,1961769,4,0,0,1536,6,9071465499
117,612331,1233870,1846201,0,0,0,17408,10,6807597049
118,622910,1196253,1819163,9,0,0,10240,7,5306459805
119,624360,1216476,1840836,8,0,0,41472,9,10039450034
120,627521,13980,641501,1,0,1,512,19,10114111084
121,628420,506892,1135312,1,0,0,9728,19,8145827561
122,630440,1098720,1729160,5,0,0,21504,10,4512945887
123,632700,13578,646278,3,0,1,13312,6,472460253
124,634910,435620,1070530,2,0,0,18432,1,3285895301
125,635780,2292618,2928398,9,0,0,10752,7,2648527602
126,641180,558865,1200045,6,0,0,38400,2,10337647622
127,644260,5342,649602,5,0,1,4608,10,10294880123
128,648010,972994,1621004,6,0,0,15872,2,4033251678
129,650361,820009,1470370,0,0,0,47616,10,5688745364
130,660420,1144749,1805169,1,0,0,18432,19,370319291
131,660729,679432,1340161,3,0,0,5120,6,2224403303
132,660740,1582721,2243461,1,0,0,113152,19,3636143433
133,672440,224279,896719,2,0,0,1536,1,7703895695
134,675860,367640,1043500,7,0,0,6144,7,1977173842
135,676660,733729,1410389,2,0,0,14848,1,6836383848
136,698670,774999,1473669,1,0,0,10752,19,6400482352
137,716120,32897,749017,9,0,1,10240,7,29337016
138,721320,195401,916721,7,0,1,277504,7,8213859193
139,721670,196677,918347,9,0,1,2560,7,7570172313
140,736550,1537868,2274418,6,0,0,51200,2,10175633288
141,736570,186603,923173,5,0,1,7680,10,1202731198
142,744451,602695,1347146,0,0,0,7680,10,7439790934
143,751370,1413620,2164990,1,0,0,23552,19,10449072657
144,753360,1619189,2372549,9,0,0,48640,7,6503158774
145,753370,491495,1244865,5,0,0,13824,10,3094805415
146,759430,1542863,2302293,7,0,0,17408,7,3803619447
147,759720,668468,1428188,9,0,0,58368,7,9898367763
148,768190,155649,923839,0,0,1,11264,10,3740638886
149,770160,154985,925145,9,0,1,2048,7,8400070049
150,770910,1115342,1886252,5,0,0,62464,10,3320635395
151,772581,1915733,2688314,0,0,0,4096,10,8888808871
152,775480,907309,1682789,7,0,0,14336,7,2016153219
153,782711,424681,1207392,0,0,0,24064,10,8143237734
154,792840,436224,1229064,1,0,0,6656,19,9955807204
155,798430,1153832,1952262,5,0,0,25088,10,6657506273
156,800230,1200021,2000251,8,0,0,8704,9,6223024923
157,801699,2392556,3194255,4,0,0,21504,6,4680974259
158,803081,1275720,2078801,0,0,0,18944,10,5967249643
159,808561,1651138,2459699,0,0,0,20992,10,1270009071
160,819091,335770,1154861,0,0,0,10240,10,2113858685
161,820700,2231840,3052540,7,0,0,37376,7,5910207764
162,828029,3249072,4077101,3,0,0,74752,6,7266665626
163,831010,1676420,2507430,2,0,0,18944,1,1147410999
164,834560,1110043,1944603,6,0,0,16896,2,4764688633
165,838111,1174011,2012122,0,0,0,38912,10,10132789832
166,838920,159060,997980,7,0,1,242176,7,10443370125
167,844250,1452708,2296958,8,0,0,17920,9,9262674569
168,852320,1832299,2684619,2,0,0,11264,1,8897210422
169,855951,1760867,2616818,0,0,0,56832,10,6750271228
170,862240,140246,1002486,5,0,1,7168,10,5162174719
171,866891,904957,1771848,0,0,0,86528,10,4572041406
172,869360,1792000,2661360,6,0,0,68608,2,3075344773
173,884509,2709803,3594312,3,0,0,3584,6,10152675049
174,889910,114522,1004432,0,0,1,3072,10,9880470599
175,891160,723762,1614922,5,0,0,5120,10,8729478123
176,893370,234244,1127614,7,0,1,343552,7,2184657037
177,898110,836392,1734502,6,0,0,15360,2,8641568435
178,899760,1359027,2258787,2,0,0,41984,1,6610102790
179,901320,2713069,3614389,6,0,0,6656,2,2572050094
180,904880,2274323,3179203,6,0,0,35840,2,5960120245
181,907350,221570,1128920,4,0,1,2048,6,8094906662
182,909490,2444109,3353599,8,0,0,1024,9,5609129902
183,909630,782782,1692412,2,0,0,16896,1,5604966226
184,917491,1472576,2390067,0,0,0,16384,10,6002441797
185,924110,701769,1625879,2,0,0,13312,1,4625000599
186,933300,211480,1144780,7,0,1,59392,7,2579185989
187,939350,1747624,2686974,8,0,0,7680,9,5807712312
188,955330,2388943,3344273,6,0,0,512,2,7854512380
189,957389,683046,1640435,4,0,0,5632,6,3333055392
190,967100,1324383,2291483,2,0,0,17408,1,9451950873
191,967850,2073263,3041113,6,0,0,140800,2,5927941046
192,970480,522439,1492919,8,0,0,17408,9,5665881470
193,970800,1875453,2846253,2,0,0,3072,1,1331077173
194,982611,906636,1889247,0,0,0,9728,10,10563431640
195,984180,160856,1145036,9,0,1,9216,7,2246996015
196,996409,1488642,2485051,3,0,0,5120,6,3264432549
197,1001630,1284503,2286133,7,0,0,38400,7,7561146895
198,1009970,789544,1799514,9,0,0,3584,7,10063703392
199,1014150,2040309,3054459,1,0,0,6144,19,1747512089
200,1017260,131642,1148902,5,0,1,6144,10,8354381175
201,1047040,1503806,2550846,2,0,0,7168,1,3206903261
202,1068300,1004714,2073014,8,0,0,37888,9,3980700853
203,1076770,1482748,2559518,9,0,0,3584,7,4598435172
204,1076929,1589454,2666383,3,0,0,16384,6,2270143439
205,1080340,665129,1745469,2,0,0,35840,1,6978388322
206,1081640,2674355,3755995,2,0,0,9216,1,7958164634
207,1082289,1065775,2148064,3,0,0,53760,6,6050542931
208,1085240,1760062,2845302,2,0,0,44544,1,4607028239
209,1090040,1860785,2950825,8,0,0,15872,9,7997728027
210,1092120,1116850,2208970,7,0,0,27136,7,7647750850
211,1093420,61588,1155008,3,0,1,20992,6,5231573252
212,1093489,2046961,3140450,3,0,0,45056,6,4025820372
213,1097781,62053,1159834,1,0,1,7680,19,2776556622
214,1103121,1517800,2620921,0,0,0,13312,10,8548131196
215,1111710,1810024,2921734,9,0,0,15360,7,620069892
216,1123859,1209055,2332914,3,0,0,9216,6,10697601736
217,1126150,39893,1166043,9,0,1,29696,7,9061253253
218,1137419,793923,1931342,4,0,0,7680,6,9313774684
219,1142750,29297,1172047,9,0,1,20480,7,4737313916
220,1148470,2063372,3211842,2,0,0,10752,1,9533803076
221,1154800,22841,1177641,9,0,1,18432,7,5702444951
222,1161550,1586245,2747795,6,0,0,30720,2,8978623271
223,1173869,2217425,3391294,4,0,0,43008,6,5402066446
224,1184360,44719,1229079,7,0,1,73216,7,3663744152
225,1197420,34018,1231438,9,0,1,4096,7,7282246187
226,1197449,1886671,3084120,3,0,0,44544,6,4915844786
227,1246170,767691,2013861,8,0,0,5632,9,7865714317
228,1254720,3914934,5169654,2,0,0,9728,1,4289329068
229,1264910,1799088,3063998,8,0,0,31232,9,5367995707
230,1277430,7359,1284789,4,0,1,1024,6,4707764763
231,1292329,598657,1890986,4,0,0,5632,6,2397390400
232,1294540,601221,1895761,2,0,0,2048,1,10267743624
233,1295619,2126043,3421662,3,0,0,61952,6,5676548120
234,1305020,566,1305586,4,0,1,512,6,1158498887
235,1311090,1605941,2917031,2,0,0,37888,1,4863616672
236,1314629,1440224,2754853,4,0,0,15872,6,935877082
237,1321500,30928,1352428,0,0,1,20480,10,204187583
238,1323330,31684,1355014,9,0,1,4096,7,8589497478
239,1325841,1531823,2857664,0,0,0,37376,10,3039567944
240,1326370,991553,2317923,7,0,0,1536,7,7514307624
241,1327151,706124,2033275,0,0,0,3584,10,9497707656
242,1344080,548037,1892117,8,0,0,3584,9,515352212
243,1347290,8710,1356000,5,0,1,1536,10,776255076
244,1360530,1795448,3155978,7,0,0,23040,7,8499693277
245,1367470,3128,1370598,2,0,1,9216,1,6651596117
246,1367830,1781097,3148927,8,0,0,9216,9,4900836544
247,1374260,5971,1380231,9,0,1,14848,7,8974317048
248,1379800,1370194,2749994,2,0,0,7168,1,5606727293
249,1390321,2087783,3478104,0,0,0,4096,10,2852288345
250,1418849,1522800,2941649,4,0,0,6656,6,7769018263
251,1425320,304487,1729807,1,0,0,2048,19,4842860303
252,1443370,1783634,3227004,2,0,0,29184,1,9575798648
253,1443890,33260,1477150,0,0,1,3584,10,2070636018
254,1445629,1800504,3246133,4,0,0,19968,6,2362077152
255,1446880,985556,2432436,8,0,0,32256,9,5826879191
256,1447540,487538,1935078,2,0,0,3584,1,9467492548
257,1448530,30886,1479416,9,0,1,3584,7,3871664763
258,1449220,33742,1482962,5,0,1,5632,10,5175235003
259,1456310,2503904,3960214,9,0,0,19456,7,10370725824
260,1459060,1344899,2803959,8,0,0,10240,9,758084732
261,1461871,627607,2089478,0,0,0,10240,10,9300896373
262,1472420,1621898,3094318,8,0,0,2560,9,6359343068
263,1475349,8599,1483948,8,0,1,1536,9,8155237437
264,1484050,1254362,2738412,8,0,0,9216,9,3803410864
265,1491200,34392,1525592,7,0,1,33280,7,10430544472
266,1495519,1593320,3088839,3,0,0,15360,6,83750048
267,1506370,34442,1540812,3,0,1,13824,6,7381934816
268,1516390,1437570,2953960,7,0,0,10240,7,3653559837
269,1516450,2005916,3522366,8,0,0,6656,9,4383472166
270,1528160,2210908,3739068,9,0,0,2560,7,2305179355
271,1528520,497123,2025643,2,0,0,13824,1,369923987
272,1530380,627419,2157799,6,0,0,11776,2,9931439001
273,1534070,862175,2396245,2,0,0,7168,1,6254561708
274,1540180,14463,1554643,7,0,1,26624,7,7987476736
275,1545980,9009,1554989,3,0,1,512,6,2641312208
276,1548001,697979,2245980,0,0,0,8192,10,2009356866
277,1557970,1604591,3162561,6,0,0,21504,2,4815401652
278,1559061,3645,1562706,1,0,1,10240,19,1483657916
279,1570500,3937089,5507589,7,0,0,66560,7,7498299550
280,1578641,1864336,3442977,0,0,0,23552,10,2952570579
281,1584689,1484199,3068888,4,0,0,10752,6,8388944691
282,1586381,1615093,3201474,0,0,0,8192,10,6426731482
283,1587410,1090159,2677569,8,0,0,8704,9,4352846019
284,1591060,793992,2385052,8,0,0,40960,9,1978298662
285,1596960,3128,1600088,4,0,1,9216,6,3087758351
286,1597250,2127664,3724914,7,0,0,37888,7,601983723
287,1610459,4478,1614937,8,0,1,4096,9,8085557212
288,1610910,10117,1621027,0,0,1,6656,10,3856818377
289,1618271,15282,1633553,1,0,1,11776,19,4437549909
290,1629710,17176,1646886,5,0,1,22528,10,7935130035
291,1634930,2035589,3670519,7,0,0,43008,7,4468870712
292,1636710,1836163,3472873,9,0,0,48128,7,3116990956
293,1644099,2474973,4119072,4,0,0,37376,6,9331038875
294,1646829,1844907,3491736,3,0,0,28672,6,6812530953
295,1657569,2723337,4380906,4,0,0,36352,6,1292461781
296,1664310,10757,1675067,7,0,1,17408,7,4689372965
297,1674140,3645,1677785,9,0,1,10240,7,213231387
298,1679020,5755,1684775,0,0,1,2048,10,10299720364
299,1685910,1692265,3378175,1,0,0,33792,19,1115584276
300,1694230,5196,1699426,4,0,1,13312,6,3821089636
301,1700270,1940466,3640736,9,0,0,26112,7,10126424184
302,1715500,1681317,3396817,6,0,0,17920,2,1914893717
303,1723950,1601281,3325231,1,0,0,8192,19,6573323811
304,1724250,1698207,3422457,9,0,0,2560,7,15679699
305,1725629,691492,2417121,4,0,0,4096,6,9120208180
306,1730190,84861,1815051,5,0,1,10752,10,2728158504
307,1732670,2506403,4239073,9,0,0,26112,7,6395622886
308,1735080,1335429,3070509,6,0,0,4096,2,7384761153
309,1754230,2470042,4224272,6,0,0,11776,2,6409216448
310,1758150,2062126,3820276,2,0,0,72704,1,3625791586
311,1764541,2694471,4459012,0,0,0,64512,10,9791668048
312,1775420,2261981,4037401,2,0,0,13824,1,8067346984
313,1776469,1411203,3187672,4,0,0,27648,6,795823132
314,1778400,1808952,3587352,1,0,0,26112,19,7569604562
315,1804480,1653028,3457508,9,0,0,47616,7,507275086
316,1807390,11788,1819178,7,0,1,2560,7,6959236807
317,1810370,1051053,2861423,7,0,0,12288,7,945232260
318,1819740,3387,1823127,7,0,1,9728,7,2321656182
319,1821139,19712,1840851,8,0,1,13824,9,9965200393
320,1825350,15524,1840874,9,0,1,5632,7,1469673549
321,1826370,1945575,3771945,9,0,0,41984,7,6593548823
322,1830419,2024735,3855154,4,0,0,8192,6,4121947409
323,1835510,557552,2393062,6,0,0,9728,2,2260134208
324,1843240,3791005,5634245,6,0,0,42496,2,1533827429
325,1846409,2094081,3940490,3,0,0,43008,6,2951501655
326,1853930,319908,2173838,2,0,0,2560,1,2112215660
327,1854260,2946288,4800548,9,0,0,512,7,10037242837
328,1855750,2235258,4091008,6,0,0,45568,2,6253615379
329,1865040,2407425,4272465,9,0,0,7680,7,7846522406
330,1871830,37892,1909722,7,0,1,14336,7,2312595599
331,1873040,36721,1909761,7,0,1,6656,7,5823713773
332,1881511,1871661,3753172,0,0,0,6144,10,2460792279
333,1885890,2093800,3979690,7,0,0,12800,7,7865042352
334,1891081,21153,1912234,1,0,1,2560,19,6392444551
335,1895120,3334360,5229480,8,0,0,70656,9,42855028
336,1898090,4212013,6110103,6,0,0,54784,2,2388380334
337,1910501,3145546,5056047,0,0,0,19456,10,5351545343
338,1912850,2840094,4752944,5,0,0,54784,10,2193218631
339,1920399,566,1920965,8,0,1,512,9,10659524531
340,1929571,3281,1932852,1,0,1,1536,19,4609648271
341,1933390,2269423,4202813,8,0,0,3584,9,9933458945
342,1950640,730532,2681172,7,0,0,11776,7,6894496126
343,1950770,856183,2806953,1,0,0,9728,19,1262625445
344,1953360,1930617,3883977,2,0,0,16896,1,8184102395
345,1955570,365386,2320956,2,0,0,5120,1,5470988685
346,1960130,2370977,4331107,6,0,0,24576,2,10115915770
347,1960479,2065933,4026412,3,0,0,27136,6,6556195434
348,1963359,1461297,3424656,3,0,0,7168,6,1512188913
349,1964391,2315663,4280054,0,0,0,5120,10,4391324663
350,1968429,1158278,3126707,4,0,0,20480,6,467116681
351,1969570,1550730,3520300,7,0,0,35328,7,3105492462
352,1972159,439679,2411838,3,0,0,7680,6,3675281991
353,1978180,1130091,3108271,1,0,0,9728,19,8574453681
354,1979170,2470,1981640,3,0,1,2560,6,4756669357
355,1979300,34576,2013876,4,0,1,37376,6,3081712074
356,2001000,1877814,3878814,6,0,0,21504,2,2353909237
357,2013020,2823576,4836596,7,0,0,23040,7,8847873738
358,2013110,305140,2318250,6,0,0,1024,2,1807972001
359,2024090,1329101,3353191,6,0,0,12288,2,8556654846
360,2033390,702168,2735558,9,0,0,35840,7,4663031188
361,2037571,1398215,3435786,0,0,0,24064,10,444802696
362,2051401,1630805,3682206,0,0,0,3584,10,2655348458
363,2061040,1972126,4033166,9,0,0,20992,7,2763011480
364,2069319,1327857,3397176,4,0,0,1024,6,8309137662
365,2078639,3165223,5243862,3,0,0,43520,6,5438417367
366,2079799,1772844,3852643,3,0,0,10752,6,9896235199
367,2091021,2179081,4270102,0,0,0,75776,10,6767341840
368,2093410,5326,2098736,0,0,1,5632,10,6623860200
369,2097499,825030,2922529,4,0,0,2560,6,3366918452
370,2097610,1411903,3509513,9,0,0,38400,7,5322035314
371,2112250,2470,2114720,9,0,1,2560,7,7304272476
372,2117760,1723251,3841011,1,0,0,30208,19,15201466
373,2128070,1121510,3249580,7,0,0,11264,7,2218835337
374,2129620,1992200,4121820,2,0,0,1024,1,7694888914
375,2168600,331794,2500394,8,0,0,6144,9,2183300722
376,2169521,899725,3069246,0,0,0,512,10,4438981505
377,2181639,964465,3146104,3,0,0,18432,6,10364330583
378,2181750,1447568,3629318,8,0,0,2048,9,3730873136
379,2188270,1144741,3333011,1,0,0,9728,19,6051449478
380,2191891,5196,2197087,1,0,1,13312,19,9968475643
381,2194720,1709383,3904103,2,0,0,7168,1,4359183009
382,2197690,2946,2200636,5,0,1,3072,10,2532192415
383,2226370,59778,2286148,5,0,1,2560,10,244878419
384,2250489,815108,3065597,3,0,0,5120,6,6613566053
385,2263710,2121146,4384856,7,0,0,2048,7,6819449078
386,2269090,1932600,4201690,2,0,0,55808,1,8365029218
387,2274030,944067,3218097,8,0,0,20480,9,5568079956
388,2274149,49311,2323460,8,0,1,2560,9,7050134237
389,2279669,3061850,5341519,3,0,0,7168,6,985062410
390,2287409,1739338,4026747,3,0,0,1024,6,4618358241
391,2289500,35707,2325207,3,0,1,9728,6,1236715602
392,2289980,2968903,5258883,9,0,0,17408,7,9588696734
393,2294070,4816521,7110591,5,0,0,17920,10,348824977
394,2295179,3375714,5670893,3,0,0,69120,6,7654791641
395,2302170,2633758,4935928,6,0,0,28672,2,2162425403
396,2315699,970285,3285984,3,0,0,26112,6,4200553025
397,2323490,2273760,4597250,2,0,0,5120,1,2353519357
398,2327410,1220781,3548191,8,0,0,11776,9,985634852
399,2334571,1576631,3911202,0,0,0,16896,10,6471752400
400,2334640,2625142,4959782,8,0,0,12288,9,10659663945
401,2338080,4306883,6644963,9,0,0,115712,7,6438660101
402,2345160,2509091,4854251,6,0,0,512,2,1143912293
403,2346601,997501,3344102,0,0,0,36352,10,2381050410
404,2353460,4159988,6513448,2,0,0,31232,1,4578084792
405,2357661,1271018,3628679,0,0,0,25088,10,10392835200
406,2364600,1653521,4018121,1,0,0,42496,19,4889091683
407,2372890,696185,3069075,2,0,0,512,1,6125318795
408,2380690,1620064,4000754,8,0,0,6656,9,7372362803
409,2382540,15160,2397700,4,0,1,12288,6,9791497650
410,2391319,2016537,4407856,4,0,0,8192,6,5463642471
411,2394260,1063926,3458186,2,0,0,2048,1,3126993085
412,2395210,1314630,3709840,8,0,0,7680,9,8349048179
413,2397660,917414,3315074,6,0,0,9216,2,4398836574
414,2399920,1878559,4278479,6,0,0,13824,2,8857656675
415,2403190,3497365,5900555,8,0,0,13312,9,2338477331
416,2404060,4419068,6823128,6,0,0,2560,2,3162088096
417,2404530,1023893,3428423,9,0,0,12288,7,6158431006
418,2404940,1930492,4335432,6,0,0,9216,2,191164615
419,2405340,3065619,5470959,7,0,0,15360,7,8579113997
420,2406510,4921978,7328488,1,0,0,22528,19,8640351669
421,2408351,3626632,6034983,0,0,0,38912,10,3993793773
422,2413340,1982079,4395419,9,0,0,32256,7,7009431398
423,2423470,2503707,4927177,7,0,0,36352,7,4650356545
424,2441729,2811352,5253081,3,0,0,30208,6,8914169906
425,2442060,2765877,5207937,8,0,0,82432,9,8431316026
426,2446059,1448620,3894679,4,0,0,20480,6,8386356847
427,2459601,3512,2463113,1,0,1,3584,19,4837340836
428,2461710,705390,3167100,6,0,0,14848,2,4837598635
429,2467759,2348695,4816454,4,0,0,26624,6,8515082717
430,2469230,3281340,5750570,2,0,0,139776,1,2637944562
431,2473371,2077216,4550587,0,0,0,6656,10,10172759038
432,2477719,1281419,3759138,3,0,0,10240,6,9403232857
433,2488950,1722474,4211424,7,0,0,28160,7,9013376593
434,2490450,1240259,3730709,5,0,0,18944,10,4610863526
435,2490540,1518,2492058,4,0,1,1536,6,10212131673
436,2497480,3422,2500902,4,0,1,3584,6,9336019001
437,2498009,2344530,4842539,3,0,0,19456,6,4529079320
438,2517469,2907670,5425139,3,0,0,67072,6,5602352643
439,2520100,1632295,4152395,6,0,0,37888,2,4762251812
440,2543890,1975718,4519608,9,0,0,61952,7,2567334358
441,2551960,2222145,4774105,5,0,0,65536,10,1074312478
442,2557940,2296140,4854080,6,0,0,21504,2,5661302855
443,2560980,2308676,4869656,8,0,0,2048,9,8951371600
444,2561740,1111298,3673038,5,0,0,8192,10,8234041397
445,2567791,1281561,3849352,0,0,0,16896,10,8610078558
446,2575730,64711,2640441,3,0,1,25088,6,4178084667
447,2583469,2719686,5303155,4,0,0,26112,6,10556909206
448,2587220,2955224,5542444,9,0,0,52736,7,5569658197
449,2601760,2508388,5110148,1,0,0,35840,19,6629236320
450,2606000,3958336,6564336,2,0,0,40960,1,5313657333
451,2624541,2490482,5115023,0,0,0,15872,10,4131212804
452,2626010,61011,2687021,2,0,1,27136,1,4832556375
453,2627440,59596,2687036,4,0,1,1024,6,1384651553
454,2632929,54122,2687051,8,0,1,512,9,3967325160
455,2633540,3612503,6246043,6,0,0,29184,2,476084205
456,2638380,3166576,5804956,7,0,0,78336,7,4505005117
457,2640570,72290,2712860,7,0,1,7680,7,8085835530
458,2652410,1170080,3822490,9,0,0,5120,7,5039382335
459,2654489,2294941,4949430,4,0,0,8192,6,3806516064
460,2654770,2122486,4777256,2,0,0,10240,1,9249791755
461,2654911,2734600,5389511,0,0,0,83968,10,491585670
462,2657809,1964700,4622509,3,0,0,1536,6,7271741838
463,2668339,1152576,3820915,3,0,0,2048,6,6333913394
464,2669949,65632,2735581,8,0,1,9216,9,5079297753
465,2675850,2577714,5253564,2,0,0,1536,1,6496088199
466,2689770,2471999,5161769,7,0,0,63488,7,7011566388
467,2692599,1203499,3896098,4,0,0,4608,6,4983297990
468,2694320,2014796,4709116,8,0,0,21504,9,1392493463
469,2701850,3338920,6040770,2,0,0,18944,1,786949837
470,2701960,3732221,6434181,1,0,0,55296,19,10672433489
471,2703959,1665633,4369592,4,0,0,50688,6,6410685060
472,2705310,2575785,5281095,6,0,0,24576,2,9529725377
473,2706060,2436310,5142370,8,0,0,89600,9,3622586825
474,2715679,2260699,4976378,4,0,0,16896,6,3932130731
475,2725260,1847720,4572980,9,0,0,12288,7,8526097371
476,2731581,3765887,6497468,0,0,0,26112,10,2158574910
477,2737030,1476305,4213335,7,0,0,6144,7,127855913
478,2745230,12152,2757382,3,0,1,2560,6,6158381302
479,2749391,2600445,5349836,0,0,0,7168,10,8648885715
480,2752300,2162866,4915166,9,0,0,4096,7,3678234183
481,2754270,5698,2759968,5,0,1,4096,10,4434245919
482,2768311,2247595,5015906,0,0,0,28672,10,7872660135
483,2769500,2748244,5517744,1,0,0,33280,19,1686153733
484,2786960,1042,2788002,3,0,1,1024,6,8755612467
485,2787380,448510,3235890,7,0,0,10240,7,3805618662
486,2790640,2775108,5565748,8,0,0,41984,9,10622876000
487,2795690,2471179,5266869,9,0,0,19968,7,6422118453
488,2795910,8064,2803974,4,0,1,5632,6,8619107328
489,2804280,5611,2809891,4,0,1,3072,6,4985893978
490,2830530,2443062,5273592,9,0,0,22016,7,8887485638
491,2834419,27554,2861973,8,0,1,512,9,4360005339
492,2841859,2503887,5345746,4,0,0,13824,6,7859716060
493,2852130,2695024,5547154,9,0,0,11776,7,350630382
494,2868340,4080007,6948347,2,0,0,20992,1,1307288600
495,2868770,2535747,5404517,6,0,0,39424,2,6278630742
496,2888740,4594979,7483719,5,0,0,10240,10,8602337684
497,2894089,3623774,6517863,4,0,0,14336,6,5336522345
498,2894850,1886803,4781653,9,0,0,12800,7,9058489275
499,2905790,1897398,4803188,5,0,0,3584,10,2414381668
500,2929329,3560160,6489489,3,0,0,41472,6,1512904740
501,2930370,3776562,6706932,7,0,0,71680,7,10153408663
502,2938810,3538020,6476830,6,0,0,112128,2,3712688915
503,2940360,3323185,6263545,9,0,0,52224,7,8045713086
504,2943061,1779176,4722237,0,0,0,512,10,5253792032
505,2953150,3272,2956422,4,0,1,2560,6,3695979395
506,2960500,3815891,6776391,8,0,0,30720,9,5419507538
507,2965910,5802,2971712,9,0,1,6144,7,10638150792
508,2967090,2585851,5552941,6,0,0,18944,2,7729334059
509,2975720,2479186,5454906,2,0,0,22528,1,2340780380
510,2979820,2630142,5609962,6,0,0,31232,2,1091744045
511,2992480,2470,2994950,9,0,1,2560,7,8708796490
512,2998579,3668925,6667504,4,0,0,51712,6,9406068785
513,3000580,88274,3088854,9,0,1,4096,7,3541984143
514,3007770,3519172,6526942,7,0,0,29696,7,4255204044
515,3015590,73279,3088869,4,0,1,3584,6,1852208417
516,3016721,2278463,5295184,0,0,0,16896,10,6476095015
517,3022470,4556062,7578532,5,0,0,16896,10,9540167095
518,3023430,65454,3088884,5,0,1,8704,10,8845306390
519,3024380,3325457,6349837,7,0,0,512,7,10616196561
520,3038030,2128613,5166643,7,0,0,10752,7,3743029331
521,3040440,56489,3096929,5,0,1,21504,10,9801988013
522,3057370,2714126,5771496,6,0,0,2560,2,9248672628
523,3060139,3925492,6985631,3,0,0,12288,6,7814800127
524,3061250,1212986,4274236,7,0,0,5632,7,761281810
525,3063350,982007,4045357,8,0,0,2560,9,6966220810
526,3064900,4114563,7179463,5,0,0,37376,10,1043998104
527,3074009,2413285,5487294,4,0,0,17920,6,8959713607
528,3083429,2486264,5569693,3,0,0,1024,6,3360642130
529,3085620,2344541,5430161,6,0,0,13824,2,2514523924
530,3090489,1726620,4817109,3,0,0,2048,6,5580124387
531,3093169,3914,3097083,8,0,1,8704,9,3647089862
532,3096260,2674401,5770661,1,0,0,2048,19,7990498663
533,3098860,2339332,5438192,1,0,0,25600,19,5723436301
534,3103800,4209175,7312975,9,0,0,57344,7,10022056136
535,3106759,1965440,5072199,4,0,0,9216,6,8402726834
536,3110730,29735,3140465,2,0,1,17920,1,294296135
537,3115531,3607702,6723233,0,0,0,46080,10,10003738052
538,3124160,42971,3167131,7,0,1,31232,7,8111063185
539,3137830,2180784,5318614,1,0,0,50688,19,9660998358
540,3147950,31268,3179218,3,0,1,2560,6,5588965965
541,3147989,31244,3179233,8,0,1,2048,9,9943828703
542,3177910,3682567,6860477,1,0,0,3072,19,1869779099
543,3181190,3115392,6296582,1,0,0,10240,19,8927548258
544,3188510,2251781,5440291,7,0,0,6656,7,6285545194
545,3196930,3158698,6355628,7,0,0,16384,7,7679138413
546,3198520,2474424,5672944,6,0,0,6656,2,8106518324
547,3199940,1182868,4382808,6,0,0,1536,2,8120563672
548,3219430,1576533,4795963,6,0,0,8192,2,9704793854
549,3228130,2176558,5404688,2,0,0,512,1,9133862172
550,3229250,2535406,5764656,2,0,0,7168,1,2974815462
551,3242479,3309362,6551841,3,0,0,81408,6,3350115395
552,3246250,3818355,7064605,6,0,0,19456,2,7360356220
553,3249110,2230298,5479408,8,0,0,7168,9,7067401566
554,3257740,2946,3260686,9,0,1,3072,7,4014251343
555,3260440,3424613,6685053,7,0,0,46080,7,3861860407
556,3270380,2496483,5766863,2,0,0,7168,1,1679840081
557,3276120,9895,3286015,4,0,1,8192,6,4001413351
558,3279120,1667743,4946863,8,0,0,35840,9,6075565542
559,3281310,8078,3289388,0,0,1,9728,10,6037878266
560,3288250,2758,3291008,4,0,1,2048,6,6305237804
561,3290970,3904,3294874,9,0,1,10752,7,6238255936
562,3305060,4055247,7360307,5,0,0,42496,10,3170592966
563,3317740,2046172,5363912,5,0,0,24576,10,485216887
564,3322510,2350761,5673271,9,0,0,1024,7,9627961501
565,3325560,4678828,8004388,1,0,0,35328,19,1489275311
566,3326920,424357,3751277,8,0,0,23040,9,5447338357
567,3329999,4994774,8324773,4,0,0,126976,6,9446974831
568,3339780,13450,3353230,3,0,1,7680,6,9814071166
569,3341589,11656,3353245,8,0,1,15360,9,6741667050
570,3344140,2234516,5578656,6,0,0,4096,2,7778239566
571,3344270,2223677,5567947,2,0,0,7168,1,413115128
572,3344620,1126458,4471078,9,0,0,12800,7,3946155521
573,3347820,2529444,5877264,6,0,0,15872,2,2199129721
574,3349720,2097178,5446898,6,0,0,21504,2,10253787316
575,3353539,4019886,7373425,3,0,0,2560,6,8041128984
576,3353790,2296028,5649818,7,0,0,32768,7,4692169156
577,3353840,4333861,7687701,9,0,0,88064,7,1608782759
578,3363370,566,3363936,7,0,1,512,7,877283725
579,3372570,29056,3401626,3,0,1,5120,6,7420229769
580,3378980,3989173,7368153,2,0,0,11264,1,3483697389
581,3380070,3368808,6748878,7,0,0,16384,7,2396366948
582,3380380,21912,3402292,9,0,1,1024,7,2506813784
583,3385850,968283,4354133,2,0,0,13824,1,159436450
584,3388151,14397,3402548,1,0,1,9216,19,2536972296
585,3393220,3276951,6670171,2,0,0,8704,1,93125744
586,3395529,3763714,7159243,3,0,0,16384,6,255342696
587,3400051,4327503,7727554,0,0,0,62976,10,4457332582
588,3407580,4809271,8216851,5,0,0,15872,10,9603044791
589,3408810,48737,3457547,4,0,1,2560,6,7576315988
590,3423180,4509362,7932542,6,0,0,36864,2,4278346642
591,3433871,2741751,6175622,0,0,0,18432,10,1704445469
592,3436830,3882720,7319550,5,0,0,21504,10,7366856439
593,3444060,3392490,6836550,6,0,0,2048,2,6047708743
594,3455530,2141655,5597185,1,0,0,3072,19,9883809588
595,3459920,15532,3475452,7,0,1,2560,7,5556070449
596,3464441,2473183,5937624,0,0,0,1024,10,7463756898
597,3464810,14278,3479088,5,0,1,5632,10,2537947249
598,3465430,16244,3481674,3,0,1,4096,6,8900934601
599,3470360,416596,3886956,6,0,0,9728,2,6812076995
600,3470770,3273101,6743871,6,0,0,49664,2,3470956589
601,3486479,1832662,5319141,4,0,0,1536,6,8310585982
602,3486510,2221457,5707967,6,0,0,22016,2,10356165802
603,3488480,31835,3520315,4,0,1,19968,6,7968916768
604,3489670,2332494,5822164,9,0,0,13824,7,10058828728
605,3497120,29579,3526699,0,0,1,4608,10,5780400321
606,3507029,3089668,6596697,4,0,0,7680,6,4539995462
607,3527590,4358139,7885729,7,0,0,98304,7,3457830146
608,3534670,3367662,6902332,6,0,0,12288,2,1938417874
609,3542409,1078432,4620841,4,0,0,44544,6,2282983871
610,3544161,12566,3556727,1,0,1,20992,19,162720655
611,3545521,2155723,5701244,0,0,0,18944,10,1052007877
612,3548760,3179964,6728724,2,0,0,17920,1,4600762849
613,3551579,3014232,6565811,4,0,0,4608,6,10306234633
614,3558610,2945307,6503917,2,0,0,18432,1,7400822184
615,3564231,902908,4467139,0,0,0,26624,10,9118225253
616,3572889,3128,3576017,8,0,1,9216,9,6840799722
617,3574260,4635752,8210012,5,0,0,1024,10,3741084952
618,3574779,12588,3587367,8,0,1,5632,9,6316108845
619,3595890,624771,4220661,7,0,0,7168,7,4023604355
620,3609850,1560443,5170293,1,0,0,2048,19,1840942629
621,3631200,3938371,7569571,2,0,0,105984,1,3052193912
622,3653240,2668550,6321790,7,0,0,10240,7,10238785322
623,3654440,1606330,5260770,6,0,0,6144,2,4634906417
624,3654861,2107596,5762457,0,0,0,38912,10,6448276477
625,3660330,2649215,6309545,5,0,0,42496,10,3267860379
626,3668610,2424786,6093396,5,0,0,58880,10,3009375146
627,3670200,3340476,7010676,5,0,0,13824,10,936064436
628,3682310,4850,3687160,6,0,1,5120,2,9706712040
629,3691650,2297747,5989397,5,0,0,6144,10,6777919017
630,3695910,4734912,8430822,1,0,0,18432,19,10443166380
631,3703730,4500113,8203843,1,0,0,36352,19,2603917574
632,3704170,3265562,6969732,9,0,0,29696,7,1080000306
633,3706160,7128120,10834280,9,0,1,18944,7,7293440417
634,3709389,3146491,6855880,4,0,0,3072,6,2471419324
635,3710871,7125035,10835906,1,0,1,2560,19,1294389533
636,3715790,2498653,6214443,8,0,0,18944,9,6313392806
637,3722370,2714026,6436396,8,0,0,7168,9,10715667610
638,3724411,7113441,10837852,1,0,1,3072,19,1964777864
639,3727469,3682934,7410403,3,0,0,6656,6,7065894009
640,3735139,1834227,5569366,3,0,0,4608,6,8991936791
641,3736990,3776595,7513585,5,0,0,56832,10,6774996883
642,3739680,2132733,5872413,8,0,0,15872,9,1269459253
643,3741440,4683743,8425183,5,0,0,32256,10,3672825098
644,3744920,957629,4702549,9,0,0,9728,7,6980788509
645,3750800,3543068,7293868,5,0,0,73728,10,3696643162
646,3754980,3641443,7396423,6,0,0,6144,2,2857897344
647,3765059,4851888,8616947,3,0,0,14848,6,5602162611
648,3766070,7081133,10847203,0,0,1,3584,10,1381041654
649,3766880,2077173,5844053,5,0,0,25600,10,2303573992
650,3770110,1655824,5425934,8,0,0,2560,9,4751319818
651,3770880,11756715,15527595,9,0,1,290304,7,7853289743
652,3774429,4134324,7908753,3,0,0,35840,6,1826151575
653,3781860,4188580,7970440,9,0,0,7680,7,823675935
654,3783680,4998855,8782535,7,0,0,55808,7,5277440834
655,3786470,1757081,5543551,8,0,0,3584,9,4087756120
656,3797090,11909740,15706830,0,0,1,18432,10,346028493
657,3797360,12398603,16195963,5,0,1,38912,10,9613843890
658,3806720,4217099,8023819,8,0,0,29184,9,4333666934
659,3818130,12482910,16301040,3,0,1,14848,6,10401588621
660,3821100,3646280,7467380,2,0,0,2048,1,7239442405
661,3832000,2557124,6389124,2,0,0,36352,1,4712695079
662,3836920,3736441,7573361,6,0,0,8704,2,1918059934
663,3839989,2736936,6576925,4,0,0,32768,6,10105023244
664,3841540,1550950,5392490,1,0,0,9728,19,4408513658
665,3854570,5193735,9048305,8,0,0,98816,9,3246226028
666,3856320,2166792,6023112,2,0,0,19456,1,5200629320
667,3856879,2725521,6582400,4,0,0,17920,6,2728603577
668,3865511,3970955,7836466,0,0,0,30208,10,178277621
669,3871790,510535,4382325,5,0,0,4608,10,4592280357
670,3875410,1287934,5163344,6,0,0,5120,2,4334124040
671,3893780,2088640,5982420,5,0,0,22016,10,2677116774
672,3895210,245624,4140834,1,0,0,2048,19,7064347105
673,3896430,2064362,5960792,5,0,0,30720,10,6268459489
674,3909250,4930088,8839338,1,0,0,2048,19,10327683325
675,3910520,2404032,6314552,1,0,0,16384,19,4229832354
676,3920999,3157881,7078880,3,0,0,1536,6,7577833791
677,3931530,2668958,6600488,8,0,0,12288,9,4193821885
678,3932439,2417227,6349666,3,0,0,6144,6,8150361565
679,3933169,2775985,6709154,4,0,0,2560,6,9743835712
680,3935880,4936757,8872637,1,0,0,10752,19,2755690141
681,3936921,2666273,6603194,0,0,0,512,10,843421768
682,3947251,2300367,6247618,0,0,0,5120,10,1647267954
683,3950331,2001078,5951409,0,0,0,10752,10,1031343390
684,3951210,12489358,16440568,3,0,1,28672,6,1362990600
685,3976889,12858905,16835794,8,0,1,1536,9,3778452499
686,3993550,3105346,7098896,7,0,0,11776,7,9265350442
687,3995100,12845784,16840884,5,0,1,7680,10,6952161606
688,3999141,12858345,16857486,1,0,1,15360,19,6036233728
689,4000200,2891724,6891924,1,0,0,11264,19,6815510836
690,4008950,12848559,16857509,3,0,1,7680,6,4415265654
691,4013369,2580933,6594302,4,0,0,2048,6,4307381689
692,4014800,3635517,7650317,8,0,0,17920,9,9770193118
693,4029150,2793175,6822325,9,0,0,2048,7,1525986150
694,4029450,4776718,8806168,2,0,0,58368,1,5744637448
695,4035770,4009709,8045479,6,0,0,29696,2,5856488268
696,4052470,4101471,8153941,1,0,0,33792,19,3510084954
697,4053100,12804432,16857532,5,0,1,3072,10,5525792990
698,4058729,3209316,7268045,4,0,0,25600,6,1902246794
699,4061000,12885712,16946712,9,0,1,5632,7,3138246228
700,4064940,2586785,6651725,7,0,0,9216,7,6821118664
701,4077050,13487114,17564164,4,0,1,52736,6,7940646057
702,4078590,13717500,17796090,4,0,1,25088,6,3576487465
703,4082489,1148098,5230587,4,0,0,3584,6,2737528198
704,4094870,2232126,6326996,2,0,0,3072,1,8479421028
705,4097650,4478407,8576057,7,0,0,17408,7,1141743668
706,4098950,4416087,8515037,7,0,0,25600,7,7207945103
707,4109630,3696190,7805820,8,0,0,110080,9,734649106
708,4112080,4095530,8207610,9,0,0,12288,7,371941760
709,4118290,13927258,18045548,9,0,1,4608,7,5706359289
710,4133341,1636681,5770022,0,0,0,10240,10,217792054
711,4136300,5146469,9282769,6,0,0,38912,2,2091656824
712,4143290,13902604,18045894,0,0,1,512,10,1787138614
713,4144661,2656720,6801381,0,0,0,52736,10,8492920420
714,4148670,4598338,8747008,7,0,0,16896,7,3403759869
715,4161110,3306917,7468027,6,0,0,2048,2,5351625582
716,4186381,3438551,7624932,0,0,0,3584,10,5349970895
717,4187260,1939857,6127117,6,0,0,11264,2,1642924845
718,4190250,13959536,18149786,5,0,1,23040,10,5854004865
719,4192341,2126306,6318647,0,0,0,13312,10,9745785478
720,4203651,3752181,7955832,0,0,0,2560,10,8310272233
721,4206751,4766817,8973568,0,0,0,31232,10,3434838227
722,4208560,4954275,9162835,9,0,0,47616,7,365399002
723,4210110,1785150,5995260,1,0,0,8704,19,4587406451
724,4216150,13977291,18193441,0,0,1,2560,10,9521873163
725,4220970,4341937,8562907,5,0,0,57856,10,6949313116
726,4224899,2012229,6237128,4,0,0,48128,6,1181040188
727,4225139,2055598,6280737,3,0,0,33280,6,8294171385
728,4225411,3525631,7751042,0,0,0,7168,10,8125934944
729,4236420,13957044,18193464,9,0,1,512,7,9198628357
730,4238130,1436584,5674714,6,0,0,4608,2,3469281361
731,4238720,4107650,8346370,8,0,0,1536,9,9193136490
732,4240979,2407915,6648894,3,0,0,12800,6,3497532960
733,4241550,3888461,8130011,8,0,0,65536,9,7748400708
734,4247069,13946418,18193487,8,0,1,3584,9,7728304182
735,4257850,1547949,5805799,8,0,0,2560,9,4192161527
736,4260430,2543618,6804048,8,0,0,8704,9,2238369815
737,4262930,3203616,7466546,1,0,0,36352,19,597964832
738,4265221,3005811,7271032,0,0,0,9728,10,10192454459
739,4265979,4844591,9110570,3,0,0,24576,6,7701530425
740,4271170,3495178,7766348,7,0,0,10752,7,6448264905
741,4280069,3559384,7839453,4,0,0,9728,6,5404142896
742,4286260,4059619,8345879,7,0,0,16896,7,1579150489
743,4297510,2609993,6907503,5,0,0,16896,10,1480398545
744,4316990,2468308,6785298,7,0,0,29184,7,3926973795
745,4318950,4260094,8579044,8,0,0,9728,9,6494730358
746,4319350,706432,5025782,7,0,0,5632,7,4266790380
747,4333040,1568379,5901419,5,0,0,1024,10,1421067541
748,4337180,13856330,18193510,7,0,1,512,7,4986231817
749,4339639,1868598,6208237,4,0,0,15360,6,424432150
750,4345990,4908786,9254776,2,0,0,3584,1,7425740563
751,4346179,1941938,6288117,3,0,0,2048,6,8913748277
752,4348801,13844732,18193533,1,0,1,1536,19,8807971353
753,4348840,13976445,18325285,9,0,1,22016,7,6728414932
754,4354300,2471604,6825904,5,0,0,7680,10,3609241723
755,4356720,14269789,18626509,0,0,1,94720,10,10434778036
756,4369880,1787045,6156925,6,0,0,13312,2,4550572843
757,4374750,3834911,8209661,7,0,0,6656,7,10715919812
758,4374880,3817864,8192744,7,0,0,6656,7,8772038870
759,4378961,14247571,18626532,1,0,1,2048,19,8235061525
760,4381190,14265200,18646390,3,0,1,4096,6,9369901317
761,4389260,4376248,8765508,1,0,0,512,19,5566644876
762,4390119,3455932,7846051,4,0,0,3584,6,5285832147
763,4390350,3266386,7656736,6,0,0,20992,2,2401978500
764,4393419,2314932,6708351,3,0,0,4608,6,2432612447
765,4393600,14256938,18650538,7,0,1,1024,7,504157256
766,4403150,3514830,7917980,5,0,0,30208,10,1740750926
767,4410750,4253074,8663824,6,0,0,18944,2,5197098288
768,4413860,14236701,18650561,5,0,1,5632,10,6772653100
769,4418270,3656067,8074337,6,0,0,44544,2,225603748
770,4419130,4317349,8736479,7,0,0,47616,7,1329464365
771,4421029,4367332,8788361,4,0,0,16384,6,10468797019
772,4421240,2961572,7382812,5,0,0,1024,10,212629626
773,4421410,4761774,9183184,2,0,0,33792,1,5387458894
774,4428370,5521456,9949826,7,0,0,2560,7,2077160059
775,4428971,2787791,7216762,0,0,0,6656,10,9620726890
776,4432360,14218224,18650584,5,0,1,512,10,10540158584
777,4434870,5581333,10016203,9,0,0,62464,7,3405227678
778,4446710,14203897,18650607,2,0,1,512,1,10169927168
779,4448130,2049509,6497639,9,0,0,512,7,2499370558
780,4463850,3059417,7523267,5,0,0,10752,10,126070679
781,4472880,4357435,8830315,6,0,0,24576,2,7423413850
782,4474730,14175900,18650630,5,0,1,1024,10,9931801484
783,4482040,1921033,6403073,9,0,0,10752,7,3787252488
784,4482480,14168173,18650653,7,0,1,5120,7,9986151885
785,4482791,2383367,6866158,0,0,0,2560,10,5651112035
786,4483210,14507163,18990373,4,0,1,108544,6,1472796330
787,4489580,15584070,20073650,0,0,1,116736,10,6649408701
788,4490220,3218123,7708343,8,0,0,30208,9,1283368152
789,4498309,3842399,8340708,3,0,0,52224,6,2583639220
790,4501060,3608960,8110020,7,0,0,13824,7,8223522380
791,4503511,2318167,6821678,0,0,0,11776,10,985263703
792,4506520,15567332,20073852,3,0,1,2560,6,2044788257
793,4517260,4445810,8963070,5,0,0,134656,10,1545560714
794,4520900,1534601,6055501,6,0,0,7680,2,7352749704
795,4524610,2383852,6908462,2,0,0,3072,1,8872743212
796,4528170,1042474,5570644,8,0,0,3072,9,9750033969
797,4530850,2924597,7455447,9,0,0,90112,7,3891406585
798,4532670,4383403,8916073,1,0,0,25600,19,9300481378
799,4532860,2895108,7427968,7,0,0,40960,7,8809248442
800,4540000,4351451,8891451,6,0,0,35840,2,5977624122
801,4551601,2042062,6593663,0,0,0,36864,10,6336823483
802,4555809,4539895,9095704,4,0,0,16896,6,3429841403
803,4565039,5153912,9718951,4,0,0,1024,6,6107508896
804,4568180,4440557,9008737,1,0,0,22016,19,6027499303
805,4572500,3809636,8382136,5,0,0,32768,10,835088543
806,4573320,3236602,7809922,7,0,0,12288,7,2016977081
807,4573829,15500046,20073875,8,0,1,2560,9,6556183999
808,4576700,2793044,7369744,5,0,0,5120,10,4976093976
809,4580119,3118997,7699116,3,0,0,22016,6,843209279
810,4593410,15480488,20073898,3,0,1,4096,6,503153809
811,4602259,4399747,9002006,3,0,0,91136,6,2026657364
812,4607750,2773862,7381612,1,0,0,7168,19,3561618529
813,4614651,3446083,8060734,0,0,0,38912,10,9527347051
814,4619910,2515972,7135882,9,0,0,53760,7,9792285307
815,4620720,15518233,20138953,3,0,1,1536,6,2311624919
816,4631531,2950932,7582463,0,0,0,12800,10,1628025518
817,4631790,15510709,20142499,2,0,1,5632,1,9384443301
818,4632321,15510844,20143165,1,0,1,1024,19,8625589645
819,4641660,15646104,20287764,3,0,1,6144,6,944618869
820,4651979,3521173,8173152,4,0,0,62976,6,3566392579
821,4654670,3300359,7955029,8,0,0,73728,9,9037176429
822,4656560,1721473,6378033,8,0,0,14848,9,908857883
823,4671119,15641674,20312793,8,0,1,20480,9,2000466706
824,4673069,15836937,20510006,8,0,1,13824,9,8146287862
825,4690300,4575107,9265407,2,0,0,34816,1,7285378567
826,4690760,15906435,20597195,2,0,1,1536,1,3622873448
827,4692410,15909291,20601701,9,0,1,7168,7,10342320875
828,4695689,2874997,7570686,4,0,0,3584,6,8778295480
829,4704189,16162804,20866993,8,0,1,28672,9,2069631696
830,4705170,4523385,9228555,1,0,0,52736,19,5641760209
831,4711619,4050723,8762342,4,0,0,28160,6,7073375181
832,4715539,2929295,7644834,3,0,0,39936,6,7290084719
833,4719709,3753339,8473048,4,0,0,20992,6,5357476436
834,4729651,4576455,9306106,0,0,0,48128,10,549601502
835,4752060,2452066,7204126,5,0,0,30720,10,3687811182
836,4757270,3098476,7855746,6,0,0,31744,2,7389072837
837,4763670,1584101,6347771,9,0,0,16896,7,1139743459
838,4773070,1725216,6498286,6,0,0,2048,2,2306408412
839,4775040,3498584,8273624,8,0,0,25088,9,10372161360
840,4778560,2373591,7152151,6,0,0,1024,2,4664017161
841,4796080,16967394,21763474,7,0,1,31744,7,9615265698
842,4806521,3173028,7979549,0,0,0,7168,10,3630747152
843,4808440,4282093,9090533,5,0,0,77824,10,3191425756
844,4813480,1993362,6806842,9,0,0,4096,7,10326756480
845,4823140,3789260,8612400,6,0,0,46592,2,4560909350
846,4823740,17026157,21849897,0,0,1,40448,10,6013040207
847,4838540,3732190,8570730,7,0,0,25600,7,10021951632
848,4846880,3238891,8085771,7,0,0,35328,7,3772383208
849,4853440,1964627,6818067,1,0,0,30208,19,9399593214
850,4865860,2498838,7364698,5,0,0,14336,10,5206005790
851,4881940,2254121,7136061,7,0,0,512,7,8188964394
852,4885850,1130283,6016133,7,0,0,8192,7,2762023978
853,4892399,16994756,21887155,8,0,1,19456,9,4368176580
854,4900760,4692034,9592794,7,0,0,4608,7,2143288695
855,4902560,4328990,9231550,8,0,0,9728,9,5726102366
856,4926839,4184378,9111217,3,0,0,2048,6,2623352268
857,4927040,2970770,7897810,6,0,0,2048,2,50851591
858,4930559,4258420,9188979,3,0,0,18944,6,114721919
859,4935290,16979695,21914985,9,0,1,3072,7,918485887
860,4945470,17285314,22230784,4,0,1,49152,6,9739621410
861,4945680,2881046,7826726,5,0,0,6144,10,2940015568
862,4946389,1656634,6603023,3,0,0,8192,6,2086384634
863,4956450,2888486,7844936,2,0,0,17920,1,1816858381
864,4957400,3740619,8698019,5,0,0,23552,10,5045084538
865,4964470,3498245,8462715,2,0,0,62464,1,3984807643
866,4965889,4573048,9538937,4,0,0,15872,6,3236958581
867,4968990,17263075,22232065,5,0,1,7168,10,2456032899
868,4983870,4521701,9505571,2,0,0,82944,1,8157032287
869,4990630,2977439,7968069,6,0,0,13824,2,1959498956
870,4998800,3975415,8974215,7,0,0,2048,7,2735927456
871,5000841,4625043,9625884,0,0,0,11264,10,8841952376
872,5005870,4280822,9286692,1,0,0,12800,19,6808203132
873,5018970,17267274,22286244,5,0,1,16896,10,8024295408
874,5025730,1416921,6442651,1,0,0,20480,19,3711024369
875,5038120,3205203,8243323,1,0,0,26624,19,10427275800
876,5042399,4437877,9480276,4,0,0,56832,6,798580464
877,5054220,4322094,9376314,6,0,0,4096,2,2749862979
878,5063499,4101075,9164574,4,0,0,5632,6,919729369
879,5079160,17271017,22350177,7,0,1,15360,7,7855543587
880,5086390,2873833,7960223,7,0,0,14336,7,5844759569
881,5100691,4647767,9748458,0,0,0,96768,10,10621153383
882,5105480,2868103,7973583,9,0,0,10240,7,3454353830
883,5106750,2043513,7150263,8,0,0,27136,9,1104499331
884,5115081,17235683,22350764,1,0,1,13824,19,6370225012
885,5116770,4342772,9459542,6,0,0,23552,2,10105527792
886,5118140,4838931,9957071,7,0,0,14848,7,9617155065
887,5122339,2774824,7897163,3,0,0,22528,6,2118054088
888,5124739,18252530,23377269,8,0,1,285696,9,9895189983
889,5130990,4916419,10047409,5,0,0,5632,10,8739393955
890,5132270,3412986,8545256,2,0,0,36352,1,6178560291
891,5152280,2922704,8074984,6,0,0,2048,2,4361032356
892,5171739,3414926,8586665,3,0,0,3584,6,9588252043
893,5172740,18725998,23898738,4,0,1,182272,6,3721229116
894,5184841,18714563,23899404,1,0,1,1024,19,2233534908
895,5185421,4967306,10152727,0,0,0,58880,10,4274645496
896,5185890,2074332,7260222,6,0,0,23040,2,7844709614
897,5208480,18708580,23917060,2,0,1,4608,1,6841987280
898,5210790,18744128,23954918,3,0,1,14848,6,7547650877
899,5214429,4394531,9608960,4,0,0,8704,6,2835765752
900,5219501,4880319,10099820,0,0,0,36352,10,10498112341
901,5221129,19025896,24247025,8,0,1,129536,9,7629468521
902,5236179,4482437,9718616,4,0,0,85504,6,3237422626
903,5236860,19211578,24448438,4,0,1,101888,6,8626784428
904,5239111,19234412,24473523,1,0,1,1024,19,8722786398
905,5251299,3879308,9130607,3,0,0,55296,6,1176585694
906,5265480,19211909,24477389,9,0,1,6144,7,3101454711
907,5280740,4074172,9354912,8,0,0,21504,9,2302916427
908,5281680,3460149,8741829,7,0,0,9728,7,2076237215
909,5284980,3773176,9058156,6,0,0,32256,2,482783162
910,5303929,19174126,24478055,8,0,1,1024,9,6251554587
911,5307430,4571244,9878674,6,0,0,10752,2,4698848591
912,5312100,2793685,8105785,2,0,0,54272,1,9559096979
913,5325180,4569353,9894533,5,0,0,50176,10,5487922664
914,5326310,4527502,9853812,5,0,0,1536,10,6423615446
915,5326511,3117149,8443660,0,0,0,18432,10,1474140209
916,5358050,20814678,26172728,4,0,1,464384,6,4201069331
917,5363151,20889305,26252456,1,0,1,10752,19,473688585
918,5363430,20933923,26297353,2,0,1,7168,1,4087611268
919,5373290,4702718,10076008,8,0,0,92672,9,3418911810
920,5378200,4875786,10253986,5,0,0,31232,10,603759022
921,5382870,4191947,9574817,7,0,0,16384,7,6599792423
922,5391160,5233936,10625096,6,0,0,44032,2,6357475131
923,5392271,20905105,26297376,1,0,1,512,19,6227595667
924,5395129,1362188,6757317,3,0,0,27648,6,5931396101
925,5397469,20925772,26323241,8,0,1,12288,9,6515545164
926,5398630,4914721,10313351,8,0,0,20992,9,138223700
927,5403090,4281812,9684902,8,0,0,14848,9,6914514920
928,5406209,4804225,10210434,3,0,0,13312,6,8152265325
929,5406529,5440651,10847180,3,0,0,24576,6,1594118263
930,5408601,3845060,9253661,0,0,0,15872,10,4234290866
931,5411020,20913207,26324227,5,0,1,1536,10,6451137434
932,5412830,20929243,26342073,3,0,1,8704,6,3956235060
933,5412961,5173146,10586107,0,0,0,36352,10,8787451910
934,5415500,20926829,26342329,7,0,1,9216,7,7292107223
935,5423130,20921363,26344493,7,0,1,15360,7,2326472476
936,5423170,2043555,7466725,8,0,0,512,9,2413831157
937,5433910,5317011,10750921,7,0,0,38400,7,5958043163
938,5438950,3579216,9018166,2,0,0,512,1,4752516874
939,5441750,4505222,9946972,9,0,0,2560,7,3468572050
940,5442180,2142192,7584372,1,0,0,1536,19,8412536528
941,5444760,20900719,26345479,4,0,1,1536,6,9407452371
942,5451500,3270448,8721948,8,0,0,13312,9,5875957213
943,5452910,2285283,7738193,5,0,0,34816,10,8370597725
944,5456000,1560927,7016927,5,0,0,4096,10,6083887636
945,5459290,20886855,26346145,2,0,1,1024,1,1783267765
946,5460300,3958019,9418319,6,0,0,11264,2,4202015138
947,5461070,20906805,26367875,5,0,1,6656,10,9050095153
948,5470180,20955504,26425684,4,0,1,4608,6,7136688562
949,5473380,20952327,26425707,3,0,1,512,6,8421533440
950,5475460,2445819,7921279,7,0,0,10752,7,5548753167
951,5483170,4960246,10443416,7,0,0,3584,7,9098914418
952,5487759,20937971,26425730,8,0,1,10752,9,4124475270
953,5488330,1078588,6566918,2,0,0,3584,1,4745995578
954,5488441,4539508,10027949,0,0,0,30720,10,10139150944
955,5494390,4675009,10169399,1,0,0,13312,19,10508270207
956,5495260,4731623,10226883,7,0,0,27136,7,8867387193
957,5495870,20929883,26425753,3,0,1,2560,6,8673810371
958,5495970,3737319,9233289,7,0,0,5632,7,9347023762
959,5496940,2985484,8482424,5,0,0,1536,10,7644766022
960,5498530,2909416,8407946,9,0,0,36864,7,7890612445
961,5502280,20923496,26425776,4,0,1,5120,6,1930805066
962,5511779,3630730,9142509,4,0,0,26624,6,9397850644
963,5521150,5168534,10689684,7,0,0,10240,7,7221375356
964,5527740,3763663,9291403,9,0,0,15360,7,5876698498
965,5530250,1791351,7321601,7,0,0,6656,7,716104281
966,5533180,3289624,8822804,7,0,0,9728,7,9276130574
967,5537779,20914431,26452210,8,0,1,2560,9,9303103529
968,5545360,4208916,9754276,1,0,0,8192,19,5109325467
969,5545829,5254021,10799850,3,0,0,19968,6,7394240646
970,5561480,2849297,8410777,5,0,0,9216,10,485264842
971,5569020,3441300,9010320,5,0,0,5120,10,5954884151
972,5580470,5202486,10782956,1,0,0,20480,19,9185275473
973,5589520,20862713,26452233,4,0,1,9216,6,6863321600
974,5618409,1395780,7014189,4,0,0,5120,6,1907813032
975,5629779,1742180,7371959,3,0,0,7168,6,2191013406
976,5635450,4123552,9759002,1,0,0,3072,19,1863467938
977,5635919,2327915,7963834,4,0,0,11776,6,4804627535
978,5643260,4860102,10503362,5,0,0,30720,10,7654182402
979,5652470,3797577,9450047,1,0,0,29696,19,878835632
980,5657690,21087604,26745294,0,0,1,7680,10,508806178
981,5659320,3675114,9334434,1,0,0,31744,19,1822739346
982,5672780,21145412,26818192,6,0,1,16896,2,1065132905
983,5674900,21255045,26929945,7,0,1,29184,7,9323467090
984,5684510,4354702,10039212,1,0,0,36864,19,1276358879
985,5694860,4222607,9917467,2,0,0,35840,1,5659571576
986,5699200,3622708,9321908,2,0,0,32768,1,5636806804
987,5708050,5326888,11034938,7,0,0,70656,7,2205608743
988,5727029,21202939,26929968,8,0,1,1024,9,7569441545
989,5739290,2753629,8492919,6,0,0,10752,2,7823996420
990,5744560,4994638,10739198,6,0,0,80896,2,1100854025
991,5752780,4655642,10408422,1,0,0,80896,19,2715467260
992,5760120,4458472,10218592,2,0,0,12800,1,9151386774
993,5762709,6325883,12088592,3,0,0,4096,6,5723222133
994,5764080,21180450,26944530,2,0,1,15360,1,5877068745
995,5766060,21180096,26946156,5,0,1,2560,10,7600144974
996,5768010,4334189,10102199,2,0,0,7680,1,3395529189
997,5772720,6041379,11814099,6,0,0,33792,2,772984399
998,5781590,3986423,9768013,8,0,0,10240,9,7341318054
999,5784660,2405698,8190358,5,0,0,37888,10,831079083
1000,5791670,21157392,26949062,7,0,1,4608,7,8646288386
1001,5794129,21155279,26949408,8,0,1,512,9,4444667442
1002,5794879,21158075,26952954,8,0,1,5632,9,187319006
1003,5795380,2725140,8520520,7,0,0,17920,7,1445137875
1004,5799309,4358589,10157898,4,0,0,16896,6,9556366555
1005,5800931,21215908,27016839,1,0,1,18432,19,6931432466
1006,5809059,4231424,10040483,3,0,0,4096,6,3633979544
1007,5813100,4401569,10214669,8,0,0,13824,9,1305286804
1008,5816860,2361931,8178791,8,0,0,18432,9,3526946146
1009,5824189,3377324,9201513,3,0,0,37376,6,8078127166
1010,5825330,4815233,10640563,1,0,0,50688,19,8730655095
1011,5830049,5072661,10902710,4,0,0,34304,6,7748627230
1012,5835740,21275533,27111273,3,0,1,12288,6,2908342453
1013,5838510,2997787,8836297,8,0,0,17408,9,2262829805
1014,5842040,2809573,8651613,8,0,0,41472,9,8377414319
1015,5847710,3910333,9758043,5,0,0,12288,10,288005241
1016,5848260,1913583,7761843,6,0,0,17920,2,1278961919
1017,5848359,5416879,11265238,4,0,0,65536,6,4908765195
1018,5853210,3659271,9512481,6,0,0,1536,2,5738012157
1019,5854989,4902195,10757184,3,0,0,20480,6,4656097768
1020,5859120,21256419,27115539,6,0,1,1536,2,5133483193
1021,5879539,21236023,27115562,8,0,1,9216,9,7416842225
1022,5885760,21298281,27184041,3,0,1,12800,6,9106848361
1023,5893589,3944710,9838299,4,0,0,21504,6,3031159292
1024,5894160,4412772,10306932,7,0,0,14336,7,8862976155
1025,5895550,2924267,8819817,5,0,0,20992,10,3992422944
1026,5915799,755199,6670998,4,0,0,2560,6,3627107916
1027,5934120,2256573,8190693,5,0,0,1024,10,4949046484
1028,5939620,21244985,27184605,4,0,1,10752,6,8482416006
1029,5945650,4407357,10353007,8,0,0,45056,9,349887554
1030,5946140,3071847,9017987,6,0,0,25088,2,5957585724
1031,5946710,2142516,8089226,5,0,0,11264,10,3654375454
1032,5948090,3954266,9902356,1,0,0,25600,19,8813313438
1033,5949211,21254162,27203373,1,0,1,9728,19,9179213461
1034,5963240,21332540,27295780,6,0,1,6656,2,6223141239
1035,5971950,4351743,10323693,1,0,0,16896,19,10707394015
1036,5976190,3137546,9113736,6,0,0,8192,2,6112844400
1037,5976890,3943408,9920298,7,0,0,9216,7,8123339065
1038,5977050,21326310,27303360,9,0,1,3584,7,10248580320
1039,5993510,3518480,9511990,8,0,0,20992,9,6963332368
1040,6003889,3267001,9270890,3,0,0,17920,6,5884133324
1041,6008650,5058707,11067357,7,0,0,53760,7,2933277323
1042,6009470,5476232,11485702,1,0,0,27136,19,1227638142
1043,6014190,21294360,27308550,9,0,1,30720,7,9630515637
1044,6024340,4690187,10714527,2,0,0,34304,1,520517015
1045,6024790,6380860,12405650,6,0,0,59392,2,6486035804
1046,6032480,21416813,27449293,7,0,1,9728,7,9127288752
1047,6036571,21475129,27511700,1,0,1,11264,19,5842509551
1048,6042400,21471886,27514286,9,0,1,4096,7,9213865024
1049,6046569,4080193,10126762,3,0,0,1024,6,172510800
1050,6048610,21541590,27590200,4,0,1,9216,6,5151234148
1051,6060970,21590545,27651515,2,0,1,20480,1,8287434271
1052,6065860,21636204,27702064,5,0,1,1024,10,7817814366
1053,6073420,3702754,9776174,7,0,0,22016,7,2313032917
1054,6075060,4294122,10369182,5,0,0,27136,10,7307308324
1055,6075280,3918703,9993983,8,0,0,25088,9,9972736265
1056,6084740,4091390,10176130,2,0,0,22016,1,3565597486
1057,6092640,21609447,27702087,7,0,1,7680,7,6210356208
1058,6099760,3112696,9212456,8,0,0,35840,9,2960007882
1059,6106590,4878944,10985534,5,0,0,36352,10,7857874476
1060,6108790,21656382,27765172,9,0,1,19456,7,4569686876
1061,6111109,6621190,12732299,4,0,0,46080,6,4812111979
1062,6119450,3550975,9670425,5,0,0,18432,10,5265315983
1063,6120240,4836357,10956597,5,0,0,91648,10,9344133422
1064,6126750,3891816,10018566,7,0,0,7680,7,3962092425
1065,6133930,671585,6805515,8,0,0,4608,9,9819893544
1066,6135430,21639000,27774430,6,0,1,13312,2,3808926399
1067,6136400,21639537,27775937,4,0,1,1024,6,2501820806
1068,6139840,5779551,11919391,1,0,0,45568,19,6850021490
1069,6152980,21930734,28083714,0,0,1,81920,10,7269144037
1070,6157060,1891795,8048855,8,0,0,8704,9,10145077282
1071,6161880,4027899,10189779,8,0,0,512,9,8728726457
1072,6169520,4802388,10971908,7,0,0,50176,7,3548400299
1073,6182320,21902060,28084380,5,0,1,11264,10,7428030790
1074,6183440,2518636,8702076,2,0,0,8192,1,5900162407
1075,6183720,4956299,11140019,5,0,0,8704,10,7380290958
1076,6197230,21950885,28148115,6,0,1,6656,2,10660494331
1077,6198680,4080581,10279261,5,0,0,31744,10,1744988809
1078,6205229,4038259,10243488,3,0,0,2560,6,9319207101
1079,6211450,21936688,28148138,2,0,1,2560,1,718261579
1080,6214540,3688307,9902847,5,0,0,1536,10,1705040879
1081,6216790,6607896,12824686,2,0,0,11264,1,655776358
1082,6220530,21955224,28175754,3,0,1,19968,6,4366995383
1083,6223239,5022008,11245247,3,0,0,11264,6,8877241703
1084,6248600,4069922,10318522,8,0,0,16896,9,639984676
1085,6248860,21937266,28186126,4,0,1,2048,6,8446904129
1086,6250880,2119230,8370110,7,0,0,5120,7,2715341747
1087,6266550,21922768,28189318,5,0,1,6144,10,8387930974
1088,6277690,1715911,7993601,8,0,0,23040,9,7870754839
1089,6280520,2001863,8282383,8,0,0,3584,9,10246016001
1090,6287090,5286867,11573957,2,0,0,12288,1,10327492195
1091,6289410,3900182,10189592,5,0,0,35328,10,9744704385
1092,6302470,786094,7088564,2,0,0,3072,1,6437456214
1093,6302870,4584861,10887731,1,0,0,20992,19,336344978
1094,6302900,3775315,10078215,6,0,0,7168,2,2016613045
1095,6310541,21889108,28199649,1,0,1,15872,19,10437860132
1096,6312140,4360171,10672311,7,0,0,6656,7,3373674885
1097,6319770,4797589,11117359,5,0,0,5120,10,9688539567
1098,6320910,21879085,28199995,2,0,1,512,1,7127343485
1099,6322430,21878551,28200981,2,0,1,1536,1,339560798
1100,6326710,4724244,11050954,8,0,0,23552,9,723081301
1101,6344119,5878911,12223030,4,0,0,41984,6,7496072310
1102,6355391,3425509,9780900,0,0,0,14848,10,248135977
1103,6358500,5396888,11755388,1,0,0,41984,19,9545755989
1104,6366330,3876355,10242685,9,0,0,7168,7,3454477538
1105,6390769,2294063,8684832,3,0,0,57856,6,9753972362
1106,6396759,6557346,12954105,4,0,0,22528,6,2656920421
1107,6407060,5917768,12324828,6,0,0,6656,2,1808513388
1108,6416390,4004714,10421104,7,0,0,18944,7,10496369034
1109,6421040,4647432,11068472,1,0,0,3584,19,6918762165
1110,6422040,4493173,10915213,8,0,0,40960,9,9141596103
1111,6437770,21763979,28201749,4,0,1,11776,6,10513952362
1112,6438810,4911359,11350169,2,0,0,38400,1,10020616177
1113,6442601,2691773,9134374,0,0,0,12288,10,10709317902
1114,6462701,21824627,28287328,1,0,1,8704,19,6446067424
1115,6464640,2289099,8753739,8,0,0,22016,9,3085859117
1116,6467710,5037414,11505124,9,0,0,28672,7,5165447743
1117,6469279,4912239,11381518,4,0,0,12288,6,9535851614
1118,6478609,4315134,10793743,3,0,0,35328,6,10718445390
1119,6484860,5318920,11803780,9,0,0,43008,7,5795746099
1120,6491830,21824404,28316234,7,0,1,16384,7,2719535650
1121,6495340,6195557,12690897,5,0,0,11264,10,273356131
1122,6495720,3936231,10431951,7,0,0,6656,7,10535824873
1123,6502399,5151818,11654217,4,0,0,6144,6,6539082911
1124,6503590,3039902,9543492,6,0,0,14848,2,8569379893
1125,6509540,6394868,12904408,7,0,0,4608,7,831411576
1126,6511480,3728998,10240478,1,0,0,44544,19,10720173584
1127,6512380,2226462,8738842,5,0,0,7680,10,10320423049
1128,6519060,21839932,28358992,7,0,1,12800,7,2676533010
1129,6519889,1918132,8438021,3,0,0,23552,6,2786456274
1130,6522210,2316481,8838691,7,0,0,6144,7,8891863703
1131,6523630,5830067,12353697,2,0,0,39936,1,7104298118
1132,6523730,6006756,12530486,1,0,0,9216,19,165508455
1133,6530040,4939502,11469542,1,0,0,66048,19,4170822003
1134,6535200,2530155,9065355,6,0,0,23552,2,3766431703
1135,6550260,21808755,28359015,4,0,1,12800,6,436419894
1136,6550360,1970971,8521331,8,0,0,2560,9,5840969684
1137,6561290,4738913,11300203,5,0,0,1536,10,10695853951
1138,6561350,21797688,28359038,4,0,1,8704,6,4262069084
1139,6567390,6225359,12792749,5,0,0,4096,10,3746513522
1140,6571900,4091682,10663582,2,0,0,18944,1,8981626437
1141,6579840,1310436,7890276,9,0,0,14848,7,8519124862
1142,6583130,21775931,28359061,9,0,1,1024,7,10457716969
1143,6584450,21774634,28359084,5,0,1,3072,10,7443814800
1144,6587619,2195719,8783338,3,0,0,2560,6,6025035944
1145,6588510,21770597,28359107,3,0,1,3072,6,3168410458
1146,6601280,4759540,11360820,9,0,0,3584,7,3005763002
1147,6602810,4995918,11598728,6,0,0,40960,2,3605123143
1148,6608910,5054211,11663121,2,0,0,5120,1,7260742809
1149,6610060,6472230,13082290,6,0,0,32768,2,8480807459
1150,6610070,4606279,11216349,1,0,0,13312,19,4334927283
1151,6612450,22704970,29317420,0,0,1,330240,10,7615002548
1152,6615810,4954380,11570190,8,0,0,64512,9,7853045569
1153,6629930,4138977,10768907,7,0,0,38400,7,4865639081
1154,6633380,22760795,29394175,9,0,1,27136,7,10323078894
1155,6638940,5044932,11683872,1,0,0,37376,19,554463289
1156,6642209,1163946,7806155,3,0,0,1024,6,6740094164
1157,6647020,1721507,8368527,8,0,0,15872,9,6678036234
1158,6655160,1488446,8143606,1,0,0,44544,19,4690418711
1159,6660370,3929504,10589874,7,0,0,12288,7,8708054326
1160,6662410,3813449,10475859,9,0,0,19968,7,9208195308
1161,6667380,22726818,29394198,2,0,1,4608,1,692612460
1162,6673600,6818962,13492562,8,0,0,19456,9,10279518873
1163,6682399,2384391,9066790,4,0,0,4608,6,388520731
1164,6688610,22734298,29422908,0,0,1,32768,10,106341324
1165,6688850,2142112,8830962,1,0,0,2048,19,631118087
1166,6691360,3723949,10415309,7,0,0,22528,7,3956771348
1167,6693259,2113564,8806823,3,0,0,2048,6,6116082140
1168,6706670,6975758,13682428,1,0,0,21504,19,3581079192
1169,6713219,22719295,29432514,8,0,1,7168,9,7396950830
1170,6715711,22717469,29433180,1,0,1,1024,19,5610470437
1171,6715890,22742099,29457989,9,0,1,20480,7,3440094398
1172,6723590,6157435,12881025,2,0,0,47104,1,4084063049
1173,6724760,4860608,11585368,8,0,0,37376,9,4155075658
1174,6734651,22725604,29460255,1,0,1,3584,19,1112486442
1175,6735510,2077888,8813398,7,0,0,21504,7,5807726288
1176,6744790,22717731,29462521,4,0,1,3584,6,6007925989
1177,6750400,22754625,29505025,5,0,1,31232,10,3735404101
1178,6751980,3892396,10644376,5,0,0,6656,10,10692243764
1179,6753180,22791702,29544882,6,0,1,22528,2,2510602881
1180,6755380,2556521,9311901,1,0,0,18944,19,4425579510
1181,6775059,3469388,10244447,4,0,0,3072,6,7774253354
1182,6775601,22769312,29544913,1,0,1,21504,19,8015765638
1183,6793910,22793086,29586996,5,0,1,3584,10,6276905428
1184,6794680,5243280,12037960,7,0,0,48128,7,1937620774
1185,6795970,2168059,8964029,5,0,0,3072,10,562401075
1186,6796410,4896689,11693099,8,0,0,30208,9,7856619471
1187,6798320,2788270,9586590,6,0,0,24576,2,3655060545
1188,6811479,6150613,12962092,3,0,0,26112,6,5774029963
1189,6812830,2511909,9324739,7,0,0,9216,7,8611447551
1190,6825530,5343571,12169101,1,0,0,13824,19,2240661383
1191,6828220,4873416,11701636,7,0,0,11776,7,7167160007
1192,6828720,2319584,9148304,2,0,0,18944,1,2473071524
1193,6832950,5739843,12572793,2,0,0,5632,1,9546376842
1194,6841460,2403084,9244544,8,0,0,36864,9,8504643278
1195,6841490,4946768,11788258,2,0,0,2560,1,6326465247
1196,6857910,5032886,11890796,1,0,0,27648,19,5197300290
1197,6877090,22720713,29597803,2,0,1,4608,1,5331233841
1198,6878470,1886859,8765329,1,0,0,9728,19,9699410819
1199,6881750,1955038,8836788,7,0,0,1536,7,1471714788
1200,6889420,5714434,12603854,8,0,0,82944,9,4698578870
1201,6893630,5038443,11932073,7,0,0,34304,7,3941799042
1202,6906871,3432385,10339256,9,0,0,4096,7,8933991878
1203,6907650,2610493,9518143,1,0,0,10240,19,8085623436
1204,6914830,22682996,29597826,7,0,1,5120,7,4449754826
1205,6916610,22681239,29597849,4,0,1,1536,6,8832934014
1206,6918000,5027356,11945356,5,0,0,43520,10,7812800249
1207,6922100,2180959,9103059,1,0,0,24064,19,5602166315
1208,6933150,4196568,11129718,1,0,0,2560,19,6441948137
1209,6939010,2595068,9534078,2,0,0,52224,1,10139123619
1210,6940670,6269972,13210642,6,0,0,13312,2,10553060213
1211,6942790,22877427,29820217,0,0,1,145920,10,7703225180
1212,6943570,4339654,11283224,8,0,0,18944,9,5168495122
1213,6945169,6949303,13894472,3,0,0,38400,6,6774275196
1214,6949591,22891349,29840940,1,0,1,6144,19,10409096380
1215,6950410,5188316,12138726,6,0,0,61440,2,2129262832
1216,6950990,2440143,9391133,5,0,0,18432,10,10188433135
1217,6953390,22920455,29873845,3,0,1,22016,6,38858076
1218,6954779,22939565,29894344,8,0,1,4608,9,9232522926
1219,6957590,5544906,12502496,8,0,0,35328,9,1304860863
1220,6960330,4705934,11666264,2,0,0,10240,1,10017685988
1221,6965569,4329869,11295438,4,0,0,38400,6,3267688080
1222,6965969,4372477,11338446,4,0,0,12800,6,1510111793
1223,6969810,5134394,12104204,2,0,0,15872,1,6474291117
1224,6978620,5089410,12068030,5,0,0,48640,10,5384548952
1225,6979940,4008113,10988053,5,0,0,8192,10,3407634844
1226,6982820,3703721,10686541,9,0,0,15360,7,6637149206
1227,6983090,22911277,29894367,5,0,1,3072,10,4678346701
1228,6992690,5127293,12119983,8,0,0,51712,9,6376581732
1229,6996200,5187972,12184172,8,0,0,45568,9,5706228254
1230,6996900,2410752,9407652,9,0,0,33280,7,8675821127
1231,7001080,22893310,29894390,9,0,1,1536,7,10478360887
1232,7001390,2841300,9842690,1,0,0,14336,19,5864216712
1233,7007180,5231363,12238543,7,0,0,12288,7,10716365869
1234,7015440,6234768,13250208,5,0,0,115712,10,7346524041
1235,7019700,5244652,12264352,9,0,0,9216,7,763495531
1236,7025759,2147106,9172865,3,0,0,27136,6,10573366143
1237,7027180,22869982,29897162,7,0,1,4608,7,771289569
1238,7027460,3984640,11012100,5,0,0,78848,10,7285401376
1239,7030640,22866868,29897508,3,0,1,512,6,3540342046
1240,7031440,4473863,11505303,2,0,0,512,1,9524763226
1241,7037930,5649512,12687442,6,0,0,18944,2,9544969048
1242,7038980,22863034,29902014,5,0,1,7168,10,3105747971
1243,7046250,3646029,10692279,5,0,0,6656,10,7133578128
1244,7047990,22880709,29928699,9,0,1,6656,7,6783443830
1245,7056650,2133444,9190094,9,0,0,3584,7,4356249911
1246,7062839,22918919,29981758,8,0,1,1536,9,2951237225
1247,7063100,22922204,29985304,4,0,1,5632,6,6030038738
1248,7064489,5415367,12479856,4,0,0,16384,6,7669768023
1249,7069560,22916717,29986277,6,0,1,12800,2,1755262297
1250,7071740,2292607,9364347,7,0,0,13824,7,4717849762
1251,7075110,5643126,12718236,5,0,0,24576,10,9523453772
1252,7087610,6335472,13423082,6,0,0,80896,2,2173440887
1253,7098790,4730073,11828863,7,0,0,15872,7,8644354292
1254,7101610,5862689,12964299,9,0,0,7168,7,2757754963
1255,7102590,22974691,30077281,2,0,1,13312,1,9538634729
1256,7108830,2704327,9813157,9,0,0,7168,7,2710955947
1257,7109640,1305684,8415324,5,0,0,14848,10,6516775997
1258,7113830,3408217,10522047,9,0,0,13824,7,8527442565
1259,7120230,2656123,9776353,6,0,0,512,2,9904424901
1260,7125600,22952040,30077640,3,0,1,9728,6,1170827614
1261,7131580,4364237,11495817,6,0,0,14848,2,5167856105
1262,7143080,5538567,12681647,1,0,0,26624,19,6899153588
1263,7146140,2939742,10085882,8,0,0,25088,9,10241564680
1264,7152430,4867512,12019942,9,0,0,65024,7,6347958208
1265,7158960,22954606,30113566,7,0,1,18432,7,6684823488
1266,7163940,2881722,10045662,7,0,0,16896,7,10425815623
1267,7166639,2475080,9641719,3,0,0,39424,6,3500599264
1268,7167019,1466594,8633613,3,0,0,2560,6,10243759873
1269,7168310,2419395,9587705,9,0,0,3584,7,4767101972
1270,7173550,5469872,12643422,9,0,0,10240,7,5788753506
1271,7180540,22971176,30151716,6,0,1,5120,2,6837924274
1272,7185519,5081984,12267503,4,0,0,10240,6,5211575701
1273,7185540,2763483,9949023,5,0,0,6656,10,5124385129
1274,7187140,4636677,11823817,2,0,0,18432,1,9671139730
1275,7188189,3460765,10648954,3,0,0,4096,6,8060693533
1276,7197090,4030264,11227354,1,0,0,9728,19,8593305880
1277,7200219,22961142,30161361,8,0,1,3072,9,8812563776
1278,7200669,6055802,13256471,4,0,0,20480,6,2840143905
1279,7205569,6266160,13471729,4,0,0,43008,6,6662419798
1280,7224200,5889359,13113559,9,0,0,47104,7,2816942148
1281,7227110,3075431,10302541,7,0,0,17408,7,2893610894
1282,7231541,6414298,13645839,9,0,0,37888,7,6334707043
1283,7231881,22930112,30161993,1,0,1,1024,19,7710717646
1284,7236410,7155848,14392258,8,0,0,7680,9,1832518015
1285,7236799,2160281,9397080,3,0,0,14336,6,1068750
1286,7239140,3293364,10532504,6,0,0,17408,2,10093758576
1287,7240520,4196850,11437370,5,0,0,1024,10,3902129577
1288,7256880,3663059,10919939,2,0,0,14336,1,9057424302
1289,7264500,22947698,30212198,3,0,1,19968,6,5137576799
1290,7272160,1352280,8624440,6,0,0,5632,2,9792115023
1291,7297740,23113037,30410777,4,0,1,12288,6,6573737390
1292,7303460,5345445,12648905,8,0,0,17920,9,2455493280
1293,7315450,3068301,10383751,5,0,0,13312,10,6017356279
1294,7317179,2628990,9946169,3,0,0,43008,6,3088128079
1295,7319380,4890835,12210215,2,0,0,12800,1,10652539375
1296,7319940,6770469,14090409,5,0,0,43520,10,6610951258
1297,7320740,23127873,30448613,4,0,1,16384,6,9436454661
1298,7326710,6099515,13426225,2,0,0,10240,1,2828007032
1299,7337780,23110856,30448636,0,0,1,5120,10,3717464691
1300,7341059,3176753,10517812,3,0,0,37376,6,7130561222
1301,7345260,3297065,10642325,8,0,0,3072,9,3359464084
1302,7352949,23150828,30503777,8,0,1,1024,9,7055721025
1303,7363800,4109665,11473465,1,0,0,12800,19,4286443543
1304,7367599,6469616,13837215,3,0,0,53760,6,4806099050
1305,7369510,6689450,14058960,9,0,0,1536,7,7618719855
1306,7370569,23186733,30557302,8,0,1,2560,9,9205711139
1307,7381420,5620521,13001941,9,0,0,23040,7,5471178676
1308,7388439,3259236,10647675,4,0,0,10752,6,10493514137
1309,7408690,4430336,11839026,8,0,0,33280,9,7860633844
1310,7413350,5399849,12813199,6,0,0,4608,2,9929025455
1311,7414340,3477470,10891810,8,0,0,13312,9,4235406808
1312,7426090,6394714,13820804,1,0,0,11776,19,9907848824
1313,7427659,4210508,11638167,3,0,0,32256,6,9890014153
1314,7428640,23142121,30570761,7,0,1,7168,7,2056711305
1315,7440019,5087636,12527655,3,0,0,33792,6,3803436277
1316,7472990,1863807,9336797,7,0,0,7680,7,8983079695
1317,7474260,3948978,11423238,8,0,0,4096,9,385192220
1318,7482850,2202604,9685454,8,0,0,1536,9,2544566000
1319,7489150,1757757,9246907,1,0,0,7680,19,1829156585
1320,7491360,23079424,30570784,5,0,1,512,10,2425127185
1321,7491590,5662926,13154516,5,0,0,14336,10,5568392078
1322,7504050,5169462,12673512,2,0,0,4096,1,6666137562
1323,7504860,5236984,12741844,8,0,0,7680,9,4323524221
1324,7505591,5934112,13439703,9,0,0,37376,7,3042331469
1325,7512830,23057977,30570807,3,0,1,6144,6,2533207680
1326,7519399,3055609,10575008,3,0,0,40960,6,5091244325
1327,7519790,23185525,30705315,5,0,1,512,10,7249583332
1328,7519930,6617708,14137638,5,0,0,512,10,4601484132
1329,7520131,3805997,11326128,9,0,0,40960,7,3892538503
1330,7523579,4912545,12436124,4,0,0,82944,6,2990692841
1331,7523969,4930408,12454377,3,0,0,6144,6,8804392170
1332,7530720,3577168,11107888,7,0,0,57344,7,9245620191
1333,7535880,3941531,11477411,8,0,0,3072,9,988848104
1334,7557259,5429214,12986473,3,0,0,32768,6,1951642481
1335,7567279,4771061,12338340,4,0,0,5632,6,9441477977
1336,7572110,4427395,11999505,1,0,0,25088,19,8979645414
1337,7582750,1666052,9248802,2,0,0,6144,1,9087149392
1338,7584939,1930061,9515000,4,0,0,8192,6,3493560807
1339,7588920,6953497,14542417,6,0,0,19456,2,6270249053
1340,7609399,7327722,14937121,3,0,0,43008,6,9970809227
1341,7617521,3422767,11040288,0,0,0,16384,10,4730656300
1342,7618301,3818734,11437035,9,0,0,15360,7,4459190665
1343,7629670,2812631,10442301,2,0,0,27648,1,9056495276
1344,7638800,23070061,30708861,3,0,1,5632,6,8631369704
1345,7641990,6998597,14640587,1,0,0,56832,19,7952678946
1346,7646680,6292710,13939390,6,0,0,6144,2,482290271
1347,7650329,5382916,13033245,4,0,0,1536,6,5267079610
1348,7653070,5398119,13051189,1,0,0,23040,19,5184516716
1349,7657669,3554601,11212270,4,0,0,35840,6,8301286436
1350,7658180,5307546,12965726,6,0,0,4608,2,7683258419
1351,7666241,23095532,30761773,1,0,1,4096,19,1456323897
1352,7669629,23093450,30763079,8,0,1,2048,9,1505004661
1353,7672720,4423898,12096618,5,0,0,24576,10,1781084462
1354,7677569,2243220,9920789,4,0,0,1536,6,5327143121
1355,7690920,5649351,13340271,8,0,0,20992,9,9646631758
1356,7698780,23069791,30768571,3,0,1,17920,6,2781116155
1357,7701110,3943366,11644476,8,0,0,512,9,1193964689
1358,7705099,3591610,11296709,3,0,0,4096,6,6667724702
1359,7707660,6369458,14077118,8,0,0,23040,9,9661225522
1360,7708020,4526756,12234776,7,0,0,34304,7,6527592822
1361,7711200,23160495,30871695,6,0,1,1024,2,7635218273
1362,7726489,3917808,11644297,4,0,0,11264,6,4708169078
1363,7730720,5112240,12842960,8,0,0,6144,9,2161256903
1364,7733231,23139450,30872681,1,0,1,1536,19,1737508645
1365,7742561,23130466,30873027,1,0,1,512,19,4865799884
1366,7742940,1804007,9546947,1,0,0,11264,19,8154252771
1367,7751030,1672304,9423334,6,0,0,16384,2,8748880369
1368,7755500,6586836,14342336,1,0,0,13312,19,1164409172
1369,7765711,2413094,10178805,9,0,0,8704,7,7766487839
1370,7767369,6942871,14710240,4,0,0,9728,6,6215056468
1371,7769651,4808908,12578559,0,0,0,14336,10,963120354
1372,7779420,5848121,13627541,1,0,0,155136,19,9743749460
1373,7792850,23082443,30875293,2,0,1,3584,1,3382481721
1374,7794940,1956817,9751757,1,0,0,10752,19,2917706884
1375,7795410,23084389,30879799,5,0,1,7168,10,823227269
1376,7797659,5525516,13323175,3,0,0,57856,6,3402625198
1377,7798349,23109364,30907713,8,0,1,4608,9,3690547744
1378,7801800,3839042,11640842,1,0,0,8704,19,10481786279
1379,7808220,2280493,10088713,1,0,0,9216,19,8441058003
1380,7810170,3164257,10974427,6,0,0,8192,2,535981429
1381,7812620,2828746,10641366,8,0,0,2560,9,10140314191
1382,7817310,7015578,14832888,7,0,0,10752,7,3228837478
1383,7835570,5224230,13059800,2,0,0,28160,1,2742289622
1384,7838720,23123870,30962590,5,0,1,1536,10,8098004133
1385,7842210,4419311,12261521,7,0,0,62464,7,4217405384
1386,7853820,5665879,13519699,7,0,0,29696,7,1943984531
1387,7856610,2256300,10112910,1,0,0,6656,19,72609475
1388,7862510,4840363,12702873,8,0,0,17920,9,4472765892
1389,7864630,23195186,31059816,5,0,1,4608,10,7606379794
1390,7865899,4829389,12695288,3,0,0,14336,6,8304091116
1391,7872990,3839025,11712015,8,0,0,8192,9,8823259298
1392,7900870,23158969,31059839,6,0,1,14336,2,7289492275
1393,7911640,2194490,10106130,7,0,0,12800,7,8435764001
1394,7919979,1709705,9629684,4,0,0,6144,6,8209517282
1395,7921840,5284723,13206563,8,0,0,65536,9,874222567
1396,7922069,2759313,10681382,3,0,0,29696,6,1544428253
1397,7925260,2356257,10281517,5,0,0,1536,10,10447218431
1398,7930210,5614511,13544721,5,0,0,512,10,10693459
1399,7940271,5186697,13126968,9,0,0,23552,7,6451252224
1400,7943329,4366990,12310319,3,0,0,52736,6,10184069330
1401,7950130,5748397,13698527,6,0,0,52736,2,1989780288
1402,7965320,2464580,10429900,8,0,0,26112,9,5775262914
1403,7965700,5520895,13486595,1,0,0,23040,19,7317615149
1404,7970320,23174100,31144420,0,0,1,5632,10,10668725471
1405,7975830,23170536,31146366,5,0,1,3072,10,4196658447
1406,7976980,4377208,12354188,2,0,0,1536,1,2087764815
1407,7977510,23171122,31148632,2,0,1,3584,1,7219967283
1408,7980250,4355480,12335730,5,0,0,512,10,10535787322
1409,7988460,3362824,11351284,1,0,0,3584,19,2035924380
1410,7990160,6960868,14951028,7,0,0,45568,7,4764705606
1411,7995830,5514798,13510628,7,0,0,49664,7,8303631460
1412,8010290,4214011,12224301,6,0,0,4096,2,5728605261
1413,8012160,3682210,11694370,5,0,0,4096,10,4137700052
1414,8013579,5530947,13544526,3,0,0,81408,6,8201158483
1415,8015080,4625191,12640271,1,0,0,78336,19,10489080476
1416,8016600,5317073,13333673,6,0,0,25600,2,5571347133
1417,8016790,7095318,15112108,8,0,0,55296,9,2855083646
1418,8024669,4463095,12487764,3,0,0,19456,6,2948028172
1419,8025050,5454502,13479552,5,0,0,25600,10,629570759
1420,8029900,3595408,11625308,2,0,0,6144,1,8442878831
1421,8037820,4115113,12152933,7,0,0,6144,7,1322050573
1422,8041020,5357383,13398403,1,0,0,92160,19,1431714611
1423,8051100,2411083,10462183,5,0,0,1024,10,8038149937
1424,8056131,5688368,13744499,9,0,0,102400,7,10395541744
1425,8056420,4559960,12616380,1,0,0,14336,19,9880160271
1426,8058819,3708939,11767758,3,0,0,4096,6,3055411722
1427,8060440,5809939,13870379,5,0,0,48640,10,5017365855
1428,8064531,4323000,12387531,9,0,0,8704,7,6443946618
1429,8066520,2788877,10855397,6,0,0,16896,2,2241645274
1430,8076299,2752744,10829043,3,0,0,33280,6,10582126504
1431,8084930,23077549,31162479,2,0,1,6144,1,8040737043
1432,8090081,6312926,14403007,9,0,0,6656,7,9545817492
1433,8091500,7072926,15164426,2,0,0,18944,1,3055124062
1434,8103930,5698062,13801992,2,0,0,142848,1,1438143032
1435,8110160,23054265,31164425,4,0,1,3072,6,2064306314
1436,8119790,4323868,12443658,5,0,0,1536,10,1570833590
1437,8120461,5432863,13553324,0,0,0,28160,10,7548468937
1438,8130449,7025039,15155488,3,0,0,12800,6,5121433426
1439,8136351,3023475,11159826,9,0,0,25600,7,9783492278
1440,8141320,6096403,14237723,2,0,0,19968,1,2304041814
1441,8152571,4638907,12791478,0,0,0,39936,10,4818168813
1442,8155020,23010890,31165910,4,0,1,15360,6,6143200649
1443,8159339,5845952,14005291,3,0,0,7168,6,10423166127
1444,8161631,4387180,12548811,9,0,0,57856,7,3471883383
1445,8164399,23002616,31167015,8,0,1,1536,9,9498029747
1446,8165650,2667355,10833005,8,0,0,3072,9,2794081283
1447,8166140,23001541,31167681,4,0,1,1024,6,2987843535
1448,8175010,22993951,31168961,0,0,1,14336,10,9839368107
1449,8175480,6086160,14261640,2,0,0,3072,1,6309334367
1450,8176759,6345826,14522585,3,0,0,5632,6,8802487216
1451,8185090,3033154,11218244,7,0,0,6144,7,9528615677
1452,8186450,3436963,11623413,7,0,0,16896,7,770376389
1453,8191391,5744669,13936060,9,0,0,72192,7,8470913065
1454,8197051,5826070,14023121,9,0,0,54784,7,6784470721
1455,8197880,5436392,13634272,7,0,0,22016,7,7284876214
1456,8198570,5921185,14119755,6,0,0,35840,2,7140084409
1457,8201349,22985326,31186675,8,0,1,2560,9,1540663751
1458,8209869,5546353,13756222,4,0,0,38400,6,10596709621
1459,8212910,5112940,13325850,1,0,0,8704,19,3294502442
1460,8213740,5827991,14041731,8,0,0,41984,9,5426827890
1461,8217559,4665049,12882608,3,0,0,5120,6,7118147885
1462,8221271,4915860,13137131,9,0,0,33280,7,5686949495
1463,8224530,22998335,31222865,2,0,1,2560,1,10525703661
1464,8226200,22996688,31222888,0,0,1,1536,10,10301695267
1465,8227710,23035718,31263428,9,0,1,3584,7,9592167636
1466,8234790,4951782,13186572,7,0,0,57856,7,1290149380
1467,8235200,5051870,13287070,7,0,0,100352,7,5591276579
1468,8237500,2612726,10850226,6,0,0,8192,2,679350598
1469,8250580,4841272,13091852,8,0,0,30208,9,2592898182
1470,8255870,2659678,10915548,7,0,0,1024,7,3230351351
1471,8256520,5657521,13914041,7,0,0,31232,7,8764824406
1472,8278791,2998638,11277429,0,0,0,39936,10,8567840204
1473,8279080,5179522,13458602,6,0,0,61952,2,3057855931
1474,8279360,22987934,31267294,2,0,1,6144,1,4050500800
1475,8279691,4860427,13140118,9,0,0,9728,7,9605501945
1476,8284759,3533419,11818178,3,0,0,13312,6,627971791
1477,8288870,7139347,15428217,2,0,0,44544,1,8160374094
1478,8299441,22968519,31267960,1,0,1,1024,19,10568588621
1479,8311000,6446308,14757308,8,0,0,14848,9,1230551985
1480,8325450,22952000,31277450,6,0,1,6656,2,1338778505
1481,8326600,22987362,31313962,2,0,1,3584,1,6188363681
1482,8331769,5792088,14123857,4,0,0,2048,6,6623518435
1483,8335031,3614724,11949755,9,0,0,14336,7,6619889099
1484,8335619,23063648,31399267,8,0,1,4096,9,6480011393
1485,8339110,23060180,31399290,6,0,1,1536,2,7895956989
1486,8355861,23298755,31654616,1,0,1,29696,19,3020470252
1487,8358050,23382159,31740209,4,0,1,10752,6,350392913
1488,8362210,23378022,31740232,5,0,1,3584,10,7034405673
1489,8365069,23375186,31740255,8,0,1,13824,9,9984333397
1490,8368470,4289974,12658444,7,0,0,31232,7,8637050884
1491,8372120,6305340,14677460,6,0,0,38912,2,9003579223
1492,8389130,7248446,15637576,8,0,0,96256,9,6041164783
1493,8403140,5720070,14123210,5,0,0,11264,10,6854926189
1494,8403920,23346271,31750191,5,0,1,5120,10,970251198
1495,8405540,7317941,15723481,2,0,0,15872,1,1625145703
1496,8407720,3210522,11618242,5,0,0,21504,10,10426737593
1497,8414031,5468227,13882258,9,0,0,38912,7,1403885811
1498,8417380,23342982,31760362,9,0,1,19456,7,3017989160
1499,8418330,5486172,13904502,6,0,0,5632,2,536697056
1500,8430941,3266039,11696980,0,0,0,1536,10,2467172328
1501,8442709,5270567,13713276,4,0,0,2560,6,9998151225
1502,8444169,3336565,11780734,4,0,0,3072,6,1495060201
1503,8447671,2852033,11299704,0,0,0,9728,10,6117373463
1504,8449350,3842038,12291388,8,0,0,31232,9,3972602172
1505,8459600,5808459,14268059,1,0,0,20992,19,3429970113
1506,8460390,23301918,31762308,0,0,1,3072,10,3161006209
1507,8466740,5343075,13809815,5,0,0,25600,10,8863159738
1508,8468379,5939121,14407500,3,0,0,6144,6,1214231539
1509,8478740,2804975,11283715,8,0,0,1536,9,9781347800
1510,8478850,5196987,13675837,2,0,0,97280,1,6423197528
1511,8480740,3484000,11964740,5,0,0,16896,10,7518044577
1512,8484650,3721642,12206292,2,0,0,50688,1,7194023720
1513,8487090,4542839,13029929,2,0,0,13312,1,6728788597
1514,8494040,7629668,16123708,1,0,0,18432,19,1244870044
1515,8500011,4111978,12611989,9,0,0,26624,7,2294016594
1516,8510911,23286307,31797218,1,0,1,8704,19,10450881131
1517,8514550,4431085,12945635,2,0,0,50176,1,9437286774
1518,8514569,7539409,16053978,3,0,0,38400,6,9589647712
1519,8516320,3648286,12164606,8,0,0,16384,9,762662586
1520,8523059,5443654,13966713,4,0,0,89600,6,3794242937
1521,8530420,7500713,16031133,7,0,0,51200,7,7902755992
1522,8536500,3229987,11766487,5,0,0,36352,10,4809160659
1523,8537401,3286595,11823996,9,0,0,512,7,3868554441
1524,8540930,2530373,11071303,8,0,0,9216,9,8777119210
1525,8543330,4810692,13354022,6,0,0,45056,2,8841141712
1526,8545610,23251967,31797577,4,0,1,9728,6,9070883808
1527,8548120,23358469,31906589,0,0,1,6144,10,2594638941
1528,8551080,23355532,31906612,5,0,1,1536,10,7561545433
1529,8551560,5748402,14299962,7,0,0,42496,7,6799340439
1530,8552181,2924271,11476452,9,0,0,9728,7,1525488123
1531,8552521,6144820,14697341,0,0,0,7680,10,2664019176
1532,8560150,2453229,11013379,8,0,0,4096,9,8638498012
1533,8568230,2467043,11035273,2,0,0,1024,1,3885971389
1534,8578250,5424834,14003084,7,0,0,119296,7,10421685939
1535,8578391,5480078,14058469,0,0,0,24576,10,8565868743
1536,8578721,3303277,11881998,0,0,0,16896,10,5379219414
1537,8580360,5426046,14006406,8,0,0,3584,9,7604072472
1538,8583219,3338379,11921598,3,0,0,7168,6,1604036340
1539,8584080,3255141,11839221,8,0,0,512,9,6318485592
1540,8599471,23307164,31906635,1,0,1,11264,19,4409386010
1541,8606550,6438930,15045480,5,0,0,3072,10,5347438063
1542,8606890,6488347,15095237,6,0,0,60416,2,6173694623
1543,8609690,6638213,15247903,7,0,0,2560,7,8681450403
1544,8609990,23321050,31931040,5,0,1,14336,10,5584847381
1545,8635740,5595876,14231616,7,0,0,51200,7,1859193043
1546,8643370,23289276,31932646,5,0,1,6656,10,5756179270
1547,8648430,7602629,16251059,6,0,0,49152,2,10202919548
1548,8654260,5968988,14623248,1,0,0,13824,19,7834811354
1549,8654370,23278299,31932669,0,0,1,6656,10,7927758077
1550,8657560,6670763,15328323,2,0,0,6144,1,1262237597
1551,8660739,3782428,12443167,3,0,0,23040,6,5598027937
1552,8662290,23270402,31932692,0,0,1,7168,10,4684818171
1553,8666210,5384748,14050958,5,0,0,30208,10,8970466433
1554,8667510,3307102,11974612,7,0,0,1536,7,8451317081
1555,8681399,4688893,13370292,3,0,0,33280,6,7361606843
1556,8697530,5692365,14389895,8,0,0,4096,9,7913835472
1557,8705790,23226949,31932739,0,0,1,1024,10,9388463916
1558,8705939,3536527,12242466,3,0,0,12800,6,2697225971
1559,8706360,7455793,16162153,2,0,0,35840,1,8914107771
1560,8707570,23275993,31983563,7,0,1,15872,7,8086749645
1561,8710691,8060498,16771189,0,0,0,44032,10,104838557
1562,8710910,5102048,13812958,6,0,0,10240,2,3154116384
1563,8712890,6895335,15608225,2,0,0,104960,1,9236863856
1564,8714140,4330006,13044146,6,0,0,25088,2,4981062598
1565,8717030,4060267,12777297,1,0,0,4096,19,5420388995
1566,8720050,4992228,13712278,1,0,0,45056,19,624666073
1567,8722590,7236462,15959052,8,0,0,45568,9,580359453
1568,8722760,2646726,11369486,1,0,0,512,19,8554768459
1569,8733930,5336129,14070059,1,0,0,36352,19,4133932315
1570,8734560,5661621,14396181,7,0,0,12800,7,6528324615
1571,8734730,5446477,14181207,2,0,0,71168,1,1305931862
1572,8743370,5454864,14198234,6,0,0,55808,2,1661276888
1573,8745390,23262666,32008056,3,0,1,7680,6,4665868804
1574,8749360,23259362,32008722,7,0,1,11264,7,34428650
1575,8752150,3981888,12734038,7,0,0,5632,7,4951910498
1576,8752329,6757390,15509719,4,0,0,3072,6,2177562796
1577,8757080,23387818,32144898,3,0,1,16896,6,8872943805
1578,8769019,6145735,14914754,3,0,0,18432,6,10445737378
1579,8772700,5543850,14316550,7,0,0,47616,7,5641085175
1580,8777580,5560677,14338257,6,0,0,71168,2,3368930764
1581,8778171,5757464,14535635,0,0,0,32256,10,6485061146
1582,8791950,23353839,32145789,7,0,1,3584,7,2843931855
1583,8793510,5993952,14787462,7,0,0,42496,7,5163431588
1584,8796499,7370357,16166856,3,0,0,15360,6,9864220566
1585,8796890,23353725,32150615,3,0,1,7680,6,8260647757
1586,8799420,23442791,32242211,9,0,1,9216,7,9602213714
1587,8800090,5017103,13817193,2,0,0,13824,1,7886686994
1588,8800170,7913716,16713886,5,0,0,5120,10,8004216728
1589,8808761,8032100,16840861,9,0,0,1024,7,5889913271
1590,8809169,5943592,14752761,4,0,0,23552,6,9056623853
1591,8815630,23436506,32252136,6,0,1,5120,2,10048649211
1592,8818170,8058337,16876507,2,0,0,25600,1,7372508253
1593,8819860,5740327,14560187,7,0,0,18944,7,5168568743
1594,8824440,3586389,12410829,6,0,0,16896,2,10370429949
1595,8831181,4237205,13068386,9,0,0,18944,7,5316797389
1596,8833091,3525488,12358579,0,0,0,14336,10,8128260580
1597,8837649,23499729,32337378,8,0,1,11264,9,3258367139
1598,8837900,23499501,32337401,0,0,1,6656,10,5131967118
1599,8841380,6449579,15290959,1,0,0,78336,19,10110312623
1600,8843960,5500427,14344387,6,0,0,6656,2,282726756
1601,8852860,23484564,32337424,4,0,1,2048,6,1507703123
1602,8864000,23520498,32384498,6,0,1,27136,2,10063815556
1603,8865830,7769906,16635736,1,0,0,133120,19,5632791163
1604,8867830,23571789,32439619,7,0,1,22528,7,6602720226
1605,8872219,5773547,14645766,4,0,0,16896,6,1963779497
1606,8877441,8242252,17119693,0,0,0,61952,10,3008135228
1607,8880970,23637378,32518348,4,0,1,1536,6,5124483845
1608,8885031,23667468,32552499,1,0,1,26624,19,7796527796
1609,8892321,5455521,14347842,9,0,0,11264,7,8843480647
1610,8896729,6412519,15309248,4,0,0,39424,6,5623750342
1611,8899061,5003702,13902763,9,0,0,27136,7,8423693824
1612,8901169,23671054,32572223,8,0,1,5632,9,10514566711
1613,8910701,6479577,15390278,9,0,0,53760,7,1263099726
1614,8911259,7904609,16815868,4,0,0,11264,6,7311752275
1615,8914351,4391173,13305524,0,0,0,49664,10,6871302578
1616,8915991,23656255,32572246,1,0,1,512,19,10135453487
1617,8919180,3741939,12661119,7,0,0,8704,7,5651135033
1618,8920110,8318254,17238364,1,0,0,20992,19,4686187388
1619,8922040,5573470,14495510,1,0,0,65536,19,5346593865
1620,8929201,5833902,14763103,9,0,0,18944,7,7345907062
1621,8929840,23643308,32573148,9,0,1,5120,7,50078292
1622,8931029,23660531,32591560,8,0,1,24064,9,7510609678
1623,8932651,3574860,12507511,9,0,0,16384,7,8794525417
1624,8936341,3735900,12672241,9,0,0,13312,7,2371636170
1625,8937139,5757839,14694978,3,0,0,31232,6,6269504863
1626,8942660,5722921,14665581,2,0,0,32256,1,6477261151
1627,8953150,5835427,14788577,7,0,0,3584,7,10565087637
1628,8955900,8014118,16970018,7,0,0,67584,7,5416636209
1629,8960730,6724815,15685545,5,0,0,78848,10,4520733000
1630,8977040,8455781,17432821,2,0,0,16896,1,7983347838
1631,8977419,5884630,14862049,3,0,0,34304,6,1457682188
1632,8977820,23621662,32599482,5,0,1,5632,10,1074772910
1633,8978661,3991183,12969844,0,0,0,7680,10,9099940456
1634,8992740,5963459,14956199,7,0,0,16896,7,2624269700
1635,8994970,5103609,14098579,6,0,0,4608,2,3641648647
1636,8996230,4853355,13849585,7,0,0,17408,7,2822323659
1637,9000280,6245308,15245588,8,0,0,37376,9,3501203929
1638,9003470,23703722,32707192,2,0,1,22528,1,80793728
1639,9009799,5675640,14685439,3,0,0,26112,6,1135266933
1640,9016880,5226794,14243674,1,0,0,19456,19,9926857482
1641,9017859,6102704,15120563,4,0,0,27648,6,5576919668
1642,9018051,3787188,12805239,0,0,0,25088,10,292561661
1643,9018739,5846297,14865036,3,0,0,9728,6,6743234652
1644,9030980,4727449,13758429,8,0,0,7168,9,5636011511
1645,9034389,5241337,14275726,3,0,0,25088,6,8196870136
1646,9035769,3894555,12930324,4,0,0,2560,6,1678661956
1647,9045340,7882560,16927900,1,0,0,105984,19,4446783807
1648,9046440,3968944,13015384,5,0,0,20992,10,10064457794
1649,9070080,5450766,14520846,1,0,0,31744,19,9601900454
1650,9071530,23637288,32708818,9,0,1,2560,7,6995013627
1651,9073900,23642022,32715922,9,0,1,6656,7,1467467295
1652,9074970,3872248,12947218,5,0,0,5120,10,1211244232
1653,9077459,23645854,32723313,8,0,1,5632,9,4116908093
1654,9081760,3586402,12668162,1,0,0,23040,19,9870527964
1655,9082159,6455552,15537711,3,0,0,7680,6,911451105
1656,9087960,3665080,12753040,7,0,0,4096,7,383908966
1657,9099100,7985162,17084262,5,0,0,66048,10,8347860278
1658,9102950,23622202,32725152,4,0,1,8704,6,8146948436
1659,9105439,6644319,15749758,4,0,0,62464,6,7335255755
1660,9131540,6121562,15253102,5,0,0,7680,10,3106205576
1661,9134410,4425676,13560086,7,0,0,11264,7,4474352070
1662,9142920,6076873,15219793,1,0,0,30720,19,7093606262
1663,9146360,6353329,15499689,2,0,0,50688,1,4257348669
1664,9149040,7217710,16366750,5,0,0,22528,10,818041807
1665,9153860,5619357,14773217,7,0,0,9216,7,4661194898
1666,9154110,3996015,13150125,8,0,0,32768,9,1978383023
1667,9157760,23567738,32725498,3,0,1,512,6,2220641032
1668,9168190,4967901,14136091,1,0,0,11776,19,6499637253
1669,9168341,4860575,14028916,0,0,0,18944,10,6220755134
1670,9169000,3833120,13002120,6,0,0,512,2,6388453865
1671,9175119,4707630,13882749,3,0,0,1536,6,2571228266
1672,9184650,23852365,33037015,5,0,1,30208,10,4353407615
1673,9195100,3295196,12490296,5,0,0,2560,10,5627955501
1674,9197049,5008571,14205620,4,0,0,20480,6,4275057290
1675,9197979,6194662,15392641,4,0,0,7680,6,8646346964
1676,9203890,23858489,33062379,0,0,1,6144,10,9629569403
1677,9218620,6095853,15314473,7,0,0,5632,7,2151977088
1678,9219169,5776798,14995967,4,0,0,8192,6,2514478194
1679,9219550,6481774,15701324,6,0,0,51712,2,6242372908
1680,9247281,6318755,15566036,9,0,0,17920,7,10375855532
1681,9253390,6537806,15791196,2,0,0,27648,1,280625365
1682,9262941,8368496,17631437,0,0,0,3072,10,3526359674
1683,9264539,5609967,14874506,4,0,0,17408,6,2275790034
1684,9283370,23785763,33069133,5,0,1,3072,10,5690619364
1685,9285070,4973562,14258632,6,0,0,17408,2,3578939079
1686,9300390,6173115,15473505,8,0,0,14848,9,1253955800
1687,9305121,23764035,33069156,1,0,1,11776,19,960116444
1688,9315629,4018223,13333852,4,0,0,512,6,396203149
1689,9324400,5183948,14508348,8,0,0,20992,9,7381095946
1690,9326720,23842529,33169249,3,0,1,6144,6,6177299418
1691,9328189,7985964,17314153,4,0,0,113152,6,4095542638
1692,9332700,6242407,15575107,2,0,0,29696,1,8266276077
1693,9338920,6604619,15943539,7,0,0,61952,7,456849544
1694,9343849,5013848,14357697,3,0,0,13824,6,8838898443
1695,9354190,4202441,13556631,6,0,0,10752,2,2386332311
1696,9359440,23815947,33175387,0,0,1,5632,10,7195096721
1697,9361670,6644301,16005971,6,0,0,63488,2,5694988395
1698,9363850,3603615,12967465,6,0,0,5632,2,3146143496
1699,9376390,23929975,33306365,3,0,1,2048,6,9678244826
1700,9389510,23918340,33307850,0,0,1,15360,10,437294715
1701,9400501,5182913,14583414,0,0,0,75776,10,1394305465
1702,9417379,5708667,15126046,3,0,0,17920,6,5968331024
1703,9424479,6293496,15717975,4,0,0,9216,6,6625449349
1704,9425190,24023227,33448417,9,0,1,17920,7,1013505658
1705,9425749,4002543,13428292,3,0,0,6656,6,8026739410
1706,9445560,24046673,33492233,4,0,1,15872,6,8436016535
1707,9449390,24067093,33516483,0,0,1,2048,10,220631569
1708,9449620,5733755,15183375,1,0,0,9216,19,2257469520
1709,9453770,4192404,13646174,7,0,0,1024,7,9003149004
1710,9455410,7680160,17135570,1,0,0,19456,19,6715785328
1711,9460110,5552765,15012875,6,0,0,28160,2,7806879924
1712,9460500,5767859,15228359,1,0,0,7168,19,7827455579
1713,9460920,24059749,33520669,9,0,1,6656,7,4072461794
1714,9468930,7030217,16499147,6,0,0,125952,2,5274247673
1715,9469649,4374609,13844258,3,0,0,23040,6,1983036431
1716,9478419,5673146,15151565,3,0,0,18432,6,6128884912
1717,9478519,5445475,14923994,4,0,0,23552,6,456664539
1718,9481800,6026960,15508760,2,0,0,29696,1,8687583957
1719,9490940,7031185,16522125,7,0,0,72192,7,2468552578
1720,9493551,5800924,15294475,9,0,0,9216,7,4178419645
1721,9502081,6300682,15802763,0,0,0,37888,10,10280751028
1722,9504810,3855319,13360129,1,0,0,19968,19,733614854
1723,9514571,6323970,15838541,9,0,0,23040,7,4373671261
1724,9526659,4410828,13937487,3,0,0,4608,6,1124097457
1725,9530759,7972730,17503489,4,0,0,21504,6,10499585142
1726,9535030,8370207,17905237,5,0,0,71680,10,534974805
1727,9542211,24039384,33581595,1,0,1,3584,19,580277041
1728,9543350,3539275,13082625,5,0,0,1024,10,5074069503
1729,9545811,6602568,16148379,9,0,0,80896,7,5545554603
1730,9552770,3737599,13290369,2,0,0,10752,1,5118985184
1731,9553679,4691110,14244789,3,0,0,3584,6,9978405416
1732,9554819,5859803,15414622,4,0,0,16896,6,861068154
1733,9555149,6797261,16352410,3,0,0,39424,6,6732246355
1734,9555800,6636016,16191816,7,0,0,20480,7,9021277390
1735,9555810,24114780,33670590,4,0,1,21504,6,6748573758
1736,9567449,5562364,15129813,4,0,0,12288,6,999271380
1737,9569961,5234058,14804019,0,0,0,5632,10,7852007431
1738,9579410,6127397,15706807,2,0,0,17920,1,9704011591
1739,9586000,7970845,17556845,6,0,0,4096,2,7510403753
1740,9587160,6186448,15773608,6,0,0,25600,2,5846915568
1741,9592930,24080566,33673496,2,0,1,4608,1,9813042253
1742,9596660,24125719,33722379,4,0,1,10752,6,1945877961
1743,9606490,6154546,15761036,7,0,0,2560,7,2930921588
1744,9609499,6730876,16340375,3,0,0,129024,6,620072967
1745,9610400,8454457,18064857,8,0,0,25088,9,5334084448
1746,9623631,24113475,33737106,1,0,1,5120,19,7056160038
1747,9626780,24169095,33795875,5,0,1,5632,10,9365005140
1748,9627271,5402689,15029960,9,0,0,12288,7,3362186950
1749,9637670,24205982,33843652,3,0,1,5120,6,5192603095
1750,9645290,5423533,15068823,8,0,0,33280,9,2610263307
1751,9650420,7588747,17239167,2,0,0,2560,1,991739242
1752,9661750,5558690,15220440,1,0,0,2048,19,2881951151
1753,9662311,6100152,15762463,0,0,0,4608,10,8932348075
1754,9666271,5599086,15265357,0,0,0,1536,10,10362161409
1755,9669960,4694445,14364405,5,0,0,20992,10,5405912249
1756,9686141,6813965,16500106,0,0,0,3072,10,9939921121
1757,9687760,4697546,14385306,2,0,0,512,1,7124317993
1758,9696121,6724811,16420932,9,0,0,14336,7,2679079040
1759,9710700,24151851,33862551,4,0,1,512,6,3108265090
1760,9713130,5814442,15527572,2,0,0,11776,1,4935909910
1761,9717241,3995224,13712465,0,0,0,512,10,2461577818
1762,9717249,6723296,16440545,3,0,0,50688,6,6722831342
1763,9719309,5654566,15373875,4,0,0,67072,6,3146104000
1764,9722431,7685467,17407898,0,0,0,69120,10,8721471727
1765,9734301,6118771,15853072,0,0,0,47616,10,10071698755
1766,9735399,5529467,15264866,4,0,0,32768,6,996345930
1767,9735430,8059187,17794617,1,0,0,78848,19,488227692
1768,9745130,6037611,15782741,8,0,0,14336,9,3210788516
1769,9748229,6919856,16668085,3,0,0,68608,6,5286838380
1770,9758231,5966677,15724908,9,0,0,4608,7,7480891334
1771,9764550,24098257,33862807,0,0,1,9216,10,2127737081
1772,9767430,24181646,33949076,4,0,1,2048,6,8256233680
1773,9767830,6010520,15778350,5,0,0,11264,10,5682133445
1774,9769589,6042245,15811834,4,0,0,29696,6,9686443027
1775,9771960,4319720,14091680,8,0,0,4096,9,8722198943
1776,9773371,8094188,17867559,0,0,0,25088,10,3668485293
1777,9784511,5666394,15450905,9,0,0,13312,7,6055081555
1778,9787660,5667036,15454696,6,0,0,6144,2,10521590625
1779,9790240,8086569,17876809,7,0,0,3584,7,201691065
1780,9792451,6128872,15921323,9,0,0,49152,7,7029106544
1781,9794521,4658209,14452730,9,0,0,16896,7,3029541160
1782,9800920,24148179,33949099,5,0,1,5120,10,3946841055
1783,9805770,6160331,15966101,7,0,0,5632,7,10373788662
1784,9819010,24143863,33962873,9,0,1,19456,7,1022588690
1785,9824210,5837288,15661498,7,0,0,76800,7,9688481270
1786,9830220,24342336,34172556,2,0,1,16384,1,3575623736
1787,9832570,24349996,34182566,9,0,1,14848,7,4149232573
1788,9841591,4013945,13855536,9,0,0,19456,7,7007201503
1789,9848700,5882003,15730703,5,0,0,18944,10,2029800276
1790,9853269,4648660,14501929,3,0,0,20992,6,8760167159
1791,9853420,24368986,34222406,0,0,1,512,10,7535438739
1792,9856511,24367521,34224032,1,0,1,2560,19,2414105353
1793,9857620,5352790,15210410,5,0,0,64000,10,2776597211
1794,9865810,6105854,15971664,5,0,0,16384,10,7103583089
1795,9872540,6884675,16757215,8,0,0,9728,9,5840290299
1796,9873789,4514835,14388624,4,0,0,9728,6,1406757609
1797,9885330,4916950,14802280,7,0,0,35328,7,8734544395
1798,9895611,24445504,34341115,1,0,1,8704,19,5006051850
1799,9906760,24599355,34506115,0,0,1,512,10,5675891883
1800,9913041,4792892,14705933,0,0,0,7168,10,3664242603
1801,9914050,24593138,34507188,4,0,1,3072,6,8198494467
1802,9927009,24582445,34509454,8,0,1,3584,9,2539600429
1803,9927790,6184016,16111806,5,0,0,21504,10,2054554995
1804,9927970,8105300,18033270,7,0,0,12288,7,2009919637
1805,9930310,24637393,34567703,7,0,1,7680,7,10128174408
1806,9947530,24620196,34567726,9,0,1,5632,7,9604952150
1807,9947910,24619839,34567749,2,0,1,4096,1,7649238079
1808,9951320,6740657,16691977,6,0,0,1536,2,9291696354
1809,9954311,24671856,34626167,1,0,1,17920,19,1905060023
1810,9955210,5203421,15158631,6,0,0,10240,2,8517222526
1811,9962500,24709602,34672102,5,0,1,2048,10,1919255299
1812,9965960,8160623,18126583,5,0,0,512,10,7253904045
1813,9973199,24698926,34672125,8,0,1,5632,9,3122655982
1814,9973251,24740658,34713909,1,0,1,3072,19,10269691463
1815,9973410,24741370,34714780,7,0,1,12288,7,255734400
1816,9973501,6042009,16015510,0,0,0,31232,10,3127585686
1817,9974170,8275847,18250017,8,0,0,111616,9,1578853744
1818,9974571,6882892,16857463,9,0,0,31232,7,3980451298
1819,9978280,5040101,15018381,5,0,0,10240,10,3080273851
1820,9982101,5783193,15765294,9,0,0,9216,7,4029507067
1821,9988520,5726624,15715144,8,0,0,17408,9,592779055
1822,9989230,7211560,17200790,8,0,0,6656,9,4296496499
1823,9995700,6398552,16394252,1,0,0,76800,19,8453067277
1824,9995860,8407575,18403435,1,0,0,6656,19,8381333397
1825,10006009,8252923,18258932,3,0,0,29184,6,7088473757
1826,10008250,7337789,17346039,8,0,0,26112,9,2160318552
1827,10016280,7722658,17738938,1,0,0,46080,19,7738540078
1828,10023330,8505486,18528816,8,0,0,14848,9,6742165140
1829,10032910,24682856,34715766,9,0,1,1536,7,1077959236
1830,10034029,8840955,18874984,4,0,0,11264,6,8989071745
1831,10036140,5369004,15405144,2,0,0,40960,1,6241835214
1832,10039441,7539157,17578598,0,0,0,32256,10,6122692653
1833,10042029,5270674,15312703,4,0,0,11264,6,9602752031
1834,10042430,5208309,15250739,8,0,0,8192,9,9132109355
1835,10044271,5990325,16034596,0,0,0,11264,10,7534631869
1836,10046189,5824127,15870316,3,0,0,4608,6,5622943848
1837,10047721,6748002,16795723,9,0,0,27648,7,7505574221
1838,10058840,5900391,15959231,1,0,0,512,19,10461276025
1839,10072501,5914103,15986604,0,0,0,25088,10,5725662773
1840,10072750,24669445,34742195,2,0,1,8192,1,7138646714
1841,10075340,24671361,34746701,5,0,1,7168,10,7079824038
1842,10086659,6186442,16273101,3,0,0,48640,6,9803698292
1843,10097780,9139440,19237220,2,0,0,53760,1,4535501591
1844,10101210,24717399,34818609,4,0,1,7168,6,3039963585
1845,10103280,4096077,14199357,5,0,0,3584,10,9653798997
1846,10123000,6813682,16936682,6,0,0,4096,2,1293678231
1847,10133870,5389444,15523314,7,0,0,44544,7,2678443813
1848,10135341,6287509,16422850,0,0,0,5120,10,10494247321
1849,10142890,24838760,34981650,4,0,1,25600,6,9895685114
1850,10145070,5431152,15576222,8,0,0,3584,9,6739132631
1851,10146570,4839807,14986377,2,0,0,15872,1,9032276462
1852,10149170,24835640,34984810,4,0,1,14336,6,10412980283
1853,10149200,24869302,35018502,6,0,1,4096,2,9230716024
1854,10158841,6964931,17123772,0,0,0,13312,10,1168024532
1855,10169880,6873002,17042882,2,0,0,48640,1,9522181728
1856,10171881,5893892,16065773,9,0,0,23040,7,5192519594
1857,10175360,24851934,35027294,9,0,1,7168,7,5816720852
1858,10184980,6843059,17028039,6,0,0,33280,2,683933910
1859,10192050,24963409,35155459,2,0,1,19968,1,9524827164
1860,10197640,4268554,14466194,5,0,0,5632,10,9169174562
1861,10213480,8084978,18298458,5,0,0,78848,10,9318234983
1862,10215390,7269117,17484507,8,0,0,4096,9,4107681130
1863,10220510,5965043,16185553,6,0,0,7168,2,3297030859
1864,10221340,24934785,35156125,4,0,1,11264,6,8607451746
1865,10222070,25013446,35235516,2,0,1,8704,1,3668538921
1866,10222400,6418374,16640774,2,0,0,15872,1,1541746844
1867,10223140,25012399,35235539,5,0,1,1024,10,1636712463
1868,10225910,8075223,18301133,8,0,0,8704,9,4739977055
1869,10232279,6486870,16719149,3,0,0,3072,6,7951251360
1870,10232969,5175162,15408131,3,0,0,9728,6,2317125126
1871,10235380,5989737,16225117,2,0,0,4096,1,6114980802
1872,10246630,24988932,35235562,4,0,1,8704,6,726233382
1873,10259320,5264641,15523961,6,0,0,2048,2,4034013372
1874,10260571,24977984,35238555,1,0,1,3072,19,4750070923
1875,10262540,5059863,15322403,6,0,0,1024,2,1710252618
1876,10268550,6734927,17003477,5,0,0,11264,10,4049269187
1877,10268810,5449812,15718622,8,0,0,2048,9,4993882278
1878,10269311,8209985,18479296,0,0,0,28160,10,2287679076
1879,10271260,5552929,15824189,1,0,0,40448,19,8978435710
1880,10278290,4573284,14851574,6,0,0,7680,2,4290741455
1881,10297110,6060494,16357604,7,0,0,13824,7,5720245855
1882,10299920,4773762,15073682,6,0,0,15872,2,108940770
1883,10313980,6081387,16395367,6,0,0,3584,2,10184359148
1884,10318690,5905156,16223846,1,0,0,53248,19,5054526568
1885,10318799,24965396,35284195,8,0,1,2560,9,2747598755
1886,10319580,6767340,17086920,6,0,0,512,2,4267167187
1887,10325420,24958798,35284218,4,0,1,6144,6,473302783
1888,10328250,5309825,15638075,5,0,0,1536,10,458988073
1889,10328910,24963786,35292696,0,0,1,4608,10,1574564044
1890,10330530,6807403,17137933,2,0,0,7680,1,5957730019
1891,10332941,4901236,15234177,0,0,0,10240,10,4162909183
1892,10333600,25050654,35384254,6,0,1,7680,2,8534459216
1893,10335850,6896095,17231945,7,0,0,27648,7,9016527821
1894,10341391,6079876,16421267,0,0,0,1024,10,9307487350
1895,10345310,25038967,35384277,9,0,1,17920,7,3547787599
1896,10345881,5837465,16183346,0,0,0,31232,10,2431630912
1897,10357700,6333786,16691486,1,0,0,57856,19,6882984684
1898,10371940,4643298,15015238,1,0,0,7680,19,5372368911
1899,10377720,5382513,15760233,1,0,0,34304,19,1729855979
1900,10379079,8247407,18626486,3,0,0,28160,6,6508763752
1901,10381780,25002528,35384308,7,0,1,1536,7,5942866255
1902,10381850,25002481,35384331,4,0,1,15872,6,6815712292
1903,10382121,6029405,16411526,0,0,0,1536,10,3100088182
1904,10398690,24985664,35384354,4,0,1,3072,6,4657013480
1905,10404290,6531121,16935411,1,0,0,24576,19,10474014064
1906,10404610,6866060,17270670,2,0,0,2560,1,871575516
1907,10407430,6176179,16583609,6,0,0,22528,2,7194520581
1908,10409750,8957447,19367197,5,0,0,10240,10,9106426265
1909,10410060,7526914,17936974,5,0,0,48128,10,9187327770
1910,10411801,24972576,35384377,1,0,1,10752,19,9474825541
1911,10414620,8119954,18534574,1,0,0,16896,19,3622278732
1912,10421780,7027756,17449536,2,0,0,54784,1,5601174429
1913,10423470,24986669,35410139,4,0,1,11776,6,6296953357
1914,10423899,5655962,16079861,3,0,0,26112,6,8625652238
1915,10426170,5348725,15774895,5,0,0,4096,10,9995658002
1916,10428320,5829938,16258258,6,0,0,23552,2,2243662103
1917,10435110,5649610,16084720,7,0,0,15872,7,10133285806
1918,10446130,5907239,16353369,5,0,0,3072,10,2549350679
1919,10450301,6932567,17382868,0,0,0,12288,10,1770545396
1920,10453860,7678206,18132066,8,0,0,17920,9,3997953350
1921,10454000,7551986,18005986,7,0,0,17920,7,4651960693
1922,10470320,25016553,35486873,2,0,1,11264,1,5135951301
1923,10481140,4996165,15477305,2,0,0,9216,1,6535266111
1924,10492559,4985549,15478108,3,0,0,2560,6,4140438512
1925,10493629,5966628,16460257,4,0,0,13824,6,8470013951
1926,10494060,6772393,17266453,5,0,0,1536,10,1185900518
1927,10502711,4925849,15428560,9,0,0,1024,7,7022514090
1928,10504760,7681755,18186515,2,0,0,65024,1,8867976443
1929,10509741,7404411,17914152,0,0,0,29184,10,893127928
1930,10510769,6201534,16712303,4,0,0,13824,6,2402057088
1931,10517639,8017582,18535221,3,0,0,2048,6,2835375270
1932,10522149,24979020,35501169,8,0,1,3584,9,10344390111
1933,10527079,8224931,18752010,4,0,0,12288,6,10730265762
1934,10528209,5997059,16525268,3,0,0,10240,6,473777748
1935,10531599,6415090,16946689,4,0,0,32768,6,10091892540
1936,10537869,8127517,18665386,4,0,0,9728,6,3889653915
1937,10538510,8345256,18883766,8,0,0,512,9,2335401134
1938,10543870,5607340,16151210,7,0,0,9216,7,10009111537
1939,10547740,6831353,17379093,1,0,0,3584,19,2544010433
1940,10551330,5566739,16118069,8,0,0,20480,9,10546848795
1941,10551881,5542536,16094417,0,0,0,18432,10,1238726165
1942,10568120,24933072,35501192,9,0,1,12288,7,1318618116
1943,10572390,25050912,35623302,9,0,1,3072,7,10234186710
1944,10575480,6001242,16576722,8,0,0,4096,9,9562094006
1945,10576250,7770451,18346701,8,0,0,12800,9,40823009
1946,10584920,5124897,15709817,2,0,0,9728,1,1549760232
1947,10594159,5284184,15878343,3,0,0,14336,6,5764058327
1948,10595460,8822924,19418384,2,0,0,20992,1,9022429532
1949,10597661,5932162,16529823,0,0,0,14848,10,10622769488
1950,10604159,5696858,16301017,4,0,0,37888,6,4671835108
1951,10612360,6805568,17417928,2,0,0,512,1,8402630604
1952,10613750,8132114,18745864,8,0,0,48128,9,10194496095
1953,10622630,5143155,15765785,2,0,0,1536,1,377604352
1954,10627189,6080879,16708068,4,0,0,52736,6,3925224133
1955,10638011,25032769,35670780,1,0,1,1536,19,6594437732
1956,10640440,8248029,18888469,6,0,0,15360,2,245575556
1957,10644360,5726469,16370829,7,0,0,13312,7,7113577728
1958,10646610,5769931,16416541,5,0,0,16384,10,3587701746
1959,10654440,6679541,17333981,7,0,0,32256,7,3938841480
1960,10661500,8882688,19544188,9,0,0,72704,7,10082538094
1961,10672570,25000476,35673046,5,0,1,3584,10,1949541311
1962,10672980,25084032,35757012,4,0,1,5120,6,510724853
1963,10681851,7804940,18486791,0,0,0,9216,10,1996271865
1964,10690860,5884591,16575451,9,0,0,37888,7,1729156100
1965,10691310,25068608,35759918,9,0,1,4608,7,1935300192
1966,10699989,8423380,19123369,3,0,0,35328,6,1289954190
1967,10700710,25064034,35764744,6,0,1,7680,2,6549608698
1968,10702839,5533221,16236060,3,0,0,35840,6,3621802510
1969,10711991,6237396,16949387,9,0,0,8704,7,8586661277
1970,10716341,7484235,18200576,0,0,0,23040,10,2594494523
1971,10722080,5682982,16405062,8,0,0,31744,9,1805804617
1972,10727010,6168575,16895585,9,0,0,52224,7,7824758011
1973,10727421,6098519,16825940,9,0,0,23040,7,2529382955
1974,10729009,5130371,15859380,4,0,0,1536,6,1455252281
1975,10729109,9120359,19849468,4,0,0,8704,6,5977048967
1976,10736750,5723998,16460748,2,0,0,1536,1,7486637003
1977,10737530,8250925,18988455,2,0,0,17920,1,10405251221
1978,10740160,7906207,18646367,7,0,0,65024,7,5270147776
1979,10742770,25167460,35910230,3,0,1,6656,6,10660225196
1980,10746490,25163763,35910253,7,0,1,8704,7,6055590548
1981,10750880,6879070,17629950,6,0,0,7680,2,6335217346
1982,10758410,6086018,16844428,6,0,0,9216,2,1312313955
1983,10759521,6613107,17372628,0,0,0,4096,10,9044253673
1984,10762830,25168234,35931064,3,0,1,8192,6,2724322008
1985,10765280,5272147,16037427,8,0,0,9216,9,604946217
1986,10765780,6717456,17483236,5,0,0,33280,10,4080045196
1987,10769120,9644132,20413252,8,0,0,3072,9,347824538
1988,10773450,5967498,16740948,1,0,0,14336,19,7247893344
1989,10780460,6674091,17454551,1,0,0,16384,19,1025397740
1990,10780480,5275861,16056341,2,0,0,7680,1,9107756301
1991,10804330,6555928,17360258,8,0,0,46592,9,9646195243
1992,10808430,6708675,17517105,2,0,0,32256,1,10682018013
1993,10813029,8812523,19625552,4,0,0,122368,6,1535074194
1994,10816380,9753222,20569602,5,0,0,39936,10,1528741213
1995,10816801,7282592,18099393,9,0,0,43008,7,8273740337
1996,10818449,25200676,36019125,8,0,1,17920,9,7525532994
1997,10818670,25206651,36025321,4,0,1,11776,6,3033964088
1998,10821530,9639190,20460720,1,0,0,6144,19,9753097621
1999,10825380,7848375,18673755,7,0,0,12288,7,546690285
2000,10837770,25188217,36025987,2,0,1,1024,1,6876854381
2001,10840801,8607642,19448443,9,0,0,25088,7,6610991745
2002,10841649,8125334,18966983,4,0,0,53248,6,2964522394
2003,10856960,7528622,18385582,7,0,0,22016,7,10014127168
2004,10866380,5542449,16408829,2,0,0,12288,1,1588885299
2005,10870579,8119973,18990552,3,0,0,512,6,7972278238
2006,10875920,7949622,18825542,1,0,0,88576,19,508491924
2007,10880270,8116701,18996971,2,0,0,20992,1,9387156401
2008,10880620,5399368,16279988,6,0,0,22528,2,5980183806
2009,10882820,25195101,36077921,0,0,1,8192,10,7144834929
2010,10889500,6195721,17085221,5,0,0,3072,10,8222149510
2011,10900531,5979119,16879650,0,0,0,10240,10,10180540770
2012,10903400,6810473,17713873,7,0,0,43520,7,1952738901
2013,10909489,25208615,36118104,8,0,1,22016,9,6678758054
2014,10923629,25243084,36166713,8,0,1,512,9,5306741932
2015,10929260,6662553,17591813,8,0,0,4096,9,784921489
2016,10931640,7908433,18840073,8,0,0,47616,9,8518704916
2017,10934790,7977343,18912133,1,0,0,17408,19,10054744181
2018,10940510,6478689,17419199,2,0,0,4096,1,852788855
2019,10942370,25224366,36166736,9,0,1,3072,7,1760218500
2020,10950581,25216178,36166759,1,0,1,5632,19,3027588383
2021,10981290,25191599,36172889,2,0,1,2560,1,3175020638
2022,10987370,7005791,17993161,1,0,0,5120,19,1373340305
2023,10997460,5775780,16773240,5,0,0,6656,10,1055237691
2024,10998411,6186154,17184565,0,0,0,19968,10,2588407310
2025,11013210,25159710,36172920,7,0,1,11264,7,6120543719
2026,11014580,8086658,19101238,1,0,0,27136,19,2649019979
2027,11015740,5720817,16736557,1,0,0,26112,19,7461852648
2028,11019690,5821837,16841527,7,0,0,1536,7,6191346566
2029,11023420,6782061,17805481,5,0,0,30720,10,2770235050
2030,11025610,6432716,17458326,6,0,0,12288,2,1065307133
2031,11030061,25257909,36287970,1,0,1,5632,19,10415142466
2032,11036580,6186704,17223284,2,0,0,22016,1,5359483947
2033,11043570,25245706,36289276,6,0,1,2048,2,9062194015
2034,11055241,25257474,36312715,1,0,1,15872,19,4658061881
2035,11057669,25467417,36525086,8,0,1,22528,9,5826314303
2036,11059551,6089736,17149287,0,0,0,22528,10,570245287
2037,11062459,5467707,16530166,3,0,0,1024,6,3310703956
2038,11070451,5900526,16970977,0,0,0,3072,10,6178503544
2039,11076720,6670977,17747697,2,0,0,28672,1,2615010190
2040,11085210,6565328,17650538,2,0,0,18432,1,9620184030
2041,11085480,25439862,36525342,3,0,1,9216,6,3517096863
2042,11087731,9861551,20949282,9,0,0,6144,7,7814732928
2043,11095480,8163210,19258690,6,0,0,31232,2,8185578677
2044,11100130,6218570,17318700,2,0,0,14848,1,3569504675
2045,11102989,6273562,17376551,3,0,0,12800,6,9432284178
2046,11105330,9756937,20862267,8,0,0,45056,9,6475645993
2047,11105610,7044153,18149763,2,0,0,43520,1,1257756304
2048,11115930,6311720,17427650,1,0,0,23040,19,2555518322
2049,11116800,7914939,19031739,1,0,0,11776,19,1285878652
2050,11119350,6487220,17606570,6,0,0,3072,2,2830322779
2051,11121669,10123953,21245622,4,0,0,33792,6,3669043829
2052,11134461,5402628,16537089,9,0,0,2048,7,2121910867
2053,11134510,6409162,17543672,6,0,0,59904,2,5454686816
2054,11140181,8234995,19375176,9,0,0,26112,7,7893169088
2055,11142550,7050868,18193418,2,0,0,22528,1,2159801562
2056,11143510,6227847,17371357,5,0,0,36352,10,9556319888
2057,11145079,5690111,16835190,3,0,0,29184,6,10267342840
2058,11145660,25555374,36701034,4,0,1,29696,6,1684055546
2059,11152290,6974114,18126404,7,0,0,88576,7,2006738594
2060,11156500,8470479,19626979,2,0,0,4608,1,7016668822
2061,11165279,7001401,18166680,3,0,0,52736,6,8869422042
2062,11173561,5838602,17012163,9,0,0,8704,7,10222068031
2063,11174070,6243679,17417749,7,0,0,32256,7,2631933648
2064,11183010,25550083,36733093,5,0,1,4608,10,3049411525
2065,11202350,5433565,16635915,8,0,0,512,9,9632476250
2066,11204690,8564798,19769488,6,0,0,41984,2,9554946328
2067,11216119,8441364,19657483,4,0,0,8192,6,2755347643
2068,11218159,6457687,17675846,4,0,0,69120,6,3574871353
2069,11221750,6237847,17459597,8,0,0,4096,9,7698226431
2070,11221799,6862037,18083836,3,0,0,5120,6,5359276124
2071,11222021,7694971,18916992,9,0,0,15872,7,928989052
2072,11252471,6554757,17807228,0,0,0,5632,10,5172565623
2073,11255070,8640172,19895242,2,0,0,25088,1,4925816643
2074,11255280,5610710,16865990,6,0,0,7168,2,2875564331
2075,11265829,6289745,17555574,4,0,0,2560,6,2619736873
2076,11270399,8635121,19905520,3,0,0,16896,6,958228396
2077,11272630,25540779,36813409,4,0,1,17408,6,2152923343
2078,11273070,25658041,36931111,6,0,1,35328,2,7422673118
2079,11273900,25659477,36933377,9,0,1,3584,7,6858830893
2080,11275591,6197482,17473073,9,0,0,15360,7,374177302
2081,11277851,25656512,36934363,1,0,1,1536,19,5211355282
2082,11279331,7933375,19212706,9,0,0,15872,7,10273248343
2083,11289601,6272970,17562571,9,0,0,2560,7,9477324981
2084,11291220,25777247,37068467,9,0,1,512,7,855315035
2085,11294241,25861585,37155826,1,0,1,11264,19,2990035218
2086,11313400,5842037,17155437,6,0,0,6656,2,9075049955
2087,11325639,5500636,16826275,3,0,0,1024,6,7078016542
2088,11325790,5816610,17142400,1,0,0,1536,19,4838383177
2089,11331390,8032664,19364054,2,0,0,52224,1,2529911816
2090,11335080,8211159,19546239,1,0,0,6656,19,3069943288
2091,11337910,5982685,17320595,1,0,0,6144,19,10324991547
2092,11340370,6214401,17554771,8,0,0,36352,9,9435727123
2093,11342260,25883699,37225959,5,0,1,4608,10,3353714044
2094,11352390,6143577,17495967,5,0,0,11776,10,638111736
2095,11352531,6025447,17377978,0,0,0,4608,10,4915735329
2096,11355400,25870582,37225982,4,0,1,1024,6,6489162464
2097,11356349,6952919,18309268,4,0,0,26624,6,5208082507
2098,11357250,8317060,19674310,6,0,0,28160,2,6126244426
2099,11358101,25869799,37227900,1,0,1,4096,19,2847301632
2100,11371380,6318529,17689909,7,0,0,46080,7,7529359364
2101,11383200,6767389,18150589,1,0,0,2560,19,8591820215
2102,11395860,25882686,37278546,5,0,1,8704,10,2632280631
2103,11397361,26100861,37498222,1,0,1,9216,19,1703811317
2104,11414730,6282557,17697287,6,0,0,12800,2,8752703216
2105,11419380,6980733,18400113,6,0,0,47616,2,7450381010
2106,11422521,6634669,18057190,0,0,0,29696,10,448868449
2107,11422621,6499666,17922287,0,0,0,26624,10,5947932159
2108,11426600,26071645,37498245,0,0,1,1536,10,5095203197
2109,11437809,6022279,17460088,3,0,0,1536,6,7041173723
2110,11438189,8209162,19647351,3,0,0,1024,6,2823305724
2111,11442100,10165102,21607202,7,0,0,5120,7,834380177
2112,11442490,6025880,17468370,5,0,0,18432,10,4272696887
2113,11452180,26046088,37498268,0,0,1,7168,10,4795310834
2114,11458220,5879840,17338060,8,0,0,13312,9,9530130907
2115,11458420,8786010,20244430,2,0,0,7168,1,1875302744
2116,11462609,8339797,19802406,4,0,0,20480,6,5473009996
2117,11469850,7148033,18617883,2,0,0,100864,1,3292537653
2118,11472330,26025961,37498291,4,0,1,512,6,1301494564
2119,11475971,6660174,18136145,9,0,0,13312,7,10108952954
2120,11485520,26012794,37498314,9,0,1,512,7,1394802351
2121,11492850,6200514,17693364,7,0,0,11264,7,6491500810
2122,11499430,6879421,18378851,5,0,0,98816,10,7462862142
2123,11502309,6993883,18496192,4,0,0,28160,6,8661975667
2124,11504470,26227257,37731727,6,0,1,16384,2,9429068417
2125,11521660,26306114,37827774,5,0,1,3584,10,455877218
2126,11532720,26500550,38033270,6,0,1,17408,2,6534180956
2127,11534380,6985795,18520175,7,0,0,24576,7,5046076449
2128,11538409,26494884,38033293,8,0,1,2048,9,10555518380
2129,11542830,26490486,38033316,2,0,1,12800,1,10280903062
2130,11558449,7230543,18788992,4,0,0,54272,6,8176683596
2131,11560780,7467348,19028128,7,0,0,35328,7,9094935121
2132,11575660,6893373,18469033,7,0,0,19968,7,9387951041
2133,11579211,7003526,18582737,9,0,0,27136,7,9459870198
2134,11583080,26476167,38059247,3,0,1,8192,6,4549769188
2135,11586640,7320158,18906798,8,0,0,8704,9,7347255632
2136,11588459,8449079,20037538,4,0,0,25600,6,7654345346
2137,11588710,26641545,38230255,6,0,1,6144,2,7212448664
2138,11597770,6172800,17770570,7,0,0,44032,7,1894297886
2139,11601119,8582897,20184016,4,0,0,71680,6,788744081
2140,11606020,6243405,17849425,5,0,0,2560,10,1645719750
2141,11610250,26655676,38265926,2,0,1,1024,1,8058079529
2142,11627291,8741074,20368365,0,0,0,49664,10,703448898
2143,11630401,26635548,38265949,1,0,1,512,19,1892111080
2144,11655610,8178096,19833706,2,0,0,36864,1,10052769225
2145,11663221,6212473,17875694,0,0,0,26624,10,6447057928
2146,11672560,10013685,21686245,7,0,0,3584,7,5605910401
2147,11673650,6886252,18559902,8,0,0,2560,9,10203600067
2148,11674731,6971994,18646725,0,0,0,1024,10,3166190801
2149,11681409,7656391,19337800,3,0,0,56320,6,1731912295
2150,11685310,6131301,17816611,8,0,0,17408,9,1922486966
2151,11703130,6966858,18669988,7,0,0,5120,7,1179389960
2152,11707120,7459262,19166382,2,0,0,59392,1,8558009864
2153,11708520,6087547,17796067,1,0,0,2560,19,7896342598
2154,11709170,6506816,18215986,5,0,0,9216,10,9348064349
2155,11711580,7019597,18731177,7,0,0,1536,7,4806388792
2156,11713779,6081485,17795264,4,0,0,2048,6,3946922052
2157,11715931,8204026,19919957,9,0,0,35328,7,2390625782
2158,11739620,26526352,38265972,6,0,1,5632,2,7854650062
2159,11742850,26523145,38265995,4,0,1,2048,6,10045278883
2160,11742990,6806017,18549007,5,0,0,14336,10,10019453178
2161,11748339,6976708,18725047,3,0,0,35328,6,3518263495
2162,11748730,6673308,18422038,7,0,0,43008,7,1804001352
2163,11749230,26516788,38266018,3,0,1,6144,6,8964646982
2164,11759090,8750893,20509983,6,0,0,82944,2,5549575407
2165,11759760,8678708,20438468,8,0,0,37376,9,3723522205
2166,11761370,26504671,38266041,7,0,1,2560,7,7917410396
2167,11767370,26530091,38297461,9,0,1,3072,7,6006981876
2168,11770830,6441507,18212337,5,0,0,20480,10,3023870935
2169,11773470,8579740,20353210,6,0,0,112128,2,1520800407
2170,11781700,7681011,19462711,8,0,0,11776,9,10394753888
2171,11783480,8168066,19951546,5,0,0,43520,10,3005504339
2172,11784669,7150935,18935604,4,0,0,22528,6,7371490030
2173,11785710,8640536,20426246,1,0,0,34816,19,9827114361
2174,11790500,8283329,20073829,6,0,0,512,2,10342804967
2175,11791290,7066925,18858215,2,0,0,50176,1,9254481357
2176,11796110,8205282,20001392,6,0,0,33280,2,6751870954
2177,11807830,26502001,38309831,9,0,1,18944,7,4300689451
2178,11808201,8776753,20584954,9,0,0,23552,7,7093723217
2179,11811310,6325170,18136480,7,0,0,1024,7,10236635458
2180,11812159,7473097,19285256,3,0,0,45056,6,10084774764
2181,11831760,26560310,38392070,2,0,1,4096,1,5525579528
2182,11836660,8944704,20781364,7,0,0,17920,7,134572366
2183,11851880,6352931,18204811,6,0,0,13824,2,1087457092
2184,11852859,6413116,18265975,3,0,0,23040,6,10372083714
2185,11852941,6184408,18037349,9,0,0,13312,7,10407185404
2186,11858680,6984224,18842904,2,0,0,9216,1,1910374415
2187,11859830,7201907,19061737,1,0,0,12800,19,4335190545
2188,11861481,9089401,20950882,9,0,0,5120,7,5022447465
2189,11862849,8406059,20268908,4,0,0,72192,6,4021166783
2190,11863880,8527775,20391655,2,0,0,59392,1,1394983128
2191,11866790,7116174,18982964,2,0,0,18432,1,4347707142
2192,11867230,8591587,20458817,5,0,0,4608,10,1200728295
2193,11879309,26895701,38775010,8,0,1,18432,9,3067649302
2194,11880420,7843999,19724419,5,0,0,66560,10,6648739407
2195,11883910,6619725,18503635,2,0,0,1536,1,4293662991
2196,11889420,8150637,20040057,2,0,0,8192,1,9038339691
2197,11890260,7758690,19648950,8,0,0,5120,9,2823659667
2198,11901721,7246542,19148263,0,0,0,48640,10,5689792961
2199,11916030,27204419,39120449,0,0,1,1536,10,7974212732
2200,11921391,6730221,18651612,9,0,0,3072,7,9421367264
2201,11925310,27195162,39120472,4,0,1,8704,6,6492768123
2202,11927290,6937352,18864642,7,0,0,20992,7,4654840591
2203,11934670,27282153,39216823,6,0,1,6656,2,3554465049
2204,11935131,6563268,18498399,9,0,0,7168,7,57999022
2205,11947839,7840627,19788466,3,0,0,11264,6,4763630975
2206,11948140,8739941,20688081,2,0,0,40448,1,3851542656
2207,11956221,7481147,19437368,9,0,0,7680,7,10665075595
2208,11957710,9874768,21832478,5,0,0,11264,10,7391947887
2209,11960280,6306186,18266466,6,0,0,1536,2,1265723435
2210,11966500,6937615,18904115,5,0,0,35328,10,4359948252
2211,11978400,6990478,18968878,5,0,0,6144,10,1971345973
2212,11986349,6706327,18692676,4,0,0,26112,6,1731553417
2213,11986759,8768164,20754923,3,0,0,48128,6,8991809441
2214,11990810,27242309,39233119,6,0,1,1536,2,3027370548
2215,12004130,27229655,39233785,2,0,1,1024,1,9234021267
2216,12006520,6643995,18650515,2,0,0,10240,1,10393005416
2217,12007710,6654689,18662399,7,0,0,35328,7,1533456145
2218,12015509,8094124,20109633,4,0,0,1536,6,8605501323
2219,12015940,9903028,21918968,2,0,0,6656,1,4219486076
2220,12040860,6546268,18587128,5,0,0,14336,10,8700809907
2221,12042590,6705653,18748243,6,0,0,7680,2,3916057830
2222,12049910,6503391,18553301,8,0,0,6144,9,9555752228
2223,12056360,8529241,20585601,2,0,0,2048,1,5027134204
2224,12058590,9983447,22042037,2,0,0,12800,1,1603548556
2225,12059130,7791070,19850200,2,0,0,1024,1,4521326730
2226,12070450,7136282,19206732,1,0,0,44544,19,3496366836
2227,12077061,7479988,19557049,9,0,0,9216,7,8558998462
2228,12079500,27156231,39235731,6,0,1,3072,2,7423768496
2229,12085270,27160303,39245573,0,0,1,5120,10,6241058788
2230,12085560,6613535,18699095,2,0,0,20992,1,8364474130
2231,12090460,6838257,18928717,7,0,0,8704,7,3448142779
2232,12096821,7220210,19317031,9,0,0,14336,7,2254156589
2233,12097340,6795988,18893328,7,0,0,15872,7,5407008396
2234,12107451,7531742,19639193,0,0,0,34816,10,4765207649
2235,12110370,7103032,19213402,8,0,0,2048,9,5747707514
2236,12121160,6280224,18401384,6,0,0,4096,2,2506415698
2237,12130911,6667620,18798531,9,0,0,31232,7,7225008160
2238,12140989,6836336,18977325,4,0,0,27648,6,1998606680
2239,12147529,27098067,39245596,8,0,1,1024,9,2759052311
2240,12149150,6734437,18883587,2,0,0,28160,1,2829448097
2241,12149520,7525125,19674645,6,0,0,1024,2,5872091596
2242,12161941,8757043,20918984,0,0,0,4608,10,5242457500
2243,12165130,9151110,21316240,2,0,0,36352,1,10572385817
2244,12168431,6751704,18920135,0,0,0,10240,10,8614824002
2245,12174180,7380038,19554218,1,0,0,26112,19,7107510139
2246,12176979,8611272,20788251,3,0,0,22528,6,3436970111
2247,12183170,9295060,21478230,8,0,0,5632,9,8134190449
2248,12183450,10004452,22187902,5,0,0,62976,10,4476888875
2249,12187340,7212128,19399468,7,0,0,6656,7,5443971668
2250,12203229,8631692,20834921,3,0,0,10752,6,2764498101
2251,12204019,6464386,18668405,3,0,0,9728,6,9687200199
2252,12208640,6856061,19064701,8,0,0,4096,9,6598368694
2253,12217150,27143579,39360729,2,0,1,28160,1,7812043593
2254,12217841,7025018,19242859,9,0,0,18432,7,2269395477
2255,12224540,7181165,19405705,1,0,0,16896,19,2505564976
2256,12234711,6495975,18730686,9,0,0,18432,7,2435150801
2257,12243900,7865242,20109142,2,0,0,29184,1,8539445814
2258,12245391,6626138,18871529,0,0,0,22528,10,5288421316
2259,12253669,7393347,19647016,4,0,0,25600,6,1797056022
2260,12255280,6392092,18647372,8,0,0,2048,9,7561977011
2261,12257120,27103632,39360752,2,0,1,3584,1,7442508485
2262,12262070,6904491,19166561,2,0,0,512,1,8460708344
2263,12262339,8473350,20735689,4,0,0,7168,6,5609656031
2264,12270191,6858039,19128230,0,0,0,9728,10,3156300696
2265,12270399,9623414,21893813,3,0,0,11264,6,183518565
2266,12276570,27084205,39360775,5,0,1,8704,10,3625128392
2267,12289770,27169936,39459706,4,0,1,18432,6,10433362027
2268,12293071,8615883,20908954,0,0,0,86528,10,5897387239
2269,12293309,8478173,20771482,3,0,0,54272,6,4145723781
2270,12303251,7434139,19737390,9,0,0,42496,7,9485780011
2271,12310800,6614662,18925462,8,0,0,17408,9,3951990445
2272,12315150,7074100,19389250,6,0,0,23552,2,9115854091
2273,12321999,7497592,19819591,3,0,0,46080,6,1294488017
2274,12329961,6962962,19292923,9,0,0,25088,7,8694521003
2275,12343639,6646711,18990350,4,0,0,6144,6,4885876988
2276,12346890,6697118,19044008,2,0,0,6656,1,4836131472
2277,12349769,7446374,19796143,3,0,0,24576,6,673098011
2278,12352800,7106300,19459100,2,0,0,23552,1,9443421333
2279,12361790,27209107,39570897,5,0,1,4096,10,4605071833
2280,12369390,7513606,19882996,2,0,0,17920,1,4848291980
2281,12371671,27236076,39607747,0,0,1,17920,10,1581611915
2282,12378410,27421187,39799597,2,0,1,16896,1,450812774
2283,12379220,8567355,20946575,7,0,0,7168,7,7466416819
2284,12380540,7606931,19987471,5,0,0,30208,10,3651688194
2285,12393391,7475574,19868965,9,0,0,20480,7,10617408253
2286,12407871,9691488,22099359,9,0,0,37888,7,7400514610
2287,12408040,27391580,39799620,2,0,1,4608,1,997090719
2288,12408639,8535729,20944368,4,0,0,9728,6,6420676581
2289,12410390,6854012,19264402,6,0,0,4608,2,4545645542
2290,12415609,8712214,21127823,4,0,0,121344,6,329513043
2291,12418970,27383036,39802006,9,0,1,1536,7,7256216432
2292,12421050,7167195,19588245,1,0,0,10240,19,5380713245
2293,12421961,7043425,19465386,9,0,0,8704,7,5955824432
2294,12424420,7778820,20203240,7,0,0,9216,7,5992883556
2295,12425499,9917744,22343243,4,0,0,14848,6,2603084435
2296,12432030,27370415,39802445,4,0,1,20480,6,7536649296
2297,12435030,27419853,39854883,4,0,1,4096,6,9111204846
2298,12436840,27446431,39883271,9,0,1,3072,7,10434639838
2299,12438269,7397043,19835312,3,0,0,4096,6,161874025
2300,12443259,8724596,21167855,4,0,0,35328,6,3974047889
2301,12448911,8839887,21288798,0,0,0,52736,10,5343207060
2302,12450490,27433037,39883527,0,0,1,9216,10,3446991033
2303,12476660,7175285,19651945,1,0,0,9728,19,3715144670
2304,12482650,8950780,21433430,1,0,0,128000,19,301560546
2305,12494731,27443683,39938414,1,0,1,1024,19,3762132196
2306,12496390,7088712,19585102,2,0,0,44032,1,699174329
2307,12497611,8659457,21157068,0,0,0,17920,10,1948627194
2308,12501690,7061778,19563468,7,0,0,20992,7,5124931523
2309,12501929,7810841,20312770,3,0,0,70144,6,1048659453
2310,12523030,27420761,39943791,4,0,1,19456,6,4225965670
2311,12526950,6821169,19348119,8,0,0,33792,9,9837188803
2312,12527460,8462806,20990266,1,0,0,18432,19,6065276262
2313,12532570,10023835,22556405,8,0,0,36352,9,3147562648
2314,12539740,27421785,39961525,2,0,1,12800,1,10623867292
2315,12540251,7088311,19628562,9,0,0,5120,7,4044587279
2316,12543809,9341133,21884942,4,0,0,5120,6,8635591594
2317,12553100,9425589,21978689,6,0,0,47104,2,7997128518
2318,12559790,7635833,20195623,6,0,0,20480,2,3246884633
2319,12564101,9906636,22470737,9,0,0,8704,7,7368090772
2320,12576649,7876818,20453467,3,0,0,49152,6,4971939913
2321,12580869,8866624,21447493,3,0,0,46080,6,5446388456
2322,12581280,10088091,22669371,5,0,0,41472,10,6956293166
2323,12582051,7875339,20457390,9,0,0,12800,7,1956951598
2324,12583790,8091944,20675734,1,0,0,155136,19,6624320686
2325,12585060,27376488,39961548,9,0,1,1536,7,3904042740
2326,12585140,8212852,20797992,8,0,0,15360,9,5207532637
2327,12587299,7379180,19966479,4,0,0,9728,6,1644647117
2328,12591430,6616417,19207847,5,0,0,3584,10,2633460769
2329,12596720,7802290,20399010,6,0,0,24064,2,5341740054
2330,12602331,8628187,21230518,9,0,0,8192,7,1022234231
2331,12626079,27335492,39961571,8,0,1,1024,9,2718227382
2332,12630790,8460038,21090828,8,0,0,15872,9,2449792154
2333,12638500,8882644,21521144,5,0,0,19456,10,9133215970
2334,12643040,7191001,19834041,6,0,0,1024,2,5546021883
2335,12647070,7132767,19779837,6,0,0,13312,2,10539726290
2336,12649820,7637921,20287741,7,0,0,4096,7,5639968823
2337,12649920,9768088,22418008,2,0,0,36352,1,2825618996
2338,12653670,9410940,22064610,2,0,0,13824,1,6493608581
2339,12653970,7559998,20213968,2,0,0,4096,1,10082533740
2340,12655420,9029710,21685130,2,0,0,32256,1,4933653188
2341,12664069,7456467,20120536,4,0,0,29696,6,6039383204
2342,12675061,27303723,39978784,1,0,1,10240,19,9567757004
2343,12682621,27302722,39985343,1,0,1,10752,19,3557178436
2344,12683261,27396171,40079432,1,0,1,1536,19,4008547644
2345,12687791,8105498,20793289,9,0,0,14848,7,7070905045
2346,12705491,9741503,22446994,9,0,0,22528,7,4916201277
2347,12710711,7160345,19871056,9,0,0,4608,7,5174491313
2348,12715380,27378036,40093416,9,0,1,10752,7,631545053
2349,12716131,8285489,21001620,9,0,0,20992,7,4683869387
2350,12717259,7354005,20071264,3,0,0,76288,6,3795180806
2351,12717370,9819568,22536938,2,0,0,50176,1,7649545810
2352,12718710,7991592,20710302,5,0,0,32256,10,9680559778
2353,12725041,6770517,19495558,9,0,0,12288,7,10381155599
2354,12726860,27366579,40093439,0,0,1,512,10,4832217082
2355,12746610,8085012,20831622,8,0,0,69120,9,4514623678
2356,12747431,7984780,20732211,9,0,0,36864,7,6422997697
2357,12753780,7946671,20700451,2,0,0,26112,1,3645250066
2358,12761521,8376956,21138477,0,0,0,7168,10,8994706166
2359,12762950,8085566,20848516,2,0,0,44544,1,1221027035
2360,12769140,27339437,40108577,5,0,1,17408,10,10701798889
2361,12771950,9869428,22641378,7,0,0,64512,7,10637183035
2362,12772051,7753890,20525941,9,0,0,52224,7,10644008197
2363,12775891,7651158,20427049,0,0,0,2560,10,2333949445
2364,12781671,10003410,22785081,9,0,0,41984,7,5149262215
2365,12789870,7625745,20415615,2,0,0,7680,1,7257785751
2366,12794970,7779491,20574461,1,0,0,15872,19,8340260383
2367,12803360,7608933,20412293,8,0,0,43520,9,2445494628
2368,12805781,7915175,20720956,9,0,0,26624,7,8002271742
2369,12806169,8213818,21019987,4,0,0,25088,6,8084404466
2370,12807050,7207519,20014569,2,0,0,5120,1,1420498377
2371,12807940,7967933,20775873,8,0,0,14336,9,10459221946
2372,12818731,7254896,20073627,0,0,0,7680,10,9355197605
2373,12818830,7710722,20529552,1,0,0,11776,19,4733481870
2374,12827060,9936112,22763172,8,0,0,36352,9,6069990491
2375,12827710,8637948,21465658,8,0,0,17408,9,16138093
2376,12831941,7159085,19991026,9,0,0,5632,7,10238918675
2377,12836550,27273333,40109883,9,0,1,2048,7,7981556061
2378,12846960,27265189,40112149,6,0,1,3584,2,10492753413
2379,12847150,7728114,20575264,7,0,0,2560,7,2383842194
2380,12850811,27300754,40151565,1,0,1,3072,19,8896060083
2381,12873020,7720248,20593268,2,0,0,25088,1,1170237068
2382,12877220,7835601,20712821,7,0,0,8192,7,5400358007
2383,12878180,8273405,21151585,7,0,0,39424,7,7459537608
2384,12885940,8574391,21460331,6,0,0,32256,2,2590704834
2385,12903620,10015798,22919418,7,0,0,3584,7,1607683469
2386,12905389,7787083,20692472,4,0,0,14336,6,1679469641
2387,12911590,27256852,40168442,0,0,1,13312,10,6128727391
2388,12919500,27248965,40168465,4,0,1,3072,6,9262412020
2389,12920769,9969731,22890500,3,0,0,28672,6,5494862223
2390,12933410,8555318,21488728,1,0,0,30208,19,28850912
2391,12933559,8455521,21389080,4,0,0,109056,6,3131192018
2392,12934760,8704386,21639146,2,0,0,4096,1,7887026807
2393,12938889,27264225,40203114,8,0,1,4608,9,312714473
2394,12939580,10190457,23130037,6,0,0,192512,2,537133444
2395,12940541,8786691,21727232,9,0,0,28160,7,593526964
2396,12941220,27261917,40203137,2,0,1,12288,1,10173048214
2397,12950080,7599664,20549744,7,0,0,27648,7,4016621497
2398,12954020,7912950,20866970,1,0,0,15360,19,9434365576
2399,12961060,7412476,20373536,5,0,0,16896,10,2793401783
2400,12975761,27291574,40267335,1,0,1,20992,19,1749550903
2401,12978700,7505988,20484688,2,0,0,3584,1,5091339239
2402,12980159,10237359,23217518,4,0,0,3584,6,5322565526
2403,12984490,8813869,21798359,2,0,0,36864,1,9865056790
2404,12987769,8649865,21637634,3,0,0,9216,6,6911881344
2405,12998980,27301633,40300613,6,0,1,4096,2,6541087251
2406,13008120,7933261,20941381,1,0,0,40448,19,6726683870
2407,13008821,10349620,23358441,0,0,0,20992,10,914066844
2408,13011549,10800033,23811582,3,0,0,54272,6,8181796170
2409,13015389,9777047,22792436,3,0,0,24064,6,8362657075
2410,13017800,8216173,21233973,2,0,0,11264,1,6334130938
2411,13021920,8520091,21542011,2,0,0,11776,1,9375957969
2412,13027240,10684944,23712184,7,0,0,95744,7,8506283345
2413,13027459,9016391,22043850,4,0,0,1024,6,7540575730
2414,13029650,8549367,21579017,8,0,0,9216,9,4723624042
2415,13031790,9359918,22391708,2,0,0,99840,1,7924725052
2416,13034819,7570747,20605566,4,0,0,11776,6,2454360965
2417,13036291,9193667,22229958,9,0,0,56320,7,281768578
2418,13049370,8988744,22038114,7,0,0,62976,7,4324377516
2419,13085200,8795172,21880372,2,0,0,13312,1,2748296653
2420,13089431,7378134,20467565,9,0,0,13312,7,3940537920
2421,13091051,7649185,20740236,9,0,0,14848,7,9716420711
2422,13095081,8753990,21849071,9,0,0,41984,7,8125890356
2423,13095660,7445637,20541297,5,0,0,15360,10,10546559400
2424,13098300,9150737,22249037,5,0,0,50688,10,3664179034
2425,13101070,10378061,23479131,7,0,0,74752,7,10438247602
2426,13106160,9017082,22123242,2,0,0,29696,1,5762258656
2427,13112780,9869855,22982635,6,0,0,32256,2,7447609955
2428,13118160,9302702,22420862,1,0,0,2560,19,10139952109
2429,13129900,9941458,23071358,6,0,0,33792,2,8222056375
2430,13134090,9177342,22311432,5,0,0,54272,10,9888703914
2431,13143579,7773978,20917557,4,0,0,28160,6,7639425833
2432,13152129,8298351,21450480,4,0,0,9728,6,2573897270
2433,13157569,8063334,21220903,4,0,0,8704,6,6857166038
2434,13165740,27161461,40327201,5,0,1,21504,10,509144474
2435,13192090,10329277,23521367,5,0,0,32768,10,4568063804
2436,13210849,10725840,23936689,3,0,0,18944,6,1070163311
2437,13212400,7840530,21052930,5,0,0,17408,10,10371551554
2438,13217700,9359944,22577644,6,0,0,69632,2,8135754472
2439,13218420,9957308,23175728,5,0,0,42496,10,3425485968
2440,13230870,7557872,20788742,7,0,0,1536,7,2047342331
2441,13232930,8063223,21296153,8,0,0,24064,9,5149621005
2442,13261131,8214557,21475688,0,0,0,22528,10,9726698994
2443,13261410,27065814,40327224,4,0,1,3072,6,2624283023
2444,13266930,7613603,20880533,7,0,0,3072,7,10519821643
2445,13268200,10369273,23637473,7,0,0,54784,7,8172899614
2446,13278390,7455092,20733482,7,0,0,4096,7,202767697
2447,13281260,10070762,23352022,6,0,0,34304,2,6782642842
2448,13292050,9442517,22734567,2,0,0,71168,1,2508919692
2449,13297041,9708081,23005122,0,0,0,73728,10,2592480115
2450,13305501,27023988,40329489,1,0,1,8704,19,1515426695
2451,13313611,10242416,23556027,0,0,0,24064,10,2692967556
2452,13323821,7732045,21055866,9,0,0,3072,7,9586780290
2453,13335450,10652953,23988403,7,0,0,1024,7,4009295748
2454,13336041,10272108,23608149,0,0,0,27648,10,6362763955
2455,13343561,9311412,22654973,0,0,0,44544,10,5574305081
2456,13344789,8354387,21699176,3,0,0,6656,6,552435199
2457,13349821,9167571,22517392,0,0,0,32768,10,9718936164
2458,13353759,10421221,23774980,3,0,0,78848,6,8323473314
2459,13361190,27025776,40386966,6,0,1,17920,2,6346329742
2460,13371889,8592090,21963979,3,0,0,20992,6,1438928324
2461,13372509,8890647,22263156,4,0,0,18944,6,7560487903
2462,13375630,8103871,21479501,5,0,0,4096,10,2505441073
2463,13379380,9163563,22542943,8,0,0,12800,9,4775729607
2464,13385110,7822266,21207376,7,0,0,59392,7,2954331423
2465,13390190,27056403,40446593,6,0,1,2560,2,9416515024
2466,13394689,8416017,21810706,3,0,0,40448,6,2435116768
2467,13400120,9293643,22693763,5,0,0,7680,10,632225753
2468,13404520,9015539,22420059,5,0,0,6656,10,4718701485
2469,13413080,27128903,40541983,6,0,1,12288,2,4556662201
2470,13416521,10436532,23853053,9,0,0,24064,7,7867424882
2471,13423779,7712491,21136270,3,0,0,27648,6,4048121114
2472,13424110,10289033,23713143,5,0,0,3072,10,3855300205
2473,13428361,8325600,21753961,9,0,0,39424,7,8727154952
2474,13436919,9024698,22461617,3,0,0,5120,6,3799474277
2475,13446859,8119117,21565976,3,0,0,15360,6,2347413984
2476,13448470,8020331,21468801,5,0,0,10240,10,6732051356
2477,13448751,9222047,22670798,9,0,0,4608,7,1028493955
2478,13448971,27136702,40585673,1,0,1,6144,19,8463436984
2479,13450119,8989988,22440107,4,0,0,35328,6,4613615748
2480,13471270,8935639,22406909,5,0,0,35840,10,2887148968
2481,13472440,8127110,21599550,1,0,0,19456,19,4129292928
2482,13478440,9373873,22852313,6,0,0,57856,2,1537573447
2483,13482779,9574421,23057200,4,0,0,27648,6,6961864133
2484,13484170,9037457,22521627,1,0,0,13824,19,744742779
2485,13491130,27094574,40585704,5,0,1,4608,10,4811711040
2486,13491740,8421806,21913546,5,0,0,5120,10,7473108207
2487,13493050,8155538,21648588,2,0,0,12800,1,9988407547
2488,13496820,7713231,21210051,7,0,0,8704,7,2711940102
2489,13497970,9805278,23303248,5,0,0,113152,10,4958411754
2490,13505290,8167509,21672799,1,0,0,1024,19,8000902704
2491,13506600,8953434,22460034,2,0,0,24064,1,1873747137
2492,13510091,7884316,21394407,9,0,0,17408,7,10054587414
2493,13519880,8056306,21576186,7,0,0,22528,7,6913416039
2494,13530070,9153212,22683282,5,0,0,7168,10,4903417225
2495,13534009,10383028,23917037,3,0,0,47616,6,6754759349
2496,13540250,10685405,24225655,7,0,0,71680,7,2376241669
2497,13554911,9489083,23043994,9,0,0,11776,7,3080563927
2498,13556451,8103071,21659522,9,0,0,25600,7,5274248789
2499,13558880,9125049,22683929,8,0,0,2048,9,8880577952
2500,13563031,9385252,22948283,0,0,0,44032,10,10401146729
2501,13563500,10517541,24081041,7,0,0,18944,7,8922688829
2502,13567541,7908950,21476491,9,0,0,2560,7,4054578158
2503,13574651,7772461,21347112,0,0,0,1024,10,7725100771
2504,13579200,9567606,23146806,8,0,0,48640,9,9201513086
2505,13580309,8323855,21904164,4,0,0,2560,6,6681831355
2506,13593159,26993882,40587041,8,0,1,3584,9,10304448000
2507,13603990,7739433,21343423,8,0,0,3072,9,4512530764
2508,13611991,27189113,40801104,1,0,1,22016,19,2674598551
2509,13626460,8586315,22212775,8,0,0,7680,9,9181504790
2510,13635650,10880597,24516247,5,0,0,44544,10,6964732027
2511,13646399,9564365,23210764,3,0,0,70656,6,3244509110
2512,13650770,9758962,23409732,5,0,0,69632,10,8084572714
2513,13658080,8998632,22656712,5,0,0,5632,10,5522017636
2514,13667020,8535748,22202768,8,0,0,48128,9,8869587008
2515,13667559,9214174,22881733,3,0,0,35328,6,920467665
2516,13667849,27133278,40801127,8,0,1,9216,9,9395558438
2517,13678380,9497995,23176375,8,0,0,2048,9,1152855006
2518,13680040,8312018,21992058,1,0,0,2560,19,6561589171
2519,13688170,10327345,24015515,2,0,0,11776,1,4563484068
2520,13694260,8116781,21811041,2,0,0,1024,1,4603713023
2521,13699159,8064292,21763451,4,0,0,29696,6,3463239970
2522,13704120,8112689,21816809,8,0,0,2048,9,7273269055
2523,13709541,9102020,22811561,0,0,0,30208,10,6278873501
2524,13710040,9600563,23310603,7,0,0,24064,7,2366232769
2525,13711170,27089988,40801158,6,0,1,9216,2,1106262522
2526,13720321,10114129,23834450,9,0,0,20992,7,7278280078
2527,13733799,8872901,22606700,4,0,0,41984,6,6496561108
2528,13736670,9097917,22834587,6,0,0,30208,2,7337089201
2529,13750211,8133148,21883359,9,0,0,9728,7,3321975064
2530,13752280,8097594,21849874,7,0,0,2560,7,9688131589
2531,13753690,8210624,21964314,6,0,0,1024,2,6810329836
2532,13759150,10883581,24642731,6,0,0,74752,2,7563366511
2533,13760550,8386048,22146598,6,0,0,50688,2,6498404077
2534,13762439,8583947,22346386,3,0,0,10240,6,6686393359
2535,13770979,9099967,22870946,4,0,0,20480,6,7310677596
2536,13782190,8305602,22087792,6,0,0,30208,2,3396877626
2537,13789130,9367527,23156657,6,0,0,32256,2,7185373767
2538,13793290,9527811,23321101,1,0,0,2048,19,8066886373
2539,13802230,8126893,21929123,2,0,0,1536,1,6849039175
2540,13802780,27051168,40853948,3,0,1,2048,6,10262114416
2541,13805210,8696840,22502050,1,0,0,83968,19,7922588600
2542,13813901,9769195,23583096,0,0,0,45056,10,4282566888
2543,13816729,8955537,22772266,3,0,0,25088,6,8995655102
2544,13819529,10800403,24619932,4,0,0,25088,6,6685140037
2545,13822420,9077283,22899703,5,0,0,2048,10,1227687351
2546,13829550,9704811,23534361,7,0,0,4096,7,5381425261
2547,13830560,8501769,22332329,6,0,0,26624,2,8544721987
2548,13831380,9624305,23455685,8,0,0,94720,9,6909456805
2549,13834320,8561646,22395966,5,0,0,1024,10,2273808801
2550,13839080,27014891,40853971,2,0,1,512,1,2208726443
2551,13839881,9843108,23682989,0,0,0,32768,10,2939206463
2552,13845500,8502001,22347501,5,0,0,3584,10,5712738888
2553,13846670,27135640,40982310,6,0,1,14336,2,2228867780
2554,13867940,8446536,22314476,7,0,0,7680,7,2452817657
2555,13868990,8296051,22165041,8,0,0,9216,9,4784083102
2556,13876111,9340292,23216403,9,0,0,18432,7,154185580
2557,13881151,10254850,24136001,9,0,0,17920,7,5272953255
2558,13882750,27099583,40982333,9,0,1,11264,7,8457399933
2559,13883421,10428008,24311429,0,0,0,15872,10,3110026427
2560,13891960,9363348,23255308,2,0,0,5120,1,1760174321
2561,13896270,27263686,41159956,4,0,1,13824,6,2185211311
2562,13916670,9616420,23533090,8,0,0,38400,9,5202768330
2563,13922770,9726917,23649687,7,0,0,27648,7,9352911533
2564,13924890,8470741,22395631,5,0,0,12800,10,9895181824
2565,13925040,27435705,41360745,5,0,1,8192,10,1597411600
2566,13926310,8304451,22230761,2,0,0,2560,1,7926343983
2567,13929870,8232340,22162210,8,0,0,5632,9,5551008720
2568,13931010,8576375,22507385,1,0,0,17408,19,3168024317
2569,13933640,10038149,23971789,6,0,0,55296,2,8862803485
2570,13933770,27527286,41461056,5,0,1,2048,10,5163213991
2571,13956450,27504629,41461079,3,0,1,15872,6,3640014248
2572,13956490,27597097,41553587,7,0,1,9728,7,9749769849
2573,13960770,27592840,41553610,4,0,1,2048,6,5791483479
2574,13962520,9066882,23029402,5,0,0,22016,10,7020959916
2575,13963320,8224761,22188081,7,0,0,512,7,1210975029
2576,13966480,27587153,41553633,4,0,1,4096,6,6005399354
2577,13971909,8362315,22334224,4,0,0,6144,6,7862096446
2578,13975010,8476866,22451876,2,0,0,11776,1,93338016
2579,13982670,10756505,24739175,6,0,0,5632,2,8195037552
2580,13983240,9386799,23370039,2,0,0,19968,1,84980938
2581,13984150,27571377,41555527,9,0,1,1024,7,540570156
2582,13988400,27574638,41563038,6,0,1,3584,2,7814508458
2583,13988631,9870864,23859495,0,0,0,1536,10,10158116713
2584,13997930,10536014,24533944,2,0,0,19456,1,7631394966
2585,14010579,10824088,24834667,4,0,0,39424,6,6598577276
2586,14019470,27588014,41607484,9,0,1,1024,7,983980747
2587,14034930,27611495,41646425,9,0,1,3584,7,558676472
2588,14040290,8965011,23005301,7,0,0,512,7,1410187255
2589,14043910,9771751,23815661,2,0,0,13312,1,1473829845
2590,14044479,9903685,23948164,4,0,0,20480,6,3550939089
2591,14045601,9813403,23859004,0,0,0,19456,10,1548335839
2592,14047899,10512977,24560876,3,0,0,24576,6,8656885683
2593,14052120,8485785,22537905,5,0,0,3072,10,9826058266
2594,14062930,8385335,22448265,5,0,0,4096,10,2893599043
2595,14071939,8404504,22476443,3,0,0,15360,6,3909355816
2596,14081890,9186859,23268749,6,0,0,33792,2,7741718320
2597,14092630,8257524,22350154,1,0,0,2560,19,8241103185
2598,14093939,9949982,24043921,3,0,0,18944,6,6781907450
2599,14096049,8729311,22825360,3,0,0,22016,6,4082656513
2600,14096991,9909736,24006727,0,0,0,10752,10,206678645
2601,14100601,8444705,22545306,0,0,0,7680,10,6221952049
2602,14104500,8517199,22621699,6,0,0,49152,2,8333220021
2603,14109690,8342989,22452679,5,0,0,2560,10,10505102917
2604,14118130,8420890,22539020,1,0,0,3584,19,6129967977
2605,14126970,10531407,24658377,1,0,0,16896,19,2191748760
2606,14128050,11123879,25251929,8,0,0,9216,9,2546920033
2607,14144640,9267143,23411783,8,0,0,6656,9,9705460360
2608,14145229,9096412,23241641,4,0,0,50688,6,2991164687
2609,14147891,9274367,23422258,0,0,0,16896,10,2057119659
2610,14158649,10505078,24663727,4,0,0,12288,6,4926947756
2611,14162560,9888643,24051203,5,0,0,17920,10,2273645933
2612,14175591,9712239,23887830,0,0,0,67584,10,8212415028
2613,14176040,10351953,24527993,6,0,0,37376,2,1969156054
2614,14177719,8836037,23013756,4,0,0,27648,6,9811188481
2615,14183140,9385034,23568174,8,0,0,13824,9,3644894336
2616,14195280,9219587,23414867,7,0,0,3072,7,2363262057
2617,14195650,27460299,41655949,5,0,1,4608,10,6449025284
2618,14198020,10941710,25139730,8,0,0,35328,9,9772234622
2619,14212280,8652403,22864683,6,0,0,30720,2,1213352484
2620,14215469,11163462,25378931,4,0,0,61952,6,6176791549
2621,14225900,27478734,41704634,0,0,1,17920,10,924977767
2622,14234651,27524226,41758877,1,0,1,9216,19,2422552184
2623,14236380,11101289,25337669,2,0,0,41472,1,1363148677
2624,14237600,8526999,22764599,8,0,0,4608,9,1623763206
2625,14241889,11181906,25423795,4,0,0,77824,6,2428659899
2626,14241990,27625790,41867780,5,0,1,2560,10,3660669630
2627,14250850,27758571,42009421,0,0,1,32768,10,2188687648
2628,14263961,9624516,23888477,0,0,0,2048,10,1173960126
2629,14266659,9189673,23456332,3,0,0,2048,6,8814196577
2630,14270381,8584919,22855300,0,0,0,9728,10,7115861940
2631,14271540,27740147,42011687,2,0,1,3584,1,666021635
2632,14274619,8616996,22891615,3,0,0,3584,6,8127646978
2633,14279410,8743261,23022671,8,0,0,29184,9,9809661445
2634,14282930,10044033,24326963,2,0,0,13312,1,10600466790
2635,14288400,11221674,25510074,1,0,0,16384,19,6730727060
2636,14289520,8750863,23040383,6,0,0,10752,2,9101735473
2637,14294160,27752441,42046601,2,0,1,7168,1,321551860
2638,14303340,27830127,42133467,9,0,1,26112,7,5461143071
2639,14304329,10726094,25030423,3,0,0,39424,6,219390342
2640,14305880,9178401,23484281,7,0,0,2048,7,5622120173
2641,14311830,9029717,23341547,6,0,0,33792,2,7993793513
2642,14314639,8582683,22897322,3,0,0,13824,6,5867400505
2643,14315410,9175710,23491120,8,0,0,19968,9,7967441321
2644,14316651,9854020,24170671,0,0,0,19456,10,3320145792
2645,14330280,11362961,25693241,6,0,0,38912,2,4117940594
2646,14334340,8825335,23159675,5,0,0,8192,10,7374871558
2647,14366030,8765122,23131152,1,0,0,3584,19,9804099165
2648,14369180,10211889,24581069,7,0,0,5632,7,10058152295
2649,14371570,27761920,42133490,0,0,1,18432,10,9626052080
2650,14372020,8808278,23180298,6,0,0,12800,2,1358679586
2651,14390320,9697920,24088240,1,0,0,23552,19,496274995
2652,14391760,10316917,24708677,6,0,0,27648,2,1365048418
2653,14392831,10747546,25140377,0,0,0,2048,10,5537989522
2654,14404779,8727184,23131963,4,0,0,2560,6,10405605108
2655,14409869,27760277,42170146,8,0,1,13824,9,8083545558
2656,14418560,9964072,24382632,8,0,0,3072,9,2639370107
2657,14419419,9847744,24267163,4,0,0,46592,6,7169193285
2658,14421900,8898554,23320454,2,0,0,32256,1,5775062528
2659,14422480,8734676,23157156,1,0,0,1536,19,9944119791
2660,14422909,8763353,23186262,3,0,0,5632,6,10254688570
2661,14423969,27898732,42322701,8,0,1,23040,9,368132444
2662,14431720,9863751,24295471,1,0,0,23552,19,3296134024
2663,14445690,10672780,25118470,6,0,0,52224,2,7711632220
2664,14446140,9944962,24391102,8,0,0,19456,9,9140720479
2665,14446810,9902337,24349147,8,0,0,38400,9,820063061
2666,14457141,8795559,23252700,0,0,0,15872,10,6547729966
2667,14465410,10119894,24585304,1,0,0,13824,19,2552122472
2668,14466380,10079466,24545846,7,0,0,19968,7,6393886049
2669,14469779,28086618,42556397,8,0,1,9728,9,6706102736
2670,14482719,11003836,25486555,4,0,0,32768,6,7529508908
2671,14505120,8858804,23363924,1,0,0,17920,19,120451842
2672,14505430,10147776,24653206,8,0,0,34304,9,4459761089
2673,14508540,8868698,23377238,2,0,0,23552,1,2721947182
2674,14508931,28051012,42559943,1,0,1,5632,19,9675978081
2675,14511240,10714103,25225343,5,0,0,79360,10,9702766674
2676,14512470,9794100,24306570,6,0,0,36352,2,9388714699
2677,14513629,9651091,24164720,4,0,0,37376,6,9193766574
2678,14515740,28047429,42563169,4,0,1,5120,6,6841375906
2679,14517391,9678171,24195562,9,0,0,12288,7,6122267131
2680,14521769,11270832,25792601,4,0,0,80384,6,10065813547
2681,14527420,28037055,42564475,2,0,1,2048,1,8778120240
2682,14528290,10542531,25070821,2,0,0,37376,1,2599331031
2683,14530760,9357896,23888656,6,0,0,512,2,6074662706
2684,14538420,28030450,42568870,4,0,1,2560,6,9834110038
2685,14554650,9268522,23823172,6,0,0,24576,2,4815892994
2686,14575240,9927412,24502652,2,0,0,26112,1,4983460089
2687,14600560,9018269,23618829,5,0,0,7168,10,3649242647
2688,14605830,9962713,24568543,2,0,0,25088,1,1625863769
2689,14607700,9777451,24385151,6,0,0,8192,2,7152657755
2690,14617130,11052611,25669741,6,0,0,78336,2,10656903716
2691,14634380,27934513,42568893,6,0,1,512,2,1815882373
2692,14637060,10394790,25031850,5,0,0,4608,10,5738485917
2693,14637870,9020950,23658820,1,0,0,22528,19,1575820075
2694,14645580,27936480,42582060,9,0,1,16384,7,10520524739
2695,14649100,27936506,42585606,6,0,1,5632,2,757917921
2696,14650760,8990480,23641240,2,0,0,12288,1,6510505855
2697,14651759,10496441,25148200,4,0,0,25600,6,2406182558
2698,14659680,27928192,42587872,5,0,1,3584,10,2493288265
2699,14671689,8885141,23556830,3,0,0,2560,6,2510132327
2700,14672900,9103507,23776407,5,0,0,4608,10,8111085357
2701,14678440,9429124,24107564,2,0,0,4096,1,10349582633
2702,14680940,27908558,42589498,0,0,1,2560,10,1411292103
2703,14683110,10002324,24685434,1,0,0,71168,19,4941711363
2704,14690970,27902714,42593684,2,0,1,6656,1,9499721692
2705,14698289,9046996,23745285,4,0,0,1536,6,5104485021
2706,14703720,9677953,24381673,8,0,0,72192,9,4310652091
2707,14709901,28098798,42808699,1,0,1,5120,19,2289078777
2708,14710600,9642782,24353382,8,0,0,13824,9,7388258488
2709,14711560,9033234,23744794,8,0,0,6144,9,2818910284
2710,14712630,10453099,25165729,1,0,0,28672,19,5637703765
2711,14718971,9635838,24354809,0,0,0,4608,10,1319712453
2712,14726069,9101962,23828031,3,0,0,15872,6,2416700984
2713,14742199,9663851,24406050,3,0,0,35328,6,1977601793
2714,14746250,28088470,42834720,9,0,1,12288,7,5036458544
2715,14749520,10342696,25092216,8,0,0,70144,9,2611745645
2716,14757230,10551845,25309075,1,0,0,29184,19,6552293712
2717,14758631,9701597,24460228,0,0,0,15360,10,3078987015
2718,14762001,10963742,25725743,0,0,0,77312,10,7180102039
2719,14769510,9185385,23954895,6,0,0,22016,2,9443842293
2720,14771039,10835954,25606993,4,0,0,25600,6,9622781524
2721,14787980,8960921,23748901,8,0,0,1024,9,6263346149
2722,14789770,11074146,25863916,2,0,0,41472,1,1457283739
2723,14790120,9382290,24172410,2,0,0,5632,1,127069233
2724,14791110,9821155,24612265,5,0,0,37888,10,2465005523
2725,14792630,28207093,42999723,6,0,1,18944,2,4325317556
2726,14794229,28223332,43017561,8,0,1,12288,9,764708611
2727,14808400,28252287,43060687,5,0,1,13824,10,858820316
2728,14811670,9162326,23973996,6,0,0,7168,2,3127340745
2729,14815370,8977892,23793262,5,0,0,6656,10,777991335
2730,14816800,10082172,24898972,6,0,0,19456,2,4769578233
2731,14826780,9963532,24790312,5,0,0,9728,10,5509911749
2732,14829009,11115301,25944310,4,0,0,74752,6,3399571521
2733,14832519,9084876,23917395,4,0,0,1024,6,7852244282
2734,14841470,10558590,25400060,6,0,0,47104,2,8685751678
2735,14845821,11131045,25976866,0,0,0,9216,10,5955830649
2736,14857660,28244127,43101787,6,0,1,6656,2,111860698
2737,14871620,11497838,26369458,1,0,0,5120,19,5849656450
2738,14874879,9704451,24579330,3,0,0,35328,6,6391567100
2739,14875100,9835831,24710931,2,0,0,2048,1,5604988163
2740,14876671,9530985,24407656,0,0,0,3072,10,1438034795
2741,14909251,10139332,25048583,0,0,0,9728,10,3326229333
2742,14913030,9084046,23997076,6,0,0,9728,2,501800408
2743,14922600,28189217,43111817,9,0,1,5632,7,8951601626
2744,14924870,9259171,24184041,5,0,0,5632,10,1898290705
2745,14926290,10979120,25905410,1,0,0,11264,19,8205640334
2746,14932490,10189591,25122081,5,0,0,11776,10,9083261686
2747,14933520,11156779,26090299,5,0,0,28672,10,1376923539
2748,14936390,11145150,26081540,6,0,0,58880,2,4340288604
2749,14939950,9376182,24316132,2,0,0,15360,1,4415265537
2750,14948100,10376910,25325010,8,0,0,52224,9,10064992554
2751,14985170,10011741,24996911,1,0,0,20992,19,4514590946
2752,15004720,11119279,26123999,8,0,0,40448,9,1304594744
2753,15013341,10141278,25154619,0,0,0,20992,10,2503112523
2754,15021270,9023390,24044660,1,0,0,1536,19,3219860270
2755,15030430,28106601,43137031,5,0,1,5120,10,6965304155
2756,15044679,9029819,24074498,3,0,0,2560,6,5628050476
2757,15046860,9144935,24191795,1,0,0,18432,19,4277960359
2758,15051351,9537252,24588603,9,0,0,10752,7,9639687994
2759,15057380,28131265,43188645,0,0,1,9728,10,5039120987
2760,15057681,11206966,26264647,9,0,0,39936,7,8885864823
2761,15065890,11186543,26252433,6,0,0,35328,2,2356387956
2762,15068359,9887813,24956172,3,0,0,8704,6,7485235374
2763,15073340,10158890,25232230,8,0,0,22528,9,9399648977
2764,15075849,28206473,43282322,8,0,1,13312,9,7536068672
2765,15085481,28240168,43325649,1,0,1,13824,19,10322540511
2766,15089520,10775043,25864563,1,0,0,2048,19,5036625285
2767,15094101,10351767,25445868,0,0,0,20480,10,5076243005
2768,15094761,28269223,43363984,1,0,1,15872,19,6299924965
2769,15094861,9458496,24553357,0,0,0,24576,10,10664028221
2770,15105300,10876760,25982060,2,0,0,11264,1,7573456509
2771,15106701,11325182,26431883,9,0,0,19968,7,7402458812
2772,15107610,9299087,24406697,6,0,0,2048,2,8075586804
2773,15109610,9992925,25102535,5,0,0,33792,10,5899374514
2774,15114570,28249453,43364023,0,0,1,4608,10,4891552805
2775,15122760,11081838,26204598,2,0,0,90624,1,8776653531
2776,15145169,28280569,43425738,8,0,1,15360,9,7201467086
2777,15148201,10593508,25741709,9,0,0,47616,7,3517211921
2778,15152480,10428393,25580873,5,0,0,78336,10,170143760
2779,15155419,11332021,26487440,3,0,0,28160,6,6052552316
2780,15155570,28270191,43425761,3,0,1,10752,6,7403822434
2781,15163140,11435513,26598653,6,0,0,23040,2,5488045403
2782,15173429,9366310,24539739,3,0,0,18944,6,8040927489
2783,15177300,9339282,24516582,6,0,0,1024,2,7718944121
2784,15187170,11392067,26579237,2,0,0,9728,1,6744447356
2785,15192170,9607532,24799702,2,0,0,13824,1,10190822150
2786,15194741,28257528,43452269,1,0,1,1536,19,2901228433
2787,15197801,10234137,25431938,9,0,0,26624,7,8628219562
2788,15227180,28230077,43457257,5,0,1,7168,10,4923473133
2789,15238830,9548495,24787325,8,0,0,23040,9,2311739942
2790,15244979,9441905,24686884,3,0,0,1024,6,3535066156
2791,15250760,28207641,43458401,0,0,1,2560,10,4502260079
2792,15250840,9686029,24936869,5,0,0,61952,10,7855815873
2793,15256360,10715764,25972124,8,0,0,39424,9,6560490297
2794,15259471,9400489,24659960,9,0,0,5120,7,1584204025
2795,15260670,11122193,26382863,1,0,0,35840,19,869773631
2796,15261610,28398703,43660313,4,0,1,61440,6,10115986006
2797,15267840,11037449,26305289,8,0,0,9216,9,9571676276
2798,15271869,10579388,25851257,3,0,0,40960,6,810495058
2799,15273290,10963497,26236787,1,0,0,82944,19,7939920663
2800,15276300,11455895,26732195,8,0,0,61952,9,2865937289
2801,15278510,9408039,24686549,1,0,0,3584,19,6203583446
2802,15279601,9890363,25169964,0,0,0,13824,10,5013471389
2803,15284731,10361119,25645850,0,0,0,3584,10,2124728295
2804,15285461,9661649,24947110,9,0,0,21504,7,5205493771
2805,15285881,10761948,26047829,9,0,0,18432,7,10247503180
2806,15291401,28409604,43701005,1,0,1,5120,19,9254801717
2807,15292770,11159417,26452187,6,0,0,46592,2,6926780215
2808,15302680,10463815,25766495,5,0,0,7680,10,6277682656
2809,15303141,11406128,26709269,9,0,0,14848,7,1071852878
2810,15314231,9731365,25045596,9,0,0,14848,7,3895061927
2811,15314370,29088692,44403062,4,0,1,291840,6,5242132488
2812,15320060,9646661,24966721,1,0,0,8704,19,7181817871
2813,15330411,9721635,25052046,9,0,0,11264,7,624227791
2814,15336209,10427923,25764132,4,0,0,9728,6,7918866585
2815,15344361,10469191,25813552,9,0,0,34816,7,10700768236
2816,15356350,29213509,44569859,4,0,1,32768,6,7528531141
2817,15364050,10189447,25553497,2,0,0,28672,1,9847588605
2818,15389491,10413296,25802787,0,0,0,20992,10,8021874620
2819,15396500,9521470,24917970,5,0,0,25600,10,6165768123
2820,15402399,9983286,25385685,3,0,0,3072,6,7612375389
2821,15404440,10122395,25526835,6,0,0,2560,2,3890705504
2822,15404990,29164892,44569882,6,0,1,4096,2,2746205412
2823,15406300,11510464,26916764,5,0,0,80384,10,9978758406
2824,15424740,10062306,25487046,1,0,0,1536,19,8394735386
2825,15427360,9957366,25384726,6,0,0,18944,2,2441752239
2826,15429360,29140545,44569905,0,0,1,12800,10,5860052240
2827,15436990,9598939,25035929,2,0,0,13312,1,6608886499
2828,15438781,10239563,25678344,9,0,0,28160,7,8433060648
2829,15447079,10057980,25505059,4,0,0,45056,6,6594101120
2830,15449490,9706564,25156054,1,0,0,4608,19,9884689239
2831,15453130,11426258,26879388,5,0,0,12288,10,8376120963
2832,15457450,10502639,25960089,8,0,0,51712,9,942675595
2833,15458130,9981475,25439605,1,0,0,25088,19,7122576316
2834,15513571,9721958,25235529,9,0,0,10752,7,4802470890
2835,15514250,11502566,27016816,5,0,0,60928,10,5965137009
2836,15515550,10010482,25526032,2,0,0,30208,1,548002057
2837,15519719,10014206,25533925,4,0,0,2560,6,8719016070
2838,15540269,9699035,25239304,4,0,0,12288,6,6506770480
2839,15542511,9974294,25516805,9,0,0,22016,7,9041129027
2840,15555651,10548251,26103902,9,0,0,5120,7,7845810317
2841,15559371,10085364,25644735,9,0,0,77312,7,2594603446
2842,15560330,11413377,26973707,8,0,0,29696,9,3173175886
2843,15563800,29032699,44596499,0,0,1,9216,10,5468373526
2844,15564360,11652875,27217235,1,0,0,12800,19,3102315094
2845,15564770,10116592,25681362,8,0,0,5632,9,4168163623
2846,15565541,11196624,26762165,0,0,0,55296,10,1964074536
2847,15574569,10313867,25888436,4,0,0,512,6,9139694365
2848,15576680,10813719,26390399,5,0,0,5120,10,10218171245
2849,15588480,29008042,44596522,3,0,1,12288,6,4629436882
2850,15597910,10170176,25768086,1,0,0,5120,19,10214807097
2851,15604509,10763343,26367852,3,0,0,49664,6,4898070723
2852,15610500,11193432,26803932,5,0,0,53760,10,5334479152
2853,15617149,29036520,44653669,8,0,1,512,9,8035414539
2854,15617430,11446061,27063491,5,0,0,95232,10,4085805938
2855,15626300,9850248,25476548,6,0,0,13312,2,627570921
2856,15626511,10119589,25746100,0,0,0,14336,10,2331251233
2857,15630679,10546284,26176963,4,0,0,13824,6,4160973482
2858,15635770,10833757,26469527,6,0,0,8704,2,8102182298
2859,15638440,29054876,44693316,0,0,1,9728,10,730622576
2860,15645860,10888809,26534669,6,0,0,38912,2,4773724788
2861,15671411,10087371,25758782,0,0,0,23040,10,8522644463
2862,15683560,29111900,44795460,4,0,1,72192,6,9374173946
2863,15685810,10041368,25727178,1,0,0,4608,19,1209366706
2864,15695140,10193117,25888257,5,0,0,8704,10,6694196827
2865,15699030,9980585,25679615,6,0,0,4096,2,1295798344
2866,15711730,11487974,27199704,2,0,0,43008,1,8086125161
2867,15712780,29086546,44799326,4,0,1,6144,6,6409419836
2868,15727631,10246388,25974019,9,0,0,6144,7,4697769634
2869,15731460,9970696,25702156,6,0,0,29184,2,8763208511
2870,15750381,10659345,26409726,9,0,0,29696,7,8533672695
2871,15759211,9992528,25751739,9,0,0,18432,7,9925963224
2872,15761251,11573867,27335118,0,0,0,22528,10,5740425318
2873,15766050,9995095,25761145,2,0,0,7680,1,2725386623
2874,15775260,11116989,26892249,8,0,0,16384,9,8375193438
2875,15777660,29035925,44813585,4,0,1,4608,6,7100455091
2876,15779820,10901603,26681423,8,0,0,45568,9,10058014993
2877,15784559,10388146,26172705,4,0,0,29696,6,130535427
2878,15793611,11317639,27111250,9,0,0,156672,7,1850107686
2879,15799660,29013956,44813616,3,0,1,11264,6,8083575590
2880,15801721,10344775,26146496,9,0,0,2560,7,3880302251
2881,15804790,10465683,26270473,1,0,0,7680,19,1840004093
2882,15812160,9984208,25796368,1,0,0,12288,19,10535053041
2883,15814319,10071263,25885582,4,0,0,11264,6,5254073393
2884,15814330,11609822,27424152,6,0,0,36352,2,5276419162
2885,15814560,29000478,44815038,2,0,1,1024,1,8820175304
2886,15814991,10772258,26587249,9,0,0,2560,7,7790588588
2887,15820539,29074411,44894950,8,0,1,15872,9,4452170626
2888,15846439,11697887,27544326,4,0,0,41472,6,6150076775
2889,15854490,10655905,26510395,5,0,0,75264,10,2536153032
2890,15857070,29040613,44897683,2,0,1,2048,1,10196047759
2891,15861380,29059590,44920970,3,0,1,5120,6,10088614383
2892,15863519,10430044,26293563,4,0,0,29184,6,3120850691
2893,15865219,10999804,26865023,4,0,0,34304,6,10210772927
2894,15880791,10436935,26317726,0,0,0,14336,10,2415644459
2895,15893001,10348645,26241646,9,0,0,15872,7,4660216818
2896,15893559,11696618,27590177,4,0,0,89088,6,1984595311
2897,15895810,10793147,26688957,2,0,0,8192,1,2086246032
2898,15895940,10922229,26818169,1,0,0,14336,19,7213273950
2899,15916360,29004633,44920993,0,0,1,512,10,5267333626
2900,15922791,10994152,26916943,0,0,0,512,10,21426924
2901,15939620,11711872,27651492,2,0,0,155136,1,2737959589
2902,15942719,11497945,27440664,3,0,0,19968,6,367545234
2903,15949241,10029364,25978605,0,0,0,5632,10,9098864967
2904,15963671,11717062,27680733,0,0,0,85504,10,7348840079
2905,15967750,28953266,44921016,9,0,1,2048,7,2264370867
2906,15969659,11748386,27718045,4,0,0,38912,6,1305205019
2907,15970340,12029552,27999892,8,0,0,28672,9,1996599653
2908,15973241,10040475,26013716,9,0,0,7680,7,5146807934
2909,15973910,10323420,26297330,8,0,0,12288,9,9213353942
2910,15975420,10292682,26268102,6,0,0,11264,2,76289798
2911,15987270,28933769,44921039,3,0,1,2560,6,1621971468
2912,15990000,10974636,26964636,5,0,0,25088,10,798180057
2913,15991920,12120815,28112735,8,0,0,26112,9,1207705979
2914,15993149,10669585,26662734,4,0,0,1024,6,8125878976
2915,15993541,28927521,44921062,1,0,1,3584,19,9491800429
2916,16005160,28915925,44921085,2,0,1,4608,1,2498333246
2917,16007540,10802499,26810039,1,0,0,19968,19,608446453
2918,16010829,10196608,26207437,3,0,0,9216,6,1099315488
2919,16014230,28906878,44921108,2,0,1,8192,1,88019531
2920,16018230,10407431,26425661,5,0,0,52224,10,7870000111
2921,16035101,10631728,26666829,9,0,0,10752,7,9728699187
2922,16037591,10614946,26652537,9,0,0,9216,7,9896773167
2923,16043621,10412200,26455821,0,0,0,1024,10,2931706917
2924,16045689,28876221,44921910,8,0,1,3072,9,4355239326
2925,16045720,10884194,26929914,1,0,0,42496,19,8184946661
2926,16046919,28880137,44927056,8,0,1,8192,9,3148105081
2927,16059639,12227666,28287305,3,0,0,172032,6,6526058391
2928,16062870,28868372,44931242,5,0,1,6656,10,2292352650
2929,16063229,10885657,26948886,3,0,0,3072,6,252578832
2930,16071201,11227410,27298611,0,0,0,9216,10,2911345616
2931,16090851,28881719,44972570,1,0,1,3072,19,138129596
2932,16096940,28876296,44973236,2,0,1,1024,1,6966340121
2933,16098980,10899249,26998229,2,0,0,8192,1,10461227341
2934,16105250,11659899,27765149,5,0,0,78336,10,684697503
2935,16108680,10668016,26776696,1,0,0,47616,19,7427015945
2936,16109499,10675823,26785322,3,0,0,22528,6,8628443945
2937,16116530,28861532,44978062,7,0,1,7680,7,6369721687
2938,16123220,10563218,26686438,8,0,0,16384,9,207246592
2939,16143089,12232577,28375666,3,0,0,54272,6,9002026335
2940,16165600,28815368,44980968,6,0,1,4608,2,2369584476
2941,16168460,10711419,26879879,1,0,0,1536,19,601872072
2942,16173470,11739850,27913320,1,0,0,29184,19,6903412337
2943,16174721,28808202,44982923,1,0,1,1536,19,3086972290
2944,16186500,28843433,45029933,9,0,1,13312,7,5162847918
2945,16189820,11061361,27251181,5,0,0,84992,10,7940692395
2946,16195259,11794627,27989886,4,0,0,37376,6,10391609427
2947,16209901,10361368,26571269,0,0,0,11776,10,5365081043
2948,16219610,28853286,45072896,3,0,1,12800,6,6144021623
2949,16227270,28845649,45072919,2,0,1,512,1,1639024611
2950,16249490,10745349,26994839,1,0,0,6656,19,928792341
2951,16251941,10866452,27118393,9,0,0,9216,7,6432242138
2952,16253610,28819332,45072942,0,0,1,9216,10,5079196780
2953,16262640,10624594,26887234,7,0,0,24064,7,5109273217
2954,16278140,28812713,45090853,5,0,1,9216,10,8901908876
2955,16282649,10504880,26787529,3,0,0,7168,6,7156139244
2956,16284460,29073624,45358084,3,0,1,37376,6,9841928739
2957,16287301,10833611,27120912,9,0,0,8192,7,7718282004
2958,16299839,10445432,26745271,3,0,0,20992,6,4473355926
2959,16306529,11816431,28122960,4,0,0,9216,6,8011855757
2960,16333260,10506237,26839497,2,0,0,512,1,9497345574
2961,16333381,10930147,27263528,9,0,0,40448,7,10259988307
2962,16337931,10988152,27326083,0,0,0,50688,10,223842307
2963,16352071,10763445,27115516,0,0,0,13824,10,2526079037
2964,16360240,29004220,45364460,0,0,1,2560,10,2577667663
2965,16371180,10932157,27303337,1,0,0,9216,19,3887224682
2966,16390050,10584148,26974198,2,0,0,1536,1,5006644420
2967,16398320,28966499,45364819,9,0,1,9728,7,2244703384
2968,16407300,10371135,26778435,2,0,0,5632,1,8079167342
2969,16422349,28949137,45371486,8,0,1,1536,9,3647241701
2970,16437700,28976752,45414452,9,0,1,7680,7,7519460394
2971,16441759,11984542,28426301,3,0,0,11776,6,3855852130
2972,16442080,12129427,28571507,6,0,0,27136,2,6958178362
2973,16446010,10489441,26935451,5,0,0,17920,10,1361799406
2974,16454520,28991802,45446322,3,0,1,3584,6,7851656795
2975,16467501,10678756,27146257,0,0,0,1024,10,2613558550
2976,16477350,11263908,27741258,2,0,0,30208,1,2955573084
2977,16485590,12216718,28702308,1,0,0,38400,19,6237846565
2978,16487970,11616786,28104756,2,0,0,25088,1,36184689
2979,16488851,10912714,27401565,9,0,0,6656,7,9518528248
2980,16490340,10485597,26975937,5,0,0,5632,10,5152840455
2981,16501170,10799336,27300506,2,0,0,6144,1,3319703167
2982,16511620,28957951,45469571,3,0,1,3584,6,7911468736
2983,16512320,29099041,45611361,2,0,1,32256,1,7350078598
2984,16518241,10750949,27269190,0,0,0,17920,10,6367695719
2985,16540800,10617723,27158523,1,0,0,18944,19,10144914128
2986,16550980,10845200,27396180,2,0,0,7680,1,408878757
2987,16578990,12253418,28832408,5,0,0,23552,10,8077149504
2988,16585390,10913351,27498741,8,0,0,34816,9,8681378814
2989,16590461,11750811,28341272,0,0,0,9216,10,5170382212
2990,16593161,11723050,28316211,9,0,0,94720,7,1506570878
2991,16599650,10881369,27481019,8,0,0,8704,9,5728748475
2992,16612909,11827781,28440690,3,0,0,5120,6,9651321482
2993,16618159,10410388,27028547,3,0,0,21504,6,3566041388
2994,16618611,29031385,45649996,1,0,1,21504,19,3083910616
2995,16630421,10820424,27450845,0,0,0,1536,10,1167844022
2996,16637011,10788568,27425579,0,0,0,4608,10,7903976778
2997,16637460,29012675,45650135,6,0,1,2048,2,1332287316
2998,16656109,10870258,27526367,4,0,0,16384,6,5931206818
2999,16660150,10635583,27295733,2,0,0,87040,1,32448658
3000,16661089,10602618,27263707,4,0,0,512,6,7555073834
3001,16663580,10457979,27121559,6,0,0,2048,2,10708653536
3002,16672231,10857696,27529927,0,0,0,6656,10,9951346673
3003,16672431,29000338,45672769,1,0,1,8704,19,10688408110
3004,16677120,10668919,27346039,1,0,0,15360,19,9111224584
3005,16677529,12267892,28945421,4,0,0,78848,6,6821017583
3006,16691170,11009600,27700770,2,0,0,17408,1,10498625716
3007,16691281,11871911,28563192,9,0,0,48128,7,2965479209
3008,16696921,11034396,27731317,0,0,0,36352,10,6413900777
3009,16709150,10986293,27695443,1,0,0,23040,19,3298878450
3010,16709400,28970553,45679953,9,0,1,4096,7,9476183347
3011,16712460,11243536,27955996,8,0,0,38400,9,2698847941
3012,16719001,28960975,45679976,1,0,1,7168,19,6774232478
3013,16722071,28961016,45683087,1,0,1,5120,19,1632774339
3014,16724010,11293088,28017098,1,0,0,3584,19,4548828923
3015,16735241,11049059,27784300,0,0,0,15872,10,7669170663
3016,16742160,10420661,27162821,1,0,0,11776,19,789080906
3017,16742450,29003485,45745935,0,0,1,10752,10,6595780439
3018,16751139,11086669,27837808,4,0,0,3072,6,3255978844
3019,16754651,10600614,27355265,9,0,0,26112,7,68713558
3020,16755961,11203958,27959919,9,0,0,12800,7,5656466364
3021,16775929,11089761,27865690,3,0,0,4608,6,262392555
3022,16777150,11197866,27975016,8,0,0,17408,9,10722960360
3023,16779139,10909261,27688400,4,0,0,25088,6,8321096218
3024,16786290,11359907,28146197,8,0,0,54272,9,6565963673
3025,16786510,28966194,45752704,2,0,1,1024,1,2700968217
3026,16800871,12347610,29148481,9,0,0,59904,7,10566455924
3027,16811711,10582106,27393817,9,0,0,9728,7,10493140741
3028,16814780,11371323,28186103,6,0,0,7680,2,7174773754
3029,16824150,11054836,27878986,6,0,0,31232,2,2930763555
3030,16829120,10534785,27363905,1,0,0,9728,19,5039949117
3031,16830539,12198596,29029135,3,0,0,9728,6,8256226637
3032,16831130,10981741,27812871,1,0,0,93696,19,9671276538
3033,16841470,11283758,28125228,2,0,0,1536,1,5687763589
3034,16842270,11868138,28710408,1,0,0,14848,19,6384514457
3035,16859100,28897150,45756250,3,0,1,5632,6,249353998
3036,16859400,28951623,45811023,5,0,1,1024,10,8977820013
3037,16861250,28949796,45811046,9,0,1,26624,7,1054639490
3038,16861780,11536427,28398207,6,0,0,48128,2,7135164989
3039,16864441,11488086,28352527,0,0,0,36864,10,3788233021
3040,16870270,10784388,27654658,1,0,0,10240,19,2719469671
3041,16872700,10833466,27706166,1,0,0,13312,19,1508277330
3042,16877140,11573834,28450974,1,0,0,3584,19,9121021825
3043,16881170,28932886,45814056,6,0,1,13312,2,2263159589
3044,16892170,28998511,45890681,9,0,1,17920,7,10365322834
3045,16902400,29119673,46022073,9,0,1,19456,7,6637412534
3046,16904771,11150267,28055038,9,0,0,24576,7,4545770475
3047,16905761,11474920,28380681,0,0,0,16384,10,2084659179
3048,16909240,29143969,46053209,3,0,1,512,6,3732685884
3049,16910670,10791371,27702041,6,0,0,4096,2,7032628302
3050,16916500,10903148,27819648,2,0,0,16896,1,3138796796
3051,16919431,11274484,28193915,9,0,0,3072,7,498780685
3052,16927520,10560590,27488110,6,0,0,20992,2,3365073323
3053,16937330,29115902,46053232,5,0,1,3584,10,1796944666
3054,16942099,10925859,27867958,4,0,0,5120,6,7862757209
3055,16952980,11195112,28148092,8,0,0,6144,9,1688890086
3056,16955781,10492765,27448546,0,0,0,2048,10,5074304473
3057,16966650,11438311,28404961,5,0,0,5632,10,4929925785
3058,16967090,29086165,46053255,9,0,1,7680,7,6703756975
3059,16968540,29090385,46058925,3,0,1,20992,6,1021977461
3060,16969690,29095321,46065011,3,0,1,2048,6,7638140114
3061,16973030,29096671,46069701,3,0,1,7680,6,3987206430
3062,16973279,11385690,28358969,4,0,0,8192,6,5999845386
3063,16976379,11380071,28356450,4,0,0,12800,6,8747568562
3064,16976889,10797510,27774399,4,0,0,30208,6,6922861213
3065,16980390,11864904,28845294,8,0,0,12800,9,10374157182
3066,16981099,11660051,28641150,4,0,0,25600,6,4720411032
3067,16984120,29105346,46089466,5,0,1,9728,10,8166467427
3068,16986320,29198987,46185307,5,0,1,22016,10,527362424
3069,16991579,10906262,27897841,3,0,0,26112,6,5019388385
3070,16999429,11477643,28477072,4,0,0,16384,6,9583548140
3071,17005219,10809258,27814477,3,0,0,2560,6,904137276
3072,17013950,11002033,28015983,6,0,0,52736,2,6634178312
3073,17014169,10799505,27813674,3,0,0,2560,6,7611288750
3074,17020121,12090253,29110374,9,0,0,23552,7,4026544235
3075,17029809,11065430,28095239,4,0,0,1536,6,5047645807
3076,17042120,11125083,28167203,1,0,0,6144,19,6193901307
3077,17047480,12204094,29251574,5,0,0,34816,10,3754164832
3078,17048511,11446353,28494864,0,0,0,37376,10,2260228821
3079,17062190,10791938,27854128,1,0,0,12288,19,4165731524
3080,17063920,11722566,28786486,6,0,0,32256,2,4139425750
3081,17083770,29104763,46188533,0,0,1,5120,10,10663173737
3082,17084000,11797617,28881617,2,0,0,16384,1,10311152291
3083,17086960,12317713,29404673,1,0,0,34304,19,9455965844
3084,17087150,10882539,27969689,6,0,0,20992,2,8033774124
3085,17090091,11409476,28499567,0,0,0,15360,10,700261496
3086,17094591,10974295,28068886,0,0,0,18944,10,1297303756
3087,17100060,12268694,29368754,2,0,0,79360,1,4892444538
3088,17111981,11317151,28429132,0,0,0,9216,10,8756489483
3089,17126610,12142279,29268889,6,0,0,37376,2,3534581567
3090,17159291,29071403,46230694,1,0,1,6656,19,407164410
3091,17178510,29053170,46231680,5,0,1,1536,10,2128884323
3092,17181460,29093757,46275217,2,0,1,5632,1,9416760867
3093,17181770,29094693,46276463,5,0,1,1536,10,5517670101
3094,17191129,11334101,28525230,3,0,0,3072,6,3901776623
3095,17197599,11562321,28759920,3,0,0,26112,6,9732114279
3096,17199341,11381573,28580914,9,0,0,8704,7,4505590398
3097,17202150,11674452,28876602,1,0,0,39936,19,3368020112
3098,17208489,11214193,28422682,3,0,0,23040,6,8522130669
3099,17213920,29141837,46355757,3,0,1,3584,6,1233363335
3100,17232690,29457359,46690049,4,0,1,93696,6,9684492067
3101,17239210,11828014,29067224,6,0,0,25600,2,936222135
3102,17239530,29903378,47142908,4,0,1,76288,6,9765582887
3103,17242559,10812951,28055510,3,0,0,1024,6,6800295749
3104,17246949,29907216,47154165,8,0,1,2560,9,5148640029
3105,17259719,11078690,28338409,3,0,0,72704,6,1339337684
3106,17262950,10815336,28078286,2,0,0,10240,1,2518990392
3107,17269500,29886291,47155791,5,0,1,2560,10,9007187765
3108,17275909,29930291,47206200,8,0,1,13312,9,1451280966
3109,17278021,11300218,28578239,9,0,0,21504,7,4062384351
3110,17284420,29924686,47209106,9,0,1,4608,7,1203947520
3111,17288500,11122436,28410936,2,0,0,19456,1,794385478
3112,17291259,12451782,29743041,4,0,0,37888,6,5094758226
3113,17293110,11382300,28675410,5,0,0,24064,10,4267414692
3114,17298210,11085310,28383520,8,0,0,9216,9,2143004329
3115,17303270,11868804,29172074,5,0,0,32768,10,4741827964
3116,17303659,12231950,29535609,4,0,0,70144,6,2988080689
3117,17303861,12027733,29331594,0,0,0,8192,10,7559048850
3118,17315970,12286989,29602959,1,0,0,12800,19,2224582232
3119,17323039,11080183,28403222,3,0,0,16384,6,6357330226
3120,17330280,11938788,29269068,2,0,0,512,1,6283852423
3121,17338150,12166665,29504815,7,0,0,37888,7,8558263896
3122,17338820,29885320,47224140,2,0,1,512,1,6715187950
3123,17350361,11185776,28536137,0,0,0,11264,10,2943911259
3124,17352999,29872768,47225767,8,0,1,10240,9,7799136369
3125,17354919,11079228,28434147,3,0,0,16384,6,8558577722
3126,17361040,11461361,28822401,5,0,0,53248,10,9183262389
3127,17367290,30628318,47995608,4,0,1,401408,6,9800955520
3128,17370418,30648614,48019032,6,0,1,512,2,1737469010
3129,17372920,12422654,29795574,6,0,0,13312,2,8978992502
3130,17374550,11309463,28684013,6,0,0,28160,2,6215035383
3131,17376430,11147841,28524271,6,0,0,12288,2,2174339161
3132,17381080,30663799,48044879,2,0,1,2048,1,9278546393
3133,17388151,11083906,28472057,9,0,0,22528,7,3128949953
3134,17394111,30654939,48049050,1,0,1,8192,19,4355109564
3135,17401380,30652176,48053556,3,0,1,7168,6,8916573067
3136,17402290,11602640,29004930,8,0,0,512,9,10656376824
3137,17405540,30652202,48057742,0,0,1,6656,10,2432934851
3138,17413550,11545466,28959016,6,0,0,44544,2,2334379994
3139,17419990,11043334,28463324,7,0,0,2048,7,1143722020
3140,17422310,10993329,28415639,2,0,0,15360,1,3177685211
3141,17428421,11170797,28599218,9,0,0,10240,7,1586516768
3142,17430239,11318034,28748273,3,0,0,2048,6,7156914642
3143,17435430,30626622,48062052,6,0,1,1536,2,5770781848
3144,17448669,12401342,29850011,4,0,0,29696,6,6853857318
3145,17468340,12552304,30020644,6,0,0,47104,2,9076145457
3146,17469120,11953765,29422885,8,0,0,26624,9,5488922973
3147,17471090,11555058,29026148,8,0,0,52224,9,4287250950
3148,17471919,11315058,28786977,4,0,0,1536,6,9301057205
3149,17476210,11740115,29216325,7,0,0,40960,7,9571660158
3150,17480440,30582585,48063025,9,0,1,12800,7,9144762151
3151,17488820,11673247,29162067,8,0,0,40448,9,1047427531
3152,17498559,31169035,48667594,8,0,1,473600,9,4036687624
3153,17501540,11015811,28517351,6,0,0,8192,2,8292838375
3154,17514390,31153227,48667617,5,0,1,2560,10,3540398951
3155,17527890,11296094,28823984,5,0,0,5120,10,9534690300
3156,17529099,12013085,29542184,4,0,0,21504,6,1096700788
3157,17529540,11247095,28776635,9,0,0,54784,7,6489172757
3158,17531151,11130146,28661297,0,0,0,5632,10,7348872419
3159,17533971,11185994,28719965,9,0,0,31232,7,2605126854
3160,17536270,11704673,29240943,5,0,0,9728,10,3516792496
3161,17538510,31129130,48667640,3,0,1,512,6,6188603553
3162,17544380,11501149,29045529,7,0,0,27136,7,5315005713
3163,17549460,11536374,29085834,2,0,0,38400,1,7202505247
3164,17551559,31206694,48758253,8,0,1,105472,9,5938851331
3165,17553421,11429420,28982841,0,0,0,23040,10,6057567191
3166,17553570,11576636,29130206,2,0,0,59904,1,7405145953
3167,17569139,31282256,48851395,8,0,1,95232,9,9724244971
3168,17573840,11624724,29198564,2,0,0,20992,1,1375841388
3169,17576009,11917239,29493248,3,0,0,76288,6,462747041
3170,17577640,12210556,29788196,5,0,0,62464,10,5183545388
3171,17583761,11597742,29181503,0,0,0,26624,10,6736268758
3172,17587180,31266161,48853341,2,0,1,3072,1,3751982697
3173,17606960,11182848,28789808,7,0,0,9216,7,9578691510
3174,17622890,11471703,29094593,7,0,0,28672,7,4507819539
3175,17629781,11711613,29341394,9,0,0,9728,7,685961316
3176,17637490,11283884,28921374,1,0,0,19968,19,4670098489
3177,17647790,11356961,29004751,7,0,0,20480,7,9340148106
3178,17652031,11398201,29050232,0,0,0,15360,10,2210045386
3179,17664079,11365547,29029626,4,0,0,1536,6,6432066913
3180,17665110,12147491,29812601,8,0,0,55808,9,9986262162
3181,17674300,12293136,29967436,6,0,0,33792,2,858973265
3182,17675180,11984654,29659834,6,0,0,25600,2,343760745
3183,17677690,11597676,29275366,6,0,0,11776,2,4099374084
3184,17678729,11715423,29394152,4,0,0,67584,6,2949382102
3185,17683330,12382968,30066298,5,0,0,14336,10,133125493
3186,17691461,11382650,29074111,0,0,0,22528,10,4192067457
3187,17695540,11528787,29224327,1,0,0,23552,19,1586030764
3188,17696360,12197961,29894321,8,0,0,25088,9,1374498427
3189,17700440,31171770,48872210,4,0,1,47104,6,9871134741
3190,17701720,11397428,29099148,7,0,0,14848,7,5722631944
3191,17704389,12409154,30113543,4,0,0,10240,6,4142312567
3192,17704400,12341373,30045773,2,0,0,10752,1,7844906367
3193,17718010,11512900,29230910,7,0,0,21504,7,4788410931
3194,17737390,11634351,29371741,7,0,0,9728,7,9738197490
3195,17747381,11679076,29426457,0,0,0,9216,10,4601433639
3196,17749790,12305054,30054844,8,0,0,29696,9,893863984
3197,17752170,31138249,48890419,3,0,1,512,6,10575654317
3198,17755800,31153471,48909271,2,0,1,6144,1,10661293785
3199,17755810,12171439,29927249,7,0,0,37376,7,6186555975
3200,17761639,11438196,29199835,4,0,0,4096,6,7253031645
3201,17779391,31156518,48935909,1,0,1,22016,19,7683663284
3202,17788500,11384868,29173368,2,0,0,2048,1,9108316008
3203,17792390,12387819,30180209,5,0,0,36352,10,7520025918
3204,17803560,12711664,30515224,2,0,0,17920,1,5785652799
3205,17811010,11361711,29172721,5,0,0,2048,10,4411644097
3206,17812779,12023903,29836682,3,0,0,28160,6,330770
3207,17814230,11769043,29583273,8,0,0,20480,9,7684192445
3208,17815410,11599332,29414742,8,0,0,16384,9,3107536830
3209,17816061,12803669,30619730,0,0,0,26112,10,5426110018
3210,17816890,12459891,30276781,8,0,0,12288,9,4395217000
3211,17819699,31147718,48967417,8,0,1,7680,9,10305180813
3212,17820180,31150783,48970963,9,0,1,5632,7,487593894
3213,17824319,11989709,29814028,4,0,0,4608,6,10589224013
3214,17836560,11445723,29282283,5,0,0,14336,10,4814759364
3215,17836700,12602499,30439199,7,0,0,20480,7,5977319559
3216,17838550,31194794,49033344,4,0,1,3072,6,10427470922
3217,17839859,11377269,29217128,4,0,0,2560,6,6387018695
3218,17847761,11561966,29409727,9,0,0,6656,7,1340026672
3219,17850420,31183126,49033546,6,0,1,7168,2,1629766177
3220,17851510,11800501,29652011,7,0,0,16896,7,343937511
3221,17867579,11677280,29544859,3,0,0,8704,6,1299271920
3222,17875020,12246742,30121762,7,0,0,2560,7,5897881442
3223,17877649,11572101,29449750,3,0,0,7168,6,3717819150
3224,17883640,31149929,49033569,6,0,1,14848,2,4095007733
3225,17886901,11711127,29598028,0,0,0,512,10,2875908631
3226,17894221,31178272,49072493,1,0,1,7168,19,4763494843
3227,17902400,11602594,29504994,6,0,0,512,2,9402643401
3228,17906350,11792513,29698863,5,0,0,30720,10,9544161712
3229,17906911,31174988,49081899,1,0,1,5120,19,3994237808
3230,17907220,11500440,29407660,8,0,0,9728,9,2149847201
3231,17912000,31169922,49081922,5,0,1,5632,10,8278501513
3232,17912279,12825654,30737933,4,0,0,17408,6,6923975030
3233,17915171,11942351,29857522,0,0,0,24576,10,7839545600
3234,17929670,31152275,49081945,5,0,1,3072,10,150541351
3235,17932400,11836741,29769141,2,0,0,8192,1,8828434863
3236,17936030,11818422,29754452,1,0,0,37376,19,3755471632
3237,17939420,11658360,29597780,5,0,0,26112,10,5886894825
3238,17939860,12048715,29988575,6,0,0,5632,2,6062625411
3239,17955670,12158699,30114369,2,0,0,2560,1,5511469005
3240,17961731,13115291,31077022,0,0,0,56320,10,3506781052
3241,17961960,12029975,29991935,6,0,0,5120,2,3481013546
3242,17964619,12231910,30196529,4,0,0,44544,6,5821177136
3243,17966100,12896057,30862157,6,0,0,76800,2,1346496581
3244,17967230,12197438,30164668,1,0,0,6144,19,4227362670
3245,17970580,31111388,49081968,6,0,1,9728,2,679662761
3246,17992760,31089231,49081991,9,0,1,15872,7,3695683967
3247,17996760,12457965,30454725,7,0,0,13312,7,5763346803
3248,17998570,31101587,49100157,9,0,1,10752,7,7692491464
3249,18010510,13010861,31021371,7,0,0,21504,7,1604548710
3250,18015220,12733452,30748672,2,0,0,30720,1,1835946027
3251,18017480,11737463,29754943,1,0,0,1536,19,4493516032
3252,18032180,11896496,29928676,6,0,0,4608,2,4026640854
3253,18033160,13681833,31714993,1,0,0,136704,19,10489369230
3254,18040710,11632625,29673335,8,0,0,11264,9,3843760144
3255,18041680,11749815,29791495,2,0,0,10752,1,7658186050
3256,18045789,31054391,49100180,8,0,1,1024,9,3057111818
3257,18046531,31254399,49300930,1,0,1,104960,19,1524694454
3258,18049110,11776367,29825477,8,0,0,11264,9,9482911879
3259,18051559,11789358,29840917,3,0,0,13824,6,6967211958
3260,18056139,31249370,49305509,8,0,1,8192,9,4901131414
3261,18071810,12134414,30206224,7,0,0,31744,7,5510872994
3262,18081101,11980456,30061557,9,0,0,17920,7,2579744968
3263,18085760,31242599,49328359,0,0,1,512,10,4111751788
3264,18100690,11924501,30025191,2,0,0,14848,1,1549089017
3265,18104460,31223922,49328382,0,0,1,3072,10,1456645483
3266,18105680,31245339,49351019,5,0,1,1024,10,10564085306
3267,18106399,11764408,29870807,3,0,0,7680,6,112254116
3268,18106710,13090284,31196994,6,0,0,33792,2,5732813970
3269,18128220,12022790,30151010,8,0,0,25600,9,10584752542
3270,18130590,13376311,31506901,5,0,0,18432,10,919048848
3271,18144231,12234561,30378792,9,0,0,24064,7,7178910678
3272,18145100,12402787,30547887,2,0,0,22016,1,5635820952
3273,18150530,31200512,49351042,2,0,1,512,1,6440504252
3274,18168140,11993198,30161338,2,0,0,30208,1,2986912803
3275,18168420,13018232,31186652,5,0,0,30208,10,8318402641
3276,18176730,12410150,30586880,8,0,0,26112,9,1305815728
3277,18184520,12064675,30249195,1,0,0,32768,19,3646352011
3278,18189289,12543317,30732606,3,0,0,17408,6,3036641729
3279,18189630,12381108,30570738,1,0,0,37888,19,48729223
3280,18193250,13358804,31552054,7,0,0,71680,7,1149130395
3281,18199230,13641692,31840922,6,0,0,7168,2,8058793614
3282,18200650,31150415,49351065,5,0,1,15360,10,9369281142
3283,18200969,12170347,30371316,3,0,0,34816,6,4468686
3284,18201930,12155571,30357501,2,0,0,47104,1,2429992533
3285,18204330,12132856,30337186,1,0,0,10240,19,8001867
3286,18205150,12007025,30212175,6,0,0,19456,2,5907984426
3287,18206379,13232691,31439070,3,0,0,29696,6,8571336768
3288,18209880,12223056,30432936,6,0,0,40448,2,2533843646
3289,18212530,12678377,30890907,1,0,0,32768,19,5035630473
3290,18215190,31135898,49351088,3,0,1,2560,6,3366514148
3291,18218840,11849798,30068638,1,0,0,5632,19,302632747
3292,18253121,12224620,30477741,9,0,0,8192,7,103194756
3293,18253591,12804307,31057898,9,0,0,119808,7,5981483766
3294,18254330,11984858,30239188,5,0,0,17408,10,540555862
3295,18257800,12152954,30410754,2,0,0,36352,1,6079737078
3296,18268990,31083036,49352026,3,0,1,3584,6,8458073892
3297,18270060,31141507,49411567,4,0,1,27136,6,1966738660
3298,18289670,12518730,30808400,9,0,0,35328,7,9416126668
3299,18291790,31216699,49508489,6,0,1,12288,2,3644626838
3300,18301930,12255349,30557279,1,0,0,21504,19,9569094156
3301,18302920,11967513,30270433,9,0,0,1536,7,4819710869
3302,18306700,13831265,32137965,1,0,0,118784,19,9238277615
3303,18315600,11782801,30098401,5,0,0,4608,10,4972143893
3304,18319410,31201316,49520726,7,0,1,7168,7,7011484729
3305,18330391,12325394,30655785,0,0,0,96256,10,5963512123
3306,18336849,12646233,30983082,3,0,0,25600,6,9284451475
3307,18339849,11954630,30294479,3,0,0,27648,6,5159208426
3308,18339940,12194087,30534027,2,0,0,15360,1,1171009930
3309,18351670,12096912,30448582,7,0,0,30720,7,5786112309
3310,18355000,11894374,30249374,6,0,0,512,2,9092829890
3311,18359900,12247905,30607805,9,0,0,45056,7,2357716761
3312,18360109,31160835,49520944,8,0,1,14848,9,7913180187
3313,18368210,12300303,30668513,6,0,0,3072,2,3151034505
3314,18369180,31200270,49569450,9,0,1,3072,7,3152888229
3315,18406700,11915410,30322110,7,0,0,30720,7,9137680089
3316,18407299,13590404,31997703,3,0,0,4096,6,667098775
3317,18411239,13148661,31559900,3,0,0,22528,6,6690563894
3318,18414019,12763406,31177425,3,0,0,25600,6,279429542
3319,18414530,31155266,49569796,7,0,1,512,7,7423288233
3320,18434240,12788111,31222351,7,0,0,11264,7,4139254739
3321,18445610,31124545,49570155,2,0,1,9728,1,4195716191
3322,18468591,12198963,30667554,0,0,0,10240,10,10621638219
3323,18469471,13288543,31758014,0,0,0,25600,10,9559947310
3324,18480120,31125329,49605449,2,0,1,13312,1,1249851265
3325,18480630,12481937,30962567,1,0,0,68608,19,5192325086
3326,18485000,12874927,31359927,2,0,0,25600,1,8257542533
3327,18487960,12168472,30656432,2,0,0,2048,1,38775943
3328,18490140,31151168,49641308,3,0,1,4608,6,5451465265
3329,18490971,12623022,31113993,0,0,0,7168,10,454270942
3330,18491670,12172741,30664411,9,0,0,26112,7,4504632778
3331,18500290,31141220,49641510,6,0,1,6656,2,2379202478
3332,18511820,13691397,32203217,1,0,0,37376,19,2117140364
3333,18511971,12453918,30965889,0,0,0,10752,10,7755440201
3334,18513800,12027356,30541156,9,0,0,12288,7,200990298
3335,18518980,12603573,31122553,9,0,0,7168,7,1922902211
3336,18523340,13112119,31635459,8,0,0,86528,9,167222555
3337,18540269,12575775,31116044,4,0,0,6656,6,5754415092
3338,18544340,12027738,30572078,8,0,0,4096,9,595469164
3339,18552980,31088553,49641533,3,0,1,12288,6,1711357842
3340,18558660,31148470,49707130,2,0,1,3584,1,9672991888
3341,18563861,12233752,30797613,0,0,0,60416,10,5372167482
3342,18568300,12261667,30829967,7,0,0,15872,7,4969757141
3343,18571320,12267406,30838726,8,0,0,28672,9,9689675900
3344,18571329,31137427,49708756,8,0,1,2560,9,8126533677
3345,18574050,12037701,30611751,5,0,0,11776,10,9931072234
3346,18574310,12330536,30904846,6,0,0,3584,2,1924434501
3347,18583001,31197929,49780930,1,0,1,71680,19,3801877266
3348,18583410,12024730,30608140,1,0,0,1024,19,2587335993
3349,18584240,12401205,30985445,1,0,0,7680,19,8217857852
3350,18591550,13286734,31878284,2,0,0,34304,1,4800700330
3351,18595011,13762086,32357097,0,0,0,40960,10,1801784930
3352,18599020,13307546,31906566,5,0,0,83968,10,6703036225
3353,18610159,31171628,49781787,8,0,1,1024,9,4339380021
3354,18611090,12280152,30891242,9,0,0,1024,7,3196295312
3355,18615020,12755694,31370714,6,0,0,35328,2,9072338915
3356,18619010,12243794,30862804,5,0,0,2048,10,5333245348
3357,18624830,11953287,30578117,7,0,0,3072,7,1283131420
3358,18638219,31148093,49786312,8,0,1,12288,9,7148962602
3359,18639500,12472286,31111786,8,0,0,30208,9,1877933875
3360,18646319,12576523,31222842,3,0,0,1536,6,7477383445
3361,18647740,12631761,31279501,1,0,0,6656,19,2880503425
3362,18655510,12551179,31206689,8,0,0,31744,9,304881638
3363,18657840,31141761,49799601,7,0,1,3584,7,3211209930
3364,18665150,31146936,49812086,7,0,1,9216,7,4837219605
3365,18682680,31137348,49820028,4,0,1,4096,6,6984579939
3366,18683180,12535700,31218880,9,0,0,39936,7,3835915696
3367,18696660,12692866,31389526,7,0,0,10240,7,1795430908
3368,18696979,31194408,49891387,8,0,1,4096,9,10173308625
3369,18699720,13303994,32003714,6,0,0,11776,2,1179419757
3370,18705160,12787476,31492636,1,0,0,112640,19,6964497987
3371,18708409,12449619,31158028,3,0,0,24576,6,8189785373
3372,18712230,12673818,31386048,9,0,0,30720,7,4848922903
3373,18734450,12920143,31654593,2,0,0,24064,1,7869779136
3374,18737879,12339634,31077513,3,0,0,1536,6,7741973848
3375,18739630,12157561,30897191,6,0,0,15360,2,164976909
3376,18741230,13884925,32626155,7,0,0,8192,7,3366215545
3377,18742820,12818359,31561179,5,0,0,4096,10,3277843198
3378,18745181,12775315,31520496,0,0,0,44544,10,4852935858
3379,18765870,13101939,31867809,5,0,0,53760,10,630567369
3380,18782100,12594565,31376665,1,0,0,19456,19,6390048021
3381,18785680,12184981,30970661,8,0,0,7680,9,7700641768
3382,18793860,13279491,32073351,7,0,0,30208,7,10069141878
3383,18799050,31092683,49891733,3,0,1,512,6,4469999633
3384,18800691,31185117,49985808,1,0,1,60928,19,8140269258
3385,18808180,12581993,31390173,8,0,0,2048,9,9512589471
3386,18811240,12984050,31795290,7,0,0,8704,7,8701724094
3387,18812500,13699361,32511861,6,0,0,12288,2,2077539177
3388,18813110,31174534,49987644,3,0,1,4096,6,10322536172
3389,18818321,12930888,31749209,0,0,0,3072,10,7449014844
3390,18824370,31164260,49988630,3,0,1,1536,6,4580181294
3391,18843620,12216173,31059793,5,0,0,6144,10,4629327102
3392,18851571,12678620,31530191,0,0,0,31744,10,924792599
3393,18854510,31135746,49990256,6,0,1,2560,2,2214456693
3394,18857210,31168089,50025299,0,0,1,16896,10,461480262
3395,18859350,13073273,31932623,6,0,0,5120,2,6296537299
3396,18863850,12422900,31286750,6,0,0,13312,2,5179929266
3397,18868790,12530454,31399244,6,0,0,29696,2,4171336040
3398,18870720,31154925,50025645,7,0,1,512,7,8812069772
3399,18871080,31245523,50116603,4,0,1,41472,6,10611582795
3400,18879030,12843474,31722504,7,0,0,24576,7,7828150987
3401,18885010,12612173,31497183,9,0,0,14848,7,8751005003
3402,18891770,13278284,32170054,9,0,0,62976,7,8108047371
3403,18900610,12451494,31352104,8,0,0,59392,9,10512497168
3404,18902730,12374697,31277427,8,0,0,19968,9,6679401099
3405,18904080,31213394,50117474,4,0,1,12288,6,2958051395
3406,18904540,31251200,50155740,4,0,1,2048,6,10487635912
3407,18905860,12884970,31790830,9,0,0,4096,7,5995642595
3408,18922420,31238670,50161090,0,0,1,17920,10,10353328115
3409,18924190,31239486,50163676,5,0,1,7168,10,6928393502
3410,18953360,31252021,50205381,7,0,1,2048,7,6594040742
3411,18962870,31242857,50205727,2,0,1,512,1,4162364805
3412,18963780,12422603,31386383,7,0,0,1024,7,1312584633
3413,18972070,12339623,31311693,7,0,0,7168,7,9853368539
3414,18972130,12862674,31834804,9,0,0,6144,7,5220321250
3415,18984029,31254739,50238768,8,0,1,22528,9,8733309326
3416,18990630,12749548,31740178,9,0,0,41984,7,8200645940
3417,18991700,12979042,31970742,7,0,0,2560,7,10323733162
3418,18992000,12432325,31424325,9,0,0,1536,7,5913780443
3419,18994980,31260473,50255453,3,0,1,2048,6,3030233159
3420,19008601,12492661,31501262,0,0,0,13312,10,8236081701
3421,19019130,12548312,31567442,7,0,0,20480,7,8431339379
3422,19020380,12392684,31413064,9,0,0,12800,7,9013871333
3423,19021330,12909687,31931017,7,0,0,73216,7,9285544086
3424,19023620,12554016,31577636,8,0,0,10752,9,9159169635
3425,19041780,13194615,32236395,9,0,0,2560,7,3331914107
3426,19042840,31240942,50283782,2,0,1,2560,1,2569652403
3427,19046130,12891780,31937910,7,0,0,16896,7,4362274902
3428,19054470,13282877,32337347,9,0,0,66560,7,6339816274
3429,19056490,12349903,31406393,9,0,0,10240,7,6717238814
3430,19070550,31245866,50316416,0,0,1,5120,10,7163043867
3431,19095469,12348460,31443929,3,0,0,15872,6,805990463
3432,19097630,12650612,31748242,7,0,0,26112,7,8972267755
3433,19098550,12510482,31609032,7,0,0,50688,7,583373018
3434,19106840,12744542,31851382,9,0,0,30720,7,3130955848
3435,19113860,12460469,31574329,6,0,0,22528,2,6627259887
3436,19114310,13069362,32183672,9,0,0,27136,7,8472371181
3437,19120111,31198917,50319028,1,0,1,4096,19,5596479002
3438,19121900,31199074,50320974,7,0,1,3072,7,4546664524
3439,19122290,31199145,50321435,0,0,1,10240,10,9455649915
3440,19123760,12704804,31828564,1,0,0,51200,19,10155348473
3441,19125100,12427913,31553013,8,0,0,3072,9,5790073407
3442,19132980,12821645,31954625,1,0,0,54784,19,4459951806
3443,19140100,12587263,31727363,8,0,0,15872,9,1616346997
3444,19143891,13167982,32311873,0,0,0,56832,10,6843562658
3445,19156360,13543757,32700117,6,0,0,17920,2,10666674044
3446,19156389,31172458,50328847,8,0,1,11776,9,8192740084
3447,19178290,31179355,50357645,6,0,1,13312,2,232834415
3448,19187831,12773720,31961551,0,0,0,5632,10,2141270756
3449,19189500,12985881,32175381,8,0,0,17408,9,8304122316
3450,19193830,12907920,32101750,7,0,0,47104,7,3786310344
3451,19213540,13381345,32594885,8,0,0,7168,9,7689952484
3452,19219889,12739923,31959812,3,0,0,16896,6,950613820
3453,19229160,13153576,32382736,8,0,0,60416,9,3924009706
3454,19240080,13245533,32485613,6,0,0,30720,2,4642961018
3455,19242301,12638658,31880959,0,0,0,8704,10,1936382699
3456,19245890,12775789,32021679,5,0,0,7168,10,9069586562
3457,19262280,12754534,32016814,7,0,0,16896,7,2732633180
3458,19264130,12372444,31636574,7,0,0,3584,7,5772834015
3459,19278940,13289961,32568901,8,0,0,14336,9,7582737232
3460,19282240,31075428,50357668,3,0,1,6144,6,7193564291
3461,19282390,13007052,32289442,1,0,0,32256,19,8177015602
3462,19282680,12626006,31908686,8,0,0,6656,9,3213884994
3463,19284810,31085637,50370447,3,0,1,11264,6,6299436381
3464,19287050,31215586,50502636,2,0,1,7680,1,9752406251
3465,19291610,31223447,50515057,3,0,1,14848,6,1054461395
3466,19299560,12936032,32235592,2,0,0,45056,1,7253772861
3467,19299620,31260972,50560592,5,0,1,16384,10,1076566618
3468,19301511,13174228,32475739,0,0,0,37376,10,4591946038
3469,19303920,13226081,32530001,8,0,0,26112,9,4093101493
3470,19306060,12686327,31992387,9,0,0,7168,7,10006303199
3471,19306870,12882464,32189334,6,0,0,6144,2,7559354541
3472,19309180,14013879,33323059,7,0,0,3584,7,8227202550
3473,19312550,13490797,32803347,9,0,0,28672,7,6682458959
3474,19318770,31296605,50615375,5,0,1,17408,10,2502289402
3475,19326320,12671944,31998264,6,0,0,1024,2,1645082578
3476,19327769,12422399,31750168,3,0,0,3072,6,10247539612
3477,19328249,31287792,50616041,8,0,1,1024,9,6094813533
3478,19335740,12806460,32142200,5,0,0,13824,10,7666448705
3479,19366600,31252667,50619267,5,0,1,5120,10,7440137565
3480,19371000,31248831,50619831,3,0,1,10752,6,10091066822
3481,19382881,13300283,32683164,0,0,0,12288,10,6121078493
3482,19383150,31246254,50629404,3,0,1,6656,6,5520028496
3483,19386480,13400886,32787366,8,0,0,116224,9,286780202
3484,19391830,31240669,50632499,6,0,1,3072,2,1462502716
3485,19392090,31241206,50633296,4,0,1,3072,6,8701730416
3486,19392790,31258003,50650793,3,0,1,6144,6,3125438911
3487,19401590,31266066,50667656,6,0,1,22528,2,5662086983
3488,19401670,31379438,50781108,4,0,1,34816,6,1556203999
3489,19402200,31382454,50784654,7,0,1,5632,7,9456151415
3490,19402601,12587579,31990180,0,0,0,11264,10,589344053
3491,19413660,13492432,32906092,9,0,0,62976,7,9240753150
3492,19420620,31435325,50855945,6,0,1,18432,2,4902901346
3493,19426009,13845576,33271585,3,0,0,28672,6,4283451314
3494,19440140,31415828,50855968,9,0,1,512,7,1899185360
3495,19446410,12592952,32039362,8,0,0,8704,9,3780837871
3496,19447809,13708019,33155828,4,0,0,31744,6,4021566404
3497,19450690,13280224,32730914,1,0,0,13312,19,4506113363
3498,19461079,13632782,33093861,3,0,0,32768,6,6056590141
3499,19474201,32133428,51607629,1,0,1,252416,19,692819182
3500,19478300,13697056,33175356,8,0,0,19968,9,5005189752
3501,19492920,13569436,33062356,5,0,0,38400,10,8152316728
3502,19499100,32120596,51619696,7,0,1,14848,7,1017661849
3503,19503070,12703009,32206079,5,0,0,1536,10,434213662
3504,19507329,32151695,51659024,8,0,1,1536,9,5660365254
3505,19511250,32147797,51659047,7,0,1,11776,7,9661952963
3506,19515850,13370540,32886390,1,0,0,25600,19,8971475899
3507,19523740,12695171,32218911,7,0,0,17408,7,1286772741
3508,19528540,12663266,32191806,7,0,0,6656,7,4780743428
3509,19530980,13519653,33050633,7,0,0,34816,7,5783619032
3510,19545220,12642219,32187439,8,0,0,12288,9,3963023912
3511,19546621,13014212,32560833,0,0,0,23040,10,3752436239
3512,19553231,32552786,52106017,1,0,1,185344,19,4781705610
3513,19555940,13191979,32747919,7,0,0,17408,7,1498519191
3514,19557080,32615166,52172246,2,0,1,11264,1,7319905261
3515,19560901,32649971,52210872,1,0,1,33280,19,2087568936
3516,19572780,13875614,33448394,9,0,0,41472,7,7839738553
3517,19593910,12611678,32205588,5,0,0,7680,10,898170412
3518,19595959,32614936,52210895,8,0,1,9728,9,3687997955
3519,19605989,12733271,32339260,3,0,0,3072,6,8686665033
3520,19607290,12811634,32418924,5,0,0,2560,10,10346202683
3521,19614130,32596788,52210918,6,0,1,512,2,962849874
3522,19623271,13028466,32651737,0,0,0,8192,10,7211188406
3523,19624370,13843770,33468140,7,0,0,5120,7,42587099
3524,19629820,13177770,32807590,6,0,0,13824,2,1069738649
3525,19637800,12764549,32402349,1,0,0,28160,19,1824430976
3526,19642640,32591032,52233672,6,0,1,27648,2,860496777
3527,19654180,13608646,33262826,1,0,0,66560,19,9710290754
3528,19666530,13162247,32828777,5,0,0,44544,10,2251741439
3529,19670479,32565107,52235586,8,0,1,2560,9,8511266196
3530,19671800,12746321,32418121,6,0,0,7168,2,1791407780
3531,19682400,13593732,33276132,1,0,0,14848,19,10019929448
3532,19689970,12454905,32144875,8,0,0,8704,9,10041961385
3533,19691690,12880510,32572200,5,0,0,10752,10,6327308429
3534,19719540,12532573,32252113,6,0,0,22016,2,4849904826
3535,19724799,12488785,32213584,3,0,0,11264,6,6212626757
3536,19725620,12591424,32317044,9,0,0,16896,7,1807432237
3537,19732919,12743311,32476230,3,0,0,1536,6,9334451040
3538,19741620,32495349,52236969,2,0,1,14848,1,3158452798
3539,19745980,13635538,33381518,6,0,0,50688,2,9962687339
3540,19752260,12809688,32561948,5,0,0,3584,10,8693477537
3541,19752770,13261548,33014318,5,0,0,28672,10,2188136290
3542,19759690,12963600,32723290,5,0,0,18432,10,8188607752
3543,19767160,13783456,33550616,8,0,0,3072,9,3123303649
3544,19767761,12878339,32646100,0,0,0,8192,10,3022714388
3545,19775520,32462755,52238275,0,0,1,2048,10,1599064981
3546,19777720,13363554,33141274,9,0,0,61440,7,6964564047
3547,19784859,12644659,32429518,4,0,0,15872,6,5475445849
3548,19785201,13047811,32833012,0,0,0,13824,10,1185592676
3549,19793480,13243504,33036984,8,0,0,73216,9,4926568147
3550,19798950,13636785,33435735,7,0,0,67584,7,266864643
3551,19800350,13205209,33005559,8,0,0,144896,9,4825779863
3552,19802530,12990631,32793161,6,0,0,18944,2,9391458448
3553,19806790,32432791,52239581,6,0,1,2048,2,8987118761
3554,19808469,12830237,32638706,3,0,0,8704,6,1891346727
3555,19809400,13671555,33480955,6,0,0,41984,2,5251600257
3556,19817979,12566496,32384475,3,0,0,5632,6,3778421528
3557,19820680,13933563,33754243,9,0,0,24064,7,6058753869
3558,19821180,13193473,33014653,5,0,0,1024,10,1349403457
3559,19825120,32443911,52269031,3,0,1,12288,6,9943429390
3560,19827860,13958202,33786062,8,0,0,41984,9,4853009881
3561,19829940,12964648,32794588,9,0,0,4608,7,996073659
3562,19840160,13046721,32886881,5,0,0,1536,10,7926776525
3563,19851449,13610140,33461589,3,0,0,5120,6,9407500124
3564,19857980,12857919,32715899,5,0,0,23040,10,9148148255
3565,19861460,32407594,52269054,9,0,1,3072,7,9050547008
3566,19867860,14073214,33941074,8,0,0,67072,9,5272820133
3567,19868300,13641073,33509373,5,0,0,40960,10,1938153576
3568,19884410,14082386,33966796,1,0,0,12800,19,9564177516
3569,19895420,13250713,33146133,7,0,0,15872,7,1036384430
3570,19896041,32701562,52597603,1,0,1,175104,19,5073305451
3571,19896710,13172400,33069110,6,0,0,22016,2,1326128417
3572,19904440,32693829,52598269,0,0,1,1024,10,10104252138
3573,19905530,12949527,32855057,1,0,0,14848,19,2537951033
3574,19908740,13691611,33600351,1,0,0,10752,19,5186353530
3575,19911141,33347308,53258449,1,0,1,414208,19,9363390862
3576,19922601,13199930,33122531,0,0,0,37376,10,8793959182
3577,19925640,33353122,53278762,2,0,1,22528,1,8855751049
3578,19937480,33370368,53307848,3,0,1,2560,6,9533002634
3579,19937590,33408926,53346516,5,0,1,31744,10,5582661767
3580,19938900,13448257,33387157,1,0,0,18432,19,7923142177
3581,19941980,13758935,33700915,6,0,0,44544,2,304091526
3582,19948880,13220346,33169226,5,0,0,33280,10,7888159375
3583,19950370,33464487,53414857,4,0,1,10240,6,1277279438
3584,19952130,33464353,53416483,2,0,1,2560,1,6972688878
3585,19970640,33446714,53417354,3,0,1,12288,6,7918199843
3586,19984129,13643869,33627998,3,0,0,5120,6,4076360026
3587,19991480,14040850,34032330,7,0,0,6144,7,9991025889
3588,20000900,13625515,33626415,5,0,0,68608,10,10262500880
3589,20005210,13383686,33388896,9,0,0,5632,7,3797528888
3590,20020920,12851588,32872508,7,0,0,13824,7,1975005090
3591,20033500,33492316,53525816,2,0,1,512,1,612704203
3592,20036131,13277929,33314060,0,0,0,6656,10,2907799968
3593,20041570,33484269,53525839,3,0,1,2560,6,8678813499
3594,20044140,13198383,33242523,9,0,0,41472,7,1317850306
3595,20052430,33473432,53525862,7,0,1,14336,7,9707308013
3596,20057990,14109073,34167063,8,0,0,61952,9,6726464239
3597,20058060,33467825,53525885,5,0,1,5632,10,1247108351
3598,20065040,13427170,33492210,5,0,0,36864,10,9170155724
3599,20071130,33454778,53525908,0,0,1,4608,10,10673374634
3600,20074340,13644093,33718433,5,0,0,19456,10,6467316305
3601,20075399,33450532,53525931,8,0,1,5632,9,3023586970
3602,20082730,13629752,33712482,8,0,0,37888,9,2423600601
3603,20085140,13559752,33644892,6,0,0,18944,2,5151634243
3604,20089311,14113898,34203209,0,0,0,51712,10,3342943815
3605,20098449,33427505,53525954,8,0,1,512,9,6715237666
3606,20098790,33427187,53525977,7,0,1,35328,7,10211811986
3607,20099020,13759511,33858531,8,0,0,26624,9,6550447227
3608,20103440,13218504,33321944,2,0,0,17408,1,5326830523
3609,20109810,14231282,34341092,9,0,0,53248,7,4673080722
3610,20139820,13607068,33746888,7,0,0,13312,7,2874629661
3611,20156041,12883961,33040002,0,0,0,9728,10,7477383459
3612,20166989,13963680,34130669,4,0,0,28160,6,9563550820
3613,20168510,13367455,33535965,5,0,0,14848,10,7815288198
3614,20172430,33387819,53560249,4,0,1,4608,6,6331952009
3615,20177030,14109717,34286747,1,0,0,25088,19,6288678776
3616,20179450,13333066,33512516,2,0,0,10240,1,4021067572
3617,20183979,13552145,33736124,4,0,0,36352,6,2954107301
3618,20184870,13463945,33648815,7,0,0,12800,7,8101060006
3619,20190740,13729875,33920615,2,0,0,98304,1,4957320423
3620,20191721,13357936,33549657,0,0,0,19456,10,10204261523
3621,20192030,13378516,33570546,5,0,0,13824,10,7895385662
3622,20194261,12964802,33159063,0,0,0,8704,10,5207221372
3623,20199100,14191325,34390425,1,0,0,17408,19,8814955899
3624,20200411,13802350,34002761,0,0,0,26624,10,3444609477
3625,20201050,13562264,33763314,6,0,0,29696,2,3926771377
3626,20203830,13569059,33772889,8,0,0,13312,9,3990210617
3627,20207129,13431968,33639097,3,0,0,36352,6,7156047161
3628,20216110,33452776,53668886,4,0,1,29184,6,9041262802
3629,20217171,13664525,33881696,0,0,0,12800,10,5062805147
3630,20222230,13583344,33805574,7,0,0,8192,7,10343930389
3631,20224530,13224534,33449064,6,0,0,2048,2,1584700020
3632,20225500,13434724,33660224,5,0,0,8192,10,4048068570
3633,20227490,13067971,33295461,6,0,0,22528,2,8132001541
3634,20229370,13765256,33994626,9,0,0,57856,7,9242843552
3635,20235270,13214909,33450179,7,0,0,3584,7,4309042746
3636,20237831,13815761,34053592,0,0,0,53760,10,8409178370
3637,20244790,13573322,33818112,5,0,0,8192,10,3949998140
3638,20247940,13611082,33859022,2,0,0,1536,1,7105153026
3639,20249210,14123583,34372793,1,0,0,24064,19,6673048420
3640,20254710,13111341,33366051,5,0,0,1024,10,7827073555
3641,20256910,33507174,53764084,6,0,1,4608,2,2754240425
3642,20262490,13742018,34004508,6,0,0,5632,2,1204905855
3643,20266420,13802536,34068956,8,0,0,35328,9,5431684007
3644,20271880,13450476,33722356,6,0,0,12800,2,9948195465
3645,20276491,33546690,53823181,1,0,1,77312,19,9793639862
3646,20277720,14168990,34446710,9,0,0,66048,7,6792570491
3647,20282320,13310914,33593234,7,0,0,2048,7,56580018
3648,20298750,13738439,34037189,9,0,0,15872,7,9023887271
3649,20299240,13677727,33976967,2,0,0,33280,1,5248987410
3650,20303890,13797715,34101605,9,0,0,53760,7,468048751
3651,20305080,14146044,34451124,6,0,0,13824,2,4001008308
3652,20307120,14364959,34672079,9,0,0,9728,7,4038397541
3653,20309870,33513334,53823204,2,0,1,1536,1,9564961399
3654,20314650,33508577,53823227,0,0,1,2560,10,1759903869
3655,20322370,13267496,33589866,5,0,0,6656,10,5210021447
3656,20330790,13503176,33833966,7,0,0,37888,7,4533915584
3657,20345500,13824885,34170385,5,0,0,9728,10,1931921308
3658,20346240,13602813,33949053,2,0,0,26112,1,3577514882
3659,20356889,13959934,34316823,4,0,0,18944,6,258068364
3660,20365430,13189889,33555319,7,0,0,15360,7,5233505565
3661,20366010,13371073,33737083,2,0,0,3072,1,7608425501
3662,20374810,13312510,33687320,2,0,0,12288,1,9096413857
3663,20382239,13648188,34030427,4,0,0,84992,6,8626342341
3664,20382801,14086794,34469595,0,0,0,24064,10,5381380989
3665,20389970,33434983,53824953,9,0,1,3072,7,991906832
3666,20393180,13828025,34221205,5,0,0,12800,10,6197397496
3667,20394970,13753194,34148164,2,0,0,57344,1,316564109
3668,20401550,14200962,34602512,7,0,0,49152,7,8754307219
3669,20407999,13554851,33962850,3,0,0,45056,6,1112206011
3670,20410690,13865725,34276415,9,0,0,16384,7,9901596506
3671,20427699,14129662,34557361,4,0,0,4096,6,9457084285
3672,20432189,14376234,34808423,4,0,0,10752,6,10322549159
3673,20439370,33391387,53830757,3,0,1,16896,6,8472021650
3674,20441610,13775672,34217282,5,0,0,26112,10,441109201
3675,20443630,14225462,34669092,9,0,0,29696,7,388059048
3676,20446790,14383668,34830458,7,0,0,2048,7,9058485353
3677,20452760,33431211,53883971,7,0,1,1536,7,8880915148
3678,20461360,13376750,33838110,1,0,0,7168,19,1936367654
3679,20464240,14340884,34805124,9,0,0,15360,7,9563536503
3680,20469180,13648028,34117208,2,0,0,16384,1,2494228425
3681,20469460,14098220,34567680,9,0,0,33792,7,9674624948
3682,20471020,33475832,53946852,7,0,1,59904,7,1356876641
3683,20474010,14186011,34660021,5,0,0,53760,10,3687290892
3684,20475469,13691929,34167398,3,0,0,1024,6,3718850044
3685,20486620,33461218,53947838,9,0,1,1536,7,3251649918
3686,20496171,13862351,34358522,0,0,0,19456,10,7465077150
3687,20496750,13993718,34490468,6,0,0,12800,2,9838125720
3688,20497699,14302722,34800421,3,0,0,60928,6,7845474905
3689,20498610,13883480,34382090,9,0,0,10240,7,1997893598
3690,20498790,13559037,34057827,6,0,0,13824,2,9155737886
3691,20499090,14330721,34829811,9,0,0,32256,7,1072111978
3692,20501170,14880542,35381712,8,0,0,108544,9,8862101227
3693,20509050,14502274,35011324,9,0,0,25088,7,1835959508
3694,20516919,13739122,34256041,3,0,0,68608,6,9247183302
3695,20518329,13714814,34233143,3,0,0,25600,6,4275691609
3696,20522831,14635986,35158817,0,0,0,6656,10,7273260992
3697,20530450,14288136,34818586,7,0,0,33280,7,4274151879
3698,20550210,14592199,35142409,6,0,0,48128,2,83639321
3699,20554630,14001460,34556090,1,0,0,45568,19,5724026960
3700,20559650,13513697,34073347,2,0,0,14336,1,1532840535
3701,20566020,33382484,53948504,4,0,1,1024,6,3240057710
3702,20566400,33387250,53953650,6,0,1,8192,2,5188381599
3703,20568110,33403267,53971377,2,0,1,1024,1,2395497260
3704,20568890,13279878,33848768,2,0,0,7680,1,4532432906
3705,20570950,33400450,53971400,0,0,1,11776,10,4169869210
3706,20579710,13731145,34310855,6,0,0,23552,2,4929121134
3707,20580460,33462491,54042951,7,0,1,38912,7,6728996185
3708,20583259,14475554,35058813,3,0,0,6144,6,3291892830
3709,20593279,13594151,34187430,4,0,0,11776,6,6572733196
3710,20597130,33547058,54144188,9,0,1,1536,7,9514421309
3711,20615270,13674776,34290046,6,0,0,10752,2,7332708139
3712,20615769,14430786,35046555,4,0,0,20480,6,4922036083
3713,20616800,14085384,34702184,2,0,0,18944,1,4313541589
3714,20619940,14297002,34916942,8,0,0,16896,9,8672134116
3715,20626080,33588952,54215032,0,0,1,5632,10,7262058598
3716,20626480,33613669,54240149,9,0,1,10752,7,6353254186
3717,20653290,13698836,34352126,5,0,0,7680,10,2074171132
3718,20667421,33610142,54277563,1,0,1,3072,19,3643417418
3719,20673250,33609139,54282389,6,0,1,7680,2,1605591166
3720,20679380,33639571,54318951,5,0,1,4608,10,8183304300
3721,20679421,14374075,35053496,0,0,0,10240,10,3763239148
3722,20683260,14588097,35271357,2,0,0,96768,1,7807824920
3723,20695341,14789302,35484643,0,0,0,110080,10,5121020079
3724,20695371,33630822,54326193,1,0,1,1536,19,3387808190
3725,20712190,13778769,34490959,9,0,0,1536,7,1608216057
3726,20712949,15071282,35784231,3,0,0,25088,6,10149830865
3727,20713770,33614369,54328139,6,0,1,3072,2,2082491890
3728,20717710,14486727,35204437,1,0,0,13824,19,2727336280
3729,20718530,14515380,35233910,9,0,0,22528,7,8241096563
3730,20719969,14881213,35601182,3,0,0,13824,6,9874386784
3731,20727660,14472542,35200202,9,0,0,72704,7,6638410083
3732,20729119,14090621,34819740,3,0,0,3584,6,9632757336
3733,20745060,33583438,54328498,6,0,1,9728,2,8504151546
3734,20746400,13897218,34643618,8,0,0,49664,9,2429500354
3735,20753791,13752301,34506092,0,0,0,3584,10,7881326489
3736,20759410,13584380,34343790,9,0,0,8704,7,3595082028
3737,20762810,34081941,54844751,7,0,1,273408,7,6055530
3738,20774650,14675159,35449809,5,0,0,104960,10,5746990895
3739,20778520,34082775,54861295,0,0,1,4608,10,9548517254
3740,20778660,34103958,54882618,3,0,1,7168,6,4678635125
3741,20780591,14242161,35022752,0,0,0,5120,10,7893145055
3742,20789390,14494782,35284172,6,0,0,41984,2,8138784877
3743,20797000,14050018,34847018,9,0,0,9216,7,6021795040
3744,20801349,14326373,35127722,3,0,0,10752,6,9016159965
3745,20807740,14100369,34908109,9,0,0,49152,7,2059769645
3746,20809280,13968714,34777994,8,0,0,20480,9,7179471018
3747,20811140,14518690,35329830,6,0,0,25088,2,360485064
3748,20814270,14396426,35210696,6,0,0,10240,2,2344839101
3749,20820370,34062812,54883182,5,0,1,10752,10,8960937736
3750,20831040,14691491,35522531,8,0,0,2560,9,9552890968
3751,20842060,14961390,35803450,5,0,0,30208,10,2030760040
3752,20845239,14553778,35399017,3,0,0,31744,6,8605041335
3753,20845650,14150415,34996065,5,0,0,22016,10,3720899395
3754,20847110,15034503,35881613,5,0,0,20992,10,5929583042
3755,20849160,13597729,34446889,9,0,0,512,7,792998447
3756,20855300,14142660,34997960,1,0,0,6144,19,10213191065
3757,20863580,14430239,35293819,9,0,0,3584,7,7219668393
3758,20869150,34225459,55094609,7,0,1,96768,7,7422056625
3759,20869860,14851864,35721724,6,0,0,24576,2,7209946792
3760,20875500,34232978,55108478,2,0,1,12288,1,1445902570
3761,20881101,14354392,35235493,0,0,0,5120,10,4894226856
3762,20891340,14955340,35846680,7,0,0,4608,7,9437151096
3763,20891609,14615378,35506987,3,0,0,18944,6,5638593134
3764,20897839,13832862,34730701,4,0,0,14848,6,8569622100
3765,20907950,14800133,35708083,6,0,0,97792,2,6685707505
3766,20929949,13979431,34909380,3,0,0,4096,6,5835661968
3767,20934400,13753190,34687590,8,0,0,11776,9,197925952
3768,20934709,14449522,35384231,4,0,0,8192,6,1460051077
3769,20936051,34177253,55113304,1,0,1,7680,19,5057548713
3770,20938930,14406835,35345765,9,0,0,52224,7,4504838229
3771,20939100,15042992,35982092,1,0,0,15360,19,4164697584
3772,20957990,14976010,35934000,1,0,0,7168,19,3461784466
3773,20962860,34195482,55158342,7,0,1,56832,7,9342007393
3774,20969889,14854239,35824128,4,0,0,23552,6,9539764141
3775,20970171,34188194,55158365,1,0,1,512,19,6522391707
3776,20971800,14903386,35875186,8,0,0,9728,9,8276245160
3777,20979979,14758373,35738352,4,0,0,19968,6,825609108
3778,20982620,14971168,35953788,2,0,0,13312,1,6298866354
3779,20998810,14418996,35417806,5,0,0,25088,10,7302944702
3780,21003470,14095975,35099445,1,0,0,23552,19,2141684808
3781,21012040,14582700,35594740,9,0,0,98304,7,1988224340
3782,21025570,14471177,35496747,6,0,0,4096,2,9115285103
3783,21035280,34125602,55160882,3,0,1,4096,6,8475739010
3784,21036270,14710217,35746487,5,0,0,26624,10,9498156125
3785,21036500,34125048,55161548,3,0,1,1024,6,4522597801
3786,21039710,15323324,36363034,6,0,0,58880,2,10174983327
3787,21041759,14625122,35666881,3,0,0,25600,6,10673580663
3788,21044220,34125950,55170170,0,0,1,2560,10,7668656501
3789,21074600,15193612,36268212,2,0,0,45568,1,8992969550
3790,21083019,34093667,55176686,8,0,1,23040,9,1421037327
3791,21101189,15381839,36483028,3,0,0,58368,6,9933994922
3792,21106910,15086219,36193129,9,0,0,11776,7,4843071928
3793,21113560,14712775,35826335,5,0,0,7168,10,176034916
3794,21114120,34102490,55216610,6,0,1,3584,2,3083013306
3795,21134379,13868910,35003289,4,0,0,1536,6,3019653385
3796,21135340,14920985,36056325,9,0,0,47104,7,3203303432
3797,21136190,34082686,55218876,6,0,1,3584,2,6880623091
3798,21141880,15471899,36613779,2,0,0,76288,1,9856877356
3799,21144370,14371064,35515434,2,0,0,27648,1,5272051369
3800,21147939,15541635,36689574,3,0,0,10752,6,894229469
3801,21159029,14682206,35841235,4,0,0,22016,6,8079215982
3802,21161811,34065360,55227171,1,0,1,22016,19,9937739194
3803,21164830,34065567,55230397,6,0,1,5120,2,53538143
3804,21167480,15555676,36723156,6,0,0,24064,2,2365576410
3805,21169140,14902585,36071725,6,0,0,2048,2,8710278826
3806,21175170,34058453,55233623,3,0,1,5120,6,8483896027
3807,21177480,14049543,35227023,7,0,0,31232,7,1715363854
3808,21181420,34052549,55233969,0,0,1,512,10,8927929644
3809,21182531,15742418,36924949,0,0,0,52224,10,6658259602
3810,21187700,34054618,55242318,0,0,1,42496,10,476537099
3811,21194400,14215716,35410116,1,0,0,36352,19,4404940768
3812,21197840,13870116,35067956,2,0,0,12800,1,7592340284
3813,21214411,14406957,35621368,0,0,0,39936,10,1285936590
3814,21215320,14280156,35495476,8,0,0,28160,9,9483718340
3815,21218820,15800190,37019010,8,0,0,51712,9,7425093278
3816,21232060,14377101,35609161,6,0,0,26112,2,5650790103
3817,21232870,14288858,35521728,2,0,0,18944,1,722821629
3818,21234610,34022049,55256659,5,0,1,512,10,8148353780
3819,21235171,14302010,35537181,0,0,0,4096,10,7262352868
3820,21236771,14264367,35501138,0,0,0,14336,10,5160526598
3821,21244849,14352098,35596947,3,0,0,7168,6,612162826
3822,21251170,14264763,35515933,6,0,0,1536,2,905876612
3823,21254081,14038584,35292665,0,0,0,27648,10,1881571557
3824,21254360,15541375,36795735,2,0,0,10752,1,2271951039
3825,21265631,14442787,35708418,0,0,0,1024,10,7530276088
3826,21266050,14711339,35977389,7,0,0,31744,7,9770613814
3827,21270429,14265481,35535910,3,0,0,28160,6,3909686284
3828,21274800,14176280,35451080,2,0,0,4096,1,1192931076
3829,21282999,14340272,35623271,3,0,0,6144,6,4487468698
3830,21287700,14561906,35849606,8,0,0,7168,9,371991008
3831,21288540,14460162,35748702,9,0,0,7168,7,6162652249
3832,21289079,34035305,55324384,8,0,1,20480,9,4687226808
3833,21290931,34034119,55325050,1,0,1,1024,19,7326012265
3834,21292370,14194480,35486850,1,0,0,7168,19,3075287715
3835,21292390,14617638,35910028,6,0,0,93184,2,8342875317
3836,21295371,34032265,55327636,1,0,1,4096,19,293182482
3837,21296860,14575339,35872199,1,0,0,28160,19,4432581126
3838,21306051,15690874,36996925,0,0,0,6144,10,9801509794
3839,21306910,14421100,35728010,9,0,0,4096,7,6893944310
3840,21307610,14232090,35539700,6,0,0,8192,2,5749880000
3841,21308620,14858070,36166690,9,0,0,97280,7,5704724393
3842,21312950,34015032,55327982,0,0,1,512,10,5843773887
3843,21315180,14939125,36254305,2,0,0,6656,1,2562359037
3844,21316320,34481018,55797338,7,0,1,259584,7,1641857473
3845,21322780,14428597,35751377,6,0,0,8704,2,1078905922
3846,21325599,14239166,35564765,4,0,0,19968,6,4585507897
3847,21338820,14777403,36116223,8,0,0,5632,9,3273720917
3848,21339640,15741469,37081109,6,0,0,1536,2,8942578623
3849,21340280,34459132,55799412,2,0,1,3072,1,4500751045
3850,21340970,14385769,35726739,9,0,0,16384,7,4263459890
3851,21341290,15796474,37137764,8,0,0,39424,9,10079012083
3852,21355160,16143039,37498199,9,0,0,29184,7,3363370116
3853,21363690,14368555,35732245,7,0,0,13824,7,10693890943
3854,21364860,14573419,35938279,2,0,0,512,1,3349647244
3855,21370699,15469543,36840242,3,0,0,29184,6,7988764666
3856,21372270,34618676,55990946,7,0,1,88576,7,4533293308
3857,21384150,14479446,35863596,7,0,0,22016,7,9418287275
3858,21385200,14407790,35792990,9,0,0,28672,7,1874989284
3859,21387910,14854797,36242707,1,0,0,32768,19,4119792812
3860,21389000,15021137,36410137,1,0,0,61440,19,4774486592
3861,21407580,14765286,36172866,9,0,0,19968,7,5130676120
3862,21408741,15772053,37180794,0,0,0,46080,10,6967999109
3863,21410500,34605874,56016374,2,0,1,7680,1,4059219057
3864,21411519,16077765,37489284,3,0,0,62976,6,5481862471
3865,21416751,14493456,35910207,0,0,0,512,10,4777052366
3866,21430239,14552500,35982739,4,0,0,2048,6,4406722477
3867,21430971,34586389,56017360,1,0,1,1536,19,24709786
3868,21432820,14281393,35714213,1,0,0,18944,19,4170715935
3869,21436910,14379976,35816886,7,0,0,7168,7,5123774261
3870,21446040,14825026,36271066,7,0,0,5632,7,3095197683
3871,21446499,16145607,37592106,4,0,0,10240,6,5377741254
3872,21467290,14603655,36070945,8,0,0,16384,9,7552621946
3873,21468849,14955374,36424223,3,0,0,20992,6,2293233400
3874,21470890,15756987,37227877,2,0,0,6144,1,8938208155
3875,21474691,14540744,36015435,0,0,0,14848,10,988389488
3876,21486910,14462005,35948915,8,0,0,4608,9,421551445
3877,21487841,16328374,37816215,0,0,0,13824,10,6463526610
3878,21491270,14476424,35967694,5,0,0,34304,10,4592371958
3879,21495120,14510503,36005623,1,0,0,14848,19,10061124989
3880,21498850,14353275,35852125,9,0,0,8192,7,6101914108
3881,21510100,15871193,37381293,2,0,0,17408,1,8904721286
3882,21513159,34506787,56019946,8,0,1,4096,9,8569938058
3883,21516010,34522945,56038955,6,0,1,3072,2,8243735230
3884,21520040,14246913,35766953,5,0,0,5632,10,1387772498
3885,21532130,34508413,56040543,7,0,1,15872,7,6877457427
3886,21533841,34539091,56072932,1,0,1,5632,19,5390977689
3887,21548400,14829620,36378020,1,0,0,13312,19,4375701746
3888,21549370,14971042,36520412,2,0,0,49664,1,946696700
3889,21552669,34520286,56072955,8,0,1,3072,9,4891047358
3890,21555910,14940112,36496022,6,0,0,6656,2,1833938824
3891,21564520,15065190,36629710,8,0,0,8704,9,10559828067
3892,21569540,15105059,36674599,8,0,0,6656,9,3920116900
3893,21582940,15031182,36614122,6,0,0,1024,2,10206731177
3894,21592129,15034272,36626401,3,0,0,12800,6,9426871435
3895,21595430,16338112,37933542,9,0,0,42496,7,10454851742
3896,21596441,34493252,56089693,1,0,1,3584,19,5727266162
3897,21602180,15190256,36792436,2,0,0,84992,1,3002819409
3898,21604640,14894837,36499477,2,0,0,11264,1,8245351535
3899,21606650,14469906,36076556,7,0,0,2560,7,4347300580
3900,21610030,14642216,36252246,2,0,0,31232,1,4535043144
3901,21627970,34461746,56089716,0,0,1,10240,10,9686781063
3902,21629549,34460190,56089739,8,0,1,1024,9,1432948227
3903,21647769,14350445,35998214,3,0,0,8704,6,4658949839
3904,21648650,14540868,36189518,2,0,0,9216,1,9711761646
3905,21653020,14897915,36550935,7,0,0,18944,7,10636480502
3906,21654150,14839821,36493971,5,0,0,35840,10,2974319912
3907,21660530,34429232,56089762,6,0,1,13312,2,8503290517
3908,21668439,34436969,56105408,8,0,1,3584,9,2634502687
3909,21672130,15075201,36747331,1,0,0,15360,19,1155789931
3910,21677860,14434122,36111982,9,0,0,31744,7,9400713470
3911,21688940,14636741,36325681,5,0,0,40448,10,8577135625
3912,21692860,15015708,36708568,9,0,0,8192,7,8602819129
3913,21695930,15159958,36855888,6,0,0,48640,2,4523750519
3914,21706470,15220062,36926532,7,0,0,5120,7,8782209795
3915,21710359,15022703,36733062,3,0,0,6656,6,6398473749
3916,21722880,16403283,38126163,5,0,0,47104,10,9510221759
3917,21723090,34382341,56105431,0,0,1,4096,10,8297101496
3918,21723350,14934379,36657729,9,0,0,30208,7,2195907259
3919,21735420,14855092,36590512,8,0,0,42496,9,3001001254
3920,21752189,15556054,37308243,3,0,0,1024,6,6191938288
3921,21758149,14313755,36071904,4,0,0,512,6,5923739944
3922,21758620,14659184,36417804,6,0,0,25088,2,7854869549
3923,21759961,15081084,36841045,0,0,0,2560,10,7982950285
3924,21774410,14874092,36648502,7,0,0,19968,7,723208259
3925,21778220,15251265,37029485,8,0,0,34304,9,6674320892
3926,21780760,34324694,56105454,3,0,1,13312,6,6414910929
3927,21782870,14923179,36706049,7,0,0,16384,7,5361184990
3928,21784280,14981893,36766173,2,0,0,44032,1,4128814624
3929,21798261,14639512,36437773,0,0,0,26112,10,6303825028
3930,21798760,15251051,37049811,1,0,0,56832,19,6594136964
3931,21800259,15382898,37183157,4,0,0,7680,6,927979672
3932,21813800,15053576,36867376,9,0,0,1024,7,9393252020
3933,21817020,14996366,36813386,6,0,0,57856,2,3700675282
3934,21833230,14667058,36500288,6,0,0,2560,2,10382363984
3935,21834590,14434737,36269327,8,0,0,3584,9,9905704995
3936,21834710,34300668,56135378,4,0,1,4608,6,7857180619
3937,21836749,34327974,56164723,8,0,1,15872,9,3042044231
3938,21841120,15591922,37433042,6,0,0,53248,2,2809061067
3939,21845700,15061394,36907094,7,0,0,27648,7,6731346196
3940,21855089,14589571,36444660,4,0,0,22528,6,10222549433
3941,21855649,14974345,36829994,4,0,0,5632,6,9344074462
3942,21860250,15704100,37564350,1,0,0,19968,19,2172825277
3943,21862960,15299080,37162040,1,0,0,5120,19,738499152
3944,21866120,14873242,36739362,1,0,0,512,19,10307220175
3945,21872541,14818616,36691157,0,0,0,5120,10,2077966757
3946,21872600,15476652,37349252,6,0,0,76800,2,5305007090
3947,21876440,15204178,37080618,8,0,0,14848,9,10645116223
3948,21878629,15398507,37277136,4,0,0,88064,6,278296594
3949,21881741,34283005,56164746,1,0,1,6144,19,1962305044
3950,21881799,16586148,38467947,3,0,0,8704,6,6481927883
3951,21895509,15218259,37113768,4,0,0,17920,6,9296597629
3952,21899910,15326026,37225936,6,0,0,31232,2,3509252082
3953,21912640,15058136,36970776,8,0,0,18432,9,7208784198
3954,21933320,15061710,36995030,8,0,0,5632,9,7294004447
3955,21940520,15518743,37459263,2,0,0,28160,1,2065663004
3956,21941150,34224905,56166055,3,0,1,7680,6,7960394153
3957,21945500,34248956,56194456,4,0,1,20480,6,6891341114
3958,21948361,34249158,56197519,1,0,1,1536,19,3489023554
3959,21956100,14988434,36944534,8,0,0,19456,9,6086637841
3960,21959669,16368859,38328528,3,0,0,4608,6,3212764360
3961,21972481,14758530,36731011,0,0,0,7168,10,3333160065
3962,21973050,15609887,37582937,2,0,0,60928,1,3763152672
3963,21974960,16585887,38560847,9,0,0,41984,7,9445786576
3964,21977030,15091414,37068444,5,0,0,28160,10,6836340164
3965,21980280,15630276,37610556,1,0,0,14848,19,5270361514
3966,21983410,15214590,37198000,1,0,0,48640,19,5443550361
3967,21984279,15256599,37240878,4,0,0,16384,6,3170863717
3968,21988389,14868934,36857323,3,0,0,4608,6,992589324
3969,21997150,14703861,36701011,7,0,0,29696,7,6544730237
3970,21997950,14866510,36864460,7,0,0,1536,7,9587335589
3971,22008380,15512730,37521110,6,0,0,4608,2,5325676814
3972,22011310,15455464,37466774,2,0,0,24576,1,3936255318
3973,22023539,15094867,37118406,3,0,0,7680,6,5610380216
3974,22031940,15344026,37375966,9,0,0,44544,7,4071096127
3975,22033139,14639409,36672548,3,0,0,17408,6,4194283816
3976,22034810,16537806,38572616,8,0,0,19456,9,464614360
3977,22046820,34835957,56882777,7,0,1,329728,7,2666711922
3978,22061719,15408354,37470073,4,0,0,10752,6,9839624940
3979,22068960,14641659,36710619,1,0,0,6656,19,699422998
3980,22076930,14923543,37000473,1,0,0,9216,19,1138276972
3981,22087229,15645457,37732686,3,0,0,3072,6,8351852463
3982,22093561,34811434,56904995,1,0,1,2560,19,5780592772
3983,22109280,14950561,37059841,6,0,0,19456,2,9843684101
3984,22110950,15948274,38059224,7,0,0,36864,7,7706954919
3985,22118101,15660715,37778816,0,0,0,35328,10,9778253312
3986,22121570,16077328,38198898,6,0,0,79360,2,1902084420
3987,22127309,15033148,37160457,4,0,0,12800,6,10577979744
3988,22132580,15405566,37538146,5,0,0,9216,10,6256502002
3989,22133089,15678891,37811980,3,0,0,24576,6,239548289
3990,22139979,15146355,37286334,3,0,0,14336,6,6041631326
3991,22142410,15392905,37535315,7,0,0,17408,7,2327362582
3992,22147440,34757709,56905149,0,0,1,8704,10,5117370554
3993,22150369,15474059,37624428,4,0,0,24576,6,2614180887
3994,22165700,14810118,36975818,2,0,0,3072,1,297519350
3995,22168200,15627978,37796178,9,0,0,52736,7,3745910713
3996,22173580,15134328,37307908,7,0,0,46080,7,8726650498
3997,22187050,15536964,37724014,1,0,0,16896,19,8728617623
3998,22190670,15103175,37293845,2,0,0,24576,1,7917448117
3999,22192260,14840212,37032472,8,0,0,9728,9,8280290571
4000,22193689,15453783,37647472,4,0,0,26112,6,125056784
4001,22200520,34776160,56976680,4,0,1,2048,6,3142816393
4002,22202861,14851029,37053890,0,0,0,13312,10,3272377408
4003,22227680,16082128,38309808,8,0,0,40448,9,954345881
4004,22237060,34741566,56978626,5,0,1,3072,10,3272077573
4005,22240310,15365699,37606009,8,0,0,20480,9,7326152295
4006,22241591,15146299,37387890,0,0,0,7680,10,557576909
4007,22241750,15261111,37502861,8,0,0,14848,9,6778519703
4008,22245540,15371377,37616917,8,0,0,17920,9,7234226314
4009,22248171,34730609,56978780,1,0,1,8704,19,5660969406
4010,22248320,15154174,37402494,8,0,0,19456,9,3178530671
4011,22249960,15192056,37442016,8,0,0,12800,9,9547999416
4012,22251539,15827661,38079200,4,0,0,40960,6,5957235729
4013,22251601,34727333,56978934,1,0,1,8704,19,1310111913
4014,22255009,15525078,37780087,3,0,0,4096,6,4074734490
4015,22256380,14984833,37241213,1,0,0,1024,19,3044777835
4016,22273010,15957222,38230232,9,0,0,44544,7,4694168995
4017,22293630,15379817,37673447,5,0,0,3584,10,1475083625
4018,22296490,15736757,38033247,8,0,0,29696,9,10110232560
4019,22299070,15986696,38285766,6,0,0,14336,2,4939165970
4020,22301560,15133398,37434958,7,0,0,3072,7,5264283818
4021,22309780,16128980,38438760,2,0,0,11264,1,2488844994
4022,22330650,15213135,37543785,9,0,0,18432,7,2360624974
4023,22334171,15709072,38043243,0,0,0,32256,10,9360859926
4024,22337031,16486719,38823750,0,0,0,54272,10,2449674965
4025,22337750,34647597,56985347,5,0,1,22528,10,5476213135
4026,22348660,15168816,37517476,5,0,0,11776,10,6533484496
4027,22355920,15809098,38165018,6,0,0,24064,2,7900761336
4028,22364049,16150640,38514689,3,0,0,16384,6,585646555
4029,22364799,14997572,37362371,3,0,0,24576,6,7109457446
4030,22365391,15274102,37639493,0,0,0,8192,10,9817470002
4031,22373960,15453791,37827751,1,0,0,18944,19,5591752019
4032,22374400,15139465,37513865,2,0,0,26624,1,10255251744
4033,22378570,15597264,37975834,5,0,0,49664,10,1571576429
4034,22380719,34677732,57058451,8,0,1,8704,9,6192713476
4035,22386490,15006363,37392853,1,0,0,6144,19,8719238169
4036,22391550,16354219,38745769,8,0,0,70144,9,8946066269
4037,22394080,15903358,38297438,5,0,0,22016,10,9027178488
4038,22410950,15261382,37672332,6,0,0,45568,2,6929484700
4039,22412570,16135462,38548032,8,0,0,28672,9,7649132856
4040,22417520,15292654,37710174,7,0,0,17408,7,5042419408
4041,22421699,15310005,37731704,4,0,0,8192,6,1281268552
4042,22423801,16078830,38502631,0,0,0,45056,10,3001171198
4043,22432329,15224243,37656572,4,0,0,4608,6,1028629656
4044,22437041,34687544,57124585,1,0,1,27136,19,10660125382
4045,22440420,16444248,38884668,1,0,0,1024,19,1088179656
4046,22452460,34717222,57169682,6,0,1,9728,2,940102178
4047,22454681,16535626,38990307,0,0,0,36352,10,4776822213
4048,22456450,34735552,57192002,7,0,1,5120,7,6247503422
4049,22462170,15121414,37583584,7,0,0,2048,7,5859662887
4050,22488830,15315639,37804469,7,0,0,27136,7,8785465532
4051,22493590,15424980,37918570,7,0,0,23040,7,2989281922
4052,22498990,16029450,38528440,2,0,0,45056,1,9877102285
4053,22501960,15481999,37983959,5,0,0,2560,10,10015853426
4054,22509479,14994497,37503976,3,0,0,3584,6,3521788216
4055,22509960,15009723,37519683,8,0,0,7168,9,2605521436
4056,22513060,15952212,38465272,5,0,0,74752,10,8322794227
4057,22519170,16273545,38792715,9,0,0,19968,7,9327117274
4058,22521061,16346342,38867403,0,0,0,16896,10,1749462946
4059,22526180,34688081,57214261,3,0,1,3584,6,2031575753
4060,22533559,15215644,37749203,3,0,0,9216,6,8511427660
4061,22544029,15622104,38166133,3,0,0,3584,6,10644688608
4062,22552259,34662566,57214825,8,0,1,10752,9,1557736256
4063,22555200,15173985,37729185,9,0,0,16896,7,9502728482
4064,22557420,15486782,38044202,8,0,0,3072,9,8251593451
4065,22570160,16550266,39120426,9,0,0,22528,7,7894359732
4066,22577900,16746658,39324558,8,0,0,105472,9,4555546074
4067,22581790,16025566,38607356,8,0,0,13312,9,10203298612
4068,22587140,15168059,37755199,2,0,0,7680,1,7240681564
4069,22587949,15460020,38047969,3,0,0,12288,6,4721003843
4070,22601650,16434933,39036583,2,0,0,46080,1,7832443070
4071,22605270,34698613,57303883,3,0,1,28160,6,4742041491
4072,22607380,15658523,38265903,2,0,0,96256,1,3637833041
4073,22614181,15777866,38392047,0,0,0,24064,10,8633227045
4074,22623119,15373121,37996240,4,0,0,4608,6,2945991091
4075,22624539,16835144,39459683,3,0,0,38912,6,804890611
4076,22624780,15913534,38538314,5,0,0,24576,10,2223261787
4077,22628300,34860861,57489161,7,0,1,5632,7,2240656897
4078,22628320,16024866,38653186,9,0,0,59904,7,68651060
4079,22630339,15682814,38313153,4,0,0,4608,6,7877769095
4080,22633830,16443512,39077342,1,0,0,11776,19,10188056560
4081,22638630,16223602,38862232,1,0,0,57344,19,5637843199
4082,22644680,16600870,39245550,8,0,0,27648,9,9095194002
4083,22654200,15208393,37862593,2,0,0,6144,1,572740708
4084,22659469,15323687,37983156,4,0,0,5632,6,8659136820
4085,22674470,15437318,38111788,5,0,0,28160,10,4447602768
4086,22675469,16046386,38721855,3,0,0,14848,6,2075367538
4087,22680289,16718687,39398976,4,0,0,15872,6,9432937381
4088,22682670,34810357,57493027,2,0,1,6144,1,4058580268
4089,22698860,16649632,39348492,7,0,0,26624,7,6778977435
4090,22718870,16652619,39371489,1,0,0,7680,19,10605578461
4091,22719890,15596842,38316732,6,0,0,11264,2,7150877138
4092,22722240,15098210,37820450,1,0,0,13824,19,7172527758
4093,22723429,16051558,38774987,3,0,0,91648,6,2246279930
4094,22724420,15647818,38372238,5,0,0,15872,10,10731099046
4095,22737430,16178303,38915733,5,0,0,33280,10,1276341595
4096,22751191,15737689,38488880,0,0,0,11776,10,1675056862
4097,22768480,16567379,39335859,2,0,0,6656,1,8580296696
4098,22773331,15323563,38096894,0,0,0,14336,10,346129523
4099,22776530,16781790,39558320,2,0,0,61952,1,3777599713
4100,22776940,15203441,37980381,5,0,0,14848,10,2988405217
4101,22783169,15633777,38416946,4,0,0,8704,6,690229993
4102,22785040,15745763,38530803,9,0,0,7680,7,6621895470
4103,22790490,34852961,57643451,2,0,1,5120,1,759949496
4104,22792260,16034009,38826269,1,0,0,8192,19,7309618671
4105,22800560,16105010,38905570,9,0,0,49152,7,2885966130
4106,22811390,34832084,57643474,3,0,1,1024,6,2689695509
4107,22817210,15907164,38724374,2,0,0,8192,1,6983719421
4108,22822670,34831672,57654342,3,0,1,11776,6,6407694282
4109,22822740,15303758,38126498,5,0,0,1024,10,2116499820
4110,22834040,16143725,38977765,7,0,0,51200,7,7346718217
4111,22842670,34814258,57656928,3,0,1,4096,6,5779222416
4112,22851699,15865609,38717308,4,0,0,105984,6,7484519283
4113,22857130,16774693,39631823,5,0,0,30720,10,499287011
4114,22864880,15701785,38566665,7,0,0,3072,7,3330318068
4115,22866200,16696823,39563023,7,0,0,15360,7,3628192949
4116,22866971,16466837,39333808,0,0,0,4608,10,7014593358
4117,22869741,15272130,38141871,0,0,0,3072,10,6319095055
4118,22880690,15538151,38418841,9,0,0,6144,7,7927096988
4119,22885469,16815315,39700784,3,0,0,63488,6,5349881319
4120,22888261,15400503,38288764,0,0,0,4608,10,3083221672
4121,22890570,15382005,38272575,5,0,0,12288,10,3146189386
4122,22892910,16086298,38979208,2,0,0,4608,1,8960459944
4123,22895150,15416576,38311726,6,0,0,6144,2,79298120
4124,22899110,34773497,57672607,3,0,1,16896,6,1129144171
4125,22901440,16144846,39046286,5,0,0,31744,10,4974039393
4126,22909370,34771063,57680433,5,0,1,4608,10,3926451740
4127,22911590,15497278,38408868,8,0,0,24064,9,7866872788
4128,22912210,34771769,57683979,4,0,1,5632,6,7520174108
4129,22913039,15755949,38668988,4,0,0,7168,6,456809512
4130,22916220,15434734,38350954,9,0,0,8192,7,6302656851
4131,22916340,15352064,38268404,9,0,0,7680,7,6717850606
4132,22917660,16015880,38933540,2,0,0,58368,1,5313731180
4133,22919061,16127716,39046777,0,0,0,1536,10,5913147667
4134,22933930,34751995,57685925,7,0,1,3072,7,8620918131
4135,22942620,34743869,57686489,4,0,1,10752,6,854411036
4136,22946700,35500733,58447433,5,0,1,529408,10,6735967272
4137,22949970,16067535,39017505,6,0,0,8192,2,1207122312
4138,22968540,16737727,39706267,2,0,0,17920,1,7452095262
4139,22969120,16601754,39570874,5,0,0,17920,10,9830114355
4140,22971170,15775870,38747040,9,0,0,4096,7,3335231856
4141,22975130,15691651,38666781,9,0,0,44544,7,1690258037
4142,22978740,35593122,58571862,5,0,1,54784,10,7109588937
4143,22979310,15586396,38565706,6,0,0,15872,2,10146739687
4144,22981421,16232236,39213657,0,0,0,33792,10,8506279642
4145,22983910,15448187,38432097,8,0,0,8192,9,715279691
4146,22984160,16892586,39876746,7,0,0,71680,7,2119729293
4147,22995480,15881996,38877476,9,0,0,12288,7,10565618135
4148,22998700,35621429,58620129,7,0,1,13312,7,66315217
4149,23012170,17233980,40246150,9,0,0,14336,7,7567313628
4150,23019959,35600426,58620385,8,0,1,9216,9,3805547545
4151,23025470,15997050,39022520,2,0,0,16384,1,2159474744
4152,23038169,15747012,38785181,3,0,0,33280,6,319413740
4153,23040580,35582391,58622971,3,0,1,4096,6,9199618941
4154,23042380,15496893,38539273,5,0,0,3072,10,1808905224
4155,23049540,15886371,38935911,5,0,0,7680,10,8717139601
4156,23051080,16437770,39488850,5,0,0,77824,10,4099537794
4157,23051140,16288486,39339626,7,0,0,12288,7,5297667977
4158,23057020,16209333,39266353,9,0,0,25600,7,10133718635
4159,23065759,35573273,58639032,8,0,1,9728,9,8003448301
4160,23067740,15441934,38509674,5,0,0,23040,10,7534887981
4161,23070051,16693520,39763571,0,0,0,29184,10,23257538
4162,23072010,35614441,58686451,0,0,1,10752,10,5688042420
4163,23076720,15970860,39047580,5,0,0,2560,10,33255544
4164,23077181,16538528,39615709,0,0,0,23040,10,6012792018
4165,23089941,15378341,38468282,0,0,0,1024,10,1687992953
4166,23090440,15482511,38572951,6,0,0,1024,2,5288474071
4167,23092821,16044050,39136871,0,0,0,2048,10,9552336817
4168,23094140,16928347,40022487,5,0,0,76288,10,185927602
4169,23096621,16511103,39607724,0,0,0,51712,10,6276358714
4170,23097090,35589925,58687015,7,0,1,10752,7,4736989739
4171,23100820,16231561,39332381,9,0,0,25600,7,2190560187
4172,23101220,15697142,38798362,7,0,0,18432,7,1676200283
4173,23105921,15909057,39014978,0,0,0,80896,10,6247334125
4174,23112359,16398165,39510524,3,0,0,56320,6,8992149242
4175,23118850,15667758,38786608,7,0,0,4608,7,3688056327
4176,23119660,16239151,39358811,6,0,0,33792,2,3173014430
4177,23120090,16631579,39751669,1,0,0,60928,19,9340762854
4178,23125479,15544312,38669791,3,0,0,2560,6,1836218711
4179,23126780,15835362,38962142,2,0,0,86016,1,8861972004
4180,23137069,16444147,39581216,3,0,0,33792,6,3615353762
4181,23143320,16008870,39152190,7,0,0,50176,7,551834763
4182,23147260,16511020,39658280,9,0,0,39936,7,9878692501
4183,23152800,15726558,38879358,1,0,0,2048,19,6084224017
4184,23153950,16066484,39220434,7,0,0,11776,7,6501688216
4185,23154350,16665227,39819577,6,0,0,49664,2,7633235062
4186,23158339,17031410,40189749,4,0,0,2048,6,9375805886
4187,23172020,16559939,39731959,6,0,0,59904,2,7287371829
4188,23175520,16723536,39899056,7,0,0,48128,7,7911277313
4189,23178790,16620776,39799566,1,0,0,31744,19,3559730106
4190,23188180,16015158,39203338,2,0,0,11776,1,10729749397
4191,23189800,35503753,58693553,7,0,1,4608,7,7469739452
4192,23194090,16194314,39388404,2,0,0,21504,1,6012024238
4193,23194290,15958547,39152837,9,0,0,2048,7,8864797160
4194,23198400,16435006,39633406,8,0,0,5120,9,6554383802
4195,23209210,16168877,39378087,8,0,0,5632,9,10720073797
4196,23209919,16780853,39990772,3,0,0,4096,6,1270443100
4197,23211579,16005221,39216800,4,0,0,10240,6,7749735050
4198,23214009,15673501,38887510,3,0,0,3072,6,7373746526
4199,23225699,17297951,40523650,3,0,0,26112,6,8687589293
4200,23226050,16150298,39376348,5,0,0,15872,10,705028204
4201,23237650,17162163,40399813,5,0,0,9216,10,1634543562
4202,23243709,35457713,58701422,8,0,1,20992,9,1053367887
4203,23244760,15891464,39136224,1,0,0,38912,19,3219455770
4204,23253779,16112699,39366478,4,0,0,512,6,456263861
4205,23258330,35472672,58731002,6,0,1,2048,2,840895217
4206,23259380,15814274,39073654,9,0,0,16896,7,87322999
4207,23271789,16441895,39713684,3,0,0,11264,6,10400493466
4208,23277801,16249393,39527194,0,0,0,5632,10,10189498435
4209,23278569,17417677,40696246,3,0,0,66048,6,4044926325
4210,23287720,16779007,40066727,9,0,0,5632,7,1839163097
4211,23291620,15932121,39223741,9,0,0,10752,7,5307369280
4212,23297820,16095629,39393449,9,0,0,12288,7,10006724890
4213,23298559,16757046,40055605,4,0,0,93696,6,6074868571
4214,23300420,35450742,58751162,3,0,1,23552,6,1181947637
4215,23300780,16654927,39955707,9,0,0,18432,7,9955586775
4216,23301029,16059677,39360706,3,0,0,6144,6,2216568407
4217,23302869,16037100,39339969,4,0,0,1024,6,9190586633
4218,23309009,35539860,58848869,8,0,1,1024,9,3715585922
4219,23312060,35537799,58849859,2,0,1,5120,1,8040040971
4220,23328030,17452858,40780888,8,0,0,60416,9,524983200
4221,23330400,35534793,58865193,4,0,1,22016,6,7668799053
4222,23332160,16332709,39664869,8,0,0,14848,9,8621224088
4223,23334500,35572949,58907449,3,0,1,7168,6,10347298984
4224,23340519,15783826,39124345,3,0,0,7168,6,9285305870
4225,23340931,16443769,39784700,0,0,0,29184,10,4646777672
4226,23342390,16412266,39754656,2,0,0,9728,1,5414260349
4227,23348341,16788542,40136883,0,0,0,20992,10,316407547
4228,23360711,35547097,58907808,1,0,1,9728,19,5966574321
4229,23362440,35598404,58960844,2,0,1,9216,1,6451053424
4230,23364590,16411195,39775785,9,0,0,26112,7,9143548048
4231,23367440,16342781,39710221,5,0,0,8192,10,2014518281
4232,23376630,16137372,39514002,8,0,0,1536,9,3036123970
4233,23377501,17576015,40953516,0,0,0,31232,10,3977471201
4234,23382320,16028202,39410522,2,0,0,12800,1,143107686
4235,23388640,16058830,39447470,8,0,0,36864,9,270223939
4236,23396571,16458289,39854860,0,0,0,46080,10,7217577477
4237,23405850,16384021,39789871,8,0,0,16896,9,5488129322
4238,23415820,16098517,39514337,5,0,0,1024,10,1230944924
4239,23427680,35540333,58968013,5,0,1,35328,10,5456826558
4240,23428020,16477732,39905752,1,0,0,7680,19,4600130169
4241,23429770,35566212,58995982,6,0,1,36864,2,1336987287
4242,23436281,16207151,39643432,0,0,0,23040,10,7887166778
4243,23436891,16639531,40076422,0,0,0,31744,10,4173475962
4244,23445100,35594162,59039262,4,0,1,2048,6,7256306232
4245,23446560,16175880,39622440,8,0,0,22016,9,9603649124
4246,23447590,16645803,40093393,1,0,0,13312,19,6078992825
4247,23451001,35592177,59043178,1,0,1,8192,19,6403933397
4248,23452280,17352177,40804457,1,0,0,10752,19,8923644632
4249,23452780,16918449,40371229,7,0,0,6144,7,9361811923
4250,23453290,15962852,39416142,9,0,0,512,7,276360413
4251,23458130,16842460,40300590,8,0,0,28672,9,9841658390
4252,23468950,17253411,40722361,2,0,0,9728,1,5970115768
4253,23476400,35600317,59076717,9,0,1,7168,7,7332434661
4254,23484990,35591750,59076740,6,0,1,2560,2,4515441865
4255,23486890,35589873,59076763,4,0,1,9728,6,7787902722
4256,23491239,16022272,39513511,4,0,0,9728,6,8703502878
4257,23492890,35583896,59076786,2,0,1,4096,1,3442338316
4258,23497890,16529144,40027034,9,0,0,14848,7,8406100844
4259,23504160,35606924,59111084,5,0,1,50176,10,7409259385
4260,23508930,16198772,39707702,2,0,0,4608,1,460866911
4261,23513339,16219743,39733082,4,0,0,3584,6,8517258546
4262,23513571,16050411,39563982,0,0,0,3072,10,7205436705
4263,23519230,35714800,59234030,4,0,1,32256,6,1170983881
4264,23520709,16247097,39767806,3,0,0,13824,6,873247028
4265,23524431,35717472,59241903,1,0,1,24064,19,8221970188
4266,23529171,16432331,39961502,0,0,0,18944,10,768207231
4267,23535430,16553541,40088971,8,0,0,31232,9,2312471936
4268,23540820,35759261,59300081,3,0,1,4608,6,6424494723
4269,23546100,16292932,39839032,7,0,0,22528,7,9959292205
4270,23548430,16376963,39925393,9,0,0,6144,7,2114211500
4271,23554600,35792142,59346742,6,0,1,5120,2,6849848071
4272,23560921,16921532,40482453,0,0,0,14848,10,3912374969
4273,23570950,35776138,59347088,6,0,1,512,2,2611925420
4274,23575680,35775274,59350954,4,0,1,6144,6,603215180
4275,23582961,16513309,40096270,0,0,0,9216,10,5055737928
4276,23585049,16504257,40089306,4,0,0,1024,6,1938565535
4277,23587789,35767251,59355040,8,0,1,4608,9,1672787939
4278,23603240,16782655,40385895,2,0,0,17920,1,6634832791
4279,23606220,16473189,40079409,7,0,0,9728,7,6808876117
4280,23610870,16710334,40321204,9,0,0,66560,7,6447325975
4281,23615579,16186404,39801983,3,0,0,7680,6,4813826035
4282,23617921,17441546,41059467,0,0,0,20992,10,9685828600
4283,23629300,17300747,40930047,8,0,0,13824,9,569029314
4284,23629900,35774589,59404489,6,0,1,1024,2,5322978363
4285,23631711,17603163,41234874,0,0,0,13824,10,5129905641
4286,23632639,16877382,40510021,4,0,0,10752,6,3237486286
4287,23653960,35761116,59415076,7,0,1,512,7,1742871164
4288,23666510,16211351,39877861,7,0,0,3584,7,9879501722
4289,23668730,36297151,59965881,5,0,1,204288,10,1813277462
4290,23669520,36297129,59966649,3,0,1,11776,6,10538813099
4291,23670920,16741610,40412530,2,0,0,26624,1,7324390687
4292,23680140,36289095,59969235,2,0,1,4096,1,105778901
4293,23682650,36327109,60009759,6,0,1,4096,2,5540771634
4294,23683910,16505192,40189102,5,0,0,21504,10,6468597801
4295,23692640,16475288,40167928,2,0,0,47616,1,1490968360
4296,23708870,16891517,40600387,5,0,0,13824,10,1548694954
4297,23711181,16190870,39902051,0,0,0,9728,10,4537425633
4298,23712979,36297139,60010118,8,0,1,9728,9,1099861939
4299,23719860,36362874,60082734,5,0,1,5120,10,1008271263
4300,23729910,16972795,40702705,7,0,0,10752,7,1097941459
4301,23733090,36394999,60128089,9,0,1,1536,7,8135911811
4302,23735860,16145768,39881628,2,0,0,12288,1,10700277184
4303,23737000,36391112,60128112,6,0,1,20480,2,7378687857
4304,23740240,16186509,39926749,8,0,0,512,9,731557813
4305,23744470,36383852,60128322,7,0,1,512,7,5625409041
4306,23748999,16518313,40267312,3,0,0,19968,6,2999033404
4307,23769209,16715451,40484660,3,0,0,7168,6,3822923145
4308,23775590,16327723,40103313,8,0,0,23040,9,421828355
4309,23781579,17115265,40896844,4,0,0,50176,6,10130538163
4310,23798750,16819102,40617852,9,0,0,4608,7,1836749759
4311,23801500,36326845,60128345,5,0,1,2560,10,1862164309
4312,23805981,16386721,40192702,0,0,0,3072,10,2485177405
4313,23810300,16513267,40323567,2,0,0,7680,1,4515074373
4314,23811880,16977767,40789647,7,0,0,28672,7,3017775476
4315,23813751,36314617,60128368,1,0,1,1536,19,6767545674
4316,23825400,16501778,40327178,1,0,0,11776,19,5665471848
4317,23827920,17225128,41053048,8,0,0,17920,9,1029814318
4318,23835469,16615176,40450645,4,0,0,6144,6,6726945962
4319,23848151,16216837,40064988,0,0,0,30720,10,9732219129
4320,23851970,36285656,60137626,5,0,1,24064,10,7022582495
4321,23853530,16405601,40259131,1,0,0,18944,19,6149710764
4322,23866751,16611155,40477906,0,0,0,79872,10,8519147265
4323,23868469,16423362,40291831,3,0,0,15360,6,10473622163
4324,23870179,16485801,40355980,3,0,0,28672,6,5056664093
4325,23877730,16637150,40514880,8,0,0,15872,9,643683063
4326,23877819,36324520,60202339,8,0,1,9728,9,1623474550
4327,23894270,17081754,40976024,9,0,0,44032,7,6848521056
4328,23897610,36304752,60202362,6,0,1,8192,2,545045016
4329,23911960,16288300,40200260,8,0,0,10240,9,3400089098
4330,23927520,36275355,60202875,5,0,1,4096,10,3821091644
4331,23928750,36290880,60219630,2,0,1,9216,1,2297189460
4332,23939850,16999268,40939118,1,0,0,29696,19,1764947012
4333,23945000,16631735,40576735,9,0,0,16384,7,9092896136
4334,23947390,16557747,40505137,1,0,0,15872,19,5573868331
4335,23950310,36269884,60220194,2,0,1,10752,1,3404995938
4336,23955010,16661415,40616425,2,0,0,33792,1,2202790306
4337,23964219,16416193,40380412,3,0,0,19456,6,7772888832
4338,23971860,16196559,40168419,7,0,0,1536,7,5421574586
4339,23974609,16228482,40203091,4,0,0,9216,6,6207053040
4340,23983370,16602280,40585650,8,0,0,29184,9,3915546158
4341,23993669,36235642,60229311,8,0,1,3072,9,4707167629
4342,24019030,36210304,60229334,2,0,1,8704,1,1547851714
4343,24032031,17437674,41469705,0,0,0,6656,10,6864567022
4344,24035609,16565113,40600722,3,0,0,1024,6,20600654
4345,24039770,16334433,40374203,5,0,0,2048,10,425082377
4346,24040220,17046008,41086228,2,0,0,3072,1,1382200279
4347,24042790,36205395,60248185,3,0,1,4608,6,3061612121
4348,24053311,16928976,40982287,0,0,0,20480,10,9818593755
4349,24055990,17493807,41549797,5,0,0,54784,10,5815434646
4350,24057760,16931818,40989578,7,0,0,14848,7,1944099497
4351,24083180,16824919,40908099,8,0,0,36864,9,8062638864
4352,24095039,17478707,41573746,3,0,0,26624,6,5542395510
4353,24098019,16348551,40446570,3,0,0,20480,6,102967788
4354,24106010,16695071,40801081,8,0,0,31232,9,7726658619
4355,24106980,16978281,41085261,8,0,0,29696,9,7611323789
4356,24114250,36135561,60249811,9,0,1,2560,7,6533389472
4357,24124669,16888028,41012697,4,0,0,75776,6,5382111537
4358,24126280,36126117,60252397,7,0,1,4096,7,8603186520
4359,24134410,16596312,40730722,1,0,0,4096,19,8684285747
4360,24140460,36113883,60254343,5,0,1,3072,10,383167006
4361,24154910,16412618,40567528,2,0,0,7680,1,1898044135
4362,24155251,16636291,40791542,0,0,0,6144,10,2961545335
4363,24156229,16871058,41027287,3,0,0,25088,6,1573519178
4364,24168650,16473495,40642145,7,0,0,1536,7,2705266675
4365,24173849,16541195,40715044,4,0,0,5632,6,8600245986
4366,24176000,16210386,40386386,1,0,0,1536,19,9047673867
4367,24179349,16440398,40619747,4,0,0,6144,6,5663756115
4368,24183880,36121976,60305856,9,0,1,20480,7,2437927085
4369,24194909,16446745,40641654,4,0,0,8192,6,7179999507
4370,24195529,16364543,40560072,4,0,0,44032,6,10288734949
4371,24198101,36222266,60420367,1,0,1,7168,19,1241544886
4372,24200330,16847056,41047386,1,0,0,24064,19,4006829741
4373,24200460,17411415,41611875,1,0,0,14336,19,2550167911
4374,24203699,36217014,60420713,8,0,1,512,9,5749191207
4375,24209770,36215769,60425539,0,0,1,7680,10,6100863020
4376,24218099,17622585,41840684,4,0,0,37888,6,9082917946
4377,24222491,36203202,60425693,1,0,1,8704,19,1042760647
4378,24226610,16593278,40819888,9,0,0,13312,7,8179656473
4379,24227319,16259236,40486555,4,0,0,6144,6,7770161931
4380,24231739,16753292,40985031,3,0,0,7168,6,5065367775
4381,24232779,17693539,41926318,3,0,0,9728,6,1272964212
4382,24236310,16681024,40917334,2,0,0,30208,1,2415167585
4383,24250080,17353614,41603694,2,0,0,3584,1,2932941047
4384,24252079,16403850,40655929,4,0,0,24576,6,2575657765
4385,24253390,36175529,60428919,9,0,1,5120,7,30317461
4386,24276600,16345666,40622266,5,0,0,8192,10,10168091518
4387,24294220,16559705,40853925,1,0,0,42496,19,6571713835
4388,24310170,17730466,42040636,5,0,0,10752,10,5458056835
4389,24310850,16805615,41116465,7,0,0,4096,7,8457969476
4390,24313330,17856793,42170123,2,0,0,43520,1,4946601533
4391,24323730,16846952,41170682,1,0,0,11264,19,2357128109
4392,24332310,36097889,60430199,2,0,1,14336,1,3424116962
4393,24345299,16469922,40815221,3,0,0,29184,6,10018937592
4394,24347650,16947590,41295240,8,0,0,88064,9,2408527274
4395,24350850,17202714,41553564,1,0,0,12288,19,6444522324
4396,24359250,16783045,41142295,9,0,0,7168,7,2238719416
4397,24369280,36108507,60477787,2,0,1,1536,1,8092965407
4398,24382080,17078953,41461033,9,0,0,195072,7,10562489182
4399,24382280,16561697,40943977,9,0,0,15872,7,3640676958
4400,24383520,36127789,60511309,5,0,1,25600,10,3059322184
4401,24391940,16367265,40759205,5,0,0,6656,10,3752495636
4402,24394340,17104949,41499289,2,0,0,13824,1,4922724685
4403,24400880,17066774,41467654,5,0,0,21504,10,5099171396
4404,24415311,17999254,42414565,0,0,0,21504,10,7723894635
4405,24418831,16506981,40925812,0,0,0,25600,10,840221710
4406,24422600,16801769,41224369,8,0,0,20480,9,7056586807
4407,24428099,17553451,41981550,3,0,0,8192,6,8906525488
4408,24435120,36078455,60513575,4,0,1,3584,6,308060527
4409,24439361,16478620,40917981,0,0,0,2048,10,10084577906
4410,24439580,17037012,41476592,1,0,0,22528,19,8100898071
4411,24439779,16441754,40881533,3,0,0,37888,6,1747283137
4412,24440190,36074691,60514881,3,0,1,2048,6,7488058431
4413,24440679,17427070,41867749,4,0,0,8192,6,954462023
4414,24455470,17200456,41655926,9,0,0,26624,7,1842547689
4415,24456490,17816191,42272681,1,0,0,26112,19,3115730287
4416,24459740,16616442,41076182,1,0,0,54784,19,6503302271
4417,24462509,17455959,41918468,3,0,0,78336,6,10678105222
4418,24474061,36044152,60518213,1,0,1,1024,19,8589194856
4419,24476000,16827577,41303577,1,0,0,11776,19,6730222678
4420,24479630,16835356,41314986,2,0,0,512,1,2208858019
4421,24486450,17208926,41695376,9,0,0,6144,7,2116992368
4422,24488020,16811946,41299966,5,0,0,13312,10,5338932751
4423,24492621,17309045,41801666,0,0,0,38912,10,6535938774
4424,24493180,18059058,42552238,7,0,0,29696,7,1632544871
4425,24518911,17212188,41731099,0,0,0,49664,10,9459910469
4426,24519770,16999036,41518806,9,0,0,11264,7,2877438067
4427,24521410,17081169,41602579,1,0,0,73728,19,6356728864
4428,24523210,17425124,41948334,5,0,0,512,10,9213364214
4429,24528561,17128852,41657413,0,0,0,512,10,1487406416
4430,24530100,16958527,41488627,5,0,0,39424,10,1201547621
4431,24530430,16517135,41047565,1,0,0,512,19,7355109546
4432,24539709,16667430,41207139,3,0,0,38912,6,10654081857
4433,24539830,35978406,60518236,4,0,1,9728,6,6092459409
4434,24547399,16637691,41185090,3,0,0,44032,6,9916647631
4435,24550960,16404303,40955263,5,0,0,5632,10,6941553166
4436,24559541,36132676,60692217,1,0,1,6656,19,6734439061
4437,24568100,16414724,40982824,5,0,0,1536,10,689389844
4438,24574940,36117308,60692248,4,0,1,512,6,9672196068
4439,24586209,17021252,41607461,4,0,0,12288,6,1172423538
4440,24586620,17106861,41693481,9,0,0,16384,7,9945605822
4441,24590620,18049734,42640354,9,0,0,4096,7,10493597070
4442,24595090,17741229,42336319,8,0,0,36864,9,6979536473
4443,24595481,36105478,60700959,1,0,1,8192,19,1595396871
4444,24601630,16795789,41397419,1,0,0,36864,19,4467447150
4445,24611130,36235936,60847066,2,0,1,26624,1,107498356
4446,24616039,17489677,42105716,3,0,0,62464,6,9611869125
4447,24620690,16942325,41563015,2,0,0,17920,1,5856545953
4448,24621720,36234157,60855877,0,0,1,22528,10,4868563958
4449,24630260,16625682,41255942,1,0,0,1536,19,8747126405
4450,24635149,16521729,41156878,3,0,0,22016,6,2624692247
4451,24635421,16471179,41106600,0,0,0,512,10,4268020144
4452,24636620,36223724,60860344,5,0,1,8192,10,2802322342
4453,24640209,16499879,41140088,4,0,0,12800,6,9984555455
4454,24641960,36220010,60861970,4,0,1,2560,6,3827372679
4455,24655180,36311093,60966273,9,0,1,46592,7,10404601642
4456,24656200,16639687,41295887,2,0,0,2048,1,4465135533
4457,24659100,36328078,60987178,6,0,1,7680,2,10405237801
4458,24662120,17417920,42080040,9,0,0,73216,7,2711324618
4459,24664419,16703663,41368082,4,0,0,1536,6,7734419659
4460,24665499,16577981,41243480,3,0,0,2048,6,779260376
4461,24689550,16987965,41677515,7,0,0,20480,7,1735925627
4462,24690420,16623654,41314074,5,0,0,2560,10,9980928428
4463,24698490,17451925,42150415,2,0,0,26112,1,8018860987
4464,24701329,17425384,42126713,3,0,0,49664,6,5129229539
4465,24702969,17619709,42322678,4,0,0,43520,6,1886832588
4466,24716151,17018738,41734889,0,0,0,4096,10,7711019837
4467,24722820,17044281,41767101,7,0,0,20992,7,5298774366
4468,24729730,36309472,61039202,7,0,1,5120,7,4210395093
4469,24737471,36301754,61039225,1,0,1,9728,19,4759933809
4470,24742699,17390745,42133444,3,0,0,22016,6,2218703021
4471,24742779,17550049,42292828,4,0,0,66048,6,10648985568
4472,24746260,36327124,61073384,5,0,1,15872,10,10195215810
4473,24747450,16638714,41386164,1,0,0,6144,19,8390167968
4474,24751499,17817348,42568847,3,0,0,10240,6,5339120950
4475,24754360,16760991,41515351,5,0,0,7680,10,2685307562
4476,24757780,16816145,41573925,1,0,0,512,19,7919042363
4477,24757920,16601857,41359777,1,0,0,24064,19,5917072451
4478,24773589,17964480,42738069,3,0,0,57856,6,4973680274
4479,24779989,36294110,61074099,8,0,1,2048,9,9439157151
4480,24780540,36359322,61139862,6,0,1,12288,2,9976444389
4481,24780740,36366173,61146913,6,0,1,5632,2,5500153589
4482,24784370,16710676,41495046,8,0,0,20992,9,7384391962
4483,24786800,36361419,61148219,0,0,1,2048,10,781857455
4484,24789790,36359402,61149192,7,0,1,12800,7,2725223863
4485,24829629,17035601,41865230,4,0,0,73728,6,7750323284
4486,24838499,16990618,41829117,3,0,0,37888,6,7441234948
4487,24848819,36303919,61152738,8,0,1,5632,9,5988350146
4488,24850601,16966949,41817550,0,0,0,20480,10,9386390533
4489,24852490,16649482,41501972,5,0,0,8704,10,8628063854
4490,24856159,17741833,42597992,3,0,0,1536,6,5624447324
4491,24856659,16777405,41634064,4,0,0,9216,6,3561960217
4492,24861290,36300629,61161919,7,0,1,13824,7,10101689513
4493,24883190,16821413,41704603,7,0,0,30208,7,3115248422
4494,24885030,16848588,41733618,1,0,0,8192,19,3929756418
4495,24886380,36286986,61173366,3,0,1,2560,6,6374019241
4496,24892950,36280439,61173389,7,0,1,1024,7,3983115716
4497,24893021,17049935,41942956,0,0,0,10752,10,9264309793
4498,24912650,17807768,42720418,7,0,0,43520,7,3915074640
4499,24917410,16925333,41842743,2,0,0,6656,1,1002227253
4500,24927610,17471894,42399504,8,0,0,41984,9,6252345071
4501,24930569,16692025,41622594,4,0,0,2560,6,10668201398
4502,24934651,36279639,61214290,1,0,1,25600,19,4842230331
4503,24950020,17004594,41954614,1,0,0,16896,19,7329464429
4504,24952691,17132231,42084922,0,0,0,11776,10,1299074597
4505,24963930,36251030,61214960,7,0,1,20480,7,10013027139
4506,24971280,17911690,42882970,1,0,0,129536,19,8920676036
4507,24972541,16983512,41956053,0,0,0,1536,10,6762658264
4508,24982330,36277707,61260037,5,0,1,12800,10,450882012
4509,24983371,17126424,42109795,0,0,0,13312,10,1782926027
4510,24991680,16879867,41871547,5,0,0,12288,10,5823531128
4511,24993509,17004937,41998446,4,0,0,8192,6,7836623672
4512,24994860,36306684,61301544,7,0,1,512,7,6020500689
4513,24995380,36306187,61301567,3,0,1,4096,6,495711050
4514,24996070,17139159,42135229,5,0,0,5632,10,1985883023
4515,24999470,16985024,41984494,7,0,0,1536,7,4683823616
4516,25025000,17056311,42081311,5,0,0,4096,10,7506369078
4517,25026610,17010169,42036779,2,0,0,18944,1,3297717802
4518,25034509,18154105,43188614,4,0,0,23552,6,3653142599
4519,25037290,16965023,42002313,5,0,0,7168,10,5175911126
4520,25046849,17876515,42923364,3,0,0,44032,6,6124231567
4521,25047669,17094759,42142428,3,0,0,23552,6,6090879228
4522,25064109,16944311,42008420,3,0,0,19968,6,1920936558
4523,25064810,17968222,43033032,1,0,0,35840,19,1190567717
4524,25066179,17258885,42325064,4,0,0,7680,6,10138349768
4525,25070940,17173031,42243971,2,0,0,1024,1,1215747894
4526,25076730,17298369,42375099,7,0,0,35328,7,5344090235
4527,25082669,16853146,41935815,3,0,0,16896,6,10733302449
4528,25090180,17317802,42407982,5,0,0,9216,10,3066583005
4529,25114920,36186670,61301590,9,0,1,512,7,3176948935
4530,25115360,18229078,43344438,1,0,0,17920,19,9574249257
4531,25117309,36184304,61301613,8,0,1,18432,9,631744253
4532,25150180,16936481,42086661,8,0,0,5632,9,964061547
4533,25153039,17509730,42662769,3,0,0,8192,6,9283031735
4534,25153400,17881995,43035395,1,0,0,7680,19,1848998028
4535,25176420,36125216,61301636,3,0,1,1024,6,10714572384
4536,25176511,16778750,41955261,0,0,0,2048,10,3314293218
4537,25180530,17128857,42309387,8,0,0,54272,9,1740173455
4538,25189020,36121349,61310369,9,0,1,12800,7,4831288530
4539,25197360,16914198,42111558,7,0,0,5632,7,1694870750
4540,25214270,36103009,61317279,2,0,1,1536,1,2995943921
4541,25220320,17298049,42518369,7,0,0,26112,7,771402287
4542,25229540,36088565,61318105,0,0,1,512,10,10019656553
4543,25235510,17005585,42241095,2,0,0,36352,1,4140437193
4544,25239900,16977077,42216977,1,0,0,4608,19,7014046354
4545,25240510,17649823,42890333,2,0,0,24064,1,1721539232
4546,25248900,36069228,61318128,2,0,1,1024,1,8035324104
4547,25255371,16753228,42008599,0,0,0,512,10,10623950349
4548,25263830,16962891,42226721,7,0,0,31232,7,3097035015
4549,25270700,36047451,61318151,5,0,1,1536,10,9355755281
4550,25276150,17152345,42428495,1,0,0,32256,19,4743808818
4551,25278100,36040074,61318174,6,0,1,4096,2,9472752466
4552,25288170,18151186,43439356,5,0,0,44544,10,7651969853
4553,25295730,17235047,42530777,1,0,0,22528,19,1477443906
4554,25296880,36038700,61335580,9,0,1,7168,7,8485437899
4555,25297900,17409235,42707135,2,0,0,67584,1,5747467273
4556,25303120,17672300,42975420,5,0,0,10752,10,6907394320
4557,25309140,17757030,43066170,1,0,0,17920,19,8946506422
4558,25320720,17982240,43302960,5,0,0,49664,10,9281988716
4559,25325869,17794723,43120592,3,0,0,28672,6,7995810800
4560,25334760,17219061,42553821,7,0,0,5120,7,5679283051
4561,25340599,36179350,61519949,8,0,1,17408,9,4013071910
4562,25353071,17052072,42405143,0,0,0,18432,10,785643999
4563,25353620,18283692,43637312,2,0,0,78336,1,9092410081
4564,25360220,17081176,42441396,7,0,0,30208,7,521046247
4565,25365550,17053094,42418644,8,0,0,13312,9,5351961170
4566,25370530,36311414,61681944,5,0,1,14848,10,3582445814
4567,25372480,17160348,42532828,2,0,0,6656,1,871263418
4568,25374750,36430528,61805278,5,0,1,9216,10,3108453713
4569,25379979,36480071,61860050,8,0,1,6656,9,3132613274
4570,25382450,36477623,61860073,6,0,1,4096,2,6374446691
4571,25385521,17109695,42495216,0,0,0,10240,10,9957247950
4572,25407690,17606638,43014328,8,0,0,47104,9,4513586152
4573,25407880,17758326,43166206,7,0,0,14336,7,1767331512
4574,25409669,18013371,43423040,4,0,0,106496,6,4991281475
4575,25415980,17268341,42684321,1,0,0,18432,19,10133449891
4576,25422880,17561143,42984023,8,0,0,28160,9,2064332762
4577,25423390,16959844,42383234,5,0,0,26624,10,8820261923
4578,25424530,36441205,61865735,3,0,1,6144,6,8708926130
4579,25426220,17751108,43177328,1,0,0,17920,19,1058134007
4580,25426590,17093830,42520420,1,0,0,6656,19,9111394961
4581,25426720,36456616,61883336,9,0,1,4608,7,10699905303
4582,25435470,16951219,42386689,2,0,0,11264,1,6713013656
4583,25438889,17834027,43272916,4,0,0,99840,6,165894495
4584,25443170,17556530,42999700,2,0,0,2048,1,1189897082
4585,25447541,17524580,42972121,0,0,0,98816,10,9830445347
4586,25449480,36453387,61902867,3,0,1,10240,6,7922055737
4587,25455239,17541763,42997002,3,0,0,42496,6,2301173276
4588,25457640,36480996,61938636,5,0,1,6144,10,1247974308
4589,25457770,17139731,42597501,7,0,0,10752,7,10562180539
4590,25457980,17376717,42834697,2,0,0,43008,1,1427774633
4591,25483600,17458390,42941990,2,0,0,13824,1,2396626298
4592,25488331,17408912,42897243,0,0,0,3584,10,6604197238
4593,25489310,18205097,43694407,8,0,0,29184,9,4869935429
4594,25494141,17098376,42592517,0,0,0,6144,10,8872767539
4595,25504420,17401582,42906002,5,0,0,28672,10,6479524490
4596,25521789,17579975,43101764,4,0,0,40448,6,7158788154
4597,25523240,36418622,61941862,6,0,1,5120,2,9888972770
4598,25532020,36533356,62065376,6,0,1,6656,2,3946628660
4599,25536560,17538853,43075413,1,0,0,30208,19,9673552987
4600,25541210,17822751,43363961,7,0,0,64000,7,5104563130
4601,25543800,17393939,42937739,2,0,0,47104,1,8001061280
4602,25553110,17943838,43496948,1,0,0,28672,19,1541358674
4603,25558891,36507471,62066362,1,0,1,1536,19,618954395
4604,25563139,17332989,42896128,3,0,0,18944,6,5264138771
4605,25566629,17755854,43322483,4,0,0,64000,6,2305197194
4606,25576520,17333405,42909925,8,0,0,12800,9,10237709840
4607,25584430,17697869,43282299,6,0,0,30720,2,802099832
4608,25592130,17746825,43338955,2,0,0,43008,1,2575829135
4609,25592850,17406203,42999053,7,0,0,6656,7,10482254679
4610,25594160,17481744,43075904,5,0,0,1536,10,9768612813
4611,25599730,17581677,43181407,7,0,0,13312,7,3237254255
4612,25613480,17229999,42843479,5,0,0,28672,10,1093759723
4613,25614851,17546964,43161815,0,0,0,17920,10,7452551413
4614,25622961,17767608,43390569,0,0,0,26624,10,4730696567
4615,25642140,36485190,62127330,2,0,1,7680,1,380192953
4616,25648930,17462864,43111794,5,0,0,32768,10,2912313886
4617,25648960,17933454,43582414,8,0,0,10240,9,5849578091
4618,25650591,17928680,43579271,0,0,0,8192,10,3754149252
4619,25662180,36695434,62357614,6,0,1,13824,2,9097125955
4620,25673620,17614185,43287805,5,0,0,17920,10,5802421411
4621,25680200,36677437,62357637,0,0,1,1024,10,431622477
4622,25690651,17969639,43660290,0,0,0,54784,10,4919119692
4623,25691340,18133196,43824536,7,0,0,60416,7,1890810600
4624,25692880,17463452,43156332,1,0,0,31744,19,341856834
4625,25701890,36655770,62357660,6,0,1,1024,2,6226915523
4626,25703469,17491555,43195024,4,0,0,12800,6,9125500705
4627,25703929,17442708,43146637,4,0,0,28160,6,8893628143
4628,25709460,17351204,43060664,1,0,0,41472,19,7854046695
4629,25714160,17658330,43372490,2,0,0,3072,1,375959667
4630,25717549,17298620,43016169,3,0,0,4096,6,9085265364
4631,25722480,36707967,62430447,7,0,1,23552,7,3446561980
4632,25724620,17736159,43460779,7,0,0,4096,7,3076986075
4633,25735650,17503691,43239341,2,0,0,7168,1,9089212332
4634,25743150,17428695,43171845,8,0,0,18432,9,6065249052
4635,25745569,36688356,62433925,8,0,1,7680,9,1355624913
4636,25749840,17675875,43425715,7,0,0,8704,7,3107628466
4637,25751040,17795658,43546698,1,0,0,21504,19,9034959949
4638,25759230,17566396,43325626,5,0,0,10240,10,442459056
4639,25767250,36708251,62475501,3,0,1,22528,6,5908816216
4640,25769120,17996704,43765824,1,0,0,32256,19,2746856020
4641,25771679,17448966,43220645,3,0,0,16384,6,5837781934
4642,25777550,36845429,62622979,9,0,1,2560,7,1153650280
4643,25789520,17588835,43378355,5,0,0,8192,10,8243282876
4644,25790370,36870126,62660496,7,0,1,8192,7,10325585021
4645,25802080,17523748,43325828,8,0,0,512,9,8429692516
4646,25824350,17656484,43480834,8,0,0,24576,9,3015391385
4647,25825540,36873938,62699478,0,0,1,11264,10,8269277107
4648,25827249,17895018,43722267,4,0,0,18432,6,3319504188
4649,25827480,17645843,43473323,1,0,0,30720,19,1651226469
4650,25827900,17622446,43450346,2,0,0,31232,1,6907262290
4651,25828171,18079464,43907635,0,0,0,5120,10,5064236354
4652,25830570,36881151,62711721,9,0,1,10752,7,6575149604
4653,25846910,36869957,62716867,3,0,1,8192,6,9827429738
4654,25854810,18120951,43975761,5,0,0,18432,10,5961806420
4655,25858170,36957501,62815671,0,0,1,3072,10,3144460465
4656,25863710,17707956,43571666,5,0,0,1024,10,6954368736
4657,25866390,36990937,62857327,6,0,1,7168,2,4121977385
4658,25869680,37019401,62889081,9,0,1,8192,7,10488390132
4659,25870450,37044924,62915374,0,0,1,31232,10,3580974923
4660,25878081,17335967,43214048,0,0,0,5120,10,8222597389
4661,25878210,17838418,43716628,1,0,0,51200,19,10318295390
4662,25895390,37038945,62934335,5,0,1,8704,10,839749163
4663,25903359,37030999,62934358,8,0,1,1536,9,5134004855
4664,25910911,37024252,62935163,1,0,1,5120,19,3598073680
4665,25922510,17444656,43367166,5,0,0,10240,10,3932842465
4666,25926210,37010541,62936751,5,0,1,15872,10,5840104670
4667,25929211,18295063,44224274,0,0,0,4608,10,3984963642
4668,25929659,17573762,43503421,4,0,0,5632,6,4524858507
4669,25936691,17918178,43854869,0,0,0,6144,10,3866277177
4670,25940040,17650190,43590230,2,0,0,7168,1,9988894122
4671,25958460,37064728,63023188,9,0,1,5632,7,3367992796
4672,25971520,17485714,43457234,2,0,0,7680,1,6798997303
4673,25976930,17405504,43382434,1,0,0,13312,19,4970936066
4674,25978690,37050092,63028782,3,0,1,18432,6,317243865
4675,25979550,37148999,63128549,0,0,1,1024,10,9144186949
4676,25984229,37751575,63735804,8,0,1,209408,9,5288689697
4677,25998710,37737117,63735827,0,0,1,3072,10,2832235069
4678,26014419,18036044,44050463,3,0,0,12800,6,6919096104
4679,26021200,17664292,43685492,8,0,0,22528,9,5568719958
4680,26028530,17473152,43501682,9,0,0,1024,7,1493855836
4681,26029610,17671372,43700982,1,0,0,21504,19,4590087131
4682,26030100,17510023,43540123,8,0,0,22528,9,8564070877
4683,26035500,17405307,43440807,5,0,0,4608,10,3665568674
4684,26044840,17456499,43501339,7,0,0,14336,7,7889140716
4685,26047450,17440739,43488189,5,0,0,24064,10,10525262835
4686,26057340,37678510,63735850,7,0,1,4096,7,6423437311
4687,26059930,17771961,43831891,1,0,0,24064,19,5734180666
4688,26067190,17719600,43786790,7,0,0,31232,7,9500678763
4689,26074099,17869035,43943134,4,0,0,13312,6,9901325393
4690,26074510,37699107,63773617,2,0,1,3584,1,10386455327
4691,26088920,17804549,43893469,2,0,0,4096,1,4296403802
4692,26112320,37662603,63774923,5,0,1,2048,10,9609765169
4693,26114670,17416320,43530990,5,0,0,512,10,7489261330
4694,26115890,17527685,43643575,1,0,0,20480,19,10581815775
4695,26128810,17796702,43925512,5,0,0,36352,10,9658800105
4696,26132940,17610160,43743100,8,0,0,7168,9,6710440860
4697,26146260,17706714,43852974,1,0,0,69120,19,4676725414
4698,26148870,17757182,43906052,1,0,0,27648,19,8921981612
4699,26166630,17574263,43740893,1,0,0,53760,19,5510449585
4700,26182230,37596559,63778789,5,0,1,6144,10,470316909
4701,26201090,37601896,63802986,0,0,1,22016,10,1923815172
4702,26205980,37601832,63807812,4,0,1,7680,6,5089643359
4703,26209450,17559517,43768967,1,0,0,10240,19,8393551425
4704,26212260,17538686,43750946,5,0,0,13312,10,702296998
4705,26221071,17803821,44024892,0,0,0,8192,10,8848267364
4706,26224541,17791577,44016118,0,0,0,25088,10,1647242442
4707,26227059,18043349,44270408,4,0,0,8704,6,529326940
4708,26235300,17805266,44040566,8,0,0,44544,9,9265539765
4709,26237369,17807588,44044957,3,0,0,14336,6,5093513077
4710,26256120,17766253,44022373,8,0,0,6144,9,2478380318
4711,26270790,18378933,44649723,2,0,0,51712,1,8615415858
4712,26275909,17694213,43970122,4,0,0,10240,6,3626493148
4713,26276800,17447682,43724482,5,0,0,7168,10,10048455434
4714,26280339,37887357,64167696,8,0,1,76800,9,5171259505
4715,26289111,17649944,43939055,0,0,0,1536,10,7286866716
4716,26293049,18160089,44453138,4,0,0,44032,6,5501868336
4717,26302251,18583108,44885359,0,0,0,24576,10,372966463
4718,26303860,37869030,64172890,2,0,1,8192,1,10444455431
4719,26303950,17554062,43858012,5,0,0,10240,10,1130822562
4720,26309610,37956014,64265624,0,0,1,27648,10,8849878344
4721,26312409,17752351,44064760,3,0,0,7168,6,10248733924
4722,26318650,17802646,44121296,1,0,0,52224,19,6321159979
4723,26329191,17417676,43746867,0,0,0,12288,10,580243769
4724,26331120,17839016,44170136,8,0,0,51200,9,5610364705
4725,26333120,17737404,44070524,7,0,0,512,7,4986349455
4726,26341369,17871161,44212530,3,0,0,40960,6,5750093269
4727,26341600,17906900,44248500,8,0,0,73728,9,5644078799
4728,26346900,37918747,64265647,2,0,1,1024,1,3377292537
4729,26352050,37913620,64265670,4,0,1,2048,6,3346453885
4730,26356210,17526404,43882614,7,0,0,10752,7,1001782811
4731,26361800,18172821,44534621,1,0,0,57344,19,7021168519
4732,26362700,17960334,44323034,5,0,0,54272,10,10608257104
4733,26363180,37931698,64294878,0,0,1,34816,10,7732214995
4734,26363840,37937897,64301737,2,0,1,5120,1,8240767973
4735,26371631,17964686,44336317,0,0,0,43520,10,3919210867
4736,26373160,18242362,44615522,7,0,0,13824,7,631565309
4737,26378169,17818247,44196416,4,0,0,25600,6,713518500
4738,26392860,17653680,44046540,8,0,0,5120,9,2202633207
4739,26396850,17829163,44226013,8,0,0,5632,9,5754078836
4740,26400909,17982992,44383901,4,0,0,37888,6,6566586064
4741,26404680,17533884,43938564,2,0,0,11776,1,8670551545
4742,26414851,17561245,43976096,0,0,0,1024,10,2619152083
4743,26417920,18178556,44596476,8,0,0,18432,9,9066077281
4744,26419230,17978204,44397434,5,0,0,22528,10,7290513776
4745,26433060,17939274,44372334,8,0,0,27648,9,7639021207
4746,26437909,17832678,44270587,3,0,0,512,6,8589206615
4747,26443150,17815848,44258998,5,0,0,2560,10,10600745300
4748,26447220,18251462,44698682,2,0,0,15872,1,5607610967
4749,26450460,18311437,44761897,2,0,0,15360,1,4786540105
4750,26454710,17745317,44200027,7,0,0,11776,7,4530724981
4751,26455979,38175404,64631383,8,0,1,137728,9,8997295689
4752,26469000,38359509,64828509,0,0,1,189952,10,5235835143
4753,26475480,38470878,64946358,2,0,1,32768,1,4360776768
4754,26476260,18399167,44875427,7,0,0,14848,7,6483949170
4755,26496150,17867737,44363887,5,0,0,12288,10,7660507822
4756,26496491,17761704,44258195,0,0,0,31744,10,9885556239
4757,26500470,38449990,64950460,9,0,1,6656,7,6371805889
4758,26502689,17857431,44360120,4,0,0,32256,6,4408471399
4759,26503071,17620432,44123503,0,0,0,7168,10,6114737602
4760,26503810,18569063,45072873,1,0,0,37376,19,5810220609
4761,26514440,18038768,44553208,7,0,0,60928,7,10197087849
4762,26517240,18052105,44569345,8,0,0,1024,9,3129398343
4763,26520410,17996716,44517126,2,0,0,31232,1,3720775563
4764,26525231,18128415,44653646,0,0,0,12800,10,6658294333
4765,26528710,17894485,44423195,1,0,0,24576,19,8971837619
4766,26531350,17814046,44345396,5,0,0,29696,10,7168249840
4767,26534321,38416162,64950483,1,0,1,2048,19,4609489540
4768,26544809,17894514,44439323,3,0,0,22016,6,4670521293
4769,26546660,18193638,44740298,1,0,0,43008,19,4186294516
4770,26547710,38402796,64950506,3,0,1,12288,6,4584449654
4771,26592290,38362630,64954920,2,0,1,1536,1,6550572006
4772,26596030,17961569,44557599,2,0,0,14336,1,8685700829
4773,26606809,17962201,44569010,4,0,0,37376,6,1160970489
4774,26620301,17949535,44569836,0,0,0,1536,10,5272996978
4775,26636360,18197833,44834193,8,0,0,19456,9,6361997861
4776,26640359,18138711,44779070,3,0,0,24064,6,7968627499
4777,26642109,38560962,65203071,8,0,1,216064,9,5750166056
4778,26644390,18226490,44870880,1,0,0,81408,19,1427478770
4779,26651140,18092301,44743441,1,0,0,10240,19,1999284706
4780,26682670,17992816,44675486,8,0,0,11776,9,8289656849
4781,26686470,38534025,65220495,6,0,1,8704,2,9681740075
4782,26690020,17900817,44590837,1,0,0,30720,19,9232543161
4783,26690240,17969832,44660072,2,0,0,3584,1,6077531864
4784,26699250,17871770,44571020,1,0,0,3584,19,1720219285
4785,26710179,17923133,44633312,4,0,0,512,6,1528543767
4786,26777730,18188691,44966421,8,0,0,17920,9,8978430835
4787,26778399,17800683,44579082,3,0,0,12288,6,6719609352
4788,26779670,18302245,45081915,5,0,0,22528,10,5306018600
4789,26782460,18424221,45206681,5,0,0,3072,10,5871916383
4790,26785761,17923673,44709434,0,0,0,15872,10,2774492743
4791,26787330,17997903,44785233,7,0,0,4096,7,9483918465
4792,26794499,18043059,44837558,4,0,0,5632,6,193779320
4793,26804830,38517591,65322421,4,0,1,4096,6,1471169017
4794,26806039,18091621,44897660,4,0,0,7168,6,7722469596
4795,26815390,18310835,45126225,7,0,0,30720,7,6268444753
4796,26831030,38607792,65438822,0,0,1,62976,10,9303552893
4797,26840920,18551124,45392044,1,0,0,67072,19,3710654462
4798,26845080,18181892,45026972,7,0,0,18432,7,9253344427
4799,26852949,18168384,45021333,3,0,0,16384,6,9546086968
4800,26868979,17844415,44713394,4,0,0,5120,6,5011475530
4801,26875819,18045128,44920947,4,0,0,71168,6,6212941019
4802,26882840,38571457,65454297,2,0,1,7680,1,4703127877
4803,26884530,18348945,45233475,5,0,0,64000,10,6334271565
4804,26886480,17870714,44757194,5,0,0,18432,10,3587516549
4805,26888170,17989678,44877848,7,0,0,7680,7,4463657446
4806,26888600,38569657,65458257,2,0,1,7168,1,6920085665
4807,26898181,38579580,65477761,1,0,1,2560,19,4167991266
4808,26900770,38605697,65506467,7,0,1,5632,7,8079281812
4809,26914120,18613050,45527170,5,0,0,61440,10,6553243195
4810,26914730,17898832,44813562,8,0,0,6656,9,5624104143
4811,26921730,38584760,65506490,0,0,1,6656,10,7616209992
4812,26924090,38604808,65528898,0,0,1,1536,10,2001094528
4813,26926610,38602311,65528921,2,0,1,2048,1,917945761
4814,26928470,18176001,45104471,8,0,0,36352,9,1609594015
4815,26933120,18062161,44995281,7,0,0,7168,7,3254051799
4816,26940501,18505798,45446299,0,0,0,104448,10,5031336714
4817,26948439,18670178,45618617,3,0,0,8704,6,10734815877
4818,26963360,38599208,65562568,2,0,1,27648,1,7381416416
4819,26969961,17875419,44845380,0,0,0,4096,10,3555950783
4820,26973380,38674766,65648146,3,0,1,13824,6,1779483377
4821,26984870,38667462,65652332,6,0,1,6656,2,10010643365
4822,26987010,18146726,45133736,5,0,0,24576,10,10511298918
4823,26993150,38668035,65661185,2,0,1,8192,1,8642809169
4824,26997621,18510806,45508427,0,0,0,27648,10,10256436829
4825,26997719,18556535,45554254,3,0,0,28672,6,9832420437
4826,27001800,38662291,65664091,7,0,1,4608,7,6181779732
4827,27009809,18268120,45277929,3,0,0,37376,6,8257704024
4828,27013219,38675021,65688240,8,0,1,9216,9,8131163920
4829,27017400,38672146,65689546,5,0,1,2048,10,253840739
4830,27035610,38657482,65693092,9,0,1,5632,7,6129958700
4831,27042390,17986165,45028555,5,0,0,5120,10,10655574725
4832,27052740,18082509,45135249,7,0,0,3584,7,5728897335
4833,27063740,18097063,45160803,7,0,0,19968,7,960158424
4834,27074240,18537098,45611338,7,0,0,27648,7,6201768572
4835,27086460,18004370,45090830,7,0,0,29184,7,3751543273
4836,27087271,18375142,45462413,0,0,0,52736,10,4198509782
4837,27088949,18096385,45185334,4,0,0,30208,6,5600728779
4838,27103090,38612506,65715596,7,0,1,2560,7,3239682548
4839,27105160,38678248,65783408,5,0,1,18944,10,8184818419
4840,27106349,17881202,44987551,3,0,0,4608,6,7735739330
4841,27110000,18427276,45537276,7,0,0,17408,7,10531870694
4842,27121420,18273299,45394719,5,0,0,8704,10,8983340153
4843,27125109,18289312,45414421,3,0,0,55808,6,10033945311
4844,27133641,18493231,45626872,0,0,0,13824,10,6402706285
4845,27139721,18940643,46080364,0,0,0,30720,10,1323445321
4846,27148780,18689487,45838267,5,0,0,79360,10,6355969039
4847,27150110,18568508,45718618,8,0,0,16384,9,9474512981
4848,27153450,38745612,65899062,9,0,1,2560,7,9395710878
4849,27154510,38745186,65899696,3,0,1,3584,6,8257380383
4850,27176070,38727390,65903460,7,0,1,17920,7,1181576805
4851,27181231,18024491,45205722,0,0,0,21504,10,1322907109
4852,27183490,17984720,45168210,8,0,0,14336,9,6249126398
4853,27184881,38720525,65905406,1,0,1,3072,19,7169185904
4854,27192470,18647380,45839850,7,0,0,5120,7,9538196593
4855,27193419,18828631,46022050,4,0,0,147968,6,654437445
4856,27193990,18544046,45738036,7,0,0,3584,7,3241670675
4857,27194360,18203034,45397394,7,0,0,8704,7,6784346377
4858,27195630,38766350,65961980,5,0,1,2560,10,1999434856
4859,27203489,18713452,45916941,4,0,0,76288,6,1650362578
4860,27205210,38769750,65974960,6,0,1,8192,2,10520850458
4861,27205751,38769232,65974983,1,0,1,3584,19,7057185163
4862,27206039,18726837,45932876,3,0,0,52224,6,3082584686
4863,27206829,18408833,45615662,4,0,0,11264,6,8396980533
4864,27209510,18393381,45602891,1,0,0,7168,19,5657226335
4865,27210059,18523641,45733700,4,0,0,12288,6,5563968752
4866,27220790,18832396,46053186,8,0,0,86016,9,5260836556
4867,27245891,18623035,45868926,0,0,0,33792,10,4605149376
4868,27271709,18670729,45942438,3,0,0,25600,6,9699098880
4869,27290010,18389920,45679930,1,0,0,20480,19,4302750843
4870,27294330,17994542,45288872,5,0,0,35840,10,7514964688
4871,27313999,18396377,45710376,4,0,0,33792,6,4213289671
4872,27316489,18497544,45814033,4,0,0,9728,6,2584441940
4873,27319159,18330814,45649973,4,0,0,29696,6,8902534797
4874,27323820,38660299,65984119,4,0,1,2048,6,1802240893
4875,27324580,18486420,45811000,5,0,0,56320,10,100325911
4876,27345819,39475766,66821585,8,0,1,310272,9,1443659163
4877,27357150,18891526,46248676,1,0,0,41472,19,1776835190
4878,27361871,19023779,46385650,0,0,0,26112,10,1997624157
4879,27362689,18510784,45873473,3,0,0,14848,6,60922355
4880,27369869,18914951,46284820,4,0,0,18944,6,4532877904
4881,27371260,18473536,45844796,5,0,0,6656,10,2720006638
4882,27374739,18125241,45499980,4,0,0,31744,6,10430450341
4883,27374769,39812568,67187337,8,0,1,156160,9,382777986
4884,27375209,18784745,46159954,4,0,0,28672,6,9441157214
4885,27382830,39854292,67237122,9,0,1,15872,7,623886977
4886,27394850,39847520,67242370,9,0,1,4096,7,10172039227
4887,27395380,18295680,45691060,9,0,0,7680,7,3952060853
4888,27396820,39857838,67254658,6,0,1,5632,2,8144966948
4889,27405400,39903060,67308460,9,0,1,4096,7,5009868455
4890,27411699,18466633,45878332,4,0,0,15872,6,4303475907
4891,27430441,18170243,45600684,0,0,0,37376,10,4604371409
4892,27443360,18764789,46208149,5,0,0,56320,10,9159270645
4893,27447790,18641645,46089435,2,0,0,29696,1,1747314403
4894,27450200,18576755,46026955,8,0,0,10752,9,8177358678
4895,27453930,18519051,45972981,5,0,0,20992,10,2090942402
4896,27460770,39854756,67315526,9,0,1,2048,7,523164102
4897,27470801,18490247,45961048,0,0,0,44544,10,1981987627
4898,27470880,19140214,46611094,2,0,0,68096,1,8621579775
4899,27479881,18467572,45947453,0,0,0,16384,10,4538493901
4900,27521240,39799792,67321032,4,0,1,3072,6,4222583481
4901,27521310,18320525,45841835,5,0,0,3584,10,9491239098
4902,27524060,39796995,67321055,5,0,1,7680,10,9683102711
4903,27537769,18941823,46479592,3,0,0,5632,6,7142488434
4904,27542779,18732415,46275194,4,0,0,2048,6,1942623566
4905,27554370,39824218,67378588,4,0,1,3584,6,4254268589
4906,27562960,18660971,46223931,8,0,0,26112,9,4999816368
4907,27578770,18387792,45966562,1,0,0,16896,19,7116363025
4908,27583830,39794781,67378611,5,0,1,4096,10,7735088567
4909,27588060,18560625,46148685,5,0,0,37376,10,8193990374
4910,27595500,39783134,67378634,7,0,1,2048,7,607590723
4911,27596559,18531231,46127790,3,0,0,6144,6,7617040842
4912,27607050,39771607,67378657,3,0,1,2560,6,7146298465
4913,27612690,18410966,46023656,8,0,0,5120,9,10538340248
4914,27628979,18496916,46125895,3,0,0,14336,6,7855172906
4915,27636860,18637679,46274539,7,0,0,21504,7,10258698520
4916,27639120,18456977,46096097,5,0,0,8192,10,5993630100
4917,27646891,18287724,45934615,0,0,0,5632,10,5042652847
4918,27656079,18512589,46168668,4,0,0,26112,6,7883716616
4919,27656661,18920438,46577099,0,0,0,75264,10,3851412980
4920,27659959,18405029,46064988,3,0,0,10240,6,671136673
4921,27666590,18465364,46131954,1,0,0,2048,19,6738114997
4922,27691450,18621306,46312756,7,0,0,14848,7,1436498029
4923,27695640,19025850,46721490,9,0,0,80896,7,4018781209
4924,27700820,39677860,67378680,3,0,1,512,6,9638991378
4925,27704369,18257022,45961391,4,0,0,1024,6,10238788313
4926,27709839,18558125,46267964,3,0,0,4608,6,6416569618
4927,27717290,18624119,46341409,7,0,0,5120,7,2277395245
4928,27733800,39644903,67378703,6,0,1,1536,2,3733015967
4929,27736180,18577379,46313559,7,0,0,2560,7,3283467246
4930,27741739,18715080,46456819,3,0,0,9728,6,2170387235
4931,27762589,39838708,67601297,8,0,1,158720,9,4825261011
4932,27764910,39846484,67611394,9,0,1,6144,7,4378187437
4933,27779781,18444641,46224422,0,0,0,1536,10,6364179176
4934,27785781,18363551,46149332,0,0,0,2048,10,7379609297
4935,27791590,39819827,67611417,7,0,1,5632,7,2971535881
4936,27794229,18839398,46633627,4,0,0,17408,6,7907476518
4937,27803170,18462244,46265414,7,0,0,50176,7,1427600252
4938,27803420,18463117,46266537,8,0,0,3584,9,5277440743
4939,27808180,19174075,46982255,1,0,0,74752,19,1948623233
4940,27833991,18720153,46554144,0,0,0,38912,10,858439668
4941,27840250,39771190,67611440,7,0,1,1536,7,314926872
4942,27840689,19011770,46852459,4,0,0,17408,6,9310293644
4943,27851600,18398503,46250103,8,0,0,4608,9,7375761039
4944,27875350,18813093,46688443,8,0,0,84992,9,5463385437
4945,27885059,19003681,46888740,3,0,0,53248,6,8158870604
4946,27885650,39739720,67625370,4,0,1,1536,6,464153319
4947,27888131,18583672,46471803,0,0,0,18944,10,3642522811
4948,27895050,19226082,47121132,7,0,0,53248,7,3660504790
4949,27895810,18794216,46690026,7,0,0,5120,7,6942831708
4950,27902910,18969583,46872493,7,0,0,62464,7,481403810
4951,27905079,18931387,46836466,3,0,0,2560,6,10583425740
4952,27907020,39718373,67625393,2,0,1,6656,1,9855127546
4953,27908800,18537018,46445818,7,0,0,16896,7,8905616451
4954,27910540,19175778,47086318,5,0,0,20480,10,6189517989
4955,27920501,39736742,67657243,1,0,1,12800,19,10035583882
4956,27933260,18760712,46693972,6,0,0,12800,2,1599075977
4957,27935600,18692700,46628300,5,0,0,26112,10,5470376470
4958,27942409,18840690,46783099,3,0,0,37376,6,5442946453
4959,27952170,19042432,46994602,6,0,0,40448,2,7342651701
4960,27958850,39699059,67657909,4,0,1,1024,6,9121777536
4961,27967060,18674109,46641169,7,0,0,9728,7,9479993694
4962,27979840,18537828,46517668,8,0,0,34816,9,3463830573
4963,27982311,39721632,67703943,1,0,1,24064,19,6922687417
4964,27995919,19228198,47224117,4,0,0,41984,6,9008776087
4965,27996600,18743308,46739908,7,0,0,15872,7,4456661347
4966,28002340,39706501,67708841,9,0,1,31232,7,2568455823
4967,28011390,39697474,67708864,4,0,1,3072,6,3510936140
4968,28026930,39684320,67711250,4,0,1,6656,6,6860414376
4969,28029600,39682126,67711726,7,0,1,1024,7,3498944352
4970,28035431,18627093,46662524,0,0,0,31744,10,5086822670
4971,28049691,18647120,46696811,0,0,0,9216,10,3402083077
4972,28055019,18446051,46501070,3,0,0,13824,6,2406272659
4973,28063580,39650092,67713672,7,0,1,3072,7,3770525170
4974,28087109,19244317,47331426,4,0,0,88064,6,6698068035
4975,28099250,39619568,67718818,0,0,1,8192,10,2245739513
4976,28106269,18357677,46463946,4,0,0,18432,6,1997063355
4977,28106459,19338026,47444485,3,0,0,24576,6,594055630
4978,28109889,18950573,47060462,3,0,0,3072,6,5941237087
4979,28110429,39699454,67809883,8,0,1,12288,9,8506939786
4980,28113690,18506631,46620321,7,0,0,30208,7,5481582753
4981,28113750,19072499,47186249,5,0,0,25600,10,7967924891
4982,28118609,39712982,67831591,8,0,1,14336,9,5481110181
4983,28123390,18722498,46845888,7,0,0,13824,7,7992823288
4984,28131770,39699844,67831614,5,0,1,512,10,3390353959
4985,28135441,18502733,46638174,0,0,0,14848,10,596645152
4986,28138269,19063383,47201652,3,0,0,12800,6,7262438620
4987,28140790,18690638,46831428,1,0,0,64512,19,10266044858
4988,28142781,19035645,47178426,0,0,0,13312,10,195728833
4989,28144490,39687678,67832168,6,0,1,6144,2,571617380
4990,28149519,18752739,46902258,3,0,0,28672,6,5106124457
4991,28152809,18856503,47009312,4,0,0,9728,6,6226619516
4992,28154800,18577477,46732277,6,0,0,35328,2,8675430130
4993,28155480,18991218,47146698,5,0,0,5120,10,7480707218
4994,28156090,18986795,47142885,1,0,0,38912,19,9352306326
4995,28175870,18904177,47080047,9,0,0,13824,7,7300417661
4996,28178339,18878801,47057140,3,0,0,45056,6,4912544363
4997,28183090,19121481,47304571,9,0,0,27648,7,7642298100
4998,28188040,18647623,46835663,7,0,0,13824,7,9707916681
4999,28192301,18843242,47035543,0,0,0,86016,10,4857479321
5000,28216999,19137921,47354920,4,0,0,51200,6,336673402
5001,28234019,18841793,47075812,4,0,0,28672,6,10028686639
5002,28235790,18806172,47041962,9,0,0,20992,7,5677040459
5003,28252220,39598638,67850858,6,0,1,12800,2,7894578340
5004,28258369,39593159,67851528,8,0,1,12288,9,4719439174
5005,28265500,39639482,67904982,0,0,1,5120,10,7398327308
5006,28277711,18916037,47193748,0,0,0,8704,10,3940239473
5007,28278561,18851174,47129735,0,0,0,28160,10,3520227289
5008,28283960,39622328,67906288,3,0,1,2048,6,4909243871
5009,28284210,18759179,47043389,1,0,0,4608,19,1457604662
5010,28287579,18664743,46952322,4,0,0,4096,6,2646458124
5011,28296680,39610594,67907274,5,0,1,1536,10,8059689325
5012,28296829,18793776,47090605,3,0,0,12288,6,8840020795
5013,28305059,18946980,47252039,3,0,0,6144,6,4084481401
5014,28309230,19260613,47569843,9,0,0,152576,7,5791598376
5015,28312399,18754646,47067045,3,0,0,21504,6,1245027815
5016,28317840,18688485,47006325,7,0,0,38400,7,2802161147
5017,28342060,18788946,47131006,9,0,0,4096,7,1416404003
5018,28361480,18783635,47145115,7,0,0,7168,7,10667683576
5019,28369120,19292353,47661473,7,0,0,28672,7,10440445615
5020,28369480,39539740,67909220,7,0,1,3072,7,1188774180
5021,28371070,18783033,47154103,6,0,0,17920,2,1037763855
5022,28372100,18687403,47059503,1,0,0,7680,19,439736384
5023,28373799,18900886,47274685,3,0,0,44544,6,9870404835
5024,28381441,39530583,67912024,1,0,1,16384,19,7907805368
5025,28385439,19039003,47424442,4,0,0,56320,6,9156733487
5026,28387490,18893008,47280498,5,0,0,2560,10,7357580883
5027,28402721,19336718,47739439,0,0,0,11264,10,6977021137
5028,28403639,18960980,47364619,3,0,0,512,6,7511003863
5029,28423820,18934711,47358531,5,0,0,11776,10,586608956
5030,28423999,19009233,47433232,4,0,0,20480,6,4884070405
5031,28424051,39581218,68005269,1,0,1,7680,19,8303914165
5032,28426380,39578912,68005292,0,0,1,1536,10,10046734395
5033,28435229,19042282,47477511,4,0,0,79872,6,8831258823
5034,28436640,19065799,47502439,1,0,0,19456,19,9440272344
5035,28437431,18799702,47237133,0,0,0,13312,10,8284608529
5036,28441490,18965769,47407259,1,0,0,24064,19,4101558132
5037,28443990,39570401,68014391,4,0,1,9728,6,9426098030
5038,28454210,18972759,47426969,5,0,0,8192,10,3128292559
5039,28461850,18906957,47368807,5,0,0,1536,10,3440501742
5040,28469780,39544634,68014414,5,0,1,1024,10,250343759
5041,28473550,39592113,68065663,6,0,1,15872,2,9014187750
5042,28482459,18856582,47339041,3,0,0,23552,6,1708485797
5043,28483610,18996420,47480030,9,0,0,8192,7,1456782889
5044,28487970,19234597,47722567,5,0,0,16384,10,2133799110
5045,28488960,19147336,47636296,1,0,0,27136,19,7517165257
5046,28489841,19104524,47594365,0,0,0,45568,10,1566183745
5047,28493220,19154947,47648167,1,0,0,14336,19,7150984260
5048,28497651,19021348,47518999,0,0,0,13312,10,8292589808
5049,28498270,39621610,68119880,0,0,1,9728,10,2597697072
5050,28504229,19370329,47874558,3,0,0,15872,6,4684571804
5051,28514170,19106472,47620642,9,0,0,45056,7,10604378969
5052,28518400,39601826,68120226,5,0,1,512,10,9892860521
5053,28532730,39593668,68126398,2,0,1,3584,1,7959219148
5054,28535309,19092696,47628005,3,0,0,24064,6,7007564129
5055,28540540,18895851,47436391,5,0,0,10240,10,350459609
5056,28544640,19027121,47571761,7,0,0,1536,7,5501210253
5057,28551030,19174543,47725573,7,0,0,5120,7,4862554961
5058,28559989,19046902,47606891,4,0,0,16896,6,3784986401
5059,28561850,19039870,47601720,1,0,0,24064,19,1757119882
5060,28564619,19200805,47765424,4,0,0,5120,6,3068402919
5061,28566070,19086644,47652714,5,0,0,14848,10,4260720363
5062,28588130,18983140,47571270,1,0,0,4608,19,2669190125
5063,28599091,39528688,68127779,1,0,1,16896,19,1969457337
5064,28612259,19195622,47807881,4,0,0,68608,6,2190620487
5065,28615340,19073694,47689034,5,0,0,20992,10,7472057755
5066,28617910,39516964,68134874,5,0,1,4096,10,7726241239
5067,28619481,19297509,47916990,0,0,0,8704,10,6582588821
5068,28622060,39513378,68135438,7,0,1,10752,7,2777482269
5069,28623359,39520055,68143414,8,0,1,11264,9,4511484148
5070,28624900,39632677,68257577,2,0,1,14848,1,8004910469
5071,28627500,19082401,47709901,1,0,0,4096,19,10736146743
5072,28631740,39625860,68257600,4,0,1,512,6,7499722795
5073,28636331,39626151,68262482,1,0,1,19456,19,17872244
5074,28637400,39625105,68262505,6,0,1,15872,2,2447567068
5075,28639391,39718406,68357797,1,0,1,9216,19,6966321572
5076,28649749,19264566,47914315,3,0,0,40448,6,8950356775
5077,28655250,39744112,68399362,3,0,1,27136,6,2393415955
5078,28658910,19231271,47890181,7,0,0,51200,7,9401183121
5079,28669830,19199869,47869699,6,0,0,25088,2,3737433928
5080,28669891,18972787,47642678,0,0,0,6144,10,6307198479
5081,28670319,19140549,47810868,4,0,0,9728,6,1482886177
5082,28680630,19398434,48079064,1,0,0,32256,19,6182435611
5083,28681439,19278344,47959783,4,0,0,56832,6,5280178389
5084,28684840,19132599,47817439,5,0,0,3072,10,5241017771
5085,28692830,19317720,48010550,1,0,0,6144,19,7376933235
5086,28695649,19205475,47901124,3,0,0,35840,6,9972336890
5087,28700901,39702967,68403868,1,0,1,7168,19,10734584425
5088,28709560,39696574,68406134,4,0,1,3584,6,4089086506
5089,28711850,19283735,47995585,6,0,0,91648,2,8296519622
5090,28741650,19184503,47926153,1,0,0,25088,19,9053756154
5091,28741780,39683225,68425005,7,0,1,8704,7,190202953
5092,28744150,19383899,48128049,5,0,0,3072,10,7179464506
5093,28750100,39675891,68425991,0,0,1,1536,10,650017652
5094,28764781,19195649,47960430,0,0,0,2048,10,8280710398
5095,28768970,19252830,48021800,6,0,0,5632,2,6253374002
5096,28798930,39778157,68577087,9,0,1,26624,7,5163365448
5097,28816860,39792104,68608964,9,0,1,4608,7,10089113449
5098,28821710,19289211,48110921,9,0,0,46080,7,6114613551
5099,28827020,19202657,48029677,8,0,0,3072,9,3609611786
5100,28828390,19216466,48044856,5,0,0,41984,10,2852262299
5101,28841691,19500978,48342669,0,0,0,32768,10,6438425264
5102,28847250,39812730,68659980,9,0,1,1536,7,3615133325
5103,28849571,19169438,48019009,0,0,0,3072,10,4219046219
5104,28854570,19338290,48192860,7,0,0,3072,7,1980132797
5105,28854780,19331852,48186632,1,0,0,10240,19,9521508071
5106,28861280,39798723,68660003,2,0,1,6144,1,7544647919
5107,28865780,39794246,68660026,0,0,1,2048,10,2315283137
5108,28871610,19354530,48226140,7,0,0,80896,7,7552976629
5109,28875760,19178356,48054116,6,0,0,1024,2,6740622046
5110,28875790,19283086,48158876,9,0,0,19968,7,7016661715
5111,28880780,19372133,48252913,6,0,0,1024,2,2417205600
5112,28896630,19355948,48252578,1,0,0,67072,19,4674757686
5113,28901110,39763018,68664128,9,0,1,25088,7,7143389366
5114,28901689,19409096,48310785,4,0,0,33792,6,2175249837
5115,28902251,19511574,48413825,0,0,0,10752,10,1687828394
5116,28910080,19447276,48357356,1,0,0,48128,19,5813270609
5117,28913169,19351859,48265028,4,0,0,9728,6,667217413
5118,28922230,39741921,68664151,0,0,1,2560,10,666127408
5119,28922720,19557831,48480551,9,0,0,52736,7,10023818254
5120,28935530,39735916,68671446,5,0,1,9728,10,2906976783
5121,28941360,19672217,48613577,6,0,0,79872,2,10049720304
5122,28948490,19247825,48196315,7,0,0,11264,7,10169345804
5123,28950350,19337538,48287888,6,0,0,2560,2,3754209516
5124,28955299,19542647,48497946,3,0,0,17920,6,3951471816
5125,28964831,19517147,48481978,0,0,0,4608,10,8031505306
5126,28981950,39691762,68673712,4,0,1,3584,6,3982071218
5127,28983060,39717037,68700097,9,0,1,2560,7,5028212767
5128,28983619,19339985,48323604,4,0,0,23040,6,8153141596
5129,28986010,19312218,48298228,7,0,0,6144,7,7832603983
5130,28987100,39718489,68705589,2,0,1,17920,1,5274180043
5131,28989390,19664696,48654086,5,0,0,121344,10,9527667904
5132,29000269,39729128,68729397,8,0,1,10752,9,1444892231
5133,29019220,19646277,48665497,9,0,0,37376,7,8303099159
5134,29019790,39789076,68808866,0,0,1,512,10,10413271541
5135,29032100,39779352,68811452,0,0,1,4096,10,6499513197
5136,29032810,19514045,48546855,9,0,0,1024,7,1426677231
5137,29038270,19692124,48730394,6,0,0,70656,2,3782247647
5138,29040770,39773268,68814038,4,0,1,4096,6,5044830875
5139,29047299,39768685,68815984,8,0,1,3072,9,7211340707
5140,29048681,19489272,48537953,0,0,0,3072,10,2694265659
5141,29052330,19614438,48666768,1,0,0,4096,19,2779311247
5142,29058720,19447361,48506081,5,0,0,26624,10,5744892408
5143,29062509,19782978,48845487,4,0,0,6144,6,377181503
5144,29063650,39752590,68816240,3,0,1,9216,6,4150682854
5145,29066789,19776624,48843413,4,0,0,45056,6,5032639070
5146,29071330,19611899,48683229,7,0,0,4608,7,1971463733
5147,29077709,19593706,48671415,4,0,0,12288,6,614903436
5148,29086680,19742982,48829662,7,0,0,74240,7,4475222455
5149,29100910,19566661,48667571,1,0,0,2560,19,822460155
5150,29104801,19847483,48952284,0,0,0,11776,10,1044999136
5151,29105030,19811302,48916332,2,0,0,9728,1,1035898579
5152,29117270,19773126,48890396,1,0,0,17408,19,10434544300
5153,29132740,39785324,68918064,7,0,1,6144,7,4164065118
5154,29132940,39798992,68931932,6,0,1,10752,2,3454383629
5155,29140789,19792449,48933238,4,0,0,18944,6,7648959038
5156,29145310,19927160,49072470,1,0,0,117760,19,3769033891
5157,29156220,19687372,48843592,1,0,0,512,19,6536972498
5158,29158560,39789662,68948222,7,0,1,8192,7,2343720467
5159,29161130,19938980,49100110,1,0,0,59392,19,2460238460
5160,29174030,19735218,48909248,5,0,0,17408,10,5494365883
5161,29187180,19675254,48862434,7,0,0,20480,7,10571366873
5162,29189689,19602439,48792128,4,0,0,2560,6,7900472580
5163,29201730,39746748,68948478,7,0,1,9216,7,5358972297
5164,29206081,19875795,49081876,0,0,0,30720,10,9048537896
5165,29210641,20265947,49476588,0,0,0,73216,10,4282391267
5166,29216880,19816643,49033523,2,0,0,512,1,9930884429
5167,29216909,20004649,49221558,4,0,0,28672,6,9354656461
5168,29218070,19902924,49120994,1,0,0,28672,19,5323540736
5169,29220419,20080153,49300572,3,0,0,34816,6,1764596726
5170,29226360,39828415,69054775,5,0,1,25088,10,2470407633
5171,29230021,19894775,49124796,0,0,0,512,10,9096536715
5172,29243780,39811866,69055646,4,0,1,12288,6,1279702727
5173,29244099,39819130,69063229,8,0,1,3584,9,1868621243
5174,29249510,19783811,49033321,6,0,0,31232,2,492910068
5175,29255050,19900921,49155971,6,0,0,14848,2,1877251423
5176,29259780,19944265,49204045,6,0,0,5120,2,4846373272
5177,29261960,39801935,69063895,6,0,1,1024,2,4066735435
5178,29263190,19888234,49151424,7,0,0,5120,7,9716013763
5179,29284179,20391586,49675765,4,0,0,4096,6,4936537527
5180,29287700,20022317,49310017,2,0,0,4608,1,9440686890
5181,29291770,20059226,49350996,7,0,0,44032,7,4477712327
5182,29297980,19861758,49159738,2,0,0,12288,1,423428661
5183,29298711,20002196,49300907,0,0,0,1024,10,8265576427
5184,29304629,19939269,49243898,4,0,0,8704,6,8042388611
5185,29307400,39804883,69112283,6,0,1,26112,2,5787705838
5186,29347570,20095628,49443198,8,0,0,9216,9,5727831532
5187,29356420,39755886,69112306,3,0,1,9728,6,10376081165
5188,29359441,20309298,49668739,0,0,0,52736,10,7633344949
5189,29359739,20135124,49494863,4,0,0,59904,6,8976302918
5190,29371041,19963398,49334439,0,0,0,5120,10,5663641153
5191,29376019,39741106,69117125,8,0,1,23552,9,8383666116
5192,29384210,39742821,69127031,2,0,1,512,1,3924166323
5193,29387879,20003096,49390975,4,0,0,32256,6,2619670556
5194,29392331,20552590,49944921,0,0,0,21504,10,9934411707
5195,29395001,39732053,69127054,1,0,1,3584,19,7812254461
5196,29403700,20104766,49508466,1,0,0,44544,19,10155501284
5197,29409450,19918886,49328336,7,0,0,57856,7,2738789459
5198,29415300,39826103,69241403,4,0,1,17920,6,6236363362
5199,29422700,39818726,69241426,9,0,1,10240,7,4254186590
5200,29429161,39826287,69255448,1,0,1,6144,19,5953387631
5201,29430290,20210995,49641285,8,0,0,43520,9,1439182269
5202,29432290,20479277,49911567,5,0,0,24064,10,1413688243
5203,29435770,19968545,49404315,8,0,0,27648,9,2358720618
5204,29440440,20116968,49557408,6,0,0,19968,2,3124823761
5205,29453090,20081779,49534869,7,0,0,4096,7,2574536584
5206,29459419,20130500,49589919,4,0,0,37376,6,3612884994
5207,29478880,20041823,49520703,8,0,0,28160,9,5742362703
5208,29493630,20190283,49683913,5,0,0,5632,10,2128282588
5209,29496070,20204681,49700751,7,0,0,40960,7,5151443656
5210,29499550,20021371,49520921,7,0,0,512,7,9288282290
5211,29500360,20011740,49512100,7,0,0,11776,7,3154897824
5212,29505729,20021396,49527125,4,0,0,512,6,3060981373
5213,29507940,39763888,69271828,2,0,1,512,1,10610855181
5214,29510290,20266372,49776662,2,0,0,4608,1,5584086359
5215,29511370,20090318,49601688,5,0,0,11776,10,3841136258
5216,29522340,20075737,49598077,7,0,0,19456,7,5751384398
5217,29525270,20066856,49592126,2,0,0,7168,1,2779236267
5218,29526540,20308773,49835313,2,0,0,26624,1,1577227815
5219,29534670,39738464,69273134,7,0,1,2048,7,10361662077
5220,29535870,20562010,50097880,7,0,0,24576,7,9219678776
5221,29548690,20203172,49751862,5,0,0,95232,10,9186386247
5222,29559230,20082257,49641487,7,0,0,512,7,5182067494
5223,29559271,20645571,50204842,0,0,0,61952,10,8466782643
5224,29563070,20158759,49721829,5,0,0,8192,10,5746643695
5225,29563620,20751370,50314990,8,0,0,17920,9,654274094
5226,29580400,39701802,69282202,7,0,1,512,7,10186843263
5227,29583230,20379288,49962518,7,0,0,14336,7,8231920963
5228,29586820,39816633,69403453,9,0,1,7680,7,7834171668
5229,29594191,39809285,69403476,1,0,1,1024,19,7965737373
5230,29596301,39807198,69403499,1,0,1,8704,19,9123119113
5231,29603560,20152849,49756409,8,0,0,14848,9,10299260360
5232,29607509,20269467,49876976,4,0,0,16384,6,3345973648
5233,29623890,20225197,49849087,1,0,0,32768,19,2998654586
5234,29628069,20041785,49669854,4,0,0,3584,6,7726955873
5235,29630280,20164533,49794813,5,0,0,10240,10,5053970598
5236,29635260,39771325,69406585,2,0,1,3584,1,3411131150
5237,29639769,20281362,49921131,4,0,0,15360,6,4001593221
5238,29653880,20331905,49985785,9,0,0,76288,7,4720344723
5239,29656670,39887140,69543810,9,0,1,3072,7,10174926783
5240,29677230,20323081,50000311,9,0,0,12288,7,319733944
5241,29680130,20174307,49854437,9,0,0,7680,7,6462244683
5242,29696410,20373808,50070218,1,0,0,27136,19,3025913355
5243,29712140,39831693,69543833,7,0,1,1024,7,2881632755
5244,29719140,20303534,50022674,6,0,0,6144,2,1673648583
5245,29723020,20365863,50088883,6,0,0,24064,2,4550062937
5246,29723350,20128724,49852074,6,0,0,9728,2,2501335920
5247,29728400,20292379,50020779,5,0,0,42496,10,7947205308
5248,29738190,39805666,69543856,3,0,1,1024,6,9240897178
5249,29754030,20288872,50042902,6,0,0,1536,2,3753231928
5250,29756440,20040659,49797099,2,0,0,2048,1,8253391126
5251,29759180,20079900,49839080,5,0,0,12288,10,7006592257
5252,29761149,20328225,50089374,4,0,0,1536,6,8561079876
5253,29762570,20163653,49926223,6,0,0,1024,2,5244491976
5254,29770490,39773389,69543879,6,0,1,1024,2,8785217504
5255,29778050,39765852,69543902,6,0,1,6144,2,1246185122
5256,29785520,39764512,69550032,0,0,1,9728,10,1506420985
5257,29786040,20360788,50146828,5,0,0,19456,10,10419473587
5258,29789320,39857544,69646864,6,0,1,18432,2,2221575430
5259,29813771,20643937,50457708,0,0,0,75264,10,7882395931
5260,29813909,39836768,69650677,8,0,1,1536,9,8787527697
5261,29817490,39833210,69650700,7,0,1,1024,7,7592807813
5262,29818330,20283629,50101959,7,0,0,13312,7,245885932
5263,29826130,20521854,50347984,6,0,0,57344,2,1503518283
5264,29826359,39826158,69652517,8,0,1,16384,9,3325918673
5265,29827020,20209226,50036246,2,0,0,21504,1,8921169655
5266,29836501,20291100,50127601,0,0,0,13312,10,9313976998
5267,29836750,20393964,50230714,2,0,0,16384,1,1760322488
5268,29843800,39827797,69671597,9,0,1,5632,7,7257130176
5269,29845350,20613317,50458667,6,0,0,3072,2,5800190139
5270,29856500,21400159,51256659,6,0,0,104960,2,3825522194
5271,29859750,20217979,50077729,9,0,0,24576,7,1907195234
5272,29866440,20784330,50650770,6,0,0,10240,2,7616497776
5273,29879021,39792599,69671620,1,0,1,10752,19,4373844724
5274,29882129,20278938,50161067,4,0,0,17408,6,3002842545
5275,29887990,39790795,69678785,9,0,1,15872,7,3882404618
5276,29893459,20922983,50816442,4,0,0,19968,6,6690710657
5277,29897140,40056678,69953818,3,0,1,20480,6,3060413145
5278,29902830,40233557,70136387,7,0,1,12288,7,3077288585
5279,29906889,21175701,51082590,4,0,0,29184,6,5887895424
5280,29921309,20317436,50238745,4,0,0,17920,6,8097728941
5281,29924870,20230847,50155717,2,0,0,20480,1,3596681778
5282,29930310,20628832,50559142,2,0,0,56832,1,8710503058
5283,29947081,20233046,50180127,0,0,0,4608,10,4957330954
5284,29947120,40190873,70137993,4,0,1,16896,6,155026044
5285,29949580,20554171,50503751,6,0,0,3584,2,622924727
5286,29953380,20464710,50418090,8,0,0,512,9,10691181381
5287,29954870,20681392,50636262,2,0,0,512,1,9951194265
5288,29961720,40341932,70303652,5,0,1,2048,10,2240307413
5289,29981170,20376452,50357622,9,0,0,28160,7,4594938467
5290,29988100,20549738,50537838,9,0,0,33280,7,4740402263
5291,29989079,21417436,51406515,4,0,0,28160,6,7607733343
5292,29989790,20428121,50417911,5,0,0,90624,10,5838816454
5293,30004060,20605976,50610036,6,0,0,16384,2,9221101714
5294,30005620,20607884,50613504,7,0,0,2560,7,6015492485
5295,30006840,40304018,70310858,6,0,1,1536,2,5728487762
5296,30014930,40295951,70310881,4,0,1,2048,6,1355043578
5297,30017739,20702526,50720265,4,0,0,40448,6,7387750970
5298,30020360,20557178,50577538,5,0,0,20480,10,6343726355
5299,30020820,40294242,70315062,0,0,1,9216,10,10684403785
5300,30023031,20564140,50587171,0,0,0,8704,10,508683989
5301,30023871,40385957,70409828,1,0,1,20480,19,4942807233
5302,30024120,21538418,51562538,2,0,0,5120,1,6506285204
5303,30028420,20474193,50502613,9,0,0,130560,7,8065569481
5304,30031999,40435674,70467673,8,0,1,8192,9,55960160
5305,30042620,20689252,50731872,9,0,0,22528,7,1882190722
5306,30042730,20729947,50772677,6,0,0,12288,2,3653565005
5307,30062100,20500387,50562487,9,0,0,6144,7,7680531117
5308,30063309,20584318,50647627,4,0,0,14848,6,1579819612
5309,30065860,40401836,70467696,5,0,1,7168,10,6594498445
5310,30066130,20461545,50527675,6,0,0,30208,2,6133055430
5311,30071030,40462817,70533847,3,0,1,33280,6,8217650009
5312,30071770,20697140,50768910,2,0,0,5120,1,3180335495
5313,30076730,20357231,50433961,2,0,0,1024,1,8793665988
5314,30079010,40505845,70584855,7,0,1,5632,7,3700882626
5315,30079400,40569296,70648696,5,0,1,16896,10,2638334993
5316,30085980,40628920,70714900,5,0,1,512,10,3589779723
5317,30089551,40625372,70714923,1,0,1,8192,19,1458266639
5318,30100679,40614267,70714946,8,0,1,6144,9,8003622360
5319,30102020,40715356,70817376,7,0,1,24576,7,7927397181
5320,30106030,40711369,70817399,6,0,1,3584,2,501134004
5321,30106161,21649314,51755475,0,0,0,143872,10,10319518278
5322,30112230,40761668,70873898,9,0,1,2560,7,512390068
5323,30121610,20340244,50461854,8,0,0,2048,9,10580849185
5324,30130900,20614731,50745631,9,0,0,1536,7,7160386162
5325,30134049,20617185,50751234,4,0,0,2560,6,2809042064
5326,30134820,40739101,70873921,6,0,1,4096,2,7304276912
5327,30160840,40713104,70873944,6,0,1,11264,2,9428479837
5328,30161509,20922976,51084485,4,0,0,6144,6,7321871061
5329,30161870,20878754,51040624,7,0,0,28672,7,2613790479
5330,30165099,20467377,50632476,4,0,0,4608,6,4576960034
5331,30165541,20755209,50920750,0,0,0,10752,10,483015386
5332,30167010,20393559,50560569,6,0,0,4608,2,6588244746
5333,30170310,20566421,50736731,2,0,0,15872,1,2243111655
5334,30173290,40735691,70908981,5,0,1,3584,10,3311091681
5335,30173509,20738770,50912279,3,0,0,27136,6,7953311707
5336,30175879,20680043,50855922,3,0,0,35328,6,4415740029
5337,30181721,20652671,50834392,0,0,0,10752,10,10116048610
5338,30195359,20943035,51138394,4,0,0,71168,6,6918748387
5339,30196670,21324880,51521550,7,0,0,87552,7,8891986805
5340,30199511,20540740,50740251,0,0,0,4096,10,4685739607
5341,30212060,40698227,70910287,6,0,1,2048,2,3777435176
5342,30215210,21147492,51362702,9,0,0,66560,7,2965148410
5343,30256081,20910231,51166312,0,0,0,11776,10,6272260835
5344,30258239,20606137,50864376,4,0,0,14848,6,3477634408
5345,30267610,21071288,51338898,5,0,0,45056,10,1293782932
5346,30268710,21350963,51619673,8,0,0,20992,9,5797884387
5347,30270450,20876079,51146529,8,0,0,26624,9,9538228908
5348,30271480,21042007,51313487,7,0,0,39936,7,9132529838
5349,30291931,21170372,51462303,0,0,0,154112,10,3526406053
5350,30302420,20990398,51292818,9,0,0,40448,7,2418649856
5351,30305180,20648432,50953612,8,0,0,1536,9,777450216
5352,30311910,20744400,51056310,8,0,0,40448,9,4451951195
5353,30314660,20950134,51264794,9,0,0,26624,7,4691933308
5354,30346589,21692509,52039098,4,0,0,5120,6,6025314435
5355,30354740,21206215,51560955,2,0,0,80896,1,1583298364
5356,30356240,20985044,51341284,7,0,0,4608,7,3696463255
5357,30362930,20722678,51085608,6,0,0,3584,2,5301423378
5358,30371831,20950953,51322784,0,0,0,9728,10,7498452234
5359,30375130,21119721,51494851,2,0,0,10240,1,8780601970
5360,30376191,20813133,51189324,0,0,0,32256,10,4805254819
5361,30383441,40530712,70914153,1,0,1,6144,19,764303372
5362,30390449,20878120,51268569,4,0,0,12288,6,4662687256
5363,30398470,20921327,51319797,2,0,0,19968,1,6207455697
5364,30400660,40539103,70939763,9,0,1,9216,7,8533965314
5365,30400800,20601906,51002706,7,0,0,26624,7,490209065
5366,30414449,20654669,51069118,3,0,0,5120,6,9329082706
5367,30443759,20850330,51294089,4,0,0,4096,6,6417097385
5368,30449090,21745645,52194735,8,0,0,37376,9,3379250765
5369,30465660,20874197,51339857,2,0,0,3072,1,3329650071
5370,30480660,20743996,51224656,5,0,0,22016,10,10284108222
5371,30488590,20791881,51280471,7,0,0,4608,7,2546501522
5372,30488930,20790114,51279044,9,0,0,34304,7,7247072224
5373,30493719,20979535,51473254,4,0,0,35840,6,1993873273
5374,30507430,21121615,51629045,7,0,0,21504,7,893276154
5375,30515089,40426300,70941389,8,0,1,2560,9,4890860551
5376,30520431,20804716,51325147,0,0,0,7680,10,6250485546
5377,30524150,40461737,70985887,2,0,1,35328,1,2908319372
5378,30526670,20965038,51491708,2,0,0,11264,1,4736098668
5379,30532200,21276407,51808607,6,0,0,22528,2,7316859576
5380,30537250,20951003,51488253,5,0,0,49152,10,2749216177
5381,30539590,20761698,51301288,7,0,0,23552,7,165325588
5382,30543181,20674744,51217925,0,0,0,12288,10,9171343665
5383,30543790,20981995,51525785,6,0,0,13824,2,7733937734
5384,30545369,20797030,51342399,3,0,0,3584,6,8193071146
5385,30575210,20738464,51313674,5,0,0,512,10,3971718666
5386,30576340,40528634,71104974,0,0,1,2048,10,8054027480
5387,30591970,20823354,51415324,8,0,0,2560,9,2792409908
5388,30599420,40513127,71112547,5,0,1,512,10,6474887060
5389,30618559,21062062,51680621,4,0,0,3072,6,6282371767
5390,30626989,40490334,71117323,8,0,1,8192,9,5416943311
5391,30627190,21084426,51711616,5,0,0,19968,10,8110475862
5392,30628180,21170241,51798421,5,0,0,61440,10,1477783389
5393,30636220,20963849,51600069,8,0,0,8192,9,6619316723
5394,30640110,40480439,71120549,7,0,1,5120,7,4343789932
5395,30644260,40481435,71125695,6,0,1,8192,2,9711978878
5396,30654220,40754786,71409006,4,0,1,3584,6,10051145297
5397,30654681,21024981,51679662,0,0,0,67584,10,2880931098
5398,30666740,40744212,71410952,9,0,1,3072,7,7578544514
5399,30668050,21015870,51683920,8,0,0,10752,9,735571292
5400,30673560,20862716,51536276,6,0,0,34304,2,6067572576
5401,30677290,40735288,71412578,2,0,1,2560,1,6289224667
5402,30681590,20884871,51566461,9,0,0,12800,7,4019640316
5403,30683100,20914442,51597542,5,0,0,24064,10,9005550126
5404,30692050,21345465,52037515,7,0,0,32768,7,798089827
5405,30721119,21058559,51779678,4,0,0,79360,6,9441157771
5406,30730970,21104024,51834994,2,0,0,86528,1,9690362895
5407,30737670,20852517,51590187,8,0,0,37888,9,9711755489
5408,30738100,21106277,51844377,7,0,0,30720,7,7870037239
5409,30739110,40675734,71414844,3,0,1,3584,6,10622029168
5410,30753190,20905811,51659001,5,0,0,30720,10,7584969757
5411,30756140,21163651,51919791,7,0,0,19456,7,5965485426
5412,30757510,40661840,71419350,6,0,1,7168,2,2816978768
5413,30759930,40724947,71484877,9,0,1,17920,7,10359451787
5414,30761739,40842840,71604579,8,0,1,15872,9,7404015819
5415,30763240,21108662,51871902,1,0,0,43008,19,5048558105
5416,30765090,21440120,52205210,2,0,0,34304,1,6285188456
5417,30767620,40837785,71605405,4,0,1,4096,6,10580900507
5418,30791870,40821721,71613591,5,0,1,7168,10,6554246460
5419,30796189,21005531,51801720,3,0,0,10752,6,4965880510
5420,30801030,21106304,51907334,1,0,0,16896,19,10280633313
5421,30807539,40827460,71634999,8,0,1,5120,9,3538044434
5422,30811520,21044736,51856256,6,0,0,38912,2,1995430613
5423,30818040,21040735,51858775,1,0,0,8192,19,9320571128
5424,30821459,21230006,52051465,4,0,0,6144,6,4011948216
5425,30823580,21198217,52021797,1,0,0,15360,19,8930214025
5426,30829301,40824376,71653677,1,0,1,5632,19,3466635896
5427,30837671,21270207,52107878,0,0,0,3584,10,10672388018
5428,30840650,40814461,71655111,0,0,1,23040,10,1967472105
5429,30842800,21041430,51884230,8,0,0,13824,9,10666398128
5430,30843020,21167845,52010865,6,0,0,75264,2,9717175101
5431,30848280,21362569,52210849,9,0,0,18432,7,1629903516
5432,30856950,21315273,52172223,7,0,0,84480,7,5696221569
5433,30858591,21452720,52311311,0,0,0,1024,10,3279192927
5434,30861430,21395387,52256817,8,0,0,3072,9,996006536
5435,30861451,21065926,51927377,0,0,0,11776,10,9807063084
5436,30863429,21177638,52041067,4,0,0,4096,6,10060670047
5437,30880810,21255594,52136404,9,0,0,11264,7,1032992862
5438,30887481,40873372,71760853,1,0,1,10240,19,4304532050
5439,30889930,21086638,51976568,8,0,0,1024,9,4039643126
5440,30890709,21211674,52102383,3,0,0,65024,6,6674987986
5441,30891450,21214544,52105994,2,0,0,11776,1,7976798454
5442,30893729,21355924,52249653,4,0,0,14848,6,4647994744
5443,30894729,21181072,52075801,4,0,0,1024,6,1804940645
5444,30906770,21362238,52269008,6,0,0,39936,2,8893856040
5445,30910800,21505368,52416168,8,0,0,47104,9,933539579
5446,30911439,21416823,52328262,4,0,0,24064,6,5018910083
5447,30912410,41061184,71973594,2,0,1,14848,1,6095913584
5448,30912470,21529087,52441557,7,0,0,12288,7,9087102583
5449,30914670,21260875,52175545,2,0,0,10752,1,2240915643
5450,30914690,21406217,52320907,9,0,0,27648,7,4293561767
5451,30923950,21493965,52417915,5,0,0,5632,10,8526744460
5452,30927440,21372888,52300328,9,0,0,3584,7,1843680936
5453,30931650,21286467,52218117,5,0,0,23552,10,8793996531
5454,30949050,21788630,52737680,5,0,0,3584,10,7760957958
5455,30969531,21522900,52492431,0,0,0,11776,10,8726908793
5456,30969910,21430144,52400054,7,0,0,102912,7,9530295305
5457,30970400,41157479,72127879,5,0,1,2560,10,6253489557
5458,30971839,21594606,52566445,4,0,0,31232,6,3848151018
5459,30974229,21547084,52521313,3,0,0,5632,6,2877481859
5460,30974990,21446380,52421370,7,0,0,11264,7,2335371997
5461,30975120,21360653,52335773,5,0,0,24576,10,4766343689
5462,30979320,21577586,52556906,5,0,0,60928,10,6428064416
5463,30981270,21420523,52401793,1,0,0,5632,19,3995479145
5464,30983750,21328330,52312080,7,0,0,512,7,7355514150
5465,30992060,42594705,73586765,9,0,1,375808,7,6833360575
5466,31002740,21619459,52622199,1,0,0,56320,19,6579028680
5467,31007080,21834086,52841166,6,0,0,146432,2,359715812
5468,31010520,21483863,52494383,5,0,0,1536,10,7306244346
5469,31018450,21692843,52711293,9,0,0,16384,7,9790992016
5470,31027760,42568301,73596061,2,0,1,1536,1,3898846764
5471,31028001,21825558,52853559,0,0,0,32768,10,10122220243
5472,31030320,22165218,53195538,1,0,0,12288,19,9017427157
5473,31030600,21556168,52586768,6,0,0,11776,2,6212760254
5474,31044789,21882957,52927746,3,0,0,12800,6,2302567671
5475,31048731,21794821,52843552,0,0,0,512,10,8280930406
5476,31052370,21631685,52684055,9,0,0,23040,7,9993344405
5477,31056270,21736337,52792607,8,0,0,5120,9,9200406749
5478,31056370,21787003,52843373,7,0,0,7168,7,7180461673
5479,31057080,42539004,73596084,5,0,1,6144,10,4431135538
5480,31057300,21864797,52922097,8,0,0,22528,9,3257063274
5481,31070379,21783359,52853738,3,0,0,512,6,4791961100
5482,31071570,21446421,52517991,6,0,0,41984,2,10574799345
5483,31072729,21946294,53019023,3,0,0,72704,6,9523986011
5484,31077010,21442564,52519574,9,0,0,5120,7,3845031912
5485,31078771,21657794,52736565,0,0,0,33792,10,5245226057
5486,31080390,42519796,73600186,3,0,1,5632,6,931072367
5487,31087140,42560553,73647693,7,0,1,25088,7,3151649600
5488,31092660,42562411,73655071,3,0,1,5632,6,7497311730
5489,31094029,22261697,53355726,4,0,0,26624,6,6266309591
5490,31101820,21895028,52996848,5,0,0,35840,10,9210978450
5491,31102059,21659008,52761067,4,0,0,36352,6,794199111
5492,31103260,42568326,73671586,6,0,1,7680,2,6675111549
5493,31106560,42599354,73705914,5,0,1,12800,10,7177257893
5494,31107730,21994550,53102280,8,0,0,34816,9,10262992857
5495,31108350,21474807,52583157,6,0,0,4096,2,4212863311
5496,31109569,42610472,73720041,8,0,1,7680,9,6543483708
5497,31110070,21512620,52622690,1,0,0,1536,19,8896019413
5498,31117040,42624702,73741742,5,0,1,1024,10,10314455383
5499,31117880,21662573,52780453,7,0,0,3072,7,8579291744
5500,31124520,22149360,53273880,5,0,0,49664,10,4108036192
5501,31129210,21929762,53058972,1,0,0,49152,19,3350647004
5502,31129519,22087258,53216777,3,0,0,69632,6,5700398607
5503,31132211,21762797,52895008,0,0,0,13312,10,5508916785
5504,31132310,21727535,52859845,8,0,0,19968,9,3651172967
5505,31137490,21547680,52685170,2,0,0,3584,1,3215596277
5506,31148650,21836916,52985566,7,0,0,40448,7,5610849874
5507,31153970,21792207,52946177,5,0,0,2048,10,3903182219
5508,31162221,21946691,53108912,0,0,0,5632,10,4811601475
5509,31163390,22006211,53169601,6,0,0,6656,2,9307272222
5510,31174300,22001354,53175654,8,0,0,17408,9,4648709401
5511,31175430,22103979,53279409,7,0,0,2048,7,9932794906
5512,31178650,42563115,73741765,4,0,1,512,6,5788883135
5513,31188950,21842640,53031590,1,0,0,8192,19,3026384467
5514,31196690,22149803,53346493,5,0,0,45568,10,771890644
5515,31206590,22157644,53364234,5,0,0,17408,10,9915443078
5516,31211610,22236951,53448561,2,0,0,51712,1,9120757432
5517,31216240,22309553,53525793,7,0,0,143872,7,3278616709
5518,31231310,21683900,52915210,7,0,0,6144,7,5183311784
5519,31238191,22350941,53589132,0,0,0,94720,10,2165455804
5520,31239849,22018577,53258426,4,0,0,2560,6,3162295932
5521,31245159,21990358,53235517,4,0,0,4096,6,838794175
5522,31247389,42494399,73741788,8,0,1,3072,9,4646994574
5523,31256370,22297710,53554080,2,0,0,92160,1,2022331881
5524,31260120,22018619,53278739,9,0,0,15872,7,1635962367
5525,31263041,21853801,53116842,0,0,0,1024,10,1279751928
5526,31265350,42481944,73747294,6,0,1,4608,2,1762582336
5527,31269070,21988553,53257623,7,0,0,26624,7,4767423090
5528,31280451,22019259,53299710,0,0,0,4096,10,8220726236
5529,31284110,22342957,53627067,6,0,0,81920,2,4036004261
5530,31287980,22010195,53298175,6,0,0,27136,2,7792161223
5531,31288510,42518674,73807184,9,0,1,13824,7,5769505447
5532,31290530,42516677,73807207,5,0,1,6656,10,4240151298
5533,31303990,42503240,73807230,3,0,1,8192,6,2515739488
5534,31312019,22335934,53647953,4,0,0,8192,6,5815796212
5535,31318520,21963408,53281928,9,0,0,8192,7,9979563614
5536,31318690,22371853,53690543,9,0,0,55296,7,8262899893
5537,31332750,22099674,53432424,1,0,0,2560,19,4889563294
5538,31336879,22466352,53803231,3,0,0,42496,6,607870346
5539,31341189,22025268,53366457,3,0,0,4608,6,3785978732
5540,31343590,22216636,53560226,8,0,0,18944,9,6707098544
5541,31344680,22870329,54215009,9,0,0,31232,7,1060896169
5542,31353030,22282663,53635693,8,0,0,16384,9,1187413974
5543,31355369,22520265,53875634,4,0,0,56320,6,8090870165
5544,31357319,22581947,53939266,4,0,0,8704,6,3484983058
5545,31359110,22091970,53451080,7,0,0,8192,7,1187223127
5546,31361830,22268848,53630678,5,0,0,11776,10,4578247216
5547,31363910,22449351,53813261,1,0,0,4096,19,9451431051
5548,31365660,22091011,53456671,8,0,0,512,9,2343358260
5549,31370770,22633184,54003954,6,0,0,29184,2,6098360968
5550,31372900,22363864,53736764,5,0,0,37376,10,8911160481
5551,31373680,42449589,73823269,4,0,1,17920,6,6235525550
5552,31375400,22414860,53790260,1,0,0,46592,19,8311704236
5553,31376130,22558410,53934540,9,0,0,39424,7,9071916899
5554,31377839,22434151,53811990,3,0,0,28672,6,7803689812
5555,31380299,22436105,53816404,3,0,0,10240,6,7703141489
5556,31381869,22751798,54133667,4,0,0,31744,6,695588348
5557,31384630,22169785,53554415,9,0,0,1024,7,9633085041
5558,31387210,22584144,53971354,1,0,0,57856,19,2019207126
5559,31394490,42429240,73823730,2,0,1,10240,1,699530658
5560,31395139,22487070,53882209,4,0,0,21504,6,2078129533
5561,31406710,22700680,54107390,1,0,0,54784,19,1220978502
5562,31406870,42471243,73878113,5,0,1,7680,10,2830813526
5563,31408661,22611707,54020368,0,0,0,20992,10,895314351
5564,31413130,22341983,53755113,6,0,0,6656,2,7936591176
5565,31423241,22228635,53651876,0,0,0,12800,10,10006497851
5566,31434449,22417629,53852078,3,0,0,21504,6,10494342616
5567,31442959,22476277,53919236,4,0,0,11776,6,10250250748
5568,31450630,23006120,54456750,7,0,0,20992,7,3973680865
5569,31457459,22396215,53853674,4,0,0,1536,6,4735223034
5570,31463220,42414916,73878136,5,0,1,1024,10,1197519392
5571,31467510,22508125,53975635,7,0,0,13824,7,10435899238
5572,31468820,22354338,53823158,7,0,0,2560,7,2262958671
5573,31475260,22347095,53822355,7,0,0,19456,7,5298325616
5574,31494601,42438077,73932678,1,0,1,1536,19,8067792309
5575,31497510,22386438,53883948,2,0,0,5632,1,10234732466
5576,31506120,42442878,73948998,0,0,1,23552,10,4535200233
5577,31517689,22135770,53653459,4,0,0,5120,6,6493375796
5578,31521490,43740887,75262377,9,0,1,522752,7,8963885519
5579,31529179,22161699,53690878,4,0,0,1024,6,8448743265
5580,31530740,22362755,53893495,6,0,0,18944,2,239209871
5581,31534520,43727880,75262400,0,0,1,1536,10,1601933792
5582,31538539,22609736,54148275,3,0,0,13312,6,8936394960
5583,31538889,22551786,54090675,3,0,0,512,6,6196774108
5584,31540280,22633246,54173526,7,0,0,13824,7,6864276779
5585,31544610,22660860,54205470,6,0,0,12800,2,10167184020
5586,31553479,22714268,54267747,4,0,0,18944,6,4032618948
5587,31554320,43708103,75262423,7,0,1,1024,7,1774101345
5588,31554820,22996291,54551111,2,0,0,7680,1,6655125760
5589,31572430,22581994,54154424,7,0,0,12288,7,7987676645
5590,31578499,22565666,54144165,4,0,0,32256,6,9573994474
5591,31580230,22356361,53936591,7,0,0,6656,7,3907046028
5592,31590539,22543775,54134314,3,0,0,2048,6,5187549643
5593,31596250,22565829,54162079,5,0,0,8704,10,11416704
5594,31602200,22579640,54181840,8,0,0,2048,9,863551665
5595,31602390,22521582,54123972,8,0,0,25088,9,1568559663
5596,31614109,22699191,54313300,4,0,0,70656,6,4215138925
5597,31614231,23022250,54636481,0,0,0,15360,10,5375433702
5598,31614861,22703142,54318003,0,0,0,15360,10,6620759947
5599,31634109,22970612,54604721,4,0,0,140288,6,4698511055
5600,31637209,22875358,54512567,4,0,0,70144,6,1597319182
5601,31639740,22476565,54116305,6,0,0,15872,2,4188578928
5602,31644630,22793359,54437989,1,0,0,15872,19,3781671081
5603,31648770,23034694,54683464,9,0,0,6656,7,1060333081
5604,31652639,22793976,54446615,3,0,0,25088,6,8249849204
5605,31654970,22526223,54181193,1,0,0,25088,19,10269297152
5606,31655660,43607129,75262789,4,0,1,6144,6,3995697145
5607,31659770,22661815,54321585,9,0,0,7680,7,10476774698
5608,31660630,22772500,54433130,5,0,0,58368,10,3981939936
5609,31661420,22740215,54401635,5,0,0,23040,10,7896146315
5610,31671020,22583419,54254439,5,0,0,30720,10,7058208227
5611,31672200,43592061,75264261,4,0,1,2560,6,10016768141
5612,31672440,43632032,75304472,2,0,1,11776,1,6198317486
5613,31673451,23007954,54681405,0,0,0,33792,10,3215362130
5614,31677141,43629277,75306418,1,0,1,3072,19,8058220632
5615,31678150,22760798,54438948,7,0,0,3072,7,8504291536
5616,31682710,22660871,54343581,6,0,0,10752,2,2896279062
5617,31685871,23215996,54901867,0,0,0,50176,10,2401708156
5618,31688060,43626247,75314307,4,0,1,7680,6,1737726881
5619,31689019,43625311,75314330,8,0,1,3584,9,8084381774
5620,31691590,22932833,54624423,1,0,0,26624,19,2227815666
5621,31694300,22664714,54359014,1,0,0,17920,19,4081381571
5622,31699000,22788732,54487732,6,0,0,25088,2,5054330005
5623,31701730,22691897,54393627,6,0,0,1024,2,1666943545
5624,31703730,22711593,54415323,7,0,0,22016,7,6857872956
5625,31713621,23089985,54803606,0,0,0,22528,10,2299819763
5626,31720170,22928899,54649069,8,0,0,16384,9,881881509
5627,31726470,23107610,54834080,6,0,0,5632,2,8076631553
5628,31727620,23117108,54844728,8,0,0,17920,9,7312789207
5629,31740760,22900619,54641379,9,0,0,2048,7,3377107678
5630,31750730,23012920,54763650,1,0,0,30208,19,2078601401
5631,31754330,22794418,54548748,7,0,0,35328,7,8796806938
5632,31759010,43557726,75316736,0,0,1,5120,10,7201498406
5633,31776840,22749711,54526551,5,0,0,31744,10,3282840871
5634,31777550,22838738,54616288,5,0,0,37888,10,585351242
5635,31780540,23222043,55002583,6,0,0,7680,2,5737612772
5636,31781170,22611041,54392211,2,0,0,6656,1,3114271586
5637,31781850,43807055,75588905,9,0,1,218112,7,5239635287
5638,31785510,43803418,75588928,6,0,1,11776,2,7893129220
5639,31788240,22843538,54631778,9,0,0,24064,7,946101994
5640,31797580,23416911,55214491,7,0,0,45568,7,4155720106
5641,31799109,43838448,75637557,8,0,1,2048,9,10100951634
5642,31799499,23271034,55070533,4,0,0,12800,6,229083095
5643,31817260,22979459,54796719,7,0,0,67072,7,8487522657
5644,31828520,43809703,75638223,0,0,1,1024,10,4109496001
5645,31831909,22935168,54767077,3,0,0,7168,6,9008751246
5646,31847530,22643642,54491172,1,0,0,7680,19,6472746053
5647,31852370,22797198,54649568,9,0,0,1536,7,1474595843
5648,31856659,43820505,75677164,8,0,1,8704,9,3544014197
5649,31859240,22811846,54671086,6,0,0,40960,2,9549698648
5650,31861200,22602093,54463293,6,0,0,11776,2,2363731750
5651,31861720,23008252,54869972,1,0,0,1024,19,515566108
5652,31863840,43828884,75692724,2,0,1,15360,1,7845993644
5653,31863900,23333461,55197361,9,0,0,17408,7,3529692320
5654,31864999,22775733,54640732,3,0,0,12288,6,236788089
5655,31869361,43839610,75708971,1,0,1,10240,19,2416764502
5656,31870590,22839249,54709839,6,0,0,8192,2,4670375882
5657,31881310,43827684,75708994,3,0,1,512,6,5995593579
5658,31883591,22887624,54771215,0,0,0,1536,10,10119284116
5659,31884360,43839032,75723392,5,0,1,6144,10,8952421243
5660,31887600,43835823,75723423,4,0,1,2048,6,2058580283
5661,31888639,22850712,54739351,3,0,0,63488,6,3964923243
5662,31897480,22909425,54806905,5,0,0,10752,10,998876916
5663,31901070,43822376,75723446,2,0,1,5120,1,9607092593
5664,31907710,22736344,54644054,1,0,0,8704,19,2231100435
5665,31918980,23311038,55230018,8,0,0,512,9,8829545405
5666,31935659,22771661,54707320,4,0,0,11264,6,3504693540
5667,31950050,43838828,75788878,5,0,1,28672,10,7725838241
5668,31960980,43866821,75827801,2,0,1,4096,1,1633606121
5669,31963030,44080829,76043859,9,0,1,114688,7,5330854522
5670,31973080,23387626,55360706,5,0,0,16384,10,7631636158
5671,31986020,22784704,54770724,9,0,0,9728,7,78898794
5672,31990810,44066846,76057656,6,0,1,3584,2,6380144464
5673,31990900,44066779,76057679,4,0,1,5120,6,5927884504
5674,31990990,23352117,55343107,6,0,0,11776,2,5273547235
5675,32006160,23480478,55486638,8,0,0,8704,9,2993799377
5676,32007200,22912135,54919335,7,0,0,20992,7,10573343741
5677,32010880,22858757,54869637,8,0,0,17920,9,1657576842
5678,32037250,22782274,54819524,1,0,0,13312,19,5275914777
5679,32050870,44006832,76057702,5,0,1,18944,10,1465628750
5680,32056000,22782831,54838831,5,0,0,4608,10,8287108750
5681,32057320,22845506,54902826,8,0,0,3072,9,8657559688
5682,32073680,43984045,76057725,4,0,1,1024,6,8834308478
5683,32076590,22909703,54986293,9,0,0,21504,7,5365494988
5684,32077460,43980288,76057748,4,0,1,9728,6,10128947270
5685,32093510,22963991,55057501,8,0,0,50688,9,4585874568
5686,32101880,43978542,76080422,2,0,1,11264,1,9538555762
5687,32102249,22862446,54964695,4,0,0,20992,6,7711837400
5688,32116990,22881142,54998132,9,0,0,14848,7,4419771034
5689,32125330,22935961,55061291,6,0,0,1024,2,711146660
5690,32127830,23030489,55158319,2,0,0,22528,1,6859095233
5691,32130660,43962341,76093001,4,0,1,2560,6,4479774828
5692,32134350,22954643,55088993,9,0,0,1024,7,8053577173
5693,32136640,43964609,76101249,7,0,1,5120,7,4980371800
5694,32142050,43959222,76101272,2,0,1,2048,1,2364116774
5695,32148869,23724864,55873733,3,0,0,32768,6,3782741719
5696,32149210,22839190,54988400,6,0,0,3072,2,7246333590
5697,32149840,23382495,55532335,6,0,0,30208,2,846628031
5698,32150671,22910285,55060956,0,0,0,11264,10,8331013026
5699,32163160,23375126,55538286,9,0,0,19456,7,8007346598
5700,32165350,23022435,55187785,2,0,0,6144,1,5770727605
5701,32168230,22811488,54979718,8,0,0,13312,9,4145385309
5702,32180279,23068615,55248894,3,0,0,9728,6,9369549214
5703,32182500,23362361,55544861,7,0,0,21504,7,4038234082
5704,32185190,23265544,55450734,6,0,0,16896,2,8503110063
5705,32207700,22880958,55088658,6,0,0,30208,2,5552693809
5706,32208560,23449296,55657856,9,0,0,2048,7,6558369017
5707,32219411,43896140,76115551,1,0,1,5120,19,283166686
5708,32224800,43911497,76136297,9,0,1,32768,7,1157298644
5709,32226880,43920810,76147690,5,0,1,1024,10,3831004039
5710,32229109,23013007,55242116,3,0,0,17408,6,693543215
5711,32239361,43922774,76162135,1,0,1,512,19,9568001740
5712,32244460,23164996,55409456,7,0,0,8192,7,1604427159
5713,32245080,43919321,76164401,3,0,1,3584,6,6413960771
5714,32263760,23310114,55573874,5,0,0,21504,10,4768972204
5715,32264170,23841215,56105385,1,0,0,51200,19,1800332723
5716,32269519,22959275,55228794,4,0,0,1536,6,923104965
5717,32276721,22991486,55268207,0,0,0,512,10,1481979443
5718,32278940,23227358,55506298,5,0,0,8192,10,2838489612
5719,32279250,43932748,76211998,4,0,1,2048,6,5863680701
5720,32281570,23084885,55366455,8,0,0,7168,9,9863349382
5721,32288430,23025152,55313582,1,0,0,18944,19,6788494652
5722,32289890,43988614,76278504,3,0,1,18432,6,4969430341
5723,32290900,23212413,55503313,7,0,0,6656,7,3398288037
5724,32291560,23082718,55374278,1,0,0,25600,19,9620866733
5725,32294880,23112057,55406937,7,0,0,12800,7,179256936
5726,32296220,23297138,55593358,9,0,0,31744,7,10655710559
5727,32298110,44149473,76447583,2,0,1,12800,1,3429217932
5728,32303470,23175469,55478939,6,0,0,28160,2,7133855679
5729,32315140,23040551,55355691,9,0,0,32256,7,3874979679
5730,32337590,22904705,55242295,6,0,0,512,2,6232192580
5731,32338850,44556548,76895398,9,0,1,218624,7,5429365433
5732,32340290,44555131,76895421,2,0,1,5120,1,1102344594
5733,32345649,44588064,76933713,8,0,1,20480,9,3903199707
5734,32346870,23134384,55481254,1,0,0,6656,19,8915954685
5735,32349100,23308109,55657209,7,0,0,45568,7,4553842948
5736,32362139,23104607,55466746,3,0,0,24576,6,9798659810
5737,32381309,23164511,55545820,4,0,0,3072,6,3644644940
5738,32386790,22952706,55339496,7,0,0,2048,7,7029683789
5739,32409380,23652578,56061958,2,0,0,35328,1,2418139253
5740,32422060,23047829,55469889,2,0,0,10240,1,6602750388
5741,32434359,23690254,56124613,3,0,0,13824,6,1880087026
5742,32439060,23128239,55567299,5,0,0,8704,10,2446491648
5743,32444101,23288518,55732619,0,0,0,15872,10,3406979631
5744,32448450,22914151,55362601,9,0,0,6144,7,10362479942
5745,32449680,23176018,55625698,6,0,0,5120,2,7032660053
5746,32453769,23092854,55546623,4,0,0,2560,6,6071855083
5747,32453840,44515311,76969151,3,0,1,26624,6,9211988577
5748,32462720,44564022,77026742,2,0,1,6144,1,10101738601
5749,32465330,44612506,77077836,6,0,1,7168,2,3982176439
5750,32471260,23029535,55500795,1,0,0,7168,19,645195867
5751,32472129,23483631,55955760,4,0,0,75776,6,8646886998
5752,32476560,23251200,55727760,7,0,0,45568,7,774166145
5753,32478390,23318925,55797315,2,0,0,28160,1,6940101073
5754,32481100,23318289,55799389,6,0,0,6656,2,5825917674
5755,32485691,23136217,55621908,0,0,0,30720,10,7373775404
5756,32489289,23286325,55775614,4,0,0,26624,6,1188444749
5757,32490720,23114541,55605261,5,0,0,6144,10,9034410507
5758,32498879,23723966,56222845,4,0,0,16384,6,9732845002
5759,32506599,23120066,55626665,4,0,0,3072,6,4439957125
5760,32508480,23103414,55611894,2,0,0,9216,1,3360263497
5761,32515940,23243335,55759275,6,0,0,16384,2,2694986404
5762,32529049,23095066,55624115,3,0,0,7168,6,5683780739
5763,32533500,44544900,77078400,2,0,1,10752,1,6622394975
5764,32533730,23284360,55818090,5,0,0,8192,10,1654945086
5765,32537800,23423754,55961554,6,0,0,3072,2,2251523069
5766,32539950,23624750,56164700,1,0,0,24064,19,2331946691
5767,32543559,23190175,55733734,3,0,0,3584,6,3555363005
5768,32544670,23209590,55754260,1,0,0,33792,19,8632382490
5769,32550480,44528586,77079066,7,0,1,1024,7,4590833507
5770,32551210,23118996,55670206,9,0,0,1024,7,528682809
5771,32552470,44542696,77095166,0,0,1,11264,10,492860798
5772,32562959,23133534,55696493,4,0,0,17920,6,2478393826
5773,32565610,23766681,56332291,6,0,0,26624,2,837001666
5774,32580250,23509420,56089670,1,0,0,54784,19,10521064187
5775,32581979,23382847,55964826,4,0,0,3584,6,6392481986
5776,32582570,23446178,56028748,7,0,0,10752,7,6576246261
5777,32590169,23326054,55916223,3,0,0,56320,6,9036755894
5778,32591040,23708962,56300002,6,0,0,1024,2,3460307215
5779,32594080,23304960,55899040,2,0,0,37888,1,1389410346
5780,32605580,44522485,77128065,3,0,1,2560,6,3989990702
5781,32609079,23521951,56131030,4,0,0,16384,6,9580472935
5782,32609120,44529763,77138883,7,0,1,2048,7,657753897
5783,32610370,23224551,55834921,6,0,0,8704,2,7023033230
5784,32612390,44526516,77138906,5,0,1,3072,10,5584004759
5785,32617300,23540045,56157345,6,0,0,512,2,9222833764
5786,32619280,23776653,56395933,5,0,0,62976,10,5868316526
5787,32620069,23257431,55877500,3,0,0,12288,6,6800464029
5788,32620119,23724039,56344158,4,0,0,11776,6,9745003096
5789,32622571,23378987,56001558,0,0,0,8192,10,8658467783
5790,32627260,23563134,56190394,7,0,0,17920,7,1926862466
5791,32628100,44510829,77138929,5,0,1,2560,10,10301720830
5792,32629759,23527407,56157166,3,0,0,37888,6,10334338005
5793,32632360,44506771,77139131,3,0,1,6144,6,4858309158
5794,32635780,23997256,56633036,8,0,0,62976,9,167296472
5795,32645550,23779970,56425520,6,0,0,44544,2,9356431747
5796,32645741,23427160,56072901,0,0,0,35840,10,4923318982
5797,32646860,24058231,56705091,7,0,0,14848,7,8879412680
5798,32654329,24004428,56658757,4,0,0,31232,6,1650498138
5799,32682199,24238463,56920662,4,0,0,39936,6,167739009
5800,32694920,23499513,56194433,6,0,0,6656,2,2242277402
5801,32695110,44488094,77183204,9,0,1,72704,7,10600951361
5802,32695880,23716011,56411891,9,0,0,4608,7,3112895709
5803,32701389,23413434,56114823,4,0,0,12288,6,889641277
5804,32704070,44479157,77183227,6,0,1,9728,2,1559685272
5805,32705501,23654304,56359805,0,0,0,12800,10,8977682437
5806,32717940,23581727,56299667,1,0,0,68608,19,8434393872
5807,32719400,23691064,56410464,5,0,0,47616,10,9081295711
5808,32721310,23647678,56368988,7,0,0,10240,7,1856182476
5809,32729900,24423880,57153780,1,0,0,95744,19,7444771070
5810,32742869,23578332,56321201,3,0,0,2048,6,10201547783
5811,32745640,24031717,56777357,5,0,0,15872,10,3871377658
5812,32750140,24021399,56771539,9,0,0,110080,7,9304945789
5813,32751980,44479607,77231587,4,0,1,6656,6,2256848483
5814,32758539,23383378,56141917,4,0,0,512,6,9174463436
5815,32761389,24259050,57020439,3,0,0,11264,6,7751149950
5816,32779151,44459676,77238827,1,0,1,8704,19,5435434224
5817,32779790,44459191,77238981,3,0,1,8704,6,3557012668
5818,32781459,23676659,56458118,3,0,0,9728,6,397444155
5819,32795130,23999799,56794929,1,0,0,6656,19,4336096440
5820,32799260,24083494,56882754,1,0,0,14336,19,5103745491
5821,32799330,23629957,56429287,7,0,0,12288,7,5677717072
5822,32803690,23761044,56564734,7,0,0,2048,7,4096427663
5823,32810610,23898417,56709027,6,0,0,2560,2,7821180351
5824,32812249,23528094,56340343,3,0,0,7680,6,6056694005
5825,32814971,23768642,56583613,0,0,0,24064,10,9149752413
5826,32818040,44423006,77241046,3,0,1,14848,6,3344552005
5827,32820240,44663729,77483969,3,0,1,99328,6,1709367250
5828,32825460,23967418,56792878,1,0,0,18944,19,448156739
5829,32826300,24421647,57247947,7,0,0,49152,7,10624192388
5830,32833839,23771153,56604992,3,0,0,11264,6,6200539075
5831,32834739,23695798,56530537,4,0,0,6144,6,8301860717
5832,32837000,23900976,56737976,8,0,0,69632,9,5267880480
5833,32841440,23796455,56637895,2,0,0,15872,1,3515655918
5834,32851790,23830486,56682276,9,0,0,512,7,1225146393
5835,32857880,23607502,56465382,9,0,0,3072,7,4800154015
5836,32860289,24030623,56890912,4,0,0,26624,6,2942150616
5837,32871689,23933024,56804713,4,0,0,5120,6,7686820664
5838,32876159,44611670,77487829,8,0,1,5120,9,1047462385
5839,32888240,24080165,56968405,9,0,0,65536,7,2080697556
5840,32895120,23918336,56813456,5,0,0,2560,10,9897753197
5841,32901249,23939711,56840960,4,0,0,40960,6,45975761
5842,32901280,24182703,57083983,6,0,0,40448,2,56562641
5843,32914381,23762990,56677371,0,0,0,49664,10,7755875809
5844,32918550,23868533,56787083,8,0,0,19968,9,925321652
5845,32925671,44586370,77512041,1,0,1,1024,19,9204401912
5846,32932790,23629232,56562022,6,0,0,13312,2,7504852606
5847,32940540,23930468,56871008,6,0,0,25088,2,5169197664
5848,32953300,23925063,56878363,1,0,0,24064,19,6713576620
5849,32960831,44553476,77514307,1,0,1,3584,19,2449647210
5850,32963130,23718967,56682097,1,0,0,12288,19,9581723815
5851,32965599,23745730,56711329,3,0,0,1024,6,8391252640
5852,32966290,24140621,57106911,1,0,0,18432,19,9310392746
5853,32966970,23813998,56780968,6,0,0,11776,2,1310690139
5854,32974249,23704081,56678330,4,0,0,3072,6,4823613800
5855,32976919,24192740,57169659,3,0,0,32256,6,1887454260
5856,32977431,24182377,57159808,0,0,0,2048,10,7719116145
5857,32983971,44542218,77526189,1,0,1,3072,19,7551817767
5858,32984921,24139641,57124562,0,0,0,57856,10,417000475
5859,32990670,44635189,77625859,3,0,1,17408,6,3868726571
5860,32992320,23780178,56772498,8,0,0,3072,9,5355416265
5861,32996500,24191369,57187869,2,0,0,49664,1,5079667189
5862,32998229,24193251,57191480,4,0,0,11776,6,10376566710
5863,33005259,23998426,57003685,4,0,0,35840,6,6979515930
5864,33020779,24262670,57283449,3,0,0,13312,6,1679080081
5865,33026890,23797035,56823925,9,0,0,7680,7,3390541395
5866,33028610,24433459,57462069,6,0,0,77312,2,10339462231
5867,33041320,24190996,57232316,5,0,0,4608,10,7805098724
5868,33042889,24114354,57157243,3,0,0,11264,6,6095532686
5869,33055869,23789170,56845039,3,0,0,13312,6,2035652055
5870,33061861,23800265,56862126,0,0,0,4096,10,3447004823
5871,33071549,24330190,57401739,3,0,0,42496,6,5195053188
5872,33072911,24086250,57159161,0,0,0,5632,10,7612622010
5873,33075209,24497321,57572530,3,0,0,43520,6,10545280074
5874,33076370,23725063,56801433,7,0,0,2560,7,230011448
5875,33125910,23727204,56853114,6,0,0,14848,2,4989479568
5876,33133700,23836288,56969988,9,0,0,5120,7,8158512415
5877,33140240,44519108,77659348,6,0,1,14336,2,6387643916
5878,33148079,23774790,56922869,3,0,0,7168,6,2817024581
5879,33148150,24081360,57229510,8,0,0,5120,9,10030485333
5880,33158970,24400269,57559239,1,0,0,18944,19,6536860109
5881,33165321,24264208,57429529,0,0,0,22016,10,7578687698
5882,33166061,24376284,57542345,0,0,0,43520,10,5559308775
5883,33167090,23854903,57021993,2,0,0,1536,1,8805731578
5884,33167330,24043277,57210607,9,0,0,33280,7,2785451563
5885,33168790,44587697,77756487,0,0,1,7680,10,10409534648
5886,33183420,44573090,77756510,6,0,1,1024,2,9967234649
5887,33186860,24517773,57704633,7,0,0,29184,7,4907507190
5888,33193809,44576943,77770752,8,0,1,4608,9,9300091176
5889,33197299,44611655,77808954,8,0,1,10240,9,4129769424
5890,33208550,23948872,57157422,9,0,0,512,7,8773069977
5891,33209460,44616140,77825600,5,0,1,11264,10,5940676170
5892,33209840,24319222,57529062,5,0,0,17920,10,7110786427
5893,33214430,24390085,57604515,5,0,0,23040,10,7685744956
5894,33216530,44832260,78048790,9,0,1,121344,7,5228855196
5895,33216799,44832014,78048813,8,0,1,1536,9,9950637831
5896,33224381,24627516,57851897,0,0,0,137216,10,7115138524
5897,33232579,24887921,58120500,3,0,0,126976,6,9841090325
5898,33236389,25185613,58422002,3,0,0,71680,6,535205872
5899,33246249,24277330,57523579,4,0,0,57344,6,7724566703
5900,33254310,44794526,78048836,7,0,1,1024,7,471176113
5901,33255580,44793279,78048859,4,0,1,1536,6,7764207053
5902,33261100,24678756,57939856,5,0,0,43520,10,8557566411
5903,33267310,44881358,78148668,9,0,1,22016,7,2273235721
5904,33280200,24389887,57670087,5,0,0,36864,10,8598424007
5905,33283660,23908311,57191971,5,0,0,1536,10,5818467077
5906,33284380,24599496,57883876,5,0,0,31232,10,535331452
5907,33292470,24591585,57884055,1,0,0,512,19,6572494483
5908,33302070,24612125,57914195,2,0,0,17920,1,10342687687
5909,33317270,24320831,57638101,1,0,0,38400,19,289900929
5910,33327510,24075032,57402542,2,0,0,2560,1,6432093018
5911,33331349,24339853,57671202,3,0,0,3584,6,1613339241
5912,33337060,24662153,57999213,1,0,0,23552,19,6279125655
5913,33337920,24288458,57626378,5,0,0,71680,10,6008005505
5914,33338070,24417255,57755325,1,0,0,32256,19,1703827716
5915,33339249,44818755,78158004,8,0,1,2560,9,6779569106
5916,33339790,24630742,57970532,1,0,0,20480,19,9519159019
5917,33341889,24604409,57946298,4,0,0,18944,6,85883906
5918,33345800,24968545,58314345,1,0,0,27136,19,1718353660
5919,33349160,24294268,57643428,7,0,0,17408,7,5385720554
5920,33362550,24099698,57462248,2,0,0,512,1,1526185369
5921,33362781,24832338,58195119,0,0,0,60416,10,2442126335
5922,33369441,44789549,78158990,1,0,1,1536,19,1093405256
5923,33370670,44790266,78160936,9,0,1,3072,7,8824873283
5924,33373511,24064979,57438490,0,0,0,8192,10,2360792678
5925,33384200,24684772,58068972,8,0,0,83968,9,6867140996
5926,33384560,24754729,58139289,2,0,0,15360,1,3388758114
5927,33391830,24161614,57553444,5,0,0,36352,10,6286795572
5928,33392270,24253255,57645525,8,0,0,6656,9,9158488441
5929,33396480,25086445,58482925,1,0,0,23040,19,4818240968
5930,33397860,24462507,57860367,6,0,0,6656,2,605512393
5931,33405360,24183573,57588933,1,0,0,16896,19,5007511081
5932,33409390,44782090,78191480,7,0,1,2560,7,8172734805
5933,33420830,24360535,57781365,2,0,0,4608,1,2495487376
5934,33423760,24971318,58395078,9,0,0,31744,7,3206600644
5935,33431160,44791511,78222671,2,0,1,10752,1,7129993452
5936,33435780,24504723,57940503,2,0,0,2048,1,3982760902
5937,33444780,45608319,79053099,3,0,1,392192,6,526815641
5938,33446350,24704506,58150856,6,0,0,37888,2,3996915512
5939,33447660,25011264,58458924,9,0,0,13312,7,10191741925
5940,33455819,24470746,57926565,4,0,0,33280,6,9343620359
5941,33456821,24677765,58134586,0,0,0,31744,10,8198017631
5942,33459261,45643249,79102510,1,0,1,11264,19,6203552374
5943,33465989,24341037,57807026,3,0,0,10752,6,1137363031
5944,33466560,24391756,57858316,9,0,0,20992,7,9285338430
5945,33468140,24290172,57758312,7,0,0,9728,7,10168526922
5946,33482819,24560546,58043365,3,0,0,45568,6,8239900076
5947,33483080,45619789,79102869,2,0,1,9728,1,251020970
5948,33484680,45619634,79104314,0,0,1,2048,10,5679612951
5949,33484890,24676705,58161595,5,0,0,1024,10,4518783949
5950,33489430,24587677,58077107,6,0,0,26624,2,626867524
5951,33498170,24515106,58013276,8,0,0,46080,9,5748859412
5952,33499040,25528267,59027307,1,0,0,8192,19,6518599397
5953,33503511,45695661,79199172,1,0,1,34304,19,530563266
5954,33505110,45694085,79199195,0,0,1,1024,10,9882194009
5955,33505951,24659099,58165050,0,0,0,11264,10,5598076275
5956,33508239,24505372,58013611,3,0,0,1024,6,2825050645
5957,33509440,24384185,57893625,6,0,0,30208,2,3749179132
5958,33513560,45694105,79207665,6,0,1,7168,2,2954531063
5959,33531891,45675797,79207688,1,0,1,3072,19,3077235916
5960,33537449,24378953,57916402,3,0,0,7168,6,10566769706
5961,33542540,24421729,57964269,2,0,0,58880,1,1841993876
5962,33549590,45658121,79207711,2,0,1,3584,1,7341504744
5963,33551370,24573521,58124891,8,0,0,14336,9,10643822330
5964,33556209,24420426,57976635,4,0,0,4096,6,72993286
5965,33557210,24980464,58537674,1,0,0,28672,19,10329204720
5966,33561230,45675394,79236624,5,0,1,15872,10,8281803172
5967,33576830,45659817,79236647,7,0,1,2048,7,8588736143
5968,33582300,24496242,58078542,8,0,0,4608,9,4612457269
5969,33587320,24614374,58201694,5,0,0,21504,10,4431798940
5970,33587820,45650067,79237887,7,0,1,3072,7,9464059207
5971,33591150,24570110,58161260,5,0,0,22528,10,9287374764
5972,33596980,45655269,79252249,3,0,1,6144,6,4596158917
5973,33611170,45643217,79254387,4,0,1,6144,6,3146815514
5974,33617191,24609932,58227123,0,0,0,20480,10,2261087529
5975,33625760,24526211,58151971,6,0,0,3584,2,5275286498
5976,33628971,24634662,58263633,0,0,0,22016,10,4162022405
5977,33637920,45616621,79254541,3,0,1,8704,6,8462955990
5978,33638540,24684252,58322792,7,0,0,27648,7,7149589357
5979,33640850,24512868,58153718,1,0,0,5632,19,523827858
5980,33641551,24512822,58154373,0,0,0,2048,10,9319173064
5981,33643470,45700342,79343812,5,0,1,2048,10,764597615
5982,33644410,24576299,58220709,8,0,0,7168,9,961622029
5983,33654780,45689055,79343835,3,0,1,5120,6,5381750113
5984,33656470,24738787,58395257,7,0,0,512,7,6444274452
5985,33658780,24548553,58207333,5,0,0,18432,10,9468774215
5986,33665120,24994444,58659564,1,0,0,39424,19,5553926400
5987,33667230,25504071,59171301,6,0,0,15872,2,5205488077
5988,33680150,24612763,58292913,5,0,0,13824,10,6194354598
5989,33689640,45657829,79347469,5,0,1,1024,10,8592088546
5990,33690100,25023603,58713703,1,0,0,3072,19,9460570881
5991,33692481,24638346,58330827,0,0,0,9728,10,2112778276
5992,33696460,24750950,58447410,2,0,0,67584,1,3446695660
5993,33697759,24702380,58400139,3,0,0,13312,6,4348387216
5994,33698740,45648752,79347492,6,0,1,3072,2,712449626
5995,33706629,45642633,79349262,8,0,1,1024,9,1484028217
5996,33711609,24751771,58463380,4,0,0,5632,6,4212941228
5997,33725650,24734724,58460374,2,0,0,1024,1,6312300914
5998,33728570,45620715,79349285,4,0,1,1536,6,4261029663
5999,33738070,24865401,58603471,5,0,0,9216,10,7874305486
6000,33740280,24711856,58452136,7,0,0,15360,7,2920556283
6001,33743660,24608215,58351875,2,0,0,16384,1,9575615890
6002,33752009,24644051,58396060,4,0,0,2560,6,2603362482
6003,33752280,25071739,58824019,5,0,0,61952,10,5782358294
6004,33760010,24700029,58460039,2,0,0,3584,1,1762728910
6005,33764280,45585028,79349308,7,0,1,2048,7,3521129149
6006,33786260,24986514,58772774,8,0,0,63488,9,2513579896
6007,33789190,45568908,79358098,0,0,1,1536,10,7608807429
6008,33794720,24838045,58632765,7,0,0,31744,7,5353119561
6009,33809780,24992189,58801969,8,0,0,95744,9,1289682098
6010,33812920,24824236,58637156,8,0,0,14336,9,8497484605
6011,33820849,24880550,58701399,3,0,0,18944,6,6913088633
6012,33823890,45760546,79584436,6,0,1,99328,2,2853670761
6013,33829599,24717876,58547475,3,0,0,10240,6,5929336761
6014,33830550,25134373,58964923,9,0,0,13312,7,4041262449
6015,33832600,24972520,58805120,9,0,0,10240,7,3470461603
6016,33838220,24722931,58561151,2,0,0,3072,1,3296551020
6017,33850130,24998716,58848846,7,0,0,81408,7,6239035488
6018,33866640,25210054,59076694,1,0,0,46592,19,5669198867
6019,33871020,25067580,58938600,1,0,0,71680,19,7896277355
6020,33878850,25160389,59039239,9,0,0,28672,7,905921676
6021,33880290,24798881,58679171,2,0,0,11264,1,698371876
6022,33887099,25404611,59291710,3,0,0,19456,6,2179945709
6023,33892550,24800021,58692571,1,0,0,12800,19,3365791810
6024,33893211,24971959,58865170,0,0,0,50176,10,8125685203
6025,33910839,25091112,59001951,4,0,0,5632,6,8554989288
6026,33912050,45865181,79777231,3,0,1,141824,6,5765132626
6027,33923300,45917851,79841151,4,0,1,22016,6,8802101907
6028,33927480,25660481,59587961,8,0,0,74752,9,2323569765
6029,33928050,25274271,59202321,5,0,0,41472,10,4140125304
6030,33933090,25027731,58960821,9,0,0,32768,7,7265630396
6031,33946850,24746680,58693530,1,0,0,3072,19,10608781676
6032,33962030,25299215,59261245,8,0,0,1536,9,9180137205
6033,33964769,25511674,59476443,3,0,0,136704,6,719769030
6034,33967980,24931584,58899564,1,0,0,34304,19,7895930933
6035,33971269,24977026,58948295,3,0,0,31744,6,3005989773
6036,33972330,45908064,79880394,5,0,1,2560,10,10290990247
6037,33977900,25250624,59228524,6,0,0,48128,2,3523902152
6038,33979200,25435853,59415053,2,0,0,33792,1,5432902846
6039,33985150,25494592,59479742,5,0,0,10752,10,8588183204
6040,33996430,25329948,59326378,6,0,0,10240,2,8777076249
6041,34005120,25684202,59689322,9,0,0,7168,7,10355352219
6042,34006040,24944774,58950814,6,0,0,8192,2,9426617342
6043,34007490,24842338,58849828,2,0,0,3072,1,10044087805
6044,34008421,25485758,59494179,0,0,0,7168,10,4799939797
6045,34008880,45891229,79900109,0,0,1,11776,10,3159425553
6046,34017459,25381862,59399321,3,0,0,29184,6,678121681
6047,34017790,45887485,79905275,9,0,1,6656,7,3146685595
6048,34021251,45884047,79905298,1,0,1,512,19,4740475571
6049,34028370,25232384,59260754,9,0,0,31232,7,4040884606
6050,34042140,25376703,59418843,5,0,0,12288,10,5991809384
6051,34045640,45862908,79908548,4,0,1,16896,6,2159974213
6052,34047860,25494752,59542612,9,0,0,7680,7,5968231572
6053,34048429,25126795,59175224,3,0,0,12800,6,5765455467
6054,34051080,46076091,80127171,3,0,1,103424,6,2752365467
6055,34052349,25454208,59506557,4,0,0,8192,6,9063533069
6056,34053120,25436941,59490061,9,0,0,33792,7,550866791
6057,34074721,25462793,59537514,0,0,0,9216,10,6373221872
6058,34076889,25162156,59239045,3,0,0,16384,6,1489688329
6059,34095061,46081817,80176878,1,0,1,24064,19,3613337058
6060,34096620,25597249,59693869,8,0,0,14848,9,1466542608
6061,34100290,46295293,80395583,6,0,1,32256,2,652674055
6062,34102180,25540075,59642255,8,0,0,50176,9,9374912147
6063,34107130,25781640,59888770,7,0,0,78848,7,6782311663
6064,34110690,46284916,80395606,4,0,1,5120,6,8587462376
6065,34111500,25651245,59762745,5,0,0,1024,10,6716553699
6066,34114659,25231758,59346417,4,0,0,2560,6,5733913981
6067,34116209,46280223,80396432,8,0,1,3584,9,7864479780
6068,34118260,25115747,59234007,9,0,0,17920,7,1228328486
6069,34120031,25384007,59504038,0,0,0,32256,10,1863948099
6070,34122420,46434928,80557348,6,0,1,115712,2,833736679
6071,34123641,25153333,59276974,0,0,0,6656,10,8457956174
6072,34125850,25229167,59355017,2,0,0,12800,1,7241489254
6073,34130470,25518672,59649142,6,0,0,22528,2,5620006396
6074,34133590,46433007,80566597,9,0,1,5632,7,6286361886
6075,34134189,25398443,59532632,4,0,0,85504,6,2577997099
6076,34134931,25797395,59932326,0,0,0,19456,10,758963612
6077,34137640,46610457,80748097,6,0,1,210944,2,4726092006
6078,34139739,25650326,59790065,3,0,0,19968,6,3683665130
6079,34145990,25631953,59777943,8,0,0,37888,9,5507271169
6080,34147190,25967125,60114315,7,0,0,22528,7,4677308648
6081,34147220,46601863,80749083,7,0,1,1536,7,9179120
6082,34165470,25730967,59896437,1,0,0,25088,19,9365908400
6083,34169650,26020132,60189782,9,0,0,18432,7,9221718714
6084,34169820,46875851,81045671,3,0,1,194560,6,9568934654
6085,34172050,25515065,59687115,9,0,0,66560,7,4730527025
6086,34182881,25309083,59491964,0,0,0,6144,10,702376711
6087,34183609,25528535,59712144,4,0,0,59904,6,3817555360
6088,34191350,25343333,59534683,7,0,0,6656,7,3635888519
6089,34193780,25400288,59594068,7,0,0,19968,7,4303011215
6090,34194740,25625071,59819811,2,0,0,15872,1,6848028266
6091,34198610,47248039,81446649,6,0,1,217088,2,7383055559
6092,34200270,26059838,60260108,1,0,0,6144,19,7534923234
6093,34200489,25791863,59992352,4,0,0,29184,6,1139391434
6094,34205790,47240882,81446672,0,0,1,5632,10,10443370060
6095,34210620,25413837,59624457,5,0,0,4096,10,527251216
6096,34212460,25652263,59864723,2,0,0,14848,1,10721904448
6097,34215789,25334229,59550018,4,0,0,4096,6,3871048050
6098,34219760,26258004,60477764,9,0,0,57856,7,4126433435
6099,34223460,25914143,60137603,9,0,0,30208,7,5443484122
6100,34226460,25603080,59829540,9,0,0,25088,7,4032192916
6101,34229909,25532501,59762410,3,0,0,36352,6,1868272400
6102,34232979,25865066,60098045,3,0,0,50176,6,7513419048
6103,34235520,25824346,60059866,1,0,0,79360,19,1557125496
6104,34235630,47551572,81787202,6,0,1,215552,2,5546877135
6105,34241910,47585000,81826910,5,0,1,2048,10,6841998207
6106,34251400,25831311,60082711,2,0,0,44544,1,583816501
6107,34253480,25672404,59925884,7,0,0,63488,7,9728425756
6108,34257620,47571876,81829496,7,0,1,4096,7,7563524631
6109,34270020,25480696,59750716,2,0,0,12800,1,5343828023
6110,34279380,47629196,81908576,3,0,1,74752,6,1328873848
6111,34280680,25788436,60069116,2,0,0,28672,1,326451398
6112,34287490,25840576,60128066,6,0,0,45056,2,7082874417
6113,34289660,25961524,60251184,1,0,0,2560,19,10388475789
6114,34295150,25740513,60035663,2,0,0,81408,1,10523182515
6115,34295350,47626940,81922290,0,0,1,17408,10,6044183408
6116,34306080,25673190,59979270,2,0,0,11264,1,9287613116
6117,34311170,25663945,59975115,9,0,0,12288,7,3569107727
6118,34311469,25495509,59806978,4,0,0,14848,6,10283351561
6119,34316360,25610015,59926375,8,0,0,1536,9,7831440680
6120,34320990,26008885,60329875,9,0,0,4096,7,3113157519
6121,34327150,26214856,60542006,7,0,0,25600,7,6042176980
6122,34339600,25800241,60139841,6,0,0,7168,2,3516861933
6123,34342429,25562440,59904869,3,0,0,6144,6,1747810352
6124,34350980,47623648,81974628,4,0,1,6656,6,5611214959
6125,34362179,25536933,59899112,3,0,0,8704,6,7082616344
6126,34362559,25697798,60060357,3,0,0,1536,6,226768432
6127,34377090,47597561,81974651,4,0,1,11776,6,6905042276
6128,34378910,25728518,60107428,1,0,0,30720,19,2851209906
6129,34385310,25790833,60176143,2,0,0,8704,1,8860510609
6130,34389000,25813308,60202308,9,0,0,23552,7,6317591972
6131,34389780,25979666,60369446,6,0,0,26112,2,4596100022
6132,34394319,25934285,60328604,4,0,0,69632,6,7866964650
6133,34395650,25732649,60128299,7,0,0,512,7,2159861982
6134,34396260,47616728,82012988,9,0,1,4608,7,8650502094
6135,34401200,47615654,82016854,0,0,1,6144,10,949572012
6136,34403639,25885276,60288915,3,0,0,31232,6,4599852915
6137,34413740,25822972,60236712,7,0,0,512,7,8156769640
6138,34425860,25554369,59980229,2,0,0,3072,1,3856417158
6139,34426790,25809743,60236533,6,0,0,23552,2,4596724069
6140,34428519,25766590,60195109,3,0,0,17408,6,5665543739
6141,34438950,25729849,60168799,2,0,0,14848,1,2650792359
6142,34441011,25970829,60411840,0,0,0,5632,10,8132971939
6143,34450369,47590225,82040594,8,0,1,9728,9,6705726607
6144,34451700,25847246,60298946,5,0,0,32768,10,2404457879
6145,34451760,47612350,82064110,9,0,1,11776,7,2072394015
6146,34454110,26064080,60518190,8,0,0,10752,9,1311306145
6147,34463700,25952219,60415919,8,0,0,13312,9,6977793234
6148,34484710,25863237,60347947,1,0,0,16384,19,5258156894
6149,34489420,25739868,60229288,2,0,0,29184,1,5525059607
6150,34490659,25815174,60305833,4,0,0,22528,6,10501762344
6151,34496450,26890098,61386548,7,0,0,82432,7,2106151902
6152,34497660,26087230,60584890,5,0,0,18432,10,10051079391
6153,34500920,47563344,82064264,7,0,1,8704,7,6908723715
6154,34501030,26164606,60665636,8,0,0,47104,9,114936765
6155,34510630,25768746,60279376,2,0,0,32256,1,8661244134
6156,34515119,25921934,60437053,4,0,0,1536,6,8250718095
6157,34517400,26338454,60855854,7,0,0,19968,7,10717894631
6158,34529530,26049721,60579251,7,0,0,8704,7,26250010
6159,34531600,47555667,82087267,7,0,1,4608,7,3387845602
6160,34534520,47552770,82087290,0,0,1,27648,10,575483899
6161,34538301,25861167,60399468,0,0,0,20480,10,10508812709
6162,34545190,26092004,60637194,7,0,0,27136,7,10253621516
6163,34545420,25935042,60480462,6,0,0,8704,2,2121899109
6164,34561739,26146406,60708145,3,0,0,13312,6,1940136308
6165,34586140,26340238,60926378,6,0,0,90112,2,10197466313
6166,34588760,25860458,60449218,5,0,0,4608,10,1051933131
6167,34600890,26086243,60687133,2,0,0,19968,1,4924831076
6168,34614969,25929500,60544469,4,0,0,1536,6,5206353679
6169,34617240,47507503,82124743,9,0,1,4096,7,5391345228
6170,34624770,47501599,82126369,9,0,1,2560,7,5388227358
6171,34631030,25857580,60488610,5,0,0,24576,10,5893887628
6172,34647120,25800671,60447791,8,0,0,28160,9,1559418101
6173,34650720,25838225,60488945,1,0,0,1024,19,1898884584
6174,34656800,26034568,60691368,1,0,0,13824,19,36081708
6175,34664410,25907790,60572200,2,0,0,512,1,1159653213
6176,34676970,47452305,82129275,4,0,1,4608,6,9913892221
6177,34680580,47480417,82160997,2,0,1,10240,1,2769329604
6178,34683680,25863365,60547045,1,0,0,1024,19,3193575520
6179,34685330,47853179,82538509,6,0,1,223232,2,4101409088
6180,34689080,25761253,60450333,9,0,0,3584,7,5009516661
6181,34695441,25867299,60562740,0,0,0,10752,10,6903841320
6182,34701930,26112006,60813936,5,0,0,18432,10,6656263068
6183,34704270,25967395,60671665,2,0,0,15872,1,4255508106
6184,34707410,26023199,60730609,9,0,0,7680,7,9269666471
6185,34709380,25820357,60529737,2,0,0,4608,1,5598167368
6186,34711820,26243129,60954949,1,0,0,93696,19,63637966
6187,34714361,25977833,60692194,0,0,0,1024,10,9526701342
6188,34727750,26118574,60846324,1,0,0,13824,19,6051121560
6189,34729909,26035816,60765725,3,0,0,34816,6,9394192663
6190,34733000,47988035,82721035,6,0,1,105984,2,9773582628
6191,34735860,48025104,82760964,0,0,1,512,10,4768889107
6192,34741279,26319247,61060526,4,0,0,54272,6,7723202180
6193,34749700,48013210,82762910,7,0,1,3072,7,1974569599
6194,34758969,26275187,61034156,4,0,0,21504,6,7895033098
6195,34771831,26062612,60834443,0,0,0,7168,10,4293887259
6196,34779069,25912790,60691859,3,0,0,1536,6,4796916342
6197,34782230,26237832,61020062,6,0,0,7168,2,108180978
6198,34782540,47988602,82771142,4,0,1,4608,6,4465527688
6199,34784520,26280420,61064940,9,0,0,12800,7,9223267403
6200,34790830,26278140,61068970,6,0,0,9216,2,5927230236
6201,34794220,26090198,60884418,6,0,0,6656,2,4883466921
6202,34803539,25910557,60714096,3,0,0,19456,6,8423052707
6203,34806289,25894647,60700936,3,0,0,22528,6,8891143759
6204,34807679,47965557,82773236,8,0,1,10240,9,8005844977
6205,34812650,26226521,61039171,7,0,0,16384,7,8077573211
6206,34814110,26152140,60966250,6,0,0,5120,2,7319620003
6207,34815560,25951748,60767308,9,0,0,5120,7,9575472969
6208,34825770,47997661,82823431,2,0,1,1024,1,8212039184
6209,34826350,26141194,60967544,6,0,0,4096,2,6510638924
6210,34831630,25987656,60819286,1,0,0,7168,19,3067467913
6211,34838570,48010650,82849220,3,0,1,55808,6,3864504575
6212,34840510,26232851,61073361,1,0,0,14336,19,9450185263
6213,34841020,26298819,61139839,9,0,0,6656,7,3124701706
6214,34853521,25942278,60795799,0,0,0,16384,10,2018264941
6215,34853739,25963340,60817079,4,0,0,10240,6,1265752524
6216,34855960,25845802,60701762,2,0,0,2560,1,9493376810
6217,34856980,26015463,60872443,7,0,0,33792,7,887571777
6218,34860790,47989506,82850296,7,0,1,13312,7,924717977
6219,34862850,26475223,61338073,2,0,0,3584,1,7510631428
6220,34871500,26417206,61288706,8,0,0,24576,9,84279284
6221,34873990,26084258,60958248,9,0,0,10752,7,431701406
6222,34881870,48159057,83040927,3,0,1,71680,6,6587889115
6223,34885940,48202906,83088846,0,0,1,24576,10,4120922534
6224,34889229,26325708,61214937,3,0,0,2048,6,10098071467
6225,34890420,48218284,83108704,6,0,1,2048,2,2242621101
6226,34894080,26228441,61122521,9,0,0,35328,7,3030179547
6227,34897000,48211727,83108727,0,0,1,512,10,1393693802
6228,34909260,26719999,61629259,6,0,0,38400,2,6801185752
6229,34909341,26252555,61161896,0,0,0,12800,10,8945203169
6230,34911940,25983660,60895600,9,0,0,4096,7,950719854
6231,34915900,26298367,61214267,9,0,0,103424,7,3411810947
6232,34922900,26104673,61027573,2,0,0,24576,1,10135119735
6233,34923570,48185180,83108750,2,0,1,1024,1,3032320958
6234,34926281,26038386,60964667,0,0,0,20992,10,1725717064
6235,34926329,48182444,83108773,8,0,1,7680,9,3571907448
6236,34926570,26434428,61360998,6,0,0,18432,2,795491140
6237,34926580,26161167,61087747,8,0,0,2560,9,8435305923
6238,34928850,26169299,61098149,1,0,0,18432,19,6848005201
6239,34933570,48175226,83108796,6,0,1,8192,2,9946466554
6240,34941070,26799298,61740368,5,0,0,58880,10,7977929642
6241,34952260,48156559,83108819,9,0,1,5632,7,2679608849
6242,34955080,48158005,83113085,6,0,1,2048,2,9233282358
6243,34957340,25880452,60837792,8,0,0,1536,9,3081994687
6244,34976360,26340896,61317256,2,0,0,22528,1,3739149903
6245,34981050,48152184,83133234,0,0,1,24576,10,3902462910
6246,34982920,26078097,61061017,6,0,0,1536,2,6902798423
6247,34997289,26013313,61010602,4,0,0,2048,6,2612936027
6248,34998459,48158797,83157256,8,0,1,2560,9,5778824972
6249,34998481,26113098,61111579,0,0,0,6656,10,1077975957
6250,35003920,26219809,61223729,2,0,0,17408,1,5579658243
6251,35012050,26240816,61252866,1,0,0,33792,19,6522280819
6252,35014099,26378562,61392661,4,0,0,4096,6,5067552101
6253,35015200,26253670,61268870,2,0,0,12288,1,357540526
6254,35015900,48141379,83157279,0,0,1,8704,10,4624883841
6255,35018080,26615726,61633806,9,0,0,14848,7,3154449197
6256,35018820,26762544,61781364,1,0,0,1536,19,7705103368
6257,35023220,26278301,61301521,2,0,0,41984,1,7337290025
6258,35027220,26496689,61523909,9,0,0,12288,7,7424992543
6259,35041530,27011766,62053296,1,0,0,12288,19,349256695
6260,35049720,26273934,61323654,2,0,0,6656,1,5560572596
6261,35053210,48120914,83174124,5,0,1,9216,10,823057959
6262,35055540,26168524,61224064,5,0,0,1024,10,724680463
6263,35055870,48148607,83204477,6,0,1,1024,2,9122937082
6264,35058990,26114353,61173343,6,0,0,10752,2,8563613444
6265,35060679,26374930,61435609,3,0,0,1536,6,10030591397
6266,35063510,26401126,61464636,1,0,0,24576,19,2780940851
6267,35079381,26238701,61318082,0,0,0,2560,10,8910745828
6268,35091759,26365366,61457125,3,0,0,36864,6,10132271796
6269,35092260,26006224,61098484,8,0,0,1024,9,10699383682
6270,35103030,27263366,62366396,1,0,0,15360,19,144143549
6271,35103699,26400760,61504459,3,0,0,57344,6,10079457272
6272,35107180,26752847,61860027,6,0,0,11776,2,5290849019
6273,35107789,48098634,83206423,8,0,1,3072,9,1785200148
6274,35119970,26445953,61565923,2,0,0,39936,1,3157225895
6275,35125080,48086275,83211355,6,0,1,6144,2,8790073918
6276,35130401,48109938,83240339,1,0,1,512,19,8520223646
6277,35137061,48183432,83320493,1,0,1,45568,19,6850169159
6278,35140340,26330247,61470587,6,0,0,19456,2,5557830357
6279,35142590,26204416,61347006,7,0,0,7680,7,8107701921
6280,35143419,26166927,61310346,3,0,0,18432,6,9620372
6281,35145979,26373947,61519926,3,0,0,50688,6,2402013063
6282,35152020,26329113,61481133,1,0,0,23040,19,703329322
6283,35152790,48228362,83381152,9,0,1,11264,7,310764887
6284,35156139,26709573,61865712,3,0,0,18432,6,8565072905
6285,35160030,26652455,61812485,5,0,0,23552,10,1539560963
6286,35172750,26608123,61780873,2,0,0,78848,1,5831506459
6287,35177590,48224799,83402389,0,0,1,5120,10,8413560844
6288,35179969,26511514,61691483,3,0,0,31232,6,7692551699
6289,35187751,26202601,61390352,0,0,0,1536,10,3197654230
6290,35191440,48210972,83402412,0,0,1,12288,10,6319327694
6291,35192339,26664077,61856416,4,0,0,19456,6,10269643657
6292,35194930,26146184,61341114,1,0,0,3584,19,7830521193
6293,35199381,26917607,62116988,0,0,0,71168,10,3935764911
6294,35200460,48249345,83449805,2,0,1,5632,1,796150636
6295,35203640,26349779,61553419,6,0,0,16384,2,3576990291
6296,35213470,27091732,62305202,5,0,0,42496,10,6887608200
6297,35214690,26770241,61984931,8,0,0,4608,9,4608022063
6298,35219060,26459874,61678934,6,0,0,86016,2,9791162009
6299,35222200,26500205,61722405,6,0,0,1024,2,1696110685
6300,35225960,27051857,62277817,6,0,0,23552,2,113405181
6301,35231410,26589210,61820620,7,0,0,26624,7,8853748745
6302,35235440,26689145,61924585,5,0,0,18944,10,6075352248
6303,35253799,26615555,61869354,3,0,0,11776,6,7655372633
6304,35256040,26130867,61386907,6,0,0,1024,2,5316091320
6305,35264020,27052797,62316817,5,0,0,6144,10,6161806065
6306,35270081,26382622,61652703,0,0,0,15360,10,2236419640
6307,35271449,48178379,83449828,8,0,1,5120,9,9233825540
6308,35281440,26523815,61805255,8,0,0,78336,9,6107513911
6309,35308220,26542245,61850465,2,0,0,63488,1,5547250964
6310,35334040,26347881,61681921,2,0,0,9728,1,4839706343
6311,35335370,27193631,62529001,8,0,0,35328,9,4029050309
6312,35336400,26490499,61826899,2,0,0,20480,1,7780693141
6313,35342880,27072668,62415548,6,0,0,64512,2,10352065997
6314,35343340,26485173,61828513,1,0,0,1536,19,8010526295
6315,35348020,26823329,62171349,2,0,0,63488,1,7456925985
6316,35351829,26849443,62201272,4,0,0,24576,6,4645430686
6317,35353250,26675704,62028954,1,0,0,5632,19,3930324074
6318,35358980,26615967,61974947,8,0,0,37376,9,773997096
6319,35359279,26768028,62127307,4,0,0,33792,6,9168480059
6320,35361629,26529554,61891183,3,0,0,11264,6,1052109467
6321,35362810,26869957,62232767,6,0,0,39424,2,977951770
6322,35366570,26165279,61531849,2,0,0,7168,1,9633597954
6323,35381040,26581285,61962325,7,0,0,38912,7,7237166525
6324,35382640,26609513,61992153,6,0,0,17920,2,5944721553
6325,35411890,48037961,83449851,6,0,1,3072,2,10323285880
6326,35413380,26563150,61976530,2,0,0,5120,1,8177745686
6327,35422941,48103850,83526791,1,0,1,66560,19,6858219030
6328,35430320,48189378,83619698,3,0,1,89600,6,3222671778
6329,35432610,27332267,62764877,6,0,0,3072,2,4675867273
6330,35433969,26552701,61986670,4,0,0,5632,6,1385308492
6331,35444320,48186649,83630969,9,0,1,6144,7,73273912
6332,35451940,48191900,83643840,2,0,1,6656,1,4039094210
6333,35455339,26634467,62089806,3,0,0,15872,6,10204799867
6334,35465849,27121616,62587465,4,0,0,49152,6,7166152690
6335,35489150,48400414,83889564,3,0,1,90624,6,6081529576
6336,35496930,26949283,62446213,5,0,0,29696,10,2745040990
6337,35498519,26329495,61828014,3,0,0,3584,6,396394257
6338,35507210,26438080,61945290,7,0,0,2560,7,10370837907
6339,35509820,26550854,62060674,8,0,0,3072,9,5074647156
6340,35517680,48377921,83895601,2,0,1,6144,1,9219461874
6341,35518541,27018946,62537487,0,0,0,5120,10,7379614294
6342,35524630,26566291,62090921,8,0,0,3584,9,3517904750
6343,35526800,26225921,61752721,2,0,0,20992,1,5341790162
6344,35532339,26985875,62518214,4,0,0,53760,6,10249730364
6345,35536220,26456736,61992956,5,0,0,2560,10,6474149044
6346,35541250,48355337,83896587,2,0,1,1536,1,1233893739
6347,35544221,27057555,62601776,0,0,0,14336,10,7949384592
6348,35545529,27105405,62650934,4,0,0,81408,6,8312953545
6349,35548879,26510836,62059715,4,0,0,20992,6,6318359717
6350,35548910,27118184,62667094,5,0,0,16384,10,1026789481
6351,35551090,26576731,62127821,6,0,0,1536,2,787488286
6352,35551530,48380611,83932141,3,0,1,32256,6,8542255465
6353,35562141,27314576,62876717,0,0,0,17408,10,2564597835
6354,35562890,26485904,62048794,6,0,0,9216,2,9385078229
6355,35565530,27094943,62660473,8,0,0,31232,9,1164122051
6356,35566130,48368865,83934995,7,0,1,17408,7,1224359662
6357,35574000,48375892,83949892,5,0,1,14848,10,5396219913
6358,35574911,26611677,62186588,0,0,0,42496,10,3209199532
6359,35578220,26754500,62332720,5,0,0,35328,10,699139464
6360,35591871,26623915,62215786,0,0,0,512,10,4045423551
6361,35594840,48420378,84015218,9,0,1,31232,7,4955747524
6362,35603910,26734784,62338694,7,0,0,18944,7,5501401613
6363,35607780,48408206,84015986,6,0,1,11776,2,674165405
6364,35622580,48445680,84068260,2,0,1,2048,1,10109543285
6365,35630750,48438532,84069282,4,0,1,8192,6,1234929778
6366,35635680,48458004,84093684,9,0,1,13312,7,171349375
6367,35637610,26296683,61934293,2,0,0,512,1,7539521656
6368,35652920,27099206,62752126,5,0,0,62464,10,4934395847
6369,35657719,27199585,62857304,4,0,0,76288,6,1725579950
6370,35659020,27417268,63076288,8,0,0,24576,9,5076776289
6371,35662010,26687011,62349021,5,0,0,33792,10,10355234667
6372,35666680,26767222,62433902,6,0,0,11264,2,2148035327
6373,35670429,48437437,84107866,8,0,1,3072,9,3775888322
6374,35672539,26795869,62468408,3,0,0,52736,6,2536917924
6375,35673430,27624924,63298354,7,0,0,38912,7,3473937462
6376,35674680,48912747,84587427,3,0,1,226816,6,9750643803
6377,35690090,27360670,63050760,9,0,0,64000,7,2608524690
6378,35696381,26699472,62395853,0,0,0,41984,10,731793722
6379,35706360,27109288,62815648,8,0,0,73216,9,2930309700
6380,35708000,26954079,62662079,5,0,0,5120,10,1234635734
6381,35711250,27348269,63059519,2,0,0,28672,1,4519187645
6382,35714281,26600641,62314922,0,0,0,18944,10,9065328001
6383,35716820,26640771,62357591,5,0,0,13312,10,3001033992
6384,35723520,27620445,63343965,8,0,0,1536,9,2787766195
6385,35734150,27656159,63390309,6,0,0,9728,2,9830720349
6386,35745550,27530606,63276156,7,0,0,56832,7,5414203535
6387,35752130,26580769,62332899,6,0,0,512,2,209402641
6388,35768500,27202982,62971482,5,0,0,28160,10,10060612497
6389,35770740,27108348,62879088,9,0,0,7680,7,5474856653
6390,35779139,26651285,62430424,4,0,0,38400,6,7510188689
6391,35804830,26889298,62694128,5,0,0,52224,10,3260132908
6392,35809950,48827575,84637525,0,0,1,1024,10,6563765711
6393,35828950,26643693,62472643,2,0,0,13824,1,9947089802
6394,35833159,27079517,62912676,4,0,0,57856,6,9461257394
6395,35836780,48800768,84637548,4,0,1,6656,6,10099343894
6396,35838020,26925898,62763918,6,0,0,6656,2,3051793954
6397,35838490,26919454,62757944,2,0,0,7680,1,898232284
6398,35858300,48779546,84637846,4,0,1,1536,6,3313665479
6399,35859361,26902506,62761867,0,0,0,12800,10,9340153173
6400,35866230,26833225,62699455,6,0,0,17408,2,5149494545
6401,35868210,27059199,62927409,8,0,0,39424,9,4012883190
6402,35870190,48781542,84651732,7,0,1,6144,7,10701908188
6403,35871150,27614712,63485862,5,0,0,62976,10,2309450742
6404,35879530,26687618,62567148,8,0,0,19968,9,5659852849
6405,35881810,26654078,62535888,1,0,0,22528,19,5106894396
6406,35882680,26795513,62678193,2,0,0,36352,1,7937947876
6407,35883401,26987989,62871390,0,0,0,46080,10,5824841095
6408,35887520,27222861,63110381,2,0,0,29184,1,2497437028
6409,35895791,27164063,63059854,0,0,0,1024,10,4126735671
6410,35902880,26587138,62490018,2,0,0,4096,1,458472087
6411,35917200,26838381,62755581,5,0,0,11264,10,10407978279
6412,35933560,48725873,84659433,7,0,1,9728,7,1074803435
6413,35934130,27086487,63020617,7,0,0,19456,7,2325431807
6414,35939890,26669524,62609414,7,0,0,5632,7,4497194094
6415,35949880,27033066,62982946,2,0,0,6144,1,2805272769
6416,35954000,26980304,62934304,6,0,0,22528,2,2116229796
6417,35960250,48918512,84878762,3,0,1,161792,6,3564886294
6418,35962380,48945827,84908207,6,0,1,4096,2,8674663887
6419,35965550,27601889,63567439,2,0,0,71680,1,1153846909
6420,35969730,26763296,62733026,7,0,0,15872,7,2544445306
6421,35971879,26923146,62895025,3,0,0,12800,6,2251874299
6422,35973940,48934290,84908230,2,0,1,1536,1,3322440414
6423,35975959,48932294,84908253,8,0,1,1536,9,3577423393
6424,35990600,27348319,63338919,8,0,0,65024,9,111838279
6425,35992861,48955117,84947978,1,0,1,48640,19,7016627616
6426,35994000,27542973,63536973,1,0,0,77312,19,8069366875
6427,35997750,27656747,63654497,8,0,0,47616,9,10500997143
6428,35999490,27703301,63702791,1,0,0,53760,19,7340171895
6429,36022161,26758409,62780570,0,0,0,512,10,9252095347
6430,36030930,27354686,63385616,8,0,0,24064,9,9856869461
6431,36036329,27509247,63545576,3,0,0,28160,6,1504750379
6432,36040240,48909864,84950104,4,0,1,5120,6,5147010132
6433,36046790,27054676,63101466,8,0,0,25088,9,6863087409
6434,36057549,27455845,63513394,3,0,0,1024,6,6008450644
6435,36062381,26965521,63027902,0,0,0,5632,10,7769146616
6436,36070010,48901070,84971080,2,0,1,11264,1,6026516742
6437,36081410,49084230,85165640,3,0,1,145920,6,2499619795
6438,36081520,26704717,62786237,1,0,0,12800,19,10445143853
6439,36089781,27128149,63217930,0,0,0,18944,10,3649395908
6440,36091170,27217370,63308540,5,0,0,10752,10,6909025184
6441,36097010,26971759,63068769,2,0,0,29184,1,8176764907
6442,36099750,27565245,63664995,6,0,0,32768,2,5533996694
6443,36105189,27522306,63627495,3,0,0,12288,6,1484466992
6444,36119630,49046033,85165663,9,0,1,1024,7,3195353034
6445,36121440,26972359,63093799,5,0,0,26624,10,1936442898
6446,36123229,27477295,63600524,3,0,0,63488,6,6621904792
6447,36132170,28488862,64621032,6,0,0,9728,2,2811150813
6448,36135041,26976619,63111660,0,0,0,4096,10,3802166895
6449,36140320,26775031,62915351,7,0,0,8704,7,180798029
6450,36148779,27212744,63361523,3,0,0,19968,6,2111836474
6451,36150180,27014365,63164545,1,0,0,5632,19,10091173619
6452,36158760,28347560,64506320,5,0,0,11264,10,7341009875
6453,36161150,27456596,63617746,5,0,0,50688,10,905211528
6454,36165860,28296485,64462345,1,0,0,11776,19,8536097979
6455,36174060,48991626,85165686,2,0,1,512,1,3553722606
6456,36176521,26817610,62994131,0,0,0,6144,10,1095377503
6457,36192770,26787361,62980131,7,0,0,1536,7,2738029444
6458,36198309,26827854,63026163,3,0,0,7680,6,9755530854
6459,36204280,26911663,63115943,1,0,0,7680,19,10730328650
6460,36223430,26749635,62973065,8,0,0,5120,9,6601413375
6461,36228730,26750910,62979640,7,0,0,21504,7,8929006897
6462,36232229,27111237,63343466,4,0,0,14848,6,10711212694
6463,36244850,48920859,85165709,3,0,1,2048,6,5351663716
6464,36250910,27466752,63717662,6,0,0,16896,2,10158050190
6465,36254080,26980548,63234628,1,0,0,2048,19,5492856763
6466,36261280,48932586,85193866,3,0,1,25088,6,364633682
6467,36261850,48955774,85217624,5,0,1,13312,10,9350666336
6468,36263020,27115241,63378261,5,0,0,47616,10,1830274761
6469,36268750,27017725,63286475,7,0,0,33792,7,7504703526
6470,36299329,27064401,63363730,3,0,0,7168,6,9435490650
6471,36300031,27161723,63461754,0,0,0,9728,10,5304197353
6472,36306320,27541206,63847526,7,0,0,17408,7,7122138539
6473,36307040,27116660,63423700,7,0,0,46592,7,1163485618
6474,36312060,48924813,85236873,4,0,1,12800,6,10680465746
6475,36325370,48935605,85260975,5,0,1,4608,10,939025360
6476,36328099,26977142,63305241,4,0,0,22528,6,4000867749
6477,36328950,27080531,63409481,6,0,0,19968,2,8812514892
6478,36330201,26793984,63124185,0,0,0,9216,10,4563385878
6479,36331551,27323437,63654988,0,0,0,1536,10,7133982931
6480,36334480,27462494,63796974,2,0,0,7680,1,9530823524
6481,36345201,27235956,63581157,0,0,0,4096,10,132685382
6482,36350900,48912341,85263241,2,0,1,3584,1,9361830920
6483,36356010,27379771,63735781,6,0,0,59392,2,8467169680
6484,36358020,27077306,63435326,6,0,0,10240,2,9755280623
6485,36359900,27218247,63578147,7,0,0,3072,7,7644003605
6486,36361150,48902962,85264112,4,0,1,12288,6,3404922054
6487,36363310,27527787,63891097,2,0,0,20480,1,3467379830
6488,36364159,27547005,63911164,3,0,0,22528,6,3691601760
6489,36367620,26808745,63176365,2,0,0,4096,1,2610723860
6490,36374340,27627403,64001743,2,0,0,51200,1,9663729442
6491,36374600,27138459,63513059,1,0,0,56320,19,6141738251
6492,36384560,27500274,63884834,6,0,0,7168,2,1236719419
6493,36392240,27187646,63579886,6,0,0,5632,2,2009998215
6494,36399490,28364878,64764368,5,0,0,16896,10,9397649599
6495,36399910,48873956,85273866,5,0,1,7680,10,6977626810
6496,36414401,27546924,63961325,0,0,0,15360,10,1438217868
6497,36420481,27007984,63428465,0,0,0,6656,10,8242420043
6498,36423720,27144834,63568554,2,0,0,3584,1,1009347966
6499,36424430,27196303,63620733,1,0,0,9728,19,10571549733
6500,36428600,48946224,85374824,7,0,1,1536,7,5678584361
6501,36434770,27142410,63577180,8,0,0,13312,9,5930953298
6502,36440690,27011821,63452511,6,0,0,2048,2,1998305430
6503,36441120,27690166,64131286,8,0,0,8192,9,2380152926
6504,36450300,48924547,85374847,5,0,1,4096,10,4225692219
6505,36463090,48922885,85385975,2,0,1,6656,1,4839807644
6506,36467039,27135224,63602263,4,0,0,5632,6,8121824346
6507,36470030,27559633,64029663,8,0,0,16896,9,5383850135
6508,36474029,27206673,63680702,4,0,0,3584,6,7367122970
6509,36481720,27611460,64093180,9,0,0,7680,7,7805330817
6510,36485961,27087140,63573101,0,0,0,14848,10,3583186905
6511,36487450,27179617,63667067,5,0,0,2048,10,4128720735
6512,36490540,27533646,64024186,1,0,0,7680,19,5842443577
6513,36494449,28414689,64909138,3,0,0,182272,6,3045396701
6514,36498710,27523113,64021823,5,0,0,9216,10,3372486735
6515,36516640,48922570,85439210,6,0,1,35328,2,1927062097
6516,36520480,27165223,63685703,8,0,0,7680,9,5029731618
6517,36537850,48924263,85462113,7,0,1,3584,7,8616758091
6518,36541820,27202384,63744204,9,0,0,15872,7,10446004452
6519,36544180,27085366,63629546,5,0,0,6656,10,6933482556
6520,36545720,48917379,85463099,0,0,1,1536,10,6534122917
6521,36546160,27077568,63623728,6,0,0,9728,2,10160811183
6522,36550120,27908614,64458734,2,0,0,102912,1,2866161528
6523,36554109,27349109,63903218,4,0,0,3584,6,2363899312
6524,36554240,27999270,64553510,2,0,0,23552,1,3042541489
6525,36555170,27463822,64018992,6,0,0,13312,2,2858701784
6526,36558440,28024812,64583252,1,0,0,4096,19,4850716830
6527,36568649,48896396,85465045,8,0,1,3072,9,6479134911
6528,36576100,48890571,85466671,3,0,1,2560,6,6142869549
6529,36579129,28085358,64664487,4,0,0,46592,6,305062495
6530,36580289,27539710,64119999,4,0,0,512,6,3342765298
6531,36581340,27084302,63665642,9,0,0,2048,7,4463238960
6532,36585149,48882188,85467337,8,0,1,11264,9,1158208545
6533,36611589,27397411,64009000,3,0,0,20992,6,10127792506
6534,36619870,27489562,64109432,9,0,0,8704,7,4528365896
6535,36619990,27324944,63944934,2,0,0,80384,1,3683968249
6536,36620450,48857680,85478130,3,0,1,20480,6,8816703938
6537,36625600,27620112,64245712,8,0,0,65024,9,4141547893
6538,36629120,48851276,85480396,0,0,1,3584,10,3102566319
6539,36634440,27411769,64046209,7,0,0,25088,7,9645800947
6540,36634860,27484001,64118861,7,0,0,1536,7,10313348148
6541,36636059,27482311,64118370,3,0,0,7168,6,6274685391
6542,36636890,48880506,85517396,2,0,1,2560,1,7536119955
6543,36640031,27740890,64380921,0,0,0,73728,10,967931770
6544,36644431,28340674,64985105,0,0,0,29696,10,4920195772
6545,36646690,27764490,64411180,8,0,0,2560,9,376746621
6546,36658280,27375722,64034002,9,0,0,6144,7,706787738
6547,36663950,48853469,85517419,4,0,1,8704,6,8153790150
6548,36667890,48850188,85518078,0,0,1,6144,10,2853547082
6549,36682439,48836945,85519384,8,0,1,2048,9,137701672
6550,36697010,27259612,63956622,2,0,0,24064,1,7005991418
6551,36698201,27464305,64162506,0,0,0,9216,10,5319033159
6552,36707670,28044280,64751950,8,0,0,8704,9,10424546942
6553,36708500,48869734,85578234,0,0,1,16384,10,692061174
6554,36711480,27141529,63853009,2,0,0,17920,1,163356123
6555,36714680,27852338,64567018,2,0,0,1024,1,7574258066
6556,36725619,27447248,64172867,3,0,0,16896,6,7180878747
6557,36731430,48912114,85643544,2,0,1,5120,1,7647170898
6558,36739119,27143508,63882627,3,0,0,15360,6,7391431935
6559,36741149,27375014,64116163,3,0,0,22016,6,5158189082
6560,36760080,27203460,63963540,9,0,0,7168,7,8423215163
6561,36761960,27397715,64159675,6,0,0,36864,2,6306855106
6562,36766110,27503491,64269601,5,0,0,12800,10,4383853206
6563,36766930,27280082,64047012,8,0,0,2560,9,2748092567
6564,36767470,27244968,64012438,6,0,0,512,2,9226587919
6565,36767841,49111256,85879097,1,0,1,34304,19,10601630113
6566,36775349,27195188,63970537,3,0,0,1024,6,10310932314
6567,36779930,28343524,65123454,6,0,0,47616,2,6894399402
6568,36781550,49100773,85882323,0,0,1,5120,10,1032316067
6569,36790660,49095849,85886509,6,0,1,6656,2,10222854638
6570,36792140,27626944,64419084,7,0,0,512,7,8413382760
6571,36797100,27769583,64566683,9,0,0,18944,7,9017595236
6572,36806600,27208313,64014913,5,0,0,2560,10,849201767
6573,36812351,27443703,64256054,0,0,0,29184,10,1143096692
6574,36816470,49206313,86022783,6,0,1,9216,2,1919724786
6575,36817320,27407647,64224967,1,0,0,20480,19,2933477631
6576,36821390,49201547,86022937,4,0,1,8704,6,1091151365
6577,36822660,49200623,86023283,6,0,1,512,2,8806052378
6578,36825769,49226275,86052044,8,0,1,5632,9,4690148157
6579,36833789,27431804,64265593,3,0,0,31232,6,6056436350
6580,36835379,27498503,64333882,4,0,0,2048,6,9343606909
6581,36836520,27666345,64502865,9,0,0,43008,7,772583439
6582,36836969,27302136,64139105,3,0,0,5120,6,5896426730
6583,36839890,27777352,64617242,5,0,0,27136,10,4813022782
6584,36842519,27862480,64704999,4,0,0,17408,6,1760746164
6585,36843590,27753326,64596916,9,0,0,38912,7,5213181176
6586,36847310,27272510,64119820,5,0,0,3072,10,5441656818
6587,36854090,27686755,64540845,1,0,0,16896,19,5530861112
6588,36858851,27898907,64757758,0,0,0,2560,10,3894936450
6589,36862190,27422658,64284848,5,0,0,27648,10,1451886137
6590,36862450,28295180,65157630,6,0,0,2560,2,5569926845
6591,36899150,27608129,64507279,5,0,0,3072,10,6379674389
6592,36903030,27607346,64510376,2,0,0,2560,1,4541885183
6593,36903089,27391766,64294855,4,0,0,32768,6,1945408984
6594,36903700,28034165,64937865,6,0,0,94208,2,969001550
6595,36905019,28369286,65274305,4,0,0,24576,6,2845471164
6596,36905460,49154141,86059601,2,0,1,11776,1,2258340771
6597,36909650,27337489,64247139,7,0,0,4608,7,2132891169
6598,36910560,27912497,64823057,6,0,0,15872,2,7505577100
6599,36914240,49177692,86091932,3,0,1,14848,6,6519722287
6600,36915050,27773211,64688261,6,0,0,38912,2,4886053456
6601,36919210,27417436,64336646,5,0,0,8192,10,6149430540
6602,36925160,27460776,64385936,2,0,0,16384,1,3951640057
6603,36926210,49185453,86111663,3,0,1,4096,6,929979448
6604,36926290,28081504,65007794,2,0,0,48640,1,9716741768
6605,36926810,27593407,64520217,9,0,0,9216,7,6791299683
6606,36930760,27745622,64676382,8,0,0,20480,9,5542022194
6607,36932640,49179279,86111919,4,0,1,9216,6,1192232845
6608,36935470,49223390,86158860,7,0,1,9728,7,895730527
6609,36940400,28073844,65014244,1,0,0,2048,19,2657886105
6610,36945780,49252786,86198566,5,0,1,7680,10,1052002832
6611,36947990,27751682,64699672,5,0,0,37376,10,9552237570
6612,36954591,27575190,64529781,0,0,0,21504,10,8421825822
6613,36960230,49238359,86198589,4,0,1,2560,6,4193855424
6614,36964231,27664040,64628271,0,0,0,15360,10,919201589
6615,36968070,49230542,86198612,3,0,1,4096,6,3976982034
6616,36969459,27782826,64752285,4,0,0,1024,6,2772930863
6617,36975609,27633342,64608951,4,0,0,39424,6,9604733422
6618,36980370,27837649,64818019,2,0,0,16384,1,10611230786
6619,36983160,27991595,64974755,5,0,0,65024,10,6230827067
6620,36983690,27634355,64618045,9,0,0,2560,7,1486193086
6621,36983870,49310619,86294489,5,0,1,1024,10,6545435476
6622,36987990,27966907,64954897,8,0,0,14336,9,5865514268
6623,36989140,27796139,64785279,7,0,0,23040,7,8629495921
6624,36994661,27815378,64810039,0,0,0,45568,10,3727833806
6625,36996139,49298373,86294512,8,0,1,4608,9,8564778258
6626,36999120,27750008,64749128,8,0,0,5632,9,5438984499
6627,37000870,27664888,64665758,2,0,0,4096,1,3420557582
6628,37016440,49278095,86294535,0,0,1,9216,10,7795348666
6629,37025750,28174203,65199953,8,0,0,15360,9,6101617811
6630,37031910,49262648,86294558,7,0,1,5120,7,9078386222
6631,37036869,27954811,64991680,4,0,0,21504,6,10179160145
6632,37039021,49640116,86679137,1,0,1,80896,19,8201138757
6633,37041790,27904545,64946335,8,0,0,25600,9,7603609315
6634,37054570,28049970,65104540,9,0,0,21504,7,6113069449
6635,37055700,49646991,86702691,0,0,1,1024,10,3393452561
6636,37057059,28023157,65080216,3,0,0,41472,6,10576358983
6637,37069639,28252759,65322398,3,0,0,16384,6,5063830355
6638,37071269,27975671,65046940,3,0,0,10752,6,39635113
6639,37072640,28056609,65129249,9,0,0,18944,7,1859822441
6640,37072870,27877567,64950437,2,0,0,13312,1,5268899230
6641,37074299,28082528,65156827,3,0,0,70144,6,4367150824
6642,37075240,27938357,65013597,1,0,0,18944,19,1370911175
6643,37076810,27899224,64976034,9,0,0,4096,7,1508020812
6644,37085680,49618957,86704637,6,0,1,3072,2,3308431853
6645,37088470,27979087,65067557,9,0,0,18944,7,6856237616
6646,37092330,28324613,65416943,8,0,0,1024,9,7137294912
6647,37104310,27713888,64818198,9,0,0,512,7,4596048453
6648,37107090,27990875,65097965,9,0,0,17920,7,3529262640
6649,37107890,28205364,65313254,1,0,0,1024,19,6356331664
6650,37109849,27828663,64938512,3,0,0,2048,6,7731714557
6651,37120730,28317183,65437913,8,0,0,7680,9,3878419590
6652,37139930,28236528,65376458,8,0,0,53760,9,665272453
6653,37140961,28421584,65562545,0,0,0,24064,10,7297667640
6654,37151800,27841151,64992951,5,0,0,4096,10,2727597415
6655,37155899,28032185,65188084,3,0,0,22528,6,7308287404
6656,37156560,49551303,86707863,4,0,1,5120,6,9278689441
6657,37160870,49548619,86709489,7,0,1,2560,7,9705361815
6658,37162400,49547960,86710360,6,0,1,12288,2,4585964057
6659,37169240,28080176,65249416,8,0,0,2560,9,4500510389
6660,37171300,27937623,65108923,9,0,0,8704,7,6828843880
6661,37176860,28658421,65835281,6,0,0,28160,2,7203000238
6662,37179440,28551164,65730604,1,0,0,29696,19,4961044137
6663,37179480,49533786,86713266,9,0,1,4608,7,7299778579
6664,37180239,28234363,65414602,3,0,0,9216,6,683893927
6665,37180720,28130772,65311492,2,0,0,19456,1,9161928093
6666,37181410,28359541,65540951,8,0,0,27136,9,1906633616
6667,37182829,28122712,65305541,4,0,0,30208,6,5381680735
6668,37187940,28059762,65247702,6,0,0,52224,2,2837117429
6669,37194640,28072154,65266794,7,0,0,31744,7,9434162697
6670,37200690,28558196,65758886,9,0,0,11264,7,9535846298
6671,37208010,28151086,65359096,7,0,0,70144,7,7834674479
6672,37211930,28169566,65381496,2,0,0,8704,1,10222082210
6673,37212800,28306840,65519640,7,0,0,36864,7,4717839210
6674,37215810,49499402,86715212,9,0,1,3072,7,4229820981
6675,37215960,27864857,65080817,9,0,0,1536,7,3801188853
6676,37218270,28078044,65296314,9,0,0,37888,7,6210299365
6677,37221320,28268409,65489729,8,0,0,33280,9,37748261
6678,37221411,28164476,65385887,0,0,0,14336,10,7379805487
6679,37232220,28226014,65458234,8,0,0,11264,9,6062529931
6680,37232670,49491234,86723904,9,0,1,13824,7,9373887439
6681,37233521,28145300,65378821,0,0,0,7680,10,2126019800
6682,37243540,49534079,86777619,7,0,1,19968,7,6983944435
6683,37246370,28066549,65312919,7,0,0,4608,7,10427938347
6684,37251180,28203094,65454274,1,0,0,18432,19,3722032807
6685,37254360,28627629,65881989,8,0,0,4608,9,7025155020
6686,37254571,28105484,65360055,0,0,0,3072,10,8126707434
6687,37262170,49516435,86778605,9,0,1,1536,7,8840302448
6688,37267270,49512001,86779271,4,0,1,1024,6,9957665005
6689,37267780,28240605,65508385,9,0,0,6144,7,7990723146
6690,37270060,28236384,65506444,9,0,0,54784,7,6987623889
6691,37270860,49509397,86780257,3,0,1,1536,6,7762974745
6692,37273381,49736100,87009481,1,0,1,90112,19,162261669
6693,37282619,28679282,65961901,4,0,0,9216,6,8226280635
6694,37285730,49727385,87013115,5,0,1,12800,10,6901412217
6695,37297940,28230927,65528867,5,0,0,30208,10,8119600074
6696,37300570,28401974,65702544,9,0,0,5120,7,8862777415
6697,37314321,28580795,65895116,0,0,0,43008,10,9623812938
6698,37314669,49731436,87046105,8,0,1,4096,9,2317348087
6699,37314979,28440452,65755431,4,0,0,81408,6,540315925
6700,37321541,28440526,65762067,0,0,0,4096,10,10489270257
6701,37326629,28273404,65600033,3,0,0,8192,6,5380466834
6702,37327241,50298402,87625643,1,0,1,300032,19,2389631696
6703,37329180,28497498,65826678,7,0,0,68608,7,4828419267
6704,37331570,50332911,87664481,9,0,1,6656,7,7138822702
6705,37336230,28692062,66028292,1,0,0,22528,19,10573418078
6706,37339270,28541292,65880562,7,0,0,104960,7,5051607032
6707,37341660,28774125,66115785,5,0,0,139776,10,857013238
6708,37341730,28601131,65942861,6,0,0,9728,2,9207684723
6709,37344320,28708558,66052878,1,0,0,42496,19,2118972449
6710,37346110,50324183,87670293,4,0,1,9216,6,6082882578
6711,37348200,28673205,66021405,1,0,0,83456,19,2913319031
6712,37350799,28768285,66119084,3,0,0,10752,6,6402850620
6713,37351939,28844522,66196461,3,0,0,32256,6,4064394922
6714,37355579,28543460,65899039,4,0,0,12800,6,7587770343
6715,37363350,29013791,66377141,2,0,0,24576,1,9570957649
6716,37371020,28702154,66073174,6,0,0,2560,2,3473949848
6717,37371150,28701221,66072371,1,0,0,40448,19,2059197312
6718,37381200,28917347,66298547,9,0,0,9728,7,2194318968
6719,37391710,28318547,65710257,8,0,0,1536,9,2915765997
6720,37396440,28640611,66037051,7,0,0,28672,7,5102851097
6721,37400121,28435963,65836084,0,0,0,2560,10,3173311846
6722,37408830,29403950,66812780,9,0,0,70656,7,6734607436
6723,37415039,28802089,66217128,4,0,0,46080,6,6184554037
6724,37420070,28906872,66326942,8,0,0,41984,9,8918417966
6725,37421550,28710694,66132244,1,0,0,5632,19,10216797815
6726,37427640,50248862,87676502,4,0,1,21504,6,5046121803
6727,37428670,50285964,87714634,4,0,1,7680,6,9277418910
6728,37429119,28545818,65974937,3,0,0,34304,6,2962902750
6729,37432899,29074664,66507563,4,0,0,53248,6,10358222403
6730,37440120,50761327,88201447,2,0,1,307200,1,4653186398
6731,37443540,28867251,66310791,6,0,0,21504,2,5092252289
6732,37447259,28782907,66230166,3,0,0,2048,6,9127668039
6733,37449880,29065974,66515854,1,0,0,27136,19,4987371098
6734,37457900,28472345,65930245,1,0,0,6144,19,2568338374
6735,37461930,28968350,66430280,7,0,0,48640,7,1012184527
6736,37466840,28817066,66283906,7,0,0,75264,7,7438970066
6737,37474550,28645813,66120363,9,0,0,4096,7,5828623171
6738,37483981,28511973,65995954,0,0,0,26624,10,9599442655
6739,37487319,28633535,66120854,4,0,0,1536,6,5697232845
6740,37489700,28462941,65952641,2,0,0,7168,1,8289034936
6741,37492010,28654023,66146033,7,0,0,18944,7,8944722553
6742,37495889,28765062,66260951,3,0,0,16896,6,8591416165
6743,37496860,28561189,66058049,8,0,0,16896,9,25477139
6744,37498369,28836520,66334889,3,0,0,21504,6,9337379733
6745,37522130,50725012,88247142,7,0,1,32768,7,5178016148
6746,37523500,28714583,66238083,5,0,0,9728,10,7389556128
6747,37533081,29030753,66563834,0,0,0,46080,10,4438552862
6748,37533951,28816680,66350631,0,0,0,48128,10,9014152387
6749,37541111,29068971,66610082,0,0,0,71680,10,5792567249
6750,37555349,50691816,88247165,8,0,1,8704,9,8713523720
6751,37566860,50685723,88252583,4,0,1,512,6,8198745811
6752,37568990,28846447,66415437,9,0,0,37888,7,9658537154
6753,37571269,28867614,66438883,3,0,0,28160,6,2156590998
6754,37572189,28871145,66443334,3,0,0,13824,6,49502512
6755,37572340,29131361,66703701,5,0,0,15360,10,10349124681
6756,37583580,50671589,88255169,7,0,1,4096,7,9897108421
6757,37596109,28704394,66300503,3,0,0,1024,6,579977825
6758,37599890,28438768,66038658,6,0,0,5120,2,6510003726
6759,37612370,50939695,88552065,2,0,1,305152,1,6175087527
6760,37614441,28935330,66549771,0,0,0,2048,10,9072236193
6761,37626201,51073898,88700099,1,0,1,124416,19,5634554892
6762,37626280,28943817,66570097,5,0,0,20480,10,850146490
6763,37631731,51068391,88700122,1,0,1,8192,19,10684916228
6764,37632589,29291493,66924082,3,0,0,13312,6,4549395298
6765,37634300,29117108,66751408,5,0,0,58880,10,284129133
6766,37638171,29123088,66761259,0,0,0,32256,10,6527836398
6767,37639930,29189478,66829408,9,0,0,25600,7,2861061776
6768,37640860,28892847,66533707,5,0,0,31232,10,10118343037
6769,37644580,28943639,66588219,5,0,0,7168,10,4926215487
6770,37668681,28615724,66284405,0,0,0,1536,10,2402053145
6771,37670100,51061556,88731656,0,0,1,50176,10,1888814088
6772,37670770,51589501,89260271,2,0,1,527872,1,5687354145
6773,37674610,51589144,89263754,4,0,1,8704,6,3581633878
6774,37676769,29482214,67158983,3,0,0,132608,6,2500112800
6775,37685010,29077372,66762382,8,0,0,3584,9,3923058774
6776,37688809,28994254,66683063,3,0,0,27136,6,313401320
6777,37703980,29161313,66865293,1,0,0,8704,19,5003216588
6778,37704631,28866901,66571532,0,0,0,4608,10,5367843125
6779,37718240,28980758,66698998,5,0,0,52224,10,10233333898
6780,37719890,28905838,66625728,5,0,0,33280,10,1739100246
6781,37730001,28744112,66474113,0,0,0,17408,10,292548836
6782,37738791,29150059,66888850,0,0,0,33792,10,6806491728
6783,37745439,51520132,89265571,8,0,1,8192,9,8035108685
6784,37753190,28770978,66524168,2,0,0,13824,1,554185297
6785,37754320,29062227,66816547,6,0,0,12288,2,385289138
6786,37759390,28856175,66615565,9,0,0,17920,7,8869177779
6787,37766050,28886111,66652161,7,0,0,13312,7,400258822
6788,37777570,28858452,66636022,5,0,0,8704,10,1002446985
6789,37781990,29390665,67172655,6,0,0,17408,2,2826826321
6790,37784280,28922564,66706844,9,0,0,10240,7,8805894938
6791,37794299,28725634,66519933,4,0,0,13312,6,9744559868
6792,37798530,51475554,89274084,3,0,1,14336,6,5379616074
6793,37804310,28983620,66787930,7,0,0,26112,7,37247108
6794,37805730,28927715,66733445,2,0,0,15872,1,1635621563
6795,37810490,29091978,66902468,2,0,0,37376,1,5271553972
6796,37816440,29480540,67296980,9,0,0,24576,7,3844156050
6797,37818780,51456930,89275710,4,0,1,2560,6,3221359285
6798,37823681,28997881,66821562,0,0,0,16384,10,7187567339
6799,37828370,29407809,67236179,9,0,0,33280,7,9247672501
6800,37839059,29539506,67378565,3,0,0,91136,6,8423476377
6801,37850270,28940959,66791229,5,0,0,10752,10,804077333
6802,37852790,29231715,67084505,8,0,0,91136,9,9830572196
6803,37855570,28873016,66728586,5,0,0,13312,10,4745896739
6804,37861390,29096975,66958365,8,0,0,1536,9,8059702690
6805,37866020,28996598,66862618,8,0,0,34304,9,3737363327
6806,37870670,29247886,67118556,7,0,0,11776,7,1161740155
6807,37870721,29293300,67164021,0,0,0,12800,10,3107618030
6808,37875660,29015397,66891057,2,0,0,7168,1,3911114443
6809,37887011,51393346,89280357,1,0,1,16896,19,3620131442
6810,37890801,29276519,67167320,0,0,0,10752,10,4967637588
6811,37891049,28939006,66830055,4,0,0,2048,6,6224670122
6812,37896170,29306056,67202226,9,0,0,10752,7,3207445220
6813,37903379,29000360,66903739,3,0,0,4096,6,6108738013
6814,37909980,29187831,67097811,6,0,0,30720,2,5364086373
6815,37915660,28992612,66908272,2,0,0,1536,1,6927247755
6816,37917011,29075401,66992412,0,0,0,18944,10,8507805650
6817,37921020,51360003,89281023,0,0,1,1024,10,2686339790
6818,37924190,51379738,89303928,3,0,1,23552,6,2018737806
6819,37924220,51380245,89304465,3,0,1,13312,6,3045613214
6820,37931420,29384083,67315503,7,0,0,23040,7,8015823991
6821,37940171,29074793,67014964,0,0,0,16896,10,4102222779
6822,37943329,29216769,67160098,3,0,0,3584,6,4570634771
6823,37966490,29340988,67307478,2,0,0,33792,1,939329524
6824,37973540,51336860,89310400,3,0,1,17920,6,5622250072
6825,37977250,29199024,67176274,9,0,0,11776,7,10487352798
6826,37985020,29043543,67028563,9,0,0,9728,7,6242778926
6827,37988340,29407811,67396151,8,0,0,1536,9,6175105992
6828,37989290,29265345,67254635,5,0,0,38400,10,2763242196
6829,37991169,29337537,67328706,3,0,0,5632,6,9083057155
6830,37994780,29093648,67088428,8,0,0,12800,9,394551179
6831,38006240,28980071,66986311,7,0,0,1536,7,746511401
6832,38010180,29543999,67554179,5,0,0,13824,10,6596133822
6833,38011800,29277669,67289469,2,0,0,114176,1,5787787455
6834,38013240,29307769,67321009,2,0,0,17920,1,8401798137
6835,38016850,51298167,89315017,7,0,1,3072,7,812105958
6836,38018600,29551982,67570582,6,0,0,53760,2,71641982
6837,38018661,29461868,67480529,0,0,0,5120,10,99522258
6838,38022100,29320570,67342670,9,0,0,39936,7,3936328167
6839,38024209,29430082,67454291,3,0,0,51200,6,5520822466
6840,38032510,29511730,67544240,7,0,0,27648,7,10389293251
6841,38034060,29346382,67380442,5,0,0,5632,10,6019327427
6842,38041269,29267168,67308437,3,0,0,3072,6,4493266318
6843,38043309,51281185,89324494,8,0,1,16384,9,1825150137
6844,38052309,29647688,67699997,4,0,0,82944,6,6726007633
6845,38068240,51277082,89345322,7,0,1,9216,7,6329799949
6846,38073970,29223189,67297159,9,0,0,512,7,4805299329
6847,38081500,51264812,89346312,9,0,1,3584,7,616840715
6848,38086300,29235246,67321546,5,0,0,1536,10,4828188234
6849,38088460,29549825,67638285,8,0,0,4096,9,1748878755
6850,38095880,29487829,67583709,7,0,0,43008,7,5056820077
6851,38100830,29664339,67765169,5,0,0,15872,10,9684101542
6852,38124629,51221706,89346335,8,0,1,8704,9,8449597823
6853,38128549,29650033,67778582,4,0,0,27136,6,10676016346
6854,38137310,51211219,89348529,6,0,1,4096,2,1541947379
6855,38141890,51955169,90097059,2,0,1,729088,1,4515922253
6856,38146159,29490044,67636203,4,0,0,3584,6,5590622680
6857,38155790,51966494,90122284,4,0,1,14848,6,3919394022
6858,38173820,29461268,67635088,2,0,0,31744,1,6280924175
6859,38179440,30031365,68210805,9,0,0,2048,7,4005946954
6860,38181461,29479003,67660464,0,0,0,5120,10,6568774787
6861,38185210,51937097,90122307,4,0,1,3584,6,8058135141
6862,38187180,51935150,90122330,3,0,1,4096,6,4879157234
6863,38187729,29457999,67645728,4,0,0,7168,6,4683388294
6864,38204389,29798589,68002978,3,0,0,17408,6,552598576
6865,38212260,29424754,67637014,5,0,0,2560,10,8966366707
6866,38213319,29595209,67808528,3,0,0,56832,6,8680790759
6867,38216980,51982340,90199320,2,0,1,111616,1,977309572
6868,38239020,29861157,68100177,2,0,0,49664,1,1551758319
6869,38240480,29757171,67997651,5,0,0,24576,10,3747870940
6870,38243660,29408341,67652001,7,0,0,9728,7,505200395
6871,38254760,29680940,67935700,5,0,0,8704,10,594378758
6872,38256309,51944957,90201266,8,0,1,3072,9,2336951048
6873,38256490,29594345,67850835,6,0,0,13824,2,373828647
6874,38258511,29366836,67625347,0,0,0,45568,10,871007286
6875,38260971,29450256,67711227,0,0,0,7680,10,6876122777
6876,38262600,29974605,68237205,9,0,0,56320,7,7473648398
6877,38266591,29478428,67745019,0,0,0,21504,10,656085497
6878,38267060,29990003,68257063,2,0,0,22528,1,3159858723
6879,38279160,51924692,90203852,9,0,1,4096,7,548719012
6880,38279810,51943369,90223179,5,0,1,1536,10,5395791592
6881,38281420,29550148,67831568,9,0,0,18432,7,4963392973
6882,38281780,29422140,67703920,9,0,0,12800,7,6797754012
6883,38292000,29834375,68126375,5,0,0,19968,10,5680081147
6884,38302180,51923585,90225765,5,0,1,4096,10,3710322924
6885,38317499,29293872,67611371,4,0,0,25088,6,1783643840
6886,38318920,29657629,67976549,1,0,0,24576,19,2073781672
6887,38321170,29185556,67506726,9,0,0,6144,7,6891325705
6888,38328410,29676836,68005246,9,0,0,4096,7,10457657678
6889,38332560,29563453,67896013,5,0,0,38400,10,8653939826
6890,38332930,51893194,90226124,3,0,1,9728,6,5211576512
6891,38333870,29374932,67708802,6,0,0,15872,2,6271236566
6892,38335909,29871886,68207795,4,0,0,38400,6,8807868592
6893,38342140,51903145,90245285,9,0,1,1024,7,2698485704
6894,38344150,51904041,90248191,4,0,1,4608,6,8469330137
6895,38346580,30020334,68366914,2,0,0,7168,1,8156593496
6896,38349349,29760113,68109462,3,0,0,8704,6,8215277982
6897,38353340,29467984,67821324,7,0,0,13312,7,3108628160
6898,38365970,29415623,67781593,5,0,0,8704,10,4133593448
6899,38371180,29925884,68297064,9,0,0,25600,7,3032434995
6900,38372110,52093504,90465614,2,0,1,209408,1,7405743003
6901,38374821,29875355,68250176,0,0,0,42496,10,4524994428
6902,38381160,29502524,67883684,6,0,0,28160,2,7393055960
6903,38386969,29627399,68014368,3,0,0,5120,6,6082989085
6904,38390671,29630942,68021613,0,0,0,23552,10,10282526431
6905,38391410,30031929,68423339,5,0,0,2048,10,5475325454
6906,38393960,29785448,68179408,6,0,0,4608,2,8823531497
6907,38396750,52070490,90467240,0,0,1,2560,10,5002919673
6908,38403350,29806808,68210158,2,0,0,7680,1,8387753441
6909,38407380,29990611,68397991,9,0,0,512,7,8446673321
6910,38413690,52057138,90470828,0,0,1,5120,10,8264522588
6911,38413720,29599065,68012785,6,0,0,23040,2,8126934634
6912,38416290,29374899,67791189,5,0,0,10752,10,9552797990
6913,38428190,30037578,68465768,2,0,0,19456,1,8037654601
6914,38429380,30147684,68577064,8,0,0,20480,9,2964608345
6915,38432519,30093906,68526425,4,0,0,31744,6,1224069882
6916,38436480,30318119,68754599,9,0,0,39936,7,5549908643
6917,38439009,29738972,68177981,3,0,0,11776,6,9968413464
6918,38441090,29614178,68055268,8,0,0,19968,9,4083680321
6919,38446080,29918627,68364707,1,0,0,22016,19,3614145851
6920,38455059,29851204,68306263,4,0,0,9216,6,5279109035
6921,38462440,52011892,90474332,3,0,1,6144,6,2344787955
6922,38473731,30022018,68495749,0,0,0,7680,10,9955080618
6923,38479679,29660062,68139741,4,0,0,3072,6,3385737979
6924,38483760,30066630,68550390,6,0,0,20480,2,5521696270
6925,38488850,29575926,68064776,7,0,0,19968,7,8375405449
6926,38489299,29799942,68289241,3,0,0,31232,6,2665904218
6927,38489500,51996996,90486496,7,0,1,13824,7,5540463763
6928,38495490,29766969,68262459,7,0,0,15872,7,8691808701
6929,38496960,30073841,68570801,8,0,0,8704,9,9876955572
6930,38510051,30421261,68931312,0,0,0,14848,10,8007874760
6931,38510160,29836671,68346831,5,0,0,12288,10,4926806226
6932,38520889,29643342,68164231,4,0,0,23552,6,6316249400
6933,38522129,29820935,68343064,3,0,0,47104,6,8515509705
6934,38533310,51975041,90508351,7,0,1,1536,7,4644291853
6935,38535290,29822484,68357774,2,0,0,35840,1,9876286187
6936,38550630,30576378,69127008,7,0,0,26624,7,5316339373
6937,38552890,51955820,90508710,2,0,1,9728,1,5309038032
6938,38553841,30960646,69514487,0,0,0,119296,10,22752324
6939,38558640,51960666,90519306,6,0,1,9728,2,3346460053
6940,38559259,30824806,69384065,4,0,0,15360,6,2150708683
6941,38564060,51955269,90519329,3,0,1,3584,6,7866487451
6942,38573219,29908533,68481752,3,0,0,21504,6,7584282707
6943,38584880,30036476,68621356,2,0,0,22016,1,9087105504
6944,38588380,51930972,90519352,5,0,1,9728,10,719562746
6945,38591790,30054260,68646050,6,0,0,3584,2,3063702298
6946,38591920,30192396,68784316,7,0,0,20992,7,3304133093
6947,38593350,30385608,68978958,2,0,0,39424,1,8074112438
6948,38603310,51952165,90555475,4,0,1,7168,6,9672308322
6949,38604021,30060084,68664105,0,0,0,13312,10,9638665968
6950,38614359,51945648,90560007,8,0,1,7168,9,2366442869
6951,38631670,30126852,68758522,9,0,0,12800,7,8613680129
6952,38633989,30213743,68847732,3,0,0,3072,6,9314410997
6953,38639689,29718287,68357976,3,0,0,512,6,8214845276
6954,38643791,29613763,68257554,0,0,0,1536,10,3418774363
6955,38652750,29464212,68116962,7,0,0,3072,7,10207111337
6956,38652850,51914889,90567739,0,0,1,12288,10,9525004174
6957,38655720,51914631,90570351,0,0,1,14336,10,1503710442
6958,38657009,31067167,69724176,4,0,0,3584,6,10686248403
6959,38660880,29616842,68277722,6,0,0,9728,2,4725221759
6960,38671640,51910110,90581750,2,0,1,2560,1,9424427178
6961,38675950,29716432,68392382,2,0,0,2560,1,545735066
6962,38682040,29823171,68505211,2,0,0,10752,1,4189856892
6963,38689400,30639308,69328708,8,0,0,48640,9,5112519428
6964,38698999,29945936,68644935,4,0,0,77312,6,2621584896
6965,38704230,51877543,90581773,6,0,1,12288,2,8932042356
6966,38708511,29835616,68544127,0,0,0,22528,10,4109554024
6967,38721660,30383557,69105217,6,0,0,53248,2,4272457651
6968,38726860,30951902,69678762,5,0,0,22016,10,1578279130
6969,38727020,29872785,68599805,9,0,0,22016,7,3809628354
6970,38727690,51854106,90581796,5,0,1,15872,10,9552394663
6971,38727970,51858084,90586054,9,0,1,2560,7,3125213983
6972,38734529,29925428,68659957,4,0,0,45568,6,10591692605
6973,38740680,29984156,68724836,8,0,0,17408,9,3660444230
6974,38745011,29808077,68553088,0,0,0,3072,10,6033825646
6975,38745340,30032549,68777889,2,0,0,63488,1,9132628840
6976,38745780,51840297,90586077,7,0,1,15872,7,6123207940
6977,38748700,51837416,90586116,2,0,1,6656,1,3472399804
6978,38749689,30794098,69543787,4,0,0,17408,6,525194498
6979,38757730,51847464,90605194,5,0,1,10240,10,1859329536
6980,38766010,29682618,68448628,2,0,0,8192,1,8465474250
6981,38778319,30014579,68792898,3,0,0,3584,6,273653637
6982,38781170,30103194,68884364,8,0,0,17920,9,7711889579
6983,38783319,51821898,90605217,8,0,1,6656,9,1168317306
6984,38790770,30856071,69646841,2,0,0,36352,1,6654107634
6985,38801901,30031128,68833029,0,0,0,12800,10,10294649131
6986,38828350,29723779,68552129,9,0,0,5632,7,6248136330
6987,38828370,51797155,90625525,2,0,1,5632,1,8726926660
6988,38838560,30952812,69791372,6,0,0,17408,2,4624205520
6989,38838690,31198013,70036703,2,0,0,52224,1,1139776773
6990,38838881,30120174,68959055,0,0,0,14336,10,7911665403
6991,38843490,29875727,68719217,6,0,0,22016,2,4769166590
6992,38844360,30169831,69014191,8,0,0,1024,9,3742352141
6993,38848529,30510627,69359156,4,0,0,60416,6,5007543273
6994,38850730,30375940,69226670,7,0,0,50176,7,6356831873
6995,38852000,29938134,68790134,6,0,0,8704,2,840001938
6996,38852930,51774479,90627409,0,0,1,18432,10,6370098708
6997,38853460,30920527,69773987,7,0,0,54272,7,8744678626
6998,38857500,29941997,68799497,8,0,0,9728,9,862471621
6999,38857580,51772735,90630315,3,0,1,4608,6,8289157608
7000,38858220,30996407,69854627,7,0,0,7680,7,1849686277
7001,38861379,30016969,68878348,3,0,0,11264,6,9773051939
7002,38862541,29924918,68787459,0,0,0,10240,10,10315169165
7003,38866520,29957415,68823935,9,0,0,19456,7,10140287632
7004,38870050,51788818,90658868,4,0,1,5120,6,5433895637
7005,38870750,30989204,69859954,7,0,0,17408,7,2217956804
7006,38880290,30306557,69186847,6,0,0,93184,2,8896258966
7007,38880380,30359261,69239641,8,0,0,42496,9,2249646350
7008,38881870,51822510,90704380,0,0,1,25600,10,7881259077
7009,38894750,30511812,69406562,9,0,0,8192,7,3045786361
7010,38897731,30296806,69194537,0,0,0,17408,10,7137031865
7011,38903670,30767904,69671574,7,0,0,28672,7,8629494728
7012,38908810,29920296,68829106,8,0,0,16896,9,5894070534
7013,38913669,51795718,90709387,8,0,1,13312,9,10224153587
7014,38916950,30078369,68995319,6,0,0,22016,2,6959300779
7015,38918540,29995740,68914280,6,0,0,10240,2,10646950047
7016,38924670,31295536,70220206,9,0,0,27648,7,786217211
7017,38928280,51790232,90718512,6,0,1,2560,2,349456760
7018,38928740,30474690,69403430,9,0,0,28160,7,8704146361
7019,38929260,30348980,69278240,7,0,0,1536,7,660600819
7020,38933169,30080687,69013856,3,0,0,5632,6,3101715334
7021,38947220,30294160,69241380,6,0,0,5632,2,6285332177
7022,38948530,30087838,69036368,5,0,0,24064,10,4668918106
7023,38951410,30117811,69069221,5,0,0,4096,10,3412890780
7024,38953389,30585071,69538460,4,0,0,56832,6,3880340194
7025,38962600,31453959,70416559,8,0,0,22016,9,2253838830
7026,38963650,30722471,69686121,2,0,0,8704,1,1333793242
7027,38972711,31023456,69996167,0,0,0,55296,10,8509189043
7028,38973010,30112618,69085628,7,0,0,17408,7,9908770650
7029,38974530,30137730,69112260,6,0,0,23040,2,2219547509
7030,38976531,30383116,69359647,0,0,0,1536,10,3730632077
7031,38979470,51739065,90718535,7,0,1,1024,7,5015633036
7032,38983559,51734999,90718558,8,0,1,3584,9,122973189
7033,38992910,51728091,90721001,6,0,1,13824,2,5153610375
7034,38997969,30843664,69841633,4,0,0,98304,6,5950857684
7035,38998400,51724867,90723267,7,0,1,3584,7,7189732271
7036,39003459,30011918,69015377,4,0,0,1024,6,2691842722
7037,39013090,30036004,69049094,6,0,0,2560,2,9645940126
7038,39031300,31341385,70372685,6,0,0,42496,2,10667971862
7039,39034920,51688808,90723728,5,0,1,10240,10,7458134505
7040,39038690,31335110,70373800,6,0,0,3584,2,7062815744
7041,39041530,31170229,70211759,6,0,0,59904,2,9984117693
7042,39050579,30261868,69312447,4,0,0,30720,6,3798096951
7043,39057190,31527634,70584824,7,0,0,48128,7,6092187674
7044,39057681,31467902,70525583,0,0,0,114688,10,2825782440
7045,39080740,51691634,90772374,7,0,1,15360,7,4986316904
7046,39098670,51675970,90774640,5,0,1,3584,10,8810811403
7047,39107889,30815633,69923522,4,0,0,14848,6,40561981
7048,39112360,30437649,69550009,7,0,0,19968,7,9581727587
7049,39117590,51659636,90777226,7,0,1,4096,7,8863131921
7050,39123480,31525193,70648673,8,0,0,71680,9,9438945141
7051,39127100,31563730,70690830,8,0,0,25600,9,446899405
7052,39128920,31650959,70779879,5,0,0,52224,10,10107413883
7053,39138880,52068496,91207376,0,0,1,76288,10,7347291324
7054,39139099,30461541,69600640,4,0,0,10240,6,6926669216
7055,39144550,30194422,69338972,9,0,0,14848,7,9977287221
7056,39153599,30474821,69628420,3,0,0,7168,6,8788003515
7057,39164390,52100982,91265372,7,0,1,1536,7,8155044585
7058,39165610,31487945,70653555,7,0,0,15872,7,6396336099
7059,39171750,30425747,69597497,2,0,0,34304,1,3557891413
7060,39180321,30611854,69792175,0,0,0,2560,10,10644980463
7061,39187871,30001339,69189210,0,0,0,7680,10,10309282449
7062,39188011,31494988,70682999,0,0,0,72704,10,10057165887
7063,39197480,52072398,91269878,5,0,1,7168,10,7392617813
7064,39203161,30510490,69713651,0,0,0,17408,10,3764263813
7065,39212070,52061354,91273424,5,0,1,5632,10,1995735637
7066,39219660,52061816,91281476,3,0,1,12800,6,6580038353
7067,39220820,31026785,70247605,6,0,0,12288,2,980820147
7068,39222609,52060250,91282859,8,0,1,14848,9,6735522263
7069,39228910,52455056,91683966,0,0,1,141824,10,1675395965
7070,39229631,31591535,70821166,0,0,0,12288,10,10492389881
7071,39239550,52446042,91685592,4,0,1,2560,6,1250301822
7072,39241140,30225914,69467054,9,0,0,35840,7,5426399275
7073,39251870,30827556,70079426,6,0,0,17408,2,5183516468
7074,39252210,52459275,91711485,9,0,1,1024,7,5994828074
7075,39259319,31812641,71071960,4,0,0,37888,6,7328504786
7076,39262499,31537180,70799679,3,0,0,7680,6,378499033
7077,39272729,30351978,69624707,4,0,0,34816,6,900377093
7078,39287570,30163395,69450965,5,0,0,2048,10,4994314345
7079,39289211,30317831,69607042,0,0,0,8704,10,4949903761
7080,39312789,29928816,69241605,3,0,0,512,6,6087186587
7081,39315930,31211883,70527813,5,0,0,512,10,10021087455
7082,39320951,30108526,69429477,0,0,0,20480,10,1502548322
7083,39322250,30463795,69786045,9,0,0,19968,7,3059706183
7084,39336750,30024324,69361074,9,0,0,4608,7,6761448622
7085,39351580,52359928,91711508,0,0,1,26112,10,1071999117
7086,39357180,52381292,91738472,5,0,1,7680,10,3002545327
7087,39358420,30291587,69650007,2,0,0,10240,1,10376636820
7088,39371410,30547565,69918975,7,0,0,83968,7,6470268127
7089,39374311,30276343,69650654,0,0,0,2048,10,3956773159
7090,39375889,30489236,69865125,4,0,0,16896,6,8248481449
7091,39382530,30397408,69779938,6,0,0,19456,2,6448499037
7092,39392219,30414794,69807013,4,0,0,29696,6,9511406228
7093,39397550,30120392,69517942,6,0,0,11264,2,8710960574
7094,39399120,30731137,70130257,5,0,0,21504,10,9932287322
7095,39401790,30166404,69568194,5,0,0,9216,10,1530258122
7096,39407881,31577983,70985864,0,0,0,9216,10,1019403187
7097,39409361,31245777,70655138,0,0,0,5120,10,1903646704
7098,39409831,31306275,70716106,0,0,0,2560,10,819237901
7099,39421520,52339859,91761379,3,0,1,3072,6,8546373705
7100,39424049,52338316,91762365,8,0,1,1536,9,3202011657
7101,39425171,31908401,71333572,0,0,0,14848,10,6080218886
7102,39433141,30364801,69797942,0,0,0,13312,10,10354519360
7103,39434160,30497420,69931580,9,0,0,7168,7,4347547716
7104,39434409,30578456,70012865,4,0,0,13312,6,7178393977
7105,39439131,30413133,69852264,0,0,0,34816,10,2091965423
7106,39441940,31801888,71243828,5,0,0,14336,10,6158849812
7107,39444901,30285286,69730187,0,0,0,6144,10,8153354150
7108,39446010,30572523,70018533,5,0,0,16384,10,5300757469
7109,39448810,31648786,71097596,7,0,0,34304,7,10507461850
7110,39450430,30426909,69877339,8,0,0,9728,9,9199394930
7111,39453830,52308881,91762711,5,0,1,512,10,7986214227
7112,39454529,31784908,71239437,3,0,0,93696,6,566189867
7113,39461320,30515807,69977127,6,0,0,11776,2,5077653828
7114,39461419,30948386,70409805,4,0,0,54784,6,1822222371
7115,39469220,30625171,70094391,2,0,0,37376,1,10235780048
7116,39473469,30490976,69964445,4,0,0,20480,6,1674045101
7117,39474430,30700968,70175398,8,0,0,33792,9,7980941102
7118,39476510,52288467,91764977,7,0,1,3584,7,7437433583
7119,39476620,31683514,71160134,6,0,0,8192,2,8229072131
7120,39495760,30860704,70356464,9,0,0,2048,7,6667552343
7121,39496470,30624693,70121163,2,0,0,14336,1,318372332
7122,39497279,30640691,70137970,4,0,0,5120,6,1979056768
7123,39505990,30773932,70279922,6,0,0,12800,2,7506664519
7124,39516480,53155235,92671715,0,0,1,322560,10,8741197394
7125,39516650,30456866,69973516,8,0,0,29696,9,7249263472
7126,39552460,30571222,70123682,8,0,0,8192,9,8901422145
7127,39560080,30579965,70140045,7,0,0,4608,7,10496039930
7128,39564510,53206158,92770668,5,0,1,55808,10,6067303222
7129,39567300,30783034,70350334,8,0,0,27136,9,10430103321
7130,39571879,31912632,71484511,4,0,0,56320,6,8962715589
7131,39578220,30296132,69874352,6,0,0,30208,2,2060427881
7132,39597480,30674658,70272138,2,0,0,18944,1,8496757894
7133,39612979,31001643,70614622,4,0,0,9216,6,995808378
7134,39617641,30850009,70467650,0,0,0,36864,10,9770429997
7135,39636450,53137764,92774214,6,0,1,5632,2,4581554295
7136,39636720,53239257,92875977,0,0,1,75776,10,242559663
7137,39640049,31827279,71467328,4,0,0,54272,6,7278591581
7138,39646820,30923317,70570137,1,0,0,26112,19,3128235381
7139,39648210,31865363,71513573,6,0,0,17408,2,10281285895
7140,39649750,30662254,70312004,5,0,0,1024,10,31931736
7141,39653390,53222610,92876000,0,0,1,1024,10,7826095945
7142,39654531,31951677,71606208,0,0,0,2560,10,394114044
7143,39656160,30480204,70136364,7,0,0,19968,7,10067611409
7144,39656960,30586878,70243838,2,0,0,15360,1,3409998144
7145,39665810,30636441,70302251,5,0,0,64512,10,7102163115
7146,39667879,53208144,92876023,8,0,1,4608,9,5651532095
7147,39669979,30672064,70342043,4,0,0,33792,6,6607412717
7148,39672919,32002102,71675021,3,0,0,5632,6,6300575499
7149,39676789,30436085,70112874,4,0,0,7168,6,611621231
7150,39679420,30421867,70101287,2,0,0,9728,1,9521369768
7151,39682200,53193846,92876046,3,0,1,4096,6,7964662967
7152,39685430,30411012,70096442,8,0,0,6656,9,1181346347
7153,39687939,30900683,70588622,4,0,0,12288,6,4018925632
7154,39692320,30835314,70527634,2,0,0,6656,1,2605855481
7155,39699379,30780715,70480094,4,0,0,37376,6,3633744894
7156,39710879,32096592,71807471,4,0,0,40960,6,5099065846
7157,39713020,30642797,70355817,8,0,0,17920,9,7152063089
7158,39714240,31828472,71542712,6,0,0,33792,2,10516050055
7159,39725800,31524150,71249950,6,0,0,8704,2,3245300223
7160,39741300,30569535,70310835,9,0,0,18432,7,1802692972
7161,39741430,30690383,70431813,8,0,0,31232,9,7938257002
7162,39744899,31145259,70890158,4,0,0,7168,6,7769007048
7163,39751130,53124939,92876069,6,0,1,1024,2,480863673
7164,39752939,31003847,70756786,4,0,0,23552,6,9088284738
7165,39772170,53118804,92890974,3,0,1,27648,6,2592846575
7166,39773820,31079434,70853254,5,0,0,23552,10,3740108495
7167,39784379,53143809,92928188,8,0,1,14848,9,9204233532
7168,39786209,30652216,70438425,3,0,0,8704,6,4504425451
7169,39794579,32256990,72051569,4,0,0,43008,6,135040026
7170,39807880,30412973,70220853,5,0,0,2048,10,3280622394
7171,39813500,32343495,72156995,9,0,0,43008,7,7607250663
7172,39814500,32147169,71961669,9,0,0,123392,7,4325177822
7173,39815150,53118280,92933430,4,0,1,3584,6,1727454924
7174,39823079,31512449,71335528,4,0,0,6144,6,9055667443
7175,39831550,31187074,71018624,5,0,0,44544,10,7760595838
7176,39837740,31775828,71613568,5,0,0,15872,10,1560618069
7177,39856180,30378734,70234914,2,0,0,7680,1,7130872447
7178,39858640,31746742,71605382,2,0,0,2560,1,9823288276
7179,39872090,30739701,70611791,8,0,0,42496,9,5423094974
7180,39872830,31027831,70900661,8,0,0,10240,9,400280216
7181,39878540,30719643,70598183,5,0,0,1024,10,7793154238
7182,39878890,31104143,70983033,2,0,0,41472,1,6403599915
7183,39879109,30778080,70657189,3,0,0,6656,6,10720523158
7184,39884869,30830008,70714877,4,0,0,78848,6,10386275219
7185,39887010,53078697,92965707,3,0,1,18944,6,1055953847
7186,39889400,53089452,92978852,2,0,1,12288,1,4582556594
7187,39894310,31092536,70986846,9,0,0,3072,7,9005002220
7188,39899391,31311475,71210866,0,0,0,33280,10,4754611117
7189,39911350,53095082,93006432,7,0,1,5120,7,1480632902
7190,39917310,30880006,70797316,8,0,0,51200,9,9833899774
7191,39918740,32394579,72313319,2,0,0,101888,1,3811664048
7192,39923260,31561586,71484846,9,0,0,1024,7,2084824589
7193,39929099,53079786,93008885,8,0,1,6656,9,2373978920
7194,39940120,31028827,70968947,7,0,0,21504,7,6048372137
7195,39940780,32532763,72473543,6,0,0,25600,2,9002712066
7196,39941450,30875903,70817353,7,0,0,45056,7,5807190879
7197,39964510,53134384,93098894,3,0,1,22528,6,4621264247
7198,39967379,53136397,93103776,8,0,1,25600,9,6954977655
7199,39971460,32163649,72135109,8,0,0,14848,9,9485030336
7200,39972659,31478110,71450769,3,0,0,29696,6,1589938639
7201,39976531,32772268,72748799,0,0,0,44544,10,9851282402
7202,39987520,30878376,70865896,9,0,0,38400,7,8120236602
7203,39988270,31796430,71784700,9,0,0,5632,7,9679984748
7204,39988881,30814721,70803602,0,0,0,12800,10,3606665638
7205,39996579,31115945,71112524,4,0,0,7680,6,3363057100
7206,39997619,30930095,70927714,4,0,0,13312,6,3512310562
7207,40006920,31098031,71104951,7,0,0,24064,7,3859127884
7208,40008531,32588942,72597473,0,0,0,12800,10,5328542203
7209,40010261,31588968,71599229,0,0,0,137216,10,8031110379
7210,40026050,30847825,70873875,9,0,0,26112,7,8168691577
7211,40028319,53085254,93113573,8,0,1,2048,9,4148634242
7212,40029590,31412108,71441698,8,0,0,48128,9,10480363050
7213,40029840,30874432,70904272,2,0,0,11776,1,7958643198
7214,40031981,30918755,70950736,0,0,0,2048,10,9262065463
7215,40035240,30744818,70780058,2,0,0,512,1,8125345435
7216,40050270,31600672,71650942,5,0,0,52224,10,1232638159
7217,40062260,31861790,71924050,9,0,0,38400,7,9368583218
7218,40063690,53049906,93113596,7,0,1,512,7,7243657916
7219,40064590,30905784,70970374,7,0,0,4608,7,8359926054
7220,40065690,53047929,93113619,9,0,1,4608,7,5181053988
7221,40067939,53046808,93114747,8,0,1,3584,9,8578167808
7222,40070720,31757709,71828429,2,0,0,36864,1,9739423157
7223,40075910,30999037,71074947,6,0,0,9728,2,750000521
7224,40080871,31731010,71811881,0,0,0,13824,10,10227659317
7225,40084790,30844195,70928985,8,0,0,4096,9,3543890319
7226,40085881,31049683,71135564,0,0,0,7680,10,303421890
7227,40087400,53468219,93555619,5,0,1,172544,10,1767053242
7228,40090200,53470565,93560765,0,0,1,8192,10,2005539682
7229,40092210,31874474,71966684,2,0,0,16384,1,5114787604
7230,40097680,31537296,71634976,7,0,0,45056,7,8870186145
7231,40101650,31519575,71621225,5,0,0,20480,10,2887084851
7232,40111140,31559663,71670803,5,0,0,5632,10,2477224507
7233,40111291,31194441,71305732,0,0,0,39424,10,5351027982
7234,40114540,31036656,71151196,5,0,0,22528,10,3187061519
7235,40121320,30902163,71023483,8,0,0,15872,9,6707779074
7236,40132630,31614753,71747383,6,0,0,111104,2,4020919171
7237,40136749,31467807,71604556,4,0,0,17408,6,1342866800
7238,40156590,30893112,71049702,6,0,0,27136,2,2871725982
7239,40184280,53432257,93616537,6,0,1,11776,2,7933900657
7240,40187650,31679015,71866665,9,0,0,14848,7,7866441775
7241,40192869,31913382,72106251,4,0,0,4096,6,6467659464
7242,40195420,31000251,71195671,5,0,0,11776,10,5772812615
7243,40196480,32849729,73046209,5,0,0,20992,10,3275895062
7244,40197430,31192332,71389762,7,0,0,1536,7,5152527625
7245,40198720,31565206,71763926,8,0,0,7168,9,10024759947
7246,40199520,30958095,71157615,5,0,0,20992,10,1127648941
7247,40201290,53418473,93619763,7,0,1,5120,7,2656524734
7248,40219879,31837352,72057231,3,0,0,4608,6,178910304
7249,40221920,31988801,72210721,5,0,0,16896,10,7686219620
7250,40223000,31063642,71286642,8,0,0,31232,9,671760012
7251,40227140,30851574,71078714,5,0,0,12288,10,9011862242
7252,40237700,30801601,71039301,2,0,0,2048,1,9189360789
7253,40244780,30806037,71050817,5,0,0,3584,10,631025507
7254,40250260,31970312,72220572,8,0,0,32256,9,1945984360
7255,40257140,31748987,72006127,9,0,0,20992,7,7977847453
7256,40267440,32273187,72540627,8,0,0,43008,9,6354344749
7257,40267869,31814258,72082127,3,0,0,28672,6,5519950701
7258,40270400,32592760,72863160,6,0,0,12288,2,10420723960
7259,40270860,32391332,72662192,7,0,0,19456,7,6470854571
7260,40272979,31380334,71653313,3,0,0,7680,6,8912610116
7261,40274291,31817531,72091822,0,0,0,31744,10,7934113212
7262,40283540,31477290,71760830,9,0,0,44032,7,2668272435
7263,40287420,31768384,72055804,7,0,0,13824,7,2754491879
7264,40310429,31895121,72205550,3,0,0,58880,6,7181540963
7265,40310890,31688810,71999700,7,0,0,51200,7,7031789936
7266,40323190,31994364,72317554,8,0,0,13824,9,5787399955
7267,40329190,32856116,73185306,9,0,0,24064,7,2297479395
7268,40335710,30909545,71245255,2,0,0,4608,1,719194967
7269,40335960,53291465,93627425,9,0,1,7168,7,9183347664
7270,40348140,31924604,72272744,2,0,0,1024,1,8129094606
7271,40349059,32443629,72792688,3,0,0,52736,6,7981431654
7272,40351310,31362198,71713508,8,0,0,17408,9,6467738043
7273,40371899,32051211,72423110,3,0,0,39936,6,3905100214
7274,40385110,31653332,72038442,2,0,0,63488,1,316997273
7275,40387510,53242181,93629691,4,0,1,3584,6,9505161886
7276,40394510,53280097,93674607,6,0,1,512,2,4010386715
7277,40402170,31144777,71546947,7,0,0,13824,7,4998256550
7278,40402751,31843967,72246718,0,0,0,24576,10,8993555646
7279,40408340,32854979,73263319,7,0,0,12800,7,6879848172
7280,40413780,31659588,72073368,7,0,0,25088,7,6348494890
7281,40425609,31080625,71506234,3,0,0,18432,6,4088453430
7282,40426000,31558077,71984077,7,0,0,34304,7,3141743312
7283,40426190,30901028,71327218,5,0,0,8704,10,3145223566
7284,40460270,53303588,93763858,5,0,1,99328,10,1368370696
7285,40466000,31507571,71973571,8,0,0,22528,9,3393244748
7286,40466950,53296931,93763881,9,0,1,512,7,6448954181
7287,40479110,31748155,72227265,7,0,0,8192,7,9962858835
7288,40485219,31065183,71550402,3,0,0,11264,6,8880457587
7289,40485470,32373923,72859393,9,0,0,22528,7,2920948074
7290,40508941,31657460,72166401,0,0,0,20480,10,6722110878
7291,40513270,32109751,72623021,9,0,0,14336,7,10204334281
7292,40513470,31614386,72127856,6,0,0,31232,2,2763723801
7293,40522650,31591736,72114386,2,0,0,26624,1,7254381763
7294,40526830,31538871,72065701,7,0,0,5120,7,1786726563
7295,40527150,31169950,71697100,8,0,0,43008,9,4588267870
7296,40529971,31709236,72239207,0,0,0,19968,10,7187658229
7297,40530539,31692084,72222623,3,0,0,6656,6,7589836901
7298,40531159,31637137,72168296,3,0,0,6144,6,2336701470
7299,40532510,53351250,93883760,5,0,1,49152,10,3010829723
7300,40537109,31823384,72360493,3,0,0,23552,6,2289174443
7301,40537600,32514560,73052160,7,0,0,19456,7,7667324872
7302,40537969,31859032,72397001,3,0,0,22528,6,6153184758
7303,40538670,53537162,94075832,5,0,1,104960,10,4400808899
7304,40546000,53529855,94075855,6,0,1,2048,2,7320234217
7305,40553169,31800125,72353294,4,0,0,76800,6,10026439302
7306,40561190,31254627,71815817,7,0,0,1536,7,1776531293
7307,40562490,32536523,73099013,1,0,0,7168,19,2346730958
7308,40569269,31261546,71830815,4,0,0,4608,6,2058341245
7309,40577130,31849925,72427055,8,0,0,4096,9,6222787092
7310,40588100,31257440,71845540,2,0,0,8704,1,8524190575
7311,40589880,53503025,94092905,4,0,1,4096,6,8337878805
7312,40596340,31413577,72009917,7,0,0,1536,7,8184796837
7313,40600400,31261718,71862118,2,0,0,19456,1,3690636175
7314,40601810,32414713,73016523,7,0,0,17408,7,5279253108
7315,40618420,53494834,94113254,9,0,1,4096,7,4724218452
7316,40625970,31492339,72118309,8,0,0,12800,9,59522654
7317,40628800,31200588,71829388,8,0,0,3072,9,8989700508
7318,40629509,32467297,73096806,3,0,0,9216,6,10729481447
7319,40632480,31431638,72064118,2,0,0,22528,1,7031162664
7320,40636480,31914622,72551102,1,0,0,34304,19,8434144751
7321,40638570,32914663,73553233,9,0,0,38400,7,5754441204
7322,40644101,32800502,73444603,0,0,0,71168,10,8345552844
7323,40644600,53468677,94113277,6,0,1,512,2,3079995394
7324,40654150,53459150,94113300,2,0,1,2560,1,9210044692
7325,40674290,53439033,94113323,3,0,1,13824,6,3237083460
7326,40675319,31193085,71868404,3,0,0,5632,6,8368719144
7327,40680449,31463419,72143868,4,0,0,28672,6,5345435991
7328,40686979,31415794,72102773,4,0,0,35840,6,8797109850
7329,40699540,53431347,94130887,7,0,1,11776,7,7583483234
7330,40707199,31423355,72130554,3,0,0,8704,6,8938261943
7331,40710519,53433370,94143889,8,0,1,7168,9,3182648995
7332,40715690,32284095,72999785,6,0,0,156160,2,1124372151
7333,40730710,31955159,72685869,5,0,0,54784,10,9018038607
7334,40742650,31362330,72104980,1,0,0,7168,19,7513511564
7335,40743350,31679939,72423289,2,0,0,512,1,4266036033
7336,40744910,31839942,72584852,8,0,0,6656,9,1279787403
7337,40746020,31826167,72572187,6,0,0,25600,2,3714161221
7338,40751540,32088923,72840463,5,0,0,40448,10,1428349666
7339,40756940,53387619,94144559,0,0,1,4608,10,5100177888
7340,40757680,31725215,72482895,5,0,0,14848,10,8663362389
7341,40764400,31881268,72645668,8,0,0,66048,9,8579101283
7342,40766190,53378392,94144582,9,0,1,9728,7,2677529134
7343,40768680,32049178,72817858,7,0,0,5632,7,6391737973
7344,40776390,31647390,72423780,2,0,0,1536,1,8339267299
7345,40780710,31721331,72502041,2,0,0,8192,1,4051055419
7346,40781790,32024056,72805846,9,0,0,27136,7,1581446523
7347,40782020,31227406,72009426,8,0,0,10752,9,8565534844
7348,40783670,31839842,72623512,9,0,0,1536,7,7584023147
7349,40785740,32141023,72926763,9,0,0,70656,7,6051147818
7350,40787410,31584630,72372040,7,0,0,3072,7,6139840872
7351,40796180,31363958,72160138,1,0,0,10240,19,990412957
7352,40801530,32238260,73039790,1,0,0,76288,19,8206785156
7353,40806430,31440467,72246897,2,0,0,512,1,8049865548
7354,40809249,32201947,73011196,4,0,0,37376,6,312005420
7355,40819449,32382907,73202356,4,0,0,45056,6,6881068927
7356,40823190,53321415,94144605,9,0,1,1024,7,6745720354
7357,40828179,32024319,72852498,3,0,0,39424,6,3577953790
7358,40833260,32410336,73243596,8,0,0,29184,9,3023085976
7359,40836540,53331053,94167593,6,0,1,33280,2,8127174566
7360,40839930,31570989,72410919,2,0,0,7680,1,9343216457
7361,40849929,31405061,72254990,4,0,0,11264,6,2071259263
7362,40852400,31841760,72694160,1,0,0,27136,19,4143798231
7363,40872029,32238592,73110621,3,0,0,3072,6,762712466
7364,40873000,32184986,73057986,2,0,0,3072,1,4302688634
7365,40874920,32299610,73174530,6,0,0,84480,2,4714815699
7366,40881860,32248522,73130382,5,0,0,47616,10,7764927005
7367,40893430,32433931,73327361,5,0,0,4608,10,8384052411
7368,40899700,53690249,94589949,5,0,1,290304,10,6275991236
7369,40903420,32348591,73252011,5,0,0,12288,10,3983064692
7370,40904390,32152629,73057019,8,0,0,15872,9,1379733865
7371,40917360,31566440,72483800,7,0,0,1024,7,5632228916
7372,40919260,53714376,94633636,9,0,1,4608,7,3592863761
7373,40920680,53716182,94636862,5,0,1,5120,10,7989814339
7374,40921390,31945231,72866621,6,0,0,6656,2,5766843126
7375,40923030,31685889,72608919,8,0,0,11776,9,5027165975
7376,40925260,32210918,73136178,7,0,0,6144,7,9673693522
7377,40925510,32815094,73740604,9,0,0,44032,7,8512314365
7378,40965120,31832435,72797555,1,0,0,15872,19,5387613166
7379,40980270,32254411,73234681,2,0,0,29696,1,1263396148
7380,40981730,53663291,94645021,6,0,1,7168,2,570206542
7381,40985420,53705778,94691198,0,0,1,27136,10,9044002264
7382,40997601,32304514,73302115,0,0,0,23040,10,7905253975
7383,41003530,53688014,94691544,2,0,1,512,1,5306800445
7384,41008980,31819136,72828116,7,0,0,12288,7,6012614313
7385,41010830,31442208,72453038,9,0,0,8704,7,9988098436
7386,41012210,53683840,94696050,6,0,1,7168,2,1662323352
7387,41014850,31866880,72881730,1,0,0,26624,19,3958102552
7388,41020860,32194141,73215001,5,0,0,1536,10,6941183512
7389,41027720,31620623,72648343,5,0,0,8704,10,3197584257
7390,41035730,32303887,73339617,7,0,0,16384,7,9002546575
7391,41037560,31580533,72618093,8,0,0,13824,9,5830054998
7392,41040860,31477754,72518614,1,0,0,9728,19,1643821986
7393,41043320,31900563,72943883,5,0,0,32256,10,10321569526
7394,41053720,53648591,94702311,3,0,1,5120,6,3433597551
7395,41055351,32078691,73134042,0,0,0,9216,10,8518554738
7396,41065131,31540177,72605308,0,0,0,15872,10,6879102352
7397,41073770,32318326,73392096,8,0,0,22016,9,6362554935
7398,41075700,32802390,73878090,7,0,0,59904,7,4684341693
7399,41080910,31568704,72649614,7,0,0,4096,7,10583245564
7400,41086390,32018449,73104839,5,0,0,11776,10,7440000264
7401,41094899,31681698,72776597,3,0,0,3584,6,10057952021
7402,41097311,31711834,72809145,0,0,0,10752,10,8114891565
7403,41099830,53686073,94785903,7,0,1,3072,7,8982281236
7404,41103480,53682446,94785926,0,0,1,512,10,618095025
7405,41104920,53684640,94789560,6,0,1,3584,2,5910512148
7406,41106100,31654387,72760487,6,0,0,5632,2,10223134178
7407,41106570,32102049,73208619,9,0,0,20480,7,6503538725
7408,41109110,31514737,72623847,1,0,0,1024,19,9521200364
7409,41110930,32291196,73402126,5,0,0,25600,10,2955785591
7410,41111190,53678393,94789583,7,0,1,3072,7,2243132407
7411,41119470,53733613,94853083,7,0,1,29696,7,2069601174
7412,41125200,32973633,74098833,5,0,0,9216,10,5551985149
7413,41126160,32199439,73325599,2,0,0,19456,1,2777466223
7414,41131700,32194234,73325934,1,0,0,1024,19,3468386929
7415,41133010,32382074,73515084,2,0,0,20480,1,8806903080
7416,41134149,32339050,73473199,4,0,0,2560,6,7570554461
7417,41136050,54037631,95173681,5,0,1,216064,10,8108533705
7418,41137310,54049240,95186550,9,0,1,3072,7,1949580498
7419,41151960,32129418,73281378,2,0,0,58368,1,4516965098
7420,41178379,32382811,73561190,4,0,0,11776,6,9640617798
7421,41180040,54064677,95244717,0,0,1,2048,10,5396748650
7422,41182329,31580521,72762850,4,0,0,7680,6,1246586758
7423,41199530,32194773,73394303,6,0,0,7168,2,1960524999
7424,41208119,31744055,72952174,3,0,0,27136,6,3981987761
7425,41210850,31602538,72813388,9,0,0,13824,7,3818151056
7426,41211329,31889899,73101228,3,0,0,7168,6,7779063372
7427,41216480,54028260,95244740,9,0,1,4608,7,144683313
7428,41217660,32471084,73688744,1,0,0,51200,19,9354159897
7429,41219960,32027270,73247230,9,0,0,8192,7,1903525365
7430,41234260,54010503,95244763,5,0,1,512,10,2060125791
7431,41248531,32217954,73466485,0,0,0,22016,10,2503264717
7432,41253520,32368634,73622154,9,0,0,14336,7,9995110828
7433,41258510,31808932,73067442,6,0,0,3584,2,3499898848
7434,41279900,32312660,73592560,5,0,0,18944,10,6822350794
7435,41280070,53964716,95244786,3,0,1,12800,6,2851165839
7436,41282520,32437498,73720018,8,0,0,43008,9,3791962687
7437,41287720,53957089,95244809,7,0,1,1536,7,1801971827
7438,41308550,32287309,73595859,2,0,0,10752,1,1916717143
7439,41310319,32622336,73932655,4,0,0,54784,6,7840029540
7440,41311121,32472093,73783214,0,0,0,12288,10,9224304475
7441,41318769,53926867,95245636,8,0,1,24576,9,9059538176
7442,41348399,32651013,73999412,3,0,0,73216,6,8713051992
7443,41348600,53944175,95292775,0,0,1,1024,10,7336487100
7444,41348660,32801145,74149805,2,0,0,59392,1,5694969372
7445,41355140,32463965,73819105,8,0,0,20992,9,1048418473
7446,41357750,32383969,73741719,9,0,0,3584,7,8859131209
7447,41363520,53929278,95292798,7,0,1,1024,7,4586528060
7448,41363530,31825075,73188605,5,0,0,10752,10,9301766368
7449,41363950,53928871,95292821,9,0,1,2560,7,6596203704
7450,41364619,53938583,95303202,8,0,1,10240,9,6380319060
7451,41368259,32530371,73898630,3,0,0,10752,6,1562596446
7452,41375611,31869100,73244711,0,0,0,3584,10,5037223101
7453,41381010,32205732,73586742,2,0,0,62976,1,6928845275
7454,41381020,53955662,95336682,5,0,1,69120,10,9960922030
7455,41385890,32615729,74001619,8,0,0,7168,9,4872389240
7456,41399009,32125481,73524490,4,0,0,29696,6,2547695281
7457,41402940,31950151,73353091,1,0,0,17920,19,4017059378
7458,41404880,31953754,73358634,8,0,0,3072,9,8313759683
7459,41409980,54052078,95462058,4,0,1,2560,6,627195450
7460,41421890,54042114,95464004,5,0,1,3072,10,4225820273
7461,41422810,54062331,95485141,3,0,1,16896,6,4367995305
7462,41424680,32382481,73807161,9,0,0,40960,7,5939882307
7463,41432500,54124511,95557011,9,0,1,9728,7,1540633993
7464,41433749,31983505,73417254,3,0,0,24064,6,6421774753
7465,41455100,54130579,95585679,3,0,1,24064,6,7487171240
7466,41455181,32801788,74256969,0,0,0,142848,10,9312195373
7467,41459169,32400646,73859815,4,0,0,16384,6,5166054198
7468,41460560,54220771,95681331,5,0,1,3584,10,9330608069
7469,41466471,31918894,73385365,0,0,0,48128,10,9372433936
7470,41466870,32048549,73515419,9,0,0,1024,7,6060300946
7471,41469160,32623534,74092694,6,0,0,10240,2,6960871268
7472,41469971,32126067,73596038,0,0,0,512,10,9545305813
7473,41471830,32639397,74111227,8,0,0,27648,9,9139211041
7474,41493070,32514188,74007258,5,0,0,18432,10,237317454
7475,41495930,32004095,73500025,1,0,0,25088,19,4547402751
7476,41521699,32914435,74436134,4,0,0,26112,6,7343363896
7477,41528299,54222766,95751065,8,0,1,7168,9,6632389859
7478,41534030,32726394,74260424,2,0,0,11264,1,2857146428
7479,41536639,32063524,73600163,3,0,0,13312,6,2162875889
7480,41545639,32759086,74304725,4,0,0,41984,6,969548873
7481,41549000,32141171,73690171,9,0,0,4608,7,6764282168
7482,41555040,32470961,74026001,5,0,0,61440,10,8137031812
7483,41560419,32094629,73655048,3,0,0,24064,6,6313645472
7484,41565520,54205500,95771020,7,0,1,14336,7,6467769964
7485,41569251,32078419,73647670,0,0,0,17408,10,9079712516
7486,41569820,32397857,73967677,7,0,0,16384,7,7860239157
7487,41570280,32721630,74291910,9,0,0,12288,7,1975178231
7488,41571760,32088326,73660086,2,0,0,16384,1,5922297374
7489,41582010,32610289,74192299,1,0,0,52736,19,1899078807
7490,41584570,33275880,74860450,7,0,0,11776,7,4311832158
7491,41588400,32906379,74494779,5,0,0,512,10,5736509975
7492,41599380,33000243,74599623,1,0,0,9728,19,9294559308
7493,41608959,33110339,74719298,3,0,0,60928,6,8629022715
7494,41617420,32316373,73933793,5,0,0,3584,10,1955678838
7495,41624370,32288662,73913032,7,0,0,26624,7,9342860521
7496,41636940,32110331,73747271,6,0,0,17920,2,8878679759
7497,41638901,32940247,74579148,0,0,0,24064,10,9129867269
7498,41642960,32392946,74035906,9,0,0,3072,7,10236004578
7499,41647190,32301615,73948805,6,0,0,9216,2,3102418457
7500,41648249,32613290,74261539,4,0,0,3584,6,3833347526
7501,41649191,32170249,73819440,0,0,0,1024,10,7945173201
7502,41655040,32464767,74119807,1,0,0,21504,19,1954197179
7503,41665821,32729354,74395175,0,0,0,4608,10,2596222186
7504,41668540,32126118,73794658,5,0,0,12288,10,3958505457
7505,41671689,33139335,74811024,3,0,0,34816,6,116272098
7506,41672490,54149041,95821531,6,0,1,7680,2,10074858779
7507,41676049,32591535,74267584,4,0,0,9216,6,5629052890
7508,41676339,33264902,74941241,4,0,0,10752,6,6451156830
7509,41678130,54155303,95833433,0,0,1,18944,10,3657425772
7510,41678659,32735191,74413850,3,0,0,23552,6,8743733091
7511,41689470,32136982,73826452,9,0,0,4608,7,5978846177
7512,41705360,54128096,95833456,5,0,1,2048,10,7603638586
7513,41706930,32237803,73944733,2,0,0,2560,1,5745627593
7514,41713190,32680223,74393413,6,0,0,29184,2,3806983226
7515,41721090,54112389,95833479,6,0,1,2560,2,6077915538
7516,41733871,32078332,73812203,0,0,0,5632,10,1173462834
7517,41734560,33029712,74764272,2,0,0,76800,1,4608120238
7518,41736580,32324841,74061421,8,0,0,57856,9,1584266902
7519,41738390,32586944,74325334,1,0,0,1024,19,9072408766
7520,41742210,32642288,74384498,7,0,0,53248,7,6370863461
7521,41746390,32776796,74523186,8,0,0,79360,9,3778232124
7522,41746750,54154484,95901234,7,0,1,25088,7,5450447722
7523,41756430,54172173,95928603,0,0,1,1536,10,5109172419
7524,41758940,33034246,74793186,7,0,0,65024,7,9240912395
7525,41763730,32637720,74401450,1,0,0,18944,19,3707112386
7526,41769690,32540206,74309896,7,0,0,16896,7,8040286512
7527,41780280,54198308,95978588,2,0,1,8704,1,9255402732
7528,41785989,32345697,74131686,4,0,0,38912,6,9889957203
7529,41788540,33278863,75067403,2,0,0,25600,1,3697120590
7530,41806370,33493834,75300204,6,0,0,9728,2,2232891734
7531,41816100,54167314,95983414,2,0,1,7680,1,1180272838
7532,41821240,32775396,74596636,8,0,0,7168,9,9482007586
7533,41827630,32566118,74393748,9,0,0,1024,7,8863510067
7534,41834550,32377665,74212215,8,0,0,13824,9,5565434497
7535,41834960,32664023,74498983,9,0,0,9728,7,454801368
7536,41841980,32843393,74685373,8,0,0,13824,9,4694770880
7537,41844530,32707638,74552168,2,0,0,32768,1,1592971069
7538,41850650,32299958,74150608,5,0,0,2560,10,3747224573
7539,41853780,54130940,95984720,4,0,1,2048,6,368079960
7540,41853870,32681975,74535845,5,0,0,41472,10,10035841525
7541,41854379,33111133,74965512,3,0,0,15872,6,3661697255
7542,41860590,32634010,74494600,9,0,0,12288,7,2238700320
7543,41876860,33385486,75262346,1,0,0,94720,19,5307314258
7544,41883539,54117533,96001072,8,0,1,10752,9,5666690320
7545,41885080,32935004,74820084,8,0,0,6656,9,1267645113
7546,41891011,32304400,74195411,0,0,0,3584,10,6831670565
7547,41893540,32787598,74681138,7,0,0,46592,7,2747148382
7548,41914730,54088608,96003338,7,0,1,3584,7,9993994140
7549,41922400,32431386,74353786,5,0,0,8704,10,4073983941
7550,41929890,33074225,75004115,6,0,0,14336,2,5162269789
7551,41930710,32490963,74421673,2,0,0,25600,1,8899751278
7552,41938530,54106905,96045435,6,0,1,8192,2,10315001807
7553,41941381,32685798,74627179,0,0,0,32768,10,685069649
7554,41942110,32542941,74485051,5,0,0,19456,10,848824038
7555,41948100,32662622,74610722,5,0,0,36352,10,7583560859
7556,41948510,33097713,75046223,9,0,0,47104,7,843437289
7557,41955460,54096417,96051877,6,0,1,15872,2,7522892876
7558,41989400,54090212,96079612,3,0,1,3584,6,8983645251
7559,41997860,33098865,75096725,6,0,0,4608,2,4780432483
7560,42006630,54073005,96079635,3,0,1,2560,6,4235516338
7561,42011130,33374764,75385894,6,0,0,49664,2,3224538908
7562,42012950,54082362,96095312,9,0,1,13824,7,4695428935
7563,42018179,54077156,96095335,8,0,1,3584,9,1547360335
7564,42022160,32718689,74740849,8,0,0,70656,9,842209054
7565,42026180,32531169,74557349,6,0,0,7680,2,15195018
7566,42028840,32744511,74773351,6,0,0,29696,2,5463870914
7567,42033220,33129883,75163103,2,0,0,64000,1,848841693
7568,42035290,54084840,96120130,0,0,1,5632,10,6581394496
7569,42035340,32885189,74920529,9,0,0,48640,7,6018213390
7570,42039890,32604656,74644546,1,0,0,11264,19,5752039554
7571,42045870,32595221,74641091,6,0,0,30720,2,4387614678
7572,42053750,32418682,74472432,7,0,0,13824,7,7717933055
7573,42057190,54063196,96120386,5,0,1,9216,10,2888703447
7574,42059931,32971917,75031848,0,0,0,48128,10,10138876931
7575,42082660,32751510,74834170,1,0,0,41472,19,7240330580
7576,42082931,32717454,74800385,0,0,0,23552,10,227169750
7577,42084199,33025146,75109345,4,0,0,11264,6,2488952120
7578,42089940,32983414,75073354,7,0,0,19456,7,6248226341
7579,42090020,54066501,96156521,4,0,1,24576,6,2363603251
7580,42090430,32870223,74960653,6,0,0,45056,2,142499320
7581,42092990,54068677,96161667,3,0,1,8192,6,2240369725
7582,42099660,54087957,96187617,9,0,1,512,7,7163608421
7583,42101370,54086593,96187963,6,0,1,512,2,6899783245
7584,42105230,32743159,74848389,7,0,0,46592,7,8482063873
7585,42121779,54074144,96195923,8,0,1,7680,9,8480110129
7586,42125200,33108263,75233463,6,0,0,2560,2,6923764293
7587,42143370,54058880,96202250,0,0,1,7168,10,6837566093
7588,42143481,33254783,75398264,0,0,0,9728,10,10299724115
7589,42153131,32740453,74893584,0,0,0,7168,10,251526114
7590,42156570,54046765,96203335,9,0,1,4608,7,7540409627
7591,42158580,32470494,74629074,1,0,0,6144,19,4236388273
7592,42166730,54074452,96241182,3,0,1,5120,6,311239210
7593,42171329,33061331,75232660,3,0,0,13312,6,3784304878
7594,42177730,32480921,74658651,2,0,0,5632,1,9000641764
7595,42181180,54064349,96245529,7,0,1,15872,7,6348766653
7596,42184670,32719085,74903755,8,0,0,5632,9,10244075837
7597,42185650,54114493,96300143,3,0,1,6656,6,1027425081
7598,42191610,32994923,75186533,2,0,0,8704,1,7752278801
7599,42196811,32614408,74811219,0,0,0,512,10,1632241287
7600,42197700,54120832,96318532,0,0,1,5120,10,7075442401
7601,42206860,33247832,75454692,9,0,0,20480,7,3857185105
7602,42217760,54100795,96318555,3,0,1,10752,6,3297654927
7603,42218010,32654196,74872206,6,0,0,10240,2,6039221693
7604,42219010,54101022,96320032,0,0,1,3072,10,1671400129
7605,42220870,33704620,75925490,5,0,0,111104,10,6191372050
7606,42242410,33128329,75370739,9,0,0,63488,7,2003043361
7607,42245249,33323772,75569021,4,0,0,15872,6,3102053752
7608,42252760,33405326,75658086,7,0,0,54272,7,9196001070
7609,42264229,32752932,75017161,3,0,0,31232,6,8319156646
7610,42266660,54053718,96320378,3,0,1,512,6,805747372
7611,42267040,33424834,75691874,6,0,0,46592,2,6101674862
7612,42268000,54053044,96321044,2,0,1,1024,1,4054646928
7613,42271560,54050470,96322030,7,0,1,1536,7,1066272144
7614,42275779,54048837,96324616,8,0,1,4096,9,8644311398
7615,42277150,32717328,74994478,2,0,0,6656,1,4661599533
7616,42280850,54051975,96332825,5,0,1,30720,10,6955407733
7617,42281479,32777610,75059089,3,0,0,19968,6,3306707711
7618,42282300,33241257,75523557,7,0,0,33280,7,8037520316
7619,42288010,54070218,96358228,2,0,1,3584,1,10399747527
7620,42292070,32790443,75082513,8,0,0,13824,9,7285177327
7621,42298790,32760790,75059580,6,0,0,1536,2,7615132032
7622,42301290,54064004,96365294,3,0,1,6144,6,280547164
7623,42302009,33031531,75333540,3,0,0,4608,6,6050900662
7624,42306060,33258102,75564162,6,0,0,35840,2,2835118911
7625,42309140,33320206,75629346,7,0,0,12800,7,9719932912
7626,42312860,54052457,96365317,3,0,1,1024,6,732857284
7627,42317480,33667047,75984527,7,0,0,26624,7,8276759672
7628,42340520,32922238,75262758,2,0,0,1024,1,8437642457
7629,42343220,32971064,75314284,6,0,0,9728,2,3723866846
7630,42344720,33095722,75440442,9,0,0,37888,7,5459787769
7631,42345890,33049387,75395277,9,0,0,30720,7,2237310691
7632,42348749,33426280,75775029,3,0,0,10240,6,9810705193
7633,42350950,32973759,75324709,2,0,0,23040,1,4330508421
7634,42352020,32957538,75309558,6,0,0,7680,2,9474993351
7635,42352299,32958998,75311297,3,0,0,5632,6,3991713524
7636,42353689,33323452,75677141,3,0,0,62464,6,6410843453
7637,42359960,33153434,75513394,2,0,0,8704,1,4347606263
7638,42367090,54053410,96420500,3,0,1,11264,6,7586969857
7639,42367629,33707012,76074641,4,0,0,8704,6,1171136635
7640,42373620,33132396,75506016,6,0,0,27136,2,5518017457
7641,42380590,33130129,75510719,1,0,0,15360,19,6375894119
7642,42383840,33325108,75708948,6,0,0,46080,2,2744573383
7643,42392350,54028173,96420523,7,0,1,1536,7,8070237527
7644,42398830,54033498,96432328,7,0,1,32256,7,5281659277
7645,42400300,33003985,75404285,9,0,0,7168,7,826276522
7646,42400569,33407859,75808428,3,0,0,22528,6,2546346576
7647,42403170,33320199,75723369,7,0,0,47104,7,2715159717
7648,42403600,54116662,96520262,7,0,1,13312,7,2540544699
7649,42410901,33266754,75677655,0,0,0,1536,10,10291688136
7650,42412639,33644994,76057633,4,0,0,43520,6,1184923218
7651,42418331,33433972,75852303,0,0,0,5632,10,7637362231
7652,42424820,33355056,75779876,1,0,0,9728,19,8354269824
7653,42426901,33332059,75758960,0,0,0,36864,10,1292636547
7654,42435110,33456505,75891615,9,0,0,3584,7,5160973128
7655,42445071,33143811,75588882,0,0,0,31232,10,9301353723
7656,42451910,33507255,75959165,1,0,0,30208,19,4426631976
7657,42456740,54078636,96535376,3,0,1,3584,6,3968586538
7658,42461919,33154798,75616717,3,0,0,21504,6,3088008764
7659,42462150,33651241,76113391,2,0,0,30208,1,9014070077
7660,42463230,54072169,96535399,6,0,1,1024,2,6128273120
7661,42468230,33140212,75608442,7,0,0,9728,7,2551314446
7662,42491379,33118022,75609401,4,0,0,3072,6,6881567472
7663,42494160,33844070,76338230,9,0,0,9728,7,10667215225
7664,42496050,33687347,76183397,5,0,0,43008,10,1605935709
7665,42500270,54037863,96538133,9,0,1,7680,7,3182714345
7666,42503871,33463585,75967456,0,0,0,27136,10,538826700
7667,42506420,33186273,75692693,5,0,0,2560,10,4923234900
7668,42521329,33710172,76231501,3,0,0,45056,6,4060169945
7669,42526320,33745563,76271883,6,0,0,59904,2,7962366327
7670,42526620,33883093,76409713,8,0,0,62464,9,3988973427
7671,42527910,33291284,75819194,7,0,0,1536,7,9341035929
7672,42537749,33393411,75931160,4,0,0,13824,6,10350534281
7673,42545170,33775355,76320525,5,0,0,7680,10,2128264034
7674,42550090,33791188,76341278,2,0,0,8704,1,8952012064
7675,42551681,34177776,76729457,0,0,0,35328,10,8367732309
7676,42555750,33454631,76010381,2,0,0,33280,1,9705560077
7677,42566010,33280950,75846960,5,0,0,17920,10,10510684258
7678,42574930,53964189,96539119,9,0,1,1536,7,1049179936
7679,42578640,33485683,76064323,1,0,0,21504,19,5890374690
7680,42578750,33465600,76044350,2,0,0,1536,1,3306430870
7681,42582070,33991175,76573245,1,0,0,9728,19,1577061996
7682,42589140,53951605,96540745,9,0,1,2560,7,4616976805
7683,42589720,33688761,76278481,8,0,0,14848,9,7816704008
7684,42591820,33509406,76101226,5,0,0,19456,10,4552451259
7685,42599690,53941311,96541001,9,0,1,9216,7,7149041187
7686,42606130,53935537,96541667,4,0,1,1024,6,861634110
7687,42609110,54066296,96675406,6,0,1,26624,2,1116700852
7688,42613730,33704432,76318162,7,0,0,48640,7,5882766757
7689,42622100,33365102,75987202,8,0,0,8704,9,1211352039
7690,42623540,54106858,96730398,2,0,1,12288,1,1698323992
7691,42626520,33417316,76043836,2,0,0,45056,1,939991202
7692,42627420,33860809,76488229,2,0,0,36864,1,953365926
7693,42633400,33620208,76253608,5,0,0,14336,10,5687358880
7694,42638639,33310939,75949578,3,0,0,7168,6,3317205727
7695,42641059,33792743,76433802,4,0,0,11776,6,8037489612
7696,42648780,33278145,75926925,1,0,0,4608,19,10400339649
7697,42655310,33282681,75937991,2,0,0,7168,1,7332123821
7698,42656559,33479715,76136274,4,0,0,59904,6,8885263810
7699,42663609,33406446,76070055,3,0,0,14848,6,7546476658
7700,42669160,54065744,96734904,6,0,1,7168,2,10248822368
7701,42671579,34178989,76850568,3,0,0,32256,6,7474068808
7702,42678180,33563016,76241196,9,0,0,31744,7,8514138442
7703,42680229,33564507,76244736,4,0,0,4608,6,5501482972
7704,42680980,33409676,76090656,1,0,0,15360,19,4283391193
7705,42691719,33643524,76335243,4,0,0,7680,6,5536009347
7706,42693611,33800904,76494515,0,0,0,5632,10,2337529086
7707,42701390,54439502,97140892,0,0,1,15872,10,393099399
7708,42704709,33708147,76412856,3,0,0,10240,6,2421397516
7709,42708150,33458905,76167055,9,0,0,1024,7,9908411172
7710,42717480,33792970,76510450,8,0,0,52224,9,4327385769
7711,42719060,54421855,97140915,4,0,1,2560,6,2565653464
7712,42723060,54418558,97141618,9,0,1,2560,7,10486133135
7713,42726070,54550750,97276820,2,0,1,22016,1,4722359267
7714,42727060,33878104,76605164,8,0,0,37376,9,2053655024
7715,42739420,33593452,76332872,6,0,0,40448,2,10051367926
7716,42747520,33771689,76519209,6,0,0,28672,2,2607873663
7717,42747770,33440975,76188745,9,0,0,512,7,68779065
7718,42764320,33894392,76658712,5,0,0,24064,10,104332365
7719,42775010,33783322,76558332,2,0,0,46592,1,4344360078
7720,42775110,33851940,76627050,1,0,0,39936,19,4904873788
7721,42777040,54500126,97277166,0,0,1,512,10,9099666979
7722,42784810,54497643,97282453,7,0,1,16896,7,4382457373
7723,42787529,33507683,76295212,3,0,0,2048,6,3753302140
7724,42792570,33822289,76614859,7,0,0,31744,7,4597266061
7725,42800029,33744084,76544113,3,0,0,23552,6,8465077333
7726,42802240,54482159,97284399,5,0,1,3072,10,6469431586
7727,42807530,33851829,76659359,8,0,0,2048,9,8655918533
7728,42810070,33833851,76643921,6,0,0,55296,2,7791270566
7729,42824530,33882035,76706565,9,0,0,11264,7,5142821334
7730,42828139,33742119,76570258,3,0,0,6144,6,995374875
7731,42829640,54553177,97382817,9,0,1,5632,7,8204947314
7732,42830240,54552600,97382840,3,0,1,5120,6,4157865294
7733,42841760,33694031,76535791,8,0,0,40960,9,9630475513
7734,42847020,33522110,76369130,9,0,0,28160,7,1641093937
7735,42852711,33728028,76580739,0,0,0,12800,10,1419776713
7736,42854329,33860140,76714469,4,0,0,11264,6,1109350815
7737,42864460,54625593,97490053,4,0,1,14336,6,7864917229
7738,42864870,54625206,97490076,9,0,1,7168,7,9122935291
7739,42866190,33505147,76371337,7,0,0,7168,7,9961153259
7740,42866269,33626507,76492776,3,0,0,14848,6,7228516793
7741,42869129,33699210,76568339,3,0,0,32768,6,6986381560
7742,42874909,33399025,76273934,3,0,0,6656,6,3742831556
7743,42875580,54645047,97520627,7,0,1,13312,7,1086650696
7744,42886070,54752315,97638385,0,0,1,18944,10,9227750710
7745,42896310,34027788,76924098,9,0,0,15360,7,7210936698
7746,42911570,34123042,77034612,2,0,0,24064,1,1819237226
7747,42928380,33767145,76695525,9,0,0,15360,7,4451821765
7748,42935080,33601834,76536914,2,0,0,3584,1,3259844949
7749,42942839,33952528,76895367,3,0,0,42496,6,7496591512
7750,42943800,33816057,76759857,7,0,0,10240,7,8113323789
7751,42944359,33578929,76523288,3,0,0,13312,6,3421702617
7752,42950729,33916648,76867377,3,0,0,5120,6,3296181498
7753,42952900,33995364,76948264,9,0,0,3584,7,7319815894
7754,42958960,33923436,76882396,6,0,0,34816,2,8239184564
7755,42961610,33898765,76860375,9,0,0,16384,7,3800377605
7756,42961720,33689637,76651357,2,0,0,5632,1,8633085701
7757,42968440,54693707,97662147,6,0,1,4096,2,10308712075
7758,42973180,33760200,76733380,2,0,0,12800,1,10163772878
7759,42973660,54692673,97666333,7,0,1,6656,7,8671208265
7760,42977560,34035689,77013249,5,0,0,28672,10,10043091149
7761,42985160,33596070,76581230,8,0,0,1536,9,10587904392
7762,42987340,34034200,77021540,1,0,0,27136,19,3664279386
7763,42988629,34449169,77437798,3,0,0,26624,6,7387892484
7764,42997590,54711141,97708731,7,0,1,4608,7,7898708159
7765,43011659,34116383,77128042,4,0,0,45568,6,5300036013
7766,43014930,54852434,97867364,0,0,1,14848,10,2869378001
7767,43015340,34232756,77248096,2,0,0,14848,1,10540838072
7768,43039209,33622513,76661722,4,0,0,7680,6,4774309697
7769,43045610,33604008,76649618,6,0,0,10752,2,9431712540
7770,43045640,34510461,77556101,6,0,0,42496,2,8826085172
7771,43051230,54816157,97867387,0,0,1,1536,10,1582259810
7772,43062220,54805190,97867410,2,0,1,5120,1,959161880
7773,43065240,54802367,97867607,0,0,1,5632,10,9051303040
7774,43065950,34233632,77299582,2,0,0,13824,1,2428439835
7775,43069670,54802763,97872433,4,0,1,7680,6,3078128739
7776,43070971,33975004,77045975,0,0,0,5120,10,10215908379
7777,43072160,33719887,76792047,7,0,0,18432,7,1563662396
7778,43084529,34190885,77275414,4,0,0,2560,6,9941225416
7779,43086159,34095439,77181598,3,0,0,22016,6,1336152039
7780,43087290,34051562,77138852,9,0,0,35328,7,10566394445
7781,43090269,34272649,77362918,3,0,0,71168,6,7591142944
7782,43097450,54776059,97873509,5,0,1,13312,10,5095001149
7783,43100450,33887294,76987744,8,0,0,27136,9,10228649302
7784,43102190,33831500,76933690,7,0,0,25600,7,7917277331
7785,43109550,33835228,76944778,7,0,0,31744,7,7159193047
7786,43111220,34291531,77402751,9,0,0,12800,7,5022152120
7787,43118510,34020598,77139108,7,0,0,512,7,8056129008
7788,43124859,34576474,77701333,3,0,0,25088,6,6393989853
7789,43129931,33874551,77004482,0,0,0,45056,10,486578372
7790,43131150,34639579,77770729,2,0,0,46592,1,9725698861
7791,43151140,33839591,76990731,6,0,0,9728,2,1344651645
7792,43157660,34456436,77614096,7,0,0,26112,7,8570352653
7793,43159290,34366876,77526166,6,0,0,36864,2,1038269356
7794,43159670,34015197,77174867,1,0,0,27648,19,2094822394
7795,43161880,33785269,76947149,6,0,0,7680,2,3300357784
7796,43166050,34639200,77805250,6,0,0,38400,2,10697461003
7797,43174320,33852391,77026711,2,0,0,16896,1,6942400674
7798,43175020,54741930,97916950,0,0,1,3584,10,7108154062
7799,43182730,33911762,77094492,2,0,0,6656,1,5149645182
7800,43187690,34037241,77224931,8,0,0,2048,9,9251205528
7801,43208860,34172645,77381505,1,0,0,60928,19,7085683826
7802,43211510,54706785,97918295,2,0,1,5120,1,3968236876
7803,43219761,54698790,97918551,1,0,1,9216,19,8725338883
7804,43222480,34000512,77222992,1,0,0,512,19,5592554242
7805,43235700,54684157,97919857,6,0,1,2048,2,5789018183
7806,43237790,54799382,98037172,0,0,1,36864,10,5948120486
7807,43238990,54798205,98037195,0,0,1,10752,10,8987365395
7808,43239990,34148254,77388244,9,0,0,22016,7,4949533859
7809,43240860,34030288,77271148,6,0,0,12800,2,857843365
7810,43242340,54883875,98126215,2,0,1,20992,1,2301559296
7811,43250190,34619170,77869360,2,0,0,28672,1,8621343766
7812,43254600,33942989,77197589,6,0,0,9216,2,1571605910
7813,43261100,34472949,77734049,2,0,0,2048,1,9252612039
7814,43263150,55142378,98405528,7,0,1,24064,7,8925040830
7815,43269300,34265359,77534659,1,0,0,6144,19,10259977562
7816,43274720,33937335,77212055,5,0,0,29696,10,4147585066
7817,43275859,55169958,98445817,8,0,1,5632,9,7125198088
7818,43280359,33902822,77183181,4,0,0,5120,6,7191058335
7819,43298560,34122990,77421550,1,0,0,1024,19,670992841
7820,43299339,34317588,77616927,3,0,0,9216,6,4988988513
7821,43302890,55371032,98673922,4,0,1,35840,6,9907301952
7822,43308720,34663707,77972427,8,0,0,46080,9,4719937989
7823,43312310,55466091,98778401,0,0,1,30720,10,3985133972
7824,43320050,33942267,77262317,2,0,0,7680,1,6794180472
7825,43320090,34179680,77499770,8,0,0,22528,9,9260938617
7826,43320740,34315968,77636708,1,0,0,32256,19,10041016217
7827,43321760,55480026,98801786,9,0,1,9728,7,6204070232
7828,43337510,34235765,77573275,9,0,0,26624,7,10252137983
7829,43338189,34287647,77625836,4,0,0,6656,6,572087689
7830,43353730,34117489,77471219,9,0,0,11776,7,7226424809
7831,43354930,34036301,77391231,5,0,0,9728,10,4817868514
7832,43367111,55617287,98984398,1,0,1,8192,19,7698757455
7833,43378170,34363741,77741911,7,0,0,8192,7,2200268315
7834,43393540,34332510,77726050,8,0,0,61440,9,4054229729
7835,43416990,34240712,77657702,8,0,0,14336,9,8773066082
7836,43423650,34109114,77532764,2,0,0,21504,1,1218264835
7837,43425959,34474803,77900762,4,0,0,61440,6,5300371844
7838,43437690,34383172,77820862,6,0,0,5120,2,620186982
7839,43437830,34069919,77507749,8,0,0,26112,9,113509981
7840,43439159,33959669,77398828,4,0,0,6144,6,5829995693
7841,43439989,34511777,77951766,4,0,0,45056,6,10543445065
7842,43445459,55538962,98984421,8,0,1,512,9,1376584594
7843,43452950,34303514,77756464,7,0,0,25600,7,7003165191
7844,43459960,34146157,77606117,9,0,0,53248,7,7176975533
7845,43460250,55524194,98984444,5,0,1,24576,10,8516595961
7846,43469840,55587354,99057194,9,0,1,11264,7,10170754263
7847,43470939,34173592,77644531,4,0,0,25600,6,7981681966
7848,43487629,34415028,77902657,4,0,0,6144,6,9231718646
7849,43492331,34389688,77882019,0,0,0,41472,10,2037390962
7850,43494330,55601660,99095990,0,0,1,4096,10,7454947490
7851,43495330,55601486,99096816,3,0,1,3584,6,687759799
7852,43497920,34282469,77780389,1,0,0,17408,19,9909276980
7853,43499820,55652620,99152440,5,0,1,3072,10,201627619
7854,43500559,34201577,77702136,4,0,0,2560,6,7603665457
7855,43507260,34110779,77618039,6,0,0,512,2,1361565379
7856,43520230,34169981,77690211,8,0,0,13312,9,2711580830
7857,43527219,34521548,78048767,3,0,0,49664,6,2440273385
7858,43528050,34332551,77860601,6,0,0,23040,2,108762833
7859,43530891,34476648,78007539,0,0,0,44544,10,8484916494
7860,43537861,34271070,77808931,0,0,0,4096,10,6937796132
7861,43538061,34252800,77790861,0,0,0,14848,10,9743672497
7862,43540590,34166717,77707307,8,0,0,16896,9,4771361412
7863,43544420,34647037,78191457,6,0,0,30720,2,4491204082
7864,43552280,34548917,78101197,5,0,0,7168,10,3867704622
7865,43553249,34502150,78055399,3,0,0,9216,6,5400906516
7866,43556200,34137466,77693666,8,0,0,11264,9,4003077153
7867,43556261,34437683,77993944,0,0,0,10240,10,6290020976
7868,43556811,34562193,78119004,0,0,0,58368,10,1900783294
7869,43561980,34167057,77729037,8,0,0,9728,9,3000683407
7870,43563390,55638328,99201718,3,0,1,25088,6,6764288538
7871,43575770,55647507,99223277,0,0,1,5120,10,5062304240
7872,43576480,34378585,77955065,6,0,0,10752,2,10225062927
7873,43580660,34324360,77905020,6,0,0,7680,2,8258514188
7874,43581170,34398873,77980043,5,0,0,8704,10,4131665532
7875,43590150,34347865,77938015,2,0,0,26624,1,8121543581
7876,43606440,34718234,78324674,1,0,0,40960,19,5131675082
7877,43607650,55640191,99247841,7,0,1,2560,7,1085036583
7878,43608710,55640117,99248827,4,0,1,1536,6,3331889748
7879,43610661,34650656,78261317,0,0,0,45568,10,7721903609
7880,43614700,55735252,99349952,6,0,1,512,2,6142825737
7881,43615100,34666855,78281955,7,0,0,55808,7,7651037397
7882,43624040,34466298,78090338,2,0,0,35840,1,6352664390
7883,43624841,34597807,78222648,0,0,0,17408,10,9141770840
7884,43632450,34632478,78264928,7,0,0,11776,7,6152701890
7885,43635310,34443276,78078586,1,0,0,4608,19,7337797233
7886,43636960,34545114,78182074,6,0,0,61952,2,2368457319
7887,43637640,34738893,78376533,8,0,0,10752,9,2299218198
7888,43640519,34317845,77958364,4,0,0,10752,6,10346096047
7889,43643520,34752671,78396191,7,0,0,15872,7,6232955591
7890,43661710,34555603,78217313,2,0,0,27136,1,556963060
7891,43662950,55687025,99349975,4,0,1,4096,6,5623840605
7892,43672239,34700995,78373234,3,0,0,25600,6,4588660316
7893,43676810,34654953,78331763,2,0,0,6144,1,1027747006
7894,43676890,34628862,78305752,5,0,0,53248,10,1930789002
7895,43678731,34650646,78329377,0,0,0,15360,10,857841122
7896,43683559,34379758,78063317,4,0,0,512,6,5954118116
7897,43686440,34512464,78198904,7,0,0,11264,7,2967679738
7898,43690531,34544783,78235314,0,0,0,1536,10,1296185212
7899,43690560,55659438,99349998,7,0,1,12288,7,2497243023
7900,43695359,34876426,78571785,4,0,0,45056,6,6741407430
7901,43696170,55664950,99361120,0,0,1,3584,10,10694856105
7902,43697379,34230418,77927797,3,0,0,10752,6,691740485
7903,43704020,34778461,78482481,8,0,0,24064,9,4374729325
7904,43704900,34643976,78348876,5,0,0,5120,10,1797546081
7905,43725460,34749666,78475126,6,0,0,29184,2,8463769307
7906,43725759,34869183,78594942,3,0,0,2048,6,517184661
7907,43727340,34924827,78652167,7,0,0,15360,7,3709278483
7908,43731730,34601148,78332878,2,0,0,3584,1,4861392226
7909,43734590,35338544,79073134,1,0,0,19456,19,8746621926
7910,43736730,34720878,78457608,2,0,0,22016,1,8332371129
7911,43741631,55619512,99361143,1,0,1,512,19,4952409493
7912,43744260,35273287,79017547,5,0,0,21504,10,6017422075
7913,43749209,34845086,78594295,4,0,0,47104,6,7595460509
7914,43755899,55605275,99361174,8,0,1,3072,9,2495567763
7915,43758120,34370755,78128875,1,0,0,6144,19,7185108280
7916,43760730,34848402,78609132,6,0,0,18432,2,4748142365
7917,43761700,55620490,99382190,2,0,1,5632,1,7469991686
7918,43762910,34484500,78247410,8,0,0,26112,9,5552109948
7919,43773740,55621595,99395335,5,0,1,9216,10,7920108127
7920,43777900,34910612,78688512,8,0,0,11776,9,3335889118
7921,43779729,35125412,78905141,3,0,0,49152,6,1965346954
7922,43780250,34531921,78312171,6,0,0,20992,2,4302071882
7923,43780460,34428562,78209022,2,0,0,12288,1,3658808391
7924,43784600,34700244,78484844,2,0,0,7680,1,9473868063
7925,43790620,34948827,78739447,1,0,0,2048,19,570418332
7926,43798979,34610372,78409351,3,0,0,9728,6,252124526
7927,43802450,55657822,99460272,6,0,1,7168,2,10534018474
7928,43818399,34511469,78329868,4,0,0,1536,6,2728468683
7929,43819520,35030668,78850188,8,0,0,15872,9,5007782346
7930,43820150,55660962,99481112,9,0,1,25600,7,8994694281
7931,43830621,35234265,79064886,0,0,0,20480,10,3778237905
7932,43835360,55708946,99544306,0,0,1,11264,10,338331017
7933,43848809,34572558,78421367,3,0,0,12800,6,7781752052
7934,43849599,35399944,79249543,4,0,0,20480,6,9239156719
7935,43850160,34684254,78534414,8,0,0,21504,9,3675047795
7936,43856540,34818400,78674940,6,0,0,23040,2,7568074829
7937,43860280,34667559,78527839,7,0,0,8192,7,9674628456
7938,43862489,34588388,78450877,3,0,0,13824,6,9321000304
7939,43885460,34734825,78620285,5,0,0,18944,10,9203273212
7940,43889189,55661884,99551073,8,0,1,1536,9,3232219047
7941,43893600,34774297,78667897,1,0,0,15360,19,1033067148
7942,43895170,34976487,78871657,1,0,0,51712,19,6395285815
7943,43897750,34568461,78466211,6,0,0,28160,2,3157210411
7944,43900540,34985671,78886211,7,0,0,2560,7,9339966603
7945,43901189,35148865,79050054,4,0,0,15360,6,9980128481
7946,43910080,35433709,79343789,9,0,0,85504,7,690601082
7947,43914210,55648799,99563009,3,0,1,9728,6,6230661794
7948,43935720,34674683,78610403,7,0,0,4096,7,5952618842
7949,43939209,35297392,79236601,3,0,0,11776,6,10261199240
7950,43946550,34756108,78702658,2,0,0,4608,1,9304670809
7951,43949990,35634423,79584413,2,0,0,7680,1,6492519369
7952,43955380,35055592,79010972,7,0,0,59904,7,7188041811
7953,43976231,34547516,78523747,0,0,0,8704,10,9209363626
7954,43982429,34955931,78938360,3,0,0,41472,6,9214548635
7955,43989000,34896408,78885408,5,0,0,45056,10,380618047
7956,44004320,34765054,78769374,7,0,0,18944,7,4523819250
7957,44020379,55568321,99588700,8,0,1,2048,9,5484285947
7958,44021859,34558061,78579920,4,0,0,26624,6,4533500289
7959,44034650,34873977,78908627,7,0,0,5632,7,5416742693
7960,44034960,55554095,99589055,9,0,1,11776,7,8861660729
7961,44047860,34589643,78637503,2,0,0,32768,1,5502849265
7962,44051840,34562642,78614482,1,0,0,13312,19,10664647601
7963,44064851,34825283,78890134,0,0,0,12800,10,791632459
7964,44065551,55742944,99808495,1,0,1,8704,19,5315791408
7965,44068230,35018704,79086934,2,0,0,14336,1,4414360340
7966,44074810,34650132,78724942,6,0,0,7168,2,4238549317
7967,44075360,34947514,79022874,7,0,0,17408,7,5968320982
7968,44077020,55759695,99836715,4,0,1,1024,6,5739284224
7969,44080780,34826108,78906888,8,0,0,5632,9,5567165795
7970,44086190,34649639,78735829,2,0,0,10752,1,6021335466
7971,44105689,34601084,78706773,3,0,0,1024,6,1597901694
7972,44119850,34981248,79101098,8,0,0,11776,9,7537104477
7973,44125830,35232237,79358067,5,0,0,28672,10,9422335579
7974,44136900,34651513,78788413,2,0,0,22016,1,6053300885
7975,44146440,35020282,79166722,5,0,0,88576,10,2127997761
7976,44147050,55691291,99838341,9,0,1,2560,7,9454286682
7977,44151820,34884003,79035823,6,0,0,24064,2,10246751141
7978,44154289,34785498,78939787,4,0,0,4608,6,7975860447
7979,44155080,35012913,79167993,5,0,0,4096,10,6130567509
7980,44168230,34588767,78756997,8,0,0,3584,9,5345626159
7981,44176080,35089885,79265965,2,0,0,17408,1,5621709678
7982,44183860,35047629,79231489,2,0,0,27136,1,8395710759
7983,44189980,35124248,79314228,8,0,0,124416,9,6439379430
7984,44200690,55725629,99926319,2,0,1,15360,1,6432237744
7985,44225019,35613590,79838609,4,0,0,68096,6,6874941257
7986,44249180,55855087,100104267,7,0,1,7168,7,1082249094
7987,44261940,55976016,100237956,5,0,1,15872,10,1023867905
7988,44262390,56166462,100428852,5,0,1,1536,10,4819650332
7989,44264030,35479063,79743093,6,0,0,81920,2,1576450138
7990,44271350,35076096,79347446,5,0,0,11776,10,8283677762
7991,44276331,34931311,79207642,0,0,0,27648,10,3004774359
7992,44279430,34795755,79075185,2,0,0,6656,1,3902795841
7993,44285251,35032463,79317714,0,0,0,9216,10,4499483450
7994,44296100,34794757,79090857,1,0,0,12800,19,4247880118
7995,44297550,56131325,100428875,4,0,1,10752,6,8635349924
7996,44303330,56180530,100483860,9,0,1,15872,7,9033980528
7997,44306461,34969836,79276297,0,0,0,26112,10,7822912920
7998,44315890,35091393,79407283,1,0,0,31232,19,2484297788
7999,44322589,35228102,79550691,4,0,0,45568,6,899973710
8000,44325299,35574432,79899731,3,0,0,9728,6,6381688748
8001,44332420,34866729,79199149,5,0,0,57856,10,1677833679
8002,44333750,56265843,100599593,0,0,1,7680,10,4757898428
8003,44335750,35732437,80068187,2,0,0,31232,1,9616695488
8004,44336500,35089661,79426161,7,0,0,2048,7,9347308212
8005,44357221,35146547,79503768,0,0,0,15872,10,7268565057
8006,44357581,56247185,100604766,1,0,1,11776,19,356263832
8007,44377351,34874867,79252218,0,0,0,8704,10,7537951015
8008,44382259,35199791,79582050,4,0,0,48640,6,10114531463
8009,44383120,35434718,79817838,6,0,0,13312,2,2833128843
8010,44384211,35041303,79425514,0,0,0,20992,10,1463379343
8011,44389181,56217851,100607032,1,0,1,3584,19,6157180804
8012,44392100,56306018,100698118,6,0,1,6144,2,10198416138
8013,44402841,34946390,79349231,0,0,0,5632,10,6115362386
8014,44404519,35306813,79711332,3,0,0,7680,6,1693095061
8015,44408960,34905923,79314883,1,0,0,2048,19,10076575090
8016,44414141,56294970,100709111,1,0,1,512,19,4777646051
8017,44432131,34965613,79397744,0,0,0,38912,10,5619212262
8018,44447551,35175260,79622811,0,0,0,34304,10,8979151790
8019,44447740,35204329,79652069,5,0,0,2048,10,5145441524
8020,44452971,35198451,79651422,0,0,0,42496,10,392839460
8021,44461869,35223405,79685274,3,0,0,22528,6,115932718
8022,44478170,35131822,79609992,8,0,0,32768,9,8613082345
8023,44484020,35412724,79896744,6,0,0,29184,2,686941294
8024,44485480,35214629,79700109,2,0,0,34816,1,5042766302
8025,44488090,35629496,80117586,5,0,0,65024,10,107086424
8026,44490290,56219794,100710084,4,0,1,12800,6,9337211893
8027,44493010,35312136,79805146,2,0,0,42496,1,3698829946
8028,44493770,35264030,79757800,5,0,0,7680,10,4603360382
8029,44503850,35284984,79788834,1,0,0,18944,19,8180062089
8030,44505410,56207260,100712670,6,0,1,4096,2,9062847229
8031,44506880,56273799,100780679,6,0,1,8192,2,790470280
8032,44514339,35256380,79770719,4,0,0,34304,6,3312105553
8033,44520300,35043778,79564078,1,0,0,9728,19,7039369642
8034,44545160,35115952,79661112,2,0,0,9216,1,8951038584
8035,44547130,56251149,100798279,7,0,1,3584,7,6826691708
8036,44548190,56250112,100798302,3,0,1,7680,6,1760461566
8037,44548400,56265024,100813424,7,0,1,1536,7,9870515943
8038,44550290,35004948,79555238,8,0,0,14848,9,545307162
8039,44557709,35197728,79755437,4,0,0,11264,6,3708989657
8040,44561460,35645472,80206932,5,0,0,14336,10,3451059307
8041,44562960,35183900,79746860,5,0,0,12288,10,4501504253
8042,44573821,56582592,101156413,1,0,1,7168,19,7946866835
8043,44574649,35361016,79935665,4,0,0,14848,6,10629322395
8044,44575501,35617271,80192772,0,0,0,8192,10,1121725079
8045,44579970,35372334,79952304,7,0,0,47104,7,5066678295
8046,44583510,56576769,101160279,9,0,1,6144,7,2870794030
8047,44585240,35382478,79967718,7,0,0,24064,7,1596468345
8048,44595369,35774217,80369586,3,0,0,37888,6,607270793
8049,44601960,56558985,101160945,6,0,1,11264,2,1087729153
8050,44604050,56640817,101244867,3,0,1,14848,6,10328188966
8051,44607559,56678116,101285675,8,0,1,9216,9,7351209999
8052,44615199,35049061,79664260,4,0,0,9728,6,5521211043
8053,44615880,35132095,79747975,5,0,0,3584,10,4194518455
8054,44631880,56659457,101291337,9,0,1,3584,7,7775473036
8055,44632710,56658650,101291360,6,0,1,7680,2,3070436565
8056,44642569,35058031,79700600,3,0,0,1536,6,1431956788
8057,44646930,35239779,79886709,1,0,0,1536,19,4819675597
8058,44654739,56636644,101291383,8,0,1,3072,9,9520083290
8059,44660399,35362932,80023331,3,0,0,64512,6,6442051004
8060,44662480,56755435,101417915,6,0,1,10240,2,9266859133
8061,44676351,35243702,79920053,0,0,0,18944,10,5993185079
8062,44685631,35065331,79750962,0,0,0,9728,10,6965127447
8063,44690599,35151722,79842321,3,0,0,2048,6,2161985223
8064,44695190,35273175,79968365,1,0,0,2048,19,2411344740
8065,44700739,35273804,79974543,3,0,0,8704,6,608054032
8066,44705899,35521919,80227818,3,0,0,15360,6,10681670224
8067,44729670,56713858,101443528,0,0,1,11776,10,10187124750
8068,44750549,35135140,79885689,3,0,0,13312,6,3223001027
8069,44753840,35151412,79905252,6,0,0,3584,2,1494367606
8070,44765569,35075559,79841128,4,0,0,8192,6,989066248
8071,44773910,35481382,80255292,9,0,0,10752,7,2628784041
8072,44782880,35243172,80026052,6,0,0,1536,2,3979991322
8073,44790209,35235352,80025561,3,0,0,5632,6,5552561476
8074,44801580,35645280,80446860,7,0,0,33280,7,3992667202
8075,44804779,35318758,80123537,3,0,0,19456,6,2056627008
8076,44806929,35862098,80669027,4,0,0,41984,6,2760281138
8077,44807061,35749617,80556678,0,0,0,24576,10,10129724498
8078,44807170,35216652,80023822,7,0,0,1536,7,2005070860
8079,44816900,36056847,80873747,2,0,0,102912,1,1987363874
8080,44818520,35748054,80566574,1,0,0,10752,19,7451085356
8081,44820230,35327835,80148065,2,0,0,59392,1,8478866817
8082,44824431,35719779,80544210,0,0,0,18944,10,5780019310
8083,44829460,35566100,80395560,6,0,0,75776,2,3961882139
8084,44834140,35636937,80471077,2,0,0,43520,1,3332347183
8085,44847240,35321335,80168575,1,0,0,6144,19,3035279839
8086,44851540,35878582,80730122,2,0,0,53248,1,4675338848
8087,44852440,56599879,101452319,5,0,1,15360,10,3430651824
8088,44855490,35619504,80474994,2,0,0,7680,1,3860884064
8089,44861600,35900002,80761602,8,0,0,14336,9,5265282412
8090,44865050,56817897,101682947,6,0,1,5120,2,2803402949
8091,44873960,35583834,80457794,7,0,0,33792,7,6317734093
8092,44885470,36021597,80907067,2,0,0,78336,1,1683053863
8093,44888580,35238568,80127148,2,0,0,11776,1,6061613753
8094,44889260,36020357,80909617,8,0,0,3584,9,10378827317
8095,44893520,56790393,101683913,2,0,1,1536,1,10539652514
8096,44901220,35385997,80287217,5,0,0,512,10,2067205412
8097,44919670,35922698,80842368,5,0,0,132096,10,8328129158
8098,44925000,35251855,80176855,2,0,0,3072,1,9044230646
8099,44926180,35470229,80396409,6,0,0,2560,2,1686787699
8100,44926190,56757738,101683928,6,0,1,11264,2,8495202604
8101,44926420,35729792,80656212,7,0,0,82944,7,2718728941
8102,44927250,36019715,80946965,6,0,0,37888,2,10175937897
8103,44927550,56773145,101700695,2,0,1,512,1,8184461636
8104,44930009,56770701,101700710,8,0,1,3584,9,4246961891
8105,44936601,36446144,81382745,0,0,0,26112,10,7712870240
8106,44945770,35614120,80559890,6,0,0,3072,2,465319062
8107,44952560,56774700,101727260,3,0,1,13312,6,2241630048
8108,44959430,36011386,80970816,8,0,0,4608,9,10189958713
8109,44963639,56777535,101741174,8,0,1,2048,9,3935381291
8110,44964411,36281649,81246060,0,0,0,34304,10,554197024
8111,44966680,35825432,80792112,6,0,0,27648,2,830400078
8112,44967530,35954122,80921652,2,0,0,39424,1,9621704306
8113,44970691,35501501,80472192,0,0,0,3584,10,2645844158
8114,44974140,56776595,101750735,4,0,1,5120,6,7188412339
8115,44977451,35443854,80421305,0,0,0,1024,10,3018712918
8116,44978090,35569227,80547317,8,0,0,4608,9,8907255719
8117,44993710,36464685,81458395,1,0,0,38400,19,3277999468
8118,44995691,35561634,80557325,0,0,0,2048,10,7174944797
8119,44995700,36224974,81220674,8,0,0,32768,9,8824020556
8120,45003361,56747389,101750750,1,0,1,2048,19,3824205689
8121,45008430,35705445,80713875,9,0,0,22528,7,1228153230
8122,45011730,35516253,80527983,1,0,0,7680,19,6970571302
8123,45015770,56744680,101760450,2,0,1,6656,1,4798487214
8124,45029540,35708398,80737938,7,0,0,21504,7,9037123952
8125,45030089,35849297,80879386,4,0,0,18432,6,9055461108
8126,45035650,35931695,80967345,8,0,0,25600,9,9023634280
8127,45046030,35475436,80521466,7,0,0,512,7,1114428865
8128,45059390,35499541,80558931,6,0,0,5120,2,900645453
8129,45060680,35703036,80763716,6,0,0,1536,2,212783533
8130,45060790,36240026,81300816,2,0,0,82944,1,10719751009
8131,45064530,35815815,80880345,7,0,0,3072,7,8232899876
8132,45074400,35656369,80730769,8,0,0,2048,9,9534946502
8133,45079630,35918748,80998378,7,0,0,26624,7,1513858530
8134,45084190,35867813,80952003,5,0,0,4096,10,5541531752
8135,45090590,35990395,81080985,8,0,0,30208,9,1956756760
8136,45096569,35811933,80908502,3,0,0,4608,6,5897120092
8137,45098791,35943730,81042521,0,0,0,8704,10,42268858
8138,45127399,35611030,80738429,3,0,0,1536,6,5450876465
8139,45133430,35817302,80950732,6,0,0,12288,2,4651034932
8140,45144529,35939755,81084284,3,0,0,10752,6,6856510165
8141,45145799,35737377,80883176,4,0,0,9216,6,3877832951
8142,45146490,36330047,81476537,5,0,0,48640,10,10722972419
8143,45148830,35810684,80959514,6,0,0,24576,2,7929715192
8144,45149760,36156695,81306455,5,0,0,18432,10,392190598
8145,45150820,35645215,80796035,2,0,0,12800,1,8853945578
8146,45157790,56631690,101789480,6,0,1,3584,2,8689944585
8147,45174700,36082813,81257513,9,0,0,16384,7,1315271581
8148,45187460,35826789,81014249,2,0,0,4096,1,3794305296
8149,45195190,36249229,81444419,6,0,0,55296,2,6446951628
8150,45196360,36386751,81583111,7,0,0,44544,7,247896677
8151,45201060,36226480,81427540,7,0,0,146944,7,8034941078
8152,45205449,36536178,81741627,4,0,0,51200,6,6285158776
8153,45212239,35951483,81163722,4,0,0,7168,6,3990315634
8154,45212291,36436103,81648394,0,0,0,15360,10,6749489475
8155,45216340,36280296,81496636,6,0,0,11264,2,5454114383
8156,45236009,36225685,81461694,4,0,0,10752,6,6902669580
8157,45236300,36210326,81446626,9,0,0,7168,7,8770714123
8158,45240429,36097676,81338105,3,0,0,9728,6,5280826060
8159,45240879,36099121,81340000,4,0,0,6144,6,1548912391
8160,45244110,36235882,81479992,7,0,0,11264,7,707901671
8161,45252331,35972266,81224597,0,0,0,12800,10,7272005373
8162,45253919,36065195,81319114,4,0,0,41472,6,8057252289
8163,45258629,56558697,101817326,8,0,1,14336,9,4195113961
8164,45261630,56555711,101817341,0,0,1,5120,10,56034127
8165,45266280,36377411,81643691,7,0,0,13312,7,10153489737
8166,45268670,36002535,81271205,2,0,0,18432,1,2141497849
8167,45271909,35916874,81188783,3,0,0,8704,6,9784033698
8168,45274580,36700025,81974605,8,0,0,139264,9,780482091
8169,45292770,56527298,101820068,9,0,1,1536,7,2126483473
8170,45306240,36221020,81527260,6,0,0,73216,2,10570933150
8171,45307170,36184256,81491426,6,0,0,1536,2,7861990015
8172,45318680,36038708,81357388,2,0,0,23040,1,4298386078
8173,45323700,56516744,101840444,4,0,1,13312,6,4278730793
8174,45326289,56541392,101867681,8,0,1,3584,9,5951589189
8175,45337369,36562535,81899904,3,0,0,26624,6,4485744241
8176,45346409,35976784,81323193,3,0,0,13312,6,4319951210
8177,45348150,36142785,81490935,8,0,0,35840,9,1394820372
8178,45350160,36371453,81721613,6,0,0,44544,2,1014626465
8179,45365441,36127732,81493173,0,0,0,5632,10,3414167483
8180,45365970,36342048,81708018,1,0,0,43520,19,7627058607
8181,45368689,35998198,81366887,3,0,0,8704,6,8931822590
8182,45368860,36270752,81639612,1,0,0,72192,19,5392779632
8183,45370340,56520780,101891120,9,0,1,19968,7,10496815473
8184,45373170,56553389,101926559,7,0,1,3072,7,4079278482
8185,45378470,36149593,81528063,2,0,0,2560,1,9526664006
8186,45389480,36203246,81592726,5,0,0,5632,10,8321253570
8187,45418240,36187775,81606015,2,0,0,4096,1,7669190685
8188,45418620,36112140,81530760,9,0,0,6144,7,10501000525
8189,45423590,36359428,81783018,1,0,0,55296,19,6606303943
8190,45426730,56499844,101926574,2,0,1,4096,1,7614866220
8191,45428040,36430602,81858642,1,0,0,16384,19,5605373181
8192,45431529,36255748,81687277,4,0,0,16384,6,8666068417
8193,45432269,36547755,81980024,3,0,0,1536,6,8494794368
8194,45432390,36359879,81792269,2,0,0,12288,1,236426389
8195,45432479,56494110,101926589,8,0,1,3072,9,1586229628
8196,45439599,36488782,81928381,4,0,0,11776,6,10101461547
8197,45453809,36545615,81999424,3,0,0,4608,6,6373534086
8198,45458960,56467644,101926604,5,0,1,5632,10,462735487
8199,45459780,36431989,81891769,2,0,0,102400,1,5086165383
8200,45460270,36265734,81726004,6,0,0,14336,2,6497480816
8201,45462560,36614989,82077549,6,0,0,40960,2,1210779505
8202,45463640,56475300,101938940,6,0,1,36864,2,1459534637
8203,45465679,36567511,82033190,3,0,0,33792,6,2503494867
8204,45466421,36513112,81979533,0,0,0,10240,10,5631442157
8205,45468080,36869956,82338036,6,0,0,84992,2,806784504
8206,45468819,36635952,82104771,4,0,0,8192,6,1366302651
8207,45469610,56469996,101939606,6,0,1,1024,2,4978242393
8208,45476509,36425157,81901666,4,0,0,2560,6,7742069689
8209,45480490,36355989,81836479,9,0,0,8704,7,1785407559
8210,45494449,36414104,81908553,3,0,0,22528,6,1566808091
8211,45496900,36339914,81836814,6,0,0,1024,2,2465366331
8212,45505460,56453856,101959316,2,0,1,10752,1,9733585774
8213,45510699,36390164,81900863,3,0,0,3072,6,9021041212
8214,45525660,56446790,101972450,3,0,1,1024,6,10610995133
8215,45526210,36456957,81983167,5,0,0,10240,10,7392599967
8216,45526480,36307284,81833764,5,0,0,2048,10,7842226730
8217,45527680,36317906,81845586,8,0,0,12288,9,932547426
8218,45530399,56442066,101972465,8,0,1,2560,9,967313223
8219,45532981,36686708,82219689,0,0,0,71680,10,4978920806
8220,45535141,56437339,101972480,1,0,1,512,19,1228112475
8221,45536121,36625999,82162120,0,0,0,3584,10,1059541149
8222,45537240,36550004,82087244,7,0,0,31744,7,5038140422
8223,45550080,36610894,82160974,5,0,0,73728,10,2327752958
8224,45550141,36437599,81987740,0,0,0,11776,10,698868928
8225,45554380,36540265,82094645,5,0,0,24064,10,9151554833
8226,45555910,36543566,82099476,9,0,0,2048,7,2637268505
8227,45575940,36526187,82102127,5,0,0,6144,10,6986788648
8228,45576450,56396045,101972495,0,0,1,5632,10,6885215530
8229,45578090,36398300,81976390,5,0,0,5632,10,1191442123
8230,45585800,36343924,81929724,5,0,0,1536,10,5152498655
8231,45602580,36510238,82112818,9,0,0,8192,7,750685408
8232,45606781,36687674,82294455,0,0,0,23552,10,3600092372
8233,45608590,36524882,82133472,5,0,0,12800,10,8324949751
8234,45609521,36610815,82220336,0,0,0,2048,10,5996766771
8235,45615710,36522777,82138487,2,0,0,16384,1,3568251470
8236,45636710,36647181,82283891,9,0,0,8704,7,2400163570
8237,45645251,56327259,101972510,1,0,1,1536,19,8168043227
8238,45645260,36622149,82267409,9,0,0,33280,7,2793873173
8239,45650110,36541184,82191294,8,0,0,19968,9,7426102248
8240,45656601,36747691,82404292,0,0,0,8704,10,5525345136
8241,45661720,36729391,82391111,9,0,0,31744,7,7453703458
8242,45677561,36724048,82401609,0,0,0,32256,10,1442470655
8243,45678700,37155830,82834530,1,0,0,36352,19,8051264951
8244,45681749,36501706,82183455,4,0,0,29696,6,2878951307
8245,45685740,36691559,82377299,8,0,0,1536,9,3974619757
8246,45691689,36797003,82488692,3,0,0,6144,6,3550329578
8247,45698670,36827469,82526139,9,0,0,77824,7,8281059664
8248,45699880,36581336,82281216,1,0,0,26624,19,302603525
8249,45701850,36720785,82422635,1,0,0,12288,19,6180451097
8250,45702080,36729942,82432022,2,0,0,1024,1,9652814355
8251,45709490,36634341,82343831,8,0,0,18944,9,6979531689
8252,45710040,56262485,101972525,5,0,1,9216,10,7035837064
8253,45721070,36827758,82548828,5,0,0,33792,10,1580925299
8254,45725800,36879227,82605027,9,0,0,43520,7,5069754323
8255,45747620,36699577,82447197,7,0,0,18944,7,7384760245
8256,45754739,36811359,82566098,3,0,0,17920,6,7780073360
8257,45760009,36778477,82538486,4,0,0,40448,6,8364265300
8258,45762299,37007959,82770258,3,0,0,7168,6,39614733
8259,45771269,37173587,82944856,4,0,0,27136,6,5450002354
8260,45771680,36681549,82453229,6,0,0,10752,2,8401207861
8261,45772200,56211867,101984067,6,0,1,7168,2,7960992439
8262,45773311,36618447,82391758,0,0,0,2048,10,1986708502
8263,45773930,56227284,102001214,2,0,1,6144,1,8592798561
8264,45775499,36846087,82621586,4,0,0,54272,6,4924395271
8265,45777500,36633999,82411499,9,0,0,23552,7,4505555129
8266,45782229,36839848,82622077,3,0,0,1536,6,5680127344
8267,45786560,36691909,82478469,5,0,0,5632,10,1202048686
8268,45787450,36804294,82591744,8,0,0,33792,9,8764902726
8269,45792150,36440574,82232724,5,0,0,3584,10,7813116686
8270,45794090,56209390,102003480,6,0,1,3584,2,10086714846
8271,45802680,36763909,82566589,8,0,0,1536,9,9207468455
8272,45806291,56197548,102003839,1,0,1,9728,19,5203608857
8273,45808340,37167242,82975582,8,0,0,20992,9,6464261335
8274,45817029,36849405,82666434,3,0,0,31232,6,2361338422
8275,45831939,36638009,82469948,3,0,0,5120,6,7691107059
8276,45834910,36618498,82453408,8,0,0,512,9,1771103278
8277,45838240,36983429,82821669,7,0,0,64000,7,5343368544
8278,45841630,37002002,82843632,7,0,0,24576,7,3462284211
8279,45846080,36646379,82492459,6,0,0,12288,2,5135712318
8280,45853780,56165745,102019525,0,0,1,3584,10,1819525856
8281,45855841,36801054,82656895,0,0,0,21504,10,7450755557
8282,45859430,56179557,102038987,0,0,1,3072,10,744991121
8283,45863450,56176203,102039653,7,0,1,1024,7,6477638458
8284,45864400,56176879,102041279,4,0,1,2560,6,2165796365
8285,45875510,37206894,83082404,9,0,0,36352,7,998796678
8286,45881300,56203886,102085186,7,0,1,16896,7,445524358
8287,45885220,36994871,82880091,8,0,0,68096,9,3340806186
8288,45888940,56196261,102085201,9,0,1,21504,7,4124024531
8289,45900200,37140704,83040904,7,0,0,22528,7,3531508169
8290,45900910,37565032,83465942,6,0,0,52736,2,196943313
8291,45903699,36932422,82836121,3,0,0,5120,6,9624526391
8292,45907009,36846164,82753173,4,0,0,512,6,8615985849
8293,45914520,37194161,83108681,8,0,0,65024,9,2383453558
8294,45920130,37192924,83113054,9,0,0,13824,7,2877052072
8295,45922440,37007481,82929921,9,0,0,36864,7,7459465761
8296,45928000,36895408,82823408,5,0,0,5632,10,4627443386
8297,45930350,36958968,82889318,8,0,0,30208,9,4740441714
8298,45947860,37035039,82982899,8,0,0,19968,9,317279933
8299,45956949,37422418,83379367,3,0,0,12288,6,7691344476
8300,45957980,37565489,83523469,1,0,0,512,19,4265499588
8301,45966300,37064489,83030789,6,0,0,29184,2,10229657392
8302,45971091,36769934,82741025,0,0,0,2048,10,9420854238
8303,45973450,56111766,102085216,2,0,1,4096,1,5434570484
8304,45982170,37039234,83021404,9,0,0,17920,7,1987461788
8305,45996920,37296249,83293169,2,0,0,6144,1,9968140154
8306,46003429,37085394,83088823,3,0,0,20992,6,1315298010
8307,46005630,37065496,83071126,6,0,0,51712,2,3315793736
8308,46014380,36836881,82851261,7,0,0,512,7,7581332599
8309,46015710,37000211,83015921,7,0,0,35840,7,1431819532
8310,46016430,37561873,83578303,9,0,0,63488,7,1162799961
8311,46021270,37099950,83121220,1,0,0,26624,19,10058246978
8312,46025130,37350470,83375600,1,0,0,43008,19,6587611832
8313,46041260,37288215,83329475,7,0,0,15872,7,5662684601
8314,46045960,36911917,82957877,7,0,0,6656,7,1289334830
8315,46055170,37074979,83130149,6,0,0,10240,2,7107586829
8316,46055650,37588167,83643817,9,0,0,40448,7,8607229765
8317,46058140,56027091,102085231,3,0,1,17408,6,1860943198
8318,46058170,37013135,83071305,8,0,0,512,9,8054698526
8319,46070310,37086915,83157225,8,0,0,15872,9,135849629
8320,46071810,37119287,83191097,1,0,0,21504,19,1455240539
8321,46085980,36969367,83055347,8,0,0,17920,9,279545915
8322,46086970,55998276,102085246,7,0,1,2048,7,5220971361
8323,46089841,55995420,102085261,1,0,1,4608,19,5155490815
8324,46092999,36867996,82960995,4,0,0,6656,6,4753752937
8325,46101210,37594607,83695817,6,0,0,6656,2,9384766310
8326,46105230,55988953,102094183,7,0,1,2560,7,540421465
8327,46107500,37294866,83402366,7,0,0,14336,7,5015403983
8328,46127190,37391797,83518987,7,0,0,67584,7,1080571799
8329,46128960,37679797,83808757,7,0,0,19968,7,9034805062
8330,46134310,37271666,83405976,6,0,0,9216,2,2615788276
8331,46135770,55958428,102094198,5,0,1,3072,10,5947212974
8332,46135829,37201781,83337610,3,0,0,26624,6,370164416
8333,46136219,37492292,83628511,4,0,0,21504,6,87356882
8334,46148900,55954376,102103276,4,0,1,4096,6,9793782049
8335,46158370,36993996,83152366,1,0,0,7168,19,5944601839
8336,46170171,37227804,83397975,0,0,0,53760,10,2164708097
8337,46175240,37142727,83317967,7,0,0,1536,7,4030965923
8338,46187770,37747202,83934972,8,0,0,9216,9,1765495675
8339,46194761,37144588,83339349,0,0,0,5632,10,2049302379
8340,46198200,37357588,83555788,1,0,0,8704,19,3809735491
8341,46198449,55904842,102103291,8,0,1,7680,9,9258158968
8342,46200720,37116756,83317476,2,0,0,2560,1,8592119806
8343,46200910,37115763,83316673,6,0,0,31744,2,8339039003
8344,46201060,37179578,83380638,6,0,0,4096,2,7997218539
8345,46201210,37464120,83665330,2,0,0,39424,1,585699917
8346,46204360,37446939,83651299,2,0,0,13312,1,9522705906
8347,46215350,55895380,102110730,0,0,1,6144,10,1858273305
8348,46215510,37202239,83417749,1,0,0,10240,19,3157261306
8349,46217820,37552320,83770140,9,0,0,12800,7,922477119
8350,46220331,37229451,83449782,0,0,0,27648,10,7355899431
8351,46221100,37220235,83441335,7,0,0,49664,7,10089484649
8352,46224190,55914089,102138279,3,0,1,5120,6,5886871226
8353,46229740,55908554,102138294,2,0,1,3072,1,8198716010
8354,46229789,36981543,83211332,3,0,0,5120,6,7111861268
8355,46231710,37149419,83381129,5,0,0,1536,10,407374874
8356,46246410,37457761,83704171,7,0,0,512,7,10348057277
8357,46248799,37819438,84068237,4,0,0,15360,6,7111764576
8358,46257170,55916581,102173751,5,0,1,16384,10,9701309472
8359,46263820,37025175,83288995,7,0,0,5632,7,1017709264
8360,46265640,55909545,102175185,0,0,1,5632,10,6875433206
8361,46271180,37151681,83422861,8,0,0,5120,9,4426493576
8362,46279240,55895960,102175200,5,0,1,1536,10,1525027577
8363,46299160,55892138,102191298,3,0,1,4096,6,9661655954
8364,46303740,37657750,83961490,9,0,0,9216,7,7338613047
8365,46320620,55870693,102191313,5,0,1,6144,10,2576761618
8366,46321969,37422167,83744136,3,0,0,10240,6,3759507197
8367,46326660,37211173,83537833,8,0,0,17408,9,6097135319
8368,46327009,37376975,83703984,4,0,0,6144,6,9797115523
8369,46327169,37195117,83522286,4,0,0,10752,6,8257497500
8370,46343499,55847829,102191328,8,0,1,17408,9,7347919310
8371,46350020,37343746,83693766,7,0,0,14848,7,4258871053
8372,46353920,37316269,83670189,6,0,0,15872,2,3766107318
8373,46355300,37260848,83616148,6,0,0,40448,2,3221400876
8374,46355750,37914912,84270662,9,0,0,18944,7,8388320080
8375,46372990,37338313,83711303,8,0,0,15872,9,7159220156
8376,46377250,55814093,102191343,3,0,1,5632,6,2880381711
8377,46378489,37238618,83617107,3,0,0,3072,6,8864578813
8378,46378940,37200946,83579886,8,0,0,5120,9,5549685895
8379,46379430,37322659,83702089,2,0,0,14848,1,9779772622
8380,46390940,38014477,84405417,9,0,0,18944,7,1456865838
8381,46397309,38135354,84532663,4,0,0,12288,6,4695299389
8382,46410530,37680604,84091134,1,0,0,17408,19,7908018516
8383,46410840,37789469,84200309,7,0,0,7168,7,7142342992
8384,46416330,55775028,102191358,4,0,1,1024,6,5472454001
8385,46417100,37998640,84415740,5,0,0,24064,10,7742265943
8386,46422710,55768663,102191373,9,0,1,512,7,8730112436
8387,46425660,37543520,83969180,1,0,0,4608,19,10282747606
8388,46428580,55762808,102191388,5,0,1,25600,10,6988412965
8389,46428760,37337457,83766217,1,0,0,18432,19,4873870846
8390,46430431,37298853,83729284,0,0,0,11264,10,3738208818
8391,46443280,37394661,83837941,8,0,0,29184,9,1966689934
8392,46451489,37666431,84117920,4,0,0,29696,6,797671778
8393,46456510,37511243,83967753,6,0,0,20480,2,9334468251
8394,46457599,37398894,83856493,3,0,0,13824,6,9854451091
8395,46459510,37353950,83813460,5,0,0,15360,10,1648679170
8396,46460970,37401517,83862487,9,0,0,7680,7,4535723553
8397,46463740,37494911,83958651,5,0,0,28672,10,3579067893
8398,46469420,55721983,102191403,0,0,1,512,10,1400316764
8399,46470050,38167452,84637502,1,0,0,67584,19,6241504728
8400,46483511,37257482,83740993,0,0,0,14336,10,2636893523
8401,46484880,37578654,84063534,7,0,0,10752,7,9204390359
8402,46493080,37382083,83875163,5,0,0,27136,10,1590020213
8403,46494680,37437438,83932118,8,0,0,63488,9,2757351984
8404,46497980,55695958,102193938,9,0,1,4096,7,7913729084
8405,46506470,37527846,84034316,9,0,0,3072,7,7570374139
8406,46506860,37382681,83889541,9,0,0,4608,7,7697862937
8407,46507150,37432080,83939230,6,0,0,13824,2,3630440880
8408,46518689,38217208,84735897,4,0,0,1536,6,7322524262
8409,46518729,38382724,84901453,4,0,0,54784,6,10249463823
8410,46522469,37326038,83848507,3,0,0,19968,6,1894844889
8411,46529600,55692934,102222534,2,0,1,4096,1,10294486827
8412,46530370,38235875,84766245,2,0,0,40960,1,6723497552
8413,46532540,37417329,83949869,7,0,0,34816,7,6742242016
8414,46535770,37437639,83973409,5,0,0,512,10,7138804481
8415,46537590,37637311,84174901,9,0,0,15872,7,7819861639
8416,46538480,37676239,84214719,7,0,0,35840,7,6323203137
8417,46539831,38473235,85013066,0,0,0,2048,10,5480311109
8418,46544000,55678549,102222549,2,0,1,1536,1,1474943050
8419,46549460,37794708,84344168,7,0,0,46592,7,9379033381
8420,46553500,37546689,84100189,5,0,0,3072,10,1499149088
8421,46562190,55660374,102222564,7,0,1,9216,7,4659417616
8422,46563800,55661067,102224867,9,0,1,4608,7,6253298632
8423,46564741,37521066,84085807,0,0,0,22016,10,5495463557
8424,46567630,37722082,84289712,6,0,0,12288,2,1408591258
8425,46571159,37489076,84060235,4,0,0,39424,6,7303918369
8426,46573370,55651651,102225021,4,0,1,8704,6,9617621207
8427,46573659,37863060,84436719,3,0,0,31232,6,2737707320
8428,46577620,55648067,102225687,4,0,1,1024,6,2863930813
8429,46582929,37608196,84191125,4,0,0,3584,6,1386508934
8430,46583369,37639022,84222391,4,0,0,19456,6,6412975264
8431,46583800,55660613,102244413,0,0,1,7168,10,8432029215
8432,46590000,37689501,84279501,7,0,0,20480,7,9710053435
8433,46590080,37531919,84121999,6,0,0,13312,2,10084039555
8434,46596360,37497301,84093661,5,0,0,8192,10,8675779098
8435,46613491,37716458,84329949,0,0,0,31744,10,61696453
8436,46620580,37785640,84406220,1,0,0,2560,19,1629890959
8437,46621020,37641016,84262036,7,0,0,41472,7,3216895409
8438,46621399,37643468,84264867,4,0,0,9216,6,10004607385
8439,46626410,37535117,84161527,9,0,0,6656,7,3353739300
8440,46626740,55617688,102244428,7,0,1,15360,7,7242742474
8441,46630960,37828292,84459252,9,0,0,12800,7,3000335953
8442,46632880,37513405,84146285,5,0,0,33792,10,4425830052
8443,46635020,55651933,102286953,4,0,1,20480,6,6890542378
8444,46640460,37809074,84449534,8,0,0,41984,9,680327593
8445,46641961,38182649,84824610,0,0,0,29696,10,9665973393
8446,46662600,37485268,84147868,7,0,0,5120,7,8213084708
8447,46665250,38060909,84726159,8,0,0,61440,9,662503795
8448,46666369,55642541,102308910,8,0,1,17408,9,9177222006
8449,46673551,38056219,84729770,0,0,0,11776,10,4460147405
8450,46683770,38508910,85192680,9,0,0,5632,7,7753287247
8451,46683839,37771490,84455329,3,0,0,18944,6,5465486517
8452,46692520,55621242,102313762,0,0,1,7680,10,2474619956
8453,46699531,38228822,84928353,0,0,0,51200,10,6962984244
8454,46702370,37512684,84215054,5,0,0,1024,10,8678707987
8455,46706380,37641555,84347935,6,0,0,12288,2,470671630
8456,46709069,38303350,85012419,3,0,0,18944,6,2967065457
8457,46730840,38037144,84767984,7,0,0,5632,7,8477217130
8458,46747830,55566278,102314108,6,0,1,512,2,2702387248
8459,46748849,37858312,84607161,3,0,0,45056,6,109701403
8460,46753849,37811792,84565641,4,0,0,31744,6,150618815
8461,46759240,37590057,84349297,1,0,0,3072,19,8255977994
8462,46768470,55550464,102318934,0,0,1,7680,10,3413600081
8463,46769020,37630602,84399622,5,0,0,8704,10,6846754060
8464,46770779,37527692,84298471,4,0,0,10240,6,9929662495
8465,46771539,38097726,84869265,3,0,0,17408,6,5413216967
8466,46773840,38070699,84844539,9,0,0,4096,7,7660010608
8467,46792300,37672041,84464341,9,0,0,3584,7,6904355487
8468,46807380,37767745,84575125,7,0,0,19456,7,5627046948
8469,46810310,38026491,84836801,2,0,0,39936,1,3606612071
8470,46813821,38192803,85006624,0,0,0,72704,10,14480545
8471,46817819,37833890,84651709,4,0,0,38912,6,5043001935
8472,46823180,38461699,85284879,8,0,0,33280,9,9499611712
8473,46824529,37792358,84616887,3,0,0,12288,6,3627073734
8474,46831351,38306132,85137483,0,0,0,4608,10,8906390410
8475,46833970,37654163,84488133,7,0,0,9216,7,7465712606
8476,46842640,38067040,84909680,6,0,0,4608,2,6931668621
8477,46845021,55475219,102320240,1,0,1,2048,19,7674763348
8478,46848321,38317296,85165617,0,0,0,26112,10,10525232973
8479,46850391,37965148,84815539,0,0,0,51200,10,4830181898
8480,46852030,37633272,84485302,9,0,0,20480,7,4889607960
8481,46861960,38181299,85043259,6,0,0,13824,2,9355901788
8482,46862961,55480834,102343795,1,0,1,11776,19,989294323
8483,46873120,37786290,84659410,1,0,0,20480,19,6780187043
8484,46879220,38146789,85026009,1,0,0,16384,19,7086244468
8485,46897790,37874905,84772695,1,0,0,15360,19,7454443909
8486,46898070,55445740,102343810,0,0,1,13824,10,8282607425
8487,46903600,38004584,84908184,5,0,0,22016,10,5317729052
8488,46905580,38064401,84969981,8,0,0,51712,9,2585741835
8489,46911800,38189035,85100835,5,0,0,41472,10,7272256568
8490,46915950,38470002,85385952,5,0,0,32768,10,972856081
8491,46916949,37921903,84838852,3,0,0,6656,6,9967061102
8492,46917341,37836401,84753742,0,0,0,25600,10,7514702549
8493,46918550,55447978,102366528,4,0,1,3584,6,2469225200
8494,46921001,37750375,84671376,0,0,0,1536,10,9188834357
8495,46922550,55445284,102367834,9,0,1,2048,7,920222697
8496,46922879,55455692,102378571,8,0,1,4608,9,6802770107
8497,46930260,37940744,84871004,1,0,0,5632,19,305014932
8498,46932530,38355940,85288470,8,0,0,10240,9,2696383610
8499,46933020,55448457,102381477,7,0,1,4608,7,9517525991
8500,46934960,55472810,102407770,6,0,1,10752,2,580395529
8501,46938491,38516971,85455462,0,0,0,4608,10,2297258086
8502,46942260,38005695,84947955,1,0,0,32768,19,4353937921
8503,46943000,38313059,85256059,5,0,0,32768,10,2721618090
8504,46943970,55463815,102407785,3,0,1,3584,6,10452418697
8505,46944990,38509045,85454035,8,0,0,20992,9,4456328495
8506,46948170,37923428,84871598,6,0,0,1536,2,896787438
8507,46949190,55477672,102426862,0,0,1,64512,10,2979368366
8508,46954280,38097294,85051574,6,0,0,16896,2,3801997751
8509,46955480,38105328,85060808,1,0,0,4608,19,3727111715
8510,46961230,38343943,85305173,1,0,0,18944,19,1143925216
8511,46964430,38171626,85136056,6,0,0,46592,2,2436644227
8512,46965300,55462528,102427828,6,0,1,6656,2,1241891791
8513,46975691,38376349,85352040,0,0,0,7168,10,5640083514
8514,46976801,55473101,102449902,1,0,1,5120,19,605340718
8515,46980380,38745495,85725875,1,0,0,39424,19,7377069667
8516,46980870,38458317,85439187,2,0,0,16896,1,319718463
8517,46984639,38217276,85201915,4,0,0,16384,6,779288275
8518,46991270,38545234,85536504,2,0,0,55808,1,7511475437
8519,47000060,38628934,85628994,2,0,0,20480,1,2259793705
8520,47004830,38725748,85730578,5,0,0,15360,10,5974292564
8521,47008970,38037433,85046403,7,0,0,1536,7,8289898891
8522,47014371,38208199,85222570,0,0,0,12288,10,4031375595
8523,47015879,38501494,85517373,4,0,0,14336,6,1076810858
8524,47026650,55423267,102449917,2,0,1,17920,1,10192771752
8525,47027711,38373562,85401273,0,0,0,29696,10,8628858370
8526,47046730,38400886,85447616,7,0,0,8704,7,750766209
8527,47059141,38289466,85348607,0,0,0,4096,10,6868246007
8528,47061801,38686167,85747968,0,0,0,8704,10,4438275444
8529,47075910,38637930,85713840,6,0,0,25600,2,10058074689
8530,47082660,38430322,85512982,6,0,0,34304,2,6289867967
8531,47095310,38279491,85374801,8,0,0,39936,9,7819305759
8532,47095690,55354242,102449932,0,0,1,4096,10,2637953166
8533,47096550,38983666,86080216,2,0,0,67584,1,5098903567
8534,47108000,38123329,85231329,9,0,0,28672,7,6211172224
8535,47112130,38229386,85341516,6,0,0,23040,2,1419698488
8536,47113831,38759780,85873611,0,0,0,17920,10,7075075670
8537,47126610,38077792,85204402,9,0,0,3072,7,7123700477
8538,47150250,38343281,85493531,1,0,0,38912,19,3387445751
8539,47152139,38065462,85217601,4,0,0,40448,6,2309468774
8540,47156560,38157250,85313810,6,0,0,13312,2,9724544953
8541,47158720,38788075,85946795,2,0,0,3584,1,6408472922
8542,47160650,38410518,85571168,5,0,0,65024,10,2604851116
8543,47170479,38369850,85540329,4,0,0,2048,6,1615053960
8544,47178980,38464541,85643521,5,0,0,9728,10,8920000653
8545,47180110,55477031,102657141,0,0,1,223744,10,5094279405
8546,47183920,38132730,85316650,9,0,0,5120,7,4191309994
8547,47185320,38414622,85599942,1,0,0,15872,19,1817179460
8548,47185439,55475248,102660687,8,0,1,5632,9,508172169
8549,47187111,38453423,85640534,0,0,0,16896,10,5512291056
8550,47193041,38301293,85494334,0,0,0,2560,10,9825865210
8551,47193899,38390005,85583904,4,0,0,5632,6,5450008308
8552,47194829,38383382,85578211,4,0,0,23040,6,3914544407
8553,47196779,55464968,102661747,8,0,1,1536,9,1904807615
8554,47203540,55461433,102664973,4,0,1,5120,6,2676643515
8555,47204620,38672438,85877058,1,0,0,5632,19,1682212684
8556,47208620,38436819,85645439,5,0,0,6144,10,9653497662
8557,47209380,55461015,102670395,6,0,1,6656,2,9988148008
8558,47211909,38611113,85823022,4,0,0,45056,6,5145056016
8559,47212810,38975391,86188201,2,0,0,59392,1,7143773501
8560,47214601,38445908,85660509,0,0,0,1024,10,4396344461
8561,47220430,55459797,102680227,6,0,1,8704,2,10670183534
8562,47220830,38324967,85545797,6,0,0,7680,2,7074630882
8563,47222020,38723660,85945680,1,0,0,23040,19,58545454
8564,47223540,38411823,85635363,2,0,0,8192,1,2715354402
8565,47229110,55484005,102713115,2,0,1,30208,1,5886830100
8566,47231760,55489431,102721191,9,0,1,4096,7,9552803829
8567,47240610,38526887,85767497,7,0,0,17920,7,284017768
8568,47241620,38463305,85704925,1,0,0,39936,19,584871585
8569,47253801,39014232,86268033,0,0,0,19968,10,1500676606
8570,47254600,38376289,85630889,7,0,0,6144,7,7668602551
8571,47259611,38893883,86153494,0,0,0,21504,10,7896848979
8572,47271850,38780171,86052021,6,0,0,93184,2,8344060605
8573,47273930,55448567,102722497,5,0,1,2048,10,8364383431
8574,47275360,38459711,85735071,1,0,0,7680,19,6754742427
8575,47278080,38467213,85745293,2,0,0,1024,1,4972675780
8576,47279960,38222547,85502507,9,0,0,11776,7,6684560521
8577,47281700,38636776,85918476,6,0,0,16384,2,10500474390
8578,47285990,39070487,86356477,8,0,0,6656,9,740263447
8579,47289570,55434169,102723739,2,0,1,10752,1,10620582473
8580,47292831,55431894,102724725,1,0,1,1536,19,7604835587
8581,47299920,39063721,86363641,1,0,0,17920,19,7529079104
8582,47300779,39116582,86417361,3,0,0,44032,6,526542382
8583,47316560,38736911,86053471,7,0,0,4608,7,955351290
8584,47319790,55407201,102726991,3,0,1,3584,6,1578950543
8585,47319929,39204167,86524096,4,0,0,20480,6,7087594769
8586,47339210,38242947,85582157,2,0,0,12800,1,1096383909
8587,47347430,39299791,86647221,6,0,0,45056,2,4117289949
8588,47351560,55380590,102732150,2,0,1,19456,1,2115493894
8589,47351880,38732735,86084615,1,0,0,14336,19,7918215003
8590,47358239,39525364,86883603,4,0,0,20992,6,1752803888
8591,47359330,39165733,86525063,2,0,0,3072,1,8835648064
8592,47381900,55351480,102733380,6,0,1,22016,2,10040526792
8593,47387280,38739313,86126593,8,0,0,23552,9,158414169
8594,47390549,38669029,86059578,4,0,0,19968,6,2002832340
8595,47393370,55343708,102737078,3,0,1,1536,6,6349884975
8596,47399160,38465709,85864869,7,0,0,34304,7,6629623700
8597,47404690,39559763,86964453,5,0,0,58368,10,7710908607
8598,47412960,38364605,85777565,2,0,0,7680,1,10642704606
8599,47418141,55332391,102750532,1,0,1,7680,19,2634142993
8600,47436889,39003739,86440628,3,0,0,76288,6,8014217954
8601,47442381,39581898,87024279,0,0,0,1536,10,382487077
8602,47443230,38845886,86289116,2,0,0,69120,1,4973837662
8603,47452560,38309454,85762014,5,0,0,6144,10,8616716353
8604,47455379,55312111,102767490,8,0,1,5632,9,2413279411
8605,47456540,55310965,102767505,9,0,1,2560,7,155123667
8606,47458840,55308680,102767520,5,0,1,3584,10,6952146376
8607,47459190,39095025,86554215,8,0,0,6656,9,2989412449
8608,47459280,38737680,86196960,1,0,0,28672,19,6886175554
8609,47462260,55305643,102767903,5,0,1,7168,10,9299734953
8610,47471620,38675299,86146919,5,0,0,12800,10,3581110264
8611,47473720,55299470,102773190,6,0,1,16896,2,6579251003
8612,47477899,55295445,102773344,8,0,1,8704,9,6343739895
8613,47480840,38610038,86090878,6,0,0,20480,2,4930672472
8614,47483010,55293560,102776570,5,0,1,5120,10,4350523943
8615,47489559,38653437,86142996,3,0,0,53760,6,7347960528
8616,47499520,38751543,86251063,1,0,0,24576,19,10098427912
8617,47500029,55278167,102778196,8,0,1,2560,9,8819059014
8618,47516299,38381790,85898089,3,0,0,11264,6,2649361078
8619,47524319,38439614,85963933,3,0,0,512,6,7932894149
8620,47532959,39299489,86832448,4,0,0,35328,6,569225493
8621,47545280,55261375,102806655,7,0,1,55808,7,6002021932
8622,47561690,38934881,86496571,6,0,0,24576,2,8104986385
8623,47563480,55243521,102807001,4,0,1,512,6,4236864266
8624,47570180,38731577,86301757,6,0,0,23552,2,10335069046
8625,47570349,38588488,86158837,4,0,0,17408,6,5919427768
8626,47572110,55237157,102809267,2,0,1,3584,1,1475601983
8627,47582640,38615903,86198543,2,0,0,5120,1,3750464449
8628,47587161,55225332,102812493,1,0,1,5120,19,2775213024
8629,47592480,38418259,86010739,8,0,0,29696,9,2887651711
8630,47605300,38874173,86479473,5,0,0,59904,10,371393888
8631,47610880,38743546,86354426,1,0,0,66560,19,6478204330
8632,47619579,38766585,86386164,4,0,0,24576,6,30125721
8633,47626790,38751863,86378653,9,0,0,38912,7,6381432557
8634,47632980,38656315,86289295,9,0,0,512,7,6751877124
8635,47635470,38568937,86204407,5,0,0,18944,10,7871137405
8636,47637659,55180329,102817988,8,0,1,3584,9,5958922009
8637,47653650,38864183,86517833,9,0,0,15360,7,9060891623
8638,47656270,38638196,86294466,6,0,0,16896,2,580802489
8639,47659389,39019725,86679114,4,0,0,78848,6,5725224598
8640,47664010,38669591,86333601,8,0,0,4608,9,9861334638
8641,47675539,55143832,102819371,8,0,1,14848,9,603717855
8642,47677451,38628824,86306275,0,0,0,2048,10,1232316541
8643,47686101,55148815,102834916,1,0,1,2560,19,4248418308
8644,47701511,39000802,86702313,0,0,0,37888,10,7893241438
8645,47706020,38807110,86513130,9,0,0,54272,7,3429821897
8646,47722300,39275115,86997415,8,0,0,100864,9,4367622852
8647,47725910,39763093,87489003,7,0,0,19456,7,5726518269
8648,47737440,39009717,86747157,9,0,0,43520,7,7774881670
8649,47750519,39303544,87054063,3,0,0,7680,6,9570331775
8650,47753941,39643477,87397418,0,0,0,13312,10,6243890475
8651,47758280,55080182,102838462,0,0,1,5632,10,5103706980
8652,47759110,39289416,87048526,6,0,0,5120,2,4912890711
8653,47762970,38688757,86451727,1,0,0,36352,19,3593965873
8654,47768180,55071268,102839448,2,0,1,1536,1,6156677079
8655,47768990,38769635,86538625,5,0,0,10240,10,6841977394
8656,47771830,38833521,86605351,6,0,0,16384,2,8610170910
8657,47778520,55080085,102858605,4,0,1,11264,6,8578897678
8658,47783640,39394513,87178153,2,0,0,8704,1,6018376987
8659,47787840,55072391,102860231,3,0,1,2560,6,2949205979
8660,47788240,55072555,102860795,7,0,1,10752,7,2428729480
8661,47791040,40006053,87797093,9,0,0,7168,7,1661730947
8662,47791441,55094104,102885545,1,0,1,45056,19,7426164706
8663,47795990,39628907,87424897,6,0,0,90112,2,3109312822
8664,47814530,39529630,87344160,8,0,0,76800,9,2280814391
8665,47815759,39115615,86931374,3,0,0,6656,6,1343116537
8666,47833950,38649134,86483084,5,0,0,11776,10,9333315313
8667,47844770,38837354,86682124,5,0,0,9728,10,192653267
8668,47850830,38507074,86357904,9,0,0,4608,7,950355889
8669,47853751,40247051,88100802,0,0,0,22528,10,4666379894
8670,47857380,38797687,86655067,8,0,0,13824,9,5400062064
8671,47865490,38817125,86682615,5,0,0,1536,10,7755054674
8672,47866721,39262484,87129205,0,0,0,5632,10,92904793
8673,47867500,38709569,86577069,5,0,0,21504,10,10698130696
8674,47874480,38776352,86650832,6,0,0,11776,2,354979299
8675,47877269,39089391,86966660,3,0,0,7168,6,9018516833
8676,47881680,38889749,86771429,5,0,0,65536,10,3286173901
8677,47883260,55016073,102899333,0,0,1,1536,10,5830421967
8678,47892270,55017105,102909375,3,0,1,5120,6,4349078951
8679,47900910,55013824,102914734,9,0,1,1024,7,5866756899
8680,47902079,39247928,87150007,3,0,0,2560,6,2281492925
8681,47902520,55021259,102923779,2,0,1,16896,1,4277937670
8682,47903061,38844743,86747804,0,0,0,2048,10,1147854660
8683,47903189,39733697,87636886,3,0,0,2048,6,8459306551
8684,47905269,40000016,87905285,3,0,0,9216,6,2266669459
8685,47908580,38987868,86896448,5,0,0,12288,10,595749847
8686,47910081,39371736,87281817,0,0,0,38400,10,1724070223
8687,47921869,40348262,88270131,3,0,0,43008,6,3054726540
8688,47928930,54995617,102924547,7,0,1,11776,7,2102541604
8689,47930079,38820556,86750635,3,0,0,9216,6,2981171380
8690,47933309,55001996,102935305,8,0,1,8704,9,4106438445
8691,47935640,38993683,86929323,8,0,0,13312,9,7338174043
8692,47938730,39006372,86945102,1,0,0,29696,19,1031313333
8693,47941721,55000131,102941852,1,0,1,9728,19,6693630125
8694,47947750,38873711,86821461,2,0,0,13312,1,7390991986
8695,47950631,39529434,87480065,0,0,0,89088,10,5204014835
8696,47951300,55036800,102988100,5,0,1,34816,10,3817171103
8697,47952109,38899569,86851678,3,0,0,1536,6,936254538
8698,47971280,38780158,86751438,7,0,0,2560,7,957424037
8699,47971939,55018747,102990686,8,0,1,4096,9,1326158736
8700,47980010,55011649,102991659,0,0,1,12800,10,7156892144
8701,47982410,40327856,88310266,8,0,0,8704,9,8457143424
8702,47990640,55009523,103000163,7,0,1,5632,7,1913557610
8703,48009829,40379475,88389304,3,0,0,12288,6,2081137028
8704,48019120,39226592,87245712,9,0,0,44544,7,5394412871
8705,48042040,38975310,87017350,8,0,0,13824,9,2186068097
8706,48042750,54977008,103019758,0,0,1,3072,10,6369635973
8707,48047950,39212137,87260087,8,0,0,47104,9,876647106
8708,48054220,38958872,87013092,7,0,0,11776,7,8529813436
8709,48054629,39831266,87885895,3,0,0,34304,6,784680424
8710,48064660,54955444,103020104,2,0,1,512,1,7451026267
8711,48065090,54971196,103036286,7,0,1,41984,7,2337160629
8712,48067889,38941561,87009450,3,0,0,39424,6,7460165975
8713,48070319,38969085,87039404,3,0,0,20480,6,4032476385
8714,48073020,39309928,87382948,5,0,0,6656,10,8293664946
8715,48076840,39374779,87451619,7,0,0,73216,7,8007831213
8716,48077889,39871590,87949479,3,0,0,17920,6,9240198679
8717,48084200,39424460,87508660,5,0,0,4608,10,6504887771
8718,48089400,39456656,87546056,1,0,0,10240,19,4262959968
8719,48090969,39179125,87270094,4,0,0,32768,6,7898679271
8720,48091780,39228957,87320737,8,0,0,12288,9,8309113025
8721,48105590,54938398,103043988,9,0,1,1024,7,4344773496
8722,48117879,38981332,87099211,4,0,0,12288,6,660783810
8723,48135791,39423791,87559582,0,0,0,14336,10,1861737129
8724,48150631,54894983,103045614,1,0,1,2560,19,2178766993
8725,48155880,39373939,87529819,5,0,0,40960,10,7707657154
8726,48157130,54892670,103049800,6,0,1,6656,2,7606443976
8727,48163569,39493915,87657484,3,0,0,52224,6,9612109529
8728,48176820,39055297,87232117,2,0,0,23552,1,10373877068
8729,48183340,38904258,87087598,7,0,0,17408,7,3411721032
8730,48185790,39432512,87618302,2,0,0,14336,1,9830015297
8731,48190310,38984501,87174811,7,0,0,18432,7,6130498768
8732,48193700,39187197,87380897,9,0,0,98304,7,4799155494
8733,48197151,39153763,87350914,0,0,0,12288,10,5118504045
8734,48202410,39584411,87786821,9,0,0,44032,7,469936007
8735,48204919,39182584,87387503,4,0,0,14848,6,4344584783
8736,48217451,39645918,87863369,0,0,0,38912,10,1420605124
8737,48233260,54816886,103050146,6,0,1,512,2,4263552127
8738,48250510,39202380,87452890,9,0,0,4096,7,10432879831
8739,48254380,39758489,88012869,9,0,0,33280,7,6159409397
8740,48259160,39483567,87742727,5,0,0,32256,10,6691672540
8741,48266450,54784669,103051119,5,0,1,12800,10,1585472098
8742,48266451,39233674,87500125,0,0,0,11264,10,6683904040
8743,48266650,39418714,87685364,5,0,0,3584,10,847744259
8744,48267360,54787625,103054985,7,0,1,6144,7,1562549496
8745,48271410,39277321,87548731,8,0,0,8704,9,1992620219
8746,48272130,54787681,103059811,9,0,1,7680,7,8025216217
8747,48272569,54787703,103060272,8,0,1,10240,9,2010325567
8748,48282579,39146709,87429288,3,0,0,14336,6,1843977636
8749,48284140,39470327,87754467,9,0,0,4096,7,1686639463
8750,48285510,40226464,88511974,7,0,0,25600,7,2428820853
8751,48285639,39197413,87483052,3,0,0,9728,6,2233913378
8752,48287640,39614814,87902454,1,0,0,54272,19,10251238444
8753,48294610,54774977,103069587,5,0,1,1536,10,9752053547
8754,48296849,39050298,87347147,4,0,0,9728,6,1559219011
8755,48297751,39198919,87496670,0,0,0,25088,10,8032040552
8756,48298710,39202686,87501396,8,0,0,4096,9,7483506828
8757,48301160,39203847,87505007,7,0,0,11776,7,3616041652
8758,48303150,39403934,87707084,5,0,0,7168,10,10054965344
8759,48304240,39233559,87537799,2,0,0,6656,1,2761406206
8760,48307350,39850632,88157982,8,0,0,102912,9,9842686420
8761,48310730,54770049,103080779,2,0,1,14848,1,5676662674
8762,48315440,54766645,103082085,4,0,1,2048,6,10117233825
8763,48321700,39739256,88060956,8,0,0,46080,9,6761294405
8764,48323220,39548596,87871816,1,0,0,27648,19,785387744
8765,48325791,54760954,103086745,1,0,1,15872,19,6719560940
8766,48328879,39695340,88024219,4,0,0,19456,6,970743044
8767,48329529,39897085,88226614,3,0,0,25600,6,1114707494
8768,48334860,54752231,103087091,5,0,1,512,10,8257972140
8769,48338590,39643443,87982033,8,0,0,44032,9,7362731934
8770,48339960,39352318,87692278,8,0,0,22528,9,7340266266
8771,48343580,39723887,88067467,8,0,0,10752,9,7035641839
8772,48350080,40349996,88700076,5,0,0,103424,10,4121534336
8773,48357259,39858937,88216196,4,0,0,26624,6,3480322487
8774,48365651,39675751,88041402,0,0,0,56320,10,4739813579
8775,48366110,39803100,88169210,2,0,0,4608,1,4884582362
8776,48370610,54717045,103087655,5,0,1,10752,10,1257226652
8777,48374960,39335016,87709976,7,0,0,1536,7,10451911280
8778,48388110,40274875,88662985,7,0,0,46592,7,370018351
8779,48397379,54703355,103100734,8,0,1,2048,9,4314680548
8780,48400079,39726524,88126603,3,0,0,43520,6,4084288703
8781,48402910,54706516,103109426,0,0,1,13824,10,7568302320
8782,48419010,39597470,88016480,8,0,0,11776,9,3494153288
8783,48422299,39977401,88399700,4,0,0,19456,6,1175918812
8784,48450209,39796910,88247119,3,0,0,45056,6,10438629433
8785,48452960,54660332,103113292,5,0,1,6144,10,5870841955
8786,48457820,40209556,88667376,5,0,0,14336,10,5645450970
8787,48459730,54654548,103114278,7,0,1,1536,7,2759957600
8788,48469030,39376981,87846011,5,0,0,15360,10,8922835595
8789,48489030,54631470,103120500,9,0,1,21504,7,2897347439
8790,48505650,54626945,103132595,7,0,1,11776,7,5849544180
8791,48506180,54628041,103134221,3,0,1,2560,6,5550713132
8792,48513119,54622728,103135847,8,0,1,2560,9,1118381610
8793,48518590,54629444,103148034,2,0,1,10752,1,9956110794
8794,48533640,40205215,88738855,5,0,0,23552,10,1401239748
8795,48545730,39501155,88046885,8,0,0,17920,9,8064175143
8796,48549440,39914006,88463446,1,0,0,27648,19,5168979326
8797,48550670,40231945,88782615,8,0,0,9216,9,2461639479
8798,48556540,39609273,88165813,1,0,0,25600,19,5084679260
8799,48556930,40174703,88731633,8,0,0,7680,9,802418815
8800,48571640,39597858,88169498,7,0,0,512,7,4261810425
8801,48585390,54563924,103149314,5,0,1,14336,10,9650223063
8802,48591210,39397718,87988928,7,0,0,1024,7,5119528624
8803,48591250,54564212,103155462,9,0,1,512,7,6150550267
8804,48595389,39767372,88362761,4,0,0,26624,6,8275459091
8805,48595770,39637598,88233368,7,0,0,11776,7,6171805767
8806,48597780,39584385,88182165,9,0,0,27648,7,1045098840
8807,48602080,40442735,89044815,7,0,0,36864,7,5491943028
8808,48614289,39693302,88307591,3,0,0,28160,6,10630928674
8809,48620371,39661483,88281854,0,0,0,38400,10,3821167313
8810,48621260,54539028,103160288,7,0,1,7680,7,4771057829
8811,48624539,39566413,88190952,4,0,0,16896,6,6097367039
8812,48642669,39748842,88391511,3,0,0,7168,6,5265666130
8813,48643900,54524015,103167915,4,0,1,8192,6,3199394273
8814,48645870,39583887,88229757,7,0,0,10240,7,795721569
8815,48656130,54521271,103177401,2,0,1,24064,1,6917414701
8816,48660900,54517807,103178707,9,0,1,2048,7,816466717
8817,48664059,39650318,88314377,4,0,0,4096,6,7957732616
8818,48666560,54514413,103180973,3,0,1,3584,6,7513763427
8819,48678991,39714750,88393741,0,0,0,3584,10,7923588096
8820,48681051,39740972,88422023,0,0,0,13312,10,10218996020
8821,48682780,40476752,89159532,5,0,0,57344,10,7364274977
8822,48685710,54499885,103185595,9,0,1,18944,7,6533050403
8823,48687930,54512697,103200627,7,0,1,2048,7,5172072394
8824,48693371,54511442,103204813,1,0,1,6656,19,10041874988
8825,48695999,39738360,88434359,3,0,0,23552,6,1777669466
8826,48698550,39694076,88392626,1,0,0,3584,19,9113609024
8827,48702780,39763185,88465965,6,0,0,8192,2,1998381333
8828,48707140,40017654,88724794,2,0,0,23040,1,9151901764
8829,48713230,40033189,88746419,8,0,0,4608,9,7158196461
8830,48715340,39852656,88567996,8,0,0,1536,9,2290532818
8831,48730090,39832463,88562553,7,0,0,22528,7,769899236
8832,48733830,54477147,103210977,3,0,1,14848,6,6568609893
8833,48742090,54472753,103214843,0,0,1,6144,10,2527578553
8834,48752169,40046528,88798697,4,0,0,8704,6,1140629719
8835,48752990,39735218,88488208,5,0,0,5632,10,8021109558
8836,48753730,54462739,103216469,6,0,1,2560,2,10299041557
8837,48754560,54472053,103226613,7,0,1,14848,7,2008545543
8838,48755800,40085945,88841745,9,0,0,66048,7,6533492905
8839,48766090,39873195,88639285,2,0,0,512,1,4856733545
8840,48771070,54456849,103227919,7,0,1,2048,7,1689166711
8841,48777230,40428268,89205498,5,0,0,67072,10,4546265614
8842,48784570,54467488,103252058,3,0,1,39936,6,4603779556
8843,48807119,40045779,88852898,4,0,0,4608,6,2838532636
8844,48825089,40110812,88935901,3,0,0,52224,6,9735762167
8845,48842230,54434856,103277086,3,0,1,10752,6,7031077456
8846,48848080,40455825,89303905,2,0,0,70144,1,6629241664
8847,48852889,40180671,89033560,4,0,0,37888,6,5864181427
8848,48854910,40266472,89121382,8,0,0,54784,9,4106476329
8849,48859760,54422716,103282476,3,0,1,18432,6,7357845032
8850,48870521,39835633,88706154,0,0,0,3584,10,10647795928
8851,48872240,39987509,88859749,1,0,0,16384,19,1897533132
8852,48878770,39972693,88851463,1,0,0,6656,19,9707073112
8853,48880910,54405432,103286342,9,0,1,6144,7,21079187
8854,48885240,54402088,103287328,7,0,1,1536,7,9577244387
8855,48889109,39960303,88849412,3,0,0,25088,6,7880510851
8856,48893070,40026652,88919722,6,0,0,10240,2,10194991960
8857,48904730,54383904,103288634,2,0,1,2048,1,7537855381
8858,48906150,40645890,89552040,8,0,0,51200,9,5902353145
8859,48913890,54375730,103289620,0,0,1,1536,10,4133260930
8860,48914180,40250367,89164547,8,0,0,16384,9,7506504993
8861,48916520,40093740,89010260,7,0,0,22016,7,2291816030
8862,48930591,40128520,89059111,0,0,0,3584,10,7963723010
8863,48941910,54348696,103290606,7,0,1,1536,7,7528377118
8864,48945870,40196167,89142037,7,0,0,38400,7,2365254396
8865,48957610,40164419,89122029,8,0,0,2048,9,5030091489
8866,48957920,54333032,103290952,4,0,1,512,6,7493790552
8867,48961520,54330738,103292258,5,0,1,2048,10,141257843
8868,48963680,40381619,89345299,7,0,0,13312,7,10300688761
8869,48966380,40483378,89449758,9,0,0,20992,7,3356988940
8870,48968230,54324694,103292924,2,0,1,1024,1,10692137103
8871,48969220,40135447,89104667,7,0,0,16896,7,10311636159
8872,48969991,54345822,103315813,1,0,1,37888,19,1123317719
8873,48974030,40101842,89075872,5,0,0,6656,10,69377900
8874,48997540,40266191,89263731,5,0,0,11264,10,1167235584
8875,49007160,40375739,89382899,5,0,0,40960,10,7994439122
8876,49013350,54302822,103316172,3,0,1,9728,6,9849082865
8877,49015159,40344778,89359937,4,0,0,22016,6,6672403141
8878,49015930,40550485,89566415,1,0,0,47104,19,4650024554
8879,49018380,40496299,89514679,1,0,0,17408,19,2974775761
8880,49024530,54296468,103320998,5,0,1,7680,10,10083233803
8881,49034240,40312041,89346281,1,0,0,3072,19,4250603503
8882,49037179,40492031,89529210,3,0,0,47616,6,3217643626
8883,49052890,40266283,89319173,1,0,0,9216,19,1904679622
8884,49058900,40563221,89622121,9,0,0,6144,7,4090662108
8885,49062970,54262534,103325504,7,0,1,7168,7,9934311266
8886,49075919,40620432,89696351,4,0,0,48640,6,956105000
8887,49088140,54250705,103338845,6,0,1,2560,2,61116173
8888,49090090,40657735,89747825,7,0,0,512,7,9319543712
8889,49092710,40391788,89484498,1,0,0,12288,19,1145645510
8890,49096070,40440347,89536417,5,0,0,23552,10,2921483167
8891,49100540,54243151,103343691,9,0,1,5120,7,10008072279
8892,49103559,40662402,89765961,3,0,0,14848,6,9012693891
8893,49109689,40633577,89743266,3,0,0,12288,6,1732681249
8894,49112120,40599074,89711194,7,0,0,48640,7,1332606843
8895,49128460,54217177,103345637,0,0,1,3072,10,1805337754
8896,49133250,40486976,89620226,1,0,0,9216,19,7964475461
8897,49138140,40491950,89630090,7,0,0,16384,7,444333861
8898,49141720,40458668,89600388,9,0,0,3584,7,1514629477
8899,49142071,40502744,89644815,0,0,0,31744,10,5982024799
8900,49143790,54205073,103348863,4,0,1,5120,6,3190632403
8901,49144440,40334212,89478652,8,0,0,12800,9,5446508607
8902,49146911,40630314,89777225,0,0,0,25600,10,9442051319
8903,49149281,40572544,89721825,0,0,0,34816,10,3024912359
8904,49151500,54200909,103352409,5,0,1,5632,10,4483366658
8905,49152630,54204285,103356915,3,0,1,7168,6,52575198
8906,49157880,40658067,89815947,1,0,0,21504,19,10330893658
8907,49162400,40623789,89786189,9,0,0,4608,7,5897112617
8908,49168350,40564730,89733080,1,0,0,36864,19,7948887614
8909,49168890,40678973,89847863,1,0,0,2560,19,3636042579
8910,49182129,40493231,89675360,4,0,0,23040,6,7165319073
8911,49182470,40843023,90025493,9,0,0,52224,7,2955496384
8912,49183640,40724783,89908423,5,0,0,8704,10,8812815185
8913,49187910,40560560,89748470,5,0,0,1024,10,9804473187
8914,49189019,54169074,103358093,8,0,1,13824,9,5643980705
8915,49191910,40640438,89832348,1,0,0,23552,19,5319569815
8916,49192110,40547389,89739499,5,0,0,20992,10,9827501391
8917,49192490,40762538,89955028,8,0,0,30720,9,2073496130
8918,49193800,40919858,90113658,7,0,0,25600,7,8987283145
8919,49194680,54166319,103360999,4,0,1,4608,6,8512101826
8920,49203521,40682423,89885944,0,0,0,5632,10,7972561231
8921,49203780,40844035,90047815,9,0,0,25600,7,8532069951
8922,49205750,40755579,89961329,8,0,0,14336,9,2709177275
8923,49213010,40634050,89847060,1,0,0,20480,19,862321875
8924,49217960,41019243,90237203,5,0,0,9728,10,6785006410
8925,49218080,40780445,89998525,5,0,0,20992,10,6574097002
8926,49227920,40894341,90122261,5,0,0,28160,10,1308292753
8927,49230530,54131455,103361985,0,0,1,1536,10,5876134634
8928,49231540,40863956,90095496,9,0,0,2560,7,6941616219
8929,49232890,40921195,90154085,5,0,0,21504,10,1259504045
8930,49243180,54120995,103364175,0,0,1,13312,10,556104267
8931,49253090,41107923,90361013,2,0,0,36864,1,4604688930
8932,49254240,40663885,89918125,2,0,0,5632,1,6636658214
8933,49256250,40724399,89980649,2,0,0,7168,1,6169065152
8934,49263140,40895960,90159100,5,0,0,16384,10,2891812716
8935,49265650,40994353,90260003,8,0,0,25088,9,2511101672
8936,49271640,41152199,90423839,1,0,0,30208,19,7781356293
8937,49300311,54066130,103366441,1,0,1,3584,19,4298918324
8938,49302410,41549499,90851909,5,0,0,73728,10,1890477819
8939,49309881,41209402,90519283,0,0,0,14848,10,3547143723
8940,49315481,41182268,90497749,0,0,0,21504,10,3321090587
8941,49316599,41084701,90401300,4,0,0,42496,6,2902416331
8942,49320469,41305033,90625502,4,0,0,23040,6,4194346229
8943,49329580,54038807,103368387,4,0,1,3072,6,5643314576
8944,49341540,40901138,90242678,9,0,0,4096,7,7554847860
8945,49343860,41084838,90428698,5,0,0,15872,10,4152163302
8946,49351990,54021582,103373572,7,0,1,17408,7,2032627888
8947,49352710,41096707,90449417,9,0,0,35328,7,2917061185
8948,49354289,41309853,90664142,3,0,0,3584,6,8316249433
8949,49361480,41010320,90371800,8,0,0,35328,9,6761007788
8950,49361720,41539549,90901269,5,0,0,9216,10,1693845228
8951,49362860,41012559,90375419,9,0,0,11776,7,7068584738
8952,49364149,40934668,90298817,3,0,0,15360,6,1392010672
8953,49369140,41264208,90633348,8,0,0,3584,9,8631187715
8954,49386850,41199181,90586031,7,0,0,13824,7,4964633481
8955,49388900,41192827,90581727,7,0,0,34816,7,2677258954
8956,49398350,53983504,103381854,7,0,1,5632,7,7291597954
8957,49399390,53983549,103382939,0,0,1,1024,10,6246222861
8958,49408120,41310361,90718481,9,0,0,13824,7,7798614127
8959,49409501,53976024,103385525,1,0,1,4096,19,4328866193
8960,49415251,41189920,90605171,0,0,0,62464,10,4641506000
8961,49417460,41053345,90470805,7,0,0,4608,7,4786126800
8962,49442559,41719485,91162044,4,0,0,37888,6,2595962821
8963,49452330,40977951,90430281,1,0,0,5120,19,3891666866
8964,49466550,53920947,103387497,3,0,1,3072,6,3365221914
8965,49468621,53927271,103395892,1,0,1,20992,19,10118870614
8966,49478499,41070172,90548671,3,0,0,33792,6,7905033806
8967,49479420,41350002,90829422,7,0,0,48128,7,2537936661
8968,49485240,41805172,91290412,2,0,0,9728,1,8442525395
8969,49485840,41553027,91038867,1,0,0,61440,19,251880083
8970,49487570,53913136,103400706,7,0,1,20992,7,6006172862
8971,49490210,41290201,90780411,1,0,0,1536,19,6848283205
8972,49494110,53908851,103402961,9,0,1,9728,7,10366647321
8973,49505349,41874121,91379470,3,0,0,28672,6,6846572969
8974,49508790,41205456,90714246,7,0,0,15872,7,1765035258
8975,49512840,53894922,103407762,6,0,1,22528,2,2901443718
8976,49518680,41336715,90855395,2,0,0,10752,1,5901398093
8977,49520740,41437606,90958346,2,0,0,96768,1,8138761034
8978,49521700,41205632,90727332,2,0,0,1536,1,2558391595
8979,49522980,53905539,103428519,2,0,1,7168,1,5789995913
8980,49534050,53897695,103431745,7,0,1,5120,7,1202150511
8981,49535449,42057660,91593109,3,0,0,12288,6,8680444643
8982,49538740,41245282,90784022,1,0,0,11776,19,3821387023
8983,49541969,53900133,103442102,8,0,1,24576,9,6867158904
8984,49544439,42164972,91709411,4,0,0,22528,6,2433493959
8985,49546680,41645183,91191863,9,0,0,97792,7,6257790634
8986,49548700,41160664,90709364,9,0,0,2560,7,9346901576
8987,49557800,41510587,91068387,6,0,0,38400,2,10437825933
8988,49558510,53883746,103442256,4,0,1,8704,6,159862873
8989,49566139,42234790,91800929,4,0,0,9216,6,8963293912
8990,49576990,42093249,91670239,2,0,0,43008,1,6628813051
8991,49581700,53861222,103442922,3,0,1,1024,6,8129977078
8992,49586070,41271376,90857446,8,0,0,6656,9,701601044
8993,49587130,41419532,91006662,5,0,0,25600,10,7894482783
8994,49589010,41643692,91232702,9,0,0,57856,7,826156157
8995,49589899,41617454,91207353,4,0,0,49152,6,7174101501
8996,49595580,41373108,90968688,1,0,0,8704,19,8972523587
8997,49605330,41648480,91253810,2,0,0,35840,1,7594832038
8998,49621249,53822019,103443268,8,0,1,512,9,1552574579
8999,49621430,53822299,103443729,9,0,1,10240,7,6083730022
9000,49622019,41826615,91448634,3,0,0,38912,6,1606928342
9001,49622120,41891838,91513958,2,0,0,10240,1,719645622
9002,49622489,41527980,91150469,4,0,0,38400,6,6322538872
9003,49633480,41501031,91134511,9,0,0,4608,7,7842447687
9004,49652450,41480634,91133084,9,0,0,109568,7,8919891322
9005,49655800,41933542,91589342,7,0,0,31232,7,7742508399
9006,49656720,41923083,91579803,1,0,0,45568,19,8363498443
9007,49662790,41529564,91192354,6,0,0,1536,2,2087970335
9008,49667659,41765902,91433561,3,0,0,14848,6,2507721569
9009,49669179,41182909,90852088,4,0,0,512,6,5914473225
9010,49671240,42216263,91887503,9,0,0,55296,7,7998547648
9011,49672490,53781564,103454054,5,0,1,8704,10,942638589
9012,49674081,41297594,90971675,0,0,0,9728,10,1487377716
9013,49676940,42287704,91964644,2,0,0,66560,1,4840528813
9014,49698150,41174306,90872456,6,0,0,6144,2,5568886133
9015,49711300,41497035,91208335,9,0,0,3072,7,6455746895
9016,49718180,41247833,90966013,1,0,0,25088,19,6572640235
9017,49719450,53758970,103478420,3,0,1,7680,6,6163226315
9018,49726280,41955526,91681806,6,0,0,37888,2,945291872
9019,49730210,41681442,91411652,1,0,0,44544,19,1088330279
9020,49747110,53732283,103479393,7,0,1,12800,7,5764798871
9021,49749210,53752878,103502088,0,0,1,38400,10,5500879199
9022,49757099,41381647,91138746,3,0,0,13824,6,2390112406
9023,49766370,42336595,92102965,2,0,0,39424,1,501979675
9024,49766630,42231444,91998074,1,0,0,99328,19,6291641787
9025,49773260,41655754,91429014,8,0,0,45568,9,2771271163
9026,49773521,42268784,92042305,0,0,0,11776,10,8965244420
9027,49783230,41631877,91415107,2,0,0,11264,1,6591246940
9028,49795530,53716364,103511894,4,0,1,11264,6,2816810031
9029,49803970,41504714,91308684,2,0,0,15360,1,4515786478
9030,49806570,53705990,103512560,6,0,1,1024,2,8286243320
9031,49808109,53707997,103516106,8,0,1,5632,9,620709811
9032,49820860,41789752,91610612,1,0,0,44032,19,5247347123
9033,49825970,41929746,91755716,6,0,0,16384,2,3445915710
9034,49826409,41739487,91565896,3,0,0,9216,6,1279351480
9035,49836630,41561427,91398057,1,0,0,60928,19,6381781857
9036,49836699,41726366,91563065,4,0,0,64000,6,1355118340
9037,49840330,41504241,91344571,8,0,0,1536,9,6906258021
9038,49840790,41855906,91696696,2,0,0,2048,1,4280312970
9039,49848590,41784353,91632943,9,0,0,73216,7,9885574397
9040,49852900,53666432,103519332,0,0,1,5120,10,9905281842
9041,49859070,53668231,103527301,0,0,1,2048,10,1366219140
9042,49860020,53670507,103530527,0,0,1,5120,10,2099089198
9043,49860470,41591775,91452245,6,0,0,11776,2,1056946427
9044,49868609,41774364,91642973,3,0,0,25600,6,6928121648
9045,49873230,53657963,103531193,9,0,1,1024,7,6849396064
9046,49884810,42019743,91904553,5,0,0,53760,10,2964079823
9047,49887529,41881807,91769336,4,0,0,5632,6,6768474942
9048,49889590,42201340,92090930,7,0,0,41984,7,683860874
9049,49905061,42268183,92173244,0,0,0,34816,10,3614148287
9050,49906029,42316540,92222569,3,0,0,24576,6,9132210121
9051,49907651,41980499,91888150,0,0,0,2048,10,10291047660
9052,49908399,41525661,91434060,3,0,0,1536,6,2507576441
9053,49910821,53621755,103532576,1,0,1,14848,19,9297391956
9054,49919150,41731334,91650484,1,0,0,24576,19,9810308264
9055,49924620,53642574,103567194,6,0,1,22016,2,3876348720
9056,49928651,42110043,92038694,0,0,0,71680,10,6397210416
9057,49933910,53652574,103586484,4,0,1,7168,6,531193979
9058,49935730,42208481,92144211,1,0,0,4608,19,1694878455
9059,49935740,42377791,92313531,8,0,0,88576,9,5380384216
9060,49959180,41675970,91635150,8,0,0,7168,9,1456225877
9061,49961991,41821999,91783990,0,0,0,5120,10,4279604364
9062,49972870,41747512,91720382,1,0,0,25088,19,9919196335
9063,49973220,41738242,91711462,1,0,0,6656,19,707708717
9064,49982160,41701237,91683397,5,0,0,5120,10,893806691
9065,49986050,41608330,91594380,2,0,0,4096,1,721973388
9066,49987330,41819706,91807036,8,0,0,19968,9,5722020002
9067,50009290,53579793,103589083,0,0,1,2048,10,8337049835
9068,50013120,53576527,103589647,0,0,1,10752,10,1500352515
9069,50019750,53582967,103602717,9,0,1,3072,7,9388622622
9070,50021701,41921869,91943570,0,0,0,44544,10,4477396875
9071,50041050,41797166,91838216,5,0,0,22528,10,6989426890
9072,50049300,42165758,92215058,7,0,0,63488,7,5479271990
9073,50063700,41790170,91853870,7,0,0,11776,7,6749061163
9074,50064869,42363098,92427967,3,0,0,27136,6,9477506212
9075,50065460,42317938,92383398,2,0,0,79872,1,325405481
9076,50066970,41900817,91967787,5,0,0,10240,10,9722373723
9077,50074691,42268838,92343529,0,0,0,68096,10,4878918204
9078,50081020,42148794,92229814,1,0,0,16896,19,1465758200
9079,50082430,42350864,92433294,2,0,0,17408,1,413618214
9080,50083381,53534012,103617393,1,0,1,23040,19,10391885868
9081,50084569,42101178,92185747,4,0,0,40960,6,967629674
9082,50088130,42270909,92359039,2,0,0,49152,1,9288629719
9083,50097880,42051874,92149754,8,0,0,8192,9,4848365503
9084,50107101,42035683,92142784,0,0,0,45056,10,589579832
9085,50107210,42086820,92194030,7,0,0,25600,7,1507829640
9086,50110160,53520685,103630845,0,0,1,22528,10,8023274626
9087,50114831,42342450,92457281,0,0,0,35328,10,7434765690
9088,50115701,42108763,92224464,0,0,0,6144,10,8178548292
9089,50116150,42346388,92462538,5,0,0,1024,10,1448232023
9090,50121449,42422112,92543561,3,0,0,93184,6,6461346460
9091,50123210,53508941,103632151,2,0,1,2048,1,9738328796
9092,50124340,42198418,92322758,1,0,0,30208,19,1945398487
9093,50124710,53511238,103635948,0,0,1,4096,10,6992112558
9094,50141401,53499399,103640800,1,0,1,7680,19,7065279346
9095,50145671,41971913,92117584,0,0,0,43008,10,6618645578
9096,50157560,53483496,103641056,6,0,1,9216,2,8158958267
9097,50165880,42090322,92256202,2,0,0,4608,1,8899709565
9098,50168120,42534741,92702861,5,0,0,47616,10,6535784841
9099,50169030,53475892,103644922,4,0,1,6144,6,8067761216
9100,50173700,41882408,92056108,7,0,0,2560,7,7933500302
9101,50174440,42448575,92623015,5,0,0,512,10,9215687621
9102,50178370,53476788,103655158,3,0,1,1536,6,4060369314
9103,50182269,42395061,92577330,3,0,0,10240,6,5473643546
9104,50182280,42003802,92186082,9,0,0,1024,7,10638753726
9105,50192260,42032383,92224643,9,0,0,512,7,3443464993
9106,50193139,42680920,92874059,3,0,0,88576,6,4853799918
9107,50195470,42078550,92274020,6,0,0,41984,2,2085460581
9108,50195940,42286600,92482540,6,0,0,11264,2,4248005594
9109,50197120,53462544,103659664,7,0,1,7168,7,9715692670
9110,50204060,42603040,92807100,9,0,0,49664,7,5372617605
9111,50206640,53455610,103662250,2,0,1,4096,1,3833234174
9112,50208811,42228741,92437552,0,0,0,5120,10,3222110041
9113,50212010,42459682,92671692,7,0,0,37888,7,6550939774
9114,50217270,42196007,92413277,9,0,0,52224,7,9435048232
9115,50217991,42036784,92254775,0,0,0,14336,10,9741986607
9116,50218830,42324910,92543740,8,0,0,512,9,2377151146
9117,50229149,42285997,92515146,4,0,0,17408,6,8011030077
9118,50237341,42198628,92435969,0,0,0,8704,10,6834790931
9119,50239621,42661505,92901126,0,0,0,14336,10,7936773485
9120,50243180,42855691,93098871,2,0,0,96768,1,5273928679
9121,50251680,42222947,92474627,6,0,0,15360,2,3572400389
9122,50251750,42137131,92388881,1,0,0,17920,19,6529075680
9123,50254399,53408517,103662916,8,0,1,1024,9,5347960759
9124,50258590,53406912,103665502,4,0,1,4096,6,6925463936
9125,50260551,53408817,103669368,1,0,1,6144,19,973324272
9126,50262401,53407338,103669739,1,0,1,512,19,10656740378
9127,50264030,53410420,103674450,5,0,1,20480,10,2656974293
9128,50265989,42475287,92741276,3,0,0,18944,6,10177628964
9129,50266610,42547873,92814483,9,0,0,6144,7,2194429019
9130,50275199,42571849,92847048,4,0,0,39424,6,1519746152
9131,50276520,53403336,103679856,6,0,1,1536,2,1066279931
9132,50284600,53396242,103680842,0,0,1,1536,10,1777116718
9133,50302280,42320556,92622836,1,0,0,88576,19,4817045105
9134,50303290,42587661,92890951,8,0,0,6144,9,6954070147
9135,50306060,42334926,92640986,6,0,0,14848,2,7902080629
9136,50308570,42417160,92725730,8,0,0,11776,9,9006424239
9137,50313431,42309763,92623194,0,0,0,512,10,4863459366
9138,50316630,42395614,92712244,2,0,0,30720,1,9782528900
9139,50322110,53360998,103683108,2,0,1,3584,1,2938845192
9140,50326280,42724318,93050598,9,0,0,134656,7,347691168
9141,50327760,42344446,92672206,9,0,0,1536,7,3388290912
9142,50340160,42947576,93287736,9,0,0,42496,7,1126775389
9143,50352359,53333335,103685694,8,0,1,4096,9,1215784214
9144,50354920,42305205,92660125,7,0,0,17920,7,7514672173
9145,50357880,42267521,92625401,5,0,0,7168,10,3053337852
9146,50358470,42639427,92997897,8,0,0,8192,9,4193526437
9147,50361810,42571597,92933407,7,0,0,13312,7,10696914647
9148,50365689,42523351,92889040,4,0,0,42496,6,216327094
9149,50371520,42563089,92934609,5,0,0,1024,10,1482081135
9150,50372290,42340798,92713088,1,0,0,2048,19,6471305046
9151,50387450,42671283,93058733,8,0,0,26624,9,1722122825
9152,50392740,42369566,92762306,1,0,0,15872,19,208266921
9153,50394649,42772277,93166926,4,0,0,65536,6,153864471
9154,50398080,42436933,92835013,2,0,0,34304,1,8276045516
9155,50401419,42604990,93006409,3,0,0,14848,6,2230484683
9156,50416340,53275166,103691506,6,0,1,9216,2,10057941486
9157,50420390,42455564,92875954,7,0,0,6144,7,4470985223
9158,50421200,42587662,93008862,8,0,0,5120,9,4209100303
9159,50423280,42680473,93103753,7,0,0,15872,7,1365669450
9160,50429979,42706950,93136929,3,0,0,6656,6,6871098149
9161,50430480,43120177,93550657,2,0,0,39936,1,5169770592
9162,50441889,42627475,93069364,4,0,0,34816,6,5207156010
9163,50444320,53248228,103692548,0,0,1,9728,10,5917750538
9164,50449489,42783474,93232963,4,0,0,18432,6,4240966521
9165,50464961,42648589,93113550,0,0,0,16384,10,6285400731
9166,50466280,42949635,93415915,2,0,0,512,1,9855171587
9167,50474649,43015987,93490636,4,0,0,81920,6,2115146985
9168,50490210,53214274,103704484,7,0,1,1536,7,4034805281
9169,50490780,53214370,103705150,2,0,1,1024,1,9060891170
9170,50499351,42895330,93394681,0,0,0,9728,10,7358953959
9171,50503421,42856781,93360202,0,0,0,17920,10,1011734053
9172,50505299,53214343,103719642,8,0,1,30208,9,2169895608
9173,50508121,43635745,94143866,0,0,0,42496,10,4759162963
9174,50510951,42406389,92917340,0,0,0,512,10,9003440579
9175,50518190,42824003,93342193,2,0,0,24064,1,3299886305
9176,50519660,42826144,93345804,7,0,0,11776,7,9869034160
9177,50523460,42670116,93193576,5,0,0,34304,10,7644570054
9178,50523580,43206592,93730172,7,0,0,46080,7,2574676267
9179,50525619,53204418,103730037,8,0,1,7168,9,9557930144
9180,50526950,42873444,93400394,8,0,0,4096,9,3498268083
9181,50545900,42806702,93352602,6,0,0,12288,2,570470769
9182,50552549,42763532,93316081,3,0,0,24064,6,6076465667
9183,50557329,53174014,103731343,8,0,1,2048,9,4519770087
9184,50559670,43501296,94060966,6,0,0,116736,2,6012244748
9185,50564311,42422526,92986837,0,0,0,1024,10,4891245306
9186,50565650,42848963,93414613,9,0,0,46592,7,5443583987
9187,50569850,42951119,93520969,7,0,0,76800,7,503387429
9188,50572910,42651115,93224025,8,0,0,26112,9,1223419725
9189,50576290,43568246,94144536,6,0,0,2048,2,8342991959
9190,50578409,42648915,93227324,3,0,0,10752,6,10499702222
9191,50580189,42846035,93426224,3,0,0,2048,6,4374522039
9192,50595919,43673936,94269855,4,0,0,27136,6,10412846368
9193,50601890,42605747,93207637,6,0,0,2560,2,8801210358
9194,50606320,42809408,93415728,7,0,0,3584,7,2075605017
9195,50619810,43638309,94258119,5,0,0,4096,10,9827998754
9196,50622409,42986495,93608904,3,0,0,10240,6,1282338554
9197,50628281,42819377,93447658,0,0,0,6144,10,6607122007
9198,50631360,43127140,93758500,1,0,0,47616,19,6258090703
9199,50633250,42788148,93421398,7,0,0,17920,7,6936582813
9200,50639990,43706827,94346817,8,0,0,11776,9,5394647609
9201,50643689,43026325,93670014,3,0,0,46080,6,9238319055
9202,50662831,42632960,93295791,0,0,0,7168,10,1755672388
9203,50686120,43527461,94213581,2,0,0,55296,1,3186540779
9204,50701100,53031229,103732329,0,0,1,1536,10,9534741742
9205,50703470,42881526,93584996,8,0,0,39424,9,9828494645
9206,50710550,42681144,93391694,8,0,0,15872,9,4787384710
9207,50714390,53040964,103755354,3,0,1,19968,6,30020990
9208,50717630,42779916,93497546,6,0,0,9216,2,9601515721
9209,50718670,43016673,93735343,1,0,0,16896,19,1505433965
9210,50719280,43057439,93776719,6,0,0,38400,2,7118032879
9211,50721529,42994580,93716109,4,0,0,26112,6,1719009985
9212,50727279,53028421,103755700,8,0,1,512,9,3437012824
9213,50732739,43548215,94280954,3,0,0,36352,6,800543281
9214,50752000,43863652,94615652,5,0,0,12800,10,9424401010
9215,50754640,53005246,103759886,0,0,1,6656,10,100241443
9216,50755110,42919474,93674584,6,0,0,3584,2,8484282773
9217,50759830,42842354,93602184,5,0,0,18432,10,1066715631
9218,50763610,42885287,93648897,5,0,0,13824,10,9719089414
9219,50770559,42724156,93494715,3,0,0,13312,6,6142117422
9220,50772800,42900669,93673469,8,0,0,11264,9,8652740111
9221,50773461,43683071,94456532,0,0,0,43008,10,1884702245
9222,50781890,42896172,93678062,2,0,0,11264,1,6826801829
9223,50790979,43056107,93847086,3,0,0,34304,6,7673624520
9224,50801610,52960542,103762152,5,0,1,3584,10,5995695742
9225,50806380,42957447,93763827,6,0,0,17408,2,8562940841
9226,50821490,42917932,93739422,1,0,0,13312,19,2354941536
9227,50822779,42921190,93743969,3,0,0,14848,6,988072120
9228,50822930,43651165,94474095,1,0,0,34816,19,817270846
9229,50823060,43962820,94785880,9,0,0,34304,7,4380552240
9230,50824040,52941338,103765378,2,0,1,5120,1,10730832969
9231,50826199,43330055,94156254,4,0,0,23552,6,8830116350
9232,50828430,42869001,93697431,1,0,0,5632,19,10040934433
9233,50828520,43022489,93851009,5,0,0,12800,10,7831967272
9234,50832550,52945360,103777910,3,0,1,8192,6,2821360068
9235,50832720,52951265,103783985,0,0,1,11776,10,3248359169
9236,50839230,43150300,93989530,7,0,0,3072,7,10237631229
9237,50844740,52954695,103799435,9,0,1,4608,7,4319310053
9238,50848880,43476666,94325546,5,0,0,8704,10,5117559601
9239,50850009,43242873,94092882,3,0,0,55808,6,10221226680
9240,50851960,43047710,93899670,6,0,0,36352,2,2458798600
9241,50860790,43768686,94629476,9,0,0,5120,7,10367063915
9242,50861370,52940331,103801701,6,0,1,3584,2,6788469023
9243,50864900,42900096,93764996,2,0,0,3584,1,7343388585
9244,50867190,42949444,93816634,8,0,0,7168,9,8955324584
9245,50868760,42950898,93819658,6,0,0,3072,2,7874647188
9246,50871709,44012047,94883756,3,0,0,13312,6,2594235226
9247,50881671,43244178,94125849,0,0,0,27136,10,1989860664
9248,50882849,52929144,103811993,8,0,1,16384,9,6908251597
9249,50884640,43232918,94117558,2,0,0,13824,1,1125877857
9250,50893930,43047426,93941356,7,0,0,30208,7,6521861269
9251,50910600,43165209,94075809,5,0,0,48640,10,9994000388
9252,50915230,43732154,94647384,5,0,0,7680,10,6140347169
9253,50915660,52897639,103813299,6,0,1,2048,2,10690547064
9254,50929390,42987818,93917208,8,0,0,2048,9,1218217747
9255,50936270,52878412,103814682,7,0,1,14848,7,6437122776
9256,50940560,43190304,94130864,2,0,0,16384,1,5426854965
9257,50951421,43371450,94322871,0,0,0,55296,10,80949743
9258,50951570,43837967,94789537,7,0,0,11776,7,4447381010
9259,50962330,43454969,94417299,5,0,0,9728,10,9497832248
9260,50965780,43561523,94527303,9,0,0,48128,7,748151077
9261,50970300,43142931,94113231,1,0,0,29184,19,3248111171
9262,50970510,52847718,103818228,2,0,1,5632,1,6376124263
9263,50974470,43050897,94025367,1,0,0,25088,19,1237777830
9264,50980870,43647023,94627893,2,0,0,4096,1,3504870742
9265,50984030,43120286,94104316,5,0,0,37376,10,10085427370
9266,50984930,43296203,94281133,2,0,0,512,1,6640591206
9267,50988109,43029591,94017700,3,0,0,16384,6,1711877771
9268,50994960,52825214,103820174,0,0,1,3072,10,7668671109
9269,51001960,43555391,94557351,1,0,0,26112,19,3019985679
9270,51006840,43220015,94226855,7,0,0,2560,7,2276674150
9271,51008500,43169190,94177690,6,0,0,5632,2,6727158415
9272,51012180,43431225,94443405,6,0,0,75776,2,4041299873
9273,51018740,52802254,103820994,6,0,1,9728,2,9574600299
9274,51029009,44133087,95162096,3,0,0,36352,6,786744890
9275,51038199,43724360,94762559,4,0,0,42496,6,10654431562
9276,51041650,52779690,103821340,0,0,1,512,10,7984371097
9277,51043590,52779056,103822646,6,0,1,2048,2,7628954758
9278,51052700,43696888,94749588,1,0,0,39424,19,9237480195
9279,51061960,43280874,94342834,8,0,0,13824,9,2834769814
9280,51066969,43522957,94589926,4,0,0,30720,6,8572385944
9281,51071340,43532696,94604036,1,0,0,31744,19,6558405302
9282,51081219,43378612,94459831,3,0,0,10752,6,6242243262
9283,51081880,43312817,94394697,8,0,0,9728,9,4337330138
9284,51088670,43910101,94998771,6,0,0,33280,2,8331500821
9285,51104350,44182919,95287269,8,0,0,4096,9,3001439100
9286,51119270,43618283,94737553,9,0,0,45568,7,5508312376
9287,51123620,43359179,94482799,7,0,0,6144,7,1720518556
9288,51125089,43295197,94420286,3,0,0,9728,6,1054483596
9289,51132970,44272314,95405284,2,0,0,63488,1,1393649171
9290,51135630,52688322,103823952,4,0,1,2048,6,10437115343
9291,51136930,44544378,95681308,9,0,0,49664,7,8880199188
9292,51143780,44675802,95819582,5,0,0,79360,10,2289584969
9293,51146010,43620168,94766178,9,0,0,11776,7,1009829212
9294,51151810,43917805,95069615,1,0,0,18432,19,9689085177
9295,51161371,43716447,94877818,0,0,0,22528,10,1301590268
9296,51162071,43482927,94644998,0,0,0,13824,10,8323704525
9297,51165980,43668390,94834370,2,0,0,3584,1,2331148315
9298,51174060,43679000,94853060,6,0,0,18432,2,9320640865
9299,51175210,43202335,94377545,6,0,0,17920,2,2232092599
9300,51178871,44373035,95551906,0,0,0,9216,10,10369481586
9301,51179310,44024568,95203878,2,0,0,3072,1,4348248099
9302,51181010,44364533,95545543,1,0,0,33280,19,3770462030
9303,51185179,43965818,95150997,3,0,0,27648,6,3204938284
9304,51186040,44251792,95437832,5,0,0,26624,10,4796024940
9305,51187129,43536517,94723646,3,0,0,8192,6,10123736412
9306,51189890,52642081,103831971,6,0,1,15360,2,2126515685
9307,51193750,52640158,103833908,5,0,1,23040,10,2483121357
9308,51197920,43708551,94906471,7,0,0,19968,7,9545086775
9309,51199910,44728670,95928580,9,0,0,4608,7,9282011761
9310,51209350,43464483,94673833,9,0,0,6144,7,8238543375
9311,51209820,52629253,103839073,2,0,1,7168,1,7763941832
9312,51218601,44026093,95244694,0,0,0,80384,10,5272846582
9313,51219750,44080114,95299864,6,0,0,23040,2,8994773889
9314,51220830,52632006,103852836,3,0,1,10240,6,2749914772
9315,51247870,43945848,95193718,1,0,0,18944,19,5911814294
9316,51249440,52607902,103857342,4,0,1,7168,6,1504341940
9317,51253310,43676412,94929722,8,0,0,15360,9,1886109404
9318,51260600,43534786,94795386,1,0,0,18944,19,2982074612
9319,51264370,43784836,95049206,7,0,0,10752,7,10299907589
9320,51269829,44016169,95285998,4,0,0,34816,6,6554766883
9321,51275619,44557791,95833410,4,0,0,38912,6,3222774633
9322,51276820,43383137,94659957,1,0,0,1024,19,8723519471
9323,51277299,43780751,95058050,3,0,0,12288,6,9976167088
9324,51281830,43493575,94775405,6,0,0,30208,2,6157551750
9325,51295560,43604804,94900364,7,0,0,17408,7,10090578420
9326,51296330,52561678,103858008,6,0,1,1024,2,10522043351
9327,51302170,52579839,103882009,6,0,1,11264,2,9450975944
9328,51309390,43495195,94804585,1,0,0,13824,19,761621637
9329,51318659,43637368,94956027,4,0,0,24064,6,3845345591
9330,51321301,52566302,103887603,1,0,1,18432,19,9582766993
9331,51328900,44026500,95355400,9,0,0,16896,7,5144620392
9332,51328919,43516089,94845008,4,0,0,2048,6,1678353326
9333,51332030,43990165,95322195,6,0,0,38912,2,9931564312
9334,51332130,44373872,95706002,1,0,0,80896,19,4187931585
9335,51339390,44073428,95412818,1,0,0,23040,19,10060229705
9336,51343710,43761489,95105199,2,0,0,34816,1,4525375354
9337,51343819,44191561,95535380,3,0,0,17408,6,1692390728
9338,51356340,52561000,103917340,4,0,1,24064,6,6988151227
9339,51359030,43547940,94906970,5,0,0,1536,10,1258457192
9340,51362530,43650388,95012918,7,0,0,2560,7,9171166235
9341,51362690,44122428,95485118,1,0,0,50176,19,7003872824
9342,51364110,43911257,95275367,8,0,0,45568,9,3134897787
9343,51367170,43894290,95261460,1,0,0,24576,19,3224580865
9344,51372319,52546327,103918646,8,0,1,2048,9,5751233868
9345,51373851,44066523,95440374,0,0,0,5120,10,5626259489
9346,51375730,52551750,103927480,2,0,1,7680,1,4442941386
9347,51383070,44871773,96254843,6,0,0,5632,2,3288713056
9348,51384620,52544166,103928786,4,0,1,2048,6,6183119899
9349,51388500,43611698,95000198,7,0,0,4608,7,5344996336
9350,51393650,52543995,103937645,5,0,1,32768,10,202348919
9351,51398080,52577236,103975316,4,0,1,16384,6,1085994852
9352,51398850,44205572,95604422,7,0,0,26112,7,4660283735
9353,51399710,44867667,96267377,1,0,0,2048,19,5852679278
9354,51406390,44023299,95429689,5,0,0,55296,10,8272960618
9355,51406670,43896493,95303163,5,0,0,10752,10,10658765484
9356,51413750,52562232,103975982,6,0,1,11264,2,9369464739
9357,51421290,44794581,96215871,8,0,0,15872,9,9987092338
9358,51425330,44063539,95488869,2,0,0,5120,1,8442273973
9359,51426210,43737157,95163367,9,0,0,4096,7,5528957679
9360,51426349,44369030,95795379,3,0,0,79872,6,518955804
9361,51428530,52552505,103981035,0,0,1,1024,10,6187342278
9362,51431280,52552981,103984261,9,0,1,5120,7,3163463956
9363,51437119,43589536,95026655,4,0,0,2560,6,2904386027
9364,51442570,44328427,95770997,5,0,0,64512,10,10367316067
9365,51445190,43847562,95292752,1,0,0,17920,19,5062215898
9366,51456930,43981861,95438791,9,0,0,3072,7,3012348756
9367,51464400,52525393,103989793,6,0,1,12800,2,10562756740
9368,51476150,43970643,95446793,6,0,0,20992,2,10381667525
9369,51479600,52510654,103990254,3,0,1,10240,6,3825679586
9370,51480869,44372913,95853782,4,0,0,66560,6,6205827024
9371,51484010,44443143,95927153,7,0,0,70656,7,2852812912
9372,51484140,52508380,103992520,7,0,1,3584,7,4068253739
9373,51505540,44207505,95713045,2,0,0,23040,1,7565984668
9374,51516390,52485142,104001532,2,0,1,14336,1,8221996300
9375,51533700,44766420,96300120,8,0,0,24576,9,9653299504
9376,51543440,52458758,104002198,4,0,1,1024,6,7486647076
9377,51547280,44754446,96301726,7,0,0,5120,7,7062373729
9378,51558840,44058108,95616948,5,0,0,40448,10,9048539646
9379,51562239,43958367,95520606,3,0,0,37376,6,180967116
9380,51562600,52440878,104003478,7,0,1,14336,7,7102020347
9381,51564640,44180042,95744682,7,0,0,18944,7,10573934244
9382,51568901,52443429,104012330,1,0,1,8192,19,2203595850
9383,51571419,44065169,95636588,3,0,0,2560,6,5189821405
9384,51573959,43831816,95405775,4,0,0,1536,6,7895452116
9385,51577230,52437686,104014916,6,0,1,4096,2,7910371814
9386,51578890,44280398,95859288,9,0,0,9216,7,10552827664
9387,51588420,52430042,104018462,5,0,1,5632,10,438962598
9388,51600269,44585044,96185313,4,0,0,13824,6,3275698107
9389,51602430,44041395,95643825,6,0,0,12288,2,8882246433
9390,51603010,44448844,96051854,1,0,0,20992,19,2035016059
9391,51608330,52416019,104024349,6,0,1,5632,2,3190952254
9392,51622330,52403097,104025427,7,0,1,1536,7,10525357522
9393,51622610,52432149,104054759,5,0,1,12800,10,8558089191
9394,51625050,43979551,95604601,8,0,0,512,9,7812824954
9395,51627750,44477095,96104845,9,0,0,15360,7,4092008614
9396,51648150,44208307,95856457,2,0,0,8704,1,988052936
9397,51658470,44608252,96266722,6,0,0,38912,2,1307466640
9398,51659539,44059145,95718684,3,0,0,18432,6,6977797141
9399,51659830,44419759,96079589,5,0,0,51200,10,4149036445
9400,51662950,52399597,104062547,2,0,1,3584,1,9742804879
9401,51666890,43968895,95635785,2,0,0,6144,1,10675086507
9402,51672650,44712525,96385175,7,0,0,64000,7,3301470708
9403,51673330,52389883,104063213,6,0,1,1024,2,348327972
9404,51674190,44146819,95821009,6,0,0,4608,2,2870579495
9405,51677300,43978803,95656103,7,0,0,20480,7,7509116636
9406,51683810,44759047,96442857,6,0,0,4096,2,3989098843
9407,51689940,44278509,95968449,9,0,0,29696,7,6862586863
9408,51692360,44353052,96045412,1,0,0,65536,19,3598802330
9409,51694100,44920145,96614245,5,0,0,45568,10,1983354250
9410,51700610,44363348,96063958,1,0,0,11264,19,5386125280
9411,51706100,44380110,96086210,7,0,0,21504,7,6953038009
9412,51708200,44351812,96060012,9,0,0,26624,7,4087554028
9413,51712420,44698986,96411406,2,0,0,86016,1,1176606266
9414,51720840,44644431,96365271,7,0,0,23040,7,6998353548
9415,51729640,45207680,96937320,2,0,0,37376,1,7854985018
9416,51734120,44126907,95861027,2,0,0,5632,1,5478471826
9417,51735680,44684797,96420477,5,0,0,29696,10,9052206684
9418,51738600,44082900,95821500,7,0,0,1536,7,3132398114
9419,51749080,52315439,104064519,4,0,1,2048,6,4489293442
9420,51768340,44700178,96468518,6,0,0,62464,2,10332067345
9421,51771660,44748563,96520223,7,0,0,158208,7,6168340896
9422,51776330,52309924,104086254,3,0,1,10240,6,4146504701
9423,51778660,52310500,104089160,7,0,1,4608,7,3636831377
9424,51780521,52311149,104091670,1,0,1,13824,19,9630108999
9425,51782809,44456814,96239623,3,0,0,2048,6,6228835259
9426,51785960,44157841,95943801,9,0,0,14336,7,1752280119
9427,51786210,44886985,96673195,6,0,0,31232,2,969657756
9428,51788070,44733486,96521556,2,0,0,2048,1,6874418611
9429,51789850,44633215,96423065,8,0,0,7680,9,8334356051
9430,51796009,44739344,96535353,3,0,0,7680,6,7312011906
9431,51818090,44309267,96127357,8,0,0,19968,9,7995963377
9432,51830270,44748983,96579253,8,0,0,26112,9,9710716576
9433,51830690,44069269,95899959,2,0,0,7680,1,5279108384
9434,51835350,44940264,96775614,1,0,0,12800,19,1118485129
9435,51835820,52257796,104093616,2,0,1,3072,1,5310447896
9436,51839379,45205515,97044894,3,0,0,41472,6,9146894380
9437,51843010,44217493,96060503,9,0,0,1536,7,8071241809
9438,51845940,52251939,104097879,6,0,1,6144,2,4318986034
9439,51854980,45285881,97140861,7,0,0,20480,7,10517090621
9440,51855940,44616056,96471996,5,0,0,10240,10,2565379627
9441,51874810,44811575,96686385,6,0,0,8192,2,4994696364
9442,51903980,44688579,96592559,7,0,0,22528,7,2296545437
9443,51907380,44411129,96318509,8,0,0,11264,9,934578678
9444,51907690,44331286,96238976,5,0,0,1536,10,2800137959
9445,51909230,44228515,96137745,5,0,0,2560,10,3139158642
9446,51909730,44343374,96253104,7,0,0,21504,7,1701958669
9447,51919130,44274340,96193470,9,0,0,1536,7,2832734087
9448,51924860,44170421,96095281,8,0,0,29696,9,640405249
9449,51926270,52176794,104103064,5,0,1,16384,10,7285509366
9450,51927290,44274937,96202227,5,0,0,7168,10,10510224176
9451,51931360,44361249,96292609,7,0,0,28672,7,1742065815
9452,51950680,52154330,104105010,3,0,1,3072,6,7458240202
9453,51959009,44175949,96134958,4,0,0,14336,6,1980323552
9454,51960680,52144996,104105676,3,0,1,1024,6,7718771731
9455,51983100,44549890,96532990,8,0,0,3072,9,9874377545
9456,51988110,44370095,96358205,1,0,0,25600,19,6794452486
9457,51997509,44725856,96723365,4,0,0,27136,6,9137031642
9458,52000710,52129088,104129798,2,0,1,25600,1,7104632367
9459,52007860,44860464,96868324,1,0,0,38400,19,2606798380
9460,52024720,52112638,104137358,5,0,1,30720,10,3643025559
9461,52033290,44525872,96559162,6,0,0,17408,2,3522417174
9462,52050610,44481421,96532031,7,0,0,34304,7,5267175467
9463,52060640,44824759,96885399,2,0,0,7680,1,3406208917
9464,52061100,44643008,96704108,5,0,0,512,10,9101926982
9465,52069571,52080439,104150010,1,0,1,16896,19,9904669739
9466,52074990,44738548,96813538,8,0,0,30208,9,10245510266
9467,52077000,44722585,96799585,7,0,0,36352,7,8434050509
9468,52082990,44970351,97053341,6,0,0,27648,2,7143227005
9469,52093650,44710661,96804311,5,0,0,13824,10,4130323498
9470,52098420,44584732,96683152,5,0,0,2560,10,1896627001
9471,52108299,44506749,96615048,4,0,0,2560,6,3951902797
9472,52112329,52039307,104151636,8,0,1,2560,9,279739050
9473,52119880,44796425,96916305,5,0,0,7168,10,7153095097
9474,52124250,44774260,96898510,2,0,0,15360,1,1122611514
9475,52124720,44428485,96553205,1,0,0,28160,19,4782338040
9476,52126720,52032959,104159679,6,0,1,11776,2,7625145387
9477,52126929,44238723,96365652,4,0,0,1024,6,1673947543
9478,52143810,44571085,96714895,6,0,0,35328,2,7373027280
9479,52154490,44617201,96771691,8,0,0,24576,9,7019724707
9480,52159310,44361599,96520909,7,0,0,2048,7,1037007230
9481,52160100,45170165,97330265,2,0,0,16384,1,7190471288
9482,52172710,44252562,96425272,1,0,0,7168,19,1588647331
9483,52195590,44928416,97124006,5,0,0,6144,10,10107799556
9484,52201310,44219392,96420702,1,0,0,512,19,5737261817
9485,52206540,44765624,96972164,5,0,0,56320,10,4934785025
9486,52212530,44575956,96788486,1,0,0,4096,19,5448604484
9487,52220890,51939148,104160038,2,0,1,9728,1,4661605110
9488,52225690,44754255,96979945,9,0,0,11264,7,8340907987
9489,52239410,44346262,96585672,6,0,0,20992,2,7458135165
9490,52242410,45386320,97628730,6,0,0,19456,2,10287754040
9491,52246760,44927639,97174399,1,0,0,26624,19,3465378625
9492,52251970,44771214,97023184,8,0,0,30208,9,914635049
9493,52256740,45038653,97295393,1,0,0,9728,19,9781996308
9494,52270080,44732863,97002943,2,0,0,16896,1,8233027346
9495,52272880,51887971,104160851,6,0,1,512,2,9226650297
9496,52286160,44182693,96468853,6,0,0,1024,2,9018979030
9497,52296459,44400966,96697425,4,0,0,4096,6,3454873783
9498,52297900,44417174,96715074,1,0,0,512,19,8286064475
9499,52307800,51854677,104162477,2,0,1,2560,1,9478422355
9500,52309430,44504443,96813873,2,0,0,1024,1,3343862868
9501,52314670,44886141,97200811,6,0,0,13824,2,3121651703
9502,52315280,45191378,97506658,1,0,0,40960,19,4167913549
9503,52316509,44254765,96571274,4,0,0,25088,6,2321920484
9504,52320710,44429982,96750692,1,0,0,5632,19,7431758819
9505,52321400,44707830,97029230,8,0,0,512,9,702548303
9506,52325260,45103380,97428640,6,0,0,15360,2,3091540795
9507,52326830,45830984,98157814,2,0,0,42496,1,4560088420
9508,52329790,45155202,97484992,1,0,0,6656,19,8336849562
9509,52331110,44521656,96852766,1,0,0,32256,19,9009738677
9510,52331820,45141349,97473169,7,0,0,60416,7,10003985289
9511,52336640,51830876,104167516,6,0,1,3584,2,7118213675
9512,52340140,44476884,96817024,7,0,0,10240,7,5650214369
9513,52345480,51830555,104176035,4,0,1,2560,6,9766142167
9514,52352280,51826981,104179261,7,0,1,5120,7,6514396669
9515,52369760,44467508,96837268,7,0,0,32256,7,4089121296
9516,52383250,45278412,97661662,5,0,0,17408,10,9987430050
9517,52388020,44519336,96907356,8,0,0,5632,9,8574118424
9518,52388570,44454337,96842907,9,0,0,18432,7,543242743
9519,52394420,44870827,97265247,1,0,0,9728,19,6832523681
9520,52396730,44986064,97382794,6,0,0,109056,2,16690297
9521,52398499,44401577,96800076,4,0,0,1536,6,5517164742
9522,52410690,44587082,96997772,7,0,0,51712,7,6230506674
9523,52418240,44519827,96938067,7,0,0,1024,7,5726972392
9524,52421170,45099418,97520588,6,0,0,43008,2,6071530140
9525,52421550,45256091,97677641,7,0,0,9216,7,297808657
9526,52423030,45109195,97532225,8,0,0,16896,9,2069604366
9527,52428160,44602740,97030900,9,0,0,5120,7,6422575407
9528,52431090,45353720,97784810,1,0,0,58880,19,618737200
9529,52432300,51749227,104181527,4,0,1,3584,6,71825894
9530,52434500,44471117,96905617,7,0,0,14336,7,6019652547
9531,52443330,51744540,104187870,9,0,1,6656,7,7975434008
9532,52446490,44973524,97420014,5,0,0,5632,10,8955115830
9533,52460800,51730936,104191736,5,0,1,6144,10,3617986223
9534,52463849,44610428,97074277,4,0,0,1024,6,8197475794
9535,52466619,44207223,96673842,4,0,0,2048,6,753087565
9536,52473750,44976285,97450035,9,0,0,70144,7,4812366647
9537,52476220,45120929,97597149,9,0,0,47104,7,3425740896
9538,52483660,45433267,97916927,2,0,0,14848,1,4369908986
9539,52492820,44989630,97482450,9,0,0,2048,7,3572162728
9540,52504510,45022536,97527046,8,0,0,20992,9,8631836742
9541,52531800,44291059,96822859,6,0,0,7168,2,3161718148
9542,52538530,44658046,97196576,9,0,0,9216,7,5477222723
9543,52542840,51656820,104199660,9,0,1,21504,7,149375948
9544,52551879,44936412,97488291,4,0,0,10752,6,9347630542
9545,52557590,44779855,97337445,1,0,0,3584,19,5350772150
9546,52557850,44923953,97481803,9,0,0,19968,7,2375253438
9547,52558269,45044363,97602632,4,0,0,17920,6,7956579495
9548,52565760,44656857,97222617,9,0,0,32256,7,7098693735
9549,52576910,44841365,97418275,9,0,0,116224,7,8258233346
9550,52582660,45067705,97650365,6,0,0,18944,2,10685903987
9551,52585090,45747323,98332413,2,0,0,6656,1,9379667825
9552,52588450,45217831,97806281,1,0,0,10752,19,1399285510
9553,52591590,51647275,104238865,4,0,1,6656,6,6245719919
9554,52596450,45213910,97810360,9,0,0,13312,7,2789481589
9555,52598340,51642780,104241120,2,0,1,1024,1,9529121692
9556,52603640,44322169,96925809,5,0,0,3072,10,7318010787
9557,52612140,45319851,97931991,5,0,0,39424,10,8090157373
9558,52622150,44885311,97507461,6,0,0,2560,2,4282130582
9559,52647610,44231488,96879098,9,0,0,6144,7,1773005063
9560,52648330,45076882,97725212,8,0,0,22528,9,9093109041
9561,52651080,45393314,98044394,7,0,0,23552,7,9074249020
9562,52655380,44967399,97622779,2,0,0,66048,1,6064706321
9563,52656800,44818896,97475696,6,0,0,8192,2,2583041959
9564,52661110,44312325,96973435,6,0,0,4096,2,9395882701
9565,52666671,51575115,104241786,1,0,1,1024,19,10017928727
9566,52677900,51567112,104245012,9,0,1,5120,7,386891063
9567,52678349,44456249,97134598,4,0,0,16384,6,5820450554
9568,52716440,51533078,104249518,2,0,1,7168,1,7799738985
9569,52722430,45683075,98405505,9,0,0,14848,7,431579016
9570,52727920,51522162,104250082,2,0,1,10752,1,2238920230
9571,52739240,44750790,97490030,7,0,0,5632,7,10206080330
9572,52740300,45454941,98195241,2,0,0,50688,1,4755452187
9573,52743500,45401343,98144843,9,0,0,30208,7,8585516459
9574,52759910,51490518,104250428,5,0,1,512,10,4815255797
9575,52764050,44585493,97349543,7,0,0,19968,7,8371504103
9576,52764110,45262830,98026940,9,0,0,38912,7,7874569330
9577,52767590,44941118,97708708,6,0,0,101888,2,1108394001
9578,52791460,51459429,104250889,5,0,1,10240,10,7165652805
9579,52792470,51474683,104267153,7,0,1,7168,7,8595684239
9580,52793870,45026377,97820247,9,0,0,10240,7,7128040304
9581,52795470,51472349,104267819,6,0,1,11264,2,8286712086
9582,52795699,44840128,97635827,4,0,0,13312,6,6901328915
9583,52801560,44681381,97482941,2,0,0,1536,1,194660408
9584,52820550,45151749,97972299,7,0,0,20480,7,8811164209
9585,52838990,45176071,98015061,7,0,0,31232,7,2295954809
9586,52842620,45024721,97867341,7,0,0,50176,7,638077528
9587,52848570,51424075,104272645,4,0,1,7680,6,5256589405
9588,52852690,51423181,104275871,5,0,1,5120,10,9896571582
9589,52852800,51423737,104276537,7,0,1,1024,7,2493164611
9590,52858020,44565917,97423937,6,0,0,12800,2,4936300559
9591,52863220,45788256,98651476,7,0,0,90624,7,10703079498
9592,52865630,45193857,98059487,9,0,0,12800,7,855466127
9593,52891840,44274424,97166264,2,0,0,2560,1,9222754823
9594,52894570,45302566,98197136,7,0,0,6144,7,1988700934
9595,52905530,44588625,97494155,1,0,0,13312,19,2332509146
9596,52907690,51369513,104277203,7,0,1,1024,7,1438777588
9597,52909409,44545329,97454738,4,0,0,15360,6,7840438249
9598,52912340,45359529,98271869,8,0,0,22528,9,3431677615
9599,52915670,51363799,104279469,9,0,1,3584,7,4606503712
9600,52919740,44724510,97644250,6,0,0,5632,2,9291417795
9601,52923160,51361882,104285042,7,0,1,14848,7,10204697738
9602,52923390,45150915,98074305,6,0,0,16384,2,7810331954
9603,52938500,45379827,98318327,6,0,0,27136,2,1327243992
9604,52940580,51358980,104299560,6,0,1,8704,2,9442105423
9605,52945180,45516997,98462177,7,0,0,39936,7,774776277
9606,52945390,45224771,98170161,8,0,0,40448,9,9800308261
9607,52957200,45966550,98923750,1,0,0,24064,19,5463701850
9608,52960980,45396268,98357248,9,0,0,81408,7,9620603155
9609,52964730,45566084,98530814,1,0,0,22528,19,2579088438
9610,52966460,45256907,98223367,9,0,0,86016,7,7302658878
9611,52969460,45267049,98236509,1,0,0,2048,19,560698700
9612,52971510,45293319,98264829,2,0,0,14336,1,5930028110
9613,52974970,51325896,104300866,5,0,1,2048,10,9001189188
9614,52975390,45422633,98398023,5,0,0,11776,10,9352953646
9615,52979000,45863043,98842043,1,0,0,72192,19,251993552
9616,52985350,44732975,97718325,1,0,0,29184,19,1628194485
9617,52996880,51308492,104305372,4,0,1,7168,6,10115970489
9618,53017360,45594134,98611494,2,0,0,2560,1,5193998710
9619,53025969,51280069,104306038,8,0,1,1024,9,124896588
9620,53032020,44778519,97810539,1,0,0,512,19,9887354342
9621,53041840,51266464,104308304,7,0,1,3584,7,6592977883
9622,53045020,45621501,98666521,9,0,0,34816,7,6839538990
9623,53045239,44920437,97965676,4,0,0,39936,6,7775767215
9624,53047280,45522339,98569619,6,0,0,114176,2,2341747368
9625,53057660,45416263,98473923,1,0,0,9216,19,30656083
9626,53066590,51243020,104309610,7,0,1,2048,7,2814328728
9627,53067430,44564318,97631748,2,0,0,3072,1,3302294037
9628,53075119,45529114,98604233,4,0,0,8192,6,6435123272
9629,53082180,45248182,98330362,8,0,0,39424,9,10494344494
9630,53092660,44944489,98037149,1,0,0,2560,19,5323266705
9631,53099270,44539076,97638346,2,0,0,8192,1,10213620202
9632,53100450,45770027,98870477,9,0,0,11776,7,8429425472
9633,53102690,45928473,99031163,2,0,0,65536,1,10245499622
9634,53126670,44981685,98108355,9,0,0,3584,7,8839592290
9635,53128290,45602432,98730722,8,0,0,56320,9,4570547469
9636,53128490,51181991,104310481,2,0,1,12288,1,6202760024
9637,53135010,45228345,98363355,2,0,0,19968,1,2812234162
9638,53138090,45533290,98671380,5,0,0,15872,10,8256786210
9639,53142600,44510753,97653353,6,0,0,5120,2,5127852045
9640,53158630,44472151,97630781,5,0,0,6656,10,5909798368
9641,53162780,45281869,98444649,9,0,0,22528,7,6767447129
9642,53167351,51150125,104317476,1,0,1,16384,19,4562695679
9643,53180440,44996140,98176580,8,0,0,20992,9,8177724113
9644,53211930,51107492,104319422,6,0,1,3072,2,8746228184
9645,53214030,45718373,98932403,7,0,0,14848,7,7304015020
9646,53218740,45252352,98471092,9,0,0,29184,7,3283613097
9647,53228570,51099421,104327991,9,0,1,9216,7,4344175888
9648,53229030,51105426,104334456,5,0,1,20480,10,6419430007
9649,53231470,44653687,97885157,1,0,0,32768,19,8206399150
9650,53241450,51135110,104376560,6,0,1,17408,2,4164430365
9651,53245790,45787268,99033058,5,0,0,6144,10,1181872588
9652,53251140,44597841,97848981,9,0,0,2048,7,5156450477
9653,53251651,51125985,104377636,1,0,1,13312,19,2159923903
9654,53274750,45571216,98845966,1,0,0,12800,19,9769501115
9655,53289041,51091266,104380307,1,0,1,512,19,9513015877
9656,53291010,45010643,98301653,7,0,0,19456,7,8880625352
9657,53311460,45785333,99096793,1,0,0,2560,19,5670277203
9658,53319380,44566424,97885804,7,0,0,2048,7,4220224309
9659,53325460,45407781,98733241,8,0,0,8192,9,4164773818
9660,53334050,51051083,104385133,7,0,1,7680,7,6875600159
9661,53335640,45419707,98755347,9,0,0,22528,7,6435926961
9662,53336690,45337209,98673899,6,0,0,8192,2,5161911975
9663,53343700,44885597,98229297,6,0,0,3584,2,1929911377
9664,53344320,45796343,99140663,7,0,0,60928,7,10418355865
9665,53347070,44689276,98036346,1,0,0,17408,19,10223242104
9666,53350720,44568950,97919670,1,0,0,1024,19,5612309217
9667,53353780,45961471,99315251,9,0,0,67072,7,1452950908
9668,53355050,44675969,98031019,9,0,0,13312,7,138059780
9669,53357620,45298270,98655890,5,0,0,6656,10,8192785946
9670,53363020,45230224,98593244,1,0,0,36352,19,5617115379
9671,53375460,45816056,99191516,6,0,0,2560,2,9660924505
9672,53393020,45482191,98875211,5,0,0,14336,10,6668297355
9673,53393880,45188265,98582145,1,0,0,36352,19,5135361546
9674,53394380,45696712,99091092,2,0,0,100864,1,10085902420
9675,53414430,45770176,99184606,6,0,0,15360,2,3753485883
9676,53415220,45680747,99095967,6,0,0,15872,2,220946727
9677,53415800,50972451,104388251,5,0,1,9216,10,3783362178
9678,53423990,45009367,98433357,9,0,0,5632,7,1331891268
9679,53426570,45720044,99146614,2,0,0,19456,1,253743132
9680,53431870,46326547,99758417,2,0,0,134656,1,4930503364
9681,53442080,50972910,104414990,9,0,1,19456,7,6487901291
9682,53453240,50966896,104420136,4,0,1,8192,6,3802228743
9683,53454480,50965912,104420392,2,0,1,9216,1,6563446209
9684,53463240,44760930,98224170,9,0,0,2560,7,6379666803
9685,53473149,45584022,99057171,4,0,0,62976,6,3997768245
9686,53493880,45984066,99477946,2,0,0,46592,1,7497889111
9687,53500520,45651889,99152409,1,0,0,18944,19,10389043327
9688,53512550,45354316,98866866,6,0,0,45568,2,4017069673
9689,53515110,45845987,99361097,1,0,0,36352,19,2539393823
9690,53516320,45163531,98679851,5,0,0,8704,10,7495589713
9691,53528630,45455745,98984375,2,0,0,78336,1,1991657470
9692,53530779,50892924,104423703,8,0,1,2560,9,1413323045
9693,53536080,45999569,99535649,9,0,0,39424,7,4137130390
9694,53561090,45062751,98623841,2,0,0,40448,1,6897416133
9695,53562050,45048641,98610691,6,0,0,3584,2,6971557336
9696,53569239,45001807,98571046,4,0,0,4608,6,7325392340
9697,53577870,50852824,104430694,4,0,1,5120,6,4197102077
9698,53579200,45030376,98609576,6,0,0,17408,2,614833650
9699,53590520,50841800,104432320,2,0,1,2560,1,6739537541
9700,53592700,46087771,99680471,8,0,0,2560,9,585247323
9701,53596210,44998149,98594359,6,0,0,3584,2,3886475758
9702,53599770,45750159,99349929,6,0,0,40960,2,538421098
9703,53600000,45737426,99337426,9,0,0,72704,7,7714986945
9704,53611390,45609957,99221347,9,0,0,8704,7,10322872643
9705,53616020,45585659,99201679,1,0,0,33280,19,2641301927
9706,53622010,45663656,99285666,6,0,0,34304,2,1162233969
9707,53624640,50810906,104435546,5,0,1,5120,10,6509721773
9708,53627410,50812002,104439412,7,0,1,6144,7,2060445086
9709,53628270,45329220,98957490,9,0,0,22016,7,229698285
9710,53645419,45147137,98792556,4,0,0,18432,6,10376676338
9711,53649660,45810589,99460249,7,0,0,111104,7,580316152
9712,53655020,44946694,98601714,1,0,0,24064,19,2565366672
9713,53669579,45576444,99246023,4,0,0,11264,6,4982237883
9714,53675280,45868504,99543784,2,0,0,26624,1,9934715057
9715,53679760,45068700,98748460,8,0,0,24064,9,8541158078
9716,53693350,45366987,99060337,7,0,0,10240,7,6833270456
9717,53696670,45943507,99640177,5,0,0,44032,10,7067202355
9718,53701160,50743398,104444558,7,0,1,8192,7,458052482
9719,53710930,45136463,98847393,1,0,0,4608,19,703869643
9720,53715340,45894715,99610055,6,0,0,45568,2,2051115077
9721,53718459,45315714,99034173,4,0,0,3584,6,10581313477
9722,53719900,45796549,99516449,8,0,0,8192,9,8349970641
9723,53722250,50722974,104445224,9,0,1,1024,7,3570983203
9724,53726530,45157440,98883970,6,0,0,28672,2,1147445739
9725,53747030,45841647,99588677,6,0,0,5632,2,6122671003
9726,53750910,45136359,98887269,5,0,0,10752,10,5756776444
9727,53753519,46023508,99777027,4,0,0,44544,6,5913970226
9728,53767110,46035000,99802110,9,0,0,8192,7,2527990494
9729,53776830,44877009,98653839,5,0,0,7680,10,10113472118
9730,53780740,50667521,104448261,6,0,1,4096,2,9961962613
9731,53782210,46009246,99791456,9,0,0,37376,7,3492741931
9732,53784900,46139345,99924245,1,0,0,41472,19,8731005106
9733,53791230,46169801,99961031,6,0,0,2048,2,6952992621
9734,53805960,46090824,99896784,9,0,0,48640,7,3296893252
9735,53823750,46241082,100064832,5,0,0,48128,10,1876183017
9736,53828200,50621137,104449337,9,0,1,13312,7,7169840891
9737,53828610,50625551,104454161,5,0,1,2560,10,10222610410
9738,53834370,46075697,99910067,7,0,0,43520,7,5641165588
9739,53844280,46226815,100071095,9,0,0,20480,7,7733976255
9740,53847750,45526882,99374632,6,0,0,1024,2,1086350488
9741,53847930,45356003,99203933,1,0,0,7168,19,1186958894
9742,53850670,46118781,99969451,7,0,0,12288,7,2828064554
9743,53854690,46027251,99881941,8,0,0,26112,9,5637276035
9744,53854799,46574030,100428829,4,0,0,14336,6,8576512568
9745,53860830,46285339,100146169,7,0,0,21504,7,668594739
9746,53862420,45618669,99481089,2,0,0,10240,1,758082591
9747,53869000,45234721,99103721,7,0,0,5120,7,9953064762
9748,53871240,46260350,100131590,9,0,0,89600,7,9336242415
9749,53875430,44995382,98870812,9,0,0,1024,7,6908046464
9750,53877540,45369598,99247138,9,0,0,3584,7,5514762523
9751,53885490,46410335,100295825,1,0,0,112640,19,3524103428
9752,53886700,45293203,99179903,9,0,0,43520,7,2229447559
9753,53887870,45605464,99493334,7,0,0,32256,7,9714990875
9754,53914480,50540027,104454507,6,0,1,512,2,981724666
9755,53915190,45581443,99496633,2,0,0,10752,1,9632985213
9756,53915920,46187981,100103901,8,0,0,79360,9,8755726164
9757,53926070,45557405,99483475,1,0,0,7680,19,737634232
9758,53931870,50524769,104456639,2,0,1,26112,1,9688564675
9759,53941110,50517875,104458985,2,0,1,512,1,6444980913
9760,53947340,45732328,99679668,6,0,0,129536,2,5478638700
9761,53950130,50521276,104471406,2,0,1,4608,1,6714119417
9762,53950330,50523662,104473992,6,0,1,4096,2,6710409969
9763,53954670,45143573,99098243,8,0,0,4608,9,9998489482
9764,53956200,46585752,100541952,6,0,0,10752,2,9077775958
9765,53962650,45581633,99544283,8,0,0,1536,9,2072049027
9766,53962720,45227993,99190713,1,0,0,19968,19,3572592884
9767,53963220,50602515,104565735,6,0,1,117760,2,4450919879
9768,53967250,46217815,100185065,2,0,0,57856,1,4401314299
9769,53971830,46276133,100247963,7,0,0,32768,7,10524225226
9770,53974740,45444492,99419232,8,0,0,12800,9,10023398042
9771,53975040,45587946,99562986,7,0,0,20992,7,4455820526
9772,53986380,46221530,100207910,9,0,0,43008,7,728237908
9773,53993670,46360020,100353690,1,0,0,5120,19,9688430691
9774,54000320,45611006,99611326,9,0,0,4096,7,2848524595
9775,54002810,46532357,100535167,1,0,0,49664,19,7869029138
9776,54006130,50565302,104571432,5,0,1,18944,10,10677810389
9777,54024100,46055598,100079698,1,0,0,28160,19,2967646267
9778,54036070,50554840,104590910,7,0,1,26624,7,7676257605
9779,54039040,45424687,99463727,9,0,0,11264,7,8838398463
9780,54060400,50533416,104593816,9,0,1,4608,7,4509938852
9781,54063860,50536873,104600733,4,0,1,16384,6,8743755463
9782,54065400,46299443,100364843,9,0,0,7680,7,13323705
9783,54090450,45281110,99371560,7,0,0,1024,7,946791041
9784,54090929,45532692,99623621,4,0,0,32256,6,9655265192
9785,54101500,46037016,100138516,9,0,0,20480,7,9979749540
9786,54106320,46528837,100635157,2,0,0,8704,1,5978001986
9787,54109839,50493160,104602999,8,0,1,3584,9,8252235019
9788,54113471,50490514,104603985,1,0,1,1536,19,2796098360
9789,54118480,46275069,100393549,7,0,0,24576,7,2988361006
9790,54123070,46099534,100222604,6,0,0,22016,2,10283298241
9791,54124750,46136724,100261474,8,0,0,12288,9,5226849673
9792,54125980,46768029,100894009,1,0,0,34304,19,7004335920
9793,54127980,50490661,104618641,7,0,1,12800,7,7004640975
9794,54136980,50494725,104631705,4,0,1,2048,6,8963258042
9795,54140680,50493535,104634215,9,0,1,13824,7,7843877943
9796,54151210,46339537,100490747,9,0,0,22528,7,8063185319
9797,54167750,50468731,104636481,2,0,1,3584,1,1389681813
9798,54170280,46653764,100824044,7,0,0,12288,7,6257174368
9799,54173090,46567235,100740325,7,0,0,31232,7,8090848802
9800,54175270,50484836,104660106,7,0,1,7680,7,5202541270
9801,54190029,45495457,99685486,4,0,0,16384,6,4981786801
9802,54192861,50472638,104665499,1,0,1,7168,19,7352070524
9803,54193370,46960158,101153528,2,0,0,15872,1,2038843763
9804,54202660,46121431,100324091,1,0,0,54272,19,845135620
9805,54205280,45481953,99687233,1,0,0,5632,19,7483844016
9806,54216400,45634171,99850571,1,0,0,27648,19,6251049389
9807,54217340,46266497,100483837,6,0,0,49664,2,347425579
9808,54218460,45561577,99780037,8,0,0,5632,9,5325010119
9809,54224690,46713575,100938265,1,0,0,38400,19,9357633105
9810,54229161,50448935,104678096,1,0,1,28160,19,222809240
9811,54229280,45357658,99586938,8,0,0,18944,9,2333386986
9812,54234770,45284668,99519438,9,0,0,4096,7,6750422292
9813,54236230,45979643,100215873,1,0,0,18944,19,4781261450
9814,54237870,46219727,100457597,8,0,0,40960,9,2953631176
9815,54241670,50439601,104681271,2,0,1,3072,1,7182350294
9816,54244289,45716095,99960384,4,0,0,6144,6,8585148183
9817,54262100,46333391,100595491,8,0,0,6656,9,1387857761
9818,54264939,47020713,101285652,4,0,0,75264,6,6141828899
9819,54282181,50399436,104681617,1,0,1,512,19,674113963
9820,54297600,46203474,100501074,7,0,0,33792,7,577409924
9821,54299810,45499781,99799591,6,0,0,26624,2,1725512192
9822,54324600,45438832,99763432,2,0,0,16384,1,3904666096
9823,54330230,47048423,101378653,7,0,0,77824,7,8467676102
9824,54333020,50432758,104765778,6,0,1,140288,2,8633829120
9825,54340390,45437908,99778298,7,0,0,4096,7,8869846670
9826,54346330,46000294,100346624,8,0,0,21504,9,754447132
9827,54366390,45792719,100159109,8,0,0,28672,9,5270306236
9828,54373330,45439244,99812574,6,0,0,5632,2,1340055083
9829,54378940,46220630,100599570,9,0,0,13312,7,1308052904
9830,54401989,45648156,100050145,4,0,0,25088,6,3195326417
9831,54404290,50401971,104806261,9,0,1,2048,7,10614547825
9832,54406330,46786558,101192888,8,0,0,15872,9,3743034199
9833,54415150,47001175,101416325,8,0,0,15872,9,1980781110
9834,54425000,46133040,100558040,2,0,0,19968,1,5833322156
9835,54426710,46641821,101068531,9,0,0,66560,7,5073055804
9836,54448140,46332516,100780656,8,0,0,48128,9,640267671
9837,54455470,50355297,104810767,4,0,1,7168,6,4414134650
9838,54455770,45470526,99926296,2,0,0,6656,1,1641915755
9839,54466930,45894279,100361209,6,0,0,24576,2,9274139609
9840,54469380,45788327,100257707,6,0,0,18432,2,1346033622
9841,54472540,46546979,101019519,1,0,0,31232,19,5492327738
9842,54474930,46212043,100686973,8,0,0,18432,9,3118659662
9843,54494530,46303726,100798256,9,0,0,48640,7,9522069303
9844,54505740,45834309,100340049,1,0,0,40448,19,6367672378
9845,54514949,45677627,100192576,4,0,0,24576,6,5711992572
9846,54541870,45667779,100209649,8,0,0,5632,9,6777982101
9847,54567870,50246443,104814313,2,0,1,5632,1,7336218833
9848,54577670,46833796,101411466,2,0,0,53760,1,4330472380
9849,54581650,46273568,100855218,8,0,0,54784,9,9068576115
9850,54595400,45642533,100237933,9,0,0,29184,7,10467250397
9851,54600670,45986250,100586920,8,0,0,28160,9,2213577970
9852,54604191,50210276,104814467,1,0,1,8704,19,10633323844
9853,54617000,45577783,100194783,8,0,0,7168,9,6134678025
9854,54640040,45464196,100104236,7,0,0,1024,7,10110478513
9855,54640460,47043438,101683898,8,0,0,3072,9,9208784336
9856,54646230,46734318,101380548,2,0,0,6144,1,8931272812
9857,54646340,45485913,100132253,6,0,0,2048,2,7415320620
9858,54655020,45302431,99957451,2,0,0,5632,1,6901343625
9859,54668770,50146363,104815133,4,0,1,1024,6,6533464030
9860,54702120,50118198,104820318,4,0,1,16384,6,9315936289
9861,54718140,45820505,100538645,1,0,0,8704,19,2613314591
9862,54724520,45307587,100032107,8,0,0,5632,9,9672693371
9863,54726160,46904266,101630426,9,0,0,131584,7,2528004204
9864,54731609,45712553,100444162,4,0,0,19968,6,410434534
9865,54748230,50073394,104821624,7,0,1,2048,7,2194193530
9866,54768100,45528750,100296850,6,0,0,2048,2,6060995632
9867,54769520,50057250,104826770,9,0,1,8192,7,8056640608
9868,54772110,45763860,100535970,2,0,0,2560,1,5078426435
9869,54787140,45540562,100327702,6,0,0,11776,2,6155720859
9870,54823029,46867154,101690183,4,0,0,20480,6,1487849573
9871,54825409,45872507,100697916,4,0,0,35840,6,2700785214
9872,54831489,47127812,101959301,4,0,0,32256,6,7598509231
9873,54838970,50001513,104840483,2,0,1,24576,1,5983500978
9874,54848389,45849706,100698095,4,0,0,512,6,865803447
9875,54852570,46897511,101750081,2,0,0,29184,1,2029802273
9876,54853690,45802024,100655714,9,0,0,41984,7,33068159
9877,54858440,45493667,100352107,2,0,0,17920,1,10621275912
9878,54866410,49975379,104841789,4,0,1,2048,6,7396520390
9879,54867501,49976874,104844375,1,0,1,4096,19,7521589114
9880,54885990,49959153,104845143,2,0,1,11776,1,7162279109
9881,54929670,46660649,101590319,7,0,0,105984,7,3422382846
9882,54951130,45676638,100627768,2,0,0,26112,1,3861581319
9883,54965081,49880408,104845489,1,0,1,512,19,5020591216
9884,54968269,46580588,101548857,4,0,0,38912,6,6607310391
9885,54970290,45754842,100725132,9,0,0,32256,7,4682211030
9886,54971010,46038970,101009980,1,0,0,24064,19,1569612763
9887,54972780,46699061,101671841,9,0,0,52224,7,2913165544
9888,54979060,45823789,100802849,2,0,0,14848,1,9125637273
9889,54983190,45933343,100916533,1,0,0,22528,19,3238564388
9890,54985190,45377290,100362480,7,0,0,4096,7,6059000840
9891,54992440,45822591,100815031,1,0,0,3072,19,552953664
9892,54996460,46843969,101840429,6,0,0,2048,2,9210703984
9893,55004020,45892999,100897019,7,0,0,512,7,10468816298
9894,55035370,45512598,100547968,1,0,0,6656,19,9835588340
9895,55035810,45534607,100570417,9,0,0,18944,7,884705526
9896,55038720,49811941,104850661,2,0,1,8192,1,831806201
9897,55041531,49811207,104852738,1,0,1,1536,19,3905156203
9898,55065630,45604000,100669630,9,0,0,1536,7,9353447181
9899,55071930,46917456,101989386,7,0,0,17408,7,1306723891
9900,55088040,45476582,100564622,9,0,0,20480,7,1603720851
9901,55089780,49763944,104853724,2,0,1,1536,1,875435105
9902,55092340,45869540,100961880,2,0,0,60928,1,10126417834
9903,55111280,45553037,100664317,1,0,0,28160,19,1396233907
9904,55115000,49882123,104997123,6,0,1,231936,2,6845598314
9905,55120649,46606596,101727245,4,0,0,87040,6,6852153333
9906,55121030,49876759,104997789,9,0,1,11264,7,108981607
9907,55133860,49884733,105018593,9,0,1,8704,7,5107836425
9908,55145040,49879329,105024369,2,0,1,3072,1,3338984270
9909,55153600,45511676,100665276,1,0,0,3072,19,2164437924
9910,55164290,46491624,101655914,1,0,0,5120,19,1025571696
9911,55185270,45896403,101081673,1,0,0,11264,19,9884775126
9912,55185320,46847068,102032388,1,0,0,7680,19,4626428875
9913,55188380,46646529,101834909,6,0,0,4096,2,2975078508
9914,55191781,49833459,105025240,1,0,1,12288,19,954224027
9915,55193860,46623451,101817311,6,0,0,58368,2,9195984649
9916,55215040,45933629,101148669,6,0,0,17408,2,6875642614
9917,55220070,49808571,105028641,6,0,1,3072,2,7569703224
9918,55221370,47256273,102477643,6,0,0,81408,2,4463084381
9919,55226090,47060848,102286938,1,0,0,89088,19,7100318844
9920,55226309,46679130,101905439,4,0,0,44032,6,5915179783
9921,55229110,49800517,105029627,2,0,1,1536,1,5458683183
9922,55260140,47083640,102343780,6,0,0,37888,2,9940247947
9923,55267020,50053422,105320442,6,0,1,371200,2,430742449
9924,55283100,46111971,101395071,1,0,0,47616,19,7706116790
9925,55294150,45602690,100896840,6,0,0,9216,2,9108510181
9926,55335529,45927168,101262697,4,0,0,34816,6,5062419608
9927,55339430,45848599,101188029,9,0,0,25600,7,8344158434
9928,55345110,46191211,101536321,1,0,0,14848,19,6178277348
9929,55362629,45707485,101070114,4,0,0,5120,6,4127113131
9930,55366159,45928523,101294682,4,0,0,10752,6,7309807636
9931,55380960,46081987,101462947,6,0,0,32256,2,463745227
9932,55381820,45696398,101078218,6,0,0,24064,2,1053349134
9933,55392630,45898684,101291314,6,0,0,18432,2,2518676736
9934,55396349,46706912,102103261,4,0,0,29696,6,8363394373
9935,55401119,45594604,100995723,4,0,0,4096,6,6573892496
9936,55409710,46042594,101452304,1,0,0,14848,19,7035684506
9937,55415660,45626239,101041899,2,0,0,8192,1,2002880940
9938,55420419,46552016,101972435,4,0,0,43008,6,333739077
9939,55436820,45785220,101222040,2,0,0,20480,1,8159327414
9940,55441509,45767776,101209285,4,0,0,10752,6,9441424576
9941,55447510,45768267,101215777,2,0,0,14336,1,8504571700
9942,55499620,45745224,101244844,1,0,0,28160,19,4300957958
9943,55510300,49835439,105345739,6,0,1,49664,2,2076111792
9944,55514290,45603947,101118237,6,0,0,16896,2,7873354108
9945,55517340,46620924,102138264,9,0,0,84480,7,6858136905
9946,55521070,45633261,101154331,6,0,0,2560,2,2944943734
9947,55544000,45542114,101086114,2,0,0,4608,1,1471328803
9948,55546560,49819190,105365750,9,0,1,6656,7,2155757863
9949,55586660,46498511,102085171,2,0,0,140288,1,9469440780
9950,55591510,46582226,102173736,6,0,0,56832,2,7869485587
9951,55598150,49768586,105366736,9,0,1,1536,7,5131935533
9952,55627370,46285260,101912630,9,0,0,23552,7,526155630
9953,55648190,46553254,102201444,9,0,0,22528,7,10180317244
9954,55659660,45841457,101501117,2,0,0,38400,1,6555677596
9955,55693410,46481760,102175170,6,0,0,4608,2,8769069127
9956,55707050,46484233,102191283,6,0,0,52736,2,8613273716
9957,55735140,45947792,101682932,9,0,0,36352,7,901947551
9958,55745580,45500836,101246416,9,0,0,3072,7,8594937894
9959,55752150,45902189,101654339,1,0,0,14336,19,3944650214
9960,55783130,46469032,102252162,2,0,0,21504,1,10314655808
9961,55791480,46138571,101930051,6,0,0,11264,2,6833413703
9962,55811510,45367117,101178627,6,0,0,9216,2,8490555365
9963,55834790,49533252,105368042,9,0,1,2048,7,1716346865
9964,55853550,45847130,101700680,6,0,0,3584,2,9567271686
9965,55858680,46429921,102288601,6,0,0,3072,2,51028029
9966,55905510,45962156,101867666,1,0,0,26624,19,5054355685
9967,55915800,46670786,102586586,6,0,0,38400,2,777622982
9968,55975850,45674106,101649956,6,0,0,55808,2,10111346877
9969,55977140,45714306,101691446,1,0,0,4096,19,7308855589
9970,55992350,45780455,101772805,1,0,0,17920,19,5780001483
9971,56009800,45408100,101417900,6,0,0,5120,2,9109225968
9972,56012570,49430979,105443549,6,0,1,84992,2,7836743817
9973,56035380,46372375,102407755,9,0,0,85504,7,4175822256
9974,56035880,46296341,102332221,6,0,0,35328,2,658268433
9975,56038050,46664667,102702717,9,0,0,54272,7,845857137
9976,56097260,49349515,105446775,9,0,1,5120,7,3339434599
9977,56099040,45909372,102008412,1,0,0,4608,19,8006764731
9978,56131510,45795034,101926544,9,0,0,16896,7,4391546881
9979,56139590,46082929,102222519,1,0,0,69120,19,7809864722
9980,56153630,49295091,105448721,9,0,1,3072,7,8778348323
9981,56166800,45817252,101984052,9,0,0,16384,7,6303365127
9982,56222390,45934015,102156405,1,0,0,59392,19,2978515334
9983,56228030,46221857,102449887,9,0,0,62464,7,7611159564
9984,56246430,49203917,105450347,9,0,1,2560,7,1546535383
9985,56256160,45484999,101741159,1,0,0,45568,19,186353319
9986,56316080,45434640,101750720,9,0,0,2048,7,8908996581
9987,56326890,45767278,102094168,9,0,0,29184,7,2926052845
9988,56339740,45519799,101859539,9,0,0,23552,7,9032799147
9989,56440740,45972052,102412792,9,0,0,16384,7,6663738306
9990,56494410,45138527,101632937,1,0,0,8192,19,10146782123
9991,56496960,45424421,101921381,9,0,0,28672,7,10419352722
9992,56573030,45941125,102514155,1,0,0,12800,19,2485331279
9993,56581160,46186315,102767475,9,0,0,33792,7,7898118332
9994,56640080,46160344,102800424,9,0,0,2560,7,5920437203
9995,56644210,45782637,102426847,1,0,0,46080,19,7675521606
9996,56671970,45572428,102244398,1,0,0,43520,19,1010820681
9997,56738690,44960883,101699573,1,0,0,26624,19,8139461085
9998,56889720,48560781,105450501,9,0,1,8704,7,6760025192
9999,56897220,45642746,102539966,9,0,0,21504,7,1365057747
