RequestID,ArrivalTime,DelayTime,FinishTime,InitiatorID,TargetID,IOType,Size,VolumeID,Offset
0,0,76159,76159,0,0,0,10240,2,9618633670
1,1,185397,185398,1,0,0,66048,15,10339391655
2,2,4653,4655,3,0,1,4608,1,5308846666
3,3,245360,245363,4,0,0,25600,16,5619090934
4,4,109782,109786,5,0,0,18432,13,9998640933
5,5,53222,53227,6,0,0,512,13,7726710138
6,6,165253,165259,7,0,0,9216,4,7963571688
7,7,113234,113241,8,0,0,11264,17,5632279647
8,8,232088,232096,9,0,0,20480,13,5074407512
9,9,150512,150521,2,0,0,14848,12,5661098894
10,760,6161,6921,4,0,1,3584,16,5483091646
11,2530,122431,124961,1,0,0,1536,15,7425989029
12,2800,12666,15466,8,0,1,20992,17,9861849456
13,4310,258853,263163,7,0,0,28672,4,1122771280
14,5620,508272,513892,6,0,0,43520,13,3625669902
15,5630,59510,65140,0,0,0,2048,2,2347952906
16,6040,196056,202096,2,0,0,43008,12,4297216266
17,16160,452135,468295,6,0,0,16896,13,3034217256
18,23550,290229,313779,3,0,0,13312,1,6032879994
19,26960,519679,546639,5,0,0,16896,13,3966100046
20,29601,7706,37307,9,0,1,8192,13,2776780838
21,32030,331007,363037,0,0,0,10752,2,6245268429
22,34450,269865,304315,8,0,0,4608,17,8404669663
23,36200,11791,47991,8,0,1,19456,17,5409444357
24,37880,309968,347848,3,0,0,90624,1,9839205680
25,43550,348743,392293,2,0,0,33280,12,2299065203
26,44840,337298,382138,1,0,0,25600,15,10558663706
27,45300,308803,354103,3,0,0,20480,1,1668616894
28,72200,507083,579283,5,0,0,27648,13,10203672188
29,75910,532568,608478,3,0,0,95744,1,6760020614
30,84870,597000,681870,1,0,0,38400,15,5559003640
31,94380,444655,539035,1,0,0,26112,15,3419393263
32,95060,308309,403369,3,0,0,1536,1,8051707678
33,95140,4679,99819,8,0,1,12288,17,5529926038
34,96780,298363,395143,7,0,0,4096,4,840034512
35,106820,188429,295249,7,0,0,11264,4,446998664
36,107410,1313775,1421185,9,0,0,15872,13,4787649663
37,110440,247166,357606,5,0,0,11264,13,183459748
38,113799,4162,117961,4,0,1,11264,16,3356293450
39,140900,629133,770033,1,0,0,512,15,999094343
40,145851,5802,151653,5,0,1,6144,13,234115897
41,151400,643688,795088,3,0,0,18432,1,7940861340
42,151490,484937,636427,7,0,0,22016,4,7301558773
43,165780,504359,670139,2,0,0,8704,12,4421348657
44,167620,499829,667449,9,0,0,59392,13,769912935
45,181240,664783,846023,7,0,0,19968,4,309051079
46,193290,9882,203172,3,0,1,1024,1,1434620013
47,195020,510665,705685,9,0,0,17920,13,8283986277
48,199750,26070,225820,3,0,1,41984,1,1354483795
49,219410,1291315,1510725,9,0,0,64512,13,2792657704
50,231490,577379,808869,0,0,0,2048,2,4570764915
51,231660,392407,624067,0,0,0,6656,2,8128109074
52,235900,533931,769831,3,0,0,24064,1,5770238456
53,237690,602218,839908,2,0,0,48128,12,10438749511
54,240220,288483,528703,5,0,0,17920,13,4399667555
55,246580,744395,990975,2,0,0,79360,12,3831251551
56,250210,194409,444619,8,0,0,4096,17,188102112
57,251430,759511,1010941,1,0,0,25600,15,9735818020
58,253590,488473,742063,6,0,0,5120,13,5087523723
59,253921,9265,263186,6,0,1,14848,13,3134990870
60,254900,392858,647758,6,0,0,5632,13,987919953
61,260580,434293,694873,7,0,0,42496,4,390022023
62,269370,566,269936,8,0,1,512,17,185494062
63,270010,1942559,2212569,4,0,0,71680,16,5757959964
64,281740,285180,566920,3,0,0,3584,1,9507041853
65,285770,2870,288640,2,0,1,8704,12,2844172197
66,287940,1198056,1485996,0,0,0,16896,2,2752934448
67,293790,646087,939877,5,0,0,10240,13,9277523950
68,295330,5196,300526,8,0,1,13312,17,2514484421
69,300430,1572512,1872942,0,0,0,3584,2,5829537625
70,301240,1064164,1365404,0,0,0,2560,2,8742880113
71,304620,554755,859375,9,0,0,14336,13,1967959809
72,305140,8654,313794,3,0,1,5632,1,9348212416
73,307390,1508785,1816175,2,0,0,54784,12,96821251
74,307760,392144,699904,1,0,0,16384,15,10265491923
75,320730,42322,363052,8,0,1,8704,17,10470936043
76,324011,42484,366495,9,0,1,6656,13,9096636831
77,327219,65105,392324,7,0,1,45568,4,3235903947
78,330680,706990,1037670,6,0,0,87552,13,6145630962
79,331810,1428591,1760401,1,0,0,41472,15,5664166444
80,337530,514423,851953,4,0,0,11776,16,9683889539
81,350390,1449078,1799468,9,0,0,13824,13,7675749453
82,382000,982569,1364569,0,0,0,97792,2,3055888035
83,385470,10337,395807,4,0,1,3584,16,6811226905
84,387750,8597,396347,8,0,1,8704,17,3949192688
85,390790,1268952,1659742,6,0,0,53248,13,9161044565
86,391101,12734,403835,6,0,1,8192,13,9256025349
87,404460,591154,995614,2,0,0,8704,12,2877477808
88,410610,632427,1043037,4,0,0,17408,16,10038684059
89,413580,505384,918964,7,0,0,23040,4,5614899272
90,413600,673637,1087237,7,0,0,8192,4,9286128792
91,414110,1505843,1919953,0,0,0,18432,2,3342292275
92,414120,197065,611185,2,0,0,8704,12,1139041787
93,417540,915090,1332630,0,0,0,88576,2,9545969856
94,431980,2017346,2449326,8,0,0,7168,17,10659943987
95,432240,1848271,2280511,1,0,0,17920,15,4569636737
96,435930,1251673,1687603,2,0,0,53248,12,2738377145
97,449971,18339,468310,6,0,1,24064,13,3034986668
98,462100,385818,847918,5,0,0,6144,13,3135492519
99,465370,1591732,2057102,6,0,0,2560,13,9163755960
100,465470,259386,724856,0,0,0,512,2,2162539188
101,467899,1495,469394,4,0,1,1024,16,6157763802
102,473440,1966826,2440266,3,0,0,49152,1,9515842909
103,474680,1884343,2359023,1,0,0,10240,15,1136361888
104,482200,653847,1136047,1,0,0,25600,15,3177224210
105,486790,591501,1078291,2,0,0,33792,12,7885249014
106,492120,122560,614680,8,0,0,11264,17,1724082122
107,494770,1114604,1609374,5,0,0,35840,13,5198185396
108,495270,1860586,2355856,3,0,0,32256,1,9286301617
109,496990,1825848,2322838,1,0,0,20992,15,8238799908
110,497430,1474428,1971858,4,0,0,24064,16,9978333992
111,504170,488777,992947,7,0,0,5120,4,5472946661
112,509190,8158,517348,2,0,1,3584,12,1777607462
113,512020,7274,519294,3,0,1,3072,1,6081045457
114,522330,1344795,1867125,7,0,0,45056,4,6579088259
115,524470,1019759,1544229,8,0,0,3072,17,916834701
116,527660,1639934,2167594,5,0,0,12800,13,4281721413
117,528420,1183137,1711557,3,0,0,66048,1,6624804697
118,531430,1340078,1871508,6,0,0,14336,13,8575147077
119,540500,1648816,2189316,7,0,0,55808,4,5513992795
120,546310,1233075,1779385,2,0,0,9216,12,5026652935
121,551270,1413241,1964511,3,0,0,136704,1,1299144109
122,552360,2234216,2786576,5,0,0,51712,13,4637032027
123,553150,1031216,1584366,9,0,0,1536,13,6240422856
124,555210,974290,1529500,7,0,0,61440,4,5610852610
125,556040,3038231,3594271,2,0,0,26112,12,4802092461
126,559000,3141159,3700159,2,0,0,1536,12,7751263985
127,562270,482030,1044300,0,0,0,4096,2,4270616767
128,562640,1906237,2468877,0,0,0,13312,2,5992945762
129,569900,577529,1147429,2,0,0,4096,12,6387070085
130,570560,764113,1334673,0,0,0,6656,2,5918378604
131,571940,908885,1480825,5,0,0,81920,13,4970570102
132,574960,1840405,2415365,8,0,0,17408,17,9294880783
133,583390,1234852,1818242,5,0,0,6656,13,8446288513
134,583860,989936,1573796,3,0,0,21504,1,7388225832
135,584410,948281,1532691,4,0,0,10240,16,8199135233
136,587370,33547,620917,8,0,1,6656,17,3987629061
137,595630,1178826,1774456,7,0,0,46080,4,6572968176
138,598990,941951,1540941,1,0,0,22528,15,2675088237
139,599720,2218141,2817861,5,0,0,72192,13,2905829273
140,602120,2266941,2869061,6,0,0,31232,13,3487028855
141,606200,15063,621263,3,0,1,512,1,1158906978
142,606380,1682441,2288821,5,0,0,13312,13,8289257997
143,609230,1062110,1671340,5,0,0,24576,13,1532456397
144,613640,1024224,1637864,6,0,0,25088,13,7977462337
145,614850,9240,624090,3,0,1,3584,1,979402910
146,622601,13841,636442,1,0,1,17920,15,5789654699
147,624909,16984,641893,7,0,1,20480,4,4837960138
148,627790,2204009,2831799,6,0,0,30720,13,9053806515
149,630420,1678255,2308675,2,0,0,29696,12,8514249042
150,631600,2298221,2929821,7,0,0,25088,4,3160311450
151,633361,14412,647773,5,0,1,17920,13,9315689779
152,635570,1274040,1909610,6,0,0,19968,13,6782801845
153,636471,31001,667472,6,0,1,3072,13,2012862805
154,644290,2969893,3614183,7,0,0,25088,4,10319584430
155,649420,3660663,4310083,7,0,0,37376,4,4328359533
156,649870,3511111,4160981,7,0,0,65536,4,6610065130
157,652510,1180644,1833154,8,0,0,20480,17,1234161547
158,654370,989133,1643503,3,0,0,18432,1,4396750526
159,655390,2428727,3084117,5,0,0,62976,13,4264458982
160,661349,38578,699927,7,0,1,9216,4,2199112721
161,666591,39117,705708,6,0,1,14848,13,8319580929
162,679710,26013,705723,4,0,1,1024,16,6850945287
163,687150,902090,1589240,3,0,0,6656,1,5899697216
164,699370,1122319,1821689,3,0,0,11264,1,3657234606
165,704960,1368546,2073506,0,0,0,6144,2,6703276474
166,713350,2801688,3515038,5,0,0,45056,13,5974923926
167,728030,2120475,2848505,4,0,0,512,16,3521453988
168,730460,1290480,2020940,9,0,0,6144,13,7361622491
169,733490,1242311,1975801,3,0,0,12288,1,1900345027
170,743620,3604869,4348489,6,0,0,42496,13,8022465423
171,743761,7724,751485,5,0,1,8192,13,538769143
172,743770,2172090,2915860,0,0,0,56320,2,2308775309
173,745429,7042,752471,7,0,1,1536,4,5036177102
174,745561,11096,756657,1,0,1,6656,15,2560028057
175,746060,2636499,3382559,7,0,0,25600,4,3390033550
176,748760,12403,761163,0,0,1,7168,2,4138030430
177,751050,938947,1689997,2,0,0,7680,12,2511486062
178,751760,3361616,4113376,6,0,0,22528,13,8169441345
179,752760,2198025,2950785,3,0,0,5632,1,7010387388
180,753431,16415,769846,6,0,1,6144,13,10196294033
181,755540,2352870,3108410,6,0,0,25088,13,9637633343
182,756370,1360534,2116904,2,0,0,16384,12,8425525415
183,761950,3664812,4426762,4,0,0,20992,16,5930956217
184,765560,1372370,2137930,4,0,0,41472,16,5048159554
185,768910,3076,771986,3,0,1,2048,1,1528958400
186,774240,566,774806,3,0,1,512,1,5237763839
187,787840,2731285,3519125,2,0,0,13312,12,6036602944
188,787970,2143598,2931568,0,0,0,5632,2,6626860134
189,793710,3844765,4638475,3,0,0,54272,1,3306572136
190,794920,1419723,2214643,6,0,0,6656,13,3484874908
191,801430,975124,1776554,5,0,0,3584,13,1844948853
192,806130,1649761,2455891,8,0,0,13824,17,461215224
193,810070,1673775,2483845,0,0,0,512,2,8898638463
194,813020,3619264,4432284,1,0,0,10240,15,1756648427
195,813300,5802,819102,8,0,1,6144,17,9688219774
196,817130,2119799,2936929,8,0,0,10240,17,5095421214
197,819050,4431,823481,0,0,1,11776,2,4984302198
198,820880,2126895,2947775,4,0,0,6144,16,10144083546
199,824510,2315240,3139750,1,0,0,22528,15,6751976104
200,826420,1210844,2037264,5,0,0,12288,13,595305022
201,826580,25388,851968,0,0,1,5632,2,3028747700
202,852930,422539,1275469,5,0,0,8704,13,4648342919
203,853060,6338,859398,2,0,1,5120,12,3312786024
204,857790,1982713,2840503,7,0,0,23552,4,3756787721
205,860800,2088246,2949046,3,0,0,4096,1,6268333225
206,863570,3918097,4781667,3,0,0,47104,1,7038391140
207,867551,7230,874781,1,0,1,7680,15,2980292721
208,867949,11018,878967,4,0,1,6656,16,9648360897
209,872180,3386126,4258306,3,0,0,34816,1,5391121078
210,873720,1694420,2568140,4,0,0,5632,16,10110070445
211,874000,2698783,3572783,0,0,0,70144,2,9995106812
212,877300,4002857,4880157,4,0,0,20480,16,9452500926
213,878950,2185964,3064914,0,0,0,30208,2,10017005617
214,882460,2355066,3237526,2,0,0,31744,12,6627381249
215,894870,931842,1826712,4,0,0,16384,16,8151382571
216,903420,3718119,4621539,0,0,0,41984,2,5856492004
217,907400,2926254,3833654,3,0,0,36864,1,8824068443
218,909230,2980528,3889758,8,0,0,78848,17,1433214279
219,909810,1860972,2770782,2,0,0,51712,12,6013401674
220,918391,1131,919522,6,0,1,512,13,9477420873
221,927960,847487,1775447,2,0,0,3072,12,4297280498
222,932630,3751425,4684055,3,0,0,92672,1,247285965
223,933610,1585833,2519443,7,0,0,5632,4,1861292044
224,936100,2476644,3412744,8,0,0,53248,17,7351671188
225,939010,1641429,2580439,3,0,0,9216,1,2346920436
226,940340,7230,947570,2,0,1,7680,12,9428910206
227,940700,723121,1663821,7,0,0,13312,4,2436787174
228,942081,6475,948556,6,0,1,1536,13,8047234314
229,946140,4100291,5046431,8,0,0,19456,17,781562872
230,949520,2472113,3421633,0,0,0,2048,2,660538732
231,949620,11791,961411,2,0,1,19456,12,3883193973
232,954480,2141878,3096358,7,0,0,16384,4,98848167
233,960150,1096157,2056307,8,0,0,11264,17,1594194555
234,961460,3333427,4294887,5,0,0,13312,13,6049929346
235,963430,4500557,5463987,3,0,0,37376,1,5218958837
236,965570,2301247,3266817,7,0,0,9728,4,1369596954
237,968810,3904273,4873083,7,0,0,11264,4,402347404
238,971131,27684,998815,5,0,1,8192,13,3971713903
239,971409,31272,1002681,7,0,1,6144,4,6993319564
240,976470,26557,1003027,2,0,1,512,12,137654264
241,981360,4854043,5835403,6,0,0,9728,13,2320239868
242,983190,2310946,3294136,4,0,0,9728,16,5594889369
243,984000,26956,1010956,2,0,1,1536,12,7794673798
244,993900,1099737,2093637,0,0,0,11264,2,6827352690
245,994100,2782020,3776120,3,0,0,4096,1,5186694587
246,995889,15082,1010971,7,0,1,13824,4,2044770338
247,997340,2316586,3313926,8,0,0,6144,17,6483608252
248,1008480,2132377,3140857,0,0,0,3584,2,6457634975
249,1017260,3119964,4137224,2,0,0,46592,12,111240873
250,1018760,1829574,2848334,6,0,0,25600,13,10313166347
251,1019090,2891649,3910739,6,0,0,18944,13,9472717497
252,1020370,3420517,4440887,1,0,0,28160,15,5145111636
253,1022611,25418,1048029,6,0,1,10240,13,1273292122
254,1023349,26149,1049498,4,0,1,2048,16,3922583356
255,1030570,2279665,3310235,5,0,0,52736,13,1692394344
256,1033360,18980,1052340,0,0,1,11264,2,9882873684
257,1033540,2552752,3586292,6,0,0,9728,13,437321064
258,1033670,2772032,3805702,7,0,0,26624,4,1479270004
259,1035440,1884507,2919947,7,0,0,13312,4,380645300
260,1038250,1445408,2483658,5,0,0,24064,13,1428652623
261,1043280,14140,1057420,8,0,1,6144,17,4718137540
262,1055530,4716393,5771923,2,0,0,19456,12,7881095014
263,1063219,15087,1078306,7,0,1,15360,4,7902708290
264,1065420,2152942,3218362,5,0,0,114176,13,5302551832
265,1065550,2839402,3904952,3,0,0,20480,1,1588242100
266,1071460,2785885,3857345,1,0,0,2560,15,220961951
267,1074410,3097826,4172236,5,0,0,36864,13,4721204032
268,1077320,4480634,5557954,1,0,0,14848,15,326750202
269,1080930,3926294,5007224,2,0,0,41472,12,813249872
270,1082550,3337146,4419696,2,0,0,78848,12,1498098221
271,1091350,4534539,5625889,3,0,0,35328,1,3008289069
272,1093911,3904,1097815,1,0,1,10752,15,5995673576
273,1096649,3533,1100182,4,0,1,3072,16,7338559984
274,1103399,10499,1113898,7,0,1,16896,4,2685136719
275,1111200,2878522,3989722,6,0,0,35328,13,10128068996
276,1112091,3113,1115204,9,0,1,2048,13,394203131
277,1124250,4166597,5290847,8,0,0,49152,17,4333505033
278,1126840,2247880,3374720,3,0,0,82944,1,9965915579
279,1130050,2284769,3414819,5,0,0,6656,13,4454981916
280,1130800,5830,1136630,3,0,1,512,1,3765474157
281,1144360,1201653,2346013,0,0,0,24576,2,659295734
282,1170800,4520687,5691487,1,0,0,5120,15,5045615093
283,1180250,2910250,4090500,1,0,0,9216,15,1938755244
284,1181121,106704,1287825,6,0,1,177664,13,7889204028
285,1189950,5488935,6678885,0,0,0,51200,2,617312222
286,1193700,94893,1288593,2,0,1,11776,12,10061513140
287,1198011,93488,1291499,9,0,1,4608,13,7026187345
288,1199400,4873999,6073399,0,0,0,16896,2,10577702236
289,1212890,2136519,3349409,4,0,0,50688,16,3062448876
290,1217780,3177861,4395641,0,0,0,47616,2,1573347527
291,1221951,72774,1294725,9,0,1,5120,13,10598136942
292,1224370,2299450,3523820,4,0,0,15360,16,8920302856
293,1224800,4249373,5474173,6,0,0,13824,13,2609330380
294,1224860,3221822,4446682,4,0,0,18944,16,9732432212
295,1232670,1332777,2565447,8,0,0,14336,17,10388985710
296,1232740,5898313,7131053,6,0,0,17920,13,1749471220
297,1234190,1599106,2833296,0,0,0,1536,2,4926948736
298,1237710,787629,2025339,2,0,0,9216,12,4273480957
299,1239271,95457,1334728,6,0,1,103424,13,10656040289
300,1239360,1185915,2425275,8,0,0,3584,17,8503041918
301,1240350,4843555,6083905,7,0,0,31744,4,2248380657
302,1248220,1574180,2822400,2,0,0,14848,12,1620979591
303,1250300,3456334,4706634,2,0,0,35328,12,6681381191
304,1256120,2215733,3471853,5,0,0,512,13,10658428792
305,1257100,2737949,3995049,0,0,0,17408,2,7275755418
306,1258760,2480539,3739299,4,0,0,17408,16,4291989571
307,1263800,2785069,4048869,5,0,0,47616,13,5513691840
308,1266310,1617001,2883311,2,0,0,28160,12,8203876382
309,1271330,2408414,3679744,6,0,0,6656,13,3349860021
310,1275069,59674,1334743,4,0,1,2560,16,1086389911
311,1278100,1644054,2922154,4,0,0,7168,16,10227976570
312,1282850,3033831,4316681,2,0,0,16896,12,1437992003
313,1286360,4866106,6152466,0,0,0,102400,2,3094542576
314,1290941,43817,1334758,5,0,1,15872,13,7977149162
315,1299750,1496069,2795819,1,0,0,30208,15,3047985242
316,1304340,3351456,4655796,5,0,0,53248,13,8254724784
317,1315040,718465,2033505,7,0,0,3584,4,2771319834
318,1316420,1793892,3110312,8,0,0,4096,17,9028300635
319,1318230,3273678,4591908,7,0,0,20992,4,2122099552
320,1320200,1084169,2404369,6,0,0,7168,13,4019869974
321,1321480,2595562,3917042,3,0,0,20480,1,1185157405
322,1332250,1379489,2711739,1,0,0,39936,15,10425203420
323,1332641,36000,1368641,1,0,1,9216,15,8168189248
324,1337120,6310732,7647852,7,0,0,62464,4,5921782225
325,1337300,3569801,4907101,0,0,0,53760,2,8951173774
326,1349060,3903933,5252993,2,0,0,46080,12,7367957648
327,1353111,28343,1381454,9,0,1,22016,13,7513605206
328,1353310,1535960,2889270,1,0,0,19456,15,6092721345
329,1358980,24420,1383400,8,0,1,3072,17,2283766278
330,1360010,3963431,5323441,6,0,0,51200,13,9567243674
331,1360800,1471997,2832797,7,0,0,3072,4,10217121488
332,1361530,2221759,3583289,8,0,0,23040,17,7488532451
333,1365279,19427,1384706,7,0,1,2048,4,5176195824
334,1365340,20442,1385782,2,0,1,13312,12,9329037291
335,1366561,24997,1391558,9,0,1,17408,13,9931683924
336,1368800,3690290,5059090,6,0,0,41472,13,6585693272
337,1376410,2904743,4281153,5,0,0,17408,13,7024796447
338,1377300,14604,1391904,8,0,1,512,17,8832477092
339,1377950,4801509,6179459,4,0,0,9728,16,3056220476
340,1380630,2518043,3898673,7,0,0,29184,4,623925720
341,1383900,10270,1394170,8,0,1,3584,17,6976301809
342,1384060,487775,1871835,8,0,0,1024,17,8012563538
343,1387000,7938,1394938,2,0,1,11776,12,8988927881
344,1391000,12974,1403974,2,0,1,24576,12,5824780124
345,1394980,9353,1404333,2,0,1,9728,12,3946892019
346,1398080,3313265,4711345,1,0,0,15360,15,5654375184
347,1402520,3102878,4505398,0,0,0,30208,2,10276962745
348,1404030,1537282,2941312,8,0,0,14336,17,1227052873
349,1404760,1886218,3290978,7,0,0,62464,4,7108615735
350,1417100,4189900,5607000,4,0,0,512,16,2828417687
351,1420210,1478451,2898661,2,0,0,30720,12,1895973744
352,1426800,2763244,4190044,7,0,0,6656,4,1742811464
353,1428471,6754,1435225,1,0,1,7168,15,10571159275
354,1429680,4827808,6257488,8,0,0,111616,17,2761995709
355,1430620,3843280,5273900,8,0,0,3584,17,596393602
356,1433490,1675559,3109049,5,0,0,2048,13,9818110865
357,1434331,5802,1440133,9,0,1,6144,13,7187349250
358,1436240,2021496,3457736,5,0,0,13312,13,4002602974
359,1450291,4374,1454665,5,0,1,4608,13,9014130596
360,1452690,3128,1455818,3,0,1,9216,1,7266921348
361,1464910,4204466,5669376,6,0,0,35840,13,6829583468
362,1467740,6281857,7749597,5,0,0,49664,13,6775358162
363,1486050,2968174,4454224,5,0,0,20992,13,4364081209
364,1489200,4024301,5513501,6,0,0,2048,13,3121947282
365,1491310,49646,1540956,0,0,1,15360,2,4143839141
366,1495180,1259739,2754919,0,0,0,1024,2,7890816810
367,1496150,830143,2326293,5,0,0,11264,13,813471906
368,1498110,49212,1547322,8,0,1,22016,17,4387044481
369,1499460,6729491,8228951,6,0,0,74240,13,6423244428
370,1501610,3056057,4557667,7,0,0,6144,4,3668110651
371,1503560,1647504,3151064,6,0,0,7680,13,4147890511
372,1503980,4834885,6338865,2,0,0,48640,12,2244957457
373,1508021,40287,1548308,6,0,1,1536,13,6612067825
374,1517990,3324074,4842064,5,0,0,48128,13,7735614305
375,1533781,17433,1551214,6,0,1,4608,13,6066876070
376,1535001,17493,1552494,1,0,1,14336,15,3171311968
377,1536859,15981,1552840,4,0,1,512,16,9195299715
378,1537910,15916,1553826,0,0,1,1536,2,10411858861
379,1546990,1544334,3091324,8,0,0,23552,17,4489446797
380,1558300,3783313,5341613,9,0,0,4096,13,7205950852
381,1562400,3175104,4737504,9,0,0,11264,13,5317649844
382,1585210,2444558,4029768,7,0,0,61952,4,6127979417
383,1586320,7162371,8748691,1,0,0,18944,15,1554430927
384,1593220,4583252,6176472,1,0,0,30720,15,7285429032
385,1596560,1057735,2654295,5,0,0,7680,13,6073127917
386,1599800,4383295,5983095,8,0,0,144896,17,1583002951
387,1601580,2000574,3602154,7,0,0,7168,4,943042262
388,1603370,2657307,4260677,9,0,0,7680,13,2023381714
389,1603581,7871,1611452,6,0,1,2048,13,7808303222
390,1606120,2427587,4033707,6,0,0,12800,13,8421473109
391,1613160,3737857,5351017,1,0,0,25600,15,144517087
392,1613481,3422,1616903,6,0,1,3584,13,5997737887
393,1618400,3988421,5606821,5,0,0,9216,13,5491130003
394,1619510,1605919,3225429,0,0,0,23040,2,326392718
395,1625850,4495393,6121243,9,0,0,89600,13,1698738458
396,1634480,3184606,4819086,5,0,0,44544,13,9329717735
397,1640260,3772578,5412838,4,0,0,14848,16,8069163188
398,1649390,2538603,4187993,0,0,0,28160,2,5922553829
399,1654389,33237,1687626,7,0,1,5120,4,233649830
400,1664670,3204950,4869620,7,0,0,75264,4,8904043168
401,1665450,2715660,4381110,5,0,0,14848,13,2421067502
402,1675010,36578,1711588,3,0,1,8192,1,6314082223
403,1676870,4685547,6362417,5,0,0,11776,13,9100473464
404,1678370,3287926,4966296,1,0,0,21504,15,3759863712
405,1683880,1849471,3533351,8,0,0,31232,17,4230636790
406,1694080,4521515,6215595,8,0,0,23552,17,5584492412
407,1697360,1177348,2874708,0,0,0,18432,2,2291017616
408,1698681,13559,1712240,5,0,1,512,13,5681695799
409,1704130,4116540,5820670,7,0,0,9728,4,6150973400
410,1705450,2028506,3733956,5,0,0,35328,13,8966768323
411,1709240,3524332,5233572,8,0,0,35328,17,4217350540
412,1712630,11274,1723904,3,0,1,18432,1,7221020799
413,1719130,3476279,5195409,5,0,0,14336,13,3506276899
414,1721350,4180,1725530,3,0,1,2560,1,2488680619
415,1727639,3898,1731537,4,0,1,4096,16,848391074
416,1752110,37475,1789585,8,0,1,16384,17,695173075
417,1761140,3533187,5294327,1,0,0,5120,15,9051462766
418,1761510,3732274,5493784,9,0,0,7168,13,10262990259
419,1762121,28949,1791070,9,0,1,15360,13,7309703975
420,1762280,6164552,7926832,8,0,0,60416,17,6568208053
421,1771250,4574392,6345642,5,0,0,9728,13,3788824143
422,1776570,1677095,3453665,5,0,0,9728,13,6393102087
423,1780610,3877823,5658433,8,0,0,31232,17,2577097015
424,1782400,4664749,6447149,0,0,0,32768,2,6859279440
425,1785860,3453062,5238922,8,0,0,12800,17,5968039722
426,1803511,23232,1826743,6,0,1,512,13,9165100865
427,1804940,3300070,5105010,1,0,0,16896,15,4850167980
428,1807030,4416419,6223449,9,0,0,12288,13,957396304
429,1815249,19128,1834377,7,0,1,8192,4,2763138100
430,1822140,2043579,3865719,5,0,0,11264,13,9190179333
431,1823501,193786,2017287,5,0,1,298496,13,7821495694
432,1827780,2416908,4244688,8,0,0,45568,17,2464660530
433,1839010,3253640,5092650,6,0,0,67072,13,7823009899
434,1841480,1601991,3443471,5,0,0,8704,13,2534796406
435,1842930,178025,2020955,8,0,1,4608,17,4137422856
436,1843780,1382600,3226380,6,0,0,3072,13,6905944544
437,1850670,6905688,8756358,3,0,0,25088,1,8216102895
438,1851230,3618708,5469938,0,0,0,19456,2,6848970793
439,1858610,1758256,3616866,2,0,0,8704,12,7775707436
440,1860510,2691807,4552317,8,0,0,74752,17,3493865227
441,1875930,4955193,6831123,2,0,0,6144,12,6602712860
442,1877290,4216622,6093912,6,0,0,32768,13,4243182257
443,1879090,1656820,3535910,4,0,0,8192,16,123458130
444,1880340,7524369,9404709,4,0,0,31744,16,6704067282
445,1884110,3538579,5422689,5,0,0,32256,13,243179777
446,1889740,2866087,4755827,6,0,0,56320,13,10046654921
447,1902310,3945096,5847406,1,0,0,20480,15,3885852108
448,1902729,122625,2025354,4,0,1,4608,16,3197006180
449,1909440,3475160,5384600,0,0,0,2560,2,6371289522
450,1922210,3292428,5214638,7,0,0,21504,4,795361833
451,1926870,3399402,5326272,1,0,0,9216,15,1233406919
452,1927980,4710253,6638233,6,0,0,51712,13,5624521305
453,1930200,454292,2384492,8,0,0,5120,17,759166409
454,1933840,798398,2732238,0,0,0,20992,2,1200750114
455,1940441,197504,2137945,5,0,1,245248,13,2344620848
456,1943640,7321110,9264750,6,0,0,19456,13,8297409478
457,1944820,4715611,6660431,8,0,0,64512,17,5438001014
458,1948260,4337032,6285292,2,0,0,14336,12,3865693443
459,1951620,186340,2137960,2,0,1,3072,12,7787577962
460,1953010,4623615,6576625,9,0,0,15872,13,6628890483
461,1953231,184752,2137983,6,0,1,14848,13,4726118742
462,1953240,6940367,8893607,1,0,0,20480,15,8857606072
463,1954540,5805220,7759760,4,0,0,33280,16,436614136
464,1955410,1460064,3415474,2,0,0,2048,12,8031631606
465,1956580,2564157,4520737,8,0,0,11776,17,8691316318
466,1970400,4045422,6015822,1,0,0,12800,15,5390685888
467,1974250,7731575,9705825,1,0,0,29696,15,7870183103
468,1980620,1075075,3055695,9,0,0,33792,13,8741389792
469,1989170,3183510,5172680,0,0,0,56320,2,1827461164
470,1990080,3621203,5611283,9,0,0,8704,13,1191650337
471,1995600,4278961,6274561,0,0,0,22528,2,4761009693
472,1997240,4191602,6188842,5,0,0,30720,13,5286065883
473,1999710,4392983,6392693,5,0,0,15360,13,655837269
474,2003250,6948089,8951339,2,0,0,48640,12,10478341304
475,2005170,4038824,6043994,2,0,0,13312,12,7833654685
476,2007250,2837029,4844279,8,0,0,7168,17,5144100865
477,2012660,2182088,4194748,2,0,0,15360,12,8486681502
478,2014900,3985253,6000153,0,0,0,20992,2,5578310091
479,2019660,4137041,6156701,9,0,0,13824,13,2942483910
480,2044680,2648180,4692860,5,0,0,7168,13,10164063059
481,2046501,91497,2137998,9,0,1,8704,13,237678707
482,2049070,1178753,3227823,2,0,0,4608,12,2188251260
483,2050600,7435894,9486494,9,0,0,3584,13,6200133367
484,2051630,4289598,6341228,6,0,0,7680,13,5223820053
485,2054940,2662691,4717631,1,0,0,5120,15,6508916549
486,2059260,2042034,4101294,1,0,0,28160,15,2726231136
487,2065370,1173607,3238977,7,0,0,4608,4,7974801291
488,2066470,2245040,4311510,2,0,0,4608,12,9907776578
489,2068900,2515630,4584530,5,0,0,88064,13,1891688142
490,2069400,2106135,4175535,9,0,0,10752,13,3878843168
491,2084880,3592943,5677823,2,0,0,27648,12,6749308936
492,2104030,4415589,6519619,0,0,0,15360,2,7478955157
493,2104250,2845368,4949618,8,0,0,12800,17,7376010241
494,2106671,31342,2138013,9,0,1,9216,13,3505516996
495,2111300,4574651,6685951,5,0,0,4096,13,7579819153
496,2112850,2913176,5026026,4,0,0,9728,16,8243962020
497,2113040,1529417,3642457,0,0,0,8704,2,6387824226
498,2117700,4781291,6898991,6,0,0,2560,13,1761681764
499,2118020,3135152,5253172,9,0,0,512,13,4589301413
500,2119030,3188788,5307818,4,0,0,13824,16,5961409452
501,2123239,14789,2138028,4,0,1,1024,16,4057109214
502,2124520,2821175,4945695,6,0,0,10752,13,2428477542
503,2129450,2886689,5016139,7,0,0,29184,4,1639628294
504,2134050,8837,2142887,0,0,1,5120,2,2622430627
505,2136310,1544541,3680851,5,0,0,3584,13,992194818
506,2141270,7691321,9832591,9,0,0,65536,13,912537451
507,2153030,4014059,6167089,2,0,0,1536,12,6135257513
508,2158660,4398156,6556816,8,0,0,23552,17,2137349267
509,2163920,6612,2170532,8,0,1,3072,17,8773598371
510,2175230,4628333,6803563,9,0,0,35840,13,2233500230
511,2178000,2112808,4290808,5,0,0,28160,13,3715089794
512,2178650,3875663,6054313,1,0,0,33792,15,3034815003
513,2186481,26103,2212584,9,0,1,3584,13,8135057120
514,2186930,3238746,5425676,5,0,0,9728,13,1631865310
515,2189740,2186823,4376563,0,0,0,64000,2,2513799203
516,2203650,3426318,5629968,7,0,0,13312,4,8477279392
517,2205080,3358445,5563525,1,0,0,13312,15,10211439481
518,2213881,2765,2216646,9,0,1,2048,13,7877189990
519,2213940,4243630,6457570,4,0,0,26624,16,9370084500
520,2215110,3005624,5220734,2,0,0,15360,12,6555865759
521,2223431,1994,2225425,1,0,1,2048,15,9378203428
522,2224200,4051008,6275208,8,0,0,2048,17,7738760109
523,2226730,1994,2228724,3,0,1,2048,1,10009732750
524,2235550,2460297,4695847,8,0,0,9728,17,9489017659
525,2236330,5076742,7313072,8,0,0,9216,17,4140793718
526,2242210,3030396,5272606,7,0,0,30720,4,2350590623
527,2243280,3096477,5339757,8,0,0,43008,17,9164703193
528,2255680,1778666,4034346,4,0,0,2048,16,3936802931
529,2258100,3128,2261228,3,0,1,9216,1,1597355399
530,2259840,2870536,5130376,9,0,0,38912,13,8988094936
531,2264421,24415,2288836,5,0,1,33792,13,3471208508
532,2269261,19590,2288851,1,0,1,14336,15,10697957338
533,2275439,13427,2288866,4,0,1,10752,16,6758286851
534,2293180,5116336,7409516,1,0,0,29696,15,10270899505
535,2295570,1280684,3576254,6,0,0,11264,13,2620853194
536,2308929,2470,2311399,4,0,1,2560,16,5598235958
537,2309450,3707339,6016789,4,0,0,3072,16,10616931191
538,2311820,5375881,7687701,0,0,0,54272,2,608799042
539,2316701,11595,2328296,1,0,1,2048,15,9970422717
540,2321150,1785307,4106457,9,0,0,16896,13,8650060481
541,2322451,7471,2329922,0,0,1,2560,2,405396150
542,2325710,2518904,4844614,8,0,0,1024,17,36519423
543,2328010,2666555,4994565,3,0,0,8704,1,7718601062
544,2328180,3350290,5678470,4,0,0,2048,16,3985913384
545,2328970,2578,2331548,3,0,1,2560,1,4672693232
546,2332360,7115957,9448317,3,0,0,28672,1,3453644996
547,2334930,4653899,6988829,4,0,0,24064,16,9617652021
548,2343920,2372128,4716048,5,0,0,15360,13,901942104
549,2344571,19286,2363857,0,0,1,5120,2,10499671625
550,2349220,16583,2365803,8,0,1,3072,17,3212702910
551,2349610,2497055,4846665,7,0,0,6656,4,5207514431
552,2353860,14209,2368069,2,0,1,3584,12,8834459432
553,2357650,2071483,4429133,5,0,0,7680,13,6805393165
554,2358611,20647,2379258,6,0,1,32256,13,5656012191
555,2383009,4914,2387923,4,0,1,3584,16,6521224301
556,2383890,5621928,8005818,2,0,0,512,12,9160625520
557,2387790,3483792,5871582,4,0,0,45568,16,2970637996
558,2391191,24197,2415388,5,0,1,40960,13,2828396630
559,2404810,2280360,4685170,9,0,0,3584,13,4385035562
560,2405220,1687479,4092699,6,0,0,7168,13,7778888509
561,2410190,2916440,5326630,0,0,0,512,2,10674173673
562,2414671,25610,2440281,1,0,1,25088,15,10500129143
563,2430290,2125482,4555772,4,0,0,11264,16,1361067802
564,2431570,10263,2441833,3,0,1,1536,1,3057310026
565,2439540,5801336,8240876,1,0,0,25600,15,8726813023
566,2452500,4331829,6784329,5,0,0,26624,13,7365345930
567,2455931,4162,2460093,5,0,1,11264,13,8046957209
568,2458931,4643,2463574,6,0,1,11264,13,5087272557
569,2465830,4730313,7196143,4,0,0,23040,16,753093673
570,2467750,3129251,5597001,3,0,0,29184,1,6864076516
571,2468790,4865929,7334719,6,0,0,41984,13,5005901615
572,2475700,1460405,3936105,8,0,0,15360,17,5574912249
573,2476890,4296629,6773519,1,0,0,21504,15,3208998149
574,2479050,25120,2504170,8,0,1,32768,17,8796727965
575,2488220,3445533,5933753,2,0,0,8704,12,1149558022
576,2490270,4049166,6539436,2,0,0,5120,12,2316874663
577,2502180,788977,3291157,5,0,0,512,13,9737052999
578,2505040,3327376,5832416,7,0,0,9728,4,9042111729
579,2507820,1286873,3794693,9,0,0,14336,13,10576814875
580,2510261,5971,2516232,5,0,1,14848,13,7755412847
581,2511230,6505860,9017090,4,0,0,15360,16,9666537804
582,2512540,9549,2522089,3,0,1,7680,1,501997359
583,2515970,2465710,4981680,0,0,0,22528,2,6548044356
584,2530440,4228665,6759105,4,0,0,106496,16,3963880819
585,2534340,3834644,6368984,2,0,0,17920,12,1815955082
586,2539970,2860279,5400249,2,0,0,27648,12,9248866826
587,2545900,3328513,5874413,0,0,0,9216,2,1725733320
588,2546920,2521108,5068028,2,0,0,1536,12,1214280658
589,2547790,4586406,7134196,3,0,0,10240,1,1472950365
590,2549580,4278696,6828276,3,0,0,18944,1,7317250980
591,2557390,2040781,4598171,5,0,0,20480,13,1756862207
592,2560060,1117641,3677701,7,0,0,23552,4,5346533738
593,2567310,3712445,6279755,5,0,0,14848,13,8917030505
594,2574420,4365303,6939723,2,0,0,39936,12,6677690356
595,2576130,7467201,10043331,9,0,0,25088,13,2676338930
596,2576340,1201273,3777613,2,0,0,2560,12,4434707702
597,2577360,3094,2580454,8,0,1,512,17,4785637060
598,2580820,4026396,6607216,4,0,0,27648,16,1297144000
599,2586020,2507277,5093297,7,0,0,2048,4,4155081042
600,2587680,4302446,6890126,2,0,0,11264,12,2579224916
601,2592629,3422,2596051,4,0,1,3584,16,5164066072
602,2597410,2276476,4873886,0,0,0,2560,2,9278134050
603,2601350,5230383,7831733,5,0,0,14848,13,2817603229
604,2602860,3602073,6204933,7,0,0,52736,4,417026565
605,2603190,4453653,7056843,8,0,0,9216,17,2041149636
606,2610890,3413098,6023988,6,0,0,23552,13,2353622087
607,2616240,4608258,7224498,7,0,0,10240,4,5553999642
608,2622810,1042,2623852,3,0,1,1024,1,8646293085
609,2623340,3728729,6352069,2,0,0,20992,12,1741775443
610,2624040,3996337,6620377,9,0,0,7168,13,6006928264
611,2624280,2203097,4827377,6,0,0,27136,13,3042622487
612,2636360,2566560,5202920,1,0,0,24576,15,6631498064
613,2637290,2875564,5512854,4,0,0,40960,16,5969355080
614,2645950,4865921,7511871,9,0,0,57856,13,10509063640
615,2661600,2768311,5429911,3,0,0,13824,1,10542147338
616,2664620,3904,2668524,0,0,1,10752,2,4956227238
617,2669679,1518,2671197,7,0,1,1536,4,8225566623
618,2673421,3904,2677325,9,0,1,10752,13,9891411707
619,2673630,4442108,7115738,1,0,0,45568,15,5725786763
620,2687290,1821721,4509011,6,0,0,9728,13,6193135925
621,2693160,4466797,7159957,3,0,0,12800,1,8613837907
622,2706120,3957142,6663262,3,0,0,9216,1,1326726480
623,2706800,6542905,9249705,8,0,0,41472,17,1016392022
624,2709970,2616481,5326451,7,0,0,512,4,5908397316
625,2710710,3063576,5774286,3,0,0,7680,1,9912841469
626,2715540,1869949,4585489,9,0,0,3072,13,2718876785
627,2723171,9082,2732253,1,0,1,9728,15,62979626
628,2728790,7498389,10227179,2,0,0,26624,12,4441090480
629,2738871,3898,2742769,9,0,1,4096,13,5236711176
630,2739620,5021979,7761599,7,0,0,2560,4,9554414979
631,2739840,2836385,5576225,3,0,0,2048,1,3592194846
632,2741160,3948714,6689874,4,0,0,12800,16,4783765289
633,2751991,18814,2770805,0,0,1,6656,2,4009427255
634,2752590,4546981,7299571,6,0,0,29696,13,1232342282
635,2758070,37772,2795842,8,0,1,512,17,6973549919
636,2762871,68943,2831814,1,0,1,4096,15,9107016391
637,2782650,3513461,6296111,4,0,0,8192,16,4199393175
638,2787810,2902094,5689904,4,0,0,25088,16,4727478548
639,2792920,3024763,5817683,1,0,0,27136,15,6409329107
640,2797310,2685622,5482932,9,0,0,28672,13,8518736633
641,2797770,6694386,9492156,0,0,0,1024,2,5488472953
642,2806410,3023019,5829429,1,0,0,28672,15,4136033580
643,2808120,4192923,7001043,3,0,0,9216,1,1238805233
644,2810720,3454903,6265623,6,0,0,26624,13,4559421125
645,2811420,4470789,7282209,9,0,0,27648,13,838041679
646,2813400,4477100,7290500,0,0,0,27136,2,2932819
647,2815990,7255567,10071557,6,0,0,34816,13,4957210060
648,2817700,4849363,7667063,4,0,0,62976,16,9717295864
649,2826880,3331895,6158775,6,0,0,4608,13,10011105978
650,2829980,2237557,5067537,9,0,0,27648,13,3222379295
651,2830090,3980703,6810793,3,0,0,8192,1,1213365592
652,2836680,915324,3752004,0,0,0,18944,2,10276535205
653,2839130,2926040,5765170,4,0,0,512,16,671427911
654,2840750,3080126,5920876,9,0,0,81920,13,6986104294
655,2842070,4741410,7583480,7,0,0,71680,4,5433116367
656,2845300,1876254,4721554,3,0,0,12800,1,1590776697
657,2853720,6825281,9679001,2,0,0,512,12,6277487715
658,2854790,4509427,7364217,3,0,0,48640,1,3719181789
659,2862339,4835929,7698268,7,0,1,6144,4,6290151052
660,2863800,5412294,8276094,4,0,0,7680,16,8695814554
661,2873930,3607841,6481771,5,0,0,2048,13,10249293688
662,2874110,4797032,7671142,2,0,0,13312,12,2157331916
663,2879631,6793148,9672779,6,0,1,10240,13,9467367388
664,2885530,7037667,9923197,0,0,1,2048,2,1355071115
665,2891060,8630449,11521509,3,0,0,59904,1,2575072424
666,2896810,4452564,7349374,2,0,0,32768,12,1465927598
667,2897610,3096116,5993726,9,0,0,34816,13,6039142942
668,2909520,1510823,4420343,0,0,0,2048,2,9105522396
669,2914500,3252098,6166598,8,0,0,25600,17,4178190298
670,2925700,4703089,7628789,5,0,0,96256,13,7562370664
671,2928220,5423737,8351957,2,0,0,7680,12,10628058384
672,2935290,3749390,6684680,1,0,0,18944,15,6714225866
673,2943480,3346063,6289543,6,0,0,13824,13,1789685534
674,2946070,7838893,10784963,3,0,0,42496,1,3050314967
675,2947580,4016877,6964457,1,0,0,13312,15,3612270005
676,2962200,3900478,6862678,4,0,0,18432,16,4070891911
677,2962210,4599407,7561617,9,0,0,1536,13,4391017061
678,2962360,1285315,4247675,8,0,0,9728,17,8118866690
679,2968870,6974497,9943367,2,0,1,3072,12,1808590265
680,2969501,8373790,11343291,6,0,1,9216,13,2697363478
681,2969580,3438280,6407860,9,0,0,4608,13,4140022601
682,2969820,2712417,5682237,6,0,0,12288,13,2786702460
683,2970700,8181469,11152169,1,0,0,98816,15,7322319537
684,2975090,999051,3974141,0,0,0,512,2,1418004379
685,2976611,8366703,11343314,1,0,1,10752,15,5469776946
686,2979319,8386795,11366114,4,0,1,3584,16,7600372793
687,2982430,5343429,8325859,8,0,0,5632,17,907232283
688,2988900,3079328,6068228,6,0,0,45568,13,6932609234
689,2989360,4831844,7821204,1,0,0,22016,15,3128133020
690,2995870,3541983,6537853,2,0,0,14848,12,9188906442
691,2998300,3911066,6909366,2,0,0,512,12,5440577623
692,2999150,3809116,6808266,8,0,0,15360,17,7187587062
693,3000030,8366107,11366137,8,0,1,9216,17,10111663455
694,3008840,3524466,6533306,5,0,0,36864,13,6355445924
695,3011170,3146178,6157348,2,0,0,2048,12,6351339430
696,3011900,3931590,6943490,8,0,0,12288,17,2211989263
697,3022269,8779070,11801339,4,0,1,2560,16,9029213586
698,3032060,3734884,6766944,6,0,0,25600,13,3820769053
699,3034670,3757950,6792620,8,0,0,27136,17,6806321522
700,3035150,4224764,7259914,6,0,0,10240,13,9655111250
701,3039930,3600822,6640752,8,0,0,8192,17,5709622701
702,3054380,3455967,6510347,2,0,0,23552,12,175744820
703,3054920,6803792,9858712,4,0,0,14336,16,5415514976
704,3082380,6952949,10035329,5,0,0,78848,13,6669262821
705,3085150,2563111,5648261,9,0,0,1536,13,4424497437
706,3097530,4668120,7765650,8,0,0,7168,17,10382138815
707,3104840,8766041,11870881,2,0,0,25088,12,5284679134
708,3105220,4695305,7800525,6,0,0,2560,13,7622289678
709,3110670,2730473,5841143,2,0,0,18432,12,7689906146
710,3112221,8691291,11803512,5,0,1,1536,13,1476409117
711,3114020,3721444,6835464,0,0,0,12288,2,5344460504
712,3116440,3731804,6848244,1,0,0,18944,15,7141249238
713,3116500,4577955,7694455,4,0,0,17920,16,7038207506
714,3118810,4845452,7964262,8,0,0,5632,17,9546936072
715,3126050,4602909,7728959,8,0,0,2048,17,8800452884
716,3127880,3722883,6850763,6,0,0,8192,13,8267094096
717,3147120,3739551,6886671,9,0,0,27136,13,10379913485
718,3188330,3534015,6722345,8,0,0,106496,17,2926468737
719,3190750,8612785,11803535,0,0,1,12288,2,9109159329
720,3196900,5165699,8362599,7,0,0,26624,4,3883833046
721,3197990,3526562,6724552,4,0,0,7168,16,3806865732
722,3206680,4035690,7242370,1,0,0,3072,15,9761736002
723,3208830,1481823,4690653,6,0,0,17920,13,1390400201
724,3210010,5139584,8349594,5,0,0,77824,13,2852793241
725,3219660,4508652,7728312,4,0,0,38912,16,2483338758
726,3226940,5238427,8465367,5,0,0,61440,13,9135422632
727,3230470,11260995,14491465,0,0,1,7168,2,9383975299
728,3232079,11259409,14491488,7,0,1,3072,4,847862338
729,3234551,11498431,14732982,1,0,1,17920,15,3504959651
730,3239720,5338154,8577874,9,0,0,15360,13,791793715
731,3240780,1745915,4986695,2,0,0,16384,12,9704904394
732,3240990,3820244,7061234,3,0,0,14336,1,4902837366
733,3241810,3905473,7147283,3,0,0,1536,1,8397114550
734,3243810,4989243,8233053,0,0,0,7168,2,8002391989
735,3246541,11657977,14904518,9,0,1,18944,13,959705866
736,3250031,11967483,15217514,9,0,1,4096,13,6300712666
737,3256899,11960638,15217537,7,0,1,7680,4,3834612794
738,3260040,11957520,15217560,2,0,1,512,12,6025841642
739,3263270,3558060,6821330,4,0,0,27136,16,7145192817
740,3264650,3953554,7218204,6,0,0,42496,13,6498708704
741,3266001,11954881,15220882,1,0,1,5120,15,7342694502
742,3271330,2432630,5703960,4,0,0,3072,16,1158955981
743,3273090,3645568,6918658,5,0,0,512,13,5154668715
744,3275820,3684558,6960378,6,0,0,12800,13,10622347974
745,3287920,3200616,6488536,1,0,0,12288,15,2905350238
746,3297990,12028139,15326129,8,0,1,7168,17,1152698036
747,3302240,8747387,12049627,3,0,0,40960,1,5271136675
748,3307130,1659345,4966475,8,0,0,512,17,5988756440
749,3309670,12016482,15326152,0,0,1,512,2,3908071766
750,3313270,4072301,7385571,4,0,0,16384,16,4789190954
751,3320920,5301487,8622407,5,0,0,59392,13,2739226579
752,3321060,4580922,7901982,0,0,0,7680,2,7473448020
753,3322710,3981252,7303962,0,0,0,14336,2,7198951714
754,3324300,2277560,5601860,0,0,0,15872,2,5932155082
755,3329470,4231656,7561126,6,0,0,30208,13,6676741448
756,3338630,5064349,8402979,6,0,0,23040,13,342040295
757,3343411,11982764,15326175,6,0,1,8704,13,7646591699
758,3344390,2594534,5938924,1,0,0,16896,15,60155518
759,3356171,12030394,15386565,1,0,1,3072,15,9545460462
760,3359510,3504907,6864417,3,0,0,5632,1,7150717376
761,3365190,7832268,11197458,8,0,0,35840,17,6064022238
762,3365300,3714452,7079752,2,0,0,18944,12,3456189332
763,3370580,4562515,7933095,1,0,0,20480,15,6687795033
764,3373200,4950920,8324120,8,0,0,54272,17,7681205128
765,3374160,2195004,5569164,0,0,0,18432,2,681613982
766,3377650,5485909,8863559,6,0,0,35328,13,6324920102
767,3379720,4580276,7959996,8,0,0,73728,17,3873999336
768,3387620,11998968,15386588,2,0,1,5632,12,1277229173
769,3390530,5164951,8555481,1,0,0,46080,15,3101467015
770,3394340,11995726,15390066,8,0,1,1536,17,4322290920
771,3398380,3911853,7310233,3,0,0,20480,1,3208237794
772,3401640,8553622,11955262,3,0,0,133632,1,4022908180
773,3402921,12018335,15421256,9,0,1,5120,13,10074764403
774,3403090,6088731,9491821,8,0,0,17408,17,8194592492
775,3406870,5674409,9081279,5,0,0,76800,13,9125171962
776,3408691,12060568,15469259,0,0,1,14336,2,4775833136
777,3414740,4136980,7551720,1,0,0,39936,15,1391689871
778,3414930,3949934,7364864,4,0,0,2048,16,1843650783
779,3416430,4123099,7539529,9,0,0,76800,13,510707113
780,3419480,3471675,6891155,1,0,0,2048,15,1892705386
781,3423350,12057084,15480434,3,0,1,1536,1,9813483642
782,3426179,12054278,15480457,7,0,1,512,4,8953362413
783,3428061,12052419,15480480,5,0,1,8192,13,4526150949
784,3430611,12097760,15528371,5,0,1,2048,13,2799871997
785,3439730,12091027,15530757,8,0,1,4608,17,5949041925
786,3455070,4480856,7935926,9,0,0,9216,13,4602263274
787,3456120,6163902,9620022,9,0,0,177664,13,5486359513
788,3457050,4691877,8148927,5,0,0,15872,13,7876103007
789,3459741,12085936,15545677,9,0,1,11776,13,10206592064
790,3460631,12085077,15545708,1,0,1,7680,15,8418100984
791,3463581,12352457,15816038,9,0,1,512,13,2757285988
792,3465870,1806915,5272785,0,0,0,512,2,2002395866
793,3467580,4326249,7793829,6,0,0,15872,13,865937946
794,3471691,12344370,15816061,1,0,1,2560,15,3630185889
795,3472260,6288463,9760723,6,0,0,14336,13,3244185076
796,3472460,4758386,8230846,6,0,0,6144,13,8959400146
797,3476940,6698339,10175279,3,0,0,108544,1,2316526030
798,3478040,3575972,7054012,8,0,0,65536,17,1131024803
799,3479660,12336424,15816084,0,0,1,12800,2,766055887
800,3481550,12793719,16275269,3,0,1,12800,1,1746759273
801,3487430,5255466,8742896,8,0,0,37376,17,3942074868
802,3489740,2908113,6397853,3,0,0,13312,1,1925307799
803,3490091,12973505,16463596,9,0,1,9728,13,3873349818
804,3495790,5735095,9230885,8,0,0,32768,17,6589961213
805,3501510,2706886,6208396,2,0,0,11264,12,7956304218
806,3504860,3935377,7440237,9,0,0,51200,13,6310069642
807,3512970,2561240,6074210,2,0,0,2560,12,8809388648
808,3516750,13083983,16600733,3,0,1,6656,1,7563583638
809,3517290,5197480,8714770,2,0,0,61440,12,2083660443
810,3523050,13190507,16713557,3,0,1,16896,1,1970790535
811,3525140,683037,4208177,3,0,0,8704,1,6909371616
812,3525790,4651853,8177643,8,0,0,14336,17,72346711
813,3530290,2750611,6280901,5,0,0,2560,13,7575257691
814,3545440,5186045,8731485,8,0,0,54784,17,4152513138
815,3554110,13299317,16853427,3,0,1,1024,1,8508099026
816,3556590,4042848,7599438,8,0,0,23040,17,4724185177
817,3559550,4695636,8255186,2,0,0,12288,12,9173016366
818,3560509,13292941,16853450,7,0,1,1024,4,159313964
819,3566740,4557705,8124445,0,0,0,24064,2,6060429056
820,3578140,4963278,8541418,4,0,0,4608,16,5910746729
821,3584520,4113725,7698245,6,0,0,1024,13,5716858943
822,3585970,6830453,10416423,3,0,0,6656,1,8579291917
823,3590810,4614221,8205031,3,0,0,5120,1,10382399017
824,3591760,1961647,5553407,3,0,0,15360,1,8402252591
825,3591960,4413679,8005639,1,0,0,6656,15,2391332213
826,3601820,8565089,12166909,6,0,0,51712,13,2224368791
827,3607320,13246644,16853964,8,0,1,15872,17,3248106781
828,3611710,6309569,9921279,8,0,0,74240,17,4726598834
829,3613040,2394156,6007196,8,0,0,23040,17,7501883011
830,3613230,5639774,9253004,9,0,0,10752,13,6084010800
831,3620510,6055412,9675922,6,0,0,10240,13,8284196632
832,3627290,5383826,9011116,9,0,0,100864,13,8469169350
833,3635121,13396164,17031285,9,0,1,3072,13,9757098523
834,3653890,13482968,17136858,2,0,1,2048,12,7495777028
835,3655530,13530237,17185767,0,0,1,5632,2,10004738590
836,3659630,3066349,6725979,2,0,0,4608,12,6962412833
837,3660170,4074272,7734442,6,0,0,17920,13,6259602869
838,3662569,13724227,17386796,7,0,1,70656,4,8981015686
839,3667980,5953641,9621621,8,0,0,5120,17,3996993294
840,3695171,13860781,17555952,6,0,1,3584,13,6504220542
841,3705339,13866301,17571640,4,0,1,8192,16,9531737925
842,3705909,13865754,17571663,7,0,1,512,4,5445424187
843,3707500,6528914,10236414,3,0,0,30208,1,3192571502
844,3708344,13863342,17571686,8,0,1,512,17,4394302036
845,3708780,3883615,7592395,9,0,0,29184,13,2109102873
846,3712120,13956907,17669027,8,0,1,19456,17,10040881095
847,3718261,14017870,17736131,6,0,1,12288,13,8469823303
848,3720750,5197148,8917898,1,0,0,17920,15,6100307903
849,3721700,14175909,17897609,0,0,1,13312,2,538271913
850,3722350,6200824,9923174,6,0,0,6144,13,84524244
851,3723080,4860712,8583792,5,0,0,11264,13,4993143620
852,3727140,6853521,10580661,5,0,0,38400,13,17357544
853,3728200,127765,3855965,5,0,0,3072,13,9988849279
854,3728980,14197076,17926056,0,0,1,23040,2,1564847477
855,3740130,4081253,7821383,4,0,0,512,16,10412732865
856,3744890,4326894,8071784,6,0,0,19456,13,1817575602
857,3748139,14357576,18105715,4,0,1,13312,16,6182776755
858,3757740,1477259,5234999,9,0,0,4608,13,4722909407
859,3759300,6890067,10649367,5,0,0,57856,13,6178656715
860,3763590,3751963,7515553,9,0,0,11264,13,7845824713
861,3767070,2500604,6267674,4,0,0,6656,16,2961519616
862,3774630,4314850,8089480,1,0,0,1536,15,480132792
863,3777430,14331607,18109037,8,0,1,8192,17,3287484093
864,3779390,2440284,6219674,6,0,0,13312,13,10085645215
865,3786990,4601285,8388275,0,0,0,41472,2,1911853594
866,3790720,2985474,6776194,9,0,0,8704,13,8367703505
867,3790770,4498288,8289058,0,0,0,6144,2,6342668359
868,3791831,14400630,18192461,6,0,1,5632,13,9733341089
869,3793410,6418514,10211924,5,0,0,90112,13,7984562653
870,3793440,5658644,9452084,0,0,0,12288,2,3274778923
871,3805940,14473836,18279776,0,0,1,4608,2,7703935794
872,3808150,5246722,9054872,4,0,0,2560,16,5176133323
873,3816179,14463943,18280122,4,0,1,512,16,7916596625
874,3829150,14451945,18281095,8,0,1,12800,17,2758853084
875,3830419,14547217,18377636,7,0,1,18944,4,3060197267
876,3837200,4718928,8556128,3,0,0,2048,1,7856781379
877,3837750,5275777,9113527,5,0,0,33792,13,4780978391
878,3837780,4595454,8433234,9,0,0,11264,13,763991457
879,3839050,5693474,9532524,4,0,0,61440,16,9612484509
880,3845460,4625858,8471318,5,0,0,19456,13,8446307470
881,3875700,3122512,6998212,3,0,0,30720,1,3790204877
882,3886539,14615903,18502442,7,0,1,3072,4,3128619106
883,3887810,8503131,12390941,9,0,0,37376,13,7072495349
884,3888070,6480791,10368861,9,0,0,82944,13,5098170499
885,3901180,3947560,7848740,4,0,0,6144,16,6183867305
886,3902000,4035509,7937509,5,0,0,5120,13,5412095412
887,3904970,3811463,7716433,0,0,0,31232,2,9805570497
888,3907309,14634241,18541550,7,0,1,11776,4,6314116076
889,3908440,5391260,9299700,9,0,0,512,13,2078538178
890,3909330,4502408,8411738,4,0,0,28672,16,2213884872
891,3915920,6199900,10115820,4,0,0,38912,16,10680437113
892,3930310,14612226,18542536,0,0,1,1536,2,4995818462
893,3930990,3188827,7119817,9,0,0,13312,13,6396110115
894,3932810,4841386,8774196,1,0,0,36864,15,10591834510
895,3942990,6829002,10771992,0,0,0,17920,2,9522150578
896,3944290,1769967,5714257,9,0,0,12800,13,10345635936
897,3953291,14809828,18763119,9,0,1,66048,13,4088363576
898,3955510,1616017,5571527,2,0,0,7680,12,5538150740
899,3972930,14790343,18763273,2,0,1,8704,12,5709296403
900,3979660,4101424,8081084,2,0,0,4608,12,352882132
901,3988770,4400152,8388922,0,0,0,2048,2,5235400490
902,3992140,4371574,8363714,4,0,0,3584,16,3277864926
903,3997621,14818063,18815684,1,0,1,9216,15,7105109310
904,3997980,3706551,7704531,6,0,0,20480,13,8087117646
905,3999040,4540951,8539991,4,0,0,40960,16,9765223921
906,3999160,6081780,10080940,6,0,0,30720,13,9086542054
907,4012360,3862879,7875239,1,0,0,15360,15,8383980141
908,4013250,4119770,8133020,5,0,0,8704,13,104952532
909,4013780,4765119,8778899,5,0,0,15360,13,5216101336
910,4033240,14782467,18815707,8,0,1,9216,17,7404034498
911,4039491,14776239,18815730,9,0,1,512,13,6127766734
912,4042130,4970257,9012387,2,0,0,4096,12,7859391662
913,4046600,14795384,18841984,2,0,1,5632,12,8021781714
914,4050760,4222971,8273731,3,0,0,55808,1,2846224139
915,4051990,1170795,5222785,5,0,0,6656,13,6818522768
916,4057519,14792935,18850454,7,0,1,12800,4,5283447963
917,4060201,14790276,18850477,0,0,1,4608,2,7866094035
918,4066000,4507155,8573155,1,0,0,55808,15,8509273610
919,4066020,6447361,10513381,4,0,0,59392,16,10386519555
920,4071670,3267596,7339266,4,0,0,14848,16,577143328
921,4073069,15009301,19082370,7,0,1,60416,4,737936973
922,4076990,1183381,5260371,1,0,0,23552,15,511329129
923,4080410,5090090,9170500,0,0,0,87040,2,4739404730
924,4087801,14996195,19083996,1,0,1,2560,15,3586111982
925,4093010,3613884,7706894,3,0,0,7680,1,2056186847
926,4097820,14997553,19095373,2,0,1,15872,12,4865868186
927,4102930,4784334,8887264,9,0,0,36864,13,10413654952
928,4105720,6222524,10328244,2,0,0,49664,12,1358027879
929,4107940,4143479,8251419,5,0,0,24576,13,8379335019
930,4110760,4730943,8841703,3,0,0,34816,1,10664552188
931,4115750,3848855,7964605,9,0,0,1024,13,3939012485
932,4125030,4475084,8600114,0,0,0,32256,2,3720024385
933,4133080,15089511,19222591,3,0,1,1024,1,468202208
934,4142020,4448243,8590263,2,0,0,8704,12,9789078566
935,4144270,6747945,10892215,4,0,0,73728,16,10479898065
936,4146940,15084784,19231724,8,0,1,16384,17,9859571215
937,4154741,15077006,19231747,6,0,1,4096,13,9849563604
938,4158660,3994346,8153006,9,0,0,13312,13,5532348753
939,4159610,15089990,19249600,3,0,1,10752,1,8249764933
940,4161760,4344994,8506754,5,0,0,17408,13,3429734555
941,4167640,5044760,9212400,6,0,0,40448,13,921567460
942,4176150,4131411,8307561,8,0,0,30208,17,6067058071
943,4191380,2983265,7174645,4,0,0,512,16,261491299
944,4194720,4849192,9043912,9,0,0,10752,13,7563831700
945,4199450,4734060,8933510,4,0,0,38912,16,5138102904
946,4201750,3019605,7221355,7,0,0,10240,4,4348487868
947,4204231,15105408,19309639,6,0,1,2048,13,1634083312
948,4215179,15696543,19911722,7,0,1,67072,4,6486884112
949,4227540,3757916,7985456,5,0,0,18432,13,6263914176
950,4230491,15803652,20034143,5,0,1,1024,13,1659237937
951,4240560,8302516,12543076,3,0,0,38912,1,9614058423
952,4240740,6842150,11082890,2,0,0,14336,12,577890497
953,4244670,3307229,7551899,5,0,0,512,13,3592115595
954,4246120,6726970,10973090,8,0,0,48640,17,7276089794
955,4248700,4894653,9143353,5,0,0,31744,13,2880667906
956,4248990,5420303,9669293,4,0,0,92160,16,9548426211
957,4252410,4934025,9186435,9,0,0,52224,13,8166785405
958,4253780,3654621,7908401,0,0,0,20992,2,8422201484
959,4253980,4263179,8517159,7,0,0,10752,4,8846815754
960,4254180,4237715,8491895,5,0,0,10752,13,9828349544
961,4258221,15775945,20034166,1,0,1,3072,15,7049610789
962,4260330,7033972,11294302,2,0,0,110080,12,7379287909
963,4276740,8546365,12823105,4,0,0,10752,16,4753571302
964,4281230,5154965,9436195,3,0,0,9728,1,5383912308
965,4285009,15949781,20234790,4,0,1,7680,16,8009493440
966,4288390,4691971,8980361,9,0,0,74752,13,76485780
967,4293470,5795293,10088763,2,0,0,25600,12,6526882590
968,4298030,5592469,9890499,2,0,0,19968,12,3083586849
969,4299050,3663465,7962515,7,0,0,8192,4,9259287035
970,4302490,4984372,9286862,3,0,0,12288,1,7038408726
971,4303221,15964982,20268203,6,0,1,512,13,3078330179
972,4309990,5019944,9329934,2,0,0,26112,12,10522511019
973,4311230,3588389,7899619,1,0,0,73728,15,5232061729
974,4311830,4384197,8696027,9,0,0,45056,13,4183230516
975,4312870,5234855,9547725,3,0,0,1536,1,1797077414
976,4314490,1697409,6011899,4,0,0,15360,16,7023560286
977,4328010,5308789,9636799,6,0,0,10240,13,8763249090
978,4328800,15940709,20269509,2,0,1,2048,12,589856346
979,4332560,2394066,6726626,6,0,0,2048,13,8683171493
980,4340010,5603334,9943344,2,0,0,66048,12,4739080744
981,4342290,3058147,7400437,6,0,0,10752,13,4522270003
982,4350390,4457290,8807680,2,0,0,32768,12,1254294656
983,4362839,15907234,20270073,4,0,1,10752,16,8089760801
984,4363100,6422198,10785298,8,0,0,1024,17,8079111360
985,4363421,16075917,20439338,9,0,1,5632,13,10590579534
986,4365500,1664461,6029961,2,0,0,6144,12,5095445645
987,4367310,5751185,10118495,8,0,0,8704,17,4717775536
988,4367920,5194648,9562568,1,0,0,48640,15,8040160651
989,4368599,16831655,21200254,7,0,1,92160,4,6160637341
990,4371300,2833933,7205233,8,0,0,5120,17,9415529334
991,4373450,4709256,9082706,4,0,0,4608,16,8964569215
992,4377210,6111123,10488333,4,0,0,11264,16,2543193616
993,4381460,3015678,7397138,9,0,0,37888,13,7278514467
994,4384240,3758827,8143067,6,0,0,4096,13,8943593200
995,4384921,16830378,21215299,1,0,1,4096,15,8828930180
996,4385890,4834988,9220878,1,0,0,23040,15,8432719446
997,4387770,6668037,11055807,6,0,0,23040,13,8906317526
998,4388930,4640865,9029795,2,0,0,18944,12,4141853888
999,4391210,6770299,11161509,4,0,0,20992,16,2540553191
1000,4391900,4632100,9024000,8,0,0,10752,17,3307118351
1001,4397040,5292838,9689878,5,0,0,13312,13,6598930565
1002,4400070,5451888,9851958,3,0,0,63488,1,2922675686
1003,4406900,5995749,10402649,7,0,0,32256,4,5090499108
1004,4410600,6907483,11318083,8,0,0,12288,17,4811608305
1005,4410800,5716976,10127776,8,0,0,1536,17,10438188585
1006,4414610,4436885,8851495,6,0,0,4096,13,2989203815
1007,4419250,2391886,6811136,1,0,0,1024,15,4833748900
1008,4421520,5614144,10035664,5,0,0,1024,13,2972734496
1009,4425050,4068272,8493322,1,0,0,4608,15,7454605008
1010,4426990,4872531,9299521,5,0,0,41472,13,3949241025
1011,4432150,4588551,9020701,2,0,0,11776,12,2334756725
1012,4433910,6583160,11017070,5,0,0,25600,13,926799654
1013,4436750,4981169,9417919,4,0,0,35840,16,10652542704
1014,4437610,4665598,9103208,7,0,0,25088,4,6100835267
1015,4438110,16983229,21421339,2,0,1,57856,12,10522498484
1016,4441640,4826893,9268533,2,0,0,12288,12,2823893289
1017,4441941,17018536,21460477,1,0,1,4608,15,7480092867
1018,4443290,6023277,10466567,0,0,0,7168,2,3051116831
1019,4444060,4814739,9258799,3,0,0,18944,1,1955533120
1020,4447031,17013469,21460500,6,0,1,4608,13,6705307387
1021,4449170,7008293,11457463,0,0,0,2560,2,424834868
1022,4449700,5806447,10256147,3,0,0,28160,1,6791631017
1023,4481190,4568384,9049574,6,0,0,2048,13,6854316278
1024,4483450,4716603,9200053,1,0,0,32256,15,1979362136
1025,4483751,16976772,21460523,0,0,1,5120,2,4508225156
1026,4485420,6604526,11089946,1,0,0,12288,15,910725339
1027,4486021,17036672,21522693,9,0,1,5632,13,1322319664
1028,4495250,4985638,9480888,7,0,0,6656,4,7848661882
1029,4495760,5896391,10392151,4,0,0,38400,16,6149966983
1030,4499800,6369928,10869728,8,0,0,37376,17,4489637730
1031,4500230,4965628,9465858,9,0,0,6656,13,8081819670
1032,4502860,4780235,9283095,2,0,0,45056,12,1965195856
1033,4514621,17158146,21672767,9,0,1,26624,13,7855805759
1034,4515980,17213962,21729942,8,0,1,5120,17,6829270113
1035,4519130,4750206,9269336,3,0,0,2560,1,1702344011
1036,4519790,4959039,9478829,5,0,0,42496,13,5064110125
1037,4519890,7212081,11731971,3,0,0,35328,1,9575497477
1038,4522420,6046518,10568938,6,0,0,17920,13,884919316
1039,4522780,7090747,11613527,7,0,0,24064,4,1945491639
1040,4525760,6977474,11503234,8,0,0,56832,17,226995347
1041,4527240,5038627,9565867,9,0,0,10752,13,7970612809
1042,4530250,17199715,21729965,3,0,1,1024,1,5056814692
1043,4531260,6634952,11166212,6,0,0,15360,13,3498822222
1044,4535930,2948366,7484296,5,0,0,5632,13,2468338628
1045,4538460,17191528,21729988,8,0,1,1024,17,9060861815
1046,4538670,8503361,13042031,6,0,0,85504,13,7953517248
1047,4539270,17763976,22303246,2,0,1,95232,12,2411800249
1048,4543570,4941809,9485379,4,0,0,4608,16,8746465376
1049,4547980,5579305,10127285,8,0,0,4608,17,6904177852
1050,4555299,17804498,22359797,4,0,1,3072,16,603805934
1051,4560060,6439174,10999234,8,0,0,16896,17,4649595770
1052,4560420,5225583,9786003,4,0,0,9728,16,7336348965
1053,4560569,18589418,23149987,7,0,1,297984,4,4949006608
1054,4566010,8292141,12858151,9,0,0,8704,13,2989932759
1055,4566360,3131550,7697910,4,0,0,11264,16,482813925
1056,4569750,5855003,10424753,3,0,0,2048,1,4348287784
1057,4571430,7163216,11734646,4,0,0,8704,16,1169931011
1058,4574130,7326593,11900723,8,0,0,50176,17,309614363
1059,4575270,6626111,11201381,8,0,0,12800,17,2799815666
1060,4584570,3475969,8060539,7,0,0,16384,4,6506749535
1061,4587200,5976255,10563455,3,0,0,7680,1,5975256677
1062,4593170,4277931,8871101,6,0,0,12800,13,1329960895
1063,4597690,3771195,8368885,2,0,0,16896,12,4169167217
1064,4599590,5835973,10435563,4,0,0,25088,16,9081622952
1065,4604070,4934093,9538163,4,0,0,18432,16,8680071303
1066,4609780,5923436,10533216,8,0,0,65024,17,6357441670
1067,4616390,18610763,23227153,0,0,1,3584,2,205048281
1068,4622400,18629943,23252343,0,0,1,27136,2,8236733417
1069,4633410,6261644,10895054,3,0,0,9216,1,2913661624
1070,4633560,5817169,10450729,9,0,0,30208,13,4533359205
1071,4637200,4316754,8953954,5,0,0,2560,13,10385028277
1072,4639790,18637062,23276852,8,0,1,7168,17,4725163553
1073,4639800,2730235,7370035,2,0,0,16896,12,2713786165
1074,4663900,18693414,23357314,8,0,1,6144,17,10025560020
1075,4668900,6694516,11363416,0,0,0,13824,2,820128103
1076,4673380,4960276,9633656,2,0,0,39424,12,1638147735
1077,4677740,1602350,6280090,0,0,0,1024,2,6732464522
1078,4691760,6294145,10985905,5,0,0,41984,13,574121379
1079,4692670,19623020,24315690,2,0,1,365056,12,3964047288
1080,4697000,5182123,9879123,5,0,0,9728,13,6604959986
1081,4697350,4943840,9641190,2,0,0,14336,12,5768439940
1082,4698290,4064643,8762933,8,0,0,21504,17,1523557295
1083,4703880,5926409,10630289,5,0,0,33280,13,3577455916
1084,4705740,7053545,11759285,7,0,0,64512,4,6651558885
1085,4706110,19609603,24315713,0,0,1,11776,2,9606835519
1086,4715020,3959569,8674589,5,0,0,2560,13,4976338272
1087,4720450,4671981,9392431,1,0,0,12288,15,9387328621
1088,4722950,6007471,10730421,7,0,0,32256,4,3010406906
1089,4724330,1618325,6342655,6,0,0,4608,13,6704317072
1090,4726540,5884227,10610767,3,0,0,18432,1,8296167725
1091,4728910,19672736,24401646,8,0,1,3584,17,4649313256
1092,4729330,7336421,12065751,5,0,0,12288,13,5832041770
1093,4736980,5215333,9952313,9,0,0,11776,13,2141842518
1094,4742370,3448538,8190908,1,0,0,37376,15,5155947679
1095,4742720,5473135,10215855,1,0,0,12800,15,3162268472
1096,4743700,8485203,13228903,5,0,0,15872,13,8840386552
1097,4755849,19651713,24407562,7,0,1,6144,4,2047679787
1098,4760760,19646825,24407585,0,0,1,3584,2,876268362
1099,4764790,4907958,9672748,4,0,0,11264,16,6961427336
1100,4766970,7528309,12295279,6,0,0,128000,13,4161414229
1101,4772030,5104106,9876136,3,0,0,12288,1,10642862677
1102,4772429,19637380,24409809,7,0,1,2560,4,1323939630
1103,4774980,4146061,8921041,8,0,0,10240,17,10119520517
1104,4774990,4603338,9378328,4,0,0,26624,16,2061679198
1105,4775620,4277598,9053218,7,0,0,10752,4,9660022417
1106,4775669,19636856,24412525,4,0,1,3072,16,6489442473
1107,4781360,6044887,10826247,2,0,0,31744,12,3689699600
1108,4784410,5639680,10424090,9,0,0,25088,13,9181402764
1109,4786631,19630635,24417266,9,0,1,7680,13,7415419030
1110,4787970,2358822,7146792,1,0,0,18944,15,3299295377
1111,4792831,19667099,24459930,6,0,1,17920,13,5075778697
1112,4800290,6121463,10921753,0,0,0,87552,2,10256647903
1113,4808260,3195328,8003588,6,0,0,11264,13,3992643380
1114,4808750,4405077,9213827,7,0,0,4608,4,6816981052
1115,4811560,5001040,9812600,7,0,0,59904,4,8619587150
1116,4825740,5180588,10006328,2,0,0,53248,12,9626806888
1117,4832390,7159842,11992232,0,0,0,31744,2,9714461017
1118,4836550,19623403,24459953,3,0,1,3584,1,9821296328
1119,4837950,8699325,13537275,2,0,0,41984,12,8616981400
1120,4840990,5251072,10092062,8,0,0,10752,17,2814053229
1121,4844510,4204417,9048927,5,0,0,16384,13,7166360541
1122,4853000,2835972,7688972,0,0,0,4096,2,8415967163
1123,4862840,19597136,24459976,8,0,1,10240,17,7885743733
1124,4866190,8897275,13763465,2,0,0,9216,12,10541850863
1125,4869129,19590878,24460007,7,0,1,11776,4,7707204156
1126,4871280,5399364,10270644,7,0,0,16896,4,4084155831
1127,4872460,4981861,9854321,8,0,0,7680,17,8438915227
1128,4873860,5264842,10138702,3,0,0,3584,1,6201873995
1129,4874300,3501316,8375616,2,0,0,22016,12,8952344099
1130,4878921,19584824,24463745,5,0,1,1024,13,9260966891
1131,4882430,5295056,10177486,1,0,0,7168,15,4933355375
1132,4884050,7172971,12057021,0,0,0,1536,2,6301127187
1133,4892330,4979072,9871402,7,0,0,23040,4,4495718501
1134,4895210,5871299,10766509,6,0,0,13312,13,3088716131
1135,4902640,5223210,10125850,7,0,0,24064,4,5016260745
1136,4904280,3877294,8781574,7,0,0,8704,4,6341783156
1137,4904880,20241410,25146290,0,0,1,211456,2,8867707185
1138,4906410,6428388,11334798,9,0,0,54784,13,7050622858
1139,4908700,20755813,25664513,2,0,1,192000,12,3384377212
1140,4911340,5516556,10427896,2,0,0,10240,12,127026660
1141,4912450,6333979,11246429,8,0,0,34304,17,2379224774
1142,4916860,4320178,9237038,8,0,0,14848,17,6643347867
1143,4916970,5871011,10787981,5,0,0,8704,13,7863953544
1144,4925340,6261175,11186515,7,0,0,66560,4,5909714697
1145,4927110,4394845,9321955,2,0,0,16896,12,3340662303
1146,4935110,4105503,9040613,5,0,0,32768,13,3910149926
1147,4935330,20749371,25684701,3,0,1,512,1,683806657
1148,4941280,6125143,11066423,6,0,0,5120,13,4834951707
1149,4944090,5654918,10599008,3,0,0,27648,1,776445866
1150,4944870,7387550,12332420,4,0,0,62976,16,8222132468
1151,4948970,4598264,9547234,7,0,0,29696,4,6907055036
1152,4949669,20736216,25685885,7,0,1,13312,4,4954097398
1153,4950850,5610242,10561092,6,0,0,45056,13,907813522
1154,4960810,7733251,12694061,2,0,0,31744,12,3181224509
1155,4964990,5282554,10247544,5,0,0,3584,13,3410592853
1156,4978870,5727477,10706347,6,0,0,54784,13,658808315
1157,4983690,8919178,13902868,7,0,0,8704,4,10680226036
1158,4986930,9323983,14310913,4,0,0,10752,16,9826364403
1159,4991200,6534856,11526056,1,0,0,14848,15,6031884556
1160,4994150,6160382,11154532,8,0,0,7680,17,290161775
1161,5001181,20695081,25696262,1,0,1,3584,15,10658357468
1162,5003451,20693754,25697205,9,0,1,2048,13,4196401276
1163,5009470,20851463,25860933,0,0,1,93184,2,4084997914
1164,5014140,6290325,11304465,6,0,0,33280,13,10168744280
1165,5019800,4852561,9872361,7,0,0,3072,4,68391427
1166,5020320,6812772,11833092,0,0,0,31744,2,985389196
1167,5022951,20857619,25880570,9,0,1,17408,13,687884326
1168,5023240,7181490,12204730,5,0,0,20992,13,10405359048
1169,5025980,7308179,12334159,6,0,0,5632,13,9672981293
1170,5028600,20861407,25890007,8,0,1,7168,17,600260113
1171,5033920,3833250,8867170,8,0,0,11776,17,426772345
1172,5035221,20854809,25890030,9,0,1,11776,13,822288231
1173,5035470,6278846,11314316,6,0,0,32256,13,10093462240
1174,5038821,20961441,26000262,9,0,1,6656,13,3930358738
1175,5039569,20960716,26000285,4,0,1,5632,16,807157830
1176,5039960,6638989,11678949,6,0,0,66048,13,4988363712
1177,5059180,2021375,7080555,3,0,0,2560,1,8216381321
1178,5062760,9043589,14106349,9,0,0,62976,13,8231748582
1179,5070021,21059986,26130007,5,0,1,7680,13,7792873394
1180,5074301,21055729,26130030,6,0,1,5120,13,7670337258
1181,5074480,6526263,11600743,1,0,0,29184,15,7847376923
1182,5075291,21054762,26130053,5,0,1,1024,13,5685678999
1183,5082300,7103664,12185964,1,0,0,62464,15,5333982488
1184,5089990,6311471,11401461,0,0,0,9728,2,9626064471
1185,5094900,5452433,10547333,6,0,0,27136,13,6342145387
1186,5099740,5439294,10539034,5,0,0,7680,13,5905043495
1187,5100351,21029725,26130076,6,0,1,13312,13,6404105687
1188,5100550,21784273,26884823,0,0,1,296960,2,3215821736
1189,5103780,22018524,27122304,0,0,1,101376,2,7286392743
1190,5110569,22011758,27122327,7,0,1,4608,4,1940383759
1191,5111030,5303342,10414372,0,0,0,38400,2,7714171810
1192,5113800,4834894,9948694,1,0,0,17408,15,7015443404
1193,5114980,5103885,10218865,4,0,0,7168,16,8121975813
1194,5125480,5254948,10380428,5,0,0,37888,13,9092467519
1195,5127760,7757456,12885216,1,0,0,12800,15,5382256114
1196,5129211,22021740,27150951,5,0,1,32256,13,10704690855
1197,5133270,4166617,9299887,4,0,0,512,16,3177211742
1198,5141510,7536048,12677558,9,0,0,48640,13,2999135264
1199,5148290,7711779,12860069,0,0,0,3072,2,2820993592
1200,5149440,6107081,11256521,0,0,0,17920,2,1340438534
1201,5149610,5317136,10466746,4,0,0,512,16,4665572903
1202,5153500,22032090,27185590,2,0,1,1536,12,9318640035
1203,5156539,22031125,27187664,4,0,1,3072,16,7029012961
1204,5164241,22023446,27187687,1,0,1,22016,15,8104176551
1205,5166340,22075063,27241403,2,0,1,23552,12,8285009367
1206,5173460,4290347,9463807,9,0,0,38400,13,7296768499
1207,5174680,6257313,11431993,4,0,0,15872,16,8206242077
1208,5175480,3609705,8785185,1,0,0,11776,15,4546763124
1209,5188810,5924609,11113419,9,0,0,25600,13,8824098049
1210,5194040,22047386,27241426,3,0,1,1024,1,5256477444
1211,5194510,7880826,13075336,5,0,0,68096,13,850247422
1212,5198210,7114991,12313201,9,0,0,6144,13,6198825907
1213,5201690,5480251,10681941,7,0,0,10752,4,10457513873
1214,5206241,22035208,27241449,9,0,1,11264,13,3174189896
1215,5211520,5715404,10926924,0,0,0,16896,2,9242687673
1216,5215450,5988614,11204064,1,0,0,8704,15,289529093
1217,5215941,22025531,27241472,1,0,1,5120,15,3674562953
1218,5217840,6348649,11566489,2,0,0,43008,12,2408959726
1219,5219221,22048683,27267904,1,0,1,14848,15,4819954586
1220,5220980,9194586,14415566,5,0,0,60416,13,10422223027
1221,5222060,6159869,11381929,2,0,0,17920,12,3564000568
1222,5223460,5617955,10841415,6,0,0,44032,13,1020034677
1223,5234080,7905674,13139754,0,0,0,51712,2,3518112259
1224,5235040,5862077,11097117,6,0,0,12800,13,3993091697
1225,5235240,7482914,12718154,2,0,0,10752,12,3466171440
1226,5242740,6283651,11526391,0,0,0,1024,2,1209678910
1227,5247420,22020507,27267927,8,0,1,15360,17,6036210205
1228,5247991,22053086,27301077,9,0,1,24064,13,2290631959
1229,5253150,5332861,10586011,1,0,0,12800,15,7626820374
1230,5253180,5601206,10854386,4,0,0,42496,16,3212258415
1231,5257060,5737003,10994063,6,0,0,3584,13,770354668
1232,5269990,4976431,10246421,3,0,0,32768,1,832294451
1233,5282070,5254601,10536671,7,0,0,11264,4,5698701135
1234,5283630,4724148,10007778,6,0,0,2560,13,409042057
1235,5293740,7953820,13247560,5,0,0,45056,13,8897249066
1236,5302180,5556137,10858317,1,0,0,12800,15,4527656488
1237,5306340,4700635,10006975,3,0,0,2048,1,4351858906
1238,5307710,5620999,10928709,6,0,0,4096,13,3742719940
1239,5315260,6405924,11721184,2,0,0,64512,12,5800889225
1240,5318310,4785631,10103941,7,0,0,38912,4,5982973307
1241,5329630,21983532,27313162,3,0,1,5120,1,2056306727
1242,5336710,4882334,10219044,9,0,0,512,13,5616991910
1243,5337430,6355582,11693012,6,0,0,46080,13,1625592408
1244,5340230,3892261,9232491,1,0,0,512,15,8546179215
1245,5343590,6685136,12028726,8,0,0,14848,17,6062453019
1246,5347630,6452107,11799737,0,0,0,10752,2,7762806107
1247,5352700,6626374,11979074,6,0,0,45568,13,6129856277
1248,5353950,4689716,10043666,3,0,0,1024,1,8480846627
1249,5353990,5655257,11009247,6,0,0,17920,13,8762417755
1250,5357710,6478681,11836391,7,0,0,10752,4,3134350179
1251,5358500,7558388,12916888,0,0,0,3584,2,10221434474
1252,5362210,7690608,13052818,5,0,0,35328,13,1834441727
1253,5367480,5970929,11338409,7,0,0,11776,4,10131879725
1254,5374430,5583809,10958239,5,0,0,80384,13,431868449
1255,5379970,6160640,11540610,4,0,0,46592,16,6544447624
1256,5384710,5981381,11366091,2,0,0,8704,12,6726451800
1257,5386130,6664308,12050438,6,0,0,2560,13,10598102788
1258,5390510,6854803,12245313,4,0,0,133120,16,4507587554
1259,5392640,9561241,14953881,7,0,0,12800,4,5662719475
1260,5394190,3040688,8434878,9,0,0,1536,13,1954422179
1261,5396680,5973810,11370490,6,0,0,12288,13,9354115799
1262,5397690,9093736,14491426,3,0,0,66048,1,7931202155
1263,5401050,6623129,12024179,3,0,0,34304,1,6804195656
1264,5401860,9286774,14688634,0,0,0,40448,2,1714262980
1265,5410310,21977201,27387511,0,0,1,51200,2,7540507054
1266,5411540,5242269,10653809,2,0,0,4608,12,3144934506
1267,5412610,6361587,11774197,7,0,0,19456,4,3602324449
1268,5416470,5680826,11097296,8,0,0,512,17,538178177
1269,5424760,8158872,13583632,3,0,0,22016,1,1513769740
1270,5430690,9381869,14812559,1,0,0,86528,15,1822721888
1271,5433620,6383667,11817287,7,0,0,10240,4,491303971
1272,5434880,4836879,10271759,0,0,0,3584,2,4249201058
1273,5439660,6299377,11739037,0,0,0,14336,2,10494438888
1274,5443950,8219191,13663141,6,0,0,5120,13,2982114352
1275,5444550,7143554,12588104,9,0,0,43520,13,8791161831
1276,5444610,3787702,9232312,1,0,0,4608,15,7590579685
1277,5456391,21947358,27403749,1,0,1,15872,15,7702711369
1278,5457791,21946944,27404735,1,0,1,1536,15,10425962853
1279,5458520,3572086,9030606,1,0,0,2560,15,2578986954
1280,5458710,3844087,9302797,7,0,0,1536,4,2877780358
1281,5461360,6846312,12307672,7,0,0,32768,4,10478164702
1282,5461380,5947769,11409149,2,0,0,13824,12,7100989436
1283,5464960,4316795,9781755,5,0,0,512,13,6616946154
1284,5466060,5579383,11045443,5,0,0,5120,13,1117382498
1285,5470100,9697785,15167885,8,0,0,140288,17,9344108320
1286,5476090,21930271,27406361,3,0,1,2560,1,3541937829
1287,5489600,6206867,11696467,7,0,0,11264,4,10012722134
1288,5491720,9994399,15486119,2,0,0,18432,12,5862526407
1289,5491980,7768395,13260375,6,0,0,41984,13,8450949020
1290,5493120,21917427,27410547,2,0,1,6656,12,9587782297
1291,5499490,5986405,11485895,7,0,0,14848,4,5932882046
1292,5505001,21945760,27450761,1,0,1,4096,15,4499702164
1293,5510761,21942550,27453311,5,0,1,3072,13,4092114676
1294,5511890,7900281,13412171,2,0,0,128512,12,7151667059
1295,5516800,6972036,12488836,4,0,0,53760,16,10080480595
1296,5521330,6476408,11997738,1,0,0,16896,15,1547654842
1297,5526830,22221169,27747999,0,0,1,94208,2,1888238641
1298,5529410,6056955,11586365,9,0,0,10752,13,2195813256
1299,5530550,4333801,9864351,0,0,0,18432,2,6825476555
1300,5531790,9805313,15337103,2,0,0,24064,12,4882119132
1301,5536800,6306322,11843122,7,0,0,22016,4,5168814419
1302,5536951,22211071,27748022,5,0,1,512,13,8404623098
1303,5546640,6461581,12008221,6,0,0,34304,13,9217148407
1304,5549140,6519286,12068426,1,0,0,8704,15,641008330
1305,5550445,6209331,11759776,4,0,0,1536,16,3070955278
1306,5554189,22221024,27775213,4,0,1,3584,16,6118577233
1307,5555000,9023472,14578472,4,0,0,105472,16,5454714177
1308,5559160,6913273,12472433,9,0,0,41472,13,3828871987
1309,5561130,22220993,27782123,3,0,1,1536,1,7267237574
1310,5573840,8295381,13869221,3,0,0,154624,1,9686010090
1311,5582570,7765031,13347601,3,0,0,1536,1,3535100925
1312,5584620,6930143,12514763,3,0,0,84992,1,5894584575
1313,5590010,5337249,10927259,5,0,0,1024,13,5899454128
1314,5590990,3310411,8901401,1,0,0,7168,15,56590370
1315,5593880,7067096,12660976,9,0,0,58880,13,6727127951
1316,5601120,5758061,11359181,6,0,0,23552,13,3540364904
1317,5603840,10007215,15611055,9,0,0,18432,13,5531491818
1318,5607170,7753323,13360493,8,0,0,34304,17,7326134360
1319,5608160,6306363,11914523,2,0,0,13312,12,3818979678
1320,5609670,9092137,14701807,2,0,0,13312,12,10682916043
1321,5609720,22183565,27793285,0,0,1,37888,2,9948365386
1322,5615790,22251258,27867048,8,0,1,11264,17,8979686127
1323,5619980,6017079,11637059,0,0,0,4608,2,3616723605
1324,5622560,22256069,27878629,3,0,1,17920,1,8262745307
1325,5623750,3566452,9190202,9,0,0,12288,13,6710051457
1326,5628270,4588388,10216658,6,0,0,2560,13,8541917938
1327,5637330,7243963,12881293,5,0,0,69120,13,1046739579
1328,5643960,6124286,11768246,1,0,0,24576,15,5713241945
1329,5648300,7256507,12904807,2,0,0,22528,12,10321219082
1330,5652161,22227236,27879397,1,0,1,11776,15,4587844420
1331,5652331,22294489,27946820,5,0,1,14336,13,4410928551
1332,5653070,6416159,12069229,5,0,0,2560,13,2889064826
1333,5658110,7056745,12714855,1,0,0,67072,15,8756540152
1334,5667020,6112036,11779056,1,0,0,15872,15,6543356067
1335,5672120,22274723,27946843,8,0,1,512,17,3939588909
1336,5673050,6937127,12610177,8,0,0,28672,17,6806360338
1337,5673510,22285609,27959119,0,0,1,28672,2,4494551208
1338,5674420,22291717,27966137,2,0,1,17920,12,4120724182
1339,5674550,6210862,11885412,5,0,0,47616,13,2044590803
1340,5687950,7458379,13146329,9,0,0,21504,13,9330321415
1341,5690510,6216975,11907485,6,0,0,18944,13,4356299057
1342,5694540,6859167,12553707,7,0,0,34816,4,3602613560
1343,5696491,22273192,27969683,6,0,1,5632,13,3673986564
1344,5701290,6675253,12376543,2,0,0,27648,12,3830463523
1345,5702920,6553336,12256256,9,0,0,35840,13,5262727044
1346,5704890,7096762,12801652,8,0,0,37888,17,476776667
1347,5711350,22281489,27992839,8,0,1,4608,17,407345731
1348,5711600,6863221,12574821,8,0,0,8704,17,3917592993
1349,5716060,7197662,12913722,5,0,0,29184,13,4166415033
1350,5723950,6919063,12643013,1,0,0,41472,15,5850067951
1351,5725240,6078249,11803489,7,0,0,5632,4,10100733613
1352,5733610,8312267,14045877,8,0,0,48128,17,9418695963
1353,5737920,22269196,28007116,2,0,1,3584,12,396425060
1354,5740690,6831456,12572146,9,0,0,60416,13,8635409972
1355,5749180,22646919,28396099,0,0,1,232960,2,5712901003
1356,5752921,22662986,28415907,5,0,1,1536,13,8567764168
1357,5756800,7139565,12896365,1,0,0,7680,15,6350656279
1358,5759720,4633078,10392798,3,0,0,2048,1,5421205835
1359,5761730,6992585,12754315,4,0,0,28160,16,10360589681
1360,5764490,22652403,28416893,3,0,1,1536,1,4638385151
1361,5767030,6083462,11850492,1,0,0,8192,15,5164513987
1362,5770250,6243454,12013704,8,0,0,17920,17,9378918870
1363,5770749,22646810,28417559,4,0,1,1024,16,330173077
1364,5776390,8447393,14223783,4,0,0,81408,16,540760790
1365,5780260,8207124,13987384,0,0,0,16896,2,2003718170
1366,5782190,6981820,12764010,6,0,0,31744,13,8600036131
1367,5784020,8521699,14305719,8,0,0,9728,17,532312352
1368,5784170,7633952,13418122,9,0,0,19456,13,1572751358
1369,5787959,22633264,28421223,7,0,1,13824,4,10103423425
1370,5789540,7387332,13176872,5,0,0,33792,13,7998390553
1371,5798920,6399391,12198311,8,0,0,40448,17,7852639544
1372,5802330,8073622,13875952,4,0,0,22016,16,9225515256
1373,5803600,22622096,28425696,8,0,1,22528,17,6623805190
1374,5803949,22671591,28475540,7,0,1,11264,4,4359582882
1375,5806680,7540430,13347110,0,0,0,61952,2,7011245785
1376,5810160,4935402,10745562,5,0,0,15360,13,9978144910
1377,5812190,8323839,14136029,5,0,0,39936,13,7951391194
1378,5814110,5569246,11383356,9,0,0,4608,13,9409680078
1379,5819730,6970355,12790085,9,0,0,85504,13,1721920967
1380,5822430,6086326,11908756,2,0,0,4096,12,6816422049
1381,5825510,6903637,12729147,3,0,0,4096,1,8973015641
1382,5829710,9886491,15716201,7,0,0,4608,4,4595686874
1383,5829751,22646749,28476500,5,0,1,2560,13,4517257848
1384,5836650,6694547,12531197,7,0,0,44544,4,5428051073
1385,5842150,7273971,13116121,4,0,0,70656,16,8413772360
1386,5845851,22634195,28480046,9,0,1,5632,13,2049955720
1387,5849220,7727681,13576901,9,0,0,50176,13,8611040248
1388,5849530,6834836,12684366,4,0,0,12288,16,3585821782
1389,5850271,22633214,28483485,5,0,1,3072,13,2769259967
1390,5856090,6838306,12694396,4,0,0,1024,16,7985144094
1391,5871430,5121518,10992948,0,0,0,23040,2,970771126
1392,5872151,22612410,28484561,6,0,1,13312,13,5544882115
1393,5874830,5675080,11549910,7,0,0,9728,4,8898184872
1394,5876170,7247797,13123967,9,0,0,2048,13,7399957868
1395,5880161,22606994,28487155,1,0,1,9728,15,8420549886
1396,5882160,7536297,13418457,6,0,0,1024,13,5276969731
1397,5889510,6711097,12600607,0,0,0,40960,2,7615927403
1398,5894190,5033248,10927438,8,0,0,512,17,7029697446
1399,5896180,7198390,13094570,5,0,0,55808,13,1074365498
1400,5898420,6135865,12034285,6,0,0,9728,13,5747945402
1401,5910271,22608577,28518848,1,0,1,8704,15,506093605
1402,5911070,7589156,13500226,3,0,0,14336,1,8105098617
1403,5912540,7269503,13182043,4,0,0,16896,16,5371913726
1404,5913721,22605150,28518871,5,0,1,512,13,7331869248
1405,5913810,6226475,12140285,7,0,0,7168,4,9761970557
1406,5914560,8510545,14425105,7,0,0,31232,4,3436457447
1407,5917040,22622937,28539977,8,0,1,6144,17,7130105034
1408,5919380,6899611,12818991,7,0,0,56832,4,6326053703
1409,5919680,5982010,11901690,8,0,0,3072,17,5413526336
1410,5921750,8590821,14512571,7,0,0,69120,4,381727911
1411,5926310,6500183,12426493,6,0,0,4096,13,9052602845
1412,5927550,7704892,13632442,9,0,0,39424,13,2258400537
1413,5937300,7047135,12984435,9,0,0,53760,13,4436545521
1414,5945310,6890167,12835477,7,0,0,1024,4,1609273503
1415,5949629,22590371,28540000,7,0,1,8192,4,499826972
1416,5961920,5268764,11230684,5,0,0,10240,13,2471287104
1417,5963800,7247835,13211635,6,0,0,43008,13,4684370899
1418,5968170,6329495,12297665,0,0,0,2048,2,3183124380
1419,5969630,6409900,12379530,2,0,0,9728,12,7024271981
1420,5976430,8216006,14192436,5,0,0,87040,13,2213410654
1421,5978320,22589055,28567375,0,0,1,8704,2,4731198847
1422,5979000,6003529,11982529,9,0,0,11264,13,8054875193
1423,5982410,6421970,12404380,5,0,0,44032,13,6726179965
1424,5983260,6955987,12939247,9,0,0,7680,13,9735378419
1425,5994080,5707425,11701505,2,0,0,5632,12,5143973028
1426,5997830,8395850,14393680,7,0,0,96768,4,835263152
1427,5998401,22568997,28567398,5,0,1,6656,13,2990077056
1428,6013529,22553892,28567421,7,0,1,512,4,6115553030
1429,6014130,7733635,13747765,6,0,0,27136,13,2051268883
1430,6019060,4110455,10129515,0,0,0,5632,2,3683138463
1431,6023960,8755353,14779313,8,0,0,2560,17,9068909854
1432,6024170,7303394,13327564,9,0,0,17920,13,6723700967
1433,6025471,22545168,28570639,6,0,1,3584,13,8548094102
1434,6027350,5786794,11814144,1,0,0,19968,15,7413533347
1435,6034910,6424864,12459774,7,0,0,26112,4,4152433061
1436,6036240,4897484,10933724,2,0,0,16384,12,4792209131
1437,6036381,22535564,28571945,1,0,1,2048,15,3008604094
1438,6037950,8970017,15007967,2,0,0,45056,12,3901524158
1439,6041950,8833741,14875691,4,0,0,75776,16,6065690552
1440,6045370,8706643,14752013,0,0,0,44032,2,2327349253
1441,6047800,22526731,28574531,8,0,1,4096,17,3549762876
1442,6059880,5898533,11958413,5,0,0,10240,13,9956353367
1443,6068680,7522775,13591455,4,0,0,25600,16,1609968851
1444,6076010,6586705,12662715,0,0,0,5632,2,2962108187
1445,6079420,22495675,28575095,3,0,1,10752,1,5092750536
1446,6083700,7347018,13430718,6,0,0,7680,13,1477398967
1447,6085660,8508591,14594251,6,0,0,51712,13,4453551387
1448,6087539,22504406,28591945,7,0,1,5632,4,7628573221
1449,6089390,7144068,13233458,8,0,0,14848,17,259274992
1450,6089431,22503180,28592611,6,0,1,1024,13,2234264335
1451,6092760,6891854,12984614,5,0,0,512,13,6055298348
1452,6095230,7968165,14063395,4,0,0,15872,16,9854543446
1453,6100940,4083505,10184445,6,0,0,10752,13,564581256
1454,6103420,7439806,13543226,6,0,0,19456,13,1499358789
1455,6122400,7486573,13608973,2,0,0,46080,12,4213557290
1456,6146990,5295994,11442984,6,0,0,12800,13,5633245621
1457,6147020,7403717,13550737,2,0,0,24576,12,3405416125
1458,6157299,22440143,28597442,7,0,1,4608,4,1250860930
1459,6163170,8786788,14949958,7,0,0,2560,4,2649083944
1460,6163330,6797399,12960729,6,0,0,4608,13,2931482993
1461,6174500,4543951,10718451,6,0,0,512,13,1989333732
1462,6175640,8138759,14314399,0,0,0,1024,2,3842858856
1463,6177550,22442338,28619888,0,0,1,1536,2,10404186287
1464,6182751,22439367,28622118,6,0,1,15872,13,4778368613
1465,6184750,7902388,14087138,9,0,0,44032,13,9501782844
1466,6189250,9038519,15227769,4,0,0,22528,16,3677648925
1467,6194530,8413940,14608470,6,0,0,46592,13,8911560929
1468,6196790,6695001,12891791,8,0,0,21504,17,7868586596
1469,6197130,6880413,13077543,7,0,0,7168,4,7984408720
1470,6214450,6466141,12680591,0,0,0,5632,2,889284992
1471,6215410,9059361,15274771,6,0,0,84992,13,844471938
1472,6217490,6701145,12918635,6,0,0,5632,13,9470874830
1473,6217709,22438221,28655930,7,0,1,38912,4,6362005176
1474,6223330,4483508,10706838,7,0,0,1536,4,6039269010
1475,6224230,5736546,11960776,2,0,0,7680,12,3316573663
1476,6226960,5116308,11343268,0,0,0,15872,2,9482171491
1477,6229480,4402236,10631716,7,0,0,4608,4,4418640271
1478,6231730,22424223,28655953,0,0,1,512,2,10368247141
1479,6233101,22422875,28655976,1,0,1,512,15,5643664614
1480,6235610,9213818,15449428,5,0,0,3584,13,1777601329
1481,6235980,7991258,14227238,5,0,0,11264,13,6823234358
1482,6238520,7208312,13446832,4,0,0,16896,16,9881380203
1483,6241400,22422290,28663690,8,0,1,17920,17,8972673996
1484,6244670,6671103,12915773,8,0,0,6656,17,7916658587
1485,6253129,22426381,28679510,4,0,1,1536,16,9011030780
1486,6260130,6906415,13166545,7,0,0,33792,4,5464157532
1487,6262280,6753676,13015956,0,0,0,24576,2,6741450203
1488,6269140,5348162,11617302,0,0,0,12288,2,7906137959
1489,6269750,22409783,28679533,0,0,1,6656,2,8159700555
1490,6271180,8454370,14725550,2,0,0,77824,12,7008373036
1491,6273290,7737191,14010481,3,0,0,38912,1,9944481074
1492,6273930,6882296,13156226,5,0,0,3584,13,1644595416
1493,6290220,7466772,13756992,7,0,0,30208,4,10311546445
1494,6295060,7324700,13619760,4,0,0,35328,16,8978881929
1495,6299620,5812314,12111934,8,0,0,34816,17,8764350532
1496,6307580,9082463,15390043,4,0,0,11264,16,3040913411
1497,6309280,22397547,28706827,3,0,1,5120,1,5723073345
1498,6310040,9540167,15850207,3,0,0,24576,1,7411851832
1499,6311930,6811390,13123320,3,0,0,23552,1,9709988502
1500,6314510,22392663,28707173,0,0,1,512,2,7305369446
1501,6319690,7846203,14165893,7,0,0,35840,4,777015813
1502,6320001,22388478,28708479,5,0,1,2048,13,6289938714
1503,6326710,8689773,15016483,5,0,0,15360,13,683624738
1504,6327310,8506846,14834156,0,0,0,9728,2,999892558
1505,6329640,5431095,11760735,7,0,0,3072,4,2409562591
1506,6329750,7409716,13739466,7,0,0,86016,4,9848831437
1507,6333440,6818840,13152280,9,0,0,19456,13,4328672311
1508,6333479,22379506,28712985,4,0,1,7168,16,2347528649
1509,6333981,22380310,28714291,5,0,1,2048,13,1545904364
1510,6342431,22372628,28715059,9,0,1,11776,13,7979606396
1511,6349290,7429123,13778413,9,0,0,20480,13,5382329879
1512,6351470,22410970,28762440,8,0,1,5632,17,747202120
1513,6366770,6900336,13267106,4,0,0,22016,16,7168273790
1514,6372421,22390789,28763210,1,0,1,10752,15,7975283612
1515,6373000,5935943,12308943,2,0,0,4096,12,4070503616
1516,6373330,7549373,13922703,8,0,0,65024,17,5736656845
1517,6381990,6813055,13195045,6,0,0,8704,13,6487169499
1518,6384040,7674496,14058536,0,0,0,41472,2,4722672071
1519,6384850,6889322,13274172,2,0,0,17408,12,4547470038
1520,6390770,6937441,13328211,7,0,0,2048,4,808849043
1521,6393600,7048061,13441661,0,0,0,35840,2,4577825518
1522,6393770,4839616,11233386,2,0,0,3072,12,2100306049
1523,6395609,22432370,28827979,7,0,1,1024,4,3891628895
1524,6402280,5590287,11992567,2,0,0,1024,12,9730470262
1525,6406550,9472461,15879011,7,0,0,18432,4,10393893943
1526,6408330,9188639,15596969,2,0,0,61952,12,1445315286
1527,6413500,5996238,12409738,5,0,0,13824,13,10559602594
1528,6419790,6902291,13322081,0,0,0,5632,2,124654291
1529,6420690,7544694,13965384,0,0,0,32768,2,1035440555
1530,6421890,7942283,14364173,7,0,0,35328,4,5473682949
1531,6425490,22406675,28832165,2,0,1,6656,12,7235840230
1532,6428390,7192017,13620407,2,0,0,2048,12,485879305
1533,6428950,7338746,13767696,8,0,0,9216,17,8993118588
1534,6435550,7818855,14254405,6,0,0,25600,13,3131011689
1535,6437309,22491939,28929248,4,0,1,13312,16,8122743509
1536,6444860,22538966,28983826,8,0,1,24064,17,5246439509
1537,6467990,6133420,12601410,9,0,0,2560,13,4498168056
1538,6468930,6959409,13428339,9,0,0,5120,13,10222620766
1539,6472740,4994646,11467386,8,0,0,1024,17,3016192176
1540,6474789,22535582,29010371,7,0,1,6656,4,6174143812
1541,6489020,6519425,13008445,8,0,0,22016,17,7790238625
1542,6490860,7629130,14119990,7,0,0,23552,4,3676823286
1543,6492570,22562677,29055247,8,0,1,4096,17,5090080657
1544,6495400,7017703,13513103,6,0,0,6144,13,476873069
1545,6495820,6728224,13224044,9,0,0,9728,13,10259477282
1546,6502150,7800582,14302732,6,0,0,22016,13,10357517377
1547,6512220,7508603,14020823,2,0,0,31744,12,6860597370
1548,6516400,22538870,29055270,3,0,1,2560,1,668497898
1549,6519280,7462933,13982213,7,0,0,10752,4,8974548445
1550,6524260,8170481,14694741,0,0,0,19968,2,1658029568
1551,6539790,7774274,14314064,5,0,0,10240,13,5663403880
1552,6545230,7609712,14154942,0,0,0,31744,2,1130714810
1553,6548150,7732197,14280347,9,0,0,57344,13,8889439697
1554,6550460,8340542,14891002,7,0,0,50176,4,8747389477
1555,6551180,6641182,13192362,0,0,0,33792,2,7372015509
1556,6557780,8354099,14911879,2,0,0,14848,12,1850054186
1557,6565510,5731508,12297018,3,0,0,5632,1,10674771000
1558,6576049,22481135,29057184,7,0,1,3584,4,9078652112
1559,6577640,6375364,12953004,4,0,0,8192,16,10613178297
1560,6589190,7855625,14444815,9,0,0,18944,13,9106751977
1561,6591541,22465989,29057530,5,0,1,512,13,2418150339
1562,6593460,9446002,16039462,0,0,0,32256,2,4018272539
1563,6594940,7165694,13760634,4,0,0,1024,16,1365033850
1564,6602890,7868389,14471279,6,0,0,35328,13,2558668355
1565,6604620,6743160,13347780,0,0,0,512,2,5382652606
1566,6604650,9268535,15873185,7,0,0,23552,4,207201249
1567,6606500,6611562,13218062,7,0,0,20992,4,4283711060
1568,6607100,8023770,14630870,9,0,0,12800,13,6854760017
1569,6618970,8425637,15044607,8,0,0,3584,17,6707531052
1570,6620240,8215655,14835895,2,0,0,5632,12,491654998
1571,6622390,8485085,15107475,8,0,0,13312,17,4836612924
1572,6624781,22433415,29058196,6,0,1,1024,13,7057143017
1573,6632420,5490115,12122535,2,0,0,2048,12,6530377505
1574,6638440,6560068,13198508,2,0,0,11264,12,9856898781
1575,6659610,22400852,29060462,8,0,1,3584,17,9923314491
1576,6664971,22463955,29128926,1,0,1,19968,15,3581749436
1577,6666040,22470839,29136879,2,0,1,15872,12,5565714920
1578,6667830,8845519,15513349,0,0,0,22016,2,4234115861
1579,6670680,5029086,11699766,0,0,0,10752,2,6272916104
1580,6682570,7943262,14625832,7,0,0,40448,4,9657118138
1581,6684490,8439700,15124190,4,0,0,54784,16,4615845952
1582,6688340,5363917,12052257,0,0,0,1024,2,4518967312
1583,6691350,8588935,15280285,5,0,0,9728,13,5281316626
1584,6692350,6627992,13320342,7,0,0,101376,4,3110366518
1585,6695410,9487501,16182911,4,0,0,44032,16,4511384850
1586,6696300,8128762,14825062,7,0,0,40960,4,6685083406
1587,6698860,5083339,11782199,7,0,0,10240,4,4306177389
1588,6700560,9381449,16082009,3,0,0,20480,1,5076388617
1589,6700650,8363899,15064549,2,0,0,27648,12,381980151
1590,6705980,6758751,13464731,8,0,0,8704,17,3898299745
1591,6708070,7599544,14307614,0,0,0,6144,2,10455891660
1592,6712161,22493653,29205814,5,0,1,48128,13,3888681256
1593,6717670,6648716,13366386,6,0,0,13312,13,9141853401
1594,6718800,6631031,13349831,2,0,0,6656,12,4182522426
1595,6718980,8366535,15085515,0,0,0,36864,2,9656214713
1596,6719870,7477589,14197459,2,0,0,16384,12,10550825440
1597,6728810,6196145,12924955,8,0,0,11264,17,9565934737
1598,6734430,6941484,13675914,8,0,0,31744,17,3370444685
1599,6735680,5943172,12678852,3,0,0,2560,1,3893517622
1600,6736520,4869652,11606172,9,0,0,11776,13,2025684132
1601,6738300,8577635,15315935,3,0,0,69120,1,931036393
1602,6741360,6608650,13350010,9,0,0,512,13,2129755600
1603,6750170,6844740,13594910,5,0,0,11264,13,7630724500
1604,6750230,9311274,16061504,7,0,0,10752,4,8172301106
1605,6753761,22458698,29212459,6,0,1,14336,13,2077888660
1606,6761290,7785023,14546313,0,0,0,12800,2,3321099210
1607,6761710,8419169,15180879,3,0,0,15360,1,5028806713
1608,6767150,22478999,29246149,0,0,1,5120,2,10697323063
1609,6770390,7374857,14145247,2,0,0,11264,12,8544426842
1610,6772800,7624335,14397135,9,0,0,11264,13,4954764856
1611,6777290,8471562,15248852,2,0,0,69120,12,842496402
1612,6779670,7918058,14697728,0,0,0,9728,2,814316993
1613,6781291,22465844,29247135,5,0,1,1536,13,2029130197
1614,6782050,9387422,16169472,5,0,0,27136,13,9292407766
1615,6784701,22462780,29247481,5,0,1,512,13,7852009791
1616,6784749,22464269,29249018,4,0,1,23552,16,187017482
1617,6790000,5311303,12101303,9,0,0,21504,13,10069979281
1618,6790570,7505423,14295993,6,0,0,30208,13,3648817747
1619,6792240,6976032,13768272,2,0,0,1024,12,5050673281
1620,6793920,6474925,13268845,5,0,0,5632,13,7860346801
1621,6795490,5169677,11965167,0,0,0,14336,2,4399331725
1622,6798300,9385570,16183870,8,0,0,3072,17,1277201698
1623,6799280,6255285,13054565,2,0,0,5632,12,4165125799
1624,6805670,9223941,16029611,6,0,0,109568,13,3212330629
1625,6809160,7303452,14112612,6,0,0,20480,13,3150377614
1626,6813550,6668666,13482216,7,0,0,9216,4,4059220684
1627,6816340,8623058,15439398,2,0,0,37888,12,4553972710
1628,6816870,6896365,13713235,8,0,0,26112,17,6442815437
1629,6817940,7825433,14643373,1,0,0,40960,15,5429389675
1630,6825220,6860077,13685297,8,0,0,30720,17,2192734549
1631,6825260,22522277,29347537,2,0,1,8192,12,1275418576
1632,6834760,5570735,12405495,8,0,0,3584,17,5028351334
1633,6837460,9431211,16268671,3,0,0,20480,1,7237559324
1634,6842100,5598701,12440801,5,0,0,8192,13,4743547284
1635,6844279,22538019,29382298,4,0,1,1536,16,668374101
1636,6845090,7417762,14262852,0,0,0,27648,2,6959070841
1637,6850480,9224619,16075099,7,0,0,44544,4,2163847086
1638,6859070,22523251,29382321,2,0,1,2048,12,8518682332
1639,6861930,7077511,13939441,9,0,0,46080,13,5416649857
1640,6862981,22519363,29382344,1,0,1,2048,15,6867482459
1641,6868590,6585339,13453929,7,0,0,5120,4,2802075065
1642,6881960,22518880,29400840,2,0,1,20992,12,6852340339
1643,6884131,22591862,29475993,9,0,1,512,13,5216976546
1644,6890290,9325036,16215326,2,0,0,24576,12,8192127800
1645,6890471,22587788,29478259,5,0,1,3584,13,1330081053
1646,6890770,8537061,15427831,7,0,0,21504,4,945005798
1647,6894820,8900245,15795065,5,0,0,51712,13,7451501720
1648,6896620,9868906,16765526,3,0,0,5120,1,8236710883
1649,6897500,9470859,16368359,8,0,0,20992,17,9439603671
1650,6897589,22651100,29548689,4,0,1,7680,16,2067442670
1651,6899569,22763572,29663141,4,0,1,19968,16,4846541356
1652,6905370,6315687,13221057,8,0,0,9728,17,4523152619
1653,6905380,7827571,14732951,7,0,0,12288,4,9662903992
1654,6923861,22739303,29663164,5,0,1,512,13,4723852435
1655,6924670,7535822,14460492,4,0,0,14336,16,7192577156
1656,6931820,5379486,12311306,4,0,0,7680,16,3318606979
1657,6934380,9141366,16075746,8,0,0,2048,17,8190242839
1658,6934650,8282833,15217483,3,0,0,28160,1,2226507632
1659,6935430,5582172,12517602,5,0,0,9216,13,3928352899
1660,6945170,7827497,14772667,9,0,0,11776,13,10076023449
1661,6946280,8741511,15687791,9,0,0,13312,13,9720818140
1662,6953751,22729363,29683114,9,0,1,27648,13,4467343226
1663,6955911,22852855,29808766,9,0,1,5632,13,1584658595
1664,6958421,22853484,29811905,6,0,1,2048,13,674945937
1665,6959240,6602350,13561590,3,0,0,26624,1,4709747085
1666,6965610,23342751,30308361,0,0,1,206336,2,8047954777
1667,6973920,7968816,14942736,0,0,0,22016,2,144899588
1668,6982410,6444338,13426748,5,0,0,27136,13,4166377104
1669,6982850,23348318,30331168,2,0,1,3072,12,6788107008
1670,6984370,6170741,13155111,2,0,0,9216,12,1230873541
1671,6985190,7470903,14456093,4,0,0,5632,16,734869315
1672,6988270,23353577,30341847,2,0,1,5632,12,3861987953
1673,6990880,6909313,13900193,6,0,0,44032,13,8652898976
1674,6991220,23374452,30365672,0,0,1,5120,2,9122700659
1675,6994870,23370825,30365695,3,0,1,11776,1,4915484160
1676,6996990,6455356,13452346,0,0,0,1024,2,5022971353
1677,6998030,9513977,16512007,4,0,0,42496,16,5704341933
1678,6998720,6235081,13233801,1,0,0,1024,15,10119889079
1679,7004120,8445955,15450075,3,0,0,2048,1,717167057
1680,7004430,7537960,14542390,9,0,0,97792,13,7925800891
1681,7005380,9136879,16142259,5,0,0,77312,13,647732850
1682,7007850,6917528,13925378,2,0,0,8704,12,2107188684
1683,7011410,5666639,12678049,3,0,0,1536,1,2253324694
1684,7014390,9193425,16207815,2,0,0,27136,12,3196283598
1685,7017820,23352437,30370257,3,0,1,16384,1,8704261748
1686,7019450,7093341,14112791,3,0,0,512,1,3526986636
1687,7024060,7925095,14949155,4,0,0,20992,16,3333795442
1688,7024960,7642499,14667459,6,0,0,57856,13,6166736645
1689,7025100,9851731,16876831,9,0,0,41984,13,4590909839
1690,7029160,7939371,14968531,7,0,0,9216,4,103389218
1691,7030310,8390923,15421233,9,0,0,29184,13,2391702325
1692,7033160,7859292,14892452,7,0,0,4096,4,7108413023
1693,7039841,23354634,30394475,9,0,1,14336,13,9145312981
1694,7044740,6836071,13880811,8,0,0,15872,17,6802527063
1695,7050850,5808260,12859110,8,0,0,3072,17,1551148944
1696,7052290,8778325,15830615,6,0,0,47616,13,2203515352
1697,7056650,7704795,14761445,7,0,0,24576,4,8246526002
1698,7058020,9159045,16217065,8,0,0,5632,17,1900214048
1699,7070610,23410944,30481554,3,0,1,18432,1,4656584650
1700,7076860,7754309,14831169,5,0,0,19968,13,4926698312
1701,7078981,23402897,30481878,5,0,1,512,13,10634004415
1702,7080650,23403814,30484464,0,0,1,4096,2,79280774
1703,7084860,9376818,16461678,5,0,0,19968,13,6454084838
1704,7086500,8114081,15200581,4,0,0,17408,16,7976350990
1705,7095560,9705197,16800757,5,0,0,40448,13,10269845150
1706,7096010,9890987,16986997,4,0,0,9216,16,2989670619
1707,7105989,23380741,30486730,4,0,1,3584,16,1428614907
1708,7109790,9219267,16329057,6,0,0,74240,13,5848136977
1709,7110350,6529291,13639641,3,0,0,23552,1,9176842377
1710,7110660,6385175,13495835,7,0,0,25088,4,3413638510
1711,7120470,6331533,13452003,7,0,0,16896,4,9882030221
1712,7126711,23368391,30495102,6,0,1,13312,13,7505100367
1713,7128690,8402044,15530734,8,0,0,7680,17,6116464228
1714,7134760,8359791,15494551,8,0,0,5120,17,8705220207
1715,7137271,23358497,30495768,6,0,1,1024,13,9411641431
1716,7142160,9210522,16352682,8,0,0,46080,17,3021249580
1717,7143540,8518378,15661918,9,0,0,6144,13,6005634340
1718,7143710,7506090,14649800,7,0,0,20992,4,6827097679
1719,7146050,9370504,16516554,5,0,0,14848,13,3696019502
1720,7146370,7140396,14286766,4,0,0,20992,16,2226673022
1721,7148190,8380158,15528348,4,0,0,49152,16,7045558930
1722,7149440,9436895,16586335,8,0,0,42496,17,4262967064
1723,7151471,23347203,30498674,9,0,1,4608,13,2823774139
1724,7156810,9488857,16645667,4,0,0,54272,16,10532079303
1725,7160970,9269229,16430199,7,0,0,111104,4,2995874131
1726,7162310,6523634,13685944,6,0,0,2048,13,8704655268
1727,7179770,8709725,15889495,8,0,0,16384,17,6532757846
1728,7187520,9245822,16433342,1,0,0,10240,15,2598910231
1729,7193270,7420215,14613485,1,0,0,16384,15,3686982836
1730,7195670,9200654,16396324,3,0,0,86016,1,4545328223
1731,7197300,9077946,16275246,2,0,0,21504,12,7460800084
1732,7199790,23309337,30509127,0,0,1,14336,2,5376469611
1733,7205139,23390009,30595148,7,0,1,9728,4,5812566545
1734,7205530,8242783,15448313,8,0,0,29184,17,1016986145
1735,7208309,23386862,30595171,7,0,1,9216,4,9960229029
1736,7208520,10022968,17231488,3,0,0,29184,1,2147006184
1737,7209220,23392416,30601636,2,0,1,4608,12,9881875654
1738,7210659,23399553,30610212,4,0,1,12288,16,9893739302
1739,7215160,23398918,30614078,3,0,1,6144,1,6160464343
1740,7217000,7459287,14676287,4,0,0,3072,16,595459024
1741,7224130,7502847,14726977,2,0,0,4608,12,1874297498
1742,7229910,23388674,30618584,2,0,1,7168,12,8840296909
1743,7230479,23511191,30741670,4,0,1,7168,16,5916533778
1744,7236980,8723809,15960789,6,0,0,45568,13,2839883384
1745,7239291,23503365,30742656,6,0,1,1536,13,1583261265
1746,7241740,7934436,15176176,2,0,0,27136,12,7349646464
1747,7244371,23511142,30755513,6,0,1,2048,13,6930892427
1748,7246031,23518748,30764779,1,0,1,4096,15,9946929873
1749,7251279,23587730,30839009,7,0,1,4608,4,4533855899
1750,7252240,8025058,15277298,1,0,0,8192,15,8150888478
1751,7252780,9674281,16927061,4,0,0,12800,16,7397381340
1752,7260991,23580604,30841595,9,0,1,4096,13,9890280791
1753,7273540,9088400,16361940,8,0,0,4608,17,9113598752
1754,7274390,7817460,15091850,8,0,0,12800,17,1566458279
1755,7274720,8051378,15326098,9,0,0,33280,13,2387907203
1756,7284280,8114967,15399247,8,0,0,11264,17,10284851815
1757,7287089,23556772,30843861,4,0,1,3584,16,9006026114
1758,7292170,6589600,13881770,4,0,0,3072,16,8403522219
1759,7300581,23548426,30849007,6,0,1,8192,13,90346576
1760,7305340,9529463,16834803,5,0,0,48128,13,2617829905
1761,7310500,10106928,17417428,7,0,0,36864,4,7307063463
1762,7310730,6700398,14011128,4,0,0,2048,16,9785841571
1763,7317580,8142873,15460453,1,0,0,9728,15,6380293923
1764,7318380,10185103,17503483,9,0,0,55296,13,10398594729
1765,7319121,23565108,30884229,9,0,1,5120,13,6141055128
1766,7322939,23596711,30919650,4,0,1,6656,16,8327338706
1767,7324139,23597457,30921596,4,0,1,3072,16,4807384237
1768,7325090,9449173,16774263,5,0,0,10752,13,310878004
1769,7326669,23597193,30923862,4,0,1,3584,16,6339499879
1770,7332910,8433831,15766741,5,0,0,17920,13,5010644817
1771,7334520,6487566,13822086,7,0,0,5120,4,5015509652
1772,7335381,23594557,30929938,1,0,1,512,15,5274449797
1773,7336151,23593810,30929961,5,0,1,8704,13,1579723186
1774,7338961,23591023,30929984,6,0,1,512,13,5179628674
1775,7339980,10548595,17888575,1,0,0,29184,15,5233685431
1776,7343900,10322874,17666774,3,0,0,10752,1,3672216275
1777,7344880,8400233,15745113,8,0,0,20992,17,9776934941
1778,7350570,9265630,16616200,3,0,0,50688,1,8754737519
1779,7352060,7086952,14439012,8,0,0,45568,17,9179205712
1780,7364760,9711919,17076679,4,0,0,30208,16,7886665450
1781,7368910,7640484,15009394,1,0,0,4608,15,9100338874
1782,7370410,7083944,14454354,1,0,0,31232,15,5870605015
1783,7370790,9393153,16763943,8,0,0,37376,17,6768377318
1784,7386110,9149715,16535825,8,0,0,3584,17,4407166293
1785,7397980,8156487,15554467,7,0,0,28672,4,9513053238
1786,7405440,9778869,17184309,5,0,0,34816,13,3143828707
1787,7413520,7567136,14980656,7,0,0,33792,4,3561289876
1788,7414380,9800316,17214696,4,0,0,43520,16,4705110744
1789,7417640,8448346,15865986,5,0,0,51712,13,9977486195
1790,7426140,8233883,15660023,4,0,0,53248,16,178449299
1791,7435620,23496088,30931708,2,0,1,3584,12,4084488661
1792,7438430,7236898,14675328,1,0,0,14848,15,8490660900
1793,7440700,23492314,30933014,2,0,1,2048,12,7143893019
1794,7445129,8388964,15834093,2,0,0,7680,12,5822389307
1795,7445829,9486247,16932076,2,0,0,16384,12,2079181885
1796,7454719,23479371,30934090,7,0,1,13312,4,442706816
1797,7456881,23572750,31029631,1,0,1,2048,15,6010724735
1798,7457561,23573376,31030937,6,0,1,2048,13,2549979827
1799,7458380,7476198,14934578,7,0,0,23552,4,3688879451
1800,7466030,10500049,17966079,1,0,0,33280,15,311859634
1801,7471830,6288461,13760291,1,0,0,10752,15,6797661280
1802,7474300,23560033,31034333,2,0,1,14336,12,8304312516
1803,7478450,6588400,14066850,7,0,0,11264,4,6798197151
1804,7479440,8670018,16149458,5,0,0,23552,13,1490731336
1805,7480091,23558108,31038199,1,0,1,6144,15,7851128190
1806,7489350,8568855,16058205,3,0,0,61440,1,2713587515
1807,7490400,10189624,17680024,3,0,0,17920,1,9485804829
1808,7493010,23617403,31110413,2,0,1,25088,12,7409254873
1809,7493920,23616516,31110436,8,0,1,3072,17,3661317187
1810,7496090,6455723,13951813,9,0,0,7680,13,9350116449
1811,7510660,23599799,31110459,2,0,1,512,12,5427902994
1812,7515620,23613940,31129560,8,0,1,18432,17,8487539216
1813,7517930,10597058,18114988,4,0,0,19456,16,7053847756
1814,7520740,8046826,15567566,5,0,0,4608,13,5642053502
1815,7521639,6549001,14070640,2,0,0,5120,12,3591299480
1816,7523279,7889039,15412318,2,0,0,24576,12,1306530722
1817,7529990,7756098,15286088,8,0,0,18944,17,3187513280
1818,7530610,8201731,15732341,8,0,0,7168,17,6109209305
1819,7532040,7138741,14670781,4,0,0,1024,16,5805917626
1820,7532280,9090518,16622798,9,0,0,11776,13,2025182293
1821,7533570,9314176,16847746,5,0,0,1536,13,2642164829
1822,7536300,8951005,16487305,4,0,0,11776,16,8594968430
1823,7537730,8761079,16298809,5,0,0,20480,13,8830817633
1824,7541140,6527917,14069057,7,0,0,7168,4,4039840864
1825,7542990,23586593,31129583,2,0,1,6144,12,3331749196
1826,7543580,8364902,15908482,9,0,0,8704,13,3722623638
1827,7544150,9487112,17031262,1,0,0,21504,15,2937990808
1828,7549400,8428883,15978283,5,0,0,17408,13,5898161209
1829,7549700,23586504,31136204,2,0,1,3584,12,5872381364
1830,7561640,9551923,17113563,8,0,0,22016,17,3725086381
1831,7564740,7630514,15195254,9,0,0,47104,13,5636185657
1832,7575310,23566040,31141350,3,0,1,8192,1,8275615916
1833,7575580,7051367,14626947,5,0,0,3584,13,3472206297
1834,7577500,23566436,31143936,2,0,1,4096,12,8402395416
1835,7583930,23564193,31148123,2,0,1,14848,12,3630165920
1836,7591820,23699329,31291149,8,0,1,1536,17,5338314098
1837,7603280,7470964,15074244,8,0,0,31744,17,2039175531
1838,7609819,7119365,14729184,2,0,0,7168,12,3901304639
1839,7616200,7864211,15480411,5,0,0,34816,13,10150090032
1840,7620239,9951378,17571617,2,0,0,30208,12,5499973881
1841,7626550,9320917,16947467,5,0,0,16384,13,8081591079
1842,7627650,10124489,17752139,3,0,0,31744,1,4948679456
1843,7629240,8202490,15831730,1,0,0,3584,15,6218002115
1844,7636040,10188797,17824837,7,0,0,37888,4,74651587
1845,7645800,7134628,14780428,8,0,0,3584,17,2647336775
1846,7647560,10062585,17710145,9,0,0,23040,13,5505341926
1847,7647901,23713438,31361339,5,0,1,19968,13,3505881230
1848,7648000,9553413,17201413,5,0,0,15360,13,6716441767
1849,7655001,23735847,31390848,5,0,1,9728,13,4206318223
1850,7657031,23733840,31390871,6,0,1,9728,13,10313288658
1851,7661560,9310033,16971593,7,0,0,57856,4,6035322456
1852,7663210,7970034,15633244,1,0,0,1024,15,3304940717
1853,7669850,7386252,15056102,0,0,0,21504,2,10028800138
1854,7669890,7716652,15386542,4,0,0,30720,16,5385139387
1855,7670330,7000116,14670446,4,0,0,9728,16,5513442476
1856,7671450,8689063,16360513,5,0,0,25600,13,6457611213
1857,7674640,10319440,17994080,8,0,0,40448,17,4606095061
1858,7677990,7213191,14891181,1,0,0,512,15,8559018579
1859,7679440,8597568,16277008,9,0,0,5632,13,2461971001
1860,7681680,9217060,16898740,1,0,0,53760,15,7615865548
1861,7682960,8516556,16199516,8,0,0,45056,17,8495953456
1862,7683520,8780053,16463573,8,0,0,6144,17,1001032097
1863,7684710,23791355,31476065,0,0,1,22528,2,2079236861
1864,7701029,9394728,17095757,2,0,0,30720,12,5383150914
1865,7703950,7839489,15543439,5,0,0,31232,13,803705491
1866,7713310,8914667,16627977,4,0,0,16896,16,3371912858
1867,7713830,8841447,16555277,5,0,0,1536,13,1704048021
1868,7718659,23757429,31476088,4,0,1,2048,16,4115986202
1869,7727260,8604472,16331732,3,0,0,8704,1,10697775985
1870,7734120,23770828,31504948,3,0,1,17408,1,7149966764
1871,7734151,23797179,31531330,9,0,1,10752,13,4452088114
1872,7750590,23792723,31543313,0,0,1,11264,2,543644344
1873,7758969,7936645,15695614,2,0,0,25600,12,10676063123
1874,7765390,23780874,31546264,2,0,1,12800,12,6523851766
1875,7772960,10704593,18477553,9,0,0,37888,13,347539886
1876,7785070,11140651,18925721,8,0,0,100352,17,5067106299
1877,7786619,23906380,31692999,7,0,1,2560,4,7857898631
1878,7793400,8705628,16499028,3,0,0,38400,1,1743393301
1879,7793690,10145305,17938995,5,0,0,18432,13,4989690122
1880,7794909,23900996,31695905,7,0,1,4608,4,8246828730
1881,7798200,8387565,16185765,3,0,0,6144,1,10690521290
1882,7804190,8038506,15842696,5,0,0,28160,13,470282905
1883,7806650,8009365,15816015,4,0,0,28672,16,8301700795
1884,7808210,7412649,15220859,7,0,0,10752,4,8312907893
1885,7810020,10031779,17841799,4,0,0,11776,16,7150884603
1886,7814549,9371195,17185744,2,0,0,4608,12,8280190785
1887,7814840,10153914,17968754,4,0,0,8704,16,6227138082
1888,7816790,23883621,31700411,8,0,1,7168,17,1276907853
1889,7818780,9089031,16907811,4,0,0,29696,16,3919817471
1890,7822930,9786500,17609430,4,0,0,46080,16,8394411379
1891,7823411,23971839,31795250,1,0,1,2560,15,8096399424
1892,7825200,7708700,15533900,7,0,0,10240,4,7546755887
1893,7826560,11204784,19031344,5,0,0,85504,13,10164617935
1894,7829611,23965662,31795273,9,0,1,6656,13,4363360170
1895,7842820,9796140,17638960,8,0,0,88576,17,2122746914
1896,7843470,23967137,31810607,2,0,1,3072,12,7159187424
1897,7846510,10215059,18061569,9,0,0,11264,13,3065542703
1898,7855040,8951668,16806708,7,0,0,19456,4,6080546458
1899,7867200,8876193,16743393,4,0,0,18944,16,6962162150
1900,7873280,7616480,15489760,1,0,0,11264,15,5174674604
1901,7875040,7060965,14936005,7,0,0,4608,4,398622442
1902,7879830,8575741,16455571,9,0,0,28672,13,9375344934
1903,7884371,23926259,31810630,1,0,1,512,15,3631356307
1904,7886881,23925378,31812259,6,0,1,4096,13,4272767092
1905,7888540,10042427,17930967,1,0,0,13824,15,2488345802
1906,7888970,10262731,18151701,3,0,0,70144,1,7662719008
1907,7890140,8767905,16658045,7,0,0,30720,4,10208228831
1908,7895830,9647237,17543067,4,0,0,15872,16,2108146352
1909,7902840,11192510,19095350,3,0,0,16384,1,9449886198
1910,7903710,10078015,17981725,4,0,0,42496,16,5681878902
1911,7911499,8970838,16882337,2,0,0,7168,12,2675031686
1912,7924770,8539949,16464719,3,0,0,3584,1,688147806
1913,7927030,10068173,17995203,4,0,0,3584,16,3502766330
1914,7936050,7272822,15208872,9,0,0,27136,13,2072253893
1915,7941990,7865266,15807256,3,0,0,39936,1,2125213014
1916,7948460,9457713,17406173,5,0,0,13824,13,5587102608
1917,7961680,23850602,31812282,0,0,1,4608,2,9818967646
1918,7962890,9544851,17507741,5,0,0,9728,13,5361286470
1919,7967700,10258050,18225750,8,0,0,9216,17,1981303063
1920,7971800,7975082,15946882,1,0,0,8704,15,7684555435
1921,7973740,9492656,17466396,3,0,0,1024,1,4020923766
1922,7974249,23838056,31812305,4,0,1,1536,16,2650159484
1923,7984100,7477468,15461568,9,0,0,3584,13,5224373657
1924,7988670,7556984,15545654,4,0,0,7168,16,6797482404
1925,7989719,23822609,31812328,7,0,1,512,4,3236580452
1926,8030640,9184235,17214875,5,0,0,512,13,3118144156
1927,8034660,8954605,16989265,1,0,0,1536,15,3286943990
1928,8035420,9217160,17252580,5,0,0,27648,13,9258612617
1929,8036080,24419804,32455884,3,0,1,203776,1,3743509396
1930,8036609,24423781,32460390,4,0,1,7168,16,6533612221
1931,8049140,24699206,32748346,3,0,1,142848,1,7545958179
1932,8051930,10166590,18218520,1,0,0,8704,15,8219335672
1933,8052221,24696148,32748369,9,0,1,3072,13,5775294381
1934,8055601,24747712,32803313,1,0,1,48128,15,3358164182
1935,8056900,24838344,32895244,3,0,1,31232,1,6141033659
1936,8059819,7545597,15605416,2,0,0,27648,12,5782752866
1937,8066650,9223284,17289934,1,0,0,18944,15,5467301600
1938,8068140,10147705,18215845,8,0,0,32256,17,8117959391
1939,8070970,10135024,18205994,3,0,0,9216,1,4425553865
1940,8075620,8764354,16839974,8,0,0,16896,17,9538150126
1941,8076430,9325508,17401938,1,0,0,32768,15,4170316174
1942,8079590,7382625,15462215,9,0,0,2048,13,9077362395
1943,8091759,8566629,16658388,2,0,0,1024,12,2127075176
1944,8095740,10188741,18284481,1,0,0,4608,15,6185885244
1945,8104950,11342170,19447120,4,0,0,18944,16,1719294426
1946,8111900,8420135,16532035,8,0,0,25600,17,10283756850
1947,8114269,7527917,15642186,2,0,0,12288,12,5415842988
1948,8114890,8991942,17106832,2,0,0,13824,12,5035489022
1949,8121370,8507722,16629092,5,0,0,3584,13,865789867
1950,8123360,9598352,17721712,5,0,0,37888,13,8150399339
1951,8126790,10213340,18340130,9,0,0,16384,13,7958324408
1952,8131940,11058845,19190785,3,0,0,47104,1,1500846480
1953,8133521,24761746,32895267,1,0,1,1536,15,1095392514
1954,8134591,24769770,32904361,5,0,1,3072,13,3320666780
1955,8136031,24793710,32929741,5,0,1,4608,13,7688949635
1956,8137400,8481787,16619187,4,0,0,9728,16,5044859419
1957,8138431,24791341,32929772,9,0,1,3584,13,7593437222
1958,8139760,9906460,18046220,5,0,0,26624,13,1864623060
1959,8141301,24788494,32929795,5,0,1,1536,13,969656783
1960,8141540,11428910,19570450,1,0,0,74752,15,7370628255
1961,8146460,25037596,33184056,3,0,1,81920,1,4379880115
1962,8156450,11601735,19758185,8,0,0,72704,17,407991690
1963,8157300,25083653,33240953,2,0,1,19968,12,1753338602
1964,8170290,8895563,17065853,6,0,0,512,13,5623520805
1965,8173469,8823486,16996955,2,0,0,22528,12,1030478881
1966,8182780,11751792,19934572,4,0,0,6144,16,3631896287
1967,8187320,25053656,33240976,3,0,1,3584,1,208508514
1968,8191530,11677192,19868722,8,0,0,23040,17,5084957648
1969,8192910,10270557,18463467,8,0,0,71680,17,1229064934
1970,8204360,7669012,15873372,7,0,0,512,4,7043797301
1971,8208980,9459377,17668357,1,0,0,5120,15,5270049672
1972,8209330,10168283,18377613,9,0,0,48128,13,4122499783
1973,8213000,8914263,17127263,8,0,0,19456,17,492859945
1974,8217751,25023248,33240999,9,0,1,2048,13,338220531
1975,8220820,9015507,17236327,3,0,0,6144,1,7374521642
1976,8224610,8949068,17173678,8,0,0,111104,17,7426211117
1977,8225180,9532286,17757466,2,0,0,17408,12,9292299121
1978,8232571,25008451,33241022,9,0,1,2048,13,5124548404
1979,8234581,25008983,33243564,5,0,1,4096,13,9770541629
1980,8240630,10367359,18607989,8,0,0,24064,17,1037978382
1981,8243229,8195284,16438513,2,0,0,16896,12,9578748111
1982,8246029,25041883,33287912,7,0,1,1536,4,5478745185
1983,8249510,7911671,16161181,8,0,0,38400,17,3027718429
1984,8253690,8084929,16338619,3,0,0,22528,1,8894933697
1985,8254190,25071345,33325535,8,0,1,7168,17,1551588614
1986,8260619,11773501,20034120,2,0,0,1024,12,249390572
1987,8274480,8326230,16600710,5,0,0,47104,13,9222138945
1988,8274970,9056926,17331896,4,0,0,8704,16,3653537027
1989,8278030,25070204,33348234,2,0,1,5120,12,151558248
1990,8281429,25079482,33360911,4,0,1,6144,16,3951499541
1991,8282100,10370697,18652797,4,0,0,5632,16,1549199677
1992,8284260,12145600,20429860,7,0,0,48128,4,6555211907
1993,8289410,10435345,18724755,4,0,0,59904,16,89999535
1994,8293310,12201354,20494664,3,0,0,28160,1,4925099005
1995,8298350,25063227,33361577,3,0,1,11264,1,5564986950
1996,8306120,7573226,15879346,5,0,0,1024,13,5603448520
1997,8309170,9052227,17361397,4,0,0,7168,16,2064975130
1998,8313610,25052793,33366403,3,0,1,7680,1,739040528
1999,8315530,10733735,19049265,3,0,0,29184,1,3811980948
2000,8329540,25090207,33419747,0,0,1,512,2,392600405
2001,8337970,8399628,16737598,8,0,0,26112,17,7303466639
2002,8339350,9347192,17686542,9,0,0,512,13,9110232907
2003,8340120,7652002,15992122,9,0,0,26112,13,2674339206
2004,8342830,8363185,16706015,3,0,0,81408,1,2783499600
2005,8343630,10551492,18895122,1,0,0,36864,15,9304155366
2006,8354730,9201191,17555921,7,0,0,40960,4,5325072911
2007,8357561,25062209,33419770,1,0,1,512,15,7390931758
2008,8365551,25054242,33419793,6,0,1,1024,13,9956272807
2009,8374261,25053529,33427790,9,0,1,512,13,332944492
2010,8377069,8069743,16446812,2,0,0,27136,12,4646704713
2011,8379610,9910090,18289700,5,0,0,11264,13,8169621453
2012,8390301,25173893,33564194,6,0,1,24064,13,4511120860
2013,8399299,9066762,17466061,2,0,0,5120,12,5925904934
2014,8401190,8263149,16664339,9,0,0,19456,13,6053949347
2015,8403109,25161108,33564217,7,0,1,3072,4,4512817031
2016,8403530,25352714,33756244,3,0,1,30720,1,6736701755
2017,8406250,25350025,33756275,8,0,1,3584,17,8664697724
2018,8409000,9975026,18384026,9,0,0,7168,13,3594634467
2019,8414290,25385463,33799753,8,0,1,1536,17,7876547341
2020,8427300,8596789,17024089,4,0,0,4608,16,6566561127
2021,8427910,8425494,16853404,8,0,0,16896,17,5798797714
2022,8428800,8657574,17086374,9,0,0,31744,13,7400483445
2023,8435030,8278496,16713526,3,0,0,24576,1,9633673908
2024,8438210,12294700,20732910,9,0,0,125952,13,9413800441
2025,8446300,8869287,17315587,4,0,0,32768,16,5479546896
2026,8446500,12338192,20784692,0,0,0,9216,2,3463409370
2027,8452910,25357045,33809955,2,0,1,13824,12,9853170056
2028,8465610,10496910,18962520,8,0,0,6656,17,792168745
2029,8467780,8375181,16842961,8,0,0,9728,17,10391976130
2030,8474110,12386696,20860806,9,0,0,75776,13,8905893228
2031,8478400,10122234,18600634,9,0,0,157696,13,1837917262
2032,8482160,25329022,33811182,3,0,1,3584,1,7416820828
2033,8488051,25323899,33811950,5,0,1,11776,13,3194011993
2034,8491420,9023052,17514472,1,0,0,22016,15,6157893100
2035,8502669,8781470,17284139,2,0,0,43008,12,2788757637
2036,8507040,8373090,16880130,3,0,0,10752,1,7280966606
2037,8508880,10911559,19420439,8,0,0,40960,17,2475981473
2038,8513690,10301971,18815661,7,0,0,79872,4,4604864789
2039,8519990,9017883,17537873,4,0,0,40448,16,10217701143
2040,8521040,10031005,18552045,4,0,0,16896,16,4778544627
2041,8522860,10149491,18672351,8,0,0,30720,17,2840633396
2042,8524940,8009770,16534710,5,0,0,8704,13,209391290
2043,8525450,10099837,18625287,3,0,0,8704,1,3561277074
2044,8526130,10324301,18850431,3,0,0,27648,1,10122225835
2045,8527621,25394913,33922534,9,0,1,512,13,8237088262
2046,8532200,10643867,19176067,3,0,0,51712,1,8770570004
2047,8534449,9571243,18105692,2,0,0,40960,12,1635816775
2048,8536320,8686253,17222573,3,0,0,1024,1,101990759
2049,8541670,7981413,16523083,9,0,0,2048,13,8974368864
2050,8542940,9770713,18313653,8,0,0,34816,17,3765636072
2051,8549980,8646730,17196710,1,0,0,35840,15,10315481504
2052,8552060,8493086,17045146,7,0,0,1536,4,2701910476
2053,8561159,10500305,19061464,2,0,0,23040,12,7049256669
2054,8571279,25510139,34081418,7,0,1,21504,4,5936641220
2055,8577060,9477776,18054836,9,0,0,10752,13,2299670606
2056,8591900,10955311,19547211,7,0,0,17920,4,4084181246
2057,8592640,10487789,19080429,3,0,0,24064,1,10503150088
2058,8597459,8779046,17376505,2,0,0,7680,12,7195269094
2059,8600019,10631674,19231693,2,0,0,16384,12,6156436162
2060,8603410,11119762,19723172,9,0,0,64000,13,1599573466
2061,8603910,25511945,34115855,3,0,1,2048,1,2003812543
2062,8606260,10880865,19487125,4,0,0,27648,16,273306431
2063,8614490,10973189,19587679,7,0,0,9216,4,6403671225
2064,8615370,10979080,19594450,7,0,0,17408,4,1845170133
2065,8620970,8675383,17296353,1,0,0,20992,15,7716324812
2066,8627290,10722837,19350127,7,0,0,86016,4,1309450076
2067,8627480,8021182,16648662,9,0,0,9728,13,452969623
2068,8632129,9719568,18351697,2,0,0,37888,12,1174174673
2069,8636651,25662016,34298667,6,0,1,38912,13,4338251087
2070,8642140,10846591,19488731,7,0,0,512,4,95221732
2071,8644759,8684462,17329221,2,0,0,22016,12,6523194689
2072,8648960,9518988,18167948,3,0,0,53248,1,10249332878
2073,8656760,11046889,19703649,3,0,0,26112,1,285519626
2074,8657290,25654839,34312129,2,0,1,2048,12,8736923248
2075,8660770,9002705,17663475,7,0,0,80384,4,4617571891
2076,8661540,8272318,16933858,5,0,0,2560,13,9886019255
2077,8664040,11267985,19932025,7,0,0,66560,4,4010765509
2078,8674210,7874611,16548821,5,0,0,512,13,7356065691
2079,8677380,8245742,16923122,3,0,0,50176,1,2714586439
2080,8680680,10184062,18864742,5,0,0,40960,13,5100876007
2081,8684939,25663303,34348242,7,0,1,11264,4,5569445746
2082,8688140,11166168,19854308,7,0,0,74240,4,1903971740
2083,8691269,8614311,17305580,2,0,0,30208,12,10335364502
2084,8691340,25660517,34351857,2,0,1,3072,12,9049614245
2085,8691430,10177890,18869320,2,0,0,3584,12,1880306963
2086,8693190,8160751,16853941,9,0,0,1536,13,3412658614
2087,8694561,25659242,34353803,6,0,1,3072,13,2281288070
2088,8698170,11095342,19793512,7,0,0,9216,4,8036807644
2089,8700250,8076739,16776989,5,0,0,1024,13,4489240963
2090,8702210,8156919,16859129,5,0,0,11264,13,8663221374
2091,8702370,25753545,34455915,0,0,1,2048,2,1423451178
2092,8703490,9058702,17762192,2,0,0,2560,12,8044242660
2093,8705690,8736883,17442573,2,0,0,8192,12,4547305491
2094,8707691,25748247,34455938,6,0,1,10240,13,5306220227
2095,8712101,25747678,34459779,6,0,1,512,13,2834635575
2096,8725240,8739238,17464478,3,0,0,32768,1,3847006058
2097,8727479,25732450,34459929,7,0,1,10752,4,5724045304
2098,8729720,11156162,19885882,2,0,0,13824,12,3351167185
2099,8732090,8971012,17703102,5,0,0,40960,13,4061988491
2100,8741590,9296495,18038085,2,0,0,14848,12,5615491105
2101,8758269,25758027,34516296,7,0,1,17408,4,8258750745
2102,8759710,8255251,17014961,0,0,0,3584,2,2476233301
2103,8759790,11216123,19975913,4,0,0,1024,16,4573336537
2104,8763900,26016682,34780582,0,0,1,12288,2,10164881940
2105,8768610,8553872,17322482,3,0,0,22528,1,1029363022
2106,8768681,26132456,34901137,1,0,1,4096,15,678461629
2107,8776290,9949112,18725402,4,0,0,2048,16,609215323
2108,8780840,26137812,34918652,0,0,1,6144,2,743859388
2109,8791780,11214636,20006416,7,0,0,30208,4,4452967929
2110,8792050,26126625,34918675,0,0,1,4096,2,10717976506
2111,8792190,26126508,34918698,8,0,1,4096,17,1437216092
2112,8792340,12185216,20977556,4,0,0,13824,16,2222053097
2113,8808020,26123828,34931848,8,0,1,2560,17,10396319249
2114,8817340,8182914,17000254,4,0,0,10752,16,1896285196
2115,8818909,26135086,34953995,4,0,1,19456,16,519418155
2116,8834380,11277048,20111428,3,0,0,33280,1,3417544697
2117,8835151,26188306,35023457,5,0,1,18432,13,9505366321
2118,8835439,26264407,35099846,4,0,1,15872,16,9690219394
2119,8839490,26260379,35099869,0,0,1,8192,2,4576758917
2120,8839841,26260051,35099892,6,0,1,7168,13,10067506280
2121,8841840,11207830,20049670,4,0,0,9728,16,1304735735
2122,8843390,12222398,21065788,7,0,0,50176,4,10599144077
2123,8855999,26259453,35115452,7,0,1,5632,4,8557657341
2124,8859100,8809904,17669004,8,0,0,2048,17,17579504
2125,8859520,10725328,19584848,8,0,0,17408,17,4608045351
2126,8861750,10346865,19208615,4,0,0,26624,16,972515587
2127,8870840,26417047,35287887,8,0,1,18944,17,2812256920
2128,8874310,8564421,17438731,7,0,0,4096,4,8856534250
2129,8879400,8658808,17538208,2,0,0,1024,12,10722768668
2130,8886270,8448309,17334579,3,0,0,8704,1,2248742839
2131,8892571,26539949,35432520,6,0,1,30720,13,7230648080
2132,8893181,26558729,35451910,9,0,1,4608,13,650425740
2133,8896160,8530602,17426762,9,0,0,14848,13,7834123348
2134,8898571,26553362,35451933,9,0,1,2048,13,4552294080
2135,8899329,26566635,35465964,4,0,1,40448,16,7533925922
2136,8904730,26661086,35565816,2,0,1,6656,12,9018479372
2137,8906821,26817443,35724264,9,0,1,83456,13,4692691461
2138,8906880,10829130,19736010,2,0,0,10752,12,10663692337
2139,8909320,8426530,17335850,9,0,0,4096,13,1938421779
2140,8912680,10352057,19264737,8,0,0,6656,17,6888764445
2141,8919300,8214070,17133370,8,0,0,19968,17,4541493823
2142,8919461,26805149,35724610,5,0,1,512,13,4943093775
2143,8919560,12224931,21144491,3,0,0,10752,1,1046071760
2144,8921779,26802985,35724764,4,0,1,8704,16,6046597288
2145,8932340,8516652,17448992,4,0,0,20992,16,1154479780
2146,8938510,26796978,35735488,2,0,1,7168,12,8475623016
2147,8945360,8288195,17233555,7,0,0,6656,4,6966936900
2148,8963110,10426960,19390070,8,0,0,1024,17,1870245158
2149,8965640,8256590,17222230,8,0,0,24064,17,9580843077
2150,8965840,8274176,17240016,9,0,0,1536,13,4399864012
2151,8984160,9219003,18203163,4,0,0,31232,16,8112254496
2152,8988079,26752235,35740314,7,0,1,7680,4,2304698895
2153,8996780,11385579,20382359,4,0,0,55808,16,1037043583
2154,9003980,8365270,17369250,4,0,0,6144,16,7867774409
2155,9005890,10215095,19220985,3,0,0,19456,1,1316596119
2156,9007390,12318460,21325850,7,0,0,5632,4,7324809435
2157,9012480,11195991,20208471,5,0,0,29696,13,2193611780
2158,9015500,9105759,18121259,9,0,0,20480,13,7823648519
2159,9018520,26755671,35774191,3,0,1,6656,1,299509511
2160,9020300,8523102,17543402,9,0,0,1024,13,7942496699
2161,9020309,26962433,35982742,7,0,1,45056,4,6408762234
2162,9020310,8591639,17611949,9,0,0,8192,13,5485075546
2163,9021920,26961693,35983613,8,0,1,12288,17,755987204
2164,9024320,26975724,36000044,3,0,1,5120,1,7938193348
2165,9033520,8490202,17523722,3,0,0,25088,1,3691605373
2166,9039280,26964310,36003590,0,0,1,5632,2,1319245317
2167,9047840,9603210,18651050,1,0,0,84480,15,2704914602
2168,9054700,10007879,19062579,2,0,0,3584,12,1100586247
2169,9057900,12363416,21421316,4,0,0,1536,16,6897395931
2170,9060521,26986355,36046876,1,0,1,1024,15,3341328026
2171,9074360,10423333,19497693,8,0,0,12800,17,7260105758
2172,9082110,9801749,18883859,1,0,0,47616,15,208260985
2173,9088960,9642884,18731844,4,0,0,14336,16,8536679150
2174,9089020,9100221,18189241,4,0,0,24064,16,3730317236
2175,9098110,8406644,17504754,3,0,0,4096,1,1062018163
2176,9108470,12122427,21230897,8,0,0,20992,17,5074522045
2177,9109599,26937300,36046899,4,0,1,2560,16,4277619920
2178,9113030,26960520,36073550,8,0,1,13312,17,3717754529
2179,9116011,26965876,36081887,1,0,1,4608,15,5761082458
2180,9123470,8392585,17516055,4,0,0,5120,16,3907129961
2181,9133021,26948897,36081918,6,0,1,8192,13,1844638724
2182,9136740,9809970,18946710,5,0,0,7680,13,10253733367
2183,9144730,11424326,20569056,5,0,0,18944,13,3433894097
2184,9153410,26971688,36125098,2,0,1,20480,12,73120719
2185,9163910,8522453,17686363,3,0,0,14848,1,7122420037
2186,9167020,26967785,36134805,3,0,1,5632,1,1127936075
2187,9175810,10147595,19323405,1,0,0,37888,15,4081491730
2188,9181570,26962418,36143988,2,0,1,15360,12,5379484619
2189,9183550,11146193,20329743,4,0,0,58880,16,340545213
2190,9184150,27067808,36251958,8,0,1,8192,17,9510574074
2191,9197180,10046290,19243470,9,0,0,38400,13,5957903550
2192,9197500,8572424,17769924,2,0,0,2048,12,5018948303
2193,9205450,12395676,21601126,4,0,0,9216,16,3544273632
2194,9210120,8459398,17669518,4,0,0,1536,16,10157384079
2195,9216230,8505677,17721907,8,0,0,512,17,7004366917
2196,9231930,8352584,17584514,2,0,0,1024,12,8316455023
2197,9234461,28110778,37345239,9,0,1,345600,13,3286566230
2198,9242720,8431813,17674533,1,0,0,16384,15,10301171030
2199,9247961,28102628,37350589,6,0,1,4096,13,4699925503
2200,9248350,28102262,37350612,0,0,1,3584,2,3892435986
2201,9257860,8503529,17761389,5,0,0,12800,13,5153625728
2202,9269440,8556044,17825484,3,0,0,2048,1,1855686181
2203,9270220,8465554,17735774,5,0,0,11264,13,4882519646
2204,9285580,8586173,17871753,7,0,0,24064,4,7247954237
2205,9287710,12493545,21781255,5,0,0,15360,13,329138633
2206,9292760,11469578,20762338,3,0,0,70656,1,8057975500
2207,9304660,10154339,19458999,3,0,0,38912,1,621497044
2208,9309480,28041155,37350635,2,0,1,10752,12,5593068137
2209,9309920,11770461,21080381,9,0,0,2048,13,483461581
2210,9310580,9904454,19215034,7,0,0,20992,4,2887945701
2211,9316490,11597343,20913833,2,0,0,65536,12,10483089108
2212,9324990,8549474,17874464,1,0,0,8704,15,7229872190
2213,9327790,8395708,17723498,4,0,0,5120,16,2225684755
2214,9329010,9893558,19222568,3,0,0,5120,1,8397405427
2215,9330319,28075985,37406304,4,0,1,7168,16,1251267635
2216,9332100,28114745,37446845,0,0,1,15360,2,9255352116
2217,9332160,9186525,18518685,4,0,0,14848,16,7849284872
2218,9353630,28093561,37447191,3,0,1,512,1,5497606373
2219,9365451,28084966,37450417,5,0,1,5120,13,7171876063
2220,9365770,8477768,17843538,5,0,0,5632,13,5807648619
2221,9377940,28125192,37503132,3,0,1,5120,1,6586583191
2222,9382261,28125129,37507390,6,0,1,1024,13,498519442
2223,9395510,12759158,22154668,9,0,0,23040,13,7271491829
2224,9401090,13417770,22818860,9,0,0,36864,13,10561849050
2225,9407240,11584246,20991486,8,0,0,12288,17,6023872200
2226,9417470,9245498,18662968,1,0,0,33280,15,6680596553
2227,9419300,8644632,18063932,4,0,0,7680,16,3841984368
2228,9423650,8685364,18109014,5,0,0,10752,13,3499222615
2229,9423990,11445598,20869588,8,0,0,9728,17,9316267993
2230,9425880,10789189,20215069,5,0,0,5632,13,9614510886
2231,9427870,8646443,18074313,2,0,0,14336,12,4661548751
2232,9430760,11648966,21079726,8,0,0,36864,17,9619074030
2233,9446090,10173773,19619863,9,0,0,6656,13,6539888676
2234,9447619,28123079,37570698,7,0,1,79872,4,3891637950
2235,9453771,28173757,37627528,1,0,1,19456,15,67450501
2236,9456740,9867156,19323896,4,0,0,1536,16,3204023973
2237,9459570,28246706,37706276,8,0,1,1024,17,6779495327
2238,9462180,10445284,19907464,5,0,0,19968,13,734882809
2239,9462270,28340215,37802485,2,0,1,16384,12,4499543202
2240,9468741,28400220,37868961,5,0,1,10240,13,611728093
2241,9469420,9016112,18485532,9,0,0,26112,13,3245602674
2242,9473091,28395893,37868984,5,0,1,14848,13,4731011956
2243,9479830,8571707,18051537,0,0,0,5120,2,5345316582
2244,9484250,9494610,18978860,5,0,0,6656,13,10452923501
2245,9485001,28384006,37869007,1,0,1,15872,15,4232197023
2246,9488130,8691541,18179671,5,0,0,38400,13,3320729981
2247,9488860,8901241,18390101,3,0,0,18432,1,10488401769
2248,9494170,9037703,18531873,7,0,0,6144,4,5103058146
2249,9496190,11102170,20598360,8,0,0,44544,17,4780819952
2250,9499290,10332375,19831665,3,0,0,73216,1,1403842824
2251,9502560,28386546,37889106,0,0,1,6656,2,6529860842
2252,9503951,28385178,37889129,9,0,1,9728,13,4679317076
2253,9509520,9690960,19200480,8,0,0,31744,17,948386825
2254,9516730,9351475,18868205,2,0,0,11264,12,9936071732
2255,9518800,28370352,37889152,3,0,1,4608,1,5972881971
2256,9521670,8701249,18222919,4,0,0,14336,16,10481261477
2257,9523570,9097303,18620873,8,0,0,8704,17,1876382208
2258,9524331,28364852,37889183,6,0,1,4608,13,8571241183
2259,9530611,28369472,37900083,5,0,1,7168,13,5808930782
2260,9532190,8649688,18181878,0,0,0,7168,2,8665825411
2261,9534381,28396650,37931031,6,0,1,6656,13,651795024
2262,9539951,28396226,37936177,5,0,1,8192,13,4779079700
2263,9544510,9065998,18610508,0,0,0,8192,2,7781397902
2264,9551440,28451134,38002574,8,0,1,29184,17,5252723728
2265,9553670,28476776,38030446,8,0,1,7168,17,878605679
2266,9555990,28539989,38095979,8,0,1,3584,17,2999091988
2267,9557070,9056113,18613183,3,0,0,8704,1,274232208
2268,9559560,9063052,18622612,2,0,0,5632,12,725141070
2269,9563479,28897389,38460868,7,0,1,86528,4,10540722531
2270,9566530,8899456,18465986,2,0,0,8192,12,5262307440
2271,9569950,10208850,19778800,0,0,0,67584,2,5397389136
2272,9578240,8686719,18264959,4,0,0,2048,16,8865446237
2273,9587500,10824990,20412490,9,0,0,98816,13,4611272936
2274,9591980,28927990,38519970,0,0,1,3584,2,4132467380
2275,9592050,11866509,21458559,5,0,0,13312,13,1590182718
2276,9592810,10435024,20027834,7,0,0,34816,4,10509037062
2277,9599860,13405467,23005327,2,0,0,19968,12,9309527506
2278,9611510,11708670,21320180,7,0,0,27136,4,2906550255
2279,9611520,9325308,18936828,0,0,0,36352,2,7568277139
2280,9612740,10119971,19732711,4,0,0,31232,16,5676002177
2281,9617790,28902203,38519993,8,0,1,5632,17,10224055331
2282,9624011,28896005,38520016,9,0,1,2560,13,8425228351
2283,9627470,12006836,21634306,0,0,0,4608,2,9840915256
2284,9628110,10168545,19796655,1,0,0,10240,15,3059252884
2285,9630350,9493759,19124109,2,0,0,1024,12,2238653548
2286,9640480,9201481,18841961,1,0,0,86016,15,9105657394
2287,9644490,28877444,38521934,3,0,1,6656,1,9111221531
2288,9645730,9081723,18727453,3,0,0,6656,1,7742301524
2289,9653190,9447073,19100263,7,0,0,1536,4,10027491108
2290,9663720,28879496,38543216,3,0,1,15872,1,6725403527
2291,9664120,11883656,21547776,7,0,0,28160,4,5143562155
2292,9669241,28874539,38543780,1,0,1,10752,15,9610272897
2293,9674910,9176682,18851592,9,0,0,3584,13,1254722480
2294,9688580,11635523,21324103,2,0,0,12800,12,9067908089
2295,9688770,28878339,38567109,8,0,1,2560,17,289212054
2296,9690860,10671633,20362493,8,0,0,51200,17,177716920
2297,9694041,28904000,38598041,9,0,1,16896,13,8375701288
2298,9705420,12071132,21776552,4,0,0,26624,16,3726028813
2299,9705551,28902623,38608174,6,0,1,512,13,7223080874
2300,9711370,8906828,18618198,4,0,0,16384,16,2696319552
2301,9712630,9247831,18960461,3,0,0,45056,1,2116903202
2302,9713830,28918364,38632194,3,0,1,17408,1,7030016454
2303,9716220,9558766,19274986,8,0,0,4608,17,2487559153
2304,9721890,10398313,20120203,8,0,0,28672,17,7320881306
2305,9722840,9376924,19099764,7,0,0,14336,4,912264344
2306,9723100,9659280,19382380,5,0,0,41472,13,3563977986
2307,9727001,28929141,38656142,6,0,1,13824,13,7082000405
2308,9728980,9497698,19226678,5,0,0,13312,13,672818747
2309,9730930,9245612,18976542,5,0,0,25600,13,8201829252
2310,9731690,9120549,18852239,3,0,0,2048,1,6280198091
2311,9742341,29021150,38763491,6,0,1,25600,13,4070395346
2312,9746930,10380121,20127051,1,0,0,20992,15,1530726714
2313,9752370,9497207,19249577,2,0,0,19968,12,8321335337
2314,9752960,11909761,21662721,8,0,0,93184,17,7516148867
2315,9757139,29006375,38763514,4,0,1,14848,16,7909955004
2316,9759300,9630435,19389735,9,0,0,24064,13,818824227
2317,9763220,9181127,18944347,4,0,0,24576,16,4067340442
2318,9768250,10462750,20231000,0,0,0,28672,2,3432068741
2319,9771500,12033490,21804990,5,0,0,77824,13,894304583
2320,9775881,28999925,38775806,6,0,1,512,13,9695397282
2321,9781250,10663248,20444498,0,0,0,5120,2,5869569960
2322,9783120,9796401,19579521,3,0,0,29696,1,2767366571
2323,9790810,9369478,19160288,4,0,0,44544,16,124560500
2324,9799381,28984519,38783900,9,0,1,4608,13,1777233786
2325,9803030,9176009,18979039,3,0,0,512,1,6904086377
2326,9805900,9877067,19682967,2,0,0,52736,12,3036245418
2327,9811429,28972494,38783923,4,0,1,1024,16,646168152
2328,9817470,29034209,38851679,0,0,1,6144,2,1197624893
2329,9830920,12030209,21861129,1,0,0,24576,15,601910701
2330,9836240,9703243,19539483,8,0,0,7680,17,6456417568
2331,9837440,9641238,19478678,1,0,0,64512,15,8694860673
2332,9840050,9336360,19176410,2,0,0,1024,12,9749452746
2333,9841860,12116247,21958107,8,0,0,29184,17,10316807826
2334,9843200,13242792,23085992,3,0,0,48640,1,8462413255
2335,9844630,10009857,19854487,7,0,0,512,4,5696705572
2336,9846370,9842868,19689238,4,0,0,20480,16,1327838128
2337,9848390,29071865,38920255,2,0,1,1536,12,2482676159
2338,9852070,9408492,19260562,8,0,0,7680,17,5537148636
2339,9855830,9263071,19118901,9,0,0,4096,13,8037316955
2340,9856460,11564357,21420817,3,0,0,39424,1,2584153303
2341,9857110,10407515,20264625,2,0,0,2560,12,9601770803
2342,9857741,29066380,38924121,5,0,1,6144,13,2663773845
2343,9858800,11128919,20987719,8,0,0,33280,17,3318221432
2344,9858960,9739101,19598061,4,0,0,11776,16,5252174282
2345,9860840,9229495,19090335,2,0,0,12288,12,9315563620
2346,9867311,29337078,39204389,5,0,1,39936,13,2993545492
2347,9869820,12156692,22026512,1,0,0,23040,15,9292100370
2348,9870490,29424886,39295376,0,0,1,16896,2,3753697932
2349,9878919,29588804,39467723,7,0,1,36352,4,583521966
2350,9888740,9599812,19488552,8,0,0,4608,17,1716855705
2351,9891999,29601961,39493960,4,0,1,2560,16,8690911355
2352,9894770,13742375,23637145,2,0,0,7168,12,7474065645
2353,9896800,13653274,23550074,5,0,0,22016,13,10031322822
2354,9919270,10146491,20065761,6,0,0,52736,13,2735347506
2355,9925850,10763646,20689496,3,0,0,66560,1,1572946480
2356,9938090,9921415,19859505,4,0,0,1024,16,2167536416
2357,9938749,29578835,39517584,7,0,1,4608,4,1626301082
2358,9943250,9694251,19637501,7,0,0,24064,4,6648957356
2359,9944150,11092701,21036851,8,0,0,14848,17,4768629651
2360,9947430,9661418,19608848,9,0,0,35328,13,2822620467
2361,9948300,9715878,19664178,7,0,0,20480,4,3576531324
2362,9949290,10067913,20017203,2,0,0,35328,12,10389920648
2363,9954320,9712556,19666876,3,0,0,1024,1,3837832014
2364,9954590,9663222,19617812,5,0,0,28672,13,827197513
2365,9966710,12124836,22091546,9,0,0,28672,13,4977435897
2366,9969550,29551900,39521450,0,0,1,6144,2,2658103880
2367,9973370,10512691,20486061,1,0,0,41472,15,2816302592
2368,9977160,10095020,20072180,3,0,0,20992,1,10515913155
2369,9992140,9955476,19947616,2,0,0,41984,12,6140044043
2370,10011650,9479132,19490782,9,0,0,6656,13,10628737605
2371,10012360,12190085,22202445,0,0,0,48640,2,7007289796
2372,10013871,29509205,39523076,5,0,1,2560,13,8431178983
2373,10022570,10141233,20163803,3,0,0,1536,1,5935961550
2374,10025240,9876117,19901357,1,0,0,35840,15,6769812110
2375,10025480,10008305,20033785,0,0,0,19456,2,10576564109
2376,10028030,10304232,20332262,2,0,0,8192,12,491728080
2377,10029221,29496761,39525982,5,0,1,4608,13,6973207444
2378,10030050,10068049,20098099,3,0,0,84992,1,2913138959
2379,10035070,10380095,20415165,1,0,0,8704,15,2100286915
2380,10039591,29486737,39526328,6,0,1,512,13,4135136762
2381,10044100,11070798,21114898,0,0,0,9216,2,9213052663
2382,10050090,10051175,20101265,8,0,0,7168,17,10375228223
2383,10053290,13798248,23851538,2,0,0,45056,12,730206634
2384,10054640,12086669,22141309,9,0,0,8192,13,7198495940
2385,10061750,9604791,19666541,7,0,0,7680,4,4974056254
2386,10063980,11214855,21278835,0,0,0,113664,2,7582486006
2387,10064470,29673115,39737585,3,0,1,49664,1,1119703734
2388,10065160,10134240,20199400,9,0,0,61440,13,9487363710
2389,10066990,10815101,20882091,0,0,0,40960,2,9415124482
2390,10077820,9833879,19911699,0,0,0,13824,2,4834984259
2391,10084470,12228200,22312670,6,0,0,1024,13,9726743353
2392,10101500,10367099,20468599,7,0,0,48640,4,203854707
2393,10102640,10393607,20496247,3,0,0,5120,1,6920442817
2394,10108859,29844516,39953375,7,0,1,6144,4,7876476813
2395,10110370,9674962,19785332,4,0,0,1536,16,9630009481
2396,10110520,9547395,19657915,7,0,0,11776,4,5465105254
2397,10113630,11094135,21207765,4,0,0,24576,16,9020159344
2398,10129781,29827384,39957165,6,0,1,15872,13,2476186247
2399,10134990,9644621,19779611,4,0,0,2560,16,953053839
2400,10137410,10531783,20669193,5,0,0,122880,13,2334246237
2401,10139970,9550756,19690726,2,0,0,1536,12,8765534723
2402,10145180,11206670,21351850,4,0,0,48640,16,8542082724
2403,10146400,13079763,23226163,2,0,0,53760,12,8438316531
2404,10148550,10779970,20928520,7,0,0,48128,4,8036302819
2405,10150290,12292585,22442875,3,0,0,45568,1,10509963313
2406,10150440,10092293,20242733,0,0,0,22528,2,1274719909
2407,10152120,10099528,20251648,9,0,0,29184,13,4746611523
2408,10154110,9944948,20099058,2,0,0,3072,12,3626299917
2409,10154360,10210972,20365332,5,0,0,9216,13,8263500825
2410,10162130,10578649,20740779,3,0,0,20480,1,2236674451
2411,10165530,11367326,21532856,2,0,0,33280,12,4257298892
2412,10168800,11800562,21969362,1,0,0,36864,15,8277379001
2413,10177170,11933338,22110508,1,0,0,39424,15,2656515307
2414,10182660,10159609,20342269,0,0,0,32768,2,7629106137
2415,10182770,10949311,21132081,8,0,0,56320,17,6912652266
2416,10186720,10863749,21050469,1,0,0,30720,15,7647634438
2417,10193270,10067502,20260772,8,0,0,14848,17,2390989435
2418,10194919,29775240,39970159,4,0,1,3072,16,9742299284
2419,10196010,10150852,20346862,8,0,0,1536,17,1517483857
2420,10197430,10015900,20213330,2,0,0,15872,12,9077397620
2421,10198910,11110928,21309838,4,0,0,3584,16,6956181819
2422,10203691,29766491,39970182,9,0,1,3072,13,9464498205
2423,10206120,11009156,21215276,4,0,0,24576,16,6917563408
2424,10217770,10125302,20343072,4,0,0,2560,16,8893249252
2425,10217780,10717026,20934806,8,0,0,17920,17,9318567440
2426,10218470,10571705,20790175,5,0,0,17920,13,1155602672
2427,10223750,12433596,22657346,3,0,0,51200,1,4063935777
2428,10225600,10556261,20781861,4,0,0,64000,16,4070248944
2429,10226300,10274962,20501262,3,0,0,16384,1,10367264217
2430,10229350,29790195,40019545,2,0,1,22016,12,2441482408
2431,10231330,10697993,20929323,3,0,0,2560,1,6918886168
2432,10231630,13762222,23993852,4,0,0,22016,16,3994934245
2433,10232510,11061035,21293545,8,0,0,30208,17,7796484145
2434,10237430,10567486,20804916,2,0,0,2048,12,248429609
2435,10241480,11067243,21308723,1,0,0,32768,15,4832356209
2436,10241950,11280720,21522670,1,0,0,102912,15,4106793026
2437,10251660,11751178,22002838,1,0,0,14848,15,616418273
2438,10252241,29767327,40019568,6,0,1,4096,13,832762040
2439,10253730,11196359,21450089,9,0,0,29696,13,6471646660
2440,10259970,12646705,22906675,3,0,0,26112,1,4989262072
2441,10268870,11103472,21372342,1,0,0,5120,15,3318242975
2442,10277340,10749724,21027064,0,0,0,54784,2,2047716622
2443,10278530,11310297,21588827,7,0,0,134656,4,4438744725
2444,10283250,10654075,20937325,1,0,0,8192,15,2485294923
2445,10285250,11310838,21596088,0,0,0,5632,2,7977003315
2446,10299010,11236365,21535375,0,0,0,8192,2,2736056991
2447,10299700,11090449,21390149,4,0,0,58368,16,1782934811
2448,10300130,10394381,20694511,4,0,0,16384,16,3613565056
2449,10305570,10040801,20346371,2,0,0,10752,12,3903926660
2450,10308560,11145920,21454480,4,0,0,14336,16,7375248674
2451,10311010,10202442,20513452,3,0,0,6144,1,8208851787
2452,10315210,10658111,20973321,2,0,0,43520,12,4879273082
2453,10321760,10990129,21311889,7,0,0,6656,4,2560333600
2454,10323190,10481079,20804269,7,0,0,8192,4,5887090800
2455,10327800,29719994,40047794,3,0,1,512,1,10611270656
2456,10328380,10619108,20947488,5,0,0,33280,13,5953407336
2457,10333480,10804122,21137602,4,0,0,17408,16,9422069319
2458,10342850,12656370,22999220,3,0,0,20480,1,3126463496
2459,10349280,11483079,21832359,1,0,0,19968,15,9771615740
2460,10355810,11619191,21975001,5,0,0,18432,13,1130143280
2461,10357871,29689946,40047817,1,0,1,5632,15,3444833221
2462,10367420,10065427,20432847,7,0,0,9728,4,823097453
2463,10368061,29679779,40047840,1,0,1,4608,15,9651795737
2464,10368900,10432842,20801742,8,0,0,37888,17,7433654887
2465,10374841,29774857,40149698,6,0,1,11776,13,8468077862
2466,10378870,11348374,21727244,7,0,0,26112,4,4529440547
2467,10379380,11253491,21632871,5,0,0,22016,13,885967386
2468,10379420,11555200,21934620,8,0,0,31744,17,3957830683
2469,10383019,29766702,40149721,4,0,1,4608,16,1575697801
2470,10390100,11898569,22288669,9,0,0,29184,13,7890220756
2471,10395060,10123979,20519039,4,0,0,6144,16,4924169874
2472,10399160,10560878,20960038,9,0,0,31744,13,10112499775
2473,10405540,13727458,24132998,5,0,0,44032,13,8506010012
2474,10406680,12851092,23257772,7,0,0,14848,4,2664665141
2475,10408910,11648772,22057682,0,0,0,13312,2,7002676534
2476,10413090,10787141,21200231,0,0,0,54784,2,6771103554
2477,10423600,11412994,21836594,8,0,0,13824,17,10068781835
2478,10425400,10309116,20734516,6,0,0,2560,13,10367293545
2479,10439660,11386592,21826252,3,0,0,38912,1,4857503444
2480,10439910,29730930,40170840,3,0,1,2048,1,4566886626
2481,10441710,10599376,21041086,9,0,0,13824,13,1184964545
2482,10444630,11311097,21755727,3,0,0,14848,1,10597151378
2483,10449819,29826134,40275953,7,0,1,40448,4,3054132669
2484,10452820,10556774,21009594,5,0,0,7680,13,3930683556
2485,10455500,10551731,21007231,2,0,0,22016,12,8209688670
2486,10455961,29820015,40275976,6,0,1,6144,13,5359558122
2487,10461760,10567043,21028803,1,0,0,5632,15,286055236
2488,10462240,10707380,21169620,9,0,0,26624,13,6735554490
2489,10463631,29812368,40275999,6,0,1,1536,13,3360264947
2490,10466410,10356584,20822994,8,0,0,19456,17,3933378685
2491,10466790,10266923,20733713,7,0,0,2560,4,7305984278
2492,10470851,29854575,40325426,5,0,1,17408,13,6260890616
2493,10472251,29970492,40442743,1,0,1,1536,15,4741400039
2494,10476930,10470893,20947823,6,0,0,1024,13,7729976575
2495,10485550,12909472,23395022,6,0,0,25600,13,4975996154
2496,10490270,13856256,24346526,8,0,0,67072,17,1992101288
2497,10491360,10752820,21244180,2,0,0,43520,12,2898433362
2498,10497050,13993548,24490598,3,0,0,18432,1,5695759301
2499,10497810,10674017,21171827,3,0,0,7168,1,3170085174
2500,10504480,29938286,40442766,8,0,1,4096,17,3278618059
2501,10505780,10792936,21298716,8,0,0,16896,17,1106537550
2502,10510861,29950782,40461643,6,0,1,19968,13,3325815695
2503,10512680,10928338,21441018,1,0,0,64512,15,427813985
2504,10515410,10351191,20866601,4,0,0,18944,16,1970481774
2505,10516400,10575571,21091971,4,0,0,37376,16,6811786852
2506,10517090,10961478,21478568,2,0,0,18432,12,3426989399
2507,10518170,10574776,21092946,3,0,0,3072,1,10265229061
2508,10521410,11872902,22394312,7,0,0,10752,4,2917369626
2509,10530740,30044761,40575501,2,0,1,5632,12,474536221
2510,10531020,10499834,21030854,4,0,0,6656,16,3142593135
2511,10531290,14035398,24566688,5,0,0,36864,13,5353525220
2512,10533900,10546660,21080560,9,0,0,512,13,1981139654
2513,10535430,11302435,21837865,3,0,0,4096,1,10486561937
2514,10535791,30179306,40715097,1,0,1,512,15,10156009407
2515,10538610,10529861,21068471,1,0,0,8704,15,502769288
2516,10543901,30174422,40718323,6,0,1,5120,13,4709292063
2517,10545150,30273921,40819071,8,0,1,7680,17,1633800621
2518,10548200,11391435,21939635,7,0,0,16384,4,8452619542
2519,10549170,10814956,21364126,2,0,0,13312,12,5908093455
2520,10552630,11876338,22428968,2,0,0,11264,12,376886237
2521,10554350,30270930,40825280,8,0,1,21504,17,1102256171
2522,10563390,10897064,21460454,3,0,0,6144,1,9000388627
2523,10564029,30262237,40826266,4,0,1,1536,16,1155640825
2524,10566200,10593255,21159455,1,0,0,6656,15,4708543915
2525,10573870,11051771,21625641,0,0,0,80384,2,10170753374
2526,10574460,11728763,22303223,9,0,0,28160,13,8249038117
2527,10575480,12055593,22631073,5,0,0,96768,13,2868998926
2528,10575700,11403536,21979236,3,0,0,13824,1,7639887115
2529,10578610,11962672,22541282,5,0,0,10752,13,9778911200
2530,10579509,30249343,40828852,4,0,1,4096,16,6044686021
2531,10579790,10592840,21172630,3,0,0,2560,1,5311903580
2532,10584390,30251101,40835491,2,0,1,5120,12,3730795647
2533,10586410,12274701,22861111,7,0,0,1024,4,319917527
2534,10592500,10815323,21407823,4,0,0,26112,16,5783980754
2535,10603040,14035258,24638298,0,0,0,3584,2,6033494259
2536,10611050,11118869,21729919,8,0,0,8704,17,832123035
2537,10611620,12931715,23543335,9,0,0,9728,13,3324452919
2538,10613010,11937380,22550390,5,0,0,7680,13,10281673253
2539,10625470,11699044,22324514,8,0,0,4608,17,4434964791
2540,10628530,10907804,21536334,9,0,0,3072,13,8718123669
2541,10629860,10654458,21284318,2,0,0,17920,12,5876597576
2542,10634100,30388859,41022959,2,0,1,6144,12,5653310077
2543,10647470,30404956,41052426,0,0,1,3584,2,3053815214
2544,10648260,12072686,22720946,0,0,0,18432,2,1104315354
2545,10653230,30401142,41054372,4,0,1,3072,16,5922454967
2546,10654400,12244296,22898696,8,0,0,51200,17,5366078870
2547,10659310,30399888,41059198,2,0,1,7680,12,3978862652
2548,10660089,30454617,41114706,7,0,1,27648,4,6135309025
2549,10661530,10738314,21399844,8,0,0,31744,17,5803241304
2550,10666000,11148373,21814373,2,0,0,30720,12,7022978926
2551,10685910,12061290,22747200,6,0,0,9728,13,2441750302
2552,10686650,10907699,21594349,4,0,0,7168,16,464449479
2553,10690810,11471236,22162046,7,0,0,1536,4,6210280978
2554,10698140,11489462,22187602,7,0,0,32768,4,8169463638
2555,10701880,10758822,21460702,6,0,0,512,13,2651213447
2556,10708770,12163868,22872638,9,0,0,24576,13,8330079769
2557,10708910,10978471,21687381,2,0,0,1024,12,6303621851
2558,10710970,10887325,21598295,6,0,0,7168,13,8978279056
2559,10714770,10877372,21592142,0,0,0,10752,2,7370683371
2560,10719630,12105025,22824655,3,0,0,18944,1,942557482
2561,10722170,12487590,23209760,9,0,0,28672,13,7558333707
2562,10725440,11448648,22174088,7,0,0,1024,4,323831358
2563,10727740,30546773,41274513,0,0,1,512,2,4608711403
2564,10729600,10679182,21408782,1,0,0,3072,15,7957587915
2565,10732790,12357125,23089915,4,0,0,12800,16,4442357559
2566,10735610,12590219,23325829,2,0,0,17920,12,7114802486
2567,10744100,11633091,22377191,9,0,0,16384,13,3133600890
2568,10746500,12403464,23149964,0,0,0,97280,2,764289933
2569,10746790,10879342,21626132,5,0,0,1536,13,9136300667
2570,10749111,30525425,41274536,6,0,1,1536,13,5807931072
2571,10754680,10784485,21539165,0,0,0,9216,2,576583021
2572,10765740,13057256,23822996,6,0,0,45568,13,9683031764
2573,10766680,12474952,23241632,7,0,0,12288,4,6339280162
2574,10769030,10941978,21711008,2,0,0,512,12,6908262746
2575,10770690,11132702,21903392,0,0,0,37376,2,4570727951
2576,10770821,30503738,41274559,1,0,1,10752,15,3749438250
2577,10775641,30498941,41274582,9,0,1,6656,13,8335092390
2578,10785570,12199858,22985428,1,0,0,9216,15,9780167101
2579,10794011,30612521,41406532,6,0,1,18432,13,6899391521
2580,10795340,11366215,22161555,9,0,0,22528,13,1597821982
2581,10796260,14055416,24851676,3,0,0,47104,1,400253394
2582,10801200,11226753,22027953,7,0,0,2560,4,2900379811
2583,10817890,12433120,23251010,1,0,0,19456,15,7573576399
2584,10822080,10850664,21672744,1,0,0,32768,15,4434500314
2585,10825860,11453894,22279754,5,0,0,89600,13,5628354053
2586,10826340,11044640,21870980,8,0,0,32256,17,7587150213
2587,10831510,11659613,22491123,2,0,0,27136,12,4528891768
2588,10836729,30616477,41453206,7,0,1,15360,4,4042825900
2589,10837940,11287099,22125039,1,0,0,47616,15,6630031445
2590,10840740,11760826,22601566,6,0,0,48128,13,1951035047
2591,10842260,12326772,23169032,2,0,0,56320,12,5179144916
2592,10849160,14079141,24928301,4,0,0,53760,16,649643508
2593,10849660,11599353,22449013,0,0,0,15360,2,6335432298
2594,10853850,12576410,23430260,8,0,0,77312,17,5283675505
2595,10854090,11604266,22458356,3,0,0,9216,1,6207467039
2596,10857360,11138520,21995880,2,0,0,16384,12,5851141733
2597,10857551,30617236,41474787,5,0,1,5120,13,10665911763
2598,10861510,11445347,22306857,5,0,0,11776,13,10360468119
2599,10861980,30613793,41475773,8,0,1,1536,17,7744272129
2600,10869041,30608038,41477079,1,0,1,2048,15,9241333926
2601,10871170,14188766,25059936,3,0,0,48128,1,10522099378
2602,10874490,14277780,25152270,0,0,0,12288,2,4276511699
2603,10882740,12701364,23584104,8,0,0,30720,17,5700035000
2604,10885900,12074483,22960383,3,0,0,46080,1,8758233800
2605,10895861,30733711,41629572,9,0,1,38912,13,9229362417
2606,10901420,11237370,22138790,2,0,0,45056,12,7664652136
2607,10908080,11536230,22444310,7,0,0,4608,4,6052455130
2608,10910200,30724557,41634757,2,0,1,16384,12,9565001045
2609,10910661,30735625,41646286,1,0,1,4608,15,2486381083
2610,10912031,30739137,41651168,9,0,1,4608,13,4904099588
2611,10914360,11893245,22807605,5,0,0,18944,13,3020417665
2612,10916210,13328783,24244993,9,0,0,36864,13,2513225747
2613,10922980,11414087,22337067,9,0,0,38400,13,5719687824
2614,10923610,11443498,22367108,3,0,0,7168,1,4296201775
2615,10926590,11768070,22694660,7,0,0,87552,4,10537573523
2616,10927530,30765394,41692924,0,0,1,6656,2,8312940692
2617,10930540,11234493,22165033,2,0,0,9728,12,4270075081
2618,10933490,11214082,22147572,2,0,0,20480,12,6966228034
2619,10937200,11923085,22860285,6,0,0,75264,13,4555247969
2620,10937511,30757679,41695190,5,0,1,3584,13,10037894673
2621,10938401,30767695,41706096,9,0,1,2048,13,2812819740
2622,10939830,11354790,22294620,1,0,0,19456,15,9565372491
2623,10948560,11757248,22705808,0,0,0,27648,2,8003420197
2624,10958430,11112684,22071114,4,0,0,35328,16,6595239235
2625,10961000,14399495,25360495,2,0,0,25088,12,4624128988
2626,10963540,11823190,22786730,3,0,0,14848,1,8849339443
2627,10965920,11954841,22920761,9,0,0,10752,13,7265170133
2628,10966150,11514107,22480257,7,0,0,38400,4,8867762304
2629,10966760,12747318,23714078,4,0,0,46080,16,1219037721
2630,10981210,12963064,23944274,4,0,0,24064,16,373904913
2631,10982140,12558200,23540340,1,0,0,50688,15,5373887511
2632,10982290,11572803,22555093,4,0,0,15360,16,8421382358
2633,10984750,11759463,22744213,2,0,0,76288,12,652780680
2634,10988090,11351214,22339304,0,0,0,4096,2,9163439937
2635,10999519,30718528,41718047,4,0,1,6656,16,3638385137
2636,11002940,12658595,23661535,5,0,0,3584,13,4560639952
2637,11005940,12720953,23726893,8,0,0,41984,17,9722653637
2638,11007330,11975259,22982589,4,0,0,38912,16,5689264643
2639,11010069,30988469,41998538,7,0,1,25088,4,5881927125
2640,11011650,11850420,22862070,4,0,0,3072,16,642276355
2641,11015900,11383371,22399271,2,0,0,8192,12,9695013001
2642,11017020,11622078,22639098,0,0,0,6144,2,4339149430
2643,11017770,11551035,22568805,2,0,0,44032,12,8493928549
2644,11026569,31108811,42135380,7,0,1,2048,4,7504833899
2645,11026670,12404237,23430907,8,0,0,2048,17,3002731811
2646,11027280,12713106,23740386,2,0,0,24576,12,5200574961
2647,11030630,12289716,23320346,6,0,0,52736,13,7414317770
2648,11033750,12885837,23919587,5,0,0,10240,13,6848847026
2649,11040670,11600011,22640681,8,0,0,5120,17,7965558619
2650,11041309,31138694,42180003,7,0,1,7168,4,8442320341
2651,11041330,11595873,22637203,5,0,0,2560,13,6464700245
2652,11042370,31137787,42180157,3,0,1,8704,1,5722271398
2653,11044120,14816790,25860910,5,0,0,31232,13,2068180719
2654,11050210,12059407,23109617,3,0,0,63488,1,10191636431
2655,11050530,14901169,25951699,3,0,0,15360,1,8781617602
2656,11054940,31134467,42189407,2,0,1,3072,12,5771486280
2657,11055180,12547910,23603090,5,0,0,30720,13,4473849360
2658,11057781,31134532,42192313,5,0,1,4608,13,6622756458
2659,11063950,12976342,24040292,7,0,0,33280,4,5440302562
2660,11072880,11808985,22881865,2,0,0,30208,12,6328460129
2661,11073920,11786856,22860776,5,0,0,1536,13,540992707
2662,11075930,11560470,22636400,6,0,0,17408,13,4105002126
2663,11076530,12969713,24046243,3,0,0,19456,1,4364067845
2664,11080830,12793687,23874517,3,0,0,23552,1,6070613742
2665,11084901,31109678,42194579,5,0,1,3584,13,8664049374
2666,11087600,12431790,23519390,2,0,0,46080,12,5336667883
2667,11088200,11686472,22774672,9,0,0,33280,13,6381807427
2668,11090020,12681904,23771924,7,0,0,29184,4,5527382535
2669,11094630,31317743,42412373,3,0,1,11776,1,6152537015
2670,11095130,11655213,22750343,5,0,0,10240,13,3420003740
2671,11096120,13213284,24309404,3,0,0,39424,1,10519784422
2672,11101200,11816262,22917462,2,0,0,35328,12,197146289
2673,11105140,14957797,26062937,4,0,0,17920,16,1932385745
2674,11118630,13398206,24516836,1,0,0,72704,15,9782737677
2675,11121589,31290807,42412396,4,0,1,3584,16,1691938451
2676,11124250,13244416,24368666,5,0,0,26112,13,5045132587
2677,11130209,31410105,42540314,4,0,1,5632,16,4859611031
2678,11137200,11700122,22837322,7,0,0,41472,4,6713582168
2679,11140250,13740496,24880746,1,0,0,13824,15,6125293102
2680,11147670,31392667,42540337,2,0,1,1024,12,440971333
2681,11147940,12455641,23603581,2,0,0,1536,12,777401584
2682,11155540,13104061,24259601,9,0,0,4096,13,2767449809
2683,11158000,13024618,24182618,5,0,0,45568,13,6489368255
2684,11160970,11950698,23111668,1,0,0,6656,15,2815009912
2685,11163981,31376379,42540360,9,0,1,1536,13,7776785662
2686,11164360,13469296,24633656,5,0,0,75776,13,9093284648
2687,11164410,11806292,22970702,2,0,0,33792,12,5503196819
2688,11165260,12469678,23634938,3,0,0,22016,1,7643149004
2689,11166121,31384569,42550690,5,0,1,20480,13,7100779588
2690,11172860,12005486,23178346,1,0,0,23552,15,8251840320
2691,11174111,31382071,42556182,6,0,1,26112,13,6306353925
2692,11180890,12907499,24088389,9,0,0,20992,13,9735192534
2693,11182271,31469945,42652216,6,0,1,512,13,8426729413
2694,11184240,12467198,23651438,1,0,0,23040,15,10340078098
2695,11184510,13938472,25122982,5,0,0,13824,13,5973525815
2696,11189950,12615712,23805662,3,0,0,55808,1,4552544957
2697,11194940,12379781,23574721,9,0,0,37376,13,6903688067
2698,11202000,11888250,23090250,4,0,0,1024,16,7743914312
2699,11206211,31460249,42666460,6,0,1,27136,13,3173229225
2700,11207290,11856280,23063570,7,0,0,31744,4,8543704166
2701,11224380,14137386,25361766,3,0,0,4096,1,9760529207
2702,11244241,31573782,42818023,5,0,1,20480,13,6621352479
2703,11246321,31577462,42823783,1,0,1,16384,15,3862162174
2704,11247290,13212617,24459907,7,0,0,8192,4,7934604045
2705,11250220,11976910,23227130,5,0,0,3072,13,10128833445
2706,11254180,14266774,25520954,5,0,0,46080,13,4817294558
2707,11255250,12964854,24220104,7,0,0,113152,4,6826336837
2708,11256470,12724510,23980980,5,0,0,103424,13,2597564839
2709,11262910,11849093,23112003,4,0,0,1024,16,8357377440
2710,11263800,31637308,42901108,2,0,1,3072,12,5985218134
2711,11274560,11894807,23169367,9,0,0,1024,13,6693573231
2712,11276340,12812228,24088568,9,0,0,512,13,4393955056
2713,11276530,12743194,24019724,5,0,0,23552,13,6432822318
2714,11279520,11917123,23196643,4,0,0,9216,16,6121577892
2715,11286361,31633553,42919914,1,0,1,1024,15,1968433968
2716,11289020,31634120,42923140,8,0,1,5120,17,661568631
2717,11293970,12588144,23882114,2,0,0,14336,12,9484479431
2718,11298120,13376264,24674384,3,0,0,48128,1,1411712781
2719,11301000,13254370,24555370,9,0,0,22016,13,5917652456
2720,11301540,12064786,23366326,7,0,0,21504,4,6395115370
2721,11301810,12223063,23524873,0,0,0,17920,2,5321019021
2722,11302070,13268594,24570664,0,0,0,512,2,589747206
2723,11302390,14346496,25648886,1,0,0,1536,15,3583291440
2724,11304590,12101146,23405736,9,0,0,25600,13,1477925544
2725,11306500,12137808,23444308,7,0,0,4096,4,10472849533
2726,11307710,13333434,24641144,7,0,0,3072,4,6866349826
2727,11309280,12828577,24137857,9,0,0,15872,13,8848008482
2728,11315880,12965630,24281510,0,0,0,31744,2,10175455414
2729,11318390,12770513,24088903,6,0,0,1024,13,2698698945
2730,11319290,12335915,23655205,4,0,0,12288,16,6392896452
2731,11322030,12306177,23628207,0,0,0,54784,2,8998958150
2732,11325490,12403610,23729100,6,0,0,7168,13,8109032579
2733,11328320,12655023,23983343,8,0,0,7680,17,8801608222
2734,11328381,31672982,43001363,1,0,1,8704,15,10107019762
2735,11334640,12917731,24252371,4,0,0,1536,16,9155004359
2736,11339691,31722782,43062473,9,0,1,22528,13,7065585641
2737,11342030,12758736,24100766,5,0,0,36352,13,6907814693
2738,11347160,13052724,24399884,7,0,0,36352,4,1483515270
2739,11359200,12251398,23610598,9,0,0,14336,13,1496212571
2740,11361100,12495297,23856397,8,0,0,15872,17,6902455170
2741,11365250,12982913,24348163,5,0,0,1024,13,6051967168
2742,11367430,12332585,23700015,2,0,0,38400,12,6896658812
2743,11371520,31694943,43066463,0,0,1,4096,2,73629387
2744,11372311,31709401,43081712,9,0,1,16384,13,7836195152
2745,11375010,12777548,24152558,8,0,0,9728,17,6122982704
2746,11375720,12912053,24287773,5,0,0,20480,13,2295721474
2747,11377050,13232151,24609201,3,0,0,75776,1,6002274598
2748,11377080,12383097,23760177,5,0,0,32256,13,744491379
2749,11377860,12429541,23807401,5,0,0,5632,13,7830233349
2750,11380930,12351945,23732875,9,0,0,12288,13,4886926554
2751,11381450,13447872,24829322,1,0,0,65024,15,1657151392
2752,11386100,31770094,43156194,3,0,1,20480,1,8140946214
2753,11389049,31828431,43217480,7,0,1,5632,4,2235916907
2754,11391840,31832810,43224650,3,0,1,3072,1,8933956990
2755,11395421,31829954,43225375,5,0,1,4096,13,5470413510
2756,11396310,13515588,24911898,0,0,0,3072,2,2168159508
2757,11398640,13025394,24424034,5,0,0,3584,13,531852761
2758,11406760,12460558,23867318,9,0,0,12800,13,2464643700
2759,11407910,14403331,25811241,9,0,0,24576,13,7708011001
2760,11422260,12849555,24271815,4,0,0,18432,16,6897656632
2761,11422380,12527065,23949445,3,0,0,16896,1,3751327599
2762,11423150,12843026,24266176,1,0,0,21504,15,341667735
2763,11423560,31894185,43317745,0,0,1,11264,2,7417455710
2764,11429780,31890231,43320011,3,0,1,3584,1,2110057206
2765,11435370,12912450,24347820,0,0,0,3584,2,10110075185
2766,11436801,31883556,43320357,6,0,1,512,13,6694691716
2767,11443760,12808120,24251880,4,0,0,22528,16,3651858485
2768,11444740,31888202,43332942,4,0,1,5120,16,9589767093
2769,11464520,13261365,24725885,5,0,0,2560,13,5293636564
2770,11467380,12595750,24063130,7,0,0,15360,4,8293442188
2771,11468801,31955223,43424024,1,0,1,1024,15,4582547902
2772,11469170,14675593,26144763,9,0,0,48128,13,6497312993
2773,11470550,12763188,24233738,1,0,0,44032,15,1232436366
2774,11475340,12604229,24079569,6,0,0,7168,13,8158066440
2775,11477080,12965542,24442622,3,0,0,7168,1,4777432543
2776,11483240,12437282,23920522,5,0,0,512,13,7476306253
2777,11484210,12630654,24114864,2,0,0,9728,12,5231486577
2778,11486600,12925902,24412502,1,0,0,1024,15,10441422014
2779,11491940,12693665,24185605,4,0,0,9728,16,6626388862
2780,11494090,32042662,43536752,0,0,1,22016,2,8588385887
2781,11495501,32121783,43617284,6,0,1,15872,13,10412562773
2782,11496710,12904913,24401623,7,0,0,5632,4,5590151733
2783,11502230,13508991,25011221,7,0,0,82944,4,10308363438
2784,11502680,14442554,25945234,9,0,0,60416,13,4869579020
2785,11505360,32137713,43643073,7,0,1,10240,4,9662360515
2786,11511300,13392120,24903420,7,0,0,55296,4,5596959292
2787,11511860,12635599,24147459,2,0,0,11776,12,5224085157
2788,11522850,14697508,26220358,7,0,0,66560,4,4774278116
2789,11524970,12790697,24315667,6,0,0,20480,13,10053146717
2790,11528130,12730192,24258322,1,0,0,19456,15,5872006467
2791,11530860,12926528,24457388,4,0,0,38912,16,9135501552
2792,11532780,12687519,24220299,2,0,0,512,12,10296470588
2793,11534010,13376921,24910931,1,0,0,24576,15,9343176093
2794,11538240,13553918,25092158,2,0,0,54784,12,1992451585
2795,11539480,12868059,24407539,3,0,0,14848,1,2407129947
2796,11541750,15022712,26564462,4,0,0,69120,16,6468947178
2797,11547921,32214819,43762740,5,0,1,3584,13,7618870427
2798,11557861,32219732,43777593,1,0,1,24064,15,9424370966
2799,11563000,13571713,25134713,7,0,0,38400,4,1557045271
2800,11566370,13310133,24876503,9,0,0,81408,13,5924520256
2801,11582690,12764015,24346705,1,0,0,512,15,4217755462
2802,11587090,13049865,24636955,7,0,0,10752,4,896862053
2803,11587210,13137872,24725082,6,0,0,36352,13,5804149169
2804,11590220,13180506,24770726,3,0,0,15360,1,7366640677
2805,11594431,32183185,43777616,6,0,1,1536,13,1378710421
2806,11611771,32165907,43777678,5,0,1,3584,13,10654374664
2807,11613330,32164707,43778037,8,0,1,9728,17,9458924029
2808,11630130,13049737,24679867,7,0,0,17920,4,3407607925
2809,11633370,13047456,24680826,2,0,0,3072,12,4506485341
2810,11640660,12831638,24472298,6,0,0,13824,13,8418783443
2811,11642230,13142403,24784633,8,0,0,45568,17,10285748283
2812,11652570,13700210,25352780,1,0,0,24576,15,4417852465
2813,11652990,12933100,24586090,4,0,0,27648,16,4362648179
2814,11659020,12908315,24567335,5,0,0,2048,13,8948369778
2815,11660270,13538560,25198830,2,0,0,4608,12,8216165400
2816,11660400,13270732,24931132,2,0,0,9216,12,5318226780
2817,11661350,13808592,25469942,9,0,0,9728,13,4342839320
2818,11662650,32184218,43846868,2,0,1,4096,12,5869804245
2819,11663610,12853717,24517327,3,0,0,1536,1,6887633865
2820,11670220,13304126,24974346,9,0,0,15360,13,1349322705
2821,11674690,13162611,24837301,8,0,0,26112,17,10189605016
2822,11685010,12954715,24639725,7,0,0,4608,4,2195604068
2823,11686410,32169864,43856274,0,0,1,3584,2,486095800
2824,11692290,13194259,24886549,2,0,0,18944,12,1492207762
2825,11693690,13402703,25096393,1,0,0,13824,15,10163053422
2826,11694671,32180720,43875391,5,0,1,4096,13,1252036663
2827,11707780,13353271,25061051,0,0,0,3584,2,6211796892
2828,11707830,12976919,24684749,9,0,0,12800,13,5816573696
2829,11710210,13035012,24745222,3,0,0,13312,1,2825160595
2830,11712171,32168734,43880905,5,0,1,14848,13,10215695883
2831,11718260,13543076,25261336,4,0,0,8704,16,2326259977
2832,11725540,15038278,26763818,8,0,0,43520,17,2572439212
2833,11725700,12986754,24712454,1,0,0,4096,15,7287317762
2834,11727350,14272889,26000239,5,0,0,56320,13,1181404881
2835,11742900,13206842,24949742,7,0,0,39936,4,911310215
2836,11745279,32212020,43957299,7,0,1,3072,4,1285575709
2837,11745790,32548167,44293957,8,0,1,130560,17,7759266941
2838,11752210,14338986,26091196,7,0,0,92672,4,4316488934
2839,11756801,32597821,44354622,5,0,1,5632,13,741328962
2840,11759910,13375918,25135828,4,0,0,3584,16,877880115
2841,11762030,32595914,44357944,3,0,1,20480,1,784603079
2842,11766820,13671214,25438034,3,0,0,51200,1,4094797336
2843,11774960,13412236,25187196,8,0,0,53248,17,6059182031
2844,11775880,14847020,26622900,5,0,0,6656,13,9435229670
2845,11776930,13160621,24937551,1,0,0,20992,15,2371423592
2846,11780160,13338587,25118747,8,0,0,17920,17,445504947
2847,11780280,13560884,25341164,1,0,0,47104,15,4482595927
2848,11786360,13326904,25113264,0,0,0,55296,2,8116287373
2849,11792140,13417257,25209397,2,0,0,5120,12,4336250967
2850,11792390,14375341,26167731,2,0,0,31744,12,5356034294
2851,11793560,15088245,26881805,9,0,0,33280,13,1877265907
2852,11796490,13275773,25072263,2,0,0,3072,12,9470565259
2853,11800030,32718860,44518890,8,0,1,31232,17,8994716488
2854,11800549,32718364,44518913,4,0,1,7680,16,7323889190
2855,11804560,12944910,24749470,3,0,0,2048,1,6616892069
2856,11808890,13593683,25402573,8,0,0,33280,17,9534919348
2857,11809030,15177960,26986990,7,0,0,22016,4,6351553747
2858,11816150,14471655,26287805,2,0,0,32256,12,4408029479
2859,11818390,13574020,25392410,8,0,0,4608,17,3033736707
2860,11820081,32698855,44518936,5,0,1,5632,13,2284882077
2861,11825240,32693719,44518959,3,0,1,1024,1,744772447
2862,11826830,13492471,25319301,1,0,0,45568,15,2141275541
2863,11829820,13413748,25243568,9,0,0,6144,13,5407377450
2864,11833900,32685082,44518982,0,0,1,2560,2,7104134803
2865,11843540,13832635,25676175,4,0,0,37888,16,2630141589
2866,11845440,13479991,25325431,2,0,0,512,12,5599909914
2867,11845870,32684193,44530063,3,0,1,13312,1,1183735567
2868,11846380,13755605,25601985,8,0,0,12288,17,8398662185
2869,11850690,13474562,25325252,1,0,0,19456,15,4728183547
2870,11854760,13669805,25524565,8,0,0,11776,17,7056193260
2871,11856000,14260647,26116647,3,0,0,83456,1,5762743611
2872,11857390,13630496,25487886,8,0,0,19968,17,9319958784
2873,11858730,13283361,25142091,6,0,0,20480,13,1393811086
2874,11861611,32679657,44541268,1,0,1,5632,15,4405104767
2875,11869451,32698515,44567966,5,0,1,5632,13,10476505068
2876,11872310,13700002,25572312,2,0,0,33792,12,4525776627
2877,11875450,13964767,25840217,8,0,0,20480,17,9254544644
2878,11887560,32681072,44568632,2,0,1,1024,12,615559137
2879,11890440,13848186,25738626,1,0,0,84480,15,2585319788
2880,11894250,13655132,25549382,7,0,0,48640,4,2714644525
2881,11895980,13480795,25376775,1,0,0,11264,15,74956978
2882,11896250,13637097,25533347,1,0,0,18944,15,4588644564
2883,11899470,14513624,26413094,5,0,0,69120,13,7622459916
2884,11899730,13743553,25643283,7,0,0,512,4,1208097322
2885,11900640,13502900,25403540,1,0,0,3072,15,3336214085
2886,11901580,13707856,25609436,9,0,0,22016,13,3105253333
2887,11909750,13278561,25188311,7,0,0,3584,4,446095792
2888,11914220,32659699,44573919,0,0,1,16896,2,8173556027
2889,11926140,13464843,25390983,2,0,0,27648,12,6699969645
2890,11930920,13350016,25280936,9,0,0,10752,13,4071379813
2891,11935160,13507600,25442760,5,0,0,1536,13,9439418690
2892,11938030,13694861,25632891,1,0,0,43008,15,8226164898
2893,11938210,13758029,25696239,4,0,0,12800,16,10106238538
2894,11940641,32732523,44673164,1,0,1,10752,15,4091612572
2895,11952580,13972640,25925220,8,0,0,14848,17,8552496371
2896,11954100,13488169,25442269,9,0,0,13824,13,158949023
2897,11955879,32718271,44674150,4,0,1,1536,16,215518134
2898,11958260,13569292,25527552,6,0,0,9728,13,1246410607
2899,11974220,13517966,25492186,1,0,0,13312,15,4438999880
2900,11975940,13706415,25682355,9,0,0,12800,13,8044561068
2901,11978700,14078754,26057454,8,0,0,69632,17,3111722406
2902,11980239,32698097,44678336,7,0,1,6656,4,9246141999
2903,11987410,13585705,25573115,1,0,0,2560,15,306312486
2904,11990520,13753901,25744421,4,0,0,18944,16,8516165023
2905,11993600,13460539,25454139,3,0,0,33280,1,5509062064
2906,11994430,32749027,44743457,2,0,1,4608,12,9574378531
2907,11997451,32746029,44743480,1,0,1,10240,15,8850947894
2908,11999230,32762632,44761862,2,0,1,17408,12,278625120
2909,11999830,14489136,26488966,4,0,0,108544,16,2658031612
2910,12003070,14388941,26392011,3,0,0,30720,1,2401968866
2911,12005160,13816176,25821336,7,0,0,23040,4,3124426111
2912,12005340,32756545,44761885,2,0,1,5120,12,7327313464
2913,12008530,13938466,25946996,1,0,0,3584,15,6323280150
2914,12011109,32750799,44761908,7,0,1,3584,4,6531800095
2915,12036690,13649172,25685862,1,0,0,2048,15,9895702535
2916,12042330,13713658,25755988,4,0,0,37888,16,2273113982
2917,12046540,32749251,44795791,3,0,1,3584,1,2474569522
2918,12058440,13589955,25648395,4,0,0,8192,16,9073362343
2919,12063020,13750531,25813551,9,0,0,2560,13,6252963029
2920,12074290,14055694,26129984,1,0,0,4096,15,4754215954
2921,12076180,13810341,25886521,4,0,0,19456,16,5139687058
2922,12084630,13576539,25661169,5,0,0,9728,13,1729834599
2923,12093500,13833303,25926803,4,0,0,5120,16,6167494547
2924,12111030,14189740,26300770,3,0,0,17408,1,2716109840
2925,12111800,14088255,26200055,8,0,0,13824,17,7535734044
2926,12118100,32677714,44795814,2,0,1,11776,12,8655911837
2927,12118660,13657541,25776201,9,0,0,8704,13,987322076
2928,12122440,32682023,44804463,2,0,1,4608,12,3050586549
2929,12123740,14465132,26588872,8,0,0,16896,17,10635737103
2930,12124160,13742433,25866593,8,0,0,11264,17,826597116
2931,12124450,13648578,25773028,5,0,0,18432,13,7438968638
2932,12133250,13756734,25889984,4,0,0,11264,16,1152375659
2933,12133501,32731616,44865117,1,0,1,4096,15,3193630406
2934,12147740,32801892,44949632,7,0,1,512,4,8343288872
2935,12162370,13809743,25972113,6,0,0,30720,13,2191423558
2936,12166260,13779621,25945881,3,0,0,2048,1,581145567
2937,12169830,13710717,25880547,7,0,0,24064,4,9979262236
2938,12175950,14908156,27084106,8,0,0,77824,17,6826617935
2939,12177820,13805236,25983056,8,0,0,35840,17,6796369358
2940,12178120,13831906,26010026,6,0,0,2560,13,6730733363
2941,12178419,32773124,44951543,4,0,1,3584,16,8710990516
2942,12179570,13966324,26145894,1,0,0,3584,15,10342604941
2943,12185940,14009880,26195820,9,0,0,41472,13,9890645249
2944,12187140,15080741,27267881,9,0,0,26624,13,6590463184
2945,12190290,33035320,45225610,8,0,1,88064,17,17022851
2946,12192910,14131326,26324236,2,0,0,2560,12,1029488936
2947,12196180,14030597,26226777,8,0,0,20992,17,9208250242
2948,12197460,13816177,26013637,9,0,0,11776,13,7267878260
2949,12199050,13810173,26009223,3,0,0,27136,1,5119817862
2950,12202300,33301999,45504299,2,0,1,35328,12,4406643685
2951,12205820,13746058,25951878,7,0,0,512,4,3376002026
2952,12214160,13914374,26128534,6,0,0,38912,13,5914321474
2953,12221500,14357493,26578993,3,0,0,47616,1,5476870896
2954,12223970,14194451,26418421,8,0,0,17408,17,9084725445
2955,12227980,13772952,26000932,2,0,0,2048,12,564398793
2956,12230190,33297139,45527329,2,0,1,2048,12,5447608762
2957,12233039,33307596,45540635,4,0,1,6144,16,9584626088
2958,12234410,14102858,26337268,6,0,0,30208,13,1321816637
2959,12236311,33416250,45652561,1,0,1,33792,15,6347888738
2960,12238650,33457847,45696497,0,0,1,5632,2,10242179646
2961,12246430,14485799,26732229,6,0,0,99840,13,4810802938
2962,12250860,13877853,26128713,1,0,0,512,15,3819987252
2963,12255199,33441321,45696520,4,0,1,1536,16,1194761085
2964,12256230,15141936,27398166,5,0,0,29696,13,1363167663
2965,12257970,15169206,27427176,1,0,0,17920,15,4296360952
2966,12260250,13970762,26231012,5,0,0,13824,13,6754453999
2967,12288060,14449036,26737096,0,0,0,15872,2,3825414663
2968,12288560,14161332,26449892,3,0,0,7168,1,5254422464
2969,12289960,13985475,26275435,6,0,0,47616,13,9863863965
2970,12290380,14229454,26519834,0,0,0,18432,2,3452989910
2971,12292020,14340754,26632774,7,0,0,11264,4,3027594275
2972,12295140,15017999,27313139,9,0,0,7680,13,7554939124
2973,12297160,14203864,26501024,6,0,0,36864,13,4317009235
2974,12306561,33438956,45745517,5,0,1,5632,13,10137073953
2975,12308110,14298827,26606937,1,0,0,34816,15,5317357225
2976,12311110,13966844,26277954,2,0,0,8192,12,4120973578
2977,12311600,14178169,26489769,4,0,0,2560,16,5973124106
2978,12312020,14120331,26432351,5,0,0,43008,13,1890503592
2979,12312750,14106474,26419224,3,0,0,2560,1,7862675937
2980,12314570,14068058,26382628,5,0,0,40960,13,5295078212
2981,12314690,33430858,45745548,0,0,1,6144,2,7108165324
2982,12315760,14466960,26782720,2,0,0,10752,12,7090096530
2983,12318621,33476743,45795364,9,0,1,19456,13,8652883818
2984,12321230,14123312,26444542,3,0,0,39936,1,9130958469
2985,12326680,33477528,45804208,3,0,1,13312,1,488997807
2986,12328870,14200344,26529214,9,0,0,19456,13,2969084597
2987,12334590,34128613,46463203,8,0,1,109056,17,9487604951
2988,12335470,14415065,26750535,2,0,0,44032,12,1386351422
2989,12345230,34119279,46464509,0,0,1,2048,2,6699220552
2990,12348930,14345813,26694743,7,0,0,46592,4,6698250871
2991,12352370,14099417,26451787,1,0,0,6144,15,7269179287
2992,12354930,15180888,27535818,9,0,0,20480,13,1916623356
2993,12359630,14435566,26795196,4,0,0,13312,16,9643921685
2994,12361040,14247168,26608208,3,0,0,4096,1,2217035958
2995,12365261,34101834,46467095,9,0,1,4096,13,8156079819
2996,12369940,14133447,26503387,9,0,0,7680,13,6628245280
2997,12373170,14074515,26447685,8,0,0,10240,17,409953609
2998,12373410,14396554,26769964,7,0,0,8704,4,6470338825
2999,12374460,15318802,27693262,2,0,0,98816,12,1956710740
3000,12389780,14281869,26671649,3,0,0,10752,1,969151943
3001,12390910,14229939,26620849,7,0,0,17408,4,10658313606
3002,12392470,34079201,46471671,0,0,1,13824,2,2259039804
3003,12401430,14573502,26974932,3,0,0,99328,1,7286857602
3004,12409590,14369831,26779421,3,0,0,15872,1,6234074701
3005,12411160,14533485,26944645,7,0,0,66560,4,20287050
3006,12411490,14290296,26701786,6,0,0,23040,13,10617653706
3007,12412000,14217319,26629319,4,0,0,20992,16,4069746510
3008,12416460,14222165,26638625,4,0,0,9728,16,2575131984
3009,12423250,14617930,27041180,8,0,0,64000,17,5249553927
3010,12429180,14361937,26791117,6,0,0,6656,13,8077976471
3011,12432170,14548089,26980259,2,0,0,17408,12,4904664832
3012,12444950,14452754,26897704,7,0,0,1536,4,1187988728
3013,12445470,14321811,26767281,5,0,0,11264,13,7895210784
3014,12447450,14543197,26990647,7,0,0,4608,4,9645387271
3015,12448760,14387555,26836315,1,0,0,7680,15,4157897125
3016,12449430,14554968,27004398,0,0,0,45056,2,4579116610
3017,12454650,14555894,27010544,6,0,0,4608,13,8578057200
3018,12456401,34021879,46478280,9,0,1,7680,13,10472506170
3019,12457450,14531123,26988573,8,0,0,5120,17,10284999543
3020,12459221,34063661,46522882,1,0,1,4096,15,893522840
3021,12462070,14634695,27096765,4,0,0,41472,16,10008385989
3022,12466571,34058897,46525468,1,0,1,4096,15,8196372892
3023,12471190,14827189,27298379,8,0,0,4608,17,4539386586
3024,12475620,14709947,27185567,8,0,0,53248,17,5942381336
3025,12478820,14392822,26871642,9,0,0,12288,13,1889220945
3026,12481140,14527977,27009117,6,0,0,15360,13,4068168369
3027,12485620,15063793,27549413,4,0,0,44544,16,5411942139
3028,12487620,14700021,27187641,7,0,0,6656,4,7454775097
3029,12497750,14743622,27241372,2,0,0,72192,12,6643665340
3030,12498970,34534206,47033176,8,0,1,176640,17,3771608163
3031,12498980,14544875,27043855,8,0,0,8704,17,9400584339
3032,12508539,34524660,47033199,7,0,1,6656,4,3068197288
3033,12510190,14374610,26884800,8,0,0,9728,17,3749239599
3034,12511930,34554635,47066565,3,0,1,4608,1,7712838273
3035,12512140,14610141,27122281,3,0,0,17920,1,3824708597
3036,12514100,14383939,26898039,1,0,0,1024,15,5565837458
3037,12515190,14704163,27219353,4,0,0,28672,16,763626456
3038,12515850,34550738,47066588,0,0,1,5632,2,2409846119
3039,12518350,14384618,26902968,3,0,0,3072,1,8257350718
3040,12525011,34571584,47096595,1,0,1,4096,15,1766717696
3041,12525980,14520082,27046062,5,0,0,7168,13,9516983715
3042,12527470,14641850,27169320,4,0,0,12288,16,4660773295
3043,12530790,14628606,27159396,5,0,0,10240,13,7553032030
3044,12536659,34614894,47151553,7,0,1,512,4,4202113279
3045,12537920,14451300,26989220,1,0,0,2048,15,2132792395
3046,12540930,14760124,27301054,3,0,0,8704,1,10166560094
3047,12543410,14376977,26920387,9,0,0,3584,13,5838519496
3048,12545510,14571288,27116798,9,0,0,33792,13,10564114248
3049,12560050,34591526,47151576,2,0,1,11264,12,3080805269
3050,12568110,14871748,27439858,4,0,0,13312,16,1815008440
3051,12576190,15050747,27626937,2,0,0,27648,12,10346594818
3052,12582880,14852899,27435779,3,0,0,25088,1,3267873826
3053,12585650,15149176,27734826,6,0,0,26112,13,8461603316
3054,12590391,34595440,47185831,6,0,1,17920,13,7377135869
3055,12593099,34592755,47185854,7,0,1,2560,4,8452310254
3056,12594430,14544459,27138889,4,0,0,7680,16,875395419
3057,12596380,14530426,27126806,9,0,0,6144,13,9634195300
3058,12597880,34622175,47220055,0,0,1,6656,2,3979144770
3059,12615189,34623195,47238384,7,0,1,512,4,9248506820
3060,12615350,14718117,27333467,8,0,0,18432,17,7140798379
3061,12621370,14714941,27336311,8,0,0,2560,17,2855874246
3062,12631650,14725403,27357053,5,0,0,14848,13,2539296016
3063,12631910,14928399,27560309,4,0,0,9216,16,4052078873
3064,12648990,14507263,27156253,1,0,0,11776,15,7169931907
3065,12652410,15137879,27790289,8,0,0,17408,17,6397941784
3066,12655230,15280312,27935542,1,0,0,14336,15,4997938940
3067,12660380,34578027,47238407,0,0,1,512,2,8988001239
3068,12673299,34565131,47238430,7,0,1,7680,4,8403043211
3069,12676110,14952254,27628364,3,0,0,4608,1,5411010762
3070,12678650,15021366,27700016,7,0,0,21504,4,3670913137
3071,12679381,34559072,47238453,6,0,1,5120,13,5479418861
3072,12684980,34553496,47238476,8,0,1,512,17,5796233861
3073,12688950,14838696,27527646,1,0,0,13824,15,7338175446
3074,12698150,34540357,47238507,4,0,1,4608,16,4910712776
3075,12710390,14753419,27463809,5,0,0,8704,13,5641267705
3076,12711191,34527339,47238530,1,0,1,10752,15,505742686
3077,12714770,14835290,27550060,4,0,0,2048,16,8992596714
3078,12722030,34522162,47244192,2,0,1,512,12,6766114340
3079,12724631,34519584,47244215,1,0,1,2560,15,8779315549
3080,12726530,34517732,47244262,8,0,1,23552,17,9851835079
3081,12738380,15036810,27775190,1,0,0,83968,15,207173417
3082,12740450,14922681,27663131,6,0,0,113664,13,6455519703
3083,12748700,34511331,47260031,3,0,1,3584,1,5785815780
3084,12752480,15194317,27946797,3,0,0,36864,1,6352193756
3085,12756670,14708485,27465155,9,0,0,512,13,446788644
3086,12757670,15491195,28248865,7,0,0,85504,4,7764123630
3087,12765311,34495066,47260377,1,0,1,512,15,9729678190
3088,12767290,15568306,28335596,4,0,0,55296,16,4834876071
3089,12781680,14960345,27742025,7,0,0,23552,4,2287699612
3090,12782740,14670548,27453288,8,0,0,3584,17,2109892227
3091,12783501,34480742,47264243,1,0,1,6144,15,4874258965
3092,12793280,34478076,47271356,8,0,1,15360,17,9762524918
3093,12804061,34467318,47271379,9,0,1,6144,13,3466151475
3094,12804840,15027978,27832818,5,0,0,47616,13,8628813143
3095,12819261,34489903,47309164,6,0,1,9728,13,2697024843
3096,12820670,14772227,27592897,1,0,0,18432,15,2348613997
3097,12824800,15011005,27835805,5,0,0,9728,13,3753103472
3098,12826140,34518721,47344861,7,0,1,2560,4,5541917098
3099,12826930,14723777,27550707,5,0,0,2048,13,9054025470
3100,12833860,15008520,27842380,3,0,0,21504,1,7437617652
3101,12834170,14880899,27715069,7,0,0,10240,4,4838481196
3102,12838760,14873158,27711918,2,0,0,15360,12,5234677325
3103,12839270,34510161,47349431,8,0,1,11264,17,276280650
3104,12839480,14942620,27782100,4,0,0,22528,16,1894891530
3105,12840030,15629981,28470011,1,0,0,88576,15,2445458797
3106,12843520,15051423,27894943,0,0,0,32256,2,6271123148
3107,12844930,14940032,27784962,6,0,0,9216,13,5653270306
3108,12852190,14855025,27707215,1,0,0,23552,15,9333304947
3109,12857200,14836241,27693441,5,0,0,512,13,1948559403
3110,12858020,14987971,27845991,5,0,0,11776,13,2155691379
3111,12859460,14958827,27818287,1,0,0,13312,15,2213152195
3112,12860910,34509738,47370648,0,0,1,2560,2,8789551520
3113,12863319,34547080,47410399,7,0,1,6144,4,2470869818
3114,12868350,14879626,27747976,8,0,0,19456,17,2426074677
3115,12869580,15059793,27929373,7,0,0,36352,4,9044907779
3116,12869760,34561901,47431661,8,0,1,6144,17,10707715810
3117,12877861,34553823,47431684,1,0,1,1024,15,1769335670
3118,12879370,34553296,47432666,2,0,1,13312,12,5065249575
3119,12880509,14971444,27851953,2,0,0,1536,12,981434970
3120,12880730,34551975,47432705,0,0,1,3584,2,8903222321
3121,12881580,15077500,27959080,4,0,0,26624,16,8568578763
3122,12899790,15720075,28619865,7,0,0,66560,4,23953869
3123,12900849,34532846,47433695,7,0,1,3072,4,10524853012
3124,12903730,14993264,27896994,8,0,0,6656,17,5785418446
3125,12910830,15040115,27950945,7,0,0,11264,4,4897228649
3126,12912331,34547329,47459660,1,0,1,26624,15,5002083552
3127,12935640,15055304,27990944,1,0,0,9216,15,5464741991
3128,12936170,14976677,27912847,5,0,0,8704,13,9472030021
3129,12943190,34517452,47460642,3,0,1,11264,1,10204481174
3130,12943510,14929314,27872824,3,0,0,2560,1,10021714085
3131,12944130,15126233,28070363,1,0,0,35840,15,5200688933
3132,12947519,34513162,47460681,4,0,1,3072,16,8967387453
3133,12948380,15235685,28184065,7,0,0,15360,4,10563012246
3134,12948960,15406627,28355587,1,0,0,65536,15,9091484310
3135,12953250,15349992,28303242,8,0,0,54784,17,1542730653
3136,12967520,15089418,28056938,6,0,0,54272,13,6747057575
3137,12974860,15109440,28084300,3,0,0,22528,1,6290825963
3138,12977309,34497637,47474946,7,0,1,18944,4,2378403911
3139,12983530,14900109,27883639,8,0,0,3584,17,3564438863
3140,12984321,34490664,47474985,1,0,1,10240,15,8795969115
3141,12986160,14961330,27947490,8,0,0,2048,17,8160227862
3142,12986950,15575231,28562181,8,0,0,34304,17,4877322989
3143,12990300,34488943,47479243,2,0,1,17408,12,4941137910
3144,12994110,14978078,27972188,2,0,0,4096,12,6663517135
3145,12999391,34524212,47523603,9,0,1,10752,13,1706961409
3146,13002259,15014157,28016416,2,0,0,2560,12,2109598798
3147,13003880,15514945,28518825,7,0,0,58368,4,4281424296
3148,13006120,15155211,28161331,5,0,0,27136,13,8632365765
3149,13014251,34510338,47524589,6,0,1,1536,13,10170666674
3150,13014410,15098636,28113046,9,0,0,31232,13,10259607582
3151,13021460,34608619,47630079,7,0,1,7680,4,4714741457
3152,13021650,15634257,28655907,6,0,0,33280,13,1064035302
3153,13021980,15341430,28363410,8,0,0,25600,17,8746273654
3154,13031691,34601294,47632985,6,0,1,4608,13,8827837862
3155,13037960,15079976,28117936,8,0,0,3072,17,4028897110
3156,13038519,34594825,47633344,4,0,1,9728,16,8988854723
3157,13042450,15074519,28116969,3,0,0,12800,1,10315934287
3158,13045040,34651278,47696318,0,0,1,5632,2,247888899
3159,13048130,15654381,28702511,7,0,0,24064,4,1538556791
3160,13048970,15080597,28129567,3,0,0,29184,1,5206966655
3161,13064110,15151011,28215121,4,0,0,4608,16,8604253629
3162,13068040,35498452,48566492,7,0,1,248320,4,1267796876
3163,13075460,15619696,28695156,5,0,0,51200,13,4495234038
3164,13079090,35491995,48571085,2,0,1,2048,12,6014470572
3165,13079440,15231313,28310753,7,0,0,24576,4,1113133907
3166,13080040,15395477,28475517,4,0,0,12800,16,10246259850
3167,13098400,15268153,28366553,4,0,0,10240,16,1915648186
3168,13105900,15149384,28255284,9,0,0,20992,13,2068239411
3169,13106260,35464848,48571108,7,0,1,4096,4,9666918253
3170,13108030,15313170,28421200,5,0,0,7680,13,5381916752
3171,13108820,15622489,28731309,1,0,0,22528,15,3005410842
3172,13118430,15368702,28487132,9,0,0,512,13,5882973062
3173,13121930,15162234,28284164,4,0,0,4608,16,1302518055
3174,13136130,15602480,28738610,5,0,0,17408,13,10264901363
3175,13139800,15331794,28471594,3,0,0,5120,1,10574919898
3176,13140651,35430480,48571131,1,0,1,10240,15,7996517458
3177,13144000,15142527,28286527,5,0,0,7680,13,396292232
3178,13144650,15167842,28312492,1,0,0,5632,15,5350976043
3179,13147631,35456579,48604210,5,0,1,8704,13,6147948065
3180,13150190,35494670,48644860,7,0,1,6144,4,10044692020
3181,13155520,35615211,48770731,8,0,1,12800,17,976661912
3182,13156580,15383374,28539954,1,0,0,69120,15,5387564115
3183,13160580,15619059,28779639,3,0,0,5120,1,6834928291
3184,13162580,15313451,28476031,5,0,0,1536,13,4575426427
3185,13169090,15273910,28443000,1,0,0,19968,15,9647043908
3186,13174900,35595854,48770754,2,0,1,1536,12,7801323912
3187,13178870,35608957,48787827,8,0,1,22016,17,2375964098
3188,13185290,15591217,28776507,9,0,0,5632,13,4390683616
3189,13186320,15493167,28679487,4,0,0,51712,16,795912833
3190,13189470,15436593,28626063,2,0,0,11776,12,8316386348
3191,13193761,35594089,48787850,6,0,1,3584,13,8232523606
3192,13195769,35592104,48787873,4,0,1,12800,16,5581871255
3193,13199680,15367672,28567352,3,0,0,16896,1,9392477842
3194,13202030,15461613,28663643,7,0,0,25088,4,9703516509
3195,13211300,15410795,28622095,8,0,0,7168,17,1709781839
3196,13212160,15385259,28597419,9,0,0,7680,13,5685004551
3197,13223900,15759903,28983803,6,0,0,11776,13,7872360354
3198,13225240,15846569,29071809,8,0,0,28672,17,10306904292
3199,13225820,35608056,48833876,3,0,1,3584,1,5137613042
3200,13226670,15643496,28870166,9,0,0,5632,13,6092412573
3201,13228210,15511644,28739854,4,0,0,1536,16,2303299284
3202,13237140,15613365,28850505,4,0,0,8192,16,4450940684
3203,13239710,15856364,29096074,4,0,0,78848,16,10153707073
3204,13240199,15675148,28915347,2,0,0,15360,12,649923544
3205,13241810,15674652,28916462,3,0,0,3584,1,7315896201
3206,13247360,15911610,29158970,3,0,0,1536,1,5619382114
3207,13247910,35597088,48844998,0,0,1,5632,2,8049659656
3208,13248200,35634532,48882732,2,0,1,512,12,3144295497
3209,13252220,15694141,28946361,5,0,0,20992,13,8156943755
3210,13256669,35626086,48882755,7,0,1,4096,4,10223482555
3211,13257740,15857233,29114973,5,0,0,61952,13,8540628040
3212,13262150,15938291,29200441,5,0,0,6656,13,3052396525
3213,13267570,15550193,28817763,9,0,0,16384,13,149375795
3214,13267790,16112122,29379912,2,0,0,42496,12,3138172485
3215,13273000,15900653,29173653,2,0,0,15360,12,3771529466
3216,13273090,16175893,29448983,7,0,0,19456,4,6921696318
3217,13276600,15600743,28877343,3,0,0,1536,1,4849940722
3218,13283140,15679823,28962963,6,0,0,38400,13,2083983626
3219,13285861,35602556,48888417,9,0,1,512,13,3953314069
3220,13297410,16103407,29400817,9,0,0,32256,13,6310713444
3221,13303660,15459527,28763187,4,0,0,1536,16,10173259675
3222,13315190,16031019,29346209,1,0,0,22016,15,2065326267
3223,13327630,15884798,29212428,1,0,0,4608,15,9002911778
3224,13328480,15869575,29198055,9,0,0,33280,13,3139277189
3225,13329940,16178982,29508922,4,0,0,8704,16,4838843241
3226,13337440,16076699,29414139,7,0,0,14848,4,10199639305
3227,13338360,15688072,29026432,4,0,0,19968,16,3168265586
3228,13347280,15916541,29263821,8,0,0,31232,17,2860979620
3229,13348700,35540387,48889087,7,0,1,2048,4,6983142399
3230,13352219,35558275,48910494,7,0,1,7168,4,2918970156
3231,13357400,15869437,29226837,7,0,0,23552,4,9886370300
3232,13357410,35554944,48912354,8,0,1,5632,17,3265693161
3233,13359979,15820873,29180852,2,0,0,23552,12,9752462392
3234,13366320,15540867,28907187,6,0,0,22528,13,7845343557
3235,13371830,15402938,28774768,6,0,0,4096,13,9173276618
3236,13377460,15741748,29119208,7,0,0,13824,4,4845379573
3237,13378920,15474285,28853205,3,0,0,4096,1,9034245351
3238,13387940,15914311,29302251,8,0,0,48128,17,613679550
3239,13390531,35522796,48913327,1,0,1,12800,15,8100106842
3240,13392479,35610759,49003238,7,0,1,43008,4,6804077878
3241,13408910,35594351,49003261,8,0,1,1536,17,6404983457
3242,13410831,35592453,49003284,6,0,1,10752,13,4173658533
3243,13429380,15332008,28761388,2,0,0,512,12,9401780941
3244,13430200,15544041,28974241,8,0,0,22528,17,9324493564
3245,13431591,35595326,49026917,5,0,1,3072,13,3756034426
3246,13433120,15615217,29048337,2,0,0,67584,12,5559253240
3247,13449560,15684225,29133785,8,0,0,15872,17,3305796659
3248,13454930,15525262,28980192,1,0,0,19456,15,3266485734
3249,13459019,35567921,49026940,4,0,1,512,16,2419606863
3250,13480750,15574474,29055224,2,0,0,22528,12,9607390279
3251,13485881,35541082,49026963,6,0,1,10240,13,7190670697
3252,13489250,15459006,28948256,8,0,0,6144,17,8127013416
3253,13490250,15668229,29158479,6,0,0,29696,13,9067445414
3254,13490410,16172708,29663118,7,0,0,4608,4,4335294983
3255,13492260,15916876,29409136,8,0,0,3072,17,7176468215
3256,13492480,16127056,29619536,7,0,0,3072,4,484914201
3257,13502000,16137560,29639560,2,0,0,19968,12,4224660309
3258,13503920,35541775,49045695,8,0,1,3584,17,5972661177
3259,13507840,35537878,49045718,8,0,1,1024,17,1332338346
3260,13509270,15619633,29128903,8,0,0,31744,17,10434051518
3261,13509420,15496958,29006378,2,0,0,3072,12,348014449
3262,13512740,16295948,29808688,8,0,0,8192,17,4608906087
3263,13513250,15692541,29205791,4,0,0,13312,16,8615159588
3264,13518970,15448384,28967354,1,0,0,14336,15,553601894
3265,13520770,15622050,29142820,6,0,0,8192,13,2435583534
3266,13521090,35524651,49045741,2,0,1,9216,12,3977410047
3267,13525550,35538151,49063701,8,0,1,8704,17,879469687
3268,13529660,16127617,29657277,6,0,0,52736,13,9993483625
3269,13532110,15678883,29210993,7,0,0,16896,4,2210298557
3270,13532170,35622247,49154417,8,0,1,4608,17,646589052
3271,13535950,15850652,29386602,6,0,0,1024,13,7991714642
3272,13542110,15734902,29277012,3,0,0,2560,1,9043016734
3273,13548570,15837697,29386267,3,0,0,12800,1,3168715471
3274,13551940,16166344,29718284,6,0,0,6144,13,7965979565
3275,13552180,35602260,49154440,2,0,1,512,12,7789079362
3276,13558999,15807942,29366941,2,0,0,47104,12,1222650938
3277,13561960,16056617,29618577,6,0,0,57344,13,3225900705
3278,13562941,35591522,49154463,6,0,1,9728,13,300019092
3279,13566210,35702666,49268876,2,0,1,13312,12,2108064296
3280,13570080,16393593,29963673,3,0,0,25088,1,10608666855
3281,13582820,16617874,30200694,3,0,0,154112,1,4023700982
3282,13589060,16431719,30020779,8,0,0,15872,17,9125518372
3283,13591770,15849389,29441159,2,0,0,19968,12,8290936751
3284,13593410,16915694,30509104,3,0,0,16384,1,8961465335
3285,13594460,15947060,29541520,4,0,0,17408,16,7348990836
3286,13595379,35673856,49269235,7,0,1,9728,4,4780429567
3287,13596930,16358287,29955217,4,0,0,31232,16,6510651512
3288,13598900,16829019,30427919,2,0,0,24576,12,1186549747
3289,13602070,16406201,30008271,2,0,0,3072,12,4517435046
3290,13605750,16723198,30328948,7,0,0,59904,4,9048368140
3291,13607450,15928743,29536193,7,0,0,37376,4,10511094778
3292,13608510,16601567,30210077,2,0,0,30720,12,989707389
3293,13609770,16055765,29665535,7,0,0,7680,4,3184810517
3294,13609960,15772315,29382275,6,0,0,7680,13,4895886595
3295,13624230,15577482,29201712,8,0,0,4096,17,2838531729
3296,13629900,15568490,29198390,9,0,0,1024,13,8456345267
3297,13630350,16044617,29674967,8,0,0,12800,17,10315586100
3298,13630600,16501647,30132247,6,0,0,8704,13,5620597361
3299,13633400,15872847,29506247,2,0,0,46080,12,2789907205
3300,13635260,15785142,29420402,7,0,0,20480,4,749129343
3301,13639070,15983008,29622078,1,0,0,6144,15,7515149812
3302,13640100,16863989,30504089,9,0,0,15360,13,8429104287
3303,13642070,17052116,30694186,8,0,0,17920,17,2259734763
3304,13645180,15932893,29578073,8,0,0,24576,17,4912848279
3305,13671760,16974132,30645892,6,0,0,11776,13,2906353935
3306,13674490,35679241,49353731,8,0,1,9216,17,10493668220
3307,13678500,16247867,29926367,7,0,0,72704,4,9011570205
3308,13679060,15982631,29661691,4,0,0,7680,16,5562105035
3309,13681140,16130742,29811882,8,0,0,6144,17,5722943549
3310,13684810,16249380,29934190,9,0,0,25600,13,292779084
3311,13689700,15930483,29620183,4,0,0,2048,16,4570629850
3312,13696060,16319343,30015403,8,0,0,512,17,4914607988
3313,13702030,35669186,49371216,2,0,1,16384,12,9826518472
3314,13712090,35659149,49371239,8,0,1,3072,17,1287458934
3315,13712570,16000364,29712934,7,0,0,16896,4,8664207870
3316,13724371,35646891,49371262,1,0,1,1536,15,1152214005
3317,13725191,35647547,49372738,1,0,1,5632,15,5930943429
3318,13725250,16039571,29764821,7,0,0,28160,4,7277245935
3319,13727760,35645644,49373404,0,0,1,1024,2,3336413320
3320,13736600,16133214,29869814,8,0,0,41984,17,4232216301
3321,13741610,16503557,30245167,4,0,0,9216,16,6271783735
3322,13745970,15813873,29559843,6,0,0,16384,13,10564568984
3323,13755560,15997736,29753296,1,0,0,2048,15,3445700660
3324,13757820,17125579,30883399,6,0,0,6144,13,1554571278
3325,13757860,16395855,30153715,1,0,0,33792,15,8046913827
3326,13759241,35614829,49374070,1,0,1,1024,15,1850923782
3327,13762151,35728226,49490377,1,0,1,9728,15,301654459
3328,13767080,16176851,29943931,0,0,0,15872,2,10250857805
3329,13779780,15879548,29659328,1,0,0,6656,15,9046657466
3330,13788680,16210004,29998684,7,0,0,40448,4,3918264770
3331,13793610,16110582,29904192,2,0,0,512,12,1766201762
3332,13799240,16028048,29827288,6,0,0,16896,13,9749168600
3333,13801560,16627786,30429346,7,0,0,4608,4,8500670815
3334,13807720,17158692,30966412,3,0,0,38400,1,7934355194
3335,13813770,16157136,29970906,1,0,0,1536,15,7197129036
3336,13815480,17262411,31077891,1,0,0,25600,15,5751913953
3337,13820370,16068020,29888390,1,0,0,22528,15,5241149544
3338,13824641,35679439,49504080,6,0,1,512,13,4432951852
3339,13825150,16161187,29986337,4,0,0,6144,16,6154593495
3340,13831870,16072143,29904013,4,0,0,51200,16,8712615496
3341,13834430,15881959,29716389,9,0,0,11264,13,3727307712
3342,13834790,15758983,29593773,7,0,0,5632,4,2745300133
3343,13843960,35684258,49528218,2,0,1,2560,12,3981759086
3344,13846360,16099310,29945670,4,0,0,5632,16,9588604115
3345,13857640,16190435,30048075,1,0,0,33792,15,8335949006
3346,13859930,16505719,30365649,6,0,0,6144,13,1190124629
3347,13869720,16611811,30481531,7,0,0,11264,4,2204352096
3348,13871820,16191878,30063698,6,0,0,51200,13,7542505837
3349,13873951,35765896,49639847,5,0,1,1024,13,10283699195
3350,13877260,16374170,30251430,6,0,0,20480,13,6614898502
3351,13880970,16690975,30571945,3,0,0,24576,1,4870583143
3352,13885260,17250898,31136158,3,0,0,21504,1,6921384711
3353,13885730,16341085,30226815,9,0,0,19968,13,4696672298
3354,13887810,35755903,49643713,7,0,1,6144,4,3612290545
3355,13892160,16335302,30227462,7,0,0,2048,4,5252723283
3356,13893800,35806679,49700479,3,0,1,3584,1,7684382997
3357,13894550,16083200,29977750,2,0,0,16896,12,9764262280
3358,13897310,16177963,30075273,7,0,0,37888,4,6644181137
3359,13919291,35781211,49700502,6,0,1,6144,13,3679931453
3360,13920290,16322038,30242328,7,0,0,48128,4,9929532658
3361,13925290,16335367,30260657,7,0,0,30208,4,3308515974
3362,13926210,16745867,30672077,9,0,0,60416,13,1252009035
3363,13926480,16605925,30532405,1,0,0,10752,15,151208046
3364,13927940,35772585,49700525,3,0,1,7168,1,2882895851
3365,13941830,15997242,29939072,9,0,0,10240,13,10094825669
3366,13952910,15983019,29935929,2,0,0,5632,12,2709601357
3367,13958400,16310656,30269056,8,0,0,3584,17,4217788325
3368,13961030,17295452,31256482,9,0,0,66048,13,7080786644
3369,13962661,35756965,49719626,9,0,1,4096,13,5231461511
3370,13973800,16118169,30091969,5,0,0,8704,13,8941136477
3371,13975090,16366734,30341824,4,0,0,21504,16,5464523492
3372,13976790,16001139,29977929,8,0,0,512,17,7136788009
3373,13983220,16380534,30363754,7,0,0,46080,4,10295071389
3374,13986970,16101461,30088431,8,0,0,25088,17,3056607235
3375,13994470,16226238,30220708,8,0,0,34816,17,3527074939
3376,14000860,16419548,30420408,4,0,0,12288,16,3019415412
3377,14004020,35779067,49783087,0,0,1,3072,2,1560027338
3378,14012749,35957584,49970333,4,0,1,15360,16,4017276329
3379,14032760,16549683,30582443,5,0,0,28672,13,519757185
3380,14041470,16251943,30293413,2,0,0,42496,12,4303937866
3381,14043490,16218446,30261936,2,0,0,4096,12,2401214651
3382,14045580,16544998,30590578,8,0,0,26624,17,3694720822
3383,14046780,16631271,30678051,2,0,0,9728,12,878964280
3384,14050160,17310969,31361129,6,0,0,20480,13,4474006022
3385,14056630,35921022,49977652,8,0,1,2560,17,7559279835
3386,14057801,35920255,49978056,5,0,1,13824,13,10152023025
3387,14063700,36047783,50111483,3,0,1,7168,1,4890872819
3388,14072940,16940953,31013893,2,0,0,50176,12,1430460927
3389,14073720,16867583,30941303,8,0,0,15872,17,933319734
3390,14074640,36036866,50111506,8,0,1,3584,17,6628032804
3391,14081740,16432870,30514610,2,0,0,17920,12,2914815419
3392,14088420,16053474,30141894,6,0,0,1536,13,8483593946
3393,14088531,36022998,50111529,9,0,1,512,13,3386573065
3394,14096860,16211478,30308338,6,0,0,20480,13,3319126198
3395,14102810,16776869,30879679,8,0,0,12288,17,5204297811
3396,14105390,36006162,50111552,7,0,1,3584,4,3893738610
3397,14106800,16523495,30630295,7,0,0,13312,4,9209168222
3398,14108000,36004123,50112123,3,0,1,14336,1,4358547540
3399,14134400,16318979,30453379,2,0,0,25088,12,7770192084
3400,14134630,16519016,30653646,6,0,0,9728,13,9995839254
3401,14135930,36016696,50152626,2,0,1,4608,12,2181749537
3402,14163900,16063741,30227641,4,0,0,512,16,6512932328
3403,14167840,16304444,30472284,9,0,0,7680,13,9451549971
3404,14181340,16574150,30755490,6,0,0,36864,13,1646989623
3405,14183700,16149967,30333667,8,0,0,2048,17,9096724156
3406,14185030,35986173,50171203,0,0,1,512,2,8131955147
3407,14196650,16478414,30675064,2,0,0,9728,12,1039441339
3408,14196810,16567930,30764740,5,0,0,30208,13,7758062031
3409,14202250,16315355,30517605,9,0,0,9728,13,6558906064
3410,14209560,16702984,30912544,4,0,0,72704,16,1892793601
3411,14212400,16361284,30573684,9,0,0,5632,13,4139410697
3412,14213910,36188594,50402504,3,0,1,36864,1,5966952582
3413,14224790,16790397,31015187,3,0,0,2048,1,820441515
3414,14228050,16571887,30799937,9,0,0,40448,13,7695551487
3415,14233840,17388091,31621931,3,0,0,17920,1,8182024201
3416,14234879,36191645,50426524,7,0,1,5120,4,4229040025
3417,14236790,16312721,30549511,8,0,0,37376,17,5984755063
3418,14237480,16550110,30787590,7,0,0,7680,4,3384337741
3419,14237890,36189940,50427830,2,0,1,2048,12,8177954509
3420,14238800,16356325,30595125,7,0,0,14848,4,8354011002
3421,14246430,36184946,50431376,4,0,1,5632,16,7702660553
3422,14250390,16585492,30835882,2,0,0,1536,12,4732427975
3423,14251300,16859090,31110390,4,0,0,33280,16,8440386994
3424,14255780,36490349,50746129,0,0,1,19968,2,6221209832
3425,14275140,16443292,30718432,7,0,0,20480,4,6074446810
3426,14278630,16322983,30601613,8,0,0,1536,17,4289047958
3427,14282620,16318502,30601122,2,0,0,19456,12,1976127445
3428,14285011,36496582,50781593,9,0,1,16384,13,9013032170
3429,14288220,16826474,31114694,9,0,0,13824,13,604422509
3430,14288700,16601669,30890369,7,0,0,6656,4,10704417232
3431,14296810,36546126,50842936,3,0,1,6656,1,5436621347
3432,14302750,17423624,31726374,9,0,0,30720,13,3951936797
3433,14304800,16514771,30819571,2,0,0,35840,12,1630156490
3434,14308030,36534929,50842959,8,0,1,2048,17,4977650168
3435,14312440,16367038,30679478,4,0,0,4608,16,5071726774
3436,14313590,16335690,30649280,5,0,0,1536,13,4789550217
3437,14314910,16814627,31129537,9,0,0,48640,13,3089397578
3438,14315560,16614355,30929915,6,0,0,14336,13,8908712146
3439,14321540,16826560,31148100,6,0,0,9728,13,9408226713
3440,14321550,36521584,50843134,3,0,1,4608,1,489803640
3441,14325061,36524297,50849358,1,0,1,4096,15,5579661722
3442,14325310,16840019,31165329,2,0,0,3072,12,1418497375
3443,14328361,36590487,50918848,5,0,1,22016,13,5933771809
3444,14328500,16511993,30840493,8,0,0,2560,17,4066457343
3445,14340810,16493431,30834241,9,0,0,12288,13,3358459934
3446,14341380,16610733,30952113,3,0,0,512,1,6314551274
3447,14344081,36574790,50918871,9,0,1,1024,13,1760250092
3448,14358890,17451694,31810584,9,0,0,50176,13,4723978779
3449,14361520,17320764,31682284,3,0,0,1536,1,6941601582
3450,14364950,16586984,30951934,5,0,0,34816,13,8324814774
3451,14373930,16796258,31170188,9,0,0,15872,13,1575418137
3452,14387220,16581062,30968282,8,0,0,2048,17,7282748408
3453,14388200,16700478,31088678,6,0,0,35328,13,5128567087
3454,14397050,17563984,31961034,8,0,0,25088,17,7683833579
3455,14406650,16576142,30982792,4,0,0,26624,16,5609711377
3456,14410040,16465872,30875912,9,0,0,34304,13,5929974950
3457,14412510,16632409,31044919,4,0,0,2048,16,4196502258
3458,14414100,17814106,32228206,2,0,0,97280,12,9511328619
3459,14427360,17659812,32087172,6,0,0,24576,13,3700782311
3460,14433070,16370097,30803167,2,0,0,4096,12,4674045937
3461,14444580,16546961,30991541,9,0,0,13824,13,6695413692
3462,14445501,36473393,50918894,9,0,1,512,13,4255013321
3463,14447241,36471676,50918917,9,0,1,4096,13,370750183
3464,14450450,16756839,31207289,4,0,0,8704,16,5626200957
3465,14454680,36499715,50954395,4,0,1,4608,16,1985277581
3466,14458770,36501131,50959901,8,0,1,13312,17,8216039020
3467,14459230,16887345,31346575,6,0,0,24576,13,4894567460
3468,14459440,17973266,32432706,2,0,0,20992,12,9623024653
3469,14466980,18096880,32563860,8,0,0,41984,17,9965854692
3470,14472730,16822030,31294760,2,0,0,11776,12,47418784
3471,14476811,36483113,50959924,1,0,1,2560,15,6806244073
3472,14478590,16535950,31014540,4,0,0,2048,16,5410834486
3473,14478821,36481126,50959947,1,0,1,14848,15,5432167614
3474,14480990,16683380,31164370,2,0,0,53248,12,5204482415
3475,14485020,16806106,31291126,9,0,0,18432,13,9674764539
3476,14487010,17001272,31488282,3,0,0,10240,1,1470259150
3477,14500550,36593154,51093704,4,0,1,4096,16,3559422645
3478,14500860,36688695,51189555,3,0,1,14848,1,8547373484
3479,14505260,18139119,32644379,4,0,0,29184,16,5571319316
3480,14521130,16391749,30912879,8,0,0,1024,17,3916090280
3481,14522141,36680621,51202762,5,0,1,6144,13,6501341077
3482,14524071,36679152,51203223,6,0,1,10240,13,8582608931
3483,14524310,36718244,51242554,2,0,1,2560,12,706070757
3484,14534820,16861965,31396785,4,0,0,11776,16,1887253816
3485,14536150,17191651,31727801,8,0,0,4608,17,2441557221
3486,14538860,16946279,31485139,2,0,0,17408,12,5777943452
3487,14549570,16505409,31054979,8,0,0,11264,17,1491955548
3488,14555940,16659092,31215032,9,0,0,10240,13,5834543392
3489,14558890,16852270,31411160,3,0,0,47104,1,433095900
3490,14565031,36696591,51261622,6,0,1,1024,13,10368880527
3491,14577350,18170170,32747520,3,0,0,82944,1,3185351794
3492,14578000,16898042,31476042,4,0,0,47616,16,3332605778
3493,14579351,36776572,51355923,9,0,1,23040,13,2005383731
3494,14583301,36777128,51360429,9,0,1,7168,13,5632974504
3495,14585430,36777323,51362753,8,0,1,2560,17,8775693558
3496,14593940,17003848,31597788,2,0,0,68608,12,6791490520
3497,14594880,36767896,51362776,4,0,1,512,16,8787039844
3498,14599370,16826812,31426182,6,0,0,30720,13,1859071806
3499,14600630,17194597,31795227,8,0,0,46080,17,10207448755
3500,14613240,16888591,31501831,6,0,0,6656,13,982465185
3501,14621270,16694715,31315985,8,0,0,9216,17,7500707780
3502,14627480,17106584,31734064,6,0,0,20480,13,8785782086
3503,14635650,36731603,51367253,8,0,1,7680,17,6568455030
3504,14643500,36725171,51368671,8,0,1,1024,17,7524722901
3505,14648560,17008971,31657531,6,0,0,12800,13,3627175519
3506,14650300,17085815,31736115,3,0,0,6656,1,3173594945
3507,14658840,36807330,51466170,2,0,1,15872,12,4789217571
3508,14668890,16513130,31182020,3,0,0,12800,1,10306441256
3509,14674130,17314161,31988291,2,0,0,26112,12,6413741884
3510,14676900,16801707,31478607,4,0,0,8192,16,5794962174
3511,14687281,36789745,51477026,6,0,1,3072,13,383658958
3512,14690930,36786119,51477049,3,0,1,2048,1,3545853760
3513,14697320,16693505,31390825,4,0,0,23040,16,10387603806
3514,14704200,16757311,31461511,2,0,0,22016,12,9626472806
3515,14704620,16656696,31361316,8,0,0,512,17,10651227638
3516,14708000,37338843,52046843,8,0,1,208896,17,428374955
3517,14731160,37316989,52048149,4,0,1,2048,16,2711707185
3518,14734450,17031854,31766304,8,0,0,18432,17,9173856577
3519,14734671,37380984,52115655,1,0,1,32768,15,10173869147
3520,14735360,16619506,31354866,2,0,0,27136,12,3886744689
3521,14739510,16677289,31416799,6,0,0,18432,13,7546828184
3522,14740480,16785894,31526374,9,0,0,2560,13,5898955453
3523,14750500,16882248,31632748,9,0,0,12800,13,3455762874
3524,14751660,38252478,53004138,8,0,1,404992,17,339986025
3525,14752030,16963292,31715322,9,0,0,2048,13,9520031933
3526,14752050,16962625,31714675,4,0,0,43520,16,4771886380
3527,14758670,17132514,31891184,4,0,0,7168,16,6152465243
3528,14766360,17586060,32352420,6,0,0,7168,13,8150467617
3529,14766680,16676957,31443637,3,0,0,14336,1,9242204233
3530,14766881,38291347,53058228,5,0,1,19456,13,7657063367
3531,14777990,38282187,53060177,3,0,1,2560,1,2312856379
3532,14781681,38306181,53087862,5,0,1,7168,13,5982590484
3533,14785510,38311633,53097143,0,0,1,6144,2,4048078139
3534,14788180,18166309,32954489,3,0,0,32768,1,4156557761
3535,14807100,18033798,32840898,4,0,0,105984,16,6121094834
3536,14820570,17179955,32000525,6,0,0,6656,13,6680450004
3537,14826870,17058150,31885020,2,0,0,3584,12,4099866653
3538,14834730,38344290,53179020,8,0,1,38912,17,8706458841
3539,14836520,17085579,31922099,3,0,0,27648,1,8079844538
3540,14837610,16974626,31812236,6,0,0,3584,13,9342776602
3541,14841140,17008384,31849524,9,0,0,17408,13,7199381451
3542,14853761,38325925,53179686,6,0,1,1024,13,6443325944
3543,14868200,17330343,32198543,2,0,0,38400,12,5722128927
3544,14870660,16828142,31698802,8,0,0,6656,17,8224814016
3545,14892090,38288582,53180672,2,0,1,1536,12,4602466345
3546,14895280,16933634,31828914,6,0,0,2048,13,410616346
3547,14904280,16875122,31779402,3,0,0,38400,1,9936127209
3548,14908451,38272567,53181018,6,0,1,512,13,282788815
3549,14912100,16734243,31646343,2,0,0,44544,12,5169817780
3550,14934040,16847124,31781164,6,0,0,2048,13,8015863077
3551,14935190,16544256,31479446,4,0,0,2560,16,3201893363
3552,14936690,38267823,53204513,3,0,1,17408,1,8528969764
3553,14937740,18130513,33068253,4,0,0,33792,16,7193240330
3554,14938111,38280911,53219022,9,0,1,4608,13,3643432070
3555,14940399,38280481,53220880,7,0,1,6656,4,8136362831
3556,14948360,18281908,33230268,8,0,0,20992,17,9035174908
3557,14950601,38271585,53222186,9,0,1,2048,13,2282781140
3558,14954530,16622331,31576861,4,0,0,14848,16,3296563101
3559,14957580,16803085,31760665,8,0,0,16896,17,3322231845
3560,14970770,16707371,31678141,8,0,0,12288,17,1709126552
3561,14972350,17117653,32090003,5,0,0,9216,13,9494253744
3562,14973670,16707146,31680816,4,0,0,8704,16,4754374859
3563,14981200,16668294,31649494,9,0,0,10240,13,6623716734
3564,14991660,16788857,31780517,2,0,0,3584,12,5807453268
3565,14991970,16819151,31811121,2,0,0,1536,12,1823643202
3566,14999460,38246816,53246276,4,0,1,1536,16,1879311594
3567,15000100,18470522,33470622,8,0,0,53760,17,3216578727
3568,15002390,18394942,33397332,6,0,0,56320,13,2653208769
3569,15006910,17005893,32012803,9,0,0,11264,13,9364257861
3570,15016211,38230731,53246942,9,0,1,1024,13,5312860592
3571,15035130,16809067,31844197,5,0,0,32256,13,7365964637
3572,15036320,17136178,32172498,6,0,0,33280,13,10058904014
3573,15039500,17113577,32153077,2,0,0,11776,12,7705761621
3574,15074450,16662936,31737386,6,0,0,4096,13,2780195737
3575,15074850,16871595,31946445,3,0,0,1024,1,6906334048
3576,15083470,17760282,32843752,3,0,0,3584,1,7485571558
3577,15087630,17202049,32289679,9,0,0,16896,13,6497865533
3578,15088440,17245986,32334426,2,0,0,16384,12,1315608517
3579,15091340,17141569,32232909,6,0,0,15360,13,4304888486
3580,15098010,17350974,32448984,8,0,0,22016,17,8054609379
3581,15098741,38148969,53247710,5,0,1,11776,13,307230097
3582,15110770,38137708,53248478,3,0,1,11776,1,2888622877
3583,15116899,38172263,53289162,7,0,1,512,4,4034805965
3584,15128620,16794906,31923526,9,0,0,4608,13,9612915805
3585,15131420,17830736,32962156,4,0,0,25088,16,8304257779
3586,15134069,38317408,53451477,7,0,1,31744,4,8508425131
3587,15141000,16966199,32107199,3,0,0,7168,1,1490601220
3588,15148560,18035473,33184033,9,0,0,16896,13,3997417699
3589,15156980,16783224,31940204,8,0,0,15872,17,1640141447
3590,15158440,16662667,31821107,3,0,0,9216,1,8426276728
3591,15161020,17848137,33009157,8,0,0,6144,17,2003205110
3592,15162970,17187235,32350205,3,0,0,51712,1,5617006342
3593,15183200,16921792,32104992,3,0,0,48128,1,2553081311
3594,15194049,16734755,31928804,2,0,0,8704,12,3292916393
3595,15194749,16668390,31863139,2,0,0,2560,12,502277749
3596,15198420,17731298,32929718,3,0,0,65536,1,10301716770
3597,15202310,16820536,32022846,4,0,0,6144,16,2141606664
3598,15203940,16757897,31961837,3,0,0,2560,1,7466155089
3599,15205690,17429774,32635464,4,0,0,37376,16,6639015771
3600,15214850,16842881,32057731,6,0,0,27648,13,9146900768
3601,15225100,17098818,32323918,9,0,0,8704,13,3335014140
3602,15225650,18769857,33995507,9,0,0,91136,13,846108617
3603,15238070,17015700,32253770,6,0,0,39424,13,7758990468
3604,15241000,16761420,32002420,3,0,0,6144,1,9508863134
3605,15244289,17016524,32260813,2,0,0,23040,12,6021724150
3606,15247400,17360998,32608398,9,0,0,512,13,5989295366
3607,15249170,17413850,32663020,9,0,0,3584,13,2578764561
3608,15250310,38201190,53451500,3,0,1,1536,1,2085016897
3609,15251850,38199673,53451523,3,0,1,2048,1,9634158084
3610,15252599,17770028,33022627,2,0,0,24064,12,2037112104
3611,15253860,17038985,32292845,8,0,0,512,17,6225024051
3612,15257560,17815240,33072800,9,0,0,14848,13,9950891764
3613,15257641,38222084,53479725,6,0,1,13312,13,7536279326
3614,15270481,38284701,53555182,5,0,1,512,13,1185108080
3615,15274010,16604740,31878750,3,0,0,2048,1,3324705944
3616,15278820,38283529,53562349,4,0,1,3072,16,3709512173
3617,15279130,17013536,32292666,3,0,0,9728,1,5178768675
3618,15279820,16997552,32277372,9,0,0,54272,13,1398871609
3619,15280030,17215132,32495162,2,0,0,46592,12,1419214021
3620,15280380,18475833,33756213,9,0,0,34816,13,8797972475
3621,15282180,17160065,32442245,9,0,0,31232,13,10064356720
3622,15286970,38326978,53613948,3,0,1,512,1,1617426206
3623,15290640,18541075,33831715,3,0,0,26624,1,5482059239
3624,15293500,16847913,32141413,3,0,0,13824,1,1012860721
3625,15293820,17454503,32748323,9,0,0,2560,13,4317583369
3626,15316000,18692079,34008079,3,0,0,4096,1,4929072645
3627,15317100,17567958,32885058,2,0,0,89600,12,2795044301
3628,15325710,38288261,53613971,3,0,1,4096,1,7168597190
3629,15326360,38287634,53613994,3,0,1,5120,1,2790806372
3630,15331810,17248930,32580740,8,0,0,9728,17,6783117157
3631,15333430,16982642,32316072,4,0,0,35328,16,887992159
3632,15336610,38639896,53976506,2,0,1,41472,12,6275977060
3633,15345260,17246440,32591700,9,0,0,17408,13,2501843464
3634,15348894,16972349,32321243,8,0,0,16896,17,4102702975
3635,15353650,17313480,32667130,8,0,0,2048,17,1416210402
3636,15355560,38999437,54354997,8,0,1,94208,17,3088598796
3637,15376300,17159282,32535582,9,0,0,3072,13,2549738558
3638,15383650,38981533,54365183,3,0,1,7168,1,9200528815
3639,15383980,16997582,32381562,8,0,0,7168,17,8538990961
3640,15384330,17096613,32480943,4,0,0,57856,16,7343725130
3641,15388810,38976396,54365206,2,0,1,18432,12,5147602863
3642,15389760,17594493,32984253,6,0,0,32256,13,4599032590
3643,15391479,17120530,32512009,2,0,0,24576,12,10649579323
3644,15399240,17178513,32577753,4,0,0,26624,16,9353337695
3645,15405630,16981787,32387417,8,0,0,4608,17,9769213732
3646,15406400,16967505,32373905,3,0,0,5632,1,6322323756
3647,15412770,17249127,32661897,9,0,0,45056,13,8490946921
3648,15425510,17142741,32568251,6,0,0,14336,13,10623351496
3649,15428670,17116386,32545056,9,0,0,3584,13,8503060981
3650,15429490,18753966,34183456,4,0,0,61440,16,8908317668
3651,15435980,17230503,32666483,2,0,0,11264,12,7427789184
3652,15439780,17334313,32774093,6,0,0,16384,13,6831848636
3653,15441511,38923718,54365229,6,0,1,11776,13,6918505040
3654,15452830,17129805,32582635,8,0,0,6144,17,9075897024
3655,15456150,17400979,32857129,8,0,0,20480,17,3269821327
3656,15456410,17191736,32648146,9,0,0,12288,13,8414846794
3657,15459600,38949154,54408754,8,0,1,3072,17,5439073286
3658,15461969,38946808,54408777,7,0,1,18432,4,810376874
3659,15462460,17443016,32905476,3,0,0,3584,1,5995786618
3660,15462550,17481932,32944482,6,0,0,48128,13,6649100814
3661,15463330,17780211,33243541,2,0,0,8192,12,7895165414
3662,15470130,38938670,54408800,2,0,1,5120,12,8517549233
3663,15474409,38934414,54408823,7,0,1,5120,4,2077487115
3664,15475540,38941627,54417167,4,0,1,1536,16,9640327402
3665,15479039,17611483,33090522,2,0,0,30720,12,10686869969
3666,15482650,17286428,32769078,9,0,0,21504,13,5593720611
3667,15488190,17776038,33264228,3,0,0,19968,1,3954286071
3668,15488650,17210660,32699310,2,0,0,18944,12,9798577959
3669,15496030,17499969,32995999,6,0,0,33792,13,3434249646
3670,15497181,38955292,54452473,6,0,1,24576,13,1771910798
3671,15497830,17476540,32974370,9,0,0,16384,13,7942998317
3672,15502970,17543820,33046790,3,0,0,32256,1,2944511045
3673,15506350,17397988,32904338,6,0,0,29696,13,5861173198
3674,15506960,17500302,33007262,3,0,0,36864,1,1702298062
3675,15508210,17334427,32842637,9,0,0,5632,13,9783742274
3676,15513200,17788039,33301239,4,0,0,13824,16,4007455987
3677,15519340,17450015,32969355,8,0,0,23552,17,879849826
3678,15519890,17703959,33223849,8,0,0,512,17,9678344699
3679,15520580,17389147,32909727,8,0,0,13824,17,1739848512
3680,15525270,38946472,54471742,2,0,1,3584,12,3369127515
3681,15533710,38948797,54482507,2,0,1,2560,12,10270305866
3682,15540610,17680385,33220995,6,0,0,44544,13,2583043733
3683,15555800,17339421,32895221,3,0,0,33280,1,10584771171
3684,15573870,17582374,33156244,3,0,0,9728,1,1615100008
3685,15577590,17408090,32985680,1,0,0,4608,15,8333907611
3686,15582160,17837564,33419724,4,0,0,49152,16,4191259310
3687,15583400,18728706,34312106,2,0,0,44032,12,1489160184
3688,15594550,38894916,54489466,8,0,1,13824,17,5010707748
3689,15600421,38890031,54490452,9,0,1,1536,13,195086837
3690,15619020,17396252,33015272,3,0,0,19968,1,4357742445
3691,15620210,17544442,33164652,3,0,0,10752,1,1329746696
3692,15627960,17484126,33112086,2,0,0,10752,12,2462928653
3693,15628301,38862612,54490913,1,0,1,10240,15,7173209278
3694,15633310,17713920,33347230,3,0,0,41472,1,8784165518
3695,15635230,38857949,54493179,2,0,1,3584,12,1824027982
3696,15641370,38852155,54493525,8,0,1,512,17,9558054839
3697,15649841,38847230,54497071,5,0,1,5632,13,6315755941
3698,15651210,17406724,33057934,1,0,0,15872,15,2772015723
3699,15666870,18114841,33781711,4,0,0,8704,16,41500407
3700,15670941,38831929,54502870,1,0,1,19456,15,9456904492
3701,15671540,17552130,33223670,3,0,0,8704,1,7549849437
3702,15677219,38862615,54539834,7,0,1,7680,4,3416008914
3703,15678420,17635501,33313921,2,0,0,12288,12,8139880204
3704,15681301,38945256,54626557,1,0,1,49152,15,2575495041
3705,15686250,17548097,33234347,8,0,0,13312,17,5057699642
3706,15688410,17568982,33257392,1,0,0,11776,15,2467619447
3707,15695141,38932722,54627863,5,0,1,2048,13,2756482928
3708,15695231,38939097,54634328,9,0,1,30720,13,2333375765
3709,15695490,38939299,54634789,2,0,1,10240,12,5543646944
3710,15707660,17389235,33096895,9,0,0,6144,13,3594820399
3711,15708800,39004017,54712817,3,0,1,11264,1,8444258724
3712,15711460,18005957,33717417,1,0,0,44544,15,4040723707
3713,15712230,17528692,33240922,4,0,0,21504,16,8583984670
3714,15718820,17591334,33310154,1,0,0,29184,15,7433050994
3715,15722731,39002391,54725122,6,0,1,20480,13,5736292659
3716,15729540,17919725,33649265,3,0,0,24576,1,5057175888
3717,15734520,17999940,33734460,6,0,0,55808,13,1139001137
3718,15758701,38969393,54728094,5,0,1,4096,13,3190400545
3719,15759840,18007869,33767709,0,0,0,2048,2,4880770917
3720,15769740,17437660,33207400,9,0,0,29184,13,3415867523
3721,15773130,17509497,33282627,8,0,0,8192,17,3238623962
3722,15779320,17711630,33490950,3,0,0,65024,1,4108350346
3723,15784140,17462114,33246254,0,0,0,4096,2,10471018307
3724,15787450,18180266,33967716,4,0,0,97280,16,4746895571
3725,15788711,38952671,54741382,5,0,1,2048,13,3250967456
3726,15795039,38996689,54791728,7,0,1,13824,4,3596578139
3727,15798120,17704553,33502673,0,0,0,38400,2,1574667338
3728,15801840,18657916,34459756,8,0,0,8192,17,6453133077
3729,15807880,39048848,54856728,8,0,1,4608,17,5944985748
3730,15810010,39075849,54885859,4,0,1,5632,16,2951026502
3731,15811540,17934042,33745582,2,0,0,30208,12,5028684723
3732,15812400,17751771,33564171,6,0,0,71168,13,4566502402
3733,15815120,17867744,33682864,2,0,0,64512,12,916350816
3734,15823320,18099191,33922511,2,0,0,20480,12,3414894262
3735,15828751,39057131,54885882,1,0,1,512,15,4498533321
3736,15832660,18027336,33859996,1,0,0,39424,15,2934176436
3737,15838500,17863107,33701607,3,0,0,61440,1,4968072850
3738,15839330,17927732,33767062,3,0,0,35328,1,1387975959
3739,15843660,18887440,34731100,3,0,0,110080,1,7476560521
3740,15846200,17506722,33352922,1,0,0,4096,15,1060034884
3741,15847040,17695424,33542464,1,0,0,12800,15,6849645189
3742,15851740,18148649,34000389,3,0,0,10240,1,5530485016
3743,15857450,17913558,33771008,6,0,0,10752,13,9656628521
3744,15860100,18146708,34006808,9,0,0,20992,13,7252341537
3745,15865170,17709996,33575166,4,0,0,3072,16,5734524616
3746,15884589,18010718,33895307,2,0,0,1024,12,4716745581
3747,15885180,18159041,34044221,1,0,0,25600,15,5250630560
3748,15900620,17604572,33505192,5,0,0,8192,13,1458784962
3749,15900789,17931261,33832050,2,0,0,1024,12,7020718102
3750,15904089,38981816,54885905,4,0,1,13312,16,2261310335
3751,15907301,38994363,54901664,9,0,1,11264,13,5090937420
3752,15908999,17719698,33628697,2,0,0,27648,12,10664246056
3753,15911450,19020375,34931825,0,0,0,43008,2,8187024317
3754,15915980,18199852,34115832,7,0,0,26624,4,3231886410
3755,15916670,17819685,33736355,8,0,0,6144,17,2025080123
3756,15924900,18881758,34806658,1,0,0,34304,15,3245737238
3757,15931619,18088971,34020590,2,0,0,40960,12,3843180958
3758,15935851,39035584,54971435,5,0,1,21504,13,8791925270
3759,15948080,39145720,55093800,4,0,1,17408,16,4795202742
3760,15961030,17742784,33703814,3,0,0,7168,1,8199393414
3761,15963320,39272719,55236039,3,0,1,29696,1,7186091036
3762,15966400,18030846,33997246,1,0,0,5632,15,8340834640
3763,15967290,39271975,55239265,2,0,1,5120,12,7570736485
3764,15972190,18098886,34071076,3,0,0,88064,1,836315271
3765,15972980,18120808,34093788,1,0,0,32768,15,847287647
3766,15974800,18108981,34083781,0,0,0,7680,2,10571934937
3767,15975520,17921631,33897151,9,0,0,3584,13,8504067548
3768,15976281,39266210,55242491,1,0,1,5120,15,3068866857
3769,15978340,17908218,33886558,4,0,0,14848,16,975944810
3770,15981240,18178991,34160231,3,0,0,11264,1,9351813460
3771,15982290,19117533,35099823,4,0,0,83456,16,2492052694
3772,15982400,18098995,34081395,8,0,0,33792,17,1150644878
3773,15992790,18299279,34292069,6,0,0,26112,13,1775674566
3774,15994739,17815193,33809932,2,0,0,8704,12,8674775663
3775,16008570,18339649,34348219,4,0,0,55296,16,7916879492
3776,16009899,18274191,34284090,2,0,0,37376,12,7649675346
3777,16011289,18966969,34978258,2,0,0,25600,12,6532206343
3778,16018710,18397620,34416330,0,0,0,12288,2,334265260
3779,16019750,39323716,55343466,2,0,1,28160,12,5917022680
3780,16022330,39438192,55460522,8,0,1,16384,17,4606559955
3781,16026801,39515972,55542773,5,0,1,1536,13,2287389056
3782,16036060,17856320,33892380,7,0,0,16384,4,5849907266
3783,16051551,39581781,55633332,1,0,1,31232,15,9353958819
3784,16053251,39581843,55635094,1,0,1,5120,15,8726968480
3785,16055800,17804531,33860331,1,0,0,1024,15,7212566
3786,16055880,17971001,34026881,3,0,0,5120,1,5726796072
3787,16059281,39575836,55635117,5,0,1,8704,13,1085617441
3788,16071491,39563649,55635140,1,0,1,1536,15,5825964529
3789,16072110,18340453,34412563,0,0,0,6656,2,3383696939
3790,16075720,18222924,34298644,3,0,0,21504,1,654945822
3791,16076040,18051673,34127713,8,0,0,7680,17,2740121838
3792,16082120,18346721,34428841,4,0,0,40960,16,5091003121
3793,16082789,39587503,55670292,7,0,1,24064,4,4205095648
3794,16083739,39634073,55717812,7,0,1,512,4,8366766711
3795,16086170,18486038,34572208,3,0,0,67072,1,4935174491
3796,16086430,18465319,34551749,3,0,0,110080,1,6112382906
3797,16094970,18236370,34331340,6,0,0,62976,13,5237661233
3798,16100950,18082997,34183947,4,0,0,1536,16,7959227025
3799,16103960,18301202,34405162,4,0,0,67072,16,8380450194
3800,16109650,18258554,34368204,9,0,0,46080,13,2612974636
3801,16116660,17981995,34098655,9,0,0,15872,13,4609020307
3802,16117510,18291887,34409397,3,0,0,13824,1,8260013198
3803,16125610,39593188,55718798,3,0,1,1536,1,6824978574
3804,16127440,18075531,34202971,7,0,0,31744,4,342940097
3805,16127521,39592263,55719784,6,0,1,1536,13,7707623806
3806,16134519,19153345,35287864,2,0,0,90624,12,3615368469
3807,16135529,18439666,34575195,2,0,0,9728,12,2065432321
3808,16137130,18087980,34225110,3,0,0,5120,1,6488982393
3809,16138160,18212133,34350293,6,0,0,6656,13,2541750921
3810,16140090,39611128,55751218,8,0,1,8192,17,10455353360
3811,16145270,19285480,35430750,1,0,0,77824,15,5756174837
3812,16145300,39632748,55778048,8,0,1,14336,17,6684471114
3813,16150950,18091261,34242211,9,0,0,14336,13,4772626655
3814,16168640,18427671,34596311,1,0,0,8192,15,9813643578
3815,16177090,39618975,55796065,2,0,1,19968,12,10644896921
3816,16180270,18069000,34249270,3,0,0,4096,1,3063627782
3817,16187471,39637442,55824913,6,0,1,512,13,2774958909
3818,16187680,18569983,34757663,1,0,0,25600,15,3190818797
3819,16192670,18538921,34731591,0,0,0,1536,2,7514926133
3820,16193260,19025439,35218699,6,0,0,130048,13,8886817428
3821,16202110,18253782,34455892,3,0,0,35840,1,4324640978
3822,16217870,18192642,34410512,3,0,0,3584,1,7321055692
3823,16226640,18017154,34243794,0,0,0,5120,2,433487765
3824,16230830,18357891,34588721,9,0,0,19456,13,6375237036
3825,16237350,18504546,34741896,9,0,0,12800,13,1902003509
3826,16244370,18576842,34821212,0,0,0,12288,2,10546685349
3827,16258300,18319882,34578182,9,0,0,9728,13,9717036204
3828,16273339,39667655,55940994,7,0,1,8192,4,4452552144
3829,16278120,18347965,34626085,9,0,0,7168,13,9303798679
3830,16282290,18366000,34648290,3,0,0,15360,1,5887885439
3831,16290770,18627859,34918629,4,0,0,50176,16,3089136125
3832,16301931,39639086,55941017,5,0,1,3072,13,5659761257
3833,16305510,18821848,35127358,6,0,0,10240,13,2300450524
3834,16311270,18581959,34893229,9,0,0,44544,13,219418378
3835,16311950,18505495,34817445,6,0,0,35328,13,5165518530
3836,16312359,18712993,35025352,2,0,0,6144,12,183470401
3837,16316810,19193191,35510001,7,0,0,48640,4,1190642605
3838,16318790,19333982,35652772,9,0,0,45568,13,3983820973
3839,16321160,39623046,55944206,3,0,1,7680,1,4270555717
3840,16323610,19168014,35491624,9,0,0,53248,13,6599123436
3841,16327610,18746762,35074372,8,0,0,84480,17,668266855
3842,16327810,19650350,35978160,0,0,0,44032,2,2435629254
3843,16328290,18650147,34978437,9,0,0,512,13,1097224663
3844,16333280,19349718,35682998,8,0,0,27136,17,883874504
3845,16333750,19118137,35451887,6,0,0,63488,13,9535193197
3846,16352400,18945494,35297894,0,0,0,32768,2,3607952760
3847,16362910,19203865,35566775,8,0,0,3072,17,7420306961
3848,16369230,18654204,35023434,3,0,0,35328,1,3424461868
3849,16374169,18628771,35002940,2,0,0,30208,12,7494866847
3850,16379190,18462852,34842042,4,0,0,13824,16,5554021989
3851,16382330,18209534,34591864,4,0,0,10240,16,10541150878
3852,16383710,18563658,34947368,4,0,0,4096,16,264098743
3853,16386260,19020755,35407015,1,0,0,50176,15,1836901028
3854,16400260,18590442,34990702,4,0,0,26112,16,4217418451
3855,16405060,39539508,55944568,8,0,1,9216,17,442737038
3856,16418520,18628586,35047106,6,0,0,7680,13,5435589297
3857,16419020,19609402,36028422,9,0,0,76800,13,5562301972
3858,16423830,18455804,34879634,3,0,0,45056,1,216012387
3859,16426579,19347589,35774168,2,0,0,30208,12,10518833083
3860,16431190,18799434,35230624,6,0,0,26112,13,1602342366
3861,16431781,39538134,55969915,5,0,1,512,13,4025591449
3862,16433010,18461334,34894344,9,0,0,3584,13,5798815088
3863,16440100,18309740,34749840,8,0,0,3584,17,5042186305
3864,16441249,19197616,35638865,2,0,0,79360,12,1724675851
3865,16444850,18807132,35251982,4,0,0,3584,16,6052864557
3866,16445499,18669922,35115421,2,0,0,35328,12,1484375282
3867,16445570,18590936,35036506,1,0,0,5120,15,1017683793
3868,16446900,18894359,35341259,8,0,0,30208,17,2634388166
3869,16454630,18767680,35222310,3,0,0,11776,1,4279004942
3870,16456341,39517120,55973461,9,0,1,5632,13,8663257768
3871,16458850,39531194,55990044,3,0,1,13824,1,3274551446
3872,16466169,19654359,36120528,2,0,0,25088,12,7394038503
3873,16467991,39522076,55990067,9,0,1,1536,13,2479281219
3874,16474540,18836949,35311489,0,0,0,44544,2,8428411365
3875,16475870,18627165,35103035,7,0,0,10240,4,1089884485
3876,16479780,19329686,35809466,0,0,0,56832,2,3399487481
3877,16480200,18755127,35235327,6,0,0,15360,13,8487838338
3878,16483250,19048146,35531396,3,0,0,70144,1,1217947505
3879,16484090,18620528,35104618,4,0,0,5120,16,5769688102
3880,16492560,18744350,35236910,8,0,0,5120,17,8766118405
3881,16499550,18538034,35037584,8,0,0,512,17,1544907361
3882,16503031,39493962,55996993,9,0,1,5632,13,8702627806
3883,16512080,19734854,36246934,9,0,0,20480,13,7050490619
3884,16512440,18710205,35222645,1,0,0,1024,15,6522914388
3885,16517250,18942545,35459795,1,0,0,21504,15,8259245510
3886,16518480,18738673,35257153,3,0,0,16896,1,3886997591
3887,16521541,39513247,56034788,1,0,1,8192,15,9775798641
3888,16521980,18866257,35388237,7,0,0,19968,4,4090855996
3889,16530610,18629010,35159620,1,0,0,4096,15,9202525371
3890,16530771,39504888,56035659,5,0,1,12288,13,9841340120
3891,16532080,18798213,35330293,9,0,0,41472,13,10275941853
3892,16534301,39570088,56104389,6,0,1,3584,13,4294851853
3893,16535060,39569352,56104412,2,0,1,5632,12,2625175307
3894,16535730,19055583,35591313,0,0,0,37888,2,2354063496
3895,16543670,19054005,35597675,3,0,0,18944,1,1082745259
3896,16546710,19033036,35579746,0,0,0,42496,2,9158229158
3897,16547740,18884757,35432497,6,0,0,5632,13,10180864449
3898,16548199,18764873,35313072,2,0,0,5120,12,2393604550
3899,16549220,18690489,35239709,3,0,0,2048,1,9185992014
3900,16549280,19062169,35611449,0,0,0,8704,2,10714238380
3901,16550270,18915655,35465925,8,0,0,12288,17,3788972408
3902,16551210,19160438,35711648,4,0,0,4096,16,9474816485
3903,16551541,39583961,56135502,5,0,1,4608,13,2933625953
3904,16555000,19010793,35565793,1,0,0,27648,15,1513161562
3905,16558511,39587512,56146023,5,0,1,11264,13,4645466522
3906,16558591,39621431,56180022,6,0,1,12800,13,6465876715
3907,16563020,18804926,35367946,9,0,0,13824,13,2841710970
3908,16570150,18761882,35332032,9,0,0,5632,13,9526185492
3909,16570330,19093819,35664149,7,0,0,4096,4,1695103435
3910,16574470,18897289,35471759,7,0,0,18944,4,555119658
3911,16576700,18885458,35462158,6,0,0,7680,13,1254047367
3912,16582920,18974426,35557346,6,0,0,47616,13,4889294943
3913,16594250,19095837,35690087,7,0,0,11776,4,8084621946
3914,16606410,18936405,35542815,3,0,0,37376,1,3946102599
3915,16608490,39624901,56233391,2,0,1,11264,12,4228766375
3916,16623260,39610797,56234057,2,0,1,1024,12,5365627802
3917,16642450,19143024,35785474,4,0,0,10752,16,4086533029
3918,16647690,19163671,35811361,8,0,0,6144,17,4822405063
3919,16649230,39637491,56286721,8,0,1,24064,17,5015977700
3920,16655420,18839738,35495158,1,0,0,9728,15,5524175177
3921,16664750,18994620,35659370,7,0,0,18432,4,6252041897
3922,16664760,19240050,35904810,1,0,0,43520,15,4575602509
3923,16666319,39620748,56287067,7,0,1,512,4,285203807
3924,16667400,19088782,35756182,9,0,0,20480,13,9550189725
3925,16674130,18779082,35453212,3,0,0,4096,1,9703192643
3926,16674660,39699978,56374638,2,0,1,21504,12,1268522084
3927,16679141,39697443,56376584,1,0,1,3072,15,1075391446
3928,16686030,19655539,36341569,6,0,0,15360,13,8473407479
3929,16689080,19139019,35828099,9,0,0,20480,13,4500827720
3930,16696880,18911894,35608774,0,0,0,36352,2,7588300049
3931,16701591,39675454,56377045,1,0,1,10240,15,1239142451
3932,16703811,39676140,56379951,6,0,1,4608,13,9344696614
3933,16707511,39706239,56413750,9,0,1,16896,13,7102561267
3934,16711259,18975217,35686476,2,0,0,9216,12,6258710614
3935,16713170,18940561,35653731,0,0,0,3072,2,7738419828
3936,16716289,39726983,56443272,7,0,1,7680,4,7085607800
3937,16718820,19354707,36073527,0,0,0,25088,2,1237296867
3938,16719701,39761551,56481252,6,0,1,6144,13,5732787363
3939,16726470,18974909,35701379,0,0,0,9216,2,4870129846
3940,16726870,19164657,35891527,9,0,0,30720,13,64455746
3941,16730000,19377571,36107571,3,0,0,28672,1,9354516146
3942,16730969,19090867,35821836,2,0,0,34304,12,660851616
3943,16731629,19509042,36240671,2,0,0,23040,12,4270810786
3944,16732030,19198566,35930596,6,0,0,54784,13,7225816275
3945,16733700,19709117,36442817,4,0,0,50176,16,7569828745
3946,16736581,39745833,56482414,9,0,1,10752,13,592199024
3947,16739750,19090408,35830158,3,0,0,6656,1,9572315416
3948,16750550,19163331,35913881,1,0,0,29696,15,4366320387
3949,16754160,19078624,35832784,8,0,0,3584,17,8847457182
3950,16756190,39727210,56483400,8,0,1,1536,17,507806234
3951,16761230,19189286,35950516,0,0,0,49152,2,2247575379
3952,16763690,19169121,35932811,9,0,0,7168,13,4660125834
3953,16767640,19167877,35935517,3,0,0,1536,1,6898773106
3954,16771940,18911705,35683645,4,0,0,2048,16,1740999490
3955,16772290,19274563,36046853,1,0,0,60416,15,3219030619
3956,16772550,19275799,36048349,9,0,0,1536,13,8398713294
3957,16774659,18990282,35764941,2,0,0,28672,12,3634790439
3958,16790040,19164399,35954439,3,0,0,12800,1,7061761719
3959,16792619,19087835,35880454,2,0,0,7680,12,4207561120
3960,16793590,19284975,36078565,1,0,0,16384,15,4657159428
3961,16798410,19190028,35988438,7,0,0,1024,4,2995230470
3962,16807631,39677395,56485026,9,0,1,2560,13,1299371140
3963,16813010,19268854,36081864,0,0,0,10752,2,9386080886
3964,16813161,39673811,56486972,5,0,1,3072,13,10325792275
3965,16818380,19512660,36331040,4,0,0,41472,16,2341461916
3966,16823120,19735830,36558950,8,0,0,15360,17,5810930198
3967,16826609,19221249,36047858,2,0,0,3072,12,10596151064
3968,16829139,19295936,36125075,2,0,0,14848,12,9021882674
3969,16835660,19099366,35935026,6,0,0,7168,13,2735732869
3970,16848120,19346480,36194600,8,0,0,26624,17,7898123039
3971,16848950,19459487,36308437,6,0,0,43520,13,111471300
3972,16859459,19238550,36098009,2,0,0,52736,12,5865254432
3973,16862290,19236522,36098812,3,0,0,2560,1,6502129786
3974,16865000,19552967,36417967,7,0,0,38912,4,9927513577
3975,16866650,19552588,36419238,9,0,0,4096,13,5178560764
3976,16877450,19086684,35964134,6,0,0,31744,13,7332732205
3977,16879050,19725390,36604440,9,0,0,28672,13,3643091247
3978,16881900,19294097,36175997,0,0,0,28672,2,972357536
3979,16901351,39589487,56490838,5,0,1,6144,13,5561448521
3980,16907550,19273110,36180660,5,0,0,1024,13,5231257492
3981,16909590,19202358,36111948,3,0,0,4608,1,5131317636
3982,16911700,19425158,36336858,8,0,0,15872,17,7733536845
3983,16919790,19597784,36517574,1,0,0,35840,15,3840065297
3984,16927220,19996629,36923849,0,0,0,11264,2,3246408082
3985,16931850,19263865,36195715,7,0,0,3584,4,32087962
3986,16933100,39589428,56522528,0,0,1,8192,2,209030679
3987,16935810,39586741,56522551,3,0,1,8704,1,3491528564
3988,16939890,19202067,36141957,3,0,0,1536,1,9202649078
3989,16945650,19691135,36636785,0,0,0,29184,2,938757288
3990,16946580,19884947,36831527,4,0,0,16896,16,9510352016
3991,16950020,19298653,36248673,4,0,0,5632,16,7436727417
3992,16952370,19599046,36551416,4,0,0,26112,16,277485321
3993,16954640,19697548,36652188,7,0,0,24064,4,893718815
3994,16956950,19441770,36398720,1,0,0,8704,15,7777743932
3995,16970481,39555835,56526316,5,0,1,6144,13,9420554043
3996,16972220,39559742,56531962,2,0,1,4096,12,5837457735
3997,16973110,19414825,36387935,4,0,0,14336,16,9638926290
3998,16973170,39558815,56531985,2,0,1,9728,12,3283854501
3999,16974701,39716654,56691355,9,0,1,22528,13,3918803291
4000,16976450,39750670,56727120,8,0,1,1536,17,3537585046
4001,16980670,19304551,36285221,1,0,0,16896,15,3234926223
4002,16980709,19884592,36865301,2,0,0,5632,12,45110689
4003,16984760,20275954,37260714,7,0,0,31232,4,5658448421
4004,16986860,39791105,56777965,3,0,1,11264,1,1744208523
4005,16992651,39785980,56778631,9,0,1,1024,13,2834760791
4006,17003310,19291551,36294861,9,0,0,2048,13,7001895912
4007,17005620,39776557,56782177,3,0,1,5632,1,7734546730
4008,17011890,19699505,36711395,1,0,0,46080,15,6658878605
4009,17019490,19963412,36982902,0,0,0,102912,2,6075987568
4010,17027060,39756743,56783803,2,0,1,2560,12,5788807175
4011,17029950,19647364,36677314,8,0,0,6144,17,4484391425
4012,17030120,19796153,36826273,6,0,0,7680,13,2100948759
4013,17030360,19970216,37000576,1,0,0,13312,15,5609784618
4014,17030980,19583623,36614603,8,0,0,33280,17,7873960215
4015,17037430,19466665,36504095,9,0,0,8192,13,6850778766
4016,17041610,19416626,36458236,8,0,0,7680,17,7788006879
4017,17043540,19486097,36529637,0,0,0,10240,2,6273306810
4018,17050940,19393148,36444088,8,0,0,4096,17,2077740364
4019,17052170,20009397,37061567,5,0,0,23552,13,7383770023
4020,17058630,19273369,36331999,0,0,0,3072,2,845246821
4021,17061890,19281574,36343464,3,0,0,6144,1,6905319765
4022,17064939,39822986,56887925,7,0,1,12288,4,7392257580
4023,17071590,20007339,37078929,6,0,0,18944,13,1033657379
4024,17072920,19602499,36675419,7,0,0,53248,4,6624513669
4025,17082550,20168625,37251175,1,0,0,93184,15,4184079510
4026,17083040,39804908,56887948,8,0,1,9216,17,6447222592
4027,17095319,20255247,37350566,2,0,0,17408,12,8246664202
4028,17097390,20277801,37375191,3,0,0,69632,1,1025845958
4029,17097670,19927601,37025271,7,0,0,23552,4,1864384000
4030,17098760,20225015,37323775,5,0,0,114688,13,837652908
4031,17101770,19916302,37018072,9,0,0,34816,13,3438033797
4032,17103520,19439917,36543437,4,0,0,5120,16,9064798895
4033,17114860,19403829,36518689,0,0,0,3584,2,9276890321
4034,17115820,19578913,36694733,9,0,0,4608,13,9149930689
4035,17116661,39812555,56929216,1,0,1,8704,15,193457749
4036,17118089,19698132,36816221,2,0,0,35328,12,2696760457
4037,17122959,19357565,36480524,2,0,0,14848,12,883937636
4038,17128250,20391487,37519737,7,0,0,40448,4,1799985924
4039,17129340,39806081,56935421,8,0,1,3584,17,10603894466
4040,17140680,19706171,36846851,9,0,0,8704,13,2864468189
4041,17154450,19645445,36799895,1,0,0,18944,15,3105491097
4042,17155421,39780023,56935444,6,0,1,6144,13,7956941772
4043,17155500,39780194,56935694,4,0,1,512,16,6246457593
4044,17156520,19598250,36754770,6,0,0,11776,13,5190859552
4045,17160240,19558354,36718594,1,0,0,23552,15,5685667917
4046,17161250,19465302,36626552,5,0,0,23040,13,10447489383
4047,17165630,19750635,36916265,8,0,0,31744,17,2154395764
4048,17166970,20015581,37182551,5,0,0,43008,13,2338214868
4049,17168980,20233846,37402826,7,0,0,90624,4,6735585108
4050,17170900,19857202,37028102,6,0,0,9216,13,8495410094
4051,17174549,20452956,37627505,2,0,0,186368,12,3964779867
4052,17175390,19821107,36996497,1,0,0,44544,15,8887036101
4053,17179300,19945953,37125253,8,0,0,8704,17,10736685066
4054,17179940,20323169,37503109,0,0,0,71168,2,1444377662
4055,17180859,19681777,36862636,2,0,0,9216,12,1187973449
4056,17185700,20148550,37334250,4,0,0,34304,16,1860725642
4057,17186190,20655581,37841771,4,0,0,74752,16,9661931267
4058,17188110,19864317,37052427,5,0,0,9728,13,4232364423
4059,17188500,20156716,37345216,8,0,0,8192,17,104946359
4060,17194770,19962947,37157717,9,0,0,15360,13,10352213161
4061,17203150,20215345,37418495,6,0,0,39936,13,270115010
4062,17205270,39767384,56972654,8,0,1,6144,17,2216219000
4063,17207690,19865444,37073134,1,0,0,37888,15,1623627438
4064,17207901,39770773,56978674,1,0,1,1536,15,6062764685
4065,17210820,20296547,37507367,3,0,0,13824,1,2220904941
4066,17210850,20326093,37536943,1,0,0,34304,15,914022073
4067,17221480,20199230,37420710,9,0,0,7168,13,4628688114
4068,17222540,20328629,37551169,7,0,0,40960,4,4399704849
4069,17224120,20346555,37570675,7,0,0,59904,4,5549781503
4070,17224260,20411403,37635663,7,0,0,26624,4,2002094349
4071,17224920,20562442,37787362,1,0,0,55296,15,1518861910
4072,17226599,20179682,37406281,2,0,0,11264,12,3970043436
4073,17236129,39766490,57002619,7,0,1,19456,4,5652965755
4074,17242250,21196717,38438967,9,0,0,3584,13,2099235934
4075,17242810,20099887,37342697,1,0,0,27648,15,4052005701
4076,17246540,20636241,37882781,5,0,0,28160,13,4744707561
4077,17248550,20519422,37767972,4,0,0,45568,16,5282811342
4078,17255230,20694332,37949562,6,0,0,34816,13,44759861
4079,17257360,39745282,57002642,3,0,1,3584,1,720214159
4080,17261360,39934833,57196193,2,0,1,32256,12,4560072603
4081,17263510,20158939,37422449,6,0,0,5632,13,8936491557
4082,17269730,20896611,38166341,1,0,0,43520,15,9671308050
4083,17279320,20396459,37675779,7,0,0,53760,4,8656160805
4084,17281380,20457535,37738915,0,0,0,10752,2,504118272
4085,17282900,20243568,37526468,9,0,0,22016,13,9139656150
4086,17284040,20192360,37476400,7,0,0,40448,4,9087545665
4087,17293430,20439501,37732931,1,0,0,23552,15,2899748033
4088,17296240,20351589,37647829,9,0,0,13824,13,2879059367
4089,17302441,39915708,57218149,6,0,1,22016,13,1235302158
4090,17310190,20396063,37706253,4,0,0,9728,16,7257355458
4091,17311900,20578465,37890365,6,0,0,2048,13,10075910987
4092,17320170,20548768,37868938,3,0,0,89088,1,6981804299
4093,17320540,21293897,38614437,5,0,0,20480,13,8902906689
4094,17334900,20484072,37818972,7,0,0,47104,4,7889638231
4095,17341050,40198214,57539264,8,0,1,5632,17,826317654
4096,17343779,20426712,37770491,2,0,0,8192,12,5185572788
4097,17350810,40203164,57553974,3,0,1,14336,1,3364240413
4098,17352770,20350488,37703258,6,0,0,90112,13,5740630076
4099,17354070,20913873,38267943,7,0,0,41984,4,8367935360
4100,17356821,40214921,57571742,5,0,1,6656,13,1495460778
4101,17358940,20278377,37637317,1,0,0,1536,15,5675277559
4102,17360160,20357859,37718019,4,0,0,20992,16,7559226407
4103,17361040,20680528,38041568,0,0,0,33280,2,8227550924
4104,17364200,20607557,37971757,0,0,0,10240,2,1046699537
4105,17370610,20336781,37707391,6,0,0,3584,13,5440939934
4106,17372710,20712695,38085405,7,0,0,3584,4,4616675759
4107,17377850,20737727,38115577,3,0,0,6144,1,5854698543
4108,17381620,20492558,37874178,4,0,0,16896,16,3732212744
4109,17382290,20605029,37987319,4,0,0,1536,16,4761517134
4110,17385660,20497456,37883116,1,0,0,1024,15,10706345783
4111,17387619,20404446,37792065,2,0,0,15360,12,3711841805
4112,17398390,20490677,37889067,5,0,0,19456,13,5163168945
4113,17403120,20628285,38031405,0,0,0,3072,2,7578213657
4114,17424020,20573579,37997599,6,0,0,32768,13,8969398607
4115,17427131,40158618,57585749,9,0,1,3072,13,2051865610
4116,17428901,40156871,57585772,6,0,1,10240,13,2412777381
4117,17432521,40153274,57585795,9,0,1,2048,13,8390748140
4118,17432910,20467150,37900060,5,0,0,31744,13,8173928761
4119,17434530,20482744,37917274,0,0,0,56320,2,708754825
4120,17445640,20584783,38030423,3,0,0,60928,1,7129983717
4121,17453240,21185684,38638924,5,0,0,2560,13,5511325015
4122,17456420,20893655,38350075,1,0,0,134656,15,4004488689
4123,17456730,20586897,38043627,7,0,0,6656,4,5929011481
4124,17458790,20643900,38102690,5,0,0,1536,13,222140098
4125,17463141,40122677,57585818,6,0,1,9216,13,3488918215
4126,17465810,20489235,37955045,1,0,0,17920,15,4502710993
4127,17475549,40174559,57650108,7,0,1,512,4,8974101090
4128,17481160,20696944,38178104,3,0,0,26112,1,169352618
4129,17481770,20457161,37938931,9,0,0,1536,13,9265694323
4130,17485780,20895229,38381009,7,0,0,84480,4,9948702014
4131,17488110,20697265,38185375,6,0,0,1536,13,5570628726
4132,17489270,20741477,38230747,0,0,0,25088,2,339526193
4133,17491720,20926555,38418275,8,0,0,91136,17,4626489983
4134,17493060,20862186,38355246,8,0,0,16896,17,8961594733
4135,17509570,20775925,38285495,8,0,0,17408,17,700930011
4136,17511570,20921415,38432985,6,0,0,12800,13,6986778873
4137,17515060,20996424,38511484,7,0,0,78336,4,2855565906
4138,17518299,20866554,38384853,2,0,0,6144,12,4489498267
4139,17522270,20786754,38309024,8,0,0,57344,17,2844688278
4140,17529140,20955154,38484294,3,0,0,25600,1,4994113592
4141,17552801,40098485,57651286,9,0,1,13824,13,5095262755
4142,17561489,21146233,38707722,2,0,0,22016,12,4268275645
4143,17568890,21152216,38721106,5,0,0,29184,13,9772698373
4144,17569220,40084652,57653872,3,0,1,4096,1,7113940028
4145,17569400,20950547,38519947,7,0,0,27648,4,10667187527
4146,17577240,40111070,57688310,0,0,1,11264,2,5295811869
4147,17588890,20840172,38429062,4,0,0,35328,16,2727718200
4148,17592290,20995806,38588096,6,0,0,33792,13,9425772159
4149,17592460,40245394,57837854,2,0,1,16896,12,10270260481
4150,17594580,20966212,38560792,9,0,0,51200,13,6876097563
4151,17597689,20603934,38201623,2,0,0,5120,12,8268521776
4152,17605050,20854753,38459803,9,0,0,18432,13,667272747
4153,17613350,21265020,38878370,8,0,0,26112,17,1215180287
4154,17617970,20869623,38487593,4,0,0,10752,16,1862456814
4155,17624850,20908890,38533740,8,0,0,15360,17,1980113259
4156,17633520,20841255,38474775,3,0,0,12800,1,10598329263
4157,17640110,40719163,58359273,8,0,1,177152,17,8055198197
4158,17640560,20797292,38437852,7,0,0,15872,4,3767098650
4159,17641120,20925958,38567078,1,0,0,10752,15,256535740
4160,17642660,21160148,38802808,8,0,0,31232,17,741282590
4161,17647770,21527792,39175562,4,0,0,44544,16,9766357762
4162,17654540,20796930,38451470,4,0,0,40960,16,1916407716
4163,17656670,21146473,38803143,8,0,0,1024,17,2175197511
4164,17662100,21101368,38763468,0,0,0,12288,2,1885805032
4165,17664591,40746589,58411180,5,0,1,4096,13,9539517212
4166,17666760,20964185,38630945,3,0,0,3584,1,7691163146
4167,17670250,21197622,38867872,5,0,0,23552,13,9626826579
4168,17688630,21362845,39051475,7,0,0,17408,4,8131688222
4169,17695050,20960852,38655902,0,0,0,8192,2,1298289300
4170,17695430,20948785,38644215,8,0,0,512,17,4138540142
4171,17706910,21193539,38900449,9,0,0,2048,13,5132366835
4172,17714580,21038946,38753526,4,0,0,22528,16,361584218
4173,17715730,20520229,38235959,4,0,0,1024,16,3378428897
4174,17721480,20886671,38608151,7,0,0,30720,4,2686996995
4175,17722330,21261943,38984273,3,0,0,23040,1,5728334578
4176,17731770,21052107,38783877,1,0,0,22016,15,8779828414
4177,17732770,20789141,38521911,3,0,0,6144,1,6090737935
4178,17734131,40714364,58448495,5,0,1,512,13,5762887105
4179,17736689,20959803,38696492,2,0,0,9216,12,79640216
4180,17740980,21032448,38773428,8,0,0,1024,17,1079738997
4181,17741470,20711271,38452741,0,0,0,4096,2,1380939662
4182,17746340,20817439,38563779,1,0,0,9728,15,6486391393
4183,17749880,21211213,38961093,6,0,0,97280,13,8001639467
4184,17754629,21077757,38832386,2,0,0,25600,12,6221245551
4185,17765460,21211770,38977230,5,0,0,24064,13,5385042993
4186,17765820,21067369,38833189,6,0,0,2560,13,3528521597
4187,17766949,40681569,58448518,7,0,1,11776,4,6481121794
4188,17770140,21365847,39135987,0,0,0,3072,2,8047545242
4189,17775820,21066805,38842625,9,0,0,25600,13,4230183402
4190,17777111,40671430,58448541,9,0,1,1024,13,3406780442
4191,17783530,21120722,38904252,1,0,0,8192,15,6739972486
4192,17783690,21262458,39046148,5,0,0,58368,13,4706614703
4193,17789090,20997040,38786130,8,0,0,7168,17,8571884264
4194,17789530,21057174,38846704,7,0,0,13312,4,998111530
4195,17789881,40673012,58462893,9,0,1,17408,13,1501440836
4196,17793490,21055109,38848599,1,0,0,6144,15,3289265871
4197,17795350,40726323,58521673,2,0,1,23552,12,3905233957
4198,17795661,40853275,58648936,5,0,1,37376,13,265675472
4199,17795820,21074571,38870391,7,0,0,8192,4,645995759
4200,17799960,21087623,38887583,7,0,0,9728,4,4465401864
4201,17800980,21407488,39208468,7,0,0,13312,4,7385146041
4202,17801780,21501461,39303241,7,0,0,6656,4,5306358843
4203,17802870,21602860,39405730,6,0,0,16896,13,9725160639
4204,17807730,21424476,39232206,3,0,0,3584,1,8483114180
4205,17809900,21190718,39000618,8,0,0,47616,17,8871688820
4206,17811840,20911161,38723001,8,0,0,6144,17,440093572
4207,17816700,21098543,38915243,0,0,0,10752,2,3512173838
4208,17818470,40995608,58814078,8,0,1,35840,17,815862150
4209,17823700,20969569,38793269,7,0,0,14848,4,7680997904
4210,17829891,40984210,58814101,1,0,1,7680,15,1707632826
4211,17836120,21549611,39385731,3,0,0,18944,1,5520886156
4212,17837780,21081360,38919140,7,0,0,11776,4,4072242070
4213,17844850,21049738,38894588,4,0,0,16896,16,10650783646
4214,17846690,20957098,38803788,7,0,0,512,4,9999946898
4215,17851140,21966018,39817158,6,0,0,48640,13,1018012814
4216,17853520,21110872,38964392,1,0,0,10752,15,10083362341
4217,17856770,41114062,58970832,2,0,1,43008,12,3670444567
4218,17860820,21231924,39092744,8,0,0,4608,17,1504788903
4219,17863250,21241931,39105181,0,0,0,39424,2,2561514011
4220,17869230,22084122,39953352,8,0,0,96256,17,5302307341
4221,17871130,21319119,39190249,8,0,0,48128,17,4836449496
4222,17872690,20937656,38810346,5,0,0,5120,13,9973650529
4223,17876350,21271901,39148251,5,0,0,14848,13,5909736160
4224,17877340,21136705,39014045,0,0,0,11264,2,10638792713
4225,17880830,21089045,38969875,1,0,0,17920,15,3601378419
4226,17881350,21519209,39400559,7,0,0,40960,4,3534305354
4227,17912930,21554770,39467700,9,0,0,83456,13,7774648551
4228,17919840,21242127,39161967,6,0,0,7680,13,4527356831
4229,17926439,20958157,38884596,2,0,0,10752,12,6717386849
4230,17926769,20974964,38901733,2,0,0,4096,12,4902480428
4231,17927419,21269717,39197136,2,0,0,22528,12,1994797706
4232,17932519,21561418,39493937,2,0,0,41984,12,4662745573
4233,17938400,21068016,39006416,8,0,0,3584,17,2624866223
4234,17940440,22029696,39970136,3,0,0,42496,1,3032725205
4235,17942471,41028384,58970855,1,0,1,4096,15,494495264
4236,17944581,41026632,58971213,6,0,1,9216,13,132713272
4237,17946430,21282973,39229403,9,0,0,6144,13,3229920766
4238,17949920,21292442,39242362,7,0,0,4096,4,8569349953
4239,17953100,21841912,39795012,7,0,0,13824,4,2730388255
4240,17964579,21239787,39204366,2,0,0,20480,12,4505625381
4241,17971800,21167059,39138859,5,0,0,7680,13,7667696157
4242,17974060,21571190,39545250,3,0,0,54784,1,7448051496
4243,17978770,21635358,39614128,3,0,0,55296,1,1883066211
4244,18000070,21481052,39481122,6,0,0,5632,13,5189189950
4245,18010660,21253706,39264366,8,0,0,14336,17,6615229812
4246,18010820,21612878,39623698,0,0,0,20992,2,8207087652
4247,18021031,40950205,58971236,1,0,1,7168,15,4936219635
4248,18023300,40947967,58971267,2,0,1,2048,12,3735569664
4249,18024550,21101798,39126348,3,0,0,5120,1,3530631371
4250,18028241,40944080,58972321,6,0,1,2048,13,4581713238
4251,18028390,21525463,39553853,1,0,0,28160,15,3444315853
4252,18028780,40945167,58973947,2,0,1,2560,12,6909410166
4253,18033220,21675837,39709057,5,0,0,67584,13,2990232217
4254,18036721,40938302,58975023,9,0,1,13312,13,1940408902
4255,18036920,21258433,39295353,6,0,0,46080,13,10273733215
4256,18042780,21389306,39432086,7,0,0,1536,4,220966406
4257,18056780,21951643,40008423,5,0,0,64000,13,989544897
4258,18057280,22251190,40308470,1,0,0,106496,15,9805217809
4259,18057520,21140575,39198095,1,0,0,3072,15,3207397359
4260,18060460,21970862,40031322,5,0,0,27136,13,4444152469
4261,18064231,40979873,59044104,5,0,1,6656,13,7400044153
4262,18079729,22069946,40149675,2,0,0,36352,12,6077581581
4263,18080200,22081970,40162170,7,0,0,6144,4,1020331221
4264,18084890,21666535,39751425,8,0,0,8192,17,6371819374
4265,18095980,21557537,39653517,1,0,0,97792,15,3236706112
4266,18102890,21462709,39565599,3,0,0,36864,1,10511252335
4267,18105200,21320898,39426098,8,0,0,2048,17,9075295254
4268,18109981,40957017,59066998,6,0,1,9216,13,502089105
4269,18110220,21909302,40019522,9,0,0,36352,13,2760832686
4270,18123729,21473528,39597257,2,0,0,68608,12,185285318
4271,18125610,21557781,39683391,1,0,0,17920,15,6116249975
4272,18128721,40938636,59067357,1,0,1,9728,15,9162503518
4273,18129519,21608043,39737562,2,0,0,24576,12,8071890858
4274,18140230,40959757,59099987,3,0,1,4096,1,8776355231
4275,18144030,21891371,40035401,8,0,0,13312,17,1003001974
4276,18145500,21352237,39497737,4,0,0,9728,16,2283420932
4277,18151280,21403064,39554344,9,0,0,1536,13,8227976927
4278,18152230,21465041,39617271,4,0,0,10240,16,724040426
4279,18161300,40954163,59115463,8,0,1,11776,17,7883376179
4280,18165150,22081562,40246712,5,0,0,67584,13,1937929590
4281,18165610,21550490,39716100,9,0,0,23040,13,3785683880
4282,18165960,21564091,39730051,5,0,0,2560,13,3108819207
4283,18176851,40951209,59128060,1,0,1,10240,15,10191262422
4284,18187670,21723956,39911626,7,0,0,29184,4,2201352317
4285,18196079,40932004,59128083,7,0,1,3584,4,3393732728
4286,18206100,21841671,40047771,6,0,0,15360,13,218398111
4287,18213950,21444357,39658307,0,0,0,10752,2,166247243
4288,18215089,21609112,39824201,2,0,0,23040,12,7563720471
4289,18220509,40908498,59129007,7,0,1,7680,4,3271156075
4290,18225170,22049489,40274659,9,0,0,91648,13,2850266613
4291,18225530,21670762,39896292,4,0,0,14848,16,1172854462
4292,18231239,22044691,40275930,2,0,0,4096,12,8330175016
4293,18231850,21567865,39799715,8,0,0,15360,17,4013644093
4294,18234920,22094585,40329505,6,0,0,13312,13,5015176118
4295,18239080,21610516,39849596,3,0,0,26112,1,9312368963
4296,18244210,21546567,39790777,8,0,0,20992,17,6602643148
4297,18245540,21482331,39727871,1,0,0,7168,15,3801878084
4298,18246260,21776763,40023023,9,0,0,11264,13,3905060737
4299,18250701,40920441,59171142,6,0,1,512,13,9360916628
4300,18258329,22067058,40325387,2,0,0,16896,12,10311246548
4301,18260419,21965678,40226097,2,0,0,114688,12,5957201259
4302,18270370,22491735,40762105,9,0,0,52736,13,5567142395
4303,18273410,21683732,39957142,5,0,0,12288,13,9344039203
4304,18274020,21616152,39890172,9,0,0,10752,13,2134163333
4305,18277670,22059502,40337172,7,0,0,25088,4,5213896939
4306,18285401,40885764,59171165,9,0,1,5632,13,6062187095
4307,18287669,22606828,40894497,2,0,0,25600,12,5830986197
4308,18288900,22126664,40415564,4,0,0,56832,16,7248652216
4309,18289500,22367672,40657172,4,0,0,106496,16,270507165
4310,18290000,22730721,41020721,9,0,0,110080,13,6087070470
4311,18290190,21752878,40043068,3,0,0,25088,1,2813203430
4312,18292490,21594383,39886873,7,0,0,8704,4,902530815
4313,18293871,40913030,59206901,5,0,1,4096,13,513949334
4314,18299050,21457457,39756507,8,0,0,10752,17,3312662631
4315,18299400,22064666,40364066,4,0,0,2048,16,1206207863
4316,18301160,40907877,59209037,3,0,1,8192,1,10428115792
4317,18305271,40904752,59210023,1,0,1,1536,15,9826816675
4318,18307860,21533757,39841617,7,0,0,6656,4,1322204002
4319,18318530,22479906,40798436,0,0,0,48640,2,561277057
4320,18322180,21800250,40122430,8,0,0,28160,17,2008875883
4321,18323640,22478719,40802359,4,0,0,12800,16,2949299587
4322,18330100,22121581,40451681,1,0,0,29184,15,9983916363
4323,18331470,22179972,40511442,1,0,0,20992,15,5198064847
4324,18331830,22156430,40488260,7,0,0,27648,4,9916849195
4325,18336280,22732421,41068701,8,0,0,12800,17,3618277642
4326,18339969,21726876,40066845,2,0,0,2560,12,1959054110
4327,18340410,22055598,40396008,1,0,0,11264,15,7182456273
4328,18353870,22204282,40558152,0,0,0,82432,2,3866621691
4329,18359340,22246895,40606235,8,0,0,3072,17,3847221471
4330,18367330,22557118,40924448,6,0,0,16384,13,3738863975
4331,18379149,21693965,40073114,2,0,0,3072,12,3230843414
4332,18379611,40836272,59215883,6,0,1,9728,13,3047584151
4333,18382850,21955593,40338443,0,0,0,4096,2,6333573118
4334,18387070,21675228,40062298,7,0,0,12288,4,5905008056
4335,18387490,21923655,40311145,0,0,0,8704,2,10382932802
4336,18387870,21932346,40320216,7,0,0,29696,4,10198214747
4337,18389790,21674091,40063881,6,0,0,5120,13,5911880581
4338,18390620,22140630,40531250,8,0,0,25600,17,10291321457
4339,18398150,22325628,40723778,0,0,0,15872,2,3816491335
4340,18405560,22262160,40667720,3,0,0,24576,1,2529267479
4341,18409220,22676355,41085575,6,0,0,33792,13,2291793421
4342,18410270,22564206,40974476,7,0,0,135168,4,9894083756
4343,18416731,40800933,59217664,9,0,1,512,13,8410843368
4344,18427629,22285860,40713489,2,0,0,20992,12,5436223243
4345,18437129,40781303,59218432,7,0,1,11776,4,2112260149
4346,18440451,40778442,59218893,5,0,1,10240,13,7987782118
4347,18441230,22760917,41202147,6,0,0,31232,13,10184819972
4348,18442960,21999760,40442720,0,0,0,44544,2,3429122060
4349,18446350,21899315,40345665,3,0,0,17408,1,2677833605
4350,18457850,21645241,40103091,9,0,0,3584,13,5586110417
4351,18467220,22339218,40806438,8,0,0,13312,17,5865599573
4352,18473800,22429001,40902801,3,0,0,25088,1,6877246482
4353,18476360,21863978,40340338,8,0,0,6144,17,2385880241
4354,18478270,22974789,41453059,1,0,0,15872,15,6996543226
4355,18487120,22210130,40697250,3,0,0,2048,1,6440747405
4356,18487670,22084256,40571926,6,0,0,25600,13,1350206047
4357,18488070,22499088,40987158,4,0,0,40448,16,5626638512
4358,18493250,40787487,59280737,2,0,1,16896,12,530074202
4359,18493740,22029687,40523427,0,0,0,18432,2,1696884482
4360,18500150,22105126,40605276,4,0,0,75776,16,3022618497
4361,18500670,22195933,40696603,5,0,0,94720,13,2618431393
4362,18501270,21988105,40489375,1,0,0,3584,15,4368560497
4363,18504540,40785505,59290045,3,0,1,14848,1,5612866438
4364,18510881,40810636,59321517,9,0,1,1536,13,9295116839
4365,18529490,22345141,40874631,6,0,0,49664,13,8620080649
4366,18544790,22114745,40659535,9,0,0,7680,13,1163559760
4367,18544961,40776579,59321540,5,0,1,1536,13,3243455758
4368,18546220,22062089,40608309,6,0,0,3072,13,6728956288
4369,18547530,22016573,40564103,9,0,0,19456,13,6320445100
4370,18550310,22267403,40817713,4,0,0,36864,16,8538887636
4371,18562441,40779292,59341733,1,0,1,1024,15,6234816811
4372,18569270,40774225,59343495,3,0,1,6656,1,1509606089
4373,18572880,22196757,40769637,0,0,0,20480,2,767829912
4374,18573770,22033580,40607350,7,0,0,3584,4,5095685001
4375,18575830,22398981,40974811,4,0,0,1024,16,8246633943
4376,18579320,22443616,41022936,9,0,0,7168,13,5947775133
4377,18580010,22454940,41034950,8,0,0,19968,17,1616210130
4378,18586630,22904303,41490933,6,0,0,12800,13,3677991404
4379,18596310,21979418,40575728,7,0,0,512,4,507581395
4380,18598580,22509193,41107773,5,0,0,4608,13,2574711316
4381,18598990,22554381,41153371,6,0,0,24064,13,2198931317
4382,18602710,22283956,40886666,4,0,0,39424,16,6320467060
4383,18604580,22640536,41245116,9,0,0,29184,13,8379368659
4384,18613710,23002861,41616571,5,0,0,12800,13,2660987375
4385,18615151,40728367,59343518,5,0,1,1024,13,283406894
4386,18619110,22487236,41106346,7,0,0,68096,4,5596836771
4387,18626581,40716960,59343541,9,0,1,5120,13,1559889318
4388,18627320,22512352,41139672,4,0,0,37888,16,6495446870
4389,18627400,22547032,41174432,6,0,0,48128,13,4489268074
4390,18628590,22667924,41296514,4,0,0,39936,16,3379467594
4391,18639380,22094016,40733396,0,0,0,1536,2,5744052431
4392,18642000,22140020,40782020,1,0,0,14336,15,5180457259
4393,18646240,22099774,40746014,9,0,0,8192,13,3785227082
4394,18646780,22655217,41301997,7,0,0,3584,4,1484897767
4395,18649130,22656999,41306129,5,0,0,8192,13,6783345458
4396,18669000,22615323,41284323,8,0,0,27648,17,131131004
4397,18671070,22532192,41203262,5,0,0,3584,13,9765112011
4398,18671170,22456935,41128105,0,0,0,14848,2,4337177575
4399,18673831,40755556,59429387,6,0,1,13312,13,5646752116
4400,18673851,40779058,59452909,9,0,1,12800,13,1436073590
4401,18686670,22422218,41108888,1,0,0,3584,15,9494923775
4402,18690379,22782264,41472643,2,0,0,28160,12,680604103
4403,18691480,22582831,41274311,5,0,0,95744,13,5347461237
4404,18691999,22637430,41329429,2,0,0,23040,12,5832670448
4405,18695790,40835264,59531054,2,0,1,2048,12,803315826
4406,18697420,22487487,41184907,5,0,0,34304,13,6789358025
4407,18706020,40825057,59531077,3,0,1,9216,1,6927452936
4408,18706530,22776123,41482653,9,0,0,15872,13,8749550560
4409,18714169,40822547,59536716,7,0,1,3584,4,9823601469
4410,18715390,22470476,41185866,9,0,0,3072,13,9893670196
4411,18715520,22789067,41504587,4,0,0,27136,16,8300315367
4412,18720420,22115048,40835468,8,0,0,13312,17,9044454976
4413,18728430,22778556,41506986,0,0,0,3584,2,5869024800
4414,18730150,23134083,41864233,8,0,0,48128,17,250153233
4415,18732980,22879668,41612648,4,0,0,29184,16,6702245680
4416,18737360,22938763,41676123,0,0,0,12288,2,3088190954
4417,18749930,40821900,59571830,3,0,1,3584,1,10200793661
4418,18750500,22485701,41236201,7,0,0,72192,4,9579720554
4419,18758890,22808578,41567468,4,0,0,16896,16,8044234230
4420,18762770,22768944,41531714,9,0,0,20480,13,6458716893
4421,18768740,22589071,41357811,1,0,0,27648,15,6832846162
4422,18775670,22666891,41442561,6,0,0,12288,13,635140240
4423,18789829,22486047,41275876,2,0,0,1024,12,9616631485
4424,18792670,23056868,41849538,6,0,0,20480,13,5976462986
4425,18792880,40964776,59757656,2,0,1,12800,12,10042437264
4426,18807440,22216478,41023918,0,0,0,3072,2,1608051282
4427,18808270,22842875,41651145,8,0,0,15872,17,6456443754
4428,18814800,22308065,41122865,1,0,0,18944,15,4008596528
4429,18818650,22900824,41719474,8,0,0,4608,17,7797043084
4430,18820190,22705261,41525451,7,0,0,26112,4,7592860027
4431,18823229,22475040,41298269,2,0,0,5632,12,1307707329
4432,18834980,40922699,59757679,3,0,1,1024,1,1943290849
4433,18838500,22276183,41114683,5,0,0,18944,13,3554736204
4434,18839170,22798076,41637246,3,0,0,4608,1,5800144876
4435,18844221,40913816,59758037,9,0,1,512,13,7872317187
4436,18847709,22977073,41824782,2,0,0,53248,12,3945083016
4437,18851301,40906759,59758060,6,0,1,11776,13,10353498561
4438,18852420,23062226,41914646,6,0,0,18944,13,6645876596
4439,18854480,22695142,41549622,9,0,0,22528,13,2110242343
4440,18858440,22417101,41275541,3,0,0,3072,1,3967600992
4441,18860060,41003499,59863559,8,0,1,16384,17,1314686098
4442,18860250,22488035,41348285,1,0,0,28160,15,1499388260
4443,18860341,41142658,60002999,6,0,1,23040,13,2863346113
4444,18862400,23080060,41942460,0,0,0,50176,2,5136473525
4445,18863080,22535395,41398475,7,0,0,7680,4,8543322655
4446,18866530,22473152,41339682,3,0,0,28672,1,5182148902
4447,18875440,22967835,41843275,4,0,0,17920,16,10263133333
4448,18876670,23048663,41925333,0,0,0,5120,2,100299037
4449,18879280,22838744,41718024,3,0,0,26624,1,4321306620
4450,18879770,22958014,41837784,1,0,0,25600,15,3144409231
4451,18880870,22722863,41603733,3,0,0,39936,1,7412455748
4452,18881350,22521397,41402747,9,0,0,1536,13,7514339874
4453,18888000,22758263,41646263,4,0,0,15360,16,5472222775
4454,18888170,22560030,41448200,5,0,0,18432,13,10120045205
4455,18890250,22408986,41299236,1,0,0,3072,15,8119299264
4456,18894100,22674639,41568739,8,0,0,4096,17,5498846458
4457,18899180,23048139,41947319,3,0,0,15872,1,330861210
4458,18902090,22372400,41274490,9,0,0,512,13,8065594983
4459,18909080,22712038,41621118,0,0,0,14848,2,3127789623
4460,18916060,23105520,42021580,1,0,0,20992,15,568881795
4461,18923730,22852439,41776169,4,0,0,32256,16,2752087323
4462,18930040,41088721,60018761,2,0,1,512,12,6917466376
4463,18931121,41090546,60021667,9,0,1,4608,13,9792810331
4464,18933760,22934240,41868000,0,0,0,12288,2,5686455830
4465,18934720,22694786,41629506,0,0,0,24576,2,1773923524
4466,18936320,23336505,42272825,1,0,0,7168,15,8255564710
4467,18937760,23238560,42176320,0,0,0,8704,2,5353389468
4468,18939411,41192340,60131751,5,0,1,18944,13,7901662348
4469,18942840,22531230,41474070,3,0,0,4608,1,4592742266
4470,18943800,23397838,42341638,7,0,0,3584,4,2913615029
4471,18944850,23013280,41958130,1,0,0,25600,15,9350670485
4472,18944891,41248079,60192970,9,0,1,4608,13,5374169178
4473,18945720,22616577,41562297,0,0,0,14848,2,10588462697
4474,18948161,41244832,60192993,6,0,1,1024,13,5839031401
4475,18951990,23196540,42148530,7,0,0,17408,4,2790277289
4476,18952550,23126138,42078688,5,0,0,47104,13,9894577220
4477,18954690,23262976,42217666,3,0,0,33280,1,7884531020
4478,18971240,23208459,42179699,3,0,0,9216,1,6308112986
4479,18972150,23198539,42170689,9,0,0,37888,13,7855539879
4480,18972630,22933078,41905708,1,0,0,30208,15,1862196900
4481,18973450,23161907,42135357,7,0,0,74240,4,8138196170
4482,18973900,41219116,60193016,0,0,1,12288,2,1547891837
4483,18978700,22688855,41667555,3,0,0,19456,1,7494381057
4484,18981569,23045494,42027063,2,0,0,17920,12,4294938954
4485,18984500,22845453,41829953,6,0,0,16896,13,3642076980
4486,18985560,22930981,41916541,0,0,0,6144,2,2244943948
4487,18991100,22786808,41777908,8,0,0,5632,17,9053316502
4488,19000670,23007003,42007673,1,0,0,23552,15,7979082495
4489,19001100,23391440,42392540,7,0,0,146432,4,5807446622
4490,19001580,23104715,42106295,7,0,0,18432,4,9944812555
4491,19010120,41210458,60220578,2,0,1,1536,12,5355938609
4492,19010620,41210944,60221564,3,0,1,1536,1,7253648444
4493,19025030,22698052,41723082,3,0,0,2048,1,9857728581
4494,19032180,23214321,42246501,0,0,0,53760,2,5581531841
4495,19032270,41292321,60324591,8,0,1,76288,17,8375903930
4496,19036330,23414842,42451172,1,0,0,9216,15,7288794506
4497,19043940,23415637,42459577,0,0,0,15872,2,4684171759
4498,19044960,22833180,41878140,5,0,0,10752,13,5331468360
4499,19045730,23719068,42764798,0,0,0,77824,2,6880837000
4500,19048950,23382988,42431938,6,0,0,57856,13,5118769544
4501,19053479,23217139,42270618,2,0,0,15360,12,3797583965
4502,19057959,23289942,42347901,2,0,0,20480,12,7841506890
4503,19066520,23195464,42261984,7,0,0,50688,4,6636651943
4504,19070410,23440191,42510601,4,0,0,22016,16,8902941912
4505,19083190,23060013,42143203,7,0,0,25600,4,5525589046
4506,19087660,23516826,42604486,0,0,0,22016,2,10665604256
4507,19088060,23024654,42112714,6,0,0,20992,13,4077267853
4508,19095431,41234518,60329949,5,0,1,5120,13,6059087757
4509,19096060,23532040,42628100,4,0,0,2048,16,4028104439
4510,19096421,41241925,60338346,6,0,1,12800,13,7299092382
4511,19097760,23307516,42405276,9,0,0,4096,13,82941757
4512,19105330,22803521,41908851,5,0,0,10240,13,9310703104
4513,19106690,23761683,42868373,5,0,0,13824,13,607092332
4514,19107270,23216850,42324120,6,0,0,40448,13,20501169
4515,19107989,22931109,42039098,2,0,0,39424,12,2949993174
4516,19110870,23229653,42340523,3,0,0,53760,1,1734654008
4517,19112190,23833334,42945524,3,0,0,38400,1,5828709054
4518,19114500,23412196,42526696,9,0,0,14848,13,7035643543
4519,19116060,41387090,60503150,3,0,1,8192,1,4343670451
4520,19122920,23417371,42540291,7,0,0,44544,4,9707409155
4521,19125530,23682106,42807636,3,0,0,1536,1,8924466822
4522,19127790,22740857,41868647,0,0,0,2048,2,3873801870
4523,19139420,23314115,42453535,5,0,0,7680,13,4094214658
4524,19147460,23058261,42205721,6,0,0,16896,13,10538687314
4525,19152059,23589004,42741063,2,0,0,17408,12,7925079610
4526,19152370,23122506,42274876,1,0,0,6656,15,2730536987
4527,19152770,23466771,42619541,6,0,0,47616,13,3535235085
4528,19154590,23044176,42198766,5,0,0,5632,13,2864531133
4529,19156880,41347243,60504123,2,0,1,12800,12,3263827453
4530,19157600,41374228,60531828,2,0,1,6144,12,363507845
4531,19157970,41435436,60593406,0,0,1,7168,2,1309677906
4532,19158790,23152983,42311773,0,0,0,49152,2,10141880082
4533,19160500,24249594,43410094,1,0,0,22016,15,2193191391
4534,19161740,23104167,42265907,8,0,0,12800,17,8173697911
4535,19170790,23277551,42448341,6,0,0,53760,13,8663868078
4536,19171060,23961100,43132160,6,0,0,56320,13,3179062461
4537,19174860,41495909,60670769,0,0,1,52736,2,7945458787
4538,19176669,23936544,43113213,2,0,0,12800,12,10628316664
4539,19179280,24112662,43291942,8,0,0,27136,17,1439761618
4540,19182050,23376440,42558490,5,0,0,7168,13,7300586933
4541,19184070,23218009,42402079,4,0,0,31232,16,33445435
4542,19184510,23713276,42897786,8,0,0,58880,17,9472758584
4543,19185839,23591774,42777613,2,0,0,41984,12,10362938059
4544,19188810,41519690,60708500,2,0,1,7680,12,8395979649
4545,19198060,41513961,60712021,2,0,1,4608,12,2884625357
4546,19198450,41518717,60717167,2,0,1,8192,12,6892276827
4547,19200890,23210025,42410915,9,0,0,18432,13,3414272323
4548,19204249,23839980,43044229,2,0,0,53248,12,2835423066
4549,19209610,24384006,43593616,5,0,0,90112,13,1890456678
4550,19217680,23268192,42485872,1,0,0,15360,15,6895996199
4551,19219870,23644268,42864138,3,0,0,10240,1,1017342490
4552,19225840,24091003,43316843,4,0,0,1536,16,7074718422
4553,19228630,23772219,43000849,5,0,0,44544,13,8016283484
4554,19239450,23709061,42948511,1,0,0,9728,15,1311530812
4555,19242900,23159826,42402726,0,0,0,2048,2,7604949186
4556,19243570,23427560,42671130,4,0,0,10752,16,8561356817
4557,19248149,41557032,60805181,7,0,1,2048,4,3029081549
4558,19249590,41961690,61211280,8,0,1,199168,17,4883175831
4559,19253671,42003528,61257199,6,0,1,5632,13,6792727337
4560,19261410,23253582,42514992,1,0,0,14336,15,6100311159
4561,19266850,23906492,43173342,3,0,0,1024,1,6077854984
4562,19272400,23246211,42518611,1,0,0,11776,15,924365262
4563,19277270,42191774,61469044,8,0,1,100864,17,7447995346
4564,19277300,23583695,42860995,3,0,0,34304,1,1240792761
4565,19281930,23130412,42412342,6,0,0,4608,13,4384578440
4566,19285180,23118825,42404005,0,0,0,4096,2,1329162663
4567,19290220,23526800,42817020,6,0,0,29696,13,8932386781
4568,19293770,23183390,42477160,5,0,0,24576,13,3715784031
4569,19301459,42188547,61490006,7,0,1,1536,4,905684937
4570,19307240,23759200,43066440,9,0,0,9216,13,7438306304
4571,19307900,23972764,43280664,6,0,0,49664,13,5150911487
4572,19313030,23714952,43027982,7,0,0,10240,4,6556290702
4573,19316511,42185076,61501587,6,0,1,9728,13,9002078731
4574,19316921,42184689,61501610,6,0,1,2560,13,2366776045
4575,19326540,23604702,42931242,6,0,0,10240,13,7825248026
4576,19327910,24274153,43602063,4,0,0,27648,16,10038649704
4577,19339310,24353360,43692670,4,0,0,29696,16,9267592409
4578,19350111,42184001,61534112,5,0,1,12288,13,9533583068
4579,19353490,23671341,43024831,6,0,0,23552,13,5925391672
4580,19367000,23299437,42666437,5,0,0,25088,13,7929492544
4581,19369080,23787091,43156171,7,0,0,21504,4,764422769
4582,19371379,42188737,61560116,7,0,1,9728,4,7449032060
4583,19377020,23358716,42735736,5,0,0,63488,13,5507733362
4584,19377399,42195297,61572696,7,0,1,3072,4,2359405873
4585,19386119,24441134,43827253,2,0,0,74240,12,8526591121
4586,19391029,23660578,43051607,2,0,0,8192,12,5696222586
4587,19408410,23507549,42915959,7,0,0,48640,4,6741527408
4588,19411659,23395486,42807145,2,0,0,39936,12,1932333137
4589,19412170,23263239,42675409,6,0,0,5632,13,2694852922
4590,19416019,23808608,43224627,2,0,0,16896,12,1612450066
4591,19417880,23894529,43312409,0,0,0,67072,2,9385085628
4592,19418490,23432030,42850520,8,0,0,6144,17,8744393506
4593,19420399,23628689,43049088,2,0,0,15872,12,6202773253
4594,19429749,23438803,42868552,2,0,0,512,12,8924224587
4595,19434920,24404235,43839155,0,0,0,14848,2,8221337867
4596,19439860,42132859,61572719,2,0,1,3072,12,10553704389
4597,19440541,42132209,61572750,6,0,1,5632,13,7797472160
4598,19445670,42136724,61582394,0,0,1,25088,2,9080266464
4599,19446830,23337701,42784531,7,0,0,8192,4,2079191774
4600,19447360,23334652,42782012,8,0,0,14336,17,8424894158
4601,19449990,23429825,42879815,6,0,0,36864,13,8678996668
4602,19459520,23441565,42901085,0,0,0,10752,2,8749807459
4603,19461900,42156462,61618362,0,0,1,9216,2,9094388112
4604,19465750,42192711,61658461,8,0,1,24064,17,5762637187
4605,19476590,42184137,61660727,2,0,1,3584,12,6240108532
4606,19479590,24174582,43654172,9,0,0,36352,13,8561199062
4607,19479780,23507474,42987254,8,0,0,51200,17,5935233619
4608,19484500,42176893,61661393,0,0,1,1024,2,8976881958
4609,19485620,23532012,43017632,9,0,0,3072,13,10204415929
4610,19490920,23771066,43261986,3,0,0,28672,1,9683355444
4611,19496340,42191775,61688115,7,0,1,29184,4,8705150421
4612,19497300,24307310,43804610,8,0,0,87040,17,6554764700
4613,19500810,23501044,43001854,0,0,0,1536,2,4339502787
4614,19504410,42184371,61688781,2,0,1,11264,12,7306021020
4615,19516790,24358562,43875352,1,0,0,5120,15,9411070205
4616,19523040,42262942,61785982,8,0,1,34304,17,7405535888
4617,19529650,23782938,43312588,8,0,0,512,17,10587612949
4618,19531460,23417542,42949002,8,0,0,1536,17,3168514388
4619,19533210,23830151,43363361,6,0,0,14848,13,1534070781
4620,19537270,23918816,43456086,6,0,0,32768,13,1015904939
4621,19542190,42333494,61875684,8,0,1,79360,17,6495776734
4622,19543750,24330019,43873769,5,0,0,57344,13,3367230433
4623,19549910,23699690,43249600,0,0,0,13312,2,6839486315
4624,19550670,23450670,43001340,9,0,0,1536,13,320504972
4625,19572600,23595010,43167610,0,0,0,9216,2,8309299087
4626,19574750,23534540,43109290,3,0,0,19456,1,3649795460
4627,19575510,42301160,61876670,8,0,1,1536,17,4330221188
4628,19575889,23515837,43091726,2,0,0,8704,12,6263342187
4629,19576370,24186347,43762717,4,0,0,107008,16,7275426470
4630,19578330,42306056,61884386,3,0,1,3072,1,7880570161
4631,19578990,24467506,44046496,4,0,0,10752,16,7563491281
4632,19580831,42308740,61889571,5,0,1,24576,13,10332337734
4633,19584980,24574769,44159749,6,0,0,6144,13,3013294553
4634,19588560,23695091,43283651,3,0,0,9728,1,774095201
4635,19590040,24347842,43937882,8,0,0,28160,17,8837872249
4636,19590641,42399637,61990278,5,0,1,3584,13,9383331392
4637,19597530,23552066,43149596,1,0,0,26112,15,1060519490
4638,19598860,42392242,61991102,2,0,1,2048,12,3866924926
4639,19599660,24256591,43856251,6,0,0,30720,13,9991608515
4640,19606699,24357799,43964498,2,0,0,23552,12,7205460540
4641,19607450,23612006,43219456,0,0,0,5120,2,614143853
4642,19607689,23532542,43140231,2,0,0,11264,12,7603371318
4643,19608760,23791919,43400679,5,0,0,16896,13,8100944928
4644,19610110,24458098,44068208,5,0,0,43008,13,8061703972
4645,19618880,24376896,43995776,3,0,0,50688,1,5571354772
4646,19618899,24675035,44293934,2,0,0,87040,12,9720390463
4647,19621290,42428187,62049477,3,0,1,2560,1,4358929342
4648,19622560,24005195,43627755,5,0,0,13824,13,2574228513
4649,19627960,24264206,43892166,5,0,0,2048,13,4464763672
4650,19631180,24011870,43643050,3,0,0,28160,1,4925089998
4651,19633810,23890391,43524201,9,0,0,48128,13,9638844468
4652,19634150,24720449,44354599,8,0,0,21504,17,9370577090
4653,19635590,24617645,44253235,6,0,0,19456,13,6271857595
4654,19637720,24400770,44038490,4,0,0,13312,16,8873241200
4655,19643080,24075822,43718902,1,0,0,8192,15,3975414564
4656,19647090,23711724,43358814,8,0,0,26624,17,5184133170
4657,19650041,42399459,62049500,9,0,1,5632,13,7507782512
4658,19651240,24452342,44103582,7,0,0,10240,4,6547074421
4659,19652900,24304376,43957276,5,0,0,62976,13,1739779062
4660,19653720,24193125,43846845,7,0,0,24576,4,9106470751
4661,19654680,24559491,44214171,5,0,0,77312,13,2571882230
4662,19658110,24785615,44443725,6,0,0,86016,13,4365679955
4663,19659740,24859127,44518867,6,0,0,29696,13,4551980774
4664,19660410,23763591,43424001,0,0,0,45568,2,840261096
4665,19665090,24980120,44645210,0,0,0,33792,2,2540340729
4666,19668830,23996314,43665144,8,0,0,15360,17,8676015182
4667,19673740,24103830,43777570,4,0,0,39424,16,10399076334
4668,19685630,23880507,43566137,6,0,0,20480,13,5850861443
4669,19692750,24188124,43880874,5,0,0,17920,13,10540032972
4670,19694070,23786093,43480163,6,0,0,36864,13,9747267943
4671,19695641,42353882,62049523,1,0,1,3072,15,2834910705
4672,19700460,23801710,43502170,1,0,0,2048,15,6012435571
4673,19704199,24367152,44071351,2,0,0,10240,12,10320957561
4674,19705971,42343575,62049546,5,0,1,6144,13,3775449085
4675,19711420,24790085,44501505,4,0,0,109568,16,10186330909
4676,19712950,24466060,44179010,3,0,0,5120,1,7041371903
4677,19714650,24437131,44151781,4,0,0,10240,16,9579543526
4678,19715141,42573899,62289040,9,0,1,136704,13,8310454840
4679,19715350,24794446,44509796,8,0,0,27136,17,2742417432
4680,19715540,24892862,44608402,0,0,0,37888,2,355592005
4681,19718350,24629674,44348024,8,0,0,74752,17,3797620235
4682,19720690,24582525,44303215,6,0,0,13824,13,4887544332
4683,19721700,24865611,44587311,5,0,0,6144,13,4908300411
4684,19724220,24110388,43834608,3,0,0,24064,1,8527504466
4685,19726810,24112524,43839334,0,0,0,512,2,8761548293
4686,19730230,25013204,44743434,7,0,0,50176,4,5554318646
4687,19738460,24505199,44243659,6,0,0,8192,13,2504789231
4688,19740670,24987453,44728123,0,0,0,17408,2,6776828420
4689,19746700,42542550,62289250,2,0,1,9728,12,9552575669
4690,19747210,24975586,44722796,6,0,0,22016,13,1702009441
4691,19756800,42791124,62547924,8,0,1,164864,17,9915506819
4692,19761210,25031259,44792469,0,0,0,71168,2,7127293867
4693,19766620,25098474,44865094,5,0,0,44544,13,8909866800
4694,19769040,42781768,62550808,3,0,1,512,1,539112357
4695,19771330,23992213,43763543,4,0,0,2560,16,9435290967
4696,19771440,25407307,45178747,4,0,0,27648,16,144104054
4697,19780830,25098574,44879404,1,0,0,9728,15,8069665627
4698,19785310,42768404,62553714,7,0,1,4608,4,3248714245
4699,19785761,42815162,62600923,1,0,1,19968,15,4490658238
4700,19788861,42833470,62622331,1,0,1,27648,15,10330135871
4701,19795120,24511105,44306225,7,0,0,6656,4,3336565998
4702,19795790,25089049,44884839,8,0,0,10240,17,10473120228
4703,19802190,24273396,44075586,1,0,0,13824,15,6995629337
4704,19804860,24295579,44100439,0,0,0,9216,2,1979274732
4705,19808360,24366367,44174727,1,0,0,18432,15,7378211961
4706,19811640,24752727,44564367,6,0,0,27136,13,5801314218
4707,19813180,24652571,44465751,8,0,0,26112,17,5220848022
4708,19814320,24413134,44227454,7,0,0,43520,4,5307207585
4709,19816020,24945819,44761839,6,0,0,32768,13,6174778557
4710,19816740,25211446,45028186,9,0,0,23040,13,3519968318
4711,19818230,25495327,45313557,9,0,0,58880,13,9336638025
4712,19822740,24265833,44088573,3,0,0,29184,1,5491653449
4713,19826470,25399117,45225587,6,0,0,24576,13,661410632
4714,19831950,24182859,44014809,0,0,0,11776,2,6505891017
4715,19845600,25612081,45457681,5,0,0,15872,13,2428256941
4716,19856280,24159644,44015924,0,0,0,3584,2,2623074689
4717,19857350,25221727,45079077,8,0,0,22016,17,3465640627
4718,19859920,25862706,45722626,1,0,0,45568,15,9318925677
4719,19866951,42802285,62669236,1,0,1,13824,15,713795527
4720,19867380,42810279,62677659,7,0,1,5120,4,9100510328
4721,19869610,42983475,62853085,8,0,1,154112,17,690994206
4722,19876670,24427504,44304174,1,0,0,3072,15,1046755400
4723,19877710,25729005,45606715,6,0,0,93696,13,7476283559
4724,19882310,25250907,45133217,5,0,0,151040,13,10632767568
4725,19882320,24922120,44804440,8,0,0,18432,17,359420238
4726,19884520,24656228,44540748,8,0,0,2048,17,2305921712
4727,19893280,25454284,45347564,9,0,0,26112,13,6913621336
4728,19915010,25157107,45072117,1,0,0,109568,15,2026482090
4729,19917410,24792026,44709436,1,0,0,13312,15,2278001156
4730,19921650,42966894,62888544,3,0,1,4096,1,3906714201
4731,19923370,24375602,44298972,8,0,0,16384,17,4995192504
4732,19926050,24872751,44798801,0,0,0,9728,2,5034257400
4733,19928460,24380535,44308995,1,0,0,8192,15,1123147895
4734,19933540,25223379,45156919,5,0,0,31232,13,660279462
4735,19945350,24895209,44840559,3,0,0,1536,1,3369346242
4736,19948540,25520353,45468893,8,0,0,23040,17,5399700202
4737,19949251,42940279,62889530,1,0,1,1536,15,1945344289
4738,19952700,25453775,45406475,6,0,0,31232,13,9263176452
4739,19956230,24960577,44916807,9,0,0,14336,13,659172844
4740,19964381,42925303,62889684,1,0,1,8704,15,8931886570
4741,19965810,24479810,44445620,9,0,0,6144,13,2109687429
4742,19967131,42945745,62912876,5,0,1,9728,13,8440070635
4743,19970730,24437968,44408698,3,0,0,2048,1,1043242019
4744,19974181,42943880,62918061,1,0,1,16384,15,2892874685
4745,19981160,25313475,45294635,0,0,0,61952,2,1873663206
4746,19982340,25160618,45142958,3,0,0,10240,1,8880855927
4747,19988751,42991144,62979895,6,0,1,12288,13,682356747
4748,19991860,26025798,46017658,6,0,0,35840,13,2897782452
4749,19993900,24364021,44357921,7,0,0,10752,4,9615268758
4750,19996370,25636443,45632813,9,0,0,81920,13,5356711509
4751,19996710,25757628,45754338,9,0,0,6656,13,6405237961
4752,19997610,25246255,45243865,8,0,0,18944,17,1101325836
4753,19998641,43548113,63546754,9,0,1,420352,13,8484445249
4754,19999210,25490683,45489893,0,0,0,26624,2,8062493517
4755,20004620,24944989,44949609,3,0,0,25600,1,5855884449
4756,20010480,25996235,46006715,1,0,0,78848,15,1440132931
4757,20015880,25834625,45850505,1,0,0,86528,15,10278553605
4758,20017410,26215094,46232504,4,0,0,47616,16,8938587538
4759,20025030,26132607,46157637,0,0,0,20992,2,7357454267
4760,20025250,25830738,45855988,7,0,0,17920,4,8857323751
4761,20037880,26048592,46086472,5,0,0,25088,13,791479761
4762,20038390,25257204,45295594,9,0,0,3072,13,9342498607
4763,20043350,26273082,46316432,5,0,0,45568,13,4276421319
4764,20043490,25497122,45540612,9,0,0,43520,13,8438470386
4765,20049620,24876049,44925669,7,0,0,27648,4,9275551486
4766,20056690,25595848,45652538,7,0,0,27648,4,2734940927
4767,20058140,26020665,46078805,4,0,0,10240,16,1264542948
4768,20063760,25292125,45355885,9,0,0,6656,13,8206007252
4769,20064210,25075605,45139815,4,0,0,12288,16,254244608
4770,20070500,25456806,45527306,3,0,0,68608,1,2439230343
4771,20076281,43509127,63585408,9,0,1,42496,13,10010788158
4772,20078890,43555712,63634602,8,0,1,61440,17,2394355723
4773,20081140,25851917,45933057,7,0,0,29696,4,1959788018
4774,20081340,24896775,44978115,5,0,0,2048,13,9858717734
4775,20085390,25239913,45325303,3,0,0,10752,1,6964694636
4776,20086870,25665417,45752287,3,0,0,22016,1,977172993
4777,20087310,25299169,45386479,1,0,0,27136,15,535510739
4778,20090660,24705108,44795768,3,0,0,10752,1,9001047326
4779,20091529,25285362,45376891,2,0,0,46080,12,7395122178
4780,20093620,26313688,46407308,7,0,0,34304,4,9022143947
4781,20096900,25580176,45677076,9,0,0,80384,13,4630074399
4782,20098600,25466550,45565150,3,0,0,80384,1,10647896172
4783,20105150,43576968,63682118,8,0,1,37376,17,1927038481
4784,20105230,25040247,45145477,4,0,0,8192,16,7646199881
4785,20105990,25623078,45729068,1,0,0,11264,15,5841995573
4786,20115691,43575232,63690923,5,0,1,1024,13,10133701415
4787,20123170,25914295,46037465,6,0,0,12288,13,6494178896
4788,20126940,25598673,45725613,4,0,0,9728,16,9645155981
4789,20126990,25144035,45271025,0,0,0,11264,2,3360185910
4790,20128330,25193674,45322004,1,0,0,27648,15,852407969
4791,20132170,25143558,45275728,7,0,0,15360,4,7307215153
4792,20135340,25442804,45578144,0,0,0,29696,2,4900859520
4793,20137130,25279025,45416155,8,0,0,11776,17,9038715584
4794,20142480,26272807,46415287,8,0,0,26112,17,10299329967
4795,20143570,26565048,46708618,1,0,0,66048,15,7343441999
4796,20149009,24998371,45147380,2,0,0,6144,12,3155767973
4797,20149440,26422449,46571889,5,0,0,89088,13,8585468099
4798,20151720,25995575,46147295,8,0,0,38912,17,8021368646
4799,20166769,25619135,45785904,2,0,0,86528,12,2038155047
4800,20171390,25632795,45804185,5,0,0,11264,13,9941914232
4801,20174660,25568939,45743599,9,0,0,47616,13,5369310240
4802,20177200,26647302,46824502,9,0,0,512,13,10347837129
4803,20179400,43869074,64048474,8,0,1,317440,17,5530231336
4804,20186100,25057944,45244044,5,0,0,512,13,2520438457
4805,20190560,25936037,46126597,0,0,0,9728,2,1323645555
4806,20190760,26607758,46798518,5,0,0,35840,13,2665728724
4807,20195440,24940608,45136048,9,0,0,9216,13,8621567354
4808,20205010,25045224,45250234,5,0,0,6656,13,3559017783
4809,20206030,43924285,64130315,8,0,1,63488,17,2920497129
4810,20206940,25868722,46075662,3,0,0,57856,1,8979546776
4811,20211630,25021255,45232885,8,0,0,2560,17,7004129169
4812,20213280,25430811,45644091,7,0,0,32768,4,1072876604
4813,20213520,25581813,45795333,9,0,0,15360,13,3278469459
4814,20217670,25581149,45798819,4,0,0,11264,16,1219793223
4815,20219870,26767787,46987657,3,0,0,22016,1,3578157735
4816,20220370,25599202,45819572,7,0,0,17408,4,7994924907
4817,20227150,25380680,45607830,3,0,0,3584,1,10238153660
4818,20229980,25629619,45859599,8,0,0,11776,17,3308480083
4819,20234740,26816803,47051543,1,0,0,11264,15,9195154883
4820,20237880,43892458,64130338,2,0,1,2560,12,4229475154
4821,20241610,25327463,45569073,1,0,0,12800,15,6733165585
4822,20242370,25503124,45745494,8,0,0,6144,17,3411550134
4823,20242650,25466069,45708719,1,0,0,39936,15,2265983244
4824,20243470,25634272,45877742,0,0,0,512,2,9685014376
4825,20245081,43885280,64130361,1,0,1,13824,15,8129812217
4826,20247240,25693319,45940559,4,0,0,23040,16,1139525969
4827,20252710,25443756,45696466,5,0,0,59904,13,6232292988
4828,20254470,25505047,45759517,1,0,0,16896,15,474625056
4829,20256980,43920287,64177267,2,0,1,19456,12,4830503830
4830,20258000,43923057,64181057,7,0,1,1024,4,9921377243
4831,20259910,26417765,46677675,0,0,0,6656,2,4503062261
4832,20264530,26973831,47238361,7,0,0,55808,4,7396949115
4833,20266939,43914141,64181080,7,0,1,19968,4,6257412420
4834,20270661,43910442,64181103,9,0,1,15872,13,8424915448
4835,20279930,27179707,47459637,3,0,0,49664,1,3109591760
4836,20281090,25504993,45786083,5,0,0,512,13,4329790952
4837,20281291,43899835,64181126,5,0,1,40448,13,9391081041
4838,20281700,43899457,64181157,2,0,1,4608,12,5690104721
4839,20285430,25913685,46199115,3,0,0,21504,1,1754275469
4840,20286290,25522338,45808628,3,0,0,8192,1,5911237519
4841,20295030,43886150,64181180,3,0,1,1024,1,2007610439
4842,20296020,25504694,45800714,5,0,0,6144,13,3798508130
4843,20299440,25378751,45678191,5,0,0,3584,13,5758279746
4844,20300180,25997737,46297917,1,0,0,22016,15,795582085
4845,20303350,25487280,45790630,0,0,0,14848,2,3004975106
4846,20305700,25328384,45634084,4,0,0,4096,16,9193766174
4847,20311020,25783751,46094771,7,0,0,7680,4,6819556420
4848,20313430,43944891,64258321,8,0,1,98304,17,10195677199
4849,20315150,25507253,45822403,1,0,0,9216,15,10673652737
4850,20316660,25844611,46161271,7,0,0,10240,4,1933617650
4851,20318340,26335993,46654333,9,0,0,23552,13,2060153932
4852,20323520,25865136,46188656,1,0,0,65024,15,637583446
4853,20324410,25698898,46023308,8,0,0,14848,17,564522394
4854,20324950,27268905,47593855,9,0,0,38912,13,2787406513
4855,20325380,26459036,46784416,6,0,0,152576,13,2459002696
4856,20328610,26180769,46509379,9,0,0,20992,13,4101161103
4857,20336370,25900369,46236739,9,0,0,13824,13,9724391731
4858,20339880,26532385,46872265,8,0,0,45568,17,1848470342
4859,20343480,25553573,45897053,5,0,0,22528,13,559595585
4860,20345161,43923522,64268683,1,0,1,12800,15,1588505333
4861,20348450,25709561,46058011,9,0,0,32256,13,256394191
4862,20349620,25625250,45974870,7,0,0,43520,4,4103861680
4863,20353450,26449303,46802753,4,0,0,13824,16,5535293732
4864,20353510,43938134,64291644,8,0,1,19456,17,64327241
4865,20355250,44088004,64443254,8,0,1,121856,17,1941289522
4866,20356811,44143822,64500633,1,0,1,2048,15,3047784775
4867,20360960,26540679,46901639,0,0,0,80896,2,1776219233
4868,20374719,27309454,47684173,2,0,0,31744,12,3367525038
4869,20375160,25713683,46088843,7,0,0,7680,4,1626270769
4870,20379010,25497124,45876134,9,0,0,512,13,7319843261
4871,20379690,25874411,46254101,3,0,0,34816,1,1218800709
4872,20380001,44125689,64505690,1,0,1,18944,15,9098809711
4873,20380770,25731698,46112468,0,0,0,10752,2,9846524191
4874,20384639,25898192,46282831,2,0,0,7168,12,7024722011
4875,20390300,25853170,46243470,9,0,0,22016,13,10491992850
4876,20390950,44116366,64507316,3,0,1,2560,1,4518762071
4877,20396390,44140333,64536723,0,0,1,512,2,8308734607
4878,20405940,26241095,46647035,5,0,0,22528,13,610614893
4879,20416390,26564536,46980926,8,0,0,56320,17,2591751193
4880,20423620,25857004,46280624,0,0,0,24064,2,9687124939
4881,20438230,44098516,64536746,7,0,1,9728,4,9878542970
4882,20439060,25719068,46158128,5,0,0,1536,13,8194659001
4883,20440810,25930246,46371056,5,0,0,1024,13,6828419031
4884,20448460,25752563,46201023,6,0,0,2560,13,10145622145
4885,20456160,26331399,46787559,0,0,0,10240,2,936342277
4886,20457020,25588465,46045485,8,0,0,4608,17,9878079887
4887,20458490,25589670,46048160,3,0,0,8704,1,10675777445
4888,20465360,44086523,64551883,2,0,1,2560,12,942273893
4889,20471550,25652060,46123610,1,0,0,24064,15,1081620414
4890,20473460,26242045,46715505,8,0,0,22528,17,10080574782
4891,20477750,25953027,46430777,4,0,0,40448,16,4479707918
4892,20487429,25615154,46102583,2,0,0,3072,12,1622990413
4893,20488460,25662758,46151218,1,0,0,12800,15,9022637609
4894,20488660,25769208,46257868,8,0,0,12288,17,4276065483
4895,20491270,26236137,46727407,4,0,0,17408,16,7521632650
4896,20492410,44064349,64556759,2,0,1,24064,12,10614668432
4897,20497520,44059932,64557452,0,0,1,2048,2,5154202945
4898,20505500,25997460,46502960,9,0,0,25600,13,2324099249
4899,20507171,44090600,64597771,9,0,1,24576,13,6756663087
4900,20509480,26367488,46876968,1,0,0,15360,15,5786278113
4901,20513790,25748157,46261947,5,0,0,13312,13,6805879604
4902,20514101,44083701,64597802,5,0,1,4608,13,3343610390
4903,20514970,44082855,64597825,8,0,1,6144,17,7127645775
4904,20516210,27202181,47718391,6,0,0,16896,13,8738657746
4905,20517230,27029719,47546949,7,0,0,64000,4,9500704917
4906,20518660,26547882,47066542,9,0,0,49152,13,7585151460
4907,20522400,26681385,47203785,8,0,0,56320,17,6774030287
4908,20523530,25894900,46418430,4,0,0,10240,16,2518430632
4909,20525141,44073978,64599119,9,0,1,1536,13,9366021196
4910,20525600,25912719,46438319,0,0,0,23040,2,8850191901
4911,20528410,25838419,46366829,3,0,0,3584,1,8333759641
4912,20531939,25899329,46431268,2,0,0,1536,12,7180047386
4913,20532380,26299233,46831613,3,0,0,17920,1,8178670656
4914,20535950,25828199,46364149,8,0,0,17920,17,5360328587
4915,20537801,44061341,64599142,1,0,1,512,15,3243544675
4916,20538149,26478601,47016750,2,0,0,33280,12,1157576779
4917,20544510,44054663,64599173,7,0,1,4608,4,10341232402
4918,20546090,27267215,47813305,4,0,0,39936,16,2678592202
4919,20553749,26294579,46848328,2,0,0,54784,12,5357125755
4920,20558240,27110593,47668833,8,0,0,33280,17,6307772351
4921,20565770,26238566,46804336,0,0,0,5120,2,9311999037
4922,20566180,26677989,47244169,0,0,0,18432,2,5150813151
4923,20566620,26867052,47433672,0,0,0,3072,2,9531763178
4924,20570280,26151800,46722080,7,0,0,21504,4,4418143213
4925,20571930,25886365,46458295,5,0,0,8192,13,10159037085
4926,20573030,27023968,47596998,6,0,0,10240,13,3753917922
4927,20576050,26018985,46595035,8,0,0,1024,17,588487587
4928,20585230,26634802,47220032,0,0,0,53248,2,5653372198
4929,20586250,26565280,47151530,7,0,0,79360,4,4763244054
4930,20589180,27348715,47937895,0,0,0,4096,2,6412750013
4931,20593019,26144886,46737905,2,0,0,23040,12,4516421839
4932,20594660,44043142,64637802,2,0,1,48128,12,3403408554
4933,20604890,27432551,48037441,7,0,0,32256,4,2047092430
4934,20610761,44069164,64679925,9,0,1,8704,13,8580529588
4935,20611500,26798876,47410376,0,0,0,120832,2,5487712668
4936,20623279,25951909,46575188,2,0,0,10752,12,8274557473
4937,20637040,26548768,47185808,0,0,0,55808,2,6766981537
4938,20643390,27206914,47850304,9,0,0,63488,13,1403202628
4939,20648000,26210023,46858023,9,0,0,31744,13,6817565696
4940,20652340,26078522,46730862,4,0,0,11264,16,4394944300
4941,20655241,44029830,64685071,6,0,1,8192,13,4909898948
4942,20658150,26786332,47444482,1,0,0,35328,15,9533072068
4943,20659730,25942977,46602707,0,0,0,3072,2,1305896341
4944,20661730,44028628,64690358,7,0,1,16896,4,4356810297
4945,20677141,44045052,64722193,5,0,1,19456,13,7602847043
4946,20680740,27503966,48184706,0,0,0,46592,2,5304955827
4947,20684970,26426933,47111903,1,0,0,43008,15,10422333627
4948,20691350,44030866,64722216,2,0,1,6144,12,5427397252
4949,20692550,26867705,47560255,5,0,0,38400,13,9509706463
4950,20697640,26215679,46913319,4,0,0,10240,16,9443935245
4951,20698181,44024058,64722239,9,0,1,1024,13,9553497630
4952,20701570,44020692,64722262,8,0,1,512,17,10003118824
4953,20702021,44020541,64722562,1,0,1,7680,15,2111084540
4954,20702070,26304509,47006579,8,0,0,41984,17,6030806639
4955,20702100,26603719,47305819,8,0,0,109056,17,1067628345
4956,20702549,26330604,47033153,2,0,0,53760,12,10507780948
4957,20707750,27157740,47865490,6,0,0,16896,13,4531636640
4958,20712490,26145868,46858358,5,0,0,1024,13,10386235927
4959,20714060,44613258,65327318,2,0,1,333824,12,698259380
4960,20714460,27593308,48307768,7,0,0,29696,4,6025606334
4961,20717831,44675862,65393693,6,0,1,6656,13,6313297002
4962,20718240,27070407,47788647,5,0,0,27136,13,3248683480
4963,20718430,26449643,47168073,9,0,0,3584,13,9386406555
4964,20724330,27266648,47990978,7,0,0,15360,4,5329988192
4965,20727180,26704458,47431638,1,0,0,69632,15,4439947378
4966,20737190,27683165,48420355,6,0,0,40448,13,5423890309
4967,20746281,44653683,65399964,6,0,1,3072,13,4423354280
4968,20755110,27213733,47968843,5,0,0,19968,13,4450298317
4969,20760960,27154065,47915025,4,0,0,12288,16,8645800661
4970,20765380,27102498,47867878,1,0,0,4096,15,6721734511
4971,20769360,26224404,46993764,0,0,0,19968,2,8690323965
4972,20770800,26382671,47153471,9,0,0,6144,13,7313826045
4973,20772931,44690747,65463678,9,0,1,1536,13,10488128433
4974,20775100,27117761,47892861,8,0,0,35328,17,2562962925
4975,20780780,26288015,47068795,7,0,0,7168,4,4393113692
4976,20787640,27812783,48600423,0,0,0,29184,2,3983647400
4977,20797210,26552198,47349408,9,0,0,14848,13,5855169417
4978,20802850,44661289,65464139,8,0,1,10240,17,6798773483
4979,20803400,44663645,65467045,7,0,1,4608,4,4473091444
4980,20803520,26314208,47117728,7,0,0,2048,4,10143924368
4981,20803750,27211822,48015572,9,0,0,15872,13,550777070
4982,20814050,26751064,47565114,0,0,0,15872,2,3724563708
4983,20814140,26407186,47221326,6,0,0,4096,13,3627330878
4984,20818031,44653520,65471551,9,0,1,7168,13,9716075749
4985,20821070,26450263,47271333,8,0,0,16896,17,6359241056
4986,20821460,26657760,47479220,5,0,0,13824,13,2243273579
4987,20823820,44654277,65478097,3,0,1,6144,1,369694934
4988,20823980,26485161,47309141,1,0,0,5632,15,5677909796
4989,20824080,44655003,65479083,3,0,1,1536,1,2750417473
4990,20825810,26487433,47313243,9,0,0,13312,13,6908776704
4991,20826141,44654888,65481029,5,0,1,3072,13,5800376732
4992,20836460,44648755,65485215,0,0,1,6656,2,4762167124
4993,20836810,27062626,47899436,0,0,0,21504,2,909138430
4994,20838810,26476796,47315606,1,0,0,7680,15,5102933387
4995,20840590,26466812,47307402,4,0,0,5120,16,3262547113
4996,20844800,26620740,47465540,0,0,0,15872,2,6008271746
4997,20847740,44645890,65493630,0,0,1,2048,2,8344237518
4998,20848370,26584273,47432643,6,0,0,3072,13,9972042907
4999,20849360,26611259,47460619,9,0,0,3072,13,9833204741
5000,20851420,44642233,65493653,8,0,1,4608,17,5628924799
5001,20852610,44641066,65493676,3,0,1,3072,1,9753383655
5002,20859120,27127155,47986275,3,0,0,33280,1,6678085344
5003,20866750,27214535,48081285,7,0,0,11264,4,5919845867
5004,20868430,44662968,65531398,0,0,1,11776,2,4736827953
5005,20877840,26891192,47769032,4,0,0,11264,16,9840124613
5006,20886850,44666434,65553284,0,0,1,27648,2,5638922511
5007,20887140,26684267,47571407,3,0,0,15872,1,9475420445
5008,20894110,26930918,47825028,7,0,0,38400,4,9121675033
5009,20900340,44697165,65597505,3,0,1,2048,1,6974474328
5010,20907470,26567453,47474923,5,0,0,30720,13,3725466181
5011,20910850,27259637,48170487,0,0,0,60928,2,3508458601
5012,20914150,26851427,47765577,8,0,0,68096,17,4843624195
5013,20920720,44698352,65619072,8,0,1,14848,17,5690138119
5014,20922690,27217683,48140373,4,0,0,33792,16,3080501714
5015,20925451,44705359,65630810,1,0,1,23552,15,5504709916
5016,20926169,27566344,48492513,2,0,0,55808,12,8704944015
5017,20930410,44702666,65633076,0,0,1,3584,2,2274890900
5018,20930930,26645689,47576619,0,0,0,2560,2,9534388399
5019,20934920,27109876,48044796,4,0,0,24064,16,5123245246
5020,20935760,27321400,48257160,0,0,0,54784,2,3185761525
5021,20936550,26717019,47653569,7,0,0,10240,4,1391503112
5022,20943600,26835790,47779390,8,0,0,5120,17,85062018
5023,20945270,27107661,48052931,4,0,0,26624,16,937892976
5024,20955240,45051807,66007047,2,0,1,197120,12,1900362793
5025,20961050,27120831,48081881,3,0,0,1536,1,852722223
5026,20963400,27410907,48374307,7,0,0,77312,4,8718401524
5027,20965410,26583122,47548532,8,0,0,5120,17,6340681052
5028,20968970,27710748,48679718,6,0,0,62464,13,9846604166
5029,20972581,45036704,66009285,6,0,1,7168,13,374325258
5030,20974340,45502998,66477338,2,0,1,254976,12,5125479343
5031,20978430,27136489,48114919,3,0,0,38400,1,5347870071
5032,20978790,26938286,47917076,0,0,0,6656,2,4972476797
5033,20980370,45516105,66496475,2,0,1,8704,12,3653984437
5034,20987200,27998801,48986001,3,0,0,16384,1,10234921675
5035,20989031,45511950,66500981,5,0,1,7168,13,7021042363
5036,21004110,45511561,66515671,0,0,1,14848,2,1542548116
5037,21004580,27260091,48264671,6,0,0,24576,13,5032352433
5038,21005791,45510226,66516017,5,0,1,512,13,10677768382
5039,21012790,27193311,48206101,9,0,0,70144,13,54157078
5040,21012880,27869829,48882709,6,0,0,49664,13,7531018452
5041,21013539,27104211,48117750,2,0,0,9216,12,1634422575
5042,21014930,26907005,47921935,1,0,0,15872,15,8767644435
5043,21019149,45497022,66516171,7,0,1,8704,4,7065959828
5044,21030710,27348829,48379539,6,0,0,13824,13,9030015185
5045,21034280,27888968,48923248,1,0,0,11776,15,4373245378
5046,21037501,45540572,66578073,6,0,1,18944,13,6854149786
5047,21039910,26977245,48017155,6,0,0,5120,13,2245661733
5048,21040240,27804735,48844975,4,0,0,36352,16,672529149
5049,21047610,27379507,48427117,6,0,0,7168,13,9785675857
5050,21063010,45515086,66578096,7,0,1,6656,4,10638888772
5051,21064880,27691609,48756489,4,0,0,93184,16,8953783222
5052,21068200,28123788,49191988,5,0,0,2048,13,9784373694
5053,21072021,45506098,66578119,5,0,1,3072,13,5916589776
5054,21076090,27812304,48888394,6,0,0,18432,13,630683617
5055,21077160,27996256,49073416,9,0,0,18432,13,3825489612
5056,21081470,27250099,48331569,6,0,0,44032,13,9882589862
5057,21085450,45492692,66578142,7,0,1,1536,4,5273889962
5058,21091950,26597759,47689709,7,0,0,4608,4,5897986131
5059,21098570,27176584,48275154,1,0,0,17408,15,5287659826
5060,21101550,45476623,66578173,3,0,1,17408,1,10233866874
5061,21105060,27911351,49016411,8,0,0,43008,17,3492215962
5062,21110079,26750232,47860311,2,0,0,32768,12,574669952
5063,21110580,27129865,48240445,7,0,0,5632,4,5751716375
5064,21115640,26760357,47875997,5,0,0,3584,13,4301326753
5065,21118990,27452072,48571062,6,0,0,3072,13,5027671327
5066,21120150,26873526,47993676,3,0,0,3584,1,8199031710
5067,21131261,45446935,66578196,6,0,1,2560,13,8434381139
5068,21131741,45468282,66600023,6,0,1,29696,13,7725619189
5069,21132850,45467288,66600138,7,0,1,6656,4,317058453
5070,21140930,27283972,48424902,4,0,0,14848,16,5955606815
5071,21142730,45459674,66602404,2,0,1,3584,12,9819989458
5072,21150900,28147851,49298751,7,0,0,3584,4,757038557
5073,21162750,26908514,48071264,5,0,0,512,13,5496122694
5074,21166500,28799876,49966376,8,0,0,11264,17,2886955705
5075,21175460,45427610,66603070,0,0,1,1024,2,2710848852
5076,21180470,26830243,48010713,9,0,0,18432,13,8868780313
5077,21184910,27458749,48643659,9,0,0,16384,13,3001522921
5078,21193690,27376413,48570103,0,0,0,11776,2,5567168505
5079,21196590,27926090,49122680,5,0,0,51712,13,436929476
5080,21202070,26790491,47992561,0,0,0,5120,2,3882787451
5081,21202171,45403165,66605336,6,0,1,3584,13,659408852
5082,21204390,45402572,66606962,2,0,1,2560,12,4255965087
5083,21205250,28850253,50055503,1,0,0,2048,15,2501725912
5084,21205980,27972998,49178978,0,0,0,28672,2,3138662582
5085,21206901,45400625,66607526,5,0,1,10752,13,6814863970
5086,21211459,28010145,49221604,2,0,0,28672,12,7834709651
5087,21217820,26776823,47994643,9,0,0,3072,13,1437448816
5088,21217961,45389719,66607680,5,0,1,8704,13,4999946523
5089,21225490,27279679,48505169,4,0,0,39936,16,10391584071
5090,21226600,45381439,66608039,2,0,1,9728,12,5646110445
5091,21229020,27085323,48314343,4,0,0,21504,16,108168029
5092,21229420,27391867,48621287,1,0,0,31744,15,2767127891
5093,21234950,27214017,48448967,1,0,0,4096,15,6034452089
5094,21237140,45371565,66608705,0,0,1,1024,2,6377591638
5095,21237810,28944397,50182207,3,0,0,15872,1,8004801990
5096,21239600,28114108,49353708,6,0,0,15360,13,6387068599
5097,21240820,27529888,48770708,3,0,0,46592,1,2636649835
5098,21243900,45374851,66618751,0,0,1,7680,2,6438736351
5099,21247020,27018610,48265630,4,0,0,3072,16,4896470931
5100,21247411,45405333,66652744,1,0,1,2048,15,2756918847
5101,21249190,27452547,48701737,5,0,0,72192,13,10242947885
5102,21252750,27259462,48512212,9,0,0,23040,13,9397338993
5103,21253300,27121342,48374642,3,0,0,1024,1,5853917345
5104,21254450,26968070,48222520,1,0,0,5632,15,6127367100
5105,21259030,27188666,48447696,5,0,0,65536,13,2310328131
5106,21259549,26957301,48216850,2,0,0,8192,12,7126941759
5107,21260460,28271954,49532414,4,0,0,7680,16,5323303377
5108,21262620,27303849,48566469,1,0,0,137216,15,4674316956
5109,21264040,27362106,48626146,4,0,0,15872,16,6036320892
5110,21277910,27020787,48298697,9,0,0,17408,13,1397032226
5111,21280981,45374989,66655970,5,0,1,5120,13,5101287737
5112,21282760,45373569,66656329,7,0,1,9728,4,763019998
5113,21291071,45367065,66658136,6,0,1,1024,13,8367050860
5114,21298000,27362663,48660663,8,0,0,6656,17,8195991261
5115,21300670,45357812,66658482,3,0,1,512,1,7458782518
5116,21304330,27282779,48587109,0,0,0,18432,2,7949305301
5117,21316260,27502563,48818823,5,0,0,97792,13,7897699214
5118,21321540,45337288,66658828,3,0,1,512,1,5083950813
5119,21327660,27638795,48966455,4,0,0,45056,16,6179730927
5120,21331710,27502143,48833853,7,0,0,48640,4,3961920386
5121,21332871,45348044,66680915,6,0,1,11264,13,1304924862
5122,21335220,27667987,49003207,4,0,0,20480,16,7166053867
5123,21336050,45355630,66691680,8,0,1,7680,17,9567437702
5124,21337670,27510315,48847985,3,0,0,9728,1,7410966131
5125,21340830,27517786,48858616,8,0,0,34816,17,2805139861
5126,21340841,45362897,66703738,5,0,1,7168,13,2537350644
5127,21342070,27445734,48787804,9,0,0,53760,13,4745421843
5128,21345090,45358671,66703761,3,0,1,1024,1,9797301563
5129,21346130,27245370,48591500,8,0,0,14336,17,9536906547
5130,21358169,27964508,49322677,2,0,0,2048,12,6049293050
5131,21366960,45336824,66703784,7,0,1,2560,4,3906144989
5132,21368040,27628904,48996944,4,0,0,35840,16,2963454846
5133,21373340,45342424,66715764,8,0,1,512,17,8124507602
5134,21374690,27652204,49026894,4,0,0,34304,16,1268712009
5135,21375370,27334942,48710312,9,0,0,25088,13,3573772906
5136,21379770,27439232,48819002,0,0,0,512,2,2003923367
5137,21384540,27483014,48867554,1,0,0,25088,15,5756354106
5138,21399610,27389378,48788988,1,0,0,3584,15,1167453575
5139,21402430,27508041,48910471,9,0,0,17408,13,535012738
5140,21404410,27455477,48859887,4,0,0,4096,16,10363134346
5141,21405650,45310137,66715787,8,0,1,2560,17,1918194888
5142,21405690,27365711,48771401,9,0,0,2048,13,4841298444
5143,21406320,45309490,66715810,0,0,1,8704,2,10576591047
5144,21409721,45306112,66715833,5,0,1,5632,13,2039873315
5145,21413880,27712122,49126002,8,0,0,5120,17,7800130110
5146,21419850,45326657,66746507,8,0,1,10752,17,4300102128
5147,21424740,27464324,48889064,4,0,0,2048,16,6550762482
5148,21429541,45319835,66749376,5,0,1,13824,13,6580521224
5149,21432970,45317392,66750362,2,0,1,1536,12,3588120635
5150,21435070,27628608,49063678,5,0,0,28160,13,6299309352
5151,21440410,27605262,49045672,1,0,0,60928,15,5048421893
5152,21447120,27716148,49163268,6,0,0,14848,13,3284847166
5153,21449210,27531776,48980986,7,0,0,47616,4,2225470537
5154,21449590,27635705,49085295,7,0,0,38912,4,9022893373
5155,21450200,27642123,49092323,9,0,0,12288,13,1673393952
5156,21451820,45328553,66780373,2,0,1,8704,12,4696182471
5157,21459321,45337076,66796397,9,0,1,9216,13,5486700668
5158,21464770,27666958,49131728,8,0,0,15872,17,5682175730
5159,21466780,27934623,49401403,1,0,0,12288,15,9261771765
5160,21469800,45404016,66873816,3,0,1,13312,1,9855794769
5161,21476520,45496924,66973444,7,0,1,8704,4,1318817740
5162,21480310,27859683,49339993,4,0,0,7168,16,4660324988
5163,21480690,28023367,49504057,4,0,0,15360,16,9929147624
5164,21481400,28219056,49700456,7,0,0,101376,4,1821712273
5165,21483100,27818638,49301738,8,0,0,9728,17,6341982172
5166,21483740,27941774,49425514,5,0,0,7168,13,9687974654
5167,21491991,45541288,67033279,6,0,1,5632,13,1334468603
5168,21495990,27658404,49154394,0,0,0,7680,2,303397665
5169,21498090,27767987,49266077,4,0,0,6656,16,3566324344
5170,21502870,27808269,49311139,0,0,0,27136,2,8379027193
5171,21506110,27618309,49124419,3,0,0,5632,1,1098071936
5172,21511500,27826286,49337786,4,0,0,20992,16,10189695526
5173,21516790,28705431,50222221,0,0,0,25088,2,50618774
5174,21517780,27853413,49371193,0,0,0,30208,2,6283757539
5175,21519980,27582995,49102975,5,0,0,1536,13,8716803843
5176,21523250,27913904,49437154,0,0,0,28160,2,840402040
5177,21528000,28194769,49722769,8,0,0,10240,17,5340423912
5178,21528840,27854707,49383547,4,0,0,7680,16,2922547968
5179,21532000,27858596,49390596,9,0,0,20480,13,1321574319
5180,21532850,28575927,50108777,4,0,0,11776,16,1025827949
5181,21533050,27618981,49152031,0,0,0,66560,2,4140407881
5182,21541640,28177963,49719603,8,0,0,23552,17,2754635730
5183,21544740,27993522,49538262,9,0,0,3584,13,5316299432
5184,21544780,28510076,50054856,9,0,0,35328,13,4868666076
5185,21555730,27684036,49239766,0,0,0,7680,2,8279204495
5186,21566070,28043930,49610000,3,0,0,4096,1,9831770040
5187,21566270,27667763,49234033,5,0,0,2048,13,6815250195
5188,21566930,27884506,49451436,8,0,0,2048,17,50883748
5189,21570530,27629786,49200316,4,0,0,20480,16,6546393470
5190,21571780,27913935,49485715,5,0,0,4096,13,4961264221
5191,21580460,45453690,67034150,2,0,1,12288,12,10690787259
5192,21583099,28445480,50028579,2,0,0,47616,12,187541617
5193,21589400,28355402,49944802,0,0,0,49152,2,6301137732
5194,21590460,27787231,49377691,6,0,0,9728,13,10162043493
5195,21593320,27986568,49579888,5,0,0,33792,13,10728404955
5196,21594190,27934005,49528195,7,0,0,22016,4,5514624997
5197,21600161,45450161,67050322,1,0,1,2048,15,4946491876
5198,21604020,27660006,49264026,8,0,0,6656,17,9381354015
5199,21605450,27667096,49272546,6,0,0,3072,13,9989056156
5200,21605500,27692136,49297636,0,0,0,25088,2,870697569
5201,21615960,28096444,49712404,7,0,0,38912,4,2145814614
5202,21619099,27775108,49394207,2,0,0,11776,12,10339939138
5203,21620750,45618230,67238980,7,0,1,43008,4,3508548387
5204,21621559,28124419,49745978,2,0,0,7680,12,503745255
5205,21623780,28471112,50094892,9,0,0,4608,13,2612729315
5206,21632090,28281350,49913440,5,0,0,17920,13,216502444
5207,21636941,45724951,67361892,1,0,1,3584,15,7321868807
5208,21640680,45721235,67361915,3,0,1,1536,1,671983004
5209,21642939,28168764,49811703,2,0,0,1536,12,7998466824
5210,21642941,45721575,67364516,6,0,1,17920,13,29238515
5211,21650880,27833536,49484416,0,0,0,10752,2,554794372
5212,21651840,28256117,49907957,5,0,0,96768,13,1531795293
5213,21654130,28624372,50278502,0,0,0,107520,2,1629854858
5214,21655450,28912667,50568117,4,0,0,25088,16,8931833049
5215,21661600,45755935,67417535,8,0,1,15360,17,6904673161
5216,21662890,27732744,49395634,1,0,0,4608,15,4761993367
5217,21663610,29252228,50915838,6,0,0,26112,13,9706282183
5218,21663641,45754880,67418521,6,0,1,1536,13,7063540570
5219,21665930,27855534,49521464,4,0,0,25600,16,8090779168
5220,21666820,28671831,50338651,9,0,0,17920,13,9587386806
5221,21671789,28291132,49962921,2,0,0,59392,12,2245192670
5222,21675480,28087571,49763051,5,0,0,25600,13,3659642475
5223,21681300,27905631,49586931,1,0,0,23040,15,9371724359
5224,21681480,28411985,50093465,6,0,0,45056,13,973887179
5225,21682381,45740006,67422387,5,0,1,6144,13,2451390187
5226,21683300,28500683,50183983,3,0,0,1536,1,7436221118
5227,21684869,28426583,50111452,2,0,0,8704,12,9944225618
5228,21685300,28628839,50314139,0,0,0,18944,2,389514172
5229,21687150,29067293,50754443,3,0,0,8704,1,9528629483
5230,21689719,28931819,50621538,2,0,0,71680,12,9275442526
5231,21697531,45725522,67423053,1,0,1,1024,15,3964103577
5232,21698659,28112553,49811212,2,0,0,19456,12,5920432127
5233,21699060,28510969,50210029,5,0,0,18944,13,5446529706
5234,21703220,28591529,50294749,1,0,0,53248,15,1187903152
5235,21707190,45720369,67427559,2,0,1,7168,12,2552262126
5236,21712760,27908735,49621495,5,0,0,6144,13,4975439268
5237,21713210,28290843,50004053,6,0,0,8704,13,4860637961
5238,21713740,28482463,50196203,8,0,0,33280,17,8192574205
5239,21714110,28444546,50158656,0,0,0,2560,2,6573169274
5240,21717660,28486574,50204234,6,0,0,25088,13,5412776432
5241,21717980,27888444,49606424,1,0,0,14848,15,1985715805
5242,21719230,27927145,49646375,1,0,0,5632,15,454325878
5243,21725310,28262286,49987596,0,0,0,16896,2,3998941370
5244,21727230,29054340,50781570,6,0,0,1024,13,3446200827
5245,21727349,28314045,50041394,2,0,0,41984,12,8861042989
5246,21727410,28621854,50349264,6,0,0,23040,13,6379231710
5247,21729000,45721158,67450158,3,0,1,12288,1,5481188928
5248,21735181,45733254,67468435,9,0,1,17408,13,10037111570
5249,21736209,28368957,50105166,2,0,0,24576,12,2370177312
5250,21738460,28191343,49929803,1,0,0,31232,15,3151532913
5251,21740710,28093183,49833893,0,0,0,25088,2,10304874285
5252,21750540,28308106,50058646,1,0,0,10240,15,9780766093
5253,21753679,29488852,51242531,2,0,0,127488,12,7816673186
5254,21756909,28551435,50308344,2,0,0,44544,12,4000385598
5255,21758089,28900468,50658557,2,0,0,3072,12,4384075425
5256,21758490,28570827,50329317,6,0,0,39424,13,6836804153
5257,21762760,45720234,67482994,2,0,1,4608,12,3686970766
5258,21763460,28769412,50532872,7,0,0,46080,4,10202918226
5259,21765861,45752361,67518222,6,0,1,4096,13,2362862879
5260,21777280,28583863,50361143,1,0,0,38912,15,6589466274
5261,21777480,29041960,50819440,8,0,0,56320,17,5220559798
5262,21780860,28536422,50317282,0,0,0,10240,2,8282931288
5263,21781111,45737368,67518479,9,0,1,10752,13,5450230305
5264,21784020,28734789,50518809,6,0,0,24576,13,3617593551
5265,21785450,28070538,49855988,7,0,0,25088,4,2448943953
5266,21788640,45803071,67591711,0,0,1,10240,2,2862077012
5267,21789750,28697256,50487006,7,0,0,40448,4,10095182821
5268,21790140,28961628,50751768,9,0,0,18432,13,648327549
5269,21802809,27935851,49738660,2,0,0,8192,12,1189152771
5270,21809000,28235069,50044069,6,0,0,8704,13,468043972
5271,21814100,28257359,50071459,1,0,0,10240,15,7586444740
5272,21815870,45798981,67614851,7,0,1,11264,4,7896465545
5273,21817300,27985503,49802803,9,0,0,4096,13,6123739555
5274,21819770,28892571,50712341,9,0,0,41472,13,390330267
5275,21840169,29666878,51507047,2,0,0,97792,12,5065183982
5276,21844821,45935907,67780728,9,0,1,4096,13,10149120439
5277,21847180,29071645,50918825,5,0,0,9728,13,3069331875
5278,21861780,28533822,50395602,9,0,0,10240,13,7387782429
5279,21861840,28115789,49977629,8,0,0,7680,17,9549107207
5280,21863540,45917211,67780751,4,0,1,14336,16,9442107023
5281,21866340,28513530,50379870,7,0,0,9216,4,10083089729
5282,21869020,46006441,67875461,0,0,1,23552,2,1437194432
5283,21871820,28196496,50068316,6,0,0,3584,13,10214852317
5284,21878210,46000797,67879007,2,0,1,5632,12,4809546667
5285,21882310,28243125,50125435,3,0,0,25088,1,2809103116
5286,21888131,46019270,67907401,6,0,1,11264,13,6705746397
5287,21889840,28737349,50627189,0,0,0,2048,2,1639931800
5288,21894260,29081057,50975317,0,0,0,28160,2,1218411777
5289,21894360,28861518,50755878,7,0,0,4608,4,1255901448
5290,21895340,29658410,51553750,0,0,0,8192,2,9599439085
5291,21902580,28955762,50858342,9,0,0,16384,13,1197627776
5292,21905341,46002726,67908067,9,0,1,1024,13,8688540682
5293,21916890,29433152,51350042,1,0,0,15360,15,6928809988
5294,21917941,45995384,67913325,1,0,1,7168,15,6479110162
5295,21919770,28141239,50061009,8,0,0,7680,17,5425387045
5296,21922430,28629844,50552274,3,0,0,28160,1,9450113555
5297,21925001,45989310,67914311,6,0,1,1536,13,7903929030
5298,21926680,46082976,68009656,8,0,1,12800,17,7289435558
5299,21927790,28874467,50802257,6,0,0,40448,13,10488210528
5300,21931969,28847028,50778997,2,0,0,75776,12,2307157804
5301,21937160,29784230,51721390,8,0,0,22528,17,5498732262
5302,21942180,28529976,50472156,0,0,0,28672,2,8057432069
5303,21942971,46067351,68010322,9,0,1,1024,13,4986027903
5304,21961620,28990233,50951853,0,0,0,32256,2,4521331300
5305,21977080,28611808,50588888,7,0,0,68096,4,1190256405
5306,21977540,28680058,50657598,3,0,0,13312,1,10090095341
5307,21978690,29165220,51143910,6,0,0,23040,13,6259782905
5308,21980510,28765596,50746106,3,0,0,36864,1,1038895145
5309,21986620,29029830,51016450,4,0,0,8704,16,6313129141
5310,21990850,28790385,50781235,1,0,0,512,15,6279737952
5311,22000549,28863796,50864345,2,0,0,13824,12,8079577042
5312,22001060,28728776,50729836,8,0,0,57344,17,7410581979
5313,22008080,28591595,50599675,0,0,0,35328,2,9132782662
5314,22008670,28367747,50376417,3,0,0,11264,1,4648439414
5315,22017539,28996236,51013775,2,0,0,99840,12,4326507944
5316,22024340,29219953,51244293,5,0,0,5632,13,8047889962
5317,22027280,45984668,68011948,3,0,1,2560,1,6091247555
5318,22028260,28926112,50954372,0,0,0,8192,2,7571167052
5319,22030760,28704091,50734851,6,0,0,16384,13,6868544158
5320,22050210,28970943,51021153,3,0,0,15360,1,141712563
5321,22055890,28787023,50842913,7,0,0,29184,4,8672673469
5322,22080339,28361122,50441461,2,0,0,21504,12,5432331416
5323,22082399,29000682,51083081,2,0,0,33792,12,398207658
5324,22083550,28452716,50536266,3,0,0,1024,1,5192236373
5325,22085110,28822749,50907859,8,0,0,29696,17,5801049357
5326,22087410,28702500,50789910,6,0,0,22016,13,1336374389
5327,22094370,28999311,51093681,8,0,0,11264,17,4434819025
5328,22096000,29829443,51925443,9,0,0,53760,13,8500856059
5329,22096809,28437334,50534143,2,0,0,4096,12,4746317960
5330,22100930,28858948,50959878,5,0,0,17920,13,10267523347
5331,22102490,45913004,68015494,2,0,1,5632,12,8597250719
5332,22102890,29237301,51340191,7,0,0,63488,4,9792313859
5333,22113940,45904819,68018759,2,0,1,14336,12,3663659884
5334,22119110,29131648,51250758,9,0,0,13312,13,6412662693
5335,22123910,29196914,51320824,0,0,0,21504,2,1450704028
5336,22143530,29020507,51164037,9,0,0,44544,13,8674482781
5337,22145590,29458818,51604408,7,0,0,43008,4,3072808733
5338,22146750,29319062,51465812,0,0,0,91136,2,8228828568
5339,22147870,28633186,50781056,0,0,0,6656,2,5735625695
5340,22152809,28931231,51084040,2,0,0,3072,12,5166998001
5341,22155960,29105639,51261599,3,0,0,26624,1,2351518646
5342,22158481,45861904,68020385,6,0,1,2560,13,6972252195
5343,22159030,46005188,68164218,8,0,1,4608,17,10154137056
5344,22178210,28851445,51029655,9,0,0,23040,13,2868302427
5345,22179301,45988463,68167764,5,0,1,5632,13,1335457359
5346,22186930,29344928,51531858,3,0,0,28160,1,8243330555
5347,22186971,46054112,68241083,9,0,1,1536,13,7811581307
5348,22203490,28893825,51097315,1,0,0,11776,15,850669663
5349,22205740,29611360,51817100,1,0,0,30208,15,5113446345
5350,22211380,29525610,51736990,5,0,0,8192,13,8042909177
5351,22216190,29036619,51252809,1,0,0,6656,15,6273144196
5352,22231860,29641960,51873820,6,0,0,11776,13,5910119130
5353,22233710,28632686,50866396,0,0,0,6656,2,4501954871
5354,22234949,29412776,51647725,2,0,0,33280,12,8770894383
5355,22237571,46003535,68241106,1,0,1,16896,15,10713540924
5356,22244280,29040261,51284541,6,0,0,14336,13,8486008166
5357,22248740,29096599,51345339,1,0,0,12288,15,65808992
5358,22251781,45989348,68241129,6,0,1,11264,13,3314497
5359,22252490,29767126,52019616,8,0,0,16896,17,1371218129
5360,22255330,46131374,68386704,7,0,1,12288,4,10375403671
5361,22256540,46130187,68386727,3,0,1,3584,1,10717925979
5362,22258360,29857272,52115632,3,0,0,66560,1,4952325906
5363,22267690,29247828,51515518,6,0,0,27648,13,5882695747
5364,22267970,29207294,51475264,5,0,0,25088,13,8717982830
5365,22280869,28614625,50895494,2,0,0,12288,12,1651994499
5366,22284820,28785617,51070437,5,0,0,512,13,5059651275
5367,22288900,28825625,51114525,7,0,0,19456,4,9072058253
5368,22293050,29093743,51386793,9,0,0,1024,13,9226345574
5369,22294700,46092050,68386750,3,0,1,1024,1,5982001024
5370,22296690,29139436,51436126,6,0,0,128512,13,250914479
5371,22298001,46089270,68387271,5,0,1,3584,13,5988787767
5372,22300541,46089636,68390177,9,0,1,4608,13,2042760804
5373,22307840,28980156,51287996,9,0,0,11264,13,841626594
5374,22312821,46100518,68413339,9,0,1,1536,13,8371759677
5375,22314410,29208845,51523255,6,0,0,6656,13,3990371752
5376,22315200,28991871,51307071,9,0,0,7680,13,6984410198
5377,22316929,28752908,51069837,2,0,0,3584,12,9044153295
5378,22317130,28852475,51169605,9,0,0,16384,13,9329149787
5379,22317650,29217203,51534853,1,0,0,9728,15,8002324077
5380,22321960,28842412,51164372,0,0,0,1024,2,6633692631
5381,22326680,28919999,51246679,5,0,0,6144,13,6819952465
5382,22331790,28804821,51136611,0,0,0,19968,2,6345025955
5383,22337570,29345057,51682627,9,0,0,512,13,544882237
5384,22337860,46209072,68546932,8,0,1,17920,17,10145593324
5385,22340830,29613698,51954528,0,0,0,35328,2,3911707168
5386,22342190,46204765,68546955,7,0,1,8704,4,8005776519
5387,22344440,46248174,68592614,3,0,1,2048,1,9239512128
5388,22351090,46325845,68676935,2,0,1,33280,12,8296047280
5389,22353480,29609807,51963287,6,0,0,28672,13,8375927260
5390,22356610,46321311,68677921,8,0,1,1536,17,2494714713
5391,22356740,28888044,51244784,9,0,0,1536,13,1882963441
5392,22357099,29450774,51807873,2,0,0,14848,12,1179163368
5393,22358310,29646729,52005039,9,0,0,12800,13,8689577289
5394,22364590,29073431,51438021,5,0,0,6144,13,1612323274
5395,22365601,46314906,68680507,1,0,1,4096,15,3101037422
5396,22371020,46310153,68681173,8,0,1,1024,17,78116038
5397,22371091,46314268,68685359,1,0,1,6656,15,719307236
5398,22379920,29086227,51466147,6,0,0,1024,13,9580940831
5399,22381670,29277055,51658725,7,0,0,16896,4,6925103957
5400,22390120,29413206,51803326,3,0,0,25600,1,5764680691
5401,22392160,29085068,51477228,6,0,0,512,13,1410576293
5402,22394050,46335353,68729403,3,0,1,5632,1,1582641550
5403,22394609,28858847,51253456,2,0,0,2048,12,1941652901
5404,22395370,28946092,51341462,5,0,0,4096,13,9767187604
5405,22402300,29870022,52272322,6,0,0,34304,13,5243727100
5406,22421180,29046417,51467597,6,0,0,4608,13,6891358354
5407,22426920,29311341,51738261,7,0,0,4096,4,9187055717
5408,22436970,29358533,51795503,7,0,0,34304,4,9630292588
5409,22437940,29586793,52024733,9,0,0,3584,13,5264652296
5410,22453050,29675295,52128345,9,0,0,33280,13,4820540251
5411,22453970,28808299,51262269,3,0,0,2048,1,8624140175
5412,22456970,29060147,51517117,9,0,0,5120,13,9792763008
5413,22460290,29060906,51521196,7,0,0,13312,4,6151182526
5414,22470150,29438890,51909040,0,0,0,37376,2,9810186285
5415,22479371,46250055,68729426,5,0,1,13824,13,1929582335
5416,22481740,46417241,68898981,0,0,1,7680,2,5622879744
5417,22487171,46411833,68899004,6,0,1,2048,13,7050151679
5418,22488060,46410967,68899027,2,0,1,512,12,9375445648
5419,22490200,46408850,68899050,0,0,1,1024,2,1122613926
5420,22495270,29500051,51995321,3,0,0,86016,1,9978191811
5421,22497050,29110969,51608019,6,0,0,11776,13,9219983665
5422,22500350,29758029,52258379,9,0,0,14848,13,5738134365
5423,22504500,29165997,51670497,9,0,0,5120,13,3407274859
5424,22509920,28852802,51362722,7,0,0,6656,4,6686263456
5425,22513320,29325886,51839206,6,0,0,14336,13,3811891033
5426,22530759,29304056,51834815,2,0,0,11776,12,8213784467
5427,22534049,29250979,51785028,2,0,0,104448,12,9011961729
5428,22536320,29404590,51940910,1,0,0,50688,15,5249171752
5429,22540660,29093323,51633983,5,0,0,10240,13,6053574267
5430,22541210,46357863,68899073,0,0,1,512,2,9008216366
5431,22541950,28935053,51477003,5,0,0,5632,13,10648845415
5432,22543220,29880538,52423758,9,0,0,26624,13,9241390427
5433,22550850,29761247,52312097,9,0,0,3584,13,4324230364
5434,22556450,29538879,52095329,0,0,0,136192,2,7984606833
5435,22561690,46348037,68909727,3,0,1,1024,1,1071786358
5436,22574710,46375946,68950656,0,0,1,26624,2,1431553526
5437,22581201,46371721,68952922,9,0,1,3584,13,8367200473
5438,22585200,46372313,68957513,7,0,1,3584,4,788448593
5439,22589350,46507219,69096569,3,0,1,26624,1,8867117205
5440,22590040,29979566,52569606,3,0,0,86528,1,550546491
5441,22595530,29030505,51626035,5,0,0,7168,13,7111798690
5442,22595661,46950087,69545748,5,0,1,18432,13,421586618
5443,22613191,47091906,69705097,9,0,1,27648,13,10245710497
5444,22613620,29111157,51724777,5,0,0,2560,13,584859600
5445,22617290,47181213,69798503,8,0,1,7680,17,4334414923
5446,22621280,47204786,69826066,0,0,1,17920,2,6473458045
5447,22624780,28991904,51616684,9,0,0,7680,13,1912921859
5448,22629030,29515601,52144631,3,0,0,20480,1,628369912
5449,22630579,29679724,52310303,2,0,0,19968,12,1987631345
5450,22631110,29700181,52331291,0,0,0,8192,2,7730760973
5451,22635220,29365896,52001116,8,0,0,18944,17,5507919183
5452,22635449,29573856,52209305,2,0,0,42496,12,2469562116
5453,22637680,29832836,52470516,1,0,0,11776,15,1821842677
5454,22637990,29828915,52466905,3,0,0,4608,1,3297609333
5455,22657210,47177059,69834269,3,0,1,7168,1,3554823846
5456,22660341,47183485,69843826,9,0,1,512,13,1496032494
5457,22662420,47185592,69848012,7,0,1,6656,4,8489553882
5458,22668740,29300350,51969090,9,0,0,18944,13,4612237684
5459,22678839,29074342,51753181,2,0,0,25088,12,5248572032
5460,22698920,47149758,69848678,2,0,1,1024,12,1909913422
5461,22701020,29242721,51943741,4,0,0,9216,16,3520982427
5462,22701140,29124563,51825703,9,0,0,28160,13,8346192527
5463,22706641,47143663,69850304,5,0,1,2560,13,5153936355
5464,22709201,47141564,69850765,5,0,1,10240,13,8241953407
5465,22711361,47230775,69942136,5,0,1,4608,13,10140839067
5466,22721320,29647867,52369187,1,0,0,60928,15,8671722435
5467,22732870,29112934,51845804,9,0,0,14336,13,1666908597
5468,22732919,29123064,51855983,2,0,0,5632,12,7326183805
5469,22739849,29793552,52533401,2,0,0,60416,12,8979277291
5470,22741020,29441621,52182641,9,0,0,19456,13,9563730490
5471,22752009,29259449,52011458,2,0,0,20992,12,2965699972
5472,22757230,30172590,52929820,5,0,0,6656,13,3097101687
5473,22757581,47184586,69942167,1,0,1,20480,15,2163141192
5474,22778390,29701220,52479610,3,0,0,6656,1,305964763
5475,22788611,47174374,69962985,9,0,1,7168,13,881563955
5476,22791850,29780119,52571969,6,0,0,7680,13,9179143424
5477,22803860,29334492,52138352,0,0,0,32768,2,6141561005
5478,22804300,29900790,52705090,0,0,0,4608,2,10028475928
5479,22818340,47227642,70045982,7,0,1,9216,4,3769276079
5480,22827680,29598441,52426121,0,0,0,7680,2,2033027876
5481,22830960,29191019,52021979,3,0,0,7680,1,7094048517
5482,22835240,29642319,52477559,6,0,0,23040,13,7501476655
5483,22840760,29474366,52315126,7,0,0,3584,4,1257313369
5484,22849300,47249502,70098802,2,0,1,6656,12,6774511135
5485,22854950,29923701,52778651,5,0,0,14848,13,708194588
5486,22860320,29288858,52149178,3,0,0,14848,1,5983273811
5487,22864450,29786543,52650993,0,0,0,89600,2,7320528336
5488,22866940,29147505,52014445,9,0,0,9728,13,7896618506
5489,22874290,47229729,70104019,7,0,1,9728,4,8394654128
5490,22877670,47226372,70104042,7,0,1,6144,4,3490482921
5491,22883020,29398529,52281549,7,0,0,30208,4,9793478392
5492,22892971,47211741,70104712,9,0,1,3072,13,9515329265
5493,22895900,30220421,53116321,5,0,0,1536,13,8802518106
5494,22898820,29635739,52534559,5,0,0,1536,13,9162443818
5495,22902510,29215664,52118174,5,0,0,8192,13,1880515571
5496,22917380,29741950,52659330,3,0,0,6144,1,648201239
5497,22924500,29484874,52409374,9,0,0,13824,13,41528198
5498,22925320,29299296,52224616,0,0,0,50176,2,893686674
5499,22926930,47203146,70130076,8,0,1,10752,17,3671364640
5500,22928909,29682882,52611791,2,0,0,64512,12,9365856658
5501,22930390,29351650,52282040,9,0,0,1536,13,9581225192
5502,22930950,29103121,52034071,3,0,0,2048,1,8379653548
5503,22931990,29295465,52227455,5,0,0,9216,13,8529783712
5504,22940440,29732828,52673268,1,0,0,12800,15,7544644224
5505,22940860,29490900,52431760,0,0,0,18432,2,2848179604
5506,22944280,29776924,52721204,3,0,0,36352,1,902162401
5507,22946950,29338545,52285495,1,0,0,11264,15,2501610057
5508,22956990,29582501,52539491,0,0,0,8704,2,2760606750
5509,22962300,29330716,52293016,7,0,0,4096,4,3447808676
5510,22962830,30327447,53290277,3,0,0,3584,1,4797016668
5511,22965110,29878002,52843112,1,0,0,30720,15,763523098
5512,22971900,29651770,52623670,4,0,0,38912,16,1630874975
5513,22986800,29940790,52927590,0,0,0,58368,2,5133484814
5514,22988849,29390969,52379818,2,0,0,34816,12,9898636128
5515,22993031,47190128,70183159,9,0,1,10752,13,289824686
5516,23001600,47205317,70206917,2,0,1,12288,12,6351346073
5517,23006130,47388325,70394455,7,0,1,36352,4,8408974885
5518,23007690,29681677,52689367,0,0,0,52736,2,290729262
5519,23007830,29690818,52698648,3,0,0,512,1,1223533297
5520,23012600,29969752,52982352,5,0,0,8192,13,9105646839
5521,23012760,29840604,52853364,1,0,0,11264,15,8267527543
5522,23014460,29638428,52652888,9,0,0,6144,13,37762178
5523,23019460,47382644,70402104,3,0,1,7168,1,3200520431
5524,23022271,47480421,70502692,5,0,1,7168,13,3131406833
5525,23023970,47526413,70550383,2,0,1,8704,12,4714226134
5526,23024930,29759360,52784290,7,0,0,18432,4,9268822772
5527,23026390,29355635,52382025,0,0,0,7168,2,7130751424
5528,23033450,29663592,52697042,7,0,0,25088,4,7629619717
5529,23034751,47515655,70550406,1,0,1,1024,15,7058353226
5530,23042320,29627017,52669337,6,0,0,32768,13,9523402365
5531,23050250,30090406,53140656,1,0,0,71680,15,7813356462
5532,23055490,29654615,52710105,9,0,0,16384,13,17787714
5533,23057359,30331722,53389081,2,0,0,30208,12,1951588456
5534,23057550,29599885,52657435,0,0,0,14848,2,1769462180
5535,23060770,47499221,70559991,7,0,1,4096,4,5741527253
5536,23065610,29904581,52970191,7,0,0,19968,4,6489796224
5537,23066060,29708044,52774104,3,0,0,47616,1,4940613033
5538,23066870,29720883,52787753,1,0,0,11264,15,3239311202
5539,23073030,29673793,52746823,5,0,0,14848,13,1882281912
5540,23073270,29630393,52703663,9,0,0,16384,13,3761175612
5541,23078400,29620069,52698469,6,0,0,4608,13,2605098460
5542,23081520,29777483,52859003,3,0,0,18432,1,4858123766
5543,23085230,29863824,52949054,0,0,0,8704,2,6146938399
5544,23086120,30233945,53320065,7,0,0,75264,4,2179669439
5545,23086370,29823413,52909783,0,0,0,68096,2,7071229300
5546,23109210,29766781,52875991,6,0,0,2560,13,1490227583
5547,23109460,29818309,52927769,4,0,0,512,16,198824182
5548,23115530,30253874,53369404,0,0,0,63488,2,8130100354
5549,23116161,47443853,70560014,6,0,1,3072,13,5384281832
5550,23126510,29678039,52804549,5,0,0,1536,13,802994006
5551,23129390,29908558,53037948,5,0,0,11264,13,4794310687
5552,23131980,47428057,70560037,7,0,1,10240,4,3492281319
5553,23153860,29933979,53087839,0,0,0,50688,2,4371417368
5554,23163210,29816623,52979833,9,0,0,29696,13,2363746910
5555,23169110,47403001,70572111,0,0,1,10240,2,8713343088
5556,23169720,30224937,53394657,1,0,0,7168,15,7188706325
5557,23175491,47396643,70572134,9,0,1,2048,13,10266078044
5558,23180920,29853549,53034469,6,0,0,52736,13,1108179480
5559,23183351,47455404,70638755,9,0,1,12288,13,3780469518
5560,23198149,30300769,53498918,2,0,0,2560,12,7387008981
5561,23204100,29986718,53190818,3,0,0,13312,1,7457933858
5562,23207621,47544484,70752105,6,0,1,12800,13,6271612432
5563,23209470,47542658,70752128,7,0,1,2560,4,3988536106
5564,23211160,29783809,52994969,5,0,0,512,13,8210555986
5565,23211780,29752304,52964084,1,0,0,14848,15,6664839603
5566,23216209,29715818,52932027,2,0,0,7168,12,6765581563
5567,23216470,30281645,53498115,7,0,0,17920,4,1196662028
5568,23220320,29726059,52946379,0,0,0,12288,2,10507301848
5569,23223990,29932394,53156384,0,0,0,10240,2,6841349096
5570,23228790,47523361,70752151,8,0,1,11776,17,10394658148
5571,23229980,30548774,53778754,3,0,0,41984,1,3519639917
5572,23233330,30649354,53882684,1,0,0,18432,15,6176971592
5573,23235570,47642158,70877728,0,0,1,8192,2,10228029566
5574,23237550,30038774,53276324,5,0,0,60928,13,5211692061
5575,23239910,47637841,70877751,3,0,1,4608,1,2567218541
5576,23240980,29900791,53141771,5,0,0,3584,13,3051292695
5577,23243270,29961220,53204490,3,0,0,10752,1,7230608571
5578,23252920,30036219,53289139,3,0,0,41984,1,7166017944
5579,23264530,30071470,53336000,7,0,0,52224,4,7707953619
5580,23272140,47605634,70877774,3,0,1,2048,1,5069376708
5581,23277650,30942221,54219871,7,0,0,61952,4,2322668779
5582,23280390,30333535,53613925,5,0,0,112640,13,701348926
5583,23282990,30416213,53699203,5,0,0,13312,13,10213026214
5584,23293891,48462692,71756583,9,0,1,228352,13,2688090243
5585,23295180,30778958,54074138,3,0,0,25600,1,1711748184
5586,23302960,30335020,53637980,9,0,0,29184,13,2886111315
5587,23307691,48448915,71756606,5,0,1,1024,13,2678382277
5588,23308151,48619604,71927755,9,0,1,199680,13,4919721143
5589,23312891,48617693,71930584,5,0,1,2048,13,1813179685
5590,23320010,29898989,53218999,6,0,0,9728,13,7312979300
5591,23326800,30425030,53751830,1,0,0,94208,15,3456500785
5592,23331069,30120377,53451446,2,0,0,91136,12,612651799
5593,23339300,29951156,53290456,6,0,0,512,13,76786010
5594,23343270,30658843,54002113,1,0,0,83968,15,7075061352
5595,23366249,30110349,53476598,2,0,0,19456,12,7657207238
5596,23373950,30998946,54372896,6,0,0,25088,13,7871465318
5597,23378200,30125744,53503944,3,0,0,2560,1,1496791689
5598,23380490,30320928,53701418,7,0,0,6656,4,8420848689
5599,23382910,30586655,53969565,9,0,0,21504,13,3587366185
5600,23390400,30364105,53754505,3,0,0,8704,1,4903638678
5601,23391861,48577365,71969226,1,0,1,4096,15,8066246491
5602,23396350,30073003,53469353,3,0,0,48128,1,7309593935
5603,23397270,30057396,53454666,3,0,0,10240,1,1768377479
5604,23399260,30278951,53678211,9,0,0,30720,13,6409324889
5605,23399860,30268180,53668040,6,0,0,52224,13,6993972334
5606,23405140,30104559,53509699,5,0,0,3584,13,9013876168
5607,23408490,30109394,53517884,5,0,0,15360,13,6994322500
5608,23410990,30354949,53765939,8,0,0,29184,17,9104559019
5609,23411369,30012286,53423655,2,0,0,10752,12,1847915745
5610,23412900,30451281,53864181,3,0,0,14848,1,6555787146
5611,23416639,30121622,53538261,2,0,0,7680,12,6110719207
5612,23431290,30620280,54051570,1,0,0,5120,15,6947570566
5613,23431859,30037673,53469532,2,0,0,512,12,9428227362
5614,23432450,30607952,54040402,7,0,0,7680,4,4105791827
5615,23434660,48534589,71969249,7,0,1,12800,4,10593624066
5616,23444370,30431269,53875639,3,0,0,20480,1,10623101101
5617,23445070,30755902,54200972,0,0,0,42496,2,9678049110
5618,23448139,30114187,53562326,2,0,0,18944,12,8600760644
5619,23448880,30264230,53713110,6,0,0,15872,13,7074699804
5620,23451020,30370457,53821477,9,0,0,40448,13,1757822396
5621,23455090,30187886,53642976,5,0,0,3584,13,1661675320
5622,23464030,48505889,71969919,3,0,1,14848,1,8281493323
5623,23467790,30002857,53470647,0,0,0,3584,2,8555587392
5624,23477470,30863909,54341379,6,0,0,51712,13,3223017610
5625,23479190,48593796,72072986,7,0,1,22016,4,9401147067
5626,23483600,48616993,72100593,8,0,1,14336,17,5418382757
5627,23487120,48614139,72101259,2,0,1,1024,12,1863163409
5628,23491690,48622747,72114437,0,0,1,12288,2,8085100053
5629,23492550,30406790,53899340,3,0,0,2560,1,3115218104
5630,23493050,30976361,54469411,7,0,0,2560,4,4980161947
5631,23493120,30469870,53962990,6,0,0,88576,13,7459039200
5632,23500410,30294747,53795157,3,0,0,53760,1,5500950222
5633,23508170,30659163,54167333,5,0,0,7680,13,9691507244
5634,23509620,30416131,53925751,9,0,0,28672,13,9693667517
5635,23515010,30290333,53805343,3,0,0,23552,1,6745746697
5636,23540260,30436215,53976475,6,0,0,16384,13,1975015186
5637,23550210,30509994,54060204,5,0,0,17408,13,2632275969
5638,23561910,30130285,53692195,8,0,0,25600,17,2853781432
5639,23575950,30222194,53798144,6,0,0,9728,13,6861668490
5640,23582520,30713811,54296331,5,0,0,9728,13,9515318912
5641,23586499,30451540,54038039,2,0,0,90112,12,2338428683
5642,23587250,30455203,54042453,8,0,0,6656,17,8951480376
5643,23587270,30169754,53757024,9,0,0,8192,13,1832765140
5644,23588330,30637367,54225697,6,0,0,17408,13,1861791512
5645,23591640,30553004,54144644,3,0,0,18944,1,518019689
5646,23596470,30568500,54164970,0,0,0,60928,2,10579672282
5647,23597920,30503646,54101566,0,0,0,22528,2,1713269077
5648,23600290,48518013,72118303,0,0,1,6144,2,9274158967
5649,23612311,48506965,72119276,5,0,1,12800,13,3939671877
5650,23615140,30432328,54047468,9,0,0,16384,13,4274491148
5651,23616040,30394520,54010560,0,0,0,27648,2,34155982
5652,23619260,30430727,54049987,5,0,0,8192,13,6322629582
5653,23626810,30823602,54450412,3,0,0,6656,1,4971202582
5654,23627121,48533228,72160349,1,0,1,7168,15,8829640083
5655,23629600,31223939,54853539,8,0,0,122368,17,8168534811
5656,23631799,30723175,54354974,2,0,0,44544,12,6217861652
5657,23631800,30496172,54127972,7,0,0,12288,4,10143251093
5658,23636870,48526065,72162935,8,0,1,4096,17,10011848531
5659,23645270,30966544,54611814,3,0,0,72704,1,9915216615
5660,23655470,30612925,54268395,0,0,0,13824,2,2192742004
5661,23655910,30752821,54408731,3,0,0,73216,1,9318088620
5662,23661180,30834578,54495758,7,0,0,1024,4,8638859138
5663,23661790,30579248,54241038,3,0,0,19968,1,9787176962
5664,23673650,30459010,54132660,6,0,0,8192,13,8308975908
5665,23682859,30288601,53971460,2,0,0,6144,12,8279124653
5666,23694600,30670560,54365160,9,0,0,33280,13,1888563215
5667,23703821,48511383,72215204,5,0,1,4096,13,9362698233
5668,23708040,48507187,72215227,7,0,1,1024,4,10092954648
5669,23711390,30723642,54435032,8,0,0,29696,17,9295123802
5670,23719650,30902482,54622132,9,0,0,23552,13,3423568955
5671,23726060,48490917,72216977,0,0,1,21504,2,991339877
5672,23726630,48494853,72221483,0,0,1,7168,2,2473966349
5673,23730720,48494949,72225669,0,0,1,6656,2,6063648111
5674,23740060,48503829,72243889,7,0,1,8704,4,2800378639
5675,23750900,31134936,54885836,5,0,0,58368,13,5363896611
5676,23765480,30847917,54613397,5,0,0,5120,13,10679621725
5677,23773770,30446600,54220370,7,0,0,1536,4,473617494
5678,23775580,30370803,54146383,7,0,0,5632,4,4905858121
5679,23784830,31031402,54816232,0,0,0,63488,2,5441116338
5680,23796290,30315076,54111366,3,0,0,12800,1,8831791799
5681,23798690,31244272,55042962,5,0,0,41472,13,10110203982
5682,23808370,30660238,54468608,5,0,0,49152,13,5468604556
5683,23809770,30983336,54793106,3,0,0,2560,1,7181898259
5684,23842660,30432828,54275488,5,0,0,13824,13,5720291743
5685,23843220,30822076,54665296,6,0,0,24064,13,3023822115
5686,23844020,48402135,72246155,7,0,1,3584,4,1699395038
5687,23844970,30528425,54373395,4,0,0,1536,16,10144830657
5688,23847139,30409055,54256194,2,0,0,9216,12,4708790066
5689,23857620,48434119,72291739,4,0,1,12288,16,8378046693
5690,23861360,48475906,72337266,2,0,1,16896,12,10621631868
5691,23863040,31053048,54916088,7,0,0,16896,4,2011501567
5692,23870001,48469339,72339340,6,0,1,1536,13,2929372518
5693,23870870,30611614,54482484,8,0,0,20992,17,6005625684
5694,23872760,31174593,55047353,3,0,0,14336,1,3782245502
5695,23874221,48465142,72339363,6,0,1,1536,13,5747785718
5696,23876420,31126139,55002559,1,0,0,54272,15,1209371287
5697,23896251,48456863,72353114,6,0,1,1024,13,3480412060
5698,23905441,48453165,72358606,9,0,1,17920,13,10138514503
5699,23915750,48443202,72358952,8,0,1,512,17,2989131559
5700,23916890,48461479,72378369,2,0,1,9728,12,677934908
5701,23916950,31085788,55002738,5,0,0,512,13,9021320993
5702,23918740,30949289,54868029,3,0,0,22528,1,3272418100
5703,23925980,30799119,54725099,0,0,0,36352,2,4883242695
5704,23931280,31185030,55116310,9,0,0,13312,13,1998046183
5705,23936130,48514962,72451092,3,0,1,19456,1,9982114482
5706,23940149,30622893,54563042,2,0,0,16896,12,9368895692
5707,23945730,30801088,54746818,3,0,0,8192,1,8736665651
5708,23951321,48563278,72514599,5,0,1,3584,13,7945087895
5709,23965300,30605037,54570337,0,0,0,12800,2,7789085834
5710,23967750,48546872,72514622,7,0,1,4608,4,1226516063
5711,23968880,30887825,54856705,3,0,0,3584,1,1075030325
5712,23969791,48567992,72537783,1,0,1,6144,15,1936864571
5713,23969900,31120711,55090611,6,0,0,124928,13,6266305793
5714,23977420,48560386,72537806,0,0,1,9728,2,4821020509
5715,23984720,30728074,54712794,8,0,0,38912,17,1760690508
5716,23989160,30783512,54772672,9,0,0,11264,13,830419213
5717,23998101,48548438,72546539,6,0,1,9216,13,1897896283
5718,24000421,48547073,72547494,6,0,1,3072,13,9671912693
5719,24002890,31187840,55190730,9,0,0,51200,13,5665160783
5720,24003131,48544619,72547750,1,0,1,9216,15,1776926577
5721,24003680,30982320,54986000,3,0,0,25088,1,7831164086
5722,24004530,30856612,54861142,8,0,0,1024,17,365805721
5723,24011480,31126888,55138368,8,0,0,61440,17,9168468281
5724,24016529,30676865,54693394,2,0,0,14336,12,10611192581
5725,24024320,30756561,54780881,3,0,0,1536,1,4897418978
5726,24025980,31067462,55093442,3,0,0,9216,1,569693765
5727,24029000,30905247,54934247,0,0,0,9728,2,4606524633
5728,24030791,48517305,72548096,1,0,1,512,15,8021274842
5729,24031051,48524572,72555623,1,0,1,3072,15,6469125964
5730,24035589,30888133,54923722,2,0,0,16896,12,9482561570
5731,24041821,48537660,72579481,1,0,1,2560,15,5039461351
5732,24043521,48555039,72598560,6,0,1,30720,13,6966087422
5733,24043619,30846529,54890148,2,0,0,13824,12,10343535833
5734,24046200,31105006,55151206,3,0,0,3584,1,4494654527
5735,24046800,30808790,54855590,7,0,0,6656,4,7862404575
5736,24047950,31212824,55260774,6,0,0,28160,13,362719069
5737,24053380,30807427,54860807,8,0,0,13312,17,4874795972
5738,24054930,31064679,55119609,5,0,0,10752,13,7204641347
5739,24058490,30730104,54788594,8,0,0,2048,17,922139018
5740,24061890,30886258,54948148,9,0,0,10240,13,9485393164
5741,24069701,48695012,72764713,5,0,1,2560,13,3458195205
5742,24075720,31036511,55112231,0,0,0,60416,2,9283282125
5743,24077209,31118497,55195706,2,0,0,5632,12,10458304663
5744,24078290,30925563,55003853,0,0,0,3584,2,1234566172
5745,24081030,31069061,55150091,3,0,0,38400,1,3296485253
5746,24094040,48675819,72769859,2,0,1,8192,12,22900700
5747,24094330,30958194,55052524,6,0,0,16896,13,10043579597
5748,24095080,31341185,55436265,0,0,0,59904,2,9864193433
5749,24102050,31070246,55172296,5,0,0,5120,13,8619953680
5750,24110460,31055526,55165986,8,0,0,9216,17,8113401781
5751,24111730,31088523,55200253,0,0,0,14848,2,8974554371
5752,24117840,31446016,55563856,3,0,0,69120,1,2994049874
5753,24118320,31105637,55223957,7,0,0,25600,4,1728862789
5754,24121491,48710601,72832092,5,0,1,23040,13,9047902271
5755,24122900,31115942,55238842,9,0,0,5632,13,9313356547
5756,24127931,48704827,72832758,1,0,1,11264,15,4780186336
5757,24129720,48782176,72911896,0,0,1,1024,2,1430769467
5758,24141219,31200329,55341548,2,0,0,79872,12,993841015
5759,24153170,31247770,55400940,7,0,0,29696,4,9198480640
5760,24156850,30821278,54978128,3,0,0,10752,1,4579881607
5761,24158660,31259330,55417990,6,0,0,35840,13,1018213118
5762,24159720,31473589,55633309,8,0,0,19456,17,10558494587
5763,24164530,31242517,55407047,9,0,0,19968,13,4661181898
5764,24167760,31193751,55361511,3,0,0,7680,1,10129640548
5765,24171340,48740579,72911919,7,0,1,1024,4,103944190
5766,24193950,30969205,55163155,8,0,0,10752,17,3343757245
5767,24201119,30973988,55175107,2,0,0,4608,12,10109103264
5768,24201829,31253647,55455476,2,0,0,62976,12,7829673799
5769,24211380,31375298,55586678,6,0,0,58368,13,75357618
5770,24219580,31058666,55278246,5,0,0,11264,13,3092652601
5771,24220220,31348651,55568871,5,0,0,16384,13,9989742110
5772,24220960,48690982,72911942,7,0,1,5120,4,7055928082
5773,24221370,31122073,55343443,6,0,0,6144,13,8125185343
5774,24227370,48692418,72919788,8,0,1,4608,17,9255968304
5775,24228800,31435830,55664630,3,0,0,21504,1,504211890
5776,24230160,30863617,55093777,0,0,0,1024,2,6481619069
5777,24238790,31368705,55607495,5,0,0,60928,13,9147396948
5778,24242941,48676870,72919811,1,0,1,20480,15,4195715917
5779,24243700,31299050,55542750,9,0,0,37888,13,2182606169
5780,24252499,31496089,55748588,2,0,0,50176,12,9802221151
5781,24253240,31234051,55487291,0,0,0,3072,2,7360575526
5782,24255840,31428572,55684412,6,0,0,19968,13,4273376011
5783,24264840,31405631,55670471,7,0,0,512,4,2501359817
5784,24268810,31191689,55460499,6,0,0,16384,13,10262297166
5785,24271220,31215112,55486332,6,0,0,9728,13,9163643655
5786,24272370,31990363,56262733,8,0,0,14336,17,8996129079
5787,24276590,31381465,55658055,0,0,0,46080,2,1513639965
5788,24288341,49770043,74058384,9,0,1,340992,13,8849669137
5789,24288720,31338638,55627358,0,0,0,56320,2,8376236757
5790,24288889,31436072,55724961,2,0,0,10752,12,1909745077
5791,24293180,49768222,74061402,8,0,1,6144,17,1657787128
5792,24294120,31542516,55836636,0,0,0,38400,2,6538382327
5793,24305590,31158699,55464289,5,0,0,12288,13,8182944237
5794,24322240,31266668,55588908,8,0,0,5120,17,3174452736
5795,24333170,31198013,55531183,6,0,0,14336,13,2563692969
5796,24339590,31355921,55695511,0,0,0,36352,2,967782058
5797,24358290,31777189,56135479,8,0,0,101888,17,9919754452
5798,24359580,31452183,55811763,7,0,0,8192,4,7126617468
5799,24363910,31572982,55936892,6,0,0,57856,13,7470347585
5800,24369190,31239888,55609078,8,0,0,5120,17,8276163795
5801,24372250,31237647,55609897,8,0,0,2560,17,1718261370
5802,24378050,31103244,55481294,3,0,0,33280,1,1097651337
5803,24380180,31207145,55587325,0,0,0,2048,2,5585353349
5804,24380739,31397286,55778025,2,0,0,40448,12,9388644145
5805,24381330,31443560,55824890,5,0,0,43008,13,405332738
5806,24387580,31095765,55483345,6,0,0,6656,13,7547105760
5807,24394620,31275649,55670269,3,0,0,18432,1,6203111045
5808,24408891,49904704,74313595,9,0,1,189440,13,7760567580
5809,24410300,49982129,74392429,7,0,1,2048,4,5042678688
5810,24412231,49980221,74392452,6,0,1,2560,13,6239196466
5811,24413180,31461612,55874792,6,0,0,15360,13,3680590471
5812,24415950,49976525,74392475,2,0,1,512,12,8646621761
5813,24424631,49967867,74392498,1,0,1,7168,15,1806830059
5814,24427580,31377891,55805471,6,0,0,4608,13,1072409340
5815,24430020,31330352,55760372,5,0,0,8192,13,7249723012
5816,24434250,31293854,55728104,0,0,0,10240,2,4125834444
5817,24445340,31551630,55996970,3,0,0,22016,1,7203230861
5818,24446010,49977399,74423409,7,0,1,11776,4,2123160390
5819,24454779,31180292,55635071,2,0,0,5632,12,6048089009
5820,24455340,31689545,56144885,7,0,0,30720,4,8271443294
5821,24466471,49994493,74460964,6,0,1,9728,13,1920897617
5822,24467790,31322761,55790551,8,0,0,40960,17,4418757109
5823,24471740,31324294,55796034,0,0,0,17920,2,8031427509
5824,24472020,49991486,74463506,8,0,1,13312,17,1692190135
5825,24493010,31353017,55846027,0,0,0,30720,2,8225747924
5826,24495769,31448235,55944004,2,0,0,9728,12,2417778678
5827,24501220,31799319,56300539,0,0,0,11264,2,8688653581
5828,24502520,31601846,56104366,8,0,0,8192,17,7134662982
5829,24503400,31514438,56017838,0,0,0,32768,2,1789284404
5830,24514399,31845307,56359706,2,0,0,8704,12,1268750889
5831,24517680,31914530,56432210,3,0,0,32768,1,4078624542
5832,24517830,31963220,56481050,0,0,0,31744,2,8712936977
5833,24520189,31532953,56053142,2,0,0,45056,12,1105883768
5834,24525590,49950536,74476126,8,0,1,3584,17,868320489
5835,24527070,32079212,56606282,0,0,0,27136,2,8406147383
5836,24531681,49948138,74479819,6,0,1,5632,13,6154172106
5837,24535510,31374720,55910230,5,0,0,5632,13,10135329134
5838,24537160,31371331,55908491,8,0,0,5632,17,3950529261
5839,24556860,32607231,57164091,5,0,0,73728,13,10584409856
5840,24579660,31522187,56101847,7,0,0,72704,4,7459355113
5841,24586550,49894255,74480805,2,0,1,1536,12,10498769226
5842,24588271,49987186,74575457,9,0,1,78848,13,6293607150
5843,24588440,31829856,56418296,3,0,0,5120,1,7875850449
5844,24592030,31352153,55944183,5,0,0,512,13,7069383409
5845,24601750,31593322,56195072,8,0,0,4096,17,8654606686
5846,24621640,31572048,56193688,6,0,0,17408,13,10425388009
5847,24639359,31301612,55940971,2,0,0,13312,12,10685137083
5848,24640600,31349421,55990021,7,0,0,20992,4,7750601640
5849,24653960,31506906,56160866,8,0,0,48640,17,10243327496
5850,24666501,49910582,74577083,1,0,1,2560,15,8322666713
5851,24671760,32368727,57040487,3,0,0,53760,1,9328850416
5852,24676409,31469591,56146000,2,0,0,3584,12,6430731843
5853,24679240,31498185,56177425,3,0,0,54272,1,6511261581
5854,24681380,49896049,74577429,7,0,1,512,4,64065528
5855,24682050,31818872,56500922,6,0,0,11264,13,10568110870
5856,24690501,49890398,74580899,5,0,1,15360,13,6490379912
5857,24698790,49882455,74581245,0,0,1,512,2,9442967228
5858,24706500,31614917,56321417,8,0,0,44544,17,5318526152
5859,24713240,49868351,74581591,8,0,1,512,17,5663918879
5860,24722220,49860677,74582897,8,0,1,2048,17,2209255440
5861,24728610,49856233,74584843,0,0,1,3072,2,4706636649
5862,24734980,31266325,56001305,6,0,0,6656,13,864781284
5863,24737930,31320691,56058621,0,0,0,4096,2,605773682
5864,24745630,31442731,56188361,7,0,0,7680,4,9988549880
5865,24747590,31649727,56397317,0,0,0,5632,2,8226018060
5866,24751170,49838347,74589517,0,0,1,9728,2,1578345570
5867,24774200,31555976,56330176,0,0,0,28672,2,6521095270
5868,24779250,31399758,56179008,0,0,0,5120,2,904334585
5869,24779380,49810803,74590183,2,0,1,1024,12,4822042804
5870,24780810,31291505,56072315,0,0,0,41984,2,7655779045
5871,24788920,31473992,56262912,7,0,0,512,4,10021044109
5872,24794790,49795752,74590542,7,0,1,9728,4,10216202101
5873,24798040,49828534,74626574,2,0,1,9216,12,5457769126
5874,24800040,31612470,56412510,3,0,0,19968,1,1403663216
5875,24803420,31398196,56201616,0,0,0,9216,2,3844174263
5876,24803449,32060294,56863743,2,0,0,43008,12,286510367
5877,24804481,49942130,74746611,9,0,1,27648,13,1819116547
5878,24807750,31549281,56357031,5,0,0,88064,13,5562014204
5879,24812101,50004525,74816626,6,0,1,4096,13,8376333947
5880,24818350,50039821,74858171,2,0,1,40448,12,534904668
5881,24819000,31366505,56185505,3,0,0,17920,1,7604547384
5882,24819089,31411965,56231054,2,0,0,5120,12,5010237806
5883,24822600,50035594,74858194,0,0,1,6144,2,7654015072
5884,24825370,50032847,74858217,2,0,1,3072,12,92362739
5885,24828780,50031666,74860446,7,0,1,3584,4,4075207442
5886,24830209,31621252,56451461,2,0,0,22016,12,8266606581
5887,24835290,32299921,57135211,5,0,0,22528,13,6590119919
5888,24840719,31691220,56531939,2,0,0,12800,12,3342529523
5889,24844471,50016641,74861112,1,0,1,1024,15,2366854494
5890,24851429,31729017,56580446,2,0,0,27136,12,10584726442
5891,24853510,31326457,56179967,7,0,0,3072,4,7981105697
5892,24855370,32143607,56998977,5,0,0,66560,13,6967433149
5893,24867071,50895702,75762773,5,0,1,444416,13,932108466
5894,24868641,50899729,75768370,6,0,1,7680,13,30252633
5895,24869740,50901561,75771301,7,0,1,9216,4,61138728
5896,24880070,31525206,56405276,3,0,0,12800,1,3247906246
5897,24880340,31642165,56522505,0,0,0,29184,2,5603400584
5898,24885609,31595620,56481229,2,0,0,512,12,638603499
5899,24900339,31929957,56830296,2,0,0,59392,12,5712756515
5900,24917420,50856787,75774207,0,0,1,4608,2,5478868920
5901,24923250,50851623,75774873,2,0,1,11264,12,10173891421
5902,24923310,31535166,56458476,5,0,0,15360,13,8106788660
5903,24926320,31532335,56458655,0,0,0,512,2,6896480466
5904,24934510,32180797,57115307,8,0,0,107520,17,8336956791
5905,24936440,32066156,57002596,6,0,0,11776,13,2653157885
5906,24943619,32386090,57329709,2,0,0,34304,12,6560479470
5907,24947990,32558323,57506313,3,0,0,84480,1,3858016942
5908,24953491,51563148,76516639,9,0,1,547840,13,2507369818
5909,24956171,51668977,76625148,9,0,1,65536,13,2195845295
5910,24965820,51659351,76625171,7,0,1,2048,4,4970783745
5911,24980980,31572439,56553419,5,0,0,7680,13,3501399312
5912,24981310,32557931,57539241,5,0,0,31232,13,8945621524
5913,24983960,31649628,56633588,7,0,0,18944,4,2667999695
5914,24988640,51636554,76625194,7,0,1,12288,4,3501392386
5915,24996830,31596544,56593374,6,0,0,1024,13,7346985280
5916,25000701,51624516,76625217,9,0,1,6144,13,6880080969
5917,25002231,51628804,76631035,9,0,1,9728,13,1836428023
5918,25005630,31948524,56954154,5,0,0,53760,13,3193868379
5919,25006020,51625070,76631090,7,0,1,2048,4,7805658182
5920,25006280,31836363,56842643,7,0,0,40448,4,9730526130
5921,25007800,51623313,76631113,0,0,1,3072,2,10623672696
5922,25012731,51618405,76631136,1,0,1,1024,15,4810551012
5923,25025450,31564308,56589758,0,0,0,8192,2,1007076391
5924,25036740,31533086,56569826,3,0,0,25600,1,716663660
5925,25038100,51593059,76631159,0,0,1,3584,2,801410513
5926,25047110,31840792,56887902,5,0,0,20480,13,3304118878
5927,25050069,31609553,56659622,2,0,0,30720,12,5555376004
5928,25054380,31924271,56978651,5,0,0,9728,13,6294613435
5929,25055900,31862837,56918737,0,0,0,1024,2,9669024411
5930,25064200,31904664,56968864,5,0,0,8704,13,6916462152
5931,25071810,31692723,56764533,5,0,0,70144,13,4170153521
5932,25072850,32053579,57126429,7,0,0,32768,4,4585449072
5933,25076200,31840089,56916289,8,0,0,3072,17,5725913771
5934,25083640,32109195,57192835,6,0,0,4096,13,2840585795
5935,25088011,51552249,76640260,1,0,1,7680,15,3685351883
5936,25093751,51546532,76640283,5,0,1,512,13,3159420876
5937,25104969,31867662,56972631,2,0,0,12288,12,7375484515
5938,25111410,31762808,56874218,7,0,0,34304,4,617730071
5939,25112259,31901794,57014053,2,0,0,37376,12,9458292800
5940,25113000,32096458,57209458,6,0,0,17920,13,1829305721
5941,25121450,32464276,57585726,0,0,0,5632,2,9998651159
5942,25122160,51518808,76640968,7,0,1,5632,4,9774017158
5943,25123040,31901020,57024060,8,0,0,32768,17,7835525834
5944,25125420,31840769,56966189,7,0,0,39424,4,10102169748
5945,25131641,51878391,77010032,5,0,1,270336,13,3839576989
5946,25132940,32641653,57774593,7,0,0,57344,4,9104262673
5947,25157030,32825488,57982518,0,0,0,6656,2,8052856369
5948,25166819,32102214,57269033,2,0,0,4608,12,6053391437
5949,25168309,31878753,57047062,2,0,0,21504,12,8381774512
5950,25174080,31891097,57065177,6,0,0,11264,13,9555030653
5951,25190510,31575294,56765804,6,0,0,4096,13,3680851689
5952,25192440,33072093,58264533,8,0,0,14336,17,6982718751
5953,25195109,31571342,56766451,2,0,0,2048,12,8112126715
5954,25198220,32259585,57457805,3,0,0,22016,1,5207608084
5955,25200940,31734458,56935398,7,0,0,17408,4,10025825740
5956,25205940,32072887,57278827,6,0,0,7680,13,8452760233
5957,25209120,31765741,56974861,5,0,0,7168,13,5218954636
5958,25216509,32102725,57319234,2,0,0,32256,12,3426976197
5959,25217450,32173582,57391032,5,0,0,13312,13,1060804913
5960,25222081,51790384,77012465,5,0,1,41472,13,6132047179
5961,25225850,32417005,57642855,8,0,0,42496,17,4870995980
5962,25228070,31900254,57128324,7,0,0,6144,4,1936866983
5963,25242610,32038409,57281019,6,0,0,1536,13,6557321247
5964,25247760,31727904,56975664,3,0,0,2560,1,2157749925
5965,25260500,32311219,57571719,6,0,0,5632,13,2015282729
5966,25261920,31939072,57200992,8,0,0,13312,17,8881344489
5967,25271320,31920244,57191564,7,0,0,24576,4,4868931224
5968,25285061,51728429,77013490,6,0,1,1024,13,1753229855
5969,25288230,31794286,57082516,6,0,0,56832,13,2521567468
5970,25295680,32311376,57607056,5,0,0,25600,13,10257496905
5971,25297500,31818922,57116422,6,0,0,3584,13,4819351801
5972,25309520,32266769,57576289,7,0,0,14848,4,6518296668
5973,25315699,32071254,57386953,2,0,0,129536,12,4609665534
5974,25317130,31855285,57172415,6,0,0,11264,13,3214502226
5975,25318510,51697102,77015612,2,0,1,3072,12,3808489734
5976,25322649,32395187,57717836,2,0,0,11776,12,3207676503
5977,25329330,31955842,57285172,8,0,0,8192,17,9710348682
5978,25332080,32134826,57466906,7,0,0,3584,4,7497858042
5979,25336200,33206343,58542543,5,0,0,39424,13,5072325604
5980,25339300,33387024,58726324,8,0,0,87040,17,9243400663
5981,25340760,32058095,57398855,5,0,0,25600,13,1766164884
5982,25340840,51678423,77019263,8,0,1,6656,17,1424227443
5983,25343339,32210612,57553951,2,0,0,48128,12,4009023073
5984,25379510,51645885,77025395,4,0,1,9728,16,3181950234
5985,25380420,31894611,57275031,0,0,0,2048,2,10703798300
5986,25381710,31802343,57184053,3,0,0,32256,1,3685700584
5987,25387600,32132620,57520220,5,0,0,45568,13,8330040685
5988,25390740,32045617,57436357,7,0,0,19456,4,2841060265
5989,25395140,32581225,57976365,9,0,0,95232,13,3166568843
5990,25396520,32040016,57436536,7,0,0,512,4,6920991230
5991,25400609,32601780,58002389,2,0,0,40448,12,6484069326
5992,25402940,32181047,57583987,3,0,0,16384,1,5492149221
5993,25406280,51631474,77037754,7,0,1,25600,4,3154888603
5994,25406400,32172572,57578972,5,0,0,8704,13,9220670106
5995,25406680,32012381,57419061,8,0,0,7168,17,152742498
5996,25408820,32120405,57529225,5,0,0,7168,13,3927547788
5997,25410330,32147017,57557347,0,0,0,2560,2,9480586620
5998,25411271,51626506,77037777,6,0,1,512,13,3520583954
5999,25414101,51751942,77166043,5,0,1,82432,13,3433502837
6000,25424691,51741608,77166299,1,0,1,9216,15,7002326785
6001,25427070,31983820,57410890,6,0,0,39424,13,5940424128
6002,25442580,32001623,57444203,0,0,0,25088,2,6429717133
6003,25446040,32441288,57887328,5,0,0,26112,13,8456016535
6004,25446569,32273474,57720043,2,0,0,7168,12,4639408083
6005,25456330,32300768,57757098,3,0,0,38400,1,4031360117
6006,25458891,51719503,77178394,6,0,1,7168,13,9618163702
6007,25459999,32064612,57524611,2,0,0,14336,12,1616362439
6008,25463469,32250756,57714225,2,0,0,23552,12,6667975452
6009,25464580,32223051,57687631,9,0,0,107520,13,4657367313
6010,25464991,51741122,77206113,6,0,1,19456,13,1512345028
6011,25467440,32097680,57565120,5,0,0,4096,13,338767114
6012,25470260,51794224,77264484,2,0,1,10240,12,6002010552
6013,25476730,32424899,57901629,5,0,0,11264,13,4840362515
6014,25496070,31949092,57445162,8,0,0,3072,17,1431970547
6015,25503600,32306303,57809903,5,0,0,9728,13,4504051181
6016,25514280,51775600,77289880,8,0,1,512,17,3693710328
6017,25524450,32519421,58043871,7,0,0,38400,4,9479478239
6018,25528490,32602389,58130879,7,0,0,14848,4,8096914563
6019,25535860,32284962,57820822,6,0,0,11264,13,3357706462
6020,25538040,32285145,57823185,7,0,0,7680,4,77420442
6021,25539491,51751695,77291186,6,0,1,2048,13,5364665927
6022,25539990,32518122,58058112,8,0,0,39936,17,4196747427
6023,25542500,51751272,77293772,2,0,1,4096,12,6757745137
6024,25544720,32293111,57837831,7,0,0,39936,4,4282630388
6025,25545850,32434617,57980467,1,0,0,3072,15,5361840287
6026,25560970,32302751,57863721,5,0,0,3072,13,9170179714
6027,25578020,51719938,77297958,8,0,1,6656,17,9198360630
6028,25583050,32361488,57944538,0,0,0,1024,2,4939284393
6029,25585270,51713994,77299264,8,0,1,2048,17,7522428865
6030,25586040,32518250,58104290,0,0,0,92160,2,1375565098
6031,25587100,32101178,57688278,7,0,0,2048,4,9458361129
6032,25591989,32687855,58279844,2,0,0,50176,12,92042195
6033,25595661,51706176,77301837,9,0,1,2048,13,8643817990
6034,25596391,51705469,77301860,9,0,1,9728,13,9561948128
6035,25606810,32610226,58217036,5,0,0,40448,13,3542868834
6036,25611370,32396814,58008184,8,0,0,18944,17,7205293744
6037,25615420,51726546,77341966,8,0,1,3072,17,1262346407
6038,25616119,32309717,57925836,2,0,0,16384,12,2612673700
6039,25620421,51722211,77342632,6,0,1,1024,13,3647217555
6040,25620450,32753974,58374424,7,0,0,3072,4,10238970158
6041,25620789,32295119,57915908,2,0,0,23040,12,10363566672
6042,25624161,51719137,77343298,6,0,1,1024,13,710402467
6043,25627280,32671438,58298718,8,0,0,47104,17,10398975387
6044,25627300,32352208,57979508,3,0,0,10240,1,2356305764
6045,25643220,33170024,58813244,3,0,0,39424,1,10144649985
6046,25643879,32340378,57984257,2,0,0,5632,12,6991501278
6047,25655880,32522934,58178814,5,0,0,26624,13,6542411933
6048,25663300,32445381,58108681,6,0,0,14336,13,4670527694
6049,25664130,32540559,58204689,6,0,0,30720,13,8391662890
6050,25669200,51675724,77344924,2,0,1,2560,12,1157452407
6051,25671869,33240467,58912336,2,0,0,39936,12,5570852841
6052,25675650,32756508,58432158,7,0,0,24064,4,4261484685
6053,25680399,32896429,58576828,2,0,0,16896,12,1870010094
6054,25689920,32319223,58009143,6,0,0,3072,13,364402084
6055,25707330,32755264,58462594,8,0,0,29184,17,4829562635
6056,25713689,33077513,58791202,2,0,0,55296,12,1055450824
6057,25715791,51631399,77347190,9,0,1,3584,13,9265292169
6058,25719150,32807380,58526530,1,0,0,9216,15,8839827172
6059,25724800,32073534,57798334,6,0,0,32768,13,6931596498
6060,25751640,32656366,58408006,5,0,0,17408,13,1758063592
6061,25751900,32508242,58260142,6,0,0,16896,13,4579668373
6062,25758260,32047170,57805430,3,0,0,5632,1,5224115841
6063,25763370,32491601,58254971,7,0,0,71680,4,7621353999
6064,25764410,32617382,58381792,5,0,0,2048,13,2604481056
6065,25766140,32514975,58281115,5,0,0,4096,13,1638284939
6066,25772670,32353662,58126332,7,0,0,57856,4,6865227356
6067,25774451,51577911,77352362,9,0,1,8192,13,747722643
6068,25778150,32249432,58027582,3,0,0,1536,1,8012883655
6069,25780300,32242830,58023130,5,0,0,2048,13,10558425804
6070,25784590,51587471,77372061,8,0,1,1536,17,2988094102
6071,25787610,51833120,77620730,7,0,1,123904,4,2415540085
6072,25788670,32696186,58484856,3,0,0,60928,1,1349211051
6073,25794280,32281907,58076187,0,0,0,48128,2,9574402876
6074,25794300,51997926,77792226,7,0,1,89088,4,2097826087
6075,25810280,32329364,58139644,1,0,0,22528,15,3286686767
6076,25810800,52090164,77900964,2,0,1,1536,12,2874636496
6077,25819550,32338012,58157562,1,0,0,11264,15,5619816643
6078,25820160,52100699,77920859,2,0,1,7168,12,7125434988
6079,25825750,32937014,58762764,0,0,0,15360,2,1823554621
6080,25826860,32575819,58402679,0,0,0,45056,2,9829974588
6081,25827911,52092971,77920882,1,0,1,3072,15,5850328137
6082,25828530,32678895,58507425,5,0,0,17920,13,6282611742
6083,25853450,52083732,77937182,2,0,1,11264,12,8738096679
6084,25855160,32842916,58698076,1,0,0,155648,15,3223262298
6085,25861310,32461503,58322813,0,0,0,20992,2,8185752092
6086,25864210,32624413,58488623,0,0,0,12288,2,3195636669
6087,25876250,32571263,58447513,8,0,0,28672,17,7414104979
6088,25877500,52061628,77939128,2,0,1,3072,12,1337053955
6089,25890700,33198912,59089612,8,0,0,29696,17,6931409698
6090,25893770,52046344,77940114,7,0,1,1536,4,3908997374
6091,25896670,32462580,58359250,0,0,0,4096,2,10526849756
6092,25903569,32870762,58774331,2,0,0,37888,12,10550086100
6093,25914750,32935703,58850453,5,0,0,4096,13,1211355882
6094,25916250,52027090,77943340,2,0,1,5120,12,1883793537
6095,25916650,52042099,77958749,3,0,1,512,1,10103299213
6096,25927550,52031763,77959313,0,0,1,10752,2,7393431941
6097,25927710,32300038,58227748,3,0,0,7168,1,8814049506
6098,25935090,32566852,58501942,7,0,0,11776,4,637828298
6099,25939160,33242858,59182018,3,0,0,9216,1,1281684513
6100,25946940,32700390,58647330,7,0,0,37376,4,1242557291
6101,25947770,32582738,58530508,1,0,0,3584,15,2646372797
6102,25954320,52010636,77964956,2,0,1,5632,12,35817163
6103,25959500,33057326,59016826,0,0,0,8704,2,8529851952
6104,25960460,32901920,58862380,3,0,0,32256,1,6103532553
6105,25964130,52040833,78004963,2,0,1,6144,12,3260425474
6106,25964520,32547138,58511658,3,0,0,5632,1,3454722406
6107,25987660,32765987,58753647,6,0,0,89600,13,7054031389
6108,25997850,33275182,59273032,8,0,0,19456,17,9072729144
6109,26006480,32605359,58611839,1,0,0,1024,15,8721339605
6110,26016300,32432172,58448472,6,0,0,3072,13,748155240
6111,26017310,32910758,58928068,0,0,0,20992,2,7062781231
6112,26041750,32716311,58758061,7,0,0,6144,4,754921487
6113,26045760,51959226,78004986,0,0,1,1024,2,5432012843
6114,26047170,32601743,58648913,8,0,0,5120,17,743925141
6115,26050579,33009738,59060317,2,0,0,19968,12,9516490487
6116,26052610,32556625,58609235,7,0,0,2560,4,8302967749
6117,26060701,51944308,78005009,1,0,1,1024,15,4088238749
6118,26069230,51935802,78005032,4,0,1,2048,16,5344405186
6119,26080350,33090769,59171119,6,0,0,90112,13,8139812428
6120,26082080,32925518,59007598,7,0,0,38912,4,5239265038
6121,26083110,32763182,58846292,7,0,0,18432,4,5769485130
6122,26084130,32729925,58814055,7,0,0,2560,4,3695603606
6123,26098580,51906475,78005055,0,0,1,10240,2,7009804964
6124,26108510,32692699,58801209,8,0,0,32768,17,6013061779
6125,26119761,51896268,78016029,5,0,1,4608,13,9869722775
6126,26127681,51888371,78016052,6,0,1,3072,13,5777385237
6127,26133190,32701345,58834535,3,0,0,13824,1,10023285442
6128,26136080,51884238,78020318,8,0,1,10752,17,1643337332
6129,26141630,32614536,58756166,3,0,0,8192,1,5895246142
6130,26141910,32733285,58875195,5,0,0,41984,13,7430278097
6131,26145360,33227398,59372758,7,0,0,53248,4,8878051631
6132,26147530,33041832,59189362,3,0,0,3072,1,496758323
6133,26152401,51870228,78022629,5,0,1,4608,13,3893556239
6134,26158560,51869663,78028223,0,0,1,18432,2,7906120119
6135,26160601,51955524,78116125,1,0,1,13824,15,2079590026
6136,26161270,51955521,78116791,4,0,1,1024,16,5465958698
6137,26169090,51960138,78129228,8,0,1,1536,17,256487447
6138,26169160,32844724,59013884,0,0,0,6656,2,6606263110
6139,26173640,32744491,58918131,7,0,0,18944,4,1249449115
6140,26173920,32815451,58989371,8,0,0,38400,17,5632623015
6141,26175490,33146004,59321494,7,0,0,100352,4,3162040264
6142,26176851,51956243,78133094,6,0,1,6144,13,1205991185
6143,26201170,33341920,59543090,1,0,0,512,15,7114861187
6144,26205360,32765449,58970809,8,0,0,48128,17,2496552367
6145,26206700,32764490,58971190,0,0,0,1024,2,6397656951
6146,26209280,32745936,58955216,7,0,0,40960,4,3823375193
6147,26212240,32919706,59131946,0,0,0,7680,2,2832259288
6148,26232720,33031696,59264416,3,0,0,16384,1,10728414226
6149,26243099,33175831,59418930,7,0,0,17920,4,8080344150
6150,26247840,33282544,59530384,6,0,0,47104,13,10197226407
6151,26251000,32877037,59128037,8,0,0,22016,17,10665109211
6152,26255119,32841082,59096201,7,0,0,14336,4,769074575
6153,26255270,51914943,78170213,8,0,1,3072,17,8512516968
6154,26261150,33080560,59341710,3,0,0,35328,1,7199159534
6155,26261670,33301066,59562736,0,0,0,31744,2,7316664116
6156,26263091,51907145,78170236,6,0,1,9216,13,2769570678
6157,26264960,33196560,59461520,1,0,0,28160,15,9513943301
6158,26267590,33109610,59377200,3,0,0,3072,1,1018138702
6159,26268699,33111176,59379875,7,0,0,8704,4,8598873624
6160,26268870,32933438,59202308,3,0,0,35840,1,6430833040
6161,26270220,33115539,59385759,0,0,0,9216,2,9012035056
6162,26286770,32783298,59070068,7,0,0,1024,4,994400893
6163,26287629,33243402,59531031,7,0,0,2048,4,10554170272
6164,26291590,32913705,59205295,5,0,0,9728,13,1910833151
6165,26295750,32925188,59220938,1,0,0,5120,15,6262530232
6166,26296590,51888600,78185190,0,0,1,13824,2,88310520
6167,26298400,32834773,59133173,1,0,0,3584,15,2645030932
6168,26298790,33393107,59691897,0,0,0,32256,2,85021584
6169,26319540,33028408,59347948,6,0,0,14336,13,6514374324
6170,26320561,51914969,78235530,6,0,1,11776,13,4030403720
6171,26323809,33390473,59714282,2,0,0,55296,12,3195682065
6172,26324101,51951392,78275493,1,0,1,23552,15,839477002
6173,26330900,33270255,59601155,8,0,0,10752,17,1890116278
6174,26336770,33457318,59794088,5,0,0,15360,13,1879563215
6175,26340991,52039029,78380020,9,0,1,5632,13,4907639467
6176,26347440,32719217,59066657,3,0,0,3072,1,7121591181
6177,26347699,32859179,59206878,7,0,0,5120,4,855438894
6178,26369390,33202417,59571807,1,0,0,29696,15,4884785119
6179,26369610,32872803,59242413,1,0,0,9728,15,2284617097
6180,26374320,33210668,59584988,7,0,0,2048,4,4063762488
6181,26378700,32997357,59376057,0,0,0,10752,2,7999719812
6182,26399250,32931673,59330923,5,0,0,30720,13,8099544456
6183,26399830,51980213,78380043,0,0,1,11776,2,1005341617
6184,26407120,32946155,59353275,8,0,0,17408,17,301730784
6185,26409160,33272886,59682046,7,0,0,75776,4,3789085858
6186,26409410,33351637,59761047,5,0,0,9728,13,4066840619
6187,26415250,33706939,60122189,6,0,0,48128,13,3671336068
6188,26417180,33125731,59542911,6,0,0,17408,13,7340106088
6189,26420520,33337494,59758014,6,0,0,1024,13,2761800005
6190,26422720,33334913,59757633,3,0,0,15872,1,6479618443
6191,26423620,33023939,59447559,7,0,0,39424,4,4233178971
6192,26429011,52016032,78445043,9,0,1,18944,13,4949178216
6193,26432360,33288380,59720740,6,0,0,7680,13,6510890652
6194,26439210,33735462,60174672,5,0,0,3584,13,2110175396
6195,26439480,32903992,59343472,0,0,0,5632,2,2679824771
6196,26439531,52008990,78448521,9,0,1,5120,13,5240864167
6197,26441600,33142733,59584333,0,0,0,40960,2,7834414034
6198,26442770,33420766,59863536,6,0,0,66048,13,6878737960
6199,26450030,52024214,78474244,2,0,1,3072,12,7569049796
6200,26459160,52028271,78487431,0,0,1,3072,2,8651462971
6201,26461990,32990896,59452886,6,0,0,17408,13,2315080534
6202,26483740,33269034,59752774,8,0,0,15872,17,3158276051
6203,26486050,33232327,59718377,3,0,0,13312,1,532109496
6204,26502440,33089060,59591500,1,0,0,1536,15,6717244958
6205,26504730,51987429,78492159,7,0,1,5120,4,7546339879
6206,26509170,33453219,59962389,1,0,0,9216,15,9638432760
6207,26514120,33138909,59653029,5,0,0,39936,13,8283973194
6208,26520830,33227077,59747907,8,0,0,89088,17,2837380562
6209,26529100,51965423,78494523,0,0,1,6144,2,1735467680
6210,26529790,33167613,59697403,5,0,0,16384,13,2797559548
6211,26538820,33388986,59927806,8,0,0,5120,17,2904990454
6212,26545221,51952164,78497385,1,0,1,2048,15,10584895897
6213,26545660,33784258,60329918,1,0,0,17408,15,1458869151
6214,26548391,51949353,78497744,5,0,1,9728,13,10118125372
6215,26548430,32967579,59516009,5,0,0,39936,13,4903287714
6216,26551240,33065382,59616622,4,0,0,50688,16,10427882883
6217,26551990,51947127,78499117,2,0,1,512,12,7288126088
6218,26556610,51947013,78503623,0,0,1,7168,2,7379145696
6219,26559340,33338160,59897500,1,0,0,7168,15,9004416533
6220,26565821,52022001,78587822,5,0,1,14336,13,4188607971
6221,26573630,33800502,60374132,5,0,0,15360,13,9114339282
6222,26573810,52027318,78601128,8,0,1,6656,17,2003529628
6223,26579589,33112799,59692388,2,0,0,1536,12,3557751195
6224,26582040,33362675,59944715,5,0,0,9216,13,8931238444
6225,26582980,33786449,60369429,3,0,0,49152,1,5561247459
6226,26586729,33372829,59959558,2,0,0,48640,12,8827796878
6227,26588650,33173676,59762326,5,0,0,4096,13,4715143091
6228,26600170,33326053,59926223,0,0,0,29184,2,9106882859
6229,26602900,33453434,60056334,3,0,0,2560,1,6230969369
6230,26606720,33331428,59938148,8,0,0,7168,17,5641113965
6231,26606830,33277170,59884000,9,0,0,35328,13,8323295950
6232,26610830,33231373,59842203,4,0,0,17408,16,6270236484
6233,26618150,33622946,60241096,6,0,0,44032,13,8763613036
6234,26620000,33355968,59975968,3,0,0,20480,1,1611678740
6235,26621460,33571487,60192947,3,0,0,59904,1,4249869486
6236,26623000,33312941,59935941,0,0,0,26624,2,5023416960
6237,26624500,33212376,59836876,1,0,0,41984,15,2983807644
6238,26634190,51987607,78621797,7,0,1,6144,4,1675231029
6239,26637890,33353672,59991562,5,0,0,13312,13,8409232049
6240,26642300,33225962,59868262,4,0,0,15360,16,612370009
6241,26643660,33833458,60477118,9,0,0,14848,13,3806709944
6242,26643830,33343653,59987483,0,0,0,23552,2,5509287973
6243,26652951,51979828,78632779,5,0,1,16896,13,3064638469
6244,26659910,33304842,59964752,5,0,0,7680,13,7700081860
6245,26664590,33794749,60459339,1,0,0,20480,15,8791547164
6246,26668450,33491192,60159642,8,0,0,45568,17,4520941420
6247,26676740,51956062,78632802,2,0,1,13824,12,5945808371
6248,26678311,52089881,78768192,9,0,1,7168,13,184668874
6249,26707800,33607518,60315318,4,0,0,72704,16,633671046
6250,26714160,52054055,78768215,2,0,1,16384,12,6415163565
6251,26720630,33308276,60028906,6,0,0,1536,13,10171137531
6252,26721850,33423885,60145735,6,0,0,11264,13,9062762058
6253,26722660,33384842,60107502,5,0,0,39424,13,6419154211
6254,26724200,52052485,78776685,0,0,1,5120,2,8535789201
6255,26728680,33595553,60324233,6,0,0,29184,13,2264611041
6256,26743291,52077943,78821234,1,0,1,11264,15,6205393258
6257,26746990,33691129,60438119,8,0,0,9728,17,1621134014
6258,26747460,33393697,60141157,1,0,0,8192,15,6339499365
6259,26749631,52073209,78822840,1,0,1,1024,15,8851196223
6260,26750261,52072602,78822863,1,0,1,1536,15,1234106741
6261,26752610,52070276,78822886,8,0,1,10752,17,5598711086
6262,26764270,33560298,60324568,0,0,0,1024,2,489898900
6263,26766770,33364958,60131728,0,0,0,31232,2,9172620365
6264,26768600,52091083,78859683,4,0,1,17920,16,9186463843
6265,26783400,33605887,60389287,8,0,0,49664,17,5171464703
6266,26783651,52076186,78859837,5,0,1,8704,13,5357756345
6267,26797440,33597971,60395411,0,0,0,3072,2,6776762841
6268,26797990,33733604,60531594,6,0,0,22528,13,10392948680
6269,26798420,33340218,60138638,4,0,0,22528,16,1704793607
6270,26801280,33792103,60593383,5,0,0,46080,13,6848922634
6271,26811590,33481553,60293143,6,0,0,10752,13,3289417713
6272,26814240,33475604,60289844,0,0,0,25600,2,10113778533
6273,26822220,33644224,60466444,1,0,0,21504,15,1276681756
6274,26825451,52038252,78863703,6,0,1,6144,13,145911870
6275,26825840,52091972,78917812,8,0,1,22016,17,8270761979
6276,26831841,52174901,79006742,1,0,1,16384,15,4090372241
6277,26834220,33686449,60520669,4,0,0,48128,16,67634000
6278,26834770,33779437,60614207,0,0,0,20992,2,8434774014
6279,26835610,33384097,60219707,1,0,0,14336,15,10628939518
6280,26838160,33335397,60173557,4,0,0,45568,16,4273781361
6281,26850421,52156344,79006765,9,0,1,6144,13,1839562667
6282,26860520,33336575,60197095,4,0,0,13312,16,3460428267
6283,26861201,52145587,79006788,5,0,1,9216,13,8278348895
6284,26868000,33475384,60343384,1,0,0,512,15,1292393155
6285,26871540,33598203,60469743,4,0,0,10752,16,2575286761
6286,26876510,52213478,79089988,4,0,1,6144,16,1676877559
6287,26888130,33854920,60743050,3,0,0,16896,1,8099667869
6288,26890110,33597511,60487621,1,0,0,10240,15,9090349713
6289,26891060,33905359,60796419,3,0,0,8704,1,6139279417
6290,26896410,33369527,60265937,6,0,0,12800,13,7353450723
6291,26898990,33536142,60435132,3,0,0,26112,1,4855547843
6292,26903290,33521344,60424634,1,0,0,68608,15,4806609464
6293,26903620,33238660,60142280,4,0,0,3584,16,1482732741
6294,26908440,33665369,60573809,0,0,0,27648,2,3047086938
6295,26939300,33828832,60768132,3,0,0,64512,1,9197993721
6296,26945551,52144460,79090011,5,0,1,9216,13,927423007
6297,26949960,33758517,60708477,1,0,0,65536,15,4527618109
6298,26951440,33475713,60427153,5,0,0,8192,13,8100159000
6299,26964921,52125113,79090034,5,0,1,1536,13,5138657462
6300,26967220,33802495,60769715,0,0,0,5120,2,2539441401
6301,26969210,33824534,60793744,0,0,0,31232,2,1650497408
6302,26970140,34042153,61012293,6,0,0,13312,13,954798011
6303,26970770,52156085,79126855,8,0,1,7680,17,6915601021
6304,26973380,33934014,60907394,3,0,0,25088,1,8229486287
6305,26980070,33966506,60946576,6,0,0,16384,13,1046952833
6306,26982090,33623374,60605464,8,0,0,4096,17,986594035
6307,26982851,52166732,79149583,1,0,1,19456,15,4507170698
6308,26986610,33875186,60861796,1,0,0,35328,15,3770373340
6309,26987800,33863201,60851001,0,0,0,62976,2,1664287312
6310,26990030,33909697,60899727,4,0,0,124416,16,10712625619
6311,26992610,33611583,60604193,3,0,0,35328,1,3850402228
6312,26999780,52199884,79199664,2,0,1,7168,12,9714732714
6313,27007670,33775709,60783379,0,0,0,4608,2,1859186105
6314,27014790,52311470,79326260,2,0,1,3584,12,2657167752
6315,27019251,52307777,79327028,5,0,1,11776,13,1237318513
6316,27020100,52455905,79476005,0,0,1,32768,2,2722148412
6317,27029550,33657821,60687371,4,0,0,16896,16,10470677226
6318,27030590,52538132,79568722,4,0,1,8704,16,7904698152
6319,27042241,52602345,79644586,1,0,1,16384,15,4390986596
6320,27048439,33986763,61035202,2,0,0,8704,12,3398975612
6321,27052410,33486202,60538612,3,0,0,12800,1,3492253072
6322,27056290,33632196,60688486,5,0,0,3584,13,3395539604
6323,27061660,33578877,60640537,6,0,0,11264,13,8547369303
6324,27061980,52582629,79644609,4,0,1,2048,16,6815052111
6325,27071000,34350822,61421822,4,0,0,23040,16,8533064401
6326,27075410,33840142,60915552,1,0,0,17920,15,10008876678
6327,27086180,33836157,60922337,0,0,0,16896,2,785244856
6328,27112630,33625249,60737879,4,0,0,3072,16,8993621876
6329,27127000,33609920,60736920,0,0,0,57856,2,3371064812
6330,27127670,33898530,61026200,0,0,0,45568,2,7899133057
6331,27129650,52514982,79644632,4,0,1,5120,16,9432144203
6332,27141370,33791294,60932664,3,0,0,33792,1,6829071674
6333,27143419,33793636,60937055,2,0,0,14336,12,3221292505
6334,27149130,33808852,60957982,3,0,0,14336,1,3783735138
6335,27149600,33767566,60917166,0,0,0,1024,2,10188983550
6336,27151891,52514379,79666270,9,0,1,1536,13,2654362737
6337,27152540,33679250,60831790,5,0,0,19968,13,5043751879
6338,27155280,33505354,60660634,6,0,0,18944,13,3113193856
6339,27156671,52527245,79683916,5,0,1,26624,13,974311970
6340,27168370,33834942,61003312,9,0,0,10752,13,4638029903
6341,27170500,34016127,61186627,6,0,0,53760,13,7693896850
6342,27174590,33910685,61085275,1,0,0,22016,15,4107456489
6343,27175230,33734839,60910069,3,0,0,8704,1,8427753618
6344,27177031,52519586,79696617,6,0,1,6144,13,5778641702
6345,27179090,33791444,60970534,0,0,0,5120,2,594641774
6346,27183690,33733133,60916823,1,0,0,4096,15,3016982413
6347,27200020,33596890,60796910,0,0,0,1536,2,9559068808
6348,27202991,52515097,79718088,6,0,1,11264,13,2923594670
6349,27207550,52510884,79718434,2,0,1,512,12,2190661246
6350,27222410,33855851,61078261,1,0,0,18432,15,1399001206
6351,27231300,33830323,61061623,1,0,0,55296,15,4641636039
6352,27235660,33711407,60947067,1,0,0,1536,15,2508925338
6353,27237910,34113814,61351724,3,0,0,22528,1,1443386215
6354,27247580,52479317,79726897,7,0,1,7168,4,8027096772
6355,27247861,52491711,79739572,6,0,1,1024,13,10198406154
6356,27255840,52483886,79739726,2,0,1,8704,12,1843926020
6357,27257830,34280361,61538191,3,0,0,13312,1,10326862978
6358,27259750,33847791,61107541,3,0,0,13312,1,3028462022
6359,27265050,33694678,60959728,0,0,0,3072,2,7824154122
6360,27265340,34168527,61433867,4,0,0,7680,16,5369993602
6361,27266920,34047392,61314312,6,0,0,6656,13,3349815309
6362,27267450,52485257,79752707,0,0,1,1536,2,723783778
6363,27271180,33801442,61072622,3,0,0,1536,1,2698665154
6364,27279171,52511611,79790782,6,0,1,14336,13,8317124129
6365,27280960,52509845,79790805,2,0,1,14336,12,4005202580
6366,27285250,34262020,61547270,4,0,0,29696,16,5398472950
6367,27285380,33843557,61128937,1,0,0,23040,15,8044866032
6368,27288040,33934540,61222580,5,0,0,25600,13,9444868333
6369,27316250,33797866,61114116,6,0,0,21504,13,4236231833
6370,27327800,33867298,61195098,6,0,0,9728,13,2555122697
6371,27331320,52459508,79790828,2,0,1,6656,12,1351314326
6372,27335280,33987479,61322759,4,0,0,27648,16,6539612055
6373,27335391,52455460,79790851,5,0,1,512,13,10424306514
6374,27337180,33755337,61092517,1,0,0,17920,15,772777816
6375,27340060,52498962,79839022,7,0,1,7680,4,577026462
6376,27355200,33901976,61257176,0,0,0,33280,2,10153043630
6377,27355670,34103069,61458739,6,0,0,61952,13,9498026156
6378,27357480,52481565,79839045,0,0,1,512,2,10279585175
6379,27357950,34032348,61390298,5,0,0,80896,13,3433876071
6380,27358260,52480808,79839068,2,0,1,8192,12,862031837
6381,27362039,34291428,61653467,2,0,0,64000,12,907489119
6382,27370000,33853383,61223383,8,0,0,2560,17,7100358233
6383,27375850,34341860,61717710,3,0,0,44544,1,7135352053
6384,27378210,33916134,61294344,4,0,0,6656,16,9632994828
6385,27378350,34658601,62036951,0,0,0,20480,2,2791237613
6386,27379210,52459897,79839107,4,0,1,5632,16,1444213930
6387,27379290,34154791,61534081,5,0,0,106496,13,1533400264
6388,27382520,33808962,61191482,4,0,0,1536,16,4985079366
6389,27382700,33841798,61224498,1,0,0,3584,15,86146051
6390,27385419,34116145,61501564,2,0,0,9216,12,10541930503
6391,27395659,33844585,61240244,2,0,0,9216,12,6451572560
6392,27396600,34176073,61572673,3,0,0,9216,1,4606480146
6393,27404921,52434209,79839130,5,0,1,4608,13,7838699392
6394,27405590,33781996,61187586,5,0,0,3072,13,10602356337
6395,27405760,34227230,61632990,8,0,0,7168,17,5401246485
6396,27407090,34160225,61567315,4,0,0,23552,16,8350881203
6397,27408760,34349689,61758449,0,0,0,133632,2,5433606611
6398,27409970,34580285,61990255,8,0,0,8192,17,1761957104
6399,27414311,52424842,79839153,1,0,1,2048,15,1903271405
6400,27425260,52413916,79839176,7,0,1,12288,4,6670075266
6401,27426190,34192149,61618339,0,0,0,17408,2,5271605729
6402,27428840,34473111,61901951,5,0,0,26112,13,4995917236
6403,27431420,52407779,79839199,8,0,1,11776,17,3746466563
6404,27434170,33901391,61335561,8,0,0,1024,17,9595511365
6405,27434991,52582303,80017294,5,0,1,512,13,404162929
6406,27435580,52582060,80017640,7,0,1,512,4,5058473594
6407,27438240,34644369,62082609,0,0,0,6656,2,7899837407
6408,27438270,34121815,61560085,8,0,0,41984,17,9311847180
6409,27442680,34211278,61653958,5,0,0,1536,13,6049857291
6410,27444170,34184807,61628977,1,0,0,6144,15,7176330405
6411,27444281,52578646,80022927,1,0,1,16896,15,3443010590
6412,27444930,52637493,80082423,2,0,1,14848,12,2389313148
6413,27451500,34047233,61498733,4,0,0,23552,16,3832197705
6414,27459631,52740183,80199814,9,0,1,4096,13,10028512557
6415,27461720,34010089,61471809,8,0,0,3584,17,6167511665
6416,27464820,52735017,80199837,3,0,1,12800,1,4350871948
6417,27465030,34302810,61767840,6,0,0,30720,13,1981725774
6418,27469541,52735407,80204948,9,0,1,3072,13,6538849760
6419,27470710,52750241,80220951,7,0,1,7680,4,4978093647
6420,27473460,52747514,80220974,8,0,1,2048,17,7839421854
6421,27483809,34086025,61569834,2,0,0,8192,12,3887877826
6422,27497280,34414442,61911722,8,0,0,19968,17,2929825413
6423,27504450,34281509,61785959,4,0,0,59392,16,5428657459
6424,27509490,34075025,61584515,4,0,0,6656,16,9298121259
6425,27512880,52708117,80220997,0,0,1,512,2,93071691
6426,27514170,34112912,61627082,1,0,0,6656,15,1989964230
6427,27521170,52722556,80243726,0,0,1,18944,2,1414056520
6428,27523650,34641961,62165611,1,0,0,47104,15,2871113156
6429,27525139,34314397,61839536,2,0,0,9216,12,4315083613
6430,27527121,52779526,80306647,6,0,1,1536,13,4722395333
6431,27530641,52776979,80307620,9,0,1,12800,13,3663921042
6432,27538720,34399964,61938684,4,0,0,2560,16,8797476325
6433,27539359,34280718,61820077,2,0,0,6656,12,9647777824
6434,27541820,52816073,80357893,4,0,1,8704,16,6982372285
6435,27542370,34574761,62117131,1,0,0,68608,15,1898390257
6436,27545880,34482437,62028317,4,0,0,73728,16,4202464155
6437,27570640,52837986,80408626,4,0,1,13824,16,2959520779
6438,27572520,34481417,62053937,9,0,0,14336,13,5736336641
6439,27581390,52934907,80516297,0,0,1,21504,2,1759726292
6440,27588949,34364485,61953434,2,0,0,18944,12,4510717012
6441,27590210,34467190,62057400,5,0,0,11264,13,10596404021
6442,27602050,34494154,62096204,7,0,0,44544,4,3670179204
6443,27603410,34477124,62080534,8,0,0,70656,17,1397492287
6444,27607210,34442244,62049454,3,0,0,40960,1,8583624557
6445,27609330,34659962,62269292,6,0,0,23552,13,10473908711
6446,27611481,53005456,80616937,9,0,1,3072,13,6191457886
6447,27616040,34318890,61934930,8,0,0,3072,17,2789313697
6448,27631639,34350169,61981808,2,0,0,12288,12,6400494142
6449,27631670,34495834,62127504,4,0,0,29696,16,2474177142
6450,27634541,52982521,80617062,1,0,1,2560,15,9833661391
6451,27641840,34332286,61974126,1,0,0,9728,15,5135076486
6452,27648080,34317810,61965890,5,0,0,23040,13,6045398775
6453,27654210,53004802,80659012,4,0,1,3584,16,6487713536
6454,27654930,34350721,62005651,6,0,0,38400,13,9587661276
6455,27665789,34511701,62177490,2,0,0,38912,12,2686235541
6456,27666770,34519801,62186571,3,0,0,15872,1,5891858534
6457,27670140,52989858,80659998,4,0,1,1536,16,10404315509
6458,27676979,34382004,62058983,2,0,0,5120,12,1890839994
6459,27679150,34582943,62262093,2,0,0,30720,12,2923571825
6460,27683770,34322060,62005830,5,0,0,512,13,8836471912
6461,27689940,34524256,62214196,4,0,0,2560,16,7427144093
6462,27694290,34336390,62030680,3,0,0,7680,1,9704200266
6463,27698730,34446901,62145631,6,0,0,1536,13,733725204
6464,27703740,34436215,62139955,2,0,0,3072,12,1288276998
6465,27710110,34407200,62117310,0,0,0,512,2,9211962484
6466,27714141,52949346,80663487,9,0,1,5120,13,10277733916
6467,27715150,34403275,62118425,5,0,0,3584,13,6933883715
6468,27716720,52947113,80663833,4,0,1,512,16,3281187199
6469,27724370,34556333,62280703,5,0,0,37376,13,6396031288
6470,27735001,53029790,80764791,1,0,1,27136,15,5319857247
6471,27737740,34764392,62502132,6,0,0,46080,13,4894273342
6472,27738501,53067667,80806168,9,0,1,2560,13,941406299
6473,27743291,53063543,80806834,5,0,1,11264,13,7449473653
6474,27746450,53157290,80903740,4,0,1,5632,16,8587400465
6475,27749570,34896943,62646513,3,0,0,57856,1,4008650630
6476,27751280,34629607,62380887,4,0,0,36352,16,340827475
6477,27752640,34530426,62283066,6,0,0,7680,13,4298250813
6478,27756530,53161608,80918138,8,0,1,5120,17,9902798196
6479,27760940,34620282,62381222,4,0,0,1024,16,2450088861
6480,27763340,53187875,80951215,0,0,1,26112,2,3353573799
6481,27769370,34778531,62547901,5,0,0,14336,13,1284332407
6482,27786800,34731758,62518558,4,0,0,49152,16,4573296391
6483,27788090,53192589,80980679,7,0,1,2560,4,5802903235
6484,27788920,34500299,62289219,8,0,0,512,17,7211189883
6485,27791629,34674727,62466356,2,0,0,14848,12,5721000558
6486,27793310,34710249,62503559,1,0,0,4608,15,6513880444
6487,27795270,53238247,81033517,7,0,1,12800,4,863571676
6488,27798440,53398199,81196639,8,0,1,19968,17,1458620532
6489,27807600,53497061,81304661,7,0,1,2048,4,530055396
6490,27808350,34408208,62216558,0,0,0,3584,2,1340640244
6491,27811040,34489860,62300900,5,0,0,3584,13,5560648196
6492,27817400,34644409,62461809,6,0,0,12800,13,3372463384
6493,27819380,34469637,62289017,1,0,0,19456,15,1674336792
6494,27822840,34568294,62391134,4,0,0,17920,16,6163191080
6495,27823500,53499022,81322522,0,0,1,8192,2,6164445809
6496,27823690,34634196,62457886,1,0,0,3072,15,3073073840
6497,27826580,34716930,62543510,4,0,0,1536,16,5827007881
6498,27826760,34695097,62521857,5,0,0,10752,13,5445114040
6499,27828880,53530964,81359844,4,0,1,12288,16,1362067721
6500,27830000,34626927,62456927,5,0,0,109056,13,3143086403
6501,27830430,34637197,62467627,4,0,0,4096,16,5978253864
6502,27830531,53542416,81372947,9,0,1,6656,13,3921313499
6503,27833060,34780021,62613081,3,0,0,37376,1,10064952706
6504,27835250,35064768,62900018,3,0,0,20992,1,6640995970
6505,27837600,34705419,62543019,0,0,0,40448,2,6593622935
6506,27846030,34751507,62597537,3,0,0,1024,1,1601610198
6507,27849380,53613266,81462646,2,0,1,41472,12,1170906630
6508,27852090,34745112,62597202,3,0,0,13312,1,3574867407
6509,27853020,34951392,62804412,6,0,0,13312,13,2800342165
6510,27854730,53654702,81509432,8,0,1,3072,17,9923784517
6511,27858750,34626430,62485180,1,0,0,4608,15,4646166059
6512,27859090,34763218,62622308,3,0,0,30208,1,4764736297
6513,27863120,34791372,62654492,8,0,0,26112,17,9810767436
6514,27871390,35000280,62871670,5,0,0,27136,13,4801428816
6515,27874299,34886981,62761280,2,0,0,5632,12,8069599776
6516,27883341,53626114,81509455,9,0,1,2048,13,1457872798
6517,27883799,34793837,62677636,2,0,0,19968,12,4359003664
6518,27885290,34954664,62839954,5,0,0,44032,13,4886958990
6519,27886160,35135135,63021295,1,0,0,15872,15,5632217956
6520,27888629,34768538,62657167,2,0,0,8704,12,2981566973
6521,27891281,53618197,81509478,9,0,1,2048,13,960263739
6522,27905430,35197081,63102511,3,0,0,41472,1,9202493469
6523,27906181,53603320,81509501,5,0,1,3584,13,10027559145
6524,27907740,34887668,62795408,5,0,0,11776,13,2835930396
6525,27916750,35120069,63036819,8,0,0,48128,17,325973845
6526,27917380,35147517,63064897,4,0,0,85504,16,343752228
6527,27926970,53583201,81510171,2,0,1,4096,12,9079761329
6528,27933610,34846595,62780205,6,0,0,4608,13,5139202269
6529,27936420,34830356,62766776,1,0,0,11776,15,4246210561
6530,27950870,34849463,62800333,8,0,0,4096,17,5763972463
6531,27956260,35206426,63162686,0,0,0,63488,2,10146015405
6532,27956880,34995721,62952601,5,0,0,48640,13,10053333643
6533,27958739,35152063,63110802,2,0,0,27136,12,9544879541
6534,27964831,53545363,81510194,9,0,1,20992,13,954563767
6535,27972290,34956496,62928786,3,0,0,18944,1,1996996667
6536,27976700,35022979,62999679,3,0,0,22016,1,9459059371
6537,27987190,35149866,63137056,0,0,0,64512,2,3931998094
6538,27991490,34920282,62911772,6,0,0,12288,13,3361422668
6539,27993670,35343672,63337342,4,0,0,2560,16,6026309060
6540,27993750,35319836,63313586,8,0,0,30208,17,8325306811
6541,28005290,35273518,63278808,4,0,0,11776,16,5223470514
6542,28012860,35259194,63272054,0,0,0,39424,2,758747810
6543,28016990,53524395,81541385,8,0,1,512,17,10108348789
6544,28018980,34862048,62881028,4,0,0,7168,16,1347761743
6545,28025910,35374963,63400873,0,0,0,33792,2,6985503354
6546,28027780,35247417,63275197,1,0,0,10240,15,623319273
6547,28031919,34900183,62932102,2,0,0,3072,12,9726340605
6548,28036290,35171447,63207737,9,0,0,34304,13,9539479094
6549,28037970,35139523,63177493,4,0,0,30208,16,8700123244
6550,28038550,35104769,63143319,9,0,0,20480,13,6760446957
6551,28042310,35397569,63439879,9,0,0,24576,13,7667769523
6552,28042830,34994792,63037622,7,0,0,2560,4,9058403375
6553,28046000,35213372,63259372,3,0,0,55296,1,1687413725
6554,28046040,35463497,63509537,3,0,0,8192,1,7750541762
6555,28048060,35430819,63478879,9,0,0,17408,13,6771090391
6556,28049969,35281747,63331716,2,0,0,20480,12,4279732765
6557,28050720,35209299,63260019,3,0,0,2048,1,612636942
6558,28056730,35060647,63117377,5,0,0,21504,13,4069667868
6559,28059850,53585061,81644911,0,0,1,8704,2,10724633964
6560,28069791,54299291,82369082,5,0,1,184320,13,6672573600
6561,28073660,54328950,82402610,2,0,1,12288,12,7489309575
6562,28076680,35290482,63367162,1,0,0,10240,15,7965763149
6563,28078071,54324562,82402633,6,0,1,10752,13,8788067744
6564,28078190,35466955,63545145,8,0,0,6144,17,6024769491
6565,28083210,35103952,63187162,8,0,0,4608,17,9136226138
6566,28093029,35485626,63578655,2,0,0,4096,12,1265437937
6567,28096830,35469035,63565865,0,0,0,31744,2,8008015801
6568,28115329,35358223,63473552,2,0,0,29184,12,1639608159
6569,28117460,35514600,63632060,9,0,0,59904,13,1170393886
6570,28121240,35548641,63669881,3,0,0,92160,1,410638653
6571,28127600,54313065,82440665,7,0,1,8192,4,9362597791
6572,28141590,35540505,63682095,3,0,0,19968,1,874610058
6573,28146370,35615527,63761897,5,0,0,27648,13,6048646298
6574,28147880,35265050,63412930,9,0,0,28160,13,3732280094
6575,28152660,35251667,63404327,8,0,0,7168,17,2925906940
6576,28153000,54364974,82517974,8,0,1,10752,17,2399791030
6577,28153960,35599490,63753450,5,0,0,10240,13,6844298835
6578,28154520,35310117,63464637,6,0,0,17408,13,7176275307
6579,28155390,35360387,63515777,5,0,0,18944,13,1000981236
6580,28159431,54360565,82519996,6,0,1,6144,13,3791726546
6581,28166030,35598854,63764884,8,0,0,9728,17,10051422933
6582,28175820,35514901,63690721,3,0,0,28160,1,1002740932
6583,28179340,35337084,63516424,6,0,0,2048,13,3016868254
6584,28182139,35747198,63929337,2,0,0,31744,12,8915727603
6585,28182210,54338132,82520342,0,0,1,512,2,2900976219
6586,28187480,35488508,63675988,4,0,0,19968,16,3892072248
6587,28189180,36019582,64208762,8,0,0,51200,17,1332324837
6588,28191200,54329808,82521008,4,0,1,11264,16,9353595930
6589,28191660,54390934,82582594,4,0,1,1024,16,9959411620
6590,28196471,54388977,82585448,6,0,1,5120,13,4653120029
6591,28198939,35491961,63690900,2,0,0,512,12,3412435787
6592,28200520,35434059,63634579,1,0,0,8192,15,866406549
6593,28208231,54377240,82585471,9,0,1,4608,13,9560769035
6594,28208600,35588948,63797548,9,0,0,2560,13,6162869771
6595,28209950,35534933,63744883,0,0,0,512,2,641319696
6596,28221061,54364433,82585494,1,0,1,6656,15,3253388667
6597,28222560,35727105,63949665,4,0,0,12800,16,981769791
6598,28226990,35950254,64177244,8,0,0,150528,17,4289531355
6599,28231530,36012020,64243550,5,0,0,34304,13,1644893159
6600,28237130,35498534,63735664,9,0,0,35328,13,7033851571
6601,28239320,35729419,63968739,4,0,0,8704,16,4575852002
6602,28239720,54345797,82585517,7,0,1,1536,4,1959953239
6603,28244270,54341270,82585540,8,0,1,2048,17,4796228466
6604,28251400,54338581,82589981,2,0,1,8192,12,2491674401
6605,28252600,35757605,64010205,0,0,0,50176,2,9077036818
6606,28253440,35705764,63959204,1,0,0,31232,15,8427578762
6607,28254519,35659009,63913528,2,0,0,73728,12,6309291406
6608,28256110,35596830,63852940,3,0,0,4608,1,4506513606
6609,28258050,35930123,64188173,4,0,0,17408,16,7306403969
6610,28262249,36199523,64461772,2,0,0,37888,12,1140101017
6611,28263490,35776731,64040221,3,0,0,11264,1,978504304
6612,28263630,35747534,64011164,0,0,0,3072,2,4590505095
6613,28269430,54321217,82590647,7,0,1,11264,4,6507172039
6614,28269620,54345648,82615268,4,0,1,7168,16,5085789709
6615,28269990,35812248,64082238,3,0,0,2048,1,6010020308
6616,28273239,35779941,64053180,2,0,0,3584,12,6961508806
6617,28278660,35769791,64048451,1,0,0,26112,15,1463395209
6618,28286870,54333939,82620809,8,0,1,4608,17,9889061978
6619,28290070,35890964,64181034,5,0,0,12288,13,9161395918
6620,28293430,35960556,64253986,8,0,0,2048,17,9883383187
6621,28301060,35829232,64130292,6,0,0,33280,13,9294175774
6622,28304300,36280142,64584442,5,0,0,51200,13,1164916676
6623,28312260,35908752,64221012,8,0,0,6144,17,4657576258
6624,28324740,35899871,64224611,6,0,0,5120,13,9825862915
6625,28325650,36050221,64375871,3,0,0,25600,1,3837611348
6626,28330180,35984017,64314197,3,0,0,15872,1,8431010928
6627,28332020,35936640,64268660,8,0,0,9728,17,8165769425
6628,28334880,36201641,64536521,8,0,0,47616,17,8983516240
6629,28338330,36059907,64398237,8,0,0,3072,17,9173458664
6630,28352120,35972487,64324607,9,0,0,9216,13,8786756677
6631,28353410,36198450,64551860,8,0,0,38912,17,5609883532
6632,28359200,36078581,64437781,5,0,0,4096,13,9406953239
6633,28373330,35969783,64343113,1,0,0,38912,15,9705326012
6634,28376951,54243881,82620832,6,0,1,13312,13,8432021431
6635,28377720,35866953,64244673,3,0,0,3584,1,6817852672
6636,28380890,36095034,64475924,0,0,0,17408,2,5518392367
6637,28399510,36198238,64597748,1,0,0,42496,15,681698953
6638,28402020,36154716,64556736,5,0,0,6144,13,5848163173
6639,28403961,54863689,83267650,5,0,1,172032,13,2792167623
6640,28416150,35947041,64363191,3,0,0,5120,1,5139568628
6641,28420560,36116140,64536700,6,0,0,512,13,1660937797
6642,28431590,36403541,64835131,1,0,0,7680,15,4650095769
6643,28432580,36002756,64435336,8,0,0,6144,17,4254718044
6644,28438000,35973195,64411195,4,0,0,8704,16,10493350166
6645,28444140,54870641,83314781,8,0,1,9216,17,8579920286
6646,28444630,36388138,64832768,4,0,0,51200,16,5879680431
6647,28447370,36736314,65183684,8,0,0,16896,17,9713093415
6648,28460480,36234830,64695310,5,0,0,11264,13,4499610785
6649,28462490,54852957,83315447,2,0,1,1024,12,10680221723
6650,28463360,36039431,64502791,9,0,0,4608,13,5881636861
6651,28464120,54885114,83349234,7,0,1,15872,4,117192749
6652,28466840,36018779,64485619,0,0,0,31744,2,1051452258
6653,28473130,36485015,64958145,4,0,0,66048,16,7654568686
6654,28473160,36215889,64689049,8,0,0,2560,17,8560644359
6655,28476870,36184345,64661215,5,0,0,3072,13,89001988
6656,28477530,54910583,83388113,8,0,1,5632,17,6752415348
6657,28483580,36238590,64722170,8,0,0,57344,17,637737672
6658,28492160,54895976,83388136,0,0,1,512,2,5617919709
6659,28494281,54910819,83405100,1,0,1,22016,15,5976438332
6660,28502880,36169790,64672670,3,0,0,15872,1,3542324679
6661,28504300,36359548,64863848,9,0,0,3072,13,1024683402
6662,28507710,55025413,83533123,2,0,1,25088,12,3049812026
6663,28509110,36405489,64914599,0,0,0,88064,2,5256511104
6664,28509790,36089306,64599096,0,0,0,4096,2,9598725258
6665,28510880,36073897,64584777,0,0,0,1024,2,1953925009
6666,28518280,36095188,64613468,1,0,0,9216,15,4189243843
6667,28524410,36503670,65028080,0,0,0,33792,2,1843064059
6668,28527680,36072962,64600642,8,0,0,512,17,8629954934
6669,28530290,36893566,65423856,1,0,0,39424,15,8154426593
6670,28530400,36576806,65107206,1,0,0,35328,15,10651987478
6671,28532510,36772373,65304883,5,0,0,94208,13,6694598186
6672,28537700,36316949,64854649,0,0,0,512,2,8894086818
6673,28538510,36597914,65136424,5,0,0,9728,13,8764543369
6674,28541859,36582919,65124778,2,0,0,34816,12,3530713330
6675,28543990,55008305,83552295,7,0,1,4608,4,8519248423
6676,28544970,36548142,65093112,4,0,0,35840,16,2892388433
6677,28546440,55113228,83659668,8,0,1,3584,17,396958236
6678,28548320,36502477,65050797,5,0,0,13312,13,1385136493
6679,28554730,55104961,83659691,7,0,1,5120,4,5076239869
6680,28557330,36173659,64730989,3,0,0,4096,1,6883873118
6681,28558020,36304547,64862567,6,0,0,10752,13,1450175690
6682,28561060,55170890,83731950,0,0,1,12800,2,7523836827
6683,28561220,36375050,64936270,4,0,0,44032,16,9615040035
6684,28565470,36218819,64784289,4,0,0,60928,16,476071961
6685,28571220,55227913,83799133,7,0,1,2560,4,4709968386
6686,28574589,37226839,65801428,2,0,0,16384,12,81639357
6687,28574761,55229761,83804522,1,0,1,17408,15,6224025975
6688,28578099,36380849,64958948,2,0,0,2560,12,5176523492
6689,28586640,36906967,65493607,6,0,0,24064,13,4992809733
6690,28588720,55238836,83827556,8,0,1,9216,17,3683344153
6691,28598221,55283449,83881670,6,0,1,3072,13,8428068617
6692,28598490,36321303,64919793,6,0,0,1024,13,3915843316
6693,28607910,36227400,64835310,5,0,0,512,13,1621915582
6694,28607959,36197223,64805182,2,0,0,6656,12,890398888
6695,28610610,36767170,65377780,1,0,0,48128,15,9007179533
6696,28617290,55286994,83904284,7,0,1,13312,4,3800313399
6697,28621579,36456355,65077934,2,0,0,45056,12,4897795610
6698,28649710,36271822,64921532,4,0,0,5632,16,5509414585
6699,28651310,55336956,83988266,2,0,1,19968,12,8989584844
6700,28652590,36266868,64919458,6,0,0,15872,13,3495704456
6701,28660650,36322592,64983242,6,0,0,5632,13,8830337685
6702,28676170,55361610,84037780,7,0,1,12288,4,3454126017
6703,28679340,36783264,65462604,8,0,0,25600,17,1895727933
6704,28679910,36281245,64961155,8,0,0,7168,17,10054572798
6705,28688150,36291344,64979494,6,0,0,24576,13,6661884217
6706,28701761,55337227,84038988,6,0,1,3072,13,4732036292
6707,28705999,36390420,65096419,2,0,0,10752,12,1190833801
6708,28706000,55357787,84063787,8,0,1,3072,17,6956275673
6709,28712080,36370089,65082169,6,0,0,13824,13,3844459195
6710,28717360,55352276,84069636,7,0,1,3584,4,7654214441
6711,28723490,36539516,65263006,9,0,0,80896,13,4811021346
6712,28741310,36448893,65190203,6,0,0,14336,13,10650553122
6713,28744410,55325249,84069659,8,0,1,9216,17,6838199940
6714,28745360,36873689,65619049,5,0,0,18944,13,704110333
6715,28748400,36303356,65051756,8,0,0,3072,17,2477703513
6716,28749890,36481503,65231393,5,0,0,19456,13,1374444005
6717,28750250,36836501,65586751,0,0,0,50176,2,5961155719
6718,28750380,36428133,65178513,5,0,0,32768,13,2931341247
6719,28750960,36802301,65553261,3,0,0,71680,1,1130425015
6720,28752670,36935923,65688593,8,0,0,83968,17,6989923374
6721,28766220,36498213,65264433,5,0,0,4608,13,10564154338
6722,28767080,36432686,65199766,1,0,0,512,15,794719864
6723,28769390,36618547,65387937,4,0,0,4608,16,424529009
6724,28769640,36547777,65317417,4,0,0,13312,16,9221062081
6725,28773240,36540090,65313330,6,0,0,27648,13,8696569828
6726,28777140,36499016,65276156,4,0,0,38400,16,8151756926
6727,28777961,55406798,84184759,6,0,1,7680,13,2048714094
6728,28778970,36546426,65325396,6,0,0,26112,13,5959913308
6729,28779140,36553505,65332645,3,0,0,17408,1,10334892176
6730,28782220,36749155,65531375,5,0,0,73216,13,5053387640
6731,28785070,36663710,65448780,8,0,0,9728,17,8751645664
6732,28785590,55475229,84260819,2,0,1,9728,12,6202741165
6733,28793340,36554764,65348104,4,0,0,17408,16,9518204506
6734,28811930,36574580,65386510,1,0,0,11264,15,7816078276
6735,28813110,36625520,65438630,5,0,0,18432,13,6447199109
6736,28814530,55446312,84260842,4,0,1,512,16,9454818248
6737,28827950,36806615,65634565,3,0,0,512,1,1472462005
6738,28835430,36755088,65590518,6,0,0,12288,13,7510343556
6739,28848780,37068562,65917342,5,0,0,23552,13,8408415478
6740,28849870,36794150,65644020,0,0,0,13824,2,6250569247
6741,28850310,36704401,65554711,1,0,0,4608,15,10631224448
6742,28866250,55394615,84260865,2,0,1,8704,12,7580113693
6743,28867860,36894064,65761924,5,0,0,43008,13,4066380719
6744,28869300,36873133,65742433,4,0,0,13312,16,3794983893
6745,28873919,36838376,65712295,2,0,0,33792,12,8448779794
6746,28888741,55383183,84271924,1,0,1,6144,15,7328908134
6747,28889760,55401495,84291255,2,0,1,4096,12,9203503468
6748,28893170,36798277,65691447,8,0,0,5632,17,3718838916
6749,28897050,55409562,84306612,0,0,1,3072,2,8808704880
6750,28897610,36671463,65569073,9,0,0,14336,13,6697949528
6751,28908190,37001953,65910143,1,0,0,72192,15,10129130490
6752,28912970,55393665,84306635,2,0,1,1024,12,2876189380
6753,28921580,36768128,65689708,0,0,0,3584,2,161394357
6754,28935420,36779317,65714737,3,0,0,3072,1,3549292259
6755,28938750,55367916,84306666,4,0,1,10752,16,1452223697
6756,28942800,37064224,66007024,8,0,0,18432,17,3730078893
6757,28949540,36867081,65816621,8,0,0,8704,17,6752401314
6758,28957609,36922828,65880437,2,0,0,52736,12,8694456276
6759,28966060,55340629,84306689,7,0,1,4096,4,4567390888
6760,28968100,37207760,66175860,6,0,0,91648,13,1267095607
6761,28970210,36894136,65864346,0,0,0,32256,2,3657174605
6762,28972060,36841886,65813946,5,0,0,28160,13,3289072732
6763,28977501,55478746,84456247,9,0,1,6144,13,4337046657
6764,28977831,56191388,85169219,5,0,1,415744,13,5380931429
6765,28980590,37275244,66255834,5,0,0,26112,13,3783465363
6766,28984260,37001304,65985564,5,0,0,10240,13,9549074322
6767,28988300,36862195,65850495,9,0,0,13824,13,4532167573
6768,28993140,37357741,66350881,1,0,0,13824,15,2555652989
6769,28996890,56218062,85214952,0,0,1,5632,2,10595596044
6770,28998910,37057424,66056334,9,0,0,23040,13,4360586038
6771,29007940,37070938,66078878,3,0,0,62976,1,8935792056
6772,29014350,36837884,65852234,4,0,0,5632,16,6436616392
6773,29014539,37561460,66575999,2,0,0,76288,12,1881865320
6774,29016170,56199141,85215311,8,0,1,9728,17,7651744677
6775,29026240,37267047,66293287,1,0,0,22528,15,8387240031
6776,29026971,56214045,85241016,9,0,1,3072,13,7309743473
6777,29028930,36859194,65888124,0,0,0,18432,2,2651462719
6778,29036550,36727581,65764131,8,0,0,7168,17,1131350708
6779,29040900,56200680,85241580,2,0,1,10752,12,2473138494
6780,29045280,37213853,66259133,6,0,0,10752,13,3920165165
6781,29046350,37404844,66451194,1,0,0,12288,15,9878867610
6782,29047080,36754839,65801919,4,0,0,1536,16,6981666497
6783,29060530,37347242,66407772,3,0,0,24576,1,5546500767
6784,29061460,37572392,66633852,4,0,0,38400,16,4628973184
6785,29066120,56255866,85321986,8,0,1,15360,17,6812440198
6786,29072981,56249028,85322009,6,0,1,7168,13,8389647173
6787,29074621,56248101,85322722,9,0,1,9216,13,10708761636
6788,29077050,37235057,66312107,9,0,0,26624,13,134218769
6789,29077529,37198334,66275863,2,0,0,40960,12,2890872679
6790,29077840,36726291,65804131,0,0,0,7168,2,3590847496
6791,29080900,37012372,66093272,3,0,0,13312,1,391705356
6792,29096300,37107629,66203929,8,0,0,37888,17,10434268978
6793,29098180,36951111,66049291,3,0,0,59392,1,8633209579
6794,29108050,56215658,85323708,4,0,1,1536,16,6461273336
6795,29113751,56212863,85326614,5,0,1,4608,13,4775472848
6796,29124890,37011956,66136846,8,0,0,50176,17,3458084992
6797,29129970,37077726,66207696,6,0,0,12288,13,435280563
6798,29130950,37097165,66228115,9,0,0,13824,13,5710870585
6799,29132860,37266844,66399704,3,0,0,12800,1,5067362878
6800,29143000,37252781,66395781,8,0,0,34816,17,554021386
6801,29149589,37403143,66552732,2,0,0,72192,12,7749074218
6802,29152619,37539038,66691657,2,0,0,20480,12,4046206500
6803,29153080,37334744,66487824,4,0,0,20480,16,5654574998
6804,29157040,37623302,66780342,6,0,0,70656,13,8024861646
6805,29160250,56170550,85330800,4,0,1,6656,16,6249023563
6806,29167620,36933216,66100836,9,0,0,11776,13,9153759040
6807,29170460,37048437,66218897,6,0,0,6656,13,1455954272
6808,29187000,37559484,66746484,1,0,0,32768,15,2614919605
6809,29190460,37113512,66303972,8,0,0,34304,17,9147728575
6810,29192130,56149906,85342036,0,0,1,512,2,1615044783
6811,29197200,38157314,67354514,4,0,0,67584,16,6181043493
6812,29198680,37505283,66703963,5,0,0,512,13,6531799190
6813,29200210,56142172,85342382,2,0,1,512,12,5704263529
6814,29207380,37786820,66994200,5,0,0,14336,13,9206754831
6815,29208750,37391250,66600000,5,0,0,48640,13,3486284943
6816,29225230,37478485,66703715,4,0,0,39424,16,4793636334
6817,29230450,37347600,66578050,6,0,0,6656,13,4266517959
6818,29231641,56211746,85443387,9,0,1,20480,13,5416553634
6819,29242210,56206323,85448533,8,0,1,8192,17,283358081
6820,29243330,37210018,66453348,3,0,0,3072,1,1756475002
6821,29245250,37396188,66641438,8,0,0,15872,17,10729093976
6822,29248850,37576798,66825648,4,0,0,20992,16,3492095620
6823,29250980,37507811,66758791,3,0,0,23040,1,9345952367
6824,29251430,37158393,66409823,4,0,0,6656,16,6825329707
6825,29251890,56269463,85521353,8,0,1,5632,17,119454847
6826,29254220,56267156,85521376,0,0,1,4608,2,3516278611
6827,29254380,37714609,66968989,4,0,0,49152,16,3281047435
6828,29256010,38177698,67433708,0,0,0,13824,2,5267936261
6829,29267981,56253418,85521399,1,0,1,3072,15,6780174360
6830,29268089,37603969,66872058,2,0,0,13824,12,9004303587
6831,29270690,37440940,66711630,6,0,0,25088,13,7749181911
6832,29280180,37762140,67042320,8,0,0,26624,17,1449266835
6833,29281610,37514764,66796374,4,0,0,9216,16,9164334509
6834,29301870,56219552,85521422,0,0,1,27136,2,8157693218
6835,29312710,56209694,85522404,8,0,1,4608,17,7066764416
6836,29317820,37325629,66643449,9,0,0,512,13,2053919794
6837,29334740,37380993,66715733,1,0,0,13312,15,2160821303
6838,29336640,38146331,67482971,4,0,0,41472,16,2667219614
6839,29337400,37674282,67011682,0,0,0,15872,2,9585702311
6840,29338270,37613673,66951943,1,0,0,2048,15,8599779918
6841,29339180,37551127,66890307,4,0,0,1024,16,5897612989
6842,29342700,37476529,66819229,3,0,0,23552,1,4146137889
6843,29348740,38325123,67673863,5,0,0,31232,13,948003239
6844,29356350,37672693,67029043,0,0,0,8192,2,10550068353
6845,29368860,56153567,85522427,4,0,1,3584,16,9732672034
6846,29368910,37681389,67050299,1,0,0,26112,15,7812931346
6847,29374430,37817518,67191948,6,0,0,4096,13,4234526551
6848,29376900,37618883,66995783,9,0,0,5120,13,10057818554
6849,29385890,56136560,85522450,7,0,1,3584,4,8248898156
6850,29387950,37541763,66929713,4,0,0,26112,16,9347822940
6851,29394750,37814982,67209732,1,0,0,3072,15,2652851132
6852,29400070,37886516,67286586,5,0,0,13312,13,872255156
6853,29404500,37739353,67143853,3,0,0,56832,1,9022309685
6854,29418510,38132011,67550521,8,0,0,23040,17,7038166428
6855,29425930,56096543,85522473,8,0,1,2560,17,1509305199
6856,29427919,37516637,66944556,7,0,0,48640,4,6961785568
6857,29431940,38375329,67807269,3,0,0,31232,1,9742598610
6858,29432020,38015284,67447304,0,0,0,23040,2,9733919753
6859,29433940,37692574,67126514,3,0,0,37376,1,1636258829
6860,29434290,38164347,67598637,3,0,0,12288,1,8987323420
6861,29441760,37275435,66717195,9,0,0,4096,13,1594429960
6862,29445860,37427495,66873355,3,0,0,3584,1,8741121166
6863,29451649,37406681,66858330,7,0,0,20992,4,5592104401
6864,29457910,37595423,67053333,0,0,0,9728,2,4774137139
6865,29458940,37431032,66889972,9,0,0,10752,13,9437214661
6866,29459970,37513098,66973068,5,0,0,13312,13,7163840599
6867,29464961,56086308,85551269,6,0,1,19456,13,4420508748
6868,29475180,56126327,85601507,8,0,1,21504,17,6767626958
6869,29480040,37466419,66946459,5,0,0,6144,13,349658148
6870,29480251,56151978,85632229,1,0,1,1024,15,10249392454
6871,29480680,56184456,85665136,4,0,1,8192,16,7060005679
6872,29496120,37493689,66989809,9,0,0,19968,13,4628871402
6873,29496670,56248376,85745046,2,0,1,3584,12,4331592859
6874,29496780,38021419,67518199,6,0,0,4608,13,191811612
6875,29500020,37861849,67361869,4,0,0,24064,16,2789624243
6876,29500660,37650983,67151643,8,0,0,23552,17,3434670404
6877,29511050,38052439,67563489,0,0,0,17920,2,9525949992
6878,29517940,37932195,67450135,6,0,0,9216,13,4479038096
6879,29523970,56221099,85745069,8,0,1,1024,17,1751290829
6880,29524010,56246039,85770049,2,0,1,16896,12,3163514816
6881,29527400,56245555,85772955,8,0,1,4608,17,6042051438
6882,29535740,56239161,85774901,7,0,1,3072,4,836027871
6883,29537720,37694170,67231890,9,0,0,10240,13,6881413005
6884,29545830,38204370,67750200,0,0,0,135680,2,4249251852
6885,29546400,37486699,67033099,1,0,0,10240,15,8386995710
6886,29555820,38108504,67664324,0,0,0,30720,2,3260148317
6887,29566090,56237636,85803726,7,0,1,5632,4,2206187930
6888,29572290,37816280,67388570,8,0,0,11264,17,1709741387
6889,29575360,38061891,67637251,8,0,0,69632,17,2016962941
6890,29588160,37580935,67169095,5,0,0,11776,13,6322970199
6891,29592000,37597398,67189398,6,0,0,66560,13,310810483
6892,29596150,38230049,67826199,6,0,0,8192,13,4207818767
6893,29596250,37594427,67190677,4,0,0,4096,16,7480672079
6894,29598620,56211110,85809730,4,0,1,20480,16,4817357170
6895,29608150,37455532,67063682,6,0,0,2560,13,679084324
6896,29609950,38333774,67943724,5,0,0,8192,13,7624910008
6897,29611270,37889967,67501237,8,0,0,27648,17,7621317497
6898,29614181,56287788,85901969,6,0,1,10240,13,825660273
6899,29619800,37712454,67332254,0,0,0,23040,2,6482032180
6900,29620660,37682931,67303591,4,0,0,39936,16,1454417816
6901,29621230,56287805,85909035,4,0,1,6144,16,4938866462
6902,29625130,37929314,67554444,3,0,0,12800,1,8448124314
6903,29625500,37583273,67208773,9,0,0,26112,13,7029933545
6904,29630080,38078757,67708837,1,0,0,31232,15,2566676924
6905,29634750,38157591,67792341,8,0,0,35840,17,7864935430
6906,29634760,38300804,67935564,9,0,0,26112,13,4679270183
6907,29638431,56349262,85987693,5,0,1,1536,13,1279897526
6908,29639320,38123703,67763023,5,0,0,41984,13,481585816
6909,29643160,38151575,67794735,5,0,0,5632,13,4920488459
6910,29647190,37779882,67427072,9,0,0,7168,13,9750672670
6911,29647731,56339985,85987716,9,0,1,7680,13,1405021636
6912,29650730,38129975,67780705,5,0,0,30208,13,9937695763
6913,29670820,38370837,68041657,6,0,0,16384,13,5895511988
6914,29672670,38760822,68433492,6,0,0,63488,13,5061135197
6915,29680920,37636201,67317121,3,0,0,1536,1,4974028003
6916,29688600,37770680,67459280,4,0,0,15360,16,6254601791
6917,29694520,37819844,67514364,6,0,0,43008,13,435267319
6918,29696810,56339935,86036745,8,0,1,22528,17,1093100850
6919,29704190,56339644,86043834,8,0,1,2048,17,834217698
6920,29707161,56489224,86196385,9,0,1,39936,13,5353733973
6921,29720130,37871136,67591266,1,0,0,9216,15,10623336636
6922,29721371,56543031,86264402,5,0,1,14336,13,10013450963
6923,29726170,56612008,86338178,2,0,1,9216,12,3417712532
6924,29726750,38104776,67831526,5,0,0,17408,13,7044735710
6925,29729930,37729529,67459459,4,0,0,512,16,4389516889
6926,29731721,56606480,86338201,9,0,1,2048,13,2645900916
6927,29737020,38145840,67882860,5,0,0,4608,13,8392236088
6928,29737480,37909588,67647068,0,0,0,26112,2,529588709
6929,29745000,38026478,67771478,8,0,0,27648,17,2298100909
6930,29749011,56589213,86338224,1,0,1,512,15,10141994733
6931,29749249,56597330,86346579,4,0,1,3584,16,3417273627
6932,29754210,38396142,68150352,8,0,0,22528,17,2562307288
6933,29754500,38146346,67900846,0,0,0,19456,2,3257765632
6934,29759000,37656457,67415457,1,0,0,2048,15,7996003437
6935,29760610,56705806,86466416,7,0,1,15360,4,9096273826
6936,29763040,38273602,68036642,1,0,0,20992,15,10598281010
6937,29767810,38094368,67862178,9,0,0,18944,13,3103100118
6938,29768720,37808802,67577522,4,0,0,40960,16,2477412333
6939,29770400,38095799,67866199,8,0,0,7168,17,3619136408
6940,29778300,38072005,67850305,0,0,0,12288,2,8213852424
6941,29787820,38035860,67823680,8,0,0,53760,17,4300587596
6942,29789670,38137915,67927585,8,0,0,20992,17,810893454
6943,29791970,38858309,68650279,3,0,0,23552,1,10704012957
6944,29795990,38539671,68335661,4,0,0,17920,16,4955488068
6945,29796320,38183160,67979480,5,0,0,56320,13,8906274840
6946,29797240,38303319,68100559,5,0,0,17920,13,478733719
6947,29821040,38725869,68546909,5,0,0,104960,13,301160875
6948,29821681,56655553,86477234,9,0,1,8192,13,2836154755
6949,29822850,38083019,67905869,9,0,0,16384,13,8098935536
6950,29827190,56650067,86477257,0,0,1,3072,2,6498474849
6951,29833460,38401337,68234797,6,0,0,54784,13,4591939755
6952,29834180,38449163,68283343,8,0,0,35840,17,5771947164
6953,29852530,38399756,68252286,9,0,0,3072,13,8130120694
6954,29852960,37785406,67638366,0,0,0,3584,2,7529366138
6955,29853510,37752194,67605704,4,0,0,9728,16,5945798974
6956,29863480,38151659,68015139,5,0,0,8704,13,6246689928
6957,29865790,38201385,68067175,8,0,0,39424,17,5177866895
6958,29865870,38547438,68413308,0,0,0,71680,2,8115001271
6959,29868140,38831369,68699509,5,0,0,32768,13,3158353615
6960,29870110,37911288,67781398,5,0,0,2048,13,6038509553
6961,29875180,56618468,86493648,2,0,1,2048,12,9314776941
6962,29876780,56638482,86515262,4,0,1,31744,16,706004108
6963,29880620,38334395,68215015,4,0,0,8192,16,6356282273
6964,29884660,38942270,68826930,8,0,0,14336,17,4631044023
6965,29887350,38007545,67894895,6,0,0,39424,13,5944665387
6966,29916990,38547482,68464472,8,0,0,12800,17,4261209607
6967,29920020,38039703,67959723,8,0,0,2560,17,8162199370
6968,29926581,56656476,86583057,1,0,1,2560,15,6997044880
6969,29933620,38534307,68467927,1,0,0,11264,15,7950623157
6970,29935640,38442605,68378245,6,0,0,47104,13,8910947386
6971,29940260,39212503,69152763,0,0,0,79360,2,2287097981
6972,29947650,38774797,68722447,8,0,0,57856,17,6062310369
6973,29952380,38175409,68127789,0,0,0,14336,2,10711084664
6974,29961550,37836180,67797730,0,0,0,9728,2,10078012548
6975,29963281,56638558,86601839,6,0,1,1024,13,120110221
6976,29968460,37873986,67842446,1,0,0,25088,15,4615339624
6977,29971610,38620981,68592591,5,0,0,35328,13,7586083564
6978,29971820,38331321,68303141,4,0,0,30720,16,2318129450
6979,29974720,38601913,68576633,6,0,0,95744,13,3440772576
6980,29974740,38068188,68042928,6,0,0,4096,13,6850048239
6981,29977510,37815478,67792988,1,0,0,2048,15,6482274795
6982,29978610,38183601,68162211,4,0,0,10240,16,10211193968
6983,29979690,56622172,86601862,0,0,1,13312,2,4077823301
6984,29988781,56613104,86601885,5,0,1,9216,13,3520842472
6985,29991270,38451137,68442407,8,0,0,29184,17,10314432828
6986,30012570,38060544,68073114,5,0,0,2048,13,107152882
6987,30015170,38078920,68094090,3,0,0,5632,1,6701476184
6988,30019119,39365684,69384803,2,0,0,178688,12,1558347723
6989,30026830,38266928,68293758,8,0,0,14336,17,4936409278
6990,30031430,56580100,86611530,8,0,1,3072,17,8840547226
6991,30043420,38299160,68342580,3,0,0,8192,1,4325017204
6992,30043940,56567936,86611876,0,0,1,512,2,637346170
6993,30048651,56564851,86613502,5,0,1,2560,13,10316203125
6994,30054300,38827569,68881869,6,0,0,4608,13,4812032254
6995,30084750,38156310,68241060,6,0,0,20480,13,9262411238
6996,30097250,38351108,68448358,1,0,0,19456,15,2445209609
6997,30099600,56521450,86621050,8,0,1,4608,17,4733995880
6998,30108400,38352149,68460549,1,0,0,39936,15,350490413
6999,30110480,56539410,86649890,2,0,1,4608,12,6210064196
7000,30112780,38267056,68379836,5,0,0,5120,13,7594373751
7001,30118920,38905159,69024079,4,0,0,20992,16,5896422632
7002,30119800,38374563,68494363,6,0,0,15360,13,3803931795
7003,30120090,38266591,68386681,8,0,0,20992,17,1873997991
7004,30121850,38197264,68319114,1,0,0,5632,15,3318890222
7005,30125310,38482070,68607380,9,0,0,8192,13,9051319073
7006,30125760,56524284,86650044,4,0,1,8704,16,5876174881
7007,30128980,38234890,68363870,8,0,0,18944,17,92259855
7008,30131430,56522160,86653590,2,0,1,5632,12,7534892875
7009,30133580,37914764,68048344,1,0,0,1024,15,6653512048
7010,30136850,38787983,68924833,7,0,0,24064,4,500707330
7011,30150370,38579010,68729380,3,0,0,6144,1,4274554536
7012,30151521,56546662,86698183,6,0,1,15872,13,1027483622
7013,30152770,56549599,86702369,7,0,1,6656,4,9945896675
7014,30154030,38755674,68909704,9,0,0,34816,13,10574577302
7015,30156631,56553066,86709697,1,0,1,2048,15,2957202916
7016,30157190,38654009,68811199,9,0,0,44544,13,4430690098
7017,30158070,38842461,69000531,6,0,0,28160,13,4296030778
7018,30167930,38309130,68477060,0,0,0,11264,2,2921579144
7019,30168440,38779427,68947867,9,0,0,49152,13,2045104856
7020,30169220,38724216,68893436,5,0,0,37888,13,8303540741
7021,30173430,38480460,68653890,1,0,0,11776,15,8204746654
7022,30175650,39039466,69215116,8,0,0,49152,17,630717921
7023,30176241,38704201,68880442,8,0,0,43008,17,8971891171
7024,30177460,38857585,69035045,0,0,0,2560,2,10672332027
7025,30177600,39277460,69455060,1,0,0,5120,15,1762113496
7026,30181510,38731212,68912722,9,0,0,9728,13,8681652019
7027,30182130,38854810,69036940,1,0,0,6144,15,2569530067
7028,30183750,38289855,68473605,6,0,0,16896,13,3178552391
7029,30184130,38928077,69112207,6,0,0,47616,13,5220019121
7030,30189830,38278596,68468426,5,0,0,1536,13,5072948959
7031,30191150,56550229,86741379,7,0,1,4608,4,2643738200
7032,30197370,38405095,68602465,4,0,0,32256,16,9054544072
7033,30197540,39339699,69537239,1,0,0,53760,15,204667362
7034,30203981,56541050,86745031,5,0,1,6144,13,3729421625
7035,30204680,38377124,68581804,3,0,0,16896,1,7543379542
7036,30206680,39388016,69594696,1,0,0,73216,15,2453010680
7037,30213231,56546405,86759636,1,0,1,8704,15,8670102292
7038,30217790,38681168,68898958,3,0,0,9728,1,1255687706
7039,30224271,56535388,86759659,9,0,1,4096,13,5672153778
7040,30226940,38764988,68991928,1,0,0,29696,15,2413106234
7041,30237330,38424167,68661497,6,0,0,3072,13,1258765452
7042,30238930,38487908,68726838,6,0,0,14336,13,3872238061
7043,30259280,56563045,86822325,3,0,1,14336,1,8034359477
7044,30271610,56550738,86822348,8,0,1,512,17,8154291536
7045,30283910,38215936,68499846,5,0,0,17920,13,1615842926
7046,30285880,38883153,69169033,6,0,0,6144,13,1497042389
7047,30287450,56586918,86874368,0,0,1,12288,2,2077204304
7048,30288880,38571293,68860173,8,0,0,32768,17,1397447777
7049,30289180,38771409,69060589,1,0,0,3584,15,259080965
7050,30296780,38437318,68734098,5,0,0,2048,13,9310105457
7051,30299331,56685870,86985201,1,0,1,8704,15,3232289334
7052,30301360,38959937,69261297,4,0,0,18944,16,3821108044
7053,30302350,38981238,69283588,3,0,0,14336,1,4916550229
7054,30302920,38424565,68727485,9,0,0,2048,13,3087969838
7055,30306250,56718761,87025011,8,0,1,17408,17,8198032267
7056,30311130,38925693,69236823,9,0,0,71168,13,1290025187
7057,30318820,39419462,69738282,1,0,0,59392,15,9404535727
7058,30324110,56709995,87034105,0,0,1,6656,2,3350943573
7059,30325410,38632080,68957490,1,0,0,14848,15,8196745433
7060,30333160,39326402,69659562,4,0,0,43008,16,6921335977
7061,30334860,38820890,69155750,5,0,0,9728,13,9227833078
7062,30335150,38445240,68780390,4,0,0,5120,16,4828093353
7063,30341851,56706583,87048434,9,0,1,20480,13,9825587914
7064,30341930,38362866,68704796,9,0,0,15360,13,2622752033
7065,30343590,56743470,87087060,0,0,1,4608,2,6691959500
7066,30356050,39041880,69397930,0,0,0,43008,2,831465211
7067,30359029,56728287,87087316,4,0,1,9216,16,1420268202
7068,30375700,38658542,69034242,1,0,0,33280,15,5115104867
7069,30378680,56711542,87090222,8,0,1,4608,17,3293536591
7070,30384950,38347627,68732577,3,0,0,10240,1,3394677343
7071,30385260,38909188,69294448,6,0,0,4608,13,10094826312
7072,30386740,38668186,69054926,8,0,0,15872,17,2440694116
7073,30387180,38854704,69241884,6,0,0,512,13,6649949462
7074,30388720,38475844,68864564,3,0,0,14336,1,596418451
7075,30389750,38850060,69239810,4,0,0,9728,16,6871355460
7076,30397620,38611273,69008893,3,0,0,2048,1,7660772308
7077,30404589,56703575,87108164,4,0,1,4096,16,7359495716
7078,30406580,56777737,87184317,2,0,1,29696,12,7577297358
7079,30411080,38717480,69128560,5,0,0,52224,13,7854026781
7080,30431620,38660423,69092043,0,0,0,12288,2,4004736680
7081,30436150,38979048,69415198,4,0,0,16896,16,7976988682
7082,30439430,38890906,69330336,6,0,0,22528,13,3901341053
7083,30440021,56744319,87184340,6,0,1,1024,13,806066463
7084,30450360,38482508,68932868,8,0,0,3584,17,9532289968
7085,30452690,56795752,87248442,8,0,1,11776,17,1167328595
7086,30452740,38956445,69409185,9,0,0,36864,13,8493315910
7087,30454190,39538779,69992969,6,0,0,25600,13,3204982498
7088,30454391,56794397,87248788,9,0,1,512,13,8794744472
7089,30457890,38438081,68895971,6,0,0,8192,13,5168323711
7090,30463859,56790001,87253860,4,0,1,4608,16,5490296987
7091,30465170,38607926,69073096,6,0,0,5120,13,7847361419
7092,30465220,39003770,69468990,0,0,0,32256,2,5990509894
7093,30466830,56814669,87281499,7,0,1,11264,4,7027729335
7094,30468200,39205425,69673625,0,0,0,46080,2,7625249351
7095,30472840,38777959,69250799,5,0,0,29184,13,1131877168
7096,30474230,38575837,69050067,9,0,0,43008,13,2245875303
7097,30476460,38679781,69156241,5,0,0,1536,13,9389500658
7098,30478190,38436271,68914461,9,0,0,5632,13,5978579182
7099,30478910,39463203,69942113,4,0,0,13312,16,191678436
7100,30481190,39223884,69705074,4,0,0,77824,16,10265263572
7101,30481760,39118598,69600358,6,0,0,1024,13,10611225036
7102,30484850,38987127,69471977,8,0,0,9728,17,4750658568
7103,30489940,38765562,69255502,1,0,0,15360,15,4568858267
7104,30490810,39299895,69790705,9,0,0,3584,13,609043714
7105,30491921,56789637,87281558,9,0,1,5120,13,3481890737
7106,30492551,56793513,87286064,5,0,1,7168,13,6674548000
7107,30494370,39105653,69600023,0,0,0,17408,2,4433207173
7108,30495440,38746265,69241705,9,0,0,6144,13,10674576262
7109,30499320,39423247,69922567,9,0,0,77312,13,3331337742
7110,30507941,56864298,87372239,6,0,1,15360,13,7829696492
7111,30508530,38900990,69409520,4,0,0,1024,16,7030796091
7112,30517380,39657309,70174689,4,0,0,132608,16,4256158516
7113,30518450,39022876,69541326,1,0,0,13312,15,1014093923
7114,30524900,39573879,70098779,6,0,0,154112,13,1547455294
7115,30527860,40228370,70756230,0,0,0,13312,2,347295000
7116,30538290,39007427,69545717,8,0,0,14336,17,4511593406
7117,30545579,39128849,69674428,2,0,0,2560,12,1046172074
7118,30558651,56815854,87374505,1,0,1,3584,15,2996923423
7119,30560620,38956293,69516913,1,0,0,34816,15,7712324055
7120,30563440,39704894,70268334,5,0,0,8192,13,892715493
7121,30565440,38888037,69453477,9,0,0,25600,13,1466569377
7122,30568100,56806815,87374915,7,0,1,17920,4,10540388969
7123,30577240,38832771,69410011,4,0,0,1536,16,8955937728
7124,30578550,39541005,70119555,0,0,0,48640,2,9870826260
7125,30586840,40446254,71033094,8,0,0,19968,17,3068146142
7126,30590980,39959380,70550360,3,0,0,93184,1,2385590605
7127,30594390,39196962,69791352,6,0,0,2048,13,1177497899
7128,30597040,39288046,69885086,3,0,0,30720,1,2066527495
7129,30597090,39244117,69841207,1,0,0,22016,15,7416297741
7130,30599050,39437971,70037021,5,0,0,113152,13,5224120420
7131,30607680,39267688,69875368,4,0,0,41472,16,3635189341
7132,30608460,38912376,69520836,4,0,0,12800,16,3615771681
7133,30609820,39754256,70364076,4,0,0,44032,16,7244369110
7134,30611580,39606592,70218172,4,0,0,36864,16,1306962801
7135,30623120,38872543,69495663,1,0,0,6656,15,1827683497
7136,30624449,56754972,87379421,4,0,1,7168,16,7170366923
7137,30626201,56872637,87498838,9,0,1,26112,13,724952004
7138,30627990,39151060,69779050,1,0,0,4608,15,6256744857
7139,30628740,39356406,69985146,8,0,0,53760,17,6672994113
7140,30631030,39472966,70103996,9,0,0,6144,13,338210862
7141,30643000,39480634,70123634,8,0,0,13312,17,3010142502
7142,30644010,38975775,69619785,3,0,0,34816,1,8342355554
7143,30651370,38807769,69459139,6,0,0,13312,13,3378832570
7144,30651920,39394039,70045959,6,0,0,12288,13,976759858
7145,30652070,39029269,69681339,6,0,0,18944,13,9954358961
7146,30654490,39840026,70494516,3,0,0,39424,1,1003010619
7147,30658040,39472013,70130053,3,0,0,20992,1,8221221477
7148,30665460,39541434,70206894,4,0,0,77824,16,5439676578
7149,30667970,39627574,70295544,9,0,0,8704,13,6511609132
7150,30670720,39267314,69938034,9,0,0,50688,13,2056037260
7151,30671630,39430471,70102101,0,0,0,10752,2,2652709010
7152,30673860,39653208,70327068,5,0,0,16384,13,1081593619
7153,30686670,39738060,70424730,6,0,0,68608,13,10014552873
7154,30688010,39703100,70391110,1,0,0,56320,15,10712274171
7155,30699060,40673173,71372233,0,0,0,12800,2,6897903610
7156,30706931,57073004,87779935,9,0,1,512,13,6192446669
7157,30714271,57070674,87784945,6,0,1,3584,13,5817391379
7158,30715230,39160473,69875703,9,0,0,1024,13,7351518555
7159,30729720,39319093,70048813,0,0,0,9216,2,8795116888
7160,30734251,57050717,87784968,9,0,1,1536,13,4001245026
7161,30737320,39208302,69945622,4,0,0,11264,16,4787287852
7162,30741720,39894150,70635870,6,0,0,5120,13,2844788455
7163,30743170,39630757,70373927,8,0,0,32256,17,1901695991
7164,30755000,57039380,87794380,0,0,1,512,2,9042814137
7165,30765890,57033316,87799206,7,0,1,7680,4,7921557829
7166,30789970,39511205,70301175,4,0,0,5632,16,249460630
7167,30794080,39467957,70262037,1,0,0,27136,15,2287296629
7168,30800480,39537223,70337703,5,0,0,7168,13,6872111733
7169,30801450,57064518,87865968,8,0,1,10240,17,5715274072
7170,30803361,57064553,87867914,9,0,1,3072,13,8451662648
7171,30814650,39227542,70042192,8,0,0,16896,17,10224982642
7172,30828370,39481096,70309466,1,0,0,27136,15,215170996
7173,30831890,39740182,70572072,3,0,0,39424,1,10484611025
7174,30835140,40042565,70877705,3,0,0,36352,1,4962148477
7175,30837180,57065301,87902481,2,0,1,16896,12,9810325528
7176,30840420,39342716,70183136,4,0,0,27648,16,8988971300
7177,30849451,57142227,87991678,9,0,1,3072,13,3562837742
7178,30851761,57158500,88010261,5,0,1,512,13,3462540791
7179,30853590,39701363,70554953,8,0,0,14848,17,4223937576
7180,30855680,39488659,70344339,8,0,0,13824,17,1955695741
7181,30859159,39245530,70104689,2,0,0,2048,12,7597409395
7182,30859570,57183463,88043033,8,0,1,18944,17,99636996
7183,30861170,39889618,70750788,6,0,0,24064,13,9592011195
7184,30862960,57189635,88052595,2,0,1,4608,12,7161264413
7185,30863310,57189316,88052626,0,0,1,6656,2,5707866440
7186,30864360,40132657,70997017,0,0,0,22016,2,2696793996
7187,30864480,40658996,71523476,6,0,0,66560,13,7863819281
7188,30870590,39370671,70241261,7,0,0,19456,4,5158790559
7189,30877390,39589292,70466682,4,0,0,39936,16,3586239728
7190,30885550,40826762,71712312,4,0,0,111616,16,2488474958
7191,30886700,39507732,70394432,8,0,0,5632,17,91679597
7192,30887900,39544497,70432397,0,0,0,25088,2,6754895282
7193,30888920,39671048,70559968,1,0,0,16384,15,6468703370
7194,30890669,39161131,70051800,2,0,0,9728,12,10101570752
7195,30891000,39508002,70399002,0,0,0,14848,2,5369980799
7196,30892950,57159699,88052649,2,0,1,6144,12,6673593227
7197,30893829,39325466,70219295,7,0,0,3584,4,6277227781
7198,30894741,57166809,88061550,9,0,1,10752,13,8471336933
7199,30896640,39819507,70716147,4,0,0,4608,16,5838841004
7200,30897641,57229378,88127019,1,0,1,8704,15,2752408603
7201,30903900,39488793,70392693,3,0,0,5120,1,2717282874
7202,30904480,39688544,70593024,4,0,0,8192,16,5531213999
7203,30905821,57223144,88128965,1,0,1,3072,15,10041798443
7204,30906600,39935512,70842112,1,0,0,8704,15,9635451211
7205,30909760,40267753,71177513,6,0,0,65024,13,6929163559
7206,30910840,57219431,88130271,2,0,1,2048,12,5218279592
7207,30915211,57228606,88143817,9,0,1,2048,13,7648822814
7208,30930889,41038314,71969203,2,0,0,119296,12,2024158529
7209,30930920,41161538,72092458,3,0,0,37376,1,1356318934
7210,30936580,39785102,70721682,9,0,0,15360,13,10301323267
7211,30945000,40683633,71628633,8,0,0,37376,17,3240416139
7212,30945520,40353103,71298623,4,0,0,10240,16,3523818355
7213,30950010,39916596,70866606,5,0,0,29184,13,2272137914
7214,30951990,39855558,70807548,4,0,0,8704,16,149243664
7215,30952530,39708345,70660875,6,0,0,9728,13,6554494304
7216,30953950,41385367,72339317,9,0,0,6656,13,8344473846
7217,30954529,41560047,72514576,2,0,0,76800,12,9551215899
7218,30962990,39733615,70696605,4,0,0,64512,16,5060209118
7219,30965930,40535643,71501573,4,0,0,11264,16,1595067002
7220,30970480,39772953,70743433,1,0,0,38912,15,8474093706
7221,30977150,41647213,72624363,0,0,0,46592,2,5210840801
7222,30979390,40087469,71066859,9,0,0,36864,13,3057933238
7223,30980811,57163029,88143840,9,0,1,512,13,2745484056
7224,30990360,40085882,71076242,5,0,0,30720,13,9985417709
7225,30990760,40303917,71294677,9,0,0,58368,13,4018041809
7226,30993750,57150113,88143863,0,0,1,3584,2,4170229794
7227,31000959,39936744,70937703,2,0,0,3584,12,4929158329
7228,31016740,39814832,70831572,1,0,0,22016,15,2646534714
7229,31017240,42208937,73226177,0,0,0,10240,2,6541551643
7230,31020300,39902408,70922708,6,0,0,9216,13,4156442560
7231,31020340,57156297,88176637,7,0,1,6144,4,1349593895
7232,31038270,39874639,70912909,3,0,0,3072,1,3071373708
7233,31045050,57134753,88179803,7,0,1,4608,4,9513109556
7234,31045500,40497133,71542633,8,0,0,53248,17,4720666549
7235,31046400,39448451,70494851,9,0,0,1024,13,2656854318
7236,31047970,40221268,71269238,3,0,0,13824,1,10578681215
7237,31050219,39852975,70903194,2,0,0,24064,12,1089754901
7238,31054710,40615249,71669959,5,0,0,76800,13,10587243152
7239,31055000,39920940,70975940,4,0,0,30208,16,3485130333
7240,31058640,42068527,73127167,6,0,0,11264,13,2182365692
7241,31063830,40180594,71244424,3,0,0,20480,1,8522568901
7242,31064890,39900274,70965164,6,0,0,22528,13,772784839
7243,31065220,39686371,70751591,1,0,0,2560,15,2171820900
7244,31065549,39603699,70669248,7,0,0,7680,4,3625890040
7245,31068929,42312182,73381111,2,0,0,26624,12,4277929700
7246,31070790,42643301,73714091,7,0,0,14848,4,1006458103
7247,31076281,57116406,88192687,6,0,1,3584,13,6497290476
7248,31077861,57114849,88192710,5,0,1,1536,13,10049359571
7249,31077871,57114862,88192733,5,0,1,8704,13,544551210
7250,31082980,39971821,71054801,8,0,0,71168,17,9578412829
7251,31086510,39665572,70752082,8,0,0,1536,17,10618054753
7252,31087870,40138568,71226438,5,0,0,53760,13,7464201890
7253,31089641,57140864,88230505,9,0,1,5120,13,4699961129
7254,31092540,57138426,88230966,7,0,1,10240,4,5701805713
7255,31093770,42412561,73506331,8,0,0,23040,17,5305741052
7256,31095050,39679192,70774242,4,0,0,18432,16,7139960310
7257,31105490,57126462,88231952,2,0,1,1536,12,8383581783
7258,31113469,39996862,71110331,2,0,0,43008,12,8822150096
7259,31114431,57133823,88248254,6,0,1,13312,13,3986478069
7260,31117320,40084215,71201535,6,0,0,10240,13,335520416
7261,31121220,40011563,71132783,9,0,0,15872,13,6055105488
7262,31122220,42881341,74003561,9,0,0,116224,13,1882009662
7263,31126749,40123158,71249907,7,0,0,17920,4,1701692594
7264,31131001,57273247,88404248,6,0,1,7168,13,10414008113
7265,31139081,57265731,88404812,6,0,1,10752,13,10351311229
7266,31143240,39810939,70954179,6,0,0,12288,13,1837336465
7267,31143910,40783822,71927732,5,0,0,90112,13,6160770143
7268,31146490,39909114,71055604,1,0,0,2560,15,10396890398
7269,31148370,57365819,88514189,2,0,1,11264,12,1175180213
7270,31154539,57389634,88544173,4,0,1,5632,16,1449542565
7271,31160970,40077191,71238161,9,0,0,38400,13,6928028938
7272,31167320,42879458,74046778,3,0,0,6144,1,332417273
7273,31168510,39858477,71026987,9,0,0,18432,13,1481353059
7274,31170700,39835170,71005870,4,0,0,23552,16,3058594119
7275,31174760,40090243,71265003,8,0,0,26624,17,8856227165
7276,31177540,40579253,71756793,3,0,0,512,1,588909198
7277,31177820,40133329,71311149,5,0,0,30208,13,9207277528
7278,31182900,39935901,71118801,9,0,0,17408,13,7464136353
7279,31184131,57542311,88726442,5,0,1,14336,13,6635781622
7280,31188580,39924894,71113474,9,0,0,10240,13,5905368629
7281,31189721,57631659,88821380,5,0,1,1536,13,9482798611
7282,31193870,39889643,71083513,3,0,0,11264,1,9394647912
7283,31195551,57638144,88833695,1,0,1,6144,15,2500684348
7284,31199820,57639114,88838934,7,0,1,4096,4,5364854705
7285,31203540,40766356,71969896,0,0,0,2048,2,3784104669
7286,31210270,39947408,71157678,6,0,0,35328,13,6693934566
7287,31212950,40383127,71596077,8,0,0,22016,17,2216560994
7288,31213640,40542920,71756560,7,0,0,108544,4,3966319720
7289,31215390,57773514,88988904,7,0,1,26112,4,186699900
7290,31215570,40096242,71311812,1,0,0,2048,15,10422788903
7291,31223141,57768221,88991362,1,0,1,28160,15,2517958310
7292,31227590,40352061,71579651,0,0,0,48128,2,6986506875
7293,31228370,40670611,71898981,6,0,0,25088,13,2641298295
7294,31231209,57874472,89105681,4,0,1,512,16,8052346565
7295,31239290,40903728,72143018,7,0,0,22016,4,4204569495
7296,31240090,40061832,71301922,9,0,0,10752,13,2276109969
7297,31243560,40321404,71564964,4,0,0,73216,16,2178058196
7298,31244020,40105525,71349545,9,0,0,29696,13,623337259
7299,31244439,40051041,71295480,2,0,0,2560,12,4965380207
7300,31244940,40478525,71723465,6,0,0,22528,13,10145724435
7301,31246671,57859605,89106276,6,0,1,5120,13,2450606226
7302,31259790,40121277,71381067,8,0,0,22528,17,3128524211
7303,31268780,40407130,71675910,0,0,0,19456,2,8023370874
7304,31274970,40510687,71785657,1,0,0,29696,15,3341499765
7305,31275760,40150856,71426616,6,0,0,42496,13,8764862469
7306,31277490,40336261,71613751,4,0,0,37376,16,5815277086
7307,31278469,40133880,71412349,2,0,0,18432,12,3297047302
7308,31281020,40479228,71760248,8,0,0,11264,17,2302804515
7309,31282710,40306636,71589346,3,0,0,31744,1,3230370368
7310,31287680,57925755,89213435,7,0,1,6144,4,6301695504
7311,31291200,40505556,71796756,5,0,0,36352,13,3682554962
7312,31291210,42994915,74286125,8,0,0,30720,17,3061642709
7313,31291560,58058697,89350257,0,0,1,5120,2,8995217284
7314,31295321,58057214,89352535,1,0,1,4096,15,7362545904
7315,31296490,40967964,72264454,4,0,0,29184,16,6143131017
7316,31297000,40592247,71889247,6,0,0,24064,13,8636685299
7317,31297060,40695658,71992718,2,0,0,74752,12,8044191305
7318,31299809,58053085,89352894,4,0,1,9728,16,6539365439
7319,31301780,40136945,71438725,7,0,0,4608,4,8732720093
7320,31304110,40298230,71602340,9,0,0,20480,13,2695116102
7321,31309071,58083109,89392180,6,0,1,5120,13,3496207905
7322,31312800,40767853,72080653,4,0,0,25088,16,10270844945
7323,31318601,58248762,89567363,9,0,1,5632,13,6601173213
7324,31323650,40558242,71881892,6,0,0,39424,13,5286755559
7325,31328689,58238697,89567386,4,0,1,11776,16,1332588377
7326,31331460,40285762,71617222,4,0,0,11264,16,8854253644
7327,31333029,40383549,71716578,2,0,0,12288,12,4602355386
7328,31340911,58246085,89586996,1,0,1,5120,15,10563150937
7329,31350111,58265171,89615282,6,0,1,22528,13,6442810892
7330,31352740,40499416,71852156,5,0,0,52736,13,8416095744
7331,31352890,40806406,72159296,4,0,0,10752,16,5031765713
7332,31357360,40439887,71797247,2,0,0,1536,12,7036708108
7333,31367750,40670072,72037822,5,0,0,14336,13,6873080597
7334,31367790,40310483,71678273,7,0,0,7680,4,3662820451
7335,31370010,58246034,89616044,2,0,1,5632,12,9444068776
7336,31373780,40841401,72215181,5,0,0,2560,13,7706607590
7337,31376410,40779579,72155989,4,0,0,42496,16,6110720522
7338,31387619,40325192,71712811,2,0,0,1536,12,6682596451
7339,31390400,40682563,72072963,6,0,0,40448,13,863323264
7340,31392831,58223572,89616403,1,0,1,9728,15,5290893155
7341,31394709,58324622,89719331,4,0,1,1024,16,6226086044
7342,31408420,40830078,72238498,3,0,0,8192,1,47066911
7343,31415170,40604741,72019911,5,0,0,27648,13,10568142955
7344,31415841,58334112,89749953,1,0,1,14848,15,8793579267
7345,31416550,58338441,89754991,2,0,1,8192,12,5494314311
7346,31418700,58358917,89777617,0,0,1,7680,2,8598176700
7347,31421230,40793148,72214378,8,0,0,109056,17,3335499840
7348,31424370,41122146,72546516,1,0,0,17920,15,5955174505
7349,31428720,41006235,72434955,5,0,0,35840,13,1277066989
7350,31429550,41038257,72467807,5,0,0,54784,13,7084661104
7351,31431590,58361080,89792670,8,0,1,5120,17,5729875571
7352,31432880,41305441,72738321,8,0,0,33280,17,2075355432
7353,31433160,42917999,74351159,8,0,0,49152,17,10518511006
7354,31435630,40988374,72424004,1,0,0,74240,15,7659667762
7355,31439280,41051873,72491153,5,0,0,26624,13,8357881861
7356,31442060,41137390,72579450,0,0,0,4608,2,8002887730
7357,31443950,43006961,74450911,5,0,0,33792,13,287074502
7358,31447930,41124142,72572072,8,0,0,2048,17,9599304719
7359,31450210,58342483,89792693,8,0,1,512,17,1145679312
7360,31450470,58342246,89792716,2,0,1,3072,12,8071912026
7361,31458140,41443382,72901522,4,0,0,14848,16,3575078202
7362,31460450,41208094,72668544,1,0,0,17920,15,2399883163
7363,31462760,40818182,72280942,2,0,0,7680,12,5759379843
7364,31464170,40986564,72450734,4,0,0,51712,16,6146013272
7365,31464171,58328568,89792739,5,0,1,512,13,10674092568
7366,31465300,40846668,72311968,3,0,0,11264,1,8193040907
7367,31465380,40826336,72291716,5,0,0,12288,13,7390248778
7368,31470660,41537962,73008622,9,0,0,36352,13,4840528354
7369,31483960,40862963,72346923,4,0,0,12288,16,7810270901
7370,31484630,58328526,89813156,7,0,1,5120,4,6600973529
7371,31495980,41210571,72706551,1,0,0,70144,15,7234412722
7372,31497840,41064514,72562354,5,0,0,22016,13,1953349027
7373,31502031,58311148,89813179,6,0,1,1536,13,5066594064
7374,31503260,41034500,72537760,0,0,0,29184,2,4064932880
7375,31503870,41408003,72911873,4,0,0,31744,16,4118035956
7376,31505750,43011676,74517426,4,0,0,9728,16,2391680500
7377,31506289,58306913,89813202,4,0,1,6144,16,6729241287
7378,31507171,58388423,89895594,9,0,1,40960,13,9188380535
7379,31512990,41097154,72610144,0,0,0,4608,2,64143671
7380,31525550,40999391,72524941,8,0,0,33792,17,2858002554
7381,31526280,40875081,72401361,4,0,0,18432,16,899463077
7382,31526420,40738213,72264633,4,0,0,512,16,4671558483
7383,31530999,43038623,74569622,2,0,0,6144,12,6952721421
7384,31536491,58359769,89896260,5,0,1,1024,13,3484549807
7385,31542291,58356875,89899166,9,0,1,4608,13,3921913228
7386,31548970,43267633,74816603,9,0,0,39936,13,5096604431
7387,31552269,41003331,72555600,7,0,0,22528,4,7301516116
7388,31552730,41265763,72818493,5,0,0,23040,13,2260293276
7389,31554279,41023744,72578023,2,0,0,19456,12,9681800097
7390,31561930,41009495,72571425,1,0,0,29696,15,3508612083
7391,31571419,41298410,72869829,2,0,0,30208,12,6824855945
7392,31578960,41080557,72659517,1,0,0,37888,15,1704274805
7393,31579860,41260113,72839973,4,0,0,23552,16,3381717315
7394,31585310,41142848,72728158,8,0,0,25600,17,8889011882
7395,31585541,58317171,89902712,1,0,1,5632,15,4456161459
7396,31587350,41240392,72827742,8,0,0,25088,17,10125434466
7397,31592280,41045910,72638190,3,0,0,5120,1,6895657874
7398,31600970,41360197,72961167,3,0,0,11264,1,1707146671
7399,31602150,40848919,72451069,8,0,0,1024,17,8954979054
7400,31603060,41394463,72997523,4,0,0,44544,16,6669482775
7401,31606100,40919332,72525432,8,0,0,1536,17,1180817485
7402,31606550,41031975,72638525,1,0,0,1024,15,8483656498
7403,31606631,58455065,90061696,5,0,1,13312,13,208465202
7404,31606900,41408016,73014916,8,0,0,4608,17,594406813
7405,31608369,41264291,72872660,1,0,0,9216,15,10265522362
7406,31608460,41196397,72804857,5,0,0,8192,13,6444423434
7407,31608480,58458401,90066881,2,0,1,16384,12,9413347635
7408,31611230,58461008,90072238,0,0,1,2560,2,3416447072
7409,31612849,41418916,73031765,7,0,0,34816,4,9780394513
7410,31619039,58456745,90075784,4,0,1,5632,16,2639448651
7411,31628291,58454250,90082541,1,0,1,3584,15,2714758089
7412,31629590,41077920,72707510,6,0,0,3072,13,7314581728
7413,31629910,41010978,72640888,3,0,0,7680,1,4049003463
7414,31635179,58578450,90213629,4,0,1,512,16,9834463591
7415,31639940,41324058,72963998,8,0,0,9216,17,4961493876
7416,31649300,41071035,72720335,5,0,0,39424,13,3812411362
7417,31653430,58564361,90217791,2,0,1,6656,12,9827366157
7418,31658419,58655936,90314355,4,0,1,2048,16,7304879084
7419,31658770,41474309,73133079,5,0,0,3584,13,7923976870
7420,31659810,41463902,73123712,4,0,0,38912,16,9911136573
7421,31660139,41470171,73130310,2,0,0,10240,12,4242843805
7422,31663341,58651037,90314378,1,0,1,12288,15,8974169523
7423,31665950,41604109,73270059,4,0,0,123392,16,5878300885
7424,31668421,58685776,90354197,9,0,1,10240,13,1585091433
7425,31674310,41245455,72919765,0,0,0,25600,2,199655576
7426,31675410,41644592,73320002,7,0,0,78336,4,8110859285
7427,31677770,58684298,90362068,2,0,1,512,12,8140696163
7428,31683929,41416406,73100335,7,0,0,9728,4,6976303284
7429,31685310,41804416,73489726,9,0,0,25088,13,2460644164
7430,31692790,58783459,90476249,0,0,1,16384,2,4609727591
7431,31698121,58894472,90592593,1,0,1,512,15,6908399936
7432,31703640,41432738,73136378,5,0,0,10752,13,2150230345
7433,31707970,41444121,73152091,4,0,0,5120,16,9165665663
7434,31707980,42001084,73709064,5,0,0,45056,13,2357623580
7435,31712430,41215850,72928280,1,0,0,9728,15,8529624934
7436,31712660,41270187,72982847,5,0,0,26624,13,2865546223
7437,31713890,41376213,73090103,4,0,0,53760,16,2455581470
7438,31714690,41658286,73372976,8,0,0,1024,17,576654202
7439,31714781,58881038,90595819,6,0,1,5120,13,1545783197
7440,31722840,41459109,73181949,8,0,0,1536,17,7653515698
7441,31732460,41670624,73403084,3,0,0,67584,1,7426533154
7442,31734970,41358611,73093581,5,0,0,2560,13,1119710218
7443,31755179,41602049,73357228,2,0,0,35328,12,9238649348
7444,31756880,41256601,73013481,1,0,0,15872,15,427584363
7445,31758120,41759832,73517952,8,0,0,25600,17,9071508945
7446,31760510,41651333,73411843,0,0,0,28672,2,7877602355
7447,31760870,41718456,73479326,9,0,0,39424,13,444337117
7448,31762900,41469540,73232440,4,0,0,20480,16,36263016
7449,31763190,41578357,73341547,4,0,0,4608,16,5977929620
7450,31769840,41295159,73064999,3,0,0,21504,1,10214385051
7451,31773770,41734456,73508226,8,0,0,6144,17,10691066417
7452,31778130,41314648,73092778,5,0,0,8704,13,10132254710
7453,31779330,41421512,73200842,8,0,0,2048,17,5033592888
7454,31780610,41647043,73427653,0,0,0,33280,2,3220224140
7455,31781510,41399514,73181024,4,0,0,10240,16,6795262563
7456,31782020,41538785,73320805,5,0,0,2560,13,5185810848
7457,31792560,41304788,73097348,4,0,0,12288,16,8233261952
7458,31798720,41364113,73162833,1,0,0,29696,15,6560896450
7459,31804650,41628977,73433627,4,0,0,17920,16,7856149586
7460,31807080,58804895,90611975,2,0,1,1536,12,5241673260
7461,31809010,41837885,73646895,4,0,0,13312,16,683061593
7462,31811470,41961133,73772603,0,0,0,45568,2,5423134674
7463,31813010,41997133,73810143,0,0,0,26112,2,1313784134
7464,31814319,41558322,73372641,2,0,0,18944,12,10266101607
7465,31816490,41747019,73563509,4,0,0,10752,16,4489792523
7466,31819110,42112028,73931138,8,0,0,18944,17,5695372368
7467,31820180,41398669,73218849,3,0,0,4608,1,9971478485
7468,31827680,41447870,73275550,1,0,0,17920,15,7400435641
7469,31828950,41369349,73198299,1,0,0,18944,15,6362106820
7470,31829509,41665856,73495365,7,0,0,18432,4,8266676228
7471,31838340,41497495,73335835,1,0,0,31232,15,5950771806
7472,31848070,41362465,73210535,3,0,0,23040,1,3711069871
7473,31851600,41765314,73616914,0,0,0,19456,2,10047213721
7474,31854131,58757867,90611998,6,0,1,2048,13,3980160388
7475,31859191,58752830,90612021,1,0,1,2560,15,7118809890
7476,31860090,41479980,73340070,9,0,0,13824,13,8911880636
7477,31878670,41486064,73364734,0,0,0,8192,2,8576211607
7478,31888551,59065333,90953884,1,0,1,29696,15,1050142918
7479,31888619,59248438,91137057,4,0,1,512,16,4071788560
7480,31898209,59238871,91137080,4,0,1,6144,16,4441372024
7481,31905111,59231992,91137103,1,0,1,512,15,7210084831
7482,31915620,42009723,73925343,4,0,0,57856,16,6322368587
7483,31916380,41522400,73438780,9,0,0,3072,13,5851038907
7484,31918220,41591901,73510121,8,0,0,6144,17,2241250722
7485,31918990,59257908,91176898,2,0,1,24576,12,8536422299
7486,31927490,43059029,74986519,1,0,0,23552,15,10056615433
7487,31935340,41759973,73695313,3,0,0,90624,1,5700594799
7488,31937380,41480102,73417482,3,0,0,18432,1,9170865596
7489,31941929,59235000,91176929,4,0,1,7680,16,7814591935
7490,31943650,41609422,73553072,1,0,0,3072,15,8135197739
7491,31946620,41855536,73802156,8,0,0,12288,17,7097878478
7492,31951400,41688414,73639814,5,0,0,31232,13,9847082835
7493,31954039,42014087,73968126,2,0,0,32768,12,8741618676
7494,31960140,41561891,73522031,8,0,0,13312,17,7322153661
7495,31961051,59249510,91210561,6,0,1,29696,13,861987042
7496,31968060,41389347,73357407,1,0,0,512,15,6102340547
7497,31974290,41453854,73428144,9,0,0,1536,13,3376505986
7498,31981790,41517498,73499288,3,0,0,12800,1,4868172072
7499,31988010,41676616,73664626,9,0,0,39936,13,10443330183
7500,31991070,59321607,91312677,0,0,1,12288,2,374509022
7501,31996901,59349413,91346314,5,0,1,7680,13,2943050460
7502,32007189,41791200,73798389,7,0,0,46592,4,8411751216
7503,32010321,59347875,91358196,5,0,1,2048,13,4745609803
7504,32012400,59347107,91359507,2,0,1,26112,12,569928393
7505,32015809,43080550,75096359,2,0,0,78336,12,4884500084
7506,32023961,59504107,91528068,1,0,1,10752,15,5971526571
7507,32027420,41756750,73784170,3,0,0,37888,1,2517931959
7508,32036230,41906995,73943225,8,0,0,24576,17,4746083611
7509,32040160,41504813,73544973,9,0,0,2560,13,3064281184
7510,32041370,41770200,73811570,1,0,0,4608,15,9871489880
7511,32043110,41975941,74019051,0,0,0,34816,2,7359269317
7512,32045510,41831866,73877376,3,0,0,9728,1,7508735873
7513,32055910,41592412,73648322,1,0,0,4608,15,1539818637
7514,32061420,43077105,75138525,4,0,0,90624,16,8444896534
7515,32061849,42176960,74238809,7,0,0,14848,4,2509600352
7516,32062320,43171192,75233512,0,0,0,24064,2,9543785713
7517,32064180,41762636,73826816,8,0,0,30720,17,4506807898
7518,32064890,59463201,91528091,0,0,1,3072,2,2389604703
7519,32066000,41978883,74044883,4,0,0,7168,16,2947594306
7520,32070331,59458475,91528806,9,0,1,3584,13,9482024574
7521,32080140,41981239,74061379,5,0,0,9728,13,3848443195
7522,32080460,41793929,73874389,8,0,0,5632,17,7353073067
7523,32081990,41948472,74030462,1,0,0,37376,15,2195473724
7524,32082420,41953369,74035789,1,0,0,17408,15,61206182
7525,32083140,42003893,74087033,3,0,0,39936,1,8835518935
7526,32083830,42290567,74374397,5,0,0,47104,13,9453314558
7527,32095320,42076090,74171410,6,0,0,25088,13,5962093373
7528,32096891,59661785,91758676,1,0,1,7168,15,5333977058
7529,32099399,41833980,73933379,7,0,0,6656,4,155882636
7530,32101620,42088930,74190550,8,0,0,7680,17,8761107485
7531,32105010,42058733,74163743,5,0,0,103424,13,8289953701
7532,32110289,43190239,75300528,2,0,0,23552,12,2936774133
7533,32114109,59685316,91799425,4,0,1,2048,16,4606319595
7534,32116859,59725133,91841992,4,0,1,24064,16,3480036932
7535,32118911,59771353,91890264,5,0,1,3072,13,5199691296
7536,32127401,59849612,91977013,6,0,1,15360,13,5224997137
7537,32132290,41910386,74042676,3,0,0,22528,1,6128853175
7538,32132750,42041335,74174085,0,0,0,8704,2,627073868
7539,32139560,42125031,74264591,3,0,0,2560,1,6668050535
7540,32154770,41903583,74058353,2,0,0,37888,12,3520050504
7541,32156460,42077129,74233589,5,0,0,5632,13,9287337283
7542,32159860,41848560,74008420,8,0,0,15872,17,1554072770
7543,32160190,42157207,74317397,4,0,0,11264,16,3533745724
7544,32162090,42215918,74378008,4,0,0,11776,16,5438541834
7545,32167520,42243831,74411351,9,0,0,26112,13,2222778895
7546,32168739,59817430,91986169,4,0,1,1536,16,2125216572
7547,32171420,42033877,74205297,3,0,0,22016,1,3592996746
7548,32173930,42135017,74308947,3,0,0,35840,1,1203595718
7549,32176060,59810132,91986192,0,0,1,4608,2,2946214671
7550,32177040,42011147,74188187,8,0,0,15872,17,1508523912
7551,32180900,42002420,74183320,9,0,0,30208,13,1851118276
7552,32185970,41877119,74063089,3,0,0,1024,1,7341006706
7553,32188440,42198015,74386455,4,0,0,27648,16,5925809279
7554,32194520,59791695,91986215,7,0,1,14336,4,8225254589
7555,32215700,43290806,75506506,3,0,0,34304,1,10283380223
7556,32219750,42243733,74463483,5,0,0,8192,13,9416523924
7557,32221700,42028509,74250209,5,0,0,3584,13,8029487115
7558,32240990,42151416,74392406,1,0,0,19456,15,4409269589
7559,32242700,42180686,74423386,3,0,0,39424,1,1790122948
7560,32244500,42295831,74540331,8,0,0,54784,17,8567783332
7561,32250019,59811053,92061072,4,0,1,3072,16,7635689570
7562,32252710,42083450,74336160,3,0,0,36352,1,2716757180
7563,32253220,42404423,74657643,1,0,0,18944,15,8882365754
7564,32255560,59892655,92148215,7,0,1,2560,4,3027348583
7565,32260911,59914989,92175900,1,0,1,7680,15,2476250254
7566,32267849,42085517,74353366,2,0,0,7168,12,1202247012
7567,32268810,42029194,74298004,0,0,0,38912,2,9422395125
7568,32269130,43347939,75617069,5,0,0,42496,13,419834108
7569,32277460,42163132,74440592,3,0,0,56320,1,9015552377
7570,32281120,59923711,92204831,0,0,1,7168,2,4248812438
7571,32282350,42178591,74460941,4,0,0,31744,16,5648902310
7572,32287240,42511508,74798748,9,0,0,5120,13,2289373397
7573,32288630,59924789,92213419,8,0,1,8192,17,7715830232
7574,32290321,59926324,92216645,6,0,1,5120,13,7320173038
7575,32311280,42084049,74395329,1,0,0,9216,15,5944278130
7576,32323460,42127786,74451246,2,0,0,1024,12,10113036142
7577,32324540,42366171,74690711,1,0,0,28160,15,9150059899
7578,32325200,59892111,92217311,0,0,1,1024,2,2725950448
7579,32331080,42320768,74651848,3,0,0,51200,1,2089567593
7580,32352190,42199369,74551559,2,0,0,12288,12,8042562715
7581,32353720,42225625,74579345,1,0,0,1536,15,56171424
7582,32354380,42354340,74708720,4,0,0,18944,16,5655408192
7583,32355290,42570336,74925626,2,0,0,13312,12,142683839
7584,32386449,42377929,74764378,7,0,0,44032,4,5684997927
7585,32388591,59868828,92257419,9,0,1,2560,13,7487461572
7586,32389140,42430317,74819457,1,0,0,9216,15,3518569784
7587,32395990,42305664,74701654,3,0,0,35840,1,2137277504
7588,32405380,42627955,75033335,1,0,0,20480,15,4591062203
7589,32408510,59848932,92257442,0,0,1,5632,2,3699621093
7590,32410930,42447218,74858148,0,0,0,23040,2,1917798040
7591,32425710,42277215,74702925,1,0,0,4096,15,490706093
7592,32426930,42147807,74574737,9,0,0,1536,13,5670529202
7593,32428440,42207785,74636225,9,0,0,27648,13,3924062085
7594,32433050,43279676,75712726,0,0,0,30720,2,4258522880
7595,32434120,42192431,74626551,3,0,0,17920,1,4956961753
7596,32439040,42779918,75218958,2,0,0,6656,12,6645360060
7597,32439751,59838508,92278259,9,0,1,3584,13,4680469540
7598,32440159,59857646,92297805,4,0,1,3584,16,8189657397
7599,32441240,42177319,74618559,0,0,0,16896,2,3465598420
7600,32444190,42379042,74823232,5,0,0,12288,13,4459725139
7601,32451720,42469827,74921547,4,0,0,2048,16,7008400563
7602,32454340,42464041,74918381,2,0,0,20992,12,550295488
7603,32454410,42315763,74770173,3,0,0,18944,1,1195463420
7604,32454790,42407911,74862701,7,0,0,3584,4,8319941117
7605,32461050,42450912,74911962,2,0,0,37376,12,6543886640
7606,32472049,42272524,74744573,7,0,0,16384,4,10167970541
7607,32472781,59897320,92370101,5,0,1,16384,13,10660276787
7608,32478620,42701555,75180175,4,0,0,43520,16,5695339609
7609,32479720,59929535,92409255,8,0,1,6144,17,9552149409
7610,32481900,42418651,74900551,2,0,0,54784,12,5059174008
7611,32483570,42543502,75027072,2,0,0,27648,12,3070485601
7612,32484921,59933876,92418797,9,0,1,19968,13,2992869489
7613,32486390,42580438,75066828,5,0,0,18432,13,1172192167
7614,32491770,42336665,74828435,2,0,0,8192,12,8022790650
7615,32492370,42508326,75000696,1,0,0,9728,15,8018575778
7616,32492591,59968581,92461172,5,0,1,1536,13,10344183480
7617,32493250,42427650,74920900,4,0,0,8192,16,10465383660
7618,32493430,42482427,74975857,7,0,0,23552,4,243594341
7619,32494721,59966474,92461195,6,0,1,10240,13,758987980
7620,32511820,42438782,74950602,4,0,0,12800,16,3265822873
7621,32512340,42273267,74785607,1,0,0,13824,15,6969757455
7622,32518000,42497768,75015768,9,0,0,13824,13,4104869257
7623,32525481,59994673,92520154,9,0,1,1024,13,426655525
7624,32531200,59988977,92520177,7,0,1,2560,4,8434656372
7625,32531890,60255908,92787798,0,0,1,16384,2,2235738923
7626,32531930,42478207,75010137,1,0,0,14336,15,10700319716
7627,32533840,42312422,74846262,4,0,0,8704,16,9153323455
7628,32541820,42684337,75226157,2,0,0,23552,12,520879157
7629,32549010,42617219,75166229,2,0,0,24576,12,9509022526
7630,32552310,42592501,75144811,2,0,0,5632,12,5485262762
7631,32553860,42399333,74953193,1,0,0,8192,15,8382745910
7632,32556501,60231643,92788144,9,0,1,512,13,1579314245
7633,32559260,42583812,75143072,5,0,0,14848,13,3080410703
7634,32564650,42414662,74979312,5,0,0,11264,13,7919427532
7635,32568220,60225070,92793290,8,0,1,8192,17,6755288670
7636,32574040,42536850,75110890,3,0,0,47616,1,3916903720
7637,32574620,42749001,75323621,9,0,0,10752,13,6074870573
7638,32581500,43368821,75950321,4,0,0,24576,16,1886097644
7639,32584330,42582562,75166892,0,0,0,2048,2,4349540865
7640,32586460,42572258,75158718,3,0,0,45568,1,9654368999
7641,32593780,42882237,75476017,1,0,0,50176,15,6801734751
7642,32593840,42592450,75186290,9,0,0,19968,13,2790432937
7643,32594140,60252642,92846782,7,0,1,2048,4,2394739171
7644,32597120,60323842,92920962,2,0,1,27648,12,9503228754
7645,32599249,60342038,92941287,4,0,1,20992,16,9228341987
7646,32600100,42733721,75333821,5,0,0,22528,13,4763190279
7647,32604931,60337342,92942273,5,0,1,1536,13,6339540184
7648,32623530,42638262,75261792,1,0,0,49664,15,899588658
7649,32627480,42815084,75442564,7,0,0,113664,4,2989209558
7650,32627849,42612476,75240325,7,0,0,9728,4,4683968952
7651,32635960,60311058,92947018,7,0,1,14336,4,4886780916
7652,32639560,42577347,75216907,8,0,0,29184,17,4070263655
7653,32649679,42618220,75267899,7,0,0,19968,4,7171598831
7654,32651130,42878916,75530046,8,0,0,9216,17,3986914428
7655,32656371,60302405,92958776,9,0,1,5632,13,4476760881
7656,32657590,42803116,75460706,0,0,0,53760,2,6970727105
7657,32661429,42720668,75382097,7,0,0,5120,4,2652397688
7658,32664140,42743769,75407909,1,0,0,15872,15,6438742573
7659,32664810,42877961,75542771,3,0,0,26624,1,6570496775
7660,32667960,42625369,75293329,3,0,0,6656,1,10715982778
7661,32668460,60342901,93011361,7,0,1,2560,4,6183951962
7662,32676211,60335496,93011707,6,0,1,512,13,8945250886
7663,32677730,42702784,75380514,0,0,0,39936,2,9509517905
7664,32679280,43340431,76019711,0,0,0,9216,2,8798142733
7665,32680100,42592814,75272914,9,0,0,16384,13,8661624122
7666,32688959,42835075,75524034,7,0,0,4608,4,3158322812
7667,32691990,60320281,93012271,2,0,1,10752,12,893413354
7668,32704921,60402796,93107717,6,0,1,22528,13,2178535237
7669,32707160,42788871,75496031,3,0,0,57856,1,4056230797
7670,32710199,42797266,75507465,7,0,0,3072,4,7541580333
7671,32712260,42873646,75585906,0,0,0,36352,2,6357668671
7672,32713110,42765270,75478380,9,0,0,7680,13,6827600938
7673,32715490,42685610,75401100,1,0,0,512,15,565044327
7674,32726620,60427496,93154116,2,0,1,1536,12,8506076221
7675,32727170,42861099,75588269,0,0,0,7680,2,626024828
7676,32729140,42844724,75573864,5,0,0,10752,13,4750924399
7677,32730070,42912038,75642108,1,0,0,53248,15,2395623464
7678,32731030,60664064,93395094,0,0,1,158208,2,3757283582
7679,32731850,42712453,75444303,3,0,0,5632,1,7178948314
7680,32741710,60655096,93396806,7,0,1,2560,4,4694214953
7681,32743179,60655893,93399072,4,0,1,3584,16,6673679032
7682,32749470,42936441,75685911,3,0,0,5120,1,2805771390
7683,32752070,43589912,76341982,1,0,0,34304,15,9729928390
7684,32759519,43037045,75796564,7,0,0,17408,4,7514440457
7685,32769880,42914448,75684328,6,0,0,6656,13,7293675388
7686,32772080,42990670,75762750,1,0,0,4096,15,1300989798
7687,32773571,60627127,93400698,5,0,1,2560,13,9399906800
7688,32778680,42730056,75508736,1,0,0,4096,15,2006900498
7689,32778790,60623496,93402286,2,0,1,15872,12,8919794651
7690,32781100,42946025,75727125,4,0,0,23040,16,4323938619
7691,32795460,42828987,75624447,3,0,0,8704,1,10519492054
7692,32796470,60748724,93545194,2,0,1,16384,12,9126435809
7693,32798509,42939715,75738224,7,0,0,36352,4,1734513789
7694,32802830,43375791,76178621,5,0,0,20480,13,8261510408
7695,32803470,60741747,93545217,8,0,1,14848,17,1616281587
7696,32805060,60810885,93615945,8,0,1,12800,17,1873464672
7697,32809030,42954234,75763264,9,0,0,1536,13,1905990776
7698,32809580,43019036,75828616,4,0,0,1536,16,9108479445
7699,32812321,60945001,93757322,6,0,1,1536,13,4558261805
7700,32813629,60945319,93758948,4,0,1,2560,16,10587907204
7701,32823390,42923080,75746470,2,0,0,20480,12,8069519852
7702,32825639,42935840,75761479,7,0,0,25088,4,7467696160
7703,32828740,43033140,75861880,6,0,0,3072,13,8016575104
7704,32839980,43644556,76484536,3,0,0,4608,1,7143992348
7705,32841589,43244283,76085872,7,0,0,22016,4,7770526085
7706,32843300,43041099,75884399,5,0,0,26112,13,8869849575
7707,32853090,43038139,75891229,9,0,0,1536,13,1715137118
7708,32870670,42825023,75695693,5,0,0,15360,13,6896464556
7709,32872110,42907894,75780004,3,0,0,512,1,1550924506
7710,32872990,43014731,75887721,9,0,0,9728,13,1554286551
7711,32873300,43427888,76301188,0,0,0,12288,2,267305704
7712,32874069,43001710,75875779,7,0,0,22528,4,7451134788
7713,32875180,43034553,75909733,4,0,0,16896,16,5120451189
7714,32875939,60952664,93828603,4,0,1,12288,16,6627060945
7715,32880490,43112475,75992965,2,0,0,1536,12,2076092567
7716,32882810,43108364,75991174,4,0,0,5632,16,7137267098
7717,32883271,61097234,93980505,1,0,1,22528,15,1403141151
7718,32884761,61125034,94009795,5,0,1,19968,13,2616292057
7719,32886209,43103226,75989435,7,0,0,31232,4,5471827923
7720,32887419,43595690,76483109,7,0,0,107008,4,5692299682
7721,32890670,42947630,75838300,9,0,0,3072,13,5633145028
7722,32893920,43271921,76165841,5,0,0,79360,13,5486711232
7723,32896909,42987825,75884734,7,0,0,1024,4,5045988624
7724,32897370,43234650,76132020,9,0,0,34304,13,2905569945
7725,32897610,43223935,76121545,1,0,0,34304,15,4919699803
7726,32898520,43685743,76584263,3,0,0,84992,1,4805037732
7727,32909040,43360116,76269156,3,0,0,83968,1,9589104152
7728,32912720,43687813,76600533,9,0,0,17920,13,8963515580
7729,32912800,43411086,76323886,3,0,0,40448,1,2951924997
7730,32916860,43250720,76167580,5,0,0,5632,13,5924066952
7731,32920820,61139769,94060589,7,0,1,21504,4,2470395812
7732,32928080,61136055,94064135,2,0,1,5632,12,6761427171
7733,32933920,42962065,75895985,1,0,0,9728,15,8396286127
7734,32937999,43420000,76357999,7,0,0,30720,4,9296710708
7735,32942360,43545163,76487523,5,0,0,9728,13,8001061744
7736,32945040,43571576,76516616,2,0,0,36352,12,1052219297
7737,32945610,61151635,94097245,2,0,1,8704,12,9451123670
7738,32947000,43580613,76527613,1,0,0,27136,15,9839909892
7739,32951840,43414762,76366602,0,0,0,28160,2,4989132138
7740,32954010,43547576,76501586,9,0,0,46080,13,7388012651
7741,32961511,61135757,94097268,9,0,1,1536,13,9996786374
7742,32962580,43430499,76393079,0,0,0,57344,2,942478018
7743,32970590,43669647,76640237,9,0,0,25600,13,5459640820
7744,32981650,43197774,76179424,5,0,0,2560,13,9622639133
7745,32988550,44008575,76997125,0,0,0,61952,2,9728468126
7746,33005270,43605270,76610540,4,0,0,32768,16,8833079014
7747,33008089,43289332,76297421,7,0,0,27648,4,8747856309
7748,33008600,61742381,94750981,0,0,1,224256,2,10013845225
7749,33010870,43385040,76395910,3,0,0,9216,1,9550622547
7750,33019230,43356354,76375584,1,0,0,4608,15,6693687509
7751,33019569,43575481,76595050,7,0,0,35328,4,2117408373
7752,33048260,43582752,76631012,0,0,0,18944,2,8116953520
7753,33050120,43831052,76881172,2,0,0,4096,12,6219967526
7754,33055530,43559097,76614627,4,0,0,13312,16,4764407176
7755,33057080,43462234,76519314,9,0,0,8704,13,1963153247
7756,33063861,61687274,94751135,3,0,1,8704,1,7121027926
7757,33064090,43560388,76624478,2,0,0,32256,12,8176158512
7758,33065680,43355732,76421412,5,0,0,16384,13,4406750681
7759,33067460,43438057,76505517,5,0,0,12800,13,6404384859
7760,33073490,43778793,76852283,9,0,0,4608,13,3843284142
7761,33076990,43594915,76671905,3,0,0,36352,1,3939270705
7762,33078100,43655785,76733885,5,0,0,5632,13,2409634912
7763,33083540,43595922,76679462,4,0,0,14848,16,6215511834
7764,33087040,43587875,76674915,9,0,0,6144,13,5128301141
7765,33092939,61678142,94771081,4,0,1,2048,16,2340736097
7766,33101740,43571280,76673020,4,0,0,3584,16,3338468371
7767,33102600,43522525,76625125,5,0,0,2048,13,9722422844
7768,33105160,62087691,95192851,0,0,1,230400,2,1962968789
7769,33107360,62085522,95192882,7,0,1,9728,4,355381420
7770,33107440,43586884,76694324,5,0,0,4096,13,3167959787
7771,33128890,43727014,76855904,0,0,0,10752,2,3895622744
7772,33134200,43672751,76806951,4,0,0,10752,16,207137932
7773,33135420,43661813,76797233,2,0,0,52224,12,4432829985
7774,33139770,62065521,95205291,7,0,1,5120,4,9147112562
7775,33143501,62061821,95205322,1,0,1,4096,15,8851969821
7776,33144081,62082675,95226756,6,0,1,6656,13,7501598338
7777,33148630,43864837,77013467,0,0,0,2560,2,2102384174
7778,33151070,44006204,77157274,2,0,0,34816,12,7364097004
7779,33159840,43780213,76940053,1,0,0,10752,15,1061338122
7780,33171571,62058799,95230370,5,0,1,7680,13,1000429673
7781,33179389,43740709,76920098,7,0,0,13312,4,5367257249
7782,33182639,43621013,76803652,7,0,0,20992,4,1011923698
7783,33183300,43679982,76863282,9,0,0,15872,13,444893659
7784,33186310,43823699,77010009,2,0,0,26112,12,2238818191
7785,33186560,62048470,95235030,2,0,1,15872,12,8653892718
7786,33187011,62049005,95236016,9,0,1,1536,13,6314235933
7787,33188789,62047573,95236362,4,0,1,512,16,7718036638
7788,33193970,62060040,95254010,8,0,1,12288,17,3808599343
7789,33200240,43707571,76907811,5,0,0,17920,13,7856463818
7790,33201780,43656643,76858423,2,0,0,8192,12,5995300415
7791,33202810,44061651,77264461,0,0,0,43008,2,1365389210
7792,33207190,43659690,76866880,0,0,0,2560,2,375188529
7793,33211109,43504632,76715741,7,0,0,1536,4,2343401320
7794,33212849,43533790,76746639,7,0,0,12800,4,10368264629
7795,33224031,62035125,95259156,5,0,1,8192,13,10029077258
7796,33229220,62031012,95260232,8,0,1,13312,17,1689488799
7797,33229590,43724500,76954090,2,0,0,41472,12,8705558516
7798,33234770,62215331,95450101,0,0,1,76288,2,1082123984
7799,33238130,43690836,76928966,0,0,0,5632,2,10235262346
7800,33239150,43675641,76914791,1,0,0,15360,15,7437425784
7801,33239870,43797861,77037731,1,0,0,13312,15,682166379
7802,33242161,62208401,95450562,5,0,1,10240,13,5966249846
7803,33242850,43772739,77015589,1,0,0,4096,15,3129618640
7804,33250490,62202018,95452508,2,0,1,3072,12,1513721880
7805,33250650,43862856,77113506,9,0,0,6656,13,9504652345
7806,33251300,43848824,77100124,4,0,0,36864,16,7938121188
7807,33265530,43922181,77187711,4,0,0,21504,16,1948685252
7808,33276909,43802964,77079873,7,0,0,6144,4,436316622
7809,33284630,44038422,77323052,4,0,0,33792,16,1624129712
7810,33288020,44240389,77528409,5,0,0,38912,13,8871070108
7811,33290350,43811669,77102019,3,0,0,6144,1,3367396295
7812,33314080,43892010,77206090,9,0,0,28672,13,2274584575
7813,33315329,44106814,77422143,7,0,0,84480,4,917478687
7814,33329780,44544522,77874302,3,0,0,46080,1,2607019209
7815,33331490,43729257,77060747,4,0,0,8192,16,6968100963
7816,33331690,43860221,77191911,5,0,0,4608,13,7494866540
7817,33341080,44674918,78015998,5,0,0,35840,13,6962033421
7818,33341710,44030328,77372038,2,0,0,39936,12,10499977357
7819,33344609,43843749,77188358,7,0,0,2048,4,3862798840
7820,33353729,43893197,77246926,7,0,0,25600,4,3984003144
7821,33377829,44316822,77694651,7,0,0,74240,4,7372772471
7822,33381089,43991619,77372708,7,0,0,2048,4,924801276
7823,33383729,62091176,95474905,4,0,1,2560,16,9460097951
7824,33391679,45192509,78584188,7,0,0,152064,4,6264168124
7825,33393271,62081657,95474928,5,0,1,1024,13,9141195023
7826,33397690,43819368,77217058,1,0,0,6144,15,5165418287
7827,33402661,62091197,95493858,9,0,1,5120,13,545007246
7828,33405080,44221699,77626779,0,0,0,12800,2,7183014854
7829,33408740,44036097,77444837,3,0,0,22528,1,5796806429
7830,33409111,62100022,95509133,9,0,1,6656,13,6158303397
7831,33412530,44757660,78170190,3,0,0,19456,1,3183482110
7832,33424850,43876964,77301814,3,0,0,4096,1,10598678076
7833,33427040,44751978,78179018,2,0,0,9216,12,2030005678
7834,33427900,44167762,77595662,2,0,0,8192,12,2924154654
7835,33428080,44414381,77842461,3,0,0,109568,1,5289347750
7836,33431770,44948227,78379997,3,0,0,68608,1,157559834
7837,33433400,44327673,77761073,2,0,0,34816,12,8480350491
7838,33438570,44030302,77468872,2,0,0,13824,12,258388859
7839,33439000,62074959,95513959,2,0,1,7680,12,9046346544
7840,33442891,62071222,95514113,5,0,1,8704,13,5023938056
7841,33447000,44000512,77447512,1,0,0,8704,15,4190332675
7842,33447319,62110728,95558047,4,0,1,18432,16,9795879160
7843,33447641,62159182,95606823,1,0,1,20480,15,548230037
7844,33449930,44995090,78445020,3,0,0,107520,1,9578116066
7845,33451731,62301418,95753149,6,0,1,16384,13,4856814641
7846,33457760,44399260,77857020,1,0,0,4608,15,5096949585
7847,33459330,44332873,77792203,3,0,0,17920,1,8696455267
7848,33463040,44067732,77530772,1,0,0,7680,15,4545312991
7849,33467100,44033500,77500600,3,0,0,6656,1,10630528927
7850,33467290,44162419,77629709,1,0,0,6144,15,590455523
7851,33469579,62327605,95797184,4,0,1,7168,16,732278790
7852,33473549,62323658,95797207,4,0,1,4096,16,7800795099
7853,33474390,44873870,78348260,6,0,0,43008,13,841030875
7854,33488800,45753030,79241830,5,0,0,116736,13,6211702375
7855,33501880,62446793,95948673,2,0,1,8704,12,7726070581
7856,33502820,44246494,77749314,2,0,0,2048,12,4317493371
7857,33507270,45582695,79089965,0,0,0,43008,2,7257801425
7858,33509039,62519641,96028680,4,0,1,13312,16,7303830757
7859,33509640,45206263,78715903,0,0,0,79872,2,7057629831
7860,33511950,44153652,77665602,3,0,0,40960,1,7521823028
7861,33513750,44407086,77920836,5,0,0,52736,13,295018015
7862,33514901,62514752,96029653,5,0,1,12800,13,5676729635
7863,33523350,44811783,78335133,9,0,0,51712,13,7379389709
7864,33523520,44251539,77775059,2,0,0,8192,12,3886013407
7865,33530290,44462927,77993217,9,0,0,48128,13,7072998602
7866,33532200,44872994,78405194,5,0,0,3072,13,6294292428
7867,33540440,44155482,77695922,5,0,0,4096,13,8620103334
7868,33544819,62665863,96210682,4,0,1,1536,16,2668428176
7869,33552560,44535304,78087864,0,0,0,32256,2,1333847430
7870,33555870,62657398,96213268,7,0,1,4096,4,1504460466
7871,33556590,44847645,78404235,2,0,0,40448,12,8058241052
7872,33559570,45061081,78620651,1,0,0,64000,15,1188946083
7873,33560669,62687939,96248608,4,0,1,3584,16,663137811
7874,33562850,44105583,77668433,0,0,0,9216,2,1703499581
7875,33566050,62813231,96379281,8,0,1,28672,17,9302607045
7876,33566570,44398363,77964933,1,0,0,10752,15,2875976228
7877,33566600,44690513,78257113,3,0,0,21504,1,9720203838
7878,33567500,44452787,78020287,0,0,0,13824,2,2908548585
7879,33581580,44467602,78049182,4,0,0,12288,16,4143826878
7880,33586210,45001589,78587799,4,0,0,11776,16,3722592062
7881,33591380,44413560,78004940,5,0,0,38400,13,8369637035
7882,33593380,46049132,79642512,0,0,0,70144,2,8398468010
7883,33597230,63731636,97328866,0,0,1,408064,2,8766820616
7884,33598020,44566219,78164239,1,0,0,53760,15,1684794726
7885,33602230,44508075,78110305,5,0,0,10752,13,3530180667
7886,33609130,44747577,78356707,4,0,0,27648,16,7718785395
7887,33617260,63715864,97333124,8,0,1,4608,17,1898417970
7888,33624880,63711098,97335978,0,0,1,9216,2,2684783491
7889,33641100,44667036,78308136,4,0,0,35840,16,9372583158
7890,33642550,44308893,77951443,3,0,0,6656,1,4788184726
7891,33647090,45549720,79196810,5,0,0,22528,13,6362621729
7892,33651220,45475612,79126832,3,0,0,55296,1,5404718627
7893,33651720,44437259,78088979,1,0,0,3584,15,2710604289
7894,33652310,45025741,78678051,6,0,0,65024,13,2830964182
7895,33653020,63688316,97341336,7,0,1,6144,4,4289399798
7896,33657420,63683947,97341367,7,0,1,11264,4,1990468164
7897,33661080,44515107,78176187,0,0,0,19456,2,10232894076
7898,33663970,44537294,78201264,0,0,0,8192,2,1785947510
7899,33664210,45136888,78801098,3,0,0,18944,1,9566116929
7900,33665800,63676059,97341859,8,0,1,1536,17,7376657650
7901,33677080,63665445,97342525,8,0,1,1024,17,10515055346
7902,33681911,63688338,97370249,5,0,1,3072,13,1418295555
7903,33683380,45084789,78768169,2,0,0,95744,12,6524587276
7904,33684680,46397720,80082400,4,0,0,6144,16,4803104272
7905,33685650,63689988,97375638,7,0,1,17408,4,134140984
7906,33698640,44660430,78359070,5,0,0,7680,13,1563631371
7907,33705470,63711595,97417065,0,0,1,7680,2,6008145782
7908,33718050,44694187,78412237,2,0,0,23040,12,1382485641
7909,33727120,46169520,79896640,0,0,0,8704,2,7331603196
7910,33727600,44873505,78601105,5,0,0,43520,13,5706714414
7911,33728130,44745463,78473593,2,0,0,18944,12,3251389517
7912,33728890,44482235,78211125,0,0,0,7680,2,2743706658
7913,33735990,63686260,97422250,7,0,1,16384,4,8201284435
7914,33736579,45084632,78821211,7,0,0,51200,4,3821051442
7915,33738300,63773651,97511951,3,0,1,32768,1,6936167592
7916,33738640,46213170,79951810,0,0,0,7168,2,1235688476
7917,33739300,44995556,78734856,3,0,0,34816,1,985495689
7918,33743630,46546388,80290018,0,0,0,20992,2,5520859655
7919,33768110,45025602,78793712,0,0,0,55808,2,6354315279
7920,33778930,63734327,97513257,8,0,1,2048,17,1282034809
7921,33793930,44394554,78188484,9,0,0,1536,13,7893528450
7922,33800340,44821434,78621774,0,0,0,3584,2,9835980586
7923,33808300,45334981,79143281,9,0,0,52224,13,246120762
7924,33815471,63699732,97515203,5,0,1,3072,13,1159408180
7925,33815500,45191219,79006719,4,0,0,27648,16,7295511583
7926,33815760,63699802,97515562,4,0,1,9728,16,1897516286
7927,33835720,44544838,78380558,6,0,0,1536,13,5999801862
7928,33837080,44939582,78776662,0,0,0,27648,2,6632160391
7929,33837760,44957543,78795303,9,0,0,5120,13,5539251316
7930,33839340,44793416,78632756,2,0,0,35840,12,8607303557
7931,33839900,44608598,78448498,3,0,0,11264,1,2667769000
7932,33844000,44958845,78802845,0,0,0,5632,2,1846586881
7933,33848769,44890205,78738974,7,0,0,7168,4,7460447443
7934,33869129,45391452,79260581,7,0,0,61440,4,7861443558
7935,33871790,44852435,78724225,2,0,0,24064,12,5512278907
7936,33883240,63643955,97527195,0,0,1,8704,2,3328374748
7937,33887370,44802583,78689953,4,0,0,5120,16,7961919690
7938,33888100,44604036,78492136,9,0,0,11264,13,1676271360
7939,33892650,63638570,97531220,8,0,1,4608,17,5990641283
7940,33894720,45091189,78985909,3,0,0,2048,1,1630955840
7941,33900790,44816080,78716870,2,0,0,3072,12,6545714743
7942,33902090,44786280,78688370,5,0,0,33792,13,8992636339
7943,33906419,63641045,97547464,4,0,1,1024,16,2651211584
7944,33910890,46631902,80542792,0,0,0,20480,2,5479843307
7945,33912641,63638369,97551010,6,0,1,5632,13,6776866557
7946,33915031,63645756,97560787,5,0,1,11264,13,5359990930
7947,33915550,63695365,97610915,7,0,1,9216,4,1894269464
7948,33915889,45141547,79057436,7,0,0,37888,4,8367388739
7949,33919760,44771776,78691536,2,0,0,5120,12,6565076411
7950,33933330,45256593,79189923,1,0,0,94208,15,5138247662
7951,33939980,44977809,78917789,5,0,0,59904,13,7366788246
7952,33944120,45464607,79408727,3,0,0,8192,1,8827690286
7953,33944210,44942005,78886215,0,0,0,8704,2,7168071043
7954,33949050,44787701,78736751,8,0,0,6144,17,951351174
7955,33950610,63676309,97626919,3,0,1,26112,1,7039560771
7956,33953370,45203100,79156470,9,0,0,22528,13,8737094706
7957,33960730,44865815,78826545,8,0,0,512,17,9763470209
7958,33964590,63662352,97626942,2,0,1,10752,12,7571387735
7959,33964911,63711942,97676853,3,0,1,17408,1,5172161834
7960,33967380,45238859,79206239,4,0,0,21504,16,3209664408
7961,33972800,45154546,79127346,0,0,0,1536,2,3605204484
7962,33978040,45131921,79109961,8,0,0,56320,17,9337202503
7963,33978120,44844697,78822817,2,0,0,5120,12,2435205146
7964,33982391,63694485,97676876,3,0,1,7680,1,3412612490
7965,34006679,45516150,79522829,7,0,0,28672,4,4400368400
7966,34008049,44835471,78843520,7,0,0,14848,4,9624757170
7967,34008740,45335239,79343979,4,0,0,19456,16,7510904172
7968,34010380,63666519,97676899,8,0,1,13824,17,10660242588
7969,34014501,63673201,97687702,9,0,1,3584,13,273609324
7970,34014960,45668925,79683885,9,0,0,29696,13,5265023723
7971,34015400,44948683,78964083,8,0,0,83456,17,272497471
7972,34018560,63671088,97689648,3,0,1,3072,1,751989034
7973,34035341,63656253,97691594,6,0,1,3072,13,10126532194
7974,34036090,44888682,78924772,2,0,0,2048,12,436034782
7975,34039720,45324691,79364411,4,0,0,24064,16,6165838336
7976,34044700,44921122,78965822,9,0,0,5632,13,8415531499
7977,34051501,63653909,97705410,1,0,1,4608,15,8196784314
7978,34055460,44921233,78976693,0,0,0,2048,2,787441475
7979,34059090,45090470,79149560,9,0,0,20480,13,6152114361
7980,34089181,63616252,97705433,9,0,1,1024,13,6095678657
7981,34092720,45350099,79442819,1,0,0,41984,15,4318893045
7982,34095110,45399216,79494326,9,0,0,14336,13,6176869777
7983,34096141,63628841,97724982,9,0,1,4608,13,4642598940
7984,34099261,63631295,97730556,6,0,1,5120,13,715542783
7985,34104930,63625649,97730579,2,0,1,14848,12,1621260928
7986,34115390,45045806,79161196,1,0,0,8192,15,9137186671
7987,34116910,45310477,79427387,4,0,0,38912,16,3198975945
7988,34117810,44919746,79037556,5,0,0,13824,13,1993191089
7989,34123230,45667529,79790759,9,0,0,97280,13,9418137816
7990,34124090,45162352,79286442,0,0,0,4096,2,6473088624
7991,34127391,63632686,97760077,5,0,1,16896,13,9698648581
7992,34128410,46524248,80652658,3,0,0,22016,1,7301337814
7993,34145620,45435572,79581192,3,0,0,30208,1,7214364894
7994,34146099,45470352,79616451,7,0,0,34304,4,8013487756
7995,34151299,44814702,78966001,7,0,0,512,4,10125183970
7996,34153130,63649493,97802623,0,0,1,6656,2,9812410829
7997,34163190,45210292,79373482,4,0,0,29696,16,4911473342
7998,34168990,45030651,79199641,4,0,0,9216,16,1765933459
7999,34170370,45655338,79825708,1,0,0,28672,15,7230056508
8000,34171630,45230401,79402031,9,0,0,17408,13,10030148712
8001,34182971,63620790,97803761,9,0,1,4608,13,9355461588
8002,34190280,45311143,79501423,5,0,0,11264,13,9335747075
8003,34193820,45522780,79716600,4,0,0,52224,16,5008939152
8004,34205330,44953347,79158677,9,0,0,7168,13,39375252
8005,34208679,45053805,79262484,7,0,0,6144,4,3262314939
8006,34222020,45267915,79489935,0,0,0,7168,2,7363377102
8007,34225280,45250702,79475982,0,0,0,68608,2,5244251717
8008,34233221,63570563,97803784,9,0,1,3072,13,2141977169
8009,34236730,45296106,79532836,8,0,0,31232,17,151528568
8010,34238830,45435984,79674814,3,0,0,2048,1,6903136674
8011,34242970,45062528,79305498,8,0,0,6144,17,8922902628
8012,34254720,63549087,97803807,0,0,1,2560,2,5121500402
8013,34259400,46505368,80764768,4,0,0,76288,16,8753013629
8014,34259590,45614699,79874289,8,0,0,25600,17,5851356984
8015,34262860,45717785,79980645,4,0,0,18432,16,8604139653
8016,34263930,63548051,97811981,0,0,1,11264,2,5678864426
8017,34268510,45546856,79815366,7,0,0,80384,4,3781315217
8018,34278690,45042839,79321529,7,0,0,14336,4,4249745663
8019,34289560,45433777,79723337,3,0,0,8704,1,2649885640
8020,34291870,45206090,79497960,0,0,0,7680,2,2903464070
8021,34295540,45273159,79568699,9,0,0,56832,13,8789081991
8022,34297211,63517114,97814325,9,0,1,2560,13,1797456292
8023,34301360,63517791,97819151,2,0,1,7680,12,9920968376
8024,34308910,63513467,97822377,2,0,1,5120,12,566286166
8025,34318250,45520741,79838991,4,0,0,43520,16,7885245589
8026,34323470,45594915,79918385,0,0,0,21504,2,3777220799
8027,34330630,45558804,79889434,5,0,0,28672,13,1774380179
8028,34341950,45032967,79374917,3,0,0,4608,1,8959961459
8029,34355051,63467992,97823043,5,0,1,1024,13,3057304770
8030,34357380,45316306,79673686,3,0,0,23552,1,2879953280
8031,34357971,63520904,97878875,5,0,1,2048,13,6951168396
8032,34371249,45345998,79717247,7,0,0,2048,4,2848534110
8033,34372570,45848358,80220928,8,0,0,44544,17,2099944843
8034,34375330,45755382,80130712,2,0,0,37888,12,492161177
8035,34379479,45108249,79487728,7,0,0,38400,4,3113437164
8036,34390290,45605579,79995869,1,0,0,20992,15,1583029541
8037,34390300,45343656,79733956,9,0,0,22016,13,2031494840
8038,34396950,45098647,79495597,7,0,0,4096,4,7483081930
8039,34398740,45575619,79974359,3,0,0,27648,1,10485030027
8040,34399690,45466776,79866466,0,0,0,67072,2,8375545344
8041,34403270,46072368,80475638,0,0,0,14336,2,7040670865
8042,34403390,46425824,80829214,4,0,0,54784,16,10216047793
8043,34403630,63475591,97879221,8,0,1,512,17,10147947972
8044,34405670,63479636,97885306,7,0,1,9216,4,5461644079
8045,34410980,45254277,79665257,1,0,0,4096,15,4939095589
8046,34424300,63466152,97890452,3,0,1,8192,1,8491037279
8047,34426890,63554025,97980915,4,0,1,1536,16,10481404670
8048,34429000,46489785,80918785,8,0,0,2048,17,880420890
8049,34431360,63595188,98026548,2,0,1,32768,12,9464156140
8050,34436070,63590501,98026571,8,0,1,512,17,6341343020
8051,34437120,46734691,81171811,1,0,0,104960,15,870399868
8052,34437440,45145179,79582619,4,0,0,4608,16,1874661089
8053,34438520,63715235,98153755,8,0,1,18432,17,9206540047
8054,34441991,63711787,98153778,6,0,1,4096,13,1778444291
8055,34448110,63880613,98328723,3,0,1,14336,1,23450768
8056,34454719,45729597,80184316,7,0,0,11776,4,10386885149
8057,34456890,45187673,79644563,5,0,0,6656,13,3660214054
8058,34457890,46609594,81067484,8,0,0,28672,17,3003735281
8059,34459631,64085090,98544721,1,0,1,512,15,10143984059
8060,34471040,45503966,79975006,9,0,0,2048,13,3937731036
8061,34473110,45470631,79943741,3,0,0,24064,1,4838280349
8062,34477540,45931063,80408603,1,0,0,22528,15,265228199
8063,34477610,45217431,79695041,2,0,0,1536,12,2410075859
8064,34481550,64064797,98546347,7,0,1,2560,4,599240416
8065,34486150,45628130,80114280,8,0,0,24064,17,7216686721
8066,34489920,46745274,81235194,9,0,0,37376,13,1396454390
8067,34499059,64048466,98547525,4,0,1,13824,16,8763319161
8068,34499110,64112134,98611244,4,0,1,7680,16,7837344513
8069,34501960,45617185,80119145,1,0,0,7680,15,6389953979
8070,34502211,64109056,98611267,9,0,1,17408,13,2343805704
8071,34504700,45668806,80173506,1,0,0,35840,15,3240654919
8072,34515130,45947803,80462933,6,0,0,105472,13,5264994947
8073,34528060,45675544,80203604,0,0,0,12288,2,8615246937
8074,34532890,45375381,79908271,9,0,0,28160,13,572488507
8075,34535949,46078181,80614130,7,0,0,30208,4,5266057111
8076,34541610,45658181,80199791,4,0,0,50688,16,10441842373
8077,34552141,64077255,98629396,1,0,1,5120,15,7450683507
8078,34554230,45926776,80481006,2,0,0,12800,12,9814013474
8079,34564250,45252699,79816949,9,0,0,5120,13,4123956330
8080,34565860,64063559,98629419,0,0,1,3072,2,2409644268
8081,34571421,64058021,98629442,1,0,1,5120,15,5341641588
8082,34577810,45348218,79926028,1,0,0,19456,15,1118071311
8083,34580641,64048824,98629465,6,0,1,13312,13,2482231118
8084,34581030,45847098,80428128,1,0,0,12288,15,5528611530
8085,34582650,46128337,80710987,9,0,0,100352,13,1497569386
8086,34583780,45884324,80468104,9,0,0,16896,13,4311732473
8087,34593061,64067205,98660266,3,0,1,1024,1,2324318986
8088,34601530,45602565,80204095,1,0,0,1536,15,4518975018
8089,34604650,45636297,80240947,4,0,0,9728,16,624699483
8090,34605710,64054579,98660289,2,0,1,2048,12,3850343481
8091,34609980,45491698,80101678,2,0,0,7168,12,4229971103
8092,34610589,45416054,80026643,7,0,0,7680,4,8196723399
8093,34617251,64043061,98660312,9,0,1,10752,13,9911576436
8094,34621450,46092836,80714286,3,0,0,10752,1,9396603383
8095,34628180,46096604,80724784,0,0,0,22016,2,10109749975
8096,34630661,64089116,98719777,9,0,1,7168,13,10194563070
8097,34631500,45430197,80061697,6,0,0,47104,13,6465506844
8098,34636930,46088813,80725743,3,0,0,3072,1,705334365
8099,34639460,64080431,98719891,3,0,1,1536,1,8375661028
8100,34657180,45744536,80401716,0,0,0,46080,2,637125071
8101,34673310,45507395,80180705,1,0,0,23552,15,3174543187
8102,34673880,46000848,80674728,7,0,0,12800,4,1047163343
8103,34676710,46155179,80831889,9,0,0,8704,13,5255268082
8104,34679411,64042106,98721517,9,0,1,2560,13,7214073541
8105,34680780,64042683,98723463,7,0,1,3072,4,4533002219
8106,34681310,46542473,81223783,9,0,0,2560,13,8111146298
8107,34685691,64045705,98731396,6,0,1,14848,13,1467165222
8108,34696920,64037702,98734622,2,0,1,5120,12,2280974943
8109,34709570,46142974,80852544,4,0,0,19456,16,8258304182
8110,34710711,64075343,98786054,1,0,1,9216,15,10022891137
8111,34711351,64077289,98788640,6,0,1,4096,13,4623594538
8112,34716570,46366716,81083286,3,0,0,44544,1,8610817252
8113,34723120,46056514,80779634,3,0,0,48640,1,10043391630
8114,34730140,64107648,98837788,0,0,1,3072,2,7188688810
8115,34731170,45565618,80296788,4,0,0,15872,16,526624627
8116,34731851,64105960,98837811,6,0,1,9728,13,276241636
8117,34732421,64488373,99220794,9,0,1,12800,13,7499403118
8118,34735190,46137757,80872947,7,0,0,30208,4,1278892307
8119,34738321,64512182,99250503,5,0,1,3584,13,680402028
8120,34745730,46576761,81322491,2,0,0,48640,12,5017141716
8121,34746581,64503945,99250526,5,0,1,3072,13,5069872679
8122,34747600,45479748,80227348,3,0,0,5120,1,5277490607
8123,34748990,45515698,80264688,8,0,0,16384,17,3711478397
8124,34749560,46610261,81359821,0,0,0,17920,2,7328535309
8125,34751210,45589131,80340341,2,0,0,17920,12,290109085
8126,34754110,46085975,80840085,4,0,0,5632,16,609723517
8127,34756580,46211064,80967644,1,0,0,15872,15,1338481841
8128,34758129,46910170,81668299,7,0,0,38912,4,6471067355
8129,34758650,46292229,81050879,7,0,0,11264,4,4896354008
8130,34759649,46163059,80922708,7,0,0,12800,4,264669260
8131,34766540,46151575,80918115,3,0,0,47104,1,5131392952
8132,34767231,64483318,99250549,6,0,1,16384,13,8034609046
8133,34767970,45748296,80516266,4,0,0,18432,16,1515700110
8134,34774469,64569778,99344247,4,0,1,10752,16,7927376043
8135,34778020,64578354,99356374,7,0,1,3584,4,1455676026
8136,34778790,45824842,80603632,4,0,0,59392,16,2309557200
8137,34783930,46388996,81172926,8,0,0,3584,17,4228262660
8138,34788450,45632835,80421285,8,0,0,41472,17,5192801358
8139,34793220,64567553,99360773,3,0,1,6656,1,2454129583
8140,34793720,46991549,81785269,3,0,0,48640,1,2797028524
8141,34798320,45919733,80718053,5,0,0,12288,13,3010413331
8142,34798799,45672448,80471247,7,0,0,10240,4,5824709957
8143,34803770,45731494,80535264,5,0,0,19968,13,6173043047
8144,34808290,46448819,81257109,0,0,0,8704,2,9365617771
8145,34817950,64562139,99380089,4,0,1,6144,16,7703835786
8146,34818290,46240435,81058725,5,0,0,25088,13,4799258195
8147,34819250,46214244,81033494,8,0,0,130048,17,2475587527
8148,34824550,46372066,81196616,4,0,0,29696,16,199812034
8149,34825510,64603891,99429401,0,0,1,5120,2,485667456
8150,34832950,64639399,99472349,0,0,1,5632,2,3239083286
8151,34833590,46351527,81185117,3,0,0,39936,1,10415032653
8152,34833620,46471018,81304638,1,0,0,17408,15,6205664169
8153,34848010,46012706,80860716,3,0,0,10240,1,5565652174
8154,34850880,45658164,80509044,9,0,0,29696,13,10378824287
8155,34850951,64626593,99477544,9,0,1,5632,13,3771652737
8156,34854020,45666898,80520918,3,0,0,8192,1,6314615240
8157,34857670,45798669,80656339,4,0,0,6656,16,9680904769
8158,34863041,64614862,99477903,1,0,1,9728,15,10327783586
8159,34864880,45645747,80510627,4,0,0,5120,16,6528971276
8160,34871180,46232588,81103768,2,0,0,47104,12,1387297661
8161,34873849,46238233,81112082,7,0,0,13824,4,8001430693
8162,34880140,46470710,81350850,5,0,0,6144,13,1149872237
8163,34885290,46204103,81089393,5,0,0,19968,13,9664516954
8164,34885519,64602321,99487840,4,0,1,5120,16,6408431855
8165,34891820,46155604,81047424,3,0,0,45568,1,1759443680
8166,34895740,45709163,80604903,8,0,0,4096,17,8244908372
8167,34896780,45720134,80616914,0,0,0,8704,2,2830672981
8168,34897230,46065195,80962425,8,0,0,6656,17,3279117164
8169,34898530,64627187,99525717,7,0,1,8192,4,6831106738
8170,34901780,45953127,80854907,3,0,0,7680,1,2520735471
8171,34903010,46056081,80959091,1,0,0,9216,15,706023092
8172,34905050,46308193,81213243,1,0,0,36864,15,1893987172
8173,34910300,64615763,99526063,3,0,1,512,1,2441282680
8174,34921130,46058691,80979821,0,0,0,512,2,2457332156
8175,34923870,46314467,81238337,0,0,0,10240,2,6638723053
8176,34934230,45969487,80903717,9,0,0,65536,13,1850868263
8177,34934740,64591784,99526524,0,0,1,10240,2,8183914751
8178,34936450,64756328,99692778,0,0,1,30720,2,1099212768
8179,34941000,46327372,81268372,9,0,0,29696,13,60259643
8180,34942140,45983243,80925383,2,0,0,8704,12,9647974455
8181,34947159,46401796,81348955,7,0,0,12288,4,10264226327
8182,34948311,64775372,99723683,6,0,1,8704,13,5770220270
8183,34948550,46102508,81051058,3,0,0,512,1,10201659085
8184,34949490,46171663,81121153,5,0,0,29696,13,8185460177
8185,34953250,46154597,81107847,3,0,0,13312,1,1949995161
8186,34955470,64768236,99723706,2,0,1,3072,12,10144556094
8187,34960770,45819355,80780125,2,0,0,1536,12,4134180686
8188,34967889,45889684,80857573,7,0,0,6144,4,2024542287
8189,34970189,45874395,80844584,7,0,0,1024,4,4782836628
8190,34970590,45971867,80942457,8,0,0,6656,17,4573088620
8191,34975410,64872776,99848186,7,0,1,10240,4,5583934646
8192,34976070,46947831,81923901,9,0,0,53760,13,3340975383
8193,34987390,46345451,81332841,4,0,0,33792,16,5962073182
8194,34995449,64855963,99851412,4,0,1,5120,16,7865849584
8195,34995870,64856848,99852718,8,0,1,2048,17,4652772553
8196,34998880,47031858,82030738,8,0,0,41472,17,10446040263
8197,35007850,46417058,81424908,8,0,0,44544,17,3381953390
8198,35008810,46636078,81644888,2,0,0,65024,12,4417792727
8199,35013460,46265901,81279361,3,0,0,7168,1,2072612051
8200,35019220,46699043,81718263,5,0,0,14336,13,6754669424
8201,35020130,46391183,81411313,8,0,0,25600,17,1485391091
8202,35027130,46272181,81299311,9,0,0,11264,13,9866881818
8203,35038301,64833807,99872108,3,0,1,6656,1,8630131136
8204,35039961,64938272,99978233,6,0,1,6656,13,2251086583
8205,35040090,46029601,81069691,0,0,0,7168,2,6835631196
8206,35041370,46488370,81529740,8,0,0,25600,17,8683936686
8207,35045310,46579743,81625053,0,0,0,92672,2,4194453040
8208,35049659,64929138,99978797,4,0,1,10752,16,403539813
8209,35055180,46290008,81345188,4,0,0,40448,16,7065140535
8210,35058700,46450709,81509409,0,0,0,143872,2,3673386607
8211,35064520,46513336,81577856,5,0,0,39936,13,10249806847
8212,35065200,64954660,100019860,0,0,1,2048,2,4905809018
8213,35067219,46382610,81449829,7,0,0,28672,4,8530255658
8214,35074539,46729764,81804303,7,0,0,512,4,2707417640
8215,35076170,64944766,100020936,8,0,1,13312,17,8113502267
8216,35080560,46903083,81983643,9,0,0,56320,13,10234680621
8217,35087780,46450869,81538649,2,0,0,28160,12,2562761342
8218,35088551,64966669,100055220,1,0,1,1024,15,7881795339
8219,35088790,46452534,81541324,5,0,0,8704,13,688368006
8220,35090139,65041643,100131782,4,0,1,5632,16,9146338175
8221,35098510,46600649,81699159,3,0,0,24064,1,2050655874
8222,35104630,46724162,81828792,5,0,0,19968,13,7201097389
8223,35109250,65075733,100184983,7,0,1,6144,4,5636213312
8224,35111900,46683243,81795143,1,0,0,20480,15,7048441656
8225,35113871,65074338,100188209,9,0,1,5120,13,137732045
8226,35114280,46395868,81510148,1,0,0,2048,15,681096329
8227,35115390,46595197,81710587,8,0,0,16384,17,2269743615
8228,35116010,46832281,81948291,4,0,0,7680,16,5772340095
8229,35118120,46670760,81788880,5,0,0,11776,13,6389224988
8230,35118280,46956845,82075125,9,0,0,68096,13,5549648473
8231,35121660,46876716,81998376,3,0,0,25088,1,6765972487
8232,35123339,46462284,81585623,7,0,0,14848,4,5719923844
8233,35130400,46177248,81307648,2,0,0,9728,12,7150131419
8234,35143990,46740077,81884067,0,0,0,10240,2,7233872420
8235,35152220,46580447,81732667,0,0,0,8192,2,1206272512
8236,35155420,47198133,82353553,9,0,0,11264,13,3212307830
8237,35157700,46767506,81925206,5,0,0,2560,13,5630056923
8238,35165830,47047247,82213077,1,0,0,24576,15,907815005
8239,35167339,46551103,81718442,7,0,0,512,4,9475506544
8240,35169900,46737590,81907490,1,0,0,76800,15,9391253037
8241,35175740,65013135,100188875,0,0,1,1024,2,6302710954
8242,35176520,47016879,82193399,4,0,0,19456,16,3370309872
8243,35180430,46467468,81647898,5,0,0,9728,13,9518197355
8244,35180870,46856287,82037157,9,0,0,20992,13,7244147391
8245,35185109,65004112,100189221,4,0,1,512,16,1606756476
8246,35191710,46890063,82081773,5,0,0,1024,13,4752509851
8247,35192609,46364736,81557345,7,0,0,18944,4,8051255982
8248,35198191,65003374,100201565,6,0,1,7168,13,623052074
8249,35217170,46913056,82130226,9,0,0,12800,13,346839994
8250,35222230,65033322,100255552,2,0,1,9216,12,4665100007
8251,35224110,46297807,81521917,0,0,0,38400,2,336775017
8252,35226080,46502458,81728538,2,0,0,4608,12,8280291509
8253,35233050,65056098,100289148,7,0,1,9728,4,8821724060
8254,35233400,46865317,82098717,4,0,0,54784,16,5217859587
8255,35235640,46752550,81988190,1,0,0,14848,15,2276856830
8256,35236660,46616864,81853524,1,0,0,20480,15,1916365992
8257,35239690,46479125,81718815,0,0,0,1024,2,5512074343
8258,35241900,46798712,82040612,9,0,0,11264,13,8785039511
8259,35244320,47105123,82349443,1,0,0,47616,15,5495888710
8260,35244430,46634463,81878893,0,0,0,33280,2,704463344
8261,35246930,47122121,82369051,9,0,0,14336,13,3206380662
8262,35247959,47328630,82576589,7,0,0,60928,4,4887936355
8263,35252160,47125681,82377841,1,0,0,28672,15,6634599648
8264,35254770,47041096,82295866,9,0,0,88064,13,2419302485
8265,35254780,46866349,82121129,1,0,0,22528,15,2893877643
8266,35260424,47104236,82364660,1,0,0,36352,15,812788864
8267,35263850,47205514,82469364,0,0,0,23552,2,5794887578
8268,35264069,47151338,82415407,7,0,0,11776,4,2032545025
8269,35266330,46812094,82078424,9,0,0,10752,13,600507586
8270,35269509,46811434,82080943,7,0,0,8192,4,658560297
8271,35274800,46975849,82250649,0,0,0,11776,2,1232716391
8272,35277050,46909595,82186645,4,0,0,121344,16,4320956535
8273,35281100,46709609,81990709,1,0,0,8192,15,5692992643
8274,35298210,46451391,81749601,9,0,0,3584,13,3798272811
8275,35300230,46703629,82003859,5,0,0,17920,13,5718281138
8276,35300349,46843422,82143771,7,0,0,25088,4,5971798324
8277,35300970,46559555,81860525,4,0,0,16384,16,7619979703
8278,35310390,47024522,82334912,9,0,0,75264,13,10663021002
8279,35313810,46908972,82222782,1,0,0,16896,15,8684637641
8280,35315430,64988245,100303675,0,0,1,11264,2,9260635151
8281,35320570,65157887,100478457,0,0,1,11264,2,269834018
8282,35329779,46688300,82018079,7,0,0,33280,4,3788010413
8283,35333980,47106662,82440642,8,0,0,31232,17,6480791667
8284,35336880,46909091,82245971,9,0,0,7680,13,4177112991
8285,35347350,47055237,82402587,5,0,0,75776,13,9498507806
8286,35356360,65429175,100785535,8,0,1,7680,17,307326037
8287,35370930,47147021,82517951,4,0,0,15872,16,3765565092
8288,35376131,65521072,100897203,6,0,1,24576,13,7554318066
8289,35376870,47181132,82558002,9,0,0,51200,13,5484223808
8290,35377500,47115489,82492989,3,0,0,54784,1,6854241169
8291,35384700,47236086,82620786,2,0,0,10240,12,5344539535
8292,35385470,65511756,100897226,2,0,1,1024,12,4421518109
8293,35385869,65511380,100897249,4,0,1,7168,16,3441999655
8294,35394360,65502912,100897272,3,0,1,1024,1,1070351764
8295,35397620,47725232,83122852,1,0,0,15360,15,4494684601
8296,35398850,46788598,82187448,4,0,0,2560,16,9070846656
8297,35400080,47076194,82476274,2,0,0,12800,12,1670445583
8298,35402950,47205213,82608163,5,0,0,27136,13,8947591140
8299,35410200,47231076,82641276,0,0,0,18944,2,447995057
8300,35410380,47530807,82941187,2,0,0,28160,12,6346347153
8301,35413541,65483754,100897295,1,0,1,1024,15,2310292810
8302,35421521,65494407,100915928,5,0,1,1536,13,2224984085
8303,35421919,47005094,82427013,7,0,0,3584,4,6113659252
8304,35422960,47241002,82663962,9,0,0,1536,13,7784277939
8305,35424700,47250917,82675617,3,0,0,35840,1,5842949900
8306,35432060,65526484,100958544,0,0,1,20480,2,1037450909
8307,35440540,47031811,82472351,0,0,0,9728,2,8128923947
8308,35443190,65659107,101102297,0,0,1,5120,2,2717462464
8309,35451279,46860678,82311957,7,0,0,52736,4,3056257505
8310,35460460,47122103,82582563,9,0,0,3072,13,10116253238
8311,35464790,46885300,82350090,1,0,0,2048,15,995499232
8312,35471120,47686300,83157420,3,0,0,37376,1,8685947924
8313,35474910,65978883,101453793,8,0,1,30208,17,3238196131
8314,35477610,47027539,82505149,9,0,0,12800,13,1695251995
8315,35488230,46780781,82269011,3,0,0,7680,1,344037031
8316,35497390,46716334,82213724,0,0,0,2048,2,4252469111
8317,35497490,65970888,101468378,0,0,1,2048,2,7360678479
8318,35503629,65971393,101475022,4,0,1,7168,16,8411058772
8319,35509851,66033573,101543424,5,0,1,1024,13,6694785446
8320,35511240,47074185,82585425,3,0,0,9216,1,1848517038
8321,35513569,47721799,83235368,7,0,0,15360,4,10662147239
8322,35519480,47229808,82749288,2,0,0,43520,12,3238576521
8323,35519810,47129735,82649545,9,0,0,512,13,5446688768
8324,35522891,66020556,101543447,3,0,1,7680,1,10509975849
8325,35523591,66045598,101569189,1,0,1,1536,15,10556807187
8326,35524260,47057344,82581604,0,0,0,16384,2,4682536201
8327,35525530,47663414,83188944,9,0,0,25088,13,8722486132
8328,35527940,47761508,83289448,5,0,0,20480,13,1840310181
8329,35534410,47113023,82647433,4,0,0,8704,16,7065260562
8330,35542940,46904747,82447687,9,0,0,16896,13,10531699182
8331,35545100,46949242,82494342,4,0,0,3584,16,6107469191
8332,35545820,47085476,82631296,0,0,0,16384,2,8517202014
8333,35562380,66019046,101581426,7,0,1,13824,4,10490107512
8334,35563510,47277512,82841022,5,0,0,10752,13,8687076764
8335,35564581,66038109,101602690,5,0,1,9216,13,7933711324
8336,35568860,47296885,82865745,2,0,0,47616,12,4535256857
8337,35576000,47243969,82819969,3,0,0,34304,1,5455474275
8338,35587291,66023092,101610383,6,0,1,36864,13,7801250961
8339,35590549,66294475,101885024,4,0,1,5120,16,6310390713
8340,35592680,66299410,101892090,7,0,1,5632,4,10486549835
8341,35594750,47014216,82608966,8,0,0,2560,17,3074368221
8342,35596399,47115531,82711930,7,0,0,7680,4,6306068823
8343,35603820,47866798,83470618,2,0,0,47104,12,8055060440
8344,35603980,47796230,83400210,5,0,0,14336,13,1994742664
8345,35608290,47464420,83072710,5,0,0,68096,13,2439408148
8346,35618400,46894599,82512999,8,0,0,9216,17,196809184
8347,35618910,47735608,83354518,5,0,0,1024,13,3342444765
8348,35620100,47468077,83088177,8,0,0,50688,17,10285137974
8349,35628771,66263342,101892113,6,0,1,1024,13,6296248527
8350,35639780,66252356,101892136,0,0,1,2560,2,8541229091
8351,35639820,47137700,82777520,4,0,0,19968,16,8100327930
8352,35639931,66252228,101892159,9,0,1,11264,13,3155021632
8353,35645620,47312968,82958588,2,0,0,6656,12,5552407426
8354,35646250,47163244,82809494,5,0,0,17920,13,4222418658
8355,35654370,47694841,83349211,8,0,0,19456,17,3039267989
8356,35657800,47624147,83281947,0,0,0,23552,2,5829821243
8357,35659540,47557507,83217047,8,0,0,92160,17,9250707613
8358,35660720,47160676,82821396,3,0,0,4608,1,8916632061
8359,35662221,66374744,102036965,5,0,1,4096,13,9563234494
8360,35668930,66474473,102143403,0,0,1,21504,2,7592924067
8361,35678600,47272758,82951358,3,0,0,33280,1,8449829975
8362,35679950,47112959,82792909,8,0,0,4608,17,4786955071
8363,35692910,47108606,82801516,4,0,0,8192,16,9818244726
8364,35697810,47738457,83436267,9,0,0,37376,13,9504532475
8365,35700270,47089152,82789422,4,0,0,12800,16,9421029014
8366,35702240,66498998,102201238,8,0,1,2048,17,339111213
8367,35703121,66583734,102286855,1,0,1,17920,15,5464121432
8368,35705599,47439763,83145362,7,0,0,43520,4,2312546750
8369,35709010,47916879,83625889,8,0,0,6656,17,159412141
8370,35717770,47238759,82956529,8,0,0,16896,17,3203292920
8371,35718220,47512110,83230330,8,0,0,43520,17,1080659334
8372,35723460,47422549,83146009,8,0,0,2048,17,4627585330
8373,35726720,66721582,102448302,2,0,1,40960,12,9069193254
8374,35733390,47186962,82920352,3,0,0,12800,1,4243744018
8375,35736630,47195954,82932584,3,0,0,31744,1,1069497975
8376,35738460,66805581,102544041,7,0,1,512,4,6578709893
8377,35741370,66806461,102547831,2,0,1,16896,12,9573603128
8378,35743580,47831461,83575041,0,0,0,12800,2,4347224601
8379,35745550,47738955,83484505,0,0,0,38912,2,5787307941
8380,35750660,47847806,83598466,6,0,0,76288,13,10087344227
8381,35753010,48040728,83793738,5,0,0,18944,13,7828421355
8382,35766189,47724446,83490635,7,0,0,4096,4,6160220215
8383,35766330,47231210,82997540,9,0,0,18944,13,2611002370
8384,35775880,47603295,83379175,9,0,0,44544,13,3160864241
8385,35780180,47314104,83094284,3,0,0,19968,1,2368247717
8386,35784239,47347840,83132079,7,0,0,30208,4,6540937474
8387,35785450,47482177,83267627,0,0,0,6656,2,911143363
8388,35786960,47467330,83254290,5,0,0,52736,13,2927952264
8389,35805850,47203356,83009206,8,0,0,20992,17,8177706030
8390,35806431,66761693,102568124,1,0,1,7168,15,87087957
8391,35811060,47793357,83604417,3,0,0,19456,1,3086272186
8392,35811550,67640457,103452007,3,0,1,241152,1,4026714321
8393,35815040,47221233,83036273,4,0,0,3584,16,253108064
8394,35817480,47474211,83291691,0,0,0,5120,2,5430874413
8395,35818530,47439839,83258369,4,0,0,13312,16,4195089712
8396,35818581,68396630,104215211,6,0,1,210944,13,4585540644
8397,35829200,68421891,104251091,7,0,1,10240,4,9820231599
8398,35831099,47407100,83238199,7,0,0,9216,4,7760002356
8399,35833971,68758821,104592792,3,0,1,116736,1,2713131781
8400,35842230,48053526,83895756,8,0,0,7680,17,5560532498
8401,35850469,68742346,104592815,4,0,1,6144,16,362981707
8402,35850900,47808745,83659645,8,0,0,31744,17,7547743406
8403,35856830,47669935,83526765,8,0,0,9728,17,4250397063
8404,35857420,68751041,104608461,0,0,1,512,2,1877097926
8405,35860360,47405208,83265568,9,0,0,23552,13,9157571791
8406,35861160,68747324,104608484,0,0,1,6144,2,4230963046
8407,35875280,68853550,104728830,3,0,1,69632,1,3688380423
8408,35876631,68888983,104765614,5,0,1,24576,13,5468923945
8409,35876760,47789914,83666674,0,0,0,12800,2,5944989633
8410,35883670,47904273,83787943,6,0,0,33280,13,7770764428
8411,35902050,47328615,83230665,2,0,0,1024,12,1189993076
8412,35904410,47461170,83365580,5,0,0,23552,13,4602632319
8413,35909640,47478450,83388090,6,0,0,29184,13,10320759150
8414,35911641,68892312,104803953,1,0,1,3584,15,2784499423
8415,35913270,47763376,83676646,4,0,0,27648,16,3633658209
8416,35915960,48088472,84004432,8,0,0,28672,17,676170925
8417,35917250,47487819,83405069,9,0,0,15872,13,7834074662
8418,35918910,47693642,83612552,9,0,0,26624,13,5714745691
8419,35921700,47567664,83489364,8,0,0,15872,17,7045065147
8420,35922739,47998023,83920762,7,0,0,12288,4,425201871
8421,35923820,47626693,83550513,6,0,0,23040,13,1367751160
8422,35938100,47351839,83289939,1,0,0,1536,15,4192199536
8423,35941040,47960028,83901068,5,0,0,5632,13,2412648642
8424,35942660,47703064,83645724,3,0,0,65024,1,896403619
8425,35944250,47949143,83893393,8,0,0,38400,17,5267872659
8426,35947380,47765044,83712424,0,0,0,512,2,8756222419
8427,35950221,68915560,104865781,9,0,1,10752,13,3372512787
8428,35952630,47929017,83881647,4,0,0,80384,16,8471915280
8429,35953350,47442453,83395803,0,0,0,25088,2,6997032417
8430,35957629,48106135,84063764,7,0,0,76800,4,2326844079
8431,35957750,47997149,83954899,5,0,0,49152,13,7220695239
8432,35959071,68908284,104867355,9,0,1,15360,13,9514481121
8433,35959660,47375852,83335512,4,0,0,1024,16,6606622033
8434,35961200,47770727,83731927,3,0,0,10752,1,3603991969
8435,35963160,48249662,84212822,4,0,0,7680,16,5951040409
8436,35963260,48179499,84142759,6,0,0,3584,13,6981315739
8437,35972609,68894900,104867509,4,0,1,8704,16,7071787324
8438,35980540,47986082,83966622,0,0,0,38400,2,4534129441
8439,35985680,47791950,83777630,1,0,0,1536,15,9817617968
8440,35987560,47789579,83777139,6,0,0,56320,13,10522884613
8441,35998130,48185834,84183964,2,0,0,18944,12,7896411813
8442,35998980,48447214,84446194,9,0,0,123904,13,4408142157
8443,36004180,68863585,104867765,8,0,1,9216,17,5064143241
8444,36006921,68867420,104874341,5,0,1,1024,13,3472014895
8445,36008550,47979669,83988219,4,0,0,48128,16,5504809243
8446,36011180,48181059,84192239,3,0,0,21504,1,9390956512
8447,36011991,68864936,104876927,1,0,1,4096,15,1611380903
8448,36014290,47925610,83939900,5,0,0,48128,13,4503099697
8449,36016311,68864802,104881113,1,0,1,6656,15,488150436
8450,36016790,48493406,84510196,9,0,0,59392,13,7884443246
8451,36018360,48288229,84306589,0,0,0,38400,2,4077589334
8452,36021869,68862981,104884850,4,0,1,3072,16,9592427223
8453,36022860,48053865,84076725,2,0,0,15360,12,6584317425
8454,36024380,47947881,83972261,9,0,0,18432,13,3784455085
8455,36029110,48011231,84040341,3,0,0,4096,1,575011704
8456,36029800,47869529,83899329,1,0,0,8704,15,3599259701
8457,36031240,48247801,84279041,2,0,0,17920,12,6268397029
8458,36032770,47794763,83827533,6,0,0,3584,13,6209061999
8459,36049530,48591168,84640698,2,0,0,34816,12,7046107846
8460,36050470,47806662,83857132,8,0,0,24576,17,5757530107
8461,36058900,47856574,83915474,4,0,0,1024,16,9794604190
8462,36061830,48007783,84069613,6,0,0,9216,13,3962265973
8463,36063460,48663667,84727127,5,0,0,20480,13,3219755198
8464,36066470,48224762,84291232,9,0,0,39936,13,6401733188
8465,36067880,48310747,84378627,4,0,0,27136,16,6485890621
8466,36069440,47904092,83973532,5,0,0,4096,13,8888825363
8467,36076060,68839333,104915393,3,0,1,35328,1,3578316993
8468,36079090,47987684,84066774,6,0,0,9728,13,4397494761
8469,36081070,48213796,84294866,4,0,0,11776,16,8082213998
8470,36081619,47908698,83990317,7,0,0,6656,4,3516261611
8471,36082570,47832569,83915139,5,0,0,7680,13,2590513778
8472,36086420,47985602,84072022,2,0,0,7680,12,952679644
8473,36089440,48557248,84646688,4,0,0,12288,16,3333445014
8474,36092140,48360317,84452457,1,0,0,20480,15,3666856571
8475,36094900,47938769,84033669,5,0,0,22528,13,8371661393
8476,36110940,68805426,104916366,8,0,1,12800,17,4420640310
8477,36112710,48148086,84260796,4,0,0,54784,16,5724674825
8478,36116201,68838101,104954302,3,0,1,4608,1,843968952
8479,36124450,48504658,84629108,0,0,0,39424,2,7134611578
8480,36125980,48282439,84408419,2,0,0,53248,12,3866614763
8481,36126500,48452942,84579442,5,0,0,89600,13,3202197746
8482,36130880,47906877,84037757,8,0,0,4608,17,1032812034
8483,36134480,48793779,84928259,8,0,0,35840,17,9381180518
8484,36135940,48038695,84174635,5,0,0,34304,13,10212909781
8485,36140280,48351797,84492077,8,0,0,34304,17,6554918086
8486,36144309,68813859,104958168,4,0,1,6144,16,10047234879
8487,36145641,68816073,104961714,1,0,1,5632,15,6112773817
8488,36147110,48582068,84729178,1,0,0,6656,15,1823129300
8489,36148090,48676890,84824980,8,0,0,123392,17,8831624324
8490,36154420,48161987,84316407,9,0,0,23040,13,8502321223
8491,36155811,68835138,104990949,9,0,1,12800,13,2318239372
8492,36158060,48164330,84322390,9,0,0,18432,13,6538157253
8493,36159371,68831601,104990972,9,0,1,7680,13,8489233512
8494,36160191,68833842,104994033,1,0,1,6144,15,8390746423
8495,36161440,48082641,84244081,2,0,0,7680,12,6312223108
8496,36162160,68833461,104995621,2,0,1,15872,12,8968943800
8497,36177020,48346030,84523050,4,0,0,12800,16,6247510628
8498,36180659,48851826,85032485,7,0,0,13824,4,1700396162
8499,36183960,48648554,84832514,8,0,0,5632,17,2659449017
8500,36194160,48115204,84309364,5,0,0,8704,13,8820591369
8501,36195450,48434617,84630067,8,0,0,3072,17,3151852518
8502,36199309,68897220,105096529,4,0,1,17920,16,6788358657
8503,36201741,68950301,105152042,9,0,1,13312,13,2110797321
8504,36202630,48633807,84836437,6,0,0,12800,13,3208472533
8505,36212380,68939685,105152065,0,0,1,3584,2,9746653558
8506,36213850,48400236,84614086,2,0,0,30720,12,3397654004
8507,36220550,48251039,84471589,9,0,0,17920,13,10067937752
8508,36221670,48511119,84732789,8,0,0,11776,17,8093432656
8509,36224110,48362710,84586820,8,0,0,11776,17,4541999802
8510,36229371,68922717,105152088,1,0,1,11776,15,7947096599
8511,36238540,48285313,84523853,6,0,0,2560,13,6788559625
8512,36240750,68940928,105181678,2,0,1,34304,12,4878677405
8513,36246970,68936193,105183163,0,0,1,15360,2,838563798
8514,36253310,48202914,84456224,2,0,0,12288,12,3295422522
8515,36264881,68980921,105245802,1,0,1,5120,15,1115397391
8516,36269220,48196878,84466098,0,0,0,32256,2,10435715669
8517,36273290,48369615,84642905,6,0,0,7168,13,6680399114
8518,36278190,48926881,85205071,3,0,0,26624,1,7281161061
8519,36278879,48416669,84695548,7,0,0,34816,4,8142846415
8520,36306760,48168596,84475356,5,0,0,12288,13,4645800059
8521,36310680,49210650,85521330,1,0,0,107520,15,9666610303
8522,36315700,48236419,84552119,4,0,0,12800,16,1227293355
8523,36319330,48059944,84379274,4,0,0,2048,16,2550776122
8524,36321220,48266091,84587311,2,0,0,1536,12,9104048472
8525,36322350,68927318,105249668,0,0,1,6144,2,2572569291
8526,36325090,48987958,85313048,8,0,0,43008,17,7057411924
8527,36347900,48439461,84787361,2,0,0,32768,12,10641463302
8528,36350960,48266113,84617073,5,0,0,9728,13,2162650845
8529,36352740,68902438,105255178,0,0,1,2048,2,8582772788
8530,36355980,48774650,85130630,3,0,0,119808,1,10458498388
8531,36360190,48690437,85050627,3,0,0,26624,1,9290405962
8532,36360440,68911930,105272370,7,0,1,14848,4,447525249
8533,36363510,68913586,105277096,0,0,1,3584,2,1453698768
8534,36371221,69389183,105760404,6,0,1,211456,13,6069326411
8535,36375379,48393160,84768539,7,0,0,8192,4,9412208634
8536,36376810,48206399,84583209,2,0,0,12288,12,4357428326
8537,36378569,48511062,84889631,7,0,0,19456,4,4634290976
8538,36383299,48364083,84747382,7,0,0,13312,4,8710262673
8539,36385610,48553733,84939343,1,0,0,12288,15,7407921778
8540,36386200,48689152,85075352,8,0,0,10240,17,10218957253
8541,36388251,69374739,105762990,5,0,1,4096,13,5650727918
8542,36388559,48310288,84698847,7,0,0,10752,4,9448220189
8543,36396320,48675881,85072201,1,0,0,41984,15,9353466697
8544,36399890,48334638,84734528,0,0,0,5632,2,3424541566
8545,36401760,48305931,84707691,1,0,0,25088,15,6860412059
8546,36402350,48340945,84743295,2,0,0,28672,12,9189383712
8547,36403590,48546228,84949818,3,0,0,34304,1,7421801202
8548,36407490,69438449,105845939,0,0,1,9216,2,9595205787
8549,36409050,48787886,85196936,9,0,0,52736,13,3181686809
8550,36409460,48673426,85082886,8,0,0,18432,17,8574113013
8551,36410891,69455277,105866168,9,0,1,8704,13,8707947859
8552,36431810,48398965,84830775,3,0,0,18944,1,5505637544
8553,36434851,69431340,105866191,5,0,1,512,13,7028067352
8554,36435520,48567304,85002824,1,0,0,9216,15,9859691481
8555,36439120,49150580,85589700,1,0,0,7168,15,7063683961
8556,36439819,48495483,84935302,7,0,0,23040,4,1589436141
8557,36440070,48699319,85139389,4,0,0,28672,16,2162555573
8558,36440160,48637087,85077247,1,0,0,6144,15,2690908460
8559,36441391,69424823,105866214,3,0,1,13824,1,2642000847
8560,36441490,48821164,85262654,3,0,0,50688,1,1308453088
8561,36451739,69414498,105866237,4,0,1,1536,16,3425089952
8562,36452180,48787574,85239754,4,0,0,7680,16,7277734442
8563,36455590,48586902,85042492,1,0,0,32768,15,1141841939
8564,36457450,48601936,85059386,2,0,0,28672,12,8034469532
8565,36463060,48748742,85211802,9,0,0,22016,13,8155306482
8566,36466191,69400069,105866260,1,0,1,5632,15,3387393029
8567,36472491,69405442,105877933,6,0,1,11264,13,3209893960
8568,36474201,69419200,105893401,1,0,1,5120,15,1687653215
8569,36479530,48511663,84991193,4,0,0,19456,16,4117128310
8570,36483950,48428684,84912634,6,0,0,17408,13,6046715989
8571,36486160,69415023,105901183,8,0,1,2560,17,8569933040
8572,36500371,69400835,105901206,1,0,1,1536,15,997868259
8573,36503971,69455337,105959308,3,0,1,13312,1,4832570890
8574,36509750,48652852,85162602,6,0,0,6656,13,669856972
8575,36510460,48736727,85247187,9,0,0,13824,13,1968723628
8576,36515020,48574464,85089484,2,0,0,4608,12,4679684680
8577,36521300,48800663,85321963,4,0,0,29184,16,9891786611
8578,36521850,49220030,85741880,0,0,0,83968,2,8253703152
8579,36528570,49226202,85754772,6,0,0,31744,13,9275068715
8580,36530900,49409581,85940481,8,0,0,46080,17,947431645
8581,36541420,49009826,85551246,3,0,0,6144,1,2378360566
8582,36547920,49004480,85552400,1,0,0,3584,15,2170038713
8583,36548450,49439212,85987662,5,0,0,28672,13,6464624509
8584,36550571,69408760,105959331,3,0,1,4096,1,5824827345
8585,36551790,48736996,85288786,6,0,0,6656,13,409731078
8586,36553050,49469921,86022971,6,0,0,15872,13,1859240049
8587,36559770,48703843,85263613,2,0,0,3072,12,2834627733
8588,36560930,48831482,85392412,6,0,0,53248,13,5174663954
8589,36573570,48914977,85488547,5,0,0,115200,13,1788243591
8590,36579201,69380153,105959354,5,0,1,3584,13,3568992642
8591,36584810,49231193,85816003,1,0,0,15872,15,2925561352
8592,36587659,48961692,85549351,7,0,0,62464,4,8376793074
8593,36588311,69371066,105959377,3,0,1,2560,1,8542815232
8594,36593960,69365440,105959400,8,0,1,3072,17,5753282238
8595,36596129,69363294,105959423,4,0,1,7680,16,9911531165
8596,36598249,49769470,86367719,7,0,0,33792,4,8596714592
8597,36599040,69360406,105959446,8,0,1,1024,17,3239905916
8598,36605830,49139193,85745023,5,0,0,10240,13,3281605054
8599,36609780,49677077,86286857,6,0,0,58368,13,5829506836
8600,36614930,48915366,85530296,3,0,0,25600,1,1452000710
8601,36622690,49369885,85992575,4,0,0,15872,16,9090260338
8602,36631340,49161436,85792776,8,0,0,46592,17,357166938
8603,36635270,49563609,86198879,1,0,0,7680,15,514036025
8604,36637069,49530610,86167679,7,0,0,23040,4,6772147027
8605,36638341,69422830,106061171,6,0,1,22528,13,3449651244
8606,36638750,48947004,85585754,2,0,0,16384,12,8146360914
8607,36645140,48931832,85576972,3,0,0,56832,1,3635559401
8608,36650370,48930369,85580739,2,0,0,12288,12,9870194641
8609,36654940,49228107,85883047,4,0,0,83456,16,8190614327
8610,36655600,48982611,85638211,3,0,0,14336,1,6054866460
8611,36657751,69674698,106332449,6,0,1,107520,13,6385921131
8612,36658239,48929254,85587493,7,0,0,5632,4,1699160308
8613,36659860,48893203,85553063,3,0,0,2048,1,6593344306
8614,36663560,48858821,85522381,4,0,0,3072,16,10402279113
8615,36663930,49021047,85684977,5,0,0,6656,13,237163517
8616,36666950,49049323,85716273,6,0,0,12288,13,3877280367
8617,36667350,69798413,106465763,2,0,1,4608,12,7176958919
8618,36670791,69795638,106466429,9,0,1,1024,13,3867881547
8619,36670810,49822807,86493617,5,0,0,47616,13,9931513958
8620,36671030,49909953,86580983,4,0,0,66048,16,1548927101
8621,36673719,69796282,106470001,4,0,1,5632,16,8337286265
8622,36688350,49024156,85712506,6,0,0,61952,13,1579922881
8623,36689640,69901628,106591268,8,0,1,19456,17,6044034848
8624,36692830,49364932,86057762,3,0,0,15872,1,1171194531
8625,36696360,48945924,85642284,0,0,0,12288,2,5539913794
8626,36697889,49204057,85901946,7,0,0,61952,4,1403172315
8627,36702820,49724764,86427584,8,0,0,27648,17,10105008923
8628,36705350,49331372,86036722,0,0,0,45056,2,7588776623
8629,36706150,49272753,85978903,9,0,0,5120,13,6291509818
8630,36709500,49465066,86174566,8,0,0,22528,17,9911556801
8631,36710430,49266890,85977320,4,0,0,120832,16,6099290725
8632,36714360,49433680,86148040,1,0,0,32768,15,2356226645
8633,36718930,69873964,106592894,7,0,1,2560,4,5146994623
8634,36720350,49548373,86268723,2,0,0,4096,12,7529253316
8635,36720390,69885496,106605886,0,0,1,22016,2,856475593
8636,36721710,69929903,106651613,8,0,1,8704,17,1720593210
8637,36722630,69941778,106664408,7,0,1,512,4,6266966912
8638,36732920,69934394,106667314,0,0,1,4608,2,8480588771
8639,36738061,69957521,106695582,9,0,1,14336,13,6844048504
8640,36739670,49420966,86160636,6,0,0,33280,13,2644480767
8641,36742370,49643000,86385370,2,0,0,57856,12,4756946694
8642,36745670,49518565,86264235,0,0,0,29696,2,567547322
8643,36749320,49368038,86117358,9,0,0,48640,13,1220043507
8644,36749720,49429540,86179260,3,0,0,8704,1,7278153291
8645,36750761,69969841,106720602,9,0,1,10752,13,2719128723
8646,36753070,49290741,86043811,2,0,0,5120,12,4775923187
8647,36753360,49288868,86042228,4,0,0,17920,16,862210102
8648,36761570,49907708,86669278,3,0,0,44032,1,603207489
8649,36764080,49162338,85926418,6,0,0,12288,13,9423015795
8650,36773190,49294063,86067253,4,0,0,4096,16,4216134055
8651,36775940,49643197,86419137,9,0,0,37888,13,2088119229
8652,36786100,49122912,85909012,4,0,0,23040,16,1442712589
8653,36787470,49395281,86182751,5,0,0,8704,13,8532806279
8654,36802621,70013522,106816143,5,0,1,29184,13,8788352520
8655,36802850,49798950,86601800,4,0,0,61440,16,5398528340
8656,36807980,49834015,86641995,0,0,0,23552,2,271003213
8657,36808510,49340489,86148999,1,0,0,3072,15,4031164162
8658,36809520,49252945,86062465,0,0,0,15360,2,1206399864
8659,36810190,49797683,86607873,4,0,0,14848,16,5421576396
8660,36812880,50098707,86911587,1,0,0,15360,15,5201169229
8661,36821720,50000582,86822302,9,0,0,28672,13,8441000516
8662,36827060,49755974,86583034,1,0,0,6656,15,1605932334
8663,36837160,49338053,86175213,4,0,0,2048,16,6902769089
8664,36838400,49921213,86759613,5,0,0,40448,13,5448391750
8665,36842550,49970993,86813543,9,0,0,86016,13,9124250940
8666,36854300,49869909,86724209,1,0,0,40960,15,2754323074
8667,36858230,49432082,86290312,5,0,0,11264,13,4451847999
8668,36859590,50125588,86985178,6,0,0,115200,13,7856767212
8669,36859600,69973795,106833395,0,0,1,12288,2,7738058376
8670,36865039,49473116,86338155,7,0,0,70656,4,7609025151
8671,36868680,49608523,86477203,8,0,0,35328,17,1834489759
8672,36871710,49625705,86497415,0,0,0,12288,2,8707890839
8673,36875440,69957978,106833418,2,0,1,512,12,1856554519
8674,36879110,49587104,86466214,6,0,0,25088,13,3391196470
8675,36881500,49413827,86295327,8,0,0,16384,17,4568401657
8676,36884620,49655090,86539710,8,0,0,8704,17,3949914167
8677,36888670,49590014,86478684,2,0,0,4608,12,9334591541
8678,36888880,50018004,86906884,3,0,0,9728,1,462506652
8679,36890410,49979973,86870383,2,0,0,11264,12,588371102
8680,36906660,49767477,86674137,1,0,0,15872,15,9490155640
8681,36912680,49427595,86340275,2,0,0,6656,12,10366282173
8682,36913720,50158018,87071738,4,0,0,11776,16,8081728056
8683,36914700,49952228,86866928,4,0,0,39936,16,10301773531
8684,36921000,50481047,87402047,2,0,0,54784,12,8526386812
8685,36922820,69910621,106833441,7,0,1,512,4,9784360666
8686,36925939,50187166,87113105,7,0,0,7168,4,4578247824
8687,36926400,69907064,106833464,7,0,1,4608,4,7522230639
8688,36928450,50170308,87098758,8,0,0,16896,17,9171148322
8689,36928631,69942055,106870686,9,0,1,7168,13,9836366959
8690,36928650,49812706,86741356,9,0,0,15360,13,4147239892
8691,36934440,69936269,106870709,2,0,1,2560,12,9078408115
8692,36944650,50252280,87196930,1,0,0,39936,15,6126002204
8693,36952300,49477803,86430103,4,0,0,8192,16,8269371396
8694,36963060,50607815,87570875,3,0,0,48640,1,4718965807
8695,36964390,49502003,86466393,6,0,0,512,13,1623154967
8696,36965720,50149280,87115000,0,0,0,6144,2,7827308466
8697,36968601,69902131,106870732,1,0,1,4608,15,3069629613
8698,36971699,69899056,106870755,4,0,1,10240,16,5602807594
8699,36972710,49648317,86621027,5,0,0,22528,13,9194701581
8700,36973820,50444065,87417885,2,0,0,11776,12,8247393641
8701,36977960,50047028,87024988,8,0,0,114176,17,6416876117
8702,36981570,49565394,86546964,6,0,0,11776,13,751761151
8703,36983190,49867156,86850346,6,0,0,56320,13,3963431981
8704,36986810,50620562,87607372,8,0,0,40448,17,5303292733
8705,36986940,49740724,86727664,2,0,0,11264,12,9586850654
8706,36990070,50834053,87824123,1,0,0,54272,15,3562859358
8707,36991530,50248197,87239727,1,0,0,22528,15,4230026115
8708,37000171,70073601,107073772,6,0,1,108032,13,3839136000
8709,37004240,49638254,86642494,4,0,0,1536,16,537486381
8710,37005970,49826514,86832484,6,0,0,9728,13,3943423671
8711,37010650,50687448,87698098,6,0,0,54784,13,2168911465
8712,37018730,50015352,87034082,5,0,0,29696,13,299480524
8713,37031920,50282905,87314825,6,0,0,67072,13,2158569116
8714,37032310,49911268,86943578,3,0,0,5120,1,5329233007
8715,37033710,50180917,87214627,2,0,0,11776,12,2329241840
8716,37037610,50027218,87064828,9,0,0,49152,13,3363242915
8717,37039360,49834977,86874337,3,0,0,7168,1,1205014314
8718,37040760,50041342,87082102,6,0,0,2560,13,432372045
8719,37047500,70026426,107073926,7,0,1,8704,4,6982213688
8720,37065800,50396979,87462779,3,0,0,16896,1,6241979520
8721,37072659,50397631,87470290,7,0,0,24576,4,6133880112
8722,37075060,49797070,86872130,4,0,0,5632,16,5802475230
8723,37080091,70017316,107097407,5,0,1,512,13,9600693070
8724,37080160,50027981,87108141,0,0,0,30720,2,642321212
8725,37083040,49985087,87068127,8,0,0,10752,17,3410831895
8726,37095120,49808777,86903897,3,0,0,53760,1,6712478504
8727,37103120,50652380,87755500,5,0,0,5120,13,5755269986
8728,37103889,49750848,86854737,7,0,0,14336,4,5846634730
8729,37108650,50568003,87676653,8,0,0,11264,17,4343986260
8730,37111390,69993707,107105097,2,0,1,9728,12,5271647163
8731,37117040,69996967,107114007,7,0,1,3072,4,4872754388
8732,37122989,49866447,86989436,7,0,0,13824,4,7468436432
8733,37128499,69985969,107114468,4,0,1,10240,16,8106672154
8734,37134110,50185106,87319216,3,0,0,14336,1,851613655
8735,37141651,69973839,107115490,5,0,1,512,13,2937584580
8736,37144119,49797876,86941995,7,0,0,25088,4,5267141863
8737,37145881,70052858,107198739,6,0,1,96256,13,1408376251
8738,37148740,49766718,86915458,4,0,0,8704,16,10672824787
8739,37151511,70062016,107213527,5,0,1,11264,13,2079101484
8740,37151610,50096475,87248085,5,0,0,7168,13,2893678367
8741,37156590,50007037,87163627,4,0,0,10752,16,9674777066
8742,37159530,50094307,87253837,9,0,0,13312,13,4436817907
8743,37170520,50037024,87207544,0,0,0,6144,2,10295440065
8744,37170710,50013584,87184294,5,0,0,64000,13,6083839553
8745,37175500,50191584,87367084,1,0,0,10240,15,575754097
8746,37176820,50104656,87281476,3,0,0,13824,1,2168069988
8747,37185399,49925482,87110881,7,0,0,5120,4,6882559203
8748,37201810,49939032,87140842,8,0,0,5120,17,2315235277
8749,37215590,49733289,86948879,8,0,0,8704,17,9890132873
8750,37220620,69993573,107214193,8,0,1,1024,17,10043635460
8751,37222070,50980358,88202428,4,0,0,31744,16,4556992634
8752,37222821,70021791,107244612,5,0,1,6144,13,9431642004
8753,37225359,70019919,107245278,4,0,1,1024,16,5525514291
8754,37226360,70021276,107247636,0,0,1,12288,2,4057640233
8755,37226490,50158297,87384787,5,0,0,5632,13,6751379360
8756,37233790,49900814,87134604,8,0,0,4096,17,2578296118
8757,37234950,50516602,87751552,5,0,0,29184,13,4890453007
8758,37240440,70047517,107287957,8,0,1,4096,17,10440995276
8759,37243900,50312124,87556024,5,0,0,8704,13,4315868044
8760,37247030,50167244,87414274,1,0,0,24576,15,3512059439
8761,37250250,50088010,87338260,6,0,0,3072,13,4280601170
8762,37254880,50230506,87485386,2,0,0,9216,12,2717935720
8763,37262840,50252558,87515398,6,0,0,3584,13,4536369725
8764,37264250,50408948,87673198,1,0,0,48128,15,9042101644
8765,37265710,49967130,87232840,9,0,0,7168,13,5264053576
8766,37269101,70037489,107306590,5,0,1,33792,13,8020148848
8767,37272230,50592344,87864574,4,0,0,15872,16,2837368646
8768,37273720,50200961,87474681,2,0,0,14336,12,6786590437
8769,37274900,70039680,107314580,7,0,1,15360,4,10450788731
8770,37277640,49923993,87201633,9,0,0,15360,13,3525831661
8771,37287010,49984767,87271777,8,0,0,6656,17,4618034416
8772,37288280,70055946,107344226,2,0,1,5632,12,748050430
8773,37289610,50057641,87347251,2,0,0,11264,12,7316526548
8774,37292970,50414823,87707793,6,0,0,31744,13,9557499302
8775,37302870,50328646,87631516,0,0,0,13824,2,3698095212
8776,37320080,50223106,87543186,5,0,0,56320,13,4695532130
8777,37320690,50003802,87324492,9,0,0,6656,13,3412747173
8778,37331880,70016934,107348814,0,0,1,1536,2,10079553129
8779,37333130,50278789,87611919,8,0,0,14848,17,3260765523
8780,37336921,70015119,107352040,5,0,1,5120,13,8138835574
8781,37339830,49954055,87293885,8,0,0,23552,17,6331183750
8782,37341740,49995243,87336983,4,0,0,2560,16,9848324231
8783,37342540,50380410,87722950,4,0,0,15360,16,2973850967
8784,37342680,50709892,88052572,6,0,0,31232,13,5080839228
8785,37344289,50452599,87796888,7,0,0,1536,4,10732345661
8786,37346090,49856190,87202280,6,0,0,2048,13,2400238084
8787,37352221,70055419,107407640,1,0,1,2560,15,6081777153
8788,37363860,50466370,87830230,9,0,0,19968,13,2088584784
8789,37371849,70038377,107410226,4,0,1,4096,16,513112109
8790,37373651,70038521,107412172,1,0,1,3072,15,5785139443
8791,37374919,70048782,107423701,4,0,1,6144,16,2524976223
8792,37376060,50029754,87405814,9,0,0,12288,13,7731330009
8793,37385551,70043606,107429157,9,0,1,1024,13,3988136369
8794,37399790,50508991,87908781,2,0,0,6144,12,6893811015
8795,37400880,50056728,87457608,9,0,0,25088,13,181997479
8796,37402811,70028292,107431103,5,0,1,3072,13,9691883479
8797,37408520,50355866,87764386,5,0,0,7168,13,4327065937
8798,37408620,50041321,87449941,8,0,0,54784,17,9240797924
8799,37431900,50148358,87580258,9,0,0,30720,13,663424992
8800,37432381,70012997,107445378,1,0,1,22016,15,3876757276
8801,37435870,50216534,87652404,6,0,0,4608,13,2550527172
8802,37440860,50112489,87553349,1,0,0,33280,15,1430522099
8803,37442030,50140287,87582317,8,0,0,6656,17,3271105955
8804,37443309,50406631,87849940,7,0,0,17920,4,6329641580
8805,37445490,50719479,88164969,2,0,0,56832,12,9452144950
8806,37446621,70001983,107448604,1,0,1,5120,15,3866942420
8807,37455780,50549859,88005639,3,0,0,30720,1,6484514856
8808,37459820,50788411,88248231,3,0,0,7168,1,3475911511
8809,37470420,50697411,88167831,5,0,0,8704,13,3455552095
8810,37473470,50311452,87784922,3,0,0,9216,1,8390085334
8811,37474950,50051053,87526003,0,0,0,3072,2,9105036471
8812,37475900,50945035,88420935,0,0,0,37376,2,7103824698
8813,37476850,50625569,88102419,4,0,0,45056,16,2492473593
8814,37482820,50477231,87960051,9,0,0,10240,13,7544878728
8815,37492540,50090736,87583276,1,0,0,3072,15,10111518258
8816,37496410,50265769,87762179,0,0,0,12288,2,9279623548
8817,37499520,50973855,88473375,2,0,0,17920,12,7985733934
8818,37499740,50457168,87956908,3,0,0,64000,1,6149754344
8819,37508120,51161080,88669200,8,0,0,7680,17,5692824668
8820,37513840,50330609,87844449,9,0,0,46592,13,3583371449
8821,37518521,70003360,107521881,9,0,1,15360,13,3049155721
8822,37533459,69993811,107527270,4,0,1,17408,16,8773006199
8823,37539980,50118531,87658511,2,0,0,19968,12,6078328757
8824,37555370,50125830,87681200,5,0,0,14848,13,6369974450
8825,37571430,50743940,88315370,4,0,0,9216,16,3354542998
8826,37572940,50421725,87994665,5,0,0,9728,13,1588543764
8827,37577910,50482840,88060750,9,0,0,25600,13,767051640
8828,37579620,50732350,88311970,5,0,0,61440,13,3370046502
8829,37587650,51216816,88804466,0,0,0,42496,2,8206796308
8830,37589080,50187952,87777032,1,0,0,4096,15,8465004291
8831,37591661,70132664,107724325,3,0,1,13824,1,2810838743
8832,37593560,50193991,87787551,8,0,0,7680,17,9525613095
8833,37594100,50116680,87710780,8,0,0,9728,17,3056144448
8834,37596550,50964407,88560957,6,0,0,16896,13,9478890576
8835,37603979,70240161,107844140,7,0,1,1536,4,6473369592
8836,37605839,70238324,107844163,4,0,1,6144,16,9220964383
8837,37605911,70369734,107975645,6,0,1,46080,13,4048598322
8838,37607020,50558128,88165148,2,0,0,512,12,10124876345
8839,37614481,70369174,107983655,9,0,1,3072,13,8891932741
8840,37640570,50544739,88185309,6,0,0,10240,13,8726719790
8841,37641930,50348766,87990696,0,0,0,64000,2,5445375402
8842,37646220,50318378,87964598,4,0,0,14848,16,10535490965
8843,37646500,50208143,87854643,6,0,0,15360,13,7410365343
8844,37647300,50848570,88495870,3,0,0,22528,1,3603114573
8845,37652610,50354300,88006910,3,0,0,4096,1,2689482149
8846,37664500,50242386,87906886,8,0,0,12800,17,9920218314
8847,37671100,50707793,88378893,2,0,0,8704,12,8264769169
8848,37672190,50369058,88041248,9,0,0,19968,13,9829191674
8849,37678230,50564452,88242682,0,0,0,25600,2,9455146308
8850,37678691,70304987,107983678,5,0,1,4608,13,3920239912
8851,37679840,50707832,88387672,9,0,0,16384,13,2459839602
8852,37680510,50974893,88655403,6,0,0,38400,13,9236042801
8853,37682280,70301429,107983709,8,0,1,7168,17,6277311791
8854,37682740,50389662,88072402,2,0,0,2048,12,2326102243
8855,37698780,51247120,88945900,1,0,0,29184,15,4229714296
8856,37701220,50333921,88035141,4,0,0,38912,16,4343550869
8857,37714780,50537397,88252177,8,0,0,12800,17,7954911961
8858,37715900,50460690,88176590,3,0,0,28672,1,10491522231
8859,37727840,50938194,88666034,8,0,0,34816,17,3531739238
8860,37729660,50241513,87971173,0,0,0,21504,2,669874380
8861,37736380,51139164,88875544,4,0,0,83968,16,8196610814
8862,37738790,50443376,88182166,8,0,0,7680,17,9539090533
8863,37745580,51135447,88881027,5,0,0,17920,13,4264107784
8864,37749659,50933098,88682757,7,0,0,1024,4,7383747399
8865,37749660,50932702,88682362,0,0,0,24064,2,1131629851
8866,37754430,50393200,88147630,6,0,0,12288,13,3504180421
8867,37763240,50903597,88666837,3,0,0,2560,1,8773229907
8868,37767360,50255902,88023262,0,0,0,19456,2,6100627684
8869,37767431,70237914,108005345,3,0,1,19456,1,6745569922
8870,37769730,50221925,87991655,9,0,0,3072,13,6960530595
8871,37770790,50559428,88330218,3,0,0,24576,1,9777675964
8872,37778930,50323840,88102770,3,0,0,1024,1,3888143045
8873,37780990,50262020,88043010,6,0,0,1024,13,5495721737
8874,37786730,50357064,88143794,9,0,0,41472,13,9862506196
8875,37788990,50207258,87996248,8,0,0,5120,17,636098306
8876,37789420,70234386,108023806,7,0,1,4096,4,6435930064
8877,37791740,50400924,88192664,5,0,0,24064,13,2231987215
8878,37804040,70333092,108137132,2,0,1,18944,12,1353569469
8879,37804510,50487851,88292361,2,0,0,13824,12,3693732604
8880,37808001,70357117,108165118,6,0,1,26624,13,9989942143
8881,37810000,50232675,88042675,3,0,0,4608,1,112869398
8882,37811740,50652009,88463749,9,0,0,16896,13,5992280523
8883,37817360,70352264,108169624,7,0,1,7168,4,2258241080
8884,37828410,50726238,88554648,6,0,0,34304,13,9413937926
8885,37832010,50883399,88715409,9,0,0,22016,13,8036688015
8886,37836200,51377212,89213412,5,0,0,13824,13,9468421226
8887,37837650,51308703,89146353,0,0,0,8192,2,8652859535
8888,37859190,51106480,88965670,1,0,0,12288,15,5595379579
8889,37870370,70309286,108179656,0,0,1,3072,2,5708650244
8890,37872150,51167140,89039290,4,0,0,87552,16,640703277
8891,37878570,51227080,89105650,9,0,0,52736,13,4439347987
8892,37882470,50925451,88807921,6,0,0,11264,13,6117824406
8893,37886050,51190259,89076309,8,0,0,25088,17,7553016107
8894,37886570,51003829,88890399,8,0,0,20992,17,7581081929
8895,37897350,51669990,89567340,6,0,0,169984,13,8892827561
8896,37908590,51356030,89264620,9,0,0,43008,13,2855976996
8897,37909400,70373076,108282476,7,0,1,1024,4,7486183407
8898,37912850,51327700,89240550,1,0,0,63488,15,10311235090
8899,37914400,50709436,88623836,2,0,0,13312,12,3325778672
8900,37915330,50755765,88671095,2,0,0,6144,12,6157251124
8901,37918990,50560397,88479387,4,0,0,9728,16,2445568907
8902,37923680,50256100,88179780,8,0,0,10240,17,10348470055
8903,37925490,50644413,88569903,4,0,0,512,16,940968104
8904,37926080,50618070,88544150,9,0,0,60416,13,1629919684
8905,37929770,50535443,88465213,4,0,0,1536,16,1521904581
8906,37936250,51572431,89508681,8,0,0,58368,17,6633508604
8907,37939950,50626022,88565972,2,0,0,16384,12,5185299887
8908,37949740,51511819,89461559,0,0,0,7168,2,1083912511
8909,37956530,51191718,89148248,6,0,0,6144,13,9107314536
8910,37963761,70699961,108663722,6,0,1,140288,13,4216786478
8911,37969900,51415214,89385114,9,0,0,67072,13,9891098718
8912,37971930,50768695,88740625,4,0,0,20992,16,2477674416
8913,37974649,70689096,108663745,4,0,1,4608,16,2289748856
8914,37974710,51889890,89864600,8,0,0,76800,17,5816541770
8915,37978730,70691480,108670210,0,0,1,5120,2,10581789047
8916,37991030,50825962,88816992,6,0,0,29696,13,2289903457
8917,37995450,50982063,88977513,4,0,0,18432,16,9947304016
8918,38011880,51323119,89334999,6,0,0,8704,13,7813671738
8919,38019820,70704939,108724759,8,0,1,3072,17,3250477114
8920,38027800,51274859,89302659,4,0,0,17408,16,2600184251
8921,38033500,52137064,90170564,5,0,0,12800,13,4052937368
8922,38045680,51604478,89650158,9,0,0,102912,13,7306382
8923,38049700,51669608,89719308,9,0,0,36352,13,9972083839
8924,38053221,70671561,108724782,9,0,1,5120,13,1420692431
8925,38054940,50736555,88791495,0,0,0,58880,2,2365864842
8926,38057280,51240044,89297324,2,0,0,47616,12,1169778436
8927,38064210,50432775,88496985,4,0,0,3584,16,8318032137
8928,38064681,70688195,108752876,1,0,1,10240,15,3251505132
8929,38067320,70720017,108787337,8,0,1,7680,17,10261264854
8930,38067519,70720484,108788003,4,0,1,1024,16,2417460953
8931,38068320,50556631,88624951,1,0,0,3584,15,4774652693
8932,38071030,50533473,88604503,2,0,0,2560,12,10685618461
8933,38074990,50688689,88763679,1,0,0,4096,15,5255460006
8934,38080790,51794308,89875098,9,0,0,9216,13,3154123071
8935,38080950,50970979,89051929,1,0,0,14848,15,633663924
8936,38083750,50611025,88694775,8,0,0,20480,17,10285212899
8937,38091180,70699729,108790909,7,0,1,4608,4,9502086895
8938,38092980,52223984,90316964,8,0,0,2048,17,8673460348
8939,38095461,70725382,108820843,1,0,1,1024,15,7461059543
8940,38105830,52168528,90274358,8,0,0,29696,17,10410427788
8941,38105850,51244384,89350234,2,0,0,4608,12,8431125596
8942,38115510,51005026,89120536,9,0,0,45568,13,3619670639
8943,38119950,51495309,89615259,4,0,0,13824,16,1650921551
8944,38128740,51631320,89760060,1,0,0,7168,15,3574553915
8945,38128910,51213444,89342354,0,0,0,24064,2,9072355135
8946,38132750,51522446,89655196,1,0,0,15872,15,10426210728
8947,38140410,50755004,88895414,4,0,0,16384,16,1361686783
8948,38141480,50843388,88984868,9,0,0,24064,13,5694574086
8949,38141800,51896602,90038402,1,0,0,14336,15,5819217453
8950,38157520,50689742,88847262,2,0,0,24064,12,1738944443
8951,38157859,70663007,108820866,4,0,1,5120,16,1610820741
8952,38164920,51229779,89394699,4,0,0,8192,16,9903066693
8953,38171900,50784810,88956710,8,0,0,13312,17,5956548326
8954,38177400,50751484,88928884,5,0,0,3584,13,7761559922
8955,38178910,51230801,89409711,4,0,0,30208,16,4186900788
8956,38181571,70678315,108859886,5,0,1,1024,13,8791923761
8957,38185611,70674298,108859909,5,0,1,4608,13,6927144592
8958,38186051,70673881,108859932,9,0,1,1024,13,4006536300
8959,38191040,70670342,108861382,0,0,1,4608,2,4953246495
8960,38195370,50757261,88952631,5,0,0,22016,13,4060531956
8961,38199190,70662538,108861728,7,0,1,512,4,8753107705
8962,38203761,70736211,108939972,3,0,1,24064,1,6622273241
8963,38206190,50643747,88849937,8,0,0,8704,17,4265456932
8964,38215121,71656364,109871485,6,0,1,300032,13,7661131538
8965,38215730,51035763,89251493,6,0,0,35840,13,9560436116
8966,38222260,51527670,89749930,2,0,0,100352,12,3222315802
8967,38223380,51354348,89577728,2,0,0,29696,12,9400621595
8968,38230860,51114816,89345676,5,0,0,8192,13,4612493252
8969,38234050,50899769,89133819,1,0,0,43520,15,7398739399
8970,38236000,50823908,89059908,6,0,0,26112,13,7133896403
8971,38239200,50599711,88838911,5,0,0,9728,13,1310361293
8972,38250261,71686483,109936744,9,0,1,512,13,8964617178
8973,38254031,71683047,109937078,1,0,1,512,15,10689678326
8974,38254300,50786261,89040561,0,0,0,4096,2,4225241835
8975,38255480,51514127,89769607,8,0,0,31232,17,5049226166
8976,38259160,51529244,89788404,4,0,0,35328,16,1473125666
8977,38261130,50906967,89168097,5,0,0,18432,13,3020526838
8978,38266930,50876904,89143834,6,0,0,32768,13,3958922380
8979,38268770,51012744,89281514,1,0,0,18944,15,7065803482
8980,38271380,51484102,89755482,8,0,0,1536,17,6524615601
8981,38274220,51001499,89275719,8,0,0,36352,17,6373686385
8982,38280500,51119984,89400484,9,0,0,15360,13,10293947673
8983,38281200,52255586,90536786,4,0,0,87040,16,8512403551
8984,38282170,51109987,89392157,6,0,0,23040,13,10433155291
8985,38282810,52149650,90432460,0,0,0,27648,2,2808748364
8986,38290160,51688398,89978558,9,0,0,27648,13,7248630712
8987,38292430,71644802,109937232,2,0,1,8704,12,3079766727
8988,38311420,50997057,89308477,5,0,0,1024,13,576732520
8989,38312390,71650352,109962742,7,0,1,6656,4,4424762134
8990,38313150,51653327,89966477,6,0,0,512,13,1021229351
8991,38320540,51098055,89418595,9,0,0,20992,13,550974165
8992,38327190,51157037,89484227,6,0,0,22528,13,7950245496
8993,38331650,52337407,90669057,0,0,0,2560,2,7185374095
8994,38331890,50735821,89067711,0,0,0,1536,2,10001742752
8995,38341000,51753331,90094331,9,0,0,25088,13,3487439358
8996,38343650,52350218,90693868,6,0,0,1024,13,9913230490
8997,38349630,71613135,109962765,0,0,1,12288,2,6026948850
8998,38361100,51452033,89813133,0,0,0,47104,2,4080620616
8999,38361620,51566343,89927963,6,0,0,22528,13,4588397934
9000,38364170,51767559,90131729,8,0,0,68608,17,10342252979
9001,38367220,51665364,90032584,9,0,0,114176,13,4868041858
9002,38375020,71629954,110004974,3,0,1,8192,1,4114724092
9003,38377570,50930572,89308142,6,0,0,17920,13,2556161777
9004,38383090,51059181,89442271,2,0,0,2048,12,2080236743
9005,38384421,72561150,110945571,6,0,1,340480,13,170407562
9006,38390229,72560536,110950765,4,0,1,8192,16,8473922108
9007,38400230,52376168,90776398,5,0,0,3584,13,2605144465
9008,38407950,51478293,89886243,9,0,0,6144,13,6005985760
9009,38411290,72547611,110958901,7,0,1,12800,4,5498285193
9010,38413020,50930137,89343157,1,0,0,2560,15,1316129320
9011,38413850,50981340,89395190,5,0,0,1536,13,4678656450
9012,38414000,51154657,89568657,1,0,0,4096,15,5149133976
9013,38423910,51046386,89470296,0,0,0,12800,2,9393204861
9014,38424980,51541318,89966298,0,0,0,12288,2,3982121814
9015,38431221,72529306,110960527,9,0,1,2560,13,6889859396
9016,38431490,50851295,89282785,4,0,0,4096,16,8372177440
9017,38434050,72526938,110960988,0,0,1,10240,2,584359484
9018,38439860,51267083,89706943,4,0,0,65536,16,3054285788
9019,38443290,51390197,89833487,4,0,0,17920,16,6204880061
9020,38445010,72554792,110999802,8,0,1,5120,17,6313775929
9021,38445930,51598469,90044399,6,0,0,2048,13,9549181108
9022,38447320,52053540,90500860,6,0,0,71680,13,101908459
9023,38449121,72599757,111048878,6,0,1,43008,13,7157394115
9024,38452030,51968528,90420558,5,0,0,14848,13,10637461820
9025,38452250,51126677,89578927,6,0,0,512,13,5438151412
9026,38456140,51336499,89792639,1,0,0,13824,15,1255364258
9027,38459630,51479744,89939374,9,0,0,37376,13,7676099714
9028,38463061,72585840,111048901,9,0,1,3584,13,9839904710
9029,38466530,72612653,111079183,0,0,1,8704,2,847135387
9030,38467250,51445100,89912350,2,0,0,19456,12,10153320659
9031,38473560,51445997,89919557,8,0,0,19456,17,7665907964
9032,38473630,52423598,90897228,6,0,0,52736,13,7435247388
9033,38474900,51565865,90040765,8,0,0,7680,17,356468847
9034,38477970,72601236,111079206,8,0,1,1536,17,4635315063
9035,38477980,72601249,111079229,0,0,1,512,2,2891947129
9036,38484920,51387347,89872267,4,0,0,25088,16,10654299902
9037,38486850,51510923,89997773,8,0,0,14336,17,1994636750
9038,38490710,51693944,90184654,1,0,0,16384,15,7371384544
9039,38495661,73374262,111869923,6,0,1,344064,13,2207839300
9040,38497330,51153007,89650337,9,0,0,512,13,7027414841
9041,38501421,73398052,111899473,5,0,1,5120,13,1700487320
9042,38502211,73436019,111938230,1,0,1,14848,15,7722193368
9043,38507230,51526781,90034011,0,0,0,4608,2,4558128898
9044,38508990,51085596,89594586,8,0,0,11264,17,7147933319
9045,38516000,51261594,89777594,1,0,0,26112,15,3661122132
9046,38525610,51518142,90043752,6,0,0,9728,13,4221763645
9047,38525920,51540477,90066397,9,0,0,7168,13,8822761318
9048,38533140,51221828,89754968,1,0,0,16384,15,8403764138
9049,38538600,51767441,90306041,2,0,0,48640,12,10025324959
9050,38542680,51215173,89757853,1,0,0,7680,15,1696957215
9051,38546000,51341826,89887826,4,0,0,5120,16,5151600063
9052,38555491,73393728,111949219,9,0,1,2560,13,6862823046
9053,38558070,51326278,89884348,1,0,0,10240,15,5479828311
9054,38560530,52103166,90663696,2,0,0,15872,12,7131653319
9055,38564380,51100112,89664492,5,0,0,7680,13,9000749705
9056,38567170,51314035,89881205,1,0,0,19968,15,3113953285
9057,38591199,73358043,111949242,7,0,1,2048,4,9175486056
9058,38597050,51373061,89970111,0,0,0,6656,2,7772412615
9059,38603800,52358815,90962615,1,0,0,4608,15,8315575442
9060,38604540,52323410,90927950,0,0,0,5632,2,5065023116
9061,38614860,51699472,90314332,1,0,0,27136,15,6814975702
9062,38619040,73330225,111949265,8,0,1,8192,17,8480608605
9063,38623100,51773037,90396137,9,0,0,6144,13,10341301480
9064,38632770,51258823,89891593,0,0,0,12288,2,8192629535
9065,38645120,51400862,90045982,9,0,0,5120,13,7365335848
9066,38652300,51397264,90049564,9,0,0,7680,13,4045777915
9067,38653150,51560456,90213606,5,0,0,43008,13,2505067594
9068,38658880,52356222,91015102,2,0,0,13824,12,1285042296
9069,38661370,51292379,89953749,4,0,0,47104,16,670088516
9070,38674640,73274648,111949288,0,0,1,12288,2,10589949784
9071,38696260,51266271,89962531,5,0,0,10752,13,649367567
9072,38696649,73252662,111949311,4,0,1,12800,16,7610481159
9073,38698510,52421185,91119695,5,0,0,109568,13,7484985141
9074,38702370,51256862,89959232,8,0,0,17920,17,9248345998
9075,38702451,73280383,111982834,3,0,1,4096,1,957187690
9076,38722560,51388178,90110738,5,0,0,4096,13,1696515707
9077,38730780,52143089,90873869,5,0,0,1536,13,9006147769
9078,38733040,51454757,90187797,6,0,0,10240,13,6398291315
9079,38733580,73249277,111982857,8,0,1,15360,17,7140056759
9080,38744780,51797364,90542144,9,0,0,12288,13,6541447156
9081,38750330,51722006,90472336,8,0,0,24576,17,2743844070
9082,38754960,73255156,112010116,0,0,1,7680,2,9436111384
9083,38772930,51869824,90642754,5,0,0,33280,13,6399952591
9084,38775220,51621096,90396316,4,0,0,512,16,6964789225
9085,38781740,51186320,89968060,0,0,0,5120,2,3052979857
9086,38786130,73231231,112017361,0,0,1,4608,2,10212081085
9087,38786940,52125778,90912718,6,0,0,13824,13,7249017008
9088,38787000,51531032,90318032,8,0,0,512,17,6750053778
9089,38796581,73220803,112017384,5,0,1,13312,13,1663013164
9090,38800780,52065243,90866023,9,0,0,30720,13,4071343623
9091,38807120,51457396,90264516,4,0,0,17408,16,10472630882
9092,38815240,52223125,91038365,8,0,0,28160,17,8755102786
9093,38817320,51457997,90275317,5,0,0,3072,13,31024754
9094,38818530,51619881,90438411,4,0,0,19456,16,3733220323
9095,38823890,51570352,90394242,9,0,0,28672,13,10684432989
9096,38834750,51303242,90137992,2,0,0,20480,12,7441011954
9097,38845310,51693059,90538369,8,0,0,5120,17,5309653505
9098,38868530,51641713,90510243,9,0,0,30720,13,9263705850
9099,38881730,51591097,90472827,4,0,0,1536,16,390570235
9100,38883220,51964794,90848014,6,0,0,29184,13,9400537306
9101,38884510,51362166,90246676,1,0,0,2048,15,9106702048
9102,38893460,51170730,90064190,0,0,0,2560,2,2898390159
9103,38896000,51555093,90451093,5,0,0,27648,13,7706607364
9104,38897150,52261575,91158725,9,0,0,39936,13,2889476510
9105,38907710,51435791,90343501,8,0,0,67072,17,2574733301
9106,38910890,73106525,112017415,2,0,1,19456,12,7971588854
9107,38917130,51714726,90631856,9,0,0,65024,13,3854403609
9108,38921720,51829016,90750736,9,0,0,58880,13,4591844749
9109,38928570,73117114,112045684,0,0,1,10752,2,1445595176
9110,38933100,51993111,90926211,3,0,0,512,1,10561567049
9111,38933460,51712125,90645585,5,0,0,9216,13,2072414
9112,38943700,51909485,90853185,0,0,0,16896,2,341014370
9113,38947899,51845347,90793246,7,0,0,10752,4,5419715046
9114,38947970,51468025,90415995,0,0,0,64512,2,2687025893
9115,38948430,52121604,91070034,5,0,0,40448,13,5274656681
9116,38950300,51624056,90574356,0,0,0,8704,2,5052202069
9117,38950899,52259639,91210538,7,0,0,12800,4,2030706991
9118,38951010,51823339,90774349,5,0,0,4608,13,1785614615
9119,38953100,51977837,90930937,8,0,0,9728,17,8639975657
9120,38954340,73096989,112051329,0,0,1,24576,2,8960622453
9121,38958990,51766380,90725370,0,0,0,39424,2,7436223040
9122,38966500,51323986,90290486,1,0,0,8704,15,8724227365
9123,38966950,52628839,91595789,6,0,0,58368,13,8425228387
9124,38972670,51883970,90856640,9,0,0,11264,13,2409115691
9125,38977959,52226605,91204564,7,0,0,90624,4,2679661109
9126,38978410,52032457,91010867,3,0,0,10752,1,6192982997
9127,38978660,51961862,90940522,9,0,0,5632,13,10588207224
9128,38991240,52037256,91028496,0,0,0,32768,2,3456103528
9129,38991900,73059993,112051893,7,0,1,10752,4,2661997371
9130,38994661,73086025,112080686,9,0,1,9216,13,7738797037
9131,38994930,51447716,90442646,1,0,0,13824,15,5481648326
9132,38995460,51428553,90424013,5,0,0,11264,13,3378031507
9133,38997050,52614674,91611724,3,0,0,52224,1,2280443107
9134,38997659,73090002,112087661,4,0,1,7680,16,2064323351
9135,38998170,73123899,112122069,8,0,1,10240,17,4983259850
9136,39000040,52272038,91272078,9,0,0,16384,13,3110994354
9137,39004610,52319655,91324265,5,0,0,16384,13,8483383420
9138,39004740,51913461,90918201,3,0,0,17920,1,6902520521
9139,39014170,52827799,91841969,4,0,0,67584,16,919918637
9140,39014500,52217294,91231794,6,0,0,29696,13,2397289166
9141,39018079,51646108,90664187,7,0,0,1536,4,1601863257
9142,39018200,51907832,90926032,3,0,0,25600,1,10550261769
9143,39021090,51930242,90951332,3,0,0,23552,1,163669277
9144,39021540,51777600,90799140,9,0,0,8192,13,1873685859
9145,39022721,73100974,112123695,3,0,1,2560,1,67462373
9146,39030419,51650933,90681352,7,0,0,2560,4,6226028776
9147,39034780,51801975,90836755,3,0,0,6656,1,7651541766
9148,39035930,52492115,91528045,4,0,0,30208,16,989287598
9149,39039850,52862050,91901900,8,0,0,7680,17,8856774771
9150,39044400,52632283,91676683,6,0,0,12800,13,6742618020
9151,39055630,73068411,112124041,7,0,1,512,4,6972142830
9152,39059370,51849113,90908483,1,0,0,36864,15,7590583547
9153,39069950,52561137,91631087,9,0,0,4608,13,1166811214
9154,39073321,73105893,112179214,6,0,1,40448,13,2758677665
9155,39079241,73126183,112205424,5,0,1,8192,13,2086798470
9156,39089070,73139376,112228446,8,0,1,7168,17,6996041981
9157,39097360,52109255,91206615,5,0,0,6656,13,2698509139
9158,39097830,51909602,91007432,1,0,0,9728,15,9912660792
9159,39097870,73177530,112275400,2,0,1,12800,12,4113614645
9160,39101390,52035644,91137034,4,0,0,56832,16,7325281870
9161,39115061,73194216,112309277,5,0,1,3584,13,7728706064
9162,39115991,73196192,112312183,3,0,1,4608,1,2309598611
9163,39117930,51494022,90611952,8,0,0,52736,17,9850035858
9164,39121130,52191524,91312654,3,0,0,56320,1,10098181986
9165,39128199,51942794,91070993,7,0,0,3072,4,8225973057
9166,39132229,51741149,90873378,7,0,0,24064,4,1354776486
9167,39139660,73225156,112364816,2,0,1,7168,12,202623815
9168,39141400,51998066,91139466,8,0,0,7680,17,9015600223
9169,39149810,51823707,90973517,8,0,0,22016,17,1032414747
9170,39155790,51782993,90938783,5,0,0,24576,13,5120867127
9171,39156470,52798611,91955081,1,0,0,33280,15,6687122327
9172,39157520,52622985,91780505,1,0,0,55296,15,9085854727
9173,39159500,52115721,91275221,1,0,0,10240,15,8297802447
9174,39166410,52928159,92094569,3,0,0,32256,1,9282891841
9175,39169199,73278700,112447899,4,0,1,512,16,3126238224
9176,39174340,52002527,91176867,3,0,0,40960,1,741614264
9177,39175450,73275355,112450805,8,0,1,4608,17,4063017772
9178,39188870,51975494,91164364,1,0,0,18432,15,4727171869
9179,39189929,51895489,91085418,7,0,0,36352,4,8769561515
9180,39193481,73259590,112453071,3,0,1,3584,1,10084350017
9181,39199641,73312989,112512630,6,0,1,22528,13,3193717961
9182,39201460,73313436,112514896,2,0,1,3584,12,3093566133
9183,39202280,51741853,90944133,9,0,0,11776,13,8783277725
9184,39205510,51812494,91018004,4,0,0,4096,16,385037353
9185,39213250,52242638,91455888,0,0,0,5632,2,9160395728
9186,39217470,52203108,91420578,1,0,0,16896,15,6358373313
9187,39219980,73481306,112701286,0,0,1,8192,2,118561790
9188,39225560,52052336,91277896,1,0,0,8704,15,4760935128
9189,39233370,52012009,91245379,8,0,0,35328,17,2768073250
9190,39240450,51583783,90824233,8,0,0,22528,17,5182642066
9191,39240930,52162181,91403111,4,0,0,82944,16,6351521205
9192,39241090,51739912,90981002,8,0,0,14848,17,3367416371
9193,39241480,52043989,91285469,8,0,0,23040,17,6515241256
9194,39242410,52115763,91358173,1,0,0,6144,15,7931896865
9195,39257430,73497162,112754592,8,0,1,16384,17,5577794303
9196,39262670,52255180,91517850,0,0,0,11264,2,4838622671
9197,39264200,51612664,90876864,4,0,0,9728,16,2599359111
9198,39267510,73489189,112756699,8,0,1,7680,17,2150207815
9199,39269360,73488325,112757685,7,0,1,1536,4,2034580988
9200,39270069,73489679,112759748,7,0,1,13824,4,3907631997
9201,39277381,73482390,112759771,5,0,1,512,13,6424369475
9202,39281759,52802959,92084718,7,0,0,32256,4,10056268720
9203,39281830,51649442,90931272,4,0,0,1024,16,10200379536
9204,39283010,52565828,91848838,0,0,0,14336,2,3188926269
9205,39286859,73472935,112759794,4,0,1,9216,16,6715155264
9206,39297020,52679970,91976990,6,0,0,31232,13,1014442631
9207,39304399,51984369,91288768,7,0,0,10752,4,5413500193
9208,39305110,52585131,91890241,9,0,0,74240,13,4233751707
9209,39306721,73560662,112867383,5,0,1,3072,13,4093962791
9210,39308490,53094947,92403437,8,0,0,6656,17,8377179857
9211,39314370,52623082,91937452,4,0,0,36864,16,288758361
9212,39315250,52652201,91967451,6,0,0,5632,13,7137418171
9213,39321749,52298422,91620171,7,0,0,27648,4,5713379010
9214,39326790,51926437,91253227,4,0,0,5632,16,1856820781
9215,39332280,52872528,92204808,6,0,0,52224,13,10430297991
9216,39344360,52641778,91986138,4,0,0,512,16,7761484318
9217,39347670,52449573,91797243,8,0,0,2560,17,1335070437
9218,39348850,52093665,91442515,6,0,0,34816,13,2683154967
9219,39358360,51935317,91293677,9,0,0,4608,13,8396619602
9220,39359560,73509769,112869329,8,0,1,3072,17,9540357464
9221,39369061,73504454,112873515,9,0,1,6656,13,5981756861
9222,39372880,51961891,91334771,0,0,0,19968,2,7760559307
9223,39377750,52879646,92257396,1,0,0,4608,15,5866219765
9224,39381619,73677310,113058929,7,0,1,6144,4,5844020859
9225,39381911,73677041,113058952,6,0,1,1024,13,940369312
9226,39385169,73686863,113072032,4,0,1,6656,16,3246506008
9227,39387121,73716561,113103682,6,0,1,2048,13,6427167555
9228,39387580,52712472,92100052,0,0,0,17920,2,5567326820
9229,39388590,52364807,91753397,4,0,0,54272,16,6334326385
9230,39395279,73708426,113103705,4,0,1,11264,16,8403309123
9231,39396740,73815994,113212734,0,0,1,10240,2,1261397243
9232,39404190,52088177,91492367,1,0,0,5632,15,4487918316
9233,39411049,73801708,113212757,4,0,1,3584,16,523222465
9234,39419700,52720505,92140205,9,0,0,46080,13,5021134095
9235,39428600,53215784,92644384,3,0,0,95744,1,2065977275
9236,39432391,73796815,113229206,6,0,1,20480,13,4693871087
9237,39437260,52902860,92340120,4,0,0,138752,16,9619993654
9238,39437420,51969302,91406722,6,0,0,11776,13,390981663
9239,39465350,52034097,91499447,1,0,0,8704,15,1625990652
9240,39469869,51972825,91442694,7,0,0,512,4,3404673909
9241,39480399,73849406,113329805,7,0,1,27648,4,1724224129
9242,39481380,73861731,113343111,2,0,1,11776,12,7678286138
9243,39484610,52529889,92014499,5,0,0,1024,13,9015846239
9244,39489410,52161095,91650505,5,0,0,30720,13,3900483836
9245,39494340,52076257,91570597,1,0,0,55808,15,1330644255
9246,39496290,52197940,91694230,6,0,0,33792,13,7929156700
9247,39497310,52672559,92169869,6,0,0,13312,13,7627436928
9248,39500770,73869232,113370002,2,0,1,9216,12,770639793
9249,39500910,53266756,92767666,0,0,0,75776,2,6723603789
9250,39506390,53673832,93180222,8,0,0,76288,17,8011972216
9251,39507990,53369686,92877676,3,0,0,42496,1,4151693476
9252,39510809,52381818,91892627,7,0,0,7680,4,1748922476
9253,39523070,52273370,91796440,8,0,0,52224,17,4352914337
9254,39523459,52142028,91665487,7,0,0,31232,4,8698495486
9255,39526659,73843689,113370348,4,0,1,512,16,9184862077
9256,39529930,52369607,91899537,6,0,0,8192,13,5868859217
9257,39535500,52762282,92297782,6,0,0,64000,13,2421987038
9258,39535820,52819673,92355493,9,0,0,16896,13,8237427749
9259,39540620,52585522,92126142,5,0,0,22016,13,8837124551
9260,39544811,73826510,113371321,3,0,1,12800,1,7628222296
9261,39546760,52709209,92255969,9,0,0,121344,13,1685692694
9262,39547740,52349278,91897018,5,0,0,14336,13,4806170307
9263,39556022,52458142,92014164,0,0,0,28672,2,538914264
9264,39556280,52262015,91818295,6,0,0,3072,13,8442381841
9265,39581860,52362795,91944655,0,0,0,9728,2,9732760594
9266,39585649,52149933,91735582,7,0,0,2048,4,10649969942
9267,39586420,52822812,92409232,1,0,0,18944,15,8642300254
9268,39586729,74002349,113589078,7,0,1,125952,4,8741290470
9269,39586930,52169142,91756072,3,0,0,8704,1,8409876007
9270,39588670,52412426,92001096,8,0,0,26112,17,6129441695
9271,39597930,52898451,92496381,3,0,0,16384,1,5792359467
9272,39606010,52770518,92376528,9,0,0,20992,13,9000707176
9273,39628020,52356824,91984844,6,0,0,25600,13,23090018
9274,39634020,52385962,92019982,5,0,0,17920,13,2282033426
9275,39636060,52884071,92520131,3,0,0,27136,1,3017310791
9276,39639550,52636791,92276341,1,0,0,61952,15,192359231
9277,39639980,74071279,113711259,2,0,1,25088,12,9487251381
9278,39666451,74061848,113728299,5,0,1,16384,13,4644488945
9279,39669750,52295962,91965712,5,0,0,34816,13,6536553112
9280,39671271,74080006,113751277,6,0,1,512,13,3158606674
9281,39674010,53204469,92878479,3,0,0,2560,1,6326789604
9282,39682481,74117460,113799941,9,0,1,13824,13,4245381414
9283,39686390,52770813,92457203,9,0,0,45568,13,6048837459
9284,39689480,52957735,92647215,9,0,0,9216,13,3612105032
9285,39690300,52313003,92003303,6,0,0,7168,13,1012275101
9286,39691760,52959045,92650805,3,0,0,11264,1,8065527150
9287,39699520,52207135,91906655,9,0,0,6656,13,9545529958
9288,39701719,52795777,92497496,7,0,0,3584,4,6129130330
9289,39703119,74268479,113971598,7,0,1,112640,4,4519877474
9290,39707340,52755929,92463269,3,0,0,1536,1,4618921130
9291,39708059,52504213,92212272,7,0,0,6144,4,1284590786
9292,39708730,52677181,92385911,1,0,0,30720,15,8875206455
9293,39709310,53100814,92810124,6,0,0,51200,13,7123270742
9294,39709391,74282282,113991673,6,0,1,512,13,3109299487
9295,39717810,52458067,92175877,5,0,0,7168,13,2221429944
9296,39721420,52625743,92347163,8,0,0,23040,17,1436693724
9297,39724140,52261819,91985959,8,0,0,3584,17,7123205152
9298,39728420,53458229,93186649,8,0,0,20992,17,8125582039
9299,39731140,53595876,93327016,3,0,0,8704,1,1846609628
9300,39731260,53420610,93151870,3,0,0,64512,1,1242836726
9301,39733270,52726764,92460034,9,0,0,9216,13,8759555514
9302,39741919,52659459,92401378,7,0,0,50688,4,10190451384
9303,39746070,52839513,92585583,3,0,0,28160,1,10083501871
9304,39747460,74247714,113995174,0,0,1,20992,2,2860538464
9305,39747520,53797651,93545171,0,0,0,47104,2,10524055457
9306,39748490,53498024,93246514,4,0,0,1024,16,198217431
9307,39757770,74332045,114089815,8,0,1,4096,17,5580582011
9308,39758951,74337223,114096174,5,0,1,4096,13,7128430635
9309,39761760,52516476,92278236,6,0,0,6144,13,9778204561
9310,39763210,53686128,93449338,6,0,0,5120,13,5993566646
9311,39764839,74332961,114097800,4,0,1,2560,16,7177224241
9312,39766040,52810940,92576980,8,0,0,35840,17,1310693825
9313,39770451,74328655,114099106,6,0,1,2048,13,4666794906
9314,39772740,52577582,92350322,8,0,0,10240,17,3572555621
9315,39783780,52986561,92770341,0,0,0,8704,2,1602990170
9316,39793410,52736831,92530241,4,0,0,22016,16,6875230064
9317,39799450,52558406,92357856,6,0,0,7680,13,9454152903
9318,39809360,52560710,92370070,9,0,0,27136,13,7000067817
9319,39810831,74288941,114099772,5,0,1,1024,13,7024768081
9320,39812620,52549159,92361779,3,0,0,12800,1,8772991871
9321,39813610,52668098,92481708,8,0,0,16384,17,5999615625
9322,39813750,52785607,92599357,2,0,0,28672,12,10658416651
9323,39826370,53005983,92832353,8,0,0,46080,17,6722082652
9324,39829240,52989050,92818290,0,0,0,22016,2,5132964188
9325,39836090,53233829,93069919,1,0,0,79360,15,7686901512
9326,39839590,52945906,92785496,0,0,0,49664,2,8905435355
9327,39841260,53059463,92900723,3,0,0,15360,1,8710405027
9328,39845200,74254828,114100028,0,0,1,9216,2,2057584219
9329,39847590,74296362,114143952,2,0,1,33792,12,9456118625
9330,39853950,53774694,93628644,0,0,0,22016,2,7078606287
9331,39855120,52885677,92740797,3,0,0,9728,1,7498626618
9332,39855449,74684896,114540345,7,0,1,69632,4,9765013601
9333,39871010,52969946,92840956,1,0,0,28160,15,6716089236
9334,39882600,53006822,92889422,0,0,0,35840,2,1993750776
9335,39883380,53012640,92896020,2,0,0,15360,12,3259744316
9336,39888790,53156926,93045716,5,0,0,77824,13,1380572399
9337,39889410,52810710,92700120,4,0,0,12800,16,9858020171
9338,39890610,52572168,92462778,2,0,0,5120,12,9843127281
9339,39895200,53099295,92994495,9,0,0,1024,13,4555734642
9340,39906040,52684558,92590598,1,0,0,16384,15,2221079650
9341,39909520,53071201,92980721,6,0,0,33280,13,9800275400
9342,39911161,74630125,114541286,3,0,1,6656,1,8384645987
9343,39913490,53478750,93392240,4,0,0,55296,16,3675525453
9344,39925430,53696483,93621913,4,0,0,6144,16,5316173436
9345,39928130,74619420,114547550,0,0,1,7168,2,5957472172
9346,39929870,53224223,93154093,6,0,0,7168,13,645925970
9347,39931160,52529989,92461149,3,0,0,3584,1,6373007893
9348,39936561,74649394,114585955,5,0,1,17920,13,8254209180
9349,39936980,74648998,114585978,3,0,1,2560,1,6222916919
9350,39940050,53006945,92946995,3,0,0,4096,1,9364225840
9351,39943720,53884860,93828580,0,0,0,8192,2,5607244987
9352,39951960,74634041,114586001,3,0,1,13312,1,1500955833
9353,39954530,53256917,93211447,6,0,0,14848,13,9231621165
9354,39956919,74665592,114622511,4,0,1,3072,16,6693807684
9355,39957450,52894526,92851976,6,0,0,1536,13,10354422435
9356,39961549,53151206,93112755,7,0,0,8192,4,4914491540
9357,39961659,52885100,92846759,7,0,0,18944,4,9454196669
9358,39962141,74916192,114878333,3,0,1,74240,1,9268253688
9359,39963500,52719891,92683391,5,0,0,36864,13,10235738325
9360,39968080,53139614,93107694,2,0,0,123904,12,3103224417
9361,39973430,52813961,92787391,6,0,0,6144,13,7297004264
9362,39976210,53017950,92994160,8,0,0,44032,17,10676590650
9363,39976510,53540200,93516710,1,0,0,59392,15,6799353631
9364,39977159,53726451,93703610,7,0,0,17920,4,7445618163
9365,39980330,53826185,93806515,9,0,0,44032,13,373963932
9366,39984820,52985738,92970558,5,0,0,28672,13,7736129763
9367,39986140,52825411,92811551,8,0,0,4608,17,5801291848
9368,39988750,53948038,93936788,2,0,0,49152,12,2935201736
9369,39989861,74973203,114963064,6,0,1,1536,13,7927384830
9370,39991630,53126920,93118550,2,0,0,18944,12,1552919390
9371,39993410,53137666,93131076,0,0,0,27136,2,1659707678
9372,39993880,74986592,114980472,3,0,1,26112,1,8198720568
9373,39997100,53957573,93954673,1,0,0,55296,15,8249608233
9374,40000179,52891138,92891317,7,0,0,6144,4,10333443587
9375,40004689,52846796,92851485,7,0,0,15360,4,1925795373
9376,40006161,74974334,114980495,6,0,1,15872,13,3613243313
9377,40021310,74960947,114982257,0,0,1,2048,2,7334007740
9378,40024360,53170268,93194628,3,0,0,26112,1,1051468586
9379,40027160,53284050,93311210,8,0,0,77824,17,3474970694
9380,40029570,53246589,93276159,3,0,0,6656,1,7236122021
9381,40029970,53942377,93972347,2,0,0,38912,12,10454366066
9382,40030141,75009217,115039358,9,0,1,7168,13,420979642
9383,40034700,52884689,92919389,2,0,0,20480,12,1905734161
9384,40038240,53492556,93530796,4,0,0,10752,16,7043588499
9385,40041580,53968192,94009772,1,0,0,12800,15,4543626427
9386,40044391,74995223,115039614,6,0,1,9216,13,6924739277
9387,40047441,75013354,115060795,5,0,1,10240,13,7286319030
9388,40047549,53148818,93196367,7,0,0,5632,4,9745654380
9389,40055940,53985607,94041547,1,0,0,1536,15,1306931340
9390,40058870,53098085,93156955,8,0,0,9216,17,10428531864
9391,40061961,75000753,115062714,6,0,1,16384,13,4333337433
9392,40064751,75039701,115104452,6,0,1,10240,13,4026951706
9393,40071949,53174230,93246179,7,0,0,30208,4,2826811815
9394,40080970,54015761,94096731,1,0,0,64000,15,2233665398
9395,40086810,54080331,94167141,5,0,0,36864,13,2694881241
9396,40092100,75057298,115149398,8,0,1,6656,17,4820731094
9397,40095380,75060006,115155386,2,0,1,6144,12,7974615762
9398,40101810,53121232,93223042,1,0,0,16896,15,5976743308
9399,40103920,53018865,93122785,4,0,0,13824,16,7546535895
9400,40104270,53005966,93110236,8,0,0,8192,17,9100989377
9401,40112500,53019691,93132191,9,0,0,3584,13,9300209931
9402,40112510,52840188,92952698,0,0,0,512,2,169102898
9403,40119240,53224416,93343656,6,0,0,38400,13,104657255
9404,40123959,75947015,116070974,7,0,1,341504,4,5764447580
9405,40137230,53573466,93710696,0,0,0,2048,2,5181691459
9406,40145720,53532625,93678345,7,0,0,9216,4,2133809507
9407,40149820,53219654,93369474,4,0,0,1024,16,2385184874
9408,40158790,53733146,93891936,3,0,0,27136,1,5786041884
9409,40163040,53575025,93738065,6,0,0,29696,13,8355035751
9410,40170420,54316900,94487320,5,0,0,19456,13,5258441916
9411,40176730,76029061,116205791,3,0,1,68096,1,10303585211
9412,40176870,54113766,94290636,5,0,0,16896,13,6480945977
9413,40177759,53398693,93576452,7,0,0,22016,4,7929917535
9414,40178359,77295520,117473879,7,0,1,466432,4,457243350
9415,40178419,53275497,93453916,7,0,0,10240,4,9864343353
9416,40178750,53173050,93351800,6,0,0,13312,13,5409756480
9417,40182401,77291501,117473902,9,0,1,1024,13,2056567949
9418,40183550,54137245,94320795,6,0,0,40960,13,703668926
9419,40184350,54111925,94296275,6,0,0,18432,13,381018862
9420,40192530,54007227,94199757,0,0,0,7680,2,9150861027
9421,40193791,77313025,117506816,5,0,1,15872,13,5776276311
9422,40196490,54498167,94694657,5,0,0,8192,13,4986925681
9423,40206120,53114908,93321028,3,0,0,9216,1,1171104977
9424,40213270,53017347,93230617,5,0,0,1024,13,4233783108
9425,40216410,53231345,93447755,4,0,0,33792,16,6512033380
9426,40217511,77350985,117568496,9,0,1,5120,13,1287492841
9427,40224490,53170581,93395071,5,0,0,9216,13,7686338347
9428,40239580,53372847,93612427,3,0,0,6144,1,2633156158
9429,40247600,53316147,93563747,9,0,0,4096,13,3915921481
9430,40255140,53725342,93980482,4,0,0,26624,16,2902597505
9431,40256610,53194155,93450765,5,0,0,4608,13,8904592800
9432,40259810,53389392,93649202,8,0,0,63488,17,8905694699
9433,40260960,53050689,93311649,3,0,0,1024,1,9443404195
9434,40261109,53840862,94101971,7,0,0,15360,4,5182619887
9435,40270810,53291666,93562476,6,0,0,55296,13,135846062
9436,40270890,77300498,117571388,0,0,1,5120,2,3402840663
9437,40272050,53255447,93527497,8,0,0,35328,17,142709608
9438,40279080,54311190,94590270,3,0,0,1024,1,5131269316
9439,40286850,53633102,93919952,8,0,0,31232,17,4143784710
9440,40289120,77282627,117571747,2,0,1,9728,12,8256017528
9441,40293040,54144125,94437165,9,0,0,78848,13,495534823
9442,40305500,53436332,93741832,5,0,0,12288,13,6897628236
9443,40309670,77263063,117572733,2,0,1,1536,12,7527034503
9444,40313140,53512921,93826061,2,0,0,46592,12,8827244049
9445,40317099,77394656,117711755,7,0,1,59392,4,5454997
9446,40321850,53525964,93847814,7,0,0,23552,4,2358617294
9447,40326190,53349324,93675514,6,0,0,8192,13,5442598830
9448,40326210,53931605,94257815,8,0,0,46080,17,2158917474
9449,40330440,53431823,93762263,2,0,0,7168,12,4076458903
9450,40339070,53227196,93566266,7,0,0,8192,4,8590444721
9451,40351720,77569656,117921376,3,0,1,151552,1,6301163277
9452,40355330,54545538,94900868,0,0,0,155648,2,2209789519
9453,40359180,53294288,93653468,0,0,0,2048,2,9169363108
9454,40361549,53359783,93721332,7,0,0,3072,4,4766860669
9455,40367190,53962878,94330068,1,0,0,5120,15,419328075
9456,40370000,54174701,94544701,4,0,0,44032,16,4548767779
9457,40374430,54133505,94507935,6,0,0,67584,13,4856700761
9458,40383420,54215297,94598717,6,0,0,27648,13,8187380470
9459,40384090,53185631,93569721,3,0,0,11264,1,1146404900
9460,40384990,53272149,93657139,6,0,0,9728,13,1843660695
9461,40385830,53857922,94243752,1,0,0,9216,15,8343082548
9462,40393610,53596966,93990576,6,0,0,17408,13,5773556841
9463,40398580,54286359,94684939,5,0,0,69632,13,1052686852
9464,40399430,53268455,93667885,6,0,0,512,13,5723581994
9465,40407680,53245141,93652821,1,0,0,11776,15,10134882332
9466,40411391,77548282,117959673,9,0,1,7680,13,1280143546
9467,40413060,54582441,94995501,0,0,0,86016,2,7607171093
9468,40413360,77562912,117976272,3,0,1,512,1,6035333775
9469,40431270,53461477,93892747,4,0,0,2560,16,6702450892
9470,40431710,54339348,94771058,5,0,0,10240,13,9297766078
9471,40432030,54653340,95085370,6,0,0,67584,13,5271807731
9472,40432260,53774522,94206782,0,0,0,14336,2,8756918027
9473,40432410,53910325,94342735,5,0,0,14848,13,8367831423
9474,40434570,53403260,93837830,4,0,0,30208,16,8947144554
9475,40438690,53351461,93790151,6,0,0,16384,13,4750867145
9476,40439150,54005214,94444364,6,0,0,23552,13,3646905646
9477,40439340,77831991,118271331,3,0,1,205312,1,4980774150
9478,40444200,53367642,93811842,3,0,0,17408,1,9917055421
9479,40446450,54321465,94767915,4,0,0,17920,16,10485195124
9480,40448130,77857363,118305493,3,0,1,16896,1,7217496130
9481,40448380,53813849,94262229,6,0,0,11264,13,3279704211
9482,40449300,53434345,93883645,0,0,0,8704,2,3309619091
9483,40451560,53807214,94258774,5,0,0,3072,13,6553739299
9484,40452520,54668431,95120951,8,0,0,32256,17,7487213692
9485,40457490,54194747,94652237,7,0,0,7680,4,9713358563
9486,40473280,53487188,93960468,6,0,0,18944,13,7886521897
9487,40476319,78073340,118549659,7,0,1,211968,4,8236465134
9488,40482800,53633537,94116337,3,0,0,24064,1,6663348606
9489,40486300,53693812,94180112,2,0,0,42496,12,8746337055
9490,40497490,53910938,94408428,4,0,0,10240,16,10717548314
9491,40499750,53828735,94328485,8,0,0,21504,17,8239798155
9492,40500091,78049591,118549682,5,0,1,512,13,8096426059
9493,40503809,78572026,119075835,7,0,1,485376,4,9117154914
9494,40504080,53593142,94097222,9,0,0,1536,13,3439514118
9495,40509450,54102841,94612291,7,0,0,37888,4,3266661675
9496,40516840,54202687,94719527,4,0,0,35840,16,6514412017
9497,40522110,53940756,94462866,2,0,0,16384,12,3953023252
9498,40524070,53601699,94125769,7,0,0,4608,4,6833370757
9499,40536410,54628195,95164605,6,0,0,14848,13,8501723186
9500,40541280,53973542,94514822,7,0,0,22528,4,10622208120
9501,40548310,54305111,94853421,7,0,0,36352,4,564195881
9502,40555360,54352262,94907622,8,0,0,13312,17,5086909021
9503,40559080,54488305,95047385,9,0,0,84480,13,169419861
9504,40563070,54537345,95100415,6,0,0,1536,13,8864729147
9505,40563490,53817314,94380804,4,0,0,15360,16,10704206390
9506,40571980,54153498,94725478,3,0,0,19456,1,3528623914
9507,40572040,78580073,119152113,8,0,1,2048,17,2484983310
9508,40572840,54222163,94795003,8,0,0,40448,17,7211469584
9509,40575060,54187372,94762432,4,0,0,17408,16,10098140293
9510,40576590,54362613,94939203,1,0,0,47104,15,6002507130
9511,40577200,54012735,94589935,8,0,0,77824,17,1608494397
9512,40577760,54620137,95197897,8,0,0,16384,17,6073102445
9513,40586511,78568188,119154699,5,0,1,16384,13,1704781636
9514,40588340,53797868,94386208,9,0,0,10240,13,7288090574
9515,40588359,78646175,119234534,7,0,1,58880,4,2698721599
9516,40590620,54101518,94692138,0,0,0,23552,2,451683251
9517,40593060,78687607,119280667,8,0,1,11776,17,928308729
9518,40597270,54689557,95286827,5,0,0,15360,13,5115370347
9519,40620130,53722784,94342914,7,0,0,512,4,3082294975
9520,40634790,53892640,94527430,5,0,0,8704,13,3289305565
9521,40647720,54317315,94965035,7,0,0,23040,4,7537797582
9522,40652311,78633950,119286261,6,0,1,18432,13,2301944914
9523,40653980,54269421,94923401,7,0,0,51712,4,6299604122
9524,40656940,54586912,95243852,4,0,0,7168,16,3595172149
9525,40659350,54182972,94842322,6,0,0,46592,13,4449828190
9526,40660510,54297482,94957992,1,0,0,29184,15,4168657991
9527,40662890,54080914,94743804,5,0,0,33792,13,244347051
9528,40666860,54352867,95019727,8,0,0,58880,17,6948828306
9529,40668550,53653360,94321910,7,0,0,3584,4,10179127529
9530,40673770,54390977,95064747,4,0,0,54272,16,6285516764
9531,40673870,54745404,95419274,4,0,0,19968,16,7500750624
9532,40680721,78605886,119286607,6,0,1,512,13,9409835878
9533,40684810,78615572,119300382,2,0,1,40960,12,4036264790
9534,40685630,54414294,95099924,6,0,0,14336,13,4964096908
9535,40690580,54258497,94949077,6,0,0,24064,13,8451213529
9536,40690900,54660314,95351214,3,0,0,2560,1,945190821
9537,40693250,53675506,94368756,5,0,0,1024,13,651836461
9538,40699140,78617482,119316622,7,0,1,11264,4,10008692526
9539,40701410,54428495,95129905,3,0,0,11776,1,8550128203
9540,40706880,54404041,95110921,5,0,0,4096,13,4022306515
9541,40708970,54194573,94903543,0,0,0,8704,2,7062983456
9542,40709031,78608577,119317608,9,0,1,1536,13,1251136267
9543,40709060,54386473,95095533,0,0,0,33280,2,8074563137
9544,40711050,54398600,95109650,1,0,0,30208,15,9349218991
9545,40721590,78597004,119318594,2,0,1,1536,12,5010007600
9546,40723190,54278574,95001764,0,0,0,20480,2,6873273599
9547,40723730,53899599,94623329,0,0,0,8704,2,9619239365
9548,40728770,53884012,94612782,5,0,0,1536,13,7386559765
9549,40731280,54637597,95368877,4,0,0,46592,16,4007175008
9550,40734601,78585939,119320540,5,0,1,3072,13,3673435296
9551,40760240,54445028,95205268,6,0,0,24064,13,3334377375
9552,40764840,54361446,95126286,6,0,0,17408,13,1020101339
9553,40770440,54422388,95192828,2,0,0,38400,12,5626423994
9554,40772860,54151968,94924828,2,0,0,4608,12,5578064563
9555,40777950,54163772,94941722,7,0,0,8192,4,6651452817
9556,40778030,54448703,95226733,4,0,0,11776,16,10209465315
9557,40778880,54332220,95111100,4,0,0,512,16,1429931121
9558,40779270,54620759,95400029,7,0,0,12288,4,9090689928
9559,40780600,54031348,94811948,9,0,0,13824,13,8505236466
9560,40787660,54859591,95647251,4,0,0,39936,16,7429924858
9561,40793020,54465507,95258527,0,0,0,4096,2,2949634028
9562,40794450,78551786,119346236,3,0,1,22528,1,3068662773
9563,40797400,54930236,95727636,2,0,0,15360,12,7757407018
9564,40801340,54756684,95558024,3,0,0,34304,1,7518339874
9565,40805971,78544771,119350742,5,0,1,7168,13,2844400131
9566,40808810,54685017,95493827,9,0,0,61952,13,9863162768
9567,40809630,54730096,95539726,4,0,0,14336,16,1728382175
9568,40814210,54009651,94823861,4,0,0,3584,16,8566500125
9569,40829810,54139460,94969270,4,0,0,13824,16,7433373947
9570,40836121,78522341,119358462,6,0,1,6144,13,3970108553
9571,40838660,54209528,95048188,5,0,0,2560,13,8419437091
9572,40839000,54935867,95774867,7,0,0,16384,4,10305627620
9573,40843520,54178102,95021622,3,0,0,6144,1,3778093951
9574,40848460,54332645,95181105,2,0,0,28672,12,9681965579
9575,40848841,78511489,119360330,9,0,1,3584,13,5151372733
9576,40848860,54468216,95317076,3,0,0,16384,1,4111982844
9577,40849760,54453540,95303300,5,0,0,40960,13,1532838464
9578,40870520,78489964,119360484,0,0,1,8704,2,10634657441
9579,40872630,78488840,119361470,2,0,1,1536,12,3302856678
9580,40876190,54555233,95431423,0,0,0,19456,2,8989547927
9581,40877180,54277549,95154729,1,0,0,16896,15,10137753994
9582,40878070,54728730,95606800,4,0,0,33792,16,328909182
9583,40886800,54534094,95420894,5,0,0,5120,13,120167738
9584,40887340,54571633,95458973,9,0,0,2048,13,1825030333
9585,40893390,54450962,95344352,5,0,0,2048,13,5854602055
9586,40896680,54948381,95845061,7,0,0,8704,4,6008480733
9587,40908210,54472034,95380244,0,0,0,24064,2,5781202978
9588,40911210,54947649,95858859,8,0,0,15872,17,5945379389
9589,40911510,54652049,95563559,9,0,0,6656,13,8371381085
9590,40912600,54736858,95649458,1,0,0,7168,15,2334693819
9591,40912710,55184885,96097595,1,0,0,88064,15,7874022320
9592,40912810,55081141,95993951,2,0,0,8192,12,9282940152
9593,40913320,78457779,119371099,7,0,1,1024,4,4812268300
9594,40914550,54654648,95569198,3,0,0,18432,1,185052158
9595,40915290,54494590,95409880,6,0,0,32256,13,5667701965
9596,40915850,54618580,95534430,5,0,0,47104,13,9770248286
9597,40919450,55482754,96402204,3,0,0,18432,1,8419370199
9598,40923670,78493960,119417630,3,0,1,17408,1,9162531325
9599,40928660,54467602,95396262,9,0,0,2560,13,7979441508
9600,40932800,55844819,96777619,9,0,0,102400,13,6486888371
9601,40932930,54462529,95395459,9,0,0,45056,13,2558263982
9602,40940590,78496393,119436983,3,0,1,36352,1,1219349173
9603,40946030,54365130,95311160,4,0,0,4096,16,8308099194
9604,40946270,78524060,119470330,8,0,1,8192,17,431352288
9605,40949350,54476122,95425472,8,0,0,5632,17,3612946290
9606,40957290,54466435,95423725,9,0,0,9216,13,216027142
9607,40958391,78511962,119470353,9,0,1,5632,13,8053059264
9608,40959410,54954997,95914407,7,0,0,36864,4,6144965688
9609,40959810,54587739,95547549,0,0,0,25600,2,1296696930
9610,40970400,54829170,95799570,5,0,0,7680,13,4616996707
9611,40975520,54761449,95736969,6,0,0,5120,13,5736960845
9612,40983440,78486936,119470376,8,0,1,17408,17,1211157899
9613,40984600,78521481,119506081,0,0,1,3072,2,3321595654
9614,40988079,78518025,119506104,7,0,1,512,4,3777847864
9615,40989120,78626692,119615812,3,0,1,125440,1,6075081051
9616,40990350,55013810,96004160,6,0,0,23040,13,8600738079
9617,40990840,54732093,95722933,5,0,0,20992,13,6360158645
9618,40990890,54672292,95663182,6,0,0,7680,13,5719008603
9619,40997270,54994154,95991424,9,0,0,45568,13,2861662444
9620,41009019,78626592,119635611,7,0,1,9216,4,10384252896
9621,41009040,54626020,95635060,2,0,0,28672,12,10137205937
9622,41009361,78626916,119636277,9,0,1,1024,13,1506718653
9623,41019220,55085262,96104482,8,0,0,22528,17,3644533064
9624,41019650,54777511,95797161,1,0,0,30720,15,6132122368
9625,41020400,54912753,95933153,8,0,0,14336,17,1368996874
9626,41021810,54665949,95687759,8,0,0,28672,17,7738095249
9627,41034310,55198583,96232893,3,0,0,30208,1,10542053667
9628,41036400,54781157,95817557,1,0,0,10240,15,4234395401
9629,41038440,78660492,119698932,0,0,1,27136,2,1458213840
9630,41039410,55080851,96120261,4,0,0,51712,16,3121748072
9631,41049400,54425482,95474882,5,0,0,20992,13,9325717043
9632,41050780,78689606,119740386,0,0,1,20480,2,48627225
9633,41051390,54773573,95824963,5,0,0,22016,13,808242854
9634,41054070,54674993,95729063,2,0,0,4608,12,7371348100
9635,41059040,54653732,95712772,4,0,0,16384,16,5115634326
9636,41060640,54789981,95850621,0,0,0,11264,2,3393254583
9637,41062810,55742099,96804909,9,0,0,2560,13,9355669738
9638,41064151,78676258,119740409,6,0,1,5120,13,7727293448
9639,41068710,54768698,95837408,3,0,0,17920,1,9063505278
9640,41070770,78669662,119740432,2,0,1,16384,12,6755686407
9641,41072960,54844590,95917550,2,0,0,10240,12,9642011282
9642,41079110,54659217,95738327,5,0,0,3072,13,795032272
9643,41083770,54577049,95660819,3,0,0,36352,1,7582651585
9644,41084039,78703045,119787084,4,0,1,7680,16,3874534005
9645,41084590,54621397,95705987,6,0,0,2048,13,2328393694
9646,41090210,54876630,95966840,2,0,0,50688,12,7443141948
9647,41094300,54737625,95831925,0,0,0,20480,2,5049914566
9648,41096710,54880807,95977517,9,0,0,21504,13,8639036136
9649,41100039,78691871,119791910,7,0,1,7680,4,8221190455
9650,41117250,78683503,119800753,8,0,1,11776,17,6292608029
9651,41119190,54629655,95748845,7,0,0,31744,4,4350477587
9652,41120020,54667758,95787778,9,0,0,19456,13,1141068935
9653,41123250,78740573,119863823,2,0,1,24576,12,7351652624
9654,41123420,55255838,96379258,9,0,0,34816,13,7040763645
9655,41125450,54795087,95920537,6,0,0,9728,13,6221485799
9656,41129950,78749769,119879719,3,0,1,28672,1,1914353353
9657,41133490,54863627,95997117,3,0,0,4096,1,8741711145
9658,41138690,55152719,96291409,7,0,0,31232,4,4469243646
9659,41139640,54856206,95995846,0,0,0,6144,2,3017098874
9660,41139810,54593800,95733610,1,0,0,14848,15,6276775479
9661,41140210,54883920,96024130,0,0,0,17408,2,10627751877
9662,41140320,54980588,96120908,8,0,0,2048,17,6273899523
9663,41141740,54877063,96018803,2,0,0,27136,12,7552393980
9664,41144531,79397836,120542367,6,0,1,425472,13,7870125405
9665,41152430,54687341,95839771,4,0,0,7680,16,3460735847
9666,41162490,55074326,96236816,8,0,0,12800,17,3364304252
9667,41165990,54698415,95864405,1,0,0,6656,15,5582216165
9668,41171190,54702274,95873464,4,0,0,7168,16,8298378379
9669,41172331,79407147,120579478,5,0,1,6144,13,3119406048
9670,41176720,55757821,96934541,9,0,0,74240,13,6391146366
9671,41186601,79402595,120589196,6,0,1,28160,13,5190070340
9672,41186680,54784262,95970942,3,0,0,1024,1,10503430141
9673,41190840,55141944,96332784,2,0,0,10752,12,6168987315
9674,41195720,55011338,96207058,7,0,0,20992,4,10258114738
9675,41202210,54951484,96153694,1,0,0,7168,15,7036988863
9676,41206910,55610055,96816965,3,0,0,7680,1,6907928382
9677,41212100,54758507,95970607,7,0,0,12288,4,10732279875
9678,41213980,55248846,96462826,9,0,0,11264,13,5730477518
9679,41217170,55031415,96248585,9,0,0,15872,13,6589194279
9680,41218020,79384799,120602819,0,0,1,2560,2,7300608606
9681,41218250,54824545,96042795,6,0,0,17408,13,6724553301
9682,41218360,54905707,96124067,9,0,0,10240,13,3570121124
9683,41227141,79376984,120604125,5,0,1,2048,13,5286188349
9684,41231801,79375230,120607031,5,0,1,4608,13,4359768537
9685,41233030,55866479,97099509,4,0,0,22016,16,10168056110
9686,41233250,54943783,96177033,6,0,0,8192,13,6796718662
9687,41235430,55062557,96297987,2,0,0,17408,12,7111608403
9688,41240400,54942562,96182962,5,0,0,16384,13,8513841019
9689,41240780,55041090,96281870,8,0,0,512,17,6471607666
9690,41241060,54889426,96130486,4,0,0,20992,16,3667036891
9691,41242230,55075018,96317248,2,0,0,58880,12,2108801912
9692,41242410,54979516,96221926,6,0,0,14336,13,6550063020
9693,41243950,54898625,96142575,4,0,0,7680,16,7588017452
9694,41247460,55498936,96746396,1,0,0,13824,15,2458299907
9695,41250470,54785451,96035921,3,0,0,1536,1,2282911499
9696,41252130,55267906,96520036,0,0,0,77312,2,2267432482
9697,41252300,55074666,96326966,1,0,0,5120,15,580432445
9698,41253000,56296601,97549601,2,0,0,4096,12,7146249018
9699,41261721,79395697,120657418,5,0,1,13312,13,10346134787
9700,41261920,54870633,96132553,2,0,0,6656,12,1866146395
9701,41279130,55835222,97114352,8,0,0,48640,17,175965416
9702,41279950,55128450,96408400,1,0,0,16896,15,7655812982
9703,41283500,55008868,96292368,2,0,0,3072,12,3300607125
9704,41290050,54953676,96243726,9,0,0,12288,13,10705321683
9705,41293740,55297307,96591047,2,0,0,10240,12,9943617197
9706,41294430,54945529,96239959,8,0,0,10240,17,3114288771
9707,41299280,55154726,96454006,8,0,0,62976,17,9603738207
9708,41302590,79371242,120673832,8,0,1,7168,17,4250892600
9709,41302870,54978821,96281691,5,0,0,14336,13,6503418405
9710,41303660,56370775,97674435,6,0,0,118272,13,3624962347
9711,41303890,55025595,96329485,5,0,0,8192,13,9772177313
9712,41305370,55020013,96325383,2,0,0,26624,12,18992104
9713,41305730,55245759,96551489,7,0,0,32768,4,4509627837
9714,41306581,79461453,120768034,6,0,1,76288,13,1981148080
9715,41309820,55042693,96352513,2,0,0,21504,12,6332119399
9716,41320211,79448809,120769020,5,0,1,1536,13,10492456136
9717,41323760,55674116,96997876,2,0,0,41984,12,9767306508
9718,41324800,56432419,97757219,2,0,0,39936,12,10161283386
9719,41329500,55639563,96969063,2,0,0,65024,12,7892032513
9720,41329910,54921494,96251404,5,0,0,4096,13,9347646923
9721,41331431,79611303,120942734,6,0,1,130560,13,2247180722
9722,41335531,79618770,120954301,5,0,1,512,13,10488925244
9723,41335660,79619205,120954865,0,0,1,10752,2,9606614286
9724,41336271,79620860,120957131,5,0,1,3584,13,3512490920
9725,41336680,55073927,96410607,6,0,0,7168,13,2941517580
9726,41336970,55085310,96422280,7,0,0,8704,4,1943082482
9727,41341701,79619582,120961283,5,0,1,3072,13,5100481102
9728,41344121,79648946,120993067,1,0,1,13312,15,8127496620
9729,41345101,79774831,121119932,5,0,1,37376,13,2985682805
9730,41346220,55457878,96804098,1,0,0,18944,15,3034190402
9731,41348850,55217483,96566333,5,0,0,20992,13,7921416913
9732,41351311,79796265,121147576,9,0,1,512,13,10058672259
9733,41352051,79799159,121151210,9,0,1,1024,13,587915370
9734,41364140,55172818,96536958,8,0,0,20992,17,7569148129
9735,41365650,55444118,96809768,1,0,0,15872,15,8796460656
9736,41373860,55954983,97328843,4,0,0,37376,16,8223850693
9737,41374820,55280235,96655055,3,0,0,10240,1,88381850
9738,41394710,55200260,96594970,3,0,0,12800,1,340212103
9739,41401160,56669918,98071078,5,0,0,20992,13,4674281024
9740,41404690,79746543,121151233,8,0,1,512,17,1841356965
9741,41407960,55119119,96527079,1,0,0,23040,15,1845519921
9742,41409680,55128237,96537917,3,0,0,3072,1,9906227871
9743,41411820,55650510,97062330,8,0,0,7168,17,2967025180
9744,41413070,56726732,98139802,4,0,0,13312,16,2883174724
9745,41425880,55558806,96984686,9,0,0,4608,13,5103157346
9746,41429910,55273449,96703359,3,0,0,83968,1,6870751453
9747,41438750,56542142,97980892,9,0,0,23552,13,1308598357
9748,41442140,79709116,121151256,4,0,1,3584,16,5986639845
9749,41448820,56135217,97584037,9,0,0,23040,13,5474414300
9750,41450570,55721491,97172061,8,0,0,19456,17,7656074241
9751,41454461,79989942,121444403,6,0,1,135168,13,6117418202
9752,41454760,55341648,96796408,1,0,0,22528,15,8010675595
9753,41455280,55275246,96730526,9,0,0,89088,13,8544889737
9754,41458540,55490688,96949228,6,0,0,48128,13,3528535625
9755,41460560,56281169,97741729,5,0,0,29184,13,5724984038
9756,41471920,55306502,96778422,8,0,0,2560,17,3370198839
9757,41480060,56743802,98223862,1,0,0,61440,15,6923026247
9758,41480110,55824929,97305039,9,0,0,17408,13,7322388824
9759,41480230,55309291,96789521,0,0,0,36352,2,7326630561
9760,41486071,79971794,121457865,9,0,1,6144,13,3541743454
9761,41491680,55306623,96798303,1,0,0,6144,15,3315429067
9762,41491740,55377269,96869009,2,0,0,20480,12,9825876724
9763,41491960,55484458,96976418,5,0,0,24064,13,4870078417
9764,41521710,55383450,96905160,1,0,0,24576,15,7824059825
9765,41522139,79944247,121466386,7,0,1,20480,4,6784810139
9766,41527800,55451145,96978945,2,0,0,8192,12,1275173224
9767,41529340,56437707,97967047,8,0,0,4096,17,8432251095
9768,41538720,55493365,97032085,6,0,0,4608,13,6088718795
9769,41540280,79928052,121468332,4,0,1,3072,16,3677302414
9770,41540310,55357339,96897649,3,0,0,67072,1,1759901534
9771,41544590,55362832,96907422,8,0,0,512,17,2081653978
9772,41558500,56237985,97796485,6,0,0,83456,13,3826289159
9773,41566730,55559862,97126592,8,0,0,9216,17,1259233168
9774,41572840,56521580,98094420,2,0,0,31232,12,6592060389
9775,41575691,79892987,121468678,1,0,1,512,15,2334109024
9776,41578880,55451778,97030658,8,0,0,14336,17,9738932063
9777,41591540,55757630,97349170,5,0,0,8704,13,3917144958
9778,41591880,55741221,97333101,5,0,0,13824,13,1906776899
9779,41615990,55787241,97403231,5,0,0,30720,13,10538790531
9780,41622260,55284171,96906431,5,0,0,4096,13,4132317520
9781,41623790,55838828,97462618,7,0,0,13312,4,9983535911
9782,41628030,55509850,97137880,7,0,0,28160,4,4729777771
9783,41629240,55981652,97610892,8,0,0,88064,17,9267722715
9784,41630621,79906623,121537244,6,0,1,18944,13,10430401660
9785,41637571,80253385,121890956,6,0,1,166912,13,7134184181
9786,41639600,80316246,121955846,4,0,1,7680,16,4544281204
9787,41652980,55803724,97456704,6,0,0,46592,13,3120273796
9788,41653760,80338503,121992263,2,0,1,19456,12,7800669552
9789,41665510,55880467,97545977,7,0,0,17408,4,3412604995
9790,41668050,56756857,98424907,8,0,0,100864,17,4670013100
9791,41671830,55572664,97244494,4,0,0,89600,16,5515338029
9792,41676910,56904579,98581489,7,0,0,50688,4,8545623284
9793,41677670,55948712,97626382,1,0,0,50688,15,3711655656
9794,41682600,56021516,97704116,4,0,0,38400,16,770461530
9795,41694869,80324748,122019617,7,0,1,21504,4,4072499914
9796,41696700,55639255,97335955,2,0,0,9216,12,7527856064
9797,41697220,55941156,97638376,4,0,0,5632,16,9052905083
9798,41697560,80754073,122451633,3,0,1,312832,1,3230021678
9799,41710150,55631163,97341313,6,0,0,17408,13,2716446732
9800,41716091,80778023,122494114,6,0,1,1536,13,5248241595
9801,41720660,55763725,97484385,6,0,0,71168,13,623673012
9802,41722750,55681128,97403878,1,0,0,2048,15,7592959710
9803,41724380,56020648,97745028,1,0,0,10752,15,6539439412
9804,41727510,56003023,97730533,2,0,0,9216,12,4325860609
9805,41738920,56742084,98481004,5,0,0,15872,13,3144649041
9806,41742891,80779083,122521974,6,0,1,26624,13,5182501600
9807,41747910,55789595,97537505,4,0,0,6144,16,10599897987
9808,41750020,56585760,98335780,3,0,0,9216,1,4113046066
9809,41751769,80777115,122528884,7,0,1,512,4,10372577746
9810,41754340,55872556,97626896,8,0,0,512,17,9982225516
9811,41766170,55910636,97676806,2,0,0,7680,12,3529446119
9812,41766300,56004734,97771034,3,0,0,11264,1,6027343648
9813,41768960,56033632,97802592,5,0,0,19968,13,6250896491
9814,41774970,56074081,97849051,2,0,0,54272,12,4329682351
9815,41776890,56883601,98660491,3,0,0,512,1,6697467922
9816,41780250,55846467,97626717,2,0,0,1024,12,6603671787
9817,41780960,55855677,97636637,4,0,0,31744,16,10142404859
9818,41782550,56068396,97850946,2,0,0,6144,12,7757381879
9819,41787260,56024682,97811942,5,0,0,26624,13,5831964868
9820,41796170,80732737,122528907,4,0,1,2048,16,4451531646
9821,41796400,56893925,98690325,7,0,0,40960,4,6796111774
9822,41800640,55705338,97505978,7,0,0,4608,4,1532857774
9823,41804130,80724800,122528930,4,0,1,6656,16,5752051500
9824,41804250,56321622,98125872,6,0,0,512,13,2420743547
9825,41806460,55997278,97803738,2,0,0,3584,12,4856302909
9826,41810460,55894927,97705387,4,0,0,4096,16,8702309793
9827,41812570,55908873,97721443,3,0,0,2048,1,1496418739
9828,41814050,80726487,122540537,0,0,1,10752,2,8540493858
9829,41821290,56111812,97933102,3,0,0,13312,1,7569599614
9830,41823050,56420945,98243995,7,0,0,65536,4,900433325
9831,41826820,56042661,97869481,2,0,0,53248,12,8328403780
9832,41833420,56166443,97999863,5,0,0,25600,13,794544046
9833,41836630,56774591,98611221,6,0,0,26112,13,10178393513
9834,41840160,56980711,98820871,8,0,0,55808,17,3035747662
9835,41846920,56237961,98084881,2,0,0,43520,12,6292765938
9836,41856440,56015248,97871688,1,0,0,7168,15,1759547992
9837,41863610,56874248,98737858,3,0,0,9728,1,1140962362
9838,41866661,80694457,122561118,6,0,1,8192,13,8926702937
9839,41883930,56241763,98125693,3,0,0,24576,1,2561658595
9840,41885550,57049993,98935543,5,0,0,9216,13,1454458118
9841,41887560,56067613,97955173,7,0,0,25600,4,3004046433
9842,41900270,80724386,122624656,3,0,1,32256,1,83150631
9843,41909381,80715298,122624679,1,0,1,2560,15,3553393743
9844,41909860,56099698,98009558,5,0,0,31744,13,10662163430
9845,41917970,56108555,98026525,6,0,0,13312,13,4262912501
9846,41921320,80703382,122624702,4,0,1,10752,16,10242398580
9847,41921831,80723420,122645251,6,0,1,14336,13,8015993775
9848,41925740,56850355,98776095,7,0,0,11264,4,2521970146
9849,41926780,56993702,98920482,8,0,0,29184,17,1437376582
9850,41931060,80716457,122647517,8,0,1,3584,17,2136524973
9851,41934400,56692298,98626698,8,0,0,46592,17,3695312880
9852,41935710,56509968,98445678,2,0,0,68096,12,6544902599
9853,41942970,56361043,98304013,7,0,0,7680,4,1501046249
9854,41952900,56039140,97992040,7,0,0,27648,4,6356282531
9855,41954100,56230177,98184277,8,0,0,5120,17,5194372589
9856,41960560,56144478,98105038,8,0,0,22528,17,6945165415
9857,41966600,57164005,99130605,4,0,0,4096,16,2586998242
9858,41971990,56178599,98150589,5,0,0,35328,13,4800040212
9859,41972570,56163153,98135723,8,0,0,32256,17,2416967884
9860,41977100,56387162,98364262,4,0,0,15872,16,2613300772
9861,41979981,80672682,122652663,9,0,1,8192,13,803744198
9862,41987710,56672533,98660243,5,0,0,34816,13,6449016262
9863,41991480,80757982,122749462,8,0,1,5120,17,4487833734
9864,41994080,57129592,99123672,6,0,0,46592,13,9109803193
9865,42002200,56381610,98383810,4,0,0,24576,16,10193297254
9866,42005680,80817904,122823584,4,0,1,16896,16,7497334924
9867,42005800,57244680,99250480,5,0,0,84480,13,7503935446
9868,42006120,55953259,97959379,8,0,0,512,17,6267614104
9869,42014490,57365576,99380066,2,0,0,38400,12,2011058605
9870,42018960,80804647,122823607,7,0,1,8704,4,2340247208
9871,42022540,80961666,122984206,4,0,1,10240,16,4534340590
9872,42025090,56273163,98298253,7,0,0,512,4,8607242
9873,42027600,56259370,98286970,7,0,0,9216,4,8894630564
9874,42030861,81173137,123203998,6,0,1,25600,13,3148869609
9875,42040240,56637582,98677822,6,0,0,7168,13,7363337787
9876,42051520,56424625,98476145,4,0,0,57856,16,7342259335
9877,42053390,57016370,99069760,4,0,0,112640,16,6780353187
9878,42053550,81351218,123404768,3,0,1,63488,1,1751809934
9879,42063010,56114971,98177981,6,0,0,34304,13,10238352023
9880,42065020,57545907,99610927,2,0,0,44544,12,1705539678
9881,42065700,81343256,123408956,4,0,1,17408,16,10622891186
9882,42068040,81350578,123418618,8,0,1,1536,17,8594402083
9883,42071320,56082412,98153732,8,0,0,10240,17,3955984537
9884,42073260,56762298,98835558,3,0,0,48128,1,787798400
9885,42074530,56671683,98746213,6,0,0,15872,13,6125682227
9886,42079720,56724124,98803844,1,0,0,28160,15,7052709289
9887,42086840,56632914,98719754,7,0,0,20480,4,10238708452
9888,42091630,57190219,99281849,1,0,0,8704,15,6573459413
9889,42095560,57192427,99287987,3,0,0,19456,1,6680801286
9890,42104980,56544632,98649612,6,0,0,66048,13,9724908903
9891,42111540,56860627,98972167,3,0,0,28160,1,6132644357
9892,42114870,57155389,99270259,9,0,0,1024,13,5619022498
9893,42115240,56756889,98872129,5,0,0,58880,13,2292415538
9894,42115370,56514003,98629373,2,0,0,8704,12,6189026664
9895,42117630,56668164,98785794,1,0,0,22528,15,5403955090
9896,42119120,56813584,98932704,2,0,0,27136,12,2891861688
9897,42125590,56431105,98556695,7,0,0,6144,4,2138103695
9898,42129090,56460690,98589780,7,0,0,27136,4,6951128348
9899,42134190,57210034,99344224,8,0,0,7168,17,5547424536
9900,42135491,81283793,123419284,1,0,1,1024,15,7321379472
9901,42151770,81310321,123462091,8,0,1,7680,17,1625808243
9902,42153590,56952385,99105975,2,0,0,118784,12,2579445380
9903,42153960,56618680,98772640,3,0,0,16896,1,9860566871
9904,42153970,56972689,99126659,7,0,0,9728,4,8855747047
9905,42154010,57041131,99195141,1,0,0,100864,15,1412187816
9906,42155940,56592633,98748573,4,0,0,3584,16,8601398120
9907,42159291,81303042,123462333,6,0,1,11264,13,6323712435
9908,42172610,57145227,99317837,4,0,0,59392,16,7130956959
9909,42195270,56835573,99030843,8,0,0,4096,17,10665763702
9910,42198010,56800474,98998484,2,0,0,28672,12,1312692047
9911,42204750,57016021,99220771,5,0,0,31232,13,6963049552
9912,42205550,56939742,99145292,1,0,0,48128,15,1296663034
9913,42207930,56781795,98989725,5,0,0,21504,13,3957558624
9914,42208050,56392205,98600255,2,0,0,34304,12,2549230734
9915,42210320,57109880,99320200,7,0,0,7680,4,8373342926
9916,42210630,81298837,123509467,8,0,1,4096,17,2490421809
9917,42218540,56477112,98695652,8,0,0,17408,17,6564017860
9918,42219910,56383332,98603242,8,0,0,9728,17,2696344807
9919,42225310,56884143,99109453,8,0,0,7680,17,459638895
9920,42236360,57201199,99437559,8,0,0,23552,17,8920325836
9921,42238811,81302284,123541095,5,0,1,5120,13,2503231357
9922,42240330,57272414,99512744,7,0,0,24064,4,2357069798
9923,42241040,56970192,99211232,4,0,0,52736,16,4939660363
9924,42243460,81297658,123541118,8,0,1,9728,17,9449089640
9925,42244440,57078903,99323343,6,0,0,10240,13,6896893037
9926,42245990,57498198,99744188,4,0,0,45056,16,2642729935
9927,42249031,81297281,123546312,9,0,1,8192,13,3475120925
9928,42250360,57147391,99397751,8,0,0,57344,17,6923445278
9929,42250450,56913928,99164378,5,0,0,59904,13,8199372604
9930,42255460,57412015,99667475,5,0,0,49664,13,10486450800
9931,42256840,82417937,124674777,3,0,1,479232,1,3579963400
9932,42265290,82409743,124675033,2,0,1,9216,12,10578362653
9933,42286300,57179332,99465632,1,0,0,512,15,8072653023
9934,42289049,82412175,124701224,7,0,1,7680,4,9458145302
9935,42300350,57243705,99544055,4,0,0,26112,16,2682014296
9936,42300981,82407655,124708636,5,0,1,11776,13,3645083832
9937,42301020,57128358,99429378,8,0,0,72192,17,3806856250
9938,42315020,57033835,99348855,2,0,0,2048,12,8062886003
9939,42318320,57431507,99749827,7,0,0,18432,4,2857659766
9940,42325710,82386792,124712502,2,0,1,6144,12,2535724170
9941,42328250,57236307,99564557,7,0,0,1024,4,2917828090
9942,42340450,57223772,99564222,1,0,0,1536,15,1557960815
9943,42346670,57571375,99918045,8,0,0,7168,17,2361050543
9944,42370770,56553643,98924413,3,0,0,12800,1,6803825976
9945,42380081,82333727,124713808,9,0,1,2048,13,1308962952
9946,42388920,82383261,124772181,3,0,1,49664,1,2083523564
9947,42393930,56888098,99282028,5,0,0,512,13,10321877275
9948,42402430,57370196,99772626,8,0,0,74752,17,2313691670
9949,42424020,56875690,99299710,2,0,0,38400,12,4064817737
9950,42425830,56485737,98911567,8,0,0,10752,17,5351786272
9951,42429740,57165357,99595097,1,0,0,6656,15,5688133606
9952,42431100,82369717,124800817,8,0,1,1536,17,4655374683
9953,42439270,56830654,99269924,1,0,0,63488,15,5313652098
9954,42441780,57689979,100131759,1,0,0,83456,15,5953614430
9955,42449030,82367405,124816435,4,0,1,2560,16,1223084562
9956,42451970,56385795,98837765,2,0,0,7168,12,10354131232
9957,42457120,56672214,99129334,3,0,0,8704,1,945984817
9958,42460560,82366061,124826621,2,0,1,20480,12,10348520095
9959,42465930,57324237,99790167,1,0,0,5632,15,8441184435
9960,42468150,57179399,99647549,5,0,0,11776,13,3586078342
9961,42469560,56809614,99279174,4,0,0,29184,16,9184236484
9962,42470760,82381618,124852378,2,0,1,2048,12,3383615929
9963,42476701,82378907,124855608,6,0,1,14848,13,3605092177
9964,42485140,82374334,124859474,4,0,1,6144,16,9829382824
9965,42487680,56737037,99224717,5,0,0,12800,13,4104478892
9966,42491380,56615710,99107090,5,0,0,3584,13,7020552616
9967,42492220,57097995,99590215,7,0,0,82432,4,1967478554
9968,42498710,56829180,99327890,4,0,0,14848,16,9414148080
9969,42499080,57231357,99730437,6,0,0,22016,13,8173285233
9970,42499690,82362050,124861740,8,0,1,3584,17,7644586177
9971,42502920,56944958,99447878,9,0,0,33792,13,632355411
9972,42505190,57218470,99723660,1,0,0,33280,15,95279932
9973,42510300,57278128,99788428,1,0,0,43008,15,1407111176
9974,42512190,82384703,124896893,3,0,1,32768,1,8572754944
9975,42520401,82388622,124909023,6,0,1,1536,13,6202564532
9976,42543420,57699450,100242870,5,0,0,14336,13,9098396737
9977,42545130,57905459,100450589,1,0,0,75776,15,1252826187
9978,42546490,56809861,99356351,8,0,0,7168,17,3299268993
9979,42557081,82397123,124954204,6,0,1,15872,13,8174140039
9980,42562290,56583805,99146095,3,0,0,2560,1,6199094307
9981,42564200,82409560,124973760,8,0,1,7168,17,6956848116
9982,42567110,57328458,99895568,1,0,0,71168,15,2472846810
9983,42571810,57106654,99678464,8,0,0,6144,17,530075114
9984,42572570,56883466,99456036,8,0,0,9728,17,324862958
9985,42574020,56786730,99360750,1,0,0,13312,15,6457730463
9986,42583840,56869209,99453049,8,0,0,16896,17,5397383428
9987,42583990,82390116,124974106,2,0,1,512,12,3989684398
9988,42594950,57495556,100090506,7,0,0,63488,4,2740895294
9989,42605780,56926998,99532778,1,0,0,5120,15,3092842072
9990,42606770,57497643,100104413,1,0,0,45568,15,5350055095
9991,42607270,57814413,100421683,5,0,0,25600,13,3558775178
9992,42609230,82456192,125065422,3,0,1,60416,1,5870697103
9993,42615970,56814390,99430360,7,0,0,3072,4,4612062864
9994,42617600,56975446,99593046,7,0,0,9216,4,3847236352
9995,42627950,57573592,100201542,7,0,0,29696,4,6934436148
9996,42637291,82430397,125067688,9,0,1,3584,13,1701006610
9997,42641370,57272351,99913721,7,0,0,26112,4,8930402685
9998,42641480,57363255,100004735,3,0,0,36352,1,2911449724
9999,42645370,57068127,99713497,6,0,0,13824,13,7719271692
10000,42646560,57220922,99867482,3,0,0,10240,1,8910721853
10001,42647880,57609099,100256979,6,0,0,4608,13,2753946262
10002,42651540,82420334,125071874,7,0,1,6656,4,3403199570
10003,42653910,57298247,99952157,1,0,0,1024,15,5664949998
10004,42654010,57013800,99667810,9,0,0,1024,13,1481685945
10005,42656560,57487569,100144129,2,0,0,40448,12,5777270584
10006,42660400,82414060,125074460,8,0,1,4096,17,3146101358
10007,42661820,57816614,100478434,3,0,0,7168,1,1519037764
10008,42662100,57746121,100408221,1,0,0,40960,15,3570356787
10009,42664520,57827719,100492239,9,0,0,20480,13,3930928771
10010,42668661,82420492,125089153,5,0,1,11776,13,3500637442
10011,42672730,57296248,99968978,4,0,0,28672,16,10564099063
10012,42681310,57011413,99692723,5,0,0,7680,13,6676513420
10013,42681620,57109506,99791126,4,0,0,3072,16,9016260783
10014,42681640,57330138,100011778,6,0,0,23040,13,3824799018
10015,42682360,57126430,99808790,3,0,0,14336,1,7704675065
10016,42688840,57526313,100215153,5,0,0,24576,13,4409675600
10017,42690560,56865085,99555645,8,0,0,24576,17,1518576617
10018,42694100,82441415,125135515,4,0,1,7168,16,9643380276
10019,42695400,82440138,125135538,7,0,1,12800,4,7540263675
10020,42701790,57771598,100473388,4,0,0,74752,16,6298977802
10021,42709171,82429845,125139016,6,0,1,14336,13,6057218972
10022,42713400,57098533,99811933,7,0,0,10240,4,3124370245
10023,42718840,56829294,99548134,7,0,0,13312,4,2378539972
10024,42719111,82419928,125139039,9,0,1,2048,13,4121332404
10025,42720300,57231522,99951822,1,0,0,18944,15,9897810501
10026,42728880,82533658,125262538,3,0,1,59392,1,4007804781
10027,42732360,57903956,100636316,7,0,0,5120,4,8571441461
10028,42734910,57503569,100238479,6,0,0,56320,13,384759529
10029,42740670,57480626,100221296,2,0,0,3584,12,2160823622
10030,42743330,57530214,100273544,8,0,0,1536,17,6162948593
10031,42743570,57525646,100269216,4,0,0,8704,16,44461660
10032,42744400,57863117,100607517,4,0,0,42496,16,6100148311
10033,42745040,57984691,100729731,2,0,0,24064,12,3158713988
10034,42748720,57506809,100255529,9,0,0,41472,13,10191947437
10035,42750190,82867877,125618067,3,0,1,160768,1,7472080502
10036,42751360,57289732,100041092,3,0,0,37376,1,3959299534
10037,42754660,57606226,100360886,1,0,0,22016,15,3830048030
10038,42755010,57999594,100754604,7,0,0,14336,4,10734029350
10039,42757830,58074254,100832084,8,0,0,40448,17,9537777941
10040,42761820,57253101,100014921,3,0,0,10240,1,6823465251
10041,42761970,57586052,100348022,6,0,0,30208,13,8668075807
10042,42762130,57714097,100476227,4,0,0,9216,16,246542689
10043,42763760,57342548,100106308,5,0,0,6144,13,7349223161
10044,42765950,57737122,100503072,2,0,0,7680,12,3269336894
10045,42768650,82849440,125618090,2,0,1,512,12,7659328733
10046,42783611,82834502,125618113,5,0,1,3072,13,7144285615
10047,42787600,57233158,100020758,7,0,0,2560,4,3539241012
10048,42791090,57843114,100634204,3,0,0,13312,1,9700281391
10049,42795081,82823063,125618144,5,0,1,2560,13,10270839543
10050,42795470,82840064,125635534,3,0,1,25088,1,7917118092
10051,42798400,58097790,100896190,1,0,0,58880,15,1760230770
10052,42798930,57368228,100167158,7,0,0,21504,4,5895271123
10053,42805350,82898200,125703550,0,0,1,1024,2,7292510091
10054,42824360,57552929,100377289,5,0,0,53760,13,836863548
10055,42829880,56945421,99775301,6,0,0,8704,13,541492163
10056,42848790,57308203,100156993,8,0,0,32256,17,9751787964
10057,42871620,58195216,101066836,5,0,0,29184,13,1128897762
10058,42881670,57906384,100788054,3,0,0,8192,1,1084608909
10059,42886240,57668508,100554748,7,0,0,15872,4,3435634075
10060,42903760,57388205,100291965,1,0,0,8704,15,781255214
10061,42905030,57706254,100611284,7,0,0,12288,4,5485880022
10062,42906640,57770338,100676978,8,0,0,21504,17,5603496218
10063,42910760,57589949,100500709,5,0,0,13824,13,9184258664
10064,42911790,57502070,100413860,6,0,0,18432,13,2647441148
10065,42912000,57391652,100303652,6,0,0,34816,13,4610301351
10066,42914150,57635148,100549298,4,0,0,28160,16,4482124089
10067,42919690,57462146,100381836,7,0,0,14848,4,5761047748
10068,42921500,57858217,100779717,7,0,0,7168,4,5180892472
10069,42922250,82785806,125708056,8,0,1,7168,17,3054571175
10070,42923190,57222834,100146024,6,0,0,6144,13,1677104160
10071,42923930,82785432,125709362,2,0,1,2048,12,9520719621
10072,42929791,82780237,125710028,5,0,1,1024,13,2533531544
10073,42930990,57094064,100025054,8,0,0,1536,17,8258265380
10074,42932950,82784218,125717168,2,0,1,512,12,4172049361
10075,42937030,57548946,100485976,4,0,0,24576,16,4545481711
10076,42937750,57975948,100913698,8,0,0,53760,17,2871908362
10077,42938360,57558114,100496474,4,0,0,13824,16,5281900455
10078,42939870,57837640,100777510,7,0,0,30720,4,4090867411
10079,42943760,57483718,100427478,4,0,0,18944,16,2453194961
10080,42949721,82768523,125718244,9,0,1,13312,13,1303693063
10081,42950190,82769441,125719631,7,0,1,10752,4,4921834604
10082,42964960,58059187,101024147,1,0,0,19456,15,4550945092
10083,42968500,57200709,100169209,1,0,0,6656,15,2679793919
10084,42970230,57597362,100567592,6,0,0,31744,13,2134850743
10085,42973830,82762419,125736249,7,0,1,3584,4,9471053794
10086,42975900,82766454,125742354,0,0,1,7168,2,8438471341
10087,42978960,57762182,100741142,1,0,0,37376,15,446278101
10088,42981220,58006769,100987989,8,0,0,38400,17,6630825037
10089,42989280,58028916,101018196,4,0,0,49152,16,10224541400
10090,42992350,57757863,100750213,9,0,0,29696,13,2067783406
10091,42998840,57619778,100618618,4,0,0,2560,16,4367549097
10092,43000450,57873074,100873524,5,0,0,65536,13,4314344517
10093,43003560,57799342,100802902,4,0,0,8192,16,9807434735
10094,43016910,58143836,101160746,6,0,0,173056,13,1109464798
10095,43017980,57695932,100713912,8,0,0,16896,17,8507274090
10096,43021750,57328559,100350309,1,0,0,3584,15,4418282014
10097,43022850,57762662,100785512,6,0,0,18944,13,896581402
10098,43025540,58202114,101227654,3,0,0,19968,1,9278851609
10099,43028460,57625072,100653532,9,0,0,5120,13,5670626485
10100,43032880,57820645,100853525,5,0,0,23552,13,3980089336
10101,43035150,57685337,100720487,4,0,0,21504,16,683272374
10102,43035240,57901960,100937200,5,0,0,44544,13,5766794665
10103,43056050,57790276,100846326,3,0,0,29696,1,3333983604
10104,43059360,58173652,101233012,5,0,0,11264,13,4671552860
10105,43059910,82684711,125744621,2,0,1,6144,12,7938057669
10106,43065830,58127412,101193242,6,0,0,27648,13,2942727715
10107,43065950,58170517,101236467,7,0,0,11264,4,9686176978
10108,43066780,58100697,101167477,3,0,0,22016,1,3719546060
10109,43068580,57847325,100915905,8,0,0,7168,17,7649415354
10110,43080830,57989328,101070158,6,0,0,5632,13,3501556149
10111,43084760,82662541,125747301,4,0,1,1536,16,2987177787
10112,43090670,57910646,101001316,3,0,0,4096,1,2129913041
10113,43095540,57801640,100897180,7,0,0,1536,4,9342613449
10114,43101890,57509729,100611619,4,0,0,1024,16,8246431764
10115,43113130,58319237,101432367,1,0,0,51712,15,5595652916
10116,43119300,58163897,101283197,9,0,0,39424,13,3660715615
10117,43119860,57582608,100702468,2,0,0,24576,12,8837866376
10118,43133880,58327424,101461304,5,0,0,24576,13,7365671185
10119,43134920,82615607,125750527,4,0,1,5120,16,3332741543
10120,43136190,82669186,125805376,0,0,1,14336,2,2567088627
10121,43137320,57740907,100878227,6,0,0,15360,13,5318681737
10122,43140141,82735691,125875832,5,0,1,6144,13,552675938
10123,43144920,58308842,101453762,5,0,0,70144,13,7270007664
10124,43150530,58068810,101219340,8,0,0,71168,17,6303560443
10125,43151390,57685865,100837255,1,0,0,16896,15,1413264404
10126,43158640,57658688,100817328,8,0,0,7168,17,5529213722
10127,43162540,58378631,101541171,5,0,0,25600,13,9240818039
10128,43164260,57938014,101102274,7,0,0,7680,4,1075743602
10129,43164350,57933315,101097665,6,0,0,7168,13,3221932330
10130,43167410,57928048,101095458,0,0,0,60928,2,3663929214
10131,43171820,58049727,101221547,4,0,0,7168,16,9955939745
10132,43174980,58108708,101283688,8,0,0,1536,17,8260572195
10133,43175200,58181772,101356972,7,0,0,11264,4,8694425567
10134,43186839,82707447,125894286,4,0,1,3584,16,3473680532
10135,43189720,58451364,101641084,2,0,0,52736,12,2711044690
10136,43190150,82704159,125894309,4,0,1,14336,16,8927422665
10137,43190370,57781492,100971862,5,0,0,19456,13,1788535238
10138,43191870,58200727,101392597,5,0,0,18432,13,5776058895
10139,43193690,57874729,101068419,8,0,0,5120,17,4064887879
10140,43195010,58374156,101569166,9,0,0,47616,13,492942820
10141,43198449,82697466,125895915,4,0,1,5632,16,5424707085
10142,43201780,58331568,101533348,3,0,0,38400,1,6732182447
10143,43202130,58689937,101892067,6,0,0,23040,13,3244156815
10144,43205130,58119752,101324882,6,0,0,13824,13,4548911398
10145,43206100,58476492,101682592,8,0,0,7168,17,8275395638
10146,43210550,58380188,101590738,5,0,0,14336,13,5162112567
10147,43213541,82696171,125909712,1,0,1,16384,15,9968332926
10148,43215910,58765242,101981152,6,0,0,13312,13,2264853931
10149,43219790,57977843,101197633,2,0,0,14336,12,2188654562
10150,43224230,57771692,100995922,9,0,0,14336,13,7516596448
10151,43225630,57671051,100896681,2,0,0,1536,12,8526948057
10152,43238700,58304701,101543401,7,0,0,5120,4,396488158
10153,43251150,58732053,101983203,7,0,0,6656,4,2782815102
10154,43253510,58220842,101474352,3,0,0,8192,1,3369010262
10155,43255130,58437182,101692312,9,0,0,22016,13,6862817434
10156,43258410,58283408,101541818,0,0,0,2048,2,8524999513
10157,43258650,58626351,101885001,4,0,0,61952,16,6062924613
10158,43259630,57987930,101247560,3,0,0,8192,1,536623188
10159,43261590,57763672,101025262,0,0,0,3584,2,7135012110
10160,43263720,58245500,101509220,3,0,0,43008,1,2880562694
10161,43269750,58410536,101680286,9,0,0,102400,13,4572617954
10162,43286800,58622159,101908959,0,0,0,10240,2,404287327
10163,43290700,57938857,101229557,1,0,0,6144,15,10386934594
10164,43291150,58884100,102175250,1,0,0,104448,15,7823459181
10165,43298110,58506724,101804834,0,0,0,72192,2,9562366742
10166,43304280,58170719,101474999,8,0,0,2048,17,2989209851
10167,43306750,58950045,102256795,2,0,0,34816,12,2741977480
10168,43311790,59086876,102398666,7,0,0,113664,4,5383544134
10169,43312560,58467532,101780092,5,0,0,4096,13,2978639324
10170,43316070,58529032,101845102,2,0,0,4608,12,5235348205
10171,43317560,58446446,101764006,6,0,0,39424,13,3332781722
10172,43318460,82597694,125916154,7,0,1,6656,4,3693893215
10173,43319790,58148557,101468347,0,0,0,23040,2,10731846596
10174,43320430,82595747,125916177,7,0,1,9728,4,2889809316
10175,43320570,58066388,101386958,2,0,0,13824,12,9040872545
10176,43322390,57851662,101174052,2,0,0,21504,12,7478970022
10177,43323560,59105173,102428733,9,0,0,4608,13,6452130741
10178,43327580,58663625,101991205,5,0,0,8192,13,2929560659
10179,43329540,58968759,102298299,3,0,0,11776,1,7980123018
10180,43333830,58744214,102078044,5,0,0,7680,13,2842645569
10181,43336970,57934192,101271162,7,0,0,10240,4,5273526879
10182,43339760,58243249,101583009,6,0,0,5120,13,7553986271
10183,43342140,58306923,101649063,4,0,0,26112,16,3556208927
10184,43346220,58130861,101477081,3,0,0,6656,1,926037133
10185,43351050,58626023,101977073,8,0,0,52736,17,3595764427
10186,43351090,58230313,101581403,4,0,0,24064,16,1515226827
10187,43355000,58219048,101574048,9,0,0,15872,13,10073231683
10188,43357000,59471890,102828890,4,0,0,32256,16,904459053
10189,43364881,82551319,125916200,6,0,1,9728,13,8549974300
10190,43364960,58778420,102143380,8,0,0,111616,17,6284620086
10191,43372550,58225650,101598200,2,0,0,5120,12,3230297936
10192,43374560,59317843,102692403,6,0,0,17408,13,8335629118
10193,43377830,58094003,101471833,8,0,0,11264,17,7600742056
10194,43382440,82533791,125916231,2,0,1,6656,12,7475375362
10195,43382800,58315732,101698532,2,0,0,11776,12,8721030469
10196,43383030,59098589,102481619,7,0,0,53248,4,4356341308
10197,43383370,58510372,101893742,2,0,0,5120,12,296331299
10198,43386400,58347466,101733866,8,0,0,5632,17,1336854081
10199,43392330,58513486,101905816,2,0,0,6144,12,4544037626
10200,43392460,58524888,101917348,8,0,0,11776,17,10663778479
10201,43410800,58914884,102325684,0,0,0,54784,2,7835078019
10202,43411621,82582933,125994554,1,0,1,4608,15,913535556
10203,43414150,58832006,102246156,0,0,0,51200,2,6529672155
10204,43420680,58392133,101812813,1,0,0,26112,15,2414527745
10205,43423820,82576431,126000251,8,0,1,18944,17,8598556695
10206,43432970,59510609,102943579,9,0,0,7680,13,52780873
10207,43437420,58763795,102201215,3,0,0,28160,1,72406349
10208,43443710,57939013,101382723,1,0,0,14336,15,3586289857
10209,43447771,82574129,126021900,1,0,1,1024,15,8561900626
10210,43448930,59033648,102482578,9,0,0,3072,13,4395836767
10211,43456600,59317816,102774416,0,0,0,7168,2,4124937908
10212,43461300,58369510,101830810,4,0,0,3072,16,10108573911
10213,43464560,59075847,102540407,4,0,0,83968,16,2435144865
10214,43465560,58453924,101919484,5,0,0,5632,13,1702163934
10215,43473420,58278250,101751670,6,0,0,29184,13,9961246803
10216,43477890,58513962,101991852,0,0,0,2048,2,7790227243
10217,43486750,58416110,101902860,9,0,0,11776,13,7953556171
10218,43488400,59487149,102975549,7,0,0,25088,4,1266764628
10219,43489510,58409715,101899225,2,0,0,17920,12,2668411886
10220,43495240,58461930,101957170,5,0,0,10752,13,6191396722
10221,43503790,58829717,102333507,2,0,0,25600,12,6179754006
10222,43506470,58482216,101988686,1,0,0,17920,15,10045053908
10223,43512461,82509798,126022259,5,0,1,9728,13,2806162330
10224,43513351,82555207,126068558,9,0,1,7680,13,3583656389
10225,43514090,59258119,102772209,7,0,0,53760,4,5963124086
10226,43514290,58678322,102192612,9,0,0,2560,13,3932095938
10227,43516000,58846432,102362432,7,0,0,8192,4,9132820089
10228,43520610,82547971,126068581,2,0,1,11264,12,4132982711
10229,43520650,58752142,102272792,3,0,0,45568,1,1471716547
10230,43526751,82560099,126086850,6,0,1,9728,13,7938151806
10231,43528890,59203413,102732303,0,0,0,34816,2,9357015931
10232,43529980,58700553,102230533,0,0,0,3584,2,5934521391
10233,43543380,58668535,102211915,7,0,0,20992,4,2976079221
10234,43546830,58762131,102308961,8,0,0,27648,17,2609959706
10235,43547410,58899130,102446540,9,0,0,58368,13,7294443808
10236,43555850,59385366,102941216,0,0,0,24576,2,8115260525
10237,43555950,58991858,102547808,7,0,0,12288,4,7281655161
10238,43567850,59115607,102683457,6,0,0,13312,13,7328838251
10239,43570620,58658790,102229410,1,0,0,57344,15,1835384722
10240,43572970,82544346,126117316,2,0,1,6656,12,3457768482
10241,43579160,58529166,102108326,6,0,0,9216,13,3306769410
10242,43581470,58692125,102273595,9,0,0,2560,13,3209604828
10243,43583420,58991558,102574978,9,0,0,18944,13,4919578311
10244,43590340,58821967,102412307,5,0,0,10752,13,4752059380
10245,43603020,58654430,102257450,5,0,0,2048,13,1655198670
10246,43608130,58596719,102204849,8,0,0,11776,17,9635674478
10247,43621820,59577934,103199754,0,0,0,14848,2,3776720291
10248,43623380,58568429,102191809,7,0,0,54272,4,2478782367
10249,43627520,58799786,102427306,2,0,0,49152,12,1735679208
10250,43629991,82487348,126117339,5,0,1,7168,13,3891891301
10251,43635160,58908858,102544018,1,0,0,11776,15,8361403090
10252,43636410,58424746,102061156,0,0,0,3072,2,7397451903
10253,43641850,59004421,102646271,0,0,0,102400,2,5002109979
10254,43653280,59195327,102848607,7,0,0,26112,4,3278483565
10255,43655200,58904235,102559435,6,0,0,24576,13,1049469265
10256,43655750,58376400,102032150,4,0,0,11264,16,5568659219
10257,43665680,59750921,103416601,1,0,0,105984,15,2341106092
10258,43670680,58818540,102489220,9,0,0,15872,13,8903833059
10259,43676690,82480807,126157497,7,0,1,20992,4,138458622
10260,43685400,59248305,102933705,9,0,0,52224,13,9901957989
10261,43686480,58614026,102300506,0,0,0,7168,2,9911468805
10262,43687820,58970486,102658306,2,0,0,39424,12,10394611420
10263,43695050,82506057,126201107,0,0,1,2048,2,2643633598
10264,43700310,59376981,103077291,3,0,0,30208,1,37272344
10265,43702070,59346405,103048475,7,0,0,104448,4,4199407652
10266,43702590,58975985,102678575,7,0,0,47104,4,2700271471
10267,43716061,82487952,126204013,1,0,1,4608,15,8935539992
10268,43721819,82482553,126204372,7,0,1,9728,4,64010070
10269,43724030,58481466,102205496,7,0,0,2048,4,4008029476
10270,43726980,82497967,126224947,0,0,1,10752,2,5228451859
10271,43736020,59120262,102856282,3,0,0,17408,1,3012071904
10272,43736070,59249134,102985204,5,0,0,20992,13,2284713430
10273,43739680,58519197,102258877,6,0,0,4608,13,5385404711
10274,43750790,59314423,103065213,6,0,0,12800,13,4495289741
10275,43755320,58924058,102679378,7,0,0,2560,4,5165402618
10276,43758230,58945464,102703694,6,0,0,22016,13,1431016388
10277,43758921,82550392,126309313,1,0,1,18432,15,1088640927
10278,43776020,59538574,103314594,7,0,0,121344,4,5224137688
10279,43777390,59335351,103112741,7,0,0,11776,4,1773966202
10280,43778540,58516148,102294688,9,0,0,14848,13,5853680613
10281,43780250,58995281,102775531,2,0,0,3584,12,4543868150
10282,43784110,58619103,102403213,9,0,0,14848,13,6835449853
10283,43787420,58621588,102409008,8,0,0,18944,17,7751042144
10284,43788360,59295461,103083821,1,0,0,2560,15,8768516731
10285,43795930,59313167,103109097,6,0,0,57856,13,9659369165
10286,43796020,58862777,102658797,5,0,0,1536,13,346940461
10287,43800770,59387394,103188164,2,0,0,47616,12,3355978639
10288,43801280,59312108,103113388,9,0,0,2048,13,329025259
10289,43812780,59248510,103061290,7,0,0,41984,4,2950991015
10290,43813870,82576432,126390302,7,0,1,41984,4,3662978615
10291,43813900,59381307,103195207,5,0,0,23040,13,1117906843
10292,43815330,59564866,103380196,2,0,0,17920,12,5848159548
10293,43816160,59735214,103551374,2,0,0,31232,12,10151680378
10294,43817750,58630529,102448279,9,0,0,5632,13,6658473078
10295,43824890,59337202,103162092,1,0,0,35328,15,4842889631
10296,43839280,58948619,102787899,3,0,0,20992,1,1188846240
10297,43844760,59471417,103316177,6,0,0,5120,13,6382944942
10298,43851000,82539325,126390325,2,0,1,512,12,2410906515
10299,43852000,59048401,102900401,7,0,0,12800,4,669250692
10300,43855911,82542488,126398399,6,0,1,4096,13,7483664532
10301,43857180,59621859,103479039,2,0,0,18432,12,10291829805
10302,43857370,82542655,126400025,2,0,1,2560,12,408122807
10303,43857411,82542870,126400281,1,0,1,9216,15,8683162707
10304,43868100,82541788,126409888,7,0,1,11776,4,10547440566
10305,43872240,59447236,103319476,4,0,0,10752,16,177304438
10306,43874220,82536658,126410878,4,0,1,3584,16,2743830795
10307,43875030,58876857,102751887,7,0,0,55808,4,6635392014
10308,43878031,82542426,126420457,1,0,1,21504,15,10084369339
10309,43878690,59571243,103449933,5,0,0,71680,13,10268809093
10310,43884581,82588502,126473083,5,0,1,11264,13,9753044198
10311,43887140,82618728,126505868,4,0,1,9216,16,8016061601
10312,43891270,59330222,103221492,7,0,0,12288,4,9364071373
10313,43891370,59856577,103747947,6,0,0,26624,13,1420073755
10314,43903040,58757340,102660380,9,0,0,5120,13,5065623667
10315,43912610,59349788,103262398,2,0,0,19968,12,492263163
10316,43912611,82597145,126509756,5,0,1,6656,13,219955164
10317,43913480,59771713,103685193,2,0,0,49152,12,9783286567
10318,43913670,58821190,102734860,9,0,0,8192,13,7561395445
10319,43914310,58772758,102687068,3,0,0,11776,1,4499286578
10320,43914910,58699648,102614558,7,0,0,1536,4,9689083975
10321,43916600,59404615,103321215,2,0,0,5632,12,1149474540
10322,43922920,58770598,102693518,3,0,0,3584,1,3978490208
10323,43923040,58854074,102777114,6,0,0,5120,13,5225974850
10324,43926030,59897414,103823444,9,0,0,39424,13,2361678855
10325,43929320,58776126,102705446,3,0,0,2560,1,10403482069
10326,43934620,59607215,103541835,2,0,0,74752,12,647796392
10327,43940790,58921911,102862701,5,0,0,20992,13,1087452460
10328,43941000,82572718,126513718,0,0,1,6144,2,3792909714
10329,43944290,59424293,103368583,0,0,0,8192,2,1499844454
10330,43958360,58838077,102796437,0,0,0,12288,2,495626339
10331,43958780,59794985,103753765,6,0,0,7680,13,2742425004
10332,43966290,59154707,103120997,0,0,0,3584,2,1596100737
10333,43967360,58881582,102848942,7,0,0,1024,4,2406255895
10334,43967401,82550546,126517947,6,0,1,5120,13,3436235833
10335,43987860,82548376,126536236,4,0,1,20992,16,4898821148
10336,43988990,58799400,102788390,5,0,0,1536,13,46004257
10337,43989370,59384228,103373598,5,0,0,16384,13,8186919583
10338,43989830,59904462,103894292,8,0,0,35840,17,3633866783
10339,43992480,59815878,103808358,2,0,0,23040,12,7503687601
10340,43995500,82585230,126580730,4,0,1,21504,16,7686030621
10341,43998930,58997529,102996459,1,0,0,36864,15,5170213738
10342,43999940,59464871,103464811,0,0,0,14336,2,7216129392
10343,44006370,82761753,126768123,2,0,1,12800,12,5777134679
10344,44008170,59413914,103422084,6,0,0,17920,13,3271459036
10345,44008290,59165343,103173633,8,0,0,26112,17,9164142988
10346,44011360,58942415,102953775,3,0,0,1024,1,576924791
10347,44020131,82748338,126768469,5,0,1,512,13,8195445888
10348,44030151,82738882,126769033,6,0,1,10752,13,4850054406
10349,44033070,59341643,103374713,2,0,0,3584,12,10082283702
10350,44036210,59461736,103497946,8,0,0,7680,17,7117869775
10351,44050071,82732309,126782380,1,0,1,5632,15,4315922802
10352,44050580,59167145,103217725,9,0,0,58880,13,10630366691
10353,44055870,59219866,103275736,1,0,0,12288,15,233067568
10354,44059310,59075156,103134466,2,0,0,28672,12,2949940998
10355,44059499,82795682,126855181,4,0,1,20480,16,10560148986
10356,44060520,58885578,102946098,5,0,0,8192,13,6089672964
10357,44066440,59291481,103357921,3,0,0,70656,1,4865081848
10358,44072440,59293616,103366056,2,0,0,26624,12,10210523878
10359,44076230,59699817,103776047,8,0,0,22528,17,3709667344
10360,44079940,59493412,103573352,6,0,0,2048,13,3539985108
10361,44084830,59367154,103451984,5,0,0,6656,13,3317739750
10362,44087190,59542835,103630025,2,0,0,139264,12,2649612973
10363,44088080,58990638,103078718,3,0,0,4608,1,659132805
10364,44110600,59598374,103708974,5,0,0,38912,13,1825103487
10365,44113470,59440423,103553893,7,0,0,8192,4,7749843694
10366,44115650,59922979,104038629,3,0,0,11264,1,4419928382
10367,44119710,59216660,103336370,2,0,0,49664,12,9036785948
10368,44125451,82805962,126931413,0,0,1,5120,2,3618906021
10369,44133300,59118459,103251759,6,0,0,10752,13,3660933447
10370,44139361,82793038,126932399,5,0,1,1536,13,6153207655
10371,44146400,59848518,103994918,9,0,0,30208,13,3869021063
10372,44149920,59770440,103920360,5,0,0,21504,13,1640391824
10373,44172090,59525005,103697095,3,0,0,23040,1,2322629615
10374,44179500,59937043,104116543,9,0,0,53248,13,324984464
10375,44183590,82750141,126933731,0,0,1,22528,2,9230039842
10376,44184060,59604958,103789018,7,0,0,42496,4,8489185592
10377,44186220,59530561,103716781,4,0,0,6144,16,10190805639
10378,44190790,59475941,103666731,9,0,0,80896,13,2848147950
10379,44192061,82822894,127014955,1,0,1,16384,15,9731959860
10380,44192180,60185408,104377588,6,0,0,4096,13,8504906361
10381,44193990,60051439,104245429,3,0,0,81920,1,8580506144
10382,44199420,82819348,127018768,4,0,1,7680,16,9662196804
10383,44199450,59224685,103424135,1,0,0,6656,15,1337603678
10384,44223040,59467012,103690052,0,0,0,15872,2,9650742688
10385,44226960,60221101,104448061,7,0,0,8704,4,10020965271
10386,44227840,59414220,103642060,9,0,0,39424,13,5913415393
10387,44227880,59527312,103755192,1,0,0,4608,15,4157487932
10388,44228860,82797267,127026127,4,0,1,3584,16,8528786913
10389,44231800,59438394,103670194,6,0,0,11264,13,6630137062
10390,44232660,59648950,103881610,9,0,0,46592,13,2509839946
10391,44233200,59970242,104203442,4,0,0,31232,16,7359691282
10392,44236870,59265935,103502805,8,0,0,15872,17,2848491619
10393,44241370,59921441,104162811,8,0,0,22528,17,3654879305
10394,44242740,60082469,104325209,0,0,0,11776,2,7410281146
10395,44256710,60156285,104412995,3,0,0,21504,1,5406731690
10396,44262390,59893534,104155924,1,0,0,42496,15,2160264109
10397,44262780,59820075,104082855,2,0,0,1536,12,1283876961
10398,44268480,82780808,127049288,4,0,1,14336,16,1623923991
10399,44268620,59226963,103495583,4,0,0,6656,16,2263095597
10400,44274590,59608759,103883349,6,0,0,5632,13,7185496598
10401,44283410,60291795,104575205,9,0,0,114176,13,9507716830
10402,44283620,59428817,103712437,4,0,0,11264,16,2721509611
10403,44283720,59726826,104010546,3,0,0,18944,1,5425718918
10404,44285310,59466092,103751402,3,0,0,11264,1,4555072220
10405,44290640,59503939,103794579,3,0,0,9728,1,5326573008
10406,44296130,59549328,103845458,5,0,0,11264,13,1425895723
10407,44298690,82753504,127052194,4,0,1,4608,16,10213304230
10408,44299801,82796555,127096356,9,0,1,1536,13,10270596950
10409,44301230,60005145,104306375,5,0,0,31744,13,8658538666
10410,44303580,59911608,104215188,1,0,0,18432,15,3945209244
10411,44306790,60069527,104376317,3,0,0,68608,1,1466355882
10412,44308860,59942208,104251068,0,0,0,18432,2,8462805069
10413,44309630,60314968,104624598,9,0,0,15872,13,9666623371
10414,44310740,59832213,104142953,9,0,0,57344,13,4142580520
10415,44312890,59764436,104077326,0,0,0,76800,2,2211299936
10416,44316140,59684885,104001025,6,0,0,19968,13,826064350
10417,44316970,60217103,104534073,2,0,0,33280,12,5607383291
10418,44317110,59871831,104188941,6,0,0,7168,13,9638961183
10419,44324530,59616796,103941326,0,0,0,47104,2,10275423484
10420,44326930,59755434,104082364,6,0,0,14336,13,6412098355
10421,44327490,82768889,127096379,4,0,1,6144,16,10396085189
10422,44336750,60200154,104536904,7,0,0,9216,4,9941330288
10423,44343800,60045667,104389467,9,0,0,38912,13,6078823505
10424,44346600,60246169,104592769,0,0,0,8192,2,6582317451
10425,44349280,59692180,104041460,3,0,0,9216,1,1421900650
10426,44350511,82748098,127098609,6,0,1,7168,13,9830143532
10427,44356680,59721293,104077973,4,0,0,2048,16,9665657137
10428,44358530,82740102,127098632,2,0,1,6144,12,560808719
10429,44360900,59727949,104088849,7,0,0,14336,4,8617805802
10430,44368900,59917631,104286531,7,0,0,44032,4,255099105
10431,44370590,60282174,104652764,0,0,0,42496,2,6434228091
10432,44371430,59838119,104209549,4,0,0,19968,16,9147291898
10433,44371680,59753778,104125458,8,0,0,29184,17,6032628976
10434,44376660,60060131,104436791,4,0,0,18944,16,1768779952
10435,44385180,60234559,104619739,4,0,0,36864,16,7865850332
10436,44389010,60761738,105150748,1,0,0,69632,15,6725679629
10437,44389520,60438553,104828073,4,0,0,71168,16,7074479532
10438,44404190,60461568,104865758,5,0,0,38912,13,10452983926
10439,44407170,82691485,127098655,4,0,1,4608,16,6646005330
10440,44407191,82691487,127098678,5,0,1,3584,13,8445026266
10441,44413510,60370011,104783521,3,0,0,11264,1,499894134
10442,44419750,82682767,127102517,7,0,1,18944,4,5215452961
10443,44425530,60312875,104738405,8,0,0,17408,17,10106029451
10444,44428380,59826033,104254413,4,0,0,7168,16,4916932142
10445,44428650,59970855,104399505,1,0,0,25600,15,2938804983
10446,44429961,82700160,127130121,1,0,1,26624,15,270258230
10447,44432660,82716015,127148675,7,0,1,1536,4,809085
10448,44433900,82889185,127323085,7,0,1,29184,4,4640880275
10449,44435850,59880064,104315914,5,0,0,31232,13,7786985660
10450,44436960,60171478,104608438,2,0,0,51200,12,6092904646
10451,44437820,60217931,104655751,3,0,0,9728,1,4008970076
10452,44438430,59813776,104252206,5,0,0,3584,13,4942551998
10453,44443790,60050169,104493959,5,0,0,10240,13,10057794059
10454,44443950,83045361,127489311,4,0,1,56832,16,2815281777
10455,44452930,60046473,104499403,1,0,0,9728,15,7266115460
10456,44453560,59938122,104391682,0,0,0,7168,2,7305316142
10457,44454280,60273036,104727316,3,0,0,15360,1,3996375017
10458,44456329,83098756,127555085,7,0,1,14336,4,85266688
10459,44457550,60218346,104675896,3,0,0,30208,1,8345694141
10460,44463640,60118319,104581959,8,0,0,19456,17,9118571819
10461,44464020,60044420,104508440,2,0,0,16896,12,1421843110
10462,44465320,60463209,104928529,0,0,0,23552,2,5587735403
10463,44468670,60296921,104765591,2,0,0,27136,12,337765707
10464,44470161,83228468,127698629,1,0,1,5120,15,4397940821
10465,44471050,60603568,105074618,0,0,0,512,2,5128863584
10466,44472590,83238754,127711344,2,0,1,7168,12,8922309011
10467,44474840,60164945,104639785,6,0,0,49664,13,2832448262
10468,44481780,60466474,104948254,1,0,0,26112,15,5594984006
10469,44481860,60040408,104522268,5,0,0,12288,13,785608275
10470,44485040,60105210,104590250,2,0,0,27136,12,4521922265
10471,44486980,60360176,104847156,9,0,0,20480,13,5724373595
10472,44509810,60172110,104681920,7,0,0,4608,4,436355308
10473,44531690,60190923,104722613,1,0,0,56320,15,456710743
10474,44532850,60675900,105208750,6,0,0,19456,13,2033323046
10475,44534430,83177580,127712010,0,0,1,1024,2,5634811989
10476,44535840,60448199,104984039,4,0,0,25600,16,4237742077
10477,44539480,60207372,104746852,4,0,0,27648,16,1342539296
10478,44540430,60450496,104990926,1,0,0,22528,15,9896432766
10479,44540590,60035418,104576008,2,0,0,2560,12,2983484357
10480,44543740,60421924,104965664,1,0,0,12800,15,4730205626
10481,44552560,83160436,127712996,2,0,1,1536,12,10449097811
10482,44554300,60476038,105030338,5,0,0,7168,13,1880900525
10483,44554670,83731004,128285674,4,0,1,260096,16,9151768219
10484,44556390,60601961,105158351,6,0,0,20480,13,50218909
10485,44559100,60372572,104931672,4,0,0,10240,16,8860629578
10486,44560940,60379335,104940275,1,0,0,28160,15,832587032
10487,44562050,60273860,104835910,9,0,0,6656,13,5193578215
10488,44562810,60739302,105302112,8,0,0,2048,17,5809817021
10489,44565120,60184883,104750003,4,0,0,10240,16,2053642114
10490,44569260,60454519,105023779,7,0,0,27136,4,5961025027
10491,44570760,60333881,104904641,8,0,0,2048,17,3037273369
10492,44571400,60558109,105129509,7,0,0,74752,4,737807943
10493,44585240,60566779,105152019,6,0,0,4096,13,613677079
10494,44589000,83696697,128285697,2,0,1,1024,12,1196795230
10495,44594081,83705387,128299468,1,0,1,18944,15,431627657
10496,44606400,83694144,128300544,0,0,1,13312,2,10092959585
10497,44614571,83696155,128310726,9,0,1,17920,13,2861192700
10498,44617820,60445077,105062897,1,0,0,31232,15,10280045224
10499,44618260,60285734,104903994,5,0,0,14336,13,7897570618
10500,44622211,83734353,128356564,9,0,1,4608,13,1931200089
10501,44623040,60716600,105339640,2,0,0,49664,12,1292052229
10502,44623971,83732952,128356923,9,0,1,9728,13,3225398363
10503,44638350,60435334,105073684,4,0,0,35328,16,1023753389
10504,44638750,60633597,105272347,2,0,0,54272,12,7517198018
10505,44652710,60588009,105240719,4,0,0,100864,16,10473359040
10506,44657300,60619773,105277073,4,0,0,15360,16,6964112200
10507,44657470,61072982,105730452,1,0,0,7168,15,5268321073
10508,44665980,60720730,105386710,7,0,0,56832,4,5067759804
10509,44668960,83758178,128427138,8,0,1,4608,17,5913812058
10510,44674210,83752951,128427161,2,0,1,1536,12,1942221896
10511,44682091,83745093,128427184,1,0,1,5632,15,7434290869
10512,44682880,60478022,105160902,8,0,0,6656,17,4762640378
10513,44683370,60789038,105472408,2,0,0,79872,12,3216399347
10514,44695690,60873489,105569179,3,0,0,23040,1,136194041
10515,44699730,60606703,105306433,1,0,0,3072,15,7490145510
10516,44704110,60946198,105650308,1,0,0,6144,15,5789915958
10517,44704940,83742125,128447065,4,0,1,33280,16,7718704442
10518,44711200,61120517,105831717,2,0,0,21504,12,5090549508
10519,44712440,61242743,105955183,2,0,0,72704,12,3090470356
10520,44726571,83793321,128519892,5,0,1,3584,13,608019294
10521,44731401,83788514,128519915,1,0,1,2048,15,9203669985
10522,44732251,83787687,128519938,6,0,1,1536,13,5844398846
10523,44733910,84377938,129111848,4,0,1,150016,16,10046002066
10524,44734820,85418385,130153205,4,0,1,377344,16,8736419065
10525,44742380,85957410,130699790,4,0,1,522752,16,7215096092
10526,44742480,60903698,105646178,1,0,0,20480,15,5419726428
10527,44749550,60875594,105625144,4,0,0,52224,16,3565628690
10528,44754950,60777744,105532694,1,0,0,11264,15,4754970846
10529,44758390,60949856,105708246,1,0,0,14336,15,8961099509
10530,44760621,85975814,130736435,9,0,1,2048,13,6899055795
10531,44763180,60810569,105573749,7,0,0,12800,4,2396327138
10532,44766840,61655675,106422515,8,0,0,1536,17,9015429412
10533,44766850,60723222,105490072,0,0,0,1536,2,1666486472
10534,44769640,60833370,105603010,8,0,0,3072,17,7839096771
10535,44769830,61013881,105783711,8,0,0,11264,17,500266802
10536,44771590,61161418,105933008,4,0,0,53248,16,8231254705
10537,44775051,85961407,130736458,5,0,1,512,13,9779302837
10538,44776020,60700417,105476437,7,0,0,6144,4,1901529753
10539,44776470,60908596,105685066,0,0,0,81408,2,585869085
10540,44782100,85954381,130736481,0,0,1,2560,2,9671146502
10541,44785380,61038194,105823574,8,0,0,12800,17,3549212657
10542,44787180,60719210,105506390,0,0,0,35840,2,8527511972
10543,44788250,60781576,105569826,9,0,0,2048,13,8652206920
10544,44797190,60841610,105638800,5,0,0,8704,13,8178867233
10545,44810140,85926364,130736504,2,0,1,4096,12,6380949055
10546,44813320,60874109,105687429,9,0,0,7680,13,8629153811
10547,44814490,60626133,105440623,4,0,0,49152,16,400390597
10548,44814669,85921858,130736527,7,0,1,3072,4,6093081580
10549,44815260,61797876,106613136,6,0,0,8704,13,6586339365
10550,44826300,60901937,105728237,6,0,0,65536,13,9437037405
10551,44842030,60920705,105762735,2,0,0,512,12,2216485897
10552,44846100,61459922,106306022,4,0,0,55296,16,8852972227
10553,44846930,61436270,106283200,7,0,0,68096,4,4199666354
10554,44851820,61176351,106028171,7,0,0,2048,4,8011064409
10555,44853250,60742296,105595546,6,0,0,29184,13,1842905124
10556,44853320,61105965,105959285,6,0,0,12800,13,5555227959
10557,44858561,85877989,130736550,1,0,1,4096,15,9779833012
10558,44859450,85885229,130744679,7,0,1,13312,4,9645638775
10559,44863570,61486386,106349956,1,0,0,30208,15,9035415350
10560,44870040,85877562,130747602,0,0,1,14336,2,4074872608
10561,44877170,60825102,105702272,4,0,0,48640,16,9556600263
10562,44877651,85885348,130762999,5,0,1,9728,13,2172291557
10563,44887540,60740435,105627975,8,0,0,9216,17,9163406207
10564,44887921,85881493,130769414,6,0,1,6144,13,742319483
10565,44895951,85874449,130770400,6,0,1,1536,13,6098601743
10566,44896430,60733128,105629558,5,0,0,5120,13,340363703
10567,44901680,61269189,106170869,0,0,0,41984,2,10371627991
10568,44901880,60964265,105866145,0,0,0,58880,2,6493898031
10569,44913520,60726395,105639915,2,0,0,3584,12,865175758
10570,44915330,60591551,105506881,4,0,0,1536,16,8152465822
10571,44926330,61029032,105955362,4,0,0,512,16,8601604654
10572,44931920,85873098,130805018,4,0,1,46080,16,10367859551
10573,44932130,60771725,105703855,1,0,0,5120,15,8768128048
10574,44940290,61853928,106794218,7,0,0,91136,4,2956755470
10575,44943240,61064752,106007992,1,0,0,9216,15,4954331156
10576,44950500,61876609,106827109,9,0,0,28160,13,1458067694
10577,44951780,61053381,106005161,7,0,0,48640,4,3068032342
10578,44955470,85873900,130829370,7,0,1,2048,4,5658464455
10579,44956710,60837588,105794298,5,0,0,11264,13,1729220996
10580,44960741,85868652,130829393,6,0,1,3584,13,5545722052
10581,44963190,61189879,106153069,1,0,0,3072,15,2067504074
10582,44972310,85857106,130829416,7,0,1,14336,4,7352926462
10583,44973750,85905160,130878910,4,0,1,14848,16,10172959254
10584,44986130,60907248,105893378,6,0,0,15360,13,5455610996
10585,44986680,61419341,106406021,1,0,0,29184,15,592135994
10586,44988210,61140418,106128628,6,0,0,117760,13,4443938696
10587,44989800,61102925,106092725,1,0,0,36352,15,8508288358
10588,44997751,85885025,130882776,6,0,1,6144,13,6092647801
10589,44999710,61182163,106181873,9,0,0,16384,13,8872899672
10590,45001000,61023187,106024187,5,0,0,4096,13,3066396261
10591,45005780,60794319,105800099,1,0,0,3072,15,7751188148
10592,45016540,60884620,105901160,0,0,0,24064,2,1892785738
10593,45019410,85902064,130921474,8,0,1,32256,17,4035850
10594,45022370,61021194,106043564,6,0,0,30720,13,5049630394
10595,45024140,61462372,106486512,0,0,0,39936,2,1251385022
10596,45025721,85895776,130921497,1,0,1,512,15,3402753081
10597,45026490,61914664,106941154,6,0,0,33280,13,3217616363
10598,45028190,61232253,106260443,7,0,0,22016,4,3890846795
10599,45039380,61093194,106132574,1,0,0,7168,15,4065205778
10600,45042030,85906316,130948346,4,0,1,52224,16,9429126021
10601,45043721,85905701,130949422,1,0,1,13312,15,6993880634
10602,45051800,62032722,107084522,6,0,0,26624,13,7659273250
10603,45053440,61319502,106372942,6,0,0,57856,13,5217808373
10604,45059450,61134401,106193851,7,0,0,20992,4,171829114
10605,45073980,61056387,106130367,9,0,0,5632,13,7080724839
10606,45081580,61053513,106135093,6,0,0,8192,13,1498125243
10607,45089620,61096665,106186285,0,0,0,11264,2,1071121342
10608,45093291,85856477,130949768,1,0,1,512,15,584387684
10609,45095600,60965548,106061148,2,0,0,12288,12,5619905694
10610,45095850,61346502,106442352,7,0,0,56320,4,5391758250
10611,45096801,85858113,130954914,1,0,1,8192,15,9600317470
10612,45099510,61410239,106509749,5,0,0,24576,13,8878146104
10613,45102140,61215495,106317635,1,0,0,3072,15,1059111700
10614,45105940,61205565,106311505,4,0,0,17920,16,3196193585
10615,45122920,61256449,106379369,2,0,0,20992,12,6918980193
10616,45123401,85832391,130955792,6,0,1,1024,13,9896422067
10617,45124310,85892720,131017030,7,0,1,31744,4,3475505808
10618,45127220,61204562,106331782,6,0,0,4608,13,7473947928
10619,45132390,62009559,107141949,4,0,0,12288,16,7051579409
10620,45135120,86077989,131213109,4,0,1,140800,16,10478104381
10621,45142981,86099677,131242658,1,0,1,20480,15,6926016756
10622,45143320,61717180,106860500,6,0,0,21504,13,9827776192
10623,45144550,61172126,106316676,4,0,0,16896,16,872597509
10624,45146710,61500645,106647355,6,0,0,91648,13,442392253
10625,45154430,62126617,107281047,7,0,0,26112,4,1957282108
10626,45154760,61134391,106289151,5,0,0,19456,13,281079700
10627,45155980,86159027,131315007,8,0,1,43008,17,10723633589
10628,45158011,86192511,131350522,1,0,1,13824,15,10245146105
10629,45168310,62104758,107273068,4,0,0,77824,16,4089802373
10630,45173220,62209672,107382892,7,0,0,9216,4,4953082639
10631,45177400,62328138,107505538,7,0,0,17408,4,1244648703
10632,45179390,61541189,106720579,2,0,0,55296,12,3428035416
10633,45181260,61029601,106210861,2,0,0,11264,12,9945386422
10634,45181640,61397531,106579171,7,0,0,29184,4,5145202658
10635,45186920,61168363,106355283,2,0,0,17408,12,908410224
10636,45191900,61358784,106550684,0,0,0,16896,2,3856265373
10637,45193040,62523890,107716930,6,0,0,31744,13,8696165580
10638,45193910,61566178,106760088,6,0,0,8192,13,10131689200
10639,45201740,61138989,106340729,1,0,0,22528,15,5224988105
10640,45203400,61331851,106535251,2,0,0,18944,12,4269087131
10641,45212740,61111830,106324570,5,0,0,6144,13,8043490345
10642,45218730,61614642,106833372,1,0,0,20480,15,8151518116
10643,45229590,61496137,106725727,2,0,0,6656,12,4625945033
10644,45240920,61218209,106459129,3,0,0,1024,1,6134635409
10645,45246230,61704300,106950530,2,0,0,18432,12,4904039655
10646,45246910,61674997,106921907,7,0,0,13824,4,876050938
10647,45249970,62695897,107945867,1,0,0,72192,15,4801339135
10648,45259310,61978482,107237792,1,0,0,35328,15,10120288238
10649,45265490,61583753,106849243,0,0,0,51712,2,7278367917
10650,45279490,61277342,106556832,1,0,0,1024,15,1881647696
10651,45280320,61779932,107060252,9,0,0,54784,13,2926811117
10652,45283360,61532097,106815457,7,0,0,69632,4,2971447110
10653,45283720,61367870,106651590,1,0,0,13824,15,1336803767
10654,45284030,62403464,107687494,2,0,0,22528,12,8275842358
10655,45285230,61370626,106655856,7,0,0,13824,4,3677601895
10656,45291161,86074227,131365388,5,0,1,6144,13,3842766659
10657,45293580,61522524,106816104,4,0,0,2048,16,2880725486
10658,45302400,61584640,106887040,6,0,0,25600,13,2087048769
10659,45308620,61829554,107138174,7,0,0,57344,4,10186199415
10660,45310240,61590491,106900731,9,0,0,37376,13,9852062528
10661,45312461,86114688,131427149,1,0,1,19456,15,9978822937
10662,45313150,61444419,106757569,7,0,0,9216,4,3546350260
10663,45314921,86112251,131427172,6,0,1,8704,13,9305140969
10664,45321650,61549013,106870663,4,0,0,33280,16,7196981640
10665,45322310,61398627,106720937,4,0,0,1024,16,3035435391
10666,45322330,61584999,106907329,9,0,0,16896,13,3895472807
10667,45330620,62806489,108137109,7,0,0,37376,4,684344550
10668,45330890,62092788,107423678,6,0,0,34304,13,10531659717
10669,45338101,86089094,131427195,5,0,1,3584,13,6401974999
10670,45338630,61388368,106726998,6,0,0,4096,13,5492128886
10671,45341641,86085577,131427218,1,0,1,18432,15,5291015033
10672,45348000,61470506,106818506,7,0,0,7680,4,8378611364
10673,45376610,62184780,107561390,7,0,0,5120,4,6260200928
10674,45380800,61654833,107035633,6,0,0,8704,13,1014326077
10675,45383561,86458574,131842135,0,0,1,317952,2,3724108298
10676,45383820,61582631,106966451,7,0,0,9728,4,6205044630
10677,45386140,61706541,107092681,4,0,0,26624,16,852332910
10678,45387560,61586833,106974393,4,0,0,15872,16,10371398772
10679,45397041,86535052,131932093,0,0,1,54272,2,3597468293
10680,45403390,61703290,107106680,4,0,0,5120,16,9957490264
10681,45405160,61608493,107013653,5,0,0,12288,13,3276273326
10682,45405650,62959787,108365437,7,0,0,6656,4,7099207704
10683,45422881,86533285,131956166,6,0,1,16896,13,7425645214
10684,45431751,86525081,131956832,9,0,1,1024,13,2201951820
10685,45437460,61519177,106956637,6,0,0,19968,13,1115102868
10686,45461980,61455668,106917648,4,0,0,33792,16,4412455330
10687,45463890,61725426,107189316,5,0,0,17920,13,360429187
10688,45469860,86492118,131961978,0,0,1,8192,2,4167597811
10689,45483440,61545079,107028519,2,0,0,22528,12,5820543965
10690,45483500,61621574,107105074,5,0,0,25088,13,1042696855
10691,45487210,86664288,132151498,4,0,1,214016,16,1337579004
10692,45490570,61720208,107210778,2,0,0,1536,12,5762333618
10693,45497840,61599544,107097384,7,0,0,15360,4,9076209623
10694,45505299,86754422,132259721,4,0,1,88064,16,5864194601
10695,45517301,86751370,132268671,6,0,1,13312,13,7488314388
10696,45523310,61378848,106902158,4,0,0,4608,16,799233008
10697,45525840,61762094,107287934,5,0,0,22528,13,5825256543
10698,45528430,61413215,106941645,5,0,0,1536,13,9302248513
10699,45529360,61946278,107475638,4,0,0,43520,16,6217834197
10700,45540400,61628759,107169159,5,0,0,13824,13,4317513091
10701,45542400,62137165,107679565,7,0,0,17408,4,8887937760
10702,45543121,86761407,132304528,9,0,1,36864,13,2750096668
10703,45544680,61761887,107306567,2,0,0,15360,12,3943529898
10704,45545691,86760911,132306602,9,0,1,1024,13,3520883403
10705,45548730,61600580,107149310,8,0,0,8192,17,3717895399
10706,45555500,61780342,107335842,7,0,0,25600,4,3073598310
10707,45557120,61744744,107301864,0,0,0,45568,2,10305990823
10708,45557539,86751649,132309188,4,0,1,4096,16,9120698418
10709,45564990,61456642,107021632,2,0,0,26112,12,1682414121
10710,45568591,86855581,132424172,0,0,1,121344,2,108516065
10711,45569650,61595274,107164924,9,0,0,18944,13,2295407686
10712,45580440,61790920,107371360,5,0,0,8704,13,8660489877
10713,45582181,86842014,132424195,0,0,1,512,2,2466301517
10714,45583380,61821954,107405334,5,0,0,24576,13,1279514452
10715,45585930,86849098,132435028,0,0,1,3072,2,7041020816
10716,45586120,86869201,132455321,3,0,1,62976,1,5806225452
10717,45593620,87288465,132882085,3,0,1,454144,1,8983598991
10718,45594390,62218271,107812661,0,0,0,39424,2,1544038427
10719,45600830,62404484,108005314,6,0,0,8704,13,10055498287
10720,45603430,61706303,107309733,9,0,0,10240,13,242714205
10721,45603800,62064620,107668420,9,0,0,45056,13,7393137862
10722,45623640,87297251,132920891,2,0,1,52224,12,2903273618
10723,45625310,62201102,107826412,9,0,0,45056,13,9156103502
10724,45626050,87317575,132943625,0,0,1,23552,2,7755237419
10725,45628890,87337643,132966533,4,0,1,1536,16,4279054591
10726,45639900,63084189,108724089,5,0,0,51712,13,4709192355
10727,45644000,61724685,107368685,7,0,0,7168,4,3171899068
10728,45652690,87352953,133005643,3,0,1,62464,1,788474630
10729,45654630,61711848,107366478,0,0,0,41472,2,2906872218
10730,45655140,62042205,107697345,0,0,0,32256,2,5039290797
10731,45656090,87358306,133014396,2,0,1,10752,12,95211340
10732,45659330,62838707,108498037,6,0,0,24064,13,5382763237
10733,45660309,87354958,133015267,4,0,1,12288,16,6759466200
10734,45661301,87354685,133015986,6,0,1,512,13,6131467129
10735,45664770,61869078,107533848,4,0,0,6656,16,9339254649
10736,45668500,61957324,107625824,9,0,0,13824,13,5720517346
10737,45674320,62309304,107983624,2,0,0,26112,12,3720868241
10738,45677080,61773403,107450483,4,0,0,1536,16,1799736499
10739,45680980,61709654,107390634,6,0,0,1536,13,779114129
10740,45684760,62978931,108663691,6,0,0,66560,13,7684236275
10741,45703400,62036370,107739770,4,0,0,33792,16,664431357
10742,45704640,87317145,133021785,2,0,1,19456,12,9206378409
10743,45705580,62138038,107843618,4,0,0,50176,16,7733219808
10744,45709000,62264392,107973392,8,0,0,23040,17,8363771609
10745,45709500,62183759,107893259,2,0,0,55808,12,1248007166
10746,45715800,62059295,107775095,0,0,0,27136,2,3292282289
10747,45715990,87336982,133052972,4,0,1,22016,16,9235482746
10748,45718050,62141528,107859578,8,0,0,11776,17,135700042
10749,45718451,87360351,133078802,5,0,1,20480,13,10003402881
10750,45719460,87368904,133088364,2,0,1,5120,12,8842962052
10751,45727670,61817178,107544848,4,0,0,512,16,10682892368
10752,45731780,87356607,133088387,7,0,1,3584,4,1068832990
10753,45739809,87348601,133088410,4,0,1,7680,16,2199509633
10754,45740100,62366014,108106114,0,0,0,8192,2,5208969453
10755,45742930,61832842,107575772,3,0,0,11264,1,8350414922
10756,45745260,61776849,107522109,4,0,0,512,16,4712088020
10757,45752370,62340220,108092590,4,0,0,48128,16,3690237309
10758,45758270,62215769,107974039,6,0,0,2048,13,1876733942
10759,45766070,62493336,108259406,0,0,0,81408,2,1427532519
10760,45771600,62226484,107998084,0,0,0,47104,2,6996309338
10761,45776790,62067319,107844109,4,0,0,1536,16,1841184458
10762,45778289,87310152,133088441,4,0,1,12288,16,7864809944
10763,45787420,87317183,133104603,0,0,1,22528,2,6424178113
10764,45789660,61987954,107777614,7,0,0,8192,4,10629665813
10765,45791401,87313225,133104626,1,0,1,10752,15,8349429766
10766,45793180,61973624,107766804,4,0,0,17408,16,6798047473
10767,45797080,62437499,108234579,2,0,0,35840,12,7538241308
10768,45797490,62320377,108117867,6,0,0,2560,13,5815463394
10769,45798340,61963137,107761477,5,0,0,71168,13,7012727351
10770,45799680,62259832,108059512,7,0,0,2560,4,2932420856
10771,45800270,61871293,107671563,9,0,0,10240,13,6118032211
10772,45800650,62027657,107828307,0,0,0,6144,2,5291286554
10773,45804460,62297981,108102441,9,0,0,32256,13,275820435
10774,45804970,62591885,108396855,4,0,0,23040,16,1595020262
10775,45805780,62417856,108223636,2,0,0,78848,12,8905591863
10776,45813220,61861018,107674238,5,0,0,8704,13,9369100740
10777,45814070,62819779,108633849,6,0,0,28672,13,5516231692
10778,45817350,62143828,107961178,2,0,0,50176,12,9076905001
10779,45821290,62199855,108021145,8,0,0,3584,17,2616501603
10780,45821390,62295674,108117064,9,0,0,32256,13,6814255492
10781,45831010,87273639,133104649,7,0,1,2560,4,6261459401
10782,45831340,62921505,108752845,4,0,0,17920,16,9392888083
10783,45831820,62526083,108357903,7,0,0,36352,4,1209148097
10784,45833460,62856000,108689460,0,0,0,36864,2,4325942276
10785,45835461,87269211,133104672,1,0,1,11264,15,9771767108
10786,45845010,62121339,107966349,8,0,0,16896,17,8582096729
10787,45860660,62662620,108523280,3,0,0,24576,1,4080745562
10788,45861770,62418632,108280402,4,0,0,30208,16,1380456426
10789,45861960,62402952,108264912,4,0,0,16896,16,9826665547
10790,45870599,87234096,133104695,4,0,1,1024,16,1202378643
10791,45873040,62102582,107975622,4,0,0,5120,16,747415876
10792,45874740,87274840,133149580,2,0,1,7168,12,10191182575
10793,45874760,62429410,108304170,4,0,0,7680,16,8848394324
10794,45895910,62116325,108012235,7,0,0,7168,4,10174592910
10795,45901450,62255985,108157435,5,0,0,2560,13,5557572999
10796,45903281,87249845,133153126,6,0,1,5632,13,2951636956
10797,45918340,62084291,108002631,9,0,0,14848,13,5351733126
10798,45927880,62503505,108431385,6,0,0,9216,13,6451123955
10799,45928510,62331231,108259741,9,0,0,1024,13,7145150101
10800,45930160,62559563,108489723,9,0,0,28160,13,8471878377
10801,45945741,87208256,133153997,6,0,1,12288,13,6868022148
10802,45947900,62465980,108413880,6,0,0,8704,13,7379540085
10803,45950720,62069310,108020030,7,0,0,16896,4,1234922311
10804,45955990,62377988,108333978,6,0,0,9728,13,1444184423
10805,45973370,62090494,108063864,8,0,0,13824,17,6300565599
10806,45974430,62151260,108125690,2,0,0,25600,12,9377341258
10807,45984930,62286245,108271175,6,0,0,20480,13,5804851887
10808,45987140,62352348,108339488,5,0,0,512,13,2481493554
10809,45992550,62163677,108156227,4,0,0,12288,16,8304922404
10810,45993061,87164482,133157543,9,0,1,5632,13,10379668930
10811,45996110,62579567,108575677,5,0,0,28672,13,2836788355
10812,46000450,62480035,108480485,7,0,0,19456,4,6697112714
10813,46001180,87160869,133162049,0,0,1,7168,2,4644660624
10814,46002410,62488272,108490682,0,0,0,3072,2,4987464317
10815,46002700,62360686,108363386,5,0,0,17920,13,7546944099
10816,46009070,62434188,108443258,8,0,0,12288,17,299486503
10817,46011600,62735754,108747354,1,0,0,25600,15,1864519245
10818,46012800,62720273,108733073,6,0,0,27136,13,8848045930
10819,46017190,62626198,108643388,0,0,0,31232,2,1261916222
10820,46025460,62599630,108625090,7,0,0,70144,4,8033314434
10821,46049080,87128229,133177309,2,0,1,17920,12,1097933870
10822,46051550,62456377,108507927,2,0,0,12288,12,2184364792
10823,46055180,62369189,108424369,8,0,0,8192,17,2140498803
10824,46058460,87152065,133210525,4,0,1,5632,16,545268801
10825,46059940,63752613,109812553,4,0,0,23040,16,395463769
10826,46074490,63390660,109465150,0,0,0,68096,2,2744146265
10827,46080060,62884880,108964940,0,0,0,36352,2,10667057230
10828,46095530,62612696,108708226,2,0,0,28160,12,8179717426
10829,46096591,87115880,133212471,1,0,1,3072,15,5108984188
10830,46097480,62867795,108965275,4,0,0,1024,16,5552226696
10831,46105321,87107816,133213137,6,0,1,1024,13,8004339204
10832,46106880,62446781,108553661,9,0,0,98304,13,10568042529
10833,46112271,87103772,133216043,5,0,1,4608,13,9119623090
10834,46115080,87102589,133217669,0,0,1,2560,2,8374444912
10835,46121860,63542581,109664441,4,0,0,14848,16,6505123661
10836,46129220,62609960,108739180,5,0,0,19968,13,4737243623
10837,46129870,63603677,109733547,2,0,0,65536,12,6711316199
10838,46131210,62300751,108431961,8,0,0,1024,17,8081649885
10839,46132110,62447646,108579756,0,0,0,13312,2,6299291786
10840,46133790,62335718,108469508,0,0,0,1536,2,4396234028
10841,46135530,62699617,108835147,7,0,0,512,4,4607593548
10842,46136990,62280813,108417803,7,0,0,12800,4,7991207040
10843,46151600,87146669,133298269,3,0,1,100352,1,5487636863
10844,46152120,62130333,108282453,5,0,0,6656,13,4796682441
10845,46156230,62726107,108882337,7,0,0,28160,4,2843877968
10846,46159010,62700853,108859863,5,0,0,60416,13,3133654525
10847,46160520,62874253,109034773,9,0,0,14336,13,2003361597
10848,46163760,62901500,109065260,4,0,0,23040,16,6605038581
10849,46165070,63748682,109913752,4,0,0,12288,16,9173128301
10850,46168090,63068689,109236779,0,0,0,1024,2,4730927871
10851,46172100,62506097,108678197,6,0,0,26112,13,10125540379
10852,46175080,87180065,133355145,3,0,1,77312,1,5196282765
10853,46177430,62641963,108819393,0,0,0,76800,2,7778941340
10854,46180220,63001049,109181269,9,0,0,24064,13,8603990041
10855,46189760,62534976,108724736,7,0,0,2048,4,3522010153
10856,46189910,62904311,109094221,8,0,0,7680,17,2751026774
10857,46208680,62490943,108699623,9,0,0,33280,13,2853160845
10858,46212170,62800542,109012712,9,0,0,2048,13,4079365659
10859,46217570,87138139,133355709,4,0,1,10752,16,2524836649
10860,46231860,63264091,109495951,2,0,0,22528,12,8613336321
10861,46232620,62859238,109091858,8,0,0,38400,17,10274574412
10862,46239030,62430978,108670008,9,0,0,20480,13,1356923269
10863,46241260,62670763,108912023,9,0,0,32768,13,8036215719
10864,46242240,62858735,109100975,4,0,0,17920,16,2044123952
10865,46247240,63689481,109936721,0,0,0,14848,2,330452086
10866,46261540,87136162,133397702,0,0,1,10752,2,5670579298
10867,46266360,62897592,109163952,0,0,0,10752,2,1343673650
10868,46267810,62471705,108739515,8,0,0,1024,17,8230408416
10869,46268450,62935226,109203676,6,0,0,14848,13,7924824158
10870,46271580,87133850,133405430,0,0,1,2560,2,367471313
10871,46273290,62848730,109122020,4,0,0,10240,16,2516651117
10872,46279250,62516720,108795970,0,0,0,14336,2,2331255704
10873,46285150,62385037,108670187,4,0,0,512,16,1301052067
10874,46285500,63374394,109659894,4,0,0,91136,16,8078092523
10875,46286980,62725085,109012065,4,0,0,14336,16,9265867722
10876,46290820,62649129,108939949,0,0,0,3584,2,10568656548
10877,46294430,63693945,109988375,6,0,0,16896,13,7854470982
10878,46309640,62511180,108820820,7,0,0,4608,4,8158803163
10879,46311260,62746957,109058217,0,0,0,29696,2,5730880191
10880,46324600,62573805,108898405,0,0,0,20480,2,3618973743
10881,46334530,62567486,108902016,6,0,0,11776,13,8345383691
10882,46338860,63772063,110110923,6,0,0,68096,13,7945691994
10883,46339930,62797091,109137021,5,0,0,18944,13,1172532958
10884,46345221,87061248,133406469,6,0,1,9216,13,10447301055
10885,46349870,62881247,109231117,4,0,0,41472,16,5540872257
10886,46353110,62807543,109160653,0,0,0,16896,2,689389382
10887,46354141,87139929,133494070,1,0,1,31232,15,9797276063
10888,46362881,87131212,133494093,6,0,1,8192,13,7959898599
10889,46365390,87185789,133551179,0,0,1,4096,2,7019391817
10890,46379250,62892771,109272021,7,0,0,78848,4,8813433212
10891,46384230,62931481,109315711,7,0,0,91136,4,1568776893
10892,46385890,62800238,109186128,0,0,0,15872,2,5909098206
10893,46386480,62966175,109352655,5,0,0,70144,13,10386296515
10894,46394050,62605192,108999242,6,0,0,6656,13,4736725635
10895,46396280,62880132,109276412,0,0,0,14336,2,537072253
10896,46397100,62706706,109103806,7,0,0,9216,4,1960575710
10897,46406230,63145898,109552128,5,0,0,4608,13,805676505
10898,46406939,87145226,133552165,4,0,1,1536,16,970610676
10899,46406960,63345844,109752804,9,0,0,20480,13,10688906771
10900,46409740,87146291,133556031,2,0,1,6144,12,3890928015
10901,46410020,62867351,109277371,6,0,0,3072,13,8337782498
10902,46411680,62683812,109095492,0,0,0,4096,2,2087388303
10903,46418670,63260154,109678824,6,0,0,47104,13,3793928764
10904,46420671,87181407,133602078,5,0,1,8192,13,4034159062
10905,46421180,87297324,133718504,3,0,1,85504,1,1853817943
10906,46421350,63067714,109489064,0,0,0,44032,2,1869159952
10907,46424640,62811804,109236444,7,0,0,17408,4,8921040902
10908,46425890,63206213,109632103,5,0,0,56320,13,8389255694
10909,46432750,62710391,109143141,2,0,0,13824,12,5805606375
10910,46432910,87393407,133826317,7,0,1,10752,4,5896128048
10911,46434750,63244721,109679471,6,0,0,2048,13,2436316486
10912,46440670,62913100,109353770,2,0,0,3584,12,9413620225
10913,46441170,63410293,109851463,8,0,0,39424,17,10024292805
10914,46450150,63050348,109500498,0,0,0,14848,2,6493093984
10915,46464911,87362072,133826983,9,0,1,1024,13,5868989679
10916,46466080,63392536,109858616,0,0,0,19968,2,5153393188
10917,46469510,62816629,109286139,6,0,0,14336,13,7511142769
10918,46473590,63002035,109475625,7,0,0,34304,4,10488720613
10919,46474920,87652225,134127145,3,0,1,172032,1,4794165163
10920,46479790,63439289,109919079,7,0,0,17408,4,10477578707
10921,46497781,87629387,134127168,6,0,1,5120,13,1604800502
10922,46510619,87630810,134141429,4,0,1,1536,16,9511867630
10923,46510701,87631394,134142095,1,0,1,1024,15,6729754524
10924,46517960,62836613,109354573,9,0,0,2560,13,8878078355
10925,46526039,87618311,134144350,7,0,1,3072,4,1151429557
10926,46527030,87617357,134144387,4,0,1,512,16,2040929383
10927,46529030,62827438,109356468,7,0,0,6144,4,2134181979
10928,46529331,87622634,134151965,9,0,1,18944,13,6556860070
10929,46532560,63235114,109767674,8,0,0,25088,17,7618182432
10930,46539000,62654967,109193967,8,0,0,3072,17,5278114072
10931,46544690,62843278,109387968,7,0,0,2048,4,7906299808
10932,46547950,63576108,110124058,7,0,0,43008,4,8303556787
10933,46554200,62978627,109532827,0,0,0,60416,2,6715416038
10934,46555040,63179154,109734194,4,0,0,2048,16,1263855914
10935,46559371,87676678,134236049,6,0,1,19968,13,9894180579
10936,46562750,62854676,109417426,5,0,0,14848,13,8330148516
10937,46590880,63302858,109893738,1,0,0,59392,15,6140616393
10938,46595600,63647321,110242921,8,0,0,50176,17,5650116273
10939,46600570,62954921,109555491,8,0,0,7680,17,5894296786
10940,46607050,63168267,109775317,2,0,0,17920,12,6568063767
10941,46609220,62813790,109423010,1,0,0,5632,15,4726768263
10942,46609911,87626169,134236080,5,0,1,1024,13,5525794495
10943,46611320,87658756,134270076,3,0,1,39424,1,2749963206
10944,46612430,62938271,109550701,7,0,0,32256,4,3029121027
10945,46616270,63776490,110392760,7,0,0,71168,4,4265302675
10946,46619900,62915290,109535190,8,0,0,7680,17,7470192722
10947,46621720,63468432,110090152,6,0,0,58368,13,9800593379
10948,46624309,87690132,134314441,7,0,1,2048,4,8542830463
10949,46627560,63323436,109950996,8,0,0,1024,17,10261124640
10950,46636770,63377599,110014369,0,0,0,19456,2,4375335476
10951,46641540,63518774,110160314,4,0,0,25600,16,440115207
10952,46643240,62862117,109505357,8,0,0,15872,17,5968279931
10953,46644050,63051067,109695117,4,0,0,47616,16,4414982047
10954,46645910,63159600,109805510,4,0,0,52736,16,3755470530
10955,46654270,63185158,109839428,8,0,0,22528,17,7459555645
10956,46657690,63088851,109746541,8,0,0,40448,17,3193539523
10957,46671170,62919704,109590874,4,0,0,7168,16,8969135553
10958,46671700,63647749,110319449,8,0,0,41472,17,7501944691
10959,46673490,87826018,134499508,3,0,1,88064,1,5649271495
10960,46680460,63033088,109713548,4,0,0,60416,16,2014092358
10961,46690461,87819821,134510282,9,0,1,1536,13,1130186801
10962,46701070,63556918,110257988,9,0,0,47616,13,3395147035
10963,46707141,87804064,134511205,9,0,1,4608,13,1277791350
10964,46712110,63885369,110597479,7,0,0,5632,4,6695648218
10965,46717240,62878893,109596133,9,0,0,16384,13,8669679750
10966,46718040,62962546,109680586,9,0,0,3584,13,8204549728
10967,46720750,63241969,109962719,8,0,0,38400,17,7111567540
10968,46721460,63416661,110138121,4,0,0,46080,16,9624333883
10969,46724640,63844007,110568647,4,0,0,34816,16,404071629
10970,46725450,63196772,109922222,4,0,0,10240,16,321324606
10971,46729150,63146469,109875619,5,0,0,4608,13,9743078327
10972,46734921,87776950,134511871,1,0,1,11264,15,9788097869
10973,46735221,87791617,134526838,6,0,1,2560,13,2579122955
10974,46741621,87785883,134527504,9,0,1,1024,13,5982088608
10975,46742290,63660999,110403289,2,0,0,25600,12,877982152
10976,46742691,87785799,134528490,9,0,1,1536,13,5540941921
10977,46745310,63164675,109909985,8,0,0,53248,17,7306842521
10978,46747030,63681764,110428794,9,0,0,1024,13,1518052449
10979,46752310,87779086,134531396,3,0,1,4608,1,8146575195
10980,46755390,63211058,109966448,6,0,0,5120,13,6348477919
10981,46758330,63192331,109950661,9,0,0,21504,13,10525382683
10982,46760151,87772231,134532382,1,0,1,1536,15,10594224075
10983,46761360,63669017,110430377,0,0,0,5120,2,629008448
10984,46765810,63513129,110278939,5,0,0,41984,13,6509646121
10985,46765820,63174270,109940090,0,0,0,8704,2,3970205828
10986,46767320,63744992,110512312,9,0,0,5632,13,1645800536
10987,46767720,63176321,109944041,2,0,0,3584,12,6813624416
10988,46768830,63239588,110008418,7,0,0,5632,4,2687497451
10989,46776690,64051516,110828206,2,0,0,66048,12,9600891048
10990,46776840,63250127,110026967,6,0,0,13312,13,2448651388
10991,46777770,63813941,110591711,4,0,0,4096,16,9013388405
10992,46778100,63442327,110220427,8,0,0,11264,17,1140926797
10993,46778860,64191043,110969903,5,0,0,23552,13,3228329433
10994,46779450,63644454,110423904,4,0,0,67584,16,3031043248
10995,46788721,87744327,134533048,6,0,1,1024,13,3990544530
10996,46791830,63280515,110072345,2,0,0,19968,12,2505511527
10997,46793041,87755716,134548757,9,0,1,7680,13,5307440883
10998,46798240,63572813,110371053,0,0,0,77312,2,1570532680
10999,46803110,63409090,110212200,5,0,0,4096,13,307427746
11000,46812960,63795488,110608448,7,0,0,8704,4,10706019627
11001,46821130,64068362,110889492,0,0,0,7168,2,2205798885
11002,46823030,63420070,110243100,2,0,0,512,12,10389480118
11003,46828960,64448649,111277609,4,0,0,16896,16,3450018254
11004,46833660,63513635,110347295,1,0,0,52736,15,1033918303
11005,46833920,63724096,110558016,3,0,0,55296,1,4538945320
11006,46836800,63628605,110465405,9,0,0,76288,13,7485356674
11007,46837700,63746620,110584320,0,0,0,30720,2,1202941907
11008,46839250,87710583,134549833,7,0,1,13312,4,2958368055
11009,46841420,63354238,110195658,8,0,0,16896,17,7695227310
11010,46845320,63636488,110481808,6,0,0,53760,13,3497561029
11011,46846860,63951895,110798755,8,0,0,3584,17,3449940710
11012,46855990,64599717,111455707,6,0,0,23552,13,2058578409
11013,46858800,63755287,110614087,2,0,0,9728,12,8317221331
11014,46860480,63578976,110439456,4,0,0,29696,16,3516520047
11015,46862220,64701464,111563684,0,0,0,21504,2,8184638714
11016,46877910,64460678,111338588,5,0,0,20992,13,5260605157
11017,46879111,87714366,134593477,5,0,1,18432,13,7881205231
11018,46882070,64886298,111768368,7,0,0,25600,4,12896497
11019,46887290,63460184,110347474,1,0,0,512,15,608068014
11020,46891751,87709994,134601745,5,0,1,7168,13,3396893300
11021,46892600,87711731,134604331,0,0,1,4096,2,1779232016
11022,46894980,63546371,110441351,5,0,0,6144,13,3246640781
11023,46896771,87736886,134633657,6,0,1,13824,13,228065659
11024,46896870,63531589,110428459,1,0,0,14848,15,7406916177
11025,46898090,63496877,110394967,6,0,0,7168,13,112262773
11026,46900800,63640345,110541145,5,0,0,22016,13,3062656810
11027,46906590,63988073,110894663,2,0,0,16896,12,2041067204
11028,46907560,63603013,110510573,1,0,0,36352,15,2571511897
11029,46909790,64089989,110999779,7,0,0,46080,4,4329285621
11030,46917391,87792113,134709504,6,0,1,27648,13,8227047864
11031,46918950,64021716,110940666,0,0,0,512,2,1330609449
11032,46918980,63476478,110395458,1,0,0,1536,15,649968298
11033,46925520,63709040,110634560,6,0,0,8704,13,6302498887
11034,46929140,63866567,110795707,8,0,0,54784,17,2710528623
11035,46944840,63942445,110887285,0,0,0,106496,2,2330671343
11036,46945200,63903907,110849107,3,0,0,16384,1,8084193357
11037,46946420,63642759,110589179,0,0,0,15872,2,7120103873
11038,46947220,87949528,134896748,4,0,1,29184,16,7613307927
11039,46948660,63708208,110656868,8,0,0,16384,17,3411995474
11040,46950190,63764043,110714233,9,0,0,15360,13,5051247767
11041,46962751,87962979,134925730,9,0,1,8704,13,7775474326
11042,46963310,64268837,111232147,4,0,0,61440,16,3553815150
11043,46964050,64057240,111021290,7,0,0,9728,4,3869675391
11044,46970291,87955462,134925753,1,0,1,5120,15,2895483051
11045,46973490,64192039,111165529,7,0,0,74752,4,3013901012
11046,46977080,63857233,110834313,1,0,0,19968,15,2872471590
11047,46978100,63788356,110766456,8,0,0,9728,17,5366571535
11048,46982020,63962413,110944433,5,0,0,12288,13,8198334192
11049,46984690,63757305,110741995,6,0,0,18944,13,8749587176
11050,46985120,64027625,111012745,3,0,0,2048,1,845126261
11051,46985490,88025984,135011474,7,0,1,1024,4,7082702285
11052,46989050,63951102,110940152,0,0,0,76800,2,10726714144
11053,46991170,64761750,111752920,9,0,0,19456,13,8046067920
11054,46996850,63765573,110762423,8,0,0,9728,17,9075998910
11055,46999900,64096079,111095979,0,0,0,41472,2,1450442263
11056,47002100,63848746,110850846,2,0,0,5632,12,8308964223
11057,47006851,88008169,135015020,5,0,1,5632,13,2219003007
11058,47011550,63824502,110836052,3,0,0,5632,1,6255977973
11059,47013131,88003195,135016326,5,0,1,2048,13,6615726345
11060,47014490,63936252,110950742,9,0,0,16896,13,7792691072
11061,47017750,88003847,135021597,4,0,1,5120,16,1541733700
11062,47029550,64019305,111048855,8,0,0,48128,17,7875387134
11063,47029590,64183814,111213404,1,0,0,46080,15,4924455754
11064,47040720,63939330,110980050,6,0,0,5120,13,10063772436
11065,47046270,63932197,110978467,8,0,0,21504,17,583623636
11066,47047260,63898288,110945548,0,0,0,3584,2,79036321
11067,47047510,64031650,111079160,2,0,0,51200,12,2344887208
11068,47048240,64219032,111267272,3,0,0,16384,1,6570674675
11069,47055870,63884617,110940487,7,0,0,1024,4,5458484399
11070,47061240,64947738,112008978,6,0,0,44544,13,9337887894
11071,47062260,64333364,111395624,8,0,0,31744,17,1474819870
11072,47062300,64199957,111262257,2,0,0,51712,12,9394845184
11073,47075090,64005722,111080812,2,0,0,5120,12,6536792423
11074,47075300,64246449,111321749,4,0,0,24576,16,5459244006
11075,47075760,64229028,111304788,4,0,0,7680,16,7422300729
11076,47077620,64090116,111167736,6,0,0,7168,13,10094347366
11077,47079670,64630038,111709708,2,0,0,8704,12,5368685040
11078,47085410,64565427,111650837,7,0,0,5120,4,2902914283
11079,47085660,64813790,111899450,3,0,0,96768,1,10086487490
11080,47086110,64228128,111314238,6,0,0,27648,13,2669345937
11081,47087030,64481981,111569011,8,0,0,17408,17,69823395
11082,47094040,64302699,111396739,8,0,0,3584,17,8053940657
11083,47095290,64199348,111294638,5,0,0,24064,13,5679260171
11084,47100971,88028476,135129447,9,0,1,1536,13,1929572175
11085,47111510,65030405,112141915,1,0,0,37888,15,3404937708
11086,47112750,88053333,135166083,0,0,1,20480,2,8301264912
11087,47117431,88122288,135239719,5,0,1,512,13,9833313920
11088,47132940,64315568,111448508,2,0,0,51200,12,10386173598
11089,47139080,64436974,111576054,5,0,0,23040,13,3355935366
11090,47140250,64905403,112045653,1,0,0,56832,15,462786688
11091,47156170,64466805,111622975,3,0,0,52224,1,596135389
11092,47157360,64299150,111456510,3,0,0,2560,1,10698295909
11093,47159190,64854693,112013883,1,0,0,12288,15,4445108994
11094,47161340,64519366,111680706,5,0,0,19968,13,5538420904
11095,47161790,64263318,111425108,0,0,0,7680,2,2129474137
11096,47162940,64415656,111578596,3,0,0,5632,1,1990960149
11097,47165400,64246352,111411752,9,0,0,9216,13,4942327150
11098,47179310,64642161,111821471,5,0,0,10240,13,2543314128
11099,47180650,64802161,111982811,7,0,0,66048,4,2072462446
11100,47183360,64995831,112179191,7,0,0,4096,4,4038356733
11101,47185681,88058544,135244225,1,0,1,7168,15,2834007725
11102,47187000,64058054,111245054,7,0,0,7680,4,9536377440
11103,47188290,64233840,111422130,8,0,0,20480,17,9806367366
11104,47193140,64289513,111482653,8,0,0,18432,17,3312962401
11105,47194440,64454814,111649254,1,0,0,27648,15,4849897325
11106,47194891,88054621,135249512,1,0,1,16896,15,5699576630
11107,47198720,64285590,111484310,3,0,0,4096,1,3769849879
11108,47198810,64298639,111497449,7,0,0,13312,4,10715581496
11109,47204930,88194582,135399512,0,0,1,2560,2,3113970870
11110,47212340,64334645,111546985,0,0,0,35840,2,5552504452
11111,47214710,64690870,111905580,0,0,0,19968,2,10310198636
11112,47216520,88273187,135489707,3,0,1,40448,1,6313295073
11113,47221880,64271490,111493370,1,0,0,13824,15,5735610971
11114,47222150,64254864,111477014,5,0,0,20480,13,6650824971
11115,47223920,64738720,111962640,9,0,0,7680,13,8857532854
11116,47224300,64328529,111552829,0,0,0,4608,2,1472197317
11117,47225730,64944367,112170097,6,0,0,13312,13,3726585039
11118,47226880,64455721,111682601,5,0,0,6144,13,5308366709
11119,47229340,64708867,111938207,1,0,0,107008,15,2305525638
11120,47229420,64347437,111576857,2,0,0,2560,12,6329194790
11121,47234120,64430042,111664162,7,0,0,30720,4,5717902992
11122,47241850,88248203,135490053,2,0,1,512,12,10242217290
11123,47242500,64774838,112017338,6,0,0,11264,13,1869058715
11124,47244880,64713190,111958070,7,0,0,28672,4,6260156304
11125,47246730,64533597,111780327,9,0,0,31744,13,8687101698
11126,47249400,64979023,112228423,4,0,0,62464,16,3394582642
11127,47249860,64768678,112018538,1,0,0,3584,15,4059183058
11128,47253510,64741873,111995383,4,0,0,5632,16,1091205566
11129,47254830,64923090,112177920,3,0,0,25600,1,2318601876
11130,47255840,64530692,111786532,2,0,0,13824,12,9955022309
11131,47259740,64733904,111993644,6,0,0,35328,13,988499296
11132,47263630,64824008,112087638,7,0,0,7168,4,4497522630
11133,47264330,64684866,111949196,7,0,0,28160,4,6593719564
11134,47264680,64995355,112260035,6,0,0,17408,13,9922815181
11135,47272871,88244440,135517311,9,0,1,13824,13,41208743
11136,47280650,64589250,111869900,7,0,0,11776,4,9834456902
11137,47282610,64992767,112275377,2,0,0,47104,12,3328580251
11138,47283050,64568626,111851676,6,0,0,512,13,422927415
11139,47287750,64672527,111960277,8,0,0,7168,17,1207722083
11140,47298850,64985800,112284650,3,0,0,6656,1,4479713045
11141,47299110,65052468,112351578,8,0,0,11264,17,4793571084
11142,47299260,64535250,111834510,9,0,0,15872,13,6143616260
11143,47299750,88262853,135562603,0,0,1,6656,2,6350220563
11144,47303890,64636703,111940593,5,0,0,7680,13,10545771595
11145,47317380,64692713,112010093,0,0,0,3584,2,4408280791
11146,47327651,88234975,135562626,6,0,1,2560,13,6673333025
11147,47329501,88244715,135574216,6,0,1,25088,13,142353211
11148,47333590,64921118,112254708,7,0,0,58880,4,3838313308
11149,47336741,88299196,135635937,9,0,1,3072,13,1853650804
11150,47338940,88297020,135635960,3,0,1,3072,1,7501712587
11151,47340231,88295752,135635983,6,0,1,11264,13,2985266625
11152,47340660,65059057,112399717,6,0,0,28672,13,2590465739
11153,47347150,65095874,112443024,5,0,0,48128,13,25951495
11154,47350190,65346815,112697005,6,0,0,63488,13,1736699040
11155,47351180,64677134,112028314,2,0,0,6144,12,6777394479
11156,47353950,64882787,112236737,0,0,0,27136,2,10327480107
11157,47354990,65404735,112759725,5,0,0,6144,13,2217951935
11158,47356970,65750681,113107651,5,0,0,3072,13,8195197190
11159,47359920,65673223,113033143,0,0,0,62464,2,557429972
11160,47361731,88274275,135636006,9,0,1,512,13,3716099556
11161,47367140,65038403,112405543,1,0,0,14848,15,10131036917
11162,47367710,65122490,112490200,5,0,0,3584,13,8667693590
11163,47368961,88267068,135636029,1,0,1,9728,15,10235383543
11164,47370960,64890034,112260994,8,0,0,3072,17,7482568287
11165,47371850,88316445,135688295,2,0,1,5632,12,2088706435
11166,47374110,64755886,112129996,5,0,0,17408,13,4880204119
11167,47375710,65100570,112476280,7,0,0,16384,4,9191574163
11168,47380210,64814424,112194634,4,0,0,17920,16,5207288200
11169,47384400,65870543,113254943,0,0,0,32256,2,5068372609
11170,47389370,65099715,112489085,1,0,0,25600,15,10558308034
11171,47390320,65241375,112631695,0,0,0,15360,2,5844430310
11172,47391900,64986922,112378822,3,0,0,40448,1,168418936
11173,47398170,65705489,113103659,6,0,0,82432,13,9855433770
11174,47399080,88289573,135688653,0,0,1,5120,2,2789795992
11175,47400910,88287766,135688676,3,0,1,7680,1,5901821789
11176,47404480,65061329,112465809,5,0,0,16384,13,3660326781
11177,47407000,65036203,112443203,7,0,0,512,4,4031968586
11178,47420450,65549955,112970405,8,0,0,39424,17,9271624859
11179,47425000,64864494,112289494,0,0,0,13824,2,4951706934
11180,47432250,65385067,112817317,1,0,0,66048,15,672282911
11181,47438910,64843689,112282599,6,0,0,23552,13,10333271016
11182,47440880,64966780,112407660,1,0,0,512,15,6696906185
11183,47447220,88260588,135707808,2,0,1,512,12,4182344280
11184,47463120,65650649,113113769,8,0,0,3584,17,3126771114
11185,47467050,65371061,112838111,7,0,0,41472,4,2397000063
11186,47467220,88251086,135718306,0,0,1,17408,2,3743458584
11187,47469781,88248548,135718329,1,0,1,8192,15,5016825161
11188,47474560,64942541,112417101,5,0,0,12800,13,6832779418
11189,47476120,88289528,135765648,4,0,1,6656,16,3975379630
11190,47476720,65376599,112853319,2,0,0,9728,12,10180133570
11191,47478170,65347282,112825452,0,0,0,26624,2,5317237354
11192,47481300,65516642,112997942,2,0,0,20992,12,5991543752
11193,47486890,65725813,113212703,8,0,0,41984,17,5239748321
11194,47487820,64876653,112364473,9,0,0,5120,13,4245249639
11195,47490140,64910848,112400988,9,0,0,4096,13,483460200
11196,47492420,65404921,112897341,6,0,0,67072,13,7115547163
11197,47499750,65559156,113058906,5,0,0,84480,13,2903021102
11198,47501160,64980102,112481262,0,0,0,6144,2,5702173203
11199,47508330,64790790,112299120,7,0,0,1536,4,7252503040
11200,47511810,65213066,112724876,0,0,0,9216,2,9184575316
11201,47515550,65058815,112574365,6,0,0,14848,13,8279175882
11202,47518320,65189081,112707401,4,0,0,19968,16,8389294197
11203,47521770,88243901,135765671,7,0,1,2560,4,734103703
11204,47524420,65176508,112700928,9,0,0,12800,13,6915368428
11205,47529271,88236423,135765694,5,0,1,1536,13,8156515402
11206,47547810,65812948,113360758,5,0,0,27136,13,2165082610
11207,47550780,65592981,113143761,4,0,0,16896,16,5151679411
11208,47556420,65198149,112754569,9,0,0,39424,13,4745839022
11209,47557620,65161052,112718672,0,0,0,29184,2,3071197966
11210,47557740,65847141,113404881,3,0,0,12800,1,4143395796
11211,47567220,88198497,135765717,3,0,1,2560,1,2133940848
11212,47567320,65708320,113275640,7,0,0,51200,4,8950510404
11213,47572110,65105528,112677638,2,0,0,42496,12,7164215065
11214,47581530,65618358,113199888,5,0,0,16896,13,5282763041
11215,47585830,64978124,112563954,2,0,0,3072,12,8732925435
11216,47588600,65054454,112643054,0,0,0,4608,2,10735097710
11217,47596071,88169669,135765740,5,0,1,7680,13,8082474120
11218,47596360,65359890,112956250,1,0,0,15360,15,8667866417
11219,47600200,65129999,112730199,0,0,0,3584,2,1206838679
11220,47603140,88178280,135781420,4,0,1,10752,16,1619373
11221,47611260,65563279,113174539,6,0,0,92160,13,7714797207
11222,47612490,65952909,113565399,5,0,0,28672,13,5563519634
11223,47614520,65881412,113495932,5,0,0,26624,13,8641492136
11224,47622930,88171256,135794186,3,0,1,13312,1,9837234999
11225,47629610,65997942,113627552,6,0,0,83968,13,9500481643
11226,47632560,65562157,113194717,8,0,0,42496,17,6139964150
11227,47635210,65066053,112701263,4,0,0,1024,16,971528230
11228,47639300,88155552,135794852,0,0,1,1024,2,8306228105
11229,47640290,88158108,135798398,7,0,1,5632,4,364347874
11230,47641400,88269007,135910407,4,0,1,12288,16,1390585008
11231,47643920,65685862,113329782,9,0,0,92160,13,9654727308
11232,47644950,66176753,113821703,3,0,0,30208,1,6690264011
11233,47646340,65730993,113377333,4,0,0,9728,16,6656068311
11234,47646690,65344833,112991523,8,0,0,32256,17,2638585721
11235,47647840,65908800,113556640,5,0,0,99840,13,6316171460
11236,47650410,65692678,113343088,8,0,0,43520,17,1441099500
11237,47651710,65346411,112998121,4,0,0,512,16,4321980521
11238,47659280,65487156,113146436,7,0,0,8704,4,1927650372
11239,47661770,65922551,113584321,5,0,0,40960,13,3437360099
11240,47662270,65444422,113106692,1,0,0,9728,15,6279164143
11241,47663930,65637749,113301679,3,0,0,65024,1,6059709138
11242,47667830,88410113,136077943,0,0,1,512,2,10184921366
11243,47673070,88404896,136077966,3,0,1,5120,1,2065435326
11244,47679820,65577174,113256994,6,0,0,6656,13,5658172686
11245,47689110,88388887,136077997,0,0,1,1024,2,3654184095
11246,47690780,65249717,112940497,3,0,0,7168,1,3001384680
11247,47697781,88383438,136081219,1,0,1,5120,15,1920075718
11248,47700971,88397139,136098110,5,0,1,19968,13,10193697553
11249,47702170,65479576,113181746,8,0,0,23552,17,9992867717
11250,47703240,65520616,113223856,3,0,0,36352,1,9269439050
11251,47704270,65760237,113464507,6,0,0,52736,13,5955806619
11252,47707900,65521283,113229183,7,0,0,17408,4,8973502772
11253,47722920,65925894,113648814,8,0,0,52736,17,353337278
11254,47725250,66126060,113851310,9,0,0,21504,13,7311567075
11255,47725530,65706085,113431615,9,0,0,39936,13,3633816578
11256,47726910,65669501,113396411,4,0,0,49152,16,3261012529
11257,47727620,66039100,113766720,0,0,0,14336,2,10132250027
11258,47748260,65906349,113654609,9,0,0,18944,13,8096735995
11259,47749360,65958519,113707879,7,0,0,52736,4,649785263
11260,47751280,65630132,113381412,7,0,0,13312,4,5626386870
11261,47751970,66246971,113998941,9,0,0,12288,13,286943383
11262,47752710,66108901,113861611,5,0,0,512,13,6231378147
11263,47754160,65953898,113708058,7,0,0,512,4,4417276136
11264,47755909,88384874,136140783,4,0,1,11264,16,9314586207
11265,47757250,88404854,136162104,3,0,1,13312,1,7425024172
11266,47761910,66432036,114193946,3,0,0,81408,1,3047971188
11267,47762031,88404259,136166290,6,0,1,6656,13,497007334
11268,47762621,88451433,136214054,5,0,1,18432,13,5950250091
11269,47767330,65585137,113352467,9,0,0,29696,13,8636929687
11270,47768260,65822401,113590661,7,0,0,5120,4,298554763
11271,47768610,88498982,136267592,4,0,1,7168,16,6902079613
11272,47771680,65591137,113362817,3,0,0,6656,1,2490079000
11273,47780140,65592454,113372594,2,0,0,3072,12,1952563285
11274,47783420,65617538,113400958,8,0,0,14848,17,7383599909
11275,47788770,65873826,113662596,6,0,0,26112,13,9716264958
11276,47794840,88501229,136296069,4,0,1,9216,16,6362235503
11277,47802320,66190936,113993256,7,0,0,5120,4,7592445944
11278,47807080,66282712,114089792,5,0,0,43520,13,7738606730
11279,47808550,65763268,113571818,6,0,0,20992,13,3623385968
11280,47810520,65778527,113589047,5,0,0,2560,13,5782300722
11281,47814291,88670076,136484367,6,0,1,24064,13,166569106
11282,47817420,65851439,113668859,8,0,0,20480,17,9677690223
11283,47822580,66517730,114340310,2,0,0,30208,12,8459594920
11284,47826150,88658240,136484390,7,0,1,5632,4,1444058129
11285,47836630,65832720,113669350,8,0,0,1536,17,6379864445
11286,47841540,88642873,136484413,7,0,1,1024,4,5615048741
11287,47851070,65737174,113588244,8,0,0,12800,17,8417749082
11288,47861900,66629364,114491264,3,0,0,15360,1,6472701857
11289,47863700,65872865,113736565,0,0,0,4608,2,2158115036
11290,47863820,66594914,114458734,0,0,0,96768,2,9178185947
11291,47864160,65636163,113500323,9,0,0,14336,13,7747483943
11292,47864820,65604858,113469678,5,0,0,16896,13,3017713757
11293,47871660,66699790,114571450,6,0,0,10752,13,17220800
11294,47872840,65949042,113821882,9,0,0,512,13,3227290517
11295,47879591,88606820,136486411,9,0,1,6656,13,2322954852
11296,47881740,65628884,113510624,0,0,0,6656,2,4883938663
11297,47881870,65843772,113725642,3,0,0,14848,1,6600422813
11298,47882790,65749933,113632723,6,0,0,16896,13,7592169291
11299,47884330,88736084,136620414,0,0,1,4608,2,10620303420
11300,47884440,66044545,113928985,9,0,0,13824,13,9716002764
11301,47885601,88754049,136639650,5,0,1,1024,13,7325307913
11302,47888550,65972017,113860567,6,0,0,7168,13,5701594619
11303,47889731,88752505,136642236,6,0,1,4096,13,9100515146
11304,47893870,65868280,113762150,3,0,0,20480,1,2083714177
11305,47893920,65827175,113721095,2,0,0,11264,12,3076156473
11306,47896560,66866671,114763231,0,0,0,47104,2,464784586
11307,47898350,65928422,113826772,2,0,0,10240,12,7982264150
11308,47900720,66416527,114317247,9,0,0,4096,13,1688403174
11309,47906631,88737231,136643862,1,0,1,2560,15,1120232711
11310,47913530,66158857,114072387,6,0,0,18432,13,4702484317
11311,47914350,66315031,114229381,3,0,0,116224,1,2763517531
11312,47919320,65934353,113853673,4,0,0,7680,16,3440135161
11313,47919640,65925095,113844735,8,0,0,58880,17,9805807393
11314,47920021,88724507,136644528,6,0,1,1024,13,1303480259
11315,47921170,88788480,136709650,2,0,1,18432,12,7235863312
11316,47923110,88792485,136715595,0,0,1,1536,2,2335230054
11317,47924510,66328215,114252725,2,0,0,16384,12,8344799668
11318,47924740,66010976,113935716,6,0,0,22016,13,5561942333
11319,47927830,66362254,114290084,7,0,0,28160,4,9741076921
11320,47928170,65834159,113762329,5,0,0,512,13,5224542514
11321,47935000,66385967,114320967,9,0,0,11264,13,7639392508
11322,47935650,65831561,113767211,5,0,0,1536,13,3028145075
11323,47941010,88776851,136717861,4,0,1,3584,16,5172381324
11324,47943470,66087546,114031016,9,0,0,22016,13,5389971946
11325,47945440,66103463,114048903,4,0,0,37376,16,1942757176
11326,47946840,88773927,136720767,2,0,1,4608,12,5231901403
11327,47948060,65996307,113944367,4,0,0,2048,16,4470736139
11328,47950050,65942041,113892091,4,0,0,14848,16,2901268462
11329,47954161,88767272,136721433,6,0,1,11264,13,19808028
11330,47957520,66109228,114066748,6,0,0,27648,13,7792153118
11331,47958610,65865011,113823621,6,0,0,5632,13,7089997480
11332,47962810,66036310,113999120,4,0,0,512,16,2949855928
11333,47966530,66970748,114937278,7,0,0,62976,4,632334459
11334,47972101,88753406,136725507,6,0,1,5120,13,118421730
11335,47972880,66499628,114472508,4,0,0,3584,16,7710310604
11336,47975760,66259104,114234864,8,0,0,17920,17,4150815330
11337,47984870,66006780,113991650,6,0,0,28672,13,7409527215
11338,47996150,65999001,113995151,4,0,0,6144,16,4785447778
11339,48011360,66852231,114863591,6,0,0,10752,13,1943736482
11340,48021040,66287793,114308833,8,0,0,14336,17,9027351978
11341,48030020,88695625,136725645,7,0,1,1536,4,6850149892
11342,48038321,88689270,136727591,1,0,1,3072,15,5993702612
11343,48038350,66204805,114243155,7,0,0,27136,4,4192429641
11344,48039240,66099554,114138794,0,0,0,36864,2,338161580
11345,48042120,66097789,114139909,7,0,0,3584,4,6241649253
11346,48048931,88683529,136732460,6,0,1,6656,13,5158378696
11347,48053610,88707764,136761374,7,0,1,9728,4,9395648983
11348,48075360,66349809,114425169,0,0,0,3584,2,10029346920
11349,48081280,88694336,136775616,2,0,1,3584,12,4474023550
11350,48082040,66539645,114621685,6,0,0,72704,13,6762003981
11351,48082840,66336363,114419203,5,0,0,13824,13,4122620787
11352,48083400,66393975,114477375,4,0,0,15872,16,1168492332
11353,48085870,66161832,114247702,9,0,0,14848,13,5817630996
11354,48093050,66296256,114389306,1,0,0,29696,15,10112350873
11355,48097130,66406356,114503486,5,0,0,18432,13,1386398252
11356,48100920,66321426,114422346,1,0,0,10240,15,4165189821
11357,48101330,67243619,115344949,3,0,0,45056,1,10326589801
11358,48101960,66418796,114520756,4,0,0,16896,16,974946014
11359,48109771,88674939,136784710,5,0,1,15872,13,1568554420
11360,48113010,66142546,114255556,0,0,0,9216,2,1441454079
11361,48113060,66472872,114585932,4,0,0,35840,16,5274088416
11362,48128530,66286438,114414968,8,0,0,81920,17,8781808140
11363,48130330,66614283,114744613,9,0,0,21504,13,10244113526
11364,48133120,66847329,114980449,3,0,0,23552,1,747100853
11365,48136110,66335283,114471393,6,0,0,41472,13,7926977320
11366,48144780,66548156,114692936,2,0,0,38912,12,3259031548
11367,48160550,66577488,114738038,2,0,0,135680,12,9075750309
11368,48166500,66488746,114655246,7,0,0,28672,4,3986126789
11369,48167190,88720929,136888119,2,0,1,7168,12,9872950710
11370,48169310,66309578,114478888,8,0,0,4608,17,1191902269
11371,48172670,67249713,115422383,4,0,0,18944,16,317238438
11372,48175251,88716094,136891345,5,0,1,5120,13,2078603516
11373,48175380,66787661,114963041,6,0,0,84480,13,1189455099
11374,48182240,66830808,115013048,7,0,0,35840,4,3126156998
11375,48184710,66658946,114843656,9,0,0,13824,13,6400150745
11376,48185440,66354882,114540322,2,0,0,23552,12,9955918595
11377,48185491,88761771,136947262,9,0,1,12800,13,9240064165
11378,48194080,66428408,114622488,4,0,0,2560,16,4477713723
11379,48196030,66611674,114807704,6,0,0,11776,13,4168171259
11380,48199460,66984378,115183838,7,0,0,4608,4,2578339274
11381,48200300,66104142,114304442,3,0,0,13312,1,6651163308
11382,48204160,88743448,136947608,7,0,1,512,4,905273612
11383,48207870,66345467,114553337,4,0,0,9728,16,9911522923
11384,48208700,67364336,115573036,3,0,0,20480,1,9879000248
11385,48210400,88737567,136947967,4,0,1,9728,16,3694038279
11386,48211960,67224962,115436922,7,0,0,47616,4,8731088508
11387,48216590,67067567,115284157,0,0,0,122880,2,4917343416
11388,48225040,66367606,114592646,9,0,0,9216,13,5186659235
11389,48233110,66259113,114492223,0,0,0,3072,2,8247009601
11390,48241700,66819072,115060772,6,0,0,48640,13,8034392466
11391,48243391,88835360,137078751,5,0,1,15360,13,7700214359
11392,48246680,66935731,115182411,2,0,0,37376,12,4705350971
11393,48262240,66653152,114915392,9,0,0,47616,13,8637297567
11394,48264030,66709220,114973250,9,0,0,29696,13,7348845045
11395,48267470,66566130,114833600,5,0,0,34816,13,9457754073
11396,48272060,66476788,114748848,9,0,0,13824,13,2353042308
11397,48281220,66507985,114789205,3,0,0,25088,1,5043208778
11398,48284541,88812634,137097175,6,0,1,2048,13,5157401823
11399,48295970,66303540,114599510,3,0,0,5632,1,3401375288
11400,48309500,66706691,115016191,3,0,0,10240,1,4926305609
11401,48309530,66472008,114781538,2,0,0,7680,12,10667783382
11402,48311660,88785538,137097198,2,0,1,3584,12,271474201
11403,48314800,66777465,115092265,9,0,0,18432,13,4734996355
11404,48320690,67267501,115588191,4,0,0,49664,16,8039644804
11405,48321751,88778404,137100155,6,0,1,17920,13,1501085256
11406,48327591,88772910,137100501,9,0,1,512,13,3924968125
11407,48334850,66583217,114918067,3,0,0,8704,1,4476332949
11408,48337060,66900570,115237630,0,0,0,1024,2,4026882143
11409,48345340,66804035,115149375,3,0,0,20480,1,7677441284
11410,48347080,66617099,114964179,8,0,0,3584,17,9981759153
11411,48352070,67376616,115728686,7,0,0,23552,4,1898596052
11412,48352160,88839167,137191327,0,0,1,22016,2,9625425533
11413,48361940,66797754,115159694,9,0,0,8704,13,425254529
11414,48363610,67457234,115820844,5,0,0,11776,13,2413812670
11415,48367220,66719406,115086626,5,0,0,51712,13,626678013
11416,48368560,88822790,137191350,4,0,1,11776,16,2961278659
11417,48376460,67231300,115607760,9,0,0,5120,13,9118013081
11418,48379710,67083362,115463072,6,0,0,32256,13,3755218385
11419,48384450,67020392,115404842,4,0,0,59904,16,10104282947
11420,48385170,66639936,115025106,9,0,0,29184,13,549176257
11421,48385730,66945468,115331198,7,0,0,96256,4,3363809303
11422,48387660,66594574,114982234,0,0,0,5632,2,10671995556
11423,48388221,88803152,137191373,1,0,1,6144,15,747081167
11424,48388500,88802896,137191396,2,0,1,1024,12,1230038894
11425,48413430,67224919,115638349,0,0,0,10240,2,9398390998
11426,48413470,67625689,116039159,0,0,0,76800,2,7582571848
11427,48419371,88819135,137238506,9,0,1,12288,13,5427755688
11428,48423580,88822554,137246134,2,0,1,15360,12,4237151338
11429,48428580,66712430,115141010,9,0,0,53248,13,10643352865
11430,48431100,67008231,115439331,9,0,0,5632,13,7804027594
11431,48438420,66863419,115301839,1,0,0,37888,15,8317538240
11432,48441930,66909906,115351836,1,0,0,22528,15,3715851863
11433,48447410,67668567,116115977,6,0,0,8704,13,54375103
11434,48455290,66906397,115361687,9,0,0,32256,13,5941426927
11435,48458620,66909954,115368574,5,0,0,22528,13,5220095308
11436,48460730,66829534,115290264,5,0,0,19968,13,9185748065
11437,48462440,68022919,116485359,2,0,0,69120,12,98046642
11438,48467800,88882222,137350022,4,0,1,5632,16,2288102330
11439,48475370,67791349,116266719,1,0,0,4096,15,3922917333
11440,48483060,67183012,115666072,6,0,0,22528,13,1039567192
11441,48483410,67133243,115616653,5,0,0,6656,13,2310372319
11442,48483750,67270336,115754086,5,0,0,20480,13,7216353869
11443,48485530,67246322,115731852,5,0,0,9216,13,8345237715
11444,48486340,67016778,115503118,6,0,0,33280,13,7183578174
11445,48492180,67030717,115522897,6,0,0,5120,13,3960048616
11446,48496440,88855832,137352272,0,0,1,2048,2,3072744393
11447,48499310,66938282,115437592,3,0,0,1024,1,7903299136
11448,48500040,68091333,116591373,4,0,0,2560,16,5072188626
11449,48505000,88849711,137354711,2,0,1,5632,12,2143750472
11450,48505650,67129556,115635206,0,0,0,46592,2,3674741912
11451,48512560,66673280,115185840,7,0,0,3584,4,9622676517
11452,48512880,67008434,115521314,7,0,0,21504,4,633152087
11453,48514620,67189973,115704593,6,0,0,10240,13,3692398399
11454,48515100,66901488,115416588,3,0,0,12288,1,5345809409
11455,48521210,67084967,115606177,7,0,0,22016,4,4808905047
11456,48522680,67177967,115700647,7,0,0,59392,4,10318646254
11457,48526300,67175150,115701450,1,0,0,2560,15,1074817022
11458,48529770,67012764,115542534,1,0,0,7680,15,1155520749
11459,48529870,66922385,115452255,5,0,0,1024,13,3607591767
11460,48532520,67240391,115772911,9,0,0,33280,13,2185665141
11461,48532790,67066656,115599446,4,0,0,36864,16,7150101788
11462,48535600,66877221,115412821,4,0,0,26112,16,4472698656
11463,48538070,67115279,115653349,0,0,0,36352,2,4284959469
11464,48549690,66887567,115437257,4,0,0,1024,16,717267092
11465,48558790,67269183,115827973,2,0,0,17408,12,9871209450
11466,48562850,67340046,115902896,4,0,0,49664,16,2150427756
11467,48565390,67285717,115851107,2,0,0,41984,12,7885328248
11468,48565580,88796137,137361717,4,0,1,6656,16,5185767999
11469,48571370,67266922,115838292,7,0,0,33792,4,2874924052
11470,48573770,67539532,116113302,5,0,0,60928,13,9487218705
11471,48574660,89126596,137701256,2,0,1,5120,12,4237398615
11472,48575139,89128383,137703522,7,0,1,3584,4,5141438542
11473,48581800,67488475,116070275,0,0,0,34304,2,2322174388
11474,48582650,67150161,115732811,4,0,0,3072,16,7163722046
11475,48585470,67136017,115721487,8,0,0,50176,17,4322153372
11476,48591030,67197621,115788651,1,0,0,6656,15,1618996806
11477,48591460,67319883,115911343,6,0,0,27648,13,913145135
11478,48593560,67087432,115680992,2,0,0,9216,12,6612390088
11479,48593590,68133953,116727543,3,0,0,45056,1,2634845032
11480,48593601,89117159,137710760,1,0,1,17408,15,5320249146
11481,48600090,67147733,115747823,1,0,0,13824,15,7947602686
11482,48603100,67214133,115817233,4,0,0,11264,16,6876228715
11483,48610661,89366205,137976866,5,0,1,5120,13,538177724
11484,48611629,89365260,137976889,4,0,1,1536,16,6039797441
11485,48614000,67181177,115795177,0,0,0,512,2,7911512571
11486,48616680,67356979,115973659,2,0,0,25600,12,1534904560
11487,48620680,67085496,115706176,4,0,0,5120,16,10633839762
11488,48621620,67385981,116007601,5,0,0,74240,13,5993278581
11489,48627960,67571323,116199283,0,0,0,27136,2,9536590901
11490,48628811,89358888,137987699,9,0,1,6656,13,2515964503
11491,48630140,67542985,116173125,8,0,0,66048,17,9366078333
11492,48633550,67290927,115924477,4,0,0,3072,16,3808129138
11493,48637280,67091741,115729021,6,0,0,1024,13,6639429717
11494,48650910,67655436,116306346,6,0,0,28160,13,8584413258
11495,48651890,67868581,116520471,8,0,0,23040,17,8035132339
11496,48652441,89335289,137987730,1,0,1,2048,15,3559031542
11497,48665090,67285561,115950651,5,0,0,56320,13,10247873239
11498,48669860,67698109,116367969,0,0,0,2560,2,1236620227
11499,48674330,67129269,115803599,5,0,0,3072,13,10001625882
11500,48675200,67509949,116185149,8,0,0,9728,17,2011598282
11501,48681681,90024682,138706363,9,0,1,215040,13,8870586813
11502,48681960,67369097,116051057,2,0,0,1536,12,7223411701
11503,48690300,67395870,116086170,4,0,0,21504,16,32046675
11504,48691820,68091583,116783403,8,0,0,67072,17,633162619
11505,48694680,67972539,116667219,6,0,0,22016,13,3560039614
11506,48705160,67427828,116132988,8,0,0,7680,17,7687651433
11507,48705250,68204490,116909740,3,0,0,15872,1,5491817947
11508,48710690,67587053,116297743,2,0,0,52224,12,10701794998
11509,48711900,67679780,116391680,9,0,0,19968,13,9802349602
11510,48715590,67334976,116050566,3,0,0,15872,1,5003674881
11511,48716320,67873499,116589819,2,0,0,4608,12,9789287425
11512,48724630,67291106,116015736,8,0,0,26624,17,5156394743
11513,48748830,67573485,116322315,4,0,0,35328,16,9616292030
11514,48752740,68044258,116796998,7,0,0,44544,4,4102772209
11515,48767830,67272288,116040118,5,0,0,3072,13,7661219980
11516,48772690,68056802,116829492,8,0,0,46080,17,7476958931
11517,48786641,89919753,138706394,9,0,1,17408,13,9561233164
11518,48796610,67420995,116217605,6,0,0,14336,13,5978252671
11519,48797890,67261910,116059800,8,0,0,16896,17,5682324495
11520,48798001,89988882,138786883,9,0,1,18432,13,6290404288
11521,48812600,67513170,116325770,4,0,0,11264,16,770014440
11522,48814210,67689813,116504023,4,0,0,5120,16,3988364074
11523,48814390,67365333,116179723,2,0,0,2560,12,8940633362
11524,48821440,67357480,116178920,8,0,0,18944,17,7607872652
11525,48823470,67377552,116201022,8,0,0,5632,17,7381147701
11526,48824390,67589030,116413420,5,0,0,14336,13,6487477202
11527,48825590,68196348,117021938,3,0,0,3584,1,3728353520
11528,48831160,68265148,117096308,7,0,0,34816,4,9164042164
11529,48833370,67863639,116697009,3,0,0,26624,1,3118788021
11530,48834450,67526841,116361291,8,0,0,20480,17,951639175
11531,48836960,67662485,116499445,5,0,0,35840,13,4237060884
11532,48839490,67841948,116681438,8,0,0,46592,17,9702090795
11533,48843800,67734434,116578234,4,0,0,39936,16,9111567579
11534,48852770,67807710,116660480,1,0,0,96768,15,3351976654
11535,48857360,67494830,116352190,7,0,0,27136,4,9034745638
11536,48860860,67641572,116502432,6,0,0,9728,13,10433860995
11537,48861230,67886650,116747880,4,0,0,43520,16,3095994072
11538,48862270,89954652,138816922,2,0,1,3584,12,1275133682
11539,48867820,89952008,138819828,4,0,1,4608,16,10495549093
11540,48877080,67564758,116441838,5,0,0,25600,13,6592549993
11541,48889930,89930564,138820494,0,0,1,11264,2,4291786976
11542,48893130,67618776,116511906,6,0,0,3072,13,6655442444
11543,48893780,67790801,116684581,5,0,0,10240,13,3259111045
11544,48898080,67726162,116624242,5,0,0,31744,13,7644344359
11545,48901490,67627584,116529074,5,0,0,28160,13,5598208230
11546,48903490,67649934,116553424,6,0,0,37376,13,5668486001
11547,48907120,67581382,116488502,5,0,0,10240,13,5535982498
11548,48907300,67846554,116753854,1,0,0,9728,15,7043192663
11549,48910970,67543014,116453984,2,0,0,7680,12,2551567167
11550,48916930,67714043,116630973,6,0,0,22016,13,7433667095
11551,48927000,67888429,116815429,8,0,0,60416,17,8786728293
11552,48928160,68640313,117568473,8,0,0,44544,17,4711910797
11553,48930590,89898366,138828956,7,0,1,1536,4,2512905479
11554,48930770,67657622,116588392,6,0,0,26112,13,6457120100
11555,48932690,68521776,117454466,2,0,0,37376,12,3507987681
11556,48933160,67948922,116882082,2,0,0,53760,12,10483396361
11557,48937040,67967841,116904881,2,0,0,74752,12,10419561896
11558,48938210,67772707,116710917,4,0,0,1536,16,7545423113
11559,48941810,68125654,117067464,2,0,0,15872,12,2974226878
11560,48945600,68000212,116945812,5,0,0,41472,13,5760727633
11561,48949690,67974269,116923959,1,0,0,22016,15,10406313381
11562,48955881,90017398,138973279,5,0,1,47616,13,8907867211
11563,48958430,67885156,116843586,2,0,0,30208,12,8638574046
11564,48958600,68123875,117082475,3,0,0,34816,1,4105452318
11565,48959160,67791707,116750867,5,0,0,9728,13,2386667639
11566,48961150,68301158,117262308,8,0,0,17920,17,8870105017
11567,48970130,68006606,116976736,1,0,0,9216,15,6667794253
11568,48972150,68045620,117017770,6,0,0,6656,13,9397419085
11569,48975320,67951782,116927102,6,0,0,10240,13,1933306981
11570,48987170,68132186,117119356,4,0,0,9216,16,6815894353
11571,49001310,67862474,116863784,8,0,0,22528,17,7001138800
11572,49009050,67948828,116957878,6,0,0,36352,13,5788702575
11573,49013230,67919923,116933153,6,0,0,17920,13,9518550487
11574,49017220,67817131,116834351,4,0,0,15872,16,7439798813
11575,49019150,90086089,139105239,0,0,1,10240,2,5137908356
11576,49020380,68213198,117233578,1,0,0,73216,15,3371310814
11577,49020640,67939921,116960561,8,0,0,8704,17,499725097
11578,49033500,67913279,116946779,6,0,0,3072,13,10424680085
11579,49039241,90068584,139107825,6,0,1,4096,13,1749424966
11580,49053940,67858943,116912883,4,0,0,10240,16,2624603234
11581,49060640,68118037,117178677,4,0,0,20992,16,8250175686
11582,49063230,68087164,117150394,8,0,0,4096,17,1562751094
11583,49063360,90099692,139163052,4,0,1,2048,16,9749244424
11584,49064220,67801459,116865679,0,0,0,6144,2,2533323947
11585,49065810,67934530,117000340,3,0,0,9216,1,10561920764
11586,49069200,68758749,117827949,0,0,0,72192,2,161654655
11587,49078130,68573532,117651662,8,0,0,46592,17,7994929120
11588,49079710,68088157,117167867,1,0,0,32768,15,5733490976
11589,49088251,90074824,139163075,5,0,1,512,13,7014247828
11590,49091160,68240603,117331763,5,0,0,19456,13,6769685022
11591,49096150,68179591,117275741,2,0,0,19968,12,591762524
11592,49106130,67930322,117036452,2,0,0,12288,12,3170473875
11593,49110680,68778286,117888966,6,0,0,19456,13,7600558844
11594,49116310,68368379,117484689,0,0,0,35328,2,3203018716
11595,49117430,67896558,117013988,0,0,0,4096,2,83090846
11596,49122380,68049878,117172258,3,0,0,14336,1,4920097180
11597,49123290,68155750,117279040,6,0,0,10752,13,3635974212
11598,49125540,68112585,117238125,2,0,0,14848,12,8339861161
11599,49127160,68333725,117460885,5,0,0,20992,13,9437429253
11600,49128251,90034847,139163098,1,0,1,512,15,4397470847
11601,49132930,90030191,139163121,7,0,1,3584,4,9978145375
11602,49148481,90014663,139163144,6,0,1,3584,13,8339537852
11603,49151030,68033031,117184061,1,0,0,5120,15,6494555057
11604,49165510,68045737,117211247,4,0,0,13824,16,8274049056
11605,49171370,68154442,117325812,2,0,0,65024,12,10417674934
11606,49174100,68181631,117355731,3,0,0,8704,1,7791769383
11607,49183910,68792339,117976249,4,0,0,54272,16,5201535360
11608,49186830,68696185,117883015,4,0,0,20992,16,5394249216
11609,49187159,89976008,139163167,7,0,1,2560,4,8911064444
11610,49187430,68180033,117367463,6,0,0,17408,13,1048572232
11611,49188140,68161274,117349414,5,0,0,57856,13,3139208701
11612,49191130,68867128,118058258,0,0,0,7168,2,6890436309
11613,49197320,68043480,117240800,4,0,0,8704,16,3671391055
11614,49208330,68284993,117493323,5,0,0,21504,13,3818071772
11615,49215940,68133809,117349749,1,0,0,1024,15,7306862872
11616,49217750,68289043,117506793,3,0,0,24064,1,4026346054
11617,49220940,68385881,117606821,0,0,0,68608,2,9053286110
11618,49221459,89941731,139163190,7,0,1,7680,4,8398188392
11619,49225240,68248616,117473856,5,0,0,42496,13,4381931289
11620,49235960,68250788,117486748,8,0,0,6656,17,6197185501
11621,49237510,68115538,117353048,5,0,0,10752,13,7243475302
11622,49239530,68499132,117738662,2,0,0,5120,12,3226178245
11623,49251140,68248290,117499430,2,0,0,19968,12,9999718509
11624,49258601,89978555,139237156,5,0,1,5120,13,4974998858
11625,49261440,68475639,117737079,7,0,0,60416,4,1291614426
11626,49273610,68821497,118095107,0,0,0,67072,2,9152778234
11627,49274230,89965832,139240062,2,0,1,4608,12,1328900782
11628,49274390,68602198,117876588,6,0,0,66560,13,2798376623
11629,49276830,68558809,117835639,3,0,0,18432,1,868614742
11630,49283211,89958503,139241714,5,0,1,2560,13,5719243643
11631,49284990,68348062,117633052,2,0,0,86016,12,1104497024
11632,49285069,89965194,139250263,7,0,1,1536,4,4770950788
11633,49287800,68746299,118034099,6,0,0,33280,13,3468142125
11634,49297340,68340103,117637443,7,0,0,14336,4,2774855553
11635,49301440,68528560,117830000,1,0,0,6656,15,8561683701
11636,49301600,89978357,139279957,2,0,1,16896,12,830724964
11637,49312970,68854384,118167354,1,0,0,79872,15,3729674404
11638,49314210,68542075,117856285,0,0,0,17408,2,4027076229
11639,49319861,89983432,139303293,1,0,1,1536,15,9319769896
11640,49320190,68530760,117850950,7,0,0,50176,4,5009003836
11641,49321850,68712740,118034590,5,0,0,1536,13,3824812303
11642,49333810,68357987,117691797,7,0,0,8704,4,10506751920
11643,49334150,89969166,139303316,4,0,1,1536,16,8877480407
11644,49335070,68365656,117700726,4,0,0,512,16,987351986
11645,49339130,68559835,117898965,3,0,0,16384,1,3029592426
11646,49339640,68931668,118271308,0,0,0,26624,2,306809902
11647,49341720,89961619,139303339,0,0,1,3072,2,2872143945
11648,49343180,68439743,117782923,8,0,0,16896,17,3570994811
11649,49346390,68665263,118011653,3,0,0,9216,1,4730026420
11650,49348580,68408557,117757137,3,0,0,6144,1,6367547873
11651,49349540,68950276,118299816,2,0,0,24576,12,7483174924
11652,49350280,69037194,118387474,0,0,0,28672,2,5158415937
11653,49353290,69117357,118470647,6,0,0,58880,13,6931710
11654,49358640,68697411,118056051,5,0,0,39424,13,9774335791
11655,49360010,68641539,118001549,5,0,0,16384,13,4219335851
11656,49365800,68895359,118261159,1,0,0,2560,15,270540814
11657,49368800,89934562,139303362,0,0,1,14336,2,2989271874
11658,49373310,68915473,118288783,0,0,0,20480,2,10045159323
11659,49374350,68619555,117993905,5,0,0,56832,13,8397156783
11660,49375610,68551194,117926804,6,0,0,10752,13,3377204295
11661,49380530,68551289,117931819,5,0,0,16384,13,6694023310
11662,49380820,90018480,139399300,2,0,1,1024,12,4847520888
11663,49382500,68857889,118240389,1,0,0,49152,15,2171360026
11664,49383510,68691138,118074648,3,0,0,17920,1,391687330
11665,49392090,68827855,118219945,0,0,0,22528,2,3144833165
11666,49394851,90010267,139405118,9,0,1,4096,13,4025184185
11667,49397441,90007700,139405141,1,0,1,6144,15,5733115339
11668,49403600,69049084,118452684,8,0,0,51200,17,5719851118
11669,49420629,89984535,139405164,7,0,1,512,4,9428761378
11670,49420810,68937326,118358136,0,0,0,1536,2,9806454800
11671,49426140,68796168,118222308,4,0,0,7680,16,2201120852
11672,49427980,69161949,118589929,1,0,0,73728,15,5192094241
11673,49431860,68745813,118177673,3,0,0,33792,1,10257175581
11674,49432230,68816317,118248547,5,0,0,2560,13,6908089030
11675,49433450,68814294,118247744,7,0,0,24064,4,1414433212
11676,49442030,68982615,118424645,5,0,0,23552,13,317296135
11677,49442690,89962497,139405187,0,0,1,9216,2,2887512294
11678,49445590,68886150,118331740,0,0,0,18432,2,2531216559
11679,49447970,89960383,139408353,7,0,1,6144,4,6906479263
11680,49449780,69032442,118482222,5,0,0,20992,13,7233773950
11681,49458690,90032340,139491030,0,0,1,29696,2,6269037583
11682,49461100,68894004,118355104,3,0,0,25088,1,523629921
11683,49464240,69093600,118557840,8,0,0,12800,17,10728438578
11684,49469590,68958666,118428256,1,0,0,11776,15,9092790206
11685,49472510,68944936,118417446,0,0,0,76800,2,2268941258
11686,49475880,69063901,118539781,4,0,0,7168,16,2641718831
11687,49475980,69026768,118502748,5,0,0,1536,13,4950040748
11688,49490381,90019957,139510338,1,0,1,2048,15,3919526682
11689,49493310,69168376,118661686,1,0,0,17408,15,1200590999
11690,49499990,69120629,118620619,7,0,0,9216,4,1678409020
11691,49532500,69238243,118770743,1,0,0,13824,15,1305362470
11692,49534710,68937364,118472074,6,0,0,4608,13,8347224690
11693,49547990,69048153,118596143,6,0,0,2560,13,3314531599
11694,49562120,69270566,118832686,4,0,0,3584,16,6082796444
11695,49572850,68981067,118553917,2,0,0,13824,12,7931527266
11696,49573610,69111873,118685483,0,0,0,24576,2,9720402882
11697,49574770,69214342,118789112,7,0,0,14336,4,6492234771
11698,49582300,68947814,118530114,6,0,0,29696,13,432912065
11699,49584160,68965476,118549636,0,0,0,8704,2,3149682831
11700,49587340,69008000,118595340,6,0,0,10752,13,8670319293
11701,49590100,68953136,118543236,7,0,0,11264,4,829936565
11702,49592310,69063378,118655688,9,0,0,7168,13,2459419077
11703,49593490,69146020,118739510,7,0,0,24064,4,2945557032
11704,49602040,69096214,118698254,3,0,0,4608,1,8479830041
11705,49609131,90170917,139780048,5,0,1,38400,13,4036001780
11706,49617190,69149318,118766508,2,0,0,1536,12,9246986278
11707,49625400,69272316,118897716,3,0,0,55808,1,1178935189
11708,49627031,90310963,139937994,1,0,1,27648,15,2279106187
11709,49629121,90308896,139938017,9,0,1,13824,13,511589875
11710,49629350,69072587,118701937,5,0,0,512,13,992785736
11711,49630980,69249709,118880689,0,0,0,49664,2,3176453145
11712,49634510,69272998,118907508,4,0,0,14336,16,5360342709
11713,49635601,90339814,139975415,6,0,1,1024,13,1353917842
11714,49637510,69265607,118903117,5,0,0,9216,13,5233407692
11715,49641720,69105158,118746878,0,0,0,4608,2,8034922852
11716,49645530,69085915,118731445,1,0,0,512,15,5842066438
11717,49649599,90325839,139975438,7,0,1,512,4,9504046321
11718,49654740,69111277,118766017,0,0,0,50176,2,9273898655
11719,49657510,69350263,119007773,4,0,0,17408,16,2003919703
11720,49668330,69239669,118907999,1,0,0,1536,15,2221925354
11721,49670140,90337661,140007801,7,0,1,7680,4,5104164437
11722,49672780,69733572,119406352,2,0,0,81920,12,3903342847
11723,49674910,69364650,119039560,3,0,0,84992,1,10164289511
11724,49683700,69509230,119192930,4,0,0,9216,16,10291219981
11725,49687950,90332479,140020429,0,0,1,4096,2,1796480934
11726,49689780,90332275,140022055,7,0,1,2560,4,5228215028
11727,49695700,69362283,119057983,5,0,0,10240,13,3236433532
11728,49696490,90335881,140032371,0,0,1,5120,2,9271005978
11729,49702460,90331537,140033997,4,0,1,2560,16,6995534648
11730,49705870,69403814,119109684,2,0,0,49152,12,2463199403
11731,49711480,69475885,119187365,4,0,0,3584,16,3782640843
11732,49712210,69705397,119417607,0,0,0,36864,2,10190675003
11733,49720000,69330191,119050191,2,0,0,34816,12,3578987376
11734,49727260,69325294,119052554,6,0,0,7680,13,4555439757
11735,49728040,69544459,119272499,1,0,0,4608,15,10556474828
11736,49729290,69480064,119209354,8,0,0,43520,17,141139327
11737,49748230,69393171,119141401,2,0,0,18944,12,4951867895
11738,49758000,69712307,119470307,4,0,0,79872,16,1336904776
11739,49782020,69644860,119426880,6,0,0,16896,13,7506401202
11740,49784910,69397277,119182187,2,0,0,60928,12,5132379405
11741,49789620,69716438,119506058,5,0,0,19968,13,10546213288
11742,49795070,69332981,119128051,9,0,0,8704,13,690354144
11743,49801070,90281710,140082780,4,0,1,18944,16,2487770133
11744,49808290,69502368,119310658,5,0,0,29696,13,6652285532
11745,49810820,69547619,119358439,8,0,0,16896,17,3960903971
11746,49811890,69630804,119442694,0,0,0,6656,2,9696960151
11747,49816570,69483372,119299942,5,0,0,4608,13,2300234306
11748,49817330,69604379,119421709,9,0,0,13312,13,3653693169
11749,49819610,69768843,119588453,8,0,0,14848,17,7189220310
11750,49820670,90413235,140233905,0,0,1,3584,2,1191976979
11751,49823260,90410668,140233928,7,0,1,4096,4,4826790584
11752,49823330,69558039,119381369,5,0,0,23040,13,9257752485
11753,49826290,69726765,119553055,8,0,0,7680,17,4545788025
11754,49833570,69665110,119498680,3,0,0,48128,1,5530872976
11755,49834980,69884225,119719205,5,0,0,18432,13,8025510611
11756,49835040,69600977,119436017,8,0,0,15872,17,4368622510
11757,49838650,69837055,119675705,4,0,0,11776,16,5007369193
11758,49840220,90393731,140233951,2,0,1,512,12,891345860
11759,49844220,90390541,140234761,4,0,1,4096,16,5628026181
11760,49846520,90394411,140240931,7,0,1,8192,4,8777741425
11761,49846730,70116515,119963245,4,0,0,34304,16,5642945774
11762,49847940,69952790,119800730,4,0,0,14848,16,10055369741
11763,49855490,90386427,140241917,2,0,1,1536,12,3826328120
11764,49862130,70071897,119934027,6,0,0,99328,13,9329730877
11765,49867190,90379873,140247063,4,0,1,8192,16,9114991672
11766,49870420,69794395,119664815,5,0,0,12288,13,1393530074
11767,49873480,90417843,140291323,7,0,1,12800,4,8671867727
11768,49878840,69730789,119609629,4,0,0,10752,16,10695875712
11769,49879210,90529822,140409032,7,0,1,8192,4,10712824953
11770,49892880,69607071,119499951,6,0,0,4096,13,7495849070
11771,49902200,90739990,140642190,0,0,1,4608,2,1921571534
11772,49903340,69917601,119820941,2,0,0,27136,12,3185426477
11773,49904450,69923222,119827672,4,0,0,22016,16,6324802850
11774,49906820,70045950,119952770,0,0,0,61440,2,2356275820
11775,49919740,69808120,119727860,6,0,0,27136,13,1486340696
11776,49920180,69705920,119626100,0,0,0,1536,2,1685100093
11777,49923960,69959682,119883642,1,0,0,12800,15,2589234349
11778,49925570,70070192,119995762,3,0,0,57856,1,10629442249
11779,49933100,70168413,120101513,2,0,0,26624,12,6984226088
11780,49949750,69617384,119567134,2,0,0,15360,12,4858626655
11781,49960060,70073556,120033616,2,0,0,16384,12,2327092638
11782,49960150,90687954,140648104,0,0,1,7168,2,966274847
11783,49962450,69777913,119740363,5,0,0,40960,13,6777511563
11784,49969780,69602173,119571953,4,0,0,1024,16,2443511000
11785,49975220,70022749,119997969,7,0,0,7168,4,7122822280
11786,49978870,69900826,119879696,3,0,0,37888,1,2922921194
11787,49991770,90733154,140724924,0,0,1,2560,2,987061099
11788,49993990,70006966,120000956,1,0,0,9728,15,5308536770
11789,49996170,69833085,119829255,5,0,0,5120,13,2863397045
11790,50008780,69969331,119978111,1,0,0,43520,15,5004667487
11791,50012930,70116128,120129058,5,0,0,12800,13,1163591819
11792,50018610,69737426,119756036,6,0,0,17408,13,1146364718
11793,50022060,69942768,119964828,1,0,0,5120,15,423471203
11794,50023070,69753237,119776307,6,0,0,3072,13,2117287406
11795,50035010,90690990,140726000,4,0,1,13312,16,484888308
11796,50041920,70537535,120579455,1,0,0,4608,15,7464305817
11797,50042820,70272340,120315160,9,0,0,16896,13,5075482504
11798,50043790,69993593,120037383,2,0,0,12288,12,130885885
11799,50054560,69960196,120014756,7,0,0,512,4,10012140242
11800,50071070,70107462,120178532,9,0,0,20992,13,692403703
11801,50081290,70020402,120101692,8,0,0,512,17,2135837738
11802,50084670,70795264,120879934,9,0,0,9216,13,4785027951
11803,50086810,69939635,120026445,2,0,0,10752,12,7297437140
11804,50096780,70174765,120271545,4,0,0,51712,16,10122092017
11805,50105660,69895475,120001135,5,0,0,512,13,10485670266
11806,50108190,70588643,120696833,0,0,0,69120,2,7713161250
11807,50113050,70000521,120113571,8,0,0,38912,17,5479510219
11808,50114160,70135301,120249461,5,0,0,22528,13,6583131010
11809,50116360,69768709,119885069,4,0,0,4608,16,7827096261
11810,50117620,70834510,120952130,0,0,0,9216,2,7855692928
11811,50121840,70029769,120151609,0,0,0,1024,2,6965439802
11812,50125550,70182077,120307627,9,0,0,10240,13,2202106250
11813,50128590,69987196,120115786,5,0,0,7168,13,5190753107
11814,50131600,70040513,120172113,2,0,0,7680,12,9763334612
11815,50131891,90633059,140764950,5,0,1,4096,13,3980271812
11816,50137660,70030726,120168386,0,0,0,17408,2,3351969999
11817,50142750,69997209,120139959,6,0,0,4096,13,4066325226
11818,50145300,69857730,120003030,6,0,0,6144,13,9836619331
11819,50150280,90781681,140931961,4,0,1,16896,16,3387202149
11820,50151610,70337791,120489401,7,0,0,35840,4,5832923777
11821,50151960,90850972,141002932,0,0,1,16384,2,9752411852
11822,50154230,70876242,121030472,0,0,0,3072,2,6411366526
11823,50155921,90954451,141110372,9,0,1,17408,13,4396050572
11824,50182891,91415020,141597911,9,0,1,145408,13,7652538527
11825,50185060,91454017,141639077,7,0,1,11264,4,1212860860
11826,50189120,70266550,120455670,1,0,0,27648,15,2347334098
11827,50197090,70899049,121096139,0,0,0,12800,2,10026092184
11828,50205160,70046890,120252050,7,0,0,5632,4,385763165
11829,50210370,70094114,120304484,7,0,0,108032,4,6262828433
11830,50211150,69988049,120199199,6,0,0,10752,13,1195677012
11831,50224290,91454960,141679250,0,0,1,27136,2,4208581920
11832,50224750,70029454,120254204,7,0,0,512,4,4584469981
11833,50228391,91616548,141844939,6,0,1,5120,13,3724861428
11834,50230410,70230372,120460782,7,0,0,4096,4,15466990
11835,50234570,70239804,120474374,9,0,0,19456,13,9070130995
11836,50239370,91605592,141844962,4,0,1,3072,16,543324411
11837,50239960,91613518,141853478,4,0,1,3584,16,3744172233
11838,50245150,70172281,120417431,1,0,0,30720,15,10511583405
11839,50245640,70343533,120589173,1,0,0,31744,15,9286698755
11840,50248200,91626789,141874989,7,0,1,17408,4,1888268340
11841,50251710,70323799,120575509,5,0,0,80896,13,1827277926
11842,50251800,70286465,120538265,5,0,0,62464,13,3827521675
11843,50253230,70084473,120337703,9,0,0,512,13,4157253174
11844,50256540,91618583,141875123,0,0,1,1024,2,1487607423
11845,50262950,70239563,120502513,8,0,0,7680,17,8704301042
11846,50270160,70137888,120408048,9,0,0,16896,13,3127735623
11847,50283101,91597487,141880588,6,0,1,17408,13,5184521283
11848,50286580,70050944,120337524,1,0,0,29184,15,10318923500
11849,50288020,91622785,141910805,7,0,1,10752,4,972622167
11850,50290660,91697640,141988300,0,0,1,1024,2,4061520879
11851,50292960,70379763,120672723,6,0,0,7168,13,9781979600
11852,50294190,70248154,120542344,1,0,0,13312,15,7828443573
11853,50294571,92091797,142386368,9,0,1,89600,13,1669566910
11854,50295850,70122384,120418234,6,0,0,2560,13,9990798908
11855,50296350,70449108,120745458,7,0,0,18432,4,2713105715
11856,50297880,70302446,120600326,7,0,0,22016,4,175344468
11857,50299770,70293825,120593595,3,0,0,14336,1,5851402291
11858,50301481,92104753,142406234,5,0,1,13312,13,7661938788
11859,50301690,70276338,120578028,9,0,0,8192,13,5277096353
11860,50312180,70701538,121013718,6,0,0,65536,13,2301026314
11861,50314541,92151017,142465558,5,0,1,35328,13,8360334578
11862,50316840,70486284,120803124,8,0,0,25088,17,4561117512
11863,50318860,70549484,120868344,3,0,0,77824,1,3199844670
11864,50321660,70387819,120709479,3,0,0,16896,1,6906959314
11865,50322910,70324611,120647521,5,0,0,39424,13,1035620946
11866,50328300,70660068,120988368,6,0,0,62464,13,3742366985
11867,50332571,92141043,142473614,6,0,1,4096,13,9898764001
11868,50334640,70505420,120840060,0,0,0,11776,2,476306027
11869,50335060,70634253,120969313,7,0,0,23552,4,1101426294
11870,50339620,70592929,120932549,2,0,0,14848,12,8165500594
11871,50343961,92261509,142605470,9,0,1,91648,13,8602104311
11872,50352120,70814190,121166310,4,0,0,18944,16,8812967463
11873,50352140,70667084,121019224,9,0,0,15360,13,1660728626
11874,50356290,71217813,121574103,9,0,0,22528,13,1881782869
11875,50357760,71026902,121384662,2,0,0,88064,12,8190808525
11876,50359290,70517813,120877103,3,0,0,28672,1,4059000489
11877,50360010,70446014,120806024,6,0,0,6144,13,6114119865
11878,50361240,70401118,120762358,6,0,0,6656,13,6812975326
11879,50368430,70530443,120898873,6,0,0,13312,13,1489538065
11880,50370270,70721946,121092216,9,0,0,79360,13,3628056844
11881,50371980,70874436,121246416,5,0,0,28672,13,6645964040
11882,50377120,70770433,121147553,3,0,0,9216,1,4034504951
11883,50380130,70814314,121194444,4,0,0,30208,16,447893190
11884,50382130,71371077,121753207,0,0,0,61952,2,10638785802
11885,50382529,71460204,121842733,7,0,0,16896,4,10706714895
11886,50385000,71243939,121628939,1,0,0,90624,15,1935142854
11887,50388320,92221831,142610151,0,0,1,16896,2,5212168353
11888,50389980,70823324,121213304,1,0,0,23040,15,1397806434
11889,50390010,70710832,121100842,7,0,0,15360,4,8856115452
11890,50405550,70745637,121151187,2,0,0,11776,12,4876628455
11891,50415990,70606377,121022367,4,0,0,10240,16,7036408365
11892,50420509,92216502,142637011,7,0,1,17408,4,57281102
11893,50421450,70593071,121014521,7,0,0,2560,4,5780377586
11894,50422640,71206478,121629118,1,0,0,512,15,237529131
11895,50431030,70765863,121196893,1,0,0,6144,15,2416942619
11896,50431700,70713022,121144722,9,0,0,33792,13,8571960600
11897,50436100,71349232,121785332,5,0,0,18432,13,10113181919
11898,50441970,70818948,121260918,2,0,0,15360,12,1416963
11899,50453640,70861202,121314842,4,0,0,17408,16,4575606385
11900,50456470,70983318,121439788,0,0,0,10752,2,9081207333
11901,50459300,71122026,121581326,6,0,0,8192,13,2458963185
11902,50463830,71200785,121664615,6,0,0,39424,13,4912914404
11903,50472370,71226196,121698566,1,0,0,2560,15,8908783592
11904,50474740,71047233,121521973,1,0,0,20480,15,3634003485
11905,50483190,70938144,121421334,4,0,0,47104,16,4738576683
11906,50488960,70737288,121226248,4,0,0,36864,16,2382340257
11907,50496970,70775051,121272021,3,0,0,15360,1,1588678329
11908,50497790,92139244,142637034,2,0,1,3072,12,2226682681
11909,50503750,71096283,121600033,1,0,0,59904,15,8115609320
11910,50507430,71184291,121691721,0,0,0,9728,2,1444192842
11911,50509290,71138119,121647409,4,0,0,59904,16,10037848659
11912,50511070,71365745,121876815,7,0,0,36352,4,3345358641
11913,50522720,71496866,122019586,7,0,0,89600,4,5718278599
11914,50525040,70819740,121344780,4,0,0,7168,16,1594935033
11915,50527990,70972439,121500429,9,0,0,8704,13,1413487734
11916,50530620,71528025,122058645,0,0,0,4096,2,10404393231
11917,50539960,71361779,121901739,5,0,0,12288,13,934489931
11918,50543081,92093976,142637057,1,0,1,2048,15,7623533412
11919,50545290,70968534,121513824,7,0,0,23552,4,2760462729
11920,50545900,71120462,121666362,2,0,0,5632,12,8986041109
11921,50546550,70998959,121545509,8,0,0,17408,17,4163954610
11922,50551850,71403973,121955823,8,0,0,102400,17,3972716400
11923,50554000,70882489,121436489,9,0,0,49664,13,108040400
11924,50556620,92082225,142638845,2,0,1,3584,12,791890602
11925,50561790,71562022,122123812,3,0,0,52736,1,3122592555
11926,50570250,92095458,142665708,0,0,1,5632,2,3289801184
11927,50572460,71588481,122160941,3,0,0,66048,1,3527696520
11928,50585820,71202031,121787851,7,0,0,8192,4,8832401109
11929,50587150,71190884,121778034,6,0,0,81408,13,4055720143
11930,50591570,71082170,121673740,1,0,0,19456,15,2721553986
11931,50592580,71327041,121919621,8,0,0,12288,17,9590116113
11932,50600230,71067559,121667789,8,0,0,4608,17,3841949053
11933,50600860,71128526,121729386,9,0,0,5632,13,2494169000
11934,50605300,71047280,121652580,7,0,0,16896,4,5161694922
11935,50611160,71378249,121989409,7,0,0,110080,4,283909347
11936,50614100,70987204,121601304,2,0,0,4096,12,1824821358
11937,50618700,71431943,122050643,3,0,0,37888,1,8881535719
11938,50618870,71696731,122315601,4,0,0,24576,16,8543033019
11939,50619339,71637392,122256731,7,0,0,46592,4,7053963940
11940,50620231,92061497,142681728,6,0,1,17408,13,4914172658
11941,50621930,71414402,122036332,4,0,0,54784,16,10573940147
11942,50630000,71180077,121810077,7,0,0,9216,4,635973001
11943,50631681,92050070,142681751,5,0,1,9216,13,9778989481
11944,50636020,71885931,122521951,9,0,0,16896,13,1657780973
11945,50641820,71628818,122270638,0,0,0,45568,2,9339192886
11946,50644450,71205633,121850083,3,0,0,5120,1,727185075
11947,50644741,92057897,142702638,5,0,1,3072,13,1073138636
11948,50647030,71131963,121778993,4,0,0,3072,16,2440029510
11949,50649080,71670153,122319233,5,0,0,3584,13,5336560136
11950,50651730,71842361,122494091,0,0,0,107520,2,9170400224
11951,50653601,93044622,143698223,9,0,1,486912,13,6653189790
11952,50658309,93063350,143721659,7,0,1,5632,4,1593843585
11953,50662000,71845553,122507553,0,0,0,44032,2,1482132278
11954,50662671,93160870,143823541,9,0,1,66048,13,6111302850
11955,50664810,71327430,121992240,4,0,0,9216,16,2347772634
11956,50672700,71548160,122220860,2,0,0,52224,12,10054652500
11957,50673301,93153466,143826767,1,0,1,5120,15,4639879335
11958,50679650,71662303,122341953,0,0,0,10240,2,2193438955
11959,50688811,93187394,143876205,1,0,1,9728,15,3297315609
11960,50688890,71736834,122425724,1,0,0,4096,15,10404206821
11961,50690869,71870226,122561095,7,0,0,60928,4,5393910027
11962,50692300,71492538,122184838,2,0,0,1024,12,7795835075
11963,50702819,71404902,122107721,7,0,0,17408,4,2446536459
11964,50704210,71353164,122057374,4,0,0,22016,16,5287518873
11965,50718120,71555349,122273469,9,0,0,9216,13,2741742955
11966,50724450,71707821,122432271,0,0,0,3072,2,10271696367
11967,50724620,71653281,122377901,8,0,0,34816,17,2335129068
11968,50728400,93147828,143876228,0,0,1,13312,2,7771182687
11969,50730790,93157496,143888286,4,0,1,2048,16,8795293673
11970,50734969,93172740,143907709,7,0,1,11264,4,1680074101
11971,50735630,93199767,143935397,2,0,1,3072,12,837874615
11972,50737080,71493163,122230243,5,0,0,30720,13,8754656735
11973,50742300,71537588,122279888,3,0,0,20992,1,8609214334
11974,50745490,71879143,122624633,9,0,0,96256,13,5297944163
11975,50747340,71962033,122709373,9,0,0,32256,13,10668184631
11976,50751290,71644886,122396176,9,0,0,59904,13,8032361892
11977,50752520,71960776,122713296,8,0,0,12800,17,4010739059
11978,50752800,71776061,122528861,5,0,0,22528,13,819881856
11979,50758371,93177385,143935756,6,0,1,9728,13,7701170619
11980,50765500,71686110,122451610,4,0,0,33280,16,10159523665
11981,50765560,72048610,122814170,3,0,0,17408,1,9267331917
11982,50766271,93179267,143945538,5,0,1,3584,13,764711373
11983,50768970,71950433,122719403,4,0,0,19968,16,3424398851
11984,50772500,71744280,122516780,5,0,0,30208,13,1174280283
11985,50778710,93216206,143994916,2,0,1,10752,12,6543521409
11986,50784940,71639513,122424453,9,0,0,30208,13,3870451237
11987,50788400,71608758,122397158,9,0,0,1536,13,817436750
11988,50789510,72118994,122908504,4,0,0,22016,16,4916329204
11989,50791640,71605027,122396667,8,0,0,1536,17,3138967309
11990,50792610,72016233,122808843,0,0,0,59904,2,3011801263
11991,50795050,72149619,122944669,2,0,0,46080,12,8583926544
11992,50799650,93195289,143994939,4,0,1,5632,16,10598645331
11993,50801389,71740728,122542117,7,0,0,512,4,1839764890
11994,50807750,72015803,122823553,2,0,0,30720,12,9469502488
11995,50823020,72230679,123053699,4,0,0,92672,16,5280269024
11996,50824380,72044587,122868967,9,0,0,25600,13,4273049621
11997,50829160,93169450,143998610,4,0,1,6144,16,4289289608
11998,50836130,72249306,123085436,5,0,0,57344,13,605380330
11999,50839520,72043822,122883342,7,0,0,47104,4,10087181264
12000,50839799,71922902,122762701,7,0,0,5632,4,2260839227
12001,50840240,72225650,123065890,0,0,0,39936,2,9678420269
12002,50840470,72184970,123025440,4,0,0,7680,16,10452648075
12003,50846800,71993491,122840291,5,0,0,9216,13,7251854104
12004,50847061,93154135,144001196,5,0,1,4096,13,9395868401
12005,50849720,93152462,144002182,4,0,1,1536,16,8686324955
12006,50850080,72131584,122981664,3,0,0,22528,1,2013930715
12007,50855290,72167787,123023077,9,0,0,61440,13,8615154252
12008,50859640,71869146,122728786,8,0,0,30720,17,7280824480
12009,50861610,72321912,123183522,4,0,0,48128,16,4246898850
12010,50864200,72507327,123371527,5,0,0,80384,13,9196378753
12011,50870140,72130727,123000867,9,0,0,8704,13,9185874622
12012,50874681,93130087,144004768,1,0,1,4096,15,9127682002
12013,50875710,93169213,144044923,3,0,1,11264,1,7817040870
12014,50882110,72221320,123103430,9,0,0,45056,13,3643924188
12015,50882120,71969435,122851555,6,0,0,13824,13,4172502591
12016,50888960,72178981,123067941,6,0,0,6656,13,3493287968
12017,50895750,72006023,122901773,1,0,0,60416,15,6987359364
12018,50897810,72343321,123241131,6,0,0,57856,13,6089275479
12019,50901600,72417966,123319566,9,0,0,133632,13,3190008146
12020,50904081,93174770,144078851,9,0,1,27136,13,513177488
12021,50909500,72065277,122974777,5,0,0,13824,13,6114501436
12022,50910620,71841621,122752241,5,0,0,8704,13,10306629390
12023,50911020,72362145,123273165,1,0,0,101888,15,1740554744
12024,50914210,72254625,123168835,9,0,0,512,13,1346585759
12025,50922420,72279377,123201797,8,0,0,59904,17,8690103180
12026,50928760,93212650,144141410,4,0,1,18944,16,8377932312
12027,50934590,72234066,123168656,0,0,0,28160,2,4875556246
12028,50935459,71990714,122926173,7,0,0,2560,4,4967870817
12029,50938320,93203113,144141433,3,0,1,1536,1,9214189417
12030,50939730,72407282,123347012,4,0,0,18432,16,239812149
12031,50955010,72382596,123337606,6,0,0,20992,13,1636230425
12032,50956860,72460822,123417682,3,0,0,20992,1,9556740883
12033,50973250,72408284,123381534,4,0,0,32768,16,3359902546
12034,50973620,72230298,123203918,7,0,0,6656,4,10455419782
12035,50977890,72363483,123341373,8,0,0,12288,17,6888045667
12036,50980510,72261588,123242098,8,0,0,3072,17,3510826310
12037,50983300,93158156,144141456,2,0,1,512,12,7353922879
12038,50985550,72465545,123451095,1,0,0,14336,15,548921629
12039,50986110,72345077,123331187,7,0,0,16896,4,5038005711
12040,50992920,72096751,123089671,3,0,0,13824,1,7980736462
12041,51004560,93136919,144141479,4,0,1,2048,16,8750140226
12042,51004860,72099061,123103921,0,0,0,1536,2,7096888791
12043,51008890,72268978,123277868,9,0,0,15360,13,681860994
12044,51010480,72457092,123467572,6,0,0,7168,13,41263387
12045,51012420,72386788,123399208,9,0,0,40448,13,1592100763
12046,51015180,72208300,123223480,2,0,0,25088,12,4795970499
12047,51020760,72305256,123326016,7,0,0,9728,4,5099035230
12048,51023969,72422735,123446704,7,0,0,54784,4,398724180
12049,51025290,72743487,123768777,0,0,0,27648,2,7282910956
12050,51028650,72294371,123323021,3,0,0,11264,1,4078779281
12051,51030380,72431688,123462068,0,0,0,14336,2,114574319
12052,51034430,72244397,123278827,7,0,0,3072,4,5159081611
12053,51037680,72362487,123400167,1,0,0,3072,15,4017396519
12054,51045020,72455022,123500042,1,0,0,46080,15,886907904
12055,51047370,72339491,123386861,4,0,0,17408,16,7824603332
12056,51049170,72355388,123404558,7,0,0,14336,4,2504204131
12057,51053731,93087771,144141502,9,0,1,29184,13,8039186465
12058,51054900,72491389,123546289,5,0,0,16896,13,4296457476
12059,51061421,93092050,144153471,6,0,1,1536,13,8414982522
12060,51067080,72473992,123541072,5,0,0,67072,13,4929231167
12061,51067200,72355664,123422864,3,0,0,5632,1,9730371917
12062,51069550,72570008,123639558,9,0,0,14848,13,9422199820
12063,51073380,72403096,123476476,5,0,0,16384,13,1445451109
12064,51073710,72513172,123586882,2,0,0,34816,12,4533115495
12065,51075910,72824238,123900148,5,0,0,83456,13,10459814995
12066,51078690,72731017,123809707,5,0,0,2048,13,4294101948
12067,51080580,93073045,144153625,0,0,1,8704,2,1886396509
12068,51082940,72900254,123983194,5,0,0,32256,13,1927162847
12069,51083711,93148398,144232109,1,0,1,18944,15,9709082790
12070,51084870,72319875,123404745,5,0,0,512,13,7799397790
12071,51089259,72832752,123922011,7,0,0,71680,4,5444064073
12072,51096260,72651699,123747959,0,0,0,17408,2,9489190442
12073,51102960,93135666,144238626,0,0,1,5632,2,10457007731
12074,51115420,72685662,123801082,3,0,0,4608,1,5685057147
12075,51125780,73104431,124230211,5,0,0,16384,13,3669814397
12076,51135890,72525488,123661378,2,0,0,1536,12,3511759135
12077,51137280,73214906,124352186,2,0,0,23552,12,9228946230
12078,51145010,73500776,124645786,3,0,0,103424,1,10232354836
12079,51153010,72938821,124091831,0,0,0,56320,2,1784751663
12080,51163880,72565316,123729196,5,0,0,11776,13,973757039
12081,51169970,72427543,123597513,3,0,0,34816,1,3597641609
12082,51170120,72701174,123871294,2,0,0,8192,12,7121884515
12083,51174410,73170577,124344987,8,0,0,53760,17,8218493250
12084,51176960,93062434,144239394,2,0,1,11776,12,6271809555
12085,51177970,73090315,124268285,4,0,0,2048,16,6462084262
12086,51178910,72867126,124046036,4,0,0,46592,16,2981094055
12087,51184790,72548953,123733743,1,0,0,14848,15,8953326248
12088,51194111,93056721,144250832,5,0,1,7168,13,2562964725
12089,51196270,72401734,123598004,0,0,0,1536,2,8361738756
12090,51197320,73249728,124447048,6,0,0,16896,13,7375593030
12091,51201270,93049908,144251178,2,0,1,512,12,9751572231
12092,51209210,73201154,124410364,2,0,0,56320,12,8832353627
12093,51218810,72885199,124104009,6,0,0,10240,13,4570662266
12094,51219390,72956308,124175698,6,0,0,117760,13,301507222
12095,51219490,72436145,123655635,5,0,0,15360,13,6349979598
12096,51221860,72626886,123848746,3,0,0,14848,1,3379125856
12097,51222320,73160519,124382839,1,0,0,38912,15,2892592032
12098,51231289,72993907,124225196,7,0,0,58880,4,7026912950
12099,51232500,72732555,123965055,8,0,0,32256,17,9703867882
12100,51233980,73094604,124328584,4,0,0,89088,16,5174047733
12101,51236990,72970243,124207233,6,0,0,103424,13,8257606284
12102,51237660,73474241,124711901,7,0,0,512,4,7984762469
12103,51237930,72688060,123925990,9,0,0,10752,13,6026615833
12104,51244719,73126233,124370952,7,0,0,43520,4,10179347324
12105,51245660,73606695,124852355,5,0,0,72192,13,4113622277
12106,51245730,93006754,144252484,4,0,1,2048,16,87318467
12107,51251280,72849586,124100866,8,0,0,13312,17,1155771749
12108,51254720,72810381,124065101,0,0,0,21504,2,7926087893
12109,51256190,73206989,124463179,1,0,0,8192,15,2140653539
12110,51257320,73020458,124277778,6,0,0,15360,13,1793223118
12111,51262310,72692894,123955204,0,0,0,75776,2,252848232
12112,51262720,72990945,124253665,8,0,0,55808,17,8168427554
12113,51267440,73125741,124393181,1,0,0,20992,15,9482404175
12114,51269600,73018510,124288110,5,0,0,24064,13,7417709234
12115,51275651,92978139,144253790,1,0,1,2048,15,2721539852
12116,51286251,92971858,144258109,6,0,1,11776,13,9809226167
12117,51292260,73316874,124609134,3,0,0,25088,1,6129126946
12118,51295030,73185871,124480901,0,0,0,26112,2,291029612
12119,51296400,73136380,124432780,4,0,0,20480,16,10670494532
12120,51298970,72814905,124113875,5,0,0,7680,13,10517924243
12121,51301160,72935470,124236630,1,0,0,20992,15,9408071845
12122,51301220,73227660,124528880,3,0,0,13312,1,9775180097
12123,51302101,92967662,144269763,1,0,1,2048,15,10358115710
12124,51304420,72966604,124271024,9,0,0,4096,13,1935921974
12125,51308960,73048709,124357669,9,0,0,17920,13,7029751599
12126,51315570,92968148,144283718,4,0,1,8704,16,8809717743
12127,51319020,92965262,144284282,3,0,1,10752,1,4215854964
12128,51322070,73168994,124491064,6,0,0,33280,13,2872943246
12129,51329260,73083623,124412883,9,0,0,8192,13,1766838334
12130,51329790,73056972,124386762,7,0,0,12800,4,9595927670
12131,51330120,92955148,144285268,0,0,1,1536,2,7744557341
12132,51331620,73437239,124768859,6,0,0,15360,13,2522141844
12133,51333540,73159419,124492959,1,0,0,6144,15,5205538256
12134,51339400,73184910,124524310,0,0,0,42496,2,2348034348
12135,51344970,73241117,124586087,0,0,0,4096,2,10117378958
12136,51350731,92943783,144294514,1,0,1,5120,15,7997983161
12137,51353240,73754141,125107381,3,0,0,16384,1,1760113307
12138,51363050,73161751,124524801,4,0,0,1536,16,2618358374
12139,51373010,73175123,124548133,4,0,0,4096,16,6545853947
12140,51377580,73526186,124903766,1,0,0,6656,15,8168648593
12141,51385659,73440939,124826598,7,0,0,33280,4,6450439830
12142,51387821,92909826,144297647,9,0,1,3072,13,10186102754
12143,51388710,73548800,124937510,0,0,0,53248,2,9476247228
12144,51392070,73380088,124772158,0,0,0,10752,2,4379165529
12145,51397271,92903695,144300966,6,0,1,7168,13,2868244322
12146,51397440,73136611,124534051,4,0,0,16896,16,3150799256
12147,51399780,73389369,124789149,9,0,0,1536,13,2482602050
12148,51407490,73356666,124764156,1,0,0,113664,15,2683597568
12149,51411520,73644740,125056260,1,0,0,85504,15,4961007888
12150,51413760,73235192,124648952,0,0,0,7168,2,528136742
12151,51420100,73226645,124646745,9,0,0,3072,13,1258470446
12152,51422621,92894139,144316760,6,0,1,4608,13,4767104778
12153,51423710,73392702,124816412,4,0,0,35840,16,9809575412
12154,51426220,73709264,125135484,0,0,0,92160,2,8440393567
12155,51426290,73464682,124890972,3,0,0,62464,1,8579420475
12156,51430160,73530436,124960596,2,0,0,2560,12,6204684431
12157,51430640,73441277,124871917,7,0,0,16896,4,2005314355
12158,51435520,73555907,124991427,1,0,0,14848,15,10135949353
12159,51439381,92879325,144318706,5,0,1,3072,13,6008807068
12160,51444811,92913485,144358296,9,0,1,4608,13,5297978504
12161,51451391,92919596,144370987,5,0,1,3584,13,7085782313
12162,51457910,73599465,125057375,4,0,0,3584,16,7021448178
12163,51458480,73857675,125316155,0,0,0,14336,2,10268693384
12164,51459171,92917489,144376660,9,0,1,22016,13,2189725370
12165,51464000,73242316,124706316,8,0,0,7168,17,936029414
12166,51470610,73537792,125008402,3,0,0,11264,1,3347891378
12167,51498661,92911792,144410453,6,0,1,6144,13,6464029263
12168,51504690,73482190,124986880,3,0,0,11264,1,4008924714
12169,51514670,73457598,124972268,5,0,0,13824,13,2713360765
12170,51520000,92930771,144450771,4,0,1,5632,16,10018032597
12171,51525970,73736545,125262515,5,0,0,49152,13,393792589
12172,51527730,73892340,125420070,2,0,0,11776,12,3387661242
12173,51528540,92923537,144452077,0,0,1,2048,2,10296226857
12174,51532281,92922062,144454343,9,0,1,3584,13,139908270
12175,51532851,92926881,144459732,6,0,1,17408,13,3648072724
12176,51533180,93033308,144566488,3,0,1,15360,1,9801040129
12177,51536470,73423323,124959793,6,0,0,5632,13,6882098470
12178,51536620,73493565,125030185,1,0,0,14848,15,5714782747
12179,51537810,73621879,125159689,8,0,0,19968,17,6826710773
12180,51540310,73893326,125433636,2,0,0,29184,12,8862147038
12181,51546840,73667755,125214595,1,0,0,77312,15,7490460868
12182,51548090,73465052,125013142,8,0,0,6656,17,6814983097
12183,51551781,93019853,144571634,5,0,1,8192,13,608559364
12184,51553620,73691065,125244685,1,0,0,33792,15,10058783541
12185,51559100,73612103,125171203,2,0,0,22016,12,1248633432
12186,51570710,73829063,125399773,0,0,0,26624,2,6844999517
12187,51575370,93089444,144664814,2,0,1,30208,12,129992141
12188,51584060,73475522,125059582,2,0,0,7168,12,10203209674
12189,51586600,73474287,125060887,8,0,0,3584,17,8355187739
12190,51604110,73902456,125506566,4,0,0,7680,16,7499975089
12191,51608730,73670736,125279466,9,0,0,13312,13,3353077267
12192,51614030,93063730,144677760,2,0,1,1536,12,1860588385
12193,51615050,73546066,125161116,6,0,0,4608,13,809962084
12194,51617451,93064854,144682305,1,0,1,2560,15,6247012524
12195,51622040,73854426,125476466,0,0,0,6144,2,1269614693
12196,51624781,93057547,144682328,9,0,1,512,13,2807668798
12197,51628150,73634583,125262733,6,0,0,512,13,1143745014
12198,51629420,74129458,125758878,2,0,0,11776,12,3140788043
12199,51629630,73588108,125217738,7,0,0,10240,4,7602076590
12200,51638320,73957347,125595667,5,0,0,53248,13,202465776
12201,51645830,73983132,125628962,1,0,0,7680,15,3313233709
12202,51646260,73964741,125611001,4,0,0,31232,16,3177127258
12203,51647480,73914913,125562393,4,0,0,101888,16,9838908564
12204,51648710,73490283,125138993,9,0,0,11264,13,9310892081
12205,51652270,73764189,125416459,0,0,0,36864,2,1665059587
12206,51653240,73565769,125219009,2,0,0,4096,12,6013380992
12207,51654310,73972281,125626591,8,0,0,27648,17,7688688910
12208,51655481,93101889,144757370,9,0,1,20480,13,5174855881
12209,51657840,73613028,125270868,2,0,0,26624,12,87676216
12210,51659880,73814691,125474571,1,0,0,51712,15,9118878639
12211,51661130,73843073,125504203,8,0,0,22016,17,1670536497
12212,51663950,73583566,125247516,2,0,0,9216,12,3791617476
12213,51667240,73768653,125435893,6,0,0,5632,13,10464520271
12214,51667981,93092295,144760276,1,0,1,4608,15,6486373945
12215,51673880,74235809,125909689,3,0,0,21504,1,2491621096
12216,51703989,73875431,125579420,7,0,0,55808,4,5601108184
12217,51710800,93057917,144768717,3,0,1,5632,1,2549376219
12218,51715570,73640475,125356045,4,0,0,8704,16,9195325369
12219,51725350,74016981,125742331,7,0,0,19456,4,5907725336
12220,51729751,93060477,144790228,9,0,1,512,13,8766589676
12221,51730900,73778273,125509173,4,0,0,7168,16,8790238604
12222,51737330,73561410,125298740,1,0,0,8704,15,7249501299
12223,51742040,73712075,125454115,0,0,0,12288,2,2325418852
12224,51745890,74255648,126001538,3,0,0,3584,1,9186039304
12225,51752210,73737695,125489905,1,0,0,44032,15,10763644
12226,51757090,73881939,125639029,7,0,0,9216,4,9538892812
12227,51770250,73686072,125456322,5,0,0,7168,13,1905596047
12228,51782250,74093559,125875809,3,0,0,36352,1,7075291168
12229,51786840,73814622,125601462,1,0,0,18944,15,5816508096
12230,51787080,93008294,144795374,4,0,1,8192,16,3614151619
12231,51789720,75306613,127096333,3,0,0,60416,1,5244728218
12232,51790380,73827664,125618044,2,0,0,23040,12,10316528938
12233,51792771,93014686,144807457,9,0,1,1024,13,2598808137
12234,51794341,93017622,144811963,1,0,1,7168,15,9950847228
12235,51799110,93055641,144854751,3,0,1,1536,1,4220710157
12236,51801850,73723863,125525713,0,0,0,9216,2,8836920936
12237,51805320,74088943,125894263,1,0,0,60416,15,10272132357
12238,51807840,73885440,125693280,1,0,0,17920,15,5334788540
12239,51809790,74093324,125903114,0,0,0,23552,2,9324192097
12240,51813750,74303543,126117293,1,0,0,99840,15,3941977667
12241,51815551,93041146,144856697,1,0,1,3072,15,7337802479
12242,51817030,93054677,144871707,0,0,1,1024,2,9208533092
12243,51818581,93053149,144871730,6,0,1,11264,13,3278309955
12244,51819280,74197772,126017052,6,0,0,8192,13,590324958
12245,51826760,74521642,126348402,6,0,0,13824,13,1295513788
12246,51827290,74088841,125916131,8,0,0,20992,17,8179464446
12247,51832250,74533335,126365585,0,0,0,56320,2,6886101109
12248,51836481,93035272,144871753,5,0,1,11776,13,3102054882
12249,51838300,74057592,125895892,1,0,0,5120,15,6400301855
12250,51838890,74376819,126215709,6,0,0,5120,13,9433153889
12251,51848910,74089887,125938797,5,0,0,49152,13,7080295852
12252,51851640,74142148,125993788,6,0,0,13312,13,3825814041
12253,51852870,74011840,125864710,9,0,0,64000,13,3109321764
12254,51853240,74465165,126318405,3,0,0,24576,1,2940132448
12255,51857060,74612077,126469137,9,0,0,53248,13,1426846001
12256,51860090,74170397,126030487,8,0,0,17920,17,271373737
12257,51860140,74152810,126012950,0,0,0,21504,2,9174163779
12258,51864160,74320091,126184251,1,0,0,18944,15,2367544417
12259,51872941,93099307,144972248,9,0,1,5632,13,8130161282
12260,51879870,74134663,126014533,9,0,0,5120,13,4048646240
12261,51886390,74870789,126757179,6,0,0,7168,13,7363307601
12262,51888920,74095645,125984565,4,0,0,512,16,8639730411
12263,51892860,74193008,126085868,0,0,0,37888,2,3974925644
12264,51894170,93079528,144973698,4,0,1,15360,16,1490068774
12265,51894570,74776107,126670677,8,0,0,41984,17,5366280052
12266,51896201,93077520,144973721,9,0,1,9728,13,7997542677
12267,51896790,74397218,126294008,0,0,0,58368,2,9202184416
12268,51898499,74511366,126409865,7,0,0,11264,4,3412629396
12269,51902060,93071684,144973744,4,0,1,8704,16,851508136
12270,51917370,74151165,126068535,4,0,0,48128,16,8568725422
12271,51918240,74425927,126344167,3,0,0,51712,1,5163286715
12272,51919330,93112130,145031460,2,0,1,1024,12,3693245460
12273,51919709,93111814,145031523,7,0,1,5120,4,516191038
12274,51920730,93110816,145031546,4,0,1,2048,16,2689345253
12275,51922410,74484000,126406410,9,0,0,13824,13,5742340809
12276,51924290,74016090,125940380,0,0,0,5120,2,6805235076
12277,51930140,74970576,126900716,4,0,0,28672,16,10417197663
12278,51937540,74181694,126119234,2,0,0,6144,12,3466648381
12279,51938020,75182268,127120288,7,0,0,2048,4,9566486032
12280,51938650,93092919,145031569,3,0,1,1536,1,1390394570
12281,51939960,74565885,126505845,1,0,0,33280,15,9814549109
12282,51943891,93087701,145031592,5,0,1,15872,13,3993437648
12283,51943930,74604803,126548733,5,0,0,27136,13,3782852710
12284,51948220,74138607,126086827,8,0,0,3072,17,4090115152
12285,51949770,74634418,126584188,6,0,0,3072,13,9203596583
12286,51951010,74195008,126146018,4,0,0,17408,16,1662242889
12287,51951860,74432312,126384172,9,0,0,60928,13,10546031585
12288,51956560,74853123,126809683,1,0,0,59904,15,7027082571
12289,51965210,74690821,126656031,1,0,0,51200,15,6450467215
12290,51965470,74570743,126536213,9,0,0,37376,13,4528556713
12291,51965640,75060464,127026104,8,0,0,18944,17,6066689369
12292,51972770,74184704,126157474,8,0,0,2048,17,2999417227
12293,51974510,74606197,126580707,0,0,0,25088,2,8698467191
12294,51974770,74929736,126904506,2,0,0,512,12,10612066195
12295,51977850,74327257,126305107,4,0,0,36352,16,848106228
12296,51979020,74267614,126246634,0,0,0,2048,2,1733655479
12297,51981501,93117531,145099032,5,0,1,14848,13,1824284193
12298,51986819,74856473,126843292,7,0,0,56832,4,8239599853
12299,51990840,74245312,126236152,8,0,0,2048,17,3883010445
12300,51990899,93201115,145192014,7,0,1,4608,4,9384153893
12301,51991251,93200786,145192037,6,0,1,5120,13,8928263404
12302,51993370,74396909,126390279,6,0,0,19968,13,5743321638
12303,51997690,75215907,127213597,3,0,0,59904,1,3604384397
12304,52001881,93190552,145192433,9,0,1,10752,13,8376350499
12305,52007100,74413334,126420434,9,0,0,14336,13,10269648918
12306,52015400,74702270,126717670,3,0,0,61952,1,3507616187
12307,52015760,74538302,126554062,6,0,0,6144,13,4836318521
12308,52024530,93177921,145202451,0,0,1,2048,2,911052046
12309,52027300,93181462,145208762,0,0,1,22016,2,8827773711
12310,52028330,74489594,126517924,7,0,0,4608,4,4282458396
12311,52030590,74594549,126625139,3,0,0,14336,1,6814226776
12312,52033420,74140001,126173421,8,0,0,3072,17,7543766755
12313,52039209,75334032,127373241,7,0,0,8192,4,7666672919
12314,52039640,74714641,126754281,5,0,0,84480,13,2634745829
12315,52040089,93336952,145377041,7,0,1,10240,4,6894920476
12316,52040860,74851097,126891957,2,0,0,22528,12,6424503233
12317,52041400,75087803,127129203,8,0,0,29184,17,7345247615
12318,52043490,75593630,127637120,2,0,0,6144,12,10337358715
12319,52047250,75552270,127599520,0,0,0,31744,2,7355815176
12320,52050870,74670278,126721148,3,0,0,10752,1,3963656201
12321,52060510,74626132,126686642,0,0,0,21504,2,7699671009
12322,52062640,74655209,126717849,2,0,0,512,12,6951634468
12323,52062880,75481372,127544252,4,0,0,37376,16,8803129966
12324,52067820,74483432,126551252,1,0,0,8192,15,6585618079
12325,52068409,74404651,126473060,7,0,0,12800,4,4384790955
12326,52070920,75399903,127470823,3,0,0,3584,1,3177813776
12327,52071670,75738288,127809958,1,0,0,34816,15,3835448005
12328,52072600,93385646,145458246,0,0,1,4608,2,6718864756
12329,52075589,93384923,145460512,7,0,1,3584,4,9685477004
12330,52076200,74595748,126671948,5,0,0,4096,13,127654842
12331,52076210,93444924,145521134,2,0,1,18432,12,9938984009
12332,52079390,75774443,127853833,1,0,0,16384,15,7997192834
12333,52080870,75828706,127909576,6,0,0,12800,13,6257282311
12334,52083160,75647681,127730841,2,0,0,24576,12,1260442073
12335,52083571,93437586,145521157,6,0,1,3584,13,7190080540
12336,52093230,74695208,126788438,5,0,0,5120,13,980609023
12337,52093450,93429781,145523231,8,0,1,29184,17,698868910
12338,52093950,74920982,127014932,3,0,0,48128,1,7221527565
12339,52094780,93428474,145523254,0,0,1,9728,2,6497818557
12340,52106320,75029353,127135673,2,0,0,15360,12,8476156101
12341,52110030,75349191,127459221,4,0,0,9216,16,6065936597
12342,52114100,74736890,126850990,8,0,0,7680,17,10360330611
12343,52115780,74490661,126606441,0,0,0,10240,2,9210623942
12344,52119630,75918364,128037994,5,0,0,105472,13,5047393112
12345,52127979,74812512,126940491,7,0,0,14336,4,10711494607
12346,52129450,74696012,126825462,0,0,0,51712,2,3529814338
12347,52133360,74715259,126848619,5,0,0,17408,13,1342427016
12348,52144260,93451717,145595977,3,0,1,9728,1,10535444165
12349,52152040,76048755,128200795,9,0,0,21504,13,668769784
12350,52152960,74825279,126978239,6,0,0,16384,13,697083667
12351,52153350,75940060,128093410,4,0,0,8704,16,7776769281
12352,52155630,75125395,127281025,0,0,0,1536,2,10548943029
12353,52156190,75063826,127220016,9,0,0,20992,13,4637209421
12354,52156830,74952960,127109790,1,0,0,2560,15,267059490
12355,52168480,75817036,127985516,7,0,0,73216,4,7862114677
12356,52177390,75389730,127567120,8,0,0,39424,17,3779224235
12357,52177850,74609005,126786855,2,0,0,13824,12,10152814674
12358,52191330,74917657,127108987,7,0,0,2560,4,2895581165
12359,52192500,74711827,126904327,1,0,0,11776,15,10319261854
12360,52195120,74963403,127158523,5,0,0,18944,13,5790558689
12361,52203700,75021978,127225678,6,0,0,512,13,10673405088
12362,52209499,74952037,127161536,7,0,0,512,4,5700414835
12363,52214750,74611203,126825953,3,0,0,1536,1,6559910643
12364,52214940,75467859,127682799,1,0,0,32256,15,8525276069
12365,52216861,93670365,145887226,9,0,1,6656,13,8889470729
12366,52219310,75122723,127342033,1,0,0,8704,15,5446499154
12367,52228110,93799078,146027188,0,0,1,1024,2,1066472508
12368,52229120,75303721,127532841,9,0,0,30208,13,554469257
12369,52233750,74801487,127035237,3,0,0,1536,1,2489943771
12370,52235140,75404811,127639951,1,0,0,9216,15,4262139733
12371,52242780,75446773,127689553,4,0,0,8192,16,6611654889
12372,52246610,75508096,127754706,5,0,0,6656,13,10200154717
12373,52247099,74617395,126864494,7,0,0,3072,4,631575565
12374,52247220,93781186,146028406,2,0,1,2048,12,9109617341
12375,52247980,75122734,127370714,2,0,0,14336,12,5815124749
12376,52248170,75866947,128115117,4,0,0,71168,16,8889428187
12377,52253060,75099668,127352728,8,0,0,18432,17,9969710619
12378,52255210,75883304,128138514,6,0,0,1536,13,9250126191
12379,52259740,74965759,127225499,2,0,0,17920,12,7090263462
12380,52260040,74771181,127031221,8,0,0,512,17,7183936233
12381,52260300,93768362,146028662,0,0,1,9216,2,1869190827
12382,52265570,75671368,127936938,0,0,0,37888,2,2719761990
12383,52267810,74851831,127119641,1,0,0,32256,15,4572737834
12384,52268640,76134850,128403490,0,0,0,60416,2,8735886727
12385,52270870,75547286,127818156,8,0,0,2048,17,9052210552
12386,52280440,75085883,127366323,6,0,0,44544,13,568777391
12387,52290881,93794013,146084894,6,0,1,17920,13,2184936631
12388,52299150,76147892,128447042,6,0,0,15872,13,1608642068
12389,52299670,75748643,128048313,5,0,0,33792,13,10408234893
12390,52300800,75386234,127687034,7,0,0,13824,4,5244347846
12391,52301240,93784020,146085260,7,0,1,4096,4,535791366
12392,52302290,74874348,127176638,3,0,0,9728,1,6290351678
12393,52306640,74973894,127280534,8,0,0,16896,17,8872768319
12394,52312070,75203732,127515802,3,0,0,22528,1,9060687075
12395,52312931,93814268,146127199,9,0,1,6656,13,6565441420
12396,52318331,93808899,146127230,6,0,1,5120,13,4104108909
12397,52320839,75266459,127587298,7,0,0,58368,4,2261448099
12398,52325160,75074619,127399779,3,0,0,28160,1,199113861
12399,52327570,93841727,146169297,2,0,1,16384,12,2256071586
12400,52328550,74941502,127270052,9,0,0,10752,13,8200275331
12401,52330850,75876075,128206925,5,0,0,6656,13,7359416444
12402,52332180,75007178,127339358,2,0,0,48640,12,4119639633
12403,52334130,75255687,127589817,9,0,0,8192,13,4507693521
12404,52335740,75399622,127735362,3,0,0,8704,1,8411689053
12405,52336260,75268595,127604855,0,0,0,17408,2,2168076747
12406,52338600,74759986,127098586,4,0,0,7168,16,5034773420
12407,52341500,75227991,127569491,9,0,0,7680,13,9894075095
12408,52345890,75110500,127456390,3,0,0,31232,1,3989562466
12409,52353150,76232575,128585725,0,0,0,18944,2,3668458240
12410,52355440,76125003,128480443,8,0,0,12288,17,3047762700
12411,52357570,75386083,127743653,1,0,0,27136,15,4994974933
12412,52363010,75185789,127548799,3,0,0,14848,1,1708365690
12413,52363830,75099478,127463308,0,0,0,13312,2,2075296240
12414,52364639,75918805,128283444,7,0,0,48640,4,6907435355
12415,52366250,75971170,128337420,2,0,0,73216,12,4946757709
12416,52368099,75623992,127992091,7,0,0,21504,4,795181522
12417,52369629,74879412,127249041,7,0,0,3072,4,6189926221
12418,52370260,75061553,127431813,9,0,0,6144,13,5395651493
12419,52370710,76046063,128416773,0,0,0,43520,2,4992058160
12420,52372360,75290617,127662977,4,0,0,9216,16,5350281962
12421,52376810,76184933,128561743,0,0,0,6656,2,8827392640
12422,52384710,75880124,128264834,7,0,0,13312,4,4286553930
12423,52389150,93922020,146311170,4,0,1,10752,16,2488130802
12424,52389910,75732726,128122636,0,0,0,24576,2,4705626868
12425,52394280,75329050,127723330,2,0,0,21504,12,4077045821
12426,52395430,93915763,146311193,0,0,1,7680,2,4711546001
12427,52395470,75695265,128090735,1,0,0,30208,15,4792407431
12428,52399050,76321573,128720623,1,0,0,36864,15,9061647961
12429,52404600,93906616,146311216,8,0,1,2048,17,3045818052
12430,52404780,93926122,146330902,2,0,1,14336,12,4298623009
12431,52408510,76111359,128519869,0,0,0,26624,2,5998882143
12432,52409961,93970210,146380171,5,0,1,3072,13,5331472751
12433,52422020,93982632,146404652,3,0,1,1536,1,4878169998
12434,52422510,75198518,127621028,6,0,0,13824,13,6558838929
12435,52423140,75821033,128244173,5,0,0,121344,13,9410556596
12436,52427630,75957429,128385059,6,0,0,23040,13,6999283323
12437,52432350,76009833,128442183,2,0,0,49152,12,84602525
12438,52437330,75565727,128003057,9,0,0,12288,13,6429210305
12439,52441549,76220686,128662235,7,0,0,21504,4,4327674905
12440,52442640,75322538,127765178,0,0,0,22016,2,3670495901
12441,52444531,93986747,146431278,6,0,1,7680,13,2566789457
12442,52444620,75110442,127555062,6,0,0,20480,13,8210718771
12443,52448949,75437150,127886099,7,0,0,24064,4,7642580806
12444,52461391,93969910,146431301,5,0,1,7680,13,3471976546
12445,52467500,76169885,128637385,6,0,0,47104,13,7880462746
12446,52483000,75395744,127878744,6,0,0,9216,13,4541991291
12447,52490220,75509070,127999290,9,0,0,23552,13,169457187
12448,52498830,74990458,127489288,8,0,0,5632,17,4435484992
12449,52509800,94025798,146535598,7,0,1,6656,4,9304650272
12450,52509989,75300928,127810917,7,0,0,3072,4,8773233525
12451,52510280,75381905,127892185,2,0,0,6144,12,10540214670
12452,52513910,94053921,146567831,3,0,1,8704,1,2062562461
12453,52522470,75559038,128081508,3,0,0,37376,1,10573300051
12454,52523401,94078855,146602256,9,0,1,1024,13,8514364627
12455,52525371,94076908,146602279,5,0,1,3584,13,8587943989
12456,52530320,94146784,146677104,0,0,1,30208,2,6567736383
12457,52539170,94273189,146812359,0,0,1,512,2,8991602262
12458,52543190,94269192,146812382,0,0,1,512,2,9324578470
12459,52546250,75288347,127834597,9,0,0,14336,13,335865112
12460,52550551,94261854,146812405,9,0,1,512,13,379271683
12461,52558820,75317093,127875913,5,0,0,13824,13,9120474927
12462,52561590,75643284,128204874,2,0,0,13312,12,9657221221
12463,52563370,75694242,128257612,2,0,0,44032,12,7480103876
12464,52564861,94298299,146863160,5,0,1,21504,13,6204199078
12465,52565370,75568692,128134062,6,0,0,2048,13,9224973404
12466,52566060,75289203,127855263,9,0,0,512,13,8114184018
12467,52566150,94306904,146873054,2,0,1,4096,12,9236011089
12468,52568590,75270944,127839534,9,0,0,512,13,3637117053
12469,52577021,94300859,146877880,1,0,1,7680,15,6731434703
12470,52584470,75726225,128310695,0,0,0,32256,2,3601882929
12471,52586790,94316606,146903396,8,0,1,9216,17,279666802
12472,52589330,75671425,128260755,8,0,0,10240,17,7045918540
12473,52593660,76339592,128933252,8,0,0,86016,17,9480282646
12474,52594290,75459350,128053640,9,0,0,17408,13,2844327174
12475,52594991,94378539,146973530,9,0,1,11776,13,4838135355
12476,52595980,75463775,128059755,4,0,0,19968,16,10205796459
12477,52599650,76148717,128748367,1,0,0,25088,15,3965870865
12478,52606580,75335196,127941776,9,0,0,4096,13,9828115770
12479,52609280,94370380,146979660,2,0,1,4608,12,9665929422
12480,52614430,94365253,146979683,2,0,1,9216,12,4637824704
12481,52619410,94411751,147031161,3,0,1,1536,1,7885258126
12482,52622460,76280176,128902636,2,0,0,59904,12,7526713172
12483,52624650,76474793,129099443,1,0,0,67072,15,1413649030
12484,52625790,75874216,128500006,2,0,0,9728,12,230322405
12485,52630780,94400404,147031184,3,0,1,2560,1,9087044094
12486,52633670,75907500,128541170,1,0,0,26112,15,1857928476
12487,52635439,75514332,128149771,7,0,0,15360,4,9324738817
12488,52637490,75789446,128426936,6,0,0,33280,13,506600670
12489,52645249,75311973,127957222,7,0,0,11776,4,933674766
12490,52645530,75623071,128268601,8,0,0,12288,17,3152508328
12491,52646850,76016812,128663662,9,0,0,4608,13,9956108380
12492,52649150,75638442,128287592,8,0,0,6144,17,8739937278
12493,52656439,75472959,128129398,7,0,0,6656,4,10488901738
12494,52662789,76594748,129257537,7,0,0,35328,4,2259702655
12495,52670340,76030151,128700491,9,0,0,26624,13,3796519744
12496,52670589,76276762,128947351,7,0,0,22016,4,3790789994
12497,52677180,75856011,128533191,2,0,0,27648,12,9135939897
12498,52684570,76347033,129031603,1,0,0,70656,15,2057793933
12499,52687620,75439727,128127347,8,0,0,15360,17,1842522171
12500,52689680,75601055,128290735,0,0,0,10240,2,757754059
12501,52690550,75736565,128427115,0,0,0,512,2,8402262028
12502,52692589,76468048,129160637,7,0,0,39936,4,1447062656
12503,52694280,75680305,128374585,0,0,0,4096,2,2614990392
12504,52695220,94336642,147031862,3,0,1,10240,1,6195915348
12505,52695411,94336474,147031885,5,0,1,5120,13,4745219655
12506,52705960,75579691,128285651,4,0,0,7168,16,9071376930
12507,52716920,75730792,128447712,2,0,0,2048,12,9661244409
12508,52725180,94540486,147265666,0,0,1,43008,2,2955598488
12509,52725890,94539799,147265689,0,0,1,12288,2,5455059714
12510,52757870,75964515,128722385,0,0,0,2560,2,1173489923
12511,52765990,75699176,128465166,5,0,0,9728,13,5000506809
12512,52770600,76527767,129298367,6,0,0,22016,13,5670220386
12513,52772689,76100471,128873160,7,0,0,24064,4,9905712008
12514,52774580,94538395,147312975,2,0,1,1536,12,8248301784
12515,52776190,76061031,128837221,4,0,0,98816,16,9472229631
12516,52776529,94541016,147317545,7,0,1,8192,4,294209516
12517,52787840,75559743,128347583,1,0,0,33280,15,5724343502
12518,52789740,75672439,128462179,4,0,0,14848,16,6288962168
12519,52797460,75699559,128497019,1,0,0,5120,15,8805512617
12520,52822020,77096820,129918840,6,0,0,1536,13,10361496464
12521,52824340,94507181,147331521,4,0,1,17408,16,2270549211
12522,52824570,76580255,129404825,9,0,0,35840,13,4310725718
12523,52825630,94523885,147349515,0,0,1,2048,2,1033631729
12524,52827080,75749541,128576621,6,0,0,19456,13,7327605544
12525,52830080,75637515,128467595,6,0,0,512,13,8744651076
12526,52841780,76692879,129534659,4,0,0,18944,16,7237716336
12527,52841920,76168132,129010052,2,0,0,86016,12,8996041379
12528,52846490,75701971,128548461,5,0,0,1024,13,5800400239
12529,52847240,75761326,128608566,0,0,0,34304,2,427748149
12530,52847749,75873833,128721582,7,0,0,3072,4,640516095
12531,52852980,75901650,128754630,1,0,0,20480,15,10506458653
12532,52855220,94518856,147374076,3,0,1,8704,1,1252102005
12533,52855961,94549567,147405528,1,0,1,16896,15,4337625609
12534,52859200,77003834,129863034,1,0,0,31232,15,1962274418
12535,52859430,94551637,147411067,4,0,1,8192,16,5931445646
12536,52859730,76495194,129354924,5,0,0,29696,13,5691360442
12537,52864740,76172369,129037109,8,0,0,15360,17,7533192844
12538,52870500,94548166,147418666,3,0,1,6144,1,1464546345
12539,52871280,94627502,147498782,2,0,1,1536,12,8311481659
12540,52882050,94618949,147500999,4,0,1,3072,16,3810526109
12541,52885670,75769990,128655660,4,0,0,59904,16,6124538523
12542,52893250,94636986,147530236,2,0,1,5632,12,6956168986
12543,52895840,75698547,128594387,9,0,0,1024,13,8075185983
12544,52897390,76077463,128974853,5,0,0,84480,13,4209779367
12545,52898640,76729045,129627685,0,0,0,17408,2,7704597918
12546,52909260,76135227,129044487,5,0,0,15872,13,10196463148
12547,52910590,76261302,129171892,9,0,0,36864,13,5447878435
12548,52916570,76587265,129503835,4,0,0,1024,16,2307730397
12549,52917680,76557834,129475514,6,0,0,3072,13,3646334889
12550,52920440,75842285,128762725,0,0,0,512,2,2630833438
12551,52924600,76421253,129345853,6,0,0,92160,13,2991806931
12552,52929190,76336482,129265672,9,0,0,26624,13,9487892533
12553,52930140,76762005,129692145,4,0,0,19968,16,7448364377
12554,52935360,76301742,129237102,8,0,0,45056,17,4485721918
12555,52952050,76441832,129393882,2,0,0,6144,12,5147196507
12556,52952840,76263094,129215934,5,0,0,87040,13,5476096340
12557,52960110,75988980,128949090,1,0,0,5632,15,516403123
12558,52968850,76638619,129607469,0,0,0,110592,2,1979534256
12559,52972440,75823715,128796155,9,0,0,5632,13,6123693637
12560,52979919,76059709,129039628,7,0,0,8192,4,2255477033
12561,52982009,75896322,128878331,7,0,0,16896,4,1618297023
12562,52998610,75841933,128840543,0,0,0,8704,2,10174849784
12563,53012889,76359741,129372630,7,0,0,2560,4,5331628920
12564,53014320,76175006,129189326,2,0,0,3584,12,2736014861
12565,53019700,94514082,147533782,8,0,1,5632,17,5572625411
12566,53021500,75919120,128940620,8,0,0,19456,17,9108329661
12567,53023200,76421981,129445181,1,0,0,8704,15,6083795845
12568,53024020,76257774,129281794,9,0,0,4608,13,254036327
12569,53027040,77144612,130171652,0,0,0,19456,2,110655103
12570,53027840,77234574,130262414,1,0,0,8704,15,7771997572
12571,53027879,94639242,147667121,7,0,1,7680,4,8227260847
12572,53036810,75939478,128976288,8,0,0,4608,17,8815084036
12573,53043830,75834992,128878822,4,0,0,1536,16,190387961
12574,53048220,76013985,129062205,2,0,0,11776,12,4960805558
12575,53053930,76226429,129280359,2,0,0,48128,12,3815975131
12576,53055300,75723804,128779104,1,0,0,12800,15,8529208745
12577,53055400,76256200,129311600,1,0,0,30720,15,6127294430
12578,53074990,75788389,128863379,0,0,0,6144,2,2951577296
12579,53103970,76324038,129428008,5,0,0,26624,13,7530759287
12580,53106850,76028890,129135740,6,0,0,15360,13,2572471055
12581,53107320,75925086,129032406,9,0,0,2560,13,1500766613
12582,53107740,76395752,129503492,8,0,0,51200,17,2948452980
12583,53109150,76132946,129242096,8,0,0,9216,17,3895601457
12584,53121530,75716338,128837868,0,0,0,2048,2,338965995
12585,53125340,76555666,129681006,4,0,0,10752,16,3777080729
12586,53128391,94813599,147941990,1,0,1,29696,15,9614615062
12587,53133870,76650846,129784716,6,0,0,94720,13,6483098479
12588,53143200,76319632,129462832,1,0,0,51712,15,9925091487
12589,53145770,76210893,129356663,8,0,0,5632,17,827937819
12590,53164790,76120771,129285561,9,0,0,12288,13,3736807110
12591,53180411,94761602,147942013,6,0,1,8704,13,1809815777
12592,53185600,76059327,129244927,8,0,0,9216,17,6140329526
12593,53202459,76285402,129487861,7,0,0,40448,4,7259277024
12594,53220950,76171037,129391987,2,0,0,30720,12,5514767631
12595,53225400,76249155,129474555,4,0,0,38400,16,895569304
12596,53226810,76387702,129614512,8,0,0,23040,17,1334204420
12597,53229919,77182471,130412390,7,0,0,16384,4,327806584
12598,53230199,76472109,129702308,7,0,0,33280,4,8631622957
12599,53231510,76443388,129674898,2,0,0,91648,12,8357124434
12600,53233760,94708276,147942036,4,0,1,4096,16,2365517614
12601,53234460,76318020,129552480,1,0,0,9728,15,3997696612
12602,53235600,76184273,129419873,2,0,0,16384,12,8308361057
12603,53249880,76267734,129517614,0,0,0,41472,2,6014590612
12604,53250520,76365107,129615627,9,0,0,3584,13,286387667
12605,53254810,76654464,129909274,1,0,0,25088,15,1178634517
12606,53260039,76372193,129632232,7,0,0,14848,4,9754388716
12607,53268770,76553158,129821928,1,0,0,34816,15,54977833
12608,53270840,76290201,129561041,0,0,0,3584,2,10211430524
12609,53271739,76091544,129363283,7,0,0,2048,4,7889966412
12610,53273280,76714443,129987723,6,0,0,37376,13,5937347273
12611,53286990,77269767,130556757,4,0,0,9216,16,2775638921
12612,53297890,76656923,129954813,2,0,0,22016,12,8397375779
12613,53307500,76314858,129622358,4,0,0,22016,16,681007674
12614,53310030,76326437,129636467,1,0,0,13824,15,3782819924
12615,53313320,94631258,147944578,8,0,1,2560,17,4851669752
12616,53316820,76228170,129544990,5,0,0,7680,13,8930195391
12617,53317250,76202103,129519353,9,0,0,5632,13,4893624665
12618,53322200,76212638,129534838,4,0,0,512,16,9881348158
12619,53323380,94715317,148038697,8,0,1,5120,17,8908009355
12620,53332700,76187612,129520312,1,0,0,3072,15,2192653731
12621,53346811,94693492,148040303,9,0,1,17920,13,7870159825
12622,53347359,77322020,130669379,7,0,0,11264,4,9784888935
12623,53352090,76475633,129827723,5,0,0,18944,13,8634719993
12624,53357190,76515273,129872463,2,0,0,1024,12,2896561598
12625,53365890,76310435,129676325,9,0,0,4608,13,3658322186
12626,53370500,76378446,129748946,5,0,0,69120,13,383000499
12627,53374970,76454683,129829653,9,0,0,5120,13,3129160118
12628,53375810,76518442,129894252,8,0,0,31744,17,3789231427
12629,53375930,76415704,129791634,9,0,0,17920,13,5143626936
12630,53378731,94737501,148116232,1,0,1,512,15,5478135239
12631,53396340,94747932,148144272,3,0,1,9216,1,2052137873
12632,53396490,76474055,129870545,5,0,0,24576,13,1993188940
12633,53398030,76860912,130258942,1,0,0,38400,15,5285635887
12634,53399480,76480338,129879818,6,0,0,24064,13,602672166
12635,53400930,76391819,129792749,0,0,0,3584,2,8343380117
12636,53401000,76500607,129901607,8,0,0,24064,17,7557106132
12637,53402000,76718199,130120199,1,0,0,58880,15,5992365807
12638,53402240,76761094,130163334,0,0,0,2560,2,3061742711
12639,53403080,94741215,148144295,8,0,1,1536,17,7297326000
12640,53413280,76994087,130407367,6,0,0,8192,13,10682717779
12641,53416430,94755425,148171855,4,0,1,8704,16,8986013836
12642,53423580,76659101,130082681,1,0,0,52224,15,3319927116
12643,53425150,77193609,130618759,5,0,0,42496,13,1409012993
12644,53425280,76856786,130282066,1,0,0,23552,15,1736266276
12645,53432730,76416659,129849389,4,0,0,6144,16,9877410218
12646,53436021,94736500,148172521,9,0,1,1024,13,8892449177
12647,53439820,94734327,148174147,8,0,1,2560,17,7702777248
12648,53446930,77052488,130499418,4,0,0,37376,16,3104990789
12649,53452729,76303104,129755833,7,0,0,22528,4,998910418
12650,53459789,76412339,129872128,7,0,0,5120,4,843419824
12651,53472670,94751402,148224072,4,0,1,19968,16,6570180288
12652,53476229,76543547,130019776,7,0,0,30720,4,8060244924
12653,53478120,76308031,129786151,5,0,0,4608,13,8695923470
12654,53482480,76434248,129916728,0,0,0,9728,2,3545432712
12655,53492860,76389428,129882288,5,0,0,2560,13,4967388553
12656,53497590,76536773,130034363,0,0,0,7168,2,2750407341
12657,53500270,94723825,148224095,3,0,1,8192,1,134937926
12658,53501899,76460134,129962033,7,0,0,9728,4,446470937
12659,53502249,76555226,130057475,7,0,0,14336,4,3880335408
12660,53502540,77288503,130791043,5,0,0,44544,13,6291086698
12661,53507430,76435370,129942800,8,0,0,14336,17,4566057151
12662,53508020,76796035,130304055,1,0,0,57856,15,4596147566
12663,53515150,77014110,130529260,5,0,0,43520,13,261845119
12664,53522050,76677499,130199549,5,0,0,5632,13,9847367464
12665,53522841,94701456,148224297,9,0,1,6656,13,9318667529
12666,53534351,94721815,148256166,1,0,1,19968,15,10450651041
12667,53534990,94721199,148256189,3,0,1,1024,1,6849774501
12668,53541301,94743422,148284723,5,0,1,8192,13,9619175477
12669,53543579,76699299,130242878,7,0,0,35328,4,3818568024
12670,53548290,76995368,130543658,1,0,0,9728,15,588224628
12671,53548570,76419774,129968344,8,0,0,3072,17,4071803103
12672,53551199,76851598,130402797,7,0,0,119296,4,6750717062
12673,53552310,94732436,148284746,8,0,1,9216,17,10455197627
12674,53565990,76763383,130329373,0,0,0,56320,2,819134436
12675,53570920,76790213,130361133,9,0,0,28160,13,10168505336
12676,53572380,76854760,130427140,8,0,0,1536,17,6837310063
12677,53573100,94802344,148375444,8,0,1,4608,17,7275351342
12678,53574400,94802030,148376430,4,0,1,1536,16,5407250341
12679,53577021,94801355,148378376,5,0,1,3072,13,1305855132
12680,53577620,76841532,130419152,4,0,0,8192,16,5173499668
12681,53588260,94790462,148378722,0,0,1,512,2,9089176589
12682,53593800,77322792,130916592,9,0,0,60416,13,1353965165
12683,53598840,94781828,148380668,8,0,1,3072,17,10422262992
12684,53600080,76578544,130178624,4,0,0,1536,16,1097466313
12685,53600610,76816015,130416625,9,0,0,13824,13,8311285294
12686,53602151,94784217,148386368,5,0,1,18944,13,4795244534
12687,53605130,76707060,130312190,1,0,0,26624,15,4540453025
12688,53608861,94793333,148402194,6,0,1,11264,13,2167851687
12689,53609890,77288271,130898161,9,0,0,15872,13,4456401879
12690,53612700,76927971,130540671,8,0,0,37376,17,2193024978
12691,53619751,94871020,148490771,6,0,1,15872,13,185172045
12692,53619790,76830576,130450366,4,0,0,1024,16,7779277412
12693,53621360,76929037,130550397,1,0,0,22016,15,541647886
12694,53644949,76871028,130515977,7,0,0,54272,4,7859427535
12695,53645251,94849066,148494317,6,0,1,5632,13,4526593829
12696,53654309,94937896,148592205,7,0,1,2560,4,3489276779
12697,53664861,94927690,148592551,5,0,1,512,13,566251210
12698,53666079,76738769,130404848,7,0,0,6656,4,3132383687
12699,53679670,94920420,148600090,3,0,1,7168,1,7994234263
12700,53681070,76870286,130551356,1,0,0,3072,15,6551392930
12701,53686770,76900294,130587064,8,0,0,512,17,7210209178
12702,53690071,94910042,148600113,1,0,1,4608,15,3702377326
12703,53694870,94918501,148613371,3,0,1,12800,1,8954261437
12704,53704140,76740612,130444752,8,0,0,5120,17,10142791116
12705,53704900,76744442,130449342,4,0,0,4096,16,4921275732
12706,53714819,94945340,148660159,7,0,1,14848,4,2928812058
12707,53720570,94946915,148667485,8,0,1,11776,17,10341935297
12708,53725921,94941587,148667508,1,0,1,512,15,8305304
12709,53729660,77047788,130777448,8,0,0,20480,17,1359030088
12710,53736450,95045112,148781562,8,0,1,14336,17,8605255727
12711,53740120,76884590,130624710,4,0,0,19456,16,8126264668
12712,53754810,77166641,130921451,1,0,0,15872,15,2958222936
12713,53755369,76977253,130732622,7,0,0,66048,4,7850436622
12714,53757611,95034527,148792138,5,0,1,8192,13,3567943660
12715,53758790,77065542,130824332,8,0,0,28160,17,437972291
12716,53764180,76972053,130736233,8,0,0,11776,17,3023368528
12717,53767940,76976716,130744656,9,0,0,16896,13,6522497048
12718,53779340,77050007,130829347,0,0,0,16384,2,5547353815
12719,53781940,76957129,130739069,4,0,0,8192,16,1946151852
12720,53800661,94997963,148798624,5,0,1,6656,13,3376792016
12721,53804220,76932192,130736412,8,0,0,512,17,529819484
12722,53804720,77183173,130987893,0,0,0,15360,2,9264978759
12723,53810301,94991653,148801954,5,0,1,5120,13,1019641938
12724,53813230,77109850,130923080,1,0,0,5120,15,2998474173
12725,53814230,77140471,130954701,8,0,0,12288,17,10642724645
12726,53821289,77152547,130973836,7,0,0,40960,4,8115450830
12727,53827299,95128662,148955961,7,0,1,34816,4,9055037561
12728,53832830,77060472,130893302,0,0,0,21504,2,1383993141
12729,53836050,95172392,149008442,0,0,1,1536,2,5967033488
12730,53841450,77294088,131135538,0,0,0,13824,2,5062697052
12731,53845140,77232135,131077275,9,0,0,5120,13,10281457984
12732,53846280,77309768,131156048,4,0,0,36864,16,8522652504
12733,53851729,95165824,149017553,7,0,1,7680,4,6862768290
12734,53857760,77253279,131111039,9,0,0,16384,13,8339207678
12735,53863310,77451674,131314984,4,0,0,39936,16,8574560423
12736,53867500,77009855,130877355,6,0,0,2048,13,9008392566
12737,53873530,77257773,131131303,6,0,0,61952,13,7671170823
12738,53875609,95152585,149028194,7,0,1,7680,4,1851710980
12739,53875920,77105921,130981841,0,0,0,19968,2,4549946280
12740,53876710,95237195,149113905,3,0,1,4608,1,1806516060
12741,53877950,77067135,130945085,1,0,0,10240,15,4962380972
12742,53882781,95293787,149176568,9,0,1,21504,13,627366827
12743,53886879,77326207,131213086,7,0,0,34304,4,473092290
12744,53889160,77372782,131261942,0,0,0,8192,2,5310244338
12745,53889240,77101796,130991036,1,0,0,10240,15,6829774284
12746,53889980,77065789,130955769,0,0,0,1024,2,2081352326
12747,53893621,95421712,149315333,9,0,1,1536,13,8646876832
12748,53895969,77383745,131279714,7,0,0,25088,4,4495298875
12749,53903711,95427432,149331143,6,0,1,1024,13,8400974232
12750,53911390,77232002,131143392,8,0,0,8192,17,9136044733
12751,53926221,95404945,149331166,1,0,1,3072,15,8141262813
12752,53926701,95427487,149354188,9,0,1,4608,13,6946411705
12753,53934329,77492797,131427126,7,0,0,68096,4,5699549080
12754,53937370,77598672,131536042,0,0,0,47104,2,6039535844
12755,53942750,77539582,131482332,8,0,0,41472,17,4099723778
12756,53944509,95415171,149359680,7,0,1,8704,4,5466782677
12757,53954850,77483982,131438832,0,0,0,13824,2,9609474868
12758,53962670,77279957,131242627,1,0,0,2048,15,7835481562
12759,53965740,77384759,131350499,8,0,0,43520,17,9486074096
12760,53966320,77468253,131434573,1,0,0,24064,15,3907692498
12761,53966440,77174425,131140865,2,0,0,17408,12,827198242
12762,53973240,77192636,131165876,1,0,0,3584,15,7083352450
12763,53986170,77379195,131365365,6,0,0,48640,13,2331261027
12764,53986980,77088554,131075534,1,0,0,5632,15,5526017676
12765,53988100,77169219,131157319,6,0,0,4096,13,8254924950
12766,53988360,95561558,149549918,8,0,1,16896,17,10062489375
12767,53988930,95561011,149549941,2,0,1,7168,12,8738504684
12768,53992590,77497409,131489999,1,0,0,25088,15,2781239381
12769,53994480,77875206,131869686,6,0,0,48128,13,1157676402
12770,53997000,77190364,131187364,9,0,0,1024,13,3377391796
12771,53999360,77242620,131241980,0,0,0,49664,2,1744311789
12772,54003170,77600560,131603730,8,0,0,45568,17,7432606963
12773,54004500,77364975,131369475,8,0,0,13312,17,10074688870
12774,54004720,77494711,131499431,6,0,0,15872,13,2979862980
12775,54011761,95538203,149549964,1,0,1,3072,15,6326858020
12776,54011849,77532442,131544291,7,0,0,23040,4,9999405700
12777,54012249,77252212,131264461,7,0,0,8192,4,4709854348
12778,54013070,95646573,149659643,0,0,1,13824,2,6693634386
12779,54017841,95669225,149687066,9,0,1,12800,13,10632125390
12780,54022690,95666642,149689332,0,0,1,3584,2,7127888583
12781,54024550,95666490,149691040,3,0,1,10752,1,3697912429
12782,54027310,77422713,131450023,8,0,0,11776,17,3803764902
12783,54037490,77509238,131546728,8,0,0,1536,17,1460634739
12784,54043720,77698385,131742105,4,0,0,67072,16,9364051273
12785,54046841,95651170,149698011,9,0,1,12800,13,6700500023
12786,54053451,96284858,150338309,6,0,1,42496,13,2904218214
12787,54061311,96415937,150477248,5,0,1,5120,13,2397934215
12788,54061640,77571028,131632668,1,0,0,8192,15,8545497903
12789,54067910,77502130,131570040,6,0,0,6144,13,9051245382
12790,54069530,77629516,131699046,3,0,0,30720,1,403460350
12791,54080870,96447984,150528854,8,0,1,17408,17,1821296041
12792,54085820,77419198,131505018,6,0,0,13824,13,7608131625
12793,54091349,96437528,150528877,7,0,1,9728,4,4190297525
12794,54092950,77781578,131874528,0,0,0,13312,2,5663256867
12795,54105760,77431397,131537157,4,0,0,3584,16,3028951219
12796,54108211,96655990,150764201,9,0,1,36864,13,9212206751
12797,54110110,77537365,131647475,4,0,0,12288,16,1926607957
12798,54116530,77405137,131521667,9,0,0,8192,13,36431590
12799,54117149,77585713,131702862,7,0,0,512,4,134454574
12800,54117209,96659720,150776929,7,0,1,3072,4,10420425571
12801,54120680,77646564,131767244,1,0,0,82432,15,1617403422
12802,54128890,77640413,131769303,1,0,0,6656,15,10656459095
12803,54132330,77650435,131782765,0,0,0,34816,2,2761061140
12804,54137720,77670290,131808010,2,0,0,19456,12,5722760654
12805,54139721,96709327,150849048,1,0,1,15872,15,5947419270
12806,54141559,77508940,131650499,7,0,0,2048,4,5463700331
12807,54143570,96705501,150849071,0,0,1,11264,2,10467338
12808,54144110,96728007,150872117,4,0,1,7680,16,10460443519
12809,54149930,77671675,131821605,9,0,0,44544,13,7956285294
12810,54151620,77570026,131721646,4,0,0,51712,16,8974728177
12811,54152310,77619824,131772134,3,0,0,9216,1,9316926343
12812,54152311,96754262,150906573,9,0,1,512,13,7441974533
12813,54154940,77830070,131985010,8,0,0,8192,17,6675835493
12814,54158270,77757136,131915406,1,0,0,36864,15,323122043
12815,54160420,77690393,131850813,4,0,0,13312,16,10525661779
12816,54164240,77939137,132103377,4,0,0,80384,16,7100429359
12817,54170351,96755667,150926018,1,0,1,20480,15,97344060
12818,54175390,77948968,132124358,6,0,0,35328,13,3537839210
12819,54177720,77738957,131916677,8,0,0,4096,17,4152574639
12820,54177741,96752783,150930524,9,0,1,7168,13,2359706276
12821,54179610,77933961,132113571,3,0,0,32256,1,1596345385
12822,54181639,77784726,131966365,7,0,0,10240,4,8067213162
12823,54188440,96773862,150962302,8,0,1,2048,17,9503555843
12824,54192360,77829016,132021376,9,0,0,10752,13,1966637537
12825,54195650,77993978,132189628,8,0,0,12288,17,4177462849
12826,54201040,77983462,132184502,3,0,0,22016,1,8578437005
12827,54208880,77714698,131923578,9,0,0,4608,13,4432131027
12828,54211070,96783400,150994470,0,0,1,9216,2,5840398593
12829,54215810,77659209,131875019,0,0,0,1536,2,824927061
12830,54219010,77859852,132078862,3,0,0,11776,1,4767203322
12831,54219750,77853436,132073186,4,0,0,15872,16,6532658198
12832,54221020,77952725,132173745,6,0,0,17408,13,3646880702
12833,54231170,77995937,132227107,0,0,0,15872,2,9147453254
12834,54241400,77989016,132230416,0,0,0,4096,2,2696329518
12835,54243240,77760601,132003841,0,0,0,3584,2,2360690633
12836,54249560,77804876,132054436,6,0,0,18432,13,7594673129
12837,54249751,96763976,151013727,9,0,1,19456,13,3250306546
12838,54266990,77970933,132237923,3,0,0,7168,1,8736091214
12839,54269551,96952608,151222159,5,0,1,1024,13,1125987321
12840,54271130,96951052,151222182,3,0,1,5632,1,7024861327
12841,54274790,77943727,132218517,3,0,0,33280,1,9495152546
12842,54277220,77826500,132103720,8,0,0,1024,17,6251006942
12843,54279379,96942826,151222205,7,0,1,6144,4,7279490689
12844,54282130,96957301,151239431,3,0,1,5120,1,3761284
12845,54283440,96993045,151276485,0,0,1,1024,2,2242267481
12846,54285310,78075023,132360333,9,0,0,11264,13,506773056
12847,54285690,77965018,132250708,9,0,0,15872,13,2563005689
12848,54292780,77844529,132137309,6,0,0,12288,13,4968665103
12849,54296010,78407816,132703826,9,0,0,19968,13,2689246488
12850,54300110,78124039,132424149,0,0,0,59392,2,7051149051
12851,54307740,77944574,132252314,9,0,0,512,13,10714203254
12852,54307850,77975252,132283102,3,0,0,5120,1,7118357010
12853,54309550,96968011,151277561,4,0,1,13312,16,5911421145
12854,54309601,97068295,151377896,1,0,1,11264,15,6995810448
12855,54322920,78104418,132427338,6,0,0,10240,13,7800524222
12856,54323950,78111055,132435005,6,0,0,25088,13,4130723210
12857,54332230,78057859,132390089,3,0,0,16896,1,3466779288
12858,54336411,97089587,151425998,5,0,1,32256,13,5851241813
12859,54336680,97089664,151426344,3,0,1,512,1,2496198647
12860,54344440,78530221,132874661,8,0,0,31744,17,9115540998
12861,54349870,78309818,132659688,9,0,0,2560,13,10420818996
12862,54352030,78032888,132384918,4,0,0,13824,16,943809987
12863,54352380,78240283,132592663,0,0,0,26624,2,1991169945
12864,54353640,78287086,132640726,0,0,0,66048,2,4648467390
12865,54355980,97102981,151458961,2,0,1,13824,12,3829691519
12866,54367240,78412567,132779807,0,0,0,54272,2,5835708433
12867,54373451,97089038,151462489,1,0,1,13824,15,4624042271
12868,54386680,78195953,132582633,0,0,0,64512,2,5735113386
12869,54402290,97257570,151659860,3,0,1,12288,1,7101451214
12870,54414250,78170278,132584528,9,0,0,6144,13,8235091561
12871,54416850,78400681,132817531,9,0,0,22528,13,3302128658
12872,54417040,78420733,132837773,4,0,0,26624,16,6796677863
12873,54424110,78470657,132894767,9,0,0,20992,13,2953717021
12874,54426390,78308884,132735274,8,0,0,19456,17,6436341081
12875,54427531,97279603,151707134,6,0,1,4096,13,5335765608
12876,54428340,78489044,132917384,6,0,0,30720,13,4980248626
12877,54434440,78263279,132697719,4,0,0,98304,16,4476067530
12878,54445270,78300441,132745711,6,0,0,3584,13,5066028832
12879,54452291,97267351,151719642,5,0,1,4608,13,1147092697
12880,54468860,97254328,151723188,3,0,1,5632,1,2755823392
12881,54474550,78250992,132725542,4,0,0,7680,16,9279436099
12882,54480590,78517191,132997781,6,0,0,29184,13,6617919027
12883,54480991,97245103,151726094,1,0,1,4608,15,175218647
12884,54488850,78237495,132726345,6,0,0,2560,13,5164364783
12885,54489310,78456673,132945983,8,0,0,2560,17,89674240
12886,54492480,78153345,132645825,3,0,0,2048,1,2213358984
12887,54501251,97229989,151731240,9,0,1,8192,13,3095600970
12888,54504740,78346732,132851472,6,0,0,6656,13,8792067221
12889,54511390,78557694,133069084,4,0,0,17408,16,4828261055
12890,54516221,97229998,151746219,1,0,1,1536,15,6323596644
12891,54517400,78401411,132918811,3,0,0,4608,1,4445777570
12892,54527050,97277085,151804135,2,0,1,13312,12,2296021068
12893,54528380,78550399,133078779,8,0,0,31744,17,8749001663
12894,54529250,78523699,133052949,0,0,0,6656,2,6143751779
12895,54530280,78520618,133050898,6,0,0,44544,13,10189997521
12896,54539120,78549221,133088341,3,0,0,31232,1,7540349320
12897,54539460,78565120,133104580,4,0,0,31232,16,1776772212
12898,54550010,97254148,151804158,8,0,1,1024,17,3146218162
12899,54551740,78451212,133002952,6,0,0,16896,13,2339793460
12900,54552870,78825939,133378809,3,0,0,17920,1,1796942076
12901,54555250,78619968,133175218,3,0,0,23552,1,3278170155
12902,54556530,78538423,133094953,3,0,0,20480,1,2411562498
12903,54563250,78734996,133298246,1,0,0,10752,15,7629552823
12904,54577020,78619032,133196052,4,0,0,19456,16,1591843799
12905,54577490,78941297,133518787,4,0,0,33280,16,6599536771
12906,54582380,97221809,151804189,3,0,1,4096,1,8713364228
12907,54582481,97238986,151821467,9,0,1,3584,13,3193955259
12908,54592520,78702427,133294947,8,0,0,53248,17,2738050829
12909,54603381,97220352,151823733,9,0,1,3584,13,8610185538
12910,54611970,78896654,133508624,9,0,0,47616,13,6562715093
12911,54620060,78905614,133525674,4,0,0,22528,16,2256767082
12912,54620780,78768013,133388793,6,0,0,12288,13,5709946917
12913,54623710,79219962,133843672,4,0,0,25088,16,669284176
12914,54633810,78771508,133405318,1,0,0,24064,15,7850090671
12915,54634610,79129904,133764514,3,0,0,12800,1,3984878591
12916,54643880,78800822,133444702,6,0,0,8192,13,4837351228
12917,54650250,78680933,133331183,8,0,0,56832,17,2224935766
12918,54652900,78711768,133364668,6,0,0,13824,13,8137783102
12919,54656660,97169659,151826319,8,0,1,4096,17,4428924405
12920,54659081,97169504,151828585,1,0,1,3584,15,4732639090
12921,54659510,78966932,133626442,8,0,0,30720,17,2738058472
12922,54665041,97164057,151829098,6,0,1,18432,13,5742464301
12923,54675169,79214291,133889460,7,0,0,12800,4,7380816300
12924,54684701,97169853,151854554,5,0,1,1536,13,6826930360
12925,54688220,78805827,133494047,3,0,0,102912,1,2992332656
12926,54688380,79023659,133712039,9,0,0,69120,13,5348161719
12927,54696210,78877727,133573937,1,0,0,6144,15,3115813615
12928,54697850,79573349,134271199,0,0,0,3584,2,10013105150
12929,54702120,78704326,133406446,1,0,0,2560,15,1370494643
12930,54711590,78915499,133627089,1,0,0,2048,15,3174582562
12931,54719940,78998541,133718481,1,0,0,7168,15,3887338614
12932,54727679,97126898,151854577,7,0,1,512,4,8298895039
12933,54729200,79309034,134038234,6,0,0,31744,13,2771563501
12934,54740830,78641953,133382783,1,0,0,7168,15,5741611625
12935,54742830,79062633,133805463,9,0,0,28672,13,6602222344
12936,54745020,97132024,151877044,3,0,1,24576,1,1655762391
12937,54752450,79266191,134018641,1,0,0,29184,15,7464469526
12938,54760751,97117778,151878529,6,0,1,15360,13,7302959644
12939,54767540,79039350,133806890,1,0,0,4608,15,7138231758
12940,54769020,79101352,133870372,6,0,0,11264,13,102308595
12941,54769490,79448394,134217884,6,0,0,78336,13,255258396
12942,54774390,97286771,152061161,0,0,1,1536,2,10150126428
12943,54775490,78645411,133420901,9,0,0,5120,13,3001806181
12944,54784739,79587936,134372675,7,0,0,75776,4,5479470416
12945,54790160,78826083,133616243,3,0,0,8192,1,4394081863
12946,54816320,78734643,133550963,8,0,0,22528,17,949274712
12947,54830530,79296592,134127122,9,0,0,48128,13,823901476
12948,54831750,97229434,152061184,2,0,1,11776,12,7202719611
12949,54834580,78904375,133738955,1,0,0,42496,15,1416162709
12950,54855810,78860464,133716274,3,0,0,13824,1,9962491497
12951,54856650,78810148,133666798,8,0,0,15360,17,2036689513
12952,54862140,78955782,133817922,0,0,0,27136,2,6591898868
12953,54862470,79431803,134294273,0,0,0,13824,2,5717087516
12954,54868211,97337073,152205284,5,0,1,11264,13,8437002055
12955,54868270,79602866,134471136,9,0,0,42496,13,5880596716
12956,54868600,78916021,133784621,8,0,0,13824,17,2638639800
12957,54869080,79351635,134220715,8,0,0,9216,17,71485721
12958,54874450,79617680,134492130,3,0,0,47104,1,5748776297
12959,54885610,79135780,134021390,8,0,0,3584,17,10236051513
12960,54887960,79038428,133926388,9,0,0,33792,13,1230669811
12961,54888989,79138853,134027842,7,0,0,14848,4,2475881213
12962,54890690,78916535,133807225,1,0,0,1024,15,2465440960
12963,54892560,79173298,134065858,0,0,0,26624,2,3609858526
12964,54900770,79180529,134081299,1,0,0,10240,15,7646838344
12965,54900930,78978662,133879592,4,0,0,16384,16,8993533300
12966,54907020,79808435,134715455,6,0,0,19456,13,8897304321
12967,54908440,79685014,134593454,0,0,0,10240,2,7712242204
12968,54910050,79001022,133911072,8,0,0,34304,17,7280811212
12969,54912500,79097226,134009726,1,0,0,49152,15,5426167415
12970,54916619,79052876,133969495,7,0,0,27136,4,8942211498
12971,54922730,78873974,133796704,3,0,0,32256,1,6450428246
12972,54931180,79237645,134168825,5,0,0,37888,13,2976282353
12973,54941900,79163484,134105384,0,0,0,34304,2,2042734960
12974,54945351,97259956,152205307,9,0,1,1024,13,3843105585
12975,54947030,79307845,134254875,3,0,0,45568,1,4390870327
12976,54948920,79321133,134270053,0,0,0,30208,2,7141358778
12977,54951460,79627207,134578667,1,0,0,55808,15,4489106796
12978,54953720,79223010,134176730,6,0,0,10240,13,4295030382
12979,54954281,97251049,152205330,6,0,1,4096,13,7057443082
12980,54957640,97281401,152239041,3,0,1,8192,1,5893855123
12981,54962851,97277176,152240027,6,0,1,1536,13,5898976992
12982,54963920,79350498,134314418,9,0,0,41472,13,2075282830
12983,54969171,97273122,152242293,1,0,1,3584,15,8748120644
12984,54984901,97263404,152248305,5,0,1,2560,13,4092536381
12985,54985120,79685136,134670256,6,0,0,47616,13,7547485536
12986,54986949,79417833,134404782,7,0,0,50176,4,3048970430
12987,54999510,79499975,134499485,1,0,0,24064,15,2119057261
12988,55002520,79653205,134655725,6,0,0,70656,13,8013641535
12989,55007560,79432660,134440220,0,0,0,25088,2,2960133488
12990,55012270,79223756,134236026,6,0,0,50176,13,4279332338
12991,55018040,79360311,134378351,3,0,0,8704,1,9343084898
12992,55029440,79414703,134444143,6,0,0,12800,13,5957257940
12993,55034560,79354856,134389416,6,0,0,13312,13,6452116962
12994,55039990,79154003,134193993,8,0,0,26624,17,2213919935
12995,55040401,97313184,152353585,9,0,1,17408,13,856922152
12996,55040990,79103337,134144327,0,0,0,4096,2,9755125361
12997,55051530,79977913,135029443,1,0,0,19968,15,8276800251
12998,55053960,79222178,134276138,6,0,0,1536,13,8970070913
12999,55055750,79205076,134260826,9,0,0,19456,13,2911711916
13000,55067960,80112342,135180302,1,0,0,46592,15,9868588755
13001,55068230,79772097,134840327,6,0,0,25600,13,4703557222
13002,55074970,79710709,134785679,6,0,0,32256,13,2340388960
13003,55079930,79481353,134561283,0,0,0,31232,2,4057899683
13004,55080091,97277478,152357569,1,0,1,4096,15,712586670
13005,55086000,79444262,134530262,8,0,0,1536,17,669724037
13006,55089360,79598079,134687439,4,0,0,56320,16,8515188959
13007,55094270,79238629,134332899,4,0,0,16896,16,8438450732
13008,55101950,79239796,134341746,7,0,0,4608,4,7968307652
13009,55103000,97254723,152357723,3,0,1,8704,1,4140071034
13010,55106210,79600908,134707118,2,0,0,64512,12,7101563843
13011,55113411,97285215,152398626,5,0,1,3584,13,1116341157
13012,55119500,97289803,152409303,8,0,1,30720,17,10210061371
13013,55151730,79358529,134510259,8,0,0,25088,17,1832347573
13014,55152700,79435864,134588564,7,0,0,18432,4,3528141605
13015,55154301,97499049,152653350,1,0,1,4608,15,9317261632
13016,55162130,79935759,135097889,0,0,0,30208,2,7087023705
13017,55163100,79269453,134432553,9,0,0,35328,13,5498263571
13018,55164311,97523066,152687377,5,0,1,7680,13,10586508381
13019,55165490,79554512,134720002,8,0,0,14848,17,2568015285
13020,55166750,79588795,134755545,9,0,0,32768,13,1177036050
13021,55170730,79329581,134500311,7,0,0,2560,4,1003233648
13022,55172020,79418283,134590303,1,0,0,5632,15,4399854467
13023,55172661,97514739,152687400,5,0,1,9728,13,10063425504
13024,55176550,79418640,134595190,9,0,0,4096,13,351593401
13025,55178220,79687673,134865893,9,0,0,32256,13,3418580261
13026,55181560,97527592,152709152,4,0,1,5632,16,7345652553
13027,55183730,79949640,135133370,1,0,0,12800,15,8085724257
13028,55185481,97553038,152738519,6,0,1,5632,13,2195676653
13029,55188990,79264602,134453592,6,0,0,2560,13,8805493188
13030,55189149,97643908,152833057,7,0,1,11264,4,2679248281
13031,55190430,79796353,134986783,7,0,0,66048,4,8050704499
13032,55199520,79383405,134582925,6,0,0,9728,13,1810003383
13033,55200060,97664810,152864870,0,0,1,2048,2,1715179418
13034,55205700,79374238,134579938,6,0,0,4096,13,176276360
13035,55206931,97670800,152877731,5,0,1,5120,13,930918262
13036,55207830,97669924,152877754,2,0,1,1024,12,543076696
13037,55212610,79578114,134790724,3,0,0,5120,1,9764944111
13038,55213210,79642393,134855603,4,0,0,40448,16,5371694999
13039,55217470,79777456,134994926,4,0,0,26624,16,1070536637
13040,55217721,97697799,152915520,5,0,1,21504,13,6682602396
13041,55217740,79964621,135182361,9,0,0,6656,13,7799495263
13042,55220140,79980192,135200332,4,0,0,58880,16,10232570666
13043,55220510,79705197,134925707,0,0,0,55296,2,1162072646
13044,55228730,79602116,134830846,4,0,0,4608,16,6152133370
13045,55231860,79611298,134843158,6,0,0,9216,13,4536248345
13046,55234930,79731706,134966636,4,0,0,8192,16,2147639036
13047,55236370,97850205,153086575,2,0,1,39424,12,2522497639
13048,55237710,80062120,135299830,3,0,0,27136,1,10152656917
13049,55238680,79470801,134709481,4,0,0,7680,16,7781713001
13050,55243180,97870959,153114139,3,0,1,5120,1,10335336513
13051,55246550,79750271,134996821,0,0,0,6144,2,4657409314
13052,55247391,97888196,153135587,5,0,1,6144,13,7212993063
13053,55249609,80076159,135325768,7,0,0,42496,4,2337007113
13054,55250210,97886299,153136509,0,0,1,20480,2,2237806632
13055,55258331,97929027,153187358,9,0,1,20992,13,1711673749
13056,55261270,80030269,135291539,4,0,0,14848,16,3145442181
13057,55264190,80298047,135562237,3,0,0,17408,1,2994280858
13058,55269320,97968443,153237763,4,0,1,2048,16,5136111440
13059,55269460,80568178,135837638,0,0,0,32768,2,2525689156
13060,55273080,80244208,135517288,1,0,0,89088,15,6738265581
13061,55273130,79690987,134964117,4,0,0,27648,16,1577494514
13062,55281820,80057855,135339675,4,0,0,45568,16,532006907
13063,55289540,97950958,153240498,2,0,1,5120,12,10190865060
13064,55292440,80343474,135635914,6,0,0,124416,13,9845253306
13065,55294320,80100934,135395254,6,0,0,20992,13,3804873113
13066,55297610,79725726,135023336,0,0,0,5632,2,10377926138
13067,55302440,79653230,134955670,0,0,0,15872,2,4422067246
13068,55314460,80030542,135345002,3,0,0,17408,1,9832629846
13069,55314571,97980955,153295526,9,0,1,10240,13,7227150941
13070,55329750,79799674,135129424,0,0,0,103424,2,9410839768
13071,55331220,98032668,153363888,0,0,1,9216,2,276501545
13072,55332400,98031698,153364098,3,0,1,19968,1,6535196711
13073,55335560,79546587,134882147,8,0,0,3072,17,6775328932
13074,55336280,98115748,153452028,8,0,1,41472,17,3585358764
13075,55344350,79742553,135086903,4,0,0,13824,16,4595098023
13076,55349310,98333540,153682850,8,0,1,2560,17,9359097350
13077,55349970,79582774,134932744,3,0,0,10240,1,5688689892
13078,55351380,79814680,135166060,4,0,0,10240,16,7216124195
13079,55351880,79657587,135009467,3,0,0,512,1,611922502
13080,55357200,79805717,135162917,9,0,0,59392,13,9600578007
13081,55365370,80322902,135688272,9,0,0,70144,13,3364219955
13082,55375890,80053268,135429158,3,0,0,23040,1,1318048744
13083,55380500,98302373,153682873,3,0,1,2560,1,2814182182
13084,55381020,79999360,135380380,8,0,0,60416,17,8835343876
13085,55381300,79640274,135021574,0,0,0,13312,2,7650036193
13086,55384870,80085625,135470495,0,0,0,52224,2,9361886759
13087,55395950,80134667,135530617,0,0,0,41472,2,3031262286
13088,55399029,98305192,153704221,4,0,1,11776,16,3782962775
13089,55407830,80141062,135548892,9,0,0,59904,13,10320609876
13090,55408650,79980177,135388827,4,0,0,27648,16,10244203949
13091,55408930,80147980,135556910,0,0,0,7680,2,4724166683
13092,55409550,80063152,135472702,4,0,0,7168,16,10552501125
13093,55411121,98312881,153724002,6,0,1,28672,13,3920492314
13094,55428480,80268807,135697287,7,0,0,28160,4,10717794801
13095,55429770,80132810,135562580,0,0,0,1024,2,1267356018
13096,55435180,79964309,135399489,4,0,0,13824,16,7249736882
13097,55436759,98454723,153891482,4,0,1,28160,16,2060538744
13098,55437010,80380762,135817772,7,0,0,34816,4,7374374446
13099,55439960,80197184,135637144,6,0,0,3584,13,9652646431
13100,55440900,80077058,135517958,4,0,0,2048,16,2328412413
13101,55444759,98446746,153891505,4,0,1,512,16,3217872226
13102,55449730,80212108,135661838,9,0,0,68096,13,296046490
13103,55451860,98439668,153891528,0,0,1,4096,2,3247786214
13104,55453270,80120923,135574193,1,0,0,37888,15,3381400512
13105,55459620,80538807,135998427,4,0,0,6144,16,7286675227
13106,55460700,80293803,135754503,1,0,0,61952,15,3406428372
13107,55462490,80092057,135554547,4,0,0,18432,16,6061514986
13108,55472370,79873279,135345649,1,0,0,2048,15,3196188323
13109,55475510,80371667,135847177,1,0,0,31232,15,23768333
13110,55478240,80240043,135718283,9,0,0,34304,13,2813922735
13111,55478880,98412671,153891551,2,0,1,11776,12,5335537984
13112,55479100,80291499,135770599,8,0,0,15872,17,5883835066
13113,55481720,80428664,135910384,9,0,0,6144,13,6568804976
13114,55488530,80178323,135666853,4,0,0,16384,16,9120324449
13115,55500540,80188090,135688630,3,0,0,1024,1,7740816178
13116,55504500,80201078,135705578,1,0,0,27136,15,1901115069
13117,55504770,80541485,136046255,3,0,0,18944,1,8127313748
13118,55512980,79940034,135453014,4,0,0,512,16,9570094573
13119,55514041,98439419,153953460,6,0,1,22528,13,141848585
13120,55517930,80634655,136152585,4,0,0,1536,16,8197248059
13121,55529590,98520101,154049691,3,0,1,31232,1,7796491525
13122,55533270,80202334,135735604,8,0,0,52224,17,3124150012
13123,55538960,80613134,136152094,1,0,0,34304,15,6951670501
13124,55541510,98510590,154052100,8,0,1,9728,17,739506951
13125,55542840,80284783,135827623,1,0,0,32256,15,2637219279
13126,55548430,80159355,135707785,7,0,0,7168,4,103611975
13127,55550010,98509048,154059058,2,0,1,3584,12,9215757339
13128,55555060,80382304,135937364,4,0,0,16896,16,9448190077
13129,55556100,80426293,135982393,0,0,0,14336,2,6430447508
13130,55558630,80205880,135764510,8,0,0,32768,17,189385042
13131,55564560,80201065,135765625,6,0,0,3584,13,1979311624
13132,55571560,80634981,136206541,9,0,0,6656,13,3905199396
13133,55574310,98486336,154060646,2,0,1,15872,12,5286343705
13134,55574940,80299315,135874255,4,0,0,3584,16,5620836118
13135,55578020,80273860,135851880,3,0,0,15360,1,8542526971
13136,55581180,80005825,135587005,9,0,0,14848,13,2444490396
13137,55584340,80493580,136077920,8,0,0,37376,17,4375442026
13138,55585240,80055827,135641067,4,0,0,12800,16,7779998087
13139,55600600,80455000,136055600,7,0,0,4096,4,2527949897
13140,55607550,80173847,135781397,2,0,0,8704,12,9103840670
13141,55611560,80450866,136062426,6,0,0,512,13,4595786983
13142,55611900,80570376,136182276,1,0,0,34816,15,5207981236
13143,55627640,80689191,136316831,6,0,0,10240,13,403055621
13144,55629841,98500315,154130156,9,0,1,13312,13,2275754899
13145,55631240,80495827,136127067,4,0,0,22016,16,9402533715
13146,55631861,98582362,154214223,9,0,1,4096,13,7435293551
13147,55633899,98582270,154216169,7,0,1,3072,4,10353603041
13148,55640220,80232920,135873140,0,0,0,50176,2,9970718039
13149,55653880,80657234,136311114,3,0,0,6144,1,6627134495
13150,55657940,80745233,136403173,9,0,0,6656,13,5538502299
13151,55659131,98574719,154233850,9,0,1,4608,13,6702225680
13152,55659530,80380930,136040460,3,0,0,44544,1,1257135275
13153,55659551,98574322,154233873,5,0,1,3584,13,2705164622
13154,55664269,98588884,154253153,4,0,1,512,16,1388878689
13155,55668309,80250633,135918942,7,0,0,14848,4,7751603153
13156,55678670,80229819,135908489,1,0,0,24576,15,6906676490
13157,55679780,80616266,136296046,0,0,0,23552,2,690115639
13158,55681840,80260298,135942138,0,0,0,1024,2,9823119610
13159,55681940,98571236,154253176,2,0,1,1024,12,2138133598
13160,55682940,80371389,136054329,0,0,0,11264,2,8894501237
13161,55683761,98574960,154258721,1,0,1,6144,15,2502039738
13162,55684330,98574414,154258744,3,0,1,1536,1,10271687767
13163,55690150,80221999,135912149,6,0,0,2048,13,3001479860
13164,55691200,80286802,135978002,0,0,0,35328,2,7138915598
13165,55691400,80707359,136398759,8,0,0,90624,17,4470023376
13166,55701051,98557716,154258767,6,0,1,4096,13,729593211
13167,55702420,80502054,136204474,0,0,0,47104,2,8551712055
13168,55706060,80803409,136509469,3,0,0,28160,1,5892236924
13169,55707300,80357224,136064524,6,0,0,3072,13,4657560868
13170,55707710,80726130,136433840,4,0,0,21504,16,5740345892
13171,55713250,80803477,136516727,4,0,0,8704,16,2965857560
13172,55714660,80519479,136234139,4,0,0,23552,16,4493182241
13173,55721889,80718838,136440727,7,0,0,22528,4,6414822125
13174,55723500,80575556,136299056,6,0,0,9728,13,10460108106
13175,55744650,80156328,135900978,1,0,0,16384,15,269175720
13176,55745150,80717791,136462941,1,0,0,12800,15,9831415515
13177,55749210,80706502,136455712,7,0,0,1024,4,7644060788
13178,55749830,80614701,136364531,4,0,0,5632,16,5139313717
13179,55754670,98596487,154351157,2,0,1,24576,12,2223356616
13180,55756340,80433759,136190099,9,0,0,25600,13,3180310230
13181,55772010,80321596,136093606,8,0,0,8704,17,5986632718
13182,55779069,98600004,154379073,7,0,1,7680,4,5282323611
13183,55791781,98590838,154382619,1,0,1,5632,15,468322061
13184,55793670,80633595,136427265,9,0,0,46080,13,8942465841
13185,55795200,80315768,136110968,9,0,0,9728,13,2500074382
13186,55795260,98608502,154403762,2,0,1,5120,12,4687834395
13187,55796880,80188656,135985536,1,0,0,10240,15,4537642423
13188,55801550,80753101,136554651,3,0,0,40448,1,10367632276
13189,55802420,80770778,136573198,8,0,0,22528,17,10001758796
13190,55817380,80491839,136309219,4,0,0,17920,16,1906120871
13191,55820530,81120933,136941463,4,0,0,23552,16,1512816650
13192,55832201,98671161,154503362,5,0,1,5120,13,2097248559
13193,55832500,80662933,136495433,1,0,0,5632,15,9386319685
13194,55833230,80254122,136087352,6,0,0,17920,13,10278639249
13195,55833840,98683686,154517526,2,0,1,23040,12,10590441613
13196,55841750,80809579,136651329,4,0,0,13824,16,3851373559
13197,55855170,80551458,136406628,1,0,0,11264,15,8231134391
13198,55855690,98865882,154721572,0,0,1,10752,2,529941985
13199,55857650,80498546,136356196,1,0,0,3072,15,6564845601
13200,55858661,98997921,154856582,5,0,1,22016,13,5226336633
13201,55858920,80542202,136401122,6,0,0,7680,13,1045916423
13202,55861230,80900121,136761351,0,0,0,81408,2,8838805170
13203,55861900,80549785,136411685,1,0,0,5120,15,9584666817
13204,55864960,81232192,137097152,9,0,0,47616,13,1800018895
13205,55865480,81334386,137199866,9,0,0,10752,13,9741373434
13206,55870920,80396649,136267569,4,0,0,29184,16,5414308807
13207,55871000,81349988,137220988,3,0,0,58880,1,5725062290
13208,55871581,99071215,154942796,1,0,1,2048,15,495649662
13209,55872270,80341761,136214031,4,0,0,23040,16,10399970952
13210,55873880,99068939,154942819,2,0,1,2048,12,8928149503
13211,55877720,81390705,137268425,4,0,0,32256,16,9499471520
13212,55881760,80700624,136582384,1,0,0,7168,15,8493161999
13213,55895581,99173807,155069388,6,0,1,1536,13,908713116
13214,55898580,99172754,155071334,8,0,1,3072,17,5115215432
13215,55902290,80873303,136775593,1,0,0,46592,15,9248984693
13216,55905790,81568489,137474279,4,0,0,124416,16,1899057789
13217,55905950,80756336,136662286,4,0,0,6144,16,6199737641
13218,55908850,80991918,136900768,0,0,0,26624,2,4195655984
13219,55909430,80361531,136270961,7,0,0,7168,4,10274824770
13220,55910380,81023884,136934264,0,0,0,54272,2,2736082550
13221,55912041,99941010,155853051,6,0,1,165376,13,1454276429
13222,55912580,81394849,137307429,0,0,0,29184,2,8709511142
13223,55915280,80646593,136561873,1,0,0,6656,15,4789782194
13224,55916190,81729197,137645387,6,0,0,15872,13,7312448990
13225,55916220,80881009,136797229,3,0,0,4096,1,3749461895
13226,55918770,80661142,136579912,7,0,0,4096,4,10330022456
13227,55929910,81420089,137349999,4,0,0,26624,16,9681010703
13228,55930320,80758635,136688955,6,0,0,5120,13,5398045682
13229,55933059,99923324,155856383,4,0,1,1536,16,4207545009
13230,55937890,80387093,136324983,0,0,0,14848,2,10677990103
13231,55940000,81067502,137007502,6,0,0,48640,13,1234253351
13232,55951910,99950833,155902743,0,0,1,6656,2,8516131204
13233,55954670,80951190,136905860,4,0,0,7168,16,1654602148
13234,55957290,80527054,136484344,4,0,0,1024,16,5115373477
13235,55957640,99957348,155914988,0,0,1,9728,2,3256974078
13236,55959180,99985228,155944408,8,0,1,10752,17,193212944
13237,55964610,81809130,137773740,6,0,0,41472,13,9965810366
13238,55984761,99960953,155945714,5,0,1,2048,13,3229485149
13239,55990090,80493919,136484009,7,0,0,48640,4,6230235115
13240,55994360,80531769,136526129,4,0,0,7680,16,6529667768
13241,55997090,80562732,136559822,9,0,0,16896,13,8991917129
13242,55999370,99950887,155950257,8,0,1,6656,17,2655119998
13243,56003640,99959244,155962884,8,0,1,6656,17,10409523300
13244,56009860,81628520,137638380,4,0,0,38400,16,7963930766
13245,56017890,100050439,156068329,2,0,1,30208,12,5372585674
13246,56018410,80590873,136609283,0,0,0,12288,2,6474826411
13247,56019920,80764767,136784687,9,0,0,29696,13,8253602205
13248,56026601,100122603,156149204,6,0,1,37376,13,1234878256
13249,56027240,81005801,137033041,9,0,0,7680,13,6373410376
13250,56029470,80613640,136643110,8,0,0,1024,17,841951326
13251,56031560,81450074,137481634,1,0,0,24064,15,7571297039
13252,56035390,80937625,136973015,7,0,0,62464,4,3934637517
13253,56038530,81065411,137103941,0,0,0,2048,2,4560361254
13254,56047580,80683060,136730640,6,0,0,7168,13,4968708817
13255,56051010,81187473,137238483,7,0,0,57344,4,6990273519
13256,56055830,80669654,136725484,6,0,0,3072,13,4562425663
13257,56057730,81768325,137826055,4,0,0,6144,16,4564389075
13258,56061930,81530475,137592405,3,0,0,42496,1,3101589682
13259,56065049,100182256,156247305,7,0,1,7168,4,8639899976
13260,56077410,100174465,156251875,0,0,1,8192,2,5150371814
13261,56079470,100242974,156322444,0,0,1,9728,2,5795399884
13262,56079890,81681191,137761081,6,0,0,20480,13,5322923949
13263,56080780,81122245,137203025,5,0,0,10240,13,5147017618
13264,56083400,80907988,136991388,3,0,0,44032,1,3706364329
13265,56085220,81643960,137729180,6,0,0,33792,13,644563216
13266,56085400,81876421,137961821,4,0,0,62976,16,3048483714
13267,56089640,80941038,137030678,4,0,0,24064,16,9363235464
13268,56091520,81415621,137507141,0,0,0,5120,2,4018737952
13269,56091879,100279976,156371855,7,0,1,5120,4,523607408
13270,56099660,81037152,137136812,6,0,0,48640,13,1332956757
13271,56101560,82014899,138116459,4,0,0,45568,16,7601870307
13272,56106880,81077069,137183949,7,0,0,34304,4,7514027938
13273,56109700,82343249,138452949,1,0,0,81920,15,5476543573
13274,56111110,80834767,136945877,3,0,0,8192,1,9684431455
13275,56114020,80689697,136803717,7,0,0,2560,4,9972206065
13276,56116500,81293075,137409575,8,0,0,38912,17,3526915577
13277,56117390,81079177,137196567,8,0,0,16896,17,10230879868
13278,56119801,100935144,157054945,6,0,1,158208,13,4236167921
13279,56130050,81032949,137162999,1,0,0,19968,15,9877169030
13280,56139960,81051344,137191304,3,0,0,24064,1,10076700780
13281,56140760,81614050,137754810,4,0,0,7168,16,10686388469
13282,56141250,81633761,137775011,3,0,0,4096,1,9901374770
13283,56145930,80846729,136992659,1,0,0,4096,15,5806494785
13284,56153640,81157712,137311352,8,0,0,12800,17,2371686857
13285,56154650,81018824,137173474,9,0,0,34304,13,591176748
13286,56154680,81170098,137324778,8,0,0,5632,17,23710419
13287,56155160,80788198,136943358,0,0,0,6144,2,1934860416
13288,56160470,80813660,136974130,1,0,0,3584,15,7389610057
13289,56162950,81711074,137874024,1,0,0,28160,15,6987045014
13290,56163000,81775938,137938938,1,0,0,8192,15,8350475721
13291,56176049,100920913,157096962,7,0,1,10240,4,3128028882
13292,56179610,100926798,157106408,0,0,1,11264,2,8960814249
13293,56188550,81081926,137270476,3,0,0,6656,1,2471624316
13294,56193551,100945640,157139191,6,0,1,6144,13,8925033726
13295,56194379,82436748,138631127,7,0,0,47104,4,10706214832
13296,56196509,100984559,157181068,7,0,1,11776,4,9884429181
13297,56212450,80842903,137055353,7,0,0,24064,4,3050742791
13298,56212541,100973253,157185794,5,0,1,4096,13,6331282239
13299,56214700,81221648,137436348,0,0,0,43008,2,7027338149
13300,56219900,82320514,138540414,2,0,0,16384,12,5812547808
13301,56223360,81455858,137679218,4,0,0,97792,16,4701255961
13302,56228930,81123319,137352249,2,0,0,3584,12,3522409815
13303,56228940,81891598,138120538,2,0,0,13312,12,2081246916
13304,56252910,80846495,137099405,2,0,0,7168,12,2612223553
13305,56260750,81557147,137817897,4,0,0,29184,16,1569589253
13306,56267830,80833338,137101168,8,0,0,1536,17,5422561350
13307,56269800,100920096,157189896,8,0,1,11776,17,2716636316
13308,56270680,81860021,138130701,1,0,0,33280,15,6053254791
13309,56285940,81307268,137593208,9,0,0,2560,13,5352712648
13310,56288961,100900958,157189919,6,0,1,1536,13,360225717
13311,56289480,81199821,137489301,2,0,0,25088,12,10412945570
13312,56290310,82446885,138737195,2,0,0,33280,12,9279806166
13313,56294249,81936905,138231154,7,0,0,77312,4,5817152459
13314,56299690,81452913,137752603,5,0,0,76800,13,10670335032
13315,56303470,100886472,157189942,0,0,1,2048,2,314015227
13316,56309870,100880103,157189973,0,0,1,4608,2,242511680
13317,56311459,100878537,157189996,7,0,1,7168,4,10322230826
13318,56315830,100892284,157208114,0,0,1,4096,2,6415900980
13319,56322740,81038954,137361694,2,0,0,11776,12,7247557743
13320,56324519,100916371,157240890,4,0,1,10240,16,4840962035
13321,56329220,82051386,138380606,5,0,0,75776,13,2769676952
13322,56329890,81160994,137490884,3,0,0,5120,1,3539072389
13323,56329910,81824751,138154661,9,0,0,17408,13,6617911726
13324,56337370,81454044,137791414,9,0,0,53760,13,2174572872
13325,56341749,100899487,157241236,4,0,1,512,16,5154739606
13326,56347770,81616726,137964496,5,0,0,8704,13,7820046377
13327,56348350,81679310,138027660,4,0,0,39936,16,5565250834
13328,56357030,100885512,157242542,8,0,1,2048,17,7285258929
13329,56359760,81464400,137824160,8,0,0,20480,17,8579828663
13330,56366650,81230013,137596663,4,0,0,11264,16,777158130
13331,56368779,81531491,137900270,7,0,0,10752,4,4604146322
13332,56368970,81198115,137567085,9,0,0,14848,13,6770516222
13333,56369721,100915475,157285196,9,0,1,4096,13,1753444928
13334,56370760,81606083,137976843,4,0,0,40448,16,827410229
13335,56379519,82465517,138845036,7,0,0,23552,4,2538175420
13336,56391219,100896883,157288102,4,0,1,4608,16,615479174
13337,56393429,100895339,157288768,4,0,1,1024,16,9070517732
13338,56394470,81316267,137710737,6,0,0,18432,13,6232792915
13339,56397330,82298215,138695545,4,0,0,74240,16,1459104142
13340,56399430,81743641,138143071,2,0,0,33280,12,4192387154
13341,56409520,81092003,137501523,2,0,0,34816,12,6889129034
13342,56411000,81721908,138132908,0,0,0,7168,2,4974276809
13343,56412601,100877153,157289754,5,0,1,1536,13,5742819889
13344,56415790,100883530,157299320,8,0,1,3072,17,3985453895
13345,56439420,81567369,138006789,9,0,0,50176,13,2533569796
13346,56439830,81842219,138282049,2,0,0,4096,12,2505270174
13347,56444700,81057581,137502281,5,0,0,1024,13,10184131821
13348,56450300,81652252,138102552,8,0,0,124416,17,4290286283
13349,56452070,81818895,138270965,5,0,0,61440,13,4808570403
13350,56461610,81526066,137987676,6,0,0,35328,13,2370442712
13351,56462100,82027742,138489842,5,0,0,91648,13,8540848654
13352,56468470,81737678,138206148,3,0,0,14336,1,10361415418
13353,56479120,100827491,157306611,2,0,1,14336,12,4562101234
13354,56479580,81686554,138166134,8,0,0,25600,17,9507892002
13355,56479690,81315803,137795493,6,0,0,13312,13,4406508632
13356,56488540,100841522,157330062,3,0,1,7680,1,4287793925
13357,56493361,100836724,157330085,6,0,1,2048,13,7067948989
13358,56499400,81658903,138158303,0,0,0,8192,2,7594733568
13359,56501009,100829099,157330108,4,0,1,1024,16,6977835906
13360,56504900,81702675,138207575,8,0,0,4608,17,3602919073
13361,56507270,82027326,138534596,5,0,0,58880,13,9449414240
13362,56509050,81734927,138243977,6,0,0,41984,13,9149528002
13363,56519000,82267860,138786860,0,0,0,49664,2,1765721480
13364,56520960,82431347,138952307,3,0,0,42496,1,6670523856
13365,56524220,81677537,138201757,1,0,0,58368,15,4805965404
13366,56528380,81893011,138421391,8,0,0,10240,17,9097313344
13367,56531071,100799060,157330131,1,0,1,512,15,8871618000
13368,56537209,81612125,138149334,7,0,0,20480,4,8268164065
13369,56542450,81629486,138171936,4,0,0,2048,16,5240752934
13370,56552539,81908085,138460624,7,0,0,25088,4,2558782502
13371,56553821,100783220,157337041,1,0,1,2560,15,6140805215
13372,56558400,81992364,138550764,2,0,0,2048,12,9635326633
13373,56559079,81995764,138554843,7,0,0,13312,4,2314128404
13374,56565450,81616200,138181650,4,0,0,9728,16,7963573469
13375,56567720,81684502,138252222,2,0,0,17408,12,7529255995
13376,56572719,100764345,157337064,4,0,1,1536,16,7522533521
13377,56574880,82450378,139025258,3,0,0,11776,1,6332219893
13378,56582360,81835888,138418248,1,0,0,118784,15,1724952784
13379,56582699,81799334,138382033,7,0,0,4608,4,1241272851
13380,56586840,81963277,138550117,6,0,0,31744,13,1747116432
13381,56593590,82047240,138640830,2,0,0,31744,12,10606669875
13382,56595120,81832846,138427966,0,0,0,21504,2,4222254458
13383,56595289,81735266,138330555,7,0,0,12288,4,4507111947
13384,56602690,81989254,138591944,2,0,0,17920,12,3971787068
13385,56604631,100732456,157337087,1,0,1,7680,15,6487804000
13386,56608750,81904272,138513022,3,0,0,19456,1,9890035050
13387,56611830,81968731,138580561,9,0,0,67072,13,5331282574
13388,56612590,81988437,138601027,1,0,0,4096,15,5057992602
13389,56613319,82002786,138616105,7,0,0,35328,4,775180819
13390,56615240,82664686,139279926,4,0,0,97280,16,7466642745
13391,56616620,100720490,157337110,3,0,1,3072,1,7807273869
13392,56617351,100719782,157337133,9,0,1,2048,13,5028966695
13393,56620459,81882845,138503304,7,0,0,27136,4,3242764556
13394,56620900,81534884,138155784,6,0,0,3584,13,2146634599
13395,56628520,81878551,138507071,2,0,0,12288,12,1431023736
13396,56633070,82115606,138748676,5,0,0,15872,13,7259982361
13397,56635010,82756577,139391587,2,0,0,2048,12,9232551675
13398,56635620,82029904,138665524,8,0,0,51712,17,7407110085
13399,56636970,81641289,138278259,0,0,0,512,2,7779760236
13400,56639190,82263230,138902420,1,0,0,36352,15,9631614143
13401,56646059,100691097,157337156,4,0,1,3072,16,10619232418
13402,56646840,82064725,138711565,1,0,0,16896,15,9691037314
13403,56648750,82024152,138672902,3,0,0,12288,1,5548139579
13404,56649099,82814864,139463963,7,0,0,37376,4,10076574665
13405,56653430,81808465,138461895,6,0,0,4096,13,2191779981
13406,56661969,82044371,138706340,7,0,0,35328,4,8657104042
13407,56663331,100673848,157337179,5,0,1,10240,13,5842569347
13408,56672019,82290653,138962672,7,0,0,12800,4,10658090475
13409,56675260,81841373,138516633,5,0,0,11776,13,10530716225
13410,56675351,100682385,157357736,6,0,1,3584,13,8567875968
13411,56678930,82187460,138866390,8,0,0,67584,17,3487752852
13412,56680980,81854419,138535399,0,0,0,2560,2,5812301896
13413,56681430,81813583,138495013,1,0,0,16896,15,5215880656
13414,56686010,82405739,139091749,5,0,0,24064,13,4079917950
13415,56693130,81892375,138585505,2,0,0,7680,12,5465484175
13416,56693201,100666327,157359528,5,0,1,6144,13,9552632937
13417,56694393,82032639,138727032,0,0,0,50688,2,9707843596
13418,56695960,82062248,138758208,1,0,0,28672,15,9571532600
13419,56700870,82190451,138891321,2,0,0,24576,12,9194038330
13420,56701041,100702364,157403405,1,0,1,6144,15,10047875424
13421,56701890,81947855,138649745,0,0,0,29184,2,322780076
13422,56717560,82191770,138909330,6,0,0,15360,13,4063830307
13423,56730050,82272851,139002901,1,0,0,57344,15,6680789262
13424,56738340,100666559,157404899,3,0,1,512,1,5033691235
13425,56739449,82199887,138939336,7,0,0,60416,4,2207000702
13426,56752480,100675867,157428347,3,0,1,10240,1,4104230605
13427,56753370,82005017,138758387,6,0,0,512,13,10250836458
13428,56762830,82141797,138904627,3,0,0,7168,1,6363258009
13429,56764460,82208796,138973256,5,0,0,18944,13,1609444779
13430,56767770,82102387,138870157,2,0,0,12288,12,1191527060
13431,56772120,81844632,138616752,8,0,0,2048,17,6754402697
13432,56772379,101287796,158060175,4,0,1,100352,16,895007171
13433,56787409,82257815,139045224,7,0,0,35840,4,10315612506
13434,56791560,82311860,139103420,5,0,0,2560,13,9706268203
13435,56795970,81873165,138669135,9,0,0,11776,13,295334510
13436,56799820,82599457,139399277,6,0,0,13824,13,7810995383
13437,56802889,82024431,138827320,7,0,0,5120,4,7135196259
13438,56805710,82828198,139633908,0,0,0,48640,2,7858609604
13439,56806679,82338699,139145378,7,0,0,33280,4,9195593181
13440,56808530,82112375,138920905,3,0,0,37888,1,9272401001
13441,56809260,101265671,158074931,2,0,1,4608,12,4341333080
13442,56810020,82175386,138985406,6,0,0,3584,13,9725889698
13443,56819780,82135670,138955450,2,0,0,10240,12,5405775357
13444,56821670,82242811,139064481,0,0,0,11776,2,6088259994
13445,56824240,82627448,139451688,0,0,0,8192,2,9463320992
13446,56824260,101250702,158074962,3,0,1,12800,1,9649728071
13447,56841461,101236880,158078341,5,0,1,7168,13,6519174590
13448,56848330,82715344,139563674,9,0,0,29696,13,6332659809
13449,56851190,82452080,139303270,0,0,0,17408,2,6172045409
13450,56854350,82212658,139067008,2,0,0,8192,12,6956055261
13451,56855390,82523313,139378703,2,0,0,46080,12,7520879655
13452,56855800,82307229,139163029,8,0,0,57856,17,2343621957
13453,56858330,101224517,158082847,2,0,1,7168,12,273450737
13454,56859030,82528143,139387173,8,0,0,1024,17,5140838670
13455,56859870,82545225,139405095,4,0,0,18944,16,4549698379
13456,56870260,82190610,139060870,1,0,0,43520,15,10219447812
13457,56870660,101214773,158085433,8,0,1,4096,17,8293356046
13458,56873380,82745685,139619065,9,0,0,28672,13,6838106168
13459,56877520,82309917,139187437,6,0,0,32768,13,6429663950
13460,56877640,101208152,158085792,8,0,1,9728,17,279207188
13461,56885310,81998500,138883810,0,0,0,23040,2,10334728039
13462,56887020,82071729,138958749,5,0,0,10752,13,10690551242
13463,56890249,101196529,158086778,7,0,1,1536,4,5454057904
13464,56890340,82902578,139792918,4,0,0,19968,16,874372494
13465,56895780,82808555,139704335,9,0,0,10752,13,4660724979
13466,56898320,82338210,139236530,9,0,0,3072,13,5879262266
13467,56904980,82126876,139031856,8,0,0,2048,17,8326854461
13468,56910310,82094798,139005108,6,0,0,7168,13,1226806126
13469,56910550,101206194,158116744,8,0,1,6144,17,1315705897
13470,56914980,82737016,139651996,6,0,0,12288,13,5145599884
13471,56917530,82288642,139206172,8,0,0,24064,17,2474620791
13472,56921710,82053724,138975434,0,0,0,6144,2,8230440851
13473,56922500,82472542,139395042,9,0,0,11264,13,5380988407
13474,56924240,82566767,139491007,2,0,0,12800,12,7784560687
13475,56926830,82250600,139177430,9,0,0,5120,13,2261747400
13476,56932450,82838554,139771004,0,0,0,6144,2,9158102773
13477,56942220,82125591,139067811,0,0,0,2560,2,1796985139
13478,56943420,82179286,139122706,3,0,0,18432,1,6638934613
13479,56945699,82368747,139314446,7,0,0,24064,4,8494421466
13480,56948739,82301501,139250240,7,0,0,27136,4,4494271196
13481,56952980,82176888,139129868,8,0,0,6144,17,3111507704
13482,56967341,101174599,158141940,9,0,1,7168,13,8036317164
13483,56968961,101173235,158142196,5,0,1,9216,13,2780038509
13484,56984490,82342535,139327025,9,0,0,9728,13,8223043810
13485,56990330,82057257,139047587,0,0,0,7680,2,9621631869
13486,56998409,82210995,139209404,7,0,0,3072,4,8019990724
13487,57012530,101130639,158143169,3,0,1,12800,1,7000694815
13488,57018810,82279133,139297943,6,0,0,44032,13,9399191430
13489,57020530,82488330,139508860,1,0,0,23552,15,9623297227
13490,57021530,82421954,139443484,2,0,0,9216,12,9237193319
13491,57027320,82208251,139235571,8,0,0,65024,17,8541355060
13492,57027700,82256804,139284504,7,0,0,14848,4,65585198
13493,57038770,82536702,139575472,3,0,0,11264,1,6971740506
13494,57040500,82346338,139386838,1,0,0,26624,15,6975138384
13495,57042590,82088820,139131410,6,0,0,2560,13,8809069611
13496,57048380,82612691,139661071,9,0,0,4096,13,10044014652
13497,57048469,101524697,158573166,4,0,1,217600,16,210724247
13498,57051550,82649486,139701036,8,0,0,35328,17,245287165
13499,57053420,82487136,139540556,2,0,0,19456,12,3811238408
13500,57054270,82411120,139465390,1,0,0,4608,15,8183457273
13501,57056190,82395685,139451875,9,0,0,512,13,8554315440
13502,57058390,82917002,139975392,0,0,0,33280,2,3795854354
13503,57058509,101588189,158646698,7,0,1,17920,4,9316406932
13504,57074000,82316940,139390940,8,0,0,12288,17,387131658
13505,57075190,82289450,139364640,9,0,0,56320,13,6646382365
13506,57079020,82847478,139926498,8,0,0,30208,17,7836613114
13507,57081360,82326970,139408330,1,0,0,10240,15,9182790579
13508,57083080,82366089,139449169,8,0,0,7680,17,5441224248
13509,57085560,82582138,139667698,5,0,0,10752,13,2207723896
13510,57086179,82329655,139415834,7,0,0,13312,4,927624834
13511,57086259,101560470,158646729,7,0,1,13824,4,1577530112
13512,57086400,82828443,139914843,1,0,0,29696,15,9424464086
13513,57092260,101593163,158685423,3,0,1,17408,1,10323984543
13514,57095750,82405911,139501661,9,0,0,34816,13,2214352992
13515,57096601,101645284,158741885,1,0,1,18432,15,3973124043
13516,57105660,82832303,139937963,4,0,0,19456,16,6326123066
13517,57107670,82580060,139687730,6,0,0,36352,13,567643762
13518,57108420,82745531,139853951,2,0,0,16896,12,9725038279
13519,57111400,82781655,139893055,0,0,0,14336,2,2117595171
13520,57117400,82987346,140104746,3,0,0,63488,1,4376385774
13521,57127581,101614327,158741908,1,0,1,4608,15,9482995883
13522,57127849,82632643,139760492,7,0,0,57344,4,5077398143
13523,57129420,101612511,158741931,0,0,1,10240,2,8708734563
13524,57133349,82828116,139961465,7,0,0,5632,4,5094107893
13525,57134660,101607785,158742445,3,0,1,26624,1,6270653933
13526,57137140,101605328,158742468,8,0,1,6656,17,1788869885
13527,57140130,83168376,140308506,4,0,0,56320,16,3312064600
13528,57148910,82756862,139905772,1,0,0,34816,15,5330924356
13529,57149360,83197379,140346739,6,0,0,71168,13,115762945
13530,57152950,82914830,140067780,0,0,0,37888,2,10502663606
13531,57153920,101588571,158742491,2,0,1,512,12,6555975863
13532,57157690,82802036,139959726,4,0,0,4096,16,9344353626
13533,57157790,82774222,139932012,9,0,0,512,13,10536968299
13534,57159589,101870068,159029657,4,0,1,174080,16,633577866
13535,57169149,82777662,139946811,7,0,0,19456,4,3571735441
13536,57172060,82828985,140001045,1,0,0,8192,15,2591139492
13537,57176950,82754883,139931833,9,0,0,17408,13,1780151817
13538,57181680,82474244,139655924,4,0,0,7680,16,1923672638
13539,57191379,102434621,159626000,4,0,1,316928,16,6052471006
13540,57192700,82379317,139572017,4,0,0,11776,16,8098699246
13541,57196420,82692244,139888664,4,0,0,34304,16,1173898377
13542,57197000,82951268,140148268,1,0,0,11776,15,3642036831
13543,57197550,83268175,140465725,9,0,0,44544,13,5496113864
13544,57198789,102430757,159629546,7,0,1,5632,4,4090548027
13545,57198810,102455972,159654782,0,0,1,13312,2,965939875
13546,57200470,83010944,140211414,2,0,0,121856,12,9185498183
13547,57200880,83669401,140870281,5,0,0,29696,13,8972986598
13548,57203410,82654152,139857562,6,0,0,11776,13,4832985792
13549,57211360,83394735,140606095,9,0,0,65536,13,8292250833
13550,57221981,102433467,159655448,1,0,1,11264,15,1218697450
13551,57222590,83362931,140585521,4,0,0,13312,16,8103469329
13552,57223100,82467149,139690249,0,0,0,8192,2,2137236811
13553,57225659,82413732,139639391,7,0,0,17920,4,5113609736
13554,57226991,102481984,159708975,1,0,1,4096,15,465709857
13555,57238630,82559066,139797696,2,0,0,512,12,6529268686
13556,57252629,102456369,159708998,7,0,1,6144,4,2388398879
13557,57253250,82705205,139958455,2,0,0,25088,12,7362694941
13558,57254579,82732462,139987041,7,0,0,9216,4,6835554680
13559,57261119,82687119,139948238,7,0,0,4608,4,6151019382
13560,57267680,83081757,140349437,1,0,0,3072,15,5656282474
13561,57267890,83664250,140932140,0,0,0,512,2,2420589039
13562,57271860,83361253,140633113,9,0,0,22016,13,4497886909
13563,57276270,82458539,139734809,8,0,0,24576,17,1682379756
13564,57279080,82777133,140056213,1,0,0,55808,15,7324649715
13565,57286411,102431035,159717446,1,0,1,2560,15,9916820813
13566,57288509,102483237,159771746,7,0,1,22528,4,4397975042
13567,57288730,102484322,159773052,0,0,1,2048,2,8390232787
13568,57293240,82447832,139741072,9,0,0,20480,13,2606216020
13569,57298630,82822110,140120740,1,0,0,37376,15,8553349195
13570,57299740,82934142,140233882,4,0,0,49664,16,4319936076
13571,57305620,82728204,140033824,1,0,0,2560,15,1747202473
13572,57310330,82973459,140283789,1,0,0,58368,15,5709149259
13573,57311069,83047774,140358843,7,0,0,20480,4,2611110041
13574,57312291,102463347,159775638,5,0,1,4096,13,2932000630
13575,57321400,82536349,139857749,5,0,0,512,13,10638563288
13576,57322310,82786385,140108695,6,0,0,5120,13,4295847975
13577,57322770,83029810,140352580,1,0,0,10240,15,3357693736
13578,57325520,83839873,141165393,0,0,0,64000,2,5036326576
13579,57328740,83019738,140348478,6,0,0,5632,13,4483682426
13580,57332500,102808316,160140816,0,0,1,278016,2,5291934973
13581,57333199,102807640,160140839,7,0,1,4096,4,7162689837
13582,57333450,102807412,160140862,8,0,1,1536,17,796590974
13583,57334860,83362033,140696893,4,0,0,2560,16,6612668414
13584,57338710,82952590,140291300,1,0,0,24576,15,6755327271
13585,57341450,83067559,140409009,4,0,0,83968,16,1534366765
13586,57346600,83210507,140557107,5,0,0,49664,13,3899780211
13587,57348890,83118730,140467620,9,0,0,6144,13,5516869707
13588,57349910,83617690,140967600,5,0,0,27648,13,6078550043
13589,57350620,83009026,140359646,5,0,0,2560,13,10695756131
13590,57361250,102963044,160324294,0,0,1,199168,2,4731936448
13591,57363470,83254995,140618465,6,0,0,30720,13,5940502052
13592,57365140,82795713,140160853,6,0,0,6656,13,5998955776
13593,57370670,83250470,140621140,5,0,0,8704,13,9791047315
13594,57374269,83129786,140504055,7,0,0,36864,4,4436371552
13595,57376699,83704403,141081102,7,0,0,15360,4,10336356868
13596,57377820,82940545,140318365,8,0,0,32256,17,2708500094
13597,57379210,102945750,160324960,8,0,1,1024,17,5309339627
13598,57383660,83295474,140679134,8,0,0,48640,17,7398245431
13599,57390080,83847337,141237417,0,0,0,14848,2,4727105269
13600,57391430,103027486,160418916,0,0,1,77312,2,10005229963
13601,57397530,103023972,160421502,3,0,1,4096,1,2865561685
13602,57406030,103016458,160422488,8,0,1,1536,17,10642723442
13603,57417860,83438327,140856187,1,0,0,149504,15,9695486282
13604,57430951,103024418,160455369,6,0,1,4608,13,6240174390
13605,57434180,82926425,140360605,4,0,0,3072,16,893523283
13606,57441500,83537081,140978581,9,0,0,5632,13,957982293
13607,57448481,103009274,160457755,5,0,1,6656,13,10737093151
13608,57454720,83106423,140561143,2,0,0,4096,12,3123964183
13609,57460249,82616671,140076920,7,0,0,1536,4,9919246795
13610,57464670,84029618,141494288,0,0,0,39424,2,10563134879
13611,57468620,83068155,140536775,8,0,0,33280,17,8720893360
13612,57469140,83226950,140696090,7,0,0,4096,4,7555922329
13613,57469410,83282632,140752042,3,0,0,19456,1,3181022088
13614,57472810,83216830,140689640,9,0,0,10240,13,2863901868
13615,57473810,83400706,140874516,0,0,0,13824,2,592019270
13616,57476310,83187973,140664283,4,0,0,19968,16,10547177466
13617,57487850,83471303,140959153,1,0,0,21504,15,5065639403
13618,57488690,83120392,140609082,5,0,0,9728,13,8950988602
13619,57491810,83028804,140520614,9,0,0,54272,13,4103244751
13620,57496310,83312954,140809264,5,0,0,1024,13,2050188336
13621,57506519,83898402,141404921,7,0,0,35328,4,4276328116
13622,57507660,103150791,160658451,0,0,1,181760,2,67276335
13623,57512410,83027361,140539771,0,0,0,512,2,8455986009
13624,57514039,82954080,140468119,7,0,0,1536,4,6099320389
13625,57519490,83175321,140694811,5,0,0,16896,13,2575757023
13626,57522620,83223233,140745853,5,0,0,15360,13,9359022402
13627,57522680,83254283,140776963,1,0,0,24576,15,1506299862
13628,57526971,103131511,160658482,5,0,1,5120,13,9168965200
13629,57527260,83183493,140710753,8,0,0,31232,17,2656570675
13630,57529110,83157379,140686489,9,0,0,24064,13,6304465990
13631,57531491,103127014,160658505,1,0,1,13312,15,4982358773
13632,57534570,83089401,140623971,5,0,0,9216,13,4170778006
13633,57538930,83478306,141017236,1,0,0,14336,15,9855604338
13634,57548270,83165470,140713740,5,0,0,9728,13,4274870973
13635,57552321,103118904,160671225,1,0,1,3072,15,10158545872
13636,57554370,83377560,140931930,2,0,0,55296,12,1250176036
13637,57558621,103133246,160691867,6,0,1,1024,13,10136766381
13638,57567330,83347729,140915059,1,0,0,59392,15,7866126797
13639,57572131,103119759,160691890,9,0,1,11264,13,7863080779
13640,57579050,83477086,141056136,0,0,0,10752,2,5629328900
13641,57580420,84038285,141618705,3,0,0,3584,1,6061514723
13642,57582579,103109334,160691913,7,0,1,2560,4,3480965961
13643,57587760,83607030,141194790,8,0,0,16384,17,1025666828
13644,57587870,83769078,141356948,0,0,0,1024,2,847290950
13645,57596311,103110584,160706895,1,0,1,6656,15,163588188
13646,57600010,83164917,140764927,3,0,0,19968,1,7300839614
13647,57600990,83451839,141052829,4,0,0,52224,16,1398395968
13648,57601590,83176176,140777766,2,0,0,2560,12,8279244756
13649,57608820,83373372,140982192,8,0,0,11776,17,7704026228
13650,57611299,83604918,141216217,7,0,0,27136,4,1599634967
13651,57616011,103093790,160709801,5,0,1,4608,13,3966291044
13652,57617359,83528511,141145870,7,0,0,87552,4,10027090745
13653,57619290,83659206,141278496,1,0,0,23552,15,8364242548
13654,57619830,83569945,141189775,6,0,0,33280,13,3167079772
13655,57622850,83327093,140949943,4,0,0,23552,16,3385766469
13656,57625900,83235310,140861210,5,0,0,16384,13,8487288249
13657,57626609,84037956,141664565,7,0,0,28160,4,3503958505
13658,57631311,103087725,160719036,9,0,1,1536,13,8384319778
13659,57631740,83547872,141179612,6,0,0,46592,13,9796259946
13660,57632740,83913264,141546004,0,0,0,21504,2,4375311102
13661,57633400,83812926,141446326,9,0,0,65024,13,1303553592
13662,57640250,83957630,141597880,9,0,0,111104,13,2427951843
13663,57640350,82984112,140624462,0,0,0,1536,2,3731873766
13664,57641820,103077247,160719067,8,0,1,2048,17,6060282874
13665,57645860,83679529,141325389,5,0,0,137216,13,7397766595
13666,57650690,83292054,140942744,9,0,0,15360,13,1530120693
13667,57650800,84108919,141759719,1,0,0,102400,15,4668486240
13668,57653120,83383774,141036894,4,0,0,16384,16,9793620939
13669,57657680,83613617,141271297,6,0,0,46592,13,5950668063
13670,57657790,83217373,140875163,0,0,0,2048,2,4250206890
13671,57663950,83969754,141633704,3,0,0,49152,1,5615522072
13672,57670600,83893405,141564005,1,0,0,30208,15,4372282474
13673,57675519,103149737,160825256,4,0,1,113664,16,1360417443
13674,57675660,83820055,141495715,1,0,0,4608,15,459591790
13675,57675909,103158786,160834695,7,0,1,16384,4,1424661809
13676,57677609,83796357,141473966,7,0,0,20992,4,863803186
13677,57682889,103629546,161312435,4,0,1,224768,16,9835630462
13678,57686660,103626601,161313261,3,0,1,2048,1,1308080057
13679,57692230,83638642,141330872,6,0,0,17920,13,3164482670
13680,57694561,103625988,161320549,5,0,1,32256,13,8592275419
13681,57694619,103793578,161488197,4,0,1,125440,16,5458759566
13682,57697940,83498121,141196061,5,0,0,4096,13,80555964
13683,57705770,84074587,141780357,3,0,0,48128,1,7811784211
13684,57705880,83982585,141688465,8,0,0,5632,17,5242981005
13685,57712501,103775719,161488220,5,0,1,5120,13,3841910273
13686,57716030,83923024,141639054,3,0,0,15360,1,9516508243
13687,57716440,83901150,141617590,4,0,0,64512,16,6341426609
13688,57719109,83312770,141031879,7,0,0,41984,4,5105261471
13689,57741770,103746473,161488243,8,0,1,19968,17,2533409991
13690,57747031,103741235,161488266,9,0,1,3584,13,6747036844
13691,57751450,83675041,141426491,0,0,0,16384,2,104566289
13692,57759469,83485571,141245040,7,0,0,15360,4,1610131635
13693,57759550,83578099,141337649,0,0,0,6144,2,7025462571
13694,57765110,83291829,141056939,0,0,0,2560,2,57696628
13695,57765770,83465853,141231623,2,0,0,9216,12,8253274421
13696,57771790,103716499,161488289,2,0,1,1024,12,9607437131
13697,57772940,83775427,141548367,1,0,0,7680,15,7703104752
13698,57774000,83481009,141255009,2,0,0,24576,12,3407361991
13699,57774279,83904948,141679227,7,0,0,4096,4,10164035887
13700,57778291,103710021,161488312,5,0,1,8704,13,2696987806
13701,57779690,84048199,141827889,2,0,0,39424,12,8102364259
13702,57781219,84022990,141804209,7,0,0,9728,4,7862803067
13703,57787209,103702553,161489762,7,0,1,7680,4,2676084367
13704,57789400,83750029,141539429,1,0,0,17920,15,9783747092
13705,57796700,83537471,141334171,6,0,0,10752,13,6301957812
13706,57798151,103693327,161491478,9,0,1,2560,13,2529438268
13707,57801869,83533885,141335754,7,0,0,5120,4,7492002233
13708,57805070,83693164,141498234,4,0,0,8192,16,7740497740
13709,57805330,84147733,141953063,3,0,0,78848,1,2950842485
13710,57806360,83608123,141414483,6,0,0,22016,13,7985784891
13711,57806690,83476353,141283043,1,0,0,14848,15,5569620883
13712,57808259,83654949,141463208,7,0,0,28160,4,7575097793
13713,57811081,103718725,161529806,1,0,1,8704,15,3959448210
13714,57824210,84020706,141844916,1,0,0,55808,15,10359618324
13715,57825851,103704109,161529960,5,0,1,8704,13,4280609181
13716,57832480,84037253,141869733,5,0,0,53248,13,5080094767
13717,57833710,84135966,141969676,3,0,0,6656,1,7951700299
13718,57834010,84133615,141967625,3,0,0,46592,1,9552124019
13719,57834190,84233698,142067888,4,0,0,38912,16,6523092290
13720,57836610,83979244,141815854,4,0,0,19968,16,4697062167
13721,57840279,83567473,141407752,7,0,0,9216,4,8475682706
13722,57844830,103693751,161538581,3,0,1,13312,1,4539014963
13723,57850240,83543894,141394134,9,0,0,29696,13,4035286943
13724,57856700,84308910,142165610,0,0,0,5632,2,3248819013
13725,57856960,103825942,161682902,0,0,1,129536,2,8988632615
13726,57860650,84010214,141870864,0,0,0,3584,2,9450913041
13727,57861710,84285291,142147001,2,0,0,512,12,10665423994
13728,57863620,83981521,141845141,0,0,0,512,2,9857848552
13729,57866960,103816928,161683888,8,0,1,1536,17,10119703583
13730,57870230,83657329,141527559,6,0,0,24576,13,7484075166
13731,57873870,83891800,141765670,0,0,0,19456,2,7793230592
13732,57887119,84041897,141929016,7,0,0,38912,4,2903357881
13733,57889650,83759392,141649042,9,0,0,2560,13,9045148086
13734,57893409,83981557,141874966,7,0,0,3072,4,7215998219
13735,57897449,83976558,141874007,7,0,0,10240,4,1562649658
13736,57901529,83816645,141718174,7,0,0,4096,4,5843728661
13737,57903329,103833124,161736453,4,0,1,53760,16,2235618836
13738,57904010,83945366,141849376,1,0,0,13824,15,4217323343
13739,57906400,84173320,142079720,2,0,0,7168,12,5137172045
13740,57909500,83768456,141677956,6,0,0,39424,13,8714193820
13741,57914471,103833883,161748354,9,0,1,4608,13,5791265492
13742,57917310,84229512,142146822,2,0,0,13824,12,4129037945
13743,57925919,103964884,161890803,4,0,1,149504,16,4956353228
13744,57932690,84528579,142461269,0,0,0,73216,2,6276240975
13745,57937570,84298550,142236120,6,0,0,18432,13,8935511130
13746,57942560,83910895,141853455,9,0,0,13312,13,2777007831
13747,57950891,103941538,161892429,5,0,1,2560,13,8201164820
13748,57952860,84274062,142226922,3,0,0,35328,1,493424412
13749,57953420,84166467,142119887,5,0,0,15872,13,8038385153
13750,57954120,83680231,141634351,4,0,0,2048,16,2452745176
13751,57961850,84293814,142255664,5,0,0,7680,13,7841305911
13752,57966150,83987248,141953398,0,0,0,1024,2,2519703300
13753,57966519,103963794,161930313,7,0,1,7680,4,8217717698
13754,57966920,103963739,161930659,3,0,1,512,1,8382665948
13755,57968750,83838660,141807410,8,0,0,9728,17,4234147620
13756,57974730,84543723,142518453,9,0,0,75264,13,9312866083
13757,57985580,84835823,142821403,9,0,0,14336,13,332438381
13758,57995820,84562170,142557990,3,0,0,123392,1,1271057631
13759,57996570,84166342,142162912,6,0,0,1024,13,2563363630
13760,58000020,84437951,142437971,9,0,0,92672,13,1192950992
13761,58000910,84405293,142406203,6,0,0,65024,13,455965224
13762,58002300,83971159,141973459,5,0,0,12288,13,8523152732
13763,58007290,103926301,161933591,0,0,1,4608,2,399159069
13764,58017830,84304649,142322479,8,0,0,41472,17,1516805131
13765,58019171,103915406,161934577,1,0,1,1536,15,9142818881
13766,58022700,84679915,142702615,3,0,0,50176,1,3424673903
13767,58023950,84838487,142862437,2,0,0,11776,12,3777583181
13768,58024710,103911493,161936203,3,0,1,2560,1,3002952959
13769,58026910,83867751,141894661,6,0,0,4096,13,9005020865
13770,58027710,84100624,142128334,0,0,0,27648,2,756456878
13771,58032551,103908815,161941366,1,0,1,2048,15,2416238035
13772,58034030,84154947,142188977,8,0,0,3072,17,625018555
13773,58041160,84228582,142269742,9,0,0,15872,13,2510276851
13774,58045049,84436232,142481281,7,0,0,25088,4,3086445712
13775,58046550,84241852,142288402,6,0,0,31744,13,3188639177
13776,58048100,84420601,142468701,8,0,0,10240,17,10264026571
13777,58052950,84254975,142307925,8,0,0,64000,17,8194161071
13778,58055410,103886827,161942237,8,0,1,12288,17,6469340525
13779,58058150,84108734,142166884,8,0,0,2048,17,2454675986
13780,58062060,84603625,142665685,6,0,0,76288,13,10457312775
13781,58062580,84613002,142675582,5,0,0,6144,13,6520695369
13782,58066171,103909893,161976064,5,0,1,16896,13,8991087868
13783,58070151,103910419,161980570,1,0,1,7168,15,3659001323
13784,58075070,84065059,142140129,8,0,0,1024,17,6133661947
13785,58075130,84334403,142409533,0,0,0,10752,2,6033102988
13786,58077650,84287068,142364718,5,0,0,51200,13,2486442856
13787,58082879,103913817,161996696,7,0,1,1024,4,5125412109
13788,58087551,103909168,161996719,1,0,1,17408,15,8318241409
13789,58094670,84654344,142749014,6,0,0,43008,13,8940786412
13790,58096700,84689032,142785732,6,0,0,7168,13,9113866575
13791,58102400,84499592,142601992,1,0,0,48128,15,6842495913
13792,58108940,84277405,142386345,2,0,0,50688,12,6745418640
13793,58111791,103903238,162015029,1,0,1,8192,15,6828582988
13794,58113850,103910775,162024625,0,0,1,2048,2,921084950
13795,58115410,103919401,162034811,0,0,1,3072,2,2473125323
13796,58117840,84081009,142198849,1,0,0,11776,15,759107289
13797,58118060,84220001,142338061,1,0,0,7680,15,7549914820
13798,58120950,84442367,142563317,1,0,0,17408,15,10018000859
13799,58125720,84036857,142162577,4,0,0,7168,16,7517943718
13800,58128120,84143361,142271481,5,0,0,5632,13,282372593
13801,58128611,103906223,162034834,1,0,1,2560,15,1356665424
13802,58132760,84329944,142462704,8,0,0,4608,17,3751918297
13803,58135010,84303920,142438930,6,0,0,3072,13,956213544
13804,58137840,84171980,142309820,9,0,0,6144,13,7562082023
13805,58148330,84325261,142473591,2,0,0,7168,12,1347997334
13806,58151940,103884110,162036050,0,0,1,1536,2,217580329
13807,58157710,84891045,143048755,2,0,0,22528,12,9638059209
13808,58160010,84249702,142409712,2,0,0,512,12,2178376675
13809,58162110,84554677,142716787,2,0,0,7168,12,99079110
13810,58163410,84725134,142888544,9,0,0,15872,13,6453561904
13811,58164140,84307244,142471384,9,0,0,8704,13,6888729280
13812,58164859,84667806,142832665,7,0,0,13312,4,7796931266
13813,58167150,84595147,142762297,4,0,0,43520,16,4511674022
13814,58168940,84468048,142636988,6,0,0,22016,13,9614149304
13815,58170350,84435097,142605447,1,0,0,11264,15,7679476491
13816,58171480,84294055,142465535,1,0,0,9216,15,6548264678
13817,58180511,103859646,162040157,9,0,1,9728,13,4258708644
13818,58184160,84720709,142904869,1,0,0,19968,15,6819691619
13819,58186540,84773475,142960015,1,0,0,41984,15,2569820556
13820,58189361,103881761,162071122,1,0,1,4096,15,4633712805
13821,58192220,84826024,143018244,9,0,0,51712,13,4002284865
13822,58199309,103872479,162071788,7,0,1,1024,4,3591858810
13823,58204029,84957351,143161380,7,0,0,33280,4,3216313769
13824,58206930,85005578,143212508,4,0,0,10240,16,889393486
13825,58207910,103865824,162073734,0,0,1,3072,2,8063421430
13826,58210610,84463077,142673687,1,0,0,26112,15,2327260874
13827,58216150,103858570,162074720,0,0,1,1536,2,4255542532
13828,58220850,84969646,143190496,4,0,0,23040,16,8670293182
13829,58221811,103857668,162079479,5,0,1,3584,13,220635896
13830,58222650,103916176,162138826,3,0,1,9216,1,3514793979
13831,58222830,84560695,142783525,3,0,0,67584,1,7089096485
13832,58232200,84795279,143027479,1,0,0,30208,15,937316662
13833,58234530,84916687,143151217,2,0,0,130560,12,3531954689
13834,58236450,84486907,142723357,2,0,0,1536,12,9807980054
13835,58237010,84470083,142707093,5,0,0,4608,13,6934309915
13836,58238781,103900301,162139082,1,0,1,9216,15,8616142272
13837,58239090,84442599,142681689,5,0,0,19968,13,7664981641
13838,58239810,85072576,143312386,4,0,0,7168,16,10410141105
13839,58243550,84854183,143097733,8,0,0,10752,17,4832175327
13840,58244750,103908234,162152984,2,0,1,2048,12,3821356680
13841,58253930,84979163,143233093,3,0,0,4096,1,5684294361
13842,58259100,84905423,143164523,2,0,0,10240,12,10257156148
13843,58263960,84582612,142846572,9,0,0,45568,13,3479965966
13844,58265110,84730683,142995793,2,0,0,7168,12,5517576741
13845,58268080,84956330,143224410,9,0,0,14336,13,46479898
13846,58270691,103888507,162159198,5,0,1,3584,13,5891105519
13847,58270870,84759908,143030778,8,0,0,10752,17,193216566
13848,58275259,103915383,162190642,4,0,1,56832,16,9300922977
13849,58275540,84788305,143063845,6,0,0,5120,13,1869574012
13850,58279130,84930235,143209365,9,0,0,52224,13,3139299448
13851,58280910,84995266,143276176,8,0,0,12288,17,8820041436
13852,58287960,84681906,142969866,2,0,0,32256,12,1944072751
13853,58295920,103956186,162252106,0,0,1,1024,2,5935902381
13854,58295921,103956208,162252129,1,0,1,512,15,2543330030
13855,58296220,103955932,162252152,3,0,1,512,1,3597790734
13856,58298050,84868688,143166738,1,0,0,7168,15,7754296631
13857,58300290,84794017,143094307,9,0,0,3584,13,1375522848
13858,58300700,84982363,143283063,1,0,0,22528,15,4065105315
13859,58304910,84607470,142912380,0,0,0,24576,2,4103051237
13860,58305310,84888120,143193430,0,0,0,7168,2,7889765061
13861,58307110,84695355,143002465,0,0,0,13824,2,8572791221
13862,58315410,85109723,143425133,1,0,0,138240,15,2943456027
13863,58315651,104020604,162336255,9,0,1,18944,13,1996908340
13864,58320320,84739409,143059729,3,0,0,11776,1,2637567858
13865,58328420,84855033,143183453,8,0,0,54784,17,4779068820
13866,58334400,85103571,143437971,2,0,0,31232,12,7500017992
13867,58334500,84971562,143306062,5,0,0,33792,13,4102827036
13868,58336830,85120874,143457704,8,0,0,4608,17,1979126200
13869,58345230,84874789,143220019,9,0,0,24576,13,4762059666
13870,58345950,84890393,143236343,9,0,0,3584,13,4433188164
13871,58355850,104037251,162393101,8,0,1,3584,17,2464148506
13872,58360980,85095297,143456277,8,0,0,24064,17,2025764277
13873,58372931,104020193,162393124,5,0,1,4096,13,4360764066
13874,58373640,84916622,143290262,3,0,0,23552,1,6700262251
13875,58379800,85178814,143558614,3,0,0,19968,1,10108580419
13876,58379810,104013337,162393147,3,0,1,14336,1,10045120452
13877,58380840,84974300,143355140,3,0,0,31744,1,8459319174
13878,58388519,104004651,162393170,7,0,1,9216,4,2514968509
13879,58394871,104003524,162398395,1,0,1,16896,15,822163963
13880,58395570,85148911,143544481,6,0,0,20480,13,8931281143
13881,58398780,84968159,143366939,4,0,0,12800,16,7045084131
13882,58406060,84842426,143248486,3,0,0,6144,1,10155170350
13883,58406480,84949307,143355787,4,0,0,2048,16,5732883095
13884,58407130,85041792,143448922,5,0,0,35840,13,5396862268
13885,58407839,84921615,143329454,7,0,0,4608,4,631784317
13886,58411311,104048984,162460295,5,0,1,2560,13,716811574
13887,58411480,85139108,143550588,0,0,0,19968,2,7165972743
13888,58414480,104045838,162460318,3,0,1,1024,1,4781929101
13889,58417090,85238395,143655485,2,0,0,23040,12,940200279
13890,58422150,85116068,143538218,5,0,0,11264,13,7635419709
13891,58429160,85154750,143583910,0,0,0,51200,2,3818216571
13892,58429930,84861923,143291853,5,0,0,5120,13,1170625216
13893,58430750,85200590,143631340,1,0,0,38400,15,2381882774
13894,58433960,85099688,143533648,2,0,0,76800,12,6104222094
13895,58441410,104020768,162462178,2,0,1,5632,12,463465255
13896,58441690,85303719,143745409,8,0,0,7168,17,8601980207
13897,58449840,85364543,143814383,9,0,0,24064,13,5656032423
13898,58453220,85267629,143720849,0,0,0,66048,2,2973374574
13899,58458050,85138472,143596522,6,0,0,14848,13,10334600202
13900,58460149,84968283,143428432,7,0,0,10752,4,5730707337
13901,58460630,85429863,143890493,8,0,0,7168,17,8445817202
13902,58462260,85275743,143738003,9,0,0,28672,13,1368811887
13903,58465401,104011210,162476611,1,0,1,4096,15,6818940950
13904,58475560,85500645,143976205,1,0,0,11264,15,627950915
13905,58477810,85440510,143918320,5,0,0,9216,13,4852803794
13906,58477951,104002846,162480797,5,0,1,6656,13,7110935715
13907,58478389,85409874,143888263,7,0,0,39424,4,5231826871
13908,58479410,85111543,143590953,1,0,0,23040,15,8433488139
13909,58482650,85201347,143683997,5,0,0,10752,13,9947853376
13910,58486140,85048623,143534763,4,0,0,3584,16,4805572202
13911,58492770,85338929,143831699,3,0,0,15360,1,6386438864
13912,58497581,103990630,162488211,5,0,1,3584,13,5900540311
13913,58499500,85307022,143806522,6,0,0,15872,13,10577068841
13914,58502220,85373962,143876182,5,0,0,145920,13,1112769600
13915,58506410,104015987,162522397,0,0,1,42496,2,473402185
13916,58508950,85485943,143994893,0,0,0,59904,2,10484335329
13917,58509490,85396711,143906201,3,0,0,1536,1,7739885595
13918,58521200,85377927,143899127,1,0,0,16896,15,3504089320
13919,58522400,85498379,144020779,1,0,0,10240,15,8871049550
13920,58523671,104044241,162567912,6,0,1,512,13,8772416402
13921,58527371,104040564,162567935,5,0,1,512,13,10557031470
13922,58530290,85363658,143893948,2,0,0,11264,12,7904067523
13923,58538490,85684890,144223380,5,0,0,44032,13,10255343383
13924,58539190,85282236,143821426,0,0,0,23040,2,8472133358
13925,58540640,85403801,143944441,9,0,0,17920,13,1389440059
13926,58540860,85600192,144141052,1,0,0,35328,15,9041493833
13927,58546240,85567310,144113550,1,0,0,17408,15,10315815429
13928,58548720,85356990,143905710,4,0,0,21504,16,4222472563
13929,58551250,85418898,143970148,2,0,0,35328,12,6310339571
13930,58551750,104016208,162567958,8,0,1,15872,17,2950817920
13931,58552350,85577915,144130265,4,0,0,54784,16,8689934707
13932,58552450,85638558,144191008,3,0,0,36352,1,9493342528
13933,58553550,85793339,144346889,4,0,0,5120,16,7137163841
13934,58562890,85706850,144269740,4,0,0,22528,16,3842416713
13935,58562960,86672760,145235720,1,0,0,59392,15,6058666253
13936,58563400,85646036,144209436,1,0,0,18432,15,7544540144
13937,58567770,104010383,162578153,3,0,1,4608,1,1834354185
13938,58579180,103998996,162578176,8,0,1,512,17,7584417873
13939,58579770,85454477,144034247,4,0,0,2560,16,846395111
13940,58580600,85560787,144141387,9,0,0,1024,13,2118597351
13941,58580790,85861557,144442347,9,0,0,1024,13,2601284070
13942,58583460,85841159,144424619,6,0,0,32256,13,5455344423
13943,58586050,104457850,163043900,3,0,1,94720,1,5087332303
13944,58596820,85503594,144100414,5,0,0,13824,13,6622284659
13945,58598960,85659126,144258086,8,0,0,13312,17,9781818592
13946,58608551,104509759,163118310,6,0,1,2560,13,3564248649
13947,58610370,85915610,144525980,6,0,0,18432,13,1227911156
13948,58615150,85826854,144442004,6,0,0,24064,13,3333598441
13949,58618070,85615591,144233661,4,0,0,2560,16,7712614954
13950,58620369,85938887,144559256,7,0,0,15360,4,1415029992
13951,58621520,85638172,144259692,2,0,0,5120,12,2890200716
13952,58631850,85739114,144370964,0,0,0,34816,2,7282095053
13953,58636830,85736659,144373489,3,0,0,1024,1,1956995643
13954,58639260,85658364,144297624,3,0,0,8192,1,9692666905
13955,58647290,85429548,144076838,0,0,0,15872,2,2750009777
13956,58647870,85820448,144468318,3,0,0,11264,1,5421545075
13957,58649960,85943163,144593123,8,0,0,18432,17,10284534327
13958,58652600,104465733,163118333,0,0,1,7680,2,2882311326
13959,58655951,105049158,163705109,1,0,1,329728,15,9264699069
13960,58656970,86122882,144779852,0,0,0,16896,2,3461760633
13961,58657770,86666540,145324310,3,0,0,10752,1,6582905074
13962,58679809,85789000,144468809,7,0,0,1536,4,2282317991
13963,58683710,105080374,163764084,3,0,1,43008,1,5456157047
13964,58684690,85787713,144472403,8,0,0,2560,17,4365003081
13965,58686580,85833761,144520341,3,0,0,26112,1,7123907192
13966,58686949,105113096,163800045,4,0,1,38912,16,4571871118
13967,58691520,86039648,144731168,2,0,0,7680,12,10500105707
13968,58692070,85742088,144434158,5,0,0,31232,13,7955191705
13969,58706200,86737880,145444080,1,0,0,24064,15,3138845416
13970,58709630,86162054,144871684,1,0,0,1024,15,2348264266
13971,58710069,85611846,144321915,7,0,0,2560,4,7753755325
13972,58711600,86319837,145031437,5,0,0,12288,13,8257270566
13973,58712500,86088383,144800883,2,0,0,17408,12,5121758961
13974,58712971,105098706,163811677,6,0,1,3584,13,213850769
13975,58713330,86458539,145171869,6,0,0,67072,13,6753458632
13976,58714920,86175212,144890132,1,0,0,14848,15,2401015271
13977,58718430,85653204,144371634,2,0,0,2048,12,5043468523
13978,58720130,86001295,144721425,3,0,0,16896,1,2361872253
13979,58728650,86245025,144973675,2,0,0,4608,12,2187202444
13980,58730219,86812722,145542941,7,0,0,64512,4,744742418
13981,58730719,85660106,144390825,7,0,0,15872,4,631993795
13982,58731040,85828551,144559591,3,0,0,1024,1,10322396447
13983,58731969,85879798,144611767,7,0,0,14848,4,1714556002
13984,58733740,85911811,144645551,1,0,0,29184,15,1572452904
13985,58733890,85798361,144532251,9,0,0,20480,13,4229424778
13986,58744510,86406900,145151410,0,0,0,6656,2,2315766252
13987,58750610,86200174,144950784,6,0,0,94720,13,5470514391
13988,58754810,85848611,144603421,9,0,0,17408,13,9114475047
13989,58761440,85785405,144546845,6,0,0,19456,13,4999581209
13990,58764120,86671490,145435610,0,0,0,47616,2,2384091269
13991,58766130,85668519,144434649,0,0,0,1536,2,9993911935
13992,58773570,86926755,145700325,8,0,0,24064,17,6569664746
13993,58775490,105041149,163816639,0,0,1,4096,2,3584667689
13994,58777010,86195215,144972225,5,0,0,19456,13,2911824474
13995,58777711,105040098,163817809,9,0,1,5632,13,5209486447
13996,58777760,86249910,145027670,1,0,0,46080,15,2533833137
13997,58782220,85900062,144682282,3,0,0,9728,1,5295609249
13998,58785610,105057179,163842789,3,0,1,63488,1,9673683613
13999,58791840,86250851,145042691,9,0,0,36352,13,310612543
14000,58793880,86727231,145521111,6,0,0,79872,13,8757520619
14001,58800750,85740144,144540894,9,0,0,11776,13,1930185733
14002,58814570,86878400,145692970,3,0,0,6656,1,2402970079
14003,58835159,85878273,144713432,7,0,0,25088,4,2089974977
14004,58842770,86426998,145269768,4,0,0,2560,16,3700825034
14005,58845060,86026289,144871349,6,0,0,40960,13,4291329625
14006,58846940,86647277,145494217,4,0,0,44032,16,2123748394
14007,58849330,86455844,145305174,1,0,0,14336,15,8573333292
14008,58852879,105005990,163858869,7,0,1,1024,4,1475839736
14009,58855530,105003362,163858892,8,0,1,14336,17,7654374924
14010,58864830,86185840,145050670,5,0,0,26112,13,9623381915
14011,58865090,86455921,145321011,6,0,0,23552,13,9790944488
14012,58868611,104997659,163866270,5,0,1,10240,13,7898855915
14013,58868720,86735436,145604156,6,0,0,2560,13,751847406
14014,58874170,85915221,144789391,2,0,0,31232,12,265237510
14015,58874770,105006849,163881619,0,0,1,1536,2,795281916
14016,58876110,86341491,145217601,4,0,0,23040,16,8160937197
14017,58882860,86586716,145469576,4,0,0,11776,16,3312901362
14018,58883680,104998688,163882368,0,0,1,6144,2,4666072684
14019,58884390,85871921,144756311,8,0,0,1024,17,6758385364
14020,58886700,105041051,163927751,8,0,1,2560,17,4984894179
14021,58903840,86100228,145004068,9,0,0,37376,13,3958143509
14022,58906069,86107538,145013607,7,0,0,31232,4,7034667063
14023,58910540,86338806,145249346,9,0,0,32256,13,2879365955
14024,58910721,105017696,163928417,6,0,1,1024,13,7517477424
14025,58918030,85828699,144746729,0,0,0,12288,2,4887909953
14026,58920300,105011343,163931643,2,0,1,5120,12,5828347387
14027,58935940,86303547,145239487,9,0,0,12288,13,10392000698
14028,58949420,105296412,164245832,3,0,1,180736,1,3291180582
14029,58950610,105295245,164245855,0,0,1,1536,2,7416555596
14030,58952300,86484425,145436725,1,0,0,3584,15,8020537560
14031,58952800,86592840,145545640,5,0,0,8704,13,9764487412
14032,58954611,105292342,164246953,6,0,1,30720,13,8196959315
14033,58955150,86608805,145563955,5,0,0,4608,13,5601571096
14034,58959879,86907169,145867048,7,0,0,73216,4,8966969170
14035,58960980,85924217,144885197,3,0,0,10752,1,3603477651
14036,58971240,85993139,144964379,3,0,0,44544,1,7183412357
14037,58972280,86816940,145789220,5,0,0,48128,13,507245802
14038,58983239,86848039,145831278,7,0,0,19456,4,9328335359
14039,58983580,86068829,145052409,3,0,0,5632,1,4110846649
14040,58991160,85993905,144985065,4,0,0,512,16,8166030723
14041,58993710,86260191,145253901,8,0,0,14848,17,6355348578
14042,58994320,85971954,144966274,2,0,0,6144,12,10005521850
14043,58999660,86395093,145394753,6,0,0,30208,13,3177203790
14044,59002650,86298133,145300783,6,0,0,11776,13,4770562490
14045,59002721,105269340,164272061,9,0,1,4608,13,9631703821
14046,59003080,105275901,164278981,8,0,1,11264,17,7882619179
14047,59003960,86128283,145132243,1,0,0,36352,15,7654872897
14048,59010020,86044752,145054772,3,0,0,7680,1,8535624065
14049,59017510,105262137,164279647,8,0,1,1024,17,10233996449
14050,59018370,85875253,144893623,6,0,0,1536,13,952316003
14051,59020920,86286781,145307701,2,0,0,8192,12,659565824
14052,59023190,86607040,145630230,9,0,0,7680,13,4225316230
14053,59029710,86467042,145496752,1,0,0,8192,15,5292427882
14054,59035570,105245063,164280633,2,0,1,1536,12,7733094163
14055,59043319,86148672,145191991,7,0,0,35840,4,3475497848
14056,59055480,86501704,145557184,1,0,0,19456,15,8603941549
14057,59056870,86865720,145922590,5,0,0,10240,13,6096568555
14058,59057080,86846416,145903496,6,0,0,44032,13,3754558895
14059,59081619,86663345,145744964,7,0,0,146432,4,6467891574
14060,59087900,86061459,145149359,5,0,0,17408,13,7074886448
14061,59088461,106235338,165323799,1,0,1,669184,15,3816884850
14062,59089609,86201910,145291519,7,0,0,1536,4,972449467
14063,59090630,86537237,145627867,4,0,0,48128,16,8431640595
14064,59094340,86825099,145919439,2,0,0,52224,12,9690737998
14065,59095170,86078438,145173608,3,0,0,5632,1,2733967332
14066,59098421,106225401,165323822,5,0,1,512,13,10020180156
14067,59107250,86782807,145890057,2,0,0,9216,12,10347634958
14068,59113820,86834872,145948692,8,0,0,43008,17,8201475974
14069,59116890,86637792,145754682,9,0,0,20480,13,7578167011
14070,59122980,86904185,146027165,8,0,0,27136,17,3097404490
14071,59124050,86158575,145282625,3,0,0,13312,1,4525088254
14072,59128190,86140775,145268965,4,0,0,14336,16,7958582180
14073,59131430,87117862,146249292,1,0,0,25600,15,4189058307
14074,59135440,86689887,145825327,3,0,0,43520,1,1410115346
14075,59136620,86636085,145772705,8,0,0,4096,17,819389703
14076,59143820,86983356,146127176,4,0,0,16896,16,3105757403
14077,59154080,86690637,145844717,2,0,0,44032,12,10388037487
14078,59154341,106170818,165325159,6,0,1,4096,13,8976910320
14079,59156380,86989463,146145843,6,0,0,46080,13,2659728348
14080,59158680,106169738,165328418,8,0,1,5120,17,7254954842
14081,59159160,106208530,165367690,3,0,1,45568,1,5364107258
14082,59160671,106207042,165367713,6,0,1,1024,13,7180912064
14083,59161840,86529079,145690919,9,0,0,46080,13,6171404312
14084,59162759,86183224,145345983,7,0,0,9728,4,7207783654
14085,59171330,87450198,146621528,1,0,0,41984,15,2321381431
14086,59173860,86298473,145472333,0,0,0,1536,2,5659413648
14087,59174260,86995006,146169266,9,0,0,76800,13,5665666387
14088,59174720,106193016,165367736,8,0,1,9728,17,7164850466
14089,59178860,106199153,165378013,2,0,1,1024,12,9466963111
14090,59186620,86336588,145523208,8,0,0,6656,17,1218203046
14091,59187379,86787718,145975097,7,0,0,27648,4,7039538239
14092,59190319,86169430,145359749,7,0,0,1024,4,8185799255
14093,59193070,86566879,145759949,8,0,0,2560,17,7178688269
14094,59195670,86691533,145887203,9,0,0,66048,13,908539886
14095,59199229,86570964,145770193,7,0,0,9216,4,358864271
14096,59203099,86147991,145351090,7,0,0,9216,4,7169876378
14097,59208080,86746251,145954331,6,0,0,18432,13,9601451097
14098,59212220,87192409,146404629,0,0,0,44544,2,4514643075
14099,59216990,86892028,146109018,6,0,0,31744,13,5907619021
14100,59232900,87198355,146431255,1,0,0,29184,15,9054801661
14101,59235020,106144619,165379639,8,0,1,2560,17,4998099425
14102,59239610,106155254,165394864,8,0,1,13824,17,10730297325
14103,59245450,86964939,146210389,2,0,0,40960,12,4635208749
14104,59253179,106158104,165411283,7,0,1,1024,4,9848181425
14105,59255130,86920586,146175716,0,0,0,20992,2,10505877655
14106,59256570,86941047,146197617,9,0,0,2560,13,10576007130
14107,59258410,106172950,165431360,3,0,1,45056,1,5806460634
14108,59267730,87451673,146719403,9,0,0,138752,13,2973645195
14109,59268221,106198549,165466770,5,0,1,5120,13,1187053281
14110,59270129,106311712,165581841,4,0,1,94720,16,2030943005
14111,59272430,86804774,146077204,3,0,0,28672,1,1534532828
14112,59274350,106308941,165583291,3,0,1,5632,1,1952561995
14113,59275131,106327606,165602737,6,0,1,17408,13,9289584349
14114,59275170,86781997,146057167,5,0,0,63488,13,5137924145
14115,59275190,87147150,146422340,6,0,0,38912,13,9883143489
14116,59277570,86984054,146261624,4,0,0,36352,16,467056567
14117,59279281,106326362,165605643,5,0,1,4608,13,5018799982
14118,59283569,87245650,146529219,7,0,0,14336,4,8321219896
14119,59292310,86807013,146099323,8,0,0,46080,17,5787901774
14120,59295550,87505329,146800879,0,0,0,24064,2,1910531868
14121,59304990,106303559,165608549,2,0,1,4608,12,6200143176
14122,59308080,86760365,146068445,9,0,0,23552,13,8985716094
14123,59317190,87285043,146602233,1,0,0,51200,15,9809733445
14124,59317249,86767980,146085229,7,0,0,1024,4,4971464058
14125,59332970,86789027,146121997,6,0,0,42496,13,9188752419
14126,59335730,106276813,165612543,0,0,1,16896,2,9745720549
14127,59337421,106314509,165651930,5,0,1,1024,13,1282843292
14128,59340531,106317352,165657883,1,0,1,28160,15,3342836510
14129,59341251,106316978,165658229,9,0,1,512,13,4632038024
14130,59343621,106368187,165711808,1,0,1,79360,15,242206607
14131,59346179,106370455,165716634,7,0,1,7680,4,1607425295
14132,59347830,86713416,146061246,9,0,0,13312,13,8620864128
14133,59347841,106374851,165722692,6,0,1,2560,13,3043211026
14134,59349320,86735551,146084871,2,0,0,25088,12,7562416367
14135,59353620,86394799,145748419,0,0,0,11264,2,9781107907
14136,59361250,87640787,147002037,0,0,0,51200,2,880206544
14137,59364660,86624112,145988772,5,0,0,7168,13,6121429810
14138,59370261,106352454,165722715,1,0,1,2048,15,2276829524
14139,59372859,106387116,165759975,4,0,1,53248,16,6509299773
14140,59377901,106382097,165759998,5,0,1,1024,13,1108855906
14141,59377961,106382060,165760021,9,0,1,2560,13,7657128929
14142,59379450,87736492,147115942,4,0,0,40960,16,4562323749
14143,59380010,86553174,145933184,1,0,0,9216,15,1920370144
14144,59386969,87003306,146390275,7,0,0,8704,4,6876549132
14145,59390320,86738025,146128345,8,0,0,3584,17,4333137377
14146,59407750,87440269,146848019,2,0,0,51712,12,7292044280
14147,59409499,86784150,146193649,7,0,0,8192,4,10403238
14148,59409571,106354065,165763636,6,0,1,6144,13,8466846895
14149,59411340,86933498,146344838,2,0,0,20992,12,3558099691
14150,59411720,86574845,145986565,9,0,0,16384,13,7731147670
14151,59414320,87023244,146437564,1,0,0,20480,15,1754934228
14152,59417490,87389808,146807298,6,0,0,20992,13,2199849881
14153,59423769,87335327,146759096,7,0,0,75264,4,3456207698
14154,59425930,86895605,146321535,3,0,0,33792,1,7124302976
14155,59433260,86869596,146302856,3,0,0,50688,1,880358549
14156,59436030,87013321,146449351,2,0,0,10240,12,3719940707
14157,59446640,87183358,146629998,2,0,0,27136,12,625398637
14158,59447980,86551893,145999873,9,0,0,4608,13,2630148278
14159,59457109,87051726,146508835,7,0,0,19456,4,4074635379
14160,59460090,87550394,147010484,4,0,0,27648,16,4927632588
14161,59468279,106489534,165957813,4,0,1,64512,16,5869577189
14162,59478130,87834822,147312952,8,0,0,152064,17,4893287484
14163,59479720,87333496,146813216,5,0,0,2560,13,6371942790
14164,59483040,106493889,165976929,2,0,1,18432,12,1343970723
14165,59490720,87495694,146986414,9,0,0,22016,13,6030762168
14166,59492590,87152487,146645077,9,0,0,11776,13,6993483153
14167,59493881,106548131,166042012,5,0,1,10752,13,4244047455
14168,59497801,106613891,166111692,5,0,1,5120,13,8675360667
14169,59499659,106736138,166235797,4,0,1,71680,16,58596890
14170,59499760,87473747,146973507,6,0,0,83968,13,4744701772
14171,59516070,87849692,147365762,3,0,0,53248,1,7684265457
14172,59521020,87504315,147025335,2,0,0,48640,12,8320294119
14173,59530589,106821815,166352404,4,0,1,110592,16,10192886100
14174,59531700,86741655,146273355,2,0,0,3584,12,1399826471
14175,59536431,106862903,166399334,5,0,1,3584,13,5793965822
14176,59543511,106855846,166399357,9,0,1,1536,13,3262547729
14177,59550910,86803029,146353939,2,0,0,18944,12,8276601762
14178,59554500,86756647,146311147,0,0,0,27136,2,8535528470
14179,59559970,86681499,146241469,0,0,0,18944,2,505015214
14180,59562159,86891093,146453252,7,0,0,6144,4,5765664558
14181,59562640,87230876,146793516,2,0,0,31232,12,10261098772
14182,59567891,106831489,166399380,6,0,1,3072,13,667086049
14183,59576650,87455189,147031839,2,0,0,2048,12,4581454677
14184,59592300,87825654,147417954,6,0,0,22528,13,5980357898
14185,59598980,87078101,146677081,0,0,0,56320,2,7839340177
14186,59604479,87343421,146947900,7,0,0,26112,4,4035651490
14187,59604530,87131611,146736141,3,0,0,11776,1,3178596823
14188,59605550,106793853,166399403,2,0,1,1024,12,342182608
14189,59617660,87361977,146979637,1,0,0,19968,15,6808526146
14190,59627731,106771695,166399426,5,0,1,2048,13,2819702553
14191,59628241,106775287,166403528,6,0,1,5632,13,8383140221
14192,59629150,87279267,146908417,1,0,0,14848,15,7007106813
14193,59633089,106770462,166403551,7,0,1,512,4,3221224603
14194,59634449,87977279,147611728,7,0,0,94720,4,8226297497
14195,59635070,87448541,147083611,2,0,0,8704,12,3671024513
14196,59638780,106764794,166403574,2,0,1,6144,12,1250779109
14197,59646480,87126211,146772691,6,0,0,44544,13,3582233344
14198,59648110,87084420,146732530,6,0,0,43008,13,9710124957
14199,59648960,87586327,147235287,6,0,0,58880,13,10292655664
14200,59655400,87445304,147100704,8,0,0,12800,17,7522973004
14201,59658450,106760335,166418785,2,0,1,15872,12,4791164394
14202,59663740,87120237,146783977,3,0,0,26112,1,10540905850
14203,59670931,106756856,166427787,9,0,1,4608,13,6713215959
14204,59671320,88083034,147754354,3,0,0,7168,1,8128031574
14205,59673349,106755104,166428453,7,0,1,1024,4,8381401283
14206,59678940,87988150,147667090,0,0,0,37376,2,10019603428
14207,59681030,86940677,146621707,1,0,0,512,15,2031024667
14208,59684730,87697510,147382240,3,0,0,9216,1,5430887253
14209,59689520,87086470,146775990,3,0,0,10752,1,6289541848
14210,59689630,87445306,147134936,6,0,0,30208,13,10020298488
14211,59698540,87332598,147031138,1,0,0,18944,15,9150106474
14212,59698890,87109679,146808569,0,0,0,4096,2,8992841007
14213,59698950,87446235,147145185,2,0,0,5632,12,1117183592
14214,59699361,106729438,166428799,9,0,1,512,13,6589117405
14215,59700090,87565553,147265643,1,0,0,17408,15,2032860993
14216,59700270,87506986,147207256,1,0,0,28160,15,10037353094
14217,59707720,106771308,166479028,0,0,1,18432,2,9453532795
14218,59709919,88328755,148038674,7,0,0,23552,4,5054437698
14219,59711879,87618481,147330360,7,0,0,41984,4,5131776754
14220,59712320,87144614,146856934,3,0,0,29184,1,2413356197
14221,59712830,87547486,147260316,5,0,0,28672,13,5899558350
14222,59716560,87327360,147043920,0,0,0,39424,2,10716845500
14223,59722070,88133295,147855365,1,0,0,61952,15,800671417
14224,59725370,87086966,146812336,8,0,0,12288,17,5501380244
14225,59727751,106755143,166482894,6,0,1,6144,13,9176398311
14226,59727940,88629314,148357254,4,0,0,24576,16,4557309271
14227,59729139,88258119,147987258,7,0,0,29184,4,5077136698
14228,59734339,106749221,166483560,7,0,1,1024,4,4105534566
14229,59738650,87183855,146922505,4,0,0,5632,16,6854413318
14230,59740250,88204305,147944555,6,0,0,8192,13,8393180867
14231,59740661,106750111,166490772,6,0,1,512,13,3275195572
14232,59741429,106752164,166493593,7,0,1,7168,4,3874401866
14233,59741710,87632343,147374053,1,0,0,27136,15,7353895153
14234,59745900,88398333,148144233,9,0,0,44544,13,9161827028
14235,59751120,87580378,147331498,0,0,0,1536,2,7751436662
14236,59755181,106741638,166496819,1,0,1,5120,15,4302244895
14237,59757300,87478322,147235622,4,0,0,1024,16,7841679691
14238,59757800,87493757,147251557,3,0,0,52224,1,8349465766
14239,59762120,88461929,148224049,1,0,0,56832,15,8913263307
14240,59763489,106734982,166498471,7,0,1,12800,4,1325414474
14241,59768000,87581484,147349484,9,0,0,58880,13,4096737913
14242,59770280,87690792,147461072,2,0,0,24576,12,8992970976
14243,59772520,87370926,147143446,8,0,0,21504,17,1309631423
14244,59777030,87383387,147160417,1,0,0,2560,15,1863376768
14245,59779779,106719678,166499457,4,0,1,1536,16,8265806316
14246,59782960,88473183,148256143,9,0,0,14848,13,10455533579
14247,59785590,87691688,147477278,6,0,0,1024,13,10611987185
14248,59788710,87720560,147509270,6,0,0,10240,13,5320879853
14249,59790360,87613324,147403684,1,0,0,20992,15,6345708831
14250,59793101,106718609,166511710,9,0,1,7168,13,695927794
14251,59802150,87740918,147543068,9,0,0,4096,13,5131228403
14252,59807240,87832926,147640166,0,0,0,67584,2,5245333521
14253,59809000,106901368,166710368,3,0,1,64000,1,5569874552
14254,59809640,87236645,147046285,1,0,0,6656,15,936567475
14255,59816080,87363388,147179468,4,0,0,23040,16,4119169655
14256,59825900,87505107,147331007,9,0,0,2048,13,4567787463
14257,59826230,88571357,148397587,9,0,0,28160,13,190450433
14258,59830670,88507007,148337677,4,0,0,34304,16,7959889396
14259,59836341,106874050,166710391,6,0,1,1536,13,1057834297
14260,59839580,87261702,147101282,1,0,0,1536,15,1232145389
14261,59845370,106874918,166720288,8,0,1,6144,17,1936669068
14262,59855050,106865261,166720311,2,0,1,12800,12,4456409891
14263,59857850,87846632,147704482,6,0,0,17408,13,1696011463
14264,59864650,87908314,147772964,6,0,0,45568,13,8309847498
14265,59868790,87561972,147430762,1,0,0,31232,15,3411900931
14266,59869260,106851074,166720334,3,0,1,4608,1,1127585968
14267,59873891,106954741,166828632,1,0,1,13312,15,5787971891
14268,59875700,88653995,148529695,4,0,0,15872,16,6763723294
14269,59879819,87437703,147317522,7,0,0,14848,4,6659202882
14270,59882140,88232486,148114626,5,0,0,1536,13,6470469134
14271,59886490,107026109,166912599,0,0,1,1536,2,2085084104
14272,59893270,88064614,147957884,4,0,0,17920,16,1386451472
14273,59894339,87852827,147747166,7,0,0,13824,4,10065729344
14274,59895390,87799678,147695068,2,0,0,91648,12,6867080910
14275,59895560,87321764,147217324,3,0,0,10752,1,4170017919
14276,59899900,88384800,148284700,9,0,0,36352,13,1495127738
14277,59905281,107009264,166914545,9,0,1,3072,13,6987238106
14278,59911240,87925218,147836458,9,0,0,26624,13,2997317953
14279,59916450,87896106,147812556,6,0,0,32768,13,9819161142
14280,59916701,107031571,166948272,1,0,1,17408,15,609138413
14281,59918001,107072408,166990409,5,0,1,9728,13,6795331781
14282,59920360,88238123,148158483,2,0,0,1024,12,7028556287
14283,59921431,107144537,167065968,6,0,1,26112,13,474908972
14284,59926781,107215627,167142408,9,0,1,7680,13,91973030
14285,59927420,87771727,147699147,5,0,0,13312,13,3394050336
14286,59931770,87465495,147397265,5,0,0,25600,13,5300310408
14287,59933760,87477284,147411044,4,0,0,1536,16,6986753774
14288,59939300,87849095,147788395,2,0,0,14336,12,1341468699
14289,59945300,107650003,167595303,3,0,1,143872,1,1755652303
14290,59947001,107665931,167612932,9,0,1,37376,13,1401218103
14291,59948269,87515790,147464059,7,0,0,9728,4,1701798282
14292,59953380,88024963,147978343,2,0,0,67072,12,10725441830
14293,59954580,87903327,147857907,1,0,0,512,15,4195406588
14294,59956930,87752723,147709653,8,0,0,16896,17,7571964805
14295,59958201,107654754,167612955,1,0,1,3584,15,3460273480
14296,59961770,107651208,167612978,3,0,1,15360,1,9566994170
14297,59966760,87975207,147941967,6,0,0,76288,13,1489150837
14298,59971310,87501229,147472539,3,0,0,1024,1,10361243040
14299,59975070,88465438,148440508,5,0,0,1024,13,7138529733
14300,59979030,88789987,148769017,0,0,0,14336,2,163056427
14301,59981410,87674269,147655679,1,0,0,32768,15,7758370904
14302,59983240,87573976,147557216,1,0,0,7168,15,3575968133
14303,59989600,87838723,147828323,0,0,0,50688,2,3506505059
14304,60006140,108190733,168196873,3,0,1,181760,1,9934698899
14305,60008850,88020574,148029424,5,0,0,21504,13,9171757673
14306,60013860,88178196,148192056,9,0,0,40448,13,5524924449
14307,60027670,88860304,148887974,2,0,0,32768,12,9395980036
14308,60036640,87830221,147866861,2,0,0,11264,12,6172207735
14309,60038050,108190348,168228398,3,0,1,512,1,2141324378
14310,60040571,108187850,168228421,5,0,1,1024,13,3204878415
14311,60046439,88026046,148072485,7,0,0,20480,4,8099215811
14312,60049549,88155368,148204917,7,0,0,1024,4,1398286448
14313,60054380,88854475,148908855,5,0,0,18944,13,8022363979
14314,60054820,87564731,147619551,0,0,0,25600,2,8258212005
14315,60055360,87967489,148022849,6,0,0,116736,13,5517705898
14316,60059400,88049689,148109089,2,0,0,40448,12,5789342303
14317,60063190,87582482,147645672,6,0,0,9728,13,7954161062
14318,60073450,88048897,148122347,5,0,0,19968,13,9749463540
14319,60073590,88130992,148204582,0,0,0,11264,2,6130734973
14320,60075719,87876682,147952401,7,0,0,25600,4,1969184887
14321,60082341,108146103,168228444,1,0,1,14848,15,4932533184
14322,60096050,88075776,148171826,4,0,0,11264,16,2803095266
14323,60101610,87541075,147642685,8,0,0,8192,17,940009744
14324,60105590,87960632,148066222,2,0,0,84992,12,6940273307
14325,60107430,87777680,147885110,1,0,0,9216,15,7289365992
14326,60110650,87752748,147863398,8,0,0,17920,17,3663329950
14327,60113940,87982802,148096742,0,0,0,46592,2,1022239066
14328,60116630,87741098,147857728,2,0,0,7680,12,6189634273
14329,60123770,88006868,148130638,1,0,0,27136,15,661245347
14330,60128201,108123384,168251585,6,0,1,21504,13,3484473371
14331,60130630,88217834,148348464,6,0,0,35328,13,7970396467
14332,60130660,87950436,148081096,3,0,0,28160,1,1562293169
14333,60133210,88526926,148660136,0,0,0,12800,2,9931415244
14334,60133579,88818421,148952000,7,0,0,19968,4,99433221
14335,60139001,108146328,168285329,6,0,1,23040,13,648586036
14336,60143150,87939373,148082523,4,0,0,4608,16,3366340594
14337,60146320,88054807,148201127,6,0,0,29696,13,7414536352
14338,60151790,88619902,148771692,1,0,0,8704,15,7255435732
14339,60154790,88333860,148488650,0,0,0,18944,2,5123486773
14340,60156781,108142215,168298996,1,0,1,5632,15,3904156322
14341,60161290,87870185,148031475,8,0,0,6656,17,10199965389
14342,60163241,108265498,168428739,6,0,1,6144,13,1731486219
14343,60164450,87947626,148112076,6,0,0,9728,13,719241491
14344,60171780,87868500,148040280,0,0,0,5120,2,8570540273
14345,60173229,108255533,168428762,4,0,1,10240,16,7805562421
14346,60176300,88052544,148228844,6,0,0,14848,13,9153437159
14347,60176380,88061628,148238008,4,0,0,1024,16,10566818651
14348,60177640,88624291,148801931,9,0,0,4096,13,1826521790
14349,60177940,108263603,168441543,8,0,1,5120,17,3543532285
14350,60179891,108261675,168441566,5,0,1,4096,13,4639389071
14351,60185570,108256019,168441589,0,0,1,1024,2,3818493353
14352,60189470,88114131,148303601,8,0,0,24064,17,9656273265
14353,60191370,87955444,148146814,9,0,0,8192,13,8006605843
14354,60192620,108320603,168513223,3,0,1,19968,1,7783775813
14355,60200089,88332281,148532370,7,0,0,8704,4,7741611321
14356,60202600,87911535,148114135,8,0,0,6656,17,5553889135
14357,60204660,108309869,168514529,8,0,1,2048,17,6697759327
14358,60208170,88271028,148479198,4,0,0,4608,16,4876397618
14359,60215420,87900789,148116209,6,0,0,5120,13,7353768949
14360,60216570,87933753,148150323,4,0,0,2048,16,4534312404
14361,60220370,88346355,148566725,5,0,0,16896,13,1524018090
14362,60225009,88375058,148600067,7,0,0,19968,4,2727024889
14363,60226719,88123016,148349735,7,0,0,4096,4,10608055456
14364,60239340,87993704,148233044,0,0,0,3072,2,9872166636
14365,60246450,87921921,148168371,9,0,0,13312,13,4809659930
14366,60249570,88268083,148517653,2,0,0,28160,12,925465681
14367,60264570,88604782,148869352,6,0,0,5632,13,2794991561
14368,60265580,88212191,148477771,6,0,0,14336,13,1296400526
14369,60268780,87955494,148224274,3,0,0,512,1,5820866219
14370,60276130,88498705,148774835,3,0,0,10240,1,3100872378
14371,60281580,88090738,148372318,1,0,0,10240,15,3097533133
14372,60287870,88003634,148291504,8,0,0,13312,17,1351500759
14373,60289339,108320245,168609584,4,0,1,1536,16,2866621271
14374,60292330,88321018,148613348,0,0,0,42496,2,7939503204
14375,60293180,88134354,148427534,2,0,0,21504,12,3830708341
14376,60296000,108313930,168609930,3,0,1,512,1,8637600885
14377,60296860,88556183,148853043,4,0,0,11264,16,1132254612
14378,60300229,88367233,148667462,7,0,0,8704,4,3491850039
14379,60310561,108308858,168619419,1,0,1,8192,15,6544050621
14380,60317150,88382868,148700018,5,0,0,43520,13,9360282749
14381,60317270,88522147,148839417,4,0,0,24064,16,9087481373
14382,60317860,108302073,168619933,3,0,1,3072,1,3635715816
14383,60338300,88317913,148656213,0,0,0,4608,2,797597682
14384,60340860,108279096,168619956,3,0,1,3584,1,6858894906
14385,60341000,88423626,148764626,4,0,0,64000,16,5808995744
14386,60346559,88883820,149230379,7,0,0,50176,4,656113360
14387,60349410,88194359,148543769,6,0,0,2048,13,9679040962
14388,60352380,88275211,148627591,0,0,0,22528,2,6752416505
14389,60352500,88268204,148620704,3,0,0,6144,1,3006703505
14390,60353560,88674611,149028171,0,0,0,34304,2,9397969299
14391,60358870,88356575,148715445,5,0,0,2560,13,8009226564
14392,60365271,108254716,168619987,9,0,1,10240,13,2432679510
14393,60374990,88719229,149094219,1,0,0,96256,15,1572687518
14394,60376320,88511989,148888309,0,0,0,1024,2,570141462
14395,60377030,88298769,148675799,8,0,0,27136,17,1194005800
14396,60379690,88782408,149162098,9,0,0,9216,13,9999624230
14397,60394039,88623491,149017530,7,0,0,17920,4,6098373797
14398,60397720,88244556,148642276,6,0,0,3584,13,2502510057
14399,60402170,88238991,148641161,9,0,0,13312,13,6962705385
14400,60402890,88510444,148913334,5,0,0,3584,13,201354702
14401,60407970,88907340,149315310,6,0,0,39424,13,2780563000
14402,60408249,108648502,169056751,7,0,1,145920,4,3357756590
14403,60414990,88321074,148736064,9,0,0,8192,13,7242236913
14404,60416700,88450905,148867605,8,0,0,45056,17,7621290160
14405,60436100,108637986,169074086,2,0,1,8192,12,3380052544
14406,60436750,88546847,148983597,2,0,0,35328,12,6755483493
14407,60437530,88803347,149240877,0,0,0,22528,2,7104974906
14408,60449940,88442292,148892232,4,0,0,12800,16,1338809267
14409,60462139,88352668,148814807,7,0,0,31232,4,680943494
14410,60462579,88465758,148928337,7,0,0,6144,4,8709212506
14411,60464380,88269025,148733405,8,0,0,7168,17,2284401077
14412,60468910,88423813,148892723,0,0,0,1536,2,8645801218
14413,60472800,88641082,149113882,1,0,0,12288,15,2219995702
14414,60473460,88511564,148985024,4,0,0,4608,16,8433787152
14415,60473490,88906863,149380353,4,0,0,7168,16,5131299711
14416,60473690,88313425,148787115,3,0,0,14848,1,2596025921
14417,60484420,108618807,169103227,3,0,1,8704,1,1284662528
14418,60490060,88016512,148506572,0,0,0,1024,2,3474275674
14419,60494011,108609239,169103250,9,0,1,1536,13,5090751447
14420,60495940,88838564,149334504,4,0,0,6144,16,1121755945
14421,60507320,88404899,148912219,5,0,0,2048,13,4666508567
14422,60512989,108633049,169146038,7,0,1,13312,4,7830556054
14423,60517130,88786145,149303275,6,0,0,35840,13,6190783253
14424,60523200,88937583,149460783,0,0,0,53248,2,1782100276
14425,60526480,88576889,149103369,6,0,0,8704,13,869675568
14426,60526789,88465278,148992067,7,0,0,23040,4,10398187674
14427,60528639,88936223,149464862,7,0,0,13312,4,9834948940
14428,60530380,88608912,149139292,9,0,0,24064,13,3043219687
14429,60539910,88601589,149141499,5,0,0,7168,13,8792512937
14430,60540170,88716237,149256407,1,0,0,1024,15,456884529
14431,60543879,108699829,169243708,7,0,1,50176,4,10578161742
14432,60546100,88668968,149215068,8,0,0,18432,17,9252116151
14433,60547759,88244356,148792115,7,0,0,7168,4,655593671
14434,60547830,89098534,149646364,2,0,0,29696,12,3332581906
14435,60548200,88782912,149331112,1,0,0,51712,15,7817507118
14436,60550720,88953329,149504049,9,0,0,99840,13,9781998360
14437,60551630,88796055,149347685,6,0,0,15872,13,3691915333
14438,60557659,108689275,169246934,4,0,1,5120,16,900507822
14439,60558610,89107812,149666422,8,0,0,8704,17,7512642651
14440,60559000,89035395,149594395,6,0,0,33280,13,2971989999
14441,60559321,108738199,169297520,9,0,1,31232,13,7666264677
14442,60560630,88774521,149335151,8,0,0,2048,17,4964779958
14443,60562731,108807016,169369747,5,0,1,1024,13,10101767558
14444,60565750,88288096,148853846,6,0,0,2560,13,3463965010
14445,60567900,88946514,149514414,3,0,0,5632,1,6850020950
14446,60572079,89215540,149787619,7,0,0,44032,4,7353886711
14447,60587250,88646740,149233990,4,0,0,11776,16,974628487
14448,60596610,88611547,149208157,1,0,0,2048,15,8473923336
14449,60606260,89272790,149879050,2,0,0,69120,12,9051178290
14450,60613150,108761743,169374893,2,0,1,8192,12,9765178448
14451,60622220,88386199,149008419,0,0,0,14848,2,475252841
14452,60628000,89186006,149814006,3,0,0,86528,1,36849229
14453,60630310,88953275,149583585,1,0,0,57856,15,1099850570
14454,60632390,88615865,149248255,0,0,0,17920,2,5460260806
14455,60633171,108909419,169542590,6,0,1,5632,13,5828182251
14456,60638281,108907475,169545756,6,0,1,4608,13,3831977429
14457,60638850,88493087,149131937,3,0,0,18432,1,5482946677
14458,60649871,108895908,169545779,9,0,1,10240,13,4537222026
14459,60653970,89229003,149882973,1,0,0,12800,15,9915058778
14460,60657300,89327368,149984668,9,0,0,16384,13,4789696551
14461,60660559,108885243,169545802,7,0,1,512,4,5378522155
14462,60661690,88850985,149512675,4,0,0,23040,16,587564620
14463,60663851,108881974,169545825,1,0,1,7680,15,6725385264
14464,60665990,88666619,149332609,0,0,0,4608,2,3656053082
14465,60667600,88764244,149431844,4,0,0,84992,16,2429443196
14466,60673160,88876735,149549895,9,0,0,31744,13,7971865024
14467,60679651,108866197,169545848,1,0,1,9728,15,3628825235
14468,60686100,88575629,149261729,4,0,0,3584,16,2972692331
14469,60691270,89280198,149971468,8,0,0,18432,17,9752801583
14470,60694289,88401513,149095802,7,0,0,5120,4,3581101391
14471,60695490,88448528,149144018,6,0,0,8192,13,5321584867
14472,60701920,88739775,149441695,5,0,0,32256,13,6501407727
14473,60710960,89191313,149902273,2,0,0,9728,12,501920030
14474,60712780,88827420,149540200,2,0,0,21504,12,587189208
14475,60713670,88838524,149552194,1,0,0,5632,15,5596733883
14476,60719110,89041007,149760117,8,0,0,25600,17,7152200373
14477,60722980,88619838,149342818,6,0,0,25088,13,4158888072
14478,60730290,88984955,149715245,5,0,0,25600,13,9059980144
14479,60732470,88523197,149255667,9,0,0,18432,13,8673551693
14480,60734040,108812010,169546050,2,0,1,2048,12,3316830512
14481,60738580,108807493,169546073,8,0,1,3072,17,3674424256
14482,60745460,89421236,150166696,3,0,0,36864,1,4232131351
14483,60745940,88608121,149354061,8,0,0,1536,17,8222626708
14484,60746030,89513205,150259235,9,0,0,512,13,1028785486
14485,60747879,89500194,150248073,7,0,0,51200,4,8124899845
14486,60751269,88491503,149242772,7,0,0,6144,4,4685276712
14487,60755650,88996636,149752286,9,0,0,73728,13,1815372190
14488,60761090,88712516,149473606,8,0,0,10752,17,8680453378
14489,60761640,108885526,169647166,3,0,1,6144,1,8975772246
14490,60767069,108973108,169740177,7,0,1,20480,4,1859159898
14491,60777980,88951819,149729799,6,0,0,28160,13,6112778817
14492,60781299,88624626,149405925,7,0,0,51712,4,412458060
14493,60798350,88785882,149584232,1,0,0,2048,15,5790090877
14494,60800610,88920586,149721196,3,0,0,19456,1,7786583939
14495,60803380,89492511,150295891,3,0,0,7680,1,9179769655
14496,60803810,89395283,150199093,9,0,0,8704,13,6820643383
14497,60809320,108930880,169740200,2,0,1,12288,12,2964140317
14498,60813670,88736785,149550455,8,0,0,1536,17,6031815971
14499,60827670,88793043,149620713,2,0,0,12800,12,9564693494
14500,60834780,89554541,150389321,0,0,0,88576,2,9679193658
14501,60835610,108915868,169751478,2,0,1,7680,12,6857688457
14502,60840070,89169761,150009831,9,0,0,40960,13,10565670269
14503,60845080,88994621,149839701,0,0,0,28160,2,3262919025
14504,60852130,88974714,149826844,8,0,0,29696,17,4992842856
14505,60856889,108894612,169751501,7,0,1,4096,4,1201525122
14506,60860060,89697640,150557700,6,0,0,44032,13,5453254704
14507,60860821,108907910,169768731,5,0,1,7168,13,5309024465
14508,60865110,88523147,149388257,3,0,0,6144,1,9279141084
14509,60865490,89151589,150017079,2,0,0,14336,12,6321643667
14510,60867840,89647260,150515100,3,0,0,65536,1,7411508269
14511,60868110,89446787,150314897,2,0,0,5632,12,9595066701
14512,60872280,88783932,149656212,9,0,0,16896,13,2752515829
14513,60877170,89815344,150692514,1,0,0,26624,15,7766877516
14514,60878179,108890910,169769089,7,0,1,2560,4,4855942778
14515,60880070,88625562,149505632,6,0,0,5120,13,5530158507
14516,60881970,88785879,149667849,1,0,0,4608,15,10003954914
14517,60886870,108882242,169769112,8,0,1,1024,17,6051392896
14518,60887560,89995395,150882955,0,0,0,28160,2,7329844254
14519,60888450,108880685,169769135,3,0,1,2560,1,1284339795
14520,60897910,89005670,149903580,9,0,0,2048,13,3070118833
14521,60899581,108880075,169779656,9,0,1,10752,13,950078766
14522,60900740,89046937,149947677,3,0,0,59904,1,8595766890
14523,60902830,89287320,150190150,6,0,0,23040,13,6400493650
14524,60903781,108875898,169779679,1,0,1,3584,15,8466396944
14525,60907889,108887771,169795660,4,0,1,2560,16,6840066465
14526,60914251,108958816,169873067,9,0,1,10752,13,4577977505
14527,60915540,88527894,149443434,6,0,0,5632,13,2934206788
14528,60917180,89177433,150094613,9,0,0,38912,13,9484347280
14529,60919470,88898303,149817773,4,0,0,12288,16,7321781951
14530,60922449,109029286,169951735,4,0,1,1536,16,4610975874
14531,60925819,89192999,150118818,7,0,0,9728,4,5514243787
14532,60932080,89477076,150409156,0,0,0,65024,2,7072560572
14533,60933970,88840210,149774180,6,0,0,46080,13,6412692669
14534,60934130,90386166,151320296,8,0,0,126976,17,6723827996
14535,60935000,89320116,150255116,4,0,0,23040,16,880140696
14536,60939270,88950587,149889857,2,0,0,19456,12,8592646054
14537,60941020,89862271,150803291,2,0,0,4608,12,1386009157
14538,60942100,89876300,150818400,4,0,0,49152,16,10090155016
14539,60945480,90087770,151033250,2,0,0,64000,12,3931735809
14540,60945770,89490868,150436638,5,0,0,6656,13,4096431903
14541,60951800,89231299,150183099,0,0,0,53760,2,4910739932
14542,60954770,89809408,150764178,4,0,0,154624,16,4877925594
14543,60968480,89107248,150075728,2,0,0,11776,12,4709398514
14544,60973870,89498473,150472343,5,0,0,55296,13,9711384425
14545,60976530,89376510,150353040,0,0,0,38400,2,10449823583
14546,60976540,89495982,150472522,5,0,0,512,13,9544322340
14547,60977180,89640124,150617304,5,0,0,56832,13,1435504400
14548,60981719,90024162,151005881,7,0,0,37376,4,9274438607
14549,60991831,108960250,169952081,9,0,1,512,13,337161095
14550,60997670,89118161,150115831,9,0,0,13824,13,7618451741
14551,61003440,89229010,150232450,0,0,0,9216,2,3077636494
14552,61004220,89225399,150229619,0,0,0,62464,2,7751992227
14553,61008110,89064007,150072117,5,0,0,17408,13,1358909552
14554,61018440,89758466,150776906,1,0,0,512,15,7327957712
14555,61022889,89948016,150970905,7,0,0,28160,4,1796649303
14556,61025370,89817614,150842984,4,0,0,25088,16,4367619520
14557,61027320,89807997,150835317,3,0,0,6144,1,5245873475
14558,61030490,88811397,149841887,0,0,0,1536,2,8770725215
14559,61034411,108920576,169954987,5,0,1,4608,13,9584225205
14560,61041351,109002272,170043623,1,0,1,8192,15,2470409979
14561,61044870,90050297,151095167,4,0,0,23552,16,8787179412
14562,61045449,88908491,149953940,7,0,0,20480,4,2238469435
14563,61046250,90468704,151514954,5,0,0,64000,13,10415832821
14564,61048790,108994856,170043646,3,0,1,8192,1,1083559846
14565,61050480,89306877,150357357,3,0,0,3584,1,2089171331
14566,61051251,108999341,170050592,1,0,1,11264,15,2846193431
14567,61060020,89512385,150572405,9,0,0,29696,13,2705968071
14568,61061370,89595497,150656867,5,0,0,18432,13,7737972177
14569,61061470,89990600,151052070,6,0,0,32768,13,2923614189
14570,61066040,88891066,149957106,2,0,0,10240,12,6419638184
14571,61066421,108985554,170051975,1,0,1,14848,15,5151579422
14572,61067320,88961894,150029214,0,0,0,7680,2,838682349
14573,61069280,89999532,151068812,5,0,0,34816,13,6339226170
14574,61070470,90291414,151361884,3,0,0,97280,1,269525941
14575,61075470,90132401,151207871,0,0,0,32768,2,3000052884
14576,61083220,89553006,150636226,6,0,0,34304,13,8465657302
14577,61084550,89613430,150697980,6,0,0,3072,13,9636894227
14578,61085470,90509830,151595300,8,0,0,33280,17,9060853292
14579,61109220,89516531,150625751,8,0,0,27648,17,4475057856
14580,61112360,109061027,170173387,0,0,1,4096,2,2823417430
14581,61113590,89687151,150800741,6,0,0,26112,13,9609505231
14582,61116050,89653946,150769996,0,0,0,18944,2,8254740464
14583,61116770,89732255,150849025,4,0,0,13312,16,6823371025
14584,61117010,89156187,150273197,8,0,0,12800,17,8646229436
14585,61121809,89288150,150409959,7,0,0,2560,4,10241633148
14586,61125140,90668942,151794082,8,0,0,27136,17,786072513
14587,61129350,89865097,150994447,1,0,0,25088,15,2405652590
14588,61129950,89398881,150528831,4,0,0,40960,16,1735046528
14589,61131340,90044014,151175354,1,0,0,146432,15,7072545661
14590,61138750,89001351,150140101,1,0,0,6656,15,1819715644
14591,61143180,89726615,150869795,8,0,0,44544,17,6492682109
14592,61143650,109101521,170245171,8,0,1,15872,17,4251733448
14593,61144240,109172901,170317141,3,0,1,6144,1,7699701279
14594,61151690,90040379,151192069,4,0,0,54784,16,10063035342
14595,61153670,89648186,150801856,9,0,0,3584,13,5729245547
14596,61155310,89321915,150477225,6,0,0,15360,13,8436794831
14597,61163520,89669902,150833422,3,0,0,43520,1,6905546892
14598,61167961,109299452,170467413,5,0,1,9728,13,2447363288
14599,61168330,89748971,150917301,4,0,0,23552,16,2402334069
14600,61178260,109485842,170664102,8,0,1,23040,17,8309777384
14601,61180799,90883684,152064483,7,0,0,10752,4,2808195257
14602,61181999,109533882,170715881,7,0,1,2560,4,4937437911
14603,61182490,89603385,150785875,6,0,0,20480,13,2245080948
14604,61189291,109537348,170726639,5,0,1,3072,13,1496651614
14605,61192400,90266538,151458938,8,0,0,41472,17,9098275135
14606,61206520,89834584,151041104,3,0,0,25088,1,10432846458
14607,61210790,89581972,150792762,4,0,0,22528,16,6477139834
14608,61215360,89771420,150986780,9,0,0,26112,13,5873592416
14609,61217699,89744580,150962279,7,0,0,33280,4,10330878622
14610,61218380,90025910,151244290,6,0,0,15872,13,1177101611
14611,61228151,109571611,170799762,9,0,1,2048,13,10074382254
14612,61235539,89584600,150820139,7,0,0,5632,4,2076292464
14613,61237299,89539428,150776727,7,0,0,22016,4,9909716219
14614,61240510,109559275,170799785,8,0,1,6656,17,2577055766
14615,61241660,89536088,150777748,2,0,0,2560,12,2894453702
14616,61245480,90003365,151248845,5,0,0,14848,13,5210562922
14617,61247121,109593399,170840520,9,0,1,26624,13,4180261380
14618,61250490,89966920,151217410,1,0,0,31232,15,5516878402
14619,61251729,89620186,150871915,7,0,0,6656,4,9464621593
14620,61253020,89843431,151096451,6,0,0,2560,13,7014439885
14621,61256070,89669286,150925356,0,0,0,7680,2,5895480997
14622,61257260,89596216,150853476,4,0,0,8704,16,8131962526
14623,61258850,90071609,151330459,3,0,0,33280,1,4262180455
14624,61261490,89957035,151218525,8,0,0,3584,17,1817007292
14625,61264360,109806028,171070388,0,0,1,31232,2,818833794
14626,61264470,109915705,171180175,3,0,1,8192,1,4053636846
14627,61266630,89955506,151222136,2,0,0,11776,12,7077703240
14628,61269470,90363851,151633321,9,0,0,18944,13,8674883864
14629,61269800,90095859,151365659,5,0,0,12288,13,2878509494
14630,61276590,90997491,152274081,5,0,0,54272,13,5874144617
14631,61277069,109943305,171220374,7,0,1,5632,4,9195007530
14632,61277780,90217125,151494905,0,0,0,16384,2,7209079754
14633,61280720,90134317,151415037,4,0,0,27136,16,2949718410
14634,61287859,89584235,150872094,7,0,0,512,4,2195414005
14635,61289240,90042981,151332221,2,0,0,3072,12,3585391253
14636,61289560,90383917,151673477,2,0,0,20480,12,8326047931
14637,61290540,110002020,171292560,3,0,1,16384,1,9506370446
14638,61292010,89721694,151013704,0,0,0,25600,2,10010581725
14639,61292911,110000457,171293368,1,0,1,6144,15,6656175079
14640,61295940,89676408,150972348,5,0,0,4608,13,3745326027
14641,61306260,90308229,151614489,6,0,0,29184,13,2689056390
14642,61311980,89759507,151071487,2,0,0,8704,12,9791588812
14643,61315240,90220083,151535323,1,0,0,14336,15,1599007905
14644,61318460,90201197,151519657,6,0,0,15360,13,2570484079
14645,61325810,110005873,171331683,8,0,1,6144,17,2635529555
14646,61327690,89799091,151126781,1,0,0,10240,15,8871446188
14647,61328829,89609164,150937993,7,0,0,9728,4,8050723106
14648,61329400,90038622,151368022,8,0,0,7680,17,6858112126
14649,61334900,91055724,152390624,1,0,0,96768,15,3708841112
14650,61336059,90249078,151585137,7,0,0,58880,4,6562478867
14651,61346300,91108037,152454337,1,0,0,27136,15,2960051354
14652,61348970,89848894,151197864,1,0,0,18944,15,780592607
14653,61350100,89731327,151081427,5,0,0,8704,13,6674749904
14654,61356611,109978938,171335549,9,0,1,6144,13,7859340593
14655,61363760,89875648,151239408,6,0,0,41984,13,10623035071
14656,61367401,110009119,171376520,5,0,1,18432,13,2182540560
14657,61381370,89660693,151042063,8,0,0,3072,17,5891877391
14658,61388930,89644507,151033437,6,0,0,512,13,2356977433
14659,61390231,110137785,171528016,1,0,1,7168,15,2419018926
14660,61393390,90455502,151848892,9,0,0,62976,13,8890867496
14661,61405390,90358464,151763854,2,0,0,16896,12,7736603802
14662,61421190,90261236,151682426,4,0,0,26624,16,369712699
14663,61423350,91229977,152653327,5,0,0,14848,13,9156115364
14664,61425410,90202116,151627526,8,0,0,12800,17,5119330888
14665,61427290,90346654,151773944,1,0,0,13312,15,2220071477
14666,61428050,90007256,151435306,8,0,0,20992,17,6366718483
14667,61437510,90478136,151915646,6,0,0,89088,13,6114386955
14668,61438040,89893222,151331262,9,0,0,2560,13,4031251167
14669,61442079,110089483,171531562,7,0,1,5632,4,1638080235
14670,61442251,110089977,171532228,5,0,1,1024,13,4778253900
14671,61450070,90483874,151933944,6,0,0,57856,13,3976637050
14672,61455180,110174437,171629617,2,0,1,19456,12,9855538956
14673,61457930,90298688,151756618,1,0,0,13312,15,547228542
14674,61469749,91055112,152524861,7,0,0,62976,4,10635764587
14675,61471150,89906723,151377873,4,0,0,32256,16,4961631425
14676,61484690,91041153,152525843,5,0,0,2560,13,3208629176
14677,61488971,110220610,171709581,1,0,1,3584,15,8244210361
14678,61489510,90811127,152300637,4,0,0,32768,16,717376106
14679,61490250,90552122,152042372,6,0,0,50176,13,1058491436
14680,61511519,90274272,151785791,7,0,0,9216,4,9292192342
14681,61524250,90330281,151854531,3,0,0,18432,1,3919381804
14682,61525329,110184275,171709604,7,0,1,512,4,4750525715
14683,61527339,89859814,151387153,7,0,0,1536,4,2397028078
14684,61528580,110212719,171741299,8,0,1,4096,17,9750835288
14685,61530630,110214536,171745166,3,0,1,7680,1,9872639227
14686,61531450,89888290,151419740,1,0,0,15360,15,3019271168
14687,61533500,90249460,151782960,1,0,0,26624,15,6649319411
14688,61542380,90662881,152205261,4,0,0,25088,16,9124705664
14689,61546150,90477540,152023690,5,0,0,55808,13,3018694698
14690,61547550,90098059,151645609,3,0,0,7168,1,4200704683
14691,61551770,91085760,152637530,9,0,0,33792,13,5522475153
14692,61561780,110186932,171748712,0,0,1,5632,2,10414343940
14693,61562880,90127911,151690791,1,0,0,8704,15,6664500062
14694,61567930,110198571,171766501,8,0,1,5120,17,5272429585
14695,61573160,91155641,152728801,8,0,0,19456,17,1696505823
14696,61576850,89868697,151445547,0,0,0,2560,2,5430109030
14697,61579740,90224372,151804112,1,0,0,6144,15,748928829
14698,61580510,91015994,152596504,4,0,0,125440,16,4154835851
14699,61584440,90502367,152086807,0,0,0,22528,2,1372970225
14700,61586790,90472141,152058931,2,0,0,54272,12,7561471881
14701,61587369,110179155,171766524,7,0,1,13312,4,9728671733
14702,61588951,110347451,171936402,5,0,1,17920,13,10073620081
14703,61591770,90469368,152061138,1,0,0,7168,15,4839131973
14704,61595981,110340444,171936425,5,0,1,1536,13,6978762468
14705,61601510,110460558,172062068,2,0,1,10752,12,2224794734
14706,61601780,110524230,172126010,8,0,1,8704,17,1146987089
14707,61614150,90831896,152446046,0,0,0,48640,2,9553922534
14708,61621330,91199106,152820436,5,0,0,30720,13,4281519533
14709,61623650,90690114,152313764,4,0,0,43008,16,3583124864
14710,61628360,90789094,152417454,6,0,0,26624,13,7214909327
14711,61630450,90171767,151802217,2,0,0,26624,12,6395919555
14712,61638710,110506899,172145609,8,0,1,6656,17,7765402716
14713,61641251,110504381,172145632,1,0,1,11264,15,2271335020
14714,61643490,90316628,151960118,3,0,0,8192,1,2718074962
14715,61650689,90897755,152548444,7,0,0,63488,4,9648187421
14716,61651900,110520863,172172763,0,0,1,11776,2,5460782003
14717,61659291,110536476,172195767,1,0,1,13312,15,523240526
14718,61659820,90615220,152275040,3,0,0,3072,1,7020653399
14719,61660560,110535409,172195969,8,0,1,3584,17,9266312102
14720,61669040,90410880,152079920,1,0,0,32256,15,4210810124
14721,61669730,90475898,152145628,3,0,0,11264,1,8249088893
14722,61676330,90581192,152257522,8,0,0,19456,17,1499479902
14723,61678010,90935138,152613148,9,0,0,20480,13,3773592217
14724,61684200,90050051,151734251,5,0,0,2048,13,1032346319
14725,61689500,91175347,152864847,9,0,0,5632,13,9940372415
14726,61690910,90506684,152197594,6,0,0,60928,13,1199889827
14727,61694020,90240727,151934747,2,0,0,2560,12,8236150887
14728,61703301,110492691,172195992,9,0,1,12288,13,4546643067
14729,61706660,91104393,152811053,9,0,0,71680,13,9623862871
14730,61720030,90886839,152606869,6,0,0,17920,13,5131999896
14731,61721150,90966204,152687354,3,0,0,67072,1,4100039706
14732,61721660,90194633,151916293,6,0,0,2048,13,8395596657
14733,61738650,91173576,152912226,5,0,0,2048,13,5888317606
14734,61769350,110548357,172317707,2,0,1,10240,12,3898300044
14735,61778690,90204871,151983561,5,0,0,2560,13,670415724
14736,61781559,90424886,152206445,7,0,0,3584,4,9156899038
14737,61789180,91362316,153151496,6,0,0,35328,13,5238441377
14738,61794570,110523160,172317730,0,0,1,10240,2,9720068453
14739,61795181,110647991,172443172,5,0,1,11776,13,6764295235
14740,61798470,90267153,152065623,0,0,0,3584,2,3768239207
14741,61801849,90433903,152235752,7,0,0,2048,4,8133256005
14742,61801971,110782034,172584005,9,0,1,4608,13,10354374517
14743,61806670,90957144,152763814,9,0,0,82944,13,10328002822
14744,61807530,90666962,152474492,4,0,0,66048,16,7160673198
14745,61816000,91241113,153057113,3,0,0,33792,1,3204447119
14746,61817240,110766919,172584159,8,0,1,8704,17,318640436
14747,61819640,90944353,152763993,1,0,0,512,15,9078665618
14748,61834440,110772947,172607387,2,0,1,4608,12,5287369736
14749,61840160,91937303,153777463,6,0,0,95232,13,10094162057
14750,61846009,90552594,152398603,7,0,0,26112,4,6289756382
14751,61846159,90563121,152409280,7,0,0,34304,4,9280343861
14752,61851221,110834573,172685794,1,0,1,512,15,4666610281
14753,61852900,90379204,152232104,4,0,0,10240,16,10072842803
14754,61863120,90555137,152418257,1,0,0,2560,15,5180142153
14755,61865830,91035473,152901303,3,0,0,11776,1,5678451773
14756,61866369,110823931,172690300,4,0,1,7168,16,8334559499
14757,61868090,110823196,172691286,0,0,1,1536,2,879581721
14758,61875461,110819691,172695152,1,0,1,6144,15,1282947706
14759,61889310,110925325,172814635,2,0,1,25600,12,3692435397
14760,61891270,90357012,152248282,4,0,0,14336,16,6475098490
14761,61900570,91627804,153528374,6,0,0,99328,13,9236917175
14762,61901500,91323453,153224953,5,0,0,9216,13,7093137078
14763,61907120,90598530,152505650,9,0,0,82944,13,4789145812
14764,61912449,111110778,173023227,7,0,1,1024,4,5282233030
14765,61915700,111107550,173023250,2,0,1,1536,12,1983951954
14766,61917250,91484244,153401494,5,0,0,49664,13,5507314072
14767,61924660,91032456,152957116,1,0,0,54272,15,6323051330
14768,61927819,111097498,173025317,4,0,1,3584,16,2298034189
14769,61932050,91091766,153023816,6,0,0,28672,13,6853733177
14770,61939510,91474799,153414309,1,0,0,41984,15,2021414657
14771,61953010,90225997,152179007,0,0,0,25600,2,8377477414
14772,61966070,91893187,153859257,6,0,0,24576,13,7302738596
14773,61968110,91207312,153175422,9,0,0,28672,13,10298096551
14774,61969370,111058213,173027583,8,0,1,3584,17,5441673101
14775,61969940,91267800,153237740,6,0,0,37888,13,8891855364
14776,61972700,91309443,153282143,5,0,0,17408,13,1891760779
14777,61982660,90656297,152638957,5,0,0,4608,13,7015703784
14778,61999570,90692556,152692126,3,0,0,11264,1,4876311252
14779,62008980,111123789,173132769,2,0,1,23040,12,7869100033
14780,62010250,91076302,153086552,1,0,0,43008,15,9635038782
14781,62017320,111343542,173360862,2,0,1,5120,12,3298781027
14782,62020001,111367418,173387419,5,0,1,2560,13,188194993
14783,62026511,111584488,173610999,1,0,1,20992,15,5907991656
14784,62029920,111587373,173617293,8,0,1,512,17,1343153358
14785,62031959,90366846,152398805,7,0,0,512,4,4255951627
14786,62033200,91389088,153422288,6,0,0,26112,13,10710161333
14787,62035300,90788911,152824211,4,0,0,12288,16,2864220939
14788,62037040,91311514,153348554,1,0,0,35840,15,10501909355
14789,62040410,90698086,152738496,4,0,0,31744,16,696498908
14790,62040729,91912708,153953437,7,0,0,38912,4,8896443353
14791,62041380,90835993,152877373,4,0,0,40960,16,5925866263
14792,62045810,90658488,152704298,1,0,0,11776,15,7861024316
14793,62050088,111567228,173617316,0,0,1,3072,2,10055046166
14794,62051990,90473050,152525040,6,0,0,512,13,1676311728
14795,62053279,90665974,152719253,7,0,0,27136,4,9155992809
14796,62059430,90567781,152627211,0,0,0,46080,2,1214731015
14797,62065430,90410489,152475919,6,0,0,4608,13,3619928779
14798,62066569,90831123,152897692,7,0,0,25600,4,3185684331
14799,62075160,90811673,152886833,5,0,0,29696,13,5251462624
14800,62075210,90521785,152596995,0,0,0,1536,2,218946938
14801,62081960,111589190,173671150,2,0,1,24064,12,5997578784
14802,62084320,90517066,152601386,1,0,0,14336,15,8713589974
14803,62085820,90568645,152654465,3,0,0,3584,1,7632225571
14804,62096570,90875077,152971647,6,0,0,47616,13,6541169207
14805,62097509,90565284,152662793,7,0,0,8192,4,1434362886
14806,62101570,91444212,153545782,8,0,0,6656,17,8665735830
14807,62102860,90870066,152972926,1,0,0,4096,15,8664580258
14808,62104960,111585920,173690880,8,0,1,1536,17,7479665057
14809,62121449,91410536,153531985,7,0,0,11776,4,6429932867
14810,62129660,111565406,173695066,8,0,1,6656,17,6603650699
14811,62131740,90556931,152688671,1,0,0,4096,15,5195460468
14812,62136080,90988328,153124408,2,0,0,11264,12,5385315452
14813,62145581,111556404,173701985,1,0,1,10240,15,3370717460
14814,62145860,111612704,173758564,8,0,1,23552,17,10730683015
14815,62152110,111710357,173862467,3,0,1,13312,1,2618905342
14816,62157130,91379714,153536844,2,0,0,15872,12,7464862288
14817,62160650,90880505,153041155,0,0,0,56832,2,3792714090
14818,62167900,91580516,153748416,6,0,0,34304,13,4709350549
14819,62173550,91545102,153718652,1,0,0,38912,15,7083103786
14820,62180070,90931675,153111745,4,0,0,45056,16,10721647987
14821,62186310,91433749,153620059,4,0,0,73216,16,8207359655
14822,62188720,90858074,153046794,5,0,0,18432,13,5155367767
14823,62198020,90635014,152833034,4,0,0,4096,16,10181285904
14824,62198311,111664179,173862490,1,0,1,512,15,3511358051
14825,62201660,111708705,173910365,2,0,1,10752,12,6774375917
14826,62209460,90904648,153114108,0,0,0,7680,2,9660496757
14827,62214330,90648778,152863108,1,0,0,11776,15,4499550241
14828,62216650,90661058,152877708,2,0,0,1024,12,5442009797
14829,62218980,90846892,153065872,2,0,0,28672,12,4403084513
14830,62219041,111691670,173910711,9,0,1,512,13,4228204903
14831,62221489,111740290,173961779,7,0,1,36352,4,3444300115
14832,62226310,111956102,174182412,3,0,1,6656,1,7156477159
14833,62232199,90839008,153071207,7,0,0,17408,4,695643673
14834,62232991,111960080,174193071,9,0,1,7168,13,6537540228
14835,62242430,91601808,153844238,6,0,0,51712,13,3599090663
14836,62246860,91929237,154176097,2,0,0,6144,12,4590733387
14837,62249070,90848916,153097986,0,0,0,37376,2,5762822849
14838,62252080,91078644,153330724,5,0,0,27648,13,117384805
14839,62263840,91418028,153681868,3,0,0,64512,1,6748176640
14840,62270080,92307115,154577195,6,0,0,70656,13,2432732961
14841,62278840,90850918,153129758,5,0,0,12288,13,4686754616
14842,62282109,91021505,153303614,7,0,0,26112,4,3239560505
14843,62288109,92134232,154422341,7,0,0,7168,4,3005465418
14844,62292470,90780665,153073135,2,0,0,1024,12,3704521277
14845,62296730,90971842,153268572,6,0,0,47104,13,8610235230
14846,62301610,91639948,153941558,4,0,0,7168,16,1219977032
14847,62301650,111904883,174206533,0,0,1,4608,2,9205649449
14848,62303821,112024893,174328714,9,0,1,36352,13,9947619386
14849,62308470,112087943,174396413,2,0,1,23040,12,2246123334
14850,62312690,112125394,174438084,8,0,1,7680,17,10562465974
14851,62314810,90907312,153222122,4,0,0,29184,16,8378594509
14852,62317050,91551272,153868322,2,0,0,16384,12,7629856188
14853,62320950,91416991,153737941,1,0,0,12288,15,5240235126
14854,62325270,91038595,153363865,0,0,0,50176,2,1193867545
14855,62325850,112125994,174451844,3,0,1,17408,1,2417418850
14856,62333820,90738658,153072478,6,0,0,4096,13,2779988252
14857,62333890,112121820,174455710,0,0,1,6144,2,8184574978
14858,62336249,91027826,153364075,7,0,0,512,4,2180379997
14859,62336600,90866586,153203186,2,0,0,12288,12,5547699396
14860,62337500,91719833,154057333,3,0,0,4096,1,8030233405
14861,62338031,112437967,174775998,9,0,1,31744,13,5563951776
14862,62338089,112529286,174867375,4,0,1,3072,16,1209590395
14863,62340390,90843216,153183606,5,0,0,5120,13,4902411691
14864,62344849,90992762,153337611,7,0,0,22528,4,9029718365
14865,62351200,91215628,153566828,3,0,0,24576,1,5162075674
14866,62354970,112512919,174867889,0,0,1,4608,2,4164862741
14867,62356780,91125950,153482730,6,0,0,512,13,9693807715
14868,62359250,91302939,153662189,5,0,0,28160,13,982677788
14869,62359640,90944309,153303949,0,0,0,1024,2,4885056428
14870,62360181,112507731,174867912,5,0,1,2048,13,9916462149
14871,62364390,91574961,153939351,4,0,0,22528,16,5699902584
14872,62370430,91654691,154025121,3,0,0,20480,1,2785792160
14873,62379410,91048525,153427935,0,0,0,18432,2,3208876631
14874,62384230,91928297,154312527,5,0,0,11264,13,1413723069
14875,62385690,91868601,154254291,6,0,0,3584,13,7584911055
14876,62389490,91844337,154233827,4,0,0,52224,16,4402879771
14877,62393030,112474905,174867935,2,0,1,27136,12,5645145470
14878,62398540,91053465,153452005,4,0,0,36352,16,4200428229
14879,62399499,112525449,174924948,4,0,1,14848,16,9568245035
14880,62401111,112619319,175020430,9,0,1,15872,13,1710526545
14881,62407370,90978969,153386339,1,0,0,11264,15,912404865
14882,62417990,112602463,175020453,0,0,1,4096,2,6132747929
14883,62418219,91664913,154083132,7,0,0,10240,4,5326574027
14884,62425180,91015726,153440906,3,0,0,42496,1,5797370776
14885,62428920,91557674,153986594,2,0,0,26112,12,7989455547
14886,62435140,91746284,154181424,9,0,0,17408,13,4105299400
14887,62435840,92221161,154657001,5,0,0,19968,13,5386673234
14888,62448070,91234757,153682827,6,0,0,3072,13,5894012964
14889,62448940,91346985,153795925,0,0,0,49152,2,4672052734
14890,62452310,92372949,154825259,5,0,0,55808,13,4807660574
14891,62455640,91088091,153543731,0,0,0,22528,2,10499061987
14892,62458370,91474094,153932464,2,0,0,69120,12,1756528051
14893,62459540,91596522,154056062,4,0,0,7168,16,423295606
14894,62459630,91430714,153890344,3,0,0,61952,1,3542601260
14895,62464130,91663305,154127435,4,0,0,78336,16,1616156694
14896,62470970,91602262,154073232,2,0,0,12800,12,9879706935
14897,62477179,91143215,153620394,7,0,0,1024,4,655882139
14898,62495140,91090723,153585863,2,0,0,5632,12,3469567027
14899,62496260,91096896,153593156,9,0,0,18432,13,289387722
14900,62503820,91220159,153723979,3,0,0,17408,1,6531894393
14901,62520820,91050243,153571063,2,0,0,13824,12,5054524917
14902,62524780,91573399,154098179,0,0,0,20480,2,8084158126
14903,62531950,91486908,154018858,1,0,0,44032,15,4179461921
14904,62537790,112575991,175113781,2,0,1,13312,12,70679729
14905,62538780,92007657,154546437,1,0,0,40960,15,9257372525
14906,62547559,112631501,175179060,4,0,1,4096,16,4166551398
14907,62555800,91618402,154174202,4,0,0,29696,16,3596603290
14908,62556980,91086881,153643861,2,0,0,8704,12,9712693753
14909,62560800,91724693,154285493,2,0,0,24064,12,8980407111
14910,62569919,112670539,175240458,7,0,1,1536,4,8731294546
14911,62575840,91838561,154414401,5,0,0,34816,13,2613410293
14912,62577620,91735242,154312862,1,0,0,1024,15,26051130
14913,62579990,91240507,153820497,4,0,0,13312,16,2428409544
14914,62588230,91654113,154242343,5,0,0,3584,13,6705489298
14915,62589350,91191576,153780926,9,0,0,11264,13,8604001492
14916,62595500,91891569,154487069,4,0,0,53248,16,10426109978
14917,62597430,112644411,175241841,8,0,1,14848,17,8178244601
14918,62609060,91190632,153799692,0,0,0,12288,2,5918225140
14919,62614380,91344251,153958631,6,0,0,16896,13,2070577546
14920,62616911,112629343,175246254,9,0,1,2560,13,9055106930
14921,62617351,112710398,175327749,9,0,1,10752,13,7648010670
14922,62617590,91691482,154309072,4,0,0,77312,16,6093390855
14923,62622500,91630630,154253130,4,0,0,35328,16,9928314875
14924,62640540,91164791,153805331,9,0,0,18432,13,7467863552
14925,62647630,91482503,154130133,0,0,0,3072,2,2660161056
14926,62652040,91193313,153845353,2,0,0,3584,12,7743634093
14927,62656930,92354488,155011418,9,0,0,10240,13,3686021961
14928,62668990,112661025,175330015,3,0,1,3584,1,8686440480
14929,62669190,91327333,153996523,6,0,0,5632,13,3592552091
14930,62671110,91761826,154432936,0,0,0,1024,2,6398389278
14931,62679990,91511152,154191142,0,0,0,23040,2,1354960208
14932,62681891,112648585,175330476,5,0,1,10240,13,194449865
14933,62686790,91497309,154184099,3,0,0,8704,1,2600490481
14934,62692880,91198579,153891459,0,0,0,3584,2,7328231143
14935,62698520,91951407,154649927,6,0,0,20480,13,8638245840
14936,62708880,91343197,154052077,2,0,0,7168,12,2761833320
14937,62714480,91273541,153988021,6,0,0,4608,13,2680992149
14938,62715470,91548468,154263938,2,0,0,16896,12,9046816995
14939,62719070,112671143,175390213,8,0,1,3072,17,10065790896
14940,62723949,112774638,175498587,4,0,1,8704,16,3381946006
14941,62726549,91243577,153970126,7,0,0,35328,4,2633138412
14942,62745790,91323519,154069309,2,0,0,22528,12,3401060615
14943,62753200,91332981,154086181,5,0,0,8192,13,8282995818
14944,62755980,91508457,154264437,1,0,0,1536,15,8339693263
14945,62760540,91582623,154343163,2,0,0,54784,12,8042277476
14946,62762280,91880893,154643173,6,0,0,78336,13,10507819976
14947,62766481,112732129,175498610,9,0,1,1024,13,6437432464
14948,62767970,91361204,154129174,9,0,0,5632,13,7173357361
14949,62768720,91553236,154321956,0,0,0,27648,2,1496047696
14950,62773550,91721030,154494580,3,0,0,24576,1,660157851
14951,62777739,91812427,154590166,7,0,0,42496,4,3353041356
14952,62778770,91942444,154721214,6,0,0,21504,13,3989613117
14953,62780470,91605560,154386030,2,0,0,6144,12,4520663463
14954,62784051,112714582,175498633,5,0,1,2560,13,999816591
14955,62787579,91244187,154031766,7,0,0,4096,4,4463005376
14956,62788830,91811655,154600485,6,0,0,33792,13,1025136870
14957,62789919,91569994,154359913,7,0,0,14848,4,10299173481
14958,62796340,91444888,154241228,6,0,0,24064,13,7631362932
14959,62803340,91847554,154650894,6,0,0,3072,13,2168975853
14960,62822840,91435842,154258682,0,0,0,14336,2,6048404224
14961,62825950,91622969,154448919,4,0,0,19456,16,7637159124
14962,62831900,91907101,154739001,2,0,0,15360,12,5394339251
14963,62835960,91537590,154373550,1,0,0,30720,15,5278745778
14964,62837030,92394277,155231307,2,0,0,4608,12,9085259055
14965,62842590,91997535,154840125,3,0,0,43520,1,5943267773
14966,62843569,91857943,154701512,7,0,0,30208,4,7419437997
14967,62844040,91956822,154800862,5,0,0,3584,13,314333073
14968,62846730,91686551,154533281,0,0,0,2048,2,8136147203
14969,62849580,91554159,154403739,9,0,0,19456,13,9421232790
14970,62855120,91671910,154527030,9,0,0,3072,13,6709669626
14971,62855330,91519803,154375133,0,0,0,5120,2,9519128202
14972,62857830,91744550,154602380,0,0,0,6144,2,9445744896
14973,62865970,91777694,154643664,5,0,0,1536,13,6208809788
14974,62868159,112776414,175644573,4,0,1,8704,16,3726482602
14975,62870690,91632649,154503339,0,0,0,28672,2,3780729105
14976,62881240,91651394,154532634,2,0,0,6144,12,783350936
14977,62884979,92076746,154961725,7,0,0,11264,4,7115208741
14978,62893279,112756204,175649483,4,0,1,20480,16,1227483983
14979,62899409,91845075,154744484,7,0,0,17920,4,4682673721
14980,62909020,91404489,154313509,2,0,0,2048,12,8219098902
14981,62912520,92295077,155207597,2,0,0,72192,12,5627793492
14982,62921219,91698063,154619282,7,0,0,47616,4,5827675277
14983,62921531,112731524,175653055,1,0,1,15872,15,8481179763
14984,62924050,92210411,155134461,6,0,0,58880,13,268950052
14985,62926420,92282760,155209180,5,0,0,5120,13,1579171114
14986,62935110,91907222,154842332,6,0,0,7168,13,8007007478
14987,62936740,112716571,175653311,2,0,1,9216,12,236094112
14988,62939299,112736303,175675602,4,0,1,4608,16,4423310267
14989,62939450,91775189,154714639,2,0,0,43008,12,3865524231
14990,62941649,91578879,154520528,7,0,0,3072,4,5825135095
14991,62945540,91997233,154942773,9,0,0,21504,13,1022506945
14992,62950100,112845083,175795183,8,0,1,8192,17,6171053358
14993,62953100,91734701,154687801,6,0,0,7680,13,6494425181
14994,62957181,112844667,175801848,5,0,1,4096,13,9165701986
14995,62961439,112922070,175883509,7,0,1,1536,4,3742784552
14996,62969980,91706548,154676528,1,0,0,8704,15,315368188
14997,62971940,92466864,155438804,3,0,0,19456,1,1866644759
14998,62975700,91550058,154525758,0,0,0,13824,2,482715031
14999,62976490,92131671,155108161,1,0,0,88576,15,2134715430
15000,62985450,112927042,175912492,2,0,1,29184,12,6844765924
15001,62985740,91518425,154504165,3,0,0,2560,1,6355423507
15002,62987050,91779405,154766455,1,0,0,2560,15,7928061029
15003,62993490,92320262,155313752,3,0,0,38912,1,2162736665
15004,62998990,91605761,154604751,0,0,0,7680,2,5957489525
15005,63002070,91790380,154792450,4,0,0,11264,16,3908462458
15006,63003410,91914381,154917791,6,0,0,36864,13,5212196398
15007,63010921,113041824,176052745,1,0,1,4608,15,3365214469
15008,63015390,91650793,154666183,5,0,0,7680,13,337174533
15009,63016670,114216818,177233488,2,0,1,250368,12,4814221953
15010,63018300,92004653,155022953,5,0,0,17920,13,4730125912
15011,63018860,91989415,155008275,2,0,0,28672,12,751242693
15012,63021380,91902996,154924376,9,0,0,13312,13,2479301081
15013,63022360,91834191,154856551,4,0,0,46592,16,9480015547
15014,63025430,92252997,155278427,3,0,0,36352,1,10356895556
15015,63030200,91691349,154721549,3,0,0,1024,1,5865500173
15016,63033810,114266479,177300289,2,0,1,40960,12,6245658408
15017,63037550,91685761,154723311,1,0,0,5632,15,1383674012
15018,63041950,91851491,154893441,3,0,0,15872,1,8802131630
15019,63043410,92347028,155390438,9,0,0,9728,13,4434462560
15020,63050390,92546997,155597387,6,0,0,2560,13,1958505944
15021,63051430,92110385,155161815,1,0,0,64000,15,2569626195
15022,63054350,92163924,155218274,2,0,0,27136,12,9191714430
15023,63054470,92112516,155166986,2,0,0,16896,12,9697051446
15024,63056300,91987373,155043673,6,0,0,6656,13,5290604639
15025,63058350,114326873,177385223,2,0,1,33280,12,8570264940
15026,63060720,92054351,155115071,6,0,0,2048,13,128709246
15027,63062850,92316755,155379605,1,0,0,74240,15,3553963851
15028,63065780,91761062,154826842,9,0,0,5120,13,8254140079
15029,63067370,92074922,155142292,3,0,0,25600,1,6758759560
15030,63071311,114414162,177485473,9,0,1,5120,13,997311977
15031,63073870,92327565,155401435,5,0,0,5632,13,8675423315
15032,63080450,92508303,155588753,3,0,0,50176,1,8538089949
15033,63081570,92413219,155494789,3,0,0,25088,1,9405790805
15034,63086280,91994870,155081150,2,0,0,27648,12,4772820696
15035,63088410,92263225,155351635,1,0,0,45568,15,7531727994
15036,63090270,92211603,155301873,0,0,0,28160,2,4940152335
15037,63094170,92074890,155169060,0,0,0,6144,2,2514022885
15038,63095229,114459081,177554310,7,0,1,32768,4,34432029
15039,63098350,115331324,178429674,2,0,1,133632,12,3445266670
15040,63102119,115333282,178435401,7,0,1,24576,4,7109225728
15041,63107580,92456167,155563747,3,0,0,97792,1,5326621855
15042,63112070,91866484,154978554,0,0,0,3072,2,528049681
15043,63114650,91999774,155114424,5,0,0,20480,13,1826582652
15044,63118190,92111682,155229872,4,0,0,31232,16,2264398865
15045,63119020,92368102,155487122,0,0,0,30720,2,10322253289
15046,63120979,92356077,155477056,7,0,0,12800,4,10383796871
15047,63123281,115371674,178494955,5,0,1,30720,13,5017526793
15048,63126420,92485441,155611861,9,0,0,32768,13,6427999692
15049,63129180,92091145,155220325,6,0,0,6656,13,9111503821
15050,63130180,91986318,155116498,8,0,0,4608,17,5139625335
15051,63130830,91775701,154906531,0,0,0,7680,2,1672511537
15052,63132420,92770300,155902720,4,0,0,3584,16,5901558873
15053,63133639,92159631,155293270,7,0,0,48640,4,9885096918
15054,63134390,92529655,155664045,4,0,0,20480,16,449683879
15055,63142790,115367427,178510217,8,0,1,5120,17,5095440919
15056,63142860,92631836,155774696,6,0,0,114176,13,4153395176
15057,63149990,92370143,155520133,0,0,0,17920,2,8144892628
15058,63153640,92013525,155167165,5,0,0,512,13,6313154637
15059,63154320,92233131,155387451,6,0,0,1024,13,759379706
15060,63161600,92079633,155241233,2,0,0,20480,12,3554026604
15061,63164720,115345520,178510240,0,0,1,3072,2,2534602848
15062,63169730,92805457,155975187,6,0,0,19968,13,3752782515
15063,63172370,92160780,155333150,1,0,0,1536,15,10412676136
15064,63175680,92422510,155598190,6,0,0,2560,13,5541291199
15065,63180700,115353025,178533725,2,0,1,20992,12,232927117
15066,63183140,92269511,155452651,9,0,0,14336,13,3745965565
15067,63184070,92203046,155387116,9,0,0,24576,13,9287513321
15068,63188350,92149378,155337728,3,0,0,8704,1,7072053876
15069,63188539,92202398,155390937,7,0,0,1536,4,10289368943
15070,63195840,92273370,155469210,5,0,0,54272,13,10369343559
15071,63199210,92636448,155835658,2,0,0,11776,12,2537485865
15072,63207060,115326688,178533748,8,0,1,1024,17,3071057281
15073,63207880,92493704,155701584,2,0,0,7168,12,8745382526
15074,63212200,92120459,155332659,1,0,0,61952,15,7952754528
15075,63217530,92182166,155399696,3,0,0,28672,1,6512373402
15076,63219920,91990063,155209983,0,0,0,2560,2,7727501034
15077,63221610,115455926,178677536,8,0,1,51200,17,7009219111
15078,63225350,92828311,156053661,0,0,0,9216,2,8584512981
15079,63227740,92450620,155678360,1,0,0,11776,15,10218085356
15080,63228930,92367646,155596576,2,0,0,25600,12,8236253392
15081,63232520,92124442,155356962,3,0,0,17408,1,8799120532
15082,63235809,92460559,155696368,7,0,0,7168,4,10469823986
15083,63246700,115438393,178685093,0,0,1,4608,2,10251886595
15084,63259420,92270134,155529554,2,0,0,7680,12,3294066541
15085,63261860,92311582,155573442,1,0,0,31744,15,10551546054
15086,63269440,92350743,155620183,2,0,0,16896,12,706322348
15087,63272840,115412276,178685116,0,0,1,4608,2,4025697646
15088,63274410,92900303,156174713,0,0,0,9728,2,8182403508
15089,63285520,92049533,155335053,0,0,0,6144,2,85417514
15090,63287530,92351716,155639246,0,0,0,62464,2,79418179
15091,63297860,92598707,155896567,6,0,0,118784,13,4622252210
15092,63305210,92167923,155473133,5,0,0,12800,13,8844446729
15093,63305800,92673154,155978954,4,0,0,12288,16,6414551339
15094,63306190,92865536,156171726,1,0,0,48640,15,1713487145
15095,63311450,92214946,155526396,5,0,0,20480,13,7291239294
15096,63312500,92427385,155739885,2,0,0,12288,12,8528414665
15097,63319230,92194835,155514065,3,0,0,1024,1,7798835886
15098,63319510,92295494,155615004,5,0,0,10240,13,10416573737
15099,63327610,115357529,178685139,8,0,1,10752,17,3401856982
15100,63328820,115366676,178695496,3,0,1,512,1,1211959261
15101,63329909,92580501,155910410,7,0,0,25088,4,230202568
15102,63336031,115360131,178696162,1,0,1,1024,15,8677238702
15103,63343180,92946029,156289209,2,0,0,44032,12,8944985503
15104,63345059,92337068,155682127,7,0,0,12288,4,3631318407
15105,63353060,92299024,155652084,6,0,0,12800,13,4809953026
15106,63354001,115373250,178727251,9,0,1,12288,13,5341423664
15107,63357359,115369915,178727274,7,0,1,512,4,3368131722
15108,63359290,92747142,156106432,0,0,0,2560,2,10609369730
15109,63359980,92901122,156261102,3,0,0,30208,1,6306733080
15110,63362260,92456342,155818602,0,0,0,24064,2,8866415806
15111,63363750,92883532,156247282,4,0,0,32256,16,5586208578
15112,63369960,92717394,156087354,6,0,0,30208,13,81790489
15113,63380030,92268131,155648161,2,0,0,29184,12,1662317053
15114,63391330,92523627,155914957,1,0,0,14848,15,5841367397
15115,63403771,115323526,178727297,5,0,1,512,13,242110067
15116,63404750,92496855,155901605,2,0,0,10240,12,7341171331
15117,63404820,92816965,156221785,9,0,0,50688,13,2454582056
15118,63412690,92958339,156371029,4,0,0,58368,16,4836089842
15119,63417210,92442303,155859513,3,0,0,4096,1,4347201390
15120,63418600,92972475,156391075,8,0,0,24064,17,3616819727
15121,63418960,92389943,155808903,1,0,0,15872,15,4826806461
15122,63422980,92682649,156105629,4,0,0,59904,16,5559415187
15123,63425090,93059195,156484285,1,0,0,76800,15,2027028979
15124,63426450,92238827,155665277,4,0,0,1024,16,2564882609
15125,63429000,92568090,155997090,2,0,0,29184,12,7922143819
15126,63437089,92978269,156415358,7,0,0,16384,4,8755620275
15127,63441810,115389865,178831675,0,0,1,18944,2,9915575230
15128,63450890,92499344,155950234,4,0,0,10240,16,2589969618
15129,63452450,92253573,155706023,9,0,0,2560,13,285402800
15130,63455050,92324037,155779087,0,0,0,14336,2,10690206061
15131,63455970,92355277,155811247,4,0,0,5120,16,5913555731
15132,63457110,115376639,178833749,8,0,1,8704,17,4139883780
15133,63459480,92693023,156152503,9,0,0,10752,13,3394504714
15134,63460780,115378546,178839326,2,0,1,10752,12,6882461197
15135,63461880,93083670,156545550,5,0,0,1024,13,8297683247
15136,63464579,93022225,156486804,7,0,0,8192,4,6992163017
15137,63464690,92907142,156371832,4,0,0,2560,16,4889756797
15138,63472589,92510282,155982871,7,0,0,1536,4,292798746
15139,63479620,115384400,178864020,8,0,1,2048,17,9267440472
15140,63480139,115395970,178876109,4,0,1,11776,16,4969615251
15141,63486020,92744368,156230388,2,0,0,28160,12,1928095220
15142,63491100,92689600,156180700,0,0,0,2048,2,2008611069
15143,63494379,92947642,156442021,7,0,0,30208,4,5331281962
15144,63496120,92402342,155898462,0,0,0,6144,2,5270077135
15145,63501900,92514819,156016719,9,0,0,5120,13,9512804769
15146,63515920,93035631,156551551,5,0,0,19456,13,5580946344
15147,63528310,93016905,156545215,6,0,0,50176,13,3088472826
15148,63539430,92423431,155962861,1,0,0,32768,15,5183516945
15149,63544330,92604851,156149181,3,0,0,70656,1,7703844421
15150,63544850,92470286,156015136,9,0,0,20480,13,3246250436
15151,63557190,93031339,156588529,2,0,0,3584,12,4071884756
15152,63559440,92378950,155938390,4,0,0,6656,16,98455277
15153,63572250,92940021,156512271,3,0,0,24576,1,8301120102
15154,63572300,93085131,156657431,6,0,0,32768,13,9929648607
15155,63573150,92720138,156293288,9,0,0,13312,13,2459325649
15156,63581260,92767259,156348519,5,0,0,85504,13,4731272496
15157,63593640,115290939,178884579,3,0,1,2048,1,10482548840
15158,63595340,93052084,156647424,9,0,0,8704,13,6316538937
15159,63595410,93064236,156659646,6,0,0,7168,13,3686203001
15160,63601480,92973399,156574879,4,0,0,27136,16,3045013112
15161,63616580,92578724,156195304,6,0,0,4608,13,7519565805
15162,63617310,92634542,156251852,5,0,0,14848,13,1397596372
15163,63618000,93471249,157089249,4,0,0,96256,16,9179055395
15164,63628190,92609241,156237431,5,0,0,23040,13,2802819413
15165,63629209,115267763,178896972,4,0,1,24576,16,9221715387
15166,63634280,93029289,156663569,5,0,0,12800,13,7382532398
15167,63635249,115281324,178916573,4,0,1,34816,16,3932363769
15168,63635420,92669892,156305312,9,0,0,2048,13,9617677237
15169,63651519,115561889,179213408,4,0,1,36352,16,1571546857
15170,63663210,92718410,156381620,6,0,0,13312,13,5412829891
15171,63669561,115647778,179317339,1,0,1,19456,15,3641631411
15172,63670450,92651971,156322421,4,0,0,45568,16,1889526454
15173,63671930,93114988,156786918,0,0,0,30720,2,5320395898
15174,63681360,92999358,156680718,9,0,0,23552,13,8235623025
15175,63688220,92872991,156561211,5,0,0,15872,13,2772292774
15176,63691570,115773684,179465254,3,0,1,1536,1,6315398939
15177,63704410,92687312,156391722,4,0,0,2048,16,4667358477
15178,63707290,93539585,157246875,2,0,0,7168,12,10649100871
15179,63718420,92634802,156353222,0,0,0,15360,2,8975649908
15180,63718820,92783009,156501829,0,0,0,3584,2,5545646555
15181,63722780,93186609,156909389,2,0,0,43008,12,9725440574
15182,63724090,92651384,156375474,0,0,0,11776,2,2543195209
15183,63727350,115737927,179465277,2,0,1,3584,12,1122623443
15184,63727660,115775619,179503279,8,0,1,14336,17,4733836214
15185,63728490,94329611,158058101,9,0,0,87040,13,7441288153
15186,63730700,92761299,156491999,2,0,0,16896,12,2224392486
15187,63731100,93279572,157010672,3,0,0,2560,1,5493273700
15188,63732590,94396257,158128847,4,0,0,15872,16,9064212771
15189,63740901,115762401,179503302,1,0,1,512,15,1902244361
15190,63743280,115760045,179503325,8,0,1,3072,17,1412917589
15191,63748640,92697460,156446100,3,0,0,13312,1,9300647055
15192,63750900,92626641,156377541,6,0,0,6656,13,8372420332
15193,63756890,92799208,156556098,2,0,0,14848,12,9297626351
15194,63757671,115750397,179508068,5,0,1,7168,13,8855367853
15195,63760030,92656131,156416161,3,0,0,2560,1,3217860664
15196,63762470,94400518,158162988,4,0,0,3072,16,4592893753
15197,63768100,92861077,156629177,3,0,0,19456,1,1029927140
15198,63768490,93009045,156777535,5,0,0,25088,13,347046326
15199,63771560,93401506,157173066,6,0,0,111104,13,5762928629
15200,63782111,115761773,179543884,9,0,1,512,13,10582926717
15201,63787201,115756706,179543907,6,0,1,7680,13,460854855
15202,63788910,92789736,156578646,3,0,0,12288,1,8581424960
15203,63800350,92616458,156416808,5,0,0,2048,13,5953595790
15204,63802971,115778709,179581680,1,0,1,3584,15,510646460
15205,63805281,115776553,179581834,5,0,1,8704,13,6167450593
15206,63805310,92804483,156609793,2,0,0,17920,12,2240140244
15207,63811250,94506042,158317292,4,0,0,13824,16,5613225795
15208,63813020,92854004,156667024,4,0,0,11264,16,6362686445
15209,63814169,116233814,180047983,4,0,1,256000,16,8584091486
15210,63818071,116230620,180048691,9,0,1,10752,13,6595510166
15211,63818120,93273336,157091456,1,0,0,7168,15,1254912565
15212,63819900,116320903,180140803,8,0,1,33792,17,1417980583
15213,63822440,92773359,156595799,3,0,0,1536,1,10473787614
15214,63825390,93504649,157330039,1,0,0,75264,15,5790838835
15215,63828560,92816189,156644749,1,0,0,43008,15,3139278088
15216,63838140,93273159,157111299,5,0,0,10240,13,9565264533
15217,63849720,116328276,180177996,8,0,1,512,17,671566758
15218,63850950,92918918,156769868,5,0,0,61440,13,2281781554
15219,63851100,94693784,158544884,9,0,0,22528,13,5967242052
15220,63860819,116744926,180605745,4,0,1,240128,16,1469378883
15221,63864640,116741128,180605768,0,0,1,512,2,5394996956
15222,63867290,92750579,156617869,5,0,0,4096,13,369369028
15223,63867910,92971060,156838970,1,0,0,50176,15,5421648474
15224,63872730,93484983,157357713,2,0,0,52224,12,9456284134
15225,63873600,93136269,157009869,3,0,0,52736,1,5593809247
15226,63875820,93062167,156937987,6,0,0,512,13,9383907806
15227,63878170,93083294,156961464,5,0,0,14336,13,1707173379
15228,63878850,93013645,156892495,3,0,0,45056,1,9780334735
15229,63880909,116771236,180652145,4,0,1,53760,16,10669099834
15230,63883940,92972057,156855997,0,0,0,55808,2,7509303988
15231,63889660,93094457,156984117,2,0,0,17408,12,6989042782
15232,63893000,93210355,157103355,0,0,0,19456,2,7018313829
15233,63903010,116753641,180656651,0,0,1,7168,2,8041492225
15234,63909590,92986672,156896262,1,0,0,12288,15,326073127
15235,63926100,116764641,180690741,3,0,1,34304,1,1852193016
15236,63932609,92927425,156860034,7,0,0,10240,4,246232071
15237,63938460,93443487,157381947,4,0,0,4608,16,629134925
15238,63943010,93242761,157185771,0,0,0,15360,2,2132848135
15239,63943780,93082983,157026763,4,0,0,52736,16,2046017195
15240,63943980,93245893,157189873,1,0,0,13312,15,10582374338
15241,63950540,116742147,180692687,3,0,1,3072,1,10564016346
15242,63953210,93077328,157030538,2,0,0,12288,12,8756616254
15243,63955470,116742299,180697769,8,0,1,16896,17,2389126096
15244,63957440,93325448,157282888,1,0,0,2560,15,8180831514
15245,63958220,93180948,157139168,0,0,0,49664,2,6431429808
15246,63967130,93087491,157054621,8,0,0,36352,17,7395128870
15247,63971610,93209435,157181045,1,0,0,26112,15,6959203244
15248,63972990,93545317,157518307,3,0,0,21504,1,10092573525
15249,63977189,116722168,180699357,7,0,1,15872,4,1774998744
15250,63986100,93320488,157306588,0,0,0,3584,2,2746715092
15251,63989430,116718907,180708337,8,0,1,4096,17,5974229249
15252,63992760,93450938,157443698,5,0,0,30720,13,7048721842
15253,63994470,93102469,157096939,4,0,0,17920,16,7725808523
15254,63996210,93204573,157200783,5,0,0,35328,13,7105266240
15255,64005871,116703772,180709643,1,0,1,2048,15,9241022784
15256,64011140,93686668,157697808,5,0,0,36352,13,9834838495
15257,64012081,116708977,180721058,9,0,1,10752,13,6906997969
15258,64013199,116734753,180747952,7,0,1,1024,4,4113259677
15259,64026180,93697703,157723883,6,0,0,85504,13,4780092381
15260,64027680,116748028,180775708,3,0,1,10240,1,2241762541
15261,64029440,116752566,180782006,3,0,1,8192,1,3832336855
15262,64033970,93772052,157806022,9,0,0,17408,13,2398017870
15263,64039091,116742938,180782029,9,0,1,1024,13,3165614743
15264,64045120,93162117,157207237,1,0,0,2048,15,6471212453
15265,64047791,116734261,180782052,1,0,1,10240,15,10542889665
15266,64048770,93405871,157454641,5,0,0,35840,13,7814427630
15267,64054380,93410580,157464960,0,0,0,33792,2,6799823465
15268,64055630,93456102,157511732,6,0,0,20992,13,2714053566
15269,64055690,93752695,157808385,6,0,0,7680,13,8700997072
15270,64064099,116749045,180813144,4,0,1,38400,16,4254333372
15271,64074210,93500506,157574716,9,0,0,68608,13,10079574024
15272,64077840,93259178,157337018,9,0,0,22528,13,4463571422
15273,64078070,93199586,157277656,1,0,0,512,15,3197055264
15274,64090209,116722958,180813167,7,0,1,512,4,467600650
15275,64091840,93647922,157739762,1,0,0,4096,15,1821359354
15276,64093720,93485387,157579107,6,0,0,14336,13,10241367117
15277,64109050,93667977,157777027,3,0,0,33280,1,10378542876
15278,64110810,93304062,157414872,0,0,0,9216,2,5773384095
15279,64114440,94570313,158684753,9,0,0,59904,13,3024030191
15280,64115761,116716671,180832432,9,0,1,7168,13,207465198
15281,64118710,116717512,180836222,0,0,1,4608,2,4501927488
15282,64120380,93605554,157725934,0,0,0,6656,2,2083841152
15283,64121280,93679415,157800695,1,0,0,7168,15,4531364807
15284,64122550,93721467,157844017,5,0,0,30208,13,7117076851
15285,64129560,93865570,157995130,5,0,0,37888,13,3195952413
15286,64130680,116705565,180836245,0,0,1,512,2,9942202305
15287,64147070,93646859,157793929,3,0,0,3584,1,4274276484
15288,64147289,116851565,180998854,4,0,1,61952,16,1140542976
15289,64158079,93218769,157376848,7,0,0,11264,4,8630432900
15290,64167480,93571011,157738491,5,0,0,15872,13,2347479295
15291,64173451,116903253,181076704,9,0,1,12288,13,8509587147
15292,64175379,93768213,157943592,7,0,0,59392,4,3007159962
15293,64176541,116903069,181079610,9,0,1,4608,13,6834533332
15294,64182140,93849410,158031550,9,0,0,22528,13,8653193831
15295,64184230,93582500,157766730,3,0,0,3072,1,5094012174
15296,64189650,116996070,181185720,0,0,1,25088,2,9863706881
15297,64193420,93421617,157615037,0,0,0,24064,2,8826946480
15298,64202890,95015457,159218347,0,0,0,79872,2,8796876122
15299,64204870,93670796,157875666,6,0,0,24064,13,4720328127
15300,64206960,93383315,157590275,9,0,0,8704,13,2504663591
15301,64212199,117041361,181253560,4,0,1,45568,16,2938774012
15302,64213320,93579486,157792806,6,0,0,51712,13,4797519271
15303,64214240,93517645,157731885,9,0,0,19456,13,2199513470
15304,64215420,117123799,181339219,2,0,1,16384,12,1323431177
15305,64216030,94076036,158292066,3,0,0,34816,1,3592627011
15306,64221610,93888260,158109870,9,0,0,36352,13,5880329943
15307,64221940,94014251,158236191,0,0,0,85504,2,8508724695
15308,64222060,93692145,157914205,4,0,0,20992,16,5073280744
15309,64229670,94600490,158830160,9,0,0,83968,13,4470705926
15310,64237349,94248322,158485671,7,0,0,11264,4,3881352046
15311,64240311,117098931,181339242,6,0,1,512,13,3800436486
15312,64246050,94372343,158618393,3,0,0,60928,1,6123162742
15313,64247331,117092924,181340255,1,0,1,4096,15,10698611401
15314,64247499,93769653,158017152,7,0,0,53760,4,8216349592
15315,64253580,93480044,157733624,1,0,0,5632,15,7830845932
15316,64259200,93815708,158074908,2,0,0,25088,12,7346502123
15317,64262671,117080798,181343469,5,0,1,18432,13,10245855996
15318,64266279,117564596,181830875,4,0,1,212480,16,6568424839
15319,64292520,93772670,158065190,9,0,0,16384,13,7654558831
15320,64292939,93589586,157882525,7,0,0,12800,4,7942179588
15321,64302130,94436090,158738220,3,0,0,152064,1,8098725441
15322,64305480,94066505,158371985,0,0,0,37888,2,157865504
15323,64313869,93686478,158000347,7,0,0,10752,4,884720902
15324,64318279,94089231,158407510,7,0,0,19968,4,6348205421
15325,64320060,94424482,158744542,0,0,0,6656,2,5403737071
15326,64321670,93629350,157951020,2,0,0,5120,12,29303828
15327,64327150,117515939,181843089,2,0,1,14848,12,9999615863
15328,64333899,93726253,158060152,7,0,0,6656,4,1495002310
15329,64338280,93645283,157983563,3,0,0,59904,1,3247489083
15330,64339980,93684683,158024663,2,0,0,24576,12,3203714433
15331,64342310,94425916,158768226,1,0,0,52224,15,4542990375
15332,64343049,93724192,158067241,7,0,0,6656,4,4780170143
15333,64344050,94565660,158909710,0,0,0,33280,2,2680272749
15334,64345460,117497652,181843112,3,0,1,12288,1,7511925366
15335,64348120,93647345,157995465,5,0,0,1024,13,10001321249
15336,64348750,93648298,157997048,9,0,0,5120,13,9260031668
15337,64350669,94432846,158783515,7,0,0,7680,4,4645834730
15338,64352330,117586400,181938730,0,0,1,2560,2,2719790506
15339,64356710,94136219,158492929,2,0,0,16384,12,10354358756
15340,64364319,117574434,181938753,4,0,1,15872,16,8232498834
15341,64365430,117626200,181991630,8,0,1,17408,17,5800930491
15342,64368120,94436433,158804553,9,0,0,39424,13,1381615136
15343,64373209,93788820,158162029,7,0,0,3584,4,24433682
15344,64373850,93742871,158116721,3,0,0,18432,1,874117266
15345,64374010,117617643,181991653,8,0,1,15872,17,4181646582
15346,64376830,94460427,158837257,2,0,0,11776,12,9707347521
15347,64378850,93752516,158131366,2,0,0,8192,12,9173644144
15348,64380610,93857008,158237618,5,0,0,4608,13,4877163122
15349,64383910,94015554,158399464,2,0,0,90112,12,2822506837
15350,64385480,93746845,158132325,6,0,0,3072,13,10360920244
15351,64391219,94616524,159007743,7,0,0,12288,4,8450489970
15352,64398711,117623119,182021830,6,0,1,8704,13,4094877233
15353,64400491,117621362,182021853,6,0,1,6144,13,3275493200
15354,64405649,93892212,158297861,7,0,0,18944,4,4042398129
15355,64406710,117621133,182027843,3,0,1,13824,1,3783016411
15356,64407020,93953398,158360418,5,0,0,23040,13,3417284786
15357,64410131,117617735,182027866,9,0,1,1024,13,7523181541
15358,64414329,94861528,159275857,7,0,0,20480,4,9846690079
15359,64425350,94408296,158833646,6,0,0,7168,13,10331035385
15360,64430900,94255170,158686070,5,0,0,2048,13,9224899842
15361,64438400,94936331,159374731,3,0,0,36352,1,5003305742
15362,64440810,94301612,158742422,0,0,0,1536,2,2717069199
15363,64449260,117578629,182027889,0,0,1,1536,2,6614942381
15364,64452259,94591863,159044122,7,0,0,20480,4,4784444468
15365,64467720,93862106,158329826,3,0,0,1536,1,8946163855
15366,64471391,117639743,182111134,5,0,1,17408,13,7433624392
15367,64473030,94508858,158981888,6,0,0,6144,13,3643808598
15368,64475939,117644699,182120638,7,0,1,5120,4,5783855430
15369,64488450,93849043,158337493,1,0,0,25088,15,7160245766
15370,64492230,93642615,158134845,5,0,0,1024,13,304681954
15371,64492910,94671662,159164572,5,0,0,51712,13,5058151413
15372,64501230,93910203,158411433,5,0,0,12800,13,6351033979
15373,64501691,117620023,182121714,5,0,1,13312,13,9848675677
15374,64506260,93917359,158423619,2,0,0,6144,12,2947739312
15375,64508930,93942274,158451204,0,0,0,17408,2,3149241267
15376,64513380,94172020,158685400,3,0,0,2048,1,423298067
15377,64515440,93986872,158502312,9,0,0,30720,13,9598323097
15378,64515441,117617408,182132849,9,0,1,21504,13,1920255736
15379,64515680,93954448,158470128,6,0,0,24064,13,2973053083
15380,64520980,94066528,158587508,1,0,0,22016,15,6543117041
15381,64527600,93818707,158346307,3,0,0,5120,1,4109280782
15382,64529091,117613557,182142648,6,0,1,22528,13,2405101797
15383,64537880,94108795,158646675,5,0,0,81920,13,2415699905
15384,64538321,117622736,182161057,9,0,1,11776,13,1806465351
15385,64545550,94235602,158781152,6,0,0,13312,13,3474542058
15386,64551609,117640811,182192420,7,0,1,6656,4,3066327674
15387,64553700,117650136,182203836,0,0,1,14848,2,1749808781
15388,64563390,94205795,158769185,1,0,0,3072,15,9674798971
15389,64564990,94288562,158853552,2,0,0,23552,12,782923991
15390,64569110,94122755,158691865,1,0,0,18944,15,5875729607
15391,64571970,94302108,158874078,9,0,0,4096,13,6348734490
15392,64577740,94339851,158917591,1,0,0,5632,15,1737178570
15393,64580640,94041052,158621692,0,0,0,10752,2,1541626777
15394,64583680,94855393,159439073,0,0,0,512,2,4772027222
15395,64587991,117617330,182205321,1,0,1,15360,15,1651186140
15396,64594389,117637743,182232132,4,0,1,10752,16,8056021066
15397,64600090,94152201,158752291,1,0,0,14848,15,7461287354
15398,64601860,117638567,182240427,8,0,1,1536,17,9467277597
15399,64612000,94129862,158741862,3,0,0,7168,1,2181903436
15400,64618920,94242568,158861488,1,0,0,9216,15,1941150540
15401,64628479,117612614,182241093,4,0,1,1024,16,4117574271
15402,64630510,94200921,158831431,6,0,0,4096,13,2342329128
15403,64636060,94029283,158665343,2,0,0,10240,12,4809267230
15404,64641090,94098557,158739647,0,0,0,4608,2,7228432261
15405,64647630,94931313,159578943,0,0,0,32768,2,8864107845
15406,64648281,117596358,182244639,6,0,1,5632,13,4420311778
15407,64651180,94678863,159330043,6,0,0,5632,13,6808135511
15408,64652039,117595186,182247225,4,0,1,4096,16,1661008389
15409,64661380,94869126,159530506,6,0,0,18944,13,219188273
15410,64677180,94411666,159088846,9,0,0,26112,13,4894969383
15411,64677290,94109844,158787134,2,0,0,11776,12,7012318117
15412,64677879,94287030,158964909,7,0,0,26624,4,5443450026
15413,64689131,117568315,182257446,9,0,1,7680,13,957797191
15414,64691040,94288953,158979993,3,0,0,24576,1,1523346530
15415,64695920,95013032,159708952,6,0,0,69120,13,9869360457
15416,64707760,94249014,158956774,6,0,0,78848,13,4209401068
15417,64712979,94312811,159025790,7,0,0,512,4,5031230407
15418,64720780,94251694,158972474,2,0,0,11776,12,4533391588
15419,64721630,94177917,158899547,8,0,0,35840,17,4945104324
15420,64723410,94244954,158968364,9,0,0,11264,13,5917151264
15421,64724180,95484885,160209065,6,0,0,21504,13,10707409226
15422,64726290,94242565,158968855,5,0,0,1536,13,768079027
15423,64728319,117580933,182309252,4,0,1,15872,16,4643320742
15424,64746390,94166151,158912541,6,0,0,9216,13,10566743478
15425,64749940,94394198,159144138,6,0,0,47616,13,994685628
15426,64752170,94338259,159090429,9,0,0,5120,13,10017983887
15427,64754930,94259427,159014357,0,0,0,1536,2,2843021579
15428,64756220,94433346,159189566,1,0,0,8704,15,3388265226
15429,64756710,95099920,159856630,6,0,0,43520,13,1932066121
15430,64763890,117545385,182309275,8,0,1,10752,17,3105267337
15431,64772751,117567930,182340681,5,0,1,4096,13,7049977991
15432,64777000,117563704,182340704,0,0,1,2560,2,4684172284
15433,64779920,94203863,158983783,5,0,0,6144,13,7561026793
15434,64788901,117551826,182340727,9,0,1,5632,13,808320644
15435,64790860,117639937,182430797,0,0,1,9728,2,10423761592
15436,64803759,94288898,159092657,7,0,0,2048,4,931801732
15437,64805709,95266641,160072350,7,0,0,130048,4,211869748
15438,64807550,95304314,160111864,9,0,0,79360,13,10713997734
15439,64813440,94176753,158990193,9,0,0,5120,13,5745272241
15440,64828050,95463365,160291415,0,0,0,14848,2,7251088166
15441,64829469,94416999,159246468,7,0,0,14336,4,2878743518
15442,64831591,117626809,182458400,1,0,1,7168,15,5069133781
15443,64847320,94492371,159339691,2,0,0,25600,12,834848462
15444,64849160,94451844,159301004,2,0,0,21504,12,6075428104
15445,64854320,94528390,159382710,2,0,0,26112,12,2744106486
15446,64858090,94426193,159284283,1,0,0,3584,15,6841400524
15447,64859560,117598863,182458423,2,0,1,2048,12,4276590364
15448,64859899,117598547,182458446,4,0,1,1536,16,6563097796
15449,64860230,94546870,159407100,1,0,0,12800,15,8349906064
15450,64860420,94578474,159438894,0,0,0,14848,2,2719386136
15451,64861500,94374460,159235960,9,0,0,11776,13,3370237031
15452,64865220,117593249,182458469,4,0,1,512,16,3770387447
15453,64865370,94595032,159460402,6,0,0,11264,13,6755970150
15454,64870430,94532747,159403177,0,0,0,67072,2,5770325323
15455,64870940,94603672,159474612,3,0,0,25088,1,9999541713
15456,64871650,94617828,159489478,0,0,0,37888,2,4646083781
15457,64883450,94685486,159568936,1,0,0,27648,15,616386448
15458,64887840,117570652,182458492,3,0,1,13312,1,36484354
15459,64890060,94368769,159258829,1,0,0,25088,15,10374452258
15460,64891070,94425261,159316331,9,0,0,3072,13,4583291145
15461,64893781,117622083,182515864,1,0,1,7680,15,6516610927
15462,64896750,94581161,159477911,5,0,0,10752,13,3570074438
15463,64898050,94662439,159560489,2,0,0,45056,12,748997475
15464,64898950,94693128,159592078,6,0,0,14336,13,4154500172
15465,64908970,94431056,159340026,2,0,0,1024,12,8167907312
15466,64912610,94672206,159584816,5,0,0,10240,13,232007451
15467,64912809,94628295,159541104,7,0,0,14848,4,8363101202
15468,64914461,117601426,182515887,5,0,1,13312,13,519903013
15469,64919970,95330044,160250014,2,0,0,15360,12,5472685882
15470,64920690,94574443,159495133,5,0,0,18432,13,15484867
15471,64934440,94682599,159617039,2,0,0,14848,12,9329100144
15472,64938559,94665486,159604045,7,0,0,18944,4,3738981782
15473,64938750,94684988,159623738,0,0,0,15872,2,7314379493
15474,64938820,94521917,159460737,5,0,0,1024,13,2141795227
15475,64943250,94881239,159824489,8,0,0,87552,17,9055640345
15476,64951420,94661072,159612492,9,0,0,27648,13,10063898297
15477,64953041,117647469,182600510,9,0,1,7680,13,9129948957
15478,64955841,117693669,182649510,6,0,1,7680,13,7469699235
15479,64959310,95543144,160502454,9,0,0,16896,13,5155994150
15480,64961170,94749567,159710737,4,0,0,5632,16,1907905556
15481,64964740,95388775,160353515,3,0,0,57344,1,8265802024
15482,64969061,117729158,182698219,1,0,1,12288,15,9767121485
15483,64972590,94762810,159735400,9,0,0,3584,13,4323159596
15484,64974830,117723412,182698242,2,0,1,2048,12,1555482095
15485,64980739,117717526,182698265,7,0,1,4096,4,5680785151
15486,64981890,94774564,159756454,0,0,0,19456,2,6379870451
15487,64983399,117714889,182698288,4,0,1,9216,16,3038082136
15488,64993570,94949080,159942650,6,0,0,25088,13,3666634962
15489,65001350,95031353,160032703,0,0,0,30208,2,10625674201
15490,65004120,95136673,160140793,0,0,0,64512,2,9066026508
15491,65004890,94902563,159907453,6,0,0,35328,13,337659451
15492,65009940,94852042,159861982,5,0,0,5632,13,5836539986
15493,65016140,95071521,160087661,5,0,0,50176,13,5684317604
15494,65020059,117721766,182741825,7,0,1,21504,4,2667730696
15495,65021811,117720037,182741848,5,0,1,5120,13,678835106
15496,65029650,94828875,159858525,6,0,0,6144,13,6178618136
15497,65036891,117704980,182741871,5,0,1,2048,13,366576562
15498,65038349,117704986,182743335,7,0,1,512,4,8176470708
15499,65045590,94885201,159930791,0,0,0,16896,2,9568913511
15500,65046730,95180142,160226872,5,0,0,58368,13,5050578173
15501,65047621,117725519,182773140,5,0,1,7680,13,2039369126
15502,65049460,94690398,159739858,5,0,0,12800,13,9554671302
15503,65052530,95149960,160202490,4,0,0,34816,16,7381177950
15504,65052550,95062925,160115475,6,0,0,11776,13,2157459807
15505,65061140,117712023,182773163,0,0,1,512,2,10658593041
15506,65064530,95193647,160258177,3,0,0,6656,1,9932012740
15507,65066410,95125449,160191859,9,0,0,63488,13,4138417196
15508,65071000,94928730,159999730,8,0,0,9728,17,2706040271
15509,65071320,117701866,182773186,8,0,1,3072,17,7146357783
15510,65076950,94904536,159981486,3,0,0,17920,1,8256092886
15511,65079389,117737431,182816820,7,0,1,20480,4,8527347163
15512,65082680,117752188,182834868,2,0,1,1536,12,5081442238
15513,65083079,95065941,160149020,7,0,0,2048,4,3805598188
15514,65083549,95075486,160159035,7,0,0,32768,4,3536882543
15515,65087530,95060843,160148373,6,0,0,24576,13,3737910708
15516,65088680,95032434,160121114,8,0,0,18432,17,5941024959
15517,65097089,95148222,160245311,7,0,0,60416,4,3169174121
15518,65099419,117736115,182835534,7,0,1,1024,4,9682054750
15519,65105860,117741333,182847193,2,0,1,5120,12,8375221991
15520,65110111,117739028,182849139,9,0,1,3072,13,257293792
15521,65111450,117745480,182856930,8,0,1,1536,17,62720479
15522,65117120,117739833,182856953,4,0,1,3584,16,4902774757
15523,65120980,95408750,160529730,8,0,0,35840,17,9700163844
15524,65124530,95333202,160457732,9,0,0,7680,13,10574991207
15525,65130860,95455031,160585891,2,0,0,83456,12,3214327159
15526,65131310,95324036,160455346,2,0,0,101888,12,3389116496
15527,65134400,95524028,160658428,8,0,0,24576,17,7462147030
15528,65134970,95227304,160362274,1,0,0,28672,15,7220777431
15529,65135499,95342080,160477579,7,0,0,11776,4,3320064742
15530,65136290,117772014,182908304,2,0,1,11776,12,1895041578
15531,65140880,95510037,160650917,6,0,0,26112,13,6770499528
15532,65142170,95111001,160253171,8,0,0,7168,17,5372120066
15533,65142639,117765688,182908327,7,0,1,6656,4,5870673857
15534,65145880,95220097,160365977,8,0,0,5120,17,8210166180
15535,65147179,95338870,160486049,7,0,0,13824,4,7770672534
15536,65147241,117761109,182908350,5,0,1,2048,13,7530129365
15537,65148110,95244367,160392477,9,0,0,4608,13,7424372882
15538,65149440,95440530,160589970,0,0,0,13312,2,9040182772
15539,65150440,95748456,160898896,4,0,0,22528,16,9072903371
15540,65158650,117792409,182951059,0,0,1,3584,2,4404442862
15541,65158750,95441539,160600289,1,0,0,33792,15,3271787548
15542,65165180,95477758,160642938,5,0,0,51200,13,1831982731
15543,65181309,95510535,160691844,7,0,0,39936,4,3485574886
15544,65182350,95633903,160816253,8,0,0,67072,17,2636694968
15545,65183060,117768022,182951082,3,0,1,1024,1,2166500859
15546,65184510,117766595,182951105,2,0,1,4608,12,6203511880
15547,65192620,95287478,160480098,1,0,0,8192,15,5309537202
15548,65193750,117757378,182951128,4,0,1,3072,16,9888654988
15549,65208280,95542909,160751189,6,0,0,14848,13,6784634642
15550,65215341,117736295,182951636,5,0,1,4608,13,6336448983
15551,65216370,95401430,160617800,0,0,0,9216,2,5107434323
15552,65225620,95899643,161125263,9,0,0,100864,13,6416554910
15553,65229251,117755152,182984403,9,0,1,2560,13,6966191335
15554,65236829,95387925,160624754,7,0,0,17408,4,8041039399
15555,65242380,117742046,182984426,3,0,1,512,1,1314981022
15556,65246730,95762211,161008941,0,0,0,32768,2,2046390759
15557,65249670,95468072,160717742,9,0,0,10240,13,1082990930
15558,65252180,95447274,160699454,6,0,0,1536,13,9298325641
15559,65258770,95574935,160833705,1,0,0,27648,15,443909570
15560,65260730,95458283,160719013,1,0,0,4096,15,2145998487
15561,65267991,117716458,182984449,1,0,1,11776,15,7573312352
15562,65268000,95757581,161025581,8,0,0,20480,17,8345577792
15563,65275840,95600138,160875978,5,0,0,34816,13,8696002844
15564,65278671,117743358,183022029,9,0,1,3584,13,9348774374
15565,65285860,95537124,160822984,8,0,0,22016,17,7268757368
15566,65321830,95655551,160977381,2,0,0,50176,12,1069477771
15567,65322150,95512522,160834672,0,0,0,3072,2,6517715476
15568,65338140,117796212,183134352,0,0,1,14848,2,10008122801
15569,65341330,95546893,160888223,2,0,0,1024,12,2319345058
15570,65344581,117890442,183235023,9,0,1,4608,13,3454854541
15571,65362480,95525408,160887888,9,0,0,18432,13,4728725397
15572,65364150,117870896,183235046,2,0,1,9216,12,5791300042
15573,65367241,117885362,183252603,6,0,1,2048,13,7148102631
15574,65367830,95829087,161196917,1,0,0,52224,15,4828311880
15575,65379080,95531910,160910990,6,0,0,24064,13,4370635355
15576,65384020,95759697,161143717,9,0,0,6144,13,253081339
15577,65384400,95821276,161205676,0,0,0,28672,2,6236191598
15578,65385939,95650768,161036707,7,0,0,11776,4,3339304226
15579,65413259,95747368,161160627,7,0,0,43520,4,4117212955
15580,65417020,95934083,161351103,9,0,0,35328,13,8090884195
15581,65420140,95599178,161019318,0,0,0,23040,2,8273693785
15582,65421670,95648283,161069953,0,0,0,18944,2,4736364859
15583,65427141,117825485,183252626,6,0,1,2048,13,3286400466
15584,65428681,117845022,183273703,1,0,1,19456,15,10279139280
15585,65429060,95500652,160929712,5,0,0,512,13,7876024595
15586,65436720,95993649,161430369,9,0,0,36864,13,4459068183
15587,65436810,95618152,161054962,8,0,0,7168,17,2124019484
15588,65442020,95863505,161305525,6,0,0,51712,13,2666911291
15589,65451590,96036584,161488174,2,0,0,94720,12,5571483180
15590,65457139,95714306,161171445,7,0,0,3584,4,3357885895
15591,65465551,118043118,183508669,6,0,1,38400,13,1757952298
15592,65467079,118072804,183539883,7,0,1,11776,4,615058088
15593,65471180,95670642,161141822,5,0,0,54272,13,10031106287
15594,65471350,96018389,161489739,9,0,0,4608,13,2727229783
15595,65476401,118084672,183561073,5,0,1,3584,13,10433918858
15596,65477380,95914728,161392108,8,0,0,52224,17,3439547533
15597,65486770,95683552,161170322,2,0,0,31744,12,4844597642
15598,65492420,95742383,161234803,2,0,0,11264,12,6021560842
15599,65493900,95653444,161147344,6,0,0,4608,13,8420949926
15600,65497340,95815072,161312412,2,0,0,22528,12,7930253937
15601,65498540,95898583,161397123,6,0,0,16384,13,9853395874
15602,65504600,95846994,161351594,8,0,0,1536,17,9687327963
15603,65514310,96112849,161627159,0,0,0,63488,2,10418892084
15604,65515210,118048769,183563979,0,0,1,4608,2,3267475361
15605,65521540,118053282,183574822,4,0,1,27136,16,3435342842
15606,65523041,118082350,183605391,1,0,1,5120,15,3767784542
15607,65526000,95791988,161317988,5,0,0,3584,13,1594682913
15608,65529430,95901430,161430860,2,0,0,1536,12,7977425874
15609,65538360,96026193,161564553,1,0,0,61952,15,8581145502
15610,65538660,95774578,161313238,2,0,0,2560,12,6243035132
15611,65543240,96090673,161633913,8,0,0,14848,17,1617004454
15612,65553331,118052083,183605414,6,0,1,17408,13,10612718575
15613,65570310,118037070,183607380,3,0,1,3584,1,9226135905
15614,65574580,95801551,161376131,9,0,0,9728,13,7706901085
15615,65574610,95932050,161506660,2,0,0,7680,12,7210117200
15616,65576670,96130464,161707134,9,0,0,35840,13,1363013879
15617,65577529,118153633,183731162,7,0,1,8192,4,680025417
15618,65578950,96098267,161677217,0,0,0,19968,2,206363786
15619,65580880,96184006,161764886,0,0,0,4608,2,8528451175
15620,65584530,95953537,161538067,2,0,0,24576,12,6199869697
15621,65584660,95953898,161538558,0,0,0,1536,2,4994598614
15622,65596180,96053543,161649723,0,0,0,46080,2,8016126581
15623,65613921,118382157,183996078,1,0,1,19968,15,1293448585
15624,65620481,118376263,183996744,5,0,1,1024,13,7025174828
15625,65623340,96012312,161635652,4,0,0,5632,16,9719231095
15626,65624730,118375865,184000595,2,0,1,3072,12,9564608453
15627,65626019,96053717,161679736,7,0,0,8192,4,1859465795
15628,65628120,118404999,184033119,3,0,1,23552,1,9682629560
15629,65630560,96128595,161759155,2,0,0,23040,12,1879593449
15630,65634450,118450802,184085252,3,0,1,8704,1,5284724921
15631,65639390,96087515,161726905,1,0,0,29184,15,9186641820
15632,65658650,96191129,161849779,9,0,0,49152,13,3841167915
15633,65660640,118543657,184204297,0,0,1,26112,2,7320947896
15634,65661520,95967846,161629366,9,0,0,7168,13,5635040070
15635,65664670,118637303,184301973,0,0,1,15872,2,4254095252
15636,65671511,118677438,184348949,9,0,1,8192,13,9909800683
15637,65678440,95979470,161657910,1,0,0,20480,15,5334746389
15638,65680131,118670764,184350895,1,0,1,3072,15,5269084725
15639,65722330,96312458,162034788,4,0,0,33280,16,6978094088
15640,65724000,96132061,161856061,2,0,0,12288,12,1214566882
15641,65729480,96001228,161730708,2,0,0,11264,12,7935203853
15642,65735970,96032371,161768341,8,0,0,11264,17,10509037078
15643,65748179,96153010,161901189,7,0,0,20480,4,5641441847
15644,65752980,118598274,184351254,8,0,1,9728,17,7718374048
15645,65754060,96290148,162044208,6,0,0,12288,13,7963961721
15646,65754791,118610060,184364851,9,0,1,3072,13,3503343306
15647,65755880,96078900,161834780,5,0,0,31232,13,5643864123
15648,65758520,96210246,161968766,0,0,0,21504,2,1829383769
15649,65760790,96201401,161962191,2,0,0,17920,12,2490390820
15650,65771960,118706291,184478251,8,0,1,1024,17,109244399
15651,65774599,96114459,161889058,7,0,0,12800,4,5459416455
15652,65779000,96072370,161851370,0,0,0,5120,2,6991162224
15653,65784240,96191470,161975710,4,0,0,2560,16,1557585541
15654,65786051,118692223,184478274,6,0,1,8704,13,5172950653
15655,65790000,96164876,161954876,0,0,0,36864,2,6543828916
15656,65791950,96287506,162079456,2,0,0,9216,12,6405669762
15657,65792290,96204383,161996673,3,0,0,26624,1,2847754437
15658,65792810,96322564,162115374,1,0,0,48128,15,2687458074
15659,65798841,118679456,184478297,5,0,1,8192,13,6557903811
15660,65799800,96224802,162024602,1,0,0,27648,15,2657794004
15661,65800641,118789369,184590010,6,0,1,30720,13,2260394212
15662,65801120,96445636,162246756,2,0,0,84992,12,66114144
15663,65807710,118785498,184593208,2,0,1,14336,12,9548146960
15664,65815530,118778446,184593976,3,0,1,11776,1,9036320074
15665,65819820,118774412,184594232,4,0,1,9216,16,9074355775
15666,65820690,96628555,162449245,0,0,0,28160,2,7813119639
15667,65830380,118768545,184598925,8,0,1,12288,17,10013536672
15668,65831840,96498262,162330102,8,0,0,65024,17,4769097525
15669,65836420,96555387,162391807,0,0,0,16384,2,10449954409
15670,65837309,96337389,162174698,7,0,0,20992,4,7728193289
15671,65843540,97037900,162881440,6,0,0,1024,13,1155506111
15672,65849211,118784490,184633701,9,0,1,3072,13,4401027640
15673,65851540,118782184,184633724,8,0,1,4608,17,2837580607
15674,65852120,96921260,162773380,1,0,0,31744,15,7596741289
15675,65859710,96757222,162616932,1,0,0,2560,15,5274284784
15676,65866079,96701810,162567889,7,0,0,27136,4,886932398
15677,65868480,96299799,162168279,6,0,0,11776,13,5079374771
15678,65869760,96382323,162252083,5,0,0,17408,13,1613033160
15679,65871100,96990594,162861694,6,0,0,23040,13,6696711836
15680,65873459,97205119,163078578,7,0,0,104448,4,2765956286
15681,65873740,96482547,162356287,9,0,0,4608,13,5315459481
15682,65877390,118873371,184750761,2,0,1,9728,12,3973690866
15683,65883900,96732229,162616129,2,0,0,28672,12,8292642453
15684,65894660,118864883,184759543,4,0,1,4096,16,2178268021
15685,65894890,96520778,162415668,5,0,0,19456,13,2263951271
15686,65896290,96996025,162892315,2,0,0,18432,12,8823711477
15687,65896829,96296903,162193732,7,0,0,2560,4,5714548785
15688,65903760,96568974,162472734,9,0,0,17920,13,3174235974
15689,65906759,96356251,162263010,7,0,0,6144,4,5257631338
15690,65908130,96427299,162335429,8,0,0,17408,17,8662269069
15691,65915340,118870639,184785979,3,0,1,8704,1,1605575267
15692,65918370,118912411,184830781,2,0,1,11776,12,190941065
15693,65923860,119060714,184984574,2,0,1,31232,12,1647210845
15694,65927750,119058207,184985957,8,0,1,14848,17,6008870784
15695,65934430,96690169,162624599,2,0,0,25088,12,7711269436
15696,65936660,96456418,162393078,5,0,0,4096,13,420376820
15697,65953880,96432912,162386792,9,0,0,78336,13,519007626
15698,65969250,96570295,162539545,8,0,0,16384,17,3922376272
15699,65975299,96484973,162460272,7,0,0,25088,4,1750103864
15700,65976910,96445952,162422862,4,0,0,14336,16,10521891405
15701,65988701,119173409,185162110,6,0,1,32768,13,8219422394
15702,65995510,96523983,162519493,9,0,0,15360,13,10269453787
15703,66002961,119185634,185188595,1,0,1,11264,15,392076410
15704,66003010,97011150,163014160,6,0,0,4096,13,629687149
15705,66013881,119393373,185407254,9,0,1,18944,13,8965549868
15706,66015809,96339051,162354860,7,0,0,18944,4,10302372117
15707,66018840,96317392,162336232,5,0,0,2560,13,6720925725
15708,66030060,97013817,163043877,0,0,0,40960,2,2939988988
15709,66037530,97124465,163161995,1,0,0,23040,15,9335957357
15710,66040530,96537600,162578130,2,0,0,27648,12,9170713950
15711,66043020,96647683,162690703,5,0,0,5120,13,8692382361
15712,66044970,97128973,163173943,9,0,0,23552,13,633061328
15713,66049709,119385132,185434841,7,0,1,10240,4,7827577464
15714,66050820,96343585,162394405,6,0,0,2560,13,182333737
15715,66056590,119380829,185437419,4,0,1,2560,16,1689618546
15716,66059391,119379104,185438495,9,0,1,13312,13,3384847709
15717,66069240,96643704,162712944,5,0,0,26624,13,2852484323
15718,66071390,96519583,162590973,6,0,0,8704,13,728570632
15719,66072150,119369383,185441533,2,0,1,3072,12,6030032804
15720,66072940,119368747,185441687,0,0,1,8704,2,8558986796
15721,66077080,96727262,162804342,0,0,0,45568,2,1146606198
15722,66080250,97324052,163404302,8,0,0,101888,17,6369142297
15723,66080640,96624169,162704809,9,0,0,32256,13,3597989402
15724,66080680,97050959,163131639,1,0,0,10752,15,335953647
15725,66085160,96647338,162732498,1,0,0,5632,15,8027991835
15726,66088881,119356672,185445553,1,0,1,6144,15,8890851208
15727,66092720,96854741,162947461,9,0,0,18944,13,8410081464
15728,66092870,97139238,163232108,8,0,0,107520,17,358196115
15729,66095691,119372046,185467737,5,0,1,1024,13,5407020678
15730,66096420,97005776,163102196,5,0,0,13824,13,9610155905
15731,66101120,96689315,162790435,1,0,0,24064,15,2262414039
15732,66102700,96944031,163046731,1,0,0,9216,15,2058041366
15733,66107201,119360559,185467760,6,0,1,4096,13,9340899316
15734,66111960,96609922,162721882,0,0,0,8704,2,6592848159
15735,66121100,96533837,162654937,8,0,0,9728,17,4780099131
15736,66124960,96514862,162639822,6,0,0,1024,13,4091285610
15737,66136410,96876479,163012889,8,0,0,126976,17,2743467573
15738,66141780,119326003,185467783,2,0,1,5120,12,5307509089
15739,66147351,119320455,185467806,9,0,1,8704,13,163962379
15740,66148810,96690195,162839005,1,0,0,6656,15,7968138559
15741,66149450,96968837,163118287,1,0,0,52736,15,3305539976
15742,66153590,96597784,162751374,3,0,0,2048,1,1217541430
15743,66154161,119313668,185467829,9,0,1,4608,13,5090421659
15744,66154230,96564977,162719207,9,0,0,20480,13,7780952927
15745,66157300,96784366,162941666,6,0,0,46592,13,9682358766
15746,66161860,96936085,163097945,8,0,0,63488,17,6929592493
15747,66162289,119305579,185467868,7,0,1,4608,4,8618304196
15748,66166729,96855730,163022459,7,0,0,27136,4,8280933965
15749,66173450,97012772,163186222,5,0,0,19456,13,4918956889
15750,66174740,119335493,185510233,4,0,1,2048,16,9672560657
15751,66175181,119349114,185524295,9,0,1,19968,13,5502195611
15752,66183419,96983325,163166744,7,0,0,3584,4,8335094662
15753,66187560,96619309,162806869,6,0,0,8192,13,1584111749
15754,66193130,97114797,163307927,5,0,0,14848,13,8395152225
15755,66197220,96957732,163154952,1,0,0,35328,15,9980281443
15756,66201190,96772988,162974178,6,0,0,22016,13,6412647814
15757,66206250,96761197,162967447,2,0,0,38912,12,3315988790
15758,66212520,97050488,163263008,0,0,0,47616,2,687597718
15759,66213360,96736308,162949668,8,0,0,7168,17,10715994984
15760,66229680,96801694,163031374,1,0,0,29184,15,5407047399
15761,66230020,96914145,163144165,9,0,0,6144,13,8645212438
15762,66235999,96929630,163165629,7,0,0,9216,4,6837421965
15763,66240760,96686687,162927447,2,0,0,5632,12,5016209925
15764,66241579,96886761,163128340,7,0,0,32768,4,18652188
15765,66245059,96932675,163177734,7,0,0,12288,4,4012017875
15766,66262000,97210659,163472659,1,0,0,20480,15,2100883485
15767,66271140,96871130,163142270,0,0,0,34816,2,7944062467
15768,66272159,96890639,163162798,7,0,0,2560,4,7714706200
15769,66282040,97153196,163435236,0,0,0,99840,2,689350174
15770,66285031,119260703,185545734,1,0,1,2560,15,9450052386
15771,66290700,119276065,185566765,0,0,1,26112,2,5840842571
15772,66292949,97224128,163517077,7,0,0,7168,4,141036343
15773,66293801,119276830,185570631,5,0,1,12288,13,6924003544
15774,66298750,97164152,163462902,1,0,0,87552,15,8094275708
15775,66298789,119367444,185666233,7,0,1,9728,4,2978599447
15776,66302190,97402896,163705086,1,0,0,24576,15,6133351062
15777,66304569,96960802,163265371,7,0,0,7680,4,9636252138
15778,66305280,97325931,163631211,8,0,0,4608,17,7439253201
15779,66309250,97011077,163320327,5,0,0,9216,13,2651208602
15780,66313761,119355539,185669300,5,0,1,4096,13,756923276
15781,66317760,119352846,185670606,3,0,1,2048,1,277124609
15782,66318380,119355452,185673832,0,0,1,5120,2,1875942786
15783,66320750,96982630,163303380,1,0,0,23552,15,7942917132
15784,66320900,96954678,163275578,0,0,0,2048,2,10200507089
15785,66327870,97043785,163371655,6,0,0,6656,13,5993149740
15786,66331370,96908561,163239931,9,0,0,25600,13,7171356441
15787,66336860,119355443,185692303,2,0,1,5120,12,3425513245
15788,66336910,96905249,163242159,5,0,0,5632,13,1770673172
15789,66337200,97301227,163638427,5,0,0,18944,13,3293456438
15790,66340700,119352909,185693609,8,0,1,2048,17,7326237827
15791,66342389,97563737,163906126,7,0,0,30208,4,6046210742
15792,66349340,97430840,163780180,6,0,0,6144,13,1800511435
15793,66374700,97222909,163597609,6,0,0,2048,13,7724764703
15794,66375449,97060754,163436203,7,0,0,3072,4,6456591772
15795,66377570,97183706,163561276,0,0,0,4096,2,4711087446
15796,66380240,97086156,163466396,9,0,0,5120,13,7485922968
15797,66385850,119383140,185768990,2,0,1,12800,12,10615790800
15798,66388390,97110539,163498929,1,0,0,5120,15,5816825020
15799,66388700,97016093,163404793,5,0,0,1536,13,5612429238
15800,66389710,119379303,185769013,3,0,1,1536,1,5156400913
15801,66399591,119369445,185769036,1,0,1,2048,15,1561233310
15802,66403210,97120715,163523925,9,0,0,3584,13,9085552017
15803,66405100,97077410,163482510,0,0,0,32256,2,2925478516
15804,66409640,119359419,185769059,0,0,1,7680,2,5800113675
15805,66410359,97160768,163571127,7,0,0,32256,4,7464995145
15806,66414790,97244096,163658886,8,0,0,67072,17,9119079024
15807,66416011,119424166,185840177,5,0,1,5632,13,3793042413
15808,66416440,97334806,163751246,1,0,0,2048,15,5178450226
15809,66417121,119423079,185840200,1,0,1,10240,15,9817784051
15810,66420870,97117948,163538818,2,0,0,37376,12,6474140226
15811,66425910,97390706,163816616,2,0,0,13824,12,8019962652
15812,66435180,119455431,185890611,3,0,1,1536,1,5702803891
15813,66436950,97049223,163486173,1,0,0,3584,15,6239964358
15814,66448510,97016287,163464797,5,0,0,6144,13,7170878384
15815,66450960,97101157,163552117,9,0,0,11264,13,7399370527
15816,66453000,97125178,163578178,8,0,0,23040,17,7520144566
15817,66456840,97412105,163868945,9,0,0,8704,13,2313294880
15818,66460190,97268957,163729147,5,0,0,4608,13,7711059970
15819,66463809,119426825,185890634,7,0,1,512,4,623555298
15820,66464949,97030186,163495135,7,0,0,2048,4,5699332717
15821,66465600,119434463,185900063,3,0,1,7680,1,264678401
15822,66473919,119509335,185983254,7,0,1,29184,4,3490728559
15823,66480130,97479682,163959812,0,0,0,7680,2,6241454634
15824,66483160,97214415,163697575,9,0,0,21504,13,1226111529
15825,66483341,119542289,186025630,6,0,1,3584,13,7307001549
15826,66488170,97199948,163688118,2,0,0,12288,12,6123159800
15827,66500390,97559383,164059773,9,0,0,18432,13,9040860095
15828,66507440,97269525,163776965,0,0,0,18944,2,237806245
15829,66530470,97335777,163866247,1,0,0,24064,15,746125773
15830,66534070,97580722,164114792,6,0,0,10240,13,3052606653
15831,66541790,119483863,186025653,8,0,1,1536,17,9685332962
15832,66548650,97310196,163858846,1,0,0,36352,15,7779763640
15833,66549860,97331736,163881596,9,0,0,27648,13,4815760874
15834,66552499,97155285,163707784,7,0,0,8704,4,4580653669
15835,66563550,119462126,186025676,8,0,1,1536,17,3216216681
15836,66570080,97229942,163800022,0,0,0,23552,2,5951564591
15837,66572170,119453529,186025699,2,0,1,9216,12,2155530731
15838,66575920,119473225,186049145,2,0,1,2560,12,1590211349
15839,66577670,97419183,163996853,0,0,0,3584,2,6840553437
15840,66577960,97367600,163945560,3,0,0,25088,1,8983295579
15841,66578240,97677157,164255397,8,0,0,26624,17,1413592843
15842,66580200,97539932,164120132,1,0,0,2560,15,6519823294
15843,66582830,97502124,164084954,6,0,0,36352,13,2556812535
15844,66588071,119462992,186051063,5,0,1,3072,13,3576948324
15845,66605730,97770825,164376555,1,0,0,45056,15,9910455008
15846,66606820,97375648,163982468,8,0,0,3584,17,9452963849
15847,66608389,97482539,164090928,7,0,0,16384,4,66197729
15848,66612600,97878681,164491281,9,0,0,2048,13,2194670632
15849,66614111,119436975,186051086,5,0,1,2048,13,10672032662
15850,66627740,97422939,164050679,6,0,0,43008,13,4604011670
15851,66627780,97720067,164347847,2,0,0,29696,12,6357434263
15852,66628160,97932883,164561043,8,0,0,33280,17,1531441966
15853,66633270,97392516,164025786,5,0,0,60416,13,6489889041
15854,66634960,97419174,164054134,1,0,0,11264,15,3840509808
15855,66635039,97653432,164288471,7,0,0,14848,4,3581897152
15856,66636360,97537980,164174340,8,0,0,7168,17,3075726512
15857,66643630,97602179,164245809,9,0,0,34304,13,9305852176
15858,66647190,119457859,186105049,4,0,1,17920,16,2954340745
15859,66660640,97549973,164210613,2,0,0,40960,12,8650059266
15860,66674190,97558001,164232191,5,0,0,45568,13,5361183934
15861,66675000,97560334,164235334,6,0,0,10240,13,9486068970
15862,66678900,97628235,164307135,6,0,0,17408,13,2664508560
15863,66686201,119437036,186123237,5,0,1,1536,13,9291710103
15864,66701460,97881671,164583131,6,0,0,28672,13,8423221231
15865,66702820,97383093,164085913,5,0,0,3072,13,284671699
15866,66702850,119421258,186124108,2,0,1,12288,12,7565318404
15867,66704910,97391922,164096832,2,0,0,5120,12,5402492478
15868,66709220,119504536,186213756,0,0,1,25600,2,10676529114
15869,66718400,119546399,186264799,8,0,1,7168,17,9070218482
15870,66726770,97426319,164153089,8,0,0,8192,17,3810700915
15871,66728310,97816629,164544939,9,0,0,71168,13,4766992027
15872,66728830,119536635,186265465,3,0,1,1024,1,1797331533
15873,66738430,97834671,164573101,0,0,0,4608,2,8171067125
15874,66755120,97577023,164332143,2,0,0,40448,12,8467984878
15875,66757010,97658272,164415282,5,0,0,30208,13,7022841812
15876,66762400,97521524,164283924,9,0,0,9728,13,1180937033
15877,66762910,97832177,164595087,6,0,0,1024,13,2017612301
15878,66763480,119502958,186266438,2,0,1,12800,12,7992387583
15879,66767880,97898446,164666326,9,0,0,36864,13,1681779985
15880,66772390,97608868,164381258,2,0,0,15360,12,2153038069
15881,66775230,97857338,164632568,9,0,0,26624,13,3237554280
15882,66784200,97840233,164624433,9,0,0,18944,13,2459187617
15883,66786720,97787652,164574372,8,0,0,4096,17,4318495466
15884,66787470,97482024,164269494,6,0,0,6656,13,4664723045
15885,66789929,97781745,164571674,7,0,0,34816,4,8895415808
15886,66798900,97882683,164681583,9,0,0,13824,13,6190812089
15887,66801480,97853583,164655063,8,0,0,73728,17,5399335942
15888,66820090,97635610,164455700,6,0,0,27136,13,856634257
15889,66829350,97997597,164826947,9,0,0,46080,13,1242409789
15890,66832030,97717489,164549519,5,0,0,2048,13,4150742263
15891,66832720,97882949,164715669,6,0,0,80896,13,4939305448
15892,66836890,98002560,164839450,9,0,0,40960,13,5920903724
15893,66837780,98048851,164886631,6,0,0,21504,13,901131725
15894,66840810,119426614,186267424,4,0,1,1536,16,10244255621
15895,66854680,98007569,164862249,0,0,0,74752,2,5936502386
15896,66858471,119467365,186325836,9,0,1,9216,13,7186231342
15897,66862150,97867449,164729599,5,0,0,20992,13,5739434203
15898,66869330,97853850,164723180,6,0,0,24576,13,2830346958
15899,66872710,97887703,164760413,5,0,0,15360,13,5385122170
15900,66878300,98293831,165172131,5,0,0,6144,13,3516981975
15901,66881190,97998866,164880056,9,0,0,58368,13,7760641020
15902,66882680,98223420,165106100,6,0,0,14336,13,7088213195
15903,66885031,119443711,186328742,9,0,1,4608,13,972642498
15904,66898480,119473389,186371869,4,0,1,1536,16,7989776489
15905,66900251,119474204,186374455,1,0,1,4096,15,2276960279
15906,66902810,97989772,164892582,8,0,0,19456,17,7582022278
15907,66905880,98701211,165607091,2,0,0,4096,12,9298684623
15908,66912381,119462740,186375121,9,0,1,1024,13,4268369953
15909,66914830,119474948,186389778,3,0,1,3072,1,736999428
15910,66915521,119650963,186566484,5,0,1,19456,13,10327399836
15911,66920469,97857780,164778249,7,0,0,17408,4,2996596930
15912,66921900,98179809,165101709,5,0,0,24576,13,8669444885
15913,66927890,98325848,165253738,6,0,0,29696,13,2709488319
15914,66930290,98090438,165020728,0,0,0,8704,2,9525095460
15915,66935340,97828684,164764024,6,0,0,11776,13,6296533605
15916,66939750,119627093,186566843,0,0,1,9728,2,8816809134
15917,66949870,98060516,165010386,6,0,0,119296,13,4465278221
15918,66952830,98141368,165094198,2,0,0,18944,12,7363015280
15919,66953241,119662036,186615277,1,0,1,8192,15,4997937383
15920,66958610,119682346,186640956,0,0,1,8192,2,2785382365
15921,66965369,97928952,164894321,7,0,0,5632,4,3615401741
15922,66971660,98046393,165018053,1,0,0,25088,15,4656785892
15923,66973290,97921834,164895124,0,0,0,2560,2,8053167936
15924,66974410,119666905,186641315,4,0,1,9728,16,8929773694
15925,66983790,98072108,165055898,8,0,0,33792,17,2910860643
15926,66984240,98179035,165163275,1,0,0,17408,15,4735593141
15927,66987630,98380037,165367667,5,0,0,97792,13,7790423698
15928,66992320,97960103,164952423,6,0,0,8192,13,4373136074
15929,66992600,98095803,165088403,9,0,0,26624,13,7772091327
15930,67007420,98751105,165758525,0,0,0,91648,2,589557322
15931,67007720,98172978,165180698,6,0,0,14848,13,7020968682
15932,67009020,98113652,165122672,6,0,0,6656,13,437878536
15933,67009480,98014079,165023559,5,0,0,9216,13,606578341
15934,67014560,98309216,165323776,1,0,0,21504,15,408330678
15935,67040060,98021743,165061803,2,0,0,1536,12,3501726236
15936,67040760,98004819,165045579,0,0,0,13824,2,8824067841
15937,67045730,98439648,165485378,1,0,0,19456,15,9175792614
15938,67055260,98063087,165118347,0,0,0,1024,2,612475850
15939,67056220,98375117,165431337,9,0,0,6656,13,2287657882
15940,67059170,98378199,165437369,8,0,0,17920,17,7426031397
15941,67061230,98451536,165512766,9,0,0,66560,13,10062074565
15942,67073400,98330069,165403469,9,0,0,8704,13,3243506499
15943,67083420,98231463,165314883,8,0,0,12288,17,1417883722
15944,67084980,98197724,165282704,5,0,0,10752,13,4819285216
15945,67086710,98311611,165398321,6,0,0,10752,13,2830332944
15946,67095570,98461554,165557124,9,0,0,19456,13,10120137517
15947,67100470,98294371,165394841,8,0,0,32256,17,7146091379
15948,67103549,98462022,165565571,7,0,0,27648,4,7618163353
15949,67106840,98262791,165369631,6,0,0,6144,13,10210600965
15950,67117890,98252388,165370278,5,0,0,2048,13,639129905
15951,67122940,98599550,165722490,4,0,0,15872,16,3537004828
15952,67123800,98773128,165896928,2,0,0,41472,12,7490940349
15953,67126110,98303176,165429286,6,0,0,44032,13,6792841126
15954,67126750,98455068,165581818,5,0,0,53248,13,2257610394
15955,67135060,119602530,186737590,0,0,1,45568,2,9207201171
15956,67136170,98447098,165583268,4,0,0,4608,16,6168698777
15957,67138560,98533262,165671822,0,0,0,8704,2,9754383574
15958,67147310,98447004,165594314,1,0,0,3584,15,5774649245
15959,67148730,98442337,165591067,6,0,0,19456,13,9440190831
15960,67151240,119635478,186786718,4,0,1,25600,16,8924280935
15961,67154899,98362809,165517708,7,0,0,7680,4,6433094498
15962,67155369,119658568,186813937,7,0,1,3072,4,10397478303
15963,67155880,98547401,165703281,3,0,0,18432,1,8991210634
15964,67160401,119653895,186814296,9,0,1,9728,13,9030460188
15965,67167360,98790430,165957790,5,0,0,41984,13,3291364982
15966,67195310,98441378,165636688,1,0,0,22528,15,7442401858
15967,67197440,119702877,186900317,4,0,1,7680,16,6799029033
15968,67198700,98744071,165942771,8,0,0,512,17,7910446255
15969,67200530,98598549,165799079,8,0,0,8704,17,7969555049
15970,67202911,119697662,186900573,5,0,1,9216,13,4575058102
15971,67214191,119698202,186912393,6,0,1,4608,13,5642861741
15972,67220800,98871615,166092415,1,0,0,31232,15,5328779407
15973,67236090,98448347,165684437,9,0,0,14848,13,8246054332
15974,67239590,98344660,165584250,1,0,0,3072,15,5610867487
15975,67245331,119677996,186923327,1,0,1,9728,15,759367154
15976,67248349,119700804,186949153,7,0,1,5120,4,1112232669
15977,67250890,98545514,165796404,4,0,0,15360,16,874386446
15978,67255120,119696887,186952007,2,0,1,6656,12,2151715809
15979,67262299,98725589,165987888,7,0,0,33280,4,6769661316
15980,67273750,98486202,165759952,0,0,0,4608,2,9277329622
15981,67276030,98835639,166111669,8,0,0,56320,17,5032645092
15982,67280770,98588749,165869519,2,0,0,11264,12,1971465051
15983,67281641,119682904,186964545,1,0,1,6144,15,1672248370
15984,67284900,99007277,166292177,2,0,0,57856,12,2492317236
15985,67286080,98974649,166260729,8,0,0,28160,17,139204626
15986,67286610,98492766,165779376,9,0,0,19968,13,9350460208
15987,67287970,98701345,165989315,2,0,0,4608,12,1283169679
15988,67293740,98832327,166126067,5,0,0,47104,13,9052786790
15989,67295980,98899009,166194989,0,0,0,27136,2,8317814457
15990,67299070,98423599,165722669,8,0,0,512,17,3368334819
15991,67304120,98532357,165836477,2,0,0,512,12,5079942169
15992,67306520,98577749,165884269,8,0,0,23040,17,5865465904
15993,67309629,98819277,166128906,7,0,0,9216,4,3460765896
15994,67318170,98868528,166186698,9,0,0,9216,13,3834062659
15995,67326650,98533941,165860591,0,0,0,7168,2,9963697751
15996,67327580,98995672,166323252,1,0,0,2560,15,10379885905
15997,67331830,98597264,165929094,2,0,0,1024,12,6569030776
15998,67333500,98893983,166227483,4,0,0,51200,16,22342747
15999,67343210,98959004,166302214,5,0,0,15360,13,4696376095
16000,67343281,119621287,186964568,9,0,1,512,13,1577377896
16001,67345379,99364966,166710345,7,0,0,74752,4,6442599058
16002,67345590,98866270,166211860,9,0,0,55296,13,3393314908
16003,67348220,98693769,166041989,1,0,0,31744,15,5353249055
16004,67364220,98887906,166252126,2,0,0,12288,12,661291900
16005,67376861,119591965,186968826,6,0,1,2048,13,1627058057
16006,67381439,98621239,166002678,7,0,0,2560,4,6478576890
16007,67386140,99013171,166399311,3,0,0,77824,1,7669367821
16008,67396660,98528389,165925049,1,0,0,6656,15,10369191419
16009,67396959,99357670,166754629,7,0,0,9216,4,8264506407
16010,67401360,119567497,186968857,2,0,1,1024,12,5774109435
16011,67402130,98511299,165913429,1,0,0,5120,15,218029549
16012,67411330,98616621,166027951,5,0,0,29696,13,9781796398
16013,67414510,98715823,166130333,1,0,0,4608,15,916590253
16014,67425360,98844908,166270268,6,0,0,31232,13,848138910
16015,67443460,98556794,166000254,1,0,0,9728,15,175266020
16016,67444460,98792928,166237388,4,0,0,5120,16,706818236
16017,67445741,119523139,186968880,1,0,1,2560,15,4458244475
16018,67446910,99063521,166510431,4,0,0,11776,16,8677056915
16019,67452680,98821846,166274526,7,0,0,9216,4,7829551444
16020,67453081,119516635,186969716,1,0,1,4608,15,5983252786
16021,67464800,98693089,166157889,0,0,0,9728,2,10280450206
16022,67466219,99444980,166911199,7,0,0,12800,4,4732948019
16023,67467820,98771151,166238971,4,0,0,5120,16,2995487512
16024,67469420,99170967,166640387,1,0,0,20992,15,10229103945
16025,67470479,98801216,166271695,7,0,0,4608,4,5675390619
16026,67471600,119674381,187145981,0,0,1,30208,2,10118458799
16027,67474940,98760834,166235774,9,0,0,27136,13,470376189
16028,67476060,98857661,166333721,9,0,0,18944,13,9302742935
16029,67479400,98943947,166423347,9,0,0,3584,13,3080571148
16030,67480060,99556255,167036315,8,0,0,45568,17,6311769887
16031,67485590,98917915,166403505,8,0,0,13312,17,1907179494
16032,67485700,98826080,166311780,4,0,0,3072,16,8017960546
16033,67497580,99334686,166832266,2,0,0,6656,12,8793600067
16034,67499579,98794025,166293604,7,0,0,4608,4,203749735
16035,67518280,99154266,166672546,9,0,0,105472,13,8989627196
16036,67521949,119628867,187150816,7,0,1,1024,4,10133078888
16037,67529970,99188244,166718214,6,0,0,25600,13,9113598515
16038,67541190,98909651,166450841,9,0,0,42496,13,10511514147
16039,67543220,99004952,166548172,9,0,0,30720,13,10013260950
16040,67543450,119608672,187152122,3,0,1,2048,1,6567184517
16041,67545020,99069983,166615003,1,0,0,71680,15,2336416506
16042,67546560,99026279,166572839,1,0,0,43520,15,2611585545
16043,67558780,98975160,166533940,0,0,0,9216,2,10398414741
16044,67567050,99205075,166772125,0,0,0,6144,2,3988475695
16045,67567200,119585998,187153198,4,0,1,13312,16,4182943478
16046,67575950,99111596,166687546,0,0,0,20480,2,7307539651
16047,67577960,98945983,166523943,0,0,0,9728,2,7204989909
16048,67592760,119583935,187176695,2,0,1,11776,12,7797419058
16049,67595680,119660997,187256677,3,0,1,20480,1,4651002496
16050,67596620,98894129,166490749,6,0,0,5632,13,6035638509
16051,67597181,119659519,187256700,5,0,1,2560,13,8653676086
16052,67598029,98912581,166510610,7,0,0,512,4,10567079072
16053,67598850,99020856,166619706,0,0,0,15360,2,5615392439
16054,67603390,99225219,166828609,7,0,0,30208,4,4239143942
16055,67603610,98821164,166424774,0,0,0,4608,2,7518523885
16056,67605500,99494541,167100041,1,0,0,1536,15,1804867676
16057,67608239,99444399,167052638,7,0,0,2048,4,8376731607
16058,67616630,99009651,166626281,4,0,0,21504,16,5859165365
16059,67622550,99721984,167344534,7,0,0,30208,4,5682480966
16060,67624710,99622817,167247527,0,0,0,12288,2,8857825778
16061,67627850,99169715,166797565,3,0,0,13824,1,4239543937
16062,67627880,99324991,166952871,9,0,0,13824,13,3485062881
16063,67628760,119635638,187264398,0,0,1,3072,2,6784240298
16064,67644610,99315874,166960484,8,0,0,5120,17,7696763480
16065,67648620,99399337,167047957,6,0,0,16896,13,3491672589
16066,67658220,99851397,167509617,2,0,0,26624,12,10123445843
16067,67660950,99201125,166862075,2,0,0,15360,12,8254097996
16068,67665720,99789361,167455081,3,0,0,40448,1,2635082454
16069,67665960,99524840,167190800,4,0,0,10752,16,5751510454
16070,67677120,99455539,167132659,9,0,0,79360,13,7148728772
16071,67680349,98846838,166527187,7,0,0,7168,4,8135385899
16072,67681411,119671795,187353206,5,0,1,19456,13,3932668064
16073,67687020,99062067,166749087,1,0,0,20480,15,4911271597
16074,67690800,99450462,167141262,0,0,0,28160,2,776580079
16075,67691440,99253167,166944607,9,0,0,61952,13,1442602548
16076,67692430,119739178,187431608,2,0,1,5632,12,2698432850
16077,67695270,99468629,167163899,0,0,0,18432,2,3759890761
16078,67697090,99133125,166830215,5,0,0,5120,13,1898080954
16079,67697440,99560277,167257717,6,0,0,22528,13,9590355193
16080,67699931,119908191,187608122,1,0,1,13824,15,4475039284
16081,67700710,99537099,167237809,7,0,0,2560,4,6839271210
16082,67702660,99252649,166955309,2,0,0,7680,12,6935313982
16083,67702850,99704692,167407542,9,0,0,55296,13,2490878972
16084,67704621,119991947,187696568,5,0,1,20480,13,9853176897
16085,67705400,99657168,167362568,2,0,0,37888,12,8515719073
16086,67707510,99012755,166720265,1,0,0,6656,15,1086243208
16087,67707870,120023406,187731276,3,0,1,6144,1,3080034544
16088,67710190,99331296,167041486,6,0,0,16896,13,9285361405
16089,67718670,100144500,167863170,4,0,0,11776,16,1665840588
16090,67720880,99431379,167152259,8,0,0,32256,17,10305716680
16091,67751080,99786218,167537298,2,0,0,55808,12,6314161101
16092,67751620,99057821,166809441,6,0,0,10752,13,4287034283
16093,67754180,99636491,167390671,0,0,0,92160,2,6143190824
16094,67757800,99573093,167330893,8,0,0,101376,17,1224667664
16095,67762020,99703380,167465400,7,0,0,33792,4,870205305
16096,67770610,99655074,167425684,9,0,0,31232,13,1941696263
16097,67778610,99637535,167416145,8,0,0,28160,17,4871375602
16098,67781920,99873174,167655094,0,0,0,80384,2,8844660165
16099,67783710,99960190,167743900,2,0,0,12800,12,3305091809
16100,67795650,99278383,167074033,7,0,0,5632,4,10718684155
16101,67799230,99875775,167675005,2,0,0,49152,12,2348091437
16102,67810380,100088392,167898772,4,0,0,39936,16,9980413335
16103,67811030,99008316,166819346,6,0,0,8704,13,4691889554
16104,67824710,99747771,167572481,4,0,0,30208,16,4679023433
16105,67834590,99685190,167519780,5,0,0,33280,13,2328472710
16106,67835151,119917458,187752609,1,0,1,20992,15,4241342611
16107,67839310,99600593,167439903,7,0,0,46592,4,8199166112
16108,67850050,99292335,167142385,2,0,0,3584,12,3987571303
16109,67851170,99669101,167520271,1,0,0,1536,15,1965781465
16110,67854030,119925707,187779737,8,0,1,5120,17,8363798940
16111,67855970,119926353,187782323,4,0,1,4096,16,2654715014
16112,67858020,99983553,167841573,4,0,0,65536,16,366611715
16113,67861050,99953116,167814166,4,0,0,20480,16,4087310804
16114,67861260,119923969,187785229,2,0,1,4608,12,4794212906
16115,67862770,99324482,167187252,7,0,0,20992,4,8223765617
16116,67867820,119937245,187805065,2,0,1,1024,12,1155670080
16117,67868920,99151302,167020222,9,0,0,10752,13,3347018978
16118,67869170,99677854,167547024,4,0,0,19968,16,1563484995
16119,67871910,99917425,167789335,9,0,0,19968,13,5301439811
16120,67873410,99609485,167482895,2,0,0,57344,12,8250097342
16121,67877700,100106756,167984456,8,0,0,9216,17,4898100016
16122,67881370,99827261,167708631,1,0,0,23552,15,7136689426
16123,67882660,100209610,168092270,1,0,0,20992,15,5456736007
16124,67894840,99146825,167041665,9,0,0,512,13,8697960457
16125,67896740,99604742,167501482,2,0,0,60928,12,2492570892
16126,67902980,100098254,168001234,0,0,0,15360,2,8801708889
16127,67904430,99379517,167283947,2,0,0,15872,12,4985183446
16128,67906480,99831477,167737957,4,0,0,32256,16,3428324813
16129,67911200,99424107,167335307,5,0,0,12288,13,871074789
16130,67913421,119965995,187879416,5,0,1,3072,13,8185078055
16131,67915580,99372855,167288435,2,0,0,1024,12,177536128
16132,67917630,99413910,167331540,0,0,0,2048,2,321445565
16133,67922700,99878395,167801095,2,0,0,26624,12,1995727875
16134,67923040,99672240,167595280,5,0,0,74752,13,5438212479
16135,67926470,99686439,167612909,9,0,0,36864,13,6944913732
16136,67935190,100227666,168162856,1,0,0,80896,15,1590880976
16137,67949571,119941083,187890654,5,0,1,5632,13,5120875363
16138,67950590,99906294,167856884,8,0,0,50176,17,2378509118
16139,67952010,99646592,167598602,4,0,0,10752,16,10211493163
16140,67955830,99486904,167442734,4,0,0,9216,16,5884853343
16141,67964360,99720811,167685171,5,0,0,5120,13,7266070728
16142,67964770,100026417,167991187,1,0,0,22016,15,1742772156
16143,67964841,119926799,187891640,9,0,1,1536,13,6997422041
16144,67965070,99894489,167859559,1,0,0,8704,15,3765862882
16145,67976270,99564647,167540917,5,0,0,11776,13,3108457350
16146,67979480,119913786,187893266,3,0,1,2560,1,10468883905
16147,67982520,100398692,168381212,8,0,0,70144,17,1344296923
16148,67983220,100059869,168043089,7,0,0,5120,4,4215861848
16149,67984360,99363177,167347537,4,0,0,9728,16,9108398205
16150,67988939,119906273,187895212,7,0,1,3072,4,7741969961
16151,67991980,100476153,168468133,9,0,0,29696,13,1810984880
16152,67993890,119985941,187979831,3,0,1,17920,1,5922601122
16153,67999070,100442450,168441520,4,0,0,40448,16,4067497249
16154,68004500,100037006,168041506,6,0,0,8192,13,3184967405
16155,68004850,100064253,168069103,0,0,0,6656,2,6913786635
16156,68005580,119977157,187982737,2,0,1,4608,12,7503730561
16157,68011931,119974032,187985963,1,0,1,5120,15,2870703391
16158,68013670,100091834,168105504,7,0,0,2048,4,849777689
16159,68015810,99945668,167961478,2,0,0,20992,12,9262826100
16160,68022480,99992890,168015370,3,0,0,3072,1,7169113064
16161,68024740,100403976,168428716,9,0,0,94208,13,7947151607
16162,68029000,100527790,168556790,6,0,0,16384,13,6960959191
16163,68031210,100179641,168210851,6,0,0,19456,13,7024373590
16164,68033510,100265463,168298973,3,0,0,35328,1,10316460346
16165,68044380,100040512,168084892,9,0,0,36864,13,9381689671
16166,68045340,100276546,168321886,3,0,0,52224,1,853916234
16167,68050610,100467668,168518278,6,0,0,10752,13,4191878102
16168,68053550,100124510,168178060,4,0,0,1536,16,5246326776
16169,68056940,100028911,168085851,6,0,0,3072,13,1622386957
16170,68065240,99798265,167863505,2,0,0,1024,12,7686923654
16171,68067800,100721782,168789582,4,0,0,4096,16,2947679966
16172,68068881,119927716,187996597,1,0,1,4608,15,10283152758
16173,68070150,100530404,168600554,9,0,0,7168,13,9401459667
16174,68070830,99840814,167911644,7,0,0,22016,4,4061613999
16175,68073230,99908395,167981625,4,0,0,66048,16,541710015
16176,68078070,119995567,188073637,2,0,1,33792,12,1768923451
16177,68078580,100224963,168303543,4,0,0,14848,16,5990058840
16178,68084110,100300713,168384823,5,0,0,11776,13,1648292948
16179,68098360,100130015,168228375,0,0,0,16384,2,5211362071
16180,68107620,100334304,168441924,2,0,0,1024,12,9423103045
16181,68118740,100784414,168903154,4,0,0,56832,16,6982879395
16182,68119920,99808415,167928335,5,0,0,9728,13,300993210
16183,68126090,99992678,168118768,3,0,0,33792,1,9049717464
16184,68139110,100345304,168484414,2,0,0,8704,12,6014501234
16185,68139830,100424403,168564233,9,0,0,4608,13,5288000607
16186,68148700,100207199,168355899,4,0,0,9216,16,8087354659
16187,68148980,100639331,168788311,3,0,0,125440,1,6588333010
16188,68152770,100691410,168844180,8,0,0,34304,17,1264652911
16189,68153180,100536759,168689939,7,0,0,42496,4,731372629
16190,68156360,100463036,168619396,9,0,0,27136,13,4261242190
16191,68156570,100806777,168963347,0,0,0,60416,2,10105019939
16192,68164890,100049572,168214462,7,0,0,11776,4,7352866699
16193,68165450,100337864,168503314,8,0,0,10240,17,4969958741
16194,68168400,119989977,188158377,0,0,1,10752,2,9034592617
16195,68168439,100383336,168551775,7,0,0,25600,4,3951548446
16196,68171550,100279800,168451350,6,0,0,7680,13,2637667732
16197,68190990,100672713,168863703,1,0,0,64000,15,6723213132
16198,68199130,100149147,168348277,2,0,0,7680,12,4546322359
16199,68203420,120000211,188203631,3,0,1,5120,1,1426943565
16200,68212040,100953147,169165187,2,0,0,14848,12,3886440027
16201,68213450,100484936,168698386,4,0,0,27648,16,8940540717
16202,68213610,120196427,188410037,2,0,1,8192,12,8397240753
16203,68214160,100535908,168750068,0,0,0,102400,2,1334908018
16204,68222760,100496085,168718845,0,0,0,67072,2,1175703477
16205,68225330,101042092,169267422,8,0,0,37888,17,8834632249
16206,68228940,100911780,169140720,6,0,0,16384,13,10703901504
16207,68232830,120205641,188438471,0,0,1,12800,2,7162638055
16208,68234390,100358943,168593333,2,0,0,14336,12,3698275997
16209,68236120,100780778,169016898,1,0,0,22528,15,1218776650
16210,68237510,120203609,188441119,4,0,1,3072,16,3771011759
16211,68239470,100580476,168819946,5,0,0,68096,13,4310915263
16212,68242960,120199723,188442683,4,0,1,3584,16,2784499615
16213,68245200,100208496,168453696,8,0,0,1024,17,8818614804
16214,68246820,100138338,168385158,2,0,0,1024,12,10638905833
16215,68248950,100230571,168479521,4,0,0,7680,16,2723491515
16216,68249040,100313766,168562806,8,0,0,5120,17,4349510659
16217,68249800,100583897,168833697,3,0,0,45056,1,3562454483
16218,68250910,100634897,168885807,6,0,0,50688,13,9862349647
16219,68250990,100368920,168619910,3,0,0,1536,1,2813767027
16220,68251800,100284306,168536106,1,0,0,43520,15,10243252190
16221,68260659,100650786,168911445,7,0,0,27136,4,9675382833
16222,68262680,100708513,168971193,1,0,0,12800,15,7056844815
16223,68263840,100278373,168542213,2,0,0,19968,12,7650758507
16224,68275460,100520408,168795868,9,0,0,13824,13,3349626465
16225,68285680,100166005,168451685,9,0,0,1024,13,3334823735
16226,68287890,100282017,168569907,9,0,0,3584,13,271222328
16227,68288811,120154538,188443349,9,0,1,1024,13,2333283577
16228,68289680,100937436,169227116,3,0,0,16384,1,5342430028
16229,68295750,101091684,169387434,6,0,0,1024,13,3123384166
16230,68307130,100281812,168588942,2,0,0,18432,12,9516404862
16231,68309340,100267935,168577275,4,0,0,2560,16,2908078372
16232,68324280,100541786,168866066,5,0,0,7680,13,3620351191
16233,68328310,120118023,188446333,2,0,1,3584,12,10018293916
16234,68331190,100978677,169309867,0,0,0,40448,2,1231128369
16235,68332729,100677282,169010011,7,0,0,12288,4,8891061270
16236,68338540,100667704,169006244,7,0,0,15360,4,8661494220
16237,68345670,100757534,169103204,9,0,0,8704,13,3133625045
16238,68352320,120094921,188447241,2,0,1,2560,12,1483752490
16239,68358210,100299459,168657669,6,0,0,8192,13,9333602840
16240,68361300,100182652,168543952,8,0,0,5632,17,3390544024
16241,68364570,100842954,169207524,4,0,0,79360,16,8551103326
16242,68366140,100662691,169028831,6,0,0,16896,13,5080617160
16243,68368830,100430345,168799175,1,0,0,10752,15,8848919935
16244,68375960,100705013,169080973,0,0,0,22528,2,4147236416
16245,68381560,100488764,168870324,8,0,0,10240,17,6499186158
16246,68383490,120072159,188455649,3,0,1,17920,1,3916117870
16247,68386430,100926580,169313010,0,0,0,10240,2,6745053248
16248,68386510,100697294,169083804,1,0,0,9216,15,10352285482
16249,68387990,100403643,168791633,4,0,0,6656,16,9032618569
16250,68388390,100771121,169159511,9,0,0,16384,13,704788563
16251,68394790,101128878,169523668,8,0,0,94208,17,8515352248
16252,68397240,101148787,169546027,4,0,0,512,16,10695826282
16253,68403220,100614645,169017865,7,0,0,3072,4,9148856001
16254,68405669,120128263,188533932,7,0,1,14336,4,3135807812
16255,68406700,101034566,169441266,1,0,0,16384,15,4319224158
16256,68419511,120114444,188533955,1,0,1,512,15,2877148457
16257,68423160,100848052,169271212,5,0,0,3584,13,5318028889
16258,68425550,100541720,168967270,3,0,0,12800,1,9601418676
16259,68428230,120105748,188533978,2,0,1,11776,12,5448924746
16260,68428600,100554518,168983118,3,0,0,25088,1,1616479464
16261,68428781,120118526,188547307,5,0,1,5120,13,5161384503
16262,68435290,101192472,169627762,2,0,0,117248,12,9653116291
16263,68441670,101100897,169542567,4,0,0,61952,16,2028551431
16264,68443520,100960413,169403933,2,0,0,3584,12,1143014729
16265,68449300,100680601,169129901,4,0,0,3072,16,7077354277
16266,68451430,100415751,168867181,6,0,0,3584,13,10614328081
16267,68452950,100484558,168937508,5,0,0,40960,13,3608062339
16268,68455130,101134054,169589184,6,0,0,19456,13,8874131013
16269,68455180,120092150,188547330,0,0,1,3072,2,9411488576
16270,68460440,101194083,169654523,2,0,0,4608,12,5479905872
16271,68460670,100562990,169023660,2,0,0,18944,12,7062602882
16272,68464050,120093622,188557672,0,0,1,4608,2,6909940896
16273,68465151,120103175,188568326,5,0,1,8192,13,10186856511
16274,68465490,100856614,169322104,7,0,0,18944,4,7420860889
16275,68468640,100605423,169074063,3,0,0,41472,1,3435930013
16276,68470010,100627989,169097999,0,0,0,14336,2,4734358666
16277,68470860,100504591,168975451,3,0,0,3072,1,10497348199
16278,68478300,100738139,169216439,6,0,0,29184,13,3479301543
16279,68480750,120087599,188568349,4,0,1,5120,16,3520975657
16280,68481790,100492702,168974492,0,0,0,10752,2,8642867620
16281,68482620,100917237,169399857,2,0,0,6144,12,3785950916
16282,68484290,101107725,169592015,7,0,0,9216,4,695406332
16283,68501190,120126391,188627581,3,0,1,10240,1,921345875
16284,68501270,100796227,169297497,1,0,0,40448,15,6089723581
16285,68501940,100842567,169344507,5,0,0,2048,13,8461289155
16286,68501980,101057336,169559316,6,0,0,37376,13,3916265021
16287,68506010,100822045,169328055,8,0,0,19456,17,4840008364
16288,68511910,120127187,188639097,4,0,1,4096,16,1554560452
16289,68520100,100835567,169355667,4,0,0,23552,16,5444119955
16290,68520459,120119918,188640377,7,0,1,14336,4,1625269783
16291,68529871,120125197,188655068,1,0,1,7680,15,8022833760
16292,68534680,100687421,169222101,5,0,0,13312,13,1970850324
16293,68535210,100734887,169270097,0,0,0,8704,2,2104316992
16294,68536050,100681972,169218022,5,0,0,5120,13,2112004762
16295,68537550,100822785,169360335,0,0,0,3584,2,7035855827
16296,68542820,100924483,169467303,8,0,0,45568,17,10362729652
16297,68544260,101138901,169683161,2,0,0,13312,12,2577437777
16298,68549970,101218714,169768684,4,0,0,56320,16,3751117439
16299,68569140,101160672,169729812,7,0,0,120832,4,1556023643
16300,68571110,100745199,169316309,8,0,0,10752,17,9880760481
16301,68580990,101421316,170002306,2,0,0,46592,12,1611833282
16302,68582810,101106770,169689580,5,0,0,20992,13,8467771720
16303,68584010,120090602,188674612,0,0,1,18432,2,7584897048
16304,68584240,101155111,169739351,4,0,0,31232,16,465072111
16305,68584300,101211337,169795637,9,0,0,47104,13,6943074522
16306,68590630,100897163,169487793,7,0,0,22528,4,7986904008
16307,68591320,101424581,170015901,4,0,0,44544,16,3925579895
16308,68591940,120190210,188782150,3,0,1,6656,1,6837550264
16309,68606300,101067013,169673313,2,0,0,7168,12,5522726109
16310,68610039,120244141,188854180,7,0,1,2048,4,2887396491
16311,68615880,101163262,169779142,4,0,0,32768,16,7397167897
16312,68619940,120451820,189071760,2,0,1,37888,12,3397400386
16313,68621140,100939314,169560454,9,0,0,1536,13,407805654
16314,68624690,100821811,169446501,6,0,0,12288,13,318924037
16315,68631350,101108804,169740154,5,0,0,2560,13,2636142630
16316,68633020,100860162,169493182,9,0,0,6144,13,5345315493
16317,68633610,101493567,170127177,6,0,0,33792,13,1304647619
16318,68636740,101001588,169638328,8,0,0,7168,17,4046752270
16319,68639140,120435668,189074808,0,0,1,6144,2,2609649670
16320,68641380,120501233,189142613,4,0,1,8704,16,7617823206
16321,68646670,101006426,169653096,5,0,0,6144,13,82526418
16322,68651579,101538141,170189720,7,0,0,19456,4,4172126755
16323,68657540,100795848,169453388,4,0,0,22528,16,7476472192
16324,68657650,120484986,189142636,4,0,1,1536,16,3891354626
16325,68661090,100884643,169545733,3,0,0,10240,1,6625388515
16326,68664990,100894973,169559963,6,0,0,2048,13,3517790826
16327,68669811,120473052,189142863,1,0,1,7680,15,10450890333
16328,68676840,101366760,170043600,3,0,0,22016,1,8027508779
16329,68679960,101649577,170329537,7,0,0,36864,4,3173202015
16330,68682460,100996622,169679082,6,0,0,4608,13,3672460764
16331,68686270,120485039,189171309,3,0,1,27136,1,2107716678
16332,68687590,101081476,169769066,9,0,0,1024,13,1041379463
16333,68691010,101088623,169779633,3,0,0,1536,1,7289903188
16334,68694660,101056795,169751455,0,0,0,36864,2,110935149
16335,68713380,101158320,169871700,2,0,0,65024,12,7916088338
16336,68719150,101381259,170100409,2,0,0,28160,12,6798648925
16337,68719710,120534723,189254433,3,0,1,8192,1,4501155321
16338,68721660,101193414,169915074,3,0,0,47104,1,7646494840
16339,68722570,120535121,189257691,3,0,1,14336,1,2323111582
16340,68727360,101438640,170166000,9,0,0,3072,13,282536764
16341,68728491,120611568,189340059,9,0,1,7168,13,4430847132
16342,68735550,101455441,170190991,6,0,0,4096,13,5785900857
16343,68749630,100879567,169629197,3,0,0,4608,1,7195211187
16344,68751031,120589051,189340082,1,0,1,512,15,2827813103
16345,68751630,100889590,169641220,6,0,0,1536,13,308685083
16346,68763040,101830690,170593730,7,0,0,43520,4,1448831782
16347,68765810,120574295,189340105,3,0,1,3072,1,2652187541
16348,68771019,120569109,189340128,7,0,1,2560,4,4360817476
16349,68774860,101930338,170705198,3,0,0,4608,1,6991690341
16350,68793660,120645159,189438819,0,0,1,22528,2,3298135973
16351,68796140,101043271,169839411,3,0,0,11776,1,276979680
16352,68799690,101263798,170063488,6,0,0,12800,13,3320671210
16353,68801820,101345729,170147549,4,0,0,11264,16,10005855378
16354,68801860,120647589,189449449,0,0,1,5632,2,5420418436
16355,68807650,101093049,169900699,2,0,0,19456,12,10509321688
16356,68814230,101631898,170446128,4,0,0,78336,16,1218061319
16357,68817450,100963812,169781262,9,0,0,5120,13,7700192581
16358,68817910,101956378,170774288,0,0,0,9728,2,1576980338
16359,68820561,120630834,189451395,5,0,1,3072,13,8386340880
16360,68832550,101525768,170358318,1,0,0,63488,15,4019153722
16361,68833860,120619481,189453341,8,0,1,3072,17,8832706659
16362,68836020,101455986,170292006,0,0,0,7168,2,6823727943
16363,68838040,101622307,170460347,1,0,0,46592,15,8981513157
16364,68844320,101286312,170130632,1,0,0,11264,15,9043803469
16365,68849950,100959285,169809235,6,0,0,28672,13,45731441
16366,68854440,101376177,170230617,6,0,0,56320,13,8638112923
16367,68854960,120618447,189473407,2,0,1,2560,12,5445619031
16368,68857690,101683516,170541206,6,0,0,14336,13,557288431
16369,68866961,120635306,189502267,9,0,1,9216,13,6933928089
16370,68870980,101154243,170025223,1,0,0,19456,15,3984314737
16371,68872230,101110236,169982466,3,0,0,29184,1,2237034296
16372,68872340,101067551,169939891,1,0,0,4096,15,7713023140
16373,68877980,101016768,169894748,4,0,0,34816,16,5917955049
16374,68884330,120684594,189568924,0,0,1,7168,2,4533778010
16375,68887730,101912009,170799739,6,0,0,83456,13,3922004144
16376,68893280,101352850,170246130,4,0,0,3072,16,9423195869
16377,68902490,101183674,170086164,0,0,0,25600,2,9543945765
16378,68903570,101372416,170275986,5,0,0,30208,13,4472318218
16379,68913930,120881040,189794970,0,0,1,1536,2,787445694
16380,68914400,101793629,170708029,7,0,0,9216,4,5531566668
16381,68916731,120995729,189912460,9,0,1,25600,13,1489072260
16382,68923270,101234130,170157400,3,0,0,32256,1,9572342353
16383,68927180,101216914,170144094,5,0,0,7168,13,3034986154
16384,68937789,121057075,189994864,7,0,1,3584,4,4495432203
16385,68939081,121088191,190027272,5,0,1,27136,13,8839952004
16386,68943480,101393747,170337227,2,0,0,20480,12,3237143422
16387,68946660,101214616,170161276,1,0,0,1024,15,9712415992
16388,68947840,101519550,170467390,3,0,0,23040,1,5779035933
16389,68948530,101556353,170504883,5,0,0,12288,13,3896628285
16390,68951639,101735379,170687018,7,0,0,34304,4,7166473746
16391,68954840,101187047,170141887,4,0,0,36864,16,10167788412
16392,68957930,101225839,170183769,9,0,0,23552,13,5186234624
16393,68959840,101233366,170193206,6,0,0,7168,13,7895732380
16394,68960129,101618713,170578842,7,0,0,38912,4,2676170308
16395,68961119,101450639,170411758,7,0,0,3072,4,4541005547
16396,68970010,101405352,170375362,0,0,0,5632,2,10080419718
16397,68971440,101552404,170523844,5,0,0,52224,13,8586998494
16398,68974600,121074298,190048898,0,0,1,9216,2,7926145252
16399,68980710,101437467,170418177,9,0,0,20992,13,3633709489
16400,68986059,121141252,190127311,7,0,1,16384,4,3033744466
16401,68993700,101251448,170245148,2,0,0,47616,12,8306741717
16402,68994190,101336774,170330964,2,0,0,4608,12,2161409776
16403,69009800,101654279,170664079,6,0,0,61952,13,4208379501
16404,69013339,101723018,170736357,7,0,0,16384,4,1777091331
16405,69013800,101233133,170246933,2,0,0,2560,12,3404684913
16406,69024630,101512185,170536815,1,0,0,42496,15,3232359624
16407,69034839,101363074,170397913,7,0,0,9216,4,6940461163
16408,69038791,121147767,190186558,9,0,1,21504,13,8471747224
16409,69045170,101619922,170665092,9,0,0,1536,13,9228300274
16410,69058000,121129883,190187883,0,0,1,13824,2,5675725484
16411,69058440,101847828,170906268,0,0,0,6144,2,10489023802
16412,69064150,101322077,170386227,6,0,0,4096,13,85991088
16413,69065470,101571864,170637334,3,0,0,105984,1,2945654574
16414,69068280,101576900,170645180,9,0,0,24064,13,10089481006
16415,69068871,121119035,190187906,9,0,1,1024,13,1947484443
16416,69070310,102109842,171180152,1,0,0,32768,15,5171320692
16417,69071320,101933075,171004395,5,0,0,16384,13,6138411532
16418,69072580,102045056,171117636,2,0,0,27136,12,7309433652
16419,69080450,101769921,170850371,3,0,0,32256,1,3246643756
16420,69081450,101291571,170373021,3,0,0,12288,1,1130707218
16421,69086030,101770300,170856330,3,0,0,19456,1,5947728499
16422,69088160,101935602,171023762,9,0,0,63488,13,5118805595
16423,69092679,121121221,190213900,7,0,1,3584,4,4258505036
16424,69098240,102059980,171158220,2,0,0,70656,12,1858187953
16425,69101440,101625176,170726616,6,0,0,33792,13,4854081541
16426,69108440,101732057,170840497,4,0,0,31232,16,7293582910
16427,69115550,101549043,170664593,9,0,0,1536,13,7639872451
16428,69121451,121095355,190216806,9,0,1,4608,13,1229906296
16429,69132740,101855830,170988570,4,0,0,72704,16,3649264126
16430,69140379,101563392,170703771,7,0,0,18432,4,1119015576
16431,69151810,101524733,170676543,0,0,0,14848,2,9340419469
16432,69155030,101482795,170637825,0,0,0,1536,2,8627586057
16433,69165320,101506676,170671996,1,0,0,22016,15,4553654001
16434,69175050,101596251,170771301,3,0,0,38912,1,3228122790
16435,69178960,121039472,190218432,3,0,1,2560,1,7959869333
16436,69183301,121035592,190218893,9,0,1,10240,13,481082210
16437,69186550,102051168,171237718,1,0,0,1536,15,485371720
16438,69188230,101811150,170999380,5,0,0,31232,13,572015719
16439,69193400,102192066,171385466,1,0,0,3072,15,9091785773
16440,69195760,101535582,170731342,5,0,0,15360,13,6522425631
16441,69198010,101756304,170954314,6,0,0,32768,13,1763180212
16442,69204510,101682384,170886894,6,0,0,74752,13,3681664704
16443,69206600,101759795,170966395,0,0,0,24576,2,2355487503
16444,69217510,102075027,171292537,0,0,0,33280,2,6236057662
16445,69218350,102478526,171696876,3,0,0,50176,1,9154422754
16446,69223450,101592162,170815612,1,0,0,7168,15,5678410200
16447,69223710,121127981,190351691,3,0,1,22528,1,4418036390
16448,69225441,121234588,190460029,5,0,1,4608,13,5495062968
16449,69228010,102247095,171475105,9,0,0,136192,13,4229661482
16450,69229650,101571250,170800900,3,0,0,3584,1,2345495258
16451,69230670,102391573,171622243,9,0,0,93696,13,2167320044
16452,69234390,101585491,170819881,0,0,0,1024,2,4689595014
16453,69239750,101694279,170934029,6,0,0,7680,13,7065329853
16454,69242690,121217362,190460052,4,0,1,1024,16,4648222369
16455,69247260,101986824,171234084,1,0,0,21504,15,9462285849
16456,69263280,101961048,171224328,0,0,0,4608,2,6631800833
16457,69264361,121195714,190460075,9,0,1,512,13,9672915380
16458,69271950,101913708,171185658,2,0,0,17920,12,860778110
16459,69278090,102098399,171376489,2,0,0,8704,12,10248175952
16460,69278470,101887417,171165887,0,0,0,25088,2,7111344381
16461,69290950,101839927,171130877,4,0,0,11264,16,652969162
16462,69296619,102073584,171370203,7,0,0,63488,4,211725826
16463,69300810,101756084,171056894,6,0,0,9216,13,661387398
16464,69300920,102010990,171311910,1,0,0,13312,15,10217515818
16465,69302080,102464398,171766478,5,0,0,51712,13,7173727023
16466,69303160,102211399,171514559,4,0,0,42496,16,969074209
16467,69304829,102177943,171482772,7,0,0,25088,4,875412716
16468,69306290,121153808,190460098,3,0,1,512,1,6085700362
16469,69313689,121146432,190460121,7,0,1,7680,4,2337756667
16470,69315850,102511217,171827067,6,0,0,12288,13,10154564926
16471,69322870,101847275,171170145,3,0,0,9216,1,3767025807
16472,69327459,102577659,171905118,7,0,0,2560,4,2424192068
16473,69328879,102155788,171484667,7,0,0,6144,4,2040946437
16474,69331230,101836084,171167314,1,0,0,4608,15,3945635518
16475,69332250,102018586,171350836,0,0,0,36352,2,9410107233
16476,69336090,101622303,170958393,3,0,0,13312,1,6954500861
16477,69336270,102754804,172091074,6,0,0,27648,13,3958431018
16478,69337460,102632758,171970218,1,0,0,85504,15,5109763694
16479,69342091,121118053,190460144,5,0,1,3072,13,942072732
16480,69343930,102029884,171373814,3,0,0,11776,1,2513617976
16481,69360940,102058362,171419302,3,0,0,53248,1,5325787522
16482,69364490,101625351,170989841,5,0,0,4096,13,798343148
16483,69365619,102610706,171976325,7,0,0,19968,4,611800109
16484,69369049,102369552,171738601,7,0,0,71168,4,4502850309
16485,69369810,102692235,172062045,4,0,0,92160,16,2418463757
16486,69374739,101862488,171237227,7,0,0,10240,4,2937545843
16487,69380810,101649038,171029848,0,0,0,17408,2,10536960974
16488,69388219,102293346,171681565,7,0,0,60416,4,863763982
16489,69391999,102853173,172245172,7,0,0,89088,4,7332283026
16490,69392890,101565994,170958884,4,0,0,1536,16,3073456545
16491,69406540,102372799,171779339,1,0,0,41984,15,1952995247
16492,69415410,121044757,190460167,3,0,1,15872,1,6313481400
16493,69428530,102697100,172125630,9,0,0,8192,13,33183827
16494,69436620,102305683,171742303,6,0,0,1536,13,4797949028
16495,69438050,101865463,171303513,6,0,0,7680,13,10171570901
16496,69439520,102052658,171492178,1,0,0,24576,15,6296295102
16497,69442300,102562292,172004592,1,0,0,5632,15,4795117302
16498,69443120,102107600,171550720,1,0,0,6656,15,698983664
16499,69448440,101936059,171384499,1,0,0,26112,15,855634690
16500,69454340,102656170,172110510,4,0,0,49664,16,5914077976
16501,69460130,102819607,172279737,4,0,0,8704,16,6598207052
16502,69467320,102514800,171982120,5,0,0,18944,13,7616842010
16503,69467810,102241748,171709558,4,0,0,24576,16,5610426343
16504,69470949,121071714,190542663,7,0,1,3072,4,3175881280
16505,69476399,121099841,190576240,7,0,1,26624,4,8838003153
16506,69478850,103445444,172924294,1,0,0,147456,15,33549109
16507,69490890,102400229,171891119,3,0,0,36864,1,2093161672
16508,69496329,102325700,171822029,7,0,0,29184,4,10172100390
16509,69498199,102489716,171987915,7,0,0,18944,4,3450590396
16510,69500090,102650603,172150693,2,0,0,512,12,81712499
16511,69502540,102377324,171879864,6,0,0,52224,13,8499636657
16512,69504890,102236386,171741276,1,0,0,8704,15,7287027191
16513,69511769,101982000,171493769,7,0,0,5120,4,6023517062
16514,69522090,103804508,173326598,3,0,0,24064,1,1706236915
16515,69528980,103563032,173092012,0,0,0,71680,2,3056518339
16516,69530620,102008758,171539378,0,0,0,12800,2,8527700639
16517,69531000,102542034,172073034,8,0,0,28672,17,6734627039
16518,69533430,102023722,171557152,4,0,0,2560,16,3533426407
16519,69536220,102613335,172149555,2,0,0,12800,12,6348978811
16520,69539070,102375586,171914656,9,0,0,14848,13,7253854363
16521,69554740,101946848,171501588,8,0,0,3072,17,5720021956
16522,69558210,103587748,173145958,5,0,0,5632,13,4943915540
16523,69566050,102513715,172079765,1,0,0,22016,15,9459247492
16524,69567390,102743228,172310618,5,0,0,87552,13,2546968082
16525,69569830,102000922,171570752,5,0,0,13824,13,226815418
16526,69570469,103838458,173408927,7,0,0,13312,4,4939291162
16527,69573350,102128697,171702047,9,0,0,16896,13,2114714499
16528,69576180,102321514,171897694,3,0,0,21504,1,3613422436
16529,69578399,102802258,172380657,7,0,0,8704,4,1369603322
16530,69579200,102079502,171658702,4,0,0,25088,16,2305152376
16531,69585691,121009412,190595103,9,0,1,4096,13,6604578054
16532,69586220,102350159,171936379,5,0,0,36352,13,175814758
16533,69604390,120990736,190595126,3,0,1,1536,1,7315136606
16534,69605420,101982553,171587973,2,0,0,1024,12,789125598
16535,69608639,102193101,171801740,7,0,0,12800,4,3156550081
16536,69609101,120986048,190595149,9,0,1,4608,13,4405480341
16537,69609870,103898707,173508577,1,0,0,3072,15,9276185637
16538,69623299,102200001,171823300,7,0,0,4096,4,1102472957
16539,69624470,120970702,190595172,4,0,1,8704,16,4804158825
16540,69626420,120968775,190595195,3,0,1,13824,1,670307517
16541,69634380,102516134,172150514,9,0,0,3072,13,3246575852
16542,69634510,102806432,172440942,5,0,0,79872,13,4057853895
16543,69636640,102682205,172318845,6,0,0,3584,13,7921436820
16544,69637610,102805539,172443149,5,0,0,7168,13,1652300171
16545,69640920,102831564,172472484,3,0,0,24064,1,7875552817
16546,69644410,102501176,172145586,3,0,0,58368,1,7797554529
16547,69644879,102168235,171813114,7,0,0,1024,4,1108754870
16548,69646229,102616305,172262534,7,0,0,49664,4,2368266064
16549,69654070,102945936,172600006,8,0,0,23040,17,10489700119
16550,69654130,102263825,171917955,1,0,0,10752,15,8265673458
16551,69659890,102794248,172454138,4,0,0,8192,16,1012502892
16552,69662850,102810749,172473599,4,0,0,3584,16,10716097319
16553,69663870,120949532,190613402,3,0,1,11264,1,7730040063
16554,69665710,102651974,172317684,3,0,0,22016,1,2523511570
16555,69666300,102144210,171810510,4,0,0,2560,16,10281166251
16556,69668340,102736520,172404860,6,0,0,79360,13,105528169
16557,69668830,103451175,173120005,4,0,0,35840,16,5034108959
16558,69675000,102358942,172033942,6,0,0,27136,13,9470070911
16559,69678690,102414747,172093437,4,0,0,7680,16,4433652995
16560,69681850,103979894,173661744,9,0,0,17920,13,6591232805
16561,69684390,103016998,172701388,0,0,0,16896,2,8188815914
16562,69685750,104105422,173791172,6,0,0,31744,13,10213511430
16563,69686040,103452238,173138278,2,0,0,5632,12,8469597716
16564,69688300,102375975,172064275,9,0,0,7168,13,2399885784
16565,69690160,102846302,172536462,9,0,0,1024,13,2270045246
16566,69692169,103512243,173204412,7,0,0,41984,4,8667909639
16567,69692511,121337740,191030251,5,0,1,177664,13,9042880929
16568,69697250,102383474,172080724,5,0,0,3072,13,6702918627
16569,69702509,102574553,172277062,7,0,0,14336,4,985272264
16570,69705370,102542009,172247379,3,0,0,7168,1,3643846331
16571,69705870,121352511,191058381,3,0,1,3584,1,1859751124
16572,69712810,102369817,172082627,8,0,0,6144,17,1129630357
16573,69715610,102927858,172643468,5,0,0,24064,13,1777244405
16574,69716310,102479434,172195744,1,0,0,32768,15,5052383847
16575,69716750,102767336,172484086,1,0,0,17920,15,7491389591
16576,69718679,102936512,172655191,7,0,0,38400,4,897295696
16577,69730550,102465396,172195946,8,0,0,512,17,5123711105
16578,69733140,121325264,191058404,2,0,1,2560,12,8041569321
16579,69737230,121335231,191072461,4,0,1,6656,16,5250086132
16580,69742869,103073973,172816842,7,0,0,7168,4,10488406339
16581,69743600,103002618,172746218,0,0,0,47616,2,6244963333
16582,69745959,102632023,172377982,7,0,0,39936,4,7914280297
16583,69750260,102666323,172416583,5,0,0,38400,13,7626606249
16584,69752090,103062522,172814612,5,0,0,13824,13,10589185518
16585,69755590,102771022,172526612,8,0,0,13312,17,9209955076
16586,69757740,102764793,172522533,3,0,0,24576,1,340936600
16587,69759391,121665993,191425384,5,0,1,136192,13,3356506554
16588,69760940,121665212,191426152,2,0,1,11776,12,7918922278
16589,69762351,121850330,191612681,9,0,1,7680,13,5581166092
16590,69765540,121850047,191615587,0,0,1,4608,2,1128971568
16591,69765630,102685989,172451619,4,0,0,27648,16,5822137486
16592,69767900,102941416,172709316,1,0,0,10240,15,6506070117
16593,69770130,103067001,172837131,1,0,0,33280,15,5573056392
16594,69775720,104534186,174309906,2,0,0,72704,12,2539143483
16595,69779010,102985902,172764912,0,0,0,41472,2,10098941789
16596,69783090,102527863,172310953,3,0,0,1024,1,7841102340
16597,69783470,102480023,172263493,0,0,0,3072,2,4611548351
16598,69793191,121823382,191616573,1,0,1,1536,15,6407798417
16599,69793920,103512976,173306896,1,0,0,172544,15,5704535043
16600,69796950,103013427,172810377,7,0,0,43008,4,15153265
16601,69803079,103388518,173191597,7,0,0,43520,4,2240535083
16602,69803300,103128216,172931516,1,0,0,18432,15,10185432470
16603,69804060,102993190,172797250,9,0,0,27136,13,1833549622
16604,69805110,102649363,172454473,6,0,0,1024,13,10186754153
16605,69808740,102973979,172782719,4,0,0,58368,16,1467822897
16606,69808780,102868565,172677345,1,0,0,6144,15,3068920755
16607,69817490,104244986,174062476,4,0,0,52224,16,10321423068
16608,69818350,103532630,173350980,9,0,0,39424,13,9347686517
16609,69828110,102680014,172508124,4,0,0,25088,16,9124856097
16610,69833370,103966636,173800006,8,0,0,15872,17,2108113716
16611,69846630,102726575,172573205,5,0,0,13824,13,6479840977
16612,69846941,122175767,192022708,5,0,1,124928,13,3887208834
16613,69847760,103094589,172942349,0,0,0,23552,2,9178753926
16614,69851400,102642663,172494063,3,0,0,5632,1,2737050636
16615,69851870,104716896,174568766,1,0,0,25600,15,4228992528
16616,69852090,103516150,173368240,2,0,0,19968,12,8550085140
16617,69869150,103176194,173045344,2,0,0,14336,12,2607700324
16618,69874600,122231027,192105627,3,0,1,19456,1,9795383741
16619,69889160,104548901,174438061,0,0,0,54784,2,1590135771
16620,69892730,102857723,172750453,6,0,0,13824,13,1695398909
16621,69900200,103034950,172935150,5,0,0,8192,13,9931609721
16622,69912300,103535140,173447440,7,0,0,26624,4,2530816783
16623,69920019,122339252,192259271,7,0,1,10752,4,8686711245
16624,69923280,103002597,172925877,3,0,0,5120,1,5326144910
16625,69927130,103181932,173109062,6,0,0,6656,13,3800673574
16626,69930140,103093064,173023204,5,0,0,7168,13,10366517280
16627,69938460,104426920,174365380,4,0,0,71168,16,6855824700
16628,69946210,103285548,173231758,9,0,0,74240,13,7373608334
16629,69949180,103641774,173590954,1,0,0,55808,15,2307857784
16630,69950120,103028006,172978126,9,0,0,1536,13,10564009362
16631,69956910,103653567,173610477,6,0,0,64000,13,6382839500
16632,69958240,104286846,174245086,1,0,0,40448,15,10706034495
16633,69963140,102969491,172932631,2,0,0,3584,12,898105992
16634,69966990,103206153,173173143,9,0,0,29696,13,1135825816
16635,69973070,104841629,174814699,4,0,0,2048,16,7401688885
16636,69975420,104504745,174480165,0,0,0,25600,2,3682186057
16637,69975840,103277238,173253078,2,0,0,9728,12,9925409628
16638,69989540,103447232,173436772,0,0,0,11776,2,4642438998
16639,69994760,103344185,173338945,2,0,0,40448,12,3835368890
16640,69999780,102662835,172662615,5,0,0,8192,13,1948849892
16641,70016490,103344341,173360831,5,0,0,32256,13,1190867880
16642,70018110,102770849,172788959,2,0,0,12800,12,8574637242
16643,70021070,104660939,174682009,0,0,0,29696,2,943574076
16644,70027350,103583626,173610976,9,0,0,1536,13,1492004769
16645,70028030,103078981,173107011,8,0,0,49152,17,7851633260
16646,70032770,103025381,173058151,8,0,0,18432,17,8663884969
16647,70034769,122256823,192291592,7,0,1,4096,4,5413996783
16648,70047080,102779888,172826968,5,0,0,14848,13,8281651912
16649,70050790,103081956,173132746,9,0,0,7680,13,4993465723
16650,70056370,103564713,173621083,5,0,0,12288,13,1708270546
16651,70057930,103094259,173152189,8,0,0,18432,17,8321945806
16652,70058380,103260863,173319243,4,0,0,40448,16,6771856865
16653,70061910,103392417,173454327,7,0,0,22528,4,7499737769
16654,70064900,104489156,174554056,4,0,0,133632,16,4204673868
16655,70066460,104544794,174611254,4,0,0,7680,16,9207789114
16656,70067910,103603217,173671127,3,0,0,30720,1,803943730
16657,70067920,103311575,173379495,4,0,0,26624,16,4769988914
16658,70069760,103711717,173781477,6,0,0,40448,13,5789368768
16659,70077870,103567039,173644909,1,0,0,4608,15,2868124949
16660,70085720,103683410,173769130,5,0,0,15360,13,5889639241
16661,70088120,103540665,173628785,7,0,0,5632,4,10134894998
16662,70093040,122223866,192316906,3,0,1,3584,1,4715941389
16663,70093110,104020602,174113712,7,0,0,4608,4,548207156
16664,70096080,103299978,173396058,2,0,0,23040,12,5290032249
16665,70100130,103262003,173362133,5,0,0,4096,13,7128863465
16666,70102330,104728137,174830467,7,0,0,23552,4,4708919864
16667,70104830,103402788,173507618,2,0,0,29696,12,5937002148
16668,70105610,103456282,173561892,2,0,0,102400,12,5318397050
16669,70105810,104883507,174989317,0,0,0,54784,2,5228329498
16670,70109949,122211683,192321632,7,0,1,2560,4,7324187706
16671,70110500,103388047,173498547,3,0,0,31744,1,6878385324
16672,70113550,103460377,173573927,4,0,0,39424,16,7118324699
16673,70118180,103041336,173159516,7,0,0,2048,4,5584451347
16674,70118870,103059444,173178314,5,0,0,16896,13,4578157775
16675,70120540,103020309,173140849,7,0,0,1024,4,5856624615
16676,70123740,104519389,174643129,1,0,0,9728,15,5329008670
16677,70130280,103078835,173209115,1,0,0,15360,15,4181403821
16678,70135950,103235410,173371360,1,0,0,1024,15,10330391692
16679,70142960,103490372,173633332,6,0,0,14848,13,7779461296
16680,70144509,122177146,192321655,7,0,1,1536,4,7731671318
16681,70154920,103707524,173862444,5,0,0,15360,13,10334057208
16682,70156190,104619785,174775975,4,0,0,63488,16,1970526728
16683,70160810,122160868,192321678,4,0,1,5632,16,1540863180
16684,70173980,103195219,173369199,5,0,0,3072,13,10428795239
16685,70174030,103443240,173617270,9,0,0,20480,13,1861044939
16686,70176850,122150559,192327409,3,0,1,13312,1,1605939928
16687,70180210,103677531,173857741,2,0,0,53760,12,10218582967
16688,70184100,103746175,173930275,8,0,0,53760,17,6269692541
16689,70184110,103718035,173902145,5,0,0,7168,13,1772310130
16690,70195130,104950498,175145628,2,0,0,104448,12,2558816531
16691,70197690,103189706,173387396,8,0,0,6656,17,6127963140
16692,70199580,103558961,173758541,9,0,0,10752,13,7703137405
16693,70200640,103258954,173459594,0,0,0,512,2,8056235270
16694,70208380,103984668,174193048,1,0,0,22528,15,9325236373
16695,70209059,122146226,192355285,7,0,1,22528,4,8337872234
16696,70216280,104622790,174839070,5,0,0,28160,13,1182847539
16697,70217700,103738729,173956429,8,0,0,22528,17,5852142739
16698,70218329,122384739,192603068,7,0,1,12800,4,10509019080
16699,70219720,122383371,192603091,4,0,1,4608,16,10122118074
16700,70220900,103512791,173733691,6,0,0,40960,13,6683055491
16701,70225820,103529422,173755242,3,0,0,70656,1,4393558239
16702,70231500,103789098,174020598,9,0,0,25600,13,4333312649
16703,70237810,103654794,173892604,6,0,0,36352,13,3536227905
16704,70239060,122364054,192603114,3,0,1,7168,1,2004085145
16705,70240330,122420118,192660448,4,0,1,12800,16,8799232550
16706,70248510,103713246,173961756,6,0,0,17408,13,3709503526
16707,70251960,103818986,174070946,1,0,0,22528,15,3860639494
16708,70260240,103781621,174041861,8,0,0,17408,17,7168246430
16709,70260299,122400172,192660471,7,0,1,1024,4,8343025912
16710,70261370,103775164,174036534,2,0,0,29696,12,724336447
16711,70261650,103780390,174042040,6,0,0,512,13,9600815545
16712,70263100,104968810,175231910,6,0,0,40960,13,101469174
16713,70263720,104137900,174401620,4,0,0,4096,16,9146167427
16714,70267080,103533105,173800185,0,0,0,512,2,6347996325
16715,70272920,103607877,173880797,3,0,0,7680,1,9652913502
16716,70275730,122384764,192660494,2,0,1,3072,12,5003052575
16717,70276251,122406027,192682278,5,0,1,7680,13,9389919953
16718,70280930,104044292,174325222,5,0,0,31744,13,10514911594
16719,70282880,122399421,192682301,0,0,1,4608,2,4607561742
16720,70291930,103853046,174144976,5,0,0,32768,13,6068462248
16721,70308540,103670389,173978929,4,0,0,5632,16,673160388
16722,70311710,103894800,174206510,9,0,0,44032,13,3510421030
16723,70311730,103524186,173835916,2,0,0,1536,12,423239753
16724,70314650,103654507,173969157,5,0,0,5632,13,3949631704
16725,70319970,103846950,174166920,3,0,0,17920,1,3240441900
16726,70330050,103637368,173967418,5,0,0,18432,13,8109940370
16727,70331350,103923388,174254738,7,0,0,5120,4,2182974716
16728,70339400,103365041,173704441,3,0,0,4096,1,6566991345
16729,70340441,122341891,192682332,1,0,1,12800,15,2909899206
16730,70342000,103774177,174116177,9,0,0,6656,13,8451144030
16731,70344291,122424983,192769274,9,0,1,24064,13,9039977858
16732,70346610,103788359,174134969,2,0,0,17920,12,8286929522
16733,70348220,122538402,192886622,2,0,1,29696,12,4367621202
16734,70354130,103722407,174076537,2,0,0,6144,12,8978922201
16735,70356920,104432540,174789460,9,0,0,41984,13,6710856794
16736,70361400,103818835,174180235,9,0,0,2560,13,1311180501
16737,70361749,122548916,192910665,7,0,1,3584,4,3505594888
16738,70362970,122548361,192911331,7,0,1,1024,4,5154799454
16739,70364910,122547087,192911997,3,0,1,1024,1,3901559021
16740,70365160,103698899,174064059,0,0,0,5120,2,55496916
16741,70366370,104013564,174379934,1,0,0,21504,15,297293813
16742,70366420,104235593,174602013,4,0,0,17920,16,756131104
16743,70366459,122546102,192912561,7,0,1,10752,4,3323460695
16744,70372219,104523521,174895740,7,0,0,9728,4,2794146597
16745,70373939,104655585,175029524,7,0,0,29696,4,4933902849
16746,70374010,104646397,175020407,0,0,0,71168,2,3840536315
16747,70380580,104376028,174756608,1,0,0,122368,15,6509742430
16748,70380630,104396015,174776645,0,0,0,2048,2,2578056038
16749,70381520,103514071,173895591,3,0,0,9728,1,2519088103
16750,70385760,104982536,175368296,1,0,0,64000,15,4866170391
16751,70389840,105162572,175552412,0,0,0,5632,2,452088884
16752,70401830,105042778,175444608,3,0,0,21504,1,6605399866
16753,70404520,104088148,174492668,3,0,0,40960,1,2773936752
16754,70405450,105374012,175779462,3,0,0,14848,1,7575765786
16755,70417810,104543394,174961204,8,0,0,94208,17,6173335489
16756,70422110,105352805,175774915,5,0,0,56320,13,8205852955
16757,70423470,103622961,174046431,2,0,0,14336,12,340619722
16758,70424860,103788248,174213108,6,0,0,21504,13,8125463458
16759,70428420,104132523,174560943,5,0,0,22528,13,5401882308
16760,70449400,103944776,174394176,3,0,0,17920,1,5197060439
16761,70456670,103989705,174446375,3,0,0,8192,1,3368941928
16762,70457130,104037904,174495034,3,0,0,2048,1,10174919834
16763,70458340,104701530,175159870,0,0,0,44032,2,7975460150
16764,70471310,122613934,193085244,0,0,1,3584,2,6005406975
16765,70471950,103933225,174405175,8,0,0,2560,17,2231682520
16766,70478210,122607057,193085267,0,0,1,5120,2,1276103320
16767,70483450,104409303,174892753,2,0,0,48640,12,8872887942
16768,70487500,122726440,193213940,4,0,1,28160,16,3975608219
16769,70491519,103682908,174174427,7,0,0,8704,4,1573745092
16770,70498041,122939035,193437076,5,0,1,1024,13,4606520203
16771,70498820,104097710,174596530,3,0,0,45056,1,8392768284
16772,70498829,104661220,175160049,7,0,0,512,4,3284714304
16773,70501400,103887293,174388693,4,0,0,28672,16,3865993411
16774,70505040,122934302,193439342,2,0,1,3584,12,6559982351
16775,70506191,122948328,193454519,1,0,1,8192,15,3765208537
16776,70509221,122945321,193454542,1,0,1,11264,15,1980213368
16777,70513010,104809679,175322689,5,0,0,13312,13,866654920
16778,70519400,104763912,175283312,3,0,0,22016,1,1582597675
16779,70531680,103841679,174373359,3,0,0,26112,1,5672453483
16780,70533200,103939142,174472342,6,0,0,43520,13,1707422087
16781,70533491,122943908,193477399,9,0,1,10240,13,7485582331
16782,70550961,123019078,193570039,1,0,1,14336,15,7206430172
16783,70552980,104314372,174867352,9,0,0,15872,13,7815502588
16784,70554430,104972453,175526883,3,0,0,15872,1,4517209144
16785,70555529,103755960,174311489,7,0,0,5120,4,5425742398
16786,70561960,104300533,174862493,1,0,0,76800,15,5987287691
16787,70573150,104802033,175375183,3,0,0,22528,1,7875790241
16788,70574630,103760816,174335446,4,0,0,4608,16,4851508652
16789,70576289,104096649,174672938,7,0,0,25088,4,410323706
16790,70576740,104537018,175113758,3,0,0,12288,1,218518505
16791,70583490,123010918,193594408,2,0,1,1536,12,3251987615
16792,70587730,105006806,175594536,0,0,0,30208,2,8245661360
16793,70594930,104800423,175395353,8,0,0,3072,17,2690482011
16794,70598900,104896342,175495242,3,0,0,154112,1,3980385137
16795,70599430,104268436,174867866,4,0,0,1536,16,4053820550
16796,70601060,104210927,174811987,8,0,0,13312,17,3012667441
16797,70604240,105512417,176116657,2,0,0,75776,12,2736967891
16798,70605720,104059551,174665271,2,0,0,37888,12,5948448179
16799,70605850,122988581,193594431,3,0,1,2048,1,3754093497
16800,70609000,104268910,174877910,1,0,0,25088,15,859223403
16801,70610110,105243441,175853551,4,0,0,52736,16,10310606302
16802,70610381,122984073,193594454,1,0,1,3072,15,744293237
16803,70612210,104386490,174998700,6,0,0,30720,13,2080359896
16804,70612350,105091789,175704139,8,0,0,75264,17,3696896820
16805,70615090,104178137,174793227,6,0,0,12288,13,4650696137
16806,70617059,104649007,175266066,7,0,0,4096,4,686794175
16807,70635840,105308059,175943899,9,0,0,13824,13,6971236436
16808,70637100,104472891,175109991,4,0,0,49152,16,2772741781
16809,70640620,104078681,174719301,0,0,0,12800,2,1920806328
16810,70641351,122954963,193596314,9,0,1,512,13,1998410343
16811,70642620,103850227,174492847,1,0,0,512,15,1773551703
16812,70646620,122950040,193596660,2,0,1,512,12,7127025940
16813,70646630,104399046,175045676,4,0,0,512,16,2037495865
16814,70654369,105622360,176276729,7,0,0,55808,4,2153510492
16815,70654780,104491651,175146431,0,0,0,2560,2,9626215049
16816,70659030,104435962,175094992,1,0,0,51200,15,10484363673
16817,70667920,104509378,175177298,3,0,0,23040,1,6069596685
16818,70668680,103938679,174607359,1,0,0,4096,15,4719142115
16819,70673500,105007684,175681184,4,0,0,2560,16,3875146534
16820,70676110,105228170,175904280,5,0,0,68096,13,10084227814
16821,70679030,104721976,175401006,4,0,0,6144,16,115475932
16822,70688221,122910065,193598286,9,0,1,2560,13,9101266692
16823,70700710,104617900,175318610,6,0,0,7680,13,6527536686
16824,70705400,104833260,175538660,4,0,0,20992,16,3490180863
16825,70708720,104529533,175238253,9,0,0,12288,13,8545055117
16826,70709340,104958631,175667971,1,0,0,30208,15,3963767633
16827,70712120,104188479,174900599,6,0,0,15872,13,8086179775
16828,70713190,104217804,174930994,9,0,0,3072,13,8393226222
16829,70718040,104539146,175257186,1,0,0,10240,15,7329632192
16830,70725949,105179134,175905083,7,0,0,2560,4,10512344021
16831,70741080,122862800,193603880,7,0,1,18432,4,2767645530
16832,70748560,105162318,175910878,5,0,0,18944,13,6216083753
16833,70754750,104918571,175673321,6,0,0,8704,13,1011718583
16834,70757660,104739009,175496669,9,0,0,4608,13,8629038111
16835,70761251,122849114,193610365,5,0,1,6144,13,1566355986
16836,70772710,104664520,175437230,0,0,0,16896,2,6995831349
16837,70781040,105102446,175883486,6,0,0,46592,13,7650358388
16838,70782390,104533857,175316247,0,0,0,59904,2,7743203964
16839,70785510,104725782,175511292,6,0,0,41472,13,8380569180
16840,70786090,104884556,175670646,9,0,0,8704,13,8072253077
16841,70805420,104259264,175064684,1,0,0,5632,15,4567641511
16842,70811870,104524306,175336176,5,0,0,11264,13,9553430743
16843,70813161,122799470,193612631,9,0,1,3584,13,3171595054
16844,70814610,104707414,175522024,5,0,0,14848,13,7769227647
16845,70814960,104723879,175538839,6,0,0,512,13,5730012475
16846,70819450,105411914,176231364,6,0,0,82432,13,3482459296
16847,70821970,104927700,175749670,0,0,0,27648,2,25975926
16848,70823600,122789697,193613297,7,0,1,1024,4,8997594561
16849,70825130,104569264,175394394,4,0,0,4608,16,6537400271
16850,70825360,105555736,176381096,3,0,0,50176,1,3030063413
16851,70825940,105161033,175986973,6,0,0,15872,13,3009814179
16852,70826370,105155744,175982114,4,0,0,18944,16,8930915832
16853,70830370,104348667,175179037,3,0,0,5632,1,3347766636
16854,70832140,104558042,175390182,1,0,0,49152,15,8928210831
16855,70836880,105523235,176360115,1,0,0,70144,15,2606638652
16856,70839569,105116833,175956402,7,0,0,40960,4,2729347104
16857,70839700,104962125,175801825,3,0,0,4608,1,9844017793
16858,70849360,104698703,175548063,3,0,0,22528,1,3275765918
16859,70849530,104588503,175438033,3,0,0,2560,1,9580806524
16860,70851970,105200752,176052722,6,0,0,156160,13,6227632590
16861,70852710,105146455,175999165,2,0,0,15360,12,3300623241
16862,70856580,105349645,176206225,3,0,0,20992,1,1429443230
16863,70864600,105052283,175916883,6,0,0,14336,13,1461985158
16864,70874580,105516102,176390682,2,0,0,16384,12,244880724
16865,70886900,105284238,176171138,1,0,0,41984,15,10441192259
16866,70891509,105627120,176518629,7,0,0,36864,4,3961031197
16867,70891799,105798237,176690036,7,0,0,15872,4,6536456228
16868,70892681,122722242,193614923,9,0,1,2560,13,7109688949
16869,70894840,105065797,175960637,2,0,0,13824,12,4656879519
16870,70895090,104603474,175498564,0,0,0,6144,2,2251699852
16871,70896840,105893774,176790614,1,0,0,14336,15,1435112788
16872,70901100,104756598,175657698,2,0,0,5632,12,1301275133
16873,70903999,104829283,175733282,7,0,0,6144,4,696407212
16874,70907170,105348765,176255935,0,0,0,49152,2,3517547738
16875,70912080,105175187,176087267,1,0,0,96768,15,2046463338
16876,70916121,122833179,193749300,9,0,1,13824,13,10139363161
16877,70917680,105239348,176157028,4,0,0,17920,16,1999183029
16878,70918889,105409957,176328846,7,0,0,33280,4,7041031429
16879,70919620,105218330,176137950,3,0,0,32256,1,1990247906
16880,70925560,105167986,176093546,4,0,0,20480,16,7716660459
16881,70930240,105366971,176297211,4,0,0,29696,16,7565440219
16882,70931430,104906030,175837460,2,0,0,39424,12,3972389297
16883,70949020,105179071,176128091,3,0,0,16896,1,10482678157
16884,70950810,105200735,176151545,1,0,0,44544,15,313878909
16885,70952760,104853011,175805771,9,0,0,12800,13,6076280376
16886,70954670,105219143,176173813,2,0,0,8704,12,1465795700
16887,70979430,105418919,176398349,2,0,0,25088,12,1142588854
16888,70985179,105072581,176057760,7,0,0,16384,4,9250606918
16889,70989350,105396293,176385643,3,0,0,14848,1,6956646020
16890,70989500,122858827,193848327,3,0,1,17408,1,6843212100
16891,70991750,104998284,175990034,5,0,0,4608,13,5913908253
16892,70992790,104807608,175800398,4,0,0,15872,16,2111078594
16893,70996490,105419876,176416366,3,0,0,22016,1,1495986695
16894,70999759,104812722,175812481,7,0,0,2048,4,2223115611
16895,71000540,105122380,176122920,5,0,0,20480,13,4822385990
16896,71015580,122834053,193849633,0,0,1,2048,2,4158617309
16897,71019231,122831708,193850939,9,0,1,2048,13,3025007984
16898,71019801,122843774,193863575,5,0,1,1536,13,3035183333
16899,71021620,105219316,176240936,2,0,0,3072,12,5624732058
16900,71023560,105712867,176736427,1,0,0,1536,15,10106875163
16901,71028900,122854714,193883614,7,0,1,19456,4,2161600929
16902,71032330,105438310,176470640,9,0,0,46080,13,5750446569
16903,71034870,104824952,175859822,4,0,0,20480,16,5894813376
16904,71037730,105909731,176947461,9,0,0,20480,13,7439251506
16905,71043490,105463884,176507374,3,0,0,51200,1,9073484719
16906,71045810,105242330,176288140,4,0,0,37376,16,9191599308
16907,71055709,104856752,175912461,7,0,0,5120,4,668665514
16908,71061410,105274011,176335421,4,0,0,21504,16,3865616004
16909,71062310,105250235,176312545,9,0,0,9216,13,10024077237
16910,71064190,122877539,193941729,4,0,1,11776,16,3728568722
16911,71065100,105134706,176199806,9,0,0,61952,13,1415669927
16912,71066000,105504068,176570068,1,0,0,15360,15,8745858325
16913,71080400,105323744,176404144,1,0,0,18944,15,7428345856
16914,71096480,105222195,176318675,1,0,0,9728,15,3253140689
16915,71096530,105540279,176636809,3,0,0,16896,1,10089238834
16916,71097980,105161722,176259702,0,0,0,12288,2,477841200
16917,71102920,105556122,176659042,3,0,0,17408,1,10111291544
16918,71104760,105233960,176338720,4,0,0,10752,16,3212803538
16919,71107190,105677762,176784952,0,0,0,132096,2,5298402505
16920,71117930,105191784,176309714,3,0,0,40960,1,8850399981
16921,71119720,105306419,176426139,0,0,0,8704,2,5105910694
16922,71120100,105289527,176409627,2,0,0,17920,12,186765291
16923,71126030,104733986,175860016,1,0,0,512,15,10109469319
16924,71142490,105460156,176602646,0,0,0,19456,2,501984809
16925,71144360,105407855,176552215,8,0,0,8704,17,1023588037
16926,71152230,122828438,193980668,2,0,1,1536,12,6440035757
16927,71153440,123125160,194278600,2,0,1,66048,12,4487446562
16928,71159180,105865243,177024423,2,0,0,14848,12,2058569280
16929,71166609,105149079,176315688,7,0,0,10240,4,2588993950
16930,71171940,105061631,176233571,0,0,0,7168,2,3613233999
16931,71173730,105299749,176473479,2,0,0,9216,12,1034218354
16932,71184180,105655393,176839573,8,0,0,7680,17,4350495129
16933,71184939,105684522,176869461,7,0,0,75776,4,1549173162
16934,71189570,123090976,194280546,2,0,1,3072,12,6812397455
16935,71195720,105727006,176922726,3,0,0,2048,1,4013536680
16936,71201120,105474204,176675324,8,0,0,18944,17,7428636576
16937,71203390,105955388,177158778,4,0,0,8704,16,4151282505
16938,71211160,105524776,176735936,8,0,0,37376,17,5078219748
16939,71213480,106036927,177250407,3,0,0,8192,1,1977598284
16940,71217751,123077307,194295058,1,0,1,8192,15,665661238
16941,71221460,106136770,177358230,3,0,0,3584,1,10013564485
16942,71227929,105649846,176877775,7,0,0,1024,4,4421614121
16943,71233520,105316020,176549540,4,0,0,101376,16,674465819
16944,71233780,106404437,177638217,5,0,0,123392,13,9326618718
16945,71234060,105127950,176362010,4,0,0,6144,16,10063239198
16946,71237880,105405192,176643072,5,0,0,20480,13,1776972468
16947,71238551,123057597,194296148,5,0,1,6144,13,10637929362
16948,71238939,105581494,176820433,7,0,0,97792,4,4961690700
16949,71248280,123049174,194297454,2,0,1,2048,12,10708795382
16950,71252660,123296984,194549644,2,0,1,23552,12,1555856350
16951,71254459,105455952,176710411,7,0,0,15360,4,2888892154
16952,71254570,105111215,176365785,4,0,0,12288,16,9285974109
16953,71255251,123304023,194559274,9,0,1,1024,13,5873730498
16954,71262859,105574351,176837210,7,0,0,41472,4,1518740686
16955,71265511,123293786,194559297,5,0,1,4096,13,7618865098
16956,71269939,105609419,176879358,7,0,0,5120,4,8684840357
16957,71270630,105878243,177148873,4,0,0,29184,16,8686787501
16958,71271680,105314936,176586616,5,0,0,7680,13,1196820652
16959,71276480,123329917,194606397,8,0,1,2048,17,9496434980
16960,71276830,123330233,194607063,4,0,1,1024,16,9582012924
16961,71282570,105309263,176591833,2,0,0,3584,12,6989500774
16962,71283570,105710696,176994266,2,0,0,9728,12,9210139666
16963,71289190,123345982,194635172,7,0,1,6656,4,1867902472
16964,71291270,105553965,176845235,1,0,0,4096,15,963427860
16965,71292510,105584930,176877440,1,0,0,26112,15,5824336843
16966,71297160,105268205,176565365,5,0,0,29696,13,4615694671
16967,71305790,105250504,176556294,5,0,0,13312,13,8270743389
16968,71313000,105732476,177045476,5,0,0,15360,13,6623286073
16969,71323970,105295056,176619026,1,0,0,7680,15,6334504496
16970,71327380,105582664,176910044,9,0,0,6656,13,6288422189
16971,71327561,123307634,194635195,9,0,1,5632,13,5879718498
16972,71328689,105707925,177036614,7,0,0,39936,4,5264320723
16973,71330870,105830895,177161765,1,0,0,9728,15,6155859733
16974,71331610,105300028,176631638,5,0,0,16896,13,6579464001
16975,71338790,105113549,176452339,8,0,0,5632,17,220942689
16976,71339270,105650091,176989361,4,0,0,17408,16,9886753618
16977,71342710,105931435,177274145,1,0,0,43520,15,8289811269
16978,71343490,105481053,176824543,2,0,0,10240,12,6596536560
16979,71344800,105639234,176984034,5,0,0,7168,13,3410867254
16980,71345490,106090046,177435536,3,0,0,100352,1,1820094298
16981,71345590,105538315,176883905,5,0,0,14848,13,6704774780
16982,71345680,123289538,194635218,4,0,1,512,16,1073566418
16983,71348470,105497880,176846350,8,0,0,3584,17,1117345960
16984,71352340,105985189,177337529,4,0,0,18432,16,7594507856
16985,71359820,105426403,176786223,4,0,0,4096,16,4978447027
16986,71361599,105241850,176603449,7,0,0,2560,4,9409011575
16987,71368610,105475354,176843964,4,0,0,14336,16,783848531
16988,71373740,123264373,194638113,2,0,1,19456,12,151461387
16989,71380501,123330529,194711030,5,0,1,24576,13,8401570416
16990,71385811,123325987,194711798,0,0,1,11776,2,7850673093
16991,71386280,123358668,194744948,4,0,1,9216,16,975142460
16992,71395620,105567715,176963335,8,0,0,22528,17,1464792453
16993,71397351,123635436,195032787,5,0,1,168448,13,6697710651
16994,71398680,105283375,176682055,8,0,0,22016,17,7363247486
16995,71407770,106403140,177810910,9,0,0,79872,13,2442714643
16996,71413810,106099303,177513113,3,0,0,54272,1,134180692
16997,71415790,106302721,177718511,9,0,0,17408,13,1542282570
16998,71418350,123635426,195053776,7,0,1,14336,4,2130921909
16999,71419140,105562687,176981827,4,0,0,19456,16,7403747341
17000,71421299,105617366,177038665,7,0,0,6656,4,10350335021
17001,71424560,106111843,177536403,0,0,0,65536,2,3200224464
17002,71425880,105496199,176922079,9,0,0,39424,13,4407268057
17003,71433910,105775348,177209258,2,0,0,512,12,6858309435
17004,71435570,105646097,177081667,3,0,0,20480,1,4077002669
17005,71435689,105463747,176899436,7,0,0,6144,4,4049209292
17006,71438270,105446906,176885176,8,0,0,4096,17,7602139242
17007,71446030,105517780,176963810,0,0,0,512,2,6842514728
17008,71446270,106213232,177659502,3,0,0,16384,1,6472563406
17009,71446570,106102180,177548750,3,0,0,40448,1,1989686273
17010,71449780,105907335,177357115,5,0,0,14848,13,4833194383
17011,71455280,105469613,176924893,5,0,0,5120,13,9466348027
17012,71456440,105840660,177297100,0,0,0,75264,2,9456696700
17013,71457241,123611940,195069181,1,0,1,15872,15,4643578918
17014,71483980,105818204,177302184,1,0,0,6144,15,6890284613
17015,71492049,105569980,177062029,7,0,0,49664,4,1043648
17016,71492330,123577517,195069847,4,0,1,1024,16,729494851
17017,71493100,105482723,176975823,0,0,0,1536,2,10574396751
17018,71507270,105632688,177139958,9,0,0,15360,13,2367703361
17019,71508750,106193699,177702449,9,0,0,28160,13,6595150424
17020,71515650,123741718,195257368,2,0,1,58880,12,7849032237
17021,71515700,105305692,176821392,0,0,0,3072,2,7201786249
17022,71516620,105959338,177475958,8,0,0,9216,17,9722331529
17023,71525380,105565694,177091074,0,0,0,11264,2,2682823639
17024,71530870,105604385,177135255,0,0,0,45568,2,7879764208
17025,71533000,124038841,195571841,2,0,1,45568,12,5324734480
17026,71535020,124062637,195597657,7,0,1,2048,4,2798924341
17027,71541970,105820183,177362153,0,0,0,12800,2,535005587
17028,71548090,105752176,177300266,3,0,0,6144,1,10522666994
17029,71552539,106093501,177646040,7,0,0,25600,4,8779291032
17030,71553390,106101097,177654487,9,0,0,27648,13,7044276961
17031,71557620,105812854,177370474,4,0,0,23040,16,4386062316
17032,71558470,105649109,177207579,5,0,0,13824,13,750890571
17033,71573669,105576319,177149988,7,0,0,3584,4,3296399219
17034,71576670,106348553,177925223,8,0,0,28160,17,457918808
17035,71583590,105869666,177453256,8,0,0,5632,17,6321488525
17036,71589880,106149135,177739015,0,0,0,3072,2,2728754377
17037,71594760,105734299,177329059,4,0,0,58880,16,5209900678
17038,71596580,106229219,177825799,1,0,0,12288,15,7908612727
17039,71600799,106185752,177786551,7,0,0,5632,4,2600576092
17040,71605050,106421951,178027001,5,0,0,8192,13,10704850494
17041,71605650,105994948,177600598,0,0,0,31744,2,4773591581
17042,71625391,123972289,195597680,9,0,1,10240,13,8706506227
17043,71627600,105528495,177156095,0,0,0,19968,2,5099377272
17044,71627870,105534386,177162256,9,0,0,1536,13,5513582580
17045,71630590,105809961,177440551,4,0,0,16384,16,8361686490
17046,71634000,105835035,177469035,4,0,0,4608,16,3903459031
17047,71637000,106101056,177738056,4,0,0,16384,16,784742384
17048,71638480,105807086,177445566,4,0,0,16384,16,10149077776
17049,71640671,123960591,195601262,0,0,1,2048,2,1614778398
17050,71645430,105686460,177331890,9,0,0,9216,13,7109694967
17051,71645650,105652721,177298371,1,0,0,4096,15,1878352230
17052,71648030,106174002,177822032,1,0,0,1024,15,1389441990
17053,71648840,123955008,195603848,4,0,1,4096,16,2500275216
17054,71654880,106176320,177831200,0,0,0,3072,2,4773206546
17055,71656429,105897047,177553476,7,0,0,12800,4,5925810868
17056,71658510,106332443,177990953,9,0,0,7680,13,4030549355
17057,71666080,106008311,177674391,1,0,0,23552,15,8987431408
17058,71666439,105785078,177451517,7,0,0,19456,4,681762393
17059,71667050,105887229,177554279,5,0,0,2560,13,8441323022
17060,71671960,106109281,177781241,8,0,0,4608,17,3691101474
17061,71672420,106008881,177681301,3,0,0,512,1,1880107429
17062,71672770,106080675,177753445,8,0,0,19456,17,8390685097
17063,71673120,106472066,178145186,3,0,0,105472,1,3114917428
17064,71680820,105982449,177663269,9,0,0,12288,13,3401116579
17065,71692950,123911052,195604002,4,0,1,8704,16,7114812622
17066,71697350,105983772,177681122,8,0,0,22016,17,2748066498
17067,71697750,105876383,177574133,5,0,0,62976,13,398435873
17068,71699100,105968092,177667192,5,0,0,12800,13,4388837467
17069,71704070,123900598,195604668,0,0,1,1024,2,2249946774
17070,71705370,106116327,177821697,0,0,0,35328,2,4675464338
17071,71706159,106177916,177884075,7,0,0,57344,4,8552066967
17072,71707590,106494235,178201825,1,0,0,45056,15,16837645
17073,71708061,123897068,195605129,9,0,1,10240,13,5068586728
17074,71708800,105871461,177580261,1,0,0,17920,15,10042504595
17075,71711729,106043143,177754872,7,0,0,4608,4,9888154235
17076,71722230,106233017,177955247,3,0,0,32768,1,3934517065
17077,71728990,106101251,177830241,5,0,0,10752,13,801564024
17078,71729970,106012656,177742626,5,0,0,11776,13,586831748
17079,71743620,105805933,177549553,4,0,0,2560,16,7840530447
17080,71745050,106296897,178041947,4,0,0,3584,16,6838062332
17081,71747100,123926715,195673815,3,0,1,13312,1,2142118535
17082,71748730,106030801,177779531,0,0,0,18944,2,9485901050
17083,71754880,106536314,178291194,9,0,0,1536,13,7027668055
17084,71759330,105960452,177719782,3,0,0,4096,1,6947083166
17085,71773240,105743172,177516412,4,0,0,10752,16,3686410245
17086,71774730,106515973,178290703,9,0,0,30720,13,9574852043
17087,71775470,106232883,178008353,1,0,0,27648,15,8348944452
17088,71782310,106525154,178307464,0,0,0,50176,2,8803228036
17089,71783680,106149595,177933275,4,0,0,23552,16,9187601165
17090,71784721,123889117,195673838,1,0,1,5632,15,6971623198
17091,71795041,123881027,195676068,9,0,1,8192,13,3096616008
17092,71803850,106384224,178188074,0,0,0,36352,2,9131274084
17093,71805400,106091659,177897059,1,0,0,9216,15,9142754569
17094,71817630,106600446,178418076,0,0,0,13824,2,2894480964
17095,71819600,106262172,178081772,3,0,0,41472,1,1013286685
17096,71826200,106511502,178337702,9,0,0,26112,13,5244791163
17097,71827530,106639476,178467006,3,0,0,22528,1,3549196920
17098,71828620,106839331,178667951,4,0,0,143872,16,8404249897
17099,71829060,106183314,178012374,5,0,0,3584,13,8979875370
17100,71831030,123851906,195682936,0,0,1,10240,2,6806485085
17101,71835530,105897511,177733041,8,0,0,40960,17,6279044542
17102,71838940,123994066,195833006,8,0,1,11264,17,6683982195
17103,71856650,106557191,178413841,1,0,0,72704,15,8162653635
17104,71857860,106755902,178613762,3,0,0,5632,1,8287664457
17105,71864341,124606685,196471026,5,0,1,159232,13,8636979783
17106,71869530,106411790,178281320,0,0,0,64000,2,2772225143
17107,71870680,106125756,177996436,2,0,0,17920,12,4959244024
17108,71872910,106124173,177997083,2,0,0,2048,12,1328248951
17109,71874579,106886787,178761366,7,0,0,53760,4,3112044197
17110,71874730,106986436,178861166,4,0,0,52736,16,7736895699
17111,71875830,106439145,178314975,5,0,0,24576,13,3415066007
17112,71882530,105975973,177858503,4,0,0,15872,16,6665510461
17113,71889370,106454283,178343653,2,0,0,19456,12,232956363
17114,71891781,124579268,196471049,9,0,1,10752,13,5569241767
17115,71906770,106091371,177998141,8,0,0,1024,17,572334711
17116,71908930,124589724,196498654,8,0,1,512,17,10145416505
17117,71915410,106648110,178563520,8,0,0,45056,17,3486444645
17118,71917090,106375063,178292153,2,0,0,3072,12,1104285152
17119,71919000,107047731,178966731,4,0,0,2048,16,5638934460
17120,71920590,106764480,178685070,5,0,0,10752,13,5122872664
17121,71924060,106039965,177964025,4,0,0,8192,16,2592134222
17122,71933190,106124181,178057371,4,0,0,3072,16,3312459201
17123,71944050,107081539,179025589,5,0,0,25088,13,2076029598
17124,71945040,106206721,178151761,2,0,0,21504,12,7672754894
17125,71946540,107272663,179219203,8,0,0,18944,17,4667898772
17126,71949750,106261203,178210953,0,0,0,512,2,8847212424
17127,71949870,107057155,179007025,1,0,0,110592,15,499397130
17128,71959150,106486249,178445399,3,0,0,30720,1,1288518803
17129,71959559,106089439,178048998,7,0,0,17920,4,8383148813
17130,71960460,107158488,179118948,2,0,0,23040,12,301690285
17131,71963251,124535749,196499000,0,0,1,512,2,7977380337
17132,71969930,106063893,178033823,1,0,0,7168,15,1619064063
17133,71975890,124525056,196500946,8,0,1,3072,17,2436513600
17134,71979290,106105336,178084626,8,0,0,4608,17,873156399
17135,71982340,106744888,178727228,4,0,0,54272,16,2716517861
17136,71986460,124858696,196845156,2,0,1,59392,12,7452338634
17137,71991470,107357993,179349463,4,0,0,36352,16,5581145996
17138,71992510,106090689,178083199,3,0,0,4608,1,841071361
17139,71993110,106810104,178803214,1,0,0,37376,15,3661084722
17140,71994041,124925712,196919753,0,0,1,11776,2,2076104445
17141,71994530,106539172,178533702,4,0,0,33280,16,274086687
17142,72000070,106237131,178237201,2,0,0,4608,12,8061020335
17143,72003910,106872176,178876086,5,0,0,31744,13,10650607738
17144,72008460,106377411,178385871,2,0,0,18944,12,6537518956
17145,72010760,106955324,178966084,8,0,0,76288,17,5699771092
17146,72013761,124906338,196920099,1,0,1,512,15,9812461211
17147,72015310,106869246,178884556,4,0,0,27648,16,9929660743
17148,72017210,106554584,178571794,8,0,0,7680,17,2614144847
17149,72022930,124905565,196928495,3,0,1,13312,1,6258706389
17150,72027090,107130159,179157249,2,0,0,17408,12,7253571157
17151,72031110,106398533,178429643,8,0,0,37888,17,7289155371
17152,72034040,106357626,178391666,8,0,0,18944,17,6465662623
17153,72041810,106468384,178510194,4,0,0,28160,16,321956517
17154,72050110,106958997,179009107,2,0,0,1024,12,9969717576
17155,72050561,125021611,197072172,9,0,1,8704,13,6573335726
17156,72051800,107190961,179242761,9,0,0,26624,13,10518179960
17157,72056900,125862240,197919140,2,0,1,454144,12,10560462415
17158,72061390,107050336,179111726,6,0,0,111616,13,3873434349
17159,72061760,106802237,178863997,0,0,0,9216,2,7418637016
17160,72066600,106771072,178837672,4,0,0,12800,16,6629920785
17161,72068820,125999228,198068048,8,0,1,51200,17,8076621278
17162,72071710,107209250,179280960,2,0,0,40960,12,2485131384
17163,72073139,106608632,178681771,7,0,0,13824,4,1717247979
17164,72074580,106821722,178896302,9,0,0,38400,13,6009237978
17165,72080850,106596663,178677513,8,0,0,20480,17,1996792417
17166,72084910,106482252,178567162,1,0,0,5632,15,7160875533
17167,72088831,125987695,198076526,1,0,1,2560,15,8088268022
17168,72093630,106577620,178671250,9,0,0,10752,13,1706586821
17169,72101780,106663509,178765289,4,0,0,12800,16,5109606498
17170,72104120,106729606,178833726,8,0,0,6656,17,553005638
17171,72111500,106453915,178565415,4,0,0,6144,16,5135748145
17172,72114940,125961609,198076549,8,0,1,1024,17,3317578103
17173,72116000,106715652,178831652,5,0,0,72704,13,9040867250
17174,72124370,106901710,179026080,9,0,0,1536,13,4639990057
17175,72125111,125951461,198076572,9,0,1,512,13,8708577853
17176,72132561,125944034,198076595,0,0,1,3584,2,6110262834
17177,72135860,106935116,179070976,3,0,0,25088,1,4013749019
17178,72143830,106894408,179038238,5,0,0,31744,13,8162262240
17179,72144810,106721581,178866391,3,0,0,7680,1,256603773
17180,72150479,106616081,178766560,7,0,0,4096,4,2937612924
17181,72155911,125946280,198102191,5,0,1,41472,13,925477712
17182,72158590,125944264,198102854,3,0,1,11776,1,5994726048
17183,72161120,106950785,179111905,9,0,0,512,13,928965415
17184,72164760,126099101,198263861,3,0,1,6144,1,9265664545
17185,72171391,126095195,198266586,0,0,1,15872,2,709903791
17186,72174240,107060386,179234626,9,0,0,31744,13,7428459578
17187,72183070,106591654,178774724,4,0,0,2048,16,651344642
17188,72196730,126086857,198283587,3,0,1,4608,1,2836547912
17189,72203420,106606057,178809477,1,0,0,20480,15,4264745113
17190,72203790,106698509,178902299,3,0,0,17408,1,1529133822
17191,72204690,106935075,179139765,8,0,0,17408,17,8344899590
17192,72219360,107085537,179304897,8,0,0,15872,17,3909307615
17193,72221819,106919841,179141660,7,0,0,6144,4,2285467165
17194,72232180,106821531,179053711,1,0,0,2560,15,445563177
17195,72232671,126054862,198287533,9,0,1,2560,13,5070222097
17196,72238640,126237118,198475758,2,0,1,82432,12,5256484290
17197,72249375,126259888,198509263,7,0,1,19456,4,8151784903
17198,72255020,126259961,198514981,2,0,1,7680,12,8652468850
17199,72255690,106660016,178915706,5,0,0,8192,13,9404337301
17200,72255870,107103756,179359626,8,0,0,33280,17,7013691986
17201,72256570,106640379,178896949,5,0,0,2048,13,1550477902
17202,72264150,106709156,178973306,3,0,0,21504,1,10409963717
17203,72265460,107569762,179835222,1,0,0,83968,15,10732004416
17204,72267050,106867388,179134438,9,0,0,50176,13,2620117806
17205,72268240,106740524,179008764,3,0,0,5632,1,4902984747
17206,72272860,106669729,178942589,1,0,0,7680,15,528836589
17207,72273860,126243067,198516927,4,0,1,3072,16,10082785579
17208,72276460,126250608,198527068,3,0,1,4096,1,10630448496
17209,72276480,106921274,179197754,5,0,0,22528,13,8024168141
17210,72278090,107018337,179296427,8,0,0,50688,17,144026821
17211,72279070,107172855,179451925,9,0,0,49152,13,7717113405
17212,72280901,126246190,198527091,1,0,1,6656,15,5415923979
17213,72283420,107094972,179378392,3,0,0,17408,1,5469477906
17214,72294690,107170541,179465231,4,0,0,43008,16,2967491257
17215,72295219,107041094,179336313,7,0,0,17408,4,2238028294
17216,72303150,106748635,179051785,4,0,0,10240,16,3830843559
17217,72304671,126273271,198577942,0,0,1,2048,2,7404343604
17218,72317520,106801607,179119127,3,0,0,512,1,2380534234
17219,72317590,107328322,179645912,9,0,0,10752,13,10197562040
17220,72329000,107313613,179642613,4,0,0,17408,16,9587861323
17221,72332710,107348004,179680714,2,0,0,37888,12,10280306680
17222,72332840,106880545,179213385,1,0,0,51200,15,3514161463
17223,72336980,107141084,179478064,9,0,0,25088,13,9144326579
17224,72337400,106853467,179190867,3,0,0,5632,1,5930012528
17225,72337460,107204786,179542246,4,0,0,79872,16,8407160005
17226,72341450,106958588,179300038,5,0,0,11776,13,9325453180
17227,72341510,107161746,179503256,5,0,0,19456,13,2823067206
17228,72357230,106981134,179338364,4,0,0,6656,16,10041128685
17229,72358100,107014965,179373065,1,0,0,44032,15,6095255962
17230,72359780,106820078,179179858,3,0,0,13312,1,8429058112
17231,72360251,126217714,198577965,0,0,1,7168,2,10035932566
17232,72361459,126216529,198577988,7,0,1,4096,4,1781816252
17233,72363620,107180241,179543861,5,0,0,5120,13,3617662734
17234,72370490,107628335,179998825,2,0,0,69120,12,2452098019
17235,72376240,107670396,180046636,2,0,0,5120,12,590382919
17236,72378621,126728827,199107448,1,0,1,204288,15,1891798135
17237,72380109,106937207,179317316,7,0,0,8192,4,3350293395
17238,72389590,107412290,179801880,8,0,0,60928,17,5799634901
17239,72391170,107195821,179586991,5,0,0,4608,13,6284222622
17240,72392990,106856346,179249336,3,0,0,21504,1,3751189350
17241,72396450,127407756,199804206,2,0,1,336384,12,9571280903
17242,72396860,127407369,199804229,2,0,1,1536,12,4335062580
17243,72398370,107779603,180177973,9,0,0,65024,13,3798229022
17244,72411869,127422420,199834289,7,0,1,8192,4,4147894207
17245,72413321,127426334,199839655,9,0,1,3584,13,4837551577
17246,72415820,107036284,179452104,2,0,0,512,12,8286934371
17247,72419440,127420238,199839678,4,0,1,5120,16,3069675829
17248,72424130,107208890,179633020,3,0,0,72704,1,8561510552
17249,72426640,107826363,180253003,1,0,0,7680,15,3283108928
17250,72435280,107263974,179699254,8,0,0,14336,17,9896040906
17251,72443990,107398431,179842421,3,0,0,23552,1,8393279341
17252,72446890,127422349,199869239,7,0,1,9216,4,4482443471
17253,72448150,127423186,199871336,8,0,1,40960,17,1125868235
17254,72461819,107008578,179470397,7,0,0,4096,4,9168868581
17255,72463190,106962948,179426138,9,0,0,16384,13,4005499274
17256,72464991,127853520,200318511,1,0,1,310784,15,1660421853
17257,72469409,107384914,179854323,7,0,0,26624,4,8733619063
17258,72484640,107292835,179777475,3,0,0,50688,1,9706300669
17259,72486949,107359239,179846188,7,0,0,12288,4,1829301990
17260,72488850,107291924,179780774,2,0,0,10752,12,4610432917
17261,72489899,107025045,179514944,7,0,0,14336,4,2043143066
17262,72495790,107140061,179635851,1,0,0,9216,15,8891776958
17263,72501980,127826689,200328669,8,0,1,6656,17,7619166354
17264,72504250,107106595,179610845,9,0,0,17408,13,836860461
17265,72508830,107274463,179783293,5,0,0,8192,13,2419824592
17266,72527040,107110246,179637286,5,0,0,4608,13,9867491202
17267,72535900,107267563,179803463,8,0,0,5120,17,9824159174
17268,72539360,107327801,179867161,9,0,0,10752,13,2749084334
17269,72545360,107055949,179601309,9,0,0,2048,13,2267138536
17270,72551680,107198204,179749884,1,0,0,6656,15,2432816458
17271,72555580,107483967,180039547,8,0,0,1024,17,7125146820
17272,72559250,107485803,180045053,1,0,0,4608,15,1081763347
17273,72559290,107311014,179870304,5,0,0,10240,13,4216338432
17274,72560490,107186534,179747024,9,0,0,7168,13,3501906658
17275,72561680,107092716,179654396,5,0,0,4096,13,9077083463
17276,72563790,107472591,180036381,9,0,0,53248,13,3052833209
17277,72568299,107100848,179669147,7,0,0,14336,4,7071792476
17278,72568609,107499510,180068119,7,0,0,17408,4,2277579424
17279,72574860,107382877,179957737,8,0,0,25088,17,1456299389
17280,72575710,127912228,200487938,2,0,1,131584,12,1239978204
17281,72598220,127901615,200499835,4,0,1,5120,16,2183551815
17282,72600870,127934187,200535057,8,0,1,14336,17,7908839834
17283,72603301,127938845,200542146,0,0,1,24576,2,8511857699
17284,72608449,127933728,200542177,7,0,1,2048,4,3024240952
17285,72610340,107501617,180111957,3,0,0,13824,1,2911676939
17286,72613940,107295015,179908955,1,0,0,25088,15,9248862941
17287,72623159,107966940,180590099,7,0,0,34816,4,5572888848
17288,72623970,107326100,179950070,5,0,0,31744,13,5901399288
17289,72634069,107229793,179863862,7,0,0,31232,4,8842026139
17290,72635510,107788959,180424469,8,0,0,38400,17,5343580431
17291,72637450,107336071,179973521,3,0,0,26112,1,10245686688
17292,72642299,107410645,180052944,7,0,0,1536,4,7826044980
17293,72649710,127892490,200542200,4,0,1,6144,16,9307013924
17294,72657520,107273940,179931460,9,0,0,16896,13,2922913984
17295,72660441,127904336,200564777,1,0,1,32768,15,9529621424
17296,72666230,107255010,179921240,8,0,0,24576,17,4151362167
17297,72669461,128014895,200684356,1,0,1,120832,15,1620502229
17298,72671310,128014352,200685662,8,0,1,2048,17,7053371796
17299,72678960,107758035,180436995,9,0,0,39936,13,7913376216
17300,72687600,107668824,180356424,4,0,0,10240,16,8704010764
17301,72688150,107569709,180257859,4,0,0,2560,16,1668763145
17302,72688250,127999358,200687608,8,0,1,3072,17,8149888260
17303,72690150,107275392,179965542,3,0,0,8192,1,2592568615
17304,72691240,128001203,200692443,7,0,1,6144,4,4190926889
17305,72691410,107347802,180039212,3,0,0,9216,1,2150498734
17306,72702360,107484887,180187247,4,0,0,12800,16,6637308554
17307,72712190,107228185,179940375,4,0,0,29184,16,1523119680
17308,72713430,127979350,200692780,7,0,1,2048,4,3449766745
17309,72719140,108055521,180774661,5,0,0,2048,13,7393633877
17310,72719850,108205765,180925615,3,0,0,5120,1,5075251538
17311,72720510,107504721,180225231,5,0,0,87040,13,9664235466
17312,72720580,107299554,180020134,6,0,0,19456,13,8169954985
17313,72727200,107852073,180579273,2,0,0,18432,12,8130805470
17314,72738210,107674536,180412746,8,0,0,46080,17,6816791351
17315,72740300,107303326,180043626,9,0,0,13312,13,7056156750
17316,72741790,107705178,180446968,2,0,0,23040,12,5378331023
17317,72747610,107703299,180450909,2,0,0,1536,12,5357230632
17318,72749581,127966818,200716399,9,0,1,7168,13,7284426478
17319,72755510,107818124,180573634,2,0,0,99328,12,5190810531
17320,72767119,107580663,180347782,7,0,0,6144,4,5866767796
17321,72769979,107462607,180232586,7,0,0,24064,4,7528580413
17322,72770880,107834842,180605722,9,0,0,51200,13,8857887747
17323,72771780,107537954,180309734,2,0,0,28160,12,4740064174
17324,72775810,107622873,180398683,3,0,0,25600,1,8285168970
17325,72778680,107764667,180543347,4,0,0,75776,16,8296238252
17326,72782910,107395733,180178643,2,0,0,2048,12,9377418947
17327,72796689,108039510,180836199,7,0,0,12288,4,8425316411
17328,72809960,107673341,180483301,1,0,0,14848,15,2608746109
17329,72811640,107829053,180640693,2,0,0,7168,12,1525722639
17330,72813120,107799067,180612187,4,0,0,20992,16,10602476069
17331,72820960,127895462,200716422,8,0,1,5632,17,1267208097
17332,72832100,107678548,180510648,3,0,0,11776,1,10365552819
17333,72834471,127888342,200722813,6,0,1,2048,13,9482665649
17334,72846570,107935413,180781983,9,0,0,9216,13,6874493726
17335,72848180,108193328,181041508,9,0,0,15872,13,6088656418
17336,72848880,107765522,180614402,8,0,0,7168,17,7112127280
17337,72854661,127868920,200723581,6,0,1,11776,13,7570843937
17338,72858190,107818335,180676525,3,0,0,49152,1,1372906159
17339,72858290,107970500,180828790,3,0,0,51200,1,6548817069
17340,72858370,108268276,181126646,1,0,0,68608,15,4440822096
17341,72861390,107855966,180717356,5,0,0,3584,13,7848196953
17342,72866190,107634583,180500773,5,0,0,6656,13,524597861
17343,72868020,108167982,181036002,3,0,0,44544,1,6387872468
17344,72868850,107555954,180424804,3,0,0,1024,1,4861648054
17345,72871860,108108475,180980335,0,0,0,24576,2,3818737412
17346,72888750,127839023,200727773,4,0,1,9728,16,4800253260
17347,72895900,127836610,200732510,4,0,1,18432,16,2171110899
17348,72901750,107719577,180621327,4,0,0,7680,16,4335727027
17349,72904031,127832208,200736239,9,0,1,10752,13,10077202735
17350,72904750,107674718,180579468,5,0,0,512,13,8418873193
17351,72904770,127902529,200807299,4,0,1,1024,16,4830798623
17352,72905590,107723849,180629439,9,0,0,7168,13,7034161902
17353,72911741,127895581,200807322,0,0,1,1536,2,1218881162
17354,72914109,107704612,180618721,7,0,0,5632,4,718675218
17355,72924570,107925325,180849895,5,0,0,20992,13,825179729
17356,72926711,128348304,201275015,5,0,1,310272,13,4399545282
17357,72928029,107885092,180813121,7,0,0,20480,4,782540200
17358,72928431,128349490,201277921,6,0,1,4608,13,3138487022
17359,72932590,128346099,201278689,8,0,1,11776,17,8826078340
17360,72946970,107712745,180659715,3,0,0,1024,1,6534050452
17361,72948310,108302716,181251026,3,0,0,73728,1,3054495709
17362,72952510,107839455,180791965,2,0,0,6144,12,790346941
17363,72954730,108384466,181339196,0,0,0,34304,2,5815008511
17364,72956530,108149189,181105719,4,0,0,33792,16,10126537994
17365,72957271,128389210,201346481,1,0,1,34816,15,10196856926
17366,72960930,107880494,180841424,5,0,0,16896,13,10474526926
17367,72965290,108320667,181285957,0,0,0,17920,2,5325330140
17368,72967160,108069489,181036649,4,0,0,2048,16,1102408254
17369,72967430,108794841,181762271,8,0,0,82432,17,8337236140
17370,72968670,108173162,181141832,2,0,0,21504,12,4266820872
17371,72970120,107862289,180832409,0,0,0,11776,2,10030547807
17372,72982170,128364657,201346827,7,0,1,512,4,7453497552
17373,72983299,108202398,181185697,7,0,0,100864,4,2754103098
17374,72988670,108228799,181217469,9,0,0,76800,13,584080279
17375,72999660,108406021,181405681,3,0,0,50688,1,7007648748
17376,73001410,107908533,180909943,3,0,0,4096,1,4938958911
17377,73005930,108016477,181022407,8,0,0,21504,17,8666569472
17378,73013130,107773963,180787093,5,0,0,5632,13,6323709061
17379,73013251,128387611,201400862,9,0,1,20480,13,6033080446
17380,73013830,128392335,201406165,8,0,1,17408,17,4573482205
17381,73015430,108425786,181441216,3,0,0,38400,1,5152507132
17382,73016360,128393351,201409711,7,0,1,5632,4,2930788132
17383,73019670,107940456,180960126,4,0,0,3584,16,9059545753
17384,73019760,128392217,201411977,4,0,1,3584,16,2959266380
17385,73028789,108559570,181588359,7,0,0,29184,4,7834216794
17386,73029360,108118579,181147939,2,0,0,19968,12,7295748186
17387,73029950,107934160,180964110,1,0,0,1536,15,2894412967
17388,73034481,128394400,201428881,0,0,1,6656,2,6843282266
17389,73039570,107890866,180930436,8,0,0,4096,17,3172931300
17390,73040540,108114402,181154942,5,0,0,11776,13,5035170659
17391,73045260,108231062,181276322,4,0,0,4608,16,9400732789
17392,73045399,108262044,181307443,7,0,0,6656,4,32261878
17393,73048801,128380746,201429547,9,0,1,1024,13,7453981612
17394,73051740,108272264,181324004,5,0,0,4608,13,719484486
17395,73054250,108418495,181472745,5,0,0,55808,13,5375521620
17396,73060999,128369534,201430533,7,0,1,1536,4,9581875690
17397,73069600,108359893,181429493,8,0,0,35328,17,1161458229
17398,73070230,128361609,201431839,3,0,1,2048,1,6582152539
17399,73072820,108225013,181297833,5,0,0,17920,13,10500954906
17400,73074991,128358231,201433222,0,0,1,14848,2,4283596727
17401,73088720,108279691,181368411,0,0,0,26624,2,3511872801
17402,73096329,108177197,181273526,7,0,0,30720,4,1526873974
17403,73102300,108404681,181506981,2,0,0,52224,12,9469590342
17404,73102839,108032418,181135257,7,0,0,28160,4,6416360289
17405,73117380,108763181,181880561,3,0,0,46080,1,6429535238
17406,73126690,108186082,181312772,4,0,0,7168,16,5645341812
17407,73132080,108254648,181386728,5,0,0,23040,13,5372760953
17408,73136580,108183703,181320283,5,0,0,24576,13,2574491303
17409,73145100,108106105,181251205,5,0,0,512,13,6189709038
17410,73162930,108210346,181373276,0,0,0,4096,2,5300433516
17411,73164390,108561363,181725753,0,0,0,7680,2,6912670307
17412,73172630,108455867,181628497,2,0,0,101376,12,9763023699
17413,73174290,128275496,201449786,3,0,1,5120,1,3420279454
17414,73179650,108537298,181716948,3,0,0,24064,1,6185861408
17415,73192060,108315903,181507963,5,0,0,1536,13,293304526
17416,73192930,108217165,181410095,3,0,0,12800,1,4043040547
17417,73202201,128260460,201462661,9,0,1,4608,13,5075935514
17418,73202341,128350501,201552842,1,0,1,93184,15,8121671152
17419,73204570,108214136,181418706,0,0,0,28160,2,8652121720
17420,73209700,108369744,181579444,2,0,0,44032,12,727261535
17421,73211061,128341804,201552865,9,0,1,1536,13,6551751569
17422,73224200,108599882,181824082,3,0,0,32768,1,2337269857
17423,73227960,108248864,181476824,1,0,0,13312,15,6364321236
17424,73231480,108174692,181406172,0,0,0,1536,2,623605904
17425,73236170,108480957,181717127,2,0,0,512,12,4006806854
17426,73243500,108293883,181537383,2,0,0,14336,12,5058881813
17427,73263771,128316533,201580304,9,0,1,17408,13,8203259593
17428,73265729,128317801,201583530,7,0,1,5120,4,3588194959
17429,73269741,128315735,201585476,6,0,1,3072,13,2192663773
17430,73270790,108510505,181781295,6,0,0,31232,13,4611732013
17431,73276991,128355283,201632274,9,0,1,4608,13,5341014977
17432,73277910,108229562,181507472,5,0,0,1536,13,3221022660
17433,73283030,108314556,181597586,1,0,0,30208,15,3585278721
17434,73286080,108437310,181723390,5,0,0,20480,13,1346650011
17435,73287190,108414892,181702082,0,0,0,27136,2,4201877485
17436,73289770,108699630,181989400,4,0,0,44544,16,1482672920
17437,73300970,128331327,201632297,3,0,1,14848,1,8390293079
17438,73301690,108330738,181632428,4,0,0,12800,16,2443566709
17439,73306790,108326597,181633387,1,0,0,3072,15,1569127130
17440,73309610,108383534,181693144,2,0,0,45568,12,5820519204
17441,73313170,108396423,181709593,1,0,0,24576,15,9582928501
17442,73313941,128416938,201730879,6,0,1,14336,13,655238469
17443,73315881,128415869,201731750,9,0,1,12288,13,1778989314
17444,73318330,108375461,181693791,2,0,0,2048,12,4478873794
17445,73324540,108354697,181679237,5,0,0,37888,13,10556139200
17446,73330979,128477899,201808878,7,0,1,8704,4,5691787952
17447,73335820,108556866,181892686,3,0,0,512,1,9250256954
17448,73337330,108521954,181859284,1,0,0,31232,15,3444112428
17449,73347381,128869912,202217293,1,0,1,207872,15,3037658290
17450,73348380,108476661,181825041,4,0,0,3072,16,6184285708
17451,73349460,108379444,181728904,5,0,0,10240,13,7745281184
17452,73350260,108439014,181789274,5,0,0,26112,13,1260335006
17453,73350460,108737985,182088445,6,0,0,21504,13,3900782138
17454,73354790,108606357,181961147,2,0,0,27136,12,4774562033
17455,73354840,108756271,182111111,5,0,0,17920,13,2892992593
17456,73355890,128927066,202282956,2,0,1,59392,12,8822011644
17457,73360060,108470776,181830836,0,0,0,18944,2,850912679
17458,73364330,108944899,182309229,0,0,0,9216,2,8683683141
17459,73376109,108509024,181885133,7,0,0,5632,4,5085385736
17460,73380710,108462356,181843066,0,0,0,39936,2,3773903615
17461,73386990,108344145,181731135,8,0,0,7168,17,7319365003
17462,73394619,108627188,182021807,7,0,0,41984,4,501212685
17463,73398770,128884209,202282979,4,0,1,512,16,8205118700
17464,73404280,108522099,181926379,1,0,0,5632,15,439694282
17465,73404681,128878321,202283002,9,0,1,1024,13,6107432767
17466,73408600,108530107,181938707,8,0,0,38400,17,2745644453
17467,73422350,108605454,182027804,6,0,0,19456,13,766224551
17468,73437330,108571662,182008992,0,0,0,56832,2,10111016820
17469,73438380,108667248,182105628,2,0,0,56320,12,6289930905
17470,73445220,129067414,202512634,8,0,1,139264,17,4264356921
17471,73454920,108536687,181991607,2,0,0,7168,12,9974359310
17472,73460490,129113565,202574055,3,0,1,22528,1,8066738360
17473,73463501,129116920,202580421,6,0,1,15360,13,1637536959
17474,73466900,129113544,202580444,4,0,1,1024,16,5861281556
17475,73467680,108598650,182066330,2,0,0,8192,12,8424667532
17476,73469190,108612680,182081870,3,0,0,13824,1,6034104724
17477,73469760,129110707,202580467,4,0,1,14336,16,9680458366
17478,73470850,108575359,182046209,0,0,0,12800,2,334791410
17479,73472231,129134817,202607048,1,0,1,12800,15,4231815503
17480,73472870,108653418,182126288,0,0,0,12288,2,2961217167
17481,73482171,129126183,202608354,0,0,1,2048,2,6930261033
17482,73486130,129367004,202853134,8,0,1,200192,17,8531245698
17483,73487580,108912963,182400543,5,0,0,50688,13,4526255929
17484,73491751,129367369,202859120,0,0,1,4608,2,5906446337
17485,73493091,129372416,202865507,0,0,1,5632,2,1472814619
17486,73498111,129512240,203010351,5,0,1,99328,13,10345711529
17487,73503540,108679143,182182683,1,0,0,9728,15,3540517399
17488,73504230,108769833,182274063,3,0,0,51200,1,7478606586
17489,73504251,129559300,203063551,6,0,1,30208,13,9961551047
17490,73505260,108707015,182212275,8,0,0,9728,17,5963647033
17491,73510270,108824749,182335019,6,0,0,12800,13,4201141289
17492,73513270,108661763,182175033,6,0,0,34816,13,8310926082
17493,73517200,108669562,182186762,1,0,0,13312,15,5466861426
17494,73518780,129545757,203064537,8,0,1,1536,17,9258854001
17495,73519500,129546010,203065510,4,0,1,12800,16,3256097042
17496,73527990,129549676,203077666,7,0,1,5120,4,3149222613
17497,73536060,109195822,182731882,2,0,0,86016,12,3267720922
17498,73539120,108660357,182199477,2,0,0,20480,12,7832818858
17499,73541279,108973915,182515194,7,0,0,38400,4,3503972105
17500,73554420,108876354,182430774,3,0,0,16896,1,7865329111
17501,73568439,108606773,182175212,7,0,0,512,4,2179915740
17502,73575650,129507834,203083484,4,0,1,2560,16,6471036714
17503,73583570,108757088,182340658,2,0,0,18432,12,3976444064
17504,73583610,129638229,203221839,8,0,1,141312,17,1885510035
17505,73586130,108731361,182317491,8,0,0,22528,17,7808385182
17506,73588041,129633821,203221862,9,0,1,2048,13,8607109905
17507,73592290,109146190,182738480,0,0,0,10752,2,6066810102
17508,73597500,129624385,203221885,4,0,1,6656,16,4133225622
17509,73598910,108767241,182366151,5,0,0,33792,13,8850194138
17510,73605770,129616138,203221908,3,0,1,23040,1,1220378487
17511,73609000,109089196,182698196,1,0,0,81920,15,3143480921
17512,73609950,108848427,182458377,3,0,0,27648,1,6247208023
17513,73613480,109482600,183096080,5,0,0,63488,13,3903418103
17514,73614270,109033166,182647436,5,0,0,22016,13,9415420184
17515,73619340,109162940,182782280,8,0,0,19456,17,6719379788
17516,73622881,129599050,203221931,0,0,1,5632,2,3002700361
17517,73623690,108892151,182515841,8,0,0,2048,17,6555682148
17518,73624549,108860948,182485497,7,0,0,27136,4,1963334817
17519,73626280,108704816,182331096,3,0,0,2560,1,10518091122
17520,73629430,109020057,182649487,3,0,0,6656,1,8502462073
17521,73632840,108947834,182580674,3,0,0,48128,1,9771216538
17522,73637270,109123968,182761238,0,0,0,55808,2,4161465111
17523,73637310,108866161,182503471,3,0,0,13824,1,10024117454
17524,73642710,108997995,182640705,6,0,0,27136,13,2100477246
17525,73648530,109093272,182741802,0,0,0,5120,2,680961438
17526,73653140,108947347,182600487,2,0,0,7168,12,3517883698
17527,73657121,129564869,203221990,0,0,1,3584,2,5745985880
17528,73666980,109189927,182856907,8,0,0,10752,17,1951130217
17529,73679261,129544675,203223936,0,0,1,3072,2,5948420370
17530,73684390,109312250,182996640,6,0,0,39936,13,4738443221
17531,73685170,109299210,182984380,8,0,0,107008,17,9998741750
17532,73685611,129539951,203225562,1,0,1,2560,15,4686602212
17533,73685780,109114889,182800669,0,0,0,13824,2,4203484270
17534,73695460,109077657,182773117,5,0,0,38912,13,10227064949
17535,73698510,129683432,203381942,8,0,1,210432,17,4904166835
17536,73699210,109006433,182705643,8,0,0,24064,17,119518457
17537,73706531,129680557,203387088,1,0,1,8192,15,9841528366
17538,73707870,109368040,183075910,5,0,0,63488,13,5400795589
17539,73710290,109565564,183275854,5,0,0,6656,13,2851959088
17540,73714670,129986655,203701325,8,0,1,185344,17,9349539662
17541,73718521,129997046,203715567,6,0,1,5120,13,3654334505
17542,73718750,129996840,203715590,4,0,1,2048,16,7734755662
17543,73719310,130109394,203828704,2,0,1,83968,12,8761020827
17544,73719380,109188901,182908281,6,0,0,79360,13,7249589889
17545,73721740,109013441,182735181,0,0,0,10752,2,4124722333
17546,73726899,109223646,182950545,7,0,0,51712,4,2020064650
17547,73728410,109047919,182776329,1,0,0,10240,15,167807916
17548,73737880,130181325,203919205,8,0,1,134656,17,9197882366
17549,73749421,130173970,203923391,9,0,1,6656,13,9690734425
17550,73749820,109272186,183022006,0,0,0,26112,2,2496175091
17551,73750050,109352792,183102842,5,0,0,18432,13,9093150879
17552,73756710,130384885,204141595,2,0,1,195072,12,1718440044
17553,73764410,130379753,204144163,4,0,1,4096,16,4978277245
17554,73767470,109557574,183325044,8,0,0,154112,17,5527520320
17555,73770370,109339287,183109657,1,0,0,9728,15,6182394602
17556,73781720,109452009,183233729,8,0,0,20992,17,7968987406
17557,73781800,109096905,182878705,0,0,0,512,2,9739323757
17558,73788760,109252106,183040866,2,0,0,8192,12,8117734314
17559,73792700,109284013,183076713,1,0,0,2560,15,684042605
17560,73795560,108944659,182740219,2,0,0,5632,12,3563333770
17561,73796810,109134514,182931324,8,0,0,6144,17,5366270332
17562,73797890,109429420,183227310,8,0,0,86528,17,734757455
17563,73799930,109151106,182951036,5,0,0,1536,13,5396841644
17564,73805550,109328779,183134329,1,0,0,25600,15,9222988888
17565,73814241,130333788,204148029,9,0,1,6144,13,469805890
17566,73820410,109593184,183413594,0,0,0,32256,2,2601290468
17567,73826640,109508567,183335207,2,0,0,33280,12,3557231117
17568,73835621,130313394,204149015,9,0,1,1536,13,9115819369
17569,73842071,130311130,204153201,6,0,1,6656,13,2186693802
17570,73843191,130318426,204161617,0,0,1,3584,2,9365158603
17571,73844170,109503251,183347421,5,0,0,25600,13,8990184598
17572,73847659,109552941,183400600,7,0,0,36864,4,7515720428
17573,73864420,109937316,183801736,0,0,0,18432,2,3213750284
17574,73868110,109596529,183464639,6,0,0,41472,13,766319332
17575,73872141,130317959,204190100,0,0,1,512,2,4724459479
17576,73878240,109387713,183265953,8,0,0,3584,17,9639963309
17577,73879700,109158647,183038347,1,0,0,4096,15,2150462563
17578,73880460,109459138,183339598,3,0,0,14336,1,10045752687
17579,73881281,130308842,204190123,9,0,1,2048,13,9524002396
17580,73885400,109280774,183166174,3,0,0,4608,1,6234918941
17581,73888690,109470469,183359159,1,0,0,17920,15,8674529547
17582,73890860,109755110,183645970,5,0,0,22528,13,3448101918
17583,73891680,130302983,204194663,7,0,1,26112,4,1073395956
17584,73892240,109559305,183451545,6,0,0,30720,13,5542296182
17585,73892900,109359680,183252580,5,0,0,54784,13,2891303303
17586,73901510,109687436,183588946,0,0,0,29184,2,4405156581
17587,73905190,110032533,183937723,0,0,0,17408,2,875549418
17588,73911370,109185833,183097203,8,0,0,3584,17,2699688045
17589,73924800,109228651,183153451,0,0,0,1536,2,8554116723
17590,73930510,109743562,183674072,0,0,0,32256,2,6082210616
17591,73930910,130272152,204203062,3,0,1,34816,1,8709687677
17592,73932490,109672878,183605368,1,0,0,26112,15,7400991487
17593,73933480,109301520,183235000,0,0,0,4096,2,3244589927
17594,73936421,130268088,204204509,1,0,1,11776,15,6582853306
17595,73946320,109717901,183664221,4,0,0,35840,16,9081821054
17596,73946979,109672021,183619000,7,0,0,10752,4,10540296686
17597,73953741,130429408,204383149,5,0,1,188928,13,6750646642
17598,73956640,109523839,183480479,6,0,0,9728,13,8268638525
17599,73958150,109190165,183148315,1,0,0,19456,15,9362100646
17600,73960120,109464752,183424872,1,0,0,26624,15,497175868
17601,73965840,109586751,183552591,3,0,0,18432,1,3136821673
17602,73967460,109449277,183416737,5,0,0,10240,13,9578773594
17603,73971681,130415521,204387202,6,0,1,7680,13,355599638
17604,73972231,130428558,204400789,9,0,1,1536,13,8829472825
17605,73975130,109723904,183699034,6,0,0,5120,13,5453184762
17606,73978359,109547304,183525663,7,0,0,40960,4,3273089154
17607,73978900,109277081,183255981,8,0,0,6144,17,644209071
17608,73978990,109462056,183441046,8,0,0,7168,17,3571037999
17609,73980019,130423356,204403375,7,0,1,4096,4,775718594
17610,73987830,109248027,183235857,0,0,0,2560,2,4901012297
17611,73988339,109795516,183783855,7,0,0,24064,4,1326010527
17612,73989070,109487159,183476229,5,0,0,25088,13,7406137686
17613,73990281,130656690,204646971,5,0,1,197120,13,7151704779
17614,73991020,109412723,183403743,0,0,0,10240,2,1704137359
17615,73992170,130654824,204646994,3,0,1,4608,1,6985702384
17616,73992891,130654126,204647017,1,0,1,2560,15,2274370871
17617,74002550,130652134,204654684,3,0,1,6656,1,2966440819
17618,74002841,130652407,204655248,9,0,1,10752,13,10586898363
17619,74007850,109460712,183468562,3,0,0,12800,1,4316867889
17620,74011920,109557699,183569619,0,0,0,6144,2,8580715472
17621,74018670,109488081,183506751,2,0,0,44032,12,672653695
17622,74030121,130628033,204658154,1,0,1,4608,15,1955895845
17623,74039710,109993386,184033096,1,0,0,12288,15,3968299416
17624,74040090,109825341,183865431,1,0,0,60928,15,4073464510
17625,74042221,130617879,204660100,1,0,1,3072,15,4843250609
17626,74042679,109465967,183508646,7,0,0,6144,4,1432679294
17627,74045859,109832722,183878581,7,0,0,23552,4,8340815501
17628,74059160,109970169,184029329,0,0,0,81408,2,4273994918
17629,74060580,109993934,184054514,5,0,0,70144,13,4122933561
17630,74062331,130618391,204680722,9,0,1,11776,13,1256205072
17631,74064480,130626253,204690733,3,0,1,24064,1,2623665823
17632,74074680,130620103,204694783,7,0,1,9216,4,8261903502
17633,74076000,109693759,183769759,1,0,0,32768,15,7956391357
17634,74076760,110008469,184085229,5,0,0,52736,13,10346930617
17635,74088781,130682277,204771058,9,0,1,34304,13,8544921678
17636,74089310,109613902,183703212,3,0,0,4096,1,6033280075
17637,74091120,109642881,183734001,3,0,0,5120,1,1339968712
17638,74098210,109581267,183679477,1,0,0,14848,15,1988365537
17639,74099810,130682527,204782337,3,0,1,3584,1,940771462
17640,74100690,109530113,183630803,3,0,0,3584,1,6906333078
17641,74101720,109745124,183846844,1,0,0,32768,15,2587796014
17642,74107889,110103607,184211496,7,0,0,23552,4,10231188620
17643,74111800,130718587,204830387,4,0,1,5632,16,8486205361
17644,74113210,110245488,184358698,7,0,0,8704,4,852407234
17645,74114290,110262229,184376519,3,0,0,37888,1,7068673555
17646,74114650,110363578,184478228,3,0,0,52736,1,4261457373
17647,74116639,110413442,184530081,7,0,0,12288,4,2118816921
17648,74118910,110008475,184127385,8,0,0,18944,17,10569610134
17649,74129260,110318011,184447271,8,0,0,123904,17,3439607304
17650,74133530,109737852,183871382,1,0,0,19456,15,7030597571
17651,74135500,110034655,184170155,3,0,0,3072,1,8256392459
17652,74138470,109744034,183882504,1,0,0,12800,15,5296770400
17653,74139860,110153955,184293815,8,0,0,39424,17,7714368875
17654,74140050,109749029,183889079,5,0,0,21504,13,8868009673
17655,74141800,110165687,184307487,1,0,0,15872,15,3833691666
17656,74142110,109752475,183894585,3,0,0,8192,1,1139922139
17657,74143210,110361590,184504800,2,0,0,6656,12,7110875140
17658,74146120,110380194,184526314,1,0,0,67584,15,9337566063
17659,74149419,109817419,183966838,7,0,0,32256,4,2701790516
17660,74151760,110515318,184667078,1,0,0,37888,15,8597947108
17661,74155900,109783094,183938994,5,0,0,4096,13,2226037744
17662,74157550,110601970,184759520,5,0,0,28672,13,9258529708
17663,74162039,109644940,183806979,7,0,0,9216,4,7932275870
17664,74163779,110028905,184192684,8,0,0,54272,17,5189390136
17665,74165840,109766556,183932396,0,0,0,11264,2,1683581485
17666,74166560,110115220,184281780,5,0,0,73216,13,2804927229
17667,74168320,109900810,184069130,5,0,0,22016,13,4480509869
17668,74173301,130676757,204850058,1,0,1,6144,15,8205325865
17669,74193339,110288421,184481760,7,0,0,11264,4,1027218621
17670,74199340,109729601,183928941,5,0,0,35328,13,2387305124
17671,74202090,130648634,204850724,4,0,1,1024,16,3295582040
17672,74213009,109929252,184142261,7,0,0,15872,4,8949458485
17673,74217530,109674536,183892066,3,0,0,9728,1,6423508789
17674,74218429,109884317,184102746,7,0,0,4096,4,3873954925
17675,74222070,110080550,184302620,2,0,0,2048,12,5178260767
17676,74223770,110364166,184587936,3,0,0,57856,1,5024726698
17677,74224780,110728199,184952979,9,0,0,76288,13,4445492416
17678,74227340,109832228,184059568,9,0,0,12288,13,2134296412
17679,74233570,109993457,184227027,8,0,0,2048,17,9091620267
17680,74237859,110802695,185040554,7,0,0,92160,4,9037070100
17681,74238750,131075888,205314638,8,0,1,230912,17,3863086601
17682,74241900,110149957,184391857,0,0,0,2560,2,6572761408
17683,74262730,131060401,205323131,4,0,1,6656,16,10234878943
17684,74266389,110072062,184338451,7,0,0,19968,4,10281087796
17685,74271330,109945961,184217291,1,0,0,18944,15,4637856583
17686,74273470,109788929,184062399,1,0,0,9216,15,8464005101
17687,74276320,109724252,184000572,9,0,0,6656,13,8516775302
17688,74276510,110524405,184800915,8,0,0,22016,17,9526797077
17689,74277020,131046134,205323154,2,0,1,2560,12,2189757520
17690,74285020,131038157,205323177,4,0,1,11776,16,3929730775
17691,74306080,109749713,184055793,6,0,0,4096,13,1266647373
17692,74306980,110348531,184655511,1,0,0,57856,15,5931651676
17693,74308010,110522748,184830758,9,0,0,36864,13,3276353665
17694,74311440,110380293,184691733,3,0,0,27136,1,8212776161
17695,74311880,110007561,184319441,5,0,0,3072,13,8778116648
17696,74314649,110615063,184929712,7,0,0,39936,4,207495134
17697,74320920,109881771,184202691,2,0,0,32768,12,9085888979
17698,74321890,110296340,184618230,5,0,0,12288,13,8076025564
17699,74323130,110737088,185060218,5,0,0,6144,13,5321461150
17700,74329080,110133057,184462137,1,0,0,8192,15,846364000
17701,74337630,110164144,184501774,2,0,0,64512,12,668423543
17702,74339310,109962640,184301950,1,0,0,26624,15,8012449794
17703,74341930,109862344,184204274,9,0,0,5120,13,847099267
17704,74353310,130973969,205327279,4,0,1,7680,16,916524998
17705,74362470,110206162,184568632,2,0,0,74240,12,3012921166
17706,74366720,110010758,184377478,6,0,0,3072,13,7856996093
17707,74377420,111047874,185425294,6,0,0,5120,13,1973017354
17708,74383730,110431047,184814777,7,0,0,512,4,5478172420
17709,74389329,110585153,184974482,7,0,0,16896,4,6796744619
17710,74393170,130958210,205351380,2,0,1,5632,12,1181276438
17711,74397081,130954322,205351403,9,0,1,512,13,444018023
17712,74398240,110061378,184459618,8,0,0,40448,17,4254271443
17713,74398940,110234738,184633678,3,0,0,49664,1,7756833076
17714,74408080,110263724,184671804,6,0,0,14848,13,7312352522
17715,74408170,110829996,185238166,2,0,0,46592,12,5100160202
17716,74420860,130930566,205351426,2,0,1,1024,12,5177312074
17717,74430350,110051745,184482095,1,0,0,1024,15,5434315944
17718,74431271,131009330,205440601,5,0,1,93696,13,6122255055
17719,74434870,110315868,184750738,9,0,0,55808,13,8795838826
17720,74443031,130998441,205441472,9,0,1,12288,13,10381769370
17721,74443510,110322420,184765930,7,0,0,2560,4,9156410958
17722,74443940,109944449,184388389,1,0,0,16384,15,5941807691
17723,74443960,131020595,205464555,3,0,1,16896,1,8068997943
17724,74444050,110697641,185141691,1,0,0,50176,15,5584081553
17725,74452280,111053073,185505353,6,0,0,14848,13,4084301069
17726,74452820,110049913,184502733,3,0,0,3072,1,5273952593
17727,74454160,110767644,185221804,0,0,0,31232,2,2742593692
17728,74457810,131020836,205478646,4,0,1,11264,16,5821292754
17729,74460030,110151106,184611136,0,0,0,2048,2,2121628111
17730,74464980,110125007,184589987,0,0,0,6656,2,1888408436
17731,74468670,110369119,184837789,6,0,0,15360,13,6655043124
17732,74475671,131004737,205480408,0,0,1,5632,2,6719560653
17733,74480180,110827154,185307334,3,0,0,18432,1,3600666801
17734,74483590,110209764,184693354,1,0,0,3584,15,6223697862
17735,74487020,110237588,184724608,1,0,0,9216,15,9756043597
17736,74492910,110301274,184794184,6,0,0,10752,13,8747744691
17737,74495100,131020993,205516093,7,0,1,33280,4,3096877454
17738,74506010,110177432,184683442,5,0,0,16384,13,595634254
17739,74512349,111246603,185758952,7,0,0,9728,4,3707897875
17740,74516650,111184796,185701446,6,0,0,9728,13,7775280629
17741,74520300,110071905,184592205,0,0,0,3584,2,3718104158
17742,74521890,110585092,185106982,0,0,0,35840,2,4127389642
17743,74523270,110343772,184867042,6,0,0,47104,13,1953131987
17744,74528051,130988065,205516116,1,0,1,512,15,2531764854
17745,74530320,110105235,184635555,7,0,0,3584,4,10103522397
17746,74536790,110469375,185006165,2,0,0,51712,12,10499370435
17747,74537570,110430774,184968344,7,0,0,10752,4,8043509452
17748,74539570,110191806,184731376,6,0,0,11264,13,9888693081
17749,74540041,130977356,205517397,1,0,1,15872,15,1616596831
17750,74540340,110222525,184762865,8,0,0,10240,17,2059832194
17751,74543860,110575781,185119641,8,0,0,41472,17,6930207016
17752,74544430,110468021,185012451,1,0,0,11776,15,5099361501
17753,74550060,131003018,205553078,3,0,1,5120,1,814663966
17754,74554520,110121098,184675618,3,0,0,3072,1,1777402238
17755,74562970,131001230,205564200,4,0,1,4608,16,7608976274
17756,74565940,110101317,184667257,2,0,0,512,12,9502907802
17757,74566170,110198746,184764916,1,0,0,6656,15,968418650
17758,74566980,110760274,185327254,1,0,0,8192,15,8412386477
17759,74568010,110558362,185126372,2,0,0,22016,12,9193197821
17760,74569150,131001804,205570954,7,0,1,7680,4,3274653180
17761,74569320,110395725,184965045,5,0,0,10752,13,6775741782
17762,74570800,110842405,185413205,0,0,0,19456,2,6458300347
17763,74576230,111327764,185903994,6,0,0,12800,13,1751450398
17764,74576430,110983615,185560045,9,0,0,19456,13,2398981278
17765,74582190,110951645,185533835,5,0,0,12288,13,2103342502
17766,74588170,111460952,186049122,0,0,0,76800,2,8034051852
17767,74589360,111227094,185816454,3,0,0,52224,1,9103911683
17768,74593160,111297428,185890588,0,0,0,64000,2,92614716
17769,74594030,110747249,185341279,0,0,0,512,2,8361359317
17770,74600000,110159722,184759722,9,0,0,512,13,1684911528
17771,74608951,131049057,205658008,1,0,1,64000,15,8570510807
17772,74612240,131099689,205711929,2,0,1,11264,12,9191985002
17773,74612290,110357013,184969303,0,0,0,3072,2,1608268634
17774,74617320,110789911,185407231,6,0,0,52736,13,3257093625
17775,74623991,131087961,205711952,6,0,1,1536,13,6007334850
17776,74625200,110798511,185423711,8,0,0,24576,17,6868462364
17777,74636620,110522948,185159568,5,0,0,19968,13,7531957699
17778,74640010,110542053,185182063,2,0,0,20480,12,1985408389
17779,74648380,110918029,185566409,7,0,0,7168,4,2695939223
17780,74649310,110312436,184961746,8,0,0,28672,17,9999114858
17781,74652100,131060054,205712154,8,0,1,8192,17,1978776938
17782,74654351,131063933,205718284,1,0,1,14336,15,1696110548
17783,74657900,110395432,185053332,2,0,0,3584,12,6118145174
17784,74664550,110803164,185467714,0,0,0,4096,2,457684573
17785,74670241,131178232,205848473,5,0,1,111104,13,7283043679
17786,74672761,131294194,205966955,0,0,1,15360,2,6038295781
17787,74680281,131288940,205969221,9,0,1,3584,13,1348736482
17788,74682661,131286906,205969567,0,0,1,512,2,7336041842
17789,74687830,110590802,185278632,2,0,0,36352,12,606048797
17790,74688790,110477799,185166589,7,0,0,6144,4,9982569498
17791,74706650,111208599,185915249,1,0,0,36864,15,4064321847
17792,74714700,110751743,185466443,1,0,0,44544,15,4261259021
17793,74720780,110288060,185008840,6,0,0,8704,13,1900419142
17794,74724690,110567886,185292576,0,0,0,35840,2,9512053414
17795,74729710,111039249,185768959,1,0,0,32768,15,8869956798
17796,74735110,110426977,185162087,8,0,0,8192,17,3348555011
17797,74738240,110923167,185661407,5,0,0,6656,13,219156737
17798,74741270,110828259,185569529,7,0,0,8704,4,4414122749
17799,74743970,110871567,185615537,6,0,0,14336,13,5065806889
17800,74745640,110297121,185042761,6,0,0,7168,13,2809928843
17801,74747350,110520183,185267533,0,0,0,27648,2,7638305872
17802,74747510,110643630,185391140,2,0,0,32768,12,2370523716
17803,74747711,131226682,205974393,0,0,1,7680,2,2020198864
17804,74758980,110484226,185243206,6,0,0,7680,13,7646949112
17805,74764800,131210899,205975699,7,0,1,2048,4,2452729821
17806,74765400,110531411,185296811,2,0,0,13824,12,1140181463
17807,74766221,131214304,205980525,6,0,1,7680,13,8242558548
17808,74768690,111094708,185863398,7,0,0,39936,4,4948024060
17809,74769090,111444643,186213733,8,0,0,25600,17,10025637858
17810,74773920,111289270,186063190,3,0,0,9728,1,4572604701
17811,74776840,110955991,185732831,8,0,0,60416,17,2992982850
17812,74778300,110422108,185200408,6,0,0,12288,13,4703167094
17813,74792430,110623770,185416200,7,0,0,9728,4,1915274682
17814,74795970,111044005,185839975,6,0,0,41984,13,4069939200
17815,74800830,131221747,206022577,4,0,1,13312,16,5853350282
17816,74801580,111215736,186017316,6,0,0,109056,13,680811643
17817,74808950,110792403,185601353,0,0,0,3072,2,3345299020
17818,74809580,110690983,185500563,7,0,0,26624,4,8974651002
17819,74814560,131208040,206022600,7,0,1,3584,4,5209360716
17820,74817050,110480096,185297146,8,0,0,1024,17,2076455243
17821,74818221,131230321,206048542,1,0,1,3584,15,2945756981
17822,74819050,111052015,185871065,5,0,0,25088,13,554222790
17823,74821290,110610305,185431595,3,0,0,15872,1,8696921055
17824,74821900,111613389,186435289,2,0,0,90112,12,8011291297
17825,74827800,111323420,186151220,2,0,0,30208,12,3792303589
17826,74836231,131212334,206048565,1,0,1,9728,15,2944605762
17827,74837450,110712887,185550337,4,0,0,12800,16,4738838732
17828,74839821,131214273,206054094,9,0,1,16384,13,2545975667
17829,74843990,111227023,186071013,9,0,0,25600,13,2011434171
17830,74845700,111441851,186287551,9,0,0,4608,13,5522235650
17831,74851261,131741867,206593128,6,0,1,69120,13,2798788793
17832,74853280,111197760,186051040,9,0,0,6144,13,215541948
17833,74856320,110790035,185646355,0,0,0,1024,2,1968525626
17834,74856970,111631765,186488735,8,0,0,26624,17,5383246048
17835,74857610,110898355,185755965,3,0,0,29696,1,9133254332
17836,74857681,132187695,207045376,5,0,1,225280,13,10469882935
17837,74865560,111691457,186557017,2,0,0,21504,12,5704832282
17838,74874050,110953110,185827160,9,0,0,19456,13,7142736559
17839,74875140,111086645,185961785,3,0,0,39936,1,10527371464
17840,74878410,111199054,186077464,1,0,0,20992,15,8128864375
17841,74882710,111817432,186700142,6,0,0,91648,13,7158431254
17842,74884880,110711937,185596817,5,0,0,18432,13,1074509895
17843,74888951,132158371,207047322,1,0,1,3072,15,1708229056
17844,74890090,110663010,185553100,2,0,0,4096,12,2824706677
17845,74890420,110890784,185781204,2,0,0,29696,12,8156926448
17846,74892570,111294097,186186667,7,0,0,19968,4,632527830
17847,74894250,111158107,186052357,7,0,0,4096,4,10547930333
17848,74898490,110771604,185670094,5,0,0,2048,13,2692966784
17849,74900290,110939864,185840154,3,0,0,512,1,8560258911
17850,74904180,132147867,207052047,8,0,1,28672,17,5494106085
17851,74909170,111607855,186517025,6,0,0,10240,13,6346930201
17852,74909281,132162645,207071926,1,0,1,14848,15,9328152764
17853,74911520,110873607,185785127,9,0,0,12800,13,1415899010
17854,74912661,132159288,207071949,0,0,1,8192,2,6021443047
17855,74913310,132158662,207071972,4,0,1,2048,16,668476075
17856,74916690,110830204,185746894,5,0,0,46080,13,6575340639
17857,74919710,132181832,207101542,7,0,1,14336,4,8670095137
17858,74925380,111588494,186513874,7,0,0,82432,4,841450800
17859,74931080,110968960,185900040,2,0,0,20480,12,7467359321
17860,74934920,132210807,207145727,3,0,1,28672,1,7634426521
17861,74948820,111000774,185949594,7,0,0,11264,4,9602660741
17862,74954920,111185896,186140816,7,0,0,14848,4,3756000161
17863,74958830,110934947,185893777,0,0,0,10240,2,166485345
17864,74962050,132219640,207181690,4,0,1,16896,16,5542768701
17865,74962530,111020100,185982630,9,0,0,22016,13,5053710368
17866,74962700,112277630,187240330,5,0,0,76800,13,10185483178
17867,74983430,110936062,185919492,6,0,0,13824,13,778775607
17868,74985950,110951914,185937864,6,0,0,512,13,6908609629
17869,74986890,132226498,207213388,4,0,1,512,16,7800166677
17870,74991310,112303039,187294349,1,0,0,22528,15,7360173530
17871,75003810,132214763,207218573,2,0,1,16384,12,7187679890
17872,75018741,132206353,207225094,9,0,1,25600,13,595312000
17873,75019880,112334441,187354321,0,0,0,3584,2,5449670929
17874,75029811,132433887,207463698,6,0,1,194560,13,10346436235
17875,75031960,111571180,186603140,6,0,0,16384,13,4525004513
17876,75042900,112375909,187418809,3,0,0,20992,1,7738009051
17877,75044740,111013724,186058464,4,0,0,19968,16,8987220079
17878,75047390,132422610,207470000,7,0,1,7680,4,3285384788
17879,75055491,132520599,207576090,5,0,1,48640,13,855501104
17880,75055611,132545007,207600618,5,0,1,20480,13,9405782413
17881,75074690,111281694,186356384,1,0,0,14336,15,6587600290
17882,75077560,111389913,186467473,0,0,0,50688,2,6534696842
17883,75082870,132620129,207702999,4,0,1,4608,16,7666503518
17884,75087960,112542094,187630054,9,0,0,36864,13,7643974120
17885,75088140,132618649,207706789,7,0,1,4096,4,1323209451
17886,75096550,111572092,186668642,1,0,0,23552,15,9320435968
17887,75114710,111190454,186305164,1,0,0,13312,15,7088240465
17888,75115761,132676746,207792507,6,0,1,40448,13,10639449280
17889,75117250,111190901,186308151,7,0,0,9728,4,5735145970
17890,75120821,132674540,207795361,0,0,1,5120,2,2543949103
17891,75121050,110974968,186096018,9,0,0,5632,13,6586896785
17892,75130630,132664754,207795384,7,0,1,1536,4,8540362700
17893,75134340,111723826,186858166,1,0,0,25088,15,7732735509
17894,75135580,110924623,186060203,1,0,0,5632,15,5765569682
17895,75146740,110878867,186025607,9,0,0,27136,13,3512746851
17896,75163180,111083224,186246404,1,0,0,28672,15,7982758555
17897,75164770,111224985,186389755,5,0,0,44032,13,8107243476
17898,75172630,112801240,187973870,4,0,0,2048,16,1849519898
17899,75174380,132638403,207812783,3,0,1,4096,1,3666511238
17900,75178160,113221512,188399672,8,0,0,115712,17,10390417231
17901,75179560,110940761,186120321,3,0,0,8192,1,9789188641
17902,75182940,112548313,187731253,9,0,0,5632,13,6680259061
17903,75194220,111871856,187066076,0,0,0,51200,2,950892893
17904,75197190,132616259,207813449,7,0,1,1024,4,3412579189
17905,75199740,132614170,207813910,4,0,1,10240,16,6096991083
17906,75220980,110930419,186151399,5,0,0,512,13,3864242808
17907,75227191,132626595,207853786,1,0,1,9728,15,9465350638
17908,75227320,111066034,186293354,6,0,0,10240,13,8264385434
17909,75229070,112644112,187873182,3,0,0,29696,1,719888133
17910,75230329,132623480,207853809,4,0,1,4096,16,7376167378
17911,75234750,111323702,186558452,0,0,0,4608,2,10374936489
17912,75247080,111031795,186278875,8,0,0,21504,17,1105210867
17913,75251720,132602112,207853832,8,0,1,3584,17,4656579537
17914,75254200,111480992,186735192,6,0,0,4608,13,7746329771
17915,75254831,132599024,207853855,6,0,1,3584,13,398848195
17916,75256030,111693100,186949130,0,0,0,27136,2,4630342548
17917,75258220,111259452,186517672,1,0,0,2048,15,7693777898
17918,75262850,111874817,187137667,8,0,0,45568,17,7122709636
17919,75264050,112906086,188170136,9,0,0,19968,13,1571959559
17920,75266630,111283812,186550442,7,0,0,29696,4,3484882521
17921,75269140,111485379,186754519,3,0,0,28672,1,1687499019
17922,75269780,111521953,186791733,9,0,0,16384,13,2590909932
17923,75271930,111680054,186951984,0,0,0,9216,2,5007793522
17924,75279650,111932843,187212493,9,0,0,108544,13,6291609780
17925,75283160,111256472,186539632,7,0,0,24576,4,5716415814
17926,75288020,113259264,188547284,9,0,0,43008,13,7805630958
17927,75295310,111140158,186435468,1,0,0,512,15,323783191
17928,75295430,111427958,186723388,0,0,0,38400,2,3103263057
17929,75297300,132559170,207856470,3,0,1,16384,1,10401407339
17930,75301690,111258657,186560347,7,0,0,6144,4,4917528702
17931,75306710,132574233,207880943,3,0,1,22016,1,2911897090
17932,75309191,132572520,207881711,6,0,1,11776,13,10279970590
17933,75319461,132594955,207914416,0,0,1,28672,2,2682231529
17934,75324450,111267522,186591972,8,0,0,5632,17,430219938
17935,75325890,110997139,186323029,7,0,0,8704,4,7032469811
17936,75333190,111262237,186595427,3,0,0,11264,1,2559431034
17937,75334550,111452145,186786695,7,0,0,15872,4,423987024
17938,75336570,111144030,186480600,9,0,0,43008,13,6981758688
17939,75348180,111430185,186778365,1,0,0,17920,15,6648507812
17940,75356820,111093870,186450690,5,0,0,10752,13,8623346288
17941,75356830,113211473,188568303,8,0,0,34816,17,10236220347
17942,75364970,132560369,207925339,3,0,1,29184,1,2260248225
17943,75370010,111433700,186803710,5,0,0,7680,13,5988039715
17944,75370070,132576682,207946752,4,0,1,9728,16,10666912380
17945,75376001,132592382,207968383,5,0,1,8192,13,8240025806
17946,75385190,111478771,186863961,8,0,0,18944,17,561211650
17947,75390520,111391308,186781828,8,0,0,11264,17,7440023680
17948,75402150,111222612,186624762,3,0,0,5120,1,1776525946
17949,75406990,111602083,187009073,0,0,0,40448,2,4524533061
17950,75410660,113216898,188627558,8,0,0,48640,17,2000362408
17951,75418980,111353902,186772882,8,0,0,10240,17,10074100303
17952,75419400,111163158,186582558,6,0,0,12800,13,4265245339
17953,75421260,111860407,187281667,8,0,0,47104,17,2879885912
17954,75424460,132544269,207968729,8,0,1,512,17,9363861454
17955,75427811,132541264,207969075,5,0,1,512,13,5573287073
17956,75453400,111952358,187405758,5,0,0,72192,13,3113872468
17957,75456070,111255595,186711665,8,0,0,4608,17,9747781845
17958,75465500,132517875,207983375,2,0,1,8704,12,326402997
17959,75471290,111290552,186761842,9,0,0,14336,13,302542924
17960,75473170,111543719,187016889,0,0,0,7680,2,8745399008
17961,75473491,132572112,208045603,5,0,1,1024,13,6181409443
17962,75475090,111969967,187445057,8,0,0,14336,17,3347763289
17963,75478200,111897693,187375893,5,0,0,24064,13,1991371128
17964,75487920,111760077,187247997,8,0,0,25088,17,121653596
17965,75496570,112153072,187649642,3,0,0,6144,1,7143965226
17966,75504270,111425314,186929584,9,0,0,16384,13,8924438059
17967,75506900,111034471,186541371,3,0,0,5632,1,3819045733
17968,75514360,111959674,187474034,3,0,0,18944,1,7593057789
17969,75517860,111555192,187073052,5,0,0,18944,13,2186083459
17970,75525140,111202647,186727787,9,0,0,14336,13,6195919770
17971,75528010,111440793,186968803,0,0,0,13824,2,7780669464
17972,75535660,111363936,186899596,4,0,0,8704,16,9999524130
17973,75548450,111557396,187105846,2,0,0,4608,12,2819719273
17974,75557431,132488195,208045626,5,0,1,3584,13,3856637167
17975,75560640,111652656,187213296,8,0,0,2560,17,8724398971
17976,75560750,111983445,187544195,6,0,0,20992,13,10238314558
17977,75572731,132472918,208045649,6,0,1,8192,13,3452742798
17978,75575160,111570798,187145958,5,0,0,27136,13,383864847
17979,75583920,111632987,187216907,0,0,0,11776,2,8187492464
17980,75587570,132458102,208045672,2,0,1,1024,12,10006090149
17981,75594830,111454664,187049494,0,0,0,30720,2,5928710137
17982,75604480,111274755,186879235,9,0,0,11264,13,3793956263
17983,75606871,132477558,208084429,0,0,1,8192,2,2056408696
17984,75610610,112029447,187640057,0,0,0,16896,2,6351822425
17985,75611060,132474032,208085092,4,0,1,4608,16,1261355026
17986,75611950,111352572,186964522,0,0,0,16896,2,171702355
17987,75618470,113146566,188765036,6,0,0,9728,13,10555216899
17988,75629450,111311389,186940839,3,0,0,36864,1,158949832
17989,75639210,111451375,187090585,0,0,0,22016,2,1184136444
17990,75641381,132445977,208087358,0,0,1,3584,2,5276933370
17991,75647170,111666976,187314146,0,0,0,14848,2,995675197
17992,75656630,111696218,187352848,9,0,0,116224,13,6032978740
17993,75658570,113151424,188809994,9,0,0,25088,13,8191542995
17994,75659500,111627962,187287462,8,0,0,18944,17,8564650351
17995,75678640,111990334,187668974,0,0,0,16896,2,2151649760
17996,75682720,132405624,208088344,2,0,1,1536,12,4289182651
17997,75682851,132406876,208089727,5,0,1,14848,13,5696476116
17998,75683791,132487977,208171768,1,0,1,2048,15,7169716773
17999,75684211,132521194,208205405,1,0,1,14848,15,7819607297
18000,75685651,132519785,208205436,6,0,1,2048,13,8623948202
18001,75687681,132517778,208205459,5,0,1,1024,13,256607625
18002,75687980,111723596,187411576,3,0,0,10240,1,3807221257
18003,75688481,132517001,208205482,1,0,1,12288,15,9041036847
18004,75690910,132558555,208249465,4,0,1,6144,16,2559520246
18005,75693630,112073000,187766630,8,0,0,13312,17,7552681520
18006,75693870,111556966,187250836,8,0,0,9216,17,1339404230
18007,75700100,111400523,187100623,2,0,0,14336,12,3866129858
18008,75700570,111907521,187608091,3,0,0,89600,1,10493870318
18009,75700790,111682949,187383739,8,0,0,16896,17,3518652810
18010,75702790,111393434,187096224,8,0,0,18432,17,5120259179
18011,75704080,113298453,189002533,3,0,0,8704,1,10231214071
18012,75705080,112119756,187824836,6,0,0,33280,13,4283251433
18013,75707320,111343133,187050453,9,0,0,3072,13,6307978222
18014,75708780,132541453,208250233,4,0,1,11776,16,1032610168
18015,75714830,113516784,189231614,6,0,0,40448,13,9988332518
18016,75717890,111862878,187580768,7,0,0,47616,4,2833997437
18017,75721700,132593327,208315027,4,0,1,1536,16,10200990854
18018,75732370,111770772,187503142,6,0,0,7680,13,8199171792
18019,75737970,111991544,187729514,1,0,0,54272,15,9681172964
18020,75743150,111614649,187357799,0,0,0,6656,2,5857866704
18021,75750070,111514305,187264375,7,0,0,25088,4,2901268284
18022,75752640,111861924,187614564,7,0,0,17408,4,2796386239
18023,75755410,111751031,187506441,5,0,0,10752,13,6543787904
18024,75759790,132556620,208316410,4,0,1,14848,16,2947408669
18025,75760419,111496235,187256654,7,0,0,13824,4,2705620394
18026,75770370,113229145,188999515,8,0,0,46592,17,928961321
18027,75778190,111786152,187564342,9,0,0,66048,13,9707131340
18028,75783780,132604922,208388702,4,0,1,22016,16,1029244045
18029,75788730,112014373,187803103,0,0,0,4096,2,9313577336
18030,75792010,111460409,187252419,8,0,0,5120,17,6996682487
18031,75800750,111356150,187156900,6,0,0,9728,13,6371107176
18032,75803270,111575298,187378568,8,0,0,8704,17,7769475848
18033,75813440,111594993,187408433,0,0,0,8704,2,2338629507
18034,75814470,132629222,208443692,7,0,1,6144,4,5087367291
18035,75818981,132705892,208524873,0,0,1,5632,2,8047868200
18036,75820210,112141264,187961474,5,0,0,11776,13,3072835064
18037,75822620,113226573,189049193,8,0,0,5120,17,5966729528
18038,75836340,111631899,187468239,3,0,0,23552,1,6269683119
18039,75837500,132721978,208559478,4,0,1,3072,16,7478376704
18040,75837840,132722944,208560784,8,0,1,2048,17,7246815185
18041,75840470,111646402,187486872,8,0,0,35840,17,3012036429
18042,75853920,112231472,188085392,9,0,0,29184,13,9101949190
18043,75854240,111802601,187656841,1,0,0,23552,15,5911386754
18044,75857000,132704552,208561552,7,0,1,11776,4,6131282715
18045,75858300,111707937,187566237,9,0,0,6144,13,9139161559
18046,75861941,132700277,208562218,6,0,1,1024,13,5130915564
18047,75865530,132721440,208586970,4,0,1,38912,16,9682642954
18048,75883650,111735149,187618799,6,0,0,13824,13,9564999996
18049,75884310,111763437,187647747,9,0,0,1024,13,4500794591
18050,75889250,111743635,187632885,6,0,0,9216,13,2525073219
18051,75894820,111581109,187475929,6,0,0,6144,13,9924187839
18052,75901579,111745833,187647412,7,0,0,24064,4,8422621636
18053,75904410,111448773,187353183,9,0,0,1024,13,4278367934
18054,75912251,132726643,208638894,5,0,1,6656,13,5425812378
18055,75915130,111758552,187673682,9,0,0,11264,13,5871960182
18056,75915410,112332252,188247662,0,0,0,36352,2,6742820822
18057,75918010,132730898,208648908,8,0,1,5632,17,8451135809
18058,75927000,112210657,188137657,3,0,0,37888,1,487385590
18059,75928671,132846855,208775526,0,0,1,33280,2,7199726242
18060,75935410,111420338,187355748,3,0,0,4608,1,8518020991
18061,75942850,112029712,187972562,3,0,0,17920,1,4570237976
18062,75943010,113269026,189212036,3,0,0,61440,1,181005110
18063,75948480,132827061,208775541,7,0,1,9216,4,3699412733
18064,75958099,112384383,188342482,7,0,0,37888,4,10331167157
18065,75959570,132872600,208832170,8,0,1,10240,17,10245697714
18066,75964420,111782001,187746421,8,0,0,10752,17,4745782414
18067,75969470,132862715,208832185,3,0,1,2560,1,7938585451
18068,75969891,132886838,208856729,9,0,1,17920,13,3805420994
18069,75975170,111705170,187680340,9,0,0,6144,13,3786627809
18070,75980050,132877038,208857088,2,0,1,9728,12,10355278574
18071,75981451,132877111,208858562,9,0,1,11264,13,8325664236
18072,75981530,112322148,188303678,6,0,0,58880,13,1847197156
18073,75986570,111622667,187609237,8,0,0,3584,17,3688789456
18074,75989270,112864887,188854157,9,0,0,28672,13,9860311897
18075,76000730,112924806,188925536,9,0,0,25088,13,8612238590
18076,76002910,111703824,187706734,2,0,0,15872,12,3931246938
18077,76007080,112677748,188684828,5,0,0,3584,13,5284590328
18078,76007160,111829904,187837064,5,0,0,8704,13,682051504
18079,76010110,112463620,188473730,9,0,0,14848,13,1779865098
18080,76013029,111664965,187677994,7,0,0,12288,4,9074374206
18081,76024210,132835978,208860188,3,0,1,2560,1,420273895
18082,76031430,112003166,188034596,3,0,0,108032,1,2171800748
18083,76037939,111883829,187921768,7,0,0,7168,4,5435197304
18084,76038830,111957744,187996574,5,0,0,31744,13,3795427662
18085,76040560,113307896,189348456,8,0,0,14848,17,2026873882
18086,76045211,132815963,208861174,9,0,1,1536,13,3694413551
18087,76045741,132818493,208864234,0,0,1,15872,2,6583401564
18088,76049471,132817599,208867070,5,0,1,21504,13,933092969
18089,76050979,111718326,187769305,7,0,0,8704,4,8085088253
18090,76052950,132963914,209016864,4,0,1,48640,16,2069159584
18091,76057899,111821494,187879393,7,0,0,2560,4,9802595658
18092,76059149,111771170,187830319,7,0,0,17920,4,1808266541
18093,76059560,113370809,189430369,5,0,0,13312,13,815196928
18094,76059590,132957289,209016879,2,0,1,512,12,7598781459
18095,76068091,132949333,209017424,9,0,1,1024,13,821965372
18096,76086900,111777211,187864111,8,0,0,43008,17,2976604020
18097,76088100,132934509,209022609,4,0,1,16384,16,7867458644
18098,76089631,132947131,209036762,5,0,1,5120,13,4655813300
18099,76093790,111740599,187834389,8,0,0,5632,17,10502478800
18100,76100920,112316507,188417427,6,0,0,20992,13,8851479623
18101,76103600,112994259,189097859,6,0,0,29696,13,4433428184
18102,76110340,111991234,188101574,8,0,0,36352,17,8760876614
18103,76118530,113263144,189381674,5,0,0,56832,13,6780493761
18104,76139371,132898057,209037428,9,0,1,1024,13,2102753415
18105,76141529,112009146,188150675,7,0,0,18944,4,6228385589
18106,76143720,112187179,188330899,3,0,0,58368,1,5319383530
18107,76144630,113168919,189313549,8,0,0,65536,17,2413445546
18108,76145840,111791682,187937522,6,0,0,17408,13,9473079584
18109,76146610,111853994,188000604,0,0,0,11264,2,9279627399
18110,76149340,111729250,187878590,0,0,0,11776,2,10612939999
18111,76152920,112347582,188500502,8,0,0,29696,17,3970123202
18112,76155100,132943180,209098280,2,0,1,18432,12,882186470
18113,76182720,112351189,188533909,9,0,0,109568,13,5555070385
18114,76189100,111857086,188046186,6,0,0,6656,13,3128743049
18115,76191500,111852635,188044135,5,0,0,31232,13,51292840
18116,76201141,132900445,209101586,9,0,1,12800,13,4231397170
18117,76225359,112355994,188581353,7,0,0,41472,4,10499955039
18118,76233290,112207806,188441096,5,0,0,6144,13,331425890
18119,76235010,111891080,188126090,8,0,0,40448,17,6311426471
18120,76236060,112373999,188610059,6,0,0,12288,13,4718074446
18121,76236070,132865531,209101601,8,0,1,3072,17,5158062292
18122,76238480,132863136,209101616,7,0,1,1024,4,273743181
18123,76238670,112074235,188312905,3,0,0,30208,1,9062039658
18124,76243819,111804730,188048549,7,0,0,7680,4,6318518349
18125,76253129,112401916,188655045,7,0,0,18944,4,7776556903
18126,76254660,112147999,188402659,8,0,0,9728,17,4735036883
18127,76262480,132839151,209101631,8,0,1,9728,17,8848729191
18128,76270220,112470936,188741156,0,0,0,27136,2,54289916
18129,76275430,113293463,189568893,0,0,0,75776,2,8921766051
18130,76279510,111865370,188144880,6,0,0,9216,13,112832105
18131,76283161,132818485,209101646,6,0,1,21504,13,8093453325
18132,76292039,132838341,209130380,4,0,1,1024,16,6581703802
18133,76292530,112293994,188586524,6,0,0,16896,13,9726791830
18134,76299410,132830985,209130395,7,0,1,5120,4,6981778833
18135,76304040,111838009,188142049,5,0,0,13312,13,355057564
18136,76309940,112247709,188557649,3,0,0,33792,1,173096951
18137,76313249,112818531,189131780,7,0,0,27648,4,1230979595
18138,76320700,111882908,188203608,6,0,0,26112,13,10251225003
18139,76322250,112663046,188985296,5,0,0,59904,13,1498106319
18140,76323220,112557644,188880864,5,0,0,34816,13,1548577864
18141,76324920,112390049,188714969,5,0,0,36864,13,2399688973
18142,76328130,112451285,188779415,9,0,0,15360,13,1687414306
18143,76329840,111934289,188264129,9,0,0,24576,13,7723889756
18144,76347191,132798537,209145728,1,0,1,9216,15,3589762828
18145,76348150,113658125,190006275,8,0,0,37376,17,6958355387
18146,76348901,132800757,209149658,5,0,1,7168,13,8852836729
18147,76349290,113341996,189691286,9,0,0,97792,13,773400220
18148,76351510,112001478,188352988,3,0,0,20992,1,9849661760
18149,76356499,113727380,190083879,7,0,0,7168,4,9210760462
18150,76360101,132789572,209149673,5,0,1,2560,13,1804828825
18151,76363500,112553173,188916673,9,0,0,46592,13,6429368030
18152,76364660,111948424,188313084,8,0,0,512,17,4353962890
18153,76376540,111970029,188346569,3,0,0,13312,1,4814337436
18154,76380420,112510763,188891183,9,0,0,33792,13,3325695145
18155,76387139,112473304,188860443,7,0,0,20480,4,4371492897
18156,76393450,112140707,188534157,5,0,0,512,13,1429453789
18157,76395701,132753987,209149688,9,0,1,14848,13,5119142453
18158,76419641,132730062,209149703,1,0,1,15872,15,494948604
18159,76425210,112574640,188999850,7,0,0,1024,4,3362066742
18160,76427320,111982694,188410014,9,0,0,24064,13,8462429814
18161,76427431,132727156,209154587,5,0,1,512,13,7814315299
18162,76427970,113363366,189791336,6,0,0,102400,13,1499509430
18163,76429020,112017290,188446310,8,0,0,3072,17,10651677936
18164,76437551,132720262,209157813,0,0,1,5120,2,7102752538
18165,76437981,132724699,209162680,6,0,1,4608,13,9817815425
18166,76448909,132721199,209170108,4,0,1,9728,16,3867203313
18167,76449670,132721424,209171094,8,0,1,1536,17,1168172982
18168,76455921,132716146,209172067,0,0,1,12800,2,3581828316
18169,76461700,112596154,189057854,9,0,0,19456,13,9731627474
18170,76461960,112656982,189118942,9,0,0,69120,13,8747147219
18171,76462530,112324928,188787458,6,0,0,1536,13,3056747799
18172,76466600,112435846,188902446,0,0,0,36864,2,3187662767
18173,76467280,112864613,189331893,1,0,0,23040,15,835703250
18174,76471910,112339355,188811265,5,0,0,4096,13,3413541420
18175,76474110,113847291,190321401,7,0,0,62464,4,9804115206
18176,76481450,112944840,189426290,9,0,0,110080,13,7145810991
18177,76484140,112655931,189140071,8,0,0,27136,17,5239330476
18178,76484680,112808878,189293558,6,0,0,36864,13,4514891092
18179,76486150,112829450,189315600,3,0,0,6656,1,3791071166
18180,76487990,113328696,189816686,5,0,0,22528,13,3871677478
18181,76488750,132686644,209175394,3,0,1,1024,1,1444004515
18182,76496440,113333997,189830437,8,0,0,45056,17,10621376426
18183,76502761,132731563,209234324,5,0,1,15872,13,10295288903
18184,76510730,112631860,189142590,5,0,0,8192,13,7243838135
18185,76512571,132721768,209234339,6,0,1,4096,13,4425293492
18186,76512710,112404766,188917476,8,0,0,2560,17,5837004487
18187,76513360,112762444,189275804,0,0,0,1536,2,8911022039
18188,76515170,113364839,189880009,6,0,0,6656,13,10075943961
18189,76519310,113086206,189605516,6,0,0,59392,13,7356380355
18190,76522780,113533941,190056721,3,0,0,25600,1,8034070253
18191,76524350,113973242,190497592,5,0,0,31232,13,4683836154
18192,76528040,113599248,190127288,0,0,0,60416,2,3744994320
18193,76534560,112994078,189528638,6,0,0,14336,13,6811778650
18194,76539300,112218922,188758222,9,0,0,5632,13,6224758419
18195,76539880,112473908,189013788,6,0,0,36864,13,10221241730
18196,76542370,113898123,190440493,5,0,0,15360,13,5311720169
18197,76544480,132689874,209234354,7,0,1,14848,4,1716880376
18198,76551680,112395922,188947602,9,0,0,10752,13,3913296717
18199,76553550,112535238,189088788,6,0,0,9216,13,2414730607
18200,76556150,132678219,209234369,7,0,1,9728,4,3638479751
18201,76565981,132668403,209234384,9,0,1,3072,13,6973214594
18202,76567330,112504407,189071737,8,0,0,16896,17,8922610875
18203,76568410,112554923,189123333,9,0,0,14336,13,8397853253
18204,76569310,113582984,190152294,3,0,0,81920,1,317757075
18205,76571090,112697642,189268732,0,0,0,24576,2,9921366115
18206,76573730,112938174,189511904,8,0,0,16896,17,3660305882
18207,76586010,112345165,188931175,3,0,0,18432,1,6664881803
18208,76590090,132644309,209234399,8,0,1,9728,17,5260848570
18209,76590680,112771158,189361838,5,0,0,30720,13,4435614111
18210,76593909,132640505,209234414,4,0,1,1024,16,4048048329
18211,76602870,132631559,209234429,4,0,1,5632,16,872343933
18212,76605370,113226502,189831872,9,0,0,4608,13,8230640123
18213,76615480,112709370,189324850,6,0,0,25600,13,10664836751
18214,76615930,113570807,190186737,3,0,0,512,1,4904213807
18215,76617570,112745539,189363109,8,0,0,4096,17,1019050096
18216,76622970,114086432,190709402,5,0,0,24576,13,3298195963
18217,76641800,113544735,190186535,0,0,0,35840,2,2870707963
18218,76645960,113348881,189994841,9,0,0,69632,13,4224903512
18219,76648271,132586173,209234444,5,0,1,18432,13,9220317362
18220,76649270,113646271,190295541,6,0,0,24576,13,4359143680
18221,76652170,112580091,189232261,9,0,0,2048,13,5657580976
18222,76660580,112771840,189432420,3,0,0,6656,1,5022872237
18223,76676760,113770986,190447746,6,0,0,5632,13,7110425089
18224,76689131,132561062,209250193,6,0,1,9216,13,8899853714
18225,76689351,132566633,209255984,6,0,1,2560,13,8175146194
18226,76691580,112453028,189144608,8,0,0,5632,17,3182905308
18227,76703191,132553779,209256970,5,0,1,1536,13,5670119747
18228,76709651,132571239,209280890,5,0,1,20992,13,1778676812
18229,76711690,112790554,189502244,5,0,0,48128,13,2557840623
18230,76711920,112862175,189574095,5,0,0,16896,13,6681795470
18231,76721410,112467172,189188582,9,0,0,7680,13,749647841
18232,76723591,132557314,209280905,0,0,1,8704,2,5548631265
18233,76746200,112447093,189193293,5,0,0,6144,13,9056098678
18234,76753430,112792352,189545782,8,0,0,27648,17,2712958771
18235,76753611,132537881,209291492,0,0,1,12288,2,4461376022
18236,76755971,132544533,209300504,1,0,1,14336,15,5164704240
18237,76760400,112556627,189317027,1,0,0,4608,15,65344596
18238,76765990,112876372,189642362,3,0,0,26624,1,8474002318
18239,76776050,112969007,189745057,8,0,0,10752,17,4449727962
18240,76783180,132518310,209301490,8,0,1,1536,17,4458345995
18241,76790071,132512725,209302796,6,0,1,2048,13,5614028263
18242,76792040,112902857,189694897,5,0,0,11776,13,10560665374
18243,76792320,113016470,189808790,9,0,0,17408,13,5689958421
18244,76797710,112542326,189340036,8,0,0,26624,17,4629386097
18245,76798200,112936904,189735104,6,0,0,12288,13,9605824209
18246,76800840,112672544,189473384,0,0,0,62976,2,4219721560
18247,76816170,113974300,190790470,8,0,0,66560,17,3550733717
18248,76816440,112720895,189537335,8,0,0,26112,17,8467237763
18249,76817340,113755142,190572482,5,0,0,97792,13,3647505223
18250,76819330,113032660,189851990,6,0,0,17408,13,1894231062
18251,76823620,113274918,190098538,3,0,0,29184,1,5995675321
18252,76823850,114089626,190913476,5,0,0,86016,13,7885276032
18253,76829820,114177319,191007139,9,0,0,21504,13,9794064635
18254,76836670,113542369,190379039,6,0,0,26624,13,626504645
18255,76839640,112960501,189800141,9,0,0,16896,13,9965395936
18256,76857370,113604388,190461758,6,0,0,5120,13,6163409598
18257,76860970,113247887,190108857,0,0,0,33792,2,9388624709
18258,76863550,113185325,190048875,3,0,0,50176,1,9964177459
18259,76868460,113006960,189875420,8,0,0,3072,17,1952754190
18260,76878300,113309552,190187852,0,0,0,3584,2,7552088652
18261,76884120,112857638,189741758,5,0,0,15872,13,4637297736
18262,76908881,132399061,209307942,0,0,1,8192,2,450888360
18263,76925030,113502461,190427491,4,0,0,69120,16,1811936642
18264,76928910,113246682,190175592,3,0,0,70656,1,4304769642
18265,76929571,132379651,209309222,5,0,1,14336,13,4751477826
18266,76939290,113775466,190714756,3,0,0,10752,1,941230834
18267,76947370,112847577,189794947,0,0,0,11776,2,886793523
18268,76950020,112765536,189715556,6,0,0,3584,13,4700337099
18269,76952920,113333916,190286836,5,0,0,16896,13,9403237207
18270,76953180,113377760,190330940,3,0,0,31232,1,7331204322
18271,76973400,132348837,209322237,3,0,1,512,1,10549478833
18272,76990210,112887748,189877958,6,0,0,6144,13,362485448
18273,76992720,113303949,190296669,9,0,0,3072,13,8482271287
18274,76999120,112929464,189928584,8,0,0,4096,17,10066821224
18275,77001980,112857521,189859501,6,0,0,24576,13,10076085067
18276,77004890,113813752,190818642,8,0,0,47104,17,9942284181
18277,77017560,112827002,189844562,5,0,0,3072,13,4689678974
18278,77018480,113524160,190542640,0,0,0,73216,2,2820228741
18279,77025320,113312507,190337827,9,0,0,22528,13,5708126224
18280,77027080,113416400,190443480,5,0,0,9728,13,6405497116
18281,77027200,112932529,189959729,8,0,0,10240,17,5390476996
18282,77041410,112818894,189860304,9,0,0,2560,13,7907487199
18283,77042200,112801395,189843595,4,0,0,38400,16,5524612908
18284,77047430,114039011,191086441,5,0,0,3072,13,4305246996
18285,77051520,112581788,189633308,6,0,0,1536,13,857599270
18286,77053090,132276464,209329554,2,0,1,28160,12,5990085375
18287,77053750,112662921,189716671,4,0,0,3584,16,7017747086
18288,77060011,132276996,209337007,5,0,1,512,13,1488670748
18289,77063450,112904391,189967841,8,0,0,11264,17,3471994713
18290,77072030,113195364,190267394,4,0,0,1024,16,3027934701
18291,77074520,112837106,189911626,9,0,0,17408,13,1737121416
18292,77079490,132257773,209337263,3,0,1,9216,1,6648986369
18293,77096150,113581725,190677875,4,0,0,17920,16,2332945715
18294,77102990,113529260,190632250,0,0,0,13312,2,1890937360
18295,77105190,112920372,190025562,0,0,0,8704,2,5497616478
18296,77107751,132240775,209348526,6,0,1,4096,13,3156899815
18297,77111060,113870559,190981619,4,0,0,68096,16,8796570633
18298,77114020,113131286,190245306,1,0,0,19968,15,3770164876
18299,77115320,132240800,209356120,4,0,1,9728,16,5255743557
18300,77125780,112941470,190067250,8,0,0,4608,17,9110228568
18301,77126339,132261141,209387480,4,0,1,13824,16,5172669703
18302,77127791,132260035,209387826,9,0,1,512,13,2347865233
18303,77128780,113277628,190406408,4,0,0,27136,16,8611412338
18304,77131940,113658709,190790649,6,0,0,512,13,4424720400
18305,77132721,132258651,209391372,5,0,1,5632,13,9592409119
18306,77138090,112924114,190062204,6,0,0,17920,13,4477217969
18307,77150580,113990073,191140653,5,0,0,6656,13,535138339
18308,77155080,112998953,190154033,8,0,0,5632,17,1265618858
18309,77161670,132233248,209394918,7,0,1,5632,4,3685925468
18310,77161770,132238653,209400423,8,0,1,17920,17,807461869
18311,77168351,132233058,209401409,6,0,1,1536,13,4170175216
18312,77171030,112910130,190081160,0,0,0,8192,2,3738340588
18313,77171081,132233874,209404955,1,0,1,5632,15,6548488133
18314,77178549,132227738,209406287,4,0,1,2048,16,915142621
18315,77179150,112886673,190065823,5,0,0,11776,13,8682286813
18316,77189480,113016192,190205672,6,0,0,46592,13,8629829267
18317,77192730,114001085,191193815,9,0,0,19456,13,2293855532
18318,77193631,132216202,209409833,5,0,1,5632,13,1666910251
18319,77196370,113308733,190505103,6,0,0,24576,13,5839069090
18320,77199150,113198967,190398117,9,0,0,54272,13,9488123494
18321,77205870,132205909,209411779,7,0,1,3072,4,1764339089
18322,77211280,113927322,191138602,4,0,0,19968,16,5301156623
18323,77212070,113731404,190943474,9,0,0,93696,13,3130701596
18324,77221220,113004104,190225324,6,0,0,1536,13,5507446591
18325,77224530,114082967,191307497,6,0,0,32256,13,8966676487
18326,77230750,112977908,190208658,5,0,0,512,13,10087376302
18327,77236570,113998566,191235136,0,0,0,28160,2,34457850
18328,77242051,132176180,209418231,1,0,1,10240,15,207576442
18329,77242450,132176447,209418897,4,0,1,1024,16,10657527078
18330,77243300,113192482,190435782,6,0,0,27136,13,4687020364
18331,77244990,113136568,190381558,5,0,0,8192,13,5667832496
18332,77251780,113343300,190595080,4,0,0,53760,16,1953963702
18333,77268260,132153543,209421803,8,0,1,4608,17,6246183890
18334,77275210,113338169,190613379,8,0,0,45568,17,1810410572
18335,77277380,113176964,190454344,5,0,0,20992,13,850922043
18336,77284760,113339965,190624725,5,0,0,1024,13,2751853634
18337,77288880,113171126,190460006,4,0,0,2048,16,7871064610
18338,77291321,132131148,209422469,5,0,1,1024,13,2778567437
18339,77299421,132123714,209423135,6,0,1,1024,13,7763034445
18340,77303770,113155589,190459359,0,0,0,16384,2,9964638316
18341,77307350,113138657,190446007,4,0,0,8192,16,7499439212
18342,77310070,113137855,190447925,4,0,0,512,16,7825394747
18343,77311990,132112131,209424121,3,0,1,1536,1,9607064567
18344,77319920,113484347,190804267,0,0,0,31744,2,465377709
18345,77327720,113502177,190829897,0,0,0,36864,2,9024664333
18346,77347310,132081317,209428627,8,0,1,7168,17,2615943415
18347,77347700,113499871,190847571,0,0,0,1536,2,8481405373
18348,77355760,113152330,190508090,6,0,0,9728,13,7873286002
18349,77359090,113290331,190649421,0,0,0,5120,2,5130249193
18350,77361880,113273357,190635237,8,0,0,9728,17,6203163834
18351,77362710,113660896,191023606,6,0,0,12800,13,2901066499
18352,77362910,132067343,209430253,3,0,1,2560,1,2567183118
18353,77365161,132071224,209436385,1,0,1,9728,15,10144699371
18354,77370141,132066808,209436949,9,0,1,10752,13,6244115870
18355,77372710,113627363,191000073,9,0,0,51200,13,10557200507
18356,77374440,114361720,191736160,9,0,0,59904,13,2153258414
18357,77377920,113568720,190946640,0,0,0,8704,2,9929985819
18358,77378141,132071456,209449597,1,0,1,30208,15,5900211167
18359,77382990,113288111,190671101,4,0,0,18944,16,4357544113
18360,77383391,132113161,209496552,0,0,1,17920,2,9052399829
18361,77385850,114198768,191584618,8,0,0,47616,17,1116031260
18362,77391730,114053966,191445696,0,0,0,20992,2,9452210192
18363,77392390,113905256,191297646,2,0,0,30720,12,3486302099
18364,77393950,113453130,190847080,2,0,0,56320,12,8693815964
18365,77396280,113558518,190954798,9,0,0,8192,13,1813864899
18366,77396760,113305131,190701891,0,0,0,6144,2,7835942482
18367,77396870,113217647,190614517,0,0,0,3584,2,6410397300
18368,77402140,113933574,191335714,0,0,0,14336,2,7747926757
18369,77410370,114142512,191552882,8,0,0,6144,17,3079474490
18370,77413150,113714760,191127910,9,0,0,65536,13,7155858046
18371,77421551,132075016,209496567,1,0,1,6656,15,4562473867
18372,77422101,132074481,209496582,6,0,1,2560,13,7055257736
18373,77438550,113599768,191038318,1,0,0,5632,15,4366264578
18374,77440260,113418410,190858670,8,0,0,36352,17,8559320866
18375,77444790,113641830,191086620,5,0,0,512,13,1327499786
18376,77454000,113631482,191085482,1,0,0,6656,15,1640345748
18377,77455630,114050022,191505652,5,0,0,51712,13,8777041845
18378,77456020,113591481,191047501,2,0,0,13312,12,7723246782
18379,77473771,132022826,209496597,5,0,1,512,13,5629739222
18380,77480870,114084968,191565838,0,0,0,6144,2,1406647313
18381,77481640,113662114,191143754,5,0,0,4096,13,9169637527
18382,77482230,113576128,191058358,1,0,0,20992,15,91047649
18383,77485380,114065607,191550987,8,0,0,11776,17,8570727117
18384,77496420,113488030,190984450,5,0,0,9216,13,8566547001
18385,77498070,113667628,191165698,6,0,0,33280,13,3109947408
18386,77498591,131998021,209496612,6,0,1,25088,13,1866813903
18387,77499720,113752842,191252562,6,0,0,30208,13,5099221379
18388,77501301,131995326,209496627,5,0,1,1536,13,1434183443
18389,77515750,113278822,190794572,3,0,0,12800,1,7917245032
18390,77517980,114150488,191668468,8,0,0,4096,17,4418709013
18391,77529020,114303360,191832380,2,0,0,79872,12,8368123780
18392,77534361,131962281,209496642,6,0,1,512,13,3566625139
18393,77535460,113884112,191419572,8,0,0,16384,17,3573832643
18394,77537870,114317511,191855381,5,0,0,17920,13,5485134583
18395,77539930,113412349,190952279,0,0,0,18432,2,8883519050
18396,77540170,113333692,190873862,8,0,0,15872,17,6044028060
18397,77541830,113974453,191516283,9,0,0,34816,13,2882850917
18398,77544680,113467006,191011686,8,0,0,14848,17,4066960761
18399,77545610,113415006,190960616,9,0,0,6144,13,8256087782
18400,77545780,113369123,190914903,3,0,0,4608,1,3078967273
18401,77550670,113449894,191000564,2,0,0,1536,12,1227545925
18402,77551380,113729068,191280448,0,0,0,2048,2,731595665
18403,77553351,131943306,209496657,6,0,1,8704,13,2735252886
18404,77555080,113193772,190748852,4,0,0,4608,16,10173703652
18405,77558180,114310195,191868375,2,0,0,17920,12,826979200
18406,77560240,114093288,191653528,6,0,0,19968,13,1937905566
18407,77566680,113377285,190943965,2,0,0,1536,12,7392347081
18408,77572120,113471302,191043422,4,0,0,13312,16,4986259806
18409,77573981,131933522,209507503,0,0,1,9216,2,9969900688
18410,77576010,131932479,209508489,8,0,1,1536,17,7303266890
18411,77581420,114175105,191756525,3,0,0,5632,1,6885588619
18412,77587670,114261425,191849095,6,0,0,54784,13,3782254695
18413,77589791,131941063,209530854,5,0,1,11776,13,5881387836
18414,77594970,113721130,191316100,3,0,0,28160,1,2703732113
18415,77596471,131947902,209544373,9,0,1,7168,13,1923188585
18416,77596670,114077554,191674224,5,0,0,14336,13,6294475671
18417,77597720,113667536,191265256,8,0,0,31232,17,1823556054
18418,77604260,113354461,190958721,8,0,0,12800,17,10090682231
18419,77604460,113671330,191275790,3,0,0,24064,1,9424095835
18420,77604620,113496684,191101304,6,0,0,512,13,4774983548
18421,77610380,114197641,191808021,3,0,0,51712,1,2530131342
18422,77610460,113770758,191381218,1,0,0,22528,15,10680314602
18423,77617121,131934750,209551871,5,0,1,6656,13,6668219075
18424,77618520,113649411,191267931,2,0,0,8704,12,7725506751
18425,77622350,114035101,191657451,1,0,0,12800,15,3775706038
18426,77623140,113924236,191547376,5,0,0,72704,13,9842341383
18427,77648870,113606550,191255420,2,0,0,2048,12,5431648754
18428,77649590,114325730,191975320,6,0,0,11776,13,10408954249
18429,77664340,113979751,191644091,8,0,0,54784,17,8359679467
18430,77669620,114341030,192010650,2,0,0,43008,12,4731905714
18431,77672140,114237145,191909285,3,0,0,23040,1,2802498800
18432,77686231,131866306,209552537,5,0,1,1024,13,10590339377
18433,77688740,113547946,191236686,3,0,0,2048,1,4659306192
18434,77689521,131864962,209554483,0,0,1,3072,2,3237330026
18435,77690510,113441947,191132457,2,0,0,14848,12,406650690
18436,77690520,113506028,191196548,9,0,0,2048,13,1692596557
18437,77690530,114064256,191754786,2,0,0,39424,12,7518292361
18438,77691161,131865268,209556429,5,0,1,3072,13,262489591
18439,77698929,113674047,191372976,7,0,0,4608,4,247250377
18440,77700289,114518511,192218800,7,0,0,42496,4,10324623404
18441,77702090,114614793,192316883,3,0,0,61952,1,10207220100
18442,77702640,114435025,192137665,6,0,0,35328,13,10567229828
18443,77704480,113888204,191592684,7,0,0,18944,4,5585625220
18444,77704630,114240788,191945418,9,0,0,27648,13,6685551752
18445,77708459,114263250,191971709,7,0,0,36352,4,8450002386
18446,77709160,114216840,191926000,6,0,0,54784,13,7677850063
18447,77709721,131848014,209557735,6,0,1,2048,13,7705333711
18448,77710500,113916876,191627376,8,0,0,30720,17,7689445534
18449,77713761,131846880,209560641,9,0,1,4608,13,9481497430
18450,77720420,113521617,191242037,8,0,0,10240,17,1227564323
18451,77723660,114437376,192161036,4,0,0,68096,16,9206867771
18452,77728370,113919051,191647421,3,0,0,8192,1,134734970
18453,77735160,114356033,192091193,3,0,0,58880,1,4620349643
18454,77735181,131826766,209561947,9,0,1,2048,13,7860423911
18455,77736320,113972110,191708430,1,0,0,13312,15,3347588809
18456,77743360,114605527,192348887,3,0,0,49152,1,7380548124
18457,77745290,114460539,192205829,6,0,0,27136,13,2534046115
18458,77749530,114360224,192109754,8,0,0,512,17,10569851011
18459,77751250,113723302,191474552,8,0,0,8192,17,8324871145
18460,77752170,113605839,191358009,0,0,0,14336,2,4731963214
18461,77753380,114123437,191876817,4,0,0,15360,16,2758353899
18462,77755420,114717643,192473063,1,0,0,39936,15,8925784291
18463,77762730,114289829,192052559,9,0,0,73728,13,2765179095
18464,77763440,113790713,191554153,9,0,0,4096,13,1591071302
18465,77765090,113901232,191666322,3,0,0,10752,1,3956778527
18466,77783449,114504870,192288319,7,0,0,10240,4,7019575545
18467,77785700,114735011,192520711,0,0,0,42496,2,6218504763
18468,77786810,113815882,191602692,2,0,0,9728,12,9127560487
18469,77787760,114075132,191862892,1,0,0,24576,15,9345706610
18470,77790050,114812995,192603045,3,0,0,113664,1,10193982508
18471,77791799,114860757,192652556,7,0,0,12800,4,5682123508
18472,77793210,114456710,192249920,8,0,0,13824,17,6878038709
18473,77799909,113844993,191644902,7,0,0,2560,4,5172458326
18474,77804790,113885828,191690618,6,0,0,10240,13,7279831167
18475,77807360,114621846,192429206,3,0,0,43008,1,1768372692
18476,77810250,114697490,192507740,2,0,0,12800,12,6817204867
18477,77812000,113875475,191687475,4,0,0,23552,16,1215995454
18478,77812330,114140287,191952617,8,0,0,23552,17,9160529958
18479,77820440,113849218,191669658,1,0,0,1536,15,8282382895
18480,77827011,131739762,209566773,6,0,1,7680,13,9628059462
18481,77848031,131724733,209572764,0,0,1,22528,2,5874515072
18482,77850650,114483238,192333888,2,0,0,18432,12,10122792724
18483,77852650,114470619,192323269,2,0,0,5120,12,7802995709
18484,77854330,114900523,192754853,0,0,0,111616,2,4190902816
18485,77854890,114247722,192102612,5,0,0,37376,13,6404203606
18486,77861440,114787193,192648633,6,0,0,31744,13,9771668357
18487,77866710,114392538,192259248,8,0,0,10752,17,9378898358
18488,77867611,131707739,209575350,9,0,1,4096,13,9238724199
18489,77868109,114367163,192235272,7,0,0,7680,4,8623538378
18490,77871470,114615917,192487387,3,0,0,28672,1,9492704720
18491,77873570,114185422,192058992,0,0,0,1024,2,5664569562
18492,77878180,114886836,192765016,8,0,0,33280,17,4312708525
18493,77882300,114959598,192841898,4,0,0,1024,16,5965868445
18494,77883650,114070550,191954200,8,0,0,5120,17,3309626993
18495,77888530,113961368,191849898,6,0,0,2560,13,4015581085
18496,77890660,114004816,191895476,3,0,0,10240,1,10712581951
18497,77902601,131676935,209579536,1,0,1,6656,15,1666317291
18498,77905990,114445416,192351406,2,0,0,8192,12,7603812951
18499,77906740,131694399,209601139,4,0,1,2048,16,9920180185
18500,77910581,131697397,209607978,5,0,1,3584,13,9474424633
18501,77911749,131699775,209611524,4,0,1,5632,16,9033955839
18502,77914141,131698689,209612830,5,0,1,2048,13,7500841194
18503,77915210,114014401,191929611,8,0,0,11776,17,4060423044
18504,77916030,114759619,192675649,6,0,0,49664,13,10368873454
18505,77931390,114266148,192197538,0,0,0,26112,2,4240344223
18506,77932370,131684006,209616376,3,0,1,5632,1,2160692546
18507,77934890,115541371,193476261,0,0,0,41984,2,5983391088
18508,77944719,114182159,192126878,7,0,0,16384,4,5517125477
18509,77946580,114048212,191994792,6,0,0,18432,13,7973620875
18510,77956800,114821397,192778197,9,0,0,10752,13,1994719023
18511,77962080,113992455,191954535,9,0,0,1024,13,1010351088
18512,77962139,114691688,192653827,7,0,0,4096,4,10595100058
18513,77966789,114318387,192285176,7,0,0,60928,4,8389892390
18514,77970480,114683838,192654318,1,0,0,1536,15,7318836186
18515,77975520,114097710,192073230,0,0,0,9216,2,8056423905
18516,77979310,115266078,193245388,0,0,0,67072,2,4289555814
18517,77984769,114714522,192699291,7,0,0,50176,4,6330489680
18518,77989570,114887480,192877050,0,0,0,23552,2,1606211801
18519,77998460,114417619,192416079,5,0,0,7680,13,9113794373
18520,78000300,114413416,192413716,1,0,0,24576,15,3915106101
18521,78003840,131612792,209616632,8,0,1,9216,17,2963363260
18522,78012330,114874269,192886599,9,0,0,17408,13,7668637590
18523,78019830,115710673,193730503,3,0,0,61440,1,7673864825
18524,78022480,114586920,192609400,3,0,0,12800,1,5600181241
18525,78022880,114785724,192808604,2,0,0,47104,12,49290684
18526,78030610,115761169,193791779,3,0,0,8704,1,3186843795
18527,78033190,115235488,193268678,5,0,0,41472,13,7881500214
18528,78039270,131582508,209621778,3,0,1,8192,1,5425409558
18529,78045140,115710735,193755875,2,0,0,21504,12,5987048875
18530,78045600,115522836,193568436,4,0,0,8704,16,5151179203
18531,78046580,114788846,192835426,4,0,0,13824,16,8590483311
18532,78047490,114385483,192432973,5,0,0,12288,13,2130679352
18533,78051590,114869520,192921110,9,0,0,22016,13,2747793124
18534,78061100,114884721,192945821,1,0,0,41984,15,6943469541
18535,78066500,114255109,192321609,2,0,0,15360,12,8269171273
18536,78073940,131550104,209624044,4,0,1,3584,16,436864409
18537,78076891,131551339,209628230,1,0,1,6656,15,699517421
18538,78082030,131548466,209630496,7,0,1,3584,4,5455619496
18539,78083220,114214764,192297984,2,0,0,16896,12,4100506805
18540,78084780,131548942,209633722,8,0,1,5120,17,53330506
18541,78085770,115876582,193962352,3,0,0,8704,1,688392092
18542,78095680,114227924,192323604,3,0,0,1024,1,10291047338
18543,78096300,115033214,193129514,9,0,0,33280,13,3299451621
18544,78098160,114254517,192352677,3,0,0,4096,1,5908204638
18545,78098220,114362652,192460872,5,0,0,27648,13,9924558436
18546,78101100,114520647,192621747,0,0,0,40448,2,2953099191
18547,78103520,114443848,192547368,6,0,0,21504,13,9324360110
18548,78107120,114849020,192956140,3,0,0,33792,1,10682576238
18549,78108990,114591751,192700741,5,0,0,4096,13,4980078224
18550,78110350,114528580,192638930,6,0,0,56320,13,8263193138
18551,78111700,131524928,209636628,8,0,1,4608,17,4365663792
18552,78117950,114854936,192972886,5,0,0,11776,13,6490978584
18553,78124510,114852923,192977433,2,0,0,14848,12,56894250
18554,78124710,114555330,192680040,6,0,0,14336,13,1554081244
18555,78130000,114475477,192605477,3,0,0,7680,1,6082337858
18556,78141901,131620927,209762828,1,0,1,240128,15,2086702514
18557,78154130,114381440,192535570,6,0,0,2560,13,3146634568
18558,78156280,114685283,192841563,2,0,0,10752,12,9438591650
18559,78156519,114542951,192699470,7,0,0,512,4,2942877519
18560,78157481,131614943,209772424,6,0,1,15872,13,1989929561
18561,78161539,116199363,194360902,7,0,0,19968,4,512209839
18562,78162060,114628697,192790757,5,0,0,6144,13,8615040200
18563,78167770,115842754,194010524,2,0,0,18432,12,7249373841
18564,78173850,114911371,193085221,8,0,0,6144,17,10542086173
18565,78184690,114336980,192521670,4,0,0,3072,16,1022894138
18566,78184990,115295084,193480074,6,0,0,8704,13,8767121909
18567,78185209,114497046,192682255,7,0,0,7168,4,2906823174
18568,78186060,131618235,209804295,3,0,1,3584,1,4885092385
18569,78193849,114344859,192538708,7,0,0,512,4,4271704289
18570,78201560,114569453,192771013,5,0,0,5632,13,3316704518
18571,78203120,114937649,193140769,6,0,0,36864,13,1451708531
18572,78204670,114455755,192660425,2,0,0,19968,12,7606617918
18573,78204960,114800499,193005459,4,0,0,7168,16,3638373938
18574,78205360,114651299,192856659,5,0,0,30208,13,2614572555
18575,78206200,114686122,192892322,0,0,0,8192,2,9218699528
18576,78215350,114834167,193049517,4,0,0,49664,16,8282836345
18577,78217290,114866036,193083326,8,0,0,43008,17,10677140960
18578,78220370,114601600,192821970,3,0,0,4096,1,4086323683
18579,78220670,114610521,192831191,2,0,0,6656,12,8329759177
18580,78225270,115030749,193256019,1,0,0,34816,15,7019498498
18581,78226380,115301629,193528009,1,0,0,12800,15,3389557525
18582,78227090,115597909,193824999,2,0,0,20992,12,1983720361
18583,78230320,114538931,192769251,5,0,0,13824,13,8853528649
18584,78230530,114796780,193027310,9,0,0,20480,13,7990956058
18585,78231210,115093071,193324281,4,0,0,12800,16,6597987383
18586,78231260,114982657,193213917,1,0,0,70144,15,8444455658
18587,78252890,131553031,209805921,7,0,1,2560,4,8580858052
18588,78258710,115121790,193380500,4,0,0,10752,16,5017161880
18589,78260660,114842507,193103167,8,0,0,52736,17,6834812215
18590,78264800,115198646,193463446,5,0,0,4608,13,677320960
18591,78274830,114949920,193224750,3,0,0,7168,1,3125164367
18592,78275659,115039653,193315312,7,0,0,75264,4,3726408595
18593,78280970,114941573,193222543,2,0,0,28160,12,8889754311
18594,78286941,131521246,209808187,9,0,1,3584,13,7484546283
18595,78293530,115199672,193493202,8,0,0,40960,17,9209254547
18596,78296170,114673105,192969275,4,0,0,43008,16,1542308427
18597,78301440,115249511,193550951,4,0,0,11776,16,4463504181
18598,78301850,114807736,193109586,0,0,0,20992,2,2471036739
18599,78309270,131501529,209810799,7,0,1,14336,4,5665220280
18600,78309330,131503415,209812745,8,0,1,3072,17,5821750270
18601,78322400,115106182,193428582,5,0,0,35328,13,2025241102
18602,78322560,114818816,193141376,0,0,0,512,2,8438993669
18603,78327060,114993298,193320358,3,0,0,14336,1,7627127761
18604,78338210,114813721,193151931,9,0,0,1536,13,5631468466
18605,78344281,131472330,209816611,0,0,1,6144,2,1007369551
18606,78347020,114933389,193280409,1,0,0,38400,15,5871842961
18607,78349700,115027501,193377201,5,0,0,79360,13,60968004
18608,78353760,114927764,193281524,1,0,0,3584,15,10137911990
18609,78354650,115169436,193524086,5,0,0,34304,13,8441688664
18610,78366120,115538047,193904167,3,0,0,49152,1,3503748731
18611,78367290,114918625,193285915,5,0,0,14336,13,3857437285
18612,78374500,115205666,193580166,6,0,0,31744,13,10656784313
18613,78375319,114849610,193224929,7,0,0,512,4,10145142043
18614,78377750,115316957,193694707,4,0,0,78848,16,4952567756
18615,78378680,114913677,193292357,3,0,0,18432,1,2753088774
18616,78383040,115267817,193650857,4,0,0,3584,16,8014666808
18617,78383920,114902798,193286718,2,0,0,2560,12,6427522815
18618,78384980,115380777,193765757,8,0,0,26112,17,140597594
18619,78387710,114928249,193315959,1,0,0,2048,15,4182473849
18620,78395610,115040327,193435937,1,0,0,24064,15,288615817
18621,78395930,116102521,194498451,2,0,0,37376,12,8824608681
18622,78397340,115347546,193744886,8,0,0,47104,17,10059127075
18623,78410180,115067196,193477376,2,0,0,3584,12,7440949383
18624,78410931,131412452,209823383,6,0,1,10752,13,5260905745
18625,78412380,115336897,193749277,5,0,0,14336,13,10519873280
18626,78414980,115179405,193594385,5,0,0,46592,13,7677674031
18627,78416950,115205100,193622050,8,0,0,8704,17,7325220876
18628,78417650,115456396,193874046,5,0,0,11776,13,5295267397
18629,78418860,115338918,193757778,5,0,0,6144,13,2725046679
18630,78420881,131405088,209825969,5,0,1,4096,13,7854582403
18631,78428520,115734038,194162558,5,0,0,69120,13,6312164282
18632,78430400,115273245,193703645,8,0,0,28160,17,4076616845
18633,78434999,114982440,193417439,7,0,0,512,4,6265190363
18634,78435990,115234670,193670660,3,0,0,7680,1,8747955950
18635,78436270,115582965,194019235,5,0,0,6144,13,8902819206
18636,78437009,116219339,194656348,7,0,0,43008,4,9900968796
18637,78440089,115348680,193788769,7,0,0,66048,4,9201464032
18638,78442700,131384255,209826955,8,0,1,1536,17,203974274
18639,78445800,115417752,193863552,3,0,0,40960,1,10691135475
18640,78448710,114875750,193324460,0,0,0,512,2,1699188302
18641,78449291,131378010,209827301,9,0,1,512,13,4476787648
18642,78455400,116557121,195012521,4,0,0,38912,16,9349557161
18643,78456380,131377232,209833612,3,0,1,22016,1,3082201844
18644,78458970,115209327,193668297,6,0,0,22016,13,3360531375
18645,78459810,115152621,193612431,4,0,0,6144,16,3980171966
18646,78461081,131374298,209835379,0,0,1,12288,2,4021581002
18647,78463940,115495737,193959677,9,0,0,55296,13,4744794606
18648,78464000,116412250,194876250,3,0,0,80896,1,3665457248
18649,78472080,114982416,193454496,1,0,0,15872,15,540725729
18650,78473680,115526811,194000491,3,0,0,5120,1,10160620659
18651,78474080,115326191,193800271,5,0,0,4096,13,7874136863
18652,78479370,131360835,209840205,8,0,1,7680,17,793036388
18653,78482520,115112581,193595101,1,0,0,2048,15,8018152465
18654,78485430,116776976,195262406,5,0,0,13312,13,5770792357
18655,78486900,115224860,193711760,4,0,0,6656,16,2940055417
18656,78488400,115450890,193939290,0,0,0,36352,2,8870239987
18657,78490860,115610828,194101688,3,0,0,6144,1,9601467272
18658,78491701,131367879,209859580,5,0,1,45568,13,4925018578
18659,78494570,116041121,194535691,9,0,0,26112,13,9634499346
18660,78499540,115755823,194255363,9,0,0,35328,13,7918276388
18661,78499660,116164199,194663859,2,0,0,24576,12,2502367207
18662,78506950,131357776,209864726,4,0,1,8192,16,8170419481
18663,78515420,115760506,194275926,1,0,0,25088,15,8634586072
18664,78521760,115853896,194375656,5,0,0,37888,13,2672741745
18665,78526899,116145168,194672067,7,0,0,20992,4,9905984462
18666,78527380,115167662,193695042,1,0,0,1024,15,6838654546
18667,78531870,116319709,194851579,5,0,0,60416,13,8787602139
18668,78532411,131332661,209865072,9,0,1,512,13,1566730984
18669,78538621,131326797,209865418,5,0,1,512,13,1339094374
18670,78539340,131329304,209868644,3,0,1,5120,1,7495786296
18671,78548900,115530910,194079810,3,0,0,16384,1,5973299919
18672,78550530,131318678,209869208,7,0,1,10752,4,1171528610
18673,78553410,115588065,194141475,4,0,0,15360,16,9988246833
18674,78554250,115507604,194061854,8,0,0,2560,17,1033328005
18675,78556569,115212053,193768622,7,0,0,5632,4,9716668039
18676,78568130,115306875,193875005,0,0,0,3072,2,3255138845
18677,78569850,115784945,194354795,4,0,0,78336,16,6485728220
18678,78575680,116726443,195302123,3,0,0,39424,1,6220786346
18679,78577130,115292462,193869592,1,0,0,6144,15,9237281795
18680,78581110,116532004,195113114,8,0,0,23040,17,1865181912
18681,78584180,115548252,194132432,6,0,0,11264,13,8918890890
18682,78594050,115700985,194295035,1,0,0,43520,15,4596775423
18683,78619110,115940141,194559251,2,0,0,27136,12,5799639306
18684,78619369,115169735,193789104,7,0,0,1024,4,6958002602
18685,78631210,131240264,209871474,3,0,1,3584,1,6448553655
18686,78636279,115891425,194527704,7,0,0,31232,4,6482579499
18687,78641100,116258018,194899118,2,0,0,50688,12,1077849436
18688,78642961,131229384,209872345,5,0,1,12288,13,8011051475
18689,78644570,115813432,194458002,0,0,0,30720,2,8441115892
18690,78644621,131230630,209875251,0,0,1,4608,2,1596702644
18691,78652160,115764735,194416895,6,0,0,18944,13,7179173426
18692,78653180,115981969,194635149,5,0,0,72704,13,9239558442
18693,78658060,116286856,194944916,2,0,0,9728,12,4289794504
18694,78666741,131211782,209878523,5,0,1,1536,13,6732810543
18695,78668580,115309187,193977767,8,0,0,7680,17,7397060181
18696,78669680,116031249,194700929,6,0,0,6144,13,348372313
18697,78672850,116272245,194945095,9,0,0,512,13,9746933515
18698,78675220,131204071,209879291,7,0,1,11776,4,716682076
18699,78693319,115569422,194262741,7,0,0,22016,4,2087850440
18700,78694620,131195081,209889701,8,0,1,11776,17,2913060193
18701,78698460,115469893,194168353,5,0,0,18944,13,8125205661
18702,78703160,116853575,195556735,8,0,0,10752,17,1747164483
18703,78705750,115742869,194448619,9,0,0,13312,13,2140223842
18704,78705810,116661152,195366962,0,0,0,49152,2,7905225234
18705,78710580,116330030,195040610,1,0,0,25600,15,5099820839
18706,78715070,115754607,194469677,5,0,0,35840,13,7030040342
18707,78717400,115527176,194244576,8,0,0,29184,17,6130558875
18708,78719310,115195474,193914784,2,0,0,13312,12,7290680578
18709,78726201,131175082,209901283,0,0,1,2048,2,8261403765
18710,78730960,116052228,194783188,8,0,0,11776,17,10366976043
18711,78732021,131236122,209968143,1,0,1,127488,15,10379717214
18712,78732450,116721747,195454197,0,0,0,15360,2,248746899
18713,78737700,115518310,194256010,6,0,0,2048,13,1063959001
18714,78740150,115775340,194515490,5,0,0,50176,13,10640365160
18715,78740170,115349069,194089239,1,0,0,1536,15,9861627582
18716,78741269,115395503,194136772,7,0,0,12288,4,1772521045
18717,78746241,131222158,209968399,0,0,1,9216,2,6229330026
18718,78756611,131237416,209994027,9,0,1,26624,13,8377567622
18719,78760789,115460517,194221306,7,0,0,16384,4,5068350533
18720,78761390,116120655,194882045,1,0,0,18944,15,3064115539
18721,78773119,115791700,194564819,7,0,0,9216,4,8650413123
18722,78775020,116300647,195075667,9,0,0,6144,13,8810639293
18723,78776519,115773102,194549621,7,0,0,41472,4,6814421594
18724,78784120,116746699,195530819,5,0,0,21504,13,9011563415
18725,78787490,115773234,194560724,1,0,0,4608,15,9280532696
18726,78793970,115201601,193995571,4,0,0,4096,16,2708461461
18727,78800880,131200788,210001668,4,0,1,3072,16,2047579058
18728,78801500,116115783,194917283,4,0,0,27648,16,4760249642
18729,78805250,116134072,194939322,9,0,0,13824,13,326001472
18730,78808470,116074690,194883160,4,0,0,3584,16,6842410509
18731,78812910,115882415,194695325,5,0,0,23040,13,8872362840
18732,78816239,115783307,194599546,7,0,0,24064,4,9268342917
18733,78817470,131189981,210007451,4,0,1,13824,16,4641515882
18734,78823490,116177152,195000642,2,0,0,53760,12,8689697806
18735,78823870,116815227,195639097,6,0,0,13312,13,978363147
18736,78826780,115911102,194737882,4,0,0,62464,16,1690600603
18737,78840310,115918039,194758349,0,0,0,33280,2,8733088048
18738,78841600,115540319,194381919,3,0,0,20480,1,1041762272
18739,78842231,131208239,210050470,1,0,1,46080,15,1140822283
18740,78844440,116412905,195257345,1,0,0,6144,15,8923531199
18741,78846821,131209141,210055962,0,0,1,17920,2,1053584668
18742,78854950,116400500,195255450,2,0,0,101376,12,2453174539
18743,78860270,116872123,195732393,5,0,0,44032,13,8664453895
18744,78863040,117009359,195872399,8,0,0,7168,17,3433533446
18745,78863210,115547890,194411100,6,0,0,21504,13,2799642574
18746,78866690,115577850,194444540,6,0,0,60416,13,1942728256
18747,78868009,115668953,194536962,7,0,0,4096,4,5096857629
18748,78883160,116023001,194906161,1,0,0,23040,15,10599823119
18749,78893320,116139444,195032764,5,0,0,49152,13,8506349079
18750,78903200,115647403,194550603,3,0,0,3072,1,7987445954
18751,78910020,115834905,194744925,5,0,0,23040,13,7579375376
18752,78912079,115971572,194883651,7,0,0,1536,4,8534534024
18753,78921891,131135377,210057268,0,0,1,2048,2,8527404008
18754,78925860,115857507,194783367,2,0,0,512,12,8481363999
18755,78926220,116127533,195053753,1,0,0,43008,15,1598812314
18756,78926330,115993183,194919513,6,0,0,5632,13,9290462095
18757,78926940,115851287,194778227,1,0,0,6656,15,10212414294
18758,78927090,115736948,194664038,0,0,0,512,2,4573986318
18759,78929260,115648686,194577946,5,0,0,43008,13,4269569172
18760,78930960,117010925,195941885,9,0,0,2048,13,4902770957
18761,78934500,115974336,194908836,9,0,0,8704,13,3443226081
18762,78938321,131119101,210057422,5,0,1,8704,13,8018367718
18763,78941070,116195766,195136836,9,0,0,14336,13,1131945106
18764,78944410,116031022,194975432,6,0,0,12288,13,6250292203
18765,78957420,116254665,195212085,2,0,0,4608,12,4204782892
18766,78962420,115555745,194518165,8,0,0,8704,17,3485312765
18767,78965929,115647045,194612974,7,0,0,16896,4,3097412194
18768,78971009,116349715,195320724,7,0,0,27136,4,3624437022
18769,78976681,131081714,210058395,5,0,1,12800,13,7457202402
18770,78979530,115824311,194803841,9,0,0,43008,13,10470736731
18771,78983480,115979907,194963387,4,0,0,26112,16,1019477666
18772,78986589,115931185,194917774,7,0,0,1536,4,5713536763
18773,78987831,131080077,210067908,0,0,1,11264,2,5077033433
18774,78990180,115937762,194927942,7,0,0,13824,4,280450303
18775,78999790,131076931,210076721,3,0,1,6656,1,10547979725
18776,79002350,116135757,195138107,1,0,0,4096,15,7926999340
18777,79005501,131143532,210149033,1,0,1,98304,15,3663114808
18778,79007090,116175496,195182586,4,0,0,23552,16,6162505296
18779,79013690,131138753,210152443,7,0,1,1536,4,7717044087
18780,79014380,116196278,195210658,3,0,0,65024,1,6549741745
18781,79015030,116002506,195017536,4,0,0,16384,16,8347466179
18782,79020350,116502569,195522919,8,0,0,5632,17,7593835353
18783,79020431,131421448,210441879,1,0,1,539648,15,3807803136
18784,79021621,131814188,210835809,1,0,1,743936,15,1721064774
18785,79030840,116101605,195132445,3,0,0,19968,1,5556054985
18786,79035790,116637043,195672833,1,0,0,98304,15,8895123271
18787,79042370,131794631,210837001,7,0,1,512,4,10175481010
18788,79046169,131791818,210837987,4,0,1,1536,16,5483662068
18789,79046420,116391089,195437509,1,0,0,20992,15,9481100279
18790,79047230,116361997,195409227,3,0,0,2560,1,6210379241
18791,79052060,116408556,195460616,7,0,0,20992,4,53199574
18792,79052190,116098143,195150333,6,0,0,8192,13,3102065635
18793,79058180,116704753,195762933,7,0,0,38400,4,6670880196
18794,79061980,116387514,195449494,6,0,0,14848,13,10597990176
18795,79062940,116973506,196036446,5,0,0,1024,13,4712425306
18796,79071320,116404599,195475919,2,0,0,7680,12,6692045971
18797,79080630,116025441,195106071,5,0,0,10240,13,752088312
18798,79080831,131757502,210838333,1,0,1,512,15,8270721824
18799,79081100,116668655,195749755,2,0,0,29184,12,9186527917
18800,79081670,116360386,195442056,2,0,0,14848,12,1750523530
18801,79086350,116424638,195510988,6,0,0,18944,13,1200224786
18802,79087930,116053889,195141819,1,0,0,512,15,2031460250
18803,79090680,116340410,195431090,2,0,0,71680,12,5350690680
18804,79098890,116069418,195168308,8,0,0,13312,17,5240772352
18805,79102620,116805377,195907997,3,0,0,51200,1,4772037001
18806,79104231,131735088,210839319,1,0,1,1536,15,4402600423
18807,79111231,131730354,210841585,1,0,1,3584,15,5778910778
18808,79115709,117140920,196256629,7,0,0,179712,4,1904887571
18809,79118711,131724500,210843211,6,0,1,2560,13,8037730753
18810,79120371,131729253,210849624,9,0,1,22528,13,1176970854
18811,79126300,131727830,210854130,3,0,1,7168,1,9547194367
18812,79126320,116734177,195860497,6,0,0,41472,13,3498714418
18813,79130040,115926567,195056607,5,0,0,9216,13,4986541150
18814,79137560,116424910,195562470,8,0,0,7168,17,759931351
18815,79137920,116206951,195344871,2,0,0,50688,12,626543091
18816,79139090,116242615,195381705,1,0,0,4096,15,3672727015
18817,79140390,117202691,196343081,1,0,0,48640,15,9764320508
18818,79142060,116959490,196101550,8,0,0,5120,17,7941995019
18819,79147010,116984243,196131253,0,0,0,50688,2,10475292147
18820,79151430,116489874,195641304,1,0,0,7168,15,159136060
18821,79166630,116703562,195870192,0,0,0,31744,2,5737401479
18822,79186820,116410814,195597634,5,0,0,14848,13,646617635
18823,79189990,116434491,195624481,9,0,0,5120,13,5360721478
18824,79192250,116251701,195443951,8,0,0,6144,17,7468805329
18825,79198140,115877862,195076002,8,0,0,1024,17,6143017333
18826,79205299,117278939,196484238,7,0,0,6144,4,5588823459
18827,79216310,116332568,195548878,5,0,0,1024,13,7871582251
18828,79217050,116848545,196065595,2,0,0,32768,12,7763307130
18829,79218370,116039957,195258327,2,0,0,3072,12,2636308957
18830,79224710,116245297,195470007,3,0,0,30720,1,7551432588
18831,79229670,116462478,195692148,2,0,0,8192,12,5368648641
18832,79230721,131624395,210855116,1,0,1,1536,15,4002089530
18833,79232240,117067982,196300222,0,0,0,78336,2,8079601
18834,79233510,116684650,195918160,8,0,0,33280,17,222865696
18835,79234100,131622296,210856396,7,0,1,14336,4,2971509345
18836,79234649,131739890,210974539,4,0,1,221184,16,4057552195
18837,79250890,116119527,195370417,2,0,0,11264,12,4482810943
18838,79254890,116928185,196183075,8,0,0,23040,17,725329995
18839,79254920,116138507,195393427,9,0,0,1024,13,6323742664
18840,79262270,116613116,195875386,6,0,0,9728,13,479641630
18841,79268770,116405022,195673792,9,0,0,3072,13,5357225479
18842,79276720,116401274,195677994,5,0,0,5632,13,4601052234
18843,79277440,117260672,196538112,8,0,0,25088,17,133912664
18844,79281450,116646248,195927698,8,0,0,28160,17,9448363815
18845,79294990,116775331,196070321,5,0,0,4608,13,5925151067
18846,79298320,116269546,195567866,5,0,0,512,13,4915246089
18847,79300920,117067658,196368578,8,0,0,38400,17,3459977478
18848,79301650,116511216,195812866,7,0,0,8192,4,5054809380
18849,79307091,131668434,210975525,9,0,1,1536,13,765102571
18850,79311590,116724521,196036111,8,0,0,77312,17,9952535524
18851,79314080,117087716,196401796,7,0,0,13312,4,10111216787
18852,79316190,116734966,196051156,7,0,0,29184,4,2316794961
18853,79318960,116272288,195591248,5,0,0,512,13,7692897287
18854,79320900,116355145,195676045,3,0,0,7168,1,2558074379
18855,79327840,131648671,210976511,8,0,1,1536,17,8685373442
18856,79336090,117061627,196397717,1,0,0,38912,15,4555930459
18857,79340890,117044948,196385838,0,0,0,41984,2,586124380
18858,79343520,116187946,195531466,9,0,0,2048,13,4202114700
18859,79344620,131637037,210981657,3,0,1,8192,1,9093840168
18860,79345051,131642738,210987789,9,0,1,9728,13,8924853462
18861,79345230,116230225,195575455,0,0,0,6656,2,2774807122
18862,79346930,117060544,196407474,2,0,0,9216,12,4279509818
18863,79348790,117078409,196427199,9,0,0,5120,13,10509282614
18864,79355850,117262701,196618551,3,0,0,19968,1,1176506244
18865,79363140,116244133,195607273,9,0,0,4096,13,6025210181
18866,79364030,116793093,196157123,8,0,0,9728,17,5943166252
18867,79369670,116306585,195676255,7,0,0,512,4,1782655737
18868,79386330,116559634,195945964,5,0,0,13312,13,10457396017
18869,79391690,116696258,196087948,5,0,0,3072,13,3651455870
18870,79398270,116342570,195740840,0,0,0,27648,2,5876842609
18871,79400810,116972205,196373015,6,0,0,512,13,3529842751
18872,79401160,117333765,196734925,4,0,0,44032,16,2574912822
18873,79404781,131584314,210989095,6,0,1,2048,13,1759387769
18874,79407080,116908921,196316001,8,0,0,51712,17,4243417719
18875,79407751,131583610,210991361,5,0,1,3584,13,10371963102
18876,79408920,116410689,195819609,3,0,0,19968,1,10398738092
18877,79409730,131582937,210992667,3,0,1,2048,1,9543391514
18878,79410060,117046084,196456144,9,0,0,2560,13,4324604515
18879,79417741,131575592,210993333,6,0,1,1024,13,7915677229
18880,79419460,117006156,196425616,9,0,0,49152,13,6184326625
18881,79419640,116856691,196276331,8,0,0,3072,17,1090526073
18882,79419720,116632083,196051803,9,0,0,2048,13,8887978578
18883,79426321,131570238,210996559,9,0,1,5120,13,2124806660
18884,79430090,117324979,196755069,3,0,0,38400,1,2106428533
18885,79439660,116917195,196356855,3,0,0,1536,1,9500899964
18886,79445080,131556766,211001846,7,0,1,16896,4,7086185622
18887,79447010,116870574,196317584,4,0,0,5120,16,9956253336
18888,79451610,117733117,197184727,3,0,0,52736,1,730648636
18889,79452470,116589771,196042241,5,0,0,18944,13,4351394727
18890,79454980,116820392,196275372,1,0,0,61440,15,7429586289
18891,79465450,117610801,197076251,1,0,0,13312,15,749735000
18892,79478230,116841405,196319635,0,0,0,6656,2,9423940273
18893,79480860,117292062,196772922,4,0,0,26112,16,528207175
18894,79486090,116668046,196154136,4,0,0,4096,16,2114624315
18895,79486810,117352625,196839435,6,0,0,4096,13,5143262799
18896,79487550,117418023,196905573,3,0,0,33792,1,5941965220
18897,79506170,117369118,196875288,3,0,0,20992,1,8592705866
18898,79507620,116504071,196011691,5,0,0,2048,13,6190520753
18899,79523870,116318113,195841983,4,0,0,1536,16,160080346
18900,79524000,116544894,196068894,2,0,0,10752,12,5243152248
18901,79528551,131474281,211002832,0,0,1,1536,2,9412635201
18902,79532570,116922771,196455341,2,0,0,58368,12,8274328165
18903,79542200,118030106,197572306,6,0,0,11776,13,10348252497
18904,79545580,117229557,196775137,5,0,0,7168,13,9487249544
18905,79547661,131455517,211003178,6,0,1,512,13,10170225533
18906,79547671,131457133,211004804,9,0,1,2560,13,9145066271
18907,79550210,117938100,197488310,7,0,0,47616,4,9928030240
18908,79558110,117397546,196955656,7,0,0,6656,4,3849446699
18909,79559980,116768258,196328238,4,0,0,28160,16,333694404
18910,79568490,116568425,196136915,6,0,0,4096,13,9256744386
18911,79572770,116800066,196372836,1,0,0,3584,15,7928513951
18912,79573520,116529854,196103374,1,0,0,1024,15,10673618192
18913,79576049,117077725,196653774,7,0,0,20992,4,42168078
18914,79578180,131426778,211004958,4,0,1,8704,16,7674701828
18915,79601430,131407694,211009124,3,0,1,3584,1,3909608472
18916,79606100,117089654,196695754,9,0,0,18944,13,6668712289
18917,79606220,116544906,196151126,3,0,0,33280,1,5423432558
18918,79606640,117106016,196712656,4,0,0,31232,16,212246959
18919,79610060,116525584,196135644,9,0,0,14336,13,7365186505
18920,79612240,116876857,196489097,0,0,0,15872,2,8050986425
18921,79612370,116798247,196410617,5,0,0,10240,13,9649651492
18922,79612659,116759062,196371721,7,0,0,10240,4,4236828742
18923,79613911,131395559,211009470,9,0,1,512,13,2696545411
18924,79625549,116845454,196471003,7,0,0,48128,4,275877544
18925,79628471,131387232,211015703,0,0,1,7168,2,6021228084
18926,79629120,116901325,196530445,2,0,0,50688,12,5165800733
18927,79630770,116522095,196152865,9,0,0,5632,13,7123089166
18928,79634490,117068619,196703109,2,0,0,24064,12,3849322461
18929,79639170,116717194,196356364,0,0,0,43520,2,7765187503
18930,79642540,117134336,196776876,8,0,0,5632,17,120676825
18931,79647770,116834557,196482327,4,0,0,35840,16,3036782372
18932,79651410,116857384,196508794,3,0,0,20480,1,6593630456
18933,79652420,116785098,196437518,9,0,0,33792,13,9514419359
18934,79652910,117562595,197215505,8,0,0,89088,17,10059754122
18935,79658170,117530168,197188338,5,0,0,11776,13,8119385216
18936,79660641,131355830,211016471,5,0,1,11776,13,8656510512
18937,79661990,117206879,196868869,3,0,0,61440,1,5637224307
18938,79663190,116808194,196471384,4,0,0,1024,16,6381678109
18939,79670731,131360413,211031144,5,0,1,2560,13,1456476236
18940,79673549,117164615,196838164,7,0,0,33792,4,6965694032
18941,79673740,117133779,196807519,9,0,0,24064,13,7736320336
18942,79674069,117240731,196914800,7,0,0,30208,4,9455508066
18943,79693940,117133102,196827042,2,0,0,64000,12,4291616996
18944,79694210,117070733,196764943,1,0,0,13824,15,7995979287
18945,79695320,117363789,197059109,5,0,0,75264,13,10361044013
18946,79697239,116707388,196404627,7,0,0,9216,4,1107803393
18947,79701610,117299109,197000719,0,0,0,35840,2,4230484027
18948,79704730,117379663,197084393,6,0,0,17408,13,1941745669
18949,79707450,117177150,196884600,6,0,0,24064,13,7649429763
18950,79707950,117119895,196827845,7,0,0,2560,4,3784609847
18951,79711810,117575950,197287760,4,0,0,30720,16,22955661
18952,79713910,117322244,197036154,1,0,0,116224,15,1915528818
18953,79714380,117063547,196777927,4,0,0,1024,16,9291359947
18954,79722190,117392177,197114367,8,0,0,54784,17,9050831753
18955,79727480,131304650,211032130,3,0,1,1536,1,2837087137
18956,79728950,116870206,196599156,8,0,0,9216,17,183171079
18957,79730400,131302294,211032694,4,0,1,10752,16,4787301372
18958,79733670,131303731,211037401,8,0,1,4608,17,5950454082
18959,79736110,117575229,197311339,7,0,0,77312,4,5118898056
18960,79739700,117418152,197157852,1,0,0,22528,15,7626069351
18961,79742860,117787863,197530723,4,0,0,1536,16,5117314660
18962,79752790,117567597,197320387,5,0,0,2048,13,2524875477
18963,79754790,117374599,197129389,8,0,0,26112,17,8663891779
18964,79756640,117138614,196895254,9,0,0,15360,13,9460373729
18965,79757840,131285373,211043213,7,0,1,9216,4,660404531
18966,79763150,117800998,197564148,3,0,0,20480,1,697502847
18967,79767430,117876701,197644131,0,0,0,35328,2,673121395
18968,79768860,131280434,211049294,7,0,1,2560,4,7463209640
18969,79774060,117285696,197059756,5,0,0,2048,13,9401492655
18970,79774740,117153732,196928472,9,0,0,25088,13,2088704428
18971,79776580,131278001,211054581,8,0,1,16896,17,1364824426
18972,79779110,117533968,197313078,0,0,0,5632,2,214429663
18973,79781250,116979458,196760708,7,0,0,18432,4,9450495243
18974,79784421,131274346,211058767,6,0,1,6656,13,9434636751
18975,79789901,131272758,211062659,1,0,1,16384,15,1433152042
18976,79790360,117100191,196890551,9,0,0,19456,13,6904416276
18977,79795440,117275906,197071346,8,0,0,20480,17,6862117357
18978,79797200,117581063,197378263,7,0,0,7168,4,4949607540
18979,79798160,117266923,197065083,7,0,0,17408,4,5200065293
18980,79800830,117350135,197150965,5,0,0,32256,13,382914500
18981,79806350,117315060,197121410,0,0,0,23040,2,4576007875
18982,79810121,131254484,211064605,1,0,1,3072,15,10409523743
18983,79812170,117408826,197220996,7,0,0,17920,4,6245250779
18984,79814090,131251501,211065591,8,0,1,1536,17,9788688627
18985,79814370,117106435,196920805,1,0,0,1536,15,4338132819
18986,79818679,117845150,197663829,7,0,0,3072,4,6244007774
18987,79819400,117782856,197602256,8,0,0,76800,17,3119014490
18988,79822590,131244627,211067217,8,0,1,2560,17,6005949013
18989,79829000,117578633,197407633,3,0,0,60416,1,3057125518
18990,79832150,131235426,211067576,2,0,1,9728,12,5502742079
18991,79836570,117653791,197490361,1,0,0,6656,15,6022372341
18992,79840750,117405564,197246314,3,0,0,58368,1,8165055146
18993,79842260,131245294,211087554,3,0,1,5632,1,10420498088
18994,79843300,117114719,196958019,4,0,0,7680,16,7583295592
18995,79852900,117594117,197447017,2,0,0,8192,12,6906111154
18996,79854070,131247405,211101475,3,0,1,22528,1,3646582498
18997,79860620,117408998,197269618,0,0,0,37888,2,10284009904
18998,79865470,117270182,197135652,4,0,0,20480,16,9383877385
18999,79867400,117860806,197728206,5,0,0,27136,13,5057869421
19000,79882890,117189259,197072149,2,0,0,2560,12,6207790401
19001,79888680,117893886,197782566,0,0,0,21504,2,10412387643
19002,79888760,118048726,197937486,9,0,0,11264,13,10591941971
19003,79889820,117564964,197454784,2,0,0,14336,12,3006093553
19004,79896591,131208750,211105341,0,0,1,6144,2,4364444156
19005,79901380,117485642,197387022,8,0,0,28672,17,8729093320
19006,79904310,117923858,197828168,2,0,0,1536,12,58993092
19007,79905930,117956058,197861988,3,0,0,1536,1,9822707814
19008,79915360,117313147,197228507,9,0,0,24576,13,1462109541
19009,79917600,117910077,197827677,0,0,0,35840,2,5215096233
19010,79919810,117358567,197278377,9,0,0,28672,13,8811211280
19011,79925100,117925760,197850860,9,0,0,12800,13,2185528694
19012,79931090,117502502,197433592,6,0,0,15360,13,1640166129
19013,79934179,117774115,197708294,7,0,0,63488,4,5967484373
19014,79935390,117618728,197554118,6,0,0,35840,13,10475499408
19015,79935501,131171786,211107287,1,0,1,3072,15,9741048882
19016,79944190,117712949,197657139,7,0,0,2560,4,6949443284
19017,79944470,117633319,197577789,9,0,0,17920,13,867077308
19018,79947530,131166803,211114333,7,0,1,15872,4,9439693071
19019,79959390,117618734,197578124,6,0,0,1024,13,10104774320
19020,79960540,117756848,197717388,1,0,0,22528,15,5201904588
19021,79964310,118079934,198044244,9,0,0,37888,13,4440041084
19022,79964960,117565272,197530232,0,0,0,6656,2,10341022371
19023,79965430,117943014,197908444,9,0,0,12288,13,6752916160
19024,79965830,117705696,197671526,3,0,0,512,1,632780435
19025,79968440,118099250,198067690,2,0,0,38912,12,5131107190
19026,79969000,118168805,198137805,1,0,0,18432,15,8688164919
19027,79975781,131148435,211124216,0,0,1,25600,2,4298578489
19028,79977040,117580845,197557885,5,0,0,12288,13,8183902057
19029,79979000,117529082,197508082,9,0,0,6656,13,3566395378
19030,79980510,117975910,197956420,5,0,0,23552,13,1506988484
19031,79988000,118104153,198092153,3,0,0,1536,1,10366776679
19032,79989110,117579585,197568695,2,0,0,14848,12,9803093892
19033,79990470,117374685,197365155,0,0,0,6656,2,4370560791
19034,80002170,118260085,198262255,2,0,0,114688,12,9633497116
19035,80009330,131124781,211134111,7,0,1,24576,4,5748811100
19036,80020511,131127043,211147554,0,0,1,10240,2,6399735026
19037,80024710,117685791,197710501,5,0,0,7168,13,4497789321
19038,80027341,131124079,211151420,6,0,1,6144,13,6161975136
19039,80027980,118259530,198287510,6,0,0,12800,13,4346810925
19040,80030460,131136293,211166753,4,0,1,3584,16,1321384872
19041,80040790,118061370,198102160,3,0,0,32768,1,1340765106
19042,80043080,117480648,197523728,6,0,0,6144,13,9157921292
19043,80050100,117595770,197645870,7,0,0,5632,4,6220269034
19044,80062560,118092170,198154730,2,0,0,49152,12,3266187958
19045,80063060,117554079,197617139,9,0,0,23552,13,3962830642
19046,80070929,117742594,197813523,7,0,0,4608,4,7750762520
19047,80071380,118155908,198227288,4,0,0,30208,16,7901947061
19048,80072061,131095998,211168059,9,0,1,2048,13,2391071277
19049,80076570,117545740,197622310,4,0,0,16896,16,2744815387
19050,80079680,117684348,197764028,7,0,0,512,4,6543015319
19051,80087419,131080986,211168405,4,0,1,512,16,8303883220
19052,80088570,118270826,198359396,7,0,0,11264,4,6368068422
19053,80093390,118279923,198373313,4,0,0,19968,16,3746260660
19054,80098670,117621237,197719907,1,0,0,8192,15,3694776792
19055,80099460,117752359,197851819,9,0,0,3072,13,7552302086
19056,80102460,118400795,198503255,0,0,0,11776,2,9505436108
19057,80104839,117950972,198055811,7,0,0,37888,4,5135959727
19058,80105850,117769299,197875149,0,0,0,6144,2,8267519144
19059,80106799,131061862,211168661,4,0,1,9216,16,4891360101
19060,80106880,117775979,197882859,2,0,0,3072,12,125517083
19061,80117310,131051710,211169020,8,0,1,9728,17,9997537150
19062,80117780,117647605,197765385,8,0,0,1536,17,2588423754
19063,80120090,118462312,198582402,3,0,0,4608,1,2168898270
19064,80130660,117724335,197854995,9,0,0,7168,13,10282085958
19065,80138871,131036313,211175184,6,0,1,6656,13,7166278219
19066,80143071,131035659,211178730,5,0,1,5632,13,10235945526
19067,80149130,117765004,197914134,9,0,0,10240,13,8709612393
19068,80152240,117694697,197846937,2,0,0,48640,12,7437736180
19069,80152680,117987043,198139723,0,0,0,2560,2,1890059764
19070,80152930,117817750,197970680,6,0,0,6144,13,10223879729
19071,80158440,117810345,197968785,0,0,0,26624,2,4111615271
19072,80160940,118282593,198443533,0,0,0,11264,2,1775628375
19073,80173540,117902963,198076503,5,0,0,27648,13,1009232263
19074,80174810,117852703,198027513,4,0,0,12800,16,4886087439
19075,80175730,118166832,198342562,9,0,0,7680,13,9081739665
19076,80176720,117703912,197880632,9,0,0,17920,13,7255738134
19077,80178930,131000261,211179191,3,0,1,10240,1,349408555
19078,80181150,117737967,197919117,9,0,0,14848,13,3808684868
19079,80187851,130991686,211179537,6,0,1,512,13,8076566165
19080,80188120,118095444,198283564,9,0,0,19456,13,9131810778
19081,80193320,117945600,198138920,4,0,0,3584,16,1788321015
19082,80194660,118702560,198897220,4,0,0,53248,16,1111892049
19083,80196910,130984573,211181483,3,0,1,3072,1,4008298531
19084,80197990,118105657,198303647,7,0,0,30720,4,7187678948
19085,80201450,118376469,198577919,3,0,0,109056,1,8501095275
19086,80205330,117862695,198068025,1,0,0,1024,15,6082729062
19087,80205340,118007394,198212734,9,0,0,23552,13,2676915682
19088,80212830,117919336,198132166,2,0,0,84992,12,2576169745
19089,80215000,117876662,198091662,8,0,0,20992,17,868971338
19090,80216390,119053258,199269648,0,0,0,25600,2,4183880266
19091,80216710,118047128,198263838,6,0,0,5120,13,9854288360
19092,80227490,118154421,198381911,4,0,0,10752,16,3549882099
19093,80228421,130953421,211181842,6,0,1,9728,13,7099184503
19094,80231070,117986991,198218061,8,0,0,17408,17,8679331608
19095,80234810,118930010,199164820,2,0,0,62464,12,2156050743
19096,80237679,118056585,198294264,7,0,0,22016,4,10679528961
19097,80244661,130955981,211200642,1,0,1,14848,15,198973760
19098,80250510,118410892,198661402,4,0,0,6144,16,2329369307
19099,80252760,118055278,198308038,9,0,0,14336,13,9916921615
19100,80254200,118487529,198741729,0,0,0,9216,2,7029422530
19101,80255760,118021853,198277613,8,0,0,18432,17,7425221060
19102,80257800,118172872,198430672,1,0,0,8704,15,5260590193
19103,80257980,119170794,199428774,2,0,0,17408,12,3122687299
19104,80260001,130943555,211203556,1,0,1,2048,15,10134290459
19105,80268511,130937951,211206462,1,0,1,4608,15,5087850
19106,80268720,118315273,198583993,9,0,0,5120,13,8182028934
19107,80273690,118423465,198697155,6,0,0,21504,13,7442682740
19108,80277710,117914938,198192648,8,0,0,3072,17,3785493161
19109,80288960,118071863,198360823,8,0,0,4608,17,8144973796
19110,80294030,118139161,198433191,5,0,0,8192,13,1844951868
19111,80294531,130912277,211206808,9,0,1,512,13,6340227717
19112,80305220,118354287,198659507,5,0,0,34816,13,2078772599
19113,80308040,118533053,198841093,2,0,0,54272,12,8495271032
19114,80309250,118103072,198412322,5,0,0,22528,13,6039989322
19115,80312920,130898714,211211634,3,0,1,7680,1,8975006014
19116,80315100,118300252,198615352,9,0,0,17408,13,1740334238
19117,80316250,130897970,211214220,3,0,1,4096,1,2308373441
19118,80322080,118416818,198738898,4,0,0,60416,16,8853461876
19119,80333130,118094867,198427997,0,0,0,31744,2,6626569239
19120,80335470,117990749,198326219,5,0,0,4096,13,3676235628
19121,80341630,130875176,211216806,8,0,1,4096,17,6511431684
19122,80342870,118452231,198795101,5,0,0,17408,13,3973853594
19123,80351669,118088409,198440078,7,0,0,22528,4,4466517481
19124,80353390,118227585,198580975,2,0,0,9728,12,2344545926
19125,80357500,130863172,211220672,3,0,1,6144,1,10211653532
19126,80360440,118548526,198908966,9,0,0,29184,13,3836456654
19127,80363000,118133647,198496647,1,0,0,35840,15,5563205318
19128,80364420,118279637,198644057,8,0,0,10752,17,7423140076
19129,80367810,118352657,198720467,1,0,0,18432,15,7237659866
19130,80368410,118322170,198690580,2,0,0,28672,12,6723515880
19131,80372670,119173316,199545986,0,0,0,18944,2,9415024706
19132,80373070,130849868,211222938,3,0,1,3584,1,3034724071
19133,80383210,118516841,198900051,9,0,0,9216,13,10662501882
19134,80383249,118483607,198866856,7,0,0,84480,4,589007161
19135,80384870,118439664,198824534,4,0,0,50176,16,162267996
19136,80388680,118418492,198807172,3,0,0,15872,1,2240530419
19137,80389510,118405770,198795280,4,0,0,512,16,10090370700
19138,80389939,118478664,198868603,7,0,0,5632,4,6389077895
19139,80407200,130817223,211224423,3,0,1,15360,1,8622621149
19140,80412039,118592414,199004453,7,0,0,8192,4,3818953445
19141,80413940,118522831,198936771,9,0,0,21504,13,10192354381
19142,80417600,118493261,198910861,9,0,0,6144,13,5952892589
19143,80417830,118109215,198527045,4,0,0,29696,16,9136552245
19144,80422980,118679422,199102402,6,0,0,14336,13,9118376442
19145,80430400,118450573,198880973,6,0,0,35328,13,7135559330
19146,80431800,118486455,198918255,2,0,0,4608,12,8998517195
19147,80433520,118364897,198798417,4,0,0,512,16,9222793915
19148,80436820,118531188,198968008,1,0,0,37376,15,210219272
19149,80438960,118688684,199127644,6,0,0,65024,13,1616699162
19150,80451469,118534762,198986231,7,0,0,10240,4,7769268730
19151,80453740,118692025,199145765,7,0,0,17920,4,10560164589
19152,80461050,118469146,198930196,0,0,0,2560,2,942751884
19153,80468790,118460595,198929385,1,0,0,13312,15,2341671058
19154,80471680,118626331,199098011,1,0,0,30208,15,4553592707
19155,80477191,130763704,211240895,1,0,1,7168,15,7715247824
19156,80479431,130761925,211241356,0,0,1,10240,2,2928166168
19157,80480790,118444508,198925298,0,0,0,23040,2,8391898875
19158,80484520,118795915,199280435,0,0,0,35328,2,3687559268
19159,80485800,118595776,199081576,9,0,0,34816,13,5557835542
19160,80487621,130756321,211243942,9,0,1,4096,13,6003368893
19161,80494660,118422152,198916812,8,0,0,19456,17,8991613317
19162,80494850,118483847,198978697,2,0,0,30208,12,9298139544
19163,80495629,118278927,198774556,7,0,0,4608,4,941562386
19164,80506600,118302623,198809223,9,0,0,6656,13,587653340
19165,80510310,118491052,199001362,6,0,0,512,13,6865491651
19166,80512830,130733698,211246528,7,0,1,4096,4,3567722609
19167,80520610,130726277,211246887,7,0,1,9728,4,10618188378
19168,80523570,118684270,199207840,9,0,0,11776,13,5993321715
19169,80525020,118511869,199036889,0,0,0,8192,2,2686217071
19170,80525060,118642591,199167651,6,0,0,9216,13,122163119
19171,80526680,118696759,199223439,6,0,0,46080,13,737241228
19172,80529911,130722686,211252597,9,0,1,18944,13,8298356236
19173,80530839,118833366,199364205,7,0,0,56832,4,348028518
19174,80534930,118497044,199031974,3,0,0,44544,1,9975166228
19175,80534960,118335226,198870186,2,0,0,5120,12,1431717577
19176,80544231,130715469,211259700,1,0,1,4608,15,6430071629
19177,80544690,118438398,198983088,6,0,0,14336,13,9983814622
19178,80565100,118570523,199135623,8,0,0,26112,17,3330648845
19179,80568580,119265670,199834250,0,0,0,47616,2,10451243290
19180,80573820,118770358,199344178,0,0,0,1024,2,4653217545
19181,80576870,118627359,199204229,6,0,0,39936,13,10335194711
19182,80583110,118487687,199070797,4,0,0,2560,16,94177231
19183,80585670,118602509,199188179,4,0,0,14848,16,9682202830
19184,80588521,130676722,211265243,6,0,1,26112,13,2181112318
19185,80593880,118654544,199248424,0,0,0,2560,2,3148508275
19186,80596120,130674269,211270389,8,0,1,8192,17,2816823778
19187,80596121,130682794,211278915,6,0,1,9216,13,2969604252
19188,80608320,118499097,199107417,8,0,0,16384,17,2377748883
19189,80610630,118629574,199240204,2,0,0,16384,12,8751646234
19190,80614840,118795780,199410620,4,0,0,7168,16,940887930
19191,80615860,130670901,211286761,3,0,1,2048,1,2547881428
19192,80622480,118775404,199397884,6,0,0,8704,13,2740392
19193,80646881,130644706,211291587,6,0,1,7680,13,9810920801
19194,80647310,118880066,199527376,2,0,0,16384,12,1982428679
19195,80650980,130642873,211293853,4,0,1,3584,16,1648116419
19196,80658720,118779001,199437721,6,0,0,6656,13,6701744029
19197,80659181,130635338,211294519,5,0,1,1024,13,7056192956
19198,80660120,118735089,199395209,5,0,0,27648,13,3912613649
19199,80667410,118469016,199136426,4,0,0,2560,16,7428432863
19200,80668230,118615036,199283266,1,0,0,9216,15,7027011897
19201,80671680,118920546,199592226,9,0,0,89600,13,8672486133
19202,80673790,118817214,199491004,9,0,0,23040,13,8505958637
19203,80675671,130619002,211294673,5,0,1,8704,13,1590110476
19204,80676320,130619659,211295979,7,0,1,2048,4,10531620196
19205,80679020,118861171,199540191,8,0,0,41984,17,4633119780
19206,80683900,118767888,199451788,2,0,0,45568,12,5396940231
19207,80688010,118544058,199232068,1,0,0,8704,15,626790352
19208,80688230,118652591,199340821,1,0,0,2048,15,7649546719
19209,80692810,118788981,199481791,6,0,0,19968,13,3077726196
19210,80692970,119339314,200032284,4,0,0,53760,16,10714161400
19211,80698431,130598534,211296965,5,0,1,1536,13,8270673919
19212,80701740,119117979,199819719,0,0,0,1024,2,3344318257
19213,80703570,119027051,199730621,9,0,0,17408,13,4560917523
19214,80707000,130590426,211297426,4,0,1,10240,16,6253120029
19215,80709850,118906123,199615973,9,0,0,56832,13,4625137756
19216,80716831,130590845,211307676,6,0,1,1024,13,2922897695
19217,80717329,118840482,199557811,7,0,0,26624,4,1509564553
19218,80737920,118949591,199687511,0,0,0,26112,2,3572679938
19219,80747920,118850714,199598634,2,0,0,14848,12,7425177459
19220,80749450,118872221,199621671,4,0,0,11776,16,3036257272
19221,80753979,118891101,199645080,7,0,0,19968,4,1508928361
19222,80757400,130556857,211314257,7,0,1,6144,4,1863107476
19223,80758431,130557772,211316203,5,0,1,3072,13,6877651903
19224,80758651,130558218,211316869,0,0,1,1024,2,2931838233
19225,80759470,118747814,199507284,4,0,0,47104,16,9808765241
19226,80760230,118919302,199679532,0,0,0,62464,2,6832475023
19227,80760351,130559744,211320095,1,0,1,5120,15,4159352932
19228,80761890,130558551,211320441,7,0,1,512,4,269524085
19229,80764510,130556597,211321107,8,0,1,1024,17,224624881
19230,80765340,119074276,199839616,4,0,0,17408,16,7795911530
19231,80775530,118817187,199592717,8,0,0,1536,17,4731818961
19232,80779420,119024763,199804183,4,0,0,63488,16,2013333692
19233,80781231,130540862,211322093,5,0,1,1536,13,5633599835
19234,80781810,119037574,199819384,4,0,0,49664,16,3087720273
19235,80784230,119084978,199869208,8,0,0,64512,17,8964577043
19236,80787450,130548010,211335460,8,0,1,9728,17,558072704
19237,80792460,119192230,199984690,2,0,0,56832,12,1210229216
19238,80795560,118900086,199695646,9,0,0,26624,13,6882334877
19239,80798030,118901071,199699101,4,0,0,11264,16,9328301785
19240,80798200,119247835,200046035,3,0,0,45056,1,8162699462
19241,80798530,118934490,199733020,8,0,0,1024,17,3046898249
19242,80798940,119050589,199849529,6,0,0,32256,13,8319957951
19243,80809830,119206051,200015881,8,0,0,49152,17,4026256139
19244,80821960,119084720,199906680,6,0,0,10752,13,1955713637
19245,80826920,130523952,211350872,7,0,1,5632,4,10115683788
19246,80832160,130523116,211355276,8,0,1,18944,17,460154966
19247,80835290,119545729,200381019,2,0,0,54784,12,5202467034
19248,80835420,119278031,200113451,3,0,0,45056,1,9834467052
19249,80835541,130520299,211355840,5,0,1,10752,13,6830854380
19250,80835611,130521215,211356826,5,0,1,1536,13,3358240569
19251,80837020,119119539,199956559,3,0,0,16896,1,6070693653
19252,80838590,119331936,200170526,2,0,0,9216,12,9642892340
19253,80840900,119246141,200087041,4,0,0,25600,16,9429842954
19254,80845110,119250832,200095942,3,0,0,9728,1,1555041369
19255,80846460,119204122,200050582,8,0,0,14848,17,7050886396
19256,80849319,130514599,211363918,4,0,1,11264,16,3288287481
19257,80862969,119188736,200051705,7,0,0,3584,4,2779946809
19258,80864771,130513338,211378109,0,0,1,10240,2,3358662222
19259,80871841,130508214,211380055,9,0,1,3072,13,8997321056
19260,80873020,119226680,200099700,2,0,0,5120,12,6964144101
19261,80873511,130511342,211384853,9,0,1,5632,13,4868663863
19262,80877261,130510727,211387988,6,0,1,2048,13,3688950866
19263,80882430,119259889,200142319,4,0,0,79872,16,3860978796
19264,80889560,119335025,200224585,2,0,0,26112,12,9944906703
19265,80889870,119603758,200493628,3,0,0,9728,1,1368449505
19266,80890430,119377891,200268321,4,0,0,19968,16,4785653219
19267,80893870,130496346,211390216,3,0,1,23552,1,1957591203
19268,80898740,119458669,200357409,3,0,0,72704,1,7928204617
19269,80908870,119252223,200161093,8,0,0,14336,17,6593974289
19270,80910630,119203320,200113950,3,0,0,1536,1,7974699254
19271,80911120,119508508,200419628,8,0,0,28160,17,3774179061
19272,80911650,119379201,200290851,2,0,0,2048,12,7050823440
19273,80912790,119488220,200401010,4,0,0,65536,16,10211759228
19274,80913230,119514589,200427819,1,0,0,3584,15,2441564856
19275,80918170,130472610,211390780,7,0,1,10752,4,9094850342
19276,80923930,119379050,200302980,3,0,0,4608,1,5721926376
19277,80925200,119439096,200364296,1,0,0,22528,15,1120416163
19278,80928790,119482235,200411025,9,0,0,32768,13,10580303699
19279,80928880,119515498,200444378,2,0,0,54272,12,5646741922
19280,80935090,119607033,200542123,2,0,0,14848,12,371957468
19281,80941970,119776035,200718005,6,0,0,5120,13,1132589546
19282,80945880,130458213,211404093,7,0,1,8704,4,4387774938
19283,80954670,119580364,200535034,4,0,0,45056,16,6360014736
19284,80955460,119708981,200664441,9,0,0,55808,13,1438071854
19285,80958570,119462173,200420743,4,0,0,3584,16,930077270
19286,80965329,130443259,211408588,4,0,1,2048,16,9442304248
19287,80968940,119342761,200311701,6,0,0,1024,13,4609075295
19288,80969790,119722630,200692420,6,0,0,9216,13,4809460343
19289,80972150,119748704,200720854,0,0,0,5632,2,7658782616
19290,80972930,130438244,211411174,8,0,1,4096,17,5289305080
19291,80978230,119583217,200561447,9,0,0,3072,13,5213460037
19292,80994170,130421536,211415706,8,0,1,7168,17,4901062131
19293,80996730,130419335,211416065,7,0,1,9728,4,8038014384
19294,80998980,119500437,200499417,1,0,0,512,15,10365775535
19295,80999511,130427893,211427404,0,0,1,25600,2,8774715201
19296,81002041,130452108,211454149,0,0,1,2560,2,4156426663
19297,81006120,119531456,200537576,9,0,0,8192,13,6551240363
19298,81009200,119565892,200575092,0,0,0,2048,2,10006188573
19299,81013091,130442441,211455532,9,0,1,14848,13,9481574108
19300,81017370,119699006,200716376,0,0,0,64000,2,9333175825
19301,81020531,130435155,211455686,5,0,1,8704,13,9700579355
19302,81035131,130423141,211458272,9,0,1,4096,13,7483189172
19303,81035800,119914884,200950684,1,0,0,16384,15,10410562246
19304,81044620,119751245,200795865,4,0,0,36352,16,7436699103
19305,81061970,130396648,211458618,2,0,1,512,12,8272603283
19306,81064180,119743096,200807276,9,0,0,37376,13,707822683
19307,81064530,119957917,201022447,2,0,0,512,12,2703552507
19308,81066410,119828081,200894491,8,0,0,36864,17,4025875391
19309,81077230,119738177,200815407,2,0,0,3584,12,10361611770
19310,81080011,130379593,211459604,6,0,1,1536,13,5495719067
19311,81080400,119758503,200838903,2,0,0,35328,12,9758644756
19312,81084711,130377159,211461870,6,0,1,3584,13,408788743
19313,81097770,119951343,201049113,2,0,0,46592,12,5391875204
19314,81100691,130365365,211466056,6,0,1,6656,13,300336892
19315,81101150,119850181,200951331,0,0,0,2048,2,4824279261
19316,81102530,119975200,201077730,4,0,0,14336,16,3849081360
19317,81105970,130360445,211466415,3,0,1,9728,1,3380863083
19318,81108290,120157207,201265497,4,0,0,77824,16,2618025369
19319,81108770,119712499,200821269,8,0,0,1536,17,4580431927
19320,81120030,119975070,201095100,8,0,0,1024,17,6580487837
19321,81123950,119929242,201053192,0,0,0,13312,2,9937080329
19322,81126580,119866660,200993240,4,0,0,36352,16,1545815595
19323,81130290,120136345,201266635,2,0,0,2048,12,1538674559
19324,81131940,130353103,211485043,3,0,1,7168,1,9716201412
19325,81132570,119940769,201073339,2,0,0,66048,12,2041791251
19326,81133891,130360818,211494709,1,0,1,3072,15,5262367886
19327,81137601,130358414,211496015,0,0,1,2048,2,3653747784
19328,81155300,119939457,201094757,3,0,0,55808,1,1163573096
19329,81162820,119749867,200912687,1,0,0,1536,15,9587307889
19330,81164710,130334432,211499142,8,0,1,8704,17,4999862891
19331,81175050,120027801,201202851,8,0,0,35840,17,1577772897
19332,81176289,119702471,200878760,7,0,0,5120,4,3661900224
19333,81191329,119825413,201016742,7,0,0,2560,4,9479534108
19334,81197360,119773345,200970705,3,0,0,15872,1,345521166
19335,81200930,120190460,201391390,2,0,0,24064,12,9175863581
19336,81209310,120059220,201268530,8,0,0,6144,17,9291498778
19337,81211300,120344708,201556008,8,0,0,10240,17,2986320398
19338,81216690,119949633,201166323,6,0,0,1536,13,3592851646
19339,81219820,120072384,201292204,2,0,0,3584,12,3445612378
19340,81220270,130289008,211509278,7,0,1,6144,4,5050823376
19341,81225150,120111274,201336424,9,0,0,15360,13,4421900453
19342,81225869,120015893,201241762,7,0,0,96256,4,8840957322
19343,81226050,130302660,211528710,3,0,1,7168,1,9423878359
19344,81226080,119919171,201145251,2,0,0,3072,12,3721693392
19345,81226630,120151743,201378373,3,0,0,86528,1,1156185695
19346,81239140,120565449,201804589,0,0,0,167936,2,9298113657
19347,81239940,119965742,201205682,0,0,0,9216,2,6537560012
19348,81242489,130289127,211531616,4,0,1,4608,16,2291398097
19349,81251490,120149349,201400839,1,0,0,5632,15,4329933921
19350,81254660,120168670,201423330,4,0,0,3072,16,6372507068
19351,81259820,120006168,201265988,9,0,0,1536,13,4949365343
19352,81261340,120082272,201343612,0,0,0,8704,2,8707259313
19353,81265150,120127667,201392817,4,0,0,4608,16,4526617517
19354,81266990,130266572,211533562,2,0,1,3072,12,1113454940
19355,81272160,120280659,201552819,0,0,0,39424,2,9435292455
19356,81273560,120240528,201514088,2,0,0,4608,12,2858529254
19357,81274930,120109105,201384035,2,0,0,16384,12,4704147745
19358,81276070,120171405,201447475,4,0,0,9728,16,3260069705
19359,81285760,120350692,201636452,2,0,0,10752,12,9767965412
19360,81289710,120089310,201379020,6,0,0,2048,13,6685331222
19361,81290540,120275347,201565887,1,0,0,24576,15,4716261541
19362,81292540,120179208,201471748,2,0,0,1536,12,2978919474
19363,81293499,120525074,201818573,7,0,0,31744,4,32576209
19364,81294719,120530117,201824836,7,0,0,20480,4,4085486480
19365,81326280,120247946,201574226,4,0,0,14336,16,2939383258
19366,81331930,120090441,201422371,8,0,0,28160,17,2812142151
19367,81333730,120133003,201466733,8,0,0,1024,17,10517200073
19368,81335731,130199137,211534868,9,0,1,2048,13,3444012987
19369,81341420,130194754,211536174,3,0,1,2048,1,2374507182
19370,81341620,120182699,201524319,9,0,0,4096,13,857612749
19371,81347819,120284432,201632251,7,0,0,41472,4,10466090838
19372,81354059,120257398,201611457,7,0,0,24064,4,6717420073
19373,81354560,120265032,201619592,6,0,0,26624,13,4377017774
19374,81359160,120485667,201844827,2,0,0,65536,12,2184880278
19375,81359709,120580112,201939821,7,0,0,21504,4,1086925671
19376,81359740,120950128,202309868,4,0,0,7168,16,9781779574
19377,81367000,120722981,202089981,3,0,0,55296,1,4337746890
19378,81369220,120853451,202222671,4,0,0,10752,16,405838286
19379,81369639,120635148,202004787,7,0,0,8704,4,5328583099
19380,81370210,120483711,201853921,4,0,0,28160,16,1495058518
19381,81370480,120644794,202015274,6,0,0,30720,13,9554402485
19382,81372130,120559966,201932096,8,0,0,86528,17,3092527981
19383,81376690,120376708,201753398,2,0,0,15360,12,3631420897
19384,81387080,120289144,201676224,8,0,0,3584,17,2361527173
19385,81391700,120915782,202307482,0,0,0,29696,2,7296230542
19386,81392000,120674438,202066438,0,0,0,7168,2,941935026
19387,81397000,120172430,201569430,9,0,0,2048,13,9687778693
19388,81398160,120620101,202018261,3,0,0,9728,1,548963230
19389,81401211,130135309,211536520,6,0,1,512,13,5641701185
19390,81402010,121044553,202446563,1,0,0,30208,15,3336147292
19391,81403000,120313142,201716142,9,0,0,26624,13,2596894772
19392,81403330,120472856,201876186,8,0,0,8192,17,8629825186
19393,81407890,130134122,211542012,2,0,1,8704,12,5275450126
19394,81413510,120616543,202030053,2,0,0,6144,12,7113764913
19395,81415030,120451238,201866268,3,0,0,40448,1,1555828714
19396,81417280,120428038,201845318,3,0,0,1536,1,9030006375
19397,81417650,120544434,201962084,3,0,0,28672,1,9153572829
19398,81420310,121052819,202473129,6,0,0,38400,13,5080882085
19399,81429420,120861362,202290782,4,0,0,5120,16,9350593239
19400,81430370,120554692,201985062,1,0,0,28672,15,8414125685
19401,81439130,130105788,211544918,2,0,1,4608,12,7528497050
19402,81439470,120536833,201976303,6,0,0,46592,13,7273788454
19403,81452079,120356776,201808855,7,0,0,8192,4,3102759508
19404,81452260,130097484,211549744,8,0,1,7680,17,296716506
19405,81467839,120338497,201806336,7,0,0,5632,4,7035385127
19406,81476091,130074319,211550410,0,0,1,1024,2,8314503396
19407,81477931,130072735,211550666,6,0,1,9216,13,3065767105
19408,81480550,120583681,202064231,3,0,0,11776,1,3066626103
19409,81484860,120700028,202184888,1,0,0,31744,15,8236780736
19410,81493451,130071776,211565227,6,0,1,3072,13,5577948061
19411,81493520,130075384,211568904,7,0,1,2048,4,10423100952
19412,81496460,120601188,202097648,4,0,0,25088,16,6197967276
19413,81497439,130075331,211572770,4,0,1,6144,16,7750699888
19414,81497750,130076006,211573756,8,0,1,1536,17,2377822237
19415,81498490,120778180,202276670,0,0,0,74752,2,4262096584
19416,81499570,121024015,202523585,9,0,0,4608,13,2054817168
19417,81504190,120523968,202028158,8,0,0,2560,17,3507443483
19418,81504489,130074093,211578582,4,0,1,7680,16,4708436741
19419,81507110,120679673,202186783,9,0,0,6144,13,6536911611
19420,81507330,120518442,202025772,8,0,0,24576,17,7929934669
19421,81511760,120640789,202152549,3,0,0,99328,1,1239929687
19422,81518060,121125154,202643214,3,0,0,1536,1,8240203944
19423,81518119,120526322,202044441,7,0,0,6656,4,7196897226
19424,81522360,120673057,202195417,3,0,0,3072,1,7758079035
19425,81529230,120785653,202314883,6,0,0,16384,13,6743823365
19426,81531230,121174078,202705308,9,0,0,2560,13,377869469
19427,81543730,120613834,202157564,4,0,0,16384,16,2264434292
19428,81543920,120739013,202282933,3,0,0,20480,1,1319952048
19429,81549500,120557403,202106903,0,0,0,5120,2,8495349564
19430,81551610,121051247,202602857,6,0,0,73216,13,7182159135
19431,81573440,120995896,202569336,6,0,0,40448,13,3994407833
19432,81588560,120605890,202194450,6,0,0,25088,13,6862065259
19433,81599610,120851968,202451578,8,0,0,16384,17,9195596000
19434,81605810,120783931,202389741,6,0,0,9216,13,6154296909
19435,81612000,120594768,202206768,9,0,0,18944,13,2035674455
19436,81628410,120753959,202382369,3,0,0,7168,1,2433609595
19437,81636510,121159256,202795766,4,0,0,14336,16,318013805
19438,81641580,120915409,202556989,2,0,0,16896,12,8496295132
19439,81643130,120664531,202307661,9,0,0,512,13,8058757497
19440,81647290,120671815,202319105,4,0,0,11264,16,10147619438
19441,81647669,121259019,202906688,7,0,0,58368,4,8538335358
19442,81653300,120927090,202580390,0,0,0,20480,2,8891781796
19443,81654550,129926618,211581168,3,0,1,4096,1,9618863913
19444,81655300,121324293,202979593,6,0,0,58368,13,9456072299
19445,81661720,121084264,202745984,4,0,0,18432,16,3413124734
19446,81666960,120833567,202500527,9,0,0,40960,13,8998518118
19447,81667779,120964612,202632391,7,0,0,36864,4,8114629946
19448,81668349,120838441,202506790,7,0,0,20480,4,3556412442
19449,81669740,120951396,202621136,1,0,0,18432,15,3948507367
19450,81673391,129912936,211586327,9,0,1,19456,13,1686449415
19451,81688910,129898083,211586993,2,0,1,1024,12,9368107364
19452,81689530,121148374,202837904,6,0,0,50688,13,8508364150
19453,81691729,121270057,202961786,7,0,0,41472,4,8196165729
19454,81692270,120730354,202422624,0,0,0,4096,2,9475851587
19455,81696180,121307943,203004123,6,0,0,512,13,818356354
19456,81699590,120983544,202683134,3,0,0,18944,1,6831528644
19457,81701891,129895842,211597733,0,0,1,26624,2,7058560761
19458,81702960,121044607,202747567,9,0,0,5120,13,7654887425
19459,81704050,120695848,202399898,8,0,0,4608,17,5989279488
19460,81705970,120971369,202677339,3,0,0,38400,1,223671569
19461,81711011,129891868,211602879,6,0,1,8192,13,3561845019
19462,81711510,120740567,202452077,9,0,0,1536,13,7132157171
19463,81711961,129894464,211606425,6,0,1,5632,13,5019456210
19464,81712930,129894161,211607091,4,0,1,1024,16,2719901744
19465,81714830,121345167,203059997,8,0,0,16384,17,10443338602
19466,81717590,121504226,203221816,9,0,0,93184,13,6243028687
19467,81744280,129864296,211608576,3,0,1,15360,1,3426265661
19468,81745600,120826727,202572327,3,0,0,7168,1,8755007501
19469,81747370,120939539,202686909,4,0,0,12288,16,3558828040
19470,81750380,121093943,202844323,4,0,0,20992,16,6194853177
19471,81756331,129854827,211611158,1,0,1,13312,15,1171468037
19472,81764059,129854328,211618387,4,0,1,1536,16,9484675571
19473,81768980,121466982,203235962,6,0,0,4096,13,316750981
19474,81770920,129848453,211619373,3,0,1,1536,1,9073686908
19475,81779530,129840509,211620039,2,0,1,1024,12,8447332109
19476,81788510,121247043,203035553,1,0,0,11776,15,507385228
19477,81790720,121151235,202941955,1,0,0,4096,15,2614982229
19478,81791510,121325693,203117203,4,0,0,110592,16,35410657
19479,81803930,121132511,202936441,3,0,0,8704,1,487727560
19480,81806120,121039318,202845438,4,0,0,3584,16,10595315028
19481,81807631,129812562,211620193,1,0,1,8704,15,10657557429
19482,81808010,129813809,211621819,7,0,1,2560,4,9687117950
19483,81809030,121050067,202859097,8,0,0,17408,17,1414010348
19484,81811810,121320281,203132091,1,0,0,1536,15,9770831508
19485,81811960,121307138,203119098,1,0,0,6144,15,10276498616
19486,81825620,121160236,202985856,9,0,0,20480,13,2358482713
19487,81827360,121094639,202921999,1,0,0,50176,15,9141850494
19488,81832500,121171444,203003944,3,0,0,5632,1,7715210768
19489,81833860,129793105,211626965,7,0,1,8192,4,5327399597
19490,81837540,121183595,203021135,3,0,0,9728,1,7178650650
19491,81839290,121244171,203083461,1,0,0,18944,15,5709201585
19492,81839750,129805901,211645651,7,0,1,37376,4,2533642116
19493,81855851,129790466,211646317,1,0,1,1024,15,3575573115
19494,81867009,129780486,211647495,4,0,1,13824,16,4855728767
19495,81868550,121297673,203166223,4,0,0,16896,16,10489823801
19496,81872331,129782622,211654953,1,0,1,22016,15,2286666962
19497,81877109,129783495,211660604,4,0,1,5120,16,1543302776
19498,81888280,121113925,203002205,9,0,0,8192,13,412622724
19499,81933090,121144553,203077643,6,0,0,38912,13,3002206497
19500,81935350,129729760,211665110,2,0,1,7168,12,478863200
19501,81941540,121108014,203049554,9,0,0,2048,13,4193769548
19502,81944390,129728236,211672626,8,0,1,17920,17,3917897549
19503,81944960,121176813,203121773,8,0,0,8704,17,1807602772
19504,81947370,121234541,203181911,9,0,0,18432,13,9951726001
19505,81947809,129750293,211698102,4,0,1,4096,16,809676988
19506,81948711,129749545,211698256,9,0,1,8704,13,4998125923
19507,81952041,129766555,211718596,9,0,1,15360,13,955715996
19508,81955479,121290690,203246169,7,0,0,27648,4,4471495469
19509,81964770,121272463,203237233,8,0,0,4096,17,17894741
19510,81970920,121173839,203144759,8,0,0,22528,17,10048574382
19511,81976471,129743751,211720222,1,0,1,2560,15,7368780614
19512,81977030,121337694,203314724,3,0,0,1536,1,8783099994
19513,81980460,121311842,203292302,4,0,0,9728,16,8102209612
19514,81983290,121267738,203251028,9,0,0,15872,13,7887995492
19515,81985350,121698605,203683955,8,0,0,50688,17,7271760471
19516,81989341,129731867,211721208,0,0,1,1536,2,5255019252
19517,81993830,121510717,203504547,0,0,0,48640,2,8997285475
19518,81995830,121348174,203344004,2,0,0,9728,12,5991847819
19519,82002329,129720185,211722514,4,0,1,2048,16,8529354168
19520,82015860,130055961,212071821,7,0,1,595456,4,8140327077
19521,82021099,130061179,212082278,4,0,1,20480,16,742963850
19522,82024761,130073175,212097936,0,0,1,6656,2,6330471257
19523,82026060,121498634,203524694,9,0,0,66048,13,305391280
19524,82026549,121502692,203529241,7,0,0,14848,4,5018386792
19525,82027200,121776709,203803909,3,0,0,38912,1,8555757851
19526,82027370,121693414,203720784,0,0,0,12288,2,5180241358
19527,82030820,121686197,203717017,6,0,0,4608,13,3773828709
19528,82042849,121504034,203546883,7,0,0,4096,4,3319144659
19529,82044110,121596647,203640757,2,0,0,6656,12,9965984237
19530,82070400,130029162,212099562,8,0,1,2560,17,7804060074
19531,82071150,121658557,203729707,0,0,0,29184,2,8545470595
19532,82075330,130026178,212101508,8,0,1,3072,17,9717770378
19533,82078370,121457173,203535543,4,0,0,2048,16,4610981119
19534,82085941,130023554,212109495,1,0,1,12800,15,10607240677
19535,82092030,121317033,203409063,6,0,0,2560,13,1168703260
19536,82092380,121675843,203768223,2,0,0,5120,12,193928658
19537,82094690,121372471,203467161,1,0,0,10752,15,2796707245
19538,82095370,121548218,203643588,0,0,0,9216,2,2191334085
19539,82104600,121610944,203715544,2,0,0,46592,12,8707307788
19540,82104690,121559536,203664226,1,0,0,48640,15,271285910
19541,82112460,129999301,212111761,2,0,1,3584,12,620013611
19542,82113540,121463213,203576753,0,0,0,93184,2,7743855607
19543,82120880,121528503,203649383,2,0,0,18944,12,2186476618
19544,82126910,121355459,203482369,6,0,0,3584,13,8534326317
19545,82141730,121626672,203768402,6,0,0,512,13,2725943234
19546,82149570,121489136,203638706,2,0,0,51200,12,10147351865
19547,82151960,129960057,212112017,8,0,1,9216,17,2250697759
19548,82155450,121545844,203701294,6,0,0,56832,13,2745272251
19549,82169900,121437156,203607056,6,0,0,4608,13,10546251225
19550,82171470,121571122,203742592,3,0,0,22016,1,1506858768
19551,82180230,121566103,203746333,9,0,0,11264,13,9498576979
19552,82191960,121574680,203766640,0,0,0,5632,2,5412047854
19553,82196220,121535538,203731758,1,0,0,6656,15,7128885525
19554,82196250,121655249,203851499,8,0,0,14848,17,10219954595
19555,82201750,129915776,212117526,2,0,1,1024,12,3214976993
19556,82203490,121532347,203735837,1,0,0,13312,15,5400251430
19557,82225330,121669958,203895288,1,0,0,30720,15,8327926084
19558,82226320,121585986,203812306,1,0,0,8192,15,10179456743
19559,82255630,121591322,203846952,8,0,0,24064,17,10420529125
19560,82258351,129880648,212138999,9,0,1,19456,13,339560091
19561,82259010,121689300,203948310,0,0,0,24576,2,6612395936
19562,82261109,129880796,212141905,4,0,1,4608,16,10286538714
19563,82284440,129893127,212177567,2,0,1,70656,12,8937555786
19564,82287880,121768898,204056778,0,0,0,15360,2,2953133489
19565,82310390,121825855,204136245,1,0,0,13824,15,868060842
19566,82319190,121689577,204008767,9,0,0,8704,13,5573735116
19567,82329090,121662003,203991093,3,0,0,28672,1,7404195238
19568,82333580,121471912,203805492,1,0,0,5120,15,934496377
19569,82337861,129855862,212193723,6,0,1,14848,13,2432158470
19570,82344651,129849418,212194069,0,0,1,512,2,9105949373
19571,82354010,121684278,204038288,6,0,0,15872,13,295684246
19572,82354130,121807464,204161594,6,0,0,25600,13,10599869182
19573,82356380,121708810,204065190,8,0,0,7680,17,3057618141
19574,82365531,129835630,212201161,0,0,1,11264,2,8926359313
19575,82370750,121770822,204141572,3,0,0,17408,1,9315489102
19576,82371360,129840055,212211415,2,0,1,23040,12,7063879257
19577,82371671,129841690,212213361,6,0,1,3072,13,4307902344
19578,82376491,129837638,212214129,1,0,1,11776,15,6127781393
19579,82378110,121668937,204047047,0,0,0,28672,2,564209970
19580,82391080,121642349,204033429,8,0,0,16384,17,5175095712
19581,82393580,129835447,212229027,3,0,1,10240,1,1750728957
19582,82397710,121792367,204190077,3,0,0,29184,1,5076582799
19583,82401721,129844436,212246157,1,0,1,10240,15,4536880434
19584,82402990,121706728,204109718,2,0,0,1536,12,8055298066
19585,82403500,121602592,204006092,2,0,0,49152,12,3159464194
19586,82404960,121843941,204248901,8,0,0,60928,17,6593643360
19587,82411490,129835640,212247130,2,0,1,12800,12,6358297779
19588,82417381,129832015,212249396,9,0,1,3584,13,258339529
19589,82421191,129832711,212253902,1,0,1,7168,15,6403546237
19590,82422490,121625516,204048006,8,0,0,3072,17,1754746740
19591,82430620,121776963,204207583,3,0,0,2048,1,4424283933
19592,82443930,121928001,204371931,6,0,0,3072,13,248929388
19593,82446570,121749056,204195626,8,0,0,2048,17,8043463362
19594,82450690,129806118,212256808,0,0,1,4608,2,1038344093
19595,82452230,122027171,204479401,3,0,0,22528,1,3217282529
19596,82459580,121821156,204280736,2,0,0,16896,12,9778917398
19597,82461610,121788718,204250328,3,0,0,4608,1,6380314125
19598,82462490,121807046,204269536,3,0,0,20480,1,3113219182
19599,82467430,121711140,204178570,8,0,0,20480,17,9313870408
19600,82470350,121979779,204450129,2,0,0,31744,12,2164831563
19601,82472670,129785009,212257679,3,0,1,12288,1,6621843582
19602,82484450,121848788,204333238,2,0,0,8192,12,247401854
19603,82485480,129773413,212258893,3,0,1,12288,1,4393904037
19604,82487041,129783232,212270273,0,0,1,1536,2,2657054706
19605,82495260,122036029,204531289,9,0,0,10240,13,4752766546
19606,82498640,121994132,204492772,0,0,0,8704,2,3021397541
19607,82502010,121964389,204466399,3,0,0,26112,1,9836281262
19608,82502850,122005766,204508616,2,0,0,21504,12,8437609958
19609,82504600,121967906,204472506,1,0,0,19968,15,10013308712
19610,82509001,129762578,212271579,9,0,1,2048,13,2367939616
19611,82513550,122106989,204620539,0,0,0,70144,2,5062920724
19612,82515270,121966962,204482232,8,0,0,9216,17,9489084416
19613,82519030,129753535,212272565,2,0,1,1536,12,2221656109
19614,82522800,121860326,204383126,8,0,0,29184,17,10261853917
19615,82527371,129749380,212276751,1,0,1,6656,15,8330560712
19616,82527670,121962427,204490097,8,0,0,19456,17,9175194414
19617,82537421,129740508,212277929,9,0,1,13824,13,8896334075
19618,82537461,129740622,212278083,9,0,1,8704,13,9687043799
19619,82540470,121917950,204458420,2,0,0,27136,12,9585984231
19620,82557749,129724166,212281915,4,0,1,5632,16,1907599799
19621,82572660,121719237,204291897,9,0,0,8192,13,4997292486
19622,82573920,122063517,204637437,9,0,0,9216,13,1720576520
19623,82577600,122177124,204754724,4,0,0,29696,16,3173737810
19624,82580250,122066698,204646948,3,0,0,23040,1,10653400701
19625,82586840,121958824,204545664,3,0,0,47104,1,5207103592
19626,82587810,122157843,204745653,9,0,0,56320,13,2086491282
19627,82591410,122203438,204794848,1,0,0,37376,15,9630596961
19628,82594960,122527217,205122177,0,0,0,46592,2,1221331423
19629,82609610,122158865,204768475,1,0,0,45056,15,5724793779
19630,82610400,121908871,204519271,8,0,0,1024,17,3379436282
19631,82616350,122098138,204714488,1,0,0,23040,15,1296979090
19632,82619350,122661211,205280561,1,0,0,85504,15,10056212116
19633,82620210,129665251,212285461,2,0,1,5632,12,3957348681
19634,82624170,122343567,204967737,8,0,0,25088,17,2611424219
19635,82626150,129745564,212371714,8,0,1,169472,17,1785004207
19636,82627050,122191521,204818571,2,0,0,7168,12,3714618575
19637,82630090,122378232,205008322,6,0,0,14848,13,4627076242
19638,82632511,129746221,212378732,6,0,1,6144,13,631938610
19639,82637920,122267093,204905013,1,0,0,7680,15,10079022200
19640,82640080,122295265,204935345,3,0,0,78336,1,2692379952
19641,82642900,122256619,204899519,1,0,0,20992,15,1450425776
19642,82646880,122440584,205087464,6,0,0,30208,13,4889975777
19643,82647680,122356095,205003775,3,0,0,54784,1,7916148536
19644,82651131,129730827,212381958,0,0,1,5120,2,6350682821
19645,82665520,122371907,205037427,2,0,0,40960,12,7287671492
19646,82666960,122211707,204878667,3,0,0,36352,1,3451443443
19647,82679370,122337898,205017268,0,0,0,6656,2,6081913489
19648,82680720,122499954,205180674,9,0,0,17408,13,1341464255
19649,82681680,122333529,205015209,0,0,0,22528,2,4952204062
19650,82700850,122321995,205022845,9,0,0,15360,13,5362255165
19651,82707080,129688759,212395839,3,0,1,18944,1,8871960706
19652,82711030,122396928,205107958,8,0,0,55296,17,586124852
19653,82720440,122423876,205144316,6,0,0,1536,13,1521650222
19654,82720500,122533986,205254486,3,0,0,23040,1,3512864268
19655,82721641,129678064,212399705,0,0,1,6144,2,9551047136
19656,82728400,122435079,205163479,0,0,0,27136,2,10007609388
19657,82736420,122578195,205314615,3,0,0,111104,1,2837651657
19658,82738630,129661741,212400371,3,0,1,1024,1,6446233036
19659,82741200,123088532,205829732,3,0,0,19456,1,583563506
19660,82743350,123309294,206052644,0,0,0,13312,2,8658177295
19661,82744270,122653609,205397879,2,0,0,1536,12,8710935277
19662,82745000,122476419,205221419,6,0,0,512,13,8463561733
19663,82748890,122804165,205553055,9,0,0,29184,13,8739080462
19664,82758250,122617564,205375814,3,0,0,39424,1,960496448
19665,82758450,122564658,205323108,8,0,0,9728,17,1047046325
19666,82765250,122750820,205516070,1,0,0,28672,15,1213934363
19667,82773870,122566544,205340414,1,0,0,43008,15,7764740933
19668,82775790,122730213,205506003,8,0,0,24576,17,6883720250
19669,82777000,122444240,205221240,8,0,0,13312,17,1291027665
19670,82794679,129606678,212401357,4,0,1,1536,16,10284920218
19671,82797080,123216247,206013327,1,0,0,75264,15,2215345601
19672,82804280,122925579,205729859,8,0,0,10752,17,10585679395
19673,82810380,122509741,205320121,3,0,0,17920,1,554399983
19674,82824390,122821940,205646330,8,0,0,7168,17,2120191574
19675,82826830,122570558,205397388,6,0,0,24576,13,8810715622
19676,82830431,129586788,212417219,6,0,1,41472,13,3794727761
19677,82831910,122519447,205351357,2,0,0,35840,12,10332272354
19678,82842160,129686114,212528274,8,0,1,141312,17,7986588182
19679,82842620,122484636,205327256,3,0,0,13312,1,85089862
19680,82852441,129675987,212528428,0,0,1,8704,2,1846915265
19681,82858420,122629419,205487839,9,0,0,19968,13,4255766461
19682,82862310,122418430,205280740,3,0,0,512,1,1886322863
19683,82865370,122705561,205570931,9,0,0,22016,13,4987003390
19684,82869010,122842896,205711906,2,0,0,55296,12,6895700459
19685,82875500,122479852,205355352,6,0,0,2560,13,6293796832
19686,82877490,122602895,205480385,8,0,0,5632,17,8904911437
19687,82878150,122555705,205433855,3,0,0,512,1,5606400677
19688,82888330,122890086,205778416,6,0,0,15360,13,1629398724
19689,82889640,123636645,206526285,8,0,0,24064,17,1591484129
19690,82889970,122674207,205564177,0,0,0,36352,2,336292477
19691,82901010,123530650,206431660,2,0,0,24064,12,348318418
19692,82903110,123244305,206147415,3,0,0,512,1,7406365719
19693,82904330,122907770,205812100,6,0,0,7680,13,2064511960
19694,82915810,122732060,205647870,9,0,0,4608,13,4925570202
19695,82942210,122633135,205575345,3,0,0,14336,1,3828254421
19696,82943460,122654999,205598459,1,0,0,1024,15,9357860482
19697,82947550,123333263,206280813,9,0,0,67584,13,8622676701
19698,82954900,129574194,212529094,2,0,1,11264,12,4287874915
19699,82960780,122732323,205693103,3,0,0,1024,1,9036737337
19700,82960830,122517793,205478623,1,0,0,19968,15,1881094346
19701,82962820,122761030,205723850,8,0,0,15872,17,4755751437
19702,82965350,122553635,205518985,0,0,0,5120,2,8080000226
19703,82970990,122782279,205753269,1,0,0,46592,15,4137662429
19704,82984900,122824837,205809737,2,0,0,4608,12,5288815415
19705,82986580,122785332,205771912,8,0,0,4096,17,610510305
19706,82987580,123664624,206652204,3,0,0,22016,1,2231539732
19707,82989010,129559998,212549008,8,0,1,9216,17,4879831631
19708,82989440,122728821,205718261,8,0,0,19968,17,10391615343
19709,82995230,123079724,206074954,3,0,0,12288,1,182436840
19710,82996240,129555678,212551918,0,0,1,27136,2,5921431138
19711,83001700,122904732,205906432,0,0,0,14848,2,8348403182
19712,83006890,123320214,206327104,3,0,0,32256,1,2497531407
19713,83008500,122730550,205739050,8,0,0,13312,17,7220160227
19714,83016671,129537649,212554320,6,0,1,3584,13,8051106022
19715,83025360,122595875,205621235,9,0,0,10240,13,7085613686
19716,83029550,129525436,212554986,2,0,1,1024,12,8371470867
19717,83051330,122817212,205868542,8,0,0,32768,17,3146428637
19718,83054530,122843432,205897962,1,0,0,25600,15,214152609
19719,83066640,122892196,205958836,6,0,0,20480,13,7582927543
19720,83071190,122746534,205817724,8,0,0,9216,17,5584876694
19721,83071750,122681854,205753604,6,0,0,1024,13,4917717938
19722,83074090,122638041,205712131,0,0,0,512,2,9869260902
19723,83074911,129482661,212557572,0,0,1,4096,2,634864869
19724,83086870,122935684,206022554,3,0,0,30208,1,5665775228
19725,83093769,129465429,212559198,4,0,1,2560,16,4604134710
19726,83093890,122892552,205986442,9,0,0,4096,13,1109888479
19727,83105630,122792667,205898297,0,0,0,1024,2,7840475555
19728,83107910,123384901,206492811,3,0,0,66560,1,9208274101
19729,83120950,122769189,205890139,0,0,0,30720,2,386133025
19730,83123430,122925089,206048519,0,0,0,84992,2,1243894565
19731,83137780,122929324,206067104,8,0,0,23040,17,2278727066
19732,83142900,123372851,206515751,8,0,0,14336,17,8204127006
19733,83143420,122755212,205898632,3,0,0,1024,1,467028425
19734,83143740,122803431,205947171,0,0,0,19456,2,6333871871
19735,83147540,123692072,206839612,8,0,0,19456,17,8638244603
19736,83160300,122899745,206060045,9,0,0,19456,13,7960776741
19737,83163580,123406531,206570111,1,0,0,59904,15,845318006
19738,83169220,123559482,206728702,0,0,0,24576,2,8866570969
19739,83178580,123466877,206645457,3,0,0,39424,1,8494543670
19740,83179430,123124916,206304346,3,0,0,11776,1,5905213948
19741,83186130,129373768,212559898,3,0,1,512,1,5167254529
19742,83190970,123466428,206657398,1,0,0,512,15,6167941171
19743,83192800,123400297,206593097,1,0,0,38400,15,2385829391
19744,83197969,129388681,212586650,4,0,1,44544,16,2380222344
19745,83198190,123353646,206551836,3,0,0,8192,1,1990160186
19746,83208551,129385960,212594511,0,0,1,11776,2,1836264999
19747,83211560,123224959,206436519,8,0,0,15872,17,8638686192
19748,83212810,122885558,206098368,2,0,0,5120,12,451362997
19749,83223460,129372037,212595497,0,0,1,1536,2,4430390714
19750,83224770,122829301,206054071,1,0,0,4608,15,7651325739
19751,83227230,123153668,206380898,2,0,0,11776,12,6888724553
19752,83232900,122914336,206147236,9,0,0,56832,13,2240696040
19753,83234450,122932281,206166731,6,0,0,9216,13,792596859
19754,83235010,123836893,207071903,8,0,0,61952,17,3723252707
19755,83237240,123187049,206424289,0,0,0,142336,2,1300707741
19756,83237380,129359295,212596675,3,0,1,13824,1,10426225823
19757,83243500,122974772,206218272,1,0,0,6144,15,6509399888
19758,83246220,122928463,206174683,1,0,0,23552,15,6688947563
19759,83246770,123386652,206633422,3,0,0,124928,1,7461595316
19760,83259720,123402069,206661789,3,0,0,14336,1,1856552565
19761,83275220,129352839,212628059,3,0,1,3584,1,2697093591
19762,83276820,122926643,206203463,6,0,0,13824,13,3472833370
19763,83281200,129347205,212628405,8,0,1,512,17,9207069179
19764,83285050,123092237,206377287,2,0,0,16384,12,6072819119
19765,83286200,123166433,206452633,6,0,0,12800,13,7288338175
19766,83289420,123221940,206511360,2,0,0,37888,12,8823182182
19767,83299561,129331430,212630991,9,0,1,4096,13,10053692147
19768,83304480,123230275,206534755,8,0,0,20480,17,5711128090
19769,83305440,123011813,206317253,2,0,0,12288,12,3820350255
19770,83306120,123190753,206496873,3,0,0,8192,1,1528198641
19771,83309030,123139680,206448710,6,0,0,39936,13,7750660736
19772,83330320,123338052,206668372,8,0,0,21504,17,8720909771
19773,83338560,123380367,206718927,3,0,0,10240,1,3018816386
19774,83340040,123481148,206821188,2,0,0,3584,12,4261000561
19775,83344660,123183832,206528492,6,0,0,7168,13,8642514309
19776,83349120,123328791,206677911,6,0,0,31232,13,10048639903
19777,83350910,123230464,206581374,1,0,0,36864,15,5623879488
19778,83351150,123339458,206690608,6,0,0,31744,13,4048086743
19779,83352050,123197267,206549317,3,0,0,4608,1,2641322680
19780,83379550,123075758,206455308,9,0,0,8704,13,6120472238
19781,83382971,129249646,212632617,1,0,1,2560,15,1813648727
19782,83392721,129240242,212632963,9,0,1,512,13,2498174524
19783,83397100,123388097,206785197,9,0,0,3072,13,5044726610
19784,83401030,123146852,206547882,2,0,0,43008,12,10044333384
19785,83403351,129231878,212635229,1,0,1,3584,15,6676431633
19786,83403530,123312254,206715784,8,0,0,43008,17,10424363212
19787,83405140,123609558,207014698,9,0,0,32256,13,4466824507
19788,83417680,123982960,207400640,8,0,0,7680,17,1706659606
19789,83425190,123852529,207277719,8,0,0,44544,17,7405355451
19790,83431910,123570034,207001944,6,0,0,5120,13,3720229981
19791,83432150,123492885,206925035,9,0,0,73728,13,4420300576
19792,83439320,123344918,206784238,9,0,0,24576,13,9903001557
19793,83439371,129197164,212636535,1,0,1,2048,15,801064784
19794,83467100,123401470,206868570,9,0,0,11776,13,4662942295
19795,83470250,123125085,206595335,1,0,0,7168,15,2085879075
19796,83472901,129170477,212643378,1,0,1,3584,15,806933233
19797,83478821,129167463,212646284,9,0,1,4608,13,6609214249
19798,83483211,129167211,212650422,1,0,1,9216,15,4219542182
19799,83483300,123173919,206657219,9,0,0,16384,13,6147412787
19800,83486820,123530386,207017206,6,0,0,512,13,8318107385
19801,83496530,123543141,207039671,1,0,0,26624,15,675388686
19802,83499060,123400124,206899184,8,0,0,51200,17,5184170058
19803,83501360,123439454,206940814,2,0,0,51712,12,3007679726
19804,83502320,123484418,206986738,8,0,0,21504,17,6522670049
19805,83507449,129147172,212654621,4,0,1,14336,16,9486390377
19806,83510960,123263948,206774908,8,0,0,2048,17,9999195288
19807,83511070,129146137,212657207,2,0,1,4096,12,4345366292
19808,83518091,129142342,212660433,6,0,1,5120,13,8626849058
19809,83522710,123158056,206680766,1,0,0,9216,15,9631399036
19810,83523369,129138140,212661509,4,0,1,13312,16,8324300134
19811,83524900,123322660,206847560,2,0,0,15360,12,1539150527
19812,83529301,129149126,212678427,6,0,1,52736,13,6652692229
19813,83532121,129149212,212681333,1,0,1,4608,15,10133655752
19814,83534160,123611544,207145704,8,0,0,14336,17,592196303
19815,83536500,123197061,206733561,2,0,0,15872,12,5215172267
19816,83537490,123644177,207181667,9,0,0,96768,13,3315357246
19817,83554560,123422598,206977158,2,0,0,512,12,4896798291
19818,83574400,129109702,212684102,3,0,1,2048,1,4307039127
19819,83576031,129112257,212688288,9,0,1,6656,13,38775319
19820,83576200,123455336,207031536,8,0,0,26624,17,9221598285
19821,83586281,129103083,212689364,6,0,1,13312,13,9972750236
19822,83588080,123494211,207082291,9,0,0,33792,13,2638357583
19823,83617540,123940966,207558506,9,0,0,156672,13,10608892645
19824,83647921,129042314,212690235,1,0,1,12288,15,3774413371
19825,83648040,129046380,212694420,8,0,1,23552,17,9566414760
19826,83656879,129042687,212699566,4,0,1,8192,16,7653126663
19827,83667080,123953364,207620444,8,0,0,26112,17,2644091891
19828,83667970,129048993,212716963,2,0,1,17920,12,8472382344
19829,83677151,129041438,212718589,1,0,1,2560,15,9412546815
19830,83680050,123533058,207213108,8,0,0,74240,17,4127538548
19831,83684050,124108434,207792484,2,0,0,102912,12,9153017521
19832,83688790,123877695,207566485,2,0,0,26112,12,9899295079
19833,83690360,123525135,207215495,2,0,0,6144,12,1500759960
19834,83690640,123426210,207116850,1,0,0,43008,15,6800249683
19835,83694560,123731681,207426241,8,0,0,34304,17,2410981568
19836,83696270,123773707,207469977,6,0,0,5632,13,970376005
19837,83701000,123658133,207359133,1,0,0,32256,15,6698056273
19838,83704920,123420930,207125850,2,0,0,3072,12,144674311
19839,83707450,129011485,212718935,3,0,1,512,1,5942458868
19840,83721830,123845146,207566976,8,0,0,1536,17,8312419321
19841,83731210,123453842,207185052,1,0,0,9728,15,6101831434
19842,83732049,128990432,212722481,4,0,1,5632,16,7115385889
19843,83745620,123648167,207393787,6,0,0,15872,13,2659363424
19844,83748110,128976957,212725067,3,0,1,4096,1,616952329
19845,83775180,123552034,207327214,6,0,0,28160,13,9720821183
19846,83778660,128961792,212740452,3,0,1,5632,1,2898644603
19847,83778740,123451164,207229904,2,0,0,8704,12,3767059368
19848,83797489,128945229,212742718,4,0,1,3584,16,3067833731
19849,83802060,123651390,207453450,1,0,0,8704,15,2815513298
19850,83808220,124094241,207902461,8,0,0,33280,17,10457399376
19851,83817160,123481086,207298246,2,0,0,1024,12,5180052537
19852,83835340,123887743,207723083,1,0,0,25600,15,2033047613
19853,83861610,123514773,207376383,1,0,0,2048,15,10543940931
19854,83863960,123454651,207318611,1,0,0,34816,15,6999004544
19855,83867720,128875254,212742974,2,0,1,9216,12,2287347741
19856,83873490,128871430,212744920,3,0,1,3072,1,376258375
19857,83884240,124516911,208401151,8,0,0,6144,17,2004258834
19858,83913520,123847585,207761105,6,0,0,64000,13,8286339446
19859,83913791,128843589,212757380,1,0,1,27136,15,3846199820
19860,83914710,123939053,207853763,4,0,0,58880,16,9218776819
19861,83918190,123511194,207429384,2,0,0,10240,12,5979561064
19862,83921250,124358863,208280113,8,0,0,33792,17,4515890459
19863,83927470,123405899,207333369,2,0,0,8192,12,3528038721
19864,83930210,128829116,212759326,3,0,1,3072,1,3967180296
19865,83931690,124109023,208040713,8,0,0,29696,17,7380453880
19866,83942610,123767790,207710400,6,0,0,11776,13,240125088
19867,83944610,124087032,208031642,2,0,0,32256,12,8374133417
19868,83951280,123751696,207702976,2,0,0,55808,12,204305677
19869,83953821,128820557,212774378,6,0,1,1024,13,10736788418
19870,83956330,124267435,208223765,2,0,0,59904,12,5322184992
19871,83963490,123716508,207679998,8,0,0,89600,17,4364853207
19872,83968240,123837619,207805859,4,0,0,34304,16,5638563327
19873,83972590,123822748,207795338,8,0,0,9216,17,5411911477
19874,83975540,123660746,207636286,6,0,0,3584,13,5249065790
19875,83977980,123737280,207715260,6,0,0,2560,13,813513689
19876,83979710,124503225,208482935,8,0,0,87040,17,10333575009
19877,83982240,128797284,212779524,8,0,1,8192,17,1409401666
19878,83990880,124093526,208084406,2,0,0,10240,12,8772137521
19879,84001420,124647473,208648893,6,0,0,32768,13,3687647151
19880,84002530,123833270,207835800,2,0,0,54784,12,7439715432
19881,84007950,123677999,207685949,8,0,0,19456,17,2939445037
19882,84011201,128769629,212780830,6,0,1,2048,13,2619098913
19883,84042620,123670985,207713605,8,0,0,6144,17,1097891317
19884,84042859,128738637,212781496,4,0,1,1024,16,2588263546
19885,84046670,128750368,212797038,2,0,1,22528,12,2783048743
19886,84048150,128762864,212811014,3,0,1,28672,1,6327175115
19887,84053120,123653646,207706766,8,0,0,12288,17,10361539964
19888,84056420,123752746,207809166,6,0,0,10752,13,2053949162
19889,84068650,128744950,212813600,3,0,1,4096,1,9964314527
19890,84069151,128745435,212814586,6,0,1,1536,13,5378760995
19891,84073380,128744752,212818132,8,0,1,5632,17,1009542318
19892,84081980,123864749,207946729,6,0,0,48128,13,7841095881
19893,84097380,123948192,208045572,8,0,0,15872,17,8925801530
19894,84111080,124779587,208890667,8,0,0,39424,17,3843841033
19895,84114520,123962974,208077494,6,0,0,16384,13,78160366
19896,84128750,124379125,208507875,6,0,0,36352,13,4129777792
19897,84145210,124945054,209090264,8,0,0,110080,17,6170640758
19898,84170760,124059611,208230371,8,0,0,13824,17,2906314328
19899,84181540,124453268,208634808,8,0,0,8704,17,7519884801
19900,84194671,128623807,212818478,6,0,1,512,13,40897523
19901,84214090,124392110,208606200,4,0,0,512,16,6376394240
19902,84214280,128611072,212825352,3,0,1,32768,1,648821950
19903,84246640,123762820,208009460,8,0,0,26112,17,6818076635
19904,84255410,128574445,212829855,3,0,1,10240,1,2700990494
19905,84256920,123726432,207983352,8,0,0,26624,17,3144425643
19906,84257980,124572132,208830112,6,0,0,29696,13,3926064507
19907,84266930,123754861,208021791,4,0,0,25088,16,5167478117
19908,84276160,123880118,208156278,4,0,0,7168,16,1645374315
19909,84306250,124835704,209141954,6,0,0,37888,13,3404061634
19910,84333069,128528732,212861801,4,0,1,9728,16,4587531060
19911,84344970,123860412,208205382,4,0,0,17920,16,5167464026
19912,84373290,124005973,208379263,4,0,0,10240,16,3786262034
19913,84384800,124014456,208399256,6,0,0,9728,13,849644144
19914,84459100,128403367,212862467,3,0,1,1024,1,205268667
19915,84525400,123588629,208114029,3,0,0,4608,1,1858413452
19916,84528620,124470556,208999176,3,0,0,44544,1,5484681836
19917,84545760,123654139,208199899,6,0,0,33792,13,9507082723
19918,84562780,123865459,208428239,3,0,0,10752,1,7082242471
19919,84571690,124621344,209193034,6,0,0,26112,13,5031991563
19920,84586840,123584905,208171745,3,0,0,50688,1,2145282665
19921,84591430,123634706,208226136,3,0,0,7680,1,4901333378
19922,84644130,123681478,208325608,3,0,0,1536,1,7968693859
19923,84650920,123709467,208360387,3,0,0,13824,1,4927331072
19924,84660140,128204286,212864426,3,0,1,14336,1,756321863
19925,84670210,123483861,208154071,3,0,0,54784,1,9339918284
19926,84706440,123363193,208069633,3,0,0,5632,1,7522426110
19927,84714120,128155132,212869252,3,0,1,7680,1,8713051297
19928,84743000,123554653,208297653,3,0,0,5120,1,2408720514
19929,84755360,123667677,208423037,6,0,0,46080,13,2643759695
19930,84806140,123590129,208396269,3,0,0,24064,1,1152606621
19931,84815250,123431467,208246717,6,0,0,3072,13,10676371247
19932,84861620,123568982,208430602,6,0,0,7680,13,5760831214
19933,84905830,123380883,208286713,6,0,0,18432,13,5282825123
19934,84918660,123403045,208321705,3,0,0,12288,1,3885230020
19935,84971460,123402543,208374003,6,0,0,32768,13,2791443591
19936,84989810,123419164,208408974,3,0,0,25600,1,10541555786
19937,84994240,127887889,212882129,3,0,1,1024,1,7741111802
19938,85043960,124101753,209145713,3,0,0,12288,1,753193099
19939,85177600,123917827,209095427,6,0,0,16896,13,2872015228
19940,85184310,123946055,209130365,3,0,0,94208,1,8993099928
19941,85212160,123333253,208545413,6,0,0,55296,13,536844236
19942,85263590,123568565,208832155,6,0,0,6656,13,4443464452
19943,85271230,123978948,209250178,3,0,0,18432,1,3666952174
19944,85297020,123159372,208456392,3,0,0,6144,1,6324189356
19945,85307270,127579045,212886315,3,0,1,6656,1,9935598844
19946,85346960,123858066,209205026,6,0,0,33792,13,4395421287
19947,85373630,123303163,208676793,6,0,0,20480,13,6587430941
19948,85409690,127486684,212896374,3,0,1,2560,1,2113794737
19949,85428490,127469267,212897757,3,0,1,14848,1,2122892957
19950,85455730,123183149,208638879,3,0,0,13312,1,8858766188
19951,85556220,122868720,208424940,6,0,0,6144,13,407599937
19952,85594880,122670797,208265677,3,0,0,1536,1,5903547390
19953,85623080,123301952,208925032,6,0,0,78848,13,10396950118
19954,85645360,123130151,208775511,3,0,0,22016,1,7311253635
19955,85755450,123230139,208985589,3,0,0,70144,1,1218342928
19956,85888520,127010543,212899063,3,0,1,2048,1,6850117184
19957,86047750,126856139,212903889,3,0,1,7680,1,2652256137
19958,86072380,126834121,212906501,3,0,1,4096,1,9830071030
19959,86084030,122754254,208838284,3,0,0,19968,1,9365882727
19960,86160970,123335567,209496537,3,0,0,96256,1,7948505975
19961,86305450,126602997,212908447,3,0,1,3072,1,8485080638
19962,86361900,122247914,208609814,3,0,0,8192,1,3112927308
19963,86376560,126546363,212922923,3,0,1,21504,1,2466792127
19964,86397060,126527809,212924869,3,0,1,3072,1,3084935859
19965,86472890,122092808,208565698,3,0,0,1024,1,1692643296
19966,86501810,126423405,212925215,3,0,1,512,1,7572238772
19967,86502200,122014393,208516593,3,0,0,3072,1,4125469020
19968,86551610,122244109,208795719,3,0,0,7680,1,1836339598
19969,86604240,122113339,208717579,3,0,0,31744,1,5593570688
19970,86640450,122172628,208813078,3,0,0,4096,1,6949584633
19971,86656810,126273577,212930387,3,0,1,8192,1,7088279572
19972,86663440,126277222,212940662,3,0,1,11264,1,832571819
19973,86675810,126269064,212944874,3,0,1,6656,1,2085930805
19974,86690440,122590435,209280875,3,0,0,3584,1,207264508
19975,86693540,122363169,209056709,3,0,0,38400,1,6351307498
19976,86739760,122081289,208821049,3,0,0,26112,1,7408616634
19977,86754920,121870265,208625185,3,0,0,22016,1,6413531512
19978,86770070,122244580,209014650,3,0,0,15360,1,5722740839
19979,86929610,122087239,209016849,3,0,0,7168,1,3278859976
19980,86945950,121985864,208931814,3,0,0,7168,1,9080419308
19981,86955650,122141040,209096690,3,0,0,4096,1,2594822813
19982,86957380,121936734,208894114,3,0,0,11264,1,6597791256
19983,86969670,121764075,208733745,3,0,0,46080,1,741119468
19984,86971570,125973970,212945540,3,0,1,11264,1,5195609816
19985,86976720,122303048,209279768,3,0,0,46080,1,6458942308
19986,87013330,122088241,209101571,3,0,0,10752,1,422358109
19987,87028190,121924535,208952725,3,0,0,4608,1,1367937127
19988,87034030,125917292,212951322,3,0,1,13312,1,178742443
19989,87140280,121522015,208662295,3,0,0,1536,1,4127405205
19990,87192440,122153310,209345750,3,0,0,24576,1,9373085847
19991,87273400,121960909,209234309,3,0,0,91136,1,9378761070
19992,87341100,121462923,208804023,3,0,0,9728,1,3175832474
19993,87356600,121228326,208584926,3,0,0,7168,1,2057643339
19994,87525330,121572935,209098265,3,0,0,5120,1,9220476883
19995,87536610,121364383,208900993,3,0,0,22528,1,600328780
19996,87669870,121479773,209149643,3,0,0,12800,1,2531101646
19997,87695280,121314675,209009955,3,0,0,35328,1,6823216682
19998,87738710,121190071,208928781,3,0,0,9728,1,3236990100
19999,87770620,125180958,212951578,3,0,1,9216,1,5140038468
