RequestID,ArrivalTime,DelayTime,FinishTime,InitiatorID,TargetID,IOType,Size,VolumeID,Offset
0,0,261056,261056,0,0,0,130048,13,10594877342
1,1,378078,378079,1,0,0,38912,19,1199046251
2,2,79367,79369,2,0,0,10752,5,5518659551
3,3,322539,322542,9,0,0,38400,7,4580971518
4,4,433227,433231,8,0,0,26112,18,1856831163
5,5,221404,221409,6,0,0,39936,17,5239636000
6,6,5729,5735,3,0,1,13824,4,3180553236
7,7,209219,209226,7,0,0,22528,15,5250503596
8,8,263255,263263,5,0,0,7168,18,10356298823
9,9,82807,82816,4,0,0,11264,13,6662076165
10,23430,117302,140732,9,0,0,8192,7,2509793511
11,23919,14545,38464,1,0,1,28160,19,5785437710
12,33550,252597,286147,8,0,0,39424,18,4874134809
13,40150,556131,596281,2,0,0,35840,5,4927281302
14,44761,3904,48665,2,0,1,10752,5,2877405686
15,56930,841972,898902,5,0,0,32256,18,2762272082
16,56950,34816,91766,8,0,1,60928,18,5079978599
17,65310,27442,92752,7,0,1,1536,15,6799044404
18,82660,806368,889028,8,0,0,46592,18,785759608
19,83960,297546,381506,9,0,0,3584,7,4653901796
20,108510,396044,504554,6,0,0,98816,17,5077194604
21,123540,274021,397561,2,0,0,4608,5,10190541698
22,130640,211751,342391,8,0,0,27648,18,10661901903
23,153901,417402,571303,3,0,0,32768,4,7539475426
24,166240,3406,169646,3,0,1,9728,4,1046546886
25,166250,620412,786662,0,0,0,104960,13,5685906373
26,170580,1608261,1778841,9,0,0,10752,7,786700456
27,180140,267302,447442,0,0,0,46592,13,2485644729
28,180470,5454,185924,7,0,1,13824,15,6147927470
29,183400,401505,584905,2,0,0,44544,5,9386289170
30,203110,586858,789968,7,0,0,4096,15,1056683110
31,217260,520060,737320,4,0,0,9728,13,9080798953
32,253331,17154,270485,2,0,1,7680,5,574050450
33,266600,182136,448736,2,0,0,4096,5,10700564039
34,304100,430241,734341,7,0,0,30208,15,3964904767
35,308080,739000,1047080,5,0,0,60416,18,1871629338
36,317220,315110,632330,7,0,0,47104,15,8774039457
37,320759,2867,323626,1,0,1,1024,19,2575402922
38,322550,274526,597076,8,0,0,2560,18,3128939695
39,324930,516210,841140,6,0,0,10752,17,5852666658
40,333720,367279,700999,0,0,0,20480,13,6199788936
41,336770,1155192,1491962,8,0,0,53760,18,785980774
42,337200,1903672,2240872,6,0,0,440320,17,5387457820
43,337210,659810,997020,0,0,0,38400,13,7804007951
44,354710,810687,1165397,4,0,0,6656,13,7668670725
45,362500,846310,1208810,4,0,0,50688,13,9762495621
46,365500,538097,903597,4,0,0,15360,13,692192613
47,366150,422555,788705,0,0,0,6656,13,1584565076
48,372160,887743,1259903,8,0,0,8192,18,5387123951
49,373820,228263,602083,5,0,0,16384,18,4720813093
50,410541,897938,1308479,3,0,0,78336,4,4544783491
51,410930,1967406,2378336,8,0,0,284160,18,5455659650
52,413370,1530648,1944018,9,0,0,17408,7,3721290222
53,415810,2470,418280,4,0,1,2560,13,3653016278
54,417110,490418,907528,4,0,0,12800,13,2735251965
55,423380,24077,447457,4,0,1,7168,13,6267256606
56,433080,517531,950611,2,0,0,40960,5,4822731131
57,436380,1831487,2267867,9,0,0,14336,7,1233861383
58,449260,3904,453164,5,0,1,10752,18,3619523279
59,453480,12825,466305,5,0,1,21504,18,1328291091
60,458700,879260,1337960,6,0,0,73728,17,1691223452
61,465370,675681,1141051,9,0,0,38400,7,1439939128
62,512810,1160714,1673524,0,0,0,6144,13,4782441199
63,516980,2946,519926,4,0,1,3072,13,8199054207
64,517909,2683,520592,1,0,1,1024,19,9821793785
65,533360,1042,534402,5,0,1,1024,18,9494740795
66,534790,1042,535832,9,0,1,1024,7,7714722976
67,544070,1464458,2008528,6,0,0,18432,17,4257921991
68,552691,630514,1183205,3,0,0,4608,4,4007449877
69,559220,1073091,1632311,7,0,0,69120,15,948218411
70,560529,10789,571318,1,0,1,5120,19,6290311321
71,560530,539914,1100444,8,0,0,8704,18,6714812537
72,574120,1189585,1763705,2,0,0,25600,5,6441902329
73,609430,6229,615659,3,0,1,15360,4,3509898128
74,621180,823419,1444599,6,0,0,13312,17,5818896217
75,628060,656536,1284596,9,0,0,59904,7,6298951387
76,630190,466588,1096778,6,0,0,15360,17,4520004579
77,655679,26479,682158,6,0,1,48128,17,3999245454
78,661590,1094300,1755890,8,0,0,15360,18,5621126054
79,684910,1807420,2492330,0,0,0,57344,13,2607188384
80,704670,660020,1364690,4,0,0,34304,13,10662484099
81,745900,563881,1309781,5,0,0,3072,18,4086723909
82,750920,1669808,2420728,8,0,0,97792,18,9579143388
83,775620,2444470,3220090,0,0,0,34304,13,140111602
84,794100,209817,1003917,0,0,0,2048,13,9650064482
85,795640,2185048,2980688,2,0,0,86528,5,8616153162
86,815290,978369,1793659,5,0,0,35840,18,3731427101
87,816679,5802,822481,1,0,1,6144,19,10713889965
88,820360,1739995,2560355,9,0,0,25600,7,4161544486
89,821941,999493,1821434,3,0,0,53248,4,5608762917
90,828800,1562117,2390917,6,0,0,38912,17,8915834634
91,831900,667082,1498982,0,0,0,7680,13,2425953153
92,838530,1424627,2263157,8,0,0,50176,18,8327777703
93,843090,1436555,2279645,2,0,0,25600,5,10494997798
94,843931,1148652,1992583,3,0,0,119296,4,10329436542
95,847690,1400092,2247782,2,0,0,9728,5,1883969903
96,854850,1043643,1898493,6,0,0,62976,17,1931152370
97,860600,1175297,2035897,6,0,0,8192,17,4889713413
98,867120,21939,889059,3,0,1,29184,4,5348181349
99,868940,49420,918360,4,0,1,28672,13,5156497450
100,880020,674762,1554782,2,0,0,2048,5,2991016854
101,896000,23346,919346,8,0,1,1536,18,3344895126
102,905370,3309420,4214790,7,0,0,56832,15,3018383854
103,908500,14072,922572,4,0,1,5120,13,10564218553
104,934860,987765,1922625,4,0,0,13824,13,9603017633
105,936760,372070,1308830,8,0,0,1024,18,10595836655
106,940990,1660588,2601578,4,0,0,70656,13,8814890166
107,945621,2724318,3669939,3,0,0,813056,4,3782166349
108,951081,2946,954027,2,0,1,3072,5,6813903732
109,954440,3387,957827,9,0,1,9728,7,2893219492
110,962140,11533,973673,7,0,1,18944,15,9193283754
111,962990,1536407,2499397,9,0,0,23040,7,7267873604
112,965370,2100863,3066233,5,0,0,4608,18,6884144024
113,966920,1667743,2634663,1,0,0,15872,19,1241211759
114,975960,3144347,4120307,4,0,0,103936,13,7144551365
115,981450,1310253,2291703,7,0,0,11776,15,10211581449
116,987900,3340635,4328535,2,0,0,78336,5,4582626
117,994310,1457663,2451973,7,0,0,99328,15,8901041027
118,997070,671259,1668329,2,0,0,37376,5,3555823885
119,1003221,2022597,3025818,3,0,0,123904,4,3208017662
120,1003770,3068459,4072229,6,0,0,24576,17,4315705631
121,1009090,2700767,3709857,4,0,0,8192,13,1568528608
122,1020730,1711297,2732027,9,0,0,29696,7,1421967694
123,1022180,893542,1915722,6,0,0,10240,17,6376078044
124,1027640,525875,1553515,7,0,0,1536,15,2554332343
125,1044110,2006168,3050278,2,0,0,12288,5,8272139961
126,1058640,2002391,3061031,2,0,0,13312,5,2156105836
127,1059850,1547055,2606905,8,0,0,17408,18,6801937194
128,1072020,5326,1077346,8,0,1,5632,18,10517566595
129,1072100,1620055,2692155,1,0,0,5632,19,7344737557
130,1074720,2338228,3412948,7,0,0,73728,15,4961893181
131,1076790,11533,1088323,9,0,1,18944,7,7114655660
132,1096210,2063252,3159462,8,0,0,11264,18,3992120927
133,1118171,3175313,4293484,3,0,0,14848,4,6464166477
134,1119760,1042,1120802,9,0,1,1024,7,3614652554
135,1124150,2031865,3156015,4,0,0,51200,13,8550687160
136,1139779,8018,1147797,1,0,1,7168,19,1809786651
137,1142630,6793,1149423,8,0,1,2560,18,2335899668
138,1146210,13512,1159722,4,0,1,26112,13,6588722407
139,1153290,4198380,5351670,4,0,0,66560,13,9622695038
140,1156720,4066688,5223408,0,0,0,39936,13,5327799004
141,1158120,1877712,3035832,9,0,0,10752,7,2046010674
142,1161820,2615755,3777575,9,0,0,48128,7,4118630997
143,1182140,1633959,2816099,8,0,0,73728,18,10228098159
144,1185180,1941866,3127046,5,0,0,49664,18,4136566332
145,1197640,14591,1212231,7,0,1,9728,15,9470706579
146,1198570,1264214,2462784,5,0,0,35328,18,1976598678
147,1201230,15428,1216658,3,0,1,5120,4,8192736650
148,1216291,2480198,3696489,3,0,0,83968,4,3508214493
149,1216380,2074197,3290577,2,0,0,17920,5,6516954354
150,1221220,3695864,4917084,8,0,0,45056,18,5934372505
151,1234630,1010173,2244803,8,0,0,12800,18,109479634
152,1260850,445242,1706092,6,0,0,7168,17,7113550050
153,1278550,1286500,2565050,9,0,0,15360,7,550940872
154,1285170,2529899,3815069,4,0,0,26112,13,6331781937
155,1287750,1744791,3032541,7,0,0,22016,15,4913683665
156,1309600,85852,1395452,4,0,1,143360,13,2472728609
157,1321671,1949875,3271546,3,0,0,26624,4,4521798238
158,1322960,940524,2263484,6,0,0,1024,17,10388103936
159,1323530,78131,1401661,3,0,1,21504,4,9418335216
160,1335840,2385038,3720878,4,0,0,26112,13,10176152173
161,1337260,1650775,2988035,8,0,0,24064,18,3963855163
162,1337661,2403006,3740667,3,0,0,59904,4,509933920
163,1341320,1133523,2474843,6,0,0,39424,17,5306096028
164,1343690,928108,2271798,6,0,0,12800,17,9597548249
165,1352840,2999445,4352285,8,0,0,70144,18,380240244
166,1358020,2404852,3762872,1,0,0,6656,19,2729328354
167,1364410,1800246,3164656,6,0,0,16896,17,10381421473
168,1374990,1046221,2421211,5,0,0,1536,18,2180738814
169,1383970,1756406,3140376,4,0,0,41472,13,10346267933
170,1387230,2629758,4016988,7,0,0,62464,15,6890908785
171,1398930,1525734,2924664,6,0,0,5632,17,6282304214
172,1400810,2360019,3760829,4,0,0,53248,13,720032352
173,1405800,2842003,4247803,4,0,0,36864,13,8234006343
174,1406150,1974601,3380751,0,0,0,100864,13,4331975117
175,1406779,3128,1409907,6,0,1,9216,17,888387903
176,1416000,872092,2288092,0,0,0,27648,13,6628944689
177,1422350,22691,1445041,3,0,1,37376,4,4447659764
178,1453980,2442996,3896976,8,0,0,99328,18,2009127439
179,1454640,2249399,3704039,9,0,0,16896,7,1984522046
180,1460090,1435948,2896038,4,0,0,33792,13,3906354356
181,1474510,3099412,4573922,6,0,0,29696,17,6297180763
182,1481560,1564903,3046463,7,0,0,34816,15,794444672
183,1486000,4356063,5842063,4,0,0,25600,13,2726150614
184,1487700,933994,2421694,8,0,0,1536,18,1314105841
185,1490790,3977586,5468376,2,0,0,19968,5,6036688859
186,1507780,2299318,3807098,9,0,0,96768,7,4556561015
187,1547860,6937,1554797,5,0,1,7168,18,5506047693
188,1553761,3214340,4768101,3,0,0,156672,4,8791053682
189,1553830,1153389,2707219,6,0,0,15360,17,5616484186
190,1558860,1831609,3390469,4,0,0,31744,13,3153366799
191,1563120,1042,1564162,5,0,1,1024,18,2051007147
192,1597541,3645,1601186,2,0,1,10240,5,917262366
193,1598820,6052,1604872,7,0,1,11264,15,4440592734
194,1604710,2364993,3969703,7,0,0,16896,15,4580305547
195,1638910,3307103,4946013,9,0,0,3072,7,8896764742
196,1642050,26294,1668344,4,0,1,30208,13,6266104775
197,1651900,2070444,3722344,8,0,0,3072,18,7223636377
198,1659651,2750988,4410639,3,0,0,30208,4,7494642910
199,1675130,1994,1677124,8,0,1,2048,18,5639425598
200,1682490,696548,2379038,4,0,0,2048,13,2956544164
201,1691100,4850,1695950,8,0,1,5120,18,9795993582
202,1701810,2826763,4528573,0,0,0,60928,13,5225068599
203,1704890,2859961,4564851,0,0,0,14848,13,4383999996
204,1708291,2150854,3859145,3,0,0,10752,4,3599156326
205,1708520,3250666,4959186,8,0,0,16384,18,3383075569
206,1711660,2452053,4163713,7,0,0,94720,15,9494022125
207,1721400,1949490,3670890,6,0,0,3072,17,1001731601
208,1721880,3387,1725267,8,0,1,9728,18,7806229253
209,1723730,1883,1725613,7,0,1,512,15,7169665915
210,1730790,2765778,4496568,0,0,0,8704,13,4238855829
211,1734540,1964320,3698860,6,0,0,7680,17,5268475038
212,1737569,2946,1740515,6,0,1,3072,17,2923298867
213,1747570,16166,1763736,9,0,1,18432,7,2609978134
214,1751660,2223994,3975654,8,0,0,19456,18,1665018433
215,1757520,794414,2551934,6,0,0,4096,17,10533320571
216,1762110,2259263,4021373,4,0,0,1536,13,1361910638
217,1770710,8146,1778856,7,0,1,15872,15,8369321015
218,1777890,1349795,3127685,0,0,0,2048,13,108696511
219,1779740,2910499,4690239,9,0,0,34304,7,5966024785
220,1784180,2044495,3828675,9,0,0,43008,7,3776296831
221,1795021,2839761,4634782,3,0,0,9216,4,1147047265
222,1806420,18470,1824890,5,0,1,3584,18,9927273749
223,1807590,21486,1829076,8,0,1,6656,18,10392456349
224,1807921,3132734,4940655,3,0,0,77312,4,1928713799
225,1826370,3645,1830015,7,0,1,10240,15,7930382368
226,1844950,10241,1855191,8,0,1,16384,18,7621814813
227,1854250,2870,1857120,4,0,1,8704,13,10099425848
228,1871290,3181811,5053101,4,0,0,11264,13,2092582975
229,1876841,2113344,3990185,3,0,0,47616,4,4268192270
230,1881240,17828,1899068,5,0,1,512,18,5539430401
231,1891830,3291230,5183060,8,0,0,38400,18,3216693296
232,1900911,2932407,4833318,3,0,0,79360,4,3089857059
233,1909780,23120,1932900,9,0,1,41472,7,6608565253
234,1918930,2134088,4053018,5,0,0,8192,18,1828748424
235,1919290,1825300,3744590,0,0,0,12800,13,930164770
236,1922150,2798200,4720350,0,0,0,31232,13,10726170980
237,1935550,2153074,4088624,6,0,0,53760,17,1945670471
238,1946750,2250701,4197451,5,0,0,43008,18,992700401
239,1957020,3040885,4997905,4,0,0,49152,13,2922164114
240,1981700,3052171,5033871,7,0,0,25600,15,4427192396
241,1989210,1318352,3307562,4,0,0,1536,13,8058575082
242,1989490,1108760,3098250,4,0,0,34816,13,3867054509
243,2002690,925334,2928024,7,0,0,1536,15,3697666247
244,2003050,1704296,3707346,4,0,0,10752,13,7073247076
245,2017020,1994,2019014,9,0,1,2048,7,10080934155
246,2028301,2093277,4121578,3,0,0,4096,4,126104806
247,2035740,3567775,5603515,5,0,0,54784,18,3874095941
248,2047620,3277863,5325483,5,0,0,15872,18,1184913031
249,2053970,2470,2056440,9,0,1,2560,7,9393511155
250,2057860,2273030,4330890,5,0,0,7680,18,8793620343
251,2059100,3422,2062522,7,0,1,3584,15,2240723763
252,2062069,4374,2066443,6,0,1,4608,17,3046211614
253,2065019,13083,2078102,6,0,1,22016,17,9028110149
254,2075391,3622523,5697914,3,0,0,88576,4,6656524682
255,2079330,1153036,3232366,6,0,0,24064,17,1775793028
256,2099090,658506,2757596,6,0,0,22016,17,2628309998
257,2108510,2395873,4504383,0,0,0,25600,13,7158890308
258,2113030,4050262,6163292,5,0,0,15872,18,2748980138
259,2124750,3046572,5171322,9,0,0,82432,7,1066242700
260,2145120,2979788,5124908,8,0,0,43520,18,8666957192
261,2146330,3703392,5849722,5,0,0,25088,18,2564802906
262,2154561,2957048,5111609,3,0,0,92160,4,2338234432
263,2156950,4108951,6265901,8,0,0,90624,18,8231042743
264,2161090,4266457,6427547,9,0,0,20992,7,6277989782
265,2163480,128238,2291718,7,0,1,7680,15,6457505744
266,2168340,2468649,4636989,6,0,0,7168,17,6196290854
267,2170330,1821750,3992080,4,0,0,6144,13,5021862431
268,2215430,3842053,6057483,6,0,0,116224,17,5997544725
269,2216060,75673,2291733,5,0,1,2048,18,6967717041
270,2242420,3379386,5621806,4,0,0,59904,13,8708518224
271,2247050,838353,3085403,8,0,0,2560,18,7548274530
272,2255030,2794624,5049654,9,0,0,46080,7,5688168000
273,2271500,106851,2378351,7,0,1,7168,15,10189615800
274,2300640,3569471,5870111,7,0,0,50176,15,5215924114
275,2306330,3513021,5819351,9,0,0,140800,7,3076466752
276,2307900,3054393,5362293,6,0,0,34816,17,7001253881
277,2313250,3436970,5750220,7,0,0,150528,15,10153255266
278,2351460,1361447,3712907,0,0,0,5120,13,6968072734
279,2354470,3062219,5416689,4,0,0,13312,13,5490179673
280,2373480,2942826,5316306,9,0,0,31744,7,9313427576
281,2401350,768001,3169351,9,0,0,15360,7,2694654148
282,2404650,94802,2499452,4,0,1,5632,13,4861876173
283,2406621,92846,2499467,2,0,1,12288,5,7877287302
284,2406781,3086483,5493264,3,0,0,20992,4,1028904437
285,2423759,78067,2501826,1,0,1,2560,19,424875072
286,2425249,86678,2511927,0,0,1,19456,13,428127704
287,2438210,3320800,5759010,9,0,0,13312,7,9611877458
288,2443520,2508436,4951956,4,0,0,19456,13,10183478373
289,2453130,3844784,6297914,6,0,0,45056,17,8802834734
290,2454850,2949425,5404275,5,0,0,55808,18,2203007664
291,2467031,3411519,5878550,3,0,0,27648,4,9847649761
292,2479430,1890457,4369887,2,0,0,52736,5,4634066626
293,2485900,2146051,4631951,6,0,0,23552,17,7457502025
294,2504970,2105889,4610859,4,0,0,65024,13,773776876
295,2514370,3155426,5669796,0,0,0,54272,13,9984338454
296,2517550,1403047,3920597,4,0,0,46080,13,455700494
297,2520800,1768130,4288930,4,0,0,14848,13,8564198430
298,2548660,3333181,5881841,6,0,0,10752,17,4224553262
299,2564590,2619889,5184479,9,0,0,4608,7,3136794679
300,2572650,2372412,4945062,9,0,0,14336,7,810050768
301,2588380,644802,3233182,6,0,0,1536,17,9319190406
302,2597070,3553263,6150333,0,0,0,48128,13,114232789
303,2608450,1385845,3994295,6,0,0,7168,17,8244039686
304,2611110,2224119,4835229,6,0,0,6144,17,8072131787
305,2628390,3941351,6569741,5,0,0,37888,18,2799111019
306,2628460,1539363,4167823,2,0,0,13312,5,1696819348
307,2632020,5763,2637783,7,0,1,9216,15,2750862034
308,2655700,4316118,6971818,8,0,0,22528,18,1699626204
309,2658430,7706,2666136,7,0,1,8192,15,2146436027
310,2666380,3925840,6592220,6,0,0,73728,17,1710026227
311,2677029,4374,2681403,1,0,1,4608,19,9783118266
312,2677190,1973336,4650526,6,0,0,4608,17,1988471602
313,2678320,3719886,6398206,0,0,0,28160,13,8507793815
314,2702490,5254,2707744,9,0,1,512,7,8839828281
315,2703740,8477,2712217,4,0,1,5120,13,988336157
316,2710390,1510819,4221209,6,0,0,20992,17,3324978439
317,2740750,2822237,5562987,7,0,0,57856,15,2149181189
318,2760300,2724627,5484927,2,0,0,54272,5,5484756251
319,2761890,4061872,6823762,2,0,0,41472,5,8528660044
320,2764840,3007321,5772161,4,0,0,43008,13,9614173784
321,2773500,2068304,4841804,8,0,0,21504,18,8227093253
322,2776960,3981726,6758686,2,0,0,26112,5,1398655155
323,2782600,3110100,5892700,0,0,0,35328,13,7264616218
324,2789770,1236980,4026750,4,0,0,7680,13,882963356
325,2790191,2836466,5626657,3,0,0,15872,4,756702294
326,2799740,3874522,6674262,5,0,0,512,18,7099969831
327,2800560,6011762,8812322,4,0,0,19456,13,7280856352
328,2811960,3284086,6096046,5,0,0,126464,18,6200118693
329,2822170,4132047,6954217,7,0,0,109568,15,9296017975
330,2825050,896327,3721377,6,0,0,1536,17,2977560729
331,2825951,5736075,8562026,3,0,0,213504,4,9287563591
332,2850791,4222109,7072900,3,0,0,8704,4,7445316754
333,2852400,1189973,4042373,9,0,0,12288,7,3872803379
334,2852990,1924274,4777264,4,0,0,3584,13,1701521119
335,2853510,2999355,5852865,8,0,0,10240,18,2864328763
336,2878751,1994,2880745,2,0,1,2048,5,8439867039
337,2885800,3456746,6342546,4,0,0,7680,13,8779303401
338,2892030,3087317,5979347,1,0,0,18432,19,7026543946
339,2931870,3818829,6750699,8,0,0,94208,18,3609933095
340,2946821,4146597,7093418,3,0,0,30208,4,298654238
341,2947380,3290879,6238259,4,0,0,24064,13,7567485459
342,2969090,4374862,7343952,4,0,0,24576,13,7690204144
343,2973970,76331,3050301,4,0,1,7680,13,3716080651
344,2996410,4188275,7184685,0,0,0,10752,13,2281503651
345,2996640,4265146,7261786,5,0,0,23552,18,2008921708
346,3001360,2064408,5065768,2,0,0,41472,5,7682204129
347,3002801,851506,3854307,3,0,0,2048,4,4648135183
348,3005010,2366713,5371723,2,0,0,19456,5,5541845311
349,3021860,4716437,7738297,9,0,0,10240,7,1563050388
350,3037930,2942524,5980454,0,0,0,3584,13,9347208340
351,3041921,1085514,4127435,3,0,0,3584,4,2505803030
352,3043230,2493791,5537021,5,0,0,18944,18,4781243070
353,3056690,22691,3079381,5,0,1,37376,18,5115647408
354,3059070,1063787,4122857,6,0,0,4096,17,7587766460
355,3071920,3201274,6273194,4,0,0,14336,13,1162667154
356,3100200,5964678,9064878,0,0,0,23552,13,10119713565
357,3105961,2039414,5145375,3,0,0,67072,4,794761134
358,3111520,1579982,4691502,2,0,0,4096,5,3580027905
359,3122440,3327994,6450434,8,0,0,5632,18,122402299
360,3123120,3102796,6225916,7,0,0,20480,15,6862646678
361,3123310,2631613,5754923,5,0,0,15360,18,3991712185
362,3123650,35827,3159477,7,0,1,3584,15,3193737349
363,3123930,2407296,5531226,8,0,0,67072,18,3244243108
364,3126850,584482,3711332,1,0,0,4608,19,7819544047
365,3128910,3006744,6135654,1,0,0,22528,19,4839863918
366,3147930,2276886,5424816,8,0,0,26624,18,2224040920
367,3150801,4385875,7536676,3,0,0,17408,4,2575160138
368,3160500,3700599,6861099,5,0,0,43008,18,5247159584
369,3162780,12559,3175339,3,0,1,14848,4,9659855680
370,3172250,2930270,6102520,6,0,0,19456,17,8162013506
371,3181100,1994,3183094,5,0,1,2048,18,9111777424
372,3186620,4182271,7368891,8,0,0,44544,18,6133773684
373,3195410,3300497,6495907,1,0,0,54784,19,7243430464
374,3203260,4984048,8187308,4,0,0,17920,13,6001762649
375,3206080,609444,3815524,0,0,0,1024,13,7830050849
376,3209140,3010505,6219645,6,0,0,86016,17,7714848854
377,3230000,6009788,9239788,9,0,0,90112,7,879362567
378,3236100,4708019,7944119,4,0,0,65024,13,7448699784
379,3261210,4796304,8057514,1,0,0,32768,19,9248805183
380,3267760,3333687,6601447,0,0,0,30208,13,3470930963
381,3268740,3449134,6717874,4,0,0,51712,13,8937452587
382,3272500,566,3273066,4,0,1,512,13,2452481319
383,3274191,2162892,5437083,3,0,0,1024,4,7147980038
384,3275950,3870116,7146066,9,0,0,21504,7,805779649
385,3292640,5802,3298442,8,0,1,6144,18,2303004180
386,3295161,6042253,9337414,3,0,0,91648,4,5150852003
387,3301521,4433625,7735146,3,0,0,89088,4,7994545171
388,3304040,5042976,8347016,7,0,0,35840,15,4643162939
389,3305040,2587887,5892927,6,0,0,512,17,10319376837
390,3305710,4259576,7565286,1,0,0,64000,19,7517578088
391,3308280,2065954,5374234,1,0,0,8192,19,8009459480
392,3309140,3319175,6628315,6,0,0,8192,17,7833332315
393,3312160,3824563,7136723,5,0,0,117760,18,4250975835
394,3317350,5196,3322546,9,0,1,13312,7,8822845280
395,3329480,4138642,7468122,8,0,0,62976,18,7906466766
396,3332900,2054341,5387241,1,0,0,22528,19,613971829
397,3339280,3128,3342408,3,0,1,9216,4,3696131386
398,3343710,37056,3380766,9,0,1,7680,7,3504819913
399,3364530,2001226,5365756,9,0,0,11264,7,5489443773
400,3372250,754078,4126328,1,0,0,11264,19,8894619549
401,3387130,2193990,5581120,0,0,0,23552,13,2252059282
402,3401120,3784594,7185714,1,0,0,1536,19,9778005133
403,3409830,5154,3414984,3,0,1,2048,4,10121382612
404,3427011,401727,3828738,2,0,1,4096,5,2021305841
405,3436390,3589285,7025675,7,0,0,20480,15,4755378518
406,3459990,3794597,7254587,0,0,0,48640,13,4782640483
407,3463620,4380068,7843688,9,0,0,16896,7,191909045
408,3471121,3193274,6664395,3,0,0,22528,4,5086913049
409,3471750,3339361,6811111,9,0,0,94720,7,10209491567
410,3479110,3347039,6826149,2,0,0,7680,5,8655602237
411,3480730,348023,3828753,8,0,1,12288,18,8150253974
412,3492140,1993738,5485878,9,0,0,3072,7,5949923719
413,3505660,2772564,6278224,6,0,0,10752,17,6062368351
414,3509230,4664936,8174166,9,0,0,87040,7,6221610924
415,3516009,315619,3831628,6,0,1,18944,17,4420646188
416,3518410,2610357,6128767,8,0,0,86016,18,433691537
417,3560359,276658,3837017,0,0,1,17408,13,7380560014
418,3563150,3827939,7391089,7,0,0,48128,15,1602680039
419,3564410,275193,3839603,4,0,1,4096,13,6856002208
420,3565700,3463883,7029583,2,0,0,9728,5,5617167922
421,3572690,3041793,6614483,2,0,0,7168,5,9552333209
422,3573590,2130735,5704325,1,0,0,20992,19,130529018
423,3578641,2881168,6459809,3,0,0,30720,4,6407347626
424,3578929,265859,3844788,6,0,1,16384,17,7888999906
425,3582190,3329677,6911867,5,0,0,45056,18,6361787128
426,3585810,259337,3845147,3,0,1,9728,4,338155011
427,3598090,4026935,7625025,5,0,0,96768,18,213444956
428,3600880,2712084,6312964,8,0,0,14336,18,2084505918
429,3613790,2162614,5776404,6,0,0,13824,17,3514644647
430,3614540,1930780,5545320,4,0,0,27136,13,9851204898
431,3619850,231257,3851107,4,0,1,16896,13,2293235768
432,3646810,2628115,6274925,5,0,0,5632,18,5174617524
433,3661320,190760,3852080,3,0,1,12800,4,3742240608
434,3666800,3756199,7422999,4,0,0,26624,13,6934880817
435,3695811,3933986,7629797,3,0,0,15360,4,10618226066
436,3699520,2458921,6158441,8,0,0,25600,18,550456297
437,3705840,3056005,6761845,1,0,0,10240,19,2437372197
438,3715420,4175285,7890705,7,0,0,24576,15,8510771501
439,3724179,130846,3855025,6,0,1,13312,17,7590832138
440,3725660,1508152,5233812,5,0,0,4096,18,531302025
441,3729970,3801355,7531325,8,0,0,207360,18,7156387329
442,3737160,6061649,9798809,7,0,0,65024,15,1011656233
443,3737481,2096705,5834186,3,0,0,48640,4,7846968987
444,3742200,116960,3859160,4,0,1,2048,13,8685469530
445,3753110,4851902,8605012,9,0,0,74240,7,7384383350
446,3758810,3922379,7681189,1,0,0,109568,19,1431398041
447,3778820,5675414,9454234,1,0,0,57856,19,2945386279
448,3794169,102822,3896991,6,0,1,26112,17,1078949688
449,3800270,96744,3897014,5,0,1,4608,18,9500116845
450,3806120,3570282,7376402,8,0,0,24576,18,3344503103
451,3814539,82498,3897037,6,0,1,21504,17,9366015372
452,3849000,49945,3898945,7,0,1,2048,15,3181349320
453,3873660,3884004,7757664,4,0,0,63488,13,9516541968
454,3879330,3343491,7222821,6,0,0,19968,17,3026056104
455,3882070,2722520,6604590,0,0,0,10240,13,9491316487
456,3892910,4988852,8881762,8,0,0,45056,18,279912861
457,3896180,6047306,9943486,6,0,0,54784,17,6264430816
458,3896980,3682377,7579357,8,0,0,46080,18,878175932
459,3899040,3645,3902685,3,0,1,10240,4,6142266630
460,3900380,20232,3920612,7,0,1,19456,15,5219316153
461,3914180,2971380,6885560,2,0,0,29696,5,5968799232
462,3932190,4501906,8434096,6,0,0,13312,17,825700566
463,3933810,2615101,6548911,9,0,0,25088,7,9295964924
464,3934290,15062,3949352,5,0,1,29184,18,10561057148
465,3934790,15228,3950018,7,0,1,1024,15,4880383002
466,3945330,3702452,7647782,8,0,0,45568,18,4910097964
467,3964740,3357917,7322657,8,0,0,36864,18,10573506260
468,3968000,2221860,6189860,4,0,0,16384,13,9142144703
469,3975190,41813,4017003,9,0,1,15872,7,1648597811
470,3976660,977519,4954179,2,0,0,7168,5,1963029449
471,3978870,3601758,7580628,0,0,0,4096,13,10116982258
472,3981570,4668596,8650166,8,0,0,136192,18,3464797612
473,3981990,6162402,10144392,5,0,0,8704,18,5307216936
474,3988340,3927621,7915961,4,0,0,5632,13,8040169301
475,4002260,30356,4032616,3,0,1,30208,4,775271184
476,4008170,2827057,6835227,8,0,0,14848,18,8033080058
477,4014260,4294431,8308691,7,0,0,33792,15,963009419
478,4021021,2809667,6830688,3,0,0,14848,4,8517396507
479,4038420,5031473,9069893,9,0,0,16384,7,5157661346
480,4040260,3543831,7584091,5,0,0,11264,18,7940539830
481,4041380,6812,4048192,9,0,1,6144,7,6039013533
482,4054750,3951443,8006193,2,0,0,43520,5,5484284491
483,4056640,4272343,8328983,6,0,0,4608,17,1563821232
484,4075250,56873,4132123,3,0,1,12288,4,10217646525
485,4093330,40099,4133429,8,0,1,2048,18,10586879237
486,4095260,3947155,8042415,8,0,0,49664,18,6859098856
487,4105010,4269329,8374339,7,0,0,89088,15,4514811515
488,4107110,26985,4134095,7,0,1,1024,15,3007794880
489,4112821,50923,4163744,2,0,1,20992,5,5228594277
490,4117370,3280119,7397489,5,0,0,10240,18,10550508798
491,4120310,6431199,10551509,8,0,0,631296,18,4011082505
492,4125200,4119665,8244865,7,0,0,33280,15,238658631
493,4140641,881683,5022324,3,0,0,17408,4,8586638060
494,4143620,29483,4173103,9,0,1,13312,7,1204480720
495,4145120,3400627,7545747,0,0,0,29696,13,4214712251
496,4148970,26146,4175116,8,0,1,9216,18,5515014791
497,4152240,5527302,9679542,9,0,0,61440,7,4306143884
498,4152310,3821661,7973971,1,0,0,12800,19,3843097630
499,4152770,5319271,9472041,4,0,0,58368,13,6369559512
500,4153540,2839637,6993177,6,0,0,17408,17,4723212698
501,4165510,3430000,7595510,5,0,0,37376,18,3280415941
502,4168500,7387,4175887,7,0,1,1024,15,2903561835
503,4186580,3821581,8008161,1,0,0,4608,19,2181531041
504,4198460,1472451,5670911,7,0,0,3584,15,3437442253
505,4214190,12830,4227020,7,0,1,6144,15,3981982910
506,4219429,14935,4234364,6,0,1,18432,17,3903374540
507,4232630,5875639,10108269,4,0,0,7168,13,361674315
508,4235390,3647804,7883194,8,0,0,95744,18,9846519461
509,4238460,1616324,5854784,5,0,0,6144,18,9823315456
510,4252780,4355851,8608631,1,0,0,11776,19,4858358516
511,4260650,4820022,9080672,5,0,0,35328,18,7901399075
512,4272420,3433322,7705742,5,0,0,18432,18,4811562989
513,4272640,2991041,7263681,9,0,0,6144,7,9130168918
514,4278200,6323205,10601405,5,0,0,45568,18,7608789270
515,4280110,8835,4288945,3,0,1,6144,4,2755750699
516,4283640,4092118,8375758,0,0,0,4608,13,1368639873
517,4296950,3411029,7707979,1,0,0,2560,19,4670476801
518,4300070,3534799,7834869,5,0,0,12800,18,4940603301
519,4329930,2506903,6836833,2,0,0,1536,5,9917938965
520,4344860,3070012,7414872,5,0,0,18944,18,1321696298
521,4345680,3426227,7771907,5,0,0,10240,18,2454919739
522,4348621,3731052,8079673,3,0,0,10752,4,8688302875
523,4353950,17464,4371414,7,0,1,1536,15,606540750
524,4358110,2315981,6674091,2,0,0,4096,5,7753317740
525,4374120,5659292,10033412,6,0,0,219648,17,2176366952
526,4379380,3474619,7853999,4,0,0,33792,13,7554258357
527,4379750,3572496,7952246,7,0,0,26624,15,1720640378
528,4391290,5021518,9412808,4,0,0,88064,13,1677629511
529,4398460,2437874,6836334,4,0,0,3584,13,4676897055
530,4412030,4291027,8703057,9,0,0,60416,7,7162122000
531,4412960,6328433,10741393,9,0,0,90624,7,9515488364
532,4428740,4255387,8684127,9,0,0,46080,7,1678833372
533,4432750,2914816,7347566,2,0,0,10240,5,9908292484
534,4434830,4420,4439250,9,0,1,11776,7,5827247911
535,4436270,1660259,6096529,7,0,0,1536,15,6541030991
536,4477310,3704515,8181825,0,0,0,25088,13,1004255034
537,4477970,2798192,7276162,8,0,0,6656,18,6724571159
538,4495421,5398601,9894022,3,0,0,59392,4,1494474993
539,4506700,21896,4528596,9,0,1,5632,7,4531749039
540,4510451,4658568,9169019,3,0,0,95232,4,316800660
541,4529110,22862,4551972,9,0,1,40960,7,5187239396
542,4539630,13008,4552638,4,0,1,1024,13,4877324024
543,4544740,1477316,6022056,6,0,0,12800,17,2613152729
544,4551300,4679,4555979,9,0,1,12288,7,8464339675
545,4553470,6755578,11309048,5,0,0,33280,18,9901732024
546,4557650,5199781,9757431,8,0,0,66560,18,9042834681
547,4561920,6149763,10711683,2,0,0,69632,5,8992520761
548,4567720,3325652,7893372,7,0,0,8704,15,5819561275
549,4574000,2870,4576870,9,0,1,8704,7,3729651349
550,4575610,5499399,10075009,8,0,0,70144,18,10552386163
551,4597270,2277999,6875269,7,0,0,11776,15,8270702002
552,4609090,4894634,9503724,0,0,0,103936,13,1298969593
553,4612580,3451821,8064401,2,0,0,22528,5,10280774152
554,4620130,1685566,6305696,7,0,0,6144,15,1203601095
555,4622300,5204542,9826842,0,0,0,50688,13,7209820068
556,4627430,10439,4637869,5,0,1,9216,18,5502038602
557,4640720,3736301,8377021,5,0,0,4096,18,3192992668
558,4684829,11085,4695914,6,0,1,11776,17,4065799750
559,4692520,5625905,10318425,0,0,0,21504,13,9934993718
560,4699190,4300505,8999695,9,0,0,4608,7,4114166382
561,4705160,62972,4768132,3,0,1,39424,4,5341283983
562,4705621,6047113,10752734,3,0,0,11264,4,4931129415
563,4707590,61169,4768759,3,0,1,512,4,6256431473
564,4734140,6339712,11073852,9,0,0,87040,7,4329383852
565,4737559,34177,4771736,6,0,1,9728,17,1469889497
566,4759680,5161875,9921555,8,0,0,24576,18,1479362782
567,4790840,6126354,10917194,9,0,0,56320,7,3180306179
568,4791350,4645225,9436575,8,0,0,39424,18,2563400359
569,4793660,3873697,8667357,0,0,0,56320,13,977714058
570,4795700,6300069,11095769,8,0,0,9216,18,6650030185
571,4814020,6755272,11569292,9,0,0,81408,7,2454195647
572,4815300,3164059,7979359,6,0,0,15360,17,10016385248
573,4816520,6820458,11636978,5,0,0,66048,18,7591852912
574,4824240,6330203,11154443,5,0,0,2048,18,7429272652
575,4848060,3258545,8106605,1,0,0,27136,19,4896267281
576,4875160,1513182,6388342,8,0,0,20992,18,7781119632
577,4876311,4073383,8949694,3,0,0,20992,4,7954744681
578,4884410,3213912,8098322,5,0,0,34816,18,10708347581
579,4915291,4142396,9057687,3,0,0,63488,4,7511872152
580,4915600,1783090,6698690,6,0,0,2048,17,4691987913
581,4920440,3272850,8193290,7,0,0,15360,15,522015280
582,4934940,5390684,10325624,8,0,0,23552,18,3857330810
583,4937060,3275839,8212899,8,0,0,7680,18,6081147293
584,4937900,7123106,12061006,9,0,0,40448,7,7788704727
585,4948530,6463203,11411733,0,0,0,39936,13,7732406361
586,4949830,20406,4970236,4,0,1,17920,13,2150744918
587,4950301,4674013,9624314,3,0,0,102912,4,10618886045
588,4969580,6459055,11428635,0,0,0,49152,13,4021303334
589,4976570,5783379,10759949,2,0,0,23552,5,5386216128
590,4978870,4556637,9535507,6,0,0,14336,17,1442521638
591,4986710,5325140,10311850,5,0,0,34304,18,9493137648
592,4995250,3238,4998488,3,0,1,512,4,5150051419
593,5000400,5196,5005596,4,0,1,13312,13,5096145592
594,5004710,4656089,9660799,2,0,0,45056,5,10119488776
595,5009150,3201370,8210520,4,0,0,34816,13,5838478817
596,5027190,4619560,9646750,2,0,0,34816,5,8169982166
597,5036020,3546301,8582321,0,0,0,66560,13,1701479152
598,5044280,5841621,10885901,0,0,0,73216,13,1245879554
599,5047010,2182132,7229142,7,0,0,16896,15,4031596775
600,5047160,6750206,11797366,5,0,0,1024,18,2695760338
601,5049461,2248337,7297798,3,0,0,4608,4,9742232269
602,5064060,5685227,10749287,6,0,0,4608,17,7664436346
603,5068680,4792676,9861356,0,0,0,109568,13,3948638359
604,5072440,2723142,7795582,5,0,0,512,18,7980321569
605,5083760,6599243,11683003,2,0,0,67584,5,5229602647
606,5087240,6997445,12084685,7,0,0,31232,15,9971355963
607,5087380,83957,5171337,9,0,1,9728,7,2253781257
608,5089680,4817937,9907617,0,0,0,44544,13,9081051862
609,5106120,7243956,12350076,5,0,0,334848,18,7733960461
610,5112481,3147188,8259669,3,0,0,23552,4,7811914983
611,5113170,3739123,8852293,7,0,0,56320,15,2221572203
612,5119000,2574544,7693544,6,0,0,40448,17,6628263539
613,5143000,6694783,11837783,1,0,0,42496,19,2642107994
614,5150480,5474410,10624890,9,0,0,24064,7,1318704326
615,5164420,7373769,12538189,7,0,0,63488,15,4304695893
616,5168140,1882230,7050370,0,0,0,3072,13,2069588719
617,5169559,16497,5186056,6,0,1,1536,17,2457308213
618,5181390,5654435,10835825,5,0,0,27648,18,9692862503
619,5191640,5423212,10614852,2,0,0,44032,5,2862272852
620,5238180,5695643,10933823,7,0,0,13824,15,1605703786
621,5247830,3707183,8955013,5,0,0,17408,18,2480612252
622,5263830,21916,5285746,3,0,1,35840,4,3741640512
623,5265900,3723091,8988991,6,0,0,14848,17,8712127345
624,5284660,6416174,11700834,0,0,0,31744,13,7086625017
625,5289650,1042,5290692,9,0,1,1024,7,2895909271
626,5299560,3616335,8915895,7,0,0,13824,15,283923964
627,5311960,2388151,7700111,0,0,0,21504,13,5472000236
628,5319870,7337039,12656909,8,0,0,37376,18,4674635390
629,5322101,5368335,10690436,3,0,0,46592,4,6550468795
630,5341650,2616094,7957744,5,0,0,6656,18,6134110848
631,5351650,6723496,12075146,0,0,0,15872,13,6474160400
632,5353660,5322557,10676217,2,0,0,53248,5,2328864387
633,5359930,4146680,9506610,8,0,0,1024,18,5083887260
634,5360119,27137,5387256,6,0,1,18432,17,3716881617
635,5372380,2948083,8320463,1,0,0,22016,19,5135302070
636,5400580,7488154,12888734,7,0,0,32768,15,1017317535
637,5411760,4641838,10053598,5,0,0,42496,18,1684317956
638,5429451,2759120,8188571,3,0,0,4096,4,3457978411
639,5448940,1042,5449982,8,0,1,1024,18,6794494452
640,5449051,6798978,12248029,3,0,0,48640,4,463208726
641,5457740,5653363,11111103,7,0,0,39424,15,8300309059
642,5473440,3555687,9029127,5,0,0,52736,18,10358106308
643,5482540,4876590,10359130,6,0,0,68608,17,9643780529
644,5489201,6055264,11544465,3,0,0,77312,4,6312217427
645,5497730,6931085,12428815,2,0,0,11776,5,6545098683
646,5501090,3258468,8759558,6,0,0,2560,17,8576314411
647,5503180,4372707,9875887,9,0,0,47616,7,5875751492
648,5509070,5390917,10899987,1,0,0,34304,19,8953314734
649,5510780,2196404,7707184,4,0,0,3072,13,1243053586
650,5527780,3743525,9271305,7,0,0,47616,15,6830102191
651,5529780,4436653,9966433,5,0,0,75264,18,4834982894
652,5530610,3681699,9212309,7,0,0,512,15,9087438501
653,5542210,2657671,8199881,2,0,0,21504,5,4011755849
654,5542580,4175646,9718226,1,0,0,41984,19,5617516700
655,5544660,6585647,12130307,2,0,0,32256,5,1713091612
656,5554710,10330,5565040,9,0,1,2048,7,7443598756
657,5557590,1057688,6615278,1,0,0,2560,19,9833752533
658,5560670,3271760,8832430,7,0,0,1536,15,1902695458
659,5565480,7230,5572710,4,0,1,7680,13,7306507855
660,5574040,5997615,11571655,2,0,0,7680,5,1431839997
661,5585360,5063809,10649169,8,0,0,9728,18,775934972
662,5588440,713249,6301689,9,0,0,12288,7,3711785996
663,5593630,5327791,10921421,9,0,0,13824,7,3276340904
664,5597330,3961161,9558491,2,0,0,48128,5,4064207235
665,5620280,7929,5628209,3,0,1,1536,4,7531098741
666,5624689,8182,5632871,1,0,1,14336,19,8300059166
667,5626230,5856581,11482811,1,0,0,13824,19,400068656
668,5633960,7805058,13439018,6,0,0,39424,17,2090588625
669,5646760,8293406,13940166,9,0,0,64512,7,2684082621
670,5653730,7388780,13042510,7,0,0,55296,15,8952454243
671,5679471,6785293,12464764,3,0,0,48640,4,3939515029
672,5690320,3401155,9091475,0,0,0,2048,13,5557041167
673,5700960,2717106,8418066,8,0,0,3072,18,7362949604
674,5720499,113734,5834233,1,0,1,1536,19,8451346267
675,5722750,4545862,10268612,5,0,0,7168,18,5313601484
676,5728440,105808,5834248,5,0,1,1536,18,262329815
677,5729620,5067449,10797069,8,0,0,45568,18,212162314
678,5740610,4895238,10635848,5,0,0,24576,18,1511580423
679,5742490,5212158,10954648,1,0,0,30720,19,790348334
680,5751921,2918103,8670024,3,0,0,8704,4,1386910642
681,5753590,4547793,10301383,8,0,0,64000,18,6423632397
682,5761720,5099315,10861035,0,0,0,67584,13,2555482282
683,5763140,3813737,9576877,8,0,0,7680,18,431552349
684,5771340,4816142,10587482,6,0,0,41472,17,10370139799
685,5771720,1290672,7062392,9,0,0,7680,7,101514946
686,5776370,116580,5892950,8,0,1,7168,18,10680078900
687,5776860,6333463,12110323,6,0,0,15360,17,1064380831
688,5791579,104978,5896557,1,0,1,4096,19,6389802561
689,5795460,4542751,10338211,0,0,0,23552,13,5832385784
690,5797470,6770717,12568187,5,0,0,68608,18,8354470142
691,5802450,3884775,9687225,2,0,0,25088,5,3125653675
692,5803670,5412475,11216145,2,0,0,15360,5,5616305820
693,5812450,4762373,10574823,8,0,0,69632,18,4093147123
694,5814681,3996686,9811367,3,0,0,13312,4,3588554932
695,5818650,4265782,10084432,0,0,0,30720,13,4402229747
696,5827050,70660,5897710,7,0,1,10240,15,7922831874
697,5832840,7439226,13272066,0,0,0,89600,13,2856007021
698,5833270,5214031,11047301,6,0,0,23040,17,8949955560
699,5833650,7883634,13717284,0,0,0,44032,13,8484506842
700,5835850,2207048,8042898,1,0,0,1536,19,9728255714
701,5836100,4077944,9914044,7,0,0,20992,15,1881167475
702,5842970,5170558,11013528,0,0,0,76288,13,2765170238
703,5843610,3963686,9807296,9,0,0,27648,7,4983307618
704,5848150,5091772,10939922,2,0,0,19968,5,7004079303
705,5858790,3344589,9203379,9,0,0,24576,7,329108283
706,5866500,6981823,12848323,2,0,0,64512,5,5405032032
707,5867100,3022820,8889920,8,0,0,2560,18,8445785577
708,5871010,2813624,8684634,6,0,0,1536,17,6390966814
709,5874700,6329324,12204024,5,0,0,41472,18,4715767812
710,5874821,2912617,8787438,3,0,0,13312,4,4636881114
711,5894230,7432,5901662,7,0,1,11776,15,9860631344
712,5898510,1807715,7706225,9,0,0,1536,7,9847569145
713,5906490,5751351,11657841,1,0,0,6656,19,1280313773
714,5915300,12308,5927608,3,0,1,20480,4,5183621400
715,5927730,2361870,8289600,6,0,0,31232,17,1338654424
716,5943019,4420,5947439,6,0,1,11776,17,8120116493
717,5949640,6565182,12514822,6,0,0,41472,17,6483429154
718,5952620,6540472,12493092,5,0,0,43520,18,10024401669
719,5955650,7022867,12978517,0,0,0,97792,13,3400613432
720,5971471,6658787,12630258,3,0,0,50176,4,4817326000
721,5977190,8710,5985900,9,0,1,13824,7,3697876447
722,5982540,5386478,11369018,0,0,0,6144,13,3851278147
723,5982610,6123002,12105612,7,0,0,68608,15,3654163684
724,5986551,3579178,9565729,3,0,0,2560,4,1350019104
725,5987810,5653403,11641213,9,0,0,13824,7,7673920723
726,5993780,4162,5997942,7,0,1,11264,15,195982174
727,5999430,6644298,12643728,7,0,0,19456,15,6405154642
728,6006060,2384155,8390215,1,0,0,35328,19,7042614061
729,6011201,3613448,9624649,3,0,0,1024,4,2926303506
730,6012860,4168568,10181428,5,0,0,17920,18,6128933138
731,6017891,2275632,8293523,3,0,0,12800,4,7858245064
732,6022080,128292,6150372,4,0,1,12800,13,3301098962
733,6022710,127701,6150411,5,0,1,8704,18,3221488924
734,6030260,2774933,8805193,6,0,0,2560,17,4612959352
735,6040161,4604290,10644451,3,0,0,28160,4,5915727130
736,6047150,116157,6163307,4,0,1,13824,13,4338674587
737,6050370,112952,6163322,9,0,1,8704,7,6070676270
738,6061850,4928411,10990261,7,0,0,53760,15,10056670167
739,6067680,97240,6164920,3,0,1,8192,4,5553128785
740,6072640,92536,6165176,9,0,1,9216,7,9947403855
741,6083830,3128308,9212138,8,0,0,28672,18,6643455653
742,6095290,6829479,12924769,5,0,0,36864,18,1957110783
743,6097900,7231674,13329574,2,0,0,70656,5,7554361441
744,6105680,5678942,11784622,5,0,0,6144,18,2680701175
745,6107070,5098538,11205608,6,0,0,62464,17,7179045268
746,6112510,53332,6165842,7,0,1,1024,15,10546157939
747,6131610,4010115,10141725,2,0,0,8704,5,8072499061
748,6149269,40606,6189875,1,0,1,34816,19,6989447800
749,6159110,7842641,14001751,6,0,0,47104,17,3222380091
750,6167820,22070,6189890,4,0,1,10752,13,3916144778
751,6172480,1783213,7955693,2,0,0,11264,5,8873013288
752,6174010,4950155,11124165,0,0,0,20992,13,807842743
753,6174970,3652979,9827949,2,0,0,3584,5,4260337058
754,6179650,4590150,10769800,9,0,0,32256,7,503158634
755,6188420,7004977,13193397,6,0,0,58368,17,10430994687
756,6193860,35710,6229570,8,0,1,10240,18,10404948551
757,6199740,38534,6238274,7,0,1,14848,15,3254257611
758,6203950,6905315,13109265,6,0,0,15872,17,1974671409
759,6212470,53470,6265940,5,0,1,35840,18,4494506266
760,6227800,4432178,10659978,0,0,0,31744,13,2284624212
761,6228919,38091,6267010,6,0,1,1024,17,4651027502
762,6235380,4694208,10929588,2,0,0,26624,5,9614195643
763,6260431,3663963,9924394,3,0,0,9216,4,221742553
764,6272380,6489744,12762124,2,0,0,9216,5,6688080961
765,6284730,30713,6315443,4,0,1,26624,13,6801537537
766,6285870,3988785,10274655,5,0,0,15360,18,208901958
767,6287671,5498056,11785727,3,0,0,2560,4,7583636823
768,6303870,8368064,14671934,8,0,0,71168,18,5311533666
769,6314810,5347578,11662388,8,0,0,14848,18,4206578449
770,6336291,3293840,9630131,3,0,0,3584,4,7313403157
771,6339170,6765236,13104406,9,0,0,87040,7,1986533695
772,6341270,6108651,12449921,9,0,0,61440,7,3610201785
773,6361390,3417592,9778982,5,0,0,70656,18,8016663168
774,6366951,4416211,10783162,3,0,0,32768,4,6536421738
775,6367650,6369422,12737072,6,0,0,100352,17,6058450966
776,6372690,5077839,11450529,7,0,0,41472,15,9474019075
777,6373880,7024479,13398359,0,0,0,33280,13,3413467500
778,6382851,7788895,14171746,3,0,0,72192,4,1100125184
779,6384020,8698338,15082358,7,0,0,24576,15,5966728900
780,6390960,6187078,12578038,5,0,0,32256,18,6803329336
781,6391170,4623325,11014495,6,0,0,3072,17,1395710617
782,6395340,10138,6405478,9,0,1,7680,7,7203755289
783,6400720,3639883,10040603,7,0,0,23552,15,9013116583
784,6429260,7347271,13776531,9,0,0,37376,7,4110565200
785,6434020,4183523,10617543,1,0,0,8704,19,9242290839
786,6454010,8804,6462814,3,0,1,3072,4,8639191314
787,6455620,6486898,12942518,6,0,0,37888,17,3624581766
788,6456150,5490983,11947133,2,0,0,37376,5,9606289249
789,6456660,4370726,10827386,6,0,0,28672,17,5795749166
790,6462500,12566,6475066,4,0,1,20992,13,5753506976
791,6465531,8972037,15437568,3,0,0,87552,4,5452174022
792,6469150,3123793,9592943,9,0,0,25088,7,1706942345
793,6471900,3832,6475732,3,0,1,1024,4,8698092317
794,6481139,16320,6497459,6,0,1,1536,17,2600460718
795,6494730,2843323,9338053,0,0,0,2048,13,2226477208
796,6495110,4463617,10958727,8,0,0,13312,18,2816384353
797,6502820,4147300,10650120,1,0,0,3072,19,8511677945
798,6503330,1518,6504848,5,0,1,1536,18,10369741809
799,6510720,7380057,13890777,2,0,0,28672,5,6316327690
800,6513620,7956173,14469793,8,0,0,241152,18,842449917
801,6525760,1398532,7924292,6,0,0,9216,17,7259532491
802,6532170,4331400,10863570,8,0,0,8192,18,2208934268
803,6544730,11420,6556150,7,0,1,7680,15,7684582294
804,6546940,6946138,13493078,6,0,0,5120,17,9159187906
805,6575600,6036180,12611780,9,0,0,108032,7,6745569133
806,6580290,5790557,12370847,9,0,0,68096,7,8597891847
807,6595381,5212160,11807541,3,0,0,26112,4,10561255804
808,6598020,2380627,8978647,0,0,0,36352,13,4364569704
809,6598910,4290610,10889520,1,0,0,11776,19,10322909400
810,6611830,4428428,11040258,9,0,0,84480,7,8902423362
811,6622160,4882357,11504517,6,0,0,57344,17,4846742775
812,6640800,8046411,14687211,2,0,0,37888,5,9729299751
813,6645880,7230,6653110,8,0,1,7680,18,5693072295
814,6651480,5828329,12479809,0,0,0,6656,13,2162741431
815,6687449,1994,6689443,1,0,1,2048,19,775048907
816,6689210,5093517,11782727,9,0,0,17920,7,8658791746
817,6690351,4128276,10818627,3,0,0,70144,4,2415864894
818,6723820,4375248,11099068,2,0,0,10752,5,5124989039
819,6724470,2559053,9283523,6,0,0,2048,17,7573911915
820,6726170,6135927,12862097,5,0,0,20480,18,5193751468
821,6726620,5300480,12027100,8,0,0,38400,18,9712273111
822,6742960,7857246,14600206,1,0,0,19968,19,632567930
823,6760360,7279,6767639,4,0,1,6144,13,4783303323
824,6781060,4529259,11310319,9,0,0,4096,7,2752918423
825,6786230,8227471,15013701,2,0,0,49664,5,2170429731
826,6789291,8063766,14853057,3,0,0,21504,4,10408121912
827,6794850,5911623,12706473,9,0,0,45568,7,8042150748
828,6797130,8880622,15677752,6,0,0,72704,17,3393612145
829,6815331,4598297,11413628,3,0,0,6144,4,6140911160
830,6816460,989551,7806011,5,0,0,11264,18,1673004356
831,6829660,8043841,14873501,0,0,0,14848,13,8794665265
832,6831270,5687209,12518479,7,0,0,512,15,509365433
833,6850520,25133,6875653,7,0,1,28160,15,7718410353
834,6853160,7185598,14038758,2,0,0,60416,5,2165922483
835,6882160,4195615,11077775,0,0,0,12800,13,9359673861
836,6884960,5759571,12644531,6,0,0,2560,17,4750014491
837,6888220,3859584,10747804,6,0,0,20992,17,61472538
838,6890240,5174377,12064617,8,0,0,11776,18,1559521874
839,6932020,5682911,12614931,0,0,0,10240,13,1477437002
840,6936800,5970558,12907358,0,0,0,8192,13,6598215613
841,6958260,6349755,13308015,6,0,0,66048,17,4585755408
842,7002350,3838062,10840412,0,0,0,14848,13,1378580172
843,7007370,6065005,13072375,2,0,0,13824,5,9023404822
844,7014050,4572448,11586498,5,0,0,48640,18,4405372058
845,7014120,4258307,11272427,6,0,0,6144,17,2145800016
846,7027590,3917659,10945249,9,0,0,17408,7,8337696225
847,7027631,3769609,10797240,3,0,0,512,4,6348216547
848,7031410,6697753,13729163,0,0,0,38912,13,1792083121
849,7033730,7194207,14227937,2,0,0,184320,5,10348090339
850,7034700,10757,7045457,3,0,1,17408,4,9099226833
851,7041380,3731735,10773115,1,0,0,10752,19,2724563781
852,7051340,4135213,11186553,7,0,0,59392,15,7006696034
853,7052180,4769210,11821390,7,0,0,23552,15,6997148349
854,7059020,3912378,10971398,7,0,0,9216,15,3403381712
855,7059610,8265411,15325021,1,0,0,46592,19,3017166454
856,7076430,8050036,15126466,1,0,0,49152,19,8678928726
857,7079091,5468169,12547260,3,0,0,29696,4,1162512087
858,7088730,4561398,11650128,6,0,0,29184,17,6572917295
859,7094770,5550720,12645490,2,0,0,3072,5,9220751530
860,7096749,39989,7136738,1,0,1,6144,19,10515459306
861,7118340,4878263,11996603,8,0,0,46080,18,1828551591
862,7130349,20048,7150397,6,0,1,23040,17,6703384034
863,7131580,5724254,12855834,7,0,0,24576,15,6742844707
864,7134550,4688579,11823129,5,0,0,5632,18,9500185866
865,7139491,5631236,12770727,3,0,0,28160,4,9508799389
866,7144960,6996944,14141904,0,0,0,23040,13,8927999393
867,7152149,6488,7158637,1,0,1,15872,19,7041610480
868,7158060,6509907,13667967,6,0,0,28672,17,1976164276
869,7165480,6984247,14149727,6,0,0,25600,17,6055128002
870,7169460,4436272,11605732,9,0,0,39936,7,5924156902
871,7169500,5003584,12173084,1,0,0,1536,19,5135896199
872,7171580,33850,7205430,5,0,1,55808,18,4092989715
873,7182729,24967,7207696,1,0,1,3584,19,3180368935
874,7183290,3909648,11092938,0,0,0,49664,13,6817336492
875,7187591,4979336,12166927,3,0,0,5632,4,8480174083
876,7190720,7039580,14230300,6,0,0,7680,17,1583511988
877,7209670,6030476,13240146,6,0,0,41472,17,5446161458
878,7224450,6643956,13868406,1,0,0,10752,19,10535112321
879,7228510,8421896,15650406,2,0,0,15872,5,6022445132
880,7228690,4819961,12048651,1,0,0,70656,19,5499692153
881,7240080,3020815,10260895,0,0,0,11776,13,1504841220
882,7243100,8042517,15285617,0,0,0,109568,13,2423554366
883,7251330,5797599,13048929,8,0,0,20992,18,7314192278
884,7260651,4457450,11718101,3,0,0,33792,4,1057521428
885,7265020,5506674,12771694,9,0,0,3072,7,7146172334
886,7268221,4910526,12178747,3,0,0,4096,4,8350487826
887,7268400,5391184,12659584,1,0,0,8704,19,2757464480
888,7276820,5713732,12990552,2,0,0,39424,5,1919928862
889,7296241,8004094,15300335,3,0,0,19456,4,213110050
890,7297610,5634,7303244,9,0,1,13824,7,7418126478
891,7301220,3412506,10713726,0,0,0,6656,13,6855044516
892,7308980,13700,7322680,8,0,1,3584,18,5929256571
893,7312320,3853682,11166002,8,0,0,25600,18,5730758616
894,7325810,5192490,12518300,8,0,0,9216,18,1514848407
895,7339660,4313767,11653427,9,0,0,10752,7,1782402740
896,7360740,4709539,12070279,0,0,0,14336,13,1952294697
897,7371641,8427435,15799076,3,0,0,2560,4,2310957635
898,7403730,6550655,13954385,0,0,0,46592,13,4150353291
899,7421820,7378001,14799821,7,0,0,25088,15,271243298
900,7431450,3963443,11394893,7,0,0,8704,15,5947223110
901,7437610,9336239,16773849,1,0,0,91136,19,916320472
902,7440581,4541959,11982540,3,0,0,57856,4,8448853472
903,7460740,5926496,13387236,7,0,0,54272,15,127090203
904,7479540,4176250,11655790,7,0,0,7680,15,8561457185
905,7483930,7110169,14594099,0,0,0,21504,13,1559921549
906,7484560,4627034,12111594,2,0,0,4096,5,2752022632
907,7489520,4525849,12015369,0,0,0,56320,13,9384510086
908,7504070,7000222,14504292,6,0,0,113152,17,5649747867
909,7510830,114218,7625048,7,0,1,4608,15,4595998549
910,7511200,3860805,11372005,7,0,0,9728,15,1639985849
911,7529950,95113,7625063,3,0,1,11264,4,8117519580
912,7538190,86912,7625102,4,0,1,1536,13,9166756242
913,7539910,1349199,8889109,1,0,0,24064,19,3183958311
914,7542339,15618802,23161141,1,0,1,14848,19,5062908038
915,7555520,3774557,11330077,2,0,0,2048,5,705589348
916,7561031,5335838,12896869,3,0,0,26624,4,8444243716
917,7571700,6768201,14339901,7,0,0,13312,15,8032575886
918,7590620,4819273,12409893,9,0,0,65024,7,6413223291
919,7591090,5753194,13344284,6,0,0,34816,17,886593101
920,7593439,16335925,23929364,6,0,1,1536,17,5515674669
921,7609020,8330180,15939200,6,0,0,83456,17,10351933760
922,7628680,1936246,9564926,8,0,0,20992,18,5899660388
923,7636350,4838109,12474459,9,0,0,31744,7,4734529855
924,7648410,8395634,16044044,5,0,0,39936,18,950451507
925,7656660,7051475,14708135,6,0,0,68096,17,5219902324
926,7677290,2968892,10646182,2,0,0,5632,5,795514831
927,7694010,5047765,12741775,7,0,0,15360,15,8813727446
928,7696370,16236540,23932910,4,0,1,5632,13,3423701168
929,7699920,4725284,12425204,6,0,0,50176,17,4312312940
930,7705590,5581631,13287221,6,0,0,49664,17,1618587751
931,7712010,16231354,23943364,5,0,1,1024,18,2632895684
932,7721310,16222077,23943387,7,0,1,2560,15,1071463039
933,7724840,5906194,13631034,5,0,0,21504,18,8016818726
934,7744080,7953998,15698078,2,0,0,30208,5,9133927485
935,7762150,7183291,14945441,6,0,0,88576,17,402990244
936,7778500,2849845,10628345,7,0,0,11264,15,9034362977
937,7794600,8745261,16539861,7,0,0,96768,15,4158999253
938,7803580,16139830,23943410,3,0,1,2048,4,9078974134
939,7809371,4692792,12502163,3,0,0,29696,4,2331283175
940,7814870,8473301,16288171,8,0,0,12288,18,1654739282
941,7824570,7973703,15798273,8,0,0,56832,18,5792796130
942,7831680,16111753,23943433,8,0,1,1536,18,7895319815
943,7846729,16128194,23974923,1,0,1,4096,19,3883964844
944,7878970,9042619,16921589,6,0,0,38400,17,2313285124
945,7905050,16069896,23974946,8,0,1,2560,18,1868158851
946,7906240,5879073,13785313,2,0,0,19456,5,4929290729
947,7911860,8598494,16510354,2,0,0,60928,5,8398261372
948,7941470,3652071,11593541,0,0,0,23040,13,9900004147
949,7946370,3334495,11280865,2,0,0,22016,5,7351248490
950,7952710,4525048,12477758,0,0,0,10752,13,8463761364
951,7964030,17293496,25257526,5,0,1,26112,18,4979141530
952,7995180,8869553,16864733,5,0,0,10240,18,10128974437
953,8004340,8687683,16692023,1,0,0,4096,19,10600682080
954,8007971,9074268,17082239,3,0,0,102912,4,2850407011
955,8014950,4884438,12899388,1,0,0,8192,19,9068037274
956,8036420,3330703,11367123,1,0,0,5632,19,97519280
957,8041190,7647661,15688851,2,0,0,36352,5,6208408447
958,8049620,8739696,16789316,4,0,0,50688,13,10225583533
959,8059660,17202692,25262352,7,0,1,7680,15,7780949243
960,8060590,9293726,17354316,4,0,0,22528,13,3841054247
961,8067440,4451374,12518814,8,0,0,1024,18,5111841333
962,8071430,5126826,13198256,2,0,0,15872,5,5682851059
963,8096380,6038481,14134861,2,0,0,74752,5,10315929743
964,8096540,19357711,27454251,7,0,1,2560,15,620779689
965,8097870,19358007,27455877,5,0,1,2560,18,1812144644
966,8098371,5712231,13810602,3,0,0,8704,4,7815656720
967,8107509,19349239,27456748,6,0,1,12288,17,6541333956
968,8117340,7270348,15387688,7,0,0,6144,15,9953164538
969,8129540,2520751,10650291,8,0,0,512,18,1728932341
970,8138490,19691825,27830315,7,0,1,6144,15,5855201057
971,8140741,7833426,15974167,3,0,0,114688,4,3811953865
972,8142240,4806458,12948698,4,0,0,12800,13,3099755183
973,8159010,4478759,12637769,0,0,0,24576,13,4301466771
974,8172780,19766315,27939095,4,0,1,8192,13,5763453878
975,8175050,19786251,27961301,3,0,1,4608,4,4971827191
976,8180340,8944976,17125316,1,0,0,45056,19,10354952620
977,8184860,5565230,13750090,7,0,0,68608,15,2849987358
978,8184870,8536764,16721634,8,0,0,30208,18,10087488947
979,8185380,4573913,12759293,1,0,0,16896,19,8620781213
980,8195980,19804367,28000347,8,0,1,30720,18,9499206642
981,8196470,5002597,13199067,8,0,0,2560,18,3553739849
982,8198910,19809767,28008677,7,0,1,6656,15,5875337510
983,8205270,20038073,28243343,9,0,1,7168,7,5068290694
984,8213351,7031816,15245167,3,0,0,80896,4,6995967488
985,8238150,7407389,15645539,6,0,0,41984,17,2456245413
986,8244400,5182218,13426618,4,0,0,92672,13,4072658190
987,8254350,9405932,17660282,8,0,0,38912,18,1831768412
988,8285280,6740755,15026035,4,0,0,26112,13,8740470144
989,8297540,5941987,14239527,5,0,0,30208,18,7354086707
990,8307289,20099770,28407059,1,0,1,3072,19,1235916116
991,8323790,5380055,13703845,4,0,0,53760,13,5117621464
992,8324970,5723483,14048453,1,0,0,31744,19,792073729
993,8324979,20082103,28407082,1,0,1,12800,19,3597459328
994,8327029,20080076,28407105,6,0,1,2048,17,3070453992
995,8365140,3633046,11998186,4,0,0,5120,13,3092565023
996,8382521,5210940,13593461,3,0,0,32256,4,8268402534
997,8383880,20023248,28407128,7,0,1,1024,15,10035941201
998,8385900,9023489,17409389,1,0,0,44032,19,6293117030
999,8398380,6150330,14548710,7,0,0,57344,15,1460184504
1000,8405460,5468585,13874045,6,0,0,18432,17,2912339034
1001,8407151,2940775,11347926,3,0,0,2048,4,6778062470
1002,8413531,7870873,16284404,3,0,0,13312,4,2784745149
1003,8439660,8898496,17338156,7,0,0,28672,15,6008660953
1004,8442740,6710631,15153371,6,0,0,9728,17,5786030991
1005,8471611,5187597,13659208,3,0,0,23552,4,1366597572
1006,8498730,7760356,16259086,4,0,0,126976,13,2107849896
1007,8498951,7503209,16002160,3,0,0,24064,4,4766353939
1008,8500550,9329803,17830353,2,0,0,91136,5,7383091246
1009,8500940,4610220,13111160,8,0,0,6144,18,9998897908
1010,8504160,6626229,15130389,4,0,0,12800,13,9733257653
1011,8504770,3885288,12390058,7,0,0,62976,15,1066856219
1012,8505510,4828143,13333653,8,0,0,13312,18,10379156327
1013,8522420,5039178,13561598,7,0,0,8192,15,5901826234
1014,8533941,19873210,28407151,2,0,1,7680,5,9203110374
1015,8539160,7846765,16385925,4,0,0,55296,13,634949699
1016,8554041,8871412,17425453,3,0,0,37888,4,9355065173
1017,8561050,8779960,17341010,1,0,0,1536,19,8763848908
1018,8563010,4589792,13152802,7,0,0,24064,15,2261661596
1019,8568350,19844910,28413260,3,0,1,10752,4,7661121651
1020,8618240,5290921,13909161,7,0,0,18432,15,2439713831
1021,8626571,5425805,14052376,3,0,0,12800,4,5195813243
1022,8627880,20189910,28817790,8,0,1,18432,18,10632981917
1023,8648650,20460298,29108948,9,0,1,16384,7,5855560583
1024,8672820,20436151,29108971,7,0,1,13312,15,1368971153
1025,8707960,20797178,29505138,5,0,1,19968,18,3698448045
1026,8712170,21645939,30358109,4,0,1,9216,13,6677416092
1027,8712290,6332277,15044567,0,0,0,40960,13,1517752270
1028,8723180,21711872,30435052,4,0,1,11264,13,8065651755
1029,8730359,21798436,30528795,0,0,1,8192,13,3409774553
1030,8737560,22057315,30794875,4,0,1,6144,13,6406881966
1031,8765390,9237577,18002967,1,0,0,76800,19,1283993941
1032,8772910,22134250,30907160,3,0,1,15360,4,3848696167
1033,8776310,4988810,13765120,1,0,0,48128,19,3580936141
1034,8789430,22117753,30907183,5,0,1,4608,18,7480530055
1035,8789720,6865857,15655577,6,0,0,16896,17,10240708785
1036,8798521,6538067,15336588,3,0,0,37888,4,1115079620
1037,8805810,6008205,14814015,1,0,0,23552,19,8374486005
1038,8807600,5272156,14079756,4,0,0,2560,13,9867853946
1039,8814340,4665660,13480000,4,0,0,10752,13,8794770066
1040,8820580,5256596,14077176,1,0,0,9216,19,1675400328
1041,8832901,22074305,30907206,2,0,1,3584,5,7919819462
1042,8849280,9312355,18161635,2,0,0,67072,5,8816939205
1043,8851410,3303851,12155261,2,0,0,4608,5,2978723751
1044,8860211,9520815,18381026,3,0,0,66048,4,10488675731
1045,8867380,7020205,15887585,2,0,0,89600,5,10405449737
1046,8874500,4053880,12928380,8,0,0,11776,18,627564496
1047,8882560,22106240,30988800,3,0,1,5632,4,8284270591
1048,8883690,4907106,13790796,8,0,0,17920,18,7564278917
1049,8896920,5387010,14283930,6,0,0,25600,17,1651786228
1050,8898330,22157118,31055448,4,0,1,12288,13,10668587527
1051,8901160,9459719,18360879,2,0,0,427520,5,3709229589
1052,8917851,5384853,14302704,3,0,0,29696,4,2426215349
1053,8919240,6448610,15367850,1,0,0,86016,19,8023644547
1054,8927000,5786462,14713462,8,0,0,17408,18,5945887417
1055,8953010,22280967,31233977,9,0,1,26624,7,2005699168
1056,8954340,4628450,13582790,0,0,0,7168,13,7293783500
1057,8957430,22447207,31404637,9,0,1,16384,7,7394420780
1058,8960780,7088131,16048911,2,0,0,15872,5,4215307792
1059,8975701,7078537,16054238,3,0,0,17408,4,9265969258
1060,8982820,4361807,13344627,6,0,0,1024,17,9824347004
1061,8985680,3529789,12515469,9,0,0,2048,7,3411171367
1062,8992380,7319447,16311827,7,0,0,9728,15,9237091710
1063,9003930,7127839,16131769,0,0,0,131584,13,7498901060
1064,9005950,6478302,15484252,4,0,0,18432,13,2562011858
1065,9012041,4584563,13596604,3,0,0,10240,4,4029014072
1066,9023769,22382494,31406263,6,0,1,2560,17,6207127586
1067,9034930,4976285,14011215,4,0,0,24576,13,6667013450
1068,9043890,22841790,31885680,8,0,1,27136,18,9289918487
1069,9057230,4549724,13606954,7,0,0,3072,15,8730616401
1070,9058760,7422955,16481715,7,0,0,101376,15,4394382748
1071,9065550,4784941,13850491,8,0,0,4608,18,1861991199
1072,9071920,7586399,16658319,0,0,0,45568,13,6428313773
1073,9072870,5922738,14995608,4,0,0,16384,13,7184156877
1074,9079690,23123905,32203595,4,0,1,53760,13,981357580
1075,9091480,5214835,14306315,8,0,0,11776,18,6732592841
1076,9104200,4501787,13605987,1,0,0,30720,19,4323605795
1077,9106040,8413420,17519460,6,0,0,81920,17,2592465194
1078,9106940,4994860,14101800,6,0,0,8704,17,6325549789
1079,9111990,4337035,13449025,8,0,0,32768,18,1357172687
1080,9123789,23167932,32291721,6,0,1,3072,17,4770077391
1081,9136140,23242150,32378290,3,0,1,9216,4,5197589108
1082,9138260,5758642,14896902,4,0,0,38400,13,10281913092
1083,9139910,6600218,15740128,1,0,0,64512,19,779429296
1084,9144890,8184507,17329397,2,0,0,73728,5,9927991708
1085,9156240,5137385,14293625,2,0,0,31744,5,2230642713
1086,9166510,4009080,13175590,6,0,0,3072,17,3504417991
1087,9171670,7681655,16853325,0,0,0,16384,13,9279283618
1088,9174610,7682638,16857248,1,0,0,12800,19,3169531214
1089,9183880,23272300,32456180,7,0,1,15872,15,1653084157
1090,9198910,6578407,15777317,8,0,0,5120,18,4526538254
1091,9206410,9682047,18888457,4,0,0,384512,13,3978499963
1092,9224780,23311316,32536096,7,0,1,17920,15,3805968847
1093,9227340,9387960,18615300,1,0,0,181248,19,1232773280
1094,9235721,5503090,14738811,3,0,0,15872,4,10316129032
1095,9260260,23349545,32609805,5,0,1,12800,18,1139001957
1096,9273230,5308241,14581471,6,0,0,6656,17,7476108889
1097,9296880,4453553,13750433,7,0,0,1024,15,2396210076
1098,9298850,5256004,14554854,8,0,0,12800,18,8785306322
1099,9306450,6035161,15341611,0,0,0,16384,13,5686990607
1100,9307880,5509279,14817159,2,0,0,5632,5,8573794164
1101,9318590,5817282,15135872,2,0,0,17920,5,9617472010
1102,9326900,7963615,17290515,6,0,0,61952,17,9847495690
1103,9330590,23304953,32635543,8,0,1,6144,18,4091415035
1104,9331150,3956718,13287868,4,0,0,2048,13,808779562
1105,9331890,9304516,18636406,4,0,0,25088,13,495953051
1106,9333630,23301936,32635566,7,0,1,512,15,2361205560
1107,9341970,8691798,18033768,7,0,0,57344,15,8933850998
1108,9349821,5600167,14949988,3,0,0,14848,4,9326088874
1109,9350979,23390641,32741620,6,0,1,28160,17,8327728636
1110,9375030,9723145,19098175,8,0,0,679424,18,6121970647
1111,9389450,6626726,16016176,0,0,0,17408,13,9610109163
1112,9397460,8030921,17428381,4,0,0,7168,13,5448295832
1113,9402140,5757858,15159998,4,0,0,7168,13,1772665526
1114,9406771,7451436,16858207,3,0,0,3072,4,1651232135
1115,9411110,2018172,11429282,7,0,0,2048,15,8550107751
1116,9415180,7781486,17196666,4,0,0,26112,13,3327931027
1117,9415290,6608241,16023531,6,0,0,24064,17,1624718000
1118,9421559,23320084,32741643,0,0,1,10752,13,1757574855
1119,9424579,23355892,32780471,6,0,1,2560,17,2452654556
1120,9428340,7140478,16568818,8,0,0,81408,18,3090136387
1121,9444310,5297956,14742266,2,0,0,11264,5,6775759572
1122,9448791,6174683,15623474,3,0,0,61440,4,8574564086
1123,9449660,8239661,17689321,6,0,0,95232,17,2045388880
1124,9491149,23306557,32797706,1,0,1,19968,19,7634093853
1125,9493780,8031475,17525255,1,0,0,18944,19,2341785927
1126,9506050,9663717,19169767,1,0,0,4096,19,3705874896
1127,9507650,23440411,32948061,5,0,1,19968,18,791088636
1128,9510150,7669622,17179772,4,0,0,62464,13,8749044838
1129,9517531,6653406,16170937,3,0,0,98816,4,7717441030
1130,9518621,8383746,17902367,3,0,0,31744,4,4698985421
1131,9524430,6075442,15599872,2,0,0,75264,5,5766028471
1132,9532360,23415724,32948084,4,0,1,512,13,2179633735
1133,9545320,6449485,15994805,4,0,0,59392,13,1269051562
1134,9545541,2885637,12431178,3,0,0,7680,4,10484582368
1135,9553960,8976205,18530165,6,0,0,42496,17,7074286676
1136,9557151,8584025,18141176,3,0,0,39936,4,5381218256
1137,9565300,7973996,17539296,8,0,0,20992,18,4354749358
1138,9567200,5010238,14577438,7,0,0,25600,15,6102619652
1139,9582330,9184081,18766411,0,0,0,57856,13,6853862520
1140,9591760,9621810,19213570,6,0,0,7680,17,8001240262
1141,9600350,4784286,14384636,0,0,0,16896,13,10064665461
1142,9609850,5684526,15294376,6,0,0,28672,17,1318053380
1143,9618530,7975423,17593953,0,0,0,23040,13,3990020286
1144,9632910,8102360,17735270,6,0,0,4608,17,2260899546
1145,9639360,5771509,15410869,1,0,0,10752,19,7454668632
1146,9641691,6938670,16580361,3,0,0,30720,4,1476134871
1147,9651510,23296597,32948107,8,0,1,14336,18,8158591606
1148,9651920,23333182,32985102,8,0,1,30208,18,5305294753
1149,9655560,4123802,13779362,1,0,0,9216,19,9407541888
1150,9700339,23292099,32992438,0,0,1,4608,13,518252651
1151,9703420,9504332,19207752,8,0,0,75264,18,6262936635
1152,9716380,7131930,16848310,8,0,0,27136,18,4709577172
1153,9728770,6467558,16196328,1,0,0,30720,19,8683340027
1154,9745000,8657935,18402935,5,0,0,19968,18,9165376973
1155,9755390,4977595,14732985,4,0,0,64000,13,10714875746
1156,9763680,3907750,13671430,1,0,0,11264,19,6167403204
1157,9767370,9417427,19184797,7,0,0,8704,15,3395383740
1158,9778050,23275192,33053242,5,0,1,7168,18,9140641718
1159,9783750,4950194,14733944,8,0,0,3072,18,6013989424
1160,9787449,23265816,33053265,1,0,1,1536,19,2908088986
1161,9816220,9507075,19323295,7,0,0,47616,15,8347068612
1162,9826810,7821593,17648403,6,0,0,79872,17,6090736367
1163,9845060,8340832,18185892,6,0,0,30720,17,3785276072
1164,9848091,6951585,16799676,3,0,0,19968,4,7420927992
1165,9848960,7177977,17026937,2,0,0,20480,5,3378196726
1166,9854970,5769931,15624901,4,0,0,4608,13,8291069573
1167,9858870,23194418,33053288,7,0,1,15360,15,5770951004
1168,9863231,8229785,18093016,3,0,0,1536,4,9157323253
1169,9878811,9615580,19494391,3,0,0,47616,4,5588068194
1170,9908290,2670551,12578841,6,0,0,2560,17,7997245021
1171,9942670,5083856,15026526,8,0,0,1536,18,84788879
1172,9947730,7934013,17881743,6,0,0,3584,17,9431361954
1173,9948530,7072144,17020674,2,0,0,38912,5,4935959355
1174,9949170,23151233,33100403,8,0,1,1536,18,5359819511
1175,9960350,23286326,33246676,3,0,1,15360,4,9675748353
1176,9973580,6898552,16872132,6,0,0,11264,17,9561042186
1177,9977110,8468950,18446060,6,0,0,111616,17,4678555979
1178,9996010,557582,10553592,0,0,0,6656,13,7973489664
1179,9996970,6311059,16308029,8,0,0,12288,18,9527107560
1180,9997590,6222785,16220375,6,0,0,78848,17,6666813765
1181,9999780,7527058,17526838,6,0,0,5120,17,1399543191
1182,10002300,7579515,17581815,8,0,0,4096,18,4736651781
1183,10002550,9495179,19497729,8,0,0,4608,18,9715047606
1184,10009090,5844731,15853821,8,0,0,12288,18,8922639144
1185,10014690,6825321,16840011,1,0,0,84992,19,4038969452
1186,10028150,5604574,15632724,1,0,0,25600,19,4856519919
1187,10047320,6293160,16340480,7,0,0,52224,15,6974894479
1188,10047461,5983581,16031042,3,0,0,24576,4,9494638407
1189,10060540,8000839,18061379,5,0,0,70656,18,5614714158
1190,10079770,7542061,17621831,6,0,0,32256,17,10626365643
1191,10080811,9201606,19282417,3,0,0,4608,4,565176642
1192,10089530,8082112,18171642,7,0,0,32768,15,8057303504
1193,10095840,9072656,19168496,1,0,0,4608,19,8938452406
1194,10096130,5156080,15252210,2,0,0,23040,5,4358703102
1195,10104341,9337153,19441494,3,0,0,512,4,9128858983
1196,10108300,5029007,15137307,7,0,0,4608,15,8439882252
1197,10111520,23135822,33247342,7,0,1,1024,15,6995875330
1198,10121330,3520259,13641589,6,0,0,10752,17,2985999086
1199,10135301,23129324,33264625,2,0,1,5632,5,2388399730
1200,10139260,2928880,13068140,4,0,0,62976,13,9735743070
1201,10160350,4758080,14918430,0,0,0,43520,13,130372147
1202,10170320,6015304,16185624,2,0,0,48128,5,3358245949
1203,10185260,23083551,33268811,9,0,1,6656,7,4087098914
1204,10192740,1873148,12065888,4,0,0,4096,13,2520870745
1205,10211880,5508569,15720449,8,0,0,30208,18,203125251
1206,10229410,5848022,16077432,7,0,0,18944,15,2396230557
1207,10246000,6393468,16639468,6,0,0,1536,17,5384419065
1208,10281660,9084955,19366615,1,0,0,40448,19,8483714294
1209,10287170,7446673,17733843,5,0,0,92672,18,1360879655
1210,10302180,8879934,19182114,2,0,0,40448,5,410823006
1211,10320860,4984687,15305547,1,0,0,13824,19,3417334768
1212,10336530,9655590,19992120,2,0,0,54784,5,2759160232
1213,10337670,9311275,19648945,1,0,0,24576,19,8131226824
1214,10353580,8354599,18708179,4,0,0,55296,13,5265614237
1215,10362550,9078749,19441299,8,0,0,153600,18,7924933771
1216,10364310,7219868,17584178,7,0,0,7680,15,9646336313
1217,10366220,22985594,33351814,5,0,1,9728,18,6416991191
1218,10372240,4790098,15162338,5,0,0,2560,18,8709111944
1219,10409010,23290942,33699952,9,0,1,13312,7,3853084550
1220,10430451,5707136,16137587,3,0,0,7168,4,7539308310
1221,10432690,5172041,15604731,4,0,0,15872,13,2828920418
1222,10435380,8668122,19103502,6,0,0,17408,17,9112310233
1223,10442570,5395222,15837792,1,0,0,20480,19,7546903057
1224,10443794,6147218,16591012,2,0,0,18944,5,7996404731
1225,10447090,23285277,33732367,7,0,1,16384,15,8125833611
1226,10452291,6888228,17340519,3,0,0,7680,4,8509572378
1227,10457570,5519116,15976686,1,0,0,8192,19,7926417118
1228,10468440,23271305,33739745,4,0,1,5120,13,1771966508
1229,10490180,23249588,33739768,5,0,1,11776,18,5910341185
1230,10510400,23229391,33739791,5,0,1,1024,18,4966082222
1231,10558859,23180955,33739814,1,0,1,10752,19,6001421410
1232,10561089,23226950,33788039,1,0,1,2560,19,8738152702
1233,10573790,6047568,16621358,2,0,0,35328,5,797402725
1234,10577881,6644788,17222669,3,0,0,46080,4,6297454431
1235,10588460,5831675,16420135,4,0,0,94208,13,6690585966
1236,10593920,23742237,34336157,7,0,1,45056,15,9087325205
1237,10617750,6291458,16909208,0,0,0,73728,13,3320896761
1238,10622140,8114250,18736390,5,0,0,56320,18,5852765563
1239,10625480,23848236,34473716,8,0,1,5632,18,9964783023
1240,10625610,24146353,34771963,3,0,1,44544,4,9361031525
1241,10634389,24506102,35140491,1,0,1,18944,19,1951342402
1242,10639140,977691,11616831,5,0,0,36352,18,9540257411
1243,10647090,24632101,35279191,7,0,1,28160,15,10451519367
1244,10647830,6350422,16998252,4,0,0,19456,13,8215379618
1245,10659109,24691547,35350656,0,0,1,16896,13,2441410664
1246,10663920,24701134,35365054,7,0,1,18432,15,7137112793
1247,10668940,6274356,16943296,4,0,0,71168,13,7015648652
1248,10670980,6141685,16812665,7,0,0,28672,15,5066430705
1249,10674179,24771965,35446144,1,0,1,6656,19,9865946167
1250,10678650,5353195,16031845,6,0,0,2560,17,4691093548
1251,10687660,7981248,18668908,2,0,0,58368,5,10023851726
1252,10694160,8660100,19354260,4,0,0,88576,13,6060319616
1253,10725900,7253019,17978919,6,0,0,58368,17,2516611350
1254,10728800,24862749,35591549,9,0,1,30208,7,9966859620
1255,10784580,8372170,19156750,0,0,0,31744,13,10651016350
1256,10785930,6788663,17574593,4,0,0,82432,13,6258638207
1257,10788380,9356942,20145322,7,0,0,134656,15,9421150507
1258,10794380,9602736,20397116,7,0,0,9728,15,4446645964
1259,10797500,6650693,17448193,4,0,0,6656,13,7690472361
1260,10826031,5487223,16313254,3,0,0,4608,4,8817729358
1261,10826970,8647844,19474814,5,0,0,8704,18,9120739742
1262,10829170,24768821,35597991,3,0,1,14336,4,9764120229
1263,10841200,9103327,19944527,7,0,0,224768,15,9678386545
1264,10851339,24747634,35598973,1,0,1,4096,19,3194476570
1265,10860050,6938861,17798911,4,0,0,20480,13,8601061098
1266,10866010,5274693,16140703,0,0,0,8704,13,4843779096
1267,10871441,8345584,19217025,3,0,0,11264,4,10666848437
1268,10879570,4818687,15698257,4,0,0,512,13,3161213933
1269,10907010,9152438,20059448,6,0,0,123904,17,5521602072
1270,10914630,8759866,19674496,1,0,0,4608,19,10402675411
1271,10914670,1839452,12754122,6,0,0,40448,17,734966430
1272,10937210,5723940,16661150,1,0,0,9216,19,3894100260
1273,10947910,6347152,17295062,2,0,0,14848,5,7463851481
1274,10950200,24649763,35599963,9,0,1,17408,7,1936349658
1275,10977230,7474001,18451231,5,0,0,16896,18,10158224667
1276,10988210,24675276,35663486,8,0,1,22016,18,9745784106
1277,10990370,24705062,35695432,3,0,1,12288,4,10036599431
1278,10997330,4894334,15891664,1,0,0,13312,19,7591394442
1279,11008270,5805822,16814092,5,0,0,4608,18,5627964130
1280,11014670,7545383,18560053,4,0,0,19456,13,1077634084
1281,11017061,9076666,20093727,3,0,0,44544,4,9921085820
1282,11018590,6079622,17098212,1,0,0,16384,19,5818360421
1283,11020040,7497146,18517186,4,0,0,18944,13,7661464593
1284,11025390,8276151,19301541,6,0,0,2560,17,1674445283
1285,11031530,24663925,35695455,9,0,1,2560,7,3205586351
1286,11031910,8563731,19595641,7,0,0,155648,15,9417925443
1287,11043400,24669407,35712807,9,0,1,1536,7,9394104744
1288,11047300,6658284,17705584,9,0,0,40960,7,802167374
1289,11054160,9172568,20226728,7,0,0,73728,15,9508884737
1290,11058070,9254932,20313002,6,0,0,14336,17,7382789206
1291,11064791,5504986,16569777,3,0,0,3072,4,10322826877
1292,11068000,24955956,36023956,3,0,1,29184,4,4972432466
1293,11076500,5058880,16135380,2,0,0,11776,5,3919289219
1294,11082450,24941529,36023979,8,0,1,15360,18,2403564059
1295,11091260,24992276,36083536,9,0,1,1536,7,899373856
1296,11110680,9525209,20635889,5,0,0,1024,18,5866973085
1297,11119170,9312473,20431643,5,0,0,17408,18,8144503202
1298,11131500,7578886,18710386,4,0,0,7168,13,157400116
1299,11131780,6215649,17347429,0,0,0,20992,13,1327341212
1300,11135830,5847213,16983043,6,0,0,19968,17,9681243657
1301,11152610,24962910,36115520,8,0,1,17920,18,10065912478
1302,11168210,5924987,17093197,4,0,0,11264,13,3251036945
1303,11170849,25156388,36327237,6,0,1,9216,17,9512104388
1304,11188360,6604288,17792648,1,0,0,118272,19,4277680117
1305,11202720,5077605,16280325,5,0,0,69632,18,2305276639
1306,11214320,25295905,36510225,5,0,1,16896,18,9031835794
1307,11221310,25487099,36708409,8,0,1,512,18,4269477428
1308,11221500,3089072,14310572,7,0,0,10752,15,6510310016
1309,11280730,6786132,18066862,2,0,0,17920,5,5002175999
1310,11282780,7436427,18719207,1,0,0,18432,19,6027292679
1311,11285260,5078193,16363453,1,0,0,7680,19,2951666946
1312,11285750,4487322,15773072,2,0,0,9216,5,3754053864
1313,11291400,5955864,17247264,7,0,0,5120,15,9310021422
1314,11291550,6320430,17611980,5,0,0,27648,18,10367941581
1315,11296551,6645177,17941728,3,0,0,6144,4,3253769081
1316,11299910,5091498,16391408,0,0,0,17920,13,9352825686
1317,11306530,9586915,20893445,0,0,0,143360,13,2756196936
1318,11308840,5653222,16962062,2,0,0,19456,5,1733789646
1319,11319530,9235430,20554960,1,0,0,80896,19,4802691805
1320,11328850,3193252,14522102,1,0,0,16384,19,8063848028
1321,11330571,6269953,17600524,3,0,0,8704,4,4362225280
1322,11330630,3780837,15111467,2,0,0,48640,5,3184465651
1323,11342580,4403031,15745611,7,0,0,17920,15,5825324099
1324,11397480,8062468,19459948,2,0,0,29696,5,1374602695
1325,11424350,25284082,36708432,5,0,1,12288,18,10245799331
1326,11428311,1348086,12776397,3,0,0,15360,4,2936762288
1327,11429240,9518693,20947933,0,0,0,25600,13,1161028981
1328,11432069,25276394,36708463,6,0,1,5120,17,2357584298
1329,11442580,9322897,20765477,5,0,0,51200,18,5624622872
1330,11462060,9595923,21057983,4,0,0,11776,13,2964967078
1331,11468081,4236703,15704784,3,0,0,5120,4,4622618858
1332,11478130,1694328,13172458,2,0,0,23040,5,4923321502
1333,11498170,6394502,17892672,7,0,0,26624,15,7181510533
1334,11514300,25194186,36708486,9,0,1,1024,7,2779156249
1335,11515050,3503006,15018056,0,0,0,11264,13,8610464709
1336,11545370,25163139,36708509,8,0,1,4096,18,199027134
1337,11547541,8271150,19818691,3,0,0,83968,4,8743519739
1338,11548361,25160171,36708532,2,0,1,13312,5,1950893504
1339,11558121,5119353,16677474,3,0,0,8704,4,2640832302
1340,11560210,5893771,17453981,2,0,0,9216,5,6505900296
1341,11567580,6447578,18015158,7,0,0,39936,15,832048829
1342,11586220,25299485,36885705,3,0,1,13312,4,9648993509
1343,11591870,6902463,18494333,6,0,0,77312,17,649752560
1344,11593270,9616783,21210053,1,0,0,5632,19,840421788
1345,11595060,7153700,18748760,0,0,0,28160,13,10706881765
1346,11602650,9532324,21134974,2,0,0,69120,5,6563406844
1347,11618110,7122047,18740157,4,0,0,12288,13,3507319129
1348,11628030,7516194,19144224,6,0,0,10240,17,9865593076
1349,11653361,9530754,21184115,3,0,0,10752,4,4464306043
1350,11655680,7580134,19235814,4,0,0,27136,13,3633008062
1351,11663140,6422714,18085854,4,0,0,9216,13,10546825080
1352,11664740,6070709,17735449,6,0,0,512,17,9151862213
1353,11670189,25215539,36885728,0,0,1,1024,13,8495679544
1354,11689939,25195812,36885751,1,0,1,4096,19,6108977751
1355,11700920,7434967,19135887,5,0,0,84480,18,3255955691
1356,11727020,7667456,19394476,6,0,0,28160,17,3667717603
1357,11742141,2774946,14517087,3,0,0,24064,4,1241141824
1358,11746800,4881939,16628739,6,0,0,9216,17,3275580481
1359,11748659,25137115,36885774,6,0,1,9728,17,600274434
1360,11750691,7797503,19548194,3,0,0,53248,4,8995992724
1361,11751031,6760360,18511391,3,0,0,47104,4,4980000905
1362,11756751,8720812,20477563,3,0,0,59904,4,8348127696
1363,11773561,7498179,19271740,3,0,0,58368,4,5389622770
1364,11778711,7388358,19167069,3,0,0,33792,4,4836998582
1365,11781541,6768014,18549555,3,0,0,37376,4,8479431176
1366,11803809,25110551,36914360,0,0,1,5120,13,4794618130
1367,11809620,8649668,20459288,4,0,0,67584,13,810142808
1368,11809801,8940053,20749854,3,0,0,86016,4,8785360996
1369,11813340,7972389,19785729,0,0,0,211968,13,9597677265
1370,11823489,25173749,36997238,1,0,1,8704,19,4952914864
1371,11836290,25558978,37395268,5,0,1,71680,18,3050002396
1372,11842540,5520691,17363231,4,0,0,29184,13,108018444
1373,11850201,5338486,17188687,3,0,0,29184,4,7353179750
1374,11850730,5105381,16956111,2,0,0,41984,5,6165242134
1375,11875581,2967917,14843498,3,0,0,4096,4,3837677511
1376,11878280,25517011,37395291,8,0,1,2560,18,9409982174
1377,11880460,9026603,20907063,1,0,0,13312,19,1586878675
1378,11889511,7780095,19669606,3,0,0,41472,4,8599561337
1379,11896180,8183149,20079329,1,0,0,43520,19,4232920000
1380,11909590,7747357,19656947,1,0,0,6656,19,5359571498
1381,11920180,25594884,37515064,3,0,1,14848,4,1786293141
1382,11938310,9369728,21308038,4,0,0,8704,13,10089201071
1383,11938520,5038408,16976928,1,0,0,31744,19,3215595603
1384,11945160,6731126,18676286,4,0,0,4096,13,9770164225
1385,11946180,8638408,20584588,1,0,0,11776,19,7049183425
1386,11953960,25612057,37566017,3,0,1,7168,4,5789962806
1387,11953961,3578923,15532884,3,0,0,512,4,1291241466
1388,11956510,8834648,20791158,7,0,0,50176,15,5977917116
1389,11962791,6433546,18396337,3,0,0,50176,4,508879577
1390,11972490,7405388,19377878,1,0,0,36864,19,119101787
1391,11978950,25587090,37566040,5,0,1,9216,18,6958475115
1392,11982340,5285442,17267782,6,0,0,1024,17,1256553963
1393,11988460,9391402,21379862,4,0,0,71680,13,9935845679
1394,11994330,8190607,20184937,4,0,0,2048,13,4684371773
1395,12001060,25611202,37612262,8,0,1,9216,18,962460118
1396,12016010,25624455,37640465,3,0,1,17920,4,8377711163
1397,12017721,9419294,21437015,3,0,0,18432,4,1704762771
1398,12023540,5178455,17201995,7,0,0,1536,15,6798849608
1399,12029161,9483284,21512445,3,0,0,48128,4,10630528535
1400,12030130,7945275,19975405,2,0,0,2048,5,744347893
1401,12044830,6583909,18628739,7,0,0,44032,15,8798838529
1402,12066130,6330698,18396828,6,0,0,1536,17,3044149270
1403,12068270,3734261,15802531,5,0,0,11264,18,5416023494
1404,12080260,25603042,37683302,7,0,1,15872,15,9403208176
1405,12122400,9426390,21548790,2,0,0,39424,5,9385189508
1406,12125541,7021514,19147055,3,0,0,9216,4,2326200681
1407,12143539,25633041,37776580,0,0,1,15872,13,7200629633
1408,12165940,9634667,21800607,6,0,0,60928,17,9103039765
1409,12171240,7932072,20103312,6,0,0,24064,17,3283813875
1410,12174079,25602524,37776603,6,0,1,4608,17,7808391563
1411,12175670,8938221,21113891,4,0,0,44032,13,8994119070
1412,12185440,7880606,20066046,2,0,0,7680,5,1589620668
1413,12186640,5357442,17544082,7,0,0,1024,15,412861846
1414,12198610,6452491,18651101,2,0,0,48128,5,8780315282
1415,12211640,25672262,37883902,5,0,1,18432,18,8541594845
1416,12216459,25667466,37883925,6,0,1,5632,17,7415598219
1417,12220710,6250044,18470754,5,0,0,64000,18,4041841738
1418,12229001,8781567,21010568,3,0,0,18944,4,8419219933
1419,12251770,8033829,20285599,5,0,0,30208,18,8033548740
1420,12254640,7709300,19963940,5,0,0,7168,18,6484376345
1421,12263290,25624013,37887303,8,0,1,6656,18,9645876034
1422,12264570,9737027,22001597,5,0,0,44544,18,2966358564
1423,12279920,25624349,37904269,5,0,1,3072,18,9049925179
1424,12281040,25651574,37932614,5,0,1,2048,18,4912106212
1425,12288960,7713970,20002930,4,0,0,10240,13,5196983012
1426,12291160,25683132,37974292,5,0,1,23040,18,8835914392
1427,12308590,9833366,22141956,2,0,0,40448,5,8128730438
1428,12343539,25688983,38032522,0,0,1,4608,13,10621953162
1429,12352069,25745330,38097399,6,0,1,42496,17,3628476030
1430,12353620,3955212,16308832,0,0,0,2560,13,6304122558
1431,12362700,8779610,21142310,2,0,0,1536,5,8498989559
1432,12368720,8032532,20401252,5,0,0,1024,18,4865626915
1433,12373760,7830481,20204241,4,0,0,11264,13,4369783561
1434,12381670,25743899,38125569,4,0,1,512,13,10661829920
1435,12403490,25875184,38278674,4,0,1,11776,13,3841887660
1436,12424350,8629538,21053888,4,0,0,10752,13,4890748870
1437,12443120,5733381,18176501,7,0,0,15872,15,5851956522
1438,12443570,25839290,38282860,9,0,1,6656,7,5635508917
1439,12451581,4515652,16967233,3,0,0,16896,4,2058103802
1440,12461261,6838362,19299623,3,0,0,29184,4,2721213760
1441,12475739,26040363,38516102,1,0,1,36864,19,3870805151
1442,12500480,26101666,38602146,9,0,1,4096,7,5523155709
1443,12545480,3758782,16304262,0,0,0,52736,13,6857857395
1444,12561800,7397726,19959526,0,0,0,49152,13,1644700578
1445,12564800,3863158,16427958,4,0,0,25600,13,4873631113
1446,12569030,7728292,20297322,1,0,0,38400,19,2803505320
1447,12577210,5630978,18208188,1,0,0,13312,19,3623046370
1448,12584140,26055671,38639811,4,0,1,1024,13,3414472526
1449,12587899,26138778,38726677,0,0,1,30720,13,10290464509
1450,12604480,6536601,19141081,5,0,0,7168,18,556751628
1451,12611150,7951032,20562182,7,0,0,5120,15,8146482382
1452,12622310,6268830,18891140,7,0,0,8704,15,1870235417
1453,12623110,26119236,38742346,8,0,1,3584,18,4159460179
1454,12628620,6757245,19385865,0,0,0,26112,13,5333019210
1455,12638760,8981630,21620390,0,0,0,106496,13,6859089059
1456,12649360,8912190,21561550,7,0,0,15872,15,5820356386
1457,12649490,9243191,21892681,9,0,0,8192,7,71960762
1458,12652390,5759639,18412029,6,0,0,8704,17,7943071305
1459,12657770,7573357,20231127,5,0,0,14336,18,8507143092
1460,12663670,6637068,19300738,7,0,0,3584,15,3927224811
1461,12670060,7351613,20021673,7,0,0,61440,15,4470861315
1462,12687590,6603118,19290708,6,0,0,27136,17,166083315
1463,12690610,9265164,21955774,2,0,0,168448,5,5128038284
1464,12702010,6952886,19654896,6,0,0,19456,17,448333914
1465,12707020,4491615,17198635,7,0,0,5632,15,9392181847
1466,12708270,26053048,38761318,9,0,1,1024,7,2128497330
1467,12711489,26211436,38922925,6,0,1,34816,17,5003044769
1468,12714100,3092042,15806142,7,0,0,11776,15,8565168472
1469,12727090,8194847,20921937,1,0,0,28160,19,7515051920
1470,12739250,26190980,38930230,9,0,1,2048,7,2875381633
1471,12744430,4622272,17366702,2,0,0,11264,5,196454990
1472,12766200,26219748,38985948,7,0,1,13312,15,3704763150
1473,12773050,26212921,38985971,3,0,1,12288,4,2640085191
1474,12777200,7423586,20200786,9,0,0,22528,7,4340803092
1475,12778240,9351369,22129609,2,0,0,81920,5,9295431076
1476,12791840,8167356,20959196,1,0,0,36864,19,3265759372
1477,12812650,7034955,19847605,7,0,0,13312,15,4566831703
1478,12815719,26807182,39622901,0,0,1,117248,13,3929663249
1479,12829600,3963639,16793239,1,0,0,12800,19,5105279816
1480,12839810,8553491,21393301,0,0,0,44032,13,10707690901
1481,12842050,8504180,21346230,7,0,0,28160,15,8199518643
1482,12860461,5910809,18771270,3,0,0,15872,4,5821064288
1483,12862960,9013561,21876521,4,0,0,237568,13,3524640709
1484,12863560,26921018,39784578,7,0,1,8704,15,61700683
1485,12868260,9186313,22054573,4,0,0,32256,13,5831898494
1486,12883530,3014118,15897648,2,0,0,3584,5,7088335489
1487,12883700,8182232,21065932,1,0,0,15360,19,6950207532
1488,12892400,4688144,17580544,0,0,0,19456,13,10336358207
1489,12903261,9412533,22315794,3,0,0,22016,4,10097122884
1490,12905261,5129466,18034727,3,0,0,3072,4,7603127832
1491,12924570,26907844,39832414,9,0,1,10752,7,1871939135
1492,12969280,26922621,39891901,7,0,1,8704,15,4037310803
1493,12971770,6533634,19505404,1,0,0,25088,19,7416536964
1494,12973970,7364277,20338247,4,0,0,48640,13,6232160926
1495,12979871,9177107,22156978,3,0,0,31744,4,1470359738
1496,12989379,27045040,40034419,0,0,1,21504,13,7862784121
1497,12995940,27081596,40077536,7,0,1,30720,15,1883729116
1498,13004310,9421853,22426163,0,0,0,25088,13,2986850870
1499,13005430,27180618,40186048,5,0,1,34816,18,1449471475
1500,13018610,9624376,22642986,4,0,0,624128,13,9360570890
1501,13029070,7354220,20383290,6,0,0,36352,17,7161114421
1502,13031170,27846268,40877438,4,0,1,75264,13,5893671321
1503,13042520,6236107,19278627,4,0,0,22528,13,4422460624
1504,13050219,27827242,40877461,0,0,1,7168,13,10489786164
1505,13066400,6606661,19673061,6,0,0,11264,17,4791197711
1506,13072790,6399349,19472139,0,0,0,39936,13,4486379654
1507,13072901,27804583,40877484,2,0,1,9216,5,3493324996
1508,13082541,6710543,19793084,3,0,0,24064,4,7058437962
1509,13086530,9106998,22193528,4,0,0,33280,13,5528314774
1510,13097131,8221053,21318184,3,0,0,9216,4,1306272026
1511,13097900,7726995,20824895,1,0,0,92160,19,148446170
1512,13099339,27778168,40877507,1,0,1,3584,19,5866806485
1513,13131350,9684078,22815428,4,0,0,66560,13,2053301618
1514,13142541,2945564,16088105,3,0,0,1536,4,4250260337
1515,13144980,5409122,18554102,6,0,0,14848,17,5982595358
1516,13154300,9154763,22309063,6,0,0,14336,17,6330518778
1517,13166080,5525228,18691308,1,0,0,25088,19,4125860134
1518,13169240,8407234,21576474,0,0,0,14336,13,609457338
1519,13170290,5060206,18230496,1,0,0,20992,19,8923806654
1520,13178701,27698829,40877530,2,0,1,11264,5,8574430922
1521,13190910,7071018,20261928,1,0,0,25088,19,4020513812
1522,13203270,8759859,21963129,6,0,0,24064,17,8137569462
1523,13217410,27692504,40909914,9,0,1,14848,7,1216530709
1524,13223190,9851403,23074593,0,0,0,88576,13,5561782899
1525,13230941,8673486,21904427,3,0,0,22016,4,1442220335
1526,13233451,27755853,40989304,2,0,1,52736,5,10455083248
1527,13239330,10012842,23252172,0,0,0,3584,13,9869476030
1528,13242411,27804526,41046937,2,0,1,3584,5,976609109
1529,13255460,9155918,22411378,2,0,0,33792,5,1824070547
1530,13261090,27807362,41068452,3,0,1,36352,4,1604321446
1531,13294480,9979724,23274204,5,0,0,63488,18,1206715462
1532,13311451,8974728,22286179,3,0,0,85504,4,9278292409
1533,13321650,7618460,20940110,8,0,0,24064,18,4651152098
1534,13325810,27817868,41143678,9,0,1,512,7,1839021902
1535,13331360,6643390,19974750,4,0,0,9728,13,5015451302
1536,13344640,10067824,23412464,1,0,0,19968,19,209657006
1537,13359040,5751084,19110124,5,0,0,9728,18,2865253629
1538,13376570,27798304,41174874,5,0,1,15360,18,9763142418
1539,13398670,6900079,20298749,0,0,0,4608,13,8609003971
1540,13399031,27781197,41180228,2,0,1,4608,5,364818250
1541,13414280,27882344,41296624,4,0,1,12800,13,4788878214
1542,13418119,27971553,41389672,0,0,1,45056,13,4626874767
1543,13419841,10131231,23551072,3,0,0,17920,4,4442481363
1544,13421910,7506298,20928208,2,0,0,20480,5,8770634787
1545,13427010,28036230,41463240,3,0,1,11776,4,7890539278
1546,13447089,28026977,41474066,6,0,1,6656,17,4079857231
1547,13458120,28278095,41736215,8,0,1,33792,18,6328005312
1548,13473830,9212194,22686024,6,0,0,36864,17,3954710254
1549,13475070,9273562,22748632,4,0,0,7168,13,3439183610
1550,13480320,4589217,18069537,2,0,0,8704,5,6011373902
1551,13512571,28367482,41880053,2,0,1,28160,5,970634610
1552,13526000,5184877,18710877,5,0,0,1536,18,6191849052
1553,13550250,5588624,19138874,5,0,0,9728,18,4261535026
1554,13558081,9230876,22788957,3,0,0,49664,4,2348499576
1555,13580571,3329128,16909699,3,0,0,1536,4,5450694092
1556,13593150,6683222,20276372,4,0,0,11264,13,3248193007
1557,13594170,6281850,19876020,5,0,0,93184,18,5419925653
1558,13607540,28273890,41881430,4,0,1,4096,13,3523114163
1559,13615530,5916417,19531947,1,0,0,87040,19,2032899055
1560,13619310,7552576,21171886,5,0,0,34304,18,4175192605
1561,13620170,8591344,22211514,5,0,0,54784,18,501574103
1562,13628550,8376532,22005082,1,0,0,4608,19,8691957017
1563,13629060,4780294,18409354,1,0,0,20992,19,10394809957
1564,13650130,9193938,22844068,0,0,0,4096,13,575620592
1565,13650710,7778132,21428842,6,0,0,48640,17,10466658499
1566,13661240,28226268,41887508,8,0,1,13312,18,1478797981
1567,13693200,6497080,20190280,9,0,0,17408,7,7969770219
1568,13699380,28214815,41914195,3,0,1,10752,4,6926544584
1569,13699410,28300340,41999750,9,0,1,24576,7,2783304053
1570,13719200,9328382,23047582,9,0,0,44544,7,2969158339
1571,13735240,4802904,18538144,6,0,0,26112,17,5702594738
1572,13740670,28259103,41999773,8,0,1,1024,18,5971578268
1573,13743470,10123392,23866862,0,0,0,17920,13,1014570167
1574,13761380,28257517,42018897,4,0,1,10752,13,5082760112
1575,13765630,5543126,19308756,0,0,0,23552,13,5857236265
1576,13766260,6670086,20436346,1,0,0,15360,19,8673473771
1577,13782101,9439102,23221203,3,0,0,32256,4,8162149864
1578,13789600,6274083,20063683,5,0,0,13824,18,7425431042
1579,13790381,7478139,21268520,3,0,0,16384,4,1648801004
1580,13790570,5463363,19253933,9,0,0,59392,7,7530389100
1581,13792351,8391014,22183365,3,0,0,86528,4,1626969375
1582,13795879,28223065,42018944,6,0,1,6656,17,5711793828
1583,13797500,28315944,42113444,8,0,1,26112,18,6098576686
1584,13799930,6384352,20184282,4,0,0,66560,13,10247810952
1585,13800960,5840474,19641434,5,0,0,28160,18,3989290027
1586,13804571,8500101,22304672,3,0,0,10240,4,8005007637
1587,13806900,8567741,22374641,4,0,0,17408,13,10398477827
1588,13807160,7106166,20913326,0,0,0,20480,13,857560175
1589,13810820,6809480,20620300,6,0,0,28160,17,10314632072
1590,13834030,9638442,23472472,1,0,0,71168,19,2726826625
1591,13845071,6761347,20606418,3,0,0,2560,4,6253123562
1592,13847740,7934093,21781833,6,0,0,53248,17,1015940638
1593,13849021,8848593,22697614,3,0,0,26624,4,7408140928
1594,13854520,5625332,19479852,5,0,0,9216,18,4479712604
1595,13863650,8236346,22099996,0,0,0,27648,13,5573340696
1596,13867160,5583717,19450877,5,0,0,30720,18,1896498981
1597,13875500,5451741,19327241,6,0,0,8704,17,6596673232
1598,13878010,28459101,42337111,8,0,1,19968,18,6424554632
1599,13882320,7883266,21765586,0,0,0,12288,13,5833810441
1600,13885070,5222059,19107129,4,0,0,11776,13,5304927255
1601,13905340,7027415,20932755,4,0,0,14848,13,4603438912
1602,13907350,28450780,42358130,3,0,1,11264,4,6484187377
1603,13907670,4210932,18118602,1,0,0,15872,19,10181214087
1604,13910530,6359088,20269618,4,0,0,23040,13,8219971248
1605,13929520,6441065,20370585,4,0,0,1024,13,2224051726
1606,13932480,28425860,42358340,9,0,1,1024,7,7320890742
1607,13952070,28410996,42363066,3,0,1,5632,4,3137164996
1608,13961930,4535078,18497008,5,0,0,8704,18,3256449856
1609,13965310,7658067,21623377,9,0,0,9728,7,10092147002
1610,13980320,5863198,19843518,2,0,0,81408,5,4152626403
1611,13985590,4727970,18713560,6,0,0,8704,17,5713383656
1612,13991800,4683215,18675015,9,0,0,19968,7,2226674583
1613,14026790,8719635,22746425,6,0,0,5632,17,1861435291
1614,14026930,10133090,24160020,1,0,0,52224,19,3006506344
1615,14049180,5671942,19721122,9,0,0,27136,7,9638329968
1616,14052400,5175123,19227523,6,0,0,6656,17,10512480047
1617,14053161,8980826,23033987,3,0,0,99840,4,4824074035
1618,14059120,5912643,19971763,2,0,0,25600,5,2300383105
1619,14072490,6559111,20631601,5,0,0,11776,18,3201468928
1620,14074830,5558001,19632831,2,0,0,62976,5,9062751068
1621,14076360,9366738,23443098,0,0,0,26624,13,4325256044
1622,14076910,6963721,21040631,5,0,0,20992,18,6313544546
1623,14084240,8669103,22753343,9,0,0,15360,7,9655208870
1624,14099560,6407868,20507428,4,0,0,14848,13,8528801538
1625,14101730,28261367,42363097,3,0,1,2048,4,4199769320
1626,14103150,7794546,21897696,4,0,0,16384,13,1201169433
1627,14107600,3908673,18016273,0,0,0,3584,13,8390262651
1628,14111140,9431546,23542686,5,0,0,6144,18,8294310263
1629,14124640,10557730,24682370,5,0,0,56320,18,6751052632
1630,14140860,8582860,22723720,8,0,0,60416,18,3811690152
1631,14145340,6048551,20193891,1,0,0,11776,19,3759425920
1632,14167870,8556825,22724695,0,0,0,3072,13,3767628324
1633,14180880,28335115,42515995,7,0,1,5632,15,9902107760
1634,14195520,6707464,20902984,0,0,0,31232,13,1407190372
1635,14195780,10210856,24406636,0,0,0,157184,13,3359245471
1636,14195890,7209914,21405804,4,0,0,40960,13,9349417920
1637,14196610,28319408,42516018,5,0,1,8192,18,5413820535
1638,14200410,6053851,20254261,0,0,0,13312,13,1236121522
1639,14209640,7078962,21288602,1,0,0,38912,19,9028165305
1640,14212580,10632726,24845306,9,0,0,52224,7,5296968320
1641,14215710,8623944,22839654,1,0,0,11264,19,9932448143
1642,14226100,4999372,19225472,8,0,0,27648,18,246175072
1643,14229460,6020722,20250182,2,0,0,62464,5,5799218218
1644,14244220,8057293,22301513,0,0,0,33280,13,3130312932
1645,14256860,28282003,42538863,7,0,1,8704,15,4811887140
1646,14262790,5901173,20163963,5,0,0,1024,18,4415840385
1647,14284670,8383969,22668639,4,0,0,16384,13,5891750694
1648,14307750,28266461,42574211,5,0,1,19968,18,2303134423
1649,14313580,6461436,20775016,4,0,0,31232,13,8843437278
1650,14317290,8052024,22369314,6,0,0,18432,17,10539660555
1651,14326030,28261978,42588008,3,0,1,7168,4,6668074175
1652,14331390,6039374,20370764,8,0,0,512,18,9773338749
1653,14342681,4868526,19211207,3,0,0,11264,4,6102095193
1654,14342749,28245290,42588039,0,0,1,7680,13,7225118413
1655,14348510,8893677,23242187,8,0,0,26112,18,2617130115
1656,14356370,6013880,20370250,9,0,0,104960,7,5075288097
1657,14365940,28224961,42590901,9,0,1,3072,7,3472026167
1658,14369680,9158257,23527937,2,0,0,57344,5,3276640684
1659,14381340,5891577,20272917,4,0,0,10752,13,73488547
1660,14383680,10601647,24985327,0,0,0,139776,13,3117262161
1661,14388709,28453957,42842666,0,0,1,14336,13,245979913
1662,14407641,5592146,19999787,3,0,0,25088,4,7431892541
1663,14425180,6074090,20499270,6,0,0,71168,17,2784306959
1664,14431300,8698427,23129727,5,0,0,3072,18,8152413601
1665,14436380,5658306,20094686,8,0,0,3072,18,96592313
1666,14440690,5036331,19477021,8,0,0,7168,18,575916774
1667,14441840,11010304,25452144,0,0,0,39424,13,875120791
1668,14442789,28399900,42842689,6,0,1,14848,17,9806832315
1669,14445770,8989193,23434963,2,0,0,45568,5,9296511914
1670,14446360,28494870,42941230,3,0,1,10752,4,7358931781
1671,14463330,6376408,20839738,4,0,0,48640,13,6704756553
1672,14464870,4859696,19324566,9,0,0,4096,7,4573689001
1673,14472240,11261292,25733532,5,0,0,23040,18,25671892
1674,14478229,28581398,43059627,6,0,1,3584,17,8259509443
1675,14483251,9326423,23809674,3,0,0,61952,4,6462347404
1676,14483290,9681121,24164411,4,0,0,14336,13,1076343220
1677,14486990,7010768,21497758,4,0,0,46592,13,5314270326
1678,14496240,28593525,43089765,5,0,1,4608,18,4665871558
1679,14500890,9372711,23873601,4,0,0,22016,13,2908186169
1680,14506500,4177141,18683641,1,0,0,24064,19,4629827941
1681,14542520,5610937,20153457,1,0,0,26624,19,112744236
1682,14545231,7746119,22291350,3,0,0,16896,4,800764423
1683,14558581,9296980,23855561,3,0,0,150528,4,292298674
1684,14559990,5053614,19613604,9,0,0,58880,7,9147032099
1685,14576700,9414337,23991037,6,0,0,52736,17,4982235912
1686,14581639,28604072,43185711,6,0,1,2560,17,7365206712
1687,14602110,5478022,20080132,6,0,0,2560,17,562657870
1688,14620160,8660775,23280935,5,0,0,22016,18,8497825063
1689,14621400,9078483,23699883,6,0,0,54784,17,6247732819
1690,14628210,6397565,21025775,8,0,0,22016,18,1641263253
1691,14653400,9355521,24008921,8,0,0,31232,18,2621773472
1692,14660290,9442379,24102669,0,0,0,22016,13,8856473914
1693,14688630,7194934,21883564,4,0,0,23040,13,671931086
1694,14728630,9463306,24191936,5,0,0,48128,18,622343625
1695,14738349,28447385,43185734,1,0,1,6144,19,6868167533
1696,14738800,5569811,20308611,4,0,0,16384,13,134818608
1697,14796980,28412781,43209761,8,0,1,5120,18,532051965
1698,14811110,6869308,21680418,1,0,0,37888,19,8873471621
1699,14813130,7072953,21886083,1,0,0,8192,19,1767455920
1700,14813460,5350160,20163620,8,0,0,33280,18,9312028381
1701,14847451,28363936,43211387,2,0,1,2560,5,1656418524
1702,14848230,9180058,24028288,4,0,0,63488,13,8607704552
1703,14856851,6553508,21410359,3,0,0,14848,4,4416496267
1704,14877120,6098323,20975443,5,0,0,53248,18,9472160557
1705,14878210,11312337,26190547,2,0,0,41472,5,1215711446
1706,14883240,9746755,24629995,9,0,0,565760,7,4694358292
1707,14885030,11037109,25922139,8,0,0,60416,18,10319494551
1708,14885270,6102509,20987779,1,0,0,17920,19,8881486609
1709,14889810,9894011,24783821,9,0,0,85504,7,9909379994
1710,14891920,7333711,22225631,5,0,0,13312,18,2939303891
1711,14911450,5050283,19961733,5,0,0,7168,18,4202387931
1712,14914210,7968471,22882681,9,0,0,22528,7,2684012241
1713,14921870,8982883,23904753,6,0,0,17920,17,7949372495
1714,14936650,7899549,22836199,8,0,0,68096,18,3350700307
1715,14946761,8443972,23390733,3,0,0,10752,4,7689447490
1716,14950140,28514262,43464402,4,0,1,41472,13,580176175
1717,14958580,5544301,20502881,9,0,0,11776,7,2056032224
1718,14962740,5681454,20644194,0,0,0,512,13,8075767516
1719,14969290,9858623,24827913,9,0,0,123392,7,5879941747
1720,14974960,28545746,43520706,4,0,1,3072,13,5648578609
1721,14975820,7713659,22689479,2,0,0,11264,5,5385589975
1722,14985100,7413744,22398844,0,0,0,79360,13,6491318700
1723,14993540,6147538,21141078,6,0,0,2048,17,7743736192
1724,14994400,28575062,43569462,4,0,1,4608,13,4307464287
1725,15020299,28585568,43605867,0,0,1,15360,13,9955239448
1726,15020870,28591738,43612608,8,0,1,5632,18,9121090515
1727,15035490,9828559,24864049,6,0,0,61440,17,7544356070
1728,15042080,6295547,21337627,9,0,0,24576,7,5893329163
1729,15043399,28569875,43613274,1,0,1,1024,19,4512881351
1730,15047160,6938167,21985327,6,0,0,30208,17,1167149315
1731,15049501,9816489,24865990,3,0,0,512,4,4120488369
1732,15066270,5616923,20683193,2,0,0,16384,5,3882574673
1733,15067130,6362515,21429645,0,0,0,2560,13,10228927373
1734,15091680,6884420,21976100,5,0,0,42496,18,3060004710
1735,15094500,5001457,20095957,2,0,0,4096,5,4215694322
1736,15095410,4185580,19280990,8,0,0,7680,18,8851753866
1737,15105840,9559347,24665187,5,0,0,48128,18,9439061473
1738,15112670,6611490,21724160,4,0,0,33792,13,9230906951
1739,15120750,4983521,20104271,9,0,0,3072,7,8062748211
1740,15121870,8005230,23127100,8,0,0,22528,18,9293398713
1741,15122080,6768082,21890162,6,0,0,13312,17,4089873659
1742,15130470,6227529,21357999,5,0,0,38400,18,7210433082
1743,15137760,8187631,23325391,8,0,0,61952,18,7138935028
1744,15140099,28657444,43797543,6,0,1,88064,17,1731019758
1745,15148990,28797448,43946438,9,0,1,3072,7,4605738595
1746,15157820,28792104,43949924,9,0,1,18944,7,1759601570
1747,15166520,4329774,19496294,4,0,0,6144,13,7740587663
1748,15168960,7046797,22215757,6,0,0,13824,17,8790869030
1749,15172340,9617151,24789491,8,0,0,1536,18,6103344315
1750,15179530,7761478,22941008,7,0,0,85504,15,479439552
1751,15184070,11100242,26284312,0,0,0,37376,13,6429909890
1752,15225179,28900179,44125358,1,0,1,9728,19,1646479205
1753,15232851,28952752,44185603,2,0,1,44032,5,8044321584
1754,15236750,6351169,21587919,8,0,0,19456,18,5397427276
1755,15243780,6991858,22235638,4,0,0,32768,13,2907575633
1756,15246381,28994292,44240673,2,0,1,21504,5,5503566672
1757,15248050,5260858,20508908,0,0,0,3584,13,2864032959
1758,15248340,29174736,44423076,9,0,1,23040,7,8468568503
1759,15253510,5380549,20634059,0,0,0,4608,13,6797883241
1760,15254530,29388749,44643279,7,0,1,41984,15,5145658569
1761,15256140,9764520,25020660,1,0,0,6144,19,672027058
1762,15258310,6523710,21782020,6,0,0,512,17,3632323597
1763,15264620,7480066,22744686,8,0,0,65536,18,10699379665
1764,15279300,8762895,24042195,4,0,0,45568,13,3520612863
1765,15282800,29650089,44932889,7,0,1,17408,15,7418821731
1766,15283190,6018013,21301203,2,0,0,13312,5,7089486170
1767,15288140,5084051,20372191,9,0,0,4608,7,5937016301
1768,15298469,29634443,44932912,0,0,1,26112,13,417329814
1769,15314061,8037249,23351310,3,0,0,84992,4,5269250130
1770,15335470,5225129,20560599,4,0,0,18432,13,8088875997
1771,15346630,7427172,22773802,4,0,0,67072,13,4655206527
1772,15355240,6792043,22147283,6,0,0,17408,17,10576050976
1773,15361981,7343300,22705281,3,0,0,25088,4,8612962928
1774,15374919,29558721,44933640,1,0,1,2048,19,4889599763
1775,15386820,7824532,23211352,8,0,0,137728,18,2703573878
1776,15396030,7267594,22663624,0,0,0,46592,13,9739115284
1777,15412230,6809322,22221552,1,0,0,18944,19,6581117926
1778,15442190,7655857,23098047,4,0,0,40960,13,362500774
1779,15448390,29486018,44934408,3,0,1,11776,4,2741362844
1780,15455460,8771996,24227456,5,0,0,78336,18,4611256038
1781,15459980,9662531,25122511,5,0,0,62976,18,5202351519
1782,15478560,9569523,25048083,6,0,0,42496,17,2177555025
1783,15479351,8061440,23540791,3,0,0,8704,4,5740350656
1784,15488910,9520776,25009686,4,0,0,79872,13,6692974641
1785,15492280,10128488,25620768,0,0,0,44032,13,8846460312
1786,15492880,6131768,21624648,8,0,0,4096,18,5194574913
1787,15502340,29552961,45055301,3,0,1,16896,4,8779707810
1788,15504440,29550884,45055324,8,0,1,512,18,4426625502
1789,15506900,29548447,45055347,8,0,1,17408,18,7584328633
1790,15533940,9384510,24918450,0,0,0,58880,13,8060405217
1791,15534059,29524165,45058224,1,0,1,15360,19,8820260155
1792,15536600,5306125,20842725,6,0,0,9728,17,7566281441
1793,15537770,29580874,45118644,4,0,1,35328,13,5751892682
1794,15540130,9683205,25223335,4,0,0,10752,13,6695192756
1795,15541050,7576665,23117715,1,0,0,29696,19,7761707790
1796,15543060,7427059,22970119,9,0,0,39424,7,3276214485
1797,15560240,9825911,25386151,2,0,0,46592,5,5254879586
1798,15562080,29571234,45133314,3,0,1,4096,4,1593338298
1799,15569569,29621836,45191405,6,0,1,54272,17,3024079534
1800,15571090,8306590,23877680,1,0,0,13312,19,2070974896
1801,15581601,9453511,25035112,3,0,0,15360,4,10491551295
1802,15581950,6612849,22194799,6,0,0,4096,17,5865875768
1803,15582490,8771290,24353780,5,0,0,14848,18,1252611369
1804,15585520,6778155,22363675,2,0,0,80896,5,1924036354
1805,15586351,29717628,45303979,2,0,1,8704,5,2453400997
1806,15591270,29712732,45304002,4,0,1,3072,13,7795905147
1807,15601990,30206121,45808111,7,0,1,189440,15,5018978104
1808,15603340,7046065,22649405,8,0,0,20992,18,6417758024
1809,15605561,7904865,23510426,3,0,0,75776,4,2916903203
1810,15614080,30197377,45811457,8,0,1,11264,18,6001092662
1811,15621360,8287339,23908699,6,0,0,11776,17,4603285503
1812,15622440,4640135,20262575,0,0,0,2048,13,7333690007
1813,15623190,9134556,24757746,8,0,0,83968,18,5648480935
1814,15634790,7254466,22889256,0,0,0,21504,13,2644636504
1815,15635430,7744528,23379958,1,0,0,14336,19,9560099882
1816,15640820,8144285,23785105,6,0,0,274944,17,7840603536
1817,15644959,30166521,45811480,1,0,1,3072,19,5396905574
1818,15674999,30136504,45811503,1,0,1,1024,19,1181455542
1819,15680360,10009043,25689403,6,0,0,8192,17,10651335860
1820,15693450,6748915,22442365,1,0,0,44032,19,2233280236
1821,15696040,9376425,25072465,6,0,0,19456,17,5212335909
1822,15697610,7789705,23487315,9,0,0,48640,7,510422778
1823,15702030,8390725,24092755,8,0,0,5120,18,4901712902
1824,15718190,7851384,23569574,9,0,0,3584,7,8091199519
1825,15728829,30102334,45831163,1,0,1,41472,19,2772418812
1826,15729530,7639930,23369460,5,0,0,17920,18,3509576718
1827,15761490,10993650,26755140,8,0,0,57856,18,9831095497
1828,15762900,8128071,23890971,8,0,0,43520,18,9838212832
1829,15773490,9433871,25207361,8,0,0,87040,18,6315303022
1830,15778609,30076614,45855223,6,0,1,18944,17,5848044934
1831,15779470,6889972,22669442,1,0,0,2560,19,6921506901
1832,15780970,7356796,23137766,9,0,0,5120,7,5406952568
1833,15785621,7520871,23306492,3,0,0,13312,4,7914299774
1834,15789179,30123199,45912378,6,0,1,1024,17,5142691631
1835,15789600,8153741,23943341,9,0,0,32768,7,3893382578
1836,15812260,8162640,23974900,4,0,0,44032,13,8777153511
1837,15817380,8041792,23859172,5,0,0,11776,18,766373633
1838,15827970,9381621,25209591,8,0,0,3584,18,7198466167
1839,15883640,8207532,24091172,1,0,0,59392,19,5062659244
1840,15892780,5295056,21187836,8,0,0,8192,18,45285253
1841,15899400,10388145,26287545,9,0,0,8704,7,3691388590
1842,15902730,11006129,26908859,9,0,0,94720,7,4688250473
1843,15907110,7468457,23375567,6,0,0,19968,17,7694249814
1844,15922700,8147967,24070667,8,0,0,56320,18,4924512837
1845,15922960,7328097,23251057,5,0,0,14336,18,8934316095
1846,15927049,30742434,46669483,0,0,1,440832,13,8717694815
1847,15930399,30759753,46690152,6,0,1,14848,17,5924335705
1848,15931759,30876042,46807801,0,0,1,125952,13,2120830277
1849,15944940,9446694,25391634,8,0,0,17920,18,5127796577
1850,15951621,30949391,46901012,2,0,1,8704,5,3845294356
1851,15967769,30936674,46904443,1,0,1,18432,19,8777198806
1852,15972139,31789855,47761994,0,0,1,519680,13,7889998746
1853,15991070,6884724,22875794,8,0,0,34816,18,509326739
1854,15998180,8275464,24273644,2,0,0,46592,5,1883699670
1855,15999381,31887230,47886611,2,0,1,42496,5,4473682371
1856,16006540,9897168,25903708,0,0,0,65024,13,8336171819
1857,16009350,8703197,24712547,8,0,0,35840,18,2027962822
1858,16015940,31963271,47979211,9,0,1,146432,7,372012346
1859,16028590,5528101,21556691,6,0,0,16384,17,10537535600
1860,16044230,8155872,24200102,2,0,0,3072,5,6690455026
1861,16046521,8896155,24942676,3,0,0,22528,4,5548070671
1862,16049940,8885849,24935789,5,0,0,56832,18,5116926606
1863,16059840,7478260,23538100,5,0,0,33280,18,4215955333
1864,16060900,11214144,27275044,9,0,0,46592,7,3736365444
1865,16067980,10996742,27064722,4,0,0,83968,13,4694577798
1866,16069230,8373534,24442764,6,0,0,11776,17,5031366577
1867,16078810,8340820,24419630,4,0,0,32768,13,3529063662
1868,16103270,7502087,23605357,4,0,0,24576,13,5327487742
1869,16105250,7756129,23861379,5,0,0,7168,18,6221537326
1870,16111731,8954783,25066514,3,0,0,60416,4,4332627048
1871,16112249,31878643,47990892,1,0,1,23552,19,4526597936
1872,16130200,7100854,23231054,5,0,0,32256,18,8206488528
1873,16142260,8111427,24253687,6,0,0,86016,17,3558675454
1874,16142980,8314095,24457075,9,0,0,39424,7,2249192194
1875,16144120,7483660,23627780,0,0,0,22016,13,2824712039
1876,16151590,8157411,24309001,8,0,0,13312,18,9825659411
1877,16157051,7893614,24050665,3,0,0,26112,4,4438247612
1878,16192710,31808738,48001448,4,0,1,2048,13,1840488309
1879,16198490,8533649,24732139,0,0,0,43520,13,8882938393
1880,16206690,7244075,23450765,9,0,0,25088,7,5543534962
1881,16234161,8791358,25025519,3,0,0,15872,4,5432092477
1882,16242100,9180786,25422886,6,0,0,11264,17,5886601076
1883,16250410,6835126,23085536,4,0,0,35840,13,9027162848
1884,16262360,8910479,25172839,8,0,0,51712,18,3218450749
1885,16264001,31743451,48007452,2,0,1,20480,5,10186090801
1886,16268521,5313446,21581967,3,0,0,1536,4,3172509968
1887,16294730,11081600,27376330,5,0,0,18944,18,8350171338
1888,16296350,31732190,48028540,4,0,1,15360,13,6518685840
1889,16303770,7899787,24203557,0,0,0,11264,13,8320192535
1890,16306460,5681542,21988002,5,0,0,8704,18,5252670632
1891,16311760,10178641,26490401,5,0,0,15872,18,5067815842
1892,16317580,8547272,24864852,5,0,0,2560,18,6173240581
1893,16318840,6529307,22848147,0,0,0,13312,13,7760967251
1894,16326450,31704996,48031446,8,0,1,4608,18,8490004145
1895,16326710,9045222,25371932,0,0,0,62464,13,7938819264
1896,16331591,31702761,48034352,2,0,1,4608,5,2978763519
1897,16333190,7709496,24042686,1,0,0,1536,19,8823983604
1898,16347620,9689011,26036631,4,0,0,53248,13,4711012705
1899,16348690,7352620,23701310,2,0,0,4608,5,3309834139
1900,16351751,7987886,24339637,3,0,0,28160,4,64632592
1901,16356620,10507109,26863729,9,0,0,14848,7,4362525583
1902,16371600,31664340,48035940,8,0,1,15872,18,954155964
1903,16381520,8057633,24439153,9,0,0,64000,7,8149510752
1904,16394020,7750065,24144085,4,0,0,104448,13,10187104171
1905,16395161,31642085,48037246,2,0,1,2048,5,1906912568
1906,16408010,31779190,48187200,9,0,1,107520,7,7873131028
1907,16413771,8236729,24650500,3,0,0,14336,4,5518778901
1908,16418279,31768944,48187223,1,0,1,10752,19,2853628004
1909,16425670,8893554,25319224,0,0,0,9728,13,9121128116
1910,16432910,31849193,48282103,7,0,1,88064,15,9290083050
1911,16443359,32500990,48944349,0,0,1,253440,13,3709675280
1912,16446390,9193944,25640334,8,0,0,5632,18,4862962904
1913,16458820,7440442,23899262,4,0,0,27136,13,2749712865
1914,16485660,9518945,26004605,8,0,0,34816,18,1410543081
1915,16500970,32536417,49037387,3,0,1,10240,4,61142922
1916,16505180,32532230,49037410,4,0,1,9216,13,10379937065
1917,16514391,7662858,24177249,3,0,0,19968,4,891986547
1918,16523780,11370740,27894520,9,0,0,82944,7,10064845158
1919,16527279,32510154,49037433,1,0,1,12288,19,5845292740
1920,16534241,8111868,24646109,3,0,0,11776,4,3054579717
1921,16545250,9048586,25593836,6,0,0,54272,17,1457141202
1922,16553180,6679769,23232949,2,0,0,6144,5,3313138057
1923,16554090,7407371,23961461,8,0,0,31744,18,2076058989
1924,16561050,9616830,26177880,6,0,0,119296,17,4991122693
1925,16564330,5879847,22444177,6,0,0,4608,17,3710644053
1926,16582960,10154529,26737489,1,0,0,87552,19,4507888422
1927,16585340,8694671,25280011,6,0,0,16384,17,5554974730
1928,16596140,5804919,22401059,0,0,0,7168,13,1272867793
1929,16597550,8962053,25559603,5,0,0,54272,18,704462952
1930,16603680,32642864,49246544,7,0,1,209408,15,9133794106
1931,16607200,9201102,25808302,1,0,0,69120,19,8005490961
1932,16631570,8087286,24718856,5,0,0,8192,18,870600765
1933,16632830,8232981,24865811,1,0,0,3072,19,7681955776
1934,16635630,7155145,23790775,5,0,0,15872,18,10374432139
1935,16641830,9290838,25932668,1,0,0,13312,19,8602372296
1936,16667800,6988654,23656454,9,0,0,4096,7,9976545423
1937,16668910,6173887,22842797,0,0,0,10240,13,8908462638
1938,16673820,8675282,25349102,2,0,0,57344,5,8777070097
1939,16682090,7592513,24274603,7,0,0,3072,15,8897875595
1940,16697100,8093194,24790294,0,0,0,2560,13,6528054070
1941,16697680,32560614,49258294,3,0,1,18432,4,3948337296
1942,16701060,32568281,49269341,4,0,1,1024,13,7492387751
1943,16702810,6661167,23363977,1,0,0,41472,19,2462156578
1944,16729820,7591718,24321538,6,0,0,15360,17,4292023053
1945,16730310,5944459,22674769,0,0,0,17408,13,288897547
1946,16749210,9271174,26020384,0,0,0,51712,13,6298295659
1947,16749220,6208864,22958084,8,0,0,25600,18,7239812806
1948,16753260,8332644,25085904,2,0,0,44032,5,1681753071
1949,16767810,7137278,23905088,4,0,0,1024,13,2910746239
1950,16790580,8562297,25352877,0,0,0,12288,13,2358422838
1951,16793850,32593236,49387086,3,0,1,44032,4,9772708100
1952,16799270,8068615,24867885,8,0,0,6144,18,4529458405
1953,16812570,6096071,22908641,2,0,0,7168,5,9524090747
1954,16820760,9381541,26202301,8,0,0,19968,18,7958933932
1955,16831361,32820907,49652268,2,0,1,68096,5,2346806197
1956,16862860,32791349,49654209,8,0,1,15360,18,2335083574
1957,16871070,7300072,24171142,0,0,0,22016,13,1824722157
1958,16884000,9256862,26140862,6,0,0,95232,17,850105045
1959,16900360,6668099,23568459,9,0,0,38400,7,9443019306
1960,16906930,9490543,26397473,8,0,0,48640,18,4069980553
1961,16907070,9071250,25978320,2,0,0,69120,5,481264899
1962,16912220,7917143,24829363,0,0,0,2048,13,4123942682
1963,16953350,7245793,24199143,2,0,0,23552,5,9007807881
1964,16956120,9121540,26077660,8,0,0,9216,18,9335865806
1965,16972131,9584707,26556838,3,0,0,4096,4,5831252383
1966,16980751,8424927,25405678,3,0,0,13312,4,1446172711
1967,16998140,8789079,25787219,8,0,0,176128,18,8223914811
1968,17005250,7868305,24873555,5,0,0,14848,18,5382648931
1969,17005760,7636738,24642498,9,0,0,40960,7,365904734
1970,17023599,32630633,49654232,1,0,1,1024,19,4682850815
1971,17024501,9231533,26256034,3,0,0,36864,4,4587974431
1972,17029630,7671974,24701604,0,0,0,55296,13,4959383898
1973,17031241,9995644,27026885,3,0,0,56832,4,8581652824
1974,17045411,7973354,25018765,3,0,0,29696,4,1225918688
1975,17047180,7669157,24716337,5,0,0,4608,18,9048775039
1976,17054810,9259154,26313964,4,0,0,38912,13,4470652549
1977,17065320,8035783,25101103,9,0,0,6144,7,1201237791
1978,17072090,8974743,26046833,8,0,0,30720,18,3384667028
1979,17082580,8098238,25180818,8,0,0,26112,18,5037613307
1980,17087660,6698256,23785916,5,0,0,2560,18,8816964548
1981,17096171,7990380,25086551,3,0,0,2048,4,10535959433
1982,17106600,9108764,26215364,9,0,0,1536,7,9912983868
1983,17106690,7762318,24869008,0,0,0,3584,13,6937324100
1984,17110420,7916378,25026798,9,0,0,4096,7,9500648258
1985,17115650,8480549,25596199,5,0,0,7680,18,9706084887
1986,17132480,32521775,49654255,8,0,1,17408,18,9263535120
1987,17151750,32572116,49723866,3,0,1,19456,4,6966231111
1988,17156649,32567240,49723889,1,0,1,5120,19,9081741789
1989,17172760,10927206,28099966,2,0,0,60416,5,7022215020
1990,17173830,8451173,25625003,9,0,0,13824,7,2125505549
1991,17184040,8303369,25487409,0,0,0,2048,13,3498533893
1992,17187140,9225932,26413072,2,0,0,46592,5,9652937358
1993,17192230,11047314,28239544,0,0,0,43520,13,4739465849
1994,17196310,32542601,49738911,4,0,1,20480,13,10063198723
1995,17206060,8002416,25208476,2,0,0,3584,5,6351780239
1996,17207770,11609997,28817767,5,0,0,195072,18,2616206434
1997,17210910,9624381,26835291,2,0,0,82944,5,4554829235
1998,17212270,7818139,25030409,9,0,0,11776,7,4840634304
1999,17225000,8047882,25272882,9,0,0,14336,7,10175005163
2000,17233200,11242514,28475714,0,0,0,118272,13,57804989
2001,17234610,11080914,28315524,0,0,0,17408,13,1495444690
2002,17238670,32520173,49758843,9,0,1,39936,7,220433238
2003,17257560,32501306,49758866,5,0,1,2048,18,1042454476
2004,17258240,8418649,25676889,8,0,0,6656,18,3863959322
2005,17268160,8660421,25928581,4,0,0,14336,13,8210865283
2006,17272400,7075284,24347684,2,0,0,25088,5,495608898
2007,17282580,32476309,49758889,3,0,1,2048,4,9419495076
2008,17283920,8857589,26141509,0,0,0,2048,13,788146209
2009,17284679,32554337,49839016,1,0,1,25088,19,5679975977
2010,17295770,7604717,24900487,5,0,0,42496,18,9395302157
2011,17335520,11577903,28913423,8,0,0,17408,18,6512948156
2012,17357640,8701103,26058743,2,0,0,15872,5,2130122114
2013,17359820,9576252,26936072,8,0,0,60416,18,2753974670
2014,17363660,9100193,26463853,5,0,0,23040,18,6310661551
2015,17375580,32923348,50298928,7,0,1,339968,15,808161047
2016,17376990,9584861,26961851,5,0,0,84480,18,6600415902
2017,17379430,33090722,50470152,9,0,1,204288,7,7197661813
2018,17393020,9729507,27122527,8,0,0,107008,18,5296601371
2019,17393639,33078779,50472418,6,0,1,3584,17,5113939264
2020,17406061,33071183,50477244,2,0,1,7680,5,613483394
2021,17407120,8468743,25875863,4,0,0,44544,13,2918456740
2022,17412991,8569096,25982087,3,0,0,12288,4,7308341224
2023,17422350,6650524,24072874,9,0,0,7168,7,362469484
2024,17431140,11639332,29070472,7,0,0,46080,15,8681160887
2025,17433580,33484048,50917628,9,0,1,301056,7,346421739
2026,17435580,11736639,29172219,0,0,0,23040,13,3912754610
2027,17438880,33479094,50917974,8,0,1,512,18,464793951
2028,17466130,8375937,25842067,6,0,0,77312,17,4848595953
2029,17468430,11902744,29371174,6,0,0,6656,17,10057906608
2030,17494870,7389027,24883897,4,0,0,29696,13,6115307142
2031,17509940,9265838,26775778,5,0,0,14336,18,333254356
2032,17520750,7979200,25499950,8,0,0,32768,18,9191748409
2033,17528940,33407767,50936707,3,0,1,16384,4,8404015833
2034,17547620,9607946,27155566,2,0,0,25600,5,9547782516
2035,17548280,8313980,25862260,6,0,0,10752,17,6278411792
2036,17553170,33383560,50936730,4,0,1,3072,13,4285352611
2037,17563430,9207957,26771387,4,0,0,53248,13,9371605031
2038,17571050,9641799,27212849,5,0,0,35840,18,4388095376
2039,17573480,7757168,25330648,2,0,0,32768,5,2924606556
2040,17575299,33558696,51133995,0,0,1,224256,13,7588377824
2041,17586170,9023264,26609434,2,0,0,17920,5,4039898644
2042,17588729,33552378,51141107,1,0,1,6144,19,3756915091
2043,17589080,8018241,25607321,6,0,0,34816,17,871720789
2044,17596520,9892639,27489159,4,0,0,72192,13,9051010328
2045,17610320,33541758,51152078,9,0,1,37888,7,5935764272
2046,17633630,9657099,27290729,8,0,0,41984,18,532655537
2047,17636099,33614796,51250895,1,0,1,22016,19,2403073812
2048,17636710,33668809,51305519,8,0,1,19968,18,1012198435
2049,17654780,7908278,25563058,8,0,0,11264,18,4102177923
2050,17666740,33638802,51305542,3,0,1,1536,4,6126885446
2051,17666910,9331982,26998892,6,0,0,62464,17,5465189093
2052,17668180,8528006,26196186,8,0,0,18432,18,6103829761
2053,17680850,9517676,27198526,9,0,0,10752,7,2771710570
2054,17731150,10010188,27741338,6,0,0,112128,17,1832423657
2055,17744580,6351358,24095938,4,0,0,10240,13,5834582410
2056,17767401,9242145,27009546,3,0,0,10240,4,291599035
2057,17785160,11872988,29658148,8,0,0,75264,18,4851651172
2058,17792660,9066522,26859182,9,0,0,78336,7,9554241417
2059,17801830,8989259,26791089,0,0,0,50176,13,4162857975
2060,17811140,7905563,25716703,6,0,0,32256,17,5048442291
2061,17815920,9163917,26979837,4,0,0,32768,13,6587350788
2062,17820670,9347022,27167692,4,0,0,29696,13,4675423798
2063,17840390,33516218,51356608,9,0,1,127488,7,5434571319
2064,17843200,6411134,24254334,4,0,0,2048,13,1888673532
2065,17853530,9184298,27037828,7,0,0,35840,15,6630404109
2066,17864780,7365137,25229917,8,0,0,19456,18,2714423535
2067,17866590,33543020,51409610,7,0,1,67072,15,9721604785
2068,17874081,8604224,26478305,2,0,0,12800,5,5206725382
2069,17894590,7682687,25577277,2,0,0,46592,5,2913629345
2070,17915820,8894176,26809996,9,0,0,61952,7,1516951177
2071,17927670,9350236,27277906,8,0,0,6144,18,9344440515
2072,17930550,8733197,26663747,6,0,0,15360,17,691083492
2073,17937870,9373177,27311047,5,0,0,25088,18,6624151672
2074,17941900,33663841,51605741,7,0,1,194048,15,9415555018
2075,17951090,7995641,25946731,0,0,0,46080,13,5344432222
2076,17958910,6114143,24073053,2,0,0,512,5,3859182495
2077,17962819,33648734,51611553,1,0,1,9216,19,2361723247
2078,17965181,33666913,51632094,2,0,1,27136,5,9482679628
2079,17981150,33650967,51632117,3,0,1,6144,4,506014859
2080,17987659,33659257,51646916,1,0,1,5120,19,1337358167
2081,17993171,7706551,25699722,3,0,0,33792,4,6377586348
2082,18001780,12071844,30073624,9,0,0,70144,7,1639939250
2083,18010020,7983946,25993966,2,0,0,38912,5,3339517848
2084,18010180,7838930,25849110,5,0,0,23040,18,7696248531
2085,18021810,9121698,27143508,0,0,0,44032,13,7764485495
2086,18024030,7307577,25331607,8,0,0,3072,18,4932826587
2087,18032151,11749329,29781480,3,0,0,123904,4,2590181663
2088,18038980,9593538,27632518,8,0,0,79872,18,5168509381
2089,18050030,8011240,26061270,9,0,0,8192,7,4284114034
2090,18052190,9513813,27566003,2,0,0,123904,5,2264374345
2091,18059250,8308184,26367434,0,0,0,24576,13,1933187719
2092,18066841,33580098,51646939,2,0,1,9216,5,9765244454
2093,18067101,7791860,25858961,3,0,0,32256,4,10710670333
2094,18070730,9382052,27452782,4,0,0,43008,13,4356274386
2095,18077841,10222204,28300045,3,0,0,29696,4,6087286637
2096,18082320,33799203,51881523,9,0,1,237056,7,2996454406
2097,18093120,34139753,52232873,7,0,1,335872,15,2678486100
2098,18098780,34177462,52276242,9,0,1,78336,7,9940248204
2099,18121120,6136373,24257493,2,0,0,10240,5,5646922806
2100,18121440,7835454,25956894,9,0,0,33280,7,401940592
2101,18125780,12270296,30396076,8,0,0,55296,18,9483776196
2102,18126640,7684181,25810821,5,0,0,8192,18,6990135788
2103,18136770,9213908,27350678,0,0,0,99328,13,5038599352
2104,18136820,6272803,24409623,5,0,0,9728,18,702343748
2105,18159640,9485225,27644865,2,0,0,40448,5,981859179
2106,18166321,34123760,52290081,2,0,1,512,5,6169215717
2107,18168040,34214574,52382614,9,0,1,155136,7,8931954867
2108,18174060,9533091,27707151,2,0,0,46080,5,4293604914
2109,18180781,6503952,24684733,3,0,0,7680,4,8759168571
2110,18216320,7664722,25881042,2,0,0,16896,5,5955384191
2111,18219420,34163540,52382960,4,0,1,512,13,7052752093
2112,18231320,9615909,27847229,6,0,0,26112,17,8640197043
2113,18231620,6597096,24828716,2,0,0,2560,5,7611330907
2114,18236160,9360605,27596765,9,0,0,32768,7,10445048370
2115,18258701,34141126,52399827,2,0,1,11776,5,3904783498
2116,18264970,8208406,26473376,8,0,0,8192,18,3023624085
2117,18268670,9424418,27693088,9,0,0,84480,7,2770827161
2118,18269750,8367372,26637122,9,0,0,35328,7,1503582822
2119,18279510,10238917,28518427,8,0,0,32256,18,8155811951
2120,18307640,9124755,27432395,5,0,0,3584,18,3414984313
2121,18314830,9498399,27813229,6,0,0,1024,17,7830461461
2122,18319080,34085932,52405012,9,0,1,16384,7,6971847741
2123,18325210,8230349,26555559,8,0,0,33280,18,4841186280
2124,18326780,10112867,28439647,8,0,0,86528,18,9496832117
2125,18327090,7184282,25511372,5,0,0,512,18,4471033743
2126,18340080,10418220,28758300,2,0,0,320512,5,1712267062
2127,18356521,8081367,26437888,3,0,0,30720,4,8157507350
2128,18358370,6356540,24714910,4,0,0,7680,13,673724006
2129,18364450,9915497,28279947,9,0,0,18432,7,10698199188
2130,18369170,7555020,25924190,8,0,0,6656,18,8412841065
2131,18369820,7514053,25883873,9,0,0,9216,7,9157606484
2132,18383540,6503968,24887508,9,0,0,11776,7,2798692355
2133,18383571,8534070,26917641,3,0,0,1024,4,10708016161
2134,18406130,34107310,52513440,7,0,1,156160,15,9853767636
2135,18407860,6381140,24789000,6,0,0,16896,17,5873478707
2136,18421490,9578834,28000324,2,0,0,128000,5,6302190221
2137,18435440,34084466,52519906,8,0,1,22528,18,9346197965
2138,18462330,9286706,27749036,6,0,0,13824,17,9658478523
2139,18485230,34041847,52527077,4,0,1,24064,13,1957479154
2140,18487120,8870289,27357409,9,0,0,22016,7,4356759956
2141,18494771,34090049,52584820,2,0,1,14336,5,6151319498
2142,18495270,8543837,27039107,2,0,0,4096,5,8022553402
2143,18498860,9300482,27799342,8,0,0,3584,18,8803077841
2144,18526851,7430378,25957229,3,0,0,1024,4,3883214533
2145,18530430,8617313,27147743,8,0,0,13824,18,4828157901
2146,18532891,34052595,52585486,2,0,1,1024,5,1757681049
2147,18533441,8654605,27188046,3,0,0,22528,4,745852879
2148,18535450,34050702,52586152,4,0,1,1024,13,5160974045
2149,18553590,6321236,24874826,2,0,0,4096,5,7857526110
2150,18587780,9373490,27961270,4,0,0,72704,13,441260719
2151,18589410,7464466,26053876,4,0,0,23040,13,994784068
2152,18589440,9595036,28184476,0,0,0,91136,13,1067279292
2153,18590810,8289166,26879976,2,0,0,53248,5,8542569986
2154,18600750,8645224,27245974,2,0,0,43520,5,1686864662
2155,18603630,8486270,27089900,2,0,0,71168,5,9614260765
2156,18624670,10283426,28908096,2,0,0,183296,5,4710043535
2157,18638469,33977251,52615720,0,0,1,11776,13,5431419602
2158,18645900,33972406,52618306,8,0,1,4096,18,2376803220
2159,18647770,9672925,28320695,2,0,0,16896,5,4666080926
2160,18649171,6947519,25596690,3,0,0,1536,4,1616307098
2161,18655840,8604977,27260817,9,0,0,48640,7,9039398479
2162,18657629,33965734,52623363,1,0,1,18944,19,8462834831
2163,18722580,8744560,27467140,0,0,0,32256,13,5090801945
2164,18731300,8791601,27522901,2,0,0,11776,5,2446436214
2165,18738960,9125832,27864792,9,0,0,30720,7,10178805284
2166,18743910,8775380,27519290,5,0,0,98816,18,6547914877
2167,18747800,8900988,27648788,0,0,0,12800,13,4962249687
2168,18749150,9354458,28103608,4,0,0,7168,13,9720592642
2169,18749920,33900029,52649949,8,0,1,4608,18,366826100
2170,18753860,9185212,27939072,6,0,0,42496,17,3981112289
2171,18770220,7805980,26576200,9,0,0,10752,7,1080056649
2172,18784300,33871550,52655850,4,0,1,19968,13,8230162932
2173,18794760,9213878,28008638,6,0,0,27136,17,3716500018
2174,18797420,8864132,27661552,0,0,0,7680,13,3466720313
2175,18802131,9455592,28257723,3,0,0,38912,4,5133457159
2176,18804980,8939821,27744801,2,0,0,11264,5,8203010374
2177,18811131,8369311,27180442,3,0,0,2048,4,3949929557
2178,18817669,33839410,52657079,0,0,1,22016,13,5975791943
2179,18822040,10261247,29083287,9,0,0,41984,7,8898202023
2180,18837440,8132390,26969830,6,0,0,26112,17,3102539
2181,18842049,33871864,52713913,6,0,1,21504,17,10575863436
2182,18844160,8962022,27806182,9,0,0,20992,7,923045855
2183,18847111,33866825,52713936,2,0,1,10240,5,5729731928
2184,18852900,33861059,52713959,3,0,1,2048,4,5806414386
2185,18898740,33815242,52713982,3,0,1,6656,4,7000010519
2186,18918850,8609378,27528228,9,0,0,17408,7,1939343297
2187,18926230,9299975,28226205,9,0,0,2048,7,5724239676
2188,18928380,9484857,28413237,9,0,0,13824,7,10663581192
2189,18954979,33763105,52718084,1,0,1,18944,19,536602606
2190,18959860,8952779,27912639,5,0,0,59392,18,6878436542
2191,18964640,34143095,53107735,9,0,1,316416,7,2010140274
2192,18969790,10075185,29044975,5,0,0,1536,18,8576815523
2193,18977450,9134318,28111768,6,0,0,13824,17,5995774490
2194,18989791,34132414,53122205,2,0,1,1536,5,7376490160
2195,18994741,10271692,29266433,3,0,0,16384,4,9619808658
2196,19012850,9002246,28015096,0,0,0,20992,13,7126239939
2197,19039970,9804900,28844870,5,0,0,19456,18,1752527130
2198,19048630,8311142,27359772,2,0,0,7680,5,7277725275
2199,19056800,7273940,26330740,9,0,0,8704,7,5952555615
2200,19057290,10559395,29616685,5,0,0,52224,18,4673272685
2201,19064940,6972502,26037442,9,0,0,2560,7,9686985615
2202,19069259,34102776,53172035,0,0,1,20992,13,4851334395
2203,19070821,9233269,28304090,3,0,0,6144,4,5664669654
2204,19083750,6734738,25818488,9,0,0,25088,7,9272639031
2205,19108320,6543184,25651504,0,0,0,14848,13,6711509291
2206,19114320,7336071,26450391,4,0,0,40960,13,5847630188
2207,19127170,8041348,27168518,9,0,0,1024,7,7886465550
2208,19151200,34512484,53663684,9,0,1,418304,7,3000379250
2209,19155700,9069515,28225215,9,0,0,133632,7,7067738213
2210,19159490,11318638,30478128,9,0,0,13824,7,254631093
2211,19164630,9197735,28362365,6,0,0,8704,17,9695863108
2212,19166490,9240546,28407036,6,0,0,141312,17,1371078466
2213,19166519,34499431,53665950,1,0,1,3584,19,1421625200
2214,19172210,8413986,27586196,5,0,0,11776,18,7738632587
2215,19177801,7279009,26456810,3,0,0,20992,4,9732078575
2216,19196770,11573660,30770430,6,0,0,104960,17,10712897940
2217,19198551,34474650,53673201,2,0,1,24064,5,5218949713
2218,19205840,9414007,28619847,4,0,0,10240,13,7698529276
2219,19223779,34450395,53674174,6,0,1,12800,17,7454930940
2220,19224800,9388648,28613448,7,0,0,44032,15,10314614921
2221,19239099,34471303,53710402,1,0,1,1536,19,8577652919
2222,19243970,9413352,28657322,9,0,0,79360,7,2993450693
2223,19246940,34483667,53730607,5,0,1,14336,18,7903225642
2224,19253290,7284208,26537498,5,0,0,15872,18,8823459704
2225,19264350,7440446,26704796,5,0,0,14336,18,5443156635
2226,19281101,8993207,28274308,3,0,0,21504,4,1755417287
2227,19283730,10747589,30031319,0,0,0,326144,13,5853477676
2228,19293230,9912419,29205649,5,0,0,72192,18,4296130178
2229,19296069,34465442,53761511,6,0,1,17408,17,3801447892
2230,19307610,9216300,28523910,4,0,0,17920,13,8134337899
2231,19316270,9283739,28600009,5,0,0,9216,18,3102976608
2232,19321590,9733392,29054982,6,0,0,32768,17,6853968380
2233,19333381,9775544,29108925,3,0,0,23040,4,9793075356
2234,19335000,8591101,27926101,2,0,0,42496,5,9620627045
2235,19338150,9686913,29025063,0,0,0,320000,13,9149791658
2236,19345760,9837870,29183630,0,0,0,37376,13,2147547484
2237,19349260,9815916,29165176,2,0,0,71680,5,2683106265
2238,19355860,34478696,53834556,9,0,1,102912,7,7385674552
2239,19373200,8770666,28143866,5,0,0,36864,18,9424299608
2240,19378340,8738803,28117143,6,0,0,14848,17,4377521495
2241,19380270,9166128,28546398,7,0,0,12800,15,8710120108
2242,19384410,7744224,27128634,5,0,0,19968,18,3951003990
2243,19431810,7574593,27006403,9,0,0,24576,7,10036435273
2244,19432170,7245250,26677420,4,0,0,10240,13,9246098986
2245,19438640,9848953,29287593,4,0,0,9216,13,10259305406
2246,19441990,10341541,29783531,0,0,0,6656,13,4237180602
2247,19447430,34461045,53908475,3,0,1,104960,4,1285347935
2248,19454720,9669718,29124438,9,0,0,50688,7,1923984261
2249,19456430,9599979,29056409,0,0,0,4608,13,7872919202
2250,19461630,9873676,29335306,2,0,0,18944,5,9071642390
2251,19483990,34442419,53926409,7,0,1,21504,15,6671459915
2252,19484390,10741250,30225640,5,0,0,97792,18,3521560067
2253,19484910,11123069,30607979,0,0,0,41984,13,9691951510
2254,19519610,34421154,53940764,7,0,1,13312,15,6879096961
2255,19519750,8504573,28024323,2,0,0,30208,5,2798860264
2256,19524930,10910099,30435029,9,0,0,50176,7,4451773282
2257,19526080,34423314,53949394,4,0,1,7168,13,7421964713
2258,19546790,8219429,27766219,0,0,0,56320,13,8310250934
2259,19552490,7750890,27303380,9,0,0,18432,7,3153223027
2260,19565030,9935648,29500678,2,0,0,109056,5,5421738050
2261,19573360,34409425,53982785,7,0,1,22016,15,3213337036
2262,19589120,8543491,28132611,8,0,0,5120,18,838753100
2263,19590860,8322270,27913130,4,0,0,1536,13,1972112836
2264,19597340,9962081,29559421,2,0,0,25600,5,8012763270
2265,19607910,8870323,28478233,5,0,0,8192,18,6972708644
2266,19608820,34457499,54066319,7,0,1,5632,15,1969441313
2267,19608840,34457502,54066342,9,0,1,4096,7,4757929208
2268,19610570,7306736,26917306,5,0,0,27648,18,7673572638
2269,19625890,34636679,54262569,9,0,1,156672,7,519304550
2270,19634880,8389778,28024658,8,0,0,1024,18,2916358112
2271,19651940,10243411,29895351,2,0,0,70144,5,3218308596
2272,19653629,34615846,54269475,6,0,1,1536,17,4649475959
2273,19670520,34600261,54270781,8,0,1,2048,18,6393672874
2274,19677100,9249302,28926402,2,0,0,42496,5,1504455442
2275,19678610,8546948,28225558,8,0,0,1024,18,7132634685
2276,19692110,6853286,26545396,4,0,0,10240,13,8235649896
2277,19693770,8791680,28485450,5,0,0,19456,18,8037256628
2278,19722760,9561994,29284754,2,0,0,23040,5,10236555850
2279,19725070,9798243,29523313,9,0,0,23040,7,2476750380
2280,19727180,9777935,29505115,1,0,0,9216,19,10347553836
2281,19735050,34542514,54277564,7,0,1,3072,15,5282184608
2282,19735719,34595951,54331670,6,0,1,1536,17,3100891636
2283,19739110,10377294,30116404,9,0,0,10752,7,5406171985
2284,19745050,9080095,28825145,0,0,0,24064,13,6428698993
2285,19775279,34556414,54331693,1,0,1,1536,19,2164010262
2286,19781150,9618908,29400058,0,0,0,70144,13,5881619701
2287,19784350,8876271,28660621,4,0,0,10752,13,4747369996
2288,19798370,7331699,27130069,5,0,0,4608,18,5123364224
2289,19798951,9924832,29723783,3,0,0,26624,4,7148591611
2290,19802210,9744703,29546913,9,0,0,10240,7,7047493626
2291,19810801,9116248,28927049,3,0,0,2048,4,6998216489
2292,19850291,9194193,29044484,3,0,0,22016,4,9619884972
2293,19852160,10079764,29931924,8,0,0,38400,18,1320378129
2294,19873950,34464965,54338915,3,0,1,5632,4,9571370097
2295,19880920,10268945,30149865,4,0,0,60928,13,10349742991
2296,19887941,10215906,30103847,3,0,0,55808,4,143873195
2297,19912460,10174181,30086641,8,0,0,29696,18,1816544002
2298,19920230,10261950,30182180,8,0,0,105984,18,1319737148
2299,19921370,7354633,27276003,9,0,0,3072,7,3605258363
2300,19922500,9921500,29844000,0,0,0,26624,13,6197814706
2301,19937240,9312455,29249695,8,0,0,73216,18,7508400850
2302,19946550,9155332,29101882,0,0,0,60928,13,8922499569
2303,19947910,11096572,31044482,9,0,0,31232,7,4144661158
2304,19962000,10772880,30734880,6,0,0,33792,17,2852301458
2305,19963869,34375069,54338938,6,0,1,1024,17,9227277841
2306,19973460,9742188,29715648,8,0,0,78336,18,10495776968
2307,19990839,34359156,54349995,6,0,1,26112,17,5855527885
2308,19999030,34398797,54397827,4,0,1,26112,13,10638920210
2309,20010609,34426868,54437477,6,0,1,12800,17,853257483
2310,20011540,9026213,29037753,9,0,0,31232,7,8684763780
2311,20013310,10272771,30286081,2,0,0,133120,5,4330830132
2312,20022290,8811302,28833592,2,0,0,27648,5,2164682727
2313,20034000,9193364,29227364,2,0,0,71168,5,8775693756
2314,20075280,11108948,31184228,8,0,0,8704,18,730384587
2315,20087821,9950767,30038588,3,0,0,8192,4,4765718282
2316,20089750,10791445,30881195,1,0,0,12800,19,6559727774
2317,20091230,34346270,54437500,4,0,1,3072,13,10659934371
2318,20097630,10147868,30245498,8,0,0,1024,18,7202308161
2319,20112550,9164670,29277220,4,0,0,35328,13,3319029576
2320,20127170,10068651,30195821,8,0,0,2048,18,4800132297
2321,20127630,9949940,30077570,2,0,0,6144,5,1757769974
2322,20129350,10271897,30401247,2,0,0,16896,5,3952000028
2323,20152290,11072008,31224298,9,0,0,85504,7,3021651577
2324,20158550,9379762,29538312,2,0,0,49152,5,3422933950
2325,20161200,34370501,54531701,9,0,1,49664,7,7917461693
2326,20184410,34352797,54537207,5,0,1,8192,18,618760141
2327,20188730,6979453,27168183,5,0,0,1536,18,6533700462
2328,20221860,9055851,29277711,1,0,0,1536,19,7386574421
2329,20222060,9698141,29920201,8,0,0,50688,18,2177624277
2330,20227730,7873663,28101393,8,0,0,4608,18,6463030413
2331,20236300,34310336,54546636,5,0,1,33280,18,6760228287
2332,20247211,9254738,29501949,3,0,0,4096,4,9045657240
2333,20268730,7388817,27657547,8,0,0,28672,18,4284703303
2334,20279120,34267539,54546659,7,0,1,1024,15,3581457081
2335,20279569,34394818,54674387,1,0,1,14336,19,1617106618
2336,20308850,10235265,30544115,1,0,0,49152,19,6268655646
2337,20313120,10309368,30622488,2,0,0,8704,5,3315206339
2338,20313431,34360979,54674410,2,0,1,26624,5,7151242437
2339,20316090,11005717,31321807,6,0,0,26624,17,8147248556
2340,20319450,7089476,27408926,2,0,0,15872,5,5727706743
2341,20325669,34798558,55124227,0,0,1,44544,13,3455323100
2342,20351560,11134808,31486368,1,0,0,22016,19,1410810078
2343,20379510,10232548,30612058,2,0,0,13312,5,2750026310
2344,20400810,7631827,28032637,8,0,0,26112,18,7930183305
2345,20404060,10437721,30841781,8,0,0,24576,18,1028730175
2346,20433931,34813791,55247722,2,0,1,5120,5,10658161820
2347,20472821,8788597,29261418,3,0,0,38400,4,4584412061
2348,20473740,9840623,30314363,9,0,0,76800,7,4239628357
2349,20482540,9209217,29691757,2,0,0,29184,5,8744888821
2350,20493150,9082659,29575809,5,0,0,13312,18,1974470009
2351,20500740,10204111,30704851,0,0,0,48128,13,1212481774
2352,20507589,34741350,55248939,6,0,1,12800,17,7002950757
2353,20509049,34740146,55249195,0,0,1,9216,13,6195676437
2354,20516449,34753260,55269709,0,0,1,7680,13,5476497418
2355,20525520,9587585,30113105,9,0,0,26112,7,5213904428
2356,20534480,34735252,55269732,8,0,1,5632,18,500365580
2357,20549621,9695542,30245163,3,0,0,64000,4,561082348
2358,20555020,8882337,29437357,2,0,0,3072,5,6466526785
2359,20562479,34794180,55356659,0,0,1,4096,13,9861975585
2360,20563070,34949882,55512952,5,0,1,19968,18,6060578208
2361,20575570,8827627,29403197,0,0,0,5120,13,1644474282
2362,20583240,11263348,31846588,0,0,0,472064,13,7269205941
2363,20585950,10493888,31079838,0,0,0,47104,13,7341927395
2364,20593020,9081999,29675019,1,0,0,55296,19,2567133199
2365,20593260,34946872,55540132,7,0,1,19968,15,7551486792
2366,20622370,7456590,28078960,0,0,0,27136,13,10309167867
2367,20631030,34918001,55549031,7,0,1,5120,15,5372698838
2368,20637040,8290500,28927540,2,0,0,1536,5,8954427316
2369,20643630,35285128,55928758,9,0,1,233472,7,5273970701
2370,20650720,9640220,30290940,1,0,0,15872,19,5958017537
2371,20663470,35265319,55928789,7,0,1,17408,15,9167843493
2372,20669190,10720673,31389863,8,0,0,18432,18,3652195873
2373,20669210,11263986,31933196,5,0,0,126976,18,6152605690
2374,20672309,35262774,55935083,1,0,1,11776,19,7154428009
2375,20680910,9223824,29904734,9,0,0,30720,7,9391856271
2376,20700660,35234446,55935106,3,0,1,11264,4,5190060322
2377,20705580,35281620,55987200,4,0,1,11776,13,227618757
2378,20746481,11306276,32052757,3,0,0,13312,4,9686484162
2379,20755980,35233473,55989453,8,0,1,1536,18,5914343004
2380,20759920,10034932,30794852,5,0,0,74752,18,9911461907
2381,20762170,10893877,31656047,1,0,0,12288,19,3045258837
2382,20776570,7514316,28290886,1,0,0,10752,19,8029775395
2383,20786630,35202846,55989476,8,0,1,1536,18,8549427151
2384,20788600,9008117,29796717,8,0,0,6144,18,2531480347
2385,20797791,9322380,30120171,3,0,0,12288,4,6420089230
2386,20800000,9728764,30528764,9,0,0,4608,7,6766608471
2387,20802030,9523790,30325820,4,0,0,7680,13,4778800243
2388,20818620,9214906,30033526,4,0,0,7168,13,7145815270
2389,20827679,35161860,55989539,6,0,1,68608,17,8430326876
2390,20827960,8964798,29792758,2,0,0,30208,5,2471217284
2391,20835020,8003899,28838919,2,0,0,17408,5,6205651794
2392,20847860,35141702,55989562,3,0,1,16896,4,7876162459
2393,20852630,9864412,30717042,4,0,0,39936,13,5759017266
2394,20873899,35115686,55989585,1,0,1,13312,19,7919237554
2395,20879930,8984084,29864014,4,0,0,31744,13,8028026395
2396,20889300,10129240,31018540,0,0,0,86528,13,7980431880
2397,20897040,9793124,30690164,0,0,0,52224,13,6853110415
2398,20908170,35081438,55989608,7,0,1,4096,15,10196613262
2399,20914339,35149412,56063751,0,0,1,17920,13,7527524572
2400,20921740,35198073,56119813,9,0,1,58368,7,2926821306
2401,20928760,8573524,29502284,4,0,0,1024,13,10431671471
2402,20928980,9478436,30407416,4,0,0,16896,13,5090090666
2403,20935560,7916665,28852225,2,0,0,24064,5,5874086950
2404,20944580,9091473,30036053,5,0,0,8192,18,6225461669
2405,20971620,10465858,31437478,4,0,0,46592,13,2612494554
2406,20971890,10093565,31065455,4,0,0,32768,13,5704564251
2407,20987530,9737023,30724553,5,0,0,24576,18,8516363615
2408,20999210,9049408,30048618,8,0,0,15360,18,8444207640
2409,21002100,9041815,30043915,1,0,0,17408,19,10305480834
2410,21003950,8024256,29028206,8,0,0,10240,18,842606986
2411,21008290,9185457,30193747,5,0,0,37888,18,5286084575
2412,21009709,35111996,56121705,0,0,1,5632,13,3289804352
2413,21015980,9070840,30086820,8,0,0,512,18,9128575513
2414,21037730,9869407,30907137,1,0,0,68096,19,7786809094
2415,21041380,9601278,30642658,1,0,0,44544,19,4907959345
2416,21046280,35075784,56122064,3,0,1,9728,4,2491293925
2417,21051800,9767347,30819147,5,0,0,28672,18,4012036923
2418,21052531,9902015,30954546,3,0,0,46592,4,5962420671
2419,21058081,35070938,56129019,2,0,1,3584,5,1410323061
2420,21069390,11130259,32199649,2,0,0,22528,5,1309496622
2421,21069780,10983936,32053716,4,0,0,3072,13,9991863873
2422,21108890,9418447,30527337,8,0,0,69120,18,2273251654
2423,21114850,10832299,31947149,2,0,0,33792,5,7381252137
2424,21134650,10568083,31702733,2,0,0,19968,5,8405064737
2425,21145390,9655436,30800826,5,0,0,19456,18,2667798433
2426,21147040,34995306,56142346,7,0,1,13824,15,9250329177
2427,21150110,8955008,30105118,9,0,0,4096,7,1678628629
2428,21151829,35069155,56220984,1,0,1,12800,19,9247757099
2429,21171120,9148102,30319222,4,0,0,15872,13,10305883520
2430,21177941,8874288,30052229,2,0,0,11776,5,7937449535
2431,21182390,9589623,30772013,8,0,0,5120,18,8980219537
2432,21202280,9674992,30877272,1,0,0,51200,19,3438631854
2433,21203780,8479062,29682842,2,0,0,25600,5,4520921143
2434,21203930,10766486,31970416,1,0,0,76288,19,7083933430
2435,21207470,9124769,30332239,5,0,0,20992,18,10619528954
2436,21214550,9631466,30846016,1,0,0,13824,19,10023711591
2437,21228710,35312408,56541118,4,0,1,36352,13,9205975543
2438,21234010,9800933,31034943,8,0,0,53760,18,7066194223
2439,21235110,9265973,30501083,9,0,0,75264,7,2195737306
2440,21240590,35305034,56545624,5,0,1,7168,18,1304598603
2441,21255740,11090189,32345929,0,0,0,75776,13,8337003762
2442,21269630,10756640,32026270,9,0,0,25088,7,677219722
2443,21272389,35318378,56590767,6,0,1,26112,17,3310426801
2444,21284690,10971835,32256525,1,0,0,105984,19,509019018
2445,21287160,10978592,32265752,4,0,0,30208,13,722352536
2446,21296470,8898704,30195174,2,0,0,4608,5,8423406409
2447,21300311,8554008,29854319,3,0,0,33792,4,8124253732
2448,21301020,35350722,56651742,3,0,1,3072,4,3236011203
2449,21317810,35333955,56651765,5,0,1,7680,18,1986242593
2450,21323670,35328118,56651788,7,0,1,11264,15,8177493188
2451,21329570,7802652,29132222,9,0,0,10240,7,7500327650
2452,21361240,9763526,31124766,0,0,0,28160,13,9887158891
2453,21362979,35288832,56651811,1,0,1,24064,19,1332275945
2454,21372420,10011804,31384224,0,0,0,36864,13,6037014949
2455,21372781,11300201,32672982,2,0,0,33280,5,657239418
2456,21375620,11080537,32456157,9,0,0,255488,7,9783761519
2457,21391300,11240281,32631581,5,0,0,31744,18,7293073474
2458,21401550,11091523,32493073,8,0,0,33792,18,7698572369
2459,21408559,35284535,56693094,6,0,1,28672,17,450762107
2460,21416320,8714950,30131270,9,0,0,36352,7,7270425206
2461,21418360,10163408,31581768,9,0,0,57856,7,10384146273
2462,21444680,9061574,30506254,1,0,0,16896,19,9753564221
2463,21445030,11153653,32598683,9,0,0,205312,7,6969282367
2464,21445270,9840020,31285290,9,0,0,106496,7,6358811064
2465,21449980,35767218,57217198,9,0,1,359424,7,4665611620
2466,21462340,10234286,31696626,1,0,0,42496,19,3137885817
2467,21464600,10809645,32274245,1,0,0,19968,19,8297974948
2468,21468130,35750374,57218504,5,0,1,2048,18,10603588062
2469,21478950,11567133,33046083,4,0,0,137216,13,3387089238
2470,21484410,11137476,32621886,1,0,0,8704,19,1392840734
2471,21493960,11247637,32741597,4,0,0,38400,13,2007835154
2472,21495690,11114092,32609782,4,0,0,36352,13,2727513362
2473,21510850,8355215,29866065,4,0,0,6656,13,9013379060
2474,21512350,35706615,57218965,3,0,1,10240,4,4915884101
2475,21528680,8546995,30075675,2,0,0,6656,5,842319887
2476,21555640,11241560,32797200,5,0,0,16384,18,9704569265
2477,21557500,9247873,30805373,2,0,0,14848,5,4423183939
2478,21558530,9976567,31535097,5,0,0,19456,18,3306504713
2479,21576360,10891707,32468067,4,0,0,38912,13,10608623037
2480,21577900,9477525,31055425,1,0,0,35840,19,10571299189
2481,21584040,9647956,31231996,8,0,0,15872,18,7770766901
2482,21586480,9042583,30629063,8,0,0,3072,18,6774652488
2483,21591920,35629977,57221897,5,0,1,4608,18,6594288856
2484,21599230,8198674,29797904,1,0,0,1536,19,3980575215
2485,21600430,11823712,33424142,8,0,0,70656,18,6963357764
2486,21603440,8263740,29867180,0,0,0,3584,13,9815582430
2487,21615200,10270815,31886015,9,0,0,1024,7,9560703339
2488,21619049,35618005,57237054,0,0,1,43520,13,3583289174
2489,21624211,9520408,31144619,3,0,0,4096,4,7255413664
2490,21638461,8705524,30343985,3,0,0,34304,4,2518775910
2491,21644190,11545121,33189311,4,0,0,121344,13,5232428700
2492,21644960,11706831,33351791,8,0,0,69120,18,1392726262
2493,21648111,10333154,31981265,3,0,0,20480,4,227734666
2494,21653810,10364793,32018603,0,0,0,63488,13,3817874470
2495,21654349,35589242,57243591,0,0,1,18432,13,9160348711
2496,21657699,35589438,57247137,1,0,1,5632,19,6737684624
2497,21666210,9144178,30810388,8,0,0,16384,18,2168285400
2498,21670770,11037628,32708398,2,0,0,12288,5,7867839255
2499,21679329,35594110,57273439,6,0,1,9216,17,10392777410
2500,21685920,10389838,32075758,2,0,0,69120,5,2691996734
2501,21706770,35570699,57277469,8,0,1,14848,18,5660360275
2502,21709050,10483704,32192754,4,0,0,143360,13,3357496248
2503,21717490,8956739,30674229,9,0,0,44032,7,8225912344
2504,21739221,35538914,57278135,2,0,1,1024,5,7603971930
2505,21741340,35627664,57369004,3,0,1,29696,4,6194710486
2506,21750160,10140870,31891030,8,0,0,16384,18,5620507387
2507,21757721,9857263,31614984,3,0,0,512,4,9168025545
2508,21766710,10457500,32224210,8,0,0,67584,18,4250018673
2509,21770911,10378140,32149051,2,0,0,27648,5,2899064415
2510,21773470,9424753,31198223,9,0,0,21504,7,8626553934
2511,21787020,10586388,32373408,5,0,0,90112,18,1421398774
2512,21810450,10457688,32268138,9,0,0,1536,7,1923018092
2513,21813190,11045979,32859169,9,0,0,13824,7,9917158443
2514,21838360,9388777,31227137,4,0,0,9216,13,1349015994
2515,21842530,10129469,31971999,4,0,0,5120,13,5304244415
2516,21844900,8478557,30323457,7,0,0,13824,15,5122092104
2517,21849560,11672598,33522158,4,0,0,120320,13,5359227477
2518,21850761,10043724,31894485,3,0,0,11264,4,5941338693
2519,21861520,11095662,32957182,8,0,0,19968,18,6822623999
2520,21861580,9281072,31142652,8,0,0,27648,18,859311056
2521,21886760,10595994,32482754,2,0,0,48128,5,3912364501
2522,21893860,9973054,31866914,1,0,0,45568,19,2218593764
2523,21901200,8927013,30828213,5,0,0,3072,18,10410595970
2524,21903090,35874182,57777272,5,0,1,152064,18,2221850633
2525,21907120,11550365,33457485,1,0,0,46080,19,9982045391
2526,21908350,35868945,57777295,3,0,1,21504,4,5522405325
2527,21920170,11177446,33097616,4,0,0,24064,13,6628910855
2528,21921029,35884103,57805132,6,0,1,1536,17,5474647495
2529,21922459,35882696,57805155,1,0,1,16896,19,6621478139
2530,21934410,8688413,30622823,9,0,0,1024,7,4943570933
2531,21963250,11660608,33623858,1,0,0,49664,19,1004242198
2532,21967961,8918405,30886366,3,0,0,16896,4,2085639131
2533,21994770,11587845,33582615,0,0,0,29696,13,2154476949
2534,21998491,8335019,30333510,3,0,0,4096,4,2079438670
2535,22000650,9302782,31303432,9,0,0,29696,7,6386058463
2536,22007510,35930776,57938286,5,0,1,114176,18,3203141271
2537,22027050,10482270,32509320,5,0,0,53248,18,6598186549
2538,22027540,10669122,32696662,4,0,0,64512,13,9263403766
2539,22032490,10016188,32048678,0,0,0,32768,13,1103077451
2540,22033590,8511172,30544762,8,0,0,2048,18,2559065945
2541,22046451,11613073,33659524,3,0,0,42496,4,8591008958
2542,22055100,35910353,57965453,3,0,1,18944,4,2832465180
2543,22070000,11698892,33768892,4,0,0,54784,13,5859838564
2544,22111180,9863806,31974986,0,0,0,9728,13,7115074813
2545,22112661,9034764,31147425,3,0,0,4608,4,3547091959
2546,22113420,11078262,33191682,7,0,0,7680,15,6667449115
2547,22120530,11579399,33699929,9,0,0,120320,7,9744836948
2548,22152480,9287049,31439529,9,0,0,6656,7,5290755067
2549,22152841,11817453,33970294,2,0,0,52224,5,1158367347
2550,22152951,9486261,31639212,2,0,0,24576,5,2234632346
2551,22170350,9138611,31308961,5,0,0,11776,18,9992212476
2552,22184031,10656193,32840224,3,0,0,45568,4,4731459856
2553,22187250,9496405,31683655,9,0,0,72192,7,341071489
2554,22191121,9367368,31558489,3,0,0,50688,4,1622613565
2555,22198400,9687257,31885657,7,0,0,61440,15,10730779383
2556,22205260,9824309,32029569,9,0,0,10752,7,7433675347
2557,22209980,8752420,30962400,0,0,0,512,13,4052950938
2558,22216960,11225035,33441995,7,0,0,4096,15,10254028452
2559,22222370,9082177,31304547,0,0,0,3584,13,6135459147
2560,22223410,11158402,33381812,0,0,0,61440,13,4787402258
2561,22224420,11556998,33781418,0,0,0,15872,13,3383146036
2562,22230470,35735006,57965476,4,0,1,8704,13,5135536387
2563,22256210,9825390,32081600,1,0,0,13312,19,1083514573
2564,22300891,35664608,57965499,2,0,1,17408,5,8666719376
2565,22314500,8506784,30821284,0,0,0,4608,13,3480205164
2566,22315400,8296993,30612393,0,0,0,1024,13,5533695483
2567,22322151,35643371,57965522,2,0,1,10240,5,2760539131
2568,22331030,35643981,57975011,8,0,1,7680,18,7337138482
2569,22339130,35636547,57975677,3,0,1,1024,4,3526242518
2570,22339530,35637773,57977303,4,0,1,2560,13,10272756597
2571,22357590,10778991,33136581,7,0,0,39424,15,8189099244
2572,22360820,11247883,33608703,1,0,0,28672,19,5376387971
2573,22363650,36712761,59076411,9,0,1,601600,7,4088463004
2574,22378110,36901996,59280106,5,0,1,110592,18,7435713835
2575,22380350,11785921,34166271,0,0,0,77824,13,7224229771
2576,22389751,36895861,59285612,2,0,1,18432,5,2418461196
2577,22390970,9876677,32267647,9,0,0,6144,7,4058202132
2578,22391311,10140371,32531682,2,0,0,62464,5,7531391205
2579,22392700,12198013,34590713,8,0,0,59392,18,45732048
2580,22396150,36908119,59304269,7,0,1,12288,15,4026787723
2581,22403980,11705653,34109633,1,0,0,69120,19,3948603857
2582,22420670,9188113,31608783,0,0,0,3072,13,9722856208
2583,22421860,8498880,30920740,0,0,0,6144,13,2075176048
2584,22449770,11337755,33787525,9,0,0,19968,7,3687775910
2585,22460530,36843762,59304292,8,0,1,512,18,4833887957
2586,22462750,36873309,59336059,9,0,1,62976,7,8818410608
2587,22463051,8641597,31104648,3,0,0,2560,4,8564507108
2588,22469960,11427521,33897481,5,0,0,24064,18,7815227572
2589,22490470,37028395,59518865,5,0,1,149504,18,831885651
2590,22493929,37071215,59565144,6,0,1,12800,17,6582450957
2591,22507480,12065114,34572594,2,0,0,13312,5,1704783194
2592,22507670,11528285,34035955,7,0,0,33792,15,5765421944
2593,22527190,12237891,34765081,5,0,0,10240,18,5752195762
2594,22543510,11954750,34498260,1,0,0,39424,19,9272591664
2595,22558510,10900246,33458756,9,0,0,4096,7,6427105073
2596,22570611,12350569,34921180,3,0,0,19968,4,10223673761
2597,22571110,8610443,31181553,5,0,0,10752,18,10537761019
2598,22571821,9427407,31999228,2,0,0,58880,5,4083632550
2599,22573450,9279557,31853007,9,0,0,20992,7,7013843110
2600,22581479,37000365,59581844,0,0,1,29696,13,7521801225
2601,22582620,9352471,31935091,4,0,0,6144,13,4891322530
2602,22596660,10351378,32948038,5,0,0,35328,18,7804378646
2603,22598080,9684167,32282247,8,0,0,11264,18,2424335274
2604,22601390,10319076,32920466,4,0,0,32768,13,9039426058
2605,22607411,11728723,34336134,2,0,0,128512,5,10541181464
2606,22622540,8682810,31305350,7,0,0,2560,15,5520399799
2607,22624380,12012839,34637219,5,0,0,44544,18,7717922795
2608,22632070,9904003,32536073,9,0,0,14336,7,6170326454
2609,22645320,8649041,31294361,9,0,0,29696,7,5768204644
2610,22649451,9442312,32091763,3,0,0,33280,4,10286456956
2611,22651570,8662094,31313664,1,0,0,15360,19,1775750735
2612,22653381,9667854,32321235,3,0,0,46080,4,5338110114
2613,22653901,9624891,32278792,2,0,0,14848,5,10706112571
2614,22664111,12128203,34792314,2,0,0,63488,5,5662817115
2615,22685650,11600301,34285951,9,0,0,6656,7,6359186584
2616,22691310,10880651,33571961,7,0,0,163328,15,10032184408
2617,22702411,36893664,59596075,2,0,1,36352,5,3440688088
2618,22708701,10344518,33053219,3,0,0,3584,4,613889821
2619,22711781,12386364,35098145,2,0,0,89600,5,4865297066
2620,22726590,36901379,59627969,7,0,1,2560,15,4619778667
2621,22727240,36976325,59703565,4,0,1,9728,13,10525497007
2622,22735250,10269002,33004252,8,0,0,27136,18,6959074795
2623,22748001,36955587,59703588,2,0,1,1536,5,5367520455
2624,22757861,11664730,34422591,2,0,0,80896,5,2651890347
2625,22773000,12148983,34921983,2,0,0,2560,5,10507027023
2626,22782750,36920861,59703611,9,0,1,512,7,6951461884
2627,22790920,36912714,59703634,7,0,1,5120,15,7627316885
2628,22804660,9225244,32029904,5,0,0,1024,18,4827125929
2629,22808240,36895417,59703657,9,0,1,8704,7,6142193451
2630,22810360,10929362,33739722,8,0,0,24064,18,8701252664
2631,22817160,10899039,33716199,0,0,0,53248,13,8922236950
2632,22819320,10270941,33090261,7,0,0,53760,15,8219301329
2633,22831560,9105270,31936830,7,0,0,5632,15,9166835702
2634,22835310,10360139,33195449,8,0,0,12288,18,73568410
2635,22838500,10492208,33330708,0,0,0,140288,13,2795020050
2636,22849810,37184045,60033855,5,0,1,202240,18,8508319049
2637,22851971,11489380,34341351,2,0,0,3072,5,7032074035
2638,22852880,11582861,34435741,0,0,0,11776,13,9358854197
2639,22865270,11387448,34252718,0,0,0,54784,13,5037097514
2640,22879250,9159413,32038663,2,0,0,28672,5,1060532083
2641,22879920,10589163,33469083,2,0,0,33792,5,8321874450
2642,22881230,9733746,32614976,8,0,0,16896,18,7038980599
2643,22895950,37143286,60039236,3,0,1,10240,4,8606707224
2644,22896790,9738722,32635512,5,0,0,12800,18,6186820301
2645,22897420,10013039,32910459,1,0,0,12288,19,2152631094
2646,22898661,9955314,32853975,3,0,0,45056,4,2430836588
2647,22918860,9717509,32636369,2,0,0,2560,5,10378046242
2648,22918910,9135765,32054675,1,0,0,3072,19,5979737179
2649,22935390,37143392,60078782,7,0,1,2560,15,5049945342
2650,22951090,9822636,32773726,5,0,0,31744,18,7908061900
2651,22956059,37192923,60148982,1,0,1,1024,19,6824665706
2652,22957710,10030782,32988492,0,0,0,2560,13,4769807212
2653,22966040,37194137,60160177,5,0,1,35328,18,4269919753
2654,22968010,37203235,60171245,4,0,1,7680,13,7748319984
2655,22983160,10066090,33049250,7,0,0,10240,15,6650442169
2656,22984751,10126863,33111614,3,0,0,29696,4,6252688202
2657,22990230,9087291,32077521,5,0,0,5632,18,8602790272
2658,22991620,11576895,34568515,5,0,0,57856,18,7804583669
2659,23012140,9366127,32378267,2,0,0,15872,5,5302110583
2660,23024381,10569484,33593865,3,0,0,13312,4,1853985282
2661,23024670,9178902,32203572,0,0,0,12800,13,11820422
2662,23033360,37267057,60300417,4,0,1,20480,13,6140120350
2663,23039001,10401723,33440724,3,0,0,49664,4,9054851706
2664,23045821,11767295,34813116,3,0,0,52224,4,9526956003
2665,23047140,37257143,60304283,7,0,1,6144,15,5857298185
2666,23053651,11653975,34707626,2,0,0,94720,5,9275340700
2667,23055040,12142257,35197297,2,0,0,14336,5,489950555
2668,23058000,10673510,33731510,8,0,0,50176,18,10126775732
2669,23058470,37291479,60349949,7,0,1,7168,15,8598549912
2670,23086000,9820692,32906692,2,0,0,78848,5,7449100905
2671,23112890,9506321,32619211,8,0,0,13824,18,7012537311
2672,23128490,10471454,33599944,1,0,0,13312,19,9671896794
2673,23135280,37276688,60411968,7,0,1,38912,15,3354633624
2674,23138090,9911495,33049585,1,0,0,1024,19,3094228183
2675,23140310,10636249,33776559,7,0,0,25088,15,3767019242
2676,23157620,11944448,35102068,0,0,0,12800,13,6505026469
2677,23165999,37246315,60412314,0,0,1,512,13,5677175135
2678,23173120,9149698,32322818,2,0,0,5120,5,1148924541
2679,23181249,37314612,60495861,1,0,1,28160,19,10290329869
2680,23203580,9865616,33069196,1,0,0,30208,19,5310026196
2681,23204631,10731075,33935706,3,0,0,1024,4,10515777853
2682,23209109,37296863,60505972,6,0,1,2048,17,6759842967
2683,23211370,9427526,32638896,1,0,0,8192,19,1058568417
2684,23215930,9776485,32992415,8,0,0,12800,18,3433403188
2685,23222429,37284107,60506536,1,0,1,10752,19,425012774
2686,23223930,37295571,60519501,5,0,1,15872,18,1079214742
2687,23225050,10177533,33402583,1,0,0,68096,19,2811499656
2688,23249010,37290811,60539821,9,0,1,3072,7,3995096406
2689,23251040,37289767,60540807,9,0,1,1536,7,1910249113
2690,23258081,9254546,32512627,3,0,0,10752,4,4521746513
2691,23272301,9779803,33052104,2,0,0,8192,5,9249912368
2692,23280890,11645640,34926530,9,0,0,14848,7,2773562659
2693,23292890,10439446,33732336,1,0,0,1024,19,6398080051
2694,23309190,10442971,33752161,1,0,0,40448,19,6691185069
2695,23311360,37234593,60545953,3,0,1,8192,4,4222945653
2696,23336820,9930507,33267327,7,0,0,8704,15,6396054648
2697,23338630,10640423,33979053,7,0,0,28672,15,1322021369
2698,23345180,37310154,60655334,5,0,1,35328,18,7706254353
2699,23346560,37398879,60745439,4,0,1,3584,13,5616439938
2700,23362001,37383461,60745462,2,0,1,1536,5,3222902319
2701,23378090,37367395,60745485,5,0,1,6144,18,5731212399
2702,23388950,10464545,33853495,0,0,0,67072,13,4824024318
2703,23389030,10184514,33573544,0,0,0,5120,13,4253242810
2704,23401010,9315359,32716369,1,0,0,5120,19,3077110755
2705,23408620,10076855,33485475,7,0,0,31744,15,1697699807
2706,23463390,10364746,33828136,5,0,0,18944,18,1627816637
2707,23465560,37280552,60746112,7,0,1,1536,15,8340575634
2708,23521711,9952256,33473967,3,0,0,4096,4,5553657716
2709,23525649,37222729,60748378,6,0,1,3584,17,10034358976
2710,23526070,9275806,32801876,5,0,0,5632,18,2695470955
2711,23534950,10329488,33864438,0,0,0,35840,13,288818138
2712,23541211,11823820,35365031,3,0,0,47104,4,5563779847
2713,23546130,37202594,60748724,9,0,1,512,7,9175840286
2714,23552060,11513747,35065807,4,0,0,47104,13,10326790372
2715,23552300,9370552,32922852,5,0,0,5120,18,7498487266
2716,23564161,10578375,34142536,3,0,0,38400,4,2496296651
2717,23566270,10695074,34261344,5,0,0,15872,18,6759630653
2718,23572590,10503238,34075828,7,0,0,88576,15,3766728483
2719,23578031,10946327,34524358,2,0,0,43008,5,5281967009
2720,23592679,37181219,60773898,0,0,1,9728,13,8876844331
2721,23596240,10392681,33988921,5,0,0,16384,18,7719848489
2722,23601060,10279680,33880740,7,0,0,512,15,1402074297
2723,23608320,37196604,60804924,8,0,1,4096,18,5339956287
2724,23627161,9525155,33152316,3,0,0,17920,4,2475753640
2725,23646110,37163000,60809110,4,0,1,6656,13,8443882359
2726,23651490,11488970,35140460,7,0,0,17920,15,5848208952
2727,23673961,9180973,32854934,3,0,0,3072,4,6103308695
2728,23675590,37167462,60843052,8,0,1,27136,18,1216437351
2729,23678180,11750015,35428195,8,0,0,33280,18,4976417427
2730,23685880,37273118,60958998,4,0,1,2560,13,5753283423
2731,23691250,9230019,32921269,1,0,0,2560,19,4762828046
2732,23705320,37253701,60959021,7,0,1,5120,15,1359783595
2733,23707080,37251964,60959044,4,0,1,8704,13,8969677660
2734,23711790,11614461,35326251,1,0,0,42496,19,9754652811
2735,23716610,9259900,32976510,8,0,0,1536,18,9751851411
2736,23742010,10785803,34527813,1,0,0,11264,19,4552612874
2737,23750670,10647250,34397920,1,0,0,170496,19,8433832605
2738,23769690,10985033,34754723,7,0,0,34304,15,3796281006
2739,23770821,37241644,61012465,2,0,1,23040,5,8707847230
2740,23778880,9320943,33099823,5,0,0,7168,18,3465964420
2741,23789960,9468658,33258618,5,0,0,12800,18,10705930377
2742,23804610,10311442,34116052,5,0,0,20992,18,8247442351
2743,23825241,10853502,34678743,3,0,0,27136,4,9878722061
2744,23829970,9145052,32975022,0,0,0,11776,13,1786514310
2745,23836741,37175747,61012488,2,0,1,1024,5,778153699
2746,23856360,11442140,35298500,1,0,0,51200,19,10313719000
2747,23874410,11662667,35537077,1,0,0,21504,19,6096356270
2748,23881900,10401725,34283625,7,0,0,4096,15,4348076547
2749,23883811,11516249,35400060,3,0,0,37888,4,4555491064
2750,23892661,11721114,35613775,3,0,0,25088,4,6046576557
2751,23939700,37718101,61657801,5,0,1,282112,18,7180083161
2752,23951240,11639171,35590411,5,0,0,40960,18,3212806745
2753,23960180,9402889,33363069,1,0,0,36864,19,1366222414
2754,23964970,9478452,33443422,7,0,0,4608,15,164634189
2755,23967529,37690528,61658057,0,0,1,9216,13,5809572377
2756,23979269,37736175,61715444,0,0,1,5120,13,7745033513
2757,23982310,11503630,35485940,9,0,0,41472,7,1127413148
2758,23996621,11784805,35781426,3,0,0,106496,4,8169826391
2759,24009790,10752140,34761930,5,0,0,23552,18,4154579438
2760,24021840,10214163,34236003,5,0,0,10240,18,7401551877
2761,24024580,10428171,34452751,0,0,0,22528,13,5737960065
2762,24028840,11438314,35467154,8,0,0,44032,18,8797501437
2763,24030120,37686604,61716724,8,0,1,14336,18,8011729330
2764,24030570,10480661,34511231,2,0,0,42496,5,1824570069
2765,24037770,9387799,33425569,8,0,0,4608,18,7971802465
2766,24038621,10606117,34644738,2,0,0,24576,5,5286299964
2767,24039120,11240048,35279168,0,0,0,50688,13,10502956724
2768,24040591,11537317,35577908,2,0,0,55296,5,10086065386
2769,24043371,9688630,33732001,3,0,0,1536,4,4763435892
2770,24059940,10777725,34837665,5,0,0,8192,18,1673353726
2771,24120410,11574999,35695409,5,0,0,76800,18,10342478057
2772,24120560,11619434,35739994,1,0,0,51200,19,1844318434
2773,24121821,10618348,34740169,2,0,0,59392,5,3575777143
2774,24131760,9803611,33935371,7,0,0,6144,15,2949446831
2775,24134300,10971098,35105398,5,0,0,7168,18,357101659
2776,24170451,10485542,34655993,3,0,0,36864,4,1162571399
2777,24175380,9451843,33627223,0,0,0,5120,13,6181481954
2778,24197650,9682911,33880561,1,0,0,18944,19,2319500441
2779,24208330,37536941,61745271,5,0,1,2560,18,8636768341
2780,24216940,37529919,61746859,3,0,1,15872,4,4726344668
2781,24261350,10745477,35006827,0,0,0,14848,13,9307307796
2782,24267201,10972319,35239520,3,0,0,18944,4,2724443152
2783,24295030,10618616,34913646,0,0,0,101376,13,5389951095
2784,24302841,11675566,35978407,3,0,0,84992,4,10531439000
2785,24314891,9941594,34256485,3,0,0,12288,4,5501805003
2786,24328180,9459836,33788016,4,0,0,1536,13,5061712843
2787,24330170,10101960,34432130,8,0,0,31232,18,6083909302
2788,24333610,37508633,61842243,5,0,1,11776,18,1498455121
2789,24343670,9951555,34295225,9,0,0,2560,7,9365188580
2790,24363450,9225718,33589168,0,0,0,10752,13,2032335711
2791,24367520,11356011,35723531,9,0,0,6656,7,1411991596
2792,24370240,11293223,35663463,8,0,0,38912,18,4159341419
2793,24371941,37472248,61844189,2,0,1,3072,5,1457940555
2794,24391771,11609215,36000986,2,0,0,5120,5,5249927883
2795,24394870,37460248,61855118,8,0,1,11264,18,9825496956
2796,24410100,10724877,35134977,7,0,0,13824,15,3007929067
2797,24413570,10755203,35168773,7,0,0,89600,15,643359870
2798,24413870,11700339,36114209,9,0,0,59904,7,1893315852
2799,24421180,37619341,62040521,5,0,1,40448,18,9173271217
2800,24430471,11282313,35712784,2,0,0,24064,5,4112513949
2801,24441190,9820333,34261523,0,0,0,512,13,7797850622
2802,24453680,37681644,62135324,4,0,1,10240,13,782997689
2803,24464389,37670958,62135347,6,0,1,2560,17,787250108
2804,24467800,37670554,62138354,9,0,1,7168,7,6023905262
2805,24486800,12023402,36510202,0,0,0,42496,13,5344728863
2806,24492601,10857385,35349986,2,0,0,77824,5,4278574098
2807,24497010,11788283,36285293,1,0,0,39424,19,5860945721
2808,24507960,9832432,34340392,8,0,0,13824,18,6460508809
2809,24512200,10451795,34963995,0,0,0,18944,13,4650302651
2810,24535239,37619064,62154303,1,0,1,2048,19,3319564712
2811,24535799,37656731,62192530,6,0,1,16384,17,6812350328
2812,24535940,9594873,34130813,7,0,0,4608,15,7365938920
2813,24538840,9250470,33789310,8,0,0,4096,18,6174909002
2814,24540711,11411777,35952488,2,0,0,193024,5,5311208706
2815,24541850,37650703,62192553,3,0,1,4096,4,10495312657
2816,24578470,37614106,62192576,9,0,1,4096,7,8296235343
2817,24588690,11205863,35794553,1,0,0,43008,19,5116734387
2818,24588920,9342452,33931372,9,0,0,7680,7,3492533356
2819,24595781,12006048,36601829,3,0,0,82944,4,8955436228
2820,24621780,9332579,33954359,8,0,0,5120,18,1033205653
2821,24627180,9581998,34209178,0,0,0,20992,13,2623467204
2822,24634759,37557840,62192599,1,0,1,512,19,4041685708
2823,24642340,37585761,62228101,7,0,1,14336,15,10213652551
2824,24654251,11366187,36020438,3,0,0,27648,4,3907112947
2825,24656460,11201848,35858308,7,0,0,55808,15,3928313452
2826,24667650,10129523,34797173,0,0,0,15872,13,4805143784
2827,24668170,9458513,34126683,7,0,0,34816,15,2140277826
2828,24668980,9349805,34018785,2,0,0,8192,5,5429130220
2829,24672600,10797913,35470513,2,0,0,9728,5,9262307010
2830,24687640,10195095,34882735,7,0,0,57344,15,7569871498
2831,24699870,10044378,34744248,5,0,0,13312,18,9009922004
2832,24737570,37491450,62229020,4,0,1,4608,13,4722224085
2833,24749490,37588652,62338142,3,0,1,11264,4,307584317
2834,24777820,37560345,62338165,5,0,1,1024,18,8097078806
2835,24789640,10403266,35192906,2,0,0,43520,5,8466157797
2836,24793780,37544408,62338188,5,0,1,7168,18,2459161575
2837,24796670,9668373,34465043,2,0,0,14336,5,10240056797
2838,24797580,37670454,62468034,4,0,1,3584,13,6319280604
2839,24808110,9372224,34180334,0,0,0,46080,13,3022882604
2840,24832040,10664375,35496415,5,0,0,34304,18,4793463791
2841,24834539,37635761,62470300,1,0,1,3584,19,8194691187
2842,24870971,37600955,62471926,2,0,1,2560,5,1458000744
2843,24896260,10701708,35597968,1,0,0,20992,19,3550744923
2844,24924450,37560334,62484784,4,0,1,7168,13,3785307074
2845,24932600,11056282,35988882,1,0,0,34304,19,690064615
2846,24937050,11710069,36647119,7,0,0,145920,15,111582168
2847,24957010,9258119,34215129,9,0,0,19456,7,2795638609
2848,24982790,37502017,62484807,8,0,1,4096,18,9096591544
2849,24994811,9544358,34539169,3,0,0,2560,4,10371054747
2850,24999320,10652264,35651584,5,0,0,68608,18,7820653772
2851,25002041,11525055,36527096,3,0,0,55296,4,6209372026
2852,25003151,10557886,35561037,3,0,0,76800,4,9867139587
2853,25018060,11690326,36708386,5,0,0,19968,18,7466489886
2854,25029470,10562056,35591526,9,0,0,3584,7,7397036473
2855,25038140,10710324,35748464,1,0,0,24576,19,4806241006
2856,25054670,10969223,36023893,1,0,0,11264,19,3219063478
2857,25055980,37638543,62694523,8,0,1,31744,18,5267097091
2858,25076650,9870013,34946663,0,0,0,2560,13,7565142752
2859,25077091,11158012,36235103,3,0,0,27648,4,9829736215
2860,25086300,9447308,34533608,9,0,0,18944,7,3485154183
2861,25104050,10775653,35879703,9,0,0,70144,7,3957025481
2862,25105790,9517834,34623624,5,0,0,30208,18,8092170067
2863,25108140,11697016,36805156,1,0,0,11776,19,2221046314
2864,25118370,9859532,34977902,8,0,0,45568,18,9116948024
2865,25119370,9595143,34714513,0,0,0,22528,13,7155755331
2866,25123030,10265463,35388493,9,0,0,76800,7,1060747117
2867,25130580,37563966,62694546,5,0,1,4096,18,10408072137
2868,25149481,37554555,62704036,2,0,1,5632,5,3832173906
2869,25155280,9759793,34915073,5,0,0,4608,18,7631210111
2870,25156610,10562156,35718766,9,0,0,11776,7,3193601328
2871,25169760,37593611,62763371,3,0,1,19968,4,4707290851
2872,25178330,10984148,36162478,5,0,0,42496,18,10440338023
2873,25179281,10325277,35504558,3,0,0,26624,4,1977542553
2874,25180300,10072335,35252635,9,0,0,30208,7,735752110
2875,25186820,11310411,36497231,9,0,0,151552,7,3287103421
2876,25194580,11103671,36298251,2,0,0,25600,5,2067536625
2877,25210820,11579023,36789843,0,0,0,71680,13,9623997496
2878,25216760,10846282,36063042,2,0,0,48128,5,6529736515
2879,25219920,11518949,36738869,7,0,0,29184,15,2238968835
2880,25248821,9709379,34958200,3,0,0,16384,4,4394567545
2881,25253290,11423024,36676314,7,0,0,95744,15,7361374736
2882,25273800,9705119,34978919,9,0,0,2560,7,7328120037
2883,25281820,11599471,36881291,8,0,0,127488,18,10034345997
2884,25282749,37488624,62771373,0,0,1,18944,13,8341419543
2885,25294151,37477245,62771396,2,0,1,1536,5,7908422992
2886,25297660,11692972,36990632,5,0,0,35328,18,2211721202
2887,25299701,9561009,34860710,2,0,0,4096,5,1234815637
2888,25302490,37468929,62771419,7,0,1,512,15,6634681833
2889,25313309,37461105,62774414,1,0,1,17920,19,8572785749
2890,25316500,10910125,36226625,1,0,0,8192,19,8387340349
2891,25324490,9746332,35070822,7,0,0,16384,15,9004901751
2892,25329770,10488821,35818591,1,0,0,24576,19,7322501545
2893,25334200,11080603,36414803,8,0,0,70144,18,3712306436
2894,25338730,37503342,62842072,9,0,1,13312,7,4911763570
2895,25344470,10099059,35443529,0,0,0,4608,13,7870995361
2896,25344640,37497455,62842095,3,0,1,2560,4,6706454032
2897,25353220,37500335,62853555,3,0,1,2048,4,1073144890
2898,25355640,37552261,62907901,5,0,1,8192,18,3305684575
2899,25361160,11184102,36545262,4,0,0,56832,13,468237285
2900,25367260,9774190,35141450,5,0,0,3072,18,4941400948
2901,25367279,37544524,62911803,0,0,1,2560,13,5991387853
2902,25393749,37553927,62947676,0,0,1,13312,13,8899303144
2903,25401510,37621356,63022866,7,0,1,30208,15,5373955855
2904,25425420,37608366,63033786,9,0,1,3072,7,3650194292
2905,25437711,10162229,35599940,2,0,0,3072,5,1479055515
2906,25438200,37595609,63033809,4,0,1,15360,13,5007013748
2907,25442160,10881823,36323983,8,0,0,9728,18,8527135148
2908,25443030,11127192,36570222,8,0,0,512,18,5638147074
2909,25458480,9644703,35103183,1,0,0,3584,19,3958856517
2910,25466860,10569723,36036583,1,0,0,16896,19,3632199627
2911,25467501,37571753,63039254,2,0,1,15872,5,7049297970
2912,25469900,9880733,35350633,5,0,0,2048,18,6676633238
2913,25470351,11507599,36977950,2,0,0,41984,5,4338776776
2914,25483871,11639357,37123228,2,0,0,11776,5,393464603
2915,25498090,10952942,36451032,7,0,0,38400,15,4699549551
2916,25515620,9929024,35444644,8,0,0,3584,18,3533965452
2917,25516240,10305015,35821255,8,0,0,3072,18,5305716176
2918,25517871,9795409,35313280,2,0,0,30720,5,10721305413
2919,25532671,9986393,35519064,2,0,0,2560,5,4893961699
2920,25537581,10460707,35998288,3,0,0,24576,4,1452844950
2921,25557979,37534489,63092468,1,0,1,512,19,6288517014
2922,25571110,10419667,35990777,2,0,0,6144,5,2787437776
2923,25577710,9864392,35442102,7,0,0,45568,15,1389354528
2924,25581110,37511381,63092491,9,0,1,1536,7,7386788730
2925,25600879,37535735,63136614,6,0,1,38400,17,7117876
2926,25609220,9896765,35505985,8,0,0,4608,18,7504043399
2927,25616140,11815979,37432119,8,0,0,7680,18,4332888344
2928,25633610,9997047,35630657,5,0,0,25600,18,28855099
2929,25637681,9961269,35598950,3,0,0,3072,4,820923998
2930,25668440,11296695,36965135,5,0,0,102400,18,7026564063
2931,25673430,9846437,35519867,2,0,0,2560,5,8964683698
2932,25688780,11013499,36702279,5,0,0,44032,18,10077435112
2933,25704339,37473867,63178206,6,0,1,19968,17,7532374595
2934,25706790,11421453,37128243,7,0,0,16384,15,7874915365
2935,25713160,10335195,36048355,7,0,0,5120,15,2595072208
2936,25724960,10411201,36136161,7,0,0,24064,15,4669182187
2937,25726560,11270647,36997207,9,0,0,21504,7,570030586
2938,25732560,11434708,37167268,8,0,0,14848,18,8953931036
2939,25734760,37443469,63178229,4,0,1,12288,13,2016929917
2940,25736000,38054050,63790050,7,0,1,147968,15,59161608
2941,25741110,11054207,36795317,0,0,0,13312,13,251671024
2942,25744900,9996053,35740953,9,0,0,3072,7,617755828
2943,25750580,9767681,35518261,1,0,0,6144,19,7639380830
2944,25752499,38037574,63790073,1,0,1,9728,19,2680975878
2945,25753060,11509372,37262432,0,0,0,51200,13,4473357017
2946,25757201,10967024,36724225,3,0,0,10752,4,1293433247
2947,25774980,10572499,36347479,8,0,0,36864,18,9085332402
2948,25778570,11436903,37215473,0,0,0,8192,13,4587424593
2949,25798390,38080552,63878942,8,0,1,14336,18,5831203767
2950,25805000,11346867,37151867,2,0,0,39424,5,6317127602
2951,25814390,10079263,35893653,5,0,0,11776,18,7336454646
2952,25820730,10346683,36167413,5,0,0,1536,18,1296607191
2953,25827000,38088266,63915266,9,0,1,2560,7,2243447594
2954,25839370,38276535,64115905,3,0,1,10240,4,3188284748
2955,25864830,38602449,64467279,7,0,1,116736,15,5154542475
2956,25866850,9882105,35748955,7,0,0,1536,15,10224174837
2957,25868570,10932975,36801545,8,0,0,10240,18,4350132799
2958,25869380,10323696,36193076,7,0,0,47616,15,1312417332
2959,25877321,10561988,36439309,3,0,0,24576,4,7425158861
2960,25880810,10131173,36011983,1,0,0,11264,19,9025936273
2961,25881780,10122825,36004605,9,0,0,11776,7,3073742690
2962,25883800,11662648,37546448,9,0,0,95744,7,3948161319
2963,25912941,10475082,36388023,3,0,0,7680,4,8298583046
2964,25914640,10774200,36688840,1,0,0,1536,19,10198881592
2965,25917930,38549372,64467302,8,0,1,1536,18,9502748566
2966,25937810,11462683,37400493,9,0,0,10240,7,8005754043
2967,25940350,11454895,37395245,7,0,0,50688,15,7050507330
2968,25963660,11602334,37565994,4,0,0,26624,13,8355083064
2969,25964990,11246138,37211128,8,0,0,23040,18,690465258
2970,25969830,11010015,36979845,7,0,0,6144,15,8348170643
2971,25977970,10030558,36008528,1,0,0,12800,19,5761303582
2972,25983240,11100474,37083714,7,0,0,169984,15,5581591489
2973,25985530,10193015,36178545,7,0,0,22016,15,406156273
2974,26002690,38464635,64467325,3,0,1,7680,4,7645003564
2975,26004350,39458916,65463266,7,0,1,453120,15,7657530818
2976,26005290,10747856,36753146,2,0,0,5120,5,7440912568
2977,26006491,11605748,37612239,3,0,0,151552,4,10149535461
2978,26018140,11101477,37119617,7,0,0,117760,15,9653999470
2979,26022630,11357148,37379778,2,0,0,40448,5,6074210538
2980,26026240,39495504,65521744,4,0,1,512,13,7728751961
2981,26035860,10652489,36688349,8,0,0,39424,18,9587740470
2982,26063030,39466716,65529746,5,0,1,4608,18,1483633422
2983,26085640,10828697,36914337,2,0,0,80896,5,3243885658
2984,26095710,11108375,37204085,9,0,0,36352,7,854404143
2985,26139659,39390110,65529769,1,0,1,4096,19,1524497887
2986,26143050,11371991,37515041,8,0,0,36352,18,9823008045
2987,26149110,11576202,37725312,7,0,0,79360,15,6382628826
2988,26152320,10375579,36527899,1,0,0,2560,19,5134089562
2989,26155020,10983550,37138570,5,0,0,33792,18,4556819923
2990,26159310,9840093,35999403,0,0,0,3584,13,4501069463
2991,26172770,9892011,36064781,0,0,0,5632,13,5317442194
2992,26173760,11602797,37776557,0,0,0,70144,13,831058614
2993,26179220,39380734,65559954,4,0,1,43520,13,8055201936
2994,26180800,10531195,36711995,9,0,0,11264,7,1510617660
2995,26188800,39371185,65559985,4,0,1,18432,13,10136515770
2996,26192119,39383824,65575943,0,0,1,39936,13,9794039468
2997,26219500,39375387,65594887,4,0,1,16896,13,5956295824
2998,26226120,39388489,65614609,5,0,1,4608,18,2848058988
2999,26226290,10343753,36570043,5,0,0,54272,18,418327173
3000,26230001,11113422,37343423,3,0,0,33792,4,5781238302
3001,26231601,39395930,65627531,2,0,1,8192,5,9713985186
3002,26237260,39414340,65651600,7,0,1,16896,15,2202406667
3003,26250560,39437595,65688155,5,0,1,19456,18,4888031778
3004,26251170,10017974,36269144,8,0,0,12800,18,3663008132
3005,26261200,11927169,38188369,1,0,0,16896,19,4434055434
3006,26269700,10744023,37013723,8,0,0,23040,18,3384541880
3007,26269750,11469937,37739687,0,0,0,47104,13,8093450691
3008,26302540,39475284,65777824,9,0,1,4608,7,5236389213
3009,26304170,39502313,65806483,9,0,1,11264,7,9187775378
3010,26308130,10263051,36571181,7,0,0,3072,15,5450500360
3011,26314631,11542747,37857378,3,0,0,79872,4,9678045527
3012,26328960,10833761,37162721,1,0,0,16896,19,7642360990
3013,26340261,39472002,65812263,2,0,1,16896,5,9813573415
3014,26351380,39465402,65816782,8,0,1,18432,18,1686442453
3015,26353240,11530639,37883879,7,0,0,23552,15,5355013978
3016,26358500,11673999,38032499,5,0,0,113664,18,3344364515
3017,26372920,10347990,36720910,9,0,0,29184,7,8581385030
3018,26379970,39513318,65893288,4,0,1,9728,13,1225482835
3019,26393590,11759815,38153405,8,0,0,45568,18,9271202540
3020,26396380,11564887,37961267,2,0,0,8192,5,2694250256
3021,26401110,10628213,37029323,9,0,0,18432,7,1168499524
3022,26407640,11055909,37463549,2,0,0,28672,5,9807946828
3023,26427530,11218737,37646267,7,0,0,7168,15,10164414786
3024,26428160,11637620,38065780,0,0,0,21504,13,9211064844
3025,26434940,11389164,37824104,9,0,0,50176,7,3849787359
3026,26434990,10585487,37020477,8,0,0,9216,18,7629990378
3027,26436860,12146295,38583155,9,0,0,182272,7,8459423291
3028,26461560,10987074,37448634,0,0,0,4096,13,1909373365
3029,26472320,11886357,38358677,1,0,0,76800,19,5541209290
3030,26493371,39399940,65893311,2,0,1,12288,5,1955033582
3031,26500521,11057338,37557859,3,0,0,37376,4,301898101
3032,26515420,11317599,37833019,7,0,0,29184,15,9871007644
3033,26517841,11165438,37683279,2,0,0,56320,5,3741672639
3034,26518270,39375064,65893334,8,0,1,2560,18,8542995989
3035,26539190,39354167,65893357,8,0,1,3072,18,9521072415
3036,26545531,39347849,65893380,2,0,1,4096,5,6326804646
3037,26560170,10325512,36885682,6,0,0,14336,17,7650156655
3038,26561750,12230661,38792411,1,0,0,14848,19,8014918436
3039,26563190,11065966,37629156,7,0,0,27648,15,1360492685
3040,26567610,11133499,37701109,2,0,0,58368,5,8217863516
3041,26595670,12324152,38919822,2,0,0,93184,5,9865454336
3042,26604710,39956758,66561468,7,0,1,209920,15,9441395989
3043,26605400,39956091,66561491,3,0,1,512,4,5170541550
3044,26607660,40295277,66902937,7,0,1,253440,15,4814384996
3045,26612920,11345828,37958748,1,0,0,34304,19,10544608869
3046,26614700,11252225,37866925,2,0,0,31232,5,2857623819
3047,26625910,11129244,37755154,1,0,0,50688,19,1916583053
3048,26652011,10988244,37640255,3,0,0,36352,4,10208705445
3049,26652030,11407175,38059205,8,0,0,63488,18,8033065291
3050,26657160,10984420,37641580,2,0,0,3584,5,3583592760
3051,26664030,11702039,38366069,2,0,0,15360,5,565564179
3052,26664479,40238481,66902960,1,0,1,5632,19,7270576736
3053,26671240,11544475,38215715,5,0,0,27136,18,569157679
3054,26679650,40223333,66902983,4,0,1,24064,13,5184245028
3055,26706330,10563925,37270255,0,0,0,25600,13,10449065351
3056,26716890,11712683,38429573,2,0,0,62464,5,6241992445
3057,26721160,11941029,38662189,7,0,0,58880,15,2824881390
3058,26730621,11078164,37808785,3,0,0,47104,4,5090418005
3059,26738960,40164046,66903006,5,0,1,2048,18,1859548485
3060,26746959,40170877,66917836,0,0,1,20480,13,10494876597
3061,26749039,40169770,66918809,6,0,1,12800,17,9744262954
3062,26750380,11337003,38087383,7,0,0,29184,15,3600194527
3063,26763919,40159422,66923341,1,0,1,17920,19,5632786370
3064,26770130,10627212,37397342,0,0,0,6656,13,5684968311
3065,26773510,10653415,37426925,1,0,0,14336,19,2772778805
3066,26782961,11447390,38230351,3,0,0,7168,4,348012029
3067,26794760,40133766,66928526,5,0,1,24576,18,7840397516
3068,26808290,11225191,38033481,5,0,0,3072,18,8928824516
3069,26808330,11933993,38742323,2,0,0,9216,5,6839116870
3070,26811390,12529553,39340943,0,0,0,252928,13,9620412414
3071,26812300,10495250,37307550,1,0,0,512,19,6610127087
3072,26824590,12029878,38854468,7,0,0,24064,15,4130097950
3073,26824869,40114107,66938976,1,0,1,21504,19,80566958
3074,26842270,12610219,39452489,0,0,0,23040,13,6998199073
3075,26851890,11122379,37974269,0,0,0,31744,13,4819719493
3076,26856880,10572876,37429756,1,0,0,9216,19,9431388606
3077,26858990,11180405,38039395,9,0,0,2560,7,1272903086
3078,26866280,12210887,39077167,2,0,0,40960,5,1471738112
3079,26886000,12099925,38985925,1,0,0,80384,19,5567144692
3080,26901640,10719069,37620709,0,0,0,27648,13,4826689585
3081,26918530,40098055,67016585,5,0,1,24064,18,2130790551
3082,26927759,40088849,67016608,6,0,1,1536,17,9847067176
3083,26929990,10370289,37300279,1,0,0,2560,19,658197145
3084,26931690,40084941,67016631,5,0,1,18432,18,1346830619
3085,26943341,11219314,38162655,3,0,0,11776,4,2630045116
3086,26961320,10472850,37434170,5,0,0,6656,18,4369286536
3087,26986070,13032010,40018080,0,0,0,32256,13,8120635440
3088,26987450,12659769,39647219,5,0,0,40960,18,7366803232
3089,27018110,11240705,38258815,8,0,0,50176,18,10064619427
3090,27022570,11811861,38834431,5,0,0,78336,18,527546441
3091,27022770,11992229,39014999,2,0,0,37376,5,9447280418
3092,27040080,10600354,37640434,1,0,0,512,19,1840624637
3093,27040869,39976453,67017322,0,0,1,7680,13,7808085987
3094,27077950,39941958,67019908,5,0,1,4096,18,5625775467
3095,27085910,12746481,39832391,1,0,0,11264,19,2186142990
3096,27089680,12622735,39712415,7,0,0,3072,15,8021638176
3097,27094690,10835407,37930097,7,0,0,12800,15,9611651657
3098,27102280,39930028,67032308,8,0,1,3072,18,7576732308
3099,27103080,11513441,38616521,7,0,0,47104,15,4815038477
3100,27107650,11362038,38469688,8,0,0,131584,18,10183447251
3101,27120860,39912434,67033294,4,0,1,1536,13,1390507053
3102,27125860,10668550,37794410,2,0,0,58368,5,5133177918
3103,27129110,12980625,40109735,7,0,0,82432,15,8912699425
3104,27140910,11962387,39103297,1,0,0,4608,19,9079699521
3105,27155469,39937660,67093129,1,0,1,40448,19,3072364751
3106,27173010,39944544,67117554,4,0,1,1024,13,9212753940
3107,27202230,12194754,39396984,8,0,0,1536,18,9986520394
3108,27202350,11000581,38202931,4,0,0,24576,13,253683259
3109,27214180,11054197,38268377,7,0,0,17920,15,5180475157
3110,27219360,10976052,38195412,1,0,0,23040,19,4465067144
3111,27229610,11440090,38669700,1,0,0,24576,19,10385298222
3112,27236241,11365882,38602123,3,0,0,12288,4,3744683434
3113,27247051,11883027,39130078,3,0,0,63488,4,9222081212
3114,27259020,10667016,37926036,5,0,0,2560,18,8757844150
3115,27270740,11875608,39146348,0,0,0,22528,13,9119871301
3116,27310141,10848903,38159044,3,0,0,18432,4,8424320401
3117,27313990,39808070,67122060,5,0,1,7168,18,8091593274
3118,27318850,11264952,38583802,9,0,0,2048,7,8070511211
3119,27334940,39795549,67130489,5,0,1,3072,18,6768580935
3120,27347071,10719824,38066895,3,0,0,3584,4,2049943923
3121,27354760,11161319,38516079,5,0,0,73216,18,3336143730
3122,27356630,11283158,38639788,4,0,0,76288,13,2012095078
3123,27365620,11108935,38474555,9,0,0,15872,7,8068796693
3124,27366080,11009216,38375296,1,0,0,30208,19,1599842992
3125,27387070,12824296,40211366,5,0,0,60416,18,3600840962
3126,27391240,11333519,38724759,7,0,0,26112,15,9197167767
3127,27403200,10873831,38277031,2,0,0,12800,5,127583040
3128,27408470,39723965,67132435,8,0,1,3072,18,8047077949
3129,27410050,11370045,38780095,9,0,0,20992,7,2868268885
3130,27440640,11157716,38598356,9,0,0,41984,7,3719761248
3131,27449500,39684997,67134497,8,0,1,14848,18,8327818402
3132,27453201,12852050,40305251,3,0,0,31232,4,8171111451
3133,27456190,11238867,38695057,0,0,0,27136,13,9631255027
3134,27462980,11967717,39430697,7,0,0,92672,15,1619781427
3135,27475190,39677071,67152261,7,0,1,18944,15,10487746765
3136,27482260,10780634,38262894,9,0,0,13312,7,2389141199
3137,27484890,11859196,39344086,7,0,0,10240,15,7564539962
3138,27496460,12911591,40408051,2,0,0,24576,5,10166683889
3139,27499259,39743944,67243203,1,0,1,49152,19,7476037309
3140,27513819,39832504,67346323,1,0,1,512,19,1346398242
3141,27515940,11644063,39160003,8,0,0,3072,18,4523431005
3142,27525740,10998161,38523901,5,0,0,9216,18,2706996401
3143,27556431,39792158,67348589,2,0,1,3584,5,6323771888
3144,27565020,11151752,38716772,9,0,0,71168,7,7811156503
3145,27574920,10608278,38183198,7,0,0,9216,15,9860337093
3146,27587630,11302818,38890448,4,0,0,2560,13,5387583831
3147,27599020,11077099,38676119,8,0,0,20992,18,10589081444
3148,27602880,10882804,38485684,2,0,0,12800,5,1024078959
3149,27608160,10771486,38379646,5,0,0,8704,18,3049133425
3150,27614660,11375543,38990203,0,0,0,2560,13,5939615828
3151,27619080,11594673,39213753,2,0,0,26112,5,5324469909
3152,27643800,11247607,38891407,7,0,0,3072,15,1378330787
3153,27658829,39693946,67352775,0,0,1,6656,13,188027071
3154,27670890,11166528,38837418,2,0,0,9728,5,2910155307
3155,27671370,11922257,39593627,2,0,0,11264,5,7633922591
3156,27677710,10907831,38585541,9,0,0,5632,7,4809091709
3157,27685370,11161743,38847113,0,0,0,31744,13,6699377893
3158,27701550,11025104,38726654,5,0,0,6144,18,10510091882
3159,27717080,11022412,38739492,4,0,0,41984,13,4090757477
3160,27720460,10966306,38686766,8,0,0,34816,18,4015149207
3161,27724630,10919596,38644226,0,0,0,14336,13,2406235843
3162,27729810,12019621,39749431,0,0,0,52736,13,4723012184
3163,27734980,12793291,40528271,7,0,0,14848,15,8998073382
3164,27750330,39657111,67407441,3,0,1,26112,4,2191265828
3165,27752620,39655180,67407800,4,0,1,9728,13,5090385259
3166,27753580,11956129,39709709,1,0,0,28160,19,4187224322
3167,27759041,11171166,38930207,3,0,0,20480,4,6903706892
3168,27771840,11593516,39365356,8,0,0,30720,18,3045390117
3169,27777340,11269039,39046379,9,0,0,14336,7,10037445656
3170,27783220,11207895,38991115,0,0,0,512,13,8839007037
3171,27795880,11988675,39784555,7,0,0,41984,15,6044502084
3172,27826100,11063545,38889645,7,0,0,37888,15,8133706664
3173,27836370,11038409,38874779,8,0,0,66560,18,6325652867
3174,27838291,11854338,39692629,3,0,0,33792,4,4111709959
3175,27839191,39568865,67408056,2,0,1,9216,5,10072728705
3176,27843640,12151595,39995235,4,0,0,210944,13,3558726982
3177,27845670,11585206,39430876,0,0,0,512,13,10107368267
3178,27853340,39686351,67539691,7,0,1,29696,15,2470898806
3179,27853560,12799196,40652756,9,0,0,10752,7,8316874791
3180,27863950,11358741,39222691,0,0,0,20480,13,1285916175
3181,27870130,39774694,67644824,8,0,1,12288,18,6149601429
3182,27870780,39834856,67705636,7,0,1,1536,15,8558259366
3183,27872460,13004955,40877415,4,0,0,332288,13,3398352623
3184,27875100,12153923,40029023,0,0,0,35840,13,943418647
3185,27879070,10999008,38878078,4,0,0,10752,13,5032676298
3186,27907670,11308758,39216428,1,0,0,8704,19,8338986626
3187,27930799,39791910,67722709,0,0,1,13824,13,10113353621
3188,27939730,12064264,40003994,0,0,0,28672,13,635020030
3189,27947461,39778251,67725712,2,0,1,14336,5,783195709
3190,27952440,11759008,39711448,0,0,0,5632,13,883014238
3191,27952990,11443503,39396493,4,0,0,16896,13,9836717892
3192,27962480,39788782,67751262,7,0,1,10752,15,4207201655
3193,27967781,39783884,67751665,2,0,1,6144,5,7299472108
3194,27971790,11649794,39621584,1,0,0,27136,19,2414620642
3195,27982350,11893689,39876039,2,0,0,112128,5,1826377125
3196,27999519,39874623,67874142,6,0,1,56832,17,6906443198
3197,27999680,39878648,67878328,8,0,1,6656,18,10666848922
3198,28000040,11139421,39139461,2,0,0,30720,5,5580194720
3199,28008990,11783420,39792410,4,0,0,2048,13,499395788
3200,28012680,39911536,67924216,8,0,1,4096,18,8678538353
3201,28016040,39912763,67928803,7,0,1,26624,15,6613713458
3202,28016350,11489355,39505705,6,0,0,28672,17,9198034349
3203,28020520,12099222,40119742,0,0,0,32768,13,958967980
3204,28032290,11533249,39565539,4,0,0,12800,13,345380030
3205,28034790,13177354,41212144,2,0,0,69120,5,9411629111
3206,28042310,11579921,39622231,4,0,0,2048,13,1629924094
3207,28045460,39885936,67931396,5,0,1,15360,18,717602944
3208,28047070,12199952,40247022,7,0,0,66560,15,7475312543
3209,28048990,39886105,67935095,3,0,1,2560,4,910057097
3210,28062040,11975062,40037102,1,0,0,8704,19,4669111360
3211,28063580,11944649,40008229,8,0,0,13824,18,4750475971
3212,28065480,10981078,39046558,9,0,0,512,7,78117224
3213,28073290,11180685,39253975,7,0,0,40448,15,8138169202
3214,28084080,39860511,67944591,5,0,1,5632,18,8708114696
3215,28094020,12293643,40387663,4,0,0,63488,13,7308985653
3216,28098680,12172568,40271248,6,0,0,73216,17,10363498297
3217,28107820,11248145,39355965,4,0,0,38912,13,7980604615
3218,28120290,11370107,39490397,8,0,0,16384,18,6091578391
3219,28130230,11694325,39824555,0,0,0,10752,13,2755373101
3220,28138260,10972451,39110711,9,0,0,14848,7,7047703253
3221,28140660,11442188,39582848,2,0,0,20992,5,5134146542
3222,28149170,11224633,39373803,8,0,0,27648,18,3639632806
3223,28150640,10879193,39029833,6,0,0,6656,17,2068586670
3224,28157851,39789326,67947177,2,0,1,4096,5,423734983
3225,28158440,12027585,40186025,9,0,0,195584,7,5580181420
3226,28168550,11901920,40070470,8,0,0,36352,18,2518721611
3227,28173670,39782320,67955990,3,0,1,10752,4,8736919969
3228,28190940,12141731,40332671,0,0,0,15360,13,1854677291
3229,28192440,10997421,39189861,5,0,0,8192,18,7379833554
3230,28195360,11864011,40059371,5,0,0,53248,18,8627919584
3231,28197130,11320923,39518053,8,0,0,8704,18,8330544816
3232,28197430,11425448,39622878,7,0,0,2048,15,7951819515
3233,28205680,39776002,67981682,5,0,1,9728,18,351008421
3234,28210990,11438124,39649114,8,0,0,6144,18,78936713
3235,28211770,11310518,39522288,8,0,0,13824,18,8409524213
3236,28226660,12053191,40279851,7,0,0,28160,15,7229758806
3237,28228740,11663138,39891878,0,0,0,31744,13,9378613064
3238,28245000,12154729,40399729,0,0,0,17920,13,7734737452
3239,28258661,39723044,67981705,2,0,1,5632,5,9373618490
3240,28259830,11580712,39840542,6,0,0,24576,17,4204850291
3241,28259860,13311972,41571832,7,0,0,143360,15,10474206280
3242,28270420,13401258,41671678,9,0,0,71680,7,969671683
3243,28270880,11978037,40248917,7,0,0,6144,15,7350168950
3244,28274060,13539056,41813116,6,0,0,91136,17,7548245710
3245,28274170,11938475,40212645,1,0,0,4096,19,10207993709
3246,28276030,11457039,39733069,2,0,0,21504,5,2639158964
3247,28278570,39727191,68005761,3,0,1,4608,4,2258078481
3248,28279340,11752069,40031409,4,0,0,5120,13,7270383922
3249,28285480,13692642,41978122,7,0,0,92160,15,1192994731
3250,28289970,12400369,40690339,0,0,0,1024,13,4398580817
3251,28305180,12105858,40411038,5,0,0,9728,18,9155717693
3252,28313051,12185016,40498067,3,0,0,26624,4,4345040175
3253,28320450,12214967,40535417,1,0,0,3584,19,8589075738
3254,28329520,39677317,68006837,4,0,1,13312,13,8664448357
3255,28330089,39707802,68037891,1,0,1,18944,19,4992904016
3256,28334810,11432190,39767000,1,0,0,6144,19,6861514600
3257,28341709,39696205,68037914,6,0,1,9216,17,2788243177
3258,28354389,39685628,68040017,6,0,1,5120,17,4885300831
3259,28371800,11418210,39790010,1,0,0,14336,19,5314954678
3260,28374250,12400433,40774683,9,0,0,93696,7,10137905193
3261,28382400,11513132,39895532,4,0,0,11264,13,8303817102
3262,28400711,12257996,40658707,3,0,0,19456,4,5767001850
3263,28404240,12514628,40918868,4,0,0,15872,13,7200902461
3264,28416970,13696451,42113421,0,0,0,32768,13,4231644678
3265,28435820,11598576,40034396,0,0,0,9728,13,7038440858
3266,28442230,11750705,40192935,6,0,0,22528,17,9545325891
3267,28460670,12466364,40927034,5,0,0,5632,18,7227124306
3268,28462980,39577383,68040363,8,0,1,512,18,4814648031
3269,28465600,39575429,68041029,9,0,1,1024,7,10069665011
3270,28469899,39687586,68157485,0,0,1,4096,13,8315489178
3271,28470740,39686768,68157508,9,0,1,6144,7,1479517445
3272,28471889,39689565,68161454,0,0,1,3584,13,7187776032
3273,28473701,11603812,40077513,3,0,0,23040,4,7850573501
3274,28480420,11745999,40226419,9,0,0,40960,7,4665047918
3275,28508159,39682954,68191113,0,0,1,18944,13,489462005
3276,28511490,12522297,41033787,5,0,0,145920,18,3005412080
3277,28519460,11874778,40394238,7,0,0,21504,15,1638137051
3278,28522190,12373950,40896140,7,0,0,56320,15,5512896221
3279,28538800,11921252,40460052,0,0,0,30720,13,6356081324
3280,28545320,11484506,40029826,0,0,0,2560,13,10403652361
3281,28547080,12702516,41249596,7,0,0,30720,15,207149338
3282,28551370,12749759,41301129,7,0,0,12800,15,5243759947
3283,28554321,12492593,41046914,3,0,0,43008,4,10105614316
3284,28554890,11659026,40213916,1,0,0,4096,19,7428932215
3285,28563980,13646102,42210082,4,0,0,49664,13,1923000295
3286,28573910,12400471,40974381,6,0,0,39424,17,277789991
3287,28580880,39824905,68405785,5,0,1,39424,18,198012671
3288,28614050,39893102,68507152,3,0,1,18944,4,5468039312
3289,28616740,13886706,42503446,8,0,0,425472,18,2063454106
3290,28624550,12466873,41091423,9,0,0,11264,7,2892530487
3291,28624560,12024897,40649457,2,0,0,18944,5,3757145507
3292,28625000,39959147,68584147,7,0,1,15872,15,6400784598
3293,28636640,12352641,40989281,2,0,0,33280,5,9846604413
3294,28638740,11869124,40507864,1,0,0,1536,19,3969653436
3295,28646520,11754012,40400532,7,0,0,2560,15,2543176626
3296,28653859,39930311,68584170,0,0,1,512,13,6381459640
3297,28670081,39914120,68584201,2,0,1,8192,5,542834546
3298,28672420,11739265,40411685,2,0,0,2048,5,648165083
3299,28674220,11675342,40349562,8,0,0,5632,18,3908851589
3300,28684480,12584813,41269293,5,0,0,4096,18,7433325899
3301,28696799,39887425,68584224,0,0,1,2560,13,2137400022
3302,28720030,39872656,68592686,4,0,1,17920,13,9930400815
3303,28720970,11922692,40643662,8,0,0,62976,18,704832102
3304,28724750,11688206,40412956,2,0,0,4096,5,8082610271
3305,28727429,39898958,68626387,0,0,1,11264,13,9726383320
3306,28727880,12182011,40909891,2,0,0,45056,5,3837088915
3307,28730910,11829322,40560232,5,0,0,32256,18,7598482042
3308,28744550,11706119,40450669,0,0,0,10240,13,10512963804
3309,28759270,39947701,68706971,4,0,1,9216,13,5241335989
3310,28806990,39924432,68731422,7,0,1,16896,15,1215905569
3311,28810580,39922327,68732907,9,0,1,15360,7,844354623
3312,28831350,12768741,41600091,5,0,0,92672,18,4023923686
3313,28838390,11695912,40534302,0,0,0,14848,13,4353570428
3314,28846290,39914342,68760632,7,0,1,1536,15,4204147560
3315,28852320,39969778,68822098,7,0,1,38912,15,8923509196
3316,28864940,39991290,68856230,9,0,1,5120,7,8702534658
3317,28867620,11870669,40738289,0,0,0,13312,13,1346642339
3318,28872200,11701898,40574098,4,0,0,1024,13,4115992245
3319,28886260,40008355,68894615,3,0,1,15360,4,9207387841
3320,28911029,39983609,68894638,1,0,1,4608,19,1519987289
3321,28916750,11812621,40729371,2,0,0,5632,5,3002893791
3322,28917551,11828561,40746112,3,0,0,25600,4,9505810635
3323,28921770,12003517,40925287,1,0,0,20992,19,7833879896
3324,28923940,12704175,41628115,9,0,0,19968,7,1960497757
3325,28929150,11632977,40562127,2,0,0,6144,5,8403747816
3326,28934989,39959672,68894661,6,0,1,4096,17,118408601
3327,28936070,12537973,41474043,4,0,0,29696,13,1472218941
3328,28938340,13649645,42587985,0,0,0,30720,13,4459473436
3329,28943570,39952955,68896525,3,0,1,4608,4,10031239285
3330,28949890,39949221,68899111,3,0,1,4096,4,671409253
3331,28957580,11980607,40938187,8,0,0,1536,18,285134245
3332,28966730,13688720,42655450,9,0,0,70144,7,10654739679
3333,28976220,11975241,40951461,7,0,0,40448,15,5467410814
3334,28983800,11930193,40913993,9,0,0,13312,7,1703169958
3335,28995470,39974004,68969474,4,0,1,6656,13,6495424373
3336,28998260,11880697,40878957,5,0,0,4608,18,1770052779
3337,29000640,12170293,41170933,4,0,0,8704,13,6212466062
3338,29002360,40084737,69087097,5,0,1,113664,18,8912474220
3339,29009761,40079718,69089479,2,0,1,15360,5,676891046
3340,29010300,11927396,40937696,2,0,0,8192,5,5666565381
3341,29011970,12971791,41983761,9,0,0,18432,7,9776778794
3342,29025920,13763972,42789892,0,0,0,6144,13,5978262052
3343,29044690,12327708,41372398,5,0,0,39424,18,5043012369
3344,29050090,11885087,40935177,5,0,0,26624,18,9103548548
3345,29053210,12204053,41257263,8,0,0,25088,18,10321376152
3346,29064270,13097291,42161561,1,0,0,85504,19,5601640387
3347,29069450,12358222,41427672,9,0,0,6656,7,7610577362
3348,29076940,12151295,41228235,8,0,0,52736,18,7947343008
3349,29088130,40092833,69180963,7,0,1,9216,15,4725923456
3350,29096289,40181320,69277609,6,0,1,5632,17,3539690979
3351,29096590,12619174,41715764,7,0,0,27136,15,2587545103
3352,29100360,11962356,41062716,2,0,0,51712,5,5944962486
3353,29104030,12203248,41307278,5,0,0,4096,18,6442625443
3354,29105590,12664406,41769996,0,0,0,62464,13,4027212698
3355,29122050,13856831,42978881,5,0,0,38912,18,3942776074
3356,29124819,40152813,69277632,6,0,1,4608,17,9894854635
3357,29131420,40146235,69277655,8,0,1,1024,18,170201654
3358,29134470,12968944,42103414,9,0,0,155648,7,2954069528
3359,29135400,13971802,43107202,6,0,0,10752,17,9807879195
3360,29141461,14092683,43234144,3,0,0,17920,4,9776757773
3361,29147630,12305419,41453049,6,0,0,51712,17,3601031034
3362,29149010,11915133,41064143,7,0,0,4608,15,8593043441
3363,29173800,13184509,42358309,6,0,0,512,17,640116821
3364,29174440,12467738,41642178,5,0,0,46080,18,6436192744
3365,29186480,12720649,41907129,2,0,0,40448,5,738468290
3366,29208030,11908288,41116318,1,0,0,512,19,8678865037
3367,29215050,12165951,41381001,8,0,0,28160,18,10633187769
3368,29249830,13298416,42548246,5,0,0,30720,18,1539871818
3369,29264670,12357330,41622000,4,0,0,46592,13,9537792924
3370,29267590,40010088,69277678,8,0,1,10752,18,2890626440
3371,29271740,12014142,41285882,0,0,0,11776,13,1286657988
3372,29283871,40088779,69372650,2,0,1,13824,5,5610947200
3373,29290540,12727687,42018227,8,0,0,31744,18,3888274102
3374,29298230,12434093,41732323,7,0,0,54272,15,9249874607
3375,29298910,12709622,42008532,8,0,0,28672,18,1968023831
3376,29299770,13029784,42329554,8,0,0,149504,18,9095648713
3377,29303279,40160950,69464229,0,0,1,3072,13,7612463469
3378,29306590,12573440,41880030,1,0,0,12288,19,3384342252
3379,29307850,12399623,41707473,6,0,0,31232,17,3633022986
3380,29314700,12510580,41825280,7,0,0,5120,15,4095873053
3381,29319670,12352967,41672637,6,0,0,3072,17,6056377729
3382,29326950,14230564,43557514,5,0,0,102912,18,10645497040
3383,29329180,13028927,42358107,9,0,0,28160,7,721246736
3384,29340871,40272241,69613112,2,0,1,18432,5,2898889653
3385,29347320,12260461,41607781,1,0,0,18432,19,4755802233
3386,29354210,12511956,41866166,7,0,0,13824,15,5290322842
3387,29360610,12982764,42343374,4,0,0,20480,13,921238943
3388,29361980,12849061,42211041,2,0,0,3072,5,8748790065
3389,29362620,12757711,42120331,8,0,0,22528,18,7311044667
3390,29366650,13207538,42574188,7,0,0,80384,15,8769253682
3391,29370710,12231432,41602142,0,0,0,6656,13,8284357896
3392,29388110,12435013,41823123,1,0,0,32768,19,5728992479
3393,29392730,13141407,42534137,6,0,0,59392,17,1385903610
3394,29401750,12370297,41772047,2,0,0,6656,5,3684988856
3395,29406930,12275702,41682632,0,0,0,2560,13,5242292097
3396,29415240,13175630,42590870,5,0,0,9216,18,1073890882
3397,29417040,40224978,69642018,7,0,1,11776,15,5671716787
3398,29419900,14373221,43793121,6,0,0,39936,17,1203808314
3399,29428110,12425451,41853561,1,0,0,15872,19,4860228030
3400,29438710,14213887,43652597,0,0,0,37888,13,5088116239
3401,29461750,12452422,41914172,5,0,0,23040,18,447560465
3402,29461930,13116672,42578602,0,0,0,14336,13,9889270215
3403,29465060,12530424,41995484,4,0,0,38400,13,7784904579
3404,29471550,12547324,42018874,5,0,0,2048,18,7203576256
3405,29477380,12398467,41875847,8,0,0,8704,18,8358959474
3406,29505390,12839099,42344489,8,0,0,3584,18,5583067181
3407,29508701,40133348,69642049,2,0,1,9216,5,10599901573
3408,29525790,13135813,42661603,0,0,0,7168,13,4340205507
3409,29540180,12297813,41837993,0,0,0,1536,13,3250605673
3410,29548061,13163282,42711343,3,0,0,34304,4,4246015939
3411,29571810,12427917,41999727,2,0,0,13824,5,6069389047
3412,29580760,40539911,70120671,5,0,1,229888,18,1422958964
3413,29588460,12547026,42135486,0,0,0,49664,13,4708943522
3414,29605710,12731378,42337088,6,0,0,22528,17,7631181463
3415,29606820,12742684,42349504,2,0,0,16384,5,8240497249
3416,29606850,14502059,44108909,4,0,0,474624,13,9787300425
3417,29618301,12620458,42238759,3,0,0,9728,4,1173448672
3418,29621340,40499677,70121017,4,0,1,512,13,7257998094
3419,29621900,12425434,42047334,8,0,0,22528,18,4858899045
3420,29623510,12882143,42505653,6,0,0,7168,17,1176044486
3421,29626000,12912840,42538840,9,0,0,15360,7,6284835420
3422,29638390,40486377,70124767,7,0,1,1024,15,7094423316
3423,29644910,12871062,42515972,4,0,0,33792,13,9882197087
3424,29663120,14656707,44319827,1,0,0,195584,19,6022548081
3425,29712090,12650953,42363043,2,0,0,15360,5,689231355
3426,29717190,40512364,70229554,5,0,1,65536,18,3889593303
3427,29718340,12975728,42694068,4,0,0,21504,13,3639268403
3428,29739710,13130544,42870254,6,0,0,3584,17,2048248566
3429,29740149,40527069,70267218,6,0,1,4608,17,9298906671
3430,29746260,12583941,42330201,6,0,0,2048,17,8664404308
3431,29756000,40556507,70312507,4,0,1,27648,13,8768630452
3432,29761120,40696502,70457622,5,0,1,83968,18,3703718181
3433,29777210,13502937,43280147,1,0,0,27136,19,8501299670
3434,29783580,12766093,42549673,4,0,0,4608,13,9432938914
3435,29787380,13232575,43019955,1,0,0,42496,19,8208462005
3436,29790570,12866463,42657033,7,0,0,5120,15,8470057266
3437,29792510,13050133,42842643,2,0,0,13312,5,7446360784
3438,29792850,12818354,42611204,8,0,0,66560,18,5097019015
3439,29794120,13342918,43137038,5,0,0,31744,18,7853105425
3440,29797970,13377071,43175041,7,0,0,100864,15,5445980066
3441,29800361,13206623,43006984,3,0,0,92160,4,8307528811
3442,29803710,40653943,70457653,9,0,1,4608,7,5802900010
3443,29829281,40628395,70457676,2,0,1,4096,5,7038186518
3444,29830031,12949229,42779260,3,0,0,31744,4,5717734661
3445,29832371,40625328,70457699,2,0,1,27648,5,6368298146
3446,29852350,12982982,42835332,6,0,0,7680,17,6823853208
3447,29852650,13553730,43406380,5,0,0,46592,18,2626936828
3448,29868080,13050878,42918958,5,0,0,40448,18,752122630
3449,29884630,13318014,43202644,0,0,0,15360,13,2541998106
3450,29898430,14631877,44530307,7,0,0,27136,15,9934144515
3451,29902200,13187542,43089742,0,0,0,54272,13,3159309250
3452,29904760,13015157,42919917,8,0,0,3072,18,8802910148
3453,29915480,40542242,70457722,3,0,1,13824,4,7362684947
3454,29930950,13091992,43022942,9,0,0,9728,7,8327419372
3455,29940280,40577431,70517711,4,0,1,512,13,2678627867
3456,29941170,13025832,42967002,5,0,0,40448,18,4102313816
3457,29967871,13474146,43442017,3,0,0,18944,4,2394391043
3458,29974810,40572042,70546852,9,0,1,39936,7,2373983536
3459,29982700,13453522,43436222,1,0,0,91648,19,6638931213
3460,29983360,13160926,43144286,7,0,0,5120,15,6806145611
3461,29989270,40618391,70607661,4,0,1,4096,13,9221330811
3462,29996190,13497820,43494010,5,0,0,55808,18,5204369678
3463,30004770,13222345,43227115,7,0,0,23040,15,3455496966
3464,30064010,13408691,43472701,8,0,0,27136,18,5223273384
3465,30064380,13534587,43598967,5,0,0,34816,18,10531814193
3466,30083080,12870097,42953177,9,0,0,17920,7,3035038065
3467,30085260,40522424,70607684,9,0,1,13312,7,8625103004
3468,30092340,13372039,43464379,0,0,0,67072,13,6716239434
3469,30092710,12937899,43030609,8,0,0,25088,18,326347943
3470,30110640,14633447,44744087,6,0,0,124416,17,6622952103
3471,30115870,13633427,43749297,9,0,0,17920,7,7333852486
3472,30134050,13222642,43356692,9,0,0,16384,7,7831874784
3473,30136430,12811264,42947694,6,0,0,19456,17,9776421494
3474,30139319,40559814,70699133,1,0,1,76288,19,4100811161
3475,30142640,12960525,43103165,6,0,0,27136,17,8910739601
3476,30143979,40620315,70764294,6,0,1,5632,17,7984925843
3477,30148790,13420649,43569439,0,0,0,17408,13,3738121780
3478,30158930,13642224,43801154,7,0,0,11776,15,220942416
3479,30159070,40605247,70764317,9,0,1,512,7,5104392582
3480,30164589,40617562,70782151,1,0,1,30208,19,3323010242
3481,30166700,13331701,43498401,5,0,0,14336,18,5724243397
3482,30167190,13171781,43338971,1,0,0,58880,19,7202227354
3483,30168670,13436716,43605386,2,0,0,20992,5,4991386562
3484,30192130,40605853,70797983,7,0,1,16896,15,1040849047
3485,30193070,13631917,43824987,1,0,0,48128,19,300616152
3486,30194480,12759500,42953980,7,0,0,2560,15,6113916518
3487,30194580,12862620,43057200,6,0,0,1536,17,9122630027
3488,30196450,40680621,70877071,8,0,1,24576,18,10337157426
3489,30197110,14726997,44924107,1,0,0,139264,19,5916907018
3490,30201240,12984440,43185680,7,0,0,34816,15,8996851336
3491,30211990,13303283,43515273,8,0,0,4096,18,10224694012
3492,30220290,13652709,43872999,4,0,0,54784,13,6027267327
3493,30240780,13040170,43280950,0,0,0,2560,13,7381791714
3494,30244740,13258216,43502956,4,0,0,14848,13,8696199077
3495,30246581,12866763,43113344,3,0,0,1536,4,7954018805
3496,30249040,13530151,43779191,9,0,0,69120,7,8593209012
3497,30249890,13097514,43347404,8,0,0,1024,18,4166332167
3498,30269450,13673666,43943116,5,0,0,35840,18,10088771611
3499,30275530,13384422,43659952,2,0,0,24064,5,6417680823
3500,30280550,40616579,70897129,4,0,1,2560,13,5765702008
3501,30284700,40657769,70942469,4,0,1,21504,13,10424044825
3502,30304470,13881102,44185572,2,0,0,61952,5,5767028555
3503,30307689,40634803,70942492,6,0,1,17920,17,7036900247
3504,30311600,12950497,43262097,8,0,0,3072,18,642716558
3505,30328120,12812545,43140665,5,0,0,9728,18,8891147621
3506,30328960,12986655,43315615,4,0,0,4608,13,684245872
3507,30330370,13601795,43932165,4,0,0,9216,13,7411016877
3508,30371230,13578671,43949901,5,0,0,11264,18,4382345266
3509,30371400,13744708,44116108,4,0,0,23552,13,8602659758
3510,30381010,13447013,43828023,8,0,0,7680,18,4364027092
3511,30400040,13178994,43579034,0,0,0,17920,13,7318060945
3512,30404921,13205883,43610804,3,0,0,5120,4,2357661620
3513,30407320,40577752,70985072,3,0,1,29184,4,2612605444
3514,30413031,40635470,71048501,2,0,1,7680,5,898867239
3515,30415280,13291507,43706787,8,0,0,45568,18,5498169747
3516,30427871,40662721,71090592,2,0,1,30208,5,6266311369
3517,30428020,12980255,43408275,6,0,0,6144,17,9212663530
3518,30434690,13009230,43443920,1,0,0,6144,19,7066437358
3519,30435450,13362062,43797512,6,0,0,14336,17,2779767726
3520,30449290,13507067,43956357,2,0,0,4608,5,632766553
3521,30451790,13107775,43559565,9,0,0,6656,7,7259755165
3522,30462350,13662985,44125335,8,0,0,30208,18,7566394630
3523,30466219,40627032,71093251,6,0,1,12800,17,6046034799
3524,30490670,14565324,45055994,9,0,0,2048,7,7909092123
3525,30509290,14609331,45118621,5,0,0,28672,18,918741017
3526,30517300,13429115,43946415,1,0,0,10752,19,9966140087
3527,30519000,13621224,44140224,7,0,0,40960,15,4488267209
3528,30523150,40572367,71095517,4,0,1,3584,13,8282606915
3529,30530300,13636357,44166657,9,0,0,40960,7,7018803441
3530,30541180,40557563,71098743,7,0,1,5120,15,2453520149
3531,30555340,13008772,43564112,8,0,0,14848,18,3839296067
3532,30563550,40571812,71135362,8,0,1,5120,18,2167860216
3533,30568030,13586124,44154154,9,0,0,30208,7,10530100776
3534,30584310,13611300,44195610,2,0,0,32768,5,3545442497
3535,30587150,13193780,43780930,7,0,0,5632,15,4642094398
3536,30587501,40670559,71258060,2,0,1,29184,5,41198113
3537,30589259,40670465,71259724,0,0,1,13824,13,285906731
3538,30610740,41640203,72250943,5,0,1,321536,18,8091974608
3539,30613921,14599104,45213025,3,0,0,33792,4,292198405
3540,30620839,41645927,72266766,1,0,1,23552,19,2734384628
3541,30624780,41838035,72462815,5,0,1,102912,18,3000800767
3542,30629810,13737656,44367466,2,0,0,26624,5,7811736275
3543,30633200,13713239,44346439,4,0,0,50176,13,4978558602
3544,30640741,13717623,44358364,3,0,0,29184,4,3521544918
3545,30643220,13501707,44144927,6,0,0,15360,17,5522403102
3546,30655291,13552510,44207801,3,0,0,39936,4,10510115354
3547,30657930,13246109,43904039,0,0,0,36352,13,8099253441
3548,30664140,13265194,43929334,6,0,0,82944,17,341619810
3549,30665870,41796968,72462838,3,0,1,2048,4,5460873191
3550,30673950,13673760,44347710,9,0,0,4096,7,9187076651
3551,30691440,13191218,43882658,4,0,0,3584,13,2419511223
3552,30691810,41771051,72462861,9,0,1,14336,7,7797925
3553,30700480,41762404,72462884,3,0,1,6144,4,4516267332
3554,30700619,41762288,72462907,0,0,1,1024,13,5034714150
3555,30702089,41842619,72544708,0,0,1,12800,13,3693966349
3556,30706829,41900925,72607754,0,0,1,35328,13,2402756399
3557,30714280,14631063,45345343,5,0,0,73728,18,5229936080
3558,30717260,14867865,45585125,4,0,0,237056,13,5413993913
3559,30726230,13778126,44504356,4,0,0,12288,13,6584402609
3560,30730570,41877207,72607777,8,0,1,2048,18,4145822602
3561,30731980,41963246,72695226,8,0,1,57344,18,4408072206
3562,30732980,13626343,44359323,9,0,0,3072,7,7142427412
3563,30742780,13477300,44220080,5,0,0,39936,18,2195426155
3564,30769670,13936486,44706156,4,0,0,45568,13,8906697651
3565,30771600,13482402,44254002,2,0,0,33280,5,7344840259
3566,30789650,13533320,44322970,4,0,0,10240,13,8145518448
3567,30794610,14023528,44818138,7,0,0,11776,15,1993791448
3568,30817169,41948125,72765294,0,0,1,8192,13,10084223875
3569,30821329,41943988,72765317,1,0,1,1024,19,6142993845
3570,30841850,13285871,44127721,0,0,0,7680,13,5041846664
3571,30842230,41979807,72822037,8,0,1,35328,18,8748696009
3572,30849210,13843039,44692249,4,0,0,89088,13,2740645850
3573,30852210,13378086,44230296,0,0,0,4608,13,5514865653
3574,30856491,13380380,44236871,3,0,0,21504,4,10043397250
3575,30875911,13516569,44392480,3,0,0,48640,4,5236264238
3576,30890950,13438283,44329233,8,0,0,20480,18,9982814969
3577,30903610,13516993,44420603,6,0,0,19968,17,2049759769
3578,30905450,41916610,72822060,3,0,1,2560,4,2745158098
3579,30907850,13441599,44349449,8,0,0,5632,18,5240565677
3580,30914489,41907594,72822083,1,0,1,2048,19,10622625821
3581,30916630,13414498,44331128,5,0,0,6144,18,7058418590
3582,30924380,13504753,44429133,7,0,0,18944,15,10362205900
3583,30926540,41915611,72842151,8,0,1,18432,18,9921072940
3584,30933260,13444369,44377629,4,0,0,33280,13,8761950816
3585,30937130,13684216,44621346,6,0,0,14848,17,6446499461
3586,30939350,13703906,44643256,0,0,0,33792,13,7197393324
3587,30951060,14773355,45724415,0,0,0,193536,13,1817244705
3588,30951681,14113765,45065446,3,0,0,8704,4,9782896724
3589,30954380,14100898,45055278,5,0,0,250880,18,3670808363
3590,30957940,13542649,44500589,7,0,0,19968,15,4334683405
3591,30989559,41853886,72843445,1,0,1,7680,19,7291748402
3592,30990240,13504242,44494482,4,0,0,63488,13,426016378
3593,30991490,14809859,45801349,5,0,0,24064,18,4629899776
3594,30996030,13761816,44757846,0,0,0,45056,13,6415880512
3595,30996380,14066391,45062771,8,0,0,14848,18,3598902331
3596,31004250,13582210,44586460,5,0,0,8704,18,6685255878
3597,31004940,42111446,73116386,5,0,1,130560,18,7129063810
3598,31022710,13949678,44972388,7,0,0,95744,15,9817129508
3599,31037270,13729967,44767237,6,0,0,30720,17,1730004388
3600,31051140,14318874,45370014,7,0,0,80896,15,8022455139
3601,31082320,13768824,44851144,7,0,0,33280,15,9231065304
3602,31083160,14825160,45908320,6,0,0,108032,17,9378511716
3603,31085729,42037850,73123579,1,0,1,27136,19,6599502309
3604,31087661,14907127,45994788,3,0,0,11776,4,2016409866
3605,31088310,14142095,45230405,6,0,0,7168,17,1301353163
3606,31093350,42092691,73186041,4,0,1,10752,13,9774197696
3607,31100840,13957361,45058201,7,0,0,7168,15,903198404
3608,31108430,42133107,73241537,5,0,1,512,18,5204467401
3609,31109740,14158849,45268589,0,0,0,92160,13,7663451665
3610,31110511,42146107,73256618,2,0,1,19456,5,10289272254
3611,31115849,42156903,73272752,0,0,1,27648,13,3054164507
3612,31121970,14390904,45512874,9,0,0,78848,7,8676920184
3613,31128810,13962365,45091175,9,0,0,12800,7,5666774229
3614,31150159,42204283,73354442,1,0,1,4096,19,22659722
3615,31154631,14510793,45665424,3,0,0,78336,4,8852333362
3616,31161160,13771706,44932866,4,0,0,28672,13,8940948890
3617,31171020,13916232,45087252,9,0,0,41984,7,9565798974
3618,31173649,42230673,73404322,6,0,1,39424,17,4724700928
3619,31174020,42232248,73406268,5,0,1,3072,18,884343202
3620,31185250,13793557,44978807,5,0,0,20992,18,4404260830
3621,31185390,42308301,73493691,5,0,1,19968,18,7390406361
3622,31188549,42307669,73496218,1,0,1,4608,19,4286740221
3623,31207680,14092463,45300143,7,0,0,33280,15,3331096449
3624,31208300,14396972,45605272,9,0,0,66048,7,1092980538
3625,31215600,14543102,45758702,0,0,0,43520,13,8878364108
3626,31222690,14201900,45424590,9,0,0,20992,7,7714346171
3627,31230980,14538353,45769333,1,0,0,34816,19,9084200913
3628,31241091,14239791,45480882,3,0,0,135168,4,7545382083
3629,31241939,42260897,73502836,6,0,1,23552,17,1344793615
3630,31242111,13923651,45165762,3,0,0,10240,4,5976538791
3631,31243680,14385350,45629030,4,0,0,73216,13,1662954207
3632,31246449,42325936,73572385,0,0,1,3584,13,2041722839
3633,31248040,14187828,45435868,7,0,0,16384,15,170998760
3634,31250570,14489834,45740404,9,0,0,14848,7,6722788824
3635,31252810,42319598,73572408,9,0,1,1024,7,8123588655
3636,31256711,14047245,45303956,3,0,0,1024,4,8131196936
3637,31262181,14379352,45641533,3,0,0,40960,4,9313772121
3638,31264270,14037768,45302038,2,0,0,6144,5,3767640741
3639,31264470,14518847,45783317,6,0,0,31744,17,5211996276
3640,31264570,14166283,45430853,2,0,0,20480,5,10162863121
3641,31264790,14038831,45303621,7,0,0,5120,15,1814887548
3642,31267130,14506157,45773287,8,0,0,8704,18,2787861460
3643,31277740,14515919,45793659,7,0,0,12288,15,3413422277
3644,31281751,42491966,73773717,2,0,1,11264,5,10145339851
3645,31281969,42491771,73773740,6,0,1,6656,17,3863126187
3646,31287300,42486654,73773954,3,0,1,6144,4,4997286687
3647,31327310,14864976,46192286,0,0,0,105472,13,7074696838
3648,31329090,14441514,45770604,0,0,0,4096,13,6374775351
3649,31336910,42553328,73890238,7,0,1,3072,15,7417299480
3650,31351640,14384217,45735857,0,0,0,12800,13,6487020760
3651,31359040,14434954,45793994,7,0,0,1024,15,2013198424
3652,31379920,42517540,73897460,9,0,1,4608,7,7560124896
3653,31380640,14351286,45731926,9,0,0,24576,7,7934839654
3654,31403020,14370602,45773622,6,0,0,1024,17,5438896283
3655,31407430,42497720,73905150,5,0,1,13312,18,2665482400
3656,31408351,14381541,45789892,3,0,0,21504,4,8658733553
3657,31408460,15141836,46550296,7,0,0,222208,15,5009930463
3658,31415430,14329989,45745419,5,0,0,16384,18,9459009832
3659,31415440,14929918,46345358,9,0,0,29696,7,2324056342
3660,31426980,14179719,45606699,4,0,0,4608,13,3035986531
3661,31439640,14368448,45808088,2,0,0,22016,5,6330468243
3662,31443670,42532327,73975997,4,0,1,3584,13,421740869
3663,31445070,14366348,45811418,9,0,0,10752,7,284975523
3664,31445130,14608706,46053836,9,0,0,106496,7,5252362132
3665,31450060,14378560,45828620,1,0,0,23040,19,3307842462
3666,31477940,42498403,73976343,8,0,1,512,18,7324162896
3667,31485830,14488118,45973948,9,0,0,37376,7,9406579007
3668,31490210,14584543,46074753,0,0,0,44032,13,6331974209
3669,31501510,42551134,74052644,8,0,1,65024,18,3663962509
3670,31511091,14398344,45909435,3,0,0,3584,4,219429058
3671,31518200,14469343,45987543,1,0,0,44544,19,6245744483
3672,31518920,14830228,46349148,7,0,0,8704,15,1981507489
3673,31520580,14583868,46104448,4,0,0,3072,13,1953366624
3674,31527000,14707126,46234126,1,0,0,4096,19,584166265
3675,31527610,42543146,74070756,5,0,1,3584,18,3749125851
3676,31535950,14455227,45991177,8,0,0,3072,18,315077429
3677,31553470,14459807,46013277,1,0,0,3584,19,246640253
3678,31567549,42506113,74073662,0,0,1,4608,13,1219356609
3679,31568480,14641613,46210093,9,0,0,58368,7,1423595850
3680,31574610,42525176,74099786,4,0,1,12288,13,8362510421
3681,31588300,42535122,74123422,4,0,1,19456,13,6585246801
3682,31590190,15099931,46690121,8,0,0,30720,18,235496483
3683,31596060,14501252,46097312,7,0,0,7168,15,9664360957
3684,31596760,14699389,46296149,8,0,0,45568,18,7226404309
3685,31597870,15048433,46646303,8,0,0,80384,18,5342981595
3686,31631240,14699096,46330336,6,0,0,112128,17,3541421068
3687,31645900,14961006,46606906,2,0,0,4096,5,5851146656
3688,31650030,14632212,46282242,7,0,0,91648,15,2158023404
3689,31664880,14325338,45990218,7,0,0,8704,15,1277519064
3690,31680590,42454024,74134614,9,0,1,9728,7,5007346655
3691,31682840,14875279,46558119,7,0,0,25600,15,8702373765
3692,31702530,14643943,46346473,8,0,0,3584,18,245125895
3693,31703860,14390748,46094608,4,0,0,1024,13,8763598193
3694,31705400,14872889,46578289,8,0,0,2048,18,3501695046
3695,31712460,42496668,74209128,9,0,1,8192,7,4254342631
3696,31714830,14445297,46160127,6,0,0,15360,17,1329936864
3697,31716769,42495265,74212034,1,0,1,4608,19,8207306877
3698,31720200,14653397,46373597,8,0,0,2048,18,2025664450
3699,31723320,14490696,46214016,4,0,0,12800,13,8509544673
3700,31723580,14705366,46428946,9,0,0,1024,7,3227491180
3701,31726520,14851122,46577642,5,0,0,64000,18,8187146846
3702,31744400,14919577,46663977,1,0,0,55296,19,8465296295
3703,31747921,14991180,46739101,3,0,0,96256,4,4889726321
3704,31749570,14603450,46353020,8,0,0,11776,18,5002308396
3705,31751090,14929648,46680738,7,0,0,36864,15,2005193930
3706,31753440,14582847,46336287,6,0,0,19456,17,8743447775
3707,31760940,15118819,46879759,9,0,0,47616,7,7577959195
3708,31767460,14838175,46605635,5,0,0,82432,18,943012197
3709,31770241,14845120,46615361,3,0,0,27648,4,4648944090
3710,31777530,15209622,46987152,6,0,0,7168,17,6336242392
3711,31785350,15066002,46851352,6,0,0,11776,17,6000055954
3712,31786600,14680454,46467054,6,0,0,4096,17,3943515130
3713,31799440,14781056,46580496,7,0,0,7168,15,909111587
3714,31813580,14808208,46621788,1,0,0,20992,19,10627162788
3715,31813741,14985840,46799581,3,0,0,22528,4,9361034790
3716,31816910,14645224,46462134,2,0,0,3072,5,10574830344
3717,31820910,14848550,46669460,9,0,0,17920,7,5673913445
3718,31821950,14825156,46647106,1,0,0,2560,19,647782651
3719,31830760,42386100,74216860,9,0,1,7680,7,5924070926
3720,31832050,14954749,46786799,9,0,0,12288,7,8395884144
3721,31832410,14876810,46709220,5,0,0,10752,18,1780448335
3722,31851680,42396144,74247824,8,0,1,4608,18,9185224136
3723,31857190,15190388,47047578,1,0,0,12800,19,10216380637
3724,31863920,42389418,74253338,3,0,1,11264,4,10500433244
3725,31864340,15499560,47363900,2,0,0,26112,5,9004046181
3726,31874610,42459900,74334510,5,0,1,26624,18,9452584088
3727,31881589,42511741,74393330,6,0,1,14848,17,3042342092
3728,31883850,15239977,47123827,7,0,0,65024,15,605563928
3729,31884210,15131572,47015782,1,0,0,20992,19,7581413025
3730,31917360,15036721,46954081,2,0,0,68608,5,1460619319
3731,31930299,42494041,74424340,1,0,1,16896,19,322056648
3732,31930570,15194840,47125410,9,0,0,5120,7,2502524066
3733,31940570,15253462,47194032,0,0,0,52736,13,5312049804
3734,31944740,15082214,47026954,0,0,0,12288,13,3202097590
3735,31948220,15211377,47159597,1,0,0,112128,19,3279928701
3736,31949540,15228401,47177941,2,0,0,31744,5,2721343220
3737,31949970,15475966,47425936,4,0,0,7680,13,929695929
3738,31951390,15210281,47161671,9,0,0,5632,7,6976937839
3739,31961060,42518371,74479431,9,0,1,28672,7,3660434964
3740,31970790,15385131,47355921,6,0,0,48128,17,2621716631
3741,31972840,14950881,46923721,5,0,0,14336,18,110239530
3742,31990110,42863009,74853119,4,0,1,59904,13,8474197748
3743,31996200,15325355,47321555,5,0,0,223744,18,1841034511
3744,32019609,42892335,74911944,1,0,1,14336,19,6072667147
3745,32020890,15147356,47168246,6,0,0,21504,17,6275070666
3746,32028380,15131552,47159932,7,0,0,1024,15,8901105228
3747,32043400,15154111,47197511,9,0,0,11264,7,3347406517
3748,32055410,42856557,74911967,3,0,1,1536,4,7711132980
3749,32067570,42892981,74960551,3,0,1,512,4,8672794888
3750,32091420,15384928,47476348,1,0,0,47104,19,3659933276
3751,32091910,15362294,47454204,7,0,0,71168,15,8539895562
3752,32109051,15125455,47234506,3,0,0,10752,4,2393092107
3753,32109660,15231574,47341234,0,0,0,64512,13,3315277695
3754,32112470,15612808,47725278,8,0,0,62976,18,7526619030
3755,32113580,15104903,47218483,6,0,0,25600,17,10062665471
3756,32133410,15523882,47657292,7,0,0,82944,15,4738531200
3757,32133610,15278017,47411627,1,0,0,54272,19,1689145556
3758,32145260,42882734,75027994,3,0,1,31232,4,6527041862
3759,32161970,15205393,47367363,0,0,0,11264,13,1844122702
3760,32165350,15721238,47886588,5,0,0,382464,18,2481970877
3761,32171300,42856717,75028017,7,0,1,15360,15,2404702998
3762,32179770,15991486,48171256,2,0,0,26624,5,9309970724
3763,32184989,42920750,75105739,6,0,1,36864,17,3259656725
3764,32191869,42981057,75172926,1,0,1,2560,19,5405210694
3765,32195110,15536360,47731470,4,0,0,7680,13,7617877151
3766,32197100,15323703,47520803,7,0,0,18432,15,4805817657
3767,32203000,15558405,47761405,2,0,0,23040,5,9291499786
3768,32213510,15556523,47770033,2,0,0,14848,5,10062151352
3769,32216410,15338352,47554762,0,0,0,3072,13,5538552884
3770,32223140,15679296,47902436,9,0,0,3072,7,1986121160
3771,32226660,42947239,75173899,4,0,1,12800,13,7736802838
3772,32243930,15671656,47915586,4,0,0,31232,13,4747857270
3773,32250240,15486713,47736953,1,0,0,17920,19,10634577215
3774,32253560,15407420,47660980,6,0,0,4608,17,9964099036
3775,32263070,42948789,75211859,3,0,1,12288,4,9737079824
3776,32265790,15640257,47906047,8,0,0,11776,18,713704999
3777,32287610,15639559,47927169,8,0,0,37888,18,4569294696
3778,32291850,15970676,48262526,5,0,0,35840,18,7198268445
3779,32296420,15605057,47901477,0,0,0,39424,13,7107363096
3780,32304390,15585052,47889442,5,0,0,9216,18,1068294507
3781,32309360,15654892,47964252,2,0,0,68608,5,9569699408
3782,32320950,16041595,48362545,4,0,0,46592,13,6778610809
3783,32326230,42885652,75211882,7,0,1,2560,15,6852978978
3784,32332699,42879206,75211905,6,0,1,3072,17,1750492718
3785,32346950,15935122,48282072,7,0,0,38400,15,10189834933
3786,32356610,15712435,48069045,8,0,0,34816,18,3150193481
3787,32366930,15820247,48187177,5,0,0,37888,18,4973631389
3788,32385661,15542467,47928128,3,0,0,3072,4,5475112218
3789,32386920,42825008,75211928,5,0,1,7168,18,2179341629
3790,32387691,43026369,75414060,2,0,1,16384,5,6156111434
3791,32390080,15861503,48251583,2,0,0,72192,5,4448035465
3792,32390271,15924188,48314459,3,0,0,40960,4,3845201762
3793,32390420,15738222,48128642,8,0,0,24064,18,3917670252
3794,32400971,15869378,48270349,3,0,0,25600,4,4493401694
3795,32402320,16070490,48472810,5,0,0,13824,18,1719194215
3796,32409640,15687657,48097297,2,0,0,8192,5,4504660333
3797,32423480,15797537,48221017,9,0,0,13824,7,8969338964
3798,32441440,16027135,48468575,9,0,0,33280,7,5985340672
3799,32457940,42960663,75418603,3,0,1,7168,4,7005251395
3800,32460100,16193244,48653344,1,0,0,25600,19,9350331849
3801,32460911,16383186,48844097,3,0,0,86528,4,2962202316
3802,32463370,16182151,48645521,6,0,0,56320,17,6014093214
3803,32470321,16110514,48580835,3,0,0,512,4,341198202
3804,32483810,43333291,75817101,3,0,1,29184,4,6843108716
3805,32532021,16512923,49044944,3,0,0,24576,4,8165264827
3806,32533110,15859123,48392233,7,0,0,23040,15,10048842627
3807,32534511,43283051,75817562,2,0,1,10240,5,6225020248
3808,32536240,16092098,48628338,8,0,0,69632,18,3049872418
3809,32538540,15796705,48335245,7,0,0,41984,15,7063176127
3810,32541950,16371145,48913095,5,0,0,195072,18,4830564701
3811,32546020,16668969,49214989,1,0,0,45568,19,9440806308
3812,32547760,16167806,48715566,1,0,0,33280,19,3294810631
3813,32554210,16135214,48689424,1,0,0,24064,19,4178463474
3814,32569120,16375206,48944326,6,0,0,102400,17,9254266394
3815,32574740,15962287,48537027,5,0,0,3584,18,3400283824
3816,32576550,16241160,48817710,4,0,0,55808,13,2642822080
3817,32580420,16555104,49135524,0,0,0,54784,13,9667003776
3818,32583929,43357781,75941710,0,0,1,11776,13,10155051977
3819,32600930,16436434,49037364,8,0,0,246272,18,632329939
3820,32613370,16240266,48853636,2,0,0,31232,5,9581160359
3821,32624729,43454566,76079295,6,0,1,36352,17,9553692150
3822,32627930,16464484,49092414,5,0,0,109568,18,4372215200
3823,32632100,16509999,49142099,5,0,0,21504,18,5041779909
3824,32633351,16320069,48953420,3,0,0,29696,4,5381907178
3825,32633480,16322779,48956259,5,0,0,9216,18,8849558705
3826,32635280,16483529,49118809,7,0,0,86528,15,5608577299
3827,32648480,43430838,76079318,7,0,1,3072,15,935788119
3828,32653710,16655107,49308817,8,0,0,26112,18,8537373129
3829,32655260,16403747,49059007,0,0,0,46080,13,9139718681
3830,32657580,16299334,48956914,6,0,0,2048,17,10255104526
3831,32657620,43447218,76104838,5,0,1,5632,18,8603453728
3832,32662130,16685123,49347253,2,0,0,66560,5,10567331531
3833,32696510,16599706,49296216,6,0,0,9728,17,9627041522
3834,32705400,16495682,49201082,7,0,0,72704,15,5218703393
3835,32720060,43384801,76104861,7,0,1,3072,15,2472015282
3836,32735860,16431554,49167414,6,0,0,31744,17,71812048
3837,32737120,43367764,76104884,9,0,1,5632,7,10252471583
3838,32742180,16670790,49412970,8,0,0,38912,18,6997703385
3839,32744179,43360728,76104907,0,0,1,14336,13,7080403483
3840,32746690,43358240,76104930,7,0,1,2560,15,6317649939
3841,32755730,16465210,49220940,0,0,0,19456,13,8654714720
3842,32765510,16674792,49440302,1,0,0,1024,19,8116178918
3843,32767040,16745427,49512467,7,0,0,104448,15,6916030328
3844,32770739,43334214,76104953,0,0,1,4096,13,10367330504
3845,32784441,16855278,49639719,3,0,0,166400,4,3520283020
3846,32786260,16753062,49539322,8,0,0,88064,18,316843809
3847,32787710,16891835,49679545,9,0,0,35328,7,4155152586
3848,32790441,16687343,49477784,3,0,0,92672,4,3120243410
3849,32808611,16631356,49439967,3,0,0,87040,4,5987479782
3850,32810380,16834354,49644734,7,0,0,16384,15,664753004
3851,32825950,43370336,76196286,9,0,1,16896,7,5781323275
3852,32826431,43412067,76238498,2,0,1,33280,5,8749592324
3853,32828511,16651324,49479835,3,0,0,6656,4,4795617883
3854,32837330,16921490,49758820,9,0,0,54784,7,2438136752
3855,32838270,43436872,76275142,4,0,1,17920,13,8312306254
3856,32877771,16711225,49588996,3,0,0,28672,4,3159492893
3857,32890470,16763716,49654186,4,0,0,3584,13,6264640869
3858,32896240,16772518,49668758,8,0,0,17920,18,3979439270
3859,32901801,16837087,49738888,3,0,0,49152,4,5928533496
3860,32902601,43375168,76277769,2,0,1,5632,5,4519915963
3861,32908630,16815213,49723843,8,0,0,74752,18,6204565048
3862,32918050,16734195,49652245,1,0,0,24576,19,5855283032
3863,32926871,16871606,49798477,3,0,0,53760,4,1564018125
3864,32931250,43361297,76292547,3,0,1,16896,4,968329751
3865,32939091,16713980,49653071,3,0,0,2560,4,10056287963
3866,32940180,16760864,49701044,5,0,0,16896,18,5211815813
3867,32947470,17117092,50064562,8,0,0,18944,18,6444842652
3868,32949100,17252112,50201212,6,0,0,32768,17,2270007415
3869,32953770,16852530,49806300,2,0,0,25600,5,3266346093
3870,32955040,16920610,49875650,7,0,0,33792,15,8750648918
3871,32959711,17149332,50109043,3,0,0,8192,4,3970107120
3872,32961560,17029952,49991512,8,0,0,7168,18,4376581796
3873,32969100,43378233,76347333,3,0,1,8704,4,3003299671
3874,32980790,17121005,50101795,5,0,0,35328,18,4860355467
3875,32981440,16998007,49979447,2,0,0,14848,5,7977855221
3876,32982960,16920003,49902963,6,0,0,34816,17,692280444
3877,32984350,17081350,50065700,7,0,0,2048,15,6288191439
3878,32990871,17323958,50314829,3,0,0,29184,4,1289235384
3879,32993470,43355809,76349279,8,0,1,3072,18,97303746
3880,33002349,43348876,76351225,0,0,1,3072,13,4173277754
3881,33009181,16999682,50008863,3,0,0,2560,4,995603516
3882,33049670,16901722,49951392,6,0,0,48128,17,3302431148
3883,33057800,16909983,49967783,6,0,0,16896,17,1744696558
3884,33071821,16819284,49891105,3,0,0,7680,4,7637738228
3885,33081020,16984033,50065053,1,0,0,1536,19,1856949407
3886,33082280,17165983,50248263,8,0,0,41984,18,10455056066
3887,33103650,16943823,50047473,2,0,0,71680,5,9580196350
3888,33105949,43439726,76545675,1,0,1,7680,19,7802404385
3889,33127261,17104209,50231470,3,0,0,25088,4,9298384755
3890,33150380,17029837,50180217,5,0,0,54272,18,3869003346
3891,33152779,43393050,76545829,0,0,1,8704,13,7620834298
3892,33167869,43401779,76569648,6,0,1,10752,17,9372447453
3893,33168130,16834272,50002402,4,0,0,5632,13,6414912371
3894,33173960,43556196,76730156,9,0,1,1536,7,4803983559
3895,33180460,17022803,50203263,9,0,0,6656,7,1566103826
3896,33180490,17155487,50335977,4,0,0,36352,13,769404073
3897,33185900,43553012,76738912,9,0,1,2048,7,8783859077
3898,33236580,17164470,50401050,4,0,0,9728,13,10609740218
3899,33239840,17147513,50387353,5,0,0,37888,18,8261336387
3900,33244640,16913024,50157664,9,0,0,15872,7,4508905645
3901,33249820,17171931,50421751,6,0,0,28672,17,2513728041
3902,33250330,17067954,50318284,6,0,0,11264,17,1728441397
3903,33253220,17141176,50394396,6,0,0,23040,17,32998304
3904,33259690,17248914,50508604,4,0,0,27136,13,3907765235
3905,33261810,17268210,50530020,9,0,0,33280,7,3224390169
3906,33268060,17376457,50644517,5,0,0,62976,18,2365726757
3907,33289821,17066927,50356748,3,0,0,68096,4,1433498088
3908,33298090,16905352,50203442,6,0,0,512,17,8315579174
3909,33298320,43952781,77251101,7,0,1,27136,15,34986619
3910,33303980,17179108,50483088,5,0,0,15360,18,2540814657
3911,33304470,17385389,50689859,8,0,0,10752,18,10140754294
3912,33315890,44054850,77370740,4,0,1,5632,13,3716648927
3913,33321780,17285347,50607127,9,0,0,55808,7,8438668421
3914,33322280,44148384,77470664,8,0,1,11264,18,1834750341
3915,33337081,17154610,50491691,3,0,0,28160,4,8481861056
3916,33340831,17062056,50402887,3,0,0,2048,4,2755685239
3917,33342040,17321784,50663824,4,0,0,36352,13,508732122
3918,33350081,44120606,77470687,2,0,1,512,5,5604104537
3919,33350100,17586584,50936684,6,0,0,44544,17,960171365
3920,33350280,17374001,50724281,8,0,0,53248,18,4465001939
3921,33357680,17533173,50890853,9,0,0,119808,7,10386125019
3922,33361310,17536586,50897896,1,0,0,23040,19,10381725494
3923,33367921,17277185,50645106,3,0,0,1536,4,977720908
3924,33373521,17389928,50763449,3,0,0,86016,4,1062508781
3925,33386370,17432555,50818925,1,0,0,45056,19,3283206231
3926,33390001,17631848,51021849,3,0,0,83456,4,4155463679
3927,33390200,44080510,77470710,7,0,1,12288,15,7552840479
3928,33391540,17510926,50902466,8,0,0,9216,18,5009961863
3929,33407370,17492265,50899635,5,0,0,5632,18,9543554911
3930,33412470,17687463,51099933,4,0,0,12288,13,1986379099
3931,33428410,44304329,77732739,9,0,1,6656,7,6775188849
3932,33437650,17472350,50910000,8,0,0,24064,18,8075578824
3933,33444570,44454142,77898712,7,0,1,67584,15,828824687
3934,33456060,44547580,78003640,3,0,1,18944,4,3564920025
3935,33471680,44552881,78024561,9,0,1,3072,7,3311785304
3936,33471930,17757056,51228986,4,0,0,14336,13,4788010858
3937,33476100,17933487,51409587,6,0,0,51200,17,2996176398
3938,33483580,17419065,50902645,6,0,0,512,17,537833931
3939,33486330,44583145,78069475,4,0,1,20992,13,7147736580
3940,33493030,17530558,51023588,2,0,0,5632,5,3933435095
3941,33493520,17555519,51049039,5,0,0,83456,18,2532304774
3942,33494360,44655031,78149391,9,0,1,8192,7,7037903760
3943,33500510,17828166,51328676,6,0,0,68096,17,5723116912
3944,33506560,17798936,51305496,8,0,0,116736,18,1142160443
3945,33533089,44841711,78374800,0,0,1,33280,13,6593113185
3946,33536480,17714392,51250872,8,0,0,1024,18,7159616214
3947,33546350,44953506,78499856,5,0,1,41472,18,9998154478
3948,33546450,18000377,51546827,9,0,0,69632,7,10235868683
3949,33574110,17733795,51307905,1,0,0,7680,19,7826264768
3950,33595030,17674875,51269905,7,0,0,19456,15,3606558960
3951,33597560,17652977,51250537,8,0,0,70656,18,1816330727
3952,33603131,17462586,51065717,3,0,0,12800,4,9949755532
3953,33608720,44905557,78514277,7,0,1,11776,15,6472512400
3954,33614530,44899770,78514300,3,0,1,7168,4,8113356798
3955,33617230,18145671,51762901,2,0,0,162816,5,3433336182
3956,33625520,44972448,78597968,7,0,1,21504,15,10543210584
3957,33632899,45085100,78717999,0,0,1,7680,13,10511908396
3958,33635540,17831983,51467523,8,0,0,16384,18,1522543044
3959,33636810,17911600,51548410,8,0,0,5120,18,3749038475
3960,33645690,17982458,51628148,7,0,0,48640,15,3338184501
3961,33654760,45063278,78718038,5,0,1,1024,18,3417967511
3962,33656070,17976001,51632071,2,0,0,12800,5,8381600267
3963,33658360,18149983,51808343,8,0,0,88576,18,7127351870
3964,33659370,18156515,51815885,7,0,0,6144,15,922623427
3965,33660441,45057620,78718061,2,0,1,4096,5,8786477517
3966,33667990,18045280,51713270,9,0,0,76288,7,7439565050
3967,33675180,18193443,51868623,6,0,0,36352,17,2878513246
3968,33685651,17876914,51562565,3,0,0,36352,4,9951220116
3969,33686180,17972126,51658306,8,0,0,1024,18,4430794951
3970,33689320,18153535,51842855,4,0,0,1024,13,10381614787
3971,33690190,18091142,51781332,7,0,0,60416,15,3290734480
3972,33710620,18103370,51813990,6,0,0,18432,17,1133161449
3973,33717820,18249408,51967228,8,0,0,32768,18,5773030698
3974,33720160,17926733,51646893,2,0,0,4608,5,2855379339
3975,33723451,18098895,51822346,3,0,0,17408,4,6898417164
3976,33727841,18125193,51853034,3,0,0,17408,4,3615475490
3977,33746461,44991614,78738075,2,0,1,7680,5,5927633655
3978,33748410,18126895,51875305,7,0,0,2560,15,5593242631
3979,33748660,18093860,51842520,6,0,0,7168,17,667377314
3980,33756790,18167863,51924653,9,0,0,25600,7,3594528691
3981,33761259,44998398,78759657,6,0,1,2560,17,5318506176
3982,33774610,18268707,52043317,5,0,0,31744,18,745810807
3983,33777310,18195401,51972711,5,0,0,17920,18,291315204
3984,33788160,18245421,52033581,8,0,0,11776,18,2363849904
3985,33801820,18655415,52457235,1,0,0,66560,19,6491956401
3986,33804880,18670653,52475533,6,0,0,45056,17,7058177455
3987,33814700,44954831,78769531,4,0,1,3072,13,10043670588
3988,33821251,18135970,51957221,3,0,0,18944,4,8230711685
3989,33822279,45022605,78844884,0,0,1,47616,13,8905702252
3990,33824390,18104800,51929190,9,0,0,2048,7,10512838739
3991,33849570,18302166,52151736,9,0,0,4608,7,177646367
3992,33851620,18262655,52114275,5,0,0,48640,18,3875018395
3993,33874850,18242724,52117574,6,0,0,10752,17,3892518793
3994,33879459,44965448,78844907,0,0,1,3072,13,2621603859
3995,33893710,44970306,78864016,4,0,1,24064,13,9082350036
3996,33893850,18339000,52232850,2,0,0,80384,5,10633732200
3997,33908910,18139266,52048176,8,0,0,15872,18,6879475563
3998,33910570,44953469,78864039,3,0,1,512,4,2363240570
3999,33912700,18458389,52371089,7,0,0,74752,15,161324736
4000,33916160,44948565,78864725,5,0,1,13824,18,6750751444
4001,33944670,18249024,52193694,9,0,0,8192,7,8272894558
4002,33949520,18362636,52312156,1,0,0,7168,19,6769957480
4003,33954750,18615580,52570330,7,0,0,28672,15,9980295609
4004,33957840,18654841,52612681,5,0,0,25088,18,8751567612
4005,33971490,18732705,52704195,8,0,0,82944,18,9242331809
4006,33974201,44896514,78870715,2,0,1,18432,5,7344883901
4007,33978110,18511486,52489596,5,0,0,46080,18,9061144797
4008,33990260,18471522,52461782,2,0,0,14848,5,2759277868
4009,33991109,44912809,78903918,0,0,1,33280,13,7000723531
4010,34002519,44938931,78941450,6,0,1,4096,17,5311387391
4011,34013961,44927512,78941473,2,0,1,2560,5,7654724035
4012,34014630,18664270,52678900,8,0,0,15872,18,7525314742
4013,34027470,18904536,52932006,2,0,0,70144,5,5809338666
4014,34034300,18456567,52490867,5,0,0,4096,18,805781531
4015,34050851,44890645,78941496,2,0,1,3072,5,1673993214
4016,34057560,18726486,52784046,2,0,0,60416,5,7702515559
4017,34065490,18513804,52579294,8,0,0,7680,18,2330848213
4018,34080420,44861099,78941519,5,0,1,23040,18,4410060675
4019,34099240,18777979,52877219,4,0,0,34304,13,1260233390
4020,34103000,18734971,52837971,2,0,0,5120,5,6463179625
4021,34115070,18489088,52604158,9,0,0,3072,7,8226787742
4022,34115910,44825632,78941542,9,0,1,10752,7,4282659063
4023,34119810,18929255,53049065,7,0,0,52736,15,5691207833
4024,34120370,18943105,53063475,6,0,0,19456,17,7459965616
4025,34133201,18580689,52713890,3,0,0,31744,4,10295836556
4026,34134740,18868653,53003393,7,0,0,19456,15,1921310144
4027,34135849,44923746,79059595,1,0,1,14848,19,9185554579
4028,34153080,18564981,52718061,5,0,0,13312,18,7020377867
4029,34166300,44893318,79059618,3,0,1,512,4,6591594491
4030,34166631,18774602,52941233,3,0,0,30208,4,7470224925
4031,34172810,18560867,52733677,2,0,0,1536,5,3855283201
4032,34180820,18766194,52947014,4,0,0,15360,13,2348689445
4033,34188750,19013127,53201877,0,0,0,70144,13,1788565999
4034,34213900,18768543,52982443,8,0,0,94720,18,5298888628
4035,34231580,18833322,53064902,8,0,0,4608,18,9386136411
4036,34243000,18754442,52997442,4,0,0,49152,13,11902186
4037,34252119,44807522,79059641,1,0,1,4096,19,3232859886
4038,34255530,44922365,79177895,3,0,1,9216,4,10522556396
4039,34257061,44920857,79177918,2,0,1,4608,5,9973125964
4040,34271719,44976334,79248053,6,0,1,22528,17,49131916
4041,34275280,18896732,53172012,6,0,0,59392,17,10491174147
4042,34275461,45342605,79618066,2,0,1,4096,5,8144787551
4043,34278650,19049789,53328439,1,0,0,67584,19,1865056716
4044,34282310,45340582,79622892,7,0,1,7680,15,10422670211
4045,34283920,18846043,53129963,8,0,0,16896,18,8119660400
4046,34294920,18947094,53242014,4,0,0,10752,13,6975755071
4047,34297710,19208824,53506534,8,0,0,68096,18,10423283028
4048,34305820,18930770,53236590,2,0,0,16384,5,2716667142
4049,34310050,18870432,53180482,9,0,0,27648,7,8002768998
4050,34311420,19138862,53450282,5,0,0,13824,18,6820990221
4051,34315870,18817825,53133695,9,0,0,11776,7,8252816055
4052,34339770,18751369,53091139,7,0,0,35840,15,5803697600
4053,34342471,19288114,53630585,3,0,0,19968,4,9086019537
4054,34360331,18998315,53358646,3,0,0,32256,4,9367621210
4055,34371620,45438850,79810470,7,0,1,9216,15,8149594909
4056,34373920,18932860,53306780,2,0,0,17408,5,4405893707
4057,34381080,19010019,53391099,9,0,0,20992,7,2209581432
4058,34399960,45600187,80000147,3,0,1,33280,4,1548485181
4059,34414090,18848334,53262424,7,0,0,25088,15,230643276
4060,34414310,18887143,53301453,6,0,0,23552,17,2839953347
4061,34424850,19169481,53594331,1,0,0,18432,19,5424300759
4062,34438080,18957264,53395344,5,0,0,512,18,9504408801
4063,34446170,18938510,53384680,8,0,0,14848,18,1626093189
4064,34468490,18903395,53371885,4,0,0,24576,13,4319336159
4065,34476910,19147568,53624478,2,0,0,42496,5,10281911782
4066,34485131,19222072,53707203,3,0,0,23040,4,1374301163
4067,34485520,19362330,53847850,6,0,0,1536,17,8926025604
4068,34490210,19098482,53588692,1,0,0,89600,19,7271181634
4069,34503700,45583337,80087037,8,0,1,6144,18,10181232104
4070,34516810,19293697,53810507,2,0,0,49664,5,7363862383
4071,34520090,19679984,54200074,9,0,0,27136,7,4600324944
4072,34521610,19572977,54094587,6,0,0,2560,17,6652762202
4073,34534650,19195934,53730584,0,0,0,63488,13,10319167468
4074,34535410,19017166,53552576,2,0,0,71168,5,2979008159
4075,34545370,19095846,53641216,8,0,0,34816,18,8529354826
4076,34575931,18934214,53510145,3,0,0,11776,4,7142428842
4077,34584860,19176628,53761488,9,0,0,68608,7,6612963900
4078,34590230,19185477,53775707,4,0,0,31232,13,1506378394
4079,34595071,19055528,53650599,3,0,0,30720,4,958133678
4080,34605280,19077796,53683076,6,0,0,14848,17,820664925
4081,34606710,19127664,53734374,8,0,0,12288,18,3173460787
4082,34614660,19637020,54251680,8,0,0,18944,18,6309152845
4083,34617790,19538408,54156198,1,0,0,45568,19,2124838025
4084,34629620,19063061,53692681,8,0,0,12288,18,9070744096
4085,34633190,19283761,53916951,1,0,0,1536,19,3094355836
4086,34634740,19194257,53828997,9,0,0,21504,7,9889426008
4087,34636770,19256816,53893586,6,0,0,17920,17,10568438037
4088,34646270,45466111,80112381,8,0,1,15872,18,4775124669
4089,34646790,19220727,53867517,4,0,0,16384,13,10217174560
4090,34648620,20025744,54674364,5,0,0,145920,18,2550662300
4091,34659130,19669062,54328192,1,0,0,79872,19,3837055091
4092,34662960,19384979,54047939,9,0,0,17408,7,2819309874
4093,34674320,19294814,53969134,4,0,0,9216,13,9787928208
4094,34702050,45555738,80257788,5,0,1,6144,18,3336634147
4095,34713510,19411948,54125458,7,0,0,63488,15,5748868744
4096,34714060,19817283,54531343,7,0,0,46080,15,8066165352
4097,34714600,19802680,54517280,9,0,0,10240,7,9451338629
4098,34714830,19206729,53921559,7,0,0,1536,15,10041633893
4099,34731970,20009624,54741594,4,0,0,28672,13,8489668435
4100,34742711,19387629,54130340,3,0,0,1536,4,10097286046
4101,34751890,19579757,54331647,6,0,0,11264,17,1338279607
4102,34765200,19364649,54129849,7,0,0,14336,15,2355355385
4103,34774310,19663144,54437454,7,0,0,64512,15,126455360
4104,34776330,45502271,80278601,8,0,1,5632,18,8958965676
4105,34779490,19192319,53971809,2,0,0,8704,5,1526372458
4106,34798540,19376080,54174620,7,0,0,48640,15,9488612553
4107,34808710,19257586,54066296,9,0,0,23040,7,6702948547
4108,34828990,19685147,54514137,9,0,0,88576,7,8933111278
4109,34837510,19647927,54485437,8,0,0,56832,18,3515679470
4110,34852500,19686602,54539102,8,0,0,6144,18,8555614738
4111,34868050,19993688,54861738,7,0,0,49152,15,3675729697
4112,34868539,45886433,80754972,1,0,1,68096,19,5817501730
4113,34874550,19402991,54277541,5,0,0,21504,18,5712892221
4114,34883190,19406073,54289263,7,0,0,27648,15,1676766433
4115,34897350,19442703,54340053,5,0,0,3584,18,9095309229
4116,34901480,19470842,54372322,6,0,0,25600,17,2002752086
4117,34906770,19506798,54413568,7,0,0,22016,15,1624411938
4118,34922951,19380882,54303833,3,0,0,27648,4,10301259395
4119,34927410,19411482,54338892,1,0,0,23552,19,8610635941
4120,34941929,46090379,81032308,1,0,1,98304,19,4611258371
4121,34953800,19617274,54571074,4,0,0,13312,13,3493643975
4122,34961300,46071031,81032331,3,0,1,1536,4,728504026
4123,34964620,46067734,81032354,8,0,1,10240,18,2793425048
4124,34975001,19775215,54750216,3,0,0,15360,4,3779944136
4125,34978190,19437273,54415463,7,0,0,6144,15,10318889604
4126,34991430,19545754,54537184,2,0,0,17920,5,144654541
4127,35004690,46027687,81032377,4,0,1,3072,13,471245200
4128,35012050,19519628,54531678,7,0,0,1024,15,4044443417
4129,35025550,19521063,54546613,6,0,0,24576,17,4144867516
4130,35033090,19771243,54804333,8,0,0,3072,18,10569064285
4131,35035660,19311403,54347063,9,0,0,2048,7,328474023
4132,35043490,46036472,81079962,3,0,1,42496,4,5505232313
4133,35044790,46042254,81087044,5,0,1,6656,18,1959033582
4134,35048530,19393580,54442110,5,0,0,8704,18,6638586454
4135,35051999,46057711,81109710,0,0,1,4096,13,6355653184
4136,35058190,19956693,55014883,0,0,0,63488,13,10304947231
4137,35059480,19955894,55015374,7,0,0,1536,15,9588980471
4138,35062750,19855143,54917893,4,0,0,75264,13,8976929005
4139,35063570,19623838,54687408,6,0,0,19456,17,7458912658
4140,35066410,46065506,81131916,9,0,1,3072,7,7344566910
4141,35071220,19661615,54732835,7,0,0,23552,15,8050057486
4142,35082730,46049209,81131939,8,0,1,13312,18,9083158632
4143,35088431,19354170,54442601,3,0,0,1536,4,10037548670
4144,35091340,19538541,54629881,9,0,0,54784,7,9817132217
4145,35099400,20055184,55154584,2,0,0,41984,5,3010013245
4146,35101840,19744899,54846739,4,0,0,74752,13,3087417283
4147,35106180,20019786,55125966,0,0,0,5632,13,4491367608
4148,35115140,46053933,81169073,4,0,1,20480,13,8447785441
4149,35120540,19847923,54968463,1,0,0,46592,19,3125156105
4150,35133920,19990284,55124204,6,0,0,125952,17,5679337583
4151,35144860,46024236,81169096,7,0,1,8704,15,4989123922
4152,35150620,19556846,54707466,8,0,0,15360,18,7161852601
4153,35175490,19752722,54928212,6,0,0,33792,17,9557436064
4154,35179450,19962295,55141745,8,0,0,51712,18,705850429
4155,35179500,19704881,54884381,9,0,0,74240,7,8513911161
4156,35179644,19906161,55085805,4,0,0,37376,13,5391117378
4157,35181799,46022006,81203805,6,0,1,512,17,9790360621
4158,35183790,20022045,55205835,7,0,0,11776,15,3971739511
4159,35183960,20623652,55807612,1,0,0,61440,19,3856856090
4160,35188650,20191315,55379965,7,0,0,3072,15,6758475388
4161,35191030,20796147,55987177,7,0,0,43520,15,300146520
4162,35195521,46009274,81204795,2,0,1,23040,5,2012185164
4163,35207760,46074979,81282739,9,0,1,8192,7,9091330057
4164,35212810,20550572,55763382,4,0,0,675328,13,6955262004
4165,35213600,20706353,55919953,4,0,0,45056,13,6477189730
4166,35218450,20085542,55303992,2,0,0,4096,5,5735189048
4167,35247140,46038773,81285913,4,0,1,39936,13,2579033920
4168,35251930,20165200,55417130,1,0,0,60416,19,9083529892
4169,35254821,46053047,81307868,2,0,1,512,5,8267961759
4170,35258289,46049602,81307891,0,0,1,1536,13,9830922653
4171,35258320,20521915,55780235,5,0,0,22528,18,8374941983
4172,35260710,20023397,55284107,4,0,0,47104,13,4769436513
4173,35265770,19954942,55220712,4,0,0,512,13,10192186785
4174,35274570,20266521,55541091,7,0,0,3072,15,4180255908
4175,35286250,20016471,55302721,5,0,0,23552,18,7327816682
4176,35295530,19990012,55285542,8,0,0,4608,18,1451994785
4177,35307050,20057962,55365012,5,0,0,5120,18,4484791122
4178,35309460,20052330,55361790,5,0,0,8704,18,994907567
4179,35326800,20063724,55390524,6,0,0,12288,17,3401543973
4180,35336000,20505643,55841643,9,0,0,111616,7,9880945250
4181,35338200,45969714,81307914,7,0,1,2560,15,5386026347
4182,35344920,19924766,55269686,4,0,0,59904,13,5921452998
4183,35349070,20049629,55398699,1,0,0,17408,19,132457825
4184,35357460,20505757,55863217,7,0,0,50176,15,10633882072
4185,35358150,45949787,81307937,5,0,1,12800,18,1290370857
4186,35365161,45942799,81307960,2,0,1,12288,5,8512511227
4187,35365670,20623425,55989095,1,0,0,6144,19,45416280
4188,35379490,45934951,81314441,5,0,1,5632,18,5780423101
4189,35390151,19946151,55336302,3,0,0,10752,4,9714279577
4190,35395230,20532390,55927620,1,0,0,25088,19,5359928420
4191,35401540,45912924,81314464,8,0,1,14336,18,5040299135
4192,35402740,19926865,55329605,8,0,0,11264,18,1680352796
4193,35410860,20094425,55505285,9,0,0,32256,7,6699125953
4194,35415550,20356371,55771921,7,0,0,3584,15,154885703
4195,35416450,20123659,55540109,9,0,0,32256,7,4418365450
4196,35425760,45888727,81314487,3,0,1,13824,4,3692233708
4197,35428630,45904495,81333125,5,0,1,28672,18,6734323226
4198,35430710,45915430,81346140,7,0,1,11264,15,6945140056
4199,35431120,19874570,55305690,2,0,0,1024,5,8261487546
4200,35433580,20337226,55770806,2,0,0,1536,5,10539333186
4201,35435310,20330747,55766057,9,0,0,8704,7,873442223
4202,35442160,45907848,81350008,3,0,1,2048,4,2151796486
4203,35459170,20023137,55482307,5,0,0,5120,18,1819307143
4204,35459569,45919806,81379375,1,0,1,17920,19,5319451919
4205,35480681,20425513,55906194,3,0,0,93184,4,4170960294
4206,35483800,20282904,55766704,4,0,0,2048,13,2844596011
4207,35485650,20299920,55785570,4,0,0,17408,13,7604160356
4208,35489129,45954818,81443947,0,0,1,12288,13,8044150907
4209,35490670,20034629,55525299,5,0,0,24576,18,910868550
4210,35496530,45982568,81479098,7,0,1,23040,15,2478606476
4211,35509900,20260415,55770315,8,0,0,11776,18,5333232145
4212,35513590,20475840,55989430,4,0,0,1024,13,3085090040
4213,35514000,20459894,55973894,9,0,0,66048,7,7954998588
4214,35516200,20361579,55877779,4,0,0,34816,13,7016932439
4215,35521660,20501771,56023431,7,0,0,6656,15,9539202418
4216,35523410,20343730,55867140,2,0,0,12800,5,8999007236
4217,35533450,20409190,55942640,2,0,0,21504,5,7514825734
4218,35544410,20390650,55935060,4,0,0,20480,13,4303310695
4219,35546120,20301786,55847906,1,0,0,20480,19,3753311901
4220,35547541,20406198,55953739,3,0,0,36352,4,534548168
4221,35562780,20373285,55936065,2,0,0,3072,5,6446538160
4222,35572750,20216119,55788869,4,0,0,10752,13,3315874876
4223,35572830,20544441,56117271,4,0,0,64512,13,4159945817
4224,35574090,20354645,55928735,6,0,0,3584,17,9534288082
4225,35586300,20187048,55773348,6,0,0,4608,17,4348487091
4226,35591070,45907061,81498131,9,0,1,11776,7,3852425668
4227,35592180,45931566,81523746,4,0,1,1536,13,1530659971
4228,35595200,20667537,56262737,5,0,0,53248,18,2336424104
4229,35601379,48465577,84066956,1,0,1,393216,19,6043856339
4230,35610009,48553921,84163930,1,0,1,66048,19,3443387318
4231,35618080,20673251,56291331,4,0,0,57344,13,191526562
4232,35627210,20825889,56453099,9,0,0,122368,7,8773511044
4233,35631100,48549435,84180535,3,0,1,20480,4,2518129452
4234,35637740,20482720,56120460,7,0,0,2048,15,2328442873
4235,35656620,20342070,55998690,8,0,0,4608,18,9160466727
4236,35663720,20465276,56128996,8,0,0,22016,18,740937129
4237,35663770,20516928,56180698,2,0,0,34304,5,6139088743
4238,35690660,48496785,84187445,4,0,1,4096,13,7238080191
4239,35706150,20958077,56664227,1,0,0,26624,19,6791011013
4240,35708380,20389212,56097592,6,0,0,39936,17,8595933366
4241,35721650,20398140,56119790,4,0,0,8192,13,7606221765
4242,35725640,48478231,84203871,4,0,1,10240,13,9054435721
4243,35729831,21741916,57471747,3,0,0,70656,4,4596072927
4244,35732111,48471783,84203894,2,0,1,14848,5,1838889419
4245,35733170,20500849,56234019,4,0,0,25088,13,4175000668
4246,35738150,20741554,56479704,1,0,0,17920,19,956046643
4247,35758999,48444918,84203917,6,0,1,19968,17,7877202651
4248,35767910,20555771,56323681,1,0,0,21504,19,8121133239
4249,35774229,48429711,84203940,6,0,1,4608,17,2818653781
4250,35775560,20412025,56187585,0,0,0,22528,13,2850870854
4251,35783980,20489856,56273836,4,0,0,36352,13,2364249123
4252,35810269,48393694,84203963,1,0,1,26112,19,10681809886
4253,35842360,20288398,56130758,4,0,0,5632,13,3069078587
4254,35845701,48358285,84203986,2,0,1,4608,5,2228898756
4255,35854870,20968664,56823534,4,0,0,77824,13,1898054621
4256,35855779,48348230,84204009,0,0,1,4096,13,8142918175
4257,35875520,48328512,84204032,9,0,1,9216,7,3130953724
4258,35877930,21807712,57685642,4,0,0,33792,13,2867718351
4259,35880900,20817001,56697901,1,0,0,5632,19,2634768656
4260,35887131,20970746,56857877,3,0,0,112640,4,1500905028
4261,35900870,21231696,57132566,6,0,0,24576,17,10733003958
4262,35915170,20884613,56799783,4,0,0,84480,13,7328607688
4263,35915460,48288595,84204055,3,0,1,3072,4,10658178756
4264,35925240,20387503,56312743,7,0,0,10240,15,5730321929
4265,35929910,20604545,56534455,2,0,0,9728,5,1077319427
4266,35935771,20564681,56500452,3,0,0,20480,4,7291237666
4267,35954040,20799523,56753563,5,0,0,6144,18,1202337434
4268,35970830,20680889,56651719,8,0,0,126464,18,3318340038
4269,35977540,20258218,56235758,7,0,0,5632,15,8901670533
4270,35982740,20758742,56741482,1,0,0,92672,19,575488597
4271,35991470,20929811,56921281,9,0,0,66048,7,6536696725
4272,35991701,20696792,56688493,3,0,0,30208,4,6388274670
4273,36002320,20989223,56991543,7,0,0,5120,15,8895677627
4274,36008130,20680854,56688984,4,0,0,1536,13,6118610263
4275,36010360,20732549,56742909,8,0,0,4608,18,929705275
4276,36019670,20731998,56751668,6,0,0,28672,17,7248403702
4277,36019830,20570914,56590744,6,0,0,26624,17,2232305782
4278,36020640,21080624,57101264,5,0,0,39424,18,845701340
4279,36040420,48163658,84204078,8,0,1,11264,18,3269931813
4280,36062590,21761490,57824080,4,0,0,57344,13,943506372
4281,36078270,20983189,57061459,8,0,0,69120,18,4105753322
4282,36085650,20799893,56885543,9,0,0,74240,7,2994754109
4283,36088740,48115361,84204101,5,0,1,4608,18,1842262242
4284,36089060,20366402,56455462,5,0,0,7680,18,2195230891
4285,36101340,48112791,84214131,3,0,1,4096,4,10139925870
4286,36111550,21057126,57168676,1,0,0,5120,19,5488203510
4287,36117930,20492453,56610383,9,0,0,3072,7,5572478364
4288,36125820,21358430,57484250,0,0,0,40960,13,1693892835
4289,36143161,20936799,57079960,3,0,0,25600,4,4756662343
4290,36152160,20734894,56887054,5,0,0,3584,18,163691128
4291,36153300,21107760,57261060,4,0,0,37888,13,7717595157
4292,36156690,20617330,56774020,6,0,0,14336,17,9563560742
4293,36159370,21132074,57291444,1,0,0,31744,19,7615963092
4294,36160140,20507074,56667214,0,0,0,9728,13,7292248713
4295,36162101,21111315,57273416,3,0,0,35840,4,1958372695
4296,36173090,20867286,57040376,9,0,0,15872,7,5040012818
4297,36174800,20815160,56989960,5,0,0,27648,18,8939184218
4298,36183370,20885920,57069290,4,0,0,25600,13,5975386076
4299,36183899,48030263,84214162,0,0,1,14336,13,4150935119
4300,36203180,20659712,56862892,5,0,0,16384,18,9435900272
4301,36204880,21002575,57207455,6,0,0,8192,17,4529277035
4302,36209740,21344254,57553994,9,0,0,107008,7,7728623692
4303,36210140,21127994,57338134,1,0,0,28160,19,6407117142
4304,36210970,21158011,57368981,1,0,0,29696,19,2206936360
4305,36213689,48000496,84214185,0,0,1,4608,13,4195806099
4306,36224560,47989648,84214208,8,0,1,9728,18,1151469823
4307,36234959,49078357,85313316,1,0,1,386560,19,8088271215
4308,36237260,21122650,57359910,9,0,0,30208,7,7875624848
4309,36259350,21798767,58058117,5,0,0,24064,18,9365471157
4310,36262510,20880460,57142970,5,0,0,2048,18,9880026187
4311,36274170,21776592,58050762,9,0,0,15872,7,2751000774
4312,36274711,20669274,56943985,3,0,0,4608,4,2657161388
4313,36276830,21096409,57373239,7,0,0,13824,15,2472924802
4314,36283180,20651856,56935036,1,0,0,8704,19,2105661539
4315,36291361,21202584,57493945,3,0,0,31744,4,1765754048
4316,36321070,21422391,57743461,4,0,0,130048,13,4475752273
4317,36321980,48994562,85316542,8,0,1,5120,18,4556274571
4318,36327939,49021717,85349656,0,0,1,7680,13,2305598285
4319,36332820,21605443,57938263,2,0,0,89600,5,8278974831
4320,36338860,21223269,57562129,8,0,0,26624,18,3195482631
4321,36361920,49010730,85372650,7,0,1,12800,15,8587209844
4322,36364630,21293487,57658117,1,0,0,11264,19,3808169437
4323,36368190,21307133,57675323,6,0,0,35840,17,1218547785
4324,36370539,49125817,85496356,0,0,1,31744,13,8528486396
4325,36392210,21194723,57586933,4,0,0,30208,13,5848141833
4326,36392820,49104050,85496870,5,0,1,4608,18,8791957264
4327,36406800,21114567,57521367,8,0,0,6656,18,10708418275
4328,36408210,21637693,58045903,4,0,0,106496,13,3690573142
4329,36416649,49106388,85523037,6,0,1,26624,17,1324284181
4330,36435570,21228810,57664380,2,0,0,20480,5,3733406236
4331,36436929,49086139,85523068,6,0,1,8704,17,2993751381
4332,36463840,21719058,58182898,8,0,0,38400,18,9368487832
4333,36466361,21408893,57875254,3,0,0,38400,4,3642120827
4334,36484320,21634449,58118769,6,0,0,14848,17,9659285945
4335,36494500,21281322,57775822,8,0,0,29696,18,8332993664
4336,36508660,21342463,57851123,6,0,0,32256,17,10552404841
4337,36508680,20995155,57503835,6,0,0,8192,17,5456126140
4338,36515360,21450070,57965430,5,0,0,70656,18,3864564814
4339,36526030,21659385,58185415,1,0,0,2560,19,2443237052
4340,36528241,20973067,57501308,3,0,0,24064,4,8789519141
4341,36528471,21235605,57764076,3,0,0,67584,4,4126272609
4342,36532070,21843695,58375765,9,0,0,167424,7,2290752905
4343,36538780,21551373,58090153,6,0,0,69120,17,1573698761
4344,36547460,21548020,58095480,8,0,0,17408,18,4042150719
4345,36550651,21254458,57805109,3,0,0,84992,4,6409900445
4346,36553030,48982876,85535906,7,0,1,9728,15,2320968906
4347,36558050,21208701,57766751,4,0,0,8704,13,2507441705
4348,36559819,49059389,85619208,6,0,1,23552,17,8577918838
4349,36570580,20942085,57512665,9,0,0,13312,7,1475272713
4350,36575630,49046588,85622218,9,0,1,30208,7,8844545885
4351,36576641,21537581,58114222,3,0,0,49152,4,9109418069
4352,36578490,21856264,58434754,5,0,0,46080,18,5388261799
4353,36578790,21121955,57700745,6,0,0,18944,17,742394447
4354,36578800,21859588,58438388,9,0,0,4608,7,9073826020
4355,36579610,21884337,58463947,6,0,0,32256,17,8337219031
4356,36581599,49443676,86025275,1,0,1,116224,19,61353453
4357,36586160,21720616,58306776,6,0,0,3072,17,8620119278
4358,36592570,49498818,86091388,8,0,1,22016,18,1100921144
4359,36612500,49519451,86131951,8,0,1,4608,18,1624463930
4360,36628290,22102000,58730290,5,0,0,31744,18,5430001540
4361,36642470,49612042,86254512,8,0,1,2048,18,2537950345
4362,36651811,21733539,58385350,3,0,0,1024,4,9511019906
4363,36671970,49585448,86257418,3,0,1,4608,4,5613583603
4364,36708481,21070709,57779190,3,0,0,6144,4,3874908127
4365,36719330,21057919,57777249,6,0,0,4608,17,8421416502
4366,36720370,22183162,58903532,9,0,0,36352,7,5033246606
4367,36743409,49646857,86390266,1,0,1,66560,19,7263217541
4368,36747610,21473669,58221279,2,0,0,62976,5,7801442608
4369,36748790,21557027,58305817,9,0,0,23552,7,2061380012
4370,36759140,22358368,59117508,1,0,0,44544,19,4536008607
4371,36764690,21113072,57877762,1,0,0,512,19,7835338229
4372,36765541,22370171,59135712,3,0,0,28672,4,4406957973
4373,36775281,21816093,58591374,3,0,0,2560,4,4100781170
4374,36783270,21631172,58414442,2,0,0,22528,5,4231816533
4375,36794550,21214451,58009001,4,0,0,13824,13,6768201186
4376,36808970,21719596,58528566,5,0,0,11776,18,5278271607
4377,36818140,21835453,58653593,6,0,0,51200,17,9001915568
4378,36819040,21347629,58166669,1,0,0,10752,19,7277486182
4379,36835039,49560373,86395412,6,0,1,8192,17,7912062755
4380,36849781,21210075,58059856,3,0,0,5632,4,8812793719
4381,36853990,21582971,58436961,9,0,0,7168,7,631903844
4382,36855860,21529155,58385015,4,0,0,27648,13,3501600659
4383,36869350,21390692,58260042,9,0,0,6144,7,10596840195
4384,36875130,21363268,58238398,8,0,0,15872,18,1939095138
4385,36886410,21310813,58197223,8,0,0,31232,18,9777264346
4386,36886520,21521035,58407555,1,0,0,72192,19,9567265
4387,36888210,22075078,58963288,6,0,0,7680,17,8385977213
4388,36890870,22413360,59304230,1,0,0,17408,19,1945495007
4389,36898200,22250015,59148215,9,0,0,40960,7,5568065368
4390,36898330,21331240,58229570,6,0,0,27136,17,5356601653
4391,36921699,49599136,86520835,0,0,1,4608,13,3520170658
4392,36923880,22704066,59627946,4,0,0,77824,13,1175869302
4393,36925190,21361504,58286694,8,0,0,23040,18,298274578
4394,36940240,21584715,58524955,5,0,0,71168,18,7940571540
4395,36940540,21634437,58574977,2,0,0,63488,5,3301520696
4396,36943660,22341929,59285589,4,0,0,17920,13,7391789663
4397,36948160,49572698,86520858,7,0,1,9216,15,551402859
4398,36953531,21767064,58720595,3,0,0,17920,4,4190107333
4399,36960300,22235887,59196187,6,0,0,18944,17,10115854990
4400,36962950,21413618,58376568,5,0,0,2560,18,427616063
4401,36971770,21604478,58576248,2,0,0,4096,5,8456651539
4402,36972850,21582760,58555610,1,0,0,38400,19,4635285723
4403,36976380,49545936,86522316,8,0,1,18432,18,8745691784
4404,36978470,21601328,58579798,1,0,0,7680,19,6545384856
4405,36981250,21752807,58734057,2,0,0,12288,5,5000789141
4406,37013540,22376602,59390142,1,0,0,14848,19,3756491482
4407,37020861,21930421,58951282,3,0,0,18944,4,8419563138
4408,37041190,21455029,58496219,4,0,0,5120,13,6171822164
4409,37044190,21633414,58677604,4,0,0,77824,13,4475833620
4410,37050721,49478357,86529078,2,0,1,2048,5,238002306
4411,37053130,49475971,86529101,3,0,1,9216,4,1356511617
4412,37068830,22664403,59733233,8,0,0,9216,18,5423346048
4413,37079290,22237973,59317263,5,0,0,42496,18,4579155331
4414,37093310,21677782,58771092,5,0,0,61952,18,9943933950
4415,37097010,21787226,58884236,4,0,0,47616,13,846938294
4416,37105460,49573440,86678900,7,0,1,11776,15,9623210570
4417,37106130,22192765,59298895,4,0,0,43520,13,8218445893
4418,37107960,49570963,86678923,3,0,1,3584,4,4387305489
4419,37117990,21560417,58678407,5,0,0,2560,18,5319202388
4420,37125000,21959422,59084422,1,0,0,20992,19,8228632212
4421,37125911,21762092,58888003,3,0,0,12288,4,2089549139
4422,37127460,22379605,59507065,2,0,0,3072,5,8137933274
4423,37133620,22202416,59336036,9,0,0,44544,7,6432760961
4424,37136120,49542826,86678946,8,0,1,6144,18,5093385777
4425,37140530,21804957,58945487,2,0,0,30208,5,8777398372
4426,37142240,21901465,59043705,9,0,0,28160,7,1482886341
4427,37149051,22131032,59280083,3,0,0,120320,4,9263373909
4428,37157340,22581275,59738615,1,0,0,2048,19,3696825485
4429,37180889,49546202,86727091,0,0,1,25088,13,4175328199
4430,37181410,22005187,59186597,0,0,0,41472,13,2471642000
4431,37183470,21802445,58985915,2,0,0,36864,5,9017854253
4432,37188730,22208289,59397019,8,0,0,20480,18,3834216070
4433,37199001,22666421,59865422,3,0,0,72192,4,2343739407
4434,37221300,49580298,86801598,9,0,1,2048,7,4301385583
4435,37226960,22212589,59439549,8,0,0,45568,18,2476002625
4436,37229980,22108130,59338110,5,0,0,6656,18,5315134612
4437,37238050,49564009,86802059,5,0,1,10240,18,8774315969
4438,37238130,21666205,58904335,2,0,0,2560,5,4708171120
4439,37241280,21926378,59167658,5,0,0,62464,18,5148985045
4440,37242421,49574521,86816942,2,0,1,12800,5,5954701009
4441,37257290,22552319,59809609,9,0,0,35328,7,2929632174
4442,37281160,22274728,59555888,7,0,0,53760,15,2532693292
4443,37309910,22413761,59723671,7,0,0,56832,15,299711743
4444,37315540,22354884,59670424,6,0,0,139264,17,3321421347
4445,37317920,21774013,59091933,8,0,0,24576,18,3870291017
4446,37320920,22033662,59354582,4,0,0,46592,13,3930134009
4447,37326800,21794073,59120873,0,0,0,5120,13,7032137505
4448,37328399,49635823,86964222,0,0,1,11776,13,10246748743
4449,37329670,22373872,59703542,6,0,0,66048,17,6010553444
4450,37334550,22422878,59757428,2,0,0,5120,5,2830747387
4451,37339600,22390802,59730402,0,0,0,22016,13,9400333787
4452,37346070,22391890,59737960,2,0,0,15360,5,5371587189
4453,37352330,22579339,59931669,4,0,0,61440,13,2718516558
4454,37364780,22053647,59418427,7,0,0,1536,15,4968196645
4455,37374640,49965358,87339998,7,0,1,76288,15,10436847660
4456,37380651,22438185,59818836,3,0,0,30208,4,4684653110
4457,37382210,49957819,87340029,4,0,1,17920,13,6813037073
4458,37382610,21990145,59372755,6,0,0,21504,17,4724299433
4459,37382790,22035146,59417936,7,0,0,21504,15,633514815
4460,37404770,49976118,87380888,7,0,1,10240,15,9087735506
4461,37413040,22495371,59908411,9,0,0,57856,7,10719666891
4462,37418050,50003086,87421136,4,0,1,3072,13,9522004168
4463,37418840,22424563,59843403,5,0,0,14848,18,7044975715
4464,37422200,50061471,87483671,7,0,1,19968,15,2951810911
4465,37422249,51313239,88735488,1,0,1,475648,19,3238169703
4466,37423650,22282682,59706332,1,0,0,8704,19,8594153827
4467,37435851,22247544,59683395,3,0,0,42496,4,2867442064
4468,37454600,22316095,59770695,0,0,0,3072,13,597474166
4469,37463680,22418301,59881981,6,0,0,54272,17,374003864
4470,37467170,22508379,59975549,6,0,0,22016,17,4867287708
4471,37476390,22492428,59968818,0,0,0,65024,13,3026001997
4472,37485150,51250361,88735511,4,0,1,9216,13,2126318887
4473,37489490,22459493,59948983,6,0,0,29696,17,1617135310
4474,37492190,22283543,59775733,7,0,0,7168,15,7051350176
4475,37532390,22406166,59938556,4,0,0,22528,13,4614732952
4476,37533640,22062412,59596052,4,0,0,4096,13,8100923940
4477,37539510,22810416,60349926,5,0,0,89600,18,880357095
4478,37540180,22754761,60294941,1,0,0,101888,19,7189792154
4479,37540490,22559140,60099630,9,0,0,21504,7,2661321852
4480,37544210,22022765,59566975,2,0,0,3584,5,3731345668
4481,37549280,22583769,60133049,2,0,0,23040,5,7926092532
4482,37560781,51201604,88762385,2,0,1,1024,5,9325574370
4483,37562381,51204190,88766571,2,0,1,6656,5,6862330415
4484,37570020,22203506,59773526,5,0,0,9216,18,2756632114
4485,37590250,22319924,59910174,9,0,0,4608,7,990997085
4486,37599030,23146386,60745416,4,0,0,19968,13,3635121247
4487,37611370,51166459,88777829,5,0,1,36352,18,10176994474
4488,37613350,22372830,59986180,0,0,0,34816,13,2626602570
4489,37622380,22374397,59996777,4,0,0,12800,13,10720227096
4490,37639160,22797452,60436612,2,0,0,12800,5,881255165
4491,37645020,22177705,59822725,1,0,0,4608,19,8962566120
4492,37662220,22716612,60378832,2,0,0,94720,5,3561101546
4493,37664860,51256546,88921406,3,0,1,1024,4,2374901640
4494,37665390,22442687,60108077,9,0,0,27648,7,7804623147
4495,37669850,22942491,60612341,8,0,0,22528,18,5837756899
4496,37672710,22373407,60046117,8,0,0,12800,18,1308286376
4497,37673560,51247869,88921429,3,0,1,8704,4,2497370610
4498,37676080,51275838,88951918,5,0,1,6144,18,3999500826
4499,37684850,22464109,60148959,4,0,0,42496,13,6519102527
4500,37691470,51260471,88951941,9,0,1,10240,7,8908706803
4501,37691910,22837000,60528910,8,0,0,2048,18,7718292981
4502,37706820,51283433,88990253,3,0,1,27648,4,494825302
4503,37714171,51276105,88990276,2,0,1,4096,5,10175375583
4504,37714671,22781167,60495838,3,0,0,76800,4,5211834289
4505,37740450,22426993,60167443,8,0,0,1536,18,206212524
4506,37747290,23251713,60999003,0,0,0,131072,13,58594151
4507,37750680,22632231,60382911,7,0,0,13312,15,838524280
4508,37769249,51299610,89068859,0,0,1,26112,13,8933400036
4509,37772149,52073336,89845485,1,0,1,285696,19,2947464326
4510,37772489,52073019,89845508,1,0,1,5120,19,10250507812
4511,37781760,52064006,89845766,3,0,1,7168,4,4748204657
4512,37783290,52077734,89861024,3,0,1,50176,4,8311716753
4513,37790210,23287164,61077374,6,0,0,89600,17,3282198587
4514,37797760,52197432,89995192,3,0,1,13312,4,6102219324
4515,37820620,23138355,60958975,8,0,0,221184,18,6796960478
4516,37830130,22823166,60653296,8,0,0,20992,18,10671571933
4517,37833970,23009059,60843029,7,0,0,53760,15,10023020406
4518,37848990,22789293,60638283,2,0,0,37888,5,4221405332
4519,37855930,23156512,61012442,6,0,0,44032,17,8373979481
4520,37858109,52139349,89997458,0,0,1,3584,13,9126195643
4521,37861440,23225629,61087069,4,0,0,31744,13,8043409074
4522,37867910,22831225,60699135,6,0,0,26624,17,9694353721
4523,37873080,52157743,90030823,3,0,1,12800,4,7307245923
4524,37877530,23172521,61050051,0,0,0,44032,13,8204719047
4525,37882280,22678375,60560655,7,0,0,23040,15,7800496437
4526,37884680,22781503,60666183,9,0,0,9216,7,10234893395
4527,37885030,22318459,60203489,2,0,0,5120,5,7171981264
4528,37890640,52202034,90092674,4,0,1,28672,13,8676158993
4529,37892360,23518561,61410921,5,0,0,53248,18,3768671345
4530,37897710,23378158,61275868,5,0,0,54272,18,9269163910
4531,37909760,23221684,61131444,1,0,0,108544,19,435422949
4532,37910440,22716276,60626716,6,0,0,47104,17,6361555792
4533,37925160,52456417,90381577,9,0,1,34816,7,7164112179
4534,37936771,22788092,60724863,3,0,0,10240,4,4800613481
4535,37953760,23082844,61036604,8,0,0,7680,18,9067028454
4536,37966700,23292609,61259309,8,0,0,20480,18,1337960191
4537,37973230,23190542,61163772,2,0,0,58368,5,8652330974
4538,37974340,22712421,60686761,9,0,0,13824,7,8048073277
4539,37980960,22725998,60706958,9,0,0,25600,7,7462569175
4540,37991830,23339183,61331013,4,0,0,136704,13,402696119
4541,37993960,23389124,61383084,6,0,0,39424,17,1439155208
4542,37998290,22893270,60891560,1,0,0,134144,19,3473061174
4543,37998880,23200548,61199428,5,0,0,56320,18,346195105
4544,38004830,52387713,90392543,9,0,1,2048,7,5137844607
4545,38026520,23007721,61034241,4,0,0,41984,13,1349675447
4546,38026950,23262388,61289338,9,0,0,12800,7,10084335016
4547,38027560,23465660,61493220,1,0,0,6656,19,2242609295
4548,38041740,23345735,61387475,8,0,0,14336,18,2870688051
4549,38047200,22974226,61021426,1,0,0,1024,19,7914230969
4550,38066150,23642395,61708545,5,0,0,35328,18,2094078945
4551,38066220,22784445,60850665,0,0,0,19968,13,2737137833
4552,38072240,23354506,61426746,8,0,0,22528,18,4183007432
4553,38079350,23514785,61594135,4,0,0,30720,13,4703028423
4554,38080240,52312326,90392566,9,0,1,12288,7,10636286011
4555,38096740,23323119,61419859,7,0,0,8704,15,7112385481
4556,38097471,23340873,61438344,3,0,0,18944,4,4019684985
4557,38099300,23186115,61285415,0,0,0,31232,13,409797954
4558,38104610,52319724,90424334,7,0,1,27136,15,4150395072
4559,38109520,52330350,90439870,3,0,1,33792,4,2200114578
4560,38114050,23138996,61253046,4,0,0,123392,13,10445052488
4561,38124310,22896781,61021091,6,0,0,28160,17,7242341383
4562,38134210,23515659,61649869,1,0,0,20480,19,9287004224
4563,38135951,23296590,61432541,3,0,0,18944,4,7144385332
4564,38159800,23424952,61584752,6,0,0,76288,17,4315386667
4565,38163429,52276472,90439901,6,0,1,4608,17,574412477
4566,38165320,23319019,61484339,6,0,0,10752,17,6476291020
4567,38179790,52269128,90448918,7,0,1,3072,15,1643450790
4568,38181410,52371400,90552810,9,0,1,19968,7,7921131093
4569,38199770,23732434,61932204,1,0,0,69120,19,8705436332
4570,38201300,23401282,61602582,0,0,0,27648,13,6806194123
4571,38207801,22934239,61142040,3,0,0,10752,4,7333319824
4572,38220790,52379085,90599875,4,0,1,14336,13,10261331325
4573,38268610,52348130,90616740,9,0,1,22528,7,4231644049
4574,38272610,23760423,62033033,2,0,0,17920,5,8972888825
4575,38274270,23092388,61366658,4,0,0,79360,13,2171416333
4576,38274760,23142424,61417184,2,0,0,20480,5,3649911498
4577,38294310,52354117,90648427,7,0,1,23040,15,8910097335
4578,38297400,23043628,61341028,8,0,0,32768,18,2971463736
4579,38297570,23097104,61394674,7,0,0,23552,15,4926864218
4580,38305200,23065849,61371049,1,0,0,14336,19,6923299198
4581,38306640,23200440,61507080,6,0,0,25600,17,8028346353
4582,38306731,23391027,61697758,3,0,0,56320,4,990823686
4583,38308190,23172725,61480915,2,0,0,26112,5,9044571553
4584,38322479,52521747,90844226,1,0,1,53760,19,5051255653
4585,38328090,23487767,61815857,1,0,0,89088,19,3090433396
4586,38332676,23623959,61956635,2,0,0,66048,5,4174995060
4587,38344240,23848267,62192507,9,0,0,116736,7,823802532
4588,38346630,23333945,61680575,7,0,0,39424,15,2324679132
4589,38370090,23119433,61489523,2,0,0,2560,5,4330870729
4590,38372860,23408356,61781216,1,0,0,58880,19,8087679818
4591,38382370,23577096,61959466,2,0,0,9216,5,9216343121
4592,38383580,23224797,61608377,9,0,0,18944,7,2064569037
4593,38383891,52461513,90845404,2,0,1,13824,5,9863664495
4594,38387429,52458539,90845968,6,0,1,10752,17,3809114133
4595,38423230,22919225,61342455,6,0,0,4608,17,4974625873
4596,38434740,52416157,90850897,7,0,1,20480,15,257697909
4597,38442160,52584284,91026444,3,0,1,7168,4,874977464
4598,38446059,52580408,91026467,6,0,1,1024,17,6828935712
4599,38446180,52580310,91026490,7,0,1,9728,15,8770514374
4600,38455690,52765654,91221344,3,0,1,4608,4,3910949730
4601,38477731,22995205,61472936,3,0,0,11776,4,2316647234
4602,38492340,52729027,91221367,8,0,1,2560,18,5132463182
4603,38494640,23510821,62005461,1,0,0,41984,19,1897162498
4604,38496910,23483699,61980609,0,0,0,16896,13,1039291621
4605,38503970,23131990,61635960,7,0,0,512,15,5487477737
4606,38509270,23272281,61781551,9,0,0,1024,7,5753110376
4607,38510800,23578030,62088830,5,0,0,26112,18,4159263895
4608,38513890,23596522,62110412,5,0,0,64512,18,6809073637
4609,38519320,23786773,62306093,5,0,0,59904,18,2512803789
4610,38520820,23092759,61613579,4,0,0,3072,13,3783012233
4611,38545570,23585933,62131503,0,0,0,69120,13,6134843725
4612,38546570,23364551,61911121,0,0,0,48640,13,4816983115
4613,38549070,23347208,61896278,7,0,0,39936,15,4708405583
4614,38556841,23055771,61612612,3,0,0,13824,4,2231894421
4615,38574440,23506411,62080851,8,0,0,61440,18,8403844514
4616,38574700,52646690,91221390,7,0,1,8704,15,8276072102
4617,38587200,52634213,91221413,4,0,1,3072,13,8566904870
4618,38587620,23269382,61857002,4,0,0,3584,13,5265338185
4619,38597780,23231616,61829396,2,0,0,19968,5,3920473143
4620,38604340,24060653,62664993,6,0,0,52736,17,3067943865
4621,38605980,52616103,91222083,4,0,1,7680,13,7216501179
4622,38611100,23704532,62315632,1,0,0,31232,19,437656011
4623,38619500,23264587,61884087,1,0,0,43008,19,8028615092
4624,38626439,52826371,91452810,1,0,1,78336,19,9416596480
4625,38639760,23588318,62228078,9,0,0,32768,7,5824956448
4626,38642600,23491266,62133866,6,0,0,7680,17,8710928874
4627,38650590,52959163,91609753,4,0,1,29184,13,7244412069
4628,38657490,23766757,62424247,6,0,0,75776,17,10554143310
4629,38662481,24172681,62835162,3,0,0,158208,4,2191891365
4630,38666350,23309088,61975438,2,0,0,9728,5,3407620713
4631,38682740,23655379,62338119,4,0,0,73728,13,8857931929
4632,38687619,53002963,91690582,0,0,1,29184,13,4705076083
4633,38696200,23394533,62090733,7,0,0,6144,15,286529857
4634,38700919,53073479,91774398,0,0,1,17920,13,5276228254
4635,38704550,23989950,62694500,4,0,0,96768,13,8364493297
4636,38711240,23650886,62362126,7,0,0,19456,15,4535669037
4637,38712260,24007946,62720206,4,0,0,7680,13,8879402670
4638,38717660,23307442,62025102,2,0,0,4608,5,2285400483
4639,38753670,24224211,62977881,9,0,0,7168,7,9264005705
4640,38755310,24337135,63092445,9,0,0,75264,7,4074190921
4641,38756000,23379301,62135301,1,0,0,4608,19,10612879663
4642,38770000,23836344,62606344,8,0,0,42496,18,3381849688
4643,38776970,23492136,62269106,1,0,0,17920,19,10578892899
4644,38781250,23368887,62150137,6,0,0,4096,17,4443425333
4645,38782780,23866122,62648902,2,0,0,77824,5,4941399323
4646,38786200,23698561,62484761,5,0,0,39424,18,4910731931
4647,38787581,23805768,62593349,3,0,0,35328,4,7309842606
4648,38788380,24061740,62850120,1,0,0,5120,19,8971586351
4649,38802630,52978294,91780924,4,0,1,4608,13,3648679924
4650,38808850,24369333,63178183,4,0,0,36352,13,2194327452
4651,38815330,23527413,62342743,4,0,0,14848,13,10158316085
4652,38819520,24347564,63167084,8,0,0,8192,18,3248751439
4653,38820160,23875985,62696145,2,0,0,5120,5,6441462909
4654,38820830,24248660,63069490,1,0,0,96768,19,3114350289
4655,38827260,23528915,62356175,8,0,0,21504,18,10657323232
4656,38829931,23406578,62236509,3,0,0,1536,4,9123244053
4657,38832190,23867710,62699900,7,0,0,2560,15,6814351598
4658,38836660,24539300,63375960,5,0,0,16384,18,8096329399
4659,38844960,23732594,62577554,7,0,0,39936,15,7214951053
4660,38865070,24168693,63033763,5,0,0,34816,18,1248644842
4661,38869380,24863694,63733074,5,0,0,224256,18,2541392820
4662,38880249,52981903,91862152,0,0,1,10752,13,6108230181
4663,38886320,52981251,91867571,3,0,1,4096,4,8620447226
4664,38899490,23863858,62763348,4,0,0,52736,13,8219746573
4665,38900739,53003593,91904332,0,0,1,8704,13,3813338936
4666,38916940,23623317,62540257,1,0,0,11776,19,4079834739
4667,38933570,24545020,63478590,8,0,0,81920,18,117387989
4668,38950690,23599792,62550482,7,0,0,31744,15,6095706461
4669,38954240,52950509,91904749,8,0,1,3072,18,7318954097
4670,38971310,23643949,62615259,5,0,0,29184,18,10325723421
4671,38982080,53094614,92076694,8,0,1,47104,18,8033726420
4672,38985351,53491502,92476853,2,0,1,32768,5,4823632420
4673,38987781,24139115,63126896,3,0,0,29696,4,3451608767
4674,39001220,23714564,62715784,5,0,0,18944,18,9474440193
4675,39001340,23840709,62842049,4,0,0,22528,13,9344415352
4676,39001750,24238039,63239789,1,0,0,20992,19,9303805479
4677,39014790,23470820,62485610,0,0,0,2560,13,6410319953
4678,39015590,24211350,63226940,9,0,0,30208,7,4197178676
4679,39027199,53773655,92800854,6,0,1,36352,17,7715114582
4680,39029860,23687983,62717843,5,0,0,6656,18,1645931984
4681,39034200,24124726,63158926,8,0,0,39424,18,7945686535
4682,39035540,54015777,93051317,7,0,1,13824,15,7835475246
4683,39048730,54115470,93164200,3,0,1,9728,4,8122106513
4684,39061650,24808510,63870160,5,0,0,17408,18,2178486176
4685,39065750,54172103,93237853,7,0,1,24064,15,1938875631
4686,39071830,54242419,93314249,5,0,1,8704,18,505247409
4687,39085840,23758618,62844458,6,0,0,7680,17,9364181912
4688,39095950,24174412,63270362,1,0,0,29184,19,446243303
4689,39101929,54415083,93517012,1,0,1,93184,19,2275043680
4690,39108820,23506618,62615438,0,0,0,512,13,9036335288
4691,39113049,54811084,93924133,1,0,1,207360,19,5555611021
4692,39113341,23862333,62975674,3,0,0,19968,4,9291485176
4693,39132419,55904952,95037371,1,0,1,467968,19,721316288
4694,39142340,23794529,62936869,5,0,0,15360,18,6995815223
4695,39155050,55887160,95042210,7,0,1,18944,15,4376460658
4696,39160720,55901961,95062681,8,0,1,7680,18,10054387038
4697,39173610,23940276,63113886,4,0,0,70144,13,8329454501
4698,39174460,24196485,63370945,6,0,0,34816,17,9112868436
4699,39176811,23671726,62848537,3,0,0,13312,4,260018722
4700,39187030,24014034,63201064,5,0,0,10240,18,1796491532
4701,39198219,56066560,95264779,1,0,1,190464,19,1855216645
4702,39202200,24191278,63393478,8,0,0,24064,18,7814906006
4703,39205180,23816770,63021950,9,0,0,2560,7,476058344
4704,39206580,23564770,62771350,2,0,0,26112,5,1636599071
4705,39207760,56075026,95282786,8,0,1,15872,18,2792104740
4706,39231469,56051573,95283042,1,0,1,9216,19,9965197226
4707,39232540,23904261,63136801,6,0,0,512,17,1667163064
4708,39233810,24775026,64008836,2,0,0,87040,5,2425785221
4709,39239460,24146663,63386123,1,0,0,33280,19,4045616628
4710,39240610,24318727,63559337,5,0,0,8192,18,2528562843
4711,39250280,24036237,63286517,7,0,0,28160,15,10127115327
4712,39253280,24086312,63339592,7,0,0,4096,15,9599612182
4713,39257190,23907375,63164565,0,0,0,18432,13,8334180210
4714,39265560,56140372,95405932,3,0,1,30208,4,9087515266
4715,39267590,56139008,95406598,7,0,1,1024,15,680450326
4716,39292670,24264148,63556818,4,0,0,19968,13,7249431889
4717,39294940,23822869,63117809,8,0,0,12800,18,5910727316
4718,39302731,24803727,64106458,3,0,0,16384,4,3093594170
4719,39304660,24186612,63491272,8,0,0,14336,18,1460806006
4720,39308240,23828351,63136591,6,0,0,31744,17,1569213954
4721,39311020,24029063,63340083,6,0,0,1536,17,4597439913
4722,39334370,24286570,63620940,6,0,0,36352,17,7422586869
4723,39341560,25055707,64397267,2,0,0,19968,5,2624995338
4724,39344510,24063233,63407743,0,0,0,11264,13,7604653087
4725,39346410,24057878,63404288,0,0,0,18432,13,3458530718
4726,39358080,23980241,63338321,0,0,0,36864,13,2108124710
4727,39359830,24273948,63633778,8,0,0,12288,18,10655363091
4728,39364840,24412661,63777501,6,0,0,25600,17,9312990998
4729,39366100,24723730,64089830,2,0,0,58368,5,7634129298
4730,39366851,24242990,63609841,3,0,0,83456,4,828724044
4731,39373731,56033840,95407571,2,0,1,12800,5,7932442778
4732,39377680,56047783,95425463,4,0,1,2560,13,403702458
4733,39394570,24156141,63550711,9,0,0,71680,7,8994807963
4734,39396400,24571370,63967770,1,0,0,5632,19,2201386765
4735,39430640,23968009,63398649,5,0,0,16896,18,10683115258
4736,39434721,24897559,64332280,3,0,0,82944,4,5855444246
4737,39444310,23739351,63183661,6,0,0,8704,17,5050201734
4738,39460500,24290225,63750725,7,0,0,57856,15,7962896448
4739,39463810,24023071,63486881,8,0,0,27136,18,7485564639
4740,39476780,24187506,63664286,9,0,0,19456,7,9553784368
4741,39478260,24303476,63781736,7,0,0,13824,15,5337796654
4742,39486190,24279409,63765599,8,0,0,45568,18,7779463417
4743,39492970,24371863,63864833,5,0,0,45056,18,3479889041
4744,39527940,24056442,63584382,1,0,0,58880,19,4813173324
4745,39535090,24372027,63907117,2,0,0,28160,5,1834901980
4746,39546210,23949884,63496094,1,0,0,2048,19,1388390516
4747,39551089,55876640,95427729,0,0,1,3584,13,3220848090
4748,39561960,55866742,95428702,8,0,1,12800,18,2214983074
4749,39565860,24064151,63630011,1,0,0,29696,19,4223303560
4750,39569920,24235210,63805130,7,0,0,1536,15,5939121186
4751,39584200,24266882,63851082,7,0,0,54784,15,5329609389
4752,39586039,55871265,95457304,1,0,1,1024,19,167172904
4753,39606850,25056601,64663451,5,0,0,22016,18,5254896908
4754,39623380,24860972,64484352,4,0,0,55808,13,1869709014
4755,39624221,24127463,63751684,3,0,0,3072,4,1068722235
4756,39624890,24476553,64101443,5,0,0,2048,18,9372584444
4757,39625710,24203252,63828962,1,0,0,8192,19,8267801135
4758,39626360,24532603,64158963,1,0,0,19968,19,1616225166
4759,39630709,55828221,95458930,6,0,1,2560,17,8477753184
4760,39635290,24162994,63798284,1,0,0,24576,19,2310906153
4761,39638590,55832989,95471579,9,0,1,5120,7,369000205
4762,39640440,24610267,64250707,4,0,0,68608,13,2224723613
4763,39647310,23912370,63559680,6,0,0,1024,17,10463939946
4764,39664231,55807371,95471602,2,0,1,13824,5,7696296094
4765,39672301,24672638,64344939,3,0,0,41472,4,5977180568
4766,39673131,24339948,64013079,3,0,0,13824,4,4543337325
4767,39691720,24290573,63982293,2,0,0,15872,5,4117503955
4768,39698660,24399461,64098121,5,0,0,27136,18,4713585578
4769,39699670,24845787,64545457,5,0,0,12288,18,218567428
4770,39700670,55786777,95487447,8,0,1,4608,18,6007146080
4771,39719340,24747916,64467256,5,0,0,97280,18,1650618237
4772,39735690,24143229,63878919,4,0,0,28672,13,2932223492
4773,39744780,24045247,63790027,7,0,0,27136,15,3315789006
4774,39753311,24212720,63966031,3,0,0,22016,4,6888035353
4775,39761120,24133740,63894860,9,0,0,1536,7,4440389961
4776,39765820,24259442,64025262,5,0,0,39424,18,2995334615
4777,39767500,24415519,64183019,2,0,0,27136,5,9963433134
4778,39780840,24178460,63959300,1,0,0,51712,19,8902326285
4779,39787900,24619185,64407085,7,0,0,31232,15,10732060412
4780,39792160,24747612,64539772,7,0,0,10240,15,2180302001
4781,39793260,24278763,64072023,5,0,0,47104,18,1018632185
4782,39798250,24376036,64174286,6,0,0,17920,17,41417013
4783,39808790,55733347,95542137,7,0,1,39424,15,1379937077
4784,39812120,23957558,63769678,7,0,0,13312,15,1055877251
4785,39813600,55762244,95575844,4,0,1,10752,13,6730782323
4786,39849910,24429427,64279337,4,0,0,54784,13,1431218263
4787,39869270,24983224,64852494,2,0,0,108032,5,9422001861
4788,39875060,24413527,64288587,1,0,0,28160,19,9965605264
4789,39880640,24655989,64536629,2,0,0,51200,5,5520612285
4790,39888360,24691493,64579853,8,0,0,76288,18,5152319931
4791,39897789,55678078,95575867,6,0,1,10240,17,9077742914
4792,39904010,55696646,95600656,7,0,1,2560,15,10121780476
4793,39917240,24183556,64100796,6,0,0,8704,17,3554838025
4794,39930010,24507583,64437593,5,0,0,59904,18,9784291407
4795,39931410,24187941,64119351,1,0,0,1024,19,8826235781
4796,39934110,24745767,64679877,1,0,0,41984,19,4761546758
4797,39938940,24285371,64224311,2,0,0,52736,5,5130882125
4798,39944090,24335894,64279984,1,0,0,2048,19,2037874038
4799,39948820,24707900,64656720,8,0,0,37888,18,10614254689
4800,39949850,24606736,64556586,6,0,0,28672,17,5109587623
4801,39953080,25069237,65022317,5,0,0,83456,18,10035983342
4802,39953541,24653697,64607238,3,0,0,12800,4,6075240138
4803,39954529,55649033,95603562,6,0,1,4608,17,5902172561
4804,39956430,24651463,64607893,4,0,0,2048,13,367657181
4805,39960330,24560676,64521006,0,0,0,73216,13,6500184379
4806,39964041,24926794,64890835,3,0,0,37376,4,6086538151
4807,39964170,24812771,64776941,7,0,0,102400,15,8403487608
4808,39984380,24923482,64907862,5,0,0,55808,18,7457198328
4809,40004510,55600038,95604548,5,0,1,1536,18,1338757838
4810,40026390,24573462,64599852,5,0,0,65536,18,7488314171
4811,40034010,24678972,64712982,0,0,0,20480,13,2057319865
4812,40034520,24646160,64680680,6,0,0,2560,17,6860199193
4813,40048380,24111959,64160339,6,0,0,4096,17,6246060149
4814,40069520,24597542,64667062,7,0,0,11776,15,3188628406
4815,40078110,24341208,64419318,7,0,0,8192,15,3772603782
4816,40088700,55599111,95687811,3,0,1,8192,4,7903327056
4817,40089470,24875104,64964574,4,0,0,29184,13,7078421293
4818,40090260,24906606,64996866,9,0,0,31744,7,5840273798
4819,40100810,24439921,64540731,6,0,0,3072,17,1524236126
4820,40100920,24502387,64603307,2,0,0,11264,5,1787096672
4821,40102710,25065429,65168139,5,0,0,17920,18,6649946652
4822,40113490,55576886,95690376,5,0,1,6656,18,4512562749
4823,40119221,55587048,95706269,2,0,1,4096,5,7473847114
4824,40121210,24742250,64863460,6,0,0,24576,17,10714358064
4825,40134210,24948688,65082898,4,0,0,78848,13,5846214662
4826,40135360,24406330,64541690,0,0,0,3072,13,1562731339
4827,40150759,55555533,95706292,1,0,1,17920,19,8239487185
4828,40155369,55592211,95747580,0,0,1,21504,13,3958590074
4829,40155570,24933591,65089161,0,0,0,20480,13,10202392855
4830,40159250,55603429,95762679,3,0,1,5120,4,7689251305
4831,40187270,24951497,65138767,0,0,0,6144,13,2004023619
4832,40190140,55572562,95762702,5,0,1,512,18,6903279512
4833,40214780,55882445,96097225,7,0,1,51200,15,7609042381
4834,40216730,24639219,64855949,5,0,0,11264,18,8702157054
4835,40217200,24570638,64787838,1,0,0,18432,19,3823903413
4836,40217280,25162726,65380006,7,0,0,26112,15,539516386
4837,40239050,25129054,65368104,1,0,0,106496,19,3638521015
4838,40249031,55854503,96103534,2,0,1,9728,5,3172733841
4839,40287960,55815597,96103557,3,0,1,6144,4,7567384526
4840,40294350,24807158,65101508,0,0,0,40448,13,6614242447
4841,40294980,25226741,65521721,4,0,0,133632,13,2614656197
4842,40306770,24566695,64873465,8,0,0,8192,18,3018428222
4843,40313720,24827133,65140853,7,0,0,4608,15,8581518868
4844,40329741,24916162,65245903,3,0,0,49152,4,4583149913
4845,40330459,55816791,96147250,1,0,1,4096,19,6912116994
4846,40333211,25101444,65434655,3,0,0,80896,4,7126919003
4847,40334320,24394754,64729074,2,0,0,25600,5,7664243749
4848,40343480,24714853,65058333,0,0,0,10240,13,2930389722
4849,40346790,24686938,65033728,0,0,0,37376,13,3062698865
4850,40350870,55796403,96147273,7,0,1,9728,15,5401131003
4851,40354120,24525296,64879416,9,0,0,19456,7,4888464493
4852,40357980,24949550,65307530,2,0,0,75264,5,2773168713
4853,40381970,55919342,96301312,3,0,1,58368,4,8688371650
4854,40389479,55911856,96301335,1,0,1,5632,19,6171631036
4855,40396121,24730763,65126884,3,0,0,14336,4,5586414671
4856,40397400,55903958,96301358,3,0,1,5120,4,123507613
4857,40411249,55890132,96301381,0,0,1,8192,13,1315826145
4858,40417520,25142403,65559923,6,0,0,87552,17,280636282
4859,40423100,24912533,65335633,0,0,0,92160,13,7416018351
4860,40429280,25016341,65445621,0,0,0,27648,13,10197032095
4861,40462700,24813201,65275901,2,0,0,38912,5,8867258686
4862,40470460,24793562,65264022,6,0,0,59392,17,5013300831
4863,40470480,24901547,65372027,7,0,0,12800,15,8293431625
4864,40471330,24914494,65385824,6,0,0,8192,17,2059624157
4865,40478880,24657992,65136872,1,0,0,2560,19,1540815099
4866,40498091,55815164,96313255,2,0,1,21504,5,6435605230
4867,40509560,25117948,65627508,9,0,0,34816,7,5038557715
4868,40515500,24882439,65397939,9,0,0,2048,7,7401733397
4869,40524990,25050930,65575920,8,0,0,52224,18,409064304
4870,40526730,24862561,65389291,5,0,0,10752,18,1301042054
4871,40529411,55785470,96314881,2,0,1,2560,5,2579505400
4872,40533160,55783667,96316827,7,0,1,3072,15,2201005838
4873,40540120,25042866,65582986,9,0,0,23040,7,65483582
4874,40547040,25142550,65689590,7,0,0,512,15,4938769724
4875,40572420,55750990,96323410,7,0,1,1536,15,992123122
4876,40586090,24943633,65529723,5,0,0,26112,18,4549295390
4877,40586510,25191291,65777801,8,0,0,108544,18,667578304
4878,40587770,24795535,65383305,9,0,0,10752,7,8467751104
4879,40589280,24886124,65475404,8,0,0,27648,18,2617560704
4880,40594591,25070540,65665131,3,0,0,30208,4,8222262186
4881,40598780,25145926,65744706,6,0,0,27648,17,5960122745
4882,40606670,25434682,66041352,1,0,0,47616,19,8418242597
4883,40607190,55717206,96324396,9,0,1,1536,7,1154466151
4884,40610059,55719163,96329222,1,0,1,7680,19,1307813619
4885,40620920,55727762,96348682,4,0,1,6656,13,9997536850
4886,40622850,55757344,96380194,8,0,1,17920,18,1357083253
4887,40636370,25537132,66173502,7,0,0,51712,15,1829334024
4888,40636780,24800394,65437174,5,0,0,8192,18,1341942156
4889,40642720,24993802,65636522,6,0,0,3584,17,8289868199
4890,40647580,25245685,65893265,5,0,0,76800,18,7344695410
4891,40654240,24931577,65585817,4,0,0,9216,13,3041173431
4892,40662790,25207052,65869842,1,0,0,63488,19,9467493895
4893,40670820,25335522,66006342,5,0,0,191488,18,1966336260
4894,40671861,24861363,65533224,3,0,0,11264,4,3721057027
4895,40678470,25505819,66184289,0,0,0,35328,13,10444344941
4896,40680460,25412048,66092508,5,0,0,54272,18,1528443164
4897,40684900,25633663,66318563,5,0,0,14336,18,4996096944
4898,40687110,25366086,66053196,7,0,0,21504,15,6453795028
4899,40688150,25547729,66235879,2,0,0,26112,5,5939343091
4900,40694151,55688609,96382760,2,0,1,21504,5,7216045400
4901,40712099,55686013,96398112,6,0,1,15872,17,7939426330
4902,40717920,25191648,65909568,2,0,0,11264,5,2199274240
4903,40728789,55685905,96414694,0,0,1,4608,13,172418210
4904,40730580,25769979,66500559,2,0,0,30208,5,10242325114
4905,40731430,25377115,66108545,5,0,0,10752,18,2578087450
4906,40743550,56600368,97343918,5,0,1,540160,18,1892549880
4907,40751570,25353676,66105246,8,0,0,39424,18,7295893792
4908,40761170,25251279,66012449,0,0,0,19968,13,5158894846
4909,40771039,56622408,97393447,0,0,1,512,13,2764295051
4910,40775331,25452569,66227900,3,0,0,51712,4,1626179304
4911,40783560,24855178,65638738,6,0,0,6144,17,2008205703
4912,40787310,25588614,66375924,9,0,0,85504,7,10333711719
4913,40788330,25724888,66513218,0,0,0,41472,13,8525874199
4914,40794110,56599798,97393908,3,0,1,10240,4,812528542
4915,40806840,25733123,66539963,7,0,0,15360,15,7419304437
4916,40815930,25128554,65944484,8,0,0,10752,18,8231117435
4917,40839110,25652222,66491332,9,0,0,59904,7,5224656656
4918,40843790,25698411,66542201,4,0,0,4608,13,435661535
4919,40848251,25277874,66126125,3,0,0,13824,4,6412652902
4920,40848900,25784358,66633258,6,0,0,63488,17,4871006069
4921,40863830,25450342,66314172,2,0,0,38400,5,3587422518
4922,40876459,56521315,97397774,1,0,1,6144,19,5244732510
4923,40879220,25810348,66689568,5,0,0,10240,18,4545376139
4924,40879460,25723520,66602980,8,0,0,78336,18,5673426330
4925,40890171,25356493,66246664,3,0,0,20992,4,507148194
4926,40893739,56684774,97578513,6,0,1,29696,17,8679990797
4927,40904010,25161968,66065978,4,0,0,35328,13,564698757
4928,40907850,25006688,65914538,0,0,0,4608,13,6097224419
4929,40914830,25620251,66535081,6,0,0,71680,17,4753569726
4930,40929590,25324312,66253902,8,0,0,13824,18,7032829452
4931,40934600,25355428,66290028,2,0,0,4608,5,9339146330
4932,40939180,25442562,66381742,9,0,0,16896,7,3971738452
4933,40944690,25616755,66561445,8,0,0,20480,18,6948069383
4934,40956930,26121007,67077937,1,0,0,27136,19,4430189045
4935,40957240,25682125,66639365,2,0,0,19968,5,5529679035
4936,40959080,25804144,66763224,6,0,0,56320,17,9564095735
4937,40959490,26294122,67253612,1,0,0,16384,19,4252092
4938,40977120,25425892,66403012,2,0,0,26112,5,6377503984
4939,40988600,26021543,67010143,4,0,0,130560,13,9255574732
4940,40999521,25430385,66429906,3,0,0,18944,4,4617979193
4941,41000070,25376501,66376571,9,0,0,2048,7,8712165729
4942,41001230,25393803,66395033,8,0,0,43520,18,8471878408
4943,41032650,25787992,66820642,2,0,0,27648,5,2772961950
4944,41036351,25866563,66902914,3,0,0,102400,4,6734512978
4945,41048830,25424227,66473057,2,0,0,83456,5,5648459112
4946,41053970,25817721,66871691,1,0,0,50176,19,8348100902
4947,41060420,25490796,66551216,7,0,0,5120,15,5611480529
4948,41065910,56574458,97640368,8,0,1,43008,18,8059672470
4949,41077999,56595535,97673534,0,0,1,9216,13,1084472867
4950,41079100,56594998,97674098,9,0,1,10752,7,1921166722
4951,41112509,56606457,97718966,6,0,1,3072,17,6483931262
4952,41117330,25427858,66545188,6,0,0,9728,17,8904875940
4953,41134030,56588102,97722132,9,0,1,6656,7,8974726570
4954,41147300,25387960,66535260,5,0,0,512,18,3573352384
4955,41170099,56552056,97722155,6,0,1,19968,17,10731958326
4956,41185410,57302000,98487410,5,0,1,284672,18,8960624875
4957,41189650,25255952,66445602,6,0,0,512,17,7202601230
4958,41198230,57289203,98487433,7,0,1,7168,15,9505386519
4959,41200711,25340063,66540774,3,0,0,2560,4,4707798908
4960,41210831,57283824,98494655,2,0,1,1024,5,6073128779
4961,41222520,25548977,66771497,0,0,0,11776,13,9901601983
4962,41222780,25834051,67056831,5,0,0,63488,18,7218703385
4963,41224800,57269886,98494686,7,0,1,5632,15,3166031084
4964,41227550,25379977,66607527,1,0,0,14848,19,1138248359
4965,41241930,57267483,98509413,9,0,1,18432,7,3379839866
4966,41246511,57264848,98511359,2,0,1,3072,5,9004584911
4967,41253720,25575294,66829014,4,0,0,3584,13,3831049812
4968,41253880,25424101,66677981,2,0,0,10752,5,3748067944
4969,41266200,57295380,98561580,4,0,1,29696,13,5128249304
4970,41270140,26165511,67435651,4,0,0,48640,13,3905529463
4971,41275840,25693541,66969381,1,0,0,59904,19,9374655109
4972,41288470,25863768,67152238,1,0,0,55296,19,501645496
4973,41294800,57266803,98561603,8,0,1,2048,18,9822441635
4974,41299330,25805389,67104719,8,0,0,15872,18,784000004
4975,41311870,25779616,67091486,5,0,0,17408,18,8722751826
4976,41323641,25515114,66838755,3,0,0,20480,4,6784130424
4977,41325630,25644710,66970340,4,0,0,3072,13,3559303929
4978,41338680,25576517,66915197,6,0,0,39936,17,7007339123
4979,41352890,57208736,98561626,3,0,1,11776,4,2380955452
4980,41361029,57205801,98566830,6,0,1,10240,17,923481426
4981,41369830,25873350,67243180,7,0,0,18432,15,1068522528
4982,41380741,57189315,98570056,2,0,1,5120,5,8047021342
4983,41381270,25688376,67069646,8,0,0,41984,18,5109497494
4984,41383851,57186551,98570402,2,0,1,512,5,9461562011
4985,41384440,25532356,66916796,4,0,0,5120,13,7123889831
4986,41387740,25628822,67016562,8,0,0,20992,18,2906345575
4987,41414150,57175726,98589876,3,0,1,65536,4,9776150292
4988,41429440,25518773,66948213,4,0,0,2048,13,3115587040
4989,41444380,25633900,67078280,6,0,0,1024,17,4340054255
4990,41471960,57224799,98696759,7,0,1,7168,15,6779911728
4991,41473880,25763661,67237541,4,0,0,53248,13,5549538951
4992,41477790,26050918,67528708,8,0,0,84992,18,3618319302
4993,41479490,25834137,67313627,1,0,0,3584,19,5079806502
4994,41482420,26230727,67713147,1,0,0,24576,19,1907578552
4995,41482600,25610506,67093106,6,0,0,2560,17,4856965181
4996,41484580,26018209,67502789,1,0,0,14848,19,399981319
4997,41489891,57208407,98698298,2,0,1,22016,5,2810929674
4998,41503900,25667613,67171513,1,0,0,22016,19,1445816943
4999,41505599,57208979,98714578,1,0,1,1024,19,7594265307
5000,41526790,26178823,67705613,8,0,0,61952,18,205099457
5001,41535900,57231937,98767837,8,0,1,37376,18,10407985963
5002,41553490,25693480,67246970,8,0,0,12288,18,4661418489
5003,41554590,57213270,98767860,9,0,1,14848,7,8909914622
5004,41555290,26195949,67751239,7,0,0,28160,15,2671601407
5005,41558780,25648486,67207266,2,0,0,4608,5,6354187457
5006,41559820,25889114,67448934,6,0,0,43520,17,5006570578
5007,41564670,57211221,98775891,9,0,1,1536,7,3093134923
5008,41579729,57198031,98777760,1,0,1,13312,19,4581913254
5009,41593160,25731185,67324345,5,0,0,7168,18,3409166193
5010,41620350,26272060,67892410,1,0,0,40960,19,3053456356
5011,41620690,26249616,67870306,6,0,0,10752,17,2890823827
5012,41643581,26137664,67781245,3,0,0,30208,4,4043668068
5013,41655560,25704341,67359901,2,0,0,23040,5,4900252266
5014,41663370,26494092,68157462,4,0,0,268800,13,7131480946
5015,41665160,26372708,68037868,8,0,0,98816,18,3974966174
5016,41669150,25736866,67406016,4,0,0,94720,13,7407966141
5017,41669550,26017164,67686714,4,0,0,46592,13,2860754526
5018,41671060,26243594,67914654,7,0,0,6144,15,5086707076
5019,41675940,26280027,67955967,2,0,0,27648,5,3958720048
5020,41687769,57093537,98781306,0,0,1,5632,13,4054538566
5021,41695340,26171659,67866999,7,0,0,101376,15,9982823372
5022,41712740,26226023,67938763,7,0,0,7168,15,7537748221
5023,41719270,26003416,67722686,1,0,0,31232,19,5862299757
5024,41737460,26438415,68175875,7,0,0,5120,15,3992601377
5025,41748830,25870786,67619616,5,0,0,2048,18,1351934207
5026,41749800,26086288,67836088,6,0,0,58880,17,1710557341
5027,41757610,57095553,98853163,3,0,1,28672,4,1277150880
5028,41765310,26229834,67995144,0,0,0,44032,13,4550272305
5029,41773880,57201771,98975651,8,0,1,21504,18,8629535887
5030,41779000,57204061,98983061,3,0,1,512,4,9877649819
5031,41786891,26125868,67912759,3,0,0,28160,4,2630730155
5032,41788740,25883755,67672495,8,0,0,37376,18,2084725057
5033,41809271,57174776,98984047,2,0,1,1536,5,8204932644
5034,41810850,57173863,98984713,5,0,1,1024,18,1772982945
5035,41815590,57254687,99070277,4,0,1,30208,13,3082626404
5036,41816830,57414392,99231222,9,0,1,10752,7,1551118030
5037,41824630,57418993,99243623,3,0,1,25600,4,9310857024
5038,41831150,57412496,99243646,5,0,1,2560,18,7022474997
5039,41836240,57701960,99538200,4,0,1,6144,13,10336774674
5040,41842450,57701242,99543692,3,0,1,17920,4,7855452026
5041,41850850,25725049,67575899,6,0,0,5120,17,4025399856
5042,41883530,57826035,99709565,8,0,1,19968,18,193959099
5043,41917060,26259485,68176545,5,0,0,512,18,9968603899
5044,41921230,26303325,68224555,5,0,0,6144,18,4859206877
5045,41931640,57901017,99832657,9,0,1,29696,7,5462703765
5046,41940821,25801815,67742636,3,0,0,6144,4,8460522576
5047,41961500,25942656,67904156,5,0,0,32768,18,213658379
5048,41972980,25951213,67924193,8,0,0,31232,18,58392522
5049,41976640,25993592,67970232,5,0,0,20992,18,8407700680
5050,41983781,26177650,68161431,3,0,0,12800,4,7702194812
5051,42032820,26228429,68261249,6,0,0,34816,17,4282526879
5052,42033910,57868316,99902226,3,0,1,11776,4,6197418868
5053,42061031,26161450,68222481,3,0,0,59392,4,13362609
5054,42074060,25820089,67894149,5,0,0,5632,18,942861394
5055,42076311,57826581,99902892,2,0,1,1024,5,10219772788
5056,42077250,25848861,67926111,0,0,0,6144,13,9614580711
5057,42077270,25904389,67981659,5,0,0,37376,18,1890287629
5058,42091890,25871923,67963813,6,0,0,25600,17,5447459722
5059,42100670,57803208,99903878,9,0,1,1536,7,5097670292
5060,42102540,26229395,68331935,0,0,0,25600,13,9697225458
5061,42105850,25822499,67928349,0,0,0,3072,13,7744483102
5062,42118550,25921415,68039965,1,0,0,6656,19,2279979362
5063,42119460,26312016,68431476,1,0,0,51200,19,4416610475
5064,42123960,26275687,68399647,6,0,0,159232,17,10385416778
5065,42128260,26043045,68171305,4,0,0,32256,13,9943058039
5066,42130470,25796920,67927390,5,0,0,4096,18,5491007846
5067,42153930,26341108,68495038,8,0,0,1024,18,1066573372
5068,42155280,26025032,68180312,1,0,0,12288,19,8518422080
5069,42219761,25956605,68176366,3,0,0,1536,4,6913582809
5070,42234880,57704457,99939337,8,0,1,3584,18,5658207353
5071,42242131,57778173,100020304,2,0,1,23040,5,1509476529
5072,42242990,25931302,68174292,4,0,0,9728,13,9406657538
5073,42252030,57778255,100030285,9,0,1,512,7,8534069932
5074,42272640,26035871,68308511,1,0,0,2048,19,7131269023
5075,42275461,25777479,68052940,3,0,0,10240,4,4493257515
5076,42277130,26333618,68610748,8,0,0,36864,18,3053146934
5077,42287621,26060873,68348494,3,0,0,54272,4,10005115137
5078,42290790,26207052,68497842,1,0,0,6656,19,3704682829
5079,42313790,25918284,68232074,0,0,0,24576,13,732484010
5080,42325820,57737270,100063090,8,0,1,14336,18,3559566633
5081,42334000,26244306,68578306,0,0,0,22528,13,1404317336
5082,42342370,26410135,68752505,8,0,0,4096,18,2303756390
5083,42345040,57747235,100092275,8,0,1,30720,18,9745003014
5084,42365270,25857390,68222660,8,0,0,512,18,2072087744
5085,42403650,26046559,68450209,5,0,0,26624,18,3431595480
5086,42454570,26335273,68789843,1,0,0,60928,19,6830508797
5087,42454790,25725857,68180647,5,0,0,1024,18,9174457335
5088,42474500,26141678,68616178,9,0,0,15872,7,1833413051
5089,42478380,25789756,68268136,8,0,0,22528,18,4683412069
5090,42479670,57615831,100095501,5,0,1,5120,18,3246665783
5091,42541801,57573649,100115450,2,0,1,11776,5,6245563480
5092,42547830,26139237,68687067,6,0,0,83968,17,3693366518
5093,42550730,57703482,100254212,4,0,1,17920,13,8163971944
5094,42571320,26050965,68622285,2,0,0,19968,5,8907553917
5095,42589590,57667208,100256798,3,0,1,4096,4,1836839993
5096,42600800,57658584,100259384,8,0,1,4096,18,5977172161
5097,42616710,25954709,68571419,5,0,0,113664,18,3894001620
5098,42621940,26260309,68882249,5,0,0,40448,18,9749846088
5099,42634141,25716560,68350701,3,0,0,7168,4,7259346787
5100,42638120,26193448,68831568,0,0,0,15872,13,2684004733
5101,42645630,57617300,100262930,4,0,1,5632,13,7649805937
5102,42646550,25840163,68486713,0,0,0,15360,13,5078196217
5103,42653989,57659614,100313603,0,0,1,16896,13,8716033117
5104,42685220,57628406,100313626,3,0,1,2048,4,9188935211
5105,42686060,25975400,68661460,6,0,0,41984,17,1961388807
5106,42713770,26107962,68821732,2,0,0,42496,5,9199090459
5107,42718130,57595519,100313649,8,0,1,9216,18,9245718463
5108,42718920,25686834,68405754,6,0,0,19968,17,2404324923
5109,42734990,26409974,69144964,5,0,0,45568,18,5817829748
5110,42739410,25886954,68626364,6,0,0,13312,17,3086116076
5111,42740340,57574767,100315107,4,0,1,14336,13,9336683306
5112,42755539,57567064,100322603,6,0,1,17920,17,5147643444
5113,42776340,25804173,68580513,4,0,0,7168,13,4776316460
5114,42818420,25765704,68584124,5,0,0,11776,18,3334307569
5115,42847290,25654475,68501765,8,0,0,12800,18,6408962987
5116,42853030,57486004,100339034,4,0,1,6144,13,7157454387
5117,42856470,25986518,68842988,8,0,0,19456,18,8541681531
5118,42863530,25836219,68699749,1,0,0,35840,19,4881473447
5119,42878870,57465310,100344180,9,0,1,8192,7,6203385070
5120,42879490,25929271,68808761,1,0,0,26112,19,8562881114
5121,42891760,25797046,68688806,5,0,0,5632,18,7698291490
5122,42897179,57447987,100345166,1,0,1,1536,19,10242279903
5123,42905920,25944267,68850187,5,0,0,23552,18,8660765479
5124,42924039,57430464,100354503,6,0,1,7168,17,6127554974
5125,42945710,26424234,69369944,0,0,0,93184,13,5604178041
5126,42952869,57401657,100354526,0,0,1,15360,13,9689906154
5127,42972640,25734308,68706948,6,0,0,23552,17,3113491689
5128,42993830,25752872,68746702,8,0,0,33280,18,9137561111
5129,42998670,25793871,68792541,1,0,0,6656,19,5649242016
5130,43023510,26047804,69071314,6,0,0,15360,17,762140223
5131,43042330,26037295,69079625,6,0,0,25600,17,8741033561
5132,43053190,25861460,68914650,6,0,0,5120,17,10133465473
5133,43064200,26399998,69464198,5,0,0,189952,18,8827725297
5134,43071970,57321853,100393823,9,0,1,4096,7,4298736256
5135,43080899,57314530,100395429,1,0,1,5632,19,9158485525
5136,43085340,57342042,100427382,4,0,1,5632,13,1969931757
5137,43087500,57341188,100428688,5,0,1,2048,18,7883727491
5138,43101870,25792722,68894592,5,0,0,25600,18,1608451346
5139,43103609,57404785,100508394,6,0,1,3584,17,7139448346
5140,43104160,26065399,69169559,5,0,0,2048,18,9442540109
5141,43106130,25664451,68770581,6,0,0,17920,17,9371208604
5142,43111480,57418488,100529968,8,0,1,4608,18,7410566138
5143,43145640,25644850,68790490,0,0,0,2048,13,9767542660
5144,43177339,57352652,100529991,0,0,1,3584,13,8790821890
5145,43180190,57349824,100530014,4,0,1,2048,13,4213811266
5146,43180349,57349696,100530045,6,0,1,3584,17,7707443478
5147,43200181,25636856,68837037,3,0,0,10240,4,10340668681
5148,43209450,25936941,69146391,6,0,0,4608,17,6811991876
5149,43218281,57318362,100536643,2,0,1,13824,5,9318565318
5150,43239379,57515396,100754775,6,0,1,8192,17,2731456501
5151,43251160,57503638,100754798,8,0,1,5632,18,9537749261
5152,43265451,25788944,69054395,3,0,0,24576,4,2232535621
5153,43267920,26305179,69573099,1,0,0,138240,19,7709887299
5154,43273460,25548607,68822067,5,0,0,1024,18,5240661436
5155,43274020,26003566,69277586,0,0,0,13312,13,9087082614
5156,43294510,25769660,69064170,1,0,0,4608,19,2423225499
5157,43317890,25960435,69278325,6,0,0,2048,17,9858814742
5158,43335620,25823893,69159513,8,0,0,19968,18,4163567326
5159,43345530,25995999,69341529,8,0,0,46080,18,3324646232
5160,43348600,26136244,69484844,8,0,0,67584,18,3204720393
5161,43355550,25908574,69264124,6,0,0,56320,17,6228446316
5162,43359190,26574382,69933572,6,0,0,40960,17,438259781
5163,43360491,26503202,69863693,3,0,0,45568,4,10243315941
5164,43364550,26146860,69511410,8,0,0,30208,18,1413469860
5165,43366501,26135682,69502183,3,0,0,56832,4,5368824217
5166,43368840,57389436,100758276,5,0,1,2560,18,3862631688
5167,43376830,25999587,69376417,1,0,0,12288,19,10679755226
5168,43386660,57473754,100860414,9,0,1,32768,7,4839126003
5169,43395930,25877577,69273507,8,0,0,30720,18,7447398376
5170,43407740,25819659,69227399,6,0,0,20480,17,267491354
5171,43461730,25910897,69372627,5,0,0,8704,18,786091353
5172,43473970,26168025,69641995,0,0,0,94720,13,9945115321
5173,43475970,57436181,100912151,8,0,1,2560,18,10522934268
5174,43481570,57431657,100913227,8,0,1,13312,18,751362700
5175,43488371,25801271,69289642,3,0,0,32768,4,4951739335
5176,43488781,26216047,69704828,3,0,0,10240,4,5944630847
5177,43495231,26421261,69916492,3,0,0,17920,4,8856822940
5178,43498509,57472320,100970829,0,0,1,4608,13,1342121843
5179,43514111,26454482,69968593,3,0,0,45568,4,6560912974
5180,43535390,26072988,69608378,8,0,0,115712,18,4577447769
5181,43537500,26157377,69694877,2,0,0,33280,5,7278865262
5182,43549410,25981546,69530956,9,0,0,41472,7,3024608671
5183,43550790,26102670,69653460,8,0,0,37376,18,8863454592
5184,43555280,26293676,69848956,1,0,0,80896,19,7848110686
5185,43566911,25839388,69406299,3,0,0,19968,4,7939335614
5186,43567950,57469350,101037300,5,0,1,5120,18,9730314253
5187,43587401,25799129,69386530,3,0,0,13312,4,3802581866
5188,43604600,25913697,69518297,8,0,0,22528,18,2523992691
5189,43608470,57445597,101054067,5,0,1,11264,18,9158342975
5190,43618501,25994588,69613089,3,0,0,15360,4,4345960004
5191,43621579,57483286,101104865,6,0,1,13312,17,3159178639
5192,43631120,26086351,69717471,8,0,0,512,18,10463381427
5193,43632380,26052326,69684706,8,0,0,68096,18,701260387
5194,43658510,26372868,70031378,0,0,0,22528,13,7132549746
5195,43667590,25996345,69663935,6,0,0,34304,17,7521611529
5196,43678560,57426663,101105223,7,0,1,5632,15,10280252640
5197,43681789,57442200,101123989,6,0,1,4608,17,6778193439
5198,43682040,26386521,70068561,5,0,0,107520,18,1233891482
5199,43723370,26284065,70007435,8,0,0,11264,18,5355265688
5200,43761770,25934534,69696304,8,0,0,4608,18,2334269743
5201,43765690,25951602,69717292,1,0,0,36864,19,1687513455
5202,43781399,57442964,101224363,1,0,1,7680,19,6940743084
5203,43792940,25977674,69770614,6,0,0,13824,17,4517724111
5204,43806040,25990746,69796786,5,0,0,14336,18,9576716947
5205,43812990,26416541,70229531,8,0,0,45568,18,7524193115
5206,43829490,57427677,101257167,9,0,1,34304,7,5041942601
5207,43834050,26336674,70170724,2,0,0,36352,5,10373657638
5208,43835090,57487317,101322407,9,0,1,9216,7,5580978731
5209,43836420,25987865,69824285,2,0,0,27136,5,4760771800
5210,43839221,57559125,101398346,2,0,1,4608,5,7156142357
5211,43843440,25853675,69697115,5,0,0,2560,18,1467821821
5212,43862400,26141580,70003980,6,0,0,70144,17,2861446314
5213,43863300,57542300,101405600,8,0,1,4096,18,2522496045
5214,43870470,26420661,70291131,1,0,0,65024,19,1018088307
5215,43896281,26002346,69898627,3,0,0,22016,4,6492674881
5216,43898990,26050205,69949195,2,0,0,51200,5,9088421297
5217,43910430,26191261,70101691,1,0,0,6656,19,1819487394
5218,43932699,57488218,101420917,0,0,1,6656,13,6741594124
5219,43959790,57478967,101438757,8,0,1,5120,18,8431754081
5220,43967740,25986938,69954678,1,0,0,17920,19,5125042422
5221,44024091,26060428,70084519,3,0,0,6144,4,1597461240
5222,44025291,25738006,69763297,3,0,0,8704,4,10143286143
5223,44028130,26161571,70189701,1,0,0,22016,19,1830435000
5224,44031670,25948856,69980526,8,0,0,3584,18,8815192008
5225,44031910,26380224,70412134,0,0,0,71680,13,5108577561
5226,44035051,57404412,101439463,2,0,1,7680,5,2883559611
5227,44037610,25941801,69979411,1,0,0,15872,19,3610521921
5228,44046579,57496410,101542989,1,0,1,27136,19,7812613196
5229,44053690,26074667,70128357,6,0,0,5120,17,109417565
5230,44057580,26249759,70307339,2,0,0,49664,5,2954327694
5231,44060960,26443185,70504145,6,0,0,6656,17,5817293159
5232,44066960,26015664,70082624,8,0,0,46080,18,4729020348
5233,44072010,25902534,69974544,0,0,0,19456,13,3672346538
5234,44082630,26352303,70434933,1,0,0,74752,19,8154860901
5235,44084701,57458311,101543012,2,0,1,512,5,7640186450
5236,44088719,57459761,101548480,0,0,1,15360,13,6353624299
5237,44100181,25999459,70099640,3,0,0,28672,4,5413490493
5238,44106110,26137468,70243578,2,0,0,27136,5,6422087476
5239,44108770,25902588,70011358,7,0,0,12800,15,2073893480
5240,44108980,26471335,70580315,2,0,0,28672,5,10687233093
5241,44109800,26049825,70159625,6,0,0,34816,17,501853938
5242,44113680,57440087,101553767,4,0,1,16896,13,1078563358
5243,44119130,26488508,70607638,5,0,0,89600,18,4293729714
5244,44133870,57429210,101563080,8,0,1,7680,18,1883120521
5245,44140659,57467430,101608089,0,0,1,20992,13,3201182254
5246,44157640,57593450,101751090,8,0,1,15360,18,7107601670
5247,44158800,57615657,101774457,4,0,1,12288,13,7003934771
5248,44177630,57840197,102017827,4,0,1,39424,13,9665250783
5249,44185329,57832521,102017850,6,0,1,12288,17,10229998576
5250,44186700,25938044,70124744,2,0,0,10240,5,9364151905
5251,44200370,26236302,70436672,5,0,0,5632,18,4925539561
5252,44201869,57820239,102022108,6,0,1,22016,17,6933944170
5253,44217420,26271005,70488425,8,0,0,7680,18,10649646554
5254,44220900,57836492,102057392,4,0,1,13824,13,6562103178
5255,44238800,57860805,102099605,8,0,1,4608,18,3668890935
5256,44245079,57854549,102099628,6,0,1,3072,17,7524415387
5257,44254791,26586489,70841280,3,0,0,47104,4,5978868428
5258,44258190,26199409,70457599,1,0,0,68608,19,8119131275
5259,44260630,26393227,70653857,8,0,0,23552,18,3092434869
5260,44265880,26354954,70620834,1,0,0,36864,19,6389967301
5261,44272520,26274309,70546829,6,0,0,37888,17,5335794101
5262,44292990,26333647,70626637,2,0,0,18944,5,7288320573
5263,44307230,57792421,102099651,4,0,1,16896,13,6271200663
5264,44311520,26329694,70641214,5,0,0,9728,18,7341050743
5265,44318480,26070104,70388584,8,0,0,37888,18,1437590130
5266,44320639,57795914,102116553,6,0,1,11776,17,9737919461
5267,44349600,26288627,70638227,9,0,0,34304,7,4951139146
5268,44355950,26568226,70924176,6,0,0,49664,17,10635326565
5269,44357000,26406936,70763936,6,0,0,21504,17,7057502123
5270,44372091,26096702,70468793,3,0,0,13824,4,793390051
5271,44377130,26582332,70959462,8,0,0,20480,18,8662064357
5272,44391890,26307220,70699110,5,0,0,25088,18,6344007035
5273,44398680,26642626,71041306,0,0,0,51200,13,6699396718
5274,44400980,26417748,70818728,8,0,0,20480,18,3076938834
5275,44404580,57787534,102192114,8,0,1,47616,18,7409321371
5276,44423980,26203772,70627752,0,0,0,3584,13,4309165534
5277,44425350,26366419,70791769,6,0,0,8704,17,8103555249
5278,44442650,26219662,70662312,5,0,0,27648,18,1147277767
5279,44455120,26626191,71081311,2,0,0,50688,5,10447615919
5280,44457080,26189578,70646658,2,0,0,13824,5,3604482817
5281,44474380,26051017,70525397,1,0,0,2560,19,5081603411
5282,44475330,26467116,70942446,8,0,0,41984,18,1978328992
5283,44484240,26737782,71222022,6,0,0,26624,17,6982033140
5284,44484920,26264150,70749070,0,0,0,38912,13,10332497194
5285,44493450,57720041,102213491,4,0,1,8192,13,9881934197
5286,44500779,57714018,102214797,0,0,1,2048,13,4192556973
5287,44514430,26242931,70757361,1,0,0,27136,19,6012915722
5288,44526680,57689423,102216103,4,0,1,2048,13,2900779819
5289,44527410,26337118,70864528,6,0,0,53760,17,2021976353
5290,44540850,26068729,70609579,5,0,0,6144,18,5591622742
5291,44541400,57697361,102238761,9,0,1,2560,7,7783925637
5292,44542200,26139795,70681995,2,0,0,6144,5,4978972193
5293,44549351,26452466,71001817,3,0,0,10240,4,8528093364
5294,44555989,57682795,102238784,6,0,1,13312,17,4855522170
5295,44564840,26777011,71341851,9,0,0,57856,7,8265785260
5296,44572530,57691964,102264494,3,0,1,1536,4,9316432853
5297,44584210,26667076,71251286,2,0,0,51712,5,2447664032
5298,44604120,26208345,70812465,5,0,0,45056,18,1380284705
5299,44605560,26663888,71269448,9,0,0,19456,7,8923730553
5300,44613630,26515355,71128985,0,0,0,7680,13,1182542529
5301,44613920,26150351,70764271,5,0,0,1024,18,9127366077
5302,44614110,57653610,102267720,9,0,1,5120,7,6442388947
5303,44615180,26984595,71599775,2,0,0,49152,5,7555999457
5304,44633680,26447966,71081646,0,0,0,1024,13,5636127146
5305,44647080,26222154,70869234,8,0,0,6656,18,2343343854
5306,44649470,26441091,71090561,5,0,0,29184,18,1277053006
5307,44682130,26428869,71110999,1,0,0,29696,19,1890638032
5308,44686040,57686483,102372523,8,0,1,14336,18,7614522685
5309,44694499,57769890,102464389,0,0,1,3584,13,6398446214
5310,44696779,57767633,102464412,0,0,1,7680,13,1493512851
5311,44703210,26616482,71319692,9,0,0,23040,7,3779054743
5312,44706450,26218529,70924979,0,0,0,2560,13,421367904
5313,44713500,26413122,71126622,8,0,0,51200,18,5913579777
5314,44715870,26714528,71430398,9,0,0,72704,7,183304814
5315,44728440,26529597,71258037,6,0,0,10752,17,7581115639
5316,44728870,26710287,71439157,1,0,0,28672,19,3009787609
5317,44729461,26732761,71462222,3,0,0,24064,4,1643864213
5318,44737030,26609680,71346710,8,0,0,15872,18,6804017728
5319,44738421,26475466,71213887,3,0,0,62976,4,6190671891
5320,44752301,57713569,102465870,2,0,1,2560,5,4510267944
5321,44754350,27137519,71891869,5,0,0,81408,18,7501422269
5322,44776270,26504730,71281000,6,0,0,12800,17,8455394140
5323,44788200,26463265,71251465,1,0,0,512,19,3147608527
5324,44794260,26866685,71660945,5,0,0,16896,18,5746850278
5325,44794790,26225781,71020571,2,0,0,2560,5,4185824041
5326,44796289,57669604,102465893,0,0,1,2048,13,985762695
5327,44802410,26573166,71375576,6,0,0,28160,17,3632382398
5328,44814849,57743026,102557875,6,0,1,18432,17,9129879515
5329,44815590,26684698,71500288,2,0,0,19456,5,1833170781
5330,44824600,26400409,71225009,0,0,0,9728,13,6975849751
5331,44826250,26362724,71188974,7,0,0,16896,15,10584760687
5332,44853570,26373802,71227372,0,0,0,7680,13,3963520629
5333,44877620,57680278,102557898,5,0,1,1024,18,3804600108
5334,44880020,26215438,71095458,9,0,0,4608,7,1146073472
5335,44884300,57801370,102685670,8,0,1,31232,18,5738834238
5336,44890561,26727645,71618206,3,0,0,60416,4,560969211
5337,44901720,26873733,71775453,9,0,0,39424,7,3151177870
5338,44903389,58136831,103040220,6,0,1,19968,17,7015591707
5339,44906600,26276098,71182698,0,0,0,2560,13,7161821687
5340,44936750,58108196,103044946,8,0,1,12288,18,8479438012
5341,44939880,26817956,71757836,4,0,0,18944,13,9719841237
5342,44947931,58097038,103044969,2,0,1,6656,5,1659739762
5343,44962960,26895399,71858359,0,0,0,107520,13,7958825830
5344,44974591,26777450,71752041,3,0,0,123904,4,9754283594
5345,44986570,26499530,71486100,5,0,0,18432,18,10725159946
5346,45013270,26215373,71228643,4,0,0,4096,13,10622876237
5347,45014310,58042349,103056659,3,0,1,4608,4,6050245529
5348,45022610,27008213,72030823,4,0,0,62464,13,7966431860
5349,45035000,27175087,72210087,4,0,0,121344,13,9047394238
5350,45042280,26306325,71348605,5,0,0,6144,18,6160581914
5351,45060971,58054144,103115115,2,0,1,512,5,7022199862
5352,45064609,58127039,103191648,6,0,1,44544,17,7738119809
5353,45082790,26282357,71365147,1,0,0,7680,19,7424861973
5354,45082930,26495439,71578369,4,0,0,2560,13,3525162290
5355,45105660,26833489,71939149,8,0,0,75264,18,4206330769
5356,45128750,26999056,72127806,1,0,0,114176,19,1456297425
5357,45131571,26880006,72011577,3,0,0,512,4,4827759023
5358,45140189,58100800,103240989,6,0,1,5632,17,2738044606
5359,45152190,58088822,103241012,9,0,1,2048,7,10269069104
5360,45164220,27051194,72215414,2,0,0,17408,5,2739869174
5361,45203040,26557159,71760199,4,0,0,7680,13,2243707685
5362,45206490,27276789,72483279,6,0,0,31232,17,7232509608
5363,45222470,26593738,71816208,0,0,0,40960,13,7090026948
5364,45231740,27078131,72309871,6,0,0,103936,17,6571481816
5365,45240550,26900383,72140933,5,0,0,43008,18,2777126542
5366,45252390,26718103,71970493,2,0,0,35840,5,144550468
5367,45264270,26530834,71795104,6,0,0,16896,17,3944021060
5368,45264461,26447961,71712422,3,0,0,6144,4,4499637462
5369,45277030,57989635,103266665,5,0,1,9728,18,1470636148
5370,45284310,26335323,71619633,7,0,0,4608,15,2569970736
5371,45287439,57986472,103273911,1,0,1,7168,19,9461231898
5372,45290170,27141821,72431991,8,0,0,91648,18,2980046344
5373,45290560,26960360,72250920,1,0,0,66560,19,4180229131
5374,45304290,26915515,72219805,2,0,0,14336,5,4224149626
5375,45307270,27136444,72443714,5,0,0,38400,18,9138031123
5376,45312221,27018756,72330977,3,0,0,49152,4,9285307972
5377,45313060,26447318,71760378,1,0,0,512,19,6804468552
5378,45317690,26775305,72092995,0,0,0,78848,13,3208384802
5379,45321170,26851922,72173092,8,0,0,105472,18,2685208523
5380,45325050,27255202,72580252,2,0,0,17920,5,1110290420
5381,45327230,27417426,72744656,0,0,0,80896,13,6910366287
5382,45345070,27199615,72544685,1,0,0,71168,19,9004086723
5383,45374360,27088432,72462792,5,0,0,14848,18,8979617418
5384,45400840,27206891,72607731,0,0,0,90112,13,10540943702
5385,45410550,26947257,72357807,4,0,0,21504,13,10050956723
5386,45422360,57936066,103358426,4,0,1,5120,13,2033143488
5387,45429271,27028974,72458245,3,0,0,47616,4,8559844765
5388,45431969,57932431,103364400,1,0,1,6656,19,705439471
5389,45437320,27607024,73044344,1,0,0,301568,19,8477832262
5390,45455171,26948873,72404044,3,0,0,17920,4,9145286219
5391,45482620,27327024,72809644,0,0,0,145408,13,6172951677
5392,45487660,26986080,72473740,8,0,0,20992,18,9134324637
5393,45500730,57939338,103440068,5,0,1,19456,18,1293199284
5394,45504050,27322135,72826185,6,0,0,8192,17,5878375315
5395,45509980,27210005,72719985,5,0,0,20480,18,4946645687
5396,45511440,26804538,72315978,4,0,0,19968,13,7071992260
5397,45516670,27359292,72875962,5,0,0,19456,18,2936106645
5398,45526980,27413265,72940245,1,0,0,18432,19,2214928855
5399,45529920,27711594,73241514,0,0,0,22016,13,5244106633
5400,45534790,26932531,72467321,6,0,0,5632,17,5507159688
5401,45537291,26928291,72465582,3,0,0,8704,4,9584927445
5402,45541530,27280484,72822014,8,0,0,16384,18,7381851369
5403,45554760,27306786,72861546,7,0,0,15360,15,3210111057
5404,45578399,57946006,103524405,0,0,1,5632,13,9130046454
5405,45581290,27467913,73049203,7,0,0,15872,15,9786927264
5406,45589050,26960321,72549371,8,0,0,14848,18,1747158788
5407,45598660,27166611,72765271,2,0,0,67584,5,4119803408
5408,45615260,27501103,73116363,0,0,0,50176,13,9686511841
5409,45621410,27442971,73064381,1,0,0,12800,19,1944519225
5410,45621700,27556037,73177737,9,0,0,28672,7,7370641334
5411,45628750,27556373,73185123,9,0,0,8192,7,7817835466
5412,45630060,26930044,72560104,1,0,0,12288,19,5165062380
5413,45634940,27675648,73310588,9,0,0,2560,7,484807915
5414,45645300,27289306,72934606,4,0,0,45568,13,9267632707
5415,45650340,27801525,73451865,6,0,0,10240,17,3494243971
5416,45654760,27162239,72816999,0,0,0,24064,13,10308123307
5417,45662750,57862628,103525378,8,0,1,12800,18,3082728414
5418,45682010,27141656,72823666,9,0,0,5120,7,5931120611
5419,45682260,27543429,73225689,4,0,0,50688,13,7360605433
5420,45694180,27147940,72842120,0,0,0,52224,13,8948336652
5421,45695470,27614315,73309785,2,0,0,49664,5,9539651699
5422,45696860,26927451,72624311,5,0,0,3584,18,4718772503
5423,45700060,27143362,72843422,5,0,0,4096,18,280262357
5424,45704480,26905036,72609516,1,0,0,5632,19,921384627
5425,45710920,26902951,72613871,8,0,0,4608,18,9203346946
5426,45720699,58551180,104271879,0,0,1,112128,13,10082513389
5427,45736780,27323678,73060458,4,0,0,36864,13,6956363308
5428,45746940,27617665,73364605,2,0,0,33280,5,7995101432
5429,45749920,27413152,73163072,1,0,0,23552,19,8499062055
5430,45759580,27675547,73435127,1,0,0,30720,19,490007736
5431,45762551,58636739,104399290,2,0,1,4608,5,7884002634
5432,45767920,58631393,104399313,5,0,1,1536,18,4999231135
5433,45787860,27753990,73541850,7,0,0,28672,15,539377811
5434,45788491,27783871,73572362,3,0,0,77312,4,7002764398
5435,45792070,27390526,73182596,8,0,0,15872,18,2695548505
5436,45795410,27653312,73448722,0,0,0,44544,13,9280390418
5437,45801180,27824915,73626095,0,0,0,99840,13,5285208087
5438,45803150,27431633,73234783,8,0,0,10240,18,3891866672
5439,45807480,27823474,73630954,8,0,0,15872,18,9391723698
5440,45815780,27394442,73210222,7,0,0,24576,15,421269373
5441,45819000,27714091,73533091,6,0,0,60416,17,4133388563
5442,45831900,27925649,73757549,0,0,0,20992,13,7120485643
5443,45838000,27528508,73366508,6,0,0,6144,17,1987984072
5444,45838231,58651740,104489971,2,0,1,6144,5,2739745453
5445,45838360,27638414,73476774,4,0,0,34816,13,3605306364
5446,45842290,27651378,73493668,5,0,0,48640,18,3565427378
5447,45844480,27220860,73065340,7,0,0,3072,15,3092961283
5448,45847590,27447040,73294630,7,0,0,3072,15,6928328768
5449,45848460,27062170,72910630,9,0,0,8192,7,183359465
5450,45860600,27433071,73293671,6,0,0,51200,17,1629256691
5451,45863230,27615595,73478825,6,0,0,6656,17,4037101359
5452,45865370,27486998,73352368,8,0,0,96768,18,2419169365
5453,45865810,27680298,73546108,6,0,0,5120,17,518840854
5454,45867860,27486559,73354419,9,0,0,6656,7,9376323295
5455,45876650,27502406,73379056,7,0,0,23040,15,1006108251
5456,45880330,27793045,73673375,6,0,0,93696,17,7728141718
5457,45886671,27657854,73544525,3,0,0,8704,4,5701119919
5458,45889930,27341710,73231640,0,0,0,19456,13,3360404292
5459,45898260,28006867,73905127,8,0,0,25088,18,7372892078
5460,45914670,28110369,74025039,5,0,0,151552,18,3068972451
5461,45917250,27811156,73728406,0,0,0,24064,13,768121991
5462,45920061,27714862,73634923,3,0,0,6656,4,3206272217
5463,45926520,58645902,104572422,8,0,1,7168,18,2276058965
5464,45928010,28356907,74284917,4,0,0,50176,13,4142271774
5465,45935990,28016640,73952630,4,0,0,7680,13,9837739035
5466,45944800,58643380,104588180,5,0,1,6656,18,6010152338
5467,45958090,58634302,104592392,3,0,1,16896,4,84643989
5468,45961709,58752839,104714548,0,0,1,10240,13,9632015828
5469,45962489,58753339,104715828,1,0,1,14336,19,8817060856
5470,45963130,27934307,73897437,5,0,0,23552,18,571258672
5471,45970050,27885014,73855064,6,0,0,32768,17,10168625740
5472,45994939,58773917,104768856,6,0,1,2048,17,1127343741
5473,46005700,27742994,73748694,6,0,0,14848,17,359210345
5474,46020280,27528503,73548783,5,0,0,8704,18,6475436745
5475,46050480,27723214,73773694,0,0,0,51712,13,5904319398
5476,46054330,28545246,74599576,0,0,0,100352,13,176983749
5477,46064860,27970833,74035693,6,0,0,28160,17,7697913081
5478,46066090,27639773,73705863,6,0,0,19968,17,4590662982
5479,46077729,58766204,104843933,0,0,1,20480,13,2718015741
5480,46092040,27540832,73632872,9,0,0,5632,7,187386971
5481,46102580,27945419,74047999,4,0,0,6656,13,2203703395
5482,46102830,28150477,74253307,4,0,0,17920,13,2365860341
5483,46115590,27729467,73845057,1,0,0,1024,19,8870561288
5484,46120680,27769535,73890215,7,0,0,36864,15,381415941
5485,46159359,58726483,104885842,1,0,1,37376,19,4376799394
5486,46160680,27971829,74132509,0,0,0,5632,13,8902867317
5487,46163321,27664281,73827602,3,0,0,1024,4,3265059812
5488,46167290,27677432,73844722,1,0,0,34816,19,6693025094
5489,46191430,27439703,73631133,1,0,0,512,19,26951242
5490,46192570,28136300,74328870,1,0,0,80896,19,1248687345
5491,46202000,28277408,74479408,8,0,0,37888,18,9330905937
5492,46202990,28303399,74506389,0,0,0,24576,13,7352177617
5493,46215970,28601241,74817211,5,0,0,220672,18,3796822102
5494,46226940,28632754,74859694,5,0,0,21504,18,7008728699
5495,46258730,27824964,74083694,5,0,0,2048,18,8338034232
5496,46260610,27923791,74184401,9,0,0,81408,7,8921103382
5497,46261130,28270126,74531256,1,0,0,20480,19,4240046765
5498,46270800,27977001,74247801,8,0,0,94720,18,1854348752
5499,46275390,27660682,73936072,8,0,0,51200,18,3069182810
5500,46275710,27836581,74112291,7,0,0,34304,15,10262111952
5501,46276810,27916586,74193396,7,0,0,9216,15,3242613769
5502,46300350,28167491,74467841,4,0,0,29184,13,7923143432
5503,46300740,28432606,74733346,1,0,0,24064,19,6013834757
5504,46307380,27792383,74099763,7,0,0,48640,15,10075998385
5505,46309851,28513334,74823185,3,0,0,14336,4,9589672716
5506,46319810,27707280,74027090,8,0,0,6656,18,7182490819
5507,46320170,28640358,74960528,8,0,0,50688,18,6718610019
5508,46337140,27573509,73910649,4,0,0,4096,13,5356574689
5509,46347220,58542488,104889708,4,0,1,6144,13,8267436535
5510,46357040,28526123,74883163,7,0,0,5632,15,2804316220
5511,46371670,28509754,74881424,7,0,0,13312,15,2294749633
5512,46386311,28217100,74603411,3,0,0,9216,4,4825356876
5513,46389920,58501862,104891782,9,0,1,13824,7,9273920197
5514,46392270,28448901,74841171,2,0,0,44544,5,7805025242
5515,46392470,58499466,104891936,4,0,1,8704,13,7492748194
5516,46401480,28628432,75029912,8,0,0,6144,18,466527092
5517,46406179,58565134,104971313,6,0,1,18944,17,6887354301
5518,46412040,27973144,74385184,4,0,0,24064,13,6783750407
5519,46415200,27916368,74331568,9,0,0,512,7,9226126222
5520,46424549,59971429,106395978,6,0,1,469504,17,6549706821
5521,46425480,60013451,106438931,5,0,1,2048,18,3785375398
5522,46431040,27873159,74304199,1,0,0,23552,19,3486893657
5523,46432330,28075018,74507348,5,0,0,3072,18,6585159949
5524,46435739,60034305,106470044,1,0,1,10240,19,9458989993
5525,46440700,28224909,74665609,6,0,0,31744,17,9743512889
5526,46454600,28091699,74546299,7,0,0,14336,15,10474313315
5527,46464641,27663035,74127676,3,0,0,1024,4,4248470008
5528,46467440,27800912,74268352,5,0,0,27136,18,8229593046
5529,46477860,59992207,106470067,3,0,1,8192,4,7046470560
5530,46488150,59981940,106470090,8,0,1,3584,18,6008203681
5531,46501930,28526041,75027971,7,0,0,86528,15,7968549705
5532,46516660,27668167,74184827,7,0,0,1024,15,4563169343
5533,46539230,28288346,74827576,1,0,0,14336,19,3811688271
5534,46540800,28277994,74818794,7,0,0,5120,15,4812663865
5535,46566050,28596882,75162932,7,0,0,27136,15,10672152661
5536,46580230,27676875,74257105,6,0,0,12288,17,9735097009
5537,46587421,28721783,75309204,3,0,0,105472,4,3689209111
5538,46596390,28555820,75152210,7,0,0,17408,15,5692726874
5539,46597510,28662664,75260174,7,0,0,22528,15,1130652540
5540,46600680,27823637,74424317,2,0,0,17408,5,4250715226
5541,46606570,28437509,75044079,0,0,0,2048,13,1750824059
5542,46608189,59861924,106470113,0,0,1,512,13,8258121468
5543,46622090,28863460,75485550,0,0,0,95232,13,3671372132
5544,46625920,28362409,74988329,1,0,0,24576,19,3396953869
5545,46628510,27702879,74331389,1,0,0,8192,19,6095544789
5546,46651749,59840117,106491866,1,0,1,9216,19,9393474386
5547,46655410,27700635,74356045,5,0,0,2560,18,65900454
5548,46655860,27719787,74375647,2,0,0,15872,5,10320064452
5549,46660440,59831449,106491889,4,0,1,512,13,2548188687
5550,46663570,59828342,106491912,4,0,1,23552,13,4892288629
5551,46666250,27813828,74480078,0,0,0,2048,13,5848250324
5552,46670060,27662623,74332683,5,0,0,3584,18,2465233927
5553,46670870,27679367,74350237,6,0,0,8704,17,2782336924
5554,46673350,59818585,106491935,3,0,1,2048,4,9079838684
5555,46675690,27806649,74482339,7,0,0,2560,15,3311254435
5556,46680460,28405250,75085710,5,0,0,10240,18,5029855627
5557,46687020,28524816,75211836,2,0,0,93696,5,10389219969
5558,46687771,27811107,74498878,3,0,0,23040,4,5027929890
5559,46693790,28821111,75514901,4,0,0,96256,13,8995700474
5560,46713800,28563245,75277045,9,0,0,55296,7,5055661544
5561,46727640,59774645,106502285,3,0,1,13824,4,5653441972
5562,46745690,28166231,74911921,7,0,0,41472,15,8853322306
5563,46748080,28294549,75042629,6,0,0,41472,17,4383365379
5564,46749130,59753178,106502308,5,0,1,7680,18,4902423081
5565,46751253,28612743,75363996,7,0,0,1024,15,9287836474
5566,46754200,28123145,74877345,0,0,0,57856,13,2303643275
5567,46757500,28857224,75614724,1,0,0,54272,19,3320968689
5568,46760660,28781119,75541779,7,0,0,79360,15,3435879118
5569,46778030,59757131,106535161,5,0,1,15360,18,3358926367
5570,46778290,28540773,75319063,5,0,0,32256,18,6720403757
5571,46784489,59836779,106621268,6,0,1,39936,17,7936686449
5572,46785880,28666515,75452395,9,0,0,34304,7,7452768978
5573,46806710,28092552,74899262,8,0,0,52736,18,3985007808
5574,46809020,28746556,75555576,1,0,0,34816,19,9104230131
5575,46813470,28039626,74853096,6,0,0,8704,17,4433743032
5576,46822800,28027621,74850421,5,0,0,28672,18,8845737274
5577,46827041,59805179,106632220,2,0,1,7680,5,10430897301
5578,46845630,28078060,74923690,2,0,0,38400,5,8226736739
5579,46846400,28090913,74937313,6,0,0,10240,17,6403995540
5580,46847050,29335462,76182512,2,0,0,192512,5,8093743572
5581,46868260,28797652,75665912,1,0,0,9216,19,2489095968
5582,46880310,29042634,75922944,8,0,0,36352,18,10695234590
5583,46900060,28890733,75790793,0,0,0,40448,13,7088618077
5584,46917040,29024647,75941687,4,0,0,61440,13,2070806632
5585,46929560,27912102,74841662,6,0,0,1536,17,1331382108
5586,46936210,29096155,76032365,0,0,0,20992,13,8028579575
5587,46957319,59675260,106632579,0,0,1,9728,13,5203278584
5588,46983090,28198982,75182072,4,0,0,14336,13,10678295916
5589,46984150,28004826,74988976,6,0,0,2048,17,3121367553
5590,47012320,28032718,75045038,1,0,0,3072,19,2938023212
5591,47015410,27947348,74962758,4,0,0,7168,13,1146934655
5592,47019560,28325172,75344732,8,0,0,31744,18,10123525994
5593,47020940,28022492,75043432,5,0,0,2560,18,734343112
5594,47023380,28755066,75778446,1,0,0,76288,19,2248829376
5595,47035490,29043782,76079272,1,0,0,46592,19,3702337649
5596,47040340,28848380,75888720,4,0,0,20992,13,8612122118
5597,47043311,29060701,76104012,3,0,0,43520,4,4381747172
5598,47050261,28968587,76018848,3,0,0,61440,4,7688103968
5599,47056620,28593178,75649798,9,0,0,25600,7,4075082588
5600,47058710,28507904,75566614,0,0,0,33792,13,5397985721
5601,47059581,28457995,75517576,3,0,0,8704,4,374546800
5602,47077729,59651242,106728971,0,0,1,17408,13,4246781387
5603,47086260,28873725,75959985,7,0,0,59904,15,2711674522
5604,47092270,28790031,75882301,1,0,0,49664,19,8898708885
5605,47092570,29145905,76238475,7,0,0,81408,15,5410575725
5606,47093120,28333422,75426542,8,0,0,11776,18,6925748561
5607,47094940,28547035,75641975,4,0,0,23040,13,8536390303
5608,47097570,27948115,75045685,9,0,0,2048,7,4231645136
5609,47120710,28542371,75663081,9,0,0,43520,7,8748644366
5610,47132550,28286030,75418580,2,0,0,1024,5,663988037
5611,47134031,28865895,75999926,3,0,0,2560,4,4637429787
5612,47139660,29135459,76275119,4,0,0,3072,13,9512728099
5613,47140540,28844786,75985326,6,0,0,14848,17,4004425433
5614,47153969,59575668,106729637,0,0,1,1024,13,4726047241
5615,47168740,28851403,76020143,6,0,0,4096,17,7439828937
5616,47174331,59560151,106734482,2,0,1,3072,5,7733775644
5617,47183470,29084246,76267716,9,0,0,90624,7,4252768373
5618,47183890,28780174,75964064,8,0,0,13312,18,9793083695
5619,47184110,28360835,75544945,8,0,0,6144,18,5334957595
5620,47189860,59544645,106734505,3,0,1,2048,4,3490365059
5621,47202280,29006041,76208321,8,0,0,39424,18,1481329877
5622,47209320,28199622,75408942,6,0,0,5120,17,479138794
5623,47214280,29233513,76447793,2,0,0,34304,5,3664234280
5624,47214430,28876299,76090729,0,0,0,37376,13,8646977892
5625,47215210,28849376,76064586,8,0,0,5120,18,6257321228
5626,47217079,59545124,106762203,1,0,1,19968,19,3776920212
5627,47218970,29519919,76738889,9,0,0,24576,7,8257760795
5628,47229930,28766674,75996604,2,0,0,19456,5,8128793027
5629,47239120,28656510,75895630,8,0,0,21504,18,9835899880
5630,47255900,29359047,76614947,2,0,0,67584,5,5895899132
5631,47260430,28739675,76000105,8,0,0,512,18,6277006427
5632,47263600,28932663,76196263,6,0,0,45056,17,2530164420
5633,47269849,59499950,106769799,0,0,1,1536,13,8164084341
5634,47278010,28174564,75452574,6,0,0,512,17,6984071179
5635,47286500,28256550,75543050,0,0,0,4096,13,337678156
5636,47316350,28975930,76292280,8,0,0,23552,18,2225153635
5637,47318080,29809904,77127984,1,0,0,51712,19,3573051191
5638,47320340,29241350,76561690,9,0,0,1024,7,1974082418
5639,47329679,59541861,106871540,1,0,1,23040,19,4997529783
5640,47329890,29776185,77106075,2,0,0,443904,5,9241754146
5641,47342200,28656923,75999123,7,0,0,8192,15,197326744
5642,47351170,29512064,76863234,9,0,0,73728,7,10175440342
5643,47356199,59516327,106872526,1,0,1,1536,19,7548148217
5644,47356711,59516161,106872872,2,0,1,512,5,9791137720
5645,47362270,29392094,76754364,6,0,0,35328,17,266319031
5646,47364540,29272738,76637278,1,0,0,73216,19,5201797743
5647,47367160,29765550,77132710,1,0,0,12800,19,3532352062
5648,47376311,28512744,75889055,3,0,0,1024,4,3532195919
5649,47391300,29144421,76535721,9,0,0,41472,7,899968443
5650,47415889,59460209,106876098,1,0,1,5120,19,2835500201
5651,47416950,28796698,76213648,7,0,0,17408,15,2538986644
5652,47419930,28684885,76104815,5,0,0,2560,18,3181044926
5653,47427620,28598326,76025946,2,0,0,18944,5,432137640
5654,47447670,29504535,76952205,8,0,0,25088,18,3420741204
5655,47458600,29180105,76638705,0,0,0,4608,13,7459064437
5656,47459960,29484578,76944538,1,0,0,36352,19,2030312486
5657,47472650,28508129,75980779,0,0,0,54784,13,3693684607
5658,47473730,29497062,76970792,6,0,0,60928,17,5443873425
5659,47491131,59390459,106881590,2,0,1,17920,5,10363178285
5660,47494429,59608282,107102711,1,0,1,14336,19,4747391788
5661,47502100,29175648,76677748,5,0,0,12288,18,2563186434
5662,47516560,59586174,107102734,8,0,1,4608,18,5807340094
5663,47520930,28469723,75990653,6,0,0,17408,17,464021619
5664,47523879,59613157,107137036,1,0,1,5120,19,6171254615
5665,47532129,60022188,107554317,6,0,1,189440,17,7002339567
5666,47532750,29968362,77501112,9,0,0,54272,7,6515311873
5667,47535600,28733075,76268675,7,0,0,3072,15,6559024941
5668,47539040,29822918,77361958,2,0,0,66048,5,10037366569
5669,47553040,28732041,76285081,4,0,0,17408,13,5304700375
5670,47564300,28926479,76490779,0,0,0,33792,13,2589968255
5671,47568740,59985600,107554340,3,0,1,512,4,2585891030
5672,47571760,29645976,77217736,2,0,0,43008,5,9494877611
5673,47574060,28949002,76523062,8,0,0,50688,18,5877917228
5674,47577840,29581870,77159710,5,0,0,48640,18,5680326968
5675,47583800,28758947,76342747,1,0,0,24064,19,3594247375
5676,47595400,29775317,77370717,8,0,0,28672,18,10703039560
5677,47600810,29196116,76796926,5,0,0,34816,18,4477376574
5678,47609359,60457749,108067108,6,0,1,298496,17,5792232059
5679,47621319,60445812,108067131,6,0,1,5120,17,4498117704
5680,47625099,60496001,108121100,1,0,1,17920,19,910644492
5681,47648030,28592051,76240081,9,0,0,5120,7,9845066824
5682,47650870,28680925,76331795,7,0,0,2560,15,6285941554
5683,47656640,29652856,77309496,8,0,0,128512,18,9321533550
5684,47657649,60467788,108125437,0,0,1,6144,13,6542333009
5685,47661001,29002669,76663670,3,0,0,12800,4,6515827849
5686,47671940,28875441,76547381,4,0,0,3584,13,5291691510
5687,47672350,29950480,77622830,9,0,0,189440,7,4395153953
5688,47672400,29466425,77138825,6,0,0,19968,17,7223407290
5689,47676530,29489911,77166441,1,0,0,22016,19,4289557691
5690,47684260,29714068,77398328,2,0,0,13312,5,8858886344
5691,47696530,28782890,76479420,0,0,0,2048,13,3119497147
5692,47710670,29979221,77689891,0,0,0,36352,13,6162864359
5693,47739930,30079603,77819533,9,0,0,25600,7,5908083530
5694,47740370,28674155,76414525,8,0,0,26624,18,332123062
5695,47746181,29180831,76927012,3,0,0,57344,4,5707688059
5696,47748390,60407726,108156116,4,0,1,1024,13,7051257373
5697,47755480,29708742,77464222,5,0,0,82944,18,7058031096
5698,47756890,29876727,77633617,6,0,0,35328,17,6827706982
5699,47776780,29056334,76833114,2,0,0,50688,5,9699268537
5700,47785430,29148001,76933431,0,0,0,20992,13,458949721
5701,47790280,28879653,76669933,6,0,0,20480,17,3212823499
5702,47792660,29750573,77543233,6,0,0,13312,17,6587865157
5703,47795640,29546171,77341811,0,0,0,105984,13,2108171450
5704,47801120,28870864,76671984,4,0,0,6656,13,8313054871
5705,47803530,29339218,77142748,6,0,0,12800,17,9184301200
5706,47805430,30092783,77898213,4,0,0,37376,13,7367418162
5707,47806861,30064451,77871312,3,0,0,85504,4,2111933434
5708,47809010,29391988,77200998,1,0,0,23552,19,3303889897
5709,47811100,29317687,77128787,6,0,0,2560,17,8161539133
5710,47811810,29424828,77236638,5,0,0,24576,18,870719483
5711,47840481,28916246,76756727,3,0,0,7680,4,7324636183
5712,47850110,29262095,77112205,2,0,0,15872,5,7134511932
5713,47855820,30200258,78056078,5,0,0,50688,18,7748869086
5714,47868040,30063124,77931164,4,0,0,50176,13,6875758677
5715,47870230,29237116,77107346,4,0,0,4096,13,3114797096
5716,47873681,30003114,77876795,3,0,0,17920,4,7840775788
5717,47874709,60281430,108156139,0,0,1,1536,13,9271768368
5718,47878060,60278102,108156162,9,0,1,9728,7,6826180857
5719,47882530,29637793,77520323,4,0,0,62976,13,3736560493
5720,47895081,29769443,77664524,3,0,0,58368,4,6075714381
5721,47905390,29533012,77438402,8,0,0,28160,18,9792479339
5722,47906030,60250155,108156185,5,0,1,1024,18,533775162
5723,47929510,29835769,77765279,7,0,0,49152,15,6718358347
5724,47933180,29542398,77475578,4,0,0,3584,13,3139284942
5725,47934500,28929537,76864037,2,0,0,2560,5,9236733516
5726,47937810,30412250,78350060,2,0,0,484352,5,8668510012
5727,47948410,30525340,78473750,2,0,0,320512,5,8739465649
5728,47948599,60749799,108698398,6,0,1,531968,17,1219707565
5729,47950920,30237322,78188242,5,0,0,27648,18,3726240584
5730,47971470,29215099,77186569,9,0,0,6144,7,370183858
5731,47974010,29991082,77965092,8,0,0,70656,18,1665927123
5732,47996490,60701931,108698421,4,0,1,512,13,1412207640
5733,48002960,60715007,108717967,4,0,1,7168,13,8372220045
5734,48008690,30140670,78149360,6,0,0,31232,17,6944903056
5735,48029329,60688661,108717990,1,0,1,6144,19,5443834604
5736,48054651,29721259,77775910,3,0,0,34816,4,7586912963
5737,48062430,30307956,78370386,5,0,0,13312,18,9158313591
5738,48062920,30487220,78550140,7,0,0,39936,15,3561094167
5739,48070770,29133839,77204609,0,0,0,11776,13,9449870615
5740,48074180,30643796,78717976,4,0,0,121344,13,10305910860
5741,48087860,30008901,78096761,2,0,0,29696,5,5354730077
5742,48106620,30631432,78738052,9,0,0,65536,7,103173047
5743,48115680,30250627,78366307,7,0,0,53248,15,1204269779
5744,48124480,30375345,78499825,5,0,0,85504,18,9869752644
5745,48129800,30010021,78139821,9,0,0,5632,7,10377944382
5746,48130940,30407001,78537941,6,0,0,49664,17,6741656930
5747,48135130,29424351,77559481,2,0,0,6144,5,5717925953
5748,48139070,29992034,78131104,7,0,0,112640,15,9658890112
5749,48146261,60586470,108732731,2,0,1,3072,5,8533404453
5750,48149199,60588038,108737237,0,0,1,7168,13,6386732018
5751,48152170,30362084,78514254,2,0,0,45056,5,7898776262
5752,48199859,61022047,109221906,6,0,1,212992,17,10305921449
5753,48205150,29929565,78134715,9,0,0,11776,7,7581023883
5754,48210230,30631800,78842030,6,0,0,10240,17,6974052962
5755,48237490,29233151,77470641,8,0,0,20992,18,7095705780
5756,48248769,60973160,109221929,6,0,1,4608,17,9276430439
5757,48249510,30416441,78665951,5,0,0,80896,18,4669642771
5758,48250460,30272318,78522778,8,0,0,20992,18,4703265836
5759,48262121,29566951,77829072,3,0,0,31232,4,7167091887
5760,48266060,30331885,78597945,2,0,0,36352,5,4253789152
5761,48282210,30288545,78570755,1,0,0,67584,19,9073007951
5762,48294640,29592162,77886802,2,0,0,32768,5,9116828437
5763,48297720,29904741,78202461,7,0,0,46592,15,2818489697
5764,48299511,60922441,109221952,2,0,1,20992,5,7055856126
5765,48301369,60923803,109225172,6,0,1,11776,17,3834940089
5766,48318170,30318087,78636257,1,0,0,66048,19,5828514945
5767,48318440,29460145,77778585,4,0,0,8704,13,3054333433
5768,48321090,60941981,109263071,5,0,1,10752,18,349772789
5769,48321239,60944530,109265769,6,0,1,1536,17,9703409815
5770,48325180,30434446,78759626,0,0,0,70656,13,7727714272
5771,48341810,30591147,78932957,8,0,0,95232,18,5366785453
5772,48346160,30029911,78376071,2,0,0,4096,5,9218348217
5773,48353060,30484244,78837304,7,0,0,92672,15,2510177165
5774,48353810,60923657,109277467,3,0,1,22016,4,4716981103
5775,48356561,30143942,78500503,3,0,0,2048,4,4715245166
5776,48358000,30016777,78374777,4,0,0,14336,13,7028318710
5777,48366810,29464469,77831279,4,0,0,7168,13,43706733
5778,48368329,60911848,109280177,1,0,1,4096,19,4602213523
5779,48368930,30534957,78903887,4,0,0,2560,13,8961662814
5780,48378270,60917589,109295859,3,0,1,2048,4,3890825027
5781,48387760,60923829,109311589,8,0,1,18432,18,10066596448
5782,48389380,60982060,109371440,5,0,1,21504,18,590278396
5783,48396640,30412405,78809045,8,0,0,56320,18,7752508656
5784,48397520,30217631,78615151,6,0,0,56320,17,982146088
5785,48398100,29666200,78064300,6,0,0,5120,17,6766369890
5786,48400320,30549209,78949529,5,0,0,26112,18,2629669639
5787,48408049,60963414,109371463,0,0,1,8704,13,94930720
5788,48426851,60958892,109385743,2,0,1,46080,5,6838626033
5789,48434130,30429863,78863993,4,0,0,53760,13,10018747906
5790,48441320,30350542,78791862,6,0,0,73216,17,3789666971
5791,48451990,30555276,79007266,1,0,0,6656,19,10097919223
5792,48452280,30064071,78516351,2,0,0,6656,5,7061910414
5793,48456450,30419904,78876354,7,0,0,18432,15,5718006591
5794,48460890,30220091,78680981,7,0,0,40448,15,9650526372
5795,48475229,60910860,109386089,1,0,1,512,19,889679240
5796,48481850,30415899,78897749,8,0,0,70144,18,4693003338
5797,48485449,60916723,109402172,6,0,1,28672,17,4901551217
5798,48492480,30094366,78586846,7,0,0,52736,15,8597572754
5799,48508430,29492199,78000629,0,0,0,1536,13,1762700699
5800,48512550,30156084,78668634,0,0,0,8704,13,3161295592
5801,48517230,30479652,78996882,7,0,0,7168,15,509711927
5802,48525500,30244008,78769508,0,0,0,32256,13,7114558302
5803,48535340,30312242,78847582,9,0,0,8704,7,9457907927
5804,48545500,30095772,78641272,7,0,0,16384,15,7616502563
5805,48547050,30291837,78838887,2,0,0,5120,5,7238341265
5806,48548080,30525920,79074000,4,0,0,2048,13,1817456180
5807,48552559,60917344,109469903,0,0,1,4096,13,10134038990
5808,48556100,30314576,78870676,5,0,0,19456,18,2913378249
5809,48560990,30303712,78864702,9,0,0,2048,7,8807727609
5810,48565170,30372958,78938128,7,0,0,16896,15,10639668660
5811,48569880,30046230,78616110,4,0,0,3072,13,5192838885
5812,48573320,30604552,79177872,8,0,0,123392,18,9227824743
5813,48577870,30944180,79522050,7,0,0,143360,15,1773501871
5814,48597180,60903657,109500837,8,0,1,12800,18,8479426544
5815,48599809,60901694,109501503,0,0,1,1024,13,8739924350
5816,48607131,61784812,110391943,2,0,1,553472,5,9166229737
5817,48617830,30441742,79059572,9,0,0,57856,7,7519225967
5818,48631740,61787095,110418835,3,0,1,1024,4,3904789283
5819,48635220,30406701,79041921,2,0,0,113664,5,1274951881
5820,48643029,61775829,110418858,1,0,1,7168,19,6497455428
5821,48653180,30306340,78959520,1,0,0,6656,19,4162478377
5822,48664579,61754302,110418881,6,0,1,2560,17,6642336534
5823,48664690,30446317,79111007,4,0,0,8704,13,7387801809
5824,48687990,30288672,78976662,7,0,0,49152,15,2585027589
5825,48690060,61728844,110418904,3,0,1,9216,4,7174554401
5826,48690760,30212324,78903084,4,0,0,17408,13,1070349236
5827,48710600,31099200,79809800,1,0,0,104448,19,4791571371
5828,48710759,61748921,110459680,6,0,1,1024,17,10262037434
5829,48711220,61748483,110459703,3,0,1,33280,4,1644519029
5830,48720391,30124470,78844861,3,0,0,9216,4,2675412130
5831,48722200,30928832,79651032,1,0,0,61440,19,8905088538
5832,48723070,30509031,79232101,0,0,0,30720,13,4343062790
5833,48731050,30377282,79108332,6,0,0,81920,17,5914646783
5834,48733230,30407023,79140253,6,0,0,16896,17,10373802910
5835,48734250,30603517,79337767,7,0,0,53760,15,5486366520
5836,48750080,30685389,79435469,2,0,0,2048,5,9633362218
5837,48752569,61713982,110466551,6,0,1,2048,17,1839457345
5838,48755190,61715554,110470744,3,0,1,19968,4,7031857007
5839,48755701,30492329,79248030,3,0,0,27648,4,9141928216
5840,48763660,30671162,79434822,7,0,0,2560,15,1770938604
5841,48776020,61715139,110491159,8,0,1,33792,18,9107131164
5842,48779030,30526546,79305576,5,0,0,74240,18,8023627663
5843,48780880,30806960,79587840,7,0,0,15360,15,3621515790
5844,48793670,30932753,79726423,5,0,0,85504,18,10179945287
5845,48794510,30146917,78941427,6,0,0,10752,17,3509978608
5846,48834080,30703001,79537081,0,0,0,4608,13,8105924204
5847,48843141,31389778,80232919,3,0,0,39424,4,4716583961
5848,48859080,30399918,79258998,2,0,0,8192,5,2087758874
5849,48863370,30330540,79193910,1,0,0,16384,19,10022358297
5850,48865479,61626026,110491505,1,0,1,512,19,5835362693
5851,48881180,31050684,79931864,9,0,0,9728,7,8514476500
5852,48885010,30471729,79356739,0,0,0,5120,13,1879053150
5853,48886220,31118942,80005162,8,0,0,16384,18,8520898157
5854,48889090,30987579,79876669,8,0,0,83456,18,4171074640
5855,48891780,30958807,79850587,6,0,0,13312,17,2758689601
5856,48891920,61648324,110540244,8,0,1,14848,18,4407942984
5857,48893819,61651571,110545390,6,0,1,8192,17,2040291528
5858,48903231,30530788,79434019,3,0,0,45568,4,30713703
5859,48910060,30761275,79671335,1,0,0,66560,19,9854553827
5860,48918110,30560039,79478149,5,0,0,44544,18,6486947410
5861,48926000,30676315,79602315,1,0,0,29696,19,4494083727
5862,48942130,30520275,79462405,1,0,0,6656,19,10594028522
5863,48944640,31704013,80648653,8,0,0,512,18,1600731714
5864,48955550,30784936,79740486,8,0,0,46080,18,5615269577
5865,48956059,61591917,110547976,0,0,1,4096,13,5080814379
5866,48963381,61966814,110930195,2,0,1,146944,5,9560771146
5867,48982340,30548850,79531190,8,0,0,10752,18,6809406559
5868,48986049,61952160,110938209,1,0,1,7168,19,9973822063
5869,48990220,31550919,80541139,2,0,0,107520,5,6191205672
5870,48994160,30260729,79254889,9,0,0,9728,7,3577694540
5871,48995960,62041065,111037025,5,0,1,20992,18,4433297262
5872,49005280,30107466,79112746,9,0,0,5632,7,7112240976
5873,49023721,31339572,80363293,3,0,0,54272,4,6807213288
5874,49028120,62045033,111073153,9,0,1,28160,7,525579460
5875,49028930,30718599,79747529,8,0,0,23040,18,7952451754
5876,49030970,30746983,79777953,0,0,0,70656,13,6303205173
5877,49041010,31350878,80391888,8,0,0,33792,18,4314146904
5878,49058050,30466051,79524101,1,0,0,6656,19,1805385806
5879,49059110,30941014,80000124,1,0,0,22016,19,7487073205
5880,49063450,30464441,79527891,5,0,0,5632,18,9406841291
5881,49071110,31034068,80105178,4,0,0,13824,13,1892527372
5882,49076640,62039617,111116257,9,0,1,27136,7,6959853483
5883,49080930,30445222,79526152,4,0,0,6656,13,624583434
5884,49081240,31001948,80083188,2,0,0,48640,5,5099057939
5885,49084110,30609799,79693909,9,0,0,19456,7,1425232673
5886,49084950,31243041,80327991,6,0,0,15360,17,8156704458
5887,49086690,31908017,80994707,1,0,0,40448,19,10439719767
5888,49098820,31031685,80130505,8,0,0,22016,18,3635732088
5889,49100450,62015830,111116280,3,0,1,6656,4,2091037883
5890,49106889,62009414,111116303,0,0,1,1536,13,1091425840
5891,49109350,31348288,80457638,0,0,0,8192,13,9954555434
5892,49119060,30871814,79990874,9,0,0,107008,7,3133946885
5893,49121710,30695670,79817380,4,0,0,16896,13,10655518310
5894,49131780,30916313,80048093,6,0,0,38912,17,6018025668
5895,49148930,30443993,79592923,6,0,0,15360,17,6026272904
5896,49163820,31818540,80982360,1,0,0,470016,19,4494198542
5897,49183140,31109055,80292195,2,0,0,38400,5,8696522976
5898,49200390,30611819,79812209,1,0,0,5632,19,7108590718
5899,49206940,30751307,79958247,9,0,0,56320,7,4727563828
5900,49209360,31230294,80439654,2,0,0,37888,5,9081791869
5901,49213160,31153901,80367061,8,0,0,6144,18,9480129614
5902,49213180,31541761,80754941,5,0,0,248832,18,3568283796
5903,49214040,30596407,79810447,9,0,0,2048,7,5069109553
5904,49229630,31084865,80314495,6,0,0,71680,17,3787149375
5905,49247980,31861707,81109687,9,0,0,74240,7,9255130444
5906,49249580,31526365,80775945,2,0,0,26624,5,10162914052
5907,49250931,31088003,80338934,3,0,0,35840,4,88368191
5908,49253179,61877145,111130324,6,0,1,18944,17,9713446499
5909,49254520,31762610,81017130,0,0,0,21504,13,2369270645
5910,49258790,31155703,80414493,1,0,0,46080,19,1993032395
5911,49260140,30755809,80015949,8,0,0,35328,18,1444273902
5912,49260700,30622232,79882932,0,0,0,20480,13,6594059983
5913,49262440,31184291,80446731,6,0,0,1536,17,7521368971
5914,49263890,31415212,80679102,2,0,0,19968,5,9122588356
5915,49278510,30942284,80220794,2,0,0,4096,5,7634779953
5916,49287099,61878920,111166019,1,0,1,10752,19,4129843068
5917,49294991,61965973,111260964,2,0,1,27648,5,9834411443
5918,49297111,31834774,81131885,3,0,0,72704,4,4129456099
5919,49308080,31273139,80581219,5,0,0,7168,18,1179811908
5920,49326880,62007240,111334120,8,0,1,23040,18,2099469415
5921,49329790,31148627,80478417,5,0,0,3584,18,3700085382
5922,49332420,31861355,81193775,9,0,0,80896,7,1912342891
5923,49342929,62070958,111413887,6,0,1,8192,17,4728465626
5924,49358341,30660127,80018468,3,0,0,8192,4,3513525691
5925,49385440,31646845,81032285,6,0,0,49664,17,10607042041
5926,49403011,30590382,79993393,3,0,0,8192,4,9509302250
5927,49407210,62029202,111436412,3,0,1,31232,4,3677151866
5928,49418860,31797970,81216830,6,0,0,39424,17,6615273769
5929,49418890,31405574,80824464,9,0,0,10752,7,9354360210
5930,49419030,30423780,79842810,4,0,0,12288,13,9749533700
5931,49422720,31032399,80455119,7,0,0,22016,15,3766594031
5932,49432040,31718369,81150409,5,0,0,4096,18,5215487083
5933,49465440,31322898,80788338,7,0,0,31744,15,1816725569
5934,49465540,61980579,111446119,5,0,1,4608,18,6779798895
5935,49470820,31892504,81363324,6,0,0,39936,17,5504663407
5936,49475040,31535515,81010555,9,0,0,30720,7,8312747081
5937,49488509,61960516,111449025,1,0,1,4608,19,10564160880
5938,49492930,31136906,80629836,1,0,0,56320,19,5912189451
5939,49511580,61998682,111510262,8,0,1,37888,18,1784244230
5940,49516260,31043067,80559327,1,0,0,25600,19,2409646455
5941,49520780,30698743,80219523,8,0,0,42496,18,1076620222
5942,49523430,31036232,80559662,7,0,0,1024,15,9391993278
5943,49525890,61984395,111510285,3,0,1,3584,4,10030030956
5944,49540030,30902935,80442965,8,0,0,4096,18,7791985918
5945,49554891,62175021,111729912,2,0,1,128512,5,10276316416
5946,49565499,62287394,111852893,6,0,1,16384,17,7550900402
5947,49577940,31725826,81303766,9,0,0,7168,7,10154456910
5948,49588210,32125853,81714063,4,0,0,9216,13,9332092237
5949,49591320,31697736,81289056,1,0,0,10240,19,6529293455
5950,49606500,32323412,81929912,7,0,0,35328,15,7958001752
5951,49627980,30794804,80422784,6,0,0,27136,17,537009061
5952,49628420,31795546,81423966,6,0,0,26112,17,8965590639
5953,49630840,30920664,80551504,2,0,0,6656,5,1110110461
5954,49630990,31186226,80817216,7,0,0,37376,15,8460514427
5955,49631430,30748515,80379945,4,0,0,7680,13,4210396717
5956,49638131,31129679,80767810,3,0,0,20992,4,9618028289
5957,49639600,32438858,82078458,6,0,0,14848,17,10292020823
5958,49646160,31557622,81203782,8,0,0,32768,18,2847577853
5959,49647380,31149575,80796955,9,0,0,23040,7,7731488227
5960,49662869,62220919,111883788,1,0,1,1536,19,506250394
5961,49670420,62238528,111908948,8,0,1,20480,18,7828171498
5962,49678910,31481358,81160268,9,0,0,32256,7,6800330633
5963,49686090,30863363,80549453,7,0,0,22016,15,10178224316
5964,49692449,62218125,111910574,6,0,1,2560,17,7117117650
5965,49700980,31377064,81078044,7,0,0,5120,15,3243619695
5966,49702620,30871261,80573881,7,0,0,46592,15,6648425008
5967,49705761,31346451,81052212,3,0,0,65024,4,6681436033
5968,49705870,31055521,80761391,1,0,0,20992,19,7052620350
5969,49714291,31064352,80778643,3,0,0,512,4,2615145452
5970,49715230,30827492,80542722,0,0,0,5120,13,7001828144
5971,49722670,31278502,81001172,2,0,0,11776,5,8277382905
5972,49723510,31363511,81087021,8,0,0,23040,18,7420677689
5973,49730940,31548157,81279097,6,0,0,204288,17,8545727306
5974,49732970,31343491,81076461,6,0,0,68096,17,4289266848
5975,49738250,62175550,111913800,4,0,1,5120,13,2688759109
5976,49739010,31039454,80778464,2,0,0,8192,5,9005251807
5977,49742180,31420919,81163099,4,0,0,9216,13,817089713
5978,49748470,31081591,80830061,9,0,0,2048,7,9088191699
5979,49771320,31067037,80838357,1,0,0,3072,19,9196170145
5980,49801511,62617234,112418745,2,0,1,159232,5,5492934553
5981,49803461,63717906,113521367,2,0,1,509952,5,7012290274
5982,49817120,63704270,113521390,5,0,1,10752,18,952299232
5983,49819820,31176002,80995822,5,0,0,3584,18,9113807756
5984,49823290,31381474,81204764,7,0,0,3072,15,2435134515
5985,49841690,31214000,81055690,7,0,0,10752,15,3731375275
5986,49847880,31149681,80997561,9,0,0,5632,7,8640363003
5987,49849520,31433188,81282708,9,0,0,11776,7,7626941920
5988,49849680,31478090,81327770,4,0,0,43520,13,1185721059
5989,49851841,31228098,81079939,3,0,0,6144,4,9067935949
5990,49857691,31291431,81149122,3,0,0,56320,4,10509024177
5991,49871550,31180841,81052391,5,0,0,512,18,8772392609
5992,49883850,63640238,113524088,5,0,1,15360,18,6073910461
5993,49886399,63709246,113595645,1,0,1,14336,19,5961954339
5994,49907030,31584732,81491762,9,0,0,6656,7,1362545804
5995,49911510,31390049,81301559,8,0,0,40960,18,4512913969
5996,49912450,31256600,81169050,1,0,0,19456,19,8007449046
5997,49915100,32368120,82283220,5,0,0,49664,18,4580579122
5998,49928110,31550957,81479067,5,0,0,25088,18,7174479149
5999,49940600,63655068,113595668,9,0,1,2048,7,4551980920
6000,49941839,63653852,113595691,1,0,1,2560,19,1249104145
6001,49955230,31516170,81471400,4,0,0,49152,13,2632447916
6002,49960250,31354168,81314418,8,0,0,5120,18,7157906725
6003,49965890,31341955,81307845,8,0,0,13312,18,4905300927
6004,49986769,63641569,113628338,6,0,1,27648,17,5457555866
6005,49986770,31632616,81619386,4,0,0,19968,13,2757072743
6006,50004960,32378010,82382970,7,0,0,49152,15,889918764
6007,50019661,63993261,114012922,2,0,1,167936,5,6095687939
6008,50020289,64003675,114023964,1,0,1,512,19,10165364530
6009,50038400,31596156,81634556,0,0,0,20480,13,7635021675
6010,50040540,31403384,81443924,1,0,0,20992,19,3663006787
6011,50056140,31323212,81379352,1,0,0,45056,19,5303150590
6012,50060060,31252759,81312819,4,0,0,15872,13,3779427414
6013,50109270,31440684,81549954,2,0,0,28160,5,1493372867
6014,50120170,31655088,81775258,6,0,0,6144,17,2110103944
6015,50138740,31773030,81911770,0,0,0,65536,13,9137743985
6016,50158350,32398686,82557036,4,0,0,49664,13,7678218287
6017,50160110,31125780,81285890,4,0,0,10240,13,2842759599
6018,50166000,63858950,114024950,4,0,1,1536,13,4124941354
6019,50172130,31284271,81456401,4,0,0,16896,13,3493054959
6020,50176070,32529780,82705850,0,0,0,37888,13,239375514
6021,50177169,63848140,114025309,0,0,1,9728,13,8049388142
6022,50183850,63868820,114052670,9,0,1,5120,7,10717560758
6023,50194480,31475684,81670164,5,0,0,73728,18,5520523943
6024,50203839,63848862,114052701,1,0,1,4608,19,6976998890
6025,50215570,31557793,81773363,0,0,0,55296,13,580938315
6026,50217410,32904956,83122366,9,0,0,13312,7,1229221023
6027,50219310,31537182,81756492,8,0,0,16384,18,1764173501
6028,50224790,31482831,81707621,7,0,0,37376,15,2026124358
6029,50227480,63827268,114054748,5,0,1,15872,18,3259259122
6030,50228860,32925953,83154813,0,0,0,2048,13,3385665930
6031,50239370,31444961,81684331,4,0,0,27136,13,3136382068
6032,50245560,63810174,114055734,4,0,1,1536,13,773148196
6033,50252881,32595152,82848033,3,0,0,26624,4,8670294107
6034,50255190,31846975,82102165,2,0,0,13824,5,1440911011
6035,50255680,31683623,81939303,7,0,0,30720,15,5967092317
6036,50261990,31434220,81696210,5,0,0,38912,18,8084599761
6037,50264340,31478274,81742614,9,0,0,23040,7,8483484562
6038,50275391,31476086,81751477,3,0,0,23552,4,3355856851
6039,50285311,31505333,81790644,3,0,0,11264,4,5076369766
6040,50293010,63964591,114257601,8,0,1,10240,18,10054059405
6041,50302000,31305634,81607634,6,0,0,21504,17,8637559036
6042,50313460,31733522,82046982,5,0,0,26624,18,3842553290
6043,50319299,64078260,114397559,6,0,1,4608,17,8108220545
6044,50321420,32696527,83017947,1,0,0,11264,19,2775245213
6045,50328740,31563039,81891779,9,0,0,28672,7,7979536366
6046,50331870,31980398,82312268,6,0,0,14848,17,6821572995
6047,50342950,32914225,83257175,4,0,0,14336,13,403614848
6048,50347859,64049723,114397582,0,0,1,13824,13,4532584443
6049,50348789,64053560,114402349,1,0,1,5120,19,7051121189
6050,50352070,31468036,81820106,8,0,0,15872,18,9569892109
6051,50360430,31805078,82165508,4,0,0,20992,13,10642646301
6052,50363400,31809619,82173019,5,0,0,24576,18,5957909938
6053,50388690,32384760,82773450,2,0,0,73216,5,4053258989
6054,50389770,31591590,81981360,1,0,0,50176,19,2956538933
6055,50404980,32045616,82450596,1,0,0,27136,19,8086838200
6056,50415140,31537943,81953083,6,0,0,34816,17,8004779643
6057,50417630,31603523,82021153,4,0,0,14848,13,7824315041
6058,50439480,31479645,81919125,9,0,0,24064,7,1724603300
6059,50449330,32221019,82670349,1,0,0,34304,19,9439466425
6060,50505430,31744521,82249951,1,0,0,44032,19,1976737405
6061,50505910,31489954,81995864,2,0,0,16896,5,9318516011
6062,50527641,31183591,81711232,3,0,0,11776,4,5685462984
6063,50527900,31776345,82304245,2,0,0,19456,5,9291113646
6064,50538480,31401158,81939638,0,0,0,1024,13,8010416783
6065,50566869,63914734,114481603,1,0,1,22528,19,7805422887
6066,50571910,31923230,82495140,8,0,0,5632,18,6408811558
6067,50578910,31437696,82016606,2,0,0,40960,5,2776733333
6068,50589800,33186096,83775896,0,0,0,788992,13,5269533373
6069,50591060,31495484,82086544,5,0,0,13824,18,6768187942
6070,50604140,31869426,82473566,7,0,0,44032,15,9841788551
6071,50614570,31878831,82493401,7,0,0,65024,15,5178234158
6072,50626520,31315824,81942344,6,0,0,6656,17,2750872141
6073,50631920,31392306,82024226,1,0,0,2048,19,1808852299
6074,50669370,31480788,82150158,2,0,0,8192,5,10604889191
6075,50674500,63822732,114497232,4,0,1,18944,13,7860296885
6076,50674900,32674695,83349595,2,0,0,87552,5,3156376822
6077,50683670,31989007,82672677,4,0,0,6656,13,454662361
6078,50687720,31595835,82283555,5,0,0,1024,18,2325290085
6079,50695580,31627254,82322834,2,0,0,22016,5,3895812423
6080,50719630,31962263,82681893,8,0,0,6656,18,9513650613
6081,50725601,32059283,82784884,3,0,0,35840,4,7320219173
6082,50727010,63831218,114558228,8,0,1,20480,18,2193494638
6083,50728860,63831954,114560814,9,0,1,4096,7,38335101
6084,50738690,32131042,82869732,5,0,0,1024,18,5510728183
6085,50746480,32417947,83164427,8,0,0,13824,18,651188275
6086,50746880,31470695,82217575,2,0,0,17408,5,6006892016
6087,50750980,32300533,83051513,7,0,0,17408,15,8496410700
6088,50772270,31825590,82597860,8,0,0,42496,18,8320056869
6089,50779601,64311429,115091030,2,0,1,178688,5,2047288068
6090,50794230,31740733,82534963,6,0,0,4096,17,6017596977
6091,50805881,32309731,83115612,3,0,0,38400,4,777274652
6092,50806550,32430421,83236971,5,0,0,21504,18,8676232465
6093,50808470,31303199,82111669,8,0,0,8704,18,1552299012
6094,50813890,32046674,82860564,2,0,0,5120,5,1981255286
6095,50829040,31968185,82797225,4,0,0,1024,13,8887982746
6096,50843020,31652767,82495787,6,0,0,2048,17,9876339812
6097,50860340,31913601,82773941,9,0,0,1536,7,9666662229
6098,50892800,33183726,84076526,9,0,0,16896,7,7451390818
6099,50906850,32628627,83535477,2,0,0,45056,5,4770610933
6100,50910679,64191331,115102010,6,0,1,13824,17,6331723399
6101,50916170,32226585,83142755,8,0,0,32256,18,245694941
6102,50951289,64156213,115107502,6,0,1,17920,17,9379374761
6103,50955100,33019343,83974443,5,0,0,573440,18,64542816
6104,50956190,32087848,83044038,4,0,0,46592,13,10315207425
6105,50960410,33110937,84071347,4,0,0,14336,13,2433992293
6106,50965680,31637351,82603031,5,0,0,16896,18,127686166
6107,50969040,31843101,82812141,9,0,0,4608,7,4101542292
6108,50988340,64200836,115189176,4,0,1,15872,13,1544380437
6109,50999630,31991704,82991334,4,0,0,5632,13,4807103441
6110,51007581,31260484,82268065,3,0,0,1536,4,2463993518
6111,51016210,32496575,83512785,2,0,0,87040,5,6489450177
6112,51022160,31860264,82882424,7,0,0,5120,15,7718004288
6113,51024650,31964945,82989595,2,0,0,44032,5,9639705072
6114,51026320,32189469,83215789,6,0,0,8704,17,3177733303
6115,51028450,32104454,83132904,5,0,0,24576,18,4264069436
6116,51029530,64497977,115527507,7,0,1,44032,15,10679090416
6117,51032010,32424162,83456172,2,0,0,95232,5,6836051298
6118,51036210,33123150,84159360,8,0,0,90624,18,4258885500
6119,51038200,31988134,83026334,2,0,0,15872,5,8758840202
6120,51045320,64519833,115565153,4,0,1,17408,13,3767937204
6121,51046140,31591765,82637905,7,0,0,12288,15,10337903612
6122,51050510,32272132,83322642,5,0,0,26112,18,1659774801
6123,51071410,32445536,83516946,8,0,0,11264,18,8636948065
6124,51090050,31875716,82965766,4,0,0,17408,13,1166351571
6125,51097240,32056926,83154166,5,0,0,37376,18,2908466924
6126,51107260,64588356,115695616,7,0,1,9216,15,4099491995
6127,51107280,64588682,115695962,5,0,1,512,18,9598034878
6128,51108540,32691160,83799700,8,0,0,45568,18,8908412962
6129,51123800,31994487,83118287,0,0,0,8704,13,7373267380
6130,51135980,33078128,84214108,9,0,0,32768,7,3516138090
6131,51143610,31786652,82930262,6,0,0,21504,17,2982767623
6132,51145280,64778401,115923681,3,0,1,11776,4,503076468
6133,51158500,33045348,84203848,8,0,0,53760,18,9197731944
6134,51163669,64761774,115925443,6,0,1,2560,17,7275993094
6135,51185410,31745031,82930441,4,0,0,512,13,5896567567
6136,51186660,33049933,84236593,1,0,0,37376,19,4616365667
6137,51189860,64735606,115925466,7,0,1,1536,15,7537928191
6138,51193450,32870496,84063946,0,0,0,46080,13,4749530621
6139,51195900,33079504,84275404,7,0,0,70656,15,10365892974
6140,51203061,64743713,115946774,2,0,1,67584,5,2487414747
6141,51211450,33089348,84300798,4,0,0,24064,13,4700055357
6142,51213010,32086366,83299376,4,0,0,46592,13,312763040
6143,51213430,33143676,84357106,5,0,0,60416,18,6965394255
6144,51229560,32548410,83777970,2,0,0,2048,5,3626959560
6145,51232400,31980714,83213114,6,0,0,67072,17,8040332977
6146,51239430,32787296,84026726,5,0,0,171520,18,1010843183
6147,51249930,32236312,83486242,4,0,0,37376,13,2790018775
6148,51257450,32519873,83777323,1,0,0,4608,19,4581204006
6149,51265330,64803159,116068489,5,0,1,23040,18,16907690
6150,51268420,32189335,83457755,1,0,0,5120,19,1366249274
6151,51273270,32793663,84066933,0,0,0,9728,13,1444424127
6152,51285730,31953927,83239657,0,0,0,4608,13,812597990
6153,51289510,32746287,84035797,0,0,0,29696,13,1936932347
6154,51294240,32755643,84049883,8,0,0,20992,18,4013670766
6155,51298989,64822156,116121145,6,0,1,13312,17,5223132365
6156,51304879,64899252,116204131,6,0,1,11776,17,3603912081
6157,51306290,32825435,84131725,2,0,0,11776,5,6040426520
6158,51323300,33080072,84403372,1,0,0,48640,19,969791847
6159,51331080,32797034,84128114,2,0,0,56320,5,6393641488
6160,51339010,33167156,84506166,9,0,0,32256,7,7075482435
6161,51343310,33290020,84633330,0,0,0,74240,13,2255232262
6162,51356080,32754851,84110931,0,0,0,48128,13,7373357542
6163,51362610,32423183,83785793,8,0,0,25600,18,6476354989
6164,51363890,32053709,83417599,5,0,0,13312,18,9319935613
6165,51390201,32970672,84360873,3,0,0,12288,4,10077004139
6166,51391900,33083610,84475510,1,0,0,58368,19,9004527664
6167,51394440,33191778,84586218,7,0,0,50688,15,7365951386
6168,51400480,32780032,84180512,0,0,0,30208,13,8498782012
6169,51408480,32685861,84094341,2,0,0,58368,5,800820105
6170,51413050,33309902,84722952,1,0,0,14848,19,9524534606
6171,51413680,32757605,84171285,4,0,0,24064,13,4579476392
6172,51417850,33131144,84548994,5,0,0,70144,18,401514871
6173,51429510,32757912,84187422,1,0,0,22528,19,2536721625
6174,51431880,32611584,84043464,4,0,0,25088,13,5423247040
6175,51434771,32661465,84096236,3,0,0,6144,4,4870908006
6176,51435770,33252262,84688032,7,0,0,5632,15,9022575755
6177,51446130,32778405,84224535,4,0,0,33792,13,4089890255
6178,51452260,32772922,84225182,0,0,0,2048,13,7331404994
6179,51465330,33030985,84496315,5,0,0,10240,18,5418162750
6180,51475860,33343806,84819666,4,0,0,28672,13,8773584947
6181,51476830,33416780,84893610,5,0,0,205824,18,9502386543
6182,51496870,33207122,84703992,9,0,0,33280,7,4192182844
6183,51504420,32659487,84163907,9,0,0,14848,7,9807789297
6184,51508880,64695917,116204797,9,0,1,11264,7,3668603105
6185,51513351,32875178,84388529,3,0,0,17920,4,9352850871
6186,51520249,64748235,116268484,1,0,1,31744,19,2783367417
6187,51530550,64739084,116269634,7,0,1,4096,15,1653937676
6188,51535900,33105721,84641621,6,0,0,27136,17,2712407469
6189,51538010,32955162,84493172,8,0,0,57856,18,927246840
6190,51549740,33478864,85028604,1,0,0,194048,19,3539339525
6191,51552881,33517155,85070036,3,0,0,65024,4,2644529947
6192,51553750,32757068,84310818,5,0,0,31744,18,6761376036
6193,51560700,64771236,116331936,9,0,1,9216,7,7978346832
6194,51563720,33566470,85130190,6,0,0,67584,17,1004092765
6195,51568820,33596649,85165469,5,0,0,115712,18,10159679819
6196,51569570,32888133,84457703,6,0,0,22016,17,1801574821
6197,51576630,33936978,85513608,6,0,0,23040,17,6388578566
6198,51584949,64751173,116336122,6,0,1,6656,17,6448133345
6199,51588110,32693713,84281823,8,0,0,20992,18,2061490082
6200,51597200,32848852,84446052,5,0,0,5632,18,8040939352
6201,51597640,33962991,85560631,1,0,0,27648,19,8028874847
6202,51600810,32806485,84407295,2,0,0,12800,5,2934590517
6203,51604599,64786954,116391553,6,0,1,23552,17,1556460067
6204,51622160,33453702,85075862,0,0,0,11264,13,9818406115
6205,51629920,33304951,84934871,4,0,0,22016,13,6872482554
6206,51665619,64727092,116392711,1,0,1,6144,19,5513446375
6207,51672870,34078359,85751229,6,0,0,48128,17,2848483058
6208,51681800,64756033,116437833,7,0,1,13824,15,574283857
6209,51684620,33353211,85037831,4,0,0,30208,13,4837137525
6210,51694900,33923482,85618382,7,0,0,189440,15,9509314708
6211,51698120,33230012,84928132,4,0,0,54784,13,6948518480
6212,51707489,64802109,116509598,1,0,1,24576,19,586633690
6213,51708140,32889177,84597317,8,0,0,36352,18,3680868158
6214,51718390,64870332,116588722,5,0,1,10752,18,5774496524
6215,51722020,33359645,85081665,2,0,0,18944,5,776547909
6216,51732540,32706742,84439282,7,0,0,6656,15,9333497510
6217,51736620,34051896,85788516,2,0,0,26112,5,4252643954
6218,51739321,34084603,85823924,3,0,0,78848,4,10656904954
6219,51742970,33422686,85165656,2,0,0,512,5,10503852870
6220,51746550,33641062,85387612,9,0,0,44032,7,10418605285
6221,51747640,34121624,85869264,5,0,0,18432,18,8705913367
6222,51762220,33911378,85673598,1,0,0,97280,19,2155267510
6223,51763570,33716204,85479774,7,0,0,280064,15,7157229263
6224,51776160,32935967,84712127,8,0,0,26624,18,9731897284
6225,51781010,34288285,86069295,1,0,0,101376,19,7480216365
6226,51818240,34359036,86177276,8,0,0,64512,18,7180307601
6227,51819240,33253167,85072407,5,0,0,7680,18,3880885372
6228,51825380,33221054,85046434,2,0,0,28160,5,7323264555
6229,51828810,33518224,85347034,1,0,0,76800,19,2283075395
6230,51831380,64757365,116588745,8,0,1,512,18,8087752789
6231,51831670,32957178,84788848,6,0,0,11264,17,8464819617
6232,51849009,64739759,116588768,6,0,1,4096,17,6404202374
6233,51864420,34221278,86085698,4,0,0,32256,13,4846211076
6234,51868990,33646513,85515503,0,0,0,6144,13,4891992113
6235,51899320,33636563,85535883,8,0,0,41984,18,9001396494
6236,51906920,33987795,85894715,9,0,0,83456,7,9976482015
6237,51910120,33638601,85548721,4,0,0,41984,13,243371893
6238,51910190,33641986,85552176,9,0,0,11264,7,527749690
6239,51916840,33133361,85050201,8,0,0,12288,18,340659865
6240,51920979,64667812,116588791,1,0,1,17408,19,8761974226
6241,51922420,32988997,84911417,9,0,0,58368,7,5235134662
6242,51923490,33698705,85622195,1,0,0,9728,19,2417283402
6243,51939450,33924167,85863617,5,0,0,60416,18,2577662157
6244,51948150,64711734,116659884,5,0,1,9728,18,4938416856
6245,51956940,64704890,116661830,9,0,1,3072,7,1895187210
6246,51960330,33956918,85917248,4,0,0,64512,13,4871752317
6247,51961900,34164701,86126601,5,0,0,96768,18,737912985
6248,51967721,66077431,118045152,2,0,1,361472,5,7625846347
6249,51977500,34535957,86513457,8,0,0,113664,18,1364224965
6250,51982260,66064377,118046637,5,0,1,15360,18,9309299378
6251,51982890,33513957,85496847,7,0,0,1536,15,9677410144
6252,51988130,33695007,85683137,0,0,0,31232,13,4321317939
6253,51988610,33110551,85099161,0,0,0,1024,13,8814862248
6254,52012630,33493935,85506565,1,0,0,31744,19,7618245037
6255,52016360,33479973,85496333,1,0,0,54272,19,6681361776
6256,52023201,66053134,118076335,2,0,1,5120,5,2075785315
6257,52034260,66062466,118096726,5,0,1,18944,18,5448213250
6258,52034480,33488534,85523014,4,0,0,24576,13,347458973
6259,52036840,66115155,118151995,5,0,1,8704,18,6607330091
6260,52038060,66159296,118197356,8,0,1,7168,18,2620500189
6261,52040739,34156862,86197601,5,0,0,24576,18,5997903625
6262,52041400,66156308,118197708,3,0,1,10240,4,5187017056
6263,52058240,34274153,86332393,0,0,0,8704,13,10609573221
6264,52065890,34262869,86328759,8,0,0,86016,18,1136773568
6265,52070370,66167703,118238073,7,0,1,3072,15,10326890632
6266,52090470,33750325,85840795,6,0,0,55296,17,1268492841
6267,52092580,33802314,85894894,1,0,0,512,19,5055787105
6268,52101260,33526909,85628169,8,0,0,19456,18,3584945878
6269,52111880,66131378,118243258,3,0,1,16384,4,6735797077
6270,52123230,66125365,118248595,3,0,1,5632,4,7684401450
6271,52123469,66156396,118279865,1,0,1,3584,19,1819542023
6272,52136120,34314065,86450185,0,0,0,98816,13,9207744043
6273,52162580,33573962,85736542,1,0,0,19456,19,8661142707
6274,52175830,33554761,85730591,6,0,0,39424,17,6977448484
6275,52186090,33433095,85619185,5,0,0,2560,18,7731830400
6276,52187210,33749683,85936893,5,0,0,32256,18,2589261265
6277,52189170,33824211,86013381,4,0,0,30208,13,10637666506
6278,52195620,34398853,86594473,2,0,0,30720,5,6896723225
6279,52228150,33669419,85897569,9,0,0,8704,7,5506636113
6280,52230770,66107074,118337844,7,0,1,3072,15,3606449544
6281,52232600,34451205,86683805,9,0,0,15872,7,7616735341
6282,52239350,34219773,86459123,6,0,0,21504,17,3058195166
6283,52241470,34496593,86738063,4,0,0,15360,13,6089997239
6284,52245940,33443570,85689510,8,0,0,14848,18,1250369424
6285,52250491,34116088,86366579,3,0,0,2560,4,311399517
6286,52259750,33812688,86072438,2,0,0,10240,5,658749259
6287,52260800,33584386,85845186,4,0,0,14336,13,5625312493
6288,52274351,34028177,86302528,3,0,0,95744,4,10663247303
6289,52285650,66052860,118338510,8,0,1,1024,18,3110818911
6290,52288410,34069682,86358092,9,0,0,7168,7,10669832704
6291,52298521,34665678,86964199,3,0,0,395776,4,8831554689
6292,52301180,66039596,118340776,7,0,1,3584,15,10186774321
6293,52317650,33600557,85918207,6,0,0,3072,17,9593529697
6294,52321720,33716303,86038023,9,0,0,4096,7,8377679081
6295,52330080,34392418,86722498,8,0,0,64512,18,3382343419
6296,52345100,34010785,86355885,7,0,0,18944,15,663580009
6297,52372970,65968165,118341135,7,0,1,9728,15,5051435751
6298,52380170,34290260,86670430,7,0,0,79872,15,8827940983
6299,52394730,33737198,86131928,1,0,0,17408,19,3455446216
6300,52421180,34107867,86529047,6,0,0,22016,17,2527443536
6301,52437440,34564805,87002245,6,0,0,37888,17,2365624941
6302,52438620,33739771,86178391,2,0,0,3584,5,6588342508
6303,52445310,34340950,86786260,7,0,0,55296,15,8965169270
6304,52448080,34542598,86990678,8,0,0,22528,18,2615738155
6305,52451020,33895280,86346300,7,0,0,45568,15,2710506138
6306,52455401,33874317,86329718,3,0,0,3072,4,8238577468
6307,52459670,33695008,86154678,2,0,0,3072,5,8092753772
6308,52462440,34058372,86520812,7,0,0,24064,15,9101121576
6309,52476630,33975918,86452548,7,0,0,7680,15,3151937661
6310,52481620,34629970,87111590,9,0,0,11776,7,5012522873
6311,52482281,66582887,119065168,2,0,1,179712,5,66381215
6312,52485980,33725090,86211070,1,0,0,23552,19,8293143267
6313,52487470,34547962,87035432,5,0,0,512,18,10414078586
6314,52499450,33890113,86389563,7,0,0,2560,15,1563582636
6315,52501731,33845528,86347259,3,0,0,3072,4,2978419851
6316,52511530,34523723,87035253,1,0,0,8192,19,4517464120
6317,52524820,34014132,86538952,6,0,0,32256,17,2040037252
6318,52539780,34252966,86792746,8,0,0,10240,18,6011765733
6319,52549940,66573672,119123612,7,0,1,15360,15,3041557287
6320,52550660,33799430,86350090,7,0,0,9216,15,5770851552
6321,52559600,33671874,86231474,4,0,0,19456,13,8856130301
6322,52560050,33853963,86414013,9,0,0,1024,7,3626357667
6323,52569840,34449432,87019272,8,0,0,55808,18,7816516801
6324,52577370,34406242,86983612,4,0,0,28160,13,4299526794
6325,52597190,33925095,86522285,7,0,0,4608,15,10583330383
6326,52598290,34475206,87073496,7,0,0,62976,15,3330065040
6327,52599610,34127458,86727068,6,0,0,4608,17,5214953123
6328,52603301,66520334,119123635,2,0,1,1024,5,6878722912
6329,52609740,34420787,87030527,1,0,0,36864,19,2503157119
6330,52614380,34711688,87326068,2,0,0,20480,5,1875167568
6331,52614710,34145086,86759796,9,0,0,24064,7,8030676236
6332,52615520,33863282,86478802,6,0,0,64512,17,5486772627
6333,52616000,34062877,86678877,5,0,0,27648,18,3313411935
6334,52620510,66503148,119123658,4,0,1,15360,13,8896314584
6335,52627550,66537423,119164973,4,0,1,12800,13,4943764267
6336,52628870,34599585,87228455,9,0,0,157696,7,8631619407
6337,52658401,33948762,86607163,3,0,0,18944,4,2966825206
6338,52684420,34436191,87120611,8,0,0,17920,18,3411045809
6339,52713580,34050451,86764031,9,0,0,13824,7,5600908507
6340,52737190,34390119,87127309,0,0,0,10240,13,6605545027
6341,52742100,33859260,86601360,8,0,0,22528,18,4001531216
6342,52760480,33866889,86627369,4,0,0,1024,13,7796231376
6343,52762920,34490587,87253507,1,0,0,40960,19,2071339794
6344,52763150,33962491,86725641,0,0,0,10240,13,5955782184
6345,52772930,34202079,86975009,2,0,0,35328,5,267841433
6346,52774960,34257774,87032734,0,0,0,7168,13,4319080166
6347,52790840,34597493,87388333,1,0,0,7680,19,434234956
6348,52794590,34498119,87292709,7,0,0,32768,15,2731604676
6349,52802230,34681418,87483648,7,0,0,55808,15,10074518084
6350,52805640,66359356,119164996,7,0,1,6656,15,5562686940
6351,52813090,34268697,87081787,1,0,0,27136,19,7683774037
6352,52816010,34221629,87037639,9,0,0,7168,7,6790830744
6353,52827210,34455492,87282702,1,0,0,95744,19,5498586362
6354,52828180,66386079,119214259,5,0,1,4096,18,7419495222
6355,52829640,66384642,119214282,3,0,1,15360,4,4619781344
6356,52848210,33786212,86634422,6,0,0,1536,17,7578228740
6357,52849529,66408486,119258015,0,0,1,4608,13,3182715995
6358,52851540,33889042,86740582,1,0,0,8192,19,2813904809
6359,52870410,34441377,87311787,7,0,0,59392,15,613851105
6360,52879710,34440095,87319805,1,0,0,18432,19,2610546422
6361,52884660,34099131,86983791,8,0,0,512,18,3351777338
6362,52887620,34426530,87314150,0,0,0,7680,13,7710083297
6363,52888030,66372891,119260921,8,0,1,4608,18,10416267587
6364,52890780,33873742,86764522,0,0,0,1536,13,191170547
6365,52911200,34323853,87235053,9,0,0,6144,7,3305874162
6366,52913691,66501755,119415446,2,0,1,99328,5,1236744975
6367,52917830,34632958,87550788,8,0,0,17408,18,6684260680
6368,52923940,34191188,87115128,0,0,0,6144,13,2340812823
6369,52925920,34587326,87513246,0,0,0,76800,13,10503632556
6370,52931230,66602294,119533524,7,0,1,6656,15,6856751304
6371,52931330,34670908,87602238,6,0,0,8704,17,10610211665
6372,52991530,34475091,87466621,0,0,0,128512,13,7457477981
6373,53009520,34795056,87804576,1,0,0,11264,19,10095287108
6374,53019551,34221453,87241004,3,0,0,19456,4,2925204481
6375,53022590,66516080,119538670,8,0,1,8192,18,8591700452
6376,53026450,34623898,87650348,1,0,0,130560,19,2917478965
6377,53038980,34339074,87378054,6,0,0,512,17,7684674690
6378,53040130,34553168,87593298,8,0,0,34816,18,389802069
6379,53041980,34058776,87100756,1,0,0,29696,19,2390077680
6380,53046099,66534970,119581069,0,0,1,15872,13,5631649012
6381,53051000,34513222,87564222,2,0,0,11264,5,3779462527
6382,53055170,34812799,87867969,6,0,0,5632,17,1377451126
6383,53056160,34124224,87180384,2,0,0,33792,5,3281512968
6384,53056320,34176838,87233158,4,0,0,15360,13,6167796385
6385,53059870,34457611,87517481,5,0,0,13824,18,8953178510
6386,53061760,34888454,87950214,2,0,0,9216,5,334695997
6387,53065860,35075771,88141631,4,0,0,31232,13,311204207
6388,53089860,66534919,119624779,9,0,1,9728,7,4739518573
6389,53097350,34638814,87736164,4,0,0,50176,13,3495119163
6390,53128110,34211865,87339975,2,0,0,45568,5,2056037243
6391,53168180,34734669,87902849,7,0,0,17408,15,8284664183
6392,53176990,34720532,87897522,0,0,0,73216,13,1234588614
6393,53178830,34809273,87988103,2,0,0,25088,5,10126256465
6394,53182780,34582486,87765266,8,0,0,19456,18,1651517961
6395,53211020,34082648,87293668,5,0,0,3072,18,3762028777
6396,53211410,33928770,87140180,9,0,0,1536,7,3141079065
6397,53229690,34190210,87419900,5,0,0,47104,18,4477572247
6398,53237690,35008047,88245737,6,0,0,49152,17,10281528885
6399,53240191,66830057,120070248,2,0,1,116736,5,79159120
6400,53240740,35191722,88432462,1,0,0,34304,19,2521802274
6401,53243910,34447574,87691484,6,0,0,15360,17,2080470801
6402,53261760,34519753,87781513,6,0,0,53248,17,5656257338
6403,53263580,34346965,87610545,9,0,0,13824,7,5640400231
6404,53270420,34744876,88015296,9,0,0,25088,7,4635143240
6405,53270680,35151307,88421987,6,0,0,56832,17,3871485540
6406,53271480,35294590,88566070,2,0,0,34816,5,1874260350
6407,53273480,35447298,88720778,5,0,0,107008,18,6041537458
6408,53285431,66811834,120097265,2,0,1,26624,5,10274622574
6409,53300780,66820118,120120898,9,0,1,22016,7,5591703280
6410,53301690,34622623,87924313,0,0,0,18432,13,1640500640
6411,53304780,34049168,87353948,2,0,0,2048,5,1084350663
6412,53306300,34180670,87486970,9,0,0,10752,7,10188995489
6413,53311580,34798689,88110269,9,0,0,24064,7,2215534984
6414,53332260,34241865,87574125,7,0,0,10240,15,4484359276
6415,53332390,34998986,88331376,5,0,0,44032,18,6094062455
6416,53334400,34768514,88102914,5,0,0,64512,18,7293194434
6417,53351650,34469523,87821173,5,0,0,2560,18,488983460
6418,53358081,66901918,120259999,2,0,1,7680,5,3480345004
6419,53378710,34164532,87543242,7,0,0,13312,15,5120204260
6420,53385431,66916172,120301603,2,0,1,39424,5,515172143
6421,53386580,34593856,87980436,0,0,0,26624,13,3146717454
6422,53387960,35126640,88514600,9,0,0,227328,7,1024065296
6423,53406780,66895169,120301949,5,0,1,512,18,8410445596
6424,53408431,34442996,87851427,3,0,0,23040,4,9646031500
6425,53430860,34927108,88357968,9,0,0,26112,7,5171055125
6426,53449020,35087801,88536821,4,0,0,15872,13,4754180669
6427,53454810,34469838,87924648,8,0,0,1024,18,10153092067
6428,53460210,34447498,87907708,9,0,0,15872,7,9098907357
6429,53469810,34783282,88253092,9,0,0,24064,7,1196958880
6430,53482270,34634834,88117104,1,0,0,4096,19,3069357375
6431,53498740,34498023,87996763,2,0,0,2048,5,4112910138
6432,53507010,34762284,88269294,4,0,0,23552,13,9440548116
6433,53529910,35014578,88544488,1,0,0,25088,19,8854570259
6434,53539380,35196085,88735465,9,0,0,48128,7,5118402305
6435,53542840,66786188,120329028,3,0,1,2560,4,5986535066
6436,53548650,34512588,88061238,7,0,0,22528,15,3045048401
6437,53560220,34653096,88213316,2,0,0,3584,5,10583033369
6438,53562990,35006691,88569681,2,0,0,11776,5,7053721682
6439,53571850,34244451,87816301,1,0,0,11776,19,7668611498
6440,53572069,66758239,120330308,0,0,1,14336,13,6557834805
6441,53578300,34977131,88555431,1,0,0,35840,19,4253434061
6442,53588580,34406911,87995491,4,0,0,24064,13,348852896
6443,53589940,34599920,88189860,1,0,0,26112,19,4205862971
6444,53591040,35021436,88612476,6,0,0,42496,17,2134060312
6445,53623310,34378529,88001839,4,0,0,3584,13,3093437211
6446,53636010,66723296,120359306,5,0,1,11776,18,1433756700
6447,53644530,35092096,88736626,2,0,0,3584,5,3737160021
6448,53651089,66708240,120359329,0,0,1,4608,13,8200007074
6449,53661240,34952663,88613903,2,0,0,4608,5,3879416381
6450,53662759,66696593,120359352,6,0,1,12800,17,8166141752
6451,53671279,66705633,120376912,1,0,1,6144,19,6770894696
6452,53674010,35268190,88942200,5,0,0,68096,18,8258904042
6453,53687930,35089876,88777806,7,0,0,23552,15,438227315
6454,53711240,34683410,88394650,9,0,0,62976,7,8296486827
6455,53712740,34487370,88200110,6,0,0,5120,17,5918162060
6456,53726230,34803213,88529443,1,0,0,48640,19,1906030130
6457,53728470,34803492,88531962,4,0,0,8192,13,9233554336
6458,53728840,35176406,88905246,4,0,0,229888,13,3570722304
6459,53731260,34586677,88317937,4,0,0,31744,13,5813290173
6460,53733050,34955101,88688151,4,0,0,57344,13,223838902
6461,53741290,35093889,88835179,2,0,0,109568,5,4439002124
6462,53746400,34906482,88652882,0,0,0,65024,13,1751258232
6463,53748610,35053162,88801772,0,0,0,68608,13,8835772555
6464,53752739,66657958,120410697,6,0,1,18944,17,10503315201
6465,53754620,35221992,88976612,6,0,0,80896,17,1643057683
6466,53756679,66654364,120411043,1,0,1,512,19,8513192853
6467,53758820,35157236,88916056,5,0,0,31744,18,5866488065
6468,53759080,66657660,120416740,5,0,1,18944,18,9208307497
6469,53769801,66726538,120496339,2,0,1,11264,5,8381848679
6470,53772770,35179125,88951895,5,0,0,31744,18,5642964178
6471,53773060,67114162,120887222,9,0,1,56832,7,9380147545
6472,53777810,35143573,88921383,1,0,0,17408,19,9894783557
6473,53791850,34603759,88395609,9,0,0,3072,7,7877988302
6474,53794150,35219393,89013543,9,0,0,76288,7,5171610510
6475,53801920,35802159,89604079,1,0,0,87040,19,4805626830
6476,53806090,34941323,88747413,4,0,0,35328,13,2661611516
6477,53827750,35868439,89696189,4,0,0,81920,13,7846336856
6478,53834870,67299288,121134158,5,0,1,36864,18,2131133058
6479,53839200,35176558,89015758,0,0,0,7168,13,9054659889
6480,53839991,67307028,121147019,2,0,1,24576,5,7919224614
6481,53846500,67311797,121158297,9,0,1,4608,7,6777805328
6482,53848550,67316156,121164706,4,0,1,7168,13,6738900136
6483,53856150,34899577,88755727,0,0,0,13824,13,10051209658
6484,53858020,34774802,88632822,7,0,0,8704,15,1016150908
6485,53862650,35194096,89056746,5,0,0,8704,18,375346875
6486,53871120,35115499,88986619,1,0,0,32768,19,2061248627
6487,53873920,35857305,89731225,6,0,0,59392,17,8476197465
6488,53879540,67287752,121167292,5,0,1,4096,18,1212189939
6489,53879661,35169996,89049657,3,0,0,111104,4,2214448082
6490,53882940,35107290,88990230,4,0,0,11776,13,7524841652
6491,53904881,35376517,89281398,3,0,0,13312,4,10221977683
6492,53917320,34834172,88751492,4,0,0,13312,13,8299112275
6493,53924530,67247626,121172156,8,0,1,3584,18,1755623714
6494,53932530,35121541,89054071,5,0,0,12800,18,5332258381
6495,53948440,35159170,89107610,1,0,0,50688,19,4244108687
6496,53954150,34952211,88906361,2,0,0,3584,5,8143617842
6497,53955831,35372039,89327870,3,0,0,6656,4,7576002986
6498,53988079,67208989,121197068,0,0,1,12800,13,9137199607
6499,53988560,35518620,89507180,9,0,0,44544,7,2334413726
6500,53998740,35188128,89186868,7,0,0,6656,15,4506816626
6501,54000810,35342035,89342845,8,0,0,24576,18,9323671474
6502,54033620,35326756,89360376,9,0,0,44544,7,5274304048
6503,54034740,35636466,89671206,8,0,0,24064,18,829274750
6504,54038070,35427490,89465560,0,0,0,44544,13,1609925993
6505,54041020,35121874,89162894,7,0,0,52224,15,5167311461
6506,54045640,35176706,89222346,7,0,0,31232,15,1484152872
6507,54046910,67154664,121201574,5,0,1,7168,18,617123245
6508,54047250,35202848,89250098,5,0,0,20992,18,735975832
6509,54053440,35076473,89129913,1,0,0,5120,19,8027815445
6510,54059650,35190939,89250589,5,0,0,1536,18,7801633065
6511,54061330,34988818,89050148,7,0,0,1536,15,749159621
6512,54063640,35862886,89926526,1,0,0,26112,19,8392512139
6513,54064981,35352395,89417376,3,0,0,80384,4,3107192951
6514,54080930,34995357,89076287,8,0,0,16384,18,5041920958
6515,54082350,36132935,90215285,0,0,0,13312,13,8614347921
6516,54086090,35365875,89451965,5,0,0,49664,18,7287494519
6517,54099810,35273551,89373361,4,0,0,7680,13,8527282656
6518,54099880,35436520,89536400,7,0,0,19456,15,50061202
6519,54101521,35541684,89643205,3,0,0,25088,4,2298752413
6520,54111449,67121059,121232508,0,0,1,5632,13,5277043164
6521,54117920,35694697,89812617,9,0,0,80896,7,985588402
6522,54128150,35387165,89515315,7,0,0,26624,15,1964283661
6523,54138770,35339137,89477907,5,0,0,40448,18,4826001932
6524,54140100,35283250,89423350,2,0,0,1536,5,5370829063
6525,54141059,67191144,121332203,0,0,1,2560,13,4654828673
6526,54163401,67168825,121332226,2,0,1,8704,5,3005038568
6527,54165700,67166549,121332249,5,0,1,15872,18,4110479984
6528,54166140,35018622,89184762,2,0,0,1024,5,10206451974
6529,54175740,35765942,89941682,7,0,0,15360,15,2370066873
6530,54177580,35245279,89422859,6,0,0,17920,17,9405088271
6531,54177830,35065849,89243679,0,0,0,19456,13,9069278480
6532,54184970,67192666,121377636,9,0,1,44032,7,5412138074
6533,54190541,35575339,89765880,3,0,0,113664,4,3614141573
6534,54193110,35961200,90154310,0,0,0,75776,13,10385890183
6535,54210340,35176496,89386836,7,0,0,20480,15,286293326
6536,54224970,35488136,89713106,4,0,0,3584,13,1758647639
6537,54228650,35435201,89663851,5,0,0,23040,18,4772759808
6538,54249600,35586463,89836063,5,0,0,5632,18,7124856488
6539,54250470,35406330,89656800,9,0,0,44544,7,653476865
6540,54258800,35372910,89631710,7,0,0,28672,15,8479218056
6541,54262911,67333112,121596023,2,0,1,9216,5,9089437217
6542,54265790,35568534,89834324,4,0,0,71168,13,7554737604
6543,54266190,35521756,89787946,9,0,0,68608,7,9759426951
6544,54276370,67319676,121596046,3,0,1,512,4,6641666996
6545,54284950,35482053,89767003,5,0,0,3584,18,1226096068
6546,54320610,35391381,89711991,5,0,0,15872,18,9878877404
6547,54323250,35383882,89707132,7,0,0,35840,15,3327495657
6548,54327410,35942138,90269548,7,0,0,50688,15,2794517343
6549,54346210,35499236,89845446,6,0,0,30720,17,2931599409
6550,54348750,36075553,90424303,8,0,0,48640,18,10616990042
6551,54351800,35576922,89928722,8,0,0,3072,18,3568265394
6552,54353450,35677350,90030800,6,0,0,79872,17,196335921
6553,54361901,35520933,89882834,3,0,0,44032,4,4404020070
6554,54385750,35868331,90254081,9,0,0,65024,7,10459658507
6555,54388030,67234846,121622876,5,0,1,45568,18,5005484913
6556,54394070,67366078,121760148,4,0,1,18944,13,5011602580
6557,54404490,36362758,90767248,1,0,0,60416,19,10124872020
6558,54406540,67353631,121760171,9,0,1,3584,7,1575681310
6559,54444270,35454431,89898701,8,0,0,25088,18,2961531729
6560,54448270,35494059,89942329,9,0,0,2048,7,6958771743
6561,54458190,36094597,90552787,7,0,0,28160,15,4204369450
6562,54480120,35929340,90409460,9,0,0,45056,7,998337969
6563,54480500,67279694,121760194,7,0,1,512,15,5946122079
6564,54489650,35483918,89973568,1,0,0,26624,19,3379691246
6565,54495651,35828277,90323928,3,0,0,60928,4,9185726280
6566,54500081,35939766,90439847,3,0,0,20480,4,6978994949
6567,54506810,67253407,121760217,9,0,1,9216,7,8285226967
6568,54514550,67245690,121760240,7,0,1,13312,15,807219450
6569,54517650,35863904,90381554,4,0,0,186880,13,8333076175
6570,54523991,36355739,90879730,3,0,0,30208,4,3810436473
6571,54532980,67419366,121952346,3,0,1,31232,4,10171068318
6572,54538870,35510466,90049336,8,0,0,18944,18,9785878128
6573,54545530,35759164,90304694,8,0,0,51712,18,4103879938
6574,54546430,35758911,90305341,8,0,0,2048,18,1736486887
6575,54557230,35535421,90092651,9,0,0,16896,7,3821972047
6576,54560310,67457645,122017955,3,0,1,30208,4,6763330635
6577,54561490,67458731,122020221,8,0,1,3584,18,4179449508
6578,54565530,35759061,90324591,6,0,0,2048,17,3578378479
6579,54566480,35863649,90430129,7,0,0,18944,15,3582691348
6580,54568040,35588009,90156049,1,0,0,5632,19,9494630122
6581,54575790,35910953,90486743,2,0,0,39936,5,128357601
6582,54578221,36092970,90671191,3,0,0,45568,4,4885227357
6583,54588640,36152169,90740809,9,0,0,46080,7,6946064560
6584,54608900,35824684,90433584,8,0,0,11264,18,6290662062
6585,54623390,35769130,90392520,0,0,0,35840,13,1252591056
6586,54629480,36294514,90923994,7,0,0,86528,15,4592278975
6587,54632440,35656475,90288915,2,0,0,63488,5,595683873
6588,54644900,36535567,91180467,2,0,0,104960,5,3898656112
6589,54646620,35550677,90197297,1,0,0,9728,19,8326189952
6590,54647650,35748059,90395709,5,0,0,10240,18,572710609
6591,54650100,35542716,90192816,0,0,0,512,13,9290787531
6592,54655040,36177839,90832879,0,0,0,76288,13,4860589957
6593,54658310,67581417,122239727,8,0,1,9216,18,5636559574
6594,54663950,35982079,90646029,9,0,0,8704,7,4350802924
6595,54669630,67600371,122270001,7,0,1,13824,15,9987282089
6596,54673031,35925527,90598558,3,0,0,134656,4,1311540830
6597,54684560,36010171,90694731,0,0,0,14336,13,9293272356
6598,54690210,36331872,91022082,7,0,0,30208,15,4753049464
6599,54697250,36497794,91195044,8,0,0,19968,18,10568954551
6600,54702430,67626734,122329164,9,0,1,29696,7,2216600946
6601,54705741,35894111,90599852,3,0,0,3072,4,7682800134
6602,54710740,35888153,90598893,9,0,0,1024,7,851960695
6603,54721880,35921474,90643354,8,0,0,48128,18,5383455546
6604,54723821,35814625,90538446,3,0,0,1024,4,228628426
6605,54726911,67602276,122329187,2,0,1,10752,5,6954819378
6606,54737959,67635183,122373142,1,0,1,9216,19,9058048912
6607,54738270,35791606,90529876,6,0,0,6144,17,9965570116
6608,54749650,36093860,90843510,0,0,0,34816,13,1127159071
6609,54753850,36176875,90930725,4,0,0,22016,13,4605833625
6610,54762400,36250455,91012855,2,0,0,84992,5,7026986413
6611,54770560,36474969,91245529,8,0,0,44544,18,4271912778
6612,54784790,35917417,90702207,4,0,0,3584,13,3471675172
6613,54785420,36435901,91221321,1,0,0,43520,19,9556234381
6614,54786401,67591567,122377968,2,0,1,7680,5,5585416007
6615,54790170,35989686,90779856,1,0,0,33792,19,8855724230
6616,54798001,35818716,90616717,3,0,0,8192,4,8476070116
6617,54807380,36341084,91148464,1,0,0,89088,19,9237054237
6618,54815400,36137383,90952783,7,0,0,49152,15,2605620967
6619,54829489,67552025,122381514,1,0,1,5632,19,9138904200
6620,54830341,36468605,91298946,3,0,0,62464,4,5569794847
6621,54843230,36470715,91313945,4,0,0,49152,13,8917173068
6622,54861551,36642794,91504345,3,0,0,59904,4,6513780887
6623,54867590,35851721,90719311,5,0,0,31232,18,9925371609
6624,54887860,36196458,91084318,0,0,0,35840,13,10639913885
6625,54888320,36138101,91026421,1,0,0,13312,19,8433076883
6626,54893929,67661459,122555388,0,0,1,29184,13,3051217422
6627,54894160,67663814,122557974,7,0,1,4096,15,467547492
6628,54895481,67669490,122564971,2,0,1,12288,5,3911214012
6629,54905140,36689614,91594754,4,0,0,36352,13,5557797403
6630,54966710,36240525,91207235,1,0,0,39936,19,7515337292
6631,54972990,67790642,122763632,7,0,1,1536,15,3475734382
6632,54975120,35905101,90880221,7,0,0,1536,15,20296669
6633,54978360,36540244,91518604,9,0,0,32768,7,4408562978
6634,54979580,36701236,91680816,1,0,0,176128,19,4083154779
6635,54987150,36086225,91073375,7,0,0,19968,15,9641533642
6636,55007201,36751308,91758509,3,0,0,21504,4,5107513212
6637,55016499,67747156,122763655,1,0,1,6656,19,6107756732
6638,55019380,36188658,91208038,6,0,0,2560,17,2009158008
6639,55028300,36906103,91934403,2,0,0,53248,5,2074692233
6640,55028630,35956720,90985350,4,0,0,15360,13,8839947077
6641,55031640,67732038,122763678,3,0,1,2048,4,1051626248
6642,55035860,36244031,91279891,2,0,0,22528,5,10075848197
6643,55048770,36215392,91264162,8,0,0,7168,18,6188585373
6644,55049270,67743079,122792349,9,0,1,5632,7,1308314150
6645,55049540,36565167,91614707,7,0,0,3072,15,3278706768
6646,55060351,36201604,91261955,3,0,0,32256,4,5760192319
6647,55066810,36165124,91231934,8,0,0,32256,18,2267967008
6648,55088451,36364336,91452787,3,0,0,45056,4,1431514578
6649,55102530,36119530,91222060,4,0,0,2048,13,7933542779
6650,55104200,36077382,91181582,9,0,0,3584,7,3409774369
6651,55105630,36269139,91374769,6,0,0,22016,17,6103806192
6652,55110131,36078806,91188937,3,0,0,24064,4,9465747145
6653,55127950,37139075,92267025,9,0,0,88064,7,8490484031
6654,55143310,37012561,92155871,5,0,0,47616,18,806105470
6655,55157951,67634421,122792372,2,0,1,2048,5,5585975908
6656,55158660,37262415,92421075,4,0,0,12800,13,6887070866
6657,55164580,36087524,91252104,7,0,0,21504,15,7364004739
6658,55164820,36293163,91457983,9,0,0,6656,7,1952577269
6659,55169780,36837263,92007043,7,0,0,65536,15,6261637644
6660,55170500,36682972,91853472,9,0,0,57344,7,6327835210
6661,55202600,37647877,92850477,0,0,0,108032,13,3373512311
6662,55215400,36057008,91272408,7,0,0,19456,15,1266501852
6663,55218350,36532858,91751208,6,0,0,44032,17,2920336626
6664,55223870,36397817,91621687,4,0,0,17408,13,9825205976
6665,55225660,36761392,91987052,2,0,0,29184,5,9116526897
6666,55226610,37695345,92921955,2,0,0,13824,5,6669006957
6667,55226770,36547342,91774112,6,0,0,18944,17,1704643875
6668,55233030,36860386,92093416,7,0,0,32256,15,2284721718
6669,55242250,36495519,91737769,9,0,0,43520,7,3840133994
6670,55242590,36722568,91965158,7,0,0,100864,15,7268497175
6671,55245830,36895510,92141340,1,0,0,112640,19,8627144397
6672,55250160,36610129,91860289,5,0,0,5632,18,8619355607
6673,55254210,36470276,91724486,0,0,0,57856,13,10223557488
6674,55258200,36522701,91780901,0,0,0,14336,13,10321197967
6675,55258940,36291904,91550844,8,0,0,3584,18,149765759
6676,55260450,36960655,92221105,5,0,0,62976,18,2111154156
6677,55295081,36314649,91609730,3,0,0,19968,4,3623733765
6678,55299000,36756804,92055804,0,0,0,4608,13,3812924595
6679,55302120,37147198,92449318,7,0,0,12288,15,8309659989
6680,55305800,37136982,92442782,5,0,0,71168,18,3696936951
6681,55313460,36299592,91613052,2,0,0,10752,5,15140811
6682,55317010,67475385,122792395,8,0,1,10752,18,7284900518
6683,55324760,36542788,91867548,9,0,0,12800,7,5038795340
6684,55325110,37779959,93105069,1,0,0,109568,19,9243529472
6685,55331170,36350761,91681931,9,0,0,3584,7,9356330175
6686,55333030,36645099,91978129,4,0,0,42496,13,3029595049
6687,55342760,36187066,91529826,1,0,0,16384,19,6508644189
6688,55354200,37274708,92628908,1,0,0,20480,19,8605325099
6689,55361300,36321122,91682422,2,0,0,1536,5,4522252272
6690,55367579,67524137,122891716,0,0,1,19968,13,5942703643
6691,55381220,36776234,92157454,2,0,0,5120,5,10341679421
6692,55384630,67549280,122933910,9,0,1,2048,7,743106032
6693,55391939,67614977,123006916,6,0,1,14336,17,8961870468
6694,55392321,36511988,91904309,3,0,0,13824,4,2382046101
6695,55405340,36628285,92033625,8,0,0,19968,18,1005290085
6696,55413950,36884670,92298620,5,0,0,9728,18,7118783314
6697,55414841,36769980,92184821,3,0,0,31744,4,5468062830
6698,55416920,37190660,92607580,5,0,0,16384,18,9481238872
6699,55422670,36278108,91700778,0,0,0,3584,13,9502764172
6700,55429590,37047240,92476830,1,0,0,30720,19,613494830
6701,55446270,36849363,92295633,1,0,0,30720,19,3924020065
6702,55446541,36755353,92201894,3,0,0,10240,4,618486923
6703,55448910,36777522,92226432,0,0,0,17408,13,3398235515
6704,55454390,37140025,92594415,6,0,0,12800,17,10638237393
6705,55455250,36853969,92309219,4,0,0,20480,13,2575514511
6706,55459630,36778681,92238311,1,0,0,38912,19,9196986602
6707,55489920,36335069,91824989,0,0,0,512,13,5642306226
6708,55493200,36673169,92166369,1,0,0,29184,19,3734288890
6709,55511160,36998541,92509701,1,0,0,5120,19,6899783576
6710,55511980,36406176,91918156,7,0,0,29184,15,9668533727
6711,55513541,37148263,92661804,3,0,0,31744,4,8333472840
6712,55521730,36837191,92358921,8,0,0,97280,18,5499371484
6713,55543141,36741483,92284624,3,0,0,27648,4,9168573655
6714,55549770,36515001,92064771,6,0,0,5120,17,712546449
6715,55558960,36931477,92490437,7,0,0,39424,15,797340304
6716,55565279,67446783,123012062,0,0,1,8192,13,6307287263
6717,55566760,36969310,92536070,9,0,0,21504,7,4611576840
6718,55572730,37017762,92590492,7,0,0,56320,15,6795916188
6719,55574410,36624341,92198751,1,0,0,33280,19,277989324
6720,55577990,36588714,92166704,9,0,0,1024,7,7011529354
6721,55578290,37349148,92927438,0,0,0,17920,13,3016565434
6722,55582750,36511781,92094531,1,0,0,3584,19,8629262063
6723,55597839,67436623,123034462,0,0,1,2048,13,338718922
6724,55606681,36581907,92188588,3,0,0,12288,4,5969557787
6725,55625410,37014597,92640007,9,0,0,36352,7,6115675046
6726,55647400,67387421,123034821,5,0,1,9728,18,6908948404
6727,55650900,36913595,92564495,9,0,0,4096,7,6285795748
6728,55673520,36971814,92645334,8,0,0,17408,18,6309376361
6729,55685360,38038775,93724135,7,0,0,674304,15,8500879506
6730,55686720,67583060,123269780,9,0,1,17408,7,9325896921
6731,55695801,37289667,92985468,3,0,0,23040,4,4670912860
6732,55700200,36922445,92622645,7,0,0,48128,15,7766679136
6733,55722290,67944591,123666881,7,0,1,19968,15,2048174425
6734,55739450,37440572,93180022,2,0,0,21504,5,2969310791
6735,55745690,36660264,92405954,8,0,0,17920,18,1526877955
6736,55750710,37410324,93161034,9,0,0,48640,7,463523625
6737,55752240,38054025,93806265,7,0,0,29696,15,9586385268
6738,55760650,38128424,93889074,1,0,0,32256,19,5009587110
6739,55764420,38071912,93836332,8,0,0,56832,18,567348494
6740,55768610,38155500,93924110,0,0,0,12800,13,6973361242
6741,55779270,38140917,93920187,1,0,0,4096,19,6124548268
6742,55782520,37961138,93743658,8,0,0,64000,18,8367279919
6743,55783620,37208793,92992413,7,0,0,512,15,521800985
6744,55789820,37531183,93321003,5,0,0,7680,18,5746440876
6745,55793750,37142322,92936072,1,0,0,27136,19,8410903097
6746,55814630,67854837,123669467,9,0,1,4096,7,2956745059
6747,55817740,37202060,93019800,4,0,0,39936,13,8284216321
6748,55818020,38283533,94101553,6,0,0,108544,17,10166729119
6749,55821050,37295141,93116191,0,0,0,10240,13,3652463712
6750,55823000,37954313,93777313,2,0,0,29184,5,4065740551
6751,55824690,37943708,93768398,2,0,0,13312,5,1288959826
6752,55825530,38643013,94468543,8,0,0,535552,18,5889706781
6753,55842549,67831104,123673653,0,0,1,6656,13,8912206733
6754,55860480,37930139,93790619,9,0,0,5120,7,6771981884
6755,55863410,38686859,94550269,7,0,0,34816,15,4418800481
6756,55863460,37249588,93113048,0,0,0,26112,13,8880555644
6757,55894240,38123450,94017690,0,0,0,48128,13,10527680179
6758,55900300,37027473,92927773,9,0,0,1024,7,919460115
6759,55901120,37978095,93879215,5,0,0,36352,18,9682130731
6760,55905029,67771850,123676879,6,0,1,5120,17,2795425795
6761,55907880,37256297,93164177,7,0,0,10240,15,2418522922
6762,55913140,37851179,93764319,8,0,0,52224,18,6953378606
6763,55924510,37930253,93854763,5,0,0,60416,18,3214093813
6764,55930430,36851219,92781649,4,0,0,5632,13,9205798893
6765,55932371,37479779,93412150,3,0,0,43520,4,192007724
6766,55943380,37370846,93314226,5,0,0,125440,18,7230121275
6767,55944420,37374220,93318640,5,0,0,14336,18,8602049001
6768,55956290,37536677,93492967,0,0,0,51712,13,10545602939
6769,55967180,67711325,123678505,3,0,1,2560,4,5213132686
6770,55981100,38524461,94505561,5,0,0,95744,18,6861011087
6771,55982130,67702210,123684340,8,0,1,3584,18,6189539035
6772,55989170,37808024,93797194,5,0,0,21504,18,10156663125
6773,55995651,67697370,123693021,2,0,1,1024,5,5960060871
6774,56006290,37938049,93944339,6,0,0,4608,17,6394992774
6775,56012800,67680244,123693044,5,0,1,3072,18,2076629254
6776,56013740,67679327,123693067,9,0,1,512,7,460202755
6777,56020710,37786514,93807224,0,0,0,3072,13,612476214
6778,56035950,38566531,94602481,0,0,0,89088,13,1162768735
6779,56037800,37479189,93516989,9,0,0,42496,7,8309053074
6780,56043800,37824300,93868100,9,0,0,13312,7,3904328590
6781,56047689,67646575,123694264,0,0,1,3584,13,411508585
6782,56048681,67745573,123794254,2,0,1,512,5,2676918287
6783,56060400,37880916,93941316,0,0,0,56320,13,9582137558
6784,56061080,37686501,93747581,2,0,0,12800,5,4168844442
6785,56064990,37754003,93818993,8,0,0,13824,18,6313095408
6786,56076730,37712306,93789036,6,0,0,38400,17,7608561113
6787,56077570,37266683,93344253,5,0,0,9216,18,1799031556
6788,56080920,67713357,123794277,4,0,1,8704,13,9877114752
6789,56096730,37767283,93864013,1,0,0,14848,19,7277167963
6790,56098410,37709617,93808027,7,0,0,2560,15,3902223418
6791,56105601,37808924,93914525,3,0,0,83456,4,4663749182
6792,56107040,37811876,93918916,7,0,0,14336,15,9873485620
6793,56110930,37892073,94003003,6,0,0,59904,17,2246420952
6794,56112741,37702017,93814758,3,0,0,22016,4,1092066753
6795,56116581,37742885,93859466,3,0,0,15360,4,3610597340
6796,56120370,37628014,93748384,6,0,0,2560,17,8951252954
6797,56127109,67667191,123794300,0,0,1,27136,13,5256942431
6798,56128301,38049515,94177816,3,0,0,58368,4,161555684
6799,56131470,38344896,94476366,7,0,0,25600,15,10626558673
6800,56138291,67720396,123858687,2,0,1,8704,5,3249592329
6801,56141220,37924630,94065850,9,0,0,34816,7,2825329430
6802,56145050,38159886,94304936,9,0,0,77824,7,4448061003
6803,56147810,37802949,93950759,1,0,0,7168,19,9686269691
6804,56165230,37950386,94115616,5,0,0,46080,18,689231657
6805,56170540,67830939,124001479,3,0,1,13824,4,3675890127
6806,56191459,67817421,124008880,6,0,1,14336,17,1140607497
6807,56194270,67814633,124008903,5,0,1,12800,18,5448378485
6808,56194320,38444765,94639085,0,0,0,11264,13,5111023477
6809,56199850,38075065,94274915,4,0,0,159744,13,6199267619
6810,56206500,38507054,94713554,7,0,0,32768,15,3620969044
6811,56207550,37972001,94179551,9,0,0,2560,7,1993334742
6812,56221830,38469756,94691586,2,0,0,52224,5,9258381977
6813,56235580,38339726,94575306,5,0,0,19456,18,7945109694
6814,56238241,38042960,94281201,3,0,0,10240,4,4148061929
6815,56262780,38340348,94603128,1,0,0,2048,19,5894408179
6816,56272080,38267558,94539638,9,0,0,91136,7,1939778707
6817,56275160,38278408,94553568,2,0,0,10752,5,720067521
6818,56278830,38672900,94951730,2,0,0,296960,5,4785077550
6819,56304560,38264787,94569347,0,0,0,51712,13,524168307
6820,56304580,38207267,94511847,7,0,0,19456,15,3034535240
6821,56311410,38491832,94803242,8,0,0,48640,18,866686999
6822,56323130,37954928,94278058,5,0,0,10240,18,1495721802
6823,56330500,38428424,94758924,1,0,0,101888,19,8388346324
6824,56334750,38366843,94701593,4,0,0,32768,13,1689667109
6825,56341730,38164166,94505896,5,0,0,1024,18,3883871545
6826,56366570,38494657,94861227,5,0,0,57856,18,4177723366
6827,56369170,38474406,94843576,2,0,0,77824,5,8518110326
6828,56371680,38297224,94668904,8,0,0,97792,18,2120324968
6829,56385150,38594619,94979769,6,0,0,30720,17,8072510733
6830,56385620,38222055,94607675,1,0,0,14848,19,9620414490
6831,56387020,38568165,94955185,6,0,0,11264,17,9870345489
6832,56409720,38225910,94635630,1,0,0,91648,19,4159392933
6833,56412190,67612134,124024324,7,0,1,5120,15,3438427036
6834,56429330,38594477,95023807,7,0,0,132608,15,9019034476
6835,56431650,38525118,94956768,8,0,0,5120,18,4154668905
6836,56434880,38370276,94805156,8,0,0,4608,18,4184937575
6837,56466370,38624829,95091199,7,0,0,22528,15,4616638989
6838,56466650,38236682,94703332,2,0,0,5632,5,10366525478
6839,56474250,67550097,124024347,9,0,1,13824,7,5826330909
6840,56480190,38754428,95234618,1,0,0,27136,19,227859461
6841,56482350,38580308,95062658,7,0,0,30720,15,421016891
6842,56516580,39159406,95675986,0,0,0,38400,13,1947878424
6843,56525010,67499360,124024370,9,0,1,9216,7,2696774184
6844,56527810,38573068,95100878,9,0,0,25088,7,8674927170
6845,56529470,38765346,95294816,0,0,0,16896,13,3692947735
6846,56531070,38818966,95350036,7,0,0,9728,15,9329066319
6847,56532050,67496750,124028800,8,0,1,18944,18,325457979
6848,56534870,38724810,95259680,6,0,0,3072,17,10689354808
6849,56537280,38572346,95109626,5,0,0,14336,18,10222201439
6850,56544980,38713741,95258721,0,0,0,26624,13,7206836268
6851,56549331,67563295,124112626,2,0,1,14336,5,1733245119
6852,56554020,38429360,94983380,7,0,0,11776,15,10190986161
6853,56555440,38414946,94970386,4,0,0,27136,13,9886291393
6854,56567920,38466526,95034446,8,0,0,34816,18,3771463103
6855,56568210,38635633,95203843,1,0,0,6144,19,518470604
6856,56580730,38658435,95239165,5,0,0,14848,18,8756734066
6857,56581690,38490686,95072376,8,0,0,31744,18,297582707
6858,56582930,67529719,124112649,7,0,1,13312,15,2114631265
6859,56583750,39178906,95762656,8,0,0,39424,18,9936035807
6860,56594340,38367755,94962095,4,0,0,17408,13,3487825681
6861,56596890,38438983,95035873,9,0,0,4608,7,8451840237
6862,56600840,39472425,96073265,2,0,0,183296,5,8516703260
6863,56629739,67544451,124174190,0,0,1,6656,13,1937384106
6864,56635310,39744861,96380171,6,0,0,34304,17,6709506842
6865,56665790,38526017,95191807,4,0,0,27136,13,3221675996
6866,56668490,39066221,95734711,0,0,0,42496,13,5353649965
6867,56679270,38855414,95534684,9,0,0,45568,7,10123980340
6868,56682400,38587351,95269751,1,0,0,5632,19,1159430920
6869,56688811,39476159,96164970,3,0,0,53248,4,4098757065
6870,56696509,67477704,124174213,0,0,1,7680,13,6802753338
6871,56697400,39782179,96479579,8,0,0,26624,18,9757392912
6872,56704380,38573363,95277743,6,0,0,6656,17,9998955763
6873,56705401,38992396,95697797,3,0,0,8704,4,4183697012
6874,56705650,39590312,96295962,2,0,0,8704,5,5195519516
6875,56715830,38546845,95262675,4,0,0,9728,13,5175388561
6876,56724160,67483662,124207822,8,0,1,36864,18,9206653814
6877,56753241,38890372,95643613,3,0,0,23552,4,1930575000
6878,56755080,38931437,95686517,7,0,0,27136,15,1915490142
6879,56761870,39089067,95850937,6,0,0,24576,17,5251854132
6880,56769060,38570957,95340017,2,0,0,13312,5,4568480514
6881,56777780,38797238,95575018,7,0,0,81920,15,10027964765
6882,56782180,38433491,95215671,1,0,0,1024,19,5262941558
6883,56792739,67415106,124207845,0,0,1,16896,13,4047751885
6884,56795490,38676066,95471556,4,0,0,39424,13,1067879160
6885,56796770,38779051,95575821,1,0,0,2560,19,9091586041
6886,56801160,38714135,95515295,1,0,0,12288,19,9512442044
6887,56810430,38665037,95475467,4,0,0,2560,13,8804138964
6888,56813000,38627494,95440494,6,0,0,15872,17,7374851523
6889,56817141,67419196,124236337,2,0,1,5120,5,4570846363
6890,56833530,67402830,124236360,9,0,1,6656,7,3426975246
6891,56835960,67400423,124236383,4,0,1,9728,13,3961777678
6892,56845640,38944104,95789744,7,0,0,70144,15,7261868591
6893,56848330,38735204,95583534,2,0,0,25088,5,9636216272
6894,56855000,38832788,95687788,4,0,0,4096,13,2764036611
6895,56865990,38618586,95484576,7,0,0,8192,15,5804496099
6896,56872520,38817833,95690353,2,0,0,7168,5,6536966028
6897,56880030,38524122,95404152,2,0,0,3584,5,9480005365
6898,56886920,39664594,96551514,0,0,0,130560,13,4126796345
6899,56888990,38974209,95863199,0,0,0,15360,13,6311366591
6900,56908729,67327677,124236406,0,0,1,7680,13,10445072712
6901,56913040,39169631,96082671,7,0,0,9216,15,5312490276
6902,56914371,39182831,96097202,3,0,0,47616,4,5765179033
6903,56918271,38880076,95798347,3,0,0,28160,4,5518652120
6904,56928290,38777956,95706246,2,0,0,23552,5,2423500713
6905,56933080,67303349,124236429,7,0,1,12288,15,7859087886
6906,56945070,38661366,95606436,1,0,0,4608,19,7845489074
6907,56945440,38909264,95854704,5,0,0,12288,18,9095577737
6908,56945630,39238166,96183796,5,0,0,26112,18,8671057001
6909,56960859,67338825,124299684,6,0,1,1024,17,2747123246
6910,56966460,38721686,95688146,1,0,0,1024,19,4253154304
6911,56973010,39174217,96147227,8,0,0,96768,18,5954797692
6912,56974341,39482416,96456757,3,0,0,41984,4,2993696815
6913,56978210,38790131,95768341,6,0,0,18432,17,3881435791
6914,56983471,39096369,96079840,3,0,0,21504,4,4986844952
6915,57000620,38964406,95965026,1,0,0,1536,19,4569063138
6916,57003010,38898966,95901976,8,0,0,24064,18,4244428659
6917,57004430,38888727,95893157,2,0,0,22528,5,10640649831
6918,57005200,67294507,124299707,8,0,1,9728,18,2262484080
6919,57013490,39134430,96147920,0,0,0,2048,13,107927451
6920,57018840,38957366,95976206,0,0,0,5632,13,2705398776
6921,57019990,39155827,96175817,6,0,0,15360,17,6825802581
6922,57023900,39556544,96580444,1,0,0,7680,19,4400038310
6923,57024380,39735135,96759515,4,0,0,107008,13,4134733162
6924,57028340,39443104,96471444,0,0,0,48128,13,3804126564
6925,57031660,39359923,96391583,7,0,0,11264,15,9091320082
6926,57033570,39259717,96293287,2,0,0,172032,5,228755767
6927,57072690,67380731,124453421,4,0,1,15872,13,6798366752
6928,57074171,67379273,124453444,2,0,1,9728,5,1856829485
6929,57082850,39790678,96873528,5,0,0,147456,18,9458882422
6930,57087980,39213309,96301289,8,0,0,17408,18,5908628727
6931,57094829,67426924,124521753,1,0,1,1536,19,2727758059
6932,57118751,67815371,124934122,2,0,1,28672,5,4772860306
6933,57128151,38975360,96103511,3,0,0,19968,4,3001468616
6934,57133231,68076143,125209374,2,0,1,8192,5,10484740202
6935,57136960,39673956,96810916,4,0,0,111616,13,10675499692
6936,57139280,39180481,96319761,7,0,0,3584,15,10686105784
6937,57143250,39681152,96824402,8,0,0,1536,18,4683521354
6938,57149800,39341525,96491325,1,0,0,8704,19,3016030142
6939,57153630,39573258,96726888,8,0,0,10752,18,940614520
6940,57163611,68253881,125417492,2,0,1,13312,5,6355639053
6941,57170830,39708672,96879502,7,0,0,14336,15,7721587315
6942,57188520,38960203,96148723,0,0,0,2560,13,496889608
6943,57217631,38879773,96097404,3,0,0,512,4,3161185305
6944,57242769,68567515,125810284,0,0,1,20480,13,2295746933
6945,57243190,39256426,96499616,5,0,0,27136,18,6722180143
6946,57254700,39685648,96940348,5,0,0,40448,18,3179877681
6947,57274110,39140561,96414671,4,0,0,54272,13,906463814
6948,57285270,39717859,97003129,8,0,0,97280,18,10407593012
6949,57287480,39264213,96551693,5,0,0,512,18,10005736990
6950,57290509,68580726,125871235,1,0,1,18944,19,6661391442
6951,57292180,39481554,96773734,7,0,0,46592,15,3276412566
6952,57296990,38927126,96224116,1,0,0,512,19,4173970142
6953,57298430,39744296,97042726,6,0,0,29184,17,7606110903
6954,57307630,68879946,126187576,7,0,1,8192,15,4016678754
6955,57317640,39045530,96363170,8,0,0,16384,18,10203008483
6956,57319811,39625864,96945675,3,0,0,17408,4,7701597785
6957,57337530,39283498,96621028,7,0,0,14848,15,1773768359
6958,57346219,68992263,126338482,0,0,1,12800,13,6698988222
6959,57356060,69012021,126368081,5,0,1,7680,18,1343814956
6960,57363291,39765465,97128756,3,0,0,28160,4,8256744270
6961,57374070,39545388,96919458,4,0,0,25088,13,8013636235
6962,57377900,39110750,96488650,2,0,0,29696,5,7511936451
6963,57379940,69035923,126415863,3,0,1,2048,4,3812256653
6964,57395810,39486531,96882341,8,0,0,9216,18,3397037942
6965,57403260,39716558,97119818,5,0,0,32256,18,1317642643
6966,57411110,38986979,96398089,1,0,0,10752,19,1802328650
6967,57429749,69177357,126607106,1,0,1,47616,19,3062920425
6968,57441969,69166443,126608412,1,0,1,2048,19,9919509739
6969,57445700,39697431,97143131,9,0,0,47104,7,6731933016
6970,57467750,39614409,97082159,7,0,0,23040,15,5480485042
6971,57479520,69274547,126754067,5,0,1,30720,18,2169332847
6972,57482750,39608324,97091074,2,0,0,29184,5,5328005625
6973,57500490,39729919,97230409,9,0,0,67072,7,9567842880
6974,57503450,39198904,96702354,5,0,0,12800,18,3537716667
6975,57503560,39786349,97289909,1,0,0,17920,19,7664837260
6976,57510280,39808491,97318771,7,0,0,3072,15,3040449398
6977,57510709,69268221,126778930,1,0,1,7168,19,6024257268
6978,57514920,40044871,97559791,0,0,0,55296,13,6127650099
6979,57515380,39085076,96600456,6,0,0,12800,17,835402004
6980,57516380,69262573,126778953,8,0,1,4608,18,987649516
6981,57523030,40216152,97739182,9,0,0,55808,7,8806695347
6982,57539380,40327781,97867161,6,0,0,65024,17,4715494784
6983,57544080,39558513,97102593,4,0,0,3072,13,6179428946
6984,57545500,39890748,97436248,6,0,0,9728,17,2164540470
6985,57545550,40032940,97578490,8,0,0,36864,18,10220160038
6986,57556020,40091640,97647660,2,0,0,1024,5,3323141835
6987,57566680,69342653,126909333,3,0,1,10752,4,7716330179
6988,57578750,39198135,96776885,2,0,0,10240,5,9550778483
6989,57584710,39290401,96875111,0,0,0,5120,13,7651156936
6990,57621090,39633106,97254196,1,0,0,34816,19,7430915850
6991,57642140,39181316,96823456,2,0,0,27648,5,935496932
6992,57644000,40042502,97686502,1,0,0,11776,19,6272144755
6993,57645310,39659814,97305124,2,0,0,6144,5,9305103186
6994,57656590,39377221,97033811,1,0,0,56832,19,5609922198
6995,57660290,38954210,96614500,9,0,0,29696,7,2695989238
6996,57664230,69816617,127480847,3,0,1,4096,4,4676827288
6997,57665400,39147567,96812967,1,0,0,6656,19,10483912305
6998,57685500,39198424,96883924,1,0,0,5120,19,3447282687
6999,57686350,40026798,97713148,0,0,0,84480,13,8818125534
7000,57689200,40057992,97747192,8,0,0,22528,18,4403379310
7001,57695710,69789546,127485256,5,0,1,7680,18,763914699
7002,57706140,39876452,97582592,6,0,0,13312,17,8979298146
7003,57723590,39351526,97075116,6,0,0,27648,17,2430592216
7004,57733200,70150743,127883943,5,0,1,33792,18,5442735230
7005,57735710,40261978,97997688,2,0,0,74752,5,10102926999
7006,57748461,70137952,127886413,2,0,1,15872,5,10057147579
7007,57754240,40093086,97847326,4,0,0,129024,13,6924663014
7008,57758579,70237890,127996469,6,0,1,13312,17,6919059737
7009,57760341,39477340,97237681,3,0,0,16384,4,4448566918
7010,57766710,39464346,97231056,1,0,0,2048,19,641442792
7011,57768130,70275957,128044087,9,0,1,2560,7,10674694424
7012,57775450,70399149,128174599,3,0,1,17408,4,2844285893
7013,57791370,39572341,97363711,4,0,0,25600,13,8268511345
7014,57831050,39321338,97152388,4,0,0,8192,13,9498188302
7015,57848650,39454579,97303229,8,0,0,18432,18,864407520
7016,57866600,40108289,97974889,1,0,0,62464,19,3436139671
7017,57871131,39508226,97379357,3,0,0,38400,4,5699319313
7018,57884389,70294624,128179013,0,0,1,2048,13,142566249
7019,57900530,39245432,97145962,4,0,0,9216,13,3614480893
7020,57910100,39968963,97879063,7,0,0,33792,15,7480991264
7021,57932920,70246116,128179036,3,0,1,5632,4,2253884477
7022,57935040,39185113,97120153,4,0,0,1024,13,10366258135
7023,57945089,70264783,128209872,6,0,1,10752,17,9938286464
7024,57969260,39355275,97324535,6,0,0,1536,17,9150970856
7025,57970620,39898124,97868744,9,0,0,5120,7,7636898419
7026,57972450,40081311,98053761,0,0,0,17408,13,1285474766
7027,57978370,39290223,97268593,6,0,0,37888,17,10530450961
7028,57983800,39441622,97425422,2,0,0,32768,5,4386439184
7029,57986660,40167380,98154040,2,0,0,24576,5,6953708707
7030,57988860,40059574,98048434,1,0,0,25600,19,2386082669
7031,57990530,70243648,128234178,8,0,1,13312,18,2043794147
7032,58005970,70247068,128253038,9,0,1,8192,7,10394137946
7033,58013230,40109963,98123193,1,0,0,207872,19,7059758697
7034,58016300,40013151,98029451,9,0,0,17408,7,3190619596
7035,58022660,39344974,97367634,7,0,0,12800,15,5079097037
7036,58025919,70227465,128253384,1,0,1,512,19,8278596639
7037,58036660,39859126,97895786,7,0,0,54784,15,3045772027
7038,58058250,40130358,98188608,4,0,0,27648,13,932647384
7039,58067080,40329057,98396137,4,0,0,131072,13,9822666189
7040,58081980,39460940,97542920,7,0,0,24064,15,3000668698
7041,58098630,40057929,98156559,0,0,0,8192,13,9796896418
7042,58112910,40030788,98143698,9,0,0,46080,7,9466012562
7043,58113470,40066691,98180161,2,0,0,36864,5,2419538811
7044,58114480,70139672,128254152,4,0,1,11776,13,5342008079
7045,58115240,39680276,97795516,9,0,0,45056,7,2184501506
7046,58126590,70187719,128314309,5,0,1,23040,18,2111021535
7047,58129700,39498209,97627909,9,0,0,9728,7,4148922123
7048,58132440,39490661,97623101,6,0,0,5120,17,9980714722
7049,58136410,40178218,98314628,0,0,0,24576,13,688455071
7050,58145340,39594957,97740297,9,0,0,3584,7,5663398726
7051,58146970,39857137,98004107,4,0,0,20992,13,3605688567
7052,58150490,39747971,97898461,1,0,0,8704,19,8962460727
7053,58153071,39906763,98059834,3,0,0,14848,4,2567054114
7054,58159790,39562319,97722109,2,0,0,10240,5,9191938779
7055,58178211,39725889,97904100,3,0,0,18432,4,365088024
7056,58185030,70224594,128409624,7,0,1,21504,15,6590520286
7057,58208150,39510793,97718943,2,0,0,18944,5,5003544377
7058,58212819,70309536,128522355,0,0,1,11264,13,5404598351
7059,58218450,40000024,98218474,1,0,0,52224,19,9295730669
7060,58223310,40203004,98426314,6,0,0,46592,17,8861011309
7061,58226190,39903445,98129635,2,0,0,13312,5,6197480394
7062,58229150,70294178,128523328,3,0,1,12800,4,4890964514
7063,58252020,70378698,128630718,5,0,1,28160,18,8691517162
7064,58255089,70377559,128632648,1,0,1,1024,19,1999846990
7065,58260550,39941965,98202515,4,0,0,45568,13,4879563356
7066,58260890,39908016,98168906,4,0,0,40448,13,650589438
7067,58270410,40199794,98470204,8,0,0,74240,18,3577249571
7068,58277780,40216852,98494632,0,0,0,23552,13,2965123796
7069,58290570,39717928,98008498,4,0,0,14336,13,10704193125
7070,58293750,40291400,98585150,7,0,0,10240,15,2390260860
7071,58303670,40026935,98330605,2,0,0,1536,5,4461307049
7072,58304420,39821136,98125556,4,0,0,7680,13,4410098138
7073,58314280,70338377,128652657,7,0,1,10752,15,8332060882
7074,58323780,39822749,98146529,1,0,0,9216,19,759631119
7075,58331740,40115813,98447553,9,0,0,69632,7,7022681804
7076,58333850,39921456,98255306,8,0,0,16896,18,8817657939
7077,58341510,39954664,98296174,2,0,0,88064,5,809624299
7078,58350120,39956997,98307117,2,0,0,35840,5,9427587280
7079,58354560,40132827,98487387,2,0,0,56320,5,6391557830
7080,58366910,40385235,98752145,9,0,0,41984,7,10192549537
7081,58373830,40313749,98687579,6,0,0,55808,17,1289439095
7082,58374580,70289738,128664318,5,0,1,5632,18,6410141776
7083,58384190,40027258,98411448,8,0,0,50176,18,3092169253
7084,58386010,40467130,98853140,9,0,0,130048,7,182471056
7085,58394820,39824457,98219277,9,0,0,2560,7,10092107315
7086,58401421,40154185,98555606,3,0,0,94720,4,5363575249
7087,58420200,40476533,98896733,2,0,0,5120,5,8924956089
7088,58427420,39984675,98412095,6,0,0,2048,17,2140601122
7089,58444481,40335867,98780348,3,0,0,4096,4,2573750066
7090,58463540,70470621,128934161,7,0,1,22016,15,4347561724
7091,58468730,40267035,98735765,4,0,0,6144,13,7312765532
7092,58486910,40472601,98959511,2,0,0,53760,5,1953989072
7093,58494020,70440164,128934184,7,0,1,21504,15,6393245161
7094,58513000,39802275,98315275,8,0,0,2048,18,7679125779
7095,58518620,40351281,98869901,6,0,0,50176,17,5187502123
7096,58519691,40293802,98813493,3,0,0,59392,4,2941635826
7097,58528200,40440919,98969119,8,0,0,14336,18,10582813989
7098,58532630,39784072,98316702,2,0,0,4608,5,7554858993
7099,58537170,40024387,98561557,6,0,0,19456,17,8556671930
7100,58547880,40372401,98920281,4,0,0,11264,13,5598052405
7101,58569251,40546350,99115601,3,0,0,20480,4,9325214131
7102,58579829,70385435,128965264,0,0,1,3584,13,4177491936
7103,58616069,70349218,128965287,1,0,1,10752,19,8984111767
7104,58632811,71077733,129710544,2,0,1,200704,5,4183881621
7105,58637410,40120374,98757784,1,0,0,18432,19,2698455407
7106,58642380,39994826,98637206,4,0,0,14336,13,3381494324
7107,58644890,39944963,98589853,4,0,0,15360,13,6234266491
7108,58645390,71070371,129715761,7,0,1,9728,15,5108285723
7109,58648220,40043617,98691837,7,0,0,11264,15,148170884
7110,58654700,40371279,99025979,6,0,0,110592,17,1975239318
7111,58661130,40222287,98883417,2,0,0,19968,5,8711208628
7112,58676940,40598555,99275495,6,0,0,45056,17,6856311948
7113,58700630,39959711,98660341,4,0,0,36864,13,5009949118
7114,58736840,40223162,98960002,4,0,0,1536,13,9711556619
7115,58739280,70976683,129715963,4,0,1,8192,13,883224117
7116,58739660,40114930,98854590,2,0,0,4608,5,7287472745
7117,58741711,40026103,98767814,3,0,0,30720,4,3361816714
7118,58760400,40116910,98877310,9,0,0,11264,7,8139167974
7119,58763550,39924832,98688382,4,0,0,2560,13,6341808681
7120,58765100,40006839,98771939,2,0,0,13312,5,10116017713
7121,58768100,39990331,98758431,4,0,0,2048,13,8862512090
7122,58769920,40660705,99430625,7,0,0,3584,15,1554411965
7123,58777500,70938486,129715986,7,0,1,5120,15,8234585141
7124,58787200,40418338,99205538,8,0,0,36352,18,7005486890
7125,58800101,72012194,130812295,2,0,1,466944,5,7206297146
7126,58819200,71996161,130815361,3,0,1,12288,4,3811343025
7127,58828720,71993090,130821810,4,0,1,6656,13,8648955744
7128,58834380,40687772,99522152,6,0,0,25088,17,8247577159
7129,58848900,40331765,99180665,9,0,0,72704,7,594577041
7130,58849840,40859702,99709542,8,0,0,56832,18,3458478791
7131,58870950,40093778,98964728,7,0,0,4096,15,4091210501
7132,58878780,40303156,99181936,6,0,0,4096,17,5349942728
7133,58887990,40641517,99529507,6,0,0,24064,17,5020003207
7134,58898300,40330380,99228680,7,0,0,57856,15,1007208214
7135,58902250,40750993,99653243,2,0,0,101888,5,2851105744
7136,58908550,40604196,99512746,7,0,0,74752,15,3879199904
7137,58912420,39961435,98873855,6,0,0,4096,17,702616418
7138,58924860,40697316,99622176,8,0,0,38400,18,746384834
7139,58927080,71894753,130821833,5,0,1,512,18,759482943
7140,58932000,40153211,99085211,1,0,0,20992,19,6897679084
7141,58947710,40122544,99070254,6,0,0,58880,17,10500119931
7142,58976900,39986557,98963457,4,0,0,11264,13,676547235
7143,58978380,40098005,99076385,1,0,0,5632,19,6755575703
7144,58984599,71840440,130825039,1,0,1,8192,19,2906688997
7145,59009070,40656551,99665621,4,0,0,38912,13,2103753494
7146,59016580,40227020,99243600,2,0,0,33792,5,5827429354
7147,59016651,40177788,99194439,3,0,0,40960,4,7433454668
7148,59020910,40830082,99850992,5,0,0,46080,18,5403184040
7149,59028290,39844286,98872576,4,0,0,8704,13,2934605892
7150,59030481,40408284,99438765,3,0,0,7680,4,2379051825
7151,59046110,40185089,99231199,6,0,0,8192,17,3320047168
7152,59055930,40275202,99331132,6,0,0,4096,17,10259228709
7153,59060281,40956545,100016826,3,0,0,59904,4,1117939045
7154,59086251,40147030,99233281,3,0,0,6656,4,9178991655
7155,59089000,40375686,99464686,8,0,0,12800,18,8688916256
7156,59096480,41013152,100109632,9,0,0,36864,7,5404518675
7157,59107800,40103229,99211029,7,0,0,17920,15,8742305416
7158,59117080,40207723,99324803,1,0,0,45568,19,4864689286
7159,59131131,40003787,99134918,3,0,0,512,4,8192539649
7160,59131880,41073663,100205543,8,0,0,257024,18,2186782026
7161,59192640,40575997,99768637,8,0,0,54784,18,1448291915
7162,59194820,40391544,99586364,8,0,0,109056,18,4927943159
7163,59195561,72057533,131253094,2,0,1,165376,5,5076237400
7164,59198620,40396815,99595435,1,0,0,29696,19,2501465303
7165,59220820,40197610,99418430,7,0,0,7680,15,8360723342
7166,59225979,72109543,131335522,0,0,1,6144,13,4127732587
7167,59251951,40621993,99873944,3,0,0,37376,4,3959679334
7168,59275190,40661528,99936718,7,0,0,19968,15,7612075806
7169,59285860,40322546,99608406,9,0,0,42496,7,7015200344
7170,59287710,40109684,99397394,8,0,0,9216,18,476614282
7171,59287970,40401134,99689104,1,0,0,10240,19,9721557137
7172,59299239,72036797,131336036,1,0,1,512,19,7346891310
7173,59300930,40762137,100063067,6,0,0,31232,17,10586416538
7174,59301650,40515494,99817144,9,0,0,77312,7,6228650454
7175,59327850,40186635,99514485,2,0,0,5632,5,1794491022
7176,59330981,40966015,100296996,3,0,0,1024,4,1553499293
7177,59339220,40333558,99672778,9,0,0,23040,7,3201199657
7178,59355190,40477444,99832634,2,0,0,44032,5,6774775508
7179,59360310,40192437,99552747,2,0,0,2560,5,8075892561
7180,59361030,71975029,131336059,9,0,1,2560,7,4734073696
7181,59373370,72005837,131379207,8,0,1,8704,18,6916608536
7182,59380630,40734797,100115427,2,0,0,18944,5,8999955509
7183,59385980,71993250,131379230,9,0,1,2048,7,1862095421
7184,59410120,71969157,131379277,4,0,1,8192,13,2397889420
7185,59412860,71966448,131379308,7,0,1,10240,15,9250413044
7186,59431170,40254791,99685961,7,0,0,16384,15,603664628
7187,59435741,40218001,99653742,3,0,0,1536,4,1009566359
7188,59456869,71922462,131379331,0,0,1,3072,13,6332558711
7189,59458900,40975272,100434172,6,0,0,3584,17,499676985
7190,59459949,71919405,131379354,1,0,1,1024,19,7911598277
7191,59467361,40887119,100354480,3,0,0,15872,4,7629371572
7192,59480660,41012354,100493014,1,0,0,136704,19,5056122624
7193,59483950,40376988,99860938,7,0,0,8192,15,5228221218
7194,59487820,40736699,100224519,6,0,0,18944,17,3178495274
7195,59490320,40283332,99773652,6,0,0,16384,17,7948447405
7196,59491391,41038554,100529945,3,0,0,70656,4,7171155367
7197,59494029,71885348,131379377,1,0,1,512,19,3132300039
7198,59511199,71868201,131379400,1,0,1,13312,19,8599496129
7199,59512180,40701342,100213522,2,0,0,26112,5,6118403807
7200,59517780,40315524,99833304,4,0,0,2048,13,6482976525
7201,59528700,41226052,100754752,9,0,0,352768,7,7090084839
7202,59535460,40283735,99819195,0,0,0,6656,13,5908806040
7203,59545030,40826136,100371166,4,0,0,4608,13,6667106352
7204,59546810,40517863,100064673,9,0,0,5120,7,10503873852
7205,59573340,40935031,100508371,4,0,0,27136,13,7708529415
7206,59575760,71887181,131462941,4,0,1,13312,13,5565021225
7207,59581560,40732020,100313580,4,0,0,48128,13,8784979316
7208,59587190,41266142,100853332,7,0,0,69120,15,5158756563
7209,59590169,71885052,131475221,6,0,1,28672,17,542927858
7210,59634940,40583776,100218716,1,0,0,9216,19,9340443193
7211,59635520,72296078,131931598,4,0,1,17920,13,9194019037
7212,59647530,40568355,100215885,6,0,0,7680,17,4014201028
7213,59660141,40360140,100020281,3,0,0,11264,4,10128472183
7214,59664140,41111810,100775950,9,0,0,34304,7,7645973737
7215,59726430,41060798,100787228,9,0,0,32768,7,1352324908
7216,59727500,40348618,100076118,8,0,0,3584,18,6054082178
7217,59746690,72187814,131934504,7,0,1,4608,15,1098437631
7218,59756800,40296728,100053528,7,0,0,41472,15,9249794968
7219,59769300,41201506,100970806,4,0,0,31744,13,9880914704
7220,59774640,72160530,131935170,3,0,1,1024,4,5941847346
7221,59791241,40708839,100500080,3,0,0,22528,4,1168839046
7222,59793029,72189615,131982644,6,0,1,27648,17,5636166193
7223,59795470,72272537,132068007,7,0,1,1024,15,6109476687
7224,59802570,72265460,132068030,7,0,1,1024,15,8264909506
7225,59829110,40989770,100818880,4,0,0,14336,13,4021980101
7226,59834790,41105271,100940061,1,0,0,76288,19,1805240769
7227,59843540,40138655,99982195,9,0,0,2048,7,4239722731
7228,59864010,40432651,100296661,6,0,0,44544,17,1170422642
7229,59866550,41168096,101034646,4,0,0,10240,13,9757534711
7230,59875271,40724314,100599585,3,0,0,18432,4,8379711866
7231,59887160,40649460,100536620,9,0,0,21504,7,7343543727
7232,59888600,40469816,100358416,9,0,0,3584,7,8739581625
7233,59897270,40382989,100280259,6,0,0,7680,17,1316353390
7234,59898950,40465008,100363958,9,0,0,6144,7,8184688191
7235,59902300,72201178,132103478,5,0,1,11264,18,9815132790
7236,59918870,40839383,100758253,9,0,0,11264,7,4391004050
7237,59927230,72209310,132136540,7,0,1,5632,15,8077040322
7238,59927370,41382009,101309379,6,0,0,44544,17,10248772553
7239,59935590,41229124,101164714,6,0,0,54272,17,4328514778
7240,59938700,40376376,100315076,1,0,0,4608,19,9532702977
7241,59938870,40921505,100860375,6,0,0,23040,17,7443246395
7242,59950240,40910353,100860593,7,0,0,512,15,366552352
7243,59964140,41089904,101054044,6,0,0,45056,17,4179429071
7244,59972430,40567824,100540254,1,0,0,11776,19,5435703671
7245,59984770,41139196,101123966,4,0,0,61440,13,4100366285
7246,60007761,40396513,100404274,3,0,0,22528,4,9954627628
7247,60016470,40561538,100578008,1,0,0,512,19,289366913
7248,60035819,72100744,132136563,1,0,1,6656,19,3144385838
7249,60055540,40736859,100792399,7,0,0,16896,15,9156788399
7250,60059081,41346496,101405577,3,0,0,23552,4,3882525700
7251,60059660,72076926,132136586,7,0,1,1024,15,8495022096
7252,60085870,40679605,100765475,4,0,0,23552,13,6575777086
7253,60088880,40304920,100393800,9,0,0,7168,7,10442152143
7254,60099880,40450077,100549957,1,0,0,31744,19,10146804102
7255,60121239,72015370,132136609,1,0,1,2048,19,3787103143
7256,60150000,40443393,100593393,6,0,0,8192,17,8401410988
7257,60161280,71975352,132136632,5,0,1,1536,18,4827781266
7258,60164320,71972335,132136655,3,0,1,3072,4,10667985493
7259,60176230,40316963,100493193,1,0,0,512,19,1484197411
7260,60186819,71955186,132142005,1,0,1,3584,19,4032043509
7261,60193440,71948588,132142028,3,0,1,23040,4,10546528936
7262,60208689,72081402,132290091,6,0,1,6656,17,6413122164
7263,60212430,72285599,132498029,4,0,1,32256,13,2739241721
7264,60237400,40723711,100961111,4,0,0,17408,13,3665138510
7265,60250470,41761539,102012009,1,0,0,310784,19,6385205660
7266,60251620,40562861,100814481,9,0,0,14336,7,8297970194
7267,60251820,41484844,101736664,6,0,0,5120,17,2649880618
7268,60253069,72277945,132531014,6,0,1,10752,17,10039339202
7269,60274120,40739837,101013957,7,0,0,30720,15,1715645039
7270,60288731,40777266,101065997,3,0,0,37888,4,4855306276
7271,60292730,41377316,101670046,8,0,0,54784,18,9778900752
7272,60294660,41832220,102126880,4,0,0,33792,13,6995947015
7273,60307060,72405748,132712808,8,0,1,1536,18,190575181
7274,60313250,40463971,100777221,6,0,0,4096,17,608862769
7275,60315660,40890070,101205730,8,0,0,71168,18,6378342476
7276,60317770,40787430,101105200,4,0,0,1024,13,6080030750
7277,60355590,72357241,132712831,3,0,1,5120,4,2665232266
7278,60360430,40449620,100810050,6,0,0,57856,17,1755842487
7279,60364910,41873828,102238738,9,0,0,71680,7,2123453354
7280,60374690,40921094,101295784,7,0,0,57344,15,9455173109
7281,60386921,40489086,100876007,3,0,0,19456,4,375634911
7282,60401010,40482497,100883507,7,0,0,9728,15,4217501243
7283,60429590,40827554,101257144,6,0,0,38912,17,9013275885
7284,60436940,40667902,101104842,6,0,0,52736,17,2852146489
7285,60454560,40943763,101398323,4,0,0,53248,13,6841149357
7286,60458811,40706238,101165049,3,0,0,1024,4,6439295298
7287,60486680,72226174,132712854,7,0,1,3072,15,3183060341
7288,60509580,40624736,101134316,7,0,0,33792,15,9231549034
7289,60522160,41643126,102165286,1,0,0,97792,19,2681340275
7290,60538460,72276666,132815126,7,0,1,36864,15,3027574110
7291,60552700,40671461,101224161,1,0,0,60416,19,9602025403
7292,60560390,72266996,132827386,9,0,1,6144,7,6899168726
7293,60563370,41909254,102472624,6,0,0,22016,17,9264310020
7294,60584150,72243259,132827409,3,0,1,20992,4,8892371458
7295,60594720,41490619,102085339,0,0,0,91648,13,5222101757
7296,60598470,40840264,101438734,1,0,0,6144,19,4132077259
7297,60607940,40981588,101589528,9,0,0,52736,7,1762218007
7298,60631401,40689306,101320707,3,0,0,10752,4,1978925713
7299,60632379,72214162,132846541,0,0,1,27648,13,8551706983
7300,60635309,72221620,132856929,6,0,1,53248,17,638213915
7301,60637370,72369322,133006692,7,0,1,46080,15,358707717
7302,60646660,40537363,101184023,6,0,0,14848,17,94826007
7303,60647750,40684892,101332642,8,0,0,15872,18,2032143085
7304,60651820,72354895,133006715,4,0,1,8192,13,9144014817
7305,60657460,40294050,100951510,9,0,0,8704,7,1077795791
7306,60669570,40795422,101464992,6,0,0,9216,17,5707932249
7307,60673680,72333066,133006746,5,0,1,7680,18,748432624
7308,60682291,40730270,101412561,3,0,0,3072,4,9027218389
7309,60692390,72319714,133012104,9,0,1,11776,7,3423070198
7310,60695020,72384304,133079324,4,0,1,16384,13,6836497336
7311,60698860,40787057,101485917,7,0,0,22016,15,3846696639
7312,60699690,72608657,133308347,3,0,1,1024,4,9532469940
7313,60709910,72882553,133592463,4,0,1,51712,13,10312936808
7314,60719761,40717078,101436839,3,0,0,22528,4,5456394276
7315,60722600,72869886,133592486,3,0,1,8704,4,601725427
7316,60738610,72870749,133609359,5,0,1,1536,18,3672621037
7317,60751430,40515120,101266550,8,0,0,30720,18,2202937420
7318,60769110,40542632,101311742,6,0,0,7680,17,8544809911
7319,60769230,73471639,134240869,4,0,1,220672,13,694052532
7320,60786789,73480962,134267751,1,0,1,17920,19,1206736261
7321,60790680,41721123,102511803,7,0,0,128512,15,10510173338
7322,60792500,41113851,101906351,0,0,0,47616,13,4467084814
7323,60801440,41298142,102099582,7,0,0,46592,15,6295821080
7324,60822560,41199525,102022085,1,0,0,13824,19,5473730714
7325,60839500,41704905,102544405,1,0,0,49664,19,8427727949
7326,60849471,41168333,102017804,3,0,0,18944,4,7113726240
7327,60861190,40365380,101226570,8,0,0,7168,18,10677403228
7328,60865800,40976026,101841826,6,0,0,49664,17,384771563
7329,60890970,40879507,101770477,0,0,0,59904,13,9929213361
7330,60900790,73366992,134267782,5,0,1,10752,18,9737745457
7331,60902980,73392868,134295848,7,0,1,7168,15,7264941428
7332,60906370,40572228,101478598,9,0,0,8704,7,2928798192
7333,60915490,41485292,102400782,6,0,0,92672,17,826532153
7334,60938330,40429849,101368179,1,0,0,10240,19,3983582847
7335,60941660,73492430,134434090,8,0,1,44032,18,10725225201
7336,60944330,73516850,134461180,4,0,1,34816,13,7559907705
7337,60945671,40919801,101865472,3,0,0,21504,4,3076261617
7338,60950890,41421610,102372500,4,0,0,227840,13,4417585795
7339,60951279,73604987,134556266,6,0,1,36352,17,6907336259
7340,60952900,40271440,101224340,9,0,0,512,7,9321065383
7341,60958780,41174051,102132831,0,0,0,19456,13,9816845510
7342,60961989,73594300,134556289,6,0,1,11264,17,3751441023
7343,60971160,41058771,102029931,8,0,0,25600,18,1347764124
7344,60976320,73627796,134604116,7,0,1,5120,15,4343186297
7345,60988250,41725037,102713287,0,0,0,12800,13,4309846618
7346,60990550,40374486,101365036,6,0,0,5120,17,7920084722
7347,60997910,74254917,135252827,4,0,1,161280,13,3337005500
7348,61012170,40905124,101917294,8,0,0,35840,18,5984736136
7349,61048720,75179944,136228664,4,0,1,513024,13,1699428354
7350,61050190,41084567,102134757,1,0,0,2048,19,2964539224
7351,61068380,41499380,102567760,9,0,0,18944,7,8496804643
7352,61074200,41741765,102815965,9,0,0,20992,7,9388074095
7353,61089219,75204854,136294073,0,0,1,35840,13,2773520387
7354,61095131,41368432,102463563,3,0,0,35328,4,10292023007
7355,61108690,40750207,101858897,9,0,0,24064,7,4495216446
7356,61125069,75171590,136296659,0,0,1,4096,13,7978061332
7357,61130460,75166865,136297325,7,0,1,1024,15,4914432834
7358,61136449,75185446,136321895,6,0,1,26112,17,6275707424
7359,61140721,40916648,102057369,3,0,0,8704,4,71243145
7360,61145150,41157907,102303057,0,0,0,59392,13,9385652766
7361,61151830,41261299,102413129,8,0,0,40448,18,8872783429
7362,61151860,75203573,136355433,5,0,1,4096,18,10535124774
7363,61160961,41291815,102452776,3,0,0,130048,4,8145081163
7364,61163320,40609208,101772528,8,0,0,6656,18,9617967113
7365,61165130,41076641,102241771,9,0,0,9728,7,7272394870
7366,61168070,75202545,136370615,8,0,1,12288,18,5556582760
7367,61175080,75209270,136384350,9,0,1,26624,7,6820082862
7368,61185350,75205004,136390354,7,0,1,20480,15,8965174379
7369,61192041,40350925,101542966,3,0,0,8704,4,4866728315
7370,61197669,75206621,136404290,1,0,1,16896,19,9622101961
7371,61202070,75291228,136493298,8,0,1,21504,18,2814442500
7372,61202840,40840842,102043682,1,0,0,45056,19,1401379502
7373,61223030,40831664,102054694,0,0,0,13824,13,3716110631
7374,61240020,75253301,136493321,5,0,1,3584,18,3246994916
7375,61245890,75247690,136493580,3,0,1,19968,4,6157636558
7376,61251149,75272771,136523920,6,0,1,6656,17,1833648247
7377,61275031,41403449,102678480,3,0,0,78848,4,7846435311
7378,61287830,40757435,102045265,1,0,0,5120,19,9278947334
7379,61294850,41619971,102914821,7,0,0,2560,15,4826976863
7380,61300560,41213489,102514049,6,0,0,2048,17,1958108446
7381,61305940,75316583,136622523,5,0,1,3072,18,6350175677
7382,61321220,40795302,102116522,8,0,0,55296,18,10158523529
7383,61327970,41716953,103044923,0,0,0,15360,13,8095455325
7384,61334190,41390542,102724732,4,0,0,2560,13,3400375341
7385,61338409,75383667,136722076,0,0,1,20992,13,9882543130
7386,61339870,40710589,102050459,8,0,0,1024,18,10649877573
7387,61355990,40694134,102050124,7,0,0,15872,15,2826801236
7388,61364060,75412858,136776918,8,0,1,4608,18,3076408090
7389,61367890,41286543,102654433,4,0,0,30208,13,965535033
7390,61369341,40764761,102134102,3,0,0,4096,4,2091407662
7391,61378000,75398941,136776941,9,0,1,1024,7,5916598404
7392,61379670,40790163,102169833,9,0,0,14848,7,1054191445
7393,61390870,41967533,103358403,1,0,0,146432,19,4202969725
7394,61403380,75386352,136789732,5,0,1,16896,18,7271000181
7395,61410500,75421412,136831912,9,0,1,6144,7,926461876
7396,61422380,41106691,102529071,0,0,0,18944,13,1483100703
7397,61428930,41458036,102886966,6,0,0,100352,17,549430072
7398,61432710,75444836,136877546,8,0,1,28160,18,8903719576
7399,61436030,41209176,102645206,6,0,0,188928,17,2823761569
7400,61440110,41117742,102557852,9,0,0,44032,7,1775956603
7401,61447699,75430193,136877892,0,0,1,512,13,9768449006
7402,61451550,41107307,102558857,0,0,0,3072,13,4180953051
7403,61455519,75422629,136878148,6,0,1,9216,17,10248389443
7404,61503600,41536597,103040197,4,0,0,89088,13,9378166682
7405,61513420,42135961,103649381,4,0,0,20480,13,5326155339
7406,61525520,41463908,102989428,4,0,0,128000,13,1642248501
7407,61549520,40973756,102523276,8,0,0,30208,18,457449689
7408,61568789,75351953,136920742,0,0,1,6144,13,1026761184
7409,61579500,41171018,102750518,1,0,0,63488,19,763228105
7410,61595020,40870827,102465847,4,0,0,4608,13,8346243257
7411,61599029,75322059,136921088,1,0,1,512,19,1254928536
7412,61603900,41406611,103010511,8,0,0,69120,18,8005369201
7413,61607510,42592332,104199842,1,0,0,14848,19,2891705678
7414,61612830,75308822,136921652,9,0,1,10752,7,4431075042
7415,61615460,40913790,102529250,9,0,0,512,7,9038023158
7416,61650040,40814326,102464366,4,0,0,2560,13,3085419512
7417,61653000,41787045,103440045,9,0,0,13824,7,2240342355
7418,61653110,41068145,102721255,9,0,0,8704,7,7321188434
7419,61653320,41613322,103266642,6,0,0,16384,17,7763572182
7420,61655790,75283428,136939218,9,0,1,4608,7,3209524685
7421,61669040,40595407,102264447,6,0,0,2048,17,10383124086
7422,61675710,40573579,102249289,8,0,0,5632,18,2011897734
7423,61681031,41173055,102854086,3,0,0,32768,4,988867097
7424,61686050,41417079,103103129,9,0,0,38912,7,4531457448
7425,61686940,41458930,103145870,6,0,0,100864,17,3899592449
7426,61688930,41486665,103175595,6,0,0,52224,17,10327161730
7427,61689850,40823536,102513386,6,0,0,5120,17,184193294
7428,61692900,75249224,136942124,8,0,1,4608,18,7165253960
7429,61694359,75309191,137003550,1,0,1,1024,19,9927237379
7430,61699320,41722583,103421903,1,0,0,40960,19,4216568959
7431,61704920,75659138,137364058,4,0,1,139264,13,5267986628
7432,61706470,41370121,103076591,6,0,0,49152,17,57964215
7433,61710790,41203228,102914018,9,0,0,36864,7,3651012712
7434,61732950,41910168,103643118,4,0,0,76800,13,3224144835
7435,61735659,75631945,137367604,6,0,1,5632,17,4234131684
7436,61737360,75693550,137430910,8,0,1,20992,18,7830096570
7437,61740210,41521417,103261627,8,0,0,67584,18,9581160891
7438,61741369,75690412,137431781,0,0,1,12288,13,3386762172
7439,61747620,41408109,103155729,1,0,0,32256,19,7785290965
7440,61747880,41526008,103273888,4,0,0,23552,13,10582963411
7441,61749620,41614757,103364377,8,0,0,19456,18,2061560518
7442,61750090,41628083,103378173,4,0,0,13312,13,6823204040
7443,61754240,41559524,103313764,9,0,0,12800,7,132298596
7444,61770950,41538891,103309841,9,0,0,10240,7,1154330590
7445,61776950,41456973,103233923,9,0,0,44032,7,3373378180
7446,61801989,75662808,137464797,0,0,1,7168,13,4280511877
7447,61821870,41613940,103435810,6,0,0,45568,17,8586107865
7448,61832080,41271852,103103932,2,0,0,2560,5,615367179
7449,61836730,41059654,102896384,8,0,0,11776,18,7732502595
7450,61850079,75680567,137530646,0,0,1,3072,13,4555698155
7451,61872110,41287542,103159652,8,0,0,12800,18,6934243884
7452,61875749,75666955,137542704,0,0,1,6656,13,1480503725
7453,61887220,41419478,103306698,6,0,0,41984,17,8374323764
7454,61901520,42730331,104631851,2,0,0,109568,5,6046699365
7455,61917940,41473340,103391280,1,0,0,32768,19,9477449094
7456,61938710,41716310,103655020,4,0,0,18432,13,1504836190
7457,61941670,41875933,103817603,0,0,0,76288,13,8009608774
7458,61952660,75590067,137542727,3,0,1,7168,4,891862972
7459,61958060,41451340,103409400,9,0,0,29184,7,2249827381
7460,61982860,41258106,103240966,9,0,0,23040,7,280376719
7461,61985160,41615471,103600631,6,0,0,32768,17,6870638277
7462,61994110,41800226,103794336,0,0,0,95232,13,8479594307
7463,61994740,42700665,104695405,4,0,0,23040,13,8905018468
7464,61997800,40891841,102889641,5,0,0,8704,18,9776007364
7465,62020500,41716551,103737051,9,0,0,55296,7,501017114
7466,62024079,75529230,137553309,0,0,1,34816,13,2621965603
7467,62028631,41647339,103675970,3,0,0,9728,4,8091090454
7468,62033590,40979440,103013030,4,0,0,8192,13,5191144715
7469,62035309,75646270,137681579,0,0,1,20992,13,2429785687
7470,62035600,41637383,103672983,0,0,0,58880,13,1236583262
7471,62043020,41722277,103765297,6,0,0,69632,17,2131336209
7472,62044740,77302933,139347673,4,0,1,614912,13,240735267
7473,62052740,41840278,103893018,6,0,0,27648,17,1921245096
7474,62054350,41886052,103940402,7,0,0,80384,15,4276758435
7475,62055670,41408472,103464142,7,0,0,3584,15,8766723866
7476,62069600,41888092,103957692,7,0,0,22016,15,825278130
7477,62072110,41770597,103842707,0,0,0,18432,13,3973951732
7478,62082660,42112635,104195295,0,0,0,36352,13,8456622570
7479,62091489,77281610,139373099,0,0,1,19456,13,4549648668
7480,62125300,41974160,104099460,4,0,0,11776,13,8759308842
7481,62142250,77236981,139379231,7,0,1,9728,15,1654036560
7482,62168440,41378810,103547250,7,0,0,4608,15,6606923706
7483,62172121,42095453,104267574,3,0,0,5120,4,1069817833
7484,62179970,41981752,104161722,6,0,0,25088,17,3819998152
7485,62186270,41909579,104095849,7,0,0,89088,15,8322339693
7486,62195970,41367184,103563154,6,0,0,39936,17,1937928536
7487,62210040,41620603,103830643,7,0,0,14848,15,5670506523
7488,62210340,41163754,103374094,8,0,0,12800,18,3225049384
7489,62217280,41267141,103484421,0,0,0,20992,13,7488373396
7490,62218609,77161493,139380102,1,0,1,12288,19,5877769821
7491,62244970,77139751,139384721,7,0,1,2048,15,6759615881
7492,62255639,77129955,139385594,0,0,1,6656,13,8173699995
7493,62265370,41746551,104011921,8,0,0,75264,18,1295390506
7494,62306259,77605732,139911991,0,0,1,185856,13,3451015460
7495,62317589,77602094,139919683,1,0,1,4608,19,2280299760
7496,62320630,42217208,104537838,9,0,0,97792,7,8367408965
7497,62325899,77595206,139921105,6,0,1,3072,17,9665350456
7498,62332160,77590571,139922731,9,0,1,2560,7,1861042675
7499,62346121,41199702,103545823,3,0,0,15872,4,2032413536
7500,62347820,77652902,140000722,8,0,1,7680,18,3949792359
7501,62355280,42458031,104813311,4,0,0,101376,13,32666744
7502,62373760,41649255,104023015,0,0,0,9728,13,24195964
7503,62374070,42298155,104672225,0,0,0,15360,13,3673104593
7504,62386501,41794319,104180820,3,0,0,18944,4,2263434457
7505,62404571,41936485,104341056,3,0,0,2560,4,3803329731
7506,62408970,42078615,104487585,4,0,0,288768,13,9705520489
7507,62414501,41431661,103846162,3,0,0,11264,4,1551672084
7508,62416400,42244071,104660471,7,0,0,9728,15,8410618384
7509,62420860,41628455,104049315,8,0,0,39424,18,5645902656
7510,62422600,77578145,140000745,5,0,1,2560,18,2430166368
7511,62448920,41375799,103824719,2,0,0,14848,5,4090399991
7512,62450570,42048790,104499360,9,0,0,15872,7,7725269146
7513,62459040,41609642,104068682,8,0,0,63488,18,9874661523
7514,62466600,42103565,104570165,8,0,0,13824,18,3712675930
7515,62479871,42259224,104739095,3,0,0,15872,4,6214205617
7516,62485790,41628578,104114368,4,0,0,5632,13,9161500335
7517,62492600,42264190,104756790,0,0,0,32768,13,5368695170
7518,62500460,42650046,105150506,6,0,0,437248,17,9991747934
7519,62500570,42653703,105154273,5,0,0,12288,18,1846317589
7520,62515910,42928866,105444776,0,0,0,48640,13,8496572445
7521,62518351,42731220,105249571,3,0,0,90112,4,9318875106
7522,62526379,77474389,140000768,1,0,1,4096,19,7104337673
7523,62535891,42744341,105280232,3,0,0,22016,4,5511056955
7524,62536270,42131244,104667514,2,0,0,23040,5,6008521284
7525,62547050,42721428,105268478,2,0,0,61952,5,1111407038
7526,62555470,42213355,104768825,6,0,0,39424,17,6780817562
7527,62567150,41832117,104399267,7,0,0,46080,15,4244882352
7528,62592280,41717712,104309992,5,0,0,10240,18,5498655399
7529,62598590,42782148,105380738,6,0,0,34816,17,5660710958
7530,62620650,41602705,104223355,1,0,0,4608,19,4245358453
7531,62621590,42561566,105183156,4,0,0,94720,13,10556296253
7532,62624389,77376402,140000791,6,0,1,1024,17,7990667332
7533,62626130,41581808,104207938,4,0,0,4096,13,4484716721
7534,62633810,41470506,104104316,9,0,0,12288,7,7453438500
7535,62644880,41921050,104565930,7,0,0,28672,15,8177545384
7536,62646100,42962650,105608750,4,0,0,26112,13,1978576974
7537,62649620,42007864,104657484,4,0,0,55808,13,2696235879
7538,62657701,41834613,104492314,3,0,0,2560,4,7834000054
7539,62667100,43403897,106070997,2,0,0,90112,5,5694450138
7540,62667930,41886042,104553972,9,0,0,33792,7,4765238364
7541,62672950,42909268,105582218,4,0,0,144384,13,6726159876
7542,62740810,42125032,104865842,9,0,0,57856,7,5004267743
7543,62741820,41856624,104598444,0,0,0,18432,13,6471199101
7544,62745720,41744228,104489948,7,0,0,7680,15,10380691483
7545,62755570,77750879,140506449,4,0,1,385024,13,3505682928
7546,62768550,42075360,104843910,1,0,0,100352,19,1406089395
7547,62770690,77739108,140509798,8,0,1,14336,18,10050478947
7548,62779720,43397040,106176760,6,0,0,9728,17,8230148197
7549,62780220,42493281,105273501,6,0,0,16384,17,6930653782
7550,62780790,43658118,106438908,6,0,0,76800,17,3100674322
7551,62781830,77742328,140524158,7,0,1,43008,15,735909580
7552,62785030,41894509,104679539,2,0,0,11776,5,4259374366
7553,62787839,78748977,141536816,0,0,1,414720,13,7500793793
7554,62788080,42138652,104926732,0,0,0,8704,13,2950007224
7555,62811179,78730822,141542001,0,0,1,16384,13,9400077211
7556,62819370,42104687,104924057,7,0,0,30720,15,6108414395
7557,62832980,42043813,104876793,9,0,0,35840,7,553310822
7558,62849959,78771939,141621898,6,0,1,4608,17,9332183507
7559,62851150,42566938,105418088,1,0,0,122368,19,4276662419
7560,62851660,78770261,141621921,7,0,1,25088,15,2462273613
7561,62852391,41995800,104848191,3,0,0,5632,4,9317374715
7562,62862820,78980054,141842874,4,0,1,224768,13,3865184934
7563,62864070,41982382,104846452,1,0,0,8192,19,8086647207
7564,62871090,41835102,104706192,9,0,0,35328,7,5867601880
7565,62881530,42311789,105193319,6,0,0,33280,17,3289752960
7566,62891771,42059563,104951334,3,0,0,3584,4,10005116376
7567,62905150,78967827,141872977,9,0,1,2048,7,5178939250
7568,62917480,78988767,141906247,8,0,1,20480,18,4390071937
7569,62926120,41988554,104914674,2,0,0,17920,5,5388235695
7570,62937931,42649770,105587701,3,0,0,17920,4,262107998
7571,62939960,42342323,105282283,6,0,0,6656,17,1944016574
7572,62952800,42567408,105520208,6,0,0,27648,17,1873449521
7573,62957510,43514342,106471852,2,0,0,5632,5,4656632444
7574,62981240,42736844,105718084,7,0,0,13312,15,4566894617
7575,62987340,42440298,105427638,6,0,0,4608,17,10315840704
7576,63025040,42182053,105207093,1,0,0,24576,19,630538902
7577,63030160,41850400,104880560,2,0,0,12288,5,4781452128
7578,63031010,78892900,141923910,9,0,1,35328,7,5837172863
7579,63057109,78930270,141987379,1,0,1,7168,19,10137657375
7580,63067090,41836648,104903738,9,0,0,4096,7,902127340
7581,63098541,41878779,104977320,3,0,0,2048,4,9538230730
7582,63113380,42108712,105222092,8,0,0,49152,18,479038882
7583,63126180,41774984,104901164,0,0,0,8192,13,2254131046
7584,63131580,42068002,105199582,8,0,0,20480,18,8896960737
7585,63138670,43964018,107102688,7,0,0,638464,15,4721950549
7586,63145860,41866466,105012326,2,0,0,32768,5,10075661850
7587,63145900,78845858,141991758,7,0,1,13312,15,10071491185
7588,63146890,78915352,142062242,7,0,1,40448,15,5531718146
7589,63151680,79231240,142382920,4,0,1,198656,13,8687968479
7590,63175510,79207433,142382943,8,0,1,19456,18,4709014054
7591,63178020,44446792,107624812,0,0,0,161280,13,5070299660
7592,63186100,79196866,142382966,4,0,1,26624,13,514159368
7593,63204720,42387684,105592404,6,0,0,15360,17,5318592321
7594,63213350,42490914,105704264,1,0,0,111616,19,9650104894
7595,63213730,42754840,105968570,1,0,0,30208,19,3800941234
7596,63217649,79165340,142382989,6,0,1,10752,17,10043714841
7597,63218630,43309597,106528227,4,0,0,84992,13,9859571878
7598,63223890,79167257,142391147,8,0,1,18944,18,5684103935
7599,63224960,42489045,105714005,8,0,0,4096,18,4586412423
7600,63228640,42434752,105663392,2,0,0,21504,5,687115987
7601,63231060,42481674,105712734,6,0,0,26624,17,416545967
7602,63239910,44123222,107363132,9,0,0,461824,7,677375297
7603,63244080,43078330,106322410,8,0,0,112640,18,2894315095
7604,63259070,42445529,105704599,2,0,0,1024,5,6311496191
7605,63263600,43107464,106371064,1,0,0,1024,19,4048781052
7606,63268380,43086992,106355372,7,0,0,64512,15,8529041216
7607,63270440,42465768,105736208,2,0,0,23552,5,8204067005
7608,63272810,42618252,105891062,8,0,0,43008,18,1127806824
7609,63293200,42556148,105849348,0,0,0,2560,13,1724213918
7610,63294880,42805916,106100796,2,0,0,14848,5,5043991574
7611,63306741,42670588,105977329,3,0,0,28672,4,4104680585
7612,63322540,42586186,105908726,4,0,0,10240,13,8041949546
7613,63324479,79077010,142401489,0,0,1,33280,13,6431296209
7614,63350070,43231953,106582023,0,0,0,137216,13,10163289998
7615,63350350,43031189,106381539,9,0,0,34304,7,417857375
7616,63351249,79062968,142414217,0,0,1,7168,13,725706834
7617,63352660,43018069,106370729,8,0,0,9728,18,2441623322
7618,63378070,42745349,106123419,6,0,0,18944,17,5733822593
7619,63383890,42951803,106335693,2,0,0,43520,5,4900616361
7620,63387660,42612725,106000385,9,0,0,5120,7,10650075121
7621,63401460,43090383,106491843,9,0,0,65536,7,5619045068
7622,63409340,43232498,106641838,4,0,0,4096,13,10050193840
7623,63410320,79003920,142414240,7,0,1,20480,15,7233514079
7624,63411970,43058051,106470021,4,0,0,95744,13,7318137001
7625,63412220,42953003,106365223,9,0,0,32256,7,7758231581
7626,63451950,42963535,106415485,6,0,0,40448,17,6302637451
7627,63453449,78960814,142414263,1,0,1,14848,19,164256303
7628,63469620,78944666,142414286,8,0,1,10240,18,3265775606
7629,63477660,43057478,106535138,8,0,0,22528,18,723758633
7630,63493460,42777841,106271301,2,0,0,4096,5,4556199300
7631,63512610,78901699,142414309,9,0,1,13824,7,9026050076
7632,63525830,42841912,106367742,8,0,0,8192,18,7392708092
7633,63533140,43229040,106762180,1,0,0,45056,19,1436677303
7634,63548450,42991742,106540192,4,0,0,16384,13,8799722708
7635,63560180,42942074,106502254,6,0,0,33792,17,7876745560
7636,63575950,43325009,106900959,0,0,0,17408,13,8495095935
7637,63587270,42484374,106071644,1,0,0,2048,19,9222312214
7638,63587530,44440813,108028343,6,0,0,64000,17,3855454560
7639,63601991,78888180,142490171,2,0,1,9728,5,2729725868
7640,63607020,44236959,107843979,1,0,0,18432,19,6073565013
7641,63608550,42990225,106598775,6,0,0,16384,17,2326996752
7642,63624350,42995624,106619974,6,0,0,51200,17,5855012039
7643,63625610,44584210,108209820,7,0,0,34816,15,7857163103
7644,63640780,78864569,142505349,8,0,1,20480,18,7153694537
7645,63656750,42582139,106238889,1,0,0,3584,19,1014698395
7646,63659661,43517692,107177353,3,0,0,37888,4,5825099447
7647,63664700,78845087,142509787,5,0,1,45568,18,7759317182
7648,63669340,43450155,107119495,8,0,0,36864,18,8972425753
7649,63684200,42756626,106440826,7,0,0,6144,15,8521832395
7650,63694280,42571944,106266224,7,0,0,13824,15,8857213197
7651,63694670,43032225,106726895,6,0,0,16896,17,4209493054
7652,63695709,78814101,142509810,1,0,1,3072,19,3127734934
7653,63701910,42995211,106697121,9,0,0,17920,7,2034084855
7654,63702620,42960751,106663371,2,0,0,34304,5,8311432629
7655,63710640,42872966,106583606,1,0,0,5120,19,7653453531
7656,63717610,43390630,107108240,7,0,0,8704,15,5077991538
7657,63740790,42993669,106734459,8,0,0,13312,18,3422911185
7658,63750920,42835361,106586281,1,0,0,8704,19,8503290712
7659,63755450,42966274,106721724,4,0,0,71168,13,531528984
7660,63758260,43654744,107413004,6,0,0,76800,17,8553556099
7661,63772819,78769196,142542015,6,0,1,12288,17,6428953947
7662,63781571,43690475,107472046,3,0,0,28160,4,6524601221
7663,63785389,78756649,142542038,0,0,1,65024,13,475215200
7664,63794260,43371035,107165295,0,0,0,92672,13,3143816952
7665,63796210,43740231,107536441,4,0,0,134144,13,10293368233
7666,63819010,43036376,106855386,2,0,0,54784,5,1619009818
7667,63820560,43345226,107165786,4,0,0,1536,13,2043548521
7668,63824240,43299802,107124042,1,0,0,14848,19,1453937554
7669,63824790,43280775,107105565,1,0,0,9216,19,9205720717
7670,63831870,44432041,108263911,4,0,0,13312,13,7446366061
7671,63841661,42988160,106829821,3,0,0,3072,4,10317600757
7672,63844810,42776435,106621245,0,0,0,4096,13,3375780142
7673,63845750,78704112,142549862,7,0,1,5632,15,9315626023
7674,63855359,78695809,142551168,1,0,1,2048,19,8150692086
7675,63856310,78734207,142590517,5,0,1,19968,18,6152912383
7676,63858530,43278483,107137013,0,0,0,42496,13,3472374466
7677,63862830,42966032,106828862,6,0,0,28160,17,5825318663
7678,63875150,78717177,142592327,7,0,1,5632,15,8677721304
7679,63878230,78715403,142593633,9,0,1,2048,7,3812922024
7680,63883700,44627399,108511099,6,0,0,16384,17,669387883
7681,63890109,78706866,142596975,6,0,1,1536,17,2814307969
7682,63893481,43472178,107365659,3,0,0,8192,4,8925520406
7683,63918660,43530252,107448912,2,0,0,13312,5,7208750191
7684,63919051,44478289,108397340,3,0,0,25088,4,5318935132
7685,63921190,43465872,107387062,8,0,0,70144,18,8945783112
7686,63939880,43523563,107463443,6,0,0,47616,17,10505750384
7687,63962391,43525956,107488347,3,0,0,9728,4,5570403177
7688,63962690,43454728,107417418,9,0,0,11776,7,10619344732
7689,63965490,43459641,107425131,1,0,0,512,19,10095367548
7690,63970840,43571396,107542236,9,0,0,18944,7,4287989704
7691,63975420,43202284,107177704,9,0,0,1024,7,4682422300
7692,63977430,43214368,107191798,1,0,0,10240,19,1880541600
7693,63981340,78615658,142596998,9,0,1,2048,7,5627355812
7694,63985550,43203105,107188655,7,0,0,35840,15,8640135118
7695,63987490,43435255,107422745,4,0,0,17408,13,3208658582
7696,63988870,44659991,108648861,9,0,0,92160,7,6737530556
7697,63993089,78603932,142597021,6,0,1,1024,17,2911098038
7698,63993245,43229152,107222397,7,0,0,100352,15,4093390042
7699,64001001,43388580,107389581,3,0,0,8192,4,1658926112
7700,64019489,79078642,143098131,0,0,1,17408,13,5700489318
7701,64027080,43397872,107424952,1,0,0,7168,19,3110578104
7702,64055700,43439846,107495546,7,0,0,23552,15,6196512002
7703,64057020,79079222,143136242,4,0,1,38912,13,485052710
7704,64063160,43372602,107435762,4,0,0,34816,13,8637960575
7705,64063529,79228041,143291570,1,0,1,36864,19,3153298329
7706,64072290,43341517,107413807,2,0,0,2560,5,6646718447
7707,64073110,43371723,107444833,0,0,0,29696,13,3574360524
7708,64086770,43547144,107633914,6,0,0,13824,17,1011468525
7709,64089170,79217094,143306264,9,0,1,7680,7,9474934633
7710,64100580,43384780,107485360,8,0,0,23040,18,6895960845
7711,64104669,79291208,143395877,1,0,1,83968,19,4413121345
7712,64113201,43547724,107660925,3,0,0,88576,4,40787147
7713,64133250,79301527,143434777,3,0,1,512,4,2468222537
7714,64142040,44685477,108827517,9,0,0,4608,7,5722587741
7715,64143110,43335199,107478309,1,0,0,20480,19,3556306456
7716,64145940,43483731,107629671,0,0,0,15872,13,2062329656
7717,64153270,79282173,143435443,8,0,1,1024,18,9603610259
7718,64171080,43371491,107542571,7,0,0,1024,15,6318898645
7719,64178510,79257394,143435904,8,0,1,10240,18,5316077666
7720,64189550,43879016,108068566,6,0,0,4608,17,7499614983
7721,64200260,79236412,143436672,8,0,1,11776,18,3070640776
7722,64200600,43353694,107554294,0,0,0,38400,13,8821512795
7723,64204061,44808046,109012107,3,0,0,54784,4,7093656354
7724,64208899,79254485,143463384,0,0,1,6656,13,6355900256
7725,64221530,43345672,107567202,7,0,0,11776,15,5806495489
7726,64230150,43345499,107575649,2,0,0,27648,5,3391808221
7727,64259770,43303805,107563575,5,0,0,30208,18,10025510964
7728,64263390,44102741,108366131,1,0,0,30208,19,4493463069
7729,64274829,79192056,143466885,6,0,1,6656,17,6155595230
7730,64276970,43561370,107838340,4,0,0,186368,13,10327885566
7731,64277920,44164192,108442112,2,0,0,4096,5,5833575938
7732,64295440,43962809,108258249,2,0,0,39424,5,922318837
7733,64319821,43926393,108246214,3,0,0,27136,4,4680786687
7734,64352960,79114810,143467770,4,0,1,11264,13,5503261061
7735,64356990,43551457,107908447,1,0,0,33280,19,1117681213
7736,64358860,43399227,107758087,2,0,0,48640,5,137644736
7737,64368380,44714041,109082421,8,0,0,7168,18,1539129461
7738,64380160,43574601,107954761,4,0,0,40448,13,6389999522
7739,64388150,43849773,108237923,1,0,0,92160,19,2628419377
7740,64401200,43445142,107846342,1,0,0,7680,19,2905009139
7741,64417100,43346002,107763102,8,0,0,16384,18,10690060406
7742,64419270,43582507,108001777,6,0,0,43520,17,4254456800
7743,64437960,43449368,107887328,4,0,0,17408,13,5718405220
7744,64439600,43999019,108438619,0,0,0,40448,13,5130026780
7745,64445890,43621195,108067085,1,0,0,39936,19,1983378161
7746,64450880,79039347,143490227,9,0,1,5632,7,5515260635
7747,64473370,43397643,107871013,7,0,0,80896,15,10151021139
7748,64479670,43575216,108054886,7,0,0,87040,15,4328108324
7749,64479980,43679348,108159328,1,0,0,10240,19,1703516004
7750,64486670,79004543,143491213,9,0,1,1536,7,9291988000
7751,64491370,79036406,143527776,3,0,1,31232,4,3602458545
7752,64500300,44077010,108577310,1,0,0,58880,19,8440510371
7753,64513440,44764004,109277444,9,0,0,17920,7,7104707436
7754,64522470,43633623,108156093,7,0,0,24064,15,5014945652
7755,64527140,43621598,108148738,1,0,0,53760,19,9907104480
7756,64529660,79015442,143545102,4,0,1,2560,13,3314304296
7757,64531950,43476870,108008820,4,0,0,23040,13,7225803922
7758,64538110,43731440,108269550,1,0,0,18432,19,4270660497
7759,64557420,43641769,108199189,7,0,0,37376,15,9950488465
7760,64559689,78989599,143549288,0,0,1,6656,13,10304943943
7761,64572750,43986589,108559339,7,0,0,39424,15,2242631148
7762,64578190,44560480,109138670,2,0,0,49664,5,5515223576
7763,64583450,79015304,143598754,4,0,1,18432,13,7546902425
7764,64597370,79091694,143689064,3,0,1,2560,4,4534735844
7765,64604680,44048416,108653096,4,0,0,13824,13,4822153017
7766,64631630,43538485,108170115,0,0,0,35328,13,3786512786
7767,64632440,43638693,108271133,0,0,0,5120,13,1399475381
7768,64632889,79056190,143689079,0,0,1,7168,13,1853245044
7769,64635101,43714023,108349124,3,0,0,28160,4,9278432104
7770,64646120,44118709,108764829,9,0,0,512,7,7969415517
7771,64660229,79028865,143689094,0,0,1,6144,13,10585432399
7772,64673771,43659765,108333536,3,0,0,31232,4,6902358490
7773,64674490,43661097,108335587,0,0,0,6656,13,3680576185
7774,64695729,79035841,143731570,1,0,1,91136,19,9703637557
7775,64700670,44202993,108903663,7,0,0,21504,15,4574558295
7776,64703421,43802663,108506084,3,0,0,52736,4,4777717705
7777,64755440,79005517,143760957,9,0,1,3584,7,9171547519
7778,64759760,79004103,143763863,5,0,1,4608,18,3582652565
7779,64765670,44040110,108805780,7,0,0,53248,15,7296080837
7780,64778660,43481172,108259832,4,0,0,5120,13,9203236489
7781,64785490,78979039,143764529,3,0,1,1024,4,6084571529
7782,64799130,44274937,109074067,1,0,0,27136,19,8682653232
7783,64819119,78957162,143776281,1,0,1,47616,19,7165243316
7784,64829530,78951936,143781466,9,0,1,16384,7,6526125660
7785,64863990,78922027,143786017,4,0,1,6144,13,846567208
7786,64864890,43833485,108698375,1,0,0,59392,19,7544745115
7787,64868060,43717541,108585601,1,0,0,27136,19,6089338991
7788,64869580,43974073,108843653,1,0,0,46080,19,6948427511
7789,64893171,78925352,143818523,2,0,1,9728,5,8545785020
7790,64893830,78948851,143842681,8,0,1,21504,18,893002652
7791,64902181,43562413,108464594,3,0,0,12800,4,7607774827
7792,64902710,44039063,108941773,8,0,0,4608,18,10156803635
7793,64907910,43639394,108547304,1,0,0,22528,19,656150460
7794,64917100,43703640,108620740,1,0,0,11776,19,8948235060
7795,64925210,43802007,108727217,9,0,0,30208,7,6695439882
7796,64925310,43792634,108717944,0,0,0,64000,13,3308690001
7797,64933190,43742598,108675788,2,0,0,11776,5,10010224045
7798,64938460,43573286,108511746,4,0,0,2048,13,8665215133
7799,64946160,43541841,108488001,7,0,0,4608,15,176053970
7800,64973240,44660377,109633617,6,0,0,102400,17,2034159839
7801,64988910,43951436,108940346,6,0,0,120320,17,4439314766
7802,65005860,44238890,109244750,8,0,0,62976,18,9902091879
7803,65010250,43875500,108885750,1,0,0,75776,19,7385656795
7804,65015190,44348240,109363430,1,0,0,18432,19,8317550687
7805,65043320,78800667,143843987,4,0,1,2048,13,6649784568
7806,65065230,43888110,108953340,4,0,0,37888,13,6197696957
7807,65065510,44104474,109169984,7,0,0,11776,15,5193178800
7808,65078100,44335994,109414094,6,0,0,31744,17,6593245519
7809,65082510,43898965,108981475,9,0,0,24576,7,5463397710
7810,65087160,43702373,108789533,9,0,0,34816,7,2934724296
7811,65112780,43696833,108809613,8,0,0,12288,18,9935996344
7812,65115210,78740015,143855225,4,0,1,11776,13,10718901031
7813,65129140,78728991,143858131,8,0,1,4608,18,5862815260
7814,65141380,43824410,108965790,0,0,0,25088,13,7035900633
7815,65143021,44112828,109255849,3,0,0,36352,4,7896355503
7816,65143100,44386734,109529834,9,0,0,1024,7,3484276588
7817,65143789,78716608,143860397,1,0,1,3584,19,3859102193
7818,65151991,44034864,109186855,3,0,0,55296,4,10564459607
7819,65158089,78704894,143862983,6,0,1,4096,17,4877441351
7820,65163441,44505576,109669017,3,0,0,52224,4,8194553402
7821,65170660,43891349,109062009,2,0,0,28672,5,6112654759
7822,65186090,44004844,109190934,9,0,0,13312,7,5708376936
7823,65216120,43849656,109065776,7,0,0,12288,15,2042635426
7824,65237149,78635313,143872462,1,0,1,7680,19,8889218706
7825,65238550,43922184,109160734,8,0,0,42496,18,5125895405
7826,65241210,44089022,109330232,9,0,0,24576,7,6627817206
7827,65247360,43919013,109166373,5,0,0,18432,18,10632546783
7828,65257370,44005678,109263048,1,0,0,23552,19,9406805189
7829,65296750,43898263,109195013,6,0,0,13312,17,4399941161
7830,65300600,44057191,109357791,9,0,0,18944,7,2275897969
7831,65304200,44032433,109336633,2,0,0,2560,5,9860103703
7832,65322440,43899443,109221883,0,0,0,40448,13,8469667315
7833,65331630,44016438,109348068,6,0,0,33792,17,6102032347
7834,65336770,44199280,109536050,6,0,0,16384,17,9461261676
7835,65343280,43780235,109123515,1,0,0,17408,19,6109973667
7836,65343540,44027869,109371409,8,0,0,26112,18,8985240866
7837,65351430,44403525,109754955,2,0,0,9728,5,9325135971
7838,65355790,78522676,143878466,9,0,1,20480,7,4390782259
7839,65374550,44006799,109381349,0,0,0,32256,13,7128955537
7840,65383640,43882106,109265746,2,0,0,8704,5,3820947606
7841,65389050,44396462,109785512,7,0,0,9216,15,242568549
7842,65392600,44348791,109741391,6,0,0,56832,17,8445198249
7843,65408830,78520574,143929404,8,0,1,46592,18,2176456940
7844,65416680,44105298,109521978,1,0,0,5632,19,6109544462
7845,65426450,44538798,109965248,0,0,0,81920,13,5072560719
7846,65427020,44324940,109751960,8,0,0,9728,18,3589583608
7847,65427159,78509803,143936962,0,0,1,31232,13,5438529865
7848,65428670,44295382,109724052,1,0,0,28160,19,9316888820
7849,65429540,44670985,110100525,6,0,0,32256,17,6323767343
7850,65468370,44382984,109851354,9,0,0,31232,7,9194592115
7851,65479050,44635694,110114744,8,0,0,46592,18,4918211333
7852,65479650,78503030,143982680,3,0,1,76288,4,9798867711
7853,65501490,78787187,144288677,8,0,1,324096,18,2931817817
7854,65516340,44056090,109572430,2,0,0,39424,5,9008583840
7855,65533890,44009484,109543374,2,0,0,15360,5,4243048428
7856,65556290,44596373,110152663,6,0,0,3072,17,1683971007
7857,65556929,78731763,144288692,0,0,1,5120,13,5247298165
7858,65566380,44272359,109838739,6,0,0,43520,17,8481540702
7859,65567280,44496619,110063899,0,0,0,21504,13,4015484292
7860,65578739,78709968,144288707,6,0,1,512,17,10211550091
7861,65579350,44073442,109652792,6,0,0,9216,17,1613791718
7862,65615361,44379053,109994414,3,0,0,512,4,5136401520
7863,65626310,43956110,109582420,1,0,0,512,19,2436227034
7864,65626480,44116034,109742514,4,0,0,3584,13,6345884562
7865,65634490,78654232,144288722,4,0,1,32768,13,4760107927
7866,65645890,44161415,109807305,1,0,0,32256,19,6304191404
7867,65680350,44394531,110074881,2,0,0,33792,5,1888285801
7868,65686320,44550916,110237236,0,0,0,14848,13,3888987750
7869,65690720,44249545,109940265,8,0,0,14336,18,10413479418
7870,65693400,44300835,109994235,6,0,0,7168,17,2210121085
7871,65699560,44015889,109715449,9,0,0,36352,7,698120022
7872,65703500,78601023,144304523,5,0,1,2560,18,8903127095
7873,65721450,78583088,144304538,9,0,1,4096,7,3952172850
7874,65726200,43921859,109648059,0,0,0,22528,13,75808806
7875,65740020,78564533,144304553,9,0,1,10752,7,10497553654
7876,65745570,43929224,109674794,8,0,0,9728,18,9642910715
7877,65750040,44231611,109981651,4,0,0,53760,13,9185931051
7878,65752610,44233120,109985730,0,0,0,13312,13,8975491387
7879,65760860,78749121,144509981,8,0,1,401408,18,8883971302
7880,65761580,44079863,109841443,6,0,0,5120,17,5748091530
7881,65763059,78747588,144510647,0,0,1,1024,13,4104504060
7882,65769150,44649662,110418812,7,0,0,52736,15,5053218562
7883,65778030,44524278,110302308,0,0,0,7168,13,7763354281
7884,65793820,44102964,109896784,6,0,0,1024,17,6874846769
7885,65796450,43949683,109746133,0,0,0,11776,13,5288961711
7886,65801450,44186955,109988405,9,0,0,8704,7,3759097367
7887,65827540,44173449,110000989,1,0,0,21504,19,5054290617
7888,65828190,44060835,109889025,0,0,0,15872,13,6248692311
7889,65832430,43950251,109782681,7,0,0,22016,15,101423061
7890,65841610,44772284,110613894,7,0,0,111616,15,5910927290
7891,65860399,78650709,144511108,1,0,1,10240,19,6901439818
7892,65869370,78644990,144514360,9,0,1,15360,7,10258423571
7893,65871550,44163337,110034887,0,0,0,18432,13,8002786094
7894,65886380,44154146,110040526,1,0,0,18432,19,5645776234
7895,65887750,44331450,110219200,0,0,0,78848,13,5007809741
7896,65905440,44554217,110459657,8,0,0,44032,18,4467296648
7897,65908360,78657623,144565983,8,0,1,143360,18,7408655088
7898,65914990,78651339,144566329,5,0,1,512,18,5537350870
7899,65915510,44776354,110691864,1,0,0,58880,19,3108574874
7900,65926779,78650867,144577646,1,0,1,26112,19,515168626
7901,65949350,44496868,110446218,0,0,0,72704,13,2768332192
7902,65950680,44244473,110195153,2,0,0,48640,5,3790993864
7903,65953689,78631513,144585202,0,0,1,5120,13,2661293818
7904,65956430,78628948,144585378,5,0,1,7168,18,1147782430
7905,65960000,78634068,144594068,9,0,1,8192,7,6600585539
7906,65975690,44734354,110710044,0,0,0,26112,13,3757921900
7907,65985261,44838541,110823802,3,0,0,62464,4,7543004421
7908,65999440,44900905,110900345,7,0,0,69120,15,5432825618
7909,66008090,78587284,144595374,4,0,1,2048,13,4729768699
7910,66008540,44263336,110271876,7,0,0,27136,15,10038960531
7911,66009890,44286202,110296092,2,0,0,57344,5,6831683994
7912,66009940,44127546,110137486,0,0,0,11776,13,10169306912
7913,66023600,44304943,110328543,9,0,0,27136,7,3760703517
7914,66033400,44870244,110903644,6,0,0,10752,17,10170854158
7915,66048640,44294020,110342660,1,0,0,9728,19,10566006992
7916,66071740,44310699,110382439,4,0,0,10752,13,6989158835
7917,66075000,44432264,110507264,9,0,0,32256,7,3135096843
7918,66082601,44781818,110864419,3,0,0,15360,4,3009907190
7919,66083480,44653536,110737016,4,0,0,31744,13,3414177890
7920,66095980,44126363,110222343,5,0,0,10240,18,10296207714
7921,66111900,44361139,110473039,7,0,0,5120,15,523021528
7922,66113230,44542552,110655782,5,0,0,43520,18,2199444616
7923,66118960,44443746,110562706,9,0,0,18944,7,288261272
7924,66131530,44658374,110789904,8,0,0,121856,18,2499364662
7925,66137629,78458411,144596040,6,0,1,1024,17,2636216310
7926,66139270,44739992,110879262,8,0,0,48640,18,6257789336
7927,66147560,78457416,144604976,4,0,1,35328,13,9598045973
7928,66151551,44251170,110402721,3,0,0,26624,4,732168297
7929,66153800,44650947,110804747,7,0,0,48640,15,6552007561
7930,66179590,44663758,110843348,0,0,0,58368,13,2459826443
7931,66186509,78422181,144608690,1,0,1,4096,19,4175625074
7932,66187810,44278718,110466528,0,0,0,7168,13,1814318078
7933,66188459,78433226,144621685,6,0,1,40448,17,5840560177
7934,66214321,44900931,111115252,3,0,0,67584,4,6575450809
7935,66228590,45119918,111348508,6,0,0,47104,17,9463876937
7936,66232190,44804812,111037002,7,0,0,69120,15,10207524604
7937,66235540,78389051,144624591,3,0,1,4608,4,4461388016
7938,66236860,44827823,111064683,4,0,0,21504,13,474169053
7939,66260310,44395924,110656234,6,0,0,1024,17,6330352778
7940,66261090,44598626,110859716,8,0,0,36864,18,4884664773
7941,66265651,44807479,111073130,3,0,0,27648,4,2751107498
7942,66272670,44737556,111010226,7,0,0,11776,15,10198342917
7943,66280830,44777278,111058108,6,0,0,69120,17,7431961172
7944,66290030,45439859,111729889,6,0,0,59392,17,9406838294
7945,66318920,44683460,111002380,4,0,0,22528,13,6441085123
7946,66328001,44373700,110701701,3,0,0,1536,4,8848188209
7947,66333580,44782654,111116234,4,0,0,1024,13,5176264353
7948,66335630,44489911,110825541,2,0,0,5632,5,6122947530
7949,66336190,45488109,111824299,5,0,0,40448,18,4555742240
7950,66336930,78295547,144632477,4,0,1,6144,13,9538607315
7951,66351740,44643753,110995493,9,0,0,10240,7,4808738650
7952,66354701,44553022,110907723,3,0,0,13312,4,1010551462
7953,66367700,78266199,144633899,5,0,1,13824,18,5242334660
7954,66405690,44811546,111217236,2,0,0,8704,5,1315470846
7955,66417100,44504102,110921202,4,0,0,6656,13,3861183761
7956,66423350,44804323,111227673,1,0,0,24576,19,10614106907
7957,66425610,44700856,111126466,6,0,0,33280,17,2961208524
7958,66426520,45263685,111690205,8,0,0,15360,18,6015502349
7959,66426890,45340895,111767785,7,0,0,30208,15,788236537
7960,66433930,45073299,111507229,5,0,0,141312,18,3708534104
7961,66438420,44553930,110992350,6,0,0,78848,17,259530945
7962,66444550,45104456,111549006,4,0,0,38400,13,1081544975
7963,66451119,78185686,144636805,6,0,1,4608,17,10001018511
7964,66466480,44727819,111194299,9,0,0,12288,7,8097471461
7965,66466790,78182303,144649093,5,0,1,25088,18,9080515065
7966,66475630,78291023,144766653,8,0,1,218624,18,9134215477
7967,66478960,44735601,111214561,9,0,0,37376,7,5196224875
7968,66479030,44636869,111115899,7,0,0,2048,15,8440844791
7969,66482440,45601449,112083889,5,0,0,17408,18,6950125915
7970,66494800,45117538,111612338,0,0,0,12800,13,4819764902
7971,66504660,44501955,111006615,8,0,0,13824,18,10288171068
7972,66512660,45440881,111953541,2,0,0,34304,5,5773848684
7973,66516570,45071153,111587723,6,0,0,84992,17,5054592597
7974,66552140,44583759,111135899,2,0,0,16384,5,3843354582
7975,66559290,44846111,111405401,9,0,0,75264,7,6794357597
7976,66572710,44688231,111260941,2,0,0,33280,5,6958959380
7977,66577630,78190508,144768138,4,0,1,15360,13,4494570808
7978,66587300,44746797,111334097,1,0,0,2560,19,2520782008
7979,66590280,45201608,111791888,5,0,0,76800,18,4633794852
7980,66606200,44989346,111595546,9,0,0,25600,7,1897022542
7981,66611990,45240880,111852870,1,0,0,93696,19,1982942228
7982,66615520,44619078,111234598,0,0,0,2048,13,9153246035
7983,66621430,44902294,111523724,7,0,0,44032,15,4889452536
7984,66626560,45381826,112008386,5,0,0,57856,18,3770219444
7985,66629270,44974255,111603525,2,0,0,26112,5,10202530051
7986,66641850,44731709,111373559,2,0,0,2560,5,7421323715
7987,66645040,78125364,144770404,5,0,1,3584,18,3407451584
7988,66648020,45339309,111987329,6,0,0,4608,17,9051810967
7989,66649250,44959165,111608415,9,0,0,9216,7,9425637706
7990,66656750,45286316,111943066,7,0,0,52736,15,6324333550
7991,66658860,45321715,111980575,6,0,0,56832,17,10007722062
7992,66681790,45003712,111685502,8,0,0,31232,18,8564950397
7993,66684840,44620436,111305276,7,0,0,4608,15,235836036
7994,66693361,45409075,112102436,3,0,0,27648,4,6136767997
7995,66694980,78077370,144772350,5,0,1,3072,18,4220141856
7996,66707060,78089091,144796151,4,0,1,34304,13,5795477383
7997,66710310,44845450,111555760,2,0,0,3072,5,5601415229
7998,66710740,44952549,111663289,0,0,0,7168,13,976427102
7999,66711890,45147422,111859312,9,0,0,20992,7,2521597514
8000,66715860,44661037,111376897,6,0,0,9728,17,8677071750
8001,66717980,45360582,112078562,2,0,0,66560,5,1624488873
8002,66720850,44786714,111507564,8,0,0,1024,18,1439246936
8003,66721521,45403385,112124906,3,0,0,57344,4,3805194643
8004,66724289,78079274,144803563,6,0,1,11776,17,7846035219
8005,66724330,78087614,144811944,5,0,1,18432,18,2768545220
8006,66737100,44817701,111554801,8,0,0,18944,18,6942309539
8007,66744150,45241752,111985902,5,0,0,17408,18,5429788470
8008,66746230,78067340,144813570,5,0,1,2560,18,8233261364
8009,66746860,78068016,144814876,4,0,1,2048,13,235879503
8010,66762520,44747719,111510239,7,0,0,8704,15,7030950627
8011,66774960,45800204,112575164,6,0,0,79872,17,7820781460
8012,66785060,78039148,144824208,5,0,1,14848,18,7477348719
8013,66786650,44841154,111627804,6,0,0,2048,17,7505446389
8014,66802840,45117746,111920586,0,0,0,13312,13,3162990900
8015,66835750,45216990,112052740,8,0,0,13312,18,4597719046
8016,66840110,44765474,111605584,0,0,0,6656,13,10460674679
8017,66847061,44887554,111734615,3,0,0,15360,4,6385672594
8018,66847720,44894874,111742594,9,0,0,26112,7,7522690646
8019,66858970,45311352,112170322,8,0,0,55296,18,4386269919
8020,66867780,77959296,144827076,4,0,1,30208,13,5657874399
8021,66868450,45756992,112625442,1,0,0,123392,19,1269235110
8022,66900850,45361114,112261964,7,0,0,27136,15,3716135063
8023,66905580,44954847,111860427,4,0,0,3584,13,10215173859
8024,66906620,45792963,112699583,6,0,0,13824,17,9980456514
8025,66913400,45851857,112765257,9,0,0,39936,7,7406900115
8026,66917060,45284625,112201685,1,0,0,17408,19,3478642748
8027,66928260,44950260,111878520,8,0,0,14336,18,6104513841
8028,66929501,45466962,112396463,3,0,0,45568,4,1661286144
8029,66947820,45712704,112660524,8,0,0,9216,18,3515781996
8030,66950019,77896828,144846847,1,0,1,21504,19,4417763936
8031,66954509,77894284,144848793,0,0,1,3072,13,8101327848
8032,66972670,45058708,112031378,0,0,0,27648,13,10171904927
8033,66977100,45709325,112686425,5,0,0,52736,18,7284370670
8034,66998140,45373605,112371745,0,0,0,23552,13,4881478701
8035,67000530,77848622,144849152,4,0,1,9728,13,1209444780
8036,67001440,45190774,112192214,7,0,0,22016,15,10582482279
8037,67030770,44932466,111963236,9,0,0,31744,7,7433947587
8038,67032000,45991551,113023551,1,0,0,101376,19,8782959781
8039,67037540,45611082,112648622,6,0,0,19968,17,3930322997
8040,67056050,46017263,113073313,4,0,0,23040,13,3192416669
8041,67059731,45528092,112587823,3,0,0,41472,4,7096842734
8042,67064290,45448497,112512787,9,0,0,122368,7,9085269849
8043,67068571,45063378,112131949,3,0,0,23040,4,562498504
8044,67070750,44948886,112019636,7,0,0,11264,15,2124398718
8045,67087840,45581847,112669687,1,0,0,20992,19,10314195306
8046,67088131,46301124,113389255,3,0,0,74240,4,5572799088
8047,67094860,45732021,112826881,7,0,0,27648,15,9731727941
8048,67103440,45851223,112954663,5,0,0,214016,18,6476563628
8049,67108860,45530356,112639216,1,0,0,36352,19,71105354
8050,67113090,45582258,112695348,9,0,0,29184,7,3871153418
8051,67124450,45737525,112861975,4,0,0,3072,13,9103378955
8052,67134800,45282278,112417078,8,0,0,26624,18,5589306933
8053,67149030,45479087,112628117,7,0,0,8704,15,7078774228
8054,67159870,77692828,144852698,3,0,1,5632,4,6769510478
8055,67167481,45106013,112273494,3,0,0,2560,4,3505682761
8056,67171150,45113408,112284558,1,0,0,3584,19,5193524030
8057,67174290,45891177,113065467,1,0,0,58880,19,10273294177
8058,67195410,45447105,112642515,4,0,0,10752,13,2262417930
8059,67213910,46214110,113428020,1,0,0,33280,19,6757019485
8060,67226560,45622725,112849285,5,0,0,19968,18,3284341233
8061,67228501,45180293,112408794,3,0,0,18432,4,7845770424
8062,67248430,45409263,112657693,8,0,0,29696,18,1056375661
8063,67250400,46078524,113328924,9,0,0,71680,7,5607400400
8064,67253840,45839812,113093652,5,0,0,37376,18,5765402553
8065,67257570,45280134,112537704,0,0,0,52224,13,8099401591
8066,67260740,45769238,113029978,4,0,0,20992,13,643697923
8067,67270390,46036671,113307061,5,0,0,92160,18,6617961795
8068,67282260,45423081,112705341,6,0,0,4608,17,9888876452
8069,67294310,46656881,113951191,5,0,0,37376,18,3297730524
8070,67302251,45745245,113047496,3,0,0,54784,4,4581936355
8071,67311690,45680950,112992640,7,0,0,94720,15,5358546280
8072,67312450,45846681,113159131,1,0,0,31232,19,10374773551
8073,67313230,45547778,112861008,1,0,0,38400,19,1211816335
8074,67335270,46469291,113804561,8,0,0,24064,18,3586459637
8075,67336480,45333854,112670334,6,0,0,2048,17,4718920580
8076,67346280,46126011,113472291,7,0,0,71168,15,2681745086
8077,67360620,77493704,144854324,5,0,1,2560,18,9867793504
8078,67364660,45701610,113066270,5,0,0,2560,18,3849698600
8079,67366810,77526990,144893800,8,0,1,116224,18,8856588093
8080,67396560,77497906,144894466,3,0,1,1024,4,1794624154
8081,67396820,46049030,113445850,6,0,0,28672,17,5442387028
8082,67397491,46014095,113411586,3,0,0,73216,4,6641517923
8083,67401400,45407187,112808587,5,0,0,15872,18,1780573037
8084,67404570,45327937,112732507,7,0,0,14848,15,7489483597
8085,67404830,46111811,113516641,8,0,0,52736,18,5349443220
8086,67405480,45676761,113082241,9,0,0,26112,7,5609335565
8087,67408420,46193690,113602110,4,0,0,20992,13,3355810583
8088,67413190,45546644,112959834,7,0,0,16896,15,8805773379
8089,67416270,46020821,113437091,7,0,0,29696,15,3890882019
8090,67417440,45796375,113213815,4,0,0,38400,13,9986983395
8091,67422790,45765082,113187872,4,0,0,28160,13,8900312087
8092,67437020,45526737,112963757,7,0,0,12800,15,8307681148
8093,67450230,46145392,113595622,5,0,0,51712,18,9781613674
8094,67450400,45996409,113446809,8,0,0,3072,18,6382018012
8095,67466330,46034220,113500550,6,0,0,92672,17,7415699117
8096,67472210,77425482,144897692,9,0,1,5120,7,5621187359
8097,67477750,45694395,113172145,0,0,0,26624,13,6061902001
8098,67481950,45548831,113030781,9,0,0,2560,7,8224052458
8099,67482750,45880072,113362822,7,0,0,49152,15,449073127
8100,67483470,46569177,114052647,7,0,0,10752,15,10078505998
8101,67491070,46063895,113554965,2,0,0,9216,5,4205068593
8102,67500071,45648063,113148134,3,0,0,10752,4,8151839132
8103,67505590,45712460,113218050,1,0,0,13824,19,3059651164
8104,67561740,46147204,113708944,6,0,0,4096,17,4872347318
8105,67565549,77356093,144921642,0,0,1,47104,13,10626689360
8106,67574350,45773473,113347823,5,0,0,61952,18,2887428182
8107,67574990,45875586,113450576,7,0,0,12288,15,5640188251
8108,67619290,46015302,113634592,0,0,0,13824,13,9967667691
8109,67641850,77280778,144922628,5,0,1,1536,18,3407508453
8110,67650640,45713609,113364249,0,0,0,4608,13,4047346276
8111,67660129,77275755,144935884,1,0,1,1024,19,6786260051
8112,67660750,45863315,113524065,5,0,0,8704,18,1917164579
8113,67682780,45970035,113652815,6,0,0,16896,17,329921561
8114,67686260,45731589,113417849,6,0,0,20480,17,5137639349
8115,67690360,46026308,113716668,4,0,0,12288,13,3856019791
8116,67696990,45876330,113573320,8,0,0,18944,18,5947616855
8117,67704900,45816444,113521344,8,0,0,15360,18,4859008610
8118,67728440,45638172,113366612,8,0,0,7680,18,3006946864
8119,67730750,45804668,113535418,7,0,0,20480,15,10617923477
8120,67747810,46127378,113875188,7,0,0,31232,15,7348879680
8121,67750661,46030546,113781207,3,0,0,36352,4,1629163312
8122,67753159,77183711,144936870,1,0,1,1536,19,2838405221
8123,67758830,46065405,113824235,7,0,0,37376,15,7114889138
8124,67771590,46135779,113907369,0,0,0,13824,13,1933088817
8125,67779130,46223358,114002488,8,0,0,37376,18,6892854625
8126,67779649,77157785,144937434,1,0,1,10752,19,3122255995
8127,67781770,45773530,113555300,7,0,0,1024,15,4792451915
8128,67788810,45858834,113647644,8,0,0,32768,18,866550093
8129,67791110,45872830,113663940,9,0,0,35840,7,6614843508
8130,67829840,77112628,144942468,3,0,1,10240,4,4363020606
8131,67836450,45933658,113770108,7,0,0,43520,15,9013964156
8132,67846690,46245533,114092223,8,0,0,33280,18,4885224993
8133,67851480,45757985,113609465,1,0,0,24064,19,3658533839
8134,67867660,46032819,113900479,4,0,0,32256,13,4381491178
8135,67871230,45877884,113749114,4,0,0,25600,13,6602511605
8136,67882000,77061774,144943774,4,0,1,2048,13,3822891524
8137,67889680,47002905,114892585,6,0,0,39936,17,4061256777
8138,67890920,46191140,114082060,9,0,0,73728,7,1719713154
8139,67906130,46052260,113958390,8,0,0,23552,18,1205934876
8140,67921221,46219939,114141160,3,0,0,16384,4,6265664328
8141,67937031,46112317,114049348,3,0,0,43520,4,107476833
8142,67945981,46439965,114385946,3,0,0,90624,4,1240492699
8143,67949950,45847256,113797206,7,0,0,48640,15,3329701439
8144,67950720,46766479,114717199,8,0,0,19968,18,3940152144
8145,67966030,46313513,114279543,9,0,0,57344,7,1734654982
8146,67968500,45772527,113741027,1,0,0,7680,19,5079804624
8147,67970280,46423021,114393301,9,0,0,24064,7,5803697528
8148,67973040,46284359,114257399,9,0,0,68096,7,3564274357
8149,67976700,46139352,114116052,7,0,0,18944,15,1040678293
8150,67981610,46539542,114521152,9,0,0,28672,7,2590152866
8151,67996210,46948213,114944423,8,0,0,34816,18,8743699309
8152,68012210,46445304,114457514,5,0,0,39424,18,8087492618
8153,68033090,76912630,144945720,9,0,1,3072,7,3333066957
8154,68044350,46213228,114257578,8,0,0,512,18,2219662689
8155,68045140,46297148,114342288,0,0,0,33280,13,7982271631
8156,68064820,46045025,114109845,7,0,0,5632,15,7204959780
8157,68067900,45917928,113985828,1,0,0,24576,19,10583090378
8158,68071200,46566662,114637862,5,0,0,14848,18,5058584974
8159,68076210,45929733,114005943,5,0,0,11264,18,5196070579
8160,68088670,76865676,144954346,9,0,1,21504,7,484557971
8161,68138710,46952118,115090828,7,0,0,59904,15,7037362826
8162,68143439,76811253,144954692,1,0,1,512,19,9714525903
8163,68146980,76812538,144959518,5,0,1,7680,18,5500433448
8164,68155290,46283770,114439060,9,0,0,49152,7,5587096155
8165,68156210,46073687,114229897,0,0,0,96256,13,6430075785
8166,68159229,76807790,144967019,6,0,1,11776,17,9147366947
8167,68168690,46228846,114397536,1,0,0,13824,19,7347010027
8168,68195730,76795591,144991321,5,0,1,36864,18,6957286004
8169,68198630,46037998,114236628,5,0,0,22016,18,3607587632
8170,68214420,46184277,114398697,7,0,0,3584,15,65813583
8171,68216490,46295903,114512393,0,0,0,42496,13,5917579475
8172,68225340,46220139,114445479,0,0,0,20992,13,3892613657
8173,68241550,46457240,114698790,8,0,0,66048,18,9256643219
8174,68245350,46166719,114412069,8,0,0,16384,18,1343426774
8175,68260410,46401187,114661597,8,0,0,77824,18,8509517029
8176,68262990,46370325,114633315,8,0,0,61440,18,1493358240
8177,68270070,46293792,114563862,9,0,0,3072,7,2159914542
8178,68277610,47017878,115295488,5,0,0,255488,18,2482035606
8179,68290679,76702481,144993160,0,0,1,11264,13,10730856065
8180,68302270,46705497,115007767,0,0,0,28672,13,8128383066
8181,68303070,46747050,115050120,6,0,0,50688,17,5809688398
8182,68306390,46475953,114782343,9,0,0,59392,7,8158603561
8183,68320840,46707386,115028226,9,0,0,67072,7,2252402613
8184,68320880,46525039,114845919,9,0,0,3072,7,2801632585
8185,68352600,76693679,145046279,8,0,1,78848,18,5376469104
8186,68397200,76665911,145063111,9,0,1,6144,7,10598927727
8187,68398431,45905134,114303565,3,0,0,3072,4,1434787281
8188,68409410,46069230,114478640,0,0,0,29184,13,8442182101
8189,68415650,47035246,115450896,5,0,0,13312,18,1892003694
8190,68441050,46169755,114610805,4,0,0,50688,13,1543026748
8191,68442820,46991457,115434277,0,0,0,25088,13,10463924335
8192,68450470,46618209,115068679,8,0,0,47104,18,667568738
8193,68459580,46631427,115091007,6,0,0,512,17,8506778727
8194,68461590,46241770,114703360,7,0,0,12800,15,4206926390
8195,68462200,47064406,115526606,1,0,0,18944,19,6889494194
8196,68477010,46822869,115299879,6,0,0,14336,17,8906351358
8197,68485550,47079580,115565130,4,0,0,29184,13,10357507165
8198,68498230,46690923,115189153,1,0,0,83456,19,9426410076
8199,68498530,46631746,115130276,0,0,0,27136,13,4631390384
8200,68499791,46617110,115116901,3,0,0,3584,4,399047049
8201,68512740,46407426,114920166,8,0,0,59392,18,2102656461
8202,68515029,76550988,145066017,1,0,1,4608,19,5064173091
8203,68520300,46595486,115115786,7,0,0,11264,15,5633913021
8204,68531630,46194016,114725646,5,0,0,27648,18,10163168837
8205,68533009,76534954,145067963,6,0,1,3072,17,8949322164
8206,68534490,46339151,114873641,5,0,0,8704,18,6302668852
8207,68535379,76532840,145068219,0,0,1,9216,13,9134111546
8208,68536370,76534115,145070485,5,0,1,3584,18,10181879177
8209,68540880,46269941,114810821,0,0,0,9216,13,6993466915
8210,68542251,46072321,114614572,3,0,0,12288,4,2779370564
8211,68550990,76520481,145071471,9,0,1,1536,7,10109714797
8212,68557050,47389701,115946751,8,0,0,32256,18,7643164237
8213,68560720,46937957,115498677,5,0,0,36352,18,6290804874
8214,68569220,47050351,115619571,1,0,0,129536,19,5287016351
8215,68575560,76498062,145073622,9,0,1,16384,7,2489521217
8216,68580070,46119367,114699437,9,0,0,2048,7,10132082922
8217,68602830,46916843,115519673,1,0,0,7168,19,8778681718
8218,68609720,46348054,114957774,7,0,0,21504,15,9076650492
8219,68613670,46894858,115508528,5,0,0,32256,18,3421327836
8220,68630720,47292938,115923658,4,0,0,124928,13,1130227048
8221,68630940,46403713,115034653,5,0,0,20992,18,5747925514
8222,68646330,47226894,115873224,9,0,0,409088,7,8877588769
8223,68656740,46994377,115651117,4,0,0,7168,13,8963646052
8224,68663020,46854446,115517466,5,0,0,10752,18,9240298985
8225,68668970,46483240,115152210,5,0,0,2048,18,2215840277
8226,68679699,76399578,145079277,1,0,1,17920,19,2557499589
8227,68682049,76402772,145084821,0,0,1,26112,13,7336526282
8228,68690400,46611062,115301462,9,0,0,5120,7,644493680
8229,68694950,47237559,115932509,1,0,0,23040,19,6154837666
8230,68713560,46667113,115380673,1,0,0,64512,19,3801571581
8231,68715780,47267587,115983367,0,0,0,20480,13,5882637138
8232,68720970,46669086,115390056,1,0,0,30720,19,32555241
8233,68738290,47187130,115925420,9,0,0,5632,7,743292294
8234,68752140,46674470,115426610,9,0,0,78848,7,1919536681
8235,68752770,47337801,116090571,5,0,0,47616,18,9870609773
8236,68758181,46676431,115434612,3,0,0,1024,4,9049598766
8237,68760660,46567645,115328305,9,0,0,33792,7,922466107
8238,68790291,46723876,115514167,3,0,0,18432,4,9541507709
8239,68792390,46882416,115674806,4,0,0,32768,13,7728781293
8240,68795320,46839718,115635038,6,0,0,50688,17,4029906132
8241,68796709,76292938,145089647,0,0,1,7680,13,6934755488
8242,68832020,46688612,115520632,6,0,0,3072,17,4145129672
8243,68856520,47185361,116041881,1,0,0,26624,19,6151397013
8244,68880780,47311877,116192657,5,0,0,64512,18,7385844235
8245,68886140,46844063,115730203,5,0,0,28672,18,3517276499
8246,68915090,46605721,115520811,1,0,0,512,19,652211321
8247,68915530,47594045,116509575,6,0,0,47104,17,7155646537
8248,68916600,47433207,116349807,7,0,0,24064,15,8495601051
8249,68918039,76186144,145104183,1,0,1,28672,19,8540943755
8250,68918699,76263295,145181994,0,0,1,146432,13,92834646
8251,68928261,47660438,116588699,3,0,0,55296,4,8888158063
8252,68944050,76279118,145223168,4,0,1,45056,13,1171549623
8253,68955820,48009680,116965500,7,0,0,708096,15,3323835939
8254,68956370,76270984,145227354,5,0,1,6656,18,3568175134
8255,68961240,47554722,116515962,8,0,0,20480,18,7167914235
8256,68968230,46984339,115952569,9,0,0,18944,7,9919082214
8257,68971870,46730054,115701924,8,0,0,8192,18,7681124742
8258,68977280,76250842,145228122,4,0,1,11776,13,1486535242
8259,68979750,48113565,117093315,4,0,0,34304,13,7629474986
8260,68985010,48203798,117188808,5,0,0,6656,18,8217838999
8261,69005990,48294535,117300525,4,0,0,123392,13,8327839040
8262,69029140,47362055,116391195,5,0,0,38912,18,6925445797
8263,69050500,47586266,116636766,9,0,0,34304,7,2859838617
8264,69058040,48395997,117454037,5,0,0,13312,18,3595405974
8265,69075270,46988239,116063509,1,0,0,5120,19,9128317792
8266,69081220,47072133,116153353,2,0,0,24064,5,724634904
8267,69093050,47544207,116637257,4,0,0,1536,13,7099209836
8268,69101530,46989376,116090906,1,0,0,1024,19,874125086
8269,69101930,76131018,145232948,5,0,1,7680,18,6510487851
8270,69104560,47021288,116125848,4,0,0,15360,13,2535722551
8271,69107780,47188846,116296626,4,0,0,3584,13,2811359748
8272,69115350,46770221,115885571,7,0,0,40448,15,8983663756
8273,69117771,76117034,145234805,2,0,1,13824,5,1191396360
8274,69127010,46994112,116121122,0,0,0,62464,13,4809454077
8275,69130850,47291470,116422320,4,0,0,72192,13,6579412908
8276,69137970,46798930,115936900,4,0,0,14336,13,4153387165
8277,69154160,46947907,116102067,4,0,0,9728,13,3728291739
8278,69158950,76098368,145257318,9,0,1,53248,7,4484926772
8279,69170310,47094532,116264842,8,0,0,130560,18,1388974640
8280,69172670,76089930,145262600,4,0,1,1024,13,8997088233
8281,69186640,47957140,117143780,6,0,0,68096,17,3853697762
8282,69194931,47167450,116362381,3,0,0,15872,4,7105455482
8283,69209170,47461283,116670453,6,0,0,19456,17,927143582
8284,69212440,47781989,116994429,0,0,0,29184,13,6345622769
8285,69217750,47759317,116977067,0,0,0,37888,13,10581665894
8286,69224250,47213560,116437810,6,0,0,2560,17,4052702889
8287,69235400,47514329,116749729,0,0,0,12288,13,1445388915
8288,69241730,47222584,116464314,1,0,0,12288,19,9125654797
8289,69246120,48359307,117605427,0,0,0,36864,13,10620789381
8290,69246240,47323290,116569530,4,0,0,6144,13,1957190826
8291,69248790,47019671,116268461,6,0,0,11776,17,5654585641
8292,69254850,48004173,117259023,9,0,0,61952,7,8229668355
8293,69262451,47047730,116310181,3,0,0,20992,4,5209783617
8294,69265680,46929496,116195176,6,0,0,8192,17,1204914144
8295,69281390,46943649,116225039,5,0,0,17920,18,6642690859
8296,69291080,75975706,145266786,3,0,1,6656,4,926244421
8297,69315800,46819835,116135635,1,0,0,5632,19,8838840034
8298,69315950,47251685,116567635,1,0,0,17920,19,2568636500
8299,69326740,47040037,116366777,1,0,0,3072,19,5301729346
8300,69357100,47287293,116644393,6,0,0,1536,17,4796721760
8301,69359370,47678340,117037710,8,0,0,107520,18,116888586
8302,69359700,47031830,116391530,5,0,0,1024,18,5643208906
8303,69373180,47318597,116691777,7,0,0,18432,15,2639888906
8304,69400510,47827171,117227681,5,0,0,20480,18,7246218229
8305,69415170,75851962,145267132,4,0,1,512,13,10661194480
8306,69427621,47655219,117082840,3,0,0,125440,4,6923648350
8307,69433300,47003707,116437007,1,0,0,48128,19,7396957996
8308,69437430,47567497,117004927,1,0,0,14336,19,5986539914
8309,69455760,47883681,117339441,4,0,0,72704,13,995195080
8310,69468690,47247049,116715739,5,0,0,43008,18,5085892116
8311,69469661,47629457,117099118,3,0,0,18944,4,4947434357
8312,69487340,48275113,117762453,1,0,0,6656,19,5532198822
8313,69499820,47710289,117210109,9,0,0,41472,7,286573875
8314,69501799,75765679,145267478,1,0,1,512,19,10353676580
8315,69502340,75765651,145267991,5,0,1,18432,18,5323446923
8316,69511000,47663566,117174566,6,0,0,75776,17,9136871460
8317,69519029,75754108,145273137,6,0,1,8192,17,6312958528
8318,69520179,75758245,145278424,1,0,1,16896,19,8257885688
8319,69523540,47697870,117221410,7,0,0,16384,15,3361356704
8320,69536290,47190039,116726329,4,0,0,1024,13,4796237663
8321,69574400,47470197,117044597,1,0,0,22528,19,5709308147
8322,69576760,47637740,117214500,7,0,0,14336,15,7184744571
8323,69578450,75700640,145279090,9,0,1,1024,7,5840282036
8324,69586610,47413926,117000536,0,0,0,19968,13,9906876458
8325,69591381,47778636,117370017,3,0,0,41984,4,2808633031
8326,69592790,47593967,117186757,9,0,0,39936,7,9558689555
8327,69593920,47711004,117304924,6,0,0,14336,17,7505174932
8328,69625290,75655426,145280716,3,0,1,2560,4,9901438617
8329,69626660,48286219,117912879,5,0,0,10240,18,10192127639
8330,69627170,47358344,116985514,4,0,0,27648,13,5218968260
8331,69636690,47486319,117123009,5,0,0,78336,18,4532527587
8332,69647610,75649334,145296944,4,0,1,34304,13,744158765
8333,69655840,75644650,145300490,4,0,1,5632,13,3736591683
8334,69678440,75644577,145323017,4,0,1,45056,13,6923945
8335,69681450,47552806,117234256,7,0,0,21504,15,7976904608
8336,69706980,47488879,117195859,4,0,0,23040,13,5909955678
8337,69707951,47636037,117343988,3,0,0,14848,4,9543729508
8338,69712540,47484910,117197450,7,0,0,5120,15,10135971153
8339,69720630,47841527,117562157,6,0,0,20480,17,10174145573
8340,69721260,47430195,117151455,8,0,0,25088,18,4721924586
8341,69729890,48164403,117894293,4,0,0,49664,13,866112250
8342,69730600,47719358,117449958,7,0,0,52736,15,6156072400
8343,69733880,47686704,117420584,4,0,0,165888,13,10455651389
8344,69735990,47722438,117458428,4,0,0,14336,13,1095727800
8345,69741760,47692107,117433867,9,0,0,43520,7,2542162329
8346,69745590,47950493,117696083,8,0,0,10240,18,7230086681
8347,69747580,48449753,118197333,6,0,0,68608,17,3712916230
8348,69762940,48388073,118151013,5,0,0,79872,18,7001930905
8349,69763640,48556253,118319893,7,0,0,10240,15,4752733186
8350,69767910,47976397,117744307,8,0,0,11776,18,6845577210
8351,69779680,48532211,118311891,8,0,0,52224,18,6445309086
8352,69782110,47692253,117474363,1,0,0,52224,19,6397629747
8353,69784390,47432005,117216395,4,0,0,6144,13,104771028
8354,69798580,47811238,117609818,5,0,0,14336,18,705206619
8355,69821870,48606811,118428681,8,0,0,56320,18,3542345320
8356,69826449,75514124,145340573,6,0,1,43520,17,249582278
8357,69844730,48368278,118213008,6,0,0,47616,17,2443442148
8358,69852070,47382677,117234747,8,0,0,1536,18,8951492078
8359,69858520,48698104,118556624,8,0,0,419840,18,7702680852
8360,69865410,47790885,117656295,0,0,0,42496,13,8207468143
8361,69888659,75499408,145388067,0,0,1,75776,13,1215879873
8362,69892040,47631772,117523812,5,0,0,23552,18,7750177618
8363,69892960,48077683,117970643,5,0,0,11776,18,6543235595
8364,69907190,47686771,117593961,0,0,0,58880,13,9467393980
8365,69912369,75484054,145396423,6,0,1,23552,17,1075344566
8366,69913209,75638438,145551647,0,0,1,307712,13,5673617601
8367,69913780,48122315,118036095,7,0,0,19456,15,2481400345
8368,69918310,75677739,145596049,3,0,1,72704,4,7862739953
8369,69935940,47804756,117740696,5,0,0,35840,18,7465878174
8370,69942660,47905158,117847818,7,0,0,14848,15,2198557650
8371,69982260,48591102,118573362,7,0,0,52224,15,5260247890
8372,69987120,48800975,118788095,6,0,0,366080,17,10405268195
8373,69992860,75723992,145716852,4,0,1,236032,13,5456006195
8374,70003130,47896178,117899308,5,0,0,16384,18,9672716416
8375,70006870,48069442,118076312,9,0,0,14848,7,2600923004
8376,70009300,48062465,118071765,6,0,0,57344,17,10623886457
8377,70009560,48798682,118808242,8,0,0,66048,18,7124206626
8378,70020560,48388998,118409558,1,0,0,22016,19,4097935194
8379,70047790,48827959,118875749,8,0,0,47104,18,6325946443
8380,70048631,48044146,118092777,3,0,0,12800,4,1475227652
8381,70076180,75668769,145744949,3,0,1,75776,4,10438503859
8382,70086740,48589605,118676345,5,0,0,337920,18,2816834521
8383,70092020,48235177,118327197,5,0,0,3584,18,2889993221
8384,70112360,48564164,118676524,4,0,0,512,13,9112568083
8385,70115090,48156052,118271142,1,0,0,14848,19,9909973864
8386,70139080,48263747,118402827,8,0,0,8704,18,3992947185
8387,70146630,48682071,118828701,8,0,0,67072,18,8731196155
8388,70149470,48688302,118837772,1,0,0,29696,19,1766891408
8389,70158100,48728124,118886224,8,0,0,34304,18,3209803318
8390,70160780,47669409,117830189,7,0,0,5632,15,7011223853
8391,70161380,48754288,118915668,9,0,0,31232,7,9805863157
8392,70164210,48802780,118966990,6,0,0,71168,17,4209301481
8393,70168389,75585614,145754003,6,0,1,22016,17,8629089047
8394,70170090,48763104,118933194,0,0,0,47104,13,7135549483
8395,70173390,48687025,118860415,4,0,0,74240,13,724493446
8396,70186810,48936771,119123581,6,0,0,48128,17,5654277793
8397,70193600,48712513,118906113,5,0,0,13312,18,3475400878
8398,70209220,47754991,117964211,1,0,0,15872,19,7497863478
8399,70225179,75532395,145757574,6,0,1,3584,17,467510208
8400,70228280,75531560,145759840,9,0,1,3584,7,5374070921
8401,70229880,48631494,118861374,0,0,0,3072,13,5474596885
8402,70245370,75515136,145760506,4,0,1,1024,13,5606243619
8403,70246600,75514367,145760967,4,0,1,10240,13,8900552154
8404,70248819,75514094,145762913,6,0,1,3072,17,1319168461
8405,70251680,48031573,118283253,4,0,0,512,13,2820461848
8406,70257390,48300037,118557427,9,0,0,2560,7,9894457006
8407,70260490,47891482,118151972,4,0,0,3072,13,6016042814
8408,70261760,48640087,118901847,9,0,0,51200,7,3370247179
8409,70264480,48654339,118918819,2,0,0,10240,5,8792605098
8410,70268590,48796547,119065137,8,0,0,322048,18,7364767090
8411,70275400,48833494,119108894,7,0,0,17408,15,8104045733
8412,70281050,49133102,119414152,0,0,0,40960,13,6801235924
8413,70286300,48030450,118316750,0,0,0,15872,13,7167388874
8414,70286630,48869545,119156175,5,0,0,8704,18,4145121072
8415,70289410,48862351,119151761,4,0,0,92160,13,6793421379
8416,70296310,48914003,119210313,4,0,0,48128,13,7334107130
8417,70314170,49201206,119515376,7,0,0,9728,15,3600750080
8418,70319770,48983082,119302852,0,0,0,101376,13,2823831445
8419,70321930,48781637,119103567,7,0,0,125952,15,3510822673
8420,70330490,49312273,119642763,8,0,0,46080,18,1955134139
8421,70330830,49431261,119762091,5,0,0,200704,18,7207508632
8422,70331480,48833454,119164934,5,0,0,28672,18,7256901080
8423,70344340,49095395,119439735,2,0,0,2048,5,1910187238
8424,70346870,48969756,119316626,6,0,0,24576,17,988547461
8425,70362580,49254290,119616870,1,0,0,55808,19,5835486514
8426,70373940,48821678,119195618,0,0,0,84992,13,608388526
8427,70379959,75392822,145772781,6,0,1,4096,17,2654212305
8428,70380850,49200196,119581046,9,0,0,13824,7,6077959134
8429,70381200,49501374,119882574,7,0,0,82944,15,5798155905
8430,70383380,75391667,145775047,9,0,1,3584,7,6548741505
8431,70389740,48763760,119153500,0,0,0,5632,13,1346762547
8432,70400381,49217292,119617673,3,0,0,2560,4,9513366695
8433,70400550,48501484,118902034,4,0,0,512,13,6973676845
8434,70407800,49095933,119503733,5,0,0,22528,18,7288440863
8435,70409410,49006013,119415423,7,0,0,4096,15,10460891157
8436,70410350,49659875,120070225,0,0,0,54784,13,9880696080
8437,70412180,48826232,119238412,7,0,0,51200,15,1662125505
8438,70427970,49843128,120271098,1,0,0,36352,19,9806482641
8439,70429810,75351906,145781716,5,0,1,31744,18,3737868755
8440,70438270,49360192,119798462,7,0,0,119296,15,369190710
8441,70443270,49381001,119824271,7,0,0,18432,15,4911021761
8442,70446150,48492683,118938833,2,0,0,18432,5,6493062983
8443,70446810,75335252,145782062,9,0,1,512,7,1023559246
8444,70466070,49155682,119621752,1,0,0,13312,19,10624329268
8445,70466270,49558958,120025228,1,0,0,57344,19,2378825679
8446,70478271,49340361,119818632,3,0,0,50176,4,4245469443
8447,70478600,49082588,119561188,6,0,0,38400,17,9145630076
8448,70493970,75326451,145820421,3,0,1,74752,4,7223735417
8449,70516691,49060120,119576811,3,0,0,51200,4,8967147982
8450,70521210,48869535,119390745,1,0,0,35840,19,7126758506
8451,70543810,75280157,145823967,4,0,1,5632,13,1933397619
8452,70553410,49720854,120274264,6,0,0,6656,17,9136414424
8453,70561930,48607769,119169699,1,0,0,15360,19,10094269134
8454,70562469,75265684,145828153,1,0,1,6656,19,10683473218
8455,70567240,75262859,145830099,9,0,1,3072,7,10645130302
8456,70570190,48644046,119214236,1,0,0,12800,19,8721069169
8457,70586460,49491790,120078250,1,0,0,20480,19,7662919623
8458,70592430,49879541,120471971,2,0,0,7168,5,4181880576
8459,70592900,75237545,145830445,4,0,1,512,13,5392281215
8460,70603980,48705135,119309115,8,0,0,20480,18,5022291006
8461,70611350,49245929,119857279,2,0,0,512,5,2923319366
8462,70617110,75223730,145840840,9,0,1,28160,7,5956083572
8463,70625360,75217746,145843106,9,0,1,3584,7,2770902206
8464,70657840,48940880,119598720,2,0,0,57856,5,6832856383
8465,70661250,48702077,119363327,5,0,0,26624,18,10735275318
8466,70664811,49456056,120120867,3,0,0,38912,4,3310603644
8467,70670920,75194854,145865774,8,0,1,68096,18,10368731927
8468,70672530,49983453,120655983,7,0,0,30208,15,8117206275
8469,70673350,75199196,145872546,4,0,1,10752,13,9470495276
8470,70673740,49435248,120108988,9,0,0,38400,7,4009010500
8471,70713791,49571127,120284918,3,0,0,30720,4,4943995151
8472,70716429,75160623,145877052,6,0,1,7168,17,8812254221
8473,70719460,49426513,120145973,0,0,0,19968,13,1982513945
8474,70747120,49260613,120007733,1,0,0,101888,19,844061580
8475,70756810,48642357,119399167,1,0,0,512,19,9187180942
8476,70780600,48766117,119546717,6,0,0,17408,17,7158590776
8477,70794850,49258660,120053510,0,0,0,13824,13,9984577874
8478,70821290,49035810,119857100,5,0,0,94208,18,10296331449
8479,70824770,75053908,145878678,5,0,1,2560,18,4697631432
8480,70831010,49252130,120083140,0,0,0,14336,13,7408375579
8481,70831049,75151600,145982649,6,0,1,239616,17,2835494978
8482,70838540,48673849,119512389,7,0,0,27648,15,702885319
8483,70839410,49209865,120049275,6,0,0,78848,17,995975160
8484,70843710,48756133,119599843,1,0,0,3584,19,10365015983
8485,70843920,49228067,120071987,0,0,0,5632,13,9129871460
8486,70845210,49363581,120208791,6,0,0,79360,17,402816991
8487,70855750,49222991,120078741,1,0,0,1536,19,10579298487
8488,70858521,49034060,119892581,3,0,0,32768,4,9094253102
8489,70859850,49033222,119893072,7,0,0,1536,15,585884203
8490,70863420,75260007,146123427,8,0,1,276992,18,8169170465
8491,70866580,49419617,120286197,2,0,0,4096,5,4517471813
8492,70871060,50240698,121111758,9,0,0,91648,7,10506759545
8493,70873400,48952142,119825542,1,0,0,4096,19,3202754209
8494,70880861,49911305,120792166,3,0,0,19456,4,1595019494
8495,70883700,50373999,121257699,1,0,0,79872,19,6646261746
8496,70884990,48943383,119828373,9,0,0,9216,7,1442764940
8497,70900310,50546833,121447143,0,0,0,44032,13,4087838486
8498,70916660,49213933,120130593,6,0,0,31744,17,1669480798
8499,70928340,49347195,120275535,0,0,0,4096,13,2674861374
8500,70941830,49945369,120887199,1,0,0,25600,19,10203535828
8501,70943290,48860031,119803321,6,0,0,15872,17,4841817033
8502,70944220,49153014,120097234,0,0,0,37376,13,6101312860
8503,70953550,75171157,146124707,9,0,1,14336,7,4207570864
8504,70971750,49498014,120469764,1,0,0,51200,19,5685901880
8505,70991450,49520776,120512226,5,0,0,3072,18,6249324647
8506,71000240,49259245,120259485,2,0,0,133120,5,1839204733
8507,71007510,49125446,120132956,9,0,0,7680,7,2654928694
8508,71021260,49596675,120617935,2,0,0,30208,5,7997656083
8509,71049219,75236885,146286104,6,0,1,273920,17,10662742116
8510,71062180,49532018,120594198,8,0,0,80384,18,4606220124
8511,71070120,49015695,120085815,2,0,0,8704,5,8058481617
8512,71077381,48820090,119897471,3,0,0,14336,4,1915121538
8513,71080530,49648134,120728664,1,0,0,8192,19,2733705696
8514,71099200,50227497,121326697,1,0,0,148992,19,4235610126
8515,71118000,49540034,120658034,9,0,0,6656,7,8062703927
8516,71125490,49475930,120601420,1,0,0,10240,19,9293191527
8517,71131140,49002151,120133291,4,0,0,1024,13,5688296668
8518,71131800,49082474,120214274,9,0,0,17920,7,4717516417
8519,71139130,49405436,120544566,6,0,0,53760,17,7936414975
8520,71151330,49574815,120726145,8,0,0,6144,18,8830528542
8521,71152260,49590625,120742885,4,0,0,5632,13,8143018286
8522,71168911,75127677,146296588,2,0,1,6656,5,823802118
8523,71179400,49620121,120799521,0,0,0,24064,13,8359588184
8524,71191790,49325062,120516852,7,0,0,4096,15,3187925843
8525,71206581,48933285,120139866,3,0,0,21504,4,6380883640
8526,71210080,50215413,121425493,7,0,0,40960,15,8444310117
8527,71219751,49659412,120879163,3,0,0,38400,4,5612660212
8528,71222281,49137002,120359283,3,0,0,56832,4,9133985187
8529,71228131,75074004,146302135,2,0,1,5120,5,1806158196
8530,71240670,49729759,120970429,2,0,0,23552,5,5126985571
8531,71250579,75052222,146302801,1,0,1,1024,19,2488401432
8532,71259471,49598012,120857483,3,0,0,15360,4,10231717066
8533,71260120,48999856,120259976,0,0,0,1536,13,9783019146
8534,71263800,49145253,120409053,5,0,0,3584,18,2519500423
8535,71265290,75041377,146306667,5,0,1,6144,18,1313413445
8536,71266601,49005612,120272213,3,0,0,3584,4,9244131750
8537,71268270,75127540,146395810,3,0,1,206848,4,8564454312
8538,71272670,50323330,121596000,7,0,0,75264,15,6850271122
8539,71281251,49457775,120739026,3,0,0,29184,4,3687283487
8540,71292490,49305787,120598277,7,0,0,13312,15,1240084214
8541,71321370,49762441,121083811,1,0,0,198656,19,8685543102
8542,71337750,50126965,121464715,6,0,0,12288,17,492053140
8543,71346280,49934998,121281278,7,0,0,77312,15,10229885194
8544,71346710,49779267,121125977,0,0,0,46592,13,4247982060
8545,71364480,50346420,121710900,2,0,0,67584,5,3099513303
8546,71370729,75025747,146396476,1,0,1,1024,19,877134679
8547,71375950,49149191,120525141,8,0,0,14336,18,3187252871
8548,71387320,49777092,121164412,9,0,0,19968,7,2509632682
8549,71391190,49374077,120765267,8,0,0,2560,18,3633457536
8550,71391790,49755206,121146996,9,0,0,21504,7,580087118
8551,71408281,49725854,121134135,3,0,0,23040,4,4464987605
8552,71421611,50226914,121648525,3,0,0,59904,4,2824027949
8553,71425170,50334947,121760117,7,0,0,81408,15,1909567132
8554,71432340,49245594,120677934,6,0,0,5120,17,3013613622
8555,71432480,74964150,146396630,4,0,1,8704,13,870963831
8556,71434710,74962266,146396976,4,0,1,512,13,1315465527
8557,71447230,50402582,121849812,2,0,0,41984,5,8317535434
8558,71453940,49303272,120757212,6,0,0,2048,17,8599634772
8559,71458340,50114705,121573045,5,0,0,81920,18,6378619640
8560,71491690,50796999,122288689,8,0,0,24064,18,9026393364
8561,71494860,74905503,146400363,5,0,1,22528,18,5023891562
8562,71521660,50336599,121858259,6,0,0,27648,17,2675859350
8563,71528550,50450027,121978577,0,0,0,86016,13,2944991370
8564,71534750,50261018,121795768,7,0,0,11776,15,5980779021
8565,71564400,49384689,120949089,8,0,0,15872,18,4813261058
8566,71565310,49831365,121396675,0,0,0,48640,13,7700885254
8567,71566320,49574101,121140421,0,0,0,20480,13,2433258614
8568,71571990,49214225,120786215,0,0,0,36864,13,1673872811
8569,71578060,49130624,120708684,2,0,0,16896,5,5996246670
8570,71581710,50941588,122523298,4,0,0,10240,13,4308114179
8571,71588600,74829956,146418556,5,0,1,4096,18,8877465037
8572,71603140,74821548,146424688,9,0,1,9728,7,2053177140
8573,71607031,49217628,120824659,3,0,0,32256,4,4344232291
8574,71615631,51318256,122933887,3,0,0,134656,4,9497835652
8575,71615800,50074485,121690285,6,0,0,84992,17,6078666567
8576,71644820,49849079,121493899,0,0,0,12288,13,2703337356
8577,71644830,74781484,146426314,4,0,1,2560,13,9924100460
8578,71648450,50764061,122412511,4,0,0,20992,13,9198715160
8579,71666250,49960705,121626955,2,0,0,13312,5,1475663051
8580,71667589,74759289,146426878,0,0,1,10752,13,4323507647
8581,71689359,74764631,146453990,6,0,1,72192,17,1724906649
8582,71701231,49819482,121520713,3,0,0,4096,4,523561321
8583,71721960,50989834,122711794,1,0,0,161792,19,8922242307
8584,71722129,74844843,146566972,0,0,1,244224,13,8686204660
8585,71735491,50081980,121817471,3,0,0,1024,4,3913034070
8586,71743410,49591046,121334456,1,0,0,7168,19,9489622522
8587,71749390,49711504,121460894,7,0,0,45056,15,5253533593
8588,71756420,50054141,121810561,5,0,0,12288,18,9304719655
8589,71761120,74814104,146575224,4,0,1,3072,13,943536032
8590,71768420,49389854,121158274,8,0,0,36864,18,1367950088
8591,71768670,74808500,146577170,5,0,1,3072,18,1485656414
8592,71770230,49356862,121127092,7,0,0,3584,15,527873724
8593,71773500,74805936,146579436,9,0,1,3584,7,7907486562
8594,71774480,49557700,121332180,5,0,0,17920,18,4434826183
8595,71774959,74825854,146600813,0,0,1,37888,13,270889911
8596,71786130,49625544,121411674,0,0,0,49152,13,7231368701
8597,71813410,49795341,121608751,5,0,0,9216,18,10418171928
8598,71814600,49412918,121227518,4,0,0,1536,13,4949473518
8599,71818500,49916790,121735290,1,0,0,43520,19,4243447621
8600,71820850,49689468,121510318,7,0,0,2048,15,10087506959
8601,71821990,51302372,123124362,0,0,0,17920,13,3510520285
8602,71824970,50168138,121993108,8,0,0,47616,18,6211120960
8603,71826881,50125442,121952323,3,0,0,3072,4,3038936282
8604,71832550,49889457,121722007,2,0,0,36352,5,4439932548
8605,71841171,50922438,122763609,3,0,0,169984,4,9377853218
8606,71845960,49926627,121772587,4,0,0,40448,13,3083911103
8607,71852390,51417367,123269757,5,0,0,81408,18,6189336545
8608,71866790,49731619,121598409,6,0,0,7680,17,10160053901
8609,71870860,74733179,146604039,4,0,1,5120,13,1633597589
8610,71878330,49737480,121615810,2,0,0,23040,5,8047848949
8611,71882480,49913935,121796415,9,0,0,2048,7,9458876763
8612,71883010,49601721,121484731,7,0,0,25088,15,3055602465
8613,71884119,74720906,146605025,0,0,1,1536,13,9031370012
8614,71893980,49898169,121792149,5,0,0,35840,18,8840877867
8615,71909310,49871888,121781198,2,0,0,28160,5,5411956149
8616,71909580,49468033,121377613,6,0,0,13824,17,8696093528
8617,71913180,49692740,121605920,1,0,0,24576,19,331165251
8618,71923140,49941694,121864834,0,0,0,21504,13,702980642
8619,71926630,49910367,121836997,9,0,0,46080,7,4673983381
8620,71958131,74648431,146606562,2,0,1,23552,5,4878469065
8621,71973980,49648873,121622853,9,0,0,23040,7,5787720904
8622,71989021,51394687,123383708,3,0,0,77824,4,5298631374
8623,71993371,74621771,146615142,2,0,1,12800,5,9284461970
8624,72007600,50988354,122995954,0,0,0,3584,13,2637565216
8625,72008830,74707303,146716133,7,0,1,194560,15,5390003007
8626,72037070,74684933,146722003,4,0,1,5120,13,2645328179
8627,72044960,50082210,122127170,1,0,0,37376,19,8435280839
8628,72046560,49819701,121866261,5,0,0,4608,18,4497948680
8629,72047840,51071039,123118879,1,0,0,2560,19,8627860537
8630,72049330,49860908,121910238,2,0,0,53248,5,7665037885
8631,72054970,49762166,121817136,9,0,0,21504,7,417306734
8632,72055240,49956345,122011585,6,0,0,7168,17,7954337191
8633,72062220,51455294,123517514,8,0,0,107520,18,5212705442
8634,72072301,74651751,146724052,2,0,1,15872,5,10484235193
8635,72098251,49980954,122079205,3,0,0,29696,4,5148129553
8636,72100120,49851244,121951364,6,0,0,26112,17,4181999758
8637,72100880,49810161,121911041,2,0,0,2560,5,9287794052
8638,72109590,51107480,123217070,9,0,0,59904,7,3371906278
8639,72115890,49890657,122006547,6,0,0,44032,17,4084324588
8640,72121770,74603255,146725025,4,0,1,12800,13,4308114565
8641,72126450,50095873,122222323,6,0,0,14336,17,7014068779
8642,72168169,74681473,146849642,6,0,1,258048,17,7348956059
8643,72173440,50339516,122512956,1,0,0,121344,19,2237439935
8644,72173970,74676338,146850308,4,0,1,1024,13,5836265800
8645,72179350,50394848,122574198,7,0,0,30208,15,4389871197
8646,72188990,50163599,122352589,4,0,0,42496,13,489786142
8647,72192250,49985703,122177953,7,0,0,26112,15,76764698
8648,72192519,74658455,146850974,1,0,1,1024,19,7354632324
8649,72210910,49798468,122009378,8,0,0,9216,18,2940208496
8650,72218710,50346238,122564948,7,0,0,20480,15,10198192205
8651,72221840,50114193,122336033,2,0,0,7680,5,8875265970
8652,72228610,50291545,122520155,7,0,0,23552,15,9713691065
8653,72229040,50552936,122781976,5,0,0,57344,18,7560502361
8654,72229909,74622051,146851960,1,0,1,1536,19,6573195339
8655,72232730,51164514,123397244,7,0,0,16384,15,5356616457
8656,72233910,74619036,146852946,4,0,1,1536,13,103529444
8657,72240280,49907727,122148007,8,0,0,30720,18,4837157963
8658,72258490,49847184,122105674,7,0,0,1024,15,3804365044
8659,72264530,50538379,122802909,2,0,0,12288,5,6686676820
8660,72281930,50345435,122627365,8,0,0,24576,18,10092083234
8661,72293809,74564872,146858681,0,0,1,17920,13,908518846
8662,72297100,50032041,122329141,2,0,0,39424,5,3595253144
8663,72321470,74537877,146859347,5,0,1,1024,18,9024455557
8664,72330780,49939198,122269978,8,0,0,6144,18,3967123626
8665,72338851,49899645,122238496,3,0,0,6144,4,788693648
8666,72345520,50316955,122662475,6,0,0,92672,17,9950035347
8667,72346590,50452552,122799142,7,0,0,22016,15,1327327040
8668,72353320,50122641,122475961,1,0,0,16384,19,8324635384
8669,72373200,74491536,146864736,4,0,1,17408,13,9642484728
8670,72377529,74494182,146871711,1,0,1,14336,19,5539470147
8671,72384840,51242840,123627680,7,0,0,74752,15,5575205540
8672,72422690,50103907,122526597,8,0,0,10752,18,8544145608
8673,72430470,49719196,122149666,0,0,0,3072,13,679955347
8674,72448510,74426747,146875257,5,0,1,5632,18,6090234116
8675,72455481,49797754,122253235,3,0,0,8192,4,9655094996
8676,72457250,74420593,146877843,4,0,1,4096,13,7555718720
8677,72457471,50334855,122792326,3,0,0,10752,4,3980285357
8678,72462100,50475265,122937365,5,0,0,11264,18,7989372752
8679,72495170,50036910,122532080,6,0,0,17920,17,6063804724
8680,72502500,49937435,122439935,1,0,0,14848,19,5526639297
8681,72511750,50252731,122764481,5,0,0,2560,18,5018215396
8682,72518930,50270089,122789019,9,0,0,23040,7,1653500493
8683,72524290,50422302,122946592,9,0,0,30208,7,9472514372
8684,72547580,50887464,123435044,2,0,0,88576,5,2272625896
8685,72558860,74361729,146920589,8,0,1,55296,18,8800604392
8686,72568760,74384255,146953015,8,0,1,98816,18,4923681085
8687,72569050,51188764,123757814,6,0,0,107520,17,1475284174
8688,72593540,50401299,122994839,7,0,0,24576,15,9543257519
8689,72609620,50461645,123071265,1,0,0,31744,19,1415457084
8690,72621210,50012106,122633316,7,0,0,19456,15,3951797394
8691,72630160,50487916,123118076,7,0,0,92160,15,835620629
8692,72637570,49955185,122592755,9,0,0,30208,7,5389963716
8693,72642320,50602610,123244930,7,0,0,6656,15,2037092938
8694,72642340,50511381,123153721,6,0,0,96256,17,8990336434
8695,72643260,50756990,123400250,9,0,0,6656,7,7069646406
8696,72645060,51356396,124001456,2,0,0,467456,5,3881343182
8697,72669220,51443383,124112603,9,0,0,274944,7,6101994167
8698,72671920,51107133,123779053,8,0,0,69632,18,7115887314
8699,72672820,50413678,123086498,4,0,0,6656,13,8587365614
8700,72675260,50287579,122962839,5,0,0,53248,18,5318468004
8701,72681320,50345718,123027038,2,0,0,3072,5,6263532077
8702,72687650,50540207,123227857,2,0,0,35328,5,624833459
8703,72696770,50865633,123562403,4,0,0,62976,13,9637115247
8704,72701030,51540749,124241779,9,0,0,13312,7,1548445943
8705,72701820,74261943,146963763,5,0,1,5632,18,5468463235
8706,72704470,50261512,122965982,4,0,0,10240,13,1585867139
8707,72735520,51492971,124228491,6,0,0,54784,17,7617717189
8708,72735530,50500306,123235836,1,0,0,26112,19,7548674955
8709,72736070,74248677,146984747,3,0,1,53248,4,8991046852
8710,72736390,51437777,124174167,5,0,0,125952,18,7274473105
8711,72741521,51642389,124383910,3,0,0,117760,4,4117144300
8712,72741960,51393800,124135760,5,0,0,75776,18,6038009940
8713,72744551,51573899,124318450,3,0,0,61440,4,553589823
8714,72778540,50273068,123051608,2,0,0,23552,5,193822430
8715,72783020,74206579,146989599,9,0,1,7680,7,46840114
8716,72803080,50835533,123638613,4,0,0,7168,13,1762110957
8717,72805960,50354359,123160319,7,0,0,7168,15,477304517
8718,72834110,50408769,123242879,6,0,0,23040,17,3393600373
8719,72842680,50049261,122891941,6,0,0,512,17,1726109593
8720,72844020,51392294,124236314,4,0,0,25600,13,10402787636
8721,72844790,50455927,123300717,4,0,0,11264,13,4549428316
8722,72855550,51438776,124294326,6,0,0,512,17,4380783161
8723,72871720,50399495,123271215,9,0,0,4608,7,8744687719
8724,72884120,74110305,146994425,5,0,1,7680,18,3402874718
8725,72912860,50245252,123158112,1,0,0,14336,19,421551888
8726,72913169,74086082,146999251,0,0,1,7680,13,2564696506
8727,72914750,50761513,123676263,6,0,0,3584,17,6195106800
8728,72917090,50651108,123568198,9,0,0,18944,7,8179078979
8729,72928360,50647037,123575397,2,0,0,23552,5,1940033289
8730,72933290,74066307,146999597,5,0,1,512,18,5777503643
8731,72934951,74065414,147000365,2,0,1,11776,5,4204530582
8732,72945390,51319562,124264952,0,0,0,54272,13,10263566681
8733,72955670,50674997,123630667,5,0,0,9728,18,2501105854
8734,72957370,51231842,124189212,2,0,0,49152,5,8367574473
8735,72965230,50667355,123632585,6,0,0,3072,17,3592260039
8736,72973160,74029036,147002196,5,0,1,15872,18,5086842464
8737,72984540,50843970,123828510,7,0,0,23040,15,6465960480
8738,72987930,50863379,123851309,7,0,0,74752,15,2226167768
8739,72992470,74138557,147131027,3,0,1,221696,4,1506855270
8740,72993580,51453399,124446979,0,0,0,88576,13,2520220256
8741,73001640,74267460,147269100,3,0,1,324608,4,6631627063
8742,73001880,51510204,124512084,0,0,0,18944,13,3953021223
8743,73008490,51379187,124387677,6,0,0,12288,17,2117302579
8744,73013309,74437817,147451126,6,0,1,385536,17,9385100663
8745,73026191,50560929,123587120,3,0,0,38400,4,7936924031
8746,73034399,74418033,147452432,1,0,1,2048,19,6037438321
8747,73044080,51482094,124526174,2,0,0,5632,5,6797437777
8748,73055000,50637998,123692998,1,0,0,24576,19,9714913375
8749,73093680,51200467,124294147,1,0,0,95744,19,6866119714
8750,73108570,51501802,124610372,0,0,0,3584,13,5643532882
8751,73116610,50704857,123821467,6,0,0,89088,17,6336903459
8752,73123850,50531010,123654860,2,0,0,11264,5,7739157795
8753,73137600,50651772,123789372,8,0,0,33792,18,6082255504
8754,73138639,74319285,147457924,0,0,1,8704,13,9755109846
8755,73168091,50516226,123684317,3,0,0,13312,4,2015822796
8756,73182331,50273047,123455378,3,0,0,16896,4,5060190857
8757,73193460,50328524,123521984,5,0,0,5120,18,2713898757
8758,73201620,51098041,124299661,0,0,0,17408,13,5777708877
8759,73205250,51322420,124527670,6,0,0,2560,17,7131472920
8760,73233400,51219998,124453398,8,0,0,20992,18,270166271
8761,73237440,51428782,124666222,7,0,0,21504,15,8432358122
8762,73252370,74209740,147462110,8,0,1,6656,18,5387868902
8763,73255960,51509398,124765358,6,0,0,62464,17,6279795539
8764,73268920,50362706,123631626,0,0,0,3072,13,6634844594
8765,73280810,50513421,123794231,0,0,0,15872,13,5988411437
8766,73281030,50727827,124008857,8,0,0,14336,18,6220955960
8767,73288730,50735507,124024237,8,0,0,38400,18,1922350822
8768,73296650,74251641,147548291,8,0,1,192512,18,5499912638
8769,73302860,51168749,124471609,1,0,0,29184,19,281333073
8770,73304760,50903039,124207799,8,0,0,60928,18,3450724077
8771,73305890,51291292,124597182,4,0,0,32256,13,3426135053
8772,73314690,74239502,147554192,5,0,1,19968,18,101067210
8773,73316450,51462370,124778820,4,0,0,41472,13,1054138575
8774,73318480,50694034,124012514,6,0,0,11776,17,867944868
8775,73358800,74195546,147554346,5,0,1,8704,18,5447018092
8776,73362800,50495864,123858664,6,0,0,24064,17,3103143062
8777,73364560,50639906,124004466,4,0,0,9728,13,8597693390
8778,73366270,50662507,124028777,9,0,0,14336,7,2011321403
8779,73366599,74194199,147560798,6,0,1,10240,17,729501303
8780,73378000,50868022,124246022,1,0,0,13824,19,5976266442
8781,73381450,74685829,148067279,3,0,1,1207808,4,8485604933
8782,73384610,74703242,148087852,8,0,1,58880,18,621848635
8783,73387570,51199761,124587331,0,0,0,32768,13,2698313417
8784,73396250,51428033,124824283,1,0,0,6656,19,3085110967
8785,73401990,51137696,124539686,4,0,0,4608,13,6795483474
8786,73403640,51377730,124781370,2,0,0,2048,5,9358928973
8787,73416601,74672839,148089440,2,0,1,15872,5,9606633885
8788,73420470,74675449,148095919,4,0,1,5632,13,331551287
8789,73430650,51053481,124484131,7,0,0,6656,15,9854640504
8790,73443001,51019693,124462694,3,0,0,2560,4,6694631098
8791,73462310,50999581,124461891,5,0,0,27648,18,6331019923
8792,73471490,50766210,124237700,4,0,0,4096,13,10626906478
8793,73478580,51260280,124738860,1,0,0,5120,19,8687906737
8794,73492521,50830164,124322685,3,0,0,13824,4,930841423
8795,73496230,51056373,124552603,8,0,0,29696,18,5100811919
8796,73499540,51477505,124977045,5,0,0,140800,18,2817990720
8797,73505970,51121048,124627018,4,0,0,13824,13,5749154838
8798,73513430,51223847,124737277,6,0,0,65024,17,5884793817
8799,73532931,51574403,125107334,3,0,0,111616,4,5896193434
8800,73536031,74561514,148097545,2,0,1,2560,5,4855051534
8801,73536459,74572066,148108525,1,0,1,29184,19,9606066439
8802,73540809,74570942,148111751,1,0,1,5120,19,7880962253
8803,73541780,51263720,124805500,8,0,0,38912,18,9499981497
8804,73543920,51274724,124818644,4,0,0,19456,13,4900690736
8805,73575440,50815536,124390976,5,0,0,10752,18,5351161547
8806,73581840,51407263,124989103,4,0,0,16896,13,8632820004
8807,73599260,74524768,148124028,5,0,1,27648,18,3497341297
8808,73604760,50607016,124211776,5,0,0,12800,18,4976825968
8809,73626780,51153943,124780723,2,0,0,6144,5,941423503
8810,73626870,50879419,124506289,2,0,0,19968,5,2890589598
8811,73635491,74493683,148129174,2,0,1,8192,5,4878782530
8812,73659780,50817655,124477435,2,0,0,8704,5,1448288779
8813,73661700,74472646,148134346,4,0,1,8192,13,6790008591
8814,73665780,51575642,125241422,2,0,0,30208,5,3144045864
8815,73678131,74456881,148135012,2,0,1,1024,5,4135709035
8816,73707460,51640581,125348041,7,0,0,13312,15,5239127756
8817,73714679,74423239,148137918,0,0,1,4608,13,9689856561
8818,73714990,51290836,125005826,6,0,0,54784,17,839372558
8819,73720320,51298165,125018485,6,0,0,41472,17,6320349108
8820,73720450,74418275,148138725,9,0,1,10752,7,7314635529
8821,73722080,51310468,125032548,7,0,0,46080,15,7271471208
8822,73723570,51485290,125208860,4,0,0,38400,13,575603903
8823,73724330,74479970,148204300,8,0,1,95744,18,1389144812
8824,73726000,50986593,124712593,9,0,0,9216,7,3836735926
8825,73736590,50738162,124474752,1,0,0,10240,19,2205956644
8826,73738090,51837382,125575472,0,0,0,99840,13,10274379991
8827,73746620,50902604,124649224,8,0,0,50688,18,5119217989
8828,73749140,50499253,124248393,2,0,0,7680,5,841752300
8829,73749519,74469762,148219281,1,0,1,7680,19,3643619839
8830,73756560,51177539,124934099,1,0,0,72704,19,6405475567
8831,73760850,51436287,125197137,1,0,0,73216,19,4473630501
8832,73773310,51511276,125284586,2,0,0,30720,5,10338596415
8833,73775260,51399546,125174806,6,0,0,67072,17,8596341640
8834,73783490,51641848,125425338,0,0,0,20992,13,4955131414
8835,73789261,74431761,148221022,2,0,1,24576,5,10688028201
8836,73791020,51192912,124983932,5,0,0,22528,18,7296178743
8837,73792940,52078272,125871212,7,0,0,130560,15,4374904400
8838,73795130,51879557,125674687,4,0,0,43520,13,7566480308
8839,73803610,51911920,125715530,5,0,0,54272,18,3180404057
8840,73807550,74420588,148228138,9,0,1,4096,7,5824797374
8841,73819860,51589466,125409326,1,0,0,7680,19,9560084810
8842,73823850,51389447,125213297,6,0,0,12800,17,2508423882
8843,73844540,51044270,124888810,1,0,0,17920,19,3239596264
8844,73849630,51198408,125048038,7,0,0,45056,15,3619418291
8845,73850350,51955512,125805862,4,0,0,49664,13,1459991801
8846,73855890,51178397,125034287,8,0,0,5632,18,1362266384
8847,73856630,52241346,126097976,4,0,0,57856,13,611403863
8848,73858300,51370019,125228319,5,0,0,512,18,3545085152
8849,73879830,51601748,125481578,2,0,0,65024,5,5109797620
8850,73897040,52183285,126080325,4,0,0,132608,13,6683781037
8851,73905060,74371081,148276141,8,0,1,147456,18,2237081337
8852,73914820,51435933,125350753,0,0,0,2048,13,8148310460
8853,73925590,51481373,125406963,1,0,0,100864,19,10635068502
8854,73939330,74340677,148280007,4,0,1,6144,13,3530388617
8855,73958190,51951779,125909969,6,0,0,51200,17,1279610188
8856,73964540,51151709,125116249,7,0,0,29184,15,4905240930
8857,73964740,51411468,125376208,1,0,0,5120,19,9166804100
8858,73972650,52337481,126310131,9,0,0,374784,7,607806246
8859,73976420,51232931,125209351,1,0,0,1536,19,799955789
8860,73981421,51437498,125418919,3,0,0,4608,4,7407743543
8861,73981710,51982928,125964638,5,0,0,32768,18,7954500387
8862,73991190,51146789,125137979,2,0,0,58880,5,3024726763
8863,74025080,74257193,148282273,9,0,1,3584,7,6820230719
8864,74029411,51473439,125502850,3,0,0,3072,4,3559236875
8865,74029770,52009013,126038783,5,0,0,110080,18,4650707149
8866,74041060,51690318,125731378,1,0,0,14848,19,10647116006
8867,74042150,51232118,125274268,1,0,0,5120,19,2273216272
8868,74042791,52460453,126503244,3,0,0,83456,4,8280116905
8869,74047780,52393066,126440846,1,0,0,81920,19,10135227644
8870,74048850,51845496,125894346,6,0,0,75776,17,5931380632
8871,74052130,51987768,126039898,0,0,0,3584,13,1527047350
8872,74057231,50708930,124766161,3,0,0,2560,4,7156522373
8873,74068600,52030491,126099091,1,0,0,3584,19,3856122573
8874,74078580,51712127,125790707,0,0,0,89600,13,9359187605
8875,74081110,74228418,148309528,4,0,1,52736,13,9342122617
8876,74091910,51028106,125120016,9,0,0,12288,7,4357496923
8877,74099200,52088353,126187553,0,0,0,88064,13,7634218482
8878,74116370,52353116,126469486,6,0,0,32256,17,744527
8879,74122570,52030464,126153034,0,0,0,5632,13,7353347189
8880,74152570,51758998,125911568,7,0,0,5120,15,8124100432
8881,74167790,51168836,125336626,4,0,0,36352,13,282213045
8882,74171430,52140908,126312338,7,0,0,7168,15,107382993
8883,74173060,50966978,125140038,7,0,0,6656,15,9424174712
8884,74176071,74151554,148327625,2,0,1,52224,5,2785320740
8885,74194320,51033820,125228140,2,0,0,48640,5,238720654
8886,74197480,52500739,126698219,1,0,0,31232,19,256702218
8887,74200500,51092162,125292662,1,0,0,16896,19,7686481237
8888,74246630,74144778,148391408,3,0,1,144896,4,4057111072
8889,74248770,52105358,126354128,8,0,0,42496,18,2954087849
8890,74251090,51681354,125932444,0,0,0,51712,13,3883738256
8891,74258010,51159451,125417461,0,0,0,26624,13,10287970204
8892,74265050,51848104,126113154,0,0,0,46080,13,1658477541
8893,74267240,51267212,125534452,5,0,0,19968,18,4092419098
8894,74273329,74119705,148393034,0,0,1,2560,13,6355318606
8895,74275610,51214427,125490037,4,0,0,13312,13,5413700777
8896,74278871,51917045,126195916,3,0,0,5120,4,6224953254
8897,74280080,51404302,125684382,0,0,0,31744,13,9596205534
8898,74292460,52035524,126327984,8,0,0,47616,18,3371464216
8899,74295589,74098431,148394020,1,0,1,1536,19,3451310549
8900,74304840,52225328,126530168,1,0,0,6144,19,5495153477
8901,74306720,51843041,126149761,0,0,0,4096,13,8885689803
8902,74314570,52203696,126518266,6,0,0,34304,17,6037932620
8903,74319460,52037655,126357115,9,0,0,9728,7,1880276720
8904,74330150,52147643,126477793,6,0,0,27136,17,885161145
8905,74332510,52558034,126890544,4,0,0,28672,13,831625399
8906,74340450,74055516,148395966,9,0,1,3072,7,5594746627
8907,74351690,74179961,148531651,3,0,1,317952,4,10075391038
8908,74355340,51154721,125510061,9,0,0,14336,7,1730516613
8909,74359120,74178842,148537962,9,0,1,22016,7,9464241672
8910,74367950,52183340,126551290,1,0,0,2048,19,2503317515
8911,74369670,52301263,126670933,5,0,0,4608,18,693920084
8912,74372000,52262572,126634572,1,0,0,5120,19,10003161508
8913,74375450,52524321,126899771,5,0,0,30208,18,2554483756
8914,74394381,52133892,126528273,3,0,0,32768,4,5417858559
8915,74395010,51415251,125810261,7,0,0,14336,15,10441025411
8916,74395500,74149952,148545452,9,0,1,29184,7,8452547497
8917,74412280,51243899,125656179,0,0,0,49152,13,4235594845
8918,74429010,51884443,126313453,4,0,0,3584,13,6596473016
8919,74429219,74121059,148550278,1,0,1,7680,19,5893491365
8920,74440110,74137471,148577581,3,0,1,46592,4,7954951004
8921,74451510,74131272,148582782,9,0,1,6144,7,4539325702
8922,74453850,51961990,126415840,0,0,0,156672,13,7257734341
8923,74482280,74103852,148586132,9,0,1,3584,7,228864308
8924,74485320,51702435,126187755,4,0,0,512,13,8229257740
8925,74511280,51996511,126507791,9,0,0,14848,7,8300637616
8926,74517930,51610090,126128020,2,0,0,42496,5,4078070754
8927,74525820,51214802,125740622,7,0,0,512,15,3698336593
8928,74531850,52318971,126850821,6,0,0,46080,17,6478987311
8929,74536480,74066429,148602909,4,0,1,27648,13,7590704951
8930,74537320,52582267,127119587,4,0,0,2048,13,10720067138
8931,74545860,52451970,126997830,7,0,0,36864,15,588879994
8932,74546981,52253991,126800972,3,0,0,72192,4,7268573746
8933,74548760,74073661,148622421,8,0,1,53248,18,8970300037
8934,74563550,52105956,126669506,6,0,0,86016,17,6931970761
8935,74567090,74059356,148626446,3,0,1,15360,4,10462180417
8936,74591720,51776338,126368058,4,0,0,35840,13,5396390890
8937,74597820,74042304,148640124,4,0,1,32768,13,2800938844
8938,74599850,52704996,127304846,9,0,0,99840,7,10079025558
8939,74608241,52428816,127037057,3,0,0,106496,4,7973713240
8940,74611330,52857502,127468832,1,0,0,112640,19,2078248514
8941,74611600,74028678,148640278,9,0,1,8704,7,899610767
8942,74618730,51928858,126547588,5,0,0,45568,18,8063703970
8943,74622480,52302655,126925135,7,0,0,11264,15,9704752155
8944,74635070,74007487,148642557,4,0,1,512,13,7689686700
8945,74636130,51819738,126455868,1,0,0,43008,19,9734601637
8946,74654600,73989263,148643863,9,0,1,2048,7,4225204829
8947,74658870,52471373,127130243,1,0,0,23040,19,1181825839
8948,74663561,52106587,126770148,3,0,0,49152,4,6958721173
8949,74675730,51662729,126338459,2,0,0,34304,5,8294313556
8950,74679080,52173948,126853028,6,0,0,7168,17,3553981437
8951,74681439,73966636,148648075,6,0,1,6656,17,79018617
8952,74686100,74061813,148747913,8,0,1,195584,18,9818144908
8953,74688360,74066223,148754583,5,0,1,31744,18,5211983763
8954,74688440,51426609,126115049,8,0,0,6144,18,5210287565
8955,74697880,51761755,126459635,7,0,0,12288,15,673809314
8956,74703620,52075287,126778907,1,0,0,28672,19,4619589195
8957,74705220,51737521,126442741,5,0,0,6144,18,5976171708
8958,74717450,52204230,126921680,6,0,0,40448,17,9425195705
8959,74722490,51869619,126592109,8,0,0,1024,18,7437787826
8960,74725380,52079211,126804591,0,0,0,11776,13,6007978093
8961,74725381,51615776,126341157,3,0,0,8704,4,8124350865
8962,74728080,52326651,127054731,6,0,0,52736,17,5795988900
8963,74737390,52357354,127094744,1,0,0,46592,19,6118988353
8964,74737430,74019201,148756631,5,0,1,26112,18,8397816320
8965,74744980,52091778,126836758,0,0,0,105472,13,9685731805
8966,74748571,52496178,127244749,3,0,0,32768,4,4875838956
8967,74752980,52285660,127038640,1,0,0,5120,19,7269336475
8968,74755050,52580886,127335936,1,0,0,81408,19,10646601106
8969,74763550,51946058,126709608,4,0,0,11776,13,516009920
8970,74765430,51826344,126591774,1,0,0,57344,19,9414096507
8971,74767170,52875508,127642678,1,0,0,56832,19,7977371623
8972,74773230,52775792,127549022,7,0,0,41984,15,3231619127
8973,74778510,52077661,126856171,9,0,0,10240,7,1633312703
8974,74779470,52925270,127704740,7,0,0,27648,15,10613266521
8975,74786281,52332659,127118940,3,0,0,45056,4,1496747936
8976,74798560,52984156,127782716,0,0,0,16384,13,10713762352
8977,74809260,53077130,127886390,4,0,0,7680,13,3264654910
8978,74820041,53082573,127902614,3,0,0,27136,4,792819124
8979,74825320,52577773,127403093,5,0,0,7168,18,1720027838
8980,74826710,52997448,127824158,0,0,0,35328,13,1700829014
8981,74834270,52566616,127400886,7,0,0,201216,15,9290283590
8982,74839040,53205024,128044064,4,0,0,115712,13,8982276391
8983,74844120,52377021,127221141,7,0,0,59392,15,2118556278
8984,74860490,73896705,148757195,4,0,1,10752,13,4685073318
8985,74861850,73907763,148769613,8,0,1,36352,18,1139515039
8986,74869270,52187676,127056946,2,0,0,7168,5,6529248302
8987,74879700,52894413,127774113,9,0,0,1024,7,10264752402
8988,74880590,52523150,127403740,6,0,0,2048,17,5865220494
8989,74894750,52444797,127339547,5,0,0,11776,18,4915451819
8990,74895300,53283690,128178990,4,0,0,14336,13,8326337883
8991,74900671,52769852,127670523,3,0,0,60416,4,8943486939
8992,74916850,51992460,126909310,1,0,0,31232,19,4697728050
8993,74922160,52727561,127649721,8,0,0,23040,18,4658278759
8994,74937810,52486591,127424401,7,0,0,22528,15,4767209057
8995,74952660,53206597,128159257,6,0,0,23552,17,8195043150
8996,74971460,52653871,127625331,7,0,0,139264,15,5600729473
8997,74978829,73802293,148781122,6,0,1,38400,17,5633937219
8998,74991160,52426354,127417514,5,0,0,38912,18,4607089758
8999,74996381,73788918,148785299,2,0,1,512,5,4330306783
9000,75001380,53150343,128151723,2,0,0,112128,5,10475844975
9001,75005830,52925542,127931372,2,0,0,66048,5,7142078041
9002,75007920,53064272,128072192,0,0,0,53248,13,3118505650
9003,75024530,52210212,127234742,1,0,0,20992,19,5050145327
9004,75026030,52540328,127566358,0,0,0,12800,13,6783463673
9005,75034469,73763521,148797990,1,0,1,30208,19,10482389959
9006,75036130,73765567,148801697,3,0,1,17408,4,2189457472
9007,75037599,73767004,148804603,6,0,1,4608,17,5133730231
9008,75040449,73765460,148805909,0,0,1,2048,13,8633274778
9009,75042070,53132498,128174568,1,0,0,50176,19,3287955088
9010,75055961,52627923,127683884,3,0,0,1024,4,6502891212
9011,75063830,53238894,128302724,7,0,0,66560,15,2004515397
9012,75065870,52845355,127911225,0,0,0,28160,13,8108942331
9013,75067250,52135772,127203022,5,0,0,39936,18,7884016939
9014,75079931,52482504,127562435,3,0,0,32768,4,7366254583
9015,75079950,52720460,127800410,9,0,0,14336,7,1252716471
9016,75085180,52878124,127963304,9,0,0,23552,7,9315961769
9017,75093140,53273770,128366910,8,0,0,95744,18,8097095831
9018,75093380,52489496,127582876,2,0,0,17920,5,2239877731
9019,75096540,53107670,128204210,0,0,0,48128,13,10080440293
9020,75128310,52352514,127480824,8,0,0,25600,18,4351851618
9021,75152870,52158239,127311109,8,0,0,20480,18,8826926605
9022,75155190,53054659,128209849,9,0,0,18432,7,6917262464
9023,75161770,52833916,127995686,2,0,0,20480,5,7777107776
9024,75162101,53256308,128418409,3,0,0,5120,4,9599507884
9025,75169751,73639384,148809135,2,0,1,5120,5,6406817796
9026,75183920,73632436,148816356,9,0,1,20992,7,10679616452
9027,75192930,52924606,128117536,5,0,0,59904,18,6110725877
9028,75219031,52186604,127405635,3,0,0,6144,4,5335845413
9029,75245330,53681609,128926939,8,0,0,573440,18,5745306611
9030,75252620,53342766,128595386,7,0,0,41984,15,1382584142
9031,75261130,52611114,127872244,0,0,0,24064,13,4199843813
9032,75290591,52943095,128233686,3,0,0,512,4,7272453995
9033,75335470,73557411,148892881,8,0,1,154112,18,3150565634
9034,75338890,52181462,127520352,9,0,0,4096,7,9589720188
9035,75345180,52306904,127652084,9,0,0,7680,7,2340792804
9036,75348519,73546866,148895385,6,0,1,20480,17,7009089543
9037,75352120,52448781,127800901,2,0,0,1536,5,2016983332
9038,75366220,52819235,128185455,2,0,0,20992,5,6659463418
9039,75391020,53574213,128965233,7,0,0,12288,15,9892781516
9040,75397379,73519387,148916766,6,0,1,23040,17,536795116
9041,75417730,53271262,128688992,9,0,0,15360,7,3391987787
9042,75428791,73488129,148916920,2,0,1,8704,5,529083195
9043,75431580,73489206,148920786,9,0,1,18432,7,4169296790
9044,75473160,73452424,148925584,5,0,1,3072,18,5041153281
9045,75482610,53880416,129363026,1,0,0,374784,19,3256325622
9046,75511150,52862257,128373407,1,0,0,16896,19,3084061858
9047,75512170,52234090,127746260,0,0,0,4096,13,269077972
9048,75515880,53902017,129417897,4,0,0,1024,13,9054580023
9049,75520301,53728510,129248811,3,0,0,110592,4,3039689100
9050,75524650,53223841,128748491,9,0,0,36864,7,3165491454
9051,75525600,53513672,129039272,6,0,0,48640,17,1620148029
9052,75530390,54015290,129545680,6,0,0,173056,17,3257019440
9053,75531470,53886092,129417562,9,0,0,58368,7,5454228753
9054,75540660,73386870,148927530,9,0,1,3072,7,7773459902
9055,75542380,52890186,128432566,0,0,0,27648,13,606867944
9056,75549640,73382716,148932356,3,0,1,7680,4,8614979966
9057,75550550,73384397,148934947,8,0,1,22016,18,1574016390
9058,75555851,53378287,128934138,3,0,0,23552,4,6716507960
9059,75559390,52674117,128233507,2,0,0,19456,5,862455427
9060,75578040,54088397,129666437,6,0,0,234496,17,1018583892
9061,75578850,73393379,148972229,9,0,1,53248,7,9975584612
9062,75591580,52596090,128187670,6,0,0,7168,17,5295159983
9063,75625030,52421108,128046138,7,0,0,6656,15,4919441547
9064,75634650,73509179,149143829,8,0,1,369664,18,2186708053
9065,75640930,52768671,128409601,0,0,0,26624,13,6541030331
9066,75645530,53408273,129053803,9,0,0,47616,7,3474974914
9067,75647610,54167457,129815067,7,0,0,31232,15,6964947548
9068,75651170,53301023,128952193,6,0,0,47104,17,6003774113
9069,75658540,73487875,149146415,3,0,1,4096,4,2376722762
9070,75659900,54050621,129710521,7,0,0,12288,15,10668682810
9071,75664650,52673065,128337715,1,0,0,33792,19,7017516938
9072,75667540,54110330,129777870,7,0,0,43008,15,2323713059
9073,75669891,52482167,128152058,3,0,0,1024,4,4500575472
9074,75670710,52907071,128577781,9,0,0,6144,7,6862345007
9075,75694350,53860424,129554774,0,0,0,28160,13,3702352399
9076,75695911,52586392,128282303,3,0,0,30208,4,1855608898
9077,75702090,54184562,129886652,9,0,0,41984,7,7193751049
9078,75709480,53042716,128752196,1,0,0,7168,19,7702604956
9079,75719200,52911495,128630695,6,0,0,47616,17,6101309899
9080,75729649,73424555,149154204,6,0,1,9216,17,3808120366
9081,75734400,53223120,128957520,2,0,0,17408,5,3742589574
9082,75744180,53404616,129148796,4,0,0,7168,13,1876306870
9083,75753140,73408602,149161742,7,0,1,30720,15,9732101298
9084,75764551,52831170,128595721,3,0,0,1024,4,5006090856
9085,75764720,54645710,130410430,7,0,0,20480,15,3127450694
9086,75775539,73390648,149166187,6,0,1,8704,17,6316719277
9087,75783530,52705156,128488686,6,0,0,4096,17,2577082704
9088,75785540,53151475,128937015,0,0,0,9216,13,3348359108
9089,75792080,53754091,129546171,1,0,0,1536,19,6833065692
9090,75804639,73362534,149167173,1,0,1,1536,19,10672512315
9091,75804660,54248389,130053049,4,0,0,27648,13,421744435
9092,75838220,52891640,128729860,0,0,0,22016,13,7806461157
9093,75840560,53304159,129144719,4,0,0,5632,13,6770497690
9094,75848140,53298449,129146589,2,0,0,3072,5,9693845301
9095,75848880,52638535,128487415,2,0,0,38912,5,5115378853
9096,75873520,54760262,130633782,9,0,0,119808,7,3136702322
9097,75877450,54257529,130134979,4,0,0,33280,13,7314314833
9098,75879950,52752351,128632301,9,0,0,5120,7,103557765
9099,75882571,53602774,129485345,3,0,0,43520,4,2212824688
9100,75901570,53498185,129399755,6,0,0,56320,17,7865532103
9101,75903301,53776107,129679408,3,0,0,42496,4,6683203746
9102,75905420,54806582,130712002,6,0,0,83456,17,8317459210
9103,75907161,53543082,129450243,3,0,0,38400,4,8724786073
9104,75910080,53027738,128937818,4,0,0,2560,13,25782518
9105,75941490,53017145,128958635,6,0,0,3584,17,4914787730
9106,75952280,73220078,149172358,5,0,1,16384,18,8272618107
9107,75958451,53806292,129764743,3,0,0,37888,4,3627610611
9108,75972370,53777959,129750329,1,0,0,112640,19,3969460380
9109,75973521,73205386,149178907,2,0,1,2048,5,9245682990
9110,75982060,53861734,129843794,2,0,0,94208,5,2354680397
9111,75982700,73272881,149255581,8,0,1,176128,18,6369207677
9112,75983650,73274837,149258487,8,0,1,4608,18,4939943000
9113,75984541,53158439,129142980,3,0,0,23552,4,364856024
9114,75984610,53082164,129066774,1,0,0,42496,19,6244683027
9115,75992870,53376575,129369445,7,0,0,20992,15,8143233098
9116,75998570,53942334,129940904,9,0,0,82432,7,9031766380
9117,76010881,73250646,149261527,2,0,1,13312,5,3240588513
9118,76013520,54136476,130149996,7,0,0,45568,15,2484778525
9119,76023590,54233260,130256850,2,0,0,41472,5,9819789580
9120,76029670,53071525,129101195,7,0,0,6144,15,7638973151
9121,76036091,53769437,129805528,3,0,0,71680,4,1548338837
9122,76041930,52919536,128961466,6,0,0,9216,17,4218980075
9123,76047710,53796887,129844597,9,0,0,2560,7,7295354071
9124,76052600,54174954,130227554,2,0,0,14336,5,5010474957
9125,76061160,53972872,130034032,2,0,0,11776,5,3101289129
9126,76061760,54985441,131047201,5,0,0,233472,18,9833349852
9127,76062740,53319832,129382572,7,0,0,43008,15,8401699505
9128,76064001,53642753,129706754,3,0,0,63488,4,4373720249
9129,76068820,53642683,129711503,0,0,0,3072,13,5906096739
9130,76072821,53614566,129687387,3,0,0,26112,4,8719571286
9131,76096420,53358784,129455204,4,0,0,1024,13,9978473573
9132,76111820,53911616,130023436,1,0,0,12288,19,10011523274
9133,76114171,73151568,149265739,2,0,1,6656,5,6441360600
9134,76127050,55079312,131206362,5,0,0,108032,18,8006605596
9135,76129390,53586550,129715940,9,0,0,512,7,9136348602
9136,76131540,73136785,149268325,5,0,1,4096,18,2863039890
9137,76143600,53294920,129438520,4,0,0,67584,13,1673724464
9138,76148390,54011925,130160315,4,0,0,33792,13,2341126296
9139,76149440,53304102,129453542,9,0,0,10752,7,7072829159
9140,76149910,53723927,129873837,4,0,0,31232,13,4930897045
9141,76151660,54227407,130379067,4,0,0,60416,13,4442611490
9142,76157231,54526177,130683408,3,0,0,78336,4,5493220772
9143,76163610,73107301,149270911,9,0,1,4096,7,4958251990
9144,76165010,53394935,129559945,1,0,0,16896,19,1678640097
9145,76165390,54057773,130223163,0,0,0,115712,13,2406930183
9146,76167481,53585679,129753160,3,0,0,9216,4,2590490779
9147,76167730,54374885,130542615,6,0,0,36352,17,4092082644
9148,76169340,53614325,129783665,6,0,0,18944,17,4003744501
9149,76178040,53416926,129594966,0,0,0,21504,13,748980451
9150,76179410,54589426,130768836,6,0,0,49664,17,7072481934
9151,76182900,53532838,129715738,8,0,0,13824,18,2365731592
9152,76184080,73088457,149272537,8,0,1,2560,18,5368411081
9153,76197100,54091026,130288126,5,0,0,29184,18,5142463840
9154,76204010,54100095,130304105,7,0,0,27648,15,2883672715
9155,76210340,55097969,131308309,9,0,0,84992,7,1031100186
9156,76216470,53764800,129981270,0,0,0,75264,13,1412411442
9157,76228490,54093624,130322114,4,0,0,12800,13,10170401692
9158,76230649,73044180,149274829,1,0,1,3584,19,8222023096
9159,76233360,54363895,130597255,5,0,0,100864,18,6002445158
9160,76285170,53758912,130044082,4,0,0,16896,13,4329005918
9161,76287810,54450180,130737990,6,0,0,28160,17,10102527490
9162,76303450,53786114,130089564,2,0,0,36352,5,9280632917
9163,76310860,54157515,130468375,9,0,0,9728,7,5870509949
9164,76315580,53946132,130261712,1,0,0,12288,19,9874053009
9165,76326040,53942642,130268682,4,0,0,10752,13,3436546010
9166,76330610,54328907,130659517,6,0,0,72192,17,6263279628
9167,76340851,54625781,130966632,3,0,0,26112,4,6538629805
9168,76345590,54340961,130686551,2,0,0,10240,5,3765407214
9169,76365940,54018165,130384105,0,0,0,7168,13,4418534065
9170,76365981,54883166,131249147,3,0,0,33792,4,6883537852
9171,76388930,54247371,130636301,7,0,0,8192,15,9551668299
9172,76396070,54462280,130858350,2,0,0,100352,5,4253753819
9173,76397800,72880895,149278695,9,0,1,6144,7,10109655455
9174,76404991,54050005,130454996,3,0,0,74752,4,6757648762
9175,76409249,72871392,149280641,6,0,1,3072,17,7787610812
9176,76409840,55053078,131462918,2,0,0,13824,5,9995390020
9177,76414840,54097419,130512259,9,0,0,38912,7,9301480991
9178,76424790,53665905,130090695,6,0,0,3584,17,4536251038
9179,76429430,54376579,130806009,4,0,0,51712,13,5527653459
9180,76436750,54063630,130500380,5,0,0,57344,18,1737880639
9181,76440050,55082903,131522953,9,0,0,2560,7,8228513615
9182,76448100,53912536,130360636,0,0,0,54784,13,5532739093
9183,76450960,54614672,131065632,7,0,0,60416,15,2466597337
9184,76453140,54653034,131106174,4,0,0,34304,13,5718044076
9185,76454120,55311557,131765677,2,0,0,44032,5,3643593771
9186,76483440,54067201,130550641,9,0,0,21504,7,508904858
9187,76486920,55166298,131653218,2,0,0,53760,5,947377977
9188,76507460,54057090,130564550,9,0,0,9728,7,441665705
9189,76561110,54410069,130971179,4,0,0,14848,13,2536664546
9190,76562620,72721567,149284187,8,0,1,5632,18,2850752776
9191,76565079,72721694,149286773,0,0,1,4096,13,8205643328
9192,76590990,54363477,130954467,1,0,0,28672,19,3426168741
9193,76594970,72700841,149295811,3,0,1,23552,4,7683574138
9194,76597380,54132007,130729387,6,0,0,32256,17,8136992950
9195,76632190,54732463,131364653,1,0,0,81408,19,417839324
9196,76635760,53895756,130531516,0,0,0,42496,13,3298432233
9197,76664320,53851706,130516026,4,0,0,12288,13,1635707674
9198,76676730,72623907,149300637,8,0,1,7680,18,3948751828
9199,76684679,72616522,149301201,0,0,1,10752,13,7269617045
9200,76688279,72618926,149307205,1,0,1,21504,19,6662786786
9201,76704620,54462072,131166692,1,0,0,88064,19,8303258686
9202,76707710,54627789,131335499,7,0,0,53760,15,7583741564
9203,76716041,54844999,131561040,3,0,0,6144,4,10513963567
9204,76721420,53660478,130381898,0,0,0,9216,13,9319980758
9205,76740070,53778475,130518545,5,0,0,8192,18,3007131304
9206,76742280,55178605,131920885,0,0,0,22016,13,1489786657
9207,76743480,53976056,130719536,0,0,0,15872,13,3815282317
9208,76745860,55379348,132125208,6,0,0,52736,17,684942591
9209,76749690,53964987,130714677,5,0,0,8704,18,5414860490
9210,76763620,72544891,149308511,5,0,1,2048,18,8447668800
9211,76782220,54391203,131173423,1,0,0,22016,19,6253013044
9212,76791310,72519787,149311097,5,0,1,4096,18,1894589677
9213,76800651,54416388,131217039,3,0,0,9216,4,1000431387
9214,76813270,54050407,130863677,4,0,0,17408,13,7866383000
9215,76822500,54636183,131458683,4,0,0,90112,13,10014475444
9216,76823220,54257411,131080631,1,0,0,49152,19,10074817914
9217,76824850,53987422,130812272,7,0,0,20480,15,8267159663
9218,76840200,54681950,131522150,0,0,0,68608,13,8998806418
9219,76848800,53972987,130821787,7,0,0,13824,15,9570368050
9220,76855680,54358528,131214208,0,0,0,12800,13,3156189780
9221,76858499,72454224,149312723,6,0,1,2560,17,10505664738
9222,76873120,55292206,132165326,1,0,0,43520,19,7600662551
9223,76881850,54437246,131319096,5,0,0,35328,18,2665631362
9224,76901680,54573518,131475198,5,0,0,17920,18,4611253524
9225,76905521,54434305,131339826,3,0,0,12288,4,3265572785
9226,76908170,72406089,149314259,9,0,1,23552,7,5414671618
9227,76919150,54220687,131139837,6,0,0,81408,17,7017421170
9228,76921040,54478195,131399235,0,0,0,65024,13,8611068347
9229,76924710,55310949,132235659,2,0,0,27648,5,7063739355
9230,76936340,54683417,131619757,7,0,0,138240,15,6010106999
9231,76941010,55162445,132103455,7,0,0,111104,15,7391105508
9232,76952471,72362454,149314925,2,0,1,1024,5,2570684325
9233,76986670,55410106,132396776,6,0,0,78336,17,752036080
9234,76994260,72327899,149322159,5,0,1,42496,18,3733993513
9235,76998740,54749278,131748018,2,0,0,8704,5,243808025
9236,77004960,54101705,131106665,4,0,0,1536,13,3854795784
9237,77005140,54631675,131636815,7,0,0,41984,15,8117375635
9238,77013229,72314242,149327471,1,0,1,14848,19,10043402844
9239,77051430,55115323,132166753,4,0,0,4608,13,10248854589
9240,77051590,54222227,131273817,6,0,0,56832,17,1898632299
9241,77059871,54190703,131250574,3,0,0,4608,4,2158220576
9242,77064130,54367074,131431204,1,0,0,26624,19,5979095660
9243,77075730,54134555,131210285,6,0,0,12800,17,6967711855
9244,77126400,54252784,131379184,5,0,0,47616,18,1256386102
9245,77130060,72208768,149338828,8,0,1,512,18,7806663952
9246,77131630,54492362,131623992,4,0,0,13824,13,9039513992
9247,77131840,54935809,132067649,2,0,0,10240,5,3201468967
9248,77154360,55303512,132457872,2,0,0,87040,5,5374823001
9249,77174960,72169155,149344115,8,0,1,16896,18,3877756506
9250,77208050,72145432,149353482,9,0,1,16384,7,4565475992
9251,77219511,54116502,131336013,3,0,0,1536,4,416003223
9252,77222850,54275950,131498800,6,0,0,77312,17,2134948597
9253,77224050,54728620,131952670,6,0,0,18944,17,4666892403
9254,77227530,54686624,131914154,7,0,0,42496,15,2034482057
9255,77235960,55432296,132668256,2,0,0,409600,5,3245794593
9256,77236210,54295554,131531764,1,0,0,1536,19,10269347956
9257,77251520,55563583,132815103,2,0,0,238080,5,1581689782
9258,77256180,54645003,131901183,9,0,0,18944,7,1885357522
9259,77272930,54911916,132184846,0,0,0,22528,13,4129525964
9260,77276600,54559886,131836486,2,0,0,22528,5,5650255687
9261,77294819,72060289,149355108,6,0,1,2560,17,6443075701
9262,77297710,54992358,132290068,5,0,0,49152,18,3835248515
9263,77311040,72050225,149361265,8,0,1,29184,18,4200494236
9264,77313659,72048592,149362251,0,0,1,1536,13,5198712490
9265,77317060,55114261,132431321,7,0,0,60928,15,778795742
9266,77328710,54524959,131853669,0,0,0,56320,13,5829486975
9267,77339810,72024029,149363839,9,0,1,15872,7,1989161633
9268,77342180,72036327,149378507,3,0,1,4608,4,7794921806
9269,77384960,54757022,132141982,7,0,0,17408,15,4624271243
9270,77388440,71990426,149378866,8,0,1,9728,18,5990034010
9271,77389250,54812207,132201457,4,0,0,10240,13,10337968936
9272,77396530,72006362,149402892,5,0,1,17920,18,7565013381
9273,77403701,54725742,132129443,3,0,0,13824,4,5203507224
9274,77408790,55122201,132530991,6,0,0,73728,17,2351869960
9275,77413480,55120677,132534157,5,0,0,10240,18,9045888624
9276,77415801,55073579,132489380,3,0,0,94720,4,4076695536
9277,77431640,54862530,132294170,4,0,0,13312,13,7939105915
9278,77447789,71961350,149409139,1,0,1,20480,19,2220649720
9279,77454280,54819941,132274221,6,0,0,23040,17,1468051102
9280,77459120,55387398,132846518,5,0,0,4608,18,9378151195
9281,77496420,55380968,132877388,9,0,0,67072,7,2232449025
9282,77502890,55317274,132820164,9,0,0,8704,7,140518223
9283,77508470,71911346,149419816,5,0,1,25088,18,9005342640
9284,77512020,54640015,132152035,5,0,0,32768,18,8744637310
9285,77514210,54594907,132109117,4,0,0,18432,13,535359428
9286,77524071,54608359,132132430,3,0,0,9728,4,3014630724
9287,77534390,54602119,132136509,4,0,0,13312,13,7919901150
9288,77540591,55459004,132999595,3,0,0,67072,4,2138313806
9289,77542200,55200340,132742540,0,0,0,12800,13,5553090741
9290,77553819,71868903,149422722,6,0,1,4608,17,1310500968
9291,77554510,54509996,132064506,9,0,0,6144,7,7288084445
9292,77576090,54825701,132401791,7,0,0,16384,15,10079545676
9293,77582159,71847484,149429643,6,0,1,3072,17,10145327237
9294,77582530,55258006,132840536,4,0,0,43008,13,9281577679
9295,77584710,71859782,149444492,5,0,1,21504,18,9091484767
9296,77597001,54670177,132267178,3,0,0,73728,4,5145745919
9297,77602320,55215169,132817489,8,0,0,7680,18,4458336044
9298,77611170,54310679,131921849,9,0,0,512,7,5667152404
9299,77620510,55423766,133044276,4,0,0,32256,13,2241208344
9300,77622130,71825588,149447718,5,0,1,5120,18,9873959471
9301,77638410,55058261,132696671,1,0,0,93184,19,332081164
9302,77641090,54771644,132412734,4,0,0,35840,13,5070677939
9303,77641919,71808731,149450650,0,0,1,4608,13,1255685466
9304,77650450,55454013,133104463,0,0,0,82432,13,639061677
9305,77662751,54405233,132067984,3,0,0,1024,4,8225665505
9306,77662901,55182190,132845091,3,0,0,14848,4,8542085420
9307,77665760,54561452,132227212,0,0,0,9216,13,3881458353
9308,77672150,54822245,132494395,6,0,0,16384,17,2102350537
9309,77673390,71779846,149453236,9,0,1,4096,7,8258059659
9310,77678860,55327809,133006669,0,0,0,20992,13,8400363164
9311,77686749,71776267,149463016,6,0,1,25088,17,6489117433
9312,77694360,55162546,132856906,2,0,0,23040,5,3842949027
9313,77745041,54763463,132508504,3,0,0,34304,4,9993722435
9314,77756129,71710113,149466242,0,0,1,5120,13,2360104673
9315,77757441,71716213,149473654,2,0,1,11776,5,4657643093
9316,77758560,54739446,132498006,4,0,0,11776,13,4009983500
9317,77759000,54953785,132712785,1,0,0,46080,19,5723624449
9318,77760940,55387034,133147974,4,0,0,11264,13,8841190673
9319,77773550,71703970,149477520,3,0,1,6144,4,9792638199
9320,77776240,54922482,132698722,1,0,0,6656,19,3189995895
9321,77777440,55049923,132827363,2,0,0,23552,5,4770684499
9322,77781949,71697517,149479466,0,0,1,3072,13,1971702092
9323,77786570,55179526,132966096,7,0,0,127488,15,2552884726
9324,77794160,71685972,149480132,8,0,1,1024,18,920010002
9325,77803830,54934787,132738617,5,0,0,84480,18,6413163629
9326,77811330,55601886,133413216,2,0,0,16384,5,7771814409
9327,77827840,55142023,132969863,6,0,0,12288,17,8370656636
9328,77857220,55115006,132972226,4,0,0,7680,13,1778555321
9329,77858720,55533507,133392227,1,0,0,17408,19,10682695619
9330,77861380,54682053,132543433,5,0,0,23552,18,8426595533
9331,77866160,55290568,133156728,4,0,0,20992,13,2222862367
9332,77877500,55101457,132978957,6,0,0,22016,17,4192639433
9333,77888780,55123301,133012081,2,0,0,17408,5,2501220534
9334,77909910,55802530,133712440,1,0,0,19968,19,3599856603
9335,77914710,55673635,133588345,7,0,0,26112,15,3505499656
9336,77931450,54988081,132919531,9,0,0,138240,7,8241711076
9337,77937980,71542306,149480286,5,0,1,8704,18,5037928233
9338,77943190,71539682,149482872,5,0,1,4096,18,5630357998
9339,77945890,55054360,133000250,0,0,0,2048,13,3637030602
9340,77950370,55453747,133404117,6,0,0,19968,17,6190706661
9341,77952280,55356044,133308324,6,0,0,67584,17,5873611432
9342,77956291,71534604,149490895,2,0,1,13312,5,5757930134
9343,77964790,54956948,132921738,5,0,0,7168,18,9892448455
9344,77967240,55400982,133368222,9,0,0,26112,7,8385706224
9345,77975910,71520819,149496729,8,0,1,18432,18,9372412362
9346,77995490,54931731,132927221,0,0,0,17920,13,5690831432
9347,78001520,55220851,133222371,1,0,0,37376,19,2909317240
9348,78001740,54848123,132849863,4,0,0,512,13,2253023353
9349,78002990,54846694,132849684,1,0,0,10240,19,3802259287
9350,78007320,55638886,133646206,5,0,0,113664,18,5887924925
9351,78008510,55230856,133239366,4,0,0,13824,13,4776225092
9352,78010320,55132192,133142512,4,0,0,15360,13,6434043098
9353,78020730,55115496,133136226,0,0,0,28160,13,1574126644
9354,78021100,55088089,133109189,0,0,0,9216,13,2837854861
9355,78022940,55363960,133386900,1,0,0,23040,19,485347161
9356,78038660,55274078,133312738,2,0,0,14336,5,7328643252
9357,78055990,55050368,133106358,2,0,0,6144,5,58969965
9358,78061150,54917986,132979136,2,0,0,512,5,9656687819
9359,78065300,55105023,133170323,4,0,0,44544,13,9543452761
9360,78076671,55726056,133802727,3,0,0,22528,4,10261377980
9361,78077010,55060799,133137809,5,0,0,5120,18,3796551019
9362,78079690,54997558,133077248,6,0,0,25600,17,2639268727
9363,78084360,54966179,133050539,8,0,0,20480,18,2760655198
9364,78097700,55623233,133720933,4,0,0,11264,13,6737795121
9365,78099140,55373576,133472716,4,0,0,12288,13,1679084657
9366,78106800,55212380,133319180,2,0,0,17408,5,4689026517
9367,78111659,71393298,149504957,1,0,1,19968,19,6104785700
9368,78113800,55200053,133313853,9,0,0,3584,7,4968050066
9369,78118080,55677760,133795840,7,0,0,79360,15,878101636
9370,78131490,55012925,133144415,7,0,0,6144,15,2076973993
9371,78138050,54980497,133118547,0,0,0,2560,13,4875920492
9372,78140180,55203510,133343690,2,0,0,18432,5,4761057127
9373,78159890,55392350,133552240,6,0,0,33792,17,8952462151
9374,78168390,55183600,133351990,1,0,0,18432,19,9549209047
9375,78170560,55040392,133210952,6,0,0,16896,17,584792831
9376,78216920,55596438,133813358,5,0,0,34816,18,57316158
9377,78236010,55344356,133580366,6,0,0,28672,17,774567575
9378,78267300,54938481,133205781,0,0,0,25600,13,9490562630
9379,78269930,54925756,133195686,0,0,0,1536,13,99694152
9380,78295711,55062542,133358253,3,0,0,20480,4,1711321088
9381,78302990,55035061,133338051,2,0,0,40960,5,1184247975
9382,78321820,55036612,133358432,7,0,0,512,15,5668987495
9383,78341740,71164190,149505930,5,0,1,12800,18,3013410525
9384,78346220,55195701,133541921,0,0,0,68096,13,4930281437
9385,78349410,55599118,133948528,1,0,0,33792,19,7135961029
9386,78352260,71173124,149525384,3,0,1,2560,4,3465177932
9387,78373320,71152730,149526050,3,0,1,1024,4,5311361749
9388,78383480,55101115,133484595,1,0,0,38912,19,9425225025
9389,78385041,55705310,134090351,3,0,0,33280,4,6406548943
9390,78385819,71144737,149530556,6,0,1,7168,17,4782059593
9391,78388280,55459305,133847585,4,0,0,38400,13,8240453240
9392,78405020,54847054,133252074,2,0,0,5120,5,5655494215
9393,78416230,55408570,133824800,1,0,0,32768,19,2944577338
9394,78417740,55450502,133868242,5,0,0,18432,18,5101010704
9395,78428800,55163624,133592424,1,0,0,13312,19,6806109557
9396,78428900,71108877,149537777,3,0,1,4608,4,7212584584
9397,78437750,55226130,133663880,0,0,0,21504,13,3439323949
9398,78443990,54972369,133416359,5,0,0,10240,18,9938386280
9399,78445329,71097095,149542424,0,0,1,9216,13,4239186044
9400,78447640,54872031,133319671,4,0,0,1536,13,6416603073
9401,78449170,55043563,133492733,4,0,0,2048,13,5556601901
9402,78450440,71101035,149551475,5,0,1,22528,18,3092171071
9403,78453980,55644529,134098509,2,0,0,14336,5,8054667842
9404,78458420,71094681,149553101,9,0,1,2560,7,624773232
9405,78470710,71086897,149557607,3,0,1,7168,4,637574278
9406,78477340,55094267,133571607,7,0,0,63488,15,1119769586
9407,78494270,55005928,133500198,2,0,0,512,5,5572333488
9408,78498011,71071836,149569847,2,0,1,45568,5,5579613289
9409,78502350,55203983,133706333,0,0,0,66048,13,5484392266
9410,78517860,55526816,134044676,4,0,0,150528,13,6857686191
9411,78526810,55130495,133657305,7,0,0,36352,15,5696762299
9412,78531329,71042269,149573598,1,0,1,18944,19,6094590207
9413,78537341,55201194,133738535,3,0,0,14336,4,4161467345
9414,78544299,71034398,149578697,0,0,1,19968,13,5484385087
9415,78575690,55280966,133856656,7,0,0,29696,15,1165612908
9416,78585279,70995684,149580963,1,0,1,3584,19,3602688525
9417,78587330,55166690,133754020,0,0,0,10752,13,9872198775
9418,78590671,55083840,133674511,3,0,0,34816,4,627056777
9419,78606250,55448433,134054683,0,0,0,32768,13,6271751765
9420,78622720,55234739,133857459,0,0,0,2560,13,3285798638
9421,78627370,55595079,134222449,9,0,0,43008,7,5087515815
9422,78663760,55151025,133814785,6,0,0,4608,17,8074989974
9423,78665590,55243998,133909588,4,0,0,19456,13,3351150752
9424,78666870,55331919,133998789,7,0,0,44032,15,6179364547
9425,78667180,55484168,134151348,0,0,0,39936,13,9358091027
9426,78678830,55054202,133733032,2,0,0,22528,5,10045148295
9427,78682580,55622284,134304864,6,0,0,7168,17,3835174717
9428,78684800,55395388,134080188,0,0,0,43520,13,2461879826
9429,78685930,55030745,133716675,1,0,0,13824,19,9783244888
9430,78688960,55371362,134060322,8,0,0,18432,18,1373069374
9431,78693631,55593297,134286928,3,0,0,27648,4,8717916777
9432,78707580,70875009,149582589,9,0,1,2560,7,5321042431
9433,78707790,55818267,134526057,0,0,0,59392,13,900508157
9434,78711780,55005698,133717478,5,0,0,2560,18,9325980901
9435,78721430,55110506,133831936,7,0,0,1536,15,5258617773
9436,78723240,55759231,134482471,0,0,0,26624,13,405796126
9437,78736240,55875984,134612224,0,0,0,7168,13,6305438035
9438,78741040,55693027,134434067,5,0,0,54272,18,6568704975
9439,78748600,55508474,134257074,0,0,0,43008,13,1132985088
9440,78749980,70844517,149594497,3,0,1,28672,4,3373931523
9441,78751180,55576347,134327527,0,0,0,38912,13,1531610800
9442,78751910,55179074,133930984,2,0,0,26624,5,10669101057
9443,78766700,55429235,134195935,9,0,0,31232,7,4206539301
9444,78777420,70845219,149622639,3,0,1,25600,4,10196905406
9445,78793830,70849159,149642989,8,0,1,10752,18,5528007902
9446,78797690,55945316,134743006,1,0,0,47104,19,10676447015
9447,78813370,70832975,149646345,3,0,1,9728,4,1249035295
9448,78818349,70828355,149646704,1,0,1,9728,19,1098129707
9449,78818450,55707942,134526392,0,0,0,1024,13,5782249277
9450,78820200,55273918,134094118,0,0,0,12288,13,7039378124
9451,78839980,55328597,134168577,2,0,0,8192,5,34007132
9452,78880100,55377933,134258033,4,0,0,3072,13,10589857574
9453,78888370,55739188,134627558,7,0,0,38400,15,1598113000
9454,78910680,55156217,134066897,0,0,0,21504,13,4164443072
9455,78932210,54979561,133911771,5,0,0,1536,18,2549515767
9456,78942590,55223468,134166058,4,0,0,37376,13,1838055882
9457,78950230,55501605,134451835,4,0,0,16896,13,7062872333
9458,78953890,55000536,133954426,4,0,0,9216,13,6353519521
9459,78954240,55227322,134181562,9,0,0,5632,7,8897558166
9460,78955310,55315771,134271081,8,0,0,10752,18,580030803
9461,78957420,70692775,149650195,5,0,1,2560,18,7836089926
9462,78959760,54989727,133949487,7,0,0,3072,15,5539909142
9463,78985620,55424845,134410465,8,0,0,144384,18,9068867447
9464,78987449,70666612,149654061,0,0,1,6144,13,8976988192
9465,78990310,55374626,134364936,5,0,0,43008,18,8573850390
9466,78995480,55159167,134154647,4,0,0,10752,13,9128279461
9467,79006570,70649437,149656007,5,0,1,3072,18,9842275932
9468,79027490,55782482,134809972,6,0,0,38912,17,4182835248
9469,79033051,70627142,149660193,2,0,1,6656,5,5382394445
9470,79033389,70630670,149664059,0,0,1,6144,13,301792782
9471,79054680,55549413,134604093,6,0,0,30208,17,6244467503
9472,79084780,55015468,134100248,4,0,0,5632,13,3523846623
9473,79084920,55182808,134267728,0,0,0,31744,13,8038588
9474,79094951,70572974,149667925,2,0,1,6144,5,5879522312
9475,79114110,56106059,135220169,7,0,0,10752,15,3760906043
9476,79114571,70555236,149669807,2,0,1,11776,5,1603360475
9477,79117350,55477516,134594866,4,0,0,44544,13,3369565362
9478,79125170,55364656,134489826,9,0,0,24064,7,3159364541
9479,79129380,55996509,135125889,7,0,0,28160,15,511383114
9480,79150030,55596275,134746305,7,0,0,10752,15,8337346255
9481,79154909,70539743,149694652,6,0,1,33280,17,9679536118
9482,79191320,56164235,135355555,6,0,0,98816,17,2245163819
9483,79205500,55508411,134713911,2,0,0,44544,5,10654088475
9484,79215090,55202418,134417508,0,0,0,23040,13,5117358791
9485,79228960,55304487,134533447,8,0,0,11776,18,1624298939
9486,79239051,70458761,149697812,2,0,1,3584,5,1298127389
9487,79257700,55656972,134914672,9,0,0,84992,7,7871288114
9488,79265200,55375797,134640997,7,0,0,10752,15,3756823759
9489,79266890,56140715,135407605,4,0,0,21504,13,6842668375
9490,79269490,70431548,149701038,5,0,1,5120,18,7771730426
9491,79272730,55283513,134556243,7,0,0,36352,15,1362258005
9492,79309620,55764925,135074545,6,0,0,47616,17,3380298710
9493,79317820,55397674,134715494,9,0,0,5120,7,6214659254
9494,79326840,70374966,149701806,8,0,1,11776,18,4075824797
9495,79331450,55591513,134922963,6,0,0,27136,17,1831455154
9496,79339760,55596977,134936737,0,0,0,19968,13,3876422626
9497,79343529,70358841,149702370,0,0,1,10752,13,6259361548
9498,79350310,55431921,134782231,6,0,0,19456,17,8601535423
9499,79356940,70346301,149703241,9,0,1,12288,7,3488999257
9500,79360890,55756396,135117286,9,0,0,48128,7,356364256
9501,79370480,55655988,135026468,0,0,0,10240,13,3940562918
9502,79377520,55238315,134615835,9,0,0,11776,7,7366044630
9503,79377980,55203291,134581271,9,0,0,36352,7,10568003161
9504,79386290,56105753,135492043,0,0,0,5120,13,5814427732
9505,79411260,55857476,135268736,2,0,0,14848,5,9943783140
9506,79413790,55280659,134694449,7,0,0,23552,15,1487047545
9507,79468530,56308255,135776785,9,0,0,83456,7,7358512325
9508,79473620,55743242,135216862,6,0,0,45568,17,6443849085
9509,79508460,55120221,134628681,7,0,0,3584,15,5141552657
9510,79522969,70199794,149722763,6,0,1,39424,17,907856783
9511,79539330,55308731,134848061,7,0,0,11264,15,10102194580
9512,79576460,55170588,134747048,5,0,0,2048,18,10607951636
9513,79578370,55352260,134930630,6,0,0,25088,17,4290417520
9514,79604210,70122182,149726392,2,0,1,11776,5,8800613759
9515,79615460,55406282,135021742,5,0,0,87552,18,4719106628
9516,79624200,55427055,135051255,0,0,0,66560,13,2727946602
9517,79625219,70125626,149750845,0,0,1,7680,13,8492998025
9518,79632990,55851629,135484619,4,0,0,40960,13,4151390461
9519,79635080,55334857,134969937,6,0,0,27648,17,6778728064
9520,79637690,55347102,134984792,0,0,0,43008,13,5133717223
9521,79645230,55343893,134989123,5,0,0,7168,18,7680674764
9522,79661290,55702366,135363656,7,0,0,21504,15,2699124639
9523,79678000,55521321,135199321,6,0,0,175104,17,2203009477
9524,79680190,55395002,135075192,2,0,0,2048,5,2588047699
9525,79699690,55579150,135278840,0,0,0,3072,13,2214057770
9526,79704020,70048451,149752471,8,0,1,2560,18,2009168097
9527,79705830,55354184,135060014,5,0,0,28672,18,1026246023
9528,79706530,55250004,134956534,7,0,0,4608,15,8812280651
9529,79739420,55882401,135621821,9,0,0,16384,7,2141392817
9530,79755280,55268045,135023325,5,0,0,5120,18,1922565457
9531,79768749,69987588,149756337,0,0,1,6144,13,3186641580
9532,79778020,55468676,135246696,9,0,0,11264,7,9635014760
9533,79779950,55423005,135202955,6,0,0,5120,17,10582516218
9534,79785950,55824273,135610223,5,0,0,95744,18,3653401061
9535,79792380,55194536,134986916,5,0,0,4608,18,3332834037
9536,79809139,69950744,149759883,6,0,1,5632,17,4777349744
9537,79815340,56040021,135855361,2,0,0,70144,5,7923281331
9538,79826100,56072153,135898253,4,0,0,68096,13,8537175561
9539,79838160,56330060,136168220,4,0,0,84480,13,6967853227
9540,79840090,56234328,136074418,6,0,0,179712,17,8493575481
9541,79854330,69906731,149761061,9,0,1,13824,7,10670277786
9542,79860460,55268193,135128653,7,0,0,512,15,8306836554
9543,79874590,55658313,135532903,9,0,0,16896,7,3929351630
9544,79883070,55771453,135654523,2,0,0,74752,5,5574343363
9545,79884630,55439013,135323643,0,0,0,30720,13,2578915456
9546,79961740,56305602,136267342,9,0,0,10240,7,6162072913
9547,79966000,55506116,135472116,2,0,0,72704,5,103878812
9548,79967190,55234182,135201372,9,0,0,6656,7,7104905965
9549,79998059,69768148,149766207,6,0,1,8192,17,3692681695
9550,79999291,69767582,149766873,2,0,1,1024,5,1126104286
9551,80016890,55944459,135961349,9,0,0,41472,7,8473296330
9552,80023290,55854192,135877482,2,0,0,12288,5,3843424109
9553,80044150,55536870,135581020,0,0,0,43008,13,2869198976
9554,80070940,55918210,135989150,0,0,0,11776,13,10358379509
9555,80083820,55403006,135486826,5,0,0,7168,18,2847375225
9556,80091140,55410509,135501649,5,0,0,7680,18,3502396662
9557,80093370,55523436,135616806,5,0,0,21504,18,5902728678
9558,80098120,55351821,135449941,9,0,0,24576,7,8756353110
9559,80101330,55457568,135558898,7,0,0,5632,15,7339696709
9560,80114640,55311643,135426283,7,0,0,1024,15,6739636059
9561,80118560,69649286,149767846,5,0,1,12800,18,1504927036
9562,80126190,55401542,135527732,4,0,0,13312,13,9823284141
9563,80162390,55764043,135926433,5,0,0,26112,18,9982519108
9564,80164860,55735288,135900148,0,0,0,6144,13,3572929327
9565,80183040,56138832,136321872,7,0,0,61952,15,3563298333
9566,80186250,55833389,136019639,4,0,0,50176,13,1543716211
9567,80217780,55533554,135751334,5,0,0,43008,18,6442150514
9568,80239490,55559722,135799212,2,0,0,18432,5,8302609206
9569,80257630,55405375,135663005,2,0,0,12288,5,5529391434
9570,80300820,55324300,135625120,4,0,0,10752,13,9269665681
9571,80352170,55876471,136228641,5,0,0,104960,18,1573837506
9572,80360830,55557624,135918454,2,0,0,28672,5,6168840850
9573,80362530,55721762,136084292,4,0,0,17920,13,4649420102
9574,80377160,69567111,149944271,7,0,1,297472,15,3556576223
9575,80394630,55567054,135961684,4,0,0,1024,13,1171732188
9576,80400910,55508777,135909687,9,0,0,31232,7,569249249
9577,80440260,55662486,136102746,7,0,0,4608,15,3382211689
9578,80454340,55646979,136101319,4,0,0,55808,13,1488190305
9579,80462320,55501571,135963891,4,0,0,7168,13,4058803017
9580,80466109,69489243,149955352,6,0,1,3072,17,6912070808
9581,80501020,55844976,136345996,6,0,0,57856,17,4802223077
9582,80505019,69455518,149960537,0,0,1,16384,13,6107442355
9583,80506690,55572119,136078809,5,0,0,14336,18,2756348414
9584,80537070,55986827,136523897,4,0,0,80384,13,6741415107
9585,80559030,55934245,136493275,5,0,0,72704,18,3770786323
9586,80559549,69403749,149963298,0,0,1,4096,13,5905960445
9587,80570360,55671431,136241791,7,0,0,43008,15,826795684
9588,80570880,69396604,149967484,9,0,1,6656,7,6968992650
9589,80575880,55701937,136277817,5,0,0,34304,18,1522006784
9590,80576780,55528805,136105585,0,0,0,9216,13,3759285437
9591,80579750,55684449,136264199,7,0,0,7168,15,3774115389
9592,80584240,55612398,136196638,4,0,0,16896,13,1287513035
9593,80594329,69374128,149968457,0,0,1,12800,13,2859505876
9594,80596970,55656388,136253358,5,0,0,37888,18,377624011
9595,80597150,55758252,136355402,4,0,0,24064,13,6705127093
9596,80626060,55721987,136348047,5,0,0,6656,18,3223705691
9597,80662110,55665736,136327846,2,0,0,19456,5,5735839920
9598,80672030,69296773,149968803,9,0,1,512,7,4849619531
9599,80675160,55586832,136261992,7,0,0,10752,15,7630791826
9600,80680410,69294973,149975383,2,0,1,28160,5,5123467562
9601,80707470,55982897,136690367,5,0,0,66048,18,5851037746
9602,80712050,56143367,136855417,9,0,0,17920,7,5051669357
9603,80719970,55538723,136258693,0,0,0,17408,13,10734848513
9604,80721410,55841499,136562909,0,0,0,47104,13,8353867553
9605,80724740,56412680,137137420,2,0,0,53760,5,111163265
9606,80745559,69232730,149978289,0,0,1,4608,13,9017651459
9607,80750750,56125262,136876012,0,0,0,32768,13,9687425224
9608,80753850,56078039,136831889,0,0,0,136192,13,1796952561
9609,80762280,56540227,137302507,9,0,0,39424,7,2726280367
9610,80773140,56691634,137464774,2,0,0,92672,5,7765705777
9611,80779290,55549055,136328345,0,0,0,1536,13,2400155035
9612,80780290,56996143,137776433,0,0,0,27136,13,5837486958
9613,80805360,69178626,149983986,8,0,1,18944,18,6631438695
9614,80814360,57522452,138336812,0,0,0,25088,13,4688938837
9615,80830250,56741162,137571412,2,0,0,49152,5,7932175341
9616,80841650,55935245,136776895,4,0,0,2048,13,9138699997
9617,80864090,56178987,137043077,0,0,0,35840,13,9596945462
9618,80864550,55889009,136753559,2,0,0,62464,5,4027138783
9619,80871200,56249817,137121017,7,0,0,99840,15,1272851101
9620,80872720,55694268,136566988,4,0,0,13312,13,9716194301
9621,80875410,57398973,138274383,0,0,0,49152,13,1611550019
9622,80885250,69102602,149987852,9,0,1,6144,7,9125029849
9623,80888410,57114565,138002975,9,0,0,376320,7,3647969185
9624,80896050,55877523,136773573,5,0,0,58368,18,5052426840
9625,80896430,69094354,149990784,8,0,1,4608,18,3479354519
9626,80899000,56069479,136968479,9,0,0,38912,7,7698460964
9627,80901740,56436188,137337928,5,0,0,40448,18,2371338593
9628,80910100,55666068,136576168,2,0,0,15360,5,6052374790
9629,80915400,69077970,149993370,9,0,1,4096,7,2709041260
9630,80931950,55960874,136892824,9,0,0,18944,7,4155679761
9631,80937700,55843182,136780882,5,0,0,512,18,528237349
9632,80958940,56188487,137147427,5,0,0,32768,18,4065128958
9633,80974010,69030024,150004034,2,0,1,36352,5,5488642800
9634,80984350,56401948,137386298,2,0,0,14848,5,8667906307
9635,81012280,55865159,136877439,0,0,0,4608,13,2245092804
9636,81028430,56514251,137542681,2,0,0,39424,5,2387965374
9637,81050870,55981264,137032134,9,0,0,39424,7,7120600230
9638,81055150,55700616,136755766,9,0,0,7168,7,6049861060
9639,81066540,56137199,137203739,4,0,0,12288,13,10718070851
9640,81069609,68939917,150009526,0,0,1,8704,13,6141627056
9641,81071891,68939261,150011152,2,0,1,2560,5,461916082
9642,81082600,55693648,136776248,4,0,0,8704,13,10561432297
9643,81104079,68912219,150016298,0,0,1,8192,13,3766212310
9644,81111800,56244004,137355804,2,0,0,20992,5,1323704339
9645,81114440,56734550,137848990,2,0,0,3072,5,8860785986
9646,81115980,57031518,138147498,2,0,0,126976,5,2100050390
9647,81119119,68899445,150018564,0,0,1,3584,13,10168213125
9648,81127180,57328267,138455447,7,0,0,37888,15,6055355474
9649,81141280,55906274,137047554,4,0,0,5632,13,3691987868
9650,81185500,56465208,137650708,5,0,0,512,18,1757036824
9651,81203940,56316185,137520125,0,0,0,117248,13,8525413040
9652,81217060,55795951,137013011,4,0,0,5120,13,7700373541
9653,81237200,56374528,137611728,7,0,0,25600,15,7409879752
9654,81243400,55999971,137243371,2,0,0,6656,5,2957244352
9655,81256610,55922962,137179572,9,0,0,28160,7,62699972
9656,81257850,56269162,137527012,9,0,0,22528,7,1539322666
9657,81259560,56144077,137403637,9,0,0,56832,7,10334902625
9658,81284271,68736982,150021253,2,0,1,16896,5,10235083038
9659,81285950,68740129,150026079,8,0,1,7680,18,7103984220
9660,81291620,55938081,137229701,5,0,0,54784,18,7103462672
9661,81302360,55909057,137211417,2,0,0,9728,5,10327710619
9662,81304060,57223573,138527633,5,0,0,40960,18,3711293975
9663,81309090,56175288,137484378,2,0,0,48640,5,7069996772
9664,81332040,68696395,150028435,2,0,1,27648,5,6845162210
9665,81332990,56249290,137582280,9,0,0,34816,7,8356833992
9666,81334310,55983790,137318100,2,0,0,38400,5,6582766061
9667,81342770,56453388,137796158,5,0,0,46592,18,3204333579
9668,81346540,68690943,150037483,5,0,1,10752,18,1066820910
9669,81360650,68678459,150039109,5,0,1,2560,18,5903283933
9670,81369740,56503954,137873694,9,0,0,19968,7,5641434534
9671,81392060,56300194,137692254,7,0,0,12800,15,4823459616
9672,81396390,56451641,137848031,0,0,0,20480,13,7102830119
9673,81403380,56640871,138044251,5,0,0,93184,18,10568154318
9674,81404590,55916653,137321243,7,0,0,10240,15,5171032703
9675,81410490,56770507,138180997,2,0,0,1024,5,9681639359
9676,81412620,56321730,137734350,9,0,0,28672,7,1126312631
9677,81417280,56808776,138226056,0,0,0,56832,13,6187158415
9678,81434400,57238952,138673352,9,0,0,27648,7,7976103999
9679,81442100,57368322,138810422,7,0,0,32768,15,46878070
9680,81487640,56042983,137530623,0,0,0,11776,13,9304115325
9681,81509699,68534556,150044255,0,0,1,8192,13,4378857530
9682,81516070,56847667,138363737,7,0,0,55808,15,7367715808
9683,81523310,56318458,137841768,7,0,0,97792,15,7872674073
9684,81538640,56469974,138008614,9,0,0,18432,7,10169168126
9685,81544410,56664307,138208717,4,0,0,58880,13,6254604167
9686,81570850,56444986,138015836,0,0,0,8704,13,3051221976
9687,81583140,56040455,137623595,2,0,0,21504,5,6850703185
9688,81588890,56191310,137780200,2,0,0,12288,5,1191052754
9689,81592880,56666504,138259384,7,0,0,55296,15,1214766014
9690,81613150,56038267,137651417,4,0,0,1536,13,9650740957
9691,81648799,68418056,150066855,0,0,1,35328,13,5990507996
9692,81664320,56095811,137760131,9,0,0,19456,7,7529347300
9693,81684310,56388067,138072377,7,0,0,76800,15,10480014693
9694,81687990,56700787,138388777,4,0,0,24064,13,10193244598
9695,81698280,56396740,138095020,5,0,0,74240,18,4399824137
9696,81699960,56627594,138327554,9,0,0,54784,7,2795804078
9697,81707090,56455586,138162676,9,0,0,46592,7,8817714261
9698,81735820,56114137,137849957,2,0,0,3072,5,9121168850
9699,81738380,56370399,138108779,4,0,0,45056,13,7796724450
9700,81740200,56428739,138168939,4,0,0,20480,13,7958621655
9701,81747280,56527906,138275186,7,0,0,2560,15,433170639
9702,81755410,56026529,137781939,2,0,0,5632,5,8519303914
9703,81781270,56587950,138369220,7,0,0,17920,15,3536076861
9704,81795500,56543207,138338707,7,0,0,6144,15,4849004225
9705,81803860,56209301,138013161,2,0,0,14848,5,1642415524
9706,81825920,56572725,138398645,2,0,0,22528,5,7433212932
9707,81871020,56439819,138310839,0,0,0,68608,13,9276250971
9708,81878560,68192161,150070721,8,0,1,6144,18,1718626320
9709,81894160,56254297,138148457,2,0,0,3072,5,5338507042
9710,81904090,56277866,138181956,4,0,0,3072,13,6954465767
9711,81923570,56311588,138235158,4,0,0,14848,13,8328077416
9712,81973950,56216796,138190746,7,0,0,27648,15,1561417810
9713,81976770,56265743,138242513,0,0,0,24064,13,2147382245
9714,81991640,56452240,138443880,0,0,0,86016,13,4164384128
9715,82003330,56549336,138552666,9,0,0,53760,7,5595937216
9716,82004230,56044724,138048954,5,0,0,15360,18,6287534444
9717,82043000,56137662,138180662,4,0,0,38400,13,9943592401
9718,82075070,56209343,138284413,2,0,0,30208,5,8239989131
9719,82078970,56780916,138859886,0,0,0,33792,13,5492453188
9720,82081170,67990857,150072027,2,0,1,2048,5,6540037016
9721,82089520,67983890,150073410,5,0,1,14848,18,6561272707
9722,82123150,56107453,138230603,9,0,0,14848,7,6515449668
9723,82140550,67940941,150081491,5,0,1,3072,18,3980772097
9724,82147300,56034991,138182291,2,0,0,1024,5,9240598167
9725,82148990,56615328,138764318,0,0,0,93184,13,6183056935
9726,82159610,56490635,138650245,7,0,0,75264,15,2034019551
9727,82163479,67918371,150081850,0,0,1,9728,13,9608923139
9728,82165130,56181556,138346686,0,0,0,26112,13,3664687128
9729,82174780,56203979,138378759,5,0,0,31232,18,3958929066
9730,82179219,67902977,150082196,0,0,1,512,13,161080484
9731,82190900,56308558,138499458,4,0,0,40448,13,329566371
9732,82203620,56086284,138289904,4,0,0,17920,13,10084429060
9733,82217660,67866802,150084462,2,0,1,3584,5,3569710512
9734,82267870,67826481,150094351,9,0,1,23040,7,8999149468
9735,82269470,56327470,138596940,8,0,0,21504,18,4077841066
9736,82270430,57070018,139340448,2,0,0,52224,5,10467035705
9737,82272150,56056995,138329145,7,0,0,5120,15,5041910164
9738,82274270,67821566,150095836,9,0,1,15360,7,2726647454
9739,82274610,56900945,139175555,4,0,0,26624,13,8848323949
9740,82291840,56751299,139043139,5,0,0,107520,18,2430350753
9741,82299330,56215800,138515130,9,0,0,29696,7,4748255354
9742,82306970,56653523,138960493,7,0,0,75264,15,8848214209
9743,82314900,56418393,138733293,5,0,0,60928,18,2188816654
9744,82322070,56845350,139167420,2,0,0,39936,5,7098477085
9745,82353730,56268847,138622577,4,0,0,4096,13,492589588
9746,82355320,56424319,138779639,2,0,0,14336,5,6905809158
9747,82367160,67743424,150110584,9,0,1,34816,7,2678592494
9748,82389250,56322980,138712230,7,0,0,512,15,2418899674
9749,82396760,56912623,139309383,2,0,0,16384,5,8336149444
9750,82403580,67707670,150111250,2,0,1,1024,5,7555682480
9751,82440430,56088162,138528592,5,0,0,3072,18,8453716553
9752,82453500,56810584,139264084,4,0,0,210432,13,3361925288
9753,82494240,67636124,150130364,8,0,1,14848,18,8809282563
9754,82503070,56800762,139303832,7,0,0,9728,15,7631643612
9755,82507550,67624440,150131990,5,0,1,2560,18,4823176711
9756,82519930,56564308,139084238,9,0,0,16896,7,2334475473
9757,82545260,67586986,150132246,9,0,1,9216,7,4751758423
9758,82553240,67602482,150155722,2,0,1,17408,5,1137623823
9759,82588220,56611725,139199945,0,0,0,30720,13,2661716146
9760,82595670,56199372,138795042,7,0,0,2560,15,6330503197
9761,82624550,56282413,138906963,9,0,0,75264,7,5719230919
9762,82634850,56476669,139111519,7,0,0,18432,15,9866532675
9763,82648030,67510010,150158040,2,0,1,21504,5,6787579532
9764,82658090,56341872,138999962,0,0,0,31232,13,3713008288
9765,82660670,56912489,139573159,2,0,0,44032,5,4100557084
9766,82661290,67504224,150165514,9,0,1,24064,7,7750479714
9767,82682580,56996160,139678740,0,0,0,172544,13,2275156912
9768,82692700,56497854,139190554,0,0,0,49152,13,5711607372
9769,82694460,56735462,139429922,5,0,0,64512,18,3527238100
9770,82712700,55938192,138650892,0,0,0,2048,13,2967000210
9771,82734060,56077009,138811069,9,0,0,2048,7,4776645375
9772,82755160,56128612,138883772,0,0,0,10240,13,2786001746
9773,82757341,67409799,150167140,2,0,1,2560,5,5177427473
9774,82759811,67411195,150171006,2,0,1,6144,5,2840243373
9775,82761210,67410360,150171570,8,0,1,10752,18,9182164228
9776,82761810,56635152,139396962,9,0,0,9728,7,5522108789
9777,82764060,56795660,139559720,8,0,0,91136,18,4291847829
9778,82769530,67418735,150188265,8,0,1,19456,18,6608805036
9779,82780650,67411965,150192615,9,0,1,11776,7,3887309764
9780,82782540,56914833,139697373,5,0,0,46080,18,919697617
9781,82785500,56574982,139360482,5,0,0,26112,18,10644526710
9782,82788080,56202343,138990423,9,0,0,35328,7,3882278243
9783,82796180,56887130,139683310,2,0,0,3072,5,6413774553
9784,82807940,67404866,150212806,4,0,1,25088,13,2404882591
9785,82808880,56253563,139062443,7,0,0,8192,15,184508549
9786,82859510,56410704,139270214,7,0,0,9216,15,5697640780
9787,82860030,56893288,139753318,4,0,0,1024,13,6355741641
9788,82860840,56523858,139384698,4,0,0,14848,13,2909055853
9789,82876740,56951034,139827774,4,0,0,10240,13,6835849767
9790,82879220,57121479,140000699,2,0,0,73216,5,4861037267
9791,82880480,57125014,140005494,0,0,0,15360,13,5459670748
9792,82888149,67328107,150216256,0,0,1,8704,13,328492290
9793,82898940,56368443,139267383,2,0,0,10752,5,7371742358
9794,82951810,67264600,150216410,5,0,1,8704,18,8564837829
9795,82955380,56843442,139798822,5,0,0,48128,18,4492234484
9796,82988210,56464222,139452432,9,0,0,39424,7,8555388527
9797,82997350,56350300,139347650,5,0,0,11264,18,3540976312
9798,83026979,67214005,150240984,0,0,1,2048,13,1856924488
9799,83034990,56401317,139436307,5,0,0,12288,18,9159560317
9800,83038200,56665920,139704120,5,0,0,22016,18,9331842029
9801,83043079,67198891,150241970,0,0,1,1536,13,2024696867
9802,83046760,56984615,140031375,9,0,0,16896,7,5493278253
9803,83059430,57091623,140151053,0,0,0,223744,13,10378552316
9804,83078339,67165897,150244236,0,0,1,3584,13,2317941957
9805,83078400,67169702,150248102,5,0,1,6144,18,1788913578
9806,83079920,56730937,139810857,7,0,0,39424,15,5888658444
9807,83112790,56806870,139919660,2,0,0,7680,5,446617685
9808,83124470,56557881,139682351,8,0,0,11776,18,8503012215
9809,83127150,56701731,139828881,4,0,0,2560,13,4616821017
9810,83149100,67104174,150253274,8,0,1,8192,18,6402919675
9811,83161760,56816608,139978368,0,0,0,180736,13,5447192466
9812,83161900,56600987,139762887,7,0,0,3072,15,1937294220
9813,83217430,57165562,140382992,7,0,0,40960,15,5392196222
9814,83230200,56542334,139772534,7,0,0,19968,15,3916065647
9815,83235660,56951841,140187501,7,0,0,28160,15,9266866976
9816,83247340,57009806,140257146,7,0,0,165888,15,4381023823
9817,83257630,56493845,139751475,2,0,0,11776,5,10702489341
9818,83268580,56586437,139855017,2,0,0,7680,5,866292742
9819,83275060,56599128,139874188,7,0,0,15360,15,6970341559
9820,83279060,66975226,150254286,5,0,1,11776,18,2373102409
9821,83295251,66961621,150256872,2,0,1,4096,5,10604850350
9822,83296430,56728117,140024547,2,0,0,37888,5,4373079157
9823,83311300,56600668,139911968,5,0,0,37888,18,6478927429
9824,83316450,56848978,140165428,5,0,0,47104,18,5966279573
9825,83324530,56749232,140073762,5,0,0,10752,18,6614573960
9826,83328530,57304151,140632681,4,0,0,47104,13,2316351906
9827,83333640,57164766,140498406,9,0,0,35328,7,7400220549
9828,83338070,56836585,140174655,7,0,0,30208,15,706495794
9829,83420420,56883554,140303974,0,0,0,14848,13,4281631863
9830,83424470,56780214,140204684,5,0,0,56320,18,1817794185
9831,83426690,66833728,150260418,9,0,1,5632,7,2877325525
9832,83428940,56836208,140265148,7,0,0,16384,15,4442594696
9833,83439200,57238804,140678004,9,0,0,30208,7,5334589530
9834,83446910,56827488,140274398,9,0,0,8192,7,5652667283
9835,83458710,56839134,140297844,0,0,0,39424,13,5931824402
9836,83461620,57284381,140746001,9,0,0,51712,7,6228073318
9837,83468220,56710670,140178890,7,0,0,13824,15,9369054883
9838,83509970,56696609,140206579,0,0,0,6144,13,7413087504
9839,83515720,56790773,140306493,9,0,0,8192,7,1269118032
9840,83523510,56748369,140271879,8,0,0,22016,18,6176372192
9841,83530810,66737020,150267830,2,0,1,11776,5,9842620653
9842,83541590,56808090,140349680,9,0,0,12288,7,986763219
9843,83546570,56713563,140260133,9,0,0,9728,7,3233563993
9844,83554480,66727994,150282474,8,0,1,18432,18,1112865160
9845,83558670,56727139,140285809,0,0,0,37376,13,3526383301
9846,83567150,56753157,140320307,5,0,0,34816,18,6111602194
9847,83571620,66721697,150293317,9,0,1,27136,7,5985868217
9848,83617490,56681937,140299427,2,0,0,5120,5,5577718293
9849,83621570,56865714,140487284,0,0,0,97280,13,2521255049
9850,83623150,66673393,150296543,9,0,1,5120,7,6494736355
9851,83627530,56822774,140450304,4,0,0,9728,13,6447713075
9852,83631050,57019126,140650176,2,0,0,3072,5,7122623554
9853,83641430,56723602,140365032,4,0,0,5632,13,3659195404
9854,83644760,56842859,140487619,5,0,0,1024,18,5398154889
9855,83660270,56741847,140402117,7,0,0,8192,15,5597604762
9856,83662020,57046495,140708515,4,0,0,62976,13,177552253
9857,83692670,56894626,140587296,5,0,0,9728,18,1938053390
9858,83708700,57356887,141065587,9,0,0,34816,7,5296435211
9859,83714060,57082289,140796349,5,0,0,82944,18,492112685
9860,83720690,57185895,140906585,7,0,0,27648,15,6097709375
9861,83726280,56858029,140584309,5,0,0,49664,18,422729669
9862,83739280,57145142,140884422,9,0,0,26112,7,5562554586
9863,83758210,66556155,150314365,5,0,1,40960,18,7834277087
9864,83772660,56895626,140668286,7,0,0,7680,15,10541400693
9865,83790749,66532648,150323397,0,0,1,12288,13,2084919443
9866,83809030,56921192,140730222,5,0,0,71168,18,7332881144
9867,83813670,56710465,140524135,7,0,0,22528,15,9986147328
9868,83827030,66508376,150335406,9,0,1,37376,7,10191416775
9869,83866320,56983440,140849760,9,0,0,13824,7,1574092190
9870,83882160,57079214,140961374,0,0,0,29696,13,1098880336
9871,83891710,56924318,140816028,2,0,0,64512,5,10687921419
9872,83936960,57130366,141067326,0,0,0,5632,13,978510685
9873,83948440,56805384,140753824,5,0,0,25600,18,2833183825
9874,83954360,57864774,141819134,9,0,0,34816,7,4721460380
9875,83957200,57097756,141054956,7,0,0,63488,15,6823012111
9876,83990610,57996746,141987356,5,0,0,197632,18,2691029914
9877,84006270,57279402,141285672,5,0,0,41472,18,6710125866
9878,84016260,66320017,150336277,9,0,1,12288,7,8567939747
9879,84038210,57106001,141144211,7,0,0,56832,15,3277430485
9880,84073780,58148135,142221915,2,0,0,318464,5,9677605036
9881,84078190,66263232,150341422,5,0,1,7680,18,3840633766
9882,84080750,57094056,141174806,2,0,0,2560,5,512694798
9883,84098770,57080236,141179006,5,0,0,10752,18,7378932310
9884,84119080,57502795,141621875,9,0,0,95744,7,5307755486
9885,84135090,57600477,141735567,0,0,0,16896,13,404964916
9886,84139120,58243769,142382889,9,0,0,425984,7,619250042
9887,84157350,57399187,141556537,2,0,0,3584,5,2869215146
9888,84202080,66155895,150357975,9,0,1,45568,7,1586825167
9889,84219540,57025337,141244877,5,0,0,23040,18,4157185749
9890,84277240,57364441,141641681,0,0,0,46592,13,8270354873
9891,84280199,66100829,150381028,0,0,1,11264,13,374249309
9892,84310570,57272591,141583161,5,0,0,35328,18,5658647925
9893,84313600,57909898,142223498,0,0,0,5120,13,1416195645
9894,84314550,56905796,141220346,2,0,0,15360,5,7753005923
9895,84323550,57801310,142124860,9,0,0,128512,7,1900416383
9896,84360970,57511984,141872954,9,0,0,86528,7,9844729212
9897,84401190,57049603,141450793,9,0,0,70144,7,1086885021
9898,84416480,57335363,141751843,5,0,0,14848,18,3294229354
9899,84416590,57495270,141911860,8,0,0,13824,18,6425026849
9900,84458750,57951365,142410115,7,0,0,19968,15,9619943962
9901,84466970,56986498,141453468,7,0,0,8704,15,383994873
9902,84478090,57023093,141501183,9,0,0,4608,7,2925498857
9903,84481480,58008668,142490148,7,0,0,248832,15,5818163036
9904,84482161,65899213,150381374,2,0,1,512,5,5733874032
9905,84495300,58024673,142519973,2,0,0,33280,5,9809773205
9906,84515140,57496115,142011255,2,0,0,7680,5,7642162962
9907,84534560,57700996,142235556,7,0,0,7168,15,7039931636
9908,84545610,57528254,142073864,9,0,0,20992,7,5063890316
9909,84549461,65833335,150382796,2,0,1,13824,5,650641126
9910,84551220,57355004,141906224,5,0,0,92672,18,4549243544
9911,84574450,57678445,142252895,0,0,0,56832,13,10180244454
9912,84588370,57473242,142061612,5,0,0,68608,18,9918089548
9913,84603440,57437245,142040685,7,0,0,17408,15,5549999980
9914,84609411,65781085,150390496,2,0,1,16896,5,7579375892
9915,84611820,65780628,150392448,8,0,1,1024,18,7596263166
9916,84645040,57588309,142233349,9,0,0,32256,7,2684892790
9917,84645920,58008855,142654775,0,0,0,11776,13,1611462319
9918,84655380,57360147,142015527,2,0,0,1536,5,7344700431
9919,84663190,57738276,142401466,7,0,0,33792,15,9012496093
9920,84686650,57727544,142414194,9,0,0,13312,7,6002383234
9921,84689460,57852532,142541992,5,0,0,72192,18,8563864088
9922,84697060,57899892,142596952,7,0,0,8192,15,10467604479
9923,84702690,57688434,142391124,5,0,0,26624,18,8640702654
9924,84707850,65687824,150395674,9,0,1,5120,7,1622530889
9925,84755910,57497164,142253074,0,0,0,512,13,3944426396
9926,84766570,58298306,143064876,7,0,0,60416,15,8554095247
9927,84791670,58125545,142917215,0,0,0,49152,13,7834216881
9928,84796040,57607968,142404008,5,0,0,8192,18,7393738462
9929,84806060,58330150,143136210,0,0,0,18432,13,6408323584
9930,84812330,65606572,150418902,2,0,1,11776,5,2940740271
9931,84834360,65590136,150424496,5,0,1,18432,18,3670162290
9932,84840990,57664336,142505326,2,0,0,49664,5,2873594280
9933,84843230,65581932,150425162,5,0,1,1024,18,7572130219
9934,84843730,57870867,142714597,2,0,0,23040,5,5920214254
9935,84900840,57608924,142509764,2,0,0,14336,5,240735861
9936,84904190,57898985,142803175,7,0,0,41984,15,9442750007
9937,84909550,65525197,150434747,5,0,1,22528,18,42475489
9938,84918720,57931747,142850467,2,0,0,5632,5,10587270770
9939,84956740,57633754,142590494,5,0,0,29696,18,7887188575
9940,84965510,58226565,143192075,7,0,0,16384,15,2459469756
9941,85015980,58030465,143046445,7,0,0,93184,15,4915628895
9942,85022330,58441039,143463369,5,0,0,29184,18,4301247704
9943,85099630,57837423,142937053,7,0,0,1024,15,2192087144
9944,85123670,57644560,142768230,5,0,0,7168,18,6635823406
9945,85131510,59131865,144263375,7,0,0,497152,15,2268740409
9946,85291660,57526848,142818508,5,0,0,7168,18,6097842958
9947,85339320,58349729,143689049,7,0,0,198656,15,486272705
9948,85529650,57600921,143130571,7,0,0,38912,15,7602129104
9949,85705560,57231158,142936718,7,0,0,10240,15,1451497282
9950,85787720,58194945,143982665,7,0,0,53760,15,2998300672
9951,85799840,57506409,143306249,7,0,0,48128,15,9170645468
9952,85832640,57453908,143286548,7,0,0,15872,15,10484108473
9953,85873720,57699457,143573177,7,0,0,36352,15,4655728099
9954,86093770,57828060,143921830,7,0,0,103424,15,4828622049
9955,86113930,64325323,150439253,8,0,1,7168,18,1026080050
9956,86148000,64292559,150440559,8,0,1,2048,18,6469520269
9957,86210540,64239070,150449610,8,0,1,22528,18,8320023388
9958,86233920,57695469,143929389,7,0,0,5120,15,10571317226
9959,86570510,56849386,143419896,7,0,0,23040,15,10735793187
9960,86578630,56931361,143509991,7,0,0,31744,15,5581519813
9961,86611980,56635621,143247601,7,0,0,16384,15,3152161678
9962,86707810,56920570,143628380,7,0,0,8704,15,5387403757
9963,86755610,56342498,143098108,7,0,0,100864,15,5949341312
9964,86849400,56442155,143291555,7,0,0,16384,15,2445890914
9965,86879360,56363234,143242594,7,0,0,49664,15,195182776
9966,87027470,57265167,144292637,7,0,0,12800,15,1254779639
9967,87068960,56240907,143309867,7,0,0,11776,15,6689523862
9968,87104350,57344845,144449195,7,0,0,364544,15,237859417
9969,87122990,63348368,150471358,8,0,1,31232,18,1087311684
9970,87145370,55847031,142992401,7,0,0,19456,15,1252192350
9971,87176550,56273717,143450267,7,0,0,8704,15,8036763009
9972,87225340,63249244,150474584,8,0,1,5120,18,3273007263
9973,87260080,63236202,150496282,8,0,1,8704,18,805054774
9974,87306230,56235214,143541444,7,0,0,39936,15,9092333439
9975,87330590,55864004,143194594,7,0,0,8192,15,9192314025
9976,87366870,56921792,144288662,7,0,0,82944,15,231724392
9977,87376150,56350429,143726579,8,0,0,35328,18,7956253918
9978,87708950,56288097,143997047,7,0,0,47104,15,5700900320
9979,87734190,55732680,143466870,8,0,0,9728,18,5154893093
9980,87773850,62725018,150498868,8,0,1,4096,18,4292831891
9981,87798350,56506158,144304508,7,0,0,38912,15,9775303285
9982,87841940,55580499,143422439,7,0,0,3072,15,329574554
9983,87974240,56503099,144477339,7,0,0,68096,15,8808106
9984,87981050,55748688,143729738,7,0,0,7680,15,7939560570
9985,87991770,62507662,150499432,8,0,1,10752,18,687464276
9986,88007080,62492698,150499778,8,0,1,512,18,2427160757
9987,88056360,62445377,150501737,8,0,1,14336,18,7397556068
9988,88060350,55647167,143707517,7,0,0,60416,15,4854106462
9989,88166130,56419057,144585187,7,0,0,20480,15,8021449469
9990,88370910,62132773,150503683,8,0,1,3072,18,2101814040
9991,88395120,62119436,150514556,8,0,1,7168,18,2621985087
9992,88487870,55624014,144111884,8,0,0,69120,18,9508674412
9993,88610250,61917157,150527407,8,0,1,9216,18,7339043434
9994,88937290,54457141,143394431,8,0,0,1536,18,230190267
9995,88955980,54596495,143552475,8,0,0,2560,18,8943484230
9996,88975430,61553283,150528713,8,0,1,2048,18,6198119897
9997,89059700,54656100,143715800,8,0,0,27136,18,792593938
9998,89111730,55226378,144338108,8,0,0,110080,18,1563926475
9999,89160240,54658268,143818508,8,0,0,96256,18,9692288219
