RequestID,ArrivalTime,DelayTime,FinishTime,InitiatorID,TargetID,IOType,Size,VolumeID,Offset
0,542711611,4374,542715985,0,0,1,4608,0,5795693831
1,542780061,84824,542864885,9,0,0,13824,9,7184225979
2,542812307,79764,542892071,1,0,0,6144,1,8139777462
3,542820813,126764,542947577,3,0,0,10752,3,853435778
4,542980592,3422,542984014,2,0,1,3584,2,1934132207
5,543040379,54056,543094435,6,0,0,3584,6,3102040553
6,543119973,98540,543218513,9,0,0,23552,9,2166363869
7,543212138,9313,543221451,2,0,1,3072,2,9680066933
8,543228790,55748,543284538,3,0,0,4096,3,7441708671
9,543254017,67592,543321609,5,0,0,7680,5,7592787135
10,543313629,3422,543317051,0,0,1,3584,0,3868612932
11,543324420,566,543324986,2,0,1,512,2,8501234292
12,543508152,13253,543521405,8,0,1,25600,8,6504015414
13,543543091,3387,543546478,4,0,1,9728,4,1552069596
14,543668596,63447,543732043,9,0,0,10752,9,8430504658
15,543669659,105137,543774796,4,0,0,11264,4,6311809777
16,543687607,62795,543750402,1,0,0,6144,1,10643554142
17,543697309,116320,543813629,8,0,0,2048,8,3009445441
18,543702474,63912,543766386,5,0,0,8192,5,3057862261
19,543707906,127407,543835313,7,0,0,7680,7,5087206277
20,543718569,145307,543863876,4,0,0,93696,4,3720789313
21,543736814,148808,543885622,1,0,0,20992,1,705958368
22,543808715,65251,543873966,3,0,0,6144,3,2246600296
23,543867534,57440,543924974,9,0,0,4608,9,5064278048
24,543868662,59540,543928202,6,0,0,5120,6,4914351526
25,543917079,68639,543985718,9,0,0,5120,9,3841975411
26,543932011,60824,543992835,9,0,0,5632,9,7388440113
27,544037008,69284,544106292,4,0,0,8192,4,9394552455
28,544060470,2946,544063416,3,0,1,3072,3,7180539391
29,544069640,103208,544172848,4,0,0,14336,4,10143076223
30,544084274,143324,544227598,6,0,0,21504,6,4816363657
31,544355532,43904,544399436,4,0,0,512,4,4380524605
32,544419789,47288,544467077,6,0,0,1536,6,4959809170
33,544460708,6384,544467092,0,0,1,6656,0,9251513534
34,544500914,86828,544587742,3,0,0,15360,3,6701620611
35,544567886,82064,544649950,3,0,0,14848,3,7612612663
36,544592623,86696,544679319,0,0,0,19968,0,8623875278
37,544656291,96324,544752615,5,0,0,11264,5,7949674109
38,544665651,106652,544772303,0,0,0,50176,0,1848219665
39,544953695,67304,545020999,1,0,0,11776,1,2012858998
40,545095592,86672,545182264,6,0,0,14848,6,9665207225
41,545113149,5971,545119120,0,0,1,14848,0,7669160282
42,545225078,102034,545327112,5,0,0,1536,5,1712572786
43,545301798,2946,545304744,2,0,1,3072,2,8530339617
44,545365616,102596,545468212,0,0,0,36864,0,326894079
45,545424974,104000,545528974,7,0,0,41472,7,2160954181
46,545756211,99632,545855843,8,0,0,27136,8,7449019218
47,545768313,181172,545949485,1,0,0,106496,1,6486138615
48,545808750,1042,545809792,3,0,1,1024,3,3147470696
49,545809954,265716,546075670,2,0,0,44544,2,5852782213
50,545834656,21202,545855858,3,0,1,27136,3,9420037331
51,545848679,141744,545990423,9,0,0,17920,9,7834282590
52,545877633,76532,545954165,2,0,0,8704,2,9869923899
53,545970463,136905,546107368,1,0,0,16384,1,4072936145
54,546010166,47288,546057454,7,0,0,1536,7,8211060852
55,546010468,90714,546101182,8,0,0,24064,8,4512922404
56,546018261,132349,546150610,2,0,0,50176,2,1466637116
57,546079747,102640,546182387,8,0,0,15872,8,4404142174
58,546194418,74360,546268778,7,0,0,9728,7,8591795682
59,546229409,114296,546343705,4,0,0,75264,4,10414050871
60,546318757,24963,546343720,4,0,1,16384,4,9835380485
61,546446574,137002,546583576,0,0,0,35840,0,4247566474
62,546459437,11533,546470970,0,0,1,18944,0,10554136567
63,546493174,5802,546498976,0,0,1,6144,0,5569600744
64,546741467,90392,546831859,6,0,0,22016,6,5267167310
65,546804630,1042,546805672,8,0,1,1024,8,8306080850
66,546839062,6754,546845816,4,0,1,7168,4,2408090998
67,546859992,103376,546963368,7,0,0,39424,7,7547771146
68,546865459,5802,546871261,4,0,1,6144,4,9987565040
69,546943036,103376,547046412,5,0,0,39424,5,4425121835
70,547014548,105092,547119640,7,0,0,45056,7,6983519039
71,547024810,143388,547168198,8,0,0,41984,8,1533100035
72,547064449,108288,547172737,7,0,0,14848,7,5193884651
73,547072307,112145,547184452,2,0,0,38400,2,4612846693
74,547125190,566,547125756,7,0,1,512,7,5996123776
75,547201513,86228,547287741,5,0,0,18432,5,1739682005
76,547249194,91280,547340474,4,0,0,14848,4,8814514878
77,547275141,101816,547376957,6,0,0,34304,6,1885125902
78,547288367,5971,547294338,2,0,1,14848,2,594273388
79,547353464,43904,547397368,2,0,0,512,2,4086371192
80,547389230,130610,547519840,7,0,0,41984,7,9858739880
81,547392534,69214,547461748,2,0,0,2560,2,1243075565
82,547402779,205087,547607866,4,0,0,102912,4,5692279972
83,547454595,174907,547629502,8,0,0,32768,8,7157077675
84,547558647,91172,547649819,1,0,0,24576,1,2527359626
85,547596124,120882,547717006,3,0,0,58368,3,7841188877
86,547634761,121089,547755850,4,0,0,7168,4,8985458580
87,547678570,10241,547688811,2,0,1,16384,2,2204881952
88,547769483,170372,547939855,2,0,0,143360,2,4473748359
89,547795058,152932,547947990,4,0,0,26624,4,1862861013
90,547918908,104695,548023603,9,0,0,15360,9,7212917669
91,547938540,125623,548064163,2,0,0,17408,2,8097599138
92,547946518,102213,548048731,6,0,0,30720,6,2251517205
93,548181818,62516,548244334,6,0,0,6144,6,390741555
94,548236163,50672,548286835,7,0,0,2560,7,9248636078
95,548250682,43904,548294586,0,0,0,512,0,2094982829
96,548391679,4162,548395841,0,0,1,11264,0,1838345375
97,548403554,11791,548415345,0,0,1,19456,0,7282630175
98,548533031,55748,548588779,1,0,0,4096,1,10576066162
99,548567921,91304,548659225,7,0,0,19968,7,2161919747
100,548650601,48980,548699581,9,0,0,2048,9,6091791583
101,548691446,47288,548738734,2,0,0,1536,2,6638789971
102,548719670,84512,548804182,8,0,0,12800,8,5938477797
103,548744940,126569,548871509,3,0,0,50688,3,6576082463
104,548746094,109956,548856050,5,0,0,43520,5,5972511116
105,548747516,4162,548751678,0,0,1,11264,0,10233574710
106,548794701,9504,548804205,4,0,1,14848,4,236218993
107,548800593,166274,548966867,3,0,0,7680,3,3830211745
108,548913907,101052,549014959,3,0,0,1536,3,8390460591
109,549004936,76052,549080988,9,0,0,10240,9,6295056615
110,549133859,99164,549233023,2,0,0,25600,2,2432826363
111,549247874,102752,549350626,3,0,0,37376,3,6515197038
112,549250018,148446,549398464,1,0,0,11776,1,4908090495
113,549280259,209171,549489430,5,0,0,77312,5,8643790012
114,549307176,76870,549384046,3,0,0,8704,3,7993595401
115,549313191,2470,549315661,3,0,1,2560,3,8465135219
116,549444050,102764,549546814,6,0,0,16384,6,8100738226
117,549553045,2870,549555915,2,0,1,8704,2,4419769154
118,549639619,113385,549753004,8,0,0,2048,8,5261711414
119,549664022,100100,549764122,9,0,0,28672,9,7212758382
120,549687019,62672,549749691,4,0,0,6656,4,4766588178
121,549738655,55004,549793659,3,0,0,5120,3,929489499
122,549742207,48980,549791187,0,0,0,2048,0,8935728689
123,549823595,61292,549884887,6,0,0,7168,6,2650024532
124,549862118,44123,549906241,9,0,0,512,9,8877971672
125,549942427,63608,550006035,9,0,0,9728,9,5971162962
126,549976982,111488,550088470,4,0,0,66048,4,1847858851
127,550000179,170391,550170570,5,0,0,35328,5,4924878336
128,550070703,153387,550224090,5,0,0,49664,5,3718177810
129,550210546,57440,550267986,8,0,0,512,8,7818251151
130,550226047,64208,550290255,2,0,0,6656,2,8303733475
131,550227611,85784,550313395,2,0,0,22016,2,2283809868
132,550264754,57791,550322545,8,0,0,512,8,56810551
133,550342455,70976,550413431,0,0,0,8704,0,1166729317
134,550407937,5509,550413446,8,0,1,9728,8,4861891624
135,550468400,168518,550636918,3,0,0,72192,3,7871717672
136,550613290,81020,550694310,7,0,0,21504,7,4016892105
137,550619448,119122,550738570,0,0,0,33792,0,7124298066
138,550658937,130567,550789504,5,0,0,13312,5,5484753500
139,550671642,1518,550673160,4,0,1,1536,4,3119842726
140,550695628,171137,550866765,0,0,0,33280,0,4327740019
141,550791840,102015,550893855,3,0,0,5120,3,10385237402
142,550821263,58900,550880163,7,0,0,512,7,7101779029
143,550939859,67592,551007451,4,0,0,7680,4,2647047679
144,550963630,91640,551055270,6,0,0,26112,6,5433758371
145,550986739,131201,551117940,2,0,0,18944,2,7662300766
146,551063964,82416,551146380,3,0,0,9216,3,2724660139
147,551152632,54212,551206844,9,0,0,4096,9,10475773146
148,551154463,4850,551159313,0,0,1,5120,0,4400344403
149,551305402,7706,551313108,2,0,1,8192,2,3357472541
150,551414695,102128,551516823,8,0,0,35328,8,8018396041
151,551437113,133344,551570457,1,0,0,33792,1,1915534196
152,551504362,139302,551643664,0,0,0,34816,0,5940981139
153,551516597,1260,551517857,2,0,1,1024,2,7113916343
154,551585521,64622,551650143,3,0,0,4608,3,8018798139
155,551604343,43904,551648247,7,0,0,512,7,496746722
156,551705984,59600,551765584,8,0,0,6656,8,7313848282
157,551732919,123240,551856159,6,0,0,46080,6,8822104217
158,551740600,101504,551842104,5,0,0,33280,5,7978417650
159,551767270,151435,551918705,3,0,0,81920,3,9010732830
160,551792835,5196,551798031,2,0,1,13312,2,10719727428
161,551995968,96980,552092948,7,0,0,18432,7,9397882618
162,551999285,5326,552004611,0,0,1,5632,0,3626808692
163,552098703,100412,552199115,4,0,0,29696,4,7334791406
164,552215002,116324,552331326,1,0,0,81920,1,1693281158
165,552375643,50672,552426315,8,0,0,2560,8,4264741124
166,552498825,100880,552599705,1,0,0,31232,1,5237959315
167,552516654,72536,552589190,9,0,0,13824,9,8945343787
168,552522121,88832,552610953,1,0,0,16896,1,7195995383
169,552551735,128454,552680189,3,0,0,15872,3,7362861825
170,552652731,100880,552753611,1,0,0,31232,1,7346688517
171,552655968,43904,552699872,0,0,0,512,0,3696336299
172,552659565,123185,552782750,4,0,0,44544,4,8188871834
173,552687116,121032,552808148,9,0,0,15872,9,9291091589
174,552751394,80244,552831638,3,0,0,6144,3,7512791854
175,552823935,111176,552935111,4,0,0,65024,4,7133268016
176,552836015,73008,552909023,4,0,0,4608,4,7154334110
177,552873409,79744,552953153,4,0,0,7168,4,7421763897
178,553002399,112424,553114823,1,0,0,69120,1,3702572299
179,553052728,145802,553198530,0,0,0,41472,0,2704547541
180,553100216,260452,553360668,5,0,0,184320,5,267007681
181,553101599,278995,553380594,3,0,0,17408,3,6301381114
182,553177475,188044,553365519,1,0,0,15872,1,4289127085
183,553275019,100256,553375275,4,0,0,29184,4,6392422289
184,553276354,3645,553279999,6,0,1,10240,6,4226432136
185,553316887,140084,553456971,2,0,0,20480,2,3924644163
186,553435298,102752,553538050,7,0,0,37376,7,1331791453
187,553443131,77744,553520875,4,0,0,10752,4,6019264551
188,553443148,131091,553574239,8,0,0,24576,8,8490530833
189,553555872,3422,553559294,1,0,1,3584,1,6127755852
190,553569801,95227,553665028,3,0,0,22528,3,1273499366
191,553574344,107643,553681987,7,0,0,23552,7,8258118152
192,553576997,81152,553658149,8,0,0,16896,8,8315461254
193,553605915,7706,553613621,4,0,1,8192,4,2442232810
194,553642810,123027,553765837,0,0,0,70656,0,7561508094
195,553748945,87860,553836805,6,0,0,8704,6,10206440803
196,553756769,93333,553850102,8,0,0,22016,8,3387932299
197,553809485,130593,553940078,0,0,0,32768,0,1088196171
198,553841338,179092,554020430,7,0,0,135168,7,6986359585
199,553939086,2502,553941588,2,0,1,1536,2,7564053057
200,553999588,24996,554024584,2,0,1,11264,2,909951391
201,554039477,566,554040043,4,0,1,512,4,3586012259
202,554048275,98852,554147127,9,0,0,24576,9,6086859514
203,554052576,226958,554279534,9,0,0,22016,9,1561071033
204,554109832,98540,554208372,0,0,0,23552,0,1379182714
205,554112288,98595,554210883,7,0,0,8192,7,3288498786
206,554116406,103228,554219634,3,0,0,28672,3,4341988811
207,554198451,74360,554272811,4,0,0,9728,4,6249980671
208,554239690,116960,554356650,5,0,0,12800,5,8776543391
209,554274873,99873,554374746,7,0,0,6656,7,427716012
210,554284955,98072,554383027,9,0,0,22016,9,5460067897
211,554382215,104336,554486551,7,0,0,39936,7,3542011190
212,554438417,69284,554507701,7,0,0,8192,7,2866302857
213,554633599,57440,554691039,5,0,0,4608,5,953415968
214,554648968,3898,554652866,4,0,1,4096,4,7300537153
215,554773410,72692,554846102,8,0,0,14336,8,3592914286
216,554774200,48980,554823180,2,0,0,2048,2,8778858529
217,554820554,69874,554890428,6,0,0,13824,6,9471401902
218,554827334,91356,554918690,0,0,0,18432,0,8537283179
219,554870857,115559,554986416,7,0,0,29184,7,7152592430
220,554889418,116876,555006294,6,0,0,2560,6,9032402763
221,554914356,8230,554922586,3,0,1,10752,3,6541258923
222,554983311,77325,555060636,4,0,0,14336,4,9064716938
223,555012336,113340,555125676,4,0,0,13824,4,7087613113
224,555028977,89588,555118565,3,0,0,14336,3,8338884064
225,555039118,112694,555151812,6,0,0,18944,6,6246550871
226,555068540,201442,555269982,8,0,0,22528,8,7768692033
227,555071422,139838,555211260,5,0,0,52736,5,7574687542
228,555085430,155452,555240882,8,0,0,7680,8,7175907438
229,555135492,85472,555220964,7,0,0,20992,7,4575206406
230,555225279,92775,555318054,7,0,0,6656,7,4168598359
231,555337157,52364,555389521,6,0,0,3072,6,692733543
232,555347386,67592,555414978,8,0,0,7680,8,5427501293
233,555381415,43904,555425319,9,0,0,512,9,3191305667
234,555399031,77471,555476502,2,0,0,10752,2,6502631028
235,555416514,67748,555484262,9,0,0,8192,9,6827971292
236,555466683,1518,555468201,0,0,1,1536,0,5839794679
237,555494484,118752,555613236,0,0,0,27136,0,7247382786
238,555502657,21916,555524573,3,0,1,35840,3,8468251689
239,555619940,105872,555725812,0,0,0,47616,0,3225601558
240,555621632,121718,555743350,3,0,0,13312,3,10025997674
241,555672678,3422,555676100,8,0,1,3584,8,5898445458
242,555725476,63624,555789100,4,0,0,8704,4,10611686383
243,555732900,103220,555836120,1,0,0,38912,1,4513712493
244,555740863,141523,555882386,3,0,0,38400,3,2964882486
245,555984825,57440,556042265,6,0,0,4608,6,10207299238
246,556082772,108680,556191452,5,0,0,56832,5,932806418
247,556106812,5326,556112138,2,0,1,5632,2,4441978877
248,556146148,219732,556365880,2,0,0,25088,2,5075348359
249,556150318,100907,556251225,7,0,0,2560,7,3569193660
250,556153086,155824,556308910,1,0,0,35840,1,6067023251
251,556153957,125839,556279796,8,0,0,47104,8,7077181779
252,556240559,70394,556310953,9,0,0,6656,9,8072652772
253,556260323,97462,556357785,7,0,0,24064,7,3587087392
254,556403446,23983,556427429,0,0,1,39936,0,919068353
255,556501412,119214,556620626,8,0,0,60416,8,310608074
256,556503723,7706,556511429,6,0,1,8192,6,78117930
257,556640321,13083,556653404,0,0,1,22016,0,9687903205
258,556693709,82712,556776421,1,0,0,22016,1,2838799465
259,556710927,101348,556812275,8,0,0,32768,8,1510840824
260,556793800,60824,556854624,5,0,0,5632,5,7040706726
261,556884518,102440,556986958,3,0,0,36352,3,3721007004
262,556893158,47288,556940446,4,0,0,1536,4,3663563025
263,556953777,6278,556960055,8,0,1,6656,8,9692788339
264,556976141,97013,557073154,1,0,0,13312,1,8870091004
265,557037860,78800,557116660,3,0,0,13824,3,4551980559
266,557068374,95545,557163919,0,0,1,159232,0,10196840427
267,557084507,292273,557376780,5,0,0,18432,5,9049742263
268,557107550,191734,557299284,3,0,0,29184,3,2303637979
269,557107639,273542,557381181,0,0,0,5120,0,7002162869
270,557130883,240266,557371149,5,0,0,27648,5,8072116994
271,557151211,174329,557325540,5,0,0,33280,5,5514592300
272,557198168,164542,557362710,8,0,0,58368,8,2449170233
273,557200293,231885,557432178,1,0,0,13312,1,1421892317
274,557214833,239683,557454516,3,0,0,20480,3,10291724572
275,557239147,217235,557456382,8,0,0,5632,8,2290572962
276,557253326,7230,557260556,2,0,1,7680,2,6232309828
277,557312467,135794,557448261,4,0,0,52736,4,5639288908
278,557381655,100425,557482080,2,0,0,8192,2,7257456761
279,557387248,74372,557461620,2,0,0,1536,2,1973752983
280,557529414,99944,557629358,3,0,0,28160,3,8166928210
281,557575005,102908,557677913,8,0,0,37888,8,3034144176
282,557632721,113672,557746393,2,0,0,73216,2,9403226673
283,557657285,113270,557770555,4,0,0,10240,4,2911534202
284,557698744,188889,557887633,3,0,0,75776,3,5488383407
285,557707132,113877,557821009,9,0,0,18432,9,10001693147
286,557847930,47288,557895218,1,0,0,1536,1,3251994062
287,557877221,243653,558120874,0,0,1,377344,0,3074034856
288,557914500,317936,558232436,1,0,0,28160,1,3062712781
289,557927698,210302,558138000,3,0,0,5632,3,7367286869
290,557939921,317086,558257007,1,0,0,10752,1,9663425957
291,557971262,163981,558135243,6,0,0,1536,6,7811090600
292,557993224,308942,558302166,6,0,0,38400,6,5996896415
293,558057825,320967,558378792,0,0,0,26624,0,8098260421
294,558075534,331851,558407385,4,0,0,32768,4,5833860558
295,558087203,307984,558395187,9,0,0,53760,9,5960523570
296,558106615,348034,558454649,5,0,0,27648,5,5880922929
297,558160358,297894,558458252,0,0,0,11776,0,2248936051
298,558180854,216532,558397386,4,0,0,7168,4,6965342525
299,558186558,62516,558249074,7,0,0,6144,7,7788414529
300,558289857,121599,558411456,7,0,0,13312,7,9791379066
301,558638011,43904,558681915,2,0,0,512,2,10367647644
302,558641442,97784,558739226,9,0,0,26112,9,179970892
303,558644429,84068,558728497,7,0,0,16384,7,613563560
304,558703924,76052,558779976,2,0,0,10240,2,4726213797
305,558709556,100100,558809656,8,0,0,28672,8,946611244
306,558774847,113475,558888322,2,0,0,58880,2,10033382408
307,558840197,79750,558919947,2,0,0,12800,2,6166637654
308,558857451,64452,558921903,1,0,0,4096,1,8701360327
309,558975938,93440,559069378,5,0,0,16896,5,2548793308
310,558990431,114005,559104436,3,0,0,50176,3,3920359543
311,559148279,107770,559256049,6,0,0,52736,6,1385418584
312,559148617,108851,559257468,6,0,0,4608,6,8538899877
313,559150253,133388,559283641,3,0,0,7168,3,161686368
314,559197025,127854,559324879,6,0,0,15360,6,10071085002
315,559231878,102391,559334269,2,0,0,30720,2,2034978173
316,559314048,10846,559324894,2,0,1,7168,2,8356829021
317,559354699,142418,559497117,2,0,0,45056,2,4426255740
318,559385366,1042,559386408,8,0,1,1024,8,5086535663
319,559418076,83268,559501344,9,0,0,13824,9,4024412786
320,559468358,3128,559471486,2,0,1,9216,2,4384571910
321,559492623,115989,559608612,3,0,0,52224,3,2179911201
322,559527305,84325,559611630,9,0,0,512,9,10421497639
323,559581797,86096,559667893,8,0,0,23040,8,8321061572
324,559755972,74360,559830332,7,0,0,9728,7,10550789064
325,559775282,99320,559874602,4,0,0,26112,4,4170548501
326,559804120,92388,559896508,4,0,0,6144,4,3498522682
327,559863084,73136,559936220,9,0,0,10752,9,8446214265
328,559873246,103944,559977190,3,0,0,36864,3,3187838241
329,559880882,1042,559881924,1,0,1,1024,1,9137337804
330,559921675,91009,560012684,2,0,0,22528,2,5384753764
331,560059555,110396,560169951,1,0,0,62464,1,7993908351
332,560082373,99944,560182317,4,0,0,28160,4,6257863472
333,560123498,91993,560215491,7,0,0,19968,7,769227253
334,560124669,106434,560231103,4,0,0,18944,4,8637048199
335,560125562,96565,560222127,9,0,0,4608,9,3969845227
336,560137833,163248,560301081,7,0,0,30720,7,7035277773
337,560168150,108919,560277069,3,0,0,9216,3,4390628349
338,560259832,4679,560264511,2,0,1,12288,2,750609779
339,560291436,9660,560301096,5,0,1,1536,5,5739059734
340,560426877,113204,560540081,3,0,0,71680,3,6458670020
341,560522730,116507,560639237,8,0,0,25600,8,64271228
342,560579276,105765,560685041,1,0,0,17408,1,10507700697
343,560604294,6229,560610523,4,0,1,15360,4,10473410030
344,560636720,53181,560689901,1,0,0,2560,1,3745910722
345,560739402,99008,560838410,9,0,0,25088,9,5737394718
346,560773314,117266,560890580,3,0,0,38912,3,1379553083
347,560830066,77744,560907810,6,0,0,10752,6,8757710306
348,560929906,113984,561043890,7,0,0,74240,7,797522840
349,560970790,83858,561054648,8,0,0,2560,8,6325086950
350,560973642,71043,561044685,5,0,0,2560,5,1731983392
351,560979178,67790,561046968,8,0,0,2560,8,6523422683
352,560999566,62516,561062082,8,0,0,6144,8,3819206669
353,561006452,83444,561089896,8,0,0,14336,8,4146643846
354,561078374,91016,561169390,8,0,0,24064,8,5189307043
355,561096166,75891,561172057,2,0,0,8704,2,4798420808
356,561104178,4679,561108857,3,0,1,12288,3,8271725343
357,561183921,106028,561289949,2,0,0,48128,2,6081312340
358,561240008,109293,561349301,5,0,0,13824,5,9516666291
359,561248306,101946,561350252,7,0,0,3072,7,4123530478
360,561396256,72692,561468948,8,0,0,14336,8,3549930222
361,561464563,83813,561548376,7,0,0,11264,7,1158274499
362,561545120,55612,561600732,4,0,0,3072,4,1080923317
363,561555708,113250,561668958,1,0,0,34304,1,5575015077
364,561564270,139613,561703883,6,0,0,21504,6,4583270593
365,561605832,91484,561697316,0,0,0,25600,0,4197374723
366,561631750,175462,561807212,5,0,0,26112,5,9306040620
367,561636049,159121,561795170,2,0,0,118784,2,9286035680
368,561720727,86968,561807695,4,0,0,1536,4,3033157902
369,561732132,109058,561841190,1,0,0,25600,1,3210433734
370,561769960,124522,561894482,0,0,0,26112,0,9073924380
371,561789610,6143,561795753,4,0,1,512,4,10119519803
372,561810764,90524,561901288,1,0,0,17408,1,1286884996
373,561821475,64208,561885683,1,0,0,6656,1,8081291358
374,561834548,219593,562054141,0,0,0,53248,0,6439603221
375,561853971,20882,561874853,0,0,1,33792,0,3296644445
376,562130638,106496,562237134,0,0,0,49664,0,9539298393
377,562158073,84848,562242921,7,0,0,18944,7,8914649036
378,562200058,171904,562371962,8,0,0,104960,8,2447988911
379,562237758,139679,562377437,5,0,0,17920,5,10368941901
380,562246047,11274,562257321,3,0,1,18432,3,3465609637
381,562247498,137845,562385343,1,0,0,4096,1,1746277738
382,562262498,211183,562473681,0,0,0,66048,0,1344306456
383,562299551,93628,562393179,0,0,0,3584,0,6940719299
384,562324756,4420,562329176,2,0,1,11776,2,3770932427
385,562386481,1994,562388475,8,0,1,2048,8,1378985861
386,562439393,34303,562473696,2,0,1,31232,2,5404376171
387,562566537,101816,562668353,1,0,0,34304,1,6831116818
388,562626268,60824,562687092,5,0,0,5632,5,3932241798
389,562675006,84512,562759518,5,0,0,12800,5,79018849
390,562762963,71288,562834251,1,0,0,9728,1,9387771514
391,562776847,78128,562854975,6,0,0,7168,6,4274944653
392,562828345,81440,562909785,7,0,0,12800,7,557216169
393,562833194,124633,562957827,3,0,0,45056,3,6736244928
394,562868996,152803,563021799,7,0,0,93696,7,5254936023
395,562975262,122245,563097507,9,0,0,42496,9,3698352593
396,562982621,130365,563112986,6,0,0,33280,6,3058815514
397,562992708,47288,563039996,0,0,0,1536,0,3500082778
398,563070543,89924,563160467,6,0,0,20480,6,2184768484
399,563131389,104485,563235874,9,0,0,31744,9,2919949240
400,563166196,110172,563276368,3,0,0,12288,3,8494644939
401,563213696,52832,563266528,8,0,0,4608,8,8376709689
402,563312147,84668,563396815,6,0,0,13312,6,5336355493
403,563336845,119406,563456251,5,0,0,29696,5,780537062
404,563378398,62516,563440914,3,0,0,6144,3,5387661451
405,563421179,63403,563484582,7,0,0,1024,7,2760795536
406,563489189,13770,563502959,2,0,1,26624,2,1678437998
407,563558596,79668,563638264,5,0,0,9216,5,7025643835
408,563610028,60824,563670852,0,0,0,5632,0,7008354941
409,563660570,67592,563728162,8,0,0,7680,8,10149898220
410,563713325,45596,563758921,1,0,0,1024,1,6241130119
411,563756675,20624,563777299,2,0,1,33280,2,843686534
412,563763194,103622,563866816,0,0,0,28160,0,3203053842
413,563840944,225904,564066848,1,0,0,20480,1,643101176
414,563863504,151670,564015174,3,0,0,38400,3,6150248670
415,563865289,76996,563942285,5,0,0,13312,5,4914042646
416,563887255,116188,564003443,6,0,0,76800,6,2061725768
417,563891508,135467,564026975,3,0,0,17920,3,10355817919
418,563982078,133768,564115846,9,0,0,28160,9,5960476470
419,563987139,117467,564104606,7,0,0,7168,7,572750336
420,564015902,81908,564097810,9,0,0,14336,9,4250888889
421,564075769,6754,564082523,4,0,1,7168,4,4330869911
422,564105996,100846,564206842,3,0,0,27136,3,9750945960
423,564190497,82939,564273436,7,0,0,6144,7,6422800427
424,564205616,102878,564308494,9,0,0,33792,9,1213346223
425,564353485,96536,564450021,9,0,0,22016,9,1554315284
426,564372421,1994,564374415,4,0,1,2048,4,7224743317
427,564378980,84223,564463203,4,0,0,8704,4,4296108038
428,564402404,57440,564459844,5,0,0,4608,5,3756133450
429,564473953,96248,564570201,6,0,0,26112,6,9219954919
430,564502252,4850,564507102,8,0,1,5120,8,6090337920
431,564599358,71132,564670490,7,0,0,9216,7,3098943534
432,564632569,102511,564735080,4,0,0,18432,4,1167431959
433,564669511,70255,564739766,3,0,0,8192,3,382755168
434,564741435,97760,564839195,0,0,0,20992,0,10572132825
435,564741607,45596,564787203,2,0,0,1024,2,5819463810
436,564767050,122935,564889985,3,0,0,35328,3,1264887791
437,564811780,50672,564862452,9,0,0,2560,9,9945080508
438,564850159,75821,564925980,1,0,0,7168,1,496398675
439,564863657,96848,564960505,8,0,0,23040,8,3155535025
440,564902609,203139,565105748,9,0,0,73216,9,5565500156
441,564904591,56397,564960988,8,0,0,1536,8,2937469701
442,564909965,99164,565009129,1,0,0,25600,1,2449881973
443,564915084,74350,564989434,2,0,1,121344,2,5983565228
444,565052474,4420,565056894,8,0,1,11776,8,812781351
445,565053721,6288,565060009,3,0,1,4096,3,3642640212
446,565085522,249119,565334641,8,0,0,9728,8,2602324137
447,565132444,134937,565267381,6,0,0,28160,6,9836533148
448,565139789,75164,565214953,7,0,0,17408,7,736093870
449,565197065,108968,565306033,5,0,0,1536,5,3697244634
450,565201203,125341,565326544,4,0,0,25600,4,254988397
451,565229134,266346,565495480,7,0,0,44032,7,603802508
452,565272849,120232,565393081,0,0,0,25088,0,4124455841
453,565304159,22400,565326559,2,0,1,29696,2,7644176524
454,565310594,59905,565370499,6,0,0,4096,6,4671319412
455,565310690,260131,565570821,5,0,0,18432,5,8717736594
456,565328926,23637,565352563,2,0,1,42496,2,7176695710
457,565369469,112580,565482049,4,0,0,17408,4,283569438
458,565435842,103986,565539828,7,0,0,11264,7,6678037275
459,565451184,230692,565681876,1,0,0,32768,1,10653207492
460,565550811,13253,565564064,0,0,1,25600,0,10250951342
461,565581333,5196,565586529,4,0,1,13312,4,5762329257
462,565604006,60824,565664830,2,0,0,5632,2,9301651309
463,565689042,97652,565786694,2,0,0,30720,2,2187760417
464,565789426,108503,565897929,6,0,0,55296,6,5961352175
465,565794806,158521,565953327,2,0,0,4096,2,4430797303
466,565810027,250484,566060511,4,0,0,194560,4,2760547033
467,565833977,256372,566090349,4,0,0,64512,4,4032936355
468,565931543,240509,566172052,7,0,0,79360,7,3313232680
469,565987046,125158,566112204,3,0,0,71680,3,8938569296
470,565992324,201310,566193634,6,0,0,23040,6,4513884210
471,566084182,88509,566172691,1,0,0,2048,1,8775157771
472,566084901,155107,566240008,0,0,0,12800,0,932504397
473,566128568,3387,566131955,3,0,1,9728,3,2023135608
474,566178081,200298,566378379,5,0,0,20480,5,3264582021
475,566185274,102596,566287870,1,0,0,36864,1,3566782947
476,566235137,122446,566357583,3,0,0,7680,3,7319240391
477,566318397,60384,566378781,5,0,0,512,5,8308880830
478,566355317,69850,566425167,8,0,0,7680,8,1919664815
479,566392879,4937,566397816,4,0,1,12800,4,1117610297
480,566424755,105208,566529963,5,0,0,41472,5,334515127
481,566446273,87293,566533566,6,0,0,11776,6,9442460822
482,566630692,104468,566735160,5,0,0,43008,5,9499092113
483,566666701,4420,566671121,8,0,1,11776,8,4509916489
484,566712254,52364,566764618,6,0,0,3072,6,2832676625
485,566718196,56060,566774256,3,0,0,5120,3,4006464086
486,566841426,65900,566907326,0,0,0,7168,0,6134955460
487,566928205,11274,566939479,5,0,1,18432,5,9619273011
488,566952748,88256,567041004,7,0,0,25088,7,6763873956
489,567019131,146186,567165317,2,0,0,23040,2,1960803616
490,567078241,102128,567180369,7,0,0,35328,7,3907897440
491,567116326,49006,567165332,0,0,1,70656,0,5569937297
492,567116861,104929,567221790,0,0,1,139776,0,9816402217
493,567124073,98703,567222776,4,0,1,1536,4,1156557174
494,567169418,119624,567289042,1,0,0,25600,1,672405690
495,567171618,120871,567292489,6,0,0,11264,6,4484801964
496,567190649,277965,567468614,7,0,0,3072,7,8595807946
497,567290341,148591,567438932,4,0,0,2560,4,9896617658
498,567315634,238578,567554212,8,0,0,80896,8,4593490647
499,567328233,190931,567519164,9,0,0,13824,9,8040429866
500,567353661,154053,567507714,4,0,0,2048,4,4260500450
501,567408674,97914,567506588,6,0,0,17920,6,8162944840
502,567449825,136243,567586068,2,0,0,31232,2,9027124686
503,567568340,78236,567646576,4,0,0,17408,4,6202471337
504,567599993,47288,567647281,9,0,0,1536,9,6583024962
505,567606800,103220,567710020,0,0,0,38912,0,10340500773
506,567608699,42166,567650865,2,0,1,68608,2,6563523738
507,567630970,22161,567653131,8,0,1,3584,8,3483361152
508,567716831,57440,567774271,8,0,0,4608,8,8865433342
509,567718750,47288,567766038,6,0,0,1536,6,3269995050
510,567747856,64401,567812257,1,0,0,7168,1,5265420819
511,567959139,3898,567963037,8,0,1,4096,8,4983594694
512,568071029,45596,568116625,1,0,0,1024,1,3173738667
513,568071247,4374,568075621,8,0,1,4608,8,5441665380
514,568145047,48980,568194027,2,0,0,2048,2,8141343428
515,568238583,3645,568242228,8,0,1,10240,8,1175203282
516,568266085,221465,568487550,0,0,0,35328,0,439260939
517,568299463,52364,568351827,1,0,0,3072,1,8089054834
518,568353798,47288,568401086,4,0,0,1536,4,6047476151
519,568412999,164917,568577916,3,0,0,103936,3,10703382406
520,568413456,168063,568581519,2,0,0,11776,2,5458491739
521,568450913,10757,568461670,2,0,1,17408,2,9121101783
522,568451414,193667,568645081,6,0,0,22016,6,4863035426
523,568502762,130901,568633663,5,0,0,44032,5,434529124
524,568504032,185406,568689438,8,0,0,9728,8,4246186454
525,568513735,124623,568638358,3,0,0,15360,3,4257065159
526,568545063,50109,568595172,9,0,0,2048,9,9677429028
527,568600897,164051,568764948,4,0,0,54784,4,8436647820
528,568651651,123764,568775415,3,0,0,34304,3,4287474546
529,568667423,80668,568748091,5,0,0,1536,5,5381061010
530,568777179,7706,568784885,4,0,1,8192,4,9099311489
531,568842216,64988,568907204,4,0,0,9216,4,5778814993
532,568850548,73745,568924293,0,0,1,123392,0,3990177779
533,568882861,191516,569074377,0,0,0,73216,0,2191760169
534,568887307,155918,569043225,4,0,0,46592,4,8504303856
535,569045509,80264,569125773,1,0,0,12800,1,8515212341
536,569048266,2946,569051212,3,0,1,3072,3,352178740
537,569131789,43904,569175693,9,0,0,512,9,6728067679
538,569146853,54056,569200909,4,0,0,3584,4,2341259949
539,569157022,1042,569158064,3,0,1,1024,3,9735142110
540,569223605,4679,569228284,2,0,1,12288,2,9218301671
541,569247730,189233,569436963,4,0,0,34304,4,5396346140
542,569299399,127097,569426496,3,0,0,58880,3,1970023890
543,569310689,127693,569438382,4,0,0,4608,4,4591852512
544,569400941,54056,569454997,3,0,0,3584,3,9699785861
545,569454240,107713,569561953,0,0,0,51200,0,6545114940
546,569478120,7230,569485350,2,0,1,7680,2,3445336860
547,569484587,141032,569625619,7,0,0,27136,7,1676946699
548,569547070,123134,569670204,9,0,0,6656,9,8017604749
549,569551983,107854,569659837,6,0,0,12288,6,8287665403
550,569552256,143713,569695969,3,0,0,19968,3,1700869562
551,569564182,65900,569630082,2,0,0,7168,2,89450130
552,569598956,64172,569663128,5,0,0,10752,5,1856634934
553,569607549,5802,569613351,0,0,1,6144,0,32513328
554,569640204,107215,569747419,1,0,0,11264,1,908856261
555,569704868,157060,569861928,9,0,0,113152,9,5278192213
556,569711263,6488,569717751,8,0,1,15872,8,8928160047
557,569800899,123022,569923921,3,0,0,57856,3,3971683755
558,569815317,88208,569903525,2,0,0,14848,2,1600351109
559,569948449,1518,569949967,2,0,1,1536,2,3271079052
560,569966333,192497,570158830,6,0,0,44544,6,1687231343
561,569980903,76052,570056955,2,0,0,10240,2,2459959011
562,570033233,111488,570144721,7,0,0,66048,7,6488145370
563,570190353,99788,570290141,3,0,0,27648,3,3899201554
564,570581856,89480,570671336,8,0,0,24064,8,9269339458
565,570604908,166310,570771218,8,0,0,123904,8,10249328645
566,570725995,116480,570842475,3,0,0,82432,3,2349540832
567,570756399,121440,570877839,6,0,0,9728,6,3599484150
568,570927723,110552,571038275,6,0,0,62976,6,10301381302
569,571124479,4162,571128641,8,0,1,11264,8,341907717
570,571252861,98696,571351557,1,0,0,24064,1,4030159646
571,571283617,50672,571334289,5,0,0,2560,5,984023723
572,571539270,52364,571591634,2,0,0,3072,2,1335289263
573,571548504,102596,571651100,0,0,0,36864,0,8166506541
574,571585853,118473,571704326,2,0,0,13824,2,10315446602
575,571606413,69305,571675718,1,0,0,5632,1,2984856125
576,571712888,95936,571808824,8,0,0,25088,8,5696507115
577,571729666,5971,571735637,4,0,1,14848,4,6238880800
578,571797974,43904,571841878,2,0,0,512,2,4942484172
579,571806030,67846,571873876,3,0,0,3584,3,4306843345
580,571877868,10499,571888367,2,0,1,16896,2,1174443013
581,571948351,176918,572125269,2,0,0,29696,2,2812572909
582,571981764,89636,572071400,8,0,0,24576,8,4561134180
583,572034984,1994,572036978,8,0,1,2048,8,7888408181
584,572133664,80840,572214504,2,0,0,15872,2,6680038727
585,572297504,100724,572398228,4,0,0,30720,4,6007453240
586,572303096,160508,572463604,0,0,0,83968,0,2514014446
587,572315285,1042,572316327,2,0,1,1024,2,9593052112
588,572474925,54212,572529137,9,0,0,4096,9,9015697653
589,572613452,62516,572675968,4,0,0,6144,4,9107583231
590,572731873,60824,572792697,9,0,0,5632,9,1444849255
591,572834811,73604,572908415,5,0,0,12288,5,466566606
592,572859491,49563,572909054,8,0,0,2048,8,6553005904
593,572932139,120536,573052675,5,0,0,95744,5,9926708656
594,573134042,84512,573218554,7,0,0,12800,7,4359677893
595,573170631,50984,573221615,2,0,0,3584,2,5323498844
596,573248644,91436,573340080,4,0,0,15360,4,238899167
597,573300068,122578,573422646,0,0,0,58368,0,7417207956
598,573324271,126387,573450658,5,0,0,11776,5,4100467909
599,573364541,97279,573461820,3,0,0,19456,3,3859197931
600,573368187,4374,573372561,3,0,1,4608,3,3856431873
601,573398109,130281,573528390,3,0,0,25088,3,1327173347
602,573457378,92798,573550176,9,0,0,15360,9,9417970049
603,573475609,158285,573633894,1,0,0,71680,1,2804037134
604,573542961,118827,573661788,3,0,0,21504,3,7399767179
605,573577262,156052,573733314,3,0,0,98304,3,7916761269
606,573579926,153871,573733797,1,0,0,1536,1,10371882058
607,573654346,80410,573734756,6,0,0,3072,6,818272039
608,573697429,81617,573779046,5,0,0,9216,5,9848997963
609,573717281,91204,573808485,0,0,0,15872,0,9219946639
610,573800515,7985,573808500,3,0,1,3584,3,8378737309
611,573813005,5196,573818201,2,0,1,13312,2,8064174160
612,573818589,62984,573881573,4,0,0,7680,4,4007808786
613,573963470,101036,574064506,7,0,0,31744,7,4836132669
614,573965297,86621,574051918,5,0,0,512,5,276522101
615,574001407,185886,574187293,7,0,0,34816,7,1073935378
616,574032827,116717,574149544,9,0,0,77824,9,8613123614
617,574057565,119105,574176670,9,0,0,24576,9,10087528881
618,574120873,104001,574224874,9,0,0,4096,9,2459494826
619,574172934,88711,574261645,5,0,0,9728,5,4497714376
620,574191708,566,574192274,2,0,1,512,2,6121532250
621,574234749,566,574235315,4,0,1,512,4,2263016411
622,574261526,110507,574372033,1,0,0,62464,1,8203395997
623,574285477,3422,574288899,4,0,1,3584,4,2779451464
624,574327741,79772,574407513,7,0,0,17408,7,3717959562
625,574438066,566,574438632,0,0,1,512,0,7202500045
626,574492927,63764,574556691,3,0,0,10240,3,3927956467
627,574497712,154157,574651869,8,0,0,24064,8,3003873293
628,574519477,112781,574632258,0,0,0,29696,0,3778926833
629,574541260,3645,574544905,1,0,1,10240,1,5517077468
630,574569419,151070,574720489,9,0,0,9216,9,5179703240
631,574589747,167012,574756759,0,0,0,6144,0,745479280
632,574627082,67684,574694766,9,0,0,6144,9,4310274622
633,574690639,96092,574786731,4,0,0,25600,4,7151203305
634,574705843,119204,574825047,1,0,0,40448,1,4503932345
635,574742498,91783,574834281,4,0,0,4608,4,2090402311
636,574772098,103844,574875942,6,0,0,40960,6,3557228646
637,574775835,110721,574886556,5,0,0,4096,5,1938253944
638,574777924,104117,574882041,7,0,0,19968,7,1350169273
639,574848431,169328,575017759,1,0,0,150016,1,10620712294
640,574946624,12737,574959361,0,0,1,24576,0,7398794706
641,575019703,2470,575022173,7,0,1,2560,7,6643285380
642,575129305,101192,575230497,5,0,0,32256,5,9390071474
643,575157792,1042,575158834,0,0,1,1024,0,10591898810
644,575182564,123455,575306019,2,0,0,47104,2,4564443288
645,575183992,101036,575285028,2,0,0,31744,2,4730586875
646,575207336,133402,575340738,9,0,0,47104,9,4323446053
647,575219645,124384,575344029,4,0,0,10752,4,3625891083
648,575358852,64988,575423840,0,0,0,9216,0,9031305263
649,575359684,1518,575361202,2,0,1,1536,2,312259476
650,575381017,178116,575559133,6,0,0,13312,6,2361069687
651,575432839,122223,575555062,1,0,0,72704,1,8133532085
652,575441546,89425,575530971,5,0,0,2048,5,7779181337
653,575478193,110583,575588776,4,0,0,15872,4,10661535848
654,575510159,95783,575605942,5,0,0,512,5,2777221741
655,575646769,116480,575763249,6,0,0,82432,6,10199389476
656,575728385,6754,575735139,4,0,1,7168,4,3270683436
657,575798979,159647,575958626,6,0,0,48640,6,9959079399
658,575801372,67748,575869120,2,0,0,8192,2,8625865403
659,575809620,20366,575829986,0,0,1,32768,0,367465803
660,575858653,181160,576039813,4,0,0,12800,4,2959715951
661,575922453,124551,576047004,8,0,0,23552,8,5081443753
662,575924066,100100,576024166,5,0,0,28672,5,9318091309
663,575951981,138821,576090802,9,0,0,8192,9,9956436805
664,575974487,89711,576064198,8,0,0,1536,8,3815003995
665,576012621,103794,576116415,1,0,0,13824,1,335472332
666,576202919,71132,576274051,5,0,0,9216,5,1907965295
667,576237462,4420,576241882,0,0,1,11776,0,2873680518
668,576248196,98696,576346892,1,0,0,24064,1,8263030201
669,576279375,167093,576446468,1,0,0,51200,1,9254159397
670,576349661,104895,576454556,8,0,0,7168,8,3813299815
671,576358511,6754,576365265,3,0,1,7168,3,6375654657
672,576362108,231669,576593777,0,0,0,36352,0,4030078936
673,576433552,149134,576582686,9,0,0,56320,9,1795089034
674,576549320,63608,576612928,4,0,0,9728,4,9295463664
675,576705565,64208,576769773,3,0,0,6656,3,5041718698
676,576708206,76700,576784906,8,0,0,17408,8,9244310253
677,576711470,108290,576819760,9,0,0,39936,9,6018414104
678,576725971,6278,576732249,4,0,1,6656,4,299074368
679,576734407,102117,576836524,8,0,0,3584,8,3880994711
680,576742616,144578,576887194,7,0,0,33280,7,630260468
681,576922230,56372,576978602,7,0,0,6144,7,3824341179
682,576937090,85784,577022874,8,0,0,22016,8,9055388713
683,576938445,50672,576989117,6,0,0,2560,6,6641815430
684,577134342,111800,577246142,3,0,0,67072,3,2914092711
685,577225702,120272,577345974,6,0,0,23040,6,3056021663
686,577268711,70220,577338931,6,0,0,11264,6,2321757679
687,577314864,104312,577419176,3,0,0,42496,3,2806432052
688,577337327,13456,577350783,1,0,1,5120,1,8192595796
689,577460743,60824,577521567,2,0,0,5632,2,9134300849
690,577472878,97604,577570482,0,0,0,20480,0,9305622742
691,577483587,118395,577601982,0,0,0,23040,0,6239019241
692,577542981,108680,577651661,6,0,0,56832,6,6035393319
693,577550601,68055,577618656,6,0,0,1024,6,5947488994
694,577686530,76520,577763050,4,0,0,11776,4,1584393612
695,577702710,11016,577713726,8,0,1,17920,8,9922782065
696,577776872,43904,577820776,0,0,0,512,0,5207660681
697,577781693,98720,577880413,0,0,0,29184,0,1955668065
698,577837537,136056,577973593,4,0,0,35328,4,919309344
699,577851884,5196,577857080,4,0,1,13312,4,7932920983
700,577998282,54056,578052338,4,0,0,3584,4,4797138883
701,578045014,47288,578092302,9,0,0,1536,9,2391099858
702,578100651,48980,578149631,9,0,0,2048,9,5206141267
703,578152220,104000,578256220,9,0,0,41472,9,5199122402
704,578169206,48980,578218186,8,0,0,2048,8,1424778967
705,578293223,98384,578391607,8,0,0,23040,8,9461067126
706,578365262,70409,578435671,0,0,0,4096,0,9748435321
707,578385077,62582,578447659,7,0,0,5120,7,5528238518
708,578458820,103688,578562508,2,0,0,40448,2,9274858943
709,578516208,99088,578615296,0,0,0,14848,0,7316910499
710,578583265,144243,578727508,7,0,0,83456,7,4367468044
711,578593539,176413,578769952,2,0,0,61440,2,3845651983
712,578656338,177340,578833678,3,0,0,82944,3,10323371619
713,578669513,173738,578843251,7,0,0,2048,7,2858595725
714,578680145,162467,578842612,6,0,0,15360,6,7227330108
715,578750252,87497,578837749,1,0,0,13312,1,5856969100
716,578841279,13238,578854517,4,0,1,18432,4,2322885289
717,578868628,96512,578965140,9,0,0,16896,9,6210623836
718,579010627,3422,579014049,3,0,1,3584,3,5833998890
719,579014114,4374,579018488,4,0,1,4608,4,4233179616
720,579034368,87608,579121976,6,0,0,17920,6,2995631254
721,579184648,103844,579288492,0,0,0,40960,0,6237937856
722,579198138,114920,579313058,3,0,0,77312,3,8078700052
723,579250275,128817,579379092,2,0,0,53760,2,5824536333
724,579341865,78231,579420096,4,0,0,4608,4,10399056434
725,579404148,2946,579407094,8,0,1,3072,8,5345625497
726,579461862,66212,579528074,3,0,0,8192,3,1673088030
727,579471818,84248,579556066,5,0,0,22016,5,4196313415
728,579533966,76388,579610354,5,0,0,16384,5,6176398320
729,579596811,105404,579702215,0,0,0,46080,0,1793150536
730,579620079,140726,579760805,3,0,0,20480,3,10008359261
731,579629449,160130,579789579,9,0,0,7168,9,10546434498
732,579654217,121111,579775328,9,0,0,47616,9,285829272
733,579698035,147590,579845625,1,0,0,28672,1,9655736200
734,579772024,132911,579904935,4,0,0,25600,4,1024095910
735,579781427,106588,579888015,7,0,0,20480,7,2171625441
736,579860703,191882,580052585,8,0,0,123392,8,4068081906
737,579861843,87896,579949739,9,0,0,13824,9,361865922
738,579883550,187659,580071209,4,0,0,33280,4,7624808346
739,579887370,184010,580071380,3,0,0,512,3,587760069
740,579893960,59132,579953092,4,0,0,5120,4,8119447014
741,580020344,112629,580132973,5,0,0,19456,5,7078055852
742,580075238,4420,580079658,4,0,1,11776,4,10121115398
743,580132441,1090,580133531,8,0,1,512,8,6143388728
744,580151343,57440,580208783,7,0,0,4608,7,9859071249
745,580153048,124687,580277735,6,0,0,23552,6,6863064351
746,580253274,62516,580315790,8,0,0,6144,8,2573016840
747,580364593,88208,580452801,1,0,0,14848,1,9341344449
748,580382138,3387,580385525,6,0,1,9728,6,5513018963
749,580395474,100256,580495730,4,0,0,29184,4,6778803477
750,580446685,136759,580583444,2,0,0,89088,2,5435470040
751,580450558,7172,580457730,1,0,1,12800,1,10481225100
752,580459133,129806,580588939,8,0,0,12800,8,4705958388
753,580475032,146585,580621617,4,0,0,19968,4,5935815373
754,580603504,1042,580604546,5,0,1,1024,5,8804464285
755,580668743,102284,580771027,7,0,0,35840,7,764010291
756,580728724,100569,580829293,1,0,0,27648,1,1183773818
757,580729505,144470,580873975,0,0,0,16896,0,9329510538
758,580950207,129896,581080103,5,0,0,126464,5,8381700311
759,580967959,173650,581141609,2,0,0,100352,2,5659272957
760,581124021,93632,581217653,7,0,0,10240,7,2396957163
761,581136361,66089,581202450,4,0,0,5632,4,1186791626
762,581146372,114997,581261369,5,0,0,62976,5,8342686442
763,581173482,4420,581177902,9,0,1,11776,9,6754690943
764,581193511,1994,581195505,4,0,1,2048,4,2689225302
765,581203314,5802,581209116,4,0,1,6144,4,2524548475
766,581283048,54212,581337260,0,0,0,4096,0,2447369464
767,581333566,110864,581444430,8,0,0,64000,8,5388765191
768,581374207,159200,581533407,7,0,0,49152,7,3773053290
769,581413881,104535,581518416,1,0,0,13312,1,4958442843
770,581481101,69620,581550721,3,0,0,14336,3,4963864081
771,581546230,71312,581617542,5,0,0,14848,5,2979365999
772,581554993,84692,581639685,8,0,0,18432,8,3530003495
773,581586093,5196,581591289,3,0,1,13312,3,9336721542
774,581594679,138589,581733268,5,0,0,40960,5,312222330
775,581673917,155445,581829362,7,0,0,52224,7,1060717715
776,581677829,3128,581680957,3,0,1,9216,3,5103096642
777,581729314,81507,581810821,4,0,0,1024,4,8137958100
778,581759890,85558,581845448,4,0,0,3072,4,3161942742
779,581815968,65750,581881718,8,0,0,3072,8,757595273
780,581880706,67592,581948298,8,0,0,7680,8,8681808994
781,581996377,62516,582058893,4,0,0,6144,4,4065905698
782,582013088,57908,582070996,0,0,0,6144,0,7492371828
783,582021678,50904,582072582,3,0,0,2560,3,5088033857
784,582041930,104156,582146086,9,0,0,41984,9,8989342480
785,582053058,101935,582154993,4,0,0,29184,4,3685429668
786,582216117,95288,582311405,8,0,0,17920,8,3699394779
787,582248500,125251,582373751,2,0,0,39936,2,7563642598
788,582258363,67592,582325955,8,0,0,7680,8,2305227846
789,582423143,101972,582525115,1,0,0,34816,1,7121658543
790,582463976,102440,582566416,9,0,0,36352,9,6343333111
791,582489141,84980,582574121,2,0,0,14336,2,6715319972
792,582523352,120085,582643437,5,0,0,6656,5,3293830587
793,582530198,106321,582636519,0,0,0,45568,0,3672524337
794,582551581,130868,582682449,6,0,0,38912,6,10727875690
795,582589876,62148,582652024,5,0,0,3072,5,5600653400
796,582591686,159445,582751131,5,0,0,36352,5,4140269646
797,582635847,129183,582765030,8,0,0,45568,8,10662291589
798,582832302,110552,582942854,2,0,0,62976,2,10129769003
799,582863463,101036,582964499,2,0,0,31744,2,3770856432
800,582973945,82400,583056345,8,0,0,20992,8,5520779435
801,583105987,80060,583186047,7,0,0,13312,7,3173886651
802,583368658,73448,583442106,9,0,0,11776,9,6309175736
803,583378901,78056,583456957,6,0,0,11776,6,8964989863
804,583463580,87896,583551476,3,0,0,13824,3,9121150911
805,583509685,96092,583605777,2,0,0,25600,2,9267757544
806,583529882,103220,583633102,3,0,0,38912,3,4237727100
807,583554409,79184,583633593,6,0,0,1536,6,5849660425
808,583587151,111825,583698976,0,0,0,27136,0,1312695665
809,583605086,73351,583678437,3,0,0,9216,3,6789635522
810,583621533,168277,583789810,1,0,0,97280,1,7111363878
811,583651515,149023,583800538,5,0,0,26624,5,3461059210
812,583692484,129227,583821711,2,0,0,12288,2,7843721049
813,583752557,5326,583757883,8,0,1,5632,8,3351372454
814,583810010,11716,583821726,3,0,1,16896,3,4035512518
815,583860936,75920,583936856,8,0,0,14848,8,7536098963
816,583886888,62516,583949404,6,0,0,6144,6,2920320593
817,583891303,116737,584008040,6,0,0,14336,6,2783458668
818,583960740,115304,584076044,8,0,0,23552,8,5651359429
819,584022049,129452,584151501,3,0,0,22528,3,1385621740
820,584029349,123727,584153076,7,0,0,5120,7,9520834597
821,584035310,109304,584144614,9,0,0,58880,9,8737392144
822,584070450,143662,584214112,7,0,0,33792,7,7576955564
823,584132383,129555,584261938,2,0,0,38400,2,7051069403
824,584285538,47288,584332826,2,0,0,1536,2,6451819174
825,584389976,92108,584482084,2,0,0,27648,2,3466445220
826,584670299,43904,584714203,2,0,0,512,2,8950021520
827,584784262,6278,584790540,0,0,1,6656,0,911092385
828,584911095,77744,584988839,6,0,0,10752,6,937087429
829,584938257,12825,584951082,3,0,1,21504,3,2891036735
830,585015801,57596,585073397,4,0,0,5120,4,7539475772
831,585154360,116480,585270840,6,0,0,82432,6,1407262203
832,585239002,69182,585308184,1,0,0,6144,1,8161346525
833,585395544,100568,585496112,7,0,0,30208,7,9416059900
834,585477671,54056,585531727,6,0,0,3584,6,3686699626
835,585515562,85316,585600878,1,0,0,20480,1,554729904
836,585618396,57440,585675836,1,0,0,4608,1,4478414005
837,585622691,90548,585713239,1,0,0,22528,1,1838319311
838,585624128,57440,585681568,9,0,0,4608,9,9983779878
839,585966748,76365,586043113,6,0,0,9728,6,7058259847
840,585970850,69284,586040134,3,0,0,8192,3,4060369318
841,585982205,63575,586045780,2,0,0,8704,2,3020096570
842,586009517,79243,586088760,4,0,0,2560,4,2021599075
843,586055534,45596,586101130,7,0,0,1024,7,10052406845
844,586066619,99944,586166563,4,0,0,28160,4,10405766447
845,586096018,4679,586100697,6,0,1,12288,6,8768565386
846,586131371,2946,586134317,3,0,1,3072,3,2202629346
847,586157760,8818,586166578,3,0,1,1024,3,4477606427
848,586250855,101972,586352827,6,0,0,34816,6,903119995
849,586317182,66056,586383238,5,0,0,7680,5,5886151440
850,586318616,70991,586389607,2,0,0,2048,2,6476836164
851,586542187,66368,586608555,2,0,0,8704,2,1767140477
852,586616556,52364,586668920,0,0,0,3072,0,4669189264
853,586622858,86828,586709686,2,0,0,15360,2,10392002529
854,586655863,55748,586711611,7,0,0,4096,7,6739981128
855,586696411,105207,586801618,4,0,0,17408,4,8420097019
856,586707867,77863,586785730,4,0,0,10240,4,4052789416
857,586825328,71912,586897240,3,0,0,11776,3,3990232697
858,586873047,62072,586935119,6,0,0,9728,6,2657897460
859,586881700,104911,586986611,5,0,0,17408,5,2087261407
860,587009849,5454,587015303,3,0,1,13824,3,6819282351
861,587018530,87944,587106474,9,0,0,24064,9,1717293671
862,587077627,100724,587178351,8,0,0,30720,8,4643304354
863,587142095,84980,587227075,1,0,0,14336,1,1243397917
864,587201228,68840,587270068,2,0,0,11776,2,2579263056
865,587226202,113757,587339959,5,0,0,70656,5,2162297029
866,587256438,5326,587261764,0,0,1,5632,0,5627666301
867,587316983,60524,587377507,0,0,0,5120,0,4775980066
868,587442211,86204,587528415,2,0,0,13312,2,1509905925
869,587466851,89012,587555863,4,0,0,22528,4,5485627756
870,587470790,52364,587523154,9,0,0,3072,9,843696814
871,587471014,110052,587581066,6,0,0,36864,6,1521918881
872,587480672,111143,587591815,7,0,0,24576,7,6788697444
873,587545008,14117,587559125,3,0,1,24064,3,9362937231
874,587677116,3422,587680538,0,0,1,3584,0,3619816162
875,587769227,75718,587844945,0,0,0,8704,0,6758942931
876,587948195,101816,588050011,5,0,0,34304,5,10382676244
877,587962196,89831,588052027,1,0,0,5632,1,2244677712
878,588014909,79118,588094027,0,0,0,5120,0,3541270200
879,588031015,6278,588037293,3,0,1,6656,3,4741805926
880,588074820,59132,588133952,1,0,0,5120,1,6415505394
881,588173515,99008,588272523,4,0,0,25088,4,2739104273
882,588252374,73472,588325846,8,0,0,16896,8,10681309002
883,588315126,103688,588418814,3,0,0,40448,3,4583181433
884,588335611,54793,588390404,0,0,0,1536,0,9961993843
885,588412492,112030,588524522,1,0,0,47104,1,9502791914
886,588443319,83090,588526409,8,0,0,6144,8,2369219916
887,588475008,7706,588482714,8,0,1,8192,8,7407824295
888,588527934,99320,588627254,4,0,0,26112,4,9935855929
889,588569408,4374,588573782,3,0,1,4608,3,5216900557
890,588653566,125731,588779297,8,0,0,34816,8,740355013
891,588658698,68060,588726758,2,0,0,9216,2,590571633
892,588691882,134608,588826490,4,0,0,36864,4,10283819522
893,588776646,4637,588781283,5,0,1,2048,5,4207013371
894,588810148,69752,588879900,2,0,0,9728,2,5482059803
895,588834988,97394,588932382,9,0,0,24576,9,4391440172
896,588885117,89758,588974875,7,0,0,10752,7,5825174671
897,588922623,53047,588975670,3,0,0,2560,3,3892508459
898,588978488,77744,589056232,0,0,0,10752,0,2454136646
899,588986229,119011,589105240,2,0,0,45568,2,7081236292
900,589052062,130879,589182941,0,0,0,46080,0,6970567982
901,589078334,2470,589080804,8,0,1,2560,8,2033330569
902,589196252,4850,589201102,5,0,1,5120,5,1414472124
903,589230997,16096,589247093,8,0,1,31232,8,6357265803
904,589244920,102284,589347204,7,0,0,35840,7,10602957849
905,589287632,71600,589359232,5,0,0,10752,5,7805810156
906,589483222,5971,589489193,9,0,1,14848,9,6760111896
907,589488250,105248,589593498,5,0,0,45568,5,3485218738
908,589633641,101192,589734833,4,0,0,32256,4,7827285004
909,589697984,1518,589699502,9,0,1,1536,9,7823377451
910,589752407,87320,589839727,8,0,0,22016,8,8614461187
911,589922242,70464,589992706,6,0,0,8192,6,2873556450
912,589923422,60824,589984246,2,0,0,5632,2,9554154556
913,589984199,45635,590029834,0,0,0,1024,0,1151445846
914,590012756,105248,590118004,9,0,0,45568,9,10516866564
915,590069954,101816,590171770,9,0,0,34304,9,2287377742
916,590088861,96512,590185373,9,0,0,16896,9,2844381854
917,590110488,104980,590215468,7,0,0,10240,7,1557208681
918,590157843,81583,590239426,5,0,0,2048,5,4524740208
919,590206029,52364,590258393,5,0,0,3072,5,9387895430
920,590234780,114915,590349695,6,0,0,74752,6,9396157267
921,590262900,5196,590268096,0,0,1,13312,0,8726238274
922,590464835,100412,590565247,1,0,0,29696,1,225117529
923,590514617,88814,590603431,7,0,0,1536,7,6494994198
924,590574961,102908,590677869,3,0,0,37888,3,3329934030
925,590644687,99944,590744631,0,0,0,28160,0,7770789304
926,590725037,5326,590730363,2,0,1,5632,2,116509775
927,590777621,192555,590970176,8,0,0,42496,8,4076283371
928,590791835,102284,590894119,9,0,0,35840,9,744218300
929,590942956,121628,591064584,5,0,0,99328,5,5518644243
930,590999745,96747,591096492,5,0,0,10240,5,2554096694
931,591018026,138226,591156252,1,0,0,45056,1,7336592679
932,591192980,50672,591243652,6,0,0,2560,6,3055684433
933,591236826,98852,591335678,5,0,0,24576,5,6307751920
934,591258842,160494,591419336,4,0,0,71168,4,8917320895
935,591366222,72536,591438758,3,0,0,13824,3,8634741195
936,591454112,70976,591525088,7,0,0,8704,7,9454217986
937,591502956,109304,591612260,1,0,0,58880,1,10492354801
938,591578102,96356,591674458,2,0,0,16384,2,2784971359
939,591599720,76469,591676189,6,0,0,5632,6,53923268
940,591710170,50672,591760842,7,0,0,2560,7,3178776237
941,591726557,101348,591827905,9,0,0,32768,9,307419699
942,591876071,83468,591959539,3,0,0,19456,3,2173921576
943,591884116,88832,591972948,7,0,0,16896,7,5312504792
944,591941434,105560,592046994,2,0,0,46592,2,849569510
945,591975253,93083,592068336,5,0,0,4608,5,1767674158
946,592009013,69475,592078488,9,0,0,7680,9,4180102917
947,592028020,111956,592139976,3,0,0,67584,3,6571609167
948,592079537,5802,592085339,0,0,1,6144,0,7683165074
949,592110323,54056,592164379,6,0,0,3584,6,1287709704
950,592295815,4374,592300189,3,0,1,4608,3,4276519962
951,592323092,12049,592335141,3,0,1,19968,3,10557491542
952,592461552,76856,592538408,9,0,0,17920,9,8459247561
953,592485134,62228,592547362,3,0,0,10240,3,3416578068
954,592628358,64676,592693034,9,0,0,8192,9,1291930333
955,592712788,5326,592718114,0,0,1,5632,0,6366209056
956,592874317,100724,592975041,1,0,0,30720,1,2967094257
957,592981130,78282,593059412,8,0,0,11776,8,3777028988
958,592991601,64208,593055809,6,0,0,6656,6,59164011
959,593007197,84668,593091865,2,0,0,13312,2,5426560413
960,593030063,3422,593033485,8,0,1,3584,8,2054628138
961,593053190,80396,593133586,2,0,0,19456,2,8710503463
962,593104355,77927,593182282,6,0,0,5632,6,3058994467
963,593364825,122252,593487077,7,0,0,101376,7,9856734042
964,593418056,99075,593517131,5,0,0,17408,5,7799879942
965,593443109,65388,593508497,4,0,0,3072,4,9412978600
966,593554470,76052,593630522,6,0,0,10240,6,2488366079
967,593611376,60824,593672200,8,0,0,5632,8,1020943943
968,593652902,48980,593701882,2,0,0,2048,2,1529004393
969,593670678,48802,593719480,3,0,0,1536,3,8666105637
970,593720769,48980,593769749,3,0,0,2048,3,9562574236
971,593743363,66368,593809731,4,0,0,8704,4,8041883182
972,593751326,3422,593754748,0,0,1,3584,0,6409571548
973,593752318,186745,593939063,5,0,0,28672,5,5234573212
974,593769862,104771,593874633,0,0,0,18944,0,7699901312
975,593872694,86139,593958833,5,0,0,11776,5,7097740457
976,593884377,64832,593949209,6,0,0,8704,6,4561397594
977,593961826,47288,594009114,4,0,0,1536,4,1245713683
978,594014914,84344,594099258,9,0,0,17408,9,2366315828
979,594029731,64208,594093939,7,0,0,6656,7,2819794793
980,594090116,58030,594148146,3,0,0,4096,3,703741955
981,594174481,50672,594225153,2,0,0,2560,2,6210325286
982,594220835,67592,594288427,5,0,0,7680,5,9986707240
983,594260238,107791,594368029,5,0,0,40960,5,3643768834
984,594273165,125938,594399103,6,0,0,10752,6,10518812718
985,594320936,67748,594388684,7,0,0,8192,7,10685571020
986,594349365,1042,594350407,8,0,1,1024,8,8952114971
987,594495819,70688,594566507,1,0,0,12800,1,5950023797
988,594546485,5712,594552197,0,0,1,14336,0,859916386
989,594628757,56684,594685441,6,0,0,7168,6,9224754740
990,594682976,83288,594766264,9,0,0,13824,9,36409128
991,594687782,67772,594755554,1,0,0,13312,1,8751862638
992,594733682,87668,594821350,4,0,0,10240,4,8269966394
993,594733741,1518,594735259,2,0,1,1536,2,3821206749
994,594739876,77598,594817474,8,0,0,19456,8,1586152205
995,594847331,47756,594895087,3,0,0,3072,3,10373137240
996,594925504,102596,595028100,4,0,0,36864,4,7550653522
997,594939683,128233,595067916,5,0,0,76800,5,4530758025
998,594985672,95991,595081663,7,0,0,2560,7,4070831474
999,595018445,15925,595034370,0,0,1,6656,0,8350244358
1000,595074556,99126,595173682,9,0,0,25088,9,4813735164
1001,595101790,91749,595193539,1,0,0,9728,1,3795957358
1002,595106891,59132,595166023,9,0,0,5120,9,6093923165
1003,595169248,103434,595272682,5,0,0,25088,5,7121469499
1004,595277186,99476,595376662,6,0,0,26624,6,4722749436
1005,595355027,64763,595419790,1,0,0,4608,1,10020440151
1006,595376166,2482,595378648,3,0,1,2048,3,2977635628
1007,595416515,4162,595420677,0,0,1,11264,0,2997851000
1008,595438289,78359,595516648,9,0,0,11264,9,364294030
1009,595604831,50672,595655503,3,0,0,2560,3,7496961608
1010,595614946,101504,595716450,8,0,0,33280,8,7695119471
1011,595636577,146839,595783416,4,0,0,25088,4,2461901690
1012,595756409,104312,595860721,0,0,0,42496,0,7881481955
1013,595826335,138044,595964379,5,0,0,60928,5,2537696359
1014,595835872,109928,595945800,3,0,0,60928,3,7905337077
1015,595892674,12049,595904723,8,0,1,19968,8,10610200062
1016,596085988,54992,596140980,5,0,0,6656,5,1855333178
1017,596099053,101192,596200245,4,0,0,32256,4,8227795394
1018,596111644,54230,596165874,7,0,0,1536,7,6233801505
1019,596113270,109160,596222430,0,0,0,40960,0,3109271109
1020,596126826,77030,596203856,0,0,0,11776,0,5504826136
1021,596137789,11274,596149063,8,0,1,18432,8,6895741291
1022,596150133,114917,596265050,3,0,0,2048,3,2690779988
1023,596190491,31954,596222445,0,0,1,19968,0,10055411018
1024,596240376,55148,596295524,2,0,0,7168,2,2955052568
1025,596243251,99944,596343195,6,0,0,28160,6,865194686
1026,596248973,198508,596447481,0,0,0,512,0,5150090697
1027,596256321,146676,596402997,8,0,0,31744,8,1523005083
1028,596309664,12308,596321972,8,0,1,20480,8,9526892126
1029,596403577,95468,596499045,2,0,0,23552,2,10369447659
1030,596449623,101348,596550971,5,0,0,32768,5,2330436540
1031,596511263,120068,596631331,0,0,0,94208,0,10727316250
1032,596594431,111828,596706259,7,0,0,40448,7,5253379694
1033,596704872,60511,596765383,0,0,0,5120,0,602004492
1034,596737695,99788,596837483,1,0,0,27648,1,3723033166
1035,596774407,99164,596873571,3,0,0,25600,3,6436672407
1036,596785944,71885,596857829,8,0,0,2560,8,4257468276
1037,596799855,120378,596920233,0,0,0,11264,0,3404477597
1038,596831374,163283,596994657,6,0,0,94208,6,9884252767
1039,596871340,124580,596995920,7,0,0,4096,7,8024589085
1040,596880518,117445,596997963,7,0,0,6656,7,9481568074
1041,596898036,164211,597062247,1,0,0,88064,1,461952616
1042,597038635,28972,597067607,3,0,1,5632,3,7824538259
1043,597050996,139017,597190013,9,0,0,89088,9,2264601499
1044,597055635,156817,597212452,5,0,0,31744,5,3243380473
1045,597123505,135783,597259288,2,0,0,47104,2,6325893436
1046,597263612,102596,597366208,6,0,0,36864,6,9069016867
1047,597328678,142722,597471400,1,0,0,82432,1,6006855719
1048,597360276,120010,597480286,2,0,0,4608,2,8283415924
1049,597391737,116761,597508498,0,0,0,26624,0,4549412110
1050,597431785,131439,597563224,0,0,0,28672,0,503676714
1051,597593260,118664,597711924,5,0,0,89600,5,4610599267
1052,597752140,62672,597814812,7,0,0,6656,7,637106804
1053,597774755,3422,597778177,3,0,1,3584,3,4308537395
1054,597784899,54277,597839176,5,0,0,2560,5,10713619473
1055,597895782,100880,597996662,6,0,0,31232,6,4506587554
1056,597920559,64208,597984767,9,0,0,6656,9,1137195050
1057,598010049,64676,598074725,1,0,0,8192,1,1792534941
1058,598060750,99788,598160538,0,0,0,27648,0,66823764
1059,598069791,149403,598219194,4,0,0,89088,4,5443681892
1060,598097500,4850,598102350,1,0,1,5120,1,2762867247
1061,598136440,83705,598220145,2,0,0,3072,2,6516562817
1062,598159500,105186,598264686,4,0,0,41984,4,7214766218
1063,598221857,107276,598329133,3,0,0,52224,3,8153213682
1064,598410447,95444,598505891,5,0,0,18432,5,2434128288
1065,598439798,114627,598554425,5,0,0,10240,5,2919668645
1066,598457267,6754,598464021,0,0,1,7168,0,2752087775
1067,598481290,149350,598630640,1,0,0,8192,1,1237236179
1068,598504093,74482,598578575,1,0,0,14336,1,9893031921
1069,598590477,55748,598646225,9,0,0,4096,9,5314915053
1070,598601333,101816,598703149,8,0,0,34304,8,4011320381
1071,598619612,92787,598712399,7,0,0,23552,7,5569176292
1072,598677947,78749,598756696,2,0,0,6656,2,1818793771
1073,598735124,3387,598738511,4,0,1,9728,4,8615497016
1074,598885603,109460,598995063,0,0,0,59392,0,2728333129
1075,599015825,90080,599105905,4,0,0,20992,4,6458969858
1076,599331580,90368,599421948,9,0,0,16896,9,8246867351
1077,599395819,45596,599441415,5,0,0,1024,5,10049686982
1078,599486471,5196,599491667,2,0,1,13312,2,7032238456
1079,599615796,99320,599715116,5,0,0,26112,5,7502336426
1080,599616257,102462,599718719,7,0,0,11776,7,4316293014
1081,599686865,99632,599786497,3,0,0,27136,3,704859344
1082,599778387,90478,599868865,7,0,0,15872,7,8433573524
1083,599779503,107579,599887082,6,0,0,30208,6,5252800461
1084,599839505,103220,599942725,3,0,0,38912,3,1587135398
1085,599910754,102440,600013194,0,0,0,36352,0,5704234593
1086,599917658,127528,600045186,0,0,0,45568,0,10425143176
1087,599926320,143196,600069516,9,0,0,18432,9,6028203873
1088,599928706,117119,600045825,4,0,0,2048,4,4412940489
1089,600055337,3898,600059235,8,0,1,4096,8,3277429989
1090,600120894,103963,600224857,4,0,0,36864,4,4958934908
1091,600122261,89612,600211873,9,0,0,19456,9,464839189
1092,600127178,1518,600128696,8,0,1,1536,8,9385566483
1093,600145345,58026,600203371,2,0,0,512,2,7198377499
1094,600242620,109304,600351924,9,0,0,58880,9,10666347154
1095,600251170,103733,600354903,0,0,0,9728,0,5358815989
1096,600435739,566,600436305,4,0,1,512,4,8063362646
1097,600441465,111908,600553373,8,0,0,24064,8,5780336301
1098,600442958,64208,600507166,6,0,0,6656,6,2085682304
1099,600555157,103532,600658689,5,0,0,39936,5,4271379364
1100,600586627,126980,600713607,9,0,0,17408,9,7946426531
1101,600599571,124398,600723969,9,0,0,25088,9,2572302369
1102,600897948,74360,600972308,1,0,0,9728,1,4195280808
1103,600953054,2946,600956000,6,0,1,3072,6,7538784317
1104,601005102,106184,601111286,6,0,0,48640,6,6745485891
1105,601023170,6278,601029448,8,0,1,6656,8,9812130489
1106,601120056,10757,601130813,0,0,1,17408,0,3052147314
1107,601245030,77612,601322642,6,0,0,15360,6,6813282537
1108,601287201,2946,601290147,3,0,1,3072,3,6341101171
1109,601350569,3898,601354467,4,0,1,4096,4,4122503709
1110,601400503,6754,601407257,8,0,1,7168,8,9436238132
1111,601427757,89168,601516925,7,0,0,23040,7,10401363560
1112,601478544,45596,601524140,4,0,0,1024,4,1384309426
1113,601505089,79748,601584837,2,0,0,12288,2,852304606
1114,601508842,121325,601630167,2,0,0,8704,2,323472102
1115,601518424,2870,601521294,8,0,1,8704,8,7694919238
1116,601550439,54056,601604495,2,0,0,3584,2,5386898389
1117,601576244,13253,601589497,8,0,1,25600,8,9885628883
1118,601602273,54056,601656329,7,0,0,3584,7,6928389958
1119,601635112,1994,601637106,0,0,1,2048,0,10149199584
1120,601756497,107900,601864397,7,0,0,54272,7,6218663287
1121,601775000,69284,601844284,2,0,0,8192,2,2324056607
1122,601826626,37786,601864412,3,0,1,51200,3,2408550477
1123,601828043,148129,601976172,9,0,0,25600,9,9011244627
1124,601872394,163388,602035782,2,0,0,6144,2,2911711577
1125,601906864,161714,602068578,3,0,0,70656,3,35820058
1126,602001234,103020,602104254,0,0,0,16896,0,24393387
1127,602048432,80050,602128482,9,0,0,7680,9,3156490741
1128,602285988,99164,602385152,4,0,0,25600,4,2708469589
1129,602404658,10499,602415157,3,0,1,16896,3,1972227524
1130,602404877,167791,602572668,4,0,0,92160,4,6988052858
1131,602411576,166879,602578455,2,0,0,18944,2,3763690347
1132,602484508,102399,602586907,7,0,0,10752,7,5552443397
1133,602556238,115853,602672091,9,0,0,27648,9,9948411872
1134,602715241,62516,602777757,6,0,0,6144,6,4483030274
1135,602735740,88988,602824728,1,0,0,17408,1,8096947541
1136,602771168,54511,602825679,0,0,0,3072,0,3743497388
1137,602862466,47288,602909754,7,0,0,1536,7,10128098976
1138,602885846,96356,602982202,3,0,0,16384,3,6785970173
1139,602910155,74878,602985033,7,0,0,9216,7,367720357
1140,602979101,88853,603067954,8,0,0,16896,8,4731911365
1141,603042771,77924,603120695,5,0,0,16384,5,740246860
1142,603051329,16640,603067969,4,0,1,18944,4,2908207729
1143,603302345,104780,603407125,2,0,0,44032,2,4711331732
1144,603399415,70218,603469633,5,0,0,6144,5,618279659
1145,603399556,136671,603536227,4,0,0,16896,4,5571259618
1146,603428136,57440,603485576,7,0,0,4608,7,2455420371
1147,603431730,87980,603519710,0,0,0,4608,0,5582059201
1148,603445514,118967,603564481,1,0,0,7680,1,7977095637
1149,603553766,94523,603648289,1,0,0,13312,1,7494040514
1150,603651046,55748,603706794,1,0,0,4096,1,7962216041
1151,603659252,69982,603729234,6,0,0,7168,6,1255343724
1152,603804702,64364,603869066,6,0,0,7168,6,6566231068
1153,603904048,54056,603958104,3,0,0,3584,3,1922978705
1154,603953199,102908,604056107,1,0,0,37888,1,9071808310
1155,604030169,96714,604126883,4,0,0,15872,4,1648545272
1156,604075722,69731,604145453,2,0,0,5120,2,1380518903
1157,604123178,7859,604131037,3,0,1,11264,3,8560856560
1158,604138347,79289,604217636,5,0,0,10752,5,10466033236
1159,604141608,120524,604262132,4,0,0,66048,4,7204773311
1160,604180818,156186,604337004,6,0,0,13824,6,3484782304
1161,604214734,154340,604369074,9,0,0,32256,9,9526926385
1162,604582059,101816,604683875,3,0,0,34304,3,3370002751
1163,604583496,109727,604693223,4,0,0,29696,4,4179420427
1164,604643348,84692,604728040,4,0,0,18432,4,3595517811
1165,604768964,116168,604885132,6,0,0,81408,6,5027139948
1166,604828971,132493,604961464,2,0,0,32256,2,928358561
1167,604895992,105186,605001178,6,0,0,10240,6,3378561647
1168,604993318,83444,605076762,9,0,0,14336,9,4912159418
1169,605124264,438333,605562597,3,0,1,710144,3,456550681
1170,605175708,382568,605558276,8,0,0,1024,8,5957561423
1171,605210042,376900,605586942,7,0,0,24064,7,10409982838
1172,605258700,288207,605546907,8,0,0,10752,8,3273455304
1173,605273066,250153,605523219,1,0,0,3584,1,3381803365
1174,605283968,496992,605780960,2,0,0,13824,2,8243619323
1175,605364436,412297,605776733,8,0,0,97792,8,3593458659
1176,605414028,435084,605849112,8,0,0,51200,8,4833738712
1177,605446714,116549,605563263,0,0,1,1024,0,5143206894
1178,605502886,424292,605927178,4,0,0,28672,4,4675737623
1179,605586768,331643,605918411,8,0,0,57856,8,7706055981
1180,605614402,286358,605900760,3,0,0,59392,3,3432077284
1181,605668292,1042,605669334,8,0,1,1024,8,990049606
1182,605671806,7706,605679512,7,0,1,8192,7,6840469709
1183,605812316,1994,605814310,6,0,1,2048,6,1240927230
1184,605859620,1042,605860662,8,0,1,1024,8,10172306079
1185,605887923,39270,605927193,8,0,1,9216,8,3218990198
1186,605914333,178682,606093015,6,0,0,15360,6,1951441737
1187,605967975,2870,605970845,8,0,1,8704,8,2331610781
1188,606009430,89216,606098646,4,0,0,18432,4,1803484678
1189,606011264,163192,606174456,4,0,0,44032,4,3181468396
1190,606054401,159709,606214110,0,0,0,22528,0,7525396595
1191,606060202,172268,606232470,8,0,0,26624,8,3739170512
1192,606076363,4850,606081213,8,0,1,5120,8,8013123
1193,606133048,91118,606224166,1,0,0,24576,1,5809820389
1194,606250039,7230,606257269,8,0,1,7680,8,5423835897
1195,606280339,82064,606362403,7,0,0,14848,7,316461690
1196,606304608,170591,606475199,5,0,0,64000,5,7672636765
1197,606350718,11700,606362418,0,0,1,8192,0,10024788660
1198,606393799,175708,606569507,0,0,0,48640,0,6567347788
1199,606395878,120739,606516617,1,0,0,12288,1,4663453093
1200,606522922,108680,606631602,7,0,0,56832,7,8444917814
1201,606606122,1994,606608116,0,0,1,2048,0,4105041866
1202,606659071,98564,606757635,4,0,0,28672,4,7579552862
1203,606808064,6278,606814342,0,0,1,6656,0,5424167222
1204,606813273,71992,606885265,9,0,0,6144,9,8377760209
1205,606902260,87608,606989868,8,0,0,17920,8,4240225060
1206,606988038,92190,607080228,6,0,0,16896,6,4060633049
1207,607020843,105872,607126715,6,0,0,47616,6,3529530683
1208,607071250,95443,607166693,2,0,0,16384,2,3733431148
1209,607074710,5533,607080243,8,0,1,1024,8,395791627
1210,607199190,108836,607308026,7,0,0,57344,7,6303313954
1211,607233414,4937,607238351,8,0,1,12800,8,3605551032
1212,607274599,43904,607318503,7,0,0,512,7,8938138866
1213,607277547,74555,607352102,3,0,0,8192,3,2129933702
1214,607456386,69152,607525538,8,0,0,12800,8,6286848499
1215,607489195,79436,607568631,4,0,0,11264,4,984013354
1216,607540446,55748,607596194,6,0,0,4096,6,3503057663
1217,607555489,67592,607623081,8,0,0,7680,8,6591235950
1218,607572791,7706,607580497,9,0,1,8192,9,1873280914
1219,607632911,181821,607814732,6,0,0,86016,6,3397223451
1220,607643697,208658,607852355,2,0,0,2560,2,1348437943
1221,607716270,135290,607851560,9,0,0,45568,9,3651829348
1222,607762660,101816,607864476,6,0,0,34304,6,1322445089
1223,607847614,16877,607864491,1,0,1,6656,1,8483634043
1224,607913015,45596,607958611,8,0,0,1024,8,3850945025
1225,607924069,68996,607993065,6,0,0,12288,6,8048203501
1226,607930781,101996,608032777,4,0,0,21504,4,6347903350
1227,607959345,99658,608059003,3,0,0,5632,3,9323221239
1228,608099289,82820,608182109,6,0,0,12288,6,7256431749
1229,608105659,43904,608149563,9,0,0,512,9,7412407307
1230,608174439,73448,608247887,6,0,0,11776,6,1063287406
1231,608197483,105716,608303199,5,0,0,47104,5,88604679
1232,608207697,355783,608563480,3,0,1,576000,3,3237034554
1233,608250854,273938,608524792,5,0,0,6144,5,197418643
1234,608307575,260091,608567666,8,0,1,6656,8,3881659649
1235,608332443,270765,608603208,8,0,0,25600,8,6052101826
1236,608395235,343742,608738977,8,0,0,44032,8,4104053054
1237,608609140,249409,608858549,3,0,0,57856,3,4544544834
1238,608647430,6754,608654184,0,0,1,7168,0,2987973775
1239,608716514,197823,608914337,3,0,0,1024,3,10120709812
1240,608781383,163950,608945333,3,0,0,43008,3,1978940640
1241,608816175,87632,608903807,4,0,0,23040,4,8011715144
1242,608898566,49137,608947703,3,0,0,512,3,2808045892
1243,608925813,115976,609041789,1,0,0,59904,1,8445843554
1244,609047561,79436,609126997,2,0,0,11264,2,4932314435
1245,609123973,65532,609189505,1,0,0,6144,1,299851463
1246,609212646,59132,609271778,5,0,0,5120,5,831846274
1247,609244882,56266,609301148,3,0,0,4608,3,1739963005
1248,609263875,72668,609336543,8,0,0,9216,8,2688335849
1249,609293450,1994,609295444,2,0,1,2048,2,3664413380
1250,609302731,68372,609371103,7,0,0,10240,7,4780231343
1251,609388583,118664,609507247,6,0,0,89600,6,1658952519
1252,609396304,143559,609539863,7,0,0,35328,7,4902921863
1253,609419783,103586,609523369,2,0,0,15360,2,6971566353
1254,609541296,100100,609641396,0,0,0,28672,0,10339739386
1255,609555207,137063,609692270,2,0,0,93696,2,4199281712
1256,609583001,128808,609711809,2,0,0,16384,2,2878772998
1257,609598177,132520,609730697,7,0,0,48128,7,3346237824
1258,609611197,82024,609693221,5,0,0,3072,5,5600319572
1259,609628253,145314,609773567,6,0,0,11264,6,6308397730
1260,609719798,181746,609901544,4,0,0,50688,4,1815969759
1261,609745242,74360,609819602,1,0,0,9728,1,7280254697
1262,609761998,45596,609807594,4,0,0,1024,4,7955747721
1263,609891922,112054,610003976,0,0,0,36352,0,5409750042
1264,609907758,120525,610028283,4,0,0,16896,4,3908459242
1265,609915048,140369,610055417,2,0,0,6144,2,659357230
1266,609917947,135583,610053530,8,0,0,72704,8,5074947469
1267,609972330,100245,610072575,1,0,0,13824,1,7041890883
1268,610056775,102752,610159527,3,0,0,37376,3,7857380016
1269,610069019,70576,610139595,9,0,0,12288,9,1228488339
1270,610255039,44404,610299443,3,0,1,76288,3,9846147401
1271,610255651,90273,610345924,5,0,0,7680,5,2941660774
1272,610275270,238282,610513552,6,0,0,47104,6,9482230023
1273,610301121,180368,610481489,1,0,0,6656,1,4623335473
1274,610301214,259097,610560311,3,0,0,37376,3,1155434999
1275,610329191,119040,610448231,6,0,0,29696,6,10010071835
1276,610393626,141469,610535095,9,0,0,70656,9,245545076
1277,610476026,88036,610564062,3,0,0,6144,3,4252191837
1278,610481777,79017,610560794,3,0,0,1536,3,8940591264
1279,610577941,113828,610691769,8,0,0,73728,8,2373339677
1280,610591785,70688,610662473,6,0,0,12800,6,6833451988
1281,610704317,103688,610808005,0,0,0,40448,0,9825350212
1282,610842603,74061,610916664,6,0,0,8192,6,7748269928
1283,610847380,89480,610936860,5,0,0,24064,5,3677183882
1284,610905372,93096,610998468,2,0,0,12288,2,2508671926
1285,610913769,73479,610987248,1,0,0,10752,1,7623851792
1286,610947611,87727,611035338,7,0,0,6144,7,1863151310
1287,610968743,108061,611076804,4,0,0,30208,4,8375677137
1288,610977888,2946,610980834,3,0,1,3072,3,9263473925
1289,610996025,49723,611045748,6,0,0,1536,6,1591827340
1290,611102998,69932,611172930,2,0,0,15360,2,3228060528
1291,611136153,6754,611142907,0,0,1,7168,0,3356467152
1292,611231077,3387,611234464,8,0,1,9728,8,9450228447
1293,611292463,104468,611396931,7,0,0,43008,7,10126896322
1294,611302493,115144,611417637,5,0,0,29184,5,3769773335
1295,611367637,124854,611492491,1,0,0,95744,1,1439312329
1296,611386770,11671,611398441,8,0,1,1536,8,8162547450
1297,611412778,108423,611521201,8,0,0,5120,8,717981487
1298,611444579,171481,611616060,2,0,0,83968,2,10405245754
1299,611468832,166388,611635220,5,0,0,29184,5,1094358078
1300,611531707,107272,611638979,5,0,0,12288,5,1208029909
1301,611538315,7706,611546021,0,0,1,8192,0,8398957229
1302,611621656,143073,611764729,1,0,0,6656,1,7156820995
1303,611717784,60824,611778608,1,0,0,5632,1,4487313025
1304,611718935,185895,611904830,3,0,1,305152,3,10523839792
1305,611799066,201242,612000308,3,0,0,9216,3,7875608364
1306,611800692,273845,612074537,9,0,0,71168,9,5905250898
1307,611879862,203426,612083288,5,0,0,28672,5,9456556061
1308,611967725,146841,612114566,6,0,0,12288,6,4379914082
1309,612109850,48980,612158830,4,0,0,2048,4,6602177137
1310,612206734,83936,612290670,3,0,0,20992,3,6925973835
1311,612332803,6229,612339032,0,0,1,15360,0,2189273806
1312,612473016,70532,612543548,3,0,0,12288,3,7223387733
1313,612499307,2470,612501777,0,0,1,2560,0,4588535131
1314,612500533,108056,612608589,8,0,0,54784,8,9966024355
1315,612545050,90695,612635745,5,0,0,512,5,9551485340
1316,612560297,145394,612705691,4,0,0,12288,4,6938653285
1317,612705096,78043,612783139,3,0,0,14848,3,35894700
1318,612754995,119092,612874087,8,0,0,69120,8,1225689971
1319,612835891,13858,612849749,8,0,1,23552,8,10359665303
1320,612892726,98072,612990798,2,0,0,22016,2,9946522802
1321,612906605,88264,612994869,7,0,0,13312,7,5722836028
1322,612910499,155689,613066188,1,0,0,41472,1,10725971632
1323,612962511,123345,613085856,3,0,0,10240,3,3521897932
1324,613013839,97028,613110867,8,0,0,28672,8,5439481188
1325,613187463,67592,613255055,8,0,0,7680,8,4468232200
1326,613282919,60418,613343337,9,0,0,2048,9,446879165
1327,613292424,66368,613358792,0,0,0,8704,0,10523303309
1328,613296904,566,613297470,4,0,1,512,4,6183278033
1329,613340057,47600,613387657,2,0,0,2560,2,10533311001
1330,613426637,97916,613524553,4,0,0,21504,4,5015848788
1331,613446403,43904,613490307,9,0,0,512,9,1150159370
1332,613559593,58844,613618437,0,0,0,9216,0,10473191154
1333,613652444,74360,613726804,7,0,0,9728,7,9566502498
1334,613863117,104312,613967429,1,0,0,42496,1,9263844017
1335,613933693,101036,614034729,8,0,0,31744,8,4487884154
1336,613959563,106264,614065827,5,0,0,6656,5,4773370770
1337,613976102,31266,614007368,3,0,1,50688,3,1895897551
1338,614008636,240535,614249171,4,0,0,65024,4,5105277821
1339,614144568,7706,614152274,7,0,1,8192,7,348918805
1340,614145488,171897,614317385,5,0,0,60928,5,10220580274
1341,614459542,60824,614520366,7,0,0,5632,7,3165242220
1342,614559944,63920,614623864,2,0,0,10752,2,9006738611
1343,614605754,90236,614695990,2,0,0,21504,2,1698733669
1344,614613375,1994,614615369,8,0,1,2048,8,446982974
1345,614643176,105092,614748268,2,0,0,45056,2,1928183492
1346,614717293,59132,614776425,4,0,0,5120,4,2918615597
1347,614928638,62516,614991154,4,0,0,6144,4,2851013800
1348,614965257,62516,615027773,2,0,0,6144,2,3324732230
1349,614983992,61762,615045754,2,0,0,6656,2,5218900886
1350,615121830,123166,615244996,3,0,1,199680,3,1023081245
1351,615145458,245913,615391371,2,0,0,15360,2,5702810024
1352,615214075,121685,615335760,6,0,0,3584,6,7565251656
1353,615262195,4850,615267045,0,0,1,5120,0,374319089
1354,615335152,134298,615469450,7,0,0,7168,7,247100577
1355,615378813,72181,615450994,7,0,0,2048,7,1902196573
1356,615477594,59132,615536726,5,0,0,5120,5,7127072286
1357,615525705,6488,615532193,0,0,1,15872,0,1896561404
1358,615532564,105123,615637687,8,0,0,15360,8,2754993786
1359,615644224,118364,615762588,9,0,0,40448,9,9791609744
1360,615669832,70976,615740808,2,0,0,8704,2,5673761378
1361,615713731,115157,615828888,5,0,0,13824,5,5410291736
1362,615721060,119012,615840072,5,0,0,34816,5,8026594145
1363,615762461,44023,615806484,4,0,0,512,4,3514051594
1364,615775134,131382,615906516,7,0,0,44544,7,4989453988
1365,615798782,48388,615847170,9,0,0,1536,9,7600959352
1366,615922338,102908,616025246,9,0,0,37888,9,5524033725
1367,615941216,161916,616103132,8,0,0,65536,8,4422088851
1368,616181229,106420,616287649,8,0,0,44544,8,2632590365
1369,616190618,83444,616274062,0,0,0,14336,0,5626265338
1370,616259747,67148,616326895,6,0,0,11264,6,9326057422
1371,616287497,96284,616383781,5,0,0,15360,5,4947942940
1372,616306996,66524,616373520,8,0,0,9216,8,6428043417
1373,616331471,107108,616438579,3,0,0,32768,3,6107018480
1374,616354976,104237,616459213,5,0,0,3584,5,964246971
1375,616536541,108524,616645065,0,0,0,56320,0,7215394349
1376,616579378,123143,616702521,2,0,0,10752,2,8054438149
1377,616654908,110864,616765772,6,0,0,64000,6,9341720603
1378,616696812,104156,616800968,6,0,0,41984,6,10721236917
1379,616718680,151966,616870646,9,0,0,22528,9,9094764515
1380,616736754,4374,616741128,7,0,1,4608,7,10154113409
1381,616757592,71222,616828814,2,0,0,11264,2,5388259059
1382,616857807,106964,616964771,2,0,0,51200,2,3397550466
1383,616909721,78840,616988561,2,0,0,7168,2,4911304579
1384,617115969,66368,617182337,2,0,0,8704,2,8463127118
1385,617134202,98852,617233054,0,0,0,24576,0,5323842552
1386,617187781,64208,617251989,7,0,0,6656,7,3971050919
1387,617219905,13164,617233069,8,0,1,6144,8,6198518369
1388,617223258,87645,617310903,3,0,0,17408,3,8458182033
1389,617258811,52575,617311386,5,0,0,1536,5,7171585555
1390,617260903,437299,617698202,3,0,1,708096,3,9422643940
1391,617354749,279752,617634501,6,0,0,14336,6,2473575896
1392,617369665,365220,617734885,1,0,0,12800,1,1015416784
1393,617445204,133422,617578626,1,0,0,3072,1,4255241418
1394,617502123,299116,617801239,4,0,0,37888,4,6149637861
1395,617559321,485058,618044379,7,0,0,23552,7,6231404503
1396,617583652,318370,617902022,6,0,0,23552,6,10685178084
1397,617680825,302647,617983472,6,0,0,57856,6,10353320516
1398,617801717,54056,617855773,8,0,0,3584,8,5766776460
1399,617920969,124985,618045954,2,0,0,5120,2,9596345044
1400,617936584,1518,617938102,8,0,1,1536,8,9419613441
1401,617937735,191818,618129553,1,0,0,46592,1,10261047514
1402,618100143,71842,618171985,6,0,0,7168,6,5267775958
1403,618108487,67413,618175900,9,0,0,12800,9,9230815312
1404,618254478,99632,618354110,4,0,0,27136,4,9266317049
1405,618285523,103189,618388712,7,0,0,28672,7,5192055759
1406,618315145,124712,618439857,9,0,0,24064,9,1067761088
1407,618347635,100928,618448563,8,0,0,6144,8,3393545691
1408,618565115,1042,618566157,8,0,1,1024,8,10252011456
1409,618571214,86984,618658198,2,0,0,15872,2,10589438593
1410,618602401,96501,618698902,0,0,0,1024,0,9658821281
1411,618661593,13253,618674846,8,0,1,25600,8,3052655563
1412,618676793,101724,618778517,3,0,0,33792,3,8301434683
1413,618689579,78627,618768206,0,0,0,3072,0,4021568441
1414,618735063,180369,618915432,0,0,0,10752,0,209132166
1415,618758989,142781,618901770,7,0,0,52736,7,4244105331
1416,618901004,61582,618962586,4,0,0,5632,4,3146822726
1417,618939810,3128,618942938,0,0,1,9216,0,6081125503
1418,618940205,236302,619176507,2,0,0,47616,2,9628677451
1419,618994323,60516,619054839,1,0,0,512,1,10020595918
1420,619173069,95226,619268295,6,0,0,26624,6,3504596198
1421,619207530,80060,619287590,8,0,0,13312,8,4847134138
1422,619211657,86085,619297742,0,0,0,16384,0,2478866071
1423,619280720,77168,619357888,3,0,0,18944,3,3311287533
1424,619298430,1994,619300424,0,0,1,2048,0,3422119177
1425,619365504,2470,619367974,0,0,1,2560,0,5636255059
1426,619469912,7706,619477618,0,0,1,8192,0,800589816
1427,619519612,109772,619629384,4,0,0,60416,4,4181037038
1428,619615025,91519,619706544,4,0,0,18944,4,6060978922
1429,619678885,97760,619776645,1,0,0,20992,1,1253843710
1430,619730847,95936,619826783,2,0,0,25088,2,1943203682
1431,619736065,98336,619834401,4,0,0,6656,4,3567428424
1432,619766051,47288,619813339,5,0,0,1536,5,2342793192
1433,619767505,116126,619883631,3,0,0,15872,3,7102465184
1434,619800933,60824,619861757,9,0,0,5632,9,7661218800
1435,619803527,73000,619876527,3,0,0,7680,3,6297996367
1436,619843399,113516,619956915,8,0,0,72704,8,9408124326
1437,619851282,57440,619908722,0,0,0,4608,0,7854334058
1438,619888053,155958,620044011,0,0,0,58880,0,10677908727
1439,619897013,114706,620011719,4,0,0,30720,4,9629457562
1440,619936624,23229,619959853,8,0,1,3072,8,2470391175
1441,619965324,7230,619972554,0,0,1,7680,0,9217621425
1442,620005550,138505,620144055,1,0,0,87552,1,6125456311
1443,620021930,92569,620114499,9,0,0,12288,9,2742283098
1444,620051787,131334,620183121,7,0,0,29696,7,6532038341
1445,620137684,14069,620151753,3,0,1,8192,3,9610961419
1446,620152677,79479,620232156,3,0,0,5120,3,5866565325
1447,620260363,190500,620450863,8,0,0,86528,8,991393563
1448,620260381,2493,620262874,3,0,1,2560,3,2363998537
1449,620280636,143848,620424484,1,0,0,74752,1,2092504883
1450,620281305,176905,620458210,8,0,0,24064,8,10404922389
1451,620293406,23378,620316784,3,0,1,41984,3,7188663883
1452,620440593,144669,620585262,7,0,0,74240,7,3028770558
1453,620510587,76871,620587458,4,0,0,3584,4,1542734589
1454,620562604,102596,620665200,7,0,0,36864,7,9666649767
1455,620657441,86143,620743584,9,0,0,17920,9,1728239756
1456,620726365,119600,620845965,4,0,0,92672,4,1892556918
1457,620872448,4374,620876822,6,0,1,4608,6,10096005045
1458,620903308,190681,621093989,4,0,0,62976,4,7148086648
1459,620932278,125376,621057654,1,0,0,59392,1,3294855451
1460,620962201,145387,621107588,6,0,0,42496,6,3565399033
1461,621089431,117889,621207320,9,0,0,70144,9,4448368379
1462,621154791,217304,621372095,3,0,1,356352,3,3688809164
1463,621190335,158719,621349054,3,0,0,4096,3,5038163830
1464,621194854,192999,621387853,3,0,1,50688,3,7994539037
1465,621208092,331035,621539127,8,0,0,80384,8,8682632479
1466,621227081,285908,621512989,0,0,0,26112,0,8467036266
1467,621237345,201107,621438452,9,0,0,21504,9,6569335117
1468,621275697,361669,621637366,4,0,0,47616,4,2539971431
1469,621296360,404072,621700432,6,0,0,26624,6,5655169880
1470,621331047,238359,621569406,9,0,0,4608,9,6924986032
1471,621412936,162191,621575127,4,0,0,8192,4,10242764783
1472,621470885,85562,621556447,2,0,0,7680,2,9747087869
1473,621478160,125021,621603181,4,0,0,8704,4,9106826239
1474,621481005,158092,621639097,1,0,0,5632,1,7457651330
1475,621504176,276003,621780179,3,0,0,13824,3,6285382731
1476,621542414,114206,621656620,0,0,0,18944,0,3363185570
1477,621574394,99113,621673507,8,0,0,5120,8,5047085708
1478,621747099,1042,621748141,0,0,1,1024,0,1354760721
1479,621816839,82820,621899659,9,0,0,12288,9,8332424642
1480,621839056,120355,621959411,5,0,0,16384,5,10395373946
1481,621843440,83756,621927196,3,0,0,15360,3,6187741509
1482,621872264,57440,621929704,6,0,0,4608,6,162522539
1483,621911541,99788,622011329,3,0,0,27648,3,2700879180
1484,621930510,84890,622015400,8,0,0,13312,8,1651092478
1485,621942590,3422,621946012,8,0,1,3584,8,9203562953
1486,621943447,98677,622042124,9,0,0,19968,9,1988719397
1487,621969314,5326,621974640,8,0,1,5632,8,6418343148
1488,621989972,96078,622086050,8,0,0,11776,8,2003522927
1489,622019071,128233,622147304,1,0,0,30208,1,5657919094
1490,622022259,90236,622112495,5,0,0,21504,5,10478158348
1491,622031041,1518,622032559,0,0,1,1536,0,5635272802
1492,622085536,137141,622222677,9,0,0,62976,9,1629591180
1493,622092157,62984,622155141,5,0,0,7680,5,3168876755
1494,622098091,67592,622165683,2,0,0,7680,2,9083385381
1495,622106050,145997,622252047,0,0,0,1536,0,7430576424
1496,622107850,119686,622227536,2,0,0,15872,2,2441568019
1497,622152607,96416,622249023,3,0,0,11776,3,9234994997
1498,622210984,116525,622327509,2,0,0,36352,2,5831539015
1499,622231029,154830,622385859,3,0,0,25088,3,508656741
1500,622233585,136485,622370070,8,0,0,6656,8,8315035537
1501,622279997,88030,622368027,7,0,0,22016,7,8475810090
1502,622335223,107456,622442679,8,0,0,7680,8,568990350
1503,622351513,103814,622455327,3,0,0,18944,3,4178109793
1504,622398380,77185,622475565,3,0,0,3584,3,1649250941
1505,622532752,103064,622635816,7,0,0,38400,7,3906425454
1506,622612566,86096,622698662,8,0,0,23040,8,5800146441
1507,622625500,64364,622689864,1,0,0,3584,1,7158901311
1508,622652788,103064,622755852,8,0,0,38400,8,6547685751
1509,622996604,5802,623002406,6,0,1,6144,6,5423003389
1510,623290234,47288,623337522,7,0,0,1536,7,3767355733
1511,623329378,1994,623331372,0,0,1,2048,0,9058540056
1512,623387349,76856,623464205,9,0,0,17920,9,8969152361
1513,623404113,60419,623464532,8,0,0,1024,8,619859041
1514,623488229,110240,623598469,1,0,0,61952,1,8822203315
1515,623492849,7230,623500079,6,0,1,7680,6,1833194852
1516,623554616,100133,623654749,4,0,0,27648,4,6772752765
1517,623667185,99476,623766661,0,0,0,26624,0,8221841045
1518,623947038,99788,624046826,8,0,0,27648,8,7797520374
1519,623981120,140760,624121880,3,0,0,40960,3,2132991225
1520,624087891,103532,624191423,1,0,0,39936,1,745976705
1521,624129231,87254,624216485,2,0,0,5120,2,3969805645
1522,624137275,101854,624239129,1,0,0,18944,1,4536639119
1523,624192415,145420,624337835,9,0,0,16896,9,1940228009
1524,624221392,57440,624278832,9,0,0,4608,9,10488292859
1525,624224156,106000,624330156,2,0,0,41984,2,6881104643
1526,624254748,61223,624315971,6,0,0,5632,6,6681296786
1527,624261647,91836,624353483,3,0,0,12800,3,1229917636
1528,624288388,114576,624402964,5,0,0,27648,5,4611026775
1529,624401600,105824,624507424,5,0,0,43008,5,7370914375
1530,624432006,140716,624572722,9,0,0,39424,9,4951590504
1531,624451493,203941,624655434,5,0,0,39424,5,5972700297
1532,624522532,109772,624632304,6,0,0,60416,6,6113626576
1533,624567964,107810,624675774,8,0,0,20480,8,8649138699
1534,624625814,131074,624756888,6,0,0,109056,6,6852301874
1535,624659436,16353,624675789,4,0,1,19968,4,1189099162
1536,624662077,157327,624819404,7,0,0,13312,7,6620416909
1537,624672083,7085,624679168,4,0,1,9728,4,6321832417
1538,624706823,1994,624708817,0,0,1,2048,0,8811027380
1539,624743722,213735,624957457,0,0,0,24064,0,2946632690
1540,624796979,87896,624884875,4,0,0,13824,4,1729709572
1541,624872099,150270,625022369,9,0,0,28672,9,478653847
1542,624872332,100729,624973061,7,0,0,28160,7,9537728404
1543,624923676,174617,625098293,6,0,0,23552,6,6774060134
1544,625015229,98280,625113509,8,0,0,19456,8,1724715030
1545,625039435,60285,625099720,0,0,0,4608,0,10593395932
1546,625094185,109816,625204001,3,0,0,47104,3,6121906265
1547,625113437,10305,625123742,0,0,1,16384,0,8424372218
1548,625126105,151390,625277495,7,0,0,55296,7,7796391029
1549,625178432,207676,625386108,6,0,0,26112,6,9729286991
1550,625233941,73644,625307585,6,0,0,11776,6,2247234480
1551,625313477,105560,625419037,8,0,0,46592,8,1492473538
1552,625381298,128458,625509756,9,0,0,105984,9,7971531839
1553,625410308,100846,625511154,0,0,0,3584,0,8753997735
1554,625443152,95080,625538232,3,0,0,5632,3,7262667905
1555,625509476,64270,625573746,9,0,0,5120,9,346000528
1556,625539276,67592,625606868,2,0,0,7680,2,1726955044
1557,625565373,566,625565939,2,0,1,512,2,8957103344
1558,625575309,60536,625635845,6,0,0,9728,6,5849562068
1559,625634199,98930,625733129,2,0,0,19456,2,6389423450
1560,625684884,48572,625733456,8,0,0,1024,8,3222071206
1561,625743806,76052,625819858,8,0,0,10240,8,113720139
1562,625823799,95936,625919735,1,0,0,25088,1,8191782089
1563,625940276,83468,626023744,5,0,0,19456,5,7606184166
1564,626024558,101816,626126374,6,0,0,34304,6,10438690700
1565,626057439,145573,626203012,1,0,0,57856,1,822030680
1566,626057987,216647,626274634,7,0,0,59904,7,2046658133
1567,626143298,109130,626252428,7,0,0,1024,7,2248522390
1568,626149840,54123,626203963,7,0,0,3072,7,10156314671
1569,626158171,122250,626280421,1,0,0,18944,1,6805532129
1570,626222769,200241,626423010,0,0,0,6656,0,874902943
1571,626226091,61069,626287160,6,0,0,1024,6,197775033
1572,626253201,1994,626255195,0,0,1,2048,0,9983864231
1573,626426775,52364,626479139,4,0,0,3072,4,6826290014
1574,626534212,60824,626595036,9,0,0,5632,9,3922516270
1575,626547904,68528,626616432,6,0,0,10752,6,6039135726
1576,626549533,82133,626631666,0,0,0,13824,0,5737191019
1577,626637509,11533,626649042,8,0,1,18944,8,8337871914
1578,626649277,98252,626747529,2,0,0,27648,2,5688121503
1579,626654671,95837,626750508,2,0,0,9728,2,9971599676
1580,626680481,4850,626685331,8,0,1,5120,8,6509794946
1581,626874079,59132,626933211,8,0,0,5120,8,2412436591
1582,626950110,67592,627017702,3,0,0,7680,3,1820063431
1583,627115536,83912,627199448,3,0,0,15872,3,5498626423
1584,627168990,80840,627249830,9,0,0,15872,9,1761624759
1585,627174420,120548,627294968,9,0,0,29696,9,4437657624
1586,627424519,74516,627499035,9,0,0,10240,9,4446979197
1587,627462990,101192,627564182,2,0,0,32256,2,9662131276
1588,627638077,105716,627743793,1,0,0,47104,1,3152036070
1589,627653540,93700,627747240,0,0,0,11264,0,2979339939
1590,627720702,102596,627823298,7,0,0,36864,7,1985974667
1591,627734095,70577,627804672,7,0,0,4608,7,1914636001
1592,627787763,2470,627790233,0,0,1,2560,0,8562893441
1593,627816237,10475,627826712,1,0,1,3584,1,7579112445
1594,627876201,75320,627951521,5,0,0,17920,5,1098490319
1595,627889647,110084,627999731,3,0,0,61440,3,446138424
1596,628000338,54056,628054394,0,0,0,3584,0,7039666609
1597,628069322,102596,628171918,5,0,0,36864,5,805928204
1598,628077494,142472,628219966,1,0,0,63488,1,10532439329
1599,628096165,15579,628111744,8,0,1,30208,8,8038381582
1600,628111525,78080,628189605,3,0,0,16896,3,2764615627
1601,628113336,120241,628233577,1,0,0,10240,1,1661212244
1602,628117889,108396,628226285,7,0,0,16384,7,7102303221
1603,628152577,68028,628220605,3,0,0,2048,3,4968362927
1604,628296672,22691,628319363,3,0,1,37376,3,2462633689
1605,628300095,139470,628439565,6,0,0,65536,6,7939254027
1606,628317164,183751,628500915,5,0,0,38912,5,9049234201
1607,628533938,99944,628633882,3,0,0,28160,3,8391268380
1608,628668919,91640,628760559,6,0,0,26112,6,3734777156
1609,628709591,102238,628811829,0,0,0,11776,0,10133403459
1610,628829028,101816,628930844,0,0,0,34304,0,7463982827
1611,628975914,3898,628979812,8,0,1,4096,8,6731140558
1612,629150457,62672,629213129,2,0,0,6656,2,6092962769
1613,629152753,90704,629243457,8,0,0,23040,8,9064620522
1614,629243186,93595,629336781,1,0,0,26624,1,7214201793
1615,629353456,178620,629532076,0,0,0,95744,0,7863353627
1616,629362388,197471,629559859,6,0,0,91136,6,1150625178
1617,629603359,103376,629706735,1,0,0,39424,1,7007200076
1618,629654292,54056,629708348,3,0,0,3584,3,5673507909
1619,629673656,97448,629771104,2,0,0,19968,2,1992109151
1620,629787741,80996,629868737,5,0,0,16384,5,2744493577
1621,629828919,59132,629888051,3,0,0,5120,3,9331735743
1622,629860497,47288,629907785,8,0,0,1536,8,3840514185
1623,629896750,101660,629998410,0,0,0,33792,0,1791936405
1624,629962208,50672,630012880,6,0,0,2560,6,4812774675
1625,629979374,111491,630090865,3,0,1,180224,3,8709956038
1626,630051639,115144,630166783,1,0,0,12800,1,6121840219
1627,630083961,10130,630094091,3,0,1,5120,3,991066922
1628,630100863,208166,630309029,4,0,0,39424,4,4412807728
1629,630154574,77744,630232318,9,0,0,10752,9,3444545956
1630,630190183,119641,630309824,1,0,0,2560,1,4169507790
1631,630230155,8126,630238281,0,0,1,14848,0,9073304734
1632,630244624,3904,630248528,3,0,1,10752,3,517756417
1633,630279041,126368,630405409,7,0,0,34304,7,8822103417
1634,630279081,259138,630538219,8,0,0,44032,8,2335900872
1635,630306656,63072,630369728,0,0,0,7680,0,1708982843
1636,630340480,103863,630444343,3,0,0,9728,3,4039281293
1637,630384287,114942,630499229,1,0,0,59392,1,9538035878
1638,630402887,104313,630507200,5,0,0,26112,5,7057035058
1639,630418961,54056,630473017,8,0,0,3584,8,9560842099
1640,630438799,133704,630572503,3,0,0,3072,3,5710342152
1641,630467842,162465,630630307,7,0,0,46592,7,470279094
1642,630531488,122675,630654163,8,0,0,24064,8,7656184314
1643,630673910,45596,630719506,1,0,0,1024,1,9708838660
1644,630684789,130676,630815465,2,0,0,129024,2,9502862492
1645,630723766,115783,630839549,4,0,0,9216,4,1116245818
1646,630787384,89521,630876905,6,0,0,7680,6,4914968794
1647,630821234,56310,630877544,8,0,0,2048,8,6818906676
1648,630827339,566,630827905,8,0,1,512,8,4905201880
1649,630872696,101192,630973888,2,0,0,32256,2,2378054457
1650,630919256,123362,631042618,9,0,0,39936,9,7043724607
1651,630924867,189781,631114648,2,0,0,63488,2,6604599376
1652,630930678,60380,630991058,3,0,0,9216,3,6851088917
1653,630992020,150870,631142890,3,0,0,18944,3,6249685871
1654,631083934,59283,631143217,5,0,0,1024,5,8910338680
1655,631116679,82820,631199499,7,0,0,12288,7,9954266399
1656,631140839,91990,631232829,5,0,0,4608,5,6052421520
1657,631160244,76052,631236296,3,0,0,10240,3,9498200008
1658,631214420,100100,631314520,3,0,0,28672,3,9646158259
1659,631245561,78680,631324241,5,0,0,13824,5,7060635464
1660,631247423,86142,631333565,8,0,0,4096,8,7925049415
1661,631275681,4850,631280531,7,0,1,5120,7,4774749418
1662,631293998,99008,631393006,6,0,0,25088,6,8896485584
1663,631301507,13028,631314535,3,0,1,15360,3,5508797098
1664,631351530,1042,631352572,0,0,1,1024,0,6649057445
1665,631359964,100952,631460916,1,0,0,23040,1,1543610999
1666,631362532,167346,631529878,1,0,0,8704,1,5937655463
1667,631425110,79436,631504546,5,0,0,11264,5,1885052835
1668,631551190,45596,631596786,0,0,0,1024,0,2323965557
1669,631633997,67748,631701745,5,0,0,8192,5,3724072798
1670,631639840,135237,631775077,6,0,0,87552,6,4550602567
1671,631661828,566,631662394,0,0,1,512,0,4970534739
1672,631671304,105192,631776496,6,0,0,4608,6,9586263101
1673,631719075,71361,631790436,6,0,0,5632,6,3989886197
1674,631804567,70532,631875099,6,0,0,12288,6,2795891671
1675,631876270,98540,631974810,9,0,0,23552,9,6521720823
1676,631937080,118196,632055276,3,0,0,88064,3,32071479
1677,632060908,239160,632300068,9,0,0,163840,9,6512231342
1678,632069668,146060,632215728,3,0,0,36864,3,5696849272
1679,632082270,278860,632361130,4,0,0,75776,4,354773385
1680,632170386,201538,632371924,3,0,0,10240,3,1345189749
1681,632172760,238824,632411584,1,0,0,18432,1,978317723
1682,632186381,4850,632191231,8,0,1,5120,8,2382678960
1683,632186809,131261,632318070,3,0,0,38912,3,3697543263
1684,632197366,124619,632321985,2,0,0,12800,2,2437273539
1685,632216302,152487,632368789,9,0,0,25088,9,2605868503
1686,632261008,166610,632427618,8,0,0,15872,8,10016697175
1687,632400183,108325,632508508,2,0,0,36864,2,10633151764
1688,632420834,1042,632421876,0,0,1,1024,0,3456285905
1689,632477793,88412,632566205,2,0,0,25600,2,10423041282
1690,632501741,17000,632518741,1,0,1,16384,1,6196800053
1691,632574416,91436,632665852,0,0,0,15360,0,9901545563
1692,632657223,98540,632755763,4,0,0,23552,4,6742101840
1693,632684743,13083,632697826,9,0,1,22016,9,4698419805
1694,632702362,97916,632800278,6,0,0,21504,6,6357743548
1695,632705145,119493,632824638,5,0,0,40960,5,2515453651
1696,632771006,63466,632834472,3,0,0,1536,3,5951303356
1697,632892266,74828,632967094,0,0,0,11264,0,4418250923
1698,632911663,97287,633008950,3,0,0,27648,3,9766412414
1699,632928577,1994,632930571,8,0,1,2048,8,1221469115
1700,632987237,89612,633076849,8,0,0,19456,8,3161620836
1701,632991422,17543,633008965,3,0,1,18944,3,1992897168
1702,633057778,97292,633155070,0,0,0,19456,0,776621823
1703,633113921,183676,633297597,7,0,0,64000,7,3158232940
1704,633126159,83858,633210017,8,0,0,2560,8,5438733303
1705,633137581,97760,633235341,1,0,0,20992,1,5707113854
1706,633161080,144332,633305412,5,0,0,25600,5,1802637898
1707,633200590,7230,633207820,0,0,1,7680,0,1428119348
1708,633369845,11533,633381378,8,0,1,18944,8,9871251145
1709,633414660,93440,633508100,6,0,0,16896,6,5007459680
1710,633464151,60692,633524843,3,0,0,10240,3,32569910
1711,633634976,92552,633727528,3,0,0,24064,3,5388523234
1712,633641618,104312,633745930,5,0,0,42496,5,3746459488
1713,633747199,4374,633751573,3,0,1,4608,3,229279634
1714,633782527,103220,633885747,0,0,0,38912,0,4111460794
1715,633811287,55748,633867035,1,0,0,4096,1,8507337844
1716,633836855,117106,633953961,4,0,0,34816,4,4239521238
1717,633852511,125298,633977809,2,0,0,20480,2,7361621770
1718,633909383,92060,634001443,0,0,0,17408,0,7830082488
1719,633978461,47288,634025749,7,0,0,1536,7,5847220725
1720,633981673,75762,634057435,2,0,0,3584,2,10198307044
1721,634097976,1994,634099970,3,0,1,2048,3,9382911983
1722,634133906,82820,634216726,0,0,0,12288,0,9510528540
1723,634155078,5326,634160404,3,0,1,5632,3,6622136005
1724,634183853,104000,634287853,3,0,0,41472,3,1604458883
1725,634184141,65900,634250041,7,0,0,7168,7,320335596
1726,634207016,86788,634293804,0,0,0,19456,0,7441814310
1727,634231432,167849,634399281,7,0,0,39424,7,2921921848
1728,634260133,141191,634401324,0,0,0,6656,0,4063438991
1729,634281801,84280,634366081,9,0,0,17408,9,4694785290
1730,634307803,101154,634408957,7,0,0,22016,7,9298301420
1731,634374963,111726,634486689,8,0,0,26624,8,1591426940
1732,634484142,101235,634585377,3,0,0,24064,3,7717821842
1733,634513175,3422,634516597,8,0,1,3584,8,9381715572
1734,634559074,96059,634655133,2,0,0,13824,2,8851976104
1735,634569916,77324,634647240,7,0,0,19456,7,4576741739
1736,634625295,99532,634724827,0,0,0,8192,0,9005093894
1737,634636712,85604,634722316,5,0,0,16384,5,3575365286
1738,634640267,124565,634764832,4,0,0,75264,4,992901917
1739,634787110,85448,634872558,1,0,0,15872,1,2548216646
1740,634829714,3422,634833136,8,0,1,3584,8,9550360170
1741,634836264,112530,634948794,8,0,0,11776,8,5574176486
1742,634845683,79436,634925119,0,0,0,11264,0,2769324805
1743,634856614,60536,634917150,5,0,0,9728,5,9789168307
1744,634915212,109440,635024652,8,0,0,32768,8,10289795269
1745,634951013,91675,635042688,4,0,0,10240,4,4720340526
1746,635094469,103376,635197845,7,0,0,39424,7,3359215608
1747,635166442,85160,635251602,6,0,0,19968,6,9910995693
1748,635217331,6754,635224085,8,0,1,7168,8,4391046724
1749,635236544,71434,635307978,0,0,0,6144,0,2886376877
1750,635312651,101816,635414467,1,0,0,34304,1,10630748348
1751,635372344,96465,635468809,4,0,0,19968,4,2854944197
1752,635419169,50279,635469448,2,0,0,2048,2,525977681
1753,635468981,99311,635568292,6,0,0,24576,6,1607863444
1754,635621624,107276,635728900,1,0,0,52224,1,9204805172
1755,635719312,89172,635808484,8,0,0,11776,8,7366282620
1756,635837714,100568,635938282,7,0,0,30208,7,2609107899
1757,635869878,110614,635980492,8,0,0,16384,8,7603004131
1758,635949804,6488,635956292,2,0,1,15872,2,2868952900
1759,635975235,67592,636042827,2,0,0,7680,2,7772752862
1760,635986427,82688,636069115,3,0,0,16896,3,8981700946
1761,635995963,86670,636082633,5,0,0,9728,5,712042189
1762,636146118,105248,636251366,8,0,0,45568,8,94095623
1763,636194922,127778,636322700,7,0,0,51712,7,4731963881
1764,636262157,4374,636266531,8,0,1,4608,8,202753237
1765,636372144,93908,636466052,2,0,0,18432,2,2998508417
1766,636429526,11274,636440800,0,0,1,18432,0,6927353132
1767,636501330,97604,636598934,0,0,0,20480,0,7145787766
1768,636763708,82532,636846240,8,0,0,16384,8,3445731400
1769,636850567,92864,636943431,6,0,0,25088,6,8827042112
1770,636874263,50672,636924935,1,0,0,2560,1,10555265743
1771,636932121,106050,637038171,2,0,0,36352,2,3378281456
1772,637027465,79226,637106691,1,0,0,10752,1,8434500022
1773,637055466,55748,637111214,3,0,0,4096,3,7893672797
1774,637092825,72668,637165493,9,0,0,9216,9,6573001408
1775,637199913,16096,637216009,3,0,1,31232,3,5827606806
1776,637206740,106290,637313030,5,0,0,8704,5,3731396940
1777,637227621,128303,637355924,0,0,0,42496,0,4750851670
1778,637239596,1994,637241590,3,0,1,2048,3,1536628086
1779,637255246,107557,637362803,3,0,0,22528,3,392620712
1780,637349948,85515,637435463,9,0,0,9216,9,408656740
1781,637370613,96068,637466681,2,0,0,20480,2,3809766806
1782,637380610,2470,637383080,3,0,1,2560,3,3326377286
1783,637416275,115128,637531403,2,0,0,25088,2,1773112971
1784,637425729,14804,637440533,0,0,1,28672,0,1146959845
1785,637439266,165405,637604671,6,0,0,78336,6,9212961820
1786,637469039,103064,637572103,7,0,0,38400,7,2763185869
1787,637515929,4679,637520608,0,0,1,12288,0,9704842615
1788,637639962,153900,637793862,5,0,0,108032,5,8103793662
1789,637665878,133794,637799672,7,0,0,10752,7,10250576936
1790,637680611,115762,637796373,9,0,0,8192,9,1021288774
1791,637731229,70018,637801247,5,0,0,5120,5,2555913376
1792,637778026,117503,637895529,9,0,0,25600,9,8329087188
1793,637847727,108156,637955883,5,0,0,15872,5,295544036
1794,637982535,90836,638073371,0,0,0,18432,0,5069058966
1795,637986757,147622,638134379,7,0,0,57344,7,3285976206
1796,638196124,109460,638305584,0,0,0,59392,0,1131116944
1797,638475863,85472,638561335,6,0,0,20992,6,1432631240
1798,638506586,7230,638513816,8,0,1,7680,8,8979131332
1799,638508272,103758,638612030,2,0,0,3584,2,1500808385
1800,638516149,2470,638518619,5,0,1,2560,5,4955214734
1801,638565294,71756,638637050,1,0,0,11264,1,7063815928
1802,638660420,69284,638729704,7,0,0,8192,7,10145893034
1803,638698504,3128,638701632,0,0,1,9216,0,6403830859
1804,638761932,96092,638858024,4,0,0,25600,4,5744733760
1805,638768336,91731,638860067,6,0,0,6656,6,2649122925
1806,638797050,115076,638912126,2,0,0,77824,2,7270050436
1807,638800080,113153,638913233,0,0,0,3584,0,3660307929
1808,638936550,1518,638938068,0,0,1,1536,0,5315739655
1809,639004569,6754,639011323,8,0,1,7168,8,344123178
1810,639010505,103844,639114349,4,0,0,40960,4,4373523098
1811,639064669,57096,639121765,1,0,0,2560,1,9971959434
1812,639096592,86247,639182839,8,0,0,15360,8,3868656728
1813,639114656,121391,639236047,0,0,0,28672,0,286150740
1814,639187021,56216,639243237,2,0,0,5632,2,2122595868
1815,639309302,104624,639413926,7,0,0,43520,7,6377408002
1816,639450195,68996,639519191,7,0,0,12288,7,7928820142
1817,639459129,104834,639563963,6,0,0,28160,6,3693183670
1818,639501941,123912,639625853,6,0,0,18432,6,8158726069
1819,639636631,81776,639718407,8,0,0,18944,8,2385409769
1820,639653110,47288,639700398,1,0,0,1536,1,10067197016
1821,639675163,106610,639781773,1,0,0,29184,1,8460028003
1822,639727731,57440,639785171,9,0,0,4608,9,8108663369
1823,639794512,66304,639860816,9,0,0,2048,9,1473832508
1824,639811516,1042,639812558,8,0,1,1024,8,6342823442
1825,639844579,101036,639945615,2,0,0,31744,2,492467139
1826,639873265,99476,639972741,2,0,0,26624,2,3746865403
1827,639911204,103615,640014819,9,0,0,17408,9,6548981277
1828,639920888,82820,640003708,3,0,0,12288,3,8578614370
1829,639922335,128755,640051090,9,0,0,20480,9,246963784
1830,639926729,158332,640085061,1,0,0,19968,1,1317085921
1831,639954887,49148,640004035,9,0,0,1024,9,2089830926
1832,640059146,48980,640108126,8,0,0,2048,8,3148701703
1833,640100342,93284,640193626,7,0,0,16384,7,8072161822
1834,640208463,93176,640301639,6,0,0,26112,6,2246000040
1835,640346023,3904,640349927,9,0,1,10752,9,282155148
1836,640439217,102205,640541422,3,0,0,10240,3,10661438454
1837,640442084,4162,640446246,3,0,1,11264,3,3948544421
1838,640591144,62516,640653660,4,0,0,6144,4,8076597698
1839,640641559,79436,640720995,2,0,0,11264,2,5986110563
1840,640721315,48980,640770295,9,0,0,2048,9,4571110943
1841,640721515,108212,640829727,5,0,0,55296,5,2956779339
1842,640745243,10757,640756000,0,0,1,17408,0,4522734416
1843,640875060,97916,640972976,2,0,0,21504,2,6134978589
1844,640998427,100880,641099307,3,0,0,31232,3,1280402524
1845,641009309,191060,641200369,7,0,0,165888,7,9854791173
1846,641192531,109022,641301553,4,0,0,32256,4,7289323708
1847,641343643,86228,641429871,3,0,0,18432,3,8636290307
1848,641460898,117572,641578470,8,0,0,86016,8,6598559189
1849,641605881,67592,641673473,9,0,0,7680,9,10459464136
1850,641612327,151956,641764283,7,0,0,72704,7,6274951080
1851,641622301,91542,641713843,6,0,0,3072,6,2308181990
1852,641650530,156831,641807361,8,0,0,17920,8,5781591608
1853,641658367,107647,641766014,1,0,0,5632,1,1174414443
1854,641661542,119948,641781490,5,0,0,23552,5,1618380050
1855,641682367,91932,641774299,0,0,0,7680,0,6510268377
1856,641818203,93020,641911223,1,0,0,25600,1,6938502919
1857,641957199,102128,642059327,1,0,0,35328,1,2888768776
1858,641981367,90602,642071969,0,0,0,5120,0,5209545277
1859,642109196,78392,642187588,6,0,0,17920,6,937484881
1860,642155635,13083,642168718,0,0,1,22016,0,8720905606
1861,642221489,92552,642314041,1,0,0,24064,1,6171012522
1862,642297647,60824,642358471,1,0,0,5632,1,10359813575
1863,642331102,70976,642402078,5,0,0,8704,5,4326738472
1864,642381645,76856,642458501,8,0,0,17920,8,4900107915
1865,642386290,43904,642430194,3,0,0,512,3,210480950
1866,642463946,99320,642563266,5,0,0,26112,5,7404717483
1867,642474726,70532,642545258,2,0,0,12288,2,10181106795
1868,642558972,53578,642612550,1,0,0,3072,1,296605310
1869,642613025,81308,642694333,3,0,0,17408,3,664524372
1870,642615110,4162,642619272,3,0,1,11264,3,2034187057
1871,642618362,65685,642684047,3,0,0,10752,3,3030194071
1872,642665660,99944,642765604,4,0,0,28160,4,988382861
1873,642701448,91786,642793234,0,0,0,16896,0,8770644046
1874,642731923,88965,642820888,0,0,0,10752,0,2500335062
1875,642842944,52364,642895308,8,0,0,3072,8,692312142
1876,642843684,82820,642926504,7,0,0,12288,7,5089019907
1877,642851164,129640,642980804,8,0,0,29184,8,3649595389
1878,642912267,97760,643010027,0,0,0,20992,0,8573068185
1879,642961021,108656,643069677,2,0,0,22016,2,3194866821
1880,642974488,78976,643053464,4,0,0,9216,4,1052951649
1881,642980504,106278,643086782,1,0,0,37888,1,8915330338
1882,642987046,135215,643122261,5,0,0,33280,5,8491464716
1883,643063122,99327,643162449,3,0,0,6656,3,3942432750
1884,643075207,50672,643125879,4,0,0,2560,4,5759007921
1885,643167681,103688,643271369,4,0,0,40448,4,5232674151
1886,643457062,57752,643514814,5,0,0,5632,5,7365095163
1887,643571302,63140,643634442,7,0,0,8192,7,7473111825
1888,643626180,8277,643634457,2,0,1,8192,2,5583811755
1889,643640788,62072,643702860,8,0,0,9728,8,8677676660
1890,643798793,43904,643842697,6,0,0,512,6,5262417056
1891,643967577,107120,644074697,4,0,0,51712,4,838513451
1892,643980407,146232,644126639,1,0,0,49664,1,5990682847
1893,644089918,48980,644138898,8,0,0,2048,8,293737824
1894,644113928,111555,644225483,6,0,0,24576,6,4192452846
1895,644158118,55748,644213866,3,0,0,4096,3,8738795590
1896,644158715,114599,644273314,4,0,0,37888,4,927313204
1897,644207748,159427,644367175,9,0,0,94720,9,4639920438
1898,644261905,15299,644277204,8,0,1,4096,8,5537110973
1899,644310511,112260,644422771,1,0,0,12800,1,6502435165
1900,644330299,78936,644409235,2,0,0,8704,2,5080002308
1901,644338201,89109,644427310,0,0,0,14848,0,9511687482
1902,644338708,99435,644438143,0,0,0,8704,0,4549477549
1903,644369988,145539,644515527,2,0,0,79360,2,6846835717
1904,644505235,64340,644569575,1,0,0,3584,1,8306669832
1905,644513615,76913,644590528,9,0,0,11776,9,2254941915
1906,644634708,2946,644637654,8,0,1,3072,8,6514744512
1907,644638756,90829,644729585,6,0,0,12288,6,1798714530
1908,644785462,130364,644915826,9,0,0,128000,9,3276013129
1909,644808420,207077,645015497,9,0,0,3584,9,6056394140
1910,644815801,130271,644946072,0,0,0,19456,0,10040291424
1911,644819130,148506,644967636,1,0,0,65024,1,655585961
1912,644849828,164554,645014382,9,0,0,35840,9,3986932874
1913,644975623,110513,645086136,9,0,0,33280,9,9635460471
1914,645004233,161037,645165270,2,0,0,65024,2,8330105964
1915,645078183,88834,645167017,2,0,0,5632,2,1121858357
1916,645151370,134921,645286291,0,0,0,97280,0,10692715090
1917,645162447,153627,645316074,7,0,0,33792,7,5898260609
1918,645215053,109772,645324825,0,0,0,28672,0,6698810163
1919,645240803,111601,645352404,8,0,0,10752,8,10586688405
1920,645321764,5047,645326811,8,0,1,2048,8,6056705564
1921,645396570,144838,645541408,3,0,0,17920,3,5071789336
1922,645496323,61136,645557459,8,0,0,6656,8,1737856661
1923,645605901,99008,645704909,9,0,0,25088,9,4355546910
1924,645687789,152434,645840223,2,0,0,77824,2,10585145156
1925,645706715,141175,645847890,4,0,0,25088,4,4791982738
1926,645718407,148736,645867143,6,0,0,9728,6,475301777
1927,645760426,125907,645886333,8,0,0,11264,8,6161905782
1928,645834823,91596,645926419,0,0,0,13312,0,5316036095
1929,645841632,118285,645959917,4,0,0,41472,4,10265156888
1930,645935134,72224,646007358,2,0,0,12800,2,5105723414
1931,646145173,86516,646231689,6,0,0,14336,6,3959238045
1932,646223621,99008,646322629,3,0,0,25088,3,4091801149
1933,646227253,73962,646301215,0,0,0,4096,0,2169141540
1934,646330353,101816,646432169,4,0,0,34304,4,4587254942
1935,646403505,6488,646409993,8,0,1,15872,8,10249239134
1936,646404202,59936,646464138,1,0,0,4096,1,1389908132
1937,646426788,170370,646597158,9,0,0,512,9,7757754488
1938,646739989,104780,646844769,0,0,0,44032,0,9888169452
1939,646787532,73995,646861527,7,0,0,7168,7,8430440435
1940,646811926,1042,646812968,8,0,1,1024,8,6203372482
1941,646820256,94088,646914344,2,0,0,24064,2,7834489227
1942,646888211,99164,646987375,3,0,0,25600,3,6838339899
1943,646935641,69284,647004925,1,0,0,8192,1,3251815950
1944,646983788,103991,647087779,7,0,0,29696,7,6091919466
1945,647155878,50672,647206550,9,0,0,2560,9,3779667298
1946,647329248,105560,647434808,7,0,0,46592,7,58475343
1947,647379106,139390,647518496,2,0,0,26624,2,5832232873
1948,647427901,129631,647557532,1,0,0,64000,1,510923327
1949,647450034,115781,647565815,2,0,0,27136,2,8492641034
1950,647516726,101238,647617964,8,0,0,26624,8,5345378676
1951,647564765,69615,647634380,8,0,0,7680,8,8207526902
1952,647650628,4162,647654790,0,0,1,11264,0,1388891110
1953,647696030,118820,647814850,1,0,0,90112,1,5997897063
1954,647713088,128450,647841538,9,0,0,16384,9,648332768
1955,647732937,198799,647931736,7,0,0,35328,7,8782702105
1956,647765676,118316,647883992,1,0,0,44032,1,1782776580
1957,647777716,140418,647918134,5,0,0,23552,5,10430189250
1958,647778112,3422,647781534,6,0,1,3584,6,5713576264
1959,647791233,94237,647885470,4,0,0,2048,4,3841572710
1960,647810915,137583,647948498,5,0,0,2560,5,3212901687
1961,647812802,108155,647920957,0,0,0,9216,0,1770365125
1962,647826574,147666,647974240,2,0,0,25088,2,129249712
1963,647876630,152426,648029056,7,0,0,6144,7,5412946880
1964,647942625,43904,647986529,1,0,0,512,1,4367342410
1965,648003123,71443,648074566,2,0,0,8192,2,2684193741
1966,648012065,2946,648015011,8,0,1,3072,8,2935552612
1967,648044669,71000,648115669,5,0,0,13824,5,5508649902
1968,648057674,121010,648178684,0,0,0,61440,0,4214691503
1969,648101995,182636,648284631,7,0,0,33280,7,2205552656
1970,648160997,66659,648227656,8,0,0,2048,8,4007317773
1971,648174712,64369,648239081,2,0,0,9216,2,5534465206
1972,648179056,4937,648183993,3,0,1,12800,3,10477196213
1973,648182843,66652,648249495,9,0,0,8704,9,10619082584
1974,648209193,143755,648352948,2,0,0,43008,2,9163283685
1975,648244056,68421,648312477,0,0,0,2560,0,9452829687
1976,648275780,93355,648369135,7,0,0,12800,7,3002072163
1977,648413137,566,648413703,8,0,1,512,8,971360160
1978,648494331,96404,648590735,3,0,0,26624,3,6972728127
1979,648522332,189369,648711701,0,0,0,69632,0,9549626989
1980,648531815,125430,648657245,2,0,0,52224,2,6513403976
1981,648604161,10499,648614660,0,0,1,16896,0,6653152086
1982,648607511,154137,648761648,0,0,0,34816,0,2481082425
1983,648681834,97064,648778898,8,0,0,4608,8,5044470617
1984,648770505,72692,648843197,9,0,0,14336,9,7435036460
1985,648803271,117812,648921083,4,0,0,41984,4,8036184079
1986,648846697,126232,648972929,3,0,0,19456,3,9985745966
1987,648892788,64208,648956996,8,0,0,6656,8,970416262
1988,648918226,114784,649033010,1,0,0,28160,1,5108113532
1989,648918664,104179,649022843,2,0,0,10752,2,6264534333
1990,649042101,45752,649087853,0,0,0,1536,0,10160513913
1991,649097560,100100,649197660,6,0,0,28672,6,6571283354
1992,649098354,80802,649179156,2,0,0,13312,2,2300705065
1993,649124064,566,649124630,3,0,1,512,3,5655023980
1994,649188095,54059,649242154,4,0,0,3584,4,3816238152
1995,649188106,50054,649238160,0,0,0,3072,0,10193775031
1996,649221089,62384,649283473,2,0,0,10752,2,3625328212
1997,649277314,1518,649278832,5,0,1,1536,5,10607693707
1998,649345903,90680,649436583,7,0,0,17920,7,3572440387
1999,649401722,111655,649513377,4,0,0,41984,4,744750368
2000,649441359,115698,649557057,0,0,0,6656,0,2792684471
2001,649442082,72246,649514328,9,0,0,3072,9,3477752418
2002,649514470,79436,649593906,2,0,0,11264,2,3213300518
2003,649547304,3904,649551208,6,0,1,10752,6,702807311
2004,649640787,54368,649695155,6,0,0,4608,6,10736728281
2005,649787160,566,649787726,5,0,1,512,5,6644587504
2006,649875217,63140,649938357,6,0,0,8192,6,4330571930
2007,649898682,91328,649990010,8,0,0,25088,8,9851446246
2008,649979433,98228,650077661,3,0,0,22528,3,3468761661
2009,649998344,128655,650126999,9,0,0,22016,9,184601934
2010,650008789,88930,650097719,2,0,0,1536,2,10159530791
2011,650060783,69660,650130443,3,0,0,3072,3,2151152703
2012,650111649,89744,650201393,4,0,0,14848,4,9227079360
2013,650204827,66524,650271351,0,0,0,9216,0,6149603663
2014,650284394,101816,650386210,1,0,0,34304,1,2609733844
2015,650450493,47288,650497781,7,0,0,1536,7,4423184358
2016,650608318,100412,650708730,8,0,0,29696,8,7112728379
2017,650637687,47288,650684975,9,0,0,1536,9,10019681820
2018,650720992,97448,650818440,7,0,0,19968,7,2622885273
2019,650801208,65900,650867108,9,0,0,7168,9,1484360521
2020,650871845,58706,650930551,7,0,0,5632,7,2358258205
2021,650872799,100724,650973523,9,0,0,30720,9,7880599737
2022,650939156,5712,650944868,0,0,1,14336,0,3001224667
2023,650998995,109928,651108923,7,0,0,60928,7,7411842799
2024,651132837,48980,651181817,7,0,0,2048,7,5833505846
2025,651242712,71156,651313868,9,0,0,14336,9,5641519470
2026,651367773,78680,651446453,1,0,0,13824,1,6148543592
2027,651385516,47288,651432804,1,0,0,1536,1,1025678768
2028,651391396,64208,651455604,8,0,0,6656,8,1031159251
2029,651525771,93932,651619703,2,0,0,23552,2,8363100703
2030,651629349,72848,651702197,9,0,0,14848,9,5174130861
2031,651707141,83288,651790429,2,0,0,13824,2,2877091303
2032,651716470,98720,651815190,8,0,0,29184,8,9390565661
2033,652009004,108524,652117528,0,0,0,56320,0,5465307191
2034,652108645,59547,652168192,2,0,0,2560,2,1493468922
2035,652148203,2470,652150673,0,0,1,2560,0,2374669408
2036,652169136,55748,652224884,0,0,0,4096,0,5344117332
2037,652191210,101348,652292558,9,0,0,32768,9,364725769
2038,652201447,226420,652427867,6,0,0,28672,6,4806288392
2039,652257796,161312,652419108,3,0,0,143872,3,3801554382
2040,652262690,194694,652457384,7,0,0,28160,7,9908458525
2041,652365519,154073,652519592,3,0,0,13312,3,9929142033
2042,652399380,189614,652588994,3,0,0,33280,3,7243562487
2043,652413256,183553,652596809,4,0,0,25600,4,157356899
2044,652505065,136693,652641758,0,0,0,50176,0,10023382215
2045,652561795,139826,652701621,1,0,0,45568,1,3349238696
2046,652611630,142107,652753737,9,0,0,55296,9,310682027
2047,652650361,167630,652817991,4,0,0,58368,4,9075601510
2048,652666429,127202,652793631,7,0,0,23040,7,2418712396
2049,652833367,64208,652897575,7,0,0,6656,7,3305383939
2050,652861103,3904,652865007,0,0,1,10752,0,733650816
2051,653059673,43904,653103577,6,0,0,512,6,2284601278
2052,653199869,100880,653300749,7,0,0,31232,7,3366259683
2053,653294869,76848,653371717,9,0,0,8704,9,4862264801
2054,653337098,96380,653433478,9,0,0,21504,9,4529138259
2055,653384438,1994,653386432,8,0,1,2048,8,3090943223
2056,653498094,97916,653596010,8,0,0,21504,8,598067934
2057,653501992,77012,653579004,9,0,0,18432,9,10346098250
2058,653517627,103688,653621315,3,0,0,40448,3,4165624970
2059,653573133,52364,653625497,6,0,0,3072,6,2958790401
2060,653607275,115388,653722663,9,0,0,78848,9,6867473848
2061,653666780,118013,653784793,3,0,0,54784,3,8608181172
2062,653707492,128145,653835637,6,0,0,7680,6,7218876458
2063,653819561,105872,653925433,3,0,0,47616,3,8511683938
2064,653882607,104962,653987569,8,0,0,17408,8,9535042729
2065,653974400,70220,654044620,3,0,0,11264,3,7511080653
2066,654084389,1994,654086383,6,0,1,2048,6,7597212676
2067,654153762,47288,654201050,9,0,0,1536,9,2425783590
2068,654160950,102908,654263858,4,0,0,37888,4,3632286035
2069,654191034,2946,654193980,3,0,1,3072,3,10382347128
2070,654306588,12049,654318637,0,0,1,19968,0,8917293493
2071,654376623,103376,654479999,8,0,0,39424,8,9824249349
2072,654425667,95912,654521579,1,0,0,19968,1,2907789536
2073,654551223,99008,654650231,7,0,0,25088,7,4578181554
2074,654561570,113957,654675527,2,0,0,47616,2,10617228647
2075,654567273,3128,654570401,0,0,1,9216,0,7312110463
2076,654580122,142406,654722528,0,0,0,60928,0,6884384531
2077,654659651,15899,654675550,3,0,1,12800,3,4442532928
2078,654662160,260456,654922616,3,0,0,69120,3,9322606070
2079,654667790,70278,654738068,8,0,0,6144,8,10616047533
2080,654684990,54627,654739617,3,0,0,4096,3,1500998393
2081,654798789,102752,654901541,2,0,0,37376,2,8552894595
2082,654807828,138428,654946256,7,0,0,41472,7,2876381253
2083,654876692,2870,654879562,3,0,1,8704,3,6401225789
2084,654943450,8600,654952050,0,0,1,6144,0,6836334428
2085,655082380,55748,655138128,1,0,0,4096,1,2218659525
2086,655110768,79436,655190204,0,0,0,11264,0,3587557254
2087,655115325,4937,655120262,3,0,1,12800,3,6883433844
2088,655217032,100724,655317756,4,0,0,30720,4,703528768
2089,655234873,55748,655290621,1,0,0,4096,1,3268536228
2090,655385051,57440,655442491,7,0,0,4608,7,3878320991
2091,655389883,110184,655500067,4,0,0,32256,4,2585174095
2092,655445102,11274,655456376,0,0,1,18432,0,6599180324
2093,655539576,51140,655590716,1,0,0,4096,1,8952933433
2094,655607373,100100,655707473,7,0,0,28672,7,911666937
2095,655636515,105092,655741607,0,0,0,28672,0,6944984613
2096,655643676,108011,655751687,2,0,0,16384,2,2119057
2097,655660771,48980,655709751,2,0,0,2048,2,10421854046
2098,655763416,95804,655859220,2,0,0,29696,2,9177997183
2099,655767930,138138,655906068,0,0,0,62464,0,1657135272
2100,655808214,145144,655953358,2,0,0,17920,2,9185881328
2101,655870358,54212,655924570,2,0,0,4096,2,2767362232
2102,655891343,139331,656030674,0,0,0,28672,0,109395729
2103,655916833,74510,655991343,1,0,0,14848,1,3841486672
2104,655921567,95841,656017408,1,0,0,10240,1,7924137742
2105,655922894,140018,656062912,8,0,0,17408,8,5648522548
2106,655957240,123228,656080468,7,0,0,13312,7,1343794419
2107,656021718,93440,656115158,1,0,0,16896,1,7876850298
2108,656031135,99695,656130830,2,0,0,17920,2,1101643414
2109,656059895,83189,656143084,1,0,0,1024,1,2145890639
2110,656162837,61760,656224597,6,0,0,8704,6,6055643570
2111,656184054,122953,656307007,1,0,0,51200,1,7610590104
2112,656246139,128099,656374238,3,0,0,29696,3,6312803052
2113,656478476,96716,656575192,4,0,0,27648,4,2916209479
2114,656481360,111163,656592523,9,0,0,56832,9,2412124340
2115,656490489,120887,656611376,4,0,0,20992,4,1559693003
2116,656564614,115600,656680214,6,0,0,18944,6,4128335801
2117,656636596,99320,656735916,4,0,0,26112,4,4752555470
2118,656794719,7706,656802425,2,0,1,8192,2,5759257337
2119,656826547,90383,656916930,1,0,0,18944,1,4147276711
2120,656830015,81128,656911143,2,0,0,11776,2,1265497441
2121,656954851,97004,657051855,4,0,0,23552,4,3035182256
2122,656955533,76052,657031585,2,0,0,10240,2,8954150908
2123,657051105,63258,657114363,5,0,0,6144,5,4174246150
2124,657059740,74360,657134100,9,0,0,9728,9,6544247234
2125,657229849,113516,657343365,1,0,0,72704,1,8404438273
2126,657310604,566,657311170,0,0,1,512,0,4169456604
2127,657334136,112597,657446733,8,0,0,39424,8,6609911355
2128,657350687,105117,657455804,7,0,0,29696,7,3022194135
2129,657437222,53407,657490629,0,0,0,512,0,1758386022
2130,657462245,43904,657506149,7,0,0,512,7,985918810
2131,657574365,5326,657579691,8,0,1,5632,8,4669028658
2132,657687761,126115,657813876,9,0,0,12288,9,10486621040
2133,657696580,87452,657784032,4,0,0,17408,4,1337743942
2134,657729339,180543,657909882,9,0,0,33280,9,8670375307
2135,657731552,100618,657832170,3,0,0,17408,3,5929535387
2136,657737741,119479,657857220,2,0,0,12800,2,10485466742
2137,657743728,101852,657845580,9,0,0,25600,9,1295339
2138,657792103,192677,657984780,8,0,0,46080,8,6635396209
2139,657894128,122926,658017054,8,0,0,9728,8,3797878672
2140,657937794,1042,657938836,2,0,1,1024,2,1523715637
2141,657950297,79021,658029318,0,0,0,4608,0,82681367
2142,658000912,90680,658091592,6,0,0,17920,6,8078414293
2143,658095811,101504,658197315,4,0,0,33280,4,8768626023
2144,658112283,54056,658166339,0,0,0,3584,0,1459934808
2145,658125682,100568,658226250,3,0,0,30208,3,151114534
2146,658326754,43904,658370658,9,0,0,512,9,8274013990
2147,658340176,99632,658439808,1,0,0,27136,1,625815118
2148,658373448,133690,658507138,1,0,0,77312,1,2725528432
2149,658395023,88544,658483567,6,0,0,20992,6,422561841
2150,658471655,86384,658558039,3,0,0,18944,3,8774584400
2151,658653274,112736,658766010,1,0,0,70144,1,27094991
2152,658715934,102128,658818062,0,0,0,35328,0,8455577682
2153,658986820,3645,658990465,2,0,1,10240,2,8824426884
2154,658990215,231867,659222082,6,0,0,22016,6,6253338751
2155,659025682,95249,659120931,5,0,0,11776,5,6729942696
2156,659070096,101660,659171756,0,0,0,33792,0,4490610927
2157,659105325,110034,659215359,8,0,0,22016,8,8641233116
2158,659126067,3898,659129965,0,0,1,4096,0,612673591
2159,659188146,97760,659285906,0,0,0,20992,0,6739544315
2160,659281672,79678,659361350,9,0,0,13312,9,5751452791
2161,659370735,97472,659468207,8,0,0,25088,8,3014445856
2162,659398921,132160,659531081,3,0,0,28672,3,8397741055
2163,659650017,116012,659766029,9,0,0,80896,9,641412216
2164,659709384,136097,659845481,4,0,0,41984,4,2792293864
2165,659720965,107680,659828645,8,0,0,22016,8,1809827502
2166,659728184,5802,659733986,0,0,1,6144,0,2761417580
2167,659797235,98562,659895797,6,0,0,13312,6,9306071540
2168,659807279,203568,660010847,4,0,0,19968,4,10364552765
2169,659823752,8307,659832059,8,0,1,3584,8,10284460345
2170,659834494,110455,659944949,6,0,0,26624,6,4878363991
2171,659941077,117998,660059075,7,0,0,4608,7,3853296861
2172,660134729,98228,660232957,9,0,0,22528,9,7003026555
2173,660218671,1994,660220665,2,0,1,2048,2,554479352
2174,660240152,103376,660343528,8,0,0,39424,8,10402540774
2175,660277293,123541,660400834,9,0,0,34816,9,4548582976
2176,660330466,73971,660404437,4,0,0,11776,4,8826287248
2177,660408884,95648,660504532,9,0,0,29184,9,1204532196
2178,660440118,101056,660541174,8,0,0,7168,8,5721328288
2179,660452865,566,660453431,8,0,1,512,8,5221654595
2180,660535025,74540,660609565,8,0,0,15360,8,7090890539
2181,660583032,566,660583598,3,0,1,512,3,10049432074
2182,660662914,99008,660761922,4,0,0,25088,4,2710509752
2183,660677611,67592,660745203,2,0,0,7680,2,846357091
2184,660715802,120418,660836220,5,0,0,40960,5,9703946656
2185,660937136,43904,660981040,5,0,0,512,5,6421199908
2186,660980251,47865,661028116,1,0,0,1536,1,809056477
2187,661078052,81284,661159336,2,0,0,12288,2,1618116095
2188,661207256,101036,661308292,1,0,0,31744,1,9839535675
2189,661229066,137624,661366690,5,0,0,30720,5,7555759642
2190,661237365,83725,661321090,1,0,0,2048,1,4481184101
2191,661319283,98623,661417906,4,0,0,30208,4,9407603071
2192,661340241,147463,661487704,8,0,0,36352,8,1922165101
2193,661453068,84508,661537576,2,0,0,11264,2,8674786599
2194,661468207,4850,661473057,3,0,1,5120,3,5808921671
2195,661526059,99476,661625535,9,0,0,26624,9,5861719822
2196,661543249,566,661543815,9,0,1,512,9,2390118942
2197,661557772,99533,661657305,1,0,0,13824,1,7737621299
2198,661558150,108554,661666704,8,0,0,12288,8,7184261695
2199,661777214,51140,661828354,1,0,0,4096,1,4397682299
2200,661807804,1518,661809322,0,0,1,1536,0,2251955626
2201,661808842,88544,661897386,8,0,0,20992,8,7605048430
2202,661830707,90145,661920852,0,0,0,6144,0,3416576666
2203,661966098,3898,661969996,5,0,1,4096,5,8837314496
2204,662144048,57440,662201488,0,0,0,4608,0,3902672229
2205,662183989,139683,662323672,3,0,0,55808,3,4027988625
2206,662198894,103844,662302738,3,0,0,40960,3,2186571296
2207,662200371,58705,662259076,1,0,0,5120,1,3763456758
2208,662270616,2946,662273562,2,0,1,3072,2,7973806198
2209,662441295,4850,662446145,9,0,1,5120,9,870304319
2210,662557887,111176,662669063,6,0,0,65024,6,8009114087
2211,662571669,97721,662669390,2,0,0,1024,2,5027371598
2212,662609986,75103,662685089,0,0,0,4608,0,332645752
2213,662670682,110552,662781234,6,0,0,62976,6,3344009515
2214,662751731,52364,662804095,6,0,0,3072,6,10083863878
2215,662819452,94844,662914296,4,0,0,21504,4,7514104159
2216,662917984,71912,662989896,4,0,0,11776,4,5459947149
2217,662923719,49077,662972796,6,0,0,1024,6,10503552946
2218,662978710,109202,663087912,4,0,0,33792,4,2078191939
2219,663075055,58532,663133587,9,0,0,8192,9,2004909366
2220,663104478,78836,663183314,9,0,0,14336,9,806128587
2221,663129754,167168,663296922,1,0,0,147968,1,2694305138
2222,663248221,1518,663249739,0,0,1,1536,0,1862845601
2223,663275775,124203,663399978,8,0,0,38400,8,7698635323
2224,663401286,111020,663512306,0,0,0,64512,0,8712435187
2225,663461816,92376,663554192,8,0,0,14336,8,1904139336
2226,663738125,106340,663844465,0,0,0,49152,0,582257355
2227,663772249,121410,663893659,4,0,0,17920,4,2192172243
2228,663777798,129997,663907795,8,0,0,18944,8,8026910296
2229,663888347,110552,663998899,0,0,0,45568,0,1685393242
2230,663904816,118737,664023553,8,0,0,54784,8,1324060594
2231,663966374,139456,664105830,0,0,0,36864,0,7829032159
2232,663979793,114782,664094575,1,0,0,59904,1,8305072210
2233,663988507,121402,664109909,6,0,0,13312,6,2573548872
2234,664027765,118878,664146643,8,0,0,11776,8,2493803063
2235,664079902,30022,664109924,3,0,1,4096,3,9977531023
2236,664132095,67748,664199843,0,0,0,8192,0,2937284816
2237,664241119,96872,664337991,3,0,0,28160,3,9003889918
2238,664243702,6754,664250456,9,0,1,7168,9,7432180337
2239,664271158,110351,664381509,7,0,0,16896,7,8620106141
2240,664282850,55312,664338162,2,0,0,512,2,6758247817
2241,664294923,131568,664426491,4,0,0,18944,4,6859741562
2242,664328116,73019,664401135,5,0,0,16384,5,1423097072
2243,664342791,90368,664433159,3,0,0,16896,3,5104868281
2244,664382761,90260,664473021,2,0,0,9216,2,8808633989
2245,664417347,114024,664531371,9,0,0,63488,9,2113349826
2246,664453654,130535,664584189,8,0,0,18944,8,2403517207
2247,664546811,2870,664549681,9,0,1,8704,9,1601218791
2248,664628793,73316,664702109,4,0,0,16384,4,4167098637
2249,664630490,175869,664806359,8,0,0,130560,8,6320722377
2250,664767922,39488,664807410,8,0,1,1024,8,5718308624
2251,664772051,91765,664863816,3,0,0,4608,3,4268365229
2252,664820443,2946,664823389,9,0,1,3072,9,8100368990
2253,664877485,79436,664956921,0,0,0,11264,0,10300654651
2254,664919039,10757,664929796,8,0,1,17408,8,49603855
2255,664922184,61923,664984107,5,0,0,3584,5,6806067287
2256,664960687,50672,665011359,0,0,0,2560,0,4982339605
2257,664998649,65300,665063949,8,0,0,10240,8,16403033
2258,665031903,2946,665034849,9,0,1,3072,9,361378348
2259,665115919,83780,665199699,5,0,0,20480,5,6749227046
2260,665175938,102908,665278846,5,0,0,37888,5,2373025398
2261,665245078,566,665245644,9,0,1,512,9,7952585324
2262,665293971,5802,665299773,2,0,1,6144,2,10605396931
2263,665414189,1994,665416183,5,0,1,2048,5,8677860553
2264,665498903,45596,665544499,2,0,0,1024,2,1733280726
2265,665583489,49292,665632781,2,0,0,3072,2,9036225338
2266,665616799,60224,665677023,4,0,0,8704,4,7204465334
2267,665697451,64520,665761971,3,0,0,7680,3,424186483
2268,665771154,566,665771720,3,0,1,512,3,641500945
2269,665790005,86984,665876989,8,0,0,15872,8,900259899
2270,665846253,3904,665850157,0,0,1,10752,0,8918935934
2271,665894111,3898,665898009,5,0,1,4096,5,7415547685
2272,665968601,1518,665970119,8,0,1,1536,8,4689260757
2273,666016418,6754,666023172,3,0,1,7168,3,4612362503
2274,666029681,100100,666129781,0,0,0,28672,0,5041912635
2275,666104408,87896,666192304,9,0,0,13824,9,5459110718
2276,666225635,98384,666324019,4,0,0,23040,4,7699626769
2277,666293994,566,666294560,0,0,1,512,0,2394574025
2278,666306894,112489,666419383,3,0,0,36352,3,1908490710
2279,666309129,5971,666315100,9,0,1,14848,9,9223681908
2280,666328489,98430,666426919,9,0,0,5632,9,8356217835
2281,666429762,69152,666498914,8,0,0,12800,8,8820630477
2282,666441263,86984,666528247,6,0,0,15872,6,10574098582
2283,666450533,111411,666561944,6,0,0,16896,6,8965094081
2284,666470836,566,666471402,2,0,1,512,2,8206288379
2285,666506381,162278,666668659,7,0,0,80384,7,1486347762
2286,666531044,6488,666537532,8,0,1,15872,8,9454178101
2287,666593700,3898,666597598,5,0,1,4096,5,8823228774
2288,666630983,49292,666680275,0,0,0,3072,0,4320021146
2289,666790626,43904,666834530,6,0,0,512,6,1809790270
2290,666799271,3898,666803169,2,0,1,4096,2,8779974315
2291,666808572,566,666809138,8,0,1,512,8,6738138784
2292,666840562,82820,666923382,1,0,0,12288,1,4990604290
2293,666867966,47288,666915254,3,0,0,1536,3,9530762953
2294,666956729,64988,667021717,0,0,0,9216,0,2931148410
2295,667019267,3484,667022751,3,0,1,1024,3,3680802462
2296,667054970,82844,667137814,0,0,0,17408,0,6928417030
2297,667218626,104312,667322938,2,0,0,42496,2,6242589282
2298,667258351,66006,667324357,8,0,0,4608,8,3610301733
2299,667262438,81967,667344405,7,0,0,6656,7,4942671359
2300,667273508,100208,667373716,6,0,0,21504,6,8043754391
2301,667326025,79436,667405461,5,0,0,11264,5,8737528094
2302,667378320,4162,667382482,0,0,1,11264,0,2476728994
2303,667483584,82844,667566428,2,0,0,17408,2,289752777
2304,667486102,97448,667583550,5,0,0,19968,5,4887392407
2305,667530459,11533,667541992,2,0,1,18944,2,6106514770
2306,667554258,47288,667601546,2,0,0,1536,2,5426981103
2307,667596744,107276,667704020,0,0,0,52224,0,2469077609
2308,667634582,90180,667724762,5,0,0,13312,5,5328550631
2309,667733326,57752,667791078,9,0,0,5632,9,4188099701
2310,667869941,55904,667925845,4,0,0,4608,4,9302034772
2311,667901163,98666,667999829,8,0,0,28672,8,6841646274
2312,667907634,83444,667991078,3,0,0,14336,3,8956512868
2313,668046165,50828,668096993,4,0,0,3072,4,10183266170
2314,668049324,71780,668121104,6,0,0,16384,6,8086987020
2315,668057632,63807,668121439,0,0,0,1024,0,4004947974
2316,668061568,94244,668155812,5,0,0,24576,5,2947463852
2317,668083057,173801,668256858,0,0,0,12288,0,8159821765
2318,668109835,123083,668232918,0,0,0,49664,0,9224517289
2319,668117031,96149,668213180,2,0,0,22528,2,1145284112
2320,668131256,175433,668306689,8,0,0,7168,8,2680916151
2321,668169124,6754,668175878,5,0,1,7168,5,3945440968
2322,668181103,169824,668350927,8,0,0,65536,8,1932851164
2323,668274585,81209,668355794,0,0,0,15872,0,7534241034
2324,668296612,3128,668299740,5,0,1,9216,5,1950867259
2325,668340165,89770,668429935,1,0,0,19968,1,1352076205
2326,668343024,17579,668360603,0,0,1,5120,0,9934377116
2327,668381670,14804,668396474,8,0,1,28672,8,6809564943
2328,668437229,74360,668511589,7,0,0,9728,7,3943822340
2329,668462698,89013,668551711,5,0,0,9216,5,5565917945
2330,668464654,156855,668621509,5,0,0,15360,5,5960974815
2331,668502969,8635,668511604,8,0,1,14336,8,2562785321
2332,668553842,154000,668707842,3,0,0,69120,3,7321479576
2333,668762348,13770,668776118,2,0,1,26624,2,380232061
2334,668773786,10241,668784027,3,0,1,16384,3,6731103787
2335,668782486,244927,669027413,9,0,0,52736,9,373209457
2336,668878436,116205,668994641,6,0,0,40960,6,3840738602
2337,668968503,65966,669034469,9,0,0,3072,9,46376653
2338,668969564,58035,669027599,9,0,0,512,9,358736379
2339,669009030,18398,669027428,8,0,1,4096,8,1637434704
2340,669060236,69596,669129832,5,0,0,9216,5,10440867819
2341,669108635,99008,669207643,8,0,0,25088,8,1992425273
2342,669190825,566,669191391,6,0,1,512,6,6429657938
2343,669277038,45596,669322634,5,0,0,1024,5,5776687731
2344,669298150,3898,669302048,2,0,1,4096,2,9398579146
2345,669337284,48980,669386264,6,0,0,2048,6,2977048321
2346,669412891,1042,669413933,3,0,1,1024,3,541497649
2347,669436443,57440,669493883,9,0,0,4608,9,3560288591
2348,669453934,100724,669554658,7,0,0,30720,7,778287678
2349,669551018,97696,669648714,4,0,0,18944,4,1265094818
2350,669705367,62516,669767883,6,0,0,6144,6,10306829757
2351,669749201,69440,669818641,7,0,0,8704,7,6568716461
2352,669796464,108056,669904520,0,0,0,54784,0,5725564232
2353,669812559,65612,669878171,3,0,0,11264,3,458197235
2354,669886344,79436,669965780,5,0,0,11264,5,2814174084
2355,669991911,117728,670109639,8,0,0,86528,8,3703462791
2356,670128948,102752,670231700,6,0,0,37376,6,3530344148
2357,670150203,103187,670253390,7,0,0,36864,7,1064975149
2358,670178778,150681,670329459,1,0,0,33280,1,7175840792
2359,670188664,3904,670192568,9,0,1,10752,9,4556829766
2360,670246524,90482,670337006,0,0,0,1536,0,6075323176
2361,670249913,101991,670351904,6,0,0,12288,6,4994652634
2362,670281128,52364,670333492,8,0,0,3072,8,6678266501
2363,670338836,3904,670342740,0,0,1,10752,0,4990552456
2364,670398430,120068,670518498,1,0,0,94208,1,10725012112
2365,670413117,24929,670438046,2,0,1,45056,2,9155850072
2366,670435421,137137,670572558,9,0,0,12288,9,3638196199
2367,670448836,4374,670453210,9,0,1,4608,9,10090738174
2368,670452585,66708,670519293,4,0,0,2560,4,2759788607
2369,670456604,181474,670638078,5,0,0,73728,5,8088160291
2370,670547712,194077,670741789,0,0,0,37888,0,796289949
2371,670555336,274349,670829685,8,0,0,120320,8,9843093237
2372,670583047,147175,670730222,8,0,0,71168,8,3382829935
2373,670720281,27745,670748026,3,0,1,6656,3,5549231347
2374,670746495,7706,670754201,8,0,1,8192,8,5388283472
2375,670746779,8408,670755187,8,0,1,1536,8,9643165101
2376,670840459,107744,670948203,3,0,0,53760,3,4491645263
2377,670865827,142934,671008761,5,0,0,54784,5,2672470420
2378,670929931,98180,671028111,6,0,0,8704,6,8736204030
2379,670959865,56684,671016549,3,0,0,7168,3,9426850934
2380,670960510,85136,671045646,1,0,0,14848,1,6112983236
2381,671016520,94865,671111385,8,0,0,21504,8,876390996
2382,671037526,87788,671125314,9,0,0,23552,9,8700748995
2383,671054676,45752,671100428,9,0,0,1536,9,3124798494
2384,671103520,7880,671111400,9,0,1,3072,9,8361354637
2385,671109600,117258,671226858,6,0,0,77312,6,3331634139
2386,671118281,111868,671230149,6,0,0,10752,6,7679896933
2387,671143392,5802,671149194,1,0,1,6144,1,10088895571
2388,671146294,95384,671241678,9,0,0,5632,9,8083242048
2389,671225480,57025,671282505,1,0,0,3072,1,4859261316
2390,671292855,48980,671341835,2,0,0,2048,2,4687760408
2391,671435401,55748,671491149,6,0,0,4096,6,1150037123
2392,671453680,100568,671554248,6,0,0,30208,6,2377125476
2393,671495358,3128,671498486,2,0,1,9216,2,8817851038
2394,671613386,80840,671694226,3,0,0,15872,3,3498353225
2395,671747445,50672,671798117,7,0,0,2560,7,5103101610
2396,671789118,103283,671892401,7,0,0,30208,7,2123280272
2397,671800264,82918,671883182,8,0,0,18944,8,9794863206
2398,671833527,3898,671837425,0,0,1,4096,0,9591241521
2399,671849250,131744,671980994,9,0,0,30208,9,2099432851
2400,671868083,3387,671871470,2,0,1,9728,2,4866935312
2401,671903584,90591,671994175,6,0,0,19456,6,5797423474
2402,671945279,245405,672190684,0,0,0,70656,0,2466202818
2403,671957985,4420,671962405,9,0,1,11776,9,7441359680
2404,671964043,107617,672071660,8,0,0,8192,8,4301255743
2405,671969869,103729,672073598,0,0,0,4096,0,7129500596
2406,671979840,157316,672137156,1,0,0,30208,1,5548712358
2407,672084539,13083,672097622,9,0,1,22016,9,2327764510
2408,672094264,107979,672202243,9,0,0,37888,9,2390241121
2409,672237422,99632,672337054,4,0,0,27136,4,842956892
2410,672280233,87140,672367373,5,0,0,16384,5,8725253890
2411,672296311,100880,672397191,1,0,0,31232,1,7165348489
2412,672394999,4178,672399177,9,0,1,2048,9,6432954870
2413,672418653,128689,672547342,3,0,0,92672,3,6595567434
2414,672423839,7230,672431069,2,0,1,7680,2,5910660029
2415,672444653,139538,672584191,7,0,0,12288,7,2146862597
2416,672471765,215176,672686941,6,0,0,35840,6,8711305415
2417,672501371,102128,672603499,9,0,0,35328,9,2643664948
2418,672503207,154034,672657241,0,0,0,24064,0,5075257341
2419,672536833,193121,672729954,2,0,0,20480,2,7394615222
2420,672539804,12492,672552296,0,0,1,12800,0,6345874847
2421,672549885,148695,672698580,5,0,0,19456,5,1464745102
2422,672587760,52051,672639811,9,0,0,1024,9,8409822547
2423,672598595,184490,672783085,6,0,0,51712,6,6239004409
2424,672702399,102275,672804674,3,0,0,2560,3,10212838132
2425,672702972,152359,672855331,1,0,0,55808,1,2709418731
2426,672707258,180569,672887827,7,0,0,41472,7,3165893170
2427,672809999,6488,672816487,0,0,1,15872,0,8139123738
2428,672874326,13516,672887842,2,0,1,4608,2,6745681699
2429,672978041,7706,672985747,5,0,1,8192,5,10360349046
2430,672990398,85136,673075534,3,0,0,14848,3,2998038502
2431,673069291,10499,673079790,3,0,1,16896,3,9188454079
2432,673081502,193123,673274625,1,0,0,91648,1,9972827534
2433,673198439,77769,673276208,0,0,0,5120,0,5094627646
2434,673267372,59609,673326981,2,0,0,3072,2,835489955
2435,673331018,111176,673442194,3,0,0,65024,3,6191747751
2436,673362814,144318,673507132,5,0,0,50176,5,3445097109
2437,673446586,207768,673654354,6,0,0,189440,6,2759773264
2438,673645377,111721,673757098,4,0,0,37376,4,488114270
2439,673676059,85422,673761481,5,0,0,14336,5,7318320934
2440,673740238,82688,673822926,5,0,0,16896,5,465004118
2441,673767530,5971,673773501,0,0,1,14848,0,4735755355
2442,673815505,49604,673865109,0,0,0,4096,0,3872580827
2443,673855028,95337,673950365,2,0,0,18944,2,696205865
2444,673912139,5326,673917465,3,0,1,5632,3,2314393862
2445,673992313,54680,674046993,7,0,0,5632,7,6898280473
2446,674023113,128861,674151974,7,0,0,25088,7,9328755835
2447,674089672,47288,674136960,4,0,0,1536,4,9229530407
2448,674093869,100880,674194749,3,0,0,31232,3,7328081056
2449,674121998,148626,674270624,1,0,0,17920,1,10234123473
2450,674128683,134106,674262789,7,0,0,15360,7,8182803667
2451,674162372,116269,674278641,1,0,0,22016,1,2515069314
2452,674172002,1994,674173996,7,0,1,2048,7,5546605261
2453,674278256,76141,674354397,2,0,0,14336,2,1517417815
2454,674321695,121273,674442968,6,0,0,29184,6,6693857213
2455,674325533,141162,674466695,9,0,0,77824,9,10621192688
2456,674381680,50672,674432352,1,0,0,2560,1,9492629124
2457,674426994,104154,674531148,4,0,0,27136,4,8861855663
2458,674636437,64208,674700645,6,0,0,6656,6,9439220252
2459,674673481,13083,674686564,5,0,1,22016,5,8969983642
2460,674696618,13083,674709701,8,0,1,22016,8,495556997
2461,674704629,102440,674807069,2,0,0,36352,2,5925999638
2462,674759148,251549,675010697,1,0,0,25088,1,6977995114
2463,674800888,7691,674808579,3,0,1,1536,3,10431063733
2464,674839213,78212,674917425,8,0,0,12288,8,364470315
2465,674845299,114710,674960009,8,0,0,29696,8,5395203961
2466,674846650,72818,674919468,7,0,0,6656,7,1156924692
2467,674852467,1042,674853509,5,0,1,1024,5,4883896550
2468,674898205,43904,674942109,7,0,0,512,7,1669797945
2469,674902620,151535,675054155,4,0,0,15360,4,8723474190
2470,674970489,132896,675103385,4,0,0,24576,4,3905323219
2471,675063078,100115,675163193,3,0,0,22016,3,8992584539
2472,675209799,2946,675212745,4,0,1,3072,4,4369605726
2473,675231790,79904,675311694,6,0,0,12800,6,5439366427
2474,675272106,109928,675382034,8,0,0,60928,8,9311828017
2475,675349787,71132,675420919,0,0,0,9216,0,347569119
2476,675350600,130230,675480830,3,0,0,85504,3,14870258
2477,675563066,5802,675568868,2,0,1,6144,2,7726770845
2478,675574672,3422,675578094,2,0,1,3584,2,6940891911
2479,675658725,64208,675722933,6,0,0,6656,6,8911150343
2480,675688649,75156,675763805,1,0,0,7168,1,7438323000
2481,675759502,10757,675770259,0,0,1,17408,0,7481244704
2482,675794384,48980,675843364,8,0,0,2048,8,10567527687
2483,675810700,101192,675911892,7,0,0,32256,7,9970181893
2484,675872965,2470,675875435,8,0,1,2560,8,8304061989
2485,675952312,101972,676054284,8,0,0,34816,8,10495295732
2486,675960125,566,675960691,3,0,1,512,3,7946848026
2487,675976913,194023,676170936,7,0,0,133120,7,6741734115
2488,676002070,195572,676197642,0,0,0,23040,0,9550888949
2489,676011755,171840,676183595,0,0,0,41472,0,5929651498
2490,676013501,111823,676125324,2,0,0,3584,2,4516605686
2491,676034310,1042,676035352,9,0,1,1024,9,1687066053
2492,676100612,135850,676236462,6,0,0,79872,6,862377822
2493,676132740,159612,676292352,6,0,0,35328,6,3957071445
2494,676197988,108980,676306968,3,0,0,7680,3,10163149154
2495,676234961,45397,676280358,2,0,0,512,2,9458260412
2496,676265769,120957,676386726,2,0,0,41472,2,4739272016
2497,676315068,108839,676423907,4,0,0,16384,4,3351253370
2498,676391976,111020,676502996,8,0,0,64512,8,1787332852
2499,676433433,11274,676444707,6,0,1,18432,6,3772414324
2500,676662250,80084,676742334,9,0,0,18432,9,2153003120
2501,676687660,85376,676773036,8,0,0,7168,8,9945521413
2502,676734783,51140,676785923,8,0,0,4096,8,10624352310
2503,676770557,84692,676855249,3,0,0,18432,3,7882328837
2504,676787932,7230,676795162,9,0,1,7680,9,4323516601
2505,676815260,121579,676936839,1,0,0,57856,1,7173148681
2506,676822452,123831,676946283,0,0,0,8192,0,7031217451
2507,676832068,6488,676838556,8,0,1,15872,8,3362664161
2508,676933560,4313,676937873,6,0,1,1024,6,61020769
2509,677018388,13341,677031729,5,0,1,22528,5,569563869
2510,677074056,103091,677177147,9,0,0,14848,9,1694463609
2511,677139266,3898,677143164,8,0,1,4096,8,1834936744
2512,677162336,43936,677206272,2,0,0,512,2,4267352049
2513,677210891,104156,677315047,8,0,0,41984,8,3096418461
2514,677251524,131581,677383105,6,0,0,37376,6,1293130397
2515,677314520,151307,677465827,7,0,0,80896,7,3409220267
2516,677431277,104156,677535433,3,0,0,41984,3,9533783231
2517,677454077,157994,677612071,8,0,0,65536,8,5596619138
2518,677462202,155812,677618014,5,0,0,19456,5,8792223092
2519,677537963,94934,677632897,6,0,0,11776,6,1585167572
2520,677591582,51077,677642659,3,0,0,1024,3,6045261053
2521,677600983,124767,677725750,6,0,0,53760,6,5790897028
2522,677618593,117156,677735749,4,0,0,32768,4,3886784534
2523,677632674,781,677633455,5,0,1,512,5,739664875
2524,677687176,77405,677764581,6,0,0,5632,6,6945752374
2525,677771812,81489,677853301,8,0,0,14336,8,6723150984
2526,677785466,63452,677848918,8,0,0,9216,8,5778257650
2527,677877366,101816,677979182,0,0,0,34304,0,1121774196
2528,677905945,122653,678028598,2,0,0,43008,2,9081978545
2529,677916933,128993,678045926,6,0,0,4096,6,6854843115
2530,677919279,2470,677921749,3,0,1,2560,3,7673206197
2531,677933785,105049,678038834,2,0,0,31232,2,1709397794
2532,677947928,164892,678112820,0,0,0,46080,0,6243613730
2533,677958905,169893,678128798,3,0,0,6656,3,1364161883
2534,678011121,111371,678122492,0,0,0,12288,0,5939334681
2535,678042776,83319,678126095,9,0,0,11776,9,3177306085
2536,678055632,92378,678148010,8,0,0,9216,8,10609957199
2537,678128087,2221,678130308,9,0,1,1536,9,4393154538
2538,678163551,63764,678227315,9,0,0,10240,9,7822640821
2539,678350766,11791,678362557,6,0,1,19456,6,10299195490
2540,678391651,172709,678564360,3,0,0,5632,3,5503284565
2541,678432202,4420,678436622,4,0,1,11776,4,3066401756
2542,678497660,52676,678550336,6,0,0,4096,6,5469524764
2543,678514724,3422,678518146,2,0,1,3584,2,10695388083
2544,678533865,117796,678651661,6,0,0,38912,6,10003834047
2545,678551700,120311,678672011,1,0,0,11264,1,205622205
2546,678577466,76550,678654016,5,0,0,7680,5,1768177156
2547,678618678,158339,678777017,1,0,0,49664,1,10694609448
2548,678621369,98696,678720065,7,0,0,24064,7,5691013686
2549,678712602,103064,678815666,2,0,0,38400,2,6655353223
2550,678718253,137283,678855536,6,0,0,16896,6,580030352
2551,678726438,118925,678845363,7,0,0,40960,7,5734628651
2552,678762134,113259,678875393,7,0,0,23040,7,8303766262
2553,678831847,114133,678945980,2,0,0,29184,2,454368196
2554,678864476,211716,679076192,1,0,0,71168,1,8144734096
2555,678881896,197743,679079639,5,0,0,11264,5,5748935145
2556,678906020,135816,679041836,6,0,0,49152,6,4946358384
2557,678941329,5685,678947014,5,0,1,1024,5,9259328023
2558,679079906,110537,679190443,0,0,0,56320,0,6290735227
2559,679090736,82532,679173268,4,0,0,16384,4,864310583
2560,679092908,74168,679167076,1,0,0,6144,1,7927534879
2561,679115084,566,679115650,2,0,1,512,2,3984219722
2562,679136324,3387,679139711,3,0,1,9728,3,3749314279
2563,679164817,72814,679237631,6,0,0,7680,6,3915190497
2564,679240489,1518,679242007,8,0,1,1536,8,1832847939
2565,679335220,93534,679428754,8,0,0,12288,8,10601867075
2566,679437704,1042,679438746,6,0,1,1024,6,1732225937
2567,679500472,65300,679565772,7,0,0,10240,7,383818355
2568,679595588,6229,679601817,6,0,1,15360,6,3804785440
2569,679627217,102392,679729609,1,0,0,27648,1,5841651241
2570,679667669,115232,679782901,2,0,0,78336,2,1421406850
2571,679671121,113222,679784343,0,0,0,1024,0,4493244625
2572,679683201,160964,679844165,8,0,0,19968,8,8535840280
2573,679716678,67330,679784008,2,0,0,3584,2,5058244197
2574,679755320,73433,679828753,8,0,0,14848,8,7243240076
2575,679779757,142766,679922523,0,0,0,19968,0,1217766856
2576,679794355,106340,679900695,5,0,0,49152,5,5301596866
2577,679855581,107178,679962759,2,0,0,3584,2,8714776877
2578,679920162,102765,680022927,1,0,0,29696,1,7367783246
2579,679960788,71288,680032076,0,0,0,9728,0,521080574
2580,679991159,101036,680092195,4,0,0,31744,4,1861935056
2581,680103314,104000,680207314,8,0,0,41472,8,9525574761
2582,680208473,3904,680212377,3,0,1,10752,3,6179838422
2583,680299241,15321,680314562,7,0,1,29696,7,6215596259
2584,680335090,124224,680459314,5,0,0,33280,5,9900341474
2585,680343925,55748,680399673,6,0,0,4096,6,2166329154
2586,680377396,134856,680512252,0,0,0,14336,0,7795410938
2587,680454278,81308,680535586,0,0,0,4096,0,5142911994
2588,680468478,57440,680525918,7,0,0,4608,7,2087431793
2589,680609675,82220,680691895,7,0,0,15360,7,6436070374
2590,680630136,80773,680710909,6,0,0,1024,6,3171831797
2591,680695489,82376,680777865,4,0,0,15872,4,6361624998
2592,680705007,89418,680794425,2,0,0,9728,2,10116954772
2593,680779178,100100,680879278,8,0,0,28672,8,8217721050
2594,680802959,60824,680863783,6,0,0,5632,6,10019159337
2595,680934230,85784,681020014,6,0,0,22016,6,2718029863
2596,681118390,3904,681122294,2,0,1,10752,2,5230021577
2597,681177509,4420,681181929,0,0,1,11776,0,5582806807
2598,681270100,78080,681348180,8,0,0,16896,8,5008285546
2599,681307518,1042,681308560,3,0,1,1024,3,5754326821
2600,681313662,119710,681433372,6,0,0,40448,6,4774965069
2601,681425140,76596,681501736,6,0,0,10240,6,3171068154
2602,681435474,124781,681560255,2,0,0,4096,2,4154139431
2603,681558609,78086,681636695,7,0,0,10752,7,3458959754
2604,681697213,14287,681711500,7,0,1,27648,7,9169906753
2605,681803055,52364,681855419,3,0,0,3072,3,4157425515
2606,681866375,76052,681942427,3,0,0,10240,3,9560412741
2607,681918702,2946,681921648,8,0,1,3072,8,5036351465
2608,682062576,109460,682172036,3,0,0,59392,3,7725920101
2609,682068571,135181,682203752,1,0,0,42496,1,6145365291
2610,682075675,100261,682175936,7,0,0,6656,7,5001494950
2611,682090739,153372,682244111,4,0,0,512,4,6717438466
2612,682171266,72674,682243940,0,0,0,11776,0,9530364939
2613,682181738,52676,682234414,9,0,0,4096,9,4025416088
2614,682248046,99008,682347054,8,0,0,25088,8,2922742676
2615,682295523,77744,682373267,0,0,0,10752,0,5711463016
2616,682318633,137825,682456458,7,0,0,84480,7,9577050753
2617,682384498,1518,682386016,8,0,1,1536,8,5269205365
2618,682417443,82844,682500287,9,0,0,17408,9,8457494341
2619,682462223,190991,682653214,5,0,0,17408,5,9067749208
2620,682476961,63452,682540413,3,0,0,9216,3,2195152179
2621,682525007,69284,682594291,3,0,0,8192,3,4275359813
2622,682542829,90992,682633821,3,0,0,18944,3,6072001153
2623,682665227,75476,682740703,5,0,0,18432,5,214532558
2624,682666410,136021,682802431,2,0,0,79872,2,5196179006
2625,682698864,104518,682803382,1,0,0,3072,1,2501262058
2626,682794118,109512,682903630,1,0,0,29184,1,6201719731
2627,682863402,79654,682943056,0,0,0,11264,0,999102138
2628,682870626,105560,682976186,5,0,0,46592,5,1139837688
2629,682890824,3422,682894246,0,0,1,3584,0,3129408449
2630,682964062,13651,682977713,9,0,1,1536,9,8275550681
2631,682974558,112977,683087535,8,0,0,64000,8,3428462290
2632,683028518,116335,683144853,8,0,0,30720,8,3852937216
2633,683059969,52364,683112333,3,0,0,3072,3,1540184242
2634,683067386,20164,683087550,9,0,1,5120,9,3658683396
2635,683270304,75140,683345444,7,0,0,12288,7,4668379883
2636,683290609,129133,683419742,6,0,0,28160,6,4801701583
2637,683346165,1042,683347207,9,0,1,1024,9,8371565026
2638,683369173,6229,683375402,5,0,1,15360,5,4345374840
2639,683453171,97760,683550931,9,0,0,20992,9,1147728057
2640,683520113,102440,683622553,4,0,0,36352,4,2232342616
2641,683619659,69722,683689381,9,0,0,10240,9,3673828633
2642,683635023,80684,683715707,6,0,0,15360,6,1157806570
2643,683987956,67748,684055704,4,0,0,8192,4,3860554192
2644,684028553,105193,684133746,0,0,0,36352,0,3872357030
2645,684109452,82688,684192140,7,0,0,16896,7,5751019988
2646,684116495,17266,684133761,9,0,1,19456,9,7741549262
2647,684129385,121882,684251267,0,0,0,72704,0,1584566859
2648,684155944,146147,684302091,3,0,0,29696,3,7457159169
2649,684166831,4162,684170993,3,0,1,11264,3,8870728866
2650,684275548,189226,684464774,7,0,0,46592,7,5579576957
2651,684318018,52364,684370382,0,0,0,3072,0,3929197286
2652,684325774,259690,684585464,5,0,0,129024,5,9071259663
2653,684383461,137079,684520540,9,0,0,35328,9,4608515047
2654,684418412,178611,684597023,7,0,0,37888,7,3659690670
2655,684452646,155966,684608612,3,0,0,6144,3,10206914884
2656,684512594,12100,684524694,5,0,1,11264,5,1519774606
2657,684533372,69745,684603117,8,0,0,2048,8,535344564
2658,684582784,119479,684702263,0,0,0,45568,0,7888240960
2659,684606547,136786,684743333,4,0,0,17920,4,5169566768
2660,684667628,82299,684749927,6,0,0,8192,6,786606290
2661,684698700,51554,684750254,5,0,0,1024,5,6078311178
2662,684814322,64988,684879310,2,0,0,9216,2,2391493530
2663,684971786,4374,684976160,8,0,1,4608,8,7501184838
2664,684982547,83468,685066015,9,0,0,19456,9,3533284592
2665,685003277,97136,685100413,9,0,0,18944,9,6953962557
2666,685005605,110036,685115641,2,0,0,14848,2,6578471177
2667,685052223,566,685052789,6,0,1,512,6,3684254938
2668,685132516,2470,685134986,6,0,1,2560,6,3996423299
2669,685206756,5454,685212210,6,0,1,13824,6,2285872337
2670,685218608,566,685219174,6,0,1,512,6,10492530228
2671,685244803,98628,685343431,0,0,0,18944,0,3288607599
2672,685266209,4679,685270888,3,0,1,12288,3,2094264911
2673,685313339,127478,685440817,4,0,0,1536,4,5451802916
2674,685324067,101660,685425727,0,0,0,33792,0,3200420112
2675,685364364,62314,685426678,5,0,0,3072,5,5385153997
2676,685452298,5326,685457624,3,0,1,5632,3,5988957664
2677,685472016,105404,685577420,8,0,0,46080,8,7049717209
2678,685558753,100412,685659165,9,0,0,29696,9,3648536599
2679,685698972,45596,685744568,0,0,0,1024,0,3851789350
2680,685754169,4374,685758543,5,0,1,4608,5,6410655405
2681,685805394,107276,685912670,8,0,0,52224,8,7820463614
2682,685824444,94169,685918613,0,0,0,19456,0,1155287157
2683,685951948,76856,686028804,5,0,0,17920,5,3246423567
2684,685976770,2470,685979240,3,0,1,2560,3,4067985548
2685,685987900,105452,686093352,4,0,0,10752,4,1713918750
2686,686057942,6278,686064220,6,0,1,6656,6,4963769843
2687,686126064,110396,686236460,6,0,0,62464,6,9449206190
2688,686135737,206371,686342108,3,0,0,8704,3,207571205
2689,686157170,144696,686301866,1,0,0,49152,1,994687712
2690,686164854,139531,686304385,5,0,0,8192,5,8914099376
2691,686196102,171830,686367932,4,0,0,12800,4,5073247733
2692,686216191,112693,686328884,3,0,0,5632,3,91627502
2693,686226384,87584,686313968,4,0,0,2048,4,5126401288
2694,686294774,105468,686400242,5,0,0,23040,5,2652227644
2695,686335984,92350,686428334,1,0,0,13312,1,2039457793
2696,686499664,106184,686605848,3,0,0,48640,3,4507760725
2697,686579836,91436,686671272,6,0,0,15360,6,9329347807
2698,686677361,142257,686819618,3,0,0,114176,3,9677032005
2699,686689416,143329,686832745,9,0,0,43008,9,5000319335
2700,686693050,280491,686973541,2,0,0,65024,2,6583303770
2701,686693223,91592,686784815,3,0,0,15872,3,6820388891
2702,686725221,193432,686918653,9,0,0,20992,9,5573325000
2703,686739275,103476,686842751,4,0,0,7168,4,951675646
2704,686751974,105293,686857267,3,0,0,7168,3,3976957608
2705,686755597,196312,686951909,4,0,0,21504,4,7131652935
2706,686811156,187033,686998189,5,0,0,80384,5,1997020436
2707,686940510,77612,687018122,9,0,0,15360,9,8053743304
2708,686961775,115602,687077377,3,0,0,40960,3,5803153649
2709,686998043,4817,687002860,5,0,1,12288,5,3012856936
2710,687061387,52364,687113751,2,0,0,3072,2,65676754
2711,687072906,83899,687156805,4,0,0,11264,4,10046193822
2712,687077733,148348,687226081,9,0,0,77312,9,9553855096
2713,687160513,202128,687362641,5,0,0,64512,5,1306916102
2714,687170332,121935,687292267,9,0,0,66560,9,9872985919
2715,687210510,159553,687370063,2,0,0,2048,2,6323691048
2716,687245347,61710,687307057,0,0,0,3072,0,3715784869
2717,687261740,106532,687368272,0,0,0,18432,0,356864653
2718,687265477,566,687266043,8,0,1,512,8,10063707346
2719,687399606,57440,687457046,7,0,0,4608,7,1662752272
2720,687420514,23983,687444497,5,0,1,39936,5,5401854619
2721,687445405,155214,687600619,8,0,0,2560,8,3595545073
2722,687468880,84149,687553029,7,0,0,2048,7,5878536148
2723,687477928,12566,687490494,5,0,1,20992,5,5699261021
2724,687550053,2991,687553044,6,0,1,2560,6,2374323541
2725,687564960,52364,687617324,2,0,0,3072,2,10022647522
2726,687623862,110396,687734258,6,0,0,62464,6,9383766344
2727,687660428,77121,687737549,0,0,0,10752,0,7197752016
2728,687705140,109506,687814646,4,0,0,26624,4,6766212941
2729,687734873,108735,687843608,0,0,0,4608,0,9329996114
2730,687777270,3422,687780692,9,0,1,3584,9,7843921505
2731,687840238,96788,687937026,7,0,0,13312,7,2034550091
2732,687859874,566,687860440,8,0,1,512,8,8576030163
2733,687866696,50574,687917270,7,0,0,1024,7,6764822627
2734,687987019,109616,688096635,1,0,0,59904,1,9286988420
2735,688003348,45596,688048944,0,0,0,1024,0,5895292265
2736,688012624,179375,688191999,1,0,0,73216,1,4459440056
2737,688047093,207972,688255065,0,0,0,117760,0,4439620556
2738,688047629,113737,688161366,2,0,0,10752,2,7071785076
2739,688050400,3645,688054045,3,0,1,10240,3,9577105780
2740,688058110,38540,688096650,5,0,1,48128,5,6490947114
2741,688073304,257005,688330309,8,0,0,53760,8,1832990950
2742,688111015,157818,688268833,9,0,0,13312,9,6039016225
2743,688146600,337429,688484029,5,0,0,31744,5,3350674978
2744,688166589,208198,688374787,2,0,0,32256,2,3028860203
2745,688190739,244846,688435585,9,0,0,18944,9,4977492245
2746,688193710,4850,688198560,3,0,1,5120,3,4501076941
2747,688224822,37482,688262304,5,0,1,7680,5,10464903369
2748,688253452,283365,688536817,0,0,0,6144,0,577338668
2749,688300618,121611,688422229,2,0,0,20480,2,1165140101
2750,688335067,172224,688507291,2,0,0,71680,2,6011036026
2751,688364290,143640,688507930,7,0,0,2048,7,9738344119
2752,688422671,98918,688521589,2,0,0,1536,2,8360445699
2753,688422727,153096,688575823,5,0,0,62464,5,6658415937
2754,688520946,135577,688656523,7,0,0,27648,7,4959371760
2755,688543293,45088,688588381,4,0,0,512,4,4682402138
2756,688544477,48980,688593457,5,0,0,2048,5,3749510534
2757,688636815,3645,688640460,3,0,1,10240,3,7952515427
2758,688657931,3422,688661353,0,0,1,3584,0,6331209849
2759,688685884,81128,688767012,9,0,0,11776,9,4888937502
2760,688726122,59444,688785566,8,0,0,6144,8,1267268342
2761,688742041,4937,688746978,0,0,1,12800,0,3318396077
2762,688761784,5243,688767027,5,0,1,13312,5,10608597408
2763,688818999,5802,688824801,5,0,1,6144,5,5342837037
2764,688945596,1518,688947114,3,0,1,1536,3,10284114474
2765,688964769,69284,689034053,3,0,0,8192,3,3387196558
2766,689002679,5454,689008133,3,0,1,13824,3,6214007553
2767,689061996,64208,689126204,7,0,0,6656,7,9522125352
2768,689121155,64232,689185387,6,0,0,11776,6,9953077457
2769,689159675,86072,689245747,7,0,0,17920,7,8782512227
2770,689172467,124706,689297173,2,0,0,4096,2,978841465
2771,689173612,78885,689252497,0,0,0,8704,0,95502247
2772,689206311,128284,689334595,9,0,0,50176,9,8004346476
2773,689256137,95312,689351449,8,0,0,23040,8,9993293804
2774,689286412,99201,689385613,1,0,0,14848,1,6194522530
2775,689378692,12995,689391687,3,0,1,25088,3,4580834295
2776,689488033,93800,689581833,3,0,0,28160,3,7803367874
2777,689507458,141677,689649135,0,0,0,26112,0,5263187127
2778,689860467,91016,689951483,9,0,0,24064,9,8093702632
2779,689880932,97605,689978537,5,0,0,20992,5,6740916575
2780,689882812,117805,690000617,4,0,0,12800,4,5735172617
2781,689906111,178242,690084353,4,0,0,68608,4,8050730026
2782,689920638,1042,689921680,6,0,1,1024,6,1275401727
2783,689973192,9235,689982427,6,0,1,4096,6,10542816629
2784,690062706,62516,690125222,7,0,0,6144,7,1226901923
2785,690063952,88504,690152456,6,0,0,8704,6,10644336311
2786,690087766,84139,690171905,6,0,0,7680,6,7269197514
2787,690104340,2946,690107286,9,0,1,3072,9,1087645784
2788,690127606,92545,690220151,7,0,0,3584,7,7877697492
2789,690130582,133619,690264201,2,0,0,4608,2,9985402068
2790,690137299,119257,690256556,2,0,0,50688,2,3921362536
2791,690201250,3645,690204895,6,0,1,10240,6,9437933505
2792,690250498,125634,690376132,6,0,0,41984,6,5418130608
2793,690294536,134046,690428582,4,0,0,31744,4,8348279863
2794,690326960,131456,690458416,0,0,0,17408,0,8387502041
2795,690357401,108135,690465536,7,0,0,10752,7,7953618110
2796,690360185,85763,690445948,1,0,0,11776,1,5157095684
2797,690375741,100483,690476224,1,0,0,28672,1,1425014636
2798,690406499,135904,690542403,1,0,0,59904,1,5761216512
2799,690426567,4894,690431461,8,0,1,8704,8,7288746120
2800,690427634,4651,690432285,5,0,1,1024,5,2410445327
2801,690446725,127124,690573849,8,0,0,10752,8,1912738832
2802,690530404,86531,690616935,1,0,0,15360,1,10545974863
2803,690572443,7676,690580119,0,0,1,6656,0,4925474790
2804,690596031,96068,690692099,1,0,0,20480,1,4781592095
2805,690722021,5326,690727347,9,0,1,5632,9,8664219447
2806,690825918,57596,690883514,0,0,0,5120,0,9289390739
2807,690829451,89727,690919178,8,0,0,11264,8,4486867586
2808,690882161,118041,691000202,8,0,0,12800,8,4455993058
2809,690927084,78368,691005452,4,0,0,12800,4,3209665802
2810,690935141,103311,691038452,6,0,0,6144,6,9213091053
2811,690972325,186937,691159262,7,0,0,48640,7,1620021992
2812,690989175,107945,691097120,2,0,0,37376,2,4892711369
2813,691009526,220914,691230440,0,0,0,54272,0,10701928403
2814,691127018,566,691127584,8,0,1,512,8,3675009599
2815,691148255,96471,691244726,7,0,0,20992,7,5738448813
2816,691310287,59132,691369419,3,0,0,5120,3,6258561298
2817,691342573,65900,691408473,7,0,0,7168,7,2630214026
2818,691349959,98228,691448187,6,0,0,22528,6,2927414069
2819,691392105,111902,691504007,5,0,0,22016,5,871409276
2820,691395183,160058,691555241,6,0,0,74240,6,1588944230
2821,691406557,153535,691560092,4,0,0,15872,4,7316668256
2822,691420695,215918,691636613,4,0,0,4096,4,8686217855
2823,691432275,150206,691582481,7,0,0,5120,7,7413577077
2824,691433534,254589,691688123,5,0,0,23040,5,7164028884
2825,691436117,194328,691630445,3,0,0,46592,3,1318281634
2826,691475736,122075,691597811,9,0,0,30208,9,3839889188
2827,691553035,212545,691765580,8,0,0,28160,8,4918389451
2828,691625803,131182,691756985,7,0,0,26112,7,1981180333
2829,691758398,110706,691869104,4,0,0,39936,4,9340684660
2830,691803929,3645,691807574,9,0,1,10240,9,579492047
2831,691837261,123363,691960624,0,0,0,45568,0,1894727077
2832,691844593,2470,691847063,5,0,1,2560,5,5712861111
2833,691980271,58064,692038335,6,0,0,6656,6,1306531351
2834,692032373,72668,692105041,6,0,0,9216,6,5706954497
2835,692043651,55748,692099399,4,0,0,4096,4,4118942888
2836,692137870,62516,692200386,6,0,0,6144,6,10694530700
2837,692202986,107276,692310262,6,0,0,52224,6,9344279256
2838,692244156,49812,692293968,3,0,0,2048,3,1902860444
2839,692244988,111701,692356689,5,0,0,21504,5,2934900489
2840,692245016,66509,692311525,9,0,0,4096,9,2294803831
2841,692252830,97292,692350122,2,0,0,19456,2,1075760319
2842,692317385,55748,692373133,7,0,0,4096,7,9958546751
2843,692426434,80372,692506806,4,0,0,14336,4,857493194
2844,692565659,73628,692639287,7,0,0,17408,7,3444734094
2845,692689556,4162,692693718,5,0,1,11264,5,4396628499
2846,692766790,54056,692820846,4,0,0,3584,4,3564220141
2847,692842594,98408,692941002,4,0,0,28160,4,7907464254
2848,692899827,102440,693002267,1,0,0,36352,1,4030562397
2849,692906439,106295,693012734,2,0,0,34304,2,1925190562
2850,692930545,193606,693124151,1,0,0,69632,1,7337744661
2851,692969182,106039,693075221,2,0,0,27648,2,8121315727
2852,693090366,6278,693096644,6,0,1,6656,6,236049023
2853,693172465,57440,693229905,0,0,0,4608,0,10093797470
2854,693176224,85136,693261360,6,0,0,14848,6,8270021304
2855,693220096,1518,693221614,0,0,1,1536,0,10084672075
2856,693221763,127618,693349381,9,0,0,7680,9,5580690541
2857,693232574,114452,693347026,1,0,0,75776,1,9357587159
2858,693301501,122949,693424450,1,0,0,30208,1,8816082123
2859,693361754,127298,693489052,2,0,0,74752,2,7560489055
2860,693521125,113360,693634485,7,0,0,72192,7,8493053082
2861,693535073,3422,693538495,8,0,1,3584,8,709873693
2862,693573898,171712,693745610,1,0,0,43008,1,676971492
2863,693620748,170540,693791288,2,0,0,15360,2,9342777375
2864,693757665,566,693758231,3,0,1,512,3,9050972374
2865,693784021,104468,693888489,6,0,0,43008,6,521929925
2866,693892342,3898,693896240,5,0,1,4096,5,870693449
2867,693905124,11016,693916140,3,0,1,17920,3,5271648478
2868,693907949,10457,693918406,5,0,1,3584,5,4746850070
2869,693908446,10626,693919072,8,0,1,11264,8,429054480
2870,693926849,81085,694007934,3,0,0,7168,3,10227537051
2871,693957554,45596,694003150,5,0,0,1024,5,10252455789
2872,694191248,1518,694192766,6,0,1,1536,6,6852645645
2873,694279383,118508,694397891,2,0,0,89088,2,394470928
2874,694364373,59132,694423505,2,0,0,5120,2,984025555
2875,694414647,67592,694482239,9,0,0,7680,9,2964152865
2876,694455836,95468,694551304,2,0,0,23552,2,2111331457
2877,694485589,162945,694648534,6,0,0,114688,6,915622759
2878,694510945,137768,694648713,5,0,0,512,5,2088773009
2879,694569251,1518,694570769,5,0,1,1536,5,2534344058
2880,694613595,205644,694819239,7,0,0,1024,7,1285806155
2881,694684886,2470,694687356,5,0,1,2560,5,8046721124
2882,694739509,58220,694797729,6,0,0,7168,6,6007436088
2883,694759512,103220,694862732,4,0,0,38912,4,4197752779
2884,694862463,58445,694920908,6,0,0,2560,6,4904692314
2885,694894748,69690,694964438,1,0,0,8192,1,5902412421
2886,695159167,55748,695214915,1,0,0,4096,1,1131621942
2887,695193330,57440,695250770,0,0,0,4608,0,2247624453
2888,695203510,85136,695288646,0,0,0,14848,0,8116487320
2889,695246328,4457,695250785,8,0,1,10752,8,5665728388
2890,695319398,95024,695414422,2,0,0,27136,2,2709687879
2891,695333448,114531,695447979,3,0,0,512,3,9491044753
2892,695335557,100724,695436281,2,0,0,30720,2,5212707769
2893,695400363,131594,695531957,9,0,0,45056,9,1123952676
2894,695541542,1518,695543060,9,0,1,1536,9,10127255596
2895,695581124,120219,695701343,1,0,0,34816,1,778843967
2896,695627507,54056,695681563,9,0,0,3584,9,520209094
2897,695811376,77300,695888676,6,0,0,14336,6,10572184359
2898,695818818,56610,695875428,1,0,0,6144,1,448619611
2899,695843043,85385,695928428,5,0,0,18432,5,6749871437
2900,695908375,105686,696014061,9,0,0,46080,9,525435770
2901,695911135,88856,695999991,2,0,0,22016,2,5660055524
2902,695934328,82127,696016455,1,0,0,4096,1,7520832298
2903,695946322,68862,696015184,6,0,0,3584,6,3285931457
2904,695992857,7149,696000006,3,0,1,10752,3,4376624226
2905,696003869,67624,696071493,5,0,0,4608,5,6015832020
2906,696005691,11289,696016980,9,0,1,512,9,3167220989
2907,696013209,46284,696059493,9,0,0,512,9,9518202147
2908,696080398,5326,696085724,5,0,1,5632,5,6610335449
2909,696129342,55994,696185336,7,0,0,4096,7,7777483249
2910,696184080,77636,696261716,6,0,0,16384,6,1716624653
2911,696204356,71000,696275356,9,0,0,13824,9,10513636048
2912,696355978,45596,696401574,0,0,0,1024,0,10098769701
2913,696369000,74360,696443360,7,0,0,9728,7,4072182015
2914,696396198,103064,696499262,7,0,0,38400,7,7462446369
2915,696464836,75320,696540156,7,0,0,17920,7,2928334510
2916,696550420,100234,696650654,7,0,0,26112,7,2416165495
2917,696551334,66680,696618014,5,0,0,9728,5,9444332503
2918,696558003,156935,696714938,9,0,0,75776,9,8434612323
2919,696581673,183812,696765485,9,0,0,37888,9,4770360199
2920,696597361,180619,696777980,4,0,0,40960,4,1564454600
2921,696598677,72668,696671345,6,0,0,9216,6,1917364003
2922,696636084,2870,696638954,3,0,1,8704,3,8440224388
2923,696636512,14157,696650669,6,0,1,14336,6,4497832952
2924,696653245,170698,696823943,0,0,0,16896,0,2202621058
2925,696715723,138454,696854177,8,0,0,4096,8,9775677908
2926,696740161,77653,696817814,5,0,0,5632,5,8113303068
2927,696814939,90691,696905630,5,0,0,14336,5,8672931293
2928,696863792,4374,696868166,3,0,1,4608,3,4909115902
2929,696874199,57908,696932107,3,0,0,6144,3,7225494458
2930,696918200,110207,697028407,6,0,0,22528,6,640027998
2931,697012990,112580,697125570,5,0,0,69632,5,1946743381
2932,697058727,68745,697127472,1,0,0,6144,1,8715905030
2933,697072096,97215,697169311,8,0,0,3072,8,4703502589
2934,697074075,105207,697179282,0,0,0,11776,0,5300116057
2935,697099458,26127,697125585,0,0,1,6656,0,2563698144
2936,697103577,101847,697205424,6,0,0,10752,6,5391338117
2937,697154004,65900,697219904,8,0,0,7168,8,9761848169
2938,697378837,43904,697422741,7,0,0,512,7,5730336658
2939,697418575,48980,697467555,6,0,0,2048,6,795171079
2940,697422868,94400,697517268,7,0,0,25088,7,209156876
2941,697474295,124648,697598943,7,0,0,32768,7,4188361609
2942,697477320,59382,697536702,8,0,0,2048,8,8071900706
2943,697513732,4570,697518302,5,0,1,1024,5,10185611719
2944,697595350,52565,697647915,0,0,0,2048,0,9363430580
2945,697617083,80840,697697923,6,0,0,15872,6,4937496552
2946,697745835,94376,697840211,5,0,0,19968,5,1132569346
2947,697750919,13512,697764431,8,0,1,26112,8,2171128164
2948,697867374,92942,697960316,5,0,0,6656,5,3628137866
2949,697895131,5802,697900933,3,0,1,6144,3,8185730241
2950,697935592,4850,697940442,9,0,1,5120,9,10065361202
2951,698043408,72668,698116076,1,0,0,9216,1,3244947051
2952,698106822,9269,698116091,8,0,1,7680,8,7453538032
2953,698166035,10499,698176534,6,0,1,16896,6,6697514237
2954,698183533,94712,698278245,4,0,0,26112,4,3089452162
2955,698202023,566,698202589,5,0,1,512,5,9229264305
2956,698235309,117228,698352537,9,0,0,32256,9,10130463769
2957,698298325,66854,698365179,6,0,0,2048,6,9847650382
2958,698321286,58376,698379662,8,0,0,7680,8,8323924598
2959,698360425,102596,698463021,1,0,0,36864,1,1628376336
2960,698409232,121205,698530437,6,0,0,18944,6,289029188
2961,698482881,104394,698587275,9,0,0,12800,9,4238339651
2962,698560371,76208,698636579,2,0,0,10752,2,3831949694
2963,698591629,98696,698690325,8,0,0,24064,8,10378542166
2964,698641295,98696,698739991,1,0,0,24064,1,3355079899
2965,698686045,54585,698740630,9,0,0,2048,9,9742680692
2966,698696699,53144,698749843,6,0,0,5632,6,9772378199
2967,698741892,2946,698744838,9,0,1,3072,9,446046780
2968,698763972,104936,698868908,6,0,0,44544,6,6447925081
2969,698766907,170180,698937087,3,0,0,7168,3,8593758790
2970,698818185,1518,698819703,3,0,1,1536,3,10183070911
2971,698825197,178205,699003402,1,0,0,17408,1,10447976622
2972,698897141,146211,699043352,1,0,0,15360,1,9307417124
2973,698913516,106113,699019629,0,0,0,45056,0,3979989537
2974,698960819,146068,699106887,0,0,0,73216,0,6720089396
2975,699007245,167604,699174849,4,0,0,113664,4,8015790965
2976,699098231,144703,699242934,3,0,0,20480,3,9431901938
2977,699104893,115175,699220068,8,0,0,32256,8,7861657111
2978,699332193,3422,699335615,9,0,1,3584,9,8427960967
2979,699379769,5712,699385481,0,0,1,14336,0,2975245847
2980,699469133,2870,699472003,0,0,1,8704,0,5126492838
2981,699510845,57440,699568285,7,0,0,4608,7,1506888115
2982,699702718,85472,699788190,3,0,0,20992,3,491410927
2983,699721836,92996,699814832,8,0,0,20480,8,8816653599
2984,699750462,1994,699752456,0,0,1,2048,0,9333501589
2985,699958145,2470,699960615,8,0,1,2560,8,5963591676
2986,699998711,97940,700096651,8,0,0,26624,8,3167268256
2987,700002440,4374,700006814,0,0,1,4608,0,4653316904
2988,700034090,1994,700036084,6,0,1,2048,6,1137467410
2989,700182973,3898,700186871,5,0,1,4096,5,953950085
2990,700227463,50672,700278135,1,0,0,2560,1,3702458759
2991,700235198,101660,700336858,2,0,0,33792,2,10388814287
2992,700330396,110142,700440538,1,0,0,40448,1,3628470602
2993,700357703,148193,700505896,0,0,0,16896,0,8606452589
2994,700358882,181262,700540144,9,0,0,48640,9,7611229997
2995,700377414,102284,700479698,7,0,0,35840,7,6810787339
2996,700382137,129573,700511710,8,0,0,4608,8,5318382025
2997,700434136,87988,700522124,0,0,0,2560,0,250600232
2998,700443869,123323,700567192,7,0,0,4096,7,4719558735
2999,700520040,59444,700579484,9,0,0,6144,9,3895376125
3000,700560351,102908,700663259,1,0,0,37888,1,7318046053
3001,700622271,54830,700677101,4,0,0,1536,4,5837216144
3002,700648328,14946,700663274,9,0,1,13312,9,1834069806
3003,700713969,1042,700715011,9,0,1,1024,9,2549778432
3004,700715869,101504,700817373,2,0,0,33280,2,1957144772
3005,700753683,148460,700902143,4,0,0,3072,4,4197274493
3006,700769689,66938,700836627,7,0,0,4608,7,6059216338
3007,700781249,71674,700852923,4,0,0,7680,4,6039878891
3008,700781853,139805,700921658,0,0,0,64000,0,2208193376
3009,700900719,111020,701011739,4,0,0,64512,4,6374849298
3010,700921096,6832,700927928,0,0,1,6656,0,6784572067
3011,700992682,20091,701012773,3,0,1,1024,3,707324595
3012,701164166,72668,701236834,7,0,0,9216,7,7391829057
3013,701172683,88415,701261098,2,0,0,8192,2,512170059
3014,701286566,3898,701290464,5,0,1,4096,5,8171620180
3015,701302808,2870,701305678,9,0,1,8704,9,2740658230
3016,701355532,87296,701442828,9,0,0,16896,9,6841131011
3017,701401611,114111,701515722,3,0,0,28160,3,42843379
3018,701422178,2470,701424648,4,0,1,2560,4,8229381190
3019,701440623,184313,701624936,0,0,0,37888,0,8233762552
3020,701506561,106808,701613369,7,0,0,50688,7,1902995759
3021,701570130,10499,701580629,8,0,1,16896,8,1292176035
3022,701581104,58532,701639636,9,0,0,8192,9,898914553
3023,701602320,102857,701705177,4,0,0,8192,4,631591348
3024,701649109,82820,701731929,8,0,0,12288,8,4448119333
3025,701656598,150103,701806701,9,0,0,38400,9,3185591976
3026,701687286,98384,701785670,5,0,0,23040,5,7649564788
3027,701690306,78548,701768854,4,0,0,18432,4,1754214128
3028,701755715,5802,701761517,9,0,1,6144,9,2802064845
3029,701774297,11388,701785685,8,0,1,7680,8,4423830579
3030,701802116,93877,701895993,5,0,0,18432,5,5525095029
3031,701842339,10499,701852838,4,0,1,16896,4,8352873879
3032,701965643,79436,702045079,3,0,0,11264,3,7023228839
3033,701998197,85756,702083953,7,0,0,6656,7,8530907309
3034,702047786,45596,702093382,4,0,0,1024,4,1349245077
3035,702159158,74360,702233518,1,0,0,9728,1,2338371808
3036,702171379,50672,702222051,9,0,0,2560,9,9285725123
3037,702188020,112094,702300114,3,0,0,43008,3,8449580009
3038,702194755,92240,702286995,1,0,0,23040,1,3082716835
3039,702196232,3128,702199360,5,0,1,9216,5,407807819
3040,702296728,103010,702399738,2,0,0,27136,2,5615475158
3041,702299705,115336,702415041,0,0,0,50176,0,7001352209
3042,702346876,68648,702415524,5,0,0,1536,5,8479255305
3043,702377249,95756,702473005,2,0,0,19456,2,6354640702
3044,702409944,10898,702420842,3,0,1,5632,3,2287482169
3045,702420799,43904,702464703,3,0,0,512,3,1855783326
3046,702483040,11274,702494314,6,0,1,18432,6,3421284916
3047,702536936,85784,702622720,4,0,0,22016,4,4507171462
3048,702661614,97136,702758750,7,0,0,18944,7,1304227259
3049,702767867,101816,702869683,0,0,0,34304,0,1611355804
3050,702795194,1042,702796236,3,0,1,1024,3,4732916165
3051,702797359,5326,702802685,3,0,1,5632,3,7560178601
3052,702835982,76364,702912346,9,0,0,11264,9,8937337562
3053,702885571,182999,703068570,0,0,0,74240,0,9684822093
3054,702913898,10757,702924655,4,0,1,17408,4,1953103082
3055,702929607,146466,703076073,3,0,0,24576,3,3216424927
3056,702935018,94225,703029243,5,0,0,3072,5,9987273420
3057,702985892,115663,703101555,5,0,0,28672,5,10240815350
3058,702988060,3422,702991482,4,0,1,3584,4,1776831839
3059,702996095,48980,703045075,1,0,0,2048,1,1145076311
3060,703042427,84262,703126689,5,0,0,19968,5,966524777
3061,703044842,75748,703120590,9,0,0,15872,9,5356274604
3062,703091079,113500,703204579,5,0,0,13312,5,9774036803
3063,703115609,106184,703221793,6,0,0,48640,6,1677486808
3064,703127012,191051,703318063,6,0,0,131584,6,2235448241
3065,703138081,119823,703257904,8,0,0,3584,8,6631698866
3066,703192650,129796,703322446,7,0,0,14336,7,9693981891
3067,703264663,127509,703392172,2,0,0,58880,2,5426977452
3068,703376350,113106,703489456,2,0,0,19456,2,5273107449
3069,703384573,181965,703566538,9,0,0,39424,9,5218575419
3070,703411703,136982,703548685,2,0,0,57856,2,10678904469
3071,703444945,169734,703614679,8,0,0,6144,8,6080465330
3072,703448421,134980,703583401,7,0,0,25600,7,9823797137
3073,703449344,153650,703602994,0,0,0,17920,0,6126076001
3074,703518281,50672,703568953,1,0,0,2560,1,977695953
3075,703601396,104342,703705738,0,0,0,37376,0,10251333241
3076,703629802,145554,703775356,1,0,0,37888,1,10312341650
3077,703644875,1518,703646393,6,0,1,1536,6,1599301839
3078,703803031,84512,703887543,4,0,0,12800,4,5985762431
3079,703813178,10241,703823419,4,0,1,16384,4,711940373
3080,703876788,74540,703951328,5,0,0,15360,5,9994376489
3081,703919303,3387,703922690,0,0,1,9728,0,1941950511
3082,703924868,67616,703992484,8,0,0,12800,8,5652180179
3083,703955837,127169,704083006,2,0,0,81920,2,9515390363
3084,704053140,85160,704138300,9,0,0,19968,9,6233204357
3085,704107062,115544,704222606,0,0,0,79360,0,4735066332
3086,704137760,3002,704140762,3,0,1,2560,3,8505391758
3087,704154852,118838,704273690,0,0,0,17920,0,6550335052
3088,704230168,3898,704234066,0,0,1,4096,0,10420815339
3089,704280914,1518,704282432,9,0,1,1536,9,6499387674
3090,704364861,74360,704439221,1,0,0,9728,1,9242722782
3091,704389278,118484,704507762,2,0,0,83968,2,2671205162
3092,704390327,76539,704466866,4,0,0,10240,4,8991449853
3093,704440030,15579,704455609,5,0,1,30208,5,7560192477
3094,704492640,27680,704520320,3,0,1,20992,3,2000095377
3095,704511887,103972,704615859,6,0,0,33792,6,4776983569
3096,704520523,1518,704522041,8,0,1,1536,8,10248014757
3097,704562329,62516,704624845,0,0,0,6144,0,7256476861
3098,704597186,1518,704598704,0,0,1,1536,0,2311711323
3099,704613079,15597,704628676,3,0,1,21504,3,6207522397
3100,704651954,89179,704741133,1,0,0,8704,1,4222763794
3101,704804734,98696,704903430,2,0,0,24064,2,1317204181
3102,704823927,82167,704906094,7,0,0,2560,7,1146406369
3103,704837561,146887,704984448,2,0,0,31744,2,2896821443
3104,704858574,106872,704965446,1,0,0,33792,1,5277172993
3105,704892981,97254,704990235,2,0,0,18944,2,3422546837
3106,705023142,67592,705090734,7,0,0,7680,7,8528094081
3107,705029911,50828,705080739,3,0,0,3072,3,2571036734
3108,705053979,123197,705177176,4,0,0,58368,4,4722297697
3109,705171366,113234,705284600,7,0,0,52736,7,9085469147
3110,705193323,132161,705325484,2,0,0,25600,2,4188235283
3111,705284601,136715,705421316,9,0,0,40448,9,9560534538
3112,705392728,70732,705463460,5,0,0,5120,5,7100522882
3113,705483073,1042,705484115,4,0,1,1024,4,3462628771
3114,705487861,196689,705684550,7,0,0,46080,7,1485406305
3115,705492031,52364,705544395,0,0,0,3072,0,8845746756
3116,705500391,143274,705643665,6,0,0,50176,6,2623633478
3117,705505842,222202,705728044,2,0,0,11264,2,204350633
3118,705606250,1518,705607768,4,0,1,1536,4,9716603748
3119,705644279,99164,705743443,3,0,0,25600,3,6260548860
3120,705797296,107588,705904884,3,0,0,53248,3,8759930215
3121,705834269,125203,705959472,0,0,0,18432,0,349071992
3122,705852157,72824,705924981,3,0,0,9728,3,7886245660
3123,705993139,101816,706094955,1,0,0,34304,1,7495843055
3124,706074072,168592,706242664,3,0,0,23552,3,4823942889
3125,706085642,119592,706205234,3,0,0,28672,3,2462393045
3126,706088545,118420,706206965,7,0,0,5632,7,7956998641
3127,706090441,206949,706297390,3,0,0,91136,3,7230516276
3128,706176473,89218,706265691,5,0,0,11264,5,3172189536
3129,706214072,87857,706301929,8,0,0,14848,8,5421538226
3130,706220368,1994,706222362,4,0,1,2048,4,6094271589
3131,706221027,98554,706319581,4,0,0,23552,4,2738771704
3132,706240712,128750,706369462,7,0,0,52736,7,7710526031
3133,706310715,60174,706370889,8,0,0,4608,8,1464750401
3134,706315855,55829,706371684,6,0,0,2560,6,6315968806
3135,706364141,130061,706494202,5,0,0,109568,5,5926968680
3136,706382949,1042,706383991,0,0,1,1024,0,6541262454
3137,706448503,160531,706609034,7,0,0,47616,7,7643081866
3138,706454010,117884,706571894,9,0,0,87040,9,1044602903
3139,706471703,220603,706692306,6,0,0,49664,6,10265008070
3140,706551399,124331,706675730,0,0,0,40960,0,2663982652
3141,706563377,12179,706575556,3,0,1,10240,3,2476254688
3142,706745162,13341,706758503,9,0,1,22528,9,6260190343
3143,706872684,54056,706926740,6,0,0,3584,6,8058310603
3144,706886044,50828,706936872,4,0,0,3072,4,5333042941
3145,706922854,103844,707026698,6,0,0,40960,6,10092512733
3146,706986442,53504,707039946,0,0,0,1536,0,591995347
3147,707019874,100281,707120155,8,0,0,16896,8,3143948577
3148,707020297,113133,707133430,2,0,0,43520,2,3272820562
3149,707147336,115388,707262724,4,0,0,78848,4,6484177719
3150,707313327,1518,707314845,3,0,1,1536,3,3386086585
3151,707331321,54056,707385377,0,0,0,3584,0,8882322485
3152,707345014,566,707345580,0,0,1,512,0,8665521406
3153,707383156,63589,707446745,0,0,0,6144,0,9558957196
3154,707424357,88208,707512565,9,0,0,14848,9,7081974658
3155,707552852,2870,707555722,3,0,1,8704,3,256662051
3156,707598571,104000,707702571,1,0,0,41472,1,37174055
3157,707615351,99164,707714515,5,0,0,25600,5,4061754260
3158,707649121,53621,707702742,1,0,0,512,1,4709861231
3159,707653609,6278,707659887,6,0,1,6656,6,1907204634
3160,707669334,4374,707673708,6,0,1,4608,6,1298369456
3161,707751187,145762,707896949,9,0,0,5632,9,6763083207
3162,707836125,108368,707944493,7,0,0,55808,7,1662388772
3163,707864808,142571,708007379,7,0,0,29184,7,10504565487
3164,707872846,1042,707873888,3,0,1,1024,3,8655105361
3165,707919925,24583,707944508,8,0,1,22016,8,1225600069
3166,708093818,10757,708104575,3,0,1,17408,3,6511471830
3167,708137781,64208,708201989,6,0,0,6656,6,8152282243
3168,708139045,64987,708204032,3,0,0,6656,3,468815283
3169,708163915,79772,708243687,8,0,0,17408,8,2044975570
3170,708218821,59132,708277953,4,0,0,5120,4,5283899217
3171,708265342,92528,708357870,8,0,0,18944,8,10675091518
3172,708296464,79328,708375792,7,0,0,1024,7,1588892752
3173,708379940,106340,708486280,6,0,0,49152,6,2882682682
3174,708385941,115142,708501083,5,0,0,9728,5,7890382123
3175,708426320,4850,708431170,6,0,1,5120,6,6546639450
3176,708488956,50672,708539628,4,0,0,2560,4,10579707472
3177,708641295,43904,708685199,7,0,0,512,7,5120755720
3178,708684576,7706,708692282,4,0,1,8192,4,7968422145
3179,708757825,99632,708857457,4,0,0,27136,4,8110627185
3180,708768499,3422,708771921,3,0,1,3584,3,8758735241
3181,708769088,105644,708874732,9,0,0,45056,9,2207457237
3182,708813412,161264,708974676,2,0,0,15360,2,10371459497
3183,708817916,152065,708969981,3,0,0,96768,3,7939426912
3184,708841140,2470,708843610,5,0,1,2560,5,1896900678
3185,708887151,90660,708977811,5,0,0,10240,5,3526763478
3186,708930193,71043,709001236,0,0,0,7168,0,6279414690
3187,709029146,2946,709032092,2,0,1,3072,2,1764637907
3188,709031934,55904,709087838,3,0,0,4608,3,2316968183
3189,709057399,98072,709155471,2,0,0,22016,2,10244061946
3190,709082816,2470,709085286,1,0,1,2560,1,9806109067
3191,709087663,60991,709148654,4,0,0,5632,4,8415839408
3192,709180235,87476,709267711,2,0,0,22528,2,5901135173
3193,709228526,2470,709230996,8,0,1,2560,8,7638270158
3194,709362704,84536,709447240,4,0,0,17920,4,1370225973
3195,709376071,4850,709380921,3,0,1,5120,3,7837167124
3196,709386965,3904,709390869,5,0,1,10752,5,5257464975
3197,709443637,103539,709547176,0,0,0,28160,0,1604372973
3198,709479298,219935,709699233,3,0,0,140288,3,3579265910
3199,709501381,3422,709504803,9,0,1,3584,9,20175265
3200,709537459,82127,709619586,3,0,0,2048,3,8776569290
3201,709582884,119172,709702056,5,0,0,9216,5,2415336373
3202,709594489,5712,709600201,8,0,1,14336,8,8230419848
3203,709699972,87652,709787624,2,0,0,4096,2,3471723190
3204,709741343,65900,709807243,1,0,0,7168,1,4874202305
3205,709768115,79828,709847943,4,0,0,8192,4,7894993703
3206,709800463,103080,709903543,3,0,0,23552,3,939936408
3207,709851791,1042,709852833,0,0,1,1024,0,3186921698
3208,709893395,52364,709945759,5,0,0,3072,5,3933758240
3209,709914661,3422,709918083,6,0,1,3584,6,10445079344
3210,709957132,5326,709962458,6,0,1,5632,6,5854927964
3211,710002704,13858,710016562,5,0,1,23552,5,59937136
3212,710045563,83912,710129475,8,0,0,15872,8,6289471877
3213,710047962,3422,710051384,4,0,1,3584,4,3352209312
3214,710090418,105092,710195510,0,0,0,45056,0,5917931400
3215,710172967,2946,710175913,5,0,1,3072,5,6270868945
3216,710176106,1994,710178100,4,0,1,2048,4,6941538631
3217,710313971,65900,710379871,1,0,0,7168,1,4219626911
3218,710344826,61787,710406613,2,0,0,3072,2,3096334778
3219,710441708,1518,710443226,5,0,1,1536,5,10108538494
3220,710451695,103220,710554915,3,0,0,38912,3,5523006256
3221,710455652,3898,710459550,8,0,1,4096,8,7768970945
3222,710551243,71880,710623123,5,0,0,9728,5,2261563280
3223,710652163,5802,710657965,9,0,1,6144,9,5438329583
3224,710675456,67304,710742760,1,0,0,11776,1,9292069166
3225,710717310,62516,710779826,0,0,0,6144,0,3403960267
3226,710760829,52364,710813193,3,0,0,3072,3,10404569445
3227,710779363,82699,710862062,4,0,0,20480,4,10304191397
3228,710796190,54056,710850246,8,0,0,3584,8,8175312508
3229,710798065,107588,710905653,6,0,0,53248,6,2941356745
3230,710812104,99560,710911664,4,0,0,10752,4,7813081767
3231,710814430,167680,710982110,0,0,0,24064,0,1876360730
3232,710834217,156652,710990869,4,0,0,28672,4,5813773704
3233,710873940,80123,710954063,0,0,0,6656,0,7724048109
3234,710941440,66992,711008432,1,0,0,10752,1,6629211087
3235,710951516,100977,711052493,2,0,0,13312,2,9360801546
3236,710962423,85999,711048422,3,0,0,14848,3,4540627117
3237,710975089,104929,711080018,8,0,0,21504,8,2566995515
3238,711073337,58917,711132254,9,0,0,9216,9,6187694900
3239,711089770,110084,711199854,9,0,0,61440,9,6829241330
3240,711237666,79592,711317258,2,0,0,11776,2,8702266086
3241,711384683,84512,711469195,9,0,0,12800,9,2786330113
3242,711428993,3128,711432121,0,0,1,9216,0,10497258266
3243,711469102,116586,711585688,2,0,0,46592,2,3129743823
3244,711483657,162475,711646132,0,0,0,15872,0,3847905202
3245,711524596,1518,711526114,6,0,1,1536,6,8481068938
3246,711593712,104624,711698336,4,0,0,43520,4,1260467774
3247,711642674,56145,711698819,1,0,0,1536,1,8139029695
3248,711702222,85160,711787382,8,0,0,19968,8,10664810444
3249,711795251,109616,711904867,8,0,0,59904,8,497943832
3250,711827281,5802,711833083,3,0,1,6144,3,9922419889
3251,711885479,103052,711988531,6,0,0,34816,6,3301177831
3252,711906466,125565,712032031,3,0,0,41472,3,1762952650
3253,711958162,206963,712165125,0,0,0,68608,0,3114441624
3254,711959746,28800,711988546,5,0,1,40960,5,7503304932
3255,711961648,250976,712212624,5,0,0,5120,5,6704534765
3256,711966289,89844,712056133,4,0,0,2560,4,5737404994
3257,712001357,142849,712144206,0,0,0,7168,0,2298435826
3258,712003635,64676,712068311,4,0,0,8192,4,691835795
3259,712068971,152113,712221084,4,0,0,7680,4,4842580392
3260,712114161,86360,712200521,8,0,0,13824,8,1447287839
3261,712158079,104798,712262877,0,0,0,20992,0,1489005248
3262,712281700,77900,712359600,5,0,0,11264,5,4880137417
3263,712365498,5326,712370824,9,0,1,5632,9,10009809269
3264,712420052,54056,712474108,5,0,0,3584,5,647004664
3265,712426183,129579,712555762,7,0,0,48640,7,9599070606
3266,712426873,152774,712579647,6,0,0,42496,6,7379057560
3267,712445834,145528,712591362,9,0,0,38400,9,5529966311
3268,712454677,50672,712505349,8,0,0,2560,8,4284387689
3269,712470987,154890,712625877,0,0,0,1536,0,6093388445
3270,712501969,145736,712647705,4,0,0,37888,4,4935097512
3271,712558631,175828,712734459,8,0,0,89600,8,8459444814
3272,712615726,193380,712809106,9,0,0,64000,9,10029354910
3273,712621023,75906,712696929,6,0,0,5632,6,2734237770
3274,712676883,3898,712680781,9,0,1,4096,9,131581328
3275,712796508,96058,712892566,3,0,0,19456,3,4543929263
3276,712949713,56617,713006330,2,0,0,3072,2,3464851751
3277,712952084,101192,713053276,9,0,0,32256,9,8220368303
3278,712953966,113194,713067160,7,0,0,12288,7,8645123279
3279,712956975,2470,712959445,4,0,1,2560,4,8423612335
3280,713058484,101660,713160144,1,0,0,33792,1,7593685910
3281,713135569,4850,713140419,5,0,1,5120,5,9169231164
3282,713144460,69284,713213744,4,0,0,8192,4,4559304129
3283,713202204,48980,713251184,1,0,0,2048,1,7736320656
3284,713203735,5802,713209537,8,0,1,6144,8,5647678145
3285,713234147,249944,713484091,0,0,0,21504,0,8511253851
3286,713304083,102440,713406523,7,0,0,36352,7,4230404497
3287,713463888,123103,713586991,5,0,0,37888,5,5841497426
3288,713480067,169798,713649865,8,0,0,41472,8,1721479971
3289,713512034,87036,713599070,5,0,0,1536,5,7950756157
3290,713513684,93917,713607601,4,0,0,3584,4,5384125535
3291,713843746,103688,713947434,8,0,0,40448,8,6030513348
3292,713903823,88695,713992518,6,0,0,9728,6,3150312144
3293,713922877,103553,714026430,4,0,0,35328,4,1852733547
3294,714026777,124904,714151681,7,0,0,110080,7,3019658357
3295,714050462,152273,714202735,7,0,0,49664,7,7759540581
3296,714205753,5326,714211079,1,0,1,5632,1,5352489355
3297,714278883,69284,714348167,8,0,0,8192,8,6078518854
3298,714363387,73604,714436991,2,0,0,12288,2,9839831670
3299,714381517,14545,714396062,4,0,1,28160,4,6717325822
3300,714459575,50672,714510247,2,0,0,2560,2,3488032137
3301,714491032,45596,714536628,0,0,0,1024,0,1172860015
3302,714551280,105716,714656996,0,0,0,47104,0,6417491915
3303,714666000,6754,714672754,4,0,1,7168,4,2386400790
3304,714681648,4162,714685810,5,0,1,11264,5,2818279920
3305,714683376,77961,714761337,3,0,0,10752,3,8269092699
3306,714686688,281672,714968360,1,0,0,66560,1,4382321332
3307,714730674,121724,714852398,4,0,0,26112,4,4219869120
3308,714787254,131114,714918368,6,0,0,34816,6,3361099715
3309,714826405,308332,715134737,9,0,0,9216,9,5868595996
3310,714891076,196276,715087352,0,0,0,68096,0,8265826522
3311,714992169,58851,715051020,5,0,0,1024,5,183865913
3312,715021023,110891,715131914,1,0,0,31744,1,4631711703
3313,715050981,64239,715115220,6,0,0,6656,6,9754034252
3314,715080322,20363,715100685,6,0,1,22528,6,7225990190
3315,715179495,93908,715273403,5,0,0,18432,5,2669077977
3316,715212812,122889,715335701,2,0,0,22016,2,9131547112
3317,715234557,113803,715348360,3,0,0,41472,3,5333542675
3318,715325515,126778,715452293,0,0,0,108032,0,8867574092
3319,715329039,146352,715475391,6,0,0,30720,6,9294188536
3320,715349550,154809,715504359,1,0,0,2560,1,382489968
3321,715361928,141081,715503009,2,0,0,49664,2,4915146118
3322,715362223,160016,715522239,2,0,0,15872,2,10570232022
3323,715434134,22049,715456183,8,0,1,4096,8,4209669811
3324,715468226,11061,715479287,0,0,1,10752,0,5096162855
3325,715499200,73607,715572807,9,0,0,8192,9,5643465574
3326,715601137,102440,715703577,4,0,0,36352,4,8030739419
3327,715731152,48980,715780132,4,0,0,2048,4,7451360754
3328,715765638,77324,715842962,0,0,0,19456,0,4848258219
3329,715817551,5802,715823353,6,0,1,6144,6,5428381824
3330,715841971,22124,715864095,8,0,1,34304,8,8377375415
3331,715859266,91153,715950419,7,0,0,12288,7,1667526653
3332,715971111,86384,716057495,6,0,0,18944,6,9425638339
3333,716015012,74672,716089684,4,0,0,10752,4,9927471689
3334,716022813,107120,716129933,3,0,0,51712,3,9893460959
3335,716223627,96824,716320451,5,0,0,17920,5,6022602907
3336,716248715,150222,716398937,3,0,0,42496,3,4492730598
3337,716329520,80787,716410307,1,0,0,3072,1,1081180650
3338,716367264,59813,716427077,1,0,0,1536,1,5458733427
3339,716421416,99476,716520892,0,0,0,26624,0,8057481330
3340,716471153,50222,716521375,9,0,0,1536,9,838872779
3341,716481011,3387,716484398,8,0,1,9728,8,867027703
3342,716523414,94688,716618102,8,0,0,20992,8,807921698
3343,716549839,156289,716706128,3,0,0,81920,3,6113283748
3344,716589568,197200,716786768,7,0,0,14848,7,6373504692
3345,716616684,165545,716782229,9,0,0,14848,9,4247019423
3346,716636254,141436,716777690,2,0,0,56320,2,8624388267
3347,716669984,162343,716832327,5,0,0,2560,5,8958078925
3348,716711549,566,716712115,3,0,1,512,3,8380220126
3349,716746031,3387,716749418,8,0,1,9728,8,942981323
3350,716851084,99476,716950560,9,0,0,26624,9,8746630602
3351,716853019,5326,716858345,3,0,1,5632,3,4300411987
3352,716871892,4850,716876742,5,0,1,5120,5,200827580
3353,716926857,65300,716992157,2,0,0,10240,2,860224473
3354,717008762,55748,717064510,2,0,0,4096,2,9570928849
3355,717020962,84824,717105786,4,0,0,13824,4,952394366
3356,717140342,84512,717224854,5,0,0,12800,5,113856961
3357,717163880,102284,717266164,6,0,0,35840,6,6010537549
3358,717178333,135549,717313882,2,0,0,6144,2,1240495624
3359,717190056,121923,717311979,9,0,0,67072,9,1668326091
3360,717223645,150596,717374241,2,0,0,38400,2,684187293
3361,717301459,16286,717317745,6,0,1,10752,6,5043270707
3362,717305316,14271,717319587,3,0,1,2560,3,9584988632
3363,717367188,225758,717592946,5,0,0,71680,5,8788165148
3364,717373854,156495,717530349,9,0,0,51200,9,8521382690
3365,717503098,97318,717600416,6,0,0,19456,6,828406109
3366,717540806,102912,717643718,4,0,0,9216,4,4677561736
3367,717579718,74044,717653762,6,0,0,5632,6,8377601904
3368,717595982,70326,717666308,9,0,0,7168,9,10316324801
3369,717603796,11016,717614812,6,0,1,17920,6,8742708615
3370,717676950,73316,717750266,4,0,0,16384,4,9241811947
3371,717710379,12566,717722945,8,0,1,20992,8,8921956813
3372,717787375,104468,717891843,9,0,0,43008,9,2000471613
3373,717811202,198133,718009335,2,0,0,58368,2,9690726076
3374,717832944,132759,717965703,7,0,0,56320,7,5159565826
3375,717878605,145796,718024401,7,0,0,20992,7,8879768630
3376,717928808,87577,718016385,4,0,0,14848,4,3061690503
3377,717943117,92906,718036023,8,0,0,2560,8,5408951674
3378,717957387,84780,718042167,0,0,0,2560,0,1003238897
3379,718231275,1994,718233269,3,0,1,2048,3,3444029095
3380,718244670,99944,718344614,2,0,0,28160,2,7768802255
3381,718320116,78704,718398820,6,0,0,18944,6,8063805416
3382,718351293,52869,718404162,5,0,0,512,5,6730577775
3383,718363024,95600,718458624,1,0,0,18944,1,5215985503
3384,718420448,152419,718572867,3,0,0,36352,3,6828207508
3385,718429713,101816,718531529,0,0,0,34304,0,6366214414
3386,718437268,13600,718450868,0,0,1,23040,0,9930726579
3387,718439046,93130,718532176,0,0,0,2048,0,7475976271
3388,718480895,169694,718650589,3,0,0,27648,3,6420925403
3389,718528131,133876,718662007,4,0,0,27648,4,8331937342
3390,718573365,80203,718653568,4,0,0,9728,4,8236218781
3391,718684849,1518,718686367,6,0,1,1536,6,2644442117
3392,718684925,81905,718766830,2,0,0,17920,2,1762173642
3393,718725624,102544,718828168,7,0,0,21504,7,9355866467
3394,718752462,117508,718869970,4,0,0,51712,4,5607953142
3395,718831195,60249,718891444,7,0,0,5120,7,2478667532
3396,718862581,9375,718871956,8,0,1,2048,8,6149833152
3397,718961735,101348,719063083,1,0,0,32768,1,6010971172
3398,719113734,6278,719120012,6,0,1,6656,6,8793066257
3399,719322127,6754,719328881,8,0,1,7168,8,9634744939
3400,719335301,115195,719450496,2,0,0,42496,2,2328926766
3401,719364490,64365,719428855,2,0,0,1024,2,10028868892
3402,719515147,115388,719630535,2,0,0,78848,2,8282041010
3403,719635824,108368,719744192,7,0,0,55808,7,6514383595
3404,719636829,141191,719778020,6,0,0,30720,6,5171702579
3405,719792203,60536,719852739,4,0,0,9728,4,2097361430
3406,719833716,74384,719908100,3,0,0,14848,3,5585233747
3407,719952521,2470,719954991,0,0,1,2560,0,58845336
3408,720098438,163776,720262214,8,0,0,106496,8,5940486054
3409,720104619,12995,720117614,0,0,1,25088,0,8147699486
3410,720176031,1994,720178025,4,0,1,2048,4,7608836353
3411,720216955,186434,720403389,2,0,0,15360,2,5096424697
3412,720268027,116012,720384039,7,0,0,80896,7,5168824888
3413,720397604,11016,720408620,3,0,1,17920,3,7668622384
3414,720452633,181615,720634248,5,0,0,12800,5,10085946901
3415,720473788,101816,720575604,9,0,0,34304,9,5601724450
3416,720513933,3645,720517578,0,0,1,10240,0,4860103893
3417,720516332,98368,720614700,2,0,0,4096,2,1441353410
3418,720534483,136479,720670962,8,0,0,6144,8,3525095979
3419,720617654,1042,720618696,8,0,1,1024,8,9433871402
3420,720634191,2043,720636234,4,0,1,2048,4,9490185845
3421,720652785,94976,720747761,4,0,0,16896,4,1843010625
3422,720691435,128884,720820319,6,0,0,22016,6,6099652980
3423,720776789,62516,720839305,2,0,0,6144,2,7988359745
3424,720817855,118312,720936167,4,0,0,80384,4,4931102117
3425,720866905,132952,720999857,0,0,0,61440,0,9373954040
3426,720934763,66529,721001292,8,0,0,4608,8,10288267082
3427,720954901,1518,720956419,3,0,1,1536,3,45497037
3428,720985320,120401,721105721,4,0,0,47616,4,56736106
3429,720987895,19068,721006963,8,0,1,14336,8,4142427584
3430,721010857,11016,721021873,6,0,1,17920,6,7175764374
3431,721068491,177821,721246312,2,0,0,24576,2,6067029694
3432,721139712,117045,721256757,1,0,0,9216,1,4746179704
3433,721142383,62516,721204899,0,0,0,6144,0,5395436617
3434,721173981,115477,721289458,5,0,0,13824,5,625123535
3435,721192194,158116,721350310,2,0,0,52224,2,9541258676
3436,721246395,185701,721432096,5,0,0,92672,5,10412791599
3437,721256733,101330,721358063,6,0,0,6144,6,3231192498
3438,721315141,4420,721319561,1,0,1,11776,1,4027373474
3439,721356811,3238,721360049,1,0,1,2048,1,1917368089
3440,721369106,12825,721381931,3,0,1,21504,3,962955308
3441,721477006,117882,721594888,7,0,0,38400,7,1456338518
3442,721679618,108524,721788142,4,0,0,56320,4,10569756713
3443,721845999,101504,721947503,0,0,0,33280,0,2161267236
3444,722058710,72692,722131402,2,0,0,14336,2,10694114250
3445,722071275,78212,722149487,6,0,0,12288,6,3173882396
3446,722093645,92039,722185684,2,0,0,19968,2,3260059851
3447,722191648,74384,722266032,9,0,0,14848,9,3601081556
3448,722217665,55093,722272758,3,0,0,512,3,5357767361
3449,722222767,64676,722287443,7,0,0,8192,7,7072322672
3450,722285687,83992,722369679,2,0,0,20480,2,2075363469
3451,722316645,87896,722404541,3,0,0,13824,3,7123896545
3452,722655989,1994,722657983,0,0,1,2048,0,9275461078
3453,722658815,91319,722750134,4,0,0,20992,4,360828848
3454,722661708,4374,722666082,0,0,1,4608,0,6054559237
3455,722752338,104312,722856650,6,0,0,42496,6,10621837357
3456,722850112,10921,722861033,5,0,1,4608,5,9269625638
3457,722855576,6443,722862019,3,0,1,1536,3,3675460873
3458,722912500,72692,722985192,4,0,0,14336,4,6751699564
3459,722921294,77300,722998594,3,0,0,14336,3,1203856460
3460,723126335,49448,723175783,1,0,0,3584,1,1889757021
3461,723150926,566,723151492,6,0,1,512,6,4935354365
3462,723190691,1994,723192685,5,0,1,2048,5,3039330797
3463,723192783,99008,723291791,6,0,0,25088,6,5722356056
3464,723235279,178875,723414154,4,0,0,25600,4,7455758401
3465,723238448,93243,723331691,9,0,0,2560,9,4751068251
3466,723254756,165029,723419785,5,0,0,18432,5,3404946911
3467,723277917,56528,723334445,8,0,0,6656,8,8701121047
3468,723295665,69776,723365441,2,0,0,14848,2,5002576559
3469,723364059,150979,723515038,2,0,0,36864,2,6267736513
3470,723416606,84440,723501046,9,0,0,1024,9,8186292421
3471,723445054,12049,723457103,4,0,1,19968,4,9485855022
3472,723477339,87547,723564886,0,0,0,6656,0,5437614625
3473,723482367,2470,723484837,2,0,1,2560,2,294626609
3474,723538661,12049,723550710,0,0,1,19968,0,3052264763
3475,723559351,1518,723560869,0,0,1,1536,0,9735337098
3476,723582393,3645,723586038,6,0,1,10240,6,1065080121
3477,723593925,64388,723658313,7,0,0,12288,7,9766962896
3478,723614676,3904,723618580,4,0,1,10752,4,6952974993
3479,723651214,104936,723756150,7,0,0,44544,7,1544723846
3480,723703738,172781,723876519,3,0,0,38400,3,6530282412
3481,723740240,83582,723823822,4,0,0,2048,4,9278186311
3482,723769048,95756,723864804,4,0,0,19456,4,8099821685
3483,723789175,57440,723846615,0,0,0,4608,0,5439380244
3484,723812649,108961,723921610,7,0,0,8192,7,10231688165
3485,723881187,48980,723930167,1,0,0,2048,1,2101912347
3486,723903420,123046,724026466,3,0,0,47616,3,6853887661
3487,723939444,53824,723993268,8,0,0,3072,8,7445812335
3488,724005047,74984,724080031,4,0,0,11776,4,2789604219
3489,724197866,2470,724200336,4,0,1,2560,4,5840101373
3490,724200138,67772,724267910,6,0,0,13312,6,101049650
3491,724225954,54012,724279966,5,0,1,91648,5,4563609989
3492,724263184,237903,724501087,0,0,0,71168,0,8589031456
3493,724361574,5802,724367376,4,0,1,6144,4,2313837027
3494,724532317,73136,724605453,0,0,0,10752,0,2950466108
3495,724606840,1042,724607882,4,0,1,1024,4,7855002825
3496,724653758,102752,724756510,3,0,0,37376,3,7086078592
3497,724659055,144735,724803790,5,0,0,31232,5,3256597906
3498,724744871,11654,724756525,3,0,1,7680,3,1947540899
3499,724769104,84692,724853796,0,0,0,18432,0,942142664
3500,724770931,139817,724910748,2,0,0,44032,2,1774070666
3501,724783032,137559,724920591,5,0,0,32256,5,2187967580
3502,724820127,62072,724882199,7,0,0,9728,7,350346261
3503,724935783,23637,724959420,5,0,1,42496,5,561789418
3504,724947539,105237,725052776,2,0,0,5120,2,4632286762
3505,725041033,153335,725194368,3,0,0,30720,3,7090295058
3506,725044704,120615,725165319,1,0,0,36352,1,5755854195
3507,725083500,2946,725086446,0,0,1,3072,0,9678894436
3508,725140082,100880,725240962,6,0,0,31232,6,1459554095
3509,725246829,45596,725292425,5,0,0,1024,5,8556483932
3510,725257833,62697,725320530,0,0,0,8192,0,7092477782
3511,725273479,2470,725275949,3,0,1,2560,3,5208167523
3512,725274722,60369,725335091,6,0,0,5632,6,2601257982
3513,725378978,54056,725433034,0,0,0,3584,0,2409353616
3514,725413670,99476,725513146,2,0,0,26624,2,5985898955
3515,725472191,98228,725570419,8,0,0,22528,8,4912009147
3516,725579541,97316,725676857,7,0,0,24576,7,3194009102
3517,725593715,100724,725694439,4,0,0,30720,4,8265125441
3518,725768046,104780,725872826,3,0,0,44032,3,214198833
3519,725823892,1042,725824934,4,0,1,1024,4,7789573582
3520,725906173,3422,725909595,8,0,1,3584,8,8435744568
3521,725930279,68216,725998495,3,0,0,9728,3,2934810352
3522,725988426,15321,726003747,5,0,1,29696,5,5419012508
3523,726049203,5196,726054399,6,0,1,13312,6,225957258
3524,726053488,79528,726133016,9,0,0,1024,9,2735237
3525,726083351,136192,726219543,9,0,0,49152,9,744878922
3526,726144914,89794,726234708,7,0,0,1536,7,7895196814
3527,726178603,105854,726284457,2,0,0,29184,2,8814203118
3528,726179838,86268,726266106,7,0,0,7680,7,9535928691
3529,726236536,103091,726339627,0,0,0,27648,0,1003411937
3530,726251707,2946,726254653,0,0,1,3072,0,4144370942
3531,726322072,1042,726323114,3,0,1,1024,3,336319873
3532,726382125,5971,726388096,8,0,1,14848,8,6948650629
3533,726399348,101816,726501164,1,0,0,34304,1,3256231737
3534,726425606,171984,726597590,0,0,0,117760,0,6255371212
3535,726483779,142281,726626060,6,0,0,23552,6,9066547556
3536,726563205,92441,726655646,7,0,0,6656,7,7113437236
3537,726600031,84565,726684596,8,0,0,11776,8,7818388981
3538,726654410,65436,726719846,8,0,0,6656,8,6928785255
3539,726665309,55644,726720953,2,0,0,3584,2,6883447203
3540,726829913,3422,726833335,8,0,1,3584,8,2897957989
3541,726890044,59132,726949176,2,0,0,5120,2,5495445998
3542,726932458,105716,727038174,7,0,0,47104,7,2789154218
3543,727008582,99788,727108370,0,0,0,27648,0,10539096266
3544,727037254,153197,727190451,2,0,0,98304,2,455383561
3545,727039951,157067,727197018,8,0,0,21504,8,7890669162
3546,727047259,185777,727233036,6,0,0,20992,6,9161517678
3547,727069233,135132,727204365,6,0,0,24064,6,190251007
3548,727148827,55717,727204544,4,0,0,512,4,1359294312
3549,727200986,79204,727280190,0,0,0,13312,0,9926374773
3550,727233393,566,727233959,4,0,1,512,4,6859016013
3551,727310045,5971,727316016,3,0,1,14848,3,1946174553
3552,727324067,65900,727389967,3,0,0,7168,3,3699272870
3553,727419544,102752,727522296,3,0,0,37376,3,1971961694
3554,727457691,26738,727484429,5,0,1,48640,5,1652520920
3555,727531744,66836,727598580,3,0,0,10240,3,206824538
3556,727569853,107584,727677437,3,0,0,48640,3,4920234777
3557,727605162,57440,727662602,2,0,0,4608,2,4497067907
3558,727723795,79592,727803387,9,0,0,11776,9,9226443483
3559,727770153,108992,727879145,7,0,0,57856,7,7895899769
3560,727801479,104028,727905507,6,0,0,35328,6,5746131200
3561,727874076,133386,728007462,8,0,0,15360,8,2318607703
3562,727878860,110386,727989246,1,0,0,61440,1,9835320925
3563,727879558,172886,728052444,9,0,0,35840,9,8867780220
3564,727932812,101866,728034678,3,0,0,6656,3,178030353
3565,727973481,190863,728164344,8,0,0,103424,8,9392980164
3566,728066454,155316,728221770,5,0,0,58880,5,9263818949
3567,728142862,22992,728165854,0,0,1,1536,0,9748376678
3568,728209379,85231,728294610,7,0,0,14848,7,6282592876
3569,728224880,45596,728270476,0,0,0,1024,0,6707139553
3570,728305301,106496,728411797,1,0,0,49664,1,577609491
3571,728309228,104456,728413684,9,0,0,6144,9,993159518
3572,728413617,21200,728434817,5,0,1,34304,5,7689031550
3573,728459502,43904,728503406,2,0,0,512,2,8026370496
3574,728557098,3422,728560520,8,0,1,3584,8,475342138
3575,728580393,120248,728700641,2,0,0,64512,2,5438815084
3576,728628809,124362,728753171,2,0,0,24064,2,5298249921
3577,728677815,107222,728785037,8,0,0,31744,8,843865992
3578,728716644,114275,728830919,9,0,0,14848,9,5154971796
3579,728767633,89744,728857377,1,0,0,14848,1,728341764
3580,728774242,49891,728824133,6,0,0,1536,6,8763434691
3581,728934177,101192,729035369,0,0,0,32256,0,7867542915
3582,728970259,66685,729036944,4,0,0,5120,4,4057366722
3583,729019210,98252,729117462,9,0,0,27648,9,964804929
3584,729082395,2946,729085341,6,0,1,3072,6,3898228007
3585,729087204,102229,729189433,2,0,0,22016,2,3233437067
3586,729099181,50672,729149853,9,0,0,2560,9,1836925267
3587,729122092,50672,729172764,0,0,0,2560,0,2990577526
3588,729157896,69145,729227041,5,0,0,2048,5,5467893522
3589,729163066,3904,729166970,4,0,1,10752,4,458154044
3590,729216819,107900,729324719,7,0,0,54272,7,3336635183
3591,729291261,47444,729338705,7,0,0,2048,7,6321714074
3592,729360798,75608,729436406,4,0,0,13824,4,1799394989
3593,729395249,101036,729496285,7,0,0,31744,7,5731422728
3594,729515303,85292,729600595,1,0,0,15360,1,8197211831
3595,729531895,1994,729533889,8,0,1,2048,8,6303722926
3596,729553896,13083,729566979,1,0,1,22016,1,1526210424
3597,729573590,144579,729718169,6,0,0,19456,6,9114405464
3598,729575391,152777,729728168,0,0,0,32768,0,1598941515
3599,729576748,199458,729776206,3,0,0,42496,3,2291759430
3600,729604093,187935,729792028,3,0,0,2560,3,7398053744
3601,729710899,17284,729728183,3,0,1,6656,3,9308748597
3602,729841630,92060,729933690,0,0,0,17408,0,8818320471
3603,729849391,52364,729901755,6,0,0,3072,6,2615914421
3604,729849998,101660,729951658,5,0,0,33792,5,7428083166
3605,729858183,5326,729863509,3,0,1,5632,3,2663302282
3606,729978733,45596,730024329,0,0,0,1024,0,6832643701
3607,729985826,55748,730041574,9,0,0,4096,9,922072626
3608,730050409,4374,730054783,4,0,1,4608,4,5898757204
3609,730060510,151991,730212501,5,0,1,245760,5,4507476815
3610,730063574,306869,730370443,3,0,0,66560,3,5019827933
3611,730135136,237029,730372165,6,0,0,512,6,5119745855
3612,730210091,186849,730396940,4,0,0,6144,4,10155531233
3613,730248987,245612,730494599,5,0,1,401408,5,4042028500
3614,730335315,129166,730464481,2,0,0,18944,2,4722689345
3615,730352959,146466,730499425,3,0,1,7680,3,1061965540
3616,730479131,256780,730735911,5,0,0,114176,5,7063918158
3617,730502713,372418,730875131,9,0,0,63488,9,8290096639
3618,730520999,105929,730626928,5,0,1,176128,5,9491241998
3619,730624978,5971,730630949,3,0,1,14848,3,5961919883
3620,730642423,10499,730652922,8,0,1,16896,8,94968181
3621,730694213,150572,730844785,3,0,0,1024,3,807263139
3622,730719229,207710,730926939,1,0,0,6144,1,2550744648
3623,730775364,106669,730882033,9,0,0,17408,9,8164616817
3624,730809510,96920,730906430,8,0,0,512,8,4779866662
3625,730883585,95936,730979521,5,0,0,25088,5,6833419626
3626,730898752,6278,730905030,0,0,1,6656,0,2073109378
3627,730921872,101639,731023511,8,0,0,9216,8,920372741
3628,730929339,67616,730996955,9,0,0,12800,9,888118261
3629,730986276,4850,730991126,8,0,1,5120,8,396107335
3630,730993707,74832,731068539,8,0,0,5120,8,4738955976
3631,731013148,103688,731116836,9,0,0,40448,9,5797039395
3632,731291966,67592,731359558,7,0,0,7680,7,2901214470
3633,731312027,113516,731425543,9,0,0,72704,9,1178284329
3634,731317742,111560,731429302,9,0,0,12288,9,9170833231
3635,731475662,60068,731535730,9,0,0,8192,9,7374655639
3636,731516718,90820,731607538,9,0,0,9728,9,8459313736
3637,731577472,124026,731701498,8,0,0,18432,8,3612123615
3638,731619426,123700,731743126,5,0,0,18944,5,8590837217
3639,731667382,171732,731839114,8,0,0,34304,8,5376285435
3640,731671194,55748,731726942,0,0,0,4096,0,620875988
3641,731692697,60824,731753521,5,0,0,5632,5,2074443953
3642,731740970,6046,731747016,7,0,1,4096,7,7865834138
3643,731845607,72668,731918275,0,0,0,9216,0,7555058240
3644,731892394,1042,731893436,4,0,1,1024,4,9585127055
3645,731944337,59132,732003469,7,0,0,5120,7,3830152402
3646,732047351,99164,732146515,1,0,0,25600,1,3574013205
3647,732060295,34537,732094832,5,0,1,60416,5,10193482934
3648,732119682,307752,732427434,3,0,0,85504,3,10055098575
3649,732156778,129622,732286400,6,0,0,22528,6,4399661012
3650,732211875,325979,732537854,3,0,0,30208,3,6482213656
3651,732219037,97650,732316687,0,0,0,25088,0,8123122947
3652,732221445,164524,732385969,2,0,0,19456,2,5238048923
3653,732276960,151737,732428697,7,0,0,4096,7,6294619806
3654,732375186,4679,732379865,5,0,1,12288,5,4860528386
3655,732381683,105002,732486685,9,0,0,30720,9,4211136712
3656,732444396,95048,732539444,5,0,0,3072,5,258334265
3657,732486946,51547,732538493,8,0,0,2048,8,8549932460
3658,732609315,72824,732682139,7,0,0,9728,7,2624675725
3659,732686040,45596,732731636,5,0,0,1024,5,9299642920
3660,732730250,90498,732820748,2,0,0,24064,2,8826573191
3661,732760656,108680,732869336,4,0,0,56832,4,7850510775
3662,732765805,104170,732869975,6,0,0,2048,6,9556871101
3663,732865463,12210,732877673,9,0,1,8192,9,9184648268
3664,732894033,136660,733030693,3,0,0,132608,3,2395740671
3665,732934719,99886,733034605,0,0,0,2048,0,5131853355
3666,732997706,108564,733106270,4,0,0,3584,4,7768162574
3667,733024426,131656,733156082,9,0,0,111616,9,9189285646
3668,733039873,119968,733159841,4,0,0,12288,4,10669708208
3669,733073177,195552,733268729,7,0,0,69632,7,7198019115
3670,733106238,72823,733179061,5,0,1,118272,5,654000799
3671,733186443,130322,733316765,6,0,0,13312,6,3519498640
3672,733263934,105941,733369875,6,0,0,11776,6,812740350
3673,733273473,54680,733328153,6,0,0,5632,6,8437834069
3674,733318816,69284,733388100,6,0,0,8192,6,9811028649
3675,733350071,125743,733475814,9,0,0,68096,9,1733003645
3676,733365117,4773,733369890,6,0,1,2048,6,10011506284
3677,733389337,117942,733507279,7,0,0,7168,7,279870858
3678,733477190,73604,733550794,5,0,0,12288,5,1470630926
3679,733545227,55904,733601131,5,0,0,4608,5,10031690234
3680,733552170,153571,733705741,5,0,0,130048,5,6031403021
3681,733580029,5802,733585831,8,0,1,6144,8,5542303244
3682,733611258,102128,733713386,7,0,0,10240,7,10659187755
3683,733652745,105092,733757837,8,0,0,45056,8,7447232430
3684,733720564,2946,733723510,3,0,1,3072,3,9166609327
3685,733760091,204389,733964480,5,0,0,204800,5,3160373557
3686,733789417,112648,733902065,8,0,0,8704,8,6343201804
3687,733802854,1994,733804848,9,0,1,2048,9,5970058132
3688,733803360,258299,734061659,8,0,0,67584,8,4817803516
3689,733846237,127786,733974023,0,0,0,16896,0,3564559279
3690,733851845,139591,733991436,1,0,0,17408,1,7330388594
3691,733864238,175161,734039399,7,0,0,4608,7,6280687419
3692,733870244,131499,734001743,9,0,0,32256,9,10728960504
3693,733901371,247846,734149217,2,0,0,126976,2,9801757745
3694,733919285,47206,733966491,3,0,1,2048,3,7380589918
3695,733994049,157999,734152048,9,0,0,9216,9,8173691267
3696,734026066,235272,734261338,8,0,0,32256,8,6743286122
3697,734127347,118512,734245859,0,0,0,12288,0,8503309961
3698,734278293,47288,734325581,6,0,0,1536,6,7912241685
3699,734286969,3128,734290097,9,0,1,9216,9,1982471378
3700,734390078,2946,734393024,8,0,1,3072,8,2168428689
3701,734405841,84380,734490221,6,0,0,17408,6,1752725160
3702,734444292,88100,734532392,4,0,0,24576,4,2085430760
3703,734526616,11480,734538096,3,0,1,14336,3,731874551
3704,734597691,74984,734672675,4,0,0,11776,4,6227693433
3705,734626302,93395,734719697,1,0,0,8704,1,6492448318
3706,734677353,101660,734779013,1,0,0,33792,1,4392877257
3707,734716315,105244,734821559,8,0,0,26112,8,2765686053
3708,734772312,103907,734876219,8,0,0,6656,8,7004059711
3709,734812122,55748,734867870,6,0,0,4096,6,10494915835
3710,734871174,114605,734985779,1,0,0,66560,1,6971548504
3711,734903418,3898,734907316,2,0,1,4096,2,1192499711
3712,734936982,4162,734941144,8,0,1,11264,8,27593695
3713,734976056,116367,735092423,4,0,0,50176,4,3061665129
3714,735031316,566,735031882,2,0,1,512,2,1663433511
3715,735069536,57440,735126976,2,0,0,4608,2,2725914250
3716,735094156,106340,735200496,6,0,0,49152,6,1892531767
3717,735152449,102455,735254904,0,0,0,8704,0,2744470046
3718,735167248,566,735167814,5,0,1,512,5,3169281230
3719,735235103,98750,735333853,6,0,0,12800,6,7512390353
3720,735260023,3422,735263445,3,0,1,3584,3,8618591126
3721,735312496,210877,735523373,8,0,0,32256,8,8468685678
3722,735320419,282556,735602975,5,0,0,65536,5,4732303695
3723,735342819,59132,735401951,0,0,0,5120,0,10158362504
3724,735430491,52364,735482855,2,0,0,3072,2,1462360065
3725,735431230,107299,735538529,8,0,0,21504,8,9169535184
3726,735449015,176915,735625930,9,0,0,75264,9,3853524404
3727,735579471,76052,735655523,8,0,0,10240,8,2164083401
3728,735600994,27841,735628835,3,0,1,3072,3,2002272994
3729,735604550,104060,735708610,5,0,0,13824,5,1360153897
3730,735727443,566,735728009,6,0,1,512,6,2711265455
3731,735743639,3645,735747284,6,0,1,10240,6,991353286
3732,735778197,90860,735869057,0,0,0,23552,0,1831377741
3733,735800600,124975,735925575,5,0,1,203264,5,1269594138
3734,735891674,286977,736178651,0,0,0,18944,0,4074447388
3735,735931095,75340,736006435,3,0,0,13824,3,2190880718
3736,735965033,82724,736047757,8,0,0,7168,8,7025307396
3737,735976436,132441,736108877,1,0,0,17920,1,5430854174
3738,735977312,147456,736124768,3,0,0,18432,3,8645001923
3739,735981911,7706,735989617,3,0,1,8192,3,8084234468
3740,736053357,73454,736126811,3,0,0,6656,3,6716566697
3741,736118476,8350,736126826,2,0,1,5120,2,5754885039
3742,736375621,4374,736379995,3,0,1,4608,3,10379742412
3743,736378209,92528,736470737,0,0,0,18944,0,4394018561
3744,736380800,5802,736386602,9,0,1,6144,9,8108979693
3745,736395409,149968,736545377,1,0,0,512,1,2546021115
3746,736407594,10241,736417835,3,0,1,16384,3,1659176403
3747,736464132,139398,736603530,8,0,0,8704,8,5988604649
3748,736535200,89792,736624992,2,0,0,25088,2,8870678117
3749,736536621,141675,736678296,8,0,0,26112,8,2476280789
3750,736550085,143793,736693878,6,0,0,512,6,9012008323
3751,736576838,191176,736768014,5,0,0,87552,5,7634851739
3752,736586447,51592,736638039,0,0,0,2560,0,8167462458
3753,736655749,83291,736739040,7,0,0,11776,7,6861567077
3754,736679408,111940,736791348,1,0,0,11776,1,66508762
3755,736705635,566,736706201,8,0,1,512,8,10470945269
3756,736823154,3422,736826576,9,0,1,3584,9,7950983027
3757,736993746,1042,736994788,1,0,1,1024,1,5293877338
3758,737023802,47288,737071090,4,0,0,1536,4,3800843338
3759,737030402,4162,737034564,9,0,1,11264,9,1171130230
3760,737061564,190127,737251691,1,0,0,35328,1,9098874679
3761,737135533,4679,737140212,4,0,1,12288,4,1776412355
3762,737308623,3898,737312521,6,0,1,4096,6,6355718615
3763,737309504,6883,737316387,8,0,1,6144,8,5351210951
3764,737330640,178477,737509117,3,0,0,18432,3,947631569
3765,737339208,57596,737396804,7,0,0,5120,7,5370793045
3766,737367538,2470,737370008,6,0,1,2560,6,3044906373
3767,737503316,50672,737553988,6,0,0,2560,6,7490735318
3768,737524728,3898,737528626,3,0,1,4096,3,8398178458
3769,737578746,160205,737738951,5,0,0,35840,5,5929095811
3770,737653656,74360,737728016,3,0,0,9728,3,356958178
3771,737675363,117610,737792973,1,0,0,17920,1,9024929031
3772,737781784,566,737782350,5,0,1,512,5,9049771160
3773,737803462,104624,737908086,3,0,0,43520,3,1485197631
3774,737889652,101186,737990838,5,0,0,20480,5,3240938720
3775,737915617,3898,737919515,8,0,1,4096,8,4094552375
3776,737982437,112370,738094807,6,0,0,29696,6,9391962404
3777,737997368,6229,738003597,3,0,1,15360,3,6648719119
3778,738214918,1518,738216436,1,0,1,1536,1,3935199961
3779,738226816,3387,738230203,3,0,1,9728,3,6314099629
3780,738256271,3422,738259693,1,0,1,3584,1,9805616359
3781,738261326,566,738261892,3,0,1,512,3,9529041426
3782,738381696,69284,738450980,7,0,0,8192,7,861728685
3783,738400095,2870,738402965,9,0,1,8704,9,5823324010
3784,738439150,4374,738443524,3,0,1,4608,3,7858478645
3785,738466002,4850,738470852,9,0,1,5120,9,6784711679
3786,738471400,83624,738555024,3,0,0,19968,3,3542484392
3787,738479349,81435,738560784,6,0,0,3584,6,6318412210
3788,738517739,102284,738620023,9,0,0,35840,9,8401979900
3789,738525716,102278,738627994,4,0,0,26112,4,6994744672
3790,738565660,103146,738668806,4,0,0,17408,4,7246012022
3791,738571225,164049,738735274,3,0,0,74240,3,8980411763
3792,738598332,148041,738746373,0,0,0,36352,0,1334243609
3793,738602790,4162,738606952,3,0,1,11264,3,9240835522
3794,738648086,177072,738825158,2,0,0,51712,2,9240388511
3795,738683275,6278,738689553,3,0,1,6656,3,7106199577
3796,738691584,55436,738747020,1,0,0,2048,1,6199575257
3797,738729648,20582,738750230,5,0,1,4096,5,848431910
3798,738750248,4374,738754622,9,0,1,4608,9,10062295561
3799,738752435,5196,738757631,6,0,1,13312,6,1465575680
3800,738799823,91436,738891259,3,0,0,15360,3,1360375267
3801,738841565,1994,738843559,6,0,1,2048,6,8330459613
3802,738903140,59444,738962584,4,0,0,6144,4,10469595121
3803,738985328,184508,739169836,3,0,0,59392,3,8289078355
3804,739011224,100568,739111792,2,0,0,30208,2,9689017236
3805,739146521,4850,739151371,9,0,1,5120,9,3551193279
3806,739168364,2030,739170394,5,0,1,512,5,914604888
3807,739204957,107900,739312857,6,0,0,54272,6,9054917877
3808,739225452,12566,739238018,4,0,1,20992,4,10387928461
3809,739231923,112092,739344015,5,0,0,9216,5,4606750032
3810,739261701,128808,739390509,6,0,0,24576,6,252785603
3811,739294801,109718,739404519,5,0,0,24064,5,4603612263
3812,739355484,124975,739480459,3,0,1,203264,3,5278784486
3813,739371527,316888,739688415,4,0,0,27136,4,7380462993
3814,739476681,131054,739607735,3,0,0,5632,3,6111209242
3815,739486858,311340,739798198,6,0,0,32256,6,3937686363
3816,739488294,253494,739741788,9,0,0,29696,9,4768621689
3817,739514554,218171,739732725,2,0,0,35328,2,2571237142
3818,739515216,288145,739803361,8,0,0,16896,8,6601227306
3819,739550887,1994,739552881,4,0,1,2048,4,10017372994
3820,739551569,210125,739761694,4,0,0,44544,4,1804930866
3821,739589959,107987,739697946,8,0,0,31232,8,3314396632
3822,739676936,21025,739697961,9,0,1,5120,9,3203764611
3823,739769639,43904,739813543,2,0,0,512,2,10646128261
3824,739771215,96526,739867741,6,0,0,20992,6,2375008872
3825,739794551,117170,739911721,0,0,0,55808,0,1173832903
3826,739853918,5326,739859244,6,0,1,5632,6,4471831605
3827,739856001,107500,739963501,1,0,0,11776,1,10212294835
3828,739859756,74520,739934276,3,0,1,124928,3,5177474371
3829,739883287,204679,740087966,5,0,0,28672,5,2387383280
3830,739883571,162459,740046030,1,0,0,8704,1,10715133778
3831,739906384,28968,739935352,7,0,1,13312,7,3922354092
3832,739971748,70793,740042541,7,0,0,512,7,2669839831
3833,740020972,151875,740172847,0,0,0,3072,0,6480038932
3834,740200678,82064,740282742,5,0,0,14848,5,10635361188
3835,740264838,64832,740329670,2,0,0,8704,2,6924925913
3836,740318461,85448,740403909,1,0,0,15872,1,10063151042
3837,740359199,117760,740476959,6,0,0,27648,6,8952181541
3838,740438840,52808,740491648,3,0,1,86016,3,5224401606
3839,740460097,109343,740569440,3,0,0,15360,3,4823412302
3840,740493766,141914,740635680,5,0,0,8704,5,6798527969
3841,740576634,139595,740716229,6,0,0,33792,6,346026250
3842,740588802,165710,740754512,0,0,0,88576,0,1137408088
3843,740603904,78680,740682584,2,0,0,13824,2,6787419560
3844,740743727,68217,740811944,6,0,0,4608,6,3255741682
3845,740792348,85760,740878108,9,0,0,16896,9,4490892758
3846,740812864,113382,740926246,0,0,0,22528,0,2045062126
3847,740836535,4679,740841214,9,0,1,12288,9,9100656067
3848,740938403,1518,740939921,5,0,1,1536,5,7638863976
3849,740939290,89144,741028434,2,0,0,17920,2,8357388052
3850,740941950,64832,741006782,9,0,0,8704,9,8852092632
3851,740966787,139571,741106358,1,0,0,35840,1,8321558398
3852,741019753,162931,741182684,6,0,0,58368,6,4682942557
3853,741056355,1994,741058349,4,0,1,2048,4,8554936671
3854,741167226,17461,741184687,9,0,1,2048,9,7864066958
3855,741180062,99643,741279705,3,0,0,23552,3,130356417
3856,741228580,114764,741343344,6,0,0,76800,6,2981959676
3857,741258120,125685,741383805,7,0,0,20480,7,2059306924
3858,741266679,110871,741377550,5,0,0,26624,5,7361424510
3859,741336758,130696,741467454,3,0,0,22016,3,10537622900
3860,741413940,103376,741517316,5,0,0,39424,5,5622274593
3861,741540418,7230,741547648,1,0,1,7680,1,1223700369
3862,741545299,55748,741601047,9,0,0,4096,9,2475425585
3863,741814648,77924,741892572,6,0,0,16384,6,135959188
3864,741886245,57440,741943685,7,0,0,4608,7,8520740499
3865,741894306,50672,741944978,4,0,0,2560,4,585810678
3866,742010218,52364,742062582,5,0,0,3072,5,4724173171
3867,742087738,64208,742151946,9,0,0,6656,9,4077806856
3868,742088051,14117,742102168,4,0,1,24064,4,3725238956
3869,742168235,12825,742181060,9,0,1,21504,9,2478085035
3870,742397179,6278,742403457,8,0,1,6656,8,8900122681
3871,742466167,102596,742568763,8,0,0,36864,8,1777305003
3872,742504909,66053,742570962,3,0,0,7168,3,262771217
3873,742535337,111306,742646643,6,0,0,23040,6,1530975519
3874,742622320,107276,742729596,0,0,0,52224,0,4823044351
3875,742639298,15062,742654360,6,0,1,29184,6,6660663620
3876,742689185,11016,742700201,8,0,1,17920,8,3217169705
3877,742710368,105248,742815616,3,0,0,45568,3,8956880508
3878,742788373,64520,742852893,3,0,0,7680,3,4509746684
3879,742815457,2621,742818078,0,0,1,2560,0,135283370
3880,742815991,47890,742863881,1,0,0,2048,1,3780603998
3881,742844177,566,742844743,4,0,1,512,4,1214644301
3882,742902401,100880,743003281,4,0,0,31232,4,4656569986
3883,743133641,5196,743138837,5,0,1,13312,5,8838995684
3884,743287201,3128,743290329,4,0,1,9216,4,5426665901
3885,743288532,80962,743369494,4,0,0,11264,4,6911677409
3886,743361328,2470,743363798,8,0,1,2560,8,107440002
3887,743362661,99632,743462293,0,0,0,27136,0,601635349
3888,743413884,1042,743414926,9,0,1,1024,9,5171220492
3889,743458525,76764,743535289,2,0,0,15360,2,9153240239
3890,743476450,10499,743486949,4,0,1,16896,4,7411525227
3891,743503955,104680,743608635,1,0,0,12800,1,1087375921
3892,743572188,365908,743938096,3,0,1,592384,3,2743471849
3893,743742532,434823,744177355,1,0,0,90624,1,10425934504
3894,743760929,233663,743994592,5,0,0,18432,5,2558273003
3895,743813910,138123,743952033,0,0,0,2048,0,7468420610
3896,744000235,149493,744149728,3,0,0,18432,3,3409428478
3897,744005841,215923,744221764,3,0,0,18944,3,5916694617
3898,744022170,82262,744104432,9,0,0,10752,9,9728117842
3899,744127508,2946,744130454,6,0,1,3072,6,4694736102
3900,744201300,87269,744288569,3,0,0,7168,3,7539104249
3901,744235344,1994,744237338,9,0,1,2048,9,6486992928
3902,744255548,45596,744301144,0,0,0,1024,0,8601364390
3903,744323005,70696,744393701,1,0,0,9216,1,1946542206
3904,744324105,139670,744463775,8,0,0,41472,8,4369496708
3905,744409215,107768,744516983,6,0,0,7168,6,9956089958
3906,744416897,161904,744578801,2,0,0,47616,2,8492263118
3907,744494895,86261,744581156,4,0,0,7680,4,8206622615
3908,744582296,106652,744688948,8,0,0,50176,8,4041407110
3909,744582416,54056,744636472,9,0,0,3584,9,9776709118
3910,744594212,105991,744700203,1,0,0,36864,1,1455106
3911,744665216,5712,744670928,9,0,1,14336,9,3866977413
3912,744685026,20462,744705488,5,0,1,5632,5,9828828892
3913,744709764,3128,744712892,9,0,1,9216,9,5014574646
3914,744715274,1042,744716316,9,0,1,1024,9,5323702442
3915,744717523,126437,744843960,3,0,1,209408,3,8190228884
3916,744720521,269300,744989821,4,0,0,59392,4,7392852728
3917,744740740,271236,745011976,2,0,0,11776,2,1342464453
3918,744983181,110164,745093345,0,0,0,39936,0,6161692727
3919,744991243,5802,744997045,6,0,1,6144,6,8905961591
3920,744998866,3128,745001994,9,0,1,9216,9,9730106585
3921,745017406,2470,745019876,6,0,1,2560,6,2959781778
3922,745024043,3645,745027688,5,0,1,10240,5,9284781634
3923,745081182,122551,745203733,3,0,0,62464,3,10320823269
3924,745178412,106496,745284908,2,0,0,49664,2,3290984303
3925,745193274,64507,745257781,0,0,0,3584,0,1698835744
3926,745242539,127125,745369664,2,0,0,28160,2,6176364397
3927,745279506,8816,745288322,4,0,1,3584,4,9908950753
3928,745333943,107289,745441232,8,0,0,44032,8,10559627999
3929,745390516,69454,745459970,8,0,0,3584,8,9548787206
3930,745391416,86260,745477676,3,0,0,5120,3,6087515905
3931,745436749,61369,745498118,6,0,0,512,6,3457555724
3932,745487208,84560,745571768,1,0,0,23040,1,2519436873
3933,745667212,102908,745770120,2,0,0,37888,2,7080883435
3934,745752301,47288,745799589,0,0,0,1536,0,4370618608
3935,745760453,93751,745854204,7,0,0,21504,7,10412221860
3936,745851196,8343,745859539,4,0,1,5632,4,7419627029
3937,745853658,13287,745866945,7,0,1,17920,7,6086112290
3938,745885610,184213,746069823,7,0,0,20992,7,6750504001
3939,745904981,73916,745978897,2,0,0,13312,2,3358489357
3940,745956128,107276,746063404,2,0,0,52224,2,2070720916
3941,745965037,105425,746070462,5,0,0,2048,5,9574272837
3942,745977158,152588,746129746,6,0,0,41984,6,168903837
3943,746032384,151533,746183917,9,0,0,28160,9,10320794816
3944,746053439,121883,746175322,5,0,0,17920,5,10575091743
3945,746078991,179635,746258626,8,0,0,29184,8,5168103527
3946,746109902,115382,746225284,9,0,0,19456,9,6619820746
3947,746226099,128203,746354302,1,0,0,43520,1,5142811421
3948,746318071,68661,746386732,5,0,0,7680,5,3315605290
3949,746339436,69274,746408710,5,0,0,3072,5,9667260218
3950,746364791,115543,746480334,6,0,0,24064,6,3769542707
3951,746375494,129977,746505471,5,0,0,25600,5,3721176359
3952,746387580,2870,746390450,9,0,1,8704,9,3370303397
3953,746435464,1518,746436982,8,0,1,1536,8,4526611164
3954,746492789,67592,746560381,0,0,0,7680,0,6379959403
3955,746518184,71746,746589930,8,0,0,8704,8,5891029892
3956,746539264,87896,746627160,4,0,0,13824,4,519885826
3957,746551676,62680,746614356,7,0,0,2048,7,1443056008
3958,746592894,131528,746724422,6,0,0,38400,6,1896310644
3959,746718355,107563,746825918,4,0,0,33280,4,6338497806
3960,746793609,54056,746847665,7,0,0,3584,7,7359065511
3961,746817536,10844,746828380,6,0,1,2560,6,5014856578
3962,746897457,3645,746901102,4,0,1,10240,4,9712850323
3963,746945379,64213,747009592,2,0,0,5120,2,6486165217
3964,746948291,97604,747045895,6,0,0,20480,6,7912196604
3965,746959438,10757,746970195,3,0,1,17408,3,5419280981
3966,747063077,100880,747163957,8,0,0,31232,8,3098808568
3967,747069242,107210,747176452,3,0,0,40960,3,9300206745
3968,747114374,89141,747203515,6,0,0,8704,6,7026568962
3969,747152514,109201,747261715,4,0,0,38400,4,3279136215
3970,747210712,76832,747287544,9,0,0,12800,9,5772926585
3971,747217881,125050,747342931,7,0,0,15360,7,6873393919
3972,747448925,6229,747455154,4,0,1,15360,4,6941235317
3973,747468383,128783,747597166,6,0,0,79360,6,3370372995
3974,747527033,138659,747665692,3,0,0,76288,3,7298621247
3975,747578228,24256,747602484,5,0,1,5632,5,3466146544
3976,748085401,99944,748185345,6,0,0,28160,6,8722768693
3977,748097940,4850,748102790,6,0,1,5120,6,8831150276
3978,748145545,127982,748273527,9,0,0,89600,9,2658319561
3979,748177071,116382,748293453,2,0,0,7680,2,670224200
3980,748240581,53823,748294404,3,0,0,3072,3,2206065058
3981,748267311,106620,748373931,4,0,0,29696,4,9742642036
3982,748284710,5326,748290036,7,0,1,5632,7,406259517
3983,748332409,86966,748419375,7,0,0,10240,7,6041663325
3984,748335907,5802,748341709,7,0,1,6144,7,10607710218
3985,748349536,129911,748479447,4,0,0,46080,4,9202180387
3986,748375036,127805,748502841,8,0,0,4096,8,626665933
3987,748382077,119501,748501578,5,0,0,26624,5,232580360
3988,748400448,125883,748526331,9,0,0,6144,9,6743534962
3989,748443461,103087,748546548,4,0,0,11776,4,9353170985
3990,748447139,1994,748449133,6,0,1,2048,6,8255419288
3991,748532924,113730,748646654,6,0,0,12288,6,9244597204
3992,748538827,69284,748608111,2,0,0,8192,2,584304928
3993,748538947,81788,748620735,6,0,0,14336,6,3259145016
3994,748668247,3422,748671669,8,0,1,3584,8,9856544972
3995,748693211,108056,748801267,1,0,0,54784,1,2751477851
3996,748756872,4374,748761246,6,0,1,4608,6,6065882118
3997,748816510,59132,748875642,7,0,0,5120,7,7999505985
3998,748829649,79683,748909332,9,0,0,8704,9,1506089816
3999,749078045,43904,749121949,1,0,0,512,1,1015684884
4000,749142085,12825,749154910,7,0,1,21504,7,2823794774
4001,749270149,47288,749317437,9,0,0,1536,9,7160525771
4002,749479342,79436,749558778,4,0,0,11264,4,10505044702
4003,749526464,86266,749612730,5,0,0,4608,5,1521434635
4004,749559953,78836,749638789,7,0,0,14336,7,4709148503
4005,749630136,104329,749734465,7,0,0,28672,7,2013092080
4006,749709885,45596,749755481,0,0,0,1024,0,8623952305
4007,749862297,55148,749917445,6,0,0,7168,6,5829956567
4008,749876204,77768,749953972,1,0,0,15872,1,9213911720
4009,749956581,102908,750059489,2,0,0,37888,2,5493710399
4010,749999288,47288,750046576,8,0,0,1536,8,392799509
4011,750010818,135923,750146741,4,0,0,24576,4,759951224
4012,750077086,12995,750090081,9,0,1,25088,9,1061426118
4013,750099137,137023,750236160,5,0,0,43520,5,2095138910
4014,750107142,55748,750162890,8,0,0,4096,8,4076148804
4015,750116874,3898,750120772,6,0,1,4096,6,10720468883
4016,750237841,105309,750343150,0,0,0,19968,0,261388596
4017,750294690,59132,750353822,0,0,0,5120,0,3007507438
4018,750297477,78836,750376313,8,0,0,14336,8,9036559303
4019,750320676,76184,750396860,1,0,0,4096,1,10009607387
4020,750348510,127691,750476201,1,0,0,42496,1,8798546746
4021,750424359,105248,750529607,9,0,0,45568,9,8432294052
4022,750426412,164617,750591029,3,0,0,34304,3,7705801623
4023,750490176,130271,750620447,1,0,0,44032,1,7917670476
4024,750521252,106557,750627809,2,0,0,1536,2,3491770594
4025,750593110,128336,750721446,0,0,0,121344,0,10289282452
4026,750629007,1994,750631001,4,0,1,2048,4,8383909400
4027,750644348,119686,750764034,6,0,0,16896,6,4824690450
4028,750655273,112520,750767793,2,0,0,12288,2,590493918
4029,750718155,129296,750847451,9,0,0,6656,9,36700729
4030,750777749,84824,750862573,8,0,0,13824,8,898249735
4031,750787939,57440,750845379,3,0,0,4608,3,3925096895
4032,750805121,100880,750906001,9,0,0,31232,9,8442565287
4033,750844660,103935,750948595,4,0,0,33792,4,7010364788
4034,750850002,100948,750950950,3,0,0,7680,3,6691898826
4035,751018944,2946,751021890,8,0,1,3072,8,2297290205
4036,751054620,142389,751197009,0,0,0,62976,0,2134074700
4037,751067589,99944,751167533,7,0,0,28160,7,4336384012
4038,751101968,102075,751204043,8,0,0,10752,8,5456053872
4039,751103029,164896,751267925,6,0,0,32768,6,3420626222
4040,751108174,117505,751225679,4,0,0,6144,4,5358175022
4041,751129999,166294,751296293,9,0,0,55296,9,5675760891
4042,751178974,156313,751335287,9,0,0,10752,9,2083257045
4043,751188022,90132,751278154,2,0,0,11776,2,7358810305
4044,751195680,1937,751197617,5,0,1,512,5,7678377111
4045,751294155,125967,751420122,5,0,0,25600,5,5190535861
4046,751316865,65900,751382765,6,0,0,7168,6,8831262787
4047,751350390,141066,751491456,1,0,0,31744,1,767527854
4048,751352032,3904,751355936,8,0,1,10752,8,444459517
4049,751353411,85780,751439191,5,0,0,4096,5,3874094702
4050,751468112,49292,751517404,8,0,0,3072,8,606734462
4051,751479700,1042,751480742,5,0,1,1024,5,1614484210
4052,751553117,59132,751612249,2,0,0,5120,2,360493572
4053,751657683,75296,751732979,5,0,0,12800,5,9117751305
4054,751892559,85004,751977563,2,0,0,19456,2,5425775942
4055,751894727,55748,751950475,3,0,0,4096,3,9498994698
4056,751947178,97604,752044782,0,0,0,20480,0,1045210907
4057,752009723,76988,752086711,5,0,0,13312,5,2313873739
4058,752032655,3422,752036077,8,0,1,3584,8,7685707833
4059,752167674,92708,752260382,3,0,0,24576,3,9017984864
4060,752189917,48980,752238897,4,0,0,2048,4,4942329535
4061,752196160,47756,752243916,4,0,0,3072,4,3799199708
4062,752297414,102128,752399542,0,0,0,35328,0,6401798535
4063,752332358,68611,752400969,8,0,0,4608,8,716098062
4064,752356823,131369,752488192,6,0,0,98304,6,1651663987
4065,752392789,14417,752407206,4,0,1,6656,4,9676912597
4066,752526623,60824,752587447,7,0,0,5632,7,4423518959
4067,752697659,104468,752802127,7,0,0,43008,7,5837292189
4068,752764421,147422,752911843,8,0,0,103424,8,4634360267
4069,752815083,115858,752930941,3,0,0,8704,3,8132886406
4070,752838763,125662,752964425,3,0,1,207872,3,4401666838
4071,752976439,198726,753175165,9,0,0,57344,9,4571568313
4072,752987796,1994,752989790,8,0,1,2048,8,5881438937
4073,752992019,140170,753132189,5,0,0,116224,5,8360173513
4074,753032560,181287,753213847,1,0,0,11776,1,6793753339
4075,753204846,65144,753269990,7,0,0,9728,7,9909363766
4076,753239621,71288,753310909,5,0,0,9728,5,9729033675
4077,753470820,70688,753541508,0,0,0,12800,0,4310826254
4078,753598348,100724,753699072,2,0,0,30720,2,3630624045
4079,753662852,105248,753768100,2,0,0,45568,2,7917386616
4080,753921401,12737,753934138,5,0,1,24576,5,4975932220
4081,753937277,54680,753991957,3,0,0,5632,3,65710329
4082,753962666,10499,753973165,7,0,1,16896,7,1526833027
4083,754118554,119645,754238199,4,0,0,36864,4,1300023861
4084,754121779,84692,754206471,9,0,0,18432,9,1288559988
4085,754197528,57179,754254707,5,0,0,2560,5,5917930818
4086,754332943,121784,754454727,4,0,0,99840,4,8522866132
4087,754523547,67148,754590695,4,0,0,11264,4,10469339309
4088,754556278,111367,754667645,2,0,0,35840,2,5700014719
4089,754600363,108208,754708571,3,0,0,43008,3,8294956208
4090,754613504,101790,754715294,5,0,0,22016,5,8103650906
4091,754621804,146405,754768209,7,0,0,23040,7,5110964702
4092,754662103,7528,754669631,6,0,1,2048,6,1898429691
4093,754711914,6759,754718673,5,0,1,9728,5,1541084404
4094,754736589,81776,754818365,0,0,0,18944,0,10062676357
4095,754747881,45596,754793477,8,0,0,1024,8,4115186386
4096,754823183,45752,754868935,0,0,0,1536,0,2854133630
4097,754903406,106964,755010370,4,0,0,51200,4,10341235271
4098,754958526,67828,755026354,5,0,0,5632,5,8109031348
4099,755045429,43904,755089333,9,0,0,512,9,6514958868
4100,755060661,101504,755162165,0,0,0,33280,0,8326727220
4101,755104588,72668,755177256,0,0,0,9216,0,1643691723
4102,755115827,139362,755255189,1,0,0,38912,1,4411793953
4103,755210727,92774,755303501,5,0,0,8704,5,9678548559
4104,755231179,109522,755340701,9,0,0,14848,9,9217643574
4105,755251014,49763,755300777,8,0,0,1024,8,7090951849
4106,755257436,126687,755384123,6,0,0,46592,6,3867900035
4107,755369892,88700,755458592,9,0,0,21504,9,6774621805
4108,755390528,50672,755441200,3,0,0,2560,3,6133241622
4109,755518688,48980,755567668,2,0,0,2048,2,1485106636
4110,755652397,77324,755729721,9,0,0,19456,9,6810767978
4111,755675428,135473,755810901,6,0,0,21504,6,328953127
4112,755730983,65144,755796127,3,0,0,9728,3,6044640432
4113,755734595,120460,755855055,1,0,0,29184,1,1314603850
4114,755761998,193981,755955979,6,0,0,148992,6,651083272
4115,755791968,208771,756000739,8,0,0,16384,8,3194370808
4116,755820896,143686,755964582,8,0,0,28160,8,8036949449
4117,755911499,57416,755968915,7,0,1,4608,7,4305030859
4118,755971749,109148,756080897,4,0,0,58368,4,7288205836
4119,756035219,72672,756107891,7,0,0,9728,7,3797941361
4120,756115530,115544,756231074,3,0,0,79360,3,503963379
4121,756163922,153795,756317717,4,0,0,23040,4,3277687482
4122,756170319,140363,756310682,4,0,0,40960,4,4908681226
4123,756385046,78680,756463726,4,0,0,13824,4,456642443
4124,756389946,104266,756494212,5,0,0,22016,5,416801287
4125,756551623,47288,756598911,1,0,0,1536,1,5904648491
4126,756583843,50672,756634515,6,0,0,2560,6,61452384
4127,756585503,55748,756641251,0,0,0,4096,0,118595239
4128,756599742,86072,756685814,4,0,0,17920,4,2053825350
4129,756687479,122720,756810199,9,0,0,102912,9,1904872301
4130,756737020,74294,756811314,0,0,0,3584,0,7145073673
4131,756806515,79728,756886243,1,0,0,10240,1,6554033245
4132,756834473,90368,756924841,0,0,0,16896,0,6587503416
4133,756933965,4937,756938902,4,0,1,12800,4,7450794077
4134,756959870,104468,757064338,8,0,0,43008,8,8185519058
4135,756966345,48980,757015325,8,0,0,2048,8,3692657995
4136,757086778,56337,757143115,3,0,1,96256,3,5792172388
4137,757094028,260119,757354147,9,0,0,15872,9,5865247235
4138,757162798,105310,757268108,0,0,0,36352,0,1803746409
4139,757169351,47444,757216795,5,0,0,2048,5,5341379387
4140,757222845,101660,757324505,4,0,0,33792,4,8024469057
4141,757228639,13770,757242409,5,0,1,26624,5,7069105931
4142,757261664,124227,757385891,2,0,0,47616,2,8325684325
4143,757361283,3422,757364705,5,0,1,3584,5,111877023
4144,757450543,93596,757544139,5,0,0,17408,5,10703196119
4145,757638416,43904,757682320,6,0,0,512,6,8506988694
4146,757643304,2470,757645774,9,0,1,2560,9,3263481114
4147,757701320,98384,757799704,6,0,0,23040,6,3232857721
4148,757791071,65456,757856527,4,0,0,10752,4,1520461139
4149,757957994,60980,758018974,7,0,0,6144,7,9438194641
4150,757963996,71742,758035738,3,0,0,10752,3,3820822229
4151,757971327,68697,758040024,6,0,0,5120,6,6845655024
4152,757979751,100093,758079844,2,0,0,8192,2,6422030791
4153,758010203,125501,758135704,2,0,0,30208,2,9809688761
4154,758024388,119626,758144014,0,0,0,5120,0,2785666574
4155,758035622,138344,758173966,6,0,0,58880,6,2566628057
4156,758055334,5326,758060660,8,0,1,5632,8,10635626402
4157,758103748,1518,758105266,3,0,1,1536,3,6093833980
4158,758126462,95860,758222322,0,0,0,10240,0,4500251840
4159,758154433,1042,758155475,9,0,1,1024,9,3262635755
4160,758338252,90212,758428464,5,0,0,16384,5,817647516
4161,758348733,60824,758409557,3,0,0,5632,3,2968881645
4162,758361958,98744,758460702,4,0,0,5120,4,2774147746
4163,758401142,82820,758483962,1,0,0,12288,1,855891172
4164,758511494,566,758512060,4,0,1,512,4,5422552729
4165,758516581,3898,758520479,3,0,1,4096,3,1132236063
4166,758545793,59756,758605549,2,0,0,7168,2,2374307637
4167,758590058,96015,758686073,8,0,0,2560,8,837055981
4168,758626234,566,758626800,9,0,1,512,9,5711198391
4169,758629450,52364,758681814,2,0,0,3072,2,6407806919
4170,758652464,112736,758765200,1,0,0,70144,1,6794306092
4171,758703927,3128,758707055,3,0,1,9216,3,3335470894
4172,758886272,110864,758997136,7,0,0,64000,7,670845246
4173,758918687,197195,759115882,7,0,0,59392,7,1171553783
4174,758921933,330131,759252064,6,0,0,89600,6,696937741
4175,758943652,122634,759066286,7,0,0,62976,7,1437667338
4176,758985177,157795,759142972,2,0,0,31232,2,7056772186
4177,759077312,132646,759209958,6,0,0,23552,6,8041049884
4178,759123690,3898,759127588,9,0,1,4096,9,7753849105
4179,759140409,72060,759212469,3,0,0,8192,3,6843275169
4180,759141139,118116,759259255,7,0,0,23552,7,7403337854
4181,759157717,159694,759317411,6,0,0,49664,6,10656412996
4182,759157971,1518,759159489,6,0,1,1536,6,9234028454
4183,759242227,114459,759356686,1,0,0,6144,1,2297264820
4184,759288094,65900,759353994,6,0,0,7168,6,5027713129
4185,759288943,132329,759421272,5,0,0,65536,5,2355262957
4186,759350485,71582,759422067,2,0,0,2560,2,10240406911
4187,759421827,60144,759481971,4,0,0,7680,4,4853655860
4188,759489196,87476,759576672,6,0,0,22528,6,9077157769
4189,759665975,6754,759672729,7,0,1,7168,7,74570607
4190,759732391,65900,759798291,0,0,0,7168,0,6239321854
4191,759733174,58220,759791394,2,0,0,7168,2,2932425174
4192,759734537,1994,759736531,4,0,1,2048,4,4446772717
4193,759815984,54056,759870040,8,0,0,3584,8,8452831036
4194,759844957,107744,759952701,3,0,0,53760,3,1445377525
4195,759888152,98785,759986937,0,0,0,2560,0,10411080290
4196,759987873,106808,760094681,1,0,0,50688,1,1825257405
4197,759988543,45596,760034139,4,0,0,1024,4,6615037829
4198,760006457,90735,760097192,9,0,0,8192,9,10691230450
4199,760051181,2946,760054127,4,0,1,3072,4,4661974971
4200,760106268,54368,760160636,1,0,0,4608,1,10176302996
4201,760141860,119288,760261148,3,0,0,91648,3,6791289737
4202,760226093,109983,760336076,0,0,0,37888,0,10154598308
4203,760234095,30008,760264103,8,0,1,3072,8,543259392
4204,760238584,141862,760380446,2,0,0,26112,2,4405297760
4205,760281939,3898,760285837,3,0,1,4096,3,2686135256
4206,760314083,5454,760319537,4,0,1,13824,4,4596000769
4207,760337526,13858,760351384,9,0,1,23552,9,6493450301
4208,760357831,3898,760361729,6,0,1,4096,6,8190650416
4209,760381444,109348,760490792,1,0,0,16384,1,5316894890
4210,760392037,5326,760397363,9,0,1,5632,9,820530302
4211,760400580,97559,760498139,8,0,0,24064,8,8257045452
4212,760404169,229713,760633882,1,0,0,21504,1,4761394018
4213,760408683,2470,760411153,7,0,1,2560,7,3094760803
4214,760458020,132940,760590960,3,0,0,17408,3,3128522910
4215,760464607,121026,760585633,7,0,0,66560,7,2330470147
4216,760531527,146413,760677940,2,0,0,8704,2,3983781472
4217,760553472,192949,760746421,5,0,0,53248,5,5320438278
4218,760581482,241994,760823476,8,0,0,10240,8,9673029725
4219,760621253,108929,760730182,9,0,0,37888,9,2665873673
4220,760669864,121302,760791166,3,0,0,71680,3,1614751301
4221,760679255,118465,760797720,1,0,0,18944,1,4280428941
4222,760742887,87462,760830349,8,0,0,20992,8,3104001480
4223,760763413,131532,760894945,8,0,0,71680,8,6051241576
4224,760853765,7230,760860995,4,0,1,7680,4,5157015705
4225,760871347,53016,760924363,4,0,0,1536,4,3447222448
4226,761003570,91796,761095366,3,0,0,26624,3,1251334149
4227,761086601,8780,761095381,8,0,1,13824,8,5603318454
4228,761165070,99476,761264546,4,0,0,26624,4,7672307219
4229,761169189,115751,761284940,9,0,0,11776,9,4803084603
4230,761298146,106964,761405110,0,0,0,51200,0,892345874
4231,761383876,3898,761387774,8,0,1,4096,8,6206037414
4232,761406731,50672,761457403,1,0,0,2560,1,852023849
4233,761423086,102523,761525609,9,0,0,33792,9,2635556667
4234,761426343,88888,761515231,9,0,0,3584,9,3475017526
4235,761481244,55748,761536992,3,0,0,4096,3,4465605907
4236,761539217,103688,761642905,3,0,0,40448,3,6236555870
4237,761570297,3645,761573942,8,0,1,10240,8,6667026036
4238,761636672,7267,761643939,4,0,1,1024,4,4680924583
4239,761651363,107704,761759067,7,0,0,44032,7,3203396287
4240,761697482,121243,761818725,2,0,0,16896,2,7878087387
4241,761709958,176015,761885973,0,0,0,76288,0,3944454842
4242,761774715,133554,761908269,2,0,0,1024,2,5803059476
4243,761805261,188592,761993853,1,0,0,22528,1,2702829850
4244,761844595,80864,761925459,2,0,0,20992,2,7319590697
4245,761944243,115509,762059752,4,0,0,16384,4,7974713916
4246,761960983,4937,761965920,1,0,1,12800,1,10077344195
4247,761964878,112078,762076956,9,0,0,46592,9,8149734864
4248,762038330,69284,762107614,4,0,0,8192,4,3726124805
4249,762129705,82820,762212525,3,0,0,12288,3,6394434974
4250,762193273,70976,762264249,8,0,0,8704,8,10193936230
4251,762199482,2887,762202369,7,0,1,8704,7,2383623934
4252,762199487,60844,762260331,4,0,0,5632,4,7605963217
4253,762299495,54524,762354019,7,0,0,5120,7,5433717527
4254,762382082,1994,762384076,8,0,1,2048,8,7265542530
4255,762384494,48980,762433474,5,0,0,2048,5,259273906
4256,762430130,181328,762611458,6,0,0,154112,6,2487414286
4257,762448373,3422,762451795,4,0,1,3584,4,9843040592
4258,762458080,159789,762617869,3,0,0,20992,3,9270914206
4259,762465506,1042,762466548,8,0,1,1024,8,7230351553
4260,762507054,6278,762513332,5,0,1,6656,5,7619623111
4261,762684436,55748,762740184,8,0,0,4096,8,10724444977
4262,762687291,85316,762772607,6,0,0,20480,6,10093084235
4263,762734736,5971,762740707,8,0,1,14848,8,7136084725
4264,762819351,97316,762916667,8,0,0,24576,8,2094068448
4265,762834899,189471,763024370,1,0,0,50176,1,6198505144
4266,762836994,172073,763009067,2,0,0,28160,2,6949874484
4267,762924578,109019,763033597,9,0,0,30208,9,3292104861
4268,762928300,119011,763047311,6,0,0,27648,6,8056109635
4269,762960859,120189,763081048,5,0,0,20992,5,5417238715
4270,762966480,155514,763121994,7,0,0,2048,7,10318365375
4271,762983002,204558,763187560,4,0,0,20480,4,1519582079
4272,763014959,129377,763144336,5,0,0,39936,5,7242810726
4273,763060003,10757,763070760,1,0,1,17408,1,7691870125
4274,763067979,156895,763224874,6,0,0,10752,6,6872441192
4275,763076957,139265,763216222,4,0,0,32768,4,1957243203
4276,763144448,131660,763276108,8,0,0,55808,8,2587132816
4277,763179876,148972,763328848,6,0,0,67584,6,2291339337
4278,763207727,9529,763217256,4,0,1,1024,4,7781427726
4279,763270234,65910,763336144,6,0,0,3584,6,9168087677
4280,763459808,58064,763517872,5,0,0,6656,5,3551876379
4281,763560314,54056,763614370,5,0,0,3584,5,3140211071
4282,763670870,89948,763760818,1,0,0,25600,1,192970406
4283,763742735,3904,763746639,5,0,1,10752,5,6979249205
4284,763752782,109772,763862554,1,0,0,60416,1,6831788634
4285,763767178,60384,763827562,6,0,0,1024,6,6661730776
4286,763913781,119838,764033619,4,0,0,18944,4,245292608
4287,763923604,13083,763936687,7,0,1,22016,7,5777901901
4288,763963647,2470,763966117,9,0,1,2560,9,1720177532
4289,763982502,67592,764050094,7,0,0,7680,7,4804353732
4290,764033631,103690,764137321,2,0,0,14848,2,2513071160
4291,764034249,91622,764125871,5,0,0,23040,5,9546314401
4292,764035511,3128,764038639,4,0,1,9216,4,7544068741
4293,764210305,86204,764296509,2,0,0,13312,2,9916862721
4294,764367287,59132,764426419,0,0,0,5120,0,8796489119
4295,764441505,72848,764514353,2,0,0,14848,2,1484131279
4296,764463072,80339,764543411,1,0,0,13312,1,7465820402
4297,764481994,138991,764620985,0,0,0,39936,0,8554768595
4298,764587894,128143,764716037,4,0,0,52224,4,2009161915
4299,764646443,3645,764650088,8,0,1,10240,8,8354488658
4300,764686992,2470,764689462,2,0,1,2560,2,4268763804
4301,764723059,176823,764899882,6,0,0,21504,6,4448001738
4302,764739999,164960,764904959,5,0,0,11776,5,707096579
4303,764828844,54524,764883368,7,0,0,5120,7,1171103805
4304,764855330,5326,764860656,9,0,1,5632,9,3135154027
4305,764900173,4809,764904982,8,0,1,4096,8,82999750
4306,764903214,5159,764908373,5,0,1,3584,5,3857600481
4307,764942623,139432,765082055,3,0,0,53760,3,4572394563
4308,765020007,83600,765103607,4,0,0,14848,4,9211842980
4309,765028682,84375,765113057,2,0,0,8192,2,9348620393
4310,765065449,143194,765208643,2,0,0,59904,2,9373649790
4311,765152102,117381,765269483,8,0,0,15360,8,5199573717
4312,765167395,7230,765174625,3,0,1,7680,3,7074251171
4313,765239346,98384,765337730,5,0,0,23040,5,696627254
4314,765240865,123445,765364310,7,0,0,24576,7,5295359775
4315,765275966,154116,765430082,3,0,0,16384,3,8542451435
4316,765337154,1610,765338764,2,0,1,1024,2,7228814430
4317,765401958,91628,765493586,7,0,0,15872,7,9571994092
4318,765506718,122564,765629282,9,0,0,102400,9,8149042638
4319,765547673,1994,765549667,9,0,1,2048,9,8596030292
4320,765574270,114124,765688394,8,0,0,16896,8,3561717379
4321,765592550,67304,765659854,3,0,0,11776,3,9764275475
4322,765630925,21916,765652841,0,0,1,35840,0,6434425960
4323,765662012,135119,765797131,2,0,0,34304,2,3818641447
4324,765672681,4850,765677531,3,0,1,5120,3,8683242452
4325,765838128,1518,765839646,8,0,1,1536,8,1385175679
4326,765887460,11533,765898993,5,0,1,18944,5,3824167626
4327,765908390,120380,766028770,5,0,0,95232,5,2651667479
4328,765937626,566,765938192,5,0,1,512,5,3384372620
4329,765967586,93092,766060678,8,0,0,6144,8,5942238067
4330,765979403,109439,766088842,2,0,0,17920,2,3032934583
4331,766212133,77744,766289877,6,0,0,10752,6,1287613385
4332,766223393,99008,766322401,4,0,0,25088,4,4454958163
4333,766228634,82459,766311093,3,0,0,14848,3,9933765327
4334,766254107,4162,766258269,7,0,1,11264,7,782228423
4335,766301084,3898,766304982,8,0,1,4096,8,6882231637
4336,766306636,93201,766399837,2,0,0,18944,2,384136499
4337,766318517,216627,766535144,6,0,0,81920,6,3003626564
4338,766356243,188641,766544884,8,0,0,26112,8,1662759657
4339,766370510,104213,766474723,5,0,0,22528,5,8061406566
4340,766420477,166501,766586978,8,0,0,24064,8,1075195837
4341,766671399,111644,766783043,3,0,0,66560,3,3601529187
4342,766696493,131688,766828181,3,0,0,22016,3,8583896739
4343,766752612,77768,766830380,4,0,0,7168,4,256666409
4344,767073477,86384,767159861,3,0,0,18944,3,4446889234
4345,767085136,5971,767091107,9,0,1,14848,9,5622636404
4346,767125188,75003,767200191,8,0,0,5120,8,8477058172
4347,767341744,5802,767347546,9,0,1,6144,9,5826538208
4348,767429686,59132,767488818,2,0,0,5120,2,2080092750
4349,767465705,1518,767467223,9,0,1,1536,9,5451241636
4350,767474003,3904,767477907,7,0,1,10752,7,4062577339
4351,767501156,245351,767746507,4,0,0,28672,4,1852243655
4352,767513285,103844,767617129,8,0,0,40960,8,209184721
4353,767516057,176150,767692207,9,0,0,59392,9,7846588142
4354,767553858,10241,767564099,4,0,1,16384,4,1606379330
4355,767600085,167194,767767279,7,0,0,36352,7,1236467700
4356,767624211,191020,767815231,6,0,0,42496,6,80796898
4357,767671380,105001,767776381,9,0,0,4608,9,1228291885
4358,767701272,1042,767702314,5,0,1,1024,5,10709896042
4359,767703591,177118,767880709,8,0,0,44544,8,1581635238
4360,767802319,83016,767885335,4,0,0,8192,4,4901357601
4361,767864291,85610,767949901,3,0,0,12288,3,1523046501
4362,768091857,54212,768146069,0,0,0,4096,0,8501201339
4363,768246114,114296,768360410,6,0,0,75264,6,10424257946
4364,768265382,3422,768268804,9,0,1,3584,9,10591659390
4365,768529657,54992,768584649,6,0,0,6656,6,9180509173
4366,768530149,3645,768533794,4,0,1,10240,4,10377059565
4367,768664205,45596,768709801,4,0,0,1024,4,2530053166
4368,768667150,67719,768734869,3,0,0,7680,3,5683285034
4369,768798527,107432,768905959,9,0,0,52736,9,645320238
4370,769006728,48980,769055708,3,0,0,2048,3,4081266993
4371,769033724,47600,769081324,5,0,0,2560,5,7704563642
4372,769052403,67616,769120019,0,0,0,12800,0,4894481968
4373,769071877,14029,769085906,4,0,1,27136,4,8087638781
4374,769116969,26937,769143906,5,0,1,43008,5,811784078
4375,769152644,144108,769296752,6,0,0,69632,6,2058851695
4376,769154222,4937,769159159,3,0,1,12800,3,3254133341
4377,769318577,103532,769422109,0,0,0,39936,0,4211955743
4378,769365755,58397,769424152,6,0,0,6656,6,5822970295
4379,769384341,64388,769448729,1,0,0,12288,1,9471046864
4380,769423930,100165,769524095,6,0,0,26624,6,5492671982
4381,769522865,55278,769578143,5,0,0,3584,5,1185888038
4382,769540582,47288,769587870,2,0,0,1536,2,1553700552
4383,769555911,4850,769560761,7,0,1,5120,7,7622255669
4384,769615051,57440,769672491,6,0,0,4608,6,2189281196
4385,769616921,54056,769670977,6,0,0,3584,6,6213765055
4386,769768522,101036,769869558,8,0,0,31744,8,8966891161
4387,769819307,64208,769883515,6,0,0,6656,6,7150161219
4388,769896075,78992,769975067,1,0,0,14848,1,8560542516
4389,769900290,79940,769980230,1,0,0,16896,1,1077798028
4390,769926271,75538,770001809,8,0,0,10752,8,8832665369
4391,769957731,1518,769959249,3,0,1,1536,3,7782231519
4392,770034750,115076,770149826,8,0,0,77824,8,6502287334
4393,770081083,163795,770244878,5,0,0,90112,5,3420220004
4394,770206884,566,770207450,7,0,1,512,7,4743161717
4395,770229603,101471,770331074,2,0,0,13312,2,2348329633
4396,770262222,151544,770413766,5,0,0,123392,5,8848090970
4397,770324784,6305,770331089,8,0,1,3072,8,5292486493
4398,770353612,125410,770479022,8,0,0,37888,8,9581231667
4399,770465006,14031,770479037,5,0,1,3072,5,196378502
4400,770523631,67592,770591223,8,0,0,7680,8,1242432205
4401,770558358,81128,770639486,7,0,0,11776,7,4939841446
4402,770561998,1518,770563516,5,0,1,1536,5,8553545683
4403,770665783,97340,770763123,6,0,0,29696,6,6580749343
4404,770666190,108024,770774214,3,0,0,36352,3,2743978389
4405,770724174,112202,770836376,2,0,0,30720,2,5779782541
4406,770724769,175321,770900090,5,0,0,16896,5,5023338528
4407,770746901,170052,770916953,7,0,0,55296,7,3297729626
4408,770794896,133268,770928164,6,0,0,2048,6,2261731508
4409,770910996,104825,771015821,3,0,0,29696,3,9408126689
4410,770985469,5326,770990795,4,0,1,5632,4,8702527825
4411,771014297,100056,771114353,7,0,0,23552,7,7125847801
4412,771111569,103032,771214601,7,0,0,29184,7,10364332822
4413,771122628,125765,771248393,9,0,0,29184,9,3311686185
4414,771206749,109014,771315763,8,0,0,30720,8,781043087
4415,771217584,5802,771223386,5,0,1,6144,5,7640846539
4416,771223568,82820,771306388,5,0,0,12288,5,6367970654
4417,771299528,16250,771315778,5,0,1,15872,5,4213294954
4418,771334659,185640,771520299,9,0,0,74240,9,7360508060
4419,771357167,84894,771442061,6,0,0,6144,6,6326390055
4420,771384469,100256,771484725,2,0,0,29184,2,442806905
4421,771472719,2470,771475189,7,0,1,2560,7,10531485622
4422,771483408,3779,771487187,8,0,1,2560,8,10471249846
4423,771534931,52364,771587295,4,0,0,3072,4,4503781343
4424,771601808,52364,771654172,6,0,0,3072,6,5955324017
4425,771701012,52364,771753376,9,0,0,3072,9,6276915105
4426,772006752,53753,772060505,9,0,1,91136,9,211985673
4427,772011722,110235,772121957,6,0,0,1024,6,9157931948
4428,772072904,114762,772187666,9,0,1,189952,9,3317570401
4429,772096540,322073,772418613,5,0,0,6144,5,762771098
4430,772128529,292283,772420812,6,0,0,7168,6,6423836176
4431,772155105,33547,772188652,5,0,1,1536,5,8569068170
4432,772160596,28722,772189318,5,0,1,1024,5,6823594547
4433,772167193,184001,772351194,7,0,0,67072,7,5974726242
4434,772225435,197116,772422551,9,0,0,5632,9,5956840426
4435,772232676,197636,772430312,6,0,0,9216,6,6033063044
4436,772245858,170868,772416726,3,0,0,120832,3,1143541991
4437,772404973,120143,772525116,1,0,0,42496,1,10175562181
4438,772430940,4420,772435360,0,0,1,11776,0,4194659972
4439,772473467,69056,772542523,2,0,0,1536,2,4324387207
4440,772485815,5802,772491617,8,0,1,6144,8,7266976896
4441,772516565,12917,772529482,4,0,1,4608,4,1155743458
4442,772552636,76052,772628688,9,0,0,10240,9,5897316389
4443,772654727,96824,772751551,7,0,0,17920,7,831749471
4444,772690661,44404,772735065,9,0,1,76288,9,19607166
4445,772863281,3904,772867185,8,0,1,10752,8,10340919392
4446,772875088,55904,772930992,9,0,0,4608,9,9532035348
4447,772883049,134229,773017278,7,0,0,54784,7,3695758
4448,772899623,67039,772966662,0,0,0,4608,0,8875913478
4449,772974003,1042,772975045,3,0,1,1024,3,8750428292
4450,773009366,15151,773024517,7,0,1,7680,7,7142618277
4451,773012301,61054,773073355,3,0,0,5120,3,6652584987
4452,773024976,125675,773150651,0,0,0,4608,0,994603151
4453,773032795,116401,773149196,8,0,0,43520,8,782098338
4454,773059036,57440,773116476,3,0,0,4608,3,9410167358
4455,773097792,233766,773331558,9,0,1,378368,9,622443110
4456,773132637,236235,773368872,9,0,1,121344,9,6111240166
4457,773157501,252525,773410026,2,0,0,21504,2,4742001115
4458,773207092,163086,773370178,5,0,1,2048,5,10428945283
4459,773250970,294006,773544976,8,0,0,64512,8,1114341945
4460,773463537,3422,773466959,5,0,1,3584,5,7994805336
4461,773577316,102385,773679701,8,0,0,17408,8,1065825197
4462,773609145,55748,773664893,8,0,0,4096,8,7530718805
4463,773711601,108836,773820437,0,0,0,57344,0,9417490953
4464,773846628,77744,773924372,9,0,0,10752,9,9002753055
4465,773929866,50672,773980538,1,0,0,2560,1,10732156789
4466,773978157,69284,774047441,1,0,0,8192,1,7060081831
4467,773988358,142117,774130475,2,0,0,52736,2,6201708656
4468,774066611,5802,774072413,5,0,1,6144,5,2181556701
4469,774107095,63296,774170391,9,0,0,8704,9,1780794747
4470,774135123,35283,774170406,9,0,1,61440,9,5024787872
4471,774171415,6754,774178169,8,0,1,7168,8,5999486519
4472,774198977,164431,774363408,7,0,0,7168,7,7612871204
4473,774256628,114204,774370832,7,0,0,12288,7,4102534642
4474,774266788,85940,774352728,3,0,0,22528,3,6405599529
4475,774502538,7230,774509768,0,0,1,7680,0,2523692765
4476,774588225,72668,774660893,0,0,0,9216,0,123597709
4477,774606566,60824,774667390,8,0,0,5632,8,8713276195
4478,774636977,73031,774710008,3,0,0,13312,3,4833030673
4479,774649639,111766,774761405,3,0,0,39424,3,670359745
4480,774691445,71067,774762512,2,0,0,3584,2,6767004023
4481,774708720,146021,774854741,6,0,0,46080,6,1298615981
4482,774764851,92869,774857720,5,0,0,9728,5,4051837605
4483,774791478,13083,774804561,5,0,1,22016,5,10599611969
4484,774884786,213531,775098317,3,0,0,17408,3,6406456376
4485,774893103,109148,775002251,3,0,0,58368,3,7980120684
4486,774920900,566,774921466,0,0,1,512,0,1217727903
4487,774933598,141211,775074809,4,0,0,63488,4,1791135632
4488,774936646,107191,775043837,4,0,0,42496,4,10178681645
4489,774976316,1518,774977834,3,0,1,1536,3,8741969018
4490,775020053,116730,775136783,6,0,0,38912,6,8604877716
4491,775054216,109633,775163849,4,0,0,5632,4,5705556435
4492,775070489,7182,775077671,5,0,1,8704,5,3537585219
4493,775116124,3387,775119511,0,0,1,9728,0,9471843850
4494,775126224,23651,775149875,3,0,1,22016,3,9584552568
4495,775127902,24239,775152141,5,0,1,3584,5,2863937083
4496,775176101,3422,775179523,7,0,1,3584,7,672133399
4497,775269725,54030,775323755,0,0,0,1536,0,8640194652
4498,775290973,25962,775316935,9,0,1,47104,9,3615838687
4499,775294398,112636,775407034,4,0,0,33792,4,6771407508
4500,775320785,43904,775364689,2,0,0,512,2,7581681249
4501,775343055,65554,775408609,8,0,0,5120,8,1500169283
4502,775345435,10241,775355676,2,0,1,16384,2,9097900425
4503,775381660,115544,775497204,9,0,0,79360,9,5446275984
4504,775429764,125265,775555029,7,0,0,13824,7,3626986632
4505,775445821,78262,775524083,6,0,0,2048,6,4219013582
4506,775495856,66484,775562340,1,0,0,9728,1,2175636754
4507,775527532,76934,775604466,2,0,0,10752,2,5839407133
4508,775634658,4374,775639032,4,0,1,4608,4,1306595643
4509,775654927,4162,775659089,7,0,1,11264,7,5649685216
4510,775673320,2946,775676266,5,0,1,3072,5,9545447465
4511,775776011,1042,775777053,4,0,1,1024,4,2779244955
4512,775816881,3128,775820009,0,0,1,9216,0,1115162866
4513,775855612,99178,775954790,1,0,0,5632,1,8532037849
4514,775945059,67578,776012637,7,0,0,6656,7,10095195864
4515,775947619,96848,776044467,6,0,0,23040,6,2062007456
4516,775953257,132034,776085291,8,0,0,15872,8,10359819935
4517,776020658,109183,776129841,5,0,0,9728,5,2623258781
4518,776064342,113919,776178261,3,0,0,17408,3,3175791265
4519,776205036,4420,776209456,7,0,1,11776,7,1886753241
4520,776217858,49175,776267033,2,0,0,1536,2,1702577365
4521,776244435,2470,776246905,0,0,1,2560,0,6038889647
4522,776252454,1994,776254448,7,0,1,2048,7,1790383975
4523,776272726,253642,776526368,3,0,0,93696,3,1076790673
4524,776281177,82400,776363577,2,0,0,20992,2,533909866
4525,776286058,4679,776290737,7,0,1,12288,7,6990830748
4526,776414779,278624,776693403,2,0,0,42496,2,2402818617
4527,776432408,154506,776586914,5,0,0,59392,5,3863113328
4528,776437331,89052,776526383,9,0,1,124928,9,7476039179
4529,776569277,134002,776703279,4,0,0,19456,4,6401243183
4530,776570852,212599,776783451,8,0,0,3072,8,2099746048
4531,776606875,167125,776774000,0,0,0,33280,0,3951654847
4532,776627013,1042,776628055,7,0,1,1024,7,1446766405
4533,776628585,135252,776763837,1,0,0,20480,1,3846772529
4534,776631683,10241,776641924,3,0,1,16384,3,3246850885
4535,776644560,237371,776881931,8,0,0,14848,8,788263495
4536,776678515,119940,776798455,2,0,0,38912,2,5904936685
4537,776760186,117206,776877392,4,0,0,23552,4,6489110447
4538,776940771,117282,777058053,5,0,0,22016,5,1391591638
4539,776963351,67592,777030943,4,0,0,7680,4,4977250594
4540,776979295,14804,776994099,4,0,1,28672,4,8508524296
4541,776987249,106385,777093634,4,0,0,4608,4,2387907382
4542,777092582,62024,777154606,0,0,0,6144,0,3705585022
4543,777106322,111800,777218122,4,0,0,67072,4,2749363850
4544,777136192,86454,777222646,9,0,1,144896,9,2887411816
4545,777158496,277353,777435849,1,0,0,26112,1,6173803309
4546,777185077,222528,777407605,4,0,0,10752,4,5005111678
4547,777186515,132826,777319341,6,0,0,24064,6,10201414692
4548,777212959,203214,777416173,0,0,0,3584,0,10456223109
4549,777222441,88398,777310839,8,0,0,5120,8,6217451466
4550,777234275,262904,777497179,4,0,0,41472,4,2077517903
4551,777303686,95465,777399151,3,0,0,2048,3,7100894140
4552,777315429,4946,777320375,8,0,1,1024,8,2609658478
4553,777390085,17535,777407620,3,0,1,29184,3,5221827427
4554,777392039,109843,777501882,4,0,0,15360,4,7905352868
4555,777469327,145128,777614455,1,0,0,41472,1,7015526700
4556,777485203,146449,777631652,7,0,0,30720,7,322195424
4557,777492772,14556,777507328,4,0,1,13824,4,4241117538
4558,777501992,131859,777633851,9,0,0,7168,9,3196207226
4559,777544560,106724,777651284,8,0,0,24576,8,9982625290
4560,777600281,14189,777614470,0,0,1,7680,0,6355495496
4561,777656610,87608,777744218,0,0,0,17920,0,305665094
4562,777670790,2946,777673736,5,0,1,3072,5,9562680091
4563,777675000,114229,777789229,2,0,0,17920,2,1278300535
4564,777724529,5326,777729855,6,0,1,5632,6,4980870096
4565,777737263,6970,777744233,9,0,1,2048,9,6164092728
4566,777738247,13341,777751588,6,0,1,22528,6,352604281
4567,777790960,3422,777794382,3,0,1,3584,3,9781983843
4568,777823929,249753,778073682,1,0,0,56320,1,2846424409
4569,777846544,108727,777955271,6,0,0,34304,6,3506130842
4570,777856442,300844,778157286,0,0,0,145920,0,5547941247
4571,777883529,164712,778048241,1,0,0,35840,1,8197265869
4572,777947767,9490,777957257,9,0,1,2048,9,10633704512
4573,778185003,101504,778286507,5,0,0,33280,5,6410539379
4574,778192170,12049,778204219,5,0,1,19968,5,8404299060
4575,778304102,91057,778395159,7,0,0,22016,7,1914522892
4576,778379847,121316,778501163,2,0,0,98304,2,8703230979
4577,778497007,94048,778591055,8,0,0,15360,8,5012882876
4578,778501183,159304,778660487,6,0,0,81920,6,1556382815
4579,778511095,189496,778700591,1,0,0,52224,1,10712258441
4580,778530905,190331,778721236,8,0,0,23040,8,9796646703
4581,778532779,175003,778707782,6,0,0,23552,6,1957880547
4582,778604791,109402,778714193,5,0,0,20992,5,8729641565
4583,778646715,151486,778798201,5,0,0,34816,5,1877971823
4584,778651638,135940,778787578,1,0,0,31744,1,1398798597
4585,778659134,106400,778765534,5,0,0,14848,5,2207541709
4586,778703217,98875,778802092,3,0,0,7680,3,7534369714
4587,778737635,2470,778740105,9,0,1,2560,9,9816307579
4588,778744827,128611,778873438,3,0,0,49152,3,7232965558
4589,778826191,12308,778838499,7,0,1,20480,7,3787765121
4590,778838162,87608,778925770,6,0,0,17920,6,4106557380
4591,778898630,566,778899196,9,0,1,512,9,8574632847
4592,778901316,106143,779007459,8,0,0,45056,8,7569885249
4593,778907404,171233,779078637,3,0,0,50688,3,8289326412
4594,778910136,79436,778989572,9,0,0,11264,9,8734436319
4595,778918166,7619,778925785,0,0,1,2560,0,8349169325
4596,778985436,101103,779086539,9,0,0,25088,9,1761276633
4597,779112955,70844,779183799,0,0,0,13312,0,3589739573
4598,779164495,103064,779267559,8,0,0,38400,8,3403116080
4599,779169632,139951,779309583,0,0,0,25088,0,3538063681
4600,779366879,93440,779460319,8,0,0,16896,8,7978406842
4601,779429645,64364,779494009,7,0,0,7168,7,2724516402
4602,779451097,82926,779534023,5,0,0,16384,5,1795329783
4603,779557534,80840,779638374,1,0,0,15872,1,2728179702
4604,779604253,106391,779710644,1,0,0,25088,1,3549261041
4605,779712905,52364,779765269,2,0,0,3072,2,7592931727
4606,779738175,113872,779852047,3,0,0,59904,3,5268230191
4607,779839813,98166,779937979,9,0,0,22528,9,4236833606
4608,779888859,79304,779968163,4,0,0,15872,4,7085766888
4609,779986357,59132,780045489,8,0,0,5120,8,4128496065
4610,780044645,100156,780144801,8,0,0,26112,8,8339754229
4611,780071606,50672,780122278,2,0,0,2560,2,7113154756
4612,780072307,201551,780273858,0,0,0,37376,0,8916121273
4613,780152674,132119,780284793,4,0,0,24576,4,5509946322
4614,780235767,6229,780241996,0,0,1,15360,0,1217134498
4615,780289563,4420,780293983,3,0,1,11776,3,6741119585
4616,780313010,3904,780316914,3,0,1,10752,3,8154637791
4617,780348951,4162,780353113,5,0,1,11264,5,5249956120
4618,780452037,4850,780456887,4,0,1,5120,4,6611326160
4619,780472285,103220,780575505,1,0,0,38912,1,10635573649
4620,780506173,158768,780664941,0,0,0,32768,0,3077562777
4621,780641540,1994,780643534,7,0,1,2048,7,6071639753
4622,780693844,4374,780698218,6,0,1,4608,6,9319177799
4623,780751561,54524,780806085,7,0,0,5120,7,9723386229
4624,780767939,48980,780816919,6,0,0,2048,6,1228703435
4625,780806038,106467,780912505,2,0,0,38400,2,1949773350
4626,780883912,104201,780988113,4,0,0,28160,4,4754609016
4627,781069592,128747,781198339,2,0,0,121856,2,7326125966
4628,781085937,5454,781091391,7,0,1,13824,7,7102926940
4629,781146836,108596,781255432,3,0,0,20480,3,8669591186
4630,781193587,67728,781261315,0,0,0,7680,0,4117595890
4631,781282169,112580,781394749,0,0,0,69632,0,5375820754
4632,781283215,157633,781440848,4,0,0,27648,4,6988051444
4633,781318865,3898,781322763,3,0,1,4096,3,1808754082
4634,781331217,101192,781432409,9,0,0,32256,9,9361036121
4635,781337595,150934,781488529,1,0,0,7168,1,9625482366
4636,781345601,15062,781360663,2,0,1,29184,2,5179252750
4637,781485952,5326,781491278,5,0,1,5632,5,8762946682
4638,781612068,52364,781664432,7,0,0,3072,7,2562320427
4639,781627517,113672,781741189,3,0,0,73216,3,6107054935
4640,781659776,52547,781712323,1,0,0,2560,1,9273819625
4641,781715882,2946,781718828,1,0,1,3072,1,5969880029
4642,781735932,69457,781805389,6,0,0,6656,6,3552742992
4643,781738197,15317,781753514,9,0,1,20480,9,2341698569
4644,781840562,63608,781904170,8,0,0,9728,8,453749753
4645,782024002,3645,782027647,5,0,1,10240,5,6828579556
4646,782097899,126464,782224363,2,0,0,115200,2,2750612193
4647,782103927,125714,782229641,9,0,0,2048,9,2916212622
4648,782153825,94070,782247895,1,0,0,8704,1,2089286999
4649,782164134,5454,782169588,4,0,1,13824,4,3200845962
4650,782229964,103688,782333652,5,0,0,40448,5,7275055598
4651,782248111,1994,782250105,3,0,1,2048,3,4888088238
4652,782351159,59600,782410759,8,0,0,6656,8,7116094938
4653,782391796,52364,782444160,4,0,0,3072,4,3725172069
4654,782407767,61292,782469059,2,0,0,7168,2,3694722492
4655,782488042,83600,782571642,7,0,0,14848,7,3381673434
4656,782490415,50672,782541087,2,0,0,2560,2,8108712838
4657,782496391,1042,782497433,0,0,1,1024,0,3542378383
4658,782548345,81128,782629473,7,0,0,11776,7,5291842051
4659,782625362,100724,782726086,1,0,0,30720,1,10176205929
4660,782631466,103920,782735386,7,0,0,15872,7,4739708063
4661,782643636,5971,782649607,0,0,1,14848,0,6716768671
4662,782679162,182089,782861251,9,0,0,47616,9,7103822599
4663,782745414,566,782745980,0,0,1,512,0,2753181926
4664,782791875,3904,782795779,0,0,1,10752,0,10584109889
4665,782798708,155235,782953943,5,0,0,28672,5,10383318926
4666,782803393,129750,782933143,4,0,0,34304,4,10353352164
4667,782867133,87613,782954746,8,0,0,2560,8,2155713203
4668,782887206,92869,782980075,3,0,0,4608,3,1868095884
4669,782951170,8385,782959555,8,0,1,5120,8,7768777142
4670,782993363,5802,782999165,8,0,1,6144,8,9282508289
4671,783016791,185927,783202718,0,0,0,75776,0,4185709419
4672,783036661,1994,783038655,2,0,1,2048,2,5787265375
4673,783048328,112777,783161105,3,0,0,16384,3,3634808880
4674,783106013,5454,783111467,3,0,1,13824,3,342766624
4675,783119954,89532,783209486,7,0,0,12288,7,5064968780
4676,783138446,89636,783228082,9,0,0,24576,9,1214601094
4677,783175396,86818,783262214,2,0,0,6656,2,9228198004
4678,783326151,105092,783431243,4,0,0,45056,4,1767831709
4679,783337196,566,783337762,2,0,1,512,2,6251429454
4680,783361271,70299,783431570,2,0,0,1024,2,5097365757
4681,783410529,169925,783580454,5,0,0,25088,5,130474785
4682,783429968,2636,783432604,8,0,1,1024,8,398805197
4683,783431745,141050,783572795,4,0,0,48640,4,527569153
4684,783432970,107588,783540558,9,0,0,53248,9,3001773935
4685,783445959,156614,783602573,1,0,0,4096,1,3002886430
4686,783454309,137512,783591821,2,0,0,4096,2,1983588151
4687,783600804,72668,783673472,4,0,0,9216,4,3257607812
4688,783681381,107900,783789281,8,0,0,54272,8,4529662188
4689,783713560,1042,783714602,4,0,1,1024,4,1235957369
4690,783757141,72668,783829809,3,0,0,9216,3,227872544
4691,783797291,83132,783880423,0,0,0,13312,0,2354154215
4692,783831522,98072,783929594,9,0,0,22016,9,7236045435
4693,783898010,71756,783969766,3,0,0,11264,3,8119421963
4694,783979871,103844,784083715,5,0,0,40960,5,3191874074
4695,783987900,150895,784138795,1,0,0,60416,1,9102313955
4696,784014351,129919,784144270,8,0,0,17920,8,986914465
4697,784024921,123264,784148185,3,0,0,12800,3,8105295841
4698,784029267,163643,784192910,7,0,0,54272,7,2929792674
4699,784050799,157129,784207928,5,0,0,6656,5,6593482743
4700,784251213,3387,784254600,5,0,1,9728,5,2399381145
4701,784328256,50672,784378928,6,0,0,2560,6,10470930555
4702,784344244,566,784344810,5,0,1,512,5,2307905461
4703,784350242,566,784350808,0,0,1,512,0,2800102345
4704,784392779,7230,784400009,9,0,1,7680,9,3987266647
4705,784395740,208186,784603926,5,0,0,4096,5,1286025080
4706,784484860,101036,784585896,6,0,0,31744,6,3786823011
4707,784562468,2470,784564938,5,0,1,2560,5,622345769
4708,784573949,60824,784634773,9,0,0,5632,9,8670794563
4709,784588076,128795,784716871,9,0,0,47104,9,10345713697
4710,784698662,111176,784809838,4,0,0,65024,4,1514926965
4711,784733475,86857,784820332,3,0,0,2560,3,6398717513
4712,784837388,4679,784842067,3,0,1,12288,3,3893095002
4713,784912439,86204,784998643,4,0,0,13312,4,7261815517
4714,784939198,117579,785056777,6,0,0,21504,6,1281729001
4715,785009257,4374,785013631,7,0,1,4608,7,9539961057
4716,785014309,3898,785018207,0,0,1,4096,0,3953003131
4717,785125799,105404,785231203,0,0,0,46080,0,9580444557
4718,785230980,105463,785336443,9,0,0,45568,9,8038095425
4719,785254956,11274,785266230,9,0,1,18432,9,2903327178
4720,785256322,134727,785391049,8,0,0,22016,8,9986281777
4721,785423017,7230,785430247,5,0,1,7680,5,7246473198
4722,785435336,113447,785548783,5,0,0,27648,5,3794583756
4723,785490427,6754,785497181,3,0,1,7168,3,185971111
4724,785496207,80637,785576844,1,0,0,5632,1,7183009190
4725,785514068,104334,785618402,3,0,0,36352,3,2448920818
4726,785515962,129288,785645250,4,0,0,42496,4,4598350947
4727,785583563,127203,785710766,1,0,0,65024,1,3918378021
4728,785679648,84541,785764189,6,0,0,2560,6,8766902621
4729,785681261,100412,785781673,2,0,0,29696,2,1065276011
4730,785742834,76052,785818886,6,0,0,10240,6,4046279969
4731,785848329,82820,785931149,0,0,0,12288,0,5958746340
4732,785854216,54056,785908272,8,0,0,3584,8,914959488
4733,785857216,113000,785970216,0,0,0,45568,0,4988290409
4734,785921889,99320,786021209,6,0,0,26112,6,3371322289
4735,785962029,105848,786067877,5,0,0,5632,5,1780893754
4736,785983782,96980,786080762,7,0,0,18432,7,2661936284
4737,786055119,2470,786057589,5,0,1,2560,5,1559729666
4738,786246926,145839,786392765,1,0,0,31232,1,10352458620
4739,786265773,82244,786348017,4,0,0,20480,4,6189945447
4740,786272151,566,786272717,5,0,1,512,5,5920277848
4741,786291471,104741,786396212,0,0,0,11264,0,3233012392
4742,786313853,135390,786449243,1,0,0,13824,1,2135801983
4743,786343729,112234,786455963,4,0,0,5632,4,2925804185
4744,786356029,120835,786476864,5,0,0,2048,5,9981845290
4745,786373161,103064,786476225,6,0,0,38400,6,9424586001
4746,786443271,64976,786508247,5,0,0,3584,5,10732185004
4747,786443960,113661,786557621,2,0,0,20992,2,9670657516
4748,786455976,126029,786582005,9,0,0,68096,9,10617743660
4749,786503012,89895,786592907,9,0,0,4608,9,5598259335
4750,786537051,1994,786539045,2,0,1,2048,2,3436573299
4751,786615539,99164,786714703,5,0,0,25600,5,9029092755
4752,786616146,104812,786720958,6,0,0,20480,6,6105220697
4753,786647005,152220,786799225,2,0,0,77824,2,6283914435
4754,786672560,157973,786830533,0,0,0,39424,0,5484279365
4755,786737490,158917,786896407,6,0,0,27648,6,433988672
4756,786882864,48980,786931844,8,0,0,2048,8,8154201451
4757,786908067,5196,786913263,3,0,1,13312,3,4004047499
4758,786917226,99788,787017014,4,0,0,27648,4,5698376190
4759,787026083,54056,787080139,4,0,0,3584,4,10071546661
4760,787079649,47770,787127419,2,0,0,1536,2,8183173054
4761,787095737,104312,787200049,9,0,0,42496,9,2761311135
4762,787123558,3876,787127434,2,0,1,3584,2,1158758472
4763,787128048,108799,787236847,4,0,0,20992,4,3724257252
4764,787136753,4850,787141603,2,0,1,5120,2,1091738880
4765,787142256,159278,787301534,4,0,0,12288,4,2092569064
4766,787177892,87521,787265413,2,0,0,12800,2,8708927928
4767,787269231,100412,787369643,9,0,0,29696,9,4383709624
4768,787277185,162076,787439261,0,0,0,30208,0,3936715941
4769,787340102,88988,787429090,5,0,0,17408,5,6469125622
4770,787444710,11016,787455726,4,0,1,17920,4,9086131234
4771,787451175,137684,787588859,3,0,0,23040,3,8092400150
4772,787487162,188635,787675797,8,0,0,14336,8,245500129
4773,787488088,271823,787759911,9,0,0,27136,9,4021666303
4774,787570370,244147,787814517,4,0,0,69120,4,2869681843
4775,787689422,5196,787694618,4,0,1,13312,4,8432223013
4776,787725022,133301,787858323,7,0,0,35328,7,4531160527
4777,787818264,103155,787921419,8,0,0,13312,8,9266393802
4778,787901956,100880,788002836,1,0,0,31232,1,2121470247
4779,787980043,80993,788061036,2,0,0,13312,2,8270856848
4780,787987911,2470,787990381,0,0,1,2560,0,3567795056
4781,788008387,54212,788062599,5,0,0,4096,5,9027202901
4782,788025378,43904,788069282,9,0,0,512,9,23473896
4783,788047918,63374,788111292,2,0,0,4608,2,4763763392
4784,788089524,99012,788188536,1,0,0,18944,1,4177180525
4785,788143098,3904,788147002,9,0,1,10752,9,1799265822
4786,788252420,98384,788350804,2,0,0,23040,2,10230727600
4787,788276165,5712,788281877,4,0,1,14336,4,504566746
4788,788293131,103220,788396351,1,0,0,38912,1,2920297086
4789,788298051,191099,788489150,5,0,0,30208,5,5292014063
4790,788310489,1994,788312483,0,0,1,2048,0,7843854575
4791,788341425,131804,788473229,9,0,0,47104,9,9263601359
4792,788345258,149160,788494418,3,0,0,7168,3,3857012441
4793,788424661,566,788425227,8,0,1,512,8,1239836998
4794,788430663,43904,788474567,3,0,0,512,3,2856125216
4795,788454468,108992,788563460,9,0,0,57856,9,6863145210
4796,788478904,181162,788660066,3,0,0,146944,3,5583206872
4797,788598439,82255,788680694,2,0,0,10752,2,10020937806
4798,788598897,4850,788603747,8,0,1,5120,8,3319234019
4799,788631929,187477,788819406,4,0,0,38912,4,9041718480
4800,788645517,134009,788779526,8,0,0,31744,8,9173590438
4801,788721848,119148,788840996,7,0,0,30720,7,134549407
4802,788734925,14117,788749042,9,0,1,24064,9,9465788433
4803,788745388,124002,788869390,4,0,0,15360,4,10286849864
4804,788820318,112150,788932468,7,0,0,29696,7,5632404189
4805,788857530,94504,788952034,5,0,0,2048,5,8556412678
4806,788887863,72037,788959900,6,0,0,1536,6,2093679211
4807,788922143,45908,788968051,9,0,0,2048,9,832749150
4808,788922955,102908,789025863,7,0,0,37888,7,9051206298
4809,788937740,96824,789034564,3,0,0,17920,3,2712050748
4810,789019316,15263,789034579,4,0,1,11264,4,2854006946
4811,789110809,52520,789163329,4,0,0,3584,4,124495231
4812,789254913,1518,789256431,5,0,1,1536,5,9644017786
4813,789256362,103064,789359426,4,0,0,38400,4,2245971968
4814,789373988,6278,789380266,9,0,1,6656,9,10233975927
4815,789415980,129977,789545957,9,0,0,4096,9,9115650956
4816,789438367,89900,789528267,7,0,0,15360,7,76448990
4817,789498736,98696,789597432,2,0,0,24064,2,2763820593
4818,789559266,55148,789614414,9,0,0,7168,9,6403858870
4819,789615314,98384,789713698,9,0,0,23040,9,6785755354
4820,789638285,115607,789753892,9,0,0,37888,9,2064404217
4821,789670753,4679,789675432,7,0,1,12288,7,2786791891
4822,789680719,1518,789682237,5,0,1,1536,5,5495285122
4823,789723998,3898,789727896,7,0,1,4096,7,2975034122
4824,789744027,191169,789935196,2,0,0,32768,2,2150190202
4825,789771446,145227,789916673,0,0,0,69632,0,8370458191
4826,789784696,135424,789920120,4,0,0,11264,4,2204013156
4827,789863045,85861,789948906,8,0,0,1024,8,227458458
4828,789923914,81020,790004934,0,0,0,21504,0,2322341130
4829,789947942,80032,790027974,8,0,0,11264,8,4534599038
4830,790028405,3128,790031533,0,0,1,9216,0,2707045858
4831,790040155,114987,790155142,8,0,0,19968,8,7915553620
4832,790082863,146455,790229318,1,0,0,15872,1,9313730764
4833,790154255,103235,790257490,5,0,0,15872,5,7916584693
4834,790277956,114342,790392298,1,0,0,18944,1,7105436074
4835,790278266,127438,790405704,2,0,0,28672,2,2496675488
4836,790319511,118359,790437870,4,0,0,2048,4,154645927
4837,790319620,112886,790432506,2,0,0,4608,2,9681536673
4838,790374889,11016,790385905,8,0,1,17920,8,4978592567
4839,790379282,13031,790392313,7,0,1,15360,7,3680685047
4840,790444550,204554,790649104,5,0,0,39936,5,2085959294
4841,790744994,64208,790809202,7,0,0,6656,7,4696984909
4842,790754820,148936,790903756,2,0,0,83968,2,9228418797
4843,790795169,3422,790798591,0,0,1,3584,0,8671401053
4844,790872626,31145,790903771,4,0,1,19456,4,1756954140
4845,790889960,188787,791078747,5,0,0,2560,5,10416623398
4846,790968963,55748,791024711,5,0,0,4096,5,8607775567
4847,790970530,3645,790974175,9,0,1,10240,9,10276643998
4848,791014391,48980,791063371,1,0,0,2048,1,10504069063
4849,791033677,82244,791115921,3,0,0,20480,3,10299940841
4850,791077077,111270,791188347,2,0,0,30208,2,4624216573
4851,791176470,1994,791178464,8,0,1,2048,8,9429323778
4852,791225901,95000,791320901,5,0,0,22016,5,9415557246
4853,791252502,6754,791259256,9,0,1,7168,9,2181212525
4854,791275002,99476,791374478,1,0,0,26624,1,1474438681
4855,791350351,4679,791355030,7,0,1,12288,7,4517297648
4856,791373643,114569,791488212,5,0,0,63488,5,9847718511
4857,791484912,8142,791493054,8,0,1,5120,8,9988346407
4858,791562377,6278,791568655,7,0,1,6656,7,702813111
4859,791574310,105407,791679717,0,0,0,29696,0,8928821402
4860,791614906,55748,791670654,4,0,0,4096,4,4328549233
4861,791677452,3775,791681227,3,0,1,1536,3,6158951525
4862,791704649,6488,791711137,7,0,1,15872,7,2052706729
4863,791743844,566,791744410,0,0,1,512,0,7803215584
4864,791750747,102221,791852968,3,0,0,22528,3,9180717603
4865,791785939,566,791786505,5,0,1,512,5,6420544996
4866,791790253,102440,791892693,0,0,0,36352,0,4063336408
4867,791811314,54061,791865375,8,0,0,1024,8,9807721419
4868,791919725,2946,791922671,2,0,1,3072,2,8064540612
4869,791922403,1042,791923445,3,0,1,1024,3,6692727699
4870,792091678,26479,792118157,2,0,1,48128,2,2081045723
4871,792190441,3422,792193863,9,0,1,3584,9,5445821394
4872,792213281,11791,792225072,9,0,1,19456,9,10195484808
4873,792283581,82805,792366386,9,0,0,5120,9,10091947665
4874,792327524,6278,792333802,5,0,1,6656,5,5336170530
4875,792442735,45596,792488331,7,0,0,1024,7,7920754415
4876,792469826,45596,792515422,8,0,0,1024,8,5541322568
4877,792504998,7230,792512228,3,0,1,7680,3,3465022822
4878,792603408,2946,792606354,8,0,1,3072,8,10157908200
4879,792656398,59132,792715530,7,0,0,5120,7,10554452546
4880,792681416,1518,792682934,2,0,1,1536,2,10229698918
4881,792800027,1518,792801545,0,0,1,1536,0,2973047323
4882,792890770,98876,792989646,4,0,0,29696,4,6186495070
4883,792896920,5326,792902246,7,0,1,5632,7,6263291780
4884,792990963,3422,792994385,6,0,1,3584,6,8846664908
4885,793010630,5802,793016432,5,0,1,6144,5,1434376384
4886,793134891,59288,793194179,7,0,0,5632,7,8107170907
4887,793226538,64208,793290746,2,0,0,6656,2,4094483363
4888,793301786,64208,793365994,7,0,0,6656,7,10369635911
4889,793317156,136084,793453240,7,0,0,65024,7,9937812791
4890,793335875,3898,793339773,0,0,1,4096,0,155625368
4891,793417456,11533,793428989,3,0,1,18944,3,2907701201
4892,793423573,134257,793557830,6,0,0,13312,6,5480985312
4893,793426741,267366,793694107,4,0,0,33792,4,9410938582
4894,793434499,96813,793531312,6,0,0,16896,6,10081911630
4895,793502037,181759,793683796,6,0,0,11264,6,10255791702
4896,793507004,4850,793511854,8,0,1,5120,8,7439840996
4897,793526718,105807,793632525,8,0,0,30720,8,1429248501
4898,793567334,1042,793568376,4,0,1,1024,4,2156393402
4899,793590536,86360,793676896,8,0,0,13824,8,2292126533
4900,793683516,136579,793820095,2,0,0,113664,2,9923324196
4901,793696286,1994,793698280,9,0,1,2048,9,2812761326
4902,793724319,174206,793898525,9,0,0,36352,9,4462972324
4903,793803587,18511,793822098,3,0,1,2048,3,3161239188
4904,793816197,94420,793910617,7,0,0,4096,7,5969810384
4905,793874574,3898,793878472,5,0,1,4096,5,8480963018
4906,793887249,61292,793948541,7,0,0,7168,7,5592626451
4907,793900390,64208,793964598,4,0,0,6656,4,6820199088
4908,794099310,106184,794205494,1,0,0,48640,1,8769164379
4909,794145484,3422,794148906,7,0,1,3584,7,2373316942
4910,794272979,75164,794348143,4,0,0,17408,4,10086726441
4911,794306420,12049,794318469,3,0,1,19968,3,644656448
4912,794348733,98228,794446961,0,0,0,22528,0,6935640469
4913,794410250,107819,794518069,9,0,0,31744,9,2307673983
4914,794418330,90052,794508382,1,0,0,2048,1,10007612041
4915,794430039,174793,794604832,6,0,0,90624,6,2309988618
4916,794443163,24414,794467577,9,0,1,33280,9,10477740024
4917,794506866,198941,794705807,6,0,0,24576,6,3521247974
4918,794516444,155409,794671853,8,0,0,30208,8,4237958155
4919,794589845,195876,794785721,7,0,0,58880,7,5514195941
4920,794713962,11274,794725236,2,0,1,18432,2,6779361249
4921,794717136,11966,794729102,0,0,1,6144,0,3665371172
4922,794768670,130095,794898765,7,0,0,13312,7,9246929673
4923,794793727,54056,794847783,1,0,0,3584,1,1160949159
4924,794797846,96848,794894694,4,0,0,23040,4,10512379469
4925,794799930,108048,794907978,2,0,0,6144,2,498319210
4926,794845409,100657,794946066,6,0,0,23040,6,5438380968
4927,794865209,102719,794967928,4,0,0,20992,4,2853239173
4928,794869287,92230,794961517,4,0,0,6144,4,4668082298
4929,795005365,1994,795007359,3,0,1,2048,3,4214695908
4930,795128485,72980,795201465,3,0,0,10240,3,7668902907
4931,795133857,79436,795213293,6,0,0,11264,6,748008776
4932,795173234,566,795173800,3,0,1,512,3,8896977061
4933,795248704,49604,795298308,7,0,0,4096,7,6652951673
4934,795277269,4420,795281689,2,0,1,11776,2,3820143669
4935,795307841,5326,795313167,4,0,1,5632,4,7238769881
4936,795331919,162999,795494918,8,0,0,49664,8,6602093674
4937,795372585,5802,795378387,3,0,1,6144,3,1504856837
4938,795376815,11791,795388606,0,0,1,19456,0,1057715933
4939,795490679,201065,795691744,3,0,0,33280,3,8115983661
4940,795546890,100724,795647614,1,0,0,30720,1,520907786
4941,795557821,23208,795581029,8,0,1,38400,8,6575599969
4942,795594585,1042,795595627,4,0,1,1024,4,6849401163
4943,795596244,185869,795782113,9,0,0,81408,9,8174608443
4944,795701926,156717,795858643,8,0,0,49152,8,9228698427
4945,795703154,93233,795796387,2,0,0,6144,2,8683896177
4946,795703855,3898,795707753,2,0,1,4096,2,9971027115
4947,795899897,66368,795966265,3,0,0,8704,3,5906758715
4948,795948496,5454,795953950,4,0,1,13824,4,6040743464
4949,795985920,44040,796029960,1,0,0,512,1,981792945
4950,796004996,67592,796072588,9,0,0,7680,9,8113048937
4951,796005734,1994,796007728,9,0,1,2048,9,5103048501
4952,796005856,105630,796111486,8,0,0,8192,8,4818796378
4953,796061714,3645,796065359,7,0,1,10240,7,317731772
4954,796111669,64208,796175877,6,0,0,6656,6,5534385163
4955,796171484,4408,796175892,3,0,1,10752,3,10597120341
4956,796193509,98280,796291789,9,0,0,22528,9,1986825571
4957,796324989,47288,796372277,1,0,0,1536,1,9602132616
4958,796383608,52364,796435972,0,0,0,3072,0,10536139713
4959,796418249,105092,796523341,2,0,0,45056,2,6715154433
4960,796510841,124604,796635445,8,0,0,68096,8,368119620
4961,796518513,117415,796635928,6,0,0,1536,6,3489873555
4962,796590702,47288,796637990,0,0,0,1536,0,524741397
4963,796608041,71432,796679473,2,0,0,8704,2,3761583146
4964,796687517,100568,796788085,3,0,0,30208,3,4641801081
4965,796767071,70976,796838047,1,0,0,8704,1,439808608
4966,796851446,95912,796947358,3,0,0,19968,3,8851513981
4967,796907990,97916,797005906,0,0,0,21504,0,312069399
4968,796964187,149563,797113750,4,0,0,75776,4,9813228791
4969,797035822,134262,797170084,7,0,0,27648,7,1540516468
4970,797066142,53290,797119432,9,0,0,2560,9,4783704430
4971,797069576,205716,797275292,5,0,0,52736,5,7742858847
4972,797076516,114798,797191314,2,0,0,14336,2,4353829546
4973,797083294,145498,797228792,1,0,0,61440,1,8997853583
4974,797229398,180305,797409703,1,0,0,65536,1,2578978041
4975,797249219,100256,797349475,5,0,0,29184,5,8967680293
4976,797308916,162137,797471053,6,0,0,38912,6,5282920249
4977,797373337,115835,797489172,9,0,0,59392,9,4540560572
4978,797383693,107054,797490747,1,0,0,5120,1,9790374925
4979,797450146,155340,797605486,2,0,0,39936,2,10191686454
4980,797461532,60185,797521717,3,0,0,2560,3,1297333409
4981,797490244,103059,797593303,2,0,0,29696,2,1192467667
4982,797516506,130479,797646985,2,0,0,38400,2,7301747817
4983,797530511,152582,797683093,4,0,0,40960,4,680442473
4984,797566236,6278,797572514,5,0,1,6656,5,3612489660
4985,797591256,114840,797706096,0,0,0,8704,0,3352873097
4986,797651625,82125,797733750,3,0,0,2560,3,3203325817
4987,797770607,3898,797774505,3,0,1,4096,3,9438305470
4988,797778979,94413,797873392,3,0,0,27136,3,4253301957
4989,797790249,126229,797916478,5,0,0,52736,5,8890929171
4990,797800223,2870,797803093,7,0,1,8704,7,459077956
4991,797875282,62516,797937798,8,0,0,6144,8,2709584435
4992,797876126,2470,797878596,5,0,1,2560,5,270017982
4993,797901851,18534,797920385,5,0,1,4096,5,2336218440
4994,797909961,103694,798013655,8,0,0,24064,8,9965279101
4995,798004245,75296,798079541,6,0,0,12800,6,7020657258
4996,798016905,6488,798023393,2,0,1,15872,2,7165135142
4997,798038178,566,798038744,2,0,1,512,2,3611679897
4998,798039755,85119,798124874,6,0,0,7168,6,9931209636
4999,798045333,3422,798048755,1,0,1,3584,1,3197982882
5000,798075972,49073,798125045,7,0,0,512,7,1335428846
5001,798109010,113724,798222734,8,0,0,28672,8,5133944710
5002,798117537,119720,798237257,4,0,0,47616,4,4977340161
5003,798140159,118761,798258920,2,0,0,40448,2,1394948172
5004,798232902,108140,798341042,5,0,0,21504,5,5545451413
5005,798237798,133106,798370904,8,0,0,27648,8,699679525
5006,798307610,139284,798446894,2,0,0,44032,2,5265895746
5007,798424539,95087,798519626,9,0,0,13312,9,8486435263
5008,798437560,14005,798451565,7,0,1,12288,7,9894234638
5009,798451778,77820,798529598,3,0,0,10752,3,3654422961
5010,798543186,135834,798679020,1,0,0,1536,1,7089381564
5011,798557221,121316,798678537,4,0,0,98304,4,3979627654
5012,798608173,6278,798614451,9,0,1,6656,9,6802259729
5013,798611870,94879,798706749,4,0,0,7168,4,2064762906
5014,798612230,118831,798731061,0,0,0,16384,0,5512657075
5015,798635521,102596,798738117,6,0,0,14336,6,8244862782
5016,798823532,65900,798889432,9,0,0,7168,9,10394101157
5017,798836012,3898,798839910,0,0,1,4096,0,9409559189
5018,798905753,6278,798912031,3,0,1,6656,3,3835405261
5019,798944490,566,798945056,4,0,1,512,4,2817746849
5020,799045941,2946,799048887,0,0,1,3072,0,3124624746
5021,799137377,105716,799243093,9,0,0,47104,9,4282544045
5022,799234484,82049,799316533,0,0,0,11776,0,2182746349
5023,799315698,3697,799319395,0,0,1,8704,0,2246590385
5024,799321451,101504,799422955,5,0,0,33280,5,4627845960
5025,799402257,172220,799574477,8,0,0,144384,8,7721069627
5026,799444676,151532,799596208,7,0,0,25088,7,4991600345
5027,799484208,104333,799588541,6,0,0,16896,6,292476798
5028,799536948,135462,799672410,2,0,0,21504,2,2004360221
5029,799545053,73501,799618554,0,0,0,1024,0,2050224030
5030,799555001,164455,799719456,2,0,0,89088,2,59157110
5031,799587554,20662,799608216,4,0,1,19968,4,28101973
5032,799602665,9097,799611762,5,0,1,5632,5,2779367870
5033,799658099,249085,799907184,5,0,0,81408,5,659057226
5034,799670573,102553,799773126,2,0,0,30720,2,5210111090
5035,799674854,144304,799819158,9,0,0,20480,9,6433003131
5036,799675009,6754,799681763,5,0,1,7168,5,4151809466
5037,799697170,23320,799720490,8,0,1,1024,8,9107521127
5038,799770623,60343,799830966,3,0,0,1536,3,6859676529
5039,799781963,2470,799784433,2,0,1,2560,2,5388798291
5040,799815295,163418,799978713,0,0,0,4608,0,9106152251
5041,799874840,4850,799879690,8,0,1,5120,8,8056225228
5042,799953772,2946,799956718,5,0,1,3072,5,4988214293
5043,799965239,112270,800077509,8,0,0,29184,8,8231576469
5044,800041883,3904,800045787,7,0,1,10752,7,8934206425
5045,800075515,111435,800186950,9,0,0,22016,9,7376083790
5046,800293321,104312,800397633,9,0,0,42496,9,3998749539
5047,800327999,162164,800490163,4,0,0,28160,4,3094733078
5048,800348064,1042,800349106,9,0,1,1024,9,7402413025
5049,800362571,74228,800436799,2,0,0,14336,2,2421843757
5050,800400190,186579,800586769,8,0,0,117248,8,7944983047
5051,800426589,188602,800615191,0,0,0,93184,0,3030439242
5052,800472255,17923,800490178,9,0,1,21504,9,10080462971
5053,800479385,163174,800642559,6,0,0,24064,6,6047900168
5054,800524411,1042,800525453,8,0,1,1024,8,874568703
5055,800550797,35987,800586784,8,0,1,512,8,6404379526
5056,800610460,130873,800741333,3,0,0,20992,3,3193880547
5057,800654969,59271,800714240,0,0,0,512,0,1653636023
5058,800700926,101816,800802742,5,0,0,34304,5,9140633618
5059,800745642,85604,800831246,7,0,0,16384,7,8627553411
5060,800760855,3128,800763983,4,0,1,9216,4,1867153273
5061,800793705,10071,800803776,4,0,1,1024,4,8586621333
5062,800837126,75764,800912890,3,0,0,14336,3,5690071787
5063,800872973,117491,800990464,7,0,0,40960,7,7108090541
5064,800912377,51177,800963554,4,0,0,2560,4,832612354
5065,801094777,98852,801193629,3,0,0,24576,3,5877001872
5066,801102874,102284,801205158,7,0,0,35840,7,7588568887
5067,801139632,172584,801312216,6,0,0,29184,6,4399046932
5068,801146092,4679,801150771,7,0,1,12288,7,6138327528
5069,801159987,143322,801303309,7,0,0,96768,7,2055440498
5070,801176621,17023,801193644,8,0,1,18944,8,2003801845
5071,801224812,5454,801230266,2,0,1,13824,2,7905607073
5072,801381826,14545,801396371,7,0,1,28160,7,5645291574
5073,801390428,75167,801465595,7,0,0,12288,7,6816416408
5074,801446403,1518,801447921,3,0,1,1536,3,8464721078
5075,801545530,64208,801609738,7,0,0,6656,7,5960402629
5076,801579035,57440,801636475,6,0,0,4608,6,3909860690
5077,801622427,16613,801639040,3,0,1,32256,3,2168817156
5078,801629061,107087,801736148,9,0,0,40960,9,3699273060
5079,801640078,98269,801738347,4,0,0,7168,4,8903516531
5080,801676159,177895,801854054,9,0,0,16896,9,2937385729
5081,801706692,6278,801712970,4,0,1,6656,4,7776035539
5082,802040212,45596,802085808,6,0,0,1024,6,10105188707
5083,802065966,100256,802166222,3,0,0,29184,3,6622614229
5084,802124068,62828,802186896,0,0,0,7168,0,329603252
5085,802202834,67592,802270426,8,0,0,7680,8,9354532413
5086,802211573,99944,802311517,0,0,0,28160,0,7791888398
5087,802254865,92840,802347705,8,0,0,19968,8,6892422515
5088,802384715,89768,802474483,0,0,0,19968,0,9353760240
5089,802444850,10241,802455091,0,0,1,16384,0,6763323342
5090,802460474,6488,802466962,9,0,1,15872,9,7849463889
5091,802463458,114369,802577827,8,0,0,33280,8,8574448339
5092,802475297,68624,802543921,3,0,0,1536,3,5582786641
5093,802484338,117639,802601977,2,0,0,512,2,3234173687
5094,802494592,101857,802596449,8,0,0,13312,8,4624302070
5095,802592431,78370,802670801,3,0,0,9728,3,2885867078
5096,802636592,102165,802738757,6,0,0,8704,6,491436067
5097,802684460,57440,802741900,0,0,0,4608,0,7548069711
5098,802756144,69284,802825428,9,0,0,8192,9,2161121135
5099,802873749,83600,802957349,3,0,0,14848,3,3227732359
5100,802909159,103844,803013003,9,0,0,40960,9,1548841706
5101,802973317,6229,802979546,7,0,1,15360,7,2115571224
5102,803080185,2470,803082655,0,0,1,2560,0,5284753683
5103,803101620,99164,803200784,7,0,0,25600,7,4883482066
5104,803104279,134325,803238604,0,0,0,38400,0,2058575977
5105,803260863,58688,803319551,5,0,0,8704,5,5784382997
5106,803293124,15062,803308186,2,0,1,29184,2,9435933230
5107,803319834,175499,803495333,5,0,0,10240,5,65380966
5108,803343237,227414,803570651,0,0,0,14336,0,2266702699
5109,803408691,98696,803507387,0,0,0,24064,0,5752174293
5110,803422792,95269,803518061,4,0,0,9216,4,2678150768
5111,803431845,65375,803497220,5,0,0,6144,5,8332204195
5112,803502962,53865,803556827,8,0,0,3584,8,6406001370
5113,803538343,6278,803544621,6,0,1,6656,6,10428262477
5114,803571938,108524,803680462,5,0,0,56320,5,2238705867
5115,803628603,6229,803634832,5,0,1,15360,5,7099335837
5116,803696498,77768,803774266,7,0,0,15872,7,8529960424
5117,803735520,183471,803918991,0,0,0,58880,0,2972422740
5118,803803385,1518,803804903,3,0,1,1536,3,807904517
5119,803867985,75372,803943357,3,0,0,6656,3,9317969068
5120,803967260,1994,803969254,4,0,1,2048,4,1254504668
5121,803981864,50672,804032536,7,0,0,2560,7,2553403050
5122,803983234,566,803983800,7,0,1,512,7,4976469863
5123,804175024,6754,804181778,0,0,1,7168,0,1778568591
5124,804184522,3422,804187944,5,0,1,3584,5,4694995592
5125,804189615,59756,804249371,4,0,0,7168,4,803156822
5126,804293957,106964,804400921,3,0,0,51200,3,4325610014
5127,804305314,566,804305880,3,0,1,512,3,8923269674
5128,804305805,4850,804310655,5,0,1,5120,5,5051950984
5129,804463032,47288,804510320,8,0,0,1536,8,9271981072
5130,804484619,77900,804562519,6,0,0,11264,6,3039204766
5131,804563422,47288,804610710,0,0,0,1536,0,5317620492
5132,804565631,4937,804570568,2,0,1,12800,2,1838630052
5133,804658960,102656,804761616,8,0,0,16896,8,2432358881
5134,804659980,165128,804825108,3,0,0,94208,3,7231465858
5135,804679914,174192,804854106,1,0,0,47104,1,6157003246
5136,804809675,115213,804924888,9,0,0,27648,9,537991690
5137,804847628,160852,805008480,0,0,0,52736,0,10309868995
5138,804964727,6229,804970956,0,0,1,15360,0,639637520
5139,804984477,43904,805028381,6,0,0,512,6,2938145743
5140,805076508,54056,805130564,8,0,0,3584,8,7436847398
5141,805078942,111850,805190792,4,0,0,39936,4,3356388858
5142,805109215,3898,805113113,3,0,1,4096,3,270264239
5143,805130527,62004,805192531,0,0,0,5632,0,10638500748
5144,805146777,74153,805220930,6,0,0,6656,6,4949219368
5145,805185721,50659,805236380,5,0,0,1024,5,2535930886
5146,805311882,101972,805413854,7,0,0,34816,7,597662231
5147,805316130,52364,805368494,3,0,0,3072,3,7487160743
5148,805453067,164474,805617541,4,0,0,57344,4,3623259493
5149,805473467,101474,805574941,7,0,0,13312,7,3142467209
5150,805535925,57440,805593365,2,0,0,4608,2,1178088809
5151,805564076,187940,805752016,5,0,0,155648,5,5640466318
5152,805646987,106760,805753747,2,0,0,5632,2,9970897659
5153,805655777,109250,805765027,2,0,0,8704,2,2535347840
5154,805766059,4420,805770479,4,0,1,11776,4,10185074057
5155,805820208,94820,805915028,7,0,0,16384,7,6351545500
5156,805901197,98228,805999425,2,0,0,22528,2,6382678932
5157,805952621,88650,806041271,6,0,0,17920,6,3605269046
5158,805968643,101180,806069823,2,0,0,25600,2,7972139669
5159,805973973,103353,806077326,7,0,0,24576,7,7475924830
5160,806071491,114195,806185686,0,0,0,55808,0,5692541055
5161,806084211,108213,806192424,5,0,0,6144,5,8234115987
5162,806092367,98170,806190537,0,0,0,15872,0,1900293098
5163,806142857,5454,806148311,9,0,1,13824,9,6707022960
5164,806157253,88830,806246083,4,0,0,3584,4,5663438164
5165,806193631,6754,806200385,3,0,1,7168,3,5843854998
5166,806215742,103064,806318806,8,0,0,38400,8,1231060719
5167,806228629,566,806229195,2,0,1,512,2,669221321
5168,806352462,92552,806445014,4,0,0,24064,4,3302318700
5169,806394404,74222,806468626,4,0,0,20480,4,7128887102
5170,806420954,1042,806421996,8,0,1,1024,8,6247849404
5171,806436923,8106,806445029,5,0,1,5632,5,7168420457
5172,806456717,2946,806459663,1,0,1,3072,1,9234475900
5173,806487535,214000,806701535,9,0,0,17920,9,9924094601
5174,806496762,1994,806498756,1,0,1,2048,1,6192022630
5175,806505947,97292,806603239,8,0,0,19456,8,6645364058
5176,806559825,176951,806736776,2,0,0,89088,2,8726230837
5177,806593022,147045,806740067,4,0,0,10752,4,10399212906
5178,806680801,59593,806740394,2,0,0,1024,2,1244618100
5179,806704242,79436,806783678,8,0,0,11264,8,10575222725
5180,806761078,73760,806834838,1,0,0,12800,1,1989274958
5181,806944020,44060,806988080,6,0,0,1024,6,2544082878
5182,806963436,87746,807051182,2,0,0,20480,2,5220080806
5183,806998519,53614,807052133,2,0,0,3072,2,3734320892
5184,807134350,118196,807252546,7,0,0,88064,7,8986411211
5185,807160424,3645,807164069,1,0,1,10240,1,3489179047
5186,807247712,96418,807344130,4,0,0,15872,4,1107978211
5187,807270935,91861,807362796,9,0,0,25600,9,4875836709
5188,807376563,3387,807379950,1,0,1,9728,1,4469144621
5189,807452705,79436,807532141,5,0,0,11264,5,3724380805
5190,807573995,48980,807622975,2,0,0,2048,2,2981016377
5191,807610703,52364,807663067,4,0,0,3072,4,6723477007
5192,807626582,3645,807630227,7,0,1,10240,7,1580216785
5193,807664731,86564,807751295,6,0,0,24576,6,3401337415
5194,807698077,5326,807703403,1,0,1,5632,1,23220335
5195,807714572,2470,807717042,0,0,1,2560,0,246435642
5196,807770939,2470,807773409,5,0,1,2560,5,5229880454
5197,807800995,84224,807885219,9,0,0,16896,9,4078167974
5198,807867528,66543,807934071,4,0,0,3584,4,9203756256
5199,807947351,76052,808023403,3,0,0,10240,3,6205063881
5200,807963380,4374,807967754,9,0,1,4608,9,5183480645
5201,808021262,105509,808126771,9,0,0,39424,9,5479192563
5202,808030063,59444,808089507,7,0,0,6144,7,9322642258
5203,808040544,6229,808046773,0,0,1,15360,0,4395012998
5204,808085253,12566,808097819,1,0,1,20992,1,3482789424
5205,808106515,104312,808210827,6,0,0,42496,6,5308499953
5206,808111276,64832,808176108,9,0,0,8704,9,30022547
5207,808164216,1994,808166210,8,0,1,2048,8,10051861254
5208,808236042,199994,808436036,6,0,0,15360,6,4915914557
5209,808411283,48980,808460263,4,0,0,2048,4,2798580311
5210,808438840,112580,808551420,9,0,0,69632,9,8580028248
5211,808650536,118434,808768970,4,0,0,14336,4,9257147796
5212,808657311,10499,808667810,7,0,1,16896,7,8975979165
5213,808665810,245046,808910856,3,0,0,29696,3,8176093836
5214,808668666,1518,808670184,5,0,1,1536,5,671449901
5215,808815196,116072,808931268,3,0,0,5632,3,2592484977
5216,808818413,133111,808951524,7,0,0,22016,7,3058567587
5217,808821292,104156,808925448,4,0,0,41984,4,4085258290
5218,809022849,55748,809078597,2,0,0,4096,2,3855363652
5219,809035449,1994,809037443,8,0,1,2048,8,937874594
5220,809114320,120536,809234856,7,0,0,95744,7,3742920400
5221,809123585,123166,809246751,9,0,0,38912,9,1826609541
5222,809149010,138280,809287290,2,0,0,34816,2,2615945733
5223,809208815,79738,809288553,9,0,0,4096,9,92544218
5224,809212919,155455,809368374,6,0,0,41472,6,4731141793
5225,809215927,161666,809377593,6,0,0,30208,6,7730091255
5226,809353335,96980,809450315,6,0,0,18432,6,8821034489
5227,809372303,12512,809384815,7,0,1,7680,7,633876729
5228,809440196,54056,809494252,4,0,0,3584,4,7564043506
5229,809481504,92996,809574500,6,0,0,20480,6,10585878078
5230,809591641,55748,809647389,5,0,0,4096,5,9392773700
5231,809660277,86540,809746817,6,0,0,19456,6,6390282308
5232,809673772,52364,809726136,7,0,0,3072,7,4911336942
5233,809690310,112505,809802815,7,0,0,30720,7,5191004902
5234,809781783,566,809782349,7,0,1,512,7,7165512598
5235,809895567,6278,809901845,7,0,1,6656,7,4258824942
5236,809960684,98228,810058912,5,0,0,22528,5,9811239219
5237,810009923,3387,810013310,9,0,1,9728,9,6454822861
5238,810012786,98534,810111320,8,0,0,23040,8,10010904340
5239,810027284,102908,810130192,8,0,0,37888,8,7498506314
5240,810078170,4850,810083020,7,0,1,5120,7,10580716059
5241,810099462,11873,810111335,9,0,1,5120,9,5491343786
5242,810129775,25855,810155630,4,0,1,46080,4,3537136853
5243,810139808,169325,810309133,4,0,0,78848,4,1856400127
5244,810158667,11791,810170458,3,0,1,19456,3,56326539
5245,810167644,107759,810275403,9,0,0,2048,9,2430006446
5246,810273715,149563,810423278,6,0,0,25600,6,9079949317
5247,810285968,87989,810373957,9,0,0,8704,9,3537079378
5248,810331794,108641,810440435,3,0,0,17920,3,6731894769
5249,810416629,107365,810523994,8,0,0,30720,8,6684241549
5250,810450341,4420,810454761,2,0,1,11776,2,2457338749
5251,810510003,103532,810613535,8,0,0,39936,8,4625624617
5252,810567369,99842,810667211,6,0,0,7168,6,8806707180
5253,810718402,120380,810838782,2,0,0,95232,2,5497825777
5254,810744777,111147,810855924,3,0,0,9216,3,7403603663
5255,810778759,91619,810870378,3,0,0,5120,3,6559012745
5256,810856175,3645,810859820,0,0,1,10240,0,2704750675
5257,810888210,141028,811029238,2,0,0,104960,2,2962644727
5258,810905894,65900,810971794,6,0,0,7168,6,8522398924
5259,810919596,61858,810981454,0,0,0,3584,0,7820183763
5260,810986735,104936,811091671,8,0,0,44544,8,1933677301
5261,810988202,104108,811092310,3,0,0,2048,3,3277261366
5262,811274752,71156,811345908,5,0,0,14336,5,1329003540
5263,811294824,13770,811308594,1,0,1,26624,1,1254593556
5264,811341286,87131,811428417,4,0,0,4608,4,7712814132
5265,811349851,1518,811351369,4,0,1,1536,4,5205240390
5266,811374463,157362,811531825,7,0,0,10752,7,3898239253
5267,811416940,50672,811467612,7,0,0,2560,7,8090521995
5268,811462510,131611,811594121,2,0,0,43008,2,10420501840
5269,811473921,95385,811569306,8,0,0,15360,8,10641755803
5270,811504268,128787,811633055,4,0,0,18432,4,7031900202
5271,811505972,140860,811646832,6,0,0,31744,6,9713681562
5272,811507957,198563,811706520,0,0,0,3584,0,10130341813
5273,811544861,64208,811609069,4,0,0,6656,4,7307468000
5274,811561190,143355,811704545,8,0,0,25088,8,9661432109
5275,811563321,120693,811684014,8,0,0,26624,8,6567519665
5276,811691988,12572,811704560,7,0,1,13824,7,3720874997
5277,811730915,3904,811734819,8,0,1,10752,8,2084968017
5278,811736725,66471,811803196,7,0,0,1024,7,1681025312
5279,811743762,105526,811849288,6,0,0,36352,6,9219927693
5280,811785880,1042,811786922,7,0,1,1024,7,6102824022
5281,811803497,196320,811999817,7,0,0,36864,7,4638535165
5282,811805913,104312,811910225,3,0,0,42496,3,7054322934
5283,811854165,4937,811859102,5,0,1,12800,5,5433081408
5284,811872184,55748,811927932,6,0,0,4096,6,1196678325
5285,811910476,113229,812023705,9,0,0,6656,9,9270917455
5286,812018372,7706,812026078,2,0,1,8192,2,8628857983
5287,812026389,7230,812033619,4,0,1,7680,4,9395589385
5288,812080480,103420,812183900,8,0,0,19968,8,6867083506
5289,812115780,100670,812216450,4,0,0,9728,4,4750531573
5290,812165222,62516,812227738,0,0,0,6144,0,3746986888
5291,812186123,566,812186689,7,0,1,512,7,6368813897
5292,812232529,101348,812333877,5,0,0,32768,5,3702262835
5293,812250856,85220,812336076,0,0,0,7168,0,1755536746
5294,812261997,20624,812282621,4,0,1,33280,4,138861435
5295,812263325,118282,812381607,0,0,0,16896,0,9690639432
5296,812416061,81128,812497189,5,0,0,11776,5,7418605666
5297,812430793,79928,812510721,8,0,0,17920,8,2699204369
5298,812433718,80294,812514012,7,0,0,10752,7,9962290148
5299,812467092,167984,812635076,6,0,0,6656,6,1998963840
5300,812474040,23164,812497204,2,0,1,37888,2,7563967391
5301,812477187,155846,812633033,2,0,0,56832,2,8039040328
5302,812513485,173432,812686917,0,0,0,16384,0,4826657411
5303,812521706,221761,812743467,7,0,0,14336,7,10361006521
5304,812533470,161069,812694539,0,0,0,12800,0,5393630992
5305,812571772,82181,812653953,8,0,0,4608,8,10298011588
5306,812621344,19543,812640887,8,0,1,6144,8,6201662422
5307,812633177,158603,812791780,0,0,0,93696,0,293581547
5308,812639351,3387,812642738,3,0,1,9728,3,10417459784
5309,812647245,147054,812794299,6,0,0,8192,6,8869878033
5310,812672206,1518,812673724,7,0,1,1536,7,5100833961
5311,812748281,66281,812814562,9,0,0,5632,9,9946160371
5312,812759617,96692,812856309,3,0,0,22528,3,8803705583
5313,812765100,144855,812909955,6,0,0,56320,6,5936585743
5314,812814222,129838,812944060,5,0,0,6144,5,959692722
5315,812948778,1042,812949820,2,0,1,1024,2,7045304051
5316,812971139,109616,813080755,7,0,0,59904,7,5604416496
5317,812989768,1042,812990810,7,0,1,1024,7,6299264683
5318,813009699,5802,813015501,1,0,1,6144,1,4294981975
5319,813045271,180624,813225895,7,0,0,140800,7,5350208161
5320,813176166,65900,813242066,4,0,0,7168,4,10022126757
5321,813201958,30207,813232165,5,0,1,6656,5,6794453600
5322,813244516,276694,813521210,4,0,0,196096,4,2930166802
5323,813260987,3128,813264115,2,0,1,9216,2,6786533852
5324,813294064,3128,813297192,9,0,1,9216,9,6230451840
5325,813323801,1518,813325319,8,0,1,1536,8,9974373086
5326,813337749,1518,813339267,8,0,1,1536,8,7144036825
5327,813358736,7706,813366442,8,0,1,8192,8,9015181202
5328,813389705,138540,813528245,2,0,0,23040,2,1187694107
5329,813418313,150273,813568586,3,0,0,31744,3,632805469
5330,813454343,97743,813552086,8,0,0,17920,8,1743479556
5331,813627455,3422,813630877,9,0,1,3584,9,8071850359
5332,813634174,78468,813712642,1,0,0,9216,1,10339754202
5333,813641510,77300,813718810,9,0,0,14336,9,1417623980
5334,813673635,119293,813792928,9,0,0,24576,9,7291613338
5335,813695427,51387,813746814,7,0,0,2048,7,3939840199
5336,813710641,109269,813819910,7,0,0,6144,7,442858936
5337,813768089,101405,813869494,0,0,0,32768,0,984041339
5338,813875407,92216,813967623,1,0,0,17920,1,5859352376
5339,813911217,80552,813991769,7,0,0,19968,7,3815264394
5340,814066576,111488,814178064,2,0,0,66048,2,9427632218
5341,814120198,117344,814237542,0,0,0,33280,0,9398516059
5342,814206120,168680,814374800,7,0,0,142848,7,1778911978
5343,814281245,96082,814377327,3,0,0,8192,3,6610197153
5344,814350547,76609,814427156,9,0,0,3072,9,2767961077
5345,814359677,74272,814433949,9,0,0,5120,9,1629125334
5346,814427245,52376,814479621,7,0,0,1536,7,8952168119
5347,814461158,3422,814464580,7,0,1,3584,7,3938293780
5348,814508463,121940,814630403,9,0,0,100352,9,5370287742
5349,814548287,133597,814681884,1,0,0,13824,1,4831569747
5350,814582143,3422,814585565,3,0,1,3584,3,7727176309
5351,814613312,18618,814631930,7,0,1,1536,7,8928063433
5352,814626679,9527,814636206,7,0,1,5632,7,7017145778
5353,814754414,89744,814844158,7,0,0,14848,7,9827325312
5354,814812434,93194,814905628,5,0,0,13824,5,5591535235
5355,814873053,113100,814986153,5,0,0,70656,5,707626437
5356,814907613,95416,815003029,3,0,0,8704,3,947077080
5357,814914651,1518,814916169,2,0,1,1536,2,3599853641
5358,814941770,207204,815148974,4,0,0,40960,4,3656575456
5359,814953326,74360,815027686,8,0,0,9728,8,2757134700
5360,814954265,3898,814958163,1,0,1,4096,1,2842444329
5361,815035738,77768,815113506,0,0,0,15872,0,10173658567
5362,815058734,98687,815157421,9,0,0,27648,9,2704165730
5363,815142531,17977,815160508,3,0,1,9216,3,2255379701
5364,815149968,81229,815231197,3,0,0,8704,3,199167810
5365,815218797,77768,815296565,8,0,0,15872,8,2800259947
5366,815244373,2946,815247319,9,0,1,3072,9,728515230
5367,815315757,91172,815406929,5,0,0,24576,5,4280502691
5368,815522006,111393,815633399,8,0,0,29696,8,10304208144
5369,815532987,51355,815584342,8,0,0,512,8,3695923727
5370,815549815,99922,815649737,4,0,0,1536,4,7347815480
5371,815645715,105248,815750963,8,0,0,45568,8,6593224516
5372,815696585,4679,815701264,3,0,1,12288,3,5590330265
5373,815814835,89456,815904291,0,0,0,18944,0,4296454691
5374,815838830,141631,815980461,2,0,0,40960,2,4430975245
5375,815865061,566,815865627,5,0,1,512,5,10523347823
5376,815909376,90603,815999979,6,0,0,3072,6,1328640848
5377,815927381,4374,815931755,1,0,1,4608,1,5365643386
5378,816012677,71600,816084277,9,0,0,10752,9,7259116185
5379,816137777,93596,816231373,5,0,0,17408,5,7930912511
5380,816211996,103064,816315060,0,0,0,38400,0,8500303345
5381,816363717,67148,816430865,6,0,0,11264,6,5994923887
5382,816441345,1518,816442863,8,0,1,1536,8,6272768789
5383,816561883,77744,816639627,5,0,0,10752,5,4910539497
5384,816589973,566,816590539,3,0,1,512,3,4811047060
5385,816780962,103688,816884650,7,0,0,40448,7,5882027038
5386,816878880,49666,816928546,9,0,0,512,9,9644400122
5387,816885389,71132,816956521,8,0,0,9216,8,6490765996
5388,816922152,111020,817033172,5,0,0,64512,5,580595688
5389,816940727,3904,816944631,9,0,1,10752,9,3324133440
5390,816967188,84824,817052012,4,0,0,13824,4,7685309572
5391,816971591,2870,816974461,2,0,1,8704,2,616539364
5392,816978970,3128,816982098,1,0,1,9216,1,10339016925
5393,816989100,137810,817126910,0,0,0,26624,0,2168367884
5394,817066969,103376,817170345,8,0,0,39424,8,6310095048
5395,817211384,108992,817320376,1,0,0,57856,1,9783781602
5396,817279690,68598,817348288,4,0,0,1024,4,3461079010
5397,817283777,43904,817327681,8,0,0,512,8,10329025118
5398,817325805,101348,817427153,4,0,0,32768,4,6397680929
5399,817333789,57440,817391229,6,0,0,4608,6,6751361223
5400,817381973,52364,817434337,4,0,0,3072,4,3500232568
5401,817483374,99944,817583318,4,0,0,28160,4,5533503047
5402,817484621,101364,817585985,5,0,0,8704,5,5323341648
5403,817521026,1042,817522068,2,0,1,1024,2,10616199504
5404,817526319,101192,817627511,1,0,0,32256,1,3555988163
5405,817723979,566,817724545,7,0,1,512,7,6887296426
5406,817724791,70533,817795324,4,0,0,8192,4,83602597
5407,817773782,50677,817824459,4,0,0,2560,4,3694007779
5408,817796616,45596,817842212,4,0,0,1024,4,8392865669
5409,817804811,117191,817922002,0,0,0,23040,0,9953647835
5410,817817435,6229,817823664,4,0,1,15360,4,1137159744
5411,817821164,4446,817825610,9,0,1,3072,9,6914767760
5412,817824504,6488,817830992,1,0,1,15872,1,1257136440
5413,817845515,2470,817847985,2,0,1,2560,2,1969218008
5414,817850096,218695,818068791,1,0,0,19968,1,9563502164
5415,817904358,214974,818119332,4,0,0,8192,4,2331295060
5416,817926783,54056,817980839,5,0,0,3584,5,5053235951
5417,817941269,4420,817945689,3,0,1,11776,3,5810457754
5418,817961812,100880,818062692,3,0,0,31232,3,3535448349
5419,818039943,1518,818041461,8,0,1,1536,8,3217415481
5420,818060013,12668,818072681,0,0,1,4096,0,938942089
5421,818069809,112087,818181896,4,0,0,56832,4,10696009117
5422,818099100,16096,818115196,4,0,1,31232,4,751888787
5423,818145143,70053,818215196,4,0,0,2560,4,9170260221
5424,818158276,241083,818399359,4,0,0,61952,4,1648601463
5425,818178516,141968,818320484,0,0,0,50688,0,8998968493
5426,818271368,59058,818330426,7,0,0,1536,7,5937591258
5427,818279219,87632,818366851,5,0,0,23040,5,3554645483
5428,818284638,136381,818421019,0,0,0,14848,0,8842463073
5429,818354352,68866,818423218,1,0,0,7168,1,5809731986
5430,818383214,71885,818455099,6,0,0,4096,6,4661751186
5431,818407534,70976,818478510,7,0,0,8704,7,980088591
5432,818510931,106184,818617115,6,0,0,48640,6,2204007477
5433,818538988,6488,818545476,1,0,1,15872,1,9848555488
5434,818624272,55748,818680020,0,0,0,4096,0,6429330855
5435,818626652,114796,818741448,9,0,0,70144,9,3236679133
5436,818682386,2946,818685332,9,0,1,3072,9,5110575319
5437,818682994,3964,818686958,7,0,1,2560,7,689901845
5438,818687630,91796,818779426,9,0,0,18944,9,9033993797
5439,818691847,103491,818795338,4,0,0,13312,4,6178987874
5440,818846273,89300,818935573,2,0,0,18432,2,7651666050
5441,818859210,566,818859776,2,0,1,512,2,934774602
5442,818901273,59912,818961185,4,0,0,7680,4,4571593300
5443,818946055,59288,819005343,0,0,0,5632,0,4387278708
5444,819066033,43904,819109937,7,0,0,512,7,3566480876
5445,819105481,4471,819109952,5,0,1,4608,5,8520676026
5446,819113763,102284,819216047,8,0,0,35840,8,7419395382
5447,819253034,4374,819257408,5,0,1,4608,5,9808930917
5448,819328293,116324,819444617,6,0,0,81920,6,5923215136
5449,819395736,124949,819520685,5,0,0,41984,5,4559061592
5450,819422097,178543,819600640,9,0,0,7680,9,1672275041
5451,819446459,121152,819567611,0,0,0,18432,0,9864805292
5452,819449910,163693,819613603,7,0,0,42496,7,4869068803
5453,819491576,91640,819583216,5,0,0,26112,5,4373711715
5454,819514442,103395,819617837,9,0,0,10752,9,1166491850
5455,819541966,2470,819544436,2,0,1,2560,2,6441226824
5456,819575382,18842,819594224,2,0,1,17920,2,8354022409
5457,819639133,97448,819736581,6,0,0,19968,6,712119679
5458,819802203,91904,819894107,7,0,0,16896,7,10086488830
5459,819850414,48980,819899394,5,0,0,2048,5,7924482150
5460,819853902,102908,819956810,2,0,0,37888,2,7982391598
5461,819905509,101660,820007169,4,0,0,33792,4,8002178413
5462,819913881,74787,819988668,2,0,0,1536,2,1555834493
5463,819944181,113862,820058043,9,0,0,33280,9,6746304296
5464,820006955,98122,820105077,9,0,0,21504,9,10478988634
5465,820068465,13341,820081806,1,0,1,22528,1,6125197366
5466,820084735,3898,820088633,4,0,1,4096,4,6319736082
5467,820092247,106097,820198344,2,0,0,42496,2,3924272329
5468,820214327,86204,820300531,4,0,0,13312,4,8848494977
5469,820234225,2946,820237171,8,0,1,3072,8,8763689932
5470,820307685,1042,820308727,7,0,1,1024,7,6911024495
5471,820318671,74360,820393031,5,0,0,9728,5,9303043174
5472,820412877,1518,820414395,1,0,1,1536,1,9875185465
5473,820488815,6278,820495093,1,0,1,6656,1,8313647753
5474,820500426,77434,820577860,7,0,0,9728,7,4440752369
5475,820644378,97916,820742294,9,0,0,21504,9,9009890166
5476,820806811,48980,820855791,2,0,0,2048,2,977209782
5477,820809332,65900,820875232,6,0,0,7168,6,6074977344
5478,820860059,12049,820872108,1,0,1,19968,1,4170401592
5479,820879695,91609,820971304,2,0,0,13824,2,9245923414
5480,820921259,87140,821008399,5,0,0,16384,5,6624267811
5481,820992462,113360,821105822,2,0,0,72192,2,961432752
5482,821037133,15579,821052712,4,0,1,30208,4,4707670450
5483,821072373,90080,821162453,5,0,0,20992,5,9371397966
5484,821074566,52832,821127398,4,0,0,4608,4,7668815930
5485,821103491,4793,821108284,5,0,1,2560,5,799316958
5486,821177557,67592,821245149,8,0,0,7680,8,4753118502
5487,821205430,124625,821330055,7,0,0,58368,7,7582600713
5488,821248996,133952,821382948,6,0,0,54784,6,9602854709
5489,821254705,158063,821412768,2,0,0,10240,2,3072897803
5490,821324709,91038,821415747,1,0,0,9728,1,1408016068
5491,821452281,48980,821501261,4,0,0,2048,4,3508858946
5492,821457645,76544,821534189,4,0,0,16896,4,2805660428
5493,821508395,72668,821581063,5,0,0,9216,5,9441609698
5494,821530511,105798,821636309,6,0,0,35328,6,6117724163
5495,821611233,1994,821613227,3,0,1,2048,3,2937464011
5496,821702063,80216,821782279,9,0,0,13824,9,6786037880
5497,821724259,4162,821728421,2,0,1,11264,2,8271650785
5498,821730880,126921,821857801,6,0,0,28672,6,6314725013
5499,821783985,63598,821847583,6,0,0,4096,6,9153888477
5500,821826644,132087,821958731,4,0,0,6144,4,8594996192
5501,821850405,177102,822027507,4,0,0,14848,4,2143943719
5502,821894755,102284,821997039,8,0,0,35840,8,6053621498
5503,821994378,73185,822067563,8,0,0,12288,8,6806234773
5504,822050278,83912,822134190,0,0,0,15872,0,1808769625
5505,822065178,13651,822078829,7,0,1,18432,7,10241920638
5506,822079008,244792,822323800,0,0,0,47104,0,3463755334
5507,822094140,135348,822229488,5,0,0,55296,5,3705881623
5508,822202341,130645,822332986,1,0,0,512,1,4509036436
5509,822242207,109079,822351286,4,0,0,5632,4,5005445615
5510,822259673,66170,822325843,1,0,0,6656,1,2916047419
5511,822285547,122988,822408535,7,0,0,37888,7,4095153817
5512,822288731,60824,822349555,4,0,0,5632,4,3307374793
5513,822328645,145083,822473728,7,0,0,11776,7,2447933461
5514,822338498,113360,822451858,1,0,0,72192,1,1267424779
5515,822360076,3898,822363974,3,0,1,4096,3,2836838937
5516,822416097,85777,822501874,6,0,0,12288,6,9340517283
5517,822445902,84004,822529906,8,0,0,11776,8,775574987
5518,822485438,133250,822618688,4,0,0,70144,4,6062670604
5519,822493451,141788,822635239,9,0,0,54272,9,7427176077
5520,822511641,566,822512207,2,0,1,512,2,1718849558
5521,822541364,3422,822544786,2,0,1,3584,2,416423993
5522,822569993,98990,822668983,4,0,0,16896,4,8745005971
5523,822635042,57629,822692671,6,0,0,4608,6,1664811105
5524,822759247,102596,822861843,7,0,0,36864,7,282298579
5525,822762425,106222,822868647,9,0,0,13824,9,8428846026
5526,822799873,101792,822901665,6,0,0,5120,6,10592626655
5527,822803459,566,822804025,8,0,1,512,8,9145262329
5528,822854031,120565,822974596,7,0,0,70144,7,360277286
5529,822854123,121744,822975867,2,0,0,4096,2,10714263852
5530,822889241,12439,822901680,1,0,1,17920,1,6788557042
5531,822941048,83870,823024918,0,0,0,11264,0,8401198936
5532,822955094,142718,823097812,0,0,0,22528,0,9404714585
5533,823039718,60620,823100338,3,0,0,8192,3,8751289110
5534,823061955,101179,823163134,1,0,0,7168,1,7492626408
5535,823084830,12997,823097827,7,0,1,6656,7,1243140044
5536,823123981,3422,823127403,5,0,1,3584,5,6255201087
5537,823140222,98696,823238918,8,0,0,24064,8,10032743158
5538,823177545,1994,823179539,8,0,1,2048,8,5807201503
5539,823245784,50672,823296456,9,0,0,2560,9,7158157748
5540,823246068,2470,823248538,7,0,1,2560,7,1330792099
5541,823305117,87296,823392413,6,0,0,16896,6,9402375061
5542,823400358,67904,823468262,8,0,0,8704,8,7892327054
5543,823412756,4374,823417130,5,0,1,4608,5,4375336688
5544,823416831,1042,823417873,1,0,1,1024,1,1462119514
5545,823730853,106340,823837193,9,0,0,49152,9,989919304
5546,823778986,134916,823913902,1,0,0,32768,1,999626962
5547,823782294,133183,823915477,0,0,0,5120,0,7947390247
5548,823782829,75057,823857886,8,0,0,10240,8,2841319134
5549,823803680,163964,823967644,5,0,0,21504,5,7066732234
5550,823804799,95106,823899905,1,0,0,10752,1,8304469286
5551,823829670,8081,823837751,1,0,1,512,1,3017502187
5552,823898529,4790,823903319,3,0,1,3584,3,7245046874
5553,823974666,3422,823978088,7,0,1,3584,7,7277924509
5554,824001429,4374,824005803,2,0,1,4608,2,10318565929
5555,824060550,82693,824143243,5,0,0,6656,5,400216117
5556,824082107,135875,824217982,6,0,0,37376,6,3549179377
5557,824128665,50672,824179337,4,0,0,2560,4,8313583813
5558,824187181,62516,824249697,6,0,0,6144,6,6970355366
5559,824217121,1419,824218540,1,0,1,512,1,4916570155
5560,824224222,1994,824226216,2,0,1,2048,2,7458512377
5561,824224811,65984,824290795,4,0,0,7168,4,4330137356
5562,824227634,2470,824230104,9,0,1,2560,9,5730188172
5563,824325999,107134,824433133,7,0,0,17920,7,8314845828
5564,824328194,115108,824443302,4,0,1,187392,4,1023605589
5565,824336377,107591,824443968,7,0,1,1024,7,3342497438
5566,824364416,161411,824525827,8,0,0,24064,8,9938175457
5567,824421707,186543,824608250,1,0,0,5632,1,1810148397
5568,824461119,175140,824636259,8,0,0,59904,8,8870527579
5569,824467793,5196,824472989,1,0,1,13312,1,1531504483
5570,824502540,78392,824580932,6,0,0,17920,6,9143200301
5571,824527722,13858,824541580,8,0,1,23552,8,7622607302
5572,824632143,173529,824805672,9,0,0,69120,9,4749967727
5573,824647388,104899,824752287,7,0,0,20480,7,5856578514
5574,824681572,57440,824739012,0,0,0,4608,0,1368534379
5575,824718356,159740,824878096,1,0,0,56832,1,1361014232
5576,824745662,6640,824752302,7,0,1,1024,7,4095836884
5577,824785474,222988,825008462,2,0,0,19456,2,4049955434
5578,824806901,4937,824811838,7,0,1,12800,7,548227189
5579,824880031,6754,824886785,8,0,1,7168,8,700574366
5580,824934176,126090,825060266,8,0,0,28160,8,2223058551
5581,824952688,566,824953254,3,0,1,512,3,2937972355
5582,824960564,48069,825008633,0,0,0,512,0,7422265634
5583,825067036,60824,825127860,1,0,0,5632,1,7744754122
5584,825100335,99788,825200123,5,0,0,27648,5,10566393688
5585,825112370,96874,825209244,8,0,0,18432,8,4124263079
5586,825256274,92016,825348290,4,0,1,148992,4,240636010
5587,825311748,37720,825349468,1,0,1,13824,1,6628466876
5588,825426210,99632,825525842,5,0,0,27136,5,8948599482
5589,825442074,2946,825445020,2,0,1,3072,2,9014621688
5590,825465739,74384,825540123,1,0,0,14848,1,1432491150
5591,825488028,5454,825493482,7,0,1,13824,7,99117391
5592,825496030,59227,825555257,7,0,0,1536,7,1058507897
5593,825566476,48980,825615456,6,0,0,2048,6,2421985450
5594,825582809,5712,825588521,3,0,1,14336,3,8463915753
5595,825645670,105560,825751230,9,0,0,46592,9,3323681007
5596,825758325,118040,825876365,0,0,0,87552,0,5015477789
5597,825808948,3898,825812846,2,0,1,4096,2,4228518131
5598,825869901,63896,825933797,2,0,0,4608,2,6485724478
5599,825915763,3898,825919661,7,0,1,4096,7,5757875766
5600,825985403,5196,825990599,8,0,1,13312,8,1398270961
5601,826042223,566,826042789,3,0,1,512,3,9974825228
5602,826095983,70064,826166047,4,0,0,10752,4,7146227928
5603,826132438,2470,826134908,5,0,1,2560,5,6772000693
5604,826157368,8694,826166062,1,0,1,7168,1,1957526619
5605,826213049,1518,826214567,1,0,1,1536,1,10068083965
5606,826238408,96668,826335076,6,0,0,17408,6,1526124416
5607,826263467,75056,826338523,1,0,0,11264,1,4960634923
5608,826325470,2946,826328416,9,0,1,3072,9,9745286536
5609,826343587,45596,826389183,1,0,0,1024,1,5031895691
5610,826375130,2946,826378076,7,0,1,3072,7,1269463841
5611,826493514,99944,826593458,4,0,0,28160,4,5415281943
5612,826526207,13770,826539977,7,0,1,26624,7,9145976249
5613,826544349,5971,826550320,3,0,1,14848,3,6879511287
5614,826566515,3904,826570419,1,0,1,10752,1,1938113265
5615,826603972,173708,826777680,9,0,0,4608,9,340698566
5616,826709060,1518,826710578,4,0,1,1536,4,6227663572
5617,826724958,99476,826824434,1,0,0,26624,1,1605868188
5618,826735281,1994,826737275,8,0,1,2048,8,1306457874
5619,826749654,109694,826859348,9,0,0,29184,9,6533546605
5620,826751573,178998,826930571,2,0,0,19456,2,4780000704
5621,826846968,99164,826946132,7,0,0,25600,7,381732378
5622,826880082,77363,826957445,0,0,0,10752,0,7332123863
5623,826890510,85292,826975802,9,0,0,15360,9,8131511127
5624,826903603,126736,827030339,1,0,0,22016,1,2257160117
5625,826941911,129894,827071805,5,0,0,46080,5,9548243667
5626,826943158,3557,826946715,3,0,1,512,3,7379791785
5627,826992998,2946,826995944,7,0,1,3072,7,3099575933
5628,827080377,1518,827081895,6,0,1,1536,6,2882074491
5629,827120595,104468,827225063,4,0,0,43008,4,467910114
5630,827237144,116066,827353210,9,0,0,47104,9,7915428490
5631,827242812,118318,827361130,7,0,0,5120,7,8819981846
5632,827247494,63140,827310634,1,0,0,8192,1,9624317528
5633,827519844,47756,827567600,2,0,0,3072,2,8611200537
5634,827527672,63140,827590812,4,0,0,8192,4,9561897048
5635,827609118,566,827609684,5,0,1,512,5,4694420119
5636,827742059,52364,827794423,9,0,0,3072,9,1943258010
5637,827752961,15579,827768540,4,0,1,30208,4,3817650908
5638,827865642,103376,827969018,7,0,0,39424,7,4032310519
5639,828100427,80084,828180511,0,0,0,18432,0,933019153
5640,828185129,69776,828254905,9,0,0,14848,9,8578796910
5641,828319861,107120,828426981,0,0,0,51712,0,7257991997
5642,828362539,97448,828459987,0,0,0,19968,0,127490332
5643,828408165,18839,828427004,8,0,1,19968,8,1379482181
5644,828412615,71750,828484365,6,0,0,3072,6,7678629166
5645,828436484,82064,828518548,6,0,0,14848,6,7658465495
5646,828463291,50007,828513298,8,0,0,1536,8,3759409356
5647,828478998,94330,828573328,8,0,0,20992,8,9640043975
5648,828498169,209379,828707548,6,0,0,40960,6,8218494026
5649,828518429,93443,828611872,2,0,0,26624,2,2409838179
5650,828594169,100724,828694893,9,0,0,30720,9,39991564
5651,828595100,3128,828598228,7,0,1,9216,7,9086988526
5652,828670912,92972,828763884,0,0,0,15360,0,2364563264
5653,828673755,21153,828694908,2,0,1,29696,2,1768085026
5654,828736278,173952,828910230,6,0,0,5120,6,7263492260
5655,828767348,63995,828831343,2,0,0,2560,2,9090577745
5656,828775241,3898,828779139,8,0,1,4096,8,10516226295
5657,828826369,92171,828918540,0,0,0,1024,0,9065610850
5658,828902075,81152,828983227,7,0,0,16896,7,6669082642
5659,828955268,1042,828956310,3,0,1,1024,3,4907592771
5660,828963603,2946,828966549,7,0,1,3072,7,5411734973
5661,829004520,97916,829102436,3,0,0,21504,3,7744472211
5662,829093498,12825,829106323,4,0,1,21504,4,4869959547
5663,829102823,102596,829205419,2,0,0,36864,2,219105781
5664,829129921,35312,829165233,4,0,1,61952,4,4289482512
5665,829148064,18795,829166859,1,0,1,2560,1,2706828420
5666,829192137,13305,829205442,3,0,1,22016,3,10616679643
5667,829202578,163138,829365716,6,0,0,65024,6,3971532856
5668,829208528,1042,829209570,8,0,1,1024,8,409416477
5669,829254671,207032,829461703,9,0,0,75264,9,1880438357
5670,829269324,124472,829393796,4,0,0,9216,4,8742929734
5671,829292483,118028,829410511,5,0,0,33280,5,6433253516
5672,829314477,6754,829321231,5,0,1,7168,5,4856879513
5673,829329425,103629,829433054,1,0,0,20992,1,10174709742
5674,829362081,7272,829369353,3,0,1,10240,3,1899459629
5675,829450829,197876,829648705,0,0,0,17920,0,3188417761
5676,829566858,106187,829673045,4,0,1,176640,4,2648564147
5677,829581523,205313,829786836,9,0,0,71680,9,6861707784
5678,829586413,238202,829824615,0,0,0,20992,0,3070866569
5679,829652889,184064,829836953,3,0,0,19456,3,3514645790
5680,829744400,50571,829794971,3,0,0,1536,3,10436958327
5681,829825448,14117,829839565,8,0,1,24064,8,481888633
5682,829856026,5971,829861997,3,0,1,14848,3,7369810964
5683,829860883,107747,829968630,1,0,0,8704,1,1677671905
5684,829876831,4937,829881768,5,0,1,12800,5,3935341031
5685,829918156,2870,829921026,7,0,1,8704,7,6105320455
5686,829974485,150953,830125438,1,0,0,21504,1,3620827880
5687,829981840,145797,830127637,5,0,0,7168,5,1896306620
5688,830018515,1994,830020509,5,0,1,2048,5,10735591267
5689,830054326,1994,830056320,5,0,1,2048,5,8106049540
5690,830092091,105149,830197240,5,0,0,40960,5,6698378610
5691,830194607,86693,830281300,1,0,0,16384,1,10142758339
5692,830299677,59912,830359589,0,0,0,7680,0,2243168698
5693,830304460,47288,830351748,6,0,0,1536,6,2122480539
5694,830362332,4374,830366706,4,0,1,4608,4,9109053242
5695,830365182,50975,830416157,7,0,0,2048,7,2181410593
5696,830379282,95132,830474414,5,0,0,17408,5,7027775834
5697,830396762,168643,830565405,9,0,0,22528,9,9544964880
5698,830442464,3387,830445851,2,0,1,9728,2,4389610345
5699,830535023,119948,830654971,1,0,0,6144,1,9419659928
5700,830598940,74852,830673792,7,0,0,16384,7,889757202
5701,830617754,61355,830679109,2,0,0,3584,2,10569676685
5702,830662785,104000,830766785,6,0,0,41472,6,9977438141
5703,830730450,99008,830829458,7,0,0,25088,7,6536831316
5704,830756601,91304,830847905,4,0,0,11776,4,2114891777
5705,830779067,64208,830843275,8,0,0,6656,8,10673666509
5706,830779438,108721,830888159,9,0,0,6656,9,8292754373
5707,830872346,3422,830875768,8,0,1,3584,8,3617790596
5708,830873853,6229,830880082,5,0,1,15360,5,9464312169
5709,830877718,116308,830994026,3,0,0,24064,3,9540261970
5710,830949039,64208,831013247,2,0,0,6656,2,957624129
5711,831234427,5454,831239881,4,0,1,13824,4,8372335603
5712,831303601,52676,831356277,4,0,0,4096,4,4425202488
5713,831339295,566,831339861,9,0,1,512,9,9483327550
5714,831353853,101504,831455357,6,0,0,33280,6,10671758412
5715,831402683,6488,831409171,7,0,1,15872,7,6816201894
5716,831435510,161270,831596780,6,0,0,4608,6,10646075908
5717,831444435,109772,831554207,1,0,0,60416,1,9070543048
5718,831472397,122964,831595361,6,0,0,17920,6,7415156496
5719,831628030,57440,831685470,4,0,0,4608,4,5726065642
5720,831642118,91022,831733140,3,0,0,8704,3,5769052128
5721,831906233,88795,831995028,3,0,0,20480,3,5361960265
5722,831917392,81239,831998631,0,0,0,11776,0,9584269341
5723,832232397,114296,832346693,2,0,0,75264,2,6217810840
5724,832307879,65900,832373779,3,0,0,7168,3,2944841671
5725,832393207,71132,832464339,1,0,0,9216,1,2949518318
5726,832401947,107276,832509223,5,0,0,52224,5,4486969352
5727,832412151,98179,832510330,5,0,0,3584,5,8397825107
5728,832421876,55748,832477624,7,0,0,4096,7,9026291145
5729,832656284,6754,832663038,7,0,1,7168,7,2859024289
5730,832702203,77612,832779815,2,0,0,15360,2,9037574248
5731,832723785,15837,832739622,3,0,1,30720,3,4564878750
5732,832843921,1042,832844963,8,0,1,1024,8,665590739
5733,832846898,7230,832854128,1,0,1,7680,1,9447256400
5734,832895583,171758,833067341,7,0,0,14848,7,5750357151
5735,832919736,60824,832980560,5,0,0,5632,5,9361459662
5736,832941866,208809,833150675,8,0,0,90624,8,204357129
5737,832995791,223098,833218889,4,0,0,86528,4,6084855088
5738,833073748,114790,833188538,2,0,0,2048,2,9487309016
5739,833087659,147343,833235002,3,0,0,18432,3,7284912478
5740,833166018,3898,833169916,8,0,1,4096,8,6344735724
5741,833223960,74360,833298320,0,0,0,9728,0,9688736870
5742,833226362,138894,833365256,4,0,0,68096,4,5676354591
5743,833271626,177606,833449232,5,0,0,44032,5,9101428774
5744,833279427,90836,833370263,1,0,0,16384,1,5849807406
5745,833375619,98831,833474450,7,0,0,9728,7,10055622337
5746,833480180,103220,833583400,5,0,0,38912,5,293047824
5747,833494362,127366,833621728,0,0,0,23552,0,414885940
5748,833523862,7706,833531568,2,0,1,8192,2,9109523782
5749,833681084,96872,833777956,8,0,0,28160,8,5555378949
5750,833719264,7230,833726494,1,0,1,7680,1,9309706334
5751,833721867,56416,833778283,1,0,0,1024,1,4048536688
5752,833723907,55015,833778922,6,0,0,2048,6,594401523
5753,833728105,4937,833733042,2,0,1,12800,2,7130993946
5754,833866106,5712,833871818,8,0,1,14336,8,6191422090
5755,833875554,100724,833976278,0,0,0,30720,0,8192474933
5756,833968881,10534,833979415,2,0,1,9216,2,5533950656
5757,833974947,63864,834038811,3,0,0,6144,3,1943221644
5758,833981856,47288,834029144,6,0,0,1536,6,4456916075
5759,834133140,7230,834140370,8,0,1,7680,8,3613946416
5760,834221502,448887,834670389,4,0,1,730624,4,7241945912
5761,834277881,459422,834737303,9,0,0,34304,9,7751472994
5762,834287216,384479,834671695,3,0,1,2048,3,1834081169
5763,834288606,561300,834849906,2,0,0,83968,2,1690799886
5764,834530827,358082,834888909,9,0,0,10752,9,8646579485
5765,834565119,340182,834905301,6,0,0,10752,6,6019514676
5766,834587037,326391,834913428,8,0,0,26624,8,149612340
5767,834679825,319574,834999399,8,0,0,14336,8,10500057892
5768,834759333,90744,834850077,9,0,0,512,9,4771436995
5769,834768786,184528,834953314,2,0,0,24576,2,2072982943
5770,834818288,148279,834966567,1,0,0,22528,1,10434791713
5771,834824165,77845,834902010,2,0,0,10752,2,2523375583
5772,834948102,92992,835041094,3,0,0,23552,3,7372249028
5773,835012247,108836,835121083,0,0,0,57344,0,10446148760
5774,835061170,3904,835065074,5,0,1,10752,5,2967307777
5775,835117490,120221,835237711,3,0,0,82944,3,4895607280
5776,835142025,124564,835266589,9,0,0,10240,9,8631940251
5777,835159514,4374,835163888,8,0,1,4608,8,7001152616
5778,835293803,72668,835366471,1,0,0,9216,1,482791171
5779,835317603,105154,835422757,2,0,0,16384,2,3571146229
5780,835345110,7706,835352816,3,0,1,8192,3,6478931758
5781,835345683,14797,835360480,8,0,1,21504,8,7677017881
5782,835388810,168266,835557076,1,0,0,13312,1,6014612331
5783,835473237,110449,835583686,1,0,0,13824,1,9905444150
5784,835492401,47288,835539689,0,0,0,1536,0,5370562548
5785,835538207,2946,835541153,3,0,1,3072,3,5504803523
5786,835582075,189313,835771388,2,0,0,122880,2,8331219136
5787,835601491,74608,835676099,4,0,1,121856,4,5836268066
5788,835627555,192600,835820155,0,0,0,9216,0,9365479790
5789,835632879,48507,835681386,4,0,1,16896,4,4628201702
5790,835639662,176617,835816279,7,0,0,67072,7,826656527
5791,835656972,214313,835871285,2,0,0,19456,2,2379469519
5792,835684141,132933,835817074,5,0,0,2560,5,6719024334
5793,835740630,249280,835989910,3,0,0,49152,3,7509275445
5794,835784855,2946,835787801,5,0,1,3072,5,2345887823
5795,835786463,114868,835901331,2,0,0,12800,2,8740631624
5796,835864461,47288,835911749,9,0,0,1536,9,5760922424
5797,835912409,1994,835914403,7,0,1,2048,7,6276509981
5798,835984202,51296,836035498,7,0,0,1024,7,1186189246
5799,836032523,82712,836115235,1,0,0,22016,1,9418172134
5800,836041586,134813,836176399,8,0,0,61440,8,3467509197
5801,836208865,78080,836286945,7,0,0,16896,7,5271231050
5802,836279977,1042,836281019,9,0,1,1024,9,6268789880
5803,836300869,101660,836402529,2,0,0,33792,2,8269729525
5804,836319228,91599,836410827,4,0,0,17408,4,365179065
5805,836330358,75150,836405508,2,0,0,9728,2,5716217248
5806,836390403,93539,836483942,3,0,0,20480,3,8046645510
5807,836518981,1518,836520499,7,0,1,1536,7,8263569049
5808,836534675,100100,836634775,8,0,0,28672,8,2201555167
5809,836585629,76052,836661681,0,0,0,10240,0,7863965253
5810,836610209,158012,836768221,5,0,0,26112,5,8556619416
5811,836626789,65418,836692207,7,0,0,4608,7,8483681965
5812,836675498,124644,836800142,8,0,0,45568,8,5321578316
5813,836694894,163787,836858681,9,0,0,6656,9,10164897372
5814,836735617,14117,836749734,4,0,1,24064,4,5889098070
5815,836762212,259495,837021707,6,0,0,207872,6,654585195
5816,836800737,55045,836855782,4,0,1,93696,4,3111244333
5817,836841023,184295,837025318,0,0,0,11776,0,4811812136
5818,836853989,174011,837028000,2,0,0,512,2,5097089242
5819,836860004,167825,837027829,0,0,0,8192,0,8554972568
5820,836900553,21658,836922211,9,0,1,35328,9,1856916077
5821,836922698,128642,837051340,3,0,0,6144,3,8341730509
5822,836929147,102308,837031455,2,0,0,11264,2,8387107886
5823,836967634,170251,837137885,4,0,0,41984,4,2840178055
5824,837014662,413151,837427813,1,0,0,2048,1,2489318417
5825,837029989,171568,837201557,8,0,0,11776,8,9132933448
5826,837032727,154646,837187373,7,0,0,48128,7,7271380634
5827,837035684,73745,837109429,7,0,1,123392,7,3797939763
5828,837049009,73300,837122309,6,0,0,2048,6,4422834743
5829,837080591,215423,837296014,4,0,0,14336,4,7311392252
5830,837155551,117087,837272638,5,0,0,73728,5,5654094495
5831,837162523,5802,837168325,9,0,1,6144,9,6587900319
5832,837166425,159904,837326329,4,0,0,51200,4,8525486143
5833,837185605,6627,837192232,8,0,1,5120,8,3750366288
5834,837186002,224875,837410877,6,0,0,20480,6,8830540293
5835,837269076,158098,837427174,8,0,0,29184,8,4134319790
5836,837306185,20167,837326352,1,0,1,6656,1,8722267973
5837,837312018,85279,837397297,2,0,0,8704,2,2897294180
5838,837337262,166676,837503938,2,0,0,22528,2,1744211315
5839,837353364,103421,837456785,5,0,0,3072,5,4927582884
5840,837391727,77855,837469582,6,0,0,512,6,9478409066
5841,837407348,142719,837550067,2,0,0,71168,2,2123117990
5842,837425330,138535,837563865,3,0,0,40960,3,743554743
5843,837644615,6278,837650893,5,0,1,6656,5,2219947770
5844,837775602,3422,837779024,3,0,1,3584,3,6480909607
5845,837790321,119756,837910077,3,0,0,93184,3,8387693469
5846,837809746,105941,837915687,2,0,0,4608,2,9669474223
5847,837818382,101913,837920295,3,0,0,4608,3,4693168280
5848,837862496,6754,837869250,9,0,1,7168,9,6157680993
5849,837880994,106942,837987936,6,0,0,6656,6,2336886743
5850,837881070,104823,837985893,1,0,0,32256,1,2348956113
5851,837924248,125383,838049631,7,0,0,23552,7,9871577031
5852,838044162,61209,838105371,5,0,0,4096,5,4762291348
5853,838072212,98384,838170596,3,0,0,23040,3,7869147635
5854,838080386,56216,838136602,9,0,0,5632,9,4241438390
5855,838133575,55304,838188879,7,0,1,94208,7,2951994944
5856,838151346,39479,838190825,0,0,1,3072,0,10664316537
5857,838183179,201644,838384823,5,0,0,4096,5,7427369075
5858,838219169,207341,838426510,8,0,0,25088,8,9312903111
5859,838259613,98384,838357997,9,0,0,23040,9,346446427
5860,838266947,2946,838269893,2,0,1,3072,2,9148134837
5861,838389496,62516,838452012,9,0,0,6144,9,3095814195
5862,838450493,2077,838452570,1,0,1,512,1,10694184250
5863,838650396,5712,838656108,1,0,1,14336,1,1827297263
5864,838682310,188776,838871086,9,0,0,16896,9,2780130553
5865,838693430,121929,838815359,2,0,0,68608,2,6107864620
5866,838718898,147017,838865915,8,0,0,73216,8,5067663466
5867,838803901,78890,838882791,2,0,0,2048,2,4973532681
5868,838817622,102284,838919906,5,0,0,35840,5,887169194
5869,838854778,22069,838876847,1,0,1,6144,1,1666824855
5870,838872541,71701,838944242,2,0,0,2560,2,9147652214
5871,838876793,71451,838948244,3,0,0,11776,3,2567264434
5872,839016812,1994,839018806,5,0,1,2048,5,3295324444
5873,839069217,65900,839135117,2,0,0,7168,2,7335504011
5874,839072171,45596,839117767,0,0,0,1024,0,10482437096
5875,839220711,82820,839303531,4,0,0,12288,4,4223039712
5876,839311443,97604,839409047,0,0,0,20480,0,5679268409
5877,839322495,141056,839463551,7,0,0,113664,7,3622897742
5878,839421458,3128,839424586,1,0,1,9216,1,8670596762
5879,839433023,136392,839569415,3,0,0,47616,3,7388211779
5880,839441305,129061,839570366,5,0,0,3072,5,9179286893
5881,839444538,160133,839604671,2,0,0,32256,2,3762893600
5882,839498897,95132,839594029,5,0,0,17408,5,1187858685
5883,839522010,158363,839680373,0,0,0,52736,0,6760833059
5884,839536415,180672,839717087,9,0,0,46080,9,2958764128
5885,839618387,73833,839692220,7,0,1,120320,7,5909231890
5886,839707538,118102,839825640,8,0,0,10752,8,9298537848
5887,839707803,268378,839976181,1,0,0,22528,1,107651016
5888,839840156,13083,839853239,3,0,1,22016,3,6592272601
5889,839848093,7412,839855505,9,0,1,3584,9,9291859155
5890,839892165,7230,839899395,5,0,1,7680,5,4628440668
5891,839940205,202396,840142601,2,0,0,22528,2,2448199788
5892,839965334,62516,840027850,9,0,0,6144,9,2806256674
5893,839987599,21399,840008998,6,0,1,34816,6,2387319674
5894,840014220,102070,840116290,1,0,0,16896,1,3691745849
5895,840076327,201225,840277552,3,0,0,23552,3,5260231727
5896,840102231,108331,840210562,4,0,0,26624,4,2998700588
5897,840120815,1994,840122809,3,0,1,2048,3,8693745331
5898,840131526,1518,840133044,9,0,1,1536,9,9795912943
5899,840201917,8660,840210577,3,0,1,2560,3,414049217
5900,840286803,4420,840291223,9,0,1,11776,9,4236255349
5901,840522453,118686,840641139,5,0,0,89600,5,89113375
5902,840533749,3422,840537171,5,0,1,3584,5,2048513365
5903,840544152,147083,840691235,2,0,0,26112,2,2981686925
5904,840564341,181662,840746003,6,0,0,44544,6,1171345295
5905,840613752,202793,840816545,2,0,0,78336,2,3581591206
5906,840618878,27103,840645981,1,0,1,5120,1,363452867
5907,840656738,3422,840660160,5,0,1,3584,5,3449147134
5908,840696475,76988,840773463,2,0,0,13312,2,6309390345
5909,840700142,1994,840702136,2,0,1,2048,2,7378065981
5910,840708497,49445,840757942,9,0,0,1024,9,9759323603
5911,840736154,110721,840846875,6,0,0,31232,6,7770099656
5912,840924599,100880,841025479,5,0,0,31232,5,4690976818
5913,841077320,81128,841158448,7,0,0,11776,7,2893526500
5914,841101742,87320,841189062,9,0,0,22016,9,7926555499
5915,841106753,102433,841209186,4,0,0,22528,4,9422216516
5916,841217652,1518,841219170,1,0,1,1536,1,7664567755
5917,841231250,100724,841331974,1,0,0,30720,1,7900724526
5918,841339587,1042,841340629,5,0,1,1024,5,6282192074
5919,841343235,71584,841414819,2,0,0,1536,2,7305591977
5920,841356779,54056,841410835,2,0,0,3584,2,3982480799
5921,841438341,3645,841441986,1,0,1,10240,1,2899925740
5922,841441526,96641,841538167,8,0,0,16384,8,8692168266
5923,841495066,129045,841624111,3,0,0,18944,3,10326754847
5924,841589537,109460,841698997,1,0,0,59392,1,7199421244
5925,841590219,114376,841704595,5,0,0,1024,5,1228315772
5926,841624168,121035,841745203,2,0,0,13312,2,3019988802
5927,841717351,101504,841818855,9,0,0,33280,9,2248164343
5928,841746262,1518,841747780,2,0,1,1536,2,4130974174
5929,841746876,100412,841847288,6,0,0,29696,6,7437876906
5930,841770402,1994,841772396,2,0,1,2048,2,1749021371
5931,841787867,66879,841854746,8,0,0,7680,8,6478158231
5932,841818187,131476,841949663,7,0,0,68608,7,6935442624
5933,841837231,566,841837797,9,0,1,512,9,10725132046
5934,841850359,4402,841854761,8,0,1,4096,8,5157213683
5935,841953320,175992,842129312,5,0,0,84992,5,4714908602
5936,841966885,566,841967451,4,0,1,512,4,9427651501
5937,841979932,566,841980498,3,0,1,512,3,4739344795
5938,842154384,52364,842206748,0,0,0,3072,0,10298619786
5939,842280448,114853,842395301,0,0,0,28160,0,5438848707
5940,842288106,11533,842299639,2,0,1,18944,2,170440557
5941,842301501,252350,842553851,0,0,0,50688,0,10309251131
5942,842406618,13253,842419871,9,0,1,25600,9,917245323
5943,842545573,60634,842606207,2,0,0,3072,2,1320689634
5944,842737903,87764,842825667,4,0,0,18432,4,1627806918
5945,842784578,95167,842879745,6,0,0,13312,6,8299767237
5946,842805064,54056,842859120,3,0,0,3584,3,793101925
5947,842817957,158145,842976102,6,0,0,47104,6,7028946149
5948,842834773,5971,842840744,9,0,1,14848,9,6451874804
5949,842885977,4162,842890139,9,0,1,11264,9,1789034643
5950,842902225,82790,842985015,4,0,0,2560,4,2902021939
5951,842928932,179387,843108319,8,0,0,24064,8,9406850551
5952,842983416,117556,843100972,0,0,0,36864,0,5683997466
5953,843117197,78236,843195433,4,0,0,17408,4,5611401776
5954,843235474,43904,843279378,3,0,0,512,3,10151259898
5955,843332843,5971,843338814,4,0,1,14848,4,7467401838
5956,843344088,100412,843444500,4,0,0,29696,4,10067648048
5957,843435998,108906,843544904,4,0,0,29696,4,8514517144
5958,843573401,5971,843579372,2,0,1,14848,2,2795468566
5959,843705871,96824,843802695,0,0,0,17920,0,5710272925
5960,843763242,122252,843885494,2,0,0,101376,2,5743450289
5961,843781313,11016,843792329,0,0,1,17920,0,2770039571
5962,843833296,90545,843923841,4,0,0,18944,4,9465914691
5963,843850411,96896,843947307,0,0,0,4096,0,8335669561
5964,844006171,73628,844079799,4,0,0,17408,4,3969907182
5965,844105553,43904,844149457,4,0,0,512,4,101112306
5966,844249272,74828,844324100,4,0,0,11264,4,10373785832
5967,844255973,116025,844371998,6,0,0,31232,6,3622465849
5968,844277020,117394,844394414,3,0,0,29184,3,7455015361
5969,844299531,144245,844443776,1,0,0,33792,1,9335345898
5970,844330349,99669,844430018,9,0,0,7680,9,6843583341
5971,844387980,109490,844497470,0,0,0,38400,0,6946653828
5972,844444003,3645,844447648,4,0,1,10240,4,6373011072
5973,844582156,2470,844584626,4,0,1,2560,4,7169926436
5974,844606829,14287,844621116,9,0,1,27648,9,3027571687
5975,844645930,105560,844751490,2,0,0,46592,2,4673412635
5976,844692187,137447,844829634,6,0,0,23552,6,1569856846
5977,844748075,64231,844812306,2,0,0,5632,2,8658678207
5978,844759341,111107,844870448,9,0,0,30720,9,9480088325
5979,844769204,146295,844915499,0,0,0,19968,0,574104615
5980,844831782,128513,844960295,8,0,0,40960,8,2584267814
5981,844876051,139739,845015790,0,0,0,25088,0,4270789220
5982,844882935,54056,844936991,0,0,0,3584,0,7799242219
5983,844896516,87896,844984412,5,0,0,13824,5,6646865853
5984,845012422,104708,845117130,5,0,0,32768,5,6114857753
5985,845043314,118474,845161788,8,0,0,16896,8,3141773808
5986,845076667,97301,845173968,2,0,0,26624,2,7771235365
5987,845211716,58532,845270248,9,0,0,8192,9,3471683286
5988,845274342,49136,845323478,5,0,0,2560,5,2240101979
5989,845281188,48980,845330168,1,0,0,2048,1,5344851246
5990,845305642,110240,845415882,9,0,0,61952,9,6261979267
5991,845351163,122793,845473956,4,0,0,24576,4,8610529432
5992,845386695,64208,845450903,3,0,0,6656,3,4047900751
5993,845449068,9533,845458601,2,0,1,8192,2,2113749969
5994,845513799,3387,845517186,8,0,1,9728,8,4251953248
5995,845568489,182607,845751096,3,0,0,44032,3,6834807081
5996,845646783,7706,845654489,4,0,1,8192,4,2700046012
5997,845756926,121316,845878242,3,0,0,98304,3,4050283879
5998,845832639,45790,845878429,2,0,0,512,2,9824928614
5999,845861627,115840,845977467,4,0,0,24576,4,7639818004
6000,845877364,100446,845977810,8,0,0,1024,8,5742801949
6001,845901250,68714,845969964,7,0,0,5120,7,4218348970
6002,845906781,133623,846040404,4,0,0,24576,4,8259766247
6003,845971355,12692,845984047,1,0,1,6656,1,2512231380
6004,845971376,14133,845985509,1,0,1,14336,1,1257011536
6005,845989866,104674,846094540,6,0,0,4608,6,4206183741
6006,845998490,74540,846073030,6,0,0,10752,6,654563889
6007,846059148,7706,846066854,4,0,1,8192,4,7364171960
6008,846142888,50984,846193872,3,0,0,3584,3,10636483030
6009,846169938,91928,846261866,6,0,0,22016,6,10233085791
6010,846187069,10757,846197826,8,0,1,17408,8,4038005930
6011,846190500,59165,846249665,6,0,0,4096,6,5479248098
6012,846242331,4937,846247268,2,0,1,12800,2,9798973331
6013,846375232,96824,846472056,1,0,0,17920,1,5198112828
6014,846455364,1518,846456882,5,0,1,1536,5,790475729
6015,846461503,102284,846563787,8,0,0,35840,8,8148781379
6016,846486847,1994,846488841,3,0,1,2048,3,4187351889
6017,846527825,2946,846530771,5,0,1,3072,5,7186091896
6018,846570703,15579,846586282,7,0,1,30208,7,4488392389
6019,846572678,13963,846586641,0,0,1,9728,0,9112698969
6020,846618651,5971,846624622,5,0,1,14848,5,2076485104
6021,846671488,2946,846674434,5,0,1,3072,5,5123949785
6022,846692531,126198,846818729,6,0,0,72704,6,4627489740
6023,846800423,85890,846886313,4,0,0,7680,4,4122881963
6024,846837703,60380,846898083,8,0,0,9216,8,2726860373
6025,846915157,91172,847006329,8,0,0,24576,8,7952953058
6026,846928221,47288,846975509,9,0,0,1536,9,2426627027
6027,847012395,109928,847122323,5,0,0,60928,5,4045051508
6028,847071314,118461,847189775,2,0,0,17920,2,10021315714
6029,847156225,92372,847248597,1,0,0,18432,1,10714520990
6030,847208508,101504,847310012,2,0,0,33280,2,4283413053
6031,847230395,3904,847234299,3,0,1,10752,3,3231528896
6032,847357364,42941,847400305,7,0,1,70144,7,9785619063
6033,847361397,168676,847530073,5,0,0,34304,5,5210800603
6034,847480728,61292,847542020,2,0,0,7168,2,9950212473
6035,847488983,99944,847588927,8,0,0,28160,8,6304043783
6036,847585727,74168,847659895,0,0,0,8704,0,6179211
6037,847632858,123805,847756663,2,0,0,26624,2,613701900
6038,847683981,123111,847807092,7,0,0,2560,7,5078037494
6039,847694424,64282,847758706,8,0,0,6656,8,3796148575
6040,847700236,70785,847771021,5,0,0,2048,5,91597853
6041,847722852,566,847723418,1,0,1,512,1,7869928604
6042,847728772,105092,847833864,2,0,0,45056,2,8667035798
6043,847802110,66950,847869060,6,0,0,2048,6,4730844518
6044,847830982,105782,847936764,8,0,0,37888,8,10649609555
6045,847844220,99267,847943487,2,0,0,22016,2,469565916
6046,847894505,89947,847984452,0,0,0,5632,0,6006895900
6047,847937925,122683,848060608,3,0,0,84480,3,607871549
6048,847939376,78460,848017836,4,0,0,2048,4,5455811594
6049,847960787,142883,848103670,8,0,0,23040,8,4521815939
6050,847992116,171020,848163136,5,0,0,20480,5,3005784945
6051,848172615,2470,848175085,5,0,1,2560,5,2480660470
6052,848262635,76988,848339623,3,0,0,13312,3,10700852213
6053,848323371,54056,848377427,9,0,0,3584,9,3401065477
6054,848331363,74228,848405591,9,0,0,14336,9,6217715819
6055,848412670,104780,848517450,9,0,0,44032,9,10410399855
6056,848474817,114903,848589720,9,0,0,53248,9,8018214773
6057,848497704,97335,848595039,1,0,0,17408,1,2752354574
6058,848590288,104531,848694819,8,0,0,27648,8,5319006543
6059,848628969,101972,848730941,5,0,0,34816,5,3154185741
6060,848645875,566,848646441,1,0,1,512,1,3251826669
6061,848656750,151602,848808352,7,0,0,49664,7,2540640253
6062,848768578,108456,848877034,3,0,0,47104,3,870583255
6063,848777879,145655,848923534,4,0,0,38400,4,693285052
6064,848796980,163703,848960683,4,0,0,2048,4,7967179746
6065,848849853,110191,848960044,9,0,0,20992,9,7283541442
6066,848988071,1518,848989589,5,0,1,1536,5,3757853448
6067,849108535,84512,849193047,1,0,0,12800,1,3661489535
6068,849228435,54056,849282491,0,0,0,3584,0,2188390466
6069,849278313,101348,849379661,3,0,0,32768,3,3611860360
6070,849369491,50672,849420163,2,0,0,2560,2,485125926
6071,849370870,11746,849382616,5,0,1,3072,5,7333804348
6072,849374753,149011,849523764,7,0,1,231936,7,3096745874
6073,849431326,285715,849717041,4,0,0,25088,4,3229848619
6074,849469552,60523,849530075,7,0,1,22016,7,365773595
6075,849559262,6278,849565540,5,0,1,6656,5,2841929866
6076,849562305,98852,849661157,3,0,0,24576,3,147036280
6077,849567351,183357,849750708,9,0,0,38912,9,2518624079
6078,849645045,163579,849808624,3,0,0,27648,3,521010933
6079,849675062,3387,849678449,9,0,1,9728,9,5547664924
6080,849703859,182183,849886042,8,0,0,53760,8,9578810095
6081,849739463,213161,849952624,7,0,0,67584,7,9475678153
6082,849883716,9072,849892788,3,0,1,7168,3,4778298766
6083,849908174,566,849908740,3,0,1,512,3,8427514437
6084,849952504,52476,850004980,6,0,0,3072,6,3874770403
6085,849991312,62516,850053828,6,0,0,6144,6,7925407180
6086,850081409,93464,850174873,9,0,0,22016,9,4630892304
6087,850142050,56577,850198627,6,0,0,3072,6,3800323875
6088,850206216,45596,850251812,0,0,0,1024,0,5560972097
6089,850268984,1042,850270026,3,0,1,1024,3,9843458051
6090,850291098,5802,850296900,3,0,1,6144,3,4852528348
6091,850330676,142231,850472907,9,0,0,6656,9,9133839076
6092,850336092,92240,850428332,2,0,0,23040,2,9136681024
6093,850381294,110938,850492232,3,0,0,8704,3,1800556810
6094,850411001,2870,850413871,9,0,1,8704,9,1859696509
6095,850451070,105646,850556716,7,0,0,31232,7,2202958752
6096,850459047,63452,850522499,5,0,0,9216,5,5871521906
6097,850482781,50672,850533453,8,0,0,2560,8,5549504261
6098,850511728,119598,850631326,6,0,0,48128,6,1467123066
6099,850552778,102626,850655404,1,0,0,24064,1,6482364718
6100,850585523,129167,850714690,1,0,0,15872,1,4450110553
6101,850736494,14117,850750611,9,0,1,24064,9,4130866353
6102,850758443,197096,850955539,5,0,0,35328,5,9696135792
6103,850821066,4679,850825745,5,0,1,12288,5,5193890482
6104,850821320,155849,850977169,1,0,0,54784,1,2361503786
6105,850844122,3645,850847767,4,0,1,10240,4,5078952409
6106,850895491,188274,851083765,5,0,0,104960,5,5269678545
6107,850945738,98079,851043817,8,0,0,4096,8,1032006300
6108,850954087,171516,851125603,2,0,0,44544,2,1535219065
6109,851017109,70259,851087368,6,0,0,11776,6,2269295666
6110,851098235,67148,851165383,4,0,0,11264,4,3394526327
6111,851181629,2470,851184099,9,0,1,2560,9,10732901389
6112,851204885,3898,851208783,5,0,1,4096,5,1494630727
6113,851303925,97448,851401373,1,0,0,19968,1,1591025790
6114,851328172,43904,851372076,6,0,0,512,6,5390402356
6115,851332340,74360,851406700,8,0,0,9728,8,5008329162
6116,851355620,5196,851360816,4,0,1,13312,4,5906586216
6117,851355881,114211,851470092,4,0,0,22528,4,4632480826
6118,851371566,117388,851488954,6,0,0,51712,6,3900895888
6119,851436900,179271,851616171,7,0,0,41472,7,2342294354
6120,851442709,102128,851544837,8,0,0,35328,8,10150009937
6121,851447828,5712,851453540,5,0,1,14336,5,433671885
6122,851532706,118975,851651681,2,0,0,15360,2,9474458327
6123,851542923,139326,851682249,7,0,0,40448,7,2268626222
6124,851557228,129716,851686944,5,0,0,15360,5,5613847727
6125,851592346,3128,851595474,4,0,1,9216,4,6277445738
6126,851640643,111437,851752080,7,0,0,20480,7,1100577634
6127,851725863,155617,851881480,3,0,0,18944,3,10049463308
6128,851834504,121562,851956066,4,0,0,30720,4,8796643339
6129,851907409,3422,851910831,3,0,1,3584,3,9017639494
6130,852004571,91484,852096055,7,0,0,25600,7,3789221956
6131,852024968,107744,852132712,7,0,0,53760,7,4330727826
6132,852061239,104222,852165461,5,0,0,1536,5,2382114557
6133,852080953,15117,852096070,3,0,1,16384,3,4876171459
6134,852125515,212130,852337645,7,0,1,332288,7,2074050974
6135,852340527,191044,852531571,8,0,0,22528,8,9943865967
6136,852394516,162366,852556882,0,0,0,30720,0,6755701285
6137,852402211,108314,852510525,8,0,0,48640,8,10436688056
6138,852432748,6229,852438977,5,0,1,15360,5,9912751269
6139,852474744,5326,852480070,9,0,1,5632,9,774515786
6140,852540720,102596,852643316,8,0,0,36864,8,9765998436
6141,852643272,94431,852737703,5,0,0,10240,5,1562547822
6142,852674521,149774,852824295,8,0,0,133120,8,361378864
6143,852693345,146113,852839458,3,0,0,49664,3,6919488930
6144,852701849,139028,852840877,9,0,0,4608,9,281323117
6145,852707856,184605,852892461,7,0,0,19968,7,6428067853
6146,852740357,123784,852864141,1,0,0,7680,1,463327993
6147,852784998,60775,852845773,3,0,1,12800,3,2750229691
6148,852795833,50926,852846759,9,0,1,1536,9,862765991
6149,852928473,105716,853034189,8,0,0,47104,8,8281158156
6150,852930761,85140,853015901,4,0,0,12288,4,8550737773
6151,852956392,105355,853061747,2,0,0,20480,2,6269775855
6152,853035807,85472,853121279,3,0,0,20992,3,6818802437
6153,853113604,47288,853160892,9,0,0,1536,9,5506267526
6154,853119720,71927,853191647,4,0,0,11776,4,6046894477
6155,853155117,104725,853259842,7,0,1,170496,7,2953846115
6156,853170896,264976,853435872,2,0,0,4608,2,2414661092
6157,853258669,203675,853462344,1,0,0,15872,1,9530511492
6158,853271188,173144,853444332,1,0,0,7168,1,8656116037
6159,853396151,81871,853478022,5,0,0,10752,5,8933035
6160,853415627,14029,853429656,2,0,1,27136,2,1440174478
6161,853429212,155730,853584942,3,0,0,512,3,9023766995
6162,853458454,113510,853571964,3,0,0,2048,3,6691210938
6163,853473961,97364,853571325,4,0,0,4608,4,2900291414
6164,853484359,100412,853584771,0,0,0,29696,0,5887417354
6165,853511626,92897,853604523,3,0,0,1536,3,6982404626
6166,853542118,85673,853627791,2,0,0,17408,2,3578576017
6167,853619425,8381,853627806,0,0,1,10752,0,1025033336
6168,853640057,76208,853716265,3,0,0,10752,3,2121292510
6169,853682326,3128,853685454,5,0,1,9216,5,8489267664
6170,853693206,566,853693772,9,0,1,512,9,1096931002
6171,853757840,147979,853905819,3,0,0,62976,3,9230855820
6172,853778314,208043,853986357,2,0,0,99328,2,8345443919
6173,853833408,7706,853841114,5,0,1,8192,5,8295386418
6174,853845425,161071,854006496,0,0,0,66048,0,4203653855
6175,853864261,149738,854013999,2,0,0,24576,2,5544648330
6176,853891653,157170,854048823,8,0,0,15872,8,7928663182
6177,854003129,90298,854093427,4,0,0,11264,4,1775707266
6178,854004284,63788,854068072,4,0,0,3584,4,6974681854
6179,854035973,124049,854160022,9,0,0,4608,9,7082011041
6180,854059232,76700,854135932,2,0,0,17408,2,2134922160
6181,854204543,55748,854260291,9,0,0,4096,9,9335877028
6182,854215925,60824,854276749,3,0,0,5632,3,9172925931
6183,854296635,99476,854396111,0,0,0,26624,0,9470881424
6184,854324724,101963,854426687,4,0,0,13824,4,1561731384
6185,854327663,146787,854474450,0,0,0,37376,0,4618001816
6186,854331762,148163,854479925,6,0,0,17920,6,1995699383
6187,854502833,102908,854605741,0,0,0,37888,0,4963672448
6188,854533454,14545,854547999,9,0,1,28160,9,4406988639
6189,854611069,4374,854615443,9,0,1,4608,9,10416801538
6190,854634831,70844,854705675,3,0,0,13312,3,7765243699
6191,854637890,1042,854638932,5,0,1,1024,5,5305482322
6192,854725604,43904,854769508,0,0,0,512,0,10509680026
6193,854738457,74384,854812841,5,0,0,14848,5,3352155028
6194,854762140,67148,854829288,0,0,0,11264,0,5046030678
6195,854765779,3387,854769166,4,0,1,9728,4,6229314808
6196,854829072,70182,854899254,7,0,0,7680,7,2040694213
6197,854888506,2946,854891452,7,0,1,3072,7,10462144275
6198,855101895,48980,855150875,5,0,0,2048,5,308934182
6199,855149106,106496,855255602,0,0,0,49664,0,1288709353
6200,855178157,121875,855300032,0,0,0,17920,0,6635264088
6201,855178348,102752,855281100,7,0,0,37376,7,2182644354
6202,855297758,101430,855399188,6,0,0,25600,6,8224275372
6203,855314828,76232,855391060,5,0,0,15872,5,6348782602
6204,855316367,147743,855464110,4,0,0,27648,4,7768117225
6205,855389389,77388,855466777,7,0,0,8704,7,4547418592
6206,855419506,88788,855508294,9,0,0,8192,9,7114501638
6207,855527828,2470,855530298,4,0,1,2560,4,6970679905
6208,855547996,44060,855592056,3,0,0,1024,3,1202273375
6209,855579640,101504,855681144,0,0,0,33280,0,6272860433
6210,855673487,64333,855737820,6,0,0,7168,6,1616551066
6211,855696475,50984,855747459,0,0,0,3584,0,8687393431
6212,855699163,59132,855758295,7,0,0,5120,7,9118498365
6213,855718978,104208,855823186,7,0,1,169472,7,5282633728
6214,855859482,152095,856011577,5,0,0,9216,5,4515668078
6215,855861373,111126,855972499,8,0,0,3072,8,3250044867
6216,855926946,57241,855984187,3,0,0,6144,3,1333873625
6217,855950051,147494,856097545,4,0,0,130048,4,3095053649
6218,856006862,113021,856119883,5,0,0,13312,5,1983043805
6219,856057218,98696,856155914,3,0,0,24064,3,8076086554
6220,856062905,36150,856099055,9,0,1,1536,9,9675712710
6221,856115003,100881,856215884,1,0,0,25088,1,7125668550
6222,856126092,73136,856199228,6,0,0,10752,6,4663246348
6223,856177341,122201,856299542,1,0,0,71680,1,8889496241
6224,856244404,92416,856336820,4,0,0,21504,4,7511097064
6225,856256092,138745,856394837,9,0,0,23552,9,8242939967
6226,856261497,148997,856410494,8,0,0,35328,8,9093067728
6227,856409123,115503,856524626,1,0,0,74752,1,8465050399
6228,856575586,2470,856578056,7,0,1,2560,7,275858994
6229,856593717,91019,856684736,5,0,0,14336,5,5190864252
6230,856616042,71205,856687247,4,0,0,8192,4,3357656040
6231,856657286,63696,856720982,2,0,0,6144,2,5580330883
6232,856663698,90104,856753802,7,0,0,26112,7,10482925794
6233,856754876,92108,856846984,2,0,0,27648,2,1060713637
6234,856799668,52364,856852032,6,0,0,3072,6,3836633746
6235,856818573,116012,856934585,2,0,0,80896,2,7981235745
6236,856898671,106496,857005167,5,0,0,49664,5,2893721965
6237,856924323,130830,857055153,5,0,0,56320,5,8297838351
6238,857035592,102908,857138500,0,0,0,37888,0,3893774346
6239,857082447,89137,857171584,6,0,0,3072,6,8540191061
6240,857083768,121160,857204928,5,0,0,97792,5,7368214870
6241,857135333,77029,857212362,8,0,0,5120,8,653884513
6242,857149884,125760,857275644,9,0,0,30208,9,2883723311
6243,857198867,67033,857265900,0,0,0,6144,0,8127618001
6244,857248328,61899,857310227,7,0,1,100352,7,10462626829
6245,857333102,23466,857356568,2,0,1,38912,2,7317601364
6246,857347814,11340,857359154,2,0,1,4096,2,2760952032
6247,857406124,67592,857473716,2,0,0,7680,2,6352339359
6248,857464792,149912,857614704,4,0,0,136704,4,1646573376
6249,857490262,127265,857617527,1,0,0,9216,1,5075609857
6250,857496070,225517,857721587,4,0,0,65024,4,4094614235
6251,857504825,6278,857511103,4,0,1,6656,4,5947534392
6252,857564159,1042,857565201,5,0,1,1024,5,8398067072
6253,857570475,158771,857729246,5,0,0,25088,5,5352075236
6254,857650476,128924,857779400,2,0,0,66048,2,5177486158
6255,857782295,57440,857839735,7,0,0,4608,7,7498028389
6256,857813134,61604,857874738,9,0,0,8192,9,7241899154
6257,857834102,69908,857904010,5,0,0,10240,5,7451272749
6258,857873970,83892,857957862,9,0,0,13312,9,599837950
6259,857931485,52364,857983849,9,0,0,3072,9,5685308770
6260,857941467,101036,858042503,1,0,0,31744,1,1440178722
6261,857952728,140175,858092903,3,0,0,35840,3,9731212569
6262,857959791,98540,858058331,8,0,0,23552,8,3484414623
6263,858110530,1042,858111572,2,0,1,1024,2,8962624136
6264,858152475,167212,858319687,5,0,0,46080,5,1777694306
6265,858185897,101192,858287089,5,0,0,32256,5,8040493531
6266,858379646,566,858380212,2,0,1,512,2,4916078642
6267,858490533,107120,858597653,8,0,0,51712,8,1818141145
6268,858531549,108062,858639611,2,0,0,16896,2,804819436
6269,858555451,93220,858648671,9,0,0,16384,9,1115020061
6270,858641236,121628,858762864,9,0,0,99328,9,3224010758
6271,858690322,137510,858827832,2,0,0,17920,2,1126959777
6272,858715920,3387,858719307,4,0,1,9728,4,8160473363
6273,858870898,115076,858985974,3,0,0,77824,3,6534341106
6274,858919356,93522,859012878,0,0,0,2560,0,4794423182
6275,859045439,6278,859051717,4,0,1,6656,4,1598549088
6276,859091097,2470,859093567,0,0,1,2560,0,10625968987
6277,859106072,102284,859208356,1,0,0,35840,1,9110706893
6278,859149547,82407,859231954,7,0,0,16384,7,8792136205
6279,859178315,123377,859301692,8,0,0,42496,8,9504822443
6280,859221222,1518,859222740,2,0,1,1536,2,463676720
6281,859222439,125404,859347843,7,0,1,207360,7,447623544
6282,859225277,151746,859377023,3,0,0,5120,3,325824518
6283,859271256,179022,859450278,6,0,0,16384,6,2972775948
6284,859350958,353780,859704738,2,0,0,64512,2,5773742717
6285,859358749,220670,859579419,6,0,0,11264,6,7571703872
6286,859390054,10241,859400295,0,0,1,16384,0,2837587620
6287,859407702,109304,859517006,4,0,0,58880,4,4090384005
6288,859424687,188770,859613457,1,0,0,70656,1,6772301699
6289,859429396,118571,859547967,1,0,0,18944,1,4071062596
6290,859439730,3128,859442858,5,0,1,9216,5,8615654329
6291,859463592,14804,859478396,4,0,1,28672,4,3528967945
6292,859523064,146318,859669382,4,0,0,12288,4,7470036191
6293,859618596,99350,859717946,9,0,0,3072,9,2291261862
6294,859670693,1518,859672211,9,0,1,1536,9,6748478463
6295,859708967,282841,859991808,1,0,0,17920,1,8742054399
6296,859721301,200091,859921392,3,0,0,3584,3,1550382246
6297,859751451,11016,859762467,2,0,1,17920,2,9154669080
6298,859768348,51296,859819644,6,0,0,4608,6,1902584699
6299,859795928,106570,859902498,0,0,0,43520,0,10523440487
6300,859826884,126308,859953192,8,0,0,37376,8,6372356581
6301,859839596,189730,860029326,5,0,0,18944,5,9031244514
6302,859871209,50822,859922031,7,0,0,2048,7,10682304070
6303,859938676,14531,859953207,2,0,1,8192,2,7659623279
6304,860056713,81374,860138087,7,0,1,131584,7,2649740578
6305,860148589,89959,860238548,4,0,0,11776,4,6945332950
6306,860326516,92274,860418790,7,0,1,149504,7,7488325919
6307,860364983,58953,860423936,0,0,1,8192,0,1973798736
6308,860370588,112137,860482725,1,0,0,6656,1,3765723180
6309,860438828,218537,860657365,8,0,0,17408,8,2633829755
6310,860467544,151004,860618548,0,0,0,61952,0,7432434667
6311,860477306,154991,860632297,4,0,0,10752,4,4443344719
6312,860542480,79702,860622182,8,0,0,11776,8,10592253109
6313,860598329,20250,860618579,5,0,1,6656,5,815619059
6314,860599863,128243,860728106,5,0,0,9216,5,6512829070
6315,860600640,23971,860624611,9,0,1,2560,9,1662759560
6316,860650775,124347,860775122,6,0,0,77824,6,6232423852
6317,860656213,118924,860775137,7,0,1,153088,7,9884787922
6318,860694856,290457,860985313,4,0,0,56832,4,1356149060
6319,860745087,131359,860876446,6,0,0,3584,6,3045962748
6320,860746541,98230,860844771,1,0,0,512,1,8982283808
6321,860790316,12308,860802624,5,0,1,20480,5,4761133878
6322,860792150,108923,860901073,5,0,0,43008,5,1227002983
6323,860848882,4162,860853044,5,0,1,11264,5,10586755711
6324,860887628,107201,860994829,7,0,0,22528,7,6803989242
6325,860918855,77756,860996611,4,0,0,2048,4,10441240757
6326,860944991,1042,860946033,7,0,1,1024,7,2539358567
6327,861058938,65924,861124862,5,0,0,12288,5,7059667570
6328,861107089,43904,861150993,0,0,0,512,0,5190649506
6329,861219145,110084,861329229,5,0,0,61440,5,6779409475
6330,861255965,4374,861260339,4,0,1,4608,4,9165977453
6331,861271234,72068,861343302,2,0,0,12288,2,9689019317
6332,861303251,121369,861424620,2,0,0,51200,2,1362837423
6333,861339676,62556,861402232,2,0,0,4096,2,3847616302
6334,861369986,115339,861485325,8,0,0,39936,8,5291449172
6335,861445734,167851,861613585,8,0,0,97280,8,9908348195
6336,861454181,85604,861539785,6,0,0,16384,6,9964786293
6337,861533001,131664,861664665,4,0,0,29184,4,5624010856
6338,861592064,102817,861694881,6,0,0,5120,6,4435482171
6339,861675055,98852,861773907,8,0,0,24576,8,2523467344
6340,861818981,103064,861922045,3,0,0,38400,3,4939760433
6341,861901956,87608,861989564,1,0,0,17920,1,10635726962
6342,862052217,102908,862155125,2,0,0,37888,2,911265042
6343,862118698,120241,862238939,5,0,0,84992,5,6501517572
6344,862251984,83288,862335272,0,0,0,13824,0,2833843111
6345,862299996,65900,862365896,0,0,0,7168,0,6750925187
6346,862370021,50672,862420693,6,0,0,2560,6,8015270024
6347,862397257,110214,862507471,1,0,0,59392,1,6352953708
6348,862475337,112210,862587547,7,0,0,22528,7,6843717014
6349,862510850,108900,862619750,5,0,0,25088,5,8797535344
6350,862524424,1042,862525466,1,0,1,1024,1,5720060340
6351,862611256,82078,862693334,9,0,0,12288,9,9665156219
6352,862633512,88700,862722212,4,0,0,5120,4,2271208344
6353,862706068,84716,862790784,5,0,0,23552,5,4704264007
6354,862872579,5326,862877905,0,0,1,5632,0,1421939605
6355,863027509,78392,863105901,3,0,0,17920,3,10457740012
6356,863172322,14029,863186351,4,0,1,27136,4,6532471610
6357,863175603,102664,863278267,0,0,0,25600,0,5198901183
6358,863181854,50672,863232526,0,0,0,2560,0,6501105158
6359,863211785,100076,863311861,8,0,0,8704,8,8457895863
6360,863219403,146602,863366005,5,0,0,25088,5,235950261
6361,863255550,84824,863340374,7,0,0,13824,7,4995507973
6362,863346938,74828,863421766,4,0,0,11264,4,7635911162
6363,863401884,69284,863471168,3,0,0,8192,3,9050416618
6364,863454209,566,863454775,0,0,1,512,0,2671174673
6365,863475575,70688,863546263,3,0,0,12800,3,507624279
6366,863620742,64208,863684950,7,0,0,6656,7,7750474045
6367,863652580,84824,863737404,9,0,0,13824,9,7212902852
6368,863669826,144840,863814666,6,0,0,39424,6,5191954851
6369,863675178,176220,863851398,0,0,0,44032,0,2516843208
6370,863920059,68996,863989055,3,0,0,12288,3,1622478449
6371,863968288,96871,864065159,0,0,0,12800,0,3303939689
6372,864012835,7706,864020541,0,0,1,8192,0,9093516365
6373,864090074,55748,864145822,9,0,0,4096,9,2410956033
6374,864110359,90212,864200571,6,0,0,16384,6,7810360441
6375,864151434,68463,864219897,7,0,0,3072,7,8106561178
6376,864176809,55135,864231944,6,0,0,3584,6,10690652075
6377,864177619,97550,864275169,7,0,0,17920,7,8562969914
6378,864222074,45596,864267670,6,0,0,1024,6,8245285231
6379,864233775,109460,864343235,7,0,0,59392,7,6901768337
6380,864341631,98156,864439787,3,0,0,27136,3,9456885950
6381,864383887,117486,864501373,9,0,0,51712,9,2820874315
6382,864394253,112283,864506536,8,0,0,16896,8,6391805623
6383,864396895,270608,864667503,1,0,0,104448,1,9264200092
6384,864402744,106771,864509515,1,0,0,9728,1,10281824914
6385,864408347,301150,864709497,8,0,0,72704,8,40774998
6386,864451254,1042,864452296,0,0,1,1024,0,6867281921
6387,864453990,233340,864687330,1,0,0,65024,1,6121199442
6388,864531657,71564,864603221,6,0,0,5632,6,1796900556
6389,864549382,239443,864788825,7,0,0,2560,7,10404012219
6390,864552538,177625,864730163,8,0,0,12800,8,9808847794
6391,864608622,112122,864720744,7,0,0,36864,7,5566717483
6392,864635006,145417,864780423,3,0,0,29184,3,8735338649
6393,864717520,69838,864787358,2,0,0,7680,2,7857914138
6394,864732603,7706,864740309,0,0,1,8192,0,6049319420
6395,864806029,85760,864891789,2,0,0,16896,2,1279808359
6396,864840581,74830,864915411,3,0,0,2560,3,9862796391
6397,864860473,79304,864939777,0,0,0,15872,0,4522628340
6398,864860573,83587,864944160,7,0,0,14336,7,3826385305
6399,864953750,3422,864957172,7,0,1,3584,7,10530966599
6400,864965879,50756,865016635,2,0,0,2560,2,5998660437
6401,864999133,47600,865046733,2,0,0,2560,2,1360292925
6402,865028409,43904,865072313,1,0,0,512,1,1149278312
6403,865035993,115308,865151301,4,0,0,46080,4,3863699627
6404,865037674,3645,865041319,7,0,1,10240,7,4763998735
6405,865058103,73916,865132019,2,0,0,13312,2,5212484428
6406,865077459,127332,865204791,7,0,0,13824,7,3868839746
6407,865111379,57440,865168819,7,0,0,4608,7,9515993372
6408,865144652,94537,865239189,2,0,0,13824,2,6004548125
6409,865196363,98696,865295059,3,0,0,24064,3,5150633010
6410,865198473,54056,865252529,0,0,0,3584,0,4611124135
6411,865349899,87896,865437795,4,0,0,13824,4,1689087429
6412,865400859,99476,865500335,2,0,0,26624,2,1338150610
6413,865464134,55904,865520038,1,0,0,4608,1,5967371069
6414,865562534,4162,865566696,4,0,1,11264,4,9251431157
6415,865586456,80956,865667412,0,0,0,11776,0,6350392636
6416,865604351,7230,865611581,9,0,1,7680,9,7289456929
6417,865641293,117795,865759088,4,0,0,41984,4,8995860600
6418,865645001,12566,865657567,5,0,1,20992,5,5107995569
6419,865708164,131096,865839260,1,0,0,25600,1,3534765932
6420,865817856,117416,865935272,8,0,0,85504,8,1747116419
6421,866033385,124748,866158133,1,0,0,109568,1,4952479152
6422,866062324,136723,866199047,3,0,0,15872,3,10003558908
6423,866081678,124167,866205845,8,0,0,16896,8,2787948713
6424,866096920,195037,866291957,8,0,0,55296,8,8853135260
6425,866131775,167835,866299610,0,0,0,5632,0,7210570645
6426,866181015,92318,866273333,2,0,0,14336,2,3179880259
6427,866185502,112377,866297879,9,0,0,15360,9,3920638458
6428,866190146,52989,866243135,3,0,0,2048,3,994059105
6429,866263011,111926,866374937,4,0,0,48128,4,3554474297
6430,866264078,170481,866434559,3,0,0,46080,3,3448923135
6431,866291778,197705,866489483,2,0,0,65024,2,9777428526
6432,866323055,3898,866326953,7,0,1,4096,7,7889355172
6433,866338291,161206,866499497,4,0,0,32768,4,4439466865
6434,866359629,89816,866449445,8,0,0,3072,8,223646733
6435,866367826,155113,866522939,8,0,0,11264,8,1858309390
6436,866394439,3898,866398337,4,0,1,4096,4,2243889626
6437,866394886,168901,866563787,9,0,0,74752,9,10727261514
6438,866407007,175836,866582843,8,0,0,11264,8,9925225211
6439,866468608,20890,866489498,5,0,1,6656,5,9524998810
6440,866510468,1042,866511510,2,0,1,1024,2,10280330691
6441,866512821,66230,866579051,1,0,0,6656,1,10430936248
6442,866520580,94339,866614919,8,0,0,23552,8,1053487564
6443,866582502,265009,866847511,2,0,0,91648,2,1413427428
6444,866587690,6488,866594178,0,0,1,15872,0,3467651656
6445,866589620,147717,866737337,5,0,0,12288,5,2620371852
6446,866639418,109427,866748845,3,0,0,9728,3,10259886625
6447,866641712,134260,866775972,0,0,0,19968,0,6823297775
6448,866688645,93266,866781911,4,0,0,11264,4,690794161
6449,866690605,5326,866695931,0,0,1,5632,0,3032470283
6450,866753613,566,866754179,9,0,1,512,9,7256599723
6451,866795585,82844,866878429,0,0,0,17408,0,8699113585
6452,866799669,80179,866879848,5,0,0,4608,5,1526337838
6453,866877537,55447,866932984,0,0,0,5632,0,4235512888
6454,866883321,86828,866970149,3,0,0,15360,3,2043691941
6455,866896376,66236,866962612,9,0,0,13312,9,4037068497
6456,866955548,56216,867011764,5,0,0,5632,5,9814324185
6457,866991254,50672,867041926,8,0,0,2560,8,5491767887
6458,867024908,101192,867126100,6,0,0,32256,6,5917254888
6459,867112409,75538,867187947,0,0,0,13312,0,973596783
6460,867115567,82820,867198387,9,0,0,12288,9,2408439555
6461,867190393,85322,867275715,5,0,0,11776,5,7604212706
6462,867250951,103376,867354327,1,0,0,39424,1,860619095
6463,867257045,98806,867355851,9,0,0,4096,9,1968363403
6464,867347171,75232,867422403,7,0,0,14336,7,7261472911
6465,867381894,102596,867484490,7,0,0,36864,7,8919895506
6466,867517794,95780,867613574,5,0,0,24576,5,9036924234
6467,867582918,110876,867693794,6,0,0,18432,6,1965817798
6468,867662735,3422,867666157,8,0,1,3584,8,6717044512
6469,867696283,89948,867786231,9,0,0,25600,9,3467959335
6470,867700151,100568,867800719,7,0,0,30208,7,1486912710
6471,867740621,85292,867825913,8,0,0,15360,8,5009538821
6472,867801760,103064,867904824,5,0,0,38400,5,7877013074
6473,867850571,4374,867854945,5,0,1,4608,5,6111455476
6474,867865677,101972,867967649,2,0,0,34816,2,6288811294
6475,867896607,106773,868003380,9,0,0,28672,9,10209991036
6476,867999201,8333,868007534,2,0,1,11264,2,538740359
6477,868025085,1042,868026127,9,0,1,1024,9,3757862322
6478,868191838,98072,868289910,0,0,0,22016,0,10684913622
6479,868362289,45596,868407885,6,0,0,1024,6,10559246178
6480,868384837,78212,868463049,1,0,0,12288,1,4356939643
6481,868446464,111793,868558257,1,0,0,25088,1,7203392914
6482,868462439,107689,868570128,0,0,0,38912,0,6462737943
6483,868493930,97315,868591245,2,0,0,12800,2,68903948
6484,868511077,2946,868514023,9,0,1,3072,9,4264328337
6485,868526791,158431,868685222,8,0,0,65536,8,9216867648
6486,868558555,12624,868571179,5,0,1,1024,5,4538218862
6487,868567598,120135,868687733,9,0,0,8192,9,9514863183
6488,868584223,143288,868727511,0,0,0,32768,0,10525407126
6489,868588630,158182,868746812,4,0,0,24576,4,1653188695
6490,868602071,174844,868776915,8,0,0,53760,8,10663199875
6491,868624678,231359,868856037,7,0,0,50176,7,1767109248
6492,868636113,141909,868778022,9,0,0,3584,9,6076956586
6493,868732841,145138,868877979,1,0,0,5120,1,2458391038
6494,868833444,69477,868902921,1,0,0,10240,1,2779748565
6495,868897627,61250,868958877,3,0,0,5120,3,6920487810
6496,868908382,81752,868990134,3,0,0,13824,3,8324642149
6497,868939486,102443,869041929,8,0,0,13312,8,4472775626
6498,868942767,110094,869052861,6,0,0,18944,6,2911303684
6499,869097417,60824,869158241,2,0,0,5632,2,364878059
6500,869120225,1518,869121743,1,0,1,1536,1,1428913860
6501,869124573,52364,869176937,5,0,0,3072,5,2613071905
6502,869369574,82064,869451638,6,0,0,14848,6,3392015097
6503,869451088,3412,869454500,4,0,1,8704,4,9127544868
6504,869540044,50672,869590716,5,0,0,2560,5,3204894265
6505,869604736,68840,869673576,3,0,0,11776,3,9788779629
6506,869605792,43904,869649696,4,0,0,512,4,6553050397
6507,869609699,1994,869611693,2,0,1,2048,2,9303953322
6508,869610767,104146,869714913,1,0,0,20992,1,1949615739
6509,869612612,95890,869708502,8,0,0,20992,8,3457620747
6510,869712591,71310,869783901,2,0,0,12288,2,8220555309
6511,869728320,96224,869824544,3,0,0,20992,3,2363844576
6512,869914511,5196,869919707,7,0,1,13312,7,3445910803
6513,869939842,103350,870043192,6,0,0,37376,6,5385071642
6514,870036980,58568,870095548,4,0,0,3072,4,9430068429
6515,870045488,50855,870096343,8,0,0,2560,8,4180232344
6516,870072676,98696,870171372,3,0,0,24064,3,6844059860
6517,870101506,106382,870207888,2,0,0,512,2,5710796009
6518,870114293,566,870114859,4,0,1,512,4,9880638157
6519,870142093,1042,870143135,0,0,1,1024,0,3302187464
6520,870160481,107588,870268069,5,0,0,53248,5,9790894118
6521,870224919,2470,870227389,0,0,1,2560,0,6569352390
6522,870263395,64734,870328129,1,0,0,8192,1,6902432663
6523,870280445,73316,870353761,3,0,0,16384,3,8231330509
6524,870337183,110864,870448047,9,0,0,64000,9,5617087790
6525,870519285,6278,870525563,7,0,1,6656,7,10683286787
6526,870536965,3898,870540863,4,0,1,4096,4,7284614727
6527,870560931,43904,870604835,4,0,0,512,4,10613126945
6528,870603938,95756,870699694,1,0,0,19456,1,3421970624
6529,870641458,103844,870745302,5,0,0,40960,5,90778945
6530,870738236,124162,870862398,6,0,0,84480,6,7914190304
6531,870747058,153800,870900858,9,0,0,64512,9,4510200205
6532,870767761,154748,870922509,2,0,0,2560,2,5553451243
6533,870830257,75182,870905439,7,0,0,9728,7,6054791512
6534,870841937,24357,870866294,4,0,1,10752,4,8686490091
6535,870865063,106208,870971271,1,0,0,10240,1,10044912106
6536,870925680,179827,871105507,5,0,0,72192,5,6125317317
6537,871004691,124402,871129093,5,0,0,52736,5,1189196063
6538,871018446,94564,871113010,3,0,0,24576,3,2765471148
6539,871053911,144993,871198904,2,0,0,59392,2,3466989360
6540,871071262,157546,871228808,0,0,0,16384,0,6136593241
6541,871220675,566,871221241,0,0,1,512,0,4036615715
6542,871256103,103064,871359167,2,0,0,38400,2,9188346393
6543,871347411,79436,871426847,6,0,0,11264,6,9396172156
6544,871404327,179542,871583869,9,0,0,35840,9,6889855298
6545,871413659,105092,871518751,1,0,0,45056,1,7838148958
6546,871414217,45596,871459813,2,0,0,1024,2,515285323
6547,871430621,204830,871635451,4,0,0,22528,4,2477597544
6548,871501109,103844,871604953,0,0,0,40960,0,5002473906
6549,871518585,148528,871667113,4,0,0,19456,4,5224856640
6550,871567155,1042,871568197,3,0,1,1024,3,6541975173
6551,871583640,108163,871691803,9,0,0,13824,9,5028368956
6552,871650748,1994,871652742,4,0,1,2048,4,8457710915
6553,871674194,100724,871774918,0,0,0,30720,0,2531245330
6554,871695129,105595,871800724,2,0,0,23552,2,1820177226
6555,871733719,97916,871831635,0,0,0,21504,0,2719531711
6556,871738243,85292,871823535,1,0,0,15360,1,5244083705
6557,871875288,123032,871998320,2,0,0,103936,2,10505660919
6558,871911591,103115,872014706,3,0,0,20480,3,10109001697
6559,871994686,111328,872106014,7,0,0,20480,7,9403725433
6560,872019185,94125,872113310,5,0,0,4096,5,6313194114
6561,872058085,113048,872171133,8,0,0,71168,8,6222084498
6562,872065750,4162,872069912,4,0,1,11264,4,3378348840
6563,872093300,1994,872095294,0,0,1,2048,0,795594845
6564,872130422,81596,872212018,7,0,0,13312,7,4044389127
6565,872163269,8898,872172167,5,0,1,1024,5,4648514109
6566,872243363,102596,872345959,8,0,0,36864,8,2287502932
6567,872326920,149374,872476294,3,0,0,100864,3,9280770161
6568,872328086,70976,872399062,6,0,0,8704,6,1399831525
6569,872344143,140449,872484592,0,0,0,10240,0,10015553249
6570,872381866,152985,872534851,0,0,0,69120,0,3821183496
6571,872382178,191841,872574019,2,0,0,36352,2,4880145675
6572,872402459,78998,872481457,3,0,0,16896,3,3939854091
6573,872522705,38617,872561322,9,0,1,48128,9,4253958173
6574,872535595,26086,872561681,4,0,1,9728,4,1503761542
6575,872589809,21916,872611725,7,0,1,35840,7,7293284973
6576,872789100,92972,872882072,0,0,0,15360,0,9125817308
6577,872881744,45916,872927660,3,0,0,1024,3,111913398
6578,872897682,103376,873001058,1,0,0,39424,1,4921654894
6579,872900277,153851,873054128,0,0,0,15872,0,595584089
6580,872911759,214051,873125810,1,0,0,129024,1,243188590
6581,872934736,201244,873135980,1,0,0,23552,1,8458108566
6582,873034126,94663,873128789,0,0,0,9728,0,3286708558
6583,873037184,107859,873145043,6,0,0,29696,6,7108676287
6584,873136352,108315,873244667,3,0,0,27136,3,6767628541
6585,873140497,178871,873319368,6,0,1,282624,6,6493757469
6586,873189844,196706,873386550,0,0,0,97280,0,1629597980
6587,873224621,163036,873387657,7,0,0,3584,7,607207332
6588,873253150,142419,873395569,1,0,0,3584,1,7646112779
6589,873277799,306426,873584225,6,0,0,42496,6,6972209696
6590,873299043,296932,873595975,6,0,0,29696,6,7289947268
6591,873308274,139702,873447976,2,0,0,2048,2,260178552
6592,873355626,157181,873512807,2,0,0,3584,2,2493631876
6593,873418461,2946,873421407,5,0,1,3072,5,90624351
6594,873467902,92972,873560874,5,0,0,15360,5,10633762523
6595,873522085,100224,873622309,5,0,0,4096,5,4366925366
6596,873543195,135805,873679000,4,0,0,23040,4,367842586
6597,873593717,63099,873656816,6,0,0,5632,6,5339574155
6598,873595950,86653,873682603,2,0,0,11776,2,7870270109
6599,873614736,118712,873733448,5,0,0,35328,5,8047771798
6600,873649070,183658,873832728,9,0,1,297472,9,3619160714
6601,873659798,322731,873982529,5,0,0,75264,5,3348365724
6602,873694970,326338,874021308,2,0,0,53760,2,8963221042
6603,873800222,404302,874204524,8,0,0,32768,8,9728490300
6604,873802264,258085,874060349,2,0,0,33792,2,6445929052
6605,873831744,3898,873835642,2,0,1,4096,2,6927390395
6606,873858754,315558,874174312,3,0,0,53248,3,5348056101
6607,873860998,131710,873992708,2,0,0,33280,2,2509064467
6608,873882825,1042,873883867,0,0,1,1024,0,4369199472
6609,873947426,152992,874100418,9,0,0,80384,9,2913600975
6610,873966311,311841,874278152,2,0,0,43520,2,4182544933
6611,873969774,175223,874144997,4,0,0,5120,4,9502648521
6612,873969805,238946,874208751,5,0,0,13824,5,9600289910
6613,873990224,6850,873997074,5,0,1,4608,5,7001532957
6614,874127185,100730,874227915,6,0,0,8704,6,6255314346
6615,874182373,566,874182939,2,0,1,512,2,9484671368
6616,874201813,8465,874210278,4,0,1,1536,4,6233178156
6617,874208227,7489,874215716,2,0,1,15872,2,8238592836
6618,874308146,165387,874473533,5,0,1,271872,5,6051524950
6619,874325089,256051,874581140,2,0,0,14336,2,1185137890
6620,874382588,94171,874476759,2,0,1,5120,2,10258939683
6621,874413133,168178,874581311,5,0,0,512,5,7590436062
6622,874451501,218952,874670453,7,0,0,27136,7,5558706542
6623,874520773,141397,874662170,5,0,0,1536,5,6788259350
6624,874591712,90366,874682078,0,0,0,21504,0,3732910352
6625,874602306,5326,874607632,9,0,1,5632,9,2655949456
6626,874737682,95024,874832706,7,0,0,27136,7,7432146880
6627,874774227,141491,874915718,1,0,0,57856,1,3090746765
6628,874777200,78548,874855748,0,0,0,18432,0,263398512
6629,874932227,57440,874989667,8,0,0,4608,8,9734203499
6630,874951413,566,874951979,0,0,1,512,0,2811144639
6631,874981900,109059,875090959,4,0,0,37376,4,472099114
6632,875294825,5196,875300021,0,0,1,13312,0,2797190773
6633,875314992,82088,875397080,3,0,0,19968,3,10508088837
6634,875328798,105574,875434372,0,0,0,21504,0,2592437398
6635,875377344,159500,875536844,3,0,0,24576,3,5633028131
6636,875477788,7706,875485494,7,0,1,8192,7,10321189058
6637,875518058,110874,875628932,8,0,0,27136,8,1545187833
6638,875569274,124578,875693852,3,0,0,66560,3,4739793465
6639,875591003,3387,875594390,8,0,1,9728,8,10059110453
6640,875605297,148657,875753954,6,0,0,35840,6,1382006111
6641,875638348,151582,875789930,5,0,0,43008,5,387465098
6642,875654683,206879,875861562,1,0,0,38400,1,1073337899
6643,875654939,107766,875762705,7,0,0,28672,7,5209206791
6644,875676125,20665,875696790,2,0,1,3072,2,5318364184
6645,875763796,175512,875939308,5,0,1,288256,5,1021565621
6646,875768238,176459,875944697,4,0,1,17408,4,10048311783
6647,875833736,130878,875964614,5,0,0,10752,5,6264229678
6648,875882187,134495,876016682,9,0,1,221696,9,3848370462
6649,875977944,183567,876161511,8,0,0,17408,8,7261983644
6650,875980316,235908,876216224,1,0,0,22016,1,10064932888
6651,875989672,147995,876137667,1,0,0,9728,1,7645333214
6652,876118382,156014,876274396,4,0,0,21504,4,6815659330
6653,876146460,5326,876151786,4,0,1,5632,4,6273979010
6654,876243324,101348,876344672,3,0,0,32768,3,9759796542
6655,876331154,99476,876430630,8,0,0,26624,8,10186061999
6656,876453130,64076,876517206,8,0,0,11264,8,6415561713
6657,876505764,106904,876612668,6,0,0,36864,6,6095045570
6658,876517752,72350,876590102,9,0,0,1024,9,4185618205
6659,876550198,3422,876553620,1,0,1,3584,1,9662666294
6660,876610555,74017,876684572,9,0,0,11776,9,82429135
6661,876613883,3898,876617781,5,0,1,4096,5,8434072334
6662,876774695,109460,876884155,1,0,0,59392,1,5065414661
6663,876917490,4374,876921864,7,0,1,4608,7,7512031779
6664,876939826,83312,877023138,6,0,0,18944,6,8822159214
6665,876971357,4374,876975731,7,0,1,4608,7,2727607917
6666,877026286,106964,877133250,6,0,0,51200,6,6767861674
6667,877049762,146086,877195848,5,0,0,28672,5,2181517738
6668,877118609,79438,877198047,7,0,0,7168,7,4473760049
6669,877121904,178392,877300296,4,0,0,116224,4,5708584199
6670,877160786,145609,877306395,4,0,0,19968,4,9774787301
6671,877348023,85760,877433783,3,0,0,16896,3,1448337432
6672,877438709,108680,877547389,4,0,0,56832,4,10279991392
6673,877453696,6278,877459974,7,0,1,6656,7,552162806
6674,877504664,113273,877617937,1,0,0,18944,1,7565164370
6675,877506522,102703,877609225,4,0,0,17920,4,5698068971
6676,877512788,4679,877517467,0,0,1,12288,0,6950714556
6677,877518308,4374,877522682,7,0,1,4608,7,4611276444
6678,877544310,5065,877549375,7,0,1,2048,7,7153854929
6679,877558142,97193,877655335,4,0,0,16896,4,4744924656
6680,877575854,80744,877656598,6,0,0,4096,6,9435211836
6681,877579497,149182,877728679,8,0,0,18432,8,4136439309
6682,877627607,1518,877629125,5,0,1,1536,5,651225813
6683,877706607,64076,877770683,4,0,0,11264,4,7227446931
6684,877792075,3422,877795497,4,0,1,3584,4,540450428
6685,877799446,198618,877998064,9,0,0,23040,9,9922938455
6686,877875220,2470,877877690,7,0,1,2560,7,7091082829
6687,877884462,64208,877948670,2,0,0,6656,2,8247591166
6688,877902703,163389,878066092,6,0,0,84992,6,5734398738
6689,877940784,138070,878078854,9,0,0,14848,9,7909757074
6690,877941319,132276,878073595,7,0,0,24576,7,2509912968
6691,878013874,99090,878112964,9,0,0,9728,9,7302934419
6692,878245063,5712,878250775,0,0,1,14336,0,2732971859
6693,878280424,170322,878450746,2,0,0,5120,2,3971874584
6694,878354113,43904,878398017,4,0,0,512,4,6295372944
6695,878400759,73760,878474519,8,0,0,12800,8,4958248844
6696,878461525,108680,878570205,3,0,0,56832,3,3713324634
6697,878543443,82556,878625999,6,0,0,21504,6,1908053100
6698,878582227,65900,878648127,2,0,0,7168,2,128329765
6699,878588686,69776,878658462,1,0,0,14848,1,747235025
6700,878635634,72068,878707702,1,0,0,12288,1,5075636621
6701,878657421,102787,878760208,5,0,0,32256,5,9903916705
6702,878734725,51296,878786021,5,0,0,4608,5,6562943704
6703,878769394,108295,878877689,4,0,0,15872,4,2823411679
6704,878792562,99287,878891849,0,0,0,22016,0,8634617076
6705,878913887,45596,878959483,4,0,0,1024,4,9478912769
6706,878924989,11791,878936780,7,0,1,19456,7,9363401146
6707,878928256,12070,878940326,4,0,1,5632,4,7299999098
6708,878934196,52526,878986722,9,0,0,3072,9,1030258867
6709,878940249,71600,879011849,8,0,0,10752,8,6994517388
6710,879030558,84512,879115070,1,0,0,12800,1,4356477315
6711,879148894,60824,879209718,2,0,0,5632,2,7632766529
6712,879195660,106028,879301688,9,0,0,48128,9,2897836493
6713,879328109,85136,879413245,2,0,0,14848,2,1455131591
6714,879410959,67890,879478849,3,0,0,11264,3,9266221839
6715,879458053,91668,879549721,1,0,0,9728,1,2755851520
6716,879461351,100724,879562075,9,0,0,30720,9,4932153744
6717,879487255,126594,879613849,1,0,0,58368,1,6069495602
6718,879527831,149150,879676981,5,0,0,11264,5,7698731072
6719,879544633,100356,879644989,3,0,0,2048,3,4608994252
6720,879575338,146127,879721465,5,0,0,31232,5,10457925364
6721,879585541,144051,879729592,1,0,0,26624,1,1028830246
6722,879627749,104978,879732727,9,0,0,10240,9,7236070857
6723,879718117,78522,879796639,2,0,0,10752,2,7674166321
6724,879745335,95296,879840631,8,0,0,24064,8,10483993350
6725,879822030,92996,879915026,2,0,0,20480,2,754201973
6726,879850821,138461,879989282,4,0,0,19968,4,1781323374
6727,879948170,84420,880032590,2,0,0,3584,2,2703072457
6728,879992425,79436,880071861,7,0,0,11264,7,1593328902
6729,880014353,64208,880078561,1,0,0,6656,1,1778638033
6730,880092351,49448,880141799,9,0,0,3584,9,3248443035
6731,880133532,60980,880194512,4,0,0,6144,4,4534376669
6732,880164080,97184,880261264,8,0,0,29184,8,733628421
6733,880184718,12737,880197455,8,0,1,24576,8,1807676094
6734,880258997,136943,880395940,3,0,0,2048,3,4695067857
6735,880286465,108836,880395301,9,0,0,57344,9,8214065635
6736,880363573,71376,880434949,3,0,0,13824,3,6341860690
6737,880533035,49604,880582639,1,0,0,4096,1,8578474168
6738,880587171,45752,880632923,8,0,0,1536,8,1062369694
6739,880636397,2470,880638867,5,0,1,2560,5,9036228193
6740,880642603,97292,880739895,7,0,0,19456,7,8927019385
6741,880695124,105560,880800684,2,0,0,46592,2,494536385
6742,880724978,138507,880863485,8,0,0,10240,8,645300300
6743,880769170,91180,880860350,6,0,0,12800,6,6017072306
6744,880781745,4374,880786119,4,0,1,4608,4,1132214186
6745,880785792,14907,880800699,7,0,1,7680,7,606068363
6746,880804458,81308,880885766,8,0,0,17408,8,7846049777
6747,880870150,43904,880914054,1,0,0,512,1,6090418802
6748,880943380,102284,881045664,4,0,0,35840,4,3229408776
6749,880944068,7230,880951298,7,0,1,7680,7,4483787598
6750,881017330,12308,881029638,5,0,1,20480,5,2467076625
6751,881204069,105560,881309629,1,0,0,46592,1,7570479977
6752,881265556,2870,881268426,7,0,1,8704,7,4872367864
6753,881286230,1518,881287748,9,0,1,1536,9,1590858148
6754,881292234,3128,881295362,9,0,1,9216,9,8098942664
6755,881292560,17084,881309644,2,0,1,2560,2,4364517779
6756,881300965,109239,881410204,7,0,0,30208,7,2955682379
6757,881392597,45596,881438193,8,0,0,1024,8,10568860024
6758,881568784,54056,881622840,6,0,0,3584,6,265757807
6759,881643293,54446,881697739,4,0,0,2560,4,10267621463
6760,881653211,105560,881758771,6,0,0,46592,6,1817913984
6761,881710103,5802,881715905,4,0,1,6144,4,8008902363
6762,881772981,99944,881872925,9,0,0,28160,9,7851874646
6763,881835756,101544,881937300,5,0,0,28672,5,7436541343
6764,881872909,143681,882016590,5,0,0,60928,5,8637793974
6765,881903220,3898,881907118,9,0,1,4096,9,4950248310
6766,882045781,91484,882137265,4,0,0,25600,4,4768787555
6767,882069265,174365,882243630,0,0,0,31744,0,6094522022
6768,882094975,42305,882137280,6,0,1,60416,6,8969497735
6769,882177225,55748,882232973,7,0,0,4096,7,9665415239
6770,882232712,50170,882282882,6,0,0,2048,6,1229888141
6771,882287664,91280,882378944,4,0,0,14848,4,3380446145
6772,882344803,5326,882350129,7,0,1,5632,7,8161133922
6773,882380862,5802,882386664,2,0,1,6144,2,7075067840
6774,882443658,1994,882445652,0,0,1,2048,0,10058296133
6775,882548339,93908,882642247,5,0,0,18432,5,4915931680
6776,882597862,10241,882608103,5,0,1,16384,5,4691696002
6777,882623198,98696,882721894,5,0,0,24064,5,3012607668
6778,882659623,1042,882660665,5,0,1,1024,5,20360718
6779,882821522,48980,882870502,7,0,0,2048,7,4643875500
6780,882869659,90843,882960502,9,0,0,17920,9,8131609461
6781,882896791,96915,882993706,9,0,0,8704,9,5548043170
6782,883011702,88988,883100690,1,0,0,17408,1,4058451843
6783,883019050,99632,883118682,7,0,0,27136,7,2447626557
6784,883024645,4937,883029582,0,0,1,12800,0,5362126123
6785,883058097,2870,883060967,7,0,1,8704,7,2793746376
6786,883058870,92847,883151717,7,0,0,6656,7,1640057746
6787,883070887,5802,883076689,4,0,1,6144,4,9155397325
6788,883096200,6476,883102676,9,0,1,2048,9,3243705216
6789,883155020,64208,883219228,6,0,0,6656,6,7366735999
6790,883158629,1994,883160623,9,0,1,2048,9,1480570386
6791,883204606,108109,883312715,1,0,0,39936,1,4868134061
6792,883234163,45596,883279759,6,0,0,1024,6,6895032214
6793,883276494,95624,883372118,9,0,0,24064,9,3606004686
6794,883317674,2870,883320544,4,0,1,8704,4,19720210
6795,883326882,110708,883437590,5,0,0,63488,5,142355003
6796,883384686,5971,883390657,4,0,1,14848,4,7602761337
6797,883404765,5196,883409961,4,0,1,13312,4,5394203209
6798,883449113,566,883449679,9,0,1,512,9,7343932065
6799,883466286,110764,883577050,1,0,0,22528,1,10399201890
6800,883508506,73551,883582057,1,0,0,16384,1,7165975853
6801,883526030,67850,883593880,9,0,0,1024,9,1843748981
6802,883630458,50672,883681130,0,0,0,2560,0,2258909746
6803,883695816,64208,883760024,6,0,0,6656,6,8471772389
6804,883724909,83853,883808762,8,0,0,9216,8,9152528539
6805,883777724,52578,883830302,0,0,0,2048,0,308608240
6806,883812750,78392,883891142,2,0,0,17920,2,4502173066
6807,883926326,1518,883927844,9,0,1,1536,9,6148533878
6808,883990353,111800,884102153,7,0,0,67072,7,9490126253
6809,883998172,124021,884122193,5,0,0,16896,5,524801737
6810,884001434,261057,884262491,5,0,0,22528,5,5739144397
6811,884023399,176680,884200079,7,0,0,44544,7,6167192239
6812,884034196,139243,884173439,4,0,0,62976,4,6431012929
6813,884035907,103501,884139408,8,0,0,5120,8,9418679930
6814,884039811,297578,884337389,2,0,0,35328,2,3080154018
6815,884069823,168878,884238701,1,0,0,18944,1,7643052212
6816,884085269,319050,884404319,8,0,0,52224,8,6808612210
6817,884114684,88374,884203058,9,0,0,9728,9,3352121104
6818,884165055,66345,884231400,3,0,0,5120,3,7627870998
6819,884240042,3422,884243464,0,0,1,3584,0,6965487658
6820,884318744,104156,884422900,3,0,0,41984,3,1649774419
6821,884460207,60824,884521031,9,0,0,5632,9,536413683
6822,884470153,60980,884531133,8,0,0,6144,8,1446243733
6823,884479117,74360,884553477,1,0,0,9728,1,6207859529
6824,884487303,123588,884610891,7,0,0,39936,7,4252618328
6825,884546030,7462,884553492,2,0,1,12800,2,781596344
6826,884599635,113844,884713479,9,0,0,36864,9,855345333
6827,884622047,120658,884742705,3,0,0,5632,3,10598538703
6828,884632079,24670,884656749,6,0,1,44544,6,10025037290
6829,884690559,95719,884786278,9,0,0,16384,9,8152275735
6830,884707508,158682,884866190,9,0,0,12288,9,3056820516
6831,884759271,3387,884762658,4,0,1,9728,4,6444482288
6832,884784375,4841,884789216,9,0,1,3072,9,494890857
6833,884848559,3387,884851946,4,0,1,9728,4,5150447478
6834,884970906,48980,885019886,3,0,0,2048,3,4212336396
6835,885058648,130520,885189168,4,0,0,128512,4,2210983273
6836,885086311,144485,885230796,3,0,0,15872,3,2165234102
6837,885210878,7230,885218108,5,0,1,7680,5,7690663219
6838,885222224,59132,885281356,1,0,0,5120,1,3729145926
6839,885255283,73136,885328419,4,0,0,10752,4,583957646
6840,885268843,67592,885336435,0,0,0,7680,0,3008223551
6841,885299041,48980,885348021,3,0,0,2048,3,8200513244
6842,885322184,96560,885418744,6,0,0,27136,6,5443824807
6843,885326369,112919,885439288,1,0,0,18944,1,103611281
6844,885395717,142643,885538360,6,0,0,4096,6,8785389482
6845,885400392,94064,885494456,9,0,0,18944,9,5254790176
6846,885404025,119233,885523258,8,0,0,66560,8,5781751649
6847,885406049,137630,885543679,4,0,0,17408,4,1028847902
6848,885428361,160061,885588422,6,0,0,3584,6,869281078
6849,885433656,145418,885579074,4,0,0,8192,4,3121756955
6850,885525276,97408,885622684,5,0,0,21504,5,8127940036
6851,885533255,69908,885603163,4,0,0,10240,4,12255248
6852,885604875,94064,885698939,6,0,0,18944,6,4565956064
6853,885683550,566,885684116,9,0,1,512,9,5397961156
6854,885686099,102440,885788539,8,0,0,36352,8,9384364347
6855,885718845,13341,885732186,7,0,1,22528,7,5813445634
6856,885760270,195056,885955326,6,0,0,53760,6,1142608297
6857,885766422,54272,885820694,8,0,0,5632,8,3773725689
6858,885780304,91563,885871867,0,0,0,5120,0,8323485599
6859,885782040,12487,885794527,0,0,1,14848,0,9137250826
6860,885812096,108802,885920898,6,0,0,16384,6,3395238704
6861,885871879,87050,885958929,7,0,0,11776,7,3877236102
6862,885965182,63296,886028478,7,0,0,8704,7,1843567899
6863,886021015,1518,886022533,0,0,1,1536,0,7828119403
6864,886024170,84512,886108682,6,0,0,12800,6,9298298307
6865,886024986,108212,886133198,9,0,0,55296,9,9209431072
6866,886065162,135849,886201011,5,0,0,12288,5,5896251467
6867,886085499,100049,886185548,2,0,0,23552,2,7907572977
6868,886110340,3387,886113727,0,0,1,9728,0,3638357042
6869,886189720,1518,886191238,9,0,1,1536,9,4499708974
6870,886198142,99865,886298007,3,0,0,23552,3,1937630801
6871,886224950,91315,886316265,3,0,0,11776,3,9659845755
6872,886319216,99944,886419160,2,0,0,28160,2,5178058106
6873,886364660,5454,886370114,4,0,1,13824,4,6265924209
6874,886367243,4497,886371740,4,0,1,2560,4,2457227091
6875,886375946,65900,886441846,2,0,0,7168,2,7504504303
6876,886534945,99944,886634889,5,0,0,28160,5,3233496397
6877,886575222,69620,886644842,3,0,0,14336,3,6597465744
6878,886616289,63608,886679897,1,0,0,9728,1,1812531033
6879,886623998,566,886624564,4,0,1,512,4,3969495484
6880,886627120,131468,886758588,2,0,0,69632,2,7661561051
6881,886641131,61188,886702319,1,0,0,1536,1,7998048095
6882,886721499,104790,886826289,6,0,0,28672,6,9041938916
6883,886728552,156939,886885491,0,0,0,35328,0,5152832457
6884,886756039,89287,886845326,8,0,0,6656,8,4032260803
6885,886764383,276972,887041355,2,0,0,94720,2,3285749381
6886,886813614,12690,886826304,9,0,1,15872,9,5160242698
6887,886824444,36389,886860833,6,0,1,60416,6,8620557497
6888,886879554,92282,886971836,3,0,0,5120,3,4336759892
6889,886895297,5802,886901099,9,0,1,6144,9,28792310
6890,887043401,103688,887147089,3,0,0,40448,3,6181106242
6891,887102053,148200,887250253,1,0,0,79360,1,1730407582
6892,887154448,111345,887265793,5,0,0,19456,5,3361012745
6893,887198146,115767,887313913,2,0,0,13824,2,4050508268
6894,887270675,1518,887272193,4,0,1,1536,4,1795058476
6895,887311571,26576,887338147,6,0,1,40448,6,1568943221
6896,887316851,112803,887429654,1,0,0,39424,1,8315264971
6897,887342652,70258,887412910,1,0,0,3584,1,5147997390
6898,887395785,2870,887398655,2,0,1,8704,2,8569511633
6899,887409830,3387,887413217,5,0,1,9728,5,9744997107
6900,887491495,55748,887547243,0,0,0,4096,0,4993316012
6901,887578068,1042,887579110,5,0,1,1024,5,9422396007
6902,887787205,54056,887841261,8,0,0,3584,8,1804374905
6903,887797946,7230,887805176,2,0,1,7680,2,4870535124
6904,887799591,117148,887916739,8,0,0,30720,8,9653433261
6905,887949771,64208,888013979,7,0,0,6656,7,10611062318
6906,887994637,96536,888091173,8,0,0,22016,8,7457398046
6907,888071964,54986,888126950,8,0,0,6144,8,4421762009
6908,888092134,99476,888191610,2,0,0,26624,2,3230391279
6909,888140288,97594,888237882,5,0,0,19968,5,2083791290
6910,888176999,112849,888289848,4,0,0,23040,4,2572242086
6911,888283178,65794,888348972,8,0,0,5120,8,10457401578
6912,888347426,121907,888469333,1,0,0,67584,1,434814901
6913,888357377,89563,888446940,2,0,0,1536,2,3526028770
6914,888385279,143376,888528655,5,0,0,34304,5,2348923888
6915,888434329,68684,888503013,7,0,0,11264,7,3458465688
6916,888443974,62516,888506490,2,0,0,6144,2,9521419336
6917,888498307,58619,888556926,3,0,0,3072,3,9552742262
6918,888591938,1042,888592980,2,0,1,1024,2,9822208997
6919,888622231,97136,888719367,5,0,0,18944,5,5884594074
6920,888652213,118802,888771015,5,0,0,45056,5,8065074765
6921,888747990,23040,888771030,5,0,1,16384,5,6333898617
6922,888779615,214684,888994299,9,0,0,26624,9,8383329383
6923,888870100,113903,888984003,2,0,0,58368,2,7783012608
6924,888919409,189504,889108913,0,0,0,32768,0,9922465993
6925,888928545,95312,889023857,5,0,0,23040,5,7052477887
6926,888951247,99436,889050683,8,0,0,4096,8,3721578946
6927,888958429,73493,889031922,3,0,0,1024,3,5404882455
6928,888976993,54602,889031595,5,0,0,2560,5,3291222877
6929,888991549,96830,889088379,3,0,0,24064,3,4840303745
6930,889062968,77179,889140147,6,0,0,10240,6,9739058401
6931,889123401,4374,889127775,0,0,1,4608,0,9023269570
6932,889129767,10395,889140162,4,0,1,8192,4,4931723410
6933,889143124,91592,889234716,2,0,0,15872,2,6832125792
6934,889183285,3904,889187189,2,0,1,10752,2,5730154620
6935,889209474,71600,889281074,6,0,0,10752,6,8409683448
6936,889278781,62124,889340905,0,0,0,2048,0,7675283641
6937,889290866,1042,889291908,0,0,1,1024,0,1241967201
6938,889335401,57440,889392841,7,0,0,4608,7,7800909044
6939,889341967,6229,889348196,7,0,1,15360,7,7002861393
6940,889475976,50672,889526648,2,0,0,2560,2,9379139252
6941,889561741,90392,889652133,0,0,0,22016,0,3313611951
6942,889589216,156098,889745314,8,0,0,16896,8,807333500
6943,889597456,106181,889703637,8,0,0,17408,8,5040610380
6944,889597863,2470,889600333,5,0,1,2560,5,2738491333
6945,889680074,129338,889809412,4,0,0,19456,4,6654007155
6946,889686427,3898,889690325,9,0,1,4096,9,1893571958
6947,889730930,62516,889793446,8,0,0,6144,8,7823281232
6948,889767359,47288,889814647,3,0,0,1536,3,2839004324
6949,889830030,45596,889875626,5,0,0,1024,5,2054474120
6950,889870566,52364,889922930,9,0,0,3072,9,6770639985
6951,889905470,68996,889974466,5,0,0,12288,5,8452025677
6952,889919569,43904,889963473,5,0,0,512,5,10316632162
6953,890015413,4850,890020263,2,0,1,5120,2,2668007814
6954,890024632,95810,890120442,2,0,0,13312,2,2675904643
6955,890112015,48980,890160995,1,0,0,2048,1,10535163899
6956,890210657,82820,890293477,7,0,0,12288,7,8065652612
6957,890238563,4679,890243242,2,0,1,12288,2,4249548428
6958,890245423,75777,890321200,0,0,0,13312,0,2648179379
6959,890271180,147854,890419034,2,0,0,32768,2,7435644617
6960,890277883,4162,890282045,4,0,1,11264,4,10235763664
6961,890296896,5326,890302222,9,0,1,5632,9,3558723565
6962,890326256,130326,890456582,8,0,0,14848,8,5812963037
6963,890351685,241136,890592821,4,0,0,35328,4,7599429964
6964,890357809,71082,890428891,1,0,0,4608,1,2537101680
6965,890371451,165347,890536798,7,0,0,4608,7,1603527898
6966,890377700,178434,890556134,3,0,0,36864,3,7009062307
6967,890421231,114140,890535371,1,0,0,74752,1,511554571
6968,890441846,172251,890614097,5,0,0,19456,5,10228966459
6969,890520692,112368,890633060,1,0,0,8704,1,7291455374
6970,890524716,31433,890556149,4,0,1,22528,4,4343250755
6971,890538849,79951,890618800,2,0,0,15360,2,6624737200
6972,890553638,4514,890558152,2,0,1,2048,2,9896183715
6973,890553905,5747,890559652,5,0,1,8704,5,2940883761
6974,890575687,151541,890727228,5,0,0,50688,5,2121300982
6975,890613019,10590,890623609,7,0,1,5120,7,5349702937
6976,890630236,119932,890750168,1,0,0,7680,1,4312519967
6977,890662778,12825,890675603,0,0,1,21504,0,8743630728
6978,890752636,48980,890801616,1,0,0,2048,1,1070054458
6979,890791107,66524,890857631,4,0,0,9216,4,3140955921
6980,890814737,55748,890870485,0,0,0,4096,0,7733524797
6981,890959647,57596,891017243,4,0,0,5120,4,3413202878
6982,891000764,73160,891073924,0,0,0,15872,0,6124842415
6983,891018115,99164,891117279,2,0,0,25600,2,3444683869
6984,891041840,111796,891153636,3,0,0,2048,3,9136048981
6985,891042835,21658,891064493,6,0,1,35328,6,7394009403
6986,891045816,146892,891192708,8,0,0,14336,8,906978377
6987,891055996,144716,891200712,9,0,0,3072,9,5404316362
6988,891077087,105487,891182574,4,0,0,40448,4,7124582077
6989,891150569,100645,891251214,7,0,0,21504,7,5851314953
6990,891225822,6754,891232576,4,0,1,7168,4,1237159613
6991,891250869,45933,891296802,8,0,0,1024,8,8470615580
6992,891321425,101816,891423241,4,0,0,34304,4,7457972741
6993,891355569,93284,891448853,4,0,0,16384,4,1065274302
6994,891379032,90059,891469091,8,0,0,1024,8,46531125
6995,891401113,4679,891405792,7,0,1,12288,7,3220745246
6996,891500394,101991,891602385,5,0,0,25088,5,5747401652
6997,891509566,85160,891594726,0,0,0,19968,0,9222866500
6998,891543723,13600,891557323,7,0,1,23040,7,945670785
6999,891571633,1042,891572675,2,0,1,1024,2,2105185780
7000,891635592,66080,891701672,5,0,0,12800,5,9905329680
7001,891761148,80372,891841520,2,0,0,14336,2,4516732456
7002,891778312,125920,891904232,6,0,1,208384,6,2817247854
7003,891838494,215347,892053841,9,0,0,6144,9,7647061312
7004,891868709,220689,892089398,1,0,0,10752,1,544590541
7005,891893659,11034,891904693,7,0,1,10240,7,5735674652
7006,892002676,134710,892137386,1,0,0,9728,1,7409774376
7007,892074097,92216,892166313,2,0,0,17920,2,9180393119
7008,892077840,104409,892182249,5,0,0,9728,5,1192225972
7009,892185434,91172,892276606,4,0,0,24576,4,3698043524
7010,892233382,5971,892239353,7,0,1,14848,7,6834713208
7011,892262856,67616,892330472,4,0,0,12800,4,5211385680
7012,892271073,175512,892446585,1,0,0,25088,1,8274359123
7013,892274167,88684,892362851,9,0,0,18432,9,2800562694
7014,892306562,2946,892309508,2,0,1,3072,2,7861746648
7015,892351289,4679,892355968,5,0,1,12288,5,4227733110
7016,892428204,119647,892547851,1,0,0,2048,1,3108423715
7017,892429409,101660,892531069,0,0,0,33792,0,429202183
7018,892454929,4374,892459303,7,0,1,4608,7,9135777759
7019,892541724,7706,892549430,4,0,1,8192,4,2917233546
7020,892545041,84980,892630021,9,0,0,14336,9,9898027737
7021,892567405,53538,892620943,6,0,0,3584,6,8607187065
7022,892567510,73581,892641091,1,0,0,9216,1,7441789883
7023,892575676,138201,892713877,3,0,0,30208,3,6622060261
7024,892600778,128663,892729441,6,0,0,40960,6,2806596147
7025,892650189,117094,892767283,2,0,0,12800,2,7610970021
7026,892690736,77342,892768078,4,0,0,2560,4,6802711833
7027,892716314,133691,892850005,5,0,0,56320,5,1734569884
7028,892755933,119626,892875559,5,0,0,28160,5,3221443697
7029,892762987,102128,892865115,7,0,0,35328,7,2432023327
7030,892768798,1042,892769840,0,0,1,1024,0,4926810910
7031,892912105,101036,893013141,8,0,0,31744,8,628314750
7032,892965899,130305,893096204,9,0,0,2048,9,8992957249
7033,892992501,103064,893095565,8,0,0,38400,8,1749173272
7034,893007505,173860,893181365,6,0,0,75264,6,4238145656
7035,893020989,100032,893121021,3,0,0,18944,3,441771394
7036,893046623,189498,893236121,6,0,0,10752,6,6134906695
7037,893184017,168260,893352277,0,0,0,151552,0,6486958505
7038,893238585,12825,893251410,2,0,1,21504,2,2983360547
7039,893274987,90550,893365537,0,0,0,16384,0,5352812025
7040,893297220,92719,893389939,0,0,0,4608,0,6637352728
7041,893336549,20094,893356643,5,0,1,4608,5,403328632
7042,893389378,4457,893393835,7,0,1,10752,7,1028618000
7043,893431896,104936,893536832,0,0,0,44544,0,168940366
7044,893440982,186967,893627949,0,0,0,9216,0,5319835946
7045,893479112,72668,893551780,0,0,0,9216,0,2346784168
7046,893506708,5802,893512510,0,0,1,6144,0,2451519527
7047,893507241,90788,893598029,3,0,0,3584,3,10692124631
7048,893525629,14158,893539787,7,0,1,3072,7,1035821204
7049,893535818,80647,893616465,2,0,0,16896,2,2730164746
7050,893557433,111298,893668731,5,0,0,51200,5,3487524008
7051,893582491,209115,893791606,5,0,0,8192,5,9189828381
7052,893591046,88057,893679103,8,0,0,2560,8,2803411879
7053,893603528,7230,893610758,6,0,1,7680,6,3370195377
7054,893622640,106757,893729397,8,0,0,42496,8,6472353800
7055,893632663,288165,893920828,9,0,0,43008,9,4104225053
7056,893710162,122843,893833005,2,0,0,12288,2,1260563384
7057,893756861,80995,893837856,1,0,0,15872,1,8070409576
7058,893759032,138633,893897665,3,0,0,61440,3,10197903113
7059,893766303,162340,893928643,4,0,0,25600,4,7689854066
7060,893813631,121006,893934637,8,0,0,4096,8,9859559741
7061,893960737,56840,894017577,3,0,0,7680,3,3921461048
7062,894074019,10241,894084260,5,0,1,16384,5,1617660649
7063,894082900,5971,894088871,7,0,1,14848,7,9101646242
7064,894138835,97280,894236115,2,0,0,19456,2,2774129813
7065,894267891,64208,894332099,6,0,0,6656,6,6715069444
7066,894329362,43904,894373266,4,0,0,512,4,7207421333
7067,894342322,104624,894446946,2,0,0,43520,2,3672197230
7068,894493731,92996,894586727,7,0,0,20480,7,2997583636
7069,894519692,70638,894590330,1,0,0,11776,1,10111806350
7070,894660501,102284,894762785,0,0,0,35840,0,679043204
7071,894687117,81566,894768683,2,0,0,8704,2,3861453605
7072,894741386,47756,894789142,1,0,0,3072,1,6745355994
7073,894784975,43904,894828879,3,0,0,512,3,2686697242
7074,894828677,6915,894835592,0,0,1,7168,0,4544539756
7075,894830759,105183,894935942,8,0,0,39424,8,379293845
7076,894851781,194041,895045822,6,0,1,314368,6,929254599
7077,894967829,212545,895180374,5,0,0,13824,5,8818212217
7078,895034614,212241,895246855,7,0,0,29184,7,9555693231
7079,895069886,213383,895283269,2,0,0,56832,2,7060088828
7080,895075097,144512,895219609,1,0,0,9216,1,3316363281
7081,895173180,7209,895180389,9,0,1,4096,9,3234423853
7082,895276727,60590,895337317,6,0,0,3584,6,5333901375
7083,895282170,5490,895287660,5,0,1,4608,5,118323021
7084,895287347,82820,895370167,9,0,0,12288,9,4349547618
7085,895358728,84512,895443240,6,0,0,12800,6,3803086533
7086,895445697,24670,895470367,6,0,1,44544,6,211918612
7087,895515970,566,895516536,7,0,1,512,7,8861355321
7088,895683233,81128,895764361,9,0,0,11776,9,3141007462
7089,895698153,1518,895699671,7,0,1,1536,7,9290515319
7090,895763999,920,895764919,4,0,1,512,4,6272028038
7091,895787896,11533,895799429,0,0,1,18944,0,3125086461
7092,895806074,89479,895895553,6,0,0,3072,6,9148684050
7093,895875585,114920,895990505,1,0,0,77312,1,7622508511
7094,895877499,148772,896026271,4,0,0,32256,4,2166401324
7095,895899991,4374,895904365,5,0,1,4608,5,84832117
7096,895944576,86569,896031145,9,0,0,10240,9,7467691877
7097,895948662,79348,896028010,1,0,0,5632,1,7906217490
7098,895948967,165547,896114514,7,0,0,62464,7,8539954168
7099,895965091,114106,896079197,4,0,0,43520,4,7486443150
7100,896018144,116859,896135003,7,0,0,13824,7,4716787207
7101,896047704,95189,896142893,7,0,0,18432,7,7119566476
7102,896149919,123812,896273731,6,0,0,106496,6,9273415679
7103,896155411,3387,896158798,0,0,1,9728,0,1754838117
7104,896222148,243593,896465741,9,0,0,24064,9,4575932268
7105,896223566,5712,896229278,0,0,1,14336,0,7760925839
7106,896237058,73417,896310475,2,0,0,5120,2,10138190289
7107,896284345,161668,896446013,9,0,0,9728,9,4439786470
7108,896315257,2946,896318203,0,0,1,3072,0,10399783007
7109,896355951,132920,896488871,2,0,0,3072,2,5851541393
7110,896373127,111802,896484929,5,0,0,21504,5,5906567371
7111,896375808,93848,896469656,2,0,0,12800,2,6245370971
7112,896533537,83288,896616825,7,0,0,13824,7,1658171976
7113,896772929,67904,896840833,8,0,0,8704,8,9774544314
7114,896775549,96520,896872069,3,0,0,20480,3,5205070495
7115,896855298,1518,896856816,0,0,1,1536,0,964146320
7116,897019155,3645,897022800,2,0,1,10240,2,9852371024
7117,897065666,6754,897072420,2,0,1,7168,2,4610130467
7118,897170081,83624,897253705,7,0,0,19968,7,7849843629
7119,897271302,101660,897372962,5,0,0,33792,5,3760416164
7120,897282186,69284,897351470,3,0,0,8192,3,2798266126
7121,897282557,96660,897379217,9,0,0,20480,9,8683737150
7122,897387643,124280,897511923,1,0,0,108032,1,7822569250
7123,897389653,148802,897538455,0,0,0,33792,0,8962220424
7124,897409493,221362,897630855,3,0,0,37376,3,6717548412
7125,897411456,109701,897521157,7,0,0,6144,7,4341308130
7126,897455157,13253,897468410,5,0,1,25600,5,1019547857
7127,897518364,179301,897697665,4,0,0,28672,4,6199666579
7128,897576548,54478,897631026,9,0,0,512,9,10462007338
7129,897664027,3128,897667155,5,0,1,9216,5,2734943952
7130,897668350,75452,897743802,1,0,0,13312,1,5440545367
7131,897725697,7230,897732927,2,0,1,7680,2,10696164127
7132,897815126,104780,897919906,9,0,0,44032,9,3342009286
7133,897835504,87693,897923197,4,0,0,10752,4,4051067040
7134,897950145,104936,898055081,6,0,0,44544,6,6812131091
7135,897961509,108944,898070453,2,0,0,14336,2,289073972
7136,898010147,130308,898140455,1,0,0,31232,1,1690741280
7137,898012565,4850,898017415,8,0,1,5120,8,3782279801
7138,898120026,58145,898178171,0,0,0,1536,0,3214688659
7139,898168101,5326,898173427,7,0,1,5632,7,10461740294
7140,898181346,108212,898289558,5,0,0,55296,5,9069162068
7141,898185449,150613,898336062,8,0,0,2048,8,9045070868
7142,898251943,48980,898300923,1,0,0,2048,1,2126281467
7143,898337367,3645,898341012,5,0,1,10240,5,6395877887
7144,898346904,99944,898446848,3,0,0,28160,3,2980862334
7145,898407560,91172,898498732,9,0,0,24576,9,6747088930
7146,898476176,63764,898539940,5,0,0,10240,5,8698378868
7147,898478593,107588,898586181,8,0,0,53248,8,37220294
7148,898532757,21658,898554415,6,0,1,35328,6,3738848310
7149,898558542,4679,898563221,7,0,1,12288,7,6807648975
7150,898587629,2946,898590575,7,0,1,3072,7,3051322639
7151,898621631,175059,898796690,1,0,0,15360,1,8042009449
7152,898647215,144772,898791987,2,0,0,52736,2,8536190863
7153,898663051,82556,898745607,2,0,0,21504,2,6277545961
7154,898688487,134058,898822545,0,0,0,10752,0,9497021910
7155,898778567,140716,898919283,8,0,0,95232,8,9505361023
7156,898848841,133478,898982319,2,0,0,27648,2,8675726463
7157,898878171,41127,898919298,2,0,1,24576,2,3318672626
7158,898918299,168143,899086442,8,0,0,3584,8,4830968312
7159,898946881,182221,899129102,6,0,0,27648,6,2838103724
7160,898959454,105404,899064858,9,0,0,46080,9,5567348299
7161,899097257,101192,899198449,7,0,0,32256,7,4101780049
7162,899135956,24412,899160368,6,0,1,44032,6,1857102358
7163,899178991,266345,899445336,8,0,0,40960,8,10140004378
7164,899188989,102424,899291413,2,0,0,15360,2,10217317597
7165,899218161,199659,899417820,8,0,0,23040,8,6841271532
7166,899238999,1994,899240993,9,0,1,2048,9,10580757239
7167,899246902,118029,899364931,3,0,0,28672,3,9314314989
7168,899286952,81464,899368416,9,0,0,2048,9,2624663053
7169,899301502,64848,899366350,7,0,0,4608,7,3481102405
7170,899529523,6278,899535801,6,0,1,6656,6,2223662617
7171,899550663,47288,899597951,8,0,0,1536,8,10534366910
7172,899563272,4374,899567646,2,0,1,4608,2,7365521025
7173,899574882,56216,899631098,8,0,0,5632,8,5674198875
7174,899575300,2946,899578246,5,0,1,3072,5,7845179374
7175,899599850,117714,899717564,4,0,0,61440,4,4906188356
7176,899663593,134329,899797922,8,0,0,92160,8,732491246
7177,899680003,165511,899845514,4,0,0,87040,4,9198165783
7178,899680644,165353,899845997,6,0,0,1536,6,5903455794
7179,899729421,3422,899732843,9,0,1,3584,9,2719278904
7180,899769596,109466,899879062,7,0,0,5632,7,6350927914
7181,899830695,84578,899915273,5,0,0,8192,5,3725988576
7182,899872597,101036,899973633,8,0,0,31744,8,917315978
7183,899878028,129984,900008012,6,0,0,13824,6,993091315
7184,899921685,10499,899932184,6,0,1,16896,6,10320904288
7185,899943873,122183,900066056,8,0,0,43008,8,9421606389
7186,899996913,125623,900122536,0,0,0,1536,0,8380293073
7187,900008280,4850,900013130,3,0,1,5120,3,10574265739
7188,900029998,69308,900099306,6,0,0,13312,6,1550089873
7189,900056316,21798,900078114,0,0,1,19968,0,5110928079
7190,900056829,81223,900138052,9,0,0,2048,9,8704906731
7191,900133424,12308,900145732,1,0,1,20480,1,8570325431
7192,900157752,79592,900237344,3,0,0,11776,3,8186842022
7193,900246004,64232,900310236,3,0,0,11776,3,895753557
7194,900326332,55748,900382080,9,0,0,4096,9,2597745459
7195,900408229,95132,900503361,4,0,0,17408,4,3818511836
7196,900442226,3898,900446124,6,0,1,4096,6,2921201856
7197,900469565,135546,900605111,7,0,0,2048,7,4228902361
7198,900507000,43904,900550904,8,0,0,512,8,9763626392
7199,900534742,101660,900636402,8,0,0,33792,8,8580315721
7200,900661881,1042,900662923,0,0,1,1024,0,3812094994
7201,900684658,84068,900768726,9,0,0,16384,9,2223031815
7202,900728690,87632,900816322,5,0,0,23040,5,8647602275
7203,900796088,84068,900880156,6,0,0,16384,6,5555035142
7204,900905604,99476,901005080,3,0,0,26624,3,9837007795
7205,900973085,92060,901065145,3,0,0,17408,3,3189249882
7206,901012194,155205,901167399,2,0,0,51200,2,3541516367
7207,901047299,73677,901120976,5,0,0,5632,5,268127310
7208,901054179,150384,901204563,4,0,0,16896,4,3917072477
7209,901228498,13600,901242098,9,0,1,23040,9,4435967184
7210,901233190,58125,901291315,8,0,0,4096,8,9455082900
7211,901237233,96786,901334019,0,0,0,2048,0,5594432247
7212,901317777,5196,901322973,5,0,1,13312,5,9258152408
7213,901423451,87164,901510615,9,0,0,21504,9,4375410917
7214,901430067,171170,901601237,2,0,0,109568,2,7071005180
7215,901482918,1994,901484912,7,0,1,2048,7,135916644
7216,901496299,4374,901500673,4,0,1,4608,4,4193393484
7217,901528866,112722,901641588,8,0,0,48128,8,9269263151
7218,901554834,111584,901666418,0,0,0,8192,0,9473189032
7219,901656376,2946,901659322,9,0,1,3072,9,10423458399
7220,901679907,14545,901694452,4,0,1,28160,4,3257406294
7221,901681510,14888,901696398,7,0,1,3072,7,2983536558
7222,901862042,65900,901927942,1,0,0,7168,1,7268400014
7223,901868491,81464,901949955,2,0,0,17920,2,1265643443
7224,902019572,121316,902140888,5,0,0,98304,5,6893224050
7225,902037777,123679,902161456,7,0,0,29696,7,6662491485
7226,902042087,5326,902047413,0,0,1,5632,0,6849341060
7227,902047746,1042,902048788,6,0,1,1024,6,3763270835
7228,902074958,93362,902168320,4,0,0,4608,4,6649300423
7229,902077069,149914,902226983,9,0,0,30720,9,534143062
7230,902320602,86516,902407118,7,0,0,14336,7,9561713858
7231,902331829,54056,902385885,8,0,0,3584,8,858945014
7232,902334926,58064,902392990,9,0,0,6656,9,10189160562
7233,902362509,70532,902433041,9,0,0,12288,9,7520360341
7234,902368677,82997,902451674,2,0,0,2048,2,2042156225
7235,902414263,52364,902466627,7,0,0,3072,7,4262920319
7236,902512877,1518,902514395,7,0,1,1536,7,9917789351
7237,902523526,209560,902733086,5,0,0,76800,5,9512755335
7238,902531665,2470,902534135,4,0,1,2560,4,7629469678
7239,902627317,7230,902634547,4,0,1,7680,4,6232811852
7240,902641929,141971,902783900,4,0,0,30720,4,3809910946
7241,902661899,77924,902739823,3,0,0,16384,3,4207597874
7242,902689379,148739,902838118,3,0,0,29696,3,1154714140
7243,902750708,48980,902799688,3,0,0,2048,3,9997855595
7244,902767347,73126,902840473,9,0,0,7680,9,5417232621
7245,902790899,55748,902846647,1,0,0,4096,1,6863385536
7246,902823871,126378,902950249,2,0,0,111104,2,1697577282
7247,902966359,50672,903017031,2,0,0,2560,2,7868565540
7248,902999617,4937,903004554,5,0,1,12800,5,4378913614
7249,903012177,58844,903071021,3,0,0,9216,3,6596849140
7250,903087547,50672,903138219,8,0,0,2560,8,3857335475
7251,903088778,122864,903211642,1,0,0,23552,1,5206709030
7252,903204759,133430,903338189,1,0,0,6144,1,10670155088
7253,903223722,112580,903336302,5,0,0,69632,5,8773169883
7254,903240766,11274,903252040,5,0,1,18432,5,7108963391
7255,903376595,150314,903526909,0,0,0,47104,0,5806165739
7256,903424665,50672,903475337,4,0,0,2560,4,6353083244
7257,903460416,3904,903464320,6,0,1,10752,6,681947285
7258,903617414,54056,903671470,3,0,0,3584,3,5280488208
7259,903711456,57596,903769052,2,0,0,5120,2,5936276765
7260,903750530,1994,903752524,7,0,1,2048,7,7063966543
7261,903857841,59132,903916973,2,0,0,5120,2,7001219014
7262,903882019,100880,903982899,5,0,0,31232,5,7119576006
7263,903887146,167447,904054593,5,0,0,48640,5,6872115679
7264,903947472,120915,904068387,5,0,0,2048,5,2373066632
7265,904280697,34537,904315234,4,0,1,60416,4,7001648202
7266,904315528,3898,904319426,0,0,1,4096,0,3220977547
7267,904357351,3422,904360773,2,0,1,3584,2,9843039539
7268,904367914,94220,904462134,4,0,0,19456,4,2168024833
7269,904493664,43904,904537568,6,0,0,512,6,9118611104
7270,904686935,186536,904873471,5,0,0,151040,5,1882797340
7271,904726586,5802,904732388,2,0,1,6144,2,7497441611
7272,904727993,151265,904879258,7,0,0,18944,7,5094685642
7273,904819947,6754,904826701,2,0,1,7168,2,6714905426
7274,904847194,35960,904883154,6,0,1,10752,6,613824011
7275,904969001,98696,905067697,2,0,0,24064,2,731529526
7276,905023537,48980,905072517,7,0,0,2048,7,7731274232
7277,905057305,102596,905159901,3,0,0,36864,3,7770682171
7278,905085423,228354,905313777,8,0,0,37376,8,2622831845
7279,905106336,3898,905110234,6,0,1,4096,6,8139559917
7280,905138926,119279,905258205,9,0,0,54784,9,6075036208
7281,905171884,566,905172450,9,0,1,512,9,8899070765
7282,905174595,122784,905297379,2,0,0,15872,2,10334722639
7283,905204510,177781,905382291,0,0,0,60416,0,10690123625
7284,905271852,73155,905345007,5,0,0,3584,5,7062309655
7285,905280392,134971,905415363,1,0,0,37888,1,2850605944
7286,905310992,166627,905477619,6,0,0,80896,6,9767239809
7287,905334633,164488,905499121,9,0,0,5120,9,8747355513
7288,905436974,5971,905442945,3,0,1,14848,3,3041481616
7289,905483399,72794,905556193,7,0,0,8704,7,2828531967
7290,905528459,3128,905531587,7,0,1,9216,7,8944595353
7291,905537673,85940,905623613,1,0,0,22528,1,7947324933
7292,905555146,102231,905657377,2,0,0,32256,2,7435425397
7293,905610994,14117,905625111,3,0,1,24064,3,5295927177
7294,905655857,100155,905756012,9,0,0,3584,9,9755785422
7295,905714992,5326,905720318,3,0,1,5632,3,9913895921
7296,905728824,6278,905735102,7,0,1,6656,7,9340759153
7297,905741273,1994,905743267,3,0,1,2048,3,4029170113
7298,905758704,55748,905814452,1,0,0,4096,1,6570149709
7299,905827466,72668,905900134,9,0,0,9216,9,821087747
7300,905861394,99632,905961026,2,0,0,27136,2,7846055509
7301,905863433,5971,905869404,7,0,1,14848,7,5421641963
7302,905896610,65835,905962445,2,0,0,4608,2,3361159935
7303,905952288,158228,906110516,0,0,0,38912,0,5529078028
7304,905979648,208649,906188297,7,0,0,69120,7,9326871733
7305,905982928,244540,906227468,9,0,0,41472,9,4906041668
7306,905990986,176236,906167222,3,0,0,41472,3,7059119891
7307,906000452,197844,906198296,4,0,0,32768,4,7990078007
7308,906024631,274315,906298946,6,0,0,78336,6,935286623
7309,906140728,118276,906259004,1,0,0,18944,1,9324570947
7310,906172772,135705,906308477,6,0,0,31232,6,4160347379
7311,906218793,120269,906339062,1,0,0,14848,1,734644771
7312,906248605,3422,906252027,6,0,1,3584,6,3351423880
7313,906250556,120312,906370868,0,0,0,42496,0,3275682621
7314,906317849,1994,906319843,4,0,1,2048,4,8649687104
7315,906332879,6198,906339077,5,0,1,3072,5,6904281693
7316,906370800,3447,906374247,7,0,1,9728,7,8710977054
7317,906577696,116012,906693708,0,0,0,80896,0,9454881420
7318,906647702,3422,906651124,1,0,1,3584,1,6844247244
7319,906657326,72346,906729672,4,0,0,5120,4,8067263650
7320,906664093,29630,906693723,5,0,1,6144,5,4045374071
7321,906667491,65877,906733368,6,0,0,7168,6,483311039
7322,906674729,23665,906698394,4,0,1,12288,4,2039099159
7323,906789439,102908,906892347,8,0,0,37888,8,5851890356
7324,906803669,4850,906808519,4,0,1,5120,4,3749280067
7325,906864138,171604,907035742,7,0,0,9216,7,8745888423
7326,906940553,6754,906947307,7,0,1,7168,7,9468293275
7327,906987122,2946,906990068,9,0,1,3072,9,2544775278
7328,907110261,81620,907191881,5,0,0,18432,5,4311325992
7329,907160250,59132,907219382,1,0,0,5120,1,3545192430
7330,907162614,4679,907167293,4,0,1,12288,4,9350619761
7331,907206903,153516,907360419,4,0,0,37888,4,8940439183
7332,907222499,80424,907302923,8,0,0,10240,8,5588380378
7333,907243339,21141,907264480,0,0,1,34304,0,4662492348
7334,907305797,58376,907364173,0,0,0,7680,0,489003834
7335,907365741,6229,907371970,9,0,1,15360,9,5860278691
7336,907374931,190441,907565372,7,0,0,20992,7,9896408653
7337,907426634,116195,907542829,5,0,0,22016,5,5317766795
7338,907433978,102128,907536106,5,0,0,35328,5,8443662340
7339,907479376,115734,907595110,7,0,0,25088,7,365595087
7340,907577546,5802,907583348,0,0,1,6144,0,4006474574
7341,907644367,102284,907746651,6,0,0,35840,6,2467936129
7342,907731707,14959,907746666,1,0,1,14336,1,9739173346
7343,907771367,566,907771933,0,0,1,512,0,1675252412
7344,907785302,4420,907789722,9,0,1,11776,9,1906532179
7345,907801844,4850,907806694,3,0,1,5120,3,10231381426
7346,907825940,104076,907930016,2,0,0,12288,2,6462696650
7347,907839758,113106,907952864,1,0,0,11264,1,5249225892
7348,907863764,119744,907983508,2,0,0,18432,2,1596879911
7349,907875807,5802,907881609,9,0,1,6144,9,5763578593
7350,907914141,52364,907966505,0,0,0,3072,0,287327250
7351,907968116,62516,908030632,4,0,0,6144,4,967755921
7352,908009136,101348,908110484,4,0,0,32768,4,8090399826
7353,908016401,64208,908080609,9,0,0,6656,9,6108312741
7354,908181614,90836,908272450,5,0,0,18432,5,328660216
7355,908214265,139659,908353924,5,0,0,57856,5,2620362434
7356,908214737,59132,908273869,3,0,0,4608,3,199433351
7357,908236430,124061,908360491,4,0,0,21504,4,4273333385
7358,908345751,108040,908453791,2,0,0,21504,2,2916512818
7359,908353253,115850,908469103,4,0,0,11264,4,940675412
7360,908396463,3422,908399885,1,0,1,3584,1,678143066
7361,908407745,120519,908528264,2,0,0,61952,2,7884382893
7362,908458363,173975,908632338,4,0,0,14848,4,1918794827
7363,908476149,64208,908540357,2,0,0,6656,2,10055682653
7364,908489909,111351,908601260,7,0,0,22016,7,3645548995
7365,908517155,107322,908624477,0,0,0,13312,0,5672762720
7366,908698262,3387,908701649,2,0,1,9728,2,4520242222
7367,908775690,119753,908895443,9,0,0,38400,9,541033033
7368,908883728,17161,908900889,7,0,1,13824,7,3880603085
7369,908897431,73241,908970672,5,0,0,8704,5,5509076639
7370,908900789,102908,909003697,2,0,0,37888,2,7734669097
7371,908920973,5802,908926775,9,0,1,6144,9,449656462
7372,908948155,101736,909049891,2,0,0,22016,2,10424081689
7373,909040468,106184,909146652,5,0,0,48640,5,2579886019
7374,909150573,93440,909244013,2,0,0,16896,2,9177478174
7375,909167531,101504,909269035,4,0,0,33280,4,8408786491
7376,909187465,139764,909327229,4,0,0,21504,4,3205744964
7377,909250216,97539,909347755,5,0,0,2048,5,1579684950
7378,909303739,108368,909412107,5,0,0,55808,5,9797183164
7379,909362500,2946,909365446,4,0,1,3072,4,8054953817
7380,909370487,43904,909414391,0,0,0,512,0,7898588969
7381,909384192,169777,909553969,0,0,0,18432,0,3626932258
7382,909414829,133501,909548330,5,0,0,51200,5,2454694436
7383,909522514,47288,909569802,2,0,0,1536,2,7811832929
7384,909533975,116631,909650606,4,0,0,35840,4,9716694880
7385,909555419,77132,909632551,9,0,0,1536,9,1035266354
7386,909559514,7230,909566744,9,0,1,7680,9,671740967
7387,909627561,53213,909680774,3,0,0,1536,3,1912826474
7388,909641366,81857,909723223,7,0,0,8704,7,6012585989
7389,909643898,106669,909750567,1,0,0,28160,1,9933068826
7390,909644242,76314,909720556,4,0,0,10240,4,9158796172
7391,909675975,98072,909774047,1,0,0,22016,1,1987548124
7392,909852830,73160,909925990,1,0,0,15872,1,8083743886
7393,909875247,3387,909878634,9,0,1,9728,9,3374267392
7394,909894701,106386,910001087,2,0,0,34304,2,4708958935
7395,909914699,2870,909917569,0,0,1,8704,0,7030219912
7396,909964598,1994,909966592,2,0,1,2048,2,3609741351
7397,909968290,89588,910057878,4,0,0,14336,4,10055939197
7398,910124050,2470,910126520,5,0,1,2560,5,9425411323
7399,910146857,108368,910255225,9,0,0,55808,9,5340426698
7400,910168310,2470,910170780,7,0,1,2560,7,4176680388
7401,910197007,194736,910391743,8,0,0,26624,8,7734109285
7402,910201070,130535,910331605,7,0,0,16896,7,4216624992
7403,910305073,114636,910419709,5,0,0,21504,5,4905525889
7404,910364331,93448,910457779,1,0,0,9216,1,10634530189
7405,910439204,99788,910538992,1,0,0,27648,1,4541101661
7406,910469738,7706,910477444,1,0,1,8192,1,8924631026
7407,910628651,4420,910633071,5,0,1,11776,5,10034527037
7408,910751187,67592,910818779,6,0,0,7680,6,3507816800
7409,910765149,14117,910779266,0,0,1,24064,0,1250881185
7410,910774698,213360,910988058,2,0,0,7680,2,7548900770
7411,910797644,89768,910887412,4,0,0,19968,4,4247873507
7412,910962820,101096,911063916,1,0,0,28672,1,7485050006
7413,911019126,2946,911022072,1,0,1,3072,1,41605593
7414,911143947,12308,911156255,3,0,1,20480,3,8063358382
7415,911180257,566,911180823,1,0,1,512,1,4871729304
7416,911187693,10499,911198192,5,0,1,16896,5,5917890057
7417,911209492,97604,911307096,9,0,0,20480,9,7410899513
7418,911244961,102607,911347568,6,0,0,29184,6,8543387484
7419,911257695,150849,911408544,5,0,0,53760,5,5040934890
7420,911275173,108149,911383322,4,0,0,14336,4,1643061645
7421,911312055,153436,911465491,5,0,0,26624,5,8576138754
7422,911315198,1994,911317192,1,0,1,2048,1,5555465938
7423,911338799,9803,911348602,3,0,1,1024,3,6280430578
7424,911352102,10757,911362859,4,0,1,17408,4,9086396637
7425,911352892,127101,911479993,2,0,0,8704,2,9805787612
7426,911426016,268703,911694719,3,0,0,14848,3,6921007587
7427,911434752,168529,911603281,5,0,0,113664,5,1187295634
7428,911448196,3387,911451583,0,0,1,9728,0,9716490683
7429,911448841,157575,911606416,5,0,0,10240,5,2801362888
7430,911465244,1281,911466525,3,0,1,1024,3,6123954945
7431,911476395,3613,911480008,2,0,1,3584,2,2346876548
7432,911487707,194658,911682365,0,0,0,91136,0,5933739327
7433,911539847,150333,911690180,0,0,0,25600,0,4474787207
7434,911638781,101348,911740129,1,0,0,32768,1,7394107415
7435,911689626,106589,911796215,1,0,0,33280,1,1388176616
7436,911764246,3645,911767891,0,0,1,10240,0,7814960697
7437,911793490,79105,911872595,1,0,0,16384,1,7345085834
7438,911846003,129756,911975759,1,0,0,55296,1,7043513971
7439,911846510,88676,911935186,3,0,0,16384,3,4941323321
7440,911907270,139019,912046289,7,0,0,53760,7,3638109336
7441,912002965,130108,912133073,1,0,0,38912,1,7878375208
7442,912021504,1994,912023498,4,0,1,2048,4,2371815451
7443,912155532,98696,912254228,7,0,0,24064,7,7975946043
7444,912236967,114764,912351731,9,0,0,76800,9,2942498954
7445,912268668,126125,912394793,7,0,0,15360,7,9453070297
7446,912269948,204748,912474696,8,0,0,78336,8,10702839092
7447,912272936,207235,912480171,1,0,0,17920,1,2567896220
7448,912303826,81596,912385422,8,0,0,13312,8,9548127065
7449,912314561,94836,912409397,3,0,0,17920,3,3815570166
7450,912347346,147035,912494381,0,0,0,12288,0,8542373307
7451,912409548,108887,912518435,3,0,0,24576,3,1749823476
7452,912413974,3898,912417872,9,0,1,4096,9,2475761217
7453,912508349,47288,912555637,7,0,0,1536,7,4663645328
7454,912558204,117572,912675776,1,0,0,86016,1,730041620
7455,912592951,187933,912780884,5,0,0,15360,5,1888193561
7456,912610201,156742,912766943,0,0,0,512,0,5690164571
7457,912616376,150396,912766772,5,0,0,84992,5,6426121499
7458,912664333,209545,912873878,7,0,0,87552,7,9778684668
7459,912677309,95600,912772909,1,0,0,18944,1,3618747072
7460,912772067,165345,912937412,1,0,0,68096,1,3009141262
7461,912814891,100603,912915494,0,0,0,5120,0,7338826332
7462,912926503,64957,912991460,1,0,0,3584,1,7643815240
7463,912934808,79248,913014056,5,0,0,7168,5,10144074307
7464,912946909,47288,912994197,7,0,0,1536,7,7535792345
7465,912954895,100724,913055619,9,0,0,30720,9,6860433938
7466,912965056,148348,913113404,1,0,0,18432,1,8540872394
7467,913053064,62539,913115603,9,0,0,7168,9,8147561365
7468,913104586,98302,913202888,4,0,0,22528,4,5584897584
7469,913117348,167452,913284800,2,0,0,130048,2,5475732095
7470,913127945,171693,913299638,7,0,0,11264,7,4010132283
7471,913198921,6429,913205350,9,0,1,2560,9,2158728883
7472,913219510,14029,913233539,0,0,1,27136,0,2771579782
7473,913240841,1518,913242359,3,0,1,1536,3,707931468
7474,913250868,37586,913288454,2,0,1,10240,2,5806577403
7475,913259772,182017,913441789,1,0,0,71680,1,9328366949
7476,913306395,214499,913520894,0,0,0,48128,0,1543046345
7477,913336026,66746,913402772,0,0,0,3584,0,10039447897
7478,913429679,94194,913523873,4,0,0,9728,4,8490131590
7479,913476426,566,913476992,7,0,1,512,7,2743487775
7480,913726440,5802,913732242,7,0,1,6144,7,3380019720
7481,913745100,90973,913836073,1,0,0,14336,1,4621478000
7482,913745870,14029,913759899,6,0,1,27136,6,6566908551
7483,913749165,107774,913856939,5,0,0,37376,5,9848541683
7484,913810751,226977,914037728,2,0,0,13824,2,6203105896
7485,913842519,204899,914047418,0,0,0,9216,0,6788232249
7486,913865523,1042,913866565,1,0,1,1024,1,2670750799
7487,913889563,96715,913986278,3,0,0,22528,3,1890738322
7488,914054589,108056,914162645,0,0,0,54784,0,1646734374
7489,914071796,109113,914180909,7,0,0,18944,7,9866890026
7490,914098945,566,914099511,7,0,1,512,7,3646164620
7491,914148549,118244,914266793,3,0,0,41984,3,9853382028
7492,914158483,67270,914225753,6,0,0,2560,6,6402165547
7493,914360491,103688,914464179,3,0,0,40448,3,5745757390
7494,914371201,98297,914469498,4,0,0,17408,4,3851967899
7495,914408987,67592,914476579,7,0,0,7680,7,4429175619
7496,914473848,117416,914591264,0,0,0,85504,0,6825915937
7497,914587169,9283,914596452,3,0,1,13312,3,7078877730
7498,914616247,93620,914709867,5,0,0,22528,5,10718049420
7499,914663129,140854,914803983,6,0,0,31744,6,7692642414
7500,914720508,105267,914825775,5,0,0,27648,5,1410845265
7501,914820921,73842,914894763,5,0,0,12288,5,4293325269
7502,914918015,60824,914978839,6,0,0,5632,6,4596671039
7503,914937569,101816,915039385,0,0,0,34304,0,8688695077
7504,914964672,6278,914970950,7,0,1,6656,7,1170913597
7505,914991275,95558,915086833,3,0,0,16384,3,9486746743
7506,915003116,156893,915160009,1,0,0,95232,1,5333670718
7507,915097973,63619,915161592,0,0,0,5120,0,7954502836
7508,915146935,21370,915168305,0,0,1,7168,0,8943659437
7509,915174418,98696,915273114,0,0,0,24064,0,3020304415
7510,915181167,6754,915187921,0,0,1,7168,0,749942409
7511,915202777,110231,915313008,1,0,0,7680,1,3701209641
7512,915207481,1042,915208523,2,0,1,1024,2,2614676139
7513,915291811,135253,915427064,7,0,0,116736,7,784269992
7514,915306225,6798,915313023,2,0,1,5120,2,9077299764
7515,915327046,5802,915332848,7,0,1,6144,7,1122223385
7516,915361643,193954,915555597,0,0,0,28160,0,3931360815
7517,915365520,253446,915618966,4,0,0,74752,4,9677083906
7518,915380243,566,915380809,1,0,1,512,1,5908183516
7519,915464890,101972,915566862,2,0,0,34816,2,797299676
7520,915468882,4850,915473732,7,0,1,5120,7,5766759050
7521,915489546,133179,915622725,6,0,0,12288,6,232569565
7522,915493542,77087,915570629,0,0,0,12288,0,3115228792
7523,915530651,173377,915704028,5,0,0,125952,5,3657237227
7524,915558215,172501,915730716,5,0,0,52224,5,7102671356
7525,915637081,140549,915777630,5,0,0,58880,5,4188187150
7526,915661769,216727,915878496,9,0,0,40960,9,1276678854
7527,915664874,160456,915825330,1,0,0,44032,1,3742330589
7528,915667289,390074,916057363,2,0,0,23552,2,6846174647
7529,915672005,42281,915714286,3,0,1,16384,3,8077247610
7530,915729917,47736,915777653,4,0,1,80384,4,8644994782
7531,915767283,117267,915884550,1,0,0,14336,1,10265159588
7532,915845646,107317,915952963,1,0,0,15872,1,8266642653
7533,915852928,186813,916039741,5,0,0,72704,5,1310665116
7534,915888194,2870,915891064,9,0,1,8704,9,6184597922
7535,915888751,181113,916069864,0,0,0,33280,0,9145910422
7536,915900747,108868,916009615,0,0,0,10240,0,5887205136
7537,915925803,119569,916045372,8,0,0,18432,8,4610619197
7538,916014280,117693,916131973,2,0,0,40448,2,6146454990
7539,916054750,15129,916069879,2,0,1,7168,2,2318472133
7540,916079009,89300,916168309,2,0,0,18432,2,8814680385
7541,916133042,100571,916233613,8,0,0,8704,8,4460595550
7542,916136167,59132,916195299,1,0,0,5120,1,1942692041
7543,916159106,62072,916221178,7,0,0,9728,7,6787040018
7544,916191267,72808,916264075,6,0,0,11776,6,5874728013
7545,916262360,99023,916361383,8,0,0,24576,8,3226052494
7546,916294360,158907,916453267,1,0,0,22528,1,7438890767
7547,916308617,81134,916389751,6,0,0,6656,6,240035349
7548,916328615,77012,916405627,8,0,0,17408,8,4255465517
7549,916339390,4374,916343764,2,0,1,4608,2,8045247457
7550,916348460,117071,916465531,8,0,0,17408,8,1886786359
7551,916365888,1042,916366930,5,0,1,1024,5,2811062332
7552,916392221,65456,916457677,7,0,0,10752,7,7839854197
7553,916415899,62674,916478573,4,0,1,101888,4,5937207655
7554,916417682,177322,916595004,9,0,0,23552,9,1835104882
7555,916486274,187784,916674058,4,0,0,4096,4,9412488307
7556,916532849,1518,916534367,0,0,1,1536,0,7408646183
7557,916543085,2946,916546031,0,0,1,3072,0,6358514906
7558,916842232,118196,916960428,9,0,0,88064,9,616708440
7559,917007672,82688,917090360,4,0,0,16896,4,4626967348
7560,917055096,6754,917061850,3,0,1,7168,3,4811694928
7561,917194090,5971,917200061,2,0,1,14848,2,8835276481
7562,917245076,15062,917260138,0,0,1,29184,0,10553380722
7563,917256254,89588,917345842,3,0,0,14336,3,6076362237
7564,917262340,87417,917349757,6,0,0,12800,6,7232712634
7565,917270056,139104,917409160,2,0,0,14336,2,3987452929
7566,917399146,103844,917502990,9,0,0,40960,9,3075473638
7567,917401829,154057,917555886,5,0,0,53248,5,6990566882
7568,917411181,1518,917412699,9,0,1,1536,9,568576079
7569,917536906,98876,917635782,9,0,0,29696,9,3581998500
7570,917542114,24005,917566119,9,0,1,16384,9,253086665
7571,917573663,2470,917576133,0,0,1,2560,0,4144330415
7572,917721144,50672,917771816,5,0,0,2560,5,5957694899
7573,917751324,79592,917830916,9,0,0,11776,9,8493414107
7574,917765016,96356,917861372,1,0,0,16384,1,9484360764
7575,917789597,149637,917939234,3,0,0,38912,3,2526340892
7576,917906957,7230,917914187,7,0,1,7680,7,10519078082
7577,917933572,108094,918041666,1,0,0,36352,1,8669931633
7578,917962884,120368,918083252,1,0,0,20480,1,9193687463
7579,917973830,81464,918055294,1,0,0,17920,1,6287681040
7580,918066913,2870,918069783,4,0,1,8704,4,3699620077
7581,918164009,5802,918169811,2,0,1,6144,2,5204431853
7582,918347611,4374,918351985,1,0,1,4608,1,3450781990
7583,918498499,74540,918573039,1,0,0,15360,1,7999007856
7584,918556993,16061,918573054,2,0,1,29184,2,2565253225
7585,918741060,72380,918813440,7,0,0,13312,7,2560789166
7586,918748602,84248,918832850,5,0,0,22016,5,10126676295
7587,918762641,103149,918865790,4,0,0,32768,4,665620167
7588,918792200,7706,918799906,9,0,1,8192,9,3080228080
7589,918847199,106184,918953383,0,0,0,48640,0,2002153307
7590,918853550,159484,919013034,7,0,0,80384,7,1828475235
7591,918857372,9452,918866824,0,0,1,1024,0,10549875240
7592,918876261,112266,918988527,2,0,0,8704,2,2648806103
7593,918915754,118272,919034026,9,0,0,23040,9,3760209388
7594,918934272,107773,919042045,7,0,0,15872,7,8396681621
7595,918988849,190317,919179166,1,0,0,38400,1,2259633956
7596,918991871,113054,919104925,8,0,0,13312,8,4620115680
7597,918995313,146401,919141714,3,0,0,76800,3,9294147382
7598,919065998,229604,919295602,9,0,0,25088,9,305277811
7599,919076150,188348,919264498,5,0,0,8704,5,5110780495
7600,919098680,121244,919219924,4,0,0,9728,4,10272093508
7601,919260740,5196,919265936,9,0,1,13312,9,3311464303
7602,919410565,59132,919469697,8,0,0,5120,8,9819989214
7603,919414551,65612,919480163,9,0,0,11264,9,8606277967
7604,919496572,99188,919595760,6,0,0,30720,6,4256531359
7605,919555487,13858,919569345,6,0,1,23552,6,4090343649
7606,919635035,5326,919640361,9,0,1,5632,9,8238691009
7607,919731506,111882,919843388,6,0,0,33792,6,1650658966
7608,919852696,43904,919896600,8,0,0,512,8,983152287
7609,919877928,72668,919950596,3,0,0,9216,3,8949896162
7610,919887116,57440,919944556,0,0,0,4608,0,7916194643
7611,919907831,3898,919911729,9,0,1,4096,9,1715139061
7612,919976368,14029,919990397,7,0,1,27136,7,10033352866
7613,920023134,117094,920140228,8,0,0,80896,8,5305352695
7614,920043894,1994,920045888,4,0,1,2048,4,11251985
7615,920134399,67116,920201515,1,0,0,4096,1,5042950820
7616,920156912,2870,920159782,9,0,1,8704,9,3667625915
7617,920177019,1994,920179013,3,0,1,2048,3,6619491647
7618,920186894,97872,920284766,0,0,0,17920,0,7362524987
7619,920215969,261153,920477122,0,0,0,53248,0,10263306844
7620,920227621,6229,920233850,9,0,1,15360,9,2452795047
7621,920260505,4850,920265355,7,0,1,5120,7,9938730964
7622,920293525,7230,920300755,3,0,1,7680,3,7169059412
7623,920387787,50672,920438459,0,0,0,2560,0,3379247232
7624,920421561,129475,920551036,7,0,0,52736,7,9695722641
7625,920437391,121644,920559035,8,0,0,18432,8,4066222205
7626,920443623,71000,920514623,4,0,0,13824,4,4971244878
7627,920457901,109090,920566991,0,0,0,25088,0,1278472533
7628,920479762,566,920480328,7,0,1,512,7,3302465870
7629,920489779,108050,920597829,8,0,0,6656,8,3810500188
7630,920509972,104215,920614187,1,0,0,5632,1,1978912773
7631,920528038,67748,920595786,1,0,0,8192,1,2246369232
7632,920585536,65868,920651404,1,0,0,4608,1,3580185350
7633,920644157,2870,920647027,6,0,1,8704,6,4050143070
7634,920663488,209122,920872610,4,0,0,26112,4,406640982
7635,920685750,57440,920743190,0,0,0,4608,0,4409116466
7636,920790207,86794,920877001,3,0,0,14336,3,6890847288
7637,920795770,101038,920896808,0,0,0,3584,0,7283077477
7638,920864620,12396,920877016,4,0,1,512,4,6727269076
7639,920903944,112112,921016056,2,0,0,68096,2,10386587665
7640,920930777,4937,920935714,1,0,1,12800,1,5242571092
7641,920952009,137847,921089856,1,0,0,35840,1,9368879731
7642,920952673,1518,920954191,7,0,1,1536,7,3477736406
7643,920996878,148789,921145667,3,0,0,512,3,1467234639
7644,921019475,566,921020041,4,0,1,512,4,8110770004
7645,921038061,5454,921043515,8,0,1,13824,8,3457627903
7646,921046125,84404,921130529,5,0,0,22528,5,1060208713
7647,921086154,169092,921255246,9,0,0,4608,9,7860840024
7648,921118978,101816,921220794,7,0,0,34304,7,3791102885
7649,921220519,78815,921299334,9,0,0,18432,9,2731909359
7650,921268992,47288,921316280,7,0,0,1536,7,862669479
7651,921292130,98540,921390670,8,0,0,23552,8,8686910326
7652,921356406,43904,921400310,5,0,0,512,5,5524262137
7653,921434578,96560,921531138,9,0,0,27136,9,4048959559
7654,921437054,104083,921541137,5,0,0,32768,5,2931402172
7655,921491238,69960,921561198,5,0,0,2560,5,4403448733
7656,921495253,129689,921624942,3,0,0,35328,3,359901629
7657,921588024,7230,921595254,3,0,1,7680,3,4386299933
7658,921589398,78923,921668321,2,0,0,10240,2,7365912068
7659,921618102,104748,921722850,3,0,0,21504,3,3669866073
7660,921620326,138131,921758457,1,0,0,3072,1,804630044
7661,921642039,91123,921733162,5,0,0,16896,5,906277659
7662,921675635,52364,921727999,8,0,0,3072,8,4135635774
7663,921695437,94238,921789675,5,0,0,3584,5,1001852466
7664,921746369,85940,921832309,8,0,0,22528,8,1939080648
7665,921774415,135312,921909727,1,0,0,48640,1,5981530287
7666,921784014,1994,921786008,0,0,1,2048,0,10247060696
7667,921848142,3904,921852046,3,0,1,10752,3,3873308551
7668,921889661,105243,921994904,3,0,0,16896,3,3651811598
7669,921931645,2870,921934515,4,0,1,8704,4,2664503461
7670,921995311,10757,922006068,4,0,1,17408,4,237633327
7671,922010139,10499,922020638,2,0,1,16896,2,4687949822
7672,922019119,94513,922113632,4,0,0,1536,4,9556799589
7673,922022255,245149,922267404,2,0,0,36864,2,7976329458
7674,922050956,102697,922153653,4,0,0,15872,4,2481023596
7675,922076165,3898,922080063,6,0,1,4096,6,2813684242
7676,922103538,72774,922176312,6,0,0,6144,6,2249991652
7677,922187152,99164,922286316,2,0,0,25600,2,2267068703
7678,922204322,102052,922306374,6,0,0,4608,6,2632435482
7679,922214018,119347,922333365,9,0,0,35840,9,3251115348
7680,922223712,98718,922322430,8,0,0,22016,8,8772596393
7681,922279357,305954,922585311,4,0,0,39424,4,1564230876
7682,922287579,5326,922292905,0,0,1,5632,0,4610695895
7683,922299319,108992,922408311,9,0,0,57856,9,4039910969
7684,922348181,150502,922498683,5,0,0,54784,5,4164891824
7685,922353928,288263,922642191,6,0,0,4608,6,7520818032
7686,922355741,5326,922361067,1,0,1,5632,1,4625349586
7687,922443552,197220,922640772,7,0,0,63488,7,8501492820
7688,922450454,101504,922551958,2,0,0,33280,2,1036286730
7689,922462336,159054,922621390,8,0,0,99840,8,7801678111
7690,922584969,36436,922621405,0,0,1,26624,0,790318978
7691,922604350,108983,922713333,9,0,0,20480,9,3170022435
7692,922636953,148698,922785651,0,0,0,39936,0,7348931053
7693,922708515,109434,922817949,2,0,0,43520,2,2391741044
7694,922809765,73632,922883397,1,0,0,10752,1,9709647183
7695,922847130,50541,922897671,2,0,0,1024,2,8270941406
7696,922897380,45879,922943259,5,0,0,1024,5,6808636704
7697,922925651,5196,922930847,4,0,1,13312,4,8219911663
7698,923182279,4937,923187216,1,0,1,12800,1,9736899313
7699,923213526,4374,923217900,0,0,1,4608,0,8289955504
7700,923241994,103376,923345370,0,0,0,39424,0,2991974016
7701,923273176,90056,923363232,9,0,0,15872,9,2611862012
7702,923286652,93074,923379726,1,0,0,13824,1,638988238
7703,923338931,120949,923459880,1,0,0,33792,1,5224615068
7704,923353566,138864,923492430,0,0,0,21504,0,3487277720
7705,923360868,172512,923533380,2,0,0,33792,2,6231259238
7706,923476598,102346,923578944,6,0,0,22016,6,428911256
7707,923491250,57700,923548950,1,0,0,6656,1,1629712344
7708,923546199,64520,923610719,5,0,0,7680,5,7366145019
7709,923651856,108368,923760224,1,0,0,55808,1,3792027795
7710,923727625,66080,923793705,3,0,0,12800,3,9347803184
7711,923749374,13970,923763344,7,0,1,9216,7,6702993846
7712,923886502,74516,923961018,2,0,0,10240,2,6905467690
7713,923886808,3645,923890453,9,0,1,10240,9,8736685829
7714,923907758,6278,923914036,7,0,1,6656,7,8368108715
7715,923958039,142910,924100949,5,0,0,2048,5,7554188270
7716,924008393,174258,924182651,5,0,0,57344,5,1430648699
7717,924082850,143493,924226343,3,0,0,39424,3,6844014768
7718,924122268,116615,924238883,9,0,0,12800,9,6618270838
7719,924252046,3387,924255433,3,0,1,9728,3,5550597874
7720,924293544,142519,924436063,2,0,0,15360,2,1724052753
7721,924376243,4420,924380663,2,0,1,11776,2,6824799409
7722,924443258,84068,924527326,5,0,0,16384,5,7028943765
7723,924509828,81464,924591292,0,0,0,17920,0,6530366960
7724,924590210,66530,924656740,4,0,0,10752,4,1669741432
7725,924627434,2470,924629904,0,0,1,2560,0,2003753600
7726,924650822,100568,924751390,0,0,0,30208,0,10262584471
7727,924732723,111956,924844679,7,0,0,67584,7,2408929127
7728,924755696,138587,924894283,4,0,0,33792,4,3765310739
7729,924768389,150570,924918959,1,0,0,6656,1,1907787868
7730,924775727,96536,924872263,7,0,0,22016,7,1309689076
7731,924785655,168860,924954515,2,0,0,22528,2,3458555938
7732,924823397,21297,924844694,5,0,1,1024,5,8178757866
7733,924894621,130010,925024631,4,0,0,10752,4,6977785814
7734,924903537,79436,924982973,2,0,0,11264,2,3982666722
7735,924910444,1994,924912438,0,0,1,2048,0,6097207468
7736,924922357,77744,925000101,4,0,0,10752,4,10601670143
7737,924998057,3554,925001611,0,0,1,1536,0,4374726759
7738,925032059,101972,925134031,1,0,0,34816,1,7378307958
7739,925139255,7230,925146485,7,0,1,7680,7,2031142633
7740,925145566,103376,925248942,4,0,0,39424,4,477317274
7741,925156425,96588,925253013,5,0,0,13312,5,10417175355
7742,925202801,105517,925308318,4,0,0,10240,4,4313425581
7743,925248822,74091,925322913,6,0,0,10240,6,5914771662
7744,925343757,81308,925425065,3,0,0,17408,3,6472012711
7745,925374728,54056,925428784,0,0,0,3584,0,10452006441
7746,925553808,67616,925621424,3,0,0,12800,3,3489821841
7747,925576424,99164,925675588,1,0,0,25600,1,9186893807
7748,925606167,124889,925731056,5,0,0,88064,5,7047246917
7749,925617282,114101,925731383,2,0,0,1024,2,1596590747
7750,925789008,126776,925915784,4,0,0,116224,4,9276907551
7751,925840855,150568,925991423,3,0,0,49664,3,5108057304
7752,925852930,123346,925976276,9,0,0,30208,9,939094119
7753,925884377,129765,926014142,3,0,0,7168,3,4815545361
7754,925949548,100624,926050172,9,0,0,18432,9,49565513
7755,925989519,142283,926131802,0,0,0,58368,0,5657742088
7756,926043330,64208,926107538,9,0,0,6656,9,3416190119
7757,926178827,73448,926252275,5,0,0,11776,5,6346492843
7758,926278755,60824,926339579,8,0,0,5632,8,1607307015
7759,926352398,80396,926432794,0,0,0,19456,0,5121251273
7760,926467831,92972,926560803,6,0,0,15360,6,2017496832
7761,926478512,5326,926483838,6,0,1,5632,6,4632114362
7762,926500254,106652,926606906,6,0,0,50176,6,802415399
7763,926523078,2470,926525548,8,0,1,2560,8,6143829616
7764,926550286,99826,926650112,5,0,0,19456,5,4695248173
7765,926635065,57708,926692773,8,0,0,1536,8,8939600294
7766,926644073,6054,926650127,6,0,1,4608,6,8245385154
7767,926655562,7230,926662792,3,0,1,7680,3,3766570875
7768,926738876,86544,926825420,5,0,0,512,5,1639863341
7769,926755886,156468,926912354,9,0,0,57856,9,8921549726
7770,926763272,157365,926920637,2,0,0,27136,2,633239538
7771,926810717,67772,926878489,2,0,0,13312,2,3929763699
7772,926848969,80075,926929044,0,0,0,3584,0,25805103
7773,926872933,6278,926879211,7,0,1,6656,7,7548913186
7774,926933047,4162,926937209,9,0,1,11264,9,3623100257
7775,926991396,57908,927049304,4,0,0,6144,4,9881406521
7776,926998611,100880,927099491,8,0,0,31232,8,9052676815
7777,927018546,13858,927032404,2,0,1,23552,2,2549818896
7778,927022667,118194,927140861,9,0,0,34816,9,1154834600
7779,927033778,164324,927198102,3,0,0,45056,3,9304087548
7780,927088670,120991,927209661,1,0,0,37888,1,1973174084
7781,927099265,4897,927104162,0,0,1,12288,0,6437386295
7782,927108986,192348,927301334,6,0,0,109568,6,6011029205
7783,927318876,7230,927326106,4,0,1,7680,4,7839517827
7784,927437011,1994,927439005,7,0,1,2048,7,2902591597
7785,927456696,566,927457262,3,0,1,512,3,5840581706
7786,927496045,100335,927596380,3,0,0,7680,3,3253342293
7787,927581002,99186,927680188,2,0,0,13312,2,295422309
7788,927693757,1518,927695275,7,0,1,1536,7,1226964549
7789,927699888,6754,927706642,2,0,1,7168,2,1840799965
7790,927733574,12995,927746569,9,0,1,25088,9,797992881
7791,927756923,56684,927813607,3,0,0,2048,3,10383992245
7792,927829681,1042,927830723,7,0,1,1024,7,5356587754
7793,927866036,59132,927925168,7,0,0,5120,7,10394379649
7794,927954170,101972,928056142,3,0,0,34816,3,9004915726
7795,928108829,4937,928113766,6,0,1,12800,6,846255873
7796,928136300,2870,928139170,6,0,1,8704,6,6651802877
7797,928180301,123188,928303489,8,0,0,104448,8,2942285616
7798,928191746,141467,928333213,2,0,0,55808,2,6365486800
7799,928243603,90405,928334008,0,0,0,2560,0,4048362645
7800,928290006,14993,928304999,3,0,1,1536,3,5070010126
7801,928308827,95969,928404796,9,0,0,17920,9,2779714969
7802,928360831,53793,928414624,4,0,0,2560,4,4243101987
7803,928481499,94688,928576187,6,0,0,20992,6,235460053
7804,928481994,125399,928607393,2,0,0,51712,2,2212460142
7805,928510516,145423,928655939,1,0,0,13312,1,1440598213
7806,928678824,67148,928745972,9,0,0,11264,9,2032895505
7807,928686654,83912,928770566,2,0,0,15872,2,10016794019
7808,928721518,224801,928946319,0,0,0,114688,0,2910395909
7809,928738807,142259,928881066,6,0,0,62464,6,326803551
7810,928749144,162216,928911360,3,0,0,29696,3,9560869066
7811,928755244,213580,928968824,3,0,0,17920,3,2998396564
7812,928804990,148216,928953206,8,0,0,22528,8,3716399976
7813,928811410,197876,929009286,4,0,0,72704,4,8715742723
7814,928811747,148459,928960206,5,0,0,22528,5,9069461719
7815,928912702,47519,928960221,9,0,1,1024,9,8518249426
7816,928961012,12566,928973578,0,0,1,20992,0,7251478978
7817,929063421,566,929063987,1,0,1,512,1,9252592954
7818,929185868,50672,929236540,3,0,0,2560,3,5865494163
7819,929237689,4162,929241851,6,0,1,11264,6,4590738864
7820,929460708,107744,929568452,4,0,0,53760,4,4262900644
7821,929467783,146723,929614506,0,0,0,43520,0,7978657399
7822,929475273,125958,929601231,6,0,0,32256,6,10168317521
7823,929504598,144218,929648816,6,0,0,12800,6,8614559722
7824,929560939,103562,929664501,8,0,0,22016,8,3501889153
7825,929804242,45596,929849838,8,0,0,1024,8,10315519120
7826,929981271,106496,930087767,5,0,0,49664,5,8856288965
7827,929984861,67592,930052453,4,0,0,7680,4,6086656846
7828,930071653,108826,930180479,1,0,0,54272,1,2412916652
7829,930102111,141902,930244013,8,0,0,34816,8,3123932108
7830,930108999,75278,930184277,5,0,0,5120,5,5295656859
7831,930333927,6754,930340681,2,0,1,7168,2,10246888239
7832,930336204,8983,930345187,3,0,1,7168,3,7404300844
7833,930360535,163529,930524064,0,0,0,12800,0,4753708100
7834,930363666,72692,930436358,7,0,0,14336,7,9153840875
7835,930365926,61604,930427530,4,0,0,8192,4,10149815152
7836,930423068,52676,930475744,0,0,0,4096,0,7316514391
7837,930459226,99320,930558546,5,0,0,26112,5,1531140981
7838,930573727,3898,930577625,0,0,1,4096,0,2494626524
7839,930623660,10499,930634159,4,0,1,16896,4,2860255877
7840,930673408,14804,930688212,0,0,1,28672,0,3320425003
7841,930715194,93201,930808395,0,0,0,16384,0,9637106379
7842,930856479,101323,930957802,5,0,0,27648,5,3177034987
7843,930875508,3128,930878636,3,0,1,9216,3,6269878117
7844,930897013,127603,931024616,2,0,0,42496,2,5484814480
7845,930903408,90368,930993776,0,0,0,16896,0,1487697284
7846,930908991,123596,931032587,8,0,0,26112,8,10566494949
7847,930938677,94549,931033226,8,0,0,2048,8,3788391411
7848,930971910,146084,931117994,0,0,0,85504,0,8875642140
7849,930996568,164737,931161305,0,0,0,67072,0,7296311866
7850,931000343,165930,931166273,4,0,0,12800,4,3829543857
7851,931020051,219770,931239821,7,0,0,25088,7,8882874072
7852,931024357,67570,931091927,9,0,0,4608,9,113126373
7853,931099110,77765,931176875,6,0,0,6144,6,5040313461
7854,931194960,84293,931279253,3,0,0,1024,3,2629538806
7855,931203240,86165,931289405,1,0,0,4096,1,8984252111
7856,931211917,97948,931309865,5,0,0,10752,5,6795719459
7857,931279711,84848,931364559,7,0,0,18944,7,9315783119
7858,931288104,129801,931417905,1,0,0,21504,1,3225883319
7859,931343832,55904,931399736,0,0,0,4608,0,4045538390
7860,931343993,161782,931505775,8,0,0,81920,8,6547188364
7861,931440359,127546,931567905,9,0,0,57856,9,6613879921
7862,931498725,136614,931635339,3,0,0,51200,3,5818000310
7863,931591326,1042,931592368,6,0,1,1024,6,10281390991
7864,931668161,112424,931780585,6,0,0,69120,6,4706434580
7865,931672152,566,931672718,4,0,1,512,4,1104740520
7866,931696310,2946,931699256,2,0,1,3072,2,6085023528
7867,931711667,12049,931723716,1,0,1,19968,1,4344148893
7868,931716911,12092,931729003,2,0,1,16896,2,9878727307
7869,931726348,147454,931873802,6,0,0,38912,6,1211488347
7870,931782598,210128,931992726,9,0,0,22016,9,2688369519
7871,931789904,142594,931932498,6,0,0,9216,6,6251605046
7872,931795438,15837,931811275,3,0,1,30720,3,3066047601
7873,931902633,180767,932083400,6,0,0,6656,6,10563301810
7874,931955874,98228,932054102,2,0,0,22528,2,787317396
7875,932310120,76520,932386640,7,0,0,11776,7,783832093
7876,932440127,64988,932505115,4,0,0,9216,4,4751484625
7877,932573680,3898,932577578,9,0,1,4096,9,10462418400
7878,932614316,69284,932683600,9,0,0,8192,9,3665155041
7879,932649644,5454,932655098,5,0,1,13824,5,3549668000
7880,932742122,55748,932797870,7,0,0,4096,7,1464376623
7881,932783045,90212,932873257,3,0,0,16384,3,8129275456
7882,933015266,100724,933115990,9,0,0,30720,9,9525573315
7883,933018093,108208,933126301,0,0,0,33792,0,8629221447
7884,933028607,12566,933041173,2,0,1,20992,2,348569861
7885,933098217,5326,933103543,9,0,1,5632,9,8921087144
7886,933175082,62516,933237598,3,0,0,6144,3,2200689031
7887,933221516,5196,933226712,2,0,1,13312,2,9463107402
7888,933228274,140079,933368353,5,0,0,76800,5,9756783105
7889,933253769,2470,933256239,7,0,1,2560,7,3992523819
7890,933264865,130302,933395167,0,0,0,22528,0,5774250991
7891,933330766,66444,933397210,2,0,0,6656,2,9543497065
7892,933370538,1042,933371580,2,0,1,1024,2,5381639433
7893,933377416,82820,933460236,7,0,0,12288,7,2515663553
7894,933541533,72224,933613757,1,0,0,12800,1,6311564172
7895,933590635,3645,933594280,0,0,1,10240,0,1637987470
7896,933643769,102752,933746521,8,0,0,37376,8,10369373841
7897,933749203,101972,933851175,7,0,0,34816,7,7131090916
7898,933759326,43904,933803230,6,0,0,512,6,3143960976
7899,933766703,142516,933909219,3,0,0,64000,3,5110378460
7900,933791737,566,933792303,3,0,1,512,3,4536515053
7901,933903207,106572,934009779,8,0,0,30208,8,6977564979
7902,933921896,101972,934023868,4,0,0,34816,4,9112797546
7903,933984882,87549,934072431,3,0,0,11776,3,6952234575
7904,934071718,102989,934174707,0,0,0,35840,0,9943967395
7905,934203681,60692,934264373,2,0,0,10240,2,514284470
7906,934207862,72824,934280686,9,0,0,9728,9,866504206
7907,934298383,5712,934304095,4,0,1,14336,4,8332222294
7908,934490416,62540,934552956,0,0,0,11264,0,4593635635
7909,934491297,43904,934535201,9,0,0,512,9,10537555724
7910,934644428,98228,934742656,1,0,0,22528,1,2970499222
7911,934650338,111068,934761406,3,0,0,17408,3,8855024477
7912,934682096,144164,934826260,3,0,0,17408,3,1923315674
7913,934746856,96150,934843006,8,0,0,10752,8,5451951556
7914,934762242,105872,934868114,4,0,0,47616,4,7770551060
7915,934833359,100275,934933634,1,0,0,18432,1,4654068047
7916,934843142,91599,934934741,9,0,0,3584,9,9601971280
7917,934883478,129266,935012744,5,0,0,45056,5,1217112375
7918,934957038,2870,934959908,9,0,1,8704,9,9026652825
7919,934979700,14804,934994504,0,0,1,28672,0,7451159749
7920,935108643,74072,935182715,9,0,0,13824,9,6761452139
7921,935192124,94820,935286944,0,0,0,16384,0,6581670652
7922,935197145,566,935197711,6,0,1,512,6,2691245358
7923,935333950,48980,935382930,5,0,0,2048,5,1404056345
7924,935339162,5326,935344488,3,0,1,5632,3,710176594
7925,935508948,101816,935610764,4,0,0,34304,4,5274863705
7926,935518208,156732,935674940,2,0,0,93696,2,2815590010
7927,935544323,1042,935545365,3,0,1,1024,3,3982084840
7928,935620947,54640,935675587,4,0,0,2048,4,9115763956
7929,935660075,104506,935764581,3,0,0,10752,3,10573215434
7930,935742166,2946,935745112,0,0,1,3072,0,5289764080
7931,935743841,123124,935866965,2,0,0,47104,2,3107575259
7932,935829946,162873,935992819,3,0,0,88064,3,5868644990
7933,935923173,2870,935926043,2,0,1,8704,2,10166662686
7934,935927726,177101,936104827,3,0,0,80384,3,442893056
7935,935961936,79315,936041251,2,0,0,17920,2,9147605386
7936,935970663,24159,935994822,0,0,1,2048,0,1504066154
7937,935990718,6638,935997356,6,0,1,10752,6,6435747657
7938,936035827,75936,936111763,5,0,0,5120,5,8287161337
7939,936050357,96966,936147323,4,0,0,2560,4,3910554692
7940,936107669,87192,936194861,5,0,0,11264,5,6845689398
7941,936114613,101036,936215649,3,0,0,31744,3,8879330681
7942,936115063,191817,936306880,2,0,0,11264,2,4881669053
7943,936138267,79893,936218160,7,0,0,8192,7,7225835267
7944,936142218,11791,936154009,6,0,1,19456,6,3768564319
7945,936151925,124698,936276623,5,0,0,46592,5,1767881945
7946,936282722,92372,936375094,1,0,0,18432,1,3614094850
7947,936326245,129699,936455944,8,0,0,55808,8,5568020475
7948,936350052,87807,936437859,0,0,0,19968,0,1131882673
7949,936419593,127659,936547252,0,0,0,55808,0,9313569422
7950,936444949,150645,936595594,3,0,0,6656,3,1986747077
7951,936472056,105560,936577616,9,0,0,46592,9,5668423462
7952,936479750,111908,936591658,1,0,0,18944,1,1983038377
7953,936498057,82382,936580439,6,0,0,9216,6,2454616828
7954,936514866,118295,936633161,4,0,0,6656,4,6575441571
7955,936533876,19170,936553046,7,0,1,6144,7,7709130792
7956,936550971,5621,936556592,7,0,1,5632,7,1965512856
7957,936556591,130070,936686661,2,0,0,83456,2,1593992903
7958,936621617,216418,936838035,0,0,0,9728,0,3278839425
7959,936628036,1042,936629078,2,0,1,1024,2,5389849627
7960,936648786,145626,936794412,8,0,0,22016,8,809000044
7961,936667082,120607,936787689,0,0,0,31744,0,3139707538
7962,936799671,115158,936914829,0,0,0,33792,0,5186988901
7963,936805915,63764,936869679,5,0,0,10240,5,7750854673
7964,936812462,177601,936990063,6,0,0,52736,6,7657669744
7965,936916090,118667,937034757,0,0,0,11776,0,6536001828
7966,936974086,21788,936995874,9,0,1,6144,9,6984719645
7967,936983763,125136,937108899,6,0,0,27136,6,8602515739
7968,937021523,138634,937160157,0,0,0,43008,0,1681577007
7969,937033765,153902,937187667,0,0,0,6144,0,4123440422
7970,937051517,58489,937110006,3,0,0,3584,3,3755986898
7971,937116104,4374,937120478,6,0,1,4608,6,2665870224
7972,937128075,94950,937223025,2,0,0,5120,2,2966901802
7973,937182575,135043,937317618,9,0,0,1536,9,4272774449
7974,937189386,127749,937317135,5,0,0,86016,5,10117303549
7975,937236755,144087,937380842,1,0,0,38912,1,10122638631
7976,937284326,102459,937386785,2,0,0,19456,2,9334583974
7977,937543947,82820,937626767,7,0,0,12288,7,8704396348
7978,937560386,150819,937711205,7,0,0,61440,7,2802780425
7979,937615217,14545,937629762,2,0,1,28160,2,6452612347
7980,937698159,72351,937770510,6,0,0,5632,6,5874718141
7981,937699742,140133,937839875,8,0,0,55808,8,2176923729
7982,937797080,74734,937871814,4,0,0,8192,4,2208128033
7983,937957686,66282,938023968,9,0,0,11264,9,8801986259
7984,937957993,5802,937963795,1,0,1,6144,1,2313000159
7985,937969549,49249,938018798,5,0,0,1536,5,2658980560
7986,938081762,6229,938087991,3,0,1,15360,3,8057192627
7987,938083442,111885,938195327,3,0,0,57344,3,7577822245
7988,938093655,2946,938096601,2,0,1,3072,2,2232986944
7989,938212216,106458,938318674,5,0,0,5632,5,10490764598
7990,938413721,63296,938477017,1,0,0,8704,1,10400720758
7991,938446657,97604,938544261,0,0,0,20480,0,3734348508
7992,938516359,74360,938590719,4,0,0,9728,4,7624317824
7993,938517203,6754,938523957,3,0,1,7168,3,4527413612
7994,938557976,566,938558542,7,0,1,512,7,1232270370
7995,938620199,60824,938681023,7,0,0,5632,7,6646063615
7996,938624130,107389,938731519,3,0,0,30208,3,205385697
7997,938664901,102954,938767855,1,0,0,1024,1,6474350320
7998,938786136,128336,938914472,8,0,0,121344,8,6684281383
7999,938822250,92393,938914643,4,0,0,512,4,87084160
8000,938908154,65613,938973767,0,0,0,5120,0,6977324451
8001,938995951,47444,939043395,3,0,0,2048,3,8502014555
8002,939030656,103064,939133720,8,0,0,38400,8,4702110942
8003,939033003,2946,939035949,3,0,1,3072,3,7852061700
8004,939046307,118013,939164320,1,0,0,12800,1,9423483105
8005,939108620,1518,939110138,1,0,1,1536,1,1441708969
8006,939121154,12589,939133743,0,0,1,5120,0,808630145
8007,939121538,69614,939191152,0,0,0,4608,0,7988086568
8008,939143392,88866,939232258,2,0,0,17408,2,2450768180
8009,939200998,76052,939277050,9,0,0,10240,9,2774048070
8010,939217156,116394,939333550,4,0,0,50176,4,9795982562
8011,939252386,62602,939314988,2,0,0,2560,2,2170390357
8012,939286203,85303,939371506,8,0,0,6144,8,5332268174
8013,939348928,104624,939453552,3,0,0,43520,3,10702579377
8014,939373307,4374,939377681,0,0,1,4608,0,8363588209
8015,939476953,118915,939595868,3,0,0,51200,3,5462921307
8016,939489938,107973,939597911,9,0,0,6656,9,7751568471
8017,939545184,3904,939549088,7,0,1,10752,7,176501799
8018,939558346,57616,939615962,7,0,0,5120,7,7079893371
8019,939597955,61916,939659871,6,0,0,9216,6,4312890195
8020,939609671,140589,939750260,9,0,0,15360,9,8195370323
8021,939620098,125459,939745557,6,0,0,62464,6,5206242280
8022,939638769,10757,939649526,8,0,1,17408,8,8873074057
8023,939688183,2470,939690653,6,0,1,2560,6,5531183498
8024,939727523,24214,939751737,1,0,1,1536,1,7087304536
8025,939810047,59132,939869179,0,0,0,5120,0,351458928
8026,939822987,87896,939910883,1,0,0,13824,1,6452309374
8027,939925427,72668,939998095,3,0,0,9216,3,7830406887
8028,939946405,99476,940045881,1,0,0,26624,1,3775464564
8029,940043083,124418,940167501,8,0,0,99328,8,3089394293
8030,940048898,1518,940050416,2,0,1,1536,2,6270679832
8031,940088096,80512,940168608,2,0,0,3584,2,5628262232
8032,940093832,99097,940192929,1,0,0,4096,1,8531677457
8033,940103763,73680,940177443,0,0,0,2560,0,4330090091
8034,940195100,57440,940252540,4,0,0,4608,4,8358033907
8035,940273469,83156,940356625,7,0,0,18432,7,766788435
8036,940276488,122395,940398883,5,0,0,14848,5,4532204911
8037,940290859,148765,940439624,3,0,0,26624,3,6480600697
8038,940333220,3422,940336642,4,0,1,3584,4,8093269552
8039,940389723,205950,940595673,5,0,0,19968,5,9818513303
8040,940390729,282800,940673529,0,0,0,114176,0,9272389171
8041,940428763,106808,940535571,1,0,0,50688,1,2475572093
8042,940513580,100880,940614460,0,0,0,31232,0,7039613492
8043,940581980,5326,940587306,0,0,1,5632,0,2039887789
8044,940675321,43904,940719225,6,0,0,512,6,7709379534
8045,940774791,86204,940860995,5,0,0,13312,5,589631078
8046,940831102,87452,940918554,9,0,0,17408,9,8353850690
8047,940878703,2470,940881173,2,0,1,2560,2,4177303015
8048,940893596,111020,941004616,4,0,0,64512,4,8610006046
8049,940944656,136178,941080834,0,0,0,96768,0,9288355459
8050,940977244,122922,941100166,2,0,0,12800,2,8980510051
8051,941004528,169156,941173684,2,0,0,26112,2,3948116304
8052,941006552,75701,941082253,5,0,0,4608,5,6319357391
8053,941045533,110552,941156085,3,0,0,62976,3,9251067600
8054,941138256,105717,941243973,0,0,0,13824,0,1417211557
8055,941177892,85563,941263455,2,0,0,1024,2,3001185213
8056,941326477,566,941327043,6,0,1,512,6,3882766935
8057,941326592,77998,941404590,6,0,0,10240,6,944822089
8058,941449408,84512,941533920,4,0,0,12800,4,309274343
8059,941474070,5326,941479396,3,0,1,5632,3,3320051171
8060,941512282,10241,941522523,7,0,1,16384,7,3592415718
8061,941514234,102877,941617111,9,0,0,27648,9,6036158325
8062,941538080,91436,941629516,1,0,0,15360,1,8271933915
8063,941717126,107564,941824690,6,0,0,48128,6,6258502203
8064,941738739,92221,941830960,9,0,0,2048,9,9082475158
8065,941745892,95220,941841112,8,0,0,5120,8,9964984268
8066,941787820,97290,941885110,0,0,0,12288,0,10452668327
8067,941791205,100940,941892145,3,0,0,23040,3,10589771855
8068,941819960,100946,941920906,4,0,0,13824,4,10061664676
8069,941842892,201302,942044194,9,0,0,118784,9,1949657401
8070,941855245,89792,941945037,5,0,0,25088,5,9981783557
8071,941898871,200901,942099772,1,0,0,73216,1,7453290995
8072,941999023,163191,942162214,4,0,0,50176,4,6102995440
8073,942154201,94209,942248410,9,0,0,13312,9,10623218747
8074,942169692,137463,942307155,7,0,0,41472,7,10448821558
8075,942230584,63920,942294504,6,0,0,10752,6,5036904210
8076,942302228,6913,942309141,1,0,1,2048,1,8789440327
8077,942325596,104312,942429908,6,0,0,42496,6,9243658300
8078,942420610,13194,942433804,2,0,1,10752,2,3193227983
8079,942440196,76052,942516248,9,0,0,10240,9,675389734
8080,942504087,2870,942506957,4,0,1,8704,4,6549319966
8081,942585393,14117,942599510,2,0,1,24064,2,1892245466
8082,942710867,1518,942712385,6,0,1,1536,6,6945510905
8083,942756724,74360,942831084,6,0,0,9728,6,4258998886
8084,942786537,130077,942916614,3,0,0,62464,3,2984752141
8085,942797707,3422,942801129,7,0,1,3584,7,2599494330
8086,942831787,89218,942921005,7,0,0,14336,7,1826359001
8087,942873228,109535,942982763,3,0,0,33280,3,2119919542
8088,942886784,112714,942999498,1,0,0,34816,1,927697510
8089,942888078,114243,943002321,2,0,0,9216,2,9919227642
8090,942913679,112257,943025936,6,0,0,15360,6,2156871424
8091,942922772,171090,943093862,7,0,0,15360,7,797740801
8092,942923887,4420,942928307,3,0,1,11776,3,7836048218
8093,942958113,155249,943113362,1,0,0,13824,1,501236722
8094,942981019,221357,943202376,1,0,0,39424,1,1381306465
8095,943037062,58063,943095125,0,0,0,4096,0,3176729047
8096,943048416,12825,943061241,4,0,1,21504,4,9574879595
8097,943192087,15993,943208080,4,0,1,14336,4,7488827371
8098,943252534,186949,943439483,0,0,0,34304,0,10612597153
8099,943288453,140555,943429008,1,0,0,61440,1,5746199488
8100,943317683,1518,943319201,3,0,1,1536,3,1333339923
8101,943381855,87279,943469134,3,0,0,22528,3,5790014471
8102,943411240,127064,943538304,5,0,0,58880,5,9664071244
8103,943482894,130332,943613226,8,0,0,76800,8,2811434098
8104,943679201,2470,943681671,2,0,1,2560,2,4164738222
8105,943769538,5326,943774864,3,0,1,5632,3,9561340215
8106,943788601,68528,943857129,9,0,0,10752,9,8375563821
8107,943825763,2470,943828233,7,0,1,2560,7,279476290
8108,943840826,122408,943963234,4,0,0,101888,4,5832293226
8109,943854645,5346,943859991,2,0,1,8704,2,3050449659
8110,943867553,3898,943871451,6,0,1,4096,6,10368141077
8111,943917965,3898,943921863,7,0,1,4096,7,2333762657
8112,943953078,180363,944133441,2,0,0,5120,2,8132302044
8113,943964392,4850,943969242,7,0,1,5120,7,10645891984
8114,943975953,214645,944190598,2,0,0,30208,2,8793790064
8115,944080570,99164,944179734,2,0,0,25600,2,6502878742
8116,944100018,120357,944220375,4,0,0,62464,4,5524605338
8117,944180727,9886,944190613,6,0,1,2560,6,5863064661
8118,944357255,2946,944360201,3,0,1,3072,3,6957713870
8119,944443574,50828,944494402,1,0,0,3072,1,3166513498
8120,944457774,88198,944545972,3,0,0,19968,3,8032668775
8121,944576889,47288,944624177,4,0,0,1536,4,964853646
8122,944635682,2870,944638552,4,0,1,8704,4,1970329346
8123,944684622,102128,944786750,2,0,0,35328,2,2084629535
8124,944705728,5802,944711530,0,0,1,6144,0,6339236574
8125,944799125,80372,944879497,9,0,0,14336,9,5851509096
8126,944820738,60824,944881562,2,0,0,5632,2,10238930665
8127,944909262,102752,945012014,0,0,0,37376,0,8561352628
8128,945006621,74225,945080846,3,0,0,11776,3,819144465
8129,945040934,50828,945091762,4,0,0,3072,4,9997314966
8130,945063196,101504,945164700,4,0,0,33280,4,5226354647
8131,945092824,4850,945097674,7,0,1,5120,7,3489233928
8132,945243059,104624,945347683,0,0,0,43520,0,1023087491
8133,945248567,109747,945358314,4,0,0,34816,4,8686449926
8134,945277821,100900,945378721,4,0,0,10240,4,5290799108
8135,945335583,112036,945447619,5,0,0,28160,5,591498798
8136,945346807,108315,945455122,3,0,0,24576,3,7045027235
8137,945389781,89920,945479701,7,0,0,16384,7,5393723432
8138,945490721,1042,945491763,6,0,1,1024,6,1916244334
8139,945494872,84450,945579322,6,0,0,18944,6,4755309072
8140,945497443,140013,945637456,2,0,0,27136,2,9842736117
8141,945530120,97784,945627904,9,0,0,20992,9,6276123800
8142,945598556,95720,945694276,7,0,0,9728,7,350553823
8143,945633898,9538,945643436,6,0,1,14848,6,2033762971
8144,945637291,106030,945743321,1,0,0,27648,1,3106715313
8145,945763473,102908,945866381,0,0,0,37888,0,261444299
8146,945800229,1994,945802223,6,0,1,2048,6,6166689820
8147,945815749,3904,945819653,3,0,1,10752,3,10225997372
8148,945883785,61916,945945701,0,0,0,9216,0,6818913110
8149,945899907,3128,945903035,7,0,1,9216,7,10067424149
8150,945913826,1042,945914868,3,0,1,1024,3,9549841700
8151,946014051,105560,946119611,3,0,0,46592,3,7329080620
8152,946092703,65332,946158035,2,0,0,4096,2,10014241561
8153,946121280,52364,946173644,6,0,0,3072,6,6548227204
8154,946156831,74020,946230851,9,0,0,9728,9,1581728095
8155,946160858,56684,946217542,9,0,0,7168,9,3280806681
8156,946215007,2550,946217557,1,0,1,1536,1,4207783966
8157,946325663,55748,946381411,9,0,0,4096,9,6730735120
8158,946366144,86970,946453114,1,0,0,18432,1,7011291052
8159,946376102,127192,946503294,0,0,0,28160,0,7210349440
8160,946473371,108056,946581427,6,0,0,54784,6,4560970361
8161,946510875,167878,946678753,5,0,0,66560,5,5120934239
8162,946544744,6278,946551022,0,0,1,6656,0,3558691216
8163,946596738,136081,946732819,4,0,0,26112,4,3528905993
8164,946629622,54705,946684327,0,0,0,3072,0,1058545054
8165,946657724,90347,946748071,7,0,0,22528,7,6126942346
8166,946733160,47288,946780448,0,0,0,1536,0,4340420719
8167,946766580,57440,946824020,3,0,0,4608,3,3397731638
8168,946767437,5971,946773408,6,0,1,14848,6,7666180436
8169,946851635,3898,946855533,1,0,1,4096,1,6509365742
8170,946870323,55748,946926071,2,0,0,4096,2,2979074734
8171,946924130,566,946924696,1,0,1,512,1,4715929362
8172,946944926,69284,947014210,7,0,0,8192,7,3436162912
8173,946967119,52364,947019483,4,0,0,3072,4,4343288546
8174,947012624,97635,947110259,4,0,0,16384,4,7146180613
8175,947013356,88142,947101498,4,0,0,16896,4,1368199982
8176,947089562,80169,947169731,4,0,0,7680,4,544244083
8177,947110784,112941,947223725,2,0,0,17408,2,9707288953
8178,947160340,1518,947161858,7,0,1,1536,7,8473628580
8179,947163999,77168,947241167,0,0,0,18944,0,9146364394
8180,947167677,4040,947171717,7,0,1,2048,7,4737610685
8181,947172744,10499,947183243,6,0,1,16896,6,5461834852
8182,947201034,98228,947299262,2,0,0,22528,2,6242216762
8183,947229307,91864,947321171,8,0,0,11776,8,2244323335
8184,947255853,4374,947260227,1,0,1,4608,1,4230550533
8185,947297133,75101,947372234,0,0,0,10240,0,4697031644
8186,947342842,65194,947408036,7,0,0,5632,7,2608200175
8187,947372451,64076,947436527,0,0,0,11264,0,8461721712
8188,947418721,100880,947519601,7,0,0,31232,7,6255825664
8189,947471524,53300,947524824,1,0,0,6144,1,9294330742
8190,947501828,163495,947665323,4,0,0,126976,4,1850214865
8191,947521447,57440,947578887,3,0,0,4608,3,8784486114
8192,947533806,139773,947673579,1,0,0,24064,1,6598454829
8193,947606764,566,947607330,3,0,1,512,3,7423235115
8194,947617371,3898,947621269,2,0,1,4096,2,10417474910
8195,947654160,117495,947771655,3,0,0,49152,3,2882200156
8196,947801684,3387,947805071,0,0,1,9728,0,10091733395
8197,947895185,70976,947966161,2,0,0,8704,2,7148901611
8198,947901595,57908,947959503,2,0,0,6144,2,10226312728
8199,947930622,5971,947936593,9,0,1,14848,9,6913814393
8200,947988971,101504,948090475,1,0,0,33280,1,9659610353
8201,948046233,48980,948095213,8,0,0,2048,8,4601660881
8202,948050013,92552,948142565,2,0,0,24064,2,3536458563
8203,948093852,71843,948165695,1,0,0,3072,1,4100196172
8204,948116114,116985,948233099,5,0,0,62976,5,7840130860
8205,948153479,3128,948156607,6,0,1,9216,6,8984131334
8206,948154684,111672,948266356,8,0,0,35840,8,5738719939
8207,948167165,2470,948169635,5,0,1,2560,5,43428781
8208,948267298,55748,948323046,1,0,0,4096,1,8218956770
8209,948295217,1042,948296259,2,0,1,1024,2,8152438953
8210,948344260,54992,948399252,3,0,0,6656,3,6125131287
8211,948491228,11016,948502244,3,0,1,17920,3,7855530194
8212,948559450,104780,948664230,3,0,0,44032,3,7005044517
8213,948772714,99164,948871878,9,0,0,25600,9,10615945595
8214,948794945,64364,948859309,1,0,0,7168,1,6589263664
8215,948866793,92709,948959502,4,0,0,23040,4,86181004
8216,948882824,106028,948988852,9,0,0,48128,9,8955986156
8217,948918823,87363,949006186,8,0,0,3072,8,4587304836
8218,949072238,3387,949075625,4,0,1,9728,4,3905589968
8219,949112103,5454,949117557,7,0,1,13824,7,9056552900
8220,949149949,110805,949260754,0,0,0,62464,0,2578701852
8221,949170668,62516,949233184,8,0,0,6144,8,5180445888
8222,949185926,106562,949292488,6,0,0,9216,6,10609544262
8223,949188519,134088,949322607,7,0,0,33792,7,5835840397
8224,949353777,74360,949428137,9,0,0,9728,9,2075573028
8225,949380839,90336,949471175,5,0,0,6144,5,7872224323
8226,949401228,68060,949469288,5,0,0,9216,5,3452066908
8227,949448885,65900,949514785,2,0,0,7168,2,1788422730
8228,949448944,85389,949534333,5,0,0,15872,5,4921911142
8229,949617641,124109,949741750,0,0,0,77824,0,5954155203
8230,949621235,7230,949628465,7,0,1,7680,7,2772633603
8231,949655437,1042,949656479,7,0,1,1024,7,6748411485
8232,949691969,98540,949790509,5,0,0,23552,5,2175787540
8233,949731410,96705,949828115,0,0,0,12288,0,3455131207
8234,949735929,88427,949824356,2,0,0,13312,2,3779133033
8235,949736435,13063,949749498,5,0,1,8192,5,6461466122
8236,949837480,57440,949894920,5,0,0,4608,5,4663501964
8237,949901737,79772,949981509,5,0,0,17408,5,272432467
8238,950020376,112580,950132956,5,0,0,69632,5,10558246566
8239,950034425,103694,950138119,3,0,0,16896,3,7743420804
8240,950052327,87367,950139694,4,0,0,5120,4,4226953819
8241,950065888,156396,950222284,6,0,0,73216,6,163948806
8242,950088385,185235,950273620,9,0,0,80384,9,8257341861
8243,950100348,1042,950101390,1,0,1,1024,1,6790895608
8244,950298418,73292,950371710,5,0,0,11264,5,814915932
8245,950406982,3898,950410880,3,0,1,4096,3,8807440115
8246,950419962,2946,950422908,6,0,1,3072,6,6597355556
8247,950435416,86252,950521668,0,0,0,23552,0,10710594595
8248,950482472,90992,950573464,1,0,0,18944,1,4075106146
8249,950617865,106340,950724205,9,0,0,49152,9,2899767130
8250,950682884,76052,950758936,3,0,0,10240,3,4457195232
8251,950780332,62228,950842560,9,0,0,10240,9,7002152210
8252,950946280,1518,950947798,7,0,1,1536,7,9230746590
8253,951023470,4850,951028320,7,0,1,5120,7,4163168139
8254,951041548,121971,951163519,9,0,0,25600,9,5833490628
8255,951106483,76832,951183315,9,0,0,12800,9,2990812683
8256,951269645,116894,951386539,8,0,0,4608,8,5086356975
8257,951286091,89744,951375835,3,0,0,14848,3,10101110234
8258,951294774,148405,951443179,0,0,0,29184,0,6013879493
8259,951355917,99185,951455102,7,0,0,17408,7,1797159028
8260,951415577,101186,951516763,2,0,0,16384,2,499627703
8261,951530120,6488,951536608,3,0,1,15872,3,5654649377
8262,951568380,64208,951632588,5,0,0,6656,5,3164656612
8263,951612202,93637,951705839,3,0,0,1024,3,3647760311
8264,951689007,55748,951744755,9,0,0,4096,9,153878351
8265,951712474,123032,951835506,6,0,0,103936,6,4957997407
8266,951781028,12308,951793336,0,0,1,20480,0,3677544444
8267,951809372,29788,951839160,0,0,1,10240,0,1001982179
8268,951829835,9671,951839506,4,0,1,512,4,8851053220
8269,951905383,47288,951952671,1,0,0,1536,1,3075057792
8270,951967518,245378,952212896,4,0,0,15360,4,489157414
8271,951992296,12737,952005033,4,0,1,24576,4,8715276345
8272,952025919,109218,952135137,8,0,0,32256,8,3058063382
8273,952034760,118488,952153248,3,0,0,59392,3,10697379505
8274,952073654,82573,952156227,5,0,0,9728,5,4861825701
8275,952088378,145446,952233824,4,0,0,23552,4,5142520882
8276,952249672,62516,952312188,9,0,0,6144,9,927003313
8277,952273710,76388,952350098,4,0,0,16384,4,10328459080
8278,952290285,106964,952397249,9,0,0,51200,9,9905467315
8279,952307248,4955,952312203,7,0,1,4608,7,8244342722
8280,952404028,118196,952522224,2,0,0,88064,2,2610916086
8281,952590450,117238,952707688,3,0,0,25088,3,7101838721
8282,952602881,11533,952614414,3,0,1,18944,3,10325960867
8283,952634414,3898,952638312,0,0,1,4096,0,888984994
8284,952667393,160299,952827692,6,0,0,17920,6,1365116173
8285,952732907,7706,952740613,4,0,1,8192,4,1275209643
8286,952769744,7230,952776974,1,0,1,7680,1,9405418575
8287,952921584,84980,953006564,5,0,0,14336,5,3084206086
8288,952995759,192620,953188379,1,0,0,171008,1,7561477865
8289,953008025,3898,953011923,0,0,1,4096,0,6834486603
8290,953063525,191970,953255495,6,0,0,121856,6,212426581
8291,953167224,128543,953295767,3,0,0,14848,3,7783243796
8292,953225672,35028,953260700,6,0,1,13312,6,3087089739
8293,953237113,106295,953343408,6,0,0,13824,6,3037644735
8294,953295019,4638,953299657,3,0,1,4096,3,1352121229
8295,953307043,80372,953387415,8,0,0,14336,8,1674918490
8296,953403740,63296,953467036,5,0,0,8704,5,8725916343
8297,953431963,101348,953533311,5,0,0,32768,5,6637052978
8298,953587020,78680,953665700,4,0,0,13824,4,8737265110
8299,953606814,69284,953676098,8,0,0,8192,8,725473287
8300,953617930,58495,953676425,2,0,0,1024,2,9267753013
8301,953721285,60824,953782109,3,0,0,5632,3,9416199076
8302,953778640,113048,953891688,3,0,0,71168,3,7226835430
8303,953805357,149661,953955018,4,0,0,40960,4,10263540201
8304,953814951,200373,954015324,4,0,0,20992,4,7468462335
8305,953836607,144337,953980944,4,0,0,59392,4,5650085481
8306,953872403,23714,953896117,3,0,1,11776,3,9900049972
8307,953873854,186200,954060054,6,0,0,86016,6,5668351309
8308,953937537,195080,954132617,7,0,0,13824,7,6718101845
8309,954093770,84692,954178462,2,0,0,18432,2,6667587057
8310,954100415,127566,954227981,7,0,0,27136,7,412233023
8311,954132970,71695,954204665,7,0,0,1024,7,1950644090
8312,954177189,182783,954359972,1,0,0,24576,1,3486522186
8313,954208814,143655,954352469,9,0,0,60416,9,858958601
8314,954312444,4374,954316818,6,0,1,4608,6,8439115360
8315,954381118,43904,954425022,9,0,0,512,9,8461961550
8316,954466208,101816,954568024,8,0,0,34304,8,3518411208
8317,954528467,57719,954586186,0,0,0,2048,0,6291114988
8318,954555199,98697,954653896,5,0,0,21504,5,10689910044
8319,954559097,183605,954742702,3,0,0,84992,3,9525284301
8320,954608091,176275,954784366,1,0,0,60416,1,4621277460
8321,954722040,21220,954743260,7,0,1,512,7,1555313977
8322,954749129,54056,954803185,0,0,0,3584,0,5800428452
8323,954908964,109148,955018112,5,0,0,58368,5,5216947485
8324,954992901,100568,955093469,5,0,0,30208,5,2295818779
8325,955030333,95468,955125801,2,0,0,23552,2,8532716158
8326,955039478,172487,955211965,6,0,0,21504,6,5184106032
8327,955048017,186936,955234953,6,0,0,32256,6,10246702664
8328,955056866,10757,955067623,9,0,1,17408,9,3878141687
8329,955067713,137685,955205398,6,0,0,51712,6,2021816310
8330,955132000,4850,955136850,6,0,1,5120,6,693904421
8331,955144151,5196,955149347,1,0,1,13312,1,10115136354
8332,955166411,566,955166977,1,0,1,512,1,1867483566
8333,955254348,121316,955375664,1,0,0,98304,1,118360193
8334,955256244,121151,955377395,8,0,0,5632,8,61046074
8335,955257360,1042,955258402,7,0,1,1024,7,2989819009
8336,955339957,134774,955474731,9,0,0,21504,9,3559302851
8337,955342225,55748,955397973,6,0,0,4096,6,2831439540
8338,955397794,144521,955542315,1,0,0,87040,1,3552345280
8339,955441583,33163,955474746,7,0,1,48640,7,3169121129
8340,955602833,161949,955764782,9,0,0,113664,9,3193472859
8341,955662194,126616,955788810,5,0,0,6656,5,7556850640
8342,955671090,137214,955808304,4,0,0,11264,4,523462729
8343,955671250,129664,955800914,4,0,0,8192,4,2601995237
8344,955702756,73316,955776072,7,0,0,16384,7,4730813487
8345,955715009,4374,955719383,4,0,1,4608,4,7214512526
8346,955740471,162977,955903448,5,0,0,116736,5,10203647076
8347,955808165,161631,955969796,8,0,0,34816,8,1094690836
8348,955823051,122725,955945776,9,0,0,14336,9,8089732448
8349,955903498,13083,955916581,7,0,1,22016,7,9058863287
8350,956006221,51296,956057517,8,0,0,4608,8,9718344023
8351,956014125,89526,956103651,1,0,0,8704,1,6898716776
8352,956054782,10499,956065281,3,0,1,16896,3,8617375732
8353,956107649,99944,956207593,3,0,0,28160,3,604709738
8354,956132829,48980,956181809,2,0,0,2048,2,1941858125
8355,956204797,16558,956221355,6,0,1,26624,6,2778108446
8356,956278730,59912,956338642,9,0,0,7680,9,2226483861
8357,956287392,109304,956396696,6,0,0,58880,6,5413280793
8358,956314840,149134,956463974,9,0,0,51712,9,5415635778
8359,956511431,113672,956625103,6,0,0,73216,6,915251002
8360,956533601,166244,956699845,5,0,0,85504,5,5962669505
8361,956865672,1518,956867190,1,0,1,1536,1,9411935569
8362,956909926,57440,956967366,4,0,0,4608,4,5250992325
8363,956933200,94820,957028020,1,0,0,16384,1,7453200478
8364,956953381,100421,957053802,7,0,0,13824,7,7658071298
8365,956954794,76829,957031623,9,0,0,11776,9,8389192683
8366,957002735,2470,957005205,4,0,1,2560,4,6839811732
8367,957049112,80396,957129508,4,0,0,19456,4,7787311660
8368,957081834,102596,957184430,9,0,0,36864,9,9742324860
8369,957128068,6758,957134826,3,0,1,5632,3,2586428321
8370,957140360,45752,957186112,5,0,0,1536,5,1446621759
8371,957151927,5326,957157253,1,0,1,5632,1,5706427375
8372,957200678,264248,957464926,2,0,0,17920,2,470802515
8373,957222631,99188,957321819,7,0,0,30720,7,4736492225
8374,957272528,90548,957363076,0,0,0,22528,0,4600096611
8375,957275107,154764,957429871,7,0,0,22016,7,8904506546
8376,957288830,134318,957423148,6,0,0,58368,6,8362500689
8377,957302736,97654,957400390,2,0,0,15872,2,9069335869
8378,957326145,1042,957327187,4,0,1,1024,4,8521976368
8379,957427986,79957,957507943,5,0,0,16896,5,5978145905
8380,957433903,45596,957479499,0,0,0,1024,0,6328164352
8381,957539010,98228,957637238,8,0,0,22528,8,8936598393
8382,957541044,80162,957621206,9,0,0,10240,9,3217870768
8383,957576716,154230,957730946,6,0,0,10240,6,9956038571
8384,957584126,139152,957723278,6,0,0,45568,6,4256283488
8385,957619890,117200,957737090,8,0,0,10240,8,8104444792
8386,957672574,128488,957801062,0,0,0,11264,0,4783690582
8387,957684988,6754,957691742,0,0,1,7168,0,1020290257
8388,957772052,3422,957775474,1,0,1,3584,1,5259105130
8389,957781407,171736,957953143,8,0,0,101376,8,7926505336
8390,957823094,168545,957991639,4,0,0,8704,4,7826926524
8391,957898614,11274,957909888,9,0,1,18432,9,7424276244
8392,957952291,247720,958200011,7,0,0,31744,7,8959655198
8393,957954895,74360,958029255,1,0,0,9728,1,5696381765
8394,957958357,3898,957962255,1,0,1,4096,1,10465202936
8395,957972778,248017,958220795,0,0,0,9216,0,9046975518
8396,958036770,80708,958117478,6,0,0,20480,6,5597985641
8397,958055967,93752,958149719,7,0,0,17920,7,3824371738
8398,958101456,83444,958184900,6,0,0,14336,6,3149990843
8399,958110921,76247,958187168,4,0,0,6656,4,8558871001
8400,958157008,143233,958300241,5,0,0,41984,5,9237891323
8401,958227548,95268,958322816,7,0,0,13824,7,6997732014
8402,958267957,93332,958361289,4,0,0,26624,4,7601218401
8403,958283651,89830,958373481,8,0,0,6144,8,6399591783
8404,958347982,107276,958455258,9,0,0,52224,9,9573937119
8405,958356458,116746,958473204,8,0,0,39424,8,4541530988
8406,958379032,141632,958520664,8,0,0,38912,8,7126355670
8407,958467806,7860,958475666,0,0,1,2560,0,4927746878
8408,958572835,55748,958628583,9,0,0,4096,9,3096548968
8409,958829989,87764,958917753,7,0,0,18432,7,2453695621
8410,958851357,100880,958952237,3,0,0,31232,3,5580240349
8411,958905661,46903,958952564,1,0,0,1024,1,3979648859
8412,958909543,64208,958973751,9,0,0,6656,9,3040749707
8413,958929404,89617,959019021,4,0,0,23040,4,6691086377
8414,958998030,104936,959102966,8,0,0,44544,8,4707587500
8415,959006692,82400,959089092,1,0,0,20992,1,451950893
8416,959032611,1518,959034129,7,0,1,1536,7,5579990608
8417,959100933,4019,959104952,4,0,1,2048,4,4241047504
8418,959258954,101816,959360770,2,0,0,34304,2,6035900862
8419,959259905,106808,959366713,8,0,0,19456,8,5051611659
8420,959263108,71288,959334396,9,0,0,9728,9,1864645246
8421,959389613,3422,959393035,7,0,1,3584,7,6180100946
8422,959416797,102752,959519549,2,0,0,37376,2,10617351228
8423,959475826,5712,959481538,3,0,1,14336,3,10375620609
8424,959700059,49136,959749195,9,0,0,2560,9,3867848126
8425,959886194,104624,959990818,4,0,0,43520,4,6751497303
8426,959930257,61980,959992237,5,0,0,4608,5,8396533240
8427,959952263,111755,960064018,2,0,0,14336,2,7772811355
8428,960015260,59132,960074392,2,0,0,5120,2,7260082977
8429,960052511,5971,960058482,0,0,1,14848,0,6378272416
8430,960067046,156842,960223888,8,0,0,100352,8,234276122
8431,960071710,157185,960228895,0,0,0,16384,0,6664600889
8432,960081214,4850,960086064,7,0,1,5120,7,8304617246
8433,960173984,101192,960275176,1,0,0,32256,1,695515838
8434,960241664,85004,960326668,4,0,0,19456,4,3984323089
8435,960264478,135060,960399538,3,0,0,25600,3,1222711740
8436,960343097,3422,960346519,3,0,1,3584,3,4356494881
8437,960385090,99008,960484098,7,0,0,25088,7,6794427025
8438,960420454,1042,960421496,3,0,1,1024,3,966798222
8439,960567530,51872,960619402,4,0,0,2560,4,5282545258
8440,960589040,50828,960639868,2,0,0,3072,2,5448372153
8441,960596658,93400,960690058,0,0,0,20480,0,3077979783
8442,960632773,4850,960637623,3,0,1,5120,3,7629410251
8443,960654379,59132,960713511,3,0,0,5120,3,7533934722
8444,960687208,101538,960788746,9,0,0,24064,9,6897475664
8445,960725631,2946,960728577,6,0,1,3072,6,4949176968
8446,960759162,82712,960841874,8,0,0,22016,8,1866386635
8447,960780091,1042,960781133,0,0,1,1024,0,9670756930
8448,960862074,82688,960944762,1,0,0,16896,1,189402070
8449,960868038,101504,960969542,6,0,0,33280,6,9870518049
8450,960998629,1042,960999671,1,0,1,1024,1,640448988
8451,961029944,96092,961126036,4,0,0,25600,4,8055261544
8452,961142709,2870,961145579,0,0,1,8704,0,5106350445
8453,961147239,114407,961261646,5,0,0,60416,5,8589754361
8454,961327993,7706,961335699,4,0,1,8192,4,1758817984
8455,961351756,11016,961362772,4,0,1,17920,4,9480478629
8456,961381381,90992,961472373,1,0,0,18944,1,9251649632
8457,961387905,150979,961538884,9,0,0,8192,9,2017516922
8458,961535386,87462,961622848,6,0,0,14336,6,5120241540
8459,961546680,106756,961653436,0,0,0,18944,0,8463276138
8460,961600603,53472,961654075,1,0,0,2048,1,9728318301
8461,961628771,127205,961755976,9,0,0,55808,9,10264992811
8462,961674880,55748,961730628,7,0,0,4096,7,8289047721
8463,961716116,96536,961812652,3,0,0,22016,3,1324332001
8464,961728633,75049,961803682,2,0,0,1536,2,6737036052
8465,961730899,7706,961738605,1,0,1,8192,1,7508992453
8466,961731100,158322,961889422,2,0,0,40960,2,1154457368
8467,961760216,75776,961835992,4,0,0,5632,4,9093325682
8468,961811790,117376,961929166,0,0,0,17920,0,599307269
8469,961851467,162143,962013610,4,0,0,108544,4,10459327526
8470,961903703,118223,962021926,4,0,0,14848,4,7686752567
8471,961921788,13083,961934871,4,0,1,22016,4,658911272
8472,961927109,134255,962061364,6,0,0,32256,6,3700185820
8473,961929279,105877,962035156,2,0,0,11776,2,1693816205
8474,962183742,68372,962252114,4,0,0,10240,4,5587765273
8475,962222689,5802,962228491,4,0,1,6144,4,9926152890
8476,962309828,43904,962353732,4,0,0,512,4,4839667287
8477,962349100,107120,962456220,0,0,0,51712,0,10542145883
8478,962379413,167959,962547372,0,0,0,51200,0,3192852863
8479,962469282,134502,962603784,7,0,0,12288,7,10392969076
8480,962534159,160844,962695003,5,0,0,22016,5,3867541367
8481,962545144,7957,962553101,4,0,1,14336,4,9760417644
8482,962579343,566,962579909,0,0,1,512,0,10067211036
8483,962610595,155404,962765999,4,0,0,31744,4,2417195054
8484,962648054,47120,962695174,3,0,0,512,3,3331900329
8485,962669221,54896,962724117,2,0,0,1024,2,955700031
8486,962722989,68684,962791673,3,0,0,11264,3,9002492341
8487,962815600,64208,962879808,4,0,0,6656,4,9603470116
8488,962892677,2470,962895147,0,0,1,2560,0,7057715770
8489,962904969,151733,963056702,7,0,0,17408,7,8984286977
8490,962910019,72668,962982687,1,0,0,9216,1,5629387454
8491,962979228,3474,962982702,0,0,1,2048,0,2479476111
8492,962989118,5454,962994572,4,0,1,13824,4,4108621644
8493,963116487,43904,963160391,9,0,0,512,9,329509933
8494,963122650,112268,963234918,6,0,0,68608,6,6750261050
8495,963331637,13083,963344720,4,0,1,22016,4,10274747385
8496,963340901,119039,963459940,6,0,0,6144,6,1529348553
8497,963363981,130817,963494798,4,0,0,10240,4,2905842640
8498,963475529,73916,963549445,0,0,0,13312,0,6027861867
8499,963515155,97160,963612315,3,0,0,24064,3,8507139357
8500,963675455,5712,963681167,3,0,1,14336,3,3225109013
8501,963688561,128715,963817276,1,0,0,54272,1,5917475926
8502,963712873,115953,963828826,6,0,0,20480,6,9108875030
8503,963713292,120073,963833365,0,0,0,14848,0,7033326659
8504,963779821,138409,963918230,5,0,0,20992,5,805911729
8505,963821269,57440,963878709,8,0,0,4608,8,836259470
8506,963888075,106652,963994727,4,0,0,50176,4,1579787100
8507,963890989,67657,963958646,3,0,0,10240,3,1131221496
8508,963898796,133743,964032539,5,0,0,23040,5,6875659630
8509,963942859,145462,964088321,5,0,0,53760,5,2760510246
8510,963972672,4850,963977522,8,0,1,5120,8,390006322
8511,964076664,100973,964177637,8,0,0,23552,8,3286334053
8512,964113791,79608,964193399,8,0,0,3584,8,9323127679
8513,964162660,120793,964283453,5,0,0,71168,5,1483434347
8514,964194909,95942,964290851,7,0,0,3584,7,10163714969
8515,964255029,2470,964257499,4,0,1,2560,4,7807437344
8516,964310919,89144,964400063,4,0,0,17920,4,6498049602
8517,964352946,4850,964357796,7,0,1,5120,7,6640921617
8518,964354913,4829,964359742,1,0,1,3072,1,5577064061
8519,964381433,150250,964531683,7,0,0,7680,7,8140513528
8520,964554621,103064,964657685,5,0,0,38400,5,856729635
8521,964557819,84248,964642067,7,0,0,22016,7,7264229289
8522,964559072,175863,964734935,7,0,0,28672,7,2291815203
8523,964578911,194700,964773611,0,0,0,53248,0,719945045
8524,964596768,99689,964696457,9,0,0,17920,9,6179007665
8525,964633119,86360,964719479,6,0,0,8192,6,7443014554
8526,964648366,13685,964662051,6,0,1,4608,6,6719043537
8527,964885300,92972,964978272,9,0,0,15360,9,4783306847
8528,964973520,89768,965063288,0,0,0,19968,0,4148059523
8529,964976689,105731,965082420,4,0,0,41984,4,6236419600
8530,965062368,51740,965114108,5,0,0,3072,5,3323533082
8531,965063869,4374,965068243,1,0,1,4608,1,4864904789
8532,965205874,566,965206440,7,0,1,512,7,8477226776
8533,965213560,104936,965318496,8,0,0,44544,8,6676563583
8534,965230415,59387,965289802,7,0,0,1536,7,2467619043
8535,965242514,95780,965338294,3,0,0,24576,3,6217942847
8536,965334510,55072,965389582,4,0,0,4608,4,6980072953
8537,965390096,104156,965494252,4,0,0,41984,4,6550005350
8538,965395005,2946,965397951,7,0,1,3072,7,9070714298
8539,965422392,91066,965513458,2,0,0,3072,2,2027310726
8540,965457568,6278,965463846,3,0,1,6656,3,6049383433
8541,965483402,11408,965494810,1,0,1,512,1,6297634482
8542,965573574,66080,965639654,7,0,0,12800,7,6435460880
8543,965594880,77744,965672624,2,0,0,10752,2,3101431460
8544,965595721,5326,965601047,7,0,1,5632,7,3424059296
8545,965680493,65456,965745949,8,0,0,10752,8,3903911986
8546,965710046,105092,965815138,2,0,0,45056,2,4470428881
8547,965891811,99320,965991131,0,0,0,26112,0,7003871276
8548,965911320,43904,965955224,9,0,0,512,9,3740832131
8549,965958360,73160,966031520,4,0,0,15872,4,657970258
8550,966074582,100412,966174994,2,0,0,29696,2,3706375751
8551,966074783,566,966075349,1,0,1,512,1,3620288956
8552,966203893,188252,966392145,9,0,0,156672,9,2508663069
8553,966234183,13512,966247695,3,0,1,26112,3,3968448233
8554,966379758,19133,966398891,0,0,1,7168,0,8071732286
8555,966424024,3128,966427152,1,0,1,9216,1,8044515709
8556,966493796,59132,966552928,9,0,0,5120,9,6179464418
8557,966526910,113570,966640480,8,0,0,37376,8,9447251076
8558,966528501,100568,966629069,0,0,0,30208,0,7663194701
8559,966561157,111423,966672580,6,0,0,10752,6,5835500701
8560,966622405,117819,966740224,5,0,0,8704,5,8778591655
8561,966625633,65511,966691144,6,0,0,2560,6,6731527200
8562,966688341,566,966688907,6,0,1,512,6,10163750487
8563,966830816,5971,966836787,4,0,1,14848,4,6907191312
8564,966850241,221688,967071929,0,0,0,66560,0,2117714392
8565,966872497,148866,967021363,3,0,0,33792,3,9442250188
8566,966935499,55782,966991281,5,0,0,2048,5,7496714342
8567,966937550,108485,967046035,4,0,0,54272,4,2389597057
8568,966968129,123551,967091680,3,0,0,13312,3,8569335101
8569,966991740,5326,966997066,1,0,1,5632,1,4711855745
8570,967005239,16139,967021378,3,0,1,18432,3,241563495
8571,967052226,113759,967165985,3,0,0,18944,3,2685442680
8572,967096048,57440,967153488,5,0,0,4608,5,4150192945
8573,967096793,139110,967235903,4,0,0,50688,4,5756861572
8574,967102522,105495,967208017,3,0,0,9728,3,4734273459
8575,967142257,146364,967288621,2,0,0,19968,2,1249282630
8576,967218276,17642,967235918,7,0,1,17408,7,10254410823
8577,967431025,103844,967534869,0,0,0,40960,0,1015190532
8578,967583142,84512,967667654,5,0,0,12800,5,10214462402
8579,967613803,55738,967669541,3,0,0,6144,3,9264612118
8580,967769217,50672,967819889,7,0,0,2560,7,9398991713
8581,967770847,566,967771413,2,0,1,512,2,2561224744
8582,967803928,64364,967868292,2,0,0,7168,2,2788169106
8583,967837328,65900,967903228,6,0,0,7168,6,8514867781
8584,967841043,566,967841609,3,0,1,512,3,5085445116
8585,967899467,108485,968007952,6,0,0,51200,6,3083107143
8586,968196069,58220,968254289,9,0,0,7168,9,2569131254
8587,968208390,117803,968326193,9,0,0,29184,9,9398819861
8588,968225754,82823,968308577,4,0,0,6656,4,7813953020
8589,968228525,2470,968230995,1,0,1,2560,1,7195404331
8590,968351858,167249,968519107,3,0,0,55808,3,62249041
8591,968361587,248645,968610232,3,0,0,199168,3,6096651760
8592,968439620,177202,968616822,0,0,0,8704,0,8309590157
8593,968475878,138277,968614155,7,0,0,12800,7,670953202
8594,968551784,66991,968618775,3,0,1,2048,3,9486201882
8595,968703850,105404,968809254,0,0,0,46080,0,4058362775
8596,968709361,146081,968855442,2,0,0,36352,2,7253179816
8597,968742467,6278,968748745,6,0,1,6656,6,630811285
8598,968764167,189196,968953363,9,0,0,26624,9,9825608014
8599,968768480,202013,968970493,7,0,0,33792,7,5595438835
8600,968782108,5326,968787434,1,0,1,5632,1,10584235500
8601,968800254,76159,968876413,0,0,0,2048,0,528072035
8602,968800880,12036,968812916,7,0,1,10240,7,1840614488
8603,968815630,175917,968991547,1,0,0,46080,1,9323368215
8604,968922096,10499,968932595,6,0,1,16896,6,5533811740
8605,968923045,14376,968937421,7,0,1,7680,7,9194553531
8606,968942754,1042,968943796,7,0,1,1024,7,5447782615
8607,969004839,113984,969118823,9,0,0,74240,9,1499485539
8608,969010080,165101,969175181,8,0,0,31232,8,2883595691
8609,969012695,233736,969246431,5,0,0,117760,5,7566627789
8610,969044115,3422,969047537,4,0,1,3584,4,4893774561
8611,969114415,136243,969250658,8,0,0,13824,8,9973260123
8612,969186804,65749,969252553,1,0,0,6144,1,7586965922
8613,969188496,140669,969329165,0,0,0,32256,0,3451227966
8614,969208054,111268,969319322,2,0,0,23040,2,3480852367
8615,969222407,168846,969391253,4,0,0,25088,4,9740421500
8616,969280658,101493,969382151,2,0,0,9216,2,6353436413
8617,969313543,145198,969458741,6,0,0,22528,6,4643223446
8618,969324812,113979,969438791,0,0,0,33792,0,46577908
8619,969460909,87896,969548805,1,0,0,13824,1,6202322398
8620,969477450,7230,969484680,9,0,1,7680,9,8485339230
8621,969515266,134987,969650253,4,0,0,47104,4,5072727862
8622,969616472,2946,969619418,1,0,1,3072,1,1208016099
8623,969737773,1518,969739291,3,0,1,1536,3,6451726253
8624,969738079,77782,969815861,7,0,0,15360,7,237412205
8625,969818806,106160,969924966,3,0,0,21504,3,9894948926
8626,969828137,98560,969926697,6,0,0,5632,6,7812169063
8627,969830122,79436,969909558,2,0,0,11264,2,4724268294
8628,969877823,49513,969927336,2,0,0,2048,2,1063575751
8629,969966759,101036,970067795,0,0,0,31744,0,10176363308
8630,970017189,4937,970022126,6,0,1,12800,6,7913080564
8631,970025736,566,970026302,8,0,1,512,8,1325332807
8632,970104750,57440,970162190,6,0,0,4608,6,1676888211
8633,970112814,65300,970178114,2,0,0,10240,2,1002081139
8634,970141696,110380,970252076,8,0,0,36352,8,7071040104
8635,970192946,3422,970196368,8,0,1,3584,8,481916276
8636,970282518,115232,970397750,0,0,0,78336,0,6331517764
8637,970300426,65768,970366194,0,0,0,11776,0,10025417710
8638,970303637,11533,970315170,5,0,1,18944,5,3985468832
8639,970436523,1042,970437565,4,0,1,1024,4,8521721913
8640,970614885,6488,970621373,4,0,1,15872,4,781632543
8641,970877506,7706,970885212,6,0,1,8192,6,7476729647
8642,970896848,140701,971037549,4,0,0,73216,4,8572720609
8643,970898125,94611,970992736,8,0,0,14848,8,884526196
8644,970903210,4679,970907889,6,0,1,12288,6,5800321823
8645,970906671,2204,970908875,6,0,1,1536,6,10200401270
8646,970932226,106118,971038344,6,0,0,2560,6,4134487948
8647,971125020,107588,971232608,9,0,0,53248,9,5145508304
8648,971145955,159235,971305190,3,0,0,63488,3,1729456873
8649,971172902,132615,971305517,7,0,0,1024,7,8691858402
8650,971257116,113168,971370284,0,0,0,49152,0,8905422307
8651,971320127,114296,971434423,8,0,0,75264,8,8257992764
8652,971323129,66907,971390036,8,0,0,3072,8,10702964979
8653,971385423,76684,971462107,6,0,0,2560,6,203608091
8654,971432589,57508,971490097,4,0,0,2560,4,7563529494
8655,971456845,97916,971554761,4,0,0,21504,4,3450352445
8656,971472022,84803,971556825,7,0,0,3072,7,2721423678
8657,971507552,2470,971510022,2,0,1,2560,2,9306640738
8658,971517497,60824,971578321,9,0,0,5632,9,4090070277
8659,971558198,1042,971559240,0,0,1,1024,0,10442432590
8660,971657343,73004,971730347,3,0,0,15360,3,5496822797
8661,971692326,107663,971799989,7,0,0,20992,7,8586894590
8662,971729904,89291,971819195,7,0,0,22016,7,3189247630
8663,971861650,3898,971865548,7,0,1,4096,7,4600536752
8664,971862372,6722,971869094,3,0,1,5632,3,9391429515
8665,971878177,50984,971929161,9,0,0,3584,9,5623818460
8666,971881554,69284,971950838,6,0,0,8192,6,1223948233
8667,971884776,102440,971987216,3,0,0,36352,3,470316062
8668,971955301,59132,972014433,9,0,0,5120,9,268496936
8669,971973557,101192,972074749,7,0,0,32256,7,9647342379
8670,971987245,3898,971991143,4,0,1,4096,4,6656554745
8671,972045922,70239,972116161,5,0,0,4608,5,8569701432
8672,972065773,63024,972128797,0,0,0,3584,0,1986416261
8673,972127528,79893,972207421,7,0,0,17408,7,2632878642
8674,972183645,115856,972299501,0,0,0,80384,0,10179233243
8675,972206341,188517,972394858,0,0,0,63488,0,4390906681
8676,972235625,131520,972367145,3,0,0,12800,3,1582883874
8677,972236192,72668,972308860,4,0,0,9216,4,6496299144
8678,972267881,91116,972358997,8,0,0,11264,8,44504508
8679,972272764,54553,972327317,4,0,0,3072,4,23170008
8680,972281950,66523,972348473,2,0,0,2048,2,9114272019
8681,972311819,117672,972429491,8,0,0,34816,8,1333100009
8682,972344092,140785,972484877,5,0,0,13824,5,7804896768
8683,972426384,99947,972526331,0,0,0,23040,0,8285347997
8684,972504593,47288,972551881,3,0,0,1536,3,36461530
8685,972515914,1518,972517432,9,0,1,1536,9,794846942
8686,972615145,108680,972723825,6,0,0,56832,6,8519270179
8687,972651287,103384,972754671,0,0,0,10752,0,4386380110
8688,972672294,136973,972809267,0,0,0,7168,0,5026317691
8689,972692542,114526,972807068,6,0,0,8704,6,3619519813
8690,972698061,106340,972804401,3,0,0,49152,3,7647218791
8691,972817105,3128,972820233,1,0,1,9216,1,270221638
8692,972860788,7230,972868018,1,0,1,7680,1,4921974224
8693,972887852,105560,972993412,2,0,0,46592,2,8024340030
8694,972951048,118552,973069600,0,0,0,32256,0,4061953818
8695,972988701,110575,973099276,3,0,0,47616,3,6215051614
8696,973045787,83444,973129231,8,0,0,14336,8,5421545722
8697,973111965,4374,973116339,6,0,1,4608,6,1662187019
8698,973138499,104468,973242967,0,0,0,43008,0,9843218360
8699,973156800,104780,973261580,8,0,0,44032,8,3090063669
8700,973170322,123046,973293368,2,0,0,42496,2,2081696874
8701,973175706,3422,973179128,4,0,1,3584,4,7880639327
8702,973242734,3095,973245829,9,0,1,8704,9,8312819311
8703,973246837,123841,973370678,2,0,0,30720,2,1204958638
8704,973255861,118420,973374281,9,0,0,11776,9,4695987974
8705,973293447,13253,973306700,6,0,1,25600,6,3335059033
8706,973323398,125766,973449164,9,0,0,55296,9,5893369726
8707,973359859,90256,973450115,7,0,0,3072,7,6089527216
8708,973469556,2870,973472426,7,0,1,8704,7,872723364
8709,973481727,98072,973579799,5,0,0,22016,5,23510071
8710,973530929,78378,973609307,1,0,0,10752,1,9260115928
8711,973581588,97760,973679348,1,0,0,20992,1,294789625
8712,973613391,3422,973616813,2,0,1,3584,2,3937943774
8713,973676987,5299,973682286,0,0,1,3072,0,5085890347
8714,973785827,93178,973879005,6,0,0,17920,6,9937132833
8715,973829129,1518,973830647,0,0,1,1536,0,8334512948
8716,973910935,5802,973916737,6,0,1,6144,6,9420278040
8717,973919607,109460,974029067,1,0,0,59392,1,6653844661
8718,973926243,198481,974124724,7,0,0,46080,7,9546917067
8719,973939267,94339,974033606,6,0,0,14848,6,4342340245
8720,974120452,102804,974223256,0,0,0,23552,0,7590446004
8721,974120705,8732,974129437,3,0,1,12288,3,2411193048
8722,974122127,112376,974234503,1,0,0,36864,1,497122406
8723,974137528,110094,974247622,1,0,0,43008,1,1991931152
8724,974138873,131293,974270166,9,0,0,26112,9,3348820828
8725,974270090,56128,974326218,5,0,0,5120,5,5824127606
8726,974278953,1518,974280471,6,0,1,1536,6,1630679613
8727,974320834,2946,974323780,9,0,1,3072,9,352729612
8728,974327755,43904,974371659,7,0,0,512,7,5385982698
8729,974374143,1518,974375661,9,0,1,1536,9,9320494192
8730,974377691,1042,974378733,5,0,1,1024,5,1379947597
8731,974425038,61916,974486954,4,0,0,9216,4,1229346265
8732,974466213,65300,974531513,3,0,0,10240,3,2261813464
8733,974506120,110143,974616263,9,0,0,60416,9,10400028060
8734,974513687,123673,974637360,2,0,0,19968,2,5473685704
8735,974566491,108092,974674583,4,0,0,2560,4,7691205941
8736,974569159,180442,974749601,3,0,0,40960,3,554647897
8737,974569315,47431,974616746,7,0,0,1536,7,6618651194
8738,974588053,77300,974665353,4,0,0,14336,4,4857059478
8739,974617698,151577,974769275,3,0,0,3584,3,2508195476
8740,974673314,1994,974675308,1,0,1,2048,1,1361697348
8741,974705856,65900,974771756,4,0,0,7168,4,8706321193
8742,974714995,81517,974796512,9,0,0,12800,9,5699974676
8743,974855885,101348,974957233,9,0,0,32768,9,7940779996
8744,974877332,200567,975077899,0,0,0,44544,0,1434731474
8745,974881487,142736,975024223,7,0,0,29696,7,1580204801
8746,974965468,62516,975027984,5,0,0,6144,5,9445513162
8747,974976029,107306,975083335,6,0,0,9728,6,9491326241
8748,975090997,2946,975093943,3,0,1,3072,3,3859528417
8749,975095219,4374,975099593,7,0,1,4608,7,1517137121
8750,975117661,54683,975172344,2,0,0,2048,2,1729578357
8751,975179369,95936,975275305,1,0,0,25088,1,6649603743
8752,975217941,71624,975289565,5,0,0,15872,5,8834084140
8753,975272307,6905,975279212,0,0,1,4096,0,6681846757
8754,975275067,72122,975347189,9,0,0,6144,9,5786989157
8755,975328995,1042,975330037,6,0,1,1024,6,1938522993
8756,975337787,1518,975339305,2,0,1,1536,2,1582977557
8757,975353920,140370,975494290,1,0,0,1024,1,10641022044
8758,975379067,3898,975382965,9,0,1,4096,9,954539801
8759,975405804,1042,975406846,7,0,1,1024,7,1884467344
8760,975520115,97916,975618031,1,0,0,21504,1,10509512469
8761,975560227,136626,975696853,4,0,0,52224,4,570239729
8762,975603346,7706,975611052,6,0,1,8192,6,3131831516
8763,975702118,55748,975757866,9,0,0,4096,9,3286964375
8764,975716539,52364,975768903,5,0,0,3072,5,310706000
8765,976130306,2946,976133252,7,0,1,3072,7,4234322910
8766,976294419,59444,976353863,6,0,0,6144,6,1695806558
8767,976491841,54056,976545897,6,0,0,3584,6,3646777077
8768,976540648,106652,976647300,2,0,0,50176,2,376499969
8769,976553926,54836,976608762,0,0,0,6144,0,2514485690
8770,976557226,129578,976686804,4,0,0,23552,4,3032886779
8771,976570723,5326,976576049,1,0,1,5632,1,2899185260
8772,976697871,92972,976790843,6,0,0,15360,6,1054364514
8773,976750212,94820,976845032,3,0,0,16384,3,9740838363
8774,976781525,101660,976883185,1,0,0,33792,1,6264796150
8775,976805433,5802,976811235,3,0,1,6144,3,7993279271
8776,976881295,62862,976944157,5,0,0,6144,5,7458749874
8777,976894045,76676,976970721,7,0,0,12288,7,5816971002
8778,976929036,78141,977007177,2,0,0,8704,2,4598763313
8779,976973007,89924,977062931,7,0,0,20480,7,9760225935
8780,977016614,81752,977098366,2,0,0,13824,2,5046108730
8781,977054575,129633,977184208,0,0,0,67584,0,7746918373
8782,977068551,148579,977217130,5,0,0,38400,5,5931983326
8783,977114387,2946,977117333,1,0,1,3072,1,9195548331
8784,977153440,85604,977239044,3,0,0,16384,3,461057703
8785,977334898,1518,977336416,3,0,1,1536,3,2753393308
8786,977404774,43904,977448678,0,0,0,512,0,742766149
8787,977453456,4850,977458306,6,0,1,5120,6,248899645
8788,977472854,86252,977559106,1,0,0,23552,1,5172765960
8789,977518980,5802,977524782,7,0,1,6144,7,1049989333
8790,977521671,5196,977526867,9,0,1,13312,9,9841572464
8791,977582355,163812,977746167,0,0,0,13312,0,7799647936
8792,977615527,6754,977622281,9,0,1,7168,9,1321733537
8793,977687518,99164,977786682,7,0,0,25600,7,9732504687
8794,977696540,14287,977710827,0,0,1,27648,0,2579785015
8795,977713214,566,977713780,9,0,1,512,9,2123617034
8796,977738971,566,977739537,9,0,1,512,9,5300690003
8797,977895183,23637,977918820,1,0,1,42496,1,6973268109
8798,977912186,93440,978005626,9,0,0,16896,9,168396610
8799,977964305,59288,978023593,9,0,0,5632,9,509846134
8800,977968814,199516,978168330,0,0,0,16896,0,4471232376
8801,978078290,119254,978197544,4,0,0,15872,4,621728103
8802,978147944,100568,978248512,9,0,0,30208,9,4666876140
8803,978175629,76045,978251674,0,0,0,9216,0,10244630315
8804,978279148,5326,978284474,7,0,1,5632,7,7785159549
8805,978385216,77744,978462960,3,0,0,10752,3,82236387
8806,978421020,55748,978476768,0,0,0,4096,0,9026813123
8807,978534590,65900,978600490,9,0,0,7168,9,6098184929
8808,978573527,81089,978654616,1,0,0,12288,1,2375678715
8809,978685068,100256,978785324,3,0,0,29184,3,5342027501
8810,978686600,3422,978690022,6,0,1,3584,6,7984372645
8811,978729762,131126,978860888,5,0,0,12800,5,239101828
8812,978746274,80840,978827114,7,0,0,15872,7,3430339926
8813,978770368,104347,978874715,4,0,0,3584,4,9811121324
8814,978814121,6754,978820875,0,0,1,7168,0,8404266947
8815,978855047,57596,978912643,8,0,0,5120,8,2880543606
8816,978970114,100710,979070824,6,0,0,30208,6,1610320277
8817,978972269,13858,978986127,1,0,1,23552,1,4431283308
8818,979015166,96928,979112094,7,0,0,2560,7,9235760388
8819,979058739,108280,979167019,8,0,0,24576,8,1521284659
8820,979063838,95678,979159516,0,0,0,21504,0,1499886598
8821,979067448,104266,979171714,6,0,0,15360,6,3048645093
8822,979120750,80502,979201252,3,0,0,5120,3,3719049819
8823,979130787,77744,979208531,5,0,0,10752,5,2609935238
8824,979181230,1994,979183224,6,0,1,2048,6,5640837637
8825,979224556,1994,979226550,0,0,1,2048,0,9988847912
8826,979462056,60824,979522880,0,0,0,5632,0,2868259240
8827,979505710,100256,979605966,7,0,0,29184,7,4646792821
8828,979591872,75140,979667012,8,0,0,12288,8,2341848570
8829,979631755,48980,979680735,0,0,0,2048,0,457914857
8830,979932145,81752,980013897,0,0,0,13824,0,9219211845
8831,979934788,100100,980034888,3,0,0,28672,3,4334245832
8832,979972711,11274,979983985,9,0,1,18432,9,8521563643
8833,980037907,82088,980119995,7,0,0,19968,7,8977127339
8834,980064438,94664,980159102,1,0,0,15872,1,9651164253
8835,980108782,110884,980219666,6,0,0,10752,6,9468394612
8836,980171621,106808,980278429,2,0,0,50688,2,8111593696
8837,980277504,84361,980361865,9,0,0,14336,9,6530355525
8838,980318363,126262,980444625,5,0,0,33792,5,396633903
8839,980332966,101348,980434314,7,0,0,32768,7,9943692469
8840,980551048,2470,980553518,6,0,1,2560,6,9778857111
8841,980563818,45596,980609414,9,0,0,1024,9,4053977192
8842,980598450,55748,980654198,0,0,0,4096,0,2056123850
8843,980643457,109537,980752994,9,0,0,28672,9,1290197589
8844,980704089,101192,980805281,5,0,0,32256,5,570895347
8845,980774234,60824,980835058,6,0,0,5632,6,3037826722
8846,980809856,11533,980821389,9,0,1,18944,9,427625015
8847,980906393,109308,981015701,5,0,0,42496,5,5849780191
8848,980985714,74360,981060074,7,0,0,9728,7,6131306793
8849,981142081,101504,981243585,5,0,0,33280,5,7177344571
8850,981185898,6754,981192652,7,0,1,7168,7,6158690759
8851,981208707,3904,981212611,1,0,1,10752,1,3105593444
8852,981348601,105560,981454161,0,0,0,46592,0,9187766613
8853,981380684,91616,981472300,2,0,0,20992,2,9962575631
8854,981409480,50672,981460152,0,0,0,2560,0,2192669611
8855,981436823,17353,981454176,7,0,1,3584,7,8783929315
8856,981439262,14929,981454191,1,0,1,6656,1,5946207077
8857,981487154,1518,981488672,3,0,1,1536,3,7878066030
8858,981507849,97604,981605453,8,0,0,20480,8,2797524380
8859,981661307,107276,981768583,3,0,0,52224,3,4851714877
8860,981697382,71840,981769222,8,0,0,2048,8,2205419265
8861,981734094,130789,981864883,7,0,0,68608,7,10082585360
8862,981853647,108988,981962635,8,0,0,20992,8,2120111901
8863,982018295,3898,982022193,6,0,1,4096,6,5781563995
8864,982044790,60824,982105614,2,0,0,5632,2,6423033861
8865,982048148,71156,982119304,2,0,0,14336,2,1686736720
8866,982103213,141795,982245008,3,0,0,85504,3,5549246994
8867,982213703,31320,982245023,6,0,1,5632,6,10634614884
8868,982231934,93752,982325686,7,0,0,14336,7,5364513906
8869,982351094,4850,982355944,0,0,1,5120,0,1304687095
8870,982512792,45596,982558388,6,0,0,1024,6,5546513327
8871,982517445,55748,982573193,5,0,0,4096,5,3728798403
8872,982521248,102596,982623844,6,0,0,36864,6,768624991
8873,982566332,22174,982588506,3,0,1,36352,3,4019494068
8874,982755388,73472,982828860,1,0,0,16896,1,2194271534
8875,982759017,61136,982820153,4,0,0,6656,4,6503221371
8876,982866792,82376,982949168,8,0,0,15872,8,6796005653
8877,982997297,84668,983081965,7,0,0,13312,7,5367637285
8878,983051280,105560,983156840,1,0,0,46592,1,2041596361
8879,983054245,158497,983212742,9,0,0,37376,9,2724337070
8880,983074538,2946,983077484,3,0,1,3072,3,3211395382
8881,983080304,102845,983183149,3,0,0,32256,3,3413047367
8882,983226733,13858,983240591,4,0,1,23552,4,7023926656
8883,983289922,162663,983452585,7,0,0,4096,7,7249023674
8884,983298735,152587,983451322,0,0,0,10240,0,7567825647
8885,983341136,66836,983407972,4,0,0,10240,4,3667196081
8886,983402166,1994,983404160,8,0,1,2048,8,10069431653
8887,983412800,116474,983529274,9,0,0,11776,9,1019153542
8888,983556327,92084,983648411,2,0,0,22528,2,3007022063
8889,983564962,101660,983666622,0,0,0,33792,0,6195982673
8890,983571139,127091,983698230,4,0,0,26624,4,3758241389
8891,983603569,203220,983806789,3,0,0,32768,3,5271985759
8892,983624318,13253,983637571,1,0,1,25600,1,10567923782
8893,983689622,144305,983833927,2,0,0,14848,2,9451687028
8894,983768302,2470,983770772,7,0,1,2560,7,4781888771
8895,983804626,112335,983916961,9,0,0,59392,9,1468493849
8896,983816064,126235,983942299,9,0,0,7680,9,4205515344
8897,983902363,68802,983971165,8,0,0,4096,8,2942246264
8898,983936111,131036,984067147,4,0,0,91136,4,8402535394
8899,984105213,51140,984156353,4,0,0,4096,4,3356223548
8900,984215853,141920,984357773,1,0,0,135680,1,3897191833
8901,984217494,141713,984359207,9,0,0,3072,9,7412024394
8902,984245235,113021,984358256,0,0,0,1536,0,6200768251
8903,984278038,136327,984414365,4,0,0,36864,4,8737158883
8904,984439823,6278,984446101,3,0,1,6656,3,10218029654
8905,984550286,98228,984648514,7,0,0,22528,7,3811300057
8906,984554825,104780,984659605,4,0,0,36352,4,9068866946
8907,984651106,109839,984760945,4,0,0,32768,4,10108502669
8908,984725328,117416,984842744,2,0,0,85504,2,5993210285
8909,984952367,84124,985036491,7,0,0,12288,7,7890494749
8910,984976516,56216,985032732,7,0,0,5632,7,1505477565
8911,985073956,90704,985164660,7,0,0,23040,7,1275127214
8912,985142530,88988,985231518,8,0,0,17408,8,5729161635
8913,985246454,62516,985308970,4,0,0,6144,4,9478220939
8914,985274772,6278,985281050,0,0,1,6656,0,6419510956
8915,985320494,94220,985414714,6,0,0,19456,6,5808433280
8916,985322237,43904,985366141,5,0,0,512,5,3760393284
8917,985394663,48980,985443643,5,0,0,2048,5,9519720563
8918,985485044,54836,985539880,4,0,0,6144,4,9108188277
8919,985570430,106964,985677394,7,0,0,51200,7,7523703757
8920,985617404,92240,985709644,0,0,0,23040,0,5547113837
8921,985677887,83288,985761175,4,0,0,13824,4,9773396388
8922,985729603,4679,985734282,1,0,1,12288,1,5593499435
8923,985783385,86564,985869949,0,0,0,24576,0,6999611845
8924,985798168,161556,985959724,6,0,0,17920,6,2386459167
8925,985869673,172743,986042416,6,0,0,128000,6,1178611349
8926,985910569,86118,985996687,8,0,0,4096,8,2628415863
8927,986059916,59132,986119048,7,0,0,5120,7,2345694959
8928,986230251,1518,986231769,9,0,1,1536,9,6865221394
8929,986247835,98228,986346063,2,0,0,22528,2,9720240852
8930,986251112,57440,986308552,2,0,0,4608,2,9384387986
8931,986261274,107350,986368624,2,0,0,40448,2,1051077465
8932,986305146,65521,986370667,5,0,0,6656,5,3055271701
8933,986348604,122582,986471186,0,0,0,56320,0,8896233012
8934,986374461,110177,986484638,8,0,0,9728,8,7621774204
8935,986512549,54056,986566605,0,0,0,3584,0,8123980616
8936,986618419,100568,986718987,6,0,0,30208,6,1384120913
8937,986645441,75901,986721342,5,0,0,7680,5,6640922930
8938,986657013,99031,986756044,3,0,0,24576,3,7290092972
8939,986661201,87340,986748541,2,0,0,13312,2,1141847334
8940,986701335,6278,986707613,3,0,1,6656,3,2832653089
8941,986706559,128112,986834671,6,0,0,62976,6,6430772705
8942,986721240,164113,986885353,7,0,0,87040,7,9927130669
8943,986744144,208105,986952249,8,0,0,34304,8,3642453842
8944,986815289,19397,986834686,4,0,1,2048,4,1509088472
8945,986819624,103453,986923077,1,0,0,4096,1,5868307780
8946,986848110,1042,986849152,9,0,1,1024,9,10495066773
8947,986877698,11069,986888767,7,0,1,3584,7,600104768
8948,986914098,3898,986917996,3,0,1,4096,3,5847439413
8949,986994104,57440,987051544,0,0,0,4608,0,2377078192
8950,987001073,96635,987097708,5,0,0,22528,5,6200929455
8951,987002552,154136,987156688,6,0,0,54784,6,4063405458
8952,987023984,210131,987234115,3,0,0,72704,3,1930927203
8953,987099822,112126,987211948,7,0,0,32256,7,6439273060
8954,987184422,11533,987195955,3,0,1,18944,3,106045505
8955,987185883,11378,987197261,7,0,1,2048,7,4896517664
8956,987257140,73760,987330900,5,0,0,12800,5,7147796662
8957,987471539,12049,987483588,3,0,1,19968,3,9449677503
8958,987618542,54056,987672598,6,0,0,3584,6,7921696883
8959,987676184,116012,987792196,3,0,0,80896,3,5866665382
8960,987784277,109571,987893848,8,0,0,33792,8,6849492575
8961,987823212,5454,987828666,7,0,1,13824,7,8557175390
8962,987825388,112314,987937702,2,0,0,10240,2,1024155429
8963,987839672,4850,987844522,0,0,1,5120,0,3911780069
8964,987910098,4374,987914472,9,0,1,4608,9,9665631568
8965,987962483,98696,988061179,2,0,0,24064,2,5911312977
8966,988037280,100724,988138004,0,0,0,30720,0,6430381381
8967,988062482,66080,988128562,5,0,0,12800,5,7133378832
8968,988136826,8876,988145702,1,0,1,8192,1,6166997566
8969,988153617,71912,988225529,4,0,0,11776,4,9783032022
8970,988189473,81440,988270913,0,0,0,12800,0,6614437254
8971,988317572,60824,988378396,2,0,0,5632,2,3734942211
8972,988334072,77744,988411816,2,0,0,10752,2,1178600809
8973,988357792,5196,988362988,1,0,1,13312,1,9740343450
8974,988409294,166051,988575345,8,0,0,17920,8,9950614658
8975,988494925,58064,988552989,2,0,0,6656,2,1319524188
8976,988572330,101883,988674213,2,0,0,29696,2,2299547780
8977,988615200,61212,988676412,3,0,0,7168,3,345427420
8978,988637894,134064,988771958,9,0,0,39424,9,9854926213
8979,988646924,7706,988654630,1,0,1,8192,1,9390315210
8980,988654802,2946,988657748,1,0,1,3072,1,4242012870
8981,988722050,118039,988840089,9,0,0,30208,9,9267125886
8982,988773039,5712,988778751,7,0,1,14336,7,4654346376
8983,988868515,60824,988929339,2,0,0,5632,2,6973612368
8984,988984814,100100,989084914,7,0,0,28672,7,3512460212
8985,988991746,1994,988993740,9,0,1,2048,9,2059954163
8986,989209477,2470,989211947,0,0,1,2560,0,4145358748
8987,989295307,141873,989437180,1,0,0,28672,1,4800496207
8988,989401889,11274,989413163,6,0,1,18432,6,7593610279
8989,989419802,69284,989489086,0,0,0,8192,0,10410951873
8990,989423093,84785,989507878,4,0,0,8192,4,3910591773
8991,989476873,111789,989588662,2,0,0,35328,2,6239338928
8992,989487438,105607,989593045,2,0,0,14336,2,4458905935
8993,989496132,4937,989501069,4,0,1,12800,4,1850910038
8994,989522276,206161,989728437,0,0,0,90112,0,3274524264
8995,989712078,75483,989787561,0,0,0,5120,0,9150961932
8996,989734625,5326,989739951,1,0,1,5632,1,7692132704
8997,989767597,100412,989868009,4,0,0,29696,4,2407453435
8998,989770032,181167,989951199,0,0,0,74752,0,5283335584
8999,989809688,148078,989957766,6,0,0,21504,6,6629767192
9000,989910158,59756,989969914,6,0,0,7168,6,2204175573
9001,990000452,120692,990121144,0,0,0,96256,0,8390154246
9002,990065113,2470,990067583,3,0,1,2560,3,3006052847
9003,990077794,107718,990185512,0,0,0,17920,0,4173742937
9004,990078814,90690,990169504,6,0,0,10752,6,8002927557
9005,990134040,3898,990137938,0,0,1,4096,0,4896073016
9006,990283277,86696,990369973,0,0,0,19968,0,5292625317
9007,990313934,78593,990392527,3,0,0,7168,3,6852269922
9008,990313988,59756,990373744,7,0,0,7168,7,1930557462
9009,990378786,100256,990479042,7,0,0,29184,7,8877923830
9010,990407106,129710,990536816,5,0,0,26112,5,5213388772
9011,990473059,64864,990537923,9,0,0,3584,9,3891781586
9012,990560503,45596,990606099,4,0,0,1024,4,676078351
9013,990633351,64208,990697559,0,0,0,6656,0,4152056129
9014,990684669,94088,990778757,2,0,0,24064,2,1836440835
9015,990828586,109304,990937890,7,0,0,58880,7,4394560585
9016,990875103,90411,990965514,2,0,0,6144,2,6703622001
9017,990880836,179334,991060170,8,0,0,31232,8,3311349727
9018,990889828,126530,991016358,9,0,0,72192,9,7897853137
9019,990909733,113980,991023713,2,0,0,24064,2,1550442138
9020,990938656,95029,991033685,7,0,1,158208,7,727955826
9021,990976942,60929,991037871,3,0,1,6656,3,2083894113
9022,990998034,44983,991043017,1,0,1,8192,1,6309250431
9023,991047114,217609,991264723,5,0,0,49664,5,1287047546
9024,991116204,4162,991120366,9,0,1,11264,9,9591744274
9025,991120742,70976,991191718,3,0,0,8704,3,9778055036
9026,991146268,86196,991232464,7,0,1,144384,7,11933382
9027,991223939,150996,991374935,6,0,0,14848,6,9794899395
9028,991229790,220056,991449846,9,0,0,10752,9,8549420136
9029,991234116,212439,991446555,6,0,0,88064,6,10025213440
9030,991336834,168385,991505219,4,0,0,7680,4,8910900210
9031,991582615,64076,991646691,4,0,0,11264,4,6384129041
9032,991584979,198266,991783245,3,0,0,70144,3,5328185009
9033,991586120,165427,991751547,3,0,0,85504,3,8676569739
9034,991604997,183411,991788408,7,0,0,16896,7,4882726846
9035,991693913,160174,991854087,7,0,0,69632,7,5465483582
9036,991732412,124186,991856598,0,0,0,8192,0,4185762964
9037,991736111,21731,991757842,6,0,1,6656,6,278915829
9038,991775825,144082,991919907,5,0,0,10752,5,112526016
9039,991776252,138447,991914699,6,0,0,9216,6,6549640313
9040,991884029,91828,991975857,2,0,0,11776,2,1804498591
9041,991910262,50672,991960934,3,0,0,2560,3,4119044670
9042,991916936,104311,992021247,6,0,0,32768,6,9332811513
9043,991952554,112259,992064813,4,0,0,13312,4,9532712810
9044,992022889,123020,992145909,6,0,0,30208,6,7331314892
9045,992049961,73604,992123565,2,0,0,12288,2,4338745388
9046,992125435,70976,992196411,5,0,0,8704,5,10120260164
9047,992160170,106964,992267134,7,0,0,51200,7,5312957778
9048,992204530,144459,992348989,9,0,0,24576,9,8460240606
9049,992216479,4850,992221329,4,0,1,5120,4,845949138
9050,992258238,83248,992341486,8,0,0,9728,8,7587067230
9051,992345067,112906,992457973,7,0,0,57856,7,7317213438
9052,992388857,6488,992395345,7,0,1,15872,7,2991385337
9053,992395188,193007,992588195,7,0,1,312320,7,7767520688
9054,992404591,186190,992590781,0,0,1,4096,0,5749411478
9055,992436751,291950,992728701,4,0,0,16896,4,5205998883
9056,992451626,198580,992650206,8,0,0,5632,8,1869439218
9057,992475044,244621,992719665,4,0,0,22528,4,6497465225
9058,992681840,101036,992782876,4,0,0,31744,4,4744105003
9059,992768222,75457,992843679,9,0,0,12800,9,6155654221
9060,992773550,85221,992858771,0,0,0,5632,0,17269633
9061,992830726,5326,992836052,1,0,1,5632,1,148809322
9062,992851166,99164,992950330,6,0,0,25600,6,3788556816
9063,992902900,100880,993003780,4,0,0,31232,4,3617993125
9064,992962623,107145,993069768,6,0,0,3584,6,8227622556
9065,992962928,3898,992966826,9,0,1,4096,9,10471644445
9066,992969090,54617,993023707,5,0,0,3584,5,10226029334
9067,992969886,566,992970452,1,0,1,512,1,5466668668
9068,992983704,94400,993078104,5,0,0,25088,5,680122540
9069,992992490,11305,993003795,4,0,1,3072,4,5878740320
9070,993000595,6837,993007432,6,0,1,10240,6,4071147630
9071,993016604,110229,993126833,2,0,0,22016,2,8442983931
9072,993073531,7528,993081059,0,0,1,3072,0,6474954523
9073,993074096,10189,993084285,0,0,1,5120,0,72365135
9074,993105412,51410,993156822,7,0,0,4096,7,770253243
9075,993149929,198286,993348215,7,0,0,57856,7,6188012320
9076,993254240,113289,993367529,2,0,0,9216,2,2628179254
9077,993419361,61448,993480809,2,0,0,7680,2,1460539541
9078,993489632,70976,993560608,9,0,0,8704,9,1484931145
9079,993556325,69284,993625609,0,0,0,8192,0,2038309599
9080,993556375,45908,993602283,2,0,0,2048,2,3693358269
9081,993599258,566,993599824,1,0,1,512,1,4639291571
9082,993639047,5802,993644849,4,0,1,6144,4,4654420549
9083,993671051,99402,993770453,6,0,0,1536,6,8377997707
9084,993820134,4420,993824554,4,0,1,11776,4,6954049100
9085,993902185,60824,993963009,3,0,0,5632,3,8141287647
9086,993934030,98228,994032258,7,0,0,22528,7,8844508498
9087,994030858,2910,994033768,3,0,1,1536,3,9151775381
9088,994055685,124275,994179960,7,0,0,51200,7,4906347861
9089,994060780,5971,994066751,9,0,1,14848,9,6237643856
9090,994073595,90750,994164345,2,0,0,18944,2,6913707299
9091,994080061,62540,994142601,7,0,0,11264,7,10150830032
9092,994094315,248528,994342843,3,0,0,144384,3,4741365376
9093,994146075,205051,994351126,9,0,0,27136,9,8420309122
9094,994151503,28472,994179975,9,0,1,20480,9,7441303716
9095,994202320,47288,994249608,6,0,0,1536,6,1332738584
9096,994230107,566,994230673,4,0,1,512,4,3765692867
9097,994232270,148890,994381160,0,0,0,16896,0,9597901977
9098,994244144,266627,994510771,5,0,0,28160,5,1347278082
9099,994297676,76988,994374664,7,0,0,13312,7,10482240103
9100,994349861,25411,994375272,7,0,1,43520,7,10055038961
9101,994451920,104361,994556281,5,0,0,30208,5,262054955
9102,994495406,80552,994575958,2,0,0,19968,2,8011540583
9103,994542320,43904,994586224,5,0,0,512,5,4211715845
9104,994719717,104780,994824497,5,0,0,44032,5,10607212048
9105,994760926,11791,994772717,2,0,1,19456,2,4795865088
9106,994762765,158045,994920810,5,0,0,18944,5,5755478297
9107,994804852,74360,994879212,5,0,0,9728,5,277119907
9108,994815091,124151,994939242,3,0,0,29184,3,2653331580
9109,994873986,190230,995064216,3,0,0,75264,3,1391688528
9110,994888217,125337,995013554,3,0,0,27136,3,8394346913
9111,994935009,101385,995036394,0,0,0,24064,0,10695785756
9112,994963212,171558,995134770,3,0,0,78848,3,9957820572
9113,995039241,119001,995158242,5,0,0,18432,5,6241121140
9114,995042535,24636,995067171,0,0,1,3072,0,5932043041
9115,995053840,17197,995071037,6,0,1,6144,6,5317796148
9116,995142360,69284,995211644,2,0,0,8192,2,3207664895
9117,995243469,1994,995245463,1,0,1,2048,1,8905993307
9118,995255546,98696,995354242,7,0,0,24064,7,8408999637
9119,995296906,3387,995300293,6,0,1,9728,6,7994862594
9120,995416388,56528,995472916,2,0,0,6656,2,10697100854
9121,995453611,98228,995551839,8,0,0,22528,8,153228729
9122,995474048,96493,995570541,4,0,0,7168,4,9066421936
9123,995511895,11791,995523686,6,0,1,19456,6,4522845276
9124,995608390,166512,995774902,2,0,0,45056,2,9049033108
9125,995634482,81284,995715766,3,0,0,12288,3,5327758535
9126,995660720,266504,995927224,9,0,0,51712,9,9192672696
9127,995667984,126696,995794680,7,0,1,209920,7,2705206428
9128,995701201,99995,995801196,9,0,1,23040,9,9042822265
9129,995717855,292847,996010702,4,0,0,92672,4,457069914
9130,995732820,72242,995805062,9,0,1,6144,9,2443453463
9131,995762350,251175,996013525,4,0,0,9216,4,8347648485
9132,995875505,178488,996053993,4,0,0,15872,4,4962680663
9133,995912784,129677,996042461,9,0,0,13312,9,8147770427
9134,996061138,107900,996169038,3,0,0,54272,3,1922103022
9135,996100525,88832,996189357,0,0,0,16896,0,2789749913
9136,996123764,45445,996169209,1,0,0,512,1,10070614633
9137,996260944,107744,996368688,5,0,0,53760,5,9503162968
9138,996277052,134704,996411756,2,0,0,33792,2,2040628319
9139,996298691,184555,996483246,6,0,0,40448,6,7831704892
9140,996316714,68996,996385710,4,0,0,12288,4,2553354992
9141,996379334,54776,996434110,8,0,0,512,8,6211830874
9142,996482002,73460,996555462,7,0,0,12800,7,1674461679
9143,996579765,52364,996632129,2,0,0,3072,2,4627712683
9144,996603818,7706,996611524,9,0,1,8192,9,645571997
9145,996692411,4850,996697261,1,0,1,5120,1,7409186031
9146,996714893,56216,996771109,8,0,0,5632,8,1453684925
9147,996840444,116948,996957392,4,0,0,83968,4,3577380979
9148,996848761,143275,996992036,0,0,0,36352,0,984510557
9149,996929101,103999,997033100,3,0,0,32768,3,5942507206
9150,996938931,129431,997068362,0,0,0,11264,0,4494687938
9151,997032260,56580,997088840,7,0,0,4096,7,2371770642
9152,997148690,105716,997254406,5,0,0,47104,5,10686576439
9153,997178129,142775,997320904,4,0,0,37376,4,10613986343
9154,997246241,85301,997331542,3,0,0,5632,3,4213424490
9155,997330459,101905,997432364,7,0,0,21504,7,3820476401
9156,997343121,4420,997347541,8,0,1,11776,8,5382215136
9157,997350433,117627,997468060,8,0,0,26112,8,5057411344
9158,997356897,6278,997363175,4,0,1,6656,4,8462613480
9159,997372388,67592,997439980,0,0,0,7680,0,6012710782
9160,997424677,101803,997526480,0,0,0,30720,0,8449469800
9161,997429262,105969,997535231,7,0,0,28672,7,10430825918
9162,997483776,2870,997486646,9,0,1,8704,9,9215418896
9163,997542626,101348,997643974,5,0,0,32768,5,5497643333
9164,997591871,153146,997745017,8,0,0,61952,8,9546431967
9165,997613653,4937,997618590,3,0,1,12800,3,4828606846
9166,997686282,60014,997746296,4,0,0,4096,4,7065960390
9167,997697027,209427,997906454,8,0,0,68608,8,5471546897
9168,997729869,21065,997750934,1,0,1,12288,1,8066464789
9169,997736025,144992,997881017,7,0,0,39936,7,4931098673
9170,997818695,4850,997823545,6,0,1,5120,6,4154374648
9171,997969300,3904,997973204,0,0,1,10752,0,2612887990
9172,998000728,33591,998034319,7,0,1,55296,7,4595200479
9173,998073129,60824,998133953,5,0,0,5632,5,4103182355
9174,998094462,471721,998566183,7,0,1,768512,7,704468066
9175,998218915,289017,998507932,9,0,0,2560,9,7069278434
9176,998225446,356802,998582248,7,0,1,52224,7,1180723930
9177,998260388,234880,998495268,8,0,0,12800,8,6674574160
9178,998278110,222604,998500714,9,0,0,9728,9,1028988260
9179,998337326,374023,998711349,6,0,0,14336,6,4243215396
9180,998418081,186434,998604515,2,0,0,9728,2,1996131549
9181,998454988,235535,998690523,9,0,0,2560,9,2336025473
9182,998525406,238619,998764025,8,0,0,512,8,6915438626
9183,998552994,356517,998909511,4,0,0,42496,4,2908109171
9184,998562027,332610,998894637,8,0,0,87040,8,2610412451
9185,998624854,11274,998636128,7,0,1,18432,7,3298119947
9186,998796881,99651,998896532,7,0,0,6144,7,8530220605
9187,998816303,124037,998940340,6,0,0,11776,6,3377560383
9188,998847465,15579,998863044,9,0,1,30208,9,7575352305
9189,998873198,127491,999000689,8,0,0,14848,8,8384560734
9190,998883206,38572,998921778,9,0,1,20480,9,2719924151
9191,998887618,72307,998959925,8,0,0,2048,8,8821298591
9192,998946551,4679,998951230,9,0,1,12288,9,6206960231
9193,999080065,5454,999085519,1,0,1,13824,1,9509072865
9194,999145875,47685,999193560,6,0,0,1024,6,4271652543
9195,999146604,43904,999190508,0,0,0,512,0,3037229416
9196,999225877,55748,999281625,5,0,0,4096,5,1343773445
9197,999292060,121784,999413844,3,0,0,99840,3,2726529841
9198,999415812,59132,999474944,0,0,0,5120,0,823825097
9199,999420174,45437,999465611,7,0,1,78336,7,7291805255
9200,999555291,11274,999566565,4,0,1,18432,4,7455576859
9201,999573838,141983,999715821,6,0,0,29696,6,4079987369
9202,999600717,171432,999772149,9,0,0,53248,9,9689224851
9203,999775531,2946,999778477,4,0,1,3072,4,867961859
9204,999866580,2946,999869526,3,0,1,3072,3,1597274415
9205,999944096,139033,1000083129,4,0,0,48128,4,3476084199
9206,999973739,138983,1000112722,8,0,0,25600,8,772195824
9207,999978680,20366,999999046,1,0,1,32768,1,2734879804
9208,1000120872,170973,1000291845,3,0,0,10752,3,8504323953
9209,1000126058,6229,1000132287,1,0,1,15360,1,6888197760
9210,1000283785,163149,1000446934,7,0,1,264192,7,6855201067
9211,1000336979,227840,1000564819,3,0,0,33280,3,9675824192
9212,1000379033,71127,1000450160,0,0,1,5120,0,2629356248
9213,1000410812,202622,1000613434,8,0,0,27136,8,10621098869
9214,1000471109,118184,1000589293,9,0,0,36864,9,4246427356
9215,1000524575,7230,1000531805,1,0,1,7680,1,10224679090
9216,1000607082,88720,1000695802,4,0,0,15872,4,6712343541
9217,1000621210,125022,1000746232,4,0,0,18944,4,2525815308
9218,1000727665,32816,1000760481,1,0,1,53760,1,7281514235
9219,1000758772,161382,1000920154,8,0,0,9216,8,642142185
9220,1000815780,99008,1000914788,5,0,0,25088,5,8226706748
9221,1000817880,177508,1000995388,7,0,0,28160,7,248066008
9222,1000843535,176640,1001020175,2,0,0,34304,2,5397370023
9223,1000851656,10241,1000861897,9,0,1,16384,9,8131429029
9224,1000867606,142102,1001009708,2,0,0,41984,2,3285261888
9225,1000874487,156941,1001031428,8,0,0,22528,8,652898342
9226,1001038141,5802,1001043943,4,0,1,6144,4,4338562627
9227,1001095650,98696,1001194346,3,0,0,24064,3,5164566967
9228,1001160301,1042,1001161343,3,0,1,1024,3,2613719855
9229,1001206367,10757,1001217124,9,0,1,17408,9,9427308922
9230,1001222581,266717,1001489298,7,0,0,48128,7,5577903979
9231,1001293087,10241,1001303328,0,0,1,16384,0,4183196420
9232,1001307384,149149,1001456533,2,0,0,26112,2,2336425104
9233,1001347214,101348,1001448562,4,0,0,32768,4,3859259141
9234,1001354142,3422,1001357564,0,0,1,3584,0,10005284012
9235,1001371749,168109,1001539858,8,0,0,62976,8,9946707962
9236,1001393606,3422,1001397028,1,0,1,3584,1,9016288612
9237,1001429666,193153,1001622819,3,0,0,20992,3,8806884681
9238,1001540689,54056,1001594745,9,0,0,3584,9,8168022758
9239,1001556174,47288,1001603462,9,0,0,1536,9,3373693177
9240,1001606553,47288,1001653841,3,0,0,1536,3,9072950068
9241,1001657311,103844,1001761155,0,0,0,40960,0,7822205846
9242,1001714085,50672,1001764757,7,0,0,2560,7,1597501497
9243,1001754417,77706,1001832123,7,0,0,8704,7,838992365
9244,1001769836,2470,1001772306,0,0,1,2560,0,5455509095
9245,1001842621,64676,1001907297,3,0,0,8192,3,2976989916
9246,1001944206,55304,1001999510,7,0,1,94208,7,2454578874
9247,1002018930,113889,1002132819,2,0,0,26624,2,3379398252
9248,1002022563,4374,1002026937,1,0,1,4608,1,10426826660
9249,1002065880,4679,1002070559,0,0,1,12288,0,8909064566
9250,1002068827,132415,1002201242,7,0,0,20480,7,3717639309
9251,1002077308,2870,1002080178,4,0,1,8704,4,4361147217
9252,1002165670,14029,1002179699,3,0,1,27136,3,7639552496
9253,1002181106,159772,1002340878,4,0,0,53760,4,3945471738
9254,1002203608,52364,1002255972,2,0,0,3072,2,1408506434
9255,1002216757,4374,1002221131,9,0,1,4608,9,6642183395
9256,1002280868,135103,1002415971,3,0,0,2048,3,9902965144
9257,1002287692,82340,1002370032,5,0,0,7168,5,9485204549
9258,1002288644,168946,1002457590,8,0,0,66560,8,4563748413
9259,1002416909,69440,1002486349,7,0,0,8704,7,9991116154
9260,1002422685,57440,1002480125,0,0,0,4608,0,5404072676
9261,1002467907,49136,1002517043,4,0,0,2560,4,4872523962
9262,1002537393,103376,1002640769,8,0,0,39424,8,4133899124
9263,1002590146,60824,1002650970,2,0,0,5632,2,4534214085
9264,1002607170,4420,1002611590,3,0,1,11776,3,6087480129
9265,1002735965,56086,1002792051,4,0,0,1024,4,6030557003
9266,1002757189,1042,1002758231,5,0,1,1024,5,1804605789
9267,1002785674,113204,1002898878,6,0,0,71680,6,75505619
9268,1002830001,94712,1002924713,7,0,0,26112,7,3109563753
9269,1002861535,140350,1003001885,9,0,0,25088,9,10195739880
9270,1002885984,14880,1002900864,0,0,1,2048,0,6725853586
9271,1002988231,5326,1002993557,1,0,1,5632,1,6419375011
9272,1003004941,1518,1003006459,0,0,1,1536,0,3026183247
9273,1003037325,47288,1003084613,0,0,0,1536,0,7902129711
9274,1003041595,52364,1003093959,2,0,0,3072,2,8113251574
9275,1003074437,77012,1003151449,9,0,0,18432,9,410514415
9276,1003091313,61867,1003153180,0,0,0,5632,0,9822670282
9277,1003095311,110216,1003205527,7,0,0,13312,7,10320804569
9278,1003323141,105404,1003428545,4,0,0,46080,4,262755399
9279,1003329047,50672,1003379719,4,0,0,2560,4,5355233074
9280,1003470588,566,1003471154,0,0,1,512,0,3834027632
9281,1003525974,98540,1003624514,7,0,0,23552,7,5834860572
9282,1003528780,1994,1003530774,3,0,1,2048,3,9782508299
9283,1003564715,101504,1003666219,4,0,0,33280,4,2738952811
9284,1003593581,119398,1003712979,3,0,0,18432,3,6730859106
9285,1003646338,97266,1003743604,8,0,0,11776,8,6529962635
9286,1003664614,8351,1003672965,0,0,1,7168,0,1466390664
9287,1003666577,117580,1003784157,6,0,0,24064,6,10622315349
9288,1003737724,7706,1003745430,0,0,1,8192,0,7706995268
9289,1003899848,47288,1003947136,3,0,0,1536,3,4143192972
9290,1003944750,116445,1004061195,7,0,0,41984,7,4984070136
9291,1003956251,2470,1003958721,1,0,1,2560,1,10366510754
9292,1003973049,91679,1004064728,8,0,0,2048,8,8985335061
9293,1004193624,7706,1004201330,4,0,1,8192,4,7584012717
9294,1004255346,70976,1004326322,0,0,0,8704,0,10227719049
9295,1004320052,84512,1004404564,8,0,0,12800,8,5509176928
9296,1004464277,72848,1004537125,5,0,0,14848,5,4993346061
9297,1004470818,119017,1004589835,2,0,0,45568,2,9736633384
9298,1004470978,97972,1004568950,0,0,0,2048,0,7477858415
9299,1004543629,6278,1004549907,1,0,1,6656,1,662713329
9300,1004650526,1994,1004652520,8,0,1,2048,8,8715722079
9301,1004666845,43904,1004710749,2,0,0,512,2,9835140775
9302,1004670400,84512,1004754912,7,0,0,12800,7,3715341539
9303,1004692067,171427,1004863494,5,0,0,35328,5,7517563565
9304,1004715438,168351,1004883789,4,0,0,66560,4,7447093180
9305,1004734269,158926,1004893195,9,0,0,1024,9,10736500220
9306,1004749474,273976,1005023450,7,0,0,98816,7,711462689
9307,1004775889,116979,1004892868,5,0,0,29696,5,7058749968
9308,1004849591,122709,1004972300,0,0,0,25600,0,1226836255
9309,1004870315,214641,1005084956,5,0,0,72704,5,7300996343
9310,1004874864,162485,1005037349,8,0,0,45568,8,10330803103
9311,1004939505,156233,1005095738,4,0,0,6144,4,7654694199
9312,1004941336,5454,1004946790,0,0,1,13824,0,4950998340
9313,1005002535,139430,1005141965,0,0,0,43520,0,10596546759
9314,1005020102,18799,1005038901,4,0,1,1536,4,1041589503
9315,1005028542,56593,1005085135,4,0,0,512,4,7347179632
9316,1005072970,13166,1005086136,0,0,1,1024,0,6713901475
9317,1005108608,1042,1005109650,9,0,1,1024,9,1457445206
9318,1005139716,200410,1005340126,9,0,0,84992,9,8103092898
9319,1005273090,105242,1005378332,7,0,1,171520,7,9540449636
9320,1005273170,190557,1005463727,3,0,0,22016,3,5676760325
9321,1005296236,82442,1005378678,6,0,1,512,6,5732225894
9322,1005305636,293958,1005599594,9,0,0,46592,9,3381452309
9323,1005332894,252489,1005585383,4,0,0,40960,4,10273608413
9324,1005351572,255926,1005607498,9,0,0,2048,9,8891580784
9325,1005424958,100977,1005525935,4,0,0,7168,4,2302819575
9326,1005682532,7706,1005690238,9,0,1,8192,9,9862328312
9327,1005706482,100724,1005807206,6,0,0,30720,6,7785903311
9328,1005747833,117918,1005865751,4,0,0,3072,4,2143949772
9329,1005813904,1042,1005814946,9,0,1,1024,9,10456595206
9330,1005895787,75920,1005971707,3,0,0,14848,3,4755948468
9331,1006005675,7230,1006012905,2,0,1,7680,2,8306203847
9332,1006037004,69152,1006106156,0,0,0,12800,0,4077245583
9333,1006068803,85779,1006154582,8,0,0,14336,8,6179026967
9334,1006110650,120546,1006231196,9,0,0,32768,9,6230625523
9335,1006176155,127377,1006303532,0,0,0,81408,0,10248463884
9336,1006307365,99944,1006407309,8,0,0,28160,8,7938220456
9337,1006365320,54056,1006419376,6,0,0,3584,6,9910688675
9338,1006555945,43904,1006599849,2,0,0,512,2,9490530712
9339,1006695061,106964,1006802025,0,0,0,51200,0,10403234165
9340,1006785031,69284,1006854315,3,0,0,8192,3,5001127266
9341,1006878750,3422,1006882172,3,0,1,3584,3,5566020163
9342,1006918686,195333,1007114019,4,0,0,109056,4,1242566721
9343,1006935802,55748,1006991550,6,0,0,4096,6,6338842835
9344,1006938229,134389,1007072618,7,0,0,44032,7,7122240125
9345,1006981467,6278,1006987745,9,0,1,6656,9,5310339583
9346,1007107362,10547,1007117909,9,0,1,4096,9,4064671899
9347,1007179968,101816,1007281784,9,0,0,34304,9,10058342463
9348,1007205977,104277,1007310254,6,0,0,5632,6,2701241203
9349,1007334442,98852,1007433294,8,0,0,24576,8,4936471834
9350,1007340967,118715,1007459682,2,0,0,50688,2,3198729017
9351,1007376187,127265,1007503452,9,0,0,41984,9,144151525
9352,1007391466,4374,1007395840,9,0,1,4608,9,5935392054
9353,1007415728,103711,1007519439,4,0,0,21504,4,4591690341
9354,1007479621,94994,1007574615,6,0,0,13824,6,10548675698
9355,1007503196,1766,1007504962,4,0,1,1536,4,3378999863
9356,1007522760,198241,1007721001,4,0,0,68096,4,9337765055
9357,1007700475,23905,1007724380,9,0,1,9728,9,1910687016
9358,1007747973,12566,1007760539,1,0,1,20992,1,1077679267
9359,1007774121,53573,1007827694,9,0,0,5120,9,7609884473
9360,1007802061,67238,1007869299,7,0,1,114176,7,1111655612
9361,1007863222,116168,1007979390,8,0,0,25600,8,3707293046
9362,1007876388,1042,1007877430,3,0,1,1024,3,5833268172
9363,1007966649,90080,1008056729,6,0,0,20992,6,5937357091
9364,1007990487,78644,1008069131,2,0,0,5120,2,4165542209
9365,1008026584,74701,1008101285,8,0,0,8704,8,10022639035
9366,1008080041,111956,1008191997,3,0,0,67584,3,4518071017
9367,1008098534,97854,1008196388,0,0,0,14336,0,4200061311
9368,1008148692,129309,1008278001,0,0,0,50176,0,5667426755
9369,1008182630,107833,1008290463,0,0,0,14336,0,3831748669
9370,1008199293,108822,1008308115,4,0,0,11776,4,8214494871
9371,1008250629,114624,1008365253,4,0,0,36864,4,2564915809
9372,1008304891,5686,1008310577,0,0,1,2560,0,5900144490
9373,1008327174,78399,1008405573,0,0,0,5632,0,2316163000
9374,1008461986,5326,1008467312,9,0,1,5632,9,10344649285
9375,1008495458,54212,1008549670,5,0,0,4096,5,437348287
9376,1008539105,60824,1008599929,6,0,0,5632,6,7914093406
9377,1008622325,52364,1008674689,5,0,0,3072,5,529751367
9378,1008656229,103844,1008760073,6,0,0,40960,6,8870008241
9379,1008680863,6754,1008687617,3,0,1,7168,3,1697395686
9380,1008681484,182444,1008863928,2,0,0,92160,2,4841387848
9381,1008840363,70845,1008911208,9,0,0,1536,9,10341101398
9382,1008904846,105872,1009010718,2,0,0,47616,2,2691387126
9383,1009012037,113984,1009126021,2,0,0,74240,2,336284868
9384,1009085910,115603,1009201513,4,0,0,42496,4,1797178830
9385,1009092296,2470,1009094766,6,0,1,2560,6,7946117071
9386,1009289668,3422,1009293090,4,0,1,3584,4,10544733894
9387,1009342577,55748,1009398325,0,0,0,4096,0,9171629263
9388,1009394482,53211,1009447693,0,0,0,2560,0,4573536674
9389,1009476280,7230,1009483510,0,0,1,7680,0,1644533381
9390,1009497898,85916,1009583814,6,0,0,17408,6,4059907573
9391,1009592378,86204,1009678582,2,0,0,13312,2,5614414275
9392,1009689145,91616,1009780761,7,0,0,20992,7,1415083396
9393,1009775467,11088,1009786555,4,0,1,6144,4,477848993
9394,1009829992,77168,1009907160,2,0,0,18944,2,2604246860
9395,1009885090,47288,1009932378,2,0,0,1536,2,305613111
9396,1009937203,1994,1009939197,1,0,1,2048,1,3786144615
9397,1009952619,115544,1010068163,3,0,0,79360,3,8333338334
9398,1010092352,105248,1010197600,0,0,0,45568,0,6823306687
9399,1010103088,566,1010103654,4,0,1,512,4,5885205379
9400,1010219620,93332,1010312952,6,0,0,26624,6,1111668424
9401,1010236882,84980,1010321862,3,0,0,14336,3,7458597220
9402,1010247413,5454,1010252867,0,0,1,13824,0,7850475621
9403,1010258412,3898,1010262310,0,0,1,4096,0,10713603442
9404,1010311394,58990,1010370384,2,0,0,4608,2,7844479016
9405,1010316917,146856,1010463773,3,0,0,23552,3,6011219833
9406,1010400348,82820,1010483168,6,0,0,12288,6,5947681566
9407,1010446045,75865,1010521910,2,0,0,12288,2,2824336179
9408,1010610333,14029,1010624362,3,0,1,27136,3,4245766588
9409,1010673234,101660,1010774894,7,0,0,33792,7,10547168976
9410,1010795118,86360,1010881478,6,0,0,13824,6,4201612349
9411,1010894048,108680,1011002728,0,0,0,56832,0,1865481816
9412,1010923850,50084,1010973934,5,0,0,1536,5,8601407736
9413,1010932078,152442,1011084520,2,0,0,25600,2,1213515156
9414,1010933993,92033,1011026026,4,0,0,6144,4,146282609
9415,1011012268,126258,1011138526,5,0,0,70656,5,2670624525
9416,1011026820,147310,1011174130,6,0,0,31232,6,9610286110
9417,1011107598,82820,1011190418,0,0,0,12288,0,230022081
9418,1011302626,102128,1011404754,5,0,0,35328,5,1502908359
9419,1011458299,72668,1011530967,7,0,0,9216,7,129434316
9420,1011465372,1518,1011466890,5,0,1,1536,5,2877916966
9421,1011564366,85448,1011649814,0,0,0,15872,0,10622215445
9422,1011585988,100384,1011686372,2,0,0,8704,2,3944107034
9423,1011648274,96196,1011744470,0,0,0,15872,0,1415393632
9424,1011692390,112950,1011805340,9,0,0,17920,9,6854741603
9425,1011729289,4420,1011733709,1,0,1,11776,1,6628149283
9426,1011739180,81451,1011820631,5,0,0,7168,5,10475677608
9427,1011747280,1042,1011748322,1,0,1,1024,1,2062052968
9428,1011759116,139869,1011898985,6,0,0,36352,6,9147934615
9429,1011794672,155025,1011949697,2,0,0,41472,2,5028693140
9430,1011874114,50672,1011924786,3,0,0,2560,3,4946493811
9431,1011929971,123826,1012053797,4,0,0,83456,4,8368058569
9432,1011961080,94300,1012055380,3,0,0,5120,3,10549141347
9433,1012008677,3422,1012012099,9,0,1,3584,9,8090362926
9434,1012037566,131299,1012168865,7,0,0,77824,7,2812244665
9435,1012187083,2470,1012189553,6,0,1,2560,6,4750046015
9436,1012256804,77144,1012333948,3,0,0,13824,3,8195315912
9437,1012340439,3422,1012343861,3,0,1,3584,3,5166719367
9438,1012398634,101036,1012499670,4,0,0,31744,4,3556281345
9439,1012435302,1042,1012436344,6,0,1,1024,6,2128093649
9440,1012437755,77352,1012515107,8,0,0,10240,8,239054276
9441,1012450145,4679,1012454824,9,0,1,12288,9,8403698227
9442,1012546551,74360,1012620911,4,0,0,9728,4,4501295102
9443,1012684052,55748,1012739800,0,0,0,4096,0,2761681897
9444,1012707485,48980,1012756465,8,0,0,2048,8,1687997326
9445,1012724717,100568,1012825285,7,0,0,30208,7,43540852
9446,1012726266,115093,1012841359,5,0,0,11264,5,2176525930
9447,1012742041,176112,1012918153,9,0,0,35328,9,104217977
9448,1012791493,153195,1012944688,4,0,0,87040,4,7451046821
9449,1012992431,65900,1013058331,7,0,0,7168,7,9409756523
9450,1013029596,12308,1013041904,0,0,1,20480,0,6415577814
9451,1013217527,99320,1013316847,9,0,0,26112,9,4642667152
9452,1013221930,2870,1013224800,1,0,1,8704,1,3085506300
9453,1013224500,122523,1013347023,8,0,0,30208,8,1264362731
9454,1013279670,106028,1013385698,9,0,0,48128,9,7615295009
9455,1013382620,202086,1013584706,5,0,0,192000,5,8427768121
9456,1013388208,97306,1013485514,9,0,0,2560,9,263469293
9457,1013465809,120784,1013586593,9,0,0,6144,9,10684257190
9458,1013492141,6278,1013498419,0,0,1,6656,0,5106190675
9459,1013655609,93297,1013748906,9,0,0,18432,9,7351104042
9460,1013672785,50672,1013723457,9,0,0,2560,9,2876854981
9461,1013674966,134489,1013809455,2,0,0,56832,2,1268403589
9462,1013718600,111573,1013830173,6,0,0,12800,6,6591758548
9463,1013782362,566,1013782928,1,0,1,512,1,7261339817
9464,1013816024,185074,1014001098,5,0,0,15360,5,2695840399
9465,1013817977,131147,1013949124,8,0,0,56320,8,3023067443
9466,1013852491,143912,1013996403,7,0,0,30720,7,1549168715
9467,1013868442,62516,1013930958,5,0,0,6144,5,665374478
9468,1013883410,156950,1014040360,6,0,0,40960,6,376921219
9469,1013919848,6754,1013926602,9,0,1,7168,9,8477612612
9470,1013943550,74850,1014018400,4,0,0,8192,4,3130226476
9471,1013981629,22174,1014003803,7,0,1,36352,7,990870663
9472,1014062079,87112,1014149191,4,0,0,9728,4,7555367754
9473,1014079544,4374,1014083918,3,0,1,4608,3,8831056706
9474,1014093408,99895,1014193303,6,0,0,1024,6,7152420358
9475,1014110137,184636,1014294773,2,0,0,27136,2,5119084858
9476,1014318538,102908,1014421446,2,0,0,37888,2,5785847642
9477,1014400766,7706,1014408472,1,0,1,8192,1,9765429858
9478,1014435703,566,1014436269,2,0,1,512,2,8951061908
9479,1014497911,566,1014498477,4,0,1,512,4,4190894845
9480,1014519533,62904,1014582437,8,0,0,6144,8,5626401185
9481,1014528356,122919,1014651275,8,0,0,12288,8,4672158661
9482,1014534663,105716,1014640379,6,0,0,47104,6,5030880456
9483,1014542475,7706,1014550181,3,0,1,8192,3,3868356209
9484,1014594103,124859,1014718962,3,0,0,15360,3,7271785052
9485,1014626110,70009,1014696119,4,0,0,4096,4,9619456677
9486,1014762161,54056,1014816217,6,0,0,3584,6,67167585
9487,1014803778,60824,1014864602,5,0,0,5632,5,989610381
9488,1014810939,135113,1014946052,4,0,0,39936,4,7037708986
9489,1014854685,2870,1014857555,4,0,1,8704,4,5131373910
9490,1014949002,125324,1015074326,5,0,0,18432,5,6182030088
9491,1014966224,5326,1014971550,0,0,1,5632,0,588081900
9492,1015014639,54056,1015068695,5,0,0,3584,5,4043476908
9493,1015067286,7055,1015074341,3,0,1,1536,3,1133518213
9494,1015200317,61760,1015262077,2,0,0,8704,2,9324746481
9495,1015232265,6278,1015238543,7,0,1,6656,7,9397720838
9496,1015242236,5454,1015247690,4,0,1,13824,4,10611222802
9497,1015299194,91250,1015390444,9,0,0,10752,9,1281964445
9498,1015306556,94064,1015400620,3,0,0,18944,3,6296678326
9499,1015312345,57235,1015369580,7,0,0,4096,7,6816785297
9500,1015312427,2470,1015314897,7,0,1,2560,7,9944674571
9501,1015471318,5454,1015476772,6,0,1,13824,6,6006239075
9502,1015588720,55748,1015644468,9,0,0,4096,9,6522635933
9503,1015593623,99476,1015693099,9,0,0,26624,9,4079244245
9504,1015596332,197456,1015793788,8,0,0,186880,8,8560287273
9505,1015625139,178639,1015803778,5,0,0,16896,5,3166202468
9506,1015849178,47288,1015896466,5,0,0,1536,5,1136097177
9507,1015948361,102752,1016051113,0,0,0,37376,0,347758986
9508,1015976094,4374,1015980468,0,0,1,4608,0,1603666800
9509,1015983722,3898,1015987620,9,0,1,4096,9,6086223446
9510,1016042890,79191,1016122081,2,0,0,8704,2,7894874787
9511,1016065856,57488,1016123344,6,0,0,4096,6,7915895814
9512,1016078981,203727,1016282708,2,0,0,37376,2,4710311245
9513,1016081723,2946,1016084669,1,0,1,3072,1,5427272070
9514,1016084006,143258,1016227264,7,0,0,1536,7,6161021968
9515,1016113678,240401,1016354079,4,0,0,7168,4,4221922702
9516,1016117352,109429,1016226781,4,0,0,47616,4,10324861119
9517,1016127926,5971,1016133897,1,0,1,14848,1,169402422
9518,1016181129,4374,1016185503,0,0,1,4608,0,4602830129
9519,1016184281,85904,1016270185,9,0,0,8704,9,7292947638
9520,1016208538,1518,1016210056,0,0,1,1536,0,6183497866
9521,1016253901,82262,1016336163,4,0,0,18944,4,9763058285
9522,1016276938,172841,1016449779,2,0,0,22016,2,949230702
9523,1016342491,76676,1016419167,3,0,0,12288,3,8720533080
9524,1016466582,107744,1016574326,1,0,0,53760,1,9233517653
9525,1016635759,95468,1016731227,9,0,0,23552,9,341752930
9526,1016637787,107369,1016745156,3,0,0,15360,3,5864887973
9527,1016649113,87277,1016736390,6,0,0,16896,6,7444187334
9528,1016657073,83388,1016740461,5,0,0,13312,5,3446092856
9529,1016774568,72224,1016846792,2,0,0,12800,2,5781788118
9530,1016995422,1518,1016996940,0,0,1,1536,0,2794631242
9531,1017024535,115544,1017140079,4,0,0,79360,4,8774743047
9532,1017080000,140287,1017220287,0,0,0,37888,0,6955848226
9533,1017107097,7230,1017114327,7,0,1,7680,7,9411756898
9534,1017180287,122068,1017302355,2,0,0,32768,2,9378075680
9535,1017198740,70976,1017269716,2,0,0,8704,2,2285823201
9536,1017261537,82074,1017343611,7,0,0,4608,7,10015237355
9537,1017268772,4323,1017273095,0,0,1,9728,0,10011444573
9538,1017332361,1042,1017333403,0,0,1,1024,0,8439802414
9539,1017406574,55748,1017462322,7,0,0,4096,7,4905219956
9540,1017448591,3645,1017452236,4,0,1,10240,4,4246478430
9541,1017532064,48980,1017581044,4,0,0,2048,4,9690324220
9542,1017598067,93743,1017691810,6,0,0,21504,6,5846319109
9543,1017659542,51102,1017710644,3,0,0,1536,3,6752462080
9544,1017782326,109772,1017892098,5,0,0,60416,5,158859536
9545,1017794365,146729,1017941094,8,0,0,59904,8,3418216178
9546,1017812934,138834,1017951768,5,0,0,3072,5,7793464636
9547,1017985355,76700,1018062055,4,0,0,17408,4,9209104937
9548,1018000359,101972,1018102331,4,0,0,34816,4,6578794094
9549,1018046646,58799,1018105445,4,0,0,3584,4,5264817080
9550,1018166130,5802,1018171932,3,0,1,6144,3,3745124881
9551,1018172399,64208,1018236607,0,0,0,6656,0,8794861419
9552,1018405580,99944,1018505524,3,0,0,28160,3,1437087757
9553,1018451921,98852,1018550773,5,0,0,24576,5,10656055417
9554,1018528765,12737,1018541502,3,0,1,24576,3,3163804744
9555,1018596815,5326,1018602141,7,0,1,5632,7,8576401160
9556,1018632752,5712,1018638464,9,0,1,14336,9,3110673525
9557,1018655712,1994,1018657706,9,0,1,2048,9,7216045073
9558,1018671816,105716,1018777532,9,0,0,47104,9,10556933956
9559,1018672547,5971,1018678518,3,0,1,14848,3,7857784438
9560,1018694805,124529,1018819334,8,0,0,11776,8,4724376059
9561,1018706376,176618,1018882994,5,0,0,59392,5,6792860863
9562,1018722366,76976,1018799342,5,0,0,6656,5,3209300602
9563,1018753210,100744,1018853954,3,0,0,24576,3,7716836907
9564,1018763315,161665,1018924980,9,0,0,40960,9,10028945255
9565,1018826312,5326,1018831638,4,0,1,5632,4,2485665586
9566,1018882265,2239,1018884504,3,0,1,1536,3,9192947206
9567,1018994692,2470,1018997162,6,0,1,2560,6,2237147950
9568,1019017819,102128,1019119947,2,0,0,35328,2,10665855923
9569,1019034845,72068,1019106913,5,0,0,12288,5,7863779702
9570,1019049876,103155,1019153031,5,0,0,512,5,2273929155
9571,1019085564,103375,1019188939,5,0,0,10240,5,7957994049
9572,1019106533,77540,1019184073,5,0,0,18944,5,8514864521
9573,1019124186,61618,1019185804,6,0,0,5632,6,9331155738
9574,1019294429,2870,1019297299,7,0,1,8704,7,8217985262
9575,1019366788,12825,1019379613,6,0,1,21504,6,9654580604
9576,1019379659,4374,1019384033,7,0,1,4608,7,9090763988
9577,1019705719,86984,1019792703,4,0,0,15872,4,612606758
9578,1019742419,54056,1019796475,4,0,0,3584,4,1009157137
9579,1019861243,52364,1019913607,5,0,0,3072,5,8739357353
9580,1019911690,87140,1019998830,0,0,0,16384,0,9387108246
9581,1019962690,96248,1020058938,3,0,0,26112,3,2681856641
9582,1019976730,106496,1020083226,2,0,0,49664,2,9574402226
9583,1020121332,87920,1020209252,7,0,0,18944,7,988058229
9584,1020243349,68684,1020312033,6,0,0,11264,6,448236785
9585,1020335444,103376,1020438820,5,0,0,39424,5,7713816421
9586,1020337917,125071,1020462988,7,0,0,17920,7,7670870430
9587,1020384938,89432,1020474370,7,0,0,13824,7,5662226536
9588,1020392278,133434,1020525712,3,0,0,14848,3,10343076178
9589,1020467092,566,1020467658,6,0,1,512,6,3005648837
9590,1020467825,59789,1020527614,5,0,0,6144,5,5741833787
9591,1020481430,3898,1020485328,1,0,1,4096,1,9013902955
9592,1020511957,146938,1020658895,2,0,0,79872,2,5087613583
9593,1020512946,12781,1020525727,7,0,1,17408,7,8282781481
9594,1020538593,2946,1020541539,9,0,1,3072,9,6234466154
9595,1020579032,144153,1020723185,6,0,0,57856,6,5530957564
9596,1020631837,100642,1020732479,3,0,0,1536,3,10657759308
9597,1020638954,141783,1020780737,6,0,0,32768,6,9495169420
9598,1020693495,2470,1020695965,9,0,1,2560,9,7118878919
9599,1020734883,113366,1020848249,2,0,0,35328,2,8610204484
9600,1020880357,102284,1020982641,7,0,0,35840,7,7597209071
9601,1020885697,102731,1020988428,2,0,0,18944,2,8248433813
9602,1020896406,4420,1020900826,0,0,1,11776,0,6252725152
9603,1020898834,121409,1021020243,0,0,0,22016,0,6191378135
9604,1020927478,1042,1020928520,7,0,1,1024,7,8840440707
9605,1020992884,64655,1021057539,6,0,0,1024,6,3057249534
9606,1021060041,148603,1021208644,5,0,0,23040,5,8695137521
9607,1021086803,3645,1021090448,7,0,1,10240,7,7188902416
9608,1021098972,43904,1021142876,5,0,0,512,5,6675826125
9609,1021141057,6278,1021147335,1,0,1,6656,1,4087353569
9610,1021147059,52364,1021199423,6,0,0,3072,6,8159155580
9611,1021150465,3387,1021153852,4,0,1,9728,4,3772241898
9612,1021205782,105294,1021311076,8,0,0,36352,8,5408785471
9613,1021356227,47444,1021403671,4,0,0,2048,4,6076367100
9614,1021455970,108368,1021564338,0,0,0,55808,0,3417699636
9615,1021603479,77744,1021681223,0,0,0,10752,0,7923434503
9616,1021771259,2470,1021773729,3,0,1,2560,3,7811334077
9617,1021780527,148253,1021928780,0,0,0,6144,0,2715205084
9618,1021806565,3128,1021809693,3,0,1,9216,3,4786630837
9619,1021825611,99164,1021924775,9,0,0,25600,9,3422848146
9620,1021865937,1042,1021866979,0,0,1,1024,0,3862111115
9621,1021926338,3387,1021929725,4,0,1,9728,4,6173846801
9622,1021952257,201316,1022153573,4,0,0,19968,4,7884253825
9623,1022091094,97760,1022188854,0,0,0,20992,0,1101088183
9624,1022137656,5326,1022142982,3,0,1,5632,3,1470998634
9625,1022184727,4685,1022189412,6,0,1,512,6,7737795940
9626,1022208241,142065,1022350306,5,0,0,4096,5,6769735024
9627,1022218314,71444,1022289758,9,0,0,10240,9,4071248219
9628,1022235245,103532,1022338777,6,0,0,39936,6,10638018537
9629,1022266014,55748,1022321762,0,0,0,4096,0,3206300480
9630,1022382235,100100,1022482335,0,0,0,28672,0,3159137809
9631,1022461805,89300,1022551105,2,0,0,18432,2,472797669
9632,1022472900,99008,1022571908,8,0,0,25088,8,9189759604
9633,1022486072,148271,1022634343,4,0,0,73728,4,5418329056
9634,1022505898,129864,1022635762,6,0,0,4608,6,9554958847
9635,1022662969,45908,1022708877,4,0,0,2048,4,3862391197
9636,1022800672,107432,1022908104,9,0,0,52736,9,8631821283
9637,1022847621,4937,1022852558,0,0,1,12800,0,4444123027
9638,1022850804,93271,1022944075,8,0,0,7168,8,1066538125
9639,1022887461,138712,1023026173,3,0,0,48640,3,1670726772
9640,1023000277,4420,1023004697,0,0,1,11776,0,10123460861
9641,1023163105,47288,1023210393,5,0,0,1536,5,5943040102
9642,1023187071,6278,1023193349,3,0,1,6656,3,1044587320
9643,1023304508,45596,1023350104,9,0,0,1024,9,4417901695
9644,1023309038,93332,1023402370,6,0,0,26624,6,13024936
9645,1023335920,1518,1023337438,4,0,1,1536,4,5542824602
9646,1023432001,24929,1023456930,1,0,1,45056,1,3331060556
9647,1023439005,18591,1023457596,6,0,1,1024,6,7888329689
9648,1023475951,205815,1023681766,2,0,0,14336,2,6617603419
9649,1023555468,4937,1023560405,1,0,1,12800,1,5091964383
9650,1023564984,97708,1023662692,0,0,0,1024,0,4385739401
9651,1023632190,98852,1023731042,5,0,0,24576,5,3172182904
9652,1023737407,116324,1023853731,6,0,0,81920,6,8167993088
9653,1023861957,60824,1023922781,2,0,0,5632,2,8014219172
9654,1023908518,62516,1023971034,0,0,0,6144,0,3731086379
9655,1023921395,118915,1024040310,9,0,0,72192,9,6553299673
9656,1023982247,164536,1024146783,7,0,0,56832,7,5007392803
9657,1023985537,105404,1024090941,5,0,0,46080,5,6339421046
9658,1023997752,171731,1024169483,4,0,0,22528,4,616714699
9659,1024030039,175510,1024205549,8,0,0,8704,8,4830219215
9660,1024067497,85018,1024152515,5,0,0,7168,5,5544915271
9661,1024117176,7706,1024124882,7,0,1,8192,7,6854217378
9662,1024235700,93752,1024329452,0,0,0,17920,0,3008418945
9663,1024296405,2470,1024298875,6,0,1,2560,6,6324709613
9664,1024324248,78200,1024402448,7,0,0,15360,7,8896782415
9665,1024330483,99164,1024429647,6,0,0,25600,6,7438443149
9666,1024520850,50672,1024571522,7,0,0,2560,7,8666625540
9667,1024645485,113516,1024759001,3,0,0,72704,3,6486268167
9668,1024697063,24670,1024721733,0,0,1,44544,0,1573528633
9669,1024721431,6229,1024727660,9,0,1,15360,9,8542040972
9670,1024740091,88266,1024828357,0,0,0,3072,0,8084675215
9671,1024754141,9814,1024763955,6,0,1,12800,6,9523968016
9672,1024778014,101192,1024879206,2,0,0,32256,2,740814488
9673,1024835857,81255,1024917112,9,0,0,7680,9,4391524752
9674,1024841105,86360,1024927465,2,0,0,13824,2,3213133758
9675,1024874519,95256,1024969775,7,0,0,8192,7,5797732659
9676,1024909218,55748,1024964966,9,0,0,4096,9,878767285
9677,1025057233,4374,1025061607,1,0,1,4608,1,6548203870
9678,1025079916,5802,1025085718,6,0,1,6144,6,10003860280
9679,1025143873,99788,1025243661,6,0,0,27648,6,3888895416
9680,1025147743,6278,1025154021,6,0,1,6656,6,1612149505
9681,1025161014,86094,1025247108,5,0,0,11264,5,9578240009
9682,1025255869,154028,1025409897,6,0,0,31744,6,3770651432
9683,1025298616,84980,1025383596,0,0,0,14336,0,2865944508
9684,1025337162,3422,1025340584,6,0,1,3584,6,253461248
9685,1025400926,19462,1025420388,4,0,1,16896,4,6649680309
9686,1025426501,100568,1025527069,3,0,0,30208,3,10251352402
9687,1025465702,79085,1025544787,1,0,0,1536,1,3734343081
9688,1025500768,133952,1025634720,5,0,0,25600,5,3682463710
9689,1025515588,95000,1025610588,8,0,0,22016,8,6537855935
9690,1025528657,130915,1025659572,6,0,0,4096,6,153978580
9691,1025612298,59132,1025671430,9,0,0,5120,9,5497250058
9692,1025752403,76364,1025828767,3,0,0,11264,3,1778669804
9693,1025810651,47288,1025857939,3,0,0,1536,3,1858487474
9694,1025866817,73136,1025939953,4,0,0,10752,4,4453928891
9695,1025941009,99476,1026040485,8,0,0,26624,8,10375195351
9696,1025968596,100256,1026068852,9,0,0,29184,9,10617361242
9697,1025974393,2870,1025977263,9,0,1,8704,9,5013795042
9698,1025999099,91167,1026090266,3,0,0,2560,3,2218091554
9699,1026036978,83871,1026120849,3,0,0,14336,3,9389869526
9700,1026076244,67592,1026143836,8,0,0,7680,8,7864168226
9701,1026214722,97916,1026312638,5,0,0,21504,5,6006727188
9702,1026222687,207548,1026430235,5,0,0,28160,5,10393188136
9703,1026262805,158835,1026421640,5,0,0,100864,5,3825823979
9704,1026267677,2470,1026270147,8,0,1,2560,8,9989378185
9705,1026324327,207977,1026532304,3,0,0,134144,3,7162911279
9706,1026454612,136540,1026591152,4,0,0,57856,4,7879940473
9707,1026683709,91436,1026775145,5,0,0,15360,5,7305624060
9708,1026737411,143270,1026880681,0,0,0,24576,0,144217391
9709,1026751109,78212,1026829321,3,0,0,12288,3,8439761465
9710,1026807319,178860,1026986179,8,0,0,142848,8,2571868267
9711,1026917714,13253,1026930967,3,0,1,25600,3,7406222686
9712,1026919715,67267,1026986982,2,0,0,2560,2,1429091339
9713,1026948389,125678,1027074067,6,0,0,13824,6,5652138015
9714,1027043360,79436,1027122796,5,0,0,11264,5,5763421540
9715,1027083706,72668,1027156374,4,0,0,9216,4,10338202941
9716,1027096797,104468,1027201265,6,0,0,43008,6,4300524162
9717,1027188651,14124,1027202775,4,0,1,1536,4,351993953
9718,1027227291,97136,1027324427,5,0,0,18944,5,6545833083
9719,1027293898,57440,1027351338,2,0,0,4608,2,6948311828
9720,1027304876,99208,1027404084,8,0,0,10240,8,5582668543
9721,1027342978,91676,1027434654,6,0,0,3584,6,4064473864
9722,1027355134,55148,1027410282,3,0,0,7168,3,100294809
9723,1027355184,96824,1027452008,9,0,0,17920,9,7428118109
9724,1027383540,98520,1027482060,4,0,0,16896,4,7402354066
9725,1027384404,116138,1027500542,2,0,0,9728,2,3889551844
9726,1027434016,90278,1027524294,2,0,0,8192,2,9350498466
9727,1027640088,82455,1027722543,7,0,0,7168,7,5608081276
9728,1027659364,60980,1027720344,3,0,0,6144,3,3415681204
9729,1027681891,5712,1027687603,4,0,1,14336,4,6900809564
9730,1027875881,1994,1027877875,0,0,1,2048,0,3174976154
9731,1027932326,43904,1027976230,0,0,0,512,0,63693641
9732,1028109315,81128,1028190443,3,0,0,11776,3,7709980127
9733,1028111109,143321,1028254430,2,0,0,56832,2,5223817146
9734,1028121976,137569,1028259545,4,0,0,512,4,5207012085
9735,1028162384,74715,1028237099,6,0,0,6656,6,6944926742
9736,1028178651,117572,1028296223,7,0,0,86016,7,2567190058
9737,1028190192,117695,1028307887,4,0,0,16896,4,3836262349
9738,1028198338,99460,1028297798,4,0,0,5120,4,2430728966
9739,1028227525,86338,1028313863,5,0,0,512,5,837485439
9740,1028364075,62516,1028426591,3,0,0,6144,3,4926433892
9741,1028372438,6278,1028378716,0,0,1,6656,0,2566119907
9742,1028458363,98384,1028556747,4,0,0,23040,4,7292884343
9743,1028508102,4374,1028512476,2,0,1,4608,2,1788626713
9744,1028557081,88059,1028645140,3,0,0,12288,3,903918624
9745,1028626797,1994,1028628791,8,0,1,2048,8,225688804
9746,1028632627,62769,1028695396,6,0,0,3584,6,7835525903
9747,1028683032,1994,1028685026,6,0,1,2048,6,6091752767
9748,1028702833,1042,1028703875,2,0,1,1024,2,7632056752
9749,1028737049,79772,1028816821,6,0,0,17408,6,1613963211
9750,1028788970,4162,1028793132,5,0,1,11264,5,10196221173
9751,1028921057,100568,1029021625,7,0,0,30208,7,5056788684
9752,1028978032,89144,1029067176,6,0,0,17920,6,1015147365
9753,1028980866,91317,1029072183,5,0,0,16384,5,3602415052
9754,1029045390,91304,1029136694,2,0,0,19968,2,9804575505
9755,1029100897,566,1029101463,9,0,1,512,9,2524632896
9756,1029111791,102908,1029214699,8,0,0,37888,8,5590640958
9757,1029113735,117572,1029231307,9,0,0,41984,9,4470403195
9758,1029191685,23029,1029214714,4,0,1,19456,4,1822347439
9759,1029230305,65202,1029295507,0,0,0,6656,0,56291270
9760,1029268363,71898,1029340261,0,0,0,11264,0,962316753
9761,1029286391,213774,1029500165,1,0,1,346112,1,6567016682
9762,1029367464,236132,1029603596,9,0,0,10240,9,10017396720
9763,1029432367,268985,1029701352,7,0,0,5120,7,7010799093
9764,1029479101,21218,1029500319,2,0,1,8704,2,4293989694
9765,1029492280,201526,1029693806,1,0,0,78336,1,6942944110
9766,1029591873,119123,1029710996,2,0,0,2560,2,9320541423
9767,1029632046,108728,1029740774,5,0,0,23552,5,7089227079
9768,1029652243,566,1029652809,4,0,1,512,4,5826233205
9769,1029896224,5326,1029901550,0,0,1,5632,0,9661966292
9770,1029947729,2946,1029950675,7,0,1,3072,7,1218826940
9771,1029951476,186102,1030137578,9,0,0,20992,9,3112452009
9772,1030073601,133247,1030206848,4,0,0,45568,4,2936985737
9773,1030149352,101902,1030251254,7,0,0,8704,7,5412352419
9774,1030301328,43904,1030345232,0,0,0,512,0,7225030003
9775,1030384175,97028,1030481203,6,0,0,28672,6,437163750
9776,1030387704,63764,1030451468,3,0,0,10240,3,6683603089
9777,1030432265,11791,1030444056,2,0,1,19456,2,6039359572
9778,1030512659,22950,1030535609,0,0,1,37888,0,9320470994
9779,1030519438,110034,1030629472,4,0,0,4096,4,9699817225
9780,1030543600,132654,1030676254,9,0,0,15360,9,4598735318
9781,1030582383,7706,1030590089,7,0,1,8192,7,5354717521
9782,1030592855,48311,1030641166,4,0,0,1024,4,4189307689
9783,1030609360,151644,1030761004,0,0,0,65536,0,10188363170
9784,1030777238,107134,1030884372,9,0,0,29184,9,8410401615
9785,1030785652,72668,1030858320,9,0,0,9216,9,1870325061
9786,1030821691,107588,1030929279,2,0,0,53248,2,8017348043
9787,1030860718,125932,1030986650,8,0,0,3584,8,8570557807
9788,1030886172,78704,1030964876,4,0,0,18944,4,491411276
9789,1030987121,3898,1030991019,2,0,1,4096,2,9802677270
9790,1031041198,5326,1031046524,9,0,1,5632,9,6115056103
9791,1031044707,69152,1031113859,0,0,0,12800,0,2312404592
9792,1031091896,4679,1031096575,6,0,1,12288,6,6111265740
9793,1031176705,47288,1031223993,2,0,0,1536,2,8041180993
9794,1031351530,5326,1031356856,2,0,1,5632,2,7735576758
9795,1031363257,566,1031363823,6,0,1,512,6,9876641915
9796,1031393706,164212,1031557918,4,0,0,34304,4,6356251491
9797,1031453483,86516,1031539999,3,0,0,14336,3,8554743962
9798,1031577531,83000,1031660531,7,0,0,17920,7,4245113863
9799,1031580610,12737,1031593347,7,0,1,24576,7,4795902393
9800,1031688175,50672,1031738847,3,0,0,2560,3,8316504722
9801,1032014697,2470,1032017167,3,0,1,2560,3,10438706077
9802,1032021233,79592,1032100825,5,0,0,11776,5,9351863910
9803,1032101121,83288,1032184409,5,0,0,13824,5,10533611576
9804,1032101447,235086,1032336533,3,0,0,190464,3,7211043628
9805,1032126822,146347,1032273169,4,0,0,30720,4,6253665226
9806,1032160110,113542,1032273652,9,0,0,1536,9,4684391029
9807,1032184952,5802,1032190754,0,0,1,6144,0,2904956265
9808,1032185378,155858,1032341236,2,0,0,15360,2,2352839696
9809,1032226916,49136,1032276052,7,0,0,2560,7,794400415
9810,1032302852,119742,1032422594,0,0,1,131584,0,10482209184
9811,1032330305,157453,1032487758,1,0,1,177152,1,2201491707
9812,1032360824,253220,1032614044,5,0,0,2048,5,2478286302
9813,1032367043,121995,1032489038,7,0,1,14336,7,4892642192
9814,1032481935,102945,1032584880,3,0,0,16896,3,1072605700
9815,1032516911,21916,1032538827,8,0,1,35840,8,4514015683
9816,1032667523,1518,1032669041,8,0,1,1536,8,8721500553
9817,1032705188,81128,1032786316,2,0,0,11776,2,9301607072
9818,1032754754,72668,1032827422,2,0,0,9216,2,6434075391
9819,1032767615,154021,1032921636,8,0,0,59392,8,8729170844
9820,1032798025,16096,1032814121,7,0,1,31232,7,5305828317
9821,1032801453,13846,1032815299,5,0,1,13824,5,1458716656
9822,1032878171,102774,1032980945,4,0,0,7680,4,10601798205
9823,1032906111,57166,1032963277,0,0,1,67584,0,6183654447
9824,1032980931,233284,1033214215,4,0,0,10240,4,7072289445
9825,1033075330,88947,1033164277,0,0,0,13824,0,5000510368
9826,1033112776,53175,1033165951,8,0,0,3072,8,2333664376
9827,1033127533,100482,1033228015,2,0,0,5120,2,6392226718
9828,1033230192,84216,1033314408,1,0,1,137216,1,1326965033
9829,1033254273,141164,1033395437,4,0,0,13312,4,1038020750
9830,1033343820,146985,1033490805,0,0,0,8192,0,10563897927
9831,1033387978,189101,1033577079,9,0,0,23040,9,3518506936
9832,1033422074,102128,1033524202,8,0,0,35328,8,4486481500
9833,1033424006,117215,1033541221,3,0,0,55808,3,7917265081
9834,1033472449,1042,1033473491,2,0,1,1024,2,4946928827
9835,1033535398,13045,1033548443,4,0,1,7680,4,2097621181
9836,1033551225,4374,1033555599,7,0,1,4608,7,10429828169
9837,1033568668,63764,1033632432,2,0,0,10240,2,9726893428
9838,1033660039,6229,1033666268,7,0,1,15360,7,7390093147
9839,1033684919,148826,1033833745,6,0,0,12800,6,8295541805
9840,1033688942,5196,1033694138,2,0,1,13312,2,1691205950
9841,1033689470,50306,1033739776,1,0,1,80896,1,3580915158
9842,1033739849,154044,1033893893,3,0,0,13824,3,820595853
9843,1033828684,100412,1033929096,9,0,0,29696,9,10499133647
9844,1033853348,15321,1033868669,5,0,1,29696,5,1403604854
9845,1033898319,47444,1033945763,7,0,0,2048,7,4963087579
9846,1033931555,60980,1033992535,7,0,0,6144,7,2441727262
9847,1033935648,52364,1033988012,5,0,0,3072,5,7549952933
9848,1033997836,566,1033998402,3,0,1,512,3,2498306322
9849,1034004533,194455,1034198988,6,0,0,14336,6,10241551511
9850,1034142269,124887,1034267156,0,0,1,206336,0,643995018
9851,1034177537,182742,1034360279,5,0,0,15360,5,2661885462
9852,1034312185,159296,1034471481,5,0,0,5632,5,1351889036
9853,1034319223,181064,1034500287,6,0,0,30720,6,2996694009
9854,1034441682,43904,1034485586,0,0,0,512,0,673165601
9855,1034447534,64849,1034512383,4,0,0,7680,4,7075927952
9856,1034452843,70976,1034523819,9,0,0,8704,9,1515104618
9857,1034487920,59600,1034547520,6,0,0,6656,6,647160125
9858,1034536967,101348,1034638315,2,0,0,32768,2,7577439208
9859,1034562463,94218,1034656681,6,0,0,11264,6,385334455
9860,1034578839,114718,1034693557,5,0,0,46592,5,8377018632
9861,1034618859,208316,1034827175,2,0,0,49152,2,1844098542
9862,1034637562,88011,1034725573,4,0,0,13312,4,1018595215
9863,1034658692,138831,1034797523,8,0,0,47616,8,6117951257
9864,1034710818,131363,1034842181,0,0,0,31744,0,3399711079
9865,1034806033,75812,1034881845,0,0,1,127488,0,1395032721
9866,1034888786,218093,1035106879,2,0,0,3072,2,580590031
9867,1034963207,100256,1035063463,8,0,0,29184,8,4362129488
9868,1035005919,126352,1035132271,3,0,0,46080,3,6429921530
9869,1035040267,77012,1035117279,2,0,0,18432,2,10362552168
9870,1035055412,129281,1035184693,9,0,0,15360,9,8467388994
9871,1035065174,158933,1035224107,2,0,0,27648,2,32017389
9872,1035104632,125886,1035230518,0,0,0,20992,0,10248009493
9873,1035161325,82240,1035243565,2,0,0,9728,2,1165971947
9874,1035208326,48980,1035257306,5,0,0,2048,5,8179864482
9875,1035238054,99944,1035337998,4,0,0,28160,4,3861236924
9876,1035257626,98270,1035355896,7,0,0,5120,7,6913911734
9877,1035259918,85586,1035345504,3,0,0,16384,3,9790344964
9878,1035331407,107307,1035438714,7,0,0,30720,7,7316169729
9879,1035363805,187940,1035551745,3,0,0,35840,3,10424694193
9880,1035379999,131897,1035511896,2,0,0,103424,2,7430343755
9881,1035412042,112524,1035524566,0,0,1,182272,0,5665996817
9882,1035601093,148928,1035750021,5,0,0,32256,5,8182056801
9883,1035658452,3898,1035662350,2,0,1,4096,2,9231731942
9884,1035680544,566,1035681110,4,0,1,512,4,10129871194
9885,1035722444,106808,1035829252,0,0,0,50688,0,4450104266
9886,1035729202,160365,1035889567,6,0,0,80384,6,10532612974
9887,1035729259,83217,1035812476,5,0,0,10752,5,1880645426
9888,1035733088,131972,1035865060,4,0,0,22016,4,1602495511
9889,1035749360,215444,1035964804,7,0,0,84992,7,5244094804
9890,1035766418,203393,1035969811,8,0,0,16384,8,1555820264
9891,1035773072,233822,1036006894,9,0,0,45568,9,5751105897
9892,1035775888,125394,1035901282,5,0,0,8704,5,5497601025
9893,1035781641,229651,1036011292,8,0,0,14336,8,10606784457
9894,1035843187,87455,1035930642,3,0,0,6144,3,7570565025
9895,1035980180,74216,1036054396,0,0,0,13824,0,2021489681
9896,1035987797,19112,1036006909,5,0,1,5632,5,6409462790
9897,1036020535,4850,1036025385,3,0,1,5120,3,7041770976
9898,1036088102,15579,1036103681,3,0,1,30208,3,1682568912
9899,1036272558,100880,1036373438,5,0,0,31232,5,114320175
9900,1036277678,47288,1036324966,9,0,0,1536,9,7845923078
9901,1036338546,12995,1036351541,9,0,1,25088,9,7487656784
9902,1036342632,61827,1036404459,7,0,0,7168,7,5831869653
9903,1036414806,566,1036415372,7,0,1,512,7,400453703
9904,1036491762,78524,1036570286,5,0,0,13312,5,5887345481
9905,1036537462,112582,1036650044,4,0,0,47104,4,9374080295
9906,1036619587,96848,1036716435,4,0,0,23040,4,9108355645
9907,1036684091,109148,1036793239,2,0,0,58368,2,2034732394
9908,1036742902,50352,1036793254,0,0,1,73216,0,3821833386
9909,1036800771,292157,1037092928,6,0,0,83456,6,4336087628
9910,1036811615,73575,1036885190,1,0,1,119808,1,2629326967
9911,1036859286,77744,1036937030,7,0,0,10752,7,4310053890
9912,1036917084,182255,1037099339,3,0,0,20992,3,1332341126
9913,1037050401,74350,1037124751,3,0,1,121344,3,2929638456
9914,1037070136,57201,1037127337,6,0,1,4096,6,8263437166
9915,1037185421,173878,1037359299,4,0,0,29184,4,9194405196
9916,1037243576,106808,1037350384,2,0,0,50688,2,4995038876
9917,1037286825,148783,1037435608,2,0,0,30720,2,10243670374
9918,1037296269,312709,1037608978,6,0,0,210432,6,63958091
9919,1037316050,2870,1037318920,9,0,1,8704,9,3557553928
9920,1037338471,271770,1037610241,7,0,0,4096,7,136733812
9921,1037491271,47288,1037538559,4,0,0,1536,4,5011021577
9922,1037565741,118583,1037684324,0,0,1,120832,0,3601760391
9923,1037690864,1518,1037692382,9,0,1,1536,9,3032897942
9924,1037697936,3422,1037701358,9,0,1,3584,9,2344945674
9925,1037769854,115603,1037885457,8,0,0,9728,8,8155110271
9926,1037916868,11274,1037928142,7,0,1,18432,7,8130540078
9927,1037917535,96147,1038013682,3,0,0,8192,3,2048192567
9928,1037976609,97760,1038074369,8,0,0,20992,8,1141300576
9929,1037988920,55131,1038044051,9,0,0,1024,9,4516949578
9930,1038021979,165070,1038187049,3,0,0,25600,3,4580375609
9931,1038028136,186538,1038214674,8,0,0,57344,8,806607138
9932,1038041809,177395,1038219204,4,0,0,512,4,9970916947
9933,1038248723,68245,1038316968,4,0,0,7680,4,938300297
9934,1038269686,125792,1038395478,6,0,0,37376,6,5381382007
9935,1038354091,117401,1038471492,5,0,0,58880,5,3320812596
9936,1038404351,88232,1038492583,5,0,0,19968,5,2402903506
9937,1038407151,139029,1038546180,9,0,0,19456,9,3550426742
9938,1038432808,118847,1038551655,5,0,0,17920,5,7619852593
9939,1038492025,130470,1038622495,7,0,0,30720,7,6585386300
9940,1038543696,187344,1038731040,7,0,0,11264,7,5374416887
9941,1038557175,3904,1038561079,2,0,1,10752,2,401100319
9942,1038580355,108818,1038689173,0,0,0,26624,0,7475185447
9943,1038585987,3898,1038589885,4,0,1,4096,4,8703221784
9944,1038616809,109678,1038726487,0,0,0,41472,0,7605596804
9945,1038709001,3898,1038712899,9,0,1,4096,9,1803340940
9946,1038723311,82604,1038805915,2,0,0,11264,2,3928050564
9947,1038757740,61760,1038819500,5,0,0,8704,5,4699179512
9948,1038758925,3422,1038762347,7,0,1,3584,7,1543037819
9949,1038800354,108056,1038908410,9,0,0,54784,9,2687826803
9950,1038854147,101192,1038955339,6,0,0,32256,6,10270565383
9951,1038877532,117350,1038994882,3,0,0,38912,3,8790583355
9952,1038982848,72946,1039055794,6,0,0,9728,6,10262294729
9953,1038993085,114213,1039107298,4,0,0,69120,4,4934792707
9954,1039047513,3904,1039051417,5,0,1,10752,5,10659722366
9955,1039051921,4374,1039056295,9,0,1,4608,9,10223639649
9956,1039104185,102113,1039206298,8,0,0,25088,8,9078984688
9957,1039165223,100880,1039266103,3,0,0,31232,3,1592971374
9958,1039242127,43904,1039286031,7,0,0,512,7,1068325012
9959,1039251015,98384,1039349399,5,0,0,23040,5,6543585650
9960,1039439160,103220,1039542380,0,0,0,38912,0,4658548761
9961,1039472808,47288,1039520096,8,0,0,1536,8,1696020941
9962,1039554271,50672,1039604943,6,0,0,2560,6,177772779
9963,1039589482,3422,1039592904,7,0,1,3584,7,7798414439
9964,1039631173,77744,1039708917,8,0,0,10752,8,5145279298
9965,1039714199,5326,1039719525,7,0,1,5632,7,1646092328
9966,1039800482,59132,1039859614,0,0,0,5120,0,3191870291
9967,1039816706,98540,1039915246,6,0,0,23552,6,5390511827
9968,1039836778,3904,1039840682,4,0,1,10752,4,9971586261
9969,1039840206,4679,1039844885,9,0,1,12288,9,2404658874
9970,1039853132,62933,1039916065,1,0,1,102400,1,1409830778
9971,1039951162,192749,1040143911,0,0,1,311808,0,1611345205
9972,1039994706,356935,1040351641,5,0,0,56832,5,8538130730
9973,1040065642,222264,1040287906,3,0,0,1024,3,1901733218
9974,1040097039,317824,1040414863,9,0,0,36352,9,7306365224
9975,1040128690,196515,1040325205,4,0,0,38400,4,2982435480
9976,1040137444,100422,1040237866,0,0,0,8192,0,2485650510
9977,1040206043,167196,1040373239,1,0,1,275456,1,10201486025
9978,1040207397,179775,1040387172,6,0,0,18944,6,10555177206
9979,1040222440,152079,1040374519,4,0,1,14336,4,462514380
9980,1040482319,135228,1040617547,4,0,0,11776,4,9879678239
9981,1040596294,4374,1040600668,3,0,1,4608,3,7289604422
9982,1040637492,195247,1040832739,3,0,0,96768,3,4461057993
9983,1040673190,79360,1040752550,4,0,0,1024,4,8488595246
9984,1040780783,56060,1040836843,4,0,0,5120,4,4337159068
9985,1040781651,107206,1040888857,0,0,0,18432,0,6353001611
9986,1040795784,2870,1040798654,3,0,1,8704,3,4485341137
9987,1040896878,4420,1040901298,7,0,1,11776,7,5726145110
9988,1041111869,80396,1041192265,3,0,0,19456,3,3168319086
9989,1041200706,101192,1041301898,7,0,0,32256,7,6244823709
9990,1041365980,1994,1041367974,2,0,1,2048,2,1405716035
9991,1041400630,116391,1041517021,8,0,0,512,8,8977836605
9992,1041545071,77744,1041622815,3,0,0,10752,3,5950501633
9993,1041628019,104624,1041732643,8,0,0,43520,8,6036554052
9994,1041704539,59132,1041763671,8,0,0,5120,8,3034041933
9995,1041765557,30749,1041796306,0,0,1,49664,0,6422706843
9996,1041798749,99632,1041898381,0,0,0,27136,0,2927913329
9997,1041814300,113850,1041928150,8,0,0,26624,8,6200694992
9998,1041834905,129689,1041964594,3,0,0,35328,3,6218134446
9999,1041859017,196571,1042055588,6,0,0,39936,6,4247953597
