RequestID,ArrivalTime,DelayTime,FinishTime,InitiatorID,TargetID,IOType,Size,VolumeID,Offset
0,114954414831,395503,114954810334,0,0,1,1394688,0,6011958846
1,114954434383,496149,114954930532,5,0,0,640000,5,7484479965
2,114954449705,1180975,114955630680,9,0,1,16384,9,10275894223
3,114954564266,1151104,114955715370,7,0,0,702464,7,7850428218
4,114954755216,588104,114955343320,0,0,1,1156608,0,7829402085
5,114955012740,514164,114955526904,0,0,0,512512,0,1578081026
6,114955019903,825842,114955845745,6,0,1,12800,6,9165554480
7,114955046752,1545413,114956592165,9,0,1,14336,9,7314330163
8,114955086699,1177213,114956263912,9,0,0,430080,9,5162396780
9,114955115115,1329320,114956444435,8,0,1,75264,8,816691787
10,114955139511,1244527,114956384038,8,0,1,114176,8,6275427009
11,114955168043,1341673,114956509716,0,0,1,146432,0,6192764928
12,114955291430,1109232,114956400662,8,0,0,1299456,8,2058165839
13,114955300546,1094788,114956395334,3,0,1,120320,3,9748491885
14,114955306233,1192168,114956498401,5,0,0,9728,5,5446742273
15,114955453839,1038886,114956492725,9,0,0,208896,9,2941749942
16,114955606282,939952,114956546234,0,0,0,224768,0,1211904816
17,114955636510,529663,114956166173,8,0,0,240128,8,2064617590
18,114955641929,1122282,114956764211,2,0,1,147968,2,4344293333
19,114955770644,1127712,114956898356,0,0,0,1479680,0,9556957111
20,114955925361,892283,114956817644,7,0,0,388096,7,603467558
21,114955976629,1106672,114957083301,4,0,1,59904,4,9349000230
22,114955979788,1677724,114957657512,3,0,1,176128,3,5940395572
23,114956102296,1639433,114957741729,8,0,0,714752,8,2073783427
24,114956135568,1707748,114957843316,8,0,1,55296,8,4159377021
25,114956256260,1499755,114957756015,9,0,0,2128896,9,10602240733
26,114956390158,800830,114957190988,3,0,1,3584,3,6091602046
27,114956788674,1191424,114957980098,8,0,1,79360,8,3544873196
28,114956922467,1559639,114958482106,5,0,1,263680,5,645786723
29,114957100532,2093051,114959193583,8,0,1,149504,8,9666935882
30,114957208637,1275387,114958484024,3,0,1,2560,3,7982523812
31,114957210331,1480667,114958690998,4,0,1,14848,4,2192451577
32,114957232393,536208,114957768601,9,0,0,522752,9,10192684682
33,114957584629,2706713,114960291342,9,0,1,77312,9,2939209495
34,114957794613,609033,114958403646,7,0,0,278528,7,9123376396
35,114958145739,1979471,114960125210,7,0,0,329216,7,2087953424
36,114958302864,556056,114958858920,8,0,0,474624,8,3989597318
37,114958337992,1603513,114959941505,5,0,0,139776,5,8300638256
38,114958391951,458711,114958850662,5,0,1,29184,5,1129918546
39,114958449610,544055,114958993665,1,0,1,279040,1,4766661573
40,114958833603,366156,114959199759,0,0,0,681472,0,8946604343
41,114958842059,1426910,114960268969,9,0,1,162304,9,1009190854
42,114958879833,836041,114959715874,9,0,1,41984,9,3072937689
43,114958943014,1478108,114960421122,3,0,1,11776,3,1376956360
44,114958944920,548623,114959493543,8,0,1,167424,8,5920328465
45,114959026112,582139,114959608251,9,0,0,483840,9,2638154760
46,114959064645,1494370,114960559015,4,0,1,11776,4,10522535036
47,114959111469,629614,114959741083,8,0,0,115712,8,1869541268
48,114959186537,1391605,114960578142,0,0,0,219648,0,6946082908
49,114959223379,1374518,114960597897,8,0,1,12288,8,6095322592
50,114959244840,1334331,114960579171,4,0,1,40960,4,5306185953
51,114959559967,1346908,114960906875,0,0,1,251392,0,5320006315
52,114959576450,1053686,114960630136,8,0,0,220160,8,8633666344
53,114959659143,1024841,114960683984,9,0,0,40960,9,2667613974
54,114959666472,765128,114960431600,9,0,0,422400,9,1796140363
55,114959724621,1369916,114961094537,7,0,0,49152,7,5684679834
56,114959768595,1343387,114961111982,5,0,0,1536,5,3282424434
57,114959840984,1316986,114961157970,9,0,0,990208,9,1370951490
58,114960176806,845718,114961022524,6,0,1,262144,6,571613277
59,114960338390,886623,114961225013,9,0,0,368128,9,3551249967
60,114960389293,698961,114961088254,9,0,1,58368,9,2297381597
61,114960398184,552779,114960950963,0,0,0,108544,0,7012709069
62,114960457599,1678697,114962136296,3,0,1,358400,3,1303453145
63,114960578290,748228,114961326518,8,0,0,1266176,8,181461116
64,114960656972,830122,114961487094,6,0,1,38400,6,7219966889
65,114960677308,995954,114961673262,5,0,0,25600,5,945130669
66,114960826436,1721041,114962547477,9,0,1,67584,9,10442998582
67,114960859959,1733882,114962593841,5,0,0,17408,5,6443767390
68,114960879683,609132,114961488815,8,0,0,153088,8,1260013498
69,114960911344,979479,114961890823,6,0,1,25088,6,2780959136
70,114960933980,1653809,114962587789,8,0,1,37888,8,5913633898
71,114960948707,903303,114961852010,5,0,0,6656,5,7298252646
72,114961006647,1102171,114962108818,8,0,0,672768,8,7276498567
73,114961011871,930367,114961942238,7,0,0,421376,7,895406131
74,114961036746,2192118,114963228864,9,0,1,15872,9,4360059800
75,114961050456,2095047,114963145503,0,0,1,1108480,0,8319336025
76,114961123365,1928889,114963052254,0,0,0,404992,0,9240355550
77,114961220223,1959318,114963179541,9,0,0,194560,9,2622232791
78,114961237940,1894480,114963132420,8,0,0,83968,8,1683786154
79,114961311917,534445,114961846362,3,0,1,61440,3,2096987076
80,114961532779,624101,114962156880,8,0,0,1007104,8,9370456887
81,114961559601,2123279,114963682880,5,0,1,17408,5,10515029087
82,114961634744,2302861,114963937605,3,0,1,4608,3,5365227929
83,114961712469,2337653,114964050122,0,0,0,1584128,0,99190041
84,114961816239,2310890,114964127129,9,0,1,31744,9,6879434320
85,114961832189,2337335,114964169524,5,0,1,102400,5,4542243044
86,114961976522,990006,114962966528,5,0,0,2560,5,3800819135
87,114962260656,462523,114962723179,8,0,0,107008,8,5155985116
88,114962387599,734024,114963121623,9,0,0,1753088,9,1204487517
89,114962452425,498469,114962950894,9,0,0,92672,9,2975702076
90,114962494307,1138740,114963633047,4,0,1,19456,4,1380200229
91,114962515033,2618267,114965133300,3,0,1,45056,3,10587398810
92,114962726206,334225,114963060431,5,0,1,60928,5,9408419883
93,114962797177,613757,114963410934,9,0,0,401408,9,7794959267
94,114962922986,443359,114963366345,4,0,1,126464,4,5361148629
95,114963023611,3093142,114966116753,5,0,0,3584,5,3536535393
96,114963154171,2830715,114965984886,5,0,0,8704,5,1317644012
97,114963165634,2586557,114965752191,6,0,1,152576,6,9695133101
98,114963361430,537254,114963898684,3,0,1,20480,3,8722796820
99,114963471444,1054974,114964526418,8,0,1,71680,8,7330345822
100,114963609938,634644,114964244582,8,0,0,222208,8,4514834787
101,114963631912,3818856,114967450768,2,0,1,18944,2,8838710691
102,114963872783,458767,114964331550,3,0,1,81408,3,2316269713
103,114963876306,3829309,114967705615,5,0,1,6656,5,10383167583
104,114964095203,337412,114964432615,5,0,0,27648,5,8097647908
105,114964148791,501652,114964650443,7,0,0,1125888,7,1721713225
106,114964414510,1846611,114966261121,9,0,0,165376,9,10157820399
107,114964528055,845504,114965373559,7,0,0,242176,7,1883992203
108,114964723971,1240446,114965964417,0,0,0,798208,0,1731778269
109,114964837186,1195238,114966032424,2,0,1,22528,2,685595912
110,114964902969,4441695,114969344664,7,0,1,1408000,7,8005782207
111,114964922828,4217527,114969140355,5,0,1,19456,5,1215770758
112,114965258605,4092424,114969351029,7,0,0,1006080,7,4232507818
113,114965495179,1162258,114966657437,5,0,0,34304,5,9225887159
114,114965534408,1173197,114966707605,2,0,1,116736,2,1626163900
115,114965550150,3786176,114969336326,0,0,0,636416,0,1232365043
116,114965563912,3323821,114968887733,7,0,1,115200,7,10378280522
117,114965627859,557516,114966185375,3,0,1,61440,3,10376598066
118,114965664487,2018273,114967682760,7,0,0,250880,7,10416030982
119,114965755305,1297399,114967052704,5,0,0,1024,5,9470064724
120,114965818917,1469471,114967288388,0,0,1,118272,0,8153638274
121,114965822956,706259,114966529215,5,0,1,68608,5,7739644525
122,114965923743,3960603,114969884346,6,0,1,64512,6,8916857502
123,114965946205,3694911,114969641116,4,0,1,6144,4,3944031400
124,114965966885,3636530,114969603415,7,0,0,655360,7,5248647932
125,114965988093,441686,114966429779,7,0,1,1689600,7,4333587743
126,114966003093,627035,114966630128,8,0,0,29184,8,8319967323
127,114966128278,3767429,114969895707,4,0,1,31232,4,6162471804
128,114966129690,3641398,114969771088,3,0,1,92672,3,5535404707
129,114966623349,3419066,114970042415,3,0,1,212480,3,2075466074
130,114966730670,3623233,114970353903,6,0,1,71168,6,387555170
131,114966775882,3583968,114970359850,5,0,0,28160,5,9974198724
132,114966907196,3502404,114970409600,3,0,1,27136,3,3136841106
133,114967257057,839598,114968096655,5,0,0,2048,5,6708809256
134,114967403124,1027936,114968431060,9,0,1,54272,9,10461411763
135,114967608210,957056,114968565266,9,0,0,581632,9,8190014883
136,114967830883,3645187,114971476070,2,0,1,7168,2,1133269060
137,114967850585,3637683,114971488268,6,0,1,70656,6,6542745996
138,114967997845,2870915,114970868760,7,0,0,121856,7,150078608
139,114968144039,934664,114969078703,7,0,0,693760,7,8873854807
140,114968165027,2461565,114970626592,9,0,0,1339904,9,5316230219
141,114968235972,2287412,114970523384,9,0,0,327168,9,4393745762
142,114968385663,1953598,114970339261,0,0,0,422400,0,761190139
143,114968403832,674218,114969078050,6,0,1,41984,6,8798045249
144,114968497418,620017,114969117435,3,0,1,15872,3,8874175134
145,114968569935,728030,114969297965,3,0,1,59392,3,6620677323
146,114968783947,2416749,114971200696,5,0,1,220672,5,1440085646
147,114969281581,1155047,114970436628,9,0,0,1268224,9,2710080619
148,114969299204,2908688,114972207892,9,0,0,206336,9,3719890306
149,114969424926,1082673,114970507599,5,0,1,37376,5,1504485626
150,114969576688,1049453,114970626141,3,0,1,11264,3,1395105149
151,114969605495,974429,114970579924,3,0,1,184320,3,10402552875
152,114969749617,3540029,114973289646,9,0,0,3682304,9,4536230490
153,114969770441,1272170,114971042611,7,0,1,540672,7,9762017097
154,114969805524,2034007,114971839531,4,0,1,153088,4,8339944257
155,114969944668,1282149,114971226817,4,0,1,24576,4,5043948263
156,114969952935,904119,114970857054,0,0,0,415232,0,7581958959
157,114969983292,1266001,114971249293,7,0,0,278016,7,874859247
158,114970214995,1970575,114972185570,0,0,0,207872,0,7730385920
159,114970520698,3529591,114974050289,5,0,1,55296,5,6118600868
160,114970590153,419444,114971009597,4,0,1,107520,4,10562224524
161,114970641743,3111336,114973753079,6,0,1,91648,6,52394660
162,114970670207,3254277,114973924484,1,0,1,720384,1,9763618657
163,114970713422,574959,114971288381,4,0,1,32768,4,8739978335
164,114970801561,855925,114971657486,6,0,1,43008,6,5881213967
165,114970975682,1378597,114972354279,3,0,1,24576,3,6491682855
166,114970977101,600564,114971577665,5,0,0,7680,5,3831251857
167,114971123012,1883337,114973006349,8,0,0,1508352,8,182968929
168,114971182889,953545,114972136434,7,0,0,133632,7,6538820729
169,114971682512,5456816,114977139328,4,0,1,16384,4,6697856864
170,114971894621,1820102,114973714723,8,0,0,41984,8,378858856
171,114972040156,529137,114972569293,1,0,1,198144,1,2128921247
172,114972483503,5351991,114977835494,3,0,1,20992,3,2680308348
173,114972664576,5329960,114977994536,9,0,0,79360,9,654145233
174,114972730162,5186344,114977916506,6,0,1,50688,6,3474588262
175,114973124683,4435497,114977560180,5,0,0,3584,5,9772028938
176,114973317614,2278234,114975595848,0,0,1,908800,0,95727999
177,114973482282,1207900,114974690182,1,0,1,314880,1,10550796649
178,114973631588,1002094,114974633682,0,0,0,444928,0,9462599203
179,114973678600,5082375,114978760975,0,0,1,1202176,0,9016604050
180,114973760338,5076556,114978836894,0,0,0,300544,0,9231396382
181,114973879559,4378614,114978258173,7,0,0,901632,7,2332235905
182,114974121620,3634801,114977756421,4,0,1,34304,4,4859721253
183,114974252877,3181010,114977433887,6,0,1,17920,6,8857201707
184,114974447617,725574,114975173191,0,0,0,1152000,0,8391565247
185,114974763141,3007072,114977770213,0,0,1,46592,0,645694875
186,114974775778,573705,114975349483,4,0,1,8192,4,6073364444
187,114974854546,885941,114975740487,7,0,0,190464,7,8160403844
188,114974904174,3062545,114977966719,9,0,0,554496,9,432434631
189,114974937213,1410826,114976348039,7,0,0,867328,7,426764172
190,114975102537,3307357,114978409894,8,0,0,43008,8,2883392363
191,114975120590,820367,114975940957,1,0,1,497664,1,7922947475
192,114975217235,1010189,114976227424,5,0,0,5120,5,4216394266
193,114975229257,882356,114976111613,5,0,0,512,5,1737139880
194,114975230597,301465,114975532062,9,0,0,1295872,9,1191280277
195,114975496716,599559,114976096275,0,0,0,1221120,0,8887146448
196,114975539852,1510892,114977050744,0,0,1,368128,0,10155651011
197,114975674696,3436242,114979110938,0,0,0,1248256,0,9114166623
198,114975840124,647283,114976487407,6,0,1,12288,6,967959513
199,114975913075,538729,114976451804,6,0,1,155136,6,9279347777
200,114976098347,3158817,114979257164,6,0,1,52224,6,2262088448
201,114976198717,1065225,114977263942,9,0,0,786432,9,4734843035
202,114976372654,669200,114977041854,9,0,1,235008,9,2843708818
203,114976388218,3367839,114979756057,6,0,1,80896,6,4228609749
204,114976520776,443049,114976963825,6,0,1,54272,6,5483393466
205,114976701828,3657388,114980359216,9,0,0,296448,9,1687109180
206,114976733283,3502895,114980236178,3,0,1,143360,3,10086703200
207,114976825100,3391423,114980216523,9,0,0,439296,9,6326225030
208,114977006840,3379747,114980386587,3,0,1,99328,3,25733275
209,114977199747,418751,114977618498,9,0,1,24064,9,3680900992
210,114977252849,558243,114977811092,6,0,1,27136,6,6743748045
211,114977319575,1175024,114978494599,8,0,0,192512,8,7799746198
212,114977444632,906268,114978350900,6,0,1,7680,6,1591539685
213,114977454528,626567,114978081095,3,0,1,8192,3,8231827894
214,114977560381,459499,114978019880,8,0,1,129024,8,906417172
215,114977612567,732079,114978344646,7,0,0,219136,7,8174588482
216,114977676929,1681130,114979358059,9,0,0,506368,9,3173617115
217,114977770221,5462267,114983232488,5,0,0,1536,5,9769089212
218,114977795154,883589,114978678743,7,0,0,904192,7,6507843783
219,114978011855,1707249,114979719104,5,0,0,5632,5,7127399423
220,114978084956,1298840,114979383796,8,0,1,19968,8,7245344936
221,114978381315,5459735,114983841050,8,0,1,59392,8,5541852341
222,114978414967,754265,114979169232,1,0,1,338944,1,2095789316
223,114978426849,1109425,114979536274,0,0,0,215040,0,8543161600
224,114978515907,5825833,114984341740,1,0,1,1029120,1,7266925913
225,114978836466,5604312,114984440778,0,0,1,169984,0,1948479119
226,114978895629,5213361,114984108990,8,0,0,6144,8,7071104239
227,114978986997,5285642,114984272639,7,0,0,104448,7,10262553125
228,114979011723,330671,114979342394,0,0,1,1218560,0,6888544060
229,114979017477,475138,114979492615,0,0,1,70656,0,8654960584
230,114979030918,4879965,114983910883,5,0,0,512,5,5416130098
231,114979105359,4684867,114983790226,5,0,0,31232,5,6525148705
232,114979162074,507872,114979669946,3,0,1,150528,3,5603405034
233,114979166818,5538996,114984705814,8,0,0,651776,8,7666274127
234,114979302221,5495341,114984797562,7,0,0,490496,7,1883222610
235,114979505702,1077572,114980583274,8,0,0,543744,8,5773908057
236,114979516223,2017041,114981533264,5,0,0,9216,5,3974332838
237,114979552379,1502372,114981054751,6,0,1,83456,6,4002996709
238,114979563113,1408833,114980971946,3,0,1,7168,3,2705261749
239,114979739020,6366384,114986105404,3,0,1,38912,3,2773418516
240,114979819590,6149694,114985969284,8,0,1,33792,8,5548362140
241,114979825529,5734711,114985560240,7,0,0,326656,7,2944674850
242,114979882180,5265942,114985148122,0,0,0,347648,0,4547364618
243,114979991676,5174585,114985166261,0,0,0,148992,0,9477274180
244,114980104424,5130675,114985235099,6,0,1,104448,6,3966183024
245,114980165147,5056245,114985221392,9,0,0,238080,9,4889391885
246,114980298770,1350431,114981649201,7,0,0,499200,7,9014156921
247,114980367286,5028068,114985395354,6,0,1,115712,6,3927695214
248,114980524276,5070282,114985594558,9,0,0,688128,9,3761962515
249,114980742877,918752,114981661629,7,0,0,477696,7,6605755383
250,114981240629,960832,114982201461,9,0,0,484352,9,6220289048
251,114981424683,513319,114981938002,5,0,0,22016,5,1233840067
252,114981702137,988455,114982690592,1,0,1,103424,1,7184347218
253,114981706218,5174847,114986881065,0,0,0,1536,0,444801680
254,114981815081,5164582,114986979663,2,0,1,16384,2,10303624542
255,114981821404,640836,114982462240,9,0,1,30720,9,7764907159
256,114982058468,4994275,114987052743,7,0,1,1877504,7,3995853603
257,114982119843,443952,114982563795,5,0,0,4608,5,1077932938
258,114982292111,488981,114982781092,4,0,1,56320,4,7710387397
259,114982371414,5107308,114987478722,0,0,0,305664,0,10223693186
260,114982412784,376966,114982789750,7,0,0,26112,7,5052014355
261,114982418066,5091563,114987509629,9,0,0,311808,9,2010379215
262,114982462835,481959,114982944794,9,0,0,576512,9,532907528
263,114982651148,5024397,114987675545,6,0,1,256000,6,1619260475
264,114982752686,623256,114983375942,0,0,1,26112,0,6635675768
265,114982844412,5152594,114987997006,8,0,1,109056,8,1518613692
266,114983091301,483540,114983574841,9,0,0,1541632,9,1529560438
267,114983306087,497184,114983803271,5,0,0,4096,5,5675307472
268,114983575653,815147,114984390800,6,0,1,62464,6,9487036893
269,114983595194,501019,114984096213,9,0,1,32256,9,1681502269
270,114983628633,842785,114984471418,9,0,1,11264,9,6184459887
271,114983666327,1181939,114984848266,7,0,0,271360,7,6655119654
272,114984073623,1102039,114985175662,9,0,1,105472,9,9408525539
273,114984128464,1113194,114985241658,6,0,1,23552,6,4767626617
274,114984267117,1552000,114985819117,8,0,0,9216,8,2844374242
275,114984332349,1397748,114985730097,7,0,0,366592,7,1476085940
276,114984371477,2164166,114986535643,9,0,0,253952,9,2682344849
277,114984500496,2043974,114986544470,3,0,1,59392,3,2369040588
278,114984505126,1912952,114986418078,8,0,1,112640,8,7386473606
279,114984644393,1799394,114986443787,8,0,1,4096,8,7442660356
280,114984682325,2400138,114987082463,6,0,1,18944,6,3490846407
281,114984732754,3242098,114987974852,6,0,1,24064,6,4986337532
282,114984802273,2786164,114987588437,8,0,1,27136,8,1796810265
283,114984819051,4436084,114989255135,8,0,0,278016,8,33604417
284,114984921036,4186907,114989107943,8,0,0,266240,8,1741053556
285,114985022898,1683762,114986706660,8,0,1,114176,8,9661318661
286,114985043341,4219256,114989262597,9,0,0,318464,9,8293563710
287,114985111957,4119473,114989231430,1,0,1,141312,1,10659336554
288,114985145165,1228489,114986373654,9,0,1,2048,9,1667865290
289,114985146133,3797480,114988943613,8,0,0,9216,8,2943372699
290,114985207665,4450239,114989657904,7,0,1,1010176,7,5635757364
291,114985235093,3923200,114989158293,7,0,1,758784,7,637379394
292,114985239020,1116435,114986355455,6,0,1,29184,6,1761337216
293,114985300940,4160005,114989460945,2,0,1,23040,2,4368873698
294,114985305048,1678454,114986983502,3,0,1,57344,3,4311599780
295,114985464941,5865943,114991330884,0,0,1,990208,0,9281181333
296,114985614332,6125003,114991739335,2,0,1,95744,2,1614352586
297,114985652533,3438894,114989091427,4,0,1,16384,4,414065654
298,114985710633,5576302,114991286935,0,0,0,275968,0,796870617
299,114985749692,3059666,114988809358,0,0,1,60416,0,8507637845
300,114985768129,4810331,114990578460,1,0,1,2644992,1,6200834552
301,114985797763,4085938,114989883701,6,0,1,34816,6,2140026048
302,114985812562,5637023,114991449585,0,0,1,1014272,0,2317011559
303,114985943682,2566172,114988509854,9,0,1,10752,9,8029874279
304,114985976568,5482338,114991458906,0,0,0,138240,0,9748381759
305,114986055865,2988636,114989044501,4,0,1,126464,4,5712052392
306,114986120730,3567901,114989688631,6,0,1,99840,6,5049539746
307,114986127809,4714062,114990841871,7,0,0,334336,7,7013861884
308,114986191449,4898053,114991089502,0,0,1,3566592,0,978386224
309,114986206425,4828615,114991035040,6,0,1,2560,6,9835211706
310,114986222268,3309006,114989531274,0,0,1,193536,0,2700063144
311,114986227544,2664908,114988892452,6,0,1,23040,6,6249236295
312,114986270164,3851306,114990121470,7,0,1,1108480,7,443585850
313,114986544547,3230175,114989774722,7,0,0,611840,7,9688374873
314,114986611576,2490806,114989102382,5,0,0,18432,5,7850059590
315,114986712238,3943556,114990655794,0,0,1,12288,0,2936213080
316,114986720930,4093232,114990814162,9,0,1,58368,9,7101511830
317,114986770328,2162984,114988933312,9,0,0,304640,9,1468719889
318,114986821721,4675556,114991497277,5,0,0,24064,5,6072142744
319,114986848567,2223150,114989071717,4,0,1,76288,4,5707376128
320,114986851907,3341878,114990193785,3,0,1,61440,3,9781961876
321,114986861727,3574543,114990436270,5,0,0,12288,5,6494010706
322,114986874711,4032888,114990907599,0,0,0,1497600,0,3210515371
323,114986931434,1950364,114988881798,4,0,1,48640,4,1521829243
324,114987004827,4191193,114991196020,9,0,0,129024,9,10013272676
325,114987400801,1980221,114989381022,8,0,0,2560,8,6646855582
326,114987471321,2168110,114989639431,7,0,1,1237504,7,4479771685
327,114987719416,3953174,114991672590,0,0,1,338432,0,5116370281
328,114987749387,13395791,115001145178,7,0,0,463360,7,7450336545
329,114987763788,2767985,114990531773,8,0,0,6656,8,738647122
330,114987802055,3728905,114991530960,8,0,0,4608,8,2530914283
331,114988284846,3248906,114991533752,2,0,1,82944,2,10292713053
332,114988366363,3506841,114991873204,2,0,1,39424,2,2202512481
333,114988404101,3221086,114991625187,5,0,0,24576,5,977932446
334,114988443546,768984,114989212530,0,0,1,539648,0,7018035366
335,114988467688,3477821,114991945509,4,0,1,78336,4,10185649072
336,114988553491,3026555,114991580046,8,0,0,9216,8,1565942128
337,114988565637,3305920,114991871557,6,0,1,21504,6,4991113359
338,114988701248,3447688,114992148936,9,0,0,104960,9,7167627695
339,114988762870,3289609,114992052479,5,0,0,7168,5,1032400592
340,114988847917,3257916,114992105833,0,0,1,905216,0,9416395268
341,114988884440,3096564,114991981004,0,0,0,316928,0,9094979092
342,114988962704,3269073,114992231777,3,0,1,20992,3,7405909520
343,114989144575,608048,114989752623,5,0,1,48640,5,7481011304
344,114989232162,2013039,114991245201,8,0,1,13312,8,2155656771
345,114989235587,2113234,114991348821,5,0,1,14848,5,776328776
346,114989279420,2205764,114991485184,2,0,1,17920,2,4213629771
347,114989355569,2320322,114991675891,2,0,1,13312,2,4361778502
348,114989366930,3370567,114992737497,4,0,1,5632,4,1208975479
349,114989425264,1607995,114991033259,3,0,1,104960,3,2060288395
350,114989488535,1955232,114991443767,9,0,0,292352,9,430306034
351,114989648369,15967916,115005616285,5,0,1,2560,5,5915499930
352,114989702754,959666,114990662420,0,0,1,627200,0,3169619314
353,114989706519,2882205,114992588724,7,0,1,24576,7,9312852584
354,114989886451,2989531,114992875982,3,0,1,1536,3,4577465326
355,114989966858,2865588,114992832446,2,0,1,27136,2,1353561488
356,114989972530,3857369,114993829899,6,0,1,24576,6,6768740145
357,114989983887,1199428,114991183315,8,0,1,23552,8,8254567938
358,114990010424,1142795,114991153219,3,0,1,26624,3,1195104809
359,114990102146,4022082,114994124228,0,0,0,290304,0,768837882
360,114990105923,16362106,115006468029,7,0,1,444416,7,10439287246
361,114990143703,16178063,115006321766,9,0,0,1100800,9,2354911797
362,114990203153,15896539,115006099692,2,0,1,57856,2,981355258
363,114990282640,15482925,115005765565,8,0,1,93696,8,5751745301
364,114990537892,982861,114991520753,6,0,1,24064,6,1208880296
365,114990579498,3884702,114994464200,1,0,1,169472,1,5112129368
366,114990623454,1448177,114992071631,8,0,0,5120,8,10277552385
367,114990726699,3342869,114994069568,6,0,1,11264,6,460534790
368,114990785754,15551381,115006337135,5,0,1,75776,5,6597374087
369,114990876496,15510022,115006386518,1,0,1,36864,1,3070945034
370,114990941338,2269458,114993210796,0,0,0,92672,0,599220622
371,114990984583,3323772,114994308355,0,0,1,648704,0,6100151002
372,114991084662,15530865,115006615527,5,0,1,32256,5,357885644
373,114991214985,3039377,114994254362,5,0,1,206336,5,3858874390
374,114991300182,2762909,114994063091,4,0,1,53760,4,10173858446
375,114991304234,15757757,115007061991,6,0,1,12800,6,920411908
376,114991350430,1244577,114992595007,0,0,0,228352,0,200597560
377,114991502844,2223688,114993726532,9,0,0,662528,9,1033397884
378,114991563156,955053,114992518209,0,0,1,417792,0,3738330851
379,114991743643,2126295,114993869938,3,0,1,33280,3,3160501516
380,114991752472,847370,114992599842,7,0,1,70656,7,4932735582
381,114991754620,796854,114992551474,8,0,0,45568,8,3091233078
382,114991881998,1539948,114993421946,0,0,1,1359360,0,3025732636
383,114991921381,623837,114992545218,4,0,1,25088,4,5020815073
384,114992099080,15669218,115007768298,6,0,1,193536,6,1138714257
385,114992139840,15458416,115007598256,2,0,1,29696,2,274961817
386,114992154834,15201577,115007356411,8,0,0,2560,8,4917126735
387,114992296611,14601043,115006897654,7,0,0,259584,7,6912009608
388,114992319947,1255712,114993575659,5,0,1,61440,5,9671150431
389,114992327301,976925,114993304226,0,0,1,136192,0,9210783462
390,114992380754,2148330,114994529084,5,0,0,2048,5,8647641700
391,114992408606,1727010,114994135616,7,0,0,245248,7,4628143989
392,114992628628,16241820,115008870448,5,0,0,7680,5,3376750100
393,114992829239,16333990,115009163229,5,0,0,2048,5,2698616752
394,114993327665,2758847,114996086512,1,0,1,1541120,1,4566625523
395,114993448815,2731426,114996180241,2,0,1,91136,2,6921864045
396,114993580642,2336683,114995917325,0,0,1,319488,0,7776743522
397,114993628914,2248012,114995876926,7,0,1,1854464,7,7803209111
398,114993631659,2764276,114996395935,5,0,1,22016,5,3773024742
399,114993662823,16504612,115010167435,7,0,0,161280,7,364226936
400,114993731396,2206766,114995938162,6,0,1,10752,6,5606396680
401,114993785751,1749693,114995535444,6,0,1,37376,6,6682323791
402,114993821663,1043505,114994865168,2,0,1,46080,2,552488160
403,114993836407,16422351,115010258758,5,0,0,8192,5,6931319530
404,114993875500,2106656,114995982156,7,0,1,472064,7,3967823425
405,114993885916,793317,114994679233,7,0,1,61952,7,600549902
406,114993965917,16384335,115010350252,4,0,1,41984,4,1459894729
407,114993981929,16281554,115010263483,5,0,0,5632,5,9666889199
408,114994055652,15717081,115009772733,6,0,1,105984,6,1503886988
409,114994579915,15451173,115010031088,0,0,1,498688,0,711693366
410,114994625148,15343037,115009968185,4,0,1,45568,4,6568930916
411,114994755542,15171136,115009926678,6,0,1,34304,6,7077820095
412,114995007739,665654,114995673393,2,0,1,3072,2,1397770799
413,114995034857,15132897,115010167754,8,0,0,512,8,6118340701
414,114995040153,665610,114995705763,0,0,1,428544,0,2096352769
415,114995092284,15142056,115010234340,4,0,1,6656,4,4402138278
416,114995237965,15100700,115010338665,9,0,0,145408,9,7578774497
417,114995369722,15061565,115010431287,8,0,0,3584,8,6403455799
418,114995457672,620836,114996078508,1,0,1,462848,1,6111903017
419,114995665527,680588,114996346115,6,0,1,39936,6,9432230364
420,114995738363,671295,114996409658,5,0,0,6144,5,4812055660
421,114995753010,331556,114996084566,8,0,1,6144,8,1789284472
422,114995969867,15778249,115011748116,8,0,0,2560,8,6215875318
423,114995998657,581059,114996579716,5,0,0,11264,5,541416778
424,114996031770,15755705,115011787475,5,0,1,101376,5,1493622654
425,114996165999,15359742,115011525741,8,0,0,2560,8,5555038119
426,114996184121,456850,114996640971,6,0,1,166400,6,602164973
427,114996295602,15200088,115011495690,6,0,1,28672,6,1588704525
428,114996322652,15189873,115011512525,5,0,1,34816,5,1037348588
429,114996362542,15154512,115011517054,6,0,1,33792,6,192409308
430,114996405371,14562361,115010967732,7,0,0,115712,7,9647925723
431,114996449448,14418783,115010868231,0,0,0,394752,0,4620859605
432,114996633490,14305148,115010938638,6,0,1,44544,6,979294939
433,114996736156,14248032,115010984188,5,0,0,12800,5,4468784506
434,114996748435,14246742,115010995177,8,0,0,13312,8,5329342187
435,114996810618,231015,114997041633,9,0,0,755200,9,6638920882
436,114996973360,13785826,115010759186,5,0,0,4096,5,6166612466
437,114996979966,387657,114997367623,7,0,1,12800,7,778726237
438,114996984637,250025,114997234662,1,0,1,478208,1,687727653
439,114997101508,13277776,115010379284,7,0,0,155648,7,2494386254
440,114997245653,442313,114997687966,5,0,0,13312,5,9639338402
441,114997304636,13687988,115010992624,7,0,1,13824,7,5257829921
442,114997469921,13211463,115010681384,7,0,1,22528,7,2589544505
443,114997511224,525082,114998036306,8,0,0,2560,8,6245589317
444,114997531524,12940962,115010472486,7,0,1,36352,7,5439461506
445,114997721328,12620297,115010341625,5,0,0,12288,5,9824877523
446,114997758779,12726782,115010485561,5,0,0,9728,5,6648361501
447,114997859411,12491443,115010350854,7,0,0,640000,7,9217166186
448,114997987103,12092855,115010079958,7,0,0,38912,7,3457807100
449,114998005924,12057438,115010063362,5,0,1,130560,5,1051628451
450,114998061964,11974601,115010036565,9,0,0,1179648,9,4552858763
451,114998176026,884554,114999060580,1,0,1,1630720,1,2161460155
452,114998358053,12364415,115010722468,7,0,1,35840,7,3374375615
453,114998445241,12144404,115010589645,1,0,1,1611776,1,8505137899
454,114998472845,11943804,115010416649,5,0,1,512,5,2045359353
455,114998559368,11110231,115009669599,0,0,1,257024,0,3516285829
456,114998677866,10936658,115009614524,1,0,1,35328,1,4797070849
457,114998847148,10791147,115009638295,7,0,1,119296,7,10073937268
458,114998863194,9738230,115008601424,5,0,0,3584,5,6443262848
459,114998884291,9554975,115008439266,0,0,1,54784,0,9783511654
460,114998997309,9425484,115008422793,1,0,1,79872,1,731663479
461,114999120808,9060709,115008181517,7,0,1,12800,7,7797485171
462,114999131471,961123,115000092594,9,0,0,317952,9,9560267295
463,114999166718,8869735,115008036453,8,0,0,4608,8,8389151669
464,114999262129,8840956,115008103085,9,0,0,868352,9,4965631447
465,114999317394,8673625,115007991019,0,0,1,264704,0,256743061
466,114999475375,8456004,115007931379,5,0,0,8192,5,6473393396
467,114999585068,8575674,115008160742,5,0,1,23552,5,7213097854
468,114999705197,8294983,115008000180,0,0,0,335360,0,2357148874
469,114999822234,8286082,115008108316,9,0,0,128000,9,8186634162
470,114999994397,797142,115000791539,7,0,0,393216,7,784904950
471,115000139659,8542550,115008682209,0,0,0,382464,0,10158389147
472,115000139921,8392052,115008531973,9,0,0,375808,9,7576554257
473,115000299863,1070973,115001370836,9,0,1,28160,9,4115242242
474,115000634348,8414107,115009048455,9,0,1,11776,9,2949481464
475,115000718698,8269973,115008988671,8,0,0,1024,8,679614056
476,115000719735,8004413,115008724148,5,0,0,1024,5,8523700392
477,115000879422,238668,115001118090,5,0,0,4608,5,6579597776
478,115000930811,7794799,115008725610,7,0,0,189952,7,5271296763
479,115000940277,7757359,115008697636,0,0,0,183296,0,9776029696
480,115000977283,349211,115001326494,8,0,0,2560,8,5301066323
481,115001078808,7951749,115009030557,7,0,1,81408,7,3139227007
482,115001115354,7837640,115008952994,1,0,1,33280,1,4787315951
483,115001322020,8245854,115009567874,7,0,0,37888,7,5738680978
484,115001360229,7446890,115008807119,6,0,1,108032,6,3568364212
485,115001371454,496169,115001867623,0,0,0,184320,0,1953416333
486,115001387054,7297256,115008684310,6,0,1,128512,6,7034896958
487,115001604968,7264915,115008869883,6,0,1,51712,6,10363721906
488,115001958738,559955,115002518693,1,0,1,17920,1,2759289247
489,115002039771,375451,115002415222,5,0,0,15872,5,3811574625
490,115002179462,582901,115002762363,0,0,1,277504,0,4398925266
491,115002307292,7634377,115009941669,1,0,1,11776,1,7632366712
492,115002634959,7428628,115010063587,9,0,0,17920,9,3954624461
493,115002674325,373862,115003048187,9,0,0,583168,9,10371134472
494,115002808992,409924,115003218916,7,0,0,4608,7,2069910793
495,115002909937,582149,115003492086,9,0,1,38912,9,5051477813
496,115002988063,573971,115003562034,0,0,0,360960,0,2774666200
497,115003039308,478639,115003517947,9,0,1,2560,9,3120480451
498,115003079145,7558278,115010637423,9,0,1,36352,9,8123700447
499,115003096410,7517099,115010613509,7,0,1,21504,7,1110232594
500,115003242345,438016,115003680361,8,0,0,1024,8,7106229476
501,115003286215,448167,115003734382,9,0,0,828416,9,8888609382
502,115003357207,7527364,115010884571,1,0,1,45056,1,5656124267
503,115003545625,7535741,115011081366,8,0,0,34304,8,7595250624
504,115003731802,474826,115004206628,9,0,0,1137152,9,7046390523
505,115003838413,7735129,115011573542,7,0,0,25600,7,6415754018
506,115003878468,7157018,115011035486,7,0,1,130560,7,1815183443
507,115003888456,7156647,115011045103,0,0,1,440832,0,7004053842
508,115004094023,6999866,115011093889,8,0,0,1536,8,6506326246
509,115004176932,7019382,115011196314,0,0,0,195072,0,8681602624
510,115004181618,7081577,115011263195,9,0,0,483328,9,5139718957
511,115004224064,7046197,115011270261,7,0,0,10752,7,4353609547
512,115004240075,6709358,115010949433,0,0,0,2087936,0,9865925503
513,115004263826,6734338,115010998164,0,0,0,41984,0,9729736718
514,115004444631,6079384,115010524015,4,0,1,227328,4,7509523943
515,115004556015,5485359,115010041374,5,0,1,18944,5,6092614913
516,115004726998,765717,115005492715,0,0,0,171520,0,3584868209
517,115004870141,520438,115005390579,9,0,0,51712,9,4725595349
518,115005008527,1218520,115006227047,7,0,0,2048,7,1518795030
519,115005120065,6313108,115011433173,8,0,0,8192,8,4255088320
520,115005123217,6193342,115011316559,0,0,0,174080,0,2391364604
521,115005131563,695194,115005826757,8,0,0,14848,8,7465818786
522,115005277448,6189654,115011467102,9,0,1,1536,9,8428999908
523,115005401917,5936038,115011337955,9,0,1,7168,9,9027877674
524,115005410538,6250276,115011660814,0,0,0,835072,0,1259295239
525,115005919773,6015120,115011934893,4,0,1,81408,4,6448792575
526,115006110239,2134333,115008244572,0,0,1,228352,0,2568721839
527,115006194099,2250829,115008444928,7,0,0,12288,7,4818676273
528,115006270676,486470,115006757146,1,0,1,23040,1,6202693784
529,115006471095,1792254,115008263349,4,0,1,80384,4,7867876202
530,115006566706,6398665,115012965371,6,0,1,46080,6,4891303798
531,115006636359,6292065,115012928424,4,0,1,201728,4,3174639240
532,115006642587,6036474,115012679061,1,0,1,9216,1,2546150682
533,115006677405,586648,115007264053,5,0,1,227328,5,6510359996
534,115006744338,5972791,115012717129,0,0,1,41472,0,1880131505
535,115006931665,6155035,115013086700,5,0,1,7680,5,4581840748
536,115006932800,6113614,115013046414,5,0,1,100864,5,6730301913
537,115007133215,336866,115007470081,0,0,0,921088,0,10653304156
538,115007334760,336969,115007671729,7,0,1,116736,7,4227610985
539,115007728091,474873,115008202964,9,0,0,577536,9,6295436134
540,115007734662,668960,115008403622,6,0,1,88064,6,6073980877
541,115007817829,675439,115008493268,1,0,1,78336,1,5159557303
542,115007904013,521007,115008425020,7,0,1,1536,7,5677179074
543,115007910438,809931,115008720369,0,0,1,1380864,0,9266580713
544,115008212484,582143,115008794627,1,0,1,47616,1,1030924223
545,115008338202,7228811,115015567013,5,0,1,159744,5,9961237054
546,115008345430,7221242,115015566672,7,0,1,21504,7,6943619498
547,115008852438,6823135,115015675573,7,0,0,7168,7,7163788646
548,115009125377,6692563,115015817940,8,0,0,8704,8,4588107866
549,115009169178,6555483,115015724661,8,0,0,2048,8,6685125692
550,115009559731,6449091,115016008822,8,0,0,2048,8,4073873452
551,115009563056,6510002,115016073058,9,0,1,62976,9,7052604689
552,115009595303,6505668,115016100971,0,0,1,43008,0,6801502994
553,115009672261,6566708,115016238969,9,0,0,15360,9,3444964158
554,115010057247,5790879,115015848126,7,0,1,8192,7,139095231
555,115010114308,512570,115010626878,9,0,1,104960,9,4777674875
556,115010242903,756305,115010999208,8,0,0,34304,8,467775354
557,115010375130,5367910,115015743040,7,0,1,46080,7,7316690146
558,115010398322,5000330,115015398652,0,0,0,275456,0,5881054072
559,115010526406,3880489,115014406895,9,0,1,163840,9,7972541619
560,115010595272,3624655,115014219927,0,0,1,342528,0,7764747702
561,115010599256,3582160,115014181416,7,0,1,34304,7,2407742477
562,115010623896,3192913,115013816809,0,0,0,18944,0,9415074157
563,115010669505,3104101,115013773606,0,0,0,1536,0,4011872588
564,115010680052,2558106,115013238158,7,0,0,9728,7,8190988257
565,115010750003,433955,115011183958,0,0,0,81408,0,2295982200
566,115010765399,2526749,115013292148,9,0,1,38400,9,8157438983
567,115010809541,2303486,115013113027,9,0,1,23040,9,63956925
568,115011392656,2258863,115013651519,8,0,0,4096,8,3235956739
569,115011493326,2248675,115013742001,9,0,0,43008,9,5848860180
570,115011676588,2223930,115013900518,0,0,1,380928,0,279741218
571,115011735874,1583863,115013319737,1,0,1,1024,1,6274354066
572,115011876512,1522472,115013398984,9,0,0,226304,9,454203822
573,115012005943,1242857,115013248800,8,0,0,1024,8,4026604076
574,115012119749,1114092,115013233841,7,0,0,14336,7,6962664049
575,115012491105,1001566,115013492671,3,0,1,187904,3,9175415117
576,115012827696,142761,115012970457,0,0,1,279552,0,9757422996
577,115012978810,168601,115013147411,7,0,0,9216,7,9702205505
578,115012982517,518099,115013500616,8,0,0,11264,8,10381967061
579,115013005345,387280,115013392625,0,0,1,30720,0,6577299791
580,115013166773,323775,115013490548,0,0,0,528896,0,3286072629
581,115013196535,61120,115013257655,6,0,1,16384,6,5665847451
582,115013297651,446405,115013744056,0,0,1,103936,0,7586425746
583,115013521231,474937,115013996168,0,0,1,28160,0,2124080405
584,115013533515,259948,115013793463,0,0,0,98816,0,10024434380
585,115013579447,64221,115013643668,7,0,1,17408,7,5767488673
586,115013608339,319384,115013927723,2,0,1,38400,2,4048053277
587,115013811942,380170,115014192112,9,0,0,104960,9,9366291779
588,115013866205,373741,115014239946,6,0,1,5120,6,2690768949
589,115014088651,234570,115014323221,6,0,1,24064,6,1912023542
590,115014421200,178289,115014599489,7,0,1,76288,7,7649956825
591,115014482048,237033,115014719081,9,0,0,388096,9,5685261259
592,115014567267,97491,115014664758,7,0,1,30208,7,3262054087
593,115014627594,286748,115014914342,8,0,0,20480,8,2638575821
594,115014655178,3900,115014659078,0,0,1,221696,0,10277739853
595,115014708129,352614,115015060743,9,0,1,9728,9,1910485224
596,115014868724,158221,115015026945,8,0,0,10752,8,1006755491
597,115014868981,322048,115015191029,6,0,1,62464,6,7181746210
598,115015424880,96088,115015520968,0,0,1,25600,0,8532703006
599,115015624468,115540,115015740008,1,0,1,79360,1,7892466206
600,115015711135,110353,115015821488,8,0,1,47104,8,9158459934
601,115015942132,199480,115016141612,0,0,1,193536,0,2250261867
602,115015971701,171482,115016143183,7,0,1,5120,7,9811695143
603,115016053190,338963,115016392153,9,0,0,829440,9,1160873296
604,115016212585,513071,115016725656,8,0,0,30208,8,2238451390
605,115016227287,356807,115016584094,5,0,1,18432,5,10171687597
606,115016228865,413361,115016642226,7,0,1,81920,7,6546846232
607,115016306431,463507,115016769938,0,0,0,640512,0,6097137433
608,115016312157,460367,115016772524,8,0,0,4096,8,1593578889
609,115016758190,15614,115016773804,7,0,0,14336,7,9786272110
610,115016770266,220992,115016991258,1,0,1,38400,1,8859028709
611,115016867138,229978,115017097116,1,0,1,57856,1,3239916483
612,115016945454,152675,115017098129,1,0,1,20480,1,1984665010
613,115016981819,128449,115017110268,6,0,1,26624,6,7644766956
614,115017033511,58581,115017092092,0,0,1,30720,0,1168191657
615,115017054268,180816,115017235084,9,0,1,6144,9,9627965381
616,115017130269,9243,115017139512,0,0,1,4608,0,9380182357
617,115017208970,301877,115017510847,7,0,0,4096,7,1108054320
618,115017326790,101032,115017427822,5,0,1,31744,5,416139439
619,115017703531,106336,115017809867,9,0,1,49152,9,2034770674
620,115017947070,33241,115017980311,0,0,0,57856,0,5033615240
621,115018028256,96220,115018124476,0,0,1,20992,0,3510883829
622,115018032770,107005,115018139775,7,0,1,50176,7,3489491088
623,115018099263,288175,115018387438,9,0,0,471040,9,6996068056
624,115018153060,10237,115018163297,8,0,1,185856,8,3648003563
625,115018182612,6291,115018188903,6,0,1,10240,6,1164320484
626,115018420918,264675,115018685593,7,0,0,16384,7,3693421140
627,115018425210,4846,115018430056,8,0,0,512,8,3195121567
628,115018460585,499617,115018960202,8,0,0,5120,8,281124372
629,115018568239,294147,115018862386,9,0,0,799232,9,9008751359
630,115018594022,291425,115018885447,9,0,1,17408,9,1215211269
631,115018671799,217807,115018889606,7,0,1,76288,7,2428013671
632,115018679301,490933,115019170234,4,0,1,11264,4,998951989
633,115018711429,499432,115019210861,9,0,1,48128,9,3134811589
634,115018739401,396700,115019136101,1,0,1,22528,1,8500259969
635,115018818334,497602,115019315936,7,0,1,17408,7,5300171550
636,115018891150,338670,115019229820,5,0,1,46080,5,895553463
637,115018912066,304895,115019216961,9,0,1,87040,9,65571720
638,115018960568,479730,115019440298,0,0,1,57344,0,8130417612
639,115019054824,541155,115019595979,0,0,0,493568,0,10157153358
640,115019087047,414687,115019501734,0,0,0,429056,0,2210019271
641,115019211762,250979,115019462741,4,0,1,51712,4,6721669370
642,115019405864,500340,115019906204,1,0,1,23552,1,5355882852
643,115019412398,405533,115019817931,2,0,1,78848,2,1490498916
644,115019423571,420891,115019844462,0,0,1,87040,0,5633327482
645,115019429675,507654,115019937329,4,0,0,821760,4,6599515751
646,115019845692,332477,115020178169,4,0,1,40448,4,1867679074
647,115020192324,230011,115020422335,0,0,0,507904,0,2565890753
648,115020289478,327176,115020616654,8,0,1,55296,8,9120912778
649,115020345092,245712,115020590804,9,0,0,454656,9,7171739496
650,115020346173,300681,115020646854,2,0,1,131584,2,939739807
651,115020404109,238712,115020642821,5,0,1,61440,5,10631156173
652,115020413372,470181,115020883553,8,0,0,22016,8,7741228727
653,115020520375,341774,115020862149,9,0,0,805888,9,4622573718
654,115020563650,497787,115021061437,0,0,0,365056,0,1090436175
655,115020610738,568411,115021179149,7,0,0,21504,7,10660467780
656,115020614461,527532,115021141993,4,0,1,9216,4,7832325080
657,115020656988,595925,115021252913,9,0,1,155136,9,8587396750
658,115020772817,122032,115020894849,4,0,1,54272,4,5669820265
659,115020821105,438551,115021259656,4,0,1,14336,4,5796852743
660,115020996139,531423,115021527562,5,0,1,67584,5,5832596093
661,115021130892,488663,115021619555,9,0,0,145920,9,5450578088
662,115021416318,719503,115022135821,0,0,0,1164288,0,1520385283
663,115021852426,286301,115022138727,8,0,0,4608,8,8650498581
664,115021919753,327928,115022247681,2,0,1,169472,2,1122121828
665,115021921894,376911,115022298805,5,0,1,41984,5,10514299195
666,115022015164,560318,115022575482,8,0,1,41984,8,6696591687
667,115022235032,248638,115022483670,9,0,1,11776,9,5228437563
668,115022257337,337508,115022594845,9,0,0,550400,9,9322000898
669,115022351032,645042,115022996074,9,0,0,925184,9,4299645274
670,115022822864,377647,115023200511,2,0,1,55808,2,2821471134
671,115022862033,432925,115023294958,4,0,1,131584,4,3320627679
672,115023255024,153126,115023408150,1,0,1,71680,1,8923324588
673,115023317936,562,115023318498,9,0,1,78848,9,1023400689
674,115023429820,163396,115023593216,4,0,1,145920,4,10515332928
675,115023440898,2942,115023443840,7,0,0,512,7,1635446924
676,115023457820,204728,115023662548,2,0,1,16384,2,7201606905
677,115023564050,181731,115023745781,7,0,0,3072,7,3999116488
678,115023565157,98923,115023664080,1,0,1,8704,1,2915721451
679,115023763921,45592,115023809513,4,0,1,1024,4,931782421
680,115023956814,341279,115024298093,0,0,0,972288,0,10447753676
681,115024101501,482336,115024583837,1,0,1,64000,1,8822741842
682,115024171428,627034,115024798462,0,0,0,28672,0,1384004120
683,115024223047,412431,115024635478,0,0,1,135168,0,8851412127
684,115024522967,127992,115024650959,2,0,1,65024,2,8767003865
685,115024573027,141788,115024714815,0,0,1,1024,0,9178861075
686,115024620442,156754,115024777196,9,0,1,1536,9,9009439369
687,115024653828,271500,115024925328,4,0,1,2048,4,10096028850
688,115024658904,165420,115024824324,1,0,1,25600,1,2955816878
689,115024787612,160034,115024947646,1,0,1,20992,1,3767623896
690,115024813550,470440,115025283990,8,0,1,58368,8,10606118935
691,115024964050,30362,115024994412,2,0,1,18432,2,10530104525
692,115024968384,110965,115025079349,8,0,0,5632,8,5518211764
693,115025031233,145388,115025176621,2,0,1,41984,2,3444329812
694,115025076887,193003,115025269890,9,0,0,312320,9,95716092
695,115025133893,3124,115025137017,2,0,1,14336,2,10054917479
696,115025181690,143599,115025325289,8,0,1,4096,8,8053784659
697,115025221161,169537,115025390698,9,0,1,1536,9,4801420022
698,115025298939,93562,115025392501,7,0,0,9216,7,1192492988
699,115025326674,345620,115025672294,9,0,0,152064,9,425005782
700,115025545437,65296,115025610733,1,0,1,10240,1,7670995760
701,115025644613,275983,115025920596,0,0,0,450560,0,5421694026
702,115025648449,275053,115025923502,8,0,0,4608,8,4382840729
703,115025719396,204452,115025923848,8,0,0,512,8,10302240400
704,115025779789,97673,115025877462,6,0,1,39424,6,8333939669
705,115025880008,354023,115026234031,0,0,1,42496,0,7326914396
706,115026013140,266763,115026279903,1,0,1,19456,1,2337894976
707,115026070257,134935,115026205192,4,0,1,35840,4,6060058401
708,115026220620,162112,115026382732,9,0,0,262144,9,1775404226
709,115026395946,113054,115026509000,8,0,1,23040,8,2995744011
710,115026402783,412001,115026814784,9,0,0,1309696,9,5251093683
711,115026417014,548894,115026965908,0,0,0,325120,0,1559074459
712,115026554043,806100,115027360143,9,0,1,66048,9,8543454687
713,115026630067,482849,115027112916,6,0,1,6144,6,719424067
714,115026670801,660133,115027330934,2,0,1,32768,2,6831633180
715,115026671874,490318,115027162192,0,0,0,211456,0,7340742259
716,115026763421,890574,115027653995,5,0,1,87040,5,6387837726
717,115026775827,698693,115027474520,7,0,0,3584,7,4510982081
718,115026778248,597006,115027375254,5,0,0,2048,5,6101485355
719,115026808023,595891,115027403914,0,0,1,13824,0,5002000403
720,115026989490,386275,115027375765,8,0,0,2560,8,5292967439
721,115027693136,146678,115027839814,5,0,1,16896,5,1664364534
722,115027782043,62929,115027844972,0,0,1,93184,0,1249900850
723,115027808455,192487,115028000942,0,0,0,102400,0,8846484862
724,115027866002,413396,115028279398,0,0,0,311296,0,9245433713
725,115027983387,258386,115028241773,0,0,1,52736,0,6693546388
726,115028001492,311757,115028313249,2,0,1,85504,2,9459140990
727,115028070073,387863,115028457936,9,0,0,977920,9,6634953741
728,115028223617,262835,115028486452,4,0,1,1536,4,3617575165
729,115028250466,601533,115028851999,2,0,1,123392,2,3423530827
730,115028377022,325804,115028702826,4,0,1,10240,4,5159160400
731,115028378981,367674,115028746655,4,0,1,69120,4,3580916996
732,115028388759,611230,115028999989,0,0,1,30208,0,6595592863
733,115028478779,3418,115028482197,1,0,1,148480,1,1712541519
734,115028586748,347759,115028934507,1,0,1,15360,1,6065953539
735,115028618551,509536,115029128087,5,0,1,19456,5,388002695
736,115028694924,375711,115029070635,6,0,1,48128,6,4872498031
737,115028710615,311058,115029021673,6,0,1,70144,6,4077686219
738,115028752946,275290,115029028236,8,0,1,21504,8,2369326417
739,115028885026,347987,115029233013,8,0,0,3584,8,10472288797
740,115028949362,174830,115029124192,6,0,1,19456,6,2054204413
741,115029054594,142637,115029197231,9,0,0,230912,9,750997290
742,115029261150,6225,115029267375,4,0,1,4096,4,6341898030
743,115029297409,171410,115029468819,7,0,0,15360,7,9765636449
744,115029385894,7226,115029393120,1,0,1,153088,1,8540474477
745,115029480227,2942,115029483169,0,0,1,40960,0,21353758
746,115029487755,226835,115029714590,2,0,1,30208,2,5039394797
747,115029498409,134189,115029632598,8,0,0,7680,8,7489405609
748,115029513161,154208,115029667369,8,0,0,3072,8,8736448575
749,115029545797,136300,115029682097,0,0,0,225280,0,7124684505
750,115029556960,132816,115029689776,5,0,1,30720,5,5125909640
751,115029600159,5322,115029605481,2,0,1,6144,2,7812100543
752,115029628328,224975,115029853303,6,0,1,27136,6,9924113683
753,115029743327,149437,115029892764,2,0,1,51200,2,3723326657
754,115029749885,291238,115030041123,8,0,0,5632,8,3004813370
755,115029854434,11529,115029865963,8,0,1,35840,8,9536296664
756,115029919798,137246,115030057044,8,0,0,18944,8,6064490491
757,115029920064,74435,115029994499,4,0,1,9216,4,950722386
758,115029931242,74356,115030005598,9,0,1,9728,9,390966923
759,115030089186,77452,115030166638,5,0,1,14848,5,9491734440
760,115030237166,60064,115030297230,5,0,1,8192,5,5274930360
761,115030308913,62512,115030371425,0,0,1,6144,0,5071351250
762,115030465536,193240,115030658776,5,0,1,173056,5,9489137039
763,115030937492,13337,115030950829,8,0,0,22528,8,7713710280
764,115030963882,202179,115031166061,2,0,1,37888,2,5517539211
765,115031196528,4846,115031201374,1,0,1,19456,1,6780027348
766,115031251417,92680,115031344097,8,0,0,5120,8,9404460798
767,115031326064,104776,115031430840,1,0,1,44032,1,4340145744
768,115031411402,134302,115031545704,4,0,1,121344,4,9778351964
769,115031512424,132588,115031645012,8,0,1,26112,8,9888062601
770,115031535422,124265,115031659687,6,0,1,48128,6,2166725074
771,115031565100,113980,115031679080,2,0,1,52224,2,6332541237
772,115031653289,25802,115031679091,8,0,0,7168,8,3295879747
773,115031716118,53491,115031769609,7,0,1,109568,7,483364108
774,115031730459,192362,115031922821,9,0,0,90624,9,9637745044
775,115031782573,176554,115031959127,5,0,1,16384,5,2426070594
776,115031849570,123420,115031972990,9,0,0,200192,9,10481552776
777,115031861831,12562,115031874393,1,0,1,138240,1,5364700764
778,115031980188,142981,115032123169,2,0,1,9216,2,3269936407
779,115032016771,203253,115032220024,9,0,1,5120,9,6823170283
780,115032020811,402710,115032423521,7,0,0,20992,7,548202049
781,115032047512,271614,115032319126,7,0,1,102400,7,3985871454
782,115032064379,12304,115032076683,0,0,1,59904,0,5264047079
783,115032212602,183598,115032396200,8,0,1,70144,8,1833735099
784,115032362513,352912,115032715425,7,0,0,20480,7,7493247931
785,115032458576,97912,115032556488,8,0,1,21504,8,3951689629
786,115032576489,94337,115032670826,0,0,0,153600,0,796691892
787,115032589489,2466,115032591955,2,0,1,36352,2,4471184424
788,115032705322,5708,115032711030,7,0,0,2560,7,5680590897
789,115032758023,285757,115033043780,7,0,0,14336,7,6061950246
790,115032828576,137978,115032966554,3,0,1,36352,3,623559503
791,115032895486,2466,115032897952,3,0,1,22528,3,3334182271
792,115032909955,124501,115033034456,3,0,1,31232,3,4139970139
793,115032992431,12827,115033005258,8,0,0,2560,8,2019468497
794,115033014781,182740,115033197521,3,0,1,61952,3,4564700623
795,115033028847,76048,115033104895,8,0,0,7680,8,4378142449
796,115033089571,177696,115033267267,3,0,1,10240,3,4763379710
797,115033212340,117450,115033329790,6,0,1,39424,6,10440763842
798,115033294495,109125,115033403620,2,0,1,53760,2,413359776
799,115033481022,127552,115033608574,7,0,1,118784,7,4645756012
800,115033582049,27079,115033609128,8,0,0,512,8,257060452
801,115033651323,104932,115033756255,6,0,1,44544,6,6485215706
802,115033764457,106804,115033871261,5,0,1,50688,5,3825267543
803,115033909500,237033,115034146533,9,0,0,388096,9,2978486881
804,115033929754,305471,115034235225,2,0,1,81408,2,4721156371
805,115033957935,411786,115034369721,3,0,1,98304,3,9112891199
806,115033972917,72747,115034045664,2,0,1,65536,2,2884312632
807,115034047369,446998,115034494367,4,0,1,192512,4,2188920361
808,115034281037,216617,115034497654,0,0,1,10752,0,4499418839
809,115034294436,221819,115034516255,4,0,1,5120,4,8643506754
810,115034322276,612336,115034934612,0,0,0,90624,0,1524073397
811,115034345053,245977,115034591030,0,0,1,68096,0,2486105722
812,115034359522,178508,115034538030,2,0,1,40448,2,2795861511
813,115034422205,253526,115034675731,8,0,1,31744,8,5292848296
814,115034432213,181626,115034613839,0,0,1,2560,0,1312577902
815,115035248225,114846,115035363071,0,0,0,186880,0,3562122660
816,115035361558,213770,115035575328,0,0,0,346112,0,9475947745
817,115035403095,193124,115035596219,0,0,0,75264,0,2906354497
818,115035428928,287225,115035716153,9,0,0,370176,9,1910040364
819,115035526701,148276,115035674977,0,0,1,104448,0,8653537475
820,115035610098,392913,115036003011,5,0,1,12288,5,3526410368
821,115035644735,326599,115035971334,1,0,1,62464,1,6926268541
822,115035822768,172384,115035995152,6,0,1,18432,6,5760363404
823,115035851433,123843,115035975276,1,0,1,512,1,3634492801
824,115035936720,8665,115035945385,2,0,1,44544,2,9766558640
825,115036053404,332621,115036386025,8,0,0,1536,8,6881561384
826,115036495924,73468,115036569392,0,0,1,16896,0,336795183
827,115036636887,5798,115036642685,5,0,1,22016,5,824512148
828,115036638569,96532,115036735101,8,0,0,6144,8,4587547850
829,115036721519,11911,115036733430,9,0,0,18944,9,4159942279
830,115036832161,6274,115036838435,8,0,1,5120,8,6107007907
831,115036880020,76131,115036956151,8,0,0,6656,8,10307946110
832,115036910287,4370,115036914657,0,0,1,22528,0,8850602611
833,115036997126,98224,115037095350,8,0,0,4608,8,6993620630
834,115037302735,5798,115037308533,5,0,1,11776,5,8247108913
835,115037311038,64228,115037375266,8,0,0,6144,8,3943723979
836,115037327642,3641,115037331283,2,0,1,53760,2,3648315759
837,115037385755,143421,115037529176,7,0,0,10240,7,879612675
838,115037467790,88127,115037555917,2,0,1,80896,2,10503175072
839,115037535524,213620,115037749144,3,0,1,7168,3,6741132762
840,115037763046,3894,115037766940,7,0,0,4096,7,10127351587
841,115037768265,266034,115038034299,5,0,1,216576,5,1023910321
842,115037833088,212922,115038046010,5,0,1,38400,5,7518872169
843,115037988761,167477,115038156238,8,0,1,61952,8,2891326150
844,115038261017,186268,115038447285,7,0,1,160256,7,4529215584
845,115038467472,119596,115038587068,3,0,1,92672,3,9099653599
846,115038676403,100720,115038777123,6,0,1,30720,6,5137485530
847,115038797849,289816,115039087665,0,0,1,328704,0,8734101440
848,115038986822,196828,115039183650,2,0,1,184832,2,280902543
849,115039245816,110704,115039356520,3,0,1,63488,3,2915550073
850,115039260396,192574,115039452970,0,0,1,152064,0,1098107452
851,115039408795,47280,115039456075,3,0,1,78848,3,9448904433
852,115039415961,2466,115039418427,7,0,0,16384,7,1189280291
853,115039434366,94250,115039528616,3,0,1,13824,3,6709009589
854,115039480223,5450,115039485673,8,0,0,2560,8,3119140699
855,115039552873,189188,115039742061,8,0,0,13824,8,8777608406
856,115039583701,133402,115039717103,6,0,1,91136,6,9839269805
857,115039605866,112808,115039718674,7,0,1,5120,7,2082329467
858,115039732012,61637,115039793649,0,0,0,99840,0,9964804933
859,115039738669,155980,115039894649,3,0,1,52224,3,9781338604
860,115039802052,150407,115039952459,3,0,1,89600,3,9318576186
861,115039868584,337249,115040205833,8,0,0,549888,8,5151832084
862,115040093322,237842,115040331164,3,0,1,18432,3,2846656155
863,115040380554,45433,115040425987,0,0,0,78336,0,6676593563
864,115040612777,21395,115040634172,8,0,0,34816,8,9895980571
865,115040744813,2866,115040747679,7,0,0,8704,7,5063800995
866,115040987531,388650,115041376181,0,0,0,633344,0,8753309928
867,115041122592,545105,115041667697,8,0,0,788480,8,2407446935
868,115041434398,319777,115041754175,3,0,1,70656,3,6965142094
869,115042012469,132512,115042144981,8,0,0,214528,8,10111023355
870,115042146945,148465,115042295410,6,0,1,9216,6,5546014235
871,115042263874,102592,115042366466,1,0,1,36864,1,1182168241
872,115042464481,126460,115042590941,5,0,1,115200,5,9301508742
873,115042635148,99628,115042734776,7,0,1,27136,7,2671427353
874,115042754627,88852,115042843479,2,0,1,22016,2,9040682690
875,115042805908,127847,115042933755,0,0,1,64000,0,4526421128
876,115042834834,146351,115042981185,6,0,1,16896,6,516511461
877,115043210525,43900,115043254425,5,0,1,512,5,8004732375
878,115043246232,96575,115043342807,8,0,0,161280,8,8034142073
879,115043333485,134754,115043468239,0,0,1,33280,0,1145972510
880,115043474002,101378,115043575380,0,0,1,5120,0,2532245932
881,115043662399,110236,115043772635,7,0,1,61952,7,9339667152
882,115043766174,107641,115043873815,1,0,1,32256,1,4514339477
883,115044083348,127208,115044210556,8,0,0,210944,8,2807708547
884,115044261182,140347,115044401529,7,0,1,142848,7,2789882894
885,115044385045,307899,115044692944,3,0,1,53760,3,6830082940
886,115044481471,87933,115044569404,5,0,1,1024,5,2350624692
887,115045035594,126928,115045162522,5,0,1,116736,5,7037687437
888,115045129054,37847,115045166901,7,0,0,4608,7,4457503208
889,115045147620,131707,115045279327,0,0,1,78848,0,9287677751
890,115045426298,155863,115045582161,8,0,0,253440,8,1815959047
891,115045805004,24925,115045829929,6,0,1,50176,6,2970778683
892,115045818803,59284,115045878087,3,0,1,5632,3,5587714580
893,115045841492,106648,115045948140,8,0,0,45056,8,9414566997
894,115045861949,71503,115045933452,8,0,0,115712,8,6099382821
895,115045894107,238529,115046132636,2,0,1,30720,2,8479451894
896,115045897693,251486,115046149179,0,0,1,160768,0,3707969222
897,115046162018,15317,115046177335,7,0,0,29696,7,1561956277
898,115046179228,105868,115046285096,7,0,1,47616,7,4942138178
899,115046261133,95603,115046356736,6,0,1,13312,6,7773277762
900,115046426471,23374,115046449845,7,0,0,41984,7,3414255444
901,115046433381,96018,115046529399,7,0,1,44544,7,10521314379
902,115046455170,562,115046455732,6,0,1,15872,6,9116571102
903,115046569948,160376,115046730324,7,0,0,512,7,9426134933
904,115046687329,447162,115047134491,8,0,0,723968,8,5172908248
905,115046866602,244704,115047111306,7,0,1,26112,7,4757772833
906,115046900309,323327,115047223636,0,0,0,41984,0,3568473735
907,115046940404,846073,115047786477,0,0,0,2828800,0,10366450335
908,115047151457,765589,115047917046,8,0,0,41472,8,5627301283
909,115047250495,380617,115047631112,1,0,1,36352,1,3356491543
910,115047387162,254219,115047641381,7,0,1,38400,7,10312918172
911,115047468224,536731,115048004955,7,0,0,4608,7,1021430575
912,115047815910,443095,115048259005,0,0,0,164864,0,9056180879
913,115048058358,1744192,115049802550,7,0,0,12800,7,997009057
914,115048065905,1540168,115049606073,2,0,1,44544,2,3567774535
915,115048072001,1226307,115049298308,7,0,1,48128,7,1877827421
916,115048192831,930036,115049122867,2,0,1,79360,2,7991823888
917,115048223543,688561,115048912104,6,0,1,1536,6,10543716382
918,115048261469,588156,115048849625,5,0,1,8192,5,6355640036
919,115048301495,476157,115048777652,6,0,1,16384,6,5761509909
920,115048338406,578742,115048917148,1,0,1,47616,1,8719747840
921,115048398480,184858,115048583338,5,0,1,95744,5,7565147569
922,115048407677,109038,115048516715,5,0,1,190464,5,8993988301
923,115048426014,527985,115048953999,6,0,1,12288,6,2206946637
924,115048720937,645239,115049366176,0,0,0,303104,0,7049461235
925,115048807075,202712,115049009787,7,0,0,32768,7,2184263966
926,115048870517,749078,115049619595,0,0,0,326656,0,5421937012
927,115049224029,14800,115049238829,7,0,1,23552,7,9999465658
928,115049288806,250155,115049538961,1,0,1,32768,1,4496306865
929,115049298684,248338,115049547022,7,0,0,28672,7,3767627861
930,115049363242,378127,115049741369,3,0,1,157696,3,2244422039
931,115049689870,200901,115049890771,7,0,1,45056,7,6714020335
932,115049897835,5322,115049903157,0,0,0,5632,0,3486217702
933,115049934417,124712,115050059129,0,0,0,202752,0,5753153725
934,115050001609,7702,115050009311,3,0,1,35328,3,10172895190
935,115050081378,295742,115050377120,2,0,1,61952,2,2542612367
936,115050184513,258219,115050442732,7,0,0,8192,7,10453021139
937,115050316783,62512,115050379295,2,0,1,6144,2,2452879012
938,115050500047,53579,115050553626,8,0,0,87552,8,1967135010
939,115050569854,3641,115050573495,7,0,0,10240,7,474429356
940,115050681908,358363,115051040271,0,0,0,581120,0,4247654032
941,115050724379,363574,115051087953,0,0,0,154624,0,5675584557
942,115051083692,235893,115051319585,6,0,1,71168,6,10671731198
943,115051403858,76048,115051479906,1,0,1,10240,1,10514753248
944,115051409936,127984,115051537920,8,0,0,212480,8,8050089235
945,115051544705,149315,115051694020,2,0,1,73728,2,2114425987
946,115052238157,255821,115052493978,0,0,0,414720,0,2003154024
947,115052326498,266694,115052593192,7,0,1,28672,7,10286068857
948,115052740556,5450,115052746006,7,0,0,13824,7,6917711373
949,115052759084,66373,115052825457,8,0,1,4096,8,5351867393
950,115052888236,165729,115053053965,0,0,0,269312,0,7809803297
951,115053007177,57720,115053064897,8,0,0,35840,8,3353243682
952,115053058230,8933,115053067163,7,0,0,3584,7,4942221167
953,115053213708,132602,115053346310,9,0,1,78848,9,1648520490
954,115053229614,738716,115053968330,8,0,0,2199040,8,6880625602
955,115053267221,1358073,115054625294,8,0,0,561152,8,2519036086
956,115053386133,1494080,115054880213,2,0,1,22528,2,5025933841
957,115053694724,1072223,115054766947,8,0,0,26624,8,7545457596
958,115053721093,1046840,115054767933,7,0,0,1536,7,2477844739
959,115053826287,922854,115054749141,8,0,0,383488,8,7094709014
960,115053956097,1063563,115055019660,3,0,1,148992,3,8383400733
961,115054549458,387617,115054937075,2,0,1,7168,2,7326491789
962,115054886517,271429,115055157946,7,0,1,18432,7,4949163391
963,115055107217,116833,115055224050,6,0,1,8704,6,878584628
964,115055333355,1990,115055335345,2,0,1,49152,2,5009103516
965,115055427993,61084,115055489077,7,0,0,2048,7,274137331
966,115055431851,247983,115055679834,7,0,1,4608,7,7436317929
967,115055595575,182113,115055777688,3,0,1,92160,3,8498532248
968,115055774784,117912,115055892696,0,0,0,190464,0,6925518599
969,115055874744,305823,115056180567,2,0,1,153600,2,377873931
970,115056391734,225874,115056617608,8,0,0,369664,8,915264477
971,115056585856,267353,115056853209,6,0,1,57856,6,4078395266
972,115056658905,279142,115056938047,3,0,1,74752,3,5975732274
973,115056696296,335152,115057031448,3,0,1,179712,3,2247981928
974,115057090515,115384,115057205899,7,0,1,78848,7,2736820120
975,115057163926,57436,115057221362,7,0,1,4608,7,10454057513
976,115057239229,163145,115057402374,8,0,0,264192,8,5665612943
977,115057435875,437037,115057872912,9,0,0,707584,9,3701374541
978,115057610003,356379,115057966382,0,0,0,308224,0,3015373465
979,115057840831,238088,115058078919,6,0,1,56320,6,7262261671
980,115058300121,62512,115058362633,3,0,1,6144,3,737782191
981,115058442273,356656,115058798929,0,0,0,1283072,0,8293235342
982,115058779458,792446,115059571904,6,0,1,10752,6,872189421
983,115058817677,139828,115058957505,7,0,1,92160,7,634103163
984,115059096069,139420,115059235489,7,0,0,13824,7,7380408682
985,115059098423,109619,115059208042,7,0,0,3072,7,5441226581
986,115059128378,2866,115059131244,7,0,0,8704,7,2461628301
987,115059259796,612581,115059872377,7,0,0,8704,7,8725292691
988,115059432272,242342,115059674614,6,0,1,15872,6,2478976737
989,115059515235,164954,115059680189,7,0,0,267776,7,8468908012
990,115059602944,225134,115059828078,2,0,1,87552,2,5088414020
991,115059688833,200022,115059888855,6,0,1,14336,6,885857908
992,115059743685,233762,115059977447,8,0,0,378368,8,6093362109
993,115059815901,235948,115060051849,6,0,1,50176,6,8406118376
994,115059826594,298337,115060124931,2,0,1,3584,2,3656104047
995,115059962667,155111,115060117778,2,0,1,5632,2,142965260
996,115059974758,288692,115060263450,8,0,0,472064,8,1162863799
997,115060078792,253806,115060332598,3,0,1,32256,3,1563660789
998,115060120828,373670,115060494498,3,0,1,15872,3,10190561029
999,115060155885,357162,115060513047,2,0,1,45568,2,9411351336
1000,115060188817,294274,115060483091,2,0,1,48128,2,3067118830
1001,115060194491,361873,115060556364,6,0,1,35328,6,5440200323
1002,115060279364,300056,115060579420,2,0,1,19968,2,2403358749
1003,115060513714,202636,115060716350,8,0,0,326656,8,6139857546
1004,115060776767,162376,115060939143,3,0,1,10240,3,8225928249
1005,115060996683,194644,115061191327,7,0,1,177664,7,8582721122
1006,115061312401,100096,115061412497,3,0,1,28672,3,6525424108
1007,115061499380,334237,115061833617,0,0,0,540672,0,7314098558
1008,115061870332,65764,115061936096,7,0,1,30720,7,4429158664
1009,115061913511,40870,115061954381,3,0,1,159232,3,4823584243
1010,115061917833,210026,115062127859,2,0,1,11776,2,1088473587
1011,115061946777,297644,115062244421,7,0,0,66048,7,9076862946
1012,115062114284,86604,115062200888,7,0,0,130560,7,7572499590
1013,115062134859,234159,115062369018,9,0,1,66048,9,1695123716
1014,115062296289,75704,115062371993,4,0,1,9728,4,9781476699
1015,115062439893,305412,115062745305,8,0,0,494592,8,5795736520
1016,115062500587,342297,115062842884,0,0,0,311296,0,10523245048
1017,115062569189,412850,115062982039,0,0,0,453120,0,1102486570
1018,115062703805,488530,115063192335,6,0,1,55808,6,4909683429
1019,115062737610,423126,115063160736,7,0,0,788480,7,8229478968
1020,115062853959,573180,115063427139,3,0,1,105984,3,9000390069
1021,115063117168,302900,115063420068,0,0,0,359424,0,5168209112
1022,115063375613,394193,115063769806,3,0,1,7168,3,3099006861
1023,115063508729,299153,115063807882,3,0,1,57344,3,1603308825
1024,115063635209,136309,115063771518,9,0,1,20992,9,2745861759
1025,115063671584,139400,115063810984,7,0,0,210944,7,6109929371
1026,115063696399,415970,115064112369,0,0,0,128000,0,7391419407
1027,115063820388,204205,115064024593,8,0,0,891392,8,1402476600
1028,115063969705,550221,115064519926,4,0,1,3072,4,4271776817
1029,115064003949,423482,115064427431,0,0,0,189952,0,3030666519
1030,115064030083,629409,115064659492,8,0,0,742400,8,6677588428
1031,115064190011,501262,115064691273,6,0,1,24576,6,9008834948
1032,115064194725,326629,115064521354,0,0,0,125440,0,8839185507
1033,115064411088,578824,115064989912,7,0,0,142336,7,1162677603
1034,115064753118,339960,115065093078,7,0,0,781312,7,657028285
1035,115064790187,411489,115065201676,6,0,1,61952,6,6238818053
1036,115064798463,480033,115065278496,6,0,1,47104,6,227749414
1037,115064842951,440857,115065283808,4,0,1,512,4,7738469211
1038,115065006127,278918,115065285045,8,0,0,174592,8,92033147
1039,115065126523,321935,115065448458,6,0,1,28672,6,7633478056
1040,115065232003,308942,115065540945,8,0,0,504832,8,6730083412
1041,115065805428,176179,115065981607,3,0,1,45056,3,8345149667
1042,115065887271,99651,115065986922,6,0,1,17408,6,1635747747
1043,115066258312,70372,115066328684,4,0,1,11776,4,7329880781
1044,115066352210,85312,115066437522,6,0,1,20480,6,6401870285
1045,115066626928,103372,115066730300,6,0,1,39424,6,7269218680
1046,115066892479,188734,115067081213,7,0,0,310784,7,10417043178
1047,115067599558,201976,115067801534,6,0,1,201728,6,4868586736
1048,115067646363,290795,115067937158,6,0,1,185856,6,2955212152
1049,115067870314,295804,115068166118,0,0,0,479232,0,5690703145
1050,115067946030,282964,115068228994,8,0,0,202752,8,2316466213
1051,115068166621,135549,115068302170,9,0,1,25600,9,5456861647
1052,115068275304,255293,115068530597,6,0,1,17408,6,1162437390
1053,115068470652,117412,115068588064,4,0,1,85504,4,595082781
1054,115068601584,94249,115068695833,0,0,0,156672,0,5159742852
1055,115068955909,6484,115068962393,4,0,1,26624,4,10578882662
1056,115068994518,97936,115069092454,7,0,0,15872,7,7648683951
1057,115069230924,68992,115069299916,5,0,1,12288,5,5773422677
1058,115069578056,350450,115069928506,7,0,0,1361408,7,5669611169
1059,115069625098,691065,115070316163,0,0,0,69120,0,4715201737
1060,115069650563,742139,115070392702,7,0,0,1451520,7,3376240853
1061,115069658676,841262,115070499938,3,0,1,122368,3,6476727808
1062,115069668397,815520,115070483917,8,0,1,24576,8,10509653129
1063,115069934096,1261840,115071195936,8,0,1,6656,8,6291968208
1064,115070006190,1307448,115071313638,0,0,0,1271808,0,7694251510
1065,115070082380,556810,115070639190,7,0,0,1174528,7,1390528727
1066,115070509628,639391,115071149019,0,0,1,49152,0,153488561
1067,115070930406,1602680,115072533086,0,0,0,98304,0,5714094402
1068,115070946872,783165,115071730037,9,0,1,13312,9,1892244336
1069,115070955825,1231887,115072187712,8,0,0,1377280,8,5148683668
1070,115070989716,1188644,115072178360,8,0,1,41472,8,943660761
1071,115071253086,1028152,115072281238,0,0,0,440320,0,9981972515
1072,115071904897,406764,115072311661,3,0,1,60928,3,2952581054
1073,115072028224,283456,115072311680,7,0,0,73216,7,7894365857
1074,115072296638,249294,115072545932,0,0,0,379392,0,3414158304
1075,115072320489,181518,115072502007,2,0,1,119808,2,6980105730
1076,115072375346,209395,115072584741,7,0,0,35840,7,271445032
1077,115072389199,187039,115072576238,0,0,0,134144,0,3616226569
1078,115072457906,456589,115072914495,8,0,0,147968,8,10544494767
1079,115072465617,369838,115072835455,3,0,1,52736,3,2045359059
1080,115072476711,381938,115072858649,9,0,1,37376,9,3881854055
1081,115072539591,452069,115072991660,7,0,0,733184,7,4478979019
1082,115072659405,559995,115073219400,2,0,1,228352,2,7253014853
1083,115072828307,397807,115073226114,9,0,1,9216,9,10239762630
1084,115073221373,518554,115073739927,7,0,0,839680,7,6976817673
1085,115073236847,514729,115073751576,8,0,0,47616,8,338552459
1086,115073307060,402799,115073709859,4,0,1,39424,4,9365020068
1087,115073453465,561227,115074014692,2,0,1,97792,2,3711458503
1088,115073552229,422167,115073974396,2,0,1,9216,2,9768446685
1089,115073657145,377062,115074034207,8,0,0,610816,8,2279982771
1090,115074147011,307526,115074454537,4,0,1,43008,4,5496053425
1091,115074164003,416739,115074580742,9,0,1,186880,9,60561141
1092,115074546155,115949,115074662104,0,0,0,131584,0,3783478691
1093,115074783568,120999,115074904567,4,0,1,18944,4,1780026620
1094,115074784412,712133,115075496545,7,0,0,1156608,7,2526377101
1095,115075400070,270065,115075670135,0,0,0,1235456,0,7702620090
1096,115075526792,629161,115076155953,8,0,1,199168,8,6332738678
1097,115075554305,762846,115076317151,0,0,0,14336,0,7371682726
1098,115075702131,609891,115076312022,8,0,1,47616,8,5916592291
1099,115075735765,525158,115076260923,8,0,1,31232,8,3784138880
1100,115075756903,470397,115076227300,7,0,0,187392,7,5089903929
1101,115075802032,504350,115076306382,9,0,1,121344,9,573290411
1102,115075976444,425058,115076401502,6,0,1,58880,6,1860413132
1103,115075985837,291212,115076277049,6,0,1,14336,6,5539927199
1104,115076011014,487233,115076498247,9,0,1,229376,9,4961615824
1105,115076129544,621069,115076750613,6,0,1,2560,6,8301392972
1106,115076296167,361136,115076657303,6,0,1,144384,6,7298907300
1107,115076437303,264443,115076701746,4,0,1,5632,4,2192387525
1108,115076523381,335674,115076859055,8,0,1,32768,8,948269081
1109,115076759560,163910,115076923470,2,0,1,84992,2,3392521586
1110,115076870730,147124,115077017854,2,0,1,66560,2,8965758650
1111,115077155748,390975,115077546723,0,0,0,637952,0,1235334830
1112,115077280089,308057,115077588146,0,0,0,140800,0,7954738165
1113,115077740597,331719,115078072316,7,0,0,593920,7,6550694098
1114,115077780352,371485,115078151837,4,0,1,25600,4,4610601891
1115,115077881655,295877,115078177532,0,0,1,52736,0,9624441529
1116,115078174263,292469,115078466732,8,0,0,473088,8,2860839755
1117,115078384462,335787,115078720249,8,0,0,543744,8,5082837963
1118,115078686935,203058,115078889993,6,0,1,55296,6,2449041576
1119,115078733514,171785,115078905299,4,0,1,3584,4,6693054216
1120,115078868669,100096,115078968765,9,0,1,28672,9,4071019859
1121,115078911190,119387,115079030577,9,0,1,27648,9,752102335
1122,115078972251,291969,115079264220,0,0,0,540160,0,4122437346
1123,115078983004,330484,115079313488,3,0,1,5120,3,9011591762
1124,115079205920,217705,115079423625,2,0,1,18432,2,2298870149
1125,115079233214,308013,115079541227,8,0,1,49152,8,5588102632
1126,115079483031,168068,115079651099,2,0,1,110080,2,1520466540
1127,115079958181,43900,115080002081,2,0,1,512,2,708166497
1128,115079994375,112576,115080106951,9,0,1,69632,9,6106455419
1129,115080039875,164954,115080204829,0,0,0,267776,0,3870695338
1130,115080170835,44721,115080215556,7,0,0,43008,7,1791149741
1131,115080186303,247862,115080434165,3,0,1,73216,3,4413020340
1132,115080301731,199784,115080501515,4,0,1,15872,4,9656567478
1133,115080381581,137187,115080518768,9,0,1,26112,9,4593887949
1134,115080554041,100408,115080654449,9,0,1,29696,9,6304894671
1135,115080805986,210088,115081016074,3,0,1,228352,3,5760998514
1136,115081137860,113200,115081251060,3,0,1,71680,3,1612087688
1137,115081314814,156676,115081471490,3,0,1,138752,3,853482408
1138,115081510520,72064,115081582584,9,0,1,12288,9,4469531789
1139,115081587820,110548,115081698368,6,0,1,62976,6,4884963405
1140,115081866875,121312,115081988187,4,0,1,98304,4,8771522473
1141,115081950478,95283,115082045761,0,0,0,158720,0,8067904238
1142,115081973390,168609,115082141999,4,0,1,27648,4,7279410081
1143,115082143374,115384,115082258758,2,0,1,78848,2,8746674779
1144,115082386278,98848,115082485126,3,0,1,24576,3,7083589852
1145,115082619364,79588,115082698952,4,0,1,11776,4,3176907049
1146,115082657815,104011,115082761826,3,0,1,15360,3,4265997988
1147,115082824267,92968,115082917235,2,0,1,15360,2,7069306495
1148,115082947550,99160,115083046710,2,0,1,25600,2,1657650524
1149,115083007918,113980,115083121898,9,0,1,74240,9,2070365623
1150,115083039625,82284,115083121909,7,0,0,103936,7,2550611106
1151,115083092638,286985,115083379623,2,0,1,198144,2,1600334748
1152,115083378773,197892,115083576665,8,0,0,323584,8,6997050980
1153,115083624663,229049,115083853712,8,0,1,50176,8,10705006946
1154,115084036718,96317,115084133035,7,0,0,160768,7,5098407683
1155,115084079117,115234,115084194351,8,0,1,5120,8,2697671857
1156,115084101104,152917,115084254021,2,0,1,33280,2,7196589772
1157,115084133942,105778,115084239720,9,0,1,5120,9,9743870215
1158,115084155742,152770,115084308512,2,0,1,24576,2,9499060075
1159,115084184427,244662,115084429089,8,0,0,396288,8,9341384786
1160,115084234218,468338,115084702556,8,0,0,643584,8,697133596
1161,115084310180,708266,115085018446,7,0,0,836608,7,10206014686
1162,115084400134,629142,115085029276,8,0,0,43520,8,393875710
1163,115084409953,815862,115085225815,8,0,0,629760,8,4627684774
1164,115085030688,653192,115085683880,8,0,0,1061888,8,1892199134
1165,115085142827,558040,115085700867,0,0,0,56832,0,6529809272
1166,115085349062,372593,115085721655,7,0,0,66560,7,62734790
1167,115085381440,341700,115085723140,0,0,0,15360,0,9360006398
1168,115085841002,10237,115085851239,0,0,0,16384,0,8479022550
1169,115086048869,139469,115086188338,3,0,1,87552,3,8582435907
1170,115086159336,319067,115086478403,7,0,0,521216,7,9605994704
1171,115086288772,302214,115086590986,2,0,1,61440,2,5648240771
1172,115086329014,302887,115086631901,6,0,1,109568,6,481524217
1173,115086383111,395250,115086778361,6,0,1,90112,6,3675523416
1174,115086437895,251265,115086689160,2,0,1,37888,2,5305435072
1175,115086475350,306551,115086781901,4,0,1,7680,4,9262960990
1176,115086571627,527387,115087099014,8,0,0,853504,8,6508926650
1177,115086955006,262938,115087217944,7,0,0,389120,7,3963187544
1178,115086958503,352274,115087310777,7,0,0,786432,7,6850429540
1179,115087020444,601274,115087621718,0,0,0,5632,0,2289934936
1180,115087051410,542879,115087594289,2,0,1,108544,2,7712309312
1181,115087220817,344452,115087565269,0,0,0,3072,0,9088477726
1182,115087416899,347430,115087764329,6,0,1,146432,6,6220753373
1183,115087561033,235571,115087796604,4,0,1,118272,4,5538436737
1184,115087577877,476798,115088054675,7,0,0,381952,7,7373550356
1185,115087797905,246801,115088044706,4,0,1,22528,4,6241383193
1186,115087832169,301483,115088133652,3,0,1,10752,3,10584919115
1187,115088442326,10495,115088452821,8,0,0,16896,8,1242739289
1188,115088753861,164696,115088918557,7,0,0,267264,7,10277974951
1189,115088790081,91237,115088881318,6,0,1,248320,6,7374208676
1190,115088823415,244954,115089068369,2,0,1,59392,2,7265165957
1191,115088923923,553210,115089477133,9,0,1,83456,9,3811689842
1192,115088974211,537983,115089512194,7,0,0,147456,7,979126186
1193,115089024167,363294,115089387461,3,0,1,85504,3,1040832613
1194,115089143586,264798,115089408384,2,0,1,68608,2,1843565318
1195,115089370655,35825,115089406480,3,0,1,30720,3,5112696466
1196,115089489592,194773,115089684365,0,0,0,62976,0,8617161959
1197,115089513855,155282,115089669137,1,0,1,58880,1,4463116512
1198,115089649934,100995,115089750929,3,0,1,27648,3,7779933578
1199,115089891652,99628,115089991280,2,0,1,27136,2,2921480139
1200,115089934183,106804,115090040987,6,0,1,50688,6,5842173028
1201,115089966519,165434,115090131953,8,0,1,116224,8,10457968402
1202,115090054575,14104,115090068679,5,0,1,50176,5,159841852
1203,115090114959,148562,115090263521,9,0,1,55296,9,9721791970
1204,115090118428,137696,115090256124,7,0,0,512,7,3032920516
1205,115090187744,101561,115090289305,3,0,1,7680,3,9835709902
1206,115090284928,72795,115090357723,8,0,0,118272,8,10099241855
1207,115090380640,240156,115090620796,8,0,0,872448,8,9877482591
1208,115090537723,538804,115091076527,2,0,1,3072,2,4276993832
1209,115090930100,138968,115091069068,2,0,1,95232,2,6768543009
1210,115090988094,286704,115091274798,8,0,1,28672,8,52008853
1211,115091124973,148633,115091273606,3,0,1,48640,3,8535823280
1212,115091304785,2466,115091307251,0,0,0,2560,0,3568402074
1213,115091510887,43900,115091554787,8,0,1,512,8,1783368083
1214,115091564500,562,115091565062,0,0,0,512,0,3803272649
1215,115091626785,82552,115091709337,3,0,1,21504,3,6381180681
1216,115091653826,60064,115091713890,6,0,1,8192,6,9521031126
1217,115091716403,89764,115091806167,6,0,1,19968,6,9278432545
1218,115091749536,97092,115091846628,8,0,0,162304,8,361675052
1219,115091918682,10753,115091929435,0,0,0,17408,0,6376373509
1220,115092048041,12304,115092060345,7,0,0,20480,7,3076452254
1221,115092150125,130828,115092280953,5,0,1,16384,5,8671602362
1222,115092190342,253647,115092443989,6,0,1,129536,6,2381381069
1223,115092225569,231566,115092457135,5,0,1,175104,5,307397406
1224,115092390700,72544,115092463244,4,0,1,7680,4,5451906899
1225,115092488256,111484,115092599740,2,0,1,66048,2,6705464426
1226,115092768014,147717,115092915731,8,0,0,244224,8,10684447742
1227,115092972432,3894,115092976326,0,0,0,4096,0,571202527
1228,115093196643,99004,115093295647,2,0,1,25088,2,9705552401
1229,115093231459,9655,115093241114,2,0,1,11776,2,5711819792
1230,115093279298,95802,115093375100,2,0,1,14336,2,1001205139
1231,115093286003,72144,115093358147,7,0,0,5632,7,4640371100
1232,115093421864,95488,115093517352,6,0,1,28672,6,7583102912
1233,115093452807,138735,115093591542,4,0,1,54272,4,7988210640
1234,115093641339,100252,115093741591,2,0,1,29184,2,2264189287
1235,115093675059,98848,115093773907,3,0,1,24576,3,481207797
1236,115093745699,562,115093746261,9,0,1,58368,9,401871909
1237,115093810414,109144,115093919558,7,0,0,512,7,4479402641
1238,115094086329,14283,115094100612,3,0,1,87552,3,8234187365
1239,115094088634,121112,115094209746,0,0,0,27648,0,824075067
1240,115094323213,105712,115094428925,6,0,1,47104,6,1973546230
1241,115094532944,120064,115094653008,8,0,1,94208,8,7112513004
1242,115094547548,140260,115094687808,4,0,1,47104,4,6275621969
1243,115094722396,6274,115094728670,7,0,0,6656,7,2449464917
1244,115094747101,103684,115094850785,3,0,1,40448,3,6049532496
1245,115095025053,55744,115095080797,3,0,1,4096,3,2204165217
1246,115095070343,26475,115095096818,6,0,1,106496,6,4495108783
1247,115095074057,123808,115095197865,8,0,0,48128,8,2982921633
1248,115095338425,5322,115095343747,6,0,0,5632,6,1192263809
1249,115095420220,2942,115095423162,6,0,0,3072,6,2466174729
1250,115095427870,122354,115095550224,5,0,1,8704,5,8305579240
1251,115095462315,99628,115095561943,9,0,1,27136,9,2805055893
1252,115095604628,14283,115095618911,6,0,0,27648,6,8120165268
1253,115095742664,763863,115096506527,8,0,0,1780224,8,5360473157
1254,115095805385,550711,115096356096,4,0,1,151552,4,7570874975
1255,115095891598,755543,115096647141,7,0,1,87040,7,4824120329
1256,115095891970,375941,115096267911,1,0,1,29696,1,4557692397
1257,115096077139,903713,115096980852,1,0,1,26112,1,1595606143
1258,115096287039,424493,115096711532,3,0,1,23040,3,8144359927
1259,115096302933,1097400,115097400333,8,0,1,32256,8,2186875516
1260,115096409401,5192,115096414593,7,0,1,53760,7,6747619191
1261,115096473901,649889,115097123790,6,0,1,117760,6,6493085468
1262,115096725577,3418,115096728995,1,0,1,45568,1,7994618271
1263,115096880790,261914,115097142704,8,0,1,180736,8,1881188288
1264,115096883663,577474,115097461137,0,0,0,13312,0,578532191
1265,115096944678,3473,115096948151,0,0,0,3584,0,2655462745
1266,115096996312,3641,115096999953,5,0,1,186368,5,5709694781
1267,115097048456,592393,115097640849,0,0,0,512,0,1088308936
1268,115097109919,533666,115097643585,6,0,0,10240,6,6667086568
1269,115097120137,15823,115097135960,6,0,1,77312,6,6695113106
1270,115097173663,376330,115097549993,5,0,1,19968,5,2754044280
1271,115097277798,9997,115097287795,4,0,1,297984,4,6205415554
1272,115097472456,126638,115097599094,7,0,1,2048,7,9232260380
1273,115097481302,505696,115097986998,5,0,1,21504,5,3050482044
1274,115097516507,3894,115097520401,6,0,1,233472,6,2450030101
1275,115097517346,281070,115097798416,6,0,0,9216,6,5002138675
1276,115097544663,583037,115098127700,0,0,0,12288,0,5494323385
1277,115097657435,415475,115098072910,7,0,0,4096,7,2831448191
1278,115097730537,197492,115097928029,1,0,1,64000,1,10516662492
1279,115097734501,220983,115097955484,8,0,0,220672,8,9340764756
1280,115097918284,38645,115097956929,6,0,0,13824,6,1100237369
1281,115097920223,107747,115098027970,8,0,0,117248,8,10164132402
1282,115097985438,3124,115097988562,3,0,1,13312,3,3044676962
1283,115098061744,141698,115098203442,6,0,0,9216,6,3744452132
1284,115098156763,101188,115098257951,7,0,1,32256,7,151233539
1285,115098281436,125212,115098406648,3,0,1,111104,3,3595613102
1286,115098395872,128336,115098524208,7,0,1,86016,7,2618746425
1287,115098516166,115306,115098631472,7,0,1,52224,7,4345727925
1288,115098564880,134782,115098699662,1,0,1,43008,1,3244898819
1289,115098644406,102748,115098747154,5,0,1,37376,5,502468707
1290,115098687509,137999,115098825508,8,0,1,66560,8,9991577127
1291,115098820908,173292,115098994200,5,0,1,147968,5,2183878547
1292,115098891464,104151,115098995615,7,0,1,4608,7,3969501856
1293,115098942876,102280,115099045156,9,0,1,35840,9,1720304513
1294,115099124736,12045,115099136781,7,0,0,19968,7,10717386254
1295,115099440055,107740,115099547795,7,0,1,53760,7,5325986069
1296,115099452739,170884,115099623623,7,0,1,141312,7,2912919714
1297,115099541765,106804,115099648569,4,0,1,181248,4,6834091452
1298,115099565496,288929,115099854425,9,0,1,50688,9,6884618954
1299,115099594958,255567,115099850525,9,0,1,65024,9,6324056973
1300,115099708464,180100,115099888564,8,0,1,67584,8,2976844796
1301,115099780755,112925,115099893680,8,0,0,70656,8,3734301582
1302,115099837926,139885,115099977811,3,0,1,38400,3,3121675540
1303,115099883248,154281,115100037529,4,0,1,56832,4,5849779621
1304,115099971082,143883,115100114965,9,0,1,35328,9,10546218095
1305,115100183344,5967,115100189311,0,0,0,14848,0,2066911762
1306,115100227128,12733,115100239861,0,0,0,24576,0,2691201114
1307,115100273432,76451,115100349883,4,0,1,512,4,7909025065
1308,115100369757,3900,115100373657,6,0,0,10752,6,7021325771
1309,115100421171,298817,115100719988,8,0,0,488448,8,3630437608
1310,115100781783,91495,115100873278,8,0,0,147968,8,3605071247
1311,115100866254,115709,115100981963,8,0,1,11264,8,8719467340
1312,115100890214,206936,115101097150,3,0,1,35840,3,8841797034
1313,115101154970,2866,115101157836,0,0,0,8704,0,7988399338
1314,115101245344,7702,115101253046,1,0,1,173056,1,10343685934
1315,115101288133,193240,115101481373,7,0,0,8192,7,3269657162
1316,115101437960,101180,115101539140,6,0,1,30208,6,7118912331
1317,115101603021,111328,115101714349,1,0,1,65536,1,1428214405
1318,115101822059,1990,115101824049,8,0,0,2048,8,7770821749
1319,115102043134,88828,115102131962,7,0,1,16896,7,8556226934
1320,115102229471,3383,115102232854,8,0,0,9728,8,5242113250
1321,115102330359,106804,115102437163,9,0,1,50688,9,10539940384
1322,115102454102,73000,115102527102,5,0,1,15360,5,4845581837
1323,115102473697,153292,115102626989,7,0,1,137728,7,9448051165
1324,115102859668,50668,115102910336,6,0,1,2560,6,4387197903
1325,115102944919,105868,115103050787,7,0,1,47616,7,10414327443
1326,115103222604,101656,115103324260,9,0,1,33792,9,1195258535
1327,115103239823,137921,115103377744,8,0,1,73216,8,3788553668
1328,115103493810,113668,115103607478,9,0,1,73216,9,5958360344
1329,115103757554,7226,115103764780,7,0,0,7680,7,504679086
1330,115103969316,6484,115103975800,0,0,0,15872,0,59569049
1331,115104105933,83284,115104189217,3,0,1,13824,3,8438956580
1332,115104475168,220789,115104695957,8,0,0,628224,8,7088354274
1333,115104563189,387704,115104950893,7,0,0,17920,7,8882087669
1334,115104570397,305175,115104875572,7,0,1,1024,7,1566751420
1335,115104573799,298111,115104871910,6,0,0,5632,6,4689731492
1336,115104592402,282414,115104874816,0,0,0,4608,0,929568856
1337,115104940507,154356,115105094863,5,0,1,172544,5,7092358934
1338,115104975261,270359,115105245620,7,0,1,54272,7,7062349817
1339,115104994135,219550,115105213685,9,0,1,9216,9,3475068862
1340,115105003927,268563,115105272490,3,0,1,20480,3,6513469592
1341,115105102688,190600,115105293288,8,0,1,55296,8,6036431308
1342,115105282944,143324,115105426268,8,0,1,131584,8,8394234161
1343,115105444851,71308,115105516159,6,0,1,14848,6,10453701038
1344,115105485278,5798,115105491076,7,0,1,21504,7,6894547735
1345,115105521814,97912,115105619726,8,0,1,41984,8,516148190
1346,115105524151,114038,115105638189,0,0,0,6144,0,2083724901
1347,115105529207,140016,115105669223,4,0,1,125440,4,7678229942
1348,115105570076,240801,115105810877,6,0,1,90112,6,3950949711
1349,115105590792,323188,115105913980,1,0,0,660992,1,7044157874
1350,115105623666,407954,115106031620,1,0,1,24064,1,9184435435
1351,115105679759,322853,115106002612,7,0,0,6144,7,7894220882
1352,115105789917,182190,115105972107,7,0,1,134656,7,1284298331
1353,115105814247,145797,115105960044,6,0,1,29184,6,3663399299
1354,115105822048,289588,115106111636,6,0,0,2560,6,501902737
1355,115105859747,6750,115105866497,6,0,0,2048,6,10111999746
1356,115105911657,369187,115106280844,7,0,1,45056,7,5340312935
1357,115106077790,194988,115106272778,1,0,1,10752,1,8804397417
1358,115106146249,404603,115106550852,6,0,1,12800,6,10168040969
1359,115106152333,184346,115106336679,6,0,0,7168,6,7036692545
1360,115106287011,95999,115106383010,8,0,0,253440,8,7767446428
1361,115106326850,98660,115106425510,3,0,1,8192,3,8536983093
1362,115106340017,155863,115106495880,9,0,1,9728,9,1753369088
1363,115106391836,88557,115106480393,8,0,0,122368,8,3674159168
1364,115106407662,11529,115106419191,7,0,1,115712,7,6049946049
1365,115106456739,5798,115106462537,6,0,1,47104,6,4733410607
1366,115106549822,319738,115106869560,6,0,1,61952,6,8326058662
1367,115106596796,285024,115106881820,6,0,0,18944,6,7315563539
1368,115106622026,210828,115106832854,0,0,0,6144,0,5800720223
1369,115106761369,64204,115106825573,9,0,1,6656,9,5576124931
1370,115106830752,45592,115106876344,7,0,1,1024,7,884274874
1371,115106835546,13249,115106848795,7,0,1,56320,7,8607020076
1372,115106890516,108520,115106999036,1,0,1,493568,1,3716575663
1373,115106912596,422466,115107335062,6,0,0,25600,6,776625776
1374,115107104690,208459,115107313149,8,0,1,512,8,821130803
1375,115107132668,591150,115107723818,8,0,0,961024,8,9831715234
1376,115107236895,401824,115107638719,8,0,0,537600,8,9082515108
1377,115107273109,652255,115107925364,7,0,0,6656,7,1715567754
1378,115107345377,620227,115107965604,4,0,1,27136,4,5085042754
1379,115107553544,341277,115107894821,6,0,0,15360,6,5683694929
1380,115107584417,241016,115107825433,8,0,1,24576,8,1910888438
1381,115107647365,172007,115107819372,9,0,1,98816,9,7082466341
1382,115107657991,31520,115107689511,7,0,0,6656,7,6474284668
1383,115107690409,388336,115108078745,5,0,1,14848,5,570447866
1384,115107732434,400031,115108132465,4,0,1,4096,4,2054743165
1385,115107889802,32588,115107922390,8,0,0,51200,8,759713271
1386,115107898793,386067,115108284860,6,0,1,20480,6,5703590614
1387,115108026329,374107,115108400436,6,0,0,18944,6,2835695311
1388,115108158707,179767,115108338474,7,0,1,43008,7,5389346445
1389,115108201582,140867,115108342449,9,0,1,82944,9,2287598211
1390,115108211190,1990,115108213180,5,0,1,44544,5,1320978077
1391,115108258014,227106,115108485120,6,0,1,23552,6,7873634678
1392,115108358867,177861,115108536728,6,0,0,2048,6,4001635757
1393,115108477885,103372,115108581257,3,0,1,39424,3,8014377171
1394,115108674755,5322,115108680077,4,0,1,40960,4,2296567395
1395,115108693142,103840,115108796982,7,0,0,5632,7,7566266110
1396,115108765206,177577,115108942783,6,0,1,35840,6,3133679881
1397,115108768857,192159,115108961016,9,0,1,133632,9,10115539567
1398,115108890046,76801,115108966847,5,0,1,13312,5,7577829393
1399,115108942667,77826,115109020493,4,0,1,8192,4,5896602650
1400,115109161632,108832,115109270464,5,0,1,57344,5,9504795756
1401,115109237916,109456,115109347372,3,0,1,59392,3,3131132363
1402,115109381573,4370,115109385943,6,0,0,4608,6,26491113
1403,115109583764,196275,115109780039,8,0,0,322048,8,9525704963
1404,115109741196,15376,115109756572,8,0,1,189440,8,8567462669
1405,115109768209,1990,115109770199,6,0,0,5632,6,9775314038
1406,115109854532,338319,115110192851,6,0,0,2048,6,5922184858
1407,115110084518,30487,115110115005,7,0,0,49152,7,6415296209
1408,115110227174,110704,115110337878,5,0,1,63488,5,3848035134
1409,115110327454,336853,115110664307,8,0,0,528896,8,5846118973
1410,115110381191,286662,115110667853,0,0,0,5632,0,10720161189
1411,115110462048,212423,115110674471,0,0,0,23552,0,6427565005
1412,115110473195,208155,115110681350,8,0,0,38912,8,9975833419
1413,115110476538,212822,115110689360,3,0,1,8704,3,8661979475
1414,115110531272,155731,115110687003,7,0,0,1536,7,10094724823
1415,115110539861,218771,115110758632,0,0,1,2048,0,7268711274
1416,115110595701,261452,115110857153,3,0,1,54784,3,10214241197
1417,115110700142,205401,115110905543,6,0,1,15872,6,6598307298
1418,115110738574,229699,115110968273,8,0,1,50688,8,4319043856
1419,115110861847,216613,115111078460,8,0,0,351744,8,7711607153
1420,115110921412,158354,115111079766,6,0,0,2048,6,5266172872
1421,115111116468,181327,115111297795,6,0,1,54272,6,6913872587
1422,115111197657,178180,115111375837,3,0,1,82432,3,10310182096
1423,115111466616,4933,115111471549,0,0,1,16896,0,10123263716
1424,115111498730,82684,115111581414,6,0,1,73216,6,2016784574
1425,115111530675,2466,115111533141,0,0,0,12800,0,1960323825
1426,115111584459,137192,115111721651,6,0,0,2560,6,159193105
1427,115111645361,11012,115111656373,7,0,0,17920,7,1837853006
1428,115111724436,55744,115111780180,1,0,1,4096,1,10551439296
1429,115111872255,2866,115111875121,9,0,1,81408,9,3489197372
1430,115111873287,126019,115111999306,6,0,0,8704,6,10036068256
1431,115111909788,338364,115112248152,8,0,0,824832,8,5374717982
1432,115112005647,509204,115112514851,7,0,0,4096,7,8524828416
1433,115112026427,415931,115112442358,1,0,1,17408,1,8089355084
1434,115112297735,128029,115112425764,0,0,0,6656,0,10648853454
1435,115112304201,127362,115112431563,7,0,0,27648,7,6419192518
1436,115112580342,237503,115112817845,9,0,1,63488,9,905425888
1437,115112748390,148825,115112897215,8,0,1,43008,8,5750128656
1438,115112763373,123101,115112886474,9,0,1,137216,9,4405989236
1439,115112779030,267554,115113046584,8,0,1,156672,8,3031938612
1440,115112789108,341008,115113130116,8,0,0,181760,8,6030192976
1441,115112830149,296764,115113126913,5,0,1,22528,5,10458238618
1442,115112855687,328158,115113183845,8,0,0,535552,8,347492605
1443,115112875592,105330,115112980922,9,0,1,14336,9,9233715791
1444,115113083802,203128,115113286930,0,0,0,16896,0,3465816463
1445,115113153395,58239,115113211634,6,0,1,43008,6,3233639350
1446,115113211695,552320,115113764015,8,0,0,328704,8,7658336352
1447,115113356943,361950,115113718893,0,0,0,9728,0,1859143250
1448,115113566276,106648,115113672924,0,0,1,50176,0,8938946002
1449,115113632168,6567,115113638735,5,0,1,91136,5,6330643951
1450,115113669990,166095,115113836085,7,0,0,10240,7,7199255310
1451,115113860891,98068,115113958959,0,0,1,22016,0,7069981531
1452,115113939355,50980,115113990335,3,0,1,3584,3,3657002237
1453,115113958176,119123,115114077299,3,0,1,88576,3,7303300435
1454,115114135954,4933,115114140887,7,0,0,12800,7,281894240
1455,115114146444,5450,115114151894,7,0,0,13824,7,5398610204
1456,115114255588,2866,115114258454,5,0,1,35840,5,9606550763
1457,115114256845,102280,115114359125,0,0,0,8704,0,3149672032
1458,115114428566,52984,115114481550,3,0,1,5120,3,8872175382
1459,115114620017,94816,115114714833,3,0,1,16384,3,7793792062
1460,115114628653,102164,115114730817,8,0,1,18432,8,6120731219
1461,115114659294,173433,115114832727,1,0,1,124928,1,4300731518
1462,115114671526,219199,115114890725,4,0,1,129536,4,9790864958
1463,115115213800,125368,115115339168,6,0,1,111616,6,4480173405
1464,115115401685,199948,115115601633,7,0,1,195072,7,4122348936
1465,115115445394,144847,115115590241,9,0,1,25600,9,10587137529
1466,115115450064,200072,115115650136,8,0,1,11776,8,5273503855
1467,115115501690,240797,115115742487,1,0,1,93184,1,5932413538
1468,115115613415,134858,115115748273,7,0,1,56832,7,3931854501
1469,115115742665,562,115115743227,1,0,1,4608,1,9475873931
1470,115115794411,63036,115115857447,6,0,0,512,6,6622050047
1471,115115892443,106960,115115999403,1,0,1,51200,1,2278842877
1472,115115977078,52672,115116029750,7,0,1,22016,7,7311650940
1473,115116000080,104741,115116104821,4,0,1,4096,4,8160983642
1474,115116101193,2466,115116103659,5,0,1,142848,5,9273769610
1475,115116111523,1038,115116112561,1,0,1,50688,1,5650367335
1476,115116162083,194366,115116356449,7,0,0,2560,7,6351640362
1477,115116168082,199491,115116367573,7,0,0,1024,7,792952697
1478,115116218858,167450,115116386308,8,0,0,275968,8,3167238510
1479,115116247042,3124,115116250166,3,0,1,83968,3,5425614716
1480,115116283495,305677,115116589172,0,0,1,61952,0,2279552544
1481,115116302758,287389,115116590147,1,0,1,9728,1,8971946354
1482,115116303042,230880,115116533922,7,0,1,4096,7,10443285059
1483,115116392785,352233,115116745018,6,0,1,18944,6,10729068691
1484,115116505376,438268,115116943644,5,0,1,22016,5,6632831385
1485,115116521538,210210,115116731748,6,0,0,9216,6,2776538646
1486,115116700910,34275,115116735185,8,0,0,59904,8,5587813692
1487,115117042042,61912,115117103954,0,0,1,9216,0,6784609266
1488,115117239614,83620,115117323234,0,0,1,19968,0,1930392944
1489,115117377771,5322,115117383093,7,0,0,5632,7,252603965
1490,115117688181,11270,115117699451,6,0,0,18432,6,2036799578
1491,115117725902,131388,115117857290,6,0,1,38400,6,1471270646
1492,115117754331,144681,115117899012,6,0,1,65536,6,8451938711
1493,115118707834,1038,115118708872,9,0,1,67584,9,9438778575
1494,115118754754,111952,115118866706,3,0,1,63488,3,3364453717
1495,115118757993,155092,115118913085,0,0,0,1024,0,8400237800
1496,115118823666,260174,115119083840,5,0,1,245248,5,125212136
1497,115118959015,150613,115119109628,1,0,1,30208,1,7935806801
1498,115119124896,86224,115119211120,5,0,1,18432,5,56324245
1499,115119305777,63292,115119369069,7,0,1,8704,7,6487037080
1500,115119322614,125247,115119447861,1,0,1,105984,1,2159959929
1501,115119339119,154606,115119493725,3,0,1,12288,3,9109388839
1502,115119434291,74382,115119508673,6,0,1,5632,6,681751616
1503,115119647911,104308,115119752219,1,0,1,42496,1,4157196706
1504,115119788927,122248,115119911175,2,0,1,101376,2,5932296513
1505,115119893766,192134,115120085900,8,0,0,286720,8,10216366989
1506,115120032281,1990,115120034271,7,0,1,101376,7,6275879592
1507,115120141320,335467,115120476787,9,0,1,177664,9,5072772527
1508,115120168885,212334,115120381219,7,0,0,2048,7,8190736637
1509,115120189433,333568,115120523001,1,0,1,111616,1,6671160493
1510,115120405099,44245,115120449344,6,0,1,47104,6,5733445406
1511,115120452306,108096,115120560402,8,0,0,35328,8,2779360836
1512,115120468667,118970,115120587637,6,0,1,70144,6,6565479596
1513,115120685387,5322,115120690709,6,0,0,5632,6,491198212
1514,115120759791,6750,115120766541,0,0,0,7168,0,6602752906
1515,115120911340,3900,115120915240,5,0,1,164864,5,7861442969
1516,115120967495,190744,115121158239,1,0,1,11776,1,5868660062
1517,115120978339,138188,115121116527,6,0,0,10752,6,4094996790
1518,115121033869,187573,115121221442,1,0,1,144896,1,10586312363
1519,115121098891,123186,115121222077,5,0,1,2048,5,9669004927
1520,115121233125,62224,115121295349,1,0,1,10240,1,7527190354
1521,115121357882,6274,115121364156,7,0,0,6656,7,8341091656
1522,115121466595,111252,115121577847,9,0,1,20480,9,8866509116
1523,115121776307,114448,115121890755,0,0,1,75776,0,1769375039
1524,115122025386,151600,115122176986,5,0,1,137216,5,3129665800
1525,115122140351,77958,115122218309,8,0,0,131584,8,5245315897
1526,115122146641,118014,115122264655,6,0,1,2560,6,1690458781
1527,115122367294,12562,115122379856,6,0,0,20992,6,7827170033
1528,115122549191,52360,115122601551,7,0,1,3072,7,1899384973
1529,115122805760,20362,115122826122,0,0,0,32768,0,6825941592
1530,115122898733,4846,115122903579,6,0,1,153088,6,9715317426
1531,115122899297,204536,115123103833,6,0,0,5120,6,9649783270
1532,115123028764,109613,115123138377,7,0,1,30720,7,10375749118
1533,115123132783,67186,115123199969,3,0,1,8192,3,3156926932
1534,115123323047,186376,115123509423,6,0,1,150528,6,10540904824
1535,115123570640,111328,115123681968,6,0,1,65536,6,6213741949
1536,115123725882,4933,115123730815,1,0,1,1536,1,9834204070
1537,115123732047,47284,115123779331,6,0,0,12800,6,652088226
1538,115123857036,3894,115123860930,7,0,1,109056,7,7475159827
1539,115123940483,124588,115124065071,0,0,0,4096,0,10696871148
1540,115123950499,34775,115123985274,0,0,0,10240,0,2454462158
1541,115123971320,7226,115123978546,0,0,1,120832,0,4026732662
1542,115124012385,147780,115124160165,0,0,0,7680,0,685914492
1543,115124197480,124276,115124321756,7,0,1,108032,7,8376670719
1544,115124208825,154541,115124363366,9,0,1,31744,9,2105918194
1545,115124224242,219578,115124443820,0,0,1,82944,0,10648955
1546,115124438767,131661,115124570428,7,0,1,115712,7,1146819535
1547,115124444130,172204,115124616334,1,0,1,38400,1,7567366886
1548,115124489414,128959,115124618373,1,0,1,6656,1,9114551353
1549,115124829525,13079,115124842604,0,0,0,22016,0,9671362679
1550,115124949945,23979,115124973924,8,0,0,39936,8,2561566416
1551,115125012599,609679,115125622278,7,0,0,987136,7,6792757704
1552,115125050706,590483,115125641189,1,0,1,99328,1,9261250405
1553,115125101318,154274,115125255592,3,0,1,195584,3,9203148320
1554,115125254105,788280,115126042385,5,0,1,83456,5,9119847132
1555,115125537538,610320,115126147858,7,0,0,40448,7,7337565825
1556,115125604611,358282,115125962893,3,0,1,45056,3,2472038094
1557,115125619692,955133,115126574825,8,0,0,1549824,8,903043046
1558,115125732559,847963,115126580522,6,0,0,18944,6,3041850007
1559,115125817493,835659,115126653152,8,0,0,241152,8,6820807343
1560,115125842897,835972,115126678869,0,0,0,81920,0,8975052094
1561,115125885797,630831,115126516628,8,0,0,161280,8,6730670753
1562,115125898571,881534,115126780105,8,0,0,208896,8,230820015
1563,115126136489,891897,115127028386,6,0,1,193024,6,1191650473
1564,115126745979,275363,115127021342,3,0,1,71168,3,7565756753
1565,115127147072,167338,115127314410,3,0,1,118272,3,10161948488
1566,115127181602,39333,115127220935,0,0,1,88064,0,6928706925
1567,115127282295,227579,115127509874,6,0,0,7680,6,6571364725
1568,115127553502,114071,115127667573,8,0,0,185344,8,8049542010
1569,115127584117,86362,115127670479,6,0,0,4608,6,9480127314
1570,115127645759,242854,115127888613,0,0,1,52224,0,1535201766
1571,115127905210,106960,115128012170,6,0,1,51200,6,1013178766
1572,115127929199,225704,115128154903,8,0,0,366080,8,7599306986
1573,115128007897,149272,115128157169,0,0,0,3584,0,5770999728
1574,115128097404,203273,115128300677,6,0,1,56320,6,6157133296
1575,115128390473,3418,115128393891,6,0,0,3584,6,465633319
1576,115128417496,50936,115128468432,1,0,1,512,1,4480450281
1577,115128693907,112420,115128806327,5,0,1,69120,5,5999368817
1578,115128788306,127157,115128915463,3,0,1,58368,3,10399995327
1579,115128894348,99472,115128993820,3,0,1,26624,3,8159787863
1580,115129164991,4370,115129169361,0,0,0,4608,0,1667614744
1581,115129520907,4370,115129525277,0,0,0,4608,0,9233486453
1582,115129531059,3641,115129534700,0,0,0,10240,0,4407720913
1583,115129538085,6225,115129544310,0,0,0,15360,0,2435774518
1584,115129550879,128525,115129679404,9,0,1,74752,9,9197232328
1585,115129835386,111328,115129946714,7,0,1,65536,7,7256671924
1586,115129882329,363329,115130245658,8,0,0,801280,8,7030645289
1587,115129940801,313374,115130254175,9,0,1,13312,9,7175752344
1588,115129965424,497570,115130462994,6,0,1,74240,6,8109124453
1589,115130066514,505377,115130571891,6,0,1,64512,6,8425223264
1590,115130218990,279881,115130498871,8,0,0,399872,8,2417274976
1591,115130347374,241851,115130589225,0,0,1,10752,0,7011508116
1592,115130588124,11012,115130599136,1,0,1,135680,1,5542234990
1593,115130818022,289661,115131107683,7,0,1,14336,7,5823480757
1594,115130818781,104120,115130922901,6,0,0,17920,6,295584495
1595,115130854145,255149,115131109294,5,0,1,215552,5,2669980393
1596,115131043665,163713,115131207378,0,0,1,27136,0,2094598080
1597,115131139453,165311,115131304764,7,0,1,118784,7,677749869
1598,115131162364,5450,115131167814,5,0,1,31232,5,7914188727
1599,115131312772,185186,115131497958,0,0,0,13824,0,5993942480
1600,115131469404,101812,115131571216,0,0,1,34304,0,7971034391
1601,115131587081,112576,115131699657,7,0,1,69632,7,8617053593
1602,115131631184,1038,115131632222,7,0,1,278528,7,1878194716
1603,115131736924,268384,115132005308,0,0,0,1024,0,2000368829
1604,115131853165,170671,115132023836,0,0,1,108032,0,6434803716
1605,115132114713,517413,115132632126,8,0,0,1245184,8,10673157285
1606,115132126968,412325,115132539293,7,0,1,8704,7,1643365860
1607,115132168464,482492,115132650956,6,0,0,36864,6,3903772996
1608,115132174772,769612,115132944384,6,0,1,89600,6,9511373048
1609,115132220651,726998,115132947649,6,0,0,35840,6,8721266148
1610,115132344257,685743,115133030000,7,0,1,105984,7,1177060018
1611,115132382121,263819,115132645940,5,0,1,69632,5,10560249444
1612,115132645161,774061,115133419222,6,0,0,4096,6,4378377282
1613,115132850978,244716,115133095694,1,0,1,1536,1,4702499825
1614,115133102582,4370,115133106952,7,0,1,24576,7,5319858102
1615,115133275337,204123,115133479460,0,0,0,4608,0,457910210
1616,115133309032,118348,115133427380,0,0,1,88576,0,5159316739
1617,115133388313,18725,115133407038,0,0,1,125440,0,2285516379
1618,115133410637,155777,115133566414,6,0,0,2048,6,7401404434
1619,115133518861,72505,115133591366,7,0,1,1536,7,6039271053
1620,115133675252,104620,115133779872,6,0,1,43520,6,3905804883
1621,115134204652,64221,115134268873,0,0,0,104960,0,8710877653
1622,115134259196,54008,115134313204,7,0,0,91648,7,4693736669
1623,115134341851,101968,115134443819,6,0,1,34816,6,6969282368
1624,115134447808,212737,115134660545,8,0,0,344064,8,5127174578
1625,115134492424,182886,115134675310,0,0,1,3584,0,6143278612
1626,115134499673,242570,115134742243,5,0,1,17408,5,9931553397
1627,115134506048,262815,115134768863,0,0,1,4096,0,7538407369
1628,115134583102,216333,115134799435,0,0,1,62464,0,9289883990
1629,115134590094,309323,115134899417,6,0,1,8192,6,2827552933
1630,115134805817,331302,115135137119,8,0,0,911872,8,1754818927
1631,115134936496,561377,115135497873,4,0,1,49152,4,1859387983
1632,115134952168,232993,115135185161,5,0,1,2560,5,5239954257
1633,115135137747,456220,115135593967,6,0,0,5632,6,7525560258
1634,115135164277,3894,115135168171,6,0,1,139776,6,7895264489
1635,115135180265,427901,115135608166,6,0,1,16896,6,6519720625
1636,115135544768,417072,115135961840,6,0,0,4096,6,5248658355
1637,115135547278,370725,115135918003,7,0,0,605184,7,6618751742
1638,115135641475,323493,115135964968,0,0,0,151040,0,248701294
1639,115135742641,100180,115135842821,1,0,1,43520,1,2776671154
1640,115135840458,291709,115136132167,7,0,1,5632,7,4518404650
1641,115135867054,169203,115136036257,7,0,0,3584,7,10343447719
1642,115135943444,206161,115136149605,1,0,1,19968,1,1115793367
1643,115136012672,390913,115136403585,5,0,1,15360,5,510536633
1644,115136022012,225207,115136247219,7,0,1,117248,7,9719004263
1645,115136438492,407610,115136846102,8,0,0,963072,8,5737514924
1646,115136450210,592183,115137042393,0,0,0,818176,0,9807592279
1647,115136456003,833467,115137289470,8,0,0,81408,8,6136382305
1648,115136571599,849794,115137421393,0,0,0,182272,0,7845707704
1649,115136584191,791122,115137375313,9,0,1,5632,9,5145390745
1650,115136689767,735421,115137425188,0,0,0,200704,0,7231584131
1651,115137171132,285110,115137456242,8,0,0,107520,8,5327937936
1652,115137221112,204441,115137425553,6,0,1,66048,6,1743996310
1653,115137288398,415490,115137703888,0,0,0,117760,0,9222772682
1654,115137299467,140195,115137439662,0,0,1,23040,0,1644737952
1655,115137597527,463335,115138060862,1,0,1,4096,1,7702935142
1656,115137729961,241116,115137971077,2,0,1,32768,2,7186788092
1657,115137743401,292426,115138035827,1,0,1,3072,1,7927153579
1658,115138034776,114868,115138149644,5,0,1,36352,5,303513752
1659,115138062466,230166,115138292632,9,0,1,35840,9,9236556238
1660,115138073200,317604,115138390804,0,0,0,515072,0,6662056635
1661,115138140428,266236,115138406664,8,0,0,51200,8,7683773854
1662,115138314698,382063,115138696761,1,0,1,225280,1,3498792243
1663,115138572940,125564,115138698504,7,0,1,5632,7,10532698553
1664,115138613019,71220,115138684239,5,0,1,24064,5,3085102195
1665,115138632329,143756,115138776085,3,0,1,16384,3,4176238588
1666,115138641784,157704,115138799488,7,0,0,28160,7,2629144938
1667,115138747077,91237,115138838314,7,0,0,147456,7,5435494737
1668,115138762781,206814,115138969595,1,0,1,53760,1,678815029
1669,115138797368,176138,115138973506,9,0,1,12800,9,5739083367
1670,115139026858,126616,115139153474,1,0,1,115712,1,8308917910
1671,115139095009,134491,115139229500,7,0,0,221696,7,7748676073
1672,115139131468,104343,115139235811,6,0,0,22016,6,3610680660
1673,115139248521,247648,115139496169,6,0,1,70144,6,9193534232
1674,115139312560,231849,115139544409,3,0,1,72192,3,2980449458
1675,115139327859,172996,115139500855,7,0,0,594944,7,4555355068
1676,115139359101,367196,115139726297,7,0,1,44544,7,7903821991
1677,115139513638,32522,115139546160,1,0,1,2048,1,4148188453
1678,115139566665,355893,115139922558,0,0,1,74752,0,1237176490
1679,115139665759,305149,115139970908,6,0,0,5120,6,4423743234
1680,115139691081,97528,115139788609,9,0,1,94720,9,536599728
1681,115139774297,288915,115140063212,8,0,0,135680,8,6403328245
1682,115140168074,194800,115140362874,5,0,1,178176,5,9032969876
1683,115140237861,181221,115140419082,3,0,1,62976,3,3646996169
1684,115140435146,100408,115140535554,5,0,1,29696,5,779633077
1685,115140502244,68110,115140570354,1,0,1,512,1,4707016902
1686,115140504230,127936,115140632166,1,0,1,47104,1,135716942
1687,115140716819,1038,115140717857,0,0,1,6656,0,8740717989
1688,115140750360,64204,115140814564,6,0,0,1024,6,1945079215
1689,115140868534,110236,115140978770,3,0,1,61952,3,9689660532
1690,115140961999,124971,115141086970,5,0,1,55296,5,2033564655
1691,115141206412,107740,115141314152,9,0,1,53760,9,9662088306
1692,115141216141,139999,115141356140,6,0,1,17920,6,1570159715
1693,115141232371,163723,115141396094,2,0,1,94720,2,757270931
1694,115141282601,117716,115141400317,7,0,1,13824,7,8154436719
1695,115141359316,110302,115141469618,0,0,1,36352,0,1963028837
1696,115141807174,730323,115142537497,8,0,0,1650688,8,2986459334
1697,115141889818,505435,115142395253,3,0,1,31744,3,6412441488
1698,115141917249,821280,115142738529,7,0,1,55296,7,3638586866
1699,115141940568,437357,115142377925,0,0,0,146432,0,2780496219
1700,115141996175,815369,115142811544,1,0,1,86016,1,2872472123
1701,115142009805,1017175,115143026980,7,0,1,140288,7,5100321695
1702,115142163865,926330,115143090195,6,0,1,31232,6,325719260
1703,115142191580,544206,115142735786,8,0,0,462848,8,54931731
1704,115142303080,816574,115143119654,0,0,1,96256,0,10435223231
1705,115142336744,706252,115143042996,0,0,1,512,0,9564887293
1706,115142347174,1151170,115143498344,3,0,1,60928,3,7146260387
1707,115142471356,689630,115143160986,7,0,0,452096,7,482499578
1708,115142589060,579641,115143168701,0,0,0,53760,0,4898348431
1709,115142737818,342606,115143080424,6,0,1,37888,6,7415637186
1710,115142812525,265983,115143078508,6,0,1,264192,6,1547347150
1711,115142832713,509269,115143341982,0,0,0,23552,0,3556612901
1712,115142873339,574658,115143447997,3,0,1,128000,3,3291698662
1713,115142927874,336886,115143264760,3,0,1,20480,3,8158375264
1714,115142965953,578037,115143543990,0,0,0,180736,0,2077485376
1715,115143055308,546475,115143601783,6,0,1,16384,6,1631614844
1716,115143084133,491727,115143575860,6,0,1,13824,6,9336868283
1717,115143279740,298345,115143578085,8,0,1,71680,8,6569265921
1718,115143291325,436507,115143727832,9,0,1,15360,9,6296203118
1719,115143351164,391891,115143743055,8,0,1,87552,8,3316766631
1720,115143552309,244860,115143797169,7,0,1,3072,7,3075903389
1721,115143650432,334395,115143984827,7,0,0,742912,7,399435008
1722,115143687223,328417,115144015640,9,0,1,39424,9,10172667177
1723,115143763453,458579,115144222032,8,0,1,28672,8,7819959702
1724,115143803350,295978,115144099328,2,0,1,10752,2,611656995
1725,115143815805,361053,115144176858,6,0,1,28672,6,9331252617
1726,115143821617,473991,115144295608,1,0,1,82944,1,1372917361
1727,115143850002,409538,115144259540,2,0,1,106496,2,5944484210
1728,115143889753,507791,115144397544,8,0,0,615936,8,1614134012
1729,115143930274,425403,115144355677,0,0,1,1024,0,6393046650
1730,115143931644,493291,115144424935,3,0,1,59904,3,5825521560
1731,115143958689,361552,115144320241,2,0,1,512,2,10386599692
1732,115144001037,642413,115144643450,6,0,1,92160,6,10510400257
1733,115144050306,660009,115144710315,0,0,0,757248,0,6804450302
1734,115144184311,2942,115144187253,6,0,0,3584,6,1602542318
1735,115144591599,771613,115145363212,0,0,1,47616,0,4700335726
1736,115144687577,273424,115144961001,7,0,1,65536,7,7429512335
1737,115144702200,284283,115144986483,6,0,0,3072,6,1754982085
1738,115144841046,94508,115144935554,9,0,1,183808,9,3686946386
1739,115144876390,323629,115145200019,7,0,1,147456,7,10733108985
1740,115144878277,352213,115145230490,7,0,0,157184,7,5257637107
1741,115144959983,480745,115145440728,3,0,1,77824,3,5873134046
1742,115145125448,178858,115145304306,3,0,1,26624,3,2200696192
1743,115145213668,322350,115145536018,2,0,1,38912,2,9338116449
1744,115145230372,336829,115145567201,0,0,1,56320,0,860251760
1745,115145522754,3383,115145526137,6,0,1,22528,6,7352825028
1746,115145637992,202734,115145840726,1,0,1,12800,1,2269699147
1747,115145680603,5967,115145686570,1,0,1,25088,1,7006105220
1748,115145704651,88252,115145792903,6,0,0,9728,6,9098175799
1749,115145735127,148054,115145883181,6,0,0,14848,6,10364484198
1750,115146008257,5450,115146013707,7,0,1,47104,7,6264356
1751,115146044293,105712,115146150005,8,0,0,13824,8,10496523143
1752,115146185006,85600,115146270606,1,0,1,16384,1,4548394789
1753,115146338290,212179,115146550469,2,0,1,234496,2,6873014548
1754,115146338509,226791,115146565300,8,0,1,48640,8,8019713512
1755,115146428287,147166,115146575453,1,0,1,11776,1,1554394176
1756,115146466623,208208,115146674831,0,0,0,342016,0,2251800179
1757,115146549252,130085,115146679337,6,0,0,7168,6,823485961
1758,115146572968,127055,115146700023,0,0,0,66048,0,3552533911
1759,115146587723,174460,115146762183,7,0,0,207360,7,4331478478
1760,115146667787,283355,115146951142,3,0,1,132608,3,9789319020
1761,115146889731,90941,115146980672,5,0,1,1024,5,1844151839
1762,115146912718,190585,115147103303,1,0,1,17408,1,492960009
1763,115146939453,71152,115147010605,6,0,1,25088,6,5874350849
1764,115147109395,273144,115147382539,6,0,1,14336,6,5693617582
1765,115147197906,1514,115147199420,6,0,0,1536,6,6629729334
1766,115147331335,103216,115147434551,5,0,1,38912,5,2501939140
1767,115147364822,334237,115147699059,0,0,0,540672,0,9959677877
1768,115147368092,337380,115147705472,7,0,0,30720,7,6644571349
1769,115147374421,335557,115147709978,6,0,0,7168,6,5060699949
1770,115147405592,314671,115147720263,6,0,1,222720,6,6894334126
1771,115147453867,375655,115147829522,8,0,0,392192,8,9770434869
1772,115147503709,510668,115148014377,0,0,1,10752,0,4344044956
1773,115147505980,252264,115147758244,8,0,1,33280,8,4473894901
1774,115147639508,467288,115148106796,5,0,1,144896,5,4014902332
1775,115147664015,288832,115147952847,7,0,0,254464,7,740727599
1776,115147751553,47163,115147798716,7,0,0,435200,7,8152013895
1777,115147848402,530421,115148378823,5,0,1,31744,5,2224737004
1778,115147929437,462549,115148391986,6,0,1,99840,6,2630323068
1779,115147995808,314245,115148310053,0,0,0,4096,0,8722078407
1780,115148013461,473134,115148486595,8,0,0,508416,8,5631452391
1781,115148067457,420746,115148488203,7,0,0,548864,7,3000267835
1782,115148081319,439214,115148520533,0,0,1,17920,0,9112628682
1783,115148396375,473600,115148869975,0,0,0,756736,0,4065259831
1784,115148464347,296455,115148760802,6,0,1,59392,6,8956286469
1785,115148482322,654916,115149137238,7,0,1,137728,7,5806146723
1786,115148486782,456789,115148943571,7,0,1,43520,7,720573517
1787,115148529279,445672,115148974951,6,0,1,27136,6,7739133406
1788,115148559693,680094,115149239787,2,0,1,131584,2,3089995538
1789,115148603988,507805,115149111793,8,0,1,48640,8,9900837994
1790,115148710256,767379,115149477635,9,0,1,97792,9,6268736171
1791,115148733085,95245,115148828330,3,0,1,3584,3,6138279668
1792,115148735424,843556,115149578980,0,0,1,17408,0,1626542979
1793,115148754004,786903,115149540907,3,0,1,107008,3,6398420943
1794,115148793192,586073,115149379265,2,0,1,5120,2,10470398983
1795,115148881626,464053,115149345679,7,0,1,47104,7,444123141
1796,115149053464,606684,115149660148,1,0,1,39936,1,9632607963
1797,115149131104,327786,115149458890,6,0,1,45056,6,10575671349
1798,115149134003,365837,115149499840,0,0,1,43520,0,4147449211
1799,115149164197,475995,115149640192,6,0,0,5632,6,341914294
1800,115149315170,167450,115149482620,3,0,1,46080,3,1925713902
1801,115149428891,316942,115149745833,8,0,0,275968,8,6832962489
1802,115149457965,430778,115149888743,5,0,1,124416,5,2029237558
1803,115149556624,348354,115149904978,1,0,1,53248,1,10154780947
1804,115149617238,535198,115150152436,8,0,1,348672,8,3487375531
1805,115149817903,358256,115150176159,9,0,1,77824,9,8624306322
1806,115149945016,378122,115150323138,0,0,0,1093632,0,670915481
1807,115149963621,486751,115150450372,8,0,0,20480,8,9723804446
1808,115150184904,726650,115150911554,6,0,1,203264,6,7767927128
1809,115150193488,708056,115150901544,7,0,1,7168,7,4536654879
1810,115150388763,282925,115150671688,6,0,0,44544,6,1637176578
1811,115150510019,62312,115150572331,3,0,1,36864,3,792333385
1812,115150604333,305897,115150910230,5,0,1,22016,5,4568639497
1813,115150609387,274442,115150883829,7,0,0,49664,7,6747229797
1814,115150742446,220168,115150962614,6,0,1,62976,6,10116920994
1815,115150758512,308166,115151066678,8,0,0,503296,8,8701751302
1816,115150787000,341554,115151128554,0,0,0,834048,0,8957405403
1817,115150920304,637134,115151557438,8,0,1,19456,8,1942386753
1818,115151095026,648630,115151743656,7,0,0,1670656,7,7571776837
1819,115151258780,497403,115151756183,8,0,0,260608,8,3818052578
1820,115151396501,610857,115152007358,2,0,1,163840,2,1866905047
1821,115151511155,1100214,115152611369,6,0,0,3584,6,5263988109
1822,115151514591,1014838,115152529429,0,0,0,99328,0,5665422899
1823,115151551702,764729,115152316431,3,0,1,29184,3,632263232
1824,115151569423,792347,115152361770,9,0,1,71168,9,1259755727
1825,115151628504,681660,115152310164,6,0,0,5120,6,10678311546
1826,115151774613,558695,115152333308,0,0,0,94208,0,539307908
1827,115152091516,286547,115152378063,9,0,1,24064,9,444547346
1828,115152215185,331764,115152546949,3,0,1,33792,3,4810799865
1829,115152340112,32812,115152372924,6,0,1,20480,6,2207752436
1830,115152528161,327413,115152855574,7,0,1,112640,7,9021962112
1831,115152584218,61378,115152645596,8,0,0,53760,8,8874741168
1832,115152713961,293720,115153007681,7,0,0,99328,7,1554969910
1833,115152721766,283644,115153005410,6,0,1,36864,6,8365352389
1834,115152744703,307479,115153052182,7,0,0,498688,7,3828355349
1835,115152830909,221827,115153052736,6,0,1,74752,6,574913389
1836,115152862126,283895,115153146021,8,0,0,111104,8,3011078343
1837,115153219207,144842,115153364049,7,0,1,102400,7,4492729264
1838,115153303346,67989,115153371335,5,0,1,5632,5,7334824608
1839,115153420484,165988,115153586472,8,0,0,269824,8,5663795380
1840,115153641865,114828,115153756693,6,0,1,47104,6,2425688250
1841,115153659019,187404,115153846423,6,0,1,27648,6,5487193755
1842,115153861318,2466,115153863784,6,0,0,2560,6,7016190511
1843,115153943765,43900,115153987665,5,0,1,512,5,2217403460
1844,115153945073,68680,115154013753,5,0,1,11264,5,9883938389
1845,115154003473,209464,115154212937,7,0,1,226304,7,6400998632
1846,115154045486,194949,115154240435,1,0,1,88576,1,5017642112
1847,115154176692,159889,115154336581,2,0,1,105984,2,8120848787
1848,115154346883,106804,115154453687,6,0,1,50688,6,1393309922
1849,115154358523,108435,115154466958,7,0,1,43520,7,10266707536
1850,115154399491,226858,115154626349,8,0,1,184832,8,9178002902
1851,115154693136,102592,115154795728,5,0,1,36864,5,10073521854
1852,115154827310,1038,115154828348,6,0,1,38400,6,330363620
1853,115154865467,103060,115154968527,6,0,0,1024,6,3427301793
1854,115155021558,100876,115155122434,2,0,1,31232,2,8280251084
1855,115155103971,106960,115155210931,7,0,1,51200,7,5830303285
1856,115155211401,118348,115155329749,5,0,1,88576,5,6567241647
1857,115155403580,103216,115155506796,5,0,1,38912,5,321056722
1858,115155484756,115540,115155600296,2,0,1,79360,2,9343054435
1859,115155700390,104464,115155804854,6,0,1,43008,6,1158811308
1860,115155742707,140189,115155882896,5,0,1,71168,5,3501369737
1861,115155777102,252800,115156029902,7,0,1,164352,7,5061103793
1862,115155960971,77740,115156038711,7,0,1,10752,7,6267570245
1863,115156027179,118411,115156145590,3,0,1,79872,3,7905400734
1864,115156045002,289012,115156334014,5,0,1,252416,5,10249018448
1865,115156148336,189121,115156337457,8,0,1,11264,8,8821861017
1866,115156222305,117659,115156339964,3,0,1,8192,3,7616482832
1867,115156255200,233762,115156488962,0,0,0,378368,0,3642361714
1868,115156271582,435891,115156707473,0,0,1,201728,0,10595657512
1869,115156377672,362893,115156740565,2,0,1,15872,2,2045959309
1870,115156470234,449614,115156919848,8,0,1,306688,8,10573675342
1871,115156586947,365056,115156952003,0,0,1,105472,0,8250245707
1872,115156629586,335844,115156965430,3,0,1,44032,3,2125841347
1873,115156723235,303698,115157026933,2,0,1,100352,2,6490903308
1874,115156870084,158108,115157028192,0,0,1,4096,0,10328317203
1875,115156977950,458424,115157436374,8,0,0,979968,8,10048368397
1876,115157137326,617811,115157755137,8,0,1,97792,8,2497974348
1877,115157406256,324230,115157730486,1,0,1,6656,1,2209493022
1878,115157558783,258586,115157817369,8,0,0,1075712,8,9981728027
1879,115157884681,337342,115158222023,7,0,1,25600,7,2255637004
1880,115157942415,663251,115158605666,7,0,1,15872,7,4522544666
1881,115158010118,405712,115158415830,7,0,1,71168,7,5192345063
1882,115158332943,189841,115158522784,7,0,1,66048,7,8892817374
1883,115158464126,182620,115158646746,7,0,0,295424,7,3760469150
1884,115159058999,80638,115159139637,5,0,1,11264,5,5573543015
1885,115159060205,152140,115159212345,7,0,1,88576,7,1713592360
1886,115159280471,103060,115159383531,2,0,1,38400,2,5021537926
1887,115159346803,76325,115159423128,7,0,0,128512,7,7977333081
1888,115159370608,138028,115159508636,9,0,1,15872,9,7492034511
1889,115159438190,231279,115159669469,1,0,1,139776,1,2050296708
1890,115159546700,168207,115159714907,2,0,1,60928,2,1401741052
1891,115159667683,112262,115159779945,5,0,1,165376,5,480315316
1892,115159719245,219467,115159938712,7,0,0,181760,7,7977464820
1893,115159923091,299075,115160222166,8,0,0,488960,8,9673113493
1894,115160033805,10495,115160044300,8,0,1,32256,8,9299858761
1895,115160192745,225413,115160418158,9,0,1,40448,9,10017254856
1896,115160234186,394192,115160628378,3,0,1,36352,3,8188143131
1897,115160243240,252186,115160495426,0,0,1,54784,0,773401931
1898,115160281889,259835,115160541724,6,0,0,16896,6,44546351
1899,115160484600,67443,115160552043,1,0,1,2048,1,1162076872
1900,115160688539,101500,115160790039,0,0,1,33280,0,3549627449
1901,115160755139,178350,115160933489,4,0,0,293888,4,3387061524
1902,115160798166,177637,115160975803,7,0,0,554496,7,9940232452
1903,115160850727,273134,115161123861,2,0,1,43008,2,4324030607
1904,115160933109,386149,115161319258,3,0,1,18432,3,1247256415
1905,115161211506,24238,115161235744,3,0,1,20480,3,8641049433
1906,115161267314,185165,115161452479,9,0,1,57344,9,2330559022
1907,115161358541,279254,115161637795,8,0,0,40448,8,9030045522
1908,115161596312,88204,115161684516,0,0,1,14848,0,9062201626
1909,115161597123,188248,115161785371,0,0,1,156672,0,8125718413
1910,115161635483,170186,115161805669,0,0,1,55808,0,10016397122
1911,115161650053,183395,115161833448,8,0,0,296960,8,1815923696
1912,115161672922,352414,115162025336,8,0,1,11264,8,1960479290
1913,115161687554,370497,115162058051,1,0,1,128512,1,47703709
1914,115161695161,353105,115162048266,8,0,1,15872,8,2778609050
1915,115161905533,65611,115161971144,0,0,1,97280,0,6152641599
1916,115162005472,225134,115162230606,6,0,0,40960,6,3483113685
1917,115162157471,184921,115162342392,7,0,0,1264128,7,3210748033
1918,115162166691,627059,115162793750,8,0,1,31744,8,6647155332
1919,115162169360,781029,115162950389,1,0,1,41984,1,3695172357
1920,115162183861,421918,115162605779,9,0,1,111616,9,9062704869
1921,115162218943,776891,115162995834,7,0,0,192512,7,2799856925
1922,115162268784,732542,115163001326,6,0,0,17920,6,988847035
1923,115162485488,882403,115163367891,7,0,0,936448,7,6613289159
1924,115162521128,967491,115163488619,1,0,1,22528,1,7455434950
1925,115162524605,808983,115163333588,3,0,1,17408,3,917657361
1926,115162681361,288186,115162969547,1,0,1,144384,1,3277011562
1927,115162795201,565612,115163360813,0,0,1,207360,0,6432162588
1928,115162877085,826439,115163703524,0,0,1,19456,0,988318018
1929,115162898185,419069,115163317254,8,0,1,199680,8,177213330
1930,115163008871,36623,115163045494,6,0,0,4096,6,220274246
1931,115163084077,865008,115163949085,8,0,1,42496,8,4811998672
1932,115163088239,589091,115163677330,3,0,1,78336,3,6176873376
1933,115163106378,446975,115163553353,9,0,1,57856,9,2007336694
1934,115163174425,453531,115163627956,1,0,1,101376,1,8492553519
1935,115163228388,646664,115163875052,0,0,1,7168,0,7604534737
1936,115163236663,863757,115164100420,3,0,1,48640,3,4083636490
1937,115163261706,505184,115163766890,2,0,1,25600,2,10542055126
1938,115163496009,647322,115164143331,6,0,0,7680,6,6473084868
1939,115163739161,96557,115163835718,7,0,1,27136,7,2968199902
1940,115163765866,261970,115164027836,7,0,0,159232,7,880427252
1941,115163778007,299987,115164077994,1,0,0,916992,1,7271142061
1942,115163806164,484397,115164290561,6,0,0,512,6,13721223
1943,115163810047,607133,115164417180,6,0,0,5120,6,10731574375
1944,115163882858,579322,115164462180,0,0,1,69120,0,9753804610
1945,115163975936,578665,115164554601,0,0,1,38400,0,7168714113
1946,115164029145,314946,115164344091,7,0,0,489984,7,9712432897
1947,115164220484,509807,115164730291,7,0,1,18944,7,1044139926
1948,115164483212,328633,115164811845,1,0,1,34816,1,3615432339
1949,115164501146,454428,115164955574,7,0,0,2027520,7,8716223444
1950,115164507560,543946,115165051506,6,0,0,3072,6,8776562225
1951,115164763151,715156,115165478307,0,0,1,18432,0,9007684816
1952,115164800693,449464,115165250157,5,0,1,126976,5,9923097575
1953,115164828468,608552,115165437020,5,0,1,14336,5,3410203900
1954,115164833460,1250217,115166083677,2,0,1,53248,2,7428355848
1955,115164963450,1245582,115166209032,9,0,1,207872,9,3799122810
1956,115165142800,83308,115165226108,2,0,1,58368,2,5415805566
1957,115165148026,949626,115166097652,5,0,1,56832,5,3847820540
1958,115165232429,409000,115165641429,0,0,1,10752,0,7723785327
1959,115165590655,1237661,115166828316,7,0,1,80384,7,2112230774
1960,115165676350,934315,115166610665,6,0,0,31232,6,6254218934
1961,115165759000,168225,115165927225,2,0,1,11776,2,9332999446
1962,115165908478,376317,115166284795,8,0,1,15872,8,6140156878
1963,115165945875,396374,115166342249,8,0,0,277504,8,4132808690
1964,115165965254,357898,115166323152,8,0,1,20480,8,1416669286
1965,115166024608,572081,115166596689,7,0,0,1635328,7,1801564443
1966,115166078658,694802,115166773460,1,0,1,7168,1,9738526438
1967,115166103600,494837,115166598437,5,0,1,76288,5,4568110222
1968,115166230541,440527,115166671068,5,0,1,53248,5,1476492056
1969,115166286605,704125,115166990730,0,0,1,94208,0,837312389
1970,115166359583,1021330,115167380913,8,0,0,43520,8,2325214430
1971,115166409298,697185,115167106483,8,0,0,824832,8,1336061640
1972,115166442328,859058,115167301386,7,0,1,136192,7,8318116930
1973,115166458727,439533,115166898260,6,0,0,14336,6,3677560187
1974,115166503201,901101,115167404302,1,0,1,21504,1,1252457870
1975,115166682642,852952,115167535594,9,0,1,11776,9,9968872963
1976,115166842520,574078,115167416598,5,0,1,112128,5,3079392550
1977,115167052564,602107,115167654671,2,0,1,243712,2,9496466603
1978,115167470752,65917,115167536669,5,0,1,43520,5,1089822938
1979,115167498886,319524,115167818410,8,0,1,33792,8,8953583769
1980,115167642495,356352,115167998847,6,0,0,91136,6,2189167051
1981,115167713022,236359,115167949381,0,0,1,23040,0,1219023297
1982,115167901751,109838,115168011589,2,0,1,8192,2,9307126561
1983,115167912174,308462,115168220636,0,0,0,1688576,0,7984689133
1984,115168070470,708549,115168779019,3,0,1,107520,3,1788039382
1985,115168351099,1043503,115169394602,5,0,1,12288,5,9042896555
1986,115168991246,241599,115169232845,9,0,1,40960,9,5671412473
1987,115169036162,325920,115169362082,1,0,0,527872,1,5413271304
1988,115169225691,218571,115169444262,1,0,0,262144,1,8393061884
1989,115169252583,197990,115169450573,8,0,0,22016,8,7762504455
1990,115169384716,147329,115169532045,0,0,1,26624,0,7186237894
1991,115169556239,102654,115169658893,8,0,0,166400,8,9621490694
1992,115169596992,214016,115169811008,5,0,1,3072,5,4899745910
1993,115169679355,190126,115169869481,9,0,1,30208,9,8543586489
1994,115169760160,280162,115170040322,9,0,1,151552,9,4132105286
1995,115169764443,306187,115170070630,7,0,0,496128,7,4008059517
1996,115169782498,269157,115170051655,2,0,1,30720,2,7049432254
1997,115169820617,501641,115170322258,8,0,1,94208,8,6075806453
1998,115169941118,408369,115170349487,1,0,1,145920,1,2355786159
1999,115169994429,211327,115170205756,6,0,1,4608,6,3614978422
2000,115170066444,604351,115170670795,1,0,1,46080,1,8345711867
2001,115170164068,393012,115170557080,1,0,1,69632,1,1274748601
2002,115170253425,330414,115170583839,5,0,1,129536,5,3093112948
2003,115170329210,254640,115170583850,1,0,0,317952,1,5230175208
2004,115170352290,231571,115170583861,0,0,0,38912,0,9107002835
2005,115170353950,595942,115170949892,1,0,0,775168,1,2990428932
2006,115170534394,491907,115171026301,1,0,0,568832,1,4210511708
2007,115170571388,590788,115171162176,5,0,1,181760,5,1100621841
2008,115170634165,614363,115171248528,7,0,0,401920,7,2262257662
2009,115170733933,260281,115170994214,7,0,1,31744,7,3968981115
2010,115171091778,199646,115171291424,1,0,0,339968,1,5629787749
2011,115171214061,727463,115171941524,1,0,0,204800,1,1434759898
2012,115171458409,288550,115171746959,6,0,0,1175552,6,4059039798
2013,115171514189,168911,115171683100,7,0,0,991232,7,2347800987
2014,115171589328,726529,115172315857,6,0,0,503296,6,878339480
2015,115171632161,978781,115172610942,2,0,1,31744,2,2961063335
2016,115171807348,1058400,115172865748,0,0,1,52736,0,9508383093
2017,115171922586,475211,115172397797,1,0,0,558592,1,9737347984
2018,115172127809,896839,115173024648,8,0,1,93696,8,7274381601
2019,115172199105,761336,115172960441,5,0,1,38400,5,4632435458
2020,115172265722,648672,115172914394,7,0,1,25088,7,4932686132
2021,115172299604,602105,115172901709,0,0,0,1379328,0,6498505661
2022,115172312768,1001032,115173313800,1,0,1,1536,1,7870681890
2023,115172535081,901902,115173436983,1,0,0,449536,1,10037419330
2024,115172536304,614655,115173150959,0,0,0,453632,0,4081270976
2025,115172751628,445066,115173196694,6,0,0,266752,6,6297225217
2026,115172890965,1037845,115173928810,0,0,0,998912,0,5565055010
2027,115172904336,660437,115173564773,9,0,1,17920,9,8671871123
2028,115172926303,763612,115173689915,0,0,1,128512,0,6928959126
2029,115172958723,938298,115173897021,9,0,1,47104,9,7870726459
2030,115173106499,1160681,115174267180,0,0,1,69632,0,7688157604
2031,115173518611,724083,115174242694,7,0,1,49664,7,425821060
2032,115173519813,682836,115174202649,1,0,0,1020928,1,8890052375
2033,115173599233,732179,115174331412,8,0,1,29184,8,1639509777
2034,115173694522,844363,115174538885,8,0,0,380416,8,2075403697
2035,115173741780,236202,115173977982,2,0,1,8192,2,10477479927
2036,115173754506,387539,115174142045,8,0,0,269312,8,4924217126
2037,115173780675,793168,115174573843,9,0,1,164864,9,4779564526
2038,115173812849,543615,115174356464,7,0,1,372224,7,3288195254
2039,115173923855,1270442,115175194297,1,0,1,43008,1,644066374
2040,115174209798,543495,115174753293,1,0,1,199168,1,7780037839
2041,115174215466,1296104,115175511570,8,0,1,47104,8,6517719160
2042,115174314778,1464388,115175779166,7,0,1,15872,7,9555987695
2043,115174338772,1330766,115175669538,5,0,1,82944,5,7986126553
2044,115174394151,321699,115174715850,7,0,1,17408,7,4749988948
2045,115174786258,1083300,115175869558,6,0,0,989184,6,3458468323
2046,115174837061,242688,115175079749,1,0,0,35840,1,10504198521
2047,115174872978,376379,115175249357,7,0,1,3072,7,1423318219
2048,115174899317,365895,115175265212,2,0,1,38912,2,3046452368
2049,115174906425,581039,115175487464,2,0,1,183296,2,5816390144
2050,115175041223,680309,115175721532,8,0,1,58368,8,9479609868
2051,115175060112,824977,115175885089,2,0,1,13312,2,3468447750
2052,115175108268,787443,115175895711,5,0,1,10752,5,10694418059
2053,115175203746,572877,115175776623,1,0,0,367104,1,6676261823
2054,115175209915,724959,115175934874,6,0,0,440320,6,7972705301
2055,115175323396,423550,115175746946,7,0,0,870400,7,3274953732
2056,115175360973,688403,115176049376,1,0,0,95232,1,10189430970
2057,115175437565,1057265,115176494830,7,0,0,58368,7,1659577626
2058,115175504068,1046688,115176550756,9,0,1,121856,9,5534077250
2059,115175689270,579099,115176268369,8,0,1,100352,8,2063365376
2060,115175689426,1023282,115176712708,7,0,1,11264,7,3847513613
2061,115175722090,1036665,115176758755,0,0,0,887808,0,222483053
2062,115175881705,700209,115176581914,8,0,1,102912,8,3690585871
2063,115175973592,1127392,115177100984,7,0,0,1358336,7,8160026220
2064,115176067077,864326,115176931403,6,0,1,78336,6,3777451157
2065,115176105460,306260,115176411720,0,0,0,1536,0,4821129539
2066,115176147217,378061,115176525278,2,0,1,14336,2,9382436926
2067,115176179945,495175,115176675120,1,0,0,516096,1,3632406146
2068,115176618803,771720,115177390523,7,0,1,139264,7,4135113654
2069,115176760529,1545614,115178306143,2,0,1,43520,2,3252973728
2070,115176852905,1414732,115178267637,8,0,1,48640,8,3541930855
2071,115176894082,639682,115177533764,7,0,1,13824,7,1486413613
2072,115176952528,694063,115177646591,6,0,1,123392,6,9635993079
2073,115177002442,604955,115177607397,0,0,0,19968,0,9288842527
2074,115177047551,1616930,115178664481,8,0,1,13312,8,2044092387
2075,115177091002,813445,115177904447,9,0,1,143872,9,5052830828
2076,115177107517,827275,115177934792,7,0,0,855552,7,5190847496
2077,115177150648,284534,115177435182,1,0,1,9216,1,775026812
2078,115177154314,1057074,115178211388,8,0,0,1000448,8,2736879717
2079,115177347262,296560,115177643822,0,0,0,256512,0,4428757794
2080,115177703105,791560,115178494665,5,0,1,39936,5,6733482270
2081,115177771100,528652,115178299752,7,0,1,16896,7,2860203358
2082,115177778484,582752,115178361236,8,0,0,369664,8,8042472428
2083,115177914804,1571837,115179486641,5,0,1,29696,5,8856228181
2084,115177919420,560201,115178479621,7,0,0,204288,7,7713286678
2085,115177940853,394088,115178334941,6,0,0,188416,6,1894400601
2086,115177993388,1482916,115179476304,7,0,1,6656,7,6211811128
2087,115178143388,380365,115178523753,5,0,1,190976,5,7009860313
2088,115178184525,1207380,115179391905,2,0,1,60928,2,3446514420
2089,115178436079,1144360,115179580439,5,0,1,42496,5,4758800861
2090,115178485778,1188315,115179674093,6,0,1,49664,6,2120113620
2091,115178723918,554813,115179278731,1,0,0,381440,1,3899164504
2092,115178857562,389452,115179247014,9,0,1,66048,9,3288758575
2093,115178900417,316049,115179216466,1,0,0,44544,1,1986122334
2094,115178977447,240800,115179218247,8,0,0,13312,8,6811403509
2095,115179097092,538940,115179636032,2,0,1,37888,2,5093111853
2096,115179097725,487369,115179585094,6,0,0,603648,6,7687447790
2097,115179175215,443960,115179619175,1,0,0,89600,1,4006184687
2098,115179560654,439375,115180000029,7,0,0,709120,7,5022733944
2099,115179603006,192958,115179795964,8,0,1,16896,8,10702326321
2100,115179722271,439501,115180161772,0,0,1,122880,0,3860319278
2101,115179782195,405260,115180187455,6,0,1,23552,6,9456674770
2102,115179885916,94854,115179980770,8,0,0,268800,8,2937392456
2103,115180034443,678773,115180713216,6,0,1,160256,6,4748646691
2104,115180101736,43454,115180145190,1,0,0,154624,1,3036297359
2105,115180185929,516987,115180702916,8,0,1,19456,8,7955566286
2106,115180186739,285162,115180471901,8,0,1,54784,8,8005432268
2107,115180286961,448060,115180735021,7,0,0,71168,7,8122717545
2108,115180316619,100147,115180416766,7,0,0,461824,7,7830057903
2109,115180486740,94619,115180581359,2,0,1,140800,2,2359543322
2110,115180543159,543455,115181086614,8,0,0,141312,8,6916328864
2111,115180554998,500729,115181055727,8,0,0,22016,8,8095183077
2112,115180571382,478355,115181049737,7,0,1,80896,7,8982834207
2113,115180674461,518237,115181192698,0,0,1,59392,0,3006085368
2114,115180806592,537438,115181344030,7,0,0,1820672,7,3984722108
2115,115180812208,921997,115181734205,2,0,1,133632,2,9386086204
2116,115180964825,448339,115181413164,7,0,1,25600,7,3688790712
2117,115181146603,654457,115181801060,7,0,1,50688,7,4830642615
2118,115181288685,1125628,115182414313,7,0,1,9216,7,135944907
2119,115181337662,716067,115182053729,7,0,0,403968,7,7512610144
2120,115181355154,1191482,115182546636,0,0,0,1583104,0,9826875687
2121,115181386407,850763,115182237170,6,0,0,376320,6,3076733968
2122,115181409312,1284616,115182693928,6,0,1,206848,6,8373688767
2123,115181528761,402435,115181931196,7,0,0,91648,7,1598440468
2124,115181820249,1171336,115182991585,7,0,1,156672,7,8794096017
2125,115182285635,1426921,115183712556,7,0,1,33280,7,7263352236
2126,115182444674,428646,115182873320,5,0,1,107008,5,4658787725
2127,115182458878,488695,115182947573,5,0,1,84992,5,10396069372
2128,115182567386,96321,115182663707,1,0,1,108544,1,3929094363
2129,115182730095,43108,115182773203,9,0,1,109056,9,5936714965
2130,115182873534,42679,115182916213,9,0,1,58880,9,8196342124
2131,115182947561,516136,115183463697,8,0,0,160768,8,8783067324
2132,115183025989,431788,115183457777,8,0,0,73728,8,10177847813
2133,115183072204,790495,115183862699,1,0,0,69632,1,3689337817
2134,115183445357,12045,115183457402,2,0,1,85504,2,202013159
2135,115183704210,369534,115184073744,1,0,0,19968,1,7746319693
2136,115184134853,316741,115184451594,6,0,0,516608,6,10134864073
2137,115184216054,425377,115184641431,5,0,1,124416,5,10037454747
2138,115184320149,454050,115184774199,1,0,1,146432,1,6429521068
2139,115184467265,328325,115184795590,5,0,1,70144,5,7786695703
2140,115184558491,284387,115184842878,8,0,0,460288,8,6746527857
2141,115184725328,375843,115185101171,2,0,1,163840,2,7864271201
2142,115184738912,363366,115185102278,1,0,0,497152,1,8496464225
2143,115184754147,467573,115185221720,1,0,0,383488,1,10600724066
2144,115184819491,576275,115185395766,6,0,1,26624,6,10405211192
2145,115184863713,421649,115185285362,0,0,0,1106432,0,3289897086
2146,115184947957,918783,115185866740,7,0,0,26624,7,9157215029
2147,115184997492,840133,115185837625,6,0,0,17920,6,5996935332
2148,115185036161,796090,115185832251,6,0,1,5120,6,5625856243
2149,115185104198,715101,115185819299,7,0,0,81920,7,5837651415
2150,115185113391,612215,115185725606,1,0,0,159744,1,4862016973
2151,115185214161,603899,115185818060,1,0,0,462336,1,727123870
2152,115185253354,771856,115186025210,1,0,1,88576,1,4444822056
2153,115185281337,550313,115185831650,8,0,1,64512,8,9217836968
2154,115185302164,615846,115185918010,7,0,1,39936,7,8986452576
2155,115185342433,796698,115186139131,1,0,1,24576,1,359288548
2156,115185424143,613149,115186037292,8,0,0,93696,8,3275506580
2157,115185488037,442492,115185930529,1,0,0,271360,1,8519710953
2158,115185595720,631639,115186227359,0,0,0,114176,0,6877387361
2159,115185668965,556342,115186225307,1,0,1,77312,1,10129780727
2160,115185752122,457581,115186209703,8,0,0,185856,8,5374176350
2161,115185795901,272649,115186068550,6,0,1,83456,6,1158134511
2162,115185952884,303170,115186256054,0,0,0,147968,0,2955276697
2163,115185970354,515409,115186485763,1,0,1,2560,1,3248420868
2164,115186012980,481612,115186494592,1,0,1,104960,1,6622640568
2165,115186175068,383306,115186558374,6,0,1,42496,6,7954640495
2166,115186273085,451725,115186724810,9,0,0,736256,9,7572273625
2167,115186648985,81112,115186730097,7,0,0,25088,7,8874207014
2168,115186734535,358363,115187092898,8,0,0,581120,8,9237587726
2169,115186791333,679794,115187471127,8,0,0,909312,8,5834326785
2170,115186923112,640973,115187564085,7,0,0,297472,7,6987052198
2171,115187000787,635121,115187635908,7,0,1,88576,7,9814218455
2172,115187015896,568822,115187584718,9,0,1,27136,9,5311235396
2173,115187067105,680452,115187747557,9,0,0,214016,9,5018356660
2174,115187219293,462698,115187681991,2,0,1,164352,2,1989316953
2175,115187251576,366097,115187617673,8,0,0,267264,8,3661514501
2176,115187306262,24140,115187330402,2,0,1,7168,2,83218013
2177,115187350443,331671,115187682114,6,0,0,3584,6,515291999
2178,115187406354,617818,115188024172,6,0,1,2048,6,5429791786
2179,115187484994,533044,115188018038,7,0,1,2560,7,9226033141
2180,115187612661,355103,115187967764,6,0,1,6144,6,7090984028
2181,115187685348,252194,115187937542,5,0,1,125952,5,6035077491
2182,115187698097,203085,115187901182,7,0,0,27136,7,3715513274
2183,115187832075,405303,115188237378,1,0,0,316416,1,4546320415
2184,115187882397,220875,115188103272,8,0,0,227840,8,8104779011
2185,115187897489,344589,115188242078,1,0,0,382976,1,4845822080
2186,115187989996,268147,115188258143,0,0,0,52224,0,6931177583
2187,115188066201,126680,115188192881,5,0,1,91648,5,7258819230
2188,115188153173,168616,115188321789,8,0,0,71168,8,10186329142
2189,115188189103,23633,115188212736,8,0,0,249856,8,8468442
2190,115188191699,53579,115188245278,9,0,1,161280,9,7804217185
2191,115188359351,434143,115188793494,7,0,0,42496,7,3346825701
2192,115188408991,442008,115188850999,0,0,0,87552,0,5967527147
2193,115188653943,114587,115188768530,9,0,0,186368,9,9062648661
2194,115188672613,241077,115188913690,0,0,1,17920,0,9573094957
2195,115188677715,22429,115188700144,0,0,1,60416,0,1545223945
2196,115188768313,176826,115188945139,8,0,1,14336,8,1204502420
2197,115188904729,423040,115189327769,9,0,0,36864,9,9340723514
2198,115189118243,96575,115189214818,8,0,0,161280,8,7111813120
2199,115189484370,4846,115189489216,1,0,0,5120,1,5811068359
2200,115189670554,391234,115190061788,6,0,0,638464,6,1042961566
2201,115189706478,390251,115190096729,1,0,1,76800,1,88739021
2202,115189739239,386227,115190125466,8,0,0,217600,8,10567279318
2203,115189765988,332021,115190098009,1,0,1,30208,1,4527714953
2204,115189804471,315884,115190120355,9,0,1,118784,9,2065572776
2205,115189858688,570383,115190429071,0,0,0,177152,0,2329603831
2206,115189881565,526222,115190407787,6,0,0,49664,6,3747035226
2207,115190029839,162628,115190192467,4,0,1,44032,4,1150162764
2208,115190071179,371552,115190442731,8,0,1,50176,8,1521311987
2209,115190140038,498229,115190638267,8,0,0,263168,8,3538441141
2210,115190173291,463550,115190636841,0,0,0,674304,0,58414435
2211,115190196484,590392,115190786876,9,0,0,480768,9,6121859460
2212,115190286439,386638,115190673077,9,0,0,435712,9,6222147254
2213,115190424762,634254,115191059016,8,0,1,76288,8,2784709417
2214,115190431074,670699,115191101773,9,0,1,70144,9,2197870532
2215,115190628686,311018,115190939704,1,0,0,1187840,1,5188902739
2216,115190773316,266838,115191040154,6,0,1,2048,6,5826352610
2217,115190804362,576169,115191380531,3,0,0,1176576,3,10055843275
2218,115190824747,808114,115191632861,8,0,1,99840,8,9354908744
2219,115190912647,487831,115191400478,6,0,0,524800,6,5677147058
2220,115190945859,805591,115191751450,5,0,1,6144,5,2353027682
2221,115190992744,1000991,115191993735,5,0,1,23040,5,4437487199
2222,115191055190,871859,115191927049,9,0,1,3072,9,7089635518
2223,115191087968,555651,115191643619,9,0,1,173568,9,6416488650
2224,115191116091,711036,115191827127,1,0,0,598528,1,8962954555
2225,115191261478,1059878,115192321356,8,0,1,21504,8,3685143515
2226,115191378706,1043489,115192422195,6,0,1,54272,6,952467994
2227,115191407463,538495,115191945958,8,0,1,10752,8,1885902969
2228,115191636140,325496,115191961636,2,0,0,51200,2,8991055364
2229,115191855421,828316,115192683737,6,0,1,5632,6,8910448881
2230,115191894007,381550,115192275557,0,0,0,331264,0,7295721683
2231,115191903095,525970,115192429065,6,0,1,146944,6,5569324990
2232,115191946184,415357,115192361541,0,0,0,427008,0,8629766436
2233,115191948904,339231,115192288135,1,0,1,26112,1,3598042328
2234,115192063979,586238,115192650217,9,0,0,34304,9,6666223669
2235,115192106679,464167,115192570846,9,0,1,5120,9,5885333069
2236,115192167514,453690,115192621204,2,0,0,48128,2,6630241051
2237,115192188305,835512,115193023817,8,0,0,296448,8,2730613273
2238,115192188740,425559,115192614299,9,0,0,1084416,9,1377885507
2239,115192461141,317457,115192778598,8,0,0,780800,8,3187373247
2240,115192497928,918491,115193416419,8,0,1,52224,8,4276190658
2241,115192526097,430009,115192956106,8,0,0,65024,8,1200393548
2242,115192569451,633319,115193202770,6,0,1,24064,6,8269128093
2243,115192636939,546187,115193183126,9,0,0,832512,9,8836285830
2244,115192648756,690213,115193338969,5,0,1,18432,5,6510488341
2245,115192709261,996949,115193706210,9,0,0,406016,9,6672442919
2246,115192728725,968933,115193697658,5,0,1,49664,5,5246434562
2247,115192756413,321593,115193078006,8,0,1,44544,8,9467349217
2248,115192778863,402957,115193181820,1,0,1,13312,1,1560608609
2249,115192815669,744535,115193560204,2,0,0,207872,2,1968163499
2250,115192877717,789488,115193667205,7,0,0,263168,7,1924004566
2251,115192901474,1331870,115194233344,8,0,1,19456,8,7123847277
2252,115192938309,1416148,115194354457,7,0,0,441856,7,3160819929
2253,115192947788,660427,115193608215,1,0,0,671232,1,9291378971
2254,115193179310,1406016,115194585326,6,0,1,273920,6,5611551666
2255,115193187429,523040,115193710469,5,0,1,31232,5,8293631581
2256,115193215376,430529,115193645905,6,0,0,338432,6,7817007268
2257,115193236258,772743,115194009001,5,0,1,2560,5,5922968239
2258,115193529590,1483138,115195012728,7,0,0,237568,7,1128281457
2259,115193529920,609536,115194139456,9,0,1,105472,9,153220042
2260,115193533473,1632067,115195165540,7,0,0,689152,7,6834383763
2261,115193554049,593338,115194147387,5,0,1,19456,5,909912791
2262,115193704807,1888009,115195592816,8,0,0,33280,8,2657619124
2263,115193705811,676191,115194382002,1,0,0,87040,1,5058806607
2264,115193778949,1767416,115195546365,5,0,1,60416,5,9799946972
2265,115193807133,1550463,115195357596,6,0,1,72704,6,21442810
2266,115193870517,617408,115194487925,9,0,0,936448,9,6445820150
2267,115193872251,673968,115194546219,8,0,1,2560,8,3417395637
2268,115193912418,487099,115194399517,8,0,0,40448,8,3290789041
2269,115194154676,1872609,115196027285,5,0,1,25088,5,8015585890
2270,115194184566,1709331,115195893897,9,0,1,25600,9,1005093498
2271,115194245114,890817,115195135931,7,0,0,809984,7,5793848234
2272,115194276185,1751191,115196027376,0,0,0,418304,0,10524224556
2273,115194419727,1961467,115196381194,0,0,0,419840,0,2697555416
2274,115194519758,1943154,115196462912,0,0,0,1408000,0,8885185549
2275,115194557542,887461,115195445003,6,0,1,52224,6,9856222187
2276,115194591503,1958323,115196549826,8,0,0,9216,8,6185717493
2277,115194594154,719917,115195314071,6,0,0,979456,6,797817282
2278,115194597011,2215584,115196812595,9,0,1,23040,9,9446163422
2279,115194622453,740590,115195363043,8,0,1,45056,8,5560957885
2280,115194693861,1031641,115195725502,7,0,0,387072,7,6118469601
2281,115194800115,2279920,115197080035,6,0,1,53248,6,6680173113
2282,115194833693,1158935,115195992628,7,0,0,65536,7,6991920119
2283,115195086557,2719623,115197806180,0,0,0,704512,0,4729410924
2284,115195229418,2648134,115197877552,1,0,0,3038720,1,6752503214
2285,115195292840,1123047,115196415887,5,0,1,96768,5,2295634932
2286,115195553843,1541801,115197095644,9,0,1,49664,9,881305716
2287,115195763365,781383,115196544748,8,0,1,280064,8,10572990683
2288,115195813333,734893,115196548226,9,0,1,66560,9,297844733
2289,115195873568,3156275,115199029843,5,0,1,103424,5,545429430
2290,115195995974,3197668,115199193642,6,0,0,1681920,6,8483967481
2291,115196033925,3086791,115199120716,8,0,1,21504,8,9172965460
2292,115196113378,3116565,115199229943,1,0,0,413184,1,5534471961
2293,115196226946,699372,115196926318,6,0,1,50176,6,599011863
2294,115196455435,989129,115197444564,8,0,0,89088,8,8842117015
2295,115196584894,742631,115197327525,9,0,0,540672,9,9783592324
2296,115196702242,1823932,115198526174,9,0,1,61952,9,7590870036
2297,115196777915,616612,115197394527,1,0,1,95744,1,2432861284
2298,115196835783,1445275,115198281058,2,0,0,491008,2,5587931267
2299,115196860043,4284117,115201144160,9,0,0,1351680,9,1649152547
2300,115197012420,2248085,115199260505,1,0,0,17408,1,3414004356
2301,115197037603,4175028,115201212631,9,0,1,13824,9,1514243818
2302,115197387365,1347210,115198734575,1,0,0,591872,1,5641724789
2303,115197495726,1207854,115198703580,2,0,1,64512,2,2812835929
2304,115197697129,1734047,115199431176,1,0,1,13312,1,7398074291
2305,115197711874,597973,115198309847,1,0,0,484352,1,7576294285
2306,115197714675,4388481,115202103156,7,0,0,677888,7,5530074428
2307,115197800686,4061516,115201862202,6,0,0,262656,6,8038578013
2308,115197825999,1789136,115199615135,6,0,1,22528,6,9379904391
2309,115197880135,1877407,115199757542,2,0,0,171520,2,9899633587
2310,115197914962,726695,115198641657,8,0,0,995328,8,9638858722
2311,115197982819,1702006,115199684825,1,0,1,133120,1,9312977273
2312,115197988345,4218166,115202206511,9,0,0,541696,9,1472515921
2313,115198064825,4166716,115202231541,0,0,0,695296,0,5454178385
2314,115198091986,4674828,115202766814,7,0,0,101376,7,1011702204
2315,115198105626,4533217,115202638843,0,0,0,876544,0,5887983275
2316,115198114681,4379415,115202494096,8,0,1,62464,8,5645661419
2317,115198251330,4260816,115202512146,2,0,1,20992,2,3958728119
2318,115198395988,545814,115198941802,9,0,0,314368,9,4149542150
2319,115198648243,1394078,115200042321,7,0,0,200704,7,4319761666
2320,115198731130,1314054,115200045184,1,0,1,96256,1,6134147948
2321,115198749937,1860502,115200610439,5,0,1,84992,5,768648031
2322,115198800486,754097,115199554583,8,0,1,6144,8,1710824766
2323,115198862177,4671832,115203534009,7,0,0,347136,7,4755150612
2324,115198898005,1243486,115200141491,6,0,1,75776,6,4320874483
2325,115198910799,4682287,115203593086,7,0,0,335872,7,2135156476
2326,115199099286,4680749,115203780035,8,0,1,102912,8,1901702144
2327,115199115685,5027796,115204143481,2,0,0,401920,2,8250633086
2328,115199149150,5161709,115204310859,6,0,1,1024,6,3387090596
2329,115199153680,5359278,115204512958,2,0,0,242176,2,145653223
2330,115199209312,5369980,115204579292,1,0,0,844288,1,7383539699
2331,115199247031,5677449,115204924480,0,0,0,1581056,0,9663846500
2332,115199472443,2015977,115201488420,0,0,0,640000,0,10394467845
2333,115199723807,5630658,115205354465,0,0,0,971776,0,8686811102
2334,115199903875,1584023,115201487898,9,0,1,120320,9,5763354963
2335,115199927960,982020,115200909980,8,0,1,89600,8,1038964842
2336,115200095503,951341,115201046844,1,0,0,58880,1,3022065890
2337,115200297583,1698979,115201996562,7,0,0,527360,7,142469394
2338,115200399645,5535275,115205934920,6,0,1,182272,6,3764566928
2339,115200572006,2249230,115202821236,8,0,0,563200,8,9692400563
2340,115200687392,926106,115201613498,1,0,0,491520,1,10000856023
2341,115200740845,5480565,115206221410,9,0,0,197632,9,4246464456
2342,115200773237,1541697,115202314934,8,0,1,38912,8,6151057617
2343,115200888123,5578203,115206466326,1,0,1,4608,1,691374040
2344,115200926132,5544704,115206470836,6,0,0,511488,6,6543021687
2345,115200967728,5597889,115206565617,7,0,0,1029632,7,5816635612
2346,115201101060,5866591,115206967651,9,0,0,71168,9,6514734536
2347,115201176974,1496063,115202673037,6,0,1,81408,6,1292228112
2348,115201519346,1528174,115203047520,6,0,1,41984,6,4340410475
2349,115201557900,1192420,115202750320,9,0,1,11264,9,1648117977
2350,115201687525,1601006,115203288531,6,0,0,2014720,6,1391699547
2351,115201695129,684331,115202379460,2,0,0,153600,2,3253960028
2352,115201754972,1141411,115202896383,6,0,0,433152,6,6514506871
2353,115201843252,6600318,115208443570,1,0,0,130560,1,1808333775
2354,115201931623,6632656,115208564279,5,0,1,16384,5,2649930380
2355,115202046288,6752388,115208798676,8,0,1,133632,8,6160208155
2356,115202063105,6396736,115208459841,2,0,0,620032,2,2181800592
2357,115202270769,6403937,115208674706,7,0,0,273920,7,4876454733
2358,115202313105,6345441,115208658546,6,0,0,532992,6,2366449065
2359,115202324534,1372445,115203696979,8,0,0,1043968,8,3149744015
2360,115202340612,6418031,115208758643,1,0,0,94208,1,10612197346
2361,115202404063,6450130,115208854193,7,0,0,773632,7,6584266532
2362,115202432804,985395,115203418199,6,0,1,31232,6,6471358066
2363,115202456863,6475863,115208932726,9,0,1,24576,9,5664265937
2364,115202665523,1246116,115203911639,1,0,0,156672,1,10701070011
2365,115202939469,917533,115203857002,5,0,1,40448,5,9091828729
2366,115203071158,6881060,115209952218,9,0,1,29696,9,1289876785
2367,115203170915,6772182,115209943097,5,0,1,214528,5,461127076
2368,115203339315,226580,115203565895,8,0,0,941568,8,9104669750
2369,115203394528,272777,115203667305,9,0,1,66560,9,4611397131
2370,115203806090,734200,115204540290,6,0,1,5632,6,10199114184
2371,115203849970,1089609,115204939579,1,0,1,73216,1,527704051
2372,115203904281,865450,115204769731,1,0,1,27648,1,5337071770
2373,115203929085,1112134,115205041219,7,0,0,389632,7,9770605280
2374,115203968573,335664,115204304237,7,0,0,613888,7,6261536152
2375,115204027856,625186,115204653042,8,0,0,38912,8,5443936849
2376,115204201032,7349441,115211550473,3,0,1,46080,3,1337562410
2377,115204473225,7415422,115211888647,1,0,1,141824,1,8381427630
2378,115204479786,385693,115204865479,8,0,0,23040,8,4735225713
2379,115204500892,7541324,115212042216,0,0,0,555008,0,2258688068
2380,115204691011,7503419,115212194430,0,0,0,208896,0,10110394348
2381,115204698757,512867,115205211624,2,0,0,1929216,2,9449700432
2382,115204799046,2100655,115206899701,2,0,0,961024,2,4125091099
2383,115204878972,326720,115205205692,8,0,0,1481216,8,2198374292
2384,115204887082,7534633,115212421715,1,0,1,72704,1,1004471137
2385,115205094722,504600,115205599322,7,0,0,176128,7,10339729882
2386,115205440192,7442153,115212882345,8,0,0,332800,8,1100332208
2387,115205529346,7621663,115213151009,9,0,0,505856,9,4627298183
2388,115205597716,8014063,115213611779,0,0,0,198144,0,5137007585
2389,115205672177,8023535,115213695712,5,0,1,1024,5,4376402869
2390,115205685183,623762,115206308945,7,0,0,894464,7,8018867819
2391,115206254220,8293735,115214547955,1,0,1,108032,1,4305187657
2392,115206296206,539139,115206835345,1,0,1,17920,1,3553481427
2393,115206319880,8089316,115214409196,1,0,0,50688,1,7071190167
2394,115206338503,742837,115207081340,0,0,0,6144,0,9432493265
2395,115206419636,7795141,115214214777,0,0,0,850432,0,3015175526
2396,115206667229,729338,115207396567,2,0,0,412672,2,8144687233
2397,115206768871,7361590,115214130461,1,0,1,29696,1,1055997933
2398,115206942542,670401,115207612943,8,0,0,215040,8,10165001766
2399,115207412323,7590717,115215003040,5,0,1,333824,5,7476603628
2400,115207643828,7542393,115215186221,6,0,1,130048,6,801700314
2401,115207748908,7096979,115214845887,8,0,0,348672,8,3658312689
2402,115207855445,7291840,115215147285,8,0,0,615424,8,415248287
2403,115207866478,7180903,115215047381,1,0,1,212992,1,9634818265
2404,115207955502,1436231,115209391733,5,0,1,14848,5,8689556359
2405,115207959602,7968471,115215928073,2,0,1,179712,2,9832655033
2406,115207987988,993699,115208981687,1,0,1,58880,1,4931198691
2407,115208153681,1284064,115209437745,2,0,0,217600,2,2371648382
2408,115208154826,883362,115209038188,8,0,0,43008,8,977981292
2409,115208210419,8325138,115216535557,1,0,0,659968,1,7590181023
2410,115208254313,1707890,115209962203,6,0,1,7680,6,9964312668
2411,115208373850,8827825,115217201675,6,0,1,18944,6,8729747838
2412,115208431269,8681082,115217112351,7,0,0,253952,7,8045452371
2413,115208579258,8455686,115217034944,7,0,0,5632,7,8572839912
2414,115208655791,8573935,115217229726,1,0,1,13312,1,6876186597
2415,115208723501,8579692,115217303193,6,0,0,145920,6,1899913428
2416,115208815603,1176134,115209991737,7,0,0,182272,7,2489315866
2417,115208829746,1054730,115209884476,1,0,0,224256,1,10624165602
2418,115208835633,1257447,115210093080,9,0,1,4096,9,1754475016
2419,115208910592,556617,115209467209,5,0,1,29184,5,9823386938
2420,115209012642,1530986,115210543628,8,0,0,242176,8,2251406709
2421,115209190325,911422,115210101747,5,0,1,13312,5,495533129
2422,115209201629,9016871,115218218500,9,0,1,70144,9,1085122693
2423,115209227927,8398700,115217626627,9,0,0,335360,9,9892579752
2424,115209267341,8383969,115217651310,6,0,0,12288,6,2941252258
2425,115209410539,8642058,115218052597,9,0,0,1669632,9,2774932853
2426,115209527675,8548390,115218076065,1,0,0,296960,1,2435620856
2427,115209538941,8357828,115217896769,2,0,0,10752,2,412151760
2428,115209783765,7688847,115217472612,6,0,0,566272,6,1253206198
2429,115209912334,7830275,115217742609,7,0,0,327168,7,6209885858
2430,115210021694,7617424,115217639118,1,0,0,824832,1,9657941158
2431,115210050640,7627058,115217677698,2,0,1,59392,2,9763084314
2432,115210091491,7826258,115217917749,6,0,0,1398272,6,10098549348
2433,115210159880,7714113,115217873993,6,0,0,48640,6,7397970751
2434,115210204344,7569670,115217774014,2,0,1,46592,2,3104889319
2435,115210357036,7476420,115217833456,2,0,0,1401344,2,7074606273
2436,115210360226,7450466,115217810692,5,0,1,512,5,3784651858
2437,115210375509,7526102,115217901611,9,0,0,721408,9,9584762604
2438,115210386209,740595,115211126804,0,0,0,77824,0,1285751086
2439,115210542834,563368,115211106202,2,0,1,32768,2,2043354735
2440,115210561042,7484743,115218045785,7,0,0,749056,7,402580596
2441,115210605660,724481,115211330141,1,0,0,19968,1,5575682618
2442,115210634423,1487178,115212121601,1,0,1,44032,1,965356304
2443,115210799835,7465442,115218265277,1,0,0,1280512,1,6556267740
2444,115210837512,7429450,115218266962,1,0,0,271872,1,4549252797
2445,115211051489,1265830,115212317319,6,0,0,141824,6,4717170274
2446,115211185451,591001,115211776452,5,0,1,13824,5,5607521411
2447,115211219970,382269,115211602239,1,0,0,625664,1,2977441630
2448,115211266334,682682,115211949016,7,0,0,129024,7,1263966782
2449,115211310649,288709,115211599358,2,0,0,23552,2,1477543106
2450,115211395080,561366,115211956446,1,0,0,815104,1,5995059541
2451,115211457011,8334297,115219791308,8,0,0,836608,8,1901730830
2452,115211511840,735866,115212247706,0,0,0,104448,0,5587582533
2453,115211566947,794812,115212361759,6,0,1,12800,6,708635912
2454,115211599694,8364830,115219964524,6,0,1,16896,6,8395087174
2455,115211735309,8354128,115220089437,2,0,0,443904,2,1842636401
2456,115211747845,1709534,115213457379,2,0,0,139776,2,9119912042
2457,115211822729,8404244,115220226973,0,0,0,310784,0,3959311272
2458,115211853401,8338059,115220191460,5,0,1,210944,5,3703521613
2459,115211900027,1652087,115213552114,6,0,0,535040,6,6910543163
2460,115212028125,722089,115212750214,6,0,0,401920,6,4295351639
2461,115212031080,8600399,115220631479,6,0,1,57856,6,9138790274
2462,115212242628,774529,115213017157,7,0,0,142848,7,10233567916
2463,115212335243,423670,115212758913,2,0,0,563200,2,8239377716
2464,115212436243,677235,115213113478,0,0,0,100864,0,2070599844
2465,115212824550,9093837,115221918387,0,0,0,1187840,0,9810953729
2466,115212861961,9050798,115221912759,9,0,0,645632,9,2582937168
2467,115212899846,9399477,115222299323,6,0,1,58880,6,3242879373
2468,115213099559,1435041,115214534600,9,0,1,12288,9,7741444520
2469,115213111191,974263,115214085454,9,0,1,39936,9,2470698754
2470,115213236489,9869520,115223106009,9,0,0,346624,9,9116270651
2471,115213301729,9866281,115223168010,2,0,1,199168,2,5507714655
2472,115213462514,1255462,115214717976,9,0,0,46592,9,2939637339
2473,115213585578,9987045,115223572623,7,0,0,220672,7,10287327691
2474,115213654081,9949090,115223603171,1,0,1,47104,1,8313753366
2475,115213803542,10258358,115224061900,9,0,0,565248,9,6758885692
2476,115213856264,251715,115214107979,2,0,1,58368,2,2825147381
2477,115213941106,10326642,115224267748,6,0,0,462848,6,646530433
2478,115213969166,1404231,115215373397,8,0,0,427008,8,3071854085
2479,115214011700,10200718,115224212418,7,0,0,652288,7,7819969948
2480,115214086220,1408493,115215494713,1,0,0,360448,1,4092320159
2481,115214168288,1476440,115215644728,6,0,0,356352,6,8076711000
2482,115214480143,1542236,115216022379,9,0,0,542720,9,6128286184
2483,115214490646,1777280,115216267926,8,0,0,961536,8,7934466813
2484,115214812024,1378202,115216190226,8,0,0,223232,8,8049189347
2485,115215192897,1034994,115216227891,0,0,1,59392,0,10356909639
2486,115215307957,976009,115216283966,2,0,0,467456,2,87934083
2487,115215479465,1260719,115216740184,2,0,1,112128,2,1952091749
2488,115215562977,1892231,115217455208,0,0,0,174080,0,3389949639
2489,115215680882,10466025,115226146907,7,0,0,365056,7,5732603971
2490,115215686769,10464414,115226151183,3,0,1,4096,3,9254176614
2491,115215808846,10439906,115226248752,1,0,1,62464,1,9629279864
2492,115215890466,10698950,115226589416,2,0,1,81920,2,1589444762
2493,115216111840,10955292,115227067132,9,0,0,376832,9,229547564
2494,115216134159,10933845,115227068004,6,0,0,346112,6,4624005655
2495,115216170294,10878361,115227048655,6,0,1,42496,6,3732811229
2496,115216323214,10983145,115227306359,8,0,0,5632,8,3628870974
2497,115216364606,1492587,115217857193,1,0,0,46592,1,9575929369
2498,115216478464,1324815,115217803279,2,0,1,276480,2,5605056837
2499,115216537642,1547146,115218084788,9,0,0,392192,9,7823464409
2500,115216567561,1658887,115218226448,0,0,1,91648,0,7764094410
2501,115216594579,645790,115217240369,6,0,1,28672,6,753672803
2502,115216686615,1572343,115218258958,3,0,1,218112,3,3164055499
2503,115216799281,1898019,115218697300,9,0,0,502784,9,6277375491
2504,115216802422,881812,115217684234,0,0,0,748544,0,3334332571
2505,115217034875,1360569,115218395444,6,0,1,48128,6,2347070950
2506,115217079138,11312730,115228391868,0,0,1,195584,0,5367740993
2507,115217152846,2234710,115219387556,7,0,0,223744,7,10474561985
2508,115217183459,11490735,115228674194,9,0,1,64000,9,5400717909
2509,115217221772,1318543,115218540315,6,0,1,39424,6,5794447932
2510,115217228073,2252892,115219480965,9,0,0,396800,9,9797422935
2511,115217507333,1328820,115218836153,0,0,0,909824,0,382725764
2512,115217650008,11555669,115229205677,7,0,1,109568,7,3051914557
2513,115217831105,11398539,115229229644,1,0,0,226304,1,1196309818
2514,115217919437,11514040,115229433477,7,0,0,374784,7,4968577638
2515,115218052169,11455639,115229507808,6,0,0,1641472,6,2390674778
2516,115218141027,11473054,115229614081,7,0,1,10752,7,10039017504
2517,115218193761,11638984,115229832745,8,0,0,741888,8,2282576075
2518,115218224798,11374749,115229599547,7,0,0,1989120,7,9775363125
2519,115218271202,11160271,115229431473,7,0,0,396288,7,5215476477
2520,115218282250,11106161,115229388411,9,0,0,116224,9,5260363381
2521,115218420911,11069415,115229490326,6,0,1,49152,6,6922586525
2522,115218519460,1010401,115219529861,6,0,1,8704,6,5601561711
2523,115218580796,735732,115219316528,2,0,1,80384,2,3478813350
2524,115218857474,2592474,115221449948,1,0,0,1703936,1,1528142124
2525,115218944485,2148139,115221092624,2,0,0,2256384,2,6312805817
2526,115219056268,2397195,115221453463,0,0,0,38400,0,4095209011
2527,115219152594,11380860,115230533454,6,0,0,232960,6,7405505931
2528,115219176689,3025814,115222202503,6,0,1,227840,6,4348277712
2529,115219208050,2146550,115221354600,8,0,0,107520,8,7094204430
2530,115219270755,1377346,115220648101,1,0,1,182784,1,10563147188
2531,115219346023,11561876,115230907899,6,0,0,251904,6,4372873575
2532,115219651266,2430145,115222081411,6,0,1,19968,6,5779655822
2533,115219793753,2992092,115222785845,1,0,1,122880,1,9005038626
2534,115219820863,2205283,115222026146,0,0,1,1024,0,9027831892
2535,115219875715,1623344,115221499059,6,0,0,697856,6,3902628649
2536,115219880215,11881000,115231761215,3,0,1,13824,3,9233045758
2537,115219941788,996021,115220937809,7,0,1,28160,7,925381562
2538,115219962960,1246128,115221209088,0,0,1,67584,0,1109316647
2539,115219999275,1240461,115221239736,1,0,0,860672,1,2415915008
2540,115220062390,990762,115221053152,7,0,0,1566720,7,2956435033
2541,115220074112,12092423,115232166535,4,0,1,3584,4,2517955629
2542,115220195235,900221,115221095456,9,0,0,299008,9,3319593953
2543,115220287545,1186445,115221473990,0,0,0,206336,0,2203486392
2544,115220387814,12121975,115232509789,5,0,1,78336,5,10678069733
2545,115220456908,12036001,115232492909,7,0,1,105984,7,162349610
2546,115220458887,950107,115221408994,1,0,0,654336,1,5991231514
2547,115220469100,12436670,115232905770,9,0,0,395776,9,7248694872
2548,115220603544,943073,115221546617,1,0,0,151040,1,8910405225
2549,115220604466,913739,115221518205,2,0,1,82944,2,5921573720
2550,115220898378,1422329,115222320707,6,0,1,3072,6,2617655989
2551,115220977861,1123698,115222101559,1,0,0,552448,1,9742544908
2552,115221000707,415759,115221416466,9,0,1,57856,9,4264896946
2553,115221072864,819826,115221892690,4,0,1,67584,4,9945125545
2554,115221139840,12286152,115233425992,6,0,0,809472,6,1266138871
2555,115221201832,1262918,115222464750,9,0,0,64000,9,9447243250
2556,115221232848,668622,115221901470,4,0,1,7680,4,10723779383
2557,115221278378,12020015,115233298393,4,0,1,172544,4,8579105405
2558,115221279445,11829378,115233108823,5,0,1,23552,5,1105382613
2559,115221313509,11859557,115233173066,2,0,1,141312,2,8677350202
2560,115221321162,11578006,115232899168,6,0,0,800768,6,5331744450
2561,115221377937,11686792,115233064729,2,0,1,96256,2,4422422239
2562,115221420119,11501283,115232921402,2,0,0,6656,2,7065675952
2563,115221453516,11471439,115232924955,8,0,0,167424,8,8855461323
2564,115221457026,11475492,115232932518,2,0,0,352256,2,7821571001
2565,115221467196,886553,115222353749,7,0,1,65536,7,4633270383
2566,115221654328,917814,115222572142,5,0,1,87552,5,10484151621
2567,115221719321,816989,115222536310,7,0,0,1414656,7,8290881862
2568,115221720286,886620,115222606906,6,0,0,242176,6,10550905839
2569,115221819726,961426,115222781152,1,0,0,41472,1,6324462052
2570,115221880689,11525494,115233406183,1,0,0,786944,1,10317494673
2571,115222004117,11820543,115233824660,2,0,0,1303552,2,6241197606
2572,115222106398,11570323,115233676721,9,0,1,56832,9,219388936
2573,115222107343,977329,115223084672,3,0,1,93696,3,910206909
2574,115222221698,487876,115222709574,8,0,0,342528,8,10634385096
2575,115222225549,11735918,115233961467,6,0,1,75776,6,2147944751
2576,115222275151,1143817,115223418968,4,0,1,71168,4,3963473582
2577,115222293106,1246883,115223539989,8,0,0,449024,8,6515260157
2578,115222416497,1128587,115223545084,4,0,1,40960,4,10424360468
2579,115222425079,11892773,115234317852,9,0,0,682496,9,5518964851
2580,115222497810,11662739,115234160549,6,0,0,165376,6,1955632914
2581,115222613133,11728976,115234342109,5,0,1,96768,5,9490961155
2582,115222679642,12243991,115234923633,9,0,1,90112,9,10682312202
2583,115222911445,12384140,115235295585,4,0,1,58880,4,2477630214
2584,115223013037,13136687,115236149724,7,0,0,238592,7,3345084333
2585,115223065293,1611091,115224676384,2,0,0,16384,2,3601195025
2586,115223142550,1450144,115224592694,0,0,1,85504,0,7763439040
2587,115223158066,1284676,115224442742,5,0,1,148480,5,125925687
2588,115223334800,1065057,115224399857,5,0,1,67072,5,8765178439
2589,115223427315,2416278,115225843593,2,0,0,25088,2,5184081462
2590,115223527031,2627643,115226154674,6,0,0,745472,6,6348725754
2591,115223549280,1196489,115224745769,9,0,0,122880,9,8430373323
2592,115223604903,1586061,115225190964,0,0,1,203264,0,9503034379
2593,115223923051,1569734,115225492785,2,0,1,28160,2,7001927449
2594,115223986186,2215236,115226201422,2,0,0,117760,2,5667520669
2595,115224004844,2552768,115226557612,8,0,0,64000,8,4066638790
2596,115224036087,1774505,115225810592,7,0,0,324096,7,2324611390
2597,115224125699,2741438,115226867137,5,0,1,71168,5,9808622436
2598,115224221950,1818650,115226040600,9,0,1,2048,9,1351784688
2599,115224233781,3082633,115227316414,0,0,1,79872,0,6734274599
2600,115224345002,2639821,115226984823,7,0,0,230400,7,2377755872
2601,115224775895,973080,115225748975,7,0,1,36352,7,10207660413
2602,115224790621,953955,115225744576,9,0,0,129024,9,8319077293
2603,115224869725,13728997,115238598722,2,0,0,88576,2,10032108666
2604,115224875776,2074963,115226950739,1,0,0,833024,1,10373778974
2605,115224904932,2907213,115227812145,0,0,1,216064,0,2778863103
2606,115224927935,3450244,115228378179,6,0,1,29184,6,5077009507
2607,115225005636,2705127,115227710763,9,0,1,16384,9,7575687233
2608,115225142332,13816069,115238958401,8,0,0,893952,8,7478346578
2609,115225146135,3494497,115228640632,1,0,0,1006592,1,8782822028
2610,115225187870,1597558,115226785428,7,0,1,109056,7,3287137793
2611,115225222396,3553615,115228776011,2,0,0,126976,2,8514743778
2612,115225286857,3595298,115228882155,0,0,1,27648,0,8611656569
2613,115225321422,2410764,115227732186,9,0,0,237568,9,4881758300
2614,115225392950,14037351,115239430301,8,0,0,386560,8,8777753236
2615,115225543912,2000239,115227544151,6,0,0,347136,6,10305561091
2616,115225558948,1613107,115227172055,2,0,0,6144,2,6586976251
2617,115225560102,979244,115226539346,6,0,1,74240,6,10291638720
2618,115225654277,1221044,115226875321,0,0,0,383488,0,4023088872
2619,115225669278,1678589,115227347867,7,0,0,1027584,7,9036417126
2620,115225748914,2475349,115228224263,0,0,0,293888,0,9106755160
2621,115225866911,2219009,115228085920,2,0,1,50688,2,4048367989
2622,115225868795,1631844,115227500639,0,0,1,32256,0,6693449066
2623,115225893628,2606723,115228500351,0,0,0,870912,0,5496322323
2624,115225922377,1539781,115227462158,6,0,1,38400,6,2079444983
2625,115225950963,1204264,115227155227,2,0,0,333312,2,3784832420
2626,115225987749,2912174,115228899923,3,0,1,1024,3,961395763
2627,115226038448,15355657,115241394105,7,0,1,16384,7,7782376097
2628,115226216182,15265447,115241481629,2,0,1,1536,2,5928104585
2629,115226246759,15262459,115241509218,1,0,0,151040,1,3946650189
2630,115226581846,2467283,115229049129,5,0,1,121856,5,3453169307
2631,115226611527,2795400,115229406927,2,0,1,38912,2,3423964511
2632,115226637859,15360807,115241998666,0,0,0,118784,0,1237780350
2633,115226736490,15229593,115241966083,6,0,0,720384,6,1354103588
2634,115226758889,841178,115227600067,1,0,0,131072,1,5324622181
2635,115226908105,14998313,115241906418,6,0,0,181760,6,3634490284
2636,115226915187,1271827,115228187014,0,0,0,929792,0,2283479649
2637,115226963805,1358489,115228322294,8,0,0,207872,8,8812112661
2638,115227058137,1345870,115228404007,2,0,0,318464,2,3907588768
2639,115227163283,816998,115227980281,9,0,1,57856,9,6267972441
2640,115227198897,1850516,115229049413,9,0,1,88576,9,2810331965
2641,115227317764,603620,115227921384,0,0,1,15872,0,4339829663
2642,115227351977,15331304,115242683281,9,0,0,27136,9,5412090229
2643,115227363338,1111798,115228475136,3,0,1,77824,3,8734667525
2644,115227414421,15880141,115243294562,3,0,1,91136,3,355388057
2645,115227631558,15855412,115243486970,0,0,0,283648,0,145365464
2646,115227742039,15845639,115243587678,0,0,0,46080,0,2252952324
2647,115227805028,15925577,115243730605,9,0,0,1005568,9,9883074375
2648,115227864858,1698460,115229563318,9,0,1,44544,9,5831363359
2649,115227900018,749315,115228649333,9,0,0,778240,9,7304140767
2650,115227902678,975982,115228878660,9,0,1,74240,9,6028717069
2651,115227906791,1596099,115229502890,3,0,1,83968,3,7336527152
2652,115227958458,1549162,115229507620,0,0,0,885760,0,10294899064
2653,115228042558,16346572,115244389130,1,0,0,1083392,1,10039298735
2654,115228222912,2140291,115230363203,5,0,1,83456,5,3969221506
2655,115228253859,1328821,115229582680,1,0,0,3453440,1,2439245417
2656,115228326795,2226636,115230553431,0,0,0,141824,0,10716990537
2657,115228476104,1379702,115229855806,3,0,1,142336,3,9218090512
2658,115228480853,16349587,115244830440,1,0,0,1087488,1,10329640449
2659,115228494398,1509552,115230003950,2,0,0,70656,2,174323908
2660,115228540427,982706,115229523133,9,0,0,158208,9,7475609794
2661,115228600341,2136703,115230737044,6,0,1,3584,6,7992490258
2662,115228610547,2324556,115230935103,1,0,0,803840,1,4830744787
2663,115228651046,1665085,115230316131,9,0,0,115712,9,6975027200
2664,115228676512,2357435,115231033947,7,0,1,146432,7,956020650
2665,115228714544,16347767,115245062311,0,0,0,727040,0,4659089624
2666,115228819385,2317817,115231137202,5,0,1,153600,5,6772007584
2667,115228830753,2186662,115231017415,4,0,1,49664,4,600089428
2668,115228933658,2007082,115230940740,1,0,1,178176,1,6732120755
2669,115228979001,2070653,115231049654,8,0,0,35840,8,4876648328
2670,115229069474,16565209,115245634683,7,0,0,35328,7,9651715969
2671,115229127254,16529148,115245656402,2,0,1,14336,2,7248710166
2672,115229135557,1862476,115230998033,9,0,1,20480,9,5262124416
2673,115229142269,16734357,115245876626,9,0,1,30208,9,7533392637
2674,115229279504,16639586,115245919090,6,0,1,19456,6,4539570093
2675,115229286020,16666133,115245952153,5,0,1,20480,5,4739070163
2676,115229310176,16809318,115246119494,7,0,0,373760,7,9572412561
2677,115229315937,1022182,115230338119,9,0,1,37376,9,4288654883
2678,115229392431,753293,115230145724,0,0,1,20480,0,2818305063
2679,115229499914,1872135,115231372049,1,0,0,11264,1,5743773295
2680,115229642070,689672,115230331742,9,0,1,55296,9,4593051057
2681,115229736709,622338,115230359047,0,0,0,66048,0,1181253623
2682,115229833963,1516256,115231350219,4,0,1,10240,4,3064756476
2683,115229965304,2475715,115232441019,6,0,1,88576,6,4143598567
2684,115230011099,1229550,115231240649,9,0,0,396800,9,10597646474
2685,115230079104,2056751,115232135855,5,0,1,68096,5,10289727031
2686,115230096239,1074222,115231170461,6,0,1,6656,6,7757041185
2687,115230148852,1129696,115231278548,0,0,1,10240,0,2849210841
2688,115230162822,2688196,115232851018,7,0,0,400384,7,9512229858
2689,115230176766,2464333,115232641099,9,0,1,118784,9,2897804719
2690,115230233471,17455764,115247689235,7,0,1,32256,7,7849647499
2691,115230270713,17568163,115247838876,6,0,1,68608,6,4782398083
2692,115230345019,17483811,115247828830,6,0,1,71680,6,3380695729
2693,115230568219,927196,115231495415,5,0,0,116224,5,5797588461
2694,115230583213,17789045,115248372258,5,0,1,60928,5,959829543
2695,115230604195,757004,115231361199,2,0,0,733184,2,2691199570
2696,115230613204,1132388,115231745592,9,0,1,145408,9,6317358324
2697,115230700729,18246971,115248947700,5,0,1,11264,5,7296381828
2698,115230763383,18154140,115248917523,1,0,0,215552,1,74547615
2699,115230770510,18260627,115249031137,5,0,0,265728,5,8787827640
2700,115230792927,739400,115231532327,7,0,0,296960,7,10443662938
2701,115230804744,1021630,115231826374,1,0,0,583680,1,9243621259
2702,115230888317,1002683,115231891000,2,0,0,581632,2,5631773595
2703,115230953272,640202,115231593474,9,0,0,251392,9,4999702770
2704,115230962376,1432846,115232395222,3,0,1,18944,3,5558423413
2705,115230975181,18473453,115249448634,9,0,0,171008,9,1660613490
2706,115231004190,1666163,115232670353,0,0,1,51200,0,7909721926
2707,115231243280,452195,115231695475,5,0,1,31232,5,752430698
2708,115231330222,18478205,115249808427,5,0,0,475136,5,10200243883
2709,115231351361,1411034,115232762395,3,0,1,12288,3,3739155345
2710,115231392155,18076191,115249468346,7,0,1,72192,7,8078522843
2711,115231402237,18037534,115249439771,4,0,1,193024,4,8878428097
2712,115231443142,17694272,115249137414,7,0,0,1203712,7,9322144280
2713,115231505809,1552616,115233058425,9,0,1,10752,9,5594694161
2714,115231521702,842512,115232364214,1,0,0,28160,1,4108881039
2715,115231633523,17938975,115249572498,8,0,0,658944,8,9375032248
2716,115231649494,17954759,115249604253,8,0,0,539136,8,5381769791
2717,115231726102,17563068,115249289170,7,0,0,189952,7,8754215031
2718,115231773446,17567998,115249341444,1,0,1,225792,1,10211588307
2719,115231788034,17660102,115249448136,9,0,1,28672,9,3443360800
2720,115231887414,562494,115232449908,9,0,0,162304,9,5112924053
2721,115231895700,17495493,115249391193,4,0,1,34816,4,6654644380
2722,115231993016,1041557,115233034573,7,0,0,3072,7,3548969518
2723,115232032756,17209210,115249241966,3,0,1,235520,3,7253190954
2724,115232180134,17168430,115249348564,8,0,0,222720,8,7452895256
2725,115232304630,1397269,115233701899,9,0,1,30720,9,2928382852
2726,115232342626,889679,115233232305,7,0,1,76288,7,5631204515
2727,115232393792,1344603,115233738395,6,0,0,279040,6,3526355165
2728,115232417498,1026122,115233443620,0,0,0,53248,0,6005856380
2729,115232422201,245840,115232668041,1,0,0,673792,1,86502122
2730,115232534218,489154,115233023372,7,0,1,82432,7,2779615780
2731,115232561171,17587527,115250148698,0,0,1,129536,0,1660672281
2732,115232694931,664635,115233359566,7,0,0,10240,7,4104052556
2733,115232871626,484294,115233355920,8,0,0,41984,8,8967518672
2734,115232933458,349461,115233282919,1,0,1,138240,1,1226224190
2735,115232950744,387611,115233338355,7,0,0,22016,7,1343024176
2736,115232962002,17751329,115250713331,7,0,0,8192,7,7287601417
2737,115232975028,568559,115233543587,2,0,0,186880,2,8339163142
2738,115233226956,402249,115233629205,6,0,0,58880,6,7353157034
2739,115233228587,18208911,115251437498,2,0,1,76288,2,10134462063
2740,115233290661,18199298,115251489959,1,0,0,671744,1,1193870603
2741,115233311500,18197134,115251508634,5,0,0,978432,5,9431762485
2742,115233422514,382474,115233804988,9,0,0,46592,9,4350288136
2743,115233623647,18283555,115251907202,4,0,1,1536,4,1962563904
2744,115233684821,18290114,115251974935,7,0,0,8704,7,1635023173
2745,115233685899,18278944,115251964843,5,0,1,76288,5,3185736864
2746,115233709830,18326934,115252036764,2,0,1,68096,2,3236296611
2747,115233748117,528091,115234276208,6,0,0,1030656,6,386394314
2748,115233804436,485651,115234290087,1,0,0,408576,1,2750675930
2749,115234004466,224066,115234228532,1,0,0,190976,1,4805988250
2750,115234032839,18779395,115252812234,9,0,1,52736,9,6885863317
2751,115234107502,18809885,115252917387,5,0,0,5632,5,3362899440
2752,115234217981,720643,115234938624,5,0,0,324096,5,2388670480
2753,115234218305,656749,115234875054,8,0,0,757248,8,7945441448
2754,115234220086,19071090,115253291176,9,0,1,17408,9,2734141816
2755,115234254177,769325,115235023502,0,0,0,283136,0,8879364747
2756,115234268630,400738,115234669368,1,0,0,104448,1,502573737
2757,115234336247,288728,115234624975,5,0,0,114688,5,3940565549
2758,115234371087,19182576,115253553663,1,0,0,509952,1,6091458378
2759,115234390200,18958593,115253348793,2,0,1,22016,2,5653537916
2760,115234487818,423844,115234911662,5,0,1,40448,5,4774378482
2761,115234551581,432748,115234984329,6,0,0,83456,6,10264917432
2762,115234616622,18627621,115253244243,1,0,0,1120256,1,7820179769
2763,115234688955,687058,115235376013,3,0,1,46592,3,3066168839
2764,115234701621,18826579,115253528200,7,0,0,64000,7,3794370995
2765,115234702398,18853664,115253556062,5,0,0,15360,5,5862499064
2766,115234740646,403035,115235143681,3,0,1,66048,3,9335341877
2767,115234800765,18774679,115253575444,8,0,0,11776,8,2304305801
2768,115234838498,572198,115235410696,9,0,0,61952,9,4536053270
2769,115234886419,19135241,115254021660,9,0,1,111616,9,10118718098
2770,115234906835,686251,115235593086,5,0,1,152576,5,8943713670
2771,115234932371,255906,115235188277,0,0,1,45568,0,7423346933
2772,115234934302,429490,115235363792,9,0,0,127488,9,5729881542
2773,115234936039,19239829,115254175868,8,0,0,12800,8,2060957591
2774,115234958630,384541,115235343171,7,0,1,92672,7,8025857784
2775,115235022474,436292,115235458766,5,0,0,281600,5,1057007203
2776,115235094885,408820,115235503705,6,0,1,15360,6,9346500438
2777,115235100374,19361802,115254462176,0,0,0,104960,0,2671692549
2778,115235134806,19096043,115254230849,8,0,0,1982976,8,5052966906
2779,115235171470,469625,115235641095,4,0,1,70656,4,9925971488
2780,115235266499,551794,115235818293,5,0,1,131072,5,6239858929
2781,115235352815,18949025,115254301840,3,0,1,40448,3,4200286016
2782,115235527727,18857645,115254385372,4,0,1,185344,4,8099525549
2783,115235564724,853250,115236417974,7,0,1,6144,7,5124384585
2784,115235572043,609059,115236181102,1,0,1,44544,1,10072988482
2785,115235572563,19370134,115254942697,5,0,1,67072,5,8321521717
2786,115235586459,650312,115236236771,3,0,1,27136,3,7373035816
2787,115235607363,482357,115236089720,7,0,1,8192,7,9169748615
2788,115235626315,1073460,115236699775,9,0,0,620032,9,4765970326
2789,115235675621,19651305,115255326926,6,0,1,6656,6,7278106665
2790,115235757598,1320266,115237077864,1,0,0,59904,1,2156486371
2791,115235795252,20007156,115255802408,0,0,0,1095680,0,6515624413
2792,115235855893,748007,115236603900,0,0,0,512,0,10649642579
2793,115235866911,1136493,115237003404,0,0,1,35840,0,9021401009
2794,115235907152,1057062,115236964214,6,0,0,268288,6,8579011832
2795,115235928482,657932,115236586414,7,0,0,15360,7,471239390
2796,115235963529,820924,115236784453,0,0,1,131072,0,5345311531
2797,115235990079,1221964,115237212043,2,0,0,598016,2,10226234251
2798,115236084380,842878,115236927258,4,0,1,97792,4,9966133763
2799,115236366633,160054,115236526687,2,0,1,7680,2,8741982372
2800,115236368934,20502030,115256870964,7,0,1,46080,7,5670939794
2801,115236395197,556739,115236951936,8,0,0,294400,8,4732419618
2802,115236541990,502408,115237044398,1,0,0,164864,1,2696245225
2803,115236561586,978885,115237540471,0,0,0,4608,0,3053879667
2804,115236568030,754533,115237322563,6,0,0,151552,6,8733342241
2805,115236637126,258414,115236895540,8,0,0,110080,8,10084522058
2806,115236650153,333785,115236983938,2,0,0,153088,2,3853934249
2807,115236679518,348273,115237027791,4,0,1,148992,4,5798368472
2808,115236701811,476603,115237178414,1,0,0,1357312,1,7304707258
2809,115236710707,549318,115237260025,8,0,0,282624,8,8433066841
2810,115236786143,575289,115237361432,8,0,1,4096,8,7484359586
2811,115236847231,21896183,115258743414,7,0,1,11264,7,2343303257
2812,115236863593,21883085,115258746678,5,0,0,365568,5,2782346210
2813,115237119223,819113,115237938336,7,0,0,8192,7,10458609973
2814,115237299401,365098,115237664499,9,0,1,25600,9,203766778
2815,115237407140,488571,115237895711,2,0,0,216064,2,6089138427
2816,115237475609,674955,115238150564,4,0,1,47616,4,5472778827
2817,115237655461,821885,115238477346,4,0,1,31232,4,2692313938
2818,115237882474,527791,115238410265,7,0,1,54272,7,8907593468
2819,115237895984,22289340,115260185324,1,0,1,66560,1,4439860379
2820,115237922782,22305137,115260227919,2,0,1,229376,2,9569570568
2821,115237985737,22318981,115260304718,6,0,1,38400,6,6340382025
2822,115238120788,630951,115238751739,4,0,1,66560,4,10486718159
2823,115238330760,616761,115238947521,8,0,0,2191872,8,8032014404
2824,115238374257,396753,115238771010,1,0,0,1080320,1,10276719183
2825,115238468394,572278,115239040672,4,0,1,17920,4,2769381712
2826,115238623106,22744165,115261367271,8,0,0,378880,8,1062078077
2827,115238647825,22738161,115261385986,9,0,0,299008,9,5603311619
2828,115238831004,22983480,115261814484,9,0,1,214528,9,1619491628
2829,115238920402,22730020,115261650422,8,0,0,334848,8,10475883522
2830,115238979340,22649084,115261628424,5,0,1,93696,5,4322772697
2831,115239013972,22564681,115261578653,0,0,0,12288,0,854273346
2832,115239203645,22375609,115261579254,6,0,0,40448,6,5309240704
2833,115239254469,22162467,115261416936,9,0,0,84480,9,4141862923
2834,115239257279,22036411,115261293690,5,0,1,59392,5,5778857975
2835,115239388442,22062065,115261450507,8,0,0,546816,8,10502220761
2836,115239445773,372055,115239817828,6,0,1,29184,6,3976117833
2837,115239548669,21716634,115261265303,7,0,0,5632,7,6774998823
2838,115239603763,780483,115240384246,5,0,1,78336,5,2729572352
2839,115239616612,482860,115240099472,4,0,1,41472,4,2044065761
2840,115239631834,22048403,115261680237,2,0,0,78848,2,6272459160
2841,115239644750,589148,115240233898,2,0,0,1233408,2,9208113282
2842,115239645805,22009004,115261654809,2,0,0,85504,2,7984723286
2843,115239720092,674571,115240394663,7,0,0,1024,7,7861720291
2844,115239732945,584923,115240317868,5,0,1,12800,5,5338978519
2845,115239755322,586324,115240341646,1,0,1,6144,1,8391473192
2846,115239798642,22254016,115262052658,0,0,0,1024,0,596529987
2847,115239954144,22325975,115262280119,0,0,0,31744,0,8349014591
2848,115239956765,22551353,115262508118,9,0,1,41984,9,8344799784
2849,115240139263,416140,115240555403,9,0,0,1164288,9,9875836252
2850,115240219544,22706778,115262926322,1,0,1,50176,1,1376952062
2851,115240233228,424249,115240657477,5,0,0,101376,5,7448561407
2852,115240474066,581282,115241055348,4,0,1,9216,4,8115181822
2853,115240476208,22804517,115263280725,0,0,1,11776,0,1475152682
2854,115240512821,22902962,115263415783,0,0,0,2048,0,7416714800
2855,115240750933,747656,115241498589,4,0,1,257536,4,6702144297
2856,115240826405,628615,115241455020,2,0,0,68608,2,6757946412
2857,115240826769,22762463,115263589232,5,0,0,370176,5,1180118561
2858,115240883115,279239,115241162354,4,0,1,31232,4,9708813845
2859,115240941304,23123341,115264064645,4,0,1,124928,4,6818043010
2860,115240957053,23062224,115264019277,5,0,0,48128,5,7049338871
2861,115241082375,23211309,115264293684,0,0,0,3072,0,351760451
2862,115241275613,697795,115241973408,2,0,1,30208,2,1456057101
2863,115241283579,563564,115241847143,5,0,1,98304,5,3048407871
2864,115241293886,426875,115241720761,7,0,0,10752,7,8838338658
2865,115241327558,260281,115241587839,2,0,1,26624,2,1187527929
2866,115241567013,23475576,115265042589,8,0,0,240640,8,9848013134
2867,115241567629,23483842,115265051471,0,0,0,33280,0,6126919388
2868,115241685439,23378368,115265063807,2,0,0,284672,2,5813354143
2869,115241808510,23274712,115265083222,1,0,1,21504,1,6788193750
2870,115241954039,23183534,115265137573,9,0,1,49152,9,3459358754
2871,115242001937,23069623,115265071560,1,0,0,57344,1,1339174710
2872,115242168351,23080250,115265248601,0,0,1,16384,0,6074914697
2873,115242168603,481708,115242650311,6,0,1,53760,6,1006954704
2874,115242281006,568469,115242849475,2,0,0,20480,2,8647024634
2875,115242285009,23379257,115265664266,6,0,0,148992,6,7730671456
2876,115242308621,23107449,115265416070,5,0,0,420352,5,5330566578
2877,115242314917,22944511,115265259428,6,0,0,95744,6,5533978722
2878,115242326997,22874104,115265201101,7,0,0,26624,7,8717142038
2879,115242368721,22867992,115265236713,2,0,0,736256,2,6833588402
2880,115242390500,22921718,115265312218,4,0,1,24064,4,6008020189
2881,115242391761,22703444,115265095205,5,0,1,10752,5,6537856861
2882,115242414305,22983818,115265398123,6,0,0,105472,6,1318727014
2883,115242599905,948991,115243548896,5,0,0,66560,5,7398222827
2884,115242656923,23374032,115266030955,6,0,1,184320,6,7142125075
2885,115242857209,23289906,115266147115,8,0,0,107520,8,3670216213
2886,115242880723,23027753,115265908476,5,0,1,41984,5,10368539686
2887,115242920362,673515,115243593877,5,0,0,1996288,5,2766527807
2888,115243063459,402668,115243466127,6,0,0,328192,6,2154317238
2889,115243106549,323529,115243430078,2,0,0,67584,2,6678350508
2890,115243233803,418344,115243652147,4,0,1,2560,4,2935672599
2891,115243454893,427982,115243882875,5,0,0,215040,5,9437777553
2892,115243539535,23413559,115266953094,6,0,0,158208,6,4333551805
2893,115243611630,422968,115244034598,5,0,0,273408,5,6153942692
2894,115243621706,500104,115244121810,5,0,1,95232,5,2881316855
2895,115243666965,662779,115244329744,6,0,1,9216,6,8473609398
2896,115243739242,680197,115244419439,0,0,0,22528,0,6970171724
2897,115243741302,23622537,115267363839,7,0,0,2560,7,2934185020
2898,115243862877,491729,115244354606,9,0,0,244224,9,1223169739
2899,115243946923,23499613,115267446536,9,0,0,935424,9,731959454
2900,115243978709,23416092,115267394801,5,0,1,35840,5,2790811626
2901,115244069758,23432223,115267501981,9,0,1,89088,9,9682157086
2902,115244185033,429694,115244614727,2,0,1,11264,2,10179535782
2903,115244219277,23741330,115267960607,1,0,0,1220608,1,4955178659
2904,115244283008,417268,115244700276,6,0,0,354304,6,8101880461
2905,115244298653,23815469,115268114122,4,0,1,93696,4,9714744445
2906,115244612584,23839852,115268452436,6,0,0,211968,6,1874326038
2907,115244639201,23828018,115268467219,9,0,0,212992,9,1835809145
2908,115244675831,470109,115245145940,9,0,1,28160,9,1851582398
2909,115244809927,440152,115245250079,4,0,1,6144,4,6527197120
2910,115244820614,24026845,115268847459,9,0,0,495104,9,8333842179
2911,115244824456,23878174,115268702630,3,0,1,27136,3,2131250746
2912,115244827765,437886,115245265651,2,0,1,2048,2,10364384795
2913,115244833166,286274,115245119440,6,0,1,41472,6,9195422318
2914,115245004317,24282546,115269286863,1,0,0,163840,1,4239440325
2915,115245100922,24217122,115269318044,1,0,0,978944,1,10580284117
2916,115245151041,24217830,115269368871,5,0,0,800256,5,2499654557
2917,115245186636,24120475,115269307111,2,0,1,30720,2,1319282882
2918,115245272934,24112936,115269385870,6,0,1,1024,6,3532580170
2919,115245311553,24067127,115269378680,0,0,0,311808,0,9534121255
2920,115245385386,24066363,115269451749,7,0,0,193024,7,6618610116
2921,115245421129,24094083,115269515212,0,0,0,202752,0,150745090
2922,115245457905,24053151,115269511056,9,0,1,84992,9,5810492750
2923,115245619112,436105,115246055217,5,0,0,83456,5,4813723762
2924,115245747273,439310,115246186583,2,0,1,32256,2,6859714722
2925,115245845742,291600,115246137342,9,0,1,46592,9,4903588268
2926,115245904545,509328,115246413873,4,0,1,27136,4,4713228305
2927,115245905577,733829,115246639406,3,0,1,56832,3,1720297638
2928,115245965567,532868,115246498435,7,0,1,87552,7,8747136537
2929,115246004629,24992885,115270997514,0,0,1,85504,0,3271198626
2930,115246004771,367800,115246372571,5,0,1,13312,5,7452449041
2931,115246040382,535451,115246575833,8,0,0,1567744,8,829309339
2932,115246080922,24801322,115270882244,7,0,0,228864,7,7915753323
2933,115246151716,24685185,115270836901,9,0,0,370688,9,5848181469
2934,115246261989,337187,115246599176,1,0,1,74752,1,10306383599
2935,115246441045,25104388,115271545433,9,0,1,190976,9,848976933
2936,115246473178,25044093,115271517271,5,0,1,136192,5,57664848
2937,115246487142,704287,115247191429,8,0,0,583680,8,543956463
2938,115246550943,25103190,115271654133,0,0,1,65024,0,10516673844
2939,115246559937,25083345,115271643282,3,0,1,20480,3,7635600487
2940,115246700974,579309,115247280283,6,0,0,387072,6,5243166367
2941,115246701022,25292901,115271993923,9,0,0,287744,9,10230903766
2942,115246726117,628657,115247354774,7,0,0,1909760,7,2918332629
2943,115246863947,25007417,115271871364,6,0,1,101376,6,4735253718
2944,115247069394,24932758,115272002152,1,0,1,99328,1,3201272437
2945,115247165196,24916062,115272081258,5,0,0,294400,5,1661357679
2946,115247187288,24963606,115272150894,4,0,1,70144,4,892272300
2947,115247203245,24936598,115272139843,3,0,1,92160,3,6315940330
2948,115247253255,24976887,115272230142,6,0,1,5120,6,10566153265
2949,115247327342,25470785,115272798127,5,0,0,1433600,5,10364841045
2950,115247572483,25567829,115273140312,3,0,1,161792,3,1779489015
2951,115247651117,25554288,115273205405,7,0,0,577024,7,7763454510
2952,115247662477,25306187,115272968664,6,0,1,23040,6,3809135563
2953,115247670260,25101702,115272771962,1,0,0,442880,1,8627305135
2954,115247671076,686174,115248357250,2,0,1,20480,2,431347493
2955,115247796376,533571,115248329947,7,0,0,42496,7,1632391022
2956,115247839875,468079,115248307954,6,0,1,10240,6,1381286520
2957,115248089170,25044221,115273133391,5,0,0,248320,5,7371752459
2958,115248099123,438269,115248537392,0,0,1,512,0,2174770507
2959,115248254491,743155,115248997646,1,0,1,91136,1,8839838845
2960,115248258815,276628,115248535443,0,0,1,176640,0,6169041624
2961,115248364262,25496927,115273861189,8,0,0,9728,8,271183830
2962,115248376431,751712,115249128143,0,0,1,18432,0,7354941044
2963,115248764626,446286,115249210912,1,0,1,16384,1,4042949262
2964,115248770521,25466517,115274237038,0,0,1,52224,0,1415480560
2965,115248826363,507273,115249333636,5,0,1,12288,5,8917800962
2966,115248866840,25605850,115274472690,7,0,0,20992,7,992145181
2967,115249119658,25483107,115274602765,3,0,1,137728,3,2852479728
2968,115249212966,25403587,115274616553,5,0,0,585728,5,7516368660
2969,115249289169,25251802,115274540971,6,0,0,367616,6,10399866747
2970,115249308368,587994,115249896362,9,0,0,754688,9,10713282659
2971,115249329764,25264971,115274594735,2,0,1,62976,2,6511191371
2972,115249462709,503607,115249966316,1,0,1,70656,1,4450532616
2973,115249473688,25386911,115274860599,3,0,1,28672,3,8493482497
2974,115249724419,25230230,115274954649,2,0,1,48640,2,3898728670
2975,115249856502,25168881,115275025383,5,0,1,181760,5,6054114877
2976,115249873963,25626750,115275500713,6,0,0,568320,6,4123990981
2977,115249981383,410224,115250391607,5,0,1,34304,5,4176644335
2978,115250044605,25660041,115275704646,3,0,1,28672,3,1127356617
2979,115250087603,25586420,115275674023,4,0,1,4096,4,5771261272
2980,115250192674,25508536,115275701210,8,0,0,967680,8,3365290282
2981,115250267739,25359948,115275627687,4,0,1,31744,4,9240608233
2982,115250310765,555704,115250866469,1,0,0,240640,1,7584881039
2983,115250585276,25633212,115276218488,1,0,0,290816,1,7471358853
2984,115250601711,25583759,115276185470,0,0,1,266752,0,408664291
2985,115250652829,25305472,115275958301,8,0,0,247296,8,9873835316
2986,115250782423,25019069,115275801492,0,0,1,69120,0,8171599330
2987,115250823758,25152044,115275975802,3,0,1,6656,3,2638325983
2988,115250888916,25044248,115275933164,6,0,0,132096,6,8505643807
2989,115250903829,24920872,115275824701,9,0,0,111616,9,9530496426
2990,115251567992,24709925,115276277917,6,0,0,1091072,6,6720894522
2991,115251685064,24570101,115276255165,3,0,1,122368,3,1470990780
2992,115251701832,24579957,115276281789,0,0,0,400896,0,10335483855
2993,115251879158,514099,115252393257,6,0,1,48640,6,8116890107
2994,115251944448,423722,115252368170,1,0,0,113664,1,2006728170
2995,115252015370,468412,115252483782,4,0,1,20992,4,10159657667
2996,115252056683,787670,115252844353,0,0,0,400384,0,3607292567
2997,115252104701,24794879,115276899580,6,0,1,63488,6,1685632765
2998,115252147072,24478392,115276625464,3,0,1,88576,3,8513205922
2999,115252379521,24199334,115276578855,4,0,1,68608,4,4186511585
3000,115252438191,956165,115253394356,5,0,1,197120,5,6484499146
3001,115252440712,24239353,115276680065,1,0,0,239104,1,3877131059
3002,115252549477,291554,115252841031,6,0,0,870912,6,8245791731
3003,115253004243,24382825,115277387068,8,0,0,112640,8,447969260
3004,115253011280,24478628,115277489908,8,0,0,453632,8,6173414405
3005,115253022662,24518485,115277541147,6,0,0,281600,6,4923326536
3006,115253099754,675672,115253775426,4,0,1,55296,4,7344283016
3007,115253118489,919698,115254038187,3,0,1,512,3,2564371325
3008,115253188768,476040,115253664808,4,0,1,173056,4,160333367
3009,115253214920,507642,115253722562,3,0,1,84992,3,1164560277
3010,115253237012,450833,115253687845,1,0,0,316416,1,552921795
3011,115253326384,24906406,115278232790,2,0,1,60928,2,4730826688
3012,115253382703,24910713,115278293416,8,0,0,62464,8,3279296439
3013,115253858606,24751603,115278610209,1,0,0,796160,1,6162967193
3014,115254204553,24542788,115278747341,9,0,0,56832,9,219360143
3015,115254212884,327029,115254539913,1,0,0,666112,1,7264914840
3016,115254214925,327143,115254542068,3,0,1,30720,3,7138283265
3017,115254243412,251160,115254494572,0,0,1,77312,0,6268843409
3018,115254322612,435573,115254758185,8,0,0,86528,8,4268986274
3019,115254411010,422955,115254833965,4,0,1,79360,4,3433794835
3020,115254482764,339377,115254822141,6,0,0,99328,6,9861568463
3021,115254552078,25370521,115279922599,3,0,1,14336,3,6003594812
3022,115254826207,25365660,115280191867,3,0,1,10240,3,410672841
3023,115255214329,193776,115255408105,0,0,1,36864,0,9153497173
3024,115255237686,25348101,115280585787,0,0,1,59904,0,2571212873
3025,115255430651,25090015,115280520666,1,0,0,911872,1,5376585572
3026,115255451809,25064744,115280516553,6,0,0,121856,6,10275139111
3027,115255614734,25098756,115280713490,5,0,1,193536,5,9815116086
3028,115255698055,24977755,115280675810,6,0,0,244736,6,9988551728
3029,115255831403,24977321,115280808724,8,0,0,206848,8,8896207998
3030,115256040132,364434,115256404566,1,0,0,768000,1,6219677953
3031,115256066541,24954153,115281020694,7,0,0,431616,7,2504922671
3032,115256101805,387370,115256489175,8,0,0,109056,8,8117077911
3033,115256108826,25285916,115281394742,3,0,1,65536,3,4568435312
3034,115256241191,442872,115256684063,8,0,0,163840,8,7053957312
3035,115256329579,369660,115256699239,7,0,0,196096,7,1585937400
3036,115256408827,25521811,115281930638,3,0,1,34816,3,9198270472
3037,115256423747,25602496,115282026243,4,0,1,17408,4,7948051967
3038,115256440158,25355226,115281795384,2,0,1,13824,2,10031322241
3039,115256491721,504719,115256996440,0,0,1,12288,0,9314127503
3040,115256681587,25400552,115282082139,1,0,0,417280,1,9032556408
3041,115256711876,605540,115257317416,2,0,1,83456,2,10265637216
3042,115256714433,431322,115257145755,3,0,1,20480,3,2140883050
3043,115256830718,25493424,115282324142,2,0,1,34816,2,10549006094
3044,115256897235,508136,115257405371,5,0,1,160768,5,1170634552
3045,115256983905,25377734,115282361639,0,0,1,20992,0,7879912639
3046,115257082294,385172,115257467466,0,0,0,79872,0,4130766238
3047,115257173818,25708560,115282882378,6,0,0,503296,6,6245313775
3048,115257220343,479175,115257699518,6,0,0,1164800,6,8918678074
3049,115257234997,405991,115257640988,8,0,0,68608,8,7991727352
3050,115257289951,765223,115258055174,0,0,1,60928,0,2588102203
3051,115257613275,622941,115258236216,6,0,1,11264,6,1336599546
3052,115257794750,821632,115258616382,9,0,0,105472,9,3208546978
3053,115257812436,681032,115258493468,0,0,1,24576,0,7341841902
3054,115257957769,913885,115258871654,5,0,1,73728,5,8879751055
3055,115257981172,486200,115258467372,0,0,0,273408,0,8089332062
3056,115257982855,26023597,115284006452,9,0,0,427008,9,109427136
3057,115258067458,26001245,115284068703,6,0,1,5632,6,3269808054
3058,115258097954,649838,115258747792,0,0,0,454144,0,5654165932
3059,115258425457,26003983,115284429440,5,0,1,26112,5,1015002153
3060,115258556606,26049668,115284606274,0,0,0,168960,0,2311591564
3061,115258621036,25882048,115284503084,1,0,0,37376,1,3837666864
3062,115258842828,466028,115259308856,0,0,0,199680,0,469187258
3063,115258852708,427963,115259280671,4,0,1,24576,4,867669457
3064,115258876797,820623,115259697420,0,0,1,80384,0,4175022522
3065,115259056558,538790,115259595348,9,0,0,113152,9,1105511713
3066,115259122338,1071206,115260193544,5,0,1,26624,5,1481914027
3067,115259155572,26190732,115285346304,0,0,1,267264,0,5484658661
3068,115259158880,26248135,115285407015,8,0,0,340480,8,3635566130
3069,115259277838,26312871,115285590709,3,0,1,29184,3,6264681521
3070,115259397388,26203023,115285600411,0,0,0,60928,0,8734278035
3071,115259460203,26145656,115285605859,0,0,0,144384,0,10494965447
3072,115259471458,26260821,115285732279,3,0,1,48128,3,2940195773
3073,115259561951,26980084,115286542035,1,0,0,12288,1,7761735247
3074,115259575984,689630,115260265614,8,0,0,955904,8,252042384
3075,115259671310,1983939,115261655249,6,0,0,229888,6,8778001655
3076,115259763150,358552,115260121702,0,0,1,55296,0,5050145687
3077,115259867222,917021,115260784243,2,0,1,64000,2,10320289643
3078,115259897732,26752570,115286650302,0,0,0,207360,0,1354674955
3079,115260123376,725602,115260848978,0,0,1,3584,0,838989854
3080,115260162545,863941,115261026486,9,0,0,777216,9,8582527522
3081,115260217651,1204287,115261421938,2,0,1,69120,2,9566696309
3082,115260427742,27174969,115287602711,1,0,0,91648,1,9972510062
3083,115260428947,27066268,115287495215,7,0,0,849920,7,4014289108
3084,115260480460,27210809,115287691269,1,0,0,136192,1,7813710044
3085,115260580980,27110271,115287691251,3,0,1,28672,3,288492558
3086,115260667852,26898990,115287566842,0,0,0,105984,0,7426005346
3087,115260746378,26624257,115287370635,4,0,1,39936,4,1226247865
3088,115260988717,26129117,115287117834,8,0,0,862720,8,10046972736
3089,115261299279,26029052,115287328331,0,0,0,575488,0,8175102931
3090,115261307578,26090698,115287398276,7,0,0,278528,7,7776367870
3091,115261411519,1550770,115262962289,9,0,0,461312,9,9563501459
3092,115261628854,396400,115262025254,0,0,0,2194944,0,591976899
3093,115261739318,2118829,115263858147,9,0,0,87040,9,2119111767
3094,115261879978,2202862,115264082840,1,0,0,71680,1,5168822309
3095,115261926268,2264451,115264190719,7,0,0,281088,7,165957644
3096,115261947531,1917989,115263865520,6,0,0,489472,6,53086475
3097,115262179384,976505,115263155889,0,0,1,42496,0,6554363598
3098,115262467512,2211390,115264678902,8,0,0,16384,8,3507043535
3099,115262497809,1867427,115264365236,3,0,1,6656,3,2874332813
3100,115262597338,26594078,115289191416,2,0,1,10240,2,5620412157
3101,115262687620,1791470,115264479090,7,0,0,608768,7,3582460122
3102,115262856494,2417649,115265274143,1,0,0,154624,1,8968974823
3103,115262890308,1071470,115263961778,7,0,0,238592,7,2385048992
3104,115262901272,2460310,115265361582,7,0,0,856064,7,8131955304
3105,115263005959,26321853,115289327812,9,0,0,281600,9,9786507109
3106,115263013828,26386524,115289400352,2,0,1,55808,2,8326520952
3107,115263064746,26361660,115289426406,0,0,1,8192,0,9049181312
3108,115263066152,26195689,115289261841,9,0,0,502272,9,9755916404
3109,115263205019,26223155,115289428174,2,0,1,72704,2,2993529198
3110,115263472897,26042647,115289515544,0,0,0,168448,0,528336362
3111,115263578701,26072589,115289651290,4,0,1,67584,4,6722637316
3112,115263594545,530583,115264125128,2,0,1,98816,2,4555417948
3113,115263629646,804569,115264434215,5,0,1,111104,5,4102400502
3114,115263712948,1368261,115265081209,8,0,0,123904,8,4952633727
3115,115263931435,1550802,115265482237,4,0,1,154624,4,2515760872
3116,115263946880,1967861,115265914741,7,0,0,603648,7,7666636040
3117,115264058797,993205,115265052002,3,0,1,104448,3,427332280
3118,115264067155,724709,115264791864,6,0,0,175616,6,1266191652
3119,115264172778,507872,115264680650,8,0,0,121344,8,7970038133
3120,115264299153,26089105,115290388258,1,0,0,95744,1,7752998325
3121,115264393787,2006132,115266399919,9,0,0,138752,9,10076322413
3122,115264443382,26123274,115290566656,9,0,0,76800,9,7644246263
3123,115264852461,25926906,115290779367,8,0,0,448000,8,2650820007
3124,115264882369,25963224,115290845593,4,0,1,12288,4,1800556030
3125,115264913667,25672457,115290586124,5,0,1,8192,5,8661820177
3126,115265121881,662875,115265784756,1,0,0,262656,1,1924985672
3127,115265389409,447724,115265837133,1,0,0,1343488,1,1307623452
3128,115265568186,25934995,115291503181,5,0,1,144384,5,6710638407
3129,115265604758,25532082,115291136840,0,0,0,415232,0,5582303889
3130,115265692613,25684098,115291376711,3,0,1,278528,3,5905432501
3131,115265779659,25808093,115291587752,3,0,1,34816,3,2365564453
3132,115265852669,25705089,115291557758,3,0,1,11776,3,7098468497
3133,115265893760,621792,115266515552,5,0,1,16896,5,8035383114
3134,115265944301,25577795,115291522096,6,0,0,1480192,6,7338322447
3135,115265966013,954584,115266920597,6,0,0,172544,6,2598881169
3136,115266243319,520622,115266763941,4,0,1,78848,4,10405128185
3137,115266339237,1227413,115267566650,5,0,1,13824,5,8657400641
3138,115266463310,1368933,115267832243,4,0,1,350208,4,144477715
3139,115266721037,25530041,115292251078,3,0,1,54784,3,6107324577
3140,115266761007,25196103,115291957110,3,0,1,104960,3,4046777892
3141,115266798502,396501,115267195003,9,0,0,22528,9,8772243964
3142,115266815177,25470400,115292285577,1,0,0,122368,1,5420069182
3143,115266824283,406978,115267231261,2,0,1,16384,2,6980413111
3144,115267261101,25411914,115292673015,4,0,1,42496,4,1048930373
3145,115267295462,25273023,115292568485,3,0,1,16384,3,3085500024
3146,115267393354,465917,115267859271,2,0,1,36352,2,9431135996
3147,115267445371,24721672,115292167043,4,0,1,7680,4,2094519758
3148,115267758321,430352,115268188673,5,0,1,140288,5,6795447193
3149,115267880974,24765352,115292646326,5,0,1,48640,5,2758429012
3150,115268254021,368411,115268622432,4,0,1,6656,4,2706623452
3151,115268417496,24639261,115293056757,2,0,1,23552,2,9344600064
3152,115268505060,24602745,115293107805,1,0,0,220160,1,1459660019
3153,115268563592,466149,115269029741,0,0,1,75264,0,10106528949
3154,115268770965,24708050,115293479015,1,0,0,273408,1,94321403
3155,115268938213,209624,115269147837,0,0,1,85504,0,10589015906
3156,115269278207,24849761,115294127968,5,0,1,39936,5,9484828177
3157,115269525238,343712,115269868950,3,0,1,55296,3,5416831904
3158,115269565180,24858334,115294423514,1,0,0,859648,1,10325825750
3159,115269645701,24789500,115294435201,0,0,1,99328,0,10424629368
3160,115269724166,24763229,115294487395,7,0,0,340480,7,542870561
3161,115269859546,24582324,115294441870,4,0,1,1024,4,2445379546
3162,115269865713,24208124,115294073837,5,0,1,54784,5,10676324899
3163,115270089744,24317317,115294407061,2,0,1,112128,2,3933424986
3164,115270124287,567555,115270691842,8,0,0,1778176,8,2136033636
3165,115270138534,24743658,115294882192,8,0,0,291840,8,1096373867
3166,115270191277,24752170,115294943447,4,0,1,23552,4,2765989007
3167,115270240547,24231048,115294471595,0,0,1,13312,0,9522859832
3168,115270254976,24144369,115294399345,5,0,1,19968,5,8084386758
3169,115270355089,24311777,115294666866,0,0,0,147968,0,3723250737
3170,115270358824,525515,115270884339,8,0,0,219136,8,4611445924
3171,115270374480,424589,115270799069,0,0,1,29184,0,8815962193
3172,115270394205,748846,115271143051,3,0,1,2560,3,9140817764
3173,115270395303,665745,115271061048,6,0,0,22528,6,10147926131
3174,115270407409,24518854,115294926263,2,0,1,33280,2,4650057235
3175,115270496729,929675,115271426404,0,0,0,40960,0,5915719138
3176,115270528897,24163391,115294692288,2,0,1,14336,2,2720637635
3177,115270625057,24098972,115294724029,0,0,1,19968,0,6654289621
3178,115270681934,23963262,115294645196,0,0,1,35328,0,9665824414
3179,115270796575,23790160,115294586735,0,0,0,2130944,0,10590767073
3180,115270813749,23832542,115294646291,9,0,0,107520,9,6042699070
3181,115271005382,23625889,115294631271,0,0,0,541184,0,973337472
3182,115271052071,792378,115271844449,9,0,0,1921536,9,4675312080
3183,115271065606,23641473,115294707079,4,0,1,148480,4,9382011138
3184,115271077347,23539736,115294617083,8,0,0,724480,8,3836096259
3185,115271209472,294791,115271504263,4,0,1,10752,4,7897297294
3186,115271227371,670563,115271897934,7,0,0,1699328,7,1486952128
3187,115271230850,792367,115272023217,0,0,0,24576,0,8219680978
3188,115271300482,23944180,115295244662,7,0,0,1153024,7,8253116806
3189,115271443060,23946291,115295389351,4,0,1,8704,4,2223706072
3190,115271495996,338057,115271834053,4,0,1,15360,4,2095411403
3191,115271498951,23808042,115295306993,0,0,0,240128,0,3581097499
3192,115271543494,23848780,115295392274,2,0,1,78848,2,8338109391
3193,115271682719,23628639,115295311358,8,0,0,1136128,8,61328384
3194,115271726820,23938427,115295665247,7,0,0,740352,7,7489163019
3195,115271749156,23969544,115295718700,2,0,1,7168,2,9989122342
3196,115271838121,23813665,115295651786,6,0,0,26112,6,5532573392
3197,115272021624,23808908,115295830532,8,0,0,24064,8,8240549323
3198,115272043665,396772,115272440437,7,0,0,62976,7,8973247400
3199,115272086597,354676,115272441273,7,0,0,342528,7,5815276211
3200,115272389390,476212,115272865602,6,0,0,496128,6,8949873368
3201,115272451011,23802298,115296253309,0,0,0,579072,0,4781798865
3202,115272539927,527016,115273066943,1,0,0,915456,1,6877460031
3203,115272560056,23963394,115296523450,7,0,0,102912,7,4913790334
3204,115272864137,493630,115273357767,6,0,0,1508352,6,5439636702
3205,115273000734,24017739,115297018473,5,0,1,125952,5,8697533194
3206,115273026140,455679,115273481819,0,0,1,11264,0,6731748114
3207,115273078038,752567,115273830605,5,0,1,5120,5,1241909017
3208,115273239654,456376,115273696030,4,0,1,4608,4,7159834034
3209,115273265983,324472,115273590455,8,0,0,114176,8,5217395245
3210,115273279611,295449,115273575060,0,0,1,53248,0,7415246326
3211,115273402327,250591,115273652918,8,0,0,137216,8,5317209855
3212,115273483439,24864715,115298348154,7,0,0,38912,7,7285556579
3213,115273486710,24791081,115298277791,3,0,1,79360,3,7658862884
3214,115273496985,24667308,115298164293,2,0,1,1024,2,8221109636
3215,115273556784,24728570,115298285354,0,0,0,245248,0,6491027826
3216,115273558251,24902891,115298461142,3,0,1,46080,3,6342807695
3217,115273582056,24393202,115297975258,6,0,0,671744,6,4039033200
3218,115273582636,250717,115273833353,2,0,1,10240,2,3367276631
3219,115273628233,24404671,115298032904,4,0,1,74752,4,4535311418
3220,115273637658,24296214,115297933872,3,0,1,205824,3,8594012205
3221,115273707029,719939,115274426968,4,0,1,75776,4,6838146965
3222,115273722796,24374497,115298097293,4,0,0,726016,4,9848397230
3223,115273853910,24681542,115298535452,4,0,1,34304,4,5606556813
3224,115273879782,24701796,115298581578,0,0,0,554496,0,3960604704
3225,115273968991,638580,115274607571,2,0,1,17920,2,687133298
3226,115273970207,581417,115274551624,0,0,0,993792,0,4623534725
3227,115274123885,24846298,115298970183,2,0,1,81920,2,1396993969
3228,115274159292,24500340,115298659632,7,0,0,3072,7,6905999639
3229,115274160205,24312326,115298472531,2,0,1,24064,2,10214218799
3230,115274545909,24309694,115298855603,6,0,0,8704,6,3537990136
3231,115274665288,24258776,115298924064,1,0,0,29184,1,1220864355
3232,115274791040,24216320,115299007360,1,0,0,1441792,1,9074299774
3233,115274797661,24122450,115298920111,4,0,1,6144,4,7565323094
3234,115275027565,24097831,115299125396,3,0,1,48128,3,9150960068
3235,115275277855,484581,115275762436,6,0,0,366080,6,3141970467
3236,115275327875,24103838,115299431713,0,0,1,83456,0,2652678584
3237,115275443084,23876143,115299319227,1,0,0,7680,1,8748613568
3238,115275641628,23708735,115299350363,0,0,1,80384,0,279335427
3239,115275761183,292559,115276053742,3,0,1,29184,3,7672519206
3240,115276034184,631474,115276665658,6,0,1,315904,6,8481662964
3241,115276120462,639492,115276759954,6,0,1,36352,6,3213155323
3242,115276502625,24052357,115300554982,4,0,1,107008,4,1553332549
3243,115276582685,24008677,115300591362,9,0,0,1320448,9,8121132660
3244,115276599581,563210,115277162791,4,0,1,11264,4,4367020529
3245,115276618791,532947,115277151738,6,0,1,8192,6,4937199906
3246,115276898530,783908,115277682438,0,0,1,36864,0,6991267851
3247,115276971000,756076,115277727076,9,0,0,301568,9,4945964331
3248,115277131685,289038,115277420723,4,0,1,7168,4,4437961816
3249,115277158569,591642,115277750211,9,0,0,560640,9,7544117768
3250,115277186511,669866,115277856377,1,0,0,1072128,1,8449290450
3251,115277535420,24457081,115301992501,0,0,0,262656,0,4732144658
3252,115277538346,24496386,115302034732,3,0,1,54272,3,582826029
3253,115277813860,23672948,115301486808,6,0,1,22016,6,3119870018
3254,115277883646,23706734,115301590380,1,0,0,241664,1,37901770
3255,115277884491,22094599,115299979090,6,0,0,2203136,6,1561797941
3256,115277985856,21940212,115299926068,0,0,1,54784,0,2526838413
3257,115277988990,584254,115278573244,7,0,0,61440,7,769145034
3258,115278022601,21498109,115299520710,0,0,1,83968,0,9049409524
3259,115278224807,21474997,115299699804,5,0,1,121856,5,5589009180
3260,115278335268,762568,115279097836,0,0,0,470528,0,2506097697
3261,115278336668,685100,115279021768,2,0,1,4608,2,7228852203
3262,115278399226,21897629,115300296855,9,0,0,352256,9,7895091834
3263,115278663616,1534508,115280198124,2,0,1,15872,2,6711372040
3264,115278668924,22099359,115300768283,7,0,0,553984,7,6986233784
3265,115278779192,1976998,115280756190,8,0,0,582144,8,6233872173
3266,115279209560,21953128,115301162688,4,0,1,17920,4,909168462
3267,115279241382,22032888,115301274270,8,0,0,466944,8,8260991552
3268,115279327537,961287,115280288824,4,0,1,51200,4,7032749280
3269,115279614426,22074010,115301688436,9,0,0,497664,9,6816545389
3270,115279625045,21972595,115301597640,0,0,1,49664,0,4853556496
3271,115279748129,591498,115280339627,1,0,0,116736,1,9502487168
3272,115279781186,316870,115280098056,4,0,1,47616,4,41342969
3273,115279826975,426814,115280253789,9,0,0,201216,9,9897281743
3274,115279869255,666482,115280535737,2,0,1,33280,2,5311909580
3275,115279935213,659664,115280594877,1,0,0,300032,1,9980250558
3276,115280033448,771270,115280804718,6,0,1,46080,6,9099349587
3277,115280257774,297490,115280555264,6,0,0,145408,6,4389901690
3278,115280286708,496783,115280783491,6,0,0,335872,6,2718816389
3279,115280459661,518260,115280977921,6,0,0,358400,6,9979604481
3280,115280604587,22630304,115303234891,0,0,1,18944,0,8507658119
3281,115280678942,22650046,115303328988,6,0,1,2560,6,5573640858
3282,115280908886,22681822,115303590708,9,0,0,616960,9,1645582410
3283,115280957566,635495,115281593061,1,0,0,880640,1,10076929964
3284,115281117020,411751,115281528771,6,0,1,26112,6,9588355746
3285,115281166537,691868,115281858405,1,0,0,781312,1,2208739998
3286,115281350772,326511,115281677283,1,0,0,390656,1,6755321180
3287,115281375825,23464765,115304840590,6,0,0,951296,6,10102731590
3288,115281587697,23716581,115305304278,8,0,0,349184,8,6201694675
3289,115281753641,296924,115282050565,4,0,1,83968,4,3299497723
3290,115281754443,24218269,115305972712,1,0,0,144384,1,8870508441
3291,115281789845,24241036,115306030881,6,0,1,7680,6,1901897902
3292,115281790311,24609420,115306399731,2,0,1,146432,2,6724838809
3293,115281948208,24507413,115306455621,0,0,1,47616,0,7078145231
3294,115281951052,718740,115282669792,0,0,1,122880,0,2906947709
3295,115282038468,624370,115282662838,0,0,0,1023488,0,8934255649
3296,115282072172,474573,115282546745,0,0,0,17408,0,793456414
3297,115282086336,24837120,115306923456,7,0,0,804352,7,5060232317
3298,115282309287,415198,115282724485,4,0,1,35328,4,1103731738
3299,115282633291,555958,115283189249,2,0,1,37888,2,6468697883
3300,115282708692,25263697,115307972389,2,0,1,46592,2,1626978368
3301,115282997508,25168730,115308166238,2,0,1,26624,2,9715495366
3302,115283061514,24988646,115308050160,9,0,0,86528,9,3392520983
3303,115283250463,24998460,115308248923,1,0,0,262144,1,9979391983
3304,115283308376,25087545,115308395921,0,0,1,2560,0,8000358717
3305,115283333170,804419,115284137589,8,0,0,250368,8,7698232549
3306,115283375230,25004830,115308380060,7,0,0,1153024,7,774484613
3307,115283742525,611285,115284353810,7,0,0,271872,7,8073927838
3308,115284303290,682671,115284985961,7,0,0,110080,7,1096066359
3309,115284357614,25580116,115309937730,1,0,0,104960,1,3182545427
3310,115284504091,25848825,115310352916,1,0,1,79872,1,890697699
3311,115284609624,25883363,115310492987,6,0,1,41984,6,9416321728
3312,115284698298,26160027,115310858325,6,0,1,1024,6,4369583035
3313,115284743945,25797294,115310541239,5,0,1,127488,5,9347045312
3314,115284782501,25711165,115310493666,6,0,1,16896,6,10654868012
3315,115284867927,25644526,115310512453,1,0,0,117248,1,2735476717
3316,115284932436,1209338,115286141774,8,0,0,761344,8,7528254172
3317,115284947416,25727473,115310674889,0,0,1,162816,0,76659903
3318,115285161678,571736,115285733414,6,0,1,25600,6,8379301926
3319,115285259686,766168,115286025854,0,0,1,52736,0,7740116491
3320,115285343184,26154357,115311497541,1,0,0,373760,1,1776504578
3321,115285419281,784210,115286203491,1,0,0,92160,1,7879329317
3322,115285625542,26367041,115311992583,0,0,1,63488,0,4092938228
3323,115285722659,633529,115286356188,7,0,0,69120,7,7738602258
3324,115285939490,26441672,115312381162,2,0,1,26112,2,10284713182
3325,115286103295,973662,115287076957,4,0,1,9216,4,2388245105
3326,115286544855,1570978,115288115833,4,0,1,44032,4,10187194489
3327,115286628619,763048,115287391667,0,0,1,3584,0,8493691490
3328,115286652079,27921449,115314573528,1,0,0,67584,1,8703923667
3329,115286886508,2749673,115289636181,6,0,0,1499648,6,10509743622
3330,115286916186,28434786,115315350972,9,0,0,783360,9,3605034161
3331,115287064988,28048180,115315113168,9,0,0,2560,9,7774048545
3332,115287119212,27928812,115315048024,5,0,1,25600,5,3452898400
3333,115287212127,993595,115288205722,0,0,1,26624,0,7057427269
3334,115287364740,1740045,115289104785,8,0,0,86016,8,7146207574
3335,115288062628,1610185,115289672813,5,0,1,89600,5,5109133301
3336,115288077821,807522,115288885343,9,0,0,701952,9,3500127308
3337,115288187076,968994,115289156070,1,0,0,321024,1,3618670411
3338,115288204350,1004682,115289209032,6,0,0,649216,6,3688288032
3339,115288376838,627251,115289004089,6,0,0,1020928,6,1652317253
3340,115288379073,1264879,115289643952,6,0,0,81408,6,2154554727
3341,115288630945,2312721,115290943666,7,0,0,943104,7,3470405162
3342,115288686318,924196,115289610514,9,0,0,479744,9,8561148874
3343,115288732716,29328038,115318060754,6,0,1,118272,6,9104975853
3344,115288754245,1090361,115289844606,6,0,1,65024,6,6415545386
3345,115288902103,2158003,115291060106,2,0,1,49152,2,8857798172
3346,115288982141,1435080,115290417221,8,0,0,657920,8,7133237932
3347,115289014395,1667152,115290681547,5,0,1,43008,5,5713070915
3348,115289082932,28917126,115318000058,5,0,1,16384,5,10642076659
3349,115289102777,28751908,115317854685,6,0,1,130048,6,5467002840
3350,115289180085,817446,115289997531,7,0,0,90624,7,577399885
3351,115289212381,2025682,115291238063,1,0,0,354304,1,3021206471
3352,115289252241,1069387,115290321628,5,0,1,81408,5,5694188840
3353,115289443679,27812402,115317256081,2,0,1,88576,2,1555786206
3354,115289529518,737942,115290267460,9,0,0,880640,9,8778643258
3355,115289556806,27531585,115317088391,1,0,0,945152,1,2481445051
3356,115289624553,1069317,115290693870,1,0,1,124416,1,1247432322
3357,115289630875,27595987,115317226862,4,0,1,11776,4,8276702178
3358,115289825267,493055,115290318322,1,0,0,142336,1,433103729
3359,115289850830,697378,115290548208,7,0,0,102400,7,9750128764
3360,115289852427,28022212,115317874639,1,0,0,267264,1,8125752910
3361,115289892636,27768986,115317661622,6,0,0,815104,6,10598622467
3362,115289895953,27516369,115317412322,7,0,0,245760,7,9214651955
3363,115289960496,1003807,115290964303,9,0,0,224768,9,3047220181
3364,115289966873,467342,115290434215,6,0,0,1209344,6,9680539213
3365,115290041582,403589,115290445171,8,0,0,486912,8,4254661124
3366,115290235181,631999,115290867180,4,0,1,34304,4,6802898649
3367,115290331208,28527996,115318859204,4,0,1,57856,4,6939575232
3368,115290346609,28453261,115318799870,8,0,0,199680,8,10663220434
3369,115290502089,28286844,115318788933,7,0,0,937472,7,10507323659
3370,115290641298,28376783,115319018081,5,0,1,110592,5,8209094889
3371,115290994798,374285,115291369083,7,0,1,102400,7,1674253518
3372,115291058782,28307155,115319365937,1,0,0,211968,1,1028733451
3373,115291275424,28437210,115319712634,1,0,0,152576,1,6545402657
3374,115291279515,556763,115291836278,4,0,1,77824,4,6520093385
3375,115291508015,28304872,115319812887,4,0,1,230400,4,2239203117
3376,115291704736,978383,115292683119,7,0,0,131584,7,9018098879
3377,115291777961,1292045,115293070006,1,0,0,320512,1,4398256666
3378,115291838922,2281660,115294120582,4,0,1,14336,4,9822451453
3379,115291887041,2157244,115294044285,6,0,1,30208,6,8875137200
3380,115291889383,2053268,115293942651,1,0,0,72704,1,3732940687
3381,115291924697,30283993,115322208690,4,0,1,22528,4,1012644973
3382,115292026463,2131333,115294157796,6,0,1,86016,6,2919555097
3383,115292034514,1837603,115293872117,9,0,0,418304,9,5814964394
3384,115292074211,30190423,115322264634,6,0,1,13824,6,2040699244
3385,115292179932,1943038,115294122970,7,0,1,59904,7,8116938338
3386,115292225427,1543209,115293768636,6,0,0,388096,6,9144138997
3387,115292238727,30230974,115322469701,6,0,0,6656,6,8689171933
3388,115292580118,2028148,115294608266,8,0,0,232960,8,2525112625
3389,115292731818,30131814,115322863632,2,0,1,17408,2,8686304687
3390,115292790765,878658,115293669423,0,0,1,156672,0,3755828075
3391,115292800460,1667371,115294467831,9,0,0,399872,9,5223802488
3392,115292862010,29817710,115322679720,6,0,1,40960,6,7269486453
3393,115292904223,1740122,115294644345,9,0,0,1318912,9,7077507918
3394,115293096490,30282648,115323379138,5,0,1,54272,5,395821622
3395,115293331789,1587213,115294919002,5,0,1,37888,5,74927414
3396,115293368818,30581249,115323950067,7,0,0,12288,7,8228108335
3397,115293501528,1468196,115294969724,8,0,0,954880,8,10630396141
3398,115293518098,30204362,115323722460,1,0,0,573440,1,6360910031
3399,115293628847,1232881,115294861728,0,0,1,98816,0,7560242352
3400,115293982017,1194732,115295176749,6,0,0,2048,6,1075518106
3401,115294069716,1125462,115295195178,0,0,1,56320,0,910667902
3402,115294286835,1478689,115295765524,6,0,0,102912,6,7484831326
3403,115294483512,1410235,115295893747,9,0,0,545792,9,4709929840
3404,115294884286,30489248,115325373534,1,0,0,142848,1,8693745280
3405,115294928674,1306438,115296235112,7,0,0,11776,7,2277936617
3406,115295068669,535715,115295604384,7,0,1,38400,7,7359502957
3407,115295422982,30657727,115326080709,1,0,0,1702912,1,4713162349
3408,115295548736,386432,115295935168,2,0,1,22528,2,977726338
3409,115295738433,633935,115296372368,2,0,1,58368,2,5631494337
3410,115295981203,302186,115296283389,0,0,1,87552,0,8386500419
3411,115296151110,895849,115297046959,0,0,1,72704,0,82451876
3412,115296242511,30694709,115326937220,7,0,1,202752,7,6272328292
3413,115296454407,275749,115296730156,7,0,1,229888,7,6519993057
3414,115296605746,554117,115297159863,6,0,0,201216,6,4866486076
3415,115297147288,334180,115297481468,5,0,1,508928,5,8881642878
3416,115297225393,407171,115297632564,1,0,0,183296,1,2903630181
3417,115297324573,31098460,115328423033,5,0,1,513024,5,6935380743
3418,115297368368,433135,115297801503,9,0,0,120320,9,6524084995
3419,115297788753,31041253,115328830006,7,0,0,75264,7,9252414194
3420,115297873636,30919784,115328793420,1,0,0,452608,1,10312141855
3421,115297891555,863321,115298754876,8,0,0,988672,8,9553041142
3422,115298006037,570810,115298576847,1,0,0,787968,1,8671802808
3423,115298034151,570389,115298604540,2,0,1,167424,2,9449331098
3424,115298122678,287890,115298410568,9,0,0,239104,9,5202958524
3425,115298141228,353476,115298494704,8,0,0,105984,8,7859338617
3426,115298598816,31250770,115329849586,6,0,0,849408,6,4315998067
3427,115298876365,31222455,115330098820,0,0,1,139264,0,1232921430
3428,115298914409,594965,115299509374,2,0,1,108544,2,2773017823
3429,115298976844,324353,115299301197,8,0,0,660992,8,6391815837
3430,115299057446,31569550,115330626996,7,0,0,773120,7,3645392721
3431,115299152960,30621883,115329774843,9,0,0,356352,9,3793969736
3432,115299234048,30553655,115329787703,5,0,1,397312,5,9040212714
3433,115299287209,30585075,115329872284,9,0,0,109056,9,6632385065
3434,115299419334,575926,115299995260,9,0,0,1102336,9,4225694306
3435,115299516126,592404,115300108530,1,0,0,541184,1,9233176159
3436,115299658824,392551,115300051375,0,0,1,8192,0,1951192767
3437,115299716632,31075986,115330792618,7,0,0,76288,7,9144081286
3438,115299757432,30808127,115330565559,7,0,0,195584,7,7283538348
3439,115299844394,30295632,115330140026,5,0,1,2276352,5,711539404
3440,115300075308,30281476,115330356784,1,0,1,176640,1,3446964139
3441,115300534445,29802836,115330337281,0,0,1,5632,0,7818779212
3442,115300556614,30485649,115331042263,1,0,0,294912,1,5541994637
3443,115300743634,1047278,115301790912,7,0,0,214016,7,9712946503
3444,115300792867,1473934,115302266801,7,0,0,55808,7,9670704551
3445,115300922905,1372591,115302295496,5,0,1,198144,5,8066862842
3446,115301051206,30675546,115331726752,1,0,1,66048,1,10140134310
3447,115301133148,30599460,115331732608,1,0,1,263680,1,4248174095
3448,115301285091,30296093,115331581184,8,0,0,32256,8,3874099261
3449,115301566678,29366692,115330933370,8,0,0,90624,8,7449432493
3450,115301608940,660201,115302269141,0,0,1,27648,0,3344116874
3451,115301724950,1117919,115302842869,7,0,0,149504,7,7541361163
3452,115301734162,1241253,115302975415,6,0,0,253440,6,10145143835
3453,115301803995,29563806,115331367801,5,0,1,1961984,5,6235406776
3454,115301985940,1094424,115303080364,8,0,0,153600,8,4984910360
3455,115302010237,1618393,115303628630,2,0,1,110080,2,9451570875
3456,115302083469,988865,115303072334,0,0,1,19456,0,6675607494
3457,115302085382,29924940,115332010322,2,0,1,27136,2,2226595348
3458,115302131231,29777764,115331908995,1,0,1,29184,1,3716229404
3459,115302171892,29524140,115331696032,5,0,1,67584,5,6751538336
3460,115302226489,1051123,115303277612,6,0,0,1405952,6,7134714821
3461,115302312228,1047400,115303359628,5,0,1,406528,5,3547037081
3462,115302405323,834698,115303240021,9,0,0,91648,9,4702522186
3463,115302514373,29450480,115331964853,0,0,1,2048,0,6374007930
3464,115302527818,1051280,115303579098,1,0,1,31744,1,9894718050
3465,115302716691,1623954,115304340645,9,0,0,160768,9,6168353041
3466,115302750175,1712532,115304462707,9,0,1,55808,9,6764466946
3467,115303044328,29590873,115332635201,0,0,1,51200,0,2404487911
3468,115303194871,591377,115303786248,0,0,1,7680,0,3865539845
3469,115303235255,492148,115303727403,9,0,0,516608,9,8948885299
3470,115303279774,521856,115303801630,0,0,1,36864,0,10370342830
3471,115303322734,1479258,115304801992,1,0,0,415744,1,5993667486
3472,115303396589,384560,115303781149,1,0,1,62464,1,6730249031
3473,115303428404,258269,115303686673,9,0,0,658432,9,3527637241
3474,115303525213,1026274,115304551487,9,0,1,12288,9,3660374614
3475,115303601701,29887597,115333489298,8,0,0,62976,8,1871481051
3476,115303757746,332626,115304090372,8,0,0,219648,8,3909959384
3477,115303761587,30145060,115333906647,0,0,1,47616,0,7281995199
3478,115303977305,30176381,115334153686,6,0,0,72704,6,564984245
3479,115304059753,489237,115304548990,8,0,0,769024,8,8812303011
3480,115304284938,342809,115304627747,2,0,1,37888,2,9103334301
3481,115304460668,30544661,115335005329,0,0,1,14336,0,8570990020
3482,115304526390,1017235,115305543625,6,0,0,1414656,6,8320576322
3483,115304597542,30712239,115335309781,7,0,0,1082880,7,1354469652
3484,115304968622,618833,115305587455,5,0,1,262656,5,7780483826
3485,115305402281,486369,115305888650,8,0,0,79360,8,2349259152
3486,115305512586,279318,115305791904,2,0,1,24576,2,3011179576
3487,115305707397,30674520,115336381917,9,0,1,58880,9,4033148699
3488,115305754590,30505109,115336259699,9,0,1,36352,9,4240518905
3489,115305962387,30609193,115336571580,7,0,0,985088,7,2467503295
3490,115306511630,259936,115306771566,7,0,0,471552,7,5081273909
3491,115306587757,30679528,115337267285,9,0,1,1536,9,6509515362
3492,115306776575,673354,115307449929,7,0,0,84480,7,8087095627
3493,115306785143,559511,115307344654,0,0,1,79360,0,6070584972
3494,115306932834,529983,115307462817,5,0,1,450048,5,3469162295
3495,115307061226,773413,115307834639,7,0,0,711680,7,322489576
3496,115307226792,31328134,115338554926,5,0,1,1020416,5,9103199879
3497,115307308102,31121887,115338429989,5,0,1,1938432,5,7957832834
3498,115307564521,348487,115307913008,5,0,1,433152,5,1783001568
3499,115307597359,31150695,115338748054,8,0,0,74752,8,650678604
3500,115307731400,31289227,115339020627,8,0,0,553472,8,4482940598
3501,115307803913,597144,115308401057,2,0,1,120832,2,9492050708
3502,115307845132,31573373,115339418505,5,0,1,579584,5,2230563635
3503,115308038860,31660454,115339699314,2,0,1,29696,2,7074380488
3504,115308046405,481220,115308527625,5,0,1,166912,5,8348220198
3505,115308100938,31699830,115339800768,0,0,1,10752,0,2439762107
3506,115308388881,32144186,115340533067,6,0,1,175616,6,10408891914
3507,115308408102,455039,115308863141,9,0,1,26112,9,3770457324
3508,115308514729,32790047,115341304776,0,0,1,224768,0,5600408252
3509,115309164833,565039,115309729872,6,0,0,337408,6,9207459265
3510,115309188848,548748,115309737596,2,0,1,1536,2,7181420728
3511,115309253962,32672706,115341926668,6,0,0,887296,6,562781668
3512,115309446265,760837,115310207102,6,0,0,84480,6,10383418738
3513,115309453686,860187,115310313873,5,0,1,886272,5,4729560162
3514,115309477605,2112711,115311590316,7,0,0,1799680,7,7592094350
3515,115309645033,1005617,115310650650,5,0,1,237056,5,724418610
3516,115309873394,1437271,115311310665,9,0,1,76288,9,9650832856
3517,115310004016,997247,115311001263,9,0,0,52224,9,4664172205
3518,115310021108,1159677,115311180785,7,0,0,22016,7,9766784986
3519,115310036568,944763,115310981331,0,0,1,104960,0,3709175026
3520,115310050550,827408,115310877958,7,0,1,12288,7,5363273199
3521,115310111169,1081648,115311192817,0,0,1,2560,0,3160953019
3522,115310184068,474262,115310658330,9,0,1,11264,9,3566118994
3523,115310271531,900004,115311171535,9,0,1,13824,9,2606381344
3524,115310439205,2208546,115312647751,7,0,0,293888,7,9492350674
3525,115310613922,1792741,115312406663,6,0,0,77312,6,9488832090
3526,115310649225,1688295,115312337520,9,0,0,801280,9,3194043999
3527,115311031811,1176865,115312208676,6,0,0,128512,6,2354199703
3528,115311123628,1357744,115312481372,8,0,1,45056,8,7046253166
3529,115311260519,34937190,115346197709,6,0,1,4608,6,5563483159
3530,115311331541,1122631,115312454172,8,0,0,184320,8,4904122684
3531,115311353204,1779511,115313132715,7,0,1,56832,7,6320556345
3532,115311514382,34517471,115346031853,2,0,1,122368,2,9462629566
3533,115311600809,2844306,115314445115,6,0,0,368640,6,7507577517
3534,115311611686,35090447,115346702133,7,0,0,169984,7,6728044107
3535,115311686680,2384804,115314071484,8,0,1,5632,8,5449561370
3536,115311717659,1186512,115312904171,9,0,1,78848,9,2647952113
3537,115311943603,34725596,115346669199,7,0,1,7168,7,7548713081
3538,115312002164,1334329,115313336493,7,0,1,24576,7,2175171786
3539,115312021205,1938742,115313959947,8,0,0,131072,8,3201924213
3540,115312030984,1349103,115313380087,9,0,1,44032,9,6693760223
3541,115312086272,1149957,115313236229,7,0,0,53248,7,3188878587
3542,115312088280,34813574,115346901854,2,0,1,32256,2,7914105215
3543,115312165544,34702163,115346867707,6,0,1,309760,6,6429304582
3544,115312492698,1508726,115314001424,6,0,1,113664,6,7017208152
3545,115312519442,1240651,115313760093,0,0,1,61952,0,10049408584
3546,115312806944,34657061,115347464005,0,0,1,16384,0,9058364959
3547,115312873180,34466223,115347339403,0,0,1,119808,0,10242730634
3548,115312880652,34452934,115347333586,6,0,1,1536,6,3337454356
3549,115313100593,34111570,115347212163,6,0,0,616960,6,436456148
3550,115313283839,33948001,115347231840,2,0,1,18432,2,9947643408
3551,115313381478,785959,115314167437,9,0,0,139264,9,7250365718
3552,115313406087,791102,115314197189,9,0,1,98304,9,5162246114
3553,115313430756,1663409,115315094165,2,0,1,89088,2,1866584929
3554,115313608439,1744316,115315352755,8,0,0,808448,8,5778486018
3555,115313810641,956442,115314767083,0,0,1,53248,0,6223102289
3556,115313957288,34627374,115348584662,9,0,0,2446848,9,8869217184
3557,115313992918,34170511,115348163429,8,0,0,91648,8,1460795653
3558,115314052551,34396545,115348449096,9,0,0,126976,9,6201542617
3559,115314066933,1215117,115315282050,8,0,0,2281472,8,3068385883
3560,115314262995,691820,115314954815,7,0,0,512512,7,6689229706
3561,115314493117,457682,115314950799,8,0,1,8192,8,7378015662
3562,115314535022,1083478,115315618500,5,0,1,1320960,5,6835686980
3563,115314646128,1241512,115315887640,4,0,1,31744,4,4912150977
3564,115314890756,34681061,115349571817,9,0,0,177664,9,9935107054
3565,115314957213,34218448,115349175661,9,0,0,422400,9,3607325697
3566,115315083667,33951241,115349034908,0,0,1,40960,0,10475921512
3567,115315096862,33955855,115349052717,6,0,0,156672,6,1080314780
3568,115315177241,33609677,115348786918,9,0,0,1049088,9,4961843032
3569,115315209050,33575999,115348785049,5,0,1,128512,5,4098991047
3570,115315222347,1190607,115316412954,7,0,0,240128,7,4645873766
3571,115315290263,1769482,115317059745,0,0,1,22528,0,8763979166
3572,115315353813,1547038,115316900851,8,0,0,474624,8,10317835921
3573,115315506029,1460137,115316966166,8,0,1,32256,8,2464439892
3574,115315741106,1523974,115317265080,5,0,1,129024,5,2115293805
3575,115315776565,934369,115316710934,0,0,1,75264,0,1576764213
3576,115316021795,877627,115316899422,9,0,1,211968,9,10003262117
3577,115316045694,1581460,115317627154,0,0,1,107520,0,4337023796
3578,115316113198,1265048,115317378246,7,0,1,48640,7,9464326441
3579,115316251442,35123971,115351375413,2,0,1,113152,2,6258749101
3580,115316379716,636509,115317016225,6,0,0,70656,6,5048685651
3581,115316422516,34039958,115350462474,0,0,1,84992,0,8218002623
3582,115316437974,699584,115317137558,6,0,0,918016,6,5400875210
3583,115316523154,33543157,115350066311,2,0,1,130048,2,6766897837
3584,115316645067,33403709,115350048776,5,0,1,361984,5,5783529266
3585,115317011666,3219762,115320231428,0,0,1,63488,0,4786026333
3586,115317217171,33447547,115350664718,8,0,1,87552,8,7485574988
3587,115317321190,1239148,115318560338,0,0,1,18944,0,5550715824
3588,115317345115,33384854,115350729969,6,0,1,94208,6,8234856049
3589,115317554678,1001855,115318556533,9,0,1,13312,9,5469293787
3590,115317580779,1245744,115318826523,6,0,0,21504,6,4847131429
3591,115317719832,742797,115318462629,6,0,1,15872,6,4228571423
3592,115317949556,562054,115318511610,0,0,1,54784,0,7921566567
3593,115318018710,564904,115318583614,8,0,0,31232,8,8898923573
3594,115318153887,1692443,115319846330,8,0,0,447488,8,9151675723
3595,115318377127,1567490,115319944617,6,0,1,27648,6,3448481273
3596,115318381303,1020520,115319401823,5,0,1,568832,5,8539711271
3597,115318669054,1052293,115319721347,8,0,0,49152,8,8427463579
3598,115318798520,1467031,115320265551,9,0,1,57856,9,796751187
3599,115318824312,428346,115319252658,4,0,1,8704,4,2938423005
3600,115319040122,529157,115319569279,2,0,1,54272,2,8146830762
3601,115319307495,759419,115320066914,9,0,1,2560,9,2644548907
3602,115319664598,1391411,115321056009,8,0,0,628224,8,9034550624
3603,115319863985,528225,115320392210,5,0,1,87552,5,5776775401
3604,115319969262,34502174,115354471436,5,0,1,285184,5,10280646451
3605,115320096688,632532,115320729220,2,0,1,44544,2,1509220796
3606,115320109270,840358,115320949628,7,0,1,321536,7,1653948601
3607,115320198747,570831,115320769578,0,0,1,124928,0,3883366655
3608,115320391673,447219,115320838892,6,0,0,110592,6,10489628509
3609,115320600011,34767032,115355367043,8,0,1,78336,8,7395504064
3610,115320653027,858443,115321511470,9,0,1,86016,9,8738647118
3611,115320916124,34768704,115355684828,7,0,0,1285120,7,8141594007
3612,115321002276,34797874,115355800150,9,0,0,100864,9,9899614132
3613,115321068925,467726,115321536651,8,0,0,2082816,8,758365971
3614,115321107443,520673,115321628116,0,0,1,512,0,9975981309
3615,115321141924,1043782,115322185706,9,0,0,30208,9,9030066621
3616,115321627048,448603,115322075651,5,0,1,1609216,5,9618357226
3617,115321629202,1070632,115322699834,7,0,0,383488,7,5747140180
3618,115321747936,698700,115322446636,8,0,0,49664,8,3061058505
3619,115321804962,911322,115322716284,8,0,0,1232896,8,3880317932
3620,115321865360,1456131,115323321491,8,0,1,31744,8,5418250267
3621,115322222586,35238317,115357460903,7,0,0,1166848,7,5008934379
3622,115322305129,715897,115323021026,7,0,0,326656,7,5029844194
3623,115322324369,718852,115323043221,5,0,1,34304,5,6066303296
3624,115322344654,731217,115323075871,9,0,1,116224,9,3068497323
3625,115322362376,561696,115322924072,6,0,0,209920,6,9905211166
3626,115322389355,905715,115323295070,6,0,0,35840,6,9090004101
3627,115322398696,35227311,115357626007,2,0,1,23552,2,4244696932
3628,115322410197,926743,115323336940,9,0,1,25088,9,4881206634
3629,115322442038,837961,115323279999,0,0,1,32768,0,4592665878
3630,115322523744,764577,115323288321,5,0,1,1084416,5,649677536
3631,115322740861,35659976,115358400837,2,0,1,22016,2,6661239598
3632,115322766943,984827,115323751770,5,0,1,96768,5,7881759305
3633,115322785540,755140,115323540680,9,0,0,470528,9,8037539213
3634,115322887345,966949,115323854294,9,0,1,336896,9,3002812814
3635,115322976688,591770,115323568458,0,0,1,121856,0,8887891667
3636,115323086769,35796545,115358883314,0,0,1,18432,0,3211882418
3637,115323094484,311186,115323405670,8,0,1,20480,8,2705522914
3638,115323104514,817417,115323921931,2,0,0,602112,2,570195745
3639,115323203065,35761114,115358964179,9,0,1,114176,9,10364583054
3640,115323214866,454763,115323669629,8,0,1,512,8,7277454556
3641,115323446401,1029305,115324475706,0,0,1,10752,0,2515149584
3642,115323521554,1109984,115324631538,5,0,1,2427392,5,4663768085
3643,115323746735,36105463,115359852198,0,0,1,5120,0,2177717566
3644,115323857727,554739,115324412466,7,0,1,15872,7,2432492886
3645,115323868848,36214564,115360083412,7,0,1,152576,7,976685383
3646,115324009981,36044816,115360054797,7,0,1,31744,7,343558395
3647,115324043634,36112204,115360155838,0,0,1,205312,0,4940260894
3648,115324341878,35429164,115359771042,7,0,1,30208,7,1588459808
3649,115324364551,35328759,115359693310,7,0,0,533504,7,4400759122
3650,115324426439,35299799,115359726238,6,0,0,1511936,6,2473993731
3651,115324554012,34814347,115359368359,8,0,1,204288,8,6520239643
3652,115324573336,34580161,115359153497,6,0,0,880640,6,2161749877
3653,115324794194,34471312,115359265506,8,0,0,721920,8,9445884013
3654,115324829188,34578110,115359407298,7,0,0,114688,7,2453013019
3655,115325054878,34378150,115359433028,9,0,0,613376,9,3487802634
3656,115325096170,372474,115325468644,0,0,1,512,0,9225477478
3657,115325103423,34701109,115359804532,9,0,1,67584,9,8680289616
3658,115325178294,332570,115325510864,5,0,1,113664,5,4625723270
3659,115325243809,34565827,115359809636,0,0,1,6144,0,10347846527
3660,115325310059,34338316,115359648375,0,0,0,1424896,0,7109463549
3661,115325441567,275401,115325716968,4,0,1,210432,4,6346759948
3662,115325450913,34020878,115359471791,5,0,1,260608,5,5412609603
3663,115325532987,34101926,115359634913,4,0,1,48640,4,8532664506
3664,115325597917,418472,115326016389,0,0,1,119808,0,4286883731
3665,115325618045,316371,115325934416,8,0,0,530432,8,2034989066
3666,115326003124,34267112,115360270236,7,0,0,277504,7,8376824082
3667,115326352759,34110548,115360463307,8,0,1,16384,8,4270659696
3668,115326355591,486748,115326842339,4,0,1,13312,4,10657532041
3669,115326431107,34045604,115360476711,7,0,0,1138176,7,6528194798
3670,115326496064,33869413,115360365477,0,0,0,931328,0,2584266356
3671,115326516686,34088766,115360605452,5,0,1,429568,5,2586578884
3672,115326545040,633927,115327178967,8,0,0,289792,8,5338416220
3673,115326742393,34165755,115360908148,4,0,1,35328,4,9350296551
3674,115326865851,34517494,115361383345,7,0,1,2560,7,2490380676
3675,115327005171,33744256,115360749427,9,0,1,35328,9,8832063087
3676,115327031329,446929,115327478258,0,0,0,683520,0,10109628557
3677,115327059256,878443,115327937699,0,0,0,307712,0,10240499687
3678,115327118501,650468,115327768969,7,0,0,194560,7,8222839374
3679,115327301835,1081797,115328383632,7,0,1,55296,7,257346894
3680,115327550448,1096458,115328646906,0,0,1,1536,0,2444887809
3681,115327556928,845092,115328402020,7,0,0,309760,7,9390108843
3682,115327644724,33806648,115361451372,7,0,0,664576,7,9093389473
3683,115327686581,1542042,115329228623,7,0,1,178688,7,4736979224
3684,115327898208,877149,115328775357,9,0,0,148480,9,2114536921
3685,115328016527,33497968,115361514495,5,0,1,1470464,5,9417908493
3686,115328315821,33263055,115361578876,5,0,1,1231872,5,8406079462
3687,115328436710,296870,115328733580,9,0,0,244736,9,8238676800
3688,115328547964,479480,115329027444,4,0,1,31744,4,1712073620
3689,115328602266,409355,115329011621,3,0,1,17408,3,6833660576
3690,115328660772,33266523,115361927295,9,0,1,84992,9,2098044747
3691,115328693557,32759533,115361453090,0,0,0,530944,0,9490769742
3692,115328703501,460114,115329163615,9,0,1,91648,9,10219334836
3693,115328825505,555657,115329381162,0,0,0,1260032,0,8485067026
3694,115328948450,32851097,115361799547,8,0,0,534016,8,853461468
3695,115329035054,31559948,115360595002,9,0,1,26112,9,5332256238
3696,115329236350,31809465,115361045815,0,0,1,145920,0,3939332713
3697,115329284519,31644309,115360928828,6,0,0,851968,6,3505387926
3698,115329298415,332310,115329630725,2,0,1,17408,2,1246392017
3699,115329330293,466873,115329797166,9,0,0,172032,9,10458271789
3700,115329333687,920003,115330253690,7,0,0,237056,7,2721763140
3701,115329415575,32371184,115361786759,9,0,0,195584,9,1835181468
3702,115329448103,31875376,115361323479,8,0,0,779776,8,2403236308
3703,115329465136,31876234,115361341370,9,0,0,13824,9,3913625253
3704,115329921919,1081961,115331003880,6,0,0,364544,6,7000024034
3705,115329934682,31589376,115361524058,1,0,1,44032,1,682742128
3706,115330019323,31449320,115361468643,0,0,1,72704,0,2417451622
3707,115330068955,937561,115331006516,4,0,1,138752,4,5797957438
3708,115330103097,763878,115330866975,9,0,0,606720,9,10597197910
3709,115330183993,290345,115330474338,8,0,0,491520,8,6179527534
3710,115330234203,468148,115330702351,7,0,1,61952,7,4195652144
3711,115330247820,903769,115331151589,7,0,0,145408,7,8746283832
3712,115330433453,741408,115331174861,7,0,0,34816,7,51230555
3713,115330473010,353918,115330826928,2,0,1,14848,2,841107325
3714,115330549955,31947754,115362497709,5,0,1,626176,5,2174140938
3715,115330643690,31607143,115362250833,5,0,1,892416,5,8276344555
3716,115330735811,31382341,115362118152,3,0,1,109568,3,3232193683
3717,115330961337,31260761,115362222098,0,0,1,14848,0,5164296617
3718,115331103660,31314459,115362418119,1,0,1,22016,1,7310567027
3719,115331117146,30964619,115362081765,9,0,1,148480,9,6992367387
3720,115331152888,31460281,115362613169,3,0,1,20480,3,10458246855
3721,115331159281,330582,115331489863,7,0,0,303104,7,8101273652
3722,115331309077,505516,115331814593,7,0,0,105472,7,6832023952
3723,115331335366,1683926,115333019292,4,0,1,5632,4,5483970836
3724,115331342847,941463,115332284310,2,0,1,33792,2,5633454124
3725,115331588794,31232097,115362820891,2,0,1,187392,2,5266268815
3726,115331644220,30951231,115362595451,5,0,1,95744,5,8408321310
3727,115331716828,30758696,115362475524,9,0,1,28160,9,9554126219
3728,115331780132,795901,115332576033,8,0,1,27136,8,118237231
3729,115331782307,455848,115332238155,0,0,1,25600,0,1463716519
3730,115331836858,31383825,115363220683,8,0,1,40448,8,4475163713
3731,115331923274,31395851,115363319125,1,0,1,31232,1,10422290364
3732,115331980814,31393232,115363374046,4,0,1,71680,4,5414382566
3733,115331995147,766077,115332761224,9,0,0,287744,9,8214966225
3734,115332225230,32249391,115364474621,4,0,1,36864,4,4868391894
3735,115332290868,32240371,115364531239,9,0,0,1879552,9,4336694854
3736,115332380991,31685654,115364066645,1,0,1,40960,1,5199627163
3737,115332459252,31775098,115364234350,0,0,1,32256,0,902617743
3738,115332465628,31698660,115364164288,5,0,1,439296,5,72291755
3739,115332535572,781548,115333317120,9,0,1,3584,9,4994518270
3740,115332624114,1304645,115333928759,9,0,0,994816,9,10508872097
3741,115332719057,930070,115333649127,0,0,1,107008,0,5790457502
3742,115332913309,1513547,115334426856,9,0,1,34816,9,6331612340
3743,115333071442,1220752,115334292194,7,0,1,34816,7,6755044240
3744,115333115312,32264587,115365379899,8,0,1,364544,8,110024255
3745,115333147914,32318305,115365466219,8,0,1,4096,8,3133625811
3746,115333149610,32387218,115365536828,7,0,1,72192,7,1691812855
3747,115333176042,31395251,115364571293,0,0,1,1536,0,1820532127
3748,115333298429,469829,115333768258,5,0,1,326144,5,6126808880
3749,115333382104,648279,115334030383,8,0,0,1661440,8,9506956563
3750,115333412254,623699,115334035953,8,0,1,7680,8,854172307
3751,115333708848,1287163,115334996011,5,0,1,282112,5,8114281811
3752,115333803827,31772642,115365576469,8,0,1,136704,8,1927179156
3753,115333818701,30636046,115364454747,2,0,1,69120,2,5378223618
3754,115333868696,30204682,115364073378,1,0,1,73728,1,4805842825
3755,115333883922,30239698,115364123620,9,0,0,86016,9,1854583643
3756,115333912844,29742201,115363655045,4,0,1,68096,4,9329781223
3757,115333970869,28995960,115362966829,9,0,0,1546240,9,944618361
3758,115334039411,28309463,115362348874,9,0,1,6144,9,2068037165
3759,115334085722,28278942,115362364664,9,0,0,456704,9,8550975786
3760,115334204825,28233855,115362438680,8,0,1,45056,8,243350964
3761,115334230895,1162653,115335393548,2,0,1,102912,2,4703968244
3762,115334306851,28978554,115363285405,9,0,1,95744,9,1559960052
3763,115334312978,28908423,115363221401,2,0,1,73216,2,4265503011
3764,115334535231,304831,115334840062,6,0,0,91136,6,8264341908
3765,115334592186,28582326,115363174512,6,0,0,204800,6,9420288350
3766,115334660103,28484832,115363144935,7,0,0,560128,7,64285826
3767,115334665791,434049,115335099840,0,0,1,14848,0,1672274672
3768,115334670400,843123,115335513523,2,0,1,35840,2,9340416781
3769,115335134685,498005,115335632690,9,0,0,1004544,9,889944587
3770,115335169376,874344,115336043720,7,0,1,70656,7,4679416099
3771,115335329728,29038490,115364368218,8,0,0,1422848,8,4924447197
3772,115335575690,865445,115336441135,7,0,0,267776,7,1175515739
3773,115336033692,29086571,115365120263,4,0,1,48128,4,8046625056
3774,115336071564,29136251,115365207815,8,0,0,465408,8,6486416753
3775,115336638569,29150837,115365789406,0,0,1,75264,0,7621470940
3776,115336930510,29144096,115366074606,8,0,1,24064,8,6438614307
3777,115337045301,657923,115337703224,8,0,0,161280,8,1166937508
3778,115337081145,28949882,115366031027,8,0,1,17920,8,6643115161
3779,115337202783,485138,115337687921,9,0,0,761344,9,4864332434
3780,115337294253,373552,115337667805,7,0,1,58368,7,5973192817
3781,115337368637,614272,115337982909,4,0,1,512,4,3592430756
3782,115337521535,28983925,115366505460,9,0,0,141312,9,1775258757
3783,115337621914,404566,115338026480,9,0,0,353792,9,192911343
3784,115337649438,27958256,115365607694,8,0,0,1422336,8,10167756383
3785,115337914304,533905,115338448209,8,0,1,1024,8,1801583925
3786,115338089669,342860,115338432529,0,0,0,2388992,0,8172808889
3787,115338182190,28500501,115366682691,0,0,0,702464,0,2349741128
3788,115338224734,28694607,115366919341,6,0,0,24576,6,5613061450
3789,115338254571,28750119,115367004690,9,0,0,572928,9,8425537426
3790,115338303803,28749136,115367052939,5,0,1,165376,5,1772045211
3791,115338345839,28763539,115367109378,0,0,1,66048,0,3614804100
3792,115338475067,405836,115338880903,5,0,1,94720,5,5027892565
3793,115338483602,352635,115338836237,0,0,0,42496,0,1856302380
3794,115338512094,29076303,115367588397,2,0,1,36352,2,3751448780
3795,115338757218,28971890,115367729108,7,0,1,40448,7,6121503983
3796,115338805961,28708695,115367514656,5,0,1,129024,5,9161892394
3797,115338900356,508912,115339409268,7,0,1,63488,7,5888983628
3798,115339100809,28745817,115367846626,8,0,1,105472,8,121281299
3799,115339226582,29037782,115368264364,6,0,0,1528832,6,230316237
3800,115339596865,29092635,115368689500,7,0,0,7680,7,2363041486
3801,115339698818,28874759,115368573577,8,0,1,37376,8,9291919558
3802,115339747511,28968621,115368716132,6,0,0,182784,6,7354585084
3803,115339761804,28986839,115368748643,0,0,1,4096,0,9071102705
3804,115339769158,28662353,115368431511,9,0,0,883712,9,9125125113
3805,115339770982,1001687,115340772669,7,0,1,6656,7,2161508923
3806,115339914119,28847797,115368761916,8,0,0,230400,8,757906720
3807,115339917728,28655428,115368573156,6,0,0,520192,6,1782260056
3808,115339970259,359940,115340330199,0,0,0,267264,0,3435518071
3809,115339997237,28209853,115368207090,8,0,1,44544,8,10394903524
3810,115340016432,28167343,115368183775,0,0,0,23040,0,6476171102
3811,115340034569,638570,115340673139,0,0,1,5120,0,7776780527
3812,115340045971,28542490,115368588461,6,0,0,933888,6,4223748037
3813,115340062478,28637768,115368700246,8,0,0,699392,8,10359578212
3814,115340291598,788381,115341079979,9,0,0,180224,9,5639474645
3815,115340675957,28657974,115369333931,2,0,0,343040,2,3167846264
3816,115340778222,28677166,115369455388,8,0,0,145920,8,10537334092
3817,115340779717,28762223,115369541940,2,0,0,441344,2,1772775581
3818,115340887950,28746018,115369633968,6,0,0,151040,6,4428300007
3819,115340913129,530137,115341443266,0,0,1,32256,0,10337085866
3820,115340946601,29017743,115369964344,4,0,1,114688,4,3949669680
3821,115341219353,29021578,115370240931,9,0,0,353792,9,1705888684
3822,115341230097,28698771,115369928868,4,0,1,5120,4,1526458886
3823,115341249431,28749348,115369998779,4,0,1,146432,4,898917491
3824,115341311033,440971,115341752004,2,0,1,14848,2,799090215
3825,115341323731,28889979,115370213710,7,0,0,525312,7,2546313229
3826,115341413639,632044,115342045683,6,0,0,299008,6,10487750935
3827,115341433889,28917593,115370351482,4,0,1,35328,4,9938547093
3828,115341437593,28731979,115370169572,7,0,0,284160,7,8621275093
3829,115341565300,28147027,115369712327,9,0,0,359424,9,1708752272
3830,115341606614,28039319,115369645933,2,0,1,356352,2,7185024796
3831,115341620105,27465406,115369085511,7,0,0,62464,7,137879017
3832,115341780530,227299,115342007829,7,0,1,37888,7,5557461745
3833,115341913890,377728,115342291618,7,0,1,23552,7,5425329665
3834,115341915534,447113,115342362647,9,0,0,293888,9,3246319696
3835,115341942585,27958129,115369900714,2,0,0,114176,2,7538806312
3836,115342052784,329372,115342382156,4,0,1,11776,4,9153632411
3837,115342076902,28119513,115370196415,9,0,0,659968,9,3352805654
3838,115342120306,422481,115342542787,8,0,0,14848,8,1586025504
3839,115342151374,1001102,115343152476,6,0,0,778752,6,314109663
3840,115342243050,558612,115342801662,7,0,1,32256,7,8368845066
3841,115342264177,593133,115342857310,8,0,0,457216,8,2516070680
3842,115342642642,776522,115343419164,5,0,1,1719808,5,9172304005
3843,115342701422,28134703,115370836125,2,0,0,525312,2,9347434509
3844,115342918098,27662409,115370580507,6,0,0,455168,6,7616770936
3845,115343083215,431654,115343514869,6,0,0,527872,6,1654361034
3846,115343221463,28188735,115371410198,8,0,1,8704,8,140188248
3847,115343372084,28257132,115371629216,4,0,1,19456,4,8269108086
3848,115343391208,27842280,115371233488,8,0,1,19968,8,9933138398
3849,115343805932,27852608,115371658540,7,0,0,26112,7,2561768038
3850,115343970026,28000628,115371970654,7,0,0,125952,7,2062726419
3851,115344019045,451754,115344470799,9,0,0,1182208,9,2184650619
3852,115344101022,1187403,115345288425,2,0,0,531456,2,3757410568
3853,115344206442,792391,115344998833,6,0,0,4608,6,8781336439
3854,115344374438,1628455,115346002893,8,0,0,207360,8,9032176022
3855,115344458586,391062,115344849648,1,0,1,58880,1,2973516271
3856,115344583570,28183370,115372766940,6,0,0,1254400,6,6625725204
3857,115344613543,1241323,115345854866,8,0,0,403456,8,945347052
3858,115344852018,1777517,115346629535,2,0,1,90624,2,3064572767
3859,115344981382,523839,115345505221,7,0,1,13312,7,1677094137
3860,115345092644,1896774,115346989418,2,0,0,1398784,2,2993067034
3861,115345349888,935807,115346285695,9,0,0,859648,9,1954762421
3862,115345377866,263440,115345641306,7,0,0,59904,7,191813774
3863,115345380704,29016016,115374396720,9,0,0,1425408,9,1242738779
3864,115345592903,1115038,115346707941,9,0,0,89600,9,9686820975
3865,115345730560,961304,115346691864,4,0,1,100864,4,5153818625
3866,115345750542,29103886,115374854428,7,0,1,54784,7,6449970996
3867,115345767409,874621,115346642030,7,0,0,165888,7,10659717633
3868,115345817486,1255803,115347073289,6,0,0,333312,6,1989980549
3869,115345825641,28882406,115374708047,0,0,0,1257984,0,2293090162
3870,115346004535,1004411,115347008946,7,0,0,345088,7,6654332170
3871,115346089840,27943019,115374032859,8,0,1,38912,8,3374273844
3872,115346222914,563181,115346786095,4,0,1,179712,4,113357768
3873,115346290663,28354145,115374644808,2,0,1,219648,2,2165386402
3874,115346587619,28125290,115374712909,8,0,0,1133568,8,502103805
3875,115346637185,870708,115347507893,7,0,0,614912,7,1865082902
3876,115346759088,585910,115347344998,2,0,1,40960,2,5593143522
3877,115347216508,28225613,115375442121,6,0,0,57344,6,879119125
3878,115347264591,557560,115347822151,0,0,0,627712,0,6290153188
3879,115347327790,1342814,115348670604,2,0,1,2048,2,9719899512
3880,115347361249,1109321,115348470570,8,0,0,14336,8,4197248899
3881,115347372054,958587,115348330641,2,0,1,83456,2,265748310
3882,115347410061,753928,115348163989,2,0,1,44032,2,7000538151
3883,115347542708,653119,115348195827,7,0,0,282112,7,4956518162
3884,115347784308,28847398,115376631706,2,0,0,2556416,2,5562476005
3885,115348005865,789545,115348795410,6,0,0,89600,6,3629668091
3886,115348179735,1101579,115349281314,2,0,1,41472,2,10228294314
3887,115348325034,1587167,115349912201,9,0,0,428544,9,7192266162
3888,115348607534,636610,115349244144,0,0,0,46080,0,9544131099
3889,115348842607,645588,115349488195,7,0,0,1543168,7,8209629453
3890,115348887912,1378944,115350266856,0,0,0,92672,0,8187696905
3891,115349791886,1651494,115351443380,2,0,1,10752,2,5038513943
3892,115349800251,2039623,115351839874,2,0,0,1591808,2,6050570120
3893,115349894196,711039,115350605235,2,0,1,93184,2,4151021423
3894,115349943150,1151481,115351094631,2,0,0,1205248,2,7726355676
3895,115349969097,30078740,115380047837,8,0,1,8704,8,3396036376
3896,115350020284,617955,115350638239,4,0,1,117248,4,8993164054
3897,115350096951,30275649,115380372600,2,0,0,79872,2,10675578918
3898,115350174481,30247230,115380421711,8,0,1,127488,8,5906959478
3899,115350247013,30429031,115380676044,2,0,0,229888,2,10533905375
3900,115350252117,30207182,115380459299,4,0,1,41984,4,4215105808
3901,115350496916,877779,115351374695,2,0,0,878592,2,7828046183
3902,115350651123,523363,115351174486,6,0,0,1371648,6,5563306889
3903,115350938627,725353,115351663980,4,0,1,2048,4,2420605886
3904,115351372753,30078269,115381451022,8,0,0,323584,8,6440288516
3905,115351375981,29712812,115381088793,9,0,1,150016,9,8995131301
3906,115351386005,29643724,115381029729,8,0,0,106496,8,8534504457
3907,115351389751,835604,115352225355,9,0,1,66048,9,9772749951
3908,115351496938,582532,115352079470,0,0,1,30720,0,9093077011
3909,115351542219,30009842,115381552061,2,0,0,118784,2,5340281694
3910,115351785522,29968209,115381753731,9,0,1,47104,9,1208223872
3911,115351925280,30181917,115382107197,8,0,1,31232,8,7704889891
3912,115352036935,30226253,115382263188,9,0,0,235520,9,5712478580
3913,115352056491,30200712,115382257203,7,0,0,215552,7,8677635375
3914,115352371779,30546118,115382917897,4,0,1,25088,4,8849514445
3915,115352749960,30785683,115383535643,8,0,0,232960,8,10498545441
3916,115352862292,30630380,115383492672,0,0,0,102912,0,2559995390
3917,115352889538,30372354,115383261892,8,0,0,1557504,8,5215365688
3918,115352962131,1608923,115354571054,6,0,0,756736,6,10291806380
3919,115352966820,1425201,115354392021,8,0,0,278016,8,2260458700
3920,115353479336,30381515,115383860851,2,0,0,353792,2,1419322359
3921,115353573009,1768308,115355341317,9,0,1,14848,9,9857879596
3922,115353615688,1462841,115355078529,2,0,0,328192,2,10006715142
3923,115353701609,30590112,115384291721,4,0,1,11264,4,96469286
3924,115353757921,30556100,115384314021,7,0,0,144384,7,7045788807
3925,115353797739,30360282,115384158021,8,0,0,101376,8,1040415856
3926,115353863819,1381788,115355245607,8,0,0,242176,8,7679693552
3927,115354000170,1365033,115355365203,2,0,0,302592,2,6369427377
3928,115354015390,1000749,115355016139,7,0,0,184320,7,4621118551
3929,115354209372,30560439,115384769811,2,0,0,29184,2,1743027260
3930,115354257514,1465138,115355722652,0,0,0,530944,0,4944335728
3931,115354281202,980202,115355261404,8,0,1,80896,8,6864471052
3932,115354589154,863838,115355452992,9,0,0,82432,9,4357702329
3933,115354658306,2608556,115357266862,8,0,0,816128,8,2645673358
3934,115355181479,2770938,115357952417,2,0,0,62464,2,1441296675
3935,115355256180,2610730,115357866910,9,0,0,1969152,9,2088603884
3936,115355275317,32741189,115388016506,9,0,1,46592,9,5571924898
3937,115355975941,1939561,115357915502,0,0,0,1190400,0,288865944
3938,115356048547,1843579,115357892126,6,0,0,157696,6,135575925
3939,115356089298,1831900,115357921198,0,0,0,61440,0,3396057045
3940,115356195598,2674015,115358869613,8,0,0,1108992,8,6741573579
3941,115356235564,3535856,115359771420,4,0,1,17920,4,4918232811
3942,115356383551,1373763,115357757314,6,0,0,200704,6,1801789633
3943,115356439962,1691586,115358131548,4,0,1,61952,4,284486863
3944,115356550534,33668658,115390219192,7,0,0,982528,7,2553706845
3945,115356603037,3140317,115359743354,7,0,0,793088,7,1806605157
3946,115356859241,1755033,115358614274,8,0,0,381440,8,876955868
3947,115356876196,33588892,115390465088,4,0,1,68608,4,4041585781
3948,115357366961,33534098,115390901059,2,0,0,320000,2,9516924566
3949,115357459775,2439075,115359898850,2,0,0,60928,2,9467020974
3950,115357641929,2018046,115359659975,2,0,0,380928,2,7820648882
3951,115357696975,33345282,115391042257,7,0,0,940032,7,6827718193
3952,115357829448,2402249,115360231697,8,0,0,236032,8,3159739710
3953,115357850400,33453513,115391303913,4,0,1,29184,4,5397991066
3954,115357899738,1370585,115359270323,7,0,0,64000,7,6820315239
3955,115357988658,2155366,115360144024,9,0,0,66560,9,9479448013
3956,115358265871,33333473,115391599344,9,0,0,740352,9,8875602567
3957,115358295218,33290080,115391585298,8,0,0,422400,8,6928044705
3958,115358305600,687089,115358992689,2,0,0,495104,2,2939524440
3959,115358533358,757067,115359290425,8,0,1,139264,8,3682471440
3960,115358607882,741049,115359348931,4,0,1,24064,4,5746919099
3961,115358644220,1544623,115360188843,2,0,0,387584,2,4191500787
3962,115358820225,995430,115359815655,8,0,0,155648,8,3664607686
3963,115359147251,1499652,115360646903,9,0,0,366592,9,545387969
3964,115359230946,1717885,115360948831,2,0,0,25600,2,6978205984
3965,115359314912,535035,115359849947,8,0,1,50688,8,1713770662
3966,115359451211,2488042,115361939253,9,0,1,72704,9,10653709051
3967,115359470798,2655596,115362126394,8,0,1,57344,8,8625538986
3968,115359488761,35828782,115395317543,7,0,0,671232,7,6972302809
3969,115359684666,1798694,115361483360,6,0,0,415744,6,7920243520
3970,115359940236,2608715,115362548951,8,0,1,50688,8,10166481981
3971,115360146356,1788381,115361934737,8,0,1,220672,8,9100468465
3972,115360147765,2525638,115362673403,2,0,0,645632,2,6200185451
3973,115360573280,2010580,115362583860,4,0,1,31744,4,7086730722
3974,115360604503,1897446,115362501949,9,0,0,1076736,9,7775217151
3975,115360633417,2350550,115362983967,4,0,1,2048,4,7653681999
3976,115360684510,36161519,115396846029,9,0,1,24576,9,3669917029
3977,115360712252,1527575,115362239827,9,0,1,231424,9,9924394250
3978,115360925505,35725880,115396651385,2,0,0,216064,2,6730486323
3979,115360991309,35509255,115396500564,8,0,0,426496,8,8667166411
3980,115361051866,1148517,115362200383,7,0,0,464384,7,4226611549
3981,115361278525,1507927,115362786452,9,0,0,690176,9,5964533253
3982,115361313753,752665,115362066418,2,0,0,111616,2,84358934
3983,115361426611,35755306,115397181917,7,0,0,319488,7,2500488535
3984,115361430179,35042385,115396472564,2,0,0,1638912,2,5726974040
3985,115361450261,34965495,115396415756,6,0,0,1744384,6,5954875545
3986,115361463437,1571612,115363035049,4,0,1,5632,4,10226804689
3987,115361666039,949629,115362615668,3,0,1,23552,3,3924251547
3988,115361687562,935606,115362623168,2,0,0,478208,2,4293574228
3989,115361689490,1422024,115363111514,9,0,0,310784,9,5549509032
3990,115361727768,554578,115362282346,4,0,1,93184,4,7870273525
3991,115361748960,35488791,115397237751,4,0,1,95744,4,3899105085
3992,115361890741,611684,115362502425,3,0,1,141824,3,4103506270
3993,115361894993,1095012,115362990005,8,0,0,356352,8,458479657
3994,115362132798,404475,115362537273,8,0,0,56320,8,2319468956
3995,115362180910,35836928,115398017838,0,0,0,120320,0,80520812
3996,115362230754,35779078,115398009832,5,0,1,336896,5,2494834516
3997,115362303148,35804807,115398107955,3,0,1,41472,3,2585783134
3998,115362561596,304241,115362865837,8,0,1,5632,8,8912913235
3999,115362703093,1215614,115363918707,0,0,0,521216,0,3726524017
4000,115362741138,816694,115363557832,9,0,1,102400,9,304513895
4001,115362906083,865447,115363771530,3,0,1,2048,3,936820137
4002,115363014862,609274,115363624136,9,0,1,2560,9,8217668052
4003,115363215105,890701,115364105806,8,0,0,438784,8,1263370963
4004,115363465267,793608,115364258875,8,0,1,8192,8,2495743032
4005,115363559992,711918,115364271910,5,0,1,565248,5,9346557240
4006,115363571668,36646562,115400218230,0,0,0,901632,0,9177585034
4007,115363698108,1348549,115365046657,5,0,1,748032,5,8602040897
4008,115363707762,37079700,115400787462,8,0,0,431616,8,9601672285
4009,115363718261,36889171,115400607432,8,0,1,14848,8,6132871693
4010,115363790036,36955918,115400745954,8,0,0,605696,8,7250203604
4011,115363849493,1185138,115365034631,3,0,1,78848,3,896919611
4012,115363983890,36966143,115400950033,5,0,1,112640,5,1228294585
4013,115364064391,579255,115364643646,9,0,0,718336,9,3636916228
4014,115364071439,741103,115364812542,6,0,0,276992,6,2195607055
4015,115364240843,37599028,115401839871,9,0,0,40960,9,3983121501
4016,115364294163,37424240,115401718403,2,0,0,757760,2,4716805610
4017,115364518036,37313397,115401831433,3,0,1,57856,3,1457895184
4018,115364788441,37385006,115402173447,0,0,0,204800,0,4488096679
4019,115364808103,2024666,115366832769,0,0,0,641536,0,994707577
4020,115364821337,891674,115365713011,0,0,0,167936,0,441350988
4021,115364844961,1107606,115365952567,2,0,1,6144,2,4551238404
4022,115364850669,888645,115365739314,9,0,0,519168,9,8756630575
4023,115364851664,1559992,115366411656,6,0,0,87040,6,5959009293
4024,115364879459,1768522,115366647981,5,0,1,859136,5,2731096183
4025,115365011665,1199187,115366210852,6,0,0,147456,6,7341044228
4026,115365062820,38405740,115403468560,9,0,0,138240,9,9258073231
4027,115365130123,1455390,115366585513,3,0,1,56320,3,9437486221
4028,115365242385,38434860,115403677245,9,0,0,381440,9,662881147
4029,115365261606,2538795,115367800401,4,0,1,128000,4,10331570501
4030,115365290540,1409405,115366699945,3,0,1,31744,3,3969779807
4031,115365322173,590283,115365912456,4,0,1,12288,4,1373373233
4032,115365503790,1572795,115367076585,4,0,1,28160,4,4341314066
4033,115365589571,985352,115366574923,8,0,0,110080,8,3579925460
4034,115365609290,1639957,115367249247,3,0,1,15360,3,6039839650
4035,115365615365,965400,115366580765,8,0,0,965632,8,2577847406
4036,115365660000,1268127,115366928127,7,0,0,1250816,7,3502596955
4037,115365759303,661906,115366421209,6,0,1,109568,6,3248700235
4038,115365774568,1134025,115366908593,4,0,1,168960,4,314558688
4039,115365785832,38723679,115404509511,2,0,0,231936,2,4581292280
4040,115365868405,1029032,115366897437,9,0,0,118272,9,10526030270
4041,115365967218,499309,115366466527,2,0,1,22016,2,1930686205
4042,115366089019,38998292,115405087311,4,0,1,6656,4,9310231909
4043,115366114029,789691,115366903720,3,0,1,49152,3,1388351802
4044,115366189714,38444627,115404634341,6,0,0,127488,6,10410360493
4045,115366371584,708556,115367080140,5,0,1,1068544,5,1875937035
4046,115366489932,988663,115367478595,6,0,0,329216,6,7018521587
4047,115366685407,1092833,115367778240,2,0,1,22528,2,8746286917
4048,115366771780,704760,115367476540,4,0,1,153088,4,4696375204
4049,115366779357,39107619,115405886976,3,0,1,54272,3,6975482738
4050,115366875728,39010972,115405886700,8,0,0,607744,8,3155203978
4051,115367036867,476954,115367513821,2,0,0,743936,2,9449460473
4052,115367118942,38903075,115406022017,9,0,1,101888,9,8262712792
4053,115367346142,373297,115367719439,2,0,0,900608,2,6423645768
4054,115367394562,604302,115367998864,0,0,0,277504,0,1002982608
4055,115367618234,533155,115368151389,6,0,0,798720,6,5534701740
4056,115367628861,39747867,115407376728,9,0,1,36864,9,9222466887
4057,115367642869,39566413,115407209282,0,0,0,655872,0,9542136221
4058,115367652349,538239,115368190588,9,0,0,168960,9,174372669
4059,115367834565,39425568,115407260133,7,0,0,100864,7,10517684941
4060,115368026921,39164995,115407191916,2,0,1,23040,2,2593825277
4061,115368037052,855463,115368892515,6,0,0,57856,6,6726282866
4062,115368279869,692515,115368972384,0,0,0,386560,0,5265716417
4063,115368404116,39699438,115408103554,0,0,0,40960,0,2970998564
4064,115368431423,39698871,115408130294,9,0,0,88576,9,2611125736
4065,115368461553,972815,115369434368,0,0,0,268800,0,1831349448
4066,115368535151,1284924,115369820075,9,0,1,17408,9,1309430041
4067,115368545026,891431,115369436457,5,0,1,62976,5,1307573501
4068,115368599250,1501666,115370100916,2,0,0,257024,2,8809160739
4069,115368619311,39479158,115408098469,6,0,0,564736,6,7520374640
4070,115368663797,475003,115369138800,8,0,0,527360,8,8450795476
4071,115368664714,1285627,115369950341,0,0,0,20480,0,1851031980
4072,115368683328,1320365,115370003693,8,0,0,427008,8,6320701185
4073,115368696330,937916,115369634246,9,0,0,502784,9,6193470884
4074,115368792259,866772,115369659031,7,0,0,563712,7,4167151983
4075,115368890293,455006,115369345299,5,0,1,128000,5,9900515575
4076,115369086157,528906,115369615063,2,0,0,30208,2,8749526665
4077,115369102655,1518465,115370621120,8,0,0,1263616,8,10057390551
4078,115369151379,40007581,115409158960,2,0,1,14336,2,2687801675
4079,115369177038,39889308,115409066346,0,0,0,540160,0,1005642431
4080,115369237742,39859306,115409097048,0,0,0,1479168,0,10079386354
4081,115369367780,686180,115370053960,0,0,0,1022976,0,2543358771
4082,115369415123,39986326,115409401449,9,0,1,16896,9,5281495804
4083,115369452624,939190,115370391814,0,0,0,58880,0,1903538921
4084,115369510259,382387,115369892646,2,0,1,118784,2,7314121763
4085,115369597408,577299,115370174707,7,0,0,6144,7,8551271267
4086,115369616695,912252,115370528947,0,0,0,807936,0,6443817802
4087,115369734525,40817202,115410551727,5,0,1,60416,5,7282511407
4088,115369829986,645739,115370475725,9,0,1,38912,9,6284421875
4089,115370100498,40123582,115410224080,7,0,0,100864,7,3742058803
4090,115370362129,433192,115370795321,3,0,1,4608,3,1870910430
4091,115370366230,40154181,115410520411,2,0,0,337408,2,527225880
4092,115370408658,40048683,115410457341,2,0,0,86016,2,4956588288
4093,115370449982,39651476,115410101458,5,0,1,179712,5,2029813607
4094,115370520050,39751100,115410271150,4,0,1,118272,4,1112332734
4095,115370560093,514208,115371074301,8,0,0,473600,8,2417029364
4096,115370863176,39166094,115410029270,2,0,1,9216,2,3518057510
4097,115370925073,780756,115371705829,7,0,0,269824,7,348231676
4098,115371045029,39099685,115410144714,2,0,1,69632,2,4549553689
4099,115371052166,350927,115371403093,9,0,0,143360,9,3128214119
4100,115371167017,581298,115371748315,6,0,0,77312,6,10223220877
4101,115371181093,39806095,115410987188,9,0,1,30720,9,2255504178
4102,115371345256,657621,115372002877,5,0,1,428544,5,8173631861
4103,115371364355,373148,115371737503,6,0,0,310784,6,4996193559
4104,115371376975,40046878,115411423853,5,0,1,2629120,5,3034477274
4105,115371544007,40163304,115411707311,3,0,1,126464,3,8837747395
4106,115371552734,452909,115372005643,5,0,1,1806336,5,6075318270
4107,115371642564,39831480,115411474044,8,0,0,243712,8,1153199581
4108,115371653381,675580,115372328961,0,0,0,119808,0,10480155117
4109,115371703217,358046,115372061263,8,0,0,340992,8,7480804117
4110,115371718776,389333,115372108109,3,0,1,41984,3,9247244856
4111,115371978581,39945922,115411924503,4,0,1,41472,4,7714340924
4112,115372008908,471736,115372480644,7,0,0,594944,7,9627508896
4113,115372149119,460365,115372609484,9,0,0,694272,9,2631154708
4114,115372209419,39981347,115412190766,9,0,0,83456,9,2036630301
4115,115372221105,39995015,115412216120,0,0,0,190464,0,3537481010
4116,115372226830,40079721,115412306551,0,0,1,37888,0,1289438145
4117,115372374027,40068289,115412442316,4,0,1,39936,4,6917908482
4118,115372392581,1284004,115373676585,5,0,1,22528,5,10724118899
4119,115372440821,40337581,115412778402,9,0,0,147968,9,9579410263
4120,115372571464,40143610,115412715074,0,0,0,76800,0,8694499565
4121,115372577506,868567,115373446073,7,0,0,517632,7,1422527726
4122,115372627554,1180770,115373808324,9,0,0,11776,9,4588728923
4123,115372747222,40427425,115413174647,0,0,0,61440,0,6859464371
4124,115372815135,40095796,115412910931,5,0,1,328192,5,3578818074
4125,115372868970,640582,115373509552,7,0,0,1636864,7,4651359417
4126,115372993830,906914,115373900744,5,0,1,443904,5,10030188655
4127,115373128878,537283,115373666161,2,0,0,1814528,2,2529063192
4128,115373131830,40344200,115413476030,0,0,0,4096,0,4671703674
4129,115373227389,39848277,115413075666,0,0,0,13312,0,2375052435
4130,115373242727,447330,115373690057,8,0,1,21504,8,3818615576
4131,115373254966,827378,115374082344,9,0,1,31744,9,1949789506
4132,115373344906,595066,115373939972,7,0,0,243712,7,7811281016
4133,115373398031,434427,115373832458,9,0,0,108544,9,107364974
4134,115373399132,40665320,115414064452,2,0,1,115712,2,1190231840
4135,115373414654,412073,115373826727,9,0,1,48128,9,8430107413
4136,115373677041,317033,115373994074,9,0,0,406528,9,4754579789
4137,115373717802,561159,115374278961,8,0,1,9728,8,5042164613
4138,115373868517,448966,115374317483,9,0,0,222720,9,2923321492
4139,115374024405,40887265,115414911670,0,0,0,8704,0,6362831512
4140,115374030048,625222,115374655270,2,0,1,14848,2,974986524
4141,115374094323,40976265,115415070588,7,0,0,288768,7,9057450205
4142,115374267754,40973182,115415240936,2,0,0,757760,2,625248890
4143,115374605330,279187,115374884517,5,0,1,370176,5,736426379
4144,115374952791,765601,115375718392,2,0,1,90112,2,10639899842
4145,115374994831,1452646,115376447477,3,0,1,40960,3,1398498946
4146,115375051015,551249,115375602264,2,0,1,64512,2,5674892053
4147,115375135823,1183886,115376319709,6,0,0,36864,6,8335971487
4148,115375154155,723342,115375877497,7,0,1,149504,7,1572414695
4149,115375249581,735605,115375985186,5,0,1,1029120,5,4216280634
4150,115375315686,41887032,115417202718,8,0,1,43008,8,9423495735
4151,115375324549,1154547,115376479096,3,0,1,72192,3,425983300
4152,115375380881,41819624,115417200505,0,0,0,34304,0,5616538986
4153,115375387956,587001,115375974957,0,0,0,1024,0,1231416580
4154,115375424946,452531,115375877477,8,0,0,903680,8,9779856977
4155,115375470096,1504599,115376974695,5,0,1,1855488,5,1175905076
4156,115375581283,582005,115376163288,5,0,1,619008,5,6298579596
4157,115375584779,977587,115376562366,6,0,0,214528,6,7647086585
4158,115375738834,919402,115376658236,4,0,1,125440,4,6821306195
4159,115375850215,1439243,115377289458,8,0,0,4096,8,5996584848
4160,115375912559,690746,115376603305,6,0,0,591360,6,3451600166
4161,115375999046,1133771,115377132817,6,0,0,1134592,6,9270451442
4162,115376075127,585961,115376661088,2,0,1,414208,2,8396037254
4163,115376153835,42196421,115418350256,8,0,0,217088,8,3397557310
4164,115376202689,481201,115376683890,8,0,1,69632,8,2360477509
4165,115376224123,42439289,115418663412,2,0,0,105984,2,6261351456
4166,115376281999,530657,115376812656,8,0,1,92160,8,3805688746
4167,115376402016,675587,115377077603,2,0,1,22528,2,9199622192
4168,115376408685,42479362,115418888047,2,0,0,242688,2,560262376
4169,115376415469,42090275,115418505744,6,0,0,849408,6,3719477984
4170,115376437860,42022596,115418460456,5,0,1,118784,5,2575008006
4171,115376609595,41974240,115418583835,6,0,0,213504,6,6326230209
4172,115376738137,42307323,115419045460,7,0,1,1536,7,10583034784
4173,115376863105,535225,115377398330,6,0,0,520192,6,4284891084
4174,115376899692,42354330,115419254022,4,0,1,5120,4,3922310775
4175,115377168966,42284051,115419453017,7,0,0,691200,7,6182335507
4176,115377194423,42204006,115419398429,9,0,0,219648,9,4644334957
4177,115377213678,42246486,115419460164,2,0,0,140800,2,4372951213
4178,115377258161,42372092,115419630253,6,0,0,4096,6,896035256
4179,115377288449,42565620,115419854069,2,0,0,430592,2,7725135112
4180,115377300134,42376002,115419676136,9,0,1,121344,9,757590981
4181,115377446215,42252375,115419698590,3,0,1,92160,3,2357769099
4182,115377537181,42096407,115419633588,5,0,1,456704,5,1626152948
4183,115377587693,42014659,115419602352,7,0,0,142848,7,5396112560
4184,115377823583,664757,115378488340,9,0,0,345600,9,8443419685
4185,115377857913,42032578,115419890491,8,0,0,226816,8,10184853641
4186,115377874399,42007759,115419882158,6,0,0,247296,6,8093857029
4187,115377965393,939783,115378905176,2,0,1,65536,2,7835697297
4188,115378059931,478115,115378538046,9,0,1,14848,9,5480761288
4189,115378226249,41925407,115420151656,8,0,1,79872,8,6051003858
4190,115378306458,1138464,115379444922,2,0,1,69120,2,4932505914
4191,115378510661,367405,115378878066,8,0,1,42496,8,9201093994
4192,115378808392,967386,115379775778,7,0,0,36352,7,3181754671
4193,115378915474,638495,115379553969,9,0,1,26624,9,9270340425
4194,115378981030,42044918,115421025948,4,0,1,38400,4,2088908253
4195,115379385963,807708,115380193671,5,0,1,866816,5,7663417821
4196,115379477681,41806288,115421283969,4,0,1,107520,4,1446799708
4197,115379522671,578044,115380100715,0,0,0,512,0,4135625561
4198,115379667691,41925044,115421592735,8,0,0,1287168,8,5024870845
4199,115379748016,42045064,115421793080,4,0,1,34816,4,2637917069
4200,115379771004,42088396,115421859400,7,0,1,102400,7,5611539538
4201,115379786150,42093911,115421880061,8,0,1,4096,8,10435511233
4202,115379886220,42096511,115421982731,6,0,1,59392,6,7889682896
4203,115380017402,463295,115380480697,4,0,1,12800,4,4462374807
4204,115380018933,310222,115380329155,8,0,1,167424,8,6748987270
4205,115380021220,593736,115380614956,4,0,1,55808,4,4010198643
4206,115380142507,356711,115380499218,2,0,0,231424,2,5687665871
4207,115380258447,614802,115380873249,0,0,0,512,0,3683293894
4208,115380344683,42764909,115423109592,5,0,1,967680,5,7972282548
4209,115380475402,1090538,115381565940,2,0,0,345088,2,7223881318
4210,115380476610,280977,115380757587,6,0,0,912384,6,8502302440
4211,115380771061,346889,115381117950,2,0,0,1432576,2,736088490
4212,115380774987,43482593,115424257580,0,0,0,10240,0,1334520665
4213,115380896042,328126,115381224168,7,0,0,595456,7,1047374830
4214,115380979206,43431685,115424410891,7,0,0,568320,7,5890402873
4215,115380982364,715600,115381697964,2,0,0,839680,2,8428420342
4216,115381032608,495173,115381527781,8,0,0,17408,8,5408604514
4217,115381138947,43600392,115424739339,9,0,1,4096,9,4938611119
4218,115381272998,43545832,115424818830,4,0,1,72704,4,6211791113
4219,115381298944,43345185,115424644129,2,0,0,649728,2,10608471109
4220,115381388061,556793,115381944854,7,0,0,236032,7,9153946624
4221,115381393716,43389331,115424783047,0,0,0,10752,0,1568665952
4222,115381439374,748439,115382187813,8,0,0,884224,8,6162394013
4223,115381659195,315851,115381975046,8,0,0,568320,8,1668747276
4224,115381664209,374977,115382039186,2,0,0,840704,2,2914083541
4225,115381667306,43133979,115424801285,9,0,0,1099264,9,7116106542
4226,115381748740,809493,115382558233,9,0,1,156160,9,2515902281
4227,115381806496,43046515,115424853011,8,0,1,28160,8,10721846826
4228,115381920880,1017686,115382938566,2,0,0,26112,2,3036219869
4229,115382089743,43134956,115425224699,0,0,0,3072,0,1903776806
4230,115382126491,427000,115382553491,7,0,1,3072,7,4089247409
4231,115382269212,759613,115383028825,5,0,1,987136,5,7490063406
4232,115382277724,43342141,115425619865,4,0,1,8192,4,2887274811
4233,115382484677,1043202,115383527879,8,0,0,458752,8,6826742820
4234,115382679544,865388,115383544932,3,0,1,53248,3,7409027624
4235,115382799079,497678,115383296757,5,0,1,89600,5,981044692
4236,115382879241,43522255,115426401496,4,0,1,176640,4,1134718067
4237,115382903719,524716,115383428435,6,0,0,684544,6,10478578031
4238,115382940073,262213,115383202286,2,0,1,31232,2,4763946942
4239,115382946564,508688,115383455252,2,0,1,157696,2,9715878292
4240,115382952346,957517,115383909863,7,0,0,1359872,7,1950953630
4241,115383155797,787133,115383942930,8,0,0,777728,8,5291366749
4242,115383159890,43899975,115427059865,8,0,0,236032,8,103744538
4243,115383419555,43945068,115427364623,9,0,1,102400,9,4453600572
4244,115383457506,43790744,115427248250,7,0,1,4608,7,9321541824
4245,115383493445,487664,115383981109,0,0,1,154624,0,6831310676
4246,115383947115,44034681,115427981796,9,0,1,185344,9,2734224491
4247,115384093389,43637354,115427730743,2,0,1,60928,2,7345553779
4248,115384134613,380505,115384515118,7,0,1,55808,7,3869025280
4249,115384176425,471523,115384647948,7,0,1,117248,7,7100561646
4250,115384179105,43995396,115428174501,9,0,0,1459200,9,10428599444
4251,115384323839,44070286,115428394125,7,0,1,12288,7,10503354094
4252,115384383678,733470,115385117148,5,0,1,305664,5,7466692077
4253,115384458320,44270695,115428729015,7,0,0,485888,7,4454659122
4254,115384512629,44308857,115428821486,8,0,0,105472,8,8952144093
4255,115384573040,583990,115385157030,8,0,1,5632,8,2609199145
4256,115384795964,447113,115385243077,8,0,0,36352,8,3614122823
4257,115384818457,44220066,115429038523,8,0,0,1246720,8,8105574015
4258,115384867550,44239403,115429106953,4,0,1,1024,4,10305329462
4259,115384917312,516382,115385433694,8,0,1,12800,8,10329111089
4260,115384944140,44242331,115429186471,5,0,1,195584,5,6954476298
4261,115385137926,43944859,115429082785,0,0,0,512,0,4097399047
4262,115385164644,448473,115385613117,9,0,1,168448,9,9615844151
4263,115385258451,44331165,115429589616,5,0,1,651264,5,8721219354
4264,115385667439,585637,115386253076,3,0,1,68608,3,4489900598
4265,115385922266,410645,115386332911,7,0,1,88576,7,4473508097
4266,115385951035,405600,115386356635,9,0,1,53760,9,8148487009
4267,115385967717,44815934,115430783651,9,0,0,233472,9,1117026714
4268,115385978258,44775695,115430753953,0,0,0,512,0,269678027
4269,115386116608,44754643,115430871251,7,0,1,20992,7,1040072650
4270,115386498210,44483167,115430981377,4,0,1,88576,4,1860083006
4271,115387065260,44304142,115431369402,8,0,0,399360,8,10702268191
4272,115387123095,593046,115387716141,8,0,0,227840,8,946721983
4273,115387133029,714059,115387847088,6,0,0,253440,6,3219498693
4274,115387149157,44183078,115431332235,4,0,1,50688,4,3332211798
4275,115387192759,276364,115387469123,7,0,0,1050624,7,3627290379
4276,115387214520,44314378,115431528898,0,0,0,18944,0,9639226686
4277,115387237956,538339,115387776295,9,0,0,445952,9,9417637379
4278,115387284002,44355178,115431639180,6,0,0,685568,6,10104226203
4279,115387422917,514343,115387937260,4,0,1,6656,4,5333444943
4280,115387432077,561433,115387993510,0,0,0,512,0,10430226891
4281,115387458885,390096,115387848981,9,0,1,22528,9,3088287323
4282,115387515882,44586534,115432102416,5,0,1,50688,5,4108219900
4283,115387595557,404631,115388000188,7,0,0,735232,7,10634909733
4284,115387654146,319903,115387974049,2,0,0,2128384,2,1160919056
4285,115387662572,292943,115387955515,6,0,0,164864,6,3833391131
4286,115387664314,44728014,115432392328,7,0,0,381440,7,2492525992
4287,115387683511,44954843,115432638354,4,0,1,59392,4,5717515748
4288,115387849519,45025937,115432875456,9,0,1,141312,9,9616558053
4289,115387969758,44871847,115432841605,8,0,1,198144,8,6210936804
4290,115388168289,348274,115388516563,4,0,1,20480,4,10572915268
4291,115388196776,44699027,115432895803,7,0,1,50688,7,1632866151
4292,115388248401,44602946,115432851347,2,0,1,76800,2,3155949120
4293,115388303772,44495040,115432798812,0,0,0,19968,0,9891578015
4294,115388572277,44507536,115433079813,8,0,1,70656,8,3306369985
4295,115388697758,44591885,115433289643,8,0,1,18944,8,2107621971
4296,115388991937,44555552,115433547489,7,0,1,166912,7,10329237536
4297,115389130022,407827,115389537849,4,0,1,14848,4,935509066
4298,115389176387,44768320,115433944707,9,0,0,286208,9,8808555858
4299,115389214549,44921581,115434136130,9,0,1,53760,9,6332212485
4300,115389281957,44926668,115434208625,2,0,0,171520,2,5765574839
4301,115389418877,45077537,115434496414,6,0,0,424448,6,414860627
4302,115389500190,45258375,115434758565,6,0,0,2043392,6,9622584399
4303,115389501108,45373848,115434874956,9,0,1,129024,9,8343304476
4304,115389629634,45097550,115434727184,7,0,0,123904,7,6682547747
4305,115389636002,664910,115390300912,7,0,1,44032,7,9094975759
4306,115389658479,709426,115390367905,8,0,0,127488,8,6891883253
4307,115389754561,45854806,115435609367,8,0,0,184320,8,7316430351
4308,115390004322,935251,115390939573,6,0,0,93696,6,5556186232
4309,115390383443,389452,115390772895,3,0,1,56832,3,1503209769
4310,115390390682,997813,115391388495,0,0,0,4608,0,3062488070
4311,115390396015,46020278,115436416293,9,0,1,27648,9,521793996
4312,115390556062,576340,115391132402,5,0,1,658432,5,3675329677
4313,115390663577,669989,115391333566,2,0,0,841728,2,9138969818
4314,115390691782,446552,115391138334,0,0,0,12800,0,5751169299
4315,115390846169,46673428,115437519597,7,0,1,77312,7,8765415390
4316,115390924979,237313,115391162292,2,0,0,72704,2,3725163463
4317,115390927645,46946954,115437874599,6,0,0,211968,6,3423711010
4318,115391012073,46874528,115437886601,2,0,0,565248,2,2152788736
4319,115391068083,46733610,115437801693,0,0,0,2048,0,10427465271
4320,115391078932,47026329,115438105261,7,0,1,6656,7,7139637303
4321,115391107234,46576689,115437683923,8,0,0,52224,8,3172116369
4322,115391166905,46449026,115437615931,2,0,0,223744,2,4194305197
4323,115391181210,46431997,115437613207,7,0,1,7168,7,6970387514
4324,115391352810,46465480,115437818290,6,0,0,508928,6,6825934816
4325,115391370402,46211237,115437581639,0,0,1,104448,0,5538554257
4326,115391406698,46139831,115437546529,7,0,0,1605120,7,8524249488
4327,115391493289,46061844,115437555133,6,0,0,725504,6,9914810878
4328,115391636709,45977539,115437614248,6,0,0,18944,6,6349647111
4329,115391645894,45806563,115437452457,8,0,0,380416,8,10606500585
4330,115392045784,401623,115392447407,5,0,1,156160,5,8417586841
4331,115392087004,45841814,115437928818,6,0,0,394240,6,2810732479
4332,115392096089,45938340,115438034429,3,0,1,84480,3,9213871763
4333,115392112019,271317,115392383336,4,0,1,89088,4,1876799813
4334,115392448236,45873038,115438321274,2,0,0,566784,2,969074286
4335,115392526690,433986,115392960676,7,0,1,2048,7,5659578108
4336,115392609914,46059663,115438669577,9,0,0,49152,9,5732094502
4337,115392649287,46019657,115438668944,7,0,1,46080,7,1045209695
4338,115392732796,535455,115393268251,0,0,0,9728,0,7502895939
4339,115392757883,46109456,115438867339,2,0,0,114688,2,2855852681
4340,115392787627,45946985,115438734612,6,0,0,299520,6,9073691540
4341,115392849031,45859716,115438708747,2,0,0,217088,2,4668778382
4342,115392857896,46161971,115439019867,5,0,1,79872,5,10361211998
4343,115392947141,46112691,115439059832,6,0,0,75776,6,5569558488
4344,115392968973,655317,115393624290,2,0,1,14336,2,1326772947
4345,115392970732,46089895,115439060627,9,0,1,12800,9,1797760100
4346,115392982531,609556,115393592087,6,0,0,173568,6,8314055169
4347,115393068956,202966,115393271922,5,0,1,649216,5,4855701967
4348,115393135595,46578581,115439714176,2,0,1,63488,2,1796239018
4349,115393200486,580745,115393781231,9,0,1,77824,9,7637534445
4350,115393391381,692117,115394083498,2,0,0,1251840,2,2665503789
4351,115393504158,446863,115393951021,5,0,1,485376,5,9171665321
4352,115393507202,1004777,115394511979,7,0,1,74752,7,8151598946
4353,115393534193,47090297,115440624490,9,0,0,80384,9,10729212207
4354,115393632149,47093577,115440725726,6,0,0,383488,6,6207846574
4355,115393673929,46999094,115440673023,8,0,0,807424,8,4708683725
4356,115393771823,474190,115394246013,2,0,0,676864,2,3630841507
4357,115393798707,46975445,115440774152,9,0,1,16896,9,1637168550
4358,115394049683,46972021,115441021704,5,0,1,17408,5,3090041413
4359,115394156959,575503,115394732462,2,0,0,402944,2,10069648112
4360,115394206603,46885516,115441092119,7,0,1,32256,7,1761993941
4361,115394220016,46776928,115440996944,9,0,0,1608192,9,2928217151
4362,115394533674,46621194,115441154868,7,0,1,140800,7,10270438402
4363,115394598904,46657693,115441256597,9,0,0,197632,9,2017601535
4364,115394672396,615718,115395288114,0,0,0,6656,0,5946649125
4365,115394810569,640543,115395451112,9,0,1,10240,9,9299816591
4366,115394897156,586102,115395483258,6,0,0,53760,6,9765827014
4367,115394899412,46806907,115441706319,2,0,0,135680,2,7280018860
4368,115395105906,45948952,115441054858,2,0,1,81920,2,937611421
4369,115395320761,45724788,115441045549,4,0,1,51200,4,4531722585
4370,115395434704,45718379,115441153083,6,0,0,194560,6,2883732073
4371,115395499774,46041364,115441541138,7,0,0,155136,7,9549591591
4372,115395527044,45957967,115441485011,2,0,0,5120,2,8707991125
4373,115395535902,45700334,115441236236,7,0,0,690176,7,9835608204
4374,115395591714,45876643,115441468357,7,0,0,338944,7,1057245893
4375,115395596733,46216603,115441813336,7,0,1,22016,7,6505502368
4376,115395944342,46151251,115442095593,2,0,1,84480,2,350745859
4377,115396006179,46118096,115442124275,0,0,0,4096,0,1830437215
4378,115396027387,46032970,115442060357,9,0,0,129536,9,10097493724
4379,115396043059,46360486,115442403545,5,0,1,974336,5,1629848467
4380,115396209047,46252757,115442461804,4,0,1,56832,4,290414729
4381,115396335915,46197619,115442533534,9,0,1,48128,9,1825595323
4382,115396341933,46154142,115442496075,4,0,1,45568,4,5782734289
4383,115396358365,46213200,115442571565,9,0,0,288768,9,7200790008
4384,115396396269,46253214,115442649483,4,0,1,206336,4,4755812528
4385,115396413147,46211317,115442624464,7,0,1,121856,7,7431671990
4386,115396511371,860913,115397372284,0,0,0,6144,0,5877275709
4387,115396630365,870972,115397501337,0,0,0,3072,0,8425654660
4388,115396837003,46359490,115443196493,2,0,1,19456,2,6402631178
4389,115396854411,650740,115397505151,0,0,0,1024,0,3485986761
4390,115396882109,527472,115397409581,0,0,0,6656,0,7380549938
4391,115396966027,46134625,115443100652,3,0,1,70656,3,3215059327
4392,115397003208,46049770,115443052978,4,0,1,2048,4,2818283864
4393,115397113192,46095103,115443208295,5,0,1,931840,5,7443114636
4394,115397218868,46173418,115443392286,6,0,0,236544,6,5123360908
4395,115397256592,45254730,115442511322,2,0,1,114176,2,1562454034
4396,115397327852,44540797,115441868649,4,0,1,33792,4,6264398373
4397,115397329792,44895132,115442224924,5,0,1,209408,5,6326183828
4398,115397583302,44508539,115442091841,2,0,1,55296,2,10106843323
4399,115397674546,44398409,115442072955,3,0,1,107520,3,839001785
4400,115397675625,44311639,115441987264,9,0,0,343040,9,4552533393
4401,115397710159,1143241,115398853400,4,0,1,13824,4,6926423183
4402,115397741634,44681931,115442423565,3,0,1,29184,3,6712904420
4403,115397779307,509903,115398289210,6,0,0,310784,6,2698672223
4404,115397878482,44954407,115442832889,4,0,1,35840,4,8915796253
4405,115397895388,44961498,115442856886,6,0,0,107008,6,592494479
4406,115398000038,901486,115398901524,8,0,0,753664,8,10038976196
4407,115398009468,45192833,115443202301,4,0,1,14336,4,4940493751
4408,115398037357,707642,115398744999,3,0,1,5120,3,4171980651
4409,115398108068,1062304,115399170372,8,0,0,702976,8,6809142539
4410,115398160983,45326444,115443487427,4,0,1,97792,4,4538600280
4411,115398203420,1280714,115399484134,8,0,0,215040,8,7791927646
4412,115398315231,45666194,115443981425,9,0,0,130048,9,8201453808
4413,115398386930,45620965,115444007895,8,0,0,35840,8,5828571299
4414,115398495496,45601836,115444097332,7,0,1,27648,7,6821640165
4415,115398588409,1181998,115399770407,7,0,0,738304,7,10486430383
4416,115398600784,46309514,115444910298,8,0,0,6144,8,10284630178
4417,115398637325,46346954,115444984279,6,0,1,124416,6,7698460314
4418,115398644829,631092,115399275921,6,0,0,99328,6,2403601793
4419,115398663005,620604,115399283609,7,0,1,146432,7,10701248766
4420,115398758384,1217615,115399975999,8,0,0,69632,8,5946634176
4421,115398764453,923128,115399687581,9,0,0,694784,9,4335888609
4422,115398812949,3090819,115401903768,9,0,0,176640,9,8396113961
4423,115399179020,3048734,115402227754,2,0,0,339456,2,900790377
4424,115399349052,1607925,115400956977,9,0,0,76288,9,4111270565
4425,115399362057,2219804,115401581861,6,0,0,73216,6,7579373638
4426,115399396966,47398107,115446795073,0,0,0,9216,0,1589357035
4427,115399648542,2729574,115402378116,4,0,1,134144,4,9915104506
4428,115399820496,2984830,115402805326,0,0,0,291840,0,7739251504
4429,115399940619,47249947,115447190566,0,0,0,231424,0,3397795059
4430,115400276089,47429762,115447705851,7,0,0,1054208,7,5269341403
4431,115400628655,920149,115401548804,8,0,0,252928,8,7129465504
4432,115400629905,1189702,115401819607,7,0,1,65024,7,2204022990
4433,115400729188,1073251,115401802439,9,0,0,448512,9,1107699584
4434,115400876452,1411673,115402288125,6,0,0,2103808,6,6506467607
4435,115400908760,757437,115401666197,7,0,1,34304,7,4142831875
4436,115400998182,1355333,115402353515,7,0,0,10752,7,4920096469
4437,115401010555,48090910,115449101465,7,0,1,68096,7,4782196445
4438,115401029221,47842879,115448872100,7,0,0,11776,7,407724935
4439,115401194672,47677888,115448872560,8,0,0,22528,8,1134959672
4440,115401201418,1173864,115402375282,6,0,0,69120,6,5496047682
4441,115401481934,47460164,115448942098,5,0,1,299008,5,10050304270
4442,115401482604,47309010,115448791614,2,0,1,3072,2,961120561
4443,115401691178,593504,115402284682,8,0,0,569344,8,2428452340
4444,115401899203,811098,115402710301,4,0,1,154624,4,7391359624
4445,115401941830,832685,115402774515,4,0,1,28672,4,10495095994
4446,115401958778,941901,115402900679,4,0,1,144896,4,4860106362
4447,115402007756,1197943,115403205699,9,0,0,579072,9,2510916795
4448,115402061887,811977,115402873864,8,0,0,827904,8,397464330
4449,115402179940,1226812,115403406752,8,0,0,456192,8,8774584826
4450,115402254552,1163402,115403417954,7,0,1,5632,7,8010915519
4451,115402615637,469889,115403085526,9,0,0,1683968,9,5643569755
4452,115402671288,520917,115403192205,7,0,0,1536,7,682803232
4453,115402795921,48874042,115451669963,6,0,0,229376,6,7367082497
4454,115402943179,2163023,115405106202,6,0,0,844800,6,6743963480
4455,115403064114,49323469,115452387583,0,0,0,293888,0,7905223944
4456,115403182924,575096,115403758020,7,0,1,24576,7,4714693280
4457,115403347729,730764,115404078493,4,0,1,30208,4,4144116507
4458,115403390332,616961,115404007293,2,0,1,37376,2,5239765754
4459,115403579496,49426904,115453006400,7,0,1,6656,7,8439942769
4460,115403662447,952648,115404615095,7,0,1,29696,7,7155718948
4461,115403777596,684739,115404462335,7,0,1,28672,7,5293265513
4462,115403909695,861547,115404771242,7,0,0,10752,7,5236597480
4463,115404001982,49109494,115453111476,0,0,0,348672,0,2805665230
4464,115404106506,49036679,115453143185,7,0,1,3584,7,6687757529
4465,115404292253,49040577,115453332830,4,0,1,73728,4,8687231554
4466,115404359961,48768072,115453128033,8,0,0,1361920,8,9485295108
4467,115404437358,589289,115405026647,4,0,1,102400,4,4620604896
4468,115404741296,442380,115405183676,4,0,1,51712,4,2872086214
4469,115404783350,49270896,115454054246,4,0,1,15872,4,6232609731
4470,115404895899,48951773,115453847672,0,0,0,604672,0,8304800310
4471,115404913959,316051,115405230010,8,0,0,36352,8,10380431016
4472,115404936391,48214960,115453151351,2,0,1,54784,2,6670424821
4473,115405011908,48204765,115453216673,4,0,1,164352,4,3674588289
4474,115405031324,198066,115405229390,8,0,0,385536,8,8680817856
4475,115405162100,440126,115405602226,2,0,1,113152,2,2792240317
4476,115405292963,47300033,115452592996,7,0,0,2560,7,5376200537
4477,115405417402,386463,115405803865,9,0,0,134144,9,975465704
4478,115405419184,47315224,115452734408,4,0,1,1536,4,994007167
4479,115405432358,438638,115405870996,0,0,1,26112,0,4965798029
4480,115405526548,47431018,115452957566,5,0,1,771072,5,3251354689
4481,115405873424,457389,115406330813,8,0,0,1626112,8,1874488649
4482,115405891890,514309,115406406199,0,0,0,529920,0,8773860431
4483,115405996913,422910,115406419823,6,0,0,4608,6,6174326285
4484,115406034278,651096,115406685374,5,0,1,81408,5,3364146856
4485,115406258579,647746,115406906325,7,0,1,96768,7,5909383178
4486,115406290271,47988309,115454278580,7,0,1,229376,7,1790661403
4487,115406322137,47968870,115454291007,7,0,1,49664,7,10663934498
4488,115406737187,581404,115407318591,7,0,1,38912,7,5358472273
4489,115406781742,331515,115407113257,7,0,0,26112,7,10296766611
4490,115406818803,48192119,115455010922,6,0,0,65024,6,613166993
4491,115406844501,745939,115407590440,7,0,0,4608,7,7445513347
4492,115406852601,409885,115407262486,7,0,0,16896,7,4101310348
4493,115406984207,48424624,115455408831,5,0,1,598528,5,10647514412
4494,115407042418,48287397,115455329815,0,0,0,790528,0,4921886267
4495,115407093160,446462,115407539622,7,0,1,11264,7,7430170043
4496,115407177222,618477,115407795699,5,0,1,74240,5,4911773552
4497,115407228724,48493593,115455722317,4,0,1,32256,4,4747273864
4498,115407390503,371545,115407762048,2,0,1,512,2,8372580993
4499,115407577679,500406,115408078085,0,0,0,1338368,0,1885353021
4500,115407816029,341642,115408157671,7,0,1,94720,7,8196045954
4501,115407976568,282181,115408258749,8,0,0,45056,8,8618891596
4502,115408099024,622199,115408721223,2,0,1,61440,2,3840218056
4503,115408217965,362732,115408580697,2,0,1,57344,2,2554677968
4504,115408338610,467170,115408805780,5,0,1,294400,5,7726867225
4505,115408419601,794861,115409214462,4,0,0,377856,4,433455718
4506,115408424986,801091,115409226077,6,0,0,435712,6,7752616924
4507,115408639438,948396,115409587834,8,0,1,39424,8,9912647889
4508,115408784607,50179937,115458964544,4,0,1,6144,4,1171858888
4509,115408800943,1799372,115410600315,8,0,0,470528,8,9411068674
4510,115408858607,50714725,115459573332,6,0,0,462848,6,7614371136
4511,115408898438,961616,115409860054,4,0,1,119808,4,5162471947
4512,115409131054,1413446,115410544500,4,0,0,192512,4,3641535172
4513,115409134293,876675,115410010968,4,0,0,184832,4,4828184405
4514,115409223382,50731747,115459955129,4,0,0,388608,4,686139293
4515,115409399629,50092300,115459491929,9,0,1,77312,9,516034158
4516,115409487489,49219744,115458707233,8,0,0,737792,8,1835415019
4517,115409516988,685792,115410202780,7,0,1,31744,7,7701299099
4518,115409667777,1754634,115411422411,6,0,0,565248,6,4449395753
4519,115409927581,49218727,115459146308,8,0,0,716800,8,6120815909
4520,115409966269,1582608,115411548877,9,0,0,111616,9,4009869494
4521,115409984217,49101917,115459086134,2,0,1,6656,2,9568077940
4522,115410006465,574468,115410580933,6,0,0,237568,6,1342338295
4523,115410019610,785715,115410805325,4,0,0,442880,4,5533699060
4524,115410070323,904835,115410975158,7,0,1,49152,7,3669432047
4525,115410074832,622134,115410696966,0,0,0,743936,0,1702704139
4526,115410241137,1437564,115411678701,9,0,0,158720,9,1467258704
4527,115410278913,690173,115410969086,2,0,1,13312,2,1669799293
4528,115410300205,925177,115411225382,7,0,1,30208,7,1663010229
4529,115410392255,513898,115410906153,8,0,0,259584,8,8734442993
4530,115410906808,507648,115411414456,0,0,0,263168,0,6564942563
4531,115411065704,50451190,115461516894,4,0,1,512,4,1924367398
4532,115411086237,482436,115411568673,6,0,0,720384,6,5419019769
4533,115411088372,50376419,115461464791,4,0,1,18944,4,3768884819
4534,115411220484,50396370,115461616854,2,0,1,31744,2,5558667547
4535,115411396225,50379201,115461775426,5,0,1,262656,5,2285963176
4536,115411590989,50167661,115461758650,2,0,1,76800,2,2948794914
4537,115411662269,49784207,115461446476,2,0,1,108032,2,807507629
4538,115411905420,1197864,115413103284,4,0,1,19968,4,7001822880
4539,115411916794,49859824,115461776618,8,0,0,229888,8,3835813802
4540,115411953368,49832592,115461785960,4,0,1,8192,4,9327553700
4541,115412387794,49622328,115462010122,2,0,1,11264,2,1086872952
4542,115412464113,49709956,115462174069,6,0,0,598016,6,2159980658
4543,115412700240,49843059,115462543299,4,0,0,278528,4,5092130406
4544,115412915176,49788355,115462703531,7,0,1,7680,7,1616595607
4545,115412961554,49770224,115462731778,4,0,0,93696,4,1530150211
4546,115412968718,793034,115413761752,4,0,0,1844224,4,7608584180
4547,115413091319,747197,115413838516,6,0,0,746496,6,10706122586
4548,115413321426,49853118,115463174544,0,0,0,406016,0,2984051684
4549,115413422190,653813,115414076003,8,0,0,274432,8,4238731243
4550,115413571694,49895709,115463467403,6,0,0,273408,6,2073502986
4551,115413572223,356425,115413928648,7,0,0,25600,7,830778217
4552,115413694100,333552,115414027652,5,0,0,56320,5,4212022186
4553,115413725376,50549847,115464275223,5,0,0,152576,5,1132541866
4554,115413726901,479592,115414206493,4,0,1,52736,4,9925351488
4555,115413822377,383955,115414206332,6,0,0,233984,6,2552504269
4556,115413874376,477864,115414352240,6,0,0,207872,6,983471946
4557,115414138054,50818934,115464956988,8,0,0,19456,8,9190689031
4558,115414192566,50681006,115464873572,7,0,1,148992,7,1658481544
4559,115414193641,438800,115414632441,5,0,1,472064,5,10107873773
4560,115414200872,387279,115414588151,2,0,1,112128,2,1488180632
4561,115414385142,50850807,115465235949,6,0,0,483840,6,9434388284
4562,115414650818,50571412,115465222230,9,0,0,419328,9,5476658043
4563,115414747875,50641101,115465388976,7,0,1,27648,7,2398897122
4564,115414812016,50509298,115465321314,8,0,0,1024,8,5947875088
4565,115414872265,50394581,115465266846,3,0,1,53760,3,8801145259
4566,115414891444,50406297,115465297741,7,0,1,135680,7,3682466697
4567,115415322297,860398,115416182695,4,0,1,132608,4,5491842907
4568,115415379100,50581712,115465960812,4,0,0,1502208,4,1552433424
4569,115415622657,50539203,115466161860,0,0,0,701440,0,9626123663
4570,115415694951,50476609,115466171560,7,0,0,295936,7,1287779463
4571,115415717195,50516230,115466233425,9,0,0,263680,9,4890919593
4572,115415786674,500177,115416286851,6,0,1,17920,6,7648458354
4573,115415801218,350735,115416151953,9,0,0,1536,9,6644818523
4574,115415839143,50637604,115466476747,4,0,0,512000,4,10221446525
4575,115416401140,50516914,115466918054,7,0,0,873984,7,4357999181
4576,115416609808,50571578,115467181386,9,0,0,795136,9,9110120529
4577,115416645256,557514,115417202770,9,0,0,3072,9,581115369
4578,115416650124,398752,115417048876,5,0,0,641024,5,9443618839
4579,115416876106,50937771,115467813877,0,0,0,196096,0,1839706300
4580,115416904202,51104758,115468008960,7,0,0,606720,7,3972729066
4581,115416921604,831997,115417753601,4,0,0,111616,4,2263047209
4582,115417053193,50899615,115467952808,0,0,0,788992,0,3009560399
4583,115417079837,312482,115417392319,4,0,1,39936,4,8779509329
4584,115417207644,1123753,115418331397,6,0,0,273408,6,10338869583
4585,115417301836,1225411,115418527247,8,0,0,3072,8,4446339580
4586,115417506956,1066831,115418573787,0,0,0,426496,0,3622485970
4587,115417600873,1219750,115418820623,7,0,1,37376,7,213180145
4588,115417774777,51568012,115469342789,4,0,1,106496,4,8955311858
4589,115417777664,51259623,115469037287,4,0,1,67584,4,150349752
4590,115417914649,51190317,115469104966,5,0,0,48640,5,1460899410
4591,115418108469,50976900,115469085369,8,0,0,7168,8,5728620477
4592,115418181789,51036400,115469218189,2,0,1,229376,2,8108218674
4593,115418241924,1051031,115419292955,7,0,1,47104,7,1966093906
4594,115418408912,50585541,115468994453,7,0,0,880128,7,213412915
4595,115418506132,50575199,115469081331,6,0,0,1139200,6,9078306000
4596,115418708743,50552315,115469261058,4,0,1,57856,4,5661982816
4597,115418854752,846292,115419701044,9,0,1,12288,9,1683881942
4598,115418954714,725785,115419680499,4,0,1,113152,4,10036825956
4599,115419019568,50830271,115469849839,2,0,1,8192,2,2605129343
4600,115419192625,50900405,115470093030,2,0,1,36864,2,2366162574
4601,115419242546,50488526,115469731072,5,0,0,206336,5,1753304716
4602,115419259339,50519737,115469779076,4,0,0,238080,4,1389621774
4603,115419603813,50299673,115469903486,8,0,0,12800,8,7713174469
4604,115419660453,50150533,115469810986,8,0,0,2560,8,4471281255
4605,115419701382,50033598,115469734980,0,0,0,543232,0,424453585
4606,115419791367,49810218,115469601585,8,0,1,11264,8,6621354227
4607,115419809227,49786706,115469595933,9,0,1,45056,9,9084415677
4608,115419862216,49543455,115469405671,4,0,0,1128960,4,1645398080
4609,115419944466,49220162,115469164628,5,0,0,598016,5,1325755450
4610,115420024022,543281,115420567303,0,0,0,340992,0,953251437
4611,115420053482,1286669,115421340151,9,0,0,729088,9,5285926831
4612,115420296405,1037829,115421334234,4,0,1,4608,4,4117306426
4613,115420347042,49326660,115469673702,2,0,1,8192,2,77280057
4614,115420375006,49257822,115469632828,5,0,0,1559040,5,9804633809
4615,115420407535,552761,115420960296,0,0,0,703488,0,402476337
4616,115420412253,367721,115420779974,7,0,0,448000,7,9548634358
4617,115420425905,338831,115420764736,0,0,0,1723392,0,6024636215
4618,115420473460,323061,115420796521,2,0,1,40960,2,894699902
4619,115421015379,49510685,115470526064,8,0,0,1536,8,8102709587
4620,115421277615,49694626,115470972241,8,0,0,14848,8,179405292
4621,115421367954,49686384,115471054338,8,0,0,6656,8,4729434594
4622,115421654121,413669,115422067790,4,0,0,2549248,4,3740097857
4623,115421885806,49680259,115471566065,7,0,0,7168,7,1319210232
4624,115421976927,49618469,115471595396,1,0,0,955392,1,214548008
4625,115421998906,427066,115422425972,5,0,0,206336,5,2968514383
4626,115422041607,381622,115422423229,8,0,0,3072,8,6910199922
4627,115422422405,218137,115422640542,9,0,0,459264,9,3783584819
4628,115422440285,267952,115422708237,6,0,0,80896,6,5068223419
4629,115422500894,49726705,115472227599,9,0,0,357888,9,6360707293
4630,115422643419,49718647,115472362066,0,0,0,564736,0,5523880324
4631,115422676779,49725750,115472402529,9,0,1,14336,9,1990057428
4632,115422703748,302456,115423006204,9,0,1,33792,9,3141159197
4633,115422744049,49648244,115472392293,6,0,0,293376,6,6037933222
4634,115422829158,49928218,115472757376,9,0,0,188416,9,835448462
4635,115422854228,49968426,115472822654,8,0,0,17920,8,2216425757
4636,115423025226,369377,115423394603,9,0,1,8704,9,9719707541
4637,115423173915,411351,115423585266,4,0,1,38912,4,6361079896
4638,115423308121,358750,115423666871,7,0,0,525824,7,749989965
4639,115423417221,49789141,115473206362,5,0,0,148480,5,5707529549
4640,115423460913,49657481,115473118394,0,0,0,675328,0,2050851208
4641,115423465210,49667895,115473133105,0,0,0,305152,0,5865782491
4642,115423696893,49642501,115473339394,5,0,0,1129984,5,1906329944
4643,115423793760,240918,115424034678,6,0,0,28672,6,9763665153
4644,115423806901,49346413,115473153314,7,0,0,141824,7,7782380967
4645,115423864616,460415,115424325031,7,0,0,233984,7,2270976143
4646,115423940076,49308879,115473248955,7,0,1,39936,7,912348632
4647,115424461560,539583,115425001143,4,0,0,925184,4,2493875917
4648,115424515283,49478933,115473994216,6,0,0,9728,6,9721795991
4649,115424533825,49227481,115473761306,6,0,0,236032,6,3637032392
4650,115424694301,339381,115425033682,4,0,0,1287168,4,10456831475
4651,115424745343,49337101,115474082444,4,0,0,1019904,4,4315935283
4652,115424929586,404368,115425333954,0,0,0,190464,0,8763974689
4653,115424987214,50029451,115475016665,6,0,0,1618432,6,551066026
4654,115425028574,49935114,115474963688,0,0,0,146944,0,6307818831
4655,115425045876,49904843,115474950719,7,0,1,18944,7,324617019
4656,115425139657,49746702,115474886359,9,0,1,4096,9,483261002
4657,115425160576,49781071,115474941647,8,0,0,5120,8,1017532859
4658,115425187378,565924,115425753302,9,0,1,232960,9,10355753752
4659,115425219651,49537252,115474756903,7,0,1,23552,7,1721537944
4660,115425265229,49448540,115474713769,8,0,0,8704,8,7175314157
4661,115425398552,214536,115425613088,0,0,0,56832,0,1649715014
4662,115425494064,49698837,115475192901,0,0,0,762880,0,454141794
4663,115425510623,251285,115425761908,7,0,1,53248,7,5917142221
4664,115425570932,49766956,115475337888,5,0,0,10752,5,3809337344
4665,115425645646,232745,115425878391,9,0,0,86016,9,4822992858
4666,115425659046,299984,115425959030,5,0,1,2150912,5,10254869288
4667,115425713490,484848,115426198338,9,0,1,40448,9,10453135380
4668,115425874423,396773,115426271196,7,0,0,97280,7,7678881832
4669,115425924277,50009312,115475933589,4,0,1,52736,4,7710008501
4670,115426000903,49967199,115475968102,4,0,1,32768,4,9238831854
4671,115426090522,49923509,115476014031,5,0,0,565248,5,3819349114
4672,115426140669,546364,115426687033,8,0,0,8192,8,3190128441
4673,115426143884,50174836,115476318720,7,0,0,493056,7,9207455642
4674,115426163454,309024,115426472478,5,0,1,182272,5,10178716395
4675,115426441372,595070,115427036442,8,0,0,12800,8,6709047019
4676,115426548539,50204694,115476753233,0,0,0,484864,0,5795957913
4677,115426596773,49359677,115475956450,5,0,0,595968,5,7202977813
4678,115426617658,521208,115427138866,5,0,1,178688,5,6137990334
4679,115426688841,49424313,115476113154,9,0,0,265728,9,4434578081
4680,115426710957,1134277,115427845234,9,0,0,10752,9,4635693850
4681,115426784322,49618521,115476402843,9,0,1,88064,9,6628497004
4682,115427117741,443992,115427561733,7,0,0,935936,7,6156981824
4683,115427153920,49328537,115476482457,7,0,1,13824,7,7575084716
4684,115427175074,49318775,115476493849,4,0,1,68096,4,2463206534
4685,115427265905,482038,115427747943,1,0,1,15872,1,2531952248
4686,115427336594,485489,115427822083,4,0,1,26624,4,4649035332
4687,115427530599,49364593,115476895192,5,0,0,316416,5,8197146497
4688,115427927604,49104580,115477032184,6,0,0,363008,6,48463384
4689,115428098994,558127,115428657121,7,0,0,469504,7,67637493
4690,115428138477,49074548,115477213025,7,0,1,57856,7,666752437
4691,115428166962,456665,115428623627,4,0,1,75264,4,4212274005
4692,115428301246,529564,115428830810,7,0,0,6656,7,7619294708
4693,115428319033,313971,115428633004,9,0,1,55296,9,9088608069
4694,115428328908,444079,115428772987,2,0,1,73216,2,4965292772
4695,115428482441,206476,115428688917,5,0,1,270848,5,9220962065
4696,115428622110,378666,115429000776,0,0,0,436736,0,1836143475
4697,115428674038,49358837,115478032875,4,0,1,26112,4,4365076158
4698,115428847885,49569588,115478417473,2,0,1,87552,2,1401823250
4699,115428904219,49467471,115478371690,5,0,0,72704,5,3914203190
4700,115428996808,48701009,115477697817,5,0,0,1129984,5,5719923583
4701,115428998612,430894,115429429506,5,0,0,1860096,5,6715691862
4702,115429373724,48695334,115478069058,7,0,1,38912,7,8238637549
4703,115429491443,48672542,115478163985,0,0,0,155136,0,6741667348
4704,115429541104,48675913,115478217017,6,0,0,156672,6,42315779
4705,115429606023,347838,115429953861,9,0,1,175616,9,9748324736
4706,115429641052,378357,115430019409,9,0,1,23552,9,8897994898
4707,115429661720,48872190,115478533910,2,0,1,133632,2,8114101165
4708,115429804692,448738,115430253430,4,0,1,17408,4,5181249632
4709,115429828776,660420,115430489196,2,0,1,11264,2,9672423934
4710,115430031611,48978135,115479009746,6,0,0,158720,6,2639823178
4711,115430171343,48615502,115478786845,5,0,1,999936,5,10223990253
4712,115430181050,679070,115430860120,4,0,0,534528,4,5489554238
4713,115430213322,636135,115430849457,8,0,0,5120,8,10400731153
4714,115430223330,48325270,115478548600,8,0,0,19456,8,4737222228
4715,115430316224,48499165,115478815389,5,0,1,1179136,5,234652753
4716,115430383186,369523,115430752709,1,0,1,84992,1,7331717646
4717,115430422157,48299945,115478722102,5,0,0,219648,5,4377694578
4718,115430588464,48426115,115479014579,5,0,0,235008,5,10296033218
4719,115430702557,48226002,115478928559,6,0,0,135680,6,4296018195
4720,115431192242,362281,115431554523,0,0,0,12800,0,2038057502
4721,115431241479,48296900,115479538379,1,0,1,8704,1,8912055479
4722,115431287848,345781,115431633629,1,0,1,31232,1,847616117
4723,115431499184,48382773,115479881957,4,0,0,79360,4,4208374360
4724,115431571477,572916,115432144393,8,0,0,6144,8,7525628959
4725,115431639754,48413563,115480053317,0,0,0,102912,0,704829248
4726,115431727757,428137,115432155894,5,0,1,307200,5,9199398565
4727,115431821220,48486106,115480307326,1,0,1,39424,1,2319533406
4728,115431964865,593927,115432558792,5,0,1,199168,5,5583380340
4729,115431965150,661399,115432626549,8,0,0,14848,8,5747070295
4730,115431969822,498952,115432468774,4,0,1,114176,4,6781573114
4731,115432031557,48594330,115480625887,7,0,1,117760,7,5766561132
4732,115432276545,48596003,115480872548,5,0,1,337920,5,3375210681
4733,115432733434,413940,115433147374,5,0,0,21504,5,4212641632
4734,115432820259,48695063,115481515322,6,0,0,1159168,6,6034054285
4735,115432851976,491522,115433343498,7,0,0,5632,7,667188302
4736,115433038529,456294,115433494823,7,0,1,83968,7,4973865926
4737,115433476422,266637,115433743059,4,0,1,96256,4,6615594902
4738,115433602028,390456,115433992484,7,0,0,512,7,7943965209
4739,115433677927,48923402,115482601329,7,0,0,5632,7,8622729293
4740,115433694917,49185909,115482880826,8,0,0,1024,8,6493501743
4741,115433848297,49178281,115483026578,4,0,1,1024,4,3749261411
4742,115433918498,584440,115434502938,3,0,1,26624,3,1137642577
4743,115434021027,49213866,115483234893,5,0,0,6144,5,8462904104
4744,115434023986,781478,115434805464,1,0,1,12288,1,10144489083
4745,115434025525,48820267,115482845792,1,0,1,40448,1,1972748881
4746,115434121849,441366,115434563215,3,0,1,28160,3,2109302626
4747,115434156018,48921342,115483077360,2,0,1,30208,2,6046550999
4748,115434182157,48180836,115482362993,0,0,0,1619968,0,9292729303
4749,115434294963,47867008,115482161971,8,0,0,13312,8,4432893324
4750,115434461513,47731858,115482193371,7,0,0,1536,7,3794349808
4751,115434519802,47504835,115482024637,2,0,1,57856,2,369751150
4752,115434533303,525609,115435058912,2,0,1,33280,2,3444574086
4753,115434620055,355318,115434975373,6,0,1,269312,6,2005827150
4754,115434686224,472421,115435158645,6,0,1,138752,6,10044799701
4755,115434710219,48261904,115482972123,4,0,1,9728,4,264862700
4756,115434730349,48442465,115483172814,1,0,1,61952,1,9506593491
4757,115434730454,309879,115435040333,0,0,0,99840,0,1952322958
4758,115435048777,48373431,115483422208,1,0,1,35328,1,5376231808
4759,115435053819,372420,115435426239,5,0,0,631296,5,5568955722
4760,115435240108,48401728,115483641836,7,0,1,144384,7,1191524398
4761,115435298730,529867,115435828597,3,0,1,41472,3,1619620063
4762,115435325375,48383085,115483708460,3,0,1,20992,3,1465477881
4763,115435379139,48394240,115483773379,5,0,0,448000,5,889842418
4764,115435456873,48284270,115483741143,8,0,0,512,8,44561112
4765,115435918064,520869,115436438933,4,0,1,93696,4,872766840
4766,115435943609,48339396,115484283005,5,0,0,384000,5,6296371503
4767,115436012790,433163,115436445953,7,0,0,512,7,3770351450
4768,115436138412,48346913,115484485325,4,0,1,18432,4,10067299322
4769,115436279478,48393172,115484672650,1,0,0,192000,1,10042952657
4770,115436312605,48130212,115484442817,3,0,1,165376,3,10479998859
4771,115436335858,535068,115436870926,4,0,1,59904,4,1564424002
4772,115436470433,442253,115436912686,2,0,1,37376,2,8497090192
4773,115436510691,48121848,115484632539,5,0,1,109056,5,8922331809
4774,115436555032,575488,115437130520,2,0,1,27136,2,7279791537
4775,115436577914,48037863,115484615777,5,0,1,1534464,5,3710102399
4776,115436599768,47877331,115484477099,6,0,1,44544,6,5843219249
4777,115436746039,650374,115437396413,2,0,1,316928,2,691241133
4778,115436831895,536432,115437368327,6,0,1,28160,6,3630961297
4779,115436927159,385459,115437312618,4,0,1,29696,4,9068171866
4780,115436939908,146636,115437086544,5,0,0,751616,5,8894688865
4781,115436955367,562986,115437518353,4,0,1,6656,4,4433920734
4782,115436980409,48049607,115485030016,3,0,1,34816,3,1825252749
4783,115437081891,459574,115437541465,5,0,0,1121280,5,6853573520
4784,115437322366,645152,115437967518,0,0,0,428032,0,1270746407
4785,115437355319,48298504,115485653823,7,0,0,512,7,3947014772
4786,115437421620,1007918,115438429538,7,0,1,19456,7,2910390542
4787,115437519375,48478596,115485997971,1,0,1,7168,1,9510222022
4788,115437718306,640340,115438358646,4,0,1,26112,4,475468436
4789,115437806921,852872,115438659793,2,0,1,8192,2,4141653079
4790,115437888610,48503861,115486392471,4,0,0,1062912,4,2536314771
4791,115437982380,48420824,115486403204,8,0,0,6656,8,6881603819
4792,115437989654,453360,115438443014,5,0,0,33280,5,1756284235
4793,115437994270,1008415,115439002685,2,0,1,226816,2,7866647919
4794,115437995729,48641932,115486637661,4,0,1,79872,4,881995570
4795,115438007891,361392,115438369283,5,0,1,718336,5,1550795358
4796,115438104895,541841,115438646736,8,0,0,8704,8,6939296890
4797,115438589104,48453580,115487042684,6,0,1,159232,6,2081043256
4798,115438599869,257432,115438857301,1,0,1,89600,1,554978709
4799,115438747780,570161,115439317941,0,0,0,902656,0,5207216098
4800,115438775581,487197,115439262778,1,0,1,66560,1,3919113746
4801,115439129464,48673969,115487803433,3,0,1,182784,3,4355541457
4802,115439132521,48640467,115487772988,3,0,1,1024,3,1125787431
4803,115439242242,404615,115439646857,8,0,0,2560,8,7986155902
4804,115439363783,263561,115439627344,6,0,1,26624,6,198196096
4805,115439451449,457419,115439908868,4,0,0,702976,4,8979961298
4806,115439494190,199029,115439693219,6,0,1,47104,6,8451314022
4807,115439606647,48950999,115488557646,7,0,0,3584,7,10557058998
4808,115440161944,48840334,115489002278,4,0,0,1534976,4,6173593745
4809,115440206622,574710,115440781332,4,0,1,121344,4,7661151001
4810,115440254974,577174,115440832148,7,0,1,8192,7,6174329326
4811,115440298081,49266271,115489564352,5,0,0,189952,5,9566103173
4812,115440451679,49278124,115489729803,1,0,1,26624,1,7265289043
4813,115440454677,49454183,115489908860,7,0,0,3584,7,5443531140
4814,115440523663,506161,115441029824,5,0,0,400896,5,640338704
4815,115440967007,483704,115441450711,5,0,0,226304,5,5099817730
4816,115441053383,49439307,115490492690,1,0,1,26624,1,5612799958
4817,115441354682,49347061,115490701743,5,0,0,91136,5,9729815867
4818,115441622982,646031,115442269013,4,0,1,96256,4,1429319076
4819,115441640924,49317178,115490958102,4,0,1,177152,4,3429380045
4820,115441742500,48941036,115490683536,3,0,1,19456,3,8040111686
4821,115441742572,48751722,115490494294,6,0,1,10240,6,5566887445
4822,115441774438,416349,115442190787,5,0,0,57344,5,6973465815
4823,115441945752,733291,115442679043,1,0,1,71680,1,731329260
4824,115442046642,517290,115442563932,7,0,0,1536,7,10457448049
4825,115442065461,270823,115442336284,7,0,1,41472,7,5772890270
4826,115442114469,464639,115442579108,7,0,0,4096,7,4616084158
4827,115442140450,490850,115442631300,0,0,0,331776,0,8283519091
4828,115442338043,48946144,115491284187,7,0,0,8192,7,9786101032
4829,115442353662,475674,115442829336,7,0,0,127488,7,5885949905
4830,115442402023,447021,115442849044,7,0,0,282624,7,3095203665
4831,115442508930,424208,115442933138,5,0,1,558592,5,2003101074
4832,115442786507,49345602,115492132109,4,0,0,884224,4,4413723263
4833,115442836357,271634,115443107991,4,0,0,981504,4,5089223909
4834,115442936374,48671867,115491608241,5,0,0,647168,5,2948407987
4835,115443055685,618381,115443674066,1,0,1,73216,1,8933094316
4836,115443615304,48759297,115492374601,1,0,1,25600,1,4966611237
4837,115443705020,48422591,115492127611,7,0,0,446976,7,659425439
4838,115443827142,48367577,115492194719,1,0,1,103424,1,4615069165
4839,115444006819,48590074,115492596893,1,0,1,68608,1,5723124192
4840,115444025858,739721,115444765579,4,0,0,2742784,4,1478515470
4841,115444026807,588510,115444615317,3,0,1,15360,3,4053570018
4842,115444089269,460963,115444550232,3,0,1,50176,3,3783220728
4843,115444193175,49014827,115493208002,7,0,1,91136,7,6576404420
4844,115444203650,530854,115444734504,7,0,1,59904,7,3995764035
4845,115444215523,49202285,115493417808,6,0,1,13824,6,10185014516
4846,115444510408,217624,115444728032,7,0,0,1312768,7,4133703316
4847,115444512284,413728,115444926012,8,0,0,6656,8,7386377909
4848,115444689811,49312454,115494002265,4,0,0,183296,4,8833213417
4849,115444735253,417170,115445152423,4,0,0,1236992,4,1712776389
4850,115444857955,248534,115445106489,7,0,1,58368,7,4608245546
4851,115444969203,49577199,115494546402,7,0,1,38400,7,6224221108
4852,115445039202,351082,115445390284,8,0,0,2048,8,4962164678
4853,115445110662,581357,115445692019,8,0,0,1024,8,3323073743
4854,115445117549,516980,115445634529,7,0,0,1454592,7,2040163975
4855,115445237137,49910271,115495147408,3,0,1,11776,3,3666779588
4856,115445296308,492923,115445789231,7,0,0,310272,7,947949676
4857,115445377054,50192121,115495569175,3,0,1,3072,3,9166493
4858,115445480102,424683,115445904785,7,0,0,1321984,7,8811629279
4859,115445748364,50389525,115496137889,6,0,1,132608,6,6482871758
4860,115446008694,349818,115446358512,6,0,1,24064,6,652246002
4861,115446433915,228232,115446662147,6,0,1,74240,6,5012820795
4862,115446657687,273411,115446931098,9,0,1,17408,9,5888184822
4863,115446913141,281317,115447194458,1,0,1,33280,1,7881933999
4864,115446976319,415031,115447391350,2,0,1,37888,2,3848993909
4865,115447150168,308366,115447458534,4,0,1,49664,4,6637110819
4866,115447295571,51088139,115498383710,7,0,0,70656,7,8022860639
4867,115447519876,50499651,115498019527,9,0,1,138240,9,5238068707
4868,115447585033,50240782,115497825815,1,0,1,14848,1,3857357526
4869,115447813133,50154629,115497967762,2,0,1,18944,2,5803812326
4870,115447984546,330212,115448314758,7,0,1,20992,7,7448358299
4871,115448024592,923157,115448947749,4,0,1,19456,4,8108140487
4872,115448104161,541725,115448645886,3,0,1,24064,3,3067801803
4873,115448104920,505909,115448610829,7,0,0,363008,7,3180995441
4874,115448143384,509099,115448652483,7,0,0,32768,7,4568636318
4875,115448388689,617133,115449005822,4,0,0,325632,4,283285879
4876,115448438756,51039196,115499477952,2,0,1,32256,2,3902421973
4877,115448443496,50812017,115499255513,7,0,1,71680,7,10347004545
4878,115448517652,380640,115448898292,7,0,1,72192,7,372142129
4879,115448736566,683935,115449420501,2,0,1,20480,2,4978465013
4880,115448830988,51172562,115500003550,3,0,1,19456,3,2458912116
4881,115448932041,51245154,115500177195,4,0,0,174592,4,4215456394
4882,115449048508,51204399,115500252907,3,0,1,220160,3,5107165950
4883,115449103675,330475,115449434150,8,0,0,25088,8,10471835066
4884,115449253326,50995353,115500248679,8,0,0,6656,8,7005999110
4885,115449575411,51007816,115500583227,1,0,1,75776,1,6823879803
4886,115449707520,51097644,115500805164,8,0,0,3072,8,1263152099
4887,115450330039,272768,115450602807,8,0,0,4608,8,7184013182
4888,115450415293,51131229,115501546522,2,0,1,94208,2,9833802536
4889,115450456145,527647,115450983792,3,0,1,117760,3,4204683901
4890,115450896590,449138,115451345728,8,0,0,2560,8,10450618635
4891,115451167859,51121458,115502289317,7,0,0,418304,7,4666543032
4892,115451270613,314599,115451585212,3,0,1,5120,3,1624986632
4893,115451471712,51089940,115502561652,8,0,0,9216,8,4966874476
4894,115451586639,51070605,115502657244,1,0,1,6144,1,1042139551
4895,115451632618,494268,115452126886,8,0,0,11264,8,7504904522
4896,115451712760,50798324,115502511084,3,0,1,47104,3,10051920246
4897,115451726161,50749202,115502475363,1,0,1,512,1,10509555461
4898,115451743701,423400,115452167101,3,0,1,8704,3,6940248026
4899,115451870846,545808,115452416654,2,0,1,32768,2,8003370636
4900,115451881002,438871,115452319873,8,0,0,1536,8,173654458
4901,115452035771,51094579,115503130350,8,0,0,5120,8,9577648614
4902,115452293418,51204284,115503497702,7,0,0,65024,7,108340128
4903,115452395651,790872,115453186523,8,0,0,4096,8,7338339919
4904,115452405350,527163,115452932513,2,0,1,155136,2,7783570363
4905,115452411627,542607,115452954234,7,0,0,1269760,7,634488573
4906,115452431237,51483207,115503914444,3,0,1,41984,3,9228951272
4907,115452441263,810780,115453252043,7,0,0,41472,7,2631104145
4908,115452604655,51418837,115504023492,2,0,1,42496,2,3289229250
4909,115452821241,840348,115453661589,8,0,0,512,8,3786639178
4910,115452862935,51445889,115504308824,7,0,1,11264,7,1604413766
4911,115452900678,51493596,115504394274,4,0,1,121856,4,2192362375
4912,115452970281,340666,115453310947,7,0,0,481792,7,10063325456
4913,115453397758,396203,115453793961,7,0,0,491520,7,10481207099
4914,115453746350,323605,115454069955,6,0,1,39424,6,3721538209
4915,115453768730,676527,115454445257,3,0,1,8192,3,2052733452
4916,115453844313,368816,115454213129,7,0,0,673280,7,828487778
4917,115453847480,51354782,115505202262,2,0,1,35840,2,3751037600
4918,115453933812,51318591,115505252403,9,0,1,54784,9,6154400915
4919,115454053236,51393609,115505446845,1,0,1,58880,1,378013379
4920,115454077514,524780,115454602294,3,0,1,45056,3,4028515826
4921,115454327092,483545,115454810637,3,0,1,4608,3,1661072892
4922,115454616294,327840,115454944134,7,0,1,66560,7,8907638615
4923,115454834965,488086,115455323051,6,0,1,76288,6,4032647889
4924,115454912155,51802414,115506714569,6,0,1,4096,6,6677352291
4925,115454950000,373887,115455323887,8,0,0,512,8,3107171804
4926,115455082098,467262,115455549360,4,0,1,75776,4,2799865341
4927,115455252080,461333,115455713413,3,0,1,30720,3,7162149472
4928,115455417612,52218158,115507635770,1,0,1,67072,1,7210578363
4929,115455506421,52111466,115507617887,7,0,0,56320,7,6181140120
4930,115455534262,315130,115455849392,6,0,1,133632,6,6284221694
4931,115455580466,514876,115456095342,4,0,1,30720,4,4721920788
4932,115455718132,543050,115456261182,8,0,0,3584,8,9130164070
4933,115455973171,660132,115456633303,6,0,1,39424,6,2541204859
4934,115456077902,592488,115456670390,3,0,1,183808,3,5815655796
4935,115456695566,392588,115457088154,2,0,1,17408,2,7660944741
4936,115456976005,528062,115457504067,7,0,0,79872,7,6538452207
4937,115457053279,383291,115457436570,4,0,1,56832,4,251913125
4938,115457152151,52986673,115510138824,7,0,0,69632,7,3032105108
4939,115457217015,53004107,115510221122,9,0,1,25088,9,3431492937
4940,115457320001,52875331,115510195332,6,0,1,43008,6,4742649503
4941,115457579762,52776170,115510355932,7,0,1,67584,7,4813507960
4942,115457764942,52661180,115510426122,3,0,1,26624,3,8114834170
4943,115457817627,578317,115458395944,4,0,1,156672,4,4517106618
4944,115457977217,441000,115458418217,1,0,1,12800,1,8700986877
4945,115458166553,360491,115458527044,0,0,0,85504,0,9088234648
4946,115458283199,52930327,115511213526,3,0,1,100864,3,724674433
4947,115458314318,52854115,115511168433,6,0,1,122880,6,1013780940
4948,115458407994,52829103,115511237097,9,0,1,16896,9,752802442
4949,115458551330,504612,115459055942,9,0,1,65536,9,10005199887
4950,115458621729,52629669,115511251398,9,0,1,7168,9,4831622883
4951,115458945586,52639844,115511585430,1,0,1,224256,1,130237791
4952,115458963675,52594843,115511558518,2,0,1,286720,2,6585956411
4953,115459332287,387404,115459719691,6,0,1,8192,6,3094435069
4954,115459957794,659058,115460616852,7,0,0,789504,7,2947952686
4955,115460101841,375191,115460477032,7,0,0,398848,7,6439677107
4956,115460216548,52911653,115513128201,9,0,1,97280,9,3190671217
4957,115460532162,52615138,115513147300,8,0,0,512,8,6035960642
4958,115460746531,449692,115461196223,1,0,1,71168,1,1331729746
4959,115460831234,571060,115461402294,2,0,1,19456,2,10354630830
4960,115460960525,52764928,115513725453,0,0,0,460800,0,6438054118
4961,115460967729,1013308,115461981037,8,0,0,41984,8,2110800017
4962,115461296273,728820,115462025093,7,0,0,195584,7,1273839061
4963,115461311949,53012798,115514324747,2,0,1,12800,2,5859060898
4964,115461367440,618222,115461985662,4,0,1,21504,4,2605576559
4965,115461405787,53035605,115514441392,8,0,0,9216,8,8741508466
4966,115461423385,53014053,115514437438,6,0,1,116736,6,9489776419
4967,115461536923,357143,115461894066,4,0,1,7680,4,2519229651
4968,115461599920,52982527,115514582447,0,0,0,584192,0,5701377349
4969,115461611800,644100,115462255900,8,0,0,23040,8,1331609444
4970,115461693125,52725813,115514418938,3,0,1,71168,3,4214910608
4971,115461761913,330937,115462092850,0,0,0,163328,0,726624190
4972,115461781812,52466176,115514247988,4,0,1,30720,4,6952774063
4973,115462025620,52494905,115514520525,4,0,1,96256,4,9233783116
4974,115462106663,52296865,115514403528,9,0,1,67072,9,7110325092
4975,115462274891,478550,115462753441,6,0,1,100864,6,8758682790
4976,115462374034,52159153,115514533187,7,0,0,367104,7,2526898479
4977,115462419664,51910042,115514329706,2,0,1,58880,2,8550481753
4978,115462546220,430236,115462976456,0,0,1,54784,0,8976886877
4979,115462625095,322332,115462947427,7,0,1,53760,7,3928545256
4980,115462857441,327060,115463184501,7,0,1,70656,7,3834249600
4981,115462899872,393001,115463292873,3,0,1,3072,3,9771160116
4982,115462996613,52370278,115515366891,0,0,0,1260544,0,3035336122
4983,115462997547,53090418,115516087965,3,0,1,48640,3,9655797031
4984,115463165618,52656190,115515821808,4,0,1,416256,4,5556223254
4985,115463329064,740076,115464069140,6,0,1,192512,6,4251331005
4986,115463362505,52701055,115516063560,9,0,1,24576,9,9261414645
4987,115463434181,994774,115464428955,7,0,0,459776,7,8451817508
4988,115463502120,52275993,115515778113,7,0,0,670720,7,8378787138
4989,115463567538,742051,115464309589,7,0,1,112640,7,4166746481
4990,115463822214,568881,115464391095,7,0,1,100352,7,4671765295
4991,115464237806,598624,115464836430,1,0,1,83456,1,1391297996
4992,115464256832,410089,115464666921,7,0,1,1536,7,9485493695
4993,115464582819,52459722,115517042541,6,0,1,210944,6,506388266
4994,115464677034,52430676,115517107710,7,0,1,36864,7,1053616150
4995,115464743553,52426467,115517170020,2,0,1,36864,2,8360976005
4996,115464912404,52382895,115517295299,9,0,1,6144,9,641491908
4997,115464982688,523670,115465506358,8,0,0,2048,8,2400091384
4998,115465093854,52331768,115517425622,3,0,1,154112,3,6336796250
4999,115465187764,52280918,115517468682,3,0,1,103936,3,10217353687
5000,115465188979,51795302,115516984281,6,0,1,9216,6,7832662231
5001,115465356623,51515197,115516871820,7,0,1,14336,7,8782649442
5002,115465462607,51447914,115516910521,7,0,0,354304,7,5520242588
5003,115465593264,51431667,115517024931,2,0,1,502272,2,3270122626
5004,115465611132,51108790,115516719922,0,0,0,773120,0,4873578122
5005,115466047412,1087617,115467135029,7,0,1,58880,7,4819888705
5006,115466067095,50430381,115516497476,7,0,0,1189888,7,3119878496
5007,115466087883,251389,115466339272,3,0,1,29696,3,9257718665
5008,115466170640,579858,115466750498,2,0,1,34304,2,6302669288
5009,115466232818,50824659,115517057477,9,0,1,48128,9,1810491572
5010,115466463182,50796488,115517259670,6,0,1,47104,6,5328372944
5011,115466480719,50046782,115516527501,1,0,1,6144,1,1847955838
5012,115466766884,49974429,115516741313,1,0,1,118272,1,8526809354
5013,115466790347,49958105,115516748452,2,0,1,99328,2,10200658043
5014,115466891120,49635861,115516526981,7,0,1,48128,7,10250206566
5015,115467092961,563390,115467656351,6,0,1,96768,6,4427278006
5016,115467184585,369030,115467553615,0,0,0,894976,0,7536446444
5017,115467239427,50163704,115517403131,0,0,0,361472,0,7286622344
5018,115467274651,50062208,115517336859,1,0,1,1024,1,297535043
5019,115467400244,49896644,115517296888,9,0,1,45568,9,2518157761
5020,115467414029,49664306,115517078335,0,0,0,160768,0,3399021048
5021,115467427515,49590709,115517018224,4,0,1,25088,4,5552148227
5022,115467638296,240101,115467878397,3,0,1,3584,3,8301443714
5023,115467765791,49449737,115517215528,7,0,0,7680,7,4594152206
5024,115467942186,49380459,115517322645,3,0,1,294400,3,4547238619
5025,115468141612,398884,115468540496,6,0,1,158208,6,1064512304
5026,115468156308,308643,115468464951,8,0,0,8704,8,8605548401
5027,115468270894,49107892,115517378786,1,0,1,5632,1,2942105943
5028,115468615886,49044711,115517660597,3,0,1,124416,3,9522344613
5029,115468676027,48891931,115517567958,8,0,0,512,8,9614892303
5030,115468922737,506993,115469429730,7,0,1,84992,7,4683023366
5031,115468973656,624160,115469597816,2,0,1,9728,2,1004813398
5032,115469044310,48583832,115517628142,0,0,0,386560,0,1782234725
5033,115469112777,534619,115469647396,6,0,1,16384,6,6520389939
5034,115469241386,48914339,115518155725,7,0,0,414208,7,10395806822
5035,115469355830,222380,115469578210,4,0,1,22528,4,4410670057
5036,115469381196,48835333,115518216529,7,0,0,493568,7,8306323295
5037,115469397030,48802726,115518199756,0,0,0,27136,0,1092607292
5038,115469454939,173326,115469628265,7,0,0,228352,7,8593705552
5039,115469462800,48711886,115518174686,7,0,1,41472,7,8818899586
5040,115469662705,48622550,115518285255,3,0,1,28672,3,2845432536
5041,115469722662,48624891,115518347553,1,0,1,33280,1,3683667883
5042,115469918216,48515142,115518433358,6,0,1,52224,6,5776541599
5043,115470109388,462712,115470572100,7,0,0,98304,7,5706307912
5044,115470230391,227385,115470457776,4,0,1,66560,4,5866381405
5045,115470423095,200006,115470623101,7,0,0,402944,7,4390632047
5046,115470462455,48227746,115518690201,6,0,1,32768,6,9771921300
5047,115470494937,47734910,115518229847,7,0,0,456704,7,3226715943
5048,115470637180,333646,115470970826,3,0,1,41984,3,6558000063
5049,115470660450,47880611,115518541061,7,0,1,22016,7,10311192286
5050,115470692779,47727679,115518420458,9,0,1,4096,9,516411776
5051,115470750625,882328,115471632953,7,0,1,25088,7,200437739
5052,115471187399,484239,115471671638,3,0,1,31232,3,16030157
5053,115471234674,443912,115471678586,3,0,1,150016,3,6288552616
5054,115471246668,466794,115471713462,8,0,0,14336,8,6039772913
5055,115471268840,555688,115471824528,0,0,0,518656,0,3414630859
5056,115471578397,47944174,115519522571,4,0,1,27648,4,3988873506
5057,115471762516,47872168,115519634684,8,0,0,18432,8,7690759704
5058,115471891962,47717838,115519609800,6,0,1,49152,6,4946832289
5059,115471962312,519228,115472481540,1,0,1,6656,1,9904959581
5060,115472019926,47879843,115519899769,2,0,1,184320,2,4299699461
5061,115472021747,557545,115472579292,2,0,1,16384,2,8494367754
5062,115472093558,47539829,115519633387,7,0,0,142336,7,7621978360
5063,115472271237,47201498,115519472735,8,0,0,29184,8,5324156815
5064,115472301168,790517,115473091685,1,0,1,166912,1,2127079335
5065,115472400592,46835440,115519236032,5,0,1,34816,5,3726250465
5066,115472433829,46563247,115518997076,0,0,0,23040,0,8035253037
5067,115472489567,46495431,115518984998,7,0,0,434688,7,7874197448
5068,115472523398,46572640,115519096038,8,0,0,58880,8,2339154120
5069,115472713334,46380405,115519093739,5,0,0,960512,5,4929870700
5070,115473047275,46416404,115519463679,2,0,1,512,2,2532275867
5071,115473306337,46468589,115519774926,1,0,1,96768,1,8798049154
5072,115473406408,263951,115473670359,4,0,1,512,4,4841637157
5073,115473409989,270160,115473680149,9,0,1,82432,9,6956586063
5074,115473498695,272694,115473771389,9,0,1,26624,9,5233827447
5075,115473576103,46452528,115520028631,1,0,1,11776,1,9803921217
5076,115473805979,730021,115474536000,3,0,1,130560,3,9674467575
5077,115473814247,319534,115474133781,7,0,1,26624,7,8320167863
5078,115474012277,46806377,115520818654,9,0,1,47104,9,9545645676
5079,115474061551,426140,115474487691,4,0,1,98816,4,10614756807
5080,115474146030,46981293,115521127323,0,0,0,238080,0,5516388631
5081,115474153818,295951,115474449769,7,0,0,385024,7,1799609963
5082,115474260463,46399786,115520660249,3,0,0,1314816,3,2410080248
5083,115474401806,459275,115474861081,4,0,1,101376,4,651407036
5084,115474403166,400168,115474803334,2,0,1,4608,2,3652270796
5085,115474473990,581524,115475055514,3,0,1,59904,3,7558823204
5086,115474522820,319775,115474842595,3,0,0,104448,3,9265416284
5087,115474612547,507264,115475119811,4,0,1,55808,4,7657284808
5088,115474691177,684237,115475375414,7,0,0,86016,7,6189756044
5089,115474891778,577979,115475469757,3,0,0,186880,3,9319718977
5090,115474933834,980832,115475914666,2,0,1,85504,2,5030268072
5091,115475108288,47845802,115522954090,7,0,1,59904,7,6992218327
5092,115475109781,831179,115475940960,7,0,1,71680,7,506370388
5093,115475229409,769919,115475999328,9,0,1,6656,9,1580884193
5094,115475315185,408885,115475724070,2,0,1,18944,2,9271058497
5095,115475480780,765617,115476246397,6,0,1,97280,6,3512810176
5096,115475728716,47807838,115523536554,6,0,1,53760,6,4853735627
5097,115475825138,47810673,115523635811,7,0,1,13312,7,7361663409
5098,115475927333,47727718,115523655051,7,0,0,160256,7,6105569695
5099,115475980785,405740,115476386525,1,0,1,14848,1,5943999340
5100,115476150197,589506,115476739703,3,0,1,99840,3,4317374099
5101,115476189064,909169,115477098233,7,0,1,46080,7,1017439105
5102,115476262626,553650,115476816276,1,0,1,59392,1,7704507706
5103,115476738043,420032,115477158075,9,0,1,16896,9,1404275175
5104,115476836121,431864,115477267985,9,0,1,280064,9,6967499618
5105,115476839487,48230622,115525070109,7,0,1,26624,7,5797482763
5106,115476858702,47937440,115524796142,3,0,1,81920,3,2821940593
5107,115476867845,47866646,115524734491,0,0,0,605696,0,2415936619
5108,115476965839,387176,115477353015,1,0,1,82944,1,4770637522
5109,115477137354,48441082,115525578436,7,0,0,88576,7,5747589755
5110,115477194579,545249,115477739828,1,0,1,25600,1,9866651625
5111,115477297066,372302,115477669368,6,0,1,196096,6,2118713587
5112,115477496445,48439125,115525935570,6,0,1,14848,6,7957387445
5113,115477554871,397133,115477952004,4,0,1,110080,4,621546584
5114,115477580223,370197,115477950420,0,0,0,35840,0,9770819482
5115,115477640999,48796428,115526437427,3,0,0,106496,3,9523064665
5116,115477737921,47006061,115524743982,7,0,1,11264,7,2768379893
5117,115477937467,46331463,115524268930,6,0,1,43520,6,5550310126
5118,115477988286,327768,115478316054,0,0,0,196608,0,7487786955
5119,115477994451,46307219,115524301670,7,0,1,40448,7,1351756824
5120,115478041397,430587,115478471984,3,0,0,1368576,3,489452823
5121,115478295968,46196798,115524492766,6,0,1,188416,6,1230943260
5122,115478387607,45723686,115524111293,3,0,1,19968,3,5443520658
5123,115478394359,45562485,115523956844,3,0,1,93184,3,352845863
5124,115478583434,45417020,115524000454,1,0,1,11776,1,3936608669
5125,115478740071,44964772,115523704843,9,0,1,5120,9,4094057239
5126,115478761857,44345159,115523107016,7,0,0,666112,7,4413580992
5127,115478859868,43780234,115522640102,9,0,1,44544,9,8697045725
5128,115478880740,358756,115479239496,9,0,1,196608,9,6075806425
5129,115478904907,43805376,115522710283,8,0,0,13312,8,1562621252
5130,115478961442,43501779,115522463221,3,0,0,948736,3,1650603404
5131,115478969881,43361956,115522331837,3,0,0,243712,3,9097108688
5132,115479099246,43114558,115522213804,1,0,1,63488,1,4623402470
5133,115479198431,42963015,115522161446,0,0,0,1105920,0,1869882997
5134,115479488261,697180,115480185441,9,0,1,26624,9,4650763004
5135,115479733694,42789000,115522522694,1,0,1,49152,1,7552394052
5136,115479952614,534142,115480486756,1,0,1,13312,1,5663571783
5137,115480158307,42713153,115522871460,0,0,0,634368,0,9473578095
5138,115480259989,537630,115480797619,6,0,1,64512,6,2683984340
5139,115480264763,411700,115480676463,7,0,0,95744,7,1739482149
5140,115480438062,355467,115480793529,8,0,0,17920,8,2397604507
5141,115480444578,298547,115480743125,3,0,1,27136,3,8710257096
5142,115480699851,136421,115480836272,1,0,1,42496,1,1017272353
5143,115480802200,481756,115481283956,1,0,1,18432,1,271137776
5144,115480813445,43257543,115524070988,8,0,1,140800,8,9772904610
5145,115481219064,43227918,115524446982,0,0,0,2078208,0,10008367659
5146,115481220567,42847951,115524068518,3,0,0,312320,3,8957713990
5147,115481312819,451044,115481763863,8,0,1,87040,8,680630910
5148,115481502072,42920523,115524422595,9,0,1,66560,9,10550718157
5149,115481554190,42713831,115524268021,8,0,0,39424,8,6279414323
5150,115481581342,390004,115481971346,0,0,0,128512,0,4712452314
5151,115481596456,486401,115482082857,1,0,1,9728,1,152802845
5152,115481661781,42534505,115524196286,7,0,0,487424,7,9000852830
5153,115481915748,41429164,115523344912,1,0,1,46080,1,4408454459
5154,115481937338,40891716,115522829054,3,0,1,105984,3,653514204
5155,115482076187,40682271,115522758458,6,0,1,251904,6,9767851685
5156,115482184957,39462886,115521647843,8,0,1,86528,8,7645495184
5157,115482361704,39304804,115521666508,9,0,1,1024,9,7078941512
5158,115482407184,38328701,115520735885,0,0,0,8704,0,10278375262
5159,115482928172,375571,115483303743,6,0,1,89600,6,6862405476
5160,115482990991,439429,115483430420,4,0,1,32256,4,3955676624
5161,115483018801,311948,115483330749,8,0,0,10752,8,8600538928
5162,115483275654,36934229,115520209883,6,0,1,113664,6,6746490854
5163,115483935147,396416,115484331563,8,0,1,17408,8,4947383833
5164,115484098616,708799,115484807415,7,0,0,54784,7,7964321804
5165,115484131840,697524,115484829364,3,0,0,100352,3,10235066065
5166,115484483877,37099100,115521582977,8,0,1,11264,8,1393332327
5167,115484490962,36669125,115521160087,7,0,0,125952,7,6206592034
5168,115484603559,1018581,115485622140,9,0,1,27648,9,4240573632
5169,115484619360,808891,115485428251,6,0,1,93696,6,10607328865
5170,115484701613,36490661,115521192274,9,0,1,65536,9,6382347140
5171,115484736243,843537,115485579780,6,0,1,139264,6,3196073167
5172,115484775283,36496151,115521271434,8,0,0,16384,8,6656229446
5173,115485069574,36257941,115521327515,3,0,0,1402368,3,9322667873
5174,115485123346,36156957,115521280303,3,0,0,41472,3,8797071478
5175,115485250492,747216,115485997708,1,0,1,2048,1,10344790857
5176,115485254808,1091647,115486346455,3,0,0,201216,3,10603616640
5177,115485505613,36213233,115521718846,0,0,0,266752,0,3568590
5178,115485816558,36202787,115522019345,8,0,1,1536,8,4732175599
5179,115485888662,465405,115486354067,8,0,0,12288,8,8153169119
5180,115486233966,36140964,115522374930,8,0,1,12800,8,9812144971
5181,115486261935,423750,115486685685,0,0,0,796160,0,6608042901
5182,115486410656,35693965,115522104621,6,0,1,1024,6,5397483860
5183,115486436973,414747,115486851720,0,0,0,338944,0,2715058470
5184,115486566380,35603949,115522170329,7,0,0,185344,7,4181811048
5185,115486616700,35349985,115521966685,6,0,1,238592,6,3083673285
5186,115486674900,445074,115487119974,2,0,1,9216,2,4790132990
5187,115486679988,511934,115487191922,0,0,0,69632,0,6350048557
5188,115486775348,514209,115487289557,9,0,1,6144,9,8622628708
5189,115486975053,662933,115487637986,8,0,1,34816,8,6550594571
5190,115487024800,35670969,115522695769,9,0,1,32768,9,7108478056
5191,115487256271,34191707,115521447978,9,0,1,47104,9,586248288
5192,115487447230,33850067,115521297297,6,0,1,245248,6,1111701223
5193,115487453455,281912,115487735367,1,0,1,5632,1,7626846295
5194,115487506283,343359,115487849642,0,0,0,1310208,0,8625108332
5195,115487689673,273505,115487963178,1,0,1,68096,1,9109683900
5196,115487819350,34048112,115521867462,1,0,1,142336,1,5873968447
5197,115487942771,468982,115488411753,8,0,1,28160,8,10481245826
5198,115487955896,584493,115488540389,0,0,0,60928,0,8307590515
5199,115488104299,398951,115488503250,7,0,0,974848,7,7854384988
5200,115488397935,34091919,115522489854,7,0,0,940032,7,7223836547
5201,115488398902,493407,115488892309,3,0,0,530432,3,3612714348
5202,115488566365,367985,115488934350,3,0,0,308736,3,512955904
5203,115488636151,265715,115488901866,2,0,1,24576,2,1939399438
5204,115488732690,33404790,115522137480,0,0,0,262144,0,3567987039
5205,115488784799,434697,115489219496,9,0,1,4096,9,7198612161
5206,115488817379,33524885,115522342264,2,0,1,44544,2,1227989015
5207,115488829361,33409187,115522238548,6,0,1,6656,6,9115048719
5208,115489252489,33062251,115522314740,6,0,1,13824,6,8189668506
5209,115489351677,32673013,115522024690,8,0,0,11264,8,1861037166
5210,115489417355,32153640,115521570995,6,0,1,87040,6,4499460057
5211,115489660650,31933142,115521593792,1,0,1,5120,1,6410389908
5212,115490015425,31900724,115521916149,6,0,1,19456,6,9019734199
5213,115490083747,31959697,115522043444,3,0,1,30208,3,532009519
5214,115490120779,31950508,115522071287,3,0,0,709632,3,9671167605
5215,115490245743,503637,115490749380,3,0,1,70656,3,6020489802
5216,115490290937,528564,115490819501,0,0,0,88064,0,5789748794
5217,115490299317,334330,115490633647,3,0,0,1536,3,4938751276
5218,115490558881,32100042,115522658923,7,0,0,346624,7,3795478683
5219,115490643401,330940,115490974341,1,0,1,147456,1,2465744751
5220,115490644232,31482299,115522126531,3,0,1,185344,3,8649614735
5221,115490775238,31341931,115522117169,3,0,1,68096,3,2840957466
5222,115490890817,31456976,115522347793,5,0,1,654336,5,3816024229
5223,115490975833,30714257,115521690090,9,0,1,90624,9,9001138626
5224,115491068104,30885350,115521953454,1,0,1,90624,1,5497053267
5225,115491173258,30398233,115521571491,0,0,1,58368,0,4609169930
5226,115491547992,30125640,115521673632,2,0,1,109568,2,3484381759
5227,115491662930,449078,115492112008,6,0,1,56832,6,696014960
5228,115491734057,30002996,115521737053,4,0,1,58368,4,6834686096
5229,115491960006,29840415,115521800421,8,0,0,1024,8,923024641
5230,115492018544,29951442,115521969986,6,0,1,117248,6,8122217576
5231,115492095980,29945956,115522041936,9,0,1,18944,9,4568831181
5232,115492097512,30120083,115522217595,8,0,1,5632,8,8389193390
5233,115492286394,28785429,115521071823,6,0,1,44032,6,9870737370
5234,115492351332,28922777,115521274109,1,0,1,3584,1,9573900178
5235,115492379930,317145,115492697075,3,0,0,349184,3,10300263885
5236,115492524428,343923,115492868351,0,0,0,699392,0,7132341571
5237,115492717387,29344388,115522061775,2,0,1,27648,2,167176171
5238,115493126967,29129879,115522256846,3,0,1,138752,3,3424054299
5239,115493216610,28983132,115522199742,0,0,0,440832,0,7225088888
5240,115493301797,28856337,115522158134,1,0,1,6144,1,7002557389
5241,115493359325,27895210,115521254535,1,0,1,512,1,6791658368
5242,115493445743,374039,115493819782,8,0,1,59904,8,8179194490
5243,115493478023,27207431,115520685454,8,0,0,5120,8,8636987783
5244,115493709617,436678,115494146295,8,0,0,20480,8,1001450645
5245,115493749965,26991196,115520741161,8,0,0,15360,8,5550558207
5246,115493798917,26557662,115520356579,7,0,0,379392,7,10713863730
5247,115494120538,26551034,115520671572,0,0,1,27648,0,10170865770
5248,115494125728,26297568,115520423296,6,0,1,1536,6,1487196048
5249,115494182042,821869,115495003911,8,0,0,3072,8,9144364760
5250,115494385227,351966,115494737193,1,0,1,228352,1,9526285556
5251,115494415521,515537,115494931058,6,0,1,72192,6,10162990029
5252,115494574651,179622,115494754273,1,0,1,86528,1,7094966869
5253,115494579880,417276,115494997156,0,0,1,28160,0,2042951133
5254,115494730906,310439,115495041345,2,0,1,46080,2,9706367005
5255,115494839497,392580,115495232077,8,0,1,5120,8,10361974777
5256,115494994775,26895952,115521890727,0,0,1,23040,0,5759611493
5257,115495100015,338258,115495438273,8,0,0,16384,8,7028743560
5258,115495187403,26437070,115521624473,6,0,1,158208,6,10298019185
5259,115495247500,26295096,115521542596,8,0,1,14336,8,2242668766
5260,115495414845,26614520,115522029365,2,0,1,93696,2,7496541976
5261,115495596306,298879,115495895185,0,0,0,809984,0,4786058894
5262,115495784448,26700344,115522484792,0,0,0,493056,0,8307486792
5263,115495820647,504532,115496325179,0,0,0,279552,0,9979714318
5264,115495885278,480900,115496366178,4,0,1,2560,4,6518443946
5265,115495891567,27046729,115522938296,4,0,1,15872,4,10058681163
5266,115495915803,629884,115496545687,8,0,0,3584,8,7815204758
5267,115495956948,26342143,115522299091,0,0,0,586240,0,1727961324
5268,115496245109,26282325,115522527434,0,0,1,49664,0,7850410877
5269,115496293824,26114518,115522408342,6,0,1,86528,6,10444426653
5270,115496302207,529471,115496831678,7,0,0,901120,7,114297751
5271,115496317291,502331,115496819622,8,0,0,20480,8,4946780450
5272,115496330557,623229,115496953786,8,0,1,38912,8,7930159056
5273,115496343264,517904,115496861168,3,0,0,1439744,3,7248949501
5274,115496368456,620542,115496988998,0,0,0,219648,0,3854402806
5275,115496378029,388701,115496766730,3,0,1,316416,3,7042062600
5276,115496436733,693770,115497130503,6,0,1,9728,6,5252063067
5277,115496468084,533897,115497001981,3,0,1,48128,3,6560007584
5278,115496525109,918613,115497443722,0,0,1,42496,0,681801394
5279,115496578443,26371452,115522949895,8,0,1,62464,8,967520395
5280,115496612785,845423,115497458208,8,0,1,4608,8,1798588149
5281,115496642284,26486223,115523128507,3,0,1,105984,3,10154124692
5282,115496827156,26152611,115522979767,8,0,1,11776,8,1216318795
5283,115496884968,26148991,115523033959,0,0,0,26624,0,4948216409
5284,115497379379,566460,115497945839,1,0,1,51712,1,304026364
5285,115497585968,26338591,115523924559,0,0,1,73728,0,3313634584
5286,115497799877,25594919,115523394796,8,0,1,24064,8,999878595
5287,115498111501,24985620,115523097121,0,0,0,1462784,0,2265167209
5288,115498356748,23929716,115522286464,6,0,1,24576,6,10305709266
5289,115498408349,23933600,115522341949,1,0,1,23552,1,9818218071
5290,115498420170,23620136,115522040306,1,0,1,70656,1,5875762197
5291,115498471451,23342914,115521814365,3,0,0,363520,3,6934001016
5292,115498477024,630176,115499107200,1,0,1,163840,1,5134853488
5293,115499077602,708178,115499785780,6,0,1,48640,6,837252851
5294,115499106714,1072207,115500178921,8,0,1,32768,8,1224527007
5295,115499263195,23656408,115522919603,6,0,1,42496,6,3206715358
5296,115499291356,23622198,115522913554,0,0,1,17408,0,4129904425
5297,115499358334,23568132,115522926466,0,0,1,22016,0,5753833224
5298,115499685760,23424477,115523110237,3,0,1,28672,3,2230412340
5299,115499771791,23042299,115522814090,8,0,0,7680,8,5869732847
5300,115499793783,22990831,115522784614,3,0,1,107008,3,9865213568
5301,115499864971,867117,115500732088,8,0,0,21504,8,5665130254
5302,115499942058,23047878,115522989936,4,0,1,27648,4,3826595418
5303,115500119808,962674,115501082482,4,0,1,17920,4,156322138
5304,115500203301,22967698,115523170999,8,0,1,145408,8,6031008587
5305,115500927606,671243,115501598849,3,0,1,137216,3,265399699
5306,115501011575,22878704,115523890279,0,0,1,107008,0,5133601187
5307,115501133053,1242132,115502375185,3,0,0,223744,3,3082683195
5308,115501220640,1574305,115502794945,8,0,1,48640,8,5739447595
5309,115501231505,525219,115501756724,0,0,0,105472,0,8374106522
5310,115501235261,825145,115502060406,1,0,1,15360,1,5126816525
5311,115501239263,22628564,115523867827,7,0,0,195584,7,4100800211
5312,115501730426,22218653,115523949079,3,0,0,198144,3,1663102322
5313,115501825144,802217,115502627361,3,0,1,100352,3,5418069325
5314,115502191995,327111,115502519106,3,0,0,790528,3,2523338335
5315,115502706079,1178450,115503884529,0,0,0,114176,0,5346542524
5316,115502869921,491157,115503361078,7,0,0,126976,7,1245890331
5317,115502885078,414897,115503299975,6,0,1,17920,6,3469469435
5318,115502890188,22555983,115525446171,7,0,0,488960,7,6820562786
5319,115503080745,509068,115503589813,0,0,1,12800,0,6906788850
5320,115503244621,22694418,115525939039,7,0,0,664064,7,8302176932
5321,115503318072,375724,115503693796,0,0,0,238592,0,7542547427
5322,115503500646,565089,115504065735,0,0,1,29184,0,6364857807
5323,115503664808,22964114,115526628922,8,0,1,28160,8,6266039649
5324,115503691861,22937704,115526629565,8,0,1,32256,8,1677121553
5325,115503965935,687315,115504653250,4,0,1,17920,4,6256316429
5326,115504031822,22880416,115526912238,4,0,1,103936,4,1296354155
5327,115504164218,22262095,115526426313,3,0,1,46080,3,7888880543
5328,115504329835,21772692,115526102527,0,0,1,17408,0,2966192459
5329,115504365422,21631454,115525996876,7,0,0,58368,7,9170490173
5330,115504494723,21624060,115526118783,0,0,1,41984,0,7060458278
5331,115504529757,21492859,115526022616,4,0,1,48128,4,8979778738
5332,115504537524,20095158,115524632682,3,0,0,328704,3,420303538
5333,115504833434,19800597,115524634031,0,0,1,18432,0,6646950052
5334,115505289332,359062,115505648394,6,0,1,5120,6,5806652901
5335,115505375690,19982037,115525357727,6,0,1,303104,6,8292226350
5336,115505471858,490542,115505962400,8,0,1,18432,8,5749966708
5337,115505870555,349787,115506220342,1,0,1,35840,1,5108945815
5338,115506041999,755344,115506797343,3,0,0,481280,3,3132830639
5339,115506053858,888378,115506942236,1,0,1,63488,1,8245438523
5340,115506096283,19594567,115525690850,4,0,1,33280,4,481462189
5341,115506119414,19336380,115525455794,0,0,0,35840,0,9914021464
5342,115506129430,19139800,115525269230,1,0,1,39936,1,3866762811
5343,115506256134,19109799,115525365933,1,0,1,19456,1,4354806412
5344,115506281342,640922,115506922264,6,0,1,26112,6,9407350137
5345,115506309777,590104,115506899881,3,0,0,1963520,3,762381072
5346,115506622038,19242601,115525864639,1,0,1,36352,1,4979925761
5347,115506671892,18875874,115525547766,6,0,1,116736,6,9693996912
5348,115506736073,17962011,115524698084,1,0,1,23040,1,10003494567
5349,115506795962,460470,115507256432,8,0,1,46080,8,4119288441
5350,115506848091,373632,115507221723,3,0,0,1575424,3,1351777736
5351,115506861356,17902294,115524763650,6,0,1,166400,6,8437836523
5352,115506987965,474969,115507462934,0,0,0,29696,0,2827218673
5353,115507017648,661649,115507679297,7,0,0,1078272,7,10150919200
5354,115507116471,17946909,115525063380,7,0,0,638976,7,5090707778
5355,115507231660,18011530,115525243190,0,0,0,689664,0,3990964962
5356,115507353091,17918640,115525271731,6,0,1,137216,6,8372142355
5357,115507409322,18158137,115525567459,8,0,0,3584,8,3454688208
5358,115507444019,580994,115508025013,8,0,0,512,8,4638334699
5359,115507489879,392964,115507882843,8,0,1,50176,8,2927227561
5360,115507591960,359208,115507951168,3,0,0,1139712,3,2401509132
5361,115507754729,18243067,115525997796,3,0,0,1282560,3,89343717
5362,115507827667,18241838,115526069505,8,0,1,5632,8,5693220026
5363,115507831208,640749,115508471957,4,0,1,39936,4,2228374895
5364,115508096056,398548,115508494604,3,0,0,154624,3,4845399218
5365,115508121020,512950,115508633970,7,0,0,423424,7,3703167657
5366,115508156663,777194,115508933857,7,0,0,11776,7,6616588693
5367,115508208601,335551,115508544152,0,0,0,102912,0,4444387391
5368,115508250146,454723,115508704869,3,0,0,545792,3,8627198696
5369,115508350554,326523,115508677077,2,0,1,37888,2,1321508612
5370,115508500298,938288,115509438586,3,0,0,934912,3,988633441
5371,115508527058,19108702,115527635760,1,0,1,86016,1,7139328435
5372,115508543716,466989,115509010705,0,0,1,70656,0,5148807465
5373,115508546813,19146120,115527692933,7,0,0,139776,7,2100941660
5374,115508617723,18657712,115527275435,8,0,1,138752,8,9533044968
5375,115508786929,420761,115509207690,0,0,0,235008,0,4099388420
5376,115508887438,332505,115509219943,6,0,1,34816,6,10212328489
5377,115509038865,18034810,115527073675,3,0,0,290816,3,7274935347
5378,115509083322,446995,115509530317,8,0,0,5120,8,5795068725
5379,115509194485,641217,115509835702,0,0,1,72192,0,3101169060
5380,115509259714,17841522,115527101236,7,0,1,31232,7,1509446641
5381,115509408470,16541209,115525949679,4,0,1,92672,4,3301394734
5382,115509485000,16453690,115525938690,3,0,0,874496,3,1854457273
5383,115509549672,15273498,115524823170,7,0,1,32768,7,5752689939
5384,115509824299,15229175,115525053474,8,0,0,24064,8,6831987672
5385,115509947629,15338351,115525285980,4,0,1,42496,4,5232145211
5386,115509972646,14945120,115524917766,1,0,1,23552,1,5706513323
5387,115510126940,236310,115510363250,3,0,0,12800,3,3673218677
5388,115510228170,648534,115510876704,6,0,1,99840,6,6808299331
5389,115510258564,503537,115510762101,8,0,0,3584,8,2342269319
5390,115510271292,658288,115510929580,0,0,0,773120,0,1265277833
5391,115510313171,575651,115510888822,0,0,0,11776,0,1730005677
5392,115510394350,14913450,115525307800,2,0,1,99840,2,395701119
5393,115510766267,14439093,115525205360,2,0,1,142336,2,265738728
5394,115510893694,14325608,115525219302,4,0,1,31232,4,6265573718
5395,115510912253,508297,115511420550,6,0,1,54784,6,10406047044
5396,115511127950,14530105,115525658055,0,0,0,9216,0,411095552
5397,115511318513,216275,115511534788,0,0,0,114176,0,6931727823
5398,115511396702,265411,115511662113,0,0,0,154112,0,6071126404
5399,115511415208,14442009,115525857217,8,0,0,3584,8,6397765783
5400,115511550979,272119,115511823098,6,0,0,159232,6,4735715110
5401,115511617410,14485357,115526102767,3,0,0,1838592,3,1037331756
5402,115511803466,13438018,115525241484,3,0,0,121856,3,604907994
5403,115511876234,13424652,115525300886,0,0,1,76800,0,246886632
5404,115511909479,12112097,115524021576,8,0,1,67072,8,9373628161
5405,115511950604,12046127,115523996731,8,0,0,2048,8,8864646344
5406,115512083702,196314,115512280016,8,0,1,41984,8,2277528237
5407,115512120044,976510,115513096554,1,0,1,156672,1,8064114273
5408,115512141518,477309,115512618827,3,0,0,473600,3,1884974204
5409,115512262682,372544,115512635226,4,0,1,6144,4,7838925666
5410,115512297302,612571,115512909873,0,0,1,199680,0,8809855575
5411,115512304056,525530,115512829586,6,0,0,543744,6,3562100310
5412,115512438161,12936167,115525374328,0,0,1,41472,0,9617100500
5413,115512647048,867259,115513514307,6,0,0,417792,6,2517210116
5414,115512864111,479373,115513343484,8,0,0,8704,8,2828750578
5415,115512878780,700007,115513578787,2,0,1,206336,2,6721483756
5416,115512980589,839861,115513820450,1,0,1,67072,1,7654907952
5417,115513066528,656534,115513723062,8,0,0,7168,8,866631611
5418,115513112451,13115990,115526228441,8,0,0,17408,8,7891715053
5419,115513124957,12988113,115526113070,4,0,1,53760,4,8046297130
5420,115513142751,809067,115513951818,1,0,1,35840,1,5391196308
5421,115513679895,13548317,115527228212,8,0,0,15872,8,4688737242
5422,115513797915,636004,115514433919,8,0,1,158208,8,208173964
5423,115513846752,420250,115514267002,7,0,0,286720,7,6910583135
5424,115513923759,13713082,115527636841,1,0,1,10752,1,4143789503
5425,115514033533,518206,115514551739,6,0,1,79360,6,9023813182
5426,115514186055,651429,115514837484,6,0,1,129024,6,3877264691
5427,115514284853,403704,115514688557,0,0,0,381440,0,1852062730
5428,115514340875,14002454,115528343329,0,0,1,70144,0,2521477926
5429,115514382741,13827058,115528209799,9,0,1,188416,9,7980820517
5430,115514492280,13792707,115528284987,4,0,1,72704,4,10668509305
5431,115514513659,681266,115515194925,1,0,1,275968,1,5872841361
5432,115514805624,535918,115515341542,8,0,1,19968,8,2950416305
5433,115514876080,14094296,115528970376,0,0,1,32256,0,7976798688
5434,115514976288,14437788,115529414076,1,0,1,512,1,7468552948
5435,115515043312,14152794,115529196106,4,0,1,99840,4,8309121988
5436,115515405045,14291637,115529696682,1,0,1,18944,1,10323701554
5437,115515631619,14256762,115529888381,7,0,0,349184,7,398880237
5438,115515671745,430665,115516102410,6,0,1,69632,6,9504414407
5439,115515695734,206026,115515901760,1,0,1,18432,1,9182467660
5440,115515819876,14279015,115530098891,4,0,1,34304,4,2269511843
5441,115516184002,14484949,115530668951,6,0,0,218112,6,3880160206
5442,115516202645,344263,115516546908,1,0,1,254464,1,5666520985
5443,115516310403,274098,115516584501,0,0,0,480768,0,5868319078
5444,115516311805,303417,115516615222,7,0,0,82944,7,37370905
5445,115516342808,14678452,115531021260,1,0,1,47616,1,9749731288
5446,115516369927,14688106,115531058033,2,0,1,60928,2,2005485006
5447,115516486574,14532294,115531018868,6,0,1,10752,6,6947345800
5448,115516509150,14417137,115530926287,6,0,0,264704,6,4722600016
5449,115516511318,14375906,115530887224,8,0,0,4608,8,8469039035
5450,115516529783,14371024,115530900807,8,0,1,79872,8,6390674631
5451,115516730089,14041762,115530771851,1,0,1,38912,1,3901440454
5452,115516868752,13740094,115530608846,8,0,0,61952,8,8192044043
5453,115517075599,13621236,115530696835,3,0,0,93696,3,9809556948
5454,115517366451,299066,115517665517,1,0,1,11264,1,1489494567
5455,115517386470,335443,115517721913,1,0,1,21504,1,1016994762
5456,115517530314,13922071,115531452385,8,0,0,7680,8,3226572938
5457,115517531299,13886003,115531417302,4,0,1,87040,4,6168685041
5458,115517541441,13071480,115530612921,3,0,0,1314304,3,2289624620
5459,115517650727,300674,115517951401,1,0,1,197632,1,5319426796
5460,115518024489,12945281,115530969770,6,0,0,385536,6,9049819568
5461,115518138222,12927733,115531065955,8,0,0,12800,8,1389815828
5462,115518179069,12913403,115531092472,0,0,0,48640,0,6547310707
5463,115518227428,12839651,115531067079,0,0,1,84480,0,1784022031
5464,115518258651,278880,115518537531,3,0,0,256000,3,4425167507
5465,115518347638,302251,115518649889,1,0,1,4608,1,9897953811
5466,115518481697,576189,115519057886,4,0,1,125952,4,5260019302
5467,115518526818,13650861,115532177679,8,0,1,168448,8,8347191840
5468,115518591240,13522764,115532114004,9,0,1,77824,9,7052855118
5469,115518630562,13376932,115532007494,6,0,1,54784,6,6906855514
5470,115518671708,13380358,115532052066,8,0,1,67584,8,8363228601
5471,115518711327,13438118,115532149445,3,0,0,332800,3,2470708542
5472,115518740072,259805,115518999877,8,0,1,116736,8,4283268600
5473,115518850181,13272593,115532122774,3,0,0,363008,3,7410706759
5474,115518895657,13061022,115531956679,8,0,1,55296,8,5813319291
5475,115518925127,12863111,115531788238,8,0,1,45568,8,3316524647
5476,115519121273,12822590,115531943863,8,0,0,16896,8,3268997370
5477,115519172071,12256734,115531428805,7,0,0,177664,7,7295144762
5478,115519192678,12211692,115531404370,0,0,0,394240,0,3083251922
5479,115519276869,11947788,115531224657,6,0,0,272896,6,1293509336
5480,115519438547,365530,115519804077,6,0,0,1363456,6,2704738668
5481,115519542287,10735016,115530277303,7,0,0,284160,7,9382353312
5482,115519616892,257512,115519874404,1,0,1,275968,1,2346040872
5483,115519883052,10275119,115530158171,8,0,0,4096,8,8722359374
5484,115520024549,359463,115520384012,8,0,1,138752,8,8716361188
5485,115520399341,230112,115520629453,0,0,1,65024,0,6159869215
5486,115520409292,10399473,115530808765,4,0,1,53248,4,7655226714
5487,115520412195,10421479,115530833674,4,0,1,114688,4,7166518901
5488,115520502269,274246,115520776515,7,0,0,663040,7,7332131341
5489,115520595892,10327219,115530923111,6,0,0,437248,6,5642823614
5490,115520672972,10339858,115531012830,8,0,1,2048,8,9172198133
5491,115520722983,281431,115521004414,4,0,1,65536,4,6335426056
5492,115520731075,10004068,115530735143,6,0,0,973312,6,1276938638
5493,115520806239,9835411,115530641650,8,0,0,1536,8,6491458029
5494,115520895045,9385522,115530280567,3,0,0,1885184,3,4339434901
5495,115520966717,382067,115521348784,8,0,1,40960,8,10141785159
5496,115521068450,10006972,115531075422,3,0,0,290816,3,7206030135
5497,115521406649,657292,115522063941,7,0,0,473600,7,6061838212
5498,115521846111,9676214,115531522325,6,0,0,218112,6,9576808328
5499,115522033799,9572528,115531606327,6,0,1,103424,6,9382471285
5500,115522103593,9545841,115531649434,3,0,0,198144,3,9669641951
5501,115522281579,9573369,115531854948,0,0,1,36352,0,6752379142
5502,115522305121,9276854,115531581975,8,0,0,8192,8,4108933518
5503,115522348859,433178,115522782037,6,0,0,32256,6,1149887396
5504,115522492593,923593,115523416186,1,0,1,66560,1,3899116342
5505,115522523181,733493,115523256674,7,0,0,189440,7,1562258150
5506,115522618863,9306862,115531925725,2,0,1,8192,2,8173429578
5507,115522642120,9054025,115531696145,4,0,1,23040,4,4183879686
5508,115522730397,1057031,115523787428,7,0,0,193536,7,1063930004
5509,115523022459,9122265,115532144724,3,0,0,897024,3,6836116304
5510,115523784516,926856,115524711372,8,0,0,16896,8,4325672642
5511,115523809492,9255681,115533065173,2,0,1,3072,2,7252886533
5512,115523855795,9293836,115533149631,4,0,1,55296,4,6883236470
5513,115523905892,696618,115524602510,0,0,1,1024,0,9246530215
5514,115523911838,284407,115524196245,3,0,0,190464,3,4231025493
5515,115524450881,9693197,115534144078,4,0,1,57344,4,10225399989
5516,115524555753,9703218,115534258971,3,0,1,228352,3,9693541831
5517,115524585413,9365039,115533950452,8,0,0,17408,8,3795239624
5518,115524694202,266508,115524960710,4,0,1,29696,4,10383098331
5519,115524902547,9017341,115533919888,8,0,0,16896,8,4917892818
5520,115525644705,9087022,115534731727,6,0,1,32256,6,9814221027
5521,115525931826,581079,115526512905,0,0,0,335872,0,4199232834
5522,115525964630,9355213,115535319843,8,0,0,10752,8,580820564
5523,115525968370,9281035,115535249405,6,0,1,15872,6,357964293
5524,115526144656,442809,115526587465,1,0,1,14336,1,8638242839
5525,115526229443,574753,115526804196,4,0,1,61440,4,3715654622
5526,115526363485,686235,115527049720,1,0,1,15360,1,10613025127
5527,115526557861,504822,115527062683,2,0,1,22016,2,10636447155
5528,115526590600,622837,115527213437,8,0,1,4608,8,2234889539
5529,115526610858,10140406,115536751264,8,0,0,11776,8,6584320493
5530,115526675973,10080865,115536756838,1,0,1,101888,1,1308947162
5531,115526792216,649768,115527441984,3,0,0,395264,3,7141340141
5532,115526953202,9962695,115536915897,4,0,1,121856,4,9361393995
5533,115527136894,9607038,115536743932,0,0,0,2206720,0,7916118727
5534,115527163527,441167,115527604694,6,0,1,28672,6,1783389358
5535,115527237294,9476771,115536714065,1,0,1,88064,1,584519939
5536,115527327373,9275254,115536602627,3,0,0,213504,3,4190423148
5537,115527364503,9231527,115536596030,6,0,1,35328,6,3885462064
5538,115527373591,9128225,115536501816,6,0,1,19968,6,8251575832
5539,115527429998,9008180,115536438178,3,0,0,766976,3,8116344615
5540,115527568346,404730,115527973076,0,0,0,548864,0,1123707191
5541,115527608782,9074159,115536682941,7,0,1,20480,7,4724735584
5542,115527963882,8315008,115536278890,2,0,1,46080,2,7337688787
5543,115528214693,8268251,115536482944,6,0,0,183808,6,8409326164
5544,115528658464,7600065,115536258529,1,0,1,49664,1,4864564275
5545,115528774810,7288218,115536063028,8,0,0,2560,8,765186676
5546,115529005792,6380499,115535386291,7,0,1,25600,7,3054455190
5547,115529132315,6363358,115535495673,8,0,0,6144,8,9339476613
5548,115529299605,5724542,115535024147,6,0,0,699392,6,3605049759
5549,115529306766,293019,115529599785,2,0,1,56832,2,5058829673
5550,115529347708,5729189,115535076897,6,0,0,25088,6,9234643467
5551,115529686506,417039,115530103545,4,0,1,34816,4,476805532
5552,115529822813,349331,115530172144,7,0,0,379904,7,1713069452
5553,115529929428,390514,115530319942,2,0,1,162304,2,5946243275
5554,115530010956,550310,115530561266,2,0,1,310272,2,6300234337
5555,115530103074,330714,115530433788,3,0,1,3072,3,293862287
5556,115530197684,6376751,115536574435,7,0,1,17408,7,1691724617
5557,115530412312,6269384,115536681696,7,0,0,101888,7,920736432
5558,115530415080,474235,115530889315,8,0,0,11776,8,5721641815
5559,115530551512,338851,115530890363,7,0,0,754688,7,7447645360
5560,115530565336,6561116,115537126452,3,0,1,106496,3,3461579048
5561,115530883226,352016,115531235242,6,0,0,599040,6,10081411579
5562,115531032150,673828,115531705978,7,0,0,135168,7,264355939
5563,115531047426,469029,115531516455,3,0,0,102400,3,1517995194
5564,115531139186,330639,115531469825,4,0,1,107008,4,831757102
5565,115531206368,6682989,115537889357,6,0,0,38400,6,1753994052
5566,115531505776,6108744,115537614520,7,0,1,29696,7,8644437880
5567,115531693211,5555726,115537248937,0,0,0,266240,0,2886170289
5568,115531741021,5202087,115536943108,3,0,0,417280,3,994114734
5569,115531768719,257262,115532025981,3,0,0,412160,3,5026855678
5570,115532161741,629697,115532791438,4,0,1,70656,4,3826120406
5571,115532173641,5388624,115537562265,7,0,1,4096,7,3051187378
5572,115532308862,5371087,115537679949,7,0,0,87552,7,7267802080
5573,115532388395,465226,115532853621,8,0,0,65536,8,6019540086
5574,115532542145,5060332,115537602477,3,0,1,106496,3,10140676457
5575,115532573507,4508123,115537081630,7,0,1,13824,7,6443560931
5576,115532621992,4506123,115537128115,4,0,1,27136,4,239070955
5577,115532673031,820855,115533493886,0,0,0,594944,0,10401814582
5578,115532978013,298818,115533276831,6,0,0,156672,6,10730154645
5579,115533064874,741943,115533806817,4,0,1,142336,4,1304439985
5580,115533157480,453889,115533611369,0,0,0,467968,0,2863728768
5581,115533189901,434763,115533624664,0,0,0,157184,0,1922598204
5582,115533355110,4721813,115538076923,3,0,1,68096,3,9120715320
5583,115533360914,4719396,115538080310,0,0,0,57344,0,8719519021
5584,115533413195,4645412,115538058607,0,0,1,189440,0,5357998868
5585,115533547423,406933,115533954356,6,0,1,2560,6,3193557028
5586,115533629393,4695875,115538325268,4,0,1,37376,4,9141663444
5587,115533673078,816655,115534489733,6,0,1,3072,6,49255554
5588,115533690798,4637979,115538328777,0,0,0,121344,0,8589919317
5589,115533869451,4202662,115538072113,4,0,1,59392,4,312991061
5590,115533962506,579188,115534541694,7,0,1,61440,7,1690195781
5591,115534110570,4321465,115538432035,4,0,1,5632,4,3354760963
5592,115534175002,297852,115534472854,7,0,1,204800,7,2663386154
5593,115534281646,398688,115534680334,4,0,1,14336,4,5477297890
5594,115534298876,4498204,115538797080,2,0,1,5120,2,1702630520
5595,115534353356,3992243,115538345599,3,0,0,472576,3,1722694188
5596,115534672028,3929954,115538601982,4,0,1,28160,4,2610217229
5597,115534700326,341295,115535041621,4,0,1,10752,4,7029056060
5598,115534733644,3903149,115538636793,2,0,1,66048,2,3755142945
5599,115534914280,328416,115535242696,6,0,0,562176,6,2541086101
5600,115535027681,3661935,115538689616,4,0,1,284672,4,1260509756
5601,115535313839,3658180,115538972019,6,0,1,40448,6,8240853040
5602,115535419403,3703843,115539123246,7,0,1,135168,7,8761673102
5603,115535687684,3556366,115539244050,3,0,0,561664,3,5249323698
5604,115535816017,3275962,115539091979,7,0,1,70656,7,3826310501
5605,115535848761,448277,115536297038,7,0,0,76288,7,922820059
5606,115535852397,2803725,115538656122,6,0,1,18432,6,6580986535
5607,115536084717,608402,115536693119,2,0,1,15872,2,5565846806
5608,115536300851,2485641,115538786492,7,0,1,7168,7,4530897356
5609,115536311099,629960,115536941059,7,0,0,468480,7,7953778900
5610,115536393301,446118,115536839419,3,0,0,131584,3,1857718461
5611,115536394704,878155,115537272859,6,0,0,93184,6,10133506364
5612,115536478588,2173242,115538651830,0,0,0,388096,0,5117421032
5613,115536508141,2012176,115538520317,7,0,0,196096,7,7911447242
5614,115536545933,626255,115537172188,7,0,0,226816,7,2931297496
5615,115536552782,1687389,115538240171,3,0,0,982528,3,3745225809
5616,115536665532,1650879,115538316411,2,0,1,50176,2,815487358
5617,115536700021,1685771,115538385792,6,0,0,197120,6,4049013368
5618,115536733621,918611,115537652232,6,0,1,4608,6,5314352719
5619,115536779744,773664,115537553408,4,0,1,27136,4,1221822303
5620,115536797548,373854,115537171402,0,0,0,1233408,0,8848849609
5621,115536813402,1830085,115538643487,7,0,0,477184,7,2355343061
5622,115536982760,1878800,115538861560,7,0,1,316416,7,2202610300
5623,115537127428,1941485,115539068913,4,0,1,23040,4,4539746243
5624,115537262244,403596,115537665840,4,0,1,23552,4,5073649813
5625,115537288997,2348406,115539637403,4,0,1,4096,4,2746744950
5626,115537294977,2280023,115539575000,8,0,0,4096,8,10244699046
5627,115537459002,3001667,115540460669,4,0,1,169984,4,2718210182
5628,115537600993,549835,115538150828,6,0,0,409600,6,3603524961
5629,115537861327,289027,115538150354,3,0,1,8192,3,4573562598
5630,115538067902,727510,115538795412,7,0,0,357888,7,1898360475
5631,115538130418,1432056,115539562474,3,0,0,300544,3,7785604360
5632,115538362907,1196589,115539559496,4,0,1,28160,4,2538082697
5633,115538972297,1225107,115540197404,6,0,0,616448,6,8016996208
5634,115539177186,1875998,115541053184,5,0,1,1217536,5,6372058975
5635,115539384284,4759643,115544143927,6,0,1,154112,6,9572783414
5636,115539424865,4278079,115543702944,2,0,1,8192,2,24646555
5637,115539534807,1652637,115541187444,3,0,0,76288,3,8259405415
5638,115539640752,1685797,115541326549,5,0,1,748544,5,4740692021
5639,115539644849,4114869,115543759718,7,0,1,107008,7,7971756086
5640,115539697036,1008419,115540705455,5,0,1,1288704,5,5307699559
5641,115539769645,1434489,115541204134,4,0,1,1024,4,9016148022
5642,115539801652,3936382,115543738034,3,0,0,861184,3,5899980739
5643,115539921365,1298026,115541219391,3,0,0,113152,3,6407663697
5644,115539968634,1511204,115541479838,3,0,1,158208,3,2493896795
5645,115540002481,3917274,115543919755,7,0,1,219648,7,1982003688
5646,115540371112,1453297,115541824409,7,0,0,1831936,7,2705593827
5647,115540398612,3422991,115543821603,0,0,0,131584,0,7657790946
5648,115540536206,1114001,115541650207,4,0,1,96256,4,9042260811
5649,115540569784,2932687,115543502471,5,0,1,676352,5,6563702612
5650,115540720037,521439,115541241476,4,0,1,45056,4,9548502657
5651,115540739779,1568981,115542308760,8,0,0,46080,8,3761132841
5652,115540757307,513607,115541270914,7,0,0,902656,7,9597516460
5653,115540761665,1063072,115541824737,3,0,1,33280,3,577196356
5654,115540920845,433252,115541354097,7,0,1,58368,7,2072510057
5655,115541020519,1561502,115542582021,7,0,1,36864,7,449525474
5656,115541038874,1724871,115542763745,3,0,1,46080,3,5980979428
5657,115541177988,543370,115541721358,6,0,1,86528,6,6146784470
5658,115541188462,3227353,115544415815,3,0,0,460800,3,8859881435
5659,115541285605,3152471,115544438076,7,0,0,62464,7,2898688833
5660,115541353474,545655,115541899129,4,0,1,219648,4,8454183476
5661,115541638030,399673,115542037703,6,0,1,121856,6,9548647507
5662,115541683147,830995,115542514142,3,0,0,62976,3,8655066913
5663,115541872256,726249,115542598505,3,0,0,26112,3,1852555790
5664,115541973522,785643,115542759165,4,0,1,90112,4,9384064955
5665,115542101537,338286,115542439823,6,0,1,34816,6,4813334623
5666,115542207179,3501337,115545708516,6,0,0,269312,6,6246853117
5667,115542274881,3547399,115545822280,3,0,1,23040,3,9957974349
5668,115542381092,3219193,115545600285,4,0,1,206336,4,4383846889
5669,115542404406,3551773,115545956179,6,0,0,955392,6,163858403
5670,115542609103,462624,115543071727,7,0,0,878080,7,694026038
5671,115542613896,308640,115542922536,6,0,1,97280,6,5469375438
5672,115542709844,3354090,115546063934,8,0,1,28672,8,4706626653
5673,115542788096,3270082,115546058178,5,0,1,71680,5,2035284042
5674,115542800703,2903646,115545704349,8,0,1,18432,8,184190876
5675,115542988692,2724558,115545713250,6,0,1,18432,6,6993109886
5676,115543330152,2492617,115545822769,8,0,0,4608,8,7085683718
5677,115543519867,560114,115544079981,4,0,1,34304,4,9311192421
5678,115543881444,2758301,115546639745,8,0,0,7168,8,9090405391
5679,115543968334,2887895,115546856229,3,0,1,94720,3,9088228954
5680,115544019012,2169752,115546188764,7,0,0,649216,7,9575946726
5681,115544128447,1622992,115545751439,7,0,1,16384,7,3235995390
5682,115544427265,764938,115545192203,0,0,0,704512,0,2954753487
5683,115544502254,414514,115544916768,0,0,0,25088,0,10217050053
5684,115544548824,542505,115545091329,3,0,1,215040,3,9886799373
5685,115544551736,971837,115545523573,6,0,0,336384,6,10021000485
5686,115544700320,2059122,115546759442,7,0,0,1978880,7,7787813971
5687,115544814539,496381,115545310920,2,0,1,48640,2,4022435816
5688,115544935809,677538,115545613347,6,0,0,935424,6,714991762
5689,115545106286,598167,115545704453,5,0,1,382976,5,7983660878
5690,115545199804,875197,115546075001,7,0,1,24576,7,3051871059
5691,115545273373,1954921,115547228294,8,0,1,12288,8,7222782085
5692,115545420072,1881776,115547301848,3,0,1,193536,3,7948814618
5693,115545460033,1983795,115547443828,6,0,1,28672,6,6768651627
5694,115545529606,803981,115546333587,7,0,0,52736,7,6577527521
5695,115545586583,306783,115545893366,6,0,0,486400,6,5163869408
5696,115545620939,502349,115546123288,6,0,1,90112,6,9264424226
5697,115545632871,692518,115546325389,3,0,1,20480,3,9282252106
5698,115545871638,372063,115546243701,7,0,1,69632,7,6117768544
5699,115545902942,670800,115546573742,7,0,0,566784,7,2089659726
5700,115546325411,493803,115546819214,4,0,1,73728,4,8860719364
5701,115546374307,521495,115546895802,3,0,1,17920,3,6513956834
5702,115546430708,1247093,115547677801,5,0,1,411136,5,7609063092
5703,115546490858,3040017,115549530875,8,0,1,58368,8,10136283851
5704,115546497758,430443,115546928201,6,0,1,155136,6,10071642350
5705,115546551108,1434987,115547986095,7,0,1,72704,7,4711514132
5706,115546819160,721626,115547540786,6,0,1,3072,6,7736950713
5707,115546853771,558783,115547412554,3,0,1,30720,3,5658030914
5708,115547031019,842217,115547873236,4,0,1,216064,4,2291821531
5709,115547303968,589674,115547893642,8,0,0,20480,8,3419899146
5710,115547355997,548402,115547904399,6,0,1,35328,6,3335110092
5711,115547365488,210717,115547576205,7,0,0,25088,7,687804948
5712,115547372585,3688057,115551060642,4,0,1,55296,4,2028656352
5713,115547505133,3127625,115550632758,3,0,1,122880,3,516081980
5714,115547653278,1170966,115548824244,6,0,0,430592,6,669203348
5715,115547654382,717276,115548371658,5,0,1,518656,5,10731150849
5716,115547751116,3413785,115551164901,7,0,1,127488,7,8001184371
5717,115547795486,771669,115548567155,3,0,1,75264,3,8110912469
5718,115547894379,3398556,115551292935,0,0,0,95232,0,10229401419
5719,115547977974,1997541,115549975515,3,0,1,134144,3,1173395886
5720,115548148206,1936032,115550084238,8,0,0,10752,8,10400531158
5721,115548219373,1785701,115550005074,3,0,1,250368,3,2769130295
5722,115548301530,1583985,115549885515,0,0,0,312320,0,2088492042
5723,115548336762,1345609,115549682371,6,0,1,8192,6,6422003616
5724,115548529810,852363,115549382173,5,0,1,330752,5,711851362
5725,115548572132,1334105,115549906237,3,0,0,1138688,3,5760099383
5726,115548771566,197234,115548968800,8,0,1,9728,8,5845129807
5727,115548946647,1512877,115550459524,8,0,0,18432,8,3633982241
5728,115549013248,1141793,115550155041,8,0,0,11264,8,10632509350
5729,115549211810,1092789,115550304599,8,0,0,3584,8,3173372507
5730,115549380645,896493,115550277138,8,0,0,512,8,9916679671
5731,115549599645,728004,115550327649,6,0,1,20480,6,10579311082
5732,115549981094,269464,115550250558,6,0,1,76800,6,8662154854
5733,115550020724,535763,115550556487,7,0,0,433152,7,6493347862
5734,115550384136,265823,115550649959,4,0,1,44544,4,5067267529
5735,115550419530,314245,115550733775,5,0,1,1246208,5,8459013107
5736,115550485926,1286604,115551772530,6,0,0,508416,6,8018951641
5737,115550550047,1172166,115551722213,0,0,1,52736,0,5556948
5738,115550559319,960596,115551519915,7,0,1,116224,7,7454511392
5739,115550688699,1093768,115551782467,3,0,1,161280,3,4756993975
5740,115550772704,1258571,115552031275,4,0,1,36352,4,7097865908
5741,115550910190,907719,115551817909,6,0,0,1030656,6,6677275471
5742,115551069491,748453,115551817944,6,0,0,324096,6,9037001751
5743,115551092861,725094,115551817955,8,0,0,11264,8,6451541246
5744,115551105621,785374,115551890995,0,0,0,313344,0,5563351209
5745,115551148710,743361,115551892071,8,0,0,13312,8,957185086
5746,115551268901,217624,115551486525,5,0,1,460800,5,3127614698
5747,115551275977,38102,115551314079,8,0,1,55296,8,4484572820
5748,115551632398,1032398,115552664796,8,0,1,53248,8,1739906844
5749,115551691959,692212,115552384171,3,0,1,268288,3,10596401737
5750,115551698558,1212178,115552910736,7,0,0,61952,7,2722436745
5751,115551747119,503746,115552250865,6,0,1,20992,6,8924173842
5752,115551884801,777755,115552662556,8,0,0,24064,8,7638055402
5753,115552014721,928445,115552943166,6,0,1,38400,6,5745499690
5754,115552110944,562854,115552673798,7,0,0,1133568,7,9491636367
5755,115552121011,678465,115552799476,5,0,1,38912,5,1478345513
5756,115552135556,698820,115552834376,0,0,1,50688,0,2319726460
5757,115552224755,209144,115552433899,4,0,1,10240,4,3903638777
5758,115552264835,165595,115552430430,7,0,1,119296,7,1872376592
5759,115552475917,365689,115552841606,4,0,1,7168,4,8587975234
5760,115552534071,455122,115552989193,8,0,1,41984,8,4163803954
5761,115552548912,821144,115553370056,6,0,1,84480,6,722215806
5762,115552601606,455956,115553057562,8,0,0,1536,8,4643164411
5763,115552608486,489870,115553098356,7,0,1,140800,7,2287569258
5764,115552650442,904835,115553555277,8,0,0,16896,8,10584444825
5765,115552801723,428785,115553230508,3,0,1,268800,3,897191172
5766,115552823748,570407,115553394155,4,0,1,8704,4,6098138011
5767,115552858397,485067,115553343464,2,0,1,175616,2,7097110031
5768,115552899250,724138,115553623388,7,0,1,39936,7,4835010086
5769,115553331768,440470,115553772238,0,0,0,628736,0,10657811517
5770,115553611599,542850,115554154449,6,0,0,883712,6,9764726663
5771,115553755142,382950,115554138092,6,0,0,1706496,6,3981297498
5772,115553814047,393203,115554207250,3,0,0,60416,3,10036538540
5773,115553837886,565237,115554403123,0,0,0,55296,0,8914093764
5774,115553855335,750726,115554606061,5,0,1,229888,5,1640311809
5775,115553883743,505656,115554389399,6,0,0,690176,6,6572207349
5776,115554013634,908524,115554922158,8,0,1,27136,8,8977035918
5777,115554112670,1181973,115555294643,3,0,1,16896,3,2020467959
5778,115554190012,1142425,115555332437,5,0,1,861184,5,4588032511
5779,115554224947,1130288,115555355235,3,0,0,571904,3,4157072270
5780,115554292984,1531078,115555824062,2,0,1,163328,2,4382086057
5781,115554303004,487959,115554790963,8,0,0,1024,8,2861454599
5782,115554323906,1587636,115555911542,4,0,1,3584,4,9968419154
5783,115554408215,1007208,115555415423,8,0,1,67584,8,5545650659
5784,115554652191,686294,115555338485,8,0,0,18944,8,3041544021
5785,115554799155,1613574,115556412729,0,0,1,94208,0,6078091526
5786,115554895051,1535528,115556430579,6,0,0,620544,6,8225934054
5787,115555015691,1186352,115556202043,7,0,1,2048,7,3596484672
5788,115555152216,627148,115555779364,7,0,1,105472,7,8574593239
5789,115555318585,1145434,115556464019,3,0,1,114688,3,2853188361
5790,115555453245,593244,115556046489,8,0,0,20480,8,9838353391
5791,115555757055,372025,115556129080,7,0,1,51712,7,8735987482
5792,115555804224,503930,115556308154,8,0,1,48640,8,6536792190
5793,115555861819,582081,115556443900,0,0,1,38400,0,4033213413
5794,115556147969,381890,115556529859,8,0,1,64000,8,5336798673
5795,115556182843,310228,115556493071,4,0,1,71168,4,8593910734
5796,115556232033,181362,115556413395,0,0,0,503808,0,3117857978
5797,115556253565,168688,115556422253,4,0,1,69632,4,9849567931
5798,115556414396,517327,115556931723,8,0,1,20992,8,8780751997
5799,115556423673,292396,115556716069,6,0,0,210432,6,3093183395
5800,115556442965,503337,115556946302,8,0,0,23552,8,7084599912
5801,115556519189,336275,115556855464,7,0,1,18944,7,2229063650
5802,115556634930,33499,115556668429,2,0,1,53248,2,3996100554
5803,115556872008,290359,115557162367,6,0,0,58368,6,7098771193
5804,115556904358,56165,115556960523,2,0,1,188416,2,756212323
5805,115556909986,276499,115557186485,6,0,0,66048,6,7329841217
5806,115557013426,286248,115557299674,7,0,0,451584,7,10187240025
5807,115557024678,243813,115557268491,8,0,1,100352,8,5285442093
5808,115557044886,429949,115557474835,8,0,1,30720,8,8545847547
5809,115557087944,658870,115557746814,3,0,0,134656,3,7125316851
5810,115557114892,606740,115557721632,6,0,0,857600,6,3393222783
5811,115557156824,415212,115557572036,3,0,0,1168896,3,2842377644
5812,115557379810,1015444,115558395254,8,0,1,25600,8,1246342461
5813,115557558635,521625,115558080260,2,0,1,165376,2,552362353
5814,115557651939,514367,115558166306,3,0,1,101888,3,6076254923
5815,115557688242,673154,115558361396,7,0,1,122368,7,8914167073
5816,115557700648,851345,115558551993,6,0,0,124928,6,2393742001
5817,115558181546,62412,115558243958,2,0,1,5120,2,6491011587
5818,115558230086,336025,115558566111,3,0,1,67072,3,3262810049
5819,115558306304,329402,115558635706,4,0,1,10752,4,7992122888
5820,115558410524,170657,115558581181,4,0,1,4608,4,6720459332
5821,115558453170,313526,115558766696,6,0,0,101376,6,1943423387
5822,115558479773,140224,115558619997,2,0,1,512,2,2162654793
5823,115558584157,74346,115558658503,0,0,0,121344,0,5931598778
5824,115558615084,291532,115558906616,3,0,1,47104,3,6300698658
5825,115558662713,429211,115559091924,4,0,1,267776,4,8230406522
5826,115558863870,212222,115559076092,0,0,1,27136,0,6096372804
5827,115558880961,311837,115559192798,7,0,1,4096,7,8832928789
5828,115559440154,77315,115559517469,2,0,1,512,2,10166660961
5829,115559566059,60064,115559626123,0,0,1,8192,0,6734343027
5830,115559643052,112732,115559755784,3,0,1,70144,3,4812244412
5831,115559717179,124971,115559842150,0,0,0,203264,0,264144384
5832,115559737679,363220,115560100899,2,0,1,203264,2,4472184086
5833,115559891762,158767,115560050529,4,0,1,103424,4,472915330
5834,115559922063,187906,115560109969,4,0,1,29696,4,5823553509
5835,115559942143,282313,115560224456,7,0,0,175616,7,3539372646
5836,115560212098,152762,115560364860,2,0,1,48128,2,8344286827
5837,115560235480,160415,115560395895,3,0,0,247296,3,4522532335
5838,115560279209,303788,115560582997,0,0,0,172032,0,8130626623
5839,115560315130,335982,115560651112,8,0,1,146944,8,4813659294
5840,115560420545,236194,115560656739,1,0,1,18432,1,2413035508
5841,115560486818,232587,115560719405,2,0,1,27648,2,3140158459
5842,115560503584,284367,115560787951,0,0,0,1121792,0,1739229832
5843,115560548791,455142,115561003933,8,0,1,56832,8,2107317211
5844,115560578989,516250,115561095239,0,0,1,24576,0,2105098574
5845,115560581248,596439,115561177687,5,0,1,3584,5,3593860229
5846,115560707188,321689,115561028877,0,0,1,6144,0,28935161
5847,115560880568,704782,115561585350,4,0,1,39424,4,4399730322
5848,115561002186,209086,115561211272,8,0,0,4608,8,4418175943
5849,115561169726,21912,115561191638,1,0,1,110080,1,2326369706
5850,115561202027,5322,115561207349,3,0,1,51712,3,2146141453
5851,115561246960,324881,115561571841,7,0,0,35840,7,7414393719
5852,115561274223,417708,115561691931,1,0,1,132608,1,4641774862
5853,115561353624,353626,115561707250,8,0,0,5632,8,2690346452
5854,115561405827,349849,115561755676,1,0,1,245760,1,7827667886
5855,115561509500,247903,115561757403,3,0,1,5632,3,231747735
5856,115561525477,234597,115561760074,8,0,1,8704,8,8550414127
5857,115561689079,326945,115562016024,6,0,0,418304,6,10438147514
5858,115561762349,311996,115562074345,3,0,1,18432,3,3620562053
5859,115561887432,315993,115562203425,8,0,1,87040,8,7006299768
5860,115562196956,421063,115562618019,5,0,1,413184,5,6833746464
5861,115562403439,219271,115562622710,3,0,1,15360,3,3311528754
5862,115562465075,194037,115562659112,6,0,0,314368,6,1641964102
5863,115562654948,353907,115563008855,5,0,1,289280,5,2218268614
5864,115562795120,327729,115563122849,3,0,0,531456,3,751640505
5865,115562800123,322982,115563123105,3,0,0,9216,3,6131911882
5866,115562823043,311711,115563134754,0,0,0,47616,0,3389341149
5867,115562879186,213212,115563092398,3,0,1,15360,3,256326128
5868,115562927648,198564,115563126212,8,0,0,20992,8,7525666384
5869,115562946482,168743,115563115225,8,0,0,6656,8,242851974
5870,115562977929,112650,115563090579,8,0,0,2560,8,1487777456
5871,115563075445,393827,115563469272,6,0,0,140800,6,9118680904
5872,115563334164,5967,115563340131,4,0,1,23040,4,7371040709
5873,115563339147,127217,115563466364,0,0,1,2560,0,6089396925
5874,115563341189,139119,115563480308,7,0,1,28160,7,4816019310
5875,115563374046,562,115563374608,8,0,0,14848,8,2978157535
5876,115563482692,170803,115563653495,8,0,0,512,8,4083344741
5877,115563689280,112264,115563801544,1,0,1,68608,1,409652809
5878,115563712075,84729,115563796804,5,0,1,900096,5,1267899501
5879,115563743115,264654,115564007769,7,0,0,138240,7,6187454040
5880,115563806770,7226,115563813996,7,0,0,428544,7,4885394454
5881,115564025174,954695,115564979869,9,0,1,10752,9,10121604120
5882,115564052007,644883,115564696890,1,0,1,61440,1,7111037818
5883,115564076620,710136,115564786756,5,0,1,382976,5,9866593074
5884,115564092713,649610,115564742323,1,0,1,43520,1,4841287930
5885,115564154629,434841,115564589470,1,0,1,57344,1,8502821261
5886,115564167102,688023,115564855125,4,0,1,166912,4,5710250075
5887,115564271859,775683,115565047542,0,0,0,7680,0,2054211246
5888,115564300835,835128,115565135963,4,0,1,62464,4,6053989805
5889,115564319764,605351,115564925115,3,0,1,38400,3,6189807546
5890,115564369417,598141,115564967558,7,0,0,422912,7,2394629527
5891,115564609838,451192,115565061030,1,0,1,61952,1,6241762457
5892,115564765001,446175,115565211176,3,0,0,1046016,3,7126055717
5893,115564825564,784469,115565610033,3,0,1,178688,3,2165870819
5894,115565089138,462918,115565552056,8,0,0,4096,8,8476601650
5895,115565089920,496349,115565586269,9,0,1,1024,9,5079811668
5896,115565097744,507788,115565605532,7,0,0,143872,7,10631476886
5897,115565176909,460324,115565637233,4,0,1,301056,4,2359115393
5898,115565199107,25700,115565224807,0,0,1,18432,0,7089198501
5899,115565634507,1514,115565636021,5,0,1,476160,5,5611154878
5900,115565691245,788494,115566479739,3,0,0,46592,3,8356717847
5901,115565818592,613924,115566432516,0,0,1,32768,0,1035469765
5902,115565840912,439834,115566280746,6,0,0,1536,6,2905551591
5903,115565886027,198580,115566084607,3,0,1,16384,3,3196161618
5904,115566051072,400033,115566451105,1,0,1,28672,1,9859041743
5905,115566082126,213929,115566296055,3,0,1,32768,3,8412719716
5906,115566082477,253754,115566336231,4,0,1,74240,4,6980557597
5907,115566084809,259340,115566344149,7,0,1,129024,7,3879755038
5908,115566257184,155233,115566412417,1,0,1,81920,1,6173840851
5909,115566263365,162545,115566425910,9,0,1,35840,9,10284003496
5910,115566264714,199474,115566464188,7,0,1,14848,7,10152628949
5911,115566300638,240872,115566541510,0,0,1,48640,0,2032284782
5912,115566310041,265106,115566575147,0,0,1,107008,0,7729635040
5913,115566465992,156453,115566622445,9,0,1,82432,9,497453351
5914,115566629175,200260,115566829435,5,0,1,196096,5,1557157213
5915,115566646441,191585,115566838026,7,0,1,28160,7,168483564
5916,115566973536,96575,115567070111,3,0,0,161280,3,10320045259
5917,115567086599,210387,115567296986,7,0,1,72192,7,4978109618
5918,115567117340,263135,115567380475,3,0,1,83456,3,9636069412
5919,115567158282,216448,115567374730,0,0,0,448000,0,7889797649
5920,115567215542,276329,115567491871,7,0,1,25088,7,2862524496
5921,115567242582,222063,115567464645,0,0,1,55296,0,7238315821
5922,115567250505,336773,115567587278,3,0,1,92672,3,7731477923
5923,115567280045,415077,115567695122,6,0,0,216576,6,6851290437
5924,115567383116,348401,115567731517,9,0,1,8704,9,1095641751
5925,115567403245,356934,115567760179,4,0,1,20992,4,9269585494
5926,115567470435,212759,115567683194,3,0,0,1346048,3,1732291933
5927,115567758959,831654,115568590613,0,0,0,875520,0,3483703401
5928,115567865589,423339,115568288928,4,0,1,12800,4,8501482797
5929,115567880614,446607,115568327221,3,0,0,652800,3,9906548479
5930,115567890097,825946,115568716043,3,0,0,293376,3,6736047856
5931,115567894883,400126,115568295009,7,0,0,297984,7,6045907439
5932,115568039797,494883,115568534680,8,0,1,10752,8,1659971368
5933,115568085757,642525,115568728282,4,0,1,14848,4,7227949142
5934,115568129491,583415,115568712906,7,0,1,24064,7,3521081692
5935,115568138287,919389,115569057676,8,0,1,55808,8,9407173472
5936,115568210596,980733,115569191329,9,0,1,41472,9,6862542048
5937,115568212324,630387,115568842711,7,0,0,130560,7,8263609411
5938,115568216577,1065720,115569282297,7,0,1,128000,7,8454365350
5939,115568271777,787493,115569059270,8,0,1,3584,8,9096407148
5940,115568357544,587426,115568944970,0,0,1,75776,0,3058671083
5941,115568563036,820620,115569383656,8,0,1,111616,8,5892869727
5942,115568563643,177833,115568741476,5,0,1,1164288,5,6819352644
5943,115569026741,450701,115569477442,8,0,1,24576,8,1942501381
5944,115569055187,486941,115569542128,8,0,1,12800,8,6341574929
5945,115569237705,1353086,115570590791,3,0,0,292864,3,4096799305
5946,115569292243,624529,115569916772,0,0,0,646144,0,5474794909
5947,115569328143,588672,115569916815,0,0,0,408064,0,3861268892
5948,115569375936,733307,115570109243,7,0,1,292352,7,6313289451
5949,115569584352,592695,115570177047,6,0,0,429056,6,3912603050
5950,115569621678,541853,115570163531,0,0,1,68608,0,9474884152
5951,115569698974,664061,115570363035,0,0,0,2308096,0,9218159234
5952,115569720060,739535,115570459595,4,0,1,49664,4,3674690849
5953,115569759087,1775188,115571534275,3,0,0,260608,3,2047212557
5954,115569788626,1796652,115571585278,6,0,0,1785856,6,1795896513
5955,115569845111,1365836,115571210947,8,0,1,47104,8,405607786
5956,115569848809,1285564,115571134373,7,0,0,202752,7,9776846559
5957,115569980969,2201081,115572182050,1,0,1,173568,1,3249888891
5958,115569985752,3211296,115573197048,8,0,1,38400,8,10105469009
5959,115570037290,4630289,115574667579,5,0,1,1340928,5,6282858017
5960,115570054917,4463137,115574518054,6,0,0,645120,6,1861203515
5961,115570185013,2190351,115572375364,5,0,1,1192448,5,2062561948
5962,115570527554,2174842,115572702396,1,0,1,113152,1,3586863822
5963,115570670042,4223841,115574893883,3,0,0,93696,3,9459487295
5964,115570828488,4939789,115575768277,5,0,1,125440,5,897137010
5965,115570841677,5959788,115576801465,8,0,1,91136,8,6301799857
5966,115570959118,4662746,115575621864,3,0,0,147456,3,331167540
5967,115571147784,2977759,115574125543,0,0,1,33280,0,8653088655
5968,115571185092,4115920,115575301012,7,0,0,95232,7,689752109
5969,115571270157,6550667,115577820824,5,0,1,2905088,5,2332278187
5970,115571380595,3075507,115574456102,0,0,1,177664,0,2627625565
5971,115571393026,3429851,115574822877,5,0,1,3471360,5,373374265
5972,115571492370,2743156,115574235526,5,0,1,33792,5,2332930444
5973,115571528173,5268442,115576796615,3,0,0,364544,3,4076508860
5974,115571529838,1024888,115572554726,9,0,1,26624,9,5582047880
5975,115571706169,2261151,115573967320,8,0,1,88576,8,8117023097
5976,115571773556,2535745,115574309301,8,0,0,16384,8,2006778487
5977,115571848130,1473792,115573321922,6,0,1,69120,6,8687213806
5978,115571851697,6793011,115578644708,3,0,0,103424,3,2987718078
5979,115572063454,2569036,115574632490,7,0,1,44544,7,10327211408
5980,115572344981,2416512,115574761493,3,0,0,74752,3,850376801
5981,115572447620,1027247,115573474867,6,0,0,182784,6,4213413671
5982,115572547220,7005816,115579553036,8,0,0,43520,8,745405615
5983,115573093767,1084210,115574177977,4,0,1,245760,4,4236371343
5984,115573164376,5155234,115578319610,9,0,1,7680,9,4906023009
5985,115573178791,3080140,115576258931,0,0,0,620032,0,7687428215
5986,115573187976,2096228,115575284204,0,0,1,34816,0,10231511040
5987,115573516369,2083854,115575600223,1,0,1,12800,1,9382873905
5988,115573546746,7147964,115580694710,0,0,1,12288,0,162979808
5989,115573570706,5288973,115578859679,9,0,1,27648,9,3573495076
5990,115573766848,2221257,115575988105,3,0,0,34304,3,7043177480
5991,115573805989,4242604,115578048593,5,0,1,343552,5,9649646386
5992,115573851730,1939531,115575791261,4,0,1,2048,4,9434383978
5993,115573873544,1482171,115575355715,0,0,1,267776,0,3739139983
5994,115573879356,7296775,115581176131,7,0,0,146432,7,10119897030
5995,115573914928,2825265,115576740193,1,0,1,257536,1,7148794950
5996,115573962240,6711168,115580673408,8,0,0,15872,8,2875151716
5997,115574015773,3188522,115577204295,6,0,0,52224,6,5792084734
5998,115574160953,1071032,115575231985,9,0,1,80896,9,784702291
5999,115574207327,6492858,115580700185,1,0,1,7680,1,151102077
6000,115574259376,818944,115575078320,7,0,1,112128,7,4229617455
6001,115574361586,1201830,115575563416,4,0,1,5632,4,10048726075
6002,115574410840,6306199,115580717039,9,0,1,69120,9,7775485448
6003,115574555934,3747588,115578303522,1,0,1,94720,1,1651821025
6004,115574580454,6134354,115580714808,8,0,0,5632,8,8672984586
6005,115574711545,5902913,115580614458,9,0,1,119296,9,8095461715
6006,115574718818,5859026,115580577844,6,0,0,95744,6,1568090286
6007,115574812539,5398127,115580210666,0,0,0,189440,0,1295666979
6008,115574851986,5364703,115580216689,7,0,0,392704,7,7477105888
6009,115574865111,4130913,115578996024,8,0,1,25088,8,8670302047
6010,115574912908,5389693,115580302601,8,0,1,116224,8,9721170631
6011,115574944093,3353474,115578297567,1,0,1,92672,1,2085804029
6012,115575247253,4958084,115580205337,1,0,1,79872,1,3118873990
6013,115575337742,2303417,115577641159,7,0,0,432128,7,4896876717
6014,115575373521,4414128,115579787649,6,0,0,53760,6,3671042172
6015,115575399815,1553996,115576953811,9,0,1,9728,9,5631133042
6016,115575437552,4359226,115579796778,7,0,0,23040,7,630720995
6017,115575475028,4278126,115579753154,8,0,0,16384,8,9900697245
6018,115575626032,975754,115576601786,7,0,1,6144,7,4323626799
6019,115575740785,4278401,115580019186,0,0,1,8704,0,4109360953
6020,115575755230,3714712,115579469942,8,0,1,14336,8,632547414
6021,115575869510,3641861,115579511371,5,0,1,40448,5,9827691279
6022,115575877548,1037377,115576914925,1,0,1,142336,1,212179322
6023,115575948877,3642880,115579591757,0,0,0,376832,0,1652232318
6024,115575965097,1522252,115577487349,6,0,0,456704,6,4127121900
6025,115576048735,611995,115576660730,8,0,0,3584,8,4236649549
6026,115576124517,3786945,115579911462,7,0,0,369152,7,8423673246
6027,115576231942,356355,115576588297,8,0,0,19968,8,9526809013
6028,115576274249,2010335,115578284584,0,0,0,1588736,0,8300422495
6029,115576276837,3479583,115579756420,1,0,1,22528,1,194056982
6030,115576380933,833283,115577214216,4,0,1,13312,4,1862783634
6031,115576405316,3491212,115579896528,7,0,0,1536,7,6680067528
6032,115576406515,1036124,115577442639,0,0,0,684544,0,5299735030
6033,115576647631,516743,115577164374,1,0,1,2560,1,6924802515
6034,115576684575,3439383,115580123958,1,0,1,103424,1,7667416034
6035,115576775018,3401918,115580176936,1,0,1,93184,1,6132516201
6036,115576955807,3081918,115580037725,7,0,0,765440,7,1105839908
6037,115576975253,483275,115577458528,6,0,0,557568,6,6827757768
6038,115577062000,946136,115578008136,8,0,1,82944,8,9453049535
6039,115577084271,3614068,115580698339,0,0,0,162304,0,6864525489
6040,115577318409,3532696,115580851105,9,0,1,26112,9,3973067969
6041,115577368814,544580,115577913394,0,0,1,138240,0,8517992129
6042,115577380417,1044630,115578425047,0,0,0,493056,0,6508791514
6043,115577838293,1561625,115579399918,1,0,1,17408,1,3226883712
6044,115577885471,1040552,115578926023,6,0,0,289280,6,1526105552
6045,115577906916,4125425,115582032341,7,0,0,151552,7,5619494276
6046,115577970952,1072627,115579043579,7,0,0,226304,7,10458160762
6047,115577974960,4039262,115582014222,6,0,0,538624,6,4782158646
6048,115577976324,757598,115578733922,1,0,1,13312,1,3494662536
6049,115577995546,4343784,115582339330,9,0,1,24064,9,8393620325
6050,115578270400,4213703,115582484103,8,0,0,19456,8,1497579673
6051,115578348844,675077,115579023921,7,0,0,324096,7,4876772965
6052,115578358704,4469372,115582828076,0,0,0,54784,0,3489023529
6053,115578360181,223871,115578584052,7,0,1,8192,7,2109529075
6054,115578386652,706711,115579093363,6,0,1,5120,6,10646658462
6055,115578539750,4220993,115582760743,8,0,1,119296,8,4124783806
6056,115578678311,683172,115579361483,5,0,1,1163776,5,3231181920
6057,115578772901,4575892,115583348793,4,0,1,77312,4,8267522750
6058,115578801247,496309,115579297556,4,0,1,20992,4,9912583178
6059,115578850733,4681977,115583532710,3,0,0,1280000,3,787071239
6060,115579060101,660543,115579720644,8,0,0,31744,8,9388549193
6061,115579198542,720060,115579918602,8,0,1,69632,8,6052910428
6062,115579209379,1190279,115580399658,4,0,1,32768,4,6487793933
6063,115579245183,4793940,115584039123,6,0,1,1536,6,868810717
6064,115579363936,4288905,115583652841,7,0,0,239104,7,1712173332
6065,115579442722,4280075,115583722797,8,0,0,14848,8,9767180973
6066,115579514561,4318123,115583832684,9,0,1,3072,9,1599729855
6067,115579727514,589499,115580317013,8,0,0,512,8,5329213159
6068,115579767103,4578324,115584345427,0,0,0,678912,0,1403708844
6069,115579897249,247988,115580145237,0,0,0,714240,0,4445201822
6070,115579932278,4295361,115584227639,6,0,0,354304,6,473491464
6071,115579959251,659748,115580618999,4,0,1,2560,4,8687144153
6072,115579996893,797262,115580794155,3,0,0,54272,3,233762149
6073,115580100222,623060,115580723282,6,0,0,372736,6,9460189069
6074,115580109313,413717,115580523030,6,0,0,68608,6,8443574809
6075,115580285545,4416652,115584702197,0,0,0,826880,0,8199186194
6076,115580437320,4418392,115584855712,4,0,1,27136,4,10065532167
6077,115580684906,343669,115581028575,4,0,1,1536,4,255831979
6078,115580828274,364106,115581192380,7,0,1,35840,7,6408256257
6079,115580887841,432767,115581320608,6,0,0,448512,6,9596615341
6080,115580984051,682981,115581667032,5,0,1,684544,5,5647492179
6081,115581007881,634840,115581642721,8,0,0,1536,8,727348705
6082,115581065503,664628,115581730131,8,0,0,20992,8,4071937145
6083,115581135265,646103,115581781368,6,0,1,80896,6,6846040211
6084,115581186978,4683207,115585870185,8,0,1,16384,8,2121354010
6085,115581189481,4492242,115585681723,0,0,0,841216,0,3041243628
6086,115581198724,4280336,115585479060,9,0,1,46592,9,4569847138
6087,115581257864,4213329,115585471193,0,0,0,270336,0,9971051661
6088,115581402864,3928883,115585331747,6,0,0,491520,6,8553779579
6089,115581627164,1437338,115583064502,0,0,0,453632,0,8528807842
6090,115581740021,4174843,115585914864,6,0,1,74240,6,8212923891
6091,115581777215,4319384,115586096599,7,0,0,594944,7,4446430421
6092,115581845391,366457,115582211848,1,0,1,123904,1,4188821387
6093,115581915631,1253901,115583169532,4,0,1,13312,4,5717494317
6094,115582045969,1786969,115583832938,4,0,1,49152,4,248144614
6095,115582313127,2028662,115584341789,4,0,1,4608,4,5973104275
6096,115582318554,1578163,115583896717,6,0,1,40960,6,2995071260
6097,115582329311,2146566,115584475877,7,0,0,953344,7,6642244101
6098,115582378039,1987606,115584365645,7,0,1,90112,7,4231059202
6099,115582439691,2466084,115584905775,6,0,0,323072,6,9165291521
6100,115582482340,1704269,115584186609,1,0,1,40448,1,8313943003
6101,115582517955,2475025,115584992980,8,0,1,3072,8,10125775398
6102,115582605129,1982589,115584587718,6,0,1,114688,6,10700479219
6103,115582637553,2300494,115584938047,5,0,1,72192,5,10249072921
6104,115582690208,1815754,115584505962,6,0,1,166912,6,4601060692
6105,115582700291,2608926,115585309217,7,0,1,88576,7,7828544351
6106,115582711396,1882407,115584593803,4,0,1,8704,4,3156091981
6107,115582751959,2062046,115584814005,3,0,0,989696,3,319276507
6108,115582827775,2677765,115585505540,3,0,0,1255424,3,2280426422
6109,115582898011,2173630,115585071641,7,0,0,176128,7,5676594694
6110,115582911367,2805288,115585716655,3,0,0,1269760,3,7287499563
6111,115582974307,2618466,115585592773,0,0,0,97792,0,5314697753
6112,115583008099,2909511,115585917610,6,0,0,516608,6,9566208781
6113,115583213625,3106959,115586320584,6,0,1,100352,6,920345099
6114,115583233355,2644997,115585878352,5,0,1,419328,5,3698984042
6115,115583338480,4132931,115587471411,6,0,0,49152,6,9781729179
6116,115583406515,4058176,115587464691,4,0,1,99840,4,2841584754
6117,115583479905,3492883,115586972788,0,0,1,30208,0,1558596413
6118,115583518931,9959351,115593478282,0,0,0,60928,0,4663522051
6119,115583553983,9894755,115593448738,6,0,0,755200,6,6455892587
6120,115583584058,2388701,115585972759,4,0,1,60928,4,5553523704
6121,115583595065,3923820,115587518885,6,0,0,70144,6,1401558997
6122,115583712383,1771265,115585483648,5,0,1,1507328,5,4763344963
6123,115583944471,2938346,115586882817,5,0,1,46080,5,6367245455
6124,115584045241,2336410,115586381651,4,0,1,64000,4,7899092072
6125,115584129097,1706661,115585835758,0,0,0,64512,0,2968667441
6126,115584354921,10251127,115594606048,8,0,0,16384,8,5964231381
6127,115584569929,1782806,115586352735,5,0,1,1982464,5,5634133697
6128,115584650977,3319386,115587970363,6,0,0,190976,6,3848681827
6129,115584676926,10283409,115594960335,6,0,0,548864,6,10711861101
6130,115584719196,1294957,115586014153,0,0,1,94208,0,4011421460
6131,115584759768,1481753,115586241521,5,0,1,858624,5,8007827809
6132,115584806354,4305588,115589111942,5,0,1,188416,5,5734785365
6133,115584875782,2686984,115587562766,3,0,0,605696,3,4929796364
6134,115585066744,1197210,115586263954,6,0,1,14336,6,4218400782
6135,115585107955,10425047,115595533002,3,0,0,716288,3,4342403896
6136,115585199162,9822770,115595021932,6,0,0,371200,6,10262839690
6137,115585219994,9702741,115594922735,8,0,0,7168,8,4030058304
6138,115585291261,9645130,115594936391,5,0,1,512,5,2801393500
6139,115585510478,997070,115586507548,6,0,1,79360,6,6186613072
6140,115585510881,599213,115586110094,5,0,1,1778688,5,6414487676
6141,115585602651,9803475,115595406126,7,0,1,55808,7,5757395944
6142,115585682365,502324,115586184689,6,0,1,81920,6,7365980567
6143,115585700796,9860386,115595561182,7,0,0,1513472,7,2675903142
6144,115585734501,9918682,115595653183,0,0,0,138752,0,3769198574
6145,115585854842,9860678,115595715520,0,0,1,44032,0,384964231
6146,115585934838,715746,115586650584,0,0,1,6144,0,2825152725
6147,115585940923,9983640,115595924563,5,0,1,227328,5,10022785442
6148,115585997904,608572,115586606476,5,0,1,2037760,5,3043937573
6149,115586132436,747919,115586880355,6,0,1,15360,6,5351690877
6150,115586171061,445821,115586616882,8,0,1,71680,8,3602056047
6151,115586189503,9910869,115596100372,5,0,1,301056,5,5760517125
6152,115586324312,9961982,115596286294,0,0,0,830976,0,10677741512
6153,115586343761,533518,115586877279,7,0,0,625152,7,1029820402
6154,115586393614,10064131,115596457745,5,0,1,1355264,5,6325253834
6155,115586398735,431253,115586829988,5,0,1,757248,5,1811772215
6156,115586454408,476219,115586930627,8,0,0,23552,8,7037114767
6157,115586503298,10585820,115597089118,0,0,1,4096,0,2364387748
6158,115586513557,10578790,115597092347,0,0,0,170496,0,4893523542
6159,115586583437,414034,115586997471,0,0,0,1015808,0,949549983
6160,115586604323,515624,115587119947,3,0,0,240640,3,768227529
6161,115587073325,422485,115587495810,7,0,1,70656,7,4029751528
6162,115587260790,542681,115587803471,0,0,0,368640,0,3326773274
6163,115587391442,336375,115587727817,6,0,1,19456,6,7529384439
6164,115587472803,402422,115587875225,3,0,0,372736,3,1870220384
6165,115587515750,519501,115588035251,6,0,1,41984,6,9259010241
6166,115587973946,418425,115588392371,5,0,1,544256,5,7354430041
6167,115588012421,535161,115588547582,0,0,1,62464,0,10000923091
6168,115588407432,419304,115588826736,0,0,0,1864704,0,788163669
6169,115588443630,11279677,115599723307,8,0,0,26112,8,1272702890
6170,115588552584,11266131,115599818715,7,0,1,20992,7,2553302634
6171,115588588366,502056,115589090422,4,0,1,65024,4,905355152
6172,115588644677,512404,115589157081,8,0,1,8192,8,7145256882
6173,115588896068,11461271,115600357339,7,0,0,462336,7,1554426168
6174,115588921599,11130901,115600052500,0,0,1,5632,0,3829780561
6175,115588932138,10974368,115599906506,0,0,0,580608,0,493565080
6176,115589106668,11253447,115600360115,6,0,1,29184,6,10673257285
6177,115589149986,11231838,115600381824,3,0,0,348160,3,4017704760
6178,115589183563,574376,115589757939,8,0,0,5632,8,4629248869
6179,115589287726,10732838,115600020564,3,0,0,65536,3,839532364
6180,115589513371,10512199,115600025570,6,0,1,162816,6,8968788936
6181,115589719526,10296334,115600015860,4,0,1,19456,4,3854436163
6182,115589948180,10475382,115600423562,3,0,0,938496,3,376857183
6183,115589956808,10513281,115600470089,0,0,0,367616,0,8337903929
6184,115590326400,230277,115590556677,0,0,0,76288,0,10639679693
6185,115590393732,10553928,115600947660,7,0,1,102912,7,5744215452
6186,115590605719,10630815,115601236534,6,0,1,56320,6,1702848263
6187,115590824945,10614489,115601439434,7,0,1,69632,7,2843275900
6188,115590835304,777315,115591612619,7,0,0,209408,7,7118595199
6189,115591193696,751250,115591944946,3,0,0,53248,3,7546262177
6190,115591287961,297155,115591585116,6,0,0,947200,6,9719887932
6191,115591455110,740872,115592195982,4,0,1,123392,4,6761205017
6192,115591503663,783298,115592286961,7,0,1,138752,7,671953550
6193,115591794348,283431,115592077779,0,0,1,83968,0,6675405375
6194,115591808350,10993678,115602802028,8,0,0,13824,8,3747108742
6195,115591912639,353304,115592265943,3,0,0,180224,3,6526287975
6196,115591954254,386332,115592340586,3,0,0,666624,3,7188462463
6197,115592078479,11018053,115603096532,0,0,1,58368,0,5497728990
6198,115592362796,1199557,115593562353,3,0,0,645120,3,8158599181
6199,115592462657,477168,115592939825,0,0,1,126464,0,8876039124
6200,115592573182,10892011,115603465193,6,0,1,153600,6,2733975180
6201,115592687004,467103,115593154107,3,0,0,1089024,3,588552835
6202,115592812061,595238,115593407299,0,0,0,394240,0,3540525681
6203,115593050861,11126726,115604177587,9,0,1,15360,9,2538490463
6204,115593130150,11025770,115604155920,4,0,1,44544,4,6602105133
6205,115593147760,11044412,115604192172,6,0,1,40448,6,6320548065
6206,115593232765,420058,115593652823,0,0,1,129536,0,6674298517
6207,115593406155,704983,115594111138,4,0,1,105984,4,1275975741
6208,115593436940,599888,115594036828,6,0,1,73216,6,5163410291
6209,115593444886,11437224,115604882110,0,0,1,17920,0,9431017335
6210,115593462236,11507066,115604969302,4,0,1,22528,4,1074978921
6211,115593522530,10994475,115604517005,6,0,1,50176,6,2915153875
6212,115593705907,10921554,115604627461,4,0,1,55808,4,6656683020
6213,115593759696,565337,115594325033,0,0,1,34816,0,4861450818
6214,115593934044,917469,115594851513,6,0,0,200192,6,8932613449
6215,115593956955,406158,115594363113,0,0,1,60416,0,1946694190
6216,115594063797,437115,115594500912,6,0,0,140288,6,2736932367
6217,115594134557,1381842,115595516399,0,0,0,1096704,0,7298905070
6218,115594257101,933495,115595190596,9,0,1,6656,9,8737752117
6219,115594817017,953542,115595770559,8,0,0,35328,8,10186313535
6220,115594987277,11765340,115606752617,0,0,0,82432,0,5685249986
6221,115595025965,11729153,115606755118,3,0,0,1287680,3,9570259646
6222,115595088641,1061054,115596149695,0,0,1,82944,0,299643501
6223,115595146926,11421116,115606568042,0,0,1,28672,0,8510144335
6224,115595424968,492574,115595917542,9,0,1,28160,9,1272982754
6225,115595438350,1429166,115596867516,7,0,1,62464,7,8166625683
6226,115595459302,11792812,115607252114,5,0,1,345088,5,6215549375
6227,115595616615,11574991,115607191606,7,0,0,236544,7,1860715712
6228,115595663477,11541425,115607204902,6,0,1,3584,6,7977859631
6229,115595767093,11454399,115607221492,8,0,0,3584,8,9167208504
6230,115595771470,348507,115596119977,5,0,1,195072,5,628009593
6231,115596163488,384317,115596547805,4,0,1,20992,4,4977614672
6232,115596226320,148491,115596374811,6,0,0,320512,6,4235276543
6233,115596366211,11180541,115607546752,0,0,1,42496,0,4779606967
6234,115596370849,11926357,115608297206,0,0,1,20992,0,6032578336
6235,115596377204,372091,115596749295,7,0,0,345600,7,8556470030
6236,115596576550,11667951,115608244501,9,0,1,271360,9,3847251924
6237,115596712540,1517268,115598229808,3,0,0,129536,3,4344418277
6238,115596793030,11661275,115608454305,3,0,0,977408,3,1696751094
6239,115596813592,11302894,115608116486,6,0,1,20480,6,2040580439
6240,115596839697,1338461,115598178158,7,0,1,39424,7,2100575067
6241,115596847829,872606,115597720435,7,0,0,634368,7,9202952004
6242,115597109984,1148912,115598258896,7,0,1,93696,7,5412020921
6243,115597125718,637709,115597763427,7,0,0,37376,7,6733689961
6244,115597155031,11297816,115608452847,6,0,0,237056,6,9644761822
6245,115597271473,10777438,115608048911,9,0,1,7680,9,4283866203
6246,115597321545,10735969,115608057514,4,0,1,73728,4,3916320470
6247,115597588659,11412560,115609001219,6,0,0,47616,6,3603549398
6248,115597729053,999049,115598728102,3,0,0,6144,3,5286526449
6249,115598046763,1509782,115599556545,7,0,1,180736,7,7558043590
6250,115598272394,1358421,115599630815,9,0,1,173056,9,3130546970
6251,115598332410,11572184,115609904594,0,0,0,989696,0,9557096182
6252,115598536180,1126774,115599662954,7,0,0,98304,7,5929021606
6253,115598552193,882558,115599434751,5,0,1,406528,5,10470447910
6254,115598586206,832145,115599418351,8,0,0,9216,8,7705363184
6255,115598755489,11785293,115610540782,7,0,0,137216,7,8749336730
6256,115598827229,497869,115599325098,6,0,1,32768,6,2541238536
6257,115598895226,425577,115599320803,9,0,1,12800,9,3692299716
6258,115598975949,11923794,115610899743,0,0,0,521728,0,2038790339
6259,115599039946,10977392,115610017338,6,0,0,228352,6,6720825977
6260,115599131019,10918662,115610049681,8,0,0,1024,8,3217355332
6261,115599197595,878097,115600075692,5,0,1,646656,5,785239164
6262,115599219219,542936,115599762155,6,0,1,136704,6,1183699167
6263,115599256119,624591,115599880710,9,0,1,161792,9,4860650660
6264,115599295773,581142,115599876915,5,0,1,685568,5,870573084
6265,115599854050,541123,115600395173,0,0,1,36352,0,4497618106
6266,115599912066,11816560,115611728626,8,0,0,28160,8,7109865775
6267,115600586932,1338316,115601925248,0,0,1,3584,0,2291854924
6268,115600677389,11280796,115611958185,9,0,1,22528,9,10665277200
6269,115600979292,11110547,115612089839,5,0,1,1634304,5,1557998462
6270,115600980219,954046,115601934265,0,0,1,7168,0,6444601923
6271,115601208060,518154,115601726214,4,0,1,163840,4,2857796429
6272,115601247339,804819,115602052158,6,0,0,28672,6,2993079017
6273,115601424315,381092,115601805407,7,0,1,20992,7,265594601
6274,115601548816,11589012,115613137828,0,0,1,2560,0,10327099768
6275,115601694214,442166,115602136380,9,0,1,66560,9,2125514515
6276,115601948025,11124561,115613072586,0,0,1,40960,0,7782925567
6277,115602044347,10980936,115613025283,3,0,0,516608,3,8774720116
6278,115602192029,546787,115602738816,6,0,0,54272,6,6033064239
6279,115602377020,654692,115603031712,5,0,1,1167872,5,5379978919
6280,115602417056,10680318,115613097374,7,0,1,43008,7,8385256670
6281,115602457746,10667117,115613124863,8,0,0,10240,8,1746611034
6282,115602536504,10393985,115612930489,2,0,1,26624,2,5574624459
6283,115603004845,714457,115603719302,0,0,0,750592,0,9963173383
6284,115603167402,1042658,115604210060,8,0,0,8704,8,9014167689
6285,115603220526,697054,115603917580,5,0,1,908288,5,1683218566
6286,115603449202,782141,115604231343,0,0,0,1535488,0,6248308110
6287,115603466313,983213,115604449526,7,0,1,5120,7,4309733041
6288,115603519101,10819341,115614338442,4,0,1,7680,4,5445439956
6289,115603610434,783012,115604393446,0,0,0,168960,0,7267811318
6290,115603775601,470470,115604246071,7,0,0,300544,7,9257853228
6291,115603920021,528858,115604448879,7,0,0,64000,7,9492599019
6292,115604020618,11091246,115615111864,8,0,0,512,8,9695449140
6293,115604057116,10869077,115614926193,7,0,0,652800,7,3077761517
6294,115604138218,436059,115604574277,8,0,1,42496,8,1093496953
6295,115604230021,10997545,115615227566,0,0,1,64000,0,8497281393
6296,115604291614,599652,115604891266,6,0,1,429568,6,4789435115
6297,115604417888,10651281,115615069169,7,0,0,598528,7,3449904888
6298,115604706437,10510898,115615217335,5,0,1,226816,5,4088342209
6299,115604737266,988510,115605725776,0,0,0,883712,0,3326487072
6300,115604759486,521589,115605281075,5,0,1,476160,5,7200715779
6301,115604942098,338287,115605280385,0,0,0,270848,0,5900092825
6302,115605152782,1026147,115606178929,9,0,1,98816,9,6563021051
6303,115605202398,10743861,115615946259,6,0,0,175616,6,3274968891
6304,115605223494,10540102,115615763596,4,0,1,9728,4,7041506107
6305,115605346234,10490087,115615836321,5,0,1,510976,5,7999382851
6306,115605390678,10371755,115615762433,7,0,1,79360,7,471486675
6307,115605517199,10353868,115615871067,7,0,1,59392,7,5145296747
6308,115605681873,465803,115606147676,6,0,0,451072,6,2397136922
6309,115605774515,10390755,115616165270,7,0,0,1089536,7,9492560123
6310,115605785741,10299693,115616085434,7,0,1,11776,7,1461583508
6311,115605916306,9531054,115615447360,3,0,0,974848,3,9885637736
6312,115606177421,8217300,115614394721,0,0,0,821760,0,1612747966
6313,115606200397,173482,115606373879,6,0,1,16384,6,251553230
6314,115606211190,7631485,115613842675,6,0,1,65536,6,8006845377
6315,115606245073,7499959,115613745032,7,0,1,78848,7,665560201
6316,115606274700,7234703,115613509403,7,0,1,61440,7,6007019808
6317,115606301194,429494,115606730688,6,0,1,162816,6,3021178580
6318,115606311237,7064857,115613376094,3,0,0,427008,3,4457905945
6319,115606446598,6902454,115613349052,6,0,1,10240,6,9869494052
6320,115606528772,1108593,115607637365,7,0,1,10752,7,3450240039
6321,115606581667,251064,115606832731,6,0,0,371712,6,7743499837
6322,115606635178,408608,115607043786,4,0,1,62976,4,1653705059
6323,115606666754,7304065,115613970819,4,0,1,30720,4,9858163850
6324,115606861317,7204469,115614065786,4,0,1,5632,4,106653744
6325,115607253380,7148890,115614402270,3,0,0,596992,3,1958519059
6326,115607296029,7041116,115614337145,9,0,1,123904,9,439644126
6327,115607372695,6940865,115614313560,7,0,1,27648,7,9403035210
6328,115607376463,7161354,115614537817,6,0,1,73216,6,7378794482
6329,115607619056,7051489,115614670545,9,0,1,73728,9,9733441050
6330,115607640277,7097336,115614737613,7,0,1,269312,7,7616811865
6331,115607939271,7004904,115614944175,0,0,0,19456,0,7737512192
6332,115607943947,6802915,115614746862,6,0,1,174080,6,9126328844
6333,115607944958,871144,115608816102,0,0,0,500736,0,5838473932
6334,115607957302,1402983,115609360285,3,0,0,51712,3,7675882127
6335,115608050065,6883462,115614933527,5,0,1,824832,5,1570031916
6336,115608348334,1812577,115610160911,8,0,0,2048,8,4878050967
6337,115608461822,975166,115609436988,6,0,1,2560,6,7454089566
6338,115608670457,541862,115609212319,7,0,0,882688,7,1429973429
6339,115608891896,961729,115609853625,7,0,0,403456,7,3961024984
6340,115608910266,7344112,115616254378,7,0,0,318464,7,8887860742
6341,115608916833,496239,115609413072,6,0,0,439808,6,4987705107
6342,115608964887,8019619,115616984506,7,0,1,31232,7,8028653607
6343,115608983936,902258,115609886194,8,0,0,2048,8,9580158849
6344,115608997913,1384396,115610382309,6,0,0,51200,6,3800623161
6345,115609131098,1054906,115610186004,7,0,1,173056,7,1580926580
6346,115609405505,1322485,115610727990,4,0,1,64512,4,8980348942
6347,115609424845,8473009,115617897854,6,0,1,2048,6,9479620128
6348,115609862611,1405137,115611267748,3,0,0,213504,3,3234645459
6349,115609952960,8834565,115618787525,8,0,0,1024,8,2659250334
6350,115609993318,1026941,115611020259,7,0,1,15360,7,9014880253
6351,115610093791,637942,115610731733,3,0,0,78848,3,8895718851
6352,115610172736,8901707,115619074443,6,0,1,131584,6,735210328
6353,115610374558,518197,115610892755,3,0,0,1024,3,9293432795
6354,115610702013,895573,115611597586,6,0,0,100864,6,9037367469
6355,115610720291,399491,115611119782,6,0,0,514048,6,2457880754
6356,115610753026,899479,115611652505,3,0,0,286720,3,6911583801
6357,115610849978,689686,115611539664,0,0,0,22528,0,1540642174
6358,115611015471,9330153,115620345624,7,0,0,2501632,7,5497457433
6359,115611042718,1961394,115613004112,7,0,1,681984,7,665864457
6360,115611104631,1777987,115612882618,6,0,1,30208,6,3514160473
6361,115611283389,9291722,115620575111,0,0,0,1568256,0,6496525900
6362,115611336147,1209253,115612545400,7,0,1,233984,7,5924604080
6363,115611635122,1396698,115613031820,0,0,0,452608,0,5256899922
6364,115611792562,1365493,115613158055,3,0,0,304640,3,6423763601
6365,115611852016,751854,115612603870,8,0,0,3072,8,8489324526
6366,115611889196,1413533,115613302729,6,0,1,29696,6,1037848305
6367,115611909195,1111853,115613021048,0,0,0,273920,0,1881777563
6368,115612111868,9644796,115621756664,7,0,1,144384,7,3464792320
6369,115612342635,9632463,115621975098,1,0,1,66048,1,7732592462
6370,115612701609,9241442,115621943051,7,0,0,303616,7,3136336747
6371,115612886132,817606,115613703738,6,0,0,958464,6,4078008725
6372,115612983319,545120,115613528439,5,0,1,1035264,5,7144313294
6373,115613028704,9057090,115622085794,3,0,0,487936,3,10682668198
6374,115613058854,9011928,115622070782,0,0,0,487424,0,2236086307
6375,115613131676,649047,115613780723,6,0,1,54784,6,7532555094
6376,115613147759,9130631,115622278390,6,0,1,97280,6,6035595397
6377,115613168452,9307559,115622476011,7,0,1,160256,7,539529270
6378,115613382552,9241762,115622624314,7,0,1,228864,7,8468999800
6379,115613562656,9240254,115622802910,8,0,0,46080,8,9808300897
6380,115613720003,8460692,115622180695,3,0,0,99328,3,6739369295
6381,115613740646,8371009,115622111655,5,0,1,452096,5,1919064984
6382,115613774425,8259917,115622034342,2,0,0,242688,2,5975717552
6383,115613935859,7979816,115621915675,3,0,0,124416,3,31502709
6384,115614365544,7694443,115622059987,5,0,1,711168,5,4437046998
6385,115614380583,591796,115614972379,8,0,0,14848,8,1282791266
6386,115614455113,584388,115615039501,8,0,0,20992,8,9785360188
6387,115614483543,577033,115615060576,6,0,0,130048,6,6361958702
6388,115614762986,1103467,115615866453,1,0,1,27648,1,10403890102
6389,115614829815,1018376,115615848191,5,0,1,599040,5,9705538991
6390,115614976256,1880849,115616857105,9,0,1,4096,9,5336142380
6391,115615032237,1834386,115616866623,5,0,1,134656,5,7207178412
6392,115615230257,1963207,115617193464,5,0,1,1680384,5,425773514
6393,115615443984,946382,115616390366,5,0,1,40960,5,1830127167
6394,115615452995,9609408,115625062403,9,0,1,129024,9,3828768590
6395,115615767312,637957,115616405269,6,0,1,51712,6,6821997225
6396,115615912793,9797189,115625709982,2,0,1,63488,2,2753217689
6397,115615950639,459970,115616410609,7,0,0,258048,7,928967621
6398,115615960857,9709563,115625670420,2,0,1,55296,2,506335633
6399,115616066203,2672533,115618738736,7,0,1,487424,7,9709272609
6400,115616080883,1125217,115617206100,8,0,1,194048,8,9082127550
6401,115616120316,10596911,115626717227,3,0,0,17408,3,494502220
6402,115616250609,10953515,115627204124,7,0,0,632320,7,4903398691
6403,115616477890,10794653,115627272543,5,0,1,360960,5,3700614569
6404,115616579351,875101,115617454452,3,0,1,15872,3,8571262362
6405,115616701892,10808594,115627510486,7,0,0,538112,7,618425017
6406,115616799037,10751086,115627550123,9,0,1,88064,9,4165674088
6407,115617114069,10797502,115627911571,6,0,1,16896,6,2644678668
6408,115617265908,10721067,115627986975,7,0,0,1470976,7,2652527260
6409,115617271667,1473274,115618744941,6,0,0,492032,6,2734717338
6410,115617350901,1449571,115618800472,9,0,1,51712,9,2824914548
6411,115617647941,1173518,115618821459,7,0,1,394752,7,2979659457
6412,115617834012,431632,115618265644,6,0,0,384512,6,3877661955
6413,115617876234,897216,115618773450,5,0,1,28672,5,5356261308
6414,115617930851,767172,115618698023,0,0,0,44032,0,9472095380
6415,115618006462,11809537,115629815999,9,0,1,290816,9,10594070189
6416,115618054477,613881,115618668358,5,0,1,19456,5,8044228853
6417,115618206360,11872469,115630078829,5,0,1,839680,5,3214231921
6418,115618263362,2114249,115620377611,7,0,1,609792,7,2933717613
6419,115618264117,711054,115618975171,6,0,1,140800,6,396007393
6420,115618319090,775068,115619094158,7,0,0,12800,7,646466186
6421,115618390127,12252829,115630642956,9,0,1,30208,9,8799226690
6422,115618407987,11749038,115630157025,7,0,0,97792,7,2065377740
6423,115618595126,1841098,115620436224,6,0,0,802816,6,7193817202
6424,115618684729,589229,115619273958,7,0,1,1870848,7,4712367957
6425,115619017181,11662548,115630679729,0,0,0,47616,0,1766359913
6426,115619307358,11608145,115630915503,5,0,1,89088,5,4328463844
6427,115619314762,11446722,115630761484,0,0,0,642048,0,6923724758
6428,115619592681,11002009,115630594690,3,0,0,142848,3,4643729877
6429,115619699341,10931845,115630631186,7,0,0,377344,7,1370247256
6430,115619763022,10946072,115630709094,3,0,0,21504,3,2702057390
6431,115619787468,9579939,115629367407,4,0,1,145920,4,7793037990
6432,115620099560,9424128,115629523688,9,0,1,13312,9,10232825842
6433,115620248912,9740822,115629989734,8,0,1,55296,8,10409144337
6434,115620406087,858181,115621264268,8,0,0,2560,8,4460544176
6435,115620842743,9828723,115630671466,7,0,0,151552,7,7546591434
6436,115620956812,1187879,115622144691,8,0,0,5632,8,2819126550
6437,115621079974,617590,115621697564,7,0,0,22528,7,8229450690
6438,115621283286,873674,115622156960,7,0,0,2131456,7,10046646611
6439,115621513849,9969204,115631483053,6,0,0,166912,6,49286545
6440,115621537278,870929,115622408207,3,0,0,223232,3,6243466197
6441,115621670652,10184176,115631854828,5,0,1,153088,5,5383119058
6442,115622014185,9769449,115631783634,6,0,0,614912,6,3315135385
6443,115622462501,9696416,115632158917,3,0,0,208384,3,9989575556
6444,115622479237,9312299,115631791536,5,0,1,1243648,5,1696546864
6445,115622590035,9257129,115631847164,0,0,0,235520,0,4756616156
6446,115622698287,9391374,115632089661,7,0,1,641024,7,2252807079
6447,115622903059,8982923,115631885982,8,0,0,4096,8,8693660937
6448,115622927173,583764,115623510937,3,0,0,521728,3,9499598340
6449,115622999033,597121,115623596154,6,0,0,1096704,6,1947913980
6450,115623023491,9056375,115632079866,5,0,1,161280,5,5110299393
6451,115623146701,8847974,115631994675,5,0,1,1159680,5,6234240671
6452,115623238772,657372,115623896144,8,0,0,31744,8,531946794
6453,115623540495,8909442,115632449937,5,0,1,229376,5,5052426676
6454,115623630800,8886557,115632517357,4,0,1,76288,4,8431182284
6455,115623719822,8245118,115631964940,0,0,0,87040,0,2965007079
6456,115623866392,262056,115624128448,4,0,1,124416,4,7865600800
6457,115623922318,499224,115624421542,9,0,1,1536,9,1328410488
6458,115624125511,7877786,115632003297,4,0,1,16384,4,9707844651
6459,115624223441,7768235,115631991676,3,0,0,202240,3,8270076659
6460,115624229571,7647831,115631877402,4,0,0,84480,4,1699122950
6461,115624241547,802766,115625044313,7,0,0,92160,7,4638278957
6462,115624297077,648905,115624945982,3,0,0,58368,3,5336007242
6463,115624317382,417856,115624735238,3,0,0,17408,3,9382158281
6464,115624536604,1300044,115625836648,9,0,1,140800,9,1880984877
6465,115624557707,9296920,115633854627,9,0,1,25600,9,9667397217
6466,115624603078,2010632,115626613710,6,0,0,79360,6,9056374217
6467,115624769325,9736272,115634505597,4,0,0,174080,4,4715516845
6468,115624793311,1953781,115626747092,9,0,1,3072,9,3612330134
6469,115624901887,1835951,115626737838,0,0,0,141312,0,1156115053
6470,115625246871,1808004,115627054875,4,0,0,57344,4,464271213
6471,115625467034,9818991,115635286025,5,0,1,676352,5,4017522930
6472,115625623245,1906421,115627529666,6,0,0,589312,6,7524500730
6473,115625628393,1816616,115627445009,0,0,0,1479168,0,1255440539
6474,115625661749,1492637,115627154386,7,0,1,747008,7,8215157149
6475,115625749221,1494613,115627243834,7,0,0,286208,7,7757371652
6476,115625926819,9485363,115635412182,6,0,0,400896,6,2094009687
6477,115625982528,1186611,115627169139,9,0,1,3072,9,8322749641
6478,115626030036,9270316,115635300352,4,0,0,735232,4,5606104969
6479,115626222775,1183692,115627406467,6,0,0,419840,6,4029892800
6480,115626237665,849295,115627086960,4,0,1,18432,4,5078101930
6481,115626456979,9260615,115635717594,6,0,0,90112,6,8009869655
6482,115626488406,8966281,115635454687,4,0,1,225792,4,10480858260
6483,115626499653,1023970,115627523623,0,0,0,956928,0,7796492404
6484,115626724747,1211706,115627936453,0,0,0,16896,0,4230049797
6485,115626819280,9275457,115636094737,6,0,0,128000,6,7535867227
6486,115627151114,957679,115628108793,6,0,0,21504,6,9739569585
6487,115627249644,789067,115628038711,4,0,0,22528,4,3419664219
6488,115627315538,492843,115627808381,3,0,0,69632,3,7493478476
6489,115627342616,581892,115627924508,4,0,0,33280,4,9815774566
6490,115627531249,9959878,115637491127,1,0,1,58880,1,392535781
6491,115627586604,9737208,115637323812,7,0,0,491520,7,7303553432
6492,115627745399,9303150,115637048549,5,0,1,247296,5,7332677608
6493,115627916235,8870194,115636786429,4,0,1,105984,4,6665347364
6494,115628018478,1677076,115629695554,7,0,0,672768,7,435959699
6495,115628194150,9107988,115637302138,4,0,0,36864,4,5856866115
6496,115628204444,9096023,115637300467,1,0,1,62464,1,10173160398
6497,115628273039,9040504,115637313543,6,0,0,59904,6,3402499225
6498,115628309865,9020210,115637330075,0,0,0,7680,0,232580127
6499,115628407172,8734525,115637141697,9,0,1,3584,9,7109127952
6500,115628820753,945813,115629766566,7,0,0,573440,7,8434821564
6501,115628910112,648370,115629558482,0,0,0,41984,0,7355022995
6502,115629239478,8644627,115637884105,5,0,1,2008576,5,2922583651
6503,115629280151,8512076,115637792227,5,0,1,121856,5,5236338886
6504,115629334259,8181126,115637515385,9,0,1,124416,9,6811139659
6505,115629450023,8169340,115637619363,1,0,1,512,1,9345249296
6506,115629452717,1138787,115630591504,9,0,1,51200,9,2325715467
6507,115629457248,862504,115630319752,9,0,1,16896,9,8432000844
6508,115629548246,8904369,115638452615,7,0,1,206848,7,7412507183
6509,115629583207,8886303,115638469510,4,0,1,142336,4,193048423
6510,115629588701,8869214,115638457915,7,0,0,778752,7,2777301244
6511,115629622680,865117,115630487797,6,0,0,44544,6,2869194955
6512,115629701499,1306407,115631007906,4,0,1,8704,4,5546315947
6513,115629957281,780947,115630738228,3,0,1,164352,3,846215694
6514,115629984824,10033039,115640017863,9,0,1,96768,9,5013225716
6515,115630072282,1668294,115631740576,9,0,1,40960,9,9869618438
6516,115630237727,715408,115630953135,3,0,0,250880,3,5589432412
6517,115630388511,988332,115631376843,6,0,0,557568,6,4073929733
6518,115630546195,534071,115631080266,5,0,1,684032,5,369970189
6519,115630554744,1480412,115632035156,0,0,0,2560,0,8357748479
6520,115630586740,10180124,115640766864,4,0,1,123392,4,9267404930
6521,115630851573,971828,115631823401,4,0,0,601088,4,8660080648
6522,115630926593,9954842,115640881435,9,0,1,13312,9,3696452605
6523,115630990913,732483,115631723396,5,0,1,306688,5,1850819387
6524,115631054551,1562617,115632617168,9,0,1,152576,9,5855848707
6525,115631187603,1461393,115632648996,4,0,0,487424,4,4987937980
6526,115631307537,491516,115631799053,3,0,1,25088,3,73612052
6527,115631320464,1296596,115632617060,6,0,0,367104,6,3129243306
6528,115631535520,2278994,115633814514,8,0,0,16384,8,8662739399
6529,115631602594,3724034,115635326628,4,0,0,497152,4,2759786053
6530,115631660472,3537190,115635197662,7,0,1,700928,7,1148966249
6531,115631713674,3446780,115635160454,4,0,1,36864,4,7336523415
6532,115632007382,3384694,115635392076,6,0,0,22528,6,54435508
6533,115632048381,3801018,115635849399,9,0,1,84992,9,7384208123
6534,115632129767,2903472,115635033239,6,0,0,81408,6,8248435700
6535,115632172356,2912313,115635084669,4,0,1,18432,4,8029633857
6536,115632449833,3016509,115635466342,5,0,1,190464,5,9566257938
6537,115632534950,14783414,115647318364,0,0,0,5632,0,3590764187
6538,115632765539,14558339,115647323878,4,0,1,59904,4,5202395567
6539,115632904176,2596532,115635500708,6,0,0,1362432,6,7497669822
6540,115632905786,14486176,115647391962,7,0,1,480256,7,6196377200
6541,115632949709,14154353,115647104062,3,0,0,124928,3,9062809165
6542,115633020113,14055842,115647075955,7,0,0,278016,7,10251051857
6543,115633206892,13989959,115647196851,7,0,1,81408,7,72308614
6544,115633521544,2812229,115636333773,3,0,0,898048,3,10362566202
6545,115633697736,2292363,115635990099,3,0,0,6656,3,6806986998
6546,115633806243,13969942,115647776185,4,0,0,337920,4,7135697030
6547,115633879492,3262217,115637141709,7,0,0,145920,7,6657869853
6548,115634277125,1794250,115636071375,0,0,0,3072,0,725905437
6549,115634382434,2695918,115637078352,7,0,0,1043456,7,5805962067
6550,115634419779,3067231,115637487010,8,0,0,8192,8,501720865
6551,115634599918,3008646,115637608564,0,0,0,5120,0,1048029497
6552,115634603546,2241116,115636844662,7,0,1,334336,7,8651130276
6553,115634638304,14316875,115648955179,5,0,1,1020416,5,6205372306
6554,115634707667,2368921,115637076588,1,0,1,70656,1,3512243195
6555,115634907947,1962397,115636870344,4,0,0,26112,4,1424048848
6556,115634911879,1915885,115636827764,3,0,0,8192,3,10175111867
6557,115634922476,1628743,115636551219,7,0,1,211456,7,4877878957
6558,115634964366,1792349,115636756715,7,0,0,226304,7,9928702348
6559,115635032723,14483119,115649515842,0,0,0,5632,0,5565468435
6560,115635153949,14307458,115649461407,7,0,1,681984,7,9460762218
6561,115635232482,1288646,115636521128,9,0,1,51712,9,493325459
6562,115635304122,14857561,115650161683,4,0,1,54784,4,99463801
6563,115635324395,14848686,115650173081,0,0,0,5632,0,7260611527
6564,115635326500,1690833,115637017333,5,0,1,233984,5,6634587095
6565,115635439982,2143393,115637583375,5,0,1,29184,5,76297928
6566,115635478235,2815829,115638294064,8,0,0,3072,8,3160095625
6567,115635560343,15338525,115650898868,1,0,1,12800,1,2680036968
6568,115635570833,15249177,115650820010,7,0,0,654848,7,4146973375
6569,115635648084,1203161,115636851245,7,0,0,180736,7,5223963606
6570,115635733378,14625562,115650358940,5,0,1,15360,5,3455599577
6571,115635792360,14591594,115650383954,1,0,1,37376,1,10533638374
6572,115635905950,13976574,115649882524,0,0,0,13824,0,6555515470
6573,115635940603,13958583,115649899186,6,0,0,157696,6,7679019542
6574,115636005550,13793976,115649799526,7,0,0,646656,7,10540191765
6575,115636323979,1115752,115637439731,5,0,1,633856,5,8420781585
6576,115636360492,362518,115636723010,9,0,1,63488,9,7952657146
6577,115636598809,867961,115637466770,5,0,1,4044288,5,10506772669
6578,115636631013,568381,115637199394,4,0,0,499200,4,9989235553
6579,115636675778,13868079,115650543857,7,0,0,290816,7,4249095656
6580,115636717368,618857,115637336225,9,0,1,83456,9,6560939064
6581,115636777299,13856481,115650633780,6,0,0,17408,6,4325967831
6582,115636793684,857384,115637651068,3,0,0,855552,3,6982117187
6583,115636874828,1135942,115638010770,6,0,0,2048,6,1794023117
6584,115636885812,436737,115637322549,8,0,0,3584,8,4992852750
6585,115636999358,14134853,115651134211,8,0,0,19968,8,4116011160
6586,115637015060,13919808,115650934868,0,0,0,5120,0,326010920
6587,115637105792,714141,115637819933,7,0,1,1050624,7,997294304
6588,115637139857,13995367,115651135224,5,0,1,631808,5,8508539850
6589,115637237593,13603220,115650840813,4,0,1,135680,4,441003241
6590,115637254946,13503162,115650758108,6,0,0,7168,6,6452627333
6591,115637363666,13101525,115650465191,4,0,1,209920,4,8221433669
6592,115637394029,497219,115637891248,4,0,0,346112,4,2793478512
6593,115637452933,2509501,115639962434,6,0,0,512,6,7201799288
6594,115637832038,2669945,115640501983,8,0,0,17920,8,3841083606
6595,115637908805,2017072,115639925877,7,0,0,188416,7,9399838881
6596,115637940029,1469071,115639409100,7,0,0,104448,7,7368584577
6597,115638116202,15658085,115653774287,7,0,1,258560,7,3541775631
6598,115638216284,15612571,115653828855,7,0,1,357376,7,2241522306
6599,115638266539,15542194,115653808733,7,0,1,506880,7,2150265619
6600,115638383134,15040830,115653423964,8,0,0,2048,8,10312611259
6601,115638450992,14864649,115653315641,7,0,1,1314816,7,982908123
6602,115638499371,14757203,115653256574,8,0,1,19968,8,5984327686
6603,115638540964,14736021,115653276985,0,0,0,1536,0,2388465349
6604,115638708905,14349428,115653058333,9,0,1,73216,9,1388807786
6605,115638731499,708121,115639439620,7,0,1,185344,7,7995690633
6606,115638774177,844827,115639619004,3,0,0,169984,3,1312329308
6607,115638843643,618050,115639461693,1,0,1,175616,1,4639570671
6608,115639020184,819552,115639839736,1,0,1,3072,1,6040347892
6609,115639027455,1239048,115640266503,4,0,0,733184,4,8382094466
6610,115639046329,984436,115640030765,9,0,1,41984,9,485937518
6611,115639233392,1096542,115640329934,7,0,0,995328,7,834552246
6612,115639544741,841226,115640385967,1,0,1,33280,1,9517468900
6613,115639662352,14822497,115654484849,5,0,1,167936,5,10274773639
6614,115639690510,14790298,115654480808,4,0,0,631296,4,10035750562
6615,115639758945,14613385,115654372330,0,0,0,3072,0,2270128051
6616,115639769685,14311527,115654081212,8,0,0,1024,8,741790129
6617,115639935194,14312741,115654247935,7,0,1,53248,7,4046235224
6618,115639996727,14360587,115654357314,6,0,0,2560,6,5201926292
6619,115640250540,14295776,115654546316,7,0,1,982016,7,8243938650
6620,115640276187,14007650,115654283837,4,0,0,210944,4,4890284303
6621,115640336687,13855756,115654192443,4,0,1,130048,4,10147627835
6622,115640516518,329994,115640846512,6,0,0,6144,6,8656678051
6623,115640561230,556883,115641118113,0,0,0,1536,0,4432647616
6624,115640698938,290858,115640989796,8,0,0,12800,8,7687941430
6625,115640709237,14155746,115654864983,1,0,1,130048,1,2665758178
6626,115640833208,374121,115641207329,5,0,1,687104,5,8999618568
6627,115640938579,653823,115641592402,3,0,0,401408,3,8708514763
6628,115640941247,14276395,115655217642,4,0,0,181248,4,188262105
6629,115640957421,430336,115641387757,3,0,0,186368,3,8619803814
6630,115641177599,14023707,115655201306,7,0,0,1615360,7,1421597284
6631,115641216873,14023651,115655240524,1,0,1,12800,1,2173110408
6632,115641275513,557611,115641833124,7,0,0,411136,7,10278506362
6633,115641335160,553528,115641888688,9,0,1,69120,9,96807205
6634,115641343438,595741,115641939179,7,0,1,2211328,7,2824122082
6635,115641494229,14278703,115655772932,3,0,0,724992,3,9091883441
6636,115641623292,14071150,115655694442,8,0,0,6656,8,6520418469
6637,115641741568,1051160,115642792728,9,0,1,53760,9,6421448418
6638,115641946490,482975,115642429465,0,0,0,25088,0,245561266
6639,115642204587,14293993,115656498580,4,0,0,48640,4,583396682
6640,115642503487,14192483,115656695970,4,0,0,403968,4,7832066523
6641,115642771459,14501169,115657272628,0,0,0,4608,0,1476072983
6642,115642976291,14431498,115657407789,4,0,0,425984,4,5511605760
6643,115643011083,14422780,115657433863,7,0,1,180224,7,8108452112
6644,115643090750,14315379,115657406129,6,0,0,2560,6,2723274022
6645,115643143230,14302903,115657446133,3,0,0,1162752,3,5639466139
6646,115643330340,14067523,115657397863,9,0,1,71168,9,10620449990
6647,115643437210,14044890,115657482100,7,0,0,57856,7,828035289
6648,115643674584,13986619,115657661203,6,0,0,10240,6,9383014289
6649,115643719869,13613006,115657332875,4,0,1,5632,4,10369905438
6650,115643874393,13617690,115657492083,8,0,0,512,8,3932086418
6651,115644057985,13629833,115657687818,3,0,0,220160,3,8205971333
6652,115644123274,13189700,115657312974,3,0,0,1068544,3,9897227909
6653,115644131290,13032856,115657164146,7,0,1,50688,7,7942750487
6654,115644151260,12860605,115657011865,7,0,1,176128,7,3662985039
6655,115644208132,12922789,115657130921,8,0,0,88064,8,9511206508
6656,115644272244,13118040,115657390284,7,0,0,132096,7,5025930036
6657,115644277744,414384,115644692128,4,0,1,10752,4,9078554803
6658,115644313113,12908283,115657221396,7,0,1,601088,7,8030687822
6659,115644384841,12841794,115657226635,8,0,1,107520,8,8923782072
6660,115644693234,12831720,115657524954,4,0,0,633856,4,4150454726
6661,115644755394,12606304,115657361698,8,0,1,46592,8,1104663782
6662,115644999504,12434223,115657433727,3,0,0,240640,3,8450330301
6663,115645018569,12197758,115657216327,4,0,1,20480,4,9964269558
6664,115645148570,12154032,115657302602,6,0,0,5632,6,3776085280
6665,115645456988,12017297,115657474285,4,0,0,439808,4,9223856587
6666,115645652570,12341920,115657994490,8,0,1,69632,8,9219823393
6667,115645695280,1302238,115646997518,5,0,1,2953216,5,8945977904
6668,115645739942,12750397,115658490339,8,0,0,27648,8,10090722805
6669,115645772706,12734234,115658506940,8,0,0,12288,8,448574032
6670,115645821115,563001,115646384116,5,0,1,939520,5,2855514776
6671,115646440273,12970624,115659410897,6,0,0,4608,6,3106594534
6672,115646538295,13372989,115659911284,4,0,1,210944,4,1661137243
6673,115646781325,714987,115647496312,7,0,0,277504,7,8826391098
6674,115646953183,1419273,115648372456,6,0,0,19968,6,9776199781
6675,115647093171,757801,115647850972,9,0,1,22528,9,10211632283
6676,115647263378,1189080,115648452458,6,0,0,1536,6,5426703270
6677,115647592256,758213,115648350469,3,0,0,140288,3,53368410
6678,115647715178,14257807,115661972985,6,0,0,512,6,6207818434
6679,115647746340,14140117,115661886457,4,0,1,27648,4,6406307388
6680,115647814435,13834135,115661648570,3,0,0,5632,3,3531612470
6681,115647887259,13646035,115661533294,4,0,1,6144,4,6361772932
6682,115647966158,1369408,115649335566,8,0,1,59904,8,8164016760
6683,115647983839,13734227,115661718066,9,0,1,15360,9,9322777300
6684,115648018036,13469375,115661487411,4,0,1,23552,4,1183313320
6685,115648100046,1083500,115649183546,8,0,0,23552,8,6529869646
6686,115648129815,13447729,115661577544,4,0,1,21504,4,6963442706
6687,115648196422,13334896,115661531318,1,0,1,43520,1,7874779003
6688,115648328051,801530,115649129581,7,0,1,149504,7,1118244006
6689,115648331828,766692,115649098520,7,0,0,550912,7,3774018071
6690,115648335960,13804179,115662140139,8,0,0,17408,8,306312248
6691,115648482937,400670,115648883607,6,0,0,512,6,8454035080
6692,115648701915,13546679,115662248594,8,0,0,39936,8,5130566795
6693,115648746765,13315757,115662062522,8,0,0,3584,8,7466021356
6694,115648871248,13116294,115661987542,9,0,1,58880,9,8921983187
6695,115648966964,492775,115649459739,7,0,0,306176,7,2982493849
6696,115649063134,502105,115649565239,7,0,0,103424,7,6610857591
6697,115649068708,13067539,115662136247,1,0,1,87552,1,872615578
6698,115649207087,454111,115649661198,3,0,0,73728,3,4961477823
6699,115649226451,1087887,115650314338,8,0,1,29696,8,7876761346
6700,115649270645,767690,115650038335,7,0,1,373760,7,7242106200
6701,115649328113,13857036,115663185149,3,0,0,90112,3,1776898886
6702,115649374984,13802270,115663177254,8,0,1,28672,8,9326912088
6703,115649455618,13782453,115663238071,7,0,0,472064,7,569106242
6704,115649476357,144135,115649620492,8,0,1,20480,8,382900067
6705,115649483415,13620569,115663103984,8,0,1,9728,8,7086338610
6706,115649499310,247027,115649746337,4,0,1,16896,4,2074852706
6707,115649606862,13407847,115663014709,7,0,0,314368,7,2873627379
6708,115649664615,13266320,115662930935,7,0,1,140288,7,9298234493
6709,115649855081,13128885,115662983966,7,0,1,658432,7,8651149889
6710,115650352381,12861431,115663213812,6,0,0,9728,6,4613262497
6711,115650486777,12836399,115663323176,1,0,1,208384,1,8745768743
6712,115650491514,12171738,115662663252,4,0,0,97792,4,494289534
6713,115650674758,11937602,115662612360,3,0,0,467456,3,6811388821
6714,115650813296,11772887,115662586183,8,0,0,27136,8,3702269686
6715,115651198462,11463678,115662662140,7,0,0,473600,7,1084088779
6716,115651219320,11193681,115662413001,4,0,0,197632,4,63899132
6717,115651314322,11071105,115662385427,4,0,0,115712,4,175651691
6718,115651596591,10975420,115662572011,7,0,0,484864,7,1392893477
6719,115651987464,10696427,115662683891,6,0,1,50176,6,4334080060
6720,115652179522,10692030,115662871552,6,0,0,31232,6,5134709832
6721,115652389395,10695284,115663084679,7,0,1,1104896,7,2181277679
6722,115652751486,10548653,115663300139,8,0,0,9728,8,3585333173
6723,115652937633,10336345,115663273978,8,0,0,17920,8,3499962055
6724,115653272241,10293761,115663566002,4,0,1,124928,4,1526161675
6725,115654015893,10211517,115664227410,6,0,0,1536,6,5666681967
6726,115654024799,10151782,115664176581,6,0,0,3584,6,3534222759
6727,115654038949,10045388,115664084337,7,0,1,1437696,7,6688383068
6728,115654093228,9951231,115664044459,4,0,1,38912,4,8017384621
6729,115654123180,10034284,115664157464,8,0,0,22016,8,10024423146
6730,115654323460,426450,115654749910,9,0,1,141824,9,8290287075
6731,115654531911,10017882,115664549793,6,0,0,20992,6,5731893108
6732,115654711508,9285413,115663996921,9,0,1,36352,9,9127505280
6733,115654845804,9198353,115664044157,7,0,1,861696,7,9122987213
6734,115654849009,9202340,115664051349,4,0,0,259584,4,7043812113
6735,115654863243,9116917,115663980160,3,0,0,52224,3,10170563298
6736,115654974951,776922,115655751873,8,0,0,17408,8,9791340337
6737,115654993812,471244,115655465056,7,0,1,569344,7,5824368865
6738,115655114082,9462486,115664576568,7,0,0,1435136,7,8340022873
6739,115655290146,1238526,115656528672,4,0,0,484864,4,7095653826
6740,115655311156,9693834,115665004990,7,0,1,479232,7,9979566760
6741,115655350451,9598843,115664949294,6,0,0,7680,6,5104948103
6742,115655479357,991738,115656471095,7,0,0,29696,7,2124317402
6743,115655553279,9490702,115665043981,4,0,0,1249792,4,5124630604
6744,115655761307,8936640,115664697947,8,0,1,27136,8,6479686086
6745,115655865032,8777616,115664642648,4,0,1,117760,4,7809456523
6746,115655923927,8596961,115664520888,4,0,0,465920,4,1839330984
6747,115656158299,501402,115656659701,4,0,0,227840,4,7124492817
6748,115656319371,7653760,115663973131,7,0,0,609280,7,10016054852
6749,115656335590,7647120,115663982710,8,0,0,1536,8,9890118389
6750,115656368375,7549969,115663918344,8,0,0,2560,8,7188767500
6751,115656499620,7188437,115663688057,7,0,0,1006080,7,8228651777
6752,115656536465,611399,115657147864,7,0,1,8704,7,10220476697
6753,115656536911,7053669,115663590580,4,0,0,214528,4,8014707227
6754,115656573245,1532645,115658105890,4,0,1,41472,4,5956825683
6755,115656579183,7536167,115664115350,7,0,0,4608,7,8032744363
6756,115656623408,7424470,115664047878,4,0,1,36864,4,930944578
6757,115656663071,7400721,115664063792,4,0,0,10240,4,6484594416
6758,115656731084,7406189,115664137273,7,0,1,851456,7,1475384917
6759,115656776319,7350710,115664127029,9,0,1,35840,9,4256308955
6760,115657098880,7235399,115664334279,4,0,1,156160,4,9386254085
6761,115657271737,291615,115657563352,7,0,0,9728,7,2656382511
6762,115657490910,374007,115657864917,4,0,0,71680,4,5479603484
6763,115657749627,8273504,115666023131,6,0,0,1024,6,4307830682
6764,115657955904,1316153,115659272057,8,0,0,2048,8,6148357181
6765,115657958323,387111,115658345434,4,0,0,245248,4,7023510348
6766,115658023396,8145146,115666168542,2,0,1,1024,2,3990753944
6767,115658139761,1363366,115659503127,9,0,1,11776,9,1189040967
6768,115658316117,8209823,115666525940,7,0,0,37376,7,8945574237
6769,115658421125,1042152,115659463277,8,0,0,3584,8,8082391982
6770,115658492788,396076,115658888864,7,0,0,14848,7,10208774910
6771,115658821227,8113550,115666934777,3,0,0,31232,3,9219000016
6772,115658825848,8100135,115666925983,6,0,0,3072,6,4164163811
6773,115659096655,8068976,115667165631,6,0,0,1024,6,4847113138
6774,115659169754,498770,115659668524,5,0,1,93184,5,7559389039
6775,115659212143,415985,115659628128,6,0,0,512,6,3798390376
6776,115659277421,514602,115659792023,8,0,0,4096,8,337749660
6777,115659568730,8466237,115668034967,8,0,0,10240,8,9626142016
6778,115659606208,8491727,115668097935,7,0,1,442368,7,9359740431
6779,115659674617,8452361,115668126978,7,0,1,554496,7,3912258647
6780,115659687271,8368934,115668056205,4,0,0,126976,4,6471294035
6781,115659690113,7766400,115667456513,8,0,0,33792,8,7408645398
6782,115659771576,7584811,115667356387,3,0,0,1120256,3,10107339724
6783,115659789429,7326760,115667116189,7,0,0,4608,7,9962230537
6784,115659893656,7121789,115667015445,7,0,0,3072,7,9652065933
6785,115660007310,7212520,115667219830,6,0,1,21504,6,2844089233
6786,115660095536,6864725,115666960261,5,0,1,570880,5,4233535838
6787,115660495102,6761983,115667257085,7,0,0,13824,7,72518182
6788,115660866754,6691703,115667558457,5,0,1,1576448,5,425626646
6789,115660990540,6369831,115667360371,7,0,0,1536,7,7834587732
6790,115661146518,6381382,115667527900,4,0,1,3072,4,4424814210
6791,115661178611,6111241,115667289852,5,0,1,54784,5,476253498
6792,115661374667,5996099,115667370766,7,0,0,19968,7,1824324234
6793,115661529276,5933407,115667462683,7,0,0,5120,7,2212029420
6794,115661621159,5642559,115667263718,6,0,0,2048,6,5109648943
6795,115661698898,203544,115661902442,7,0,0,11776,7,3149951045
6796,115661879160,5572032,115667451192,8,0,0,5120,8,5400529265
6797,115661947990,5577819,115667525809,5,0,0,103936,5,9475277605
6798,115662316006,5962559,115668278565,8,0,0,4608,8,1163997939
6799,115662482016,5950815,115668432831,6,0,1,27648,6,1519336417
6800,115662513961,5848534,115668362495,6,0,1,38400,6,51722522
6801,115662619617,5248510,115667868127,8,0,0,18944,8,3960272603
6802,115662681496,4754058,115667435554,7,0,0,6144,7,5584376458
6803,115662745082,4380757,115667125839,5,0,1,712192,5,3241843809
6804,115662945911,4229374,115667175285,6,0,0,5632,6,7437147648
6805,115663004729,4146292,115667151021,5,0,1,856576,5,5873714426
6806,115663180203,4069321,115667249524,7,0,0,1024,7,9882546663
6807,115663192588,3898651,115667091239,7,0,0,3072,7,8697065144
6808,115663213165,447202,115663660367,6,0,0,2048,6,439665270
6809,115663316782,3868129,115667184911,8,0,0,38912,8,7026925416
6810,115663338165,3510998,115666849163,4,0,1,39936,4,4927907357
6811,115663544898,3213327,115666758225,6,0,0,6144,6,4214183587
6812,115663681935,3155314,115666837249,6,0,1,25600,6,10485432313
6813,115663983090,2894445,115666877535,6,0,0,3584,6,7819382630
6814,115664036307,2660819,115666697126,6,0,1,66048,6,6011925897
6815,115664107260,2650380,115666757640,8,0,0,8192,8,9165368849
6816,115664140173,2631109,115666771282,6,0,0,6656,6,9254423010
6817,115664170915,2534009,115666704924,3,0,0,38400,3,4786262591
6818,115664172338,2309759,115666482097,6,0,0,1536,6,3771950819
6819,115664216699,1873833,115666090532,6,0,1,19456,6,3248204525
6820,115664362212,1754809,115666117021,6,0,0,3584,6,3547343501
6821,115664373792,1726082,115666099874,9,0,1,95744,9,8137508656
6822,115664451244,1710016,115666161260,6,0,1,157696,6,7595405656
6823,115664875963,1709579,115666585542,7,0,0,1536,7,7160106055
6824,115665028779,1521971,115666550750,3,0,0,118272,3,587141473
6825,115665029436,1009206,115666038642,6,0,0,3072,6,9111259123
6826,115665039381,905570,115665944951,4,0,1,9728,4,9441390500
6827,115665358320,906859,115666265179,6,0,1,62464,6,6857612082
6828,115665863036,204627,115666067663,5,0,1,12800,5,1871293421
6829,115666143526,1990,115666145516,5,0,1,520704,5,7542080741
6830,115666254468,479011,115666733479,5,0,1,462848,5,6503645537
6831,115666276453,851702,115667128155,6,0,0,2048,6,1448112278
6832,115666483136,454724,115666937860,6,0,1,16896,6,1569273096
6833,115666547379,524150,115667071529,9,0,1,22528,9,9263051776
6834,115666746870,274795,115667021665,9,0,1,47104,9,6334311690
6835,115666934749,234687,115667169436,4,0,0,1219072,4,5070358190
6836,115666954021,359974,115667313995,4,0,1,45056,4,10093620939
6837,115666970790,825217,115667796007,4,0,0,25600,4,9746043498
6838,115667181307,794565,115667975872,3,0,0,15872,3,8142744787
6839,115667292141,585636,115667877777,9,0,1,55296,9,8323627108
6840,115667398185,545179,115667943364,9,0,1,114688,9,7604345605
6841,115667432678,509498,115667942176,4,0,0,673792,4,9918824961
6842,115667469665,399517,115667869182,6,0,0,2048,6,5636849896
6843,115667600639,796268,115668396907,4,0,0,67584,4,3859808476
6844,115667662243,426177,115668088420,3,0,0,234496,3,5949863115
6845,115667893044,344767,115668237811,3,0,0,534528,3,4510933743
6846,115668049660,192657,115668242317,8,0,0,7168,8,8294446461
6847,115668189150,53321,115668242471,8,0,0,8704,8,701081910
6848,115668356414,1990,115668358404,6,0,0,2048,6,8086944141
6849,115668407727,238721,115668646448,4,0,1,34304,4,5413080603
6850,115668760904,74346,115668835250,4,0,0,121344,4,6969985448
6851,115668841448,1514,115668842962,6,0,0,1536,6,1862500396
6852,115669307952,7226,115669315178,8,0,0,7680,8,10640790946
6853,115669510159,77740,115669587899,6,0,1,10752,6,6443258783
6854,115669594193,1990,115669596183,8,0,0,2048,8,3044777462
6855,115669634763,2942,115669637705,8,0,0,3072,8,7056593917
6856,115669641560,110548,115669752108,6,0,1,62976,6,4207318603
6857,115669684726,126572,115669811298,4,0,1,34304,4,6747619486
6858,115669688722,256096,115669944818,4,0,1,133120,4,3603360208
6859,115669711267,230345,115669941612,6,0,1,5120,6,2683889315
6860,115669726816,247473,115669974289,5,0,1,40448,5,1137001093
6861,115669916231,42879,115669959110,6,0,0,2048,6,10121547900
6862,115670140054,95284,115670235338,4,0,1,17920,4,4099394458
6863,115670237982,280456,115670518438,4,0,1,297984,4,7020119370
6864,115670454543,1199291,115671653834,4,0,0,1837568,4,7549001017
6865,115670527123,1003770,115671530893,9,0,1,232960,9,537259698
6866,115670650730,527819,115671178549,6,0,0,1024,6,7705354451
6867,115670826466,359378,115671185844,5,0,1,1490432,5,6253101688
6868,115670936694,948002,115671884696,9,0,1,44544,9,9707945611
6869,115670942296,1565525,115672507821,6,0,1,142848,6,3499853401
6870,115670976638,1493238,115672469876,5,0,1,124928,5,649112943
6871,115671053549,1979410,115673032959,5,0,1,363008,5,9864315613
6872,115671104381,1563599,115672667980,2,0,1,12800,2,2527728338
6873,115671153729,1678625,115672832354,4,0,0,88576,4,7272887916
6874,115671255418,1426176,115672681594,5,0,1,1072128,5,9172213351
6875,115671261914,1167559,115672429473,3,0,1,35840,3,7698128415
6876,115671322426,1958543,115673280969,8,0,0,9216,8,6552368799
6877,115671491381,2113499,115673604880,5,0,0,1041408,5,5592685855
6878,115671529469,2160126,115673689595,5,0,1,2347008,5,6928584499
6879,115671565417,2007771,115673573188,5,0,1,36352,5,8625102967
6880,115671647740,1859657,115673507397,6,0,0,9216,6,8179898070
6881,115671655221,1909790,115673565011,6,0,1,101888,6,6860852484
6882,115671751927,1285134,115673037061,8,0,0,5632,8,6488199508
6883,115671950111,2264294,115674214405,9,0,1,68608,9,5623198763
6884,115672180589,1631335,115673811924,5,0,1,202240,5,8195530528
6885,115672312910,3873566,115676186476,5,0,1,68608,5,1327770625
6886,115672331159,1185997,115673517156,2,0,1,6144,2,8040382837
6887,115672353016,1280847,115673633863,1,0,1,94208,1,10253082391
6888,115672393064,1837572,115674230636,4,0,0,127488,4,1446974907
6889,115672465557,2724119,115675189676,4,0,1,36864,4,3905753468
6890,115672796107,2086627,115674882734,2,0,1,118272,2,1126444093
6891,115672835428,3460108,115676295536,5,0,1,411136,5,5502141306
6892,115672982118,1567578,115674549696,9,0,1,72192,9,10235500108
6893,115673154653,1875704,115675030357,6,0,0,9728,6,43482497
6894,115673200984,3210289,115676411273,9,0,1,74240,9,2007337797
6895,115673424045,4184476,115677608521,8,0,0,15872,8,1830949013
6896,115673492431,4028128,115677520559,4,0,1,64000,4,3584722545
6897,115673596696,3923952,115677520648,6,0,1,44544,6,6956945424
6898,115673600211,3282842,115676883053,5,0,1,548864,5,5467239679
6899,115673629149,2521264,115676150413,6,0,0,17408,6,103121519
6900,115673788891,2251883,115676040774,6,0,1,18944,6,2521337136
6901,115673997550,2046790,115676044340,6,0,0,5120,6,4346755468
6902,115674091226,1678400,115675769626,1,0,1,59392,1,2446262918
6903,115674139838,1226495,115675366333,9,0,1,32768,9,10248756445
6904,115674224693,2917543,115677142236,5,0,1,25088,5,4015314213
6905,115674289645,896494,115675186139,5,0,1,1036288,5,10381093250
6906,115674449466,2513614,115676963080,6,0,0,1536,6,5560995443
6907,115674604216,744825,115675349041,5,0,1,722944,5,8470862113
6908,115674998292,2406528,115677404820,4,0,0,359424,4,9738766209
6909,115675089383,2312256,115677401639,5,0,1,1373696,5,8941062994
6910,115675201616,1310927,115676512543,4,0,0,733696,4,2278263654
6911,115675356991,1736430,115677093421,8,0,0,1024,8,8674475354
6912,115675402099,1581066,115676983165,9,0,1,100352,9,6407057604
6913,115675627108,847458,115676474566,1,0,1,70656,1,6480547995
6914,115675653349,1270907,115676924256,4,0,0,189952,4,6384403609
6915,115675728676,573059,115676301735,6,0,1,64000,6,1908497036
6916,115675804847,1354212,115677159059,5,0,1,257024,5,5223876306
6917,115676116408,1301699,115677418107,3,0,1,26112,3,343672284
6918,115676132582,998105,115677130687,6,0,1,137728,6,6271610260
6919,115676354514,638035,115676992549,4,0,1,1536,4,4689618056
6920,115676363151,761113,115677124264,1,0,1,108544,1,3953558301
6921,115676434491,487498,115676921989,1,0,1,26112,1,5571813684
6922,115676477113,826878,115677303991,9,0,1,2048,9,6216587126
6923,115676559562,2535472,115679095034,4,0,0,1054208,4,7046947651
6924,115676573444,1067922,115677641366,4,0,0,226816,4,7831685041
6925,115676656107,1130137,115677786244,3,0,1,6144,3,5556766948
6926,115676832133,890140,115677722273,4,0,0,65024,4,7253931798
6927,115676941358,786100,115677727458,6,0,0,16384,6,1008636444
6928,115677029268,644287,115677673555,6,0,1,7680,6,2014188851
6929,115677083837,174665,115677258502,8,0,0,1024,8,1789015531
6930,115677186920,366928,115677553848,5,0,1,45568,5,8792878637
6931,115677557612,924963,115678482575,6,0,1,14848,6,3931958233
6932,115677600683,833452,115678434135,4,0,0,167936,4,2917659247
6933,115677733372,338828,115678072200,0,0,1,57344,0,8272486223
6934,115677751884,513001,115678264885,4,0,0,833536,4,9035313315
6935,115677855797,410011,115678265808,4,0,0,20480,4,5887152841
6936,115678187947,435151,115678623098,5,0,1,122880,5,2636829300
6937,115678356958,449160,115678806118,4,0,1,44544,4,10214316430
6938,115678532433,366362,115678898795,4,0,1,54784,4,10704940742
6939,115678559297,352397,115678911694,5,0,1,1843712,5,6798258223
6940,115678582693,2942,115678585635,4,0,1,100352,4,5149532952
6941,115678925627,587710,115679513337,5,0,1,597504,5,3753903888
6942,115678956616,45950,115679002566,1,0,1,38400,1,2082866717
6943,115679107021,651687,115679758708,4,0,1,20992,4,10508447715
6944,115679183559,8454,115679192013,9,0,1,30720,9,8979225369
6945,115679190418,1841213,115681031631,6,0,0,3072,6,3786926708
6946,115679205894,965634,115680171528,9,0,1,86528,9,6535475441
6947,115679281772,1463572,115680745344,6,0,1,83456,6,4203674520
6948,115679442843,667211,115680110054,5,0,1,26112,5,4219857322
6949,115679729118,1680535,115681409653,4,0,0,79360,4,3318319555
6950,115679756888,1426643,115681183531,9,0,1,12800,9,8409917068
6951,115679771002,1376212,115681147214,4,0,1,100352,4,8080314772
6952,115679829250,917569,115680746819,8,0,0,2560,8,7170275408
6953,115680098582,695572,115680794154,3,0,1,77312,3,228576891
6954,115680299342,5322,115680304664,3,0,1,17920,3,1808983970
6955,115680519751,556953,115681076704,9,0,1,76800,9,1580666841
6956,115680584580,337800,115680922380,3,0,1,129024,3,315868831
6957,115680616996,320527,115680937523,5,0,1,49664,5,4328272483
6958,115680837139,441183,115681278322,6,0,0,5632,6,6610555190
6959,115680941205,460546,115681401751,4,0,0,718336,4,1229324347
6960,115681046999,184000,115681230999,3,0,1,20480,3,9997941813
6961,115681218827,380478,115681599305,6,0,0,13312,6,9705319118
6962,115681235411,256766,115681492177,8,0,0,1283072,8,1985146134
6963,115681314788,166388,115681481176,6,0,1,40448,6,8598543751
6964,115681390593,415440,115681806033,6,0,0,11264,6,2191631610
6965,115681440473,292730,115681733203,9,0,1,9728,9,3083470725
6966,115681446269,194619,115681640888,3,0,1,11776,3,7526139977
6967,115681549231,792446,115682341677,6,0,1,21504,6,10068445925
6968,115681824303,637930,115682462233,4,0,1,15872,4,1793839938
6969,115681856034,464465,115682320499,0,0,1,194560,0,4949786965
6970,115682760037,12045,115682772082,6,0,0,19968,6,5059403085
6971,115682799140,864004,115683663144,5,0,1,1106944,5,5946832951
6972,115682893459,821956,115683715415,3,0,1,171520,3,5159177242
6973,115683216664,522318,115683738982,1,0,1,77312,1,8051666850
6974,115683245682,793328,115684039010,8,0,0,1511936,8,4449857989
6975,115683284880,724751,115684009631,1,0,1,29184,1,150359780
6976,115683359095,774415,115684133510,4,0,0,32256,4,6140682328
6977,115683404187,933937,115684338124,9,0,1,51712,9,8905379845
6978,115683438084,827245,115684265329,1,0,1,52736,1,4362049872
6979,115683568979,620267,115684189246,6,0,0,4608,6,233843875
6980,115683930609,285398,115684216007,8,0,0,1263616,8,4433463315
6981,115684059768,780770,115684840538,1,0,1,226304,1,8047872440
6982,115684099328,617645,115684716973,8,0,0,18432,8,513154073
6983,115684219329,463411,115684682740,9,0,1,55296,9,491700177
6984,115684260078,758329,115685018407,6,0,0,23040,6,1141955459
6985,115684571674,684859,115685256533,5,0,1,1294848,5,2375150519
6986,115684633727,1259197,115685892924,4,0,0,1113600,4,10647458353
6987,115684661592,1169290,115685830882,8,0,0,361984,8,6658741342
6988,115684734587,873149,115685607736,9,0,1,115712,9,3365071129
6989,115684806466,1036138,115685842604,3,0,1,38400,3,8998497639
6990,115684813403,1041856,115685855259,3,0,1,41472,3,5647748692
6991,115684957744,708787,115685666531,6,0,0,512,6,1340420434
6992,115685146483,1155950,115686302433,8,0,0,527872,8,6057527588
6993,115685158649,769086,115685927735,4,0,0,791552,4,6016665449
6994,115685214621,919395,115686134016,9,0,1,39424,9,4178006996
6995,115685228511,855001,115686083512,6,0,0,5120,6,1894614417
6996,115685321252,221218,115685542470,4,0,1,104448,4,7344983073
6997,115685842783,377605,115686220388,6,0,1,13824,6,1343192992
6998,115685929615,975900,115686905515,9,0,1,22528,9,9152500317
6999,115685942048,403508,115686345556,9,0,1,90112,9,9123200944
7000,115686002588,533097,115686535685,4,0,0,636416,4,4819021997
7001,115686037916,975303,115687013219,7,0,1,1652736,7,7682686184
7002,115686084951,1038288,115687123239,8,0,0,1428992,8,9210191742
7003,115686201408,792701,115686994109,9,0,1,82944,9,2426231215
7004,115686302887,1334717,115687637604,1,0,1,46592,1,7961369122
7005,115686308432,820926,115687129358,9,0,1,94720,9,3800980994
7006,115686372616,780916,115687153532,4,0,1,128512,4,5785614595
7007,115686577087,2146333,115688723420,6,0,0,45568,6,5071441918
7008,115686601188,885481,115687486669,4,0,0,471040,4,10283078052
7009,115686618547,1852371,115688470918,3,0,1,65536,3,10133056410
7010,115686717082,1514715,115688231797,3,0,1,6144,3,6190865921
7011,115686735555,789221,115687524776,6,0,1,82944,6,1461800232
7012,115686869239,1478889,115688348128,7,0,1,172032,7,6427458879
7013,115686897310,1107542,115688004852,9,0,1,49664,9,9973580507
7014,115686899754,1506753,115688406507,4,0,1,73216,4,1712242821
7015,115686914585,1048775,115687963360,1,0,1,108544,1,1748515519
7016,115687280705,1598026,115688878731,4,0,1,131584,4,5678738350
7017,115687300339,2629619,115689929958,9,0,1,5120,9,1842270253
7018,115687431418,744593,115688176011,6,0,1,193024,6,3836250490
7019,115687506464,2163046,115689669510,1,0,1,148992,1,10576656629
7020,115687550556,777303,115688327859,5,0,1,1279488,5,7690076041
7021,115687781437,728018,115688509455,8,0,0,1423360,8,6537744311
7022,115687908025,1841487,115689749512,8,0,0,738816,8,7468338884
7023,115687944524,2790866,115690735390,4,0,0,74240,4,8968011591
7024,115687989159,1793586,115689782745,6,0,1,12288,6,7406168362
7025,115688088463,2477144,115690565607,4,0,1,58368,4,10209211739
7026,115688164219,2505612,115690669831,4,0,1,44544,4,7068315678
7027,115688332525,933293,115689265818,4,0,0,557056,4,8082370157
7028,115688440544,2579357,115691019901,8,0,0,1591296,8,8318760096
7029,115688491506,2151794,115690643300,6,0,0,5632,6,9361972109
7030,115688577141,2853955,115691431096,5,0,1,1430528,5,9075761651
7031,115688734637,1764558,115690499195,6,0,0,20992,6,9323090484
7032,115688920668,633011,115689553679,4,0,0,77312,4,7686113662
7033,115689002155,745112,115689747267,1,0,1,48128,1,8194000590
7034,115689034675,1915039,115690949714,4,0,1,98304,4,5909157915
7035,115689119701,2281264,115691400965,4,0,0,337920,4,9647543918
7036,115689310650,1353988,115690664638,8,0,0,56832,8,1718328168
7037,115689353697,1072769,115690426466,3,0,1,177664,3,998406477
7038,115689423805,1313037,115690736842,1,0,1,6144,1,7897930146
7039,115689565342,1124075,115690689417,8,0,0,73728,8,9369393651
7040,115689735504,3174951,115692910455,4,0,1,8704,4,4618393939
7041,115689839103,3127535,115692966638,6,0,0,5120,6,9153248788
7042,115689861046,2890754,115692751800,4,0,0,144896,4,8650144899
7043,115689931158,2731303,115692662461,1,0,1,5632,1,10163340088
7044,115690034383,2661499,115692695882,4,0,1,170496,4,6096584694
7045,115690166843,2490400,115692657243,6,0,0,737792,6,6276948681
7046,115690222684,2265691,115692488375,4,0,1,33792,4,7059728130
7047,115690237716,744730,115690982446,1,0,1,47104,1,3592962885
7048,115690469481,2013856,115692483337,1,0,1,75264,1,6705694462
7049,115690558639,2029451,115692588090,1,0,1,10752,1,5583777669
7050,115690855012,477777,115691332789,4,0,0,1035776,4,297600796
7051,115691076685,291667,115691368352,8,0,0,79872,8,6013192254
7052,115691108218,731957,115691840175,1,0,1,45568,1,135576836
7053,115691273198,121824,115691395022,1,0,1,1024,1,4320975827
7054,115691307057,210259,115691517316,7,0,1,632320,7,7294164091
7055,115691420792,1410204,115692830996,3,0,1,6656,3,6191230820
7056,115691661885,1177699,115692839584,5,0,1,401408,5,4757704413
7057,115691713165,583385,115692296550,3,0,1,91136,3,1080810315
7058,115691717668,2679159,115694396827,6,0,0,662016,6,10445228699
7059,115691861438,765286,115692626724,8,0,0,58368,8,9929840416
7060,115692052988,570498,115692623486,4,0,0,86016,4,4616186534
7061,115692057925,2240338,115694298263,4,0,0,85504,4,59478162
7062,115692093051,528687,115692621738,6,0,1,40448,6,3620969145
7063,115692262606,2041167,115694303773,2,0,1,20992,2,8112980563
7064,115692281384,1690494,115693971878,3,0,1,4608,3,6638189101
7065,115692289410,1572323,115693861733,6,0,1,5120,6,3997333402
7066,115692334251,1418706,115693752957,6,0,1,3072,6,10496712852
7067,115692589154,479186,115693068340,1,0,1,54784,1,909591229
7068,115693041281,1462561,115694503842,3,0,1,125440,3,5384175660
7069,115693249402,311312,115693560714,1,0,1,4608,1,359484885
7070,115693355176,341592,115693696768,4,0,1,58880,4,4238743980
7071,115693500892,1323490,115694824382,7,0,1,1396736,7,2776868540
7072,115693576205,1303608,115694879813,7,0,1,181760,7,891465907
7073,115694073225,823915,115694897140,8,0,1,56832,8,1356015615
7074,115694079088,829929,115694909017,6,0,0,1345536,6,1896090577
7075,115694165292,795498,115694960790,6,0,0,107008,6,6874011822
7076,115694448327,502859,115694951186,4,0,1,39936,4,10377458205
7077,115694475258,746462,115695221720,3,0,1,90624,3,2792898883
7078,115694479334,1024127,115695503461,8,0,0,77824,8,2405287715
7079,115694499638,865234,115695364872,1,0,1,42496,1,7367427011
7080,115694547238,1212540,115695759778,4,0,0,860160,4,5937327983
7081,115694725300,812478,115695537778,5,0,1,331776,5,4431715295
7082,115694783454,1121295,115695904749,7,0,1,489984,7,4161085047
7083,115694835683,1181854,115696017537,4,0,0,339968,4,331453301
7084,115694856044,922451,115695778495,5,0,1,25088,5,6416139001
7085,115694941186,1012041,115695953227,8,0,0,1745408,8,2330596242
7086,115695056567,1510614,115696567181,8,0,0,795648,8,1747146329
7087,115695448426,419299,115695867725,7,0,1,343040,7,5381550461
7088,115695449251,2032188,115697481439,3,0,1,103936,3,10479314737
7089,115695624627,599029,115696223656,6,0,0,620032,6,6658046103
7090,115696098085,1497446,115697595531,8,0,0,711680,8,9928660444
7091,115696165593,835331,115697000924,7,0,1,958976,7,3765496506
7092,115696541484,875728,115697417212,1,0,1,5632,1,4339640585
7093,115696714671,2668437,115699383108,3,0,1,146944,3,10414203515
7094,115696783750,876557,115697660307,8,0,0,47104,8,5377359228
7095,115696839107,2132279,115698971386,5,0,1,37376,5,9154584061
7096,115696849265,614310,115697463575,7,0,1,165888,7,8232976433
7097,115696855778,988550,115697844328,6,0,0,1681920,6,4667253795
7098,115696880314,2159676,115699039990,4,0,1,104448,4,3752254140
7099,115697094439,1474022,115698568461,6,0,0,577536,6,2116219996
7100,115697156203,437052,115697593255,6,0,0,12800,6,9196146826
7101,115697269200,545448,115697814648,7,0,1,382464,7,6803291746
7102,115697488408,383827,115697872235,5,0,1,14848,5,10489733160
7103,115697696027,684891,115698380918,8,0,0,200192,8,5940833574
7104,115697781426,656249,115698437675,6,0,0,885248,6,5536940421
7105,115697891173,918017,115698809190,3,0,1,61952,3,1272092891
7106,115697891226,824893,115698716119,6,0,1,78848,6,328300241
7107,115698028978,594158,115698623136,6,0,1,127488,6,5671402212
7108,115698096406,771908,115698868314,4,0,1,6144,4,4769485859
7109,115698118076,645463,115698763539,7,0,1,529408,7,7154630971
7110,115698182784,2430927,115700613711,5,0,1,12288,5,3294235224
7111,115698219635,596943,115698816578,1,0,1,27648,1,1265092622
7112,115698309921,396770,115698706691,3,0,1,60928,3,156966759
7113,115698343087,485883,115698828970,4,0,0,91136,4,494580931
7114,115698457893,537611,115698995504,1,0,1,24576,1,8360795434
7115,115698476625,648425,115699125050,6,0,1,132096,6,4443136794
7116,115698709510,523691,115699233201,8,0,0,290816,8,5982515681
7117,115698720180,2702757,115701422937,3,0,1,30208,3,4495869007
7118,115698944672,717494,115699662166,7,0,1,54272,7,3413037668
7119,115698958578,2734915,115701693493,3,0,1,50688,3,1738983349
7120,115698968642,444017,115699412659,4,0,0,291840,4,1821734847
7121,115699025271,682983,115699708254,1,0,1,143872,1,1142698351
7122,115699134856,2295702,115701430558,9,0,1,154112,9,696131987
7123,115699173613,685374,115699858987,4,0,1,295936,4,4744496511
7124,115699241597,823663,115700065260,4,0,0,348672,4,3759344407
7125,115699265217,432139,115699697356,4,0,1,18432,4,8743774215
7126,115699291587,318932,115699610519,9,0,1,103424,9,4428652111
7127,115699333589,360109,115699693698,3,0,1,77824,3,911771005
7128,115699361140,2708996,115702070136,9,0,1,128512,9,3871364409
7129,115699410067,2201886,115701611953,4,0,0,528896,4,5143509409
7130,115699491291,2036639,115701527930,6,0,1,32256,6,5435754935
7131,115700010025,629931,115700639956,9,0,1,155136,9,3215904811
7132,115700120535,386268,115700506803,1,0,1,90624,1,4782006076
7133,115700127299,1952278,115702079577,2,0,1,13312,2,5051041282
7134,115700176135,770857,115700946992,3,0,1,138240,3,10037143859
7135,115700319801,501794,115700821595,1,0,1,174592,1,2538679449
7136,115700435566,504851,115700940417,7,0,1,28672,7,7765931079
7137,115700472908,351016,115700823924,3,0,1,66048,3,2483771757
7138,115700486257,1904805,115702391062,8,0,0,752128,8,4311903919
7139,115700622727,794456,115701417183,9,0,1,111104,9,3229356683
7140,115700626701,1977871,115702604572,1,0,1,23040,1,7545412551
7141,115700765884,380665,115701146549,8,0,0,623104,8,5824792319
7142,115700795367,317784,115701113151,5,0,1,48640,5,7034017119
7143,115700959421,310588,115701270009,6,0,0,2048,6,5891825276
7144,115701136672,1273081,115702409753,3,0,1,45056,3,860954464
7145,115701142714,367504,115701510218,8,0,0,31232,8,2982934322
7146,115701227644,1248079,115702475723,1,0,1,92160,1,10045867716
7147,115701355958,1055848,115702411806,4,0,1,26624,4,6067373869
7148,115701405474,887238,115702292712,9,0,1,4608,9,983459669
7149,115701546728,511819,115702058547,4,0,1,44544,4,2528640466
7150,115701600037,262263,115701862300,8,0,0,1249792,8,7337120748
7151,115701720009,751647,115702471656,1,0,1,59904,1,10324854738
7152,115702074231,972101,115703046332,1,0,1,72192,1,6602073260
7153,115702281691,55041,115702336732,5,0,1,69632,5,1411970708
7154,115702359119,474285,115702833404,3,0,1,122880,3,5101335415
7155,115702591035,434308,115703025343,8,0,0,93696,8,5195803775
7156,115702652719,141187,115702793906,7,0,1,1536,7,9214711386
7157,115702678701,307054,115702985755,1,0,1,46080,1,3756433073
7158,115702724836,362144,115703086980,8,0,1,42496,8,7486966937
7159,115702795602,458548,115703254150,6,0,1,98816,6,922153057
7160,115702894646,379288,115703273934,9,0,1,31744,9,4421924251
7161,115702955341,361332,115703316673,1,0,1,31232,1,5619546601
7162,115703165364,238325,115703403689,4,0,0,390656,4,4556830814
7163,115703213028,25183,115703238211,9,0,1,275968,9,8823514385
7164,115703631841,607989,115704239830,1,0,1,103936,1,4772753622
7165,115703666467,280382,115703946849,6,0,0,45568,6,1691585119
7166,115703798282,209772,115704008054,9,0,1,56320,9,3932602521
7167,115703885662,371190,115704256852,6,0,0,557568,6,10074981352
7168,115703895642,143941,115704039583,5,0,1,284160,5,7466636274
7169,115704175787,665914,115704841701,4,0,0,202752,4,8315742100
7170,115704212827,399976,115704612803,3,0,1,48640,3,4896279210
7171,115704301473,407866,115704709339,8,0,0,664064,8,3141387565
7172,115704415145,381897,115704797042,3,0,1,180736,3,52716691
7173,115704484588,757503,115705242091,4,0,0,493568,4,9085804742
7174,115704551724,688795,115705240519,5,0,1,222720,5,191474894
7175,115705026692,167960,115705194652,3,0,1,71168,3,917730523
7176,115705080547,357233,115705437780,1,0,1,11776,1,2732501240
7177,115705179011,254467,115705433478,9,0,1,60416,9,7654441542
7178,115705424237,168934,115705593171,0,0,1,31744,0,2178542630
7179,115705492192,521308,115706013500,8,0,0,848384,8,3620089334
7180,115705740793,337624,115706078417,8,0,1,31744,8,9276125181
7181,115705883672,265948,115706149620,8,0,1,31232,8,8332194647
7182,115705930356,274722,115706205078,4,0,1,25600,4,1120864635
7183,115706056311,419283,115706475594,6,0,0,683008,6,1147979327
7184,115706195669,103562,115706299231,3,0,1,17408,3,4898220139
7185,115706364785,319164,115706683949,5,0,1,55296,5,8282527070
7186,115706378753,305898,115706684651,8,0,0,32256,8,4126407440
7187,115706609219,100771,115706709990,1,0,1,512,1,8286241752
7188,115706621267,196277,115706817544,9,0,1,46592,9,8442554823
7189,115706952396,255045,115707207441,4,0,0,413184,4,949502543
7190,115706961824,313123,115707274947,3,0,1,14336,3,5118201795
7191,115707042099,283445,115707325544,9,0,1,67584,9,8058428755
7192,115707061066,330770,115707391836,4,0,0,434688,4,6834481123
7193,115707123025,139846,115707262871,2,0,1,57344,2,9032810463
7194,115707186460,393761,115707580221,8,0,1,31744,8,2740658358
7195,115707187969,474679,115707662648,9,0,1,88576,9,4252506829
7196,115707192951,437584,115707630535,4,0,1,19968,4,2611945237
7197,115707275174,500676,115707775850,1,0,1,13824,1,5806520047
7198,115707351854,172008,115707523862,0,0,1,5632,0,8766084335
7199,115707371813,331034,115707702847,3,0,1,7680,3,10655765084
7200,115707377558,366220,115707743778,2,0,1,6656,2,3045653663
7201,115707465366,294209,115707759575,8,0,1,7168,8,6713513757
7202,115707484873,172066,115707656939,9,0,1,44544,9,1594015200
7203,115707514332,268506,115707782838,3,0,1,141312,3,4069535591
7204,115707521991,420671,115707942662,3,0,1,7168,3,8548377770
7205,115707551503,664739,115708216242,4,0,1,290304,4,8133469029
7206,115707559440,513577,115708073017,0,0,1,48640,0,2344190879
7207,115707607027,622654,115708229681,8,0,0,262656,8,257429988
7208,115707935101,272139,115708207240,2,0,1,108544,2,9878283796
7209,115708128802,585452,115708714254,4,0,1,652288,4,4436133500
7210,115708285627,307931,115708593558,5,0,1,91648,5,5813996665
7211,115708406334,456573,115708862907,4,0,0,210944,4,10037848644
7212,115708694154,223804,115708917958,4,0,0,288768,4,4438180392
7213,115708753337,402653,115709155990,4,0,1,283136,4,7491667135
7214,115708983207,583092,115709566299,6,0,0,948736,6,664958658
7215,115709189502,484122,115709673624,3,0,1,140800,3,10149185416
7216,115709215708,457927,115709673635,6,0,0,228864,6,1287466970
7217,115709252108,338800,115709590908,9,0,1,23552,9,7313873641
7218,115709260176,1067931,115710328107,4,0,1,1973760,4,4224950422
7219,115709378850,1159768,115710538618,8,0,1,3072,8,3482946165
7220,115709420829,2005830,115711426659,4,0,1,178176,4,6762484159
7221,115709506579,1899500,115711406079,4,0,1,1593344,4,1594599021
7222,115709639038,1533606,115711172644,2,0,1,8192,2,3185992550
7223,115709642613,1684449,115711327062,3,0,1,22528,3,233200841
7224,115709732259,1119345,115710851604,1,0,1,61440,1,5302790738
7225,115709787366,364420,115710151786,0,0,1,2048,0,1814494543
7226,115709820224,1818287,115711638511,7,0,1,55808,7,3378750331
7227,115709826850,1768182,115711595032,4,0,1,325632,4,1380561046
7228,115709834951,1828981,115711663932,7,0,1,137216,7,1422933583
7229,115709919972,1950404,115711870376,6,0,0,552960,6,561530440
7230,115709952071,872929,115710825000,7,0,1,47616,7,192578307
7231,115710084116,942853,115711026969,1,0,1,87040,1,2473617746
7232,115710135088,2746214,115712881302,3,0,1,2560,3,6571197830
7233,115710204177,1538630,115711742807,4,0,0,598528,4,1725934324
7234,115710268466,2525493,115712793959,2,0,1,197120,2,135609512
7235,115710575658,2414791,115712990449,3,0,1,109568,3,8687908905
7236,115710607098,1338314,115711945412,5,0,1,46592,5,6132738713
7237,115710714486,1774006,115712488492,3,0,1,1024,3,4340907186
7238,115710791762,2246815,115713038577,8,0,1,4096,8,1952584993
7239,115710813333,1371835,115712185168,8,0,1,11776,8,4344605208
7240,115710837270,1565715,115712402985,8,0,1,42496,8,794884989
7241,115710974992,2345400,115713320392,8,0,0,30720,8,2108236729
7242,115711018191,1078914,115712097105,0,0,1,26624,0,8396267862
7243,115711028583,2225508,115713254091,8,0,0,507904,8,7726305419
7244,115711077117,1428880,115712505997,8,0,1,39424,8,9070777095
7245,115711296385,1208896,115712505281,4,0,1,367616,4,1900256811
7246,115711308352,1974993,115713283345,5,0,1,36864,5,8508484217
7247,115711354981,1090252,115712445233,5,0,1,14336,5,2096276571
7248,115711460426,639490,115712099916,6,0,0,1195520,6,9273082707
7249,115711544825,1372494,115712917319,5,0,1,8704,5,2014263536
7250,115711785514,894529,115712680043,8,0,0,1230848,8,9213679897
7251,115711826660,1239008,115713065668,5,0,1,111616,5,4814814990
7252,115711913071,814746,115712727817,0,0,1,6144,0,2828572989
7253,115712155518,1060333,115713215851,4,0,1,207872,4,760784741
7254,115712201471,547897,115712749368,5,0,1,130560,5,6930275017
7255,115712445970,1493809,115713939779,6,0,0,637952,6,8180115504
7256,115712461480,647920,115713109400,0,0,1,25600,0,6407213084
7257,115712535740,519464,115713055204,4,0,0,643072,4,4771760706
7258,115712661087,1031867,115713692954,5,0,1,512,5,10577854644
7259,115712726720,1203006,115713929726,0,0,1,10752,0,7939868597
7260,115712770312,1157777,115713928089,6,0,0,2008064,6,8592168960
7261,115712848005,1752186,115714600191,5,0,1,20480,5,1577135827
7262,115712851359,1337088,115714188447,8,0,0,1262592,8,309944972
7263,115712906475,1545289,115714451764,4,0,0,1300480,4,7061997019
7264,115712971307,1771562,115714742869,8,0,1,18432,8,629805565
7265,115712988264,1324268,115714312532,9,0,1,54784,9,8123861067
7266,115713024640,1643528,115714668168,8,0,1,242176,8,444719543
7267,115713061251,1892069,115714953320,1,0,1,46592,1,1679602555
7268,115713096950,693918,115713790868,6,0,0,1229312,6,9189616509
7269,115713119062,1508602,115714627664,8,0,0,921088,8,1835245623
7270,115713202067,1586945,115714789012,8,0,1,76288,8,7880353785
7271,115713255245,807438,115714062683,8,0,1,71168,8,8794239705
7272,115713469817,1757127,115715226944,5,0,1,55808,5,283948993
7273,115713480317,2468475,115715948792,9,0,1,12288,9,2803417284
7274,115713497100,2457956,115715955056,5,0,1,96256,5,274149772
7275,115713541225,1372379,115714913604,1,0,1,80896,1,7450919886
7276,115714239154,2958297,115717197451,6,0,0,669184,6,9182964229
7277,115714253984,1193072,115715447056,7,0,1,26624,7,960258123
7278,115714273983,675282,115714949265,5,0,1,80896,5,5106721417
7279,115714450139,969981,115715420120,9,0,1,10752,9,7509152480
7280,115714485507,1271922,115715757429,4,0,1,20992,4,6418936395
7281,115714666206,1492858,115716159064,9,0,1,128000,9,2355873656
7282,115714679121,378056,115715057177,9,0,1,3584,9,9188869325
7283,115714748914,916614,115715665528,8,0,1,42496,8,399910900
7284,115714892045,1771162,115716663207,8,0,0,124416,8,7523748494
7285,115714997728,3421670,115718419398,4,0,1,6656,4,4867599983
7286,115715218054,1139016,115716357070,6,0,0,403456,6,4256972220
7287,115715260076,704534,115715964610,1,0,1,182784,1,4872437757
7288,115715289757,1074455,115716364212,8,0,1,13312,8,685478707
7289,115715507686,520632,115716028318,5,0,1,45056,5,6688814488
7290,115715628039,3873334,115719501373,8,0,0,143360,8,7253722160
7291,115715793343,651022,115716444365,4,0,1,40448,4,9951777237
7292,115715877246,3118032,115718995278,4,0,0,1259520,4,7555838844
7293,115715880526,2507526,115718388052,4,0,1,223232,4,8716129954
7294,115715952319,689334,115716641653,8,0,1,33280,8,7368358434
7295,115716025216,2334191,115718359407,8,0,0,628224,8,8750492896
7296,115716298218,1989542,115718287760,4,0,0,427008,4,8349440618
7297,115716458038,400448,115716858486,9,0,1,21504,9,6083417513
7298,115716610068,471567,115717081635,4,0,0,1154048,4,6145121808
7299,115716706153,503589,115717209742,9,0,1,189952,9,6508202650
7300,115716744143,467944,115717212087,4,0,1,14336,4,8426870009
7301,115716892777,2323348,115719216125,6,0,0,417280,6,3353023291
7302,115717156718,2422380,115719579098,4,0,0,1094144,4,7113012304
7303,115717309695,2312932,115719622627,8,0,0,278016,8,1289163187
7304,115717413836,2437081,115719850917,1,0,1,90112,1,7783225766
7305,115717433425,247204,115717680629,5,0,1,45056,5,4038028948
7306,115717494665,297498,115717792163,4,0,1,86016,4,6043816994
7307,115717570668,353535,115717924203,8,0,0,283648,8,10407721662
7308,115717610152,376405,115717986557,0,0,1,23552,0,6531223839
7309,115717710585,2360975,115720071560,8,0,0,507904,8,4527343216
7310,115718011876,415731,115718427607,8,0,0,966144,8,5267674557
7311,115718181445,2572136,115720753581,6,0,0,49664,6,9783791281
7312,115718434440,2535069,115720969509,6,0,0,152576,6,8706214914
7313,115718751545,2387422,115721138967,6,0,0,253952,6,5177720310
7314,115718800957,2441933,115721242890,5,0,1,10752,5,2459243284
7315,115718834930,264047,115719098977,4,0,1,39424,4,34878661
7316,115718853707,570820,115719424527,1,0,1,36864,1,8964740471
7317,115718863221,2572531,115721435752,5,0,1,11776,5,272634347
7318,115718927345,2428215,115721355560,4,0,0,71680,4,8342493380
7319,115719278111,2247782,115721525893,2,0,1,158720,2,730517932
7320,115719305542,2032015,115721337557,8,0,0,1007104,8,4802977095
7321,115719919989,1873102,115721793091,6,0,0,544256,6,2666356766
7322,115720008391,383851,115720392242,0,0,1,152064,0,6763936725
7323,115720126187,150446,115720276633,5,0,1,4096,5,5945690741
7324,115720247022,1898200,115722145222,6,0,0,521728,6,4195099359
7325,115720640509,390394,115721030903,9,0,1,21504,9,4280935734
7326,115720913806,300645,115721214451,4,0,1,97792,4,5011849050
7327,115721026343,1534425,115722560768,9,0,1,3072,9,6617982541
7328,115721148841,357086,115721505927,2,0,1,18944,2,2513838697
7329,115721218499,343600,115721562099,2,0,1,108032,2,8716324588
7330,115721244333,1457324,115722701657,6,0,0,72704,6,10502117212
7331,115721247621,498582,115721746203,9,0,1,16896,9,8857837314
7332,115721337790,367523,115721705313,6,0,0,100864,6,7641417217
7333,115721405634,443322,115721848956,9,0,1,68096,9,9803206211
7334,115721656736,349360,115722006096,9,0,1,15360,9,1233603762
7335,115721661851,479314,115722141165,6,0,0,1256960,6,8628017718
7336,115721687528,686006,115722373534,6,0,0,866304,6,17094788
7337,115721702069,776048,115722478117,0,0,1,73216,0,5523228241
7338,115721770620,582116,115722352736,8,0,1,43520,8,9222944378
7339,115721880877,556432,115722437309,9,0,1,27136,9,8020626831
7340,115721991793,1051776,115723043569,5,0,1,49152,5,5120509551
7341,115722055897,705658,115722761555,1,0,1,20480,1,7635330222
7342,115722094274,667292,115722761566,4,0,0,9216,4,9004209818
7343,115722296940,613969,115722910909,8,0,0,388608,8,1273498381
7344,115722311677,601818,115722913495,4,0,0,4096,4,7637204751
7345,115722563802,326128,115722889930,2,0,1,28672,2,2620279292
7346,115722564848,605825,115723170673,0,0,1,109056,0,6259026761
7347,115722639494,395133,115723034627,9,0,1,6144,9,10104028012
7348,115722748068,454689,115723202757,6,0,0,658944,6,10436594896
7349,115722789409,760895,115723550304,1,0,1,8704,1,9864833058
7350,115722878527,526397,115723404924,5,0,1,77312,5,8589288953
7351,115723322840,344499,115723667339,8,0,1,23040,8,10108677135
7352,115723412910,5865,115723418775,1,0,1,32768,1,4613566778
7353,115723657149,275418,115723932567,4,0,1,25600,4,2030710766
7354,115723667264,147310,115723814574,8,0,0,6144,8,8957788019
7355,115723897866,156291,115724054157,6,0,0,257536,6,9801386610
7356,115723988332,145408,115724133740,9,0,1,7680,9,7087815572
7357,115724054756,189588,115724244344,6,0,0,755200,6,2934450648
7358,115724161221,466637,115724627858,0,0,1,7168,0,9489639462
7359,115724455972,6750,115724462722,2,0,1,91648,2,10702975803
7360,115724476679,137961,115724614640,2,0,1,82432,2,3643374740
7361,115724698113,423541,115725121654,4,0,1,79872,4,656608016
7362,115724698335,472183,115725170518,8,0,0,7168,8,8446551662
7363,115724724694,230511,115724955205,8,0,1,17408,8,7135192377
7364,115724734732,228161,115724962893,5,0,1,23552,5,9143177548
7365,115724903865,93562,115724997427,9,0,1,8192,9,233153257
7366,115724952366,143496,115725095862,4,0,1,26112,4,397375025
7367,115725044531,258060,115725302591,2,0,1,90624,2,10458322336
7368,115725162379,276499,115725438878,6,0,0,451584,6,1254597200
7369,115725245137,303009,115725548146,9,0,1,27136,9,4219488234
7370,115725401597,323050,115725724647,8,0,1,115712,8,5334373351
7371,115725672038,180512,115725852550,8,0,1,137728,8,6327351602
7372,115725943285,347562,115726290847,8,0,0,669696,8,4889861508
7373,115725985277,410708,115726395985,5,0,1,49664,5,6451830569
7374,115726188633,166026,115726354659,4,0,0,1024,4,23204874
7375,115726228936,284752,115726513688,9,0,1,53760,9,2042591858
7376,115726236916,408988,115726645904,5,0,1,31744,5,8412406893
7377,115726322532,391711,115726714243,9,0,1,224256,9,5434553508
7378,115726404576,317330,115726721906,9,0,1,25088,9,7070386366
7379,115726506561,267337,115726773898,4,0,1,13312,4,9107394656
7380,115726648594,287816,115726936410,8,0,0,347648,8,1642075312
7381,115726902680,285598,115727188278,0,0,1,84992,0,1356210483
7382,115727057543,182101,115727239644,0,0,1,25600,0,961661371
7383,115727330254,6274,115727336528,4,0,0,6656,4,7660911285
7384,115727544938,128956,115727673894,8,0,1,123392,8,6682011477
7385,115727600790,109992,115727710782,5,0,1,15360,5,5147540690
7386,115727752544,56992,115727809536,9,0,1,8192,9,7472193781
7387,115728170463,2866,115728173329,9,0,1,9728,9,3191445276
7388,115728172914,69748,115728242662,4,0,0,8704,4,1240657242
7389,115728222498,516861,115728739359,6,0,0,876032,6,30256655
7390,115728276251,570625,115728846876,7,0,1,112640,7,4443829045
7391,115728381897,248312,115728630209,5,0,1,192000,5,6518807947
7392,115728544822,501736,115729046558,4,0,0,4096,4,1574104805
7393,115728606985,368562,115728975547,8,0,1,90624,8,10076475533
7394,115728792503,271382,115729063885,6,0,1,152576,6,8014986065
7395,115729229339,98692,115729328031,5,0,1,24064,5,3461630099
7396,115729236455,100791,115729337246,0,0,1,30208,0,6268542783
7397,115729381259,43900,115729425159,9,0,1,512,9,3496144339
7398,115729466646,430958,115729897604,6,0,0,702464,6,2131578102
7399,115729637383,687444,115730324827,6,0,0,1047552,6,8860348023
7400,115729701663,737749,115730439412,8,0,1,83968,8,9152318930
7401,115729916423,232527,115730148950,6,0,1,239104,6,710291239
7402,115729921989,656429,115730578418,9,0,1,266240,9,2026378747
7403,115730076546,741447,115730817993,5,0,1,50688,5,377035215
7404,115730210328,602353,115730812681,4,0,1,11264,4,1469357332
7405,115730457237,18362,115730475599,3,0,1,12288,3,2063199021
7406,115730523118,228633,115730751751,4,0,1,174080,4,6243997505
7407,115730564341,337190,115730901531,9,0,1,20480,9,1206671763
7408,115730614806,406834,115731021640,9,0,1,176640,9,739384695
7409,115730665851,474997,115731140848,4,0,0,5632,4,9028922374
7410,115730857261,308754,115731166015,4,0,1,149504,4,5007080977
7411,115730930165,356648,115731286813,8,0,1,156672,8,7036108046
7412,115731119975,215552,115731335527,8,0,1,88576,8,2413937429
7413,115731348060,734744,115732082804,6,0,0,2485248,6,9025201254
7414,115731592652,634315,115732226967,8,0,0,382976,8,1284052086
7415,115731604589,806370,115732410959,6,0,1,10240,6,323859055
7416,115731735127,781823,115732516950,8,0,0,193024,8,9275115361
7417,115731738672,1534229,115733272901,6,0,1,86016,6,2739417037
7418,115731742553,1410582,115733153135,5,0,1,94720,5,5637701189
7419,115731960576,556515,115732517091,3,0,1,83968,3,8228042559
7420,115732080410,1347858,115733428268,4,0,0,4608,4,2821328340
7421,115732526451,1002586,115733529037,9,0,1,111104,9,3751289529
7422,115732944264,138743,115733083007,8,0,0,3584,8,10424771916
7423,115733017327,345414,115733362741,0,0,1,57344,0,9390541757
7424,115733049601,377037,115733426638,9,0,1,84992,9,10008417919
7425,115733144731,295224,115733439955,3,0,1,72704,3,2944749266
7426,115733157604,151529,115733309133,5,0,1,33280,5,5403727759
7427,115733259614,308569,115733568183,0,0,1,115200,0,3309224708
7428,115733260490,446491,115733706981,5,0,1,57856,5,2318150403
7429,115733362382,52833,115733415215,4,0,1,10240,4,4430644969
7430,115733502724,438929,115733941653,3,0,1,40960,3,8036405499
7431,115733563047,208310,115733771357,6,0,0,44544,6,2792430541
7432,115734080275,562,115734080837,9,0,1,661504,9,8998321444
7433,115734192466,528262,115734720728,4,0,0,512,4,6693339547
7434,115734205259,412493,115734617752,4,0,1,30208,4,9770619632
7435,115734460684,277436,115734738120,9,0,1,95232,9,777625593
7436,115734463127,311821,115734774948,5,0,1,54784,5,9856514310
7437,115734878151,200572,115735078723,6,0,1,197120,6,4891623687
7438,115734944186,177173,115735121359,0,0,1,37376,0,6899620461
7439,115735165909,398516,115735564425,8,0,0,649216,8,9268677466
7440,115735201062,169313,115735370375,8,0,1,124416,8,6117853208
7441,115735398018,489983,115735888001,4,0,0,4608,4,5285844951
7442,115735514965,294322,115735809287,2,0,1,22016,2,5402030009
7443,115735697549,622041,115736319590,6,0,0,1011200,6,9473326301
7444,115735740610,455903,115736196513,5,0,1,159744,5,6368724916
7445,115735775917,643484,115736419401,8,0,0,908800,8,6280491949
7446,115735879508,827576,115736707084,3,0,1,35840,3,10559519052
7447,115735996388,607771,115736604159,4,0,0,1024,4,2507416164
7448,115736418081,407169,115736825250,3,0,1,21504,3,5272456287
7449,115736517391,428633,115736946024,6,0,0,697856,6,3776238944
7450,115736579705,346461,115736926166,6,0,0,155136,6,1175299837
7451,115736621222,414104,115737035326,9,0,1,512,9,8870464873
7452,115736650774,397097,115737047871,0,0,1,137216,0,2847689063
7453,115736759229,357222,115737116451,9,0,1,6656,9,4937913313
7454,115736841846,284667,115737126513,9,0,1,74240,9,8044686451
7455,115736978914,667973,115737646887,5,0,1,18944,5,9894213177
7456,115737030126,322947,115737353073,6,0,1,41984,6,2330808482
7457,115737091176,391132,115737482308,0,0,1,98304,0,6974937603
7458,115737136247,499508,115737635755,6,0,0,812544,6,7874521333
7459,115737391007,249933,115737640940,8,0,0,24576,8,5764853385
7460,115737402479,463566,115737866045,0,0,1,3072,0,2314413888
7461,115737589916,262516,115737852432,8,0,1,83968,8,64769976
7462,115737626635,324830,115737951465,6,0,1,52224,6,3460046628
7463,115737820547,194892,115738015439,8,0,1,12800,8,1228755839
7464,115737905768,419706,115738325474,8,0,0,971264,8,4725493217
7465,115737931645,546362,115738478007,4,0,0,5120,4,4402354327
7466,115737937121,608782,115738545903,5,0,1,11264,5,42567548
7467,115737965083,586131,115738551214,6,0,1,1024,6,6003360189
7468,115738114738,391838,115738506576,8,0,1,146432,8,716347988
7469,115738123912,135402,115738259314,4,0,1,16384,4,3635760218
7470,115738127244,474643,115738601887,4,0,0,2048,4,3394237430
7471,115738129167,534947,115738664114,9,0,1,45056,9,3634765550
7472,115738239287,463228,115738702515,4,0,1,111616,4,955048526
7473,115738293957,597444,115738891401,4,0,1,39424,4,7666923199
7474,115738431157,488537,115738919694,8,0,0,161792,8,5125438744
7475,115738498772,363333,115738862105,4,0,1,98304,4,3968635548
7476,115738562767,272346,115738835113,5,0,1,68608,5,3077340163
7477,115738633055,370943,115739003998,0,0,1,18944,0,8830491989
7478,115738673528,578941,115739252469,6,0,0,890880,6,4194357891
7479,115738815792,462955,115739278747,8,0,0,255488,8,1735492195
7480,115738848061,514031,115739362092,6,0,1,57344,6,5543132721
7481,115738945031,517670,115739462701,4,0,1,11264,4,8398513265
7482,115739010828,469650,115739480478,9,0,1,46080,9,3529949907
7483,115739114614,58368,115739172982,6,0,0,764416,6,8543418865
7484,115739278720,615680,115739894400,6,0,1,59392,6,6214786366
7485,115739504488,420079,115739924567,6,0,1,71680,6,7045590298
7486,115739505731,360038,115739865769,4,0,1,116736,4,4380759442
7487,115739531593,340144,115739871737,4,0,0,18944,4,6694834237
7488,115739584292,511723,115740096015,3,0,1,39424,3,2283784494
7489,115739631325,187298,115739818623,5,0,0,1213952,5,2317530784
7490,115739736307,648370,115740384677,9,0,1,181760,9,3703127544
7491,115739800421,625763,115740426184,1,0,1,136192,1,5742886505
7492,115739958600,794878,115740753478,8,0,1,15872,8,10623281286
7493,115740232355,201108,115740433463,4,0,1,29184,4,1018106246
7494,115740238113,469663,115740707776,1,0,1,34816,1,5839959537
7495,115740380569,306348,115740686917,5,0,1,128000,5,8298490285
7496,115740414631,510829,115740925460,6,0,0,477184,6,8007786042
7497,115740458499,318643,115740777142,1,0,1,19968,1,7061775535
7498,115740508893,472826,115740981719,3,0,1,52224,3,2618046203
7499,115740574794,441275,115741016069,5,0,1,6656,5,2252642093
7500,115740767188,4933,115740772121,3,0,1,68096,3,5096723098
7501,115740976139,316156,115741292295,4,0,0,12800,4,1870179942
7502,115741253722,781788,115742035510,6,0,0,1370112,6,1226511727
7503,115741256834,764159,115742020993,4,0,1,57344,4,1480333225
7504,115741256855,856118,115742112973,1,0,1,176640,1,10071709011
7505,115741317308,859241,115742176549,9,0,1,47104,9,3298640783
7506,115741378054,331945,115741709999,1,0,1,89600,1,9967992683
7507,115741558556,904991,115742463547,6,0,0,730112,6,9126332170
7508,115741592499,765290,115742357789,5,0,1,147456,5,1188909845
7509,115741648054,665229,115742313283,8,0,0,327168,8,2070898563
7510,115741701913,775845,115742477758,8,0,0,384000,8,3064485558
7511,115741756822,593307,115742350129,3,0,1,24064,3,10200840166
7512,115741904341,989266,115742893607,5,0,1,8704,5,1480173297
7513,115741907094,879863,115742786957,1,0,1,39424,1,46639189
7514,115742158451,436284,115742594735,8,0,1,42496,8,9901991206
7515,115742179550,543140,115742722690,6,0,0,574464,6,2104620688
7516,115742200726,491611,115742692337,3,0,1,49152,3,8023928305
7517,115742279110,584982,115742864092,4,0,1,89088,4,10063109625
7518,115742285492,373786,115742659278,5,0,1,3072,5,50021772
7519,115742315340,353984,115742669324,3,0,1,151552,3,7462318101
7520,115742497683,256419,115742754102,6,0,0,475136,6,1952865900
7521,115742517895,665480,115743183375,4,0,0,17920,4,1855261007
7522,115742616047,692053,115743308100,9,0,1,119808,9,8407734657
7523,115742642920,444078,115743086998,6,0,1,77312,6,5347007416
7524,115742667531,448791,115743116322,0,0,1,22016,0,2703852565
7525,115742674001,453957,115743127958,1,0,1,8704,1,2320283973
7526,115742800140,689312,115743489452,6,0,1,118272,6,9434112625
7527,115742814887,544175,115743359062,8,0,1,82944,8,8994085893
7528,115742839512,550877,115743390389,3,0,1,49152,3,17009608
7529,115743096922,455195,115743552117,4,0,1,92672,4,5430721674
7530,115743140492,415224,115743555716,3,0,1,11776,3,2121319031
7531,115743222100,552975,115743775075,8,0,0,900096,8,775431080
7532,115743267855,422015,115743689870,8,0,0,798720,8,3060994509
7533,115743394832,266557,115743661389,6,0,1,2560,6,9040740071
7534,115743462528,519350,115743981878,5,0,1,62976,5,65133250
7535,115743572001,756274,115744328275,4,0,0,1024,4,7210130539
7536,115743612623,452794,115744065417,8,0,0,585216,8,87370751
7537,115743622471,593583,115744216054,6,0,0,347648,6,1883776715
7538,115743643453,395516,115744038969,0,0,1,94208,0,10442709695
7539,115743649789,345743,115743995532,6,0,1,9216,6,4152722409
7540,115743671301,688255,115744359556,9,0,1,24064,9,1276122599
7541,115743873180,696287,115744569467,1,0,1,40448,1,2141977199
7542,115743876707,398091,115744274798,2,0,1,11776,2,481414041
7543,115743942680,443952,115744386632,5,0,1,512,5,341362448
7544,115743979986,834296,115744814282,8,0,0,360448,8,3604827827
7545,115744021624,644752,115744666376,3,0,1,40448,3,8023216441
7546,115744147372,479006,115744626378,3,0,1,66048,3,9466440977
7547,115744413863,4370,115744418233,0,0,1,19968,0,5713292211
7548,115744681238,387196,115745068434,4,0,0,4608,4,6531276408
7549,115744681974,84729,115744766703,3,0,1,51200,3,10538674426
7550,115744868372,384213,115745252585,8,0,0,138240,8,1362138993
7551,115745142780,182069,115745324849,1,0,1,23040,1,3625375905
7552,115745558745,44488,115745603233,8,0,0,73216,8,797011639
7553,115745753806,52360,115745806166,9,0,1,24064,9,1724352263
7554,115745793428,111240,115745904668,5,0,1,3072,5,5513724106
7555,115745909599,221452,115746131051,0,0,1,260608,0,5404691614
7556,115745934856,236635,115746171491,4,0,1,58368,4,3359466423
7557,115745981920,301975,115746283895,9,0,1,150016,9,9749584123
7558,115746144726,265946,115746410672,8,0,0,431104,8,4042164999
7559,115746389824,22474,115746412298,4,0,0,2560,4,4394328487
7560,115746506421,106972,115746613393,3,0,1,36864,3,5969391318
7561,115746536206,205108,115746741314,8,0,0,335872,8,9329862483
7562,115746577237,86131,115746663368,1,0,1,68608,1,7481617466
7563,115746579986,113812,115746693798,4,0,1,19456,4,3097252711
7564,115746670736,38389,115746709125,8,0,0,57856,8,6301105886
7565,115746713731,369948,115747083679,6,0,0,184832,6,454314730
7566,115746805833,436825,115747242658,8,0,0,55296,8,3928445509
7567,115747016690,14541,115747031231,1,0,1,39936,1,9116989037
7568,115747094341,134937,115747229278,3,0,1,103424,3,9459062528
7569,115747161683,261170,115747422853,8,0,0,28160,8,9812232831
7570,115747280549,4370,115747284919,9,0,1,31232,9,9482103990
7571,115747297239,121879,115747419118,4,0,0,4608,4,6814071140
7572,115747436850,1514,115747438364,9,0,1,93184,9,1265185704
7573,115747489231,119752,115747608983,4,0,0,1536,4,8587814247
7574,115747606507,7226,115747613733,5,0,1,52736,5,3742992572
7575,115747620722,107428,115747728150,4,0,0,7680,4,2162163234
7576,115747683964,15139,115747699103,6,0,1,98304,6,5650441228
7577,115747704586,153155,115747857741,4,0,0,6144,4,498323122
7578,115747842038,96244,115747938282,0,0,1,26112,0,7402344991
7579,115747970031,52984,115748023015,1,0,1,5120,1,3575729209
7580,115747976288,97756,115748074044,6,0,1,20992,6,4039964410
7581,115748038406,305434,115748343840,1,0,1,284160,1,8368763667
7582,115748096607,255200,115748351807,0,0,1,26112,0,8829212385
7583,115749020503,102904,115749123407,1,0,1,37888,1,7711172986
7584,115749196695,209308,115749406003,0,0,1,225792,0,9600850019
7585,115749231093,232269,115749463362,6,0,0,870912,6,10685255064
7586,115749288933,512020,115749800953,3,0,1,104960,3,8474758532
7587,115749436474,569871,115750006345,0,0,1,16384,0,4971881916
7588,115749691698,127208,115749818906,6,0,1,100864,6,10251633880
7589,115749731628,204937,115749936565,6,0,0,210944,6,3173912628
7590,115749865632,180180,115750045812,8,0,0,332288,8,3615528741
7591,115749942283,618412,115750560695,6,0,0,166400,6,2587782591
7592,115749970228,412396,115750382624,1,0,1,100352,1,2970525047
7593,115750122818,261385,115750384203,0,0,1,5120,0,7123486498
7594,115750369963,89811,115750459774,9,0,1,25088,9,5049230810
7595,115750467569,103216,115750570785,3,0,1,38912,3,1521884168
7596,115750531342,144047,115750675389,1,0,1,122880,1,2712816459
7597,115750754616,120688,115750875304,9,0,1,96256,9,4641356870
7598,115750795172,129602,115750924774,9,0,1,25600,9,9878471386
7599,115750934461,102904,115751037365,1,0,1,37888,1,6773328263
7600,115751078326,289987,115751368313,6,0,0,660480,6,250107915
7601,115751129037,407696,115751536733,3,0,1,7680,3,9055501840
7602,115751178351,368200,115751546551,8,0,0,769536,8,6509995882
7603,115751190066,573548,115751763614,6,0,1,11776,6,2678622736
7604,115751488494,263969,115751752463,8,0,0,10752,8,3329410077
7605,115751898953,7702,115751906655,4,0,0,8192,4,9424277160
7606,115752042546,469973,115752512519,5,0,1,506368,5,8234456783
7607,115752193903,312464,115752506367,0,0,1,9216,0,7363312858
7608,115752211298,332678,115752543976,6,0,1,36864,6,6661830633
7609,115752219088,591666,115752810754,6,0,0,962048,6,9513815119
7610,115752449114,181099,115752630213,6,0,0,775680,6,10173481835
7611,115752456965,604069,115753061034,8,0,0,309760,8,498323011
7612,115752569637,689995,115753259632,0,0,1,129024,0,4160994879
7613,115752634432,537902,115753172334,5,0,1,35840,5,5655584819
7614,115752738528,481529,115753220057,9,0,1,29184,9,1822640135
7615,115752847276,716310,115753563586,6,0,1,14336,6,7472892414
7616,115753030934,279959,115753310893,1,0,1,29184,1,5004468175
7617,115753221389,318799,115753540188,3,0,1,79360,3,6884264691
7618,115753247662,416921,115753664583,1,0,1,168448,1,220160734
7619,115753389709,312325,115753702034,9,0,1,122880,9,6098313204
7620,115753924295,90076,115754014371,6,0,1,20992,6,8896489729
7621,115753982393,102912,115754085305,8,0,0,166912,8,5929308609
7622,115754127378,253361,115754380739,1,0,1,187392,1,3515178004
7623,115754501327,208528,115754709855,1,0,1,223232,1,5483694827
7624,115754679393,540559,115755219952,8,0,0,888832,8,1758452819
7625,115754732808,593985,115755326793,0,0,1,74240,0,9656966494
7626,115754905386,488231,115755393617,6,0,0,432640,6,8193857133
7627,115755379335,184733,115755564068,5,0,1,50176,5,9488810163
7628,115755443750,316878,115755760628,3,0,1,115200,3,4801338955
7629,115755608485,185611,115755794096,0,0,1,78848,0,8263111167
7630,115755883456,93733,115755977189,8,0,0,155648,8,196388771
7631,115755929376,228789,115756158165,1,0,1,15872,1,3789308084
7632,115756038489,588912,115756627401,6,0,0,953344,6,9624010660
7633,115756540826,23721,115756564547,1,0,1,33280,1,8351670321
7634,115756826759,337208,115757163967,1,0,1,1024,1,4581626607
7635,115756841340,51598,115756892938,8,0,0,39424,8,3151905560
7636,115756863663,177833,115757041496,8,0,0,292864,8,3320752202
7637,115757032582,291060,115757323642,0,0,1,156672,0,9184335995
7638,115757215229,337079,115757552308,6,0,0,546304,6,10163807475
7639,115757568718,185643,115757754361,3,0,1,66048,3,9971208576
7640,115757576447,182135,115757758582,8,0,0,1416704,8,8575916364
7641,115757832469,531145,115758363614,1,0,1,218112,1,7772194510
7642,115757998860,874738,115758873598,5,0,1,17408,5,5686645120
7643,115758002159,493292,115758495451,3,0,1,66560,3,9338876813
7644,115758113388,410427,115758523815,6,0,0,241152,6,2396240074
7645,115758277933,268002,115758545935,6,0,0,81408,6,4752166094
7646,115758704630,215413,115758920043,8,0,0,474112,8,3567928409
7647,115758739122,289725,115759028847,0,0,1,46080,0,911900429
7648,115758979547,178221,115759157768,5,0,1,47104,5,50384486
7649,115759017185,274869,115759292054,2,0,1,27648,2,6854944845
7650,115759199341,141261,115759340602,1,0,1,60416,1,5813682812
7651,115759341915,666979,115760008894,8,0,0,1289216,8,5983237805
7652,115759346720,793908,115760140628,5,0,1,29184,5,8101174596
7653,115759531852,717973,115760249825,8,0,0,373760,8,2469512345
7654,115760009699,291431,115760301130,3,0,1,35840,3,2715284526
7655,115760391753,119689,115760511442,5,0,1,11264,5,3909679997
7656,115760422435,163911,115760586346,1,0,1,22528,1,6452628254
7657,115760614375,207120,115760821495,1,0,1,114176,1,2749325717
7658,115760827353,25700,115760853053,6,0,0,46592,6,4941627133
7659,115760841021,183061,115761024082,5,0,1,136704,5,4624374724
7660,115761060350,110080,115761170430,0,0,1,61440,0,10131923755
7661,115761243859,386262,115761630121,8,0,0,800256,8,1449756431
7662,115761244718,491450,115761736168,0,0,1,15872,0,4271812948
7663,115761396901,348828,115761745729,8,0,0,33280,8,3181433672
7664,115761398938,381297,115761780235,0,0,1,73728,0,1924396636
7665,115761495682,357783,115761853465,1,0,1,7680,1,6686779337
7666,115761499417,377494,115761876911,3,0,1,25088,3,2610177065
7667,115761537208,422940,115761960148,5,0,1,126464,5,4808194484
7668,115761581857,965346,115762547203,6,0,0,1563136,6,6694436350
7669,115762223261,378868,115762602129,3,0,1,44032,3,7942375886
7670,115762373952,327997,115762701949,1,0,1,28672,1,538543047
7671,115762687136,211521,115762898657,0,0,1,10752,0,3840563867
7672,115762859709,111640,115762971349,8,0,1,66560,8,4910919471
7673,115762897869,145726,115763043595,7,0,1,70656,7,6186818139
7674,115763505556,209308,115763714864,0,0,1,225792,0,7320592065
7675,115764122546,64984,115764187530,5,0,1,9216,5,3592408626
7676,115764214314,417991,115764632305,6,0,0,680448,6,6720500023
7677,115764234771,436656,115764671427,3,0,1,58880,3,3807554579
7678,115764303632,401713,115764705345,8,0,0,243200,8,2658946261
7679,115764391927,328692,115764720619,3,0,1,26112,3,5056258606
7680,115764409497,426145,115764835642,1,0,1,78848,1,5543727352
7681,115764411740,499319,115764911059,3,0,1,30720,3,10335780943
7682,115764429472,148874,115764578346,0,0,1,36864,0,1342854725
7683,115764477288,509755,115764987043,7,0,1,118784,7,10196029904
7684,115764770261,208984,115764979245,0,0,1,1536,0,689955316
7685,115764851635,232852,115765084487,6,0,0,343552,6,4712589384
7686,115764884384,773109,115765657493,6,0,0,180736,6,2237678681
7687,115764995188,276241,115765271429,0,0,1,19456,0,1167919164
7688,115765138001,330134,115765468135,6,0,0,451072,6,3693478902
7689,115765156141,497026,115765653167,3,0,1,181760,3,7475545045
7690,115765218690,932531,115766151221,6,0,0,2119680,6,3612484644
7691,115765315047,821439,115766136486,8,0,0,399360,8,10181919925
7692,115765323257,602356,115765925613,0,0,1,49664,0,8352400129
7693,115765469772,1361085,115766830857,3,0,1,116224,3,7019629825
7694,115765756630,525803,115766282433,5,0,1,19968,5,2970801610
7695,115766118978,627494,115766746472,2,0,1,15360,2,7294695303
7696,115766215978,1431436,115767647414,2,0,1,312832,2,7765132013
7697,115766359450,368162,115766727612,2,0,1,62464,2,4193470137
7698,115766378332,137629,115766515961,8,0,0,50176,8,1693785530
7699,115766608876,497781,115767106657,6,0,0,45568,6,6475981529
7700,115766793158,372550,115767165708,1,0,1,164352,1,4290968142
7701,115766811107,297613,115767108720,3,0,1,168448,3,550168399
7702,115766932408,487555,115767419963,2,0,0,482816,2,2046451743
7703,115767080801,117600,115767198401,0,0,1,44544,0,7256878856
7704,115767202141,143799,115767345940,8,0,0,195584,8,6761620823
7705,115767204583,396085,115767600668,3,0,1,2048,3,8014206293
7706,115767220627,272938,115767493565,2,0,0,136192,2,1408689051
7707,115767362589,355829,115767718418,5,0,1,31232,5,878288059
7708,115767392909,403405,115767796314,3,0,1,57344,3,2906261467
7709,115767606445,267666,115767874111,2,0,0,437760,2,7316683837
7710,115767659141,338418,115767997559,6,0,0,402432,6,2727855912
7711,115767870287,221854,115768092141,0,0,1,65024,0,8034882763
7712,115768063267,189318,115768252585,1,0,1,34304,1,4228456347
7713,115768513260,187700,115768700960,8,0,0,308736,8,10066509301
7714,115768757001,16609,115768773610,5,0,1,13312,5,1402156871
7715,115768851429,166642,115769018071,2,0,0,32256,2,6020330212
7716,115769407241,59284,115769466525,3,0,1,5632,3,3377254302
7717,115769446516,136684,115769583200,5,0,1,133632,5,9486092857
7718,115769643393,200728,115769844121,0,0,1,197632,0,4926709336
7719,115769731981,139734,115769871715,3,0,1,80384,3,2816680889
7720,115769757429,174388,115769931817,1,0,1,49664,1,2436455552
7721,115769789098,239890,115770028988,6,0,0,303104,6,7978766309
7722,115769827377,424900,115770252277,6,0,0,511488,6,477818047
7723,115769862718,670265,115770532983,6,0,0,717824,6,3591167448
7724,115769917290,638690,115770555980,1,0,1,19456,1,2170970452
7725,115770282891,332628,115770615519,3,0,1,20992,3,205196220
7726,115770403942,277104,115770681046,6,0,0,449536,6,10235752813
7727,115770593761,392501,115770986262,1,0,1,167936,1,2646908179
7728,115770625768,365793,115770991561,3,0,1,157696,3,8494446119
7729,115770633855,437536,115771071391,1,0,1,34304,1,9904400582
7730,115771583226,123184,115771706410,1,0,1,104448,1,2471241793
7731,115771664529,125077,115771789606,5,0,1,77824,5,9782979438
7732,115771710853,135711,115771846564,3,0,1,31744,3,8235340465
7733,115771782049,181875,115771963924,5,0,1,117248,5,3576769603
7734,115772292456,71596,115772364052,3,0,1,10752,3,353579132
7735,115772442916,165124,115772608040,2,0,0,271360,2,1845580263
7736,115772470945,195856,115772666801,3,0,1,36352,3,10035172354
7737,115772498313,416782,115772915095,8,0,0,634880,8,694501121
7738,115772529465,297017,115772826482,8,0,0,636416,8,3131026091
7739,115772680632,354679,115773035311,5,0,1,67072,5,10268463762
7740,115772705333,599089,115773304422,3,0,1,25088,3,10215123268
7741,115772767153,468369,115773235522,3,0,1,21504,3,803306313
7742,115772773864,517693,115773291557,5,0,1,65024,5,3407418849
7743,115772804227,641738,115773445965,2,0,0,867328,2,1527137140
7744,115773322528,305821,115773628349,3,0,1,60928,3,9314626490
7745,115773625343,45935,115773671278,8,0,0,70144,8,5973415557
7746,115773700170,310130,115774010300,1,0,1,31232,1,788948947
7747,115773843544,187840,115774031384,5,0,1,39936,5,1123993977
7748,115774242003,125056,115774367059,1,0,1,110592,1,10208059206
7749,115774475393,49444,115774524837,0,0,1,3584,0,8029099256
7750,115774626291,590462,115775216753,2,0,0,956416,2,2581897568
7751,115774644241,608679,115775252920,0,0,1,56320,0,7568804174
7752,115774750243,255608,115775005851,8,0,0,179712,8,3187828044
7753,115775000991,519428,115775520419,4,0,0,512,4,6354163896
7754,115775013207,269026,115775282233,5,0,1,2560,5,1593136961
7755,115775059483,220852,115775280335,6,0,0,40960,6,3772773817
7756,115775388927,97025,115775485952,3,0,1,14848,3,5353307710
7757,115775660237,113356,115775773593,0,0,1,72192,0,6246109512
7758,115775683272,287229,115775970501,2,0,0,465920,2,3107080076
7759,115775999270,133733,115776133003,1,0,1,20992,1,6180510777
7760,115776023492,172265,115776195757,1,0,1,8192,1,5171732467
7761,115776109959,213770,115776323729,8,0,0,346112,8,5437511009
7762,115776169072,143447,115776312519,3,0,1,17920,3,3813647095
7763,115776371680,267327,115776639007,1,0,1,28672,1,4396019701
7764,115776414163,517889,115776932052,1,0,1,242688,1,6204932434
7765,115776449373,324028,115776773401,1,0,1,15360,1,2645812541
7766,115776479641,891685,115777371326,8,0,0,1714176,8,9802321958
7767,115776534304,1056641,115777590945,0,0,1,1536,0,173684656
7768,115776683259,864160,115777547419,6,0,0,36864,6,4505419559
7769,115777324237,126158,115777450395,1,0,1,55808,1,5842475827
7770,115777422247,429733,115777851980,6,0,0,1536,6,8066469113
7771,115777635303,268374,115777903677,5,0,1,53248,5,6325186503
7772,115777916082,96820,115778012902,5,0,1,17920,5,5283958171
7773,115777994498,410266,115778404764,8,0,0,1670144,8,1017253232
7774,115778396104,436718,115778832822,3,0,1,108032,3,10524499928
7775,115778483134,1049081,115779532215,8,0,0,579072,8,8840837578
7776,115778606850,378767,115778985617,1,0,1,74240,1,1167968668
7777,115778640694,715965,115779356659,6,0,0,444416,6,3952923095
7778,115778789524,465862,115779255386,1,0,1,88064,1,7883198778
7779,115778797496,694794,115779492290,1,0,1,54784,1,10650400017
7780,115778976911,422485,115779399396,3,0,1,9728,3,9225441440
7781,115778997006,525220,115779522226,6,0,0,614400,6,10388396481
7782,115779054181,513651,115779567832,1,0,1,75264,1,7183840849
7783,115779537272,448204,115779985476,1,0,1,125440,1,808382646
7784,115779539927,435964,115779975891,8,0,0,946176,8,2767862611
7785,115779638423,581800,115780220223,0,0,1,29184,0,1022896395
7786,115779844501,245083,115780089584,5,0,1,150016,5,7289221312
7787,115779949245,135266,115780084511,1,0,1,12800,1,7690869224
7788,115780080607,110779,115780191386,2,0,0,223232,2,5770695307
7789,115780111303,570827,115780682130,6,0,0,21504,6,3512648004
7790,115780221391,446935,115780668326,0,0,1,103936,0,9225265087
7791,115780283502,397159,115780680661,3,0,1,40448,3,328231481
7792,115780419574,305518,115780725092,0,0,1,16896,0,10387659763
7793,115780490770,106576,115780597346,0,0,1,86016,0,9401527778
7794,115780569449,322192,115780891641,0,0,1,131584,0,1904614118
7795,115780614086,427090,115781041176,1,0,1,73216,1,10196606770
7796,115780732303,326093,115781058396,3,0,1,6144,3,3877724371
7797,115781083960,562,115781084522,6,0,0,512,6,8350787413
7798,115781101843,243086,115781344929,1,0,1,221696,1,5477491696
7799,115781141119,217580,115781358699,0,0,1,38912,0,2688006175
7800,115781430060,356983,115781787043,8,0,0,581632,8,10149015368
7801,115781751360,248450,115781999810,8,0,0,407040,8,8665069173
7802,115781941198,248708,115782189906,8,0,0,407552,8,5984007554
7803,115782088171,640741,115782728912,8,0,0,1040896,8,6009785586
7804,115782853713,181048,115783034761,7,0,1,66048,7,575149364
7805,115783124044,562,115783124606,6,0,0,512,6,7000607443
7806,115783370333,106492,115783476825,1,0,1,49664,1,5221228878
7807,115783927519,24408,115783951927,2,0,0,44032,2,2227221483
7808,115783993752,145738,115784139490,2,0,0,237056,2,2216871187
7809,115784164932,5967,115784170899,6,0,0,14848,6,4862189859
7810,115785448586,226221,115785674807,8,0,0,367104,8,3858789074
7811,115785474117,23333,115785497450,6,0,1,148480,6,10191334313
7812,115785572563,409016,115785981579,3,0,1,34816,3,7317554017
7813,115785653100,48869,115785701969,6,0,0,2560,6,710840316
7814,115785834275,321200,115786155475,6,0,0,6144,6,4649057802
7815,115786061865,279342,115786341207,2,0,0,457216,2,1174298948
7816,115786535699,884516,115787420215,2,0,0,1435648,2,7074920816
7817,115786944348,641199,115787585547,8,0,0,529408,8,3309685082
7818,115786949636,309914,115787259550,2,0,0,303104,2,2893836102
7819,115787300549,728357,115788028906,1,0,1,6144,1,2246859017
7820,115787576133,106046,115787682179,6,0,0,6656,6,5324164532
7821,115787662198,213603,115787875801,3,0,1,14848,3,10585003681
7822,115787906516,264604,115788171120,0,0,1,162816,0,4272767515
7823,115788164607,10399,115788175006,6,0,0,4096,6,700251729
7824,115788437771,185633,115788623404,8,0,0,304640,8,1139928977
7825,115789068049,66717,115789134766,8,0,0,113152,8,4450330661
7826,115789462140,24150,115789486290,3,0,1,245760,3,670887993
7827,115789510492,215392,115789725884,6,0,0,43520,6,478251086
7828,115789683464,4158,115789687622,0,0,1,19456,0,1530675286
7829,115789732740,137947,115789870687,6,0,0,11264,6,4796321236
7830,115789868929,90856,115789959785,3,0,1,23552,3,3915629220
7831,115789989274,62154,115790051428,6,0,0,100864,6,3624621846
7832,115790107493,108520,115790216013,3,0,1,56320,3,6391958289
7833,115790177724,23204,115790200928,3,0,1,31232,3,5584201322
7834,115790256886,121953,115790378839,6,0,0,38400,6,3303597712
7835,115790506088,579304,115791085392,8,0,0,937984,8,4108348733
7836,115791429413,207950,115791637363,6,0,0,341504,6,9487367367
7837,115791481007,199008,115791680015,6,0,0,146944,6,5738095780
7838,115791847198,326437,115792173635,6,0,0,528896,6,2413133178
7839,115792042824,348774,115792391598,0,0,1,60416,0,5352946062
7840,115792333974,117083,115792451057,2,0,0,194560,2,8874944280
7841,115792637817,926962,115793564779,6,0,0,2203136,6,2702798053
7842,115792664999,294630,115792959629,7,0,1,41984,7,4062576015
7843,115793304986,330762,115793635748,1,0,1,25088,1,10118156629
7844,115793360487,1355917,115794716404,8,0,0,47616,8,10007290
7845,115793623015,644999,115794268014,8,0,1,7680,8,5468290669
7846,115793769434,880610,115794650044,2,0,0,2087424,2,6763534914
7847,115793810052,1284316,115795094368,8,0,1,49664,8,2122191995
7848,115793861375,1401101,115795262476,8,0,0,671744,8,6375735790
7849,115793892114,1413429,115795305543,8,0,0,146944,8,1081200533
7850,115794245401,1186426,115795431827,2,0,0,418304,2,7106517002
7851,115794798032,403695,115795201727,2,0,0,502272,2,8418689492
7852,115795072194,794350,115795866544,7,0,1,12288,7,7610543132
7853,115795502331,299660,115795801991,8,0,1,42496,8,5303219315
7854,115795836554,98747,115795935301,8,0,1,1536,8,6744068713
7855,115795903800,238757,115796142557,5,0,1,80384,5,7354200440
7856,115796042376,183912,115796226288,2,0,0,297984,2,3089712173
7857,115796202026,137075,115796339101,8,0,0,226816,8,2032898963
7858,115796321236,590979,115796912215,8,0,0,957440,8,2982021191
7859,115796525347,480061,115797005408,8,0,1,169472,8,8824736222
7860,115796534252,485599,115797019851,0,0,1,93696,0,2235297521
7861,115796553136,545824,115797098960,8,0,1,16896,8,2464130186
7862,115797040609,214981,115797255590,7,0,1,18944,7,5085682222
7863,115797210685,138509,115797349194,0,0,1,24064,0,8180251355
7864,115797272729,96058,115797368787,6,0,0,160256,6,6539239621
7865,115797372233,229055,115797601288,0,0,1,55808,0,9726318464
7866,115797758649,208840,115797967489,7,0,1,224256,7,8066172131
7867,115797889790,266891,115798156681,8,0,0,436224,8,7155755446
7868,115798152043,8184,115798160227,0,0,0,5632,0,6060550797
7869,115798168795,162380,115798331175,7,0,1,36864,7,20591463
7870,115798334377,54832,115798389209,0,0,1,6144,0,10521680438
7871,115798364685,84508,115798449193,8,0,1,12800,8,406690533
7872,115798545639,95908,115798641547,2,0,1,19968,2,8042689629
7873,115798663474,468616,115799132090,2,0,0,762368,2,5115513646
7874,115798890049,288699,115799178748,2,0,0,149504,2,913347466
7875,115798922881,261871,115799184752,2,0,0,20480,2,9101153905
7876,115799012127,282795,115799294922,0,0,1,29184,0,9322472665
7877,115799155909,275295,115799431204,8,0,0,445952,8,2021464779
7878,115799336245,173234,115799509479,6,0,0,251904,6,8883276469
7879,115799480835,28900,115799509735,0,0,0,9216,0,9973193812
7880,115799705962,2942,115799708904,0,0,0,3072,0,8468423030
7881,115800055148,130204,115800185352,5,0,1,127488,5,3236699269
7882,115800169327,133117,115800302444,7,0,1,84480,7,6015853254
7883,115800233053,216283,115800449336,5,0,1,145920,5,4600960761
7884,115800696336,31779,115800728115,7,0,1,105984,7,3366433735
7885,115800703329,123652,115800826981,2,0,0,51712,2,4781514183
7886,115800758122,61877,115800819999,6,0,0,60928,6,6454926791
7887,115800881588,30487,115800912075,6,0,0,49152,6,10651709137
7888,115800974500,326866,115801301366,8,0,0,532992,8,616097559
7889,115801098649,426704,115801525353,2,0,0,632832,2,1476209354
7890,115801129614,427305,115801556919,6,0,0,110080,6,1257576235
7891,115801244785,521394,115801766179,8,0,1,182784,8,5909218736
7892,115801479320,302002,115801781322,5,0,1,49664,5,9337728642
7893,115801857379,93027,115801950406,8,0,1,25088,8,3467710344
7894,115801948328,276332,115802224660,6,0,0,443904,6,2717051940
7895,115802018579,248630,115802267209,2,0,0,146432,2,8578370234
7896,115802130860,327383,115802458243,8,0,0,534016,8,5232315624
7897,115802159082,403185,115802562267,8,0,0,1516544,8,10199180226
7898,115802462501,403437,115802865938,0,0,1,60928,0,8422840290
7899,115802503733,1069167,115803572900,7,0,1,30720,7,850635247
7900,115802715961,543650,115803259611,6,0,0,100864,6,12085613
7901,115802774505,221631,115802996136,6,0,0,1197568,6,10095817640
7902,115802893239,453809,115803347048,8,0,0,1340416,8,669976510
7903,115802992476,630730,115803623206,5,0,1,37888,5,2762802232
7904,115803094130,861279,115803955409,7,0,1,27136,7,1387525566
7905,115803116318,461745,115803578063,7,0,1,7168,7,981851826
7906,115803344097,288065,115803632162,7,0,1,18432,7,5664577960
7907,115803665954,1161317,115804827271,0,0,0,11776,0,10178174645
7908,115803698269,389370,115804087639,8,0,1,15360,8,3680401674
7909,115803823021,332138,115804155159,6,0,0,337920,6,7396834078
7910,115803896228,337354,115804233582,2,0,0,969728,2,128795137
7911,115803897607,627880,115804525487,2,0,0,147968,2,5140225530
7912,115803918686,669773,115804588459,8,0,1,86016,8,2779777485
7913,115804045239,595242,115804640481,5,0,1,55808,5,9109907165
7914,115804183608,611792,115804795400,6,0,0,734208,6,10082648865
7915,115804954509,337377,115805291886,8,0,1,11776,8,3511526808
7916,115805135580,489729,115805625309,8,0,0,793600,8,229210104
7917,115805735939,152660,115805888599,7,0,1,71680,7,5223356393
7918,115805790195,234441,115806024636,8,0,1,40960,8,6603849366
7919,115806102409,23633,115806126042,6,0,0,42496,6,6382372292
7920,115806277509,113980,115806391489,7,0,1,74240,7,4202380632
7921,115806344116,127293,115806471409,8,0,1,36864,8,8718748727
7922,115807030570,601791,115807632361,8,0,0,978432,8,1844538612
7923,115807177838,531774,115807709612,2,0,0,254976,2,4466554756
7924,115807244894,526775,115807771669,8,0,0,206848,8,7881126686
7925,115807297943,659897,115807957840,6,0,0,604672,6,3255887654
7926,115807342190,522872,115807865062,5,0,1,52224,5,352364194
7927,115807444532,719987,115808164519,8,0,1,15872,8,2964770774
7928,115807503080,711158,115808214238,8,0,0,227840,8,8333189201
7929,115807947988,177317,115808125305,7,0,1,46080,7,2309591314
7930,115807985918,411975,115808397893,2,0,0,291840,2,10010836893
7931,115808093425,89070,115808182495,7,0,1,2048,7,4662444507
7932,115808172391,303388,115808475779,8,0,1,103936,8,4364950306
7933,115808183125,393723,115808576848,2,0,1,66560,2,88865042
7934,115808352513,457775,115808810288,2,0,0,132096,2,3248904886
7935,115808714289,23374,115808737663,2,0,0,41984,2,2784355889
7936,115808769952,97180,115808867132,8,0,1,29184,8,6477495775
7937,115809371258,98560,115809469818,9,0,1,28672,9,2496051878
7938,115809743826,398775,115810142601,2,0,0,649728,2,2764619832
7939,115809993978,52888,115810046866,5,0,1,91136,5,523668460
7940,115810095614,187183,115810282797,6,0,0,19968,6,9586687555
7941,115810108785,334228,115810443013,2,0,0,307712,2,7387905304
7942,115810111785,259548,115810371333,7,0,1,35840,7,6135452518
7943,115810169632,277661,115810447293,6,0,0,396288,6,5247146524
7944,115810440872,279370,115810720242,5,0,1,39424,5,2578854936
7945,115810795827,134749,115810930576,8,0,0,222208,8,7540633560
7946,115810888311,652675,115811540986,2,0,0,1060864,2,1041009370
7947,115810891769,783443,115811675212,2,0,0,429568,2,21910601
7948,115811361970,354205,115811716175,8,0,1,56320,8,5414033634
7949,115811638620,317742,115811956362,8,0,1,109568,8,6783510296
7950,115812131045,96317,115812227362,6,0,0,160768,6,4852724814
7951,115812226287,261440,115812487727,5,0,1,87040,5,5444253902
7952,115812336574,369175,115812705749,2,0,0,602112,2,2257241831
7953,115812365625,377335,115812742960,8,0,0,129024,8,6097790808
7954,115812391981,658956,115813050937,6,0,0,770048,6,8063092856
7955,115812420919,652271,115813073190,5,0,1,393216,5,8404575415
7956,115812460687,720996,115813181683,7,0,1,108544,7,8833946551
7957,115812466346,646642,115813112988,0,0,0,6144,0,2556265489
7958,115812999004,363044,115813362048,5,0,1,60928,5,3502066278
7959,115813432763,114924,115813547687,8,0,1,27136,8,2182533069
7960,115813607417,195736,115813803153,8,0,1,181248,8,1444911722
7961,115813893356,295545,115814188901,8,0,0,478720,8,4278331712
7962,115813923175,269592,115814192767,0,0,0,6144,0,8105032440
7963,115814102081,188217,115814290298,2,0,0,309760,2,9777915511
7964,115814260785,709469,115814970254,2,0,0,1268736,2,4944313014
7965,115814317051,783354,115815100405,5,0,1,194560,5,6199235422
7966,115814349767,504306,115814854073,2,0,0,553984,2,8266501118
7967,115814443288,864837,115815308125,6,0,0,193536,6,6388945134
7968,115814532268,828855,115815361123,2,0,0,187904,2,622977423
7969,115814628687,797926,115815426613,5,0,1,50688,5,6307074164
7970,115814765646,569694,115815335340,0,0,0,8192,0,9632022972
7971,115814947314,393723,115815341037,8,0,0,27136,8,7985213344
7972,115814992915,374102,115815367017,8,0,1,30208,8,3706914527
7973,115815119427,311630,115815431057,8,0,0,1273344,8,9826858591
7974,115815203631,797599,115816001230,2,0,0,318464,2,9780896647
7975,115815402570,812407,115816214977,0,0,0,2560,0,9268224975
7976,115815499772,615094,115816114866,5,0,1,48640,5,3878960003
7977,115815692475,299476,115815991951,8,0,1,39424,8,2918181419
7978,115815700640,347546,115816048186,1,0,1,195072,1,9572221422
7979,115815722054,534912,115816256966,0,0,0,6144,0,3406294311
7980,115816040559,752462,115816793021,6,0,0,1218560,6,1247959514
7981,115816043453,750554,115816794007,0,0,0,1536,0,3130890535
7982,115816633739,166169,115816799908,0,0,0,19968,0,119386969
7983,115816786126,115104,115816901230,6,0,0,187392,6,9380890883
7984,115816897814,501317,115817399131,6,0,0,816128,6,8776871626
7985,115816980226,595015,115817575241,8,0,0,572928,8,5752493666
7986,115817039626,660087,115817699713,2,0,0,399360,2,8320008711
7987,115817208466,492873,115817701339,0,0,0,2560,0,47050520
7988,115817484336,238713,115817723049,6,0,0,79360,6,6444600404
7989,115817625466,92787,115817718253,7,0,1,78336,7,7661823373
7990,115817857778,381453,115818239231,6,0,0,150528,6,2157046440
7991,115817954209,172237,115818126446,6,0,0,278528,6,9099594885
7992,115817965241,208785,115818174026,8,0,0,162304,8,5424552545
7993,115818477959,230312,115818708271,5,0,1,159744,5,10150512329
7994,115818933940,120064,115819054004,8,0,1,94208,8,2296648057
7995,115819029018,26509,115819055527,0,0,0,1536,0,7678577044
7996,115819048265,11666,115819059931,0,0,0,13824,0,3739182909
7997,115819171292,153098,115819324390,1,0,1,116736,1,6796318931
7998,115819282847,90832,115819373679,5,0,1,18432,5,1495503704
7999,115819420868,92836,115819513704,7,0,1,19968,7,9601933522
8000,115819481693,101812,115819583505,8,0,1,60928,8,5583383500
8001,115819485684,166481,115819652165,7,0,1,34304,7,3863517226
8002,115819526996,475987,115820002983,8,0,0,770048,8,7126626882
8003,115819554702,664226,115820218928,8,0,0,697856,8,5637395929
8004,115819773720,533852,115820307572,2,0,0,293376,2,1279944608
8005,115819826551,604674,115820431225,8,0,0,403456,8,6674006947
8006,115819848623,1144489,115820993112,2,0,0,1310208,2,9899991998
8007,115819864393,570265,115820434658,8,0,0,457728,8,9764913327
8008,115820123441,1268795,115821392236,6,0,0,336896,6,6993297300
8009,115820384021,1112663,115821496684,8,0,0,408064,8,1517658311
8010,115820410823,977814,115821388637,2,0,0,672768,2,9962426647
8011,115820528325,671123,115821199448,1,0,1,15872,1,8375976207
8012,115820593789,1158955,115821752744,6,0,0,434688,6,6840922081
8013,115820803929,347025,115821150954,7,0,1,8704,7,7199428564
8014,115820935344,1107094,115822042438,6,0,0,125440,6,7909459734
8015,115820947936,695386,115821643322,8,0,0,2112512,8,1853808183
8016,115821098761,858814,115821957575,5,0,1,185344,5,9006270510
8017,115821237012,424055,115821661067,5,0,1,19968,5,6901923450
8018,115821310471,692734,115822003205,6,0,1,275968,6,6082654281
8019,115821523797,1305161,115822828958,8,0,1,23040,8,2553154756
8020,115821646464,1685904,115823332368,2,0,0,193536,2,10197335826
8021,115821670235,1045486,115822715721,6,0,0,36352,6,539988948
8022,115821785445,1031944,115822817389,5,0,1,27136,5,5078381469
8023,115822100061,801938,115822901999,2,0,0,627712,2,8256909786
8024,115822136470,1110272,115823246742,2,0,0,939008,2,3754193047
8025,115822213978,685128,115822899106,2,0,0,1074688,2,5090409247
8026,115822278679,951453,115823230132,6,0,0,75776,6,3687867572
8027,115822477185,682611,115823159796,8,0,1,186368,8,3307036164
8028,115822493140,1512549,115824005689,6,0,0,1270784,6,1098880564
8029,115822600464,1490181,115824090645,2,0,1,37376,2,1256067937
8030,115822741078,706055,115823447133,6,0,0,204800,6,9199504448
8031,115822947608,904751,115823852359,2,0,1,29696,2,214154054
8032,115822952799,609589,115823562388,2,0,1,20480,2,3373744103
8033,115823095211,1792539,115824887750,7,0,1,2048,7,1086775940
8034,115823341749,490681,115823832430,6,0,0,998912,6,981809025
8035,115823551829,1661877,115825213706,4,0,1,44544,4,10274716262
8036,115823894289,548675,115824442964,5,0,1,126976,5,6306402140
8037,115823934026,1469750,115825403776,0,0,0,4608,0,8846386579
8038,115824025565,880379,115824905944,4,0,1,50176,4,7142633980
8039,115824120421,832951,115824953372,8,0,0,377856,8,5148839767
8040,115824291618,829014,115825120632,2,0,0,443392,2,5862614510
8041,115824310818,527712,115824838530,6,0,0,1798144,6,4965429773
8042,115824479778,1014294,115825494072,2,0,1,173568,2,4767538767
8043,115824843106,726644,115825569750,5,0,1,5632,5,704447792
8044,115824867778,1725299,115826593077,2,0,0,1414144,2,9086474443
8045,115824911744,605874,115825517618,0,0,0,1536,0,5588125272
8046,115825147580,818922,115825966502,2,0,0,62976,2,7582727961
8047,115825230609,648610,115825879219,8,0,0,63488,8,8985312202
8048,115825235077,1729121,115826964198,8,0,0,205312,8,10624155940
8049,115825309462,592445,115825901907,8,0,1,222720,8,6012193984
8050,115825433412,1708258,115827141670,6,0,0,431616,6,3952696138
8051,115825443807,1495801,115826939608,8,0,1,130560,8,7659194571
8052,115825450303,491601,115825941904,8,0,1,5632,8,6272661799
8053,115825528039,434556,115825962595,2,0,0,808448,2,386040543
8054,115825560246,1469533,115827029779,0,0,0,17408,0,7401320793
8055,115825580171,1563129,115827143300,8,0,0,1257984,8,3806771736
8056,115825810772,1541189,115827351961,6,0,0,160768,6,3656996587
8057,115825948278,674913,115826623191,5,0,1,115712,5,6950890028
8058,115826027546,618677,115826646223,5,0,1,23040,5,2515973758
8059,115826163047,322616,115826485663,5,0,1,28160,5,7176731933
8060,115826206156,1800572,115828006728,0,0,0,18944,0,1058726349
8061,115826241637,1773754,115828015391,7,0,1,24576,7,4818733525
8062,115826310240,553119,115826863359,0,0,0,1024,0,5562889258
8063,115826325396,526144,115826851540,2,0,1,59392,2,5548295024
8064,115826523501,2292874,115828816375,5,0,1,34304,5,1934175586
8065,115826923244,2123846,115829047090,2,0,1,68608,2,3062750769
8066,115826956978,1734159,115828691137,4,0,1,32256,4,7815295138
8067,115827130680,1630741,115828761421,2,0,1,66560,2,1130266931
8068,115827339405,686429,115828025834,8,0,0,214528,8,2433664938
8069,115827353827,344017,115827697844,2,0,0,1219072,2,9767456501
8070,115827433761,801892,115828235653,8,0,1,15872,8,4905411450
8071,115827521967,325600,115827847567,0,0,0,24064,0,851501268
8072,115827886789,1233899,115829120688,8,0,1,137728,8,5177708968
8073,115827918644,1073158,115828991802,2,0,1,28160,2,2279034801
8074,115828318771,339080,115828657851,2,0,0,202240,2,7605420855
8075,115828371262,391582,115828762844,2,0,1,118272,2,1635175281
8076,115828500558,43750,115828544308,7,0,1,174592,7,9004593122
8077,115828545110,433725,115828978835,2,0,1,21504,2,8551355189
8078,115828666614,395736,115829062350,0,0,0,32256,0,4203272314
8079,115828923730,98995,115829022725,2,0,0,132608,2,9587898884
8080,115829111785,24666,115829136451,6,0,0,44544,6,4980405639
8081,115829194568,1514,115829196082,7,0,1,47616,7,5598853028
8082,115829429131,271415,115829700546,0,0,0,1536,0,9626009620
8083,115829780549,167061,115829947610,7,0,1,125440,7,3838520279
8084,115830067812,5798,115830073610,6,0,0,6144,6,8864545890
8085,115830205999,101344,115830307343,7,0,1,13824,7,1768554722
8086,115830227284,166351,115830393635,5,0,1,32768,5,1218729192
8087,115830571749,215837,115830787586,2,0,0,350208,2,6661451212
8088,115830577717,112656,115830690373,5,0,1,89088,5,10269795948
8089,115830630686,249858,115830880544,8,0,0,297472,8,9719841332
8090,115830762602,419126,115831181728,4,0,1,1536,4,5424803156
8091,115830830890,186631,115831017521,4,0,1,24064,4,2349015578
8092,115830861865,235441,115831097306,4,0,1,10240,4,7381223621
8093,115831143488,7226,115831150714,0,0,0,7680,0,9326914364
8094,115831203233,72376,115831275609,8,0,1,13312,8,3896084470
8095,115831422734,211804,115831634538,2,0,1,233984,2,9550220046
8096,115831601449,595043,115832196492,8,0,0,1566208,8,3397280128
8097,115831784004,465356,115832249360,7,0,1,94208,7,6507768053
8098,115831805706,721931,115832527637,2,0,1,57856,2,5987840657
8099,115831975399,597729,115832573128,9,0,1,81408,9,2573718550
8100,115832037849,998339,115833036188,7,0,1,23040,7,5513363937
8101,115832064912,556893,115832621805,6,0,0,72704,6,6458562128
8102,115832248036,435724,115832683760,8,0,0,206336,8,5770716997
8103,115832673204,11939,115832685143,0,0,0,14848,0,8031321400
8104,115832704195,4675,115832708870,6,0,1,45568,6,3231408654
8105,115832994844,347192,115833342036,0,0,0,12288,0,2912572738
8106,115833028511,448454,115833476965,6,0,0,726528,6,6712675125
8107,115833126920,430783,115833557703,6,0,1,60416,6,1948645898
8108,115833397289,212995,115833610284,6,0,1,18432,6,111394233
8109,115833399124,272217,115833671341,8,0,0,344576,8,4852321369
8110,115833407634,272851,115833680485,8,0,0,1100288,8,24758034
8111,115833463198,776364,115834239562,7,0,1,17920,7,8701643217
8112,115833489608,699984,115834189592,0,0,0,18432,0,3011932500
8113,115833577824,220168,115833797992,4,0,1,120320,4,10419924676
8114,115833919809,220225,115834140034,6,0,1,88064,6,10396727126
8115,115833970397,667409,115834637806,0,0,0,12800,0,5188737884
8116,115833975627,334328,115834309955,0,0,0,16896,0,10705750643
8117,115834016518,462889,115834479407,4,0,1,14848,4,1175209614
8118,115834672580,113512,115834786092,4,0,1,72704,4,804499826
8119,115834816859,124120,115834940979,6,0,1,107520,6,8183866595
8120,115834976013,274262,115835250275,6,0,0,443904,6,9218585929
8121,115835132922,89950,115835222872,4,0,1,20992,4,5182641131
8122,115835160786,210260,115835371046,2,0,0,10240,2,6315710676
8123,115835243711,291234,115835534945,5,0,1,132608,5,10149688692
8124,115835424669,267270,115835691939,2,0,0,544256,2,4341943393
8125,115835453689,336045,115835789734,6,0,1,5120,6,8161886167
8126,115835674194,88786,115835762980,7,0,0,3584,7,2470530558
8127,115835789627,5967,115835795594,0,0,0,14848,0,6598884475
8128,115835858834,255304,115836114138,2,0,0,413696,2,339298055
8129,115835938565,182191,115836120756,6,0,0,23552,6,3234441693
8130,115836028719,81548,115836110267,7,0,1,54784,7,3201315015
8131,115836043714,314298,115836358012,0,0,0,7168,0,7502232805
8132,115836111017,282500,115836393517,6,0,1,13312,6,5342971876
8133,115836539421,99940,115836639361,7,0,1,28160,7,2567266141
8134,115836952753,3894,115836956647,0,0,0,4096,0,1613198950
8135,115837045100,72376,115837117476,5,0,1,13312,5,974815575
8136,115837068587,75550,115837144137,2,0,0,126976,2,5881514807
8137,115837184177,221371,115837405548,6,0,0,1328128,6,805778267
8138,115837558601,820753,115838379354,0,0,0,1024,0,1894396006
8139,115837580685,446995,115838027680,6,0,1,83968,6,1289859911
8140,115837675403,562,115837675965,6,0,1,121856,6,7025586590
8141,115838015753,536608,115838552361,0,0,0,512,0,1365176711
8142,115838020813,317283,115838338096,4,0,1,80896,4,5696507799
8143,115838747374,726296,115839473670,8,0,0,1682944,8,807206130
8144,115838760782,374803,115839135585,5,0,1,22528,5,9676041273
8145,115838834946,905878,115839740824,6,0,1,25088,6,6891017743
8146,115839052731,1037166,115840089897,8,0,0,414208,8,2208363904
8147,115839077830,861107,115839938937,0,0,0,1024,0,5302427472
8148,115839116498,836674,115839953172,5,0,1,13824,5,6669575263
8149,115839143713,958097,115840101810,6,0,0,607232,6,6813394068
8150,115839219731,893371,115840113102,2,0,0,53248,2,7169676807
8151,115839539780,716603,115840256383,0,0,0,456192,0,1119093616
8152,115839782957,480199,115840263156,6,0,0,32256,6,1139872545
8153,115840274032,115460,115840389492,6,0,1,11776,6,6977108038
8154,115840405924,61120,115840467044,6,0,0,98816,6,572503158
8155,115840476642,185974,115840662616,5,0,1,55296,5,1177281516
8156,115840551268,419298,115840970566,4,0,1,217600,4,8423020023
8157,115841021914,89164,115841111078,7,0,1,23040,7,1093188710
8158,115841173072,518037,115841691109,2,0,0,838656,2,917707130
8159,115841296780,410977,115841707757,4,0,1,32256,4,9984408802
8160,115841305613,296940,115841602553,6,0,1,119808,6,4203791512
8161,115841410828,438670,115841849498,6,0,0,40448,6,1739671625
8162,115841557192,628961,115842186153,8,0,0,1502720,8,8870602927
8163,115841761913,655168,115842417081,3,0,1,217088,3,9752857128
8164,115841774492,925791,115842700283,6,0,0,64000,6,5855484807
8165,115841787404,725273,115842512677,7,0,1,16384,7,9733421566
8166,115841815489,990573,115842806062,8,0,0,973824,8,7483489686
8167,115842302180,657537,115842959717,0,0,0,486912,0,3010799760
8168,115842541755,596288,115843138043,6,0,0,579072,6,1655594164
8169,115843524246,197212,115843721458,6,0,1,83968,6,695374979
8170,115843639708,145350,115843785058,4,0,1,20480,4,4660488638
8171,115843648243,407458,115844055701,8,0,0,960000,8,2804158404
8172,115843765810,594879,115844360689,7,0,1,12288,7,5478039846
8173,115843835653,507832,115844343485,5,0,1,42496,5,9567671689
8174,115843931477,344713,115844276190,8,0,0,129536,8,9416364148
8175,115844117791,384050,115844501841,7,0,1,31232,7,4602592850
8176,115844870317,630874,115845501191,8,0,0,1025024,8,10310063044
8177,115845207032,365767,115845572799,6,0,1,69120,6,657195841
8178,115845655038,101656,115845756694,3,0,1,33792,3,1559758972
8179,115845713740,42965,115845756705,0,0,0,56832,0,10656864595
8180,115846052594,136372,115846188966,9,0,1,132608,9,3460451700
8181,115846126303,120971,115846247274,7,0,1,39424,7,10329903289
8182,115846127032,640741,115846767773,6,0,0,1040896,6,8323809793
8183,115846165045,624233,115846789278,6,0,0,78336,6,5771905989
8184,115846212907,649821,115846862728,0,0,0,237056,0,7449109888
8185,115846389758,642615,115847032373,8,0,0,549888,8,1546929898
8186,115846507387,678212,115847185599,6,0,1,241152,6,7882730671
8187,115847129858,372461,115847502319,6,0,1,39936,6,4739416307
8188,115847436758,66717,115847503475,6,0,0,113152,6,4222035495
8189,115847471320,151403,115847622723,7,0,1,34816,7,3955766883
8190,115847479093,226686,115847705779,9,0,1,24576,9,4362061349
8191,115847640540,490675,115848131215,6,0,0,798720,6,4914215849
8192,115847862724,310426,115848173150,6,0,0,143360,6,6407254560
8193,115848431215,5322,115848436537,8,0,0,5632,8,3153414670
8194,115848732291,2942,115848735233,0,0,0,3072,0,8520051933
8195,115849065659,36859,115849102518,0,0,0,65024,0,4408251376
8196,115849309381,105556,115849414937,1,0,1,46592,1,6883697658
8197,115850248902,106442,115850355344,0,0,0,177152,0,6027784481
8198,115850392009,437554,115850829563,0,0,0,708608,0,5979825970
8199,115850396674,650063,115851046737,6,0,0,695808,6,1420463833
8200,115850663714,393648,115851057362,0,0,0,42496,0,7088476625
8201,115850749610,343671,115851093281,0,0,0,1174528,0,1446156674
8202,115850934604,806403,115851741007,0,0,0,509440,0,3490047421
8203,115850964790,780891,115851745681,6,0,1,18432,6,8785592654
8204,115852030523,34533,115852065056,0,0,0,60416,0,2069525612
8205,115852205380,110236,115852315616,5,0,1,61952,5,9193154741
8206,115852277276,84471,115852361747,8,0,0,137728,8,5212419040
8207,115852428141,381109,115852809250,0,0,0,622080,0,9148098668
8208,115852633835,480045,115853113880,6,0,0,3277824,6,3052430069
8209,115852753952,804243,115853558195,0,0,0,54272,0,7219472324
8210,115852964166,1030014,115853994180,9,0,1,26624,9,5695397696
8211,115853094645,1358796,115854453441,5,0,1,50688,5,2226088373
8212,115853193860,2025878,115855219738,6,0,0,642560,6,6056433166
8213,115853293559,1917258,115855210817,9,0,1,194560,9,5948211909
8214,115853338430,1676787,115855015217,6,0,0,2211328,6,7800774383
8215,115853353438,1503525,115854856963,5,0,1,45056,5,2172992516
8216,115853570885,526806,115854097691,0,0,0,1667072,0,1112509843
8217,115853822050,526828,115854348878,3,0,1,1024,3,4904720454
8218,115853893665,1239230,115855132895,9,0,1,51200,9,5847531300
8219,115853912874,1612727,115855525601,0,0,0,122880,0,7041741227
8220,115854181645,945102,115855126747,9,0,1,3072,9,4647856755
8221,115854209480,1387975,115855597455,9,0,1,103424,9,7084683189
8222,115854583545,2259036,115856842581,5,0,1,38912,5,3738897655
8223,115854732605,2646580,115857379185,0,0,0,1247232,0,10651995040
8224,115854881902,2347832,115857229734,5,0,1,37376,5,169650883
8225,115854889979,439926,115855329905,1,0,1,19968,1,4787406176
8226,115855552771,365491,115855918262,8,0,0,879616,8,10505459565
8227,115855710225,2025825,115857736050,8,0,0,64000,8,10454528781
8228,115855865719,1547200,115857412919,9,0,1,13312,9,4848262288
8229,115856014148,1411560,115857425708,8,0,0,670720,8,9032467298
8230,115856103732,312002,115856415734,6,0,0,167424,6,10334757542
8231,115856214670,1373779,115857588449,0,0,0,59904,0,6934115386
8232,115856254231,1348398,115857602629,9,0,1,35328,9,1468460632
8233,115856285155,1266233,115857551388,6,0,0,189952,6,268269190
8234,115856379190,1261915,115857641105,6,0,0,125440,6,900005627
8235,115856854920,1242277,115858097197,1,0,1,56832,1,8085590367
8236,115857202031,578455,115857780486,5,0,1,88576,5,7000395894
8237,115857714868,370208,115858085076,6,0,0,604160,6,4787803033
8238,115857764273,506720,115858270993,6,0,0,602624,6,3918019385
8239,115858056125,399751,115858455876,1,0,1,66560,1,1382874214
8240,115858984839,131737,115859116576,0,0,0,212992,0,8126546446
8241,115859025871,131497,115859157368,1,0,1,53248,1,8987510084
8242,115859068200,1107354,115860175554,8,0,0,1793024,8,7702028167
8243,115859220347,1047857,115860268204,0,0,0,295936,0,3931973995
8244,115859599610,768997,115860368607,8,0,0,330752,8,10069078704
8245,115859927083,1128487,115861055570,6,0,0,1826304,6,2408432752
8246,115860197410,997845,115861195255,8,0,0,446976,8,1677152994
8247,115860346035,855377,115861201412,6,0,0,29184,6,4446057084
8248,115860527205,801157,115861328362,8,0,0,407040,8,8412201127
8249,115860551119,600125,115861151244,8,0,0,196096,8,5049017345
8250,115860815075,864092,115861679167,1,0,1,128000,1,7375448509
8251,115860965011,465695,115861430706,0,0,0,142336,0,3762281978
8252,115861014623,418334,115861432957,6,0,0,308224,6,5917649559
8253,115861096988,510176,115861607164,1,0,1,61952,1,6192455828
8254,115861128943,521711,115861650654,8,0,0,409088,8,3814531457
8255,115861548587,107252,115861655839,6,0,0,24576,6,583251867
8256,115861816524,373178,115862189702,0,0,0,3109888,0,2935884408
8257,115862181514,1922040,115864103554,8,0,0,667648,8,8740578534
8258,115862559917,1765782,115864325699,0,0,0,857600,0,4703194405
8259,115863057703,378311,115863436014,6,0,0,239616,6,8726660430
8260,115863254824,261980,115863516804,0,0,0,336384,0,9716717160
8261,115863325529,1653043,115864978572,9,0,1,1536,9,9241872239
8262,115863723123,1234299,115864957422,7,0,0,9728,7,8640171713
8263,115863773377,1137537,115864910914,1,0,1,84480,1,7507580917
8264,115863838906,669597,115864508503,8,0,0,241664,8,4546344543
8265,115863898084,623780,115864521864,4,0,1,18432,4,5626946183
8266,115864027553,685918,115864713471,8,0,0,2365952,8,6075341234
8267,115864109918,225644,115864335562,1,0,1,1536,1,909383740
8268,115864631895,516037,115865147932,4,0,1,4608,4,1906058406
8269,115864720353,1465156,115866185509,0,0,0,309760,0,3094102871
8270,115864778830,867069,115865645899,4,0,1,47616,4,8490566375
8271,115864970970,387168,115865358138,6,0,0,279040,6,3404748071
8272,115865267070,703189,115865970259,1,0,1,129536,1,10122826533
8273,115865305321,391050,115865696371,0,0,0,71680,0,6806848914
8274,115865388271,398626,115865786897,1,0,1,94720,1,4789093009
8275,115865430299,493695,115865923994,0,0,0,428544,0,440461059
8276,115865496914,427526,115865924440,6,0,0,301568,6,5819978326
8277,115865799756,58626,115865858382,4,0,1,130560,4,4636262999
8278,115865887319,194629,115866081948,8,0,0,78336,8,4306819426
8279,115865956894,402689,115866359583,4,0,1,4096,4,10374341320
8280,115866017200,81206,115866098406,9,0,1,339456,9,8321965571
8281,115866034831,16353,115866051184,9,0,1,34304,9,3307267149
8282,115866079131,288078,115866367209,1,0,1,138240,1,3216165321
8283,115866185452,531640,115866717092,6,0,0,104960,6,2969462193
8284,115866255131,319088,115866574219,8,0,0,7680,8,7004631422
8285,115866297934,708464,115867006398,1,0,1,20480,1,7567982383
8286,115866452818,180141,115866632959,4,0,1,25088,4,2585925744
8287,115866545534,324428,115866869962,6,0,0,147968,6,3670695655
8288,115866545828,374760,115866920588,4,0,1,7168,4,9950676979
8289,115866714880,259482,115866974362,1,0,1,52736,1,9853922985
8290,115866793477,325407,115867118884,5,0,1,74752,5,1374164419
8291,115867620720,102436,115867723156,9,0,1,36352,9,8319246219
8292,115867671826,163145,115867834971,8,0,0,264192,8,2261342355
8293,115868038873,53321,115868092194,0,0,0,87040,0,3895650222
8294,115868069612,388738,115868458350,6,0,0,630272,6,7785919155
8295,115868214523,356308,115868570831,1,0,1,66048,1,10609313858
8296,115868220743,399545,115868620288,1,0,1,126976,1,10698191584
8297,115868227674,522157,115868749831,1,0,1,66048,1,4092343298
8298,115868249292,617113,115868866405,4,0,1,220672,4,7182174389
8299,115868880513,278050,115869158563,8,0,0,454656,8,3418075015
8300,115869056274,252559,115869308833,1,0,1,46592,1,1168735977
8301,115869077368,256116,115869333484,1,0,1,7168,1,1625531728
8302,115869260157,177575,115869437732,8,0,0,292352,8,4057091420
8303,115869419105,419800,115869838905,6,0,0,684032,6,10312069289
8304,115869521670,441707,115869963377,0,0,0,399360,0,4360004687
8305,115869774234,221324,115869995558,8,0,0,113152,8,6770073858
8306,115869832748,245809,115870078557,0,0,0,274432,0,3670982906
8307,115870011266,236451,115870247717,9,0,1,19456,9,6720701443
8308,115870439043,35567,115870474610,6,0,0,62464,6,8141470164
8309,115870501815,44141,115870545956,8,0,0,75776,8,9192641902
8310,115870768755,309200,115871077955,6,0,0,505344,6,6925280590
8311,115870888146,222271,115871110417,1,0,1,56832,1,2592375921
8312,115871180039,134233,115871314272,6,0,0,221184,6,1809200630
8313,115871221807,565236,115871787043,0,0,0,1257472,0,2693746758
8314,115871344163,799848,115872144011,1,0,1,69632,1,4859987950
8315,115871788716,6274,115871794990,9,0,1,96768,9,2146255955
8316,115872106981,387497,115872494478,6,0,0,6656,6,641554601
8317,115872446788,258058,115872704846,0,0,0,422400,0,10413411348
8318,115872482274,406514,115872888788,7,0,1,113664,7,4489568549
8319,115872707038,217642,115872924680,4,0,1,70144,4,7469999815
8320,115873486025,64479,115873550504,0,0,0,105472,0,9969334271
8321,115874452787,85416,115874538203,0,0,0,142848,0,10016805411
8322,115874483661,154819,115874638480,6,0,0,229888,6,9608549442
8323,115874562658,81109,115874643767,6,0,0,16896,6,6136986794
8324,115874578245,95822,115874674067,7,0,1,9728,7,3937093007
8325,115874590495,20878,115874611373,1,0,1,78336,1,4851427310
8326,115874741044,241924,115874982968,6,0,0,33792,6,7183276215
8327,115874745792,249484,115874995276,8,0,0,394752,8,8040559912
8328,115874852048,168225,115875020273,2,0,1,354816,2,61495176
8329,115874941185,486246,115875427431,6,0,0,277504,6,2899535285
8330,115875375442,194812,115875570254,6,0,0,315904,6,1550439927
8331,115875486763,487582,115875974345,8,0,0,1565184,8,5791318497
8332,115875497398,609968,115876107366,0,0,0,528896,0,2997501560
8333,115875585955,964741,115876550696,0,0,0,198144,0,7135171988
8334,115875628679,579649,115876208328,2,0,1,31232,2,3372826202
8335,115875707192,1119335,115876826527,4,0,1,36864,4,4579746981
8336,115875743948,1092733,115876836681,8,0,0,547840,8,7278019355
8337,115875750855,754822,115876505677,7,0,0,8192,7,4631695755
8338,115875897669,1108719,115877006388,7,0,0,4096,7,3029852030
8339,115875912626,372790,115876285416,2,0,1,4608,2,1295143291
8340,115875993774,1106958,115877100732,6,0,0,217600,6,9131317285
8341,115876071389,962730,115877034119,2,0,1,138752,2,4223467373
8342,115876482162,929817,115877411979,2,0,1,2560,2,3832745980
8343,115876730064,224810,115876954874,7,0,1,5120,7,6116306363
8344,115876791943,409660,115877201603,6,0,0,306688,6,2169382711
8345,115877136784,235999,115877372783,6,0,0,386048,6,690724613
8346,115877356617,181430,115877538047,7,0,1,37376,7,2141146878
8347,115877407672,153634,115877561306,1,0,1,30208,1,5419919587
8348,115877435479,6557,115877442036,0,0,0,238080,0,1089724172
8349,115877467777,369294,115877837071,2,0,1,67072,2,3104553536
8350,115877473249,325256,115877798505,1,0,1,17408,1,6425509089
8351,115877578617,311243,115877889860,7,0,1,135168,7,6919354663
8352,115877586964,442530,115878029494,7,0,0,11776,7,6723672455
8353,115878094283,72064,115878166347,4,0,1,12288,4,7174127660
8354,115878161535,360083,115878521618,0,0,0,587776,0,6220180793
8355,115878223040,335482,115878558522,6,0,0,127488,6,4749243670
8356,115878263797,300114,115878563911,6,0,0,25600,6,4161187704
8357,115878342325,261349,115878603674,4,0,1,31232,4,2518463007
8358,115878458103,127467,115878585570,2,0,1,53248,2,10130623281
8359,115878593055,464766,115879057821,0,0,0,211456,0,2658932884
8360,115878861050,22170,115878883220,7,0,0,36352,7,2241882092
8361,115878884927,103840,115878988767,1,0,1,4608,1,2527315962
8362,115878952406,186697,115879139103,7,0,1,40960,7,9343526367
8363,115879014866,139918,115879154784,4,0,1,116224,4,9451275624
8364,115879195335,185891,115879381226,8,0,0,305152,8,10002357327
8365,115879252747,196042,115879448789,4,0,1,7680,4,9872157432
8366,115879370828,122748,115879493576,7,0,1,4096,7,3284444327
8367,115879533240,115104,115879648344,8,0,0,187392,8,3871938817
8368,115879572158,238056,115879810214,4,0,1,96768,4,4586884152
8369,115879658891,233899,115879892790,2,0,1,49664,2,6174755795
8370,115879798711,230345,115880029056,6,0,0,359424,6,812690034
8371,115879823686,256752,115880080438,8,0,0,163840,8,7129436641
8372,115880293126,110704,115880403830,2,0,1,63488,2,1493055634
8373,115880380792,104206,115880484998,7,0,1,30208,7,5049036720
8374,115880757933,116008,115880873941,7,0,1,80896,7,1677742223
8375,115881068536,7226,115881075762,7,0,0,7680,7,454337874
8376,115881079454,103840,115881183294,7,0,1,40960,7,3307651509
8377,115881160753,486112,115881646865,6,0,0,786432,6,88905117
8378,115881215714,437155,115881652869,7,0,0,20480,7,8796644931
8379,115881382206,314348,115881696554,7,0,1,18944,7,8950267407
8380,115881440178,319071,115881759249,4,0,1,5632,4,3044255155
8381,115881547941,240790,115881788731,4,0,1,14848,4,4351651392
8382,115881745595,267747,115882013342,5,0,1,235520,5,5000450337
8383,115882160632,727708,115882888340,8,0,0,2139136,8,4688389471
8384,115882168794,625064,115882793858,4,0,1,5120,4,1709400954
8385,115882314308,569837,115882884145,1,0,1,78848,1,3082726484
8386,115882362886,798056,115883160942,1,0,1,11776,1,3371724
8387,115882514714,473637,115882988351,4,0,1,30208,4,9980751071
8388,115882588802,1315984,115883904786,8,0,0,7168,8,4768681404
8389,115882653752,892320,115883546072,8,0,0,621056,8,10472900320
8390,115882791264,1020799,115883812063,4,0,1,54784,4,338898959
8391,115883037701,649679,115883687380,0,0,0,60928,0,10509896449
8392,115883231671,484399,115883716070,8,0,0,111616,8,9979773056
8393,115883281997,353772,115883635769,6,0,0,412160,6,5577409357
8394,115883320719,558712,115883879431,8,0,0,132096,8,8195394714
8395,115883381342,561674,115883943016,6,0,0,160768,6,4551124117
8396,115883448116,548791,115883996907,4,0,1,12288,4,7884940847
8397,115883556094,525098,115884081192,0,0,0,480768,0,5196703892
8398,115883857488,392868,115884250356,4,0,1,53248,4,9088049283
8399,115884222210,74604,115884296814,0,0,0,121856,0,3711000695
8400,115884301366,94854,115884396220,0,0,0,154624,0,3058416542
8401,115884314790,234495,115884549285,1,0,1,146432,1,9937781219
8402,115884380775,380513,115884761288,1,0,1,1536,1,3623188308
8403,115884393529,315007,115884708536,2,0,1,12800,2,9247755771
8404,115884694143,106352,115884800495,6,0,0,170496,6,4649167539
8405,115884834368,86919,115884921287,2,0,1,35328,2,5329592788
8406,115884866957,257169,115885124126,1,0,1,100864,1,918834303
8407,115884993843,255323,115885249166,4,0,1,11264,4,8208671281
8408,115885146263,40612,115885186875,6,0,0,65536,6,10622119439
8409,115885147425,62755,115885210180,7,0,1,512,7,5716335479
8410,115885184764,221888,115885406652,4,0,1,165376,4,1902790168
8411,115885267180,143702,115885410882,7,0,1,11776,7,892279852
8412,115885478395,539491,115886017886,8,0,0,877056,8,2380848096
8413,115885630375,429446,115886059821,0,0,0,143360,0,5023525872
8414,115885672647,403546,115886076193,0,0,0,61952,0,4180030604
8415,115885830654,448920,115886279574,7,0,1,154624,7,2748181216
8416,115885874017,256050,115886130067,4,0,1,6656,4,6272972257
8417,115886023535,453645,115886477180,0,0,0,394752,0,9215437565
8418,115886180490,182501,115886362991,0,0,0,1044480,0,10694233803
8419,115886334824,642550,115886977374,0,0,0,801792,0,5853513836
8420,115886440638,736085,115887176723,5,0,1,18432,5,8473444039
8421,115886822120,408333,115887230453,9,0,1,83968,9,3821155271
8422,115886869336,235936,115887105272,5,0,1,64512,5,6106995191
8423,115887013271,424651,115887437922,1,0,1,32768,1,8428684207
8424,115887243569,81180,115887324749,0,0,0,126976,0,4452450559
8425,115887368224,376638,115887744862,6,0,0,1414144,6,4052852348
8426,115887459941,295106,115887755047,4,0,1,32256,4,5903460866
8427,115887613864,323869,115887937733,5,0,1,66048,5,4373394999
8428,115887675945,389642,115888065587,5,0,1,38400,5,8660227779
8429,115887686510,696124,115888382634,6,0,0,89600,6,1774300894
8430,115887738522,873446,115888611968,5,0,1,19456,5,7929686459
8431,115887770093,582413,115888352506,4,0,1,8192,4,8688941530
8432,115887788222,712078,115888500300,4,0,1,26112,4,3353234222
8433,115888212039,363523,115888575562,5,0,1,78848,5,4022648354
8434,115888843952,68368,115888912320,0,0,1,10240,0,7660767694
8435,115888857211,377749,115889234960,0,0,0,615424,0,3534901011
8436,115888866989,346882,115889213871,2,0,1,92672,2,1013015573
8437,115888940996,467723,115889408719,8,0,0,171520,8,5305929551
8438,115889024584,351016,115889375600,6,0,0,280576,6,9802649113
8439,115889106624,279396,115889386020,8,0,0,33280,8,2383593002
8440,115889119446,209206,115889328652,7,0,1,96768,7,5728482235
8441,115889177800,388738,115889566538,8,0,0,1536,8,803510026
8442,115889241915,206662,115889448577,6,0,0,630272,6,3757670374
8443,115889424657,555153,115889979810,8,0,0,1024,8,4587812317
8444,115889464601,292891,115889757492,2,0,1,1536,2,1698763619
8445,115889685410,227785,115889913195,5,0,1,193536,5,47734421
8446,115889690588,298817,115889989405,2,0,1,45056,2,7463356903
8447,115889773455,446691,115890220146,6,0,0,488448,6,9541277263
8448,115889805172,326940,115890132112,8,0,0,151552,8,6611665403
8449,115890271611,118483,115890390094,0,0,1,37888,0,4096512601
8450,115890561201,144658,115890705859,0,0,0,1793024,0,6810908587
8451,115890740559,460315,115891200874,8,0,0,14848,8,3035227620
8452,115890787962,1107354,115891895316,8,0,0,1517568,8,904884988
8453,115890909674,929379,115891839053,2,0,1,80896,2,6568128874
8454,115890942518,1361327,115892303845,8,0,0,46080,8,7168153919
8455,115891036429,1214721,115892251150,2,0,1,512,2,3924617819
8456,115891078792,606361,115891685153,8,0,0,362496,8,9058279909
8457,115891326686,484303,115891810989,2,0,1,156672,2,8418799481
8458,115891375502,796255,115892171757,8,0,0,62976,8,7781822473
8459,115891510531,1228005,115892738536,4,0,1,124928,4,5244613011
8460,115891641287,931314,115892572601,4,0,1,143872,4,3889494877
8461,115891740327,371187,115892111514,0,0,1,139264,0,5550660412
8462,115891780388,702004,115892482392,0,0,1,43520,0,743939524
8463,115891988151,462758,115892450909,0,0,1,2048,0,9358242252
8464,115891992617,1187753,115893180370,4,0,1,16896,4,9720652130
8465,115892279573,122641,115892402214,0,0,1,67584,0,8731968749
8466,115892415210,482611,115892897821,4,0,1,3072,4,9399628352
8467,115892427441,347921,115892775362,8,0,0,179712,8,496973956
8468,115892569122,368388,115892937510,8,0,0,956416,8,6303512786
8469,115892579470,610085,115893189555,8,0,1,52224,8,7211444757
8470,115892711699,319580,115893031279,8,0,1,11264,8,6322539322
8471,115892806899,496824,115893303723,5,0,1,154112,5,788687650
8472,115892810808,659410,115893470218,4,0,1,75776,4,7525822822
8473,115892860895,661006,115893521901,6,0,0,75264,6,10585587163
8474,115893713713,188283,115893901996,4,0,1,94720,4,7730388917
8475,115893932526,78856,115894011382,0,0,1,19456,0,656721358
8476,115893941025,223309,115894164334,0,0,1,208896,0,8618170972
8477,115894079628,111781,115894191409,5,0,1,60928,5,9867392427
8478,115894158033,205036,115894363069,5,0,1,163328,5,628550933
8479,115894405986,104152,115894510138,4,0,1,41984,4,278713790
8480,115894476370,124432,115894600802,4,0,1,108544,4,1597732829
8481,115894541997,134579,115894676576,8,0,0,218624,8,3787469835
8482,115894634071,140279,115894774350,4,0,1,9216,4,5256025954
8483,115894643849,152876,115894796725,5,0,1,41984,5,4619541437
8484,115894925319,48976,115894974295,8,0,1,2048,8,9958672872
8485,115894961207,99472,115895060679,2,0,1,26624,2,2440923899
8486,115895091622,104932,115895196554,2,0,1,44544,2,6992265773
8487,115895302300,146524,115895448824,2,0,1,135680,2,1964992874
8488,115895361647,151653,115895513300,4,0,1,47616,4,9473133666
8489,115895429469,153959,115895583428,4,0,1,18432,4,1042526714
8490,115895525244,162434,115895687678,4,0,1,132608,4,4256968254
8491,115895766619,124432,115895891051,5,0,1,108544,5,6119063727
8492,115895796209,126720,115895922929,0,0,1,20480,0,3515409295
8493,115895950575,327988,115896278563,6,0,0,531968,6,449280863
8494,115896191787,347888,115896539675,0,0,1,123392,0,6185523276
8495,115896286199,478741,115896764940,8,0,0,778752,8,6361078847
8496,115896480729,248586,115896729315,2,0,1,35328,2,9570021380
8497,115896515326,329184,115896844510,4,0,1,23040,4,1381923458
8498,115896574097,380155,115896954252,0,0,0,186368,0,3411065455
8499,115896768244,3641,115896771885,5,0,1,30208,5,4655671288
8500,115896863481,312945,115897176426,8,0,0,10240,8,10449649190
8501,115896916435,216812,115897133247,4,0,1,16384,4,4551306047
8502,115896929842,229816,115897159658,2,0,1,14336,2,4754824336
8503,115897242941,104620,115897347561,4,0,1,43520,4,1407957088
8504,115897397841,92392,115897490233,9,0,1,23552,9,7435540811
8505,115897588894,4158,115897593052,8,0,0,11264,8,2143728680
8506,115897630701,384049,115898014750,6,0,0,953856,6,10316996251
8507,115897713023,589170,115898302193,6,0,0,185856,6,5037884535
8508,115897801856,564489,115898366345,4,0,1,37376,4,6982358409
8509,115898298990,32037,115898331027,0,0,0,52224,0,9462907795
8510,115898477321,367251,115898844572,9,0,1,120832,9,5409802647
8511,115898477519,495842,115898973361,0,0,0,1513472,0,7502910202
8512,115898734269,934712,115899668981,5,0,1,70144,5,2604216525
8513,115898878511,213189,115899091700,8,0,0,169984,8,4140795138
8514,115898985377,586330,115899571707,8,0,0,692224,8,8283676559
8515,115899218264,692478,115899910742,9,0,1,7168,9,10443468316
8516,115899286625,417789,115899704414,6,0,0,758272,6,10725245529
8517,115899299201,460529,115899759730,0,0,0,699904,0,9290176188
8518,115899331875,453975,115899785850,4,0,1,14848,4,5070733722
8519,115899354836,156839,115899511675,0,0,1,9728,0,9008446140
8520,115899386820,628321,115900015141,8,0,1,5120,8,6349708682
8521,115899579634,832463,115900412097,8,0,0,28672,8,1737355104
8522,115899649417,558086,115900207503,4,0,1,33280,4,1827067583
8523,115899751154,215125,115899966279,4,0,1,2560,4,7207174879
8524,115899762267,396476,115900158743,9,0,1,34304,9,5872216879
8525,115899928292,616050,115900544342,0,0,0,18944,0,2735169723
8526,115900166455,346844,115900513299,5,0,1,59904,5,8920921702
8527,115900178459,221333,115900399792,0,0,1,154112,0,10675360676
8528,115900248415,319583,115900567998,4,0,1,95744,4,7312670311
8529,115900254954,489833,115900744787,0,0,0,522240,0,1171448391
8530,115900310554,356584,115900667138,5,0,1,4608,5,3989924084
8531,115900316556,528748,115900845304,8,0,0,316416,8,616890816
8532,115900318923,466080,115900785003,6,0,0,4900352,6,3124353305
8533,115900346919,522694,115900869613,5,0,1,8192,5,4742591370
8534,115900373919,1685532,115902059451,4,0,1,112128,4,7989562854
8535,115900450575,1578766,115902029341,9,0,1,34816,9,3457868941
8536,115900555130,515899,115901071029,8,0,0,276992,8,5668849269
8537,115900673454,420960,115901094414,0,0,1,12288,0,7246710902
8538,115900856582,1435891,115902292473,0,0,0,27648,0,8251143542
8539,115900857573,777248,115901634821,0,0,0,606720,0,6797098725
8540,115901073817,209021,115901282838,0,0,1,188416,0,766254914
8541,115901814801,772846,115902587647,9,0,1,108544,9,9288215793
8542,115901902613,654475,115902557088,2,0,1,8704,2,6846493547
8543,115901918784,642012,115902560796,6,0,1,24576,6,8503997164
8544,115901940751,440129,115902380880,6,0,0,991232,6,8092259656
8545,115901953229,320466,115902273695,6,0,0,336896,6,8528344866
8546,115902330184,3225391,115905555575,8,0,1,57856,8,1070685353
8547,115902485618,3075511,115905561129,5,0,1,22528,5,8931031037
8548,115902592559,2786336,115905378895,0,0,1,155136,0,7369094334
8549,115902604355,1134247,115903738602,8,0,1,18432,8,265415245
8550,115902694198,2996104,115905690302,0,0,0,57856,0,2426165287
8551,115902733923,497524,115903231447,8,0,1,15872,8,4777908346
8552,115902809400,323030,115903132430,0,0,0,531968,0,222782135
8553,115902945458,435637,115903381095,5,0,1,24064,5,6233006128
8554,115903216697,579497,115903796194,6,0,1,8192,6,7695597634
8555,115903546785,166466,115903713251,2,0,1,95232,2,399635608
8556,115903591822,502073,115904093895,0,0,0,709632,0,2102073487
8557,115903716963,2446686,115906163649,8,0,1,97280,8,10051528755
8558,115903803895,551077,115904354972,4,0,1,39424,4,38476306
8559,115903866430,476688,115904343118,6,0,1,50688,6,5285027002
8560,115903885353,2592288,115906477641,5,0,1,51712,5,507496516
8561,115903891501,1884527,115905776028,3,0,1,75264,3,6638231158
8562,115903951226,534162,115904485388,8,0,0,713728,8,10352555545
8563,115903969065,2003773,115905972838,5,0,1,4608,5,7559005447
8564,115904105027,407945,115904512972,4,0,1,88576,4,5410075251
8565,115904117937,1495931,115905613868,8,0,0,512512,8,1268797416
8566,115904154224,91574,115904245798,0,0,1,3072,0,7992119470
8567,115904225848,677253,115904903101,6,0,0,524800,6,2277969212
8568,115904266336,1429391,115905695727,6,0,0,287744,6,2059190241
8569,115904406261,315863,115904722124,8,0,0,448512,8,4813957883
8570,115904479344,787199,115905266543,8,0,1,18944,8,4614953476
8571,115904517272,1497925,115906015197,8,0,1,33280,8,6943646906
8572,115904607503,1596602,115906204105,6,0,0,49664,6,3594682303
8573,115904640140,427000,115905067140,0,0,0,807424,0,5052169330
8574,115904738095,1674495,115906412590,8,0,1,96768,8,2310340125
8575,115905019627,401244,115905420871,4,0,1,1024,4,8797729282
8576,115905085896,1737446,115906823342,5,0,1,9216,5,6938883323
8577,115905461188,1568576,115907029764,3,0,1,36864,3,251212799
8578,115905692500,476352,115906168852,5,0,1,60928,5,10606079144
8579,115905769314,1860743,115907630057,4,0,1,51712,4,3519729928
8580,115906107717,402232,115906509949,4,0,1,50176,4,1945172294
8581,115906236733,619804,115906856537,4,0,1,30208,4,1221397792
8582,115906492744,452256,115906945000,6,0,1,56832,6,296509289
8583,115906506660,323867,115906830527,8,0,0,2018816,8,600872767
8584,115906709577,878011,115907587588,4,0,1,84480,4,8604910406
8585,115907152121,1250499,115908402620,9,0,1,48128,9,2032442763
8586,115907580698,301461,115907882159,6,0,1,74240,6,2321817129
8587,115907603327,433328,115908036655,0,0,0,998912,0,9412177671
8588,115907696213,613984,115908310197,6,0,0,111104,6,8916742420
8589,115907703667,552869,115908256536,5,0,1,1536,5,527080866
8590,115907847006,444113,115908291119,0,0,0,135680,0,7672082933
8591,115907876004,415986,115908291990,0,0,0,12288,0,140475786
8592,115907933579,516962,115908450541,6,0,1,260608,6,9650852072
8593,115908019794,575453,115908595247,6,0,0,935424,6,8720834061
8594,115908045008,274371,115908319379,4,0,1,2560,4,705824878
8595,115908111726,471865,115908583591,9,0,1,25088,9,8190016095
8596,115908147992,631886,115908779878,9,0,1,70656,9,5422772634
8597,115908171731,638426,115908810157,6,0,1,55808,6,6788216914
8598,115908321952,682347,115909004299,6,0,0,13312,6,9737654523
8599,115908467187,441733,115908908920,4,0,1,23040,4,10162997053
8600,115908468338,437675,115908906013,8,0,0,711168,8,9279660122
8601,115908517091,583015,115909100106,4,0,1,7168,4,2695487537
8602,115908660135,400809,115909060944,8,0,0,495104,8,6610301034
8603,115908970983,412991,115909383974,5,0,1,97792,5,5569024454
8604,115908995414,402590,115909398004,5,0,1,34816,5,5819450517
8605,115909095924,495019,115909590943,5,0,1,126976,5,3322105767
8606,115909451981,228435,115909680416,6,0,1,26112,6,6169866794
8607,115909649570,292266,115909941836,9,0,1,52736,9,549700890
8608,115909685946,376908,115910062854,4,0,1,91648,4,9131650300
8609,115909997463,29026,115910026489,6,0,0,33792,6,4010473562
8610,115910254907,154741,115910409648,6,0,0,254464,6,10171394237
8611,115910269938,237371,115910507309,6,0,0,283648,6,6430221141
8612,115910552262,329243,115910881505,0,0,1,134144,0,1562266693
8613,115910782969,115791,115910898760,0,0,0,192000,0,6238589390
8614,115910817416,177935,115910995351,6,0,0,184832,6,9298440011
8615,115910858343,315616,115911173959,4,0,1,71168,4,2704593202
8616,115910874949,353917,115911228866,6,0,1,67584,6,9064181097
8617,115911022528,425362,115911447890,8,0,0,688128,8,8852582793
8618,115911043729,419816,115911463545,8,0,0,50176,8,5765468645
8619,115911050274,290587,115911340861,6,0,1,14848,6,8254135173
8620,115911214688,525767,115911740455,0,0,0,142336,0,7121612653
8621,115911283700,363682,115911647382,4,0,1,68096,4,2759039014
8622,115911294926,452458,115911747384,4,0,1,46592,4,8500682557
8623,115911592874,326691,115911919565,9,0,1,222208,9,10275531409
8624,115911648796,282636,115911931432,9,0,1,38912,9,10622050603
8625,115911764690,185317,115911950007,8,0,1,60928,8,5273815017
8626,115911818950,192042,115912010992,6,0,1,105984,6,9799299234
8627,115911946064,112923,115912058987,6,0,1,57856,6,1191410376
8628,115911994275,69069,115912063344,0,0,1,3072,0,9694450337
8629,115912044789,115378,115912160167,6,0,1,32256,6,3570773755
8630,115912048877,183248,115912232125,2,0,1,40448,2,7797634300
8631,115912314405,94660,115912409065,4,0,1,15872,4,6759590974
8632,115912327283,179008,115912506291,8,0,1,151552,8,10174947246
8633,115912376491,164604,115912541095,4,0,1,59904,4,8744147695
8634,115912385622,192741,115912578363,5,0,1,78336,5,9339473024
8635,115912627654,98692,115912726346,0,0,1,22528,0,1616284914
8636,115912631230,123640,115912754870,0,0,1,47104,0,10718232503
8637,115912631543,135592,115912767135,6,0,1,24064,6,1229351793
8638,115912875799,76048,115912951847,9,0,1,10240,9,9928232327
8639,115912906364,310772,115913217136,8,0,0,1090048,8,6910784515
8640,115912970401,619976,115913590377,0,0,1,105984,0,10141539189
8641,115913092646,684024,115913776670,5,0,1,7168,5,7845177636
8642,115913355334,320749,115913676083,8,0,0,324608,8,1677218724
8643,115913790594,10237,115913800831,0,0,0,16384,0,9709266998
8644,115913829119,180961,115914010080,2,0,1,45568,2,4358517784
8645,115913840503,241969,115914082472,9,0,1,82432,9,6721749289
8646,115914007931,248477,115914256408,9,0,1,111616,9,9771381713
8647,115914073224,188811,115914262035,0,0,1,18432,0,10009038669
8648,115914362868,266633,115914629501,0,0,0,435712,0,466463325
8649,115914431976,350344,115914782320,0,0,1,107008,0,3097834935
8650,115914783683,97912,115914881595,5,0,1,21504,5,615403223
8651,115914859615,256249,115915115864,6,0,0,418816,6,10735326262
8652,115915418466,45592,115915464058,8,0,1,1024,8,4312430609
8653,115915448088,118348,115915566436,5,0,1,88576,5,6128080841
8654,115915480553,125249,115915605802,1,0,1,25088,1,1260677201
8655,115915515186,222862,115915738048,0,0,0,360448,0,5932322280
8656,115915705137,199027,115915904164,0,0,1,22528,0,823418815
8657,115915749570,140762,115915890332,0,0,1,57344,0,4513938575
8658,115915810030,257952,115916067982,0,0,1,7168,0,1025518852
8659,115915930738,77740,115916008478,2,0,1,10752,2,53753481
8660,115916012738,107740,115916120478,9,0,1,53760,9,6869106040
8661,115916107210,111016,115916218226,2,0,1,20992,2,8593974684
8662,115916136791,116229,115916253020,8,0,1,63488,8,2011061980
8663,115916172654,156380,115916329034,9,0,1,84992,9,2629130734
8664,115916757853,117256,115916875109,1,0,1,84992,1,5978642327
8665,115916937932,103216,115917041148,1,0,1,38912,1,2724595698
8666,115916964828,244698,115917209526,9,0,1,202240,9,80537752
8667,115916993076,287968,115917281044,9,0,1,145920,9,3831032252
8668,115917178941,141125,115917320066,9,0,1,62976,9,3104823867
8669,115917362587,84400,115917446987,0,0,1,22528,0,7408487814
8670,115917471273,326179,115917797452,6,0,0,528384,6,7700452809
8671,115917744683,329070,115918073753,6,0,0,753152,6,3451047938
8672,115917834535,462109,115918296644,0,0,1,27136,0,2133936386
8673,115917850513,446061,115918296574,8,0,1,95744,8,4263315231
8674,115917871251,591029,115918462280,8,0,1,77312,8,898696725
8675,115918111777,279070,115918390847,2,0,1,57856,2,5601593557
8676,115918198726,239475,115918438201,1,0,1,71680,1,5616345571
8677,115918272372,418712,115918691084,0,0,1,5632,0,2115673662
8678,115918349168,216895,115918566063,1,0,1,37376,1,9103786766
8679,115918624856,253237,115918878093,0,0,0,409600,0,8480821849
8680,115918669235,298872,115918968107,1,0,1,75776,1,5028136240
8681,115918699831,353549,115919053380,2,0,1,63488,2,2541852538
8682,115918811879,261269,115919073148,1,0,1,42496,1,8549417830
8683,115918902346,189845,115919092191,0,0,1,62464,0,892859394
8684,115919042200,112516,115919154716,2,0,1,32768,2,6167162110
8685,115919212064,103429,115919315493,0,0,0,167936,0,1243178602
8686,115919220764,141769,115919362533,5,0,1,9728,5,7685990650
8687,115919230328,148082,115919378410,0,0,0,187392,0,2702897809
8688,115919336736,163883,115919500619,8,0,1,135680,8,5252331477
8689,115919392833,358230,115919751063,5,0,1,76800,5,4827096597
8690,115919486013,213800,115919699813,5,0,1,15872,5,7092767807
8691,115919497036,315537,115919812573,9,0,0,510976,9,10120901061
8692,115919508387,347504,115919855891,0,0,0,722432,0,5282602476
8693,115919508525,590798,115920099323,0,0,1,18432,0,7918423114
8694,115919709095,469693,115920178788,0,0,1,43008,0,1158575352
8695,115919758948,406959,115920165907,6,0,0,738304,6,8684228150
8696,115919764411,571478,115920335889,2,0,1,60928,2,1588146256
8697,115919919734,588396,115920508130,9,0,1,9728,9,8998561334
8698,115920073260,378979,115920452239,8,0,1,31232,8,4229165940
8699,115920189679,470756,115920660435,0,0,1,98816,0,1846212910
8700,115920346112,322999,115920669111,6,0,0,512512,6,2715633792
8701,115920360903,280758,115920641661,5,0,1,19968,5,586417151
8702,115920368742,291128,115920659870,1,0,1,23552,1,7714765378
8703,115920424643,429592,115920854235,0,0,0,124416,0,4426872393
8704,115920455389,526412,115920981801,9,0,0,139264,9,6480492487
8705,115920598026,444581,115921042607,5,0,1,61440,5,3320406001
8706,115921115204,100564,115921215768,9,0,1,30208,9,6979052813
8707,115921435207,110860,115921546067,1,0,1,64000,1,8519967734
8708,115921578313,25700,115921604013,9,0,0,46592,9,9629236026
8709,115921772014,114136,115921886150,1,0,1,74752,1,4017988034
8710,115921944387,26734,115921971121,0,0,0,48640,0,2171374009
8711,115921950171,110726,115922060897,1,0,1,66560,1,9735554274
8712,115921952202,259445,115922211647,8,0,1,5120,8,386338873
8713,115922152985,298558,115922451543,0,0,0,487936,0,939009228
8714,115922168983,343803,115922512786,5,0,1,6144,5,7225350446
8715,115922266329,342372,115922608701,2,0,1,57856,2,8851717581
8716,115922338954,621354,115922960308,9,0,0,1006592,9,617254220
8717,115922378338,600325,115922978663,8,0,1,44032,8,10371196914
8718,115922713947,369589,115923083536,4,0,1,5632,4,202088022
8719,115922772867,598972,115923371839,6,0,0,1129472,6,6944199467
8720,115922905277,731393,115923636670,9,0,1,229376,9,2480729754
8721,115922988112,721704,115923709816,0,0,0,774656,0,9546439767
8722,115923088826,597312,115923686138,9,0,0,384000,9,7536366845
8723,115923140798,740534,115923881332,6,0,0,1167360,6,1743467119
8724,115923168235,1079597,115924247832,9,0,0,1063936,9,6807218658
8725,115923211722,1383668,115924595390,0,0,1,1024,0,8756210942
8726,115923316758,623784,115923940542,9,0,0,359936,9,3737295145
8727,115923865188,1347550,115925212738,6,0,0,764928,6,4868565577
8728,115923999706,625254,115924624960,5,0,1,28672,5,9157754789
8729,115924108748,548732,115924657480,2,0,1,25088,2,4174091413
8730,115924299835,1037760,115925337595,5,0,1,62976,5,4188284473
8731,115924450061,480336,115924930397,6,0,0,96256,6,2334844516
8732,115924636332,445713,115925082045,9,0,1,66560,9,5726729649
8733,115924781993,380661,115925162654,0,0,1,130048,0,2764920620
8734,115924809685,433882,115925243567,0,0,0,699392,0,4534079891
8735,115924957528,590515,115925548043,5,0,1,93184,5,3832978823
8736,115925041465,335529,115925376994,9,0,1,133120,9,1244428728
8737,115925314802,667968,115925982770,9,0,0,543232,9,1236438414
8738,115925560727,197050,115925757777,6,0,0,323584,6,9108682933
8739,115925635423,269804,115925905227,4,0,1,34304,4,2886098198
8740,115925639575,404649,115926044224,0,0,1,84480,0,5467813179
8741,115925641952,338990,115925980942,0,0,0,1289216,0,6944170895
8742,115925667714,559829,115926227543,5,0,1,81920,5,9874294367
8743,115925676495,760412,115926436907,9,0,0,350720,9,9983225393
8744,115925728075,350122,115926078197,9,0,1,33792,9,3201876280
8745,115925755398,815315,115926570713,1,0,1,26112,1,10510790785
8746,115925780873,677224,115926458097,9,0,1,17408,9,516894842
8747,115925867935,787404,115926655339,9,0,1,73728,9,3998524914
8748,115925962004,891793,115926853797,5,0,1,16384,5,9521543962
8749,115926079107,973404,115927052511,5,0,1,3584,5,5315536326
8750,115926500437,35692,115926536129,2,0,1,93184,2,9009685624
8751,115926506691,347340,115926854031,1,0,1,33280,1,8767407765
8752,115926529872,325418,115926855290,5,0,1,4096,5,1517082779
8753,115926701087,383256,115927084343,6,0,0,61952,6,5818835999
8754,115926940201,194858,115927135059,8,0,1,48128,8,9877314844
8755,115926943524,375333,115927318857,4,0,1,150528,4,68128054
8756,115927245311,91395,115927336706,9,0,1,67584,9,7550147431
8757,115927360959,257029,115927617988,0,0,1,5632,0,261825974
8758,115927506289,64072,115927570361,8,0,1,11264,8,4888671668
8759,115927546474,98224,115927644698,2,0,1,22528,2,2226633307
8760,115927573780,146724,115927720504,8,0,1,170496,8,3326307292
8761,115927584404,223864,115927808268,0,0,1,37888,0,4431901797
8762,115927889150,106492,115927995642,1,0,1,32768,1,4334214015
8763,115927894005,122821,115928016826,4,0,1,49664,4,7159654623
8764,115927909091,147158,115928056249,5,0,1,81408,5,7500260972
8765,115928028150,125368,115928153518,2,0,1,111616,2,7849789702
8766,115928075701,77828,115928153529,0,0,0,105984,0,7904896828
8767,115928180064,110225,115928290289,9,0,1,26624,9,5749097467
8768,115928254417,100408,115928354825,9,0,1,29696,9,10664915122
8769,115928363878,130984,115928494862,4,0,1,130048,4,3857058312
8770,115928512402,97912,115928610314,1,0,1,21504,1,912142809
8771,115928691302,102904,115928794206,8,0,1,37888,8,5285657738
8772,115929087458,74604,115929162062,2,0,1,150016,2,8574627468
8773,115929135298,169324,115929304622,9,0,0,121856,9,8908126428
8774,115929158471,144373,115929302844,4,0,1,73216,4,5334602594
8775,115929214950,378145,115929593095,0,0,0,544768,0,6139777461
8776,115929243932,121503,115929365435,9,0,0,958464,9,2066990058
8777,115929264701,567337,115929832038,8,0,1,34816,8,8759375305
8778,115929435855,139737,115929575592,5,0,1,79360,5,1445614750
8779,115929604575,596787,115930201362,9,0,0,413184,9,3329784693
8780,115929697185,788721,115930485906,1,0,1,40448,1,3437754706
8781,115929698396,537151,115930235547,6,0,1,19968,6,2139512837
8782,115929706912,637861,115930344773,6,0,0,1044480,6,2726928848
8783,115929720431,776551,115930496982,4,0,1,10240,4,2723734231
8784,115929919757,425388,115930345145,0,0,1,38912,0,8245951148
8785,115930030753,609934,115930640687,0,0,1,31744,0,9089307824
8786,115930092436,449652,115930542088,5,0,1,11264,5,8646279322
8787,115930105166,610988,115930716154,0,0,1,82432,0,1829144334
8788,115930331781,389448,115930721229,4,0,1,23552,4,6283016848
8789,115930348582,124810,115930473392,0,0,0,1559040,0,8655289835
8790,115930492814,501767,115930994581,9,0,1,64000,9,1894893934
8791,115930513303,662357,115931175660,0,0,1,22528,0,7844943502
8792,115930622799,265748,115930888547,9,0,0,100352,9,6292935084
8793,115930684790,963279,115931648069,6,0,0,31232,6,4927888418
8794,115930831618,720321,115931551939,8,0,1,12800,8,6616053074
8795,115930939049,664846,115931603895,1,0,1,18944,1,4770633453
8796,115931025558,462985,115931488543,2,0,1,135680,2,2120219584
8797,115931123249,459783,115931583032,6,0,0,748544,6,8037309191
8798,115931154707,562654,115931717361,6,0,0,438272,6,8024808193
8799,115931292267,460667,115931752934,1,0,1,61952,1,3947184065
8800,115931323475,657810,115931981285,9,0,0,221184,9,1398437733
8801,115931661218,300787,115931962005,0,0,1,14336,0,4824973911
8802,115931721425,253562,115931974987,2,0,1,34816,2,10052478697
8803,115931723237,436819,115932160056,4,0,1,14848,4,6961871352
8804,115931833874,827299,115932661173,9,0,0,1557504,9,5002423445
8805,115931929311,962503,115932891814,5,0,1,102400,5,4672081718
8806,115932465633,482206,115932947839,2,0,1,75776,2,1068649724
8807,115932736369,883037,115933619406,6,0,0,1396736,6,2068617302
8808,115933287707,347201,115933634908,1,0,1,233984,1,8893622975
8809,115933293915,504660,115933798575,4,0,1,37376,4,7542819333
8810,115933340010,164179,115933504189,9,0,0,218112,9,3389180666
8811,115933351558,576389,115933927947,5,0,1,131072,5,4940986477
8812,115933655905,705318,115934361223,0,0,0,266240,0,6632652438
8813,115933736493,320394,115934056887,6,0,0,375808,6,5700697414
8814,115933738843,386851,115934125694,0,0,1,65024,0,10258442787
8815,115933766119,479069,115934245188,0,0,0,551936,0,951285658
8816,115933965656,300900,115934266556,5,0,1,44032,5,7800331341
8817,115934101706,207711,115934309417,8,0,1,27136,8,3739917882
8818,115934250407,573361,115934823768,1,0,1,8704,1,9749789842
8819,115934341239,155038,115934496277,0,0,1,5120,0,2906551326
8820,115934353441,73829,115934427270,9,0,1,71680,9,3811736893
8821,115934422791,283356,115934706147,5,0,1,8192,5,9428578666
8822,115934468246,308330,115934776576,5,0,1,54784,5,765574931
8823,115934525082,269175,115934794257,0,0,0,120320,0,3713325264
8824,115934730471,92063,115934822534,9,0,0,341504,9,4839043767
8825,115934752508,214892,115934967400,9,0,0,281088,9,3188420857
8826,115934840684,280680,115935121364,8,0,1,2560,8,296931744
8827,115934860255,335411,115935195666,9,0,0,439296,9,1253895185
8828,115935159568,53749,115935213317,5,0,1,12288,5,2894694899
8829,115935272110,286104,115935558214,0,0,0,91136,0,132775988
8830,115935408546,214677,115935623223,4,0,1,22528,4,5557956461
8831,115935692032,52360,115935744392,2,0,1,3072,2,3602402549
8832,115935849163,187312,115936036475,8,0,1,153600,8,10252733435
8833,115935877364,203769,115936081133,4,0,1,72192,4,9953564393
8834,115936218645,43900,115936262545,2,0,1,512,2,4768495503
8835,115936221311,119752,115936341063,8,0,1,93184,8,2877340839
8836,115936298163,438975,115936737138,6,0,0,825856,6,2372013772
8837,115936349289,509721,115936859010,9,0,0,1256960,9,6380844066
8838,115936358616,552885,115936911501,2,0,1,62976,2,865418651
8839,115936623222,974492,115937597714,0,0,0,1024,0,5268657768
8840,115936753526,701225,115937454751,4,0,1,59392,4,1653134980
8841,115937145982,835765,115937981747,0,0,0,1937920,0,8400680385
8842,115937147552,1197187,115938344739,4,0,1,88576,4,7557730238
8843,115937285617,1238911,115938524528,6,0,0,585216,6,3829296442
8844,115937631556,1066971,115938698527,0,0,0,558592,0,7236781374
8845,115937981652,655335,115938636987,6,0,0,324608,6,10289252706
8846,115938094192,423218,115938517410,9,0,1,135680,9,7740036201
8847,115938128200,816709,115938944909,6,0,0,655360,6,4387135353
8848,115938341608,391624,115938733232,5,0,1,50176,5,7095875222
8849,115938572385,874066,115939446451,9,0,1,25088,9,7372640
8850,115938877634,213009,115939090643,6,0,0,1905664,6,9894418777
8851,115939073597,674481,115939748078,5,0,1,61952,5,5378685910
8852,115939304065,619800,115939923865,6,0,0,1916416,6,7198306862
8853,115939327309,1179161,115940506470,4,0,1,67072,4,5072846945
8854,115939345113,941146,115940286259,6,0,0,172032,6,9288230211
8855,115939427775,1142184,115940569959,5,0,1,9216,5,5325974231
8856,115939430128,1357544,115940787672,9,0,0,610304,9,4333628451
8857,115939462607,1251276,115940713883,5,0,1,99840,5,6339099573
8858,115939501933,1368781,115940870714,6,0,0,254976,6,8223072313
8859,115939511869,426904,115939938773,4,0,1,7680,4,7970190554
8860,115939676124,874286,115940550410,4,0,1,65536,4,7748935383
8861,115939876667,1471859,115941348526,9,0,1,50176,9,3572819712
8862,115940300830,1482962,115941783792,9,0,1,11264,9,2769782227
8863,115940565591,513018,115941078609,9,0,0,300032,9,9133352463
8864,115940583035,775575,115941358610,2,0,1,308224,2,7535640912
8865,115940796011,570566,115941366577,5,0,1,26112,5,1094292785
8866,115940813920,552668,115941366588,0,0,0,424960,0,5471981706
8867,115940867566,518967,115941386533,4,0,1,38912,4,1913770921
8868,115940880602,145133,115941025735,4,0,1,51712,4,5476859300
8869,115941371060,698596,115942069656,0,0,0,239104,0,4803521718
8870,115941384626,55311,115941439937,3,0,1,89600,3,5665415712
8871,115941398975,339625,115941738600,2,0,1,162816,2,8045545706
8872,115941523898,593456,115942117354,9,0,0,71680,9,3524059115
8873,115941597010,666391,115942263401,8,0,1,9216,8,8166784657
8874,115941608010,281746,115941889756,0,0,1,98304,0,3773621572
8875,115941738032,489083,115942227115,9,0,1,173056,9,2576443994
8876,115941892630,649068,115942541698,9,0,1,20992,9,367260445
8877,115941995909,264300,115942260209,8,0,1,10240,8,4178854655
8878,115942452400,25442,115942477842,6,0,0,46080,6,9129115833
8879,115942473826,569866,115943043692,0,0,0,926208,0,8183767604
8880,115942499010,676319,115943175329,5,0,1,94208,5,4170558576
8881,115942790011,488402,115943278413,8,0,1,111616,8,10677368290
8882,115943063526,261441,115943324967,0,0,1,41472,0,4331745695
8883,115943228435,165471,115943393906,9,0,0,268800,9,9845928289
8884,115943309379,111780,115943421159,9,0,0,89600,9,7365413209
8885,115943555123,121963,115943677086,5,0,1,37888,5,7912071857
8886,115943561403,347633,115943909036,9,0,0,566784,9,7437592726
8887,115943765460,160255,115943925715,9,0,0,63488,9,6794709277
8888,115943896324,235312,115944131636,5,0,1,55296,5,7508097166
8889,115943965716,142844,115944108560,6,0,0,381440,6,315652430
8890,115944075068,394390,115944469458,9,0,0,56320,9,1657105340
8891,115944317108,301719,115944618827,5,0,1,195072,5,6264224092
8892,115944408289,640999,115945049288,6,0,0,1041408,6,7041222023
8893,115944768741,318690,115945087431,4,0,1,21504,4,7992257573
8894,115944810176,310860,115945121036,4,0,1,6656,4,5339497858
8895,115945071483,222862,115945294345,0,0,0,360448,0,8600013512
8896,115945366302,44658,115945410960,6,0,0,76800,6,7140939542
8897,115945447424,262390,115945709814,4,0,1,86528,4,4234869303
8898,115945458084,206219,115945664303,0,0,0,1155584,0,5671894947
8899,115945666164,378169,115946044333,5,0,1,46592,5,4826955919
8900,115945801212,711616,115946512828,6,0,1,21504,6,4262664529
8901,115945851144,323741,115946174885,9,0,0,16384,9,9905660496
8902,115945911886,340558,115946252444,6,0,0,248320,6,1291395788
8903,115946163064,115199,115946278263,6,0,0,82432,6,8598756616
8904,115946193977,143154,115946337131,5,0,1,73216,5,1736512159
8905,115946376954,378713,115946755667,0,0,1,108544,0,7097243365
8906,115946406509,228819,115946635328,9,0,0,231936,9,6246677085
8907,115946660391,98224,115946758615,4,0,1,22528,4,7140283442
8908,115946746437,4846,115946751283,8,0,1,140288,8,7033106052
8909,115946755645,209427,115946965072,4,0,1,124416,4,10722335604
8910,115946820296,238138,115947058434,6,0,0,5120,6,6579426139
8911,115946893008,117199,115947010207,5,0,1,49152,5,4271607870
8912,115946992919,102668,115947095587,8,0,1,34304,8,7722282225
8913,115947119859,198859,115947318718,9,0,0,327168,9,2644389747
8914,115947269106,256275,115947525381,2,0,1,50688,2,1367998490
8915,115947630204,66988,115947697192,8,0,1,10752,8,3809324369
8916,115948271500,103372,115948374872,5,0,1,39424,5,4204854382
8917,115948382041,3124,115948385165,6,0,0,9216,6,1182367510
8918,115948408313,305670,115948713983,9,0,0,495104,9,3701892225
8919,115948565464,13079,115948578543,8,0,1,143360,8,3666200869
8920,115948574394,363665,115948938059,0,0,1,25088,0,10092057041
8921,115948730150,362390,115949092540,2,0,1,25600,2,2563310860
8922,115948780923,231025,115949011948,9,0,0,22016,9,3105285487
8923,115949333086,59128,115949392214,5,0,1,5120,5,7916960113
8924,115949464496,103060,115949567556,8,0,1,38400,8,3807424989
8925,115949599474,127240,115949726714,4,0,1,117760,4,6776017253
8926,115950065838,99784,115950165622,2,0,1,27648,2,119345779
8927,115950253527,337508,115950591035,0,0,0,550400,0,5193549839
8928,115950304360,46984,115950351344,4,0,1,68608,4,2725710093
8929,115950593379,427191,115951020570,0,0,0,81408,0,1111953847
8930,115951044408,84508,115951128916,0,0,1,12800,0,4260207557
8931,115951070963,54354,115951125317,8,0,1,109056,8,5130448780
8932,115951081835,156743,115951238578,0,0,0,89088,0,10696957614
8933,115951176538,471975,115951648513,6,0,0,769024,6,3573810011
8934,115951327435,374164,115951701599,2,0,1,6144,2,10655257469
8935,115951472912,641707,115952114619,6,0,0,2271744,6,9643670908
8936,115951536540,935329,115952471869,4,0,1,2048,4,8188767073
8937,115951803757,1401722,115953205479,2,0,1,33792,2,426453613
8938,115951828911,640257,115952469168,6,0,0,392704,6,6622171704
8939,115951889361,1166566,115953055927,0,0,0,277504,0,7472980619
8940,115952171114,1193198,115953364312,9,0,0,295936,9,8167297659
8941,115952255517,1005223,115953260740,5,0,1,7680,5,5975877206
8942,115952860788,418670,115953279458,0,0,0,329728,0,6682286247
8943,115952901042,541675,115953442717,9,0,0,1959936,9,5702598119
8944,115952993140,435420,115953428560,6,0,0,61440,6,4772671936
8945,115953177191,393130,115953570321,9,0,0,25600,9,9586105255
8946,115953182329,1265868,115954448197,0,0,1,9728,0,2458073248
8947,115953288547,1186701,115954475248,6,0,0,470016,6,2480813769
8948,115953636806,1008039,115954644845,5,0,1,3584,5,3384632030
8949,115953657115,291275,115953948390,0,0,0,509440,0,2276129334
8950,115953670648,1042529,115954713177,0,0,0,306688,0,2553308236
8951,115953708427,423670,115954132097,0,0,1,17408,0,6152225185
8952,115954031197,831508,115954862705,0,0,1,4608,0,858425669
8953,115954044966,912918,115954957884,8,0,1,37376,8,7454682949
8954,115954489168,162407,115954651575,6,0,0,219136,6,4359257319
8955,115955172685,100450,115955273135,5,0,1,18432,5,8932787932
8956,115955342968,191368,115955534336,2,0,1,166912,2,5064236052
8957,115955354334,213056,115955567390,0,0,1,67584,0,2908198711
8958,115955842587,98692,115955941279,5,0,1,24064,5,1328817459
8959,115956265269,117100,115956382369,4,0,1,84480,4,1670435350
8960,115956622038,95932,115956717970,4,0,1,25088,4,3636076161
8961,115956640881,81904,115956722785,0,0,1,14336,0,8722467351
8962,115956827467,114136,115956941603,8,0,1,74752,8,6545556060
8963,115957102771,118192,115957220963,5,0,1,88064,5,3773762422
8964,115957333846,110392,115957444238,4,0,1,62464,4,6301487909
8965,115957502188,377749,115957879937,9,0,0,615424,9,3843604925
8966,115957560633,478991,115958039624,0,0,0,518656,0,2821712863
8967,115957623538,421578,115958045116,0,0,0,17920,0,6145526558
8968,115957692450,474213,115958166663,9,0,0,492544,9,9892407328
8969,115957742840,537171,115958280011,0,0,0,728576,0,4216699178
8970,115957755397,710073,115958465470,4,0,1,143872,4,2281694776
8971,115958116277,170254,115958286531,5,0,1,62464,5,1686124077
8972,115958288151,462961,115958751112,0,0,0,17920,0,9481372191
8973,115958305348,373278,115958678626,5,0,1,39424,5,7880684317
8974,115958361980,328201,115958690181,5,0,1,37888,5,9519004380
8975,115958417506,282921,115958700427,4,0,1,3584,4,5863006215
8976,115958636148,256981,115958893129,4,0,1,6656,4,6886189339
8977,115958658011,292230,115958950241,2,0,1,123392,2,9024511182
8978,115958677698,354727,115959032425,8,0,1,113664,8,2104687148
8979,115958728289,370851,115959099140,1,0,1,125952,1,8019640545
8980,115958967928,138809,115959106737,6,0,0,226304,6,3878244343
8981,115959327923,477562,115959805485,2,0,1,516608,2,2601219066
8982,115959533940,272196,115959806136,8,0,1,2048,8,8086488936
8983,115959675750,249662,115959925412,4,0,1,91648,4,3072974091
8984,115959694705,249112,115959943817,4,0,1,28160,4,9238763262
8985,115959762488,245439,115960007927,4,0,1,66048,4,10572671126
8986,115959920588,101168,115960021756,1,0,1,16384,1,5737324222
8987,115960005941,54523,115960060464,9,0,0,85504,9,3777700807
8988,115960166033,267238,115960433271,9,0,0,433664,9,3044089231
8989,115960170779,303812,115960474591,6,0,0,140288,6,1495397160
8990,115960180989,382487,115960563476,5,0,1,78336,5,8274431169
8991,115960328664,244120,115960572784,9,0,0,314368,9,10426429974
8992,115960554929,278665,115960833594,4,0,1,11264,4,5592123582
8993,115960600244,238624,115960838868,6,0,1,158720,6,8438715798
8994,115960694852,180790,115960875642,0,0,1,111104,0,2504632957
8995,115960727815,381926,115961109741,0,0,0,349696,0,7720677128
8996,115960753009,254366,115961007375,5,0,1,1024,5,9754633206
8997,115960824433,199590,115961024023,5,0,1,126464,5,4455377968
8998,115960870417,399397,115961269814,0,0,1,88064,0,4515621684
8999,115960983892,341654,115961325546,3,0,1,132096,3,8515493051
9000,115961049490,289327,115961338817,6,0,1,43520,6,6544704476
9001,115961225087,118203,115961343290,5,0,1,7680,5,1034362062
9002,115961333832,48877,115961382709,3,0,1,512,3,6224891197
9003,115961386633,72664,115961459297,0,0,1,9216,0,8849755524
9004,115961445199,126772,115961571971,1,0,1,116224,1,2795146058
9005,115961829099,101500,115961930599,4,0,1,33280,4,5822519074
9006,115961848904,520104,115962369008,6,0,0,842752,6,7437215125
9007,115961934440,433529,115962367969,6,0,0,957440,6,9739169064
9008,115961980840,373237,115962354077,3,0,1,139264,3,7598547982
9009,115962007943,427732,115962435675,2,0,1,68096,2,6173663545
9010,115962027475,583407,115962610882,0,0,0,920576,0,761861066
9011,115962044589,762458,115962807047,5,0,1,16384,5,10363074404
9012,115962058927,724796,115962783723,5,0,1,58368,5,3717057515
9013,115962066814,957550,115963024364,0,0,1,238080,0,8000898187
9014,115962234143,483806,115962717949,8,0,1,7168,8,4118081019
9015,115962261914,779614,115963041528,8,0,1,129024,8,3009425739
9016,115962354813,679457,115963034270,8,0,1,29184,8,7350106211
9017,115962527169,939046,115963466215,6,0,0,85504,6,6638946371
9018,115962619716,353122,115962972838,0,0,1,84480,0,4332612130
9019,115962810764,409775,115963220539,1,0,1,20992,1,10154356613
9020,115962847849,869412,115963717261,6,0,0,569344,6,9576431754
9021,115962853204,839270,115963692474,1,0,1,39936,1,3131898267
9022,115962857445,305929,115963163374,2,0,1,957440,2,1326946476
9023,115962895128,1596499,115964491627,5,0,1,175104,5,8557218973
9024,115962899618,1830005,115964729623,8,0,1,227328,8,3880173555
9025,115963063841,1583817,115964647658,2,0,1,1236992,2,520764581
9026,115963103511,2168476,115965271987,6,0,1,74240,6,6535077381
9027,115963150349,790037,115963940386,1,0,1,14848,1,7246310624
9028,115963235282,2184183,115965419465,2,0,1,1399808,2,4708608228
9029,115963461974,780547,115964242521,0,0,0,495616,0,8901843517
9030,115964235911,436206,115964672117,6,0,0,318464,6,547000247
9031,115964302683,2002377,115966305060,0,0,1,12800,0,6575774120
9032,115964404071,448522,115964852593,8,0,1,26624,8,741186001
9033,115964625495,891249,115965516744,8,0,1,23552,8,1670139268
9034,115964647051,685513,115965332564,6,0,0,47616,6,1460826171
9035,115964713262,625181,115965338443,1,0,1,24576,1,9628883275
9036,115964870768,693853,115965564621,6,0,0,782848,6,2897497243
9037,115964922099,431801,115965353900,0,0,1,139264,0,349475248
9038,115965035368,505862,115965541230,8,0,1,2048,8,6712181193
9039,115965098920,2799679,115967898599,6,0,0,120832,6,5242641278
9040,115965142408,485071,115965627479,1,0,1,7680,1,2176693012
9041,115965181164,1000247,115966181411,2,0,1,114688,2,183178870
9042,115965549901,889414,115966439315,9,0,0,125440,9,1024773511
9043,115965642655,360879,115966003534,5,0,1,52736,5,9867106390
9044,115965757976,490687,115966248663,6,0,1,2048,6,6156250481
9045,115965865470,303775,115966169245,6,0,1,41472,6,7722746490
9046,115966020709,228943,115966249652,0,0,1,17920,0,1276471076
9047,115966059938,215131,115966275069,4,0,1,36352,4,3322936960
9048,115966168437,433467,115966601904,2,0,1,57344,2,5658168691
9049,115966199420,827600,115967027020,8,0,1,56320,8,8986435066
9050,115966353234,531521,115966884755,6,0,0,847872,6,143845571
9051,115966387317,320326,115966707643,1,0,1,55808,1,8156636659
9052,115966433873,560375,115966994248,2,0,1,1017344,2,3777048859
9053,115966449757,793309,115967243066,0,0,1,7680,0,2360540537
9054,115966571047,1243499,115967814546,0,0,0,31744,0,5197441166
9055,115966690038,530886,115967220924,5,0,1,33280,5,7274770739
9056,115966695863,998292,115967694155,6,0,0,1507328,6,2469457390
9057,115966849958,992478,115967842436,5,0,1,116736,5,4048884039
9058,115966968633,719719,115967688352,6,0,0,82432,6,8994335616
9059,115967036154,873973,115967910127,9,0,0,785920,9,5698853876
9060,115967147285,860877,115968008162,1,0,1,2560,1,7878098068
9061,115967219970,271816,115967491786,8,0,1,185856,8,2857080650
9062,115967519410,852787,115968372197,1,0,1,22528,1,5019387871
9063,115967666627,587372,115968253999,2,0,1,392192,2,1818645954
9064,115967717733,278024,115967995757,9,0,0,296960,9,1401713320
9065,115967847589,428363,115968275952,3,0,1,27136,3,10727131604
9066,115967885368,778723,115968664091,1,0,1,17408,1,5632083524
9067,115967955230,572509,115968527739,2,0,1,594944,2,9036419421
9068,115967967681,70875,115968038556,5,0,1,316416,5,10128067453
9069,115968001325,897815,115968899140,4,0,1,292864,4,3143990371
9070,115968215445,619589,115968835034,0,0,1,1024,0,3999922521
9071,115968287140,694327,115968981467,8,0,1,74752,8,1157329218
9072,115968319490,1163547,115969483037,6,0,1,25600,6,7649525353
9073,115968484746,524261,115969009007,0,0,1,111616,0,8847505630
9074,115968549960,696017,115969245977,6,0,0,81408,6,5330569847
9075,115968622483,869100,115969491583,0,0,1,91648,0,5081521653
9076,115968684452,653308,115969337760,6,0,0,1058816,6,7643097036
9077,115968748946,391397,115969140343,4,0,1,30208,4,10184283590
9078,115968968549,381444,115969349993,0,0,0,72704,0,2349466785
9079,115968976260,668301,115969644561,5,0,1,173056,5,5853810453
9080,115969020212,45433,115969065645,5,0,1,28160,5,10146223101
9081,115969126546,700647,115969827193,5,0,1,153600,5,4780654139
9082,115969247725,658115,115969905840,6,0,1,185856,6,7011322387
9083,115969529238,355542,115969884780,0,0,0,78336,0,8602465777
9084,115969535238,700512,115970235750,1,0,1,31744,1,7628907995
9085,115969563771,240454,115969804225,5,0,1,104448,5,9389702276
9086,115969721738,430256,115970151994,4,0,1,10240,4,6052809446
9087,115969739360,532197,115970271557,6,0,0,787968,6,3615059784
9088,115969763191,820558,115970583749,2,0,1,617472,2,6769752042
9089,115969900838,682938,115970583776,6,0,0,688128,6,9202403399
9090,115969955441,628346,115970583787,6,0,0,59904,6,5273701260
9091,115970055958,527840,115970583798,6,0,0,50688,6,3070052298
9092,115970070374,528081,115970598455,6,0,0,240640,6,1343100182
9093,115970072444,619512,115970691956,2,0,1,131584,2,3708525518
9094,115970151682,821881,115970973563,0,0,1,209408,0,5499292807
9095,115970435599,530548,115970966147,5,0,1,371200,5,8351722736
9096,115970462525,152762,115970615287,0,0,1,43008,0,4524660499
9097,115970649523,855090,115971504613,1,0,1,189952,1,2174304596
9098,115970694206,695733,115971389939,6,0,1,199168,6,3035395673
9099,115970842235,826627,115971668862,9,0,0,247296,9,9259516610
9100,115970884551,1809280,115972693831,6,0,0,1319936,6,6938864915
9101,115970921489,1487178,115972408667,0,0,0,1076224,0,4851937625
9102,115970974936,2044730,115973019666,2,0,1,1563648,2,1215488446
9103,115970980592,1366891,115972347483,9,0,0,512,9,8556785005
9104,115971096682,1342604,115972439286,0,0,0,322048,0,7200330105
9105,115971133849,1418068,115972551917,0,0,0,99840,0,3243382727
9106,115971317329,1759763,115973077092,6,0,1,66560,6,9824600304
9107,115971480970,1226022,115972706992,0,0,1,36352,0,10429302588
9108,115971585844,773507,115972359351,3,0,1,53760,3,7020209431
9109,115971615758,1477241,115973092999,0,0,1,18432,0,2950582993
9110,115971653567,2087112,115973740679,5,0,1,103424,5,7503400780
9111,115971725036,1519735,115973244771,9,0,0,854528,9,6516277884
9112,115971738355,1087437,115972825792,6,0,0,36352,6,2927849914
9113,115971767403,788937,115972556340,2,0,1,1495040,2,9964797589
9114,115971918420,598855,115972517275,0,0,0,414720,0,9251089659
9115,115972051010,2695204,115974746214,6,0,1,8704,6,2103118361
9116,115972079754,2636112,115974715866,2,0,1,18944,2,8268015736
9117,115972316443,2555020,115974871463,6,0,1,50176,6,1048528381
9118,115972486455,2565573,115975052028,3,0,1,10240,3,7732876213
9119,115972777705,791156,115973568861,8,0,1,28672,8,10042903453
9120,115972816338,783451,115973599789,3,0,1,102912,3,592073149
9121,115973017819,964941,115973982760,3,0,1,37376,3,7175537758
9122,115973152135,390360,115973542495,1,0,1,69632,1,5575205525
9123,115973154621,2528973,115975683594,1,0,1,19456,1,9328200351
9124,115973287166,2515665,115975802831,6,0,1,375296,6,6091892751
9125,115973314335,764594,115974078929,3,0,1,7680,3,10422054678
9126,115973504605,2502492,115976007097,1,0,1,36352,1,4971231416
9127,115973863638,1297544,115975161182,4,0,1,6144,4,9479191995
9128,115974046591,341080,115974387671,5,0,1,27648,5,8494571858
9129,115974060570,476634,115974537204,4,0,1,151552,4,9662249654
9130,115974098070,536727,115974634797,6,0,1,151040,6,421241259
9131,115974141951,715974,115974857925,6,0,0,91648,6,1584100060
9132,115974489149,377225,115974866374,6,0,0,608768,6,8905717879
9133,115974489572,481641,115974971213,8,0,1,36864,8,1031375227
9134,115974583992,613140,115975197132,5,0,1,38400,5,10484366836
9135,115974781232,470147,115975251379,2,0,1,125952,2,379687067
9136,115975428495,12733,115975441228,6,0,0,24576,6,1270070127
9137,115975506985,138885,115975645870,1,0,1,12288,1,883020379
9138,115975690361,278308,115975968669,6,0,0,455168,6,2624233221
9139,115975738118,71627,115975809745,5,0,1,48640,5,8081314412
9140,115975739865,65166,115975805031,4,0,1,18432,4,5261569821
9141,115975896592,347190,115976243782,0,0,1,53248,0,1682814702
9142,115975920168,385752,115976305920,8,0,1,2048,8,4987646690
9143,115975969461,270025,115976239486,4,0,1,35840,4,363918982
9144,115975973602,315663,115976289265,8,0,1,114176,8,1475013752
9145,115975982793,408908,115976391701,6,0,0,110080,6,9718857512
9146,115976139171,414989,115976554160,6,0,0,1756160,6,5507750953
9147,115976159051,733730,115976892781,6,0,0,407040,6,2488696399
9148,115976342740,1085037,115977427777,8,0,1,103424,8,8996792440
9149,115976529791,474805,115977004596,3,0,1,59392,3,5077302518
9150,115976698343,307314,115977005657,0,0,0,16896,0,672774053
9151,115976797673,1192103,115977989776,9,0,0,97280,9,10453815672
9152,115976804247,658098,115977462345,1,0,1,41984,1,5450615149
9153,115976855204,586178,115977441382,6,0,0,6144,6,411745892
9154,115976995569,532513,115977528082,6,0,1,17408,6,4807168816
9155,115977072093,414392,115977486485,6,0,1,60416,6,719278708
9156,115977268509,331143,115977599652,0,0,1,17408,0,5422370567
9157,115977548305,309806,115977858111,8,0,1,208384,8,7289645952
9158,115977862697,383937,115978246634,2,0,1,432128,2,8289210047
9159,115977936796,316721,115978253517,1,0,1,22528,1,4724862407
9160,115977973911,285865,115978259776,4,0,1,2560,4,10378923251
9161,115977986695,299448,115978286143,6,0,1,62464,6,4238142952
9162,115978142070,447020,115978589090,0,0,0,513024,0,3652884529
9163,115978270813,406921,115978677734,0,0,0,285184,0,6699322390
9164,115978447204,256991,115978704195,0,0,1,27136,0,8156458359
9165,115978508158,426098,115978934256,0,0,0,279040,0,10120370515
9166,115978800775,187700,115978988475,0,0,0,308736,0,2426141512
9167,115978826003,144832,115978970835,6,0,1,45568,6,4067670854
9168,115978900744,200869,115979101613,0,0,1,12800,0,5132232858
9169,115978914738,419728,115979334466,4,0,1,5120,4,6926150991
9170,115978920660,110309,115979030969,1,0,1,135168,1,2080688069
9171,115979017422,332559,115979349981,8,0,1,159744,8,9825348858
9172,115979135433,453148,115979588581,6,0,0,170496,6,5655817712
9173,115979246300,45840,115979292140,1,0,1,20992,1,9766186315
9174,115979262158,169918,115979432076,6,0,1,93696,6,8357000696
9175,115979264792,254890,115979519682,3,0,1,58880,3,10446370422
9176,115979343886,190441,115979534327,0,0,0,62976,0,8032487565
9177,115979348000,301623,115979649623,3,0,1,18432,3,9800863220
9178,115979443955,561033,115980004988,9,0,0,912384,9,924516467
9179,115979545213,470027,115980015240,4,0,1,24576,4,8895937042
9180,115979910952,181235,115980092187,1,0,1,89600,1,3644578728
9181,115979943429,326741,115980270170,3,0,1,7168,3,1354770905
9182,115980309288,56992,115980366280,0,0,1,8192,0,3092968695
9183,115980315917,74807,115980390724,8,0,1,12800,8,7593594862
9184,115980739107,199636,115980938743,8,0,1,194048,8,6655650541
9185,115980961551,216354,115981177905,0,0,0,351232,0,1771900399
9186,115980993738,502250,115981495988,4,0,1,291840,4,3157806428
9187,115981085720,410279,115981495999,6,0,0,558592,6,7168515657
9188,115981320383,389425,115981709808,0,0,0,634880,0,5001803260
9189,115981385818,345802,115981731620,6,0,0,71680,6,3834075730
9190,115981416729,509744,115981926473,0,0,1,155648,0,2094696510
9191,115981634034,376390,115982010424,2,0,1,102912,2,3456636704
9192,115981837780,165898,115982003678,2,0,1,24576,2,9573577852
9193,115981844537,250364,115982094901,9,0,0,225792,9,3395954152
9194,115982008633,350935,115982359568,4,0,1,142848,4,6642572809
9195,115982060743,337291,115982398034,1,0,1,51200,1,7707695711
9196,115982433839,308683,115982742522,6,0,0,504320,6,8010625770
9197,115982520023,333131,115982853154,4,0,1,20480,4,4289471930
9198,115982527503,346862,115982874365,3,0,1,109056,3,412700501
9199,115982643113,287141,115982930254,9,0,0,468992,9,3346167748
9200,115982688714,416404,115983105118,0,0,1,93184,0,6278992040
9201,115983041835,189018,115983230853,3,0,1,49664,3,2756638589
9202,115983181932,144430,115983326362,3,0,1,100352,3,1387121475
9203,115983226936,150768,115983377704,1,0,1,35840,1,4609602557
9204,115983474901,54208,115983529109,1,0,1,4096,1,3505130174
9205,115984182823,374536,115984557359,2,0,1,445440,2,8576210492
9206,115984297545,171957,115984469502,4,0,1,67072,4,10086669058
9207,115984395241,290100,115984685341,8,0,1,32256,8,6095390473
9208,115984671942,116320,115984788262,6,0,1,81920,6,8671278768
9209,115984841830,107272,115984949102,0,0,1,52224,0,5650787951
9210,115985000483,130204,115985130687,3,0,1,127488,3,4492309013
9211,115985004171,283870,115985288041,6,0,0,459264,6,962046986
9212,115985096043,559551,115985655594,6,0,0,832512,6,5076898699
9213,115985176095,501983,115985678078,3,0,0,161792,3,5606819027
9214,115985228500,554399,115985782899,1,0,1,154112,1,2526263589
9215,115985310285,195587,115985505872,2,0,1,236032,2,9567194324
9216,115985335375,594671,115985930046,1,0,1,9728,1,4222876393
9217,115985500679,572556,115986073235,6,0,1,129024,6,1828045121
9218,115985608702,548440,115986157142,9,0,0,317440,9,8845903596
9219,115985810445,223489,115986033934,3,0,1,121856,3,3730864194
9220,115985845026,350135,115986195161,0,0,1,24576,0,3904370203
9221,115985881767,446972,115986328739,9,0,0,324096,9,1753994569
9222,115986091208,895387,115986986595,0,0,0,1454592,0,4500790996
9223,115986093038,897228,115986990266,3,0,1,72704,3,4358596662
9224,115986251854,551683,115986803537,1,0,1,35328,1,4910698940
9225,115986463770,1718970,115988182740,2,0,1,1818624,2,2060774602
9226,115986583339,1625152,115988208491,8,0,1,84480,8,2313984297
9227,115986600127,1967412,115988567539,1,0,1,27136,1,1972601422
9228,115986618984,1422674,115988041658,0,0,1,15872,0,10691656044
9229,115986810175,1641001,115988451176,8,0,1,44544,8,114332066
9230,115987009028,1626991,115988636019,6,0,0,897536,6,6962149618
9231,115987282767,983279,115988266046,6,0,0,953344,6,5360486115
9232,115987291303,762205,115988053508,4,0,1,93696,4,3052687210
9233,115987316281,993725,115988310006,0,0,0,526848,0,1621693169
9234,115987458736,1040206,115988498942,6,0,0,518656,6,5631333937
9235,115987473572,1211611,115988685183,0,0,1,249856,0,7635781764
9236,115987514276,1240759,115988755035,3,0,1,6144,3,5743821469
9237,115987554102,916738,115988470840,6,0,1,459264,6,7275308793
9238,115987777449,1108234,115988885683,3,0,1,199168,3,9734258602
9239,115987800123,895356,115988695479,6,0,0,18944,6,639670627
9240,115987887136,1486799,115989373935,6,0,0,1052160,6,1070951155
9241,115987908250,1157046,115989065296,8,0,1,98816,8,7231419644
9242,115988050168,761080,115988811248,1,0,1,32256,1,2596791027
9243,115988101599,580520,115988682119,2,0,1,192000,2,9532827125
9244,115988320469,528796,115988849265,2,0,1,103936,2,3668440598
9245,115988519136,494790,115989013926,3,0,1,59392,3,442235700
9246,115988717250,1249377,115989966627,0,0,1,138752,0,559215873
9247,115988757381,625939,115989383320,0,0,1,9728,0,7358788752
9248,115988816770,1739898,115990556668,9,0,0,895488,9,3881529207
9249,115988832871,779730,115989612601,1,0,1,57344,1,2714277674
9250,115988888352,860139,115989748491,0,0,1,57856,0,5429949955
9251,115989129395,1177060,115990306455,8,0,1,301056,8,6848797152
9252,115989331786,969869,115990301655,6,0,1,742912,6,10597637366
9253,115989685566,1068064,115990753630,6,0,0,199168,6,447845072
9254,115989706852,698319,115990405171,2,0,1,550912,2,4221593977
9255,115989744118,1524769,115991268887,0,0,1,41984,0,3527685548
9256,115989793218,2533934,115992327152,7,0,0,3584,7,8893252873
9257,115989825924,1665165,115991491089,6,0,1,1109504,6,10085239773
9258,115989910070,1557524,115991467594,9,0,0,69120,9,10330349515
9259,115990211258,1440699,115991651957,0,0,1,36864,0,4604246237
9260,115990272681,879087,115991151768,7,0,0,3584,7,7319220003
9261,115990442070,907911,115991349981,0,0,0,137728,0,10075502682
9262,115990533404,1237945,115991771349,7,0,0,23552,7,4079200488
9263,115990544545,1231495,115991776040,2,0,1,239104,2,2639217646
9264,115990563952,1716986,115992280938,1,0,1,158208,1,2493127478
9265,115990656113,1839706,115992495819,6,0,1,1017344,6,1923434020
9266,115990760004,1538632,115992298636,6,0,0,565760,6,3264358749
9267,115990939249,1266676,115992205925,0,0,0,18944,0,2247443109
9268,115991095712,1936540,115993032252,2,0,1,588288,2,5207878709
9269,115991115538,1314889,115992430427,7,0,0,14336,7,1951795904
9270,115991151411,1803493,115992954904,0,0,0,94208,0,2069729850
9271,115991155322,1627215,115992782537,2,0,1,854528,2,5241545363
9272,115991427842,1826296,115993254138,1,0,1,151552,1,1636918341
9273,115991429857,1770640,115993200497,3,0,1,8192,3,489273142
9274,115991704116,1231870,115992935986,4,0,1,45568,4,6067380488
9275,115991713547,779734,115992493281,9,0,0,2365952,9,3288977312
9276,115991978970,645770,115992624740,6,0,1,51712,6,1160518163
9277,115992072848,1133672,115993206520,0,0,0,314368,0,7543382775
9278,115992076306,805530,115992881836,4,0,1,72192,4,1743610470
9279,115992256885,1231341,115993488226,3,0,1,99328,3,10685084093
9280,115992315410,572605,115992888015,7,0,0,4096,7,3531901773
9281,115992412904,686605,115993099509,0,0,1,9216,0,9748721165
9282,115992435047,409290,115992844337,6,0,0,162816,6,9245572506
9283,115992436835,883761,115993320596,9,0,0,104960,9,9848472244
9284,115992437460,2132470,115994569930,4,0,1,8192,4,8280566214
9285,115992752606,493577,115993246183,0,0,1,78848,0,4681278470
9286,115992755532,1907884,115994663416,8,0,1,29696,8,4255269817
9287,115992798370,1667908,115994466278,0,0,0,303616,0,6588538606
9288,115992802331,1618684,115994421015,9,0,0,3072,9,605795293
9289,115992819600,472165,115993291765,8,0,1,27136,8,8808624321
9290,115993023571,1677995,115994701566,0,0,0,279040,0,6422184500
9291,115993079948,1453371,115994533319,8,0,1,4096,8,6818868876
9292,115993321798,1451356,115994773154,5,0,0,652800,5,2135653469
9293,115993381640,1328202,115994709842,3,0,1,53248,3,1516580757
9294,115993627484,410738,115994038222,9,0,0,10240,9,1791584172
9295,115993642646,1279351,115994921997,0,0,1,113664,0,3872797107
9296,115993738755,974806,115994713561,5,0,0,626688,5,8553862921
9297,115993937980,1120804,115995058784,6,0,0,93184,6,742259389
9298,115993973183,341749,115994314932,6,0,0,242688,6,7546593891
9299,115994070218,1030631,115995100849,0,0,1,1024,0,866889690
9300,115994085783,1114835,115995200618,5,0,0,173568,5,3153723113
9301,115994130677,1089599,115995220276,0,0,0,84480,0,2951849194
9302,115994192177,1097981,115995290158,5,0,0,57856,5,8336371585
9303,115994546398,1048695,115995595093,0,0,1,3584,0,5158884699
9304,115994621899,817187,115995439086,2,0,1,331264,2,10600020296
9305,115994665742,706901,115995372643,6,0,0,636928,6,5228938527
9306,115994737129,888576,115995625705,9,0,0,8704,9,1301786387
9307,115994847406,817200,115995664606,4,0,1,92160,4,4897198279
9308,115994918862,650453,115995569315,5,0,0,105472,5,9934314007
9309,115995144909,432934,115995577843,9,0,0,11776,9,4871456891
9310,115995204310,377743,115995582053,9,0,0,27648,9,2966115591
9311,115995266444,1005875,115996272319,0,0,0,1400832,0,1649150452
9312,115995296754,1036196,115996332950,2,0,1,366080,2,2577771179
9313,115995718258,584393,115996302651,0,0,0,6656,0,3220686112
9314,115995792957,510359,115996303316,7,0,0,12288,7,9948749161
9315,115995969874,392095,115996361969,5,0,0,146944,5,9229713100
9316,115996027094,300085,115996327179,8,0,1,20992,8,6365031111
9317,115996064470,417937,115996482407,9,0,0,4096,9,10352476181
9318,115996128163,541410,115996669573,6,0,0,754688,6,4068473535
9319,115996163728,509071,115996672799,9,0,0,5120,9,6134379144
9320,115996384725,407450,115996792175,9,0,0,306688,9,365956489
9321,115996421283,399339,115996820622,9,0,0,100864,9,5707006572
9322,115996651302,192161,115996843463,5,0,0,52736,5,3605250038
9323,115996822793,95232,115996918025,6,0,0,158208,6,7121605436
9324,115996851612,34677,115996886289,6,0,1,1436672,6,699584910
9325,115996885294,3418,115996888712,7,0,0,3072,7,6548155029
9326,115996911259,372939,115997284198,3,0,1,121344,3,3957158062
9327,115997088791,205196,115997293987,7,0,0,3584,7,10378600325
9328,115997101367,889495,115997990862,9,0,1,1024,9,748271634
9329,115997115320,906425,115998021745,9,0,0,332800,9,5289563861
9330,115997135799,894060,115998029859,6,0,0,883712,6,4676078676
9331,115997169672,1664322,115998833994,5,0,0,77312,5,3816618779
9332,115997533770,899858,115998433628,3,0,1,41472,3,1090274388
9333,115997616087,994822,115998610909,9,0,0,48640,9,5108665746
9334,115997831956,94460,115997926416,2,0,1,933888,2,2828085402
9335,115997870948,676884,115998547832,0,0,1,48128,0,9525081163
9336,115997895158,1090861,115998986019,9,0,1,22016,9,1487391750
9337,115997993149,1066544,115999059693,3,0,1,156160,3,9397317645
9338,115998414111,991966,115999406077,9,0,1,160768,9,1389462585
9339,115998436156,248541,115998684697,7,0,0,2048,7,7853809453
9340,115998499024,511282,115999010306,3,0,1,19968,3,2058766471
9341,115998637080,418135,115999055215,0,0,1,83456,0,10564053603
9342,115998750154,285745,115999035899,7,0,0,23040,7,3257269704
9343,115998769481,690110,115999459591,9,0,0,94208,9,7903386778
9344,115998769858,356115,115999125973,0,0,0,174592,0,9270939019
9345,115998795986,400281,115999196267,6,0,0,358400,6,9481055055
9346,115998876655,496366,115999373021,8,0,1,42496,8,520023278
9347,115999037962,258256,115999296218,6,0,0,6144,6,435193325
9348,115999059004,1097025,116000156029,5,0,0,2556928,5,4428157085
9349,115999339232,692201,116000031433,2,0,1,439296,2,698125219
9350,115999508643,1708341,116001216984,9,0,0,556032,9,8978838304
9351,115999754417,422173,116000176590,3,0,1,30208,3,2406662907
9352,116000190523,1431701,116001622224,7,0,0,2560,7,6670828517
9353,116000382066,751447,116001133513,6,0,0,363008,6,8782668461
9354,116000401998,670991,116001072989,0,0,0,203776,0,7259105752
9355,116000407491,637383,116001044874,3,0,1,103424,3,9739261571
9356,116000468366,716697,116001185063,9,0,1,133632,9,1823689826
9357,116000502027,723550,116001225577,9,0,0,331264,9,7032030642
9358,116000505821,777932,116001283753,6,0,1,164864,6,2538394601
9359,116000523338,795747,116001319085,0,0,1,89088,0,7991187066
9360,116000653598,737783,116001391381,6,0,0,375296,6,6139221317
9361,116000773081,439815,116001212896,6,0,0,1020416,6,2039862377
9362,116000898609,448910,116001347519,9,0,0,161280,9,2301110169
9363,116000941037,827551,116001768588,7,0,0,6144,7,3095731671
9364,116000966064,385653,116001351717,8,0,1,78848,8,2629722791
9365,116001143768,1097800,116002241568,3,0,1,5632,3,5221635995
9366,116001271043,595052,116001866095,9,0,1,33792,9,3996550205
9367,116001352122,317683,116001669805,8,0,1,116736,8,3985490410
9368,116001400682,1056091,116002456773,7,0,0,10752,7,7380297010
9369,116001412965,1184298,116002597263,8,0,1,16384,8,8702640161
9370,116001482915,725217,116002208132,7,0,0,2560,7,8774572658
9371,116001505041,747869,116002252910,9,0,0,284672,9,8737835169
9372,116001567581,772270,116002339851,2,0,1,663552,2,3907147121
9373,116001636998,1078174,116002715172,9,0,1,24576,9,3768904998
9374,116001659674,926767,116002586441,7,0,0,5120,7,5170282169
9375,116001670115,923314,116002593429,7,0,0,9728,7,8468674937
9376,116001680854,961098,116002641952,6,0,0,133120,6,5023022822
9377,116001727821,969320,116002697141,9,0,0,81920,9,1862805066
9378,116001757469,665351,116002422820,2,0,1,236544,2,4729846829
9379,116001761020,1430398,116003191418,6,0,0,242688,6,1489428722
9380,116001772363,1236970,116003009333,0,0,0,208384,0,2370365982
9381,116001861093,1272840,116003133933,6,0,1,397824,6,5181930661
9382,116001922565,1413300,116003335865,0,0,0,899072,0,3163497422
9383,116002057707,565386,116002623093,6,0,0,1128448,6,6903892341
9384,116002059205,1244175,116003303380,8,0,1,1024,8,3603888965
9385,116002282810,911955,116003194765,9,0,0,347136,9,1505586166
9386,116002503785,1893325,116004397110,6,0,1,928256,6,1325484345
9387,116002634199,887296,116003521495,8,0,1,11264,8,9587948735
9388,116002903924,706118,116003610042,6,0,1,222720,6,6528428403
9389,116002962145,717181,116003679326,9,0,1,110080,9,6302600539
9390,116002970533,519957,116003490490,0,0,0,1789440,0,10035487483
9391,116002975916,707150,116003683066,0,0,0,84992,0,9965043411
9392,116002985895,255253,116003241148,7,0,0,4608,7,10693069467
9393,116003004716,2212395,116005217111,9,0,0,23040,9,4777113499
9394,116003246837,272272,116003519109,9,0,1,13824,9,6519875480
9395,116003313783,702047,116004015830,9,0,1,57856,9,9053231521
9396,116003486679,2241626,116005728305,0,0,1,46592,0,10737072909
9397,116003516322,301633,116003817955,5,0,1,17408,5,7458521395
9398,116003630213,579777,116004209990,5,0,0,69632,5,2720586731
9399,116003761637,934504,116004696141,2,0,1,276480,2,10573813649
9400,116003802468,1948400,116005750868,0,0,0,173056,0,3182302838
9401,116003982480,1823901,116005806381,9,0,1,20992,9,2081480406
9402,116004081416,2689440,116006770856,9,0,1,19456,9,2119982681
9403,116004113774,2098560,116006212334,5,0,0,41472,5,4108518221
9404,116004137467,2366932,116006504399,6,0,0,51712,6,10658909845
9405,116004513221,4587551,116009100772,0,0,1,57856,0,1537853145
9406,116004574898,2844715,116007419613,9,0,0,324608,9,4279868306
9407,116004615049,4128622,116008743671,5,0,1,1024,5,5398142549
9408,116004629805,3581059,116008210864,2,0,1,1424896,2,1922467858
9409,116004639981,2858477,116007498458,6,0,0,1702400,6,2463826690
9410,116004701622,2296455,116006998077,2,0,1,3268608,2,4343930193
9411,116004745289,1974042,116006719331,0,0,1,1438720,0,3025233044
9412,116004873109,1473737,116006346846,5,0,1,2048,5,10281102550
9413,116004963480,6565157,116011528637,0,0,0,723456,0,9034759671
9414,116005000835,6588465,116011589300,2,0,1,808960,2,7030215111
9415,116005120631,6599948,116011720579,7,0,0,62464,7,7082665857
9416,116005193719,6589845,116011783564,0,0,0,888320,0,1928881842
9417,116005245281,5996794,116011242075,2,0,1,192000,2,236588987
9418,116005316670,1719010,116007035680,6,0,0,71168,6,10493137699
9419,116005706851,1943377,116007650228,9,0,1,62464,9,3871443625
9420,116005749701,3881929,116009631630,5,0,1,29184,5,10610310888
9421,116005803463,2444802,116008248265,7,0,1,34816,7,6911999894
9422,116005965455,1336260,116007301715,5,0,0,49152,5,4611903995
9423,116006001605,6433164,116012434769,0,0,0,741376,0,6139142627
9424,116006163493,3968279,116010131772,0,0,1,867328,0,240973345
9425,116006235977,6639680,116012875657,0,0,0,144896,0,7257632258
9426,116006255693,6615998,116012871691,9,0,0,346112,9,2139215827
9427,116006470677,745512,116007216189,6,0,1,86016,6,223586561
9428,116006540456,3790694,116010331150,8,0,1,47104,8,5147777480
9429,116006617229,1185126,116007802355,0,0,0,110592,0,1310190616
9430,116006785164,2488508,116009273672,0,0,1,1646592,0,5453456916
9431,116006850734,1284043,116008134777,9,0,0,462848,9,5411321454
9432,116007096977,6379921,116013476898,6,0,1,418304,6,8280380519
9433,116007123269,2780074,116009903343,2,0,1,68096,2,2449942187
9434,116007470661,867310,116008337971,5,0,1,81920,5,556018953
9435,116007490692,2149021,116009639713,6,0,0,965120,6,6550367933
9436,116007542340,2846851,116010389191,0,0,0,419840,0,4721827995
9437,116007640739,2152893,116009793632,0,0,1,131584,0,505749257
9438,116007802348,1007265,116008809613,5,0,1,33280,5,9538547875
9439,116007815884,2784144,116010600028,9,0,0,365568,9,337916487
9440,116007833944,1344275,116009178219,0,0,0,336896,0,2126929405
9441,116007890910,723743,116008614653,6,0,0,761856,6,5382909835
9442,116007941769,1845466,116009787235,9,0,1,31744,9,5307087558
9443,116007942164,1016260,116008958424,6,0,0,8704,6,5858820730
9444,116007962183,1610256,116009572439,0,0,0,115712,0,6610450885
9445,116007978785,1317844,116009296629,5,0,1,25600,5,4675005470
9446,116008035172,7860659,116015895831,9,0,0,115712,9,10264882842
9447,116008260712,1936023,116010196735,2,0,1,282112,2,4508148670
9448,116008323201,8301038,116016624239,9,0,0,179712,9,7209692139
9449,116008436017,8143906,116016579923,0,0,1,21504,0,1157940923
9450,116008447048,1855946,116010302994,2,0,1,266752,2,2302912994
9451,116008448444,386120,116008834564,0,0,0,474624,0,6115542404
9452,116008630712,8201325,116016832037,2,0,1,335360,2,6462524638
9453,116008857498,8111718,116016969216,5,0,1,44032,5,601987368
9454,116009033685,7474993,116016508678,0,0,0,184320,0,2617791557
9455,116009063575,927876,116009991451,2,0,1,491008,2,8234592785
9456,116009154909,1462639,116010617548,9,0,1,45568,9,8377602771
9457,116009237860,1655431,116010893291,0,0,0,343552,0,7580458202
9458,116009670765,1122501,116010793266,1,0,1,99328,1,6563568508
9459,116009732828,2056181,116011789009,5,0,1,99328,5,6918973498
9460,116010014672,1392148,116011406820,8,0,1,22016,8,853383098
9461,116010112753,1482898,116011595651,7,0,0,270336,7,1029684031
9462,116010195639,1794785,116011990424,9,0,1,72704,9,9635397975
9463,116010220778,1124538,116011345316,0,0,0,543744,0,6513195815
9464,116010255312,8015496,116018270808,9,0,0,88576,9,3583311153
9465,116010305392,7845593,116018150985,8,0,1,15872,8,1349638056
9466,116010364657,1036429,116011401086,0,0,0,35328,0,2522932165
9467,116010495893,2160776,116012656669,9,0,1,20480,9,4889752005
9468,116010557040,7959041,116018516081,0,0,0,602624,0,2695193479
9469,116010589584,7672529,116018262113,6,0,1,1583616,6,659045486
9470,116010817733,7612539,116018430272,5,0,0,486400,5,9943574302
9471,116010842756,7343458,116018186214,8,0,1,8704,8,8113364688
9472,116010925568,7921411,116018846979,7,0,0,154112,7,2646399054
9473,116011029731,560567,116011590298,9,0,0,196096,9,1731365422
9474,116011146411,860998,116012007409,6,0,1,36864,6,7118986845
9475,116011165190,1654880,116012820070,0,0,1,3584,0,4992592498
9476,116011206125,1956019,116013162144,9,0,0,88576,9,2157597490
9477,116011328364,1119544,116012447908,2,0,1,1361408,2,6554971242
9478,116011434089,1876880,116013310969,9,0,1,50176,9,6394481278
9479,116011478178,1602968,116013081146,0,0,1,228352,0,3906726567
9480,116011513208,1939184,116013452392,9,0,0,1281024,9,8352409294
9481,116011540177,1443260,116012983437,0,0,0,518656,0,7490787453
9482,116011556988,9072408,116020629396,6,0,0,27136,6,7387716525
9483,116011580704,1050357,116012631061,5,0,0,846848,5,4845129399
9484,116011610888,919274,116012530162,0,0,0,1245184,0,7451217963
9485,116011782932,1577628,116013360560,4,0,1,203776,4,1358864392
9486,116011916876,1406953,116013323829,6,0,0,271872,6,6617898814
9487,116012000572,1709365,116013709937,9,0,1,15872,9,2335158959
9488,116012068491,1541880,116013610371,8,0,1,17920,8,213654244
9489,116012105647,1045173,116013150820,4,0,1,41472,4,8549574998
9490,116012178415,1594019,116013772434,5,0,1,46080,5,6697279869
9491,116012460024,1132780,116013592804,8,0,1,9216,8,1690879734
9492,116012476251,9868672,116022344923,9,0,1,123904,9,6882972478
9493,116012487484,1747187,116014234671,9,0,0,110080,9,1376262860
9494,116012530702,2871824,116015402526,8,0,1,24576,8,4555331843
9495,116012620660,1976431,116014597091,8,0,1,50176,8,10066008904
9496,116012729445,2473431,116015202876,9,0,0,517120,9,1045984283
9497,116012892552,2434511,116015327063,0,0,1,78336,0,1352572369
9498,116012895523,2141731,116015037254,6,0,0,646656,6,6851569264
9499,116012937827,2155995,116015093822,9,0,0,489472,9,9922760737
9500,116013008716,1757980,116014766696,8,0,1,8192,8,5116995918
9501,116013114298,11666710,116024781008,8,0,1,86016,8,5769829372
9502,116013147864,11618509,116024766373,6,0,0,479744,6,6804744582
9503,116013251368,1638498,116014889866,5,0,0,416256,5,5654390636
9504,116013543585,11657163,116025200748,6,0,0,1584640,6,2812397600
9505,116014004926,11630028,116025634954,7,0,0,63488,7,803255112
9506,116014111314,954816,116015066130,9,0,0,189952,9,1227329027
9507,116014356185,11467473,116025823658,9,0,1,27648,9,985988001
9508,116014486226,1930084,116016416310,0,0,0,47616,0,1882382335
9509,116014557751,1118716,116015676467,2,0,1,1441280,2,10110110269
9510,116014691232,2902257,116017593489,5,0,1,141312,5,487962268
9511,116014720275,12089745,116026810020,8,0,1,5632,8,1197035162
9512,116014732846,11504515,116026237361,9,0,1,32768,9,4528980328
9513,116014931329,2626559,116017557888,0,0,1,72192,0,10522517919
9514,116014975075,11329690,116026304765,9,0,0,85504,9,1050682609
9515,116015059067,1462410,116016521477,4,0,1,308224,4,4065308532
9516,116015109615,10466855,116025576470,0,0,0,840704,0,9775744762
9517,116015294464,10399220,116025693684,0,0,0,153600,0,655994512
9518,116015388974,10391520,116025780494,4,0,1,99840,4,1882846704
9519,116015405477,10300026,116025705503,9,0,1,36864,9,6115575515
9520,116015445013,10347666,116025792679,6,0,1,709632,6,8703558136
9521,116015468421,10275124,116025743545,2,0,1,429568,2,6653188739
9522,116015529366,10237825,116025767191,9,0,0,192000,9,2971226335
9523,116015536820,1640888,116017177708,7,0,0,109568,7,668643554
9524,116015560558,10220834,116025781392,0,0,1,13312,0,1010920569
9525,116015578449,10091608,116025670057,0,0,0,40448,0,7729778487
9526,116015660955,1599575,116017260530,0,0,1,71680,0,5110276591
9527,116015716383,1276830,116016993213,6,0,1,215552,6,2968810634
9528,116015806154,10521880,116026328034,0,0,0,280064,0,9761436168
9529,116015861814,10696103,116026557917,9,0,1,78336,9,314165444
9530,116015995872,10686103,116026681975,9,0,1,9728,9,5786321022
9531,116016096717,11005870,116027102587,6,0,1,2173952,6,862207206
9532,116016154489,1631026,116017785515,5,0,1,23552,5,6639784461
9533,116016188453,2366259,116018554712,2,0,1,286208,2,2625104524
9534,116016194613,2168924,116018363537,5,0,0,19968,5,6861369474
9535,116016357905,2618155,116018976060,0,0,1,1024,0,61594728
9536,116016363049,2776222,116019139271,6,0,0,1453056,6,1263805322
9537,116016572047,2159347,116018731394,5,0,0,526848,5,542301860
9538,116016888938,12306238,116029195176,5,0,0,499712,5,9631882285
9539,116016918119,1614141,116018532260,0,0,0,226304,0,7381618666
9540,116016944156,2777683,116019721839,6,0,1,1452032,6,1098484952
9541,116016998721,1793225,116018791946,5,0,1,21504,5,5401375448
9542,116017023679,12174390,116029198069,2,0,1,133120,2,4567944752
9543,116017275402,11603793,116028879195,6,0,0,14336,6,4714467214
9544,116017314697,2554352,116019869049,8,0,1,33280,8,5773384
9545,116017318810,2789284,116020108094,0,0,1,7680,0,6508998026
9546,116017337551,11496584,116028834135,6,0,0,2141696,6,6805608138
9547,116017481277,3358441,116020839718,0,0,0,76288,0,2949359976
9548,116017635921,11597794,116029233715,6,0,1,1769984,6,9385804190
9549,116017716467,11738029,116029454496,5,0,1,12288,5,2378777163
9550,116017809228,11704546,116029513774,5,0,0,1451520,5,10726545888
9551,116017910566,1710707,116019621273,8,0,1,17920,8,7960418576
9552,116017940980,11873641,116029814621,6,0,1,96256,6,1625612329
9553,116017950785,1384370,116019335155,8,0,1,8704,8,104278694
9554,116017957641,1228738,116019186379,9,0,0,456704,9,7655906508
9555,116018144173,12245611,116030389784,6,0,0,189440,6,4822586045
9556,116018614588,11806853,116030421441,7,0,0,25600,7,2919736642
9557,116018835847,11776703,116030612550,5,0,1,111616,5,9361301793
9558,116018837303,11413543,116030250846,9,0,0,1455616,9,3638176165
9559,116018880159,10962092,116029842251,4,0,1,41472,4,5846304807
9560,116018906904,11165027,116030071931,6,0,0,583168,6,7714434030
9561,116019043802,11033570,116030077372,5,0,0,760832,5,2814532909
9562,116019117187,10876442,116029993629,0,0,1,39424,0,3115328870
9563,116019169851,10913419,116030083270,5,0,0,128000,5,8017931553
9564,116019322196,10888242,116030210438,5,0,0,876544,5,10645596591
9565,116019492567,10766852,116030259419,5,0,0,327680,5,1385640731
9566,116019526427,10383437,116029909864,7,0,0,536064,7,8434570464
9567,116019580517,2452577,116022033094,8,0,1,70144,8,5428633103
9568,116019684570,1969138,116021653708,6,0,0,1671680,6,4198260590
9569,116019728598,2571877,116022300475,8,0,1,17408,8,6719674403
9570,116019776345,644353,116020420698,7,0,0,639488,7,4168957365
9571,116019962837,1604718,116021567555,7,0,0,456192,7,8737695659
9572,116020634266,2201489,116022835755,6,0,1,533504,6,2230150734
9573,116020684936,1942723,116022627659,9,0,0,1051136,9,10505796680
9574,116020813067,2267338,116023080405,7,0,0,521216,7,2657984169
9575,116020821489,11585889,116032407378,9,0,0,377856,9,7346336684
9576,116020892250,2103826,116022996076,0,0,1,24064,0,1463534962
9577,116020941746,11672388,116032614134,6,0,0,1932288,6,4612559139
9578,116020974652,2460937,116023435589,9,0,0,80384,9,5683509754
9579,116021002562,2130993,116023133555,2,0,1,340480,2,1601493532
9580,116021009530,11791697,116032801227,6,0,1,115712,6,5272796893
9581,116021041000,618878,116021659878,2,0,1,145408,2,7279047767
9582,116021236497,12067202,116033303699,0,0,1,9216,0,2605601044
9583,116021238062,1749649,116022987711,0,0,0,97792,0,6300715557
9584,116021331943,11931699,116033263642,5,0,1,14336,5,8070138368
9585,116021377559,2228408,116023605967,6,0,0,953856,6,3319837057
9586,116021402885,2189132,116023592017,0,0,1,14336,0,9190192133
9587,116021482293,2109022,116023591315,7,0,0,382464,7,10606919247
9588,116021489104,1828784,116023317888,6,0,1,291840,6,1389485014
9589,116021548168,589282,116022137450,0,0,1,36864,0,9542835172
9590,116021757768,956604,116022714372,2,0,1,431104,2,5252405529
9591,116021970685,1274661,116023245346,9,0,0,612864,9,375992902
9592,116022298030,2261442,116024559472,2,0,1,252928,2,7197979469
9593,116022395248,887797,116023283045,6,0,0,1877504,6,4047790253
9594,116022397220,650234,116023047454,6,0,1,309248,6,6609370252
9595,116022525105,12971055,116035496160,9,0,0,493568,9,7950862044
9596,116022579598,12836130,116035415728,6,0,0,67584,6,1967142298
9597,116022585678,650677,116023236355,0,0,0,55296,0,4892576571
9598,116022586401,2539344,116025125745,5,0,0,292352,5,4286295683
9599,116022729281,357723,116023087004,7,0,0,343040,7,2364836900
9600,116022971464,451997,116023423461,9,0,0,164864,9,3417474704
9601,116023010155,287333,116023297488,9,0,0,51200,9,93340077
9602,116023047187,13139783,116036186970,7,0,0,167936,7,4740266483
9603,116023219706,3642567,116026862273,7,0,0,60416,7,1189392475
9604,116023279878,13176053,116036455931,0,0,0,97280,0,8269478661
9605,116023366722,572793,116023939515,6,0,1,256512,6,2289069518
9606,116023401457,13074204,116036475661,7,0,0,392192,7,8767790746
9607,116023499333,12608310,116036107643,0,0,0,1289216,0,6651683242
9608,116023517320,406803,116023924123,6,0,0,131072,6,6453601236
9609,116023571408,468903,116024040311,5,0,0,60928,5,2961776420
9610,116023886031,13038489,116036924520,6,0,1,111104,6,3341910956
9611,116023886366,13540297,116037426663,0,0,0,116736,0,7562520557
9612,116023901026,519163,116024420189,7,0,0,1427456,7,2785834419
9613,116024070403,1152624,116025223027,9,0,1,24576,9,5235792862
9614,116024078713,627131,116024705844,7,0,0,37888,7,401563036
9615,116024135093,13987988,116038123081,9,0,0,93184,9,2292630750
9616,116024445113,13916238,116038361351,3,0,0,1470976,3,6477469227
9617,116024457575,302698,116024760273,0,0,0,826368,0,3660164027
9618,116024530685,1318518,116025849203,5,0,1,12800,5,4134730062
9619,116024547834,1380366,116025928200,9,0,0,454656,9,10014842497
9620,116024645992,2318592,116026964584,5,0,0,731136,5,2837203450
9621,116024724133,2468204,116027192337,6,0,1,390656,6,8856202339
9622,116024877131,2362776,116027239907,5,0,0,86528,5,1013714671
9623,116025076848,1543440,116026620288,8,0,1,57344,8,8301220897
9624,116025367403,1369596,116026736999,6,0,0,623616,6,6290227232
9625,116025394112,1752522,116027146634,6,0,0,336384,6,8826339498
9626,116025624042,1405094,116027029136,0,0,1,25088,0,9392458422
9627,116025648636,15883907,116041532543,6,0,0,33280,6,2896880121
9628,116025658898,1383712,116027042610,0,0,1,46592,0,8239806006
9629,116025927188,15814506,116041741694,8,0,1,65536,8,9677369355
9630,116026040423,15780721,116041821144,0,0,0,268288,0,9635548879
9631,116026049265,1414405,116027463670,8,0,1,26624,8,4015850714
9632,116026070315,1043720,116027114035,9,0,0,188416,9,3717524088
9633,116026167728,1011890,116027179618,2,0,1,777728,2,3117697707
9634,116026213158,1963748,116028176906,6,0,1,539648,6,1563099830
9635,116026291920,1781805,116028073725,5,0,0,2108928,5,5145158783
9636,116026327237,999496,116027326733,9,0,0,417280,9,2184189824
9637,116026376397,1022911,116027399308,7,0,0,188416,7,6427899421
9638,116026549631,941102,116027490733,2,0,1,170496,2,1930714364
9639,116026656660,915516,116027572176,8,0,1,16384,8,4439155362
9640,116026987752,17451116,116044438868,9,0,1,29696,9,776791699
9641,116027039675,1480825,116028520500,0,0,1,41472,0,339080318
9642,116027172992,480189,116027653181,6,0,1,174592,6,6657173289
9643,116027383333,2432163,116029815496,5,0,0,1193984,5,1616850440
9644,116027395588,2446701,116029842289,7,0,0,837120,7,8655934494
9645,116027457441,1308326,116028765767,6,0,1,616960,6,5240250257
9646,116027477132,2442431,116029919563,0,0,1,81408,0,1426537579
9647,116027537738,989942,116028527680,5,0,0,439808,5,7400060849
9648,116027749215,18373696,116046122911,7,0,0,616448,7,3910130826
9649,116027885711,848028,116028733739,6,0,0,248320,6,415654901
9650,116027912074,1827568,116029739642,8,0,1,137728,8,6366835369
9651,116027926898,1622021,116029548919,5,0,0,121344,5,886214220
9652,116027947466,1386317,116029333783,0,0,1,53248,0,6313663414
9653,116027992359,19339204,116047331563,2,0,1,732160,2,4073762150
9654,116028001846,1107242,116029109088,9,0,0,619520,9,9006628419
9655,116028062860,1492786,116029555646,9,0,1,3584,9,4597980789
9656,116028363970,2561299,116030925269,5,0,0,210432,5,4365483228
9657,116028553565,2006334,116030559899,0,0,0,111104,0,7605212797
9658,116028756049,1316751,116030072800,9,0,1,13824,9,6505922034
9659,116028848341,890528,116029738869,8,0,0,15360,8,5480987596
9660,116028885147,1264331,116030149478,0,0,1,26112,0,8191182596
9661,116029026085,860283,116029886368,9,0,0,257024,9,2145918738
9662,116029226762,19755479,116048982241,9,0,1,31232,9,6630481903
9663,116029415631,1350585,116030766216,8,0,1,162816,8,4277214954
9664,116029484359,1175790,116030660149,8,0,0,417792,8,3161441657
9665,116029658353,19668105,116049326458,9,0,1,16896,9,2625179496
9666,116029711395,1656347,116031367742,5,0,1,80384,5,8648499188
9667,116029821957,19751309,116049573266,7,0,0,59392,7,2348566636
9668,116029894424,1003032,116030897456,7,0,0,382464,7,2567661969
9669,116030047246,1380652,116031427898,0,0,0,13824,0,8374638968
9670,116030320034,20367374,116050687408,5,0,1,8704,5,2965576605
9671,116030381145,382888,116030764033,6,0,1,67584,6,3774874164
9672,116030504653,20361742,116050866395,0,0,0,372736,0,4870977783
9673,116030535035,20150013,116050685048,6,0,0,106496,6,5847376557
9674,116030565246,581927,116031147173,0,0,0,437760,0,5295674595
9675,116030587159,472267,116031059426,9,0,1,34816,9,10734255793
9676,116030588490,710944,116031299434,0,0,1,6656,0,7034360126
9677,116030866758,881528,116031748286,2,0,1,94208,2,1990588680
9678,116031004268,1184341,116032188609,9,0,0,379392,9,7118347403
9679,116031143017,20509095,116051652112,7,0,0,174592,7,3374097440
9680,116031225048,20538364,116051763412,0,0,0,395776,0,9195937052
9681,116031264220,434780,116031699000,9,0,0,331264,9,1151533710
9682,116031302311,404347,116031706658,9,0,1,97280,9,895370246
9683,116031779353,20324833,116052104186,5,0,0,116736,5,8959846271
9684,116031832432,402187,116032234619,6,0,1,1073664,6,2972529977
9685,116031834744,394232,116032228976,8,0,0,1755136,8,9715626688
9686,116032070547,576547,116032647094,6,0,1,491008,6,6821419420
9687,116032107886,770621,116032878507,2,0,1,11776,2,6117356674
9688,116032173482,462484,116032635966,6,0,0,198144,6,4822916100
9689,116032186518,658628,116032845146,9,0,0,548352,9,2743506992
9690,116032235817,730733,116032966550,6,0,0,224768,6,6349035145
9691,116032358608,625783,116032984391,9,0,1,2048,9,6064408623
9692,116032571013,21155484,116053726497,5,0,1,188928,5,1158335098
9693,116032614334,1257205,116033871539,6,0,0,333312,6,1273812264
9694,116032663050,21355748,116054018798,6,0,1,2220032,6,10493556027
9695,116032677856,21301266,116053979122,0,0,1,4608,0,9580488119
9696,116032686195,1353079,116034039274,0,0,1,28160,0,599732736
9697,116032773285,21301292,116054074577,6,0,0,113664,6,8075505679
9698,116032865527,21389904,116054255431,9,0,1,18432,9,2314322902
9699,116033251525,21380994,116054632519,8,0,0,318976,8,1001846145
9700,116033340403,1253994,116034594397,9,0,1,109568,9,7350519151
9701,116033400190,1158428,116034558618,5,0,0,1242624,5,6667320864
9702,116033473045,21236068,116054709113,7,0,0,448000,7,5006769551
9703,116033505783,21225092,116054730875,9,0,1,28160,9,6334489386
9704,116033506247,797216,116034303463,5,0,0,621056,5,3836324204
9705,116033538352,21274224,116054812576,6,0,0,66560,6,5432137941
9706,116033689934,21127187,116054817121,6,0,1,33792,6,9395414481
9707,116033800998,21123825,116054924823,6,0,1,371200,6,7313795116
9708,116033814265,21149698,116054963963,7,0,0,1501184,7,5662604489
9709,116033923342,21562456,116055485798,2,0,1,331264,2,10649468252
9710,116034121448,21588579,116055710027,0,0,0,80384,0,10325272293
9711,116034202095,21553979,116055756074,2,0,1,833024,2,376252863
9712,116034268245,21284294,116055552539,9,0,0,253952,9,6446678716
9713,116034439273,21816903,116056256176,4,0,1,181248,4,8273461979
9714,116034462707,21663218,116056125925,9,0,1,113152,9,2767777359
9715,116034629597,21633429,116056263026,8,0,0,306176,8,836377130
9716,116034645519,658845,116035304364,9,0,0,650240,9,9422208635
9717,116034833715,2130232,116036963947,5,0,1,1024,5,8482133772
9718,116034900130,2262276,116037162406,5,0,1,56320,5,6339319490
9719,116034964029,1088575,116036052604,9,0,0,1197568,9,4517548922
9720,116034967038,1845021,116036812059,7,0,0,97792,7,1838002584
9721,116035101482,1771601,116036873083,9,0,0,724992,9,8258657309
9722,116035147352,22178056,116057325408,0,0,0,166912,0,7244398319
9723,116035208329,2764997,116037973326,4,0,1,32768,4,5064768712
9724,116035221749,1878016,116037099765,7,0,1,512,7,2531227790
9725,116035290787,22538939,116057829726,6,0,1,953856,6,4033876594
9726,116035355746,22613713,116057969459,6,0,0,67584,6,4216181027
9727,116035438204,986737,116036424941,2,0,1,531456,2,3541924956
9728,116035445150,1251018,116036696168,9,0,0,255488,9,1047762601
9729,116035662956,843887,116036506843,6,0,1,663552,6,3545249963
9730,116035722472,565283,116036287755,4,0,1,90112,4,1542193557
9731,116035967410,764091,116036731501,0,0,1,17408,0,671074437
9732,116036092303,22860461,116058952764,0,0,1,1536,0,10191737772
9733,116036217434,22658925,116058876359,0,0,0,161792,0,9251020565
9734,116036493489,966768,116037460257,6,0,0,1046016,6,1069617043
9735,116036594842,22430253,116059025095,0,0,1,59904,0,8636697010
9736,116036698024,22523562,116059221586,6,0,0,78848,6,8036086653
9737,116036705522,22276015,116058981537,5,0,0,795648,5,2617963365
9738,116036770707,21982998,116058753705,6,0,1,955392,6,6679094659
9739,116036811067,22038888,116058849955,7,0,1,71680,7,8106665645
9740,116036999237,626500,116037625737,9,0,1,75264,9,10451057031
9741,116037048175,995662,116038043837,8,0,0,190976,8,6083520684
9742,116037057448,471430,116037528878,8,0,0,50688,8,2110519754
9743,116037125320,483605,116037608925,9,0,0,236544,9,1015733402
9744,116037160088,777898,116037937986,5,0,1,146432,5,7030115909
9745,116037364549,505349,116037869898,0,0,0,96768,0,7504251272
9746,116037459124,667275,116038126399,6,0,1,334336,6,6602973450
9747,116037646115,1048197,116038694312,5,0,0,122880,5,9301927106
9748,116037717885,22749307,116060467192,5,0,1,13824,5,5634974934
9749,116037737455,22885593,116060623048,8,0,0,119296,8,2101789949
9750,116037776042,22909534,116060685576,6,0,1,2357248,6,8708682556
9751,116037868194,1290693,116039158887,9,0,0,297472,9,5985782246
9752,116038002234,22398092,116060400326,7,0,1,69120,7,6517154566
9753,116038173053,655660,116038828713,7,0,0,143872,7,7565575592
9754,116038246760,720288,116038967048,9,0,1,49152,9,520691140
9755,116038354106,937086,116039291192,5,0,1,75776,5,1561376632
9756,116038364594,1273156,116039637750,6,0,0,102400,6,10494819647
9757,116038462366,1173316,116039635682,5,0,0,134656,5,3687581734
9758,116038462628,1576877,116040039505,5,0,0,160256,5,10522092353
9759,116038642676,958436,116039601112,0,0,0,17408,0,4637859270
9760,116038764486,22931365,116061695851,7,0,0,582144,7,5539530246
9761,116038916440,22957975,116061874415,0,0,1,300544,0,418481728
9762,116038991766,22980104,116061971870,8,0,0,159744,8,8224919831
9763,116039072560,22936950,116062009510,9,0,1,94720,9,4796959388
9764,116039104661,22945173,116062049834,0,0,1,48640,0,9261079684
9765,116039139090,23142870,116062281960,0,0,1,39936,0,10286555532
9766,116039162990,465340,116039628330,0,0,0,349184,0,9929228738
9767,116039271256,419502,116039690758,8,0,0,794112,8,4744514572
9768,116039305363,22919761,116062225124,5,0,1,84992,5,2089467241
9769,116039489418,1821486,116041310904,5,0,0,317952,5,38396376
9770,116039495364,1635842,116041131206,0,0,0,11264,0,8875376977
9771,116039500674,22797473,116062298147,9,0,1,6144,9,1824393189
9772,116039580121,22518918,116062099039,6,0,1,121344,6,1994667593
9773,116039602333,242293,116039844626,6,0,0,24576,6,3341595724
9774,116039816934,1310885,116041127819,0,0,0,164352,0,8253277326
9775,116039866452,22462318,116062328770,6,0,0,981504,6,10651990367
9776,116039869825,22192600,116062062425,4,0,1,117248,4,6582967362
9777,116039884863,21873419,116061758282,9,0,1,55296,9,5970129197
9778,116039902820,21955302,116061858122,0,0,0,259072,0,2966605664
9779,116039913177,21803658,116061716835,9,0,0,210944,9,9685329456
9780,116040266621,21498542,116061765163,8,0,0,386560,8,1566594434
9781,116040537473,21506357,116062043830,5,0,1,88576,5,2603460128
9782,116040683519,21653646,116062337165,3,0,1,8192,3,1034257507
9783,116040702355,412283,116041114638,6,0,0,556544,6,9794646722
9784,116040805865,395256,116041201121,7,0,1,68096,7,9901634577
9785,116040857036,21396511,116062253547,1,0,1,31744,1,2628388067
9786,116040953495,21350970,116062304465,1,0,1,33792,1,3750677386
9787,116040991979,233660,116041225639,0,0,1,82944,0,8943668037
9788,116041129712,21435815,116062565527,8,0,0,738816,8,1475122226
9789,116041447221,21529142,116062976363,0,0,0,314880,0,10273352323
9790,116041529980,21065696,116062595676,0,0,0,162304,0,66706297
9791,116041627409,266323,116041893732,0,0,1,15872,0,3027500861
9792,116041737079,21763130,116063500209,7,0,0,508416,7,8795015524
9793,116041836563,21495375,116063331938,9,0,1,68608,9,4139537749
9794,116041909884,373985,116042283869,0,0,1,10752,0,4661146290
9795,116042243397,457614,116042701011,5,0,0,91648,5,4995529384
9796,116042252492,21751128,116064003620,1,0,1,201728,1,6008277647
9797,116042357661,21806594,116064164255,7,0,1,156160,7,10439593603
9798,116042366889,725078,116043091967,6,0,0,14848,6,8882587424
9799,116042373417,21642796,116064016213,1,0,1,175104,1,4847300021
9800,116042492963,620514,116043113477,6,0,0,1389056,6,10456320787
9801,116042507865,21547745,116064055610,5,0,0,503808,5,1287946599
9802,116042533880,821672,116043355552,7,0,1,19968,7,2009314020
9803,116042623565,21224010,116063847575,6,0,1,704512,6,1121796765
9804,116042625350,547586,116043172936,6,0,1,43008,6,5940475184
9805,116042650990,516636,116043167626,6,0,0,183296,6,2577741142
9806,116042658620,420694,116043079314,9,0,1,1536,9,18946667
9807,116042673055,21667277,116064340332,6,0,1,128000,6,9184046208
9808,116042774846,21782873,116064557719,7,0,0,542720,7,5698130161
9809,116042840819,765936,116043606755,6,0,0,215552,6,3537340925
9810,116042844546,22083829,116064928375,4,0,1,13312,4,1798317421
9811,116042876253,971727,116043847980,0,0,0,1293312,0,10373981967
9812,116042937871,22131486,116065069357,4,0,1,19968,4,5131928125
9813,116043043322,1092833,116044136155,3,0,1,14848,3,7891792912
9814,116043096088,650335,116043746423,0,0,0,3500032,0,8430950350
9815,116043123603,539266,116043662869,0,0,0,267776,0,4025112857
9816,116043244658,420752,116043665410,9,0,0,59904,9,929921365
9817,116043373133,185946,116043559079,9,0,0,30208,9,9035004118
9818,116043478756,279337,116043758093,7,0,0,2568192,7,800431651
9819,116043502949,22477718,116065980667,0,0,1,134144,0,8002453307
9820,116043679148,22199986,116065879134,5,0,0,152064,5,6874595317
9821,116043992348,22153896,116066146244,1,0,1,26112,1,1235045047
9822,116044027637,21917387,116065945024,6,0,1,419328,6,3526920619
9823,116044088131,398427,116044486558,1,0,1,9216,1,1345463941
9824,116044311860,709250,116045021110,7,0,0,390656,7,6067785881
9825,116044489190,526729,116045015919,7,0,0,50688,7,6049961756
9826,116044532788,797715,116045330503,6,0,0,13312,6,563714165
9827,116044551258,22263276,116066814534,8,0,0,225280,8,8109061278
9828,116044554946,502656,116045057602,9,0,0,8192,9,3333768799
9829,116044578525,865137,116045443662,0,0,1,5632,0,5715408486
9830,116044813805,859719,116045673524,0,0,1,15360,0,8098665063
9831,116044983425,931939,116045915364,6,0,1,225792,6,8750643461
9832,116045204569,767955,116045972524,7,0,0,2686976,7,50501720
9833,116045227368,453653,116045681021,0,0,1,82432,0,7330467110
9834,116045491777,22636996,116068128773,5,0,1,13312,5,2470826530
9835,116045611995,22678114,116068290109,7,0,0,260096,7,6117534407
9836,116045720272,764458,116046484730,8,0,0,3584,8,5006100975
9837,116045918111,554256,116046472367,9,0,0,1247232,9,6821694185
9838,116045990220,552330,116046542550,7,0,0,424960,7,9182572601
9839,116046014684,352103,116046366787,7,0,0,52736,7,9753363173
9840,116046032358,663986,116046696344,5,0,1,2048,5,1397294264
9841,116046043420,22985302,116069028722,9,0,0,538624,9,6260082929
9842,116046248701,793031,116047041732,9,0,1,1024,9,10262192714
9843,116046262134,23038089,116069300223,7,0,0,888320,7,2045347897
9844,116046350057,427510,116046777567,6,0,0,293888,6,10101670606
9845,116046491923,22878858,116069370781,1,0,1,15872,1,5186345478
9846,116046525818,309484,116046835302,7,0,0,721920,7,2242822725
9847,116046605144,22887387,116069492531,3,0,1,47104,3,10320928826
9848,116046712715,404435,116047117150,5,0,1,16384,5,3517771058
9849,116046812392,22183803,116068996195,9,0,1,59392,9,1528334098
9850,116047170545,434274,116047604819,7,0,0,232960,7,4290937245
9851,116047303834,405338,116047709172,7,0,0,727040,7,1575717839
9852,116047346757,359408,116047706165,6,0,0,27648,6,8536829358
9853,116047537252,22413788,116069951040,5,0,1,58368,5,5474042247
9854,116047557629,278194,116047835823,0,0,0,586752,0,7513291468
9855,116047642070,22244997,116069887067,6,0,0,735744,6,4094262118
9856,116047811712,22555177,116070366889,3,0,1,19456,3,5922104466
9857,116047811804,22303249,116070115053,9,0,1,36352,9,7946958191
9858,116047862588,22311957,116070174545,5,0,1,1024,5,4814091914
9859,116048014542,238848,116048253390,0,0,0,94720,0,6586785035
9860,116048058004,22342165,116070400169,1,0,1,39936,1,10228993188
9861,116048127681,392604,116048520285,1,0,1,61440,1,4408140415
9862,116048129700,22169929,116070299629,7,0,0,59904,7,678905897
9863,116048154663,21949041,116070103704,0,0,1,20480,0,6609400304
9864,116048199145,21913999,116070113144,0,0,1,78848,0,7804030214
9865,116048212870,21923139,116070136009,8,0,0,1560576,8,1400179691
9866,116048275307,21691932,116069967239,8,0,0,169472,8,7093554665
9867,116048306624,628167,116048934791,0,0,1,24064,0,5368483815
9868,116048358011,21570130,116069928141,6,0,0,192000,6,7801035204
9869,116048495129,687604,116049182733,3,0,1,208384,3,252253040
9870,116048641877,21531881,116070173758,6,0,0,217088,6,6024366352
9871,116048704146,21581254,116070285400,0,0,1,58880,0,2884403061
9872,116048733798,21409111,116070142909,7,0,0,271360,7,6516281888
9873,116048808053,515253,116049323306,1,0,1,13312,1,2841618221
9874,116048813548,21543406,116070356954,6,0,0,287232,6,4834579223
9875,116048962908,21380701,116070343609,6,0,0,16896,6,8278447234
9876,116049012010,21427046,116070439056,5,0,1,1024,5,7929890455
9877,116049115281,744778,116049860059,6,0,0,294912,6,2777909816
9878,116049131593,311978,116049443571,8,0,0,866816,8,871924969
9879,116049145578,436068,116049581646,7,0,1,6656,7,9567272287
9880,116049161222,428049,116049589271,8,0,0,233472,8,7231255513
9881,116049165452,21710297,116070875749,5,0,1,50688,5,6700226785
9882,116049244542,1023450,116050267992,0,0,0,49664,0,6932438597
9883,116049253310,22442052,116071695362,3,0,1,213504,3,1191284280
9884,116049258995,22436772,116071695767,8,0,0,513024,8,6024805049
9885,116049388900,22334988,116071723888,6,0,0,803840,6,6360250081
9886,116049429353,22210508,116071639861,6,0,0,189952,6,950541487
9887,116049443254,1883904,116051327158,9,0,0,105472,9,6591467090
9888,116049473202,22774304,116072247506,8,0,0,347136,8,1616013220
9889,116049499690,22737947,116072237637,9,0,1,89088,9,8479556248
9890,116049707929,22727601,116072435530,5,0,1,47616,5,2855708566
9891,116050141258,22490502,116072631760,9,0,1,28672,9,9955676011
9892,116050173789,22300385,116072474174,9,0,0,210944,9,3615655865
9893,116050568330,22186570,116072754900,0,0,0,243200,0,10495355333
9894,116050775789,21994195,116072769984,0,0,1,104960,0,4468134416
9895,116050842542,21967159,116072809701,0,0,1,68608,0,10237518501
9896,116051123646,21960352,116073083998,7,0,0,129536,7,3639255039
9897,116051201103,21482444,116072683547,1,0,1,7168,1,7143614893
9898,116051281184,21370609,116072651793,6,0,0,86528,6,2039395160
9899,116051415002,21797145,116073212147,0,0,0,203776,0,3780478481
9900,116051531965,21976544,116073508509,6,0,0,327168,6,7791204875
9901,116051568089,21898282,116073466371,0,0,0,240640,0,1290731569
9902,116051856770,21984441,116073841211,0,0,1,18944,0,7685641379
9903,116052005512,22007342,116074012854,1,0,1,126464,1,768873235
9904,116052263453,22464536,116074727989,7,0,0,224256,7,9007817564
9905,116052288208,23580803,116075869011,6,0,0,135680,6,9309857234
9906,116052427192,23657794,116076084986,5,0,1,38400,5,249966643
9907,116052691793,23560837,116076252630,7,0,0,152064,7,7373785563
9908,116052731515,23438725,116076170240,4,0,1,31744,4,10629662800
9909,116052758310,24330725,116077089035,0,0,0,349184,0,1654637110
9910,116052843779,24189384,116077033163,7,0,0,329216,7,6759958552
9911,116052881018,23701422,116076582440,6,0,0,547328,6,2473165223
9912,116052944706,23559484,116076504190,0,0,0,18432,0,9696625423
9913,116053270165,23516962,116076787127,7,0,0,280064,7,6597053358
9914,116053323886,23573264,116076897150,6,0,0,87552,6,9600662008
9915,116053367361,23576066,116076943427,3,0,1,74240,3,4516250032
9916,116053392348,23963838,116077356186,0,0,1,78848,0,3654808156
9917,116053481197,23656513,116077137710,8,0,0,326144,8,7176026237
9918,116053526816,23550502,116077077318,1,0,1,47616,1,5260534148
9919,116053567267,23835251,116077402518,8,0,0,218112,8,6317500424
9920,116053595512,23930533,116077526045,0,0,1,253440,0,2386142170
9921,116053691384,23931016,116077622400,6,0,0,633344,6,8133503348
9922,116053694874,24113212,116077808086,1,0,1,63488,1,5952052189
9923,116053753573,24248536,116078002109,9,0,0,158720,9,6029108229
9924,116053890179,24259447,116078149626,8,0,0,290816,8,5489847333
9925,116054040260,24373286,116078413546,1,0,1,58880,1,10131249809
9926,116054216662,23813456,116078030118,8,0,0,501760,8,2664775982
9927,116054327057,23957865,116078284922,9,0,1,164864,9,9649507979
9928,116054430810,23925695,116078356505,1,0,1,25600,1,1926984926
9929,116054580873,23937422,116078518295,7,0,0,1842688,7,10618965523
9930,116054589808,24144936,116078734744,1,0,1,41984,1,886389434
9931,116054628038,23803924,116078431962,5,0,1,21504,5,5708806769
9932,116054698084,23716758,116078414842,1,0,1,144896,1,189879950
9933,116055107538,24229382,116079336920,4,0,1,125440,4,9754226002
9934,116055111470,24228413,116079339883,8,0,0,92160,8,533730120
9935,116055287442,24214734,116079502176,5,0,1,74240,5,3486540308
9936,116055365261,24013660,116079378921,7,0,0,432128,7,933623363
9937,116055403127,24025336,116079428463,7,0,0,445952,7,10475905767
9938,116055532926,24064175,116079597101,6,0,0,294400,6,2334401597
9939,116055572316,23925727,116079498043,1,0,1,31232,1,1470952479
9940,116055808121,23876306,116079684427,4,0,1,14848,4,5004967634
9941,116055830469,24212709,116080043178,1,0,1,5632,1,9961274045
9942,116055954361,24271096,116080225457,7,0,0,953344,7,10145701300
9943,116056007129,24201923,116080209052,0,0,1,186880,0,8489439399
9944,116056009936,24382166,116080392102,5,0,1,33792,5,8682431084
9945,116056128780,24559527,116080688307,6,0,0,723456,6,5828722386
9946,116056187422,24598590,116080786012,2,0,1,25088,2,4959534432
9947,116056192967,24624152,116080817119,0,0,0,880640,0,1026821013
9948,116056200893,24736818,116080937711,9,0,1,36864,9,9081620290
9949,116056396582,24099731,116080496313,5,0,1,133120,5,4393426210
9950,116056413987,23804489,116080218476,5,0,1,35840,5,6944211366
9951,116056415878,23293728,116079709606,9,0,1,243200,9,7453541266
9952,116056500657,23174054,116079674711,9,0,0,1283072,9,6635356496
9953,116056544569,23112895,116079657464,7,0,0,342016,7,6607844047
9954,116056588765,23124632,116079713397,5,0,1,29184,5,1869954984
9955,116056693201,23175994,116079869195,4,0,1,16384,4,7066484844
9956,116056768490,22571251,116079339741,6,0,0,422912,6,10179691944
9957,116056966420,22596931,116079563351,0,0,0,223744,0,7278491563
9958,116056970609,22253907,116079224516,5,0,1,105984,5,8751254141
9959,116057079100,22327853,116079406953,7,0,0,61952,7,3267778520
9960,116057094983,22358450,116079453433,9,0,1,45056,9,4543189865
9961,116057109103,22533703,116079642806,0,0,0,433664,0,10379137030
9962,116057190650,22489225,116079679875,9,0,1,32256,9,6500082817
9963,116057221407,22262485,116079483892,7,0,0,157184,7,3641963716
9964,116057252189,22240817,116079493006,1,0,1,69120,1,3299862259
9965,116057298756,22208051,116079506807,1,0,1,16384,1,7739534307
9966,116057378903,22205205,116079584108,7,0,0,133120,7,3449257310
9967,116057422787,22341095,116079763882,4,0,1,135168,4,8757650925
9968,116057586339,22337873,116079924212,9,0,1,7680,9,2720124552
9969,116057778486,22317008,116080095494,9,0,0,99840,9,2457215223
9970,116057807083,22183764,116079990847,4,0,1,133632,4,9304665916
9971,116057942656,22542566,116080485222,4,0,1,2560,4,1169975776
9972,116057968971,22035663,116080004634,4,0,1,31232,4,556471127
9973,116057991668,21962701,116079954369,9,0,1,45568,9,5463807486
9974,116058142237,22082168,116080224405,9,0,0,79360,9,2390037053
9975,116058275182,22070484,116080345666,1,0,1,38400,1,1072994205
9976,116058441907,22016074,116080457981,9,0,1,110080,9,2801200764
9977,116058448793,22112799,116080561592,9,0,0,148992,9,8920672687
9978,116058605165,22388046,116080993211,0,0,0,92672,0,3625664285
9979,116058650747,22557128,116081207875,3,0,1,16896,3,5027676494
9980,116058736578,22648794,116081385372,0,0,0,1416192,0,8677915295
9981,116058759388,22584353,116081343741,0,0,0,245248,0,3775586019
9982,116058948046,22474479,116081422525,8,0,0,601088,8,7901580341
9983,116059141863,22383675,116081525538,4,0,1,105472,4,5465204102
9984,116059152446,22524062,116081676508,0,0,1,6144,0,1797201039
9985,116059286647,22475682,116081762329,6,0,0,129024,6,5421067580
9986,116059306546,22372999,116081679545,9,0,1,140288,9,9661991394
9987,116059306632,22013690,116081320322,1,0,1,51200,1,1940582504
9988,116059485444,21676659,116081162103,7,0,0,73728,7,9913213122
9989,116059729637,21429679,116081159316,5,0,1,66048,5,9951880997
9990,116059747980,21312143,116081060123,0,0,0,335872,0,10302622145
9991,116059782090,21731228,116081513318,8,0,0,908288,8,5764728275
9992,116059974043,21800493,116081774536,7,0,0,422912,7,350604129
9993,116059979652,21853293,116081832945,6,0,1,231936,6,9067306865
9994,116060391086,21552267,116081943353,1,0,1,72192,1,7342111806
9995,116060493169,21388115,116081881284,1,0,1,38912,1,4824519188
9996,116060495260,21250456,116081745716,1,0,1,54272,1,3003428024
9997,116060596075,21569533,116082165608,8,0,0,11264,8,1947068719
9998,116060756841,21545336,116082302177,6,0,1,2007040,6,335184984
9999,116060855743,20923970,116081779713,1,0,1,13824,1,441220773
