RequestID,ArrivalTime,DelayTime,FinishTime,InitiatorID,TargetID,IOType,Size,VolumeID,Offset
0,63048995018,106336,63049101354,5,0,1,49152,5,10158071861
1,63049031885,135967,63049167852,0,0,1,39424,0,536956442
2,63049110997,205454,63049316451,2,0,0,333312,2,1794705433
3,63049137024,250611,63049387635,0,0,1,10240,0,4718622793
4,63049367730,112204,63049479934,3,0,1,53760,3,490090461
5,63049395169,112227,63049507396,8,0,1,6656,8,1988777811
6,63049597055,13596,63049610651,0,0,0,23040,0,2838510218
7,63049638438,87228,63049725666,4,0,1,6144,4,5837527233
8,63049712112,58060,63049770172,4,0,1,6656,4,38490967
9,63049922992,55144,63049978136,8,0,1,7168,8,3904482296
10,63049967799,43971,63050011770,8,0,0,72192,8,824499126
11,63049972765,101362,63050074127,4,0,1,35840,4,4189228485
12,63050098721,307367,63050406088,7,0,0,163840,7,1034088578
13,63050105793,174634,63050280427,4,0,0,212992,4,3601413811
14,63050282197,51770,63050333967,0,0,0,83968,0,5200201692
15,63050387837,63616,63050451453,1,0,0,107008,1,10434081291
16,63050446453,56850,63050503303,2,0,0,97280,2,8736081549
17,63050464778,3418,63050468196,0,0,1,12800,0,1511043880
18,63050465360,20878,63050486238,0,0,1,22528,0,1650501219
19,63050509261,227702,63050736963,9,0,0,3584,9,6506371276
20,63050594890,103840,63050698730,8,0,0,33792,8,1315735217
21,63050630040,291242,63050921282,6,0,1,40960,6,6920627233
22,63050646839,125916,63050772755,0,0,0,208384,0,3517549294
23,63050655323,117778,63050773101,5,0,0,512,5,7931646374
24,63050662358,127730,63050790088,7,0,0,56832,7,4152932612
25,63050797875,12821,63050810696,3,0,0,21504,3,9755467063
26,63050828427,22429,63050850856,7,0,0,36864,7,10500265380
27,63050960619,55041,63051015660,0,0,0,93696,0,10662732225
28,63050965725,77499,63051043224,2,0,0,91648,2,5882042108
29,63051075450,82378,63051157828,8,0,1,8192,8,2854032141
30,63051123535,6274,63051129809,8,0,1,26112,8,7493571232
31,63051238119,159680,63051397799,9,0,0,6656,9,1015484900
32,63051251306,66458,63051317764,0,0,0,112640,0,5592035833
33,63051308932,5450,63051314382,8,0,1,9216,8,9691657726
34,63051357287,173336,63051530623,0,0,1,58880,0,3818215871
35,63051444697,256018,63051700715,2,0,0,13824,2,3454307137
36,63051497641,326866,63051824507,4,0,0,532992,4,5702694066
37,63051516007,248069,63051764076,8,0,0,114688,8,7350094733
38,63051594678,351368,63051946046,6,0,0,1024,6,3399724395
39,63051619295,272708,63051892003,4,0,1,29184,4,7630814121
40,63051729076,138520,63051867596,1,0,1,2560,1,9123210230
41,63051768687,44400,63051813087,4,0,1,1536,4,7827599645
42,63051909805,230176,63052139981,3,0,0,76288,3,3973871733
43,63051969845,6274,63051976119,1,0,0,6656,1,8227386664
44,63052048750,112520,63052161270,8,0,0,182272,8,516604734
45,63052091276,188881,63052280157,4,0,1,32256,4,2159636917
46,63052183819,151868,63052335687,5,0,1,41984,5,657739227
47,63052191999,179217,63052371216,4,0,1,27136,4,7616018701
48,63052283635,102119,63052385754,5,0,1,8192,5,9783298024
49,63052383588,112550,63052496138,1,0,1,62464,1,9534009092
50,63052451654,44495,63052496149,9,0,0,61952,9,593313766
51,63052463021,33139,63052496160,3,0,0,2048,3,8371384527
52,63052468854,54110,63052522964,8,0,1,3072,8,7874513259
53,63052581455,45592,63052627047,0,0,1,1024,0,10555268174
54,63052685067,105925,63052790992,7,0,0,176128,7,7480890654
55,63052746989,133545,63052880534,3,0,1,1536,3,1732241274
56,63052783033,110159,63052893192,8,0,0,216576,8,4887966770
57,63052807405,79673,63052887078,6,0,0,1536,6,4962626109
58,63052840477,177795,63053018272,6,0,0,4096,6,112382418
59,63052887604,54154,63052941758,0,0,0,70656,0,9141775923
60,63052981067,69935,63053051002,9,0,1,3072,9,7564629810
61,63052994353,123623,63053117976,6,0,1,512,6,10407129220
62,63053066989,162370,63053229359,3,0,0,262656,3,998628896
63,63053241483,1038,63053242521,4,0,1,33280,4,4063400388
64,63053293531,46725,63053340256,7,0,0,1024,7,5231001230
65,63053307070,178401,63053485471,7,0,0,80896,7,8785202984
66,63053354392,112520,63053466912,4,0,0,182272,4,10380037845
67,63053415024,84641,63053499665,5,0,1,2560,5,6595384400
68,63053436811,6274,63053443085,9,0,0,141312,9,7610321759
69,63053532946,288242,63053821188,1,0,1,11776,1,8054111387
70,63053566926,166796,63053733722,0,0,1,11776,0,3582535104
71,63053696062,226963,63053923025,4,0,0,6656,4,3255576879
72,63053748478,57436,63053805914,0,0,1,4608,0,510184967
73,63053850887,72664,63053923551,8,0,1,9216,8,10070619227
74,63053862239,70987,63053933226,9,0,0,114688,9,286262088
75,63053874790,230151,63054104941,0,0,0,340992,0,10076973287
76,63053893468,258541,63054152009,8,0,0,159744,8,7100230145
77,63053930163,237706,63054167869,2,0,0,59392,2,10635454242
78,63053983060,149796,63054132856,6,0,1,512,6,7311442847
79,63054024691,92692,63054117383,9,0,0,23552,9,5636074563
80,63054059709,254224,63054313933,4,0,1,5632,4,4278335251
81,63054087287,197824,63054285111,7,0,0,26112,7,10558880427
82,63054177079,183553,63054360632,3,0,0,515584,3,5741601807
83,63054287224,317863,63054605087,8,0,1,5120,8,5378589301
84,63054370849,211815,63054582664,3,0,0,288768,3,1967542019
85,63054378235,171544,63054549779,5,0,1,51712,5,5701054210
86,63054411479,115001,63054526480,3,0,0,9728,3,7203021196
87,63054416361,168066,63054584427,6,0,1,47616,6,6722920305
88,63054446709,11012,63054457721,1,0,1,12288,1,6052288604
89,63054479466,350037,63054829503,7,0,0,38400,7,5946569681
90,63054550012,403930,63054953942,0,0,1,41472,0,2719486612
91,63054657446,105666,63054763112,1,0,1,20992,1,1444531037
92,63054687697,82377,63054770074,3,0,0,17920,3,7819120079
93,63054700159,328680,63055028839,8,0,1,11776,8,414738522
94,63054705799,236247,63054942046,2,0,0,175616,2,4221257066
95,63054764001,117920,63054881921,7,0,0,104960,7,5546405165
96,63054792841,288487,63055081328,3,0,0,161280,3,119899111
97,63054819744,56333,63054876077,1,0,1,6144,1,7145678510
98,63054968163,47948,63055016111,8,0,0,96256,8,9044419168
99,63054983064,269470,63055252534,7,0,0,31232,7,10111603878
100,63054997582,235470,63055233052,8,0,0,366592,8,3901857035
101,63055000716,233962,63055234678,6,0,0,2560,6,1281427422
102,63055059180,92589,63055151769,6,0,1,66560,6,4442489977
103,63055142550,33329,63055175879,8,0,0,10240,8,4962931644
104,63055220445,10753,63055231198,4,0,0,54784,4,9466211292
105,63055335002,2942,63055337944,4,0,0,17408,4,10523620460
106,63055388882,415956,63055804838,8,0,1,4608,8,294503040
107,63055414252,56589,63055470841,5,0,0,3072,5,5861291587
108,63055426003,155430,63055581433,9,0,1,512,9,6740846888
109,63055522789,30487,63055553276,8,0,1,14848,8,10147977304
110,63055546421,176333,63055722754,3,0,0,49152,3,10345943610
111,63055563921,14495,63055578416,0,0,1,36352,0,8236359168
112,63055684638,12060,63055696698,4,0,0,25088,4,8546658679
113,63055687084,150969,63055838053,6,0,0,2048,6,1472130631
114,63055751202,1990,63055753192,5,0,0,2048,5,8744095698
115,63055762130,1038,63055763168,4,0,1,7680,4,8596323788
116,63055804241,2466,63055806707,6,0,0,1024,6,10547812288
117,63055805041,67588,63055872629,6,0,0,2560,6,1311044095
118,63055816122,205712,63056021834,9,0,0,333824,9,9034984317
119,63055826743,262998,63056089741,7,0,0,218624,7,4694002153
120,63055840261,260207,63056100468,3,0,0,34816,3,5885343401
121,63055847565,255115,63056102680,4,0,1,9728,4,8439078872
122,63055849233,271860,63056121093,9,0,0,61952,9,7005870669
123,63055851536,270203,63056121739,9,0,1,8704,9,9559222425
124,63055853796,245239,63056099035,9,0,1,15360,9,6211664007
125,63055861335,315343,63056176678,0,0,1,20992,0,4011772019
126,63055882533,72020,63055954553,0,0,0,44032,0,3432464985
127,63055973534,394046,63056367580,6,0,1,11264,6,787740025
128,63056137445,109251,63056246696,0,0,1,4096,0,2284102217
129,63056143519,53982,63056197501,8,0,0,116736,8,8210496209
130,63056161122,184927,63056346049,2,0,0,147456,2,5702989011
131,63056232354,54557,63056286911,8,0,0,59904,8,5171245496
132,63056267826,362018,63056629844,3,0,0,88576,3,6294121191
133,63056338694,86192,63056424886,5,0,1,1024,5,9642857463
134,63056388461,86120,63056474581,1,0,0,144384,1,1934768712
135,63056388994,56467,63056445461,2,0,0,10240,2,4321070396
136,63056419518,162010,63056581528,7,0,0,12288,7,9436243150
137,63056643917,2466,63056646383,5,0,0,2560,5,6456941445
138,63056650207,1990,63056652197,6,0,0,2048,6,3273576847
139,63056704408,93484,63056797892,4,0,1,27136,4,2079166950
140,63056724693,78208,63056802901,5,0,1,12288,5,5895207081
141,63056730551,157401,63056887952,4,0,1,23040,4,229143894
142,63056852063,35900,63056887963,3,0,0,52736,3,4970538050
143,63056860397,142274,63057002671,2,0,0,221696,2,7128708370
144,63056878916,102666,63056981582,0,0,1,8704,0,1096808430
145,63056897477,43185,63056940662,6,0,1,6144,6,9175354516
146,63056926029,177370,63057103399,3,0,0,91648,3,4469516398
147,63056985856,167489,63057153345,6,0,0,512,6,10439753102
148,63056989651,97471,63057087122,5,0,1,3072,5,7149591594
149,63057085287,15317,63057100604,9,0,0,29696,9,1075082957
150,63057098446,21137,63057119583,4,0,0,34304,4,5678146470
151,63057180097,64738,63057244835,9,0,0,105984,9,36618448
152,63057207756,38359,63057246115,0,0,0,14336,0,8166254439
153,63057258570,96317,63057354887,8,0,0,160768,8,2543852169
154,63057479051,89693,63057568744,5,0,1,7680,5,9635055232
155,63057517179,67588,63057584767,8,0,1,7680,8,1144703953
156,63057690985,26217,63057717202,8,0,1,7168,8,6719847321
157,63057695780,108266,63057804046,3,0,0,47616,3,10357488479
158,63057731064,143412,63057874476,8,0,0,232448,8,4650281919
159,63057893177,22170,63057915347,9,0,0,36352,9,9330124720
160,63057936493,44916,63057981409,7,0,0,77312,7,5746324599
161,63058016865,87225,63058104090,4,0,0,146432,4,4822816991
162,63058042377,166849,63058209226,8,0,1,22528,8,6676252947
163,63058260313,1038,63058261351,3,0,1,626176,3,7871791206
164,63058358816,20620,63058379436,1,0,1,34304,1,554293339
165,63058358930,522448,63058881378,4,0,1,44544,4,735441295
166,63058385694,434416,63058820110,6,0,0,1024,6,9366402934
167,63058397453,408122,63058805575,5,0,1,40448,5,7957132594
168,63058469648,460228,63058929876,9,0,0,33280,9,4639704747
169,63058570344,253201,63058823545,1,0,1,14336,1,4732517434
170,63058599902,160494,63058760396,8,0,1,10752,8,1993389134
171,63058674147,255983,63058930130,0,0,0,17920,0,2972043212
172,63058692573,153154,63058845727,3,0,0,168960,3,7787746434
173,63058726558,240462,63058967020,4,0,0,91136,4,4630175047
174,63058765043,232398,63058997441,2,0,0,7168,2,5965744229
175,63058765093,198419,63058963512,9,0,1,15872,9,4761553822
176,63058781355,175243,63058956598,3,0,1,136704,3,8733228233
177,63058792085,106239,63058898324,5,0,0,6144,5,5045277047
178,63058866235,243170,63059109405,6,0,0,8192,6,6825393684
179,63058888954,135582,63059024536,9,0,0,42496,9,4895328305
180,63058918717,105830,63059024547,2,0,0,5632,2,1524514928
181,63058925214,99344,63059024558,4,0,0,38400,4,8175956183
182,63058929514,100039,63059029553,8,0,0,109568,8,7699353976
183,63058941557,103549,63059045106,0,0,0,49664,0,1461787907
184,63059054523,128479,63059183002,9,0,1,2560,9,5816061911
185,63059230041,92529,63059322570,1,0,0,150016,1,9457890817
186,63059328031,2942,63059330973,2,0,0,3072,2,492874224
187,63059344654,104633,63059449287,0,0,0,173568,0,5795609796
188,63059391502,22858,63059414360,5,0,1,13824,5,4280800313
189,63059443096,214692,63059657788,6,0,1,12800,6,5843365426
190,63059546071,65647,63059611718,0,0,0,40960,0,8838036365
191,63059547566,201528,63059749094,1,0,1,512,1,842381518
192,63059552447,108748,63059661195,1,0,1,5632,1,9668285798
193,63059670170,165729,63059835899,9,0,0,269312,9,8212926916
194,63059773642,76236,63059849878,4,0,1,7168,4,309574474
195,63059775318,113178,63059888496,8,0,0,50176,8,2018219414
196,63059866761,281954,63060148715,3,0,1,418816,3,7914416349
197,63059883831,448374,63060332205,0,0,1,4608,0,9773908788
198,63060119483,160938,63060280421,9,0,1,22016,9,5595845983
199,63060154232,202414,63060356646,4,0,0,89088,4,164604922
200,63060199532,195119,63060394651,4,0,0,118272,4,1841072450
201,63060200302,216350,63060416652,6,0,1,33280,6,3041371021
202,63060206067,211376,63060417443,8,0,1,2560,8,1709220113
203,63060233770,231856,63060465626,9,0,0,179712,9,4673076263
204,63060347900,118072,63060465972,6,0,0,512,6,8492663363
205,63060350635,126986,63060477621,9,0,0,47616,9,1913134251
206,63060357092,157638,63060514730,7,0,0,120320,7,4475325422
207,63060479241,84900,63060564141,6,0,1,20480,6,1764633785
208,63060481004,61034,63060542038,8,0,0,141824,8,1658767664
209,63060505216,1990,63060507206,6,0,0,512,6,9950112901
210,63060532081,1514,63060533595,9,0,1,18432,9,6711617175
211,63060592810,182398,63060775208,5,0,0,2048,5,9854799579
212,63060598466,3918,63060602384,3,0,0,1536,3,9536994297
213,63060643116,311810,63060954926,3,0,1,50176,3,5500472807
214,63060712067,200661,63060912728,3,0,0,1536,3,738273718
215,63060728021,117351,63060845372,1,0,1,3584,1,9193414188
216,63060756862,129011,63060885873,0,0,1,4608,0,2639448195
217,63060895518,1990,63060897508,3,0,0,2048,3,5536710917
218,63060936935,25958,63060962893,9,0,0,47104,9,1415817013
219,63060949110,59662,63061008772,0,0,1,4608,0,986149892
220,63061003359,43971,63061047330,0,0,0,72192,0,2587379737
221,63061023997,115377,63061139374,8,0,1,2048,8,4889402389
222,63061338156,142895,63061481051,1,0,0,231424,1,2582063851
223,63061339337,125611,63061464948,1,0,1,22528,1,6083114089
224,63061343832,113345,63061457177,6,0,1,11776,6,670903651
225,63061357066,76915,63061433981,5,0,0,2560,5,5720118722
226,63061401001,98449,63061499450,0,0,0,102400,0,1253306865
227,63061404032,276147,63061680179,0,0,1,10752,0,6575717796
228,63061467006,231987,63061698993,4,0,1,24576,4,4054092064
229,63061478383,297560,63061775943,4,0,1,1536,4,1546416337
230,63061485583,31520,63061517103,4,0,1,4608,4,6380517278
231,63061655459,258861,63061914320,9,0,0,51200,9,2363144030
232,63061748976,4846,63061753822,6,0,0,5120,6,8840495695
233,63061762240,22858,63061785098,7,0,0,40960,7,3227627307
234,63061792271,66912,63061859183,8,0,1,5120,8,1987469569
235,63061816421,93821,63061910242,3,0,1,95232,3,9245078174
236,63061844677,200002,63062044679,1,0,0,152576,1,8054114070
237,63061859389,157053,63062016442,1,0,0,176640,1,1931875816
238,63061991446,26007,63062017453,5,0,0,1024,5,3569567485
239,63062121599,52360,63062173959,8,0,1,3072,8,10615242962
240,63062281147,102912,63062384059,1,0,0,166912,1,7184210440
241,63062369636,31262,63062400898,7,0,0,50688,7,6998199814
242,63062378047,77683,63062455730,9,0,1,3072,9,9375835571
243,63062511568,52287,63062563855,1,0,0,84992,1,7549207759
244,63062534058,93304,63062627362,3,0,1,268288,3,427198035
245,63062540086,86436,63062626522,9,0,1,512,9,7163427857
246,63062636169,32632,63062668801,8,0,0,151552,8,7497461625
247,63062662667,4933,63062667600,3,0,1,46080,3,1009643776
248,63062675423,420611,63063096034,1,0,0,114176,1,5798411765
249,63062713061,306061,63063019122,6,0,1,31744,6,5770644106
250,63062729893,148074,63062877967,3,0,0,1024,3,7117732614
251,63062801924,428820,63063230744,8,0,0,12800,8,491873423
252,63062820665,291385,63063112050,8,0,0,109056,8,10532377667
253,63062835686,3641,63062839327,6,0,1,1536,6,4811030908
254,63062877655,15833,63062893488,3,0,1,626688,3,3697093725
255,63063021484,1990,63063023474,2,0,0,10240,2,9362015422
256,63063053251,381785,63063435036,1,0,0,30720,1,4999831022
257,63063208737,56075,63063264812,6,0,0,2048,6,493283810
258,63063225015,51936,63063276951,1,0,0,95744,1,8209511708
259,63063230025,1514,63063231539,0,0,0,12288,0,6855843623
260,63063276075,562,63063276637,9,0,1,62464,9,6974629941
261,63063322095,745202,63064067297,6,0,0,1536,6,8415377596
262,63063376927,202793,63063579720,8,0,0,512,8,8501824626
263,63063420075,365852,63063785927,0,0,0,37376,0,9441824667
264,63063466188,258796,63063724984,9,0,1,35328,9,1111137360
265,63063496781,228214,63063724995,9,0,0,124416,9,4564869788
266,63063573881,151133,63063725014,3,0,0,6144,3,9996145649
267,63063605397,119628,63063725025,5,0,0,2048,5,5879891993
268,63063646686,5564,63063652250,6,0,1,7168,6,5242699172
269,63063719993,151647,63063871640,5,0,0,512,5,2541813234
270,63063736987,131300,63063868287,3,0,1,79360,3,8530587584
271,63063778512,67982,63063846494,4,0,1,29696,4,2297389240
272,63063835745,173107,63064008852,0,0,1,3584,0,4565439896
273,63063961213,105400,63064066613,0,0,1,46080,0,2609343647
274,63064154466,6274,63064160740,2,0,0,6656,2,6395875685
275,63064199832,87892,63064287724,9,0,1,13824,9,10181384508
276,63064355584,562,63064356146,9,0,1,16384,9,3753663794
277,63064399110,76384,63064475494,2,0,0,512,2,1241143444
278,63064466459,3894,63064470353,6,0,0,4096,6,9977292091
279,63064519649,47284,63064566933,4,0,1,1536,4,3638011859
280,63064579179,1514,63064580693,2,0,0,1536,2,6513097548
281,63064667663,1038,63064668701,6,0,0,1024,6,3045577784
282,63064798036,73756,63064871792,8,0,1,12800,8,5358128780
283,63064872378,48976,63064921354,4,0,1,2048,4,7332148756
284,63064981529,1990,63064983519,4,0,0,2048,4,2109343820
285,63065068749,12045,63065080794,1,0,0,19968,1,1206449064
286,63065119162,2466,63065121628,6,0,0,2560,6,7840055747
287,63065185734,97912,63065283646,4,0,1,21504,4,10158116371
288,63065379003,166158,63065545161,7,0,0,273408,7,6272208977
289,63065406201,134527,63065540728,3,0,1,444928,3,8377096776
290,63065418832,21067,63065439899,9,0,1,1024,9,5076700877
291,63065429513,336534,63065766047,5,0,1,29184,5,6434941748
292,63065436863,201714,63065638577,8,0,0,92672,8,9643505639
293,63065550989,201940,63065752929,3,0,0,1024,3,7729154065
294,63065608367,582376,63066190743,0,0,1,5120,0,268547620
295,63065615444,343541,63065958985,0,0,1,6656,0,9509082591
296,63065624953,173272,63065798225,5,0,1,19968,5,3858216170
297,63065645047,375202,63066020249,1,0,0,409088,1,5563467296
298,63065735434,260836,63065996270,0,0,1,1536,0,4888721956
299,63065775815,577007,63066352822,3,0,1,122880,3,9527242226
300,63065815327,155523,63065970850,6,0,0,1536,6,2813173147
301,63065898786,386559,63066285345,0,0,0,103936,0,7279028382
302,63066017601,145096,63066162697,8,0,1,1024,8,10476665937
303,63066088040,136858,63066224898,6,0,1,15360,6,7605835703
304,63066091835,155101,63066246936,5,0,1,512,5,2834280096
305,63066192949,67234,63066260183,0,0,0,114176,0,7466329487
306,63066270877,115016,63066385893,7,0,0,190464,7,8265789970
307,63066332878,56241,63066389119,2,0,0,5120,2,623660955
308,63066381748,61895,63066443643,3,0,1,751616,3,7815480190
309,63066397439,64391,63066461830,4,0,0,100352,4,1320800258
310,63066536749,104116,63066640865,5,0,1,80384,5,2157887061
311,63066552343,74686,63066627029,7,0,0,108544,7,8747581773
312,63066552428,124196,63066676624,5,0,1,2048,5,8033680921
313,63066651086,78221,63066729307,8,0,0,172544,8,4029570129
314,63066681592,6016,63066687608,1,0,0,13312,1,1959188740
315,63066709245,392797,63067102042,4,0,0,201728,4,1542485160
316,63066721251,776817,63067498068,5,0,1,4608,5,8443357014
317,63066757486,438729,63067196215,2,0,0,3584,2,5206146037
318,63066833557,608195,63067441752,1,0,0,6144,1,9838952910
319,63067008249,74458,63067082707,9,0,1,2048,9,146837028
320,63067086736,200699,63067287435,2,0,0,512,2,5345732563
321,63067158989,103184,63067262173,0,0,1,28160,0,662624088
322,63067194139,70541,63067264680,9,0,1,8192,9,7263923173
323,63067318814,15833,63067334647,8,0,0,30720,8,10061480682
324,63067360630,94596,63067455226,8,0,0,154112,8,9488869673
325,63067383467,71503,63067454970,9,0,1,66560,9,7647890596
326,63067423431,34371,63067457802,9,0,0,115712,9,3355582963
327,63067431653,1514,63067433167,1,0,1,25088,1,7708080675
328,63067472007,150972,63067622979,8,0,0,38400,8,10342843714
329,63067514539,285280,63067799819,2,0,0,1536,2,3880460601
330,63067537944,220770,63067758714,3,0,1,82432,3,733508637
331,63067627853,136300,63067764153,9,0,0,225280,9,7430460718
332,63067641381,135407,63067776788,3,0,1,182784,3,6006824076
333,63067645016,141445,63067786461,4,0,0,61440,4,8462165792
334,63067650012,108197,63067758209,7,0,0,44544,7,1931776646
335,63067687446,123013,63067810459,1,0,0,6656,1,10364035090
336,63067693930,10070,63067704000,9,0,0,69120,9,4271702055
337,63067807859,4675,63067812534,3,0,0,1536,3,3147088852
338,63067815058,155346,63067970404,5,0,0,12288,5,3687500233
339,63067831281,118036,63067949317,8,0,0,252416,8,6281788067
340,63067870537,430242,63068300779,5,0,0,3072,5,571302903
341,63067956648,115142,63068071790,4,0,1,512,4,5986635390
342,63068071118,84101,63068155219,1,0,0,135680,1,6235155636
343,63068079750,119130,63068198880,7,0,0,248320,7,2262660054
344,63068087773,186717,63068274490,5,0,1,6144,5,7275142156
345,63068272510,245482,63068517992,8,0,1,38912,8,6653848647
346,63068458110,100876,63068558986,8,0,1,31232,8,10156239807
347,63068476769,95079,63068571848,9,0,1,11776,9,3832979521
348,63068554114,117466,63068671580,6,0,1,39424,6,10638172999
349,63068712400,2942,63068715342,6,0,0,3072,6,9923881180
350,63068862909,1514,63068864423,6,0,0,1536,6,5685403353
351,63068898841,68992,63068967833,6,0,1,12288,6,683827959
352,63068927486,2866,63068930352,6,0,1,17920,6,5802455128
353,63068994572,92212,63069086784,3,0,0,8704,3,148389754
354,63069064110,1038,63069065148,5,0,1,8704,5,5079241669
355,63069113563,70972,63069184535,6,0,0,1024,6,3918240753
356,63069159409,45592,63069205001,6,0,1,1024,6,8427289491
357,63069216132,16092,63069232224,9,0,0,31232,9,5836302153
358,63069227037,94084,63069321121,0,0,1,24064,0,7069504683
359,63069347643,95283,63069442926,7,0,0,158720,7,6267114032
360,63069368545,75866,63069444411,9,0,0,15360,9,8041886907
361,63069441931,562,63069442493,1,0,1,26624,1,7115497981
362,63069495643,224911,63069720554,5,0,0,512,5,8129539248
363,63069513496,177833,63069691329,9,0,0,292864,9,1261720762
364,63069547031,173242,63069720273,4,0,1,3072,4,2022188847
365,63069692196,53749,63069745945,8,0,1,21504,8,8720280312
366,63069704129,1038,63069705167,1,0,0,91136,1,38527917
367,63069824957,198623,63070023580,6,0,0,1024,6,2475897069
368,63069971543,2942,63069974485,3,0,0,3072,3,8131272767
369,63069983520,55564,63070039084,8,0,1,4608,8,1635038781
370,63070026734,95025,63070121759,0,0,0,158208,0,9255860113
371,63070090817,123900,63070214717,8,0,1,6656,8,2574063968
372,63070098315,67234,63070165549,0,0,1,20992,0,9582381560
373,63070185374,63553,63070248927,4,0,0,114176,4,5335815816
374,63070192281,209278,63070401559,3,0,0,5120,3,10316324280
375,63070342623,562,63070343185,2,0,0,512,2,7751326855
376,63070455273,101570,63070556843,1,0,1,5120,1,1402045835
377,63070456003,165900,63070621903,7,0,0,272896,7,969772265
378,63070469012,168342,63070637354,0,0,0,49152,0,8556316601
379,63070542729,94971,63070637700,6,0,0,512,6,7231394321
380,63070691797,3124,63070694921,3,0,0,9216,3,4040161844
381,63070711424,66458,63070777882,6,0,0,112640,6,9938531876
382,63070715116,123722,63070838838,6,0,0,151040,6,9738120831
383,63070787495,62275,63070849770,1,0,0,44032,1,3909184097
384,63070830259,115797,63070946056,1,0,1,11264,1,993833251
385,63070888348,128388,63071016736,1,0,1,26112,1,6676372793
386,63070955233,4469,63070959702,1,0,1,29696,1,379162249
387,63071013773,1990,63071015763,5,0,0,1536,5,549577056
388,63071036857,189953,63071226810,4,0,0,2048,4,5433533704
389,63071038889,3641,63071042530,3,0,1,29696,3,2113983499
390,63071118029,34275,63071152304,4,0,1,24576,4,7215917646
391,63071122230,36019,63071158249,3,0,1,195584,3,5629296459
392,63071155607,98848,63071254455,2,0,0,10240,2,7846126970
393,63071163547,234779,63071398326,1,0,0,59904,1,8919517250
394,63071165349,22858,63071188207,5,0,0,5632,5,185503440
395,63071255163,2866,63071258029,4,0,1,20480,4,4414936965
396,63071278214,292180,63071570394,8,0,0,40960,8,7018234090
397,63071339603,167696,63071507299,8,0,0,8704,8,3388728979
398,63071384249,308327,63071692576,3,0,1,221184,3,4825424481
399,63071467451,208836,63071676287,7,0,0,499712,7,7649806825
400,63071495869,114756,63071610625,7,0,0,19968,7,590178754
401,63071511685,306358,63071818043,9,0,1,7168,9,10504819074
402,63071561931,283841,63071845772,6,0,1,16384,6,5513737656
403,63071602724,178292,63071781016,2,0,0,2048,2,6101687062
404,63071608116,164146,63071772262,5,0,1,7680,5,3299129700
405,63071628109,92459,63071720568,1,0,0,45568,1,5501862602
406,63071703022,65494,63071768516,3,0,0,5120,3,8216065291
407,63071707888,64704,63071772592,6,0,1,4608,6,7606546039
408,63071751083,320722,63072071805,7,0,0,68096,7,2184476316
409,63071752859,113983,63071866842,5,0,0,1536,5,3496296011
410,63071799674,94058,63071893732,1,0,0,188416,1,3229114780
411,63071822825,235797,63072058622,3,0,0,5120,3,3997532319
412,63071882647,193707,63072076354,5,0,1,2048,5,3712179880
413,63072032606,53837,63072086443,6,0,0,88064,6,8261202
414,63072065749,7226,63072072975,8,0,1,33792,8,1848395787
415,63072091369,3894,63072095263,7,0,0,7680,7,8374984590
416,63072146013,36083,63072182096,9,0,0,4096,9,10641315660
417,63072199628,188655,63072388283,6,0,0,63488,6,9296683886
418,63072255180,64479,63072319659,9,0,0,105472,9,6538197157
419,63072266567,56318,63072322885,3,0,0,5120,3,7601643906
420,63072321375,92012,63072413387,8,0,0,148992,8,3388350656
421,63072359517,180932,63072540449,6,0,1,512,6,353614270
422,63072423433,137945,63072561378,5,0,1,2560,5,4264720603
423,63072443718,203128,63072646846,0,0,1,13312,0,9588821107
424,63072447052,211369,63072658421,7,0,0,328704,7,2843028756
425,63072463885,241015,63072704900,4,0,1,6144,4,6827574812
426,63072485879,272822,63072758701,2,0,0,159744,2,3340667252
427,63072487287,151516,63072638803,2,0,0,107520,2,6826646868
428,63072592441,131134,63072723575,8,0,0,58368,8,5934233922
429,63072613284,468663,63073081947,3,0,0,10240,3,8323079143
430,63072626421,307650,63072934071,5,0,1,51200,5,795933810
431,63072657425,217016,63072874441,8,0,0,502272,8,9314284564
432,63072774902,1038,63072775940,4,0,0,95744,4,3902322360
433,63073026828,445972,63073472800,3,0,0,1024,3,7078660760
434,63073186274,23116,63073209390,8,0,0,41472,8,1013791241
435,63073276389,1038,63073277427,3,0,0,1024,3,7070691764
436,63073301353,44658,63073346011,5,0,1,6656,5,10290337219
437,63073301402,64204,63073365606,4,0,0,76800,4,5157993734
438,63073314565,112681,63073427246,1,0,0,165888,1,3436223754
439,63073337041,96618,63073433659,0,0,0,30720,0,8831385370
440,63073366920,150740,63073517660,8,0,1,12288,8,8488987003
441,63073448376,94079,63073542455,4,0,0,153088,4,10145043319
442,63073456086,22687,63073478773,3,0,1,168960,3,3612572299
443,63073579700,352491,63073932191,3,0,1,6656,3,1876014976
444,63073645105,89802,63073734907,6,0,1,7168,6,1776203099
445,63073677497,230927,63073908424,3,0,1,51200,3,10597586781
446,63073714726,32708,63073747434,6,0,0,37376,6,2995533665
447,63073718786,166198,63073884984,6,0,0,74240,6,1407211038
448,63073783895,200785,63073984680,4,0,0,14848,4,6353416860
449,63073807671,4846,63073812517,8,0,1,4096,8,1066796577
450,63073871476,146377,63074017853,3,0,0,5120,3,4881151978
451,63073948527,104721,63074053248,7,0,0,170496,7,5992495822
452,63074019405,19399,63074038804,5,0,1,18432,5,692986410
453,63074034003,5967,63074039970,0,0,0,8704,0,8610793396
454,63074079758,26734,63074106492,4,0,0,14848,4,1006784940
455,63074090980,122335,63074213315,0,0,1,19968,0,2170756002
456,63074104291,64133,63074168424,4,0,0,48640,4,162987660
457,63074113063,150032,63074263095,0,0,1,2560,0,2149829284
458,63074150300,154597,63074304897,0,0,0,108032,0,1560263710
459,63074178830,273358,63074452188,8,0,1,29696,8,1530062135
460,63074233046,154312,63074387358,6,0,0,250368,6,1761695449
461,63074235106,158870,63074393976,0,0,0,23552,0,463638718
462,63074263440,135823,63074399263,9,0,0,25088,9,1040826410
463,63074354089,155604,63074509693,9,0,0,252928,9,6884732689
464,63074377548,133771,63074511319,3,0,0,2560,3,2126440074
465,63074378270,133703,63074511973,9,0,1,512,9,2273446785
466,63074409899,191572,63074601471,6,0,0,105472,6,8535516850
467,63074429892,149795,63074579687,2,0,0,115200,2,9958822124
468,63074473368,142506,63074615874,2,0,0,123904,2,8049451232
469,63074474976,309916,63074784892,6,0,0,405504,6,206192675
470,63074483805,297168,63074780973,4,0,1,32256,4,6452488813
471,63074498861,391736,63074890597,7,0,0,36864,7,703229254
472,63074603140,389660,63074992800,8,0,1,26624,8,7066083659
473,63074876461,237033,63075113494,0,0,0,388096,0,565083061
474,63074950514,168779,63075119293,1,0,0,27648,1,9804236023
475,63074962813,163201,63075126014,7,0,0,32256,7,2183076143
476,63075206129,6225,63075212354,5,0,0,15360,5,3623195293
477,63075306413,5322,63075311735,9,0,0,5632,9,1833596234
478,63075362092,63874,63075425966,1,0,0,107520,1,9350938179
479,63075467318,354487,63075821805,6,0,0,573440,6,9041771650
480,63075524571,313811,63075838382,4,0,0,54784,4,8518443473
481,63075856402,74087,63075930489,5,0,1,13824,5,4663487288
482,63075880364,162372,63076042736,3,0,1,4608,3,2055078888
483,63075926787,139825,63076066612,1,0,0,120832,1,815922610
484,63075944330,127106,63076071436,6,0,0,179712,6,8877649288
485,63075949582,122985,63076072567,0,0,0,522752,0,6506692535
486,63075955436,388718,63076344154,6,0,1,5632,6,5035019153
487,63075985204,410123,63076395327,4,0,0,182784,4,7901280497
488,63076009614,402495,63076412109,7,0,0,55808,7,5960011419
489,63076014369,500656,63076515025,0,0,0,336896,0,2895640408
490,63076107596,413740,63076521336,1,0,0,22016,1,5402764610
491,63076289383,237650,63076527033,6,0,0,18944,6,9600946683
492,63076331666,185202,63076516868,8,0,1,42496,8,10157712207
493,63076344736,186910,63076531646,4,0,1,512,4,5420617633
494,63076347732,220348,63076568080,2,0,0,28160,2,6643878874
495,63076362703,185838,63076548541,2,0,0,63488,2,8474831612
496,63076415141,33241,63076448382,5,0,1,4096,5,4607038957
497,63076482260,424888,63076907148,4,0,1,45056,4,802152082
498,63076483092,4370,63076487462,5,0,1,9216,5,9833690551
499,63076615822,362368,63076978190,1,0,1,40448,1,10484077795
500,63076655483,331224,63076986707,3,0,1,1536,3,8138830560
501,63076707967,5798,63076713765,0,0,0,57856,0,3287684554
502,63076766636,13249,63076779885,5,0,0,4608,5,7142755329
503,63076786592,215102,63077001694,9,0,1,21504,9,8781259916
504,63076820082,50668,63076870750,9,0,0,6144,9,1387646862
505,63076828127,43900,63076872027,5,0,1,2560,5,9670731838
506,63076831383,303483,63077134866,0,0,0,25600,0,6731057460
507,63076843405,194520,63077037925,9,0,1,512,9,8643632542
508,63076992674,2466,63076995140,6,0,1,13824,6,9207003999
509,63077010850,87892,63077098742,5,0,0,2560,5,577795698
510,63077084427,75257,63077159684,3,0,1,3584,3,4826427164
511,63077107316,125400,63077232716,6,0,0,207360,6,862898555
512,63077130514,144444,63077274958,6,0,0,136704,6,3955255650
513,63077160697,118843,63077279540,1,0,0,223744,1,1051164015
514,63077161994,187083,63077349077,1,0,1,5632,1,2597690666
515,63077211293,57908,63077269201,6,0,1,19456,6,10036235718
516,63077290858,154331,63077445189,3,0,0,1536,3,7091838453
517,63077382098,33846,63077415944,5,0,1,11776,5,2905853250
518,63077388242,8815,63077397057,2,0,0,55808,2,10570990314
519,63077394230,10237,63077404467,3,0,1,43008,3,4735052664
520,63077415859,118069,63077533928,3,0,0,4096,3,4423323614
521,63077475638,73741,63077549379,1,0,0,16384,1,1943526664
522,63077510026,562,63077510588,4,0,0,123392,4,6725819465
523,63077548053,95312,63077643365,0,0,1,1536,0,10381586115
524,63077613589,267871,63077881460,3,0,0,512,3,2254124269
525,63077628755,41645,63077670400,5,0,1,9216,5,928217068
526,63077634559,72664,63077707223,1,0,0,67584,1,5804139558
527,63077676882,1514,63077678396,8,0,1,17920,8,3684291207
528,63077706597,195943,63077902540,3,0,0,1536,3,6110014357
529,63077776932,154838,63077931770,0,0,1,64000,0,6612897491
530,63077892989,38792,63077931781,0,0,0,40960,0,4221518447
531,63077911108,94249,63078005357,7,0,0,156672,7,1337105385
532,63078188302,3641,63078191943,3,0,0,10240,3,8264226645
533,63078224327,81124,63078305451,6,0,1,11776,6,10558725120
534,63078339173,108676,63078447849,4,0,1,56832,4,4143096228
535,63078481772,13508,63078495280,7,0,0,26112,7,721920634
536,63078506687,23891,63078530578,2,0,0,43008,2,5239017722
537,63078583795,26217,63078610012,9,0,0,47616,9,2218465493
538,63078800150,106442,63078906592,4,0,0,177152,4,9850101260
539,63078860915,46983,63078907898,3,0,0,2048,3,3030067824
540,63078898315,107205,63079005520,4,0,1,3072,4,1471045959
541,63078987947,76828,63079064775,4,0,1,6144,4,2040823704
542,63079008835,83179,63079092014,4,0,1,12800,4,6182258744
543,63079043895,148596,63079192491,7,0,0,135168,7,2061820209
544,63079268749,3894,63079272643,2,0,0,4096,2,6898424623
545,63079274291,1038,63079275329,1,0,0,1024,1,1592877645
546,63079326419,81370,63079407789,4,0,0,131584,4,6381550112
547,63079329596,80864,63079410460,1,0,1,512,1,463817635
548,63079375499,35567,63079411066,9,0,1,4096,9,6495155062
549,63079392736,94741,63079487477,5,0,1,512,5,2686546643
550,63079397003,110565,63079507568,2,0,0,62464,2,4347901130
551,63079544178,2942,63079547120,8,0,1,24576,8,5973113502
552,63079606804,102125,63079708929,6,0,0,3072,6,1424930687
553,63079721441,115791,63079837232,9,0,0,192000,9,2596518514
554,63079723602,73829,63079797431,0,0,1,13824,0,2381265829
555,63079772494,6750,63079779244,4,0,1,3072,4,938103722
556,63079819661,149264,63079968925,7,0,0,120320,7,7574823450
557,63079874101,2466,63079876567,5,0,1,24576,5,234255763
558,63079900266,2942,63079903208,2,0,0,7168,2,7484339066
559,63079934032,275662,63080209694,3,0,0,2560,3,9651908286
560,63079981600,6484,63079988084,4,0,1,17408,4,5799607810
561,63079989049,3418,63079992467,5,0,0,3072,5,2397703600
562,63080025926,222697,63080248623,3,0,1,51200,3,6970970066
563,63080042177,107745,63080149922,2,0,0,15872,2,8450034101
564,63080046254,43900,63080090154,3,0,1,26112,3,10200919751
565,63080068872,208165,63080277037,0,0,1,6656,0,7424935059
566,63080069493,151478,63080220971,9,0,1,8704,9,7527123564
567,63080069952,135266,63080205218,5,0,0,3584,5,8664531825
568,63080103022,103082,63080206104,5,0,1,512,5,2336114579
569,63080105889,78086,63080183975,4,0,0,223232,4,9839566528
570,63080138841,22700,63080161541,0,0,0,11776,0,8988005126
571,63080168983,2942,63080171925,6,0,0,8192,6,2027013930
572,63080230987,203398,63080434385,6,0,0,23552,6,3511848667
573,63080257458,228290,63080485748,5,0,0,3072,5,1793004273
574,63080290479,167319,63080457798,8,0,1,51712,8,5685285398
575,63080296764,96445,63080393209,4,0,1,19456,4,2956166329
576,63080367649,191112,63080558761,8,0,0,150016,8,3600215481
577,63080411373,44056,63080455429,8,0,0,326144,8,9543471175
578,63080520560,200375,63080720935,0,0,1,1024,0,8423722664
579,63080541713,209463,63080751176,8,0,1,1024,8,3007068062
580,63080555440,225874,63080781314,9,0,0,369664,9,5355364940
581,63080671222,112038,63080783260,5,0,0,3072,5,9135426546
582,63080687440,10618,63080698058,5,0,1,11776,5,1965761809
583,63080773410,186699,63080960109,8,0,0,11776,8,4964903083
584,63080815785,3383,63080819168,3,0,1,6656,3,2210859620
585,63080837038,142021,63080979059,6,0,1,12800,6,7710863276
586,63080936188,34791,63080970979,5,0,0,9728,5,1668379540
587,63080945271,253722,63081198993,7,0,0,60928,7,7858622671
588,63081020394,82662,63081103056,6,0,0,134144,6,1455957063
589,63081065212,32037,63081097249,5,0,1,6144,5,9217226017
590,63081129145,31003,63081160148,7,0,0,52224,7,10044419567
591,63081165988,99004,63081264992,3,0,1,25088,3,1498884638
592,63081186110,232750,63081418860,0,0,0,50176,0,9166206851
593,63081250238,84641,63081334879,1,0,0,141312,1,6884805748
594,63081283752,56619,63081340371,9,0,0,26112,9,2943256784
595,63081376566,33071,63081409637,1,0,0,54272,1,5343698679
596,63081404072,43900,63081447972,6,0,1,20480,6,1732734227
597,63081435337,125208,63081560545,5,0,1,19968,5,5506478293
598,63081503632,172331,63081675963,1,0,1,512,1,8666409674
599,63081596093,79588,63081675681,1,0,1,11776,1,5385536936
600,63081648608,46088,63081694696,8,0,1,15872,8,4985383600
601,63081669511,73156,63081742667,6,0,1,512,6,742914988
602,63081760208,102912,63081863120,4,0,0,166912,4,4786939430
603,63081785492,116641,63081902133,5,0,1,1536,5,8570726506
604,63081787429,127915,63081915344,9,0,1,512,9,2951570724
605,63081818661,204809,63082023470,0,0,1,5632,0,9477970182
606,63081841467,202744,63082044211,3,0,1,5632,3,10539696954
607,63082116141,76048,63082192189,9,0,1,10240,9,7777790371
608,63082155666,76325,63082231991,6,0,0,128512,6,6353995542
609,63082155782,126834,63082282616,4,0,1,1024,4,7383009533
610,63082313780,86192,63082399972,2,0,0,144384,2,9392853730
611,63082327393,88030,63082415423,1,0,0,57344,1,10421039141
612,63082523309,23633,63082546942,1,0,1,11776,1,9586924354
613,63082605880,214621,63082820501,4,0,0,42496,4,5538827366
614,63082682194,115016,63082797210,0,0,0,190464,0,5378869136
615,63082817582,34533,63082852115,7,0,0,60416,7,5736039322
616,63082882001,67300,63082949301,8,0,1,13312,8,4035256187
617,63082912447,122904,63083035351,4,0,1,11776,4,903638130
618,63082974155,273746,63083247901,4,0,1,33280,4,5519755245
619,63082984260,72020,63083056280,0,0,0,199168,0,3602984153
620,63083104687,11012,63083115699,1,0,1,7680,1,484518263
621,63083124174,271323,63083395497,8,0,0,116736,8,4776105322
622,63083150500,110041,63083260541,1,0,1,23040,1,6432401382
623,63083160416,16092,63083176508,0,0,1,2048,0,4979574625
624,63083204935,201620,63083406555,8,0,0,17920,8,4201444028
625,63083287408,199880,63083487288,7,0,0,31232,7,9787472575
626,63083441781,14800,63083456581,2,0,0,28672,2,747636142
627,63083522218,177448,63083699666,8,0,1,27136,8,1332322733
628,63083652505,87225,63083739730,6,0,0,146432,6,8774558744
629,63083652899,66293,63083719192,1,0,1,55808,1,10485674053
630,63083676023,203643,63083879666,7,0,0,4096,7,2412312822
631,63083750064,122252,63083872316,9,0,1,5632,9,7037558422
632,63083801458,99392,63083900850,1,0,1,4096,1,10207806772
633,63083965050,52360,63084017410,3,0,1,3072,3,5912955410
634,63083967925,66052,63084033977,1,0,1,7680,1,9443242395
635,63084039197,74692,63084113889,1,0,1,15872,1,9724299466
636,63084070215,83608,63084153823,4,0,0,139264,4,3290716381
637,63084105602,254166,63084359768,5,0,1,20480,5,433634360
638,63084193661,232987,63084426648,6,0,0,376832,6,7325087031
639,63084292036,196599,63084488635,6,0,1,11776,6,1435185353
640,63084317131,172189,63084489320,2,0,0,201728,2,9340521142
641,63084318190,136981,63084455171,1,0,1,16896,1,311839585
642,63084336941,120045,63084456986,6,0,1,6144,6,3022708742
643,63084358011,246274,63084604285,4,0,1,24576,4,771602270
644,63084383598,150462,63084534060,1,0,0,100352,1,667799697
645,63084415985,120038,63084536023,4,0,0,49152,4,986762565
646,63084443311,261540,63084704851,4,0,0,194560,4,1990447969
647,63084474606,368483,63084843089,4,0,0,12288,4,4204003144
648,63084603306,170216,63084773522,6,0,1,17920,6,7209302248
649,63084616327,197581,63084813908,5,0,1,8192,5,5831569903
650,63084671815,1514,63084673329,5,0,1,39936,5,977979198
651,63084858894,1038,63084859932,3,0,0,1536,3,826411208
652,63084880555,310855,63085191410,5,0,0,1024,5,9804080005
653,63085054774,104776,63085159550,1,0,1,44032,1,2466046884
654,63085070175,113189,63085183364,9,0,1,5120,9,5363269840
655,63085151040,45361,63085196401,8,0,0,65024,8,2385524847
656,63085209418,205969,63085415387,4,0,1,14336,4,8663458714
657,63085291893,336991,63085628884,2,0,0,549376,2,9003822453
658,63085314867,361085,63085675952,2,0,0,159744,2,4805053484
659,63085385246,264227,63085649473,9,0,1,19968,9,9749450878
660,63085399332,308677,63085708009,5,0,1,2560,5,6199841729
661,63085417626,287629,63085705255,8,0,0,28160,8,6568505844
662,63085440677,208181,63085648858,9,0,0,148480,9,6414260483
663,63085541937,144358,63085686295,1,0,0,79872,1,3903819320
664,63085684510,107899,63085792409,0,0,0,237568,0,9766587200
665,63085724195,62242,63085786437,6,0,0,5120,6,7465456003
666,63085770928,468003,63086238931,2,0,0,13312,2,665283400
667,63085930749,41387,63085972136,6,0,1,3072,6,6968000100
668,63085934068,96723,63086030791,6,0,1,4096,6,4703995536
669,63085942022,71665,63086013687,6,0,1,9728,6,6667816115
670,63085974011,76697,63086050708,7,0,0,67072,7,9078087048
671,63085979423,215168,63086194591,9,0,0,96768,9,5239531144
672,63085999161,193156,63086192317,5,0,1,15872,5,4102652400
673,63086008510,325589,63086334099,9,0,0,98816,9,6197271679
674,63086015370,280727,63086296097,8,0,1,40960,8,3952344927
675,63086128015,225446,63086353461,2,0,0,365568,2,6672551208
676,63086242404,128512,63086370916,4,0,1,29184,4,8974532460
677,63086307017,72161,63086379178,1,0,0,90112,1,3865956331
678,63086358004,106700,63086464704,9,0,1,5632,9,1998499440
679,63086387396,55057,63086442453,2,0,0,177664,2,3358143050
680,63086398952,150440,63086549392,6,0,1,22016,6,958278001
681,63086439705,1990,63086441695,3,0,0,1024,3,1805512473
682,63086546207,33587,63086579794,4,0,1,48640,4,10532934984
683,63086551123,25943,63086577066,3,0,0,2048,3,6354648356
684,63086613469,27088,63086640557,6,0,0,55296,6,171657844
685,63086621459,250315,63086871774,3,0,0,512,3,10624205725
686,63086631348,462179,63087093527,7,0,0,44544,7,2529362166
687,63086822863,93460,63086916323,0,0,1,22016,0,7114934095
688,63086860576,72567,63086933143,9,0,0,116736,9,10652026613
689,63086875367,58442,63086933809,4,0,0,11264,4,3063858521
690,63086913359,106640,63087019999,1,0,1,40448,1,2651449832
691,63087013770,62813,63087076583,0,0,0,96768,0,7732741344
692,63087066867,107116,63087173983,5,0,1,45056,5,667495916
693,63087080677,173511,63087254188,5,0,1,51712,5,10186961323
694,63087160016,134605,63087294621,1,0,1,9216,1,4543983907
695,63087406544,63704,63087470248,3,0,1,19968,3,335643089
696,63087419750,85156,63087504906,7,0,0,103936,7,7036329815
697,63087456244,127232,63087583476,4,0,1,21504,4,651811036
698,63087515958,127715,63087643673,4,0,1,5632,4,5203259958
699,63087622187,43454,63087665641,2,0,0,71168,2,9136436828
700,63087639022,97452,63087736474,0,0,0,150016,0,523618836
701,63087642641,94499,63087737140,5,0,0,1024,5,9285667318
702,63087662710,75096,63087737806,8,0,0,11264,8,6093150060
703,63087665911,73015,63087738926,6,0,1,4096,6,5868602699
704,63087666097,3418,63087669515,3,0,0,2048,3,10581804607
705,63087746267,172815,63087919082,8,0,1,2560,8,841241079
706,63087822321,16350,63087838671,3,0,0,3584,3,1778276619
707,63087834315,198987,63088033302,0,0,0,31744,0,7533617073
708,63087835759,147635,63087983394,9,0,1,1536,9,5146133461
709,63087957787,395503,63088353290,6,0,0,640000,6,906086204
710,63088052086,347965,63088400051,2,0,0,158208,2,1373062793
711,63088057764,342953,63088400717,4,0,0,1024,4,7837614199
712,63088111256,30342,63088141598,8,0,1,34304,8,8501366384
713,63088167047,3807,63088170854,9,0,1,12800,9,4328313886
714,63088268528,340860,63088609388,9,0,1,12800,9,7837385917
715,63088371041,304990,63088676031,5,0,0,1024,5,3999539792
716,63088398242,44129,63088442371,5,0,0,1024,5,3885114478
717,63088416660,248160,63088664820,9,0,1,30208,9,6970182130
718,63088444579,6484,63088451063,7,0,0,64512,7,6172962303
719,63088540113,5798,63088545911,0,0,0,15872,0,10123341625
720,63088554831,14541,63088569372,5,0,0,6144,5,7304070827
721,63088561899,23116,63088585015,9,0,0,28160,9,3777530689
722,63088577740,316680,63088894420,6,0,0,41472,6,1121202621
723,63088815170,6750,63088821920,3,0,1,22016,3,7783889582
724,63088871032,91924,63088962956,4,0,1,512,4,95119278
725,63088882028,43900,63088925928,6,0,1,16896,6,202935568
726,63088890257,73468,63088963725,3,0,0,7168,3,5543323888
727,63088903057,52450,63088955507,7,0,0,74752,7,7687871796
728,63088945829,11787,63088957616,8,0,0,19456,8,4937496814
729,63088953933,12562,63088966495,5,0,1,20480,5,15614177
730,63089006405,108032,63089114437,1,0,1,4096,1,6681613308
731,63089024111,73950,63089098061,7,0,0,20992,7,6045352224
732,63089092221,1990,63089094211,0,0,1,3584,0,1957793582
733,63089192171,194483,63089386654,3,0,0,2048,3,7393295796
734,63089263279,64204,63089327483,8,0,1,6656,8,10464839497
735,63089385171,12045,63089397216,0,0,0,19968,0,8658307231
736,63089426536,23979,63089450515,0,0,0,39936,0,4371307894
737,63089479096,56413,63089535509,6,0,1,1536,6,2606532486
738,63089509659,47284,63089556943,9,0,1,1536,9,748719104
739,63089540647,4370,63089545017,9,0,1,5120,9,9815862706
740,63089554672,59128,63089613800,9,0,1,53760,9,8000223620
741,63089555082,129385,63089684467,1,0,1,26112,1,9985914008
742,63089560111,42162,63089602273,2,0,0,4608,2,3299373690
743,63089649800,169703,63089819503,9,0,0,68608,9,10430430204
744,63089731983,22687,63089754670,0,0,0,37376,0,5383620433
745,63089789185,64204,63089853389,8,0,1,6656,8,1910526017
746,63089791003,1038,63089792041,5,0,1,11264,5,5680681804
747,63089800586,1038,63089801624,0,0,1,27136,0,4874275045
748,63089820087,111587,63089931674,1,0,1,67584,1,2906731221
749,63089842910,153562,63089996472,5,0,1,26112,5,3723960224
750,63089892344,186089,63090078433,5,0,0,1024,5,9443950144
751,63089897533,163464,63090060997,3,0,0,1024,3,1055752744
752,63089921951,195241,63090117192,9,0,0,320000,9,7396429265
753,63089930387,20464,63089950851,1,0,1,9216,1,3049989153
754,63089941369,53233,63089994602,3,0,1,31744,3,1346662391
755,63090097074,278213,63090375287,3,0,0,512,3,378620944
756,63090123369,22687,63090146056,0,0,0,90112,0,6292895639
757,63090239766,390255,63090630021,4,0,0,37376,4,2005018604
758,63090466745,62536,63090529281,3,0,1,11264,3,8239304977
759,63090551271,562,63090551833,8,0,1,13312,8,1138983937
760,63090599547,86200,63090685747,5,0,0,512,5,2843859326
761,63090612256,55817,63090668073,0,0,0,95232,0,8494294077
762,63090615692,52727,63090668419,5,0,0,512,5,8704478811
763,63090652713,22222,63090674935,2,0,0,31232,2,1862962877
764,63090761742,123147,63090884889,5,0,1,20992,5,6763077999
765,63090808153,91495,63090899648,4,0,0,147968,4,4536279697
766,63090896322,24666,63090920988,7,0,0,44544,7,416659231
767,63090940117,5192,63090945309,7,0,0,13312,7,8299878910
768,63091115257,562,63091115819,5,0,0,512,5,5405425616
769,63091132053,24408,63091156461,4,0,0,44032,4,10226001486
770,63091152646,1038,63091153684,1,0,1,9216,1,7211064848
771,63091178534,79661,63091258195,5,0,0,1024,5,8721082606
772,63091206769,102592,63091309361,3,0,1,36864,3,10369646475
773,63091310055,1990,63091312045,3,0,0,2048,3,8149505698
774,63091326399,20620,63091347019,1,0,0,33280,1,562652569
775,63091336697,52287,63091388984,4,0,0,84992,4,6888317288
776,63091390032,1038,63091391070,5,0,0,1024,5,7146617172
777,63091400716,33241,63091433957,2,0,0,57856,2,3701788276
778,63091635413,84988,63091720401,2,0,0,138752,2,2517620888
779,63091664221,146782,63091811003,1,0,1,15360,1,1942896058
780,63091759202,72537,63091831739,7,0,0,117760,7,3620813312
781,63091790155,41930,63091832085,5,0,0,512,5,7196308597
782,63091851187,2466,63091853653,9,0,1,16384,9,1180569417
783,63091949381,136232,63092085613,5,0,0,2560,5,9601563802
784,63092077208,86192,63092163400,0,0,0,144384,0,5805566012
785,63092085848,113535,63092199383,1,0,0,114688,1,7902551373
786,63092257544,21137,63092278681,6,0,1,15872,6,1857201960
787,63092284595,104735,63092389330,1,0,1,36864,1,9874211016
788,63092285231,94157,63092379388,0,0,0,34304,0,3595319213
789,63092287055,20308,63092307363,1,0,0,160256,1,9187017911
790,63092297963,139767,63092437730,4,0,1,8192,4,286886482
791,63092299016,4846,63092303862,6,0,0,14848,6,9664928297
792,63092335987,562,63092336549,4,0,1,14336,4,6476504780
793,63092345343,164070,63092509413,9,0,1,4608,9,5084496307
794,63092373531,271836,63092645367,5,0,0,1024,5,6757836777
795,63092459661,208527,63092668188,0,0,1,8192,0,2412803455
796,63092461262,14541,63092475803,3,0,0,5120,3,5596992503
797,63092486531,130110,63092616641,3,0,0,512,3,5989802912
798,63092520491,80299,63092600790,6,0,1,18944,6,5909868556
799,63092565034,305334,63092870368,2,0,0,28160,2,1617348068
800,63092578391,153020,63092731411,7,0,0,247808,7,583733193
801,63092612457,58358,63092670815,4,0,1,13824,4,7096589749
802,63092683371,169996,63092853367,2,0,0,32768,2,741460222
803,63092850247,144358,63092994605,0,0,0,237568,0,1635953382
804,63092873825,45157,63092918982,3,0,1,4096,3,2930309786
805,63092948039,22154,63092970193,1,0,1,9728,1,2815051900
806,63092955247,198976,63093154223,1,0,0,19456,1,8658139348
807,63092979876,41724,63093021600,3,0,0,2560,3,2150038576
808,63093031096,117399,63093148495,4,0,0,67584,4,10105977641
809,63093071851,244764,63093316615,5,0,1,14848,5,5603822404
810,63093256348,63962,63093320310,9,0,0,104448,9,5155293424
811,63093301031,93748,63093394779,1,0,1,17920,1,6557454271
812,63093344446,124712,63093469158,4,0,1,33280,4,5862702578
813,63093350586,1514,63093352100,8,0,0,202752,8,10228018701
814,63093388896,179832,63093568728,1,0,1,50688,1,8210194006
815,63093418168,81945,63093500113,9,0,1,17408,9,1456481905
816,63093422221,170915,63093593136,3,0,1,14848,3,3813693817
817,63093486682,76583,63093563265,3,0,0,1536,3,4990709966
818,63093492262,300346,63093792608,8,0,1,17920,8,163536625
819,63093520596,235973,63093756569,2,0,0,129024,2,87554450
820,63093558532,108163,63093666695,2,0,0,150016,2,2493286527
821,63093579770,113051,63093692821,6,0,0,83968,6,6808126651
822,63093613281,100124,63093713405,4,0,0,65536,4,7209301240
823,63093731904,117083,63093848987,0,0,1,12288,0,7476139492
824,63093732875,167936,63093900811,1,0,0,194560,1,5249433780
825,63093738537,62444,63093800981,1,0,0,180224,1,3024389615
826,63093772253,203821,63093976074,1,0,1,24576,1,5886820808
827,63093846295,93562,63093939857,3,0,0,3584,3,8154254242
828,63093887151,58827,63093945978,5,0,1,10752,5,554624633
829,63093889399,228998,63094118397,2,0,0,152064,2,1296188542
830,63093928960,169734,63094098694,6,0,0,7680,6,3157127278
831,63094009212,61895,63094071107,3,0,1,2560,3,885535196
832,63094031628,64415,63094096043,7,0,0,100352,7,5328023146
833,63094049999,46984,63094096983,1,0,0,67072,1,92756121
834,63094105932,15641,63094121573,9,0,0,81408,9,4751219616
835,63094138261,3894,63094142155,5,0,0,1536,5,5368056187
836,63094238337,274851,63094513188,5,0,0,4096,5,9849682253
837,63094296596,562,63094297158,3,0,0,512,3,10666560356
838,63094298847,156220,63094455067,1,0,1,44032,1,6654199498
839,63094421719,13079,63094434798,6,0,1,1024,6,9141437859
840,63094457231,59347,63094516578,2,0,0,22016,2,9799785770
841,63094568519,562,63094569081,2,0,0,512,2,2145440718
842,63094676401,31520,63094707921,1,0,0,51200,1,3676488770
843,63094835910,131737,63094967647,6,0,0,212992,6,6866152472
844,63094879922,30487,63094910409,5,0,1,19968,5,7889694427
845,63094952679,167849,63095120528,8,0,0,49152,8,3019406177
846,63094964159,167106,63095131265,0,0,1,30208,0,9664807860
847,63095062317,111512,63095173829,5,0,1,33792,5,5706507903
848,63095063222,110774,63095173996,6,0,1,512,6,1311731909
849,63095157424,66200,63095223624,6,0,0,112128,6,9855128357
850,63095162443,82379,63095244822,7,0,0,76800,7,6544799566
851,63095178765,274888,63095453653,9,0,0,391168,9,8884320039
852,63095201559,267954,63095469513,2,0,0,51200,2,2400291395
853,63095216294,269284,63095485578,4,0,0,52224,4,5814980526
854,63095259208,23766,63095282974,9,0,1,7168,9,4222973104
855,63095318250,16268,63095334518,2,0,1,9216,2,6232536464
856,63095463118,269469,63095732587,3,0,0,2048,3,4961687193
857,63095475356,562,63095475918,0,0,1,16896,0,3875894272
858,63095476825,259712,63095736537,8,0,0,29696,8,1407255104
859,63095507985,83696,63095591681,8,0,1,30208,8,8678247379
860,63095537343,214483,63095751826,3,0,0,512,3,7297430352
861,63095562848,70987,63095633835,9,0,0,136192,9,4471192747
862,63095582158,289478,63095871636,6,0,1,17920,6,9572318446
863,63095662549,129308,63095791857,4,0,0,114688,4,7743759577
864,63095672696,265047,63095937743,3,0,0,169984,3,8475433208
865,63095821693,73483,63095895176,7,0,0,122880,7,4247820102
866,63095875373,102654,63095978027,2,0,0,166400,2,7811247169
867,63095943702,39919,63095983621,9,0,0,18432,9,1327468247
868,63095992201,5708,63095997909,9,0,0,14336,9,4733178255
869,63096028030,104057,63096132087,8,0,1,13824,8,9853206348
870,63096120588,104979,63096225567,2,0,0,171008,2,4463279510
871,63096135710,11220,63096146930,2,0,1,42496,2,7694961407
872,63096218213,26734,63096244947,9,0,0,6144,9,3271249423
873,63096231072,62929,63096294001,7,0,0,48640,7,1650025279
874,63096299721,287739,63096587460,7,0,0,102400,7,10577431697
875,63096343983,249484,63096593467,0,0,0,409088,0,3291930663
876,63096354776,128169,63096482945,4,0,1,68096,4,3314730767
877,63096413427,120788,63096534215,8,0,1,7168,8,2414097871
878,63096426633,24304,63096450937,0,0,1,24064,0,1983074256
879,63096476025,13596,63096489621,3,0,0,43008,3,1363594200
880,63096495157,238184,63096733341,1,0,0,48128,1,9173593652
881,63096587373,321956,63096909329,3,0,1,2048,3,3349511929
882,63096591987,149890,63096741877,5,0,0,512,5,5056188844
883,63096621390,432055,63097053445,1,0,0,23040,1,4560709811
884,63096897952,3894,63096901846,6,0,0,4096,6,6544225532
885,63096909152,85756,63096994908,3,0,1,16896,3,1622436199
886,63096946921,48466,63096995387,2,0,1,1536,2,5443252285
887,63097008504,1514,63097010018,6,0,1,8192,6,8802915019
888,63097025203,12304,63097037507,5,0,0,1536,5,3622290910
889,63097037526,69280,63097106806,3,0,1,1536,3,567345956
890,63097039006,47284,63097086290,0,0,0,20480,0,7302466627
891,63097464672,53837,63097518509,1,0,0,88064,1,7116859668
892,63097487875,159024,63097646899,2,0,0,252416,2,1175680052
893,63097495786,121835,63097617621,3,0,1,14848,3,7142080916
894,63097507601,109478,63097617079,2,0,1,23552,2,9388295838
895,63097536508,78330,63097614838,6,0,0,38400,6,9276564444
896,63097593712,67052,63097660764,8,0,1,2560,8,6696729318
897,63097595728,258666,63097854394,3,0,0,150528,3,5560654423
898,63097662859,84970,63097747829,0,0,0,122880,0,5964878358
899,63097670720,54449,63097725169,2,0,1,36864,2,10462958380
900,63097680653,213303,63097893956,1,0,0,31232,1,7277520087
901,63097681308,401982,63098083290,0,0,0,56832,0,9890389150
902,63097713789,8311,63097722100,7,0,0,5632,7,6007825908
903,63097753685,275879,63098029564,6,0,1,5632,6,2824404850
904,63097816692,227343,63098044035,2,0,1,38400,2,6939545774
905,63097882638,63188,63097945826,5,0,1,1536,5,53701743
906,63097895933,122060,63098017993,2,0,0,15872,2,8873486437
907,63097928262,100023,63098028285,2,0,1,3072,2,146855099
908,63097976271,298353,63098274624,9,0,1,4096,9,5945500999
909,63098013775,129140,63098142915,1,0,1,12800,1,10427099171
910,63098049188,347979,63098397167,3,0,0,564224,3,3267859427
911,63098103573,323797,63098427370,6,0,0,202240,6,8659821733
912,63098118208,356368,63098474576,9,0,1,23040,9,2564108833
913,63098224495,226926,63098451421,9,0,1,22528,9,6109839928
914,63098233783,191598,63098425381,6,0,0,11776,6,713873019
915,63098300268,165055,63098465323,9,0,0,99840,9,10017541869
916,63098331957,160496,63098492453,5,0,0,8192,5,882699830
917,63098354737,51253,63098405990,5,0,1,7168,5,7852085516
918,63098518738,383220,63098901958,0,0,0,82944,0,5070540982
919,63098640262,169324,63098809586,5,0,1,4608,5,4644550105
920,63098645604,169328,63098814932,0,0,1,26624,0,4204256931
921,63098645611,44999,63098690610,6,0,0,272896,6,2318027441
922,63098657289,121056,63098778345,1,0,1,19456,1,1027594458
923,63098740701,234803,63098975504,5,0,1,15872,5,3984028056
924,63098759273,253245,63099012518,1,0,1,8192,1,5069011079
925,63098787216,157661,63098944877,7,0,0,74240,7,8528303088
926,63098834764,35050,63098869814,8,0,1,5120,8,9853980819
927,63098867717,63645,63098931362,9,0,0,61440,9,3711545332
928,63098889717,74541,63098964258,0,0,0,93696,0,3049266268
929,63098905459,45982,63098951441,7,0,0,86528,7,4344589277
930,63098958499,294994,63099253493,6,0,1,512,6,2410761069
931,63099061744,162911,63099224655,8,0,1,5632,8,4805330222
932,63099099178,75550,63099174728,2,0,1,42496,2,585245635
933,63099185864,68978,63099254842,3,0,0,126976,3,5295097806
934,63099203778,67362,63099271140,6,0,0,46080,6,10384872752
935,63099204643,70508,63099275151,6,0,1,44544,6,1143323497
936,63099206060,98115,63099304175,5,0,0,1024,5,10698042088
937,63099214051,263843,63099477894,2,0,0,36864,2,4499366085
938,63099236615,204545,63099441160,8,0,0,140800,8,7508352807
939,63099326253,235260,63099561513,5,0,1,19456,5,8862654683
940,63099539833,51770,63099591603,2,0,0,83968,2,3211889324
941,63099612102,97346,63099709448,9,0,1,9216,9,3633517163
942,63099706636,14113,63099720749,0,0,1,30208,0,9331108975
943,63099712015,127126,63099839141,7,0,0,24064,7,2181370726
944,63099817972,145738,63099963710,9,0,0,237056,9,4870940717
945,63099819702,23564,63099843266,9,0,1,81408,9,8786656224
946,63099906013,44141,63099950154,9,0,1,6656,9,8294106456
947,63099946150,40457,63099986607,6,0,0,28672,6,5597594884
948,63099967528,3900,63099971428,3,0,0,75776,3,5848782917
949,63099972198,190723,63100162921,5,0,0,1536,5,5835814913
950,63100031573,1990,63100033563,9,0,0,10752,9,4590587990
951,63100032327,313686,63100346013,3,0,1,1536,3,5135832624
952,63100039912,163786,63100203698,3,0,1,10240,3,9769102997
953,63100087069,4933,63100092002,1,0,1,18432,1,5635419828
954,63100102946,138244,63100241190,7,0,0,2048,7,6862386314
955,63100161410,98163,63100259573,4,0,1,19968,4,4644799097
956,63100190055,287513,63100477568,5,0,1,14848,5,7595130099
957,63100201628,147990,63100349618,6,0,0,12800,6,6552641974
958,63100265380,25958,63100291338,2,0,1,27648,2,4404792527
959,63100345157,185130,63100530287,3,0,0,47104,3,2715017310
960,63100393028,213770,63100606798,6,0,0,346112,6,6493280262
961,63100422784,250897,63100673681,9,0,0,213504,9,8123173841
962,63100567278,133385,63100700663,6,0,1,12288,6,221977590
963,63100612407,122922,63100735329,1,0,0,196608,1,9635492711
964,63100716961,72020,63100788981,1,0,0,116736,1,7840921719
965,63100899787,188709,63101088496,1,0,1,64512,1,8277037349
966,63100950245,138262,63101088507,7,0,0,204288,7,6098002403
967,63101029557,33329,63101062886,6,0,1,8704,6,3593006689
968,63101160602,170487,63101331089,9,0,1,24576,9,7017582296
969,63101163135,111374,63101274509,3,0,0,54784,3,1039495810
970,63101165390,138957,63101304347,2,0,0,202240,2,783570257
971,63101179107,129673,63101308780,6,0,1,11264,6,7180229790
972,63101190212,161155,63101351367,0,0,1,2560,0,6293726086
973,63101240322,89946,63101330268,2,0,0,82944,2,2027935391
974,63101287801,45373,63101333174,5,0,0,4608,5,7126930432
975,63101291949,164437,63101456386,0,0,0,266752,0,5416090352
976,63101432215,121870,63101554085,0,0,0,197120,0,4983144187
977,63101442608,127952,63101570560,0,0,0,62464,0,3774986075
978,63101507596,11336,63101518932,5,0,1,2560,5,6526325208
979,63101559992,10495,63101570487,7,0,0,11776,7,5028814891
980,63101590520,239733,63101830253,9,0,0,16896,9,395284916
981,63101661326,105075,63101766401,8,0,1,4608,8,1118560496
982,63101711759,77359,63101789118,2,0,1,7680,2,4277255587
983,63101742394,173188,63101915582,6,0,0,130560,6,817599986
984,63101798098,168429,63101966527,1,0,1,13312,1,955383151
985,63101940038,5192,63101945230,8,0,1,11776,8,4951802419
986,63101973934,150474,63102124408,9,0,0,13312,9,7134747171
987,63102065158,197820,63102262978,2,0,1,25088,2,7767497044
988,63102218360,80524,63102298884,1,0,1,14848,1,522684185
989,63102269872,102686,63102372558,9,0,1,28672,9,9065220360
990,63102339923,25183,63102365106,4,0,1,39936,4,10497337228
991,63102345038,66232,63102411270,1,0,1,13312,1,9029666319
992,63102363634,103528,63102467162,9,0,0,45568,9,4943611716
993,63102402488,144446,63102546934,0,0,0,234496,0,1825385330
994,63102405153,118389,63102523542,6,0,1,30720,6,2974656272
995,63102436864,1514,63102438378,8,0,1,9216,8,496404076
996,63102495361,262393,63102757754,4,0,1,12800,4,5911885856
997,63102598067,225435,63102823502,5,0,0,1536,5,4472469482
998,63102604189,33071,63102637260,0,0,1,90624,0,1667264525
999,63102696502,216689,63102913191,7,0,0,54272,7,1398643298
1000,63102731783,92694,63102824477,0,0,1,11776,0,914534403
1001,63102789874,81112,63102870986,9,0,0,131072,9,3073391701
1002,63102806292,65565,63102871857,2,0,0,12288,2,4249030201
1003,63102842381,91753,63102934134,8,0,0,148480,8,5814324472
1004,63102850664,33071,63102883735,6,0,1,12800,6,1994934905
1005,63102933135,124269,63103057404,1,0,0,54272,1,4359061829
1006,63102952665,82544,63103035209,1,0,1,11776,1,8906445585
1007,63103049269,562,63103049831,8,0,1,6656,8,10421017534
1008,63103129194,117830,63103247024,5,0,0,512,5,3598139575
1009,63103173966,5450,63103179416,6,0,1,2560,6,29002827
1010,63103228544,76039,63103304583,8,0,0,13824,8,8800472668
1011,63103251463,123594,63103375057,2,0,1,39936,2,4741759044
1012,63103277699,226662,63103504361,9,0,1,14336,9,1846400580
1013,63103440539,29060,63103469599,8,0,1,12800,8,2004821450
1014,63103475274,78364,63103553638,2,0,0,47616,2,6899157265
1015,63103545880,185891,63103731771,2,0,0,305152,2,4611738869
1016,63103678063,58893,63103736956,6,0,0,16384,6,10028636253
1017,63103767724,43971,63103811695,5,0,1,8704,5,9104737849
1018,63103801069,192529,63103993598,9,0,1,6144,9,1453708307
1019,63103808701,170692,63103979393,1,0,0,72192,1,10703183811
1020,63103915777,66142,63103981919,5,0,1,3072,5,3293793758
1021,63104058306,10753,63104069059,9,0,0,17408,9,5774203346
1022,63104108309,12304,63104120613,8,0,0,20480,8,9238653710
1023,63104240637,45592,63104286229,0,0,1,1024,0,662332668
1024,63104328419,59284,63104387703,6,0,1,5632,6,3871860638
1025,63104334142,65425,63104399567,4,0,0,110592,4,6703065452
1026,63104362665,53377,63104416042,8,0,0,54272,8,3432262300
1027,63104365093,52575,63104417668,5,0,0,2560,5,8516401250
1028,63104514202,72287,63104586489,5,0,1,1536,5,9233814258
1029,63104628896,124108,63104753004,8,0,0,204800,8,2582363287
1030,63104941289,52360,63104993649,8,0,1,3072,8,5500324256
1031,63104965960,48976,63105014936,4,0,1,2048,4,5009096948
1032,63105022190,100564,63105122754,0,0,1,30208,0,7604346919
1033,63105068105,82060,63105150165,9,0,1,14848,9,2694526984
1034,63105091671,153384,63105245055,6,0,1,98304,6,2760401809
1035,63105137744,111745,63105249489,2,0,0,180736,2,4675208816
1036,63105175407,69772,63105245179,6,0,1,24576,6,10465650036
1037,63105327551,265774,63105593325,4,0,1,14848,4,2229800240
1038,63105372807,78624,63105451431,1,0,1,8704,1,6049268532
1039,63105417882,122128,63105540010,4,0,0,197632,4,2256376178
1040,63105432123,42937,63105475060,0,0,1,18432,0,7635719339
1041,63105549492,23282,63105572774,6,0,0,70144,6,6686918786
1042,63105579465,270968,63105850433,2,0,0,32768,2,2334770196
1043,63105693152,54445,63105747597,5,0,1,5632,5,5080537339
1044,63105702217,73054,63105775271,0,0,0,87552,0,6875914458
1045,63105804072,10495,63105814567,6,0,0,16896,6,8273108970
1046,63105831363,65452,63105896815,6,0,1,10752,6,4337642737
1047,63105945186,73600,63106018786,1,0,1,9216,1,1545649494
1048,63105951368,81370,63106032738,1,0,1,12288,1,9322615606
1049,63105975800,85525,63106061325,4,0,0,131584,4,9300841090
1050,63106023788,182139,63106205927,3,0,1,512,3,7343903398
1051,63106121809,5527,63106127336,8,0,0,5632,8,2398934736
1052,63106129241,99472,63106228713,0,0,1,26624,0,9893154070
1053,63106182992,121423,63106304415,3,0,1,47104,3,5748019461
1054,63106407811,326866,63106734677,3,0,0,532992,3,1407640382
1055,63106489047,201090,63106690137,9,0,1,43008,9,2751709196
1056,63106539898,135882,63106675780,3,0,0,30208,3,7866730879
1057,63106641498,108938,63106750436,7,0,0,116736,7,2220335422
1058,63106695592,106702,63106802294,6,0,0,89088,6,2576185712
1059,63106699134,334212,63107033346,5,0,0,2048,5,9688376732
1060,63106714495,108775,63106823270,2,0,0,8192,2,5160632460
1061,63106725031,93802,63106818833,9,0,1,2560,9,4649659989
1062,63106748234,163366,63106911600,2,0,0,99328,2,4756699263
1063,63106752910,182445,63106935355,2,0,0,258560,2,8722119666
1064,63106895932,74516,63106970448,6,0,1,9216,6,10735193831
1065,63106951279,159746,63107111025,4,0,0,124928,4,7030550467
1066,63106980626,142845,63107123471,6,0,0,217600,6,1225133649
1067,63106985162,267014,63107252176,8,0,1,51712,8,8543629689
1068,63107027077,156843,63107183920,4,0,0,390656,4,8500060662
1069,63107068456,75455,63107143911,0,0,1,38912,0,5143245840
1070,63107139194,330972,63107470166,0,0,0,3072,0,5021644680
1071,63107221658,22170,63107243828,5,0,0,13312,5,9821982632
1072,63107364160,423983,63107788143,8,0,1,1536,8,1377158495
1073,63107366194,163520,63107529714,6,0,0,36352,6,5191502213
1074,63107367555,162526,63107530081,1,0,0,247296,1,114984320
1075,63107389930,156626,63107546556,7,0,0,62464,7,5704824086
1076,63107413795,138662,63107552457,7,0,0,28160,7,10056109249
1077,63107457392,157941,63107615333,6,0,0,210944,6,4616486777
1078,63107484460,43094,63107527554,5,0,1,13312,5,6897615588
1079,63107573519,21395,63107594914,1,0,0,14336,1,6127049943
1080,63107731492,23116,63107754608,4,0,0,34816,4,5413773302
1081,63107768353,1038,63107769391,3,0,0,41472,3,3990794481
1082,63107804577,328507,63108133084,7,0,0,1024,7,7512840530
1083,63107821183,77359,63107898542,8,0,1,5120,8,4764356083
1084,63107855483,187101,63108042584,2,0,1,23040,2,7042048708
1085,63107863201,562,63107863763,3,0,0,130560,3,720449227
1086,63107871110,197288,63108068398,3,0,1,9728,3,10668714296
1087,63108024983,226024,63108251007,0,0,0,512,0,10314445122
1088,63108055048,92012,63108147060,3,0,0,148992,3,10165766330
1089,63108154765,1038,63108155803,5,0,0,1024,5,433379005
1090,63108311491,75291,63108386782,5,0,1,14336,5,776070096
1091,63108368935,147793,63108516728,8,0,0,126464,8,7521141396
1092,63108538181,4846,63108543027,9,0,1,4096,9,1868522441
1093,63108544974,15058,63108560032,8,0,0,5120,8,3011733943
1094,63108555086,121988,63108677074,9,0,0,29184,9,49625998
1095,63108566335,138433,63108704768,9,0,1,11264,9,5639376986
1096,63108567766,146537,63108714303,6,0,1,40960,6,4123270877
1097,63108605520,273970,63108879490,8,0,1,18944,8,4095027886
1098,63108637808,178092,63108815900,4,0,0,293376,4,10628143942
1099,63108678807,137439,63108816246,5,0,0,512,5,10647920114
1100,63108681346,139406,63108820752,1,0,0,7168,1,5074384397
1101,63108687006,128439,63108815445,4,0,1,35328,4,8756577414
1102,63108693299,169653,63108862952,0,0,0,1536,0,5373059064
1103,63108698436,48783,63108747219,8,0,0,156160,8,5009779359
1104,63108824132,277379,63109101511,3,0,0,7680,3,7098073156
1105,63108834124,337766,63109171890,1,0,0,550912,1,5735581686
1106,63109008205,166591,63109174796,7,0,0,4608,7,4023219000
1107,63109069928,109713,63109179641,2,0,1,25600,2,5536564120
1108,63109070623,49467,63109120090,6,0,1,1536,6,2815114430
1109,63109081046,1038,63109082084,6,0,0,59904,6,4399329295
1110,63109142918,228287,63109371205,1,0,0,2560,1,10717465261
1111,63109212406,96651,63109309057,3,0,1,4608,3,244288232
1112,63109221513,255387,63109476900,1,0,0,1024,1,9425405620
1113,63109333236,45592,63109378828,8,0,1,13824,8,1187928333
1114,63109383776,70972,63109454748,3,0,1,8704,3,6818543039
1115,63109389547,134104,63109523651,8,0,1,9728,8,10303013098
1116,63109397576,86313,63109483889,9,0,1,1024,9,341092400
1117,63109454905,13854,63109468759,0,0,1,5120,0,337954921
1118,63109496546,59128,63109555674,8,0,0,23552,8,4099817744
1119,63109587350,562,63109587912,6,0,1,4096,6,3599499018
1120,63109622450,55744,63109678194,0,0,0,512,0,218248741
1121,63109630565,562,63109631127,2,0,1,5632,2,9804320190
1122,63109697388,105344,63109802732,4,0,1,16384,4,10580950303
1123,63109709684,103690,63109813374,9,0,1,27136,9,8315774781
1124,63109710706,99681,63109810387,1,0,0,512,1,1526807314
1125,63109796595,13767,63109810362,0,0,0,1024,0,4784798217
1126,63109994252,60820,63110055072,8,0,1,5632,8,847251536
1127,63110118714,291516,63110410230,3,0,0,496128,3,6972769494
1128,63110125636,248952,63110374588,1,0,1,19968,1,3485517669
1129,63110148538,306187,63110454725,2,0,0,92160,2,2760795659
1130,63110174431,169172,63110343603,4,0,1,6144,4,4741798244
1131,63110199061,302489,63110501550,0,0,1,26112,0,9850026594
1132,63110255071,201653,63110456724,9,0,0,18944,9,1603907609
1133,63110270046,106571,63110376617,5,0,1,5120,5,6382298566
1134,63110272075,369658,63110641733,9,0,1,4608,9,4363592919
1135,63110356157,298059,63110654216,8,0,0,20480,8,9161197007
1136,63110418215,154018,63110572233,5,0,1,3584,5,3880853198
1137,63110449042,207692,63110656734,0,0,0,340992,0,2750954407
1138,63110479098,47488,63110526586,4,0,1,18944,4,6143962038
1139,63110555493,143023,63110698516,0,0,1,22528,0,3039930550
1140,63110612472,72020,63110684492,7,0,0,5120,7,2980776670
1141,63110642181,205056,63110847237,5,0,1,512,5,5106195008
1142,63110676338,390257,63111066595,0,0,1,5120,0,10518457455
1143,63110802413,74775,63110877188,8,0,1,13312,8,7726897724
1144,63110841505,126517,63110968022,3,0,0,125440,3,8790249130
1145,63110847054,85086,63110932140,3,0,0,51200,3,1000655808
1146,63110944071,33846,63110977917,1,0,1,20992,1,4690793204
1147,63110958894,132444,63111091338,8,0,1,4608,8,7175165754
1148,63110978495,131934,63111110429,4,0,0,55808,4,1795161190
1149,63111206925,6274,63111213199,8,0,0,6656,8,6876619402
1150,63111225625,60820,63111286445,1,0,1,25088,1,2827830591
1151,63111257804,137663,63111395467,6,0,1,5632,6,10630120321
1152,63111303052,59257,63111362309,5,0,1,19968,5,7848355264
1153,63111304042,3894,63111307936,8,0,0,83968,8,9847796194
1154,63111312913,92836,63111405749,8,0,1,27648,8,3828761737
1155,63111379627,116907,63111496534,7,0,0,4096,7,5261485940
1156,63111533316,5322,63111538638,3,0,1,1536,3,10246941695
1157,63111540612,5269,63111545881,1,0,0,5632,1,2348475553
1158,63111541524,1990,63111543514,4,0,0,11776,4,9562654823
1159,63111552817,47284,63111600101,1,0,0,2048,1,4617922195
1160,63111555033,3418,63111558451,3,0,1,41984,3,9152538829
1161,63111613685,3998,63111617683,1,0,0,3584,1,1617066537
1162,63111614731,108889,63111723620,1,0,0,2560,1,913716500
1163,63111962502,63448,63112025950,8,0,1,9216,8,1209335738
1164,63112087693,1514,63112089207,0,0,1,512,0,10052872748
1165,63112116341,43900,63112160241,4,0,0,1536,4,8003549806
1166,63112128029,6274,63112134303,7,0,0,6656,7,1556090466
1167,63112140612,1038,63112141650,1,0,0,1024,1,1232366006
1168,63112154995,52360,63112207355,0,0,1,3072,0,4857997827
1169,63112237260,74258,63112311518,9,0,0,124416,9,43989943
1170,63112240931,73813,63112314744,8,0,0,5120,8,10477599521
1171,63112269194,245704,63112514898,9,0,1,5120,9,4949880370
1172,63112322507,207950,63112530457,8,0,0,341504,8,8040933903
1173,63112324483,209186,63112533669,1,0,1,4096,1,7147457969
1174,63112363553,164938,63112528491,5,0,1,5632,5,7546615601
1175,63112392055,158757,63112550812,6,0,0,86016,6,3095030998
1176,63112439761,74374,63112514135,8,0,0,133120,8,6979114399
1177,63112524490,120328,63112644818,7,0,0,512,7,5531974215
1178,63112528984,57109,63112586093,6,0,1,3072,6,8373122433
1179,63112613743,5708,63112619451,8,0,0,97792,8,6728444460
1180,63112700887,359092,63113059979,4,0,0,14336,4,8157594345
1181,63112765803,3894,63112769697,9,0,1,13824,9,1943331408
1182,63112812195,11787,63112823982,6,0,1,9728,6,3116099960
1183,63112824358,109502,63112933860,1,0,0,4096,1,9403516963
1184,63112833211,107090,63112940301,3,0,0,19456,3,9026948477
1185,63112837717,95677,63112933394,0,0,1,12800,0,5987977264
1186,63112921857,95644,63113017501,9,0,1,2560,9,4129150396
1187,63112922975,97553,63113020528,0,0,1,29184,0,8952512639
1188,63113004973,133287,63113138260,3,0,0,216064,3,6373440519
1189,63113022590,6484,63113029074,6,0,1,57344,6,10519360800
1190,63113163132,2942,63113166074,8,0,1,1024,8,3191479839
1191,63113170257,1514,63113171771,4,0,0,15872,4,7324263443
1192,63113228787,256081,63113484868,1,0,0,3072,1,2265735903
1193,63113233930,3418,63113237348,7,0,0,1536,7,8321227607
1194,63113307686,152589,63113460275,1,0,0,3584,1,2978533898
1195,63113404062,12733,63113416795,4,0,1,31232,4,6832980061
1196,63113406317,1990,63113408307,2,0,0,24576,2,8585220824
1197,63113442053,110706,63113552759,7,0,0,2048,7,10289270612
1198,63113590045,59440,63113649485,8,0,1,6144,8,6182634715
1199,63113601530,48976,63113650506,1,0,1,2048,1,2011830785
1200,63113605108,60376,63113665484,4,0,1,26624,4,7830557130
1201,63113608281,99769,63113708050,4,0,1,9216,4,1387004536
1202,63113633979,74519,63113708498,8,0,1,3072,8,7327284581
1203,63113711102,43900,63113755002,4,0,1,512,4,7842677045
1204,63113761868,244662,63114006530,0,0,0,396288,0,2481855265
1205,63113773161,197342,63113970503,2,0,0,105984,2,1404847162
1206,63113835727,265755,63114101482,9,0,0,2560,9,10462250561
1207,63113840048,204815,63114044863,2,0,1,4096,2,3401763017
1208,63113842528,195863,63114038391,8,0,1,12288,8,3315511833
1209,63113845345,163629,63114008974,7,0,0,1024,7,333294390
1210,63113893337,160026,63114053363,9,0,0,58880,9,4172859218
1211,63113903353,239139,63114142492,6,0,0,30720,6,6716048854
1212,63114057563,84641,63114142204,4,0,0,141312,4,6912316130
1213,63114421285,562,63114421847,5,0,0,512,5,8836980059
1214,63114462022,7702,63114469724,7,0,0,8192,7,2020884760
1215,63114504361,106958,63114611319,8,0,0,178176,8,10117694338
1216,63114546895,6274,63114553169,7,0,1,32768,7,8847500173
1217,63114555811,158851,63114714662,4,0,1,49664,4,4810997517
1218,63114613365,177762,63114791127,3,0,0,6656,3,8037834355
1219,63114643801,82115,63114725916,5,0,1,4096,5,997244929
1220,63114817623,73312,63114890935,6,0,0,119296,6,4580321802
1221,63114821882,1038,63114822920,0,0,1,5120,0,9125172670
1222,63114917717,140779,63115058496,5,0,0,1024,5,364398491
1223,63114970684,153468,63115124152,7,0,1,15872,7,4407214133
1224,63115151022,562,63115151584,5,0,0,512,5,2660014022
1225,63115161579,14025,63115175604,4,0,0,27136,4,4821992955
1226,63115275481,72795,63115348276,8,0,0,118272,8,377559820
1227,63115331628,18594,63115350222,3,0,0,3072,3,4907251474
1228,63115339762,9199,63115348961,8,0,1,5632,8,1232615166
1229,63115342099,57748,63115399847,6,0,0,13312,6,353804305
1230,63115395069,83179,63115478248,0,0,1,6144,0,5007424875
1231,63115438616,186133,63115624749,1,0,1,7168,1,930493385
1232,63115448295,145970,63115594265,4,0,0,135168,4,3239747345
1233,63115480039,135525,63115615564,4,0,1,29184,4,1322575551
1234,63115515832,268771,63115784603,8,0,0,223744,8,10718196575
1235,63115549065,2466,63115551531,2,0,1,7680,2,10552214749
1236,63115564619,286056,63115850675,1,0,1,5120,1,8950658710
1237,63115769639,54266,63115823905,5,0,0,2560,5,7618052866
1238,63115789318,103372,63115892690,7,0,1,39424,7,1407431682
1239,63115799718,339230,63116138948,4,0,0,92160,4,1092310026
1240,63115800514,176589,63115977103,1,0,1,27648,1,413422432
1241,63115832959,117129,63115950088,6,0,0,329216,6,2150564643
1242,63115879185,101812,63115980997,9,0,1,5632,9,2603876579
1243,63115926486,206894,63116133380,6,0,1,15872,6,10483738590
1244,63115938030,118214,63116056244,4,0,1,34304,4,242106252
1245,63115942264,142997,63116085261,6,0,0,158208,6,8838138439
1246,63115969274,16570,63115985844,6,0,1,16896,6,10640454297
1247,63116005994,562,63116006556,3,0,1,1536,3,5189796976
1248,63116069357,562,63116069919,7,0,0,1024,7,5504750601
1249,63116088629,194830,63116283459,5,0,0,512,5,7866819155
1250,63116089255,264749,63116354004,1,0,0,512,1,4656624219
1251,63116129275,176929,63116306204,9,0,0,454656,9,8917094376
1252,63116163775,278050,63116441825,6,0,1,14848,6,906949839
1253,63116291206,893,63116292099,8,0,1,14848,8,575973550
1254,63116291847,56075,63116347922,8,0,1,59904,8,7992668015
1255,63116406778,277856,63116684634,7,0,0,512,7,8791308965
1256,63116423925,124824,63116548749,7,0,1,24064,7,258907871
1257,63116430458,168560,63116599018,1,0,1,16896,1,8227672976
1258,63116452523,325278,63116777801,5,0,1,19456,5,7184022033
1259,63116459245,157278,63116616523,4,0,0,95744,4,1882700972
1260,63116503437,340351,63116843788,3,0,1,10240,3,6440416109
1261,63116594973,328665,63116923638,3,0,0,525312,3,807580980
1262,63116649461,260776,63116910237,2,0,1,4096,2,8882688079
1263,63116664168,257807,63116921975,1,0,0,2048,1,3935541757
1264,63116668763,202263,63116871026,5,0,0,2560,5,1089848727
1265,63116724653,317258,63117041911,1,0,0,512,1,8492091585
1266,63116739356,274935,63117014291,8,0,0,686080,8,10332922536
1267,63116740185,85546,63116825731,4,0,0,17408,4,1068819151
1268,63116750187,447447,63117197634,8,0,1,29184,8,5648482259
1269,63116995215,452007,63117447222,8,0,0,34304,8,4908153396
1270,63116998046,207602,63117205648,3,0,1,4096,3,6110433498
1271,63117047365,283911,63117331276,9,0,1,8192,9,8265036672
1272,63117139752,1514,63117141266,0,0,1,14848,0,2044003795
1273,63117180760,12045,63117192805,6,0,1,1024,6,9574262546
1274,63117182809,165186,63117347995,8,0,1,2048,8,3245473645
1275,63117218643,263262,63117481905,6,0,1,5120,6,6825499306
1276,63117277754,21395,63117299149,5,0,1,12800,5,5321375453
1277,63117285360,96843,63117382203,5,0,0,1536,5,9706509654
1278,63117300827,271769,63117572596,9,0,0,19968,9,1359124903
1279,63117325071,317008,63117642079,2,0,1,2048,2,3487653371
1280,63117391998,239453,63117631451,2,0,1,5632,2,6587198227
1281,63117414499,210256,63117624755,4,0,0,34816,4,9116365469
1282,63117502432,56850,63117559282,8,0,0,97280,8,6101404750
1283,63117530681,68423,63117599104,2,0,0,113664,2,10620182706
1284,63117623398,73829,63117697227,4,0,1,77312,4,7483166929
1285,63117685894,9749,63117695643,6,0,0,120320,6,5403599098
1286,63117750640,72279,63117822919,1,0,0,1024,1,6611469114
1287,63117757896,319051,63118076947,7,0,1,24064,7,2685809364
1288,63117768354,159632,63117927986,8,0,0,117248,8,121464875
1289,63117780523,215945,63117996468,8,0,1,3072,8,710833531
1290,63117782828,158514,63117941342,0,0,0,216064,0,9658195267
1291,63117826402,181090,63118007492,0,0,0,161792,0,9514499682
1292,63117866907,21510,63117888417,3,0,0,211968,3,559074059
1293,63117873473,24925,63117898398,9,0,1,1536,9,259123064
1294,63118027793,363611,63118391404,9,0,0,2048,9,8729554651
1295,63118060724,293575,63118354299,2,0,0,45056,2,276480970
1296,63118122047,55041,63118177088,4,0,0,93696,4,2178568920
1297,63118122285,58029,63118180314,7,0,0,5120,7,6215683103
1298,63118201996,32983,63118234979,8,0,0,57344,8,10454891190
1299,63118247296,195846,63118443142,0,0,0,317952,0,4725896471
1300,63118267444,186016,63118453460,8,0,0,40960,8,4721948541
1301,63118301136,155550,63118456686,1,0,0,5120,1,9634883030
1302,63118365698,107975,63118473673,4,0,0,56832,4,7694743092
1303,63118452452,54008,63118506460,9,0,1,5120,9,369968972
1304,63118492415,5322,63118497737,3,0,0,91648,3,8798729659
1305,63118552632,199395,63118752027,5,0,0,5632,5,1242110884
1306,63118717032,74863,63118791895,8,0,0,122368,8,10712516855
1307,63118797144,2466,63118799610,5,0,0,2560,5,1283762205
1308,63118958017,43366,63119001383,6,0,0,74240,6,2769691946
1309,63118971964,254176,63119226140,6,0,0,397824,6,2667464603
1310,63118979615,283327,63119262942,9,0,0,126976,9,5030114354
1311,63118988691,265505,63119254196,6,0,1,3072,6,5752572491
1312,63119000023,220731,63119220754,5,0,0,4096,5,10376821632
1313,63119051086,324631,63119375717,3,0,1,3072,3,5557563220
1314,63119117473,435977,63119553450,6,0,1,7168,6,9129646542
1315,63119305636,33241,63119338877,7,0,1,10240,7,1838066450
1316,63119333084,562,63119333646,1,0,1,3072,1,6496077845
1317,63119417596,77296,63119494892,2,0,1,14336,2,3336206411
1318,63119432444,191584,63119624028,4,0,0,57856,4,2432859800
1319,63119479728,249515,63119729243,5,0,0,512,5,10080966461
1320,63119537918,82684,63119620602,4,0,1,16896,4,9372493042
1321,63119541475,93562,63119635037,9,0,0,152064,9,1970245906
1322,63119625568,12375,63119637943,7,0,0,4608,7,6537905788
1323,63119651052,141732,63119792784,6,0,1,22016,6,5783685236
1324,63119705401,101812,63119807213,3,0,1,68608,3,5618352682
1325,63119806666,223992,63120030658,9,0,1,34304,9,8005159651
1326,63119874519,77211,63119951730,4,0,1,15360,4,5869399295
1327,63119906528,124783,63120031311,9,0,0,89088,9,5729974061
1328,63119950126,131852,63120081978,9,0,0,207360,9,10510432772
1329,63120008073,147380,63120155453,8,0,0,220672,8,9828158418
1330,63120019191,176384,63120195575,9,0,1,15360,9,9820262415
1331,63120046054,176466,63120222520,3,0,0,214016,3,6194139612
1332,63120123116,93926,63120217042,4,0,0,243200,4,1285399502
1333,63120167046,57240,63120224286,1,0,1,10240,1,3422859361
1334,63120227571,183901,63120411472,0,0,0,80384,0,9519453101
1335,63120276111,562,63120276673,0,0,0,48640,0,3409242585
1336,63120344973,385358,63120730331,7,0,1,9216,7,1426755049
1337,63120351824,115131,63120466955,1,0,0,512,1,8155463694
1338,63120378347,155863,63120534210,0,0,1,7680,0,4720687904
1339,63120381350,118519,63120499869,0,0,0,253440,0,4657043439
1340,63120396772,3900,63120400672,1,0,1,17408,1,8315661176
1341,63120424083,206618,63120630701,3,0,0,25600,3,6101642507
1342,63120425074,172203,63120597277,7,0,1,24064,7,2003945274
1343,63120441027,283609,63120724636,5,0,1,37888,5,7529486301
1344,63120483565,335225,63120818790,4,0,1,26624,4,4154700921
1345,63120605597,5808,63120611405,9,0,0,10752,9,9762665120
1346,63120688753,409754,63121098507,6,0,1,42496,6,2487425865
1347,63120707775,16647,63120724422,4,0,0,4608,4,3604674369
1348,63120811764,74356,63120886120,6,0,1,9728,6,8075552860
1349,63120830477,302520,63121132997,2,0,0,20480,2,10420464183
1350,63120900312,90972,63120991284,8,0,0,132608,8,1171659100
1351,63120983781,4370,63120988151,2,0,1,31744,2,9416871468
1352,63120986744,1038,63120987782,8,0,1,6656,8,9623155324
1353,63121016123,562,63121016685,1,0,0,4608,1,10733795782
1354,63121064717,189543,63121254260,1,0,0,1024,1,4122356444
1355,63121112515,221655,63121334170,5,0,0,512,5,2983321418
1356,63121221168,3124,63121224292,5,0,1,512,5,9806982426
1357,63121229210,43900,63121273110,3,0,1,10752,3,2840297837
1358,63121234829,86936,63121321765,4,0,0,9216,4,1844371415
1359,63121238884,118970,63121357854,2,0,1,48128,2,4879005627
1360,63121321074,71464,63121392538,7,0,1,15360,7,5273378350
1361,63121445302,121612,63121566914,0,0,0,196608,0,6582715307
1362,63121470733,96335,63121567068,0,0,0,8704,0,4936701389
1363,63121474220,139609,63121613829,0,0,0,158208,0,5174587060
1364,63121526279,78473,63121604752,5,0,1,12288,5,7915093221
1365,63121546288,68997,63121615285,8,0,0,44032,8,3163045025
1366,63121557070,260777,63121817847,7,0,0,2048,7,4417241530
1367,63121901768,1514,63121903282,0,0,1,2560,0,10332203287
1368,63121903968,49132,63121953100,5,0,0,1536,5,8816159816
1369,63121929848,74604,63122004452,1,0,0,121856,1,3373913210
1370,63121931046,69953,63122000999,3,0,1,14848,3,6745292593
1371,63121955799,73998,63122029797,3,0,0,77312,3,1009881624
1372,63121963505,271487,63122234992,1,0,0,39936,1,6891466269
1373,63122041404,161681,63122203085,3,0,1,1536,3,9136296244
1374,63122174915,175337,63122350252,1,0,0,284672,1,5573501209
1375,63122255492,73054,63122328546,3,0,1,1536,3,63486956
1376,63122266240,162501,63122428741,3,0,1,9216,3,5362286427
1377,63122305676,80008,63122385684,6,0,1,2048,6,5649021946
1378,63122326812,159961,63122486773,2,0,1,20992,2,8477902119
1379,63122338286,2942,63122341228,5,0,1,22528,5,7389022873
1380,63122340970,272787,63122613757,9,0,0,118784,9,4004778773
1381,63122390109,205605,63122595714,0,0,1,6656,0,8387750567
1382,63122521426,324295,63122845721,5,0,0,3072,5,1592167620
1383,63122644589,3124,63122647713,1,0,1,4096,1,6819031526
1384,63122647348,22429,63122669777,5,0,0,9216,5,10561993449
1385,63122668064,69018,63122737082,2,0,0,36864,2,5314273488
1386,63122736194,81370,63122817564,6,0,1,4096,6,4252728609
1387,63122799037,205305,63123004342,6,0,0,581120,6,5855373574
1388,63122877922,358363,63123236285,7,0,0,7680,7,5097002537
1389,63122898283,284304,63123182587,5,0,1,1536,5,2817273737
1390,63122922782,301583,63123224365,6,0,1,10240,6,165691278
1391,63122996834,172860,63123169694,1,0,1,15872,1,1101526663
1392,63123028408,154100,63123182508,1,0,1,5632,1,1601865878
1393,63123041874,128131,63123170005,2,0,0,177664,2,9975333510
1394,63123059513,145633,63123205146,3,0,1,5120,3,2312825465
1395,63123076289,233570,63123309859,2,0,0,50176,2,230458071
1396,63123107545,110600,63123218145,5,0,0,16896,5,8383079858
1397,63123113930,99795,63123213725,8,0,1,7680,8,1010942011
1398,63123117009,284542,63123401551,4,0,1,38912,4,10715544885
1399,63123151389,268680,63123420069,8,0,0,90112,8,6399616375
1400,63123167704,295283,63123462987,6,0,0,29184,6,8556710902
1401,63123224897,188186,63123413083,0,0,1,2560,0,1027609682
1402,63123299493,179584,63123479077,8,0,1,7680,8,2991411716
1403,63123389431,35050,63123424481,2,0,1,68608,2,3247307820
1404,63123435361,133941,63123569302,4,0,1,1024,4,5194926478
1405,63123476288,257184,63123733472,9,0,0,61440,9,1646705370
1406,63123564836,132933,63123697769,8,0,1,27136,8,4123601586
1407,63123581500,126484,63123707984,5,0,1,59904,5,7426699693
1408,63123633418,69713,63123703131,0,0,0,183808,0,9108969286
1409,63123668481,259934,63123928415,5,0,1,7168,5,2000095392
1410,63123692775,46208,63123738983,7,0,0,4096,7,4941257345
1411,63123726246,44901,63123771147,2,0,1,50688,2,3789158998
1412,63123729646,157653,63123887299,9,0,1,20480,9,9375754893
1413,63123816295,286359,63124102654,5,0,0,79872,5,7504728389
1414,63123817948,122904,63123940852,4,0,0,512,4,4405743062
1415,63123827233,51494,63123878727,0,0,1,1536,0,9446514691
1416,63123851113,281790,63124132903,2,0,0,199168,2,7362428910
1417,63123924469,3418,63123927887,4,0,0,3072,4,3339124756
1418,63124074192,298678,63124372870,7,0,0,3584,7,10311776696
1419,63124096285,73634,63124169919,6,0,1,2048,6,1975413693
1420,63124106616,52029,63124158645,8,0,1,4096,8,3127789116
1421,63124165144,130466,63124295610,9,0,0,84480,9,1975178080
1422,63124167211,71774,63124238985,8,0,0,71680,8,7542624877
1423,63124205918,5322,63124211240,4,0,1,14848,4,190887780
1424,63124251250,59128,63124310378,4,0,0,5632,4,5499789873
1425,63124277312,57848,63124335160,7,0,1,5120,7,8473183690
1426,63124311628,108832,63124420460,3,0,1,4608,3,2068616041
1427,63124312040,251842,63124563882,4,0,1,57344,4,9683378398
1428,63124431853,25918,63124457771,1,0,0,34816,1,10479265128
1429,63124471845,45692,63124517537,1,0,0,78848,1,8161519669
1430,63124511264,97371,63124608635,0,0,1,3072,0,5903541612
1431,63124758124,95464,63124853588,6,0,1,23552,6,4350889678
1432,63124798396,234537,63125032933,3,0,0,379904,3,414179333
1433,63124799563,234036,63125033599,9,0,0,11264,9,5894160411
1434,63124814810,270375,63125085185,0,0,0,164864,0,6852135856
1435,63124822423,269380,63125091803,0,0,0,23552,0,9351317854
1436,63124832189,131561,63124963750,3,0,1,26112,3,1636197235
1437,63124960588,309802,63125270390,7,0,0,512,7,4718625655
1438,63125080136,121612,63125201748,6,0,0,196608,6,6524235491
1439,63125116771,87243,63125204014,4,0,0,3584,4,4293234460
1440,63125146458,32135,63125178593,2,0,1,19456,2,8999729909
1441,63125177268,16864,63125194132,2,0,0,25600,2,9227679266
1442,63125197928,10753,63125208681,8,0,0,17408,8,585112410
1443,63125277424,192583,63125470007,8,0,0,17408,8,10544194971
1444,63125384143,82920,63125467063,5,0,0,134656,5,4182567290
1445,63125610384,40612,63125650996,4,0,1,12288,4,6848755401
1446,63125614997,76672,63125691669,1,0,0,65536,1,436497808
1447,63125741846,80368,63125822214,6,0,1,14336,6,310366842
1448,63125831723,1038,63125832761,5,0,1,12800,5,6643034289
1449,63125833173,66076,63125899249,7,0,0,1024,7,2721271735
1450,63125914992,26475,63125941467,5,0,0,48128,5,5335874037
1451,63126029122,47284,63126076406,0,0,1,1536,0,8799655298
1452,63126047658,141401,63126189059,1,0,1,44544,1,2949401459
1453,63126086707,124468,63126211175,5,0,1,11264,5,5178708605
1454,63126135773,75550,63126211323,8,0,0,126976,8,3272386176
1455,63126161270,60687,63126221957,2,0,1,15360,2,9436922769
1456,63126169588,138784,63126308372,0,0,1,14848,0,4338398538
1457,63126172244,127874,63126300118,3,0,0,78848,3,4231654267
1458,63126178618,153692,63126332310,8,0,1,5120,8,623376321
1459,63126194636,125841,63126320477,7,0,1,3072,7,3384631853
1460,63126225219,53321,63126278540,2,0,1,10240,2,3810644133
1461,63126326989,192849,63126519838,8,0,1,20480,8,8004693590
1462,63126330658,105736,63126436394,0,0,0,87040,0,6960627206
1463,63126395431,43196,63126438627,1,0,0,70656,1,2142708735
1464,63126395949,3383,63126399332,9,0,1,38912,9,5634214332
1465,63126396645,54613,63126451258,5,0,1,4608,5,4315650418
1466,63126461936,21395,63126483331,9,0,0,9728,9,5424820970
1467,63126478035,219262,63126697297,2,0,0,89600,2,2029617674
1468,63126550408,248190,63126798598,1,0,0,34816,1,10714672892
1469,63126575324,70987,63126646311,2,0,0,114688,2,469191178
1470,63126711273,66717,63126777990,2,0,0,113152,2,166618935
1471,63126738927,139723,63126878650,0,0,1,34304,0,5118500843
1472,63126779448,224670,63127004118,1,0,0,364032,1,3395068004
1473,63126782277,257683,63127039960,6,0,1,16384,6,10379811412
1474,63126946946,96058,63127043004,8,0,1,5120,8,88133235
1475,63126982505,104798,63127087303,7,0,1,13824,7,10374170404
1476,63126996744,196578,63127193322,1,0,0,160256,1,4866971600
1477,63127024499,242219,63127266718,1,0,0,117248,1,7854579056
1478,63127067124,188250,63127255374,2,0,1,2560,2,6000502388
1479,63127186474,93304,63127279778,1,0,0,151552,1,8715282978
1480,63127497915,3641,63127501556,1,0,0,10240,1,2897501988
1481,63127536023,34104,63127570127,5,0,0,56320,5,8262020280
1482,63127540182,87414,63127627596,5,0,1,8704,5,9977817498
1483,63127542833,155323,63127698156,9,0,0,238592,9,2985136702
1484,63127549393,165545,63127714938,8,0,0,64000,8,6940232707
1485,63127621718,41673,63127663391,5,0,1,7168,5,2524478991
1486,63127685016,49947,63127734963,6,0,0,39936,6,10496627307
1487,63127687572,146931,63127834503,2,0,0,43520,2,6913841239
1488,63127747468,145479,63127892947,3,0,0,236544,3,7079284431
1489,63127859963,159889,63128019852,2,0,1,11264,2,3025791750
1490,63128042946,4158,63128047104,8,0,0,11264,8,2490933081
1491,63128080695,48976,63128129671,5,0,1,2048,5,1001361859
1492,63128092619,87056,63128179675,9,0,1,12800,9,2781321841
1493,63128157238,174455,63128331693,2,0,1,3584,2,4046692749
1494,63128232983,117686,63128350669,0,0,1,12800,0,5182781800
1495,63128246924,214287,63128461211,6,0,1,21504,6,2302470747
1496,63128277430,30303,63128307733,3,0,0,347136,3,7321642241
1497,63128316247,3755,63128320002,8,0,1,10240,8,4109437494
1498,63128372715,382733,63128755448,1,0,1,70656,1,5623125754
1499,63128462400,69953,63128532353,4,0,0,1536,4,7205892965
1500,63128489934,373114,63128863048,7,0,0,1536,7,2926385224
1501,63128560394,341380,63128901774,2,0,1,2048,2,7136324847
1502,63128570702,154336,63128725038,4,0,1,1024,4,2558609927
1503,63128637692,82389,63128720081,2,0,1,10240,2,8029033764
1504,63128770268,115275,63128885543,0,0,0,190976,0,2258403333
1505,63128789615,96594,63128886209,8,0,0,1024,8,4963658534
1506,63128799721,138177,63128937898,1,0,0,173568,1,3488288798
1507,63128848956,37720,63128886676,1,0,1,12800,1,671991506
1508,63128906284,16004,63128922288,6,0,0,29184,6,9284719014
1509,63128928346,118479,63129046825,7,0,0,512,7,2383355654
1510,63128979085,48976,63129028061,5,0,1,2048,5,5748389263
1511,63129009230,13249,63129022479,7,0,1,1536,7,5686702746
1512,63129058475,187390,63129245865,6,0,0,25600,6,9931574638
1513,63129111154,88778,63129199932,7,0,1,30208,7,4933118323
1514,63129154121,5192,63129159313,3,0,1,7168,3,5825785376
1515,63129172747,144462,63129317209,4,0,1,11776,4,4511665654
1516,63129239709,107568,63129347277,3,0,0,13312,3,1906281265
1517,63129258297,45592,63129303889,7,0,1,2560,7,1579575913
1518,63129262268,50668,63129312936,9,0,1,1024,9,2548293468
1519,63129418047,80992,63129499039,7,0,1,16384,7,10363986757
1520,63129513848,45592,63129559440,1,0,1,1024,1,10077503549
1521,63129530674,70972,63129601646,6,0,1,8704,6,5861117120
1522,63129537137,66975,63129604112,3,0,0,113664,3,8420692016
1523,63129566917,104753,63129671670,1,0,1,6656,1,7587763252
1524,63129682252,14541,63129696793,3,0,0,28160,3,3677561210
1525,63129717295,45592,63129762887,2,0,1,1024,2,7264106253
1526,63129789090,45592,63129834682,6,0,1,1024,6,8420728694
1527,63129798412,103687,63129902099,0,0,0,168448,0,9273176137
1528,63130059547,4846,63130064393,8,0,0,5120,8,6791944060
1529,63130131868,193779,63130325647,9,0,0,313856,9,2315812707
1530,63130198481,144050,63130342531,1,0,0,56320,1,3778166009
1531,63130209476,135641,63130345117,4,0,0,4096,4,8721626622
1532,63130320279,149068,63130469347,9,0,1,21504,9,9040408991
1533,63130425733,74890,63130500623,2,0,1,7680,2,8673294263
1534,63130474413,145133,63130619546,8,0,0,239104,8,7000068224
1535,63130520369,34339,63130554708,9,0,1,9216,9,4167641110
1536,63130601170,236793,63130837963,5,0,0,59904,5,10357291306
1537,63130823544,101500,63130925044,0,0,1,33280,0,6244819186
1538,63130834572,102748,63130937320,6,0,1,37376,6,222163837
1539,63130871172,7629,63130878801,3,0,1,55808,3,4973535203
1540,63130936909,1990,63130938899,8,0,0,7680,8,3808440155
1541,63130948836,32812,63130981648,7,0,0,2048,7,7123097642
1542,63130968787,163072,63131131859,1,0,0,53760,1,7397767473
1543,63130989161,104891,63131094052,1,0,0,174080,1,9908583122
1544,63131001181,93537,63131094718,0,0,0,11264,0,2380980527
1545,63131095306,23204,63131118510,4,0,1,5120,4,325261073
1546,63131158744,41904,63131200648,9,0,0,38400,9,5325032855
1547,63131170569,192788,63131363357,5,0,1,4096,5,3837254497
1548,63131173078,126700,63131299778,3,0,0,68096,3,4280865686
1549,63131298711,67935,63131366646,5,0,1,3584,5,10102531973
1550,63131354634,127331,63131481965,4,0,1,23552,4,2775960740
1551,63131419054,96575,63131515629,2,0,0,161280,2,1685148578
1552,63131424397,96929,63131521326,3,0,0,27136,3,2415569990
1553,63131429463,98584,63131528047,0,0,0,24064,0,2863152757
1554,63131534712,2942,63131537654,4,0,1,6656,4,10350517177
1555,63131535238,90576,63131625814,8,0,0,3072,8,3708722473
1556,63131541326,5798,63131547124,2,0,1,17920,2,1675525795
1557,63131593090,145159,63131738249,4,0,1,7680,4,4492638579
1558,63131596136,158966,63131755102,3,0,1,26112,3,804015787
1559,63131604021,236888,63131840909,4,0,1,2048,4,6551050867
1560,63131667727,56237,63131723964,1,0,1,49664,1,4077853174
1561,63131701921,76488,63131778409,4,0,1,1024,4,1765192392
1562,63131710437,237140,63131947577,4,0,0,6144,4,9019678339
1563,63131723236,141508,63131864744,2,0,1,4096,2,652707373
1564,63131740270,194599,63131934869,3,0,1,1024,3,731574800
1565,63131770895,93782,63131864677,7,0,1,7680,7,9883079393
1566,63131948439,43900,63131992339,1,0,1,512,1,6186502331
1567,63131988652,164954,63132153606,1,0,0,267776,1,9374097674
1568,63132035486,215145,63132250631,3,0,0,377344,3,8774991191
1569,63132064144,268073,63132332217,6,0,0,88064,6,6325890793
1570,63132074308,266360,63132340668,4,0,1,1536,4,10675930575
1571,63132190138,50914,63132241052,6,0,1,4096,6,4603920323
1572,63132280896,164083,63132444979,8,0,0,2048,8,286012858
1573,63132300619,126989,63132427608,9,0,1,10752,9,3839360498
1574,63132314280,124381,63132438661,0,0,1,17408,0,762772677
1575,63132328721,113554,63132442275,6,0,1,2560,6,1249834766
1576,63132372603,266096,63132638699,2,0,0,184320,2,5358850959
1577,63132389050,243323,63132632373,5,0,1,8704,5,8693576892
1578,63132479818,207422,63132687240,1,0,1,22016,1,5352016892
1579,63132600252,128889,63132729141,3,0,1,26624,3,7576819052
1580,63132666228,63080,63132729308,3,0,1,512,3,9874183735
1581,63132718557,12991,63132731548,9,0,0,25088,9,2568455767
1582,63132916162,20620,63132936782,9,0,0,33280,9,7771848955
1583,63133090513,93562,63133184075,9,0,0,152064,9,3939750628
1584,63133113882,9727,63133123609,2,0,1,26624,2,3084896022
1585,63133123458,21912,63133145370,2,0,1,5120,2,1032702550
1586,63133156379,127746,63133284125,0,0,1,13824,0,1296012310
1587,63133174502,259242,63133433744,8,0,0,8704,8,4949648603
1588,63133246750,293802,63133540552,2,0,0,35840,2,7226523589
1589,63133374726,53646,63133428372,6,0,1,1536,6,6028871488
1590,63133428076,3894,63133431970,4,0,1,12288,4,9883804926
1591,63133468835,6274,63133475109,6,0,0,4096,6,1566067590
1592,63133477868,83104,63133560972,7,0,0,6656,7,4361404642
1593,63133499477,34016,63133533493,6,0,0,59392,6,771630283
1594,63133661760,6750,63133668510,7,0,0,7168,7,4438354231
1595,63133756672,43108,63133799780,3,0,1,34816,3,8231215061
1596,63133762188,17786,63133779974,9,0,1,23040,9,5461662496
1597,63133786237,101968,63133888205,9,0,1,30208,9,5876839660
1598,63133794588,111638,63133906226,2,0,0,73728,2,6059942032
1599,63133802878,14229,63133817107,9,0,1,20480,9,6321760187
1600,63133821856,6750,63133828606,8,0,0,3072,8,2338618485
1601,63133859608,185366,63134044974,1,0,0,22016,1,6323583503
1602,63133884048,181753,63134065801,4,0,0,7168,4,3836840647
1603,63133896669,124570,63134021239,2,0,1,30208,2,10006951830
1604,63133944888,38503,63133983391,2,0,1,43008,2,7190053823
1605,63133971691,63079,63134034770,0,0,1,1024,0,4060923989
1606,63133982747,216773,63134199520,3,0,0,58368,3,132024258
1607,63133993126,237100,63134230226,6,0,0,91136,6,8218211611
1608,63134217469,2866,63134220335,3,0,0,8704,3,5456724145
1609,63134220079,65543,63134285622,2,0,1,10752,2,3984770098
1610,63134337134,3383,63134340517,4,0,1,4096,4,4807304250
1611,63134350261,71418,63134421679,1,0,1,28160,1,3075759771
1612,63134365775,99940,63134465715,6,0,1,5632,6,712888535
1613,63134408334,104308,63134512642,4,0,1,42496,4,8952521783
1614,63134431593,8721,63134440314,6,0,0,9728,6,8211604103
1615,63134479408,191798,63134671206,4,0,1,5120,4,417262287
1616,63134504951,59128,63134564079,7,0,0,1024,7,9046427222
1617,63134563428,4370,63134567798,5,0,1,1024,5,4420625643
1618,63134565878,45592,63134611470,2,0,1,3584,2,8928939961
1619,63134573449,49444,63134622893,4,0,0,4608,4,9326420563
1620,63134656409,71214,63134727623,3,0,1,4608,3,415431905
1621,63134735427,83954,63134819381,9,0,0,136704,9,7580913820
1622,63134768470,13800,63134782270,1,0,1,28160,1,641256868
1623,63134797537,2466,63134800003,6,0,1,38400,6,2664889243
1624,63134809127,187932,63134997059,8,0,0,5632,8,8261564466
1625,63134822896,251926,63135074822,2,0,1,14848,2,5472987240
1626,63134889071,275131,63135164202,7,0,0,2560,7,9190742816
1627,63134999480,83213,63135082693,3,0,1,26624,3,8899169996
1628,63135043718,62867,63135106585,3,0,1,13824,3,7536661777
1629,63135052218,84151,63135136369,3,0,1,17920,3,6734944413
1630,63135057471,96820,63135154291,3,0,1,8704,3,5190860296
1631,63135069545,160908,63135230453,2,0,1,7168,2,3005146741
1632,63135078366,82033,63135160399,3,0,0,128000,3,7563603715
1633,63135085914,79246,63135165160,9,0,0,34816,9,4326807992
1634,63135107088,63769,63135170857,1,0,0,27136,1,6478458044
1635,63135131647,56333,63135187980,7,0,1,3072,7,9105521688
1636,63135146374,126313,63135272687,4,0,1,14336,4,3579013962
1637,63135193472,189962,63135383434,0,0,0,96256,0,2531244473
1638,63135259583,134749,63135394332,6,0,0,222208,6,7726219149
1639,63135305327,78210,63135383537,3,0,1,22016,3,6654945952
1640,63135317881,97436,63135415317,4,0,1,6144,4,4457885173
1641,63135321409,94856,63135416265,8,0,0,16896,8,10569217612
1642,63135346800,21912,63135368712,8,0,0,143872,8,5133158495
1643,63135449484,207980,63135657464,6,0,0,35840,6,5443507867
1644,63135503731,85158,63135588889,8,0,0,142336,8,1168965342
1645,63135606093,102654,63135708747,2,0,0,166400,2,6778054458
1646,63135622162,87571,63135709733,7,0,0,1536,7,10110420508
1647,63135665217,45502,63135710719,4,0,0,1536,4,3539869422
1648,63135672050,42535,63135714585,7,0,0,6144,7,8997224947
1649,63135686580,71762,63135758342,1,0,0,116224,1,7859210631
1650,63135693307,101870,63135795177,2,0,0,118784,2,7331206665
1651,63135693371,105672,63135799043,4,0,0,6144,4,4722126620
1652,63135712097,87407,63135799504,2,0,0,10240,2,8064721835
1653,63135767444,125721,63135893165,4,0,1,3584,4,5359323073
1654,63135792375,113295,63135905670,4,0,1,512,4,8619725607
1655,63135798665,96674,63135895339,1,0,0,183808,1,5265998409
1656,63135833415,235000,63136068415,3,0,1,1536,3,4636171871
1657,63135874603,142185,63136016788,2,0,1,7168,2,6257485665
1658,63135886659,169351,63136056010,1,0,1,11776,1,5495579054
1659,63135963236,278606,63136241842,8,0,1,512,8,5044542908
1660,63135992315,298042,63136290357,3,0,1,27648,3,9460145604
1661,63136065587,149206,63136214793,0,0,1,1024,0,2805373384
1662,63136204915,80704,63136285619,1,0,1,20480,1,3532747884
1663,63136302165,7226,63136309391,9,0,0,7680,9,5658511118
1664,63136306794,81904,63136388698,6,0,1,14336,6,10186895190
1665,63136436647,22946,63136459593,1,0,1,26112,1,413941212
1666,63136457346,99316,63136556662,0,0,0,37888,0,7204143724
1667,63136559420,87664,63136647084,8,0,1,14336,8,6143375304
1668,63136636292,60820,63136697112,0,0,1,5632,0,2917868615
1669,63136669566,76048,63136745614,3,0,1,31744,3,6006947313
1670,63136670327,101032,63136771359,2,0,1,10240,2,2306936675
1671,63136772896,4416,63136777312,3,0,1,26624,3,4954268371
1672,63136849446,99472,63136948918,3,0,0,11776,3,9944377534
1673,63136992547,92529,63137085076,2,0,0,150016,2,204543453
1674,63137075491,40612,63137116103,9,0,0,65536,9,8756840674
1675,63137236039,1990,63137238029,2,0,0,2048,2,3248416377
1676,63137257611,23462,63137281073,8,0,0,38912,8,4987014164
1677,63137259099,122369,63137381468,3,0,1,67584,3,528379887
1678,63137451586,132253,63137583839,3,0,0,214016,3,612310157
1679,63137485142,44307,63137529449,7,0,1,26624,7,6973678620
1680,63137493615,132253,63137625868,7,0,1,19456,7,9565218067
1681,63137542758,58315,63137601073,4,0,0,5120,4,2499525955
1682,63137553137,163682,63137716819,9,0,0,214016,9,8518681041
1683,63137564975,150791,63137715766,8,0,1,13824,8,1880330031
1684,63137578278,348599,63137926877,4,0,1,512,4,1711359265
1685,63137600224,121951,63137722175,1,0,1,14336,1,1542613022
1686,63137638417,16609,63137655026,1,0,0,46080,1,2489907649
1687,63137717908,432289,63138150197,1,0,1,4096,1,7768833431
1688,63137863380,47284,63137910664,9,0,0,32256,9,8853442325
1689,63137935574,413213,63138348787,4,0,1,1536,4,103245824
1690,63137978563,117600,63138096163,5,0,0,195584,5,7023049946
1691,63137982245,127156,63138109401,8,0,1,2560,8,6093065459
1692,63137991992,180890,63138172882,3,0,0,218624,3,5720057674
1693,63138015352,75441,63138090793,0,0,1,6144,0,6172062232
1694,63138030466,202499,63138232965,0,0,1,24576,0,4013880800
1695,63138127494,272002,63138399496,8,0,1,512,8,1003268984
1696,63138226018,188134,63138414152,2,0,0,669184,2,10562066346
1697,63138274420,417389,63138691809,2,0,0,197120,2,2303302648
1698,63138293363,430737,63138724100,4,0,0,5120,4,4526653933
1699,63138342711,415020,63138757731,9,0,0,333824,9,919336479
1700,63138421790,271446,63138693236,6,0,1,7680,6,8936856993
1701,63138499519,469612,63138969131,1,0,1,2048,1,8383161544
1702,63138581285,169490,63138750775,6,0,1,13824,6,9406527549
1703,63138663084,248370,63138911454,8,0,1,2560,8,3593454237
1704,63138691283,233763,63138925046,3,0,1,27648,3,6033867312
1705,63138700008,71503,63138771511,8,0,1,6656,8,8882347336
1706,63138934211,430824,63139365035,7,0,1,4608,7,1334163310
1707,63138935995,126332,63139062327,5,0,0,115712,5,10379477127
1708,63139148652,1038,63139149690,4,0,0,1024,4,3560397914
1709,63139215887,2466,63139218353,4,0,0,2560,4,3560840940
1710,63139233962,2466,63139236428,4,0,0,2560,4,9746284542
1711,63139259279,175766,63139435045,3,0,0,288768,3,9374142298
1712,63139270656,207041,63139477697,8,0,0,146944,8,6176243523
1713,63139316999,176661,63139493660,8,0,0,51712,8,3745142404
1714,63139352889,176958,63139529847,9,0,0,123904,9,9321163522
1715,63139358625,176919,63139535544,8,0,0,18944,8,3038781655
1716,63139437497,119655,63139557152,0,0,0,70656,0,2999691639
1717,63139461823,33591,63139495414,1,0,1,6144,1,8365328129
1718,63139464457,130102,63139594559,3,0,1,20992,3,5004384273
1719,63139487014,109428,63139596442,6,0,1,6144,6,2849708478
1720,63139523907,188800,63139712707,7,0,0,512,7,4050456719
1721,63139559357,62929,63139622286,0,0,1,23552,0,3007358560
1722,63139627705,59330,63139687035,2,0,0,102400,2,7927889416
1723,63139632610,115220,63139747830,7,0,0,2048,7,2107052852
1724,63139636777,156569,63139793346,9,0,1,11264,9,895972635
1725,63139637201,180166,63139817367,1,0,1,44544,1,1420361290
1726,63139655912,118371,63139774283,1,0,1,11776,1,6741215224
1727,63139708515,105408,63139813923,2,0,1,3072,2,5140422472
1728,63139731080,106319,63139837399,8,0,0,175104,8,3267139307
1729,63139746891,367859,63140114750,3,0,1,18944,3,9346327149
1730,63139746951,125400,63139872351,8,0,0,55808,8,3101615946
1731,63139820153,212713,63140032866,3,0,0,207360,3,5865382727
1732,63139890525,7226,63139897751,6,0,1,5120,6,6250398319
1733,63139956074,159214,63140115288,0,0,1,44544,0,8415411477
1734,63139976820,104721,63140081541,3,0,0,7680,3,8251786533
1735,63140022753,57436,63140080189,5,0,0,170496,5,5497310538
1736,63140023402,235203,63140258605,0,0,1,4608,0,1896781889
1737,63140089916,34633,63140124549,3,0,1,7168,3,7249021255
1738,63140108068,234241,63140342309,1,0,1,4608,1,3009915394
1739,63140187123,259834,63140446957,8,0,0,49152,8,8273349169
1740,63140399240,50668,63140449908,6,0,1,2560,6,3307702567
1741,63140533624,74346,63140607970,1,0,0,121344,1,8614914722
1742,63140571185,66200,63140637385,9,0,1,31744,9,4277516117
1743,63140585662,101032,63140686694,9,0,0,112128,9,10478477298
1744,63140676113,21395,63140697508,9,0,1,2560,9,4591984098
1745,63140702270,50668,63140752938,1,0,0,34816,1,9438820976
1746,63140723345,50995,63140774340,1,0,0,82432,1,4409356044
1747,63140795526,108940,63140904466,3,0,1,10240,3,8997903824
1748,63140814793,102915,63140917708,6,0,1,24576,6,743325975
1749,63140893568,180054,63141073622,7,0,1,15360,7,10510282662
1750,63140898121,179256,63141077377,6,0,1,12288,6,729135070
1751,63141034418,73054,63141107472,5,0,0,118784,5,8146414538
1752,63141057536,61175,63141118711,8,0,0,37376,8,1510034389
1753,63141122930,1038,63141123968,7,0,0,1024,7,232360650
1754,63141146229,73571,63141219800,8,0,0,119808,8,7470829374
1755,63141180192,106053,63141286245,0,0,1,34816,0,8368057205
1756,63141338234,3418,63141341652,0,0,1,3072,0,4355571549
1757,63141346507,66690,63141413197,4,0,1,14336,4,10590168971
1758,63141354051,145135,63141499186,4,0,0,3584,4,10123568302
1759,63141400967,122955,63141523922,2,0,1,19456,2,10371419555
1760,63141496498,104204,63141600702,2,0,0,169472,2,4122523591
1761,63141530803,111629,63141642432,0,0,0,134144,0,6854336682
1762,63141585536,59482,63141645018,8,0,0,4096,8,2147855292
1763,63141644150,1534,63141645684,4,0,0,1024,4,4826558543
1764,63141922377,95908,63142018285,9,0,1,19968,9,8740522356
1765,63141985982,45592,63142031574,9,0,1,1024,9,10625014096
1766,63142074386,80056,63142154442,7,0,1,13312,7,4633735752
1767,63142096638,99628,63142196266,3,0,1,27136,3,7084213938
1768,63142170433,125400,63142295833,1,0,0,207360,1,7117206286
1769,63142207460,125175,63142332635,1,0,0,126976,1,6591115167
1770,63142259675,170743,63142430418,4,0,1,1536,4,4105993979
1771,63142277579,257113,63142534692,9,0,1,26624,9,10386172529
1772,63142279159,293240,63142572399,6,0,0,417280,6,8918463754
1773,63142284762,171066,63142455828,1,0,0,134144,1,3188611549
1774,63142407922,205807,63142613729,7,0,0,1536,7,9151181048
1775,63142420658,187615,63142608273,2,0,0,161792,2,5313259667
1776,63142442076,90760,63142532836,7,0,0,5120,7,7769377014
1777,63142482836,375412,63142858248,0,0,1,31232,0,10124909884
1778,63142540237,243208,63142783445,4,0,0,2048,4,4952808192
1779,63142810248,85675,63142895923,5,0,0,143360,5,4520609108
1780,63142830610,86306,63142916916,8,0,0,67584,8,703164704
1781,63142867849,85357,63142953206,8,0,0,116224,8,1975158823
1782,63142879996,74196,63142954192,7,0,0,1536,7,6837335800
1783,63142939082,74604,63143013686,6,0,0,121856,6,6511796382
1784,63142951162,65166,63143016328,3,0,1,9216,3,7000512613
1785,63143046094,138568,63143184662,3,0,0,110080,3,8315220769
1786,63143061632,117203,63143178835,7,0,1,2048,7,4710931582
1787,63143068373,172633,63143241006,6,0,0,210944,6,6530985124
1788,63143077893,127701,63143205594,2,0,1,18432,2,8764234925
1789,63143091044,348520,63143439564,4,0,0,2048,4,3997161201
1790,63143112945,244327,63143357272,2,0,1,1536,2,827514771
1791,63143120046,218654,63143338700,1,0,1,2048,1,4636129882
1792,63143151415,63904,63143215319,5,0,1,75264,5,10153493934
1793,63143162815,221077,63143383892,1,0,1,18432,1,8293320424
1794,63143166209,74753,63143240962,0,0,1,9216,0,90072993
1795,63143166391,253391,63143419782,7,0,1,21504,7,2522096061
1796,63143320203,307096,63143627299,5,0,0,100352,5,282609200
1797,63143324805,70169,63143394974,0,0,0,57344,0,1071917543
1798,63143388353,394715,63143783068,3,0,0,90112,3,7159562978
1799,63143443294,183831,63143627125,4,0,1,20992,4,10642484219
1800,63143556200,116685,63143672885,1,0,1,13824,1,457490513
1801,63143559542,116437,63143675979,6,0,0,187392,6,8392258600
1802,63143586838,58698,63143645536,1,0,0,88576,1,3338489467
1803,63143645563,118204,63143763767,7,0,0,1536,7,10407807958
1804,63143674059,23462,63143697521,2,0,1,10752,2,363968144
1805,63143678500,281000,63143959500,4,0,1,16896,4,6457679524
1806,63143690652,154834,63143845486,2,0,1,4608,2,9335789499
1807,63143768236,3418,63143771654,5,0,1,16384,5,8362809242
1808,63143808186,55144,63143863330,6,0,0,38912,6,5144436510
1809,63143843051,227923,63144070974,7,0,1,7168,7,1118294073
1810,63143845579,205957,63144051536,3,0,1,25600,3,4789893477
1811,63143883408,160766,63144044174,4,0,0,3584,4,6548784010
1812,63143940890,367712,63144308602,1,0,0,595968,1,6622990232
1813,63143976276,369230,63144345506,2,0,0,127488,2,5267709708
1814,63144049073,5798,63144054871,9,0,1,47104,9,10227054342
1815,63144237746,382465,63144620211,9,0,1,2048,9,9166446693
1816,63144352908,194427,63144547335,4,0,0,6144,4,2692567249
1817,63144462235,117031,63144579266,9,0,0,304640,9,8505261426
1818,63144512942,194873,63144707815,5,0,0,62976,5,2471752881
1819,63144540066,151503,63144691569,4,0,1,34816,4,1987683024
1820,63144555749,119730,63144675479,0,0,0,36352,0,3014154547
1821,63144680708,13596,63144694304,5,0,0,23040,5,2427683261
1822,63144683674,202962,63144886636,9,0,0,327168,9,10327878161
1823,63144692922,197260,63144890182,2,0,0,5632,2,10168402589
1824,63144798981,95707,63144894688,0,0,0,7168,0,9507825873
1825,63144821703,174562,63144996265,5,0,0,283136,5,10178387233
1826,63144856978,155045,63145012023,1,0,0,50688,1,7576165524
1827,63144891434,1990,63144893424,4,0,1,10240,4,3674173104
1828,63145010727,203453,63145214180,7,0,1,4608,7,9887321287
1829,63145055148,138000,63145193148,8,0,1,10240,8,6132469847
1830,63145069183,145775,63145214958,4,0,0,2048,4,5899357883
1831,63145096898,235693,63145332591,0,0,1,16896,0,10628078796
1832,63145129671,35308,63145164979,2,0,1,31744,2,3567408349
1833,63145184777,158240,63145343017,5,0,1,17920,5,5549323455
1834,63145282198,264990,63145547188,8,0,0,61952,8,5379017954
1835,63145392249,216266,63145608515,9,0,0,354304,9,4679828909
1836,63145469777,27183,63145496960,3,0,1,7168,3,9652870680
1837,63145550978,201840,63145752818,0,0,1,26624,0,9474934852
1838,63145586926,212944,63145799870,5,0,0,18432,5,3975882313
1839,63145653998,162370,63145816368,1,0,0,262656,1,5149494895
1840,63145686847,150412,63145837259,2,0,0,75264,2,5896073446
1841,63145713647,184305,63145897952,5,0,1,8192,5,4004012027
1842,63145805695,107217,63145912912,5,0,0,178688,5,9364785997
1843,63145845134,33329,63145878463,4,0,1,31744,4,3835815569
1844,63145934897,72772,63146007669,5,0,1,31232,5,3144169926
1845,63145963147,238691,63146201838,5,0,0,54784,5,2168335857
1846,63145990702,84912,63146075614,0,0,1,4096,0,9817733694
1847,63146001290,209379,63146210669,5,0,1,3072,5,9411837553
1848,63146072588,166351,63146238939,8,0,1,22016,8,959766147
1849,63146226358,4675,63146231033,5,0,1,1024,5,9606480039
1850,63146251627,45592,63146297219,7,0,0,12288,7,10038995120
1851,63146263015,3124,63146266139,2,0,1,54784,2,8832882493
1852,63146349528,72820,63146422348,5,0,0,9216,5,9501513931
1853,63146356583,44241,63146400824,2,0,1,9728,2,5290081164
1854,63146385329,186953,63146572282,9,0,1,512,9,10452011718
1855,63146396321,52545,63146448866,3,0,1,31232,3,8662379031
1856,63146424015,100876,63146524891,9,0,0,85504,9,3576194395
1857,63146431449,135250,63146566699,3,0,0,193536,3,1933299226
1858,63146468291,124637,63146592928,0,0,0,92672,0,3212891071
1859,63146550455,58333,63146608788,9,0,0,59392,9,8742512983
1860,63146595166,10495,63146605661,1,0,1,22528,1,4139869347
1861,63146693008,181686,63146874694,5,0,1,38400,5,9897607993
1862,63146719132,10495,63146729627,6,0,0,16896,6,9547399634
1863,63146816089,280025,63147096114,2,0,0,16896,2,6246267308
1864,63147009934,116050,63147125984,8,0,0,192512,8,6386186486
1865,63147031814,152349,63147184163,2,0,1,7680,2,5832688029
1866,63147064580,230046,63147294626,9,0,0,366592,9,8552834098
1867,63147204275,1803,63147206078,5,0,1,8192,5,7317187396
1868,63147255437,203988,63147459425,0,0,1,4608,0,6507325969
1869,63147293809,76842,63147370651,4,0,0,1536,4,9682712925
1870,63147342484,193928,63147536412,3,0,1,47616,3,9964426350
1871,63147351764,4158,63147355922,9,0,0,129536,9,405319296
1872,63147489113,250906,63147740019,8,0,0,11264,8,7649037358
1873,63147591662,35567,63147627229,0,0,1,3584,0,3440996411
1874,63147598454,51164,63147649618,8,0,0,62464,8,1218326622
1875,63147613132,248031,63147861163,9,0,0,394240,9,1092041329
1876,63147639521,279590,63147919111,3,0,0,187392,3,7575270835
1877,63147675101,290873,63147965974,3,0,0,158720,3,8755129892
1878,63147714792,273097,63147987889,5,0,0,72192,5,9058946051
1879,63147750001,189753,63147939754,1,0,1,15360,1,9652765913
1880,63147839764,213929,63148053693,1,0,0,141824,1,5366335014
1881,63147850651,327001,63148177652,3,0,1,12288,3,8067527003
1882,63147855657,234940,63148090597,9,0,1,6144,9,3723811528
1883,63148078154,103858,63148182012,8,0,0,172032,8,3202204292
1884,63148179253,82662,63148261915,1,0,1,34304,1,4212827149
1885,63148214237,153312,63148367549,5,0,1,30720,5,2540138000
1886,63148259975,238540,63148498515,5,0,0,134144,5,9749415449
1887,63148314734,142364,63148457098,7,0,1,14848,7,6216464044
1888,63148485955,2942,63148488897,9,0,1,24576,9,9880275426
1889,63148513197,89632,63148602829,9,0,0,3072,9,2200840250
1890,63148619160,67900,63148687060,0,0,1,8704,0,5032765231
1891,63148668558,66676,63148735234,3,0,1,9728,3,3388930481
1892,63148703980,105216,63148809196,3,0,1,19456,3,10482164280
1893,63148776553,52828,63148829381,2,0,1,4608,2,4110666968
1894,63148973825,562,63148974387,7,0,0,512,7,5930439325
1895,63149061480,67234,63149128714,6,0,0,114176,6,6376829772
1896,63149093517,23110,63149116627,4,0,1,5120,4,7333901487
1897,63149110993,111400,63149222393,3,0,0,25600,3,7149788201
1898,63149113654,94508,63149208162,3,0,1,8704,3,7777876934
1899,63149174476,229207,63149403683,8,0,0,157184,8,3512816166
1900,63149223146,134491,63149357637,6,0,0,221696,6,3667154080
1901,63149250777,202361,63149453138,3,0,0,262656,3,4705273552
1902,63149263721,191363,63149455084,7,0,0,3072,7,5198664142
1903,63149339731,117619,63149457350,5,0,0,3584,5,5772516556
1904,63149364401,25958,63149390359,2,0,1,12288,2,7293948540
1905,63149504566,3418,63149507984,9,0,0,47104,9,10666305015
1906,63149505067,301682,63149806749,3,0,1,14336,3,1918951741
1907,63149547812,243208,63149791020,7,0,0,3584,7,9831170724
1908,63149604597,163662,63149768259,5,0,0,265216,5,6991981402
1909,63149643153,127052,63149770205,7,0,0,3072,7,6329848569
1910,63149749443,3894,63149753337,0,0,1,512,0,7433970179
1911,63149834505,178576,63150013081,7,0,1,26624,7,756824498
1912,63149919004,191732,63150110736,4,0,0,4096,4,8099035064
1913,63149922959,227683,63150150642,5,0,0,373248,5,6278636250
1914,63149973510,114198,63150087708,3,0,1,11776,3,2733385687
1915,63150051094,155515,63150206609,1,0,1,4608,1,9352690051
1916,63150061662,137793,63150199455,3,0,1,7168,3,137134338
1917,63150077764,44385,63150122149,2,0,0,132096,2,3703242916
1918,63150091278,322653,63150413931,6,0,0,128512,6,5561335406
1919,63150178998,4675,63150183673,0,0,1,32256,0,4711401897
1920,63150200341,4675,63150205016,8,0,0,58368,8,3990795116
1921,63150309573,272743,63150582316,1,0,0,12288,1,5919557036
1922,63150323876,272810,63150596686,1,0,0,12288,1,272641961
1923,63150415482,65166,63150480648,5,0,0,110080,5,5844950663
1924,63150495048,88792,63150583840,0,0,1,6144,0,6939384636
1925,63150572832,127725,63150700557,8,0,0,211968,8,9863241550
1926,63150613780,124293,63150738073,7,0,1,4096,7,6279733530
1927,63150616261,204891,63150821152,5,0,0,297472,5,7881876995
1928,63150693855,79532,63150773387,2,0,1,6656,2,1177853710
1929,63150744453,68366,63150812819,8,0,1,7168,8,9282240577
1930,63150745166,73978,63150819144,4,0,0,5632,4,9164054522
1931,63150763053,168281,63150931334,3,0,0,24064,3,2196600835
1932,63150774325,81024,63150855349,3,0,0,56320,3,9718940437
1933,63150792540,112878,63150905418,7,0,1,7168,7,2061495912
1934,63150798436,180324,63150978760,8,0,0,108032,8,6353465704
1935,63150860108,76795,63150936903,2,0,0,125440,2,6603771366
1936,63150994663,4846,63150999509,8,0,0,5120,8,5949243488
1937,63151250778,1038,63151251816,7,0,0,1024,7,1249432465
1938,63151256079,134579,63151390658,2,0,0,218624,2,8073321112
1939,63151344041,50163,63151394204,7,0,0,5632,7,5628501687
1940,63151506880,66200,63151573080,5,0,0,112128,5,8684273125
1941,63151562814,11787,63151574601,0,0,1,23040,0,372024263
1942,63151575508,62341,63151637849,0,0,1,1536,0,6499410081
1943,63151605439,3418,63151608857,3,0,0,19456,3,10044675919
1944,63151619969,47284,63151667253,3,0,1,1536,3,6795046037
1945,63151659774,117121,63151776895,4,0,0,3584,4,1975151779
1946,63151679010,3894,63151682904,8,0,1,10240,8,7540300879
1947,63151799389,130419,63151929808,8,0,0,4096,8,5389816026
1948,63151935932,22170,63151958102,0,0,0,36352,0,9499799182
1949,63151968352,52360,63152020712,7,0,1,3072,7,3326272771
1950,63151981512,72664,63152054176,7,0,1,9216,7,4703712129
1951,63152012410,101878,63152114288,5,0,0,164864,5,6084897646
1952,63152185488,73999,63152259487,0,0,0,123904,0,1080995002
1953,63152186606,161154,63152347760,2,0,0,202240,2,1838964122
1954,63152216664,210124,63152426788,5,0,0,229376,5,695655998
1955,63152235271,167396,63152402667,5,0,1,24576,5,224634763
1956,63152263578,132716,63152396294,7,0,0,6656,7,6986861683
1957,63152272931,21654,63152294585,1,0,1,1024,1,2807529625
1958,63152279894,90777,63152370671,1,0,1,512,1,5181940118
1959,63152299244,317913,63152617157,7,0,0,1536,7,7858859422
1960,63152454414,422434,63152876848,0,0,0,35328,0,8591276744
1961,63152459350,400980,63152860330,1,0,0,141824,1,3426008543
1962,63152537778,279600,63152817378,9,0,1,37376,9,7293006826
1963,63152589847,393889,63152983736,9,0,0,457728,9,4094093612
1964,63152625892,293742,63152919634,9,0,1,13824,9,336525585
1965,63152629175,306174,63152935349,5,0,1,3584,5,3239263541
1966,63152636229,299963,63152936192,7,0,1,12288,7,203475170
1967,63152642690,247711,63152890401,2,0,0,214016,2,4488755783
1968,63152648015,233942,63152881957,2,0,0,38912,2,9708007080
1969,63152711097,244915,63152956012,6,0,0,43520,6,6740616418
1970,63152734098,232132,63152966230,3,0,1,2560,3,4709706414
1971,63152735696,214222,63152949918,0,0,0,35328,0,9719448332
1972,63152746023,106565,63152852588,0,0,1,35328,0,5009396243
1973,63152749485,403207,63153152692,2,0,1,1024,2,6330275486
1974,63152769890,96930,63152866820,9,0,1,15872,9,4738952986
1975,63152777536,448433,63153225969,2,0,0,73216,2,2715302121
1976,63152890378,420589,63153310967,5,0,0,24576,5,543810415
1977,63152936405,481684,63153418089,2,0,0,116736,2,2597995018
1978,63153633872,2466,63153636338,1,0,1,46080,1,10075474277
1979,63153668303,1514,63153669817,8,0,0,2560,8,4212810063
1980,63153713435,105400,63153818835,7,0,0,1536,7,3130828230
1981,63153726203,58653,63153784856,5,0,1,1024,5,7281436715
1982,63153815788,4846,63153820634,7,0,0,5120,7,2325794653
1983,63153873339,95800,63153969139,6,0,0,159744,6,7785236819
1984,63153875725,5322,63153881047,0,0,1,9728,0,2880819463
1985,63153889776,5561,63153895337,1,0,1,9216,1,871896163
1986,63153960641,150209,63154110850,5,0,1,512,5,7026886297
1987,63153995443,183954,63154179397,7,0,0,5632,7,6621036759
1988,63153995768,66200,63154061968,2,0,0,10752,2,772618593
1989,63154045054,176656,63154221710,1,0,0,112128,1,3667751124
1990,63154088050,74608,63154162658,1,0,1,8192,1,6534790626
1991,63154099179,64367,63154163546,8,0,1,1024,8,9907022838
1992,63154128079,3418,63154131497,1,0,1,3072,1,6151806026
1993,63154151047,96706,63154247753,4,0,1,52736,4,7028336384
1994,63154175411,84205,63154259616,0,0,1,4608,0,8141919346
1995,63154178765,3900,63154182665,7,0,0,3584,7,9022755125
1996,63154191196,6274,63154197470,7,0,1,5632,7,3085280173
1997,63154345110,270962,63154616072,5,0,0,10752,5,4152914079
1998,63154373821,248013,63154621834,8,0,0,6656,8,7963358025
1999,63154439972,4846,63154444818,2,0,1,2048,2,1120249776
2000,63154455085,48976,63154504061,4,0,0,5120,4,8848486335
2001,63154488054,82920,63154570974,2,0,0,134656,2,5984149254
2002,63154556756,87593,63154644349,2,0,1,512,2,67203257
2003,63154568977,91753,63154660730,3,0,0,148480,3,5307761538
2004,63154597076,89730,63154686806,7,0,1,13824,7,2429596885
2005,63154687802,123162,63154810964,2,0,0,199680,2,232159282
2006,63154732048,105145,63154837193,6,0,0,92672,6,5966179216
2007,63154827398,11421,63154838819,4,0,0,2560,4,70497341
2008,63154878102,562,63154878664,6,0,0,512,6,5869715004
2009,63154915037,34363,63154949400,8,0,1,3584,8,4015303560
2010,63154978990,199999,63155178989,0,0,1,29696,0,2617952931
2011,63154994147,159020,63155153167,1,0,0,56832,1,9857479277
2012,63155063211,34016,63155097227,5,0,1,58880,5,1829350374
2013,63155147762,2466,63155150228,5,0,0,59392,5,545895197
2014,63155182786,152430,63155335216,4,0,0,2560,4,2745858660
2015,63155191410,24242,63155215652,5,0,0,37376,5,3510954358
2016,63155233729,562,63155234291,7,0,0,512,7,487500150
2017,63155270663,76069,63155346732,2,0,1,13312,2,1207125737
2018,63155283758,94122,63155377880,1,0,1,9728,1,4671004506
2019,63155532017,55744,63155587761,1,0,1,4096,1,7271680689
2020,63155597616,73600,63155671216,3,0,1,12288,3,1177070906
2021,63155623204,50668,63155673872,5,0,1,27648,5,834796008
2022,63155623340,79744,63155703084,8,0,1,12288,8,8176891366
2023,63155638559,41387,63155679946,4,0,1,2560,4,383039124
2024,63155683700,141734,63155825434,1,0,0,67072,1,1444168799
2025,63155792237,73312,63155865549,3,0,1,16384,3,7002871820
2026,63155806067,72020,63155878087,4,0,1,30208,4,1748234451
2027,63155816997,23204,63155840201,0,0,0,116736,0,7649754382
2028,63155906853,167399,63156074252,3,0,0,38400,3,8851713517
2029,63155979142,205883,63156185025,0,0,0,337408,0,8503637364
2030,63156002802,182991,63156185793,9,0,0,11776,9,2978956987
2031,63156008259,173428,63156181687,1,0,1,11264,1,3586824470
2032,63156017754,190352,63156208106,3,0,0,17408,3,5928892025
2033,63156110574,70904,63156181478,5,0,1,512,5,9241378884
2034,63156131415,116132,63156247547,1,0,0,45056,1,2353480723
2035,63156168598,193506,63156362104,5,0,1,11776,5,7171724413
2036,63156171399,212995,63156384394,1,0,0,344576,1,4676036001
2037,63156187744,198916,63156386660,7,0,0,3584,7,4117044836
2038,63156198225,203599,63156401824,3,0,1,34304,3,7859021752
2039,63156199851,145972,63156345823,2,0,1,2048,2,3573500713
2040,63156230641,272823,63156503464,0,0,0,154112,0,1022352683
2041,63156239774,229478,63156469252,0,0,1,19968,0,4020208442
2042,63156283019,92787,63156375806,8,0,1,6656,8,3487057825
2043,63156320733,75084,63156395817,0,0,1,2560,0,10063964254
2044,63156343922,31517,63156375439,5,0,1,22016,5,7215042354
2045,63156413432,24519,63156437951,8,0,1,16896,8,8996429938
2046,63156444728,363840,63156808568,0,0,0,150528,0,9880291074
2047,63156445602,162079,63156607681,0,0,1,13312,0,3687849988
2048,63156463417,448157,63156911574,7,0,0,1536,7,9878176234
2049,63156507330,13656,63156520986,1,0,0,512,1,6306375065
2050,63156514994,152834,63156667828,8,0,0,1024,8,5158322350
2051,63156515250,330881,63156846131,3,0,1,3584,3,4839083973
2052,63156577576,40055,63156617631,7,0,1,2048,7,4415005649
2053,63156632737,278152,63156910889,7,0,0,4608,7,2143318519
2054,63156634759,118030,63156752789,5,0,0,60416,5,4553381814
2055,63156681454,85933,63156767387,1,0,1,63488,1,7435108529
2056,63156719712,23048,63156742760,1,0,1,4096,1,6423563631
2057,63156740215,3894,63156744109,0,0,0,143872,0,349022665
2058,63156804086,157402,63156961488,8,0,0,1536,8,8691434769
2059,63156827062,251847,63157078909,4,0,0,4096,4,3782334140
2060,63156923359,11448,63156934807,2,0,0,1536,2,3867327039
2061,63157038590,562,63157039152,8,0,1,9728,8,10255902556
2062,63157054043,75981,63157130024,8,0,0,512,8,4283698828
2063,63157124389,62154,63157186543,1,0,0,100864,1,6129482827
2064,63157177473,2942,63157180415,3,0,1,39424,3,3113053104
2065,63157226973,562,63157227535,7,0,0,3072,7,7914408203
2066,63157250230,13596,63157263826,4,0,0,512,4,3407643796
2067,63157297425,189322,63157486747,5,0,0,23040,5,6892702112
2068,63157316212,2942,63157319154,3,0,1,12800,3,1620032628
2069,63157435760,158515,63157594275,3,0,1,5120,3,1233355944
2070,63157453035,32037,63157485072,8,0,0,3072,8,10578113455
2071,63157462965,92607,63157555572,3,0,0,52224,3,6499468691
2072,63157483202,121129,63157604331,0,0,0,321024,0,999143963
2073,63157484649,195758,63157680407,7,0,1,2048,7,8681195646
2074,63157545245,224355,63157769600,9,0,1,4096,9,2362681091
2075,63157555035,16609,63157571644,3,0,1,19456,3,5982474900
2076,63157679977,194943,63157874920,8,0,1,4096,8,1211983213
2077,63157697059,177263,63157874322,9,0,0,32256,9,4328723071
2078,63157720640,160537,63157881177,0,0,1,13824,0,632463764
2079,63157721072,73483,63157794555,9,0,1,2048,9,10132161201
2080,63157820103,21395,63157841498,6,0,0,122880,6,6736683707
2081,63157892887,236206,63158129093,9,0,0,34816,9,1629291438
2082,63157916246,81112,63157997358,5,0,0,131072,5,65232344
2083,63157920738,169904,63158090642,0,0,0,217088,0,6405837545
2084,63158186515,171885,63158358400,7,0,1,36352,7,7662229912
2085,63158205380,155346,63158360726,2,0,0,252416,2,9531564092
2086,63158271257,90455,63158361712,8,0,0,1536,8,9012491701
2087,63158293088,138109,63158431197,6,0,0,228864,6,2291059829
2088,63158315575,11012,63158326587,8,0,1,18944,8,9566921272
2089,63158338449,1990,63158340439,4,0,1,13312,4,10325214205
2090,63158432974,159249,63158592223,1,0,0,17920,1,7513846473
2091,63158437053,199017,63158636070,5,0,1,3072,5,7771682697
2092,63158471234,7527,63158478761,8,0,0,2048,8,8190647469
2093,63158511427,34275,63158545702,7,0,0,4608,7,7407648706
2094,63158518883,176318,63158695201,3,0,1,10240,3,4783038481
2095,63158542424,3383,63158545807,2,0,0,59904,2,6267380915
2096,63158635179,156937,63158792116,3,0,0,9728,3,5084768932
2097,63158735213,65896,63158801109,0,0,1,7168,0,3170215215
2098,63158745592,102654,63158848246,5,0,0,166400,5,815636870
2099,63158826543,43208,63158869751,0,0,0,70144,0,8887847460
2100,63158901855,2942,63158904797,4,0,0,3072,4,6380242574
2101,63158909482,294770,63159204252,6,0,0,477184,6,1027683372
2102,63159119559,90185,63159209744,1,0,0,26112,1,251136829
2103,63159165862,60049,63159225911,9,0,0,52736,9,884118672
2104,63159169707,138188,63159307895,3,0,0,208384,3,556092788
2105,63159186464,137291,63159323755,3,0,0,51200,3,4401303165
2106,63159359654,66410,63159426064,4,0,1,8192,4,2429290323
2107,63159387477,102128,63159489605,1,0,1,6144,1,1727139655
2108,63159407833,193693,63159601526,3,0,1,2048,3,4541851660
2109,63159455721,135354,63159591075,6,0,0,220160,6,9587410497
2110,63159577356,81112,63159658468,1,0,0,131072,1,504487907
2111,63159671945,14800,63159686745,6,0,0,28672,6,6441901946
2112,63159710145,15058,63159725203,3,0,0,29184,3,7385516537
2113,63159941453,46467,63159987920,9,0,0,80384,9,8613859642
2114,63159952260,10707,63159962967,7,0,1,7680,7,482270510
2115,63159978519,94479,63160072998,4,0,0,2048,4,6543639783
2116,63159979250,50995,63160030245,5,0,1,10752,5,63189512
2117,63160007341,84893,63160092234,1,0,0,82432,1,297644475
2118,63160129624,64479,63160194103,7,0,1,18944,7,5347900273
2119,63160182989,285315,63160468304,5,0,0,105472,5,5687153551
2120,63160197034,67542,63160264576,6,0,0,65024,6,8058520923
2121,63160229602,141474,63160371076,2,0,0,224768,2,4154860533
2122,63160241165,118423,63160359588,4,0,1,11776,4,3385559309
2123,63160256531,162997,63160419528,4,0,1,6656,4,7239340546
2124,63160322317,94845,63160417162,7,0,1,3584,7,4285378632
2125,63160366731,102912,63160469643,2,0,0,166912,2,4878863310
2126,63160367148,104761,63160471909,7,0,0,3584,7,5649430403
2127,63160386491,158155,63160544646,9,0,1,5120,9,6835555358
2128,63160579223,1514,63160580737,4,0,0,1536,4,1450663473
2129,63160625920,6484,63160632404,8,0,1,7680,8,404346222
2130,63160671636,98545,63160770181,1,0,0,15872,1,8638313536
2131,63160683366,106183,63160789549,2,0,0,176640,2,4474420061
2132,63160711882,98455,63160810337,5,0,0,66560,5,5800791183
2133,63160843472,90798,63160934270,0,0,1,10752,0,4094693757
2134,63160887315,53491,63160940806,3,0,0,90624,3,1016836060
2135,63160947073,1038,63160948111,8,0,0,1024,8,8221677496
2136,63160986384,34363,63161020747,5,0,0,56832,5,7213964696
2137,63161016036,1038,63161017074,4,0,1,22016,4,2509584641
2138,63161090719,143408,63161234127,7,0,0,1024,7,1229635596
2139,63161177014,1038,63161178052,4,0,0,1024,4,3150078107
2140,63161259374,23979,63161283353,5,0,0,39936,5,2849611467
2141,63161287201,41645,63161328846,3,0,0,67584,3,6528264682
2142,63161314052,1038,63161315090,3,0,1,8704,3,5833555126
2143,63161403836,120158,63161523994,7,0,0,1024,7,10271618283
2144,63161417802,135354,63161553156,9,0,0,220160,9,8752063758
2145,63161418266,106452,63161524718,1,0,1,4608,1,1025178172
2146,63161449290,4675,63161453965,4,0,0,4096,4,1394065127
2147,63161653209,265893,63161919102,0,0,0,12288,0,6855276638
2148,63161804695,54988,63161859683,9,0,1,37376,9,5162400243
2149,63161805368,2129,63161807497,2,0,1,6656,2,4577451928
2150,63161805817,102748,63161908565,9,0,1,7168,9,923896320
2151,63161858238,113926,63161972164,8,0,0,512,8,2708295867
2152,63161859958,61225,63161921183,2,0,1,4608,2,9793710432
2153,63161874494,52686,63161927180,8,0,1,43008,8,2125642353
2154,63161908721,12304,63161921025,1,0,1,512,1,2147654526
2155,63161963386,149013,63162112399,3,0,0,20480,3,7707823867
2156,63161964505,44488,63162008993,9,0,1,24064,9,901518300
2157,63162024521,144538,63162169059,2,0,0,73216,2,7035710560
2158,63162043009,562,63162043571,7,0,1,24064,7,5418497774
2159,63162114618,131197,63162245815,2,0,1,8192,2,7836915787
2160,63162126628,57436,63162184064,8,0,0,512,8,3306356739
2161,63162135270,109196,63162244466,8,0,1,4608,8,7175592812
2162,63162227945,5322,63162233267,4,0,0,5632,4,6518507511
2163,63162342579,35050,63162377629,0,0,0,61440,0,9269957726
2164,63162434358,86967,63162521325,6,0,0,145920,6,6593525482
2165,63162460096,163475,63162623571,9,0,0,235008,9,2649301528
2166,63162483140,42778,63162525918,2,0,1,4096,2,8167206012
2167,63162502614,34791,63162537405,8,0,1,47616,8,3774270824
2168,63162586285,298625,63162884910,3,0,0,26112,3,10109469698
2169,63162618037,181990,63162800027,7,0,1,13824,7,8812465672
2170,63162619424,337437,63162956861,1,0,1,512,1,5510752169
2171,63162678903,211124,63162890027,5,0,0,60928,5,1015650222
2172,63162787543,57109,63162844652,1,0,1,40448,1,5346893908
2173,63162807226,49455,63162856681,9,0,0,97792,9,5293581437
2174,63162815226,302684,63163117910,8,0,0,512,8,8829168485
2175,63162908907,204162,63163113069,2,0,0,330752,2,3801799588
2176,63162992859,157729,63163150588,3,0,0,130560,3,9914518509
2177,63163072109,80105,63163152214,8,0,0,2560,8,3565526338
2178,63163073491,90577,63163164068,3,0,0,48640,3,1684861196
2179,63163103055,166248,63163269303,2,0,1,4096,2,10284648879
2180,63163211265,175854,63163387119,3,0,0,285696,3,4978362882
2181,63163274091,34710,63163308801,7,0,1,26112,7,9146393570
2182,63163349760,237557,63163587317,8,0,1,40448,8,516806848
2183,63163358208,256408,63163614616,1,0,0,27648,1,1802040094
2184,63163359701,264605,63163624306,7,0,1,3072,7,9033038089
2185,63163359899,124663,63163484562,1,0,0,650240,1,2425906460
2186,63163381173,405840,63163787013,9,0,0,143872,9,3191670873
2187,63163477328,426603,63163903931,1,0,1,19968,1,10591247588
2188,63163502411,306991,63163809402,7,0,0,2560,7,519648930
2189,63163546493,204358,63163750851,7,0,1,23552,7,4531108030
2190,63163610433,190081,63163800514,5,0,0,17408,5,4132499813
2191,63163629856,172215,63163802071,4,0,0,8192,4,5362213061
2192,63163648708,149190,63163797898,7,0,0,1536,7,5742042355
2193,63163672079,126084,63163798163,4,0,0,512,4,4894618435
2194,63163695851,150375,63163846226,7,0,0,1024,7,4775277083
2195,63163713290,140805,63163854095,3,0,0,142336,3,3981180608
2196,63163724140,398426,63164122566,2,0,0,14336,2,3601512966
2197,63163960419,32983,63163993402,9,0,1,30208,9,8510498805
2198,63164000204,1038,63164001242,1,0,0,57344,1,3248007191
2199,63164101672,186943,63164288615,8,0,0,1024,8,8909676807
2200,63164201537,97623,63164299160,2,0,1,2048,2,10051462390
2201,63164220856,125400,63164346256,5,0,0,207360,5,5453857395
2202,63164295641,67294,63164362935,6,0,0,63488,6,5828350192
2203,63164304850,59071,63164363921,8,0,0,1536,8,8271417394
2204,63164322633,84212,63164406845,2,0,0,137216,2,4554931187
2205,63164388592,1514,63164390106,9,0,1,15872,9,412354503
2206,63164448622,101768,63164550390,8,0,0,1536,8,8104167029
2207,63164516337,87555,63164603892,0,0,1,3584,0,9771324377
2208,63164685989,56056,63164742045,1,0,1,5120,1,5104541014
2209,63164710614,14800,63164725414,3,0,1,20992,3,1360355461
2210,63164713540,57436,63164770976,5,0,1,4608,5,4718870756
2211,63164718510,90076,63164808586,9,0,1,16896,9,3157568886
2212,63164739672,2466,63164742138,5,0,0,28672,5,4860290704
2213,63164822927,138106,63164961033,6,0,0,2560,6,2918792815
2214,63164886917,44488,63164931405,4,0,1,21504,4,2501537024
2215,63164891370,96376,63164987746,0,0,0,73216,0,9851865272
2216,63164919311,45592,63164964903,9,0,1,54272,9,7825730096
2217,63164979376,154883,63165134259,7,0,1,12800,7,5950506394
2218,63165005838,43916,63165049754,0,0,1,1024,0,3915518279
2219,63165030289,98740,63165129029,9,0,0,61952,9,3563369086
2220,63165088820,34104,63165122924,5,0,0,56320,5,3502721731
2221,63165148080,11270,63165159350,4,0,1,16384,4,9442901718
2222,63165276325,176860,63165453185,5,0,0,18432,5,7906291065
2223,63165289418,109910,63165399328,2,0,1,11264,2,5754340800
2224,63165379532,96680,63165476212,3,0,1,14336,3,1350491418
2225,63165525148,82662,63165607810,9,0,0,134144,9,3894880440
2226,63165532457,106063,63165638520,7,0,0,173056,7,5412109008
2227,63165558454,138003,63165696457,3,0,1,2048,3,7544213966
2228,63165585095,96307,63165681402,6,0,0,139776,6,7998415575
2229,63165610360,126583,63165736943,9,0,1,8192,9,4483512288
2230,63165636898,79965,63165716863,5,0,0,16384,5,7317827806
2231,63165719371,562,63165719933,9,0,1,4608,9,6214956393
2232,63165726360,35567,63165761927,8,0,0,512,8,4675074117
2233,63165734152,73900,63165808052,3,0,1,16384,3,8803127597
2234,63165750189,104655,63165854844,0,0,0,62464,0,10245260043
2235,63165795035,156322,63165951357,4,0,1,6656,4,7932379610
2236,63165887772,195994,63166083766,0,0,1,6144,0,737144816
2237,63166060977,95497,63166156474,7,0,1,1536,7,6196009668
2238,63166158966,1514,63166160480,4,0,0,1536,4,5757010695
2239,63166210349,54613,63166264962,0,0,0,89600,0,5700266008
2240,63166240727,147319,63166388046,8,0,1,31232,8,10199093390
2241,63166261667,144446,63166406113,6,0,0,234496,6,5251905481
2242,63166413431,60862,63166474293,7,0,1,62976,7,3504916001
2243,63166433239,37625,63166470864,2,0,0,98304,2,10476957011
2244,63166457142,207346,63166664488,4,0,0,1024,4,2899561781
2245,63166458237,168035,63166626272,7,0,1,3584,7,1252411578
2246,63166483070,258320,63166741390,0,0,1,1024,0,3402677382
2247,63166705649,11787,63166717436,0,0,0,19456,0,5124714038
2248,63166736456,100852,63166837308,8,0,1,4608,8,6680587613
2249,63166742438,115363,63166857801,5,0,1,5120,5,5817269794
2250,63166747996,171459,63166919455,5,0,0,187904,5,4472500455
2251,63166751267,183114,63166934381,0,0,1,24576,0,7396715973
2252,63166854722,295213,63167149935,4,0,1,92160,4,2518551178
2253,63166927662,139347,63167067009,5,0,1,5120,5,7904972633
2254,63166959535,174821,63167134356,7,0,0,283648,7,3386939902
2255,63166981760,159214,63167140974,5,0,0,23552,5,7721110085
2256,63166990778,218410,63167209188,5,0,0,220160,5,6402380023
2257,63167159856,62670,63167222526,4,0,1,56832,4,9435598519
2258,63167191709,1990,63167193699,1,0,0,101888,1,5948760904
2259,63167256670,244862,63167501532,8,0,0,2048,8,5310251309
2260,63167292495,157614,63167450109,3,0,1,22016,3,8363957294
2261,63167324752,217412,63167542164,3,0,1,83968,3,2113902717
2262,63167461188,115536,63167576724,0,0,1,9728,0,10421972663
2263,63167475766,187644,63167663410,8,0,1,27648,8,8725800530
2264,63167516500,146921,63167663421,7,0,0,240640,7,2935342273
2265,63167533842,131306,63167665148,2,0,1,5632,2,8076472974
2266,63167543050,55266,63167598316,8,0,0,5120,8,9742314321
2267,63167610985,123212,63167734197,4,0,1,3584,4,3351224483
2268,63167666579,2466,63167669045,8,0,0,2560,8,7893052144
2269,63167671535,108052,63167779587,3,0,1,2048,3,179969388
2270,63167752557,211091,63167963648,9,0,1,54784,9,1028967850
2271,63167873534,66975,63167940509,7,0,0,113664,7,5645466558
2272,63167985364,78676,63168064040,7,0,1,13824,7,7153509352
2273,63168078192,60064,63168138256,8,0,1,8192,8,7950126931
2274,63168210037,74380,63168284417,3,0,1,14848,3,6143375506
2275,63168282532,3391,63168285923,8,0,0,1536,8,6448725522
2276,63168375294,11529,63168386823,2,0,1,18944,2,540275926
2277,63168416328,89452,63168505780,7,0,0,18944,7,6059213171
2278,63168523386,45592,63168568978,2,0,1,1024,2,4078578001
2279,63168565329,105556,63168670885,2,0,1,46592,2,1703301785
2280,63168662913,34016,63168696929,0,0,1,37376,0,8477006967
2281,63168711624,110712,63168822336,3,0,0,59392,3,5142622921
2282,63168778250,44229,63168822479,1,0,0,72704,1,9397191667
2283,63168837057,85890,63168922947,3,0,1,20480,3,1639227880
2284,63168837339,40870,63168878209,4,0,1,28160,4,7033417410
2285,63168877100,92272,63168969372,5,0,1,5120,5,4984333880
2286,63168884625,41387,63168926012,1,0,1,5632,1,2675553068
2287,63168890460,147653,63169038113,9,0,0,66048,9,6093799555
2288,63168942046,202027,63169144073,9,0,0,67072,9,8940353905
2289,63169017124,98118,63169115242,0,0,1,12800,0,387953890
2290,63169066571,74980,63169141551,3,0,1,26624,3,10535235464
2291,63169128184,144716,63169272900,7,0,1,11776,7,555263004
2292,63169147027,4370,63169151397,7,0,1,41984,7,3775125672
2293,63169214715,122381,63169337096,4,0,0,4608,4,8119313116
2294,63169419929,255562,63169675491,0,0,0,414208,0,8710211504
2295,63169435433,255816,63169691249,6,0,0,50688,6,8269208888
2296,63169622770,136077,63169758847,9,0,1,20992,9,2811764385
2297,63169623587,154741,63169778328,1,0,1,9216,1,9151478639
2298,63169671888,38435,63169710323,6,0,0,254464,6,848253981
2299,63169789167,238927,63170028094,7,0,0,12800,7,9029542867
2300,63169902322,103428,63170005750,7,0,1,2560,7,7057270731
2301,63169948650,158077,63170106727,8,0,1,7680,8,9540488790
2302,63169990882,123162,63170114044,3,0,0,199680,3,4009507378
2303,63169996178,94818,63170090996,5,0,1,17920,5,979836415
2304,63169997491,152572,63170150063,2,0,1,1536,2,8601842083
2305,63170053553,201885,63170255438,7,0,1,1024,7,5050625500
2306,63170195755,171663,63170367418,4,0,1,16384,4,2054612449
2307,63170240508,134837,63170375345,3,0,0,219136,3,7702563257
2308,63170255925,149848,63170405773,1,0,1,2048,1,10629488269
2309,63170324839,20362,63170345201,2,0,1,14336,2,8379106769
2310,63170387377,1514,63170388891,5,0,1,40448,5,5322143612
2311,63170389218,187403,63170576621,7,0,0,32768,7,3638233872
2312,63170436774,154021,63170590795,4,0,0,1536,4,9870739220
2313,63170538562,34533,63170573095,9,0,1,13312,9,2365905638
2314,63170547148,54988,63170602136,8,0,1,6656,8,7210790294
2315,63170557117,87492,63170644609,7,0,0,60416,7,337712257
2316,63170618412,5967,63170624379,7,0,1,34816,7,950157208
2317,63170641912,109743,63170751655,6,0,0,14848,6,10237570519
2318,63170739098,3641,63170742739,7,0,1,10752,7,1882390025
2319,63170746016,2866,63170748882,9,0,0,10240,9,4304107430
2320,63170768966,77740,63170846706,8,0,0,8704,8,4421912778
2321,63170771755,34791,63170806546,7,0,1,20992,7,7092030614
2322,63170913453,12648,63170926101,5,0,0,60928,5,6659322111
2323,63170936262,210479,63171146741,4,0,0,1024,4,8953404684
2324,63170991804,1038,63170992842,9,0,1,4608,9,302718612
2325,63171009183,58264,63171067447,5,0,1,8192,5,3200663312
2326,63171039860,137027,63171176887,1,0,0,1024,1,12508036
2327,63171226745,105408,63171332153,9,0,0,175104,9,6411462530
2328,63171309359,562,63171309921,0,0,1,36864,0,5133964847
2329,63171344214,14800,63171359014,8,0,0,512,8,7235712970
2330,63171358039,64537,63171422576,7,0,0,28672,7,9278919117
2331,63171366670,144697,63171511367,0,0,1,6144,0,6837434547
2332,63171366703,53978,63171420681,6,0,0,108544,6,10691879103
2333,63171400089,54096,63171454185,5,0,0,47616,5,51810392
2334,63171450957,39081,63171490038,3,0,1,8192,3,5532445769
2335,63171480042,141146,63171621188,5,0,1,11264,5,5152819597
2336,63171498508,245119,63171743627,5,0,0,88576,5,7203978902
2337,63171516749,136379,63171653128,8,0,0,5120,8,1382174298
2338,63171564551,128461,63171693012,8,0,1,13312,8,2635416026
2339,63171573627,173997,63171747624,3,0,1,31232,3,1941625252
2340,63171666158,123832,63171789990,0,0,1,17920,0,5354639524
2341,63171685605,174821,63171860426,9,0,0,283648,9,9358451376
2342,63171688339,172753,63171861092,8,0,0,1024,8,5079714292
2343,63171706638,130350,63171836988,4,0,1,41472,4,174169804
2344,63171732227,169485,63171901712,2,0,0,15360,2,6364390836
2345,63171799829,5322,63171805151,5,0,1,5120,5,9602578358
2346,63171843007,222753,63172065760,7,0,1,8704,7,2666971475
2347,63171990772,85936,63172076708,8,0,1,22528,8,1376699980
2348,63171995929,241777,63172237706,1,0,0,5632,1,5638028246
2349,63172055275,65959,63172121234,5,0,1,11264,5,9577822512
2350,63172185717,64204,63172249921,4,0,1,6656,4,10141830634
2351,63172207827,77296,63172285123,3,0,1,5120,3,9665538530
2352,63172266455,22946,63172289401,5,0,0,37888,5,8423726905
2353,63172282289,126433,63172408722,7,0,0,209408,7,4520250077
2354,63172341246,79022,63172420268,3,0,0,38912,3,7169568296
2355,63172380219,107584,63172487803,5,0,1,53248,5,9996499350
2356,63172437763,135613,63172573376,0,0,1,3584,0,10142342967
2357,63172491171,47867,63172539038,1,0,0,220672,1,3123017422
2358,63172594368,215529,63172809897,5,0,0,57344,5,5501803066
2359,63172609201,67984,63172677185,8,0,1,10240,8,2689977202
2360,63172617072,65683,63172682755,4,0,0,111104,4,2087842774
2361,63172648169,40999,63172689168,4,0,0,22528,4,2765044440
2362,63172691148,23374,63172714522,3,0,1,15872,3,2766681147
2363,63172709633,151517,63172861150,5,0,1,5120,5,1263413454
2364,63172749373,251633,63173001006,2,0,0,41984,2,1731139203
2365,63172750589,192203,63172942792,1,0,0,293888,1,4126010001
2366,63172844393,106489,63172950882,1,0,0,40960,1,6156700732
2367,63172956124,102395,63173058519,0,0,1,512,0,6011997960
2368,63172986971,93733,63173080704,7,0,0,165888,7,3903668490
2369,63172997383,65649,63173063032,8,0,1,20480,8,4875754439
2370,63173076650,562,63173077212,6,0,0,155648,6,836216569
2371,63173125830,342294,63173468124,9,0,0,68096,9,5912117977
2372,63173128865,322131,63173450996,4,0,1,41984,4,5631436215
2373,63173277229,10237,63173287466,8,0,0,512,8,2389246930
2374,63173326627,562,63173327189,1,0,0,16384,1,4847409276
2375,63173361981,280222,63173642203,8,0,0,512,8,4304183157
2376,63173419632,3894,63173423526,8,0,0,4096,8,907444566
2377,63173444855,56333,63173501188,0,0,1,7168,0,6650233589
2378,63173453663,129022,63173582685,0,0,1,20992,0,6231095195
2379,63173480814,168416,63173649230,6,0,0,96256,6,5795303642
2380,63173607324,23374,63173630698,7,0,1,10240,7,10277129091
2381,63173629059,76048,63173705107,1,0,0,41984,1,5963643942
2382,63173758871,13766,63173772637,4,0,0,26624,4,1249437372
2383,63173826299,48976,63173875275,7,0,1,26624,7,10299650696
2384,63173880239,168515,63174048754,9,0,1,2048,9,2924783632
2385,63174069904,61600,63174131504,7,0,1,8192,7,6288369522
2386,63174138895,44141,63174183036,0,0,1,19968,0,7025798585
2387,63174155326,97444,63174252770,0,0,0,75776,0,10233261547
2388,63174204528,143929,63174348457,2,0,0,233472,2,5546491798
2389,63174224690,103117,63174327807,7,0,1,39424,7,4415373650
2390,63174256989,225713,63174482702,6,0,0,39424,6,9389160043
2391,63174319500,133722,63174453222,9,0,1,9216,9,2120604210
2392,63174366954,221802,63174588756,2,0,1,17920,2,3229014809
2393,63174586583,239198,63174825781,2,0,0,388096,2,1828389143
2394,63174660590,197269,63174857859,0,0,0,112640,0,3946555148
2395,63174679734,94628,63174774362,7,0,1,18944,7,10648823367
2396,63174773958,255483,63175029441,9,0,0,34816,9,1623564982
2397,63174922257,7613,63174929870,2,0,1,4608,2,1112024161
2398,63174927615,90722,63175018337,8,0,0,3072,8,9871300012
2399,63174996014,2942,63174998956,9,0,1,3072,9,7413061420
2400,63175013619,83248,63175096867,9,0,0,3072,9,4376255615
2401,63175030541,141953,63175172494,5,0,1,1024,5,2829790001
2402,63175120169,108024,63175228193,9,0,1,17408,9,7004347308
2403,63175135343,217300,63175352643,3,0,0,356352,3,6055985614
2404,63175165604,187705,63175353309,8,0,0,1024,8,7419010558
2405,63175221723,83559,63175305282,3,0,1,34304,3,8456923332
2406,63175274935,132801,63175407736,0,0,0,24576,0,6163013865
2407,63175312999,122387,63175435386,4,0,1,3072,4,4374469039
2408,63175330294,273529,63175603823,5,0,0,198144,5,989521053
2409,63175351339,227848,63175579187,5,0,1,4608,5,4789023023
2410,63175561759,93733,63175655492,2,0,0,155648,2,8182963058
2411,63175576417,166070,63175742487,5,0,1,3072,5,9785238217
2412,63175621722,148136,63175769858,1,0,1,13312,1,1695876026
2413,63175637299,103429,63175740728,7,0,1,23040,7,2547398124
2414,63175685063,92486,63175777549,6,0,0,167936,6,2187763549
2415,63175732193,213966,63175946159,9,0,0,115712,9,4822890110
2416,63175750377,196553,63175946930,9,0,0,284672,9,4486432408
2417,63175774855,81194,63175856049,9,0,0,192000,9,3851486968
2418,63175911388,229306,63176140694,4,0,1,1536,4,3670375228
2419,63175916506,30310,63175946816,3,0,1,6656,3,3659024227
2420,63175978037,93562,63176071599,7,0,0,6656,7,5558600477
2421,63176002071,187374,63176189445,9,0,0,152064,9,9405813155
2422,63176076437,137626,63176214063,0,0,1,7168,0,6512292804
2423,63176079546,141479,63176221025,0,0,1,18432,0,5188287928
2424,63176161385,156033,63176317418,0,0,1,3072,0,3638105601
2425,63176171258,259659,63176430917,9,0,0,257024,9,2213398003
2426,63176179934,178719,63176358653,4,0,0,100864,4,1048452564
2427,63176196707,182837,63176379544,5,0,0,67072,5,10703565247
2428,63176210194,200507,63176410701,9,0,0,108032,9,8711532841
2429,63176274780,157836,63176432616,5,0,0,80384,5,6164806701
2430,63176327967,91723,63176419690,6,0,1,13824,6,8473610030
2431,63176345399,114499,63176459898,2,0,0,7168,2,6248195357
2432,63176393784,181494,63176575278,8,0,1,25088,8,4366132751
2433,63176413691,364699,63176778390,5,0,0,189440,5,6008730277
2434,63176420141,286898,63176707039,3,0,0,381952,3,2418644385
2435,63176594746,128768,63176723514,5,0,0,62464,5,593848373
2436,63176633892,174956,63176808848,8,0,1,12800,8,9969093974
2437,63176648986,107217,63176756203,2,0,1,4608,2,6853971191
2438,63176652029,168577,63176820606,6,0,1,8704,6,1250475974
2439,63176689540,229678,63176919218,7,0,1,1024,7,1179141048
2440,63176746882,328372,63177075254,7,0,0,178688,7,550012608
2441,63176765464,195104,63176960568,9,0,1,15872,9,10074205433
2442,63176774188,239040,63177013228,2,0,1,1536,2,5337129174
2443,63176823008,270493,63177093501,7,0,1,4096,7,6104242488
2444,63176949202,118992,63177068194,5,0,1,512,5,6097850423
2445,63177000003,170932,63177170935,3,0,0,189440,3,10337505322
2446,63177127871,93991,63177221862,3,0,0,156160,3,2657925519
2447,63177148811,72140,63177220951,0,0,1,1024,0,3022428804
2448,63177181391,115918,63177297309,3,0,0,102400,3,1731631570
2449,63177208882,74604,63177283486,3,0,1,7680,3,10293894227
2450,63177224203,57936,63177282139,7,0,0,121856,7,878293021
2451,63177298718,34791,63177333509,8,0,1,16384,8,3432064513
2452,63177311913,212268,63177524181,1,0,1,4608,1,2800303111
2453,63177340926,145279,63177486205,5,0,0,60928,5,7441900297
2454,63177365674,12733,63177378407,4,0,1,5120,4,656450326
2455,63177488982,282057,63177771039,9,0,1,5120,9,7431973611
2456,63177515659,98771,63177614430,9,0,0,24576,9,6253061974
2457,63177540555,53837,63177594392,4,0,0,88064,4,2692602236
2458,63177572265,24150,63177596415,0,0,1,12288,0,9652697834
2459,63177582456,119779,63177702235,4,0,0,43520,4,1187263104
2460,63177588668,244655,63177833323,3,0,0,389120,3,604435542
2461,63177610580,248460,63177859040,4,0,0,81920,4,1595929130
2462,63177652727,244829,63177897556,0,0,1,12288,0,1855618705
2463,63177786100,150618,63177936718,7,0,1,3584,7,6495069054
2464,63177858114,99514,63177957628,2,0,1,512,2,3516635526
2465,63177866166,34016,63177900182,8,0,1,26112,8,4192345762
2466,63177900607,206619,63178107226,1,0,1,57344,1,8675569713
2467,63178015145,195518,63178210663,7,0,0,59392,7,2957957872
2468,63178107475,3383,63178110858,5,0,0,9728,5,8849870633
2469,63178138218,59128,63178197346,4,0,1,10240,4,9042721858
2470,63178145989,114225,63178260214,9,0,1,5120,9,10061106383
2471,63178153963,44141,63178198104,1,0,1,14336,1,3913565961
2472,63178156377,137098,63178293475,0,0,1,13312,0,3986244883
2473,63178234703,166479,63178401182,4,0,0,75776,4,912008504
2474,63178280021,61718,63178341739,3,0,1,7168,3,6320965033
2475,63178298204,98863,63178397067,2,0,1,512,2,6666823239
2476,63178338382,36083,63178374465,1,0,1,15360,1,4050384028
2477,63178355630,106316,63178461946,7,0,0,63488,7,10024193244
2478,63178363005,4933,63178367938,1,0,1,1536,1,4053349683
2479,63178446418,59752,63178506170,4,0,1,29696,4,5481835741
2480,63178483895,136581,63178620476,7,0,0,12800,7,8210192256
2481,63178510706,235426,63178746132,8,0,1,7168,8,216879798
2482,63178551147,60820,63178611967,0,0,1,5632,0,2086899141
2483,63178650472,21395,63178671867,3,0,0,34816,3,7233113654
2484,63178724650,83179,63178807829,2,0,0,135168,2,466894177
2485,63178774912,33263,63178808175,8,0,0,512,8,6977410801
2486,63178804358,96833,63178901191,9,0,0,161792,9,3675455248
2487,63178861299,65813,63178927112,3,0,0,82944,3,7084542572
2488,63178900186,88931,63178989117,7,0,1,7168,7,589086420
2489,63178941683,165813,63179107496,6,0,1,512,6,266460490
2490,63178997074,124196,63179121270,3,0,0,201728,3,7026605927
2491,63179016952,429856,63179446808,1,0,0,629248,1,6997823606
2492,63179105038,267917,63179372955,6,0,1,8192,6,7476093585
2493,63179114638,379545,63179494183,6,0,0,161280,6,9225786748
2494,63179203796,295572,63179499368,6,0,0,16384,6,606655755
2495,63179207285,230538,63179437823,7,0,1,4096,7,5371278172
2496,63179220339,424439,63179644778,1,0,1,13824,1,7296689563
2497,63179265367,259183,63179524550,1,0,1,3072,1,8725168793
2498,63179284591,183716,63179468307,0,0,1,512,0,1917576590
2499,63179285612,195089,63179480701,2,0,0,64000,2,7875065266
2500,63179288226,177842,63179466068,1,0,0,108544,1,6651928942
2501,63179369799,119767,63179489566,3,0,0,20992,3,2574721868
2502,63179375105,399057,63179774162,3,0,0,63488,3,5468688732
2503,63179408417,35567,63179443984,9,0,0,52224,9,8391077586
2504,63179493437,410527,63179903964,9,0,0,88064,9,1081167697
2505,63179574795,398936,63179973731,7,0,1,15872,7,7942648135
2506,63179604917,84305,63179689222,0,0,0,62464,0,10106509025
2507,63179610019,168930,63179778949,7,0,1,2560,7,5641237303
2508,63179615025,264164,63179879189,3,0,0,126464,3,983173336
2509,63179704015,210404,63179914419,9,0,1,8192,9,8045700758
2510,63179961914,10495,63179972409,7,0,1,8192,7,3750175862
2511,63180009358,104969,63180114327,3,0,0,16896,3,10453618175
2512,63180043979,147552,63180191531,0,0,1,8192,0,4754891717
2513,63180153844,32037,63180185881,6,0,1,8704,6,7676839867
2514,63180174997,81193,63180256190,2,0,0,52224,2,3984619460
2515,63180240274,64204,63180304478,6,0,1,6656,6,10362006139
2516,63180332973,85156,63180418129,7,0,1,19968,7,9544366340
2517,63180381748,45592,63180427340,7,0,1,1024,7,8571488382
2518,63180504521,57436,63180561957,0,0,1,12800,0,5642181522
2519,63180507902,66076,63180573978,4,0,1,4608,4,9259449423
2520,63180520012,228458,63180748470,3,0,0,374784,3,261599901
2521,63180539610,286726,63180826336,1,0,0,258048,1,7848758876
2522,63180730028,173457,63180903485,7,0,0,254464,7,3559889683
2523,63180792288,92686,63180884974,7,0,1,16896,7,4385973760
2524,63180813528,238027,63181051555,5,0,1,8704,5,10241780076
2525,63180821424,312812,63181134236,7,0,0,42496,7,7247705743
2526,63180928783,196149,63181124932,1,0,1,2048,1,10557755310
2527,63181108035,111189,63181219224,5,0,1,48128,5,5432429328
2528,63181168223,57613,63181225836,3,0,1,2048,3,9541616863
2529,63181194106,67234,63181261340,1,0,0,114176,1,8757275258
2530,63181199119,78388,63181277507,5,0,0,52736,5,3508330875
2531,63181245375,107969,63181353344,9,0,1,512,9,791030751
2532,63181280399,35308,63181315707,8,0,1,4096,8,10483305312
2533,63181325786,107680,63181433466,6,0,0,61952,6,2814680369
2534,63181362257,162809,63181525066,5,0,1,12800,5,4527259083
2535,63181419718,20620,63181440338,4,0,1,9216,4,9513484362
2536,63181495185,119071,63181614256,5,0,1,24064,5,3152925776
2537,63181540142,277325,63181817467,7,0,0,33280,7,7459271701
2538,63181551728,122128,63181673856,9,0,1,13824,9,8341011256
2539,63181589067,81266,63181670333,0,0,0,197632,0,8177411058
2540,63181635626,279225,63181914851,6,0,0,18944,6,8858287823
2541,63181656740,142604,63181799344,5,0,1,25088,5,2077866141
2542,63181670551,226461,63181897012,1,0,0,367104,1,8018430322
2543,63181723101,204405,63181927506,9,0,1,32768,9,2093930047
2544,63181749122,348968,63182098090,6,0,0,188416,6,7057634830
2545,63181837508,267102,63182104610,2,0,1,45568,2,3761098151
2546,63182049329,61637,63182110966,1,0,0,99840,1,5510561882
2547,63182088541,27917,63182116458,7,0,0,17920,7,10576986164
2548,63182107142,2466,63182109608,7,0,1,23552,7,6931621825
2549,63182157663,153465,63182311128,0,0,1,1536,0,7676961893
2550,63182191793,121269,63182313062,4,0,1,2560,4,1954559065
2551,63182206063,179682,63182385745,8,0,0,2560,8,6619852041
2552,63182354377,134250,63182488627,0,0,1,88064,0,1820673522
2553,63182401440,89837,63182491277,3,0,1,1024,3,9148986290
2554,63182432762,316312,63182749074,9,0,0,512512,9,8557120986
2555,63182451458,17475,63182468933,1,0,1,2048,1,2580676088
2556,63182545640,184089,63182729729,0,0,1,18432,0,6832018073
2557,63182602736,336002,63182938738,2,0,1,18432,2,5598888121
2558,63182615218,85416,63182700634,6,0,1,20480,6,7568406262
2559,63182732265,78410,63182810675,6,0,0,11264,6,977443064
2560,63182745647,55364,63182801011,6,0,0,142848,6,2426663163
2561,63182758452,36570,63182795022,7,0,0,27648,7,3523349730
2562,63182786990,11270,63182798260,7,0,0,17920,7,1495378694
2563,63182807090,318327,63183125417,6,0,0,2048,6,9341251614
2564,63182839740,333430,63183173170,1,0,0,18432,1,1871104409
2565,63182916349,165186,63183081535,6,0,0,499200,6,3780341550
2566,63182932388,308266,63183240654,2,0,0,11264,2,8011224833
2567,63182942456,292365,63183234821,2,0,1,14848,2,1276094929
2568,63183013881,211218,63183225099,8,0,0,512,8,6721738668
2569,63183059418,146865,63183206283,1,0,1,2560,1,4127277610
2570,63183093787,37963,63183131750,2,0,0,49664,2,8474029418
2571,63183208181,417207,63183625388,9,0,0,26112,9,9558075837
2572,63183391491,3124,63183394615,3,0,0,9216,3,9685553683
2573,63183420132,133804,63183553936,0,0,0,217088,0,4179676671
2574,63183655873,3894,63183659767,2,0,1,11776,2,1648503769
2575,63183675493,45592,63183721085,8,0,0,4096,8,1122671999
2576,63183711858,107584,63183819442,2,0,1,1024,2,3186496598
2577,63183739639,194949,63183934588,0,0,1,53248,0,120974480
2578,63183917473,1038,63183918511,8,0,0,1024,8,4429693083
2579,63183930447,13596,63183944043,1,0,0,23040,1,9564977444
2580,63184004512,57592,63184062104,1,0,1,5120,1,2978565558
2581,63184013515,54525,63184068040,4,0,1,26112,4,984953454
2582,63184023651,107027,63184130678,2,0,0,92672,2,4945776122
2583,63184154053,52360,63184206413,0,0,1,3072,0,3323709539
2584,63184308362,36859,63184345221,4,0,0,65024,4,1012078012
2585,63184311331,106793,63184418124,4,0,1,2048,4,7400479005
2586,63184333282,1038,63184334320,0,0,1,10752,0,9825815190
2587,63184435196,207751,63184642947,6,0,1,12800,6,3680178922
2588,63184469786,142709,63184612495,8,0,0,1024,8,42533049
2589,63184484171,15575,63184499746,1,0,1,14336,1,10285791659
2590,63184523838,182366,63184706204,7,0,1,5632,7,3220173226
2591,63184566513,4416,63184570929,4,0,0,30208,4,7430413029
2592,63184690249,177253,63184867502,6,0,0,11776,6,7672502269
2593,63184693923,35050,63184728973,7,0,0,61440,7,3700243423
2594,63184758059,98068,63184856127,0,0,1,13312,0,1003006099
2595,63184785682,159553,63184945235,7,0,1,22016,7,872217179
2596,63184930749,1038,63184931787,5,0,1,1024,5,10243792405
2597,63184956389,45592,63185001981,4,0,1,2560,4,6044275048
2598,63184968717,50668,63185019385,8,0,0,1024,8,197743135
2599,63184986529,52360,63185038889,6,0,1,3072,6,6080679437
2600,63185005999,76228,63185082227,8,0,1,15872,8,7703050154
2601,63185304391,59128,63185363519,0,0,1,5120,0,5512151794
2602,63185405952,6225,63185412177,2,0,0,15360,2,3480319381
2603,63185411139,59128,63185470267,7,0,1,5120,7,5675430475
2604,63185458155,103996,63185562151,2,0,1,41472,2,8470038716
2605,63185532823,44488,63185577311,5,0,1,18432,5,1065375575
2606,63185538904,3641,63185542545,7,0,0,73216,7,9803759660
2607,63185559190,89296,63185648486,7,0,1,4608,7,10701048523
2608,63185606805,64344,63185671149,6,0,0,10240,6,6229995209
2609,63185668081,562,63185668643,8,0,0,512,8,1954994014
2610,63185668795,46467,63185715262,1,0,0,80384,1,4655860974
2611,63185685619,25442,63185711061,0,0,1,26112,0,5369517251
2612,63185746815,99353,63185846168,5,0,0,46080,5,1984847551
2613,63185785748,113393,63185899141,0,0,1,9216,0,4865003201
2614,63185802515,223899,63186026414,6,0,1,27136,6,10373192912
2615,63185920472,79144,63185999616,8,0,1,12800,8,1621602755
2616,63185937065,76677,63186013742,0,0,1,22016,0,2381444345
2617,63185996188,133599,63186129787,7,0,1,15360,7,5886289577
2618,63186004145,207398,63186211543,1,0,1,58880,1,5124183383
2619,63186043049,238902,63186281951,6,0,1,8704,6,10147840447
2620,63186138704,20681,63186159385,7,0,0,27648,7,9529319697
2621,63186192700,16609,63186209309,9,0,0,32256,9,4227400470
2622,63186352385,43900,63186396285,3,0,1,512,3,1433564374
2623,63186470893,95283,63186566176,6,0,0,158720,6,1411162526
2624,63186514217,135613,63186649830,5,0,1,27648,5,9670182232
2625,63186533947,214767,63186748714,2,0,0,220672,2,6411429210
2626,63186629673,100258,63186729931,6,0,1,3072,6,10481178041
2627,63186686027,94596,63186780623,5,0,0,154112,5,3802351726
2628,63186686483,94806,63186781289,3,0,0,11264,3,8186303492
2629,63186794856,52287,63186847143,6,0,1,2560,6,5176526332
2630,63186822476,34275,63186856751,4,0,0,84992,4,8573596117
2631,63186854296,562,63186854858,2,0,1,8704,2,2915058192
2632,63186859058,84818,63186943876,7,0,0,59904,7,8910801586
2633,63186930638,246310,63187176948,4,0,0,512,4,873664883
2634,63187026370,16092,63187042462,3,0,0,31232,3,6788767072
2635,63187060259,11529,63187071788,9,0,0,18944,9,10554405878
2636,63187115252,1038,63187116290,8,0,0,1024,8,6442799997
2637,63187185235,187183,63187372418,2,0,0,307712,2,648651976
2638,63187235137,147804,63187382941,1,0,1,10752,1,988836072
2639,63187246611,231822,63187478433,2,0,1,29696,2,8030241647
2640,63187258866,144358,63187403224,6,0,1,25600,6,7896149470
2641,63187303641,248887,63187552528,7,0,1,6656,7,7420667831
2642,63187352891,76711,63187429602,4,0,0,237568,4,991021963
2643,63187395064,192799,63187587863,7,0,1,6144,7,1500102219
2644,63187412995,389116,63187802111,5,0,1,10752,5,3950949549
2645,63187431053,187601,63187618654,9,0,0,20480,9,6333524012
2646,63187446141,260008,63187706149,6,0,1,6144,6,8954745187
2647,63187555972,158401,63187714373,9,0,1,14336,9,5189770689
2648,63187850632,79432,63187930064,2,0,1,11264,2,2748888863
2649,63187876378,97609,63187973987,0,0,0,163328,0,5310901497
2650,63187966398,32554,63187998952,3,0,0,53248,3,7739320325
2651,63187990898,70690,63188061588,1,0,1,13824,1,4748375790
2652,63188096529,59128,63188155657,5,0,1,8192,5,5115913869
2653,63188149373,235249,63188384622,9,0,1,5120,9,6326399553
2654,63188226830,45175,63188272005,6,0,0,77824,6,10043093781
2655,63188243795,53749,63188297544,9,0,1,8704,9,5425826969
2656,63188275325,41585,63188316910,6,0,0,91136,6,5227247007
2657,63188284215,47284,63188331499,4,0,1,13312,4,6777834568
2658,63188298523,113183,63188411706,6,0,0,36352,6,8574187611
2659,63188332799,232774,63188565573,8,0,1,1536,8,8343123756
2660,63188411483,185116,63188596599,3,0,0,303616,3,5729036770
2661,63188512470,73023,63188585493,7,0,1,34304,7,8656379545
2662,63188554426,192367,63188746793,0,0,0,98304,0,8189594129
2663,63188675666,85416,63188761082,9,0,1,28160,9,5212839703
2664,63188701650,32810,63188734460,4,0,1,5120,4,7972090447
2665,63188709689,139902,63188849591,0,0,0,142848,0,4731084474
2666,63188728223,12562,63188740785,3,0,1,33792,3,9779153940
2667,63188777950,218000,63188995950,2,0,0,50176,2,9246693885
2668,63188843667,176387,63189020054,9,0,1,36864,9,9238103655
2669,63188851085,352979,63189204064,7,0,0,20992,7,6230715968
2670,63188906283,165641,63189071924,9,0,0,272384,9,3524450458
2671,63188922740,188448,63189111188,2,0,1,7168,2,7980911661
2672,63188953826,47284,63189001110,6,0,1,7168,6,3515268277
2673,63189053294,244722,63189298016,0,0,1,6656,0,10562030797
2674,63189100964,176160,63189277124,1,0,1,1024,1,5779059378
2675,63189124195,132937,63189257132,4,0,1,1536,4,1672482316
2676,63189262547,11787,63189274334,9,0,0,19456,9,7989678948
2677,63189351784,85912,63189437696,0,0,1,17408,0,6735840548
2678,63189427618,16350,63189443968,4,0,0,31744,4,1661158756
2679,63189476609,51292,63189527901,5,0,1,4608,5,9670619448
2680,63189487101,88384,63189575485,1,0,1,20480,1,6263490287
2681,63189561392,14104,63189575496,4,0,0,20992,4,8956548582
2682,63189687739,10753,63189698492,1,0,0,17408,1,4950086080
2683,63189709237,97912,63189807149,0,0,1,21504,0,2548928159
2684,63189839619,34104,63189873723,9,0,0,56320,9,8222552977
2685,63189947173,89788,63190036961,0,0,1,25088,0,8480869634
2686,63190031709,96739,63190128448,1,0,0,147968,1,6269362253
2687,63190067412,59953,63190127365,0,0,1,45056,0,4832334447
2688,63190074908,169234,63190244142,2,0,0,30720,2,7993862545
2689,63190169609,83866,63190253475,5,0,1,3072,5,441107417
2690,63190174241,122211,63190296452,3,0,0,139776,3,10081042948
2691,63190179667,163289,63190342956,4,0,1,19456,4,6463330895
2692,63190208293,31003,63190239296,9,0,1,33280,9,7644610589
2693,63190306662,173745,63190480407,0,0,1,11776,0,2320219726
2694,63190312183,81056,63190393239,9,0,1,32768,9,5665737522
2695,63190318986,216455,63190535441,5,0,0,50176,5,9765536063
2696,63190432530,225575,63190658105,8,0,1,11776,8,3268520117
2697,63190687445,22946,63190710391,1,0,1,11776,1,4135942937
2698,63190687901,62512,63190750413,7,0,1,6144,7,310588010
2699,63190705004,50668,63190755672,9,0,1,2560,9,1324364210
2700,63190724045,73444,63190797489,6,0,0,37888,6,765894362
2701,63190744545,16355,63190760900,1,0,0,26624,1,2954151219
2702,63190775390,13337,63190788727,0,0,1,45568,0,480138275
2703,63190823908,105244,63190929152,9,0,0,22528,9,8425432036
2704,63190875277,6404,63190881681,8,0,0,1024,8,586027976
2705,63190876588,166181,63191042769,1,0,1,31232,1,4417524144
2706,63190975887,96594,63191072481,4,0,1,12800,4,9350850778
2707,63191145719,1990,63191147709,8,0,0,2048,8,2352164533
2708,63191193626,355520,63191549146,5,0,0,575488,5,6417748794
2709,63191263764,288288,63191552052,8,0,0,4608,8,2036754441
2710,63191336483,216832,63191553315,1,0,1,4096,1,9626769253
2711,63191339083,214595,63191553678,8,0,0,2560,8,7907780400
2712,63191433991,122273,63191556264,8,0,0,4096,8,8763457046
2713,63191616830,22858,63191639688,5,0,0,40960,5,6887322528
2714,63191619128,26564,63191645692,3,0,0,28672,3,1784547347
2715,63191623151,120111,63191743262,3,0,0,174592,3,6694439475
2716,63191675994,191672,63191867666,1,0,1,1024,1,6071338128
2717,63191700643,106183,63191806826,6,0,1,115200,6,8729248260
2718,63191702123,248232,63191950355,0,0,1,12800,0,10719013316
2719,63191752730,168360,63191921090,3,0,1,18944,3,4418342943
2720,63191783140,318554,63192101694,8,0,1,15872,8,7594239845
2721,63191792838,263878,63192056716,1,0,0,176640,1,1983011110
2722,63191904635,469277,63192373912,1,0,0,427008,1,9375493375
2723,63191961502,254755,63192216257,0,0,1,18944,0,6175153274
2724,63191976942,131556,63192108498,9,0,0,204288,9,6337030077
2725,63191980342,98903,63192079245,0,0,1,1536,0,2956596931
2726,63192126062,65580,63192191642,7,0,0,82944,7,8229557238
2727,63192138912,369038,63192507950,9,0,1,9216,9,9806153988
2728,63192159196,202534,63192361730,1,0,1,3584,1,4855237551
2729,63192164309,254041,63192418350,7,0,0,26624,7,4950560688
2730,63192207276,449775,63192657051,4,0,1,6656,4,2536462731
2731,63192368986,184703,63192553689,4,0,1,59392,4,8368206603
2732,63192429502,136300,63192565802,1,0,0,225280,1,2444810922
2733,63192459979,30580,63192490559,0,0,1,4096,0,6670771848
2734,63192547767,143651,63192691418,2,0,0,44544,2,9540246121
2735,63192583565,13854,63192597419,0,0,1,2560,0,2588988239
2736,63192598737,76842,63192675579,3,0,0,23552,3,6409820042
2737,63192610484,142979,63192753463,4,0,1,15360,4,680443881
2738,63192612370,153953,63192766323,6,0,0,129536,6,4519826717
2739,63192612521,297121,63192909642,3,0,0,186368,3,354034017
2740,63192690880,93562,63192784442,1,0,1,30208,1,9633617407
2741,63192792055,281837,63193073892,6,0,1,7168,6,10174845402
2742,63192844594,249647,63193094241,3,0,0,152064,3,3299789632
2743,63192932307,177575,63193109882,4,0,0,292352,4,2384183198
2744,63192936822,229152,63193165974,9,0,1,7168,9,1184961710
2745,63193057278,98810,63193156088,7,0,1,19968,7,6279904171
2746,63193086987,33241,63193120228,3,0,1,5632,3,5515198143
2747,63193164141,23979,63193188120,6,0,1,1024,6,3383085823
2748,63193176202,4185,63193180387,2,0,0,57856,2,1039348556
2749,63193193284,123714,63193316998,7,0,1,6144,7,2762957934
2750,63193249971,76360,63193326331,1,0,1,11264,1,3366733835
2751,63193254851,73966,63193328817,1,0,0,39936,1,3687261445
2752,63193275951,331913,63193607864,8,0,0,2048,8,5066669249
2753,63193277703,95800,63193373503,4,0,1,2560,4,3206218334
2754,63193318222,289840,63193608062,2,0,1,1024,2,10600296541
2755,63193322419,186724,63193509143,3,0,0,159744,3,4918088210
2756,63193322754,195456,63193518210,9,0,1,15872,9,3408131411
2757,63193383218,195587,63193578805,9,0,1,20992,9,450825191
2758,63193425942,200275,63193626217,4,0,0,317440,4,4042209707
2759,63193427975,319233,63193747208,2,0,0,32256,2,1812972496
2760,63193495851,274832,63193770683,2,0,1,46592,2,4728638568
2761,63193584112,182555,63193766667,7,0,0,497152,7,10470224477
2762,63193623849,172143,63193795992,5,0,1,2048,5,8399306583
2763,63193672040,306704,63193978744,9,0,1,66560,9,8725706641
2764,63193682952,103635,63193786587,3,0,1,30720,3,4143690464
2765,63193774652,90000,63193864652,4,0,1,30208,4,5973810891
2766,63193790087,145754,63193935841,1,0,0,4608,1,2901978196
2767,63193805988,116301,63193922289,1,0,0,3584,1,8845627645
2768,63193807704,478979,63194286683,4,0,1,11776,4,3705099896
2769,63193887662,52287,63193939949,5,0,1,6144,5,1581256688
2770,63194114405,283691,63194398096,2,0,0,84992,2,3487718504
2771,63194204979,94508,63194299487,6,0,0,157184,6,9766237789
2772,63194278856,178609,63194457465,8,0,1,5632,8,294902912
2773,63194279363,180611,63194459974,9,0,0,294400,9,8366838000
2774,63194294040,34791,63194328831,3,0,0,55296,3,6080118694
2775,63194459523,250061,63194709584,5,0,0,60928,5,6571776911
2776,63194475067,128993,63194604060,5,0,0,208384,5,2094887685
2777,63194495003,132080,63194627083,1,0,1,13312,1,3338334458
2778,63194640744,83988,63194724732,5,0,1,5120,5,4998068179
2779,63194664895,129199,63194794094,8,0,1,1536,8,5045500671
2780,63194741401,43900,63194785301,2,0,1,4608,2,5717611432
2781,63194778450,99183,63194877633,5,0,1,512,5,5944760348
2782,63194855522,43900,63194899422,2,0,1,512,2,3069782473
2783,63194936495,51253,63194987748,0,0,0,82944,0,8522499715
2784,63195025635,23204,63195048839,0,0,0,38400,0,1204943800
2785,63195083196,83608,63195166804,2,0,0,139264,2,9780012906
2786,63195123407,65310,63195188717,0,0,1,71168,0,9535453000
2787,63195128235,126692,63195254927,0,0,0,87040,0,5133710896
2788,63195156381,562,63195156943,6,0,1,7168,6,8421981259
2789,63195175901,184995,63195360896,7,0,0,209920,7,5581639860
2790,63195247528,286632,63195534160,5,0,1,1536,5,7380247585
2791,63195326046,60334,63195386380,8,0,0,512,8,3918130446
2792,63195330814,115875,63195446689,5,0,1,2560,5,8184152327
2793,63195337474,225973,63195563447,4,0,1,19456,4,4803256172
2794,63195349716,1038,63195350754,6,0,0,83968,6,5849447072
2795,63195448125,257323,63195705448,8,0,1,4096,8,7348266608
2796,63195512188,150895,63195663083,1,0,0,1024,1,3287720329
2797,63195588148,21654,63195609802,3,0,0,35328,3,10299887799
2798,63195619706,85288,63195704994,3,0,1,15360,3,4165135141
2799,63195686743,210727,63195897470,8,0,1,12288,8,7572625958
2800,63195878493,33758,63195912251,3,0,0,58880,3,3427318484
2801,63195926725,171325,63196098050,7,0,1,12288,7,2656302795
2802,63196150387,23979,63196174366,7,0,0,39936,7,7456859685
2803,63196177841,106263,63196284104,3,0,1,37376,3,4297804392
2804,63196282774,5692,63196288466,1,0,0,4608,1,9440666226
2805,63196285453,81844,63196367297,4,0,1,13824,4,5557122842
2806,63196365900,14468,63196380368,4,0,0,22016,4,2692031884
2807,63196415833,36859,63196452692,9,0,1,13312,9,9188496555
2808,63196485813,52409,63196538222,5,0,0,65024,5,2176603855
2809,63196486021,34016,63196520037,3,0,0,50688,3,8070180490
2810,63196539398,2466,63196541864,4,0,0,59392,4,4428874949
2811,63196598878,246184,63196845062,6,0,1,21504,6,7926580338
2812,63196611786,80669,63196692455,1,0,1,11264,1,5347703511
2813,63196613308,5322,63196618630,1,0,0,2560,1,1199130149
2814,63196696232,200963,63196897195,5,0,0,5632,5,7807987510
2815,63196740196,95448,63196835644,4,0,1,5632,4,1252996741
2816,63196806897,65920,63196872817,8,0,1,12288,8,2877950708
2817,63196811334,144704,63196956038,4,0,0,235008,4,8063124064
2818,63196875352,86280,63196961632,4,0,0,26624,4,5764945411
2819,63196884458,87297,63196971755,2,0,1,22528,2,745045521
2820,63196886564,47394,63196933958,7,0,1,5632,7,9392089821
2821,63196895021,171162,63197066183,5,0,0,66048,5,8822244692
2822,63196925793,26846,63196952639,3,0,1,8192,3,9639462251
2823,63196937510,147305,63197084815,8,0,0,4096,8,3250925241
2824,63197028785,206715,63197235500,3,0,0,39424,3,7112022302
2825,63197121369,1514,63197122883,8,0,0,1536,8,8684647140
2826,63197169105,159006,63197328111,5,0,1,29696,5,9019895774
2827,63197172294,176891,63197349185,8,0,1,15360,8,257832391
2828,63197365560,5798,63197371358,8,0,1,13824,8,8671310225
2829,63197393381,70996,63197464377,8,0,0,6144,8,4875864411
2830,63197420484,55644,63197476128,4,0,1,3584,4,10500781693
2831,63197423448,97444,63197520892,2,0,1,65536,2,10023384873
2832,63197430897,124872,63197555769,4,0,1,19968,4,1084854461
2833,63197482892,74863,63197557755,9,0,0,122368,9,10018073769
2834,63197520087,113152,63197633239,2,0,1,12800,2,193301053
2835,63197715136,55744,63197770880,8,0,1,4096,8,4334676006
2836,63197921077,64204,63197985281,5,0,1,11776,5,3197780962
2837,63197936094,82820,63198018914,5,0,1,6656,5,10065312968
2838,63197968995,86708,63198055703,6,0,0,145408,6,1925129870
2839,63197969356,71245,63198040601,6,0,1,20480,6,5916786206
2840,63198042898,52412,63198095310,1,0,1,9728,1,6618823268
2841,63198057015,191064,63198248079,7,0,1,3584,7,4606954781
2842,63198059802,30745,63198090547,0,0,0,115200,0,1060187014
2843,63198084639,194278,63198278917,2,0,0,20480,2,8070482080
2844,63198122300,181264,63198303564,1,0,1,44544,1,3529235422
2845,63198202023,187809,63198389832,4,0,0,49664,4,2854897770
2846,63198219188,131120,63198350308,5,0,1,29696,5,3364829603
2847,63198272672,44664,63198317336,8,0,1,1024,8,6063108749
2848,63198305655,104046,63198409701,9,0,0,58880,9,7920791014
2849,63198395657,86902,63198482559,8,0,1,19968,8,4069052579
2850,63198398797,119974,63198518771,0,0,1,10752,0,8997478410
2851,63198417413,81148,63198498561,3,0,1,14336,3,7364860361
2852,63198478551,185750,63198664301,0,0,1,16896,0,335843541
2853,63198615505,136041,63198751546,4,0,0,224768,4,3339321991
2854,63198724152,170382,63198894534,3,0,1,16896,3,2940973816
2855,63198739260,18237,63198757497,6,0,1,60928,6,4188851993
2856,63198891959,196650,63199088609,4,0,0,512,4,8737972850
2857,63198923307,43900,63198967207,0,0,1,512,0,7523579504
2858,63199021962,13766,63199035728,0,0,0,26624,0,9189485791
2859,63199024696,12018,63199036714,1,0,0,1536,1,4866686039
2860,63199030575,6485,63199037060,1,0,0,512,1,7216575458
2861,63199037065,63190,63199100255,2,0,0,102912,2,8379709808
2862,63199052116,22429,63199074545,4,0,1,35328,4,10306974476
2863,63199095171,144357,63199239528,0,0,0,36864,0,7814427443
2864,63199140809,15444,63199156253,0,0,1,48128,0,9451006917
2865,63199270769,263345,63199534114,8,0,0,1024,8,4511551504
2866,63199284634,82523,63199367157,7,0,1,6144,7,4812838208
2867,63199395220,102912,63199498132,9,0,0,166912,9,5085017657
2868,63199397835,104163,63199501998,3,0,0,6144,3,3260372581
2869,63199513830,6274,63199520104,6,0,0,6656,6,490731757
2870,63199587239,69685,63199656924,8,0,1,53248,8,1846179319
2871,63199634572,137788,63199772360,6,0,1,5120,6,891611757
2872,63199741417,104462,63199845879,9,0,0,169984,9,551788114
2873,63199789502,57363,63199846865,8,0,0,1536,8,1522626291
2874,63199869723,101982,63199971705,3,0,1,10240,3,4355334708
2875,63200021024,1514,63200022538,0,0,0,1536,0,4567189648
2876,63200121908,2942,63200124850,9,0,1,9216,9,4096064830
2877,63200160372,72664,63200233036,3,0,0,3072,3,3091721724
2878,63200182236,105925,63200288161,2,0,0,176128,2,3353924716
2879,63200183661,105486,63200289147,1,0,0,1536,1,9369854926
2880,63200185434,253028,63200438462,6,0,1,39936,6,5195909221
2881,63200244152,202870,63200447022,0,0,0,328192,0,2348412573
2882,63200262891,190647,63200453538,4,0,0,31232,4,4787635205
2883,63200357833,137947,63200495780,4,0,0,144896,4,4992452982
2884,63200424153,229362,63200653515,3,0,1,5632,3,2100216557
2885,63200510894,167983,63200678877,7,0,1,2048,7,5667013598
2886,63200567446,234795,63200802241,7,0,0,380416,7,4367893338
2887,63200596257,222663,63200818920,5,0,0,55296,5,5870840897
2888,63200600733,249958,63200850691,7,0,0,111104,7,2217729559
2889,63200610697,266837,63200877534,5,0,0,95744,5,7987916599
2890,63200645819,252503,63200898322,9,0,0,74752,9,10486621865
2891,63200760672,194267,63200954939,4,0,0,180736,4,686400324
2892,63200781386,98262,63200879648,9,0,1,14848,9,10276575751
2893,63200938123,355325,63201293448,9,0,1,37376,9,7680603330
2894,63201009251,73312,63201082563,6,0,1,52224,6,1402589063
2895,63201014704,40574,63201055278,7,0,1,2560,7,4073216638
2896,63201084224,342264,63201426488,2,0,0,119296,2,6622488878
2897,63201122556,144495,63201267051,5,0,0,18432,5,4178983113
2898,63201149323,320926,63201470249,6,0,1,7680,6,7778725986
2899,63201284301,2942,63201287243,8,0,1,14336,8,2504961269
2900,63201341808,75063,63201416871,6,0,1,10752,6,1599748378
2901,63201364246,136949,63201501195,1,0,0,3072,1,2178968135
2902,63201382521,5122,63201387643,4,0,1,2048,4,4904091951
2903,63201387559,51613,63201439172,1,0,1,11776,1,4504731190
2904,63201419538,68836,63201488374,1,0,0,3584,1,7703434697
2905,63201469992,24408,63201494400,9,0,0,44032,9,8512849242
2906,63201478717,28114,63201506831,2,0,0,41984,2,2133183295
2907,63201505238,69380,63201574618,8,0,1,3072,8,4021449513
2908,63201572816,33993,63201606809,4,0,1,33280,4,2378245457
2909,63201573655,3124,63201576779,0,0,0,54272,0,2814092515
2910,63201595883,182796,63201778679,0,0,1,40960,0,3924229993
2911,63201654446,126428,63201780874,8,0,1,7168,8,3460761722
2912,63201730217,218209,63201948426,1,0,0,9216,1,4269917549
2913,63201750992,97522,63201848514,2,0,1,10752,2,2483285857
2914,63201789015,62864,63201851879,3,0,0,98304,3,2654625643
2915,63202175012,50980,63202225992,9,0,1,3584,9,8704863863
2916,63202194670,4158,63202198828,3,0,1,28672,3,4347391613
2917,63202226113,100096,63202326209,3,0,1,16384,3,10314641265
2918,63202229901,67942,63202297843,8,0,0,11264,8,589211085
2919,63202231382,70220,63202301602,9,0,0,111616,9,8068147820
2920,63202239626,119011,63202358637,3,0,0,33792,3,1976992204
2921,63202292544,72884,63202365428,5,0,1,20992,5,8565288218
2922,63202299631,37196,63202336827,5,0,1,8192,5,5417686586
2923,63202344003,133023,63202477026,2,0,0,63488,2,5629585032
2924,63202388845,79250,63202468095,6,0,1,2048,6,8469477729
2925,63202409195,112779,63202521974,0,0,0,182784,0,1393991922
2926,63202455974,88120,63202544094,3,0,0,73216,3,10463107417
2927,63202522083,54266,63202576349,6,0,1,1024,6,8657462170
2928,63202548525,44777,63202593302,2,0,0,92160,2,929506666
2929,63202563915,46208,63202610123,2,0,0,28160,2,8309280108
2930,63202584422,152224,63202736646,6,0,1,32256,6,6392919312
2931,63202608500,16092,63202624592,4,0,0,79872,4,5248916144
2932,63202611007,13249,63202624256,1,0,1,25088,1,5458343810
2933,63202641918,179178,63202821096,4,0,1,13312,4,6799774822
2934,63202717024,55300,63202772324,3,0,0,31232,3,3446086153
2935,63202735360,298408,63203033768,5,0,0,25600,5,10503069632
2936,63202816192,260113,63203076305,5,0,0,94208,5,8909825269
2937,63202825761,183638,63203009399,5,0,0,266752,5,1757964294
2938,63202842956,176537,63203019493,4,0,1,22528,4,1939968397
2939,63202866484,185061,63203051545,0,0,1,11776,0,6771092327
2940,63202971985,97912,63203069897,8,0,1,21504,8,1650879519
2941,63203069171,13854,63203083025,1,0,1,82432,1,8547864972
2942,63203100426,202442,63203302868,1,0,1,15872,1,5831017052
2943,63203168442,278390,63203446832,5,0,0,23552,5,159357065
2944,63203260589,65693,63203326282,5,0,1,9216,5,1805338443
2945,63203281887,40680,63203322567,7,0,0,86016,7,6704461347
2946,63203306911,110055,63203416966,1,0,0,2048,1,3726810528
2947,63203333909,84641,63203418550,0,0,1,13824,0,8125103305
2948,63203364640,51991,63203416631,2,0,0,141312,2,5443830899
2949,63203398468,52364,63203450832,7,0,0,13824,7,741715934
2950,63203401321,138972,63203540293,1,0,0,5120,1,5444042372
2951,63203449344,157477,63203606821,1,0,1,16384,1,6406737122
2952,63203561392,77667,63203639059,9,0,1,5120,9,10314243561
2953,63203647671,74380,63203722051,7,0,1,14848,7,5536202707
2954,63203681099,54354,63203735453,5,0,0,89088,5,3053373499
2955,63203689818,31656,63203721474,5,0,1,48128,5,9604924318
2956,63203709186,31520,63203740706,4,0,0,25600,4,10288761075
2957,63203725949,25570,63203751519,7,0,0,51200,7,4380334718
2958,63203742421,108339,63203850760,2,0,0,33792,2,5768771324
2959,63203787004,270898,63204057902,1,0,1,33280,1,5150267793
2960,63203827297,35567,63203862864,5,0,1,6144,5,4767117282
2961,63203895658,163556,63204059214,9,0,1,10752,9,2282228146
2962,63203945519,328226,63204273745,0,0,0,62464,0,7590612303
2963,63204029083,159195,63204188278,4,0,1,3072,4,7452373027
2964,63204137767,135266,63204273033,3,0,0,223232,3,8235437370
2965,63204263932,146939,63204410871,0,0,1,47104,0,6134062922
2966,63204461478,63604,63204525082,4,0,1,9728,4,9947725141
2967,63204492367,60820,63204553187,7,0,1,5632,7,4637012683
2968,63204510383,107843,63204618226,1,0,1,40960,1,6687872863
2969,63204633873,23721,63204657594,2,0,0,39424,2,5316843912
2970,63204637069,81980,63204719049,2,0,1,15872,2,8305616364
2971,63204667701,55380,63204723081,6,0,1,3072,6,1316585219
2972,63204815048,107428,63204922476,1,0,1,52736,1,5617712913
2973,63204858984,76540,63204935524,3,0,1,16896,3,8193091273
2974,63204899671,105837,63205005508,7,0,1,22528,7,10094314405
2975,63204966016,63292,63205029308,4,0,1,8704,4,3995948082
2976,63205020602,99472,63205120074,7,0,1,26624,7,9689445327
2977,63205058713,112319,63205171032,8,0,1,11264,8,6339035495
2978,63205114669,105805,63205220474,3,0,1,29696,3,1789663632
2979,63205212315,81595,63205293910,3,0,1,11776,3,1577936155
2980,63205453145,5798,63205458943,6,0,0,6144,6,3448254864
2981,63205466866,43900,63205510766,7,0,1,512,7,1542260050
2982,63205499244,33758,63205533002,9,0,0,58880,9,10026505027
2983,63205515175,21053,63205536228,8,0,0,5120,8,10115110985
2984,63205602863,6274,63205609137,3,0,0,6656,3,10356405248
2985,63205641627,61637,63205703264,6,0,0,99840,6,164734055
2986,63205661272,106442,63205767714,3,0,1,1536,3,9616213224
2987,63205695765,207580,63205903345,4,0,0,177152,4,10001161291
2988,63205786659,112003,63205898662,6,0,1,17920,6,552311254
2989,63205794558,161274,63205955832,5,0,0,181248,5,10719957827
2990,63205827762,165872,63205993634,9,0,1,19968,9,7731133172
2991,63205849399,150330,63205999729,7,0,1,19968,7,1765457276
2992,63206030605,13249,63206043854,6,0,0,25600,6,8551249361
2993,63206192819,67588,63206260407,2,0,1,7680,2,1993736961
2994,63206334293,47284,63206381577,6,0,1,1536,6,7572398047
2995,63206343830,174821,63206518651,7,0,0,283648,7,10671601276
2996,63206389680,54727,63206444407,9,0,1,6144,9,10114461835
2997,63206434763,200584,63206635347,0,0,1,12800,0,9914423504
2998,63206448246,160601,63206608847,3,0,1,10752,3,2876836329
2999,63206464590,52360,63206516950,1,0,0,1024,1,2699821618
3000,63206518839,199060,63206717899,0,0,1,41472,0,851338124
3001,63206583552,104228,63206687780,8,0,1,3072,8,7912807776
3002,63206687251,285287,63206972538,2,0,1,18432,2,643361198
3003,63206692909,238067,63206930976,0,0,0,390144,0,4656938633
3004,63206780385,68405,63206848790,6,0,1,2048,6,9345952697
3005,63206797509,158140,63206955649,3,0,1,5632,3,7432240939
3006,63206822226,8254,63206830480,7,0,1,3584,7,2286278039
3007,63206837418,174126,63207011544,6,0,1,12800,6,5012422051
3008,63206844950,1990,63206846940,7,0,1,6656,7,2063673872
3009,63206869189,180638,63207049827,2,0,0,31744,2,9742714101
3010,63206906999,205145,63207112144,0,0,1,13312,0,7419920456
3011,63206929819,144840,63207074659,1,0,1,9216,1,7042744712
3012,63206931286,234162,63207165448,5,0,0,3072,5,173051560
3013,63207020406,186277,63207206683,8,0,0,2048,8,3914821665
3014,63207065653,85675,63207151328,0,0,0,143360,0,7384510375
3015,63207121641,11529,63207133170,5,0,1,1536,5,3903805212
3016,63207151515,47284,63207198799,3,0,0,18944,3,1769689398
3017,63207155487,45749,63207201236,8,0,1,512,8,4603729171
3018,63207174698,76195,63207250893,8,0,1,16384,8,6807284415
3019,63207178994,141072,63207320066,0,0,1,10240,0,6864149789
3020,63207374544,16609,63207391153,5,0,0,32256,5,4468666717
3021,63207434450,43196,63207477646,6,0,0,70656,6,8664601291
3022,63207446698,32433,63207479131,3,0,0,15360,3,3177687405
3023,63207521079,153795,63207674874,2,0,0,249344,2,3140445113
3024,63207748740,45950,63207794690,5,0,0,79360,5,1095884597
3025,63207886321,6274,63207892595,1,0,0,6656,1,10066455045
3026,63207939779,50668,63207990447,0,0,1,2560,0,4134932116
3027,63207989073,45592,63208034665,2,0,1,1024,2,6529406302
3028,63207994877,14113,63208008990,7,0,1,59904,7,597047722
3029,63208067140,109612,63208176752,0,0,0,24064,0,5048189485
3030,63208117012,1038,63208118050,8,0,1,13824,8,1959950356
3031,63208227026,163570,63208390596,1,0,0,1024,1,8534964459
3032,63208300853,13079,63208313932,7,0,0,22016,7,10502494954
3033,63208362986,52360,63208415346,8,0,1,3072,8,916972102
3034,63208368218,98224,63208466442,7,0,1,22528,7,3393730042
3035,63208379506,122372,63208501878,4,0,1,12800,4,391823361
3036,63208393636,113983,63208507619,0,0,0,188416,0,1451752156
3037,63208398019,98905,63208496924,6,0,1,19456,6,4341889117
3038,63208414001,79947,63208493948,3,0,0,16896,3,5485883783
3039,63208433625,199834,63208633459,8,0,0,1024,8,475134741
3040,63208472529,154691,63208627220,7,0,1,17920,7,9070937290
3041,63208479498,255562,63208735060,7,0,0,414208,7,772305781
3042,63208610404,250076,63208860480,6,0,1,4096,6,6848840425
3043,63208620367,338743,63208959110,1,0,1,17920,1,9593492051
3044,63208822045,147975,63208970020,5,0,1,1536,5,9638779798
3045,63208853626,144117,63208997743,4,0,0,244736,4,2501385438
3046,63208892726,127708,63209020434,8,0,1,5120,8,8049329469
3047,63208910862,145118,63209055980,7,0,1,5632,7,368529674
3048,63208915413,252467,63209167880,5,0,1,12288,5,9931051037
3049,63209054983,83437,63209138420,7,0,0,135680,7,6039963797
3050,63209139992,166996,63209306988,3,0,1,4608,3,3263359832
3051,63209292784,21654,63209314438,9,0,0,35328,9,3400965972
3052,63209313478,2266,63209315744,1,0,0,2048,1,2290593200
3053,63209349584,45592,63209395176,0,0,1,1024,0,6924890078
3054,63209429001,56056,63209485057,9,0,1,5120,9,7687747707
3055,63209465382,73312,63209538694,6,0,1,16384,6,2953156464
3056,63209467286,174733,63209642019,0,0,0,286720,0,3448856160
3057,63209516080,193232,63209709312,3,0,0,223744,3,4669600282
3058,63209593652,116966,63209710618,8,0,0,2048,8,8627103158
3059,63209628424,103290,63209731714,5,0,0,76288,5,5166005541
3060,63209700631,31429,63209732060,8,0,0,512,8,3728765129
3061,63209723845,55558,63209779403,1,0,1,36352,1,5509208528
3062,63209762238,49683,63209811921,9,0,0,94720,9,2887231061
3063,63209769419,1038,63209770457,3,0,0,2048,3,8592848058
3064,63209819366,23979,63209843345,8,0,0,1024,8,779658200
3065,63209876751,221571,63210098322,9,0,0,39936,9,8875702487
3066,63209935314,62898,63209998212,3,0,0,86016,3,3731206880
3067,63209968400,51727,63210020127,7,0,0,80384,7,7012335306
3068,63210061399,1038,63210062437,5,0,0,1024,5,5506234163
3069,63210196549,562,63210197111,9,0,1,13824,9,3998111191
3070,63210203690,105103,63210308793,8,0,1,20992,8,465690097
3071,63210250271,123884,63210374155,5,0,0,512,5,892940521
3072,63210286654,34016,63210320670,4,0,0,59392,4,6483396949
3073,63210295098,46341,63210341439,4,0,1,14336,4,408531807
3074,63210301064,5322,63210306386,9,0,1,5120,9,10167264726
3075,63210319676,50765,63210370441,8,0,1,1024,8,4264155163
3076,63210326462,147221,63210473683,4,0,1,14848,4,7622851701
3077,63210361002,146604,63210507606,9,0,1,2560,9,9387097410
3078,63210397910,128301,63210526211,1,0,0,5632,1,9418838039
3079,63210424212,113812,63210538024,9,0,0,184832,9,10596026746
3080,63210487461,57181,63210544642,4,0,0,23552,4,46009366
3081,63210497809,24408,63210522217,0,0,1,2048,0,5619176632
3082,63210533382,130729,63210664111,2,0,0,44032,2,5199625839
3083,63210630303,113463,63210743766,5,0,1,6656,5,1661474179
3084,63210663121,48976,63210712097,4,0,1,25088,4,1337838608
3085,63210729634,137291,63210866925,0,0,1,2048,0,2363512013
3086,63210783839,64650,63210848489,9,0,0,109056,9,756144286
3087,63210788380,60775,63210849155,8,0,0,1024,8,5372296010
3088,63210819430,32311,63210851741,8,0,0,4096,8,9897231439
3089,63210943841,4846,63210948687,0,0,1,9728,0,2503173161
3090,63211018941,118949,63211137890,0,0,0,5120,0,3425681227
3091,63211053404,55300,63211108704,7,0,1,67584,7,6014165480
3092,63211055118,116624,63211171742,0,0,0,94208,0,3782971244
3093,63211062480,166775,63211229255,2,0,1,2560,2,3265065353
3094,63211214059,99628,63211313687,4,0,1,27136,4,5144052169
3095,63211251492,168484,63211419976,3,0,0,278016,3,6042849252
3096,63211353092,205108,63211558200,5,0,1,8704,5,963219026
3097,63211409179,162626,63211571805,2,0,0,335872,2,9218462219
3098,63211453607,254053,63211707660,8,0,0,3072,8,468081992
3099,63211460680,220019,63211680699,3,0,0,315904,3,3466407438
3100,63211511086,403511,63211914597,3,0,0,61952,3,114377454
3101,63211609245,236693,63211845938,6,0,1,24576,6,1684883533
3102,63211642902,327124,63211970026,4,0,0,533504,4,7390367983
3103,63211687256,285676,63211972932,1,0,0,4608,1,7248054167
3104,63211750124,224114,63211974238,1,0,0,2048,1,3195605378
3105,63211765513,148806,63211914319,9,0,1,4096,9,7360006940
3106,63211850687,105502,63211956189,0,0,1,1536,0,4784835129
3107,63211851456,230678,63212082134,0,0,0,83456,0,348138760
3108,63211906511,330437,63212236948,0,0,0,39936,0,6494771615
3109,63211916479,180013,63212096492,3,0,1,19968,3,2849632246
3110,63211931214,205919,63212137133,0,0,1,7680,0,6851999637
3111,63211975179,71511,63212046690,8,0,1,17408,8,1092597194
3112,63211992246,6225,63211998471,6,0,1,46592,6,3204615972
3113,63212063415,231570,63212294985,5,0,1,5632,5,1145528308
3114,63212073763,263655,63212337418,3,0,1,32256,3,2277832548
3115,63212173879,214924,63212388803,7,0,0,15360,7,2554550648
3116,63212205529,123424,63212328953,7,0,1,43520,7,2803300219
3117,63212210639,160641,63212371280,0,0,1,6144,0,4655510918
3118,63212245387,137064,63212382451,8,0,1,52736,8,7784539040
3119,63212272727,217533,63212490260,5,0,1,12288,5,3485358158
3120,63212290348,141611,63212431959,0,0,1,2560,0,3284557232
3121,63212328864,124180,63212453044,4,0,1,8192,4,9331732080
3122,63212392881,165406,63212558287,2,0,0,223232,2,3977147856
3123,63212415748,164556,63212580304,4,0,0,80896,4,8940530080
3124,63212418364,163886,63212582250,8,0,0,3072,8,2649188445
3125,63212487208,96527,63212583735,2,0,0,15360,2,3876539457
3126,63212506797,93105,63212599902,0,0,0,60928,0,7294114737
3127,63212523223,223295,63212746518,5,0,1,4096,5,8603158694
3128,63212757934,135008,63212892942,9,0,0,222720,9,5189598097
3129,63212814030,70563,63212884593,0,0,1,5632,0,8702086048
3130,63212833600,68810,63212902410,9,0,1,44032,9,10346905887
3131,63212833925,21578,63212855503,3,0,0,38912,3,3257068115
3132,63212837624,2522,63212840146,1,0,0,3072,1,2474936137
3133,63212885522,195361,63213080883,5,0,0,1024,5,911906439
3134,63212904924,241593,63213146517,2,0,0,512,2,6349891270
3135,63212951356,112520,63213063876,5,0,1,7168,5,3103013887
3136,63212971341,105408,63213076749,2,0,0,182272,2,5470004665
3137,63212980885,117133,63213098018,5,0,1,6656,5,2495344324
3138,63212984969,10753,63212995722,3,0,0,23040,3,9071024979
3139,63213000497,190417,63213190914,0,0,0,97792,0,2562156418
3140,63213123544,258512,63213382056,2,0,0,17408,2,10499373259
3141,63213254553,115016,63213369569,9,0,1,9728,9,1679921893
3142,63213354115,76228,63213430343,8,0,1,15872,8,2389603980
3143,63213475330,69280,63213544610,4,0,1,8192,4,2417680518
3144,63213502343,42278,63213544621,3,0,0,67072,3,491838112
3145,63213638205,1038,63213639243,4,0,0,1024,4,3943228521
3146,63213672913,31520,63213704433,0,0,1,2560,0,2383565727
3147,63213679748,50668,63213730416,4,0,1,5120,4,8490031432
3148,63213685059,59128,63213744187,2,0,0,51200,2,5018939584
3149,63213697027,128047,63213825074,4,0,0,205312,4,10438667742
3150,63213753986,76785,63213830771,4,0,0,18944,4,334384144
3151,63213785335,46422,63213831757,5,0,0,1536,5,7196108477
3152,63213831913,75382,63213907295,1,0,1,512,1,7078853081
3153,63213894530,210056,63214104586,6,0,1,42496,6,2306398982
3154,63213989861,193262,63214183123,9,0,0,312832,9,4841861633
3155,63214064933,139900,63214204833,9,0,0,71168,9,7438605775
3156,63214072077,158780,63214230857,4,0,0,83456,4,1097142169
3157,63214103545,127978,63214231523,1,0,0,1024,1,3231450513
3158,63214126386,111283,63214237669,6,0,1,25088,6,8409384822
3159,63214131786,181223,63214313009,9,0,0,38912,9,8702407782
3160,63214223355,135081,63214358436,2,0,1,3072,2,5432658126
3161,63214576726,66052,63214642778,6,0,1,7680,6,7408738735
3162,63214670291,1514,63214671805,3,0,1,5632,3,1450633939
3163,63214697554,60820,63214758374,8,0,0,1536,8,3209873687
3164,63214770203,82396,63214852599,0,0,1,20992,0,10022677960
3165,63214805105,59908,63214865013,9,0,1,14848,9,9880221519
3166,63214805489,14800,63214820289,2,0,1,7680,2,4236675956
3167,63214862433,107362,63214969795,7,0,0,28672,7,10720462761
3168,63214909413,87517,63214996930,0,0,0,137728,0,5710068642
3169,63214973358,26798,63215000156,5,0,0,5120,5,6270324664
3170,63215003034,2466,63215005500,1,0,1,5120,1,6566206635
3171,63215121661,153894,63215275555,2,0,1,18944,2,1214016021
3172,63215138569,87916,63215226485,8,0,0,2560,8,2427157325
3173,63215274839,93045,63215367884,2,0,0,151040,2,8814759992
3174,63215344059,132770,63215476829,0,0,1,2048,0,6032370686
3175,63215373569,175297,63215548866,3,0,0,215040,3,3859777726
3176,63215535440,83906,63215619346,7,0,1,3072,7,7133923860
3177,63215582731,134626,63215717357,5,0,1,2560,5,10134508357
3178,63215596644,93991,63215690635,7,0,0,156160,7,8753701419
3179,63215608827,83434,63215692261,7,0,0,2560,7,6074709178
3180,63215644894,60820,63215705714,7,0,1,4096,7,1434528364
3181,63215753604,204595,63215958199,6,0,1,5632,6,9886613894
3182,63215790382,142120,63215932502,9,0,0,229888,9,9401048026
3183,63215915775,20593,63215936368,1,0,0,6144,1,1144069371
3184,63216278253,99472,63216377725,9,0,1,26624,9,7320841465
3185,63216422195,42937,63216465132,4,0,0,70144,4,306380552
3186,63216464358,55558,63216519916,0,0,0,94720,0,9612949169
3187,63216483875,180512,63216664387,1,0,1,28160,1,9926662579
3188,63216495614,185579,63216681193,5,0,1,1536,5,6314015426
3189,63216528052,146843,63216674895,4,0,0,648704,4,8119910233
3190,63216564528,302613,63216867141,4,0,1,12288,4,6530196265
3191,63216624168,164243,63216788411,8,0,0,1024,8,4259281098
3192,63216631814,398258,63217030072,3,0,0,58880,3,6738255168
3193,63216683657,302808,63216986465,5,0,1,1536,5,5052705597
3194,63216745812,310920,63217056732,4,0,1,4096,4,7992513235
3195,63216746284,184498,63216930782,5,0,1,5632,5,2711800192
3196,63216768861,68297,63216837158,6,0,0,34304,6,759178579
3197,63216887328,2466,63216889794,8,0,0,3584,8,6098402487
3198,63216970740,253197,63217223937,8,0,0,2560,8,9038800931
3199,63217019928,116582,63217136510,7,0,1,1024,7,500712202
3200,63217180831,46467,63217227298,4,0,0,80384,4,2986319806
3201,63217201908,66151,63217268059,2,0,0,101888,2,1079773103
3202,63217202579,247755,63217450334,1,0,1,180224,1,5754425855
3203,63217223500,274495,63217497995,2,0,1,32256,2,756764222
3204,63217317951,255434,63217573385,1,0,1,51712,1,4808812345
3205,63217426458,149434,63217575892,0,0,1,8192,0,8374419644
3206,63217490986,103318,63217594304,0,0,0,160768,0,6058803434
3207,63217513088,169916,63217683004,3,0,1,14336,3,4746270404
3208,63217515147,217531,63217732678,4,0,0,304640,4,3334136733
3209,63217576326,157338,63217733664,1,0,0,1536,1,2211044299
3210,63217590225,144105,63217734330,5,0,0,1024,5,10382050464
3211,63217742432,149288,63217891720,0,0,1,9728,0,1877214913
3212,63217813376,2942,63217816318,2,0,1,12288,2,1438557611
3213,63217885062,88879,63217973941,8,0,1,4096,8,4641195948
3214,63217918410,215627,63218134037,5,0,0,3072,5,6515154558
3215,63217957063,56153,63218013216,5,0,1,13312,5,2958472124
3216,63217972861,24584,63217997445,6,0,0,83968,6,3279740198
3217,63218004441,163157,63218167598,8,0,0,5120,8,2133627869
3218,63218077171,55300,63218132471,7,0,1,12800,7,2301433030
3219,63218180144,56707,63218236851,6,0,0,94208,6,5144508586
3220,63218185355,184705,63218370060,2,0,0,23552,2,2813943781
3221,63218189263,89272,63218278535,0,0,0,101376,0,4608020365
3222,63218203493,122569,63218326062,3,0,1,25600,3,4100834029
3223,63218400021,1514,63218401535,5,0,0,1536,5,9843702230
3224,63218423122,3894,63218427016,7,0,1,5632,7,6810302232
3225,63218492968,88504,63218581472,8,0,0,4096,8,9910843521
3226,63218593787,1038,63218594825,6,0,1,10240,6,1882617987
3227,63218605890,89134,63218695024,8,0,0,1024,8,8297656186
3228,63218731456,31262,63218762718,8,0,1,15872,8,8958179548
3229,63218741055,94660,63218835715,6,0,0,50688,6,1847612478
3230,63218839774,16092,63218855866,2,0,1,16384,2,7808684975
3231,63218860741,96142,63218956883,2,0,0,31232,2,5776487603
3232,63218865448,97562,63218963010,7,0,1,24576,7,568265452
3233,63218866156,107384,63218973540,5,0,1,2560,5,3676916854
3234,63218929666,96058,63219025724,6,0,0,160256,6,7213732523
3235,63218958009,82084,63219040093,4,0,0,402944,4,3009994711
3236,63219114919,266933,63219381852,1,0,1,19968,1,9197553387
3237,63219222455,126013,63219348468,3,0,1,5632,3,1593993788
3238,63219272667,54096,63219326763,8,0,1,11776,8,10134875627
3239,63219290254,127295,63219417549,8,0,1,27136,8,10020759777
3240,63219333478,97262,63219430740,8,0,1,11264,8,9462277959
3241,63219345615,190005,63219535620,0,0,0,88576,0,3673410626
3242,63219385721,111487,63219497208,3,0,0,180224,3,2606598812
3243,63219439739,95084,63219534823,4,0,1,12800,4,4138582081
3244,63219530557,6484,63219537041,5,0,0,15872,5,4033877106
3245,63219547618,86708,63219634326,4,0,1,15872,4,597113337
3246,63219605175,235290,63219840465,6,0,0,145408,6,3911461363
3247,63219684536,197567,63219882103,5,0,0,324608,5,5272651842
3248,63219783099,136420,63219919519,7,0,0,121856,7,5269201049
3249,63219813479,153722,63219967201,0,0,0,162816,0,310589396
3250,63219897190,175508,63220072698,2,0,1,15360,2,4491005326
3251,63219933466,219288,63220152754,0,0,0,288256,0,7039939652
3252,63219967245,34962,63220002207,3,0,0,248320,3,9067903574
3253,63219997287,327985,63220325272,3,0,1,15872,3,9670573818
3254,63220040964,312459,63220353423,7,0,1,30208,7,10168823769
3255,63220118592,227493,63220346085,2,0,1,22528,2,1749236435
3256,63220157472,433738,63220591210,0,0,0,19968,0,3224827539
3257,63220173591,216130,63220389721,1,0,1,122880,1,4229561649
3258,63220236073,354828,63220590901,5,0,1,3072,5,675718973
3259,63220288915,187450,63220476365,9,0,1,5632,9,10330209330
3260,63220381437,226297,63220607734,7,0,0,338944,7,5301336340
3261,63220473092,35839,63220508931,1,0,1,95744,1,377150089
3262,63220483967,281566,63220765533,1,0,1,122368,1,10422814603
3263,63220574481,353791,63220928272,1,0,0,4096,1,7523892812
3264,63220629525,200645,63220830170,4,0,1,10752,4,3987056512
3265,63220678237,151944,63220830181,9,0,0,244736,9,7966893268
3266,63220747772,66314,63220814086,6,0,1,11776,6,4495748508
3267,63220771547,127958,63220899505,2,0,0,47616,2,4942663986
3268,63220964098,55144,63221019242,7,0,1,15360,7,3187835228
3269,63220999828,177616,63221177444,4,0,1,7168,4,5014612183
3270,63221084867,93304,63221178171,0,0,0,151552,0,8952536123
3271,63221086527,91990,63221178517,8,0,0,512,8,9811492804
3272,63221139516,95511,63221235027,2,0,0,151552,2,6093943853
3273,63221140801,98732,63221239533,8,0,0,7168,8,7684807063
3274,63221152253,259616,63221411869,1,0,1,39936,1,1780857786
3275,63221175416,250621,63221426037,5,0,1,12288,5,5595416488
3276,63221194302,274831,63221469133,4,0,1,9216,4,534717254
3277,63221429893,153279,63221583172,9,0,0,248320,9,6733516130
3278,63221458385,176359,63221634744,6,0,1,11776,6,1482110858
3279,63221486038,133562,63221619600,6,0,1,27648,6,2232879094
3280,63221532811,204937,63221737748,7,0,1,1024,7,9124819682
3281,63221551087,38356,63221589443,5,0,1,7168,5,10124958211
3282,63221559885,3784,63221563669,4,0,0,332288,4,1113391456
3283,63221733084,296159,63222029243,6,0,0,31744,6,2271191265
3284,63221768322,14541,63221782863,1,0,0,1024,1,6251634249
3285,63221785743,281676,63222067419,7,0,0,28160,7,2321273301
3286,63221819285,174199,63221993484,9,0,1,21504,9,9557524592
3287,63221955947,54354,63222010301,2,0,0,89088,2,9134822346
3288,63221969230,78818,63222048048,2,0,0,109568,2,7144155451
3289,63222055599,1038,63222056637,0,0,1,7680,0,8727063074
3290,63222102759,60340,63222163099,4,0,1,5120,4,5954788009
3291,63222121275,160303,63222281578,1,0,0,1024,1,384701005
3292,63222133395,154483,63222287878,9,0,0,253952,9,2781495231
3293,63222148101,160668,63222308769,0,0,0,67072,0,3797852339
3294,63222186135,118156,63222304291,1,0,1,325632,1,4446298983
3295,63222194799,17640,63222212439,0,0,0,6656,0,8495509729
3296,63222199903,168741,63222368644,6,0,1,20480,6,6243499932
3297,63222231654,35050,63222266704,2,0,1,4096,2,188446433
3298,63222295981,84338,63222380319,6,0,0,11264,6,2249002534
3299,63222308264,456190,63222764454,5,0,1,40960,5,5278771829
3300,63222432440,158723,63222591163,7,0,0,61440,7,6193654931
3301,63222434105,411949,63222846054,2,0,0,114176,2,7549423349
3302,63222483613,52620,63222536233,7,0,0,173056,7,4948534124
3303,63222592030,10956,63222602986,1,0,0,1024,1,9509655145
3304,63222620003,6042,63222626045,4,0,1,1536,4,8625956161
3305,63222636862,406363,63223043225,8,0,0,4096,8,2909176417
3306,63222645322,195945,63222841267,8,0,0,5632,8,8243447098
3307,63222681163,347891,63223029054,0,0,0,567296,0,9125699382
3308,63222696475,379749,63223076224,5,0,0,160256,5,5051217708
3309,63222701501,385348,63223086849,0,0,0,34304,0,4857664627
3310,63222703059,101517,63222804576,8,0,1,4608,8,4070088752
3311,63222988238,97666,63223085904,1,0,0,4608,1,3137649969
3312,63222993395,396689,63223390084,8,0,0,2048,8,6545967530
3313,63223044430,222912,63223267342,8,0,1,17920,8,1506133767
3314,63223137484,149952,63223287436,7,0,1,37376,7,356276140
3315,63223141426,2466,63223143892,6,0,1,6656,6,4523072308
3316,63223203690,562,63223204252,5,0,1,8192,5,9181123733
3317,63223237294,333741,63223571035,1,0,1,570368,1,7091511693
3318,63223264919,4675,63223269594,2,0,1,3584,2,9848104385
3319,63223324184,341065,63223665249,2,0,1,9728,2,1531978561
3320,63223370611,239813,63223610424,1,0,0,2560,1,4954274278
3321,63223448271,303008,63223751279,4,0,1,41984,4,320730090
3322,63223458768,554898,63224013666,1,0,0,512,1,1494001493
3323,63223487138,213688,63223700826,2,0,0,12288,2,7208635465
3324,63223587103,365323,63223952426,6,0,1,28160,6,10182818226
3325,63223625766,72530,63223698296,2,0,0,133632,2,611840688
3326,63223694322,270266,63223964588,8,0,1,29184,8,5291918232
3327,63223748210,153007,63223901217,9,0,0,24576,9,5399484237
3328,63223785006,74722,63223859728,0,0,1,512,0,7183232267
3329,63223827801,31209,63223859010,8,0,0,2048,8,3375530095
3330,63223862982,219516,63224082498,3,0,1,24064,3,9408451791
3331,63223872940,147616,63224020556,8,0,0,2560,8,1880827385
3332,63223927435,198859,63224126294,2,0,0,327168,2,721259638
3333,63223956664,226964,63224183628,5,0,0,192512,5,6121358297
3334,63224019213,245348,63224264561,6,0,0,389632,6,7216797032
3335,63224034625,304444,63224339069,8,0,1,14336,8,4557038239
3336,63224055073,67234,63224122307,6,0,1,7680,6,7668964611
3337,63224281536,411684,63224693220,0,0,1,58880,0,10735238883
3338,63224294218,310129,63224604347,9,0,0,114176,9,7026358428
3339,63224308163,212970,63224521133,5,0,1,29696,5,1353638283
3340,63224378862,1514,63224380376,8,0,1,512,8,10043148390
3341,63224417441,231655,63224649096,2,0,1,1536,2,2045412712
3342,63224616732,371899,63224988631,1,0,0,1536,1,4701054888
3343,63224666053,1990,63224668043,2,0,1,37376,2,7278665983
3344,63224681253,66458,63224747711,8,0,0,2048,8,8953640867
3345,63224705431,136681,63224842112,4,0,0,112640,4,8687829764
3346,63224729954,562,63224730516,9,0,1,5120,9,2776115455
3347,63224826616,22858,63224849474,8,0,0,512,8,4755143675
3348,63224834647,133065,63224967712,5,0,0,40960,5,9155987681
3349,63224836554,26955,63224863509,7,0,0,28672,7,7999541655
3350,63224934815,135096,63225069911,7,0,0,219648,7,3251385689
3351,63224950330,119927,63225070257,8,0,0,512,8,8965333602
3352,63225021892,84860,63225106752,6,0,0,117248,6,2709631998
3353,63225030497,191302,63225221799,8,0,1,17920,8,2974989255
3354,63225034613,34363,63225068976,4,0,0,277504,4,6315919750
3355,63225131520,172588,63225304108,3,0,1,31744,3,8720365065
3356,63225215600,12304,63225227904,1,0,1,124928,1,2397250114
3357,63225239051,1038,63225240089,0,0,0,56832,0,8382609582
3358,63225327221,285187,63225612408,2,0,1,4608,2,8279104854
3359,63225348287,475761,63225824048,2,0,1,27136,2,8368250151
3360,63225394428,195818,63225590246,2,0,0,20480,2,2049970325
3361,63225417837,239546,63225657383,3,0,1,70656,3,9909629114
3362,63225423026,81830,63225504856,8,0,0,1024,8,7041502393
3363,63225516760,67512,63225584272,9,0,1,88576,9,3660135883
3364,63225537130,237992,63225775122,6,0,0,122368,6,8824396558
3365,63225557964,76067,63225634031,5,0,0,31232,5,3258034157
3366,63225580558,131864,63225712422,4,0,1,8192,4,3800084069
3367,63225596914,239289,63225836203,9,0,0,128000,9,2358552939
3368,63225635012,96577,63225731589,4,0,1,1024,4,6360528199
3369,63225659483,259215,63225918698,3,0,0,152064,3,7842416685
3370,63225767618,123360,63225890978,4,0,1,3584,4,547099929
3371,63225838421,24408,63225862829,7,0,1,19968,7,8547327623
3372,63225946327,244847,63226191174,7,0,0,44032,7,9057631083
3373,63225955523,70988,63226026511,5,0,0,105984,5,5656777761
3374,63225964526,205871,63226170397,6,0,0,289792,6,1678749755
3375,63226009158,102585,63226111743,3,0,1,11776,3,2756503303
3376,63226015151,96045,63226111196,0,0,1,26112,0,1758427773
3377,63226094348,126306,63226220654,6,0,0,86016,6,2215646590
3378,63226101874,120502,63226222376,7,0,0,1536,7,2445036351
3379,63226107596,108890,63226216486,5,0,0,122880,5,10051905582
3380,63226139629,265609,63226405238,3,0,0,84480,3,2720712384
3381,63226156630,99313,63226255943,5,0,0,17408,5,8027567594
3382,63226183194,424769,63226607963,9,0,0,65024,9,6286397249
3383,63226416378,1038,63226417416,1,0,1,118784,1,4594064551
3384,63226464566,169128,63226633694,1,0,0,1024,1,3531513708
3385,63226478474,83188,63226561662,9,0,1,31232,9,6451005619
3386,63226567720,232759,63226800479,6,0,1,3584,6,3050174526
3387,63226568445,147228,63226715673,6,0,1,10240,6,1733203382
3388,63226810605,43900,63226854505,9,0,1,512,9,9607041207
3389,63226836362,562,63226836924,2,0,1,44544,2,7891664013
3390,63226839108,73152,63226912260,7,0,1,3584,7,2299297300
3391,63226895592,104932,63227000524,8,0,0,512,8,6878250437
3392,63226962178,44056,63227006234,6,0,1,1024,6,3024212606
3393,63227028845,74512,63227103357,7,0,1,10240,7,7400898314
3394,63227104753,55744,63227160497,8,0,1,4096,8,4848943715
3395,63227110065,81044,63227191109,6,0,1,13824,6,5538241365
3396,63227117083,81719,63227198802,1,0,1,96768,1,5905198904
3397,63227159892,168760,63227328652,5,0,1,15872,5,9282140942
3398,63227178703,107159,63227285862,0,0,0,155136,0,5628085578
3399,63227208369,106533,63227314902,8,0,1,2048,8,3019818455
3400,63227254325,98587,63227352912,2,0,1,9728,2,5961083672
3401,63227259821,317639,63227577460,4,0,1,37376,4,9041387117
3402,63227329439,398664,63227728103,1,0,1,267776,1,2773125898
3403,63227473699,184805,63227658504,7,0,0,268288,7,5509960182
3404,63227514200,151861,63227666061,7,0,0,89088,7,557177580
3405,63227551914,114813,63227666727,5,0,0,1024,5,4485701295
3406,63227572306,201275,63227773581,5,0,0,187392,5,1805415608
3407,63227628231,50145,63227678376,5,0,1,1536,5,4321101709
3408,63227724742,35567,63227760309,1,0,0,2048,1,7626776529
3409,63227779110,214237,63227993347,7,0,0,62464,7,820950157
3410,63227788598,198814,63227987412,0,0,1,25088,0,8057045207
3411,63227958619,318343,63228276962,1,0,1,294912,1,7855218810
3412,63228007165,269824,63228276989,0,0,0,326144,0,9229836035
3413,63228125402,139608,63228265010,6,0,1,11776,6,8005292292
3414,63228137392,91710,63228229102,0,0,0,32768,0,4727501948
3415,63228185301,155216,63228340517,2,0,0,2560,2,7208630970
3416,63228194689,180162,63228374851,8,0,1,8192,8,8717288775
3417,63228200978,192894,63228393872,0,0,0,183808,0,3224745178
3418,63228241708,153150,63228394858,1,0,0,1536,1,7449775258
3419,63228289875,156979,63228446854,5,0,0,175104,5,9260851236
3420,63228308069,179221,63228487290,4,0,1,32256,4,9867182269
3421,63228308397,180904,63228489301,6,0,0,137728,6,6452141210
3422,63228320225,133349,63228453574,7,0,1,4096,7,7705752513
3423,63228327403,114114,63228441517,0,0,1,6144,0,1530657848
3424,63228356938,111353,63228468291,1,0,0,1536,1,468235177
3425,63228377159,238387,63228615546,2,0,0,1536,2,225452164
3426,63228391057,77359,63228468416,0,0,0,45056,0,6030446945
3427,63228411540,255427,63228666967,6,0,1,4096,6,2096571555
3428,63228448236,201665,63228649901,6,0,1,2048,6,3266135444
3429,63228501684,562,63228502246,0,0,0,130560,0,6233225413
3430,63228539790,119236,63228659026,1,0,1,1536,1,8829735613
3431,63228654146,1038,63228655184,1,0,0,512,1,3329323557
3432,63228678009,236355,63228914364,8,0,0,1024,8,1156663112
3433,63228762455,196104,63228958559,5,0,0,318464,5,9589950541
3434,63228778618,169796,63228948414,6,0,0,129536,6,685628900
3435,63228792605,217255,63229009860,8,0,0,1536,8,10588977941
3436,63228804664,204254,63229008918,8,0,1,10752,8,4200562385
3437,63228805571,40161,63228845732,7,0,1,32256,7,759301501
3438,63228927193,249820,63229177013,8,0,1,10240,8,606955198
3439,63228957044,35388,63228992432,1,0,0,512,1,10287164541
3440,63229055045,71503,63229126548,6,0,0,61440,6,8933785440
3441,63229084414,265744,63229350158,5,0,0,115712,5,1737178219
3442,63229221962,129109,63229351071,1,0,1,18432,1,8934359410
3443,63229346377,51609,63229397986,4,0,1,2560,4,4433802914
3444,63229348923,71236,63229420159,6,0,1,3584,6,9099670041
3445,63229547962,5450,63229553412,5,0,0,13824,5,2827300262
3446,63229548144,67059,63229615203,9,0,1,7680,9,6930566362
3447,63229671285,47284,63229718569,7,0,1,1536,7,10188213579
3448,63229712195,66674,63229778869,8,0,1,5632,8,9840584676
3449,63229800143,4370,63229804513,8,0,1,9216,8,8285528779
3450,63229844176,71128,63229915304,1,0,0,4608,1,9961318692
3451,63229953206,3641,63229956847,4,0,0,10240,4,9732455363
3452,63230014630,22687,63230037317,9,0,0,37376,9,3969792230
3453,63230025477,84198,63230109675,5,0,0,139264,5,1746031124
3454,63230036334,95723,63230132057,4,0,1,17408,4,8433286531
3455,63230040283,53756,63230094039,3,0,0,93184,3,429852663
3456,63230042819,37003,63230079822,2,0,1,41472,2,5684014252
3457,63230086756,125658,63230212414,1,0,0,7168,1,4172208219
3458,63230103765,9546,63230113311,3,0,0,9216,3,5831908940
3459,63230142258,277661,63230419919,7,0,0,207872,7,10460994130
3460,63230260636,318647,63230579283,1,0,0,3584,1,9405240850
3461,63230280059,114913,63230394972,2,0,1,10240,2,9015912738
3462,63230354478,127113,63230481591,7,0,1,17920,7,5392240673
3463,63230389567,127984,63230517551,6,0,0,212480,6,9079115471
3464,63230431686,106653,63230538339,5,0,0,66560,5,5562238270
3465,63230517912,117363,63230635275,3,0,1,13312,3,15422877
3466,63230629322,164350,63230793672,1,0,1,136704,1,8460355026
3467,63230639455,156420,63230795875,3,0,1,7168,3,2049676769
3468,63230737407,70034,63230807441,3,0,1,16896,3,8544558941
3469,63230769771,110906,63230880677,3,0,0,72192,3,1434948195
3470,63230823478,50737,63230874215,4,0,0,81920,4,8284948333
3471,63230844458,101387,63230945845,5,0,0,162816,5,9994713899
3472,63230965850,145066,63231110916,0,0,1,8704,0,6837567825
3473,63231059538,54052,63231113590,7,0,1,19456,7,2171234598
3474,63231075806,86536,63231162342,0,0,1,3584,0,8591629773
3475,63231092340,102395,63231194735,4,0,0,165888,4,1780096398
3476,63231110542,113295,63231223837,5,0,1,13312,5,3718808700
3477,63231163118,24238,63231187356,6,0,0,183808,6,7456318178
3478,63231189601,191464,63231381065,0,0,1,3584,0,10163875605
3479,63231245374,155320,63231400694,0,0,1,3584,0,5850658961
3480,63231270178,63616,63231333794,3,0,0,40448,3,7752683683
3481,63231328073,172442,63231500515,0,0,0,107008,0,192765482
3482,63231510874,1038,63231511912,3,0,1,86016,3,6488678695
3483,63231528804,13596,63231542400,1,0,0,1024,1,7568078016
3484,63231548075,160268,63231708343,9,0,1,3072,9,4392935479
3485,63231576387,124014,63231700401,7,0,0,23040,7,9793484998
3486,63231587437,131500,63231718937,1,0,1,296960,1,3407061575
3487,63231644899,185868,63231830767,0,0,1,1536,0,4853238437
3488,63231657681,143836,63231801517,6,0,0,194560,6,422736766
3489,63231665194,168919,63231834113,6,0,1,9216,6,7278875315
3490,63231683850,171872,63231855722,9,0,1,2048,9,8719827756
3491,63231692720,396660,63232089380,5,0,0,153088,5,570612286
3492,63231693271,36083,63231729354,5,0,1,13824,5,7683643271
3493,63231711534,367281,63232078815,0,0,1,5632,0,1240053207
3494,63231895879,348269,63232244148,5,0,1,5632,5,5092694422
3495,63231943799,5708,63231949507,4,0,1,17920,4,7346913899
3496,63231951697,95077,63232046774,6,0,0,10240,6,5373001203
3497,63231998169,255795,63232253964,4,0,1,7680,4,3468195276
3498,63232039242,219318,63232258560,1,0,0,3584,1,4581981156
3499,63232162593,249483,63232412076,5,0,0,408064,5,9990043707
3500,63232168605,141671,63232310276,9,0,1,51712,9,9218194057
3501,63232251484,241870,63232493354,7,0,1,11264,7,3882641944
3502,63232256820,238123,63232494943,8,0,1,3584,8,8800004896
3503,63232273311,354479,63232627790,9,0,0,4608,9,8103529843
3504,63232345544,76583,63232422127,9,0,1,8704,9,6660915349
3505,63232414215,152634,63232566849,4,0,1,8192,4,8534785781
3506,63232447979,223968,63232671947,7,0,1,4608,7,2063677567
3507,63232473310,22858,63232496168,3,0,0,129024,3,7840438757
3508,63232555995,145842,63232701837,0,0,0,40960,0,7345936497
3509,63232613329,86200,63232699529,9,0,1,13312,9,9604917761
3510,63232857536,71440,63232928976,3,0,1,10240,3,5419991661
3511,63232890325,47284,63232937609,6,0,1,1536,6,8073751222
3512,63232995434,57592,63233053026,3,0,1,5120,3,1042756887
3513,63233027867,12045,63233039912,8,0,1,20480,8,6471737582
3514,63233033626,77510,63233111136,8,0,1,8192,8,3095976407
3515,63233093156,90085,63233183241,6,0,0,19968,6,729505111
3516,63233118925,562,63233119487,8,0,1,512,8,8794141169
3517,63233124987,60457,63233185444,5,0,1,12800,5,569136646
3518,63233135318,84508,63233219826,1,0,0,512,1,9252138867
3519,63233267830,74356,63233342186,9,0,1,9728,9,7193478344
3520,63233269684,3383,63233273067,1,0,1,113152,1,7065306110
3521,63233298884,10495,63233309379,6,0,1,10752,6,5632676824
3522,63233343565,170404,63233513969,0,0,0,9728,0,4437973911
3523,63233366335,54382,63233420717,4,0,1,9728,4,1611007798
3524,63233368443,144518,63233512961,4,0,0,16896,4,10489233177
3525,63233370205,75556,63233445761,3,0,1,7680,3,3522635265
3526,63233379359,72664,63233452023,3,0,1,9216,3,2891253867
3527,63233385717,128463,63233514180,3,0,0,48640,3,7400509754
3528,63233418118,120929,63233539047,7,0,1,6656,7,2706495275
3529,63233429907,68379,63233498286,4,0,0,179200,4,6176243670
3530,63233498112,74144,63233572256,4,0,0,50176,4,14292543
3531,63233503177,167662,63233670839,5,0,0,43520,5,5063074651
3532,63233549360,49261,63233598621,7,0,0,77312,7,3158067457
3533,63233717354,5798,63233723152,6,0,0,6144,6,7492185386
3534,63233739539,122645,63233862184,7,0,0,198656,7,2742584462
3535,63233777319,85531,63233862850,2,0,0,1024,2,1012722857
3536,63233780033,103401,63233883434,3,0,0,73728,3,1135023363
3537,63233785510,157491,63233943001,9,0,1,512,9,2627024814
3538,63233816358,138370,63233954728,0,0,0,212992,0,1085333366
3539,63233833810,127127,63233960937,7,0,0,29696,7,4207052928
3540,63233963709,11012,63233974721,5,0,0,17920,5,10343589411
3541,63234019197,276943,63234296140,1,0,1,112640,1,253500459
3542,63234166045,130106,63234296151,9,0,0,189440,9,9064440812
3543,63234203453,82421,63234285874,8,0,1,49664,8,9293286133
3544,63234213741,35094,63234248835,8,0,0,1024,8,3177833652
3545,63234233881,126853,63234360734,4,0,1,6656,4,7677915409
3546,63234261079,101753,63234362832,1,0,0,7168,1,937839677
3547,63234297812,247026,63234544838,1,0,1,140288,1,3701088889
3548,63234403685,204936,63234608621,8,0,1,390656,8,4152496760
3549,63234446837,385203,63234832040,0,0,1,1536,0,5533879160
3550,63234796932,58528,63234855460,3,0,1,8192,3,8214188437
3551,63234817032,3894,63234820926,2,0,1,27136,2,2192073513
3552,63234836690,98092,63234934782,8,0,1,143872,8,1140241981
3553,63234871422,125229,63234996651,8,0,0,4096,8,4566507521
3554,63234883523,217256,63235100779,4,0,0,203776,4,10121148928
3555,63234944710,109247,63235053957,0,0,0,17920,0,3273997589
3556,63234954838,46604,63235001442,5,0,1,2048,5,381592916
3557,63235007364,46036,63235053400,1,0,0,2048,1,6571602141
3558,63235007951,32959,63235040910,0,0,0,55808,0,5818936128
3559,63235023943,114774,63235138717,8,0,0,3072,8,3208585222
3560,63235075128,41387,63235116515,4,0,1,103424,4,4028886941
3561,63235176679,3124,63235179803,5,0,0,67072,5,8267257514
3562,63235209031,420444,63235629475,8,0,1,417792,8,10070859173
3563,63235263120,451787,63235714907,4,0,0,9216,4,7736537671
3564,63235457530,139528,63235597058,8,0,1,48128,8,10327240834
3565,63235480465,223130,63235703595,0,0,1,57344,0,6115785159
3566,63235526457,250398,63235776855,5,0,1,16896,5,2865071812
3567,63235579372,175246,63235754618,3,0,0,123904,3,5151283792
3568,63235671175,4158,63235675333,3,0,1,51712,3,4256452772
3569,63235757826,203858,63235961684,7,0,0,11264,7,3475700866
3570,63235803325,99667,63235902992,8,0,1,155648,8,7730678513
3571,63235820683,154483,63235975166,0,0,1,17920,0,3198534562
3572,63235831555,107704,63235939259,0,0,0,253952,0,680414402
3573,63235883826,110016,63235993842,7,0,0,26112,7,8321262535
3574,63235885366,253206,63236138572,8,0,1,9728,8,2890343620
3575,63235898091,114640,63236012731,5,0,0,54784,5,9542593983
3576,63235941902,312249,63236254151,8,0,0,2048,8,3489156484
3577,63236155272,42354,63236197626,4,0,0,68608,4,8095944512
3578,63236170266,23374,63236193640,5,0,1,12800,5,8755388415
3579,63236200156,129680,63236329836,3,0,0,41984,3,4078150524
3580,63236320742,47284,63236368026,0,0,1,1536,0,9328783613
3581,63236323539,562,63236324101,7,0,1,43008,7,7361707432
3582,63236474315,177981,63236652296,3,0,1,4096,3,2307939027
3583,63236480234,34960,63236515194,0,0,0,512,0,10735832269
3584,63236500915,69793,63236570708,6,0,0,56832,6,7907064298
3585,63236512870,34016,63236546886,8,0,1,30720,8,6272698668
3586,63236567165,34519,63236601684,0,0,0,59392,0,10718193635
3587,63236570075,84515,63236654590,7,0,1,8192,7,5639382410
3588,63236570208,151091,63236721299,2,0,0,5632,2,7628138556
3589,63236595672,107046,63236702718,6,0,1,6656,6,9321489855
3590,63236730536,1514,63236732050,2,0,0,1536,2,5049170555
3591,63236754202,5798,63236760000,1,0,1,555008,1,1139237421
3592,63236756066,4846,63236760912,0,0,1,19456,0,5544617931
3593,63236775039,288785,63237063824,3,0,1,24576,3,10181974694
3594,63236789240,478737,63237267977,0,0,1,512,0,3274043722
3595,63236950972,264469,63237215441,5,0,1,2560,5,6452408887
3596,63236956885,242410,63237199295,7,0,0,6144,7,633165928
3597,63236968793,241925,63237210718,3,0,1,1024,3,2113828722
3598,63236976630,444211,63237420841,8,0,0,5120,8,5969216383
3599,63236990863,224596,63237215459,3,0,0,139776,3,10038316756
3600,63236991359,483335,63237474694,8,0,0,3584,8,890920227
3601,63236991999,289244,63237281243,7,0,1,6144,7,803897363
3602,63237008866,230678,63237239544,7,0,0,87040,7,6157200638
3603,63237009565,250135,63237259700,6,0,0,160768,6,9023593193
3604,63237066944,188249,63237255193,6,0,1,4096,6,10113352292
3605,63237069727,110098,63237179825,5,0,0,30720,5,8612696538
3606,63237131267,196022,63237327289,1,0,1,114176,1,379362166
3607,63237144791,103589,63237248380,2,0,1,20992,2,1372532966
3608,63237148224,42681,63237190905,8,0,0,512,8,8413333454
3609,63237160528,298542,63237459070,3,0,0,174080,3,10436084357
3610,63237204941,238450,63237443391,7,0,1,2048,7,2362080043
3611,63237212538,258567,63237471105,0,0,1,14336,0,8876666324
3612,63237256187,104633,63237360820,8,0,0,5120,8,8521284928
3613,63237318273,359222,63237677495,0,0,0,13824,0,247062702
3614,63237323923,186485,63237510408,1,0,1,120320,1,2413408808
3615,63237359235,5322,63237364557,0,0,0,173568,0,2065121506
3616,63237359302,470291,63237829593,9,0,0,216576,9,9290873620
3617,63237408073,382462,63237790535,4,0,1,70656,4,9564369940
3618,63237409920,319851,63237729771,8,0,1,58368,8,741641533
3619,63237416011,363812,63237779823,0,0,1,11776,0,7155681168
3620,63237498626,375420,63237874046,3,0,1,6656,3,2697493577
3621,63237559891,294844,63237854735,4,0,0,5632,4,9685136912
3622,63237682816,169931,63237852747,9,0,0,717312,9,2825955669
3623,63237708531,252411,63237960942,2,0,1,12800,2,4353806739
3624,63237709380,485450,63238194830,2,0,0,5120,2,9104661066
3625,63237763351,462112,63238225463,4,0,0,6656,4,5866799138
3626,63237777566,412327,63238189893,0,0,1,1024,0,2635510119
3627,63237806118,414065,63238220183,1,0,1,72704,1,6311411802
3628,63237836647,401703,63238238350,3,0,0,209920,3,9595902700
3629,63237894169,309386,63238203555,4,0,1,31744,4,5940144521
3630,63237915719,193389,63238109108,3,0,1,13824,3,7273764979
3631,63237929630,177271,63238106901,2,0,0,1024,2,1593221818
3632,63238009765,476832,63238486597,6,0,1,6144,6,1679442654
3633,63238061692,39360,63238101052,4,0,0,52224,4,8967004674
3634,63238079116,448298,63238527414,1,0,0,2048,1,1516886214
3635,63238190359,356135,63238546494,5,0,1,44544,5,3471420714
3636,63238243601,36342,63238279943,0,0,0,45056,0,10440477489
3637,63238283663,297875,63238581538,8,0,1,84480,8,4107312192
3638,63238415165,91237,63238506402,0,0,0,64000,0,3101550300
3639,63238547574,562,63238548136,5,0,0,147456,5,4239450158
3640,63238663701,419883,63239083584,2,0,0,512,2,1483244438
3641,63238698346,10514,63238708860,8,0,0,5632,8,4992451731
3642,63238728923,50737,63238779660,5,0,0,81920,5,4740696133
3643,63238736907,143036,63238879943,2,0,1,7168,2,8038494689
3644,63238748609,167027,63238915636,3,0,1,18432,3,1386881684
3645,63238879467,69280,63238948747,4,0,1,8192,4,5209650559
3646,63238891016,76946,63238967962,9,0,0,128512,9,7367394172
3647,63238938305,44893,63238983198,4,0,1,14336,4,7029053556
3648,63238939646,195090,63239134736,6,0,0,62976,6,8023566011
3649,63238990348,161378,63239151726,8,0,1,23552,8,6120724633
3650,63239085288,33241,63239118529,1,0,1,668672,1,8332802658
3651,63239182604,182961,63239365565,5,0,0,57856,5,8779638812
3652,63239204313,23204,63239227517,8,0,1,59392,8,1243317421
3653,63239279967,625168,63239905135,0,0,1,3072,0,9904900530
3654,63239371591,524250,63239895841,9,0,1,38400,9,2718928209
3655,63239372297,359397,63239731694,6,0,1,10240,6,3594607566
3656,63239460329,273716,63239734045,6,0,1,7680,6,8605191647
3657,63239463194,374173,63239837367,7,0,0,38400,7,1553596763
3658,63239580522,93979,63239674501,8,0,1,206336,8,3493766844
3659,63239677244,64203,63239741447,9,0,1,53760,9,10414140160
3660,63239705423,44051,63239749474,7,0,0,87552,7,9133434397
3661,63239726506,356895,63240083401,8,0,1,232448,8,9228170465
3662,63239741510,161643,63239903153,3,0,0,22016,3,2671616311
3663,63239773311,129117,63239902428,5,0,0,39424,5,6004087271
3664,63239775785,84162,63239859947,0,0,0,182272,0,4723315946
3665,63239808322,562,63239808884,0,0,0,42496,0,2981718967
3666,63239853829,222951,63240076780,1,0,1,51712,1,6264652782
3667,63239857312,6401,63239863713,4,0,1,15360,4,7912151177
3668,63239862346,426568,63240288914,4,0,0,104448,4,5270594382
3669,63239982953,315322,63240298275,1,0,0,512,1,9963367827
3670,63240073873,546865,63240620738,2,0,0,3584,2,10672438358
3671,63240113057,232749,63240345806,1,0,1,145408,1,9143005296
3672,63240121966,240352,63240362318,5,0,1,7168,5,7911547928
3673,63240165536,198509,63240364045,4,0,1,5632,4,1705995205
3674,63240310506,3418,63240313924,6,0,1,16384,6,9619312869
3675,63240322419,124320,63240446739,3,0,1,1024,3,5474566707
3676,63240369304,132664,63240501968,1,0,0,3584,1,10622188607
3677,63240415412,54008,63240469420,6,0,0,91648,6,8109278895
3678,63240519509,84064,63240603573,2,0,1,16384,2,2528671927
3679,63240587137,23979,63240611116,9,0,1,8704,9,2514396698
3680,63240596964,63292,63240660256,5,0,0,39936,5,3885400305
3681,63240610943,31520,63240642463,8,0,1,852480,8,10336554115
3682,63240659344,22946,63240682290,6,0,0,51200,6,2102226734
3683,63240688814,106442,63240795256,2,0,1,48128,2,8297284638
3684,63240762071,17474,63240779545,6,0,1,20480,6,7748184397
3685,63240764566,4675,63240769241,2,0,1,3584,2,2684861657
3686,63240798860,383238,63241182098,1,0,1,75776,1,1238927387
3687,63240838662,308581,63241147243,0,0,1,4096,0,8502264454
3688,63240895064,263500,63241158564,9,0,1,31232,9,8249306619
3689,63240950429,810133,63241760562,3,0,0,37888,3,2094079552
3690,63240954183,657613,63241611796,8,0,1,121344,8,8757887923
3691,63240980745,748040,63241728785,6,0,0,177152,6,2350933788
3692,63241073259,661125,63241734384,8,0,0,5632,8,8016171964
3693,63241105268,578802,63241684070,9,0,0,12288,9,8154522182
3694,63241239658,286866,63241526524,3,0,0,191488,3,10436456583
3695,63241246464,335844,63241582308,3,0,1,1536,3,4970887256
3696,63241249874,348344,63241598218,9,0,1,12288,9,9505174158
3697,63241323524,294322,63241617846,5,0,0,137216,5,1416393166
3698,63241434460,190004,63241624464,3,0,0,23552,3,2173967600
3699,63241455067,203360,63241658427,4,0,1,9216,4,6329208422
3700,63241462936,336770,63241799706,3,0,0,142848,3,377726990
3701,63241466730,392972,63241859702,5,0,0,407552,5,10310061868
3702,63241475214,332597,63241807811,7,0,1,40448,7,6653071575
3703,63241527361,256246,63241783607,5,0,0,9216,5,1789788171
3704,63241645237,209107,63241854344,7,0,0,141312,7,8928203032
3705,63241695602,184117,63241879719,9,0,0,5120,9,9744514441
3706,63241720938,446650,63242167588,1,0,0,512,1,1961836520
3707,63241788234,169636,63241957870,5,0,0,179200,5,5645058432
3708,63241809623,149233,63241958856,2,0,0,1536,2,3836104716
3709,63241852900,1990,63241854890,1,0,1,287232,1,4817412905
3710,63241914075,11012,63241925087,0,0,1,512,0,9773006436
3711,63241944192,286517,63242230709,2,0,1,512,2,7394363583
3712,63241984253,495317,63242479570,1,0,0,2048,1,2598607915
3713,63241985394,404192,63242389586,5,0,0,17920,5,3960692697
3714,63242389427,69772,63242459199,8,0,1,14848,8,6463560782
3715,63242409788,4370,63242414158,5,0,1,53248,5,10498968617
3716,63242415899,154453,63242570352,8,0,1,116224,8,2994124527
3717,63242445396,179725,63242625121,1,0,1,253952,1,3014083085
3718,63242465662,4675,63242470337,0,0,0,4608,0,4401720498
3719,63242579963,323883,63242903846,1,0,1,370688,1,2497836947
3720,63242592834,74845,63242667679,9,0,0,12288,9,9878982020
3721,63242643939,392650,63243036589,4,0,1,3072,4,177055856
3722,63242711052,329629,63243040681,5,0,0,32256,5,6545737264
3723,63242738431,183919,63242922350,7,0,1,20992,7,3267908736
3724,63242775139,161054,63242936193,0,0,1,20480,0,10592327576
3725,63242789660,119620,63242909280,5,0,0,138240,5,4304516947
3726,63242812544,204721,63243017265,7,0,0,24064,7,3405160911
3727,63242853989,247836,63243101825,0,0,0,13312,0,2565764772
3728,63242873750,30745,63242904495,0,0,1,8192,0,2148103104
3729,63242879800,291050,63243170850,1,0,1,299520,1,5034395739
3730,63243009059,398340,63243407399,6,0,0,49664,6,226731476
3731,63243206619,159014,63243365633,4,0,0,146944,4,2577080112
3732,63243245243,24666,63243269909,3,0,1,16384,3,619670178
3733,63243393646,177965,63243571611,7,0,1,5632,7,2590952235
3734,63243473638,335427,63243809065,0,0,0,44544,0,1563861318
3735,63243553949,77100,63243631049,0,0,0,130048,0,6297211434
3736,63243594111,75136,63243669247,7,0,1,1536,7,7237766787
3737,63243711812,214479,63243926291,9,0,1,12288,9,4491541643
3738,63243867963,91456,63243959419,3,0,1,20480,3,5371153906
3739,63243925657,157842,63244083499,4,0,0,260608,4,939265594
3740,63244018252,66873,63244085125,2,0,0,2560,2,9778166268
3741,63244059807,27264,63244087071,1,0,0,3072,1,9251945070
3742,63244163997,3894,63244167891,7,0,1,16896,7,4548845058
3743,63244175513,48199,63244223712,2,0,1,1536,2,2361590775
3744,63244209200,130462,63244339662,1,0,0,4096,1,8346757286
3745,63244607701,3641,63244611342,8,0,0,10240,8,2762044068
3746,63244739797,2942,63244742739,6,0,1,1024,6,1247659780
3747,63244763018,45592,63244808610,8,0,0,3072,8,1225580959
3748,63244830239,34016,63244864255,7,0,0,59392,7,8285122597
3749,63244879110,25958,63244905068,6,0,0,47104,6,7432946319
3750,63244888514,65140,63244953654,4,0,1,8704,4,6499394411
3751,63244942978,1514,63244944492,2,0,1,9728,2,8123476463
3752,63245005945,180314,63245186259,1,0,1,245760,1,4910823102
3753,63245024926,562,63245025488,0,0,1,512,0,916542788
3754,63245032459,233415,63245265874,8,0,0,1536,8,482627281
3755,63245053114,214601,63245267715,7,0,1,5120,7,8552685924
3756,63245057951,206808,63245264759,1,0,1,20992,1,10332592516
3757,63245088094,273816,63245361910,1,0,1,233984,1,1941362329
3758,63245154888,310374,63245465262,2,0,0,512,2,6431648015
3759,63245201179,137627,63245338806,7,0,1,13312,7,8324783756
3760,63245221640,153439,63245375079,2,0,1,22016,2,10460550473
3761,63245230733,58666,63245289399,3,0,0,206848,3,10053919864
3762,63245240290,56596,63245296886,1,0,1,156160,1,8458006278
3763,63245324074,201465,63245525539,0,0,0,8192,0,1254465104
3764,63245328410,3418,63245331828,8,0,0,3584,8,4294066430
3765,63245334384,192945,63245527329,4,0,1,512,4,8934220880
3766,63245512770,372610,63245885380,8,0,0,3584,8,9747334199
3767,63245547900,66103,63245614003,9,0,1,3584,9,4842854617
3768,63245562577,52061,63245614638,0,0,1,2048,0,7250559347
3769,63245660654,94216,63245754870,4,0,1,19456,4,815380898
3770,63245789471,59128,63245848599,5,0,1,5120,5,8522336744
3771,63245916208,562,63245916770,8,0,0,512,8,2614157971
3772,63245946874,44400,63245991274,9,0,1,11776,9,2765638662
3773,63245949573,81124,63246030697,9,0,0,76288,9,4882280960
3774,63245985322,99940,63246085262,3,0,1,28160,3,2435445433
3775,63246005748,257113,63246262861,5,0,0,417280,5,7584869984
3776,63246089659,173548,63246263207,8,0,0,512,8,1184453863
3777,63246091083,178435,63246269518,5,0,0,30208,5,6897042762
3778,63246141629,106317,63246247946,2,0,1,18944,2,197265617
3779,63246163547,61552,63246225099,1,0,0,512,1,7872689681
3780,63246176232,293911,63246470143,3,0,1,24576,3,2661786014
3781,63246234029,284444,63246518473,0,0,0,90112,0,2031963432
3782,63246284532,182006,63246466538,2,0,1,4608,2,6910495803
3783,63246500079,3894,63246503973,6,0,1,7680,6,1842921016
3784,63246510073,56836,63246566909,8,0,0,4096,8,6467607991
3785,63246524432,47284,63246571716,9,0,1,1536,9,9151222809
3786,63246704980,15317,63246720297,4,0,0,29696,4,2298294709
3787,63246766268,196828,63246963096,8,0,1,184832,8,4239701150
3788,63246793388,113733,63246907121,0,0,1,30720,0,3776978419
3789,63246850310,214060,63247064370,6,0,1,3072,6,8032244255
3790,63247017315,63358,63247080673,1,0,1,465920,1,540578061
3791,63247024268,65334,63247089602,9,0,0,106496,9,6982294840
3792,63247048418,380776,63247429194,9,0,0,92160,9,1399901000
3793,63247101789,295981,63247397770,5,0,1,36352,5,2562720250
3794,63247117877,323164,63247441041,1,0,1,51712,1,4003051024
3795,63247361381,108213,63247469594,9,0,1,4096,9,1642865101
3796,63247415932,164999,63247580931,6,0,1,16384,6,3534085219
3797,63247579411,2074,63247581485,8,0,0,512,8,8279793879
3798,63247593231,54096,63247647327,0,0,0,88576,0,1211824124
3799,63247756094,562,63247756656,2,0,0,512,2,2696175069
3800,63247905380,98536,63248003916,3,0,1,23552,3,10012196981
3801,63247919845,114758,63248034603,4,0,0,189952,4,3134327225
3802,63247950487,251447,63248201934,7,0,1,15872,7,6330724464
3803,63248054916,175764,63248230680,3,0,1,13312,3,9629613637
3804,63248106497,163315,63248269812,9,0,1,25600,9,7639704833
3805,63248179629,80392,63248260021,4,0,1,16896,4,5333085252
3806,63248189431,5322,63248194753,0,0,0,125952,0,8137915451
3807,63248197507,112389,63248309896,3,0,1,11776,3,979345816
3808,63248273061,5773,63248278834,1,0,0,5632,1,3981358064
3809,63248279680,150193,63248429873,3,0,1,2048,3,1588493629
3810,63248287275,130089,63248417364,8,0,0,1024,8,197449448
3811,63248328123,105712,63248433835,9,0,1,12800,9,4021912189
3812,63248330174,198177,63248528351,1,0,1,47104,1,10123230283
3813,63248418070,145908,63248563978,5,0,0,240640,5,2971306811
3814,63248425768,138671,63248564439,9,0,0,10240,9,1809068751
3815,63248468603,97321,63248565924,3,0,0,15360,3,3799017637
3816,63248532664,1990,63248534654,3,0,1,23552,3,8201233939
3817,63248565297,15317,63248580614,2,0,0,2048,2,3164721065
3818,63248584888,178142,63248763030,6,0,0,29696,6,2463273794
3819,63248662539,90681,63248753220,4,0,1,20480,4,6699109380
3820,63248712649,46467,63248759116,5,0,0,80384,5,5238094679
3821,63248805785,2466,63248808251,5,0,1,13312,5,1582415620
3822,63248843694,86200,63248929894,9,0,1,512,9,4700797153
3823,63248876470,54052,63248930522,2,0,0,2560,2,139012233
3824,63248911938,142724,63249054662,7,0,1,42496,7,6118840348
3825,63248914752,93484,63249008236,5,0,1,27136,5,10696009375
3826,63248919256,64894,63248984150,5,0,1,3584,5,2643479636
3827,63248971143,142688,63249113831,2,0,1,512,2,3066397687
3828,63249012157,137515,63249149672,1,0,1,126464,1,9577673502
3829,63249062662,47488,63249110150,3,0,1,45568,3,9604787903
3830,63249116268,25692,63249141960,4,0,0,27136,4,6989895751
3831,63249138410,146047,63249284457,2,0,0,512,2,4832822224
3832,63249138852,102223,63249241075,4,0,0,134656,4,9082358007
3833,63249145470,207250,63249352720,6,0,0,248832,6,6014078164
3834,63249168252,201455,63249369707,9,0,0,65024,9,5388911132
3835,63249190821,177202,63249368023,1,0,1,40960,1,7908125795
3836,63249192851,127834,63249320685,1,0,0,512,1,8818372762
3837,63249252844,349195,63249602039,6,0,0,34304,6,6569780834
3838,63249356881,87766,63249444647,8,0,1,377344,8,6415838757
3839,63249363081,177113,63249540194,7,0,0,290816,7,1478216450
3840,63249452417,46633,63249499050,2,0,1,512,2,6379361660
3841,63249452472,1038,63249453510,6,0,1,14848,6,1983808279
3842,63249471261,309806,63249781067,7,0,1,2048,7,9106462782
3843,63249498074,555781,63250053855,6,0,0,7680,6,2590275523
3844,63249525856,442036,63249967892,7,0,1,15360,7,3433342832
3845,63249577718,392140,63249969858,8,0,0,1024,8,5501533781
3846,63249845988,76813,63249922801,6,0,0,5120,6,7683321967
3847,63249990551,25442,63250015993,6,0,1,6656,6,1532327172
3848,63250005083,64204,63250069287,6,0,0,46080,6,10503227369
3849,63250167046,64204,63250231250,7,0,1,6656,7,6192885026
3850,63250174316,67924,63250242240,2,0,1,13824,2,5068539568
3851,63250183676,84930,63250268606,0,0,1,13312,0,6093036570
3852,63250351459,67588,63250419047,4,0,1,7680,4,3151694761
3853,63250462307,75292,63250537599,9,0,1,12800,9,4263362251
3854,63250599616,3124,63250602740,8,0,0,9216,8,1899760513
3855,63250633580,206400,63250839980,3,0,0,338432,3,9594341823
3856,63250767015,124347,63250891362,9,0,0,163840,9,1283876986
3857,63250820595,1038,63250821633,7,0,1,21504,7,3063443197
3858,63250987600,4846,63250992446,2,0,0,1024,2,8997996642
3859,63251022228,262560,63251284788,2,0,0,5120,2,4053377057
3860,63251048952,83752,63251132704,6,0,1,15360,6,7243242309
3861,63251052880,122645,63251175525,5,0,0,198656,5,9501963114
3862,63251331481,6274,63251337755,8,0,0,6656,8,9908955008
3863,63251421637,62670,63251484307,5,0,0,101888,5,10637374035
3864,63251452968,562,63251453530,1,0,1,460800,1,5858091558
3865,63251525783,7702,63251533485,1,0,0,512,1,3344496657
3866,63251558735,1038,63251559773,2,0,1,8704,2,2254428598
3867,63251573267,470606,63252043873,2,0,0,8192,2,10330680373
3868,63251718323,367502,63252085825,5,0,1,14848,5,2807471398
3869,63251739119,189313,63251928432,9,0,1,7168,9,5278974101
3870,63251766401,214644,63251981045,1,0,0,1024,1,8756814999
3871,63251895913,2942,63251898855,7,0,1,1024,7,3611498793
3872,63251948409,82638,63252031047,0,0,0,3072,0,8666816009
3873,63252007025,14283,63252021308,0,0,0,27648,0,6909493043
3874,63252066058,196275,63252262333,7,0,0,322048,7,2415073187
3875,63252106914,167985,63252274899,0,0,1,3584,0,570833284
3876,63252119111,162123,63252281234,2,0,1,512,2,7335352301
3877,63252141633,60353,63252201986,4,0,0,140800,4,1416961339
3878,63252204764,210354,63252415118,0,0,1,7168,0,8636710307
3879,63252226466,124348,63252350814,1,0,1,194560,1,9699522177
3880,63252245029,82413,63252327442,8,0,0,2560,8,6049060728
3881,63252337925,168453,63252506378,6,0,1,4608,6,6072834089
3882,63252349933,133287,63252483220,0,0,1,1536,0,3343803542
3883,63252402800,208551,63252611351,5,0,1,3072,5,9363722618
3884,63252403822,136548,63252540370,3,0,0,216064,3,3310068305
3885,63252477557,458299,63252935856,0,0,1,8192,0,1102225874
3886,63252487333,218127,63252705460,0,0,1,3072,0,6950666929
3887,63252605742,141897,63252747639,6,0,1,11264,6,9972676284
3888,63252677947,54783,63252732730,8,0,1,193024,8,4662415293
3889,63252758692,243686,63253002378,8,0,1,33280,8,5025630525
3890,63252777732,296709,63253074441,1,0,1,211968,1,7808741042
3891,63252804494,325900,63253130394,8,0,0,93184,8,5002019834
3892,63252852383,232376,63253084759,9,0,1,512,9,1893910649
3893,63252940437,296062,63253236499,7,0,0,479744,7,699890798
3894,63253031403,251857,63253283260,7,0,0,158208,7,9671041979
3895,63253041089,320754,63253361843,6,0,0,261632,6,1754540796
3896,63253085285,239989,63253325274,9,0,1,32768,9,7611790732
3897,63253125720,176582,63253302302,0,0,0,6144,0,9720143581
3898,63253200264,162663,63253362927,8,0,0,36864,8,5096962872
3899,63253225525,383490,63253609015,3,0,0,37888,3,7373304903
3900,63253274383,184701,63253459084,5,0,1,24064,5,6923799323
3901,63253284085,125340,63253409425,8,0,0,242176,8,2556810068
3902,63253305565,123419,63253428984,5,0,1,20480,5,2422812608
3903,63253339730,233264,63253572994,3,0,1,10752,3,2573886993
3904,63253387167,140450,63253527617,6,0,0,164352,6,6450698715
3905,63253414907,128552,63253543459,5,0,0,82432,5,2098658011
3906,63253439913,358491,63253798404,3,0,0,143872,3,4342242850
3907,63253453757,142378,63253596135,1,0,0,3072,1,2750084799
3908,63253575558,493277,63254068835,5,0,0,230400,5,32307306
3909,63253714815,84038,63253798853,9,0,0,134656,9,745800035
3910,63253747370,35604,63253782974,6,0,1,12800,6,6321912921
3911,63253766637,16092,63253782729,0,0,0,7168,0,8809484495
3912,63253850779,44658,63253895437,9,0,0,31232,9,9097509122
3913,63253890772,257498,63254148270,7,0,0,76800,7,2571004667
3914,63253915761,106700,63254022461,4,0,0,177664,4,5024664747
3915,63254020834,119381,63254140215,1,0,1,12800,1,1304184930
3916,63254054994,12562,63254067556,2,0,1,10240,2,8565926509
3917,63254158985,50737,63254209722,6,0,0,20992,6,10499463532
3918,63254171359,189391,63254360750,4,0,1,20992,4,7385894242
3919,63254184489,77740,63254262229,9,0,0,81920,9,3989736169
3920,63254187400,229525,63254416925,3,0,1,49152,3,3083795428
3921,63254260533,62050,63254322583,8,0,1,10752,8,10466501054
3922,63254355198,287597,63254642795,2,0,1,1024,2,6251677331
3923,63254507384,7702,63254515086,0,0,0,8192,0,5091360679
3924,63254540795,255304,63254796099,4,0,0,413696,4,3208718697
3925,63254682375,73172,63254755547,6,0,1,3072,6,6843103685
3926,63254725193,135862,63254861055,1,0,0,3584,1,4848619155
3927,63254834404,104761,63254939165,9,0,1,11264,9,1505568046
3928,63254861184,134233,63254995417,7,0,0,221184,7,558464510
3929,63254928106,68297,63254996403,8,0,0,1536,8,1282447448
3930,63255203896,47284,63255251180,6,0,1,1536,6,5167980009
3931,63255296684,4675,63255301359,4,0,0,12288,4,2487339302
3932,63255500230,65896,63255566126,6,0,1,13824,6,8360037561
3933,63255502137,83284,63255585421,6,0,1,7168,6,2643586353
3934,63255502294,12045,63255514339,8,0,1,1188352,8,4802468439
3935,63255567430,21654,63255589084,3,0,1,2560,3,6376494130
3936,63255651591,82145,63255733736,8,0,1,135168,8,2516682412
3937,63255669231,16429,63255685660,6,0,0,19968,6,351423710
3938,63255677716,562,63255678278,0,0,1,14336,0,1454383889
3939,63255682339,4846,63255687185,4,0,1,18944,4,7155797124
3940,63255813941,438836,63256252777,7,0,0,35328,7,3031086200
3941,63255837161,447846,63256285007,6,0,1,24064,6,1277864695
3942,63255926445,628810,63256555255,9,0,0,133120,9,10583374949
3943,63255993147,1064429,63257057576,1,0,0,1536,1,2762958639
3944,63256010387,736905,63256747292,2,0,1,29184,2,7541819761
3945,63256034206,425347,63256459553,2,0,0,512,2,7204366902
3946,63256105004,408093,63256513097,5,0,0,5120,5,2959073484
3947,63256106615,963692,63257070307,5,0,1,2048,5,3452800900
3948,63256116700,509311,63256626011,8,0,1,24576,8,3806936454
3949,63256142778,614466,63256757244,0,0,1,15872,0,121444626
3950,63256148730,515652,63256664382,6,0,0,105472,6,6318428324
3951,63256165995,494437,63256660432,2,0,0,512,2,6074227647
3952,63256233861,336371,63256570232,4,0,1,19968,4,6060390205
3953,63256301916,336444,63256638360,4,0,0,1024,4,10517313960
3954,63256302189,36899,63256339088,2,0,0,512,2,1347048659
3955,63256309043,1038,63256310081,8,0,1,14848,8,3545636460
3956,63256366942,394436,63256761378,1,0,1,506368,1,456820225
3957,63256368419,478858,63256847277,2,0,1,58880,2,8073219073
3958,63256379766,126175,63256505941,8,0,1,51200,8,152634618
3959,63256468547,712431,63257180978,9,0,1,16384,9,5009237795
3960,63256519164,169010,63256688174,1,0,1,246784,1,8511280871
3961,63256616943,25183,63256642126,0,0,0,31232,0,3885147888
3962,63256665277,770714,63257435991,1,0,0,1024,1,9450425310
3963,63256755725,829596,63257585321,9,0,0,208896,9,3104477690
3964,63256823738,107144,63256930882,5,0,1,5632,5,8102105095
3965,63256913970,748467,63257662437,5,0,1,11776,5,6518640768
3966,63256964294,808875,63257773169,5,0,1,19968,5,3093909765
3967,63257103214,120859,63257224073,2,0,1,40448,2,4721504421
3968,63257106499,506047,63257612546,4,0,0,45568,4,2792712009
3969,63257184557,82579,63257267136,6,0,1,7168,6,3447176094
3970,63257207199,104614,63257311813,9,0,0,81408,9,3932804697
3971,63257238924,390315,63257629239,5,0,1,9728,5,656934717
3972,63257248309,102034,63257350343,5,0,1,3584,5,2199316458
3973,63257253051,186009,63257439060,6,0,0,40448,6,6277319914
3974,63257396385,11270,63257407655,6,0,0,18432,6,8600978364
3975,63257407930,114513,63257522443,7,0,1,19968,7,5656016762
3976,63257541391,5708,63257547099,5,0,0,14336,5,10472613030
3977,63257542392,67879,63257610271,7,0,1,4608,7,96095157
3978,63257578725,63616,63257642341,0,0,1,5120,0,8490784650
3979,63257596825,193994,63257790819,7,0,0,107008,7,6573659423
3980,63257695778,83038,63257778816,6,0,1,37376,6,4843288566
3981,63257727946,76048,63257803994,4,0,1,4096,4,6218994340
3982,63257743456,127550,63257871006,3,0,1,17408,3,3247765346
3983,63257771569,186627,63257958196,0,0,1,10240,0,9578551551
3984,63257945283,43454,63257988737,6,0,0,71168,6,3818469005
3985,63257953925,65120,63258019045,3,0,0,84480,3,9196970545
3986,63257991949,33407,63258025356,3,0,0,30208,3,3918561094
3987,63258005223,562,63258005785,4,0,1,2048,4,1934503989
3988,63258014208,58366,63258072574,3,0,1,4096,3,4113073250
3989,63258047560,132999,63258180559,6,0,1,22528,6,3705527403
3990,63258048855,182087,63258230942,1,0,0,512,1,1706583666
3991,63258191450,20878,63258212328,5,0,1,2560,5,4538579203
3992,63258201303,50668,63258251971,1,0,0,33792,1,8709900036
3993,63258229225,45592,63258274817,9,0,1,1024,9,10056884878
3994,63258250912,82190,63258333102,2,0,1,6144,2,3321372260
3995,63258301578,94079,63258395657,8,0,0,153088,8,9651144134
3996,63258378102,45692,63258423794,2,0,1,15872,2,8280607419
3997,63258451525,10495,63258462020,6,0,0,78848,6,10209982023
3998,63258515544,212765,63258728309,3,0,0,16896,3,215746028
3999,63258518879,246782,63258765661,4,0,0,396800,4,7304605777
4000,63258539184,247675,63258786859,9,0,0,76800,9,7305963158
4001,63258575790,200239,63258776029,3,0,1,37376,3,8383679907
4002,63258622910,85713,63258708623,0,0,0,116224,0,6440636432
4003,63258631345,323124,63258954469,1,0,1,140288,1,7279118144
4004,63258765477,127823,63258893300,6,0,1,1024,6,9461728275
4005,63258769412,103060,63258872472,3,0,0,112128,3,1401857670
4006,63258826657,202937,63259029594,9,0,0,153088,9,534743642
4007,63258851431,562,63258851993,0,0,0,40448,0,1936814049
4008,63259043365,521139,63259564504,2,0,0,512,2,1359514404
4009,63259048957,81949,63259130906,4,0,1,12288,4,10030855492
4010,63259074847,101084,63259175931,0,0,1,29184,0,10066295518
4011,63259082939,102883,63259185822,4,0,1,9216,4,5292951605
4012,63259091297,146611,63259237908,1,0,0,128512,1,8732703323
4013,63259108657,34791,63259143448,1,0,0,117248,1,6593407126
4014,63259117483,194017,63259311500,1,0,0,34304,1,10431090264
4015,63259132172,223662,63259355834,1,0,1,15360,1,3833805203
4016,63259222113,214534,63259436647,0,0,0,60928,0,1531404905
4017,63259233202,159669,63259392871,5,0,0,239104,5,3456190952
4018,63259233762,160240,63259394002,9,0,1,42496,9,4334469053
4019,63259243853,143869,63259387722,0,0,1,48640,0,6026957344
4020,63259253049,153030,63259406079,0,0,0,36352,0,2505830274
4021,63259306048,67273,63259373321,8,0,0,207360,8,4995174281
4022,63259345333,388515,63259733848,0,0,1,28160,0,4355995736
4023,63259397809,228118,63259625927,0,0,0,28672,0,9252189881
4024,63259404609,241118,63259645727,8,0,0,370176,8,3352590874
4025,63259419524,353368,63259772892,8,0,1,75776,8,10517913840
4026,63259453853,436150,63259890003,0,0,1,14336,0,6308012193
4027,63259566978,35050,63259602028,4,0,1,28160,4,1418373359
4028,63259614777,10237,63259625014,5,0,1,58368,5,7472503046
4029,63259651227,349484,63260000711,4,0,1,12288,4,2086595290
4030,63259667804,319480,63259987284,9,0,1,1536,9,6470437990
4031,63259816096,286785,63260102881,5,0,0,61440,5,3334858786
4032,63259831147,55558,63259886705,5,0,1,6656,5,3613005742
4033,63259873401,194644,63260068045,7,0,0,16384,7,9433633072
4034,63259900440,369046,63260269486,6,0,1,11264,6,8245950972
4035,63259950675,209948,63260160623,7,0,1,512,7,2983480368
4036,63259960867,3418,63259964285,9,0,0,94720,9,4920122607
4037,63260115648,322563,63260438211,1,0,1,147456,1,8570783377
4038,63260116747,5967,63260122714,3,0,1,19456,3,2929355850
4039,63260170907,202724,63260373631,3,0,1,24576,3,5254182020
4040,63260203183,121651,63260324834,9,0,1,7680,9,7342895754
4041,63260213700,312285,63260525985,4,0,0,3584,4,1664236477
4042,63260257111,264533,63260521644,6,0,1,7680,6,4557984725
4043,63260301987,234608,63260536595,8,0,1,52736,8,8778002340
4044,63260305224,173064,63260478288,9,0,0,14848,9,5713908675
4045,63260327364,110379,63260437743,9,0,1,5632,9,5251741213
4046,63260346878,99868,63260446746,1,0,1,368640,1,5840793496
4047,63260369289,220811,63260590100,6,0,1,11776,6,2283377871
4048,63260393596,3900,63260397496,7,0,0,112128,7,1923943336
4049,63260415858,12304,63260428162,4,0,0,48128,4,1678401068
4050,63260468277,251723,63260720000,2,0,1,17920,2,7986074536
4051,63260569068,452328,63261021396,1,0,0,10752,1,9220955128
4052,63260581932,336400,63260918332,1,0,0,20480,1,10303673920
4053,63260600036,209605,63260809641,5,0,1,9728,5,1369201727
4054,63260781272,49614,63260830886,8,0,0,47616,8,128560378
4055,63260939657,61637,63261001294,8,0,0,99840,8,9901761852
4056,63260944942,106812,63261051754,6,0,0,132096,6,3075963335
4057,63261040612,70972,63261111584,6,0,1,8704,6,297325611
4058,63261099785,23462,63261123247,1,0,0,38912,1,6319751924
4059,63261275299,98068,63261373367,6,0,1,22016,6,8294466073
4060,63261311899,99472,63261411371,6,0,1,26624,6,2428553877
4061,63261497858,63187,63261561045,6,0,0,102912,6,6496081662
4062,63261520772,84235,63261605007,6,0,1,8192,6,3468872661
4063,63261634961,64908,63261699869,1,0,1,161280,1,2303674356
4064,63261655591,73819,63261729410,6,0,0,109568,6,10347929783
4065,63261673933,160661,63261834594,9,0,0,89600,9,10482162756
4066,63261691197,344035,63262035232,4,0,1,512,4,6843582775
4067,63262048622,14025,63262062647,1,0,1,562176,1,510944055
4068,63262083015,4416,63262087431,1,0,0,27136,1,6073538811
4069,63262134000,32554,63262166554,7,0,1,5120,7,840155504
4070,63262145365,481102,63262626467,2,0,1,6144,2,2208884570
4071,63262187854,347029,63262534883,4,0,1,16896,4,402612865
4072,63262192414,402454,63262594868,8,0,0,11776,8,7981783579
4073,63262297601,392972,63262690573,5,0,0,53248,5,10215478402
4074,63262299869,241459,63262541328,9,0,1,9728,9,7659720954
4075,63262446900,131862,63262578762,0,0,0,162816,0,4192102196
4076,63262460544,191762,63262652306,9,0,1,3584,9,5590858422
4077,63262534321,150897,63262685218,7,0,0,148992,7,10115498406
4078,63262557676,128848,63262686524,3,0,0,2048,3,7239076214
4079,63262610163,31779,63262641942,1,0,1,45568,1,521546132
4080,63262627362,237962,63262865324,3,0,1,7168,3,3117782210
4081,63262771900,230567,63263002467,8,0,0,51712,8,7571494401
4082,63262872206,61521,63262933727,2,0,1,12288,2,950059631
4083,63262881035,118163,63262999198,9,0,1,1024,9,4202420734
4084,63262958439,183137,63263141576,1,0,0,296448,1,4651920181
4085,63262968006,63685,63263031691,4,0,1,32256,4,2015375599
4086,63263098475,62909,63263161384,1,0,0,73728,1,3184479619
4087,63263111002,51923,63263162925,0,0,0,39936,0,324953919
4088,63263126494,280979,63263407473,5,0,0,7168,5,8082332594
4089,63263234004,43900,63263277904,9,0,1,512,9,3526620319
4090,63263266139,56850,63263322989,0,0,0,97280,0,7489017720
4091,63263360196,1038,63263361234,5,0,0,1024,5,10711801528
4092,63263370219,10495,63263380714,9,0,0,16896,9,1426867420
4093,63263500751,124883,63263625634,3,0,0,206336,3,2754235560
4094,63263526677,92270,63263618947,3,0,1,30720,3,793852631
4095,63263545013,87653,63263632666,1,0,0,47616,1,1859205729
4096,63263554728,201368,63263756096,3,0,1,2048,3,10502047725
4097,63263554776,96526,63263651302,9,0,0,8192,9,34295414
4098,63263587690,202962,63263790652,9,0,1,22016,9,1144346169
4099,63263632466,197767,63263830233,0,0,1,3072,0,2737469143
4100,63263656106,207735,63263863841,4,0,1,32256,4,8193834158
4101,63263750071,133029,63263883100,1,0,1,77824,1,9637169234
4102,63263755023,113826,63263868849,7,0,0,215552,7,2672349402
4103,63263760022,92262,63263852284,1,0,1,68608,1,2885040508
4104,63263768640,113664,63263882304,4,0,1,2560,4,9857097451
4105,63263811233,240827,63264052060,9,0,0,128000,9,10422458983
4106,63263844241,4370,63263848611,7,0,0,46592,7,8603904320
4107,63263844856,276829,63264121685,6,0,0,72704,6,3403032490
4108,63263912618,377562,63264290180,1,0,1,17408,1,9153295411
4109,63263971813,242615,63264214428,9,0,1,9728,9,5668130549
4110,63263997542,208639,63264206181,2,0,0,4608,2,1605395411
4111,63264083122,343301,63264426423,1,0,1,265216,1,5480233030
4112,63264250355,176703,63264427058,1,0,1,2048,1,4302510794
4113,63264324130,108711,63264432841,2,0,1,18944,2,5796317312
4114,63264339515,155863,63264495378,4,0,0,253440,4,1626920380
4115,63264343270,134871,63264478141,9,0,1,47616,9,7599631103
4116,63264392381,3641,63264396022,5,0,0,111616,5,9806994137
4117,63264488905,300213,63264789118,8,0,1,363008,8,217600249
4118,63264511620,102395,63264614015,9,0,1,12288,9,4484645686
4119,63264560368,73054,63264633422,7,0,0,10240,7,3046880041
4120,63264697020,88559,63264785579,4,0,1,43520,4,10326747
4121,63264733244,80760,63264814004,4,0,0,165888,4,3959797042
4122,63264800140,400502,63265200642,3,0,0,118784,3,8335135113
4123,63264801110,243880,63265044990,5,0,0,62464,5,3791658534
4124,63264820455,636620,63265457075,1,0,0,47104,1,4741444923
4125,63264952558,172978,63265125536,0,0,0,107008,0,1745110412
4126,63265070715,68154,63265138869,7,0,0,25600,7,7144146428
4127,63265075216,80633,63265155849,5,0,0,36864,5,7661317810
4128,63265102239,59204,63265161443,7,0,0,26624,7,5801795943
4129,63265104535,62707,63265167242,9,0,0,27648,9,9120144436
4130,63265104638,286523,63265391161,8,0,1,211968,8,2879289417
4131,63265166856,249414,63265416270,7,0,1,19456,7,1522347640
4132,63265379644,167569,63265547213,0,0,0,304128,0,481027172
4133,63265381627,112075,63265493702,2,0,1,45568,2,7855046214
4134,63265455489,196900,63265652389,3,0,1,10240,3,8675035778
4135,63265497957,116047,63265614004,3,0,1,21504,3,4599159682
4136,63265672976,160579,63265833555,4,0,1,4608,4,7837733115
4137,63265673119,54052,63265727171,4,0,1,18432,4,6726266622
4138,63265782778,4370,63265787148,5,0,1,3584,5,2976701013
4139,63265847743,41449,63265889192,8,0,0,4608,8,3893708909
4140,63265848875,29308,63265878183,8,0,0,66560,8,7929801044
4141,63265862296,232574,63266094870,0,0,0,14336,0,9335395708
4142,63265867890,78208,63265946098,9,0,1,16896,9,2083823820
4143,63265974416,113812,63266088228,9,0,0,184832,9,77465048
4144,63266038344,75908,63266114252,6,0,0,91648,6,10278939543
4145,63266063160,72188,63266135348,7,0,0,76288,7,8606264928
4146,63266064358,52231,63266116589,8,0,1,218112,8,9968910961
4147,63266104520,95032,63266199552,4,0,0,77824,4,8228628070
4148,63266181336,30487,63266211823,2,0,1,13824,2,7554623446
4149,63266281704,17133,63266298837,7,0,0,49152,7,1391625921
4150,63266300755,343716,63266644471,5,0,0,18944,5,5172349379
4151,63266360667,71549,63266432216,9,0,0,43520,9,9443612685
4152,63266442393,158917,63266601310,2,0,1,9216,2,626459854
4153,63266442448,135613,63266578061,1,0,1,163840,1,2489435393
4154,63266477567,14283,63266491850,4,0,0,220672,4,9327456159
4155,63266561144,11342,63266572486,3,0,1,10752,3,4137764554
4156,63266721360,374462,63267095822,1,0,0,27648,1,5538728610
4157,63266722381,263585,63266985966,8,0,1,22016,8,5503640764
4158,63266728487,179415,63266907902,8,0,0,6656,8,3059163870
4159,63266747089,101362,63266848451,8,0,1,196608,8,7919846183
4160,63266856745,339475,63267196220,7,0,0,163840,7,8661394919
4161,63266907172,193520,63267100692,8,0,0,313344,8,1948724865
4162,63266924970,191787,63267116757,1,0,0,60416,1,6165434478
4163,63266932330,195973,63267128303,8,0,0,47104,8,1782484168
4164,63267025696,109020,63267134716,9,0,0,22528,9,156329128
4165,63267068633,179116,63267247749,1,0,0,250368,1,6366362803
4166,63267100304,174422,63267274726,1,0,1,863744,1,6363449681
4167,63267105508,158132,63267263640,0,0,0,104960,0,9847977705
4168,63267106459,111444,63267217903,4,0,1,14848,4,10190594885
4169,63267115338,86476,63267201814,0,0,1,33792,0,9946505878
4170,63267137453,169368,63267306821,8,0,0,50176,8,9751361798
4171,63267190452,153436,63267343888,9,0,0,22016,9,3805957487
4172,63267215766,228108,63267443874,2,0,0,512,2,4331191758
4173,63267222505,420703,63267643208,6,0,0,276480,6,9625040761
4174,63267243583,267510,63267511093,0,0,0,8192,0,5304850548
4175,63267251603,200171,63267451774,1,0,0,272896,1,8044309340
4176,63267260306,122927,63267383233,5,0,1,1536,5,8462704082
4177,63267284524,393685,63267678209,0,0,0,239616,0,8510796745
4178,63267336338,73571,63267409909,2,0,1,23040,2,8913313611
4179,63267388050,603645,63267991695,9,0,0,123904,9,9680722723
4180,63267417569,17931,63267435500,8,0,1,72704,8,1116323773
4181,63267465640,71762,63267537402,2,0,0,512,2,1810759142
4182,63267488213,999715,63268487928,0,0,1,11264,0,1901695867
4183,63267630957,770712,63268401669,7,0,0,119808,7,8946349228
4184,63267692184,711644,63268403828,2,0,0,3584,2,6315231780
4185,63267696904,381738,63268078642,4,0,0,116224,4,1126246337
4186,63267747486,351939,63268099425,7,0,0,250880,7,3170352306
4187,63267777296,644465,63268421761,7,0,0,96256,7,412003606
4188,63267981862,165038,63268146900,5,0,0,24064,5,8500346889
4189,63268026103,187199,63268213302,2,0,1,1536,2,4745843402
4190,63268048978,143768,63268192746,1,0,0,160256,1,1258895353
4191,63268066108,132134,63268198242,3,0,1,21504,3,8141928940
4192,63268093715,99793,63268193508,2,0,0,2048,2,9565308714
4193,63268106015,85416,63268191431,8,0,0,1024,8,6114924255
4194,63268144155,21507,63268165662,3,0,0,27648,3,1555663204
4195,63268149321,281022,63268430343,8,0,1,139776,8,8380684920
4196,63268219364,321506,63268540870,3,0,0,142848,3,5604524111
4197,63268285081,3900,63268288981,2,0,1,47616,2,7310870699
4198,63268289174,327370,63268616544,0,0,0,19968,0,8606325378
4199,63268383344,112779,63268496123,7,0,0,10752,7,585300994
4200,63268408850,296281,63268705131,3,0,0,182784,3,3301802591
4201,63268606208,142895,63268749103,0,0,0,231424,0,3137317067
4202,63268612733,93418,63268706151,2,0,1,13312,2,4539787084
4203,63268660511,79646,63268740157,4,0,0,7680,4,4267482582
4204,63268687926,170041,63268857967,5,0,1,512,5,8645778167
4205,63268722837,73200,63268796037,6,0,1,3584,6,5432359255
4206,63268769726,131196,63268900922,7,0,1,512,7,2295024009
4207,63268808662,20362,63268829024,7,0,1,4096,7,7080579283
4208,63268820194,147460,63268967654,8,0,1,296448,8,7666550614
4209,63268850573,6225,63268856798,3,0,1,7680,3,6779635240
4210,63268904425,15575,63268920000,9,0,1,6656,9,5825182816
4211,63268953250,294519,63269247769,0,0,1,1024,0,6307810247
4212,63268956864,387186,63269344050,3,0,0,32768,3,4826295165
4213,63269005239,254453,63269259692,8,0,1,19968,8,5793617564
4214,63269008007,208559,63269216566,1,0,0,15360,1,2457150525
4215,63269043593,311436,63269355029,7,0,0,30208,7,2473004503
4216,63269069012,38608,63269107620,0,0,1,512,0,3495318309
4217,63269170724,152975,63269323699,1,0,1,52736,1,8407558550
4218,63269171278,21400,63269192678,2,0,1,13824,2,4546317739
4219,63269179728,59794,63269239522,2,0,0,2560,2,7124867188
4220,63269202155,3900,63269206055,5,0,1,512,5,9015805469
4221,63269211083,152997,63269364080,5,0,0,30720,5,1717795136
4222,63269216848,260909,63269477757,3,0,1,11264,3,6784851433
4223,63269279819,126950,63269406769,1,0,0,10752,1,9274781639
4224,63269329931,138960,63269468891,7,0,0,210432,7,3780587129
4225,63269360368,369953,63269730321,9,0,0,145920,9,9492745644
4226,63269366098,104464,63269470562,6,0,1,3072,6,2606831257
4227,63269451461,15143,63269466604,0,0,1,43008,0,1880689369
4228,63269487958,95822,63269583780,3,0,1,2560,3,626114893
4229,63269540793,239684,63269780477,8,0,0,9728,8,7446949191
4230,63269562097,1038,63269563135,1,0,1,112128,1,8444471628
4231,63269652190,412933,63270065123,1,0,1,330240,1,5990051542
4232,63269682580,37642,63269720222,1,0,1,50176,1,1501182881
4233,63269831352,311422,63270142774,5,0,1,3072,5,1152086567
4234,63269895596,163597,63270059193,2,0,0,1024,2,9153266203
4235,63269937399,458758,63270396157,8,0,0,5120,8,3558422255
4236,63269983336,136334,63270119670,4,0,0,202752,4,1679251035
4237,63269986035,160580,63270146615,1,0,0,96256,1,10326455793
4238,63270056522,76583,63270133105,3,0,1,12288,3,388874430
4239,63270142862,21570,63270164432,0,0,0,129024,0,9690547882
4240,63270192237,200836,63270393073,4,0,1,33792,4,4873137622
4241,63270201101,86450,63270287551,8,0,0,5120,8,7858400184
4242,63270224399,77988,63270302387,7,0,0,144896,7,10239832415
4243,63270233527,187595,63270421122,2,0,0,1024,2,2301129761
4244,63270274139,196363,63270470502,3,0,0,318976,3,1107082919
4245,63270402286,72082,63270474368,8,0,0,6144,8,10060022790
4246,63270435781,32554,63270468335,1,0,1,9728,1,7911401319
4247,63270534793,264728,63270799521,2,0,1,5120,2,8879995001
4248,63270596098,4712,63270600810,0,0,0,53248,0,9120559763
4249,63270612173,190766,63270802939,8,0,1,10240,8,5184770009
4250,63270644656,138348,63270783004,6,0,1,4096,6,839908003
4251,63270662142,30745,63270692887,7,0,1,53760,7,6079243428
4252,63270692982,54613,63270747595,8,0,1,191488,8,6987672248
4253,63270698255,203813,63270902068,2,0,0,2560,2,10238798958
4254,63270736632,32295,63270768927,1,0,0,49664,1,8886846008
4255,63270754322,562,63270754884,7,0,1,39424,7,8681425788
4256,63270754526,268136,63271022662,9,0,1,1536,9,7395526850
4257,63270761656,315375,63271077031,3,0,0,89600,3,10571566790
4258,63270830018,235226,63271065244,9,0,0,52736,9,2279977634
4259,63270847328,235517,63271082845,9,0,1,31744,9,6771159302
4260,63270868255,172708,63271040963,4,0,1,45568,4,221870869
4261,63270889865,127386,63271017251,4,0,1,30208,4,6565141752
4262,63270890506,54787,63270945293,2,0,0,512,2,8694713282
4263,63270894517,253458,63271147975,2,0,1,32768,2,2705280088
4264,63270913588,216264,63271129852,7,0,0,76288,7,10144189097
4265,63270939509,188917,63271128426,4,0,1,14848,4,5329361578
4266,63270962030,279915,63271241945,6,0,1,26112,6,9992208689
4267,63270989847,276715,63271266562,3,0,0,43008,3,4368882161
4268,63271166611,118524,63271285135,6,0,0,187904,6,8401645105
4269,63271239728,57056,63271296784,1,0,0,39424,1,9518039592
4270,63271290818,6734,63271297552,8,0,0,11776,8,2091399511
4271,63271319136,3894,63271323030,8,0,0,4096,8,9080843553
4272,63271322952,184895,63271507847,9,0,1,28160,9,9993639539
4273,63271328467,246738,63271575205,7,0,1,52224,7,6177854538
4274,63271477579,69259,63271546838,3,0,1,13312,3,766844046
4275,63271494239,40804,63271535043,9,0,1,7168,9,5272400564
4276,63271499032,231952,63271730984,8,0,1,558592,8,9348698742
4277,63271500442,104116,63271604558,9,0,0,87040,9,431467886
4278,63271528908,53938,63271582846,1,0,0,2560,1,6199289722
4279,63271554390,1990,63271556380,0,0,1,14336,0,2389735222
4280,63271612593,316876,63271929469,5,0,0,172544,5,9704981482
4281,63271678324,388957,63272067281,7,0,0,49664,7,8118021045
4282,63271799956,592997,63272392953,4,0,1,19456,4,10380885890
4283,63271853038,298044,63272151082,2,0,0,2048,2,2860772663
4284,63271901569,197074,63272098643,5,0,1,2048,5,2647819800
4285,63271928226,129398,63272057624,6,0,1,61440,6,5225644880
4286,63271964474,99140,63272063614,5,0,1,1024,5,6394045162
4287,63271982850,163689,63272146539,7,0,0,23040,7,7492422618
4288,63271994270,95494,63272089764,3,0,0,84992,3,5036140128
4289,63272046136,216001,63272262137,5,0,1,1536,5,1422128330
4290,63272074216,155953,63272230169,1,0,0,39936,1,4038810358
4291,63272074491,39128,63272113619,8,0,0,145408,8,7117318975
4292,63272207995,53491,63272261486,0,0,0,55296,0,1538780168
4293,63272233265,408539,63272641804,1,0,0,90624,1,2117316549
4294,63272234063,46216,63272280279,1,0,1,11264,1,7514899004
4295,63272290560,44381,63272334941,3,0,0,54272,3,2154582084
4296,63272296522,166401,63272462923,1,0,0,58880,1,4357124228
4297,63272316370,113037,63272429407,3,0,1,23552,3,6548210057
4298,63272324790,186754,63272511544,9,0,1,19456,9,4536234677
4299,63272345296,337894,63272683190,6,0,0,183296,6,1341580649
4300,63272445698,91574,63272537272,7,0,1,12288,7,6734457269
4301,63272570437,182477,63272752914,7,0,1,1024,7,7826615193
4302,63272579427,142637,63272722064,4,0,1,34304,4,3683855940
4303,63272612318,157519,63272769837,1,0,1,11264,1,6441505089
4304,63272619509,339287,63272958796,0,0,0,230912,0,1126665565
4305,63272648453,176365,63272824818,9,0,0,201728,9,1447489460
4306,63272650744,265275,63272916019,1,0,0,270336,1,8001706880
4307,63272713024,194975,63272907999,1,0,1,4608,1,2465192113
4308,63272726638,193489,63272920127,3,0,0,26624,3,5519700618
4309,63272796031,206505,63273002536,7,0,0,226816,7,5881994727
4310,63272804008,172215,63272976223,9,0,0,67584,9,5094118259
4311,63272844404,185512,63273029916,9,0,0,20992,9,690042879
4312,63272852100,187900,63273040000,8,0,0,75776,8,9229170134
4313,63272885695,4158,63272889853,3,0,0,114688,3,5453458633
4314,63272903004,422459,63273325463,7,0,1,19968,7,1090336885
4315,63273046349,333422,63273379771,2,0,1,6656,2,1836616311
4316,63273115144,255502,63273370646,1,0,0,11264,1,6098114199
4317,63273125415,196363,63273321778,0,0,0,318976,0,3268161124
4318,63273241822,78779,63273320601,2,0,1,3072,2,3289515438
4319,63273243249,170089,63273413338,6,0,1,5632,6,5774935302
4320,63273247303,123898,63273371201,4,0,1,1024,4,5071104571
4321,63273268716,202853,63273471569,0,0,0,81920,0,7848593732
4322,63273299782,287541,63273587323,0,0,0,197120,0,853232252
4323,63273344708,213752,63273558460,9,0,0,322560,9,6088500789
4324,63273364259,210421,63273574680,6,0,1,41984,6,6757684026
4325,63273374165,208104,63273582269,3,0,0,92160,3,8530590779
4326,63273397680,153733,63273551413,1,0,0,68608,1,8524346372
4327,63273441187,76650,63273517837,8,0,1,1042944,8,9997379546
4328,63273454957,165900,63273620857,4,0,0,4608,4,2447516961
4329,63273533320,125454,63273658774,0,0,0,14336,0,5348564952
4330,63273637023,496969,63274133992,7,0,0,272896,7,7205439381
4331,63273683370,136817,63273820187,8,0,0,28160,8,5584323478
4332,63273945123,126561,63274071684,8,0,0,226304,8,5902771150
4333,63273946780,201200,63274147980,9,0,1,19456,9,2840964314
4334,63273958285,1140210,63275098495,3,0,0,4608,3,1537196051
4335,63274011945,640628,63274652573,0,0,0,324608,0,6840676761
4336,63274083050,506998,63274590048,5,0,1,47104,5,1439093967
4337,63274085733,524076,63274609809,4,0,1,17408,4,8089980587
4338,63274269537,222206,63274491743,6,0,0,33792,6,1910198587
4339,63274280951,358451,63274639402,8,0,1,68096,8,1796092576
4340,63274301136,117403,63274418539,1,0,0,130048,1,1178659962
4341,63274331246,393370,63274724616,2,0,0,512,2,623437197
4342,63274353753,363606,63274717359,1,0,0,159744,1,3374799441
4343,63274366382,399233,63274765615,3,0,1,3072,3,1503390760
4344,63274380896,377689,63274758585,8,0,1,5120,8,8724004342
4345,63274386127,411945,63274798072,1,0,0,43520,1,7253807041
4346,63274404975,545334,63274950309,2,0,1,1024,2,1187605028
4347,63274440525,403993,63274844518,4,0,0,207360,4,6468391422
4348,63274509970,492925,63275002895,6,0,1,7168,6,6603548413
4349,63274532775,354802,63274887577,9,0,0,197120,9,2815660066
4350,63274543529,373493,63274917022,4,0,1,1536,4,6337171025
4351,63274544258,378689,63274922947,7,0,0,63488,7,10180567175
4352,63274574137,350756,63274924893,2,0,0,3072,2,10274793372
4353,63274626153,156740,63274782893,8,0,1,67584,8,3862165665
4354,63274757856,183611,63274941467,3,0,1,35328,3,2615253961
4355,63274793870,395659,63275189529,1,0,0,81920,1,3248503137
4356,63274818995,5192,63274824187,0,0,0,175104,0,9582888301
4357,63274829188,619610,63275448798,7,0,1,12288,7,9520631050
4358,63275055104,420330,63275475434,7,0,1,13824,7,3782637307
4359,63275161615,115542,63275277157,1,0,1,8704,1,5642037220
4360,63275190826,279739,63275470565,1,0,1,7680,1,935989164
4361,63275202987,218090,63275421077,3,0,1,14336,3,9301559862
4362,63275207792,43366,63275251158,5,0,0,13312,5,3869014456
4363,63275349933,221903,63275571836,6,0,1,10240,6,748101174
4364,63275367624,140662,63275508286,9,0,0,74240,9,7186627055
4365,63275482475,239100,63275721575,6,0,0,392192,6,9642095757
4366,63275522366,188779,63275711145,1,0,1,10752,1,4403773587
4367,63275549168,241019,63275790187,6,0,0,61952,6,4157585941
4368,63275610988,156209,63275767197,6,0,1,4608,6,253067091
4369,63275612824,126604,63275739428,2,0,1,14336,2,7041679715
4370,63275648247,176946,63275825193,5,0,0,119296,5,464521091
4371,63275763879,117859,63275881738,9,0,0,196096,9,6511099878
4372,63275766865,134432,63275901297,5,0,1,11264,5,7923400822
4373,63275768402,113414,63275881816,1,0,0,76288,1,1885697608
4374,63275795219,167117,63275962336,4,0,0,27648,4,7176630183
4375,63275879674,206416,63276086090,2,0,1,23040,2,6220095331
4376,63275887624,238030,63276125654,7,0,1,17920,7,2629992892
4377,63275918947,304366,63276223313,8,0,1,137216,8,3575522869
4378,63275934787,127725,63276062512,7,0,1,29184,7,3583113407
4379,63276104701,351223,63276455924,5,0,0,211968,5,7886555823
4380,63276177407,84729,63276262136,8,0,1,141824,8,7458163961
4381,63276249954,267680,63276517634,8,0,0,138240,8,4530772727
4382,63276283114,486029,63276769143,7,0,0,772096,7,4556587836
4383,63276299126,429582,63276728708,3,0,1,45056,3,4475570143
4384,63276341847,448084,63276789931,4,0,0,66560,4,1704058946
4385,63276347709,535045,63276882754,6,0,1,4096,6,5921153063
4386,63276392791,441391,63276834182,4,0,0,116736,4,6136713684
4387,63276397197,439648,63276836845,6,0,0,41984,6,4146869206
4388,63276414970,330774,63276745744,2,0,1,16384,2,788772211
4389,63276466754,368762,63276835516,8,0,1,240128,8,9714956584
4390,63276516491,262532,63276779023,5,0,0,33280,5,2131083268
4391,63276526288,527634,63277053922,3,0,0,163328,3,6861947619
4392,63276633286,341995,63276975281,7,0,0,11776,7,10549304662
4393,63276652872,242162,63276895034,7,0,1,1536,7,7244210530
4394,63276735819,117186,63276853005,1,0,1,25088,1,3973643760
4395,63276752716,635138,63277387854,5,0,0,146944,5,137953219
4396,63276847104,361247,63277208351,4,0,1,20480,4,9175988196
4397,63276877703,5436,63276883139,4,0,0,103936,4,4886289223
4398,63276891988,12045,63276904033,1,0,1,70144,1,4934858038
4399,63277096468,306176,63277402644,2,0,0,5120,2,110673000
4400,63277147313,375036,63277522349,8,0,0,19968,8,7025600911
4401,63277182747,123160,63277305907,6,0,0,179712,6,5634565432
4402,63277194272,133550,63277327822,3,0,0,80384,3,4137492613
4403,63277212959,562,63277213521,5,0,1,9728,5,6507813824
4404,63277241106,226527,63277467633,5,0,1,5120,5,7873318765
4405,63277336233,281753,63277617986,4,0,1,2560,4,4319575777
4406,63277384637,198901,63277583538,2,0,0,512,2,7035874042
4407,63277518445,13854,63277532299,5,0,1,35328,5,1549087573
4408,63277532596,26033,63277558629,1,0,0,23552,1,136514312
4409,63277535966,196923,63277732889,9,0,0,36352,9,9628434790
4410,63277648065,19500,63277667565,7,0,1,16896,7,4486462657
4411,63277655182,91900,63277747082,8,0,1,404480,8,650616865
4412,63277695887,102246,63277798133,3,0,0,20480,3,9736374279
4413,63277707647,165213,63277872860,0,0,0,157184,0,1002433186
4414,63277712910,411787,63278124697,3,0,0,186880,3,7751152438
4415,63277720310,346702,63278067012,3,0,0,290304,3,6643062804
4416,63277779946,287077,63278067023,8,0,0,127488,8,5678927489
4417,63277844281,314000,63278158281,8,0,0,147456,8,1452485933
4418,63277915739,244168,63278159907,8,0,0,2560,8,9870035687
4419,63277926627,186720,63278113347,1,0,1,11776,1,178372436
4420,63277979600,147494,63278127094,8,0,0,22528,8,1687127070
4421,63278086478,308511,63278394989,8,0,1,41984,8,4884340807
4422,63278089566,144254,63278233820,2,0,1,512,2,8796364733
4423,63278212035,480762,63278692797,7,0,1,5120,7,10339454802
4424,63278256526,205210,63278461736,3,0,1,18944,3,1674847141
4425,63278262679,236688,63278499367,0,0,1,16896,0,8566721942
4426,63278389801,119717,63278509518,3,0,1,33280,3,6135638751
4427,63278458714,72423,63278531137,4,0,1,4096,4,8328111131
4428,63278489841,104721,63278594562,8,0,1,288768,8,4536809736
4429,63278510368,75380,63278585748,3,0,0,170496,3,9732649357
4430,63278560293,113812,63278674105,0,0,0,73728,0,5144014180
4431,63278586471,299212,63278885683,1,0,0,184832,1,3773933732
4432,63278588298,160531,63278748829,0,0,1,33280,0,10005363030
4433,63278628533,264112,63278892645,5,0,0,114688,5,2101726284
4434,63278836747,164696,63279001443,9,0,0,267264,9,8571084508
4435,63278953610,50419,63279004029,8,0,0,4096,8,6418659069
4436,63278956886,123679,63279080565,1,0,0,200704,1,8106918990
4437,63279000862,1990,63279002852,1,0,1,18944,1,6362781172
4438,63279096771,223079,63279319850,1,0,0,2048,1,6542805024
4439,63279144548,224154,63279368702,1,0,0,363008,1,872058816
4440,63279148452,204699,63279353151,1,0,1,13824,1,2543882292
4441,63279170314,79418,63279249732,9,0,0,30208,9,10653045850
4442,63279296581,57141,63279353722,4,0,0,1536,4,6193455661
4443,63279311123,27995,63279339118,3,0,1,7168,3,7959885906
4444,63279319524,326243,63279645767,8,0,0,1024,8,2243068401
4445,63279349656,241576,63279591232,2,0,0,1536,2,9019467733
4446,63279376638,206993,63279583631,0,0,1,15872,0,123199271
4447,63279400618,206051,63279606669,2,0,1,11776,2,6140595291
4448,63279541248,69332,63279610580,0,0,1,12800,0,384215253
4449,63279579452,100547,63279679999,5,0,1,21504,5,4915667411
4450,63279606186,280942,63279887128,8,0,1,285184,8,4641475065
4451,63279686183,308135,63279994318,8,0,1,141824,8,8975062276
4452,63279697197,286971,63279984168,8,0,1,354304,8,3542609324
4453,63279707928,117932,63279825860,2,0,1,512,2,6145493054
4454,63279709210,21384,63279730594,8,0,1,224256,8,8331799771
4455,63279732596,1038,63279733634,4,0,0,465408,4,9366028065
4456,63279748292,494752,63280243044,1,0,1,5120,1,540095703
4457,63279881705,457249,63280338954,0,0,1,14848,0,2426557716
4458,63279907741,373296,63280281037,4,0,0,29184,4,7374106722
4459,63280009474,118844,63280128318,0,0,0,24576,0,87821656
4460,63280101669,571365,63280673034,2,0,0,1024,2,5737349810
4461,63280139460,693492,63280832952,5,0,0,86016,5,1083675002
4462,63280518947,101500,63280620447,5,0,1,33280,5,4410991240
4463,63280548283,64348,63280612631,7,0,1,34816,7,6396258706
4464,63280571919,80850,63280652769,0,0,1,7168,0,5620757394
4465,63280581777,50668,63280632445,3,0,1,3072,3,957477722
4466,63280605005,145166,63280750171,0,0,1,2560,0,10458921797
4467,63280670389,78633,63280749022,3,0,1,2048,3,7690483885
4468,63280710390,48976,63280759366,5,0,1,2048,5,762950954
4469,63280779643,48976,63280828619,7,0,1,2048,7,9946884011
4470,63280908508,57436,63280965944,2,0,1,4608,2,9822746989
4471,63280970903,70972,63281041875,0,0,1,8704,0,5697039838
4472,63281133427,562,63281133989,2,0,0,512,2,456933041
4473,63281162537,97350,63281259887,5,0,0,162816,5,4639093029
4474,63281165647,94496,63281260143,5,0,0,9216,5,6484533592
4475,63281185256,100604,63281285860,3,0,0,81920,3,5828247111
4476,63281313012,22858,63281335870,9,0,0,40960,9,360024539
4477,63281322681,45985,63281368666,8,0,0,73728,8,7420672765
4478,63281324903,235789,63281560692,8,0,1,73728,8,7667764476
4479,63281543524,59322,63281602846,3,0,0,68608,3,9151052151
4480,63281573315,46415,63281619730,0,0,0,64512,0,5650443458
4481,63281609822,25183,63281635005,3,0,0,45568,3,246367522
4482,63281713173,206229,63281919402,6,0,0,334848,6,2854470887
4483,63281845446,152875,63281998321,2,0,1,512,2,8332191602
4484,63281872605,253619,63282126224,7,0,1,15872,7,9247948037
4485,63281891995,277856,63282169851,8,0,1,110592,8,3766084760
4486,63282053209,103503,63282156712,4,0,1,20480,4,7575810713
4487,63282108824,124551,63282233375,3,0,1,63488,3,10223501421
4488,63282163952,143229,63282307181,6,0,1,72704,6,1896208318
4489,63282195933,164486,63282360419,5,0,1,19456,5,7846497017
4490,63282430955,80392,63282511347,0,0,1,19456,0,391841487
4491,63282473647,86396,63282560043,7,0,1,5632,7,3470321134
4492,63282601892,32983,63282634875,7,0,0,57344,7,9883587490
4493,63282632267,34275,63282666542,4,0,1,18944,4,981483815
4494,63282658189,86380,63282744569,5,0,0,59904,5,3537694539
4495,63282672874,87233,63282760107,1,0,1,1536,1,4948634407
4496,63282825003,109913,63282934916,5,0,1,24064,5,8226189961
4497,63282833873,133029,63282966902,6,0,0,215552,6,8263821141
4498,63282841901,209170,63283051071,1,0,1,8704,1,8714182080
4499,63282900870,265687,63283166557,6,0,0,430592,6,6560829851
4500,63282980441,192734,63283173175,3,0,0,23552,3,4272433779
4501,63283200720,105072,63283305792,7,0,1,15872,7,1502400338
4502,63283277983,63962,63283341945,6,0,0,104448,6,8587657654
4503,63283282714,85357,63283368071,3,0,0,92160,3,10557977827
4504,63283345766,86683,63283432449,7,0,1,4096,7,1255143078
4505,63283406150,97752,63283503902,7,0,1,1536,7,3966639259
4506,63283604400,189652,63283794052,8,0,1,161280,8,10217086870
4507,63283657261,274779,63283932040,9,0,0,444928,9,10512584900
4508,63283687426,265607,63283953033,3,0,0,75776,3,9719448516
4509,63283769567,185412,63283954979,8,0,0,3072,8,6272612648
4510,63283820766,107321,63283928087,5,0,1,5632,5,9347772956
4511,63283889183,32812,63283921995,3,0,0,141312,3,1947870940
4512,63283986419,281426,63284267845,8,0,0,53760,8,10197628778
4513,63283997098,110391,63284107489,6,0,0,173568,6,7832048720
4514,63284021911,102462,63284124373,4,0,0,64512,4,2316191108
4515,63284057059,131997,63284189056,3,0,0,184320,3,9897060605
4516,63284089810,240205,63284330015,6,0,1,6144,6,10567892484
4517,63284394797,6274,63284401071,4,0,0,6656,4,5491180570
4518,63284550244,43108,63284593352,7,0,1,3584,7,7121752863
4519,63284553408,54687,63284608095,8,0,1,163328,8,10250906936
4520,63284556718,190276,63284746994,7,0,0,73728,7,5932927675
4521,63284609298,113888,63284723186,4,0,1,3584,4,1738112049
4522,63284630127,135836,63284765963,4,0,1,1024,4,9549530899
4523,63284716993,90911,63284807904,5,0,1,11776,5,474736724
4524,63284723946,95234,63284819180,7,0,0,120832,7,5322880388
4525,63284739554,90456,63284830010,5,0,0,43520,5,2114860932
4526,63284754537,44226,63284798763,0,0,1,11776,0,6797389483
4527,63284788158,76057,63284864215,3,0,1,18944,3,4766870990
4528,63284806470,45692,63284852162,1,0,0,66048,1,7175359878
4529,63284815199,161200,63284976399,4,0,0,102912,4,1479546841
4530,63284848357,243167,63285091524,2,0,1,28160,2,7148072127
4531,63284934146,352107,63285286253,7,0,0,78848,7,975694480
4532,63285032480,85933,63285118413,0,0,1,16384,0,9633953710
4533,63285060521,123526,63285184047,5,0,0,143872,5,2219222297
4534,63285063576,94629,63285158205,3,0,0,39936,3,7022018301
4535,63285135156,64908,63285200064,4,0,0,109568,4,10076389036
4536,63285230660,15575,63285246235,5,0,1,3584,5,6831043737
4537,63285236818,49444,63285286262,1,0,0,30208,1,6189343529
4538,63285331252,31003,63285362255,3,0,0,50176,3,6800100051
4539,63285354346,54613,63285408959,6,0,0,89600,6,5580927459
4540,63285447543,91237,63285538780,8,0,1,309760,8,10083359458
4541,63285494189,330181,63285824370,3,0,0,147456,3,6287984519
4542,63285503389,274346,63285777735,8,0,0,355328,8,9240140155
4543,63285520207,257579,63285777786,4,0,0,56832,4,7380566780
4544,63285568937,286298,63285855235,6,0,0,270848,6,2290826901
4545,63285576062,258865,63285834927,1,0,1,18432,1,10662394233
4546,63285612742,184396,63285797138,4,0,0,61952,4,4049535966
4547,63285651022,314654,63285965676,7,0,1,40448,7,3638162270
4548,63285688837,87684,63285776521,2,0,0,2560,2,1165588523
4549,63285714498,236930,63285951428,5,0,1,30208,5,1193454662
4550,63285719331,161094,63285880425,8,0,1,15872,8,5990764279
4551,63285741796,382273,63286124069,8,0,1,38912,8,41356844
4552,63285742587,328012,63286070599,3,0,1,39936,3,3513190283
4553,63285772974,4416,63285777390,2,0,1,63488,2,9588357385
4554,63285822658,410006,63286232664,0,0,0,128512,0,3361053647
4555,63285848821,461758,63286310579,7,0,0,235520,7,3091295668
4556,63285906724,548939,63286455663,5,0,1,16384,5,9553875361
4557,63286126854,106183,63286233037,7,0,0,11776,7,5499703271
4558,63286161278,423524,63286584802,0,0,1,24576,0,7475655144
4559,63286176303,209009,63286385312,6,0,1,9216,6,5400716111
4560,63286213300,304143,63286517443,0,0,0,176640,0,1331180177
4561,63286248927,265806,63286514733,5,0,0,547840,5,5562368838
4562,63286298156,356096,63286654252,0,0,1,512,0,3692849988
4563,63286313324,278270,63286591594,4,0,1,13824,4,5673722100
4564,63286353186,208382,63286561568,0,0,0,93696,0,7898579970
4565,63286409788,163080,63286572868,0,0,1,19968,0,3727848727
4566,63286439549,193616,63286633165,0,0,0,54272,0,1154998920
4567,63286463216,122568,63286585784,3,0,1,36352,3,7117372855
4568,63286479269,111627,63286590896,4,0,1,26112,4,8115865566
4569,63286488397,137246,63286625643,2,0,0,5632,2,9523063584
4570,63286528107,422806,63286950913,4,0,1,2560,4,1287721597
4571,63286550328,68010,63286618338,4,0,0,68608,4,6195923403
4572,63286564594,443266,63287007860,2,0,0,5632,2,7769431373
4573,63286583417,235457,63286818874,3,0,1,73728,3,5365665577
4574,63286586802,350504,63286937306,5,0,1,10240,5,4243544997
4575,63286603926,433371,63287037297,6,0,1,14336,6,7210954140
4576,63286634182,340404,63286974586,7,0,1,5120,7,9895282926
4577,63286721196,161631,63286882827,7,0,0,110080,7,9508202052
4578,63286741512,168921,63286910433,4,0,1,22016,4,311531967
4579,63286756178,354712,63287110890,3,0,0,258560,3,3442314775
4580,63286763457,100009,63286863466,0,0,1,4096,0,5476769802
4581,63286788105,36125,63286824230,6,0,1,14848,6,10453122355
4582,63286858640,292651,63287151291,4,0,0,142848,4,850839071
4583,63286859722,55558,63286915280,8,0,1,76800,8,8035945789
4584,63286931928,38549,63286970477,0,0,0,39936,0,880641418
4585,63286976962,294928,63287271890,8,0,1,54272,8,4082312422
4586,63286987650,12045,63286999695,3,0,0,94720,3,4407685440
4587,63287005965,373605,63287379570,2,0,0,2048,2,750501862
4588,63287074168,272920,63287347088,5,0,0,19968,5,6559526825
4589,63287212262,42254,63287254516,5,0,0,12288,5,4213158723
4590,63287253414,21615,63287275029,9,0,0,34816,9,3646685041
4591,63287348557,52287,63287400844,7,0,1,28672,7,8986376081
4592,63287434466,248730,63287683196,2,0,1,9728,2,1427360397
4593,63287447322,189501,63287636823,8,0,0,84992,8,452515964
4594,63287456358,245109,63287701467,1,0,0,374272,1,7066894650
4595,63287498043,209018,63287707061,3,0,0,26624,3,1149060079
4596,63287529453,204349,63287733802,7,0,0,95232,7,5186258944
4597,63287601051,53321,63287654372,3,0,1,13312,3,3602042067
4598,63287641148,64133,63287705281,6,0,1,2048,6,844973294
4599,63287710129,215354,63287925483,8,0,0,87040,8,9194827419
4600,63287741633,212939,63287954572,6,0,0,108032,6,1589088857
4601,63287795668,93733,63287889401,1,0,0,155648,1,3769656781
4602,63287903624,14025,63287917649,6,0,1,2560,6,6672657130
4603,63287971801,137147,63288108948,3,0,0,27136,3,10635292732
4604,63288065843,76906,63288142749,3,0,1,1024,3,8116890240
4605,63288115301,179423,63288294724,0,0,1,32256,0,9779695354
4606,63288227937,337854,63288565791,9,0,0,547840,9,789659532
4607,63288257941,195272,63288453213,7,0,1,32768,7,5449804388
4608,63288354695,285866,63288640561,4,0,1,12800,4,7522779708
4609,63288371902,427104,63288799006,6,0,0,14848,6,7009638331
4610,63288402492,4846,63288407338,4,0,1,29184,4,7216183051
4611,63288513440,363211,63288876651,8,0,1,117760,8,6180187492
4612,63288515571,279208,63288794779,1,0,1,38912,1,6024571741
4613,63288601382,1038,63288602420,4,0,1,9216,4,4403334744
4614,63288677480,336682,63289014162,0,0,1,4096,0,549795063
4615,63288690459,251559,63288942018,4,0,1,43520,4,4836886906
4616,63288699200,179839,63288879039,2,0,0,5120,2,10504161662
4617,63288713783,119268,63288833051,8,0,1,80896,8,6695835918
4618,63288768500,203528,63288972028,7,0,1,9216,7,6841893974
4619,63288769319,30912,63288800231,0,0,1,28672,0,117573053
4620,63288795387,151641,63288947028,6,0,1,41472,6,2190434816
4621,63288806992,265167,63289072159,2,0,0,1024,2,1802035901
4622,63288886410,172886,63289059296,6,0,0,23552,6,3740112670
4623,63289013490,69029,63289082519,5,0,1,5120,5,10711333643
4624,63289122451,116825,63289239276,5,0,0,194048,5,2495574657
4625,63289132660,67991,63289200651,7,0,1,5120,7,6917718912
4626,63289177903,63187,63289241090,3,0,0,23552,3,4941428653
4627,63289179188,37791,63289216979,3,0,1,22528,3,3302588485
4628,63289209817,205902,63289415719,5,0,1,41984,5,175814440
4629,63289222481,103429,63289325910,1,0,0,102912,1,605722527
4630,63289250783,43267,63289294050,2,0,0,4608,2,2193164805
4631,63289264604,234121,63289498725,6,0,0,167936,6,10455730756
4632,63289265287,91646,63289356933,5,0,1,35840,5,10663340087
4633,63289335288,278882,63289614170,9,0,0,33792,9,9382740802
4634,63289340647,87389,63289428036,7,0,1,9216,7,8694373159
4635,63289409092,95025,63289504117,7,0,1,21504,7,488932490
4636,63289418978,60359,63289479337,6,0,1,23040,6,5005252221
4637,63289448037,10796,63289458833,0,0,0,158208,0,1201121568
4638,63289484329,4675,63289489004,0,0,0,2560,0,590071483
4639,63289537438,204737,63289742175,6,0,0,5632,6,2881302301
4640,63289579857,43147,63289623004,6,0,0,12288,6,9822778568
4641,63289583440,25700,63289609140,6,0,0,70144,6,10017174399
4642,63289597263,441999,63290039262,7,0,1,3072,7,4587972745
4643,63289652629,198213,63289850842,1,0,0,46592,1,7211896978
4644,63289712968,80957,63289793925,7,0,1,8704,7,4711268235
4645,63289726363,174015,63289900378,6,0,1,6656,6,8805806951
4646,63289810080,100717,63289910797,8,0,1,66560,8,726272503
4647,63289859807,80992,63289940799,3,0,1,30208,3,2112186666
4648,63289904904,99641,63290004545,0,0,1,17920,0,9950902424
4649,63289909261,214756,63290124017,3,0,1,16384,3,195406038
4650,63290084002,31520,63290115522,3,0,0,51200,3,8347641826
4651,63290099582,103170,63290202752,6,0,1,20480,6,529014227
4652,63290104525,15833,63290120358,9,0,0,167424,9,5414463917
4653,63290168716,159726,63290328442,6,0,1,35840,6,1794879682
4654,63290229374,24666,63290254040,6,0,0,30720,6,2721954417
4655,63290245665,562,63290246227,9,0,0,44544,9,10188314671
4656,63290272454,285063,63290557517,7,0,0,512,7,3611850803
4657,63290325628,335527,63290661155,8,0,1,305664,8,7864491069
4658,63290431874,110150,63290542024,2,0,1,19456,2,3548041213
4659,63290478658,258831,63290737489,8,0,1,63488,8,541385399
4660,63290551024,274957,63290825981,1,0,0,117760,1,9377819745
4661,63290620827,196908,63290817735,5,0,1,11264,5,939722386
4662,63290949126,7226,63290956352,2,0,0,7680,2,6241091036
4663,63291243475,167708,63291411183,9,0,0,276480,9,7493894193
4664,63291245782,166272,63291412054,3,0,0,12288,3,9301411225
4665,63291312149,4580,63291316729,6,0,1,44032,6,4931963150
4666,63291399473,199356,63291598829,4,0,1,18944,4,121263842
4667,63291409100,144704,63291553804,2,0,0,2560,2,9221067261
4668,63291410929,127831,63291538760,7,0,0,235008,7,4015693763
4669,63291421844,15575,63291437419,1,0,1,50688,1,6342128409
4670,63291428468,264991,63291693459,5,0,0,11264,5,6908886161
4671,63291580068,13576,63291593644,6,0,0,30208,6,5437717547
4672,63291679735,4416,63291684151,0,0,0,15872,0,1153044946
4673,63291699280,66332,63291765612,4,0,0,11776,4,9013245915
4674,63291702010,376154,63292078164,0,0,0,110592,0,4602230488
4675,63291799876,40870,63291840746,5,0,0,66048,5,8211968305
4676,63291895568,56552,63291952120,7,0,0,197120,7,2419917485
4677,63291960059,121870,63292081929,6,0,1,2048,6,2040089620
4678,63291960345,62790,63292023135,8,0,0,27136,8,3556047678
4679,63292014479,132770,63292147249,5,0,0,215040,5,3842487020
4680,63292157579,183654,63292341233,3,0,0,297472,3,3612992410
4681,63292165347,191951,63292357298,0,0,0,60416,0,9008554071
4682,63292170086,196912,63292366998,4,0,1,3072,4,6252607225
4683,63292227960,151950,63292379910,1,0,1,5120,1,9268667922
4684,63292234435,145486,63292379921,6,0,0,68608,6,1669589390
4685,63292268834,142793,63292411627,5,0,1,24576,5,6650126117
4686,63292301752,208733,63292510485,5,0,1,6656,5,10642138599
4687,63292314582,210641,63292525223,7,0,1,12288,7,10557994149
4688,63292352954,175337,63292528291,1,0,0,284672,1,3665423262
4689,63292414876,130094,63292544970,6,0,0,55296,6,6316524885
4690,63292424684,130521,63292555205,8,0,1,386560,8,4369170382
4691,63292431436,367712,63292799148,5,0,0,56832,5,4280349201
4692,63292501546,170380,63292671926,1,0,0,595968,1,7298608610
4693,63292541953,631531,63293173484,1,0,1,17408,1,3181045920
4694,63292569503,220367,63292789870,2,0,1,8704,2,8733733707
4695,63292617090,519588,63293136678,4,0,1,6656,4,9578449812
4696,63292652099,448492,63293100591,1,0,1,11264,1,7026221635
4697,63292699864,448287,63293148151,2,0,0,1536,2,5073015421
4698,63292776971,576525,63293353496,2,0,1,22528,2,9152491363
4699,63292835859,396771,63293232630,3,0,0,171520,3,7187977726
4700,63292844786,126927,63292971713,1,0,1,24576,1,8572447757
4701,63292903188,368839,63293272027,6,0,1,78848,6,268070605
4702,63293066610,509660,63293576270,0,0,1,2560,0,8990049700
4703,63293299134,106574,63293405708,0,0,1,512,0,1365539626
4704,63293316975,125483,63293442458,5,0,1,2048,5,9963991328
4705,63293428012,21395,63293449407,1,0,0,34816,1,6821711762
4706,63293514839,24666,63293539505,7,0,0,44544,7,6176397768
4707,63293606946,92836,63293699782,5,0,1,19968,5,4984374484
4708,63293656317,62412,63293718729,7,0,0,101376,7,8816336935
4709,63293658157,70374,63293728531,6,0,1,18432,6,247405766
4710,63293674341,22170,63293696511,7,0,1,4608,7,9418652929
4711,63293688844,139830,63293828674,1,0,1,27136,1,6925029698
4712,63293780076,266329,63294046405,4,0,0,36352,4,9138265100
4713,63293833663,101188,63293934851,1,0,1,32256,1,3583357704
4714,63293921866,81887,63294003753,8,0,1,705536,8,4888686531
4715,63293970555,84212,63294054767,8,0,1,140800,8,878346622
4716,63294029040,22429,63294051469,6,0,0,132608,6,10040363128
4717,63294124647,617133,63294741780,0,0,1,13824,0,9186913137
4718,63294200304,418575,63294618879,6,0,0,137216,6,5651741660
4719,63294288786,615578,63294904364,9,0,0,36864,9,3509428194
4720,63294452684,50110,63294502794,7,0,1,7680,7,6516756416
4721,63294567560,201029,63294768589,8,0,0,51200,8,8365520423
4722,63294609304,44658,63294653962,8,0,0,76800,8,4477193678
4723,63294640364,115363,63294755727,8,0,1,265216,8,5450964913
4724,63294680162,117333,63294797495,3,0,0,187904,3,3763131920
4725,63294689664,183317,63294872981,8,0,1,13312,8,5491507650
4726,63294734744,427983,63295162727,8,0,1,75776,8,1337608355
4727,63294936915,87881,63295024796,8,0,1,202240,8,4867138267
4728,63294980477,32812,63295013289,6,0,0,48640,6,7055585935
4729,63295075955,4104,63295080059,5,0,0,53760,5,10381510812
4730,63295097372,119220,63295216592,1,0,1,11264,1,3859561818
4731,63295105009,359586,63295464595,2,0,0,512,2,7784195857
4732,63295179392,120404,63295299796,6,0,1,10752,6,2138450199
4733,63295247350,57338,63295304688,7,0,0,12800,7,10303619420
4734,63295310019,67924,63295377943,4,0,1,13824,4,4969594641
4735,63295323504,10495,63295333999,6,0,1,4608,6,10132172054
4736,63295359133,113845,63295472978,1,0,1,68608,1,4098110746
4737,63295402990,112264,63295515254,7,0,1,39424,7,8656760701
4738,63295423147,36947,63295460094,6,0,0,16896,6,7315139541
4739,63295459367,150823,63295610190,7,0,0,45056,7,9621925210
4740,63295514069,39755,63295553824,6,0,0,55808,6,5932175476
4741,63295650873,132770,63295783643,4,0,0,215040,4,9033072283
4742,63295907373,100096,63296007469,1,0,1,28672,1,8162689866
4743,63295916000,223895,63296139895,9,0,0,362496,9,4636303817
4744,63295918808,242285,63296161093,5,0,0,68608,5,5479820668
4745,63295924765,252059,63296176824,1,0,0,414208,1,3106140544
4746,63295976384,378256,63296354640,5,0,1,16896,5,3206637454
4747,63296058589,275896,63296334485,8,0,0,109568,8,1569654434
4748,63296064518,181897,63296246415,1,0,1,12288,1,10570660555
4749,63296235177,193676,63296428853,3,0,0,264192,3,3617802472
4750,63296255476,413622,63296669098,5,0,0,112640,5,9695088250
4751,63296327505,150646,63296478151,7,0,0,91648,7,1820655128
4752,63296348398,106559,63296454957,8,0,1,124928,8,1415745925
4753,63296371472,146133,63296517605,1,0,1,1024,1,927174580
4754,63296379447,247422,63296626869,7,0,0,35328,7,10096181655
4755,63296396900,151853,63296548753,4,0,0,190976,4,1578521739
4756,63296443978,107212,63296551190,4,0,0,79360,4,6398557910
4757,63296444441,167123,63296611564,6,0,1,13312,6,4476751798
4758,63296488790,23891,63296512681,6,0,0,100352,6,4240772389
4759,63296496376,341373,63296837749,7,0,0,224768,7,10633631927
4760,63296510340,141105,63296651445,5,0,1,22528,5,1196622866
4761,63296586914,259615,63296846529,0,0,1,19456,0,9580926628
4762,63296625138,334529,63296959667,1,0,1,19456,1,9996466082
4763,63296675290,53321,63296728611,3,0,0,43008,3,3344369721
4764,63296676001,194104,63296870105,4,0,1,15872,4,550126398
4765,63296733874,132253,63296866127,7,0,0,87040,7,3788921838
4766,63296783364,187897,63296971261,5,0,1,2560,5,7219611683
4767,63296787701,314858,63297102559,3,0,1,19968,3,4752384166
4768,63296790343,274798,63297065141,6,0,0,214016,6,3495790520
4769,63296843357,2659,63296846016,0,0,1,8192,0,8750514699
4770,63296881738,233417,63297115155,0,0,1,28160,0,6896014193
4771,63297054570,283075,63297337645,7,0,1,8704,7,8787176344
4772,63297055514,136817,63297192331,2,0,0,2560,2,4825239399
4773,63297124261,78290,63297202551,7,0,0,226304,7,4383761188
4774,63297219283,325853,63297545136,1,0,0,125440,1,7067304302
4775,63297253464,55041,63297308505,8,0,1,368640,8,39570379
4776,63297512190,477255,63297989445,6,0,1,10752,6,2185672214
4777,63297555597,169393,63297724990,9,0,0,93696,9,10597244540
4778,63297563841,224331,63297788172,1,0,1,8192,1,7107675251
4779,63297570089,167223,63297737312,3,0,1,2560,3,947660770
4780,63297637255,16092,63297653347,0,0,1,30208,0,311540914
4781,63297790054,13655,63297803709,8,0,1,190976,8,4433333817
4782,63297812345,249943,63298062288,0,0,1,10240,0,5835901618
4783,63297813271,215590,63298028861,6,0,0,31232,6,9646067614
4784,63297817014,163594,63297980608,2,0,0,2048,2,5456860203
4785,63297821295,282354,63298103649,8,0,1,172544,8,2677746934
4786,63297868588,225326,63298093914,1,0,1,3584,1,6853521148
4787,63297880370,296482,63298176852,7,0,1,6656,7,1262109386
4788,63298056634,57474,63298114108,3,0,0,5632,3,2568558243
4789,63298128712,145133,63298273845,3,0,0,239104,3,1536438334
4790,63298335860,4370,63298340230,0,0,0,4608,0,10267595409
4791,63298336319,52247,63298388566,1,0,0,82944,1,5618739658
4792,63298346360,151031,63298497391,6,0,0,222208,6,5203033263
4793,63298412363,85374,63298497737,2,0,0,512,2,8717295097
4794,63298431735,112558,63298544293,5,0,0,157184,5,1086145201
4795,63298457142,93462,63298550604,9,0,0,22016,9,9173109809
4796,63298467030,88720,63298555750,5,0,0,8192,5,6981495878
4797,63298546018,23721,63298569739,4,0,0,39424,4,9831800258
4798,63298621767,132071,63298753838,5,0,1,19456,5,1726878470
4799,63298631334,135613,63298766947,0,0,1,22528,0,6496056695
4800,63298672393,113692,63298786085,1,0,0,220672,1,4656929525
4801,63298726085,247559,63298973644,6,0,0,111104,6,3973026539
4802,63298733128,163214,63298896342,7,0,0,357376,7,6689178336
4803,63298792033,258236,63299050269,3,0,1,5632,3,8554611530
4804,63298809971,157270,63298967241,8,0,1,381440,8,2275587282
4805,63298839954,155525,63298995479,6,0,1,512,6,9591274844
4806,63298839995,1038,63298841033,7,0,0,19968,7,3962024834
4807,63298846566,41645,63298888211,2,0,0,7680,2,4800308370
4808,63298979426,548708,63299528134,6,0,1,5632,6,8217102632
4809,63299104945,178836,63299283781,0,0,0,1024,0,4583551636
4810,63299132293,518903,63299651196,5,0,1,11776,5,6907440215
4811,63299171463,381158,63299552621,7,0,0,67584,7,9866381026
4812,63299179854,232285,63299412139,5,0,0,84992,5,1088004382
4813,63299189377,371509,63299560886,1,0,0,329728,1,4561312722
4814,63299298361,274067,63299572428,1,0,1,3072,1,6025772403
4815,63299323455,300349,63299623804,4,0,1,8704,4,1972979920
4816,63299461833,152861,63299614694,6,0,1,5120,6,3056053614
4817,63299490167,136558,63299626725,7,0,0,225792,7,10182869619
4818,63299504953,138759,63299643712,9,0,0,56832,9,2465158146
4819,63299548118,106628,63299654746,4,0,0,36352,4,10475600757
4820,63299550193,110045,63299660238,8,0,0,26112,8,1683456480
4821,63299584922,72279,63299657201,5,0,1,13312,5,6615526479
4822,63299657094,51352,63299708446,5,0,0,117248,5,3750879082
4823,63299698912,181060,63299879972,4,0,0,75264,4,9720532537
4824,63299716677,59713,63299776390,4,0,0,83968,4,4365441908
4825,63299766052,11964,63299778016,2,0,0,2560,2,5152393605
4826,63299786257,124454,63299910711,5,0,0,202240,5,7084564382
4827,63299806065,106592,63299912657,2,0,0,3072,2,5738990133
4828,63299912278,64908,63299977186,4,0,0,109568,4,10467850798
4829,63299978120,13079,63299991199,1,0,1,8704,1,7238174872
4830,63299984059,70987,63300055046,7,0,0,22016,7,414682771
4831,63299985426,106750,63300092176,5,0,1,4096,5,4411502198
4832,63300001262,5708,63300006970,8,0,0,114688,8,1824421771
4833,63300139406,127157,63300266563,1,0,1,5120,1,7776279321
4834,63300213432,320412,63300533844,1,0,0,14336,1,7329063032
4835,63300231239,134541,63300365780,1,0,1,20480,1,4465114927
4836,63300321473,53491,63300374964,3,0,0,90624,3,4615436648
4837,63300321827,100102,63300421929,8,0,0,118272,8,6180876280
4838,63300396729,72795,63300469524,6,0,0,118272,6,358297645
4839,63300422673,47837,63300470510,0,0,0,1536,0,8505952001
4840,63300435500,122656,63300558156,2,0,1,22016,2,1897152268
4841,63300457109,122057,63300579166,8,0,1,11776,8,1143780841
4842,63300490404,143412,63300633816,5,0,1,9216,5,2942120215
4843,63300528851,252901,63300781752,6,0,0,232448,6,4867332142
4844,63300670181,50737,63300720918,7,0,0,81920,7,1685898097
4845,63300695173,26091,63300721264,0,0,0,512,0,5760784393
4846,63300754022,93304,63300847326,7,0,1,13312,7,8037287438
4847,63300782058,68591,63300850649,6,0,0,151552,6,7353553606
4848,63300793426,34986,63300828412,1,0,1,12288,1,6061422564
4849,63300817805,160774,63300978579,7,0,0,44544,7,4370355187
4850,63300853996,182840,63301036836,2,0,0,4096,2,10057611563
4851,63301043341,73999,63301117340,6,0,0,123904,6,8761483973
4852,63301046650,127864,63301174514,3,0,1,512,3,6927723522
4853,63301160151,47284,63301207435,1,0,1,1536,1,5983368296
4854,63301185875,51770,63301237645,7,0,0,83968,7,10339301280
4855,63301238882,126175,63301365057,8,0,0,208896,8,2886474121
4856,63301250895,150759,63301401654,4,0,0,125952,4,7418440945
4857,63301254976,183275,63301438251,1,0,1,13312,1,3066842208
4858,63301460995,562,63301461557,8,0,0,512,8,3252315359
4859,63301578032,62412,63301640444,5,0,1,33792,5,2789303020
4860,63301614266,218299,63301832565,6,0,0,101376,6,1418544041
4861,63301816118,40870,63301856988,2,0,1,5632,2,730677725
4862,63301824430,56212,63301880642,3,0,0,66048,3,7243203211
4863,63301889014,98068,63301987082,2,0,1,22016,2,1392698104
4864,63301920023,258317,63302178340,4,0,0,422912,4,5580705570
4865,63302127651,2466,63302130117,3,0,1,3072,3,9502985024
4866,63302223989,35825,63302259814,0,0,0,2560,0,1697717155
4867,63302258359,222135,63302480494,3,0,0,62976,3,4526031793
4868,63302279396,127208,63302406604,3,0,0,210944,3,5092359971
4869,63302295398,112832,63302408230,8,0,0,2560,8,436759923
4870,63302411507,255991,63302667498,6,0,0,418304,6,2172439595
4871,63302432786,255771,63302688557,8,0,1,647168,8,4065271703
4872,63302463109,43196,63302506305,9,0,0,163840,9,8593208592
4873,63302699259,286109,63302985368,1,0,1,5120,1,6387482802
4874,63302724806,276408,63303001214,3,0,1,17920,3,2684824571
4875,63302766621,794123,63303560744,9,0,0,70656,9,1927346527
4876,63302824065,230654,63303054719,6,0,1,11264,6,9483188226
4877,63302984651,210594,63303195245,3,0,1,10752,3,1589455990
4878,63303005946,415997,63303421943,0,0,1,31744,0,985627235
4879,63303010538,258698,63303269236,1,0,1,41472,1,7161166552
4880,63303026017,245474,63303271491,4,0,0,131072,4,1303235676
4881,63303046793,60498,63303107291,5,0,1,1536,5,9807983552
4882,63303113813,88634,63303202447,3,0,1,15872,3,1247267706
4883,63303197939,4933,63303202872,0,0,0,2560,0,9546217382
4884,63303211313,275270,63303486583,5,0,0,70656,5,3635013935
4885,63303308299,2866,63303311165,1,0,0,12800,1,4210703810
4886,63303351935,292454,63303644389,7,0,1,8192,7,2737887858
4887,63303371358,93208,63303464566,1,0,0,8704,1,1369161312
4888,63303404652,113352,63303518004,9,0,0,180736,9,2422814148
4889,63303425095,75566,63303500661,7,0,1,7680,7,3900220244
4890,63303443206,61641,63303504847,0,0,0,11776,0,6759192325
4891,63303444413,122179,63303566592,3,0,1,4096,3,6642610562
4892,63303473298,148733,63303622031,9,0,0,52736,9,7703050576
4893,63303508832,121907,63303630739,6,0,1,5632,6,6395208254
4894,63303606209,34533,63303640742,6,0,0,60416,6,10221936198
4895,63303744453,63760,63303808213,1,0,1,10240,1,222836436
4896,63303768361,163662,63303932023,1,0,0,265216,1,3720782407
4897,63303793843,139358,63303933201,7,0,0,13824,7,9197078312
4898,63303886377,53237,63303939614,1,0,0,22528,1,8185048421
4899,63303898316,207916,63304106232,4,0,1,36864,4,3536291660
4900,63304064796,345515,63304410311,8,0,1,375296,8,8800116175
4901,63304253363,158371,63304411734,3,0,1,4608,3,9521157408
4902,63304262473,152236,63304414709,1,0,1,9728,1,9564313097
4903,63304294165,121959,63304416124,7,0,1,4608,7,5397964545
4904,63304308936,67415,63304376351,3,0,1,14848,3,2417541822
4905,63304381684,191107,63304572791,9,0,0,57344,9,9710257400
4906,63304442988,65896,63304508884,6,0,1,7168,6,6095797903
4907,63304448057,562,63304448619,4,0,1,1024,4,7506867802
4908,63304510220,2942,63304513162,2,0,0,512,2,3710309324
4909,63304511731,82269,63304594000,2,0,0,3072,2,3992758472
4910,63304619769,72664,63304692433,0,0,1,9216,0,10412883324
4911,63304639126,54613,63304693739,9,0,0,89600,9,3561761972
4912,63304655493,1038,63304656531,2,0,1,11776,2,7539405292
4913,63304718224,132362,63304850586,3,0,1,6144,3,3922003685
4914,63304727911,155809,63304883720,0,0,0,1024,0,543283903
4915,63304732602,6274,63304738876,8,0,1,420352,8,9658377290
4916,63304766667,184711,63304951378,7,0,1,2048,7,8772648126
4917,63304792396,136835,63304929231,3,0,1,512,3,8578439508
4918,63304846314,392393,63305238707,6,0,1,4096,6,8686318475
4919,63304928712,358963,63305287675,0,0,1,6656,0,1095593206
4920,63304939241,198957,63305138198,0,0,0,6656,0,3050651485
4921,63304953498,178238,63305131736,3,0,1,13312,3,6432328778
4922,63305071246,81894,63305153140,7,0,0,34816,7,4087455332
4923,63305079816,153749,63305233565,7,0,1,34304,7,2460675363
4924,63305227054,242332,63305469386,4,0,0,382464,4,169769299
4925,63305295334,242164,63305537498,9,0,0,227840,9,5840434661
4926,63305384730,184437,63305569167,7,0,0,102400,7,7911695109
4927,63305422944,85278,63305508222,4,0,1,22528,4,1011501625
4928,63305439831,64133,63305503964,1,0,1,11776,1,5537040298
4929,63305484248,44658,63305528906,4,0,0,9728,4,7915211517
4930,63305519154,291716,63305810870,6,0,1,14848,6,290536655
4931,63305537720,220613,63305758333,1,0,1,18432,1,5882603806
4932,63305576427,139059,63305715486,3,0,0,108032,3,8472734053
4933,63305625510,253195,63305878705,9,0,0,76800,9,7591721139
4934,63305629731,354683,63305984414,5,0,1,9216,5,10274148192
4935,63305721199,194812,63305916011,1,0,0,315904,1,2519017350
4936,63305725133,233222,63305958355,4,0,0,137216,4,1493576957
4937,63305737726,236387,63305974113,1,0,0,50688,1,407853972
4938,63305755369,458523,63306213892,6,0,0,553472,6,3061848158
4939,63305922429,191264,63306113693,5,0,1,32256,5,4248061005
4940,63305928102,124812,63306052914,3,0,1,4096,3,2528552944
4941,63305987790,111439,63306099229,6,0,1,1536,6,2967113358
4942,63306024254,1514,63306025768,8,0,0,2560,8,8493819808
4943,63306092332,324143,63306416475,2,0,0,2560,2,1421090411
4944,63306107651,72795,63306180446,2,0,0,3072,2,465212086
4945,63306237607,469794,63306707401,4,0,1,19456,4,1763724573
4946,63306276829,591437,63306868266,2,0,0,1536,2,2554279932
4947,63306277600,224386,63306501986,9,0,0,118272,9,5719306905
4948,63306287233,160114,63306447347,4,0,1,9728,4,7992686368
4949,63306308190,138246,63306446436,6,0,0,359424,6,9109658474
4950,63306327967,89868,63306417835,7,0,1,22016,7,5848343819
4951,63306373128,333976,63306707104,0,0,0,1024,0,2831386225
4952,63306395982,310570,63306706552,1,0,0,1536,1,2282516102
4953,63306445986,200616,63306646602,0,0,0,2560,0,5842732883
4954,63306448219,380267,63306828486,3,0,1,9728,3,7443188050
4955,63306548818,195514,63306744332,8,0,1,28160,8,1353118836
4956,63306768352,85784,63306854136,7,0,1,7680,7,1248621037
4957,63306822466,2942,63306825408,7,0,1,25088,7,5904863171
4958,63306858831,91324,63306950155,8,0,0,3072,8,249430630
4959,63306922238,81148,63307003386,3,0,1,16896,3,9430953478
4960,63306934610,93172,63307027782,0,0,1,11264,0,1030235919
4961,63306979171,142895,63307122066,6,0,0,231424,6,6612006786
4962,63307088858,59949,63307148807,1,0,0,87040,1,1043492846
4963,63307137781,105244,63307243025,2,0,1,8192,2,2091107085
4964,63307166097,97350,63307263447,2,0,1,45568,2,3246820549
4965,63307215889,244528,63307460417,2,0,1,22016,2,6523934441
4966,63307231166,84212,63307315378,7,0,0,162816,7,1266428419
4967,63307246692,4846,63307251538,8,0,1,240640,8,3352054725
4968,63307300545,277319,63307577864,7,0,0,137216,7,926531794
4969,63307396057,132253,63307528310,2,0,0,5120,2,7810791446
4970,63307408588,187928,63307596516,1,0,1,4608,1,729170571
4971,63307413796,103687,63307517483,5,0,0,214016,5,7353669765
4972,63307496042,494635,63307990677,3,0,1,51200,3,7388002861
4973,63307531476,210486,63307741962,2,0,1,2048,2,5311912168
4974,63307553588,141594,63307695182,6,0,0,168448,6,8689191452
4975,63307600379,261542,63307861921,5,0,0,54272,5,9988605586
4976,63307793522,55030,63307848552,4,0,1,1024,4,7514351769
4977,63307857710,3894,63307861604,8,0,0,4096,8,6693071662
4978,63308018405,61600,63308080005,6,0,1,8192,6,6955570328
4979,63308129633,24238,63308153871,5,0,0,40448,5,6000973604
4980,63308177854,13508,63308191362,3,0,1,9728,3,2230847502
4981,63308183705,71284,63308254989,3,0,1,28672,3,5339525276
4982,63308206639,100096,63308306735,1,0,1,6656,1,8090164951
4983,63308210902,77129,63308288031,0,0,1,6144,0,8120182744
4984,63308218549,104588,63308323137,7,0,0,26112,7,5844038270
4985,63308270320,111487,63308381807,1,0,0,180224,1,484823099
4986,63308303388,84522,63308387910,2,0,1,23040,2,414442411
4987,63308318176,108100,63308426276,1,0,0,67072,1,7597322123
4988,63308318188,112136,63308430324,8,0,1,26624,8,1581442137
4989,63308323196,179717,63308502913,6,0,1,30720,6,7171007439
4990,63308402733,115363,63308518096,3,0,0,187904,3,3804634124
4991,63308432907,344393,63308777300,6,0,0,517632,6,3656266902
4992,63308684155,137384,63308821539,3,0,1,35840,3,4819095392
4993,63308685664,180739,63308866403,1,0,1,14336,1,1690256482
4994,63308700778,234217,63308934995,1,0,1,13312,1,8178636144
4995,63308721673,260314,63308981987,7,0,1,12800,7,2888510729
4996,63308724087,329752,63309053839,6,0,1,18432,6,4861001930
4997,63308789323,317604,63309106927,4,0,0,515072,4,382807425
4998,63308790054,338378,63309128432,6,0,0,78336,6,4467543988
4999,63308798640,331098,63309129738,0,0,0,2048,0,8762821707
5000,63308830327,305824,63309136151,5,0,0,30720,5,9614485644
5001,63308914645,248554,63309163199,7,0,0,96768,7,9868386548
5002,63309032666,198747,63309231413,3,0,0,228352,3,10235471375
5003,63309045735,191989,63309237724,6,0,0,30208,6,10360851428
5004,63309223852,45950,63309269802,0,0,1,16896,0,2246908554
5005,63309245543,73312,63309318855,7,0,0,79360,7,2414710528
5006,63309393430,248056,63309641486,1,0,0,119296,1,1995162386
5007,63309575663,5322,63309580985,2,0,0,5632,2,2158652264
5008,63309669237,562,63309669799,1,0,0,512,1,7823160277
5009,63309718589,31779,63309750368,1,0,0,51712,1,1449021679
5010,63309748065,59128,63309807193,7,0,1,5120,7,7734934911
5011,63309813964,81124,63309895088,4,0,1,11776,4,7171477254
5012,63309831234,55817,63309887051,0,0,1,23552,0,5268746239
5013,63309881725,115058,63309996783,5,0,0,95232,5,1277930468
5014,63309906765,118637,63310025402,3,0,1,9728,3,864058227
5015,63309946692,93045,63310039737,7,0,0,151040,7,3582532544
5016,63310020934,20109,63310041043,2,0,0,2048,2,2035128615
5017,63310055984,23721,63310079705,5,0,1,14336,5,3767799812
5018,63310103142,174297,63310277439,4,0,1,3584,4,4222552036
5019,63310115731,132238,63310247969,6,0,1,52224,6,3384018831
5020,63310158270,58667,63310216937,1,0,0,39424,1,4158059099
5021,63310189313,147245,63310336558,9,0,0,70656,9,9592327029
5022,63310193253,1990,63310195243,1,0,1,3584,1,7834899348
5023,63310206685,180602,63310387287,6,0,1,4096,6,7599170435
5024,63310278622,199924,63310478546,0,0,0,2048,0,8954200343
5025,63310311297,165661,63310476958,8,0,1,18432,8,9410736093
5026,63310424628,43883,63310468511,3,0,1,62464,3,3654855470
5027,63310455622,50151,63310505773,3,0,0,75264,3,9509260653
5028,63310461105,110392,63310571497,6,0,0,48128,6,1206290477
5029,63310554477,20620,63310575097,1,0,0,33280,1,8434006573
5030,63310555045,87484,63310642529,7,0,1,12288,7,5666578925
5031,63310555940,209654,63310765594,0,0,1,27648,0,3228001018
5032,63310624454,117213,63310741667,4,0,0,146944,4,7717041338
5033,63310638590,266457,63310905047,3,0,1,29184,3,5803123244
5034,63310669050,205827,63310874877,6,0,1,2560,6,3791319424
5035,63310702066,144651,63310846717,0,0,1,2560,0,9826651084
5036,63310719310,396537,63311115847,5,0,0,642048,5,2122449018
5037,63310725913,307592,63311033505,7,0,0,117760,7,4328726975
5038,63310836589,426531,63311263120,3,0,1,30720,3,1886159084
5039,63310882071,389405,63311271476,1,0,0,381440,1,3129238189
5040,63310883480,388662,63311272142,2,0,0,1024,2,9322104662
5041,63311081085,197163,63311278248,7,0,0,29184,7,5119943386
5042,63311133617,149918,63311283535,4,0,0,25088,4,5730079212
5043,63311193191,45589,63311238780,8,0,1,363520,8,2172151387
5044,63311194775,14128,63311208903,1,0,1,10240,1,236694769
5045,63311205830,2466,63311208296,4,0,1,13824,4,1310785649
5046,63311218729,1990,63311220719,3,0,1,42496,3,5580501356
5047,63311232573,356206,63311588779,0,0,1,1024,0,9557172977
5048,63311259963,31003,63311290966,3,0,0,72704,3,1840872387
5049,63311292090,371720,63311663810,8,0,0,1024,8,5456024303
5050,63311368306,371773,63311740079,0,0,0,2560,0,4884474824
5051,63311479664,419394,63311899058,2,0,0,2048,2,10020903803
5052,63311532222,4846,63311537068,5,0,0,50176,5,432147917
5053,63311597344,564532,63312161876,4,0,1,2560,4,7967171326
5054,63311619414,142688,63311762102,0,0,1,14336,0,2372338544
5055,63311624230,24238,63311648468,0,0,0,5120,0,6727220273
5056,63311777869,214846,63311992715,7,0,0,40448,7,7034703384
5057,63311911619,34016,63311945635,5,0,1,12288,5,8022901709
5058,63311953169,100407,63312053576,9,0,0,59392,9,3368091592
5059,63311965699,168943,63312134642,6,0,1,13312,6,4408126310
5060,63312023032,117083,63312140115,3,0,0,194560,3,9054361003
5061,63312206249,1514,63312207763,8,0,0,1536,8,7270591202
5062,63312274559,1514,63312276073,8,0,1,116224,8,1844151311
5063,63312289993,126772,63312416765,7,0,1,41984,7,9155637675
5064,63312335527,137870,63312473397,2,0,0,1536,2,4085383810
5065,63312352388,95335,63312447723,0,0,1,4096,0,5468473582
5066,63312448196,51512,63312499708,4,0,0,83456,4,4024471735
5067,63312496315,4379,63312500694,8,0,0,1536,8,8545499038
5068,63312617456,100096,63312717552,4,0,1,28672,4,180650453
5069,63312630379,94717,63312725096,6,0,1,12288,6,8069524393
5070,63312705689,81124,63312786813,7,0,1,11776,7,5618293567
5071,63312773517,34363,63312807880,1,0,0,56832,1,7977012994
5072,63312908400,66988,63312975388,8,0,1,371712,8,3901605694
5073,63312926228,6750,63312932978,5,0,1,10752,5,7317874614
5074,63312999044,30745,63313029789,8,0,0,7168,8,7800359000
5075,63313021841,27658,63313049499,3,0,1,8704,3,7892191491
5076,63313058986,16855,63313075841,4,0,0,49664,4,868620022
5077,63313064659,384408,63313449067,4,0,0,4096,4,9960966824
5078,63313078048,120308,63313198356,6,0,0,4096,6,8654961569
5079,63313172511,273649,63313446160,5,0,0,33280,5,4403599844
5080,63313208489,50798,63313259287,8,0,1,308736,8,5691359943
5081,63313258297,21343,63313279640,5,0,0,23040,5,9383404444
5082,63313290018,368054,63313658072,0,0,0,3584,0,10010289956
5083,63313453449,127333,63313580782,4,0,1,13824,4,3336932675
5084,63313489774,113704,63313603478,7,0,0,37376,7,4483149252
5085,63313533718,103662,63313637380,3,0,1,5632,3,1021609062
5086,63313545952,75091,63313621043,3,0,0,86528,3,5901665897
5087,63313570725,99875,63313670600,7,0,1,3072,7,9617211243
5088,63313591216,17812,63313609028,0,0,1,14336,0,4303637216
5089,63313592445,87000,63313679445,0,0,1,5632,0,9648078147
5090,63313630655,63449,63313694104,1,0,0,5120,1,2204888496
5091,63313640263,104152,63313744415,5,0,1,9216,5,3227413396
5092,63313654641,105941,63313760582,3,0,1,41984,3,5569594379
5093,63313684801,562,63313685363,3,0,1,10240,3,287421048
5094,63313799908,4158,63313804066,8,0,0,512,8,1614835800
5095,63313818380,92885,63313911265,0,0,1,11264,0,8075108378
5096,63313874409,333273,63314207682,6,0,0,11264,6,9457773742
5097,63313913997,95113,63314009110,9,0,0,155136,9,570212989
5098,63314006944,3383,63314010327,9,0,0,9728,9,2139817709
5099,63314047984,104721,63314152705,7,0,0,170496,7,2237658507
5100,63314147293,4846,63314152139,0,0,1,17408,0,5924733897
5101,63314212954,4994,63314217948,2,0,0,5120,2,582916510
5102,63314213152,69280,63314282432,8,0,0,512,8,4727500079
5103,63314317770,253381,63314571151,6,0,1,8192,6,9058906409
5104,63314371385,45592,63314416977,4,0,1,1024,4,7949333990
5105,63314490539,112732,63314603271,6,0,1,70144,6,4200823528
5106,63314580040,47399,63314627439,5,0,1,1024,5,5692135718
5107,63314629868,130360,63314760228,8,0,1,128000,8,5797294067
5108,63314674149,86090,63314760239,4,0,0,109568,4,302986607
5109,63314697248,103121,63314800369,6,0,0,150528,6,1821939225
5110,63314781841,85416,63314867257,3,0,0,142848,3,1923170148
5111,63314800520,70923,63314871443,4,0,0,6656,4,9418293818
5112,63314980319,60862,63315041181,1,0,1,13312,1,2127124751
5113,63315016234,136715,63315152949,6,0,0,98304,6,2089487651
5114,63315037686,115480,63315153166,7,0,1,20992,7,7115662826
5115,63315058706,292716,63315351422,8,0,1,114176,8,4095930720
5116,63315230690,120751,63315351441,7,0,0,173568,7,5277759221
5117,63315230736,126302,63315357038,5,0,0,79360,5,4198303448
5118,63315273644,103978,63315377622,9,0,0,65536,9,7006380135
5119,63315281629,70611,63315352240,5,0,1,22528,5,5993773051
5120,63315307357,125658,63315433015,8,0,0,512,8,1515810892
5121,63315367562,105498,63315473060,6,0,0,207872,6,101774339
5122,63315388708,61309,63315450017,2,0,0,1536,2,9754151001
5123,63315395181,117790,63315512971,0,0,1,2560,0,842340314
5124,63315432002,2466,63315434468,4,0,1,5632,4,9997162384
5125,63315433243,111431,63315544674,4,0,0,512,4,8250797745
5126,63315516682,271848,63315788530,0,0,0,2560,0,3512986482
5127,63315543329,34275,63315577604,5,0,1,13824,5,2570365081
5128,63315658506,24373,63315682879,6,0,0,59904,6,2015637123
5129,63315671954,208870,63315880824,2,0,0,5632,2,4226802731
5130,63315721931,35825,63315757756,6,0,0,62976,6,10564944954
5131,63315741463,166758,63315908221,5,0,1,12288,5,1658873151
5132,63315854138,317604,63316171742,7,0,0,515072,7,6918579152
5133,63315860161,343864,63316204025,9,0,0,105472,9,496939580
5134,63315888010,318281,63316206291,4,0,0,3584,4,5473978425
5135,63315911958,294999,63316206957,8,0,0,1024,8,6294175453
5136,63316115702,132883,63316248585,5,0,0,141824,5,7447526798
5137,63316201563,47688,63316249251,2,0,0,1024,2,235623795
5138,63316218916,73829,63316292745,5,0,0,120320,5,8208841928
5139,63316273817,77359,63316351176,3,0,0,130560,3,1925448111
5140,63316276841,162136,63316438977,6,0,1,2560,6,8064971302
5141,63316286639,110432,63316397071,9,0,0,219648,9,10544039988
5142,63316339649,64362,63316404011,0,0,0,2048,0,9813841323
5143,63316372609,16609,63316389218,7,0,1,1024,7,8175951767
5144,63316386065,562,63316386627,8,0,0,512,8,1260627328
5145,63316540660,318360,63316859020,9,0,0,32256,9,7929447108
5146,63316559922,15833,63316575755,8,0,0,512,8,9786025957
5147,63316580967,307326,63316888293,0,0,1,20992,0,3754831115
5148,63316653616,134182,63316787798,7,0,0,30720,7,8530500752
5149,63316656553,241354,63316897907,1,0,1,11264,1,9853193660
5150,63316714305,113017,63316827322,5,0,1,14336,5,9459902840
5151,63316917661,2866,63316920527,3,0,1,20480,3,10370422907
5152,63316964201,97600,63317061801,0,0,1,10240,0,670595182
5153,63316975524,72976,63317048500,7,0,0,8704,7,8596642120
5154,63317083713,562,63317084275,5,0,1,27136,5,1945365357
5155,63317130607,99628,63317230235,2,0,0,512,2,7936481157
5156,63317143136,39777,63317182913,6,0,1,13824,6,10341094952
5157,63317143583,3418,63317147001,1,0,0,61440,1,2832915875
5158,63317175502,75604,63317251106,4,0,1,24576,4,10598065685
5159,63317192445,5322,63317197767,4,0,0,3584,4,5831771853
5160,63317267054,5798,63317272852,2,0,0,5632,2,273303096
5161,63317299961,189090,63317489051,5,0,0,6144,5,9343451364
5162,63317436751,1038,63317437789,6,0,1,512,6,8696850363
5163,63317463947,43900,63317507847,4,0,0,1024,4,9994338273
5164,63317486883,101032,63317587915,3,0,1,31744,3,2856118749
5165,63317503286,97312,63317600598,0,0,1,24576,0,3178088334
5166,63317554168,66458,63317620626,3,0,0,112640,3,7631628636
5167,63317557295,65597,63317622892,4,0,0,3584,4,8469595996
5168,63317694034,44229,63317738263,9,0,0,72704,9,8894554163
5169,63317726145,12784,63317738929,5,0,0,1024,5,1021976975
5170,63317737845,34791,63317772636,1,0,0,60928,1,3027499390
5171,63317770539,72279,63317842818,9,0,0,117248,9,8105102434
5172,63317869379,3418,63317872797,7,0,0,3584,7,2158998148
5173,63317913593,4416,63317918009,9,0,0,11776,9,2043463152
5174,63317923695,3894,63317927589,1,0,1,10752,1,5166209418
5175,63317966883,78842,63318045725,4,0,0,4096,4,7190829677
5176,63318073388,44658,63318118046,6,0,0,76800,6,199408697
5177,63318119054,3418,63318122472,8,0,0,3584,8,3232014907
5178,63318147006,562,63318147568,1,0,1,1536,1,9061489184
5179,63318194015,68433,63318262448,5,0,1,6656,5,8120325142
5180,63318209935,68882,63318278817,2,0,0,512,2,7018393379
5181,63318258982,6750,63318265732,8,0,1,11264,8,2577677862
5182,63318271507,2466,63318273973,1,0,0,7168,1,9299564809
5183,63318278176,48368,63318326544,5,0,1,1536,5,6735711326
5184,63318285889,96646,63318382535,2,0,0,2560,2,7687299388
5185,63318315127,98692,63318413819,5,0,1,24064,5,6176824891
5186,63318317633,34533,63318352166,6,0,1,1024,6,5866775889
5187,63318384253,36926,63318421179,6,0,0,60416,6,1059322795
5188,63318388478,1514,63318389992,7,0,0,23552,7,732815413
5189,63318418318,112548,63318530866,3,0,1,11264,3,10544620266
5190,63318425127,107152,63318532279,8,0,0,1536,8,1806926682
5191,63318618859,50668,63318669527,5,0,1,2560,5,5343142466
5192,63318732053,48976,63318781029,5,0,1,2048,5,5619692383
5193,63318840728,45175,63318885903,6,0,0,77824,6,5852501016
5194,63318895569,135266,63319030835,0,0,1,6656,0,2496439102
5195,63318928039,53853,63318981892,7,0,0,223232,7,8746576122
5196,63318933910,214211,63319148121,6,0,1,13312,6,1213574456
5197,63319009798,128816,63319138614,2,0,0,512,2,2511129446
5198,63319017253,227683,63319244936,4,0,1,3584,4,7664468731
5199,63319027300,161379,63319188679,1,0,0,373248,1,6134751916
5200,63319036680,28434,63319065114,1,0,1,1024,1,4970678154
5201,63319097790,1514,63319099304,9,0,0,6656,9,7495912538
5202,63319224860,356937,63319581797,1,0,1,5120,1,10718294537
5203,63319232681,1038,63319233719,2,0,0,3072,2,1393035988
5204,63319261444,173049,63319434493,8,0,0,1536,8,9967291726
5205,63319319140,397206,63319716346,8,0,0,1024,8,3180746572
5206,63319445142,1514,63319446656,4,0,0,1536,4,1137295956
5207,63319591582,1514,63319593096,2,0,0,1536,2,8370894123
5208,63319594638,4370,63319599008,7,0,1,10240,7,7095938039
5209,63319603414,66832,63319670246,8,0,1,153088,8,10191563983
5210,63319632139,206370,63319838509,4,0,1,25088,4,2917396229
5211,63319641424,185300,63319826724,1,0,0,4608,1,5987011443
5212,63319650120,167642,63319817762,5,0,1,1024,5,5607239424
5213,63319679563,149155,63319828718,3,0,1,18944,3,3043220762
5214,63319803210,79969,63319883179,9,0,0,110592,9,5634007894
5215,63319824277,69732,63319894009,3,0,0,35328,3,4977029816
5216,63319834867,8519,63319843386,1,0,1,6144,1,8265006044
5217,63319841417,120374,63319961791,5,0,1,5632,5,8086362310
5218,63319886770,158399,63320045169,1,0,0,14336,1,7031117005
5219,63319891987,155740,63320047727,5,0,1,19968,5,5676458798
5220,63320074067,2942,63320077009,2,0,0,3072,2,3659833571
5221,63320077228,12304,63320089532,3,0,0,20480,3,232686299
5222,63320134593,47284,63320181877,6,0,1,3584,6,3468798455
5223,63320215785,99600,63320315385,3,0,1,30720,3,1550805059
5224,63320258730,181903,63320440633,6,0,1,1536,6,186387516
5225,63320271291,52360,63320323651,6,0,1,3072,6,561843849
5226,63320307483,92270,63320399753,5,0,1,17408,5,5522230470
5227,63320568131,71284,63320639415,0,0,1,9728,0,9475481067
5228,63320625378,164866,63320790244,9,0,0,270848,9,4773957270
5229,63320648350,135995,63320784345,0,0,1,15872,0,1475959424
5230,63320654915,111055,63320765970,4,0,0,1024,4,3705997427
5231,63320658060,105497,63320763557,5,0,1,15360,5,399905146
5232,63320685961,83696,63320769657,9,0,0,29184,9,8815721755
5233,63320721888,255467,63320977355,5,0,1,8704,5,6461767728
5234,63320753848,200428,63320954276,4,0,1,2048,4,3972990315
5235,63320781952,326141,63321108093,9,0,0,136192,9,5584966240
5236,63320907965,70593,63320978558,6,0,1,13312,6,7230838734
5237,63320912195,171275,63321083470,5,0,1,13312,5,5956772734
5238,63320992100,152762,63321144862,1,0,0,247296,1,619442986
5239,63321036936,110832,63321147768,8,0,0,4608,8,2452957569
5240,63321050472,143398,63321193870,5,0,1,8192,5,5892551183
5241,63321125938,212995,63321338933,3,0,0,344576,3,1944430006
5242,63321145911,180289,63321326200,6,0,1,87040,6,10245183034
5243,63321164136,179400,63321343536,9,0,0,26112,9,7210893491
5244,63321165691,226628,63321392319,0,0,0,1024,0,4698280604
5245,63321299648,87583,63321387231,3,0,0,136192,3,870789413
5246,63321303861,98923,63321402784,1,0,0,57856,1,4018781182
5247,63321316372,87078,63321403450,2,0,0,1024,2,8479341136
5248,63321317436,108031,63321425467,1,0,0,72704,1,2986422818
5249,63321340172,85641,63321425813,5,0,0,512,5,7883197540
5250,63321356383,1038,63321357421,7,0,1,512,7,6667619535
5251,63321448620,4158,63321452778,0,0,0,1024,0,8628400284
5252,63321458989,1514,63321460503,4,0,0,11264,4,5198567661
5253,63321484290,311516,63321795806,5,0,0,1536,5,9198319429
5254,63321558944,40870,63321599814,3,0,1,17920,3,988024967
5255,63321632448,1038,63321633486,1,0,0,66048,1,8071818051
5256,63321690119,185979,63321876098,5,0,0,1024,5,10291082726
5257,63321790347,88692,63321879039,6,0,1,6656,6,2074560920
5258,63321963529,4675,63321968204,0,0,1,68608,0,2189759713
5259,63321991273,112264,63322103537,2,0,0,12288,2,8472295887
5260,63322039044,83179,63322122223,6,0,0,135168,6,56608349
5261,63322071631,51258,63322122889,8,0,0,1024,8,6431979092
5262,63322123305,562,63322123867,0,0,1,10752,0,8847901303
5263,63322128570,3418,63322131988,5,0,0,512,5,2935122193
5264,63322132425,168507,63322300932,8,0,1,2048,8,10627115039
5265,63322168798,198350,63322367148,6,0,1,29184,6,1920459156
5266,63322200438,42420,63322242858,5,0,0,3584,5,7574521211
5267,63322288676,204895,63322493571,7,0,1,23040,7,4514779452
5268,63322293482,101188,63322394670,7,0,1,32256,7,9995801093
5269,63322314639,21848,63322336487,7,0,0,69120,7,1618536857
5270,63322385805,147855,63322533660,6,0,0,25088,6,7464453228
5271,63322437998,48976,63322486974,7,0,1,29184,7,4053864407
5272,63322497113,101968,63322599081,4,0,1,2048,4,3504817675
5273,63322508430,181311,63322689741,8,0,1,34816,8,10274557214
5274,63322610091,116394,63322726485,7,0,0,178688,7,2449949903
5275,63322660703,66128,63322726831,8,0,0,512,8,2307484668
5276,63322711195,17262,63322728457,1,0,0,2560,1,3853938702
5277,63322745112,1990,63322747102,1,0,1,16896,1,4393518842
5278,63322748995,84392,63322833387,7,0,1,8704,7,25347014
5279,63322808807,14800,63322823607,5,0,0,2048,5,7483125030
5280,63322828275,210406,63323038681,6,0,1,7680,6,7549688523
5281,63322928591,3418,63322932009,7,0,0,28672,7,3982723897
5282,63322944969,241380,63323186349,6,0,1,16384,6,4598378676
5283,63322973940,80992,63323054932,4,0,0,3584,4,2987152379
5284,63323149825,35825,63323185650,3,0,1,1024,3,9931885710
5285,63323150944,21566,63323172510,9,0,0,62976,9,8950045316
5286,63323153339,45638,63323198977,8,0,1,161280,8,2492934341
5287,63323170349,54008,63323224357,3,0,0,8192,3,8184532740
5288,63323226654,255966,63323482620,7,0,0,91648,7,6961265450
5289,63323239176,191964,63323431140,1,0,1,1536,1,6882079465
5290,63323412191,6274,63323418465,8,0,1,145920,8,6694506519
5291,63323491829,1038,63323492867,0,0,0,6656,0,3966925757
5292,63323512985,171148,63323684133,5,0,0,1024,5,10048242338
5293,63323573739,10630,63323584369,4,0,0,1024,4,3116849508
5294,63323781860,41387,63323823247,7,0,1,10752,7,6205746482
5295,63323784349,62380,63323846729,9,0,0,67072,9,33133884
5296,63323815424,76067,63323891491,1,0,0,128000,1,2914765837
5297,63323985526,124911,63324110437,7,0,1,49664,7,1217503181
5298,63324132918,55744,63324188662,6,0,1,4096,6,8831727774
5299,63324246670,1990,63324248660,4,0,0,2048,4,4096290691
5300,63324283985,48976,63324332961,4,0,1,2048,4,7671092300
5301,63324360337,6274,63324366611,6,0,0,6656,6,2734301465
5302,63324420070,1038,63324421108,8,0,0,1024,8,56394317
5303,63324461111,57436,63324518547,6,0,1,4608,6,7662212499
5304,63324467290,77740,63324545030,6,0,1,10752,6,4311499337
5305,63324483879,153828,63324637707,8,0,1,231424,8,9801045201
5306,63324497972,247001,63324744973,3,0,1,7168,3,9296095195
5307,63324521632,211755,63324733387,8,0,1,8192,8,6714352479
5308,63324580905,159357,63324740262,4,0,1,22528,4,233288138
5309,63324849568,31262,63324880830,3,0,0,50688,3,9934634102
5310,63324925769,34104,63324959873,1,0,0,56320,1,5484435017
5311,63324928964,36196,63324965160,4,0,0,16896,4,67929025
5312,63324996177,1038,63324997215,2,0,0,1024,2,9073231033
5313,63325082875,61395,63325144270,0,0,1,1536,0,9402986026
5314,63325193694,112262,63325305956,1,0,0,181760,1,1429022677
5315,63325205598,100704,63325306302,0,0,0,512,0,9560503621
5316,63325378830,84212,63325463042,6,0,0,137216,6,1089272453
5317,63325382665,80838,63325463503,8,0,0,10240,8,6133423893
5318,63325440513,29608,63325470121,7,0,0,31744,7,6660641245
5319,63325479520,4370,63325483890,8,0,0,4608,8,6718975649
5320,63325541287,71440,63325612727,7,0,1,10240,7,3245620828
5321,63325623057,1514,63325624571,8,0,0,1536,8,353113313
5322,63325623520,25496,63325649016,1,0,0,46080,1,727494346
5323,63325684072,186150,63325870222,6,0,0,305664,6,10284348667
5324,63325696035,195180,63325891215,6,0,0,75776,6,5617139423
5325,63325704633,197309,63325901942,9,0,0,43008,9,2740732755
5326,63325801419,71762,63325873181,0,0,1,64000,0,2676360545
5327,63325909981,271171,63326181152,7,0,0,116224,7,10271958461
5328,63326077140,77359,63326154499,5,0,1,9216,5,7440179177
5329,63326080881,219739,63326300620,3,0,0,130560,3,8599196000
5330,63326085320,68753,63326154073,4,0,1,12288,4,3956305696
5331,63326237641,103848,63326341489,7,0,1,1024,7,8784371474
5332,63326252396,267678,63326520074,0,0,1,2048,0,9848951519
5333,63326280170,93821,63326373991,1,0,0,152576,1,4760836202
5334,63326303375,72242,63326375617,0,0,0,2560,0,1886217220
5335,63326332864,39767,63326372631,0,0,1,10240,0,6029860770
5336,63326336196,3894,63326340090,5,0,0,512,5,4683421742
5337,63326370829,141899,63326512728,6,0,1,5632,6,8349238056
5338,63326398023,87225,63326485248,0,0,0,4096,0,8036223739
5339,63326433108,198806,63326631914,6,0,0,146432,6,4475789238
5340,63326592290,3894,63326596184,5,0,1,3584,5,1262638245
5341,63326603769,54052,63326657821,3,0,1,5632,3,8183155390
5342,63326613100,44488,63326657588,8,0,1,52224,8,5314167765
5343,63326624220,132297,63326756517,3,0,0,4096,3,421685493
5344,63326637897,167926,63326805823,6,0,0,73216,6,7662642208
5345,63326654951,112003,63326766954,7,0,1,16896,7,8636224722
5346,63326662613,105874,63326768487,3,0,0,181248,3,9852227958
5347,63326670048,210112,63326880160,7,0,0,2048,7,4297316604
5348,63326708302,225982,63326934284,1,0,0,353280,1,2939411292
5349,63326813224,162995,63326976219,7,0,0,143360,7,776750437
5350,63326857800,40756,63326898556,3,0,1,4096,3,4364524395
5351,63326871550,4846,63326876396,6,0,1,20992,6,453604460
5352,63326937729,208749,63327146478,0,0,0,3584,0,367155314
5353,63326959848,72537,63327032385,3,0,1,39424,3,8683382586
5354,63326982481,175238,63327157719,0,0,0,5120,0,243047062
5355,63327027513,83848,63327111361,4,0,1,6656,4,2980094465
5356,63327049389,176431,63327225820,9,0,0,117760,9,10354892010
5357,63327051249,344710,63327395959,1,0,0,35840,1,984350111
5358,63327192375,562,63327192937,7,0,1,1024,7,7330392151
5359,63327227761,25700,63327253461,5,0,0,512,5,5335570471
5360,63327240873,8295,63327249168,1,0,1,29696,1,2243914395
5361,63327335569,186720,63327522289,0,0,1,10752,0,4477693940
5362,63327347393,62380,63327409773,3,0,0,46592,3,8495071988
5363,63327365144,177678,63327542822,5,0,0,512,5,8103098532
5364,63327376261,44400,63327420661,6,0,0,76288,6,1930620734
5365,63327545501,562,63327546063,2,0,0,512,2,8227663959
5366,63327611421,80368,63327691789,3,0,1,14336,3,1579243498
5367,63327642912,562,63327643474,7,0,1,14848,7,7477974699
5368,63327688136,69541,63327757677,6,0,1,7168,6,5970839909
5369,63327752998,125457,63327878455,4,0,0,512,4,3949384013
5370,63327761000,20620,63327781620,8,0,1,78336,8,8781373479
5371,63327820906,96976,63327917882,1,0,0,33280,1,7362637478
5372,63327850552,562,63327851114,1,0,1,18432,1,9567253816
5373,63327969483,253932,63328223415,8,0,0,512,8,4271263151
5374,63327990981,1990,63327992971,3,0,1,54272,3,10407805956
5375,63328019727,107896,63328127623,8,0,1,452096,8,1338053886
5376,63328022426,104633,63328127059,8,0,0,2048,8,1718788471
5377,63328056263,418816,63328475079,3,0,0,173568,3,8634096149
5378,63328079061,123242,63328202303,8,0,1,226304,8,4261807638
5379,63328207862,8107,63328215969,5,0,1,18944,5,10039854488
5380,63328319705,510442,63328830147,0,0,0,4608,0,4357374268
5381,63328399715,103605,63328503320,1,0,1,6656,1,8954577239
5382,63328437106,387435,63328824541,2,0,0,3584,2,10571400588
5383,63328485909,95148,63328581057,7,0,0,62976,7,8634349232
5384,63328501408,198880,63328700288,5,0,1,4096,5,3486953993
5385,63328581358,90712,63328672070,1,0,0,122880,1,9617071376
5386,63328643687,209449,63328853136,5,0,1,7680,5,799281601
5387,63328807548,112494,63328920042,7,0,1,19456,7,6350536162
5388,63328882948,94400,63328977348,5,0,1,14848,5,3504133595
5389,63328925743,84779,63329010522,7,0,1,6656,7,4656994906
5390,63329031844,97132,63329128976,7,0,1,18944,7,3987561629
5391,63329117243,11744,63329128987,3,0,0,17408,3,4755646789
5392,63329259152,79588,63329338740,3,0,1,11776,3,2917534665
5393,63329502853,14541,63329517394,1,0,1,3584,1,8382400133
5394,63329535399,54052,63329589451,7,0,0,28160,7,3879363411
5395,63329542390,82006,63329624396,3,0,1,14336,3,5782635992
5396,63329551496,5322,63329556818,8,0,1,72192,8,7161106139
5397,63329572838,195638,63329768476,8,0,1,122368,8,5760289469
5398,63329704196,211591,63329915787,3,0,0,5632,3,9286076525
5399,63329706789,38936,63329745725,3,0,1,13824,3,5421335844
5400,63329747951,86356,63329834307,3,0,0,2560,3,1078504008
5401,63329970403,117342,63330087745,7,0,0,195072,7,381113486
5402,63330005438,161238,63330166676,0,0,1,22016,0,4220643916
5403,63330005861,2942,63330008803,4,0,1,8192,4,6740053048
5404,63330144646,65938,63330210584,0,0,1,2560,0,393945975
5405,63330183304,235099,63330418403,0,0,0,3072,0,7943703817
5406,63330280230,33241,63330313471,1,0,0,57856,1,4773767037
5407,63330290645,5450,63330296095,1,0,1,2560,1,9076063113
5408,63330318517,107402,63330425919,1,0,0,13824,1,3717561491
5409,63330330040,70972,63330401012,5,0,1,8704,5,2496834571
5410,63330484701,562,63330485263,5,0,0,512,5,5409139328
5411,63330497861,2942,63330500803,8,0,1,132608,8,6583878858
5412,63330498470,136372,63330634842,1,0,1,7680,1,4062125996
5413,63330518337,138114,63330656451,8,0,0,3072,8,593272255
5414,63330788299,71440,63330859739,0,0,1,10240,0,1196045999
5415,63330811591,198600,63331010191,9,0,0,326656,9,340011893
5416,63330835781,175076,63331010857,4,0,0,1024,4,1543990382
5417,63330866474,101117,63330967591,7,0,1,30720,7,6961529761
5418,63330910086,224379,63331134465,2,0,0,512,2,3466879886
5419,63330942450,125269,63331067719,7,0,0,279040,7,2164301828
5420,63330966843,172495,63331139338,5,0,1,4096,5,3131228929
5421,63330986210,129081,63331115291,8,0,0,512,8,9266911732
5422,63331070583,76377,63331146960,3,0,0,102400,3,6384870869
5423,63331115045,32901,63331147946,5,0,0,1536,5,2806050109
5424,63331186617,135613,63331322230,1,0,0,220672,1,10436610283
5425,63331233584,562,63331234146,3,0,1,25088,3,6930554654
5426,63331348482,1990,63331350472,8,0,1,70656,8,2563548215
5427,63331405939,216040,63331621979,3,0,1,14848,3,7327621957
5428,63331409861,197328,63331607189,4,0,0,512,4,7793409961
5429,63331421550,42321,63331463871,6,0,1,6656,6,1076542902
5430,63331429961,37915,63331467876,8,0,0,2048,8,4585504063
5431,63331503500,131365,63331634865,1,0,0,40960,1,887977020
5432,63331507917,85372,63331593289,5,0,0,2560,5,8532185187
5433,63331544834,5322,63331550156,6,0,1,7680,6,6436791989
5434,63331553177,2466,63331555643,4,0,1,5632,4,1213305986
5435,63331612671,1038,63331613709,5,0,1,17408,5,283246853
5436,63331653706,178807,63331832513,7,0,0,5632,7,1785856095
5437,63331719426,351027,63332070453,0,0,0,2560,0,2836181180
5438,63331722145,149683,63331871828,3,0,0,1024,3,7658824613
5439,63331748006,56456,63331804462,0,0,1,1536,0,1702435142
5440,63331760410,80871,63331841281,3,0,1,5120,3,8278697973
5441,63331806634,57436,63331864070,6,0,1,4608,6,4976661556
5442,63331822669,98380,63331921049,4,0,1,23040,4,4911115156
5443,63331938329,5192,63331943521,7,0,0,13312,7,6726884665
5444,63331974562,64738,63332039300,9,0,0,105984,9,6178737330
5445,63331976351,63295,63332039646,4,0,0,512,4,1414583203
5446,63332000513,52235,63332052748,5,0,1,19456,5,8567722443
5447,63332044398,1038,63332045436,0,0,1,2560,0,1975356562
5448,63332059304,97492,63332156796,8,0,1,30208,8,6341501888
5449,63332073461,91051,63332164512,1,0,1,5120,1,7010405107
5450,63332103667,108452,63332212119,0,0,1,4096,0,10080542555
5451,63332121004,236254,63332357258,1,0,0,1024,1,8813529015
5452,63332261789,2942,63332264731,8,0,0,3072,8,4558112844
5453,63332326299,50995,63332377294,6,0,0,82432,6,8705178188
5454,63332454151,134749,63332588900,7,0,0,222208,7,424627896
5455,63332459170,130716,63332589886,4,0,0,1536,4,10192695754
5456,63332511692,109453,63332621145,1,0,0,108544,1,2650619933
5457,63332644187,273835,63332918022,7,0,0,763392,7,789660633
5458,63332670650,469133,63333139783,3,0,1,4608,3,3760016863
5459,63332791575,267126,63333058701,4,0,1,13312,4,10378271048
5460,63332822467,340232,63333162699,1,0,1,8704,1,3025609511
5461,63332851379,462572,63333313951,9,0,0,16384,9,1814180956
5462,63332965756,291494,63333257250,3,0,0,451072,3,1245227902
5463,63332980862,328896,63333309758,9,0,0,177664,9,540370765
5464,63333108767,232455,63333341222,6,0,0,101376,6,5773344422
5465,63333115852,256424,63333372276,7,0,0,107520,7,1415400360
5466,63333186454,192543,63333378997,6,0,0,24064,6,7346930656
5467,63333225955,154028,63333379983,5,0,0,1536,5,10092482357
5468,63333300510,16092,63333316602,4,0,1,5120,4,4345008326
5469,63333464087,199781,63333663868,7,0,1,27136,7,4210811362
5470,63333475021,4187,63333479208,1,0,0,31232,1,5387744041
5471,63333496115,4846,63333500961,0,0,0,3584,0,8048895647
5472,63333602983,170921,63333773904,4,0,0,5120,4,7800098755
5473,63333609055,148235,63333757290,6,0,1,7680,6,8117038536
5474,63333731032,44658,63333775690,9,0,0,76800,9,4460144079
5475,63333979183,562,63333979745,0,0,1,40448,0,6556495734
5476,63334053205,165773,63334218978,0,0,0,512,0,7458721580
5477,63334118208,84383,63334202591,3,0,0,140800,3,2115110865
5478,63334131666,263929,63334395595,1,0,1,38912,1,6116712905
5479,63334132569,220302,63334352871,1,0,1,18432,1,2968980514
5480,63334142731,183234,63334325965,3,0,0,397824,3,3105559787
5481,63334186704,12991,63334199695,2,0,0,512,2,10601220883
5482,63334225718,390781,63334616499,2,0,0,3072,2,4031971624
5483,63334336012,63962,63334399974,4,0,1,2048,4,1551183508
5484,63334430881,455459,63334886340,1,0,0,25088,1,4218206722
5485,63334501866,251748,63334753614,3,0,0,104448,3,9093178775
5486,63334522928,64843,63334587771,7,0,0,61440,7,7852432317
5487,63334565615,22167,63334587782,5,0,0,2560,5,1913961563
5488,63334633740,562,63334634302,2,0,0,512,2,10620561528
5489,63334811576,562,63334812138,9,0,0,512,9,4104211706
5490,63334823434,77359,63334900793,3,0,0,130560,3,4189013394
5491,63334841340,60221,63334901561,7,0,0,11776,7,8254188525
5492,63334841713,30749,63334872462,0,0,1,11264,0,6828623254
5493,63334871158,126239,63334997397,4,0,0,512,4,3715776309
5494,63334950253,86322,63335036575,4,0,1,1536,4,8179264280
5495,63334965746,136930,63335102676,9,0,0,140288,9,8253577672
5496,63335009864,256952,63335266816,7,0,0,415232,7,30147369
5497,63335022723,235222,63335257945,8,0,1,15360,8,6683365626
5498,63335042014,196338,63335238352,7,0,0,33280,7,3361111834
5499,63335086955,281904,63335368859,5,0,1,16896,5,8923180068
5500,63335094157,215304,63335309461,5,0,1,3584,5,817762243
5501,63335135382,1038,63335136420,1,0,0,237056,1,1483194762
5502,63335318801,1514,63335320315,6,0,1,4608,6,9021086418
5503,63335379055,368267,63335747322,8,0,0,1024,8,4992268855
5504,63335436661,1514,63335438175,6,0,1,9216,6,5047479065
5505,63335446287,205166,63335651453,0,0,0,1536,0,2902136693
5506,63335466668,4158,63335470826,2,0,0,1536,2,7720575510
5507,63335509831,110981,63335620812,1,0,1,5632,1,9650579300
5508,63335521104,7226,63335528330,2,0,0,11264,2,3965538048
5509,63335564461,42695,63335607156,4,0,0,7680,4,9958652646
5510,63335566575,142735,63335709310,6,0,0,69120,6,8743869360
5511,63335677922,1514,63335679436,8,0,1,196096,8,10018129635
5512,63335707878,1990,63335709868,2,0,0,1536,2,7793722876
5513,63335727951,1514,63335729465,5,0,0,2048,5,9634110327
5514,63335757302,229300,63335986602,2,0,0,1536,2,4595862327
5515,63335957500,43712,63336001212,6,0,0,71680,6,4783047689
5516,63336059925,83608,63336143533,3,0,0,139264,3,3292248910
5517,63336171878,4370,63336176248,1,0,0,4608,1,2292627513
5518,63336216641,3418,63336220059,8,0,0,3584,8,1995602983
5519,63336293067,122645,63336415712,3,0,0,198656,3,2185666594
5520,63336428797,3124,63336431921,6,0,0,9216,6,4061879231
5521,63336471547,4846,63336476393,0,0,0,5120,0,4014352968
5522,63336546071,23721,63336569792,1,0,0,39424,1,2824388252
5523,63336595324,125229,63336720553,3,0,0,203776,3,6165287147
5524,63336683733,67234,63336750967,7,0,1,20992,7,3986984548
5525,63336724245,156645,63336880890,7,0,1,33280,7,6963639544
5526,63336737436,9786,63336747222,9,0,0,114176,9,3387849900
5527,63336834002,1990,63336835992,2,0,0,3584,2,1263371680
5528,63336849999,219207,63337069206,3,0,1,50688,3,4797955252
5529,63336870435,157467,63337027902,2,0,0,2048,2,9370232295
5530,63337062475,4846,63337067321,8,0,0,5120,8,477953298
5531,63337139421,166933,63337306354,7,0,0,274944,7,8765297303
5532,63337215207,94373,63337309580,8,0,0,5120,8,2624254354
5533,63337234171,22170,63337256341,8,0,1,23040,8,1611859882
5534,63337256599,15058,63337271657,0,0,1,22528,0,4105168785
5535,63337354578,223099,63337577677,9,0,0,36352,9,3424525588
5536,63337376231,562,63337376793,7,0,0,29184,7,1159825628
5537,63337493538,266905,63337760443,2,0,0,512,2,7828268469
5538,63337508206,70972,63337579178,0,0,1,8704,0,4243473261
5539,63337531453,71503,63337602956,7,0,0,115712,7,4130225180
5540,63337550377,108910,63337659287,6,0,0,150016,6,9510984453
5541,63337640935,19658,63337660593,8,0,0,2048,8,6943042062
5542,63337649773,199788,63337849561,3,0,1,3072,3,4566551870
5543,63337866025,47284,63337913309,7,0,1,1536,7,5812765616
5544,63337905972,132253,63338038225,7,0,0,214016,7,4618949567
5545,63337922692,146485,63338069177,1,0,0,107008,1,5581722532
5546,63337976010,78947,63338054957,8,0,1,85504,8,4591968226
5547,63337991203,266079,63338257282,3,0,0,12800,3,386501724
5548,63338135811,106289,63338242100,3,0,0,151552,3,7180712087
5549,63338171883,562,63338172445,0,0,1,40960,0,3488420497
5550,63338242427,1514,63338243941,0,0,1,3072,0,1264906098
5551,63338249410,52360,63338301770,0,0,0,512,0,961422687
5552,63338262348,1038,63338263386,0,0,0,1536,0,7304928717
5553,63338277729,275408,63338553137,4,0,1,11776,4,2083134363
5554,63338292647,159990,63338452637,0,0,1,9216,0,4020776498
5555,63338432445,227261,63338659706,2,0,0,1024,2,345590801
5556,63338448208,80392,63338528600,8,0,1,19456,8,4461458921
5557,63338558659,1990,63338560649,8,0,0,2048,8,4148320933
5558,63338579976,56642,63338636618,6,0,1,2048,6,7472979065
5559,63338676010,4370,63338680380,8,0,0,4608,8,7757751832
5560,63338677390,3656,63338681046,2,0,0,1024,2,7171407609
5561,63338688812,108676,63338797488,8,0,1,56832,8,8451499619
5562,63338701785,72923,63338774708,3,0,1,5120,3,10637550603
5563,63338730943,65942,63338796885,8,0,1,1024,8,8510299282
5564,63338742576,182710,63338925286,7,0,0,111616,7,8396307727
5565,63338794629,257380,63339052009,7,0,0,412160,7,8719635642
5566,63338937046,156898,63339093944,1,0,0,143360,1,1032340010
5567,63339009892,95813,63339105705,3,0,1,9216,3,5778817096
5568,63339029493,83651,63339113144,7,0,0,109056,7,2152474797
5569,63339047044,42420,63339089464,8,0,0,17408,8,7165979865
5570,63339109633,174881,63339284514,3,0,0,69120,3,1493527791
5571,63339112038,279846,63339391884,8,0,1,15872,8,1410091427
5572,63339148106,1990,63339150096,0,0,1,11264,0,8168067671
5573,63339449682,319520,63339769202,2,0,0,2048,2,6201888424
5574,63339515032,92212,63339607244,4,0,1,17920,4,6410561888
5575,63339679157,32554,63339711711,9,0,0,53248,9,4432735549
5576,63339879273,1990,63339881263,6,0,1,45056,6,184963557
5577,63339888205,105088,63339993293,2,0,0,2048,2,4518394543
5578,63339972423,56347,63340028770,6,0,0,76288,6,2476962662
5579,63339973180,104166,63340077346,3,0,1,15360,3,3112225695
5580,63340191337,69920,63340261257,5,0,1,6144,5,1107824287
5581,63340271313,1038,63340272351,2,0,0,1024,2,3508087132
5582,63340308710,2942,63340311652,3,0,1,27136,3,4519114059
5583,63340332501,99628,63340432129,1,0,1,38400,1,6623719828
5584,63340357484,103060,63340460544,8,0,0,3072,8,5882783236
5585,63340376374,100720,63340477094,4,0,1,30720,4,9557930775
5586,63340464310,45592,63340509902,0,0,1,1024,0,8011118137
5587,63340588696,3418,63340592114,2,0,0,3584,2,3568138452
5588,63340611483,1514,63340612997,2,0,0,1536,2,804352514
5589,63340692688,262576,63340955264,8,0,1,284672,8,5858771271
5590,63340743897,204547,63340948444,6,0,1,38400,6,7048628872
5591,63340761812,51588,63340813400,1,0,1,36352,1,6032945085
5592,63340917196,246413,63341163609,4,0,0,2560,4,4607200515
5593,63341004658,99784,63341104442,7,0,1,27648,7,7274482421
5594,63341160597,6750,63341167347,0,0,0,7168,0,7842284266
5595,63341167934,88360,63341256294,0,0,1,15360,0,5328524283
5596,63341230086,72328,63341302414,5,0,1,13824,5,195496821
5597,63341243010,84212,63341327222,3,0,0,137216,3,8339240686
5598,63341258871,41681,63341300552,5,0,1,2048,5,7235349378
5599,63341271323,39838,63341311161,6,0,1,4096,6,7628672883
5600,63341287487,36256,63341323743,4,0,0,3072,4,5028889692
5601,63341290956,1514,63341292470,4,0,0,2560,4,6162804274
5602,63341294884,4846,63341299730,4,0,0,512,4,8799757450
5603,63341337429,142142,63341479571,2,0,0,1536,2,6587883166
5604,63341353433,1990,63341355423,4,0,0,5120,4,7885455954
5605,63341424734,1038,63341425772,8,0,1,103936,8,8870284757
5606,63341479703,263991,63341743694,8,0,0,2048,8,7426240072
5607,63341485353,148354,63341633707,0,0,0,1024,0,6105123667
5608,63341537518,155775,63341693293,0,0,0,256512,0,6242799108
5609,63341741073,46984,63341788057,8,0,1,157696,8,2049499942
5610,63341795690,43108,63341838798,4,0,1,33280,4,7625292838
5611,63341823301,21282,63341844583,9,0,0,81408,9,9863625804
5612,63341825378,170940,63341996318,7,0,1,46080,7,362022998
5613,63341865390,150195,63342015585,1,0,1,512,1,10658041011
5614,63341895884,144169,63342040053,6,0,1,1536,6,10629508218
5615,63341896123,169587,63342065710,4,0,1,11776,4,10121911883
5616,63341902230,385151,63342287381,0,0,0,73728,0,10408220426
5617,63341924722,314905,63342239627,9,0,0,1024,9,3094374684
5618,63342073863,562,63342074425,6,0,1,512,6,9812096122
5619,63342079780,135892,63342215672,4,0,1,6144,4,2400753465
5620,63342095078,194667,63342289745,0,0,1,9728,0,4278173240
5621,63342152726,46984,63342199710,0,0,1,17920,0,5674781754
5622,63342176684,220739,63342397423,5,0,0,512,5,3648062859
5623,63342255799,1038,63342256837,1,0,0,81408,1,5155728154
5624,63342341530,1514,63342343044,4,0,0,1024,4,554108780
5625,63342343285,213203,63342556488,5,0,1,1024,5,5392126575
5626,63342350268,47590,63342397858,5,0,0,1536,5,10436180042
5627,63342556330,106180,63342662510,0,0,1,48640,0,6141899302
5628,63342608113,82145,63342690258,7,0,0,133120,7,10104935069
5629,63342637896,53348,63342691244,4,0,0,1536,4,7195967031
5630,63342695281,1038,63342696319,4,0,0,1024,4,8699949090
5631,63342741814,52545,63342794359,5,0,1,6656,5,3473939517
5632,63342751916,36343,63342788259,1,0,0,85504,1,7788124132
5633,63342768374,132983,63342901357,7,0,0,9216,7,1865676522
5634,63342791004,360342,63343151346,9,0,0,588288,9,7409556773
5635,63342800119,390534,63343190653,1,0,1,15872,1,6766650305
5636,63342854749,301762,63343156511,0,0,0,163840,0,7783912934
5637,63342902876,352981,63343255857,8,0,1,207872,8,3145652178
5638,63342905933,341570,63343247503,5,0,1,32256,5,3596197916
5639,63342908943,229944,63343138887,3,0,0,163328,3,9064416386
5640,63342968027,156019,63343124046,7,0,1,512,7,5695588642
5641,63342988977,134074,63343123051,1,0,1,1024,1,3689686037
5642,63343010384,57613,63343067997,0,0,1,10240,0,4554254193
5643,63343020915,39358,63343060273,2,0,0,512,2,2426889965
5644,63343096146,16971,63343113117,2,0,0,2048,2,2500485401
5645,63343142983,352404,63343495387,1,0,1,6656,1,1738210989
5646,63343160435,218371,63343378806,3,0,0,137216,3,9073003270
5647,63343179402,364227,63343543629,6,0,1,1024,6,6568983841
5648,63343188338,85933,63343274271,6,0,1,3072,6,9408229558
5649,63343200082,13895,63343213977,8,0,1,19968,8,5864359209
5650,63343257992,441640,63343699632,6,0,0,76288,6,6620710211
5651,63343279153,606677,63343885830,2,0,0,4608,2,9190947109
5652,63343301886,330482,63343632368,2,0,0,512,2,6576634325
5653,63343308399,322493,63343630892,9,0,0,143872,9,2857039121
5654,63343386236,348763,63343734999,0,0,0,19456,0,7446652944
5655,63343450847,54354,63343505201,7,0,1,59392,7,6765563589
5656,63343611756,96157,63343707913,7,0,1,9728,7,2432014046
5657,63343612044,2466,63343614510,5,0,1,14848,5,3777790571
5658,63343632245,113612,63343745857,6,0,0,89088,6,8202557525
5659,63343708895,1990,63343710885,5,0,0,2560,5,9031599885
5660,63343846199,445442,63344291641,4,0,0,2048,4,1313598499
5661,63343888050,106611,63343994661,0,0,1,23040,0,3628419421
5662,63343894953,108299,63344003252,6,0,1,28160,6,6254469580
5663,63343903450,114499,63344017949,9,0,0,189440,9,10095293008
5664,63344081473,4370,63344085843,1,0,1,1024,1,10200050244
5665,63344097013,49565,63344146578,5,0,0,4608,5,1631616579
5666,63344102710,145734,63344248444,0,0,1,18944,0,10654204803
5667,63344358471,100408,63344458879,1,0,1,29696,1,5637184198
5668,63344440243,18647,63344458890,9,0,0,23552,9,4810321082
5669,63344512396,91276,63344603672,5,0,1,4096,5,7308265917
5670,63344571979,162134,63344734113,3,0,1,14848,3,9118235676
5671,63344576139,182361,63344758500,4,0,1,51712,4,9749644938
5672,63344658992,111922,63344770914,6,0,1,5632,6,18718346
5673,63344791886,3894,63344795780,4,0,0,4096,4,2170416818
5674,63344915517,36859,63344952376,6,0,0,65024,6,3862369263
5675,63344915750,134888,63345050638,5,0,1,16896,5,7878524249
5676,63344949685,195241,63345144926,6,0,0,320000,6,10561448655
5677,63344976659,168523,63345145182,6,0,0,9216,6,6677478138
5678,63344989717,156451,63345146168,8,0,0,1536,8,10269674908
5679,63345090057,57084,63345147141,7,0,0,12800,7,5414296021
5680,63345099070,48417,63345147487,5,0,0,512,5,10720643634
5681,63345262506,4846,63345267352,8,0,0,5120,8,10304406996
5682,63345279821,22687,63345302508,7,0,0,37376,7,2014919078
5683,63345280056,116885,63345396941,1,0,1,6656,1,1522433070
5684,63345368554,20362,63345388916,7,0,1,41472,7,8869856396
5685,63345427615,72664,63345500279,5,0,1,44544,5,4255817678
5686,63345460485,1038,63345461523,8,0,1,9216,8,7863438977
5687,63345469355,149339,63345618694,1,0,0,32768,1,2414905034
5688,63345559509,258803,63345818312,5,0,0,1024,5,287175835
5689,63345566924,93976,63345660900,1,0,0,136704,1,2884941844
5690,63345700986,73571,63345774557,6,0,0,119808,6,411499988
5691,63345711486,79546,63345791032,0,0,0,54272,0,852120934
5692,63345712234,104374,63345816608,3,0,1,14336,3,2685081615
5693,63345770662,91928,63345862590,0,0,0,173056,0,8615238246
5694,63345785374,176172,63345961546,8,0,0,3584,8,3226149187
5695,63345851330,95541,63345946871,6,0,1,25088,6,2111261004
5696,63345950567,79219,63346029786,0,0,0,159232,0,6589267324
5697,63345993322,6225,63345999547,7,0,0,93696,7,4096136292
5698,63346085219,256000,63346341219,1,0,0,15360,1,6521038207
5699,63346178075,4846,63346182921,3,0,0,5120,3,2134357934
5700,63346202446,52029,63346254475,0,0,0,84480,0,3225103299
5701,63346203795,44638,63346248433,3,0,1,512,3,2165337564
5702,63346210183,68340,63346278523,4,0,0,512,4,6027839425
5703,63346278828,562,63346279390,8,0,1,46592,8,4323375438
5704,63346372665,3418,63346376083,8,0,0,512,8,8196497492
5705,63346439976,180089,63346620065,4,0,0,3584,4,6578887521
5706,63346455181,26932,63346482113,3,0,0,38400,3,7970927653
5707,63346480542,43971,63346524513,1,0,0,72192,1,4555305115
5708,63346485860,39831,63346525691,7,0,0,13824,7,6675482963
5709,63346493881,33756,63346527637,8,0,0,3072,8,2594042924
5710,63346521155,10348,63346531503,4,0,0,6144,4,4101230005
5711,63346634350,266264,63346900614,8,0,1,238592,8,4106835890
5712,63346716410,185775,63346902185,1,0,1,5120,1,9809529089
5713,63346841750,72989,63346914739,0,0,0,20992,0,5101527788
5714,63346945753,52360,63346998113,5,0,1,3072,5,3949194286
5715,63347072842,59908,63347132750,5,0,1,7680,5,10545165494
5716,63347124073,162887,63347286960,4,0,0,263680,4,7801268718
5717,63347285923,74346,63347360269,1,0,0,121344,1,7991208069
5718,63347335056,31114,63347366170,3,0,0,28160,3,9580716326
5719,63347394769,2466,63347397235,2,0,0,2560,2,2879445002
5720,63347406000,16609,63347422609,0,0,1,19968,0,9505816948
5721,63347434131,5192,63347439323,7,0,0,32256,7,7040298553
5722,63347495250,146081,63347641331,0,0,0,13312,0,2014110464
5723,63347566965,67588,63347634553,4,0,1,7680,4,4180037932
5724,63347574361,115016,63347689377,7,0,0,190464,7,1307952458
5725,63347741777,3894,63347745671,2,0,0,4096,2,10505348702
5726,63347802300,1514,63347803814,7,0,1,53760,7,5162439292
5727,63347809578,107740,63347917318,5,0,0,1536,5,7277097511
5728,63347888077,30487,63347918564,3,0,0,49152,3,5940359473
5729,63347928529,94854,63348023383,3,0,0,154624,3,10237406018
5730,63347958614,65115,63348023729,8,0,0,512,8,6895656650
5731,63347986977,225187,63348212164,0,0,0,365056,0,3495087217
5732,63348002168,210342,63348212510,5,0,0,512,5,9315344990
5733,63348012472,148209,63348160681,0,0,1,14336,0,1094055796
5734,63348024149,82906,63348107055,8,0,1,8192,8,9725530010
5735,63348038122,290347,63348328469,4,0,1,29184,4,5920756972
5736,63348064647,55817,63348120464,2,0,0,512,2,1824321010
5737,63348131256,19527,63348150783,5,0,0,2048,5,8310087781
5738,63348178867,330728,63348509595,5,0,1,10240,5,8618237322
5739,63348215343,256273,63348471616,4,0,1,14336,4,1545742727
5740,63348271415,245963,63348517378,7,0,0,95232,7,8892329741
5741,63348287043,463080,63348750123,3,0,1,32768,3,9505441998
5742,63348308371,204745,63348513116,2,0,0,1024,2,8726695070
5743,63348535042,93562,63348628604,9,0,0,152064,9,8621432970
5744,63348600439,89428,63348689867,6,0,1,4608,6,9055950321
5745,63348662997,61637,63348724634,7,0,0,99840,7,1260588005
5746,63348856137,1038,63348857175,2,0,0,1024,2,304658239
5747,63348864490,139105,63349003595,1,0,1,47104,1,4381154523
5748,63348902893,191871,63349094764,4,0,1,13312,4,8304826430
5749,63348941827,146017,63349087844,3,0,1,33280,3,10737200102
5750,63349138965,198859,63349337824,0,0,0,327168,0,10103840794
5751,63349311825,26345,63349338170,8,0,0,512,8,10665670793
5752,63349477317,33329,63349510646,6,0,0,54784,6,9249866878
5753,63349483566,196761,63349680327,8,0,1,148992,8,5141277726
5754,63349508856,178034,63349686890,0,0,1,21504,0,3673326838
5755,63349556501,136317,63349692818,3,0,1,3072,3,10274732435
5756,63349738270,3894,63349742164,5,0,0,4096,5,4649573273
5757,63349752391,64204,63349816595,3,0,1,6656,3,3343507344
5758,63349822881,62068,63349884949,5,0,1,9728,5,3927748151
5759,63349865108,3418,63349868526,1,0,1,26624,1,8248135866
5760,63349926546,99472,63350026018,5,0,0,3584,5,7460736229
5761,63349937911,106180,63350044091,0,0,1,48640,0,4885332366
5762,63350064171,1038,63350065209,5,0,0,1024,5,7983239367
5763,63350095844,350475,63350446319,6,0,0,572416,6,5322567932
5764,63350167104,284400,63350451504,7,0,0,24576,7,4887858342
5765,63350227822,224028,63350451850,5,0,0,512,5,8797369158
5766,63350367178,126812,63350493990,9,0,0,136192,9,9799645716
5767,63350384669,249539,63350634208,5,0,1,7168,5,5078220037
5768,63350434345,346429,63350780774,4,0,0,561152,4,6795993442
5769,63350608418,174302,63350782720,2,0,0,3072,2,4083191450
5770,63350687003,117529,63350804532,9,0,0,71680,9,6417355503
5771,63350736631,332876,63351069507,8,0,1,121344,8,7388492703
5772,63350791632,149827,63350941459,4,0,1,23040,4,7905510358
5773,63350930889,325046,63351255935,5,0,1,7680,5,1757605322
5774,63351086070,104204,63351190274,4,0,0,169472,4,4273893958
5775,63351154385,562,63351154947,5,0,1,512,5,5588968796
5776,63351175454,12304,63351187758,0,0,1,3072,0,5307065401
5777,63351195959,129681,63351325640,7,0,1,32256,7,1421190709
5778,63351221276,171422,63351392698,4,0,1,50176,4,9237859306
5779,63351247221,13508,63351260729,4,0,1,38912,4,8411029959
5780,63351266496,2466,63351268962,2,0,0,512,2,7312507111
5781,63351292032,170801,63351462833,3,0,0,20480,3,4825802648
5782,63351314972,122242,63351437214,3,0,0,26112,3,6430151785
5783,63351337660,185248,63351522908,2,0,0,2560,2,8230578617
5784,63351388107,166158,63351554265,7,0,0,273408,7,1164047300
5785,63351594433,128372,63351722805,8,0,1,3072,8,6745892970
5786,63351848211,4158,63351852369,7,0,0,11264,7,4647512977
5787,63351851348,6618,63351857966,9,0,0,6656,9,2778108059
5788,63351901168,2466,63351903634,8,0,0,2560,8,122389875
5789,63351996096,84212,63352080308,0,0,0,137216,0,9197646877
5790,63352055725,139572,63352195297,7,0,1,49152,7,10341593152
5791,63352130995,84400,63352215395,5,0,1,22528,5,3581989608
5792,63352210976,138732,63352349708,9,0,0,218112,9,3419640654
5793,63352350750,127595,63352478345,4,0,1,25088,4,2261460576
5794,63352370989,149302,63352520291,6,0,1,20480,6,9727533184
5795,63352493160,36859,63352530019,1,0,0,65024,1,4731652003
5796,63352512784,63683,63352576467,0,0,0,103424,0,2355559838
5797,63352544635,21395,63352566030,8,0,1,180224,8,924789923
5798,63352623565,32295,63352655860,3,0,0,34816,3,7594636773
5799,63352651837,65594,63352717431,0,0,0,52736,0,5004848319
5800,63352654905,70840,63352725745,4,0,0,85504,4,7813482758
5801,63352773444,368215,63353141659,1,0,1,13312,1,7070660653
5802,63352777937,206916,63352984853,0,0,0,339456,0,2245019210
5803,63352826846,210720,63353037566,6,0,0,178688,6,3103787796
5804,63352866378,151857,63353018235,6,0,1,1024,6,4851784457
5805,63352942838,183924,63353126762,6,0,0,191488,6,2851593964
5806,63352957839,282810,63353240649,1,0,0,159744,1,1296563032
5807,63352977428,148793,63353126221,1,0,1,8192,1,4300423726
5808,63353051021,146716,63353197737,7,0,0,196096,7,7396637029
5809,63353084255,52415,63353136670,4,0,0,99840,4,7390473958
5810,63353101363,337604,63353438967,1,0,1,512,1,796880460
5811,63353142828,2942,63353145770,7,0,1,14848,7,823932840
5812,63353180502,2466,63353182968,2,0,0,3072,2,3616599169
5813,63353324247,562,63353324809,8,0,0,3072,8,1369226828
5814,63353331382,273301,63353604683,5,0,0,2560,5,7120868797
5815,63353335224,336033,63353671257,3,0,1,3072,3,6179510961
5816,63353346525,169575,63353516100,5,0,0,512,5,8573802852
5817,63353390098,1038,63353391136,7,0,1,6144,7,8359751130
5818,63353459772,169962,63353629734,3,0,1,20992,3,1001632405
5819,63353534787,269842,63353804629,3,0,0,1024,3,422576671
5820,63353758363,99940,63353858303,3,0,1,28160,3,9476839304
5821,63353829208,11529,63353840737,6,0,1,3072,6,3104173128
5822,63353866635,52360,63353918995,4,0,0,18944,4,4723309326
5823,63353966529,45175,63354011704,1,0,1,5632,1,811223214
5824,63353970920,24621,63353995541,3,0,0,77824,3,4170032064
5825,63353997375,60820,63354058195,4,0,0,19968,4,5691284644
5826,63353997737,562,63353998299,4,0,1,65536,4,8878523807
5827,63354141281,257744,63354399025,2,0,0,512,2,9959300492
5828,63354158274,124454,63354282728,1,0,0,202240,1,7373551345
5829,63354165689,62037,63354227726,0,0,1,6656,0,4371803710
5830,63354318354,21137,63354339491,5,0,1,27648,5,3459295974
5831,63354351888,283489,63354635377,7,0,1,5120,7,10692275393
5832,63354422466,189135,63354611601,9,0,0,34304,9,7560168464
5833,63354479615,115901,63354595516,1,0,1,11776,1,8730251795
5834,63354548347,80104,63354628451,8,0,1,54784,8,4336621572
5835,63354580693,129735,63354710428,4,0,1,2560,4,5075952761
5836,63354725441,4846,63354730287,5,0,1,8192,5,608677773
5837,63354759887,69280,63354829167,1,0,0,5120,1,544621440
5838,63354830062,107740,63354937802,8,0,1,53760,8,3424167271
5839,63354884553,53416,63354937969,4,0,1,512,4,4867732018
5840,63354964483,562,63354965045,5,0,1,11264,5,8652974098
5841,63354982961,64072,63355047033,2,0,0,512,2,3178516713
5842,63355031974,4370,63355036344,5,0,0,4608,5,7122422896
5843,63355358717,55558,63355414275,0,0,0,94720,0,5693485931
5844,63355401156,41387,63355442543,4,0,0,67072,4,6092026226
5845,63355431833,64479,63355496312,1,0,0,105472,1,5596217682
5846,63355471564,168809,63355640373,8,0,1,65536,8,4140670146
5847,63355507242,12562,63355519804,7,0,1,1536,7,8076023643
5848,63355652846,242077,63355894923,6,0,1,9216,6,5003958908
5849,63355669409,69592,63355739001,1,0,0,20992,1,5269726161
5850,63355686706,35743,63355722449,4,0,0,61952,4,6017100165
5851,63355732283,107217,63355839500,4,0,0,178688,4,8197026479
5852,63355760762,32500,63355793262,3,0,1,16896,3,8727273010
5853,63355813721,159706,63355973427,3,0,0,32256,3,980254418
5854,63355816216,107347,63355923563,1,0,1,18432,1,8565415238
5855,63355818212,137014,63355955226,7,0,1,18944,7,9641854330
5856,63355823909,63446,63355887355,5,0,1,5120,5,3526381989
5857,63355829005,198918,63356027923,4,0,1,4096,4,1302242392
5858,63355908452,214359,63356122811,7,0,0,103424,7,807179157
5859,63355922929,34791,63355957720,8,0,1,69632,8,6645260967
5860,63356027323,32983,63356060306,1,0,0,60928,1,4981782280
5861,63356112378,32022,63356144400,6,0,0,57344,6,4802464017
5862,63356117205,297254,63356414459,5,0,0,6144,5,8159779927
5863,63356157032,84124,63356241156,0,0,0,140288,0,6424293277
5864,63356170357,71465,63356241822,1,0,0,11264,1,2353961174
5865,63356173935,83440,63356257375,3,0,0,57856,3,10038104598
5866,63356176164,242713,63356418877,7,0,0,292352,7,6766468530
5867,63356201847,217696,63356419543,0,0,0,11264,0,2371862603
5868,63356225326,150472,63356375798,6,0,1,8192,6,6057662827
5869,63356265963,120527,63356386490,4,0,1,4608,4,4784356914
5870,63356290781,213861,63356504642,9,0,0,79360,9,2324909367
5871,63356294779,317247,63356612026,1,0,1,17920,1,7776356583
5872,63356331376,360796,63356692172,0,0,1,11264,0,3570521648
5873,63356331760,217102,63356548862,9,0,0,36352,9,1382168241
5874,63356393602,307355,63356700957,0,0,1,2048,0,7250888302
5875,63356526226,120309,63356646535,3,0,1,512,3,5963909540
5876,63356710951,92992,63356803943,1,0,1,20480,1,10127901104
5877,63356830690,4370,63356835060,7,0,0,4608,7,1376890831
5878,63356843969,11787,63356855756,9,0,0,19456,9,6915770570
5879,63356978842,22170,63357001012,4,0,1,39424,4,6457548418
5880,63356994821,103372,63357098193,7,0,0,36352,7,1442060330
5881,63357072177,36342,63357108519,7,0,1,17408,7,5474497895
5882,63357097728,15495,63357113223,7,0,1,29696,7,3196658300
5883,63357101629,25958,63357127587,3,0,0,64000,3,2670863214
5884,63357123449,100408,63357223857,0,0,0,12800,0,5813086190
5885,63357129970,139111,63357269081,6,0,0,47104,6,1734120372
5886,63357132859,78440,63357211299,4,0,0,110080,4,7881800587
5887,63357191506,5322,63357196828,5,0,1,4096,5,3994112986
5888,63357312977,174061,63357487038,4,0,0,5632,4,6958801788
5889,63357382157,2466,63357384623,2,0,0,2560,2,2085041530
5890,63357394814,60653,63357455467,3,0,1,1024,3,7546393362
5891,63357491185,1990,63357493175,4,0,1,74752,4,761221939
5892,63357542304,115834,63357658138,5,0,0,2048,5,5793225327
5893,63357555260,66458,63357621718,3,0,0,112640,3,1191358734
5894,63357573952,1038,63357574990,1,0,1,31232,1,5458032370
5895,63357608528,562,63357609090,6,0,1,20480,6,396015955
5896,63357692831,220835,63357913666,8,0,0,1024,8,436532296
5897,63357697843,266367,63357964210,8,0,0,512,8,1814612529
5898,63357739698,1875,63357741573,7,0,1,8192,7,3623170398
5899,63357839474,128929,63357968403,8,0,0,1024,8,10335566482
5900,63357937612,71762,63358009374,7,0,1,17408,7,10127115622
5901,63357953327,108066,63358061393,7,0,1,15360,7,2880027201
5902,63357953413,68487,63358021900,6,0,0,116224,6,4502891587
5903,63357977202,97053,63358074255,7,0,0,60928,7,3774421628
5904,63358029628,20771,63358050399,8,0,0,1024,8,1194960520
5905,63358041601,45630,63358087231,6,0,0,65024,6,9357429820
5906,63358093579,65425,63358159004,6,0,0,110592,6,5817201083
5907,63358098805,61505,63358160310,8,0,0,2048,8,2555568767
5908,63358150369,3641,63358154010,4,0,1,5632,4,7849709452
5909,63358161766,61378,63358223144,8,0,1,69632,8,2962953120
5910,63358164944,195893,63358360837,5,0,0,10240,5,1057553513
5911,63358222320,138470,63358360790,1,0,1,10240,1,1777076340
5912,63358240108,49329,63358289437,7,0,0,99328,7,3891308704
5913,63358311472,72982,63358384454,1,0,0,48640,1,4390568941
5914,63358330536,109966,63358440502,1,0,1,13312,1,9829386728
5915,63358336128,53321,63358389449,1,0,1,1024,1,67673474
5916,63358351238,106010,63358457248,0,0,1,6656,0,404441348
5917,63358397832,352462,63358750294,0,0,0,87040,0,4707485417
5918,63358422597,87886,63358510483,3,0,1,11776,3,7638947153
5919,63358440616,191755,63358632371,8,0,1,10240,8,181589562
5920,63358539643,127499,63358667142,6,0,1,15360,6,6325927908
5921,63358572739,177469,63358750208,1,0,1,18944,1,1943407402
5922,63358826729,562,63358827291,8,0,0,512,8,5073580352
5923,63358909789,183395,63359093184,4,0,0,296960,4,3383163272
5924,63358911397,2466,63358913863,8,0,1,217600,8,453719781
5925,63359026663,1514,63359028177,1,0,1,512,1,1529777507
5926,63359162935,217161,63359380096,2,0,0,2560,2,4946497444
5927,63359186926,402759,63359589685,5,0,0,1536,5,10584902033
5928,63359233111,81056,63359314167,0,0,0,111616,0,7555315541
5929,63359318847,42420,63359361267,3,0,1,29696,3,10225786380
5930,63359345081,197223,63359542304,7,0,0,69120,7,2107463699
5931,63359469266,127208,63359596474,9,0,0,210944,9,4358596696
5932,63359553996,43366,63359597362,6,0,1,13312,6,8078978269
5933,63359577511,149416,63359726927,6,0,1,5632,6,8172005231
5934,63359598950,122128,63359721078,6,0,0,74240,6,6888106554
5935,63359646165,239211,63359885376,0,0,0,197632,0,10235557566
5936,63359725855,223460,63359949315,7,0,1,512,7,4975398160
5937,63359822501,148443,63359970944,0,0,1,4608,0,8734359111
5938,63359828117,102654,63359930771,5,0,1,10752,5,4291817599
5939,63359898220,51530,63359949750,6,0,0,166400,6,5869031615
5940,63359938960,248105,63360187065,6,0,1,34816,6,6247653176
5941,63359965102,155142,63360120244,6,0,0,58880,6,3790183059
5942,63359999235,62929,63360062164,4,0,1,13824,4,2162826193
5943,63360006055,13337,63360019392,1,0,1,8704,1,2453534243
5944,63360060126,162414,63360222540,6,0,0,102400,6,3014422830
5945,63360130329,33846,63360164175,3,0,0,22528,3,77638020
5946,63360161186,24238,63360185424,7,0,0,55808,7,9914978566
5947,63360212895,288917,63360501812,7,0,0,40448,7,8727533486
5948,63360238195,210834,63360449029,6,0,1,26624,6,10171115059
5949,63360466407,50824,63360517231,1,0,1,3072,1,4692155641
5950,63360498656,117083,63360615739,0,0,0,194560,0,4973505716
5951,63360548984,4370,63360553354,1,0,1,20480,1,5228413562
5952,63360660912,156073,63360816985,2,0,0,4608,2,4782871176
5953,63360687138,138097,63360825235,5,0,1,25088,5,5347546624
5954,63360832021,54266,63360886287,1,0,0,92160,1,6876454085
5955,63360838910,68165,63360907075,7,0,0,74752,7,5814653711
5956,63360839858,13508,63360853366,4,0,1,1536,4,4086757413
5957,63361019209,217048,63361236257,3,0,0,26112,3,2472078910
5958,63361078421,135783,63361214204,4,0,0,224256,4,8785467060
5959,63361139470,96342,63361235812,4,0,0,70656,4,5345934511
5960,63361231177,21137,63361252314,7,0,1,9728,7,5052363124
5961,63361236596,56957,63361293553,1,0,0,34304,1,1229001901
5962,63361242500,125625,63361368125,6,0,1,3072,6,2014201680
5963,63361315341,56787,63361372128,3,0,1,24576,3,4799762943
5964,63361324646,77275,63361401921,5,0,1,2560,5,5663482004
5965,63361354294,37411,63361391705,0,0,0,125440,0,489700662
5966,63361405807,149600,63361555407,4,0,0,47616,4,585740748
5967,63361521555,67588,63361589143,6,0,1,7680,6,5693086942
5968,63361564001,26734,63361590735,3,0,1,5632,3,831654404
5969,63361602849,83423,63361686272,0,0,0,48640,0,4893100917
5970,63361765124,56836,63361821960,5,0,1,7680,5,4784719606
5971,63361772920,70480,63361843400,7,0,1,4608,7,3484877720
5972,63361841356,1514,63361842870,3,0,1,14336,3,912033245
5973,63361889255,85564,63361974819,8,0,0,1536,8,778313555
5974,63361932843,562,63361933405,2,0,0,512,2,2836908146
5975,63361959977,4846,63361964823,9,0,0,5120,9,6814536615
5976,63361971427,1514,63361972941,8,0,0,1536,8,7689810595
5977,63362001350,72664,63362074014,8,0,1,9216,8,5158823494
5978,63362038830,208521,63362247351,8,0,1,113152,8,7288016535
5979,63362391955,43900,63362435855,0,0,1,512,0,4612817173
5980,63362473958,3641,63362477599,3,0,1,24064,3,3271202428
5981,63362490356,98692,63362589048,2,0,0,10240,2,7615446273
5982,63362525848,30487,63362556335,1,0,1,32768,1,7418822344
5983,63362549821,101344,63362651165,0,0,0,49152,0,10278094659
5984,63362583442,245481,63362828923,8,0,1,241664,8,2649515958
5985,63362656077,172857,63362828934,4,0,0,198144,4,6717780136
5986,63362680667,148278,63362828945,6,0,0,38400,6,3579542445
5987,63362732286,137891,63362870177,0,0,1,4608,0,7038060526
5988,63362749776,357071,63363106847,4,0,0,578560,4,2317047545
5989,63362766964,343749,63363110713,1,0,0,6144,1,9924554934
5990,63362833669,304194,63363137863,7,0,0,97280,7,6481514020
5991,63362837048,302121,63363139169,8,0,0,2048,8,4103836904
5992,63362880849,264221,63363145070,9,0,0,28160,9,8869739026
5993,63362939606,201143,63363140749,6,0,0,225792,6,1966418832
5994,63362977088,273166,63363250254,0,0,1,1024,0,3715368176
5995,63363016383,135733,63363152116,6,0,1,14336,6,7147644083
5996,63363077705,258496,63363336201,2,0,0,1024,2,2534736518
5997,63363213290,197825,63363411115,6,0,0,325120,6,4087443551
5998,63363468847,104204,63363573051,6,0,1,34304,6,9044523480
5999,63363484788,139722,63363624510,8,0,1,37888,8,7544477931
6000,63363492925,108052,63363600977,6,0,0,169472,6,7452162960
6001,63363587699,293856,63363881555,7,0,1,54784,7,6173542443
6002,63363604404,187442,63363791846,3,0,0,308224,3,2681725849
6003,63363626814,104862,63363731676,7,0,1,13824,7,7007365616
6004,63363646936,293799,63363940735,7,0,1,4608,7,4081353416
6005,63363661862,289025,63363950887,4,0,1,7680,4,8062117022
6006,63363690210,374896,63364065106,5,0,0,5120,5,6881641856
6007,63363811718,238413,63364050131,3,0,1,10240,3,3969593689
6008,63363822837,2466,63363825303,6,0,1,47104,6,7390390954
6009,63363994154,266174,63364260328,3,0,1,5632,3,1860283816
6010,63364070307,99459,63364169766,5,0,0,2560,5,4395574470
6011,63364091933,33967,63364125900,9,0,0,52736,9,8765812105
6012,63364120846,32037,63364152883,4,0,0,52224,4,9306886604
6013,63364129320,26789,63364156109,2,0,0,5120,2,5310259534
6014,63364138069,1990,63364140059,4,0,1,10752,4,1641507504
6015,63364167386,94599,63364261985,5,0,1,8192,5,1807197177
6016,63364173597,77421,63364251018,5,0,0,2048,5,9960374551
6017,63364301226,35308,63364336534,0,0,0,61952,0,9081902670
6018,63364386068,562,63364386630,2,0,0,512,2,8304802423
6019,63364458734,3641,63364462375,0,0,0,10240,0,8757037046
6020,63364474120,84508,63364558628,6,0,1,12800,6,7875476515
6021,63364545674,562,63364546236,0,0,1,39936,0,3137775248
6022,63364564508,103528,63364668036,6,0,1,13824,6,6676750658
6023,63364635670,88917,63364724587,9,0,0,512,9,1540954597
6024,63364724652,31779,63364756431,1,0,0,51712,1,9450157857
6025,63364731469,30863,63364762332,3,0,0,19968,3,3317696147
6026,63364734587,149630,63364884217,1,0,1,34816,1,5757462287
6027,63364786949,127249,63364914198,4,0,1,56320,4,9995803999
6028,63364848102,66107,63364914209,9,0,0,92672,9,9507358344
6029,63364890030,106981,63364997011,3,0,1,2048,3,604866446
6030,63365088602,107896,63365196498,8,0,1,54272,8,960284416
6031,63365263288,2866,63365266154,2,0,0,8704,2,1519055174
6032,63365353642,62512,63365416154,1,0,1,6144,1,8973134492
6033,63365383499,61895,63365445394,0,0,0,100352,0,7823451011
6034,63365494011,1990,63365496001,2,0,0,2048,2,1459336901
6035,63365598304,103528,63365701832,0,0,1,39936,0,1576747228
6036,63365605367,30498,63365635865,3,0,1,7168,3,1293609697
6037,63365671345,107985,63365779330,4,0,0,36864,4,4199893844
6038,63365742525,145479,63365888004,7,0,0,236544,7,270378955
6039,63365786454,34922,63365821376,8,0,1,23040,8,10361326342
6040,63365825642,32037,63365857679,3,0,1,1536,3,2551192542
6041,63365869761,133737,63366003498,0,0,0,55296,0,8802944330
6042,63365889964,213269,63366103233,4,0,0,52224,4,10296189627
6043,63365929322,132253,63366061575,8,0,1,252928,8,1155768839
6044,63365951034,274218,63366225252,1,0,0,214016,1,9476869677
6045,63366004618,89050,63366093668,1,0,1,16384,1,3703739526
6046,63366114501,236609,63366351110,6,0,0,53760,6,6709353160
6047,63366250660,6750,63366257410,7,0,0,7168,7,9571473215
6048,63366305350,1514,63366306864,9,0,0,1536,9,604832031
6049,63366313629,71245,63366384874,6,0,1,35840,6,9215422262
6050,63366340582,248596,63366589178,4,0,0,115200,4,3317842091
6051,63366527037,92891,63366619928,1,0,1,6144,1,9597121514
6052,63366601915,101500,63366703415,8,0,1,33280,8,4323811288
6053,63366779686,4370,63366784056,2,0,0,4608,2,9037065188
6054,63366784088,128936,63366913024,0,0,1,61440,0,7165734208
6055,63366897664,20027,63366917691,4,0,0,12288,4,2133092511
6056,63366936537,1990,63366938527,2,0,0,2048,2,2937681298
6057,63366965591,116476,63367082067,8,0,1,82432,8,80695244
6058,63366995908,2466,63366998374,7,0,1,8192,7,4105826305
6059,63367083880,108425,63367192305,5,0,0,2560,5,5074442240
6060,63367109701,65674,63367175375,0,0,1,5632,0,1622725865
6061,63367123086,162400,63367285486,8,0,1,147456,8,5776908655
6062,63367178718,28918,63367207636,7,0,1,25088,7,8215033714
6063,63367257122,138946,63367396068,5,0,0,512,5,1999095746
6064,63367339965,5450,63367345415,1,0,0,13824,1,5105109687
6065,63367363502,47284,63367410786,4,0,1,1536,4,8446910940
6066,63367485116,101968,63367587084,0,0,1,34816,0,4198603461
6067,63367521403,152245,63367673648,3,0,0,246272,3,8313816967
6068,63367592993,19480,63367612473,4,0,1,30720,4,6715506310
6069,63367610445,12821,63367623266,4,0,1,15872,4,6953338773
6070,63367638383,117887,63367756270,7,0,1,46592,7,7264647614
6071,63367640468,126836,63367767304,0,0,1,40448,0,4942451863
6072,63367656114,239587,63367895701,2,0,0,3072,2,2299302220
6073,63367697191,306454,63368003645,4,0,0,21504,4,6832836525
6074,63367722211,2942,63367725153,5,0,1,26624,5,7666897288
6075,63367804308,405494,63368209802,8,0,1,322048,8,8195318047
6076,63367890350,173750,63368064100,5,0,1,3072,5,2520495543
6077,63367946941,55300,63368002241,3,0,1,27648,3,5300320626
6078,63367952179,406132,63368358311,1,0,1,18432,1,5208346060
6079,63367997194,271950,63368269144,8,0,0,3072,8,2740564490
6080,63368010487,272339,63368282826,3,0,0,94208,3,7858216895
6081,63368019472,159184,63368178656,6,0,1,2560,6,10112514170
6082,63368066749,207252,63368274001,7,0,1,4608,7,7810196362
6083,63368117567,146025,63368263592,6,0,0,65024,6,6163440948
6084,63368121376,97048,63368218424,4,0,0,223232,4,9923183526
6085,63368183404,151910,63368335314,0,0,1,1536,0,6813995014
6086,63368202357,260435,63368462792,0,0,1,9216,0,5403560741
6087,63368215945,43454,63368259399,5,0,1,30208,5,5493335055
6088,63368370373,298239,63368668612,9,0,0,71168,9,5341884945
6089,63368385790,11431,63368397221,7,0,1,3584,7,8263839816
6090,63368502764,185116,63368687880,6,0,0,3584,6,6248588558
6091,63368518819,89213,63368608032,7,0,0,303616,7,6164810564
6092,63368551549,204538,63368756087,1,0,1,512,1,9577233335
6093,63368617308,400469,63369017777,2,0,0,4096,2,4311135653
6094,63368640918,14616,63368655534,3,0,1,17408,3,1453680725
6095,63368771764,186759,63368958523,6,0,1,1024,6,2416858199
6096,63368785660,562,63368786222,1,0,0,27136,1,8916594909
6097,63368854436,92754,63368947190,8,0,0,512,8,1453167479
6098,63368879885,1038,63368880923,7,0,1,2048,7,9516485072
6099,63368881509,48976,63368930485,2,0,0,1024,2,4277423268
6100,63368905000,81887,63368986887,3,0,0,132608,3,1254486640
6101,63368962531,20721,63368983252,8,0,1,27648,8,6246399918
6102,63368966832,13854,63368980686,8,0,0,1024,8,4326230176
6103,63369013410,145916,63369159326,1,0,0,23552,1,7149304920
6104,63369036773,1038,63369037811,4,0,1,47616,4,9769751117
6105,63369063912,127215,63369191127,6,0,1,9728,6,5268822440
6106,63369125833,187402,63369313235,5,0,0,1024,5,3665001557
6107,63369163064,56850,63369219914,3,0,1,12800,3,3718748982
6108,63369177691,562,63369178253,7,0,0,97280,7,8584360959
6109,63369256697,166008,63369422705,8,0,0,512,8,1824049752
6110,63369261075,121249,63369382324,0,0,1,18432,0,10496478099
6111,63369295369,65014,63369360383,0,0,1,56832,0,2047826366
6112,63369379714,22210,63369401924,3,0,0,101376,3,2674563328
6113,63369408654,192005,63369600659,4,0,1,17408,4,5649318272
6114,63369424144,67825,63369491969,8,0,0,2560,8,1509332324
6115,63369436079,107328,63369543407,5,0,1,4096,5,755766757
6116,63369438343,133253,63369571596,1,0,1,12288,1,2024041854
6117,63369457307,4708,63369462015,5,0,1,2048,5,8993449142
6118,63369511555,61855,63369573410,4,0,1,4608,4,1732740557
6119,63369511589,74294,63369585883,4,0,1,8704,4,4728893456
6120,63369559262,190878,63369750140,1,0,1,28672,1,10315231535
6121,63369566899,161889,63369728788,8,0,0,2048,8,5088994692
6122,63369666646,96400,63369763046,6,0,1,26624,6,9465365446
6123,63369817760,1990,63369819750,5,0,1,51200,5,7841507473
6124,63369821832,3900,63369825732,8,0,0,2048,8,8173759358
6125,63369865539,3418,63369868957,3,0,0,10752,3,9996676284
6126,63369879768,106960,63369986728,3,0,0,3584,3,10691953188
6127,63369950238,81772,63370032010,5,0,1,18944,5,7281300270
6128,63370027525,5991,63370033516,2,0,0,1536,2,4977743761
6129,63370163594,114241,63370277835,1,0,0,188928,1,7248797774
6130,63370179810,144786,63370324596,0,0,0,158208,0,1922234428
6131,63370206644,170358,63370377002,0,0,0,168960,0,3570580105
6132,63370317899,106273,63370424172,3,0,0,152064,3,5125522809
6133,63370421364,43108,63370464472,3,0,0,73728,3,5940197972
6134,63370470198,181405,63370651603,0,0,1,32256,0,6501334377
6135,63370476817,98173,63370574990,4,0,1,4608,4,9658987719
6136,63370571762,24408,63370596170,5,0,1,1536,5,5257289586
6137,63370660120,260127,63370920247,4,0,0,44032,4,2973203740
6138,63370661217,103279,63370764496,1,0,0,272384,1,10623588935
6139,63370672265,178034,63370850299,5,0,1,27648,5,5809785226
6140,63370735833,106004,63370841837,6,0,0,4096,6,1930020922
6141,63370849032,12304,63370861336,1,0,0,20480,1,6155590974
6142,63370865765,562,63370866327,0,0,1,9216,0,8575995158
6143,63370871194,114443,63370985637,2,0,0,512,2,7086195129
6144,63370875158,47284,63370922442,5,0,1,11776,5,5198392617
6145,63370991080,187960,63371179040,7,0,1,1536,7,8068792449
6146,63371014734,97129,63371111863,0,0,1,23552,0,5604285728
6147,63371148995,1514,63371150509,2,0,0,1536,2,2419708057
6148,63371200317,11270,63371211587,4,0,0,18432,4,2869895504
6149,63371268936,52545,63371321481,3,0,0,85504,3,3321752950
6150,63371371688,118479,63371490167,3,0,0,332800,3,9006006680
6151,63371419252,205196,63371624448,9,0,0,7680,9,7722085022
6152,63371448246,162458,63371610704,1,0,1,7168,1,9573277978
6153,63371503436,125342,63371628778,7,0,0,151552,7,5767313381
6154,63371515039,115045,63371630084,8,0,0,2048,8,6069058319
6155,63371631886,101955,63371733841,1,0,1,2048,1,5255197820
6156,63371719026,212009,63371931035,7,0,1,3584,7,10327625359
6157,63371767182,241914,63372009096,8,0,1,167936,8,2940017891
6158,63371923303,92684,63372015987,1,0,1,22528,1,10325692296
6159,63371970399,106667,63372077066,1,0,0,98816,1,4159302478
6160,63372003009,107007,63372110016,7,0,0,104448,7,10358380181
6161,63372122279,55041,63372177320,3,0,0,93696,3,6177594502
6162,63372237721,51765,63372289486,7,0,1,1024,7,1171847015
6163,63372286908,6750,63372293658,8,0,1,127488,8,10375093589
6164,63372316503,163827,63372480330,6,0,1,13312,6,5881906536
6165,63372347331,138299,63372485630,7,0,0,7168,7,5000895920
6166,63372407549,83866,63372491415,3,0,0,139776,3,1880313130
6167,63372427457,176183,63372603640,5,0,1,9728,5,6102582924
6168,63372499522,4933,63372504455,1,0,1,7168,1,5532341192
6169,63372582311,1514,63372583825,8,0,1,263680,8,10450070535
6170,63372589771,269882,63372859653,8,0,1,359936,8,7510461438
6171,63372613794,1990,63372615784,0,0,0,12800,0,2027290078
6172,63372625029,440195,63373065224,6,0,0,1536,6,10397341766
6173,63372724965,542414,63373267379,8,0,1,121344,8,9184133721
6174,63372801330,305990,63373107320,6,0,0,2048,6,1180749988
6175,63372826214,444230,63373270444,1,0,0,315392,1,4693552220
6176,63372918476,251830,63373170306,6,0,1,3584,6,2567342960
6177,63373018036,202076,63373220112,4,0,0,291840,4,9918695469
6178,63373076089,328435,63373404524,8,0,1,56832,8,1062303010
6179,63373174154,178116,63373352270,7,0,0,19456,7,5513507250
6180,63373327064,2942,63373330006,1,0,1,5120,1,2333400555
6181,63373421168,139659,63373560827,8,0,0,3072,8,510327735
6182,63373522465,2866,63373525331,0,0,0,8704,0,4478443066
6183,63373579544,66988,63373646532,4,0,1,10752,4,683080057
6184,63373595581,562,63373596143,4,0,1,17408,4,3795488162
6185,63373609039,92056,63373701095,8,0,1,410624,8,6523608952
6186,63373672671,371639,63374044310,5,0,0,512,5,7460433063
6187,63373856848,127716,63373984564,5,0,0,4096,5,4189819577
6188,63373992601,43108,63374035709,7,0,0,73728,7,3684823633
6189,63374057932,2942,63374060874,0,0,1,22016,0,10201636574
6190,63374125284,154034,63374279318,5,0,1,7168,5,4786601469
6191,63374169643,88877,63374258520,6,0,0,3072,6,7920460715
6192,63374174940,98138,63374273078,5,0,1,22016,5,4933867560
6193,63374315276,104776,63374420052,5,0,1,44032,5,444263671
6194,63374321642,102904,63374424546,1,0,1,12288,1,3395623893
6195,63374401168,47440,63374448608,5,0,1,2048,5,9768347899
6196,63374560327,53062,63374613389,3,0,0,86528,3,5456454632
6197,63374678955,73741,63374752696,7,0,1,61952,7,8639749607
6198,63374732698,173979,63374906677,1,0,0,123392,1,6584148523
6199,63374944221,107896,63375052117,1,0,1,54272,1,7349680504
6200,63375035993,16678,63375052671,8,0,0,512,8,3594750561
6201,63375077025,94766,63375171791,0,0,0,157696,0,2505092071
6202,63375077175,100110,63375177285,5,0,1,2560,5,1697526725
6203,63375162048,87225,63375249273,1,0,0,146432,1,10250121553
6204,63375187750,171026,63375358776,7,0,1,19968,7,6197789917
6205,63375238463,5440,63375243903,1,0,1,21504,1,2477662216
6206,63375336256,223656,63375559912,4,0,1,18944,4,3509734487
6207,63375354842,145590,63375500432,2,0,0,1536,2,3013366705
6208,63375740106,4370,63375744476,3,0,1,9216,3,9408995180
6209,63375754470,69592,63375824062,8,0,0,4608,8,3519968235
6210,63375768039,74380,63375842419,0,0,1,14848,0,1656928814
6211,63375847546,107896,63375955442,3,0,1,54272,3,197403487
6212,63375929593,163920,63376093513,1,0,0,265728,1,7412896791
6213,63376031134,73925,63376105059,3,0,0,47104,3,6426695627
6214,63376138839,91744,63376230583,0,0,1,16384,0,9143779385
6215,63376198638,95311,63376293949,7,0,1,6144,7,5889430819
6216,63376224300,143670,63376367970,6,0,1,14336,6,5121547967
6217,63376248141,115560,63376363701,1,0,0,232960,1,7765734976
6218,63376277557,44890,63376322447,2,0,0,2048,2,9425646224
6219,63376329437,22187,63376351624,4,0,1,17920,4,2464180785
6220,63376349853,562,63376350415,0,0,0,2560,0,1515737505
6221,63376372054,236998,63376609052,6,0,1,35328,6,2273430016
6222,63376373862,23204,63376397066,2,0,0,2048,2,7680060653
6223,63376433712,164034,63376597746,2,0,0,512,2,6890467200
6224,63376438476,248225,63376686701,3,0,0,38400,3,6024799480
6225,63376495400,164591,63376659991,5,0,1,9216,5,5050885579
6226,63376499361,101968,63376601329,7,0,1,26112,7,6408674842
6227,63376580592,191166,63376771758,6,0,1,34816,6,855541083
6228,63376641353,118526,63376759879,7,0,1,37376,7,7488210898
6229,63376793134,80524,63376873658,5,0,1,14848,5,5307881047
6230,63376903277,80836,63376984113,0,0,1,15872,0,4692130152
6231,63376953607,3418,63376957025,1,0,1,413696,1,9049339376
6232,63377016942,358720,63377375662,6,0,1,18432,6,9743282500
6233,63377033399,161685,63377195084,4,0,1,5120,4,5331850399
6234,63377123403,280526,63377403929,8,0,0,3584,8,3736897283
6235,63377150669,302610,63377453279,0,0,0,74752,0,3610236171
6236,63377158912,160963,63377319875,7,0,1,1024,7,7306272104
6237,63377187946,137686,63377325632,6,0,0,6144,6,846879373
6238,63377192338,181138,63377373476,4,0,0,83968,4,6825845042
6239,63377494284,76842,63377571126,0,0,0,129536,0,5192521667
6240,63377603177,150055,63377753232,5,0,1,3072,5,4782212307
6241,63377738259,44229,63377782488,3,0,0,72704,3,3217382889
6242,63377832013,56075,63377888088,4,0,0,95744,4,2904844256
6243,63377910245,23204,63377933449,3,0,0,38400,3,4546303219
6244,63377912575,13196,63377925771,0,0,1,25088,0,8603608388
6245,63377920599,106693,63378027292,2,0,0,512,2,9428807994
6246,63377947466,121870,63378069336,7,0,0,197120,7,2051465840
6247,63377952649,118313,63378070962,8,0,0,2560,8,6770344862
6248,63377956730,92437,63378049167,7,0,1,52736,7,3270041464
6249,63377984836,139273,63378124109,0,0,0,30208,0,689456312
6250,63377994719,206309,63378201028,0,0,0,181248,0,1982294545
6251,63378077140,158977,63378236117,4,0,1,3584,4,6219639445
6252,63378195094,15317,63378210411,5,0,1,4608,5,6234583121
6253,63378244698,87776,63378332474,4,0,1,1536,4,9741512479
6254,63378249006,1038,63378250044,9,0,0,29696,9,3180339459
6255,63378271506,21912,63378293418,0,0,1,11776,0,5608811448
6256,63378291682,132542,63378424224,2,0,0,1024,2,3392431285
6257,63378305990,178095,63378484085,0,0,0,35840,0,3148220890
6258,63378337918,67900,63378405818,1,0,1,65536,1,2022322332
6259,63378379517,153125,63378532642,7,0,1,18432,7,5047616247
6260,63378382933,201128,63378584061,6,0,1,29696,6,10485819646
6261,63378415190,321933,63378737123,6,0,1,2048,6,7369538023
6262,63378454772,61756,63378516528,1,0,1,8704,1,4412449583
6263,63378626850,330852,63378957702,7,0,1,8704,7,103005077
6264,63378752231,562,63378752793,2,0,0,512,2,2010903694
6265,63378780291,6274,63378786565,6,0,1,20480,6,8140520145
6266,63378819381,92992,63378912373,3,0,1,17408,3,5732836921
6267,63378848813,119356,63378968169,6,0,0,6656,6,8397037676
6268,63378916965,125916,63379042881,9,0,0,208384,9,645134115
6269,63378926023,60063,63378986086,0,0,1,1024,0,5708700704
6270,63378970009,45966,63379015975,3,0,1,74752,3,2727904517
6271,63378986044,194091,63379180135,8,0,0,5120,8,9032145369
6272,63379000807,53491,63379054298,2,0,0,11264,2,603894564
6273,63379106546,50043,63379156589,1,0,1,99840,1,8005777046
6274,63379112426,304160,63379416586,1,0,0,90624,1,9845700785
6275,63379113557,244729,63379358286,8,0,1,83968,8,3697553910
6276,63379116860,113417,63379230277,8,0,0,1536,8,1197675677
6277,63379237877,50078,63379287955,7,0,0,173568,7,9143307111
6278,63379249153,174270,63379423423,6,0,1,31744,6,8034935819
6279,63379333743,374930,63379708673,1,0,0,53248,1,2746485837
6280,63379482363,18420,63379500783,7,0,0,20480,7,10250228099
6281,63379488615,13794,63379502409,2,0,0,2560,2,6682656731
6282,63379536133,1038,63379537171,1,0,1,323072,1,4344512415
6283,63379552396,337587,63379889983,0,0,0,1024,0,1579189356
6284,63379715738,195846,63379911584,7,0,0,317952,7,4536529894
6285,63379775953,120677,63379896630,5,0,1,9216,5,6200687421
6286,63379792213,53759,63379845972,5,0,0,2048,5,178086075
6287,63379819269,241950,63380061219,1,0,1,40960,1,7624977741
6288,63379869653,1038,63379870691,7,0,0,33792,7,819166535
6289,63379880190,227523,63380107713,8,0,1,9216,8,209204183
6290,63380069871,318065,63380387936,3,0,0,1024,3,7313915193
6291,63380150127,237808,63380387935,3,0,0,389632,3,4267473350
6292,63380232330,158191,63380390521,7,0,0,4096,7,8797500666
6293,63380241583,69586,63380311169,6,0,1,7680,6,8493948980
6294,63380316020,234179,63380550199,6,0,1,4608,6,4736922269
6295,63380327041,197005,63380524046,0,0,0,29184,0,7586968611
6296,63380375651,196104,63380571755,9,0,0,318464,9,8304043225
6297,63380413070,179883,63380592953,9,0,0,68608,9,5368582190
6298,63380522313,11529,63380533842,0,0,1,4608,0,2966080679
6299,63380532043,103562,63380635605,1,0,1,30720,1,9257575455
6300,63380587667,135580,63380723247,4,0,0,18944,4,8904960567
6301,63380639634,31249,63380670883,3,0,1,10752,3,10276291882
6302,63380660516,186127,63380846643,3,0,0,43520,3,9476071992
6303,63380736337,96575,63380832912,3,0,1,13824,3,8926526620
6304,63380736938,177177,63380914115,9,0,0,161280,9,3799409129
6305,63380739023,156781,63380895804,5,0,1,5632,5,998867261
6306,63380744096,145108,63380889204,7,0,0,219648,7,8861323315
6307,63380769638,209000,63380978638,6,0,0,8192,6,9719566614
6308,63380787520,114422,63380901942,9,0,0,21504,9,5443733171
6309,63380870714,109165,63380979879,7,0,0,169472,7,7961383646
6310,63380876842,96304,63380973146,1,0,0,12288,1,5914035041
6311,63380890369,55187,63380945556,5,0,0,1024,5,3883153816
6312,63380947449,291683,63381239132,3,0,0,51712,3,10382454312
6313,63380968536,92270,63381060806,1,0,0,149504,1,422918402
6314,63380981897,33587,63381015484,0,0,1,7680,0,2822939048
6315,63381041518,5322,63381046840,5,0,1,35328,5,1762693690
6316,63381052641,271688,63381324329,8,0,1,51712,8,4800575083
6317,63381076276,1038,63381077314,3,0,0,55296,3,3555608520
6318,63381110377,239057,63381349434,5,0,0,5632,5,10425316693
6319,63381194649,6274,63381200923,4,0,1,25600,4,10597521443
6320,63381259011,302957,63381561968,5,0,0,1024,5,733624263
6321,63381283291,205660,63381488951,2,0,0,6656,2,10676955485
6322,63381412628,7226,63381419854,2,0,0,7680,2,6421579647
6323,63381620868,562,63381621430,6,0,0,512,6,2973065997
6324,63381670553,2942,63381673495,5,0,0,3072,5,4845636850
6325,63381735939,23116,63381759055,0,0,0,41472,0,2092294420
6326,63381768428,2466,63381770894,4,0,1,512,4,7364733794
6327,63381837290,133632,63381970922,2,0,0,2560,2,5728401174
6328,63381916255,76583,63381992838,1,0,0,129024,1,6426856264
6329,63381928173,1038,63381929211,5,0,1,5120,5,10474346017
6330,63381930789,138659,63382069448,7,0,1,7168,7,5604381105
6331,63381999091,236043,63382235134,5,0,0,1024,5,2163853069
6332,63382105599,80611,63382186210,3,0,1,19968,3,8289527978
6333,63382125682,74748,63382200430,6,0,1,6144,6,4760484040
6334,63382231293,87892,63382319185,6,0,1,13824,6,7269194913
6335,63382276594,173529,63382450123,4,0,0,281088,4,1048587840
6336,63382292426,163189,63382455615,3,0,0,26112,3,288035284
6337,63382323167,149412,63382472579,8,0,1,5632,8,6575002382
6338,63382363357,96092,63382459449,5,0,1,58368,5,532948847
6339,63382390577,81544,63382472121,3,0,0,99328,3,4375911673
6340,63382432070,1990,63382434060,9,0,0,88064,9,8589752942
6341,63382540548,349416,63382889964,6,0,0,2048,6,4779965670
6342,63382733530,1514,63382735044,8,0,0,1536,8,766382528
6343,63382755374,164086,63382919460,8,0,1,58368,8,836121509
6344,63382849416,133488,63382982904,3,0,1,12288,3,7174122620
6345,63383002564,2942,63383005506,7,0,1,15360,7,10588143557
6346,63383002831,80680,63383083511,5,0,0,3072,5,8891671746
6347,63383186514,562,63383187076,5,0,0,512,5,6707273203
6348,63383314355,24150,63383338505,0,0,0,43520,0,5919936545
6349,63383355999,1038,63383357037,0,0,1,18432,0,7689234191
6350,63383357605,2866,63383360471,5,0,0,1024,5,7949788407
6351,63383372532,4370,63383376902,1,0,1,338432,1,7108259479
6352,63383480987,253627,63383734614,4,0,1,13824,4,4307118625
6353,63383540329,345684,63383886013,1,0,0,8704,1,285841051
6354,63383590403,241492,63383831895,8,0,0,4608,8,1929791476
6355,63383619187,115088,63383734275,0,0,0,19456,0,2739690273
6356,63383634189,135829,63383770018,8,0,1,391680,8,9631251712
6357,63383644357,32554,63383676911,4,0,0,83968,4,6914121024
6358,63383659495,393098,63384052593,7,0,1,1024,7,5607803348
6359,63383670805,356649,63384027454,5,0,1,512,5,1192805052
6360,63383681517,332759,63384014276,3,0,1,13312,3,6853485268
6361,63383695798,369393,63384065191,5,0,1,3584,5,1459314010
6362,63383822568,360847,63384183415,8,0,1,39424,8,6593384774
6363,63383844029,1990,63383846019,4,0,0,53248,4,7807006113
6364,63383991876,265918,63384257794,3,0,1,3072,3,4865752958
6365,63384053147,3418,63384056565,6,0,0,2048,6,2908879979
6366,63384091925,114770,63384206695,5,0,0,3584,5,10486811475
6367,63384130721,207950,63384338671,7,0,0,341504,7,3612951345
6368,63384147637,183025,63384330662,8,0,1,71680,8,3008225575
6369,63384186700,211877,63384398577,3,0,0,107520,3,486492003
6370,63384214670,40769,63384255439,0,0,0,181760,0,2263207333
6371,63384386124,349857,63384735981,8,0,0,512,8,8100386354
6372,63384466127,4370,63384470497,3,0,1,11264,3,8007270819
6373,63384657576,237495,63384895071,6,0,0,4608,6,10070028111
6374,63384681713,62512,63384744225,6,0,1,6144,6,5159876803
6375,63384725033,122645,63384847678,7,0,0,198656,7,10069161940
6376,63384784950,100144,63384885094,9,0,0,130048,9,6733869324
6377,63384818641,67439,63384886080,5,0,0,1536,5,2286283601
6378,63384847610,186942,63385034552,5,0,1,45568,5,1909531690
6379,63384869105,231654,63385100759,1,0,1,81408,1,9488448189
6380,63384873346,299745,63385173091,3,0,1,4096,3,8046610516
6381,63385044393,149884,63385194277,5,0,1,21504,5,6434671919
6382,63385069429,228410,63385297839,8,0,1,53760,8,8685770808
6383,63385357222,1038,63385358260,8,0,0,1024,8,7477165242
6384,63385380429,562,63385380991,3,0,1,2048,3,10362643058
6385,63385394251,48976,63385443227,1,0,1,44032,1,10727262330
6386,63385396563,104776,63385501339,2,0,0,512,2,1028979902
6387,63385410318,62670,63385472988,1,0,1,330752,1,6910082612
6388,63385484208,11603,63385495811,3,0,0,101888,3,10335686845
6389,63385537541,359537,63385897078,8,0,0,3584,8,4157111938
6390,63385675647,158633,63385834280,3,0,0,108544,3,536826822
6391,63385704679,93179,63385797858,1,0,1,374272,1,3863914114
6392,63385746334,206062,63385952396,1,0,1,14336,1,10657813006
6393,63385808884,249184,63386058068,3,0,1,512,3,8916125120
6394,63385851839,242971,63386094810,7,0,1,5120,7,7287920330
6395,63385857314,536696,63386394010,3,0,1,3072,3,7826601374
6396,63386020913,220473,63386241386,4,0,0,215552,4,7071181653
6397,63386054052,187345,63386241397,3,0,0,14848,3,979016088
6398,63386070999,170409,63386241408,7,0,0,50688,7,2520113319
6399,63386281221,2942,63386284163,7,0,0,3072,7,6246094716
6400,63386287287,1038,63386288325,5,0,0,1024,5,7299401864
6401,63386287983,104633,63386392616,3,0,0,173568,3,7285625046
6402,63386339634,7702,63386347336,8,0,1,363520,8,5461893569
6403,63386465679,3894,63386469573,9,0,0,8192,9,5807172593
6404,63386480265,393383,63386873648,6,0,0,4096,6,5630250496
6405,63386531867,94578,63386626445,0,0,1,35328,0,2205117337
6406,63386641490,233429,63386874919,4,0,0,3072,4,5486929518
6407,63386645340,114204,63386759544,6,0,1,5120,6,5422037562
6408,63386651103,72827,63386723930,0,0,0,35840,0,7540684007
6409,63386669662,38591,63386708253,0,0,1,18432,0,68573357
6410,63386692491,150030,63386842521,5,0,0,512,5,6263992870
6411,63386726738,66734,63386793472,5,0,0,1024,5,10206099444
6412,63386745005,163362,63386908367,0,0,1,13312,0,8093733711
6413,63386787881,56333,63386844214,3,0,0,96256,3,8286015827
6414,63386812573,52532,63386865105,1,0,0,67072,1,2344349937
6415,63386825177,95786,63386920963,9,0,0,135168,9,1962184283
6416,63386830690,116911,63386947601,4,0,0,94720,4,9256580115
6417,63386842302,106605,63386948907,2,0,0,2048,2,8304265818
6418,63386844491,195945,63387040436,1,0,0,212992,1,9364503017
6419,63386854126,261919,63387116045,4,0,0,378880,4,3210370770
6420,63386855675,353489,63387209164,1,0,0,199680,1,2764715372
6421,63386867161,371411,63387238572,6,0,1,14336,6,7391072098
6422,63386886383,414202,63387300585,1,0,1,61952,1,10305185544
6423,63386894709,401601,63387296310,7,0,0,85504,7,8755108610
6424,63386913605,394559,63387308164,0,0,0,48640,0,1066402973
6425,63386975598,381203,63387356801,4,0,1,1024,4,6061196271
6426,63386978650,323533,63387302183,4,0,0,165376,4,1598324423
6427,63387107962,468696,63387576658,1,0,1,107520,1,6212099053
6428,63387269209,288692,63387557901,5,0,1,7680,5,3702073509
6429,63387294127,345910,63387640037,1,0,0,472064,1,4435608924
6430,63387307026,228789,63387535815,3,0,1,33280,3,5058949833
6431,63387390217,139438,63387529655,1,0,0,123904,1,5517805938
6432,63387505387,95924,63387601311,9,0,0,90624,9,1637547125
6433,63387539100,379282,63387918382,4,0,1,20480,4,9329027599
6434,63387559628,178124,63387737752,9,0,0,34816,9,5897118593
6435,63387726745,1038,63387727783,4,0,1,49152,4,6781704935
6436,63387746898,13337,63387760235,8,0,0,1024,8,3589513699
6437,63387831813,246730,63388078543,7,0,0,22528,7,174878565
6438,63387837004,129216,63387966220,7,0,1,512,7,5817167376
6439,63387844270,115534,63387959804,9,0,0,200192,9,3334096296
6440,63387851834,163156,63388014990,3,0,1,35840,3,7177083326
6441,63387857963,162370,63388020333,5,0,0,512,5,4031178248
6442,63387877044,97546,63387974590,3,0,1,36864,3,10118683986
6443,63387924862,33254,63387958116,9,0,0,262656,9,3532650853
6444,63387932260,34217,63387966477,0,0,1,14336,0,2461223152
6445,63387954580,281518,63388236098,0,0,1,32256,0,5661614255
6446,63387995792,317667,63388313459,7,0,0,29184,7,126074776
6447,63388007051,277285,63388284336,7,0,1,74752,7,1975782828
6448,63388060750,358273,63388419023,2,0,0,1024,2,3148399757
6449,63388065821,437443,63388503264,1,0,1,171008,1,6769415222
6450,63388065893,222125,63388288018,0,0,0,20992,0,1904081275
6451,63388150865,239644,63388390509,1,0,1,10752,1,1797207326
6452,63388205486,213253,63388418739,4,0,1,6144,4,7367395490
6453,63388336000,145731,63388481731,9,0,0,345088,9,7387521247
6454,63388406108,106002,63388512110,1,0,0,4096,1,10455768883
6455,63388457076,550052,63389007128,3,0,0,45568,3,3340835605
6456,63388498949,164954,63388663903,7,0,0,267776,7,4937855903
6457,63388531270,132979,63388664249,8,0,0,512,8,6014913351
6458,63388542073,143681,63388685754,7,0,0,70144,7,9335576858
6459,63388575590,111790,63388687380,6,0,0,2560,6,2974877696
6460,63388576755,112251,63388689006,8,0,0,2560,8,9470646130
6461,63388705286,76583,63388781869,6,0,1,39424,6,8696646482
6462,63388803020,93095,63388896115,9,0,0,129024,9,7102698486
6463,63388812327,341784,63389154111,0,0,0,82432,0,1345133095
6464,63388942816,101862,63389044678,1,0,1,93696,1,5811387366
6465,63388963242,41387,63389004629,6,0,1,1024,6,5283255168
6466,63389096293,95464,63389191757,4,0,1,23552,4,4583976878
6467,63389141981,350630,63389492611,4,0,0,67072,4,10237611487
6468,63389163511,50667,63389214178,3,0,1,1536,3,8218438242
6469,63389242798,130433,63389373231,0,0,0,74240,0,7211460944
6470,63389270085,25808,63389295893,8,0,0,2048,8,2659691080
6471,63389388883,12733,63389401616,7,0,0,24576,7,1422522168
6472,63389661111,32983,63389694094,9,0,0,57344,9,1982649773
6473,63389796753,76067,63389872820,7,0,0,128000,7,4640115375
6474,63389898528,6484,63389905012,5,0,0,15872,5,4178034255
6475,63389926698,97912,63390024610,5,0,1,28160,5,3957596786
6476,63389929889,190930,63390120819,8,0,1,130048,8,8251725079
6477,63389948226,562,63389948788,4,0,1,21504,4,10276658293
6478,63390078063,289781,63390367844,7,0,1,10752,7,5048974599
6479,63390130952,144894,63390275846,5,0,1,50688,5,10594474932
6480,63390175154,24552,63390199706,5,0,0,512,5,239086144
6481,63390199435,132806,63390332241,5,0,0,1024,5,3622068428
6482,63390226010,52360,63390278370,6,0,1,3072,6,5363057988
6483,63390267288,66717,63390334005,1,0,0,113152,1,2161834787
6484,63390304990,29361,63390334351,8,0,0,512,8,1560738806
6485,63390319745,91495,63390411240,4,0,0,147968,4,9007293665
6486,63390338348,82933,63390421281,3,0,1,2560,3,9845494547
6487,63390344782,75874,63390420656,9,0,0,54272,9,554879071
6488,63390352507,8087,63390360594,8,0,0,1024,8,9984834765
6489,63390421600,115989,63390537589,8,0,0,2048,8,2674000350
6490,63390454422,562,63390454984,6,0,0,512,6,6631137621
6491,63390504753,44141,63390548894,4,0,0,75776,4,8935522525
6492,63390522112,27768,63390549880,6,0,0,1536,6,7926696455
6493,63390528527,67234,63390595761,0,0,0,114176,0,1973047190
6494,63390537534,1514,63390539048,4,0,1,14336,4,572726831
6495,63390577378,207311,63390784689,0,0,1,11264,0,7466157994
6496,63390608776,211596,63390820372,0,0,1,5632,0,3708251017
6497,63390617173,195560,63390812733,6,0,1,68608,6,7060851072
6498,63390681706,193001,63390874707,8,0,1,20480,8,1361363039
6499,63390730611,331147,63391061758,2,0,0,1536,2,9356319475
6500,63390908129,54096,63390962225,4,0,0,88576,4,6873655264
6501,63390913436,107688,63391021124,7,0,0,118272,7,6899226710
6502,63390930391,119105,63391049496,3,0,1,7680,3,1624512961
6503,63390976955,4933,63390981888,6,0,1,12800,6,4560230494
6504,63391006171,81437,63391087608,5,0,1,11776,5,881867879
6505,63391046139,25442,63391071581,9,0,0,12800,9,2297592375
6506,63391069643,171211,63391240854,3,0,1,5120,3,8406888929
6507,63391097822,170419,63391268241,4,0,0,46080,4,3634810330
6508,63391159827,6274,63391166101,5,0,1,4608,5,6042333886
6509,63391273196,24666,63391297862,6,0,0,6656,6,901247773
6510,63391277702,200389,63391478091,1,0,0,44544,1,840324943
6511,63391321265,562,63391321827,4,0,1,40448,4,7800816575
6512,63391372355,184466,63391556821,8,0,1,203776,8,8638477253
6513,63391439534,76384,63391515918,2,0,0,512,2,10632753682
6514,63391444085,93733,63391537818,3,0,1,16384,3,4682402667
6515,63391468561,303290,63391771851,3,0,0,155648,3,8953835547
6516,63391548634,105568,63391654202,4,0,1,8192,4,7652477334
6517,63391579144,152602,63391731746,5,0,1,29696,5,2626101823
6518,63391626289,3894,63391630183,1,0,1,2048,1,9843589224
6519,63391697511,20620,63391718131,3,0,1,1536,3,8032855889
6520,63391760701,211590,63391972291,8,0,0,4096,8,4345699854
6521,63391772466,169738,63391942204,9,0,0,33280,9,10195217884
6522,63391933260,562,63391933822,6,0,0,512,6,8775465517
6523,63392053912,167632,63392221544,8,0,1,149504,8,5939780138
6524,63392187522,127318,63392314840,7,0,0,151552,7,2616033189
6525,63392237127,97175,63392334302,5,0,1,16896,5,2093095564
6526,63392255053,148371,63392403424,4,0,0,220672,4,1280033707
6527,63392267342,238776,63392506118,5,0,1,1536,5,7640871761
6528,63392482708,13249,63392495957,3,0,0,25600,3,4146497995
6529,63392577774,1514,63392579288,0,0,1,8192,0,3835546820
6530,63392594557,80117,63392674674,5,0,0,1536,5,4013604339
6531,63392606229,228458,63392834687,0,0,0,374784,0,3540673313
6532,63392659401,112454,63392771855,4,0,1,26112,4,4422672896
6533,63392722579,75317,63392797896,8,0,0,512,8,5533295269
6534,63392725147,170040,63392895187,0,0,1,19456,0,6925996671
6535,63392732641,243753,63392976394,6,0,1,6144,6,1905046445
6536,63392775781,181924,63392957705,0,0,0,60416,0,2928426960
6537,63392887901,44658,63392932559,5,0,1,12288,5,9891058110
6538,63392908093,18819,63392926912,3,0,0,76800,3,6520598951
6539,63392921140,138042,63393059182,1,0,1,27136,1,10641209070
6540,63392934598,142197,63393076795,6,0,0,1024,6,9319013785
6541,63392980055,178350,63393158405,9,0,0,293888,9,2211628021
6542,63393007999,207228,63393215227,7,0,0,181760,7,7383348343
6543,63393018942,202041,63393220983,3,0,1,2560,3,7626565034
6544,63393059537,245510,63393305047,9,0,0,156160,9,5364439
6545,63393175847,102410,63393278257,7,0,0,55296,7,4518685672
6546,63393186697,52804,63393239501,5,0,1,34304,5,3355835822
6547,63393287943,293140,63393581083,1,0,0,86016,1,6896418683
6548,63393313346,178714,63393492060,5,0,1,73216,5,1594567809
6549,63393356723,261994,63393618717,4,0,1,17920,4,5598781973
6550,63393456884,41558,63393498442,6,0,1,11264,6,5359206656
6551,63393483308,152561,63393635869,3,0,1,26112,3,8047031353
6552,63393533793,193094,63393726887,4,0,0,41472,4,1480935048
6553,63393586336,1038,63393587374,0,0,1,2560,0,510094774
6554,63393612514,171091,63393783605,5,0,1,35840,5,8171660403
6555,63393706639,219907,63393926546,2,0,0,1024,2,655269626
6556,63393824391,10964,63393835355,4,0,0,3072,4,2033101840
6557,63393833796,36342,63393870138,8,0,1,282112,8,8916285377
6558,63393839934,1038,63393840972,7,0,0,64000,7,4291113475
6559,63393862658,6274,63393868932,1,0,1,185856,1,9917479415
6560,63393920163,562,63393920725,6,0,0,1024,6,6034812207
6561,63393922443,267940,63394190383,5,0,1,512,5,3471215281
6562,63393927867,182432,63394110299,6,0,1,11264,6,1550225832
6563,63393939461,339689,63394279150,2,0,0,6656,2,3452656820
6564,63393957133,277923,63394235056,2,0,0,512,2,7460176376
6565,63394007097,202768,63394209865,4,0,1,13312,4,1900211689
6566,63394164791,419115,63394583906,1,0,1,457216,1,9863508741
6567,63394339838,166393,63394506231,5,0,1,33280,5,3481593830
6568,63394417540,254246,63394671786,3,0,0,151552,3,4198782053
6569,63394420731,211045,63394631776,4,0,1,50688,4,3647212858
6570,63394428622,86326,63394514948,5,0,1,4096,5,4609723220
6571,63394578122,334576,63394912698,0,0,1,11776,0,3868596623
6572,63394658408,111270,63394769678,5,0,1,47104,5,8332346063
6573,63394749307,20892,63394770199,8,0,0,512,8,6891090946
6574,63394760007,138152,63394898159,4,0,0,371712,4,1128835154
6575,63394837735,236727,63395074462,5,0,1,5632,5,3896643834
6576,63395098577,4846,63395103423,5,0,0,5120,5,4011554808
6577,63395123972,2942,63395126914,6,0,0,3072,6,2154766478
6578,63395126018,86515,63395212533,5,0,1,20992,5,5550963819
6579,63395193032,72795,63395265827,8,0,1,140800,8,5565371853
6580,63395209664,10753,63395220417,8,0,1,320000,8,5328760909
6581,63395226833,182124,63395408957,4,0,1,2048,4,674427306
6582,63395239391,310335,63395549726,0,0,0,118272,0,520284064
6583,63395358315,159615,63395517930,7,0,0,17408,7,2844406193
6584,63395360863,15778,63395376641,0,0,1,1536,0,7410913169
6585,63395509079,11488,63395520567,2,0,0,4608,2,10708335484
6586,63395514675,377176,63395891851,2,0,0,2048,2,6493979665
6587,63395649613,562,63395650175,3,0,1,52736,3,10139775490
6588,63395652312,562,63395652874,6,0,0,512,6,8555981374
6589,63395667147,107428,63395774575,2,0,0,512,2,5681912897
6590,63395670676,154999,63395825675,9,0,0,254976,9,1425492495
6591,63395776043,36342,63395812385,7,0,1,1024,7,9939060014
6592,63395830194,1038,63395831232,1,0,0,64000,1,6717952923
6593,63395890448,138793,63396029241,5,0,0,1024,5,9716846846
6594,63395896511,184197,63396080708,1,0,1,487936,1,7423755221
6595,63395927594,62154,63395989748,7,0,1,36864,7,8797101397
6596,63395969652,12509,63395982161,0,0,1,14336,0,10038705770
6597,63396086691,494894,63396581585,8,0,1,311296,8,6199298512
6598,63396118182,426140,63396544322,0,0,0,100864,0,7966481529
6599,63396169773,447011,63396616784,8,0,0,3072,8,2203295843
6600,63396229719,192950,63396422669,0,0,1,5120,0,10252315884
6601,63396340763,146248,63396487011,3,0,0,97792,3,1301709926
6602,63396387476,305600,63396693076,6,0,0,1024,6,7372122690
6603,63396415926,77652,63396493578,5,0,1,21504,5,3267173202
6604,63396461069,12238,63396473307,6,0,0,3584,6,6059414413
6605,63396479877,143255,63396623132,3,0,1,37888,3,4280032522
6606,63396481219,55744,63396536963,1,0,1,23040,1,2800387966
6607,63396529069,104464,63396633533,2,0,0,4096,2,616593958
6608,63396542206,172482,63396714688,1,0,1,43008,1,6110262555
6609,63396567600,234695,63396802295,0,0,1,4096,0,10284613610
6610,63396569082,181640,63396750722,0,0,1,9216,0,8739830905
6611,63396581382,242564,63396823946,8,0,1,163840,8,5651370190
6612,63396657658,168179,63396825837,7,0,1,6144,7,5775445379
6613,63396753428,23605,63396777033,0,0,1,9216,0,10058753304
6614,63396803705,88602,63396892307,5,0,0,1536,5,1853547519
6615,63396874668,1514,63396876182,8,0,1,59904,8,10633465636
6616,63396942606,14025,63396956631,8,0,0,1536,8,8028452045
6617,63396944393,109612,63397054005,0,0,1,14336,0,2378320086
6618,63396947329,81382,63397028711,7,0,0,27136,7,9020694555
6619,63397082969,31779,63397114748,3,0,0,51712,3,6769325371
6620,63397151494,139236,63397290730,6,0,1,26112,6,141356550
6621,63397178617,128924,63397307541,6,0,1,50688,6,8713780816
6622,63397198546,176433,63397374979,6,0,1,18944,6,8491445494
6623,63397271649,53233,63397324882,7,0,1,14848,7,9248923474
6624,63397314130,24638,63397338768,7,0,0,90112,7,2788744581
6625,63397353759,121975,63397475734,1,0,0,36352,1,8430147889
6626,63397378530,174045,63397552575,0,0,0,282112,0,1220135795
6627,63397438399,76451,63397514850,1,0,1,401408,1,6012017555
6628,63397476470,73741,63397550211,8,0,0,512,8,3649337309
6629,63397630340,562,63397630902,3,0,0,123392,3,7699613769
6630,63397734835,1038,63397735873,5,0,1,14848,5,3049142058
6631,63397765553,513056,63398278609,8,0,0,512,8,460237970
6632,63397817304,279757,63398097061,2,0,0,1024,2,9007080722
6633,63397933584,115400,63398048984,7,0,1,11776,7,3256420391
6634,63397992443,23116,63398015559,3,0,1,15360,3,1880337728
6635,63398038749,101995,63398140744,1,0,0,41472,1,4769036530
6636,63398081178,73571,63398154749,7,0,0,119808,7,2221402897
6637,63398146288,10727,63398157015,2,0,0,3584,2,6887652155
6638,63398221139,13337,63398234476,7,0,0,22528,7,2054226961
6639,63398256183,4370,63398260553,6,0,0,4608,6,4242430938
6640,63398285817,5798,63398291615,2,0,0,6144,2,2184636952
6641,63398341890,3418,63398345308,5,0,0,3584,5,3839192934
6642,63398379196,1514,63398380710,2,0,0,1536,2,1673541878
6643,63398454686,132770,63398587456,7,0,0,215040,7,1661100295
6644,63398565616,1038,63398566654,4,0,1,15360,4,9036019660
6645,63398602040,197421,63398799461,4,0,1,22528,4,8209050230
6646,63398618684,175488,63398794172,3,0,1,26112,3,8472068078
6647,63398629806,210966,63398840772,5,0,0,1024,5,5503878803
6648,63398757958,77907,63398835865,4,0,1,5120,4,370657964
6649,63398812781,23095,63398835876,0,0,0,36352,0,9053870001
6650,63398824143,42937,63398867080,1,0,1,183808,1,3450895742
6651,63398838156,264525,63399102681,5,0,1,13824,5,8418945929
6652,63398911593,254735,63399166328,3,0,1,7168,3,8391102267
6653,63398960256,183916,63399144172,1,0,0,70144,1,5207714286
6654,63399119978,102436,63399222414,8,0,1,36352,8,7689555517
6655,63399124710,317258,63399441968,0,0,0,517632,0,9180116917
6656,63399204666,274513,63399479179,3,0,0,120832,3,3381027972
6657,63399260204,219961,63399480165,6,0,0,1536,6,7189875120
6658,63399324395,50858,63399375253,4,0,1,4608,4,6278255057
6659,63399346551,1990,63399348541,8,0,1,70144,8,3472743581
6660,63399350760,80108,63399430868,4,0,1,36352,4,9489906175
6661,63399426846,191831,63399618677,4,0,1,10240,4,6093020213
6662,63399429653,295697,63399725350,6,0,0,512,6,9228463016
6663,63399491332,297444,63399788776,5,0,1,512,5,9132916894
6664,63399531652,26063,63399557715,2,0,0,2048,2,1873510229
6665,63399590118,325025,63399915143,3,0,1,12288,3,10502698661
6666,63399617943,141690,63399759633,2,0,0,5120,2,1340517117
6667,63399628502,5708,63399634210,1,0,1,132608,1,10021062740
6668,63399714883,83179,63399798062,3,0,1,21504,3,7073112821
6669,63399748473,29195,63399777668,7,0,0,14336,7,9650860875
6670,63399773406,7226,63399780632,3,0,0,135168,3,5796358275
6671,63399828056,347063,63400175119,5,0,0,1024,5,3127919686
6672,63399861248,296292,63400157540,2,0,0,7680,2,5180597749
6673,63399917866,562,63399918428,4,0,1,15872,4,3444935794
6674,63399947967,174031,63400121998,5,0,1,47104,5,7915373261
6675,63399979909,147092,63400127001,4,0,1,16384,4,6672382316
6676,63400042101,239915,63400282016,8,0,0,512,8,2279953916
6677,63400051974,145414,63400197388,8,0,1,66560,8,5008212641
6678,63400158866,47284,63400206150,3,0,1,1536,3,7199301222
6679,63400251511,143412,63400394923,4,0,0,232448,4,9244926803
6680,63400297788,108067,63400405855,4,0,0,44032,4,5622769297
6681,63400303076,170788,63400473864,4,0,0,227328,4,9188326092
6682,63400335536,122539,63400458075,1,0,1,231424,1,9316252447
6683,63400351991,108145,63400460136,8,0,0,1024,8,4752889605
6684,63400394510,1990,63400396500,8,0,1,6144,8,1800191382
6685,63400661481,11012,63400672493,6,0,0,2048,6,5692368697
6686,63400747783,9898,63400757681,4,0,0,17920,4,6839073394
6687,63400750843,539013,63401289856,2,0,0,3072,2,1068504992
6688,63400873539,3468,63400877007,2,0,0,2560,2,3479060992
6689,63400876356,2466,63400878822,3,0,1,34304,3,5299504536
6690,63400915262,42679,63400957941,5,0,0,2560,5,3333237648
6691,63400918969,123677,63401042646,4,0,0,69632,4,10682090184
6692,63400935770,224169,63401159939,1,0,1,159744,1,7752623536
6693,63401185204,70972,63401256176,4,0,1,8704,4,7440505573
6694,63401241477,31779,63401273256,1,0,0,51712,1,6356542403
6695,63401272966,180468,63401453434,1,0,1,136192,1,112687998
6696,63401406746,46707,63401453453,4,0,0,56320,4,3386169709
6697,63401411666,123757,63401535423,4,0,1,12800,4,5135556533
6698,63401530446,254291,63401784737,5,0,1,35840,5,7910343480
6699,63401661954,50668,63401712622,6,0,1,2560,6,843110656
6700,63401736285,6225,63401742510,1,0,0,15360,1,5216971115
6701,63401768623,2942,63401771565,4,0,1,8192,4,1847766002
6702,63401791045,66208,63401857253,6,0,0,3072,6,4836808709
6703,63402008999,73468,63402082467,3,0,1,16896,3,7439184173
6704,63402108566,25183,63402133749,0,0,0,45568,0,8518827768
6705,63402196734,99784,63402296518,3,0,1,27648,3,1089069630
6706,63402212349,176800,63402389149,3,0,0,290816,3,7668867840
6707,63402377315,101620,63402478935,1,0,0,164352,1,6364902339
6708,63402405459,74782,63402480241,8,0,0,2048,8,1455306028
6709,63402417056,118203,63402535259,7,0,1,12288,7,5243730376
6710,63402421353,46725,63402468078,0,0,1,15872,0,761147394
6711,63402493268,154999,63402648267,9,0,0,80896,9,1215853928
6712,63402578833,46208,63402625041,1,0,1,31744,1,10308445744
6713,63402609682,171703,63402781385,9,0,0,79872,9,4128637567
6714,63402707072,43475,63402750547,9,0,0,65536,9,8455252134
6715,63402865052,66222,63402931274,1,0,1,19968,1,657768848
6716,63402887616,98521,63402986137,4,0,1,512,4,451002004
6717,63402898339,173012,63403071351,1,0,0,280064,1,4590602799
6718,63403273012,45592,63403318604,0,0,1,1024,0,9102405834
6719,63403335524,59128,63403394652,7,0,1,5120,7,1660315976
6720,63403339905,93819,63403433724,8,0,1,17408,8,8758084677
6721,63403368762,109981,63403478743,6,0,1,28672,6,9469957606
6722,63403459698,48976,63403508674,6,0,1,2048,6,8023235751
6723,63403490163,46984,63403537147,9,0,0,81408,9,3200251434
6724,63403500284,229260,63403729544,5,0,1,24576,5,660384187
6725,63403743925,1038,63403744963,8,0,0,1024,8,4330174114
6726,63403782562,562,63403783124,5,0,0,512,5,2733690769
6727,63403783892,121612,63403905504,4,0,0,196608,4,322404714
6728,63403894060,16936,63403910996,1,0,0,26112,1,7486633853
6729,63403989263,72537,63404061800,3,0,0,117760,3,1865348047
6730,63403990640,46998,63404037638,8,0,1,115712,8,2262360283
6731,63404016108,2942,63404019050,2,0,0,2048,2,6177056246
6732,63404093790,317843,63404411633,2,0,0,3072,2,7039893577
6733,63404276104,92735,63404368839,6,0,1,7168,6,2809048284
6734,63404298427,140194,63404438621,3,0,0,134144,3,2169418120
6735,63404430334,5322,63404435656,6,0,1,9728,6,10709940315
6736,63404445960,33758,63404479718,8,0,1,203776,8,8629266607
6737,63404473724,271264,63404744988,5,0,0,5632,5,2372034157
6738,63404486142,289873,63404776015,3,0,0,58880,3,7736246383
6739,63404587158,133060,63404720218,7,0,0,150016,7,1062454511
6740,63404607271,112958,63404720229,8,0,0,6144,8,4035595359
6741,63404663962,23116,63404687078,3,0,1,80384,3,89455833
6742,63404721532,7226,63404728758,7,0,0,41472,7,6563901498
6743,63404821006,93304,63404914310,3,0,1,21504,3,3752263794
6744,63404821210,279345,63405100555,5,0,0,7680,5,9281092829
6745,63405001748,12733,63405014481,3,0,1,18944,3,1533361904
6746,63405057410,80236,63405137646,0,0,1,9728,0,8046799943
6747,63405062988,85426,63405148414,7,0,0,24576,7,5059983801
6748,63405171410,2466,63405173876,2,0,0,2560,2,5936924664
6749,63405220151,101362,63405321513,9,0,0,163840,9,4592357951
6750,63405251125,91791,63405342916,1,0,0,77824,1,1409263084
6751,63405303723,42099,63405345822,0,0,0,4608,0,8978804579
6752,63405346300,4846,63405351146,2,0,0,5120,2,4167549168
6753,63405349636,16092,63405365728,0,0,0,31232,0,1655639264
6754,63405470596,1514,63405472110,6,0,0,1536,6,1337213094
6755,63405522458,113290,63405635748,3,0,1,17920,3,2703023068
6756,63405564802,131936,63405696738,7,0,1,45568,7,7178509544
6757,63405626116,83696,63405709812,0,0,0,136192,0,2401106475
6758,63405636801,84865,63405721666,7,0,0,48640,7,3366635683
6759,63405636912,86700,63405723612,5,0,0,3072,5,5974478307
6760,63405678778,101906,63405780684,3,0,0,136704,3,8016663627
6761,63405743257,4158,63405747415,6,0,1,1024,6,8722577910
6762,63405764206,157000,63405921206,5,0,1,27136,5,5081537638
6763,63405790772,33241,63405824013,3,0,1,15872,3,3241363093
6764,63405840358,7121,63405847479,7,0,0,11264,7,218812350
6765,63405917562,212673,63406130235,7,0,0,57856,7,9346999731
6766,63405944348,214646,63406158994,8,0,0,1024,8,7486150509
6767,63406147036,562,63406147598,1,0,1,57344,1,10635374558
6768,63406235786,108832,63406344618,5,0,0,512,5,2010778604
6769,63406309501,54525,63406364026,7,0,0,92672,7,1278159363
6770,63406353944,95670,63406449614,4,0,1,5632,4,1096533457
6771,63406387612,135783,63406523395,9,0,0,224256,9,2135157696
6772,63406403522,121179,63406524701,2,0,0,2048,2,5727151427
6773,63406600527,34533,63406635060,9,0,0,60416,9,8121742166
6774,63406730803,43712,63406774515,0,0,0,71680,0,688500056
6775,63406751804,26577,63406778381,3,0,0,6144,3,3298934489
6776,63406752237,47764,63406800001,7,0,1,1536,7,572768289
6777,63406852219,45692,63406897911,5,0,1,11264,5,6622356229
6778,63406856034,79432,63406935466,7,0,0,78848,7,4750947715
6779,63406898831,68504,63406967335,5,0,1,512,5,165993067
6780,63406899962,224508,63407124470,4,0,1,30720,4,8996216850
6781,63407040646,86200,63407126846,1,0,1,22016,1,35980512
6782,63407048188,100461,63407148649,6,0,1,13312,6,828539044
6783,63407152192,4370,63407156562,2,0,0,4608,2,9275450216
6784,63407182956,1514,63407184470,6,0,0,1536,6,5205512525
6785,63407243048,89896,63407332944,2,0,1,15360,2,3984041603
6786,63407261881,93650,63407355531,3,0,1,7168,3,4822421837
6787,63407380713,44229,63407424942,7,0,0,72704,7,8875285352
6788,63407447318,22170,63407469488,3,0,0,36352,3,2669040990
6789,63407496178,97936,63407594114,3,0,1,26624,3,10192298908
6790,63407604671,124454,63407729125,7,0,0,202240,7,9680484320
6791,63407624009,162245,63407786254,9,0,0,191488,9,5780474581
6792,63407653196,159696,63407812892,9,0,0,94720,9,8319212970
6793,63407677997,135561,63407813558,6,0,0,1024,6,9608837348
6794,63407731608,79511,63407811119,5,0,1,51712,5,2279146832
6795,63407740563,61787,63407802350,1,0,0,31232,1,9743423857
6796,63407761193,68852,63407830045,2,0,0,4608,2,7492470671
6797,63407769579,228255,63407997834,3,0,0,57344,3,1058180425
6798,63407795258,113812,63407909070,8,0,1,49664,8,6098827289
6799,63407815134,66848,63407881982,2,0,1,2560,2,3353037299
6800,63407827896,235387,63408063283,0,0,1,9728,0,316484848
6801,63407847509,6859,63407854368,4,0,1,2560,4,10731065992
6802,63407883716,252131,63408135847,2,0,0,184832,2,6529377095
6803,63407921793,324246,63408246039,2,0,1,55808,2,3465364683
6804,63407926941,155175,63408082116,7,0,1,7680,7,1752814971
6805,63407957421,216141,63408173562,9,0,0,87040,9,6836584783
6806,63407965744,323591,63408289335,3,0,1,4608,3,4831952337
6807,63408062214,258107,63408320321,6,0,0,6144,6,880469417
6808,63408188772,142728,63408331500,4,0,1,6656,4,821333927
6809,63408294430,75644,63408370074,5,0,1,1536,5,2548474016
6810,63408434551,61895,63408496446,1,0,0,100352,1,2245771492
6811,63408445319,147110,63408592429,0,0,1,10752,0,10004464251
6812,63408522353,183883,63408706236,7,0,1,15872,7,5461765692
6813,63408760851,22858,63408783709,2,0,0,40960,2,619701590
6814,63408794894,59419,63408854313,9,0,1,5120,9,6826668000
6815,63408819836,69904,63408889740,7,0,1,17920,7,273884584
6816,63408850260,147612,63408997872,0,0,1,10240,0,6564179789
6817,63408989473,4158,63408993631,2,0,1,16384,2,5705104973
6818,63408991830,73312,63409065142,7,0,0,11264,7,3751734188
6819,63409004530,64351,63409068881,9,0,1,6144,9,8444848470
6820,63409060405,63988,63409124393,3,0,1,4608,3,9953316871
6821,63409133209,123420,63409256629,1,0,0,200192,1,4634025644
6822,63409179000,5322,63409184322,8,0,1,36352,8,9502649549
6823,63409283469,118361,63409401830,5,0,1,55296,5,2374459235
6824,63409301466,344847,63409646313,1,0,1,633344,1,308334641
6825,63409330822,87484,63409418306,6,0,0,5632,6,2423495741
6826,63409385402,83608,63409469010,8,0,1,100352,8,7009102174
6827,63409446655,19932,63409466587,2,0,0,146944,2,1291569620
6828,63409524416,54266,63409578682,7,0,0,139264,7,3925548434
6829,63409588438,371267,63409959705,5,0,0,512,5,10332738547
6830,63409597617,562,63409598179,7,0,0,92160,7,805656718
6831,63409669613,139024,63409808637,5,0,1,4608,5,3512072866
6832,63409787765,732851,63410520616,8,0,0,512,8,6790418841
6833,63409799610,234766,63410034376,9,0,0,205824,9,7669315482
6834,63409804427,230619,63410035046,6,0,0,512,6,2823165035
6835,63409837065,137340,63409974405,6,0,1,512,6,3922770597
6836,63409850591,167032,63410017623,2,0,1,11776,2,3798732447
6837,63409898372,207153,63410105525,6,0,0,1024,6,5789857124
6838,63409902024,173646,63410075670,7,0,0,56320,7,415727767
6839,63409905045,1038,63409906083,4,0,1,15872,4,2609550964
6840,63409941136,470890,63410412026,2,0,0,101888,2,8696457788
6841,63409946476,264476,63410210952,7,0,1,19968,7,5867959609
6842,63410067190,391325,63410458515,2,0,1,6656,2,3343916932
6843,63410182732,502830,63410685562,9,0,1,43520,9,9805999709
6844,63410283426,103946,63410387372,8,0,0,1024,8,5922674477
6845,63410291303,11939,63410303242,7,0,0,168960,7,2598433649
6846,63410332160,104044,63410436204,6,0,1,512,6,9048651013
6847,63410350485,297901,63410648386,7,0,1,12800,7,2178125228
6848,63410384693,98799,63410483492,4,0,0,14848,4,24684402
6849,63410387305,161234,63410548539,6,0,1,4096,6,9213638481
6850,63410439097,219795,63410658892,2,0,1,1024,2,6231187042
6851,63410494445,226479,63410720924,3,0,0,367616,3,4070976069
6852,63410531071,4370,63410535441,1,0,1,402432,1,3392184274
6853,63410532452,96575,63410629027,6,0,1,3584,6,5342057344
6854,63410674582,85297,63410759879,7,0,1,8704,7,8841447521
6855,63410742031,378195,63411120226,6,0,0,4608,6,4027774675
6856,63410763375,558345,63411321720,7,0,1,27136,7,2740457837
6857,63410768787,417505,63411186292,9,0,0,161280,9,69992622
6858,63410780284,297666,63411077950,6,0,1,6144,6,766233724
6859,63410780424,100786,63410881210,6,0,0,9728,6,1243241660
6860,63410794440,96124,63410890564,9,0,0,364544,9,8405481689
6861,63410842216,45626,63410887842,8,0,1,586752,8,1924180454
6862,63410992857,42420,63411035277,1,0,0,1536,1,2246175912
6863,63410998505,433870,63411432375,5,0,0,1536,5,8468127667
6864,63411048734,5708,63411054442,4,0,1,4608,4,10672332124
6865,63411054665,73999,63411128664,8,0,0,7680,8,3397945736
6866,63411114790,694839,63411809629,8,0,1,94208,8,7559050770
6867,63411121131,184281,63411305412,1,0,0,69120,1,10539938352
6868,63411211359,450999,63411662358,7,0,0,14336,7,10676707664
6869,63411226722,787404,63412014126,7,0,0,123904,7,7768323269
6870,63411331129,520385,63411851514,9,0,1,12288,9,4833091329
6871,63411352785,241753,63411594538,9,0,0,27136,9,10572108593
6872,63411412145,166280,63411578425,1,0,0,17408,1,4273437162
6873,63411493379,85712,63411579091,6,0,0,1024,6,746348128
6874,63411502309,66723,63411569032,6,0,1,11264,6,1145439953
6875,63411513354,95025,63411608379,7,0,0,1536,7,2646774530
6876,63411598371,207661,63411806032,0,0,0,158208,0,5926598604
6877,63411604666,130642,63411735308,4,0,1,2560,4,10020004849
6878,63411644417,90902,63411735319,0,0,0,140288,0,6520186031
6879,63411713055,5967,63411719022,4,0,1,14336,4,3402194864
6880,63411748670,115912,63411864582,7,0,1,32768,7,2096116258
6881,63411765045,44229,63411809274,3,0,0,14848,3,3958367612
6882,63411808421,562,63411808983,7,0,0,72704,7,4483511693
6883,63411864647,14541,63411879188,5,0,0,512,5,10617999530
6884,63411865069,4416,63411869485,2,0,0,28160,2,6659396204
6885,63411888390,194729,63412083119,8,0,1,70656,8,5037205672
6886,63411911120,47284,63411958404,9,0,0,11776,9,6517724760
6887,63411980645,85933,63412066578,3,0,1,49664,3,6900204892
6888,63412052101,303960,63412356061,0,0,1,1536,0,3602539174
6889,63412078969,107353,63412186322,0,0,0,143872,0,3842239333
6890,63412085008,42780,63412127788,9,0,0,91136,9,2952080293
6891,63412149592,41364,63412190956,9,0,0,14848,9,3709762863
6892,63412153108,269749,63412422857,6,0,0,3584,6,8140490406
6893,63412240407,6750,63412247157,5,0,1,4096,5,7326845552
6894,63412255197,173996,63412429193,4,0,1,37376,4,2795483629
6895,63412269457,232274,63412501731,3,0,0,7168,3,10018939961
6896,63412303434,441342,63412744776,1,0,0,719360,1,4870127272
6897,63412430630,316092,63412746722,7,0,0,3072,7,2853663010
6898,63412504721,243307,63412748028,6,0,0,2048,6,9068085109
6899,63412552404,241975,63412794379,9,0,0,156160,9,5721029130
6900,63412628379,165624,63412794003,3,0,1,8704,3,4739610673
6901,63412630381,66801,63412697182,2,0,0,2560,2,2641914411
6902,63412694986,45950,63412740936,6,0,1,28160,6,6066047793
6903,63412724303,376299,63413100602,5,0,1,25600,5,7847940330
6904,63412729550,292660,63413022210,5,0,0,512,5,8306333938
6905,63412748143,174562,63412922705,1,0,1,225792,1,8135195283
6906,63412782694,139194,63412921888,0,0,0,79360,0,3854454325
6907,63412839246,26402,63412865648,3,0,1,4608,3,1887258164
6908,63412847412,378968,63413226380,2,0,0,283136,2,8954694324
6909,63412899562,444172,63413343734,0,0,0,55808,0,9936245782
6910,63413012700,163338,63413176038,8,0,0,512,8,4161271460
6911,63413013611,401067,63413414678,3,0,1,6656,3,6309352821
6912,63413044547,181545,63413226092,8,0,1,38400,8,3110274318
6913,63413060421,160613,63413221034,7,0,0,186880,7,8029333904
6914,63413084259,125421,63413209680,8,0,0,4608,8,4392894821
6915,63413165700,53364,63413219064,7,0,0,155648,7,2638702898
6916,63413240663,81786,63413322449,5,0,0,4608,5,4046207146
6917,63413248633,52706,63413301339,3,0,0,116736,3,10257388811
6918,63413280902,317699,63413598601,9,0,1,5120,9,5946869120
6919,63413289746,147190,63413436936,9,0,1,2560,9,6514144896
6920,63413348649,33071,63413381720,1,0,1,153600,1,328663359
6921,63413425884,1038,63413426922,1,0,0,54272,1,8654001687
6922,63413485448,51770,63413537218,5,0,0,1024,5,7827689867
6923,63413504245,144206,63413648451,9,0,1,4096,9,5224306419
6924,63413504370,12304,63413516674,3,0,0,83968,3,7485896728
6925,63413665241,416553,63414081794,2,0,1,14848,2,6609025960
6926,63413669314,144873,63413814187,7,0,0,20480,7,9372359729
6927,63413727311,100263,63413827574,2,0,1,10752,2,7254234738
6928,63413757389,73726,63413831115,8,0,1,7168,8,6639542505
6929,63413804592,56075,63413860667,0,0,0,95744,0,3791050587
6930,63413938284,2466,63413940750,3,0,1,31744,3,2454438996
6931,63413957179,113953,63414071132,1,0,1,110080,1,9253717688
6932,63413991685,188388,63414180073,8,0,0,2560,8,6642563825
6933,63414120887,39747,63414160634,7,0,0,29184,7,9502080453
6934,63414124199,55969,63414180168,2,0,0,46592,2,2438933561
6935,63414168780,13334,63414182114,5,0,0,3072,5,5348583195
6936,63414336041,174733,63414510774,1,0,0,286720,1,6797628036
6937,63414431848,79080,63414510928,5,0,0,8704,5,5488838540
6938,63414532916,234132,63414767048,8,0,1,209408,8,3795719968
6939,63414594546,3946,63414598492,1,0,1,210944,1,957076040
6940,63414745401,318057,63415063458,5,0,1,38400,5,10309607539
6941,63414764157,205938,63414970095,8,0,0,1024,8,4024384371
6942,63414849649,125528,63414975177,0,0,1,4608,0,8994356367
6943,63414995257,92529,63415087786,4,0,0,150016,4,446903859
6944,63415002066,87346,63415089412,6,0,0,2560,6,853655431
6945,63415014279,5450,63415019729,8,0,1,12800,8,876248835
6946,63415084628,84993,63415169621,6,0,0,1024,6,4355918257
6947,63415095144,1514,63415096658,9,0,1,3072,9,10189729101
6948,63415176396,58216,63415234612,8,0,1,7168,8,597754999
6949,63415205324,260715,63415466039,8,0,0,1536,8,24384406
6950,63415294604,91977,63415386581,6,0,1,8192,6,794796932
6951,63415311563,43883,63415355446,4,0,1,47104,4,2697811031
6952,63415349183,12733,63415361916,3,0,0,75264,3,4732703776
6953,63415400440,195475,63415595915,4,0,1,9216,4,6513070959
6954,63415445044,121508,63415566552,1,0,0,24576,1,4324492034
6955,63415498337,24238,63415522575,5,0,1,5120,5,4165869276
6956,63415528606,25280,63415553886,0,0,0,40448,0,8472826877
6957,63415532749,64749,63415597498,7,0,0,24576,7,7484345799
6958,63415583676,3894,63415587570,5,0,0,4096,5,9128377462
6959,63415737580,48976,63415786556,4,0,1,2048,4,3607944081
6960,63415770116,72664,63415842780,6,0,1,9216,6,5346787113
6961,63415804212,5322,63415809534,2,0,1,18432,2,471700590
6962,63415850038,75472,63415925510,8,0,0,5632,8,4744798292
6963,63415983235,16092,63415999327,3,0,1,20480,3,8089576721
6964,63416001640,92992,63416094632,0,0,0,31232,0,3133546196
6965,63416106065,88072,63416194137,1,0,1,19456,1,6964729283
6966,63416184788,15058,63416199846,3,0,1,26624,3,308998617
6967,63416253742,2942,63416256684,9,0,0,29184,9,10515372133
6968,63416269497,99472,63416368969,5,0,0,3072,5,10351431229
6969,63416332143,45758,63416377901,8,0,1,512,8,8582407382
6970,63416340328,99160,63416439488,1,0,1,25600,1,3294953143
6971,63416389835,65896,63416455731,2,0,1,7168,2,2818431853
6972,63416399507,136300,63416535807,9,0,0,225280,9,10347135022
6973,63416418579,30250,63416448829,1,0,1,106496,1,2230511366
6974,63416510063,30301,63416540364,3,0,0,7168,3,3419534482
6975,63416512918,273946,63416786864,3,0,0,4608,3,9995072796
6976,63416628966,115961,63416744927,8,0,1,4608,8,10502038515
6977,63416805833,97609,63416903442,7,0,0,163328,7,5609582611
6978,63416828259,95971,63416924230,7,0,0,66560,7,3802035642
6979,63416931329,100467,63417031796,0,0,1,7680,0,1049277435
6980,63416984814,74258,63417059072,4,0,0,124416,4,7521329410
6981,63416999156,136691,63417135847,8,0,1,9728,8,8290121136
6982,63417035305,106024,63417141329,2,0,1,512,2,6232623425
6983,63417111738,189795,63417301533,1,0,1,48128,1,7275694638
6984,63417219665,56850,63417276515,3,0,0,97280,3,5702057927
6985,63417321869,23979,63417345848,5,0,1,14848,5,3249999605
6986,63417399267,48625,63417447892,3,0,0,39936,3,809919180
6987,63417408451,185477,63417593928,4,0,1,1024,4,5428024628
6988,63417421900,286108,63417708008,3,0,0,466944,3,6666455447
6989,63417450991,214522,63417665513,2,0,1,3584,2,4910028883
6990,63417494472,222186,63417716658,6,0,0,1536,6,924222836
6991,63417508620,174942,63417683562,1,0,0,79872,1,10347662751
6992,63417510472,171106,63417681578,6,0,1,42496,6,4087887191
6993,63417586406,348378,63417934784,3,0,1,51712,3,3621168233
6994,63417588147,326927,63417915074,7,0,0,113664,7,2411801298
6995,63417592969,164610,63417757579,1,0,0,1536,1,10156462932
6996,63417612386,203117,63417815503,9,0,1,6144,9,8480543623
6997,63417614793,138896,63417753689,8,0,1,17920,8,6771192972
6998,63417658961,18106,63417677067,3,0,1,29696,3,2453463556
6999,63417672800,4370,63417677170,7,0,0,223232,7,4236436875
7000,63417723193,1038,63417724231,3,0,0,90112,3,4269985720
7001,63417750205,323922,63418074127,8,0,1,9728,8,10388790712
7002,63417786896,4370,63417791266,2,0,1,30720,2,2921342632
7003,63417843994,451782,63418295776,1,0,0,15360,1,4705198297
7004,63417863553,450660,63418314213,6,0,0,4608,6,1723181679
7005,63417918304,319155,63418237459,8,0,0,1024,8,9073512881
7006,63417940162,294217,63418234379,5,0,0,4608,5,1893871064
7007,63418070888,36859,63418107747,4,0,0,65024,4,8304554968
7008,63418138187,177317,63418315504,3,0,0,291840,3,9262801371
7009,63418161975,1514,63418163489,8,0,1,2560,8,3312147198
7010,63418213742,20362,63418234104,9,0,1,51200,9,1351601853
7011,63418216911,207008,63418423919,5,0,1,25088,5,2255236075
7012,63418218326,288053,63418506379,4,0,1,36864,4,3383825203
7013,63418321395,164273,63418485668,5,0,1,3584,5,9501899239
7014,63418322585,327894,63418650479,5,0,0,1536,5,7273829274
7015,63418382476,408481,63418790957,2,0,0,32768,2,4860250679
7016,63418420705,230842,63418651547,1,0,0,367104,1,8593873564
7017,63418565141,92717,63418657858,0,0,0,30208,0,1876894397
7018,63418658276,3418,63418661694,9,0,0,3584,9,1143839885
7019,63418733858,24150,63418758008,1,0,1,133632,1,7210535031
7020,63418739140,12733,63418751873,3,0,0,43520,3,9956402260
7021,63418768474,147441,63418915915,4,0,0,24576,4,6515537568
7022,63418787176,121870,63418909046,3,0,0,197120,3,7090349447
7023,63418789274,125776,63418915050,7,0,0,20480,7,1096442233
7024,63418878999,64485,63418943484,0,0,1,10240,0,8553488969
7025,63418887503,2466,63418889969,4,0,0,108544,4,4602410843
7026,63418974920,114116,63419089036,6,0,0,2560,6,1424307888
7027,63419006205,13508,63419019713,9,0,0,26112,9,4964346428
7028,63419016912,55817,63419072729,2,0,0,95232,2,6894725077
7029,63419115538,11012,63419126550,4,0,0,17920,4,10731509692
7030,63419169163,95542,63419264705,2,0,1,7168,2,9231097788
7031,63419228143,81124,63419309267,8,0,1,11776,8,6284735485
7032,63419231899,113516,63419345415,0,0,1,13312,0,3228260559
7033,63419282763,215062,63419497825,2,0,0,348672,2,7033761369
7034,63419317350,258648,63419575998,7,0,0,259584,7,2170894554
7035,63419338713,243084,63419581797,7,0,0,27648,7,7896827413
7036,63419397113,77921,63419475034,2,0,1,2560,2,9769439010
7037,63419504222,10305,63419514527,8,0,0,512,8,5744538877
7038,63419573464,3894,63419577358,5,0,0,2560,5,6414354840
7039,63419618622,312947,63419931569,6,0,0,4096,6,4071098863
7040,63419635819,96056,63419731875,1,0,1,18944,1,772626903
7041,63419658670,148171,63419806841,9,0,1,5120,9,6866209819
7042,63419671821,156778,63419828599,5,0,1,4608,5,492135731
7043,63419719855,47205,63419767060,3,0,1,10240,3,4498502839
7044,63419774861,36083,63419810944,6,0,1,512,6,356936844
7045,63419804976,2942,63419807918,8,0,1,36352,8,4537442991
7046,63419809370,155385,63419964755,7,0,0,63488,7,8540718689
7047,63419833916,1038,63419834954,6,0,1,5632,6,8184245971
7048,63419849726,125516,63419975242,7,0,1,4608,7,2085850039
7049,63419875610,184409,63420060019,8,0,1,4608,8,8035413991
7050,63419883429,55300,63419938729,6,0,0,3072,6,939466533
7051,63419894433,170287,63420064720,8,0,1,30720,8,2322445544
7052,63419977553,265101,63420242654,6,0,0,1024,6,4832926458
7053,63419983354,86708,63420070062,0,0,0,94208,0,5682932055
7054,63420044450,422380,63420466830,9,0,0,145408,9,10416121119
7055,63420083391,107265,63420190656,4,0,1,6656,4,3422324498
7056,63420141263,105855,63420247118,4,0,0,174080,4,5810509029
7057,63420196513,55300,63420251813,6,0,1,5120,6,3365157736
7058,63420243144,174592,63420417736,0,0,0,94208,0,520759016
7059,63420261907,145523,63420407430,5,0,0,223744,5,4345748226
7060,63420279367,243179,63420522546,7,0,0,294912,7,6045391137
7061,63420287319,256425,63420543744,1,0,0,76800,1,6613766336
7062,63420301722,252340,63420554062,9,0,0,32768,9,4809241084
7063,63420404028,171027,63420575055,9,0,0,75776,9,8277951690
7064,63420485018,91023,63420576041,6,0,0,1536,6,4762082653
7065,63420543900,15113,63420559013,2,0,1,48640,2,9921105893
7066,63420567239,101563,63420668802,9,0,0,22016,9,4737605473
7067,63420576304,229620,63420805924,5,0,1,3584,5,3125930149
7068,63420617148,165383,63420782531,2,0,0,271872,2,4037928730
7069,63420627111,141310,63420768421,5,0,1,12800,5,8246102475
7070,63420642286,184170,63420826456,5,0,1,27648,5,375512079
7071,63420670285,67060,63420737345,2,0,1,7168,2,6428612971
7072,63420686006,284009,63420970015,6,0,1,27648,6,1298518827
7073,63420709802,312400,63421022202,1,0,0,298496,1,7035003425
7074,63420770183,255338,63421025521,9,0,1,19968,9,626595954
7075,63420814146,167192,63420981338,8,0,1,20480,8,9167113213
7076,63420827898,405272,63421233170,8,0,0,1536,8,39924251
7077,63420858340,144333,63421002673,1,0,0,263680,1,161431586
7078,63420904147,288763,63421192910,5,0,0,89600,5,835838944
7079,63420923499,156066,63421079565,2,0,1,18944,2,216655308
7080,63420964737,193520,63421158257,7,0,0,231424,7,10023742259
7081,63420991155,182299,63421173454,4,0,1,512,4,9121976747
7082,63421049290,272094,63421321384,5,0,0,313344,5,3210891340
7083,63421062457,370489,63421432946,6,0,0,3072,6,141665065
7084,63421089383,443928,63421533311,6,0,1,41472,6,10356922729
7085,63421223468,131737,63421355205,6,0,1,35328,6,7660526727
7086,63421228483,268760,63421497243,9,0,1,7680,9,1107402192
7087,63421294722,158492,63421453214,1,0,1,140288,1,1076641183
7088,63421306672,174470,63421481142,1,0,0,212992,1,1805016066
7089,63421338762,76102,63421414864,3,0,0,182272,3,4608069652
7090,63421368545,187698,63421556243,1,0,0,162816,1,4426606892
7091,63421385124,21137,63421406261,9,0,1,1536,9,2002323831
7092,63421472302,345403,63421817705,3,0,0,25600,3,126852146
7093,63421518136,497399,63422015535,6,0,1,7680,6,8494750499
7094,63421547306,264506,63421811812,5,0,1,24064,5,1215166745
7095,63421574356,163920,63421738276,3,0,0,34304,3,9159511281
7096,63421758461,422916,63422181377,3,0,0,265728,3,8451573564
7097,63421870517,104721,63421975238,3,0,0,170496,3,299450444
7098,63421902126,74098,63421976224,6,0,0,1536,6,5184530820
7099,63421928547,50263,63421978810,6,0,0,4096,6,5159495844
7100,63421997810,230108,63422227918,3,0,1,1536,3,1207137621
7101,63422193311,123679,63422316990,2,0,0,200704,2,3405479797
7102,63422221486,158942,63422380428,1,0,0,208384,1,1064499629
7103,63422260758,110861,63422371619,3,0,1,18944,3,1851683463
7104,63422269926,288484,63422558410,4,0,0,9728,4,8858809422
7105,63422298071,319798,63422617869,5,0,1,44544,5,2676902319
7106,63422630692,4370,63422635062,8,0,1,14848,8,4388656281
7107,63422725539,109191,63422834730,6,0,0,4608,6,2606507255
7108,63422765294,76048,63422841342,8,0,1,10240,8,3180425546
7109,63422789882,95283,63422885165,7,0,0,158720,7,6806474193
7110,63422792957,118129,63422911086,3,0,0,91136,3,7075579835
7111,63422817131,120184,63422937315,7,0,0,84480,7,7759177014
7112,63422879173,64760,63422943933,0,0,0,31744,0,10331993222
7113,63423030757,1038,63423031795,0,0,1,43008,0,9842168515
7114,63423050798,2942,63423053740,6,0,0,1024,6,9812967027
7115,63423058500,161054,63423219554,9,0,1,7680,9,1571260748
7116,63423097936,135154,63423233090,0,0,1,11776,0,6824798179
7117,63423162463,70794,63423233257,0,0,1,512,0,690197180
7118,63423180642,219005,63423399647,8,0,0,3072,8,519946904
7119,63423221836,73829,63423295665,0,0,0,120320,0,1869517129
7120,63423348784,41128,63423389912,7,0,0,66560,7,6576095994
7121,63423377155,145738,63423522893,5,0,1,38400,5,5143937524
7122,63423386170,144554,63423530724,9,0,0,237056,9,3124763328
7123,63423389620,118238,63423507858,8,0,0,3584,8,3933757887
7124,63423472054,283337,63423755391,2,0,1,4608,2,10131947151
7125,63423484392,68199,63423552591,0,0,1,13312,0,8526165433
7126,63423617310,217373,63423834683,4,0,1,4096,4,837771702
7127,63423691005,63810,63423754815,1,0,1,584192,1,6882979717
7128,63423699584,86708,63423786292,9,0,0,99840,9,1833191120
7129,63423736113,72533,63423808646,4,0,0,145408,4,1264615591
7130,63423756701,562,63423757263,2,0,0,22528,2,9022215062
7131,63423759537,554870,63424314407,4,0,1,6144,4,7734022196
7132,63423781140,488221,63424269361,1,0,1,74752,1,8320128965
7133,63423817176,240377,63424057553,0,0,1,35840,0,3745245432
7134,63423841935,376248,63424218183,4,0,1,2560,4,10617659470
7135,63423846422,508007,63424354429,9,0,1,32256,9,6312285228
7136,63423854875,452564,63424307439,9,0,1,6656,9,2066908249
7137,63423871847,446150,63424317997,6,0,0,512,6,3219485832
7138,63423890096,280332,63424170428,4,0,1,60928,4,915989481
7139,63424007392,497943,63424505335,1,0,0,180224,1,10478396451
7140,63424023848,473991,63424497839,8,0,1,10240,8,6334917988
7141,63424126135,164509,63424290644,0,0,1,3584,0,5143314560
7142,63424173125,93246,63424266371,9,0,0,64512,9,1270044311
7143,63424245054,84920,63424329974,6,0,0,1024,6,6651250433
7144,63424254686,52766,63424307452,6,0,0,2048,6,7717623038
7145,63424292537,272251,63424564788,5,0,0,18944,5,9724083187
7146,63424314844,86498,63424401342,2,0,0,120320,2,9979512317
7147,63424317771,84557,63424402328,7,0,0,1536,7,1625739169
7148,63424339919,66275,63424406194,9,0,0,6144,9,9108382136
7149,63424359431,152571,63424512002,5,0,0,239616,5,5340239375
7150,63424435869,201398,63424637267,3,0,0,324608,3,4639048582
7151,63424508776,150772,63424659548,3,0,1,36352,3,10439753754
7152,63424528040,50196,63424578236,8,0,1,6144,8,4931960082
7153,63424533665,161102,63424694767,1,0,0,160256,1,8006387503
7154,63424539197,319316,63424858513,6,0,1,4608,6,142661162
7155,63424636187,81112,63424717299,6,0,0,3072,6,3144076563
7156,63424707221,392363,63425099584,0,0,1,6656,0,9248872100
7157,63424813107,303872,63425116979,4,0,1,127488,4,606597593
7158,63424848186,53233,63424901419,0,0,0,131072,0,5924279991
7159,63424865509,5237,63424870746,7,0,1,8704,7,10601260693
7160,63424898555,304264,63425202819,4,0,1,44544,4,6131560705
7161,63424934683,280885,63425215568,3,0,1,54784,3,10388645889
7162,63424940734,261113,63425201847,6,0,1,26624,6,8286007390
7163,63424945197,357342,63425302539,0,0,1,44032,0,6828775832
7164,63424974609,164052,63425138661,9,0,0,90112,9,9290964990
7165,63425016617,140268,63425156885,4,0,1,29184,4,8758339880
7166,63425022951,356623,63425379574,8,0,0,512,8,4662655613
7167,63425091856,443384,63425535240,7,0,0,207360,7,762368719
7168,63425115651,391793,63425507444,6,0,0,512,6,8911404130
7169,63425386023,43366,63425429389,3,0,0,74240,3,706854784
7170,63425395285,45446,63425440731,5,0,0,37888,5,10178038705
7171,63425419374,32391,63425451765,7,0,0,36352,7,10127270550
7172,63425470318,70972,63425541290,6,0,1,11776,6,9613745251
7173,63425592015,14025,63425606040,9,0,1,8704,9,8808069925
7174,63425624595,218130,63425842725,1,0,1,178688,1,5668893939
7175,63425658819,53995,63425712814,7,0,0,27136,7,6075526171
7176,63425660125,5467,63425665592,1,0,0,81408,1,7479319268
7177,63425684647,238345,63425922992,4,0,1,44032,4,7210544439
7178,63425776987,85961,63425862948,5,0,0,13824,5,3736950305
7179,63425776990,69667,63425846657,3,0,0,60416,3,8129983216
7180,63425793295,120968,63425914263,0,0,0,16896,0,3853596038
7181,63425847896,312205,63426160101,0,0,1,3072,0,6942812939
7182,63425864612,138295,63426002907,6,0,1,14848,6,6719608929
7183,63425870150,136980,63426007130,9,0,1,1024,9,8761262653
7184,63425974613,143223,63426117836,7,0,1,42496,7,3348895236
7185,63426029913,115363,63426145276,7,0,0,187904,7,10151737597
7186,63426099800,39715,63426139515,4,0,1,375296,4,6673892081
7187,63426100352,1038,63426101390,6,0,1,21504,6,754547062
7188,63426107827,3418,63426111245,6,0,0,3584,6,3784603524
7189,63426108359,135782,63426244141,0,0,1,4096,0,4950919236
7190,63426112873,123679,63426236552,3,0,1,54784,3,4788700768
7191,63426167434,29699,63426197133,8,0,0,1024,8,5166332097
7192,63426185581,44124,63426229705,8,0,0,3584,8,8367199663
7193,63426199598,323486,63426523084,2,0,0,200704,2,7533234315
7194,63426298865,501826,63426800691,9,0,0,16896,9,7813429341
7195,63426300505,505456,63426805961,1,0,0,52224,1,4832142641
7196,63426400310,71548,63426471858,2,0,1,71168,2,5148683797
7197,63426547335,2942,63426550277,8,0,0,512,8,7207960314
7198,63426624201,295794,63426919995,6,0,0,3072,6,772247160
7199,63426708051,61120,63426769171,6,0,0,98816,6,4503536125
7200,63426727281,104633,63426831914,4,0,1,321024,4,2225118401
7201,63426738328,57727,63426796055,9,0,0,173568,9,5888319961
7202,63426785798,118872,63426904670,6,0,0,10752,6,10507647936
7203,63426804454,113042,63426917496,1,0,1,396288,1,8778605004
7204,63426805702,152762,63426958464,3,0,1,7168,3,8931059628
7205,63426821192,4370,63426825562,9,0,1,3584,9,5040514988
7206,63426831828,3383,63426835211,4,0,0,247296,4,5788756610
7207,63427015971,471439,63427487410,8,0,0,4608,8,8787730569
7208,63427071701,14800,63427086501,3,0,0,9728,3,4093009216
7209,63427195887,569099,63427764986,6,0,1,38400,6,9073829604
7210,63427221230,50223,63427271453,2,0,0,28672,2,3066499722
7211,63427251680,162307,63427413987,1,0,1,144896,1,5815956073
7212,63427292907,257766,63427550673,6,0,1,1024,6,1642753181
7213,63427337201,123691,63427460892,3,0,0,23552,3,9711598718
7214,63427385766,325281,63427711047,7,0,0,144896,7,5313178263
7215,63427527495,562,63427528057,9,0,1,13824,9,6640610374
7216,63427534148,57109,63427591257,8,0,0,512,8,10313421410
7217,63427546995,96894,63427643889,9,0,0,97792,9,7927414637
7218,63427569825,155544,63427725369,5,0,1,5632,5,2719261809
7219,63427657521,103858,63427761379,6,0,0,172032,6,4341979679
7220,63427680475,213567,63427894042,9,0,1,1536,9,3117762319
7221,63427796232,47284,63427843516,0,0,1,18432,0,4990187266
7222,63427820427,146581,63427967008,6,0,1,28160,6,10727103771
7223,63427859219,241358,63428100577,8,0,1,1536,8,2485570823
7224,63427956305,93573,63428049878,6,0,1,18432,6,4487386594
7225,63428192015,5708,63428197723,0,0,0,14336,0,946535905
7226,63428280531,7702,63428288233,1,0,0,8192,1,7993687279
7227,63428358125,99004,63428457129,8,0,1,25088,8,9692965328
7228,63428454026,9579,63428463605,6,0,0,15872,6,7729943083
7229,63428538953,101032,63428639985,0,0,1,31744,0,1353549936
7230,63428751766,22687,63428774453,3,0,0,37376,3,7860580438
7231,63428770562,6157,63428776719,1,0,0,3584,1,7036915014
7232,63428923031,365904,63429288935,9,0,0,592384,9,4789652342
7233,63428955659,56963,63429012622,3,0,1,9728,3,6403439901
7234,63429010778,350747,63429361525,6,0,1,3072,6,354942671
7235,63429242802,343206,63429586008,7,0,0,43520,7,6035793720
7236,63429293623,95113,63429388736,0,0,1,9728,0,6325191151
7237,63429303346,139840,63429443186,4,0,0,155136,4,6138423287
7238,63429316039,51512,63429367551,9,0,1,4096,9,6072449565
7239,63429326996,210325,63429537321,0,0,1,48128,0,3909401105
7240,63429416810,72795,63429489605,3,0,0,83456,3,5754279318
7241,63429472390,75874,63429548264,5,0,0,118272,5,4888780700
7242,63429496359,323128,63429819487,5,0,0,96768,5,10703308782
7243,63429506064,173548,63429679612,3,0,1,2560,3,10079545884
7244,63429536889,154164,63429691053,0,0,0,247808,0,8418916407
7245,63429594495,97864,63429692359,2,0,0,2048,2,4621311992
7246,63429626559,69986,63429696545,9,0,0,6656,9,833178144
7247,63429638106,188123,63429826229,6,0,0,286208,6,2965425665
7248,63429695502,177180,63429872682,1,0,0,148480,1,4864636634
7249,63429749708,195297,63429945005,5,0,0,231424,5,8662347094
7250,63429757454,163561,63429921015,9,0,1,11776,9,3688082987
7251,63429823788,263944,63430087732,7,0,0,145408,7,9322067062
7252,63430038486,21654,63430060140,0,0,1,23552,0,2059008255
7253,63430077966,12217,63430090183,5,0,1,36352,5,8569800754
7254,63430164710,207863,63430372573,0,0,0,35328,0,4534837364
7255,63430176413,207953,63430384366,9,0,0,3584,9,8604164981
7256,63430189738,147975,63430337713,9,0,0,244736,9,4328300105
7257,63430192214,539800,63430732014,3,0,0,1175552,3,825941573
7258,63430318891,194159,63430513050,6,0,1,4608,6,7769416820
7259,63430406309,795691,63431202000,2,0,0,1536,2,790079287
7260,63430463707,582582,63431046289,7,0,0,32256,7,3791875911
7261,63430524278,531905,63431056183,5,0,0,1536,5,8012186807
7262,63430606432,472320,63431078752,5,0,0,182272,5,6514788107
7263,63430607728,447090,63431054818,8,0,0,2048,8,8550200165
7264,63430621546,447100,63431068646,9,0,0,264192,9,827611890
7265,63430630891,399456,63431030347,7,0,0,16896,7,3637407103
7266,63430709608,515871,63431225479,7,0,1,13824,7,2185764177
7267,63430722084,511813,63431233897,0,0,0,132608,0,9793972358
7268,63430753406,462043,63431215449,8,0,1,1536,8,4107623893
7269,63430762283,422830,63431185113,2,0,0,1536,2,9670499219
7270,63430916698,134659,63431051357,7,0,1,31232,7,8412832586
7271,63430982717,125700,63431108417,4,0,1,134656,4,3268898734
7272,63431064281,338729,63431403010,9,0,1,20480,9,3924519615
7273,63431087665,120196,63431207861,1,0,0,120832,1,6408903537
7274,63431118539,78377,63431196916,7,0,0,80384,7,1241350109
7275,63431135242,100165,63431235407,6,0,0,27648,6,2899146129
7276,63431183003,20878,63431203881,3,0,0,37888,3,3121133931
7277,63431207566,475820,63431683386,7,0,0,156160,7,9409420576
7278,63431276023,187681,63431463704,0,0,1,16896,0,10435061353
7279,63431314547,405674,63431720221,7,0,0,33792,7,8736822435
7280,63431418358,34791,63431453149,7,0,1,14336,7,8771652043
7281,63431549516,207990,63431757506,7,0,0,60928,7,1900893584
7282,63431598595,92523,63431691118,8,0,1,7168,8,6767702711
7283,63431636899,91753,63431728652,0,0,0,148480,0,4633143596
7284,63431679536,208106,63431887642,9,0,0,333312,9,2514073500
7285,63431715758,122297,63431838055,6,0,1,1024,6,9222963395
7286,63431766011,227576,63431993587,2,0,0,1024,2,7918161783
7287,63431771315,252618,63432023933,6,0,1,6144,6,1506052058
7288,63431884842,146333,63432031175,5,0,1,7168,5,6047013026
7289,63432031044,175202,63432206246,3,0,0,284160,3,9193061420
7290,63432046076,191122,63432237198,1,0,0,107008,1,6493143077
7291,63432138473,104626,63432243099,6,0,0,19968,6,5601371016
7292,63432205366,112520,63432317886,9,0,0,182272,9,1840277626
7293,63432248536,72576,63432321112,9,0,0,5120,9,3306795610
7294,63432313093,137333,63432450426,5,0,0,227328,5,10361430046
7295,63432318881,141863,63432460744,6,0,0,40960,6,7997225559
7296,63432335509,335415,63432670924,8,0,1,9216,8,2312994136
7297,63432702661,45592,63432748253,3,0,1,1024,3,4004426159
7298,63432743580,69228,63432812808,6,0,1,3584,6,8734986169
7299,63432772037,142340,63432914377,7,0,1,33280,7,4706623842
7300,63432907506,63136,63432970642,3,0,1,4608,3,3191596471
7301,63432927067,93893,63433020960,8,0,1,8192,8,9741264560
7302,63432955827,84471,63433040298,6,0,0,137728,6,10008256485
7303,63433105665,93436,63433199101,9,0,1,16896,9,6522936319
7304,63433184215,154829,63433339044,5,0,0,251392,5,9847816733
7305,63433198885,134208,63433333093,5,0,1,4096,5,5198840887
7306,63433225568,12304,63433237872,8,0,1,3584,8,6620362426
7307,63433258887,163626,63433422513,0,0,1,6656,0,2205652271
7308,63433405433,264119,63433669552,9,0,0,20480,9,307790291
7309,63433432336,24703,63433457039,7,0,1,10752,7,6444933040
7310,63433438312,1990,63433440302,6,0,0,43520,6,928891838
7311,63433491956,77943,63433569899,8,0,0,2048,8,10253555770
7312,63433597784,57436,63433655220,2,0,1,12288,2,6580185507
7313,63433606389,33846,63433640235,3,0,1,4608,3,5979289324
7314,63433608288,82816,63433691104,5,0,1,45056,5,10594033564
7315,63433633883,58433,63433692316,1,0,0,55808,1,907012936
7316,63433634148,61895,63433696043,3,0,0,67584,3,878226564
7317,63433676010,197539,63433873549,9,0,1,21504,9,2569848293
7318,63433680347,235814,63433916161,9,0,1,28160,9,7963800507
7319,63433703086,16350,63433719436,5,0,0,100352,5,5977116900
7320,63433724903,237056,63433961959,9,0,1,30208,9,10508081522
7321,63433904582,290203,63434194785,3,0,0,31744,3,2473850828
7322,63434129081,48976,63434178057,7,0,1,2048,7,6157472489
7323,63434141525,36543,63434178068,1,0,0,63488,1,3369077705
7324,63434195440,94396,63434289836,0,0,1,25088,0,9239328639
7325,63434297141,86980,63434384121,9,0,1,15872,9,10217623414
7326,63434317833,62668,63434380501,6,0,1,15872,6,1660665227
7327,63434364283,118854,63434483137,8,0,1,6656,8,3684423454
7328,63434371194,113812,63434485006,0,0,0,184832,0,3551009151
7329,63434387150,24408,63434411558,6,0,1,17920,6,10648111876
7330,63434472584,63602,63434536186,4,0,0,44032,4,550520654
7331,63434476196,14861,63434491057,9,0,0,91136,9,5115539235
7332,63434526243,194723,63434720966,8,0,0,2048,8,2482563489
7333,63434535891,14025,63434549916,9,0,1,8704,9,5700174067
7334,63434570337,20362,63434590699,4,0,0,27136,4,3554511319
7335,63434582837,174255,63434757092,9,0,0,32768,9,1847744091
7336,63434702334,24666,63434727000,6,0,0,44544,6,9859679210
7337,63434879484,103528,63434983012,2,0,1,36864,2,2911812843
7338,63434885115,6750,63434891865,5,0,1,39936,5,6644042669
7339,63434996260,149362,63435145622,0,0,0,7168,0,9293690660
7340,63435006118,194554,63435200672,1,0,0,315392,1,2557889494
7341,63435024738,176280,63435201018,2,0,0,512,2,10330348931
7342,63435028041,105877,63435133918,3,0,1,47616,3,9921349104
7343,63435096767,107545,63435204312,2,0,0,2560,2,501832083
7344,63435116911,119468,63435236379,4,0,0,79872,4,1119205917
7345,63435120541,259055,63435379596,1,0,0,57856,1,10637161791
7346,63435122698,179880,63435302578,8,0,0,201216,8,8670562374
7347,63435161172,163455,63435324627,8,0,1,7168,8,5259648983
7348,63435199461,175850,63435375311,9,0,0,233472,9,1443771954
7349,63435271697,248401,63435520098,7,0,1,1024,7,7100842489
7350,63435301686,243432,63435545118,0,0,1,45056,0,7536744795
7351,63435388420,81097,63435469517,8,0,1,5120,8,9698723181
7352,63435453009,166416,63435619425,0,0,0,273920,0,9023405109
7353,63435492205,134837,63435627042,8,0,1,30720,8,4886098425
7354,63435495315,129563,63435624878,3,0,0,43008,3,1036283250
7355,63435504775,155008,63435659783,7,0,0,6656,7,5483425210
7356,63435526600,279226,63435805826,9,0,1,6144,9,9920179434
7357,63435599207,73999,63435673206,7,0,0,123904,7,3715201449
7358,63435701541,173086,63435874627,0,0,1,4608,0,955925957
7359,63435725351,317604,63436042955,9,0,0,515072,9,7739215061
7360,63435762356,285886,63436048242,5,0,0,16896,5,9750529900
7361,63435766442,297353,63436063795,3,0,0,49664,3,4170868435
7362,63435822952,194823,63436017775,3,0,1,48128,3,2991974538
7363,63435832326,215525,63436047851,9,0,1,9728,9,5840381855
7364,63435874157,178752,63436052909,1,0,0,24576,1,8455694314
7365,63435885738,324998,63436210736,0,0,0,105472,0,1730992781
7366,63435925206,269219,63436194425,4,0,0,298496,4,9860863578
7367,63435926345,249057,63436175402,2,0,1,7680,2,405909265
7368,63435960819,84418,63436045237,1,0,0,49152,1,10648609475
7369,63435976126,277901,63436254027,9,0,1,42496,9,3489366857
7370,63436009833,211884,63436221717,6,0,1,11264,6,3160073350
7371,63436020778,2466,63436023244,6,0,1,9728,6,8407645790
7372,63436067450,388105,63436455555,2,0,1,10240,2,9794158314
7373,63436146758,603358,63436750116,3,0,0,69120,3,3480225804
7374,63436169889,449607,63436619496,3,0,1,36352,3,9982174712
7375,63436339386,374356,63436713742,2,0,0,2560,2,4504731573
7376,63436523398,20858,63436544256,8,0,0,17920,8,7971667235
7377,63436530174,43624,63436573798,3,0,0,74752,3,1823898451
7378,63436535328,39648,63436574976,0,0,0,13824,0,1328650838
7379,63436581726,94508,63436676234,0,0,0,157184,0,1479244102
7380,63436675584,126692,63436802276,5,0,0,209920,5,5569939701
7381,63436689452,63951,63436753403,0,0,1,12288,0,6987646156
7382,63436749788,249667,63436999455,0,0,1,4608,0,9570471557
7383,63436903024,31779,63436934803,5,0,1,5120,5,8880432457
7384,63436952725,92982,63437045707,5,0,0,51712,5,8217054375
7385,63436993817,45950,63437039767,1,0,0,79360,1,8337247041
7386,63437022380,165729,63437188109,3,0,0,269312,3,8990102286
7387,63437053933,91611,63437145544,3,0,1,512,3,9732204841
7388,63437127860,215283,63437343143,9,0,0,100864,9,6401060565
7389,63437279889,64133,63437344022,9,0,0,108032,9,9093726450
7390,63437312655,64161,63437376816,4,0,0,104448,4,7716884290
7391,63437315094,53749,63437368843,7,0,1,19968,7,488364728
7392,63437349680,11012,63437360692,1,0,0,91136,1,7202384054
7393,63437440369,224526,63437664895,0,0,0,17920,0,8808295427
7394,63437444639,138907,63437583546,6,0,1,11776,6,4061605582
7395,63437478748,130977,63437609725,8,0,1,22016,8,2459343904
7396,63437545004,81887,63437626891,8,0,0,132608,8,6934377152
7397,63437562032,101046,63437663078,9,0,0,123904,9,10136779075
7398,63437645509,59128,63437704637,7,0,1,3072,7,2347355393
7399,63437653190,83596,63437736786,4,0,1,71168,4,6613225202
7400,63437698609,1038,63437699647,2,0,1,14848,2,7877960069
7401,63437714982,255732,63437970714,3,0,1,5120,3,4416404819
7402,63437797638,264368,63438062006,3,0,1,27136,3,7126959513
7403,63437837408,130124,63437967532,9,0,1,8704,9,10139843398
7404,63437884340,17645,63437901985,9,0,0,1024,9,6396438615
7405,63437888327,109656,63437997983,7,0,1,16896,7,904947150
7406,63437910128,95591,63438005719,6,0,0,17408,6,4111114882
7407,63438054875,65452,63438120327,6,0,1,10752,6,16795832
7408,63438094436,69280,63438163716,8,0,1,8192,8,10330051464
7409,63438141048,43900,63438184948,2,0,1,21504,2,5130733463
7410,63438144139,118032,63438262171,5,0,1,512,5,3099805174
7411,63438155123,104891,63438260014,8,0,0,174080,8,8620289680
7412,63438221041,13218,63438234259,3,0,1,26624,3,940369199
7413,63438245693,136115,63438381808,5,0,1,34304,5,6229925425
7414,63438251981,1514,63438253495,7,0,0,16384,7,1951540475
7415,63438297609,235649,63438533258,2,0,1,25600,2,8015775716
7416,63438415369,221378,63438636747,2,0,0,1536,2,5287000256
7417,63438544642,79432,63438624074,5,0,1,11264,5,9689419875
7418,63438665787,50668,63438716455,8,0,1,2560,8,7907203959
7419,63438736715,44229,63438780944,8,0,0,72704,8,5898451463
7420,63438740873,62272,63438803145,9,0,0,72704,9,9020475451
7421,63438807752,82404,63438890156,3,0,0,133632,3,6125705372
7422,63438867210,15058,63438882268,3,0,1,72704,3,7740971835
7423,63438898795,21395,63438920190,3,0,0,29184,3,3625042086
7424,63438907282,15847,63438923129,8,0,1,8192,8,6357552026
7425,63438958313,12733,63438971046,0,0,0,34816,0,9347413787
7426,63438964527,154690,63439119217,5,0,0,1024,5,5932752282
7427,63438983731,162316,63439146047,5,0,0,24576,5,1371573265
7428,63439067663,82662,63439150325,4,0,1,62464,4,6265995304
7429,63439140333,216846,63439357179,2,0,1,34816,2,5658020875
7430,63439145626,166472,63439312098,0,0,0,134144,0,9641474426
7431,63439262099,208997,63439471096,5,0,1,1536,5,4185749560
7432,63439338590,233762,63439572352,1,0,0,378368,1,2978474829
7433,63439367558,269630,63439637188,8,0,1,5120,8,10242498318
7434,63439390649,324168,63439714817,5,0,0,289792,5,4726694641
7435,63439461967,188257,63439650224,7,0,1,23552,7,10138041363
7436,63439480741,118916,63439599657,9,0,1,1536,9,6977367968
7437,63439533772,248654,63439782426,5,0,0,205312,5,7077418487
7438,63439603472,4370,63439607842,9,0,0,9728,9,8880975107
7439,63439778583,416512,63440195095,2,0,0,4608,2,6933268984
7440,63439782215,96275,63439878490,4,0,0,152576,4,8540261127
7441,63439823087,57775,63439880862,1,0,0,7680,1,10682359785
7442,63439858427,24471,63439882898,2,0,1,22016,2,7684874878
7443,63439876440,562,63439877002,7,0,0,36864,7,7252522649
7444,63439905335,96532,63440001867,2,0,0,512,2,7426078840
7445,63440128184,14283,63440142467,0,0,0,27648,0,9761981689
7446,63440354794,11270,63440366064,9,0,0,18432,9,998408245
7447,63440388221,21137,63440409358,8,0,0,34304,8,5308442071
7448,63440435512,3900,63440439412,5,0,0,10752,5,8786043092
7449,63440484767,63616,63440548383,6,0,0,107008,6,6437846261
7450,63440491189,360984,63440852173,6,0,0,541696,6,4112598125
7451,63440637332,309340,63440946672,6,0,1,56320,6,3930576468
7452,63440695553,265693,63440961246,0,0,0,358400,0,390698476
7453,63440729247,253197,63440982444,1,0,0,76800,1,4917650094
7454,63440881144,111618,63440992762,7,0,0,40960,7,540532722
7455,63440943119,50309,63440993428,2,0,0,1024,2,816801718
7456,63440967863,44400,63441012263,8,0,1,3072,8,7537966914
7457,63441081239,5450,63441086689,3,0,1,4096,3,7978643970
7458,63441085047,15058,63441100105,5,0,0,76288,5,3486906606
7459,63441144867,82651,63441227518,7,0,0,13824,7,3726433592
7460,63441147202,306769,63441453971,3,0,1,4608,3,1149749690
7461,63441189428,196777,63441386205,8,0,0,29184,8,3320861635
7462,63441231831,45175,63441277006,3,0,1,1024,3,6345770984
7463,63441236054,83467,63441319521,6,0,1,7168,6,9014200452
7464,63441267721,1038,63441268759,0,0,0,77824,0,754750872
7465,63441371337,172332,63441543669,2,0,0,1024,2,1717756947
7466,63441534886,52360,63441587246,7,0,1,3072,7,7121383882
7467,63441571035,82816,63441653851,2,0,1,12288,2,4356829446
7468,63441754886,22687,63441777573,5,0,1,29696,5,1510303777
7469,63441810470,98872,63441909342,0,0,0,37376,0,10586206580
7470,63441828065,65608,63441893673,3,0,1,11264,3,9058639091
7471,63441860668,36600,63441897268,6,0,0,64512,6,5830666685
7472,63441976505,136309,63442112814,6,0,1,1536,6,4871916018
7473,63442082753,81616,63442164369,2,0,1,18432,2,6576142863
7474,63442147296,64228,63442211524,5,0,1,11776,5,10180793391
7475,63442175465,116050,63442291515,6,0,0,192512,6,4903633443
7476,63442209028,343433,63442552461,5,0,0,519680,5,2974848684
7477,63442275884,280123,63442556007,6,0,0,5632,6,9361252618
7478,63442476265,101862,63442578127,0,0,0,81408,0,3643610539
7479,63442635770,14541,63442650311,9,0,0,28160,9,1554952947
7480,63442644336,53812,63442698148,3,0,0,91136,3,4798352203
7481,63442664331,49370,63442713701,0,0,0,57856,0,9613264435
7482,63442690007,104116,63442794123,8,0,0,172544,8,3536591805
7483,63442696657,252895,63442949552,1,0,0,339456,1,1276056011
7484,63442839276,111556,63442950832,9,0,0,14336,9,2395467944
7485,63442897895,58224,63442956119,9,0,0,16896,9,1667905823
7486,63442899833,79300,63442979133,2,0,1,512,2,1055697598
7487,63442904410,161380,63443065790,5,0,1,6656,5,3169386996
7488,63442916042,242322,63443158364,6,0,1,15872,6,3558703946
7489,63443091770,216240,63443308010,5,0,1,30208,5,3744058781
7490,63443224167,102912,63443327079,5,0,0,166912,5,5140071206
7491,63443259187,126333,63443385520,5,0,1,6144,5,7296810492
7492,63443261434,127290,63443388724,7,0,1,1536,7,9627032849
7493,63443448368,217918,63443666286,4,0,1,187392,4,8308449288
7494,63443557949,157051,63443715000,2,0,1,119296,2,1843233310
7495,63443602079,112835,63443714914,5,0,1,20480,5,8806059256
7496,63443603424,120431,63443723855,5,0,1,4096,5,1732129950
7497,63443888724,54613,63443943337,0,0,0,89600,0,7379266467
7498,63443890060,68728,63443958788,1,0,0,49152,1,3792270908
7499,63443979533,25958,63444005491,2,0,1,3072,2,1611769234
7500,63444045173,91456,63444136629,7,0,1,20480,7,2345495283
7501,63444060092,184813,63444244905,7,0,0,47104,7,10047297826
7502,63444174146,32554,63444206700,8,0,0,53248,8,2050963419
7503,63444211874,36342,63444248216,7,0,0,64000,7,5108248335
7504,63444250549,45433,63444295982,3,0,0,78336,3,10217926721
7505,63444442919,92012,63444534931,5,0,0,148992,5,1750164872
7506,63444472011,64546,63444536557,6,0,0,2560,6,6453284922
7507,63444475882,102610,63444578492,8,0,0,135168,8,4105483581
7508,63444532920,21654,63444554574,7,0,1,512,7,9394854363
7509,63444655558,170662,63444826220,8,0,0,35328,8,9452827389
7510,63444679839,26217,63444706056,7,0,1,18432,7,2219497093
7511,63444681928,31262,63444713190,9,0,0,47616,9,6362155194
7512,63444703165,74346,63444777511,0,0,0,50688,0,1975140537
7513,63444744473,183867,63444928340,3,0,1,16384,3,9378378481
7514,63444762422,97353,63444859775,4,0,1,248320,4,10216939143
7515,63444773732,44552,63444818284,5,0,0,121344,5,3897428805
7516,63444781677,174218,63444955895,3,0,0,98816,3,3056045656
7517,63444787803,233279,63445021082,5,0,1,7680,5,3395499415
7518,63444790669,204251,63444994920,2,0,1,12288,2,8712380739
7519,63444836744,76325,63444913069,2,0,0,3584,2,7645001772
7520,63444869208,253621,63445122829,3,0,1,50688,3,3322467093
7521,63444939815,511970,63445451785,9,0,0,128512,9,6568618373
7522,63444974462,252134,63445226596,3,0,1,29696,3,2350313485
7523,63445022269,138667,63445160936,9,0,0,313344,9,9575124435
7524,63445135747,133098,63445268845,2,0,0,2560,2,1155283169
7525,63445141327,376364,63445517691,9,0,0,17408,9,8445810059
7526,63445435498,562,63445436060,0,0,0,512,0,9811008785
7527,63445437838,66200,63445504038,4,0,1,135168,4,9745011174
7528,63445451995,212018,63445664013,5,0,1,512,5,8579052315
7529,63445536579,198028,63445734607,4,0,0,112128,4,8504581039
7530,63445591894,85675,63445677569,5,0,0,143360,5,2010908663
7531,63445781058,23633,63445804691,9,0,0,42496,9,10557260105
7532,63445795457,10617,63445806074,4,0,0,14848,4,810065311
7533,63445838671,3894,63445842565,8,0,1,15360,8,7475250355
7534,63445855336,130981,63445986317,2,0,0,4096,2,3771194114
7535,63445855584,173398,63446028982,4,0,1,48128,4,9344987946
7536,63445978703,212170,63446190873,4,0,1,209408,4,2045180000
7537,63445997623,200757,63446198380,3,0,1,24576,3,1819031540
7538,63446055535,142856,63446198391,0,0,0,198656,0,2477411581
7539,63446087827,112370,63446200197,1,0,0,72704,1,4277023986
7540,63446116850,165971,63446282821,3,0,0,137728,3,2289620264
7541,63446231455,56858,63446288313,9,0,0,26112,9,4224790748
7542,63446236398,78348,63446314746,0,0,0,85504,0,3456058788
7543,63446379693,92267,63446471960,4,0,1,89088,4,9631371541
7544,63446485041,261311,63446746352,2,0,1,1024,2,2539648019
7545,63446558667,84220,63446642887,2,0,1,6144,2,8527860875
7546,63446648114,103840,63446751954,2,0,1,40960,2,500026913
7547,63446719504,19239,63446738743,9,0,1,12288,9,5670671284
7548,63446746044,67456,63446813500,6,0,0,22528,6,9870238435
7549,63446804246,89944,63446894190,3,0,1,25600,3,4566490470
7550,63446864207,57436,63446921643,6,0,1,4608,6,4890442516
7551,63446945476,99004,63447044480,5,0,1,25088,5,284615134
7552,63446983118,129732,63447112850,3,0,1,21504,3,3732702940
7553,63447058551,117100,63447175651,6,0,1,84480,6,10287087395
7554,63447132812,50668,63447183480,3,0,1,2560,3,2050693642
7555,63447166805,23209,63447190014,9,0,1,8704,9,3070238777
7556,63447183467,119334,63447302801,9,0,0,38400,9,8993475093
7557,63447323326,152762,63447476088,1,0,0,247296,1,10383934059
7558,63447680994,34275,63447715269,1,0,0,59904,1,3980650766
7559,63447722294,47284,63447769578,6,0,1,39424,6,9888376080
7560,63447765642,23462,63447789104,7,0,1,1536,7,7571545526
7561,63447792584,151691,63447944275,3,0,0,38912,3,8551942050
7562,63447940333,23891,63447964224,0,0,0,43008,0,65657122
7563,63447940729,159699,63448100428,7,0,0,242688,7,4153018877
7564,63447958522,123501,63448082023,5,0,1,34304,5,9176307239
7565,63447992787,38849,63448031636,5,0,0,51200,5,8292160300
7566,63448077785,137312,63448215097,2,0,0,512,2,5959491813
7567,63448090307,166675,63448256982,5,0,1,2560,5,8143610878
7568,63448093395,324526,63448417921,3,0,0,274432,3,9394624541
7569,63448131461,232252,63448363713,3,0,1,13312,3,864958981
7570,63448236092,196275,63448432367,6,0,0,322048,6,8088927708
7571,63448262342,181264,63448443606,3,0,0,45568,3,1585289066
7572,63448307169,146959,63448454128,5,0,0,41984,5,2349050872
7573,63448549569,15575,63448565144,3,0,0,30208,3,8790400109
7574,63448565578,208696,63448774274,7,0,1,16896,7,8051352467
7575,63448713554,2078,63448715632,8,0,1,35840,8,2836827864
7576,63448726541,81436,63448807977,7,0,1,12800,7,1312178814
7577,63448773702,114450,63448888152,7,0,0,1536,7,443878734
7578,63448854458,2942,63448857400,4,0,1,156672,4,7053988094
7579,63448861228,15317,63448876545,2,0,0,3072,2,8836702997
7580,63448922224,186712,63449108936,5,0,0,29696,5,6975398489
7581,63448947035,96182,63449043217,6,0,1,6656,6,7054926030
7582,63448981660,77847,63449059507,5,0,1,11776,5,374796660
7583,63449000171,85425,63449085596,0,0,0,69120,0,3527408366
7584,63449227558,99004,63449326562,8,0,1,25088,8,10604826608
7585,63449253100,75813,63449328913,8,0,1,7680,8,9232348747
7586,63449292508,65608,63449358116,8,0,1,11264,8,7499143572
7587,63449419139,14541,63449433680,0,0,0,28160,0,6193025833
7588,63449439615,102921,63449542536,5,0,1,10240,5,7794977334
7589,63449473024,114071,63449587095,4,0,0,185344,4,8693341892
7590,63449478634,125345,63449603979,1,0,0,64512,1,605417155
7591,63449655777,2866,63449658643,5,0,0,8704,5,6703032808
7592,63449698954,11012,63449709966,6,0,0,17920,6,8497232989
7593,63449734775,562,63449735337,2,0,0,512,2,668015269
7594,63449773845,79808,63449853653,8,0,1,7680,8,8746307412
7595,63449887156,54096,63449941252,1,0,1,198656,1,6521147756
7596,63449975284,219735,63450195019,4,0,0,88576,4,5023979974
7597,63450143881,7702,63450151583,2,0,0,8192,2,5032412027
7598,63450148920,15833,63450164753,3,0,0,30720,3,7145883618
7599,63450197313,52948,63450250261,4,0,1,132096,4,7308951092
7600,63450244156,102395,63450346551,8,0,1,1024,8,6597822951
7601,63450248452,135613,63450384065,8,0,0,165888,8,6937102682
7602,63450397745,1514,63450399259,9,0,0,220672,9,4563835849
7603,63450512277,4370,63450516647,6,0,1,21504,6,8602905583
7604,63450550671,470643,63451021314,2,0,0,1536,2,8773614989
7605,63450561298,50931,63450612229,2,0,0,4608,2,6832653158
7606,63450617036,162253,63450779289,8,0,0,28672,8,8148582882
7607,63450714900,45950,63450760850,8,0,0,79360,8,5960894985
7608,63450730993,159576,63450890569,5,0,1,34816,5,1821489975
7609,63451067870,165988,63451233858,5,0,0,269824,5,8410248600
7610,63451068934,171440,63451240374,0,0,0,31232,0,6284976977
7611,63451069332,181667,63451250999,8,0,0,34304,8,8946598280
7612,63451167276,18398,63451185674,5,0,1,16896,5,1333830542
7613,63451234867,152250,63451387117,9,0,0,3584,9,7387578287
7614,63451269516,132770,63451402286,1,0,1,226816,1,1448472365
7615,63451325972,399972,63451725944,3,0,0,215040,3,405846005
7616,63451459042,214521,63451673563,6,0,1,13312,6,7827902265
7617,63451519834,153740,63451673574,6,0,0,160256,6,2099561726
7618,63451614550,102720,63451717270,1,0,0,71680,1,4701173593
7619,63451649885,147650,63451797535,5,0,0,165376,5,8331279753
7620,63451677459,65191,63451742650,1,0,1,48640,1,1093564501
7621,63451743481,82285,63451825766,8,0,0,36864,8,2635287620
7622,63451790313,30745,63451821058,3,0,1,8704,3,1819904932
7623,63451899234,29105,63451928339,5,0,0,49664,5,2897515726
7624,63451907083,377816,63452284899,4,0,0,21504,4,10427547011
7625,63451966193,110764,63452076957,2,0,1,2560,2,10124396053
7626,63452002458,218850,63452221308,1,0,0,359424,1,9667878999
7627,63452022493,88192,63452110685,3,0,1,10240,3,7698225656
7628,63452134422,68173,63452202595,2,0,0,2048,2,1716518239
7629,63452174472,236859,63452411331,1,0,1,247808,1,5390127261
7630,63452180465,303396,63452483861,3,0,0,91648,3,10015816213
7631,63452256336,221543,63452477879,0,0,0,331264,0,9990188958
7632,63452306850,199819,63452506669,5,0,1,24576,5,5666597785
7633,63452337764,168916,63452506680,8,0,0,134144,8,2255210400
7634,63452372433,54525,63452426958,9,0,1,22016,9,7591664244
7635,63452555803,1038,63452556841,5,0,0,92672,5,10389526801
7636,63452585737,281094,63452866831,6,0,1,14848,6,6048313227
7637,63452639164,255052,63452894216,2,0,0,1024,2,10562601618
7638,63452769578,158256,63452927834,8,0,1,6656,8,3710674633
7639,63452794717,80633,63452875350,6,0,1,512,6,7344423577
7640,63452848156,57273,63452905429,8,0,1,3072,8,10241061478
7641,63452875582,150774,63453026356,9,0,1,6656,9,2361158391
7642,63452881995,77359,63452959354,6,0,0,130560,6,3183385920
7643,63452927582,32118,63452959700,2,0,0,512,2,7851712856
7644,63452949980,207950,63453157930,5,0,0,341504,5,5254639238
7645,63452963413,176802,63453140215,3,0,1,3072,3,872230460
7646,63452966208,220288,63453186496,3,0,1,512,3,1976898222
7647,63452986722,289428,63453276150,6,0,0,18432,6,5078860453
7648,63453065795,93562,63453159357,4,0,1,305664,4,4624914310
7649,63453214361,16839,63453231200,3,0,1,16896,3,9531862580
7650,63453261184,417140,63453678324,9,0,0,152064,9,5508957527
7651,63453292034,94281,63453386315,6,0,1,3584,6,6557895199
7652,63453344013,273760,63453617773,5,0,0,29184,5,9510260156
7653,63453388665,197190,63453585855,1,0,0,11264,1,5005706838
7654,63453412081,90698,63453502779,9,0,0,23040,9,6741937286
7655,63453415882,42937,63453458819,4,0,1,49664,4,404301354
7656,63453499711,173573,63453673284,3,0,0,70144,3,474192139
7657,63453506946,82520,63453589466,6,0,0,92672,6,3001914203
7658,63453579334,216612,63453795946,4,0,0,335360,4,6967344818
7659,63453766832,74516,63453841348,9,0,0,124928,9,9930240925
7660,63453779362,94064,63453873426,0,0,0,112640,0,7666869056
7661,63453800090,109676,63453909766,3,0,1,3072,3,6345691500
7662,63453980397,156776,63454137173,2,0,1,2048,2,10262627206
7663,63454078166,133545,63454211711,9,0,0,216576,9,6104486935
7664,63454136618,74362,63454210980,3,0,1,3584,3,9922064098
7665,63454153004,140944,63454293948,7,0,0,58368,7,5981878653
7666,63454206138,175634,63454381772,5,0,1,13312,5,6941953472
7667,63454343923,62412,63454406335,4,0,1,49664,4,3833573430
7668,63454347688,43851,63454391539,5,0,0,101376,5,3888096100
7669,63454355094,42162,63454397256,1,0,1,137216,1,8938707118
7670,63454372355,235670,63454608025,5,0,0,29184,5,4791337502
7671,63454441372,261984,63454703356,5,0,0,68608,5,1746523309
7672,63454476751,58464,63454535215,5,0,1,8192,5,1638078474
7673,63454508940,181890,63454690830,4,0,1,32256,4,9304386963
7674,63454547478,166249,63454713727,7,0,0,77312,7,4828139008
7675,63454572105,103956,63454676061,2,0,1,13824,2,138300294
7676,63454577134,25700,63454602834,7,0,1,24576,7,2561518292
7677,63454586004,157185,63454743189,6,0,1,41984,6,6833775964
7678,63454596673,139684,63454736357,8,0,1,2048,8,1360125782
7679,63454602874,202440,63454805314,9,0,1,8704,9,9318485837
7680,63454612189,311543,63454923732,9,0,1,6144,9,10595978690
7681,63454699030,307805,63455006835,6,0,0,46592,6,5180287316
7682,63454752623,246828,63454999451,7,0,1,35840,7,2319500443
7683,63454828756,170706,63454999462,5,0,0,269824,5,8180923642
7684,63454847695,278879,63455126574,4,0,0,352768,4,4597996002
7685,63454855484,298701,63455154185,2,0,1,28672,2,2249800259
7686,63454875555,238072,63455113627,4,0,0,154624,4,10076009634
7687,63454941009,113678,63455054687,5,0,1,13312,5,8078176393
7688,63454941983,341675,63455283658,4,0,0,19456,4,8125547061
7689,63454981559,217795,63455199354,9,0,1,7168,9,2404729726
7690,63455066723,338208,63455404931,2,0,0,512,2,5307306733
7691,63455071740,265431,63455337171,2,0,1,15872,2,5671605838
7692,63455262195,120227,63455382422,2,0,1,6144,2,5000388938
7693,63455362564,35567,63455398131,7,0,1,17408,7,3803404878
7694,63455366529,117689,63455484218,3,0,0,62464,3,6159486790
7695,63455519776,11787,63455531563,6,0,0,19456,6,7268009369
7696,63455526569,23633,63455550202,9,0,1,7680,9,1775466852
7697,63455539025,94174,63455633199,0,0,0,42496,0,9663504498
7698,63455616482,5322,63455621804,0,0,0,5632,0,5580198006
7699,63455624610,125432,63455750042,7,0,1,28160,7,4933263443
7700,63455653200,161960,63455815160,4,0,1,18944,4,2684197660
7701,63455737155,108659,63455845814,8,0,1,2048,8,5816123523
7702,63455746354,163480,63455909834,5,0,0,171008,5,2969037031
7703,63455890647,216096,63456106743,4,0,0,350720,4,8765842670
7704,63455894163,199179,63456093342,8,0,0,135680,8,3024643595
7705,63455904571,254617,63456159188,4,0,1,11776,4,1283871971
7706,63455949193,272733,63456221926,5,0,1,32768,5,4849296584
7707,63455949848,235119,63456184967,1,0,0,123904,1,8008746083
7708,63456076125,119774,63456195899,1,0,0,44032,1,6098825333
7709,63456281928,3641,63456285569,2,0,0,10240,2,2663767698
7710,63456535191,6750,63456541941,4,0,0,7168,4,10262815523
7711,63456555213,14113,63456569326,9,0,1,43520,9,10586474822
7712,63456608209,128535,63456736744,0,0,0,24064,0,1914338664
7713,63456678752,40296,63456719048,1,0,0,61952,1,4687773806
7714,63456737431,92924,63456830355,1,0,1,30720,1,4165225518
7715,63456748803,22946,63456771749,6,0,1,8192,6,7441063566
7716,63456825549,160130,63456985679,9,0,0,37888,9,10417917325
7717,63456857940,121870,63456979810,5,0,0,197120,5,1692496091
7718,63457003841,34104,63457037945,1,0,0,56320,1,6428883854
7719,63457063138,104204,63457167342,0,0,0,169472,0,5581395620
7720,63457116324,55204,63457171528,2,0,0,6656,2,3526037322
7721,63457166670,85675,63457252345,9,0,0,143360,9,3300542413
7722,63457168798,71633,63457240431,9,0,1,61952,9,4521478760
7723,63457182869,97609,63457280478,5,0,1,35840,5,5627950296
7724,63457264883,292238,63457557121,4,0,1,1536,4,3732110723
7725,63457353547,90405,63457443952,4,0,0,163328,4,1092487690
7726,63457387696,350822,63457738518,3,0,0,88064,3,7767852930
7727,63457405982,113649,63457519631,4,0,0,81920,4,9537217570
7728,63457490637,54266,63457544903,6,0,0,92160,6,3673719360
7729,63457508668,36594,63457545262,8,0,0,9728,8,3221502488
7730,63457609121,2942,63457612063,7,0,1,27136,7,3676624581
7731,63457684233,53749,63457737982,3,0,0,3072,3,7534632913
7732,63457741223,214926,63457956149,7,0,0,91136,7,9905795130
7733,63457804695,95020,63457899715,5,0,1,27136,5,863511272
7734,63457850616,115850,63457966466,4,0,1,7168,4,9337082441
7735,63457911041,61378,63457972419,3,0,0,99328,3,8626127572
7736,63458005038,13854,63458018892,6,0,1,26624,6,4663976726
7737,63458017913,5450,63458023363,8,0,1,1024,8,2205825366
7738,63458022465,59854,63458082319,7,0,0,23552,7,4248135858
7739,63458063090,108177,63458171267,1,0,0,13824,1,2133834108
7740,63458093350,63446,63458156796,8,0,0,103424,8,8022688853
7741,63458093895,54962,63458148857,3,0,1,28160,3,4801810448
7742,63458127755,152780,63458280535,8,0,0,91136,8,2027494093
7743,63458163758,255045,63458418803,0,0,0,413184,0,5102993540
7744,63458169332,301672,63458471004,8,0,0,176128,8,3338687754
7745,63458175221,239726,63458414947,1,0,1,149504,1,7047232349
7746,63458193490,340387,63458533877,3,0,1,4096,3,5084989323
7747,63458247343,478927,63458726270,8,0,0,60416,8,10497099257
7748,63458391273,235546,63458626819,4,0,1,23040,4,728967537
7749,63458427045,290733,63458717778,3,0,1,27648,3,1153871407
7750,63458525102,123162,63458648264,6,0,1,9216,6,9172717679
7751,63458553000,99382,63458652382,8,0,1,51200,8,1634792616
7752,63458574236,185001,63458759237,4,0,0,199680,4,8045575972
7753,63458619316,87747,63458707063,3,0,0,77312,3,424941859
7754,63458674758,290226,63458964984,4,0,0,128512,4,4164323024
7755,63458675766,303840,63458979606,8,0,0,411648,8,9449709599
7756,63458725841,260178,63458986019,1,0,0,30720,1,2386709787
7757,63458745622,245889,63458991511,7,0,0,26112,7,2093299750
7758,63458832096,42863,63458874959,1,0,1,134656,1,7899373403
7759,63458859000,176863,63459035863,2,0,1,6656,2,4071434688
7760,63458950274,359125,63459309399,2,0,0,2560,2,7043127750
7761,63458965856,252611,63459218467,7,0,1,28672,7,8963594700
7762,63458993961,233837,63459227798,3,0,1,11776,3,5696121652
7763,63459052319,110024,63459162343,3,0,1,10240,3,2258387455
7764,63459152968,223921,63459376889,4,0,0,116224,4,9009772580
7765,63459167895,212037,63459379932,3,0,1,22528,3,660801724
7766,63459221475,162865,63459384340,8,0,0,258048,8,5926412994
7767,63459292174,92832,63459385006,2,0,0,1024,2,3567502728
7768,63459306681,75937,63459382618,4,0,1,1024,4,7388623841
7769,63459310375,122970,63459433345,4,0,0,2048,4,5372098219
7770,63459329705,277104,63459606809,3,0,0,449536,3,5003070186
7771,63459547248,124712,63459671960,1,0,1,126976,1,6447889042
7772,63459575136,106659,63459681795,1,0,0,202752,1,7650045251
7773,63459629479,76466,63459705945,7,0,0,116224,7,542480823
7774,63459663218,327223,63459990441,8,0,0,5632,8,8504306688
7775,63459784780,185204,63459969984,0,0,0,300544,0,2847355550
7776,63459809808,89913,63459899721,3,0,1,2560,3,5054800696
7777,63459885460,133272,63460018732,4,0,0,25600,4,8821641720
7778,63459904773,255106,63460159879,5,0,0,201728,5,819892555
7779,63459911023,135984,63460047007,2,0,1,17408,2,512092119
7780,63459913784,219242,63460133026,5,0,1,15360,5,992434147
7781,63459978379,66200,63460044579,9,0,1,6656,9,8051195953
7782,63460077384,23286,63460100670,8,0,0,112128,8,8503654370
7783,63460130616,298594,63460429210,8,0,0,32768,8,6180169859
7784,63460266527,62154,63460328681,5,0,0,100864,5,8880086690
7785,63460278868,86192,63460365060,9,0,1,15360,9,10496560344
7786,63460300822,42711,63460343533,8,0,0,144384,8,7741387855
7787,63460345289,12045,63460357334,2,0,0,1536,2,1123025450
7788,63460398586,255263,63460653849,9,0,0,19968,9,4693613181
7789,63460426392,113210,63460539602,7,0,1,17920,7,1057903436
7790,63460512464,31520,63460543984,2,0,1,7680,2,8529318408
7791,63460513330,12733,63460526063,3,0,0,51200,3,2130976088
7792,63460515919,173221,63460689140,2,0,1,512,2,5194246976
7793,63460565674,170654,63460736328,3,0,0,24576,3,653291629
7794,63460568293,156647,63460724940,6,0,1,56832,6,5085695759
7795,63460742375,5450,63460747825,5,0,0,13824,5,4277402274
7796,63460798854,63874,63460862728,1,0,0,107520,1,1708393957
7797,63460877815,108186,63460986001,7,0,1,23040,7,10073834025
7798,63461044387,562,63461044949,2,0,0,512,2,4602336235
7799,63461046219,5967,63461052186,2,0,1,13824,2,7966128760
7800,63461056957,80212,63461137169,8,0,0,14848,8,9968267472
7801,63461075191,51251,63461126442,6,0,0,82432,6,5109113619
7802,63461180464,3418,63461183882,4,0,0,3584,4,1509357704
7803,63461191083,61378,63461252461,3,0,1,7680,3,3177539161
7804,63461192000,38342,63461230342,9,0,0,99328,9,9970514992
7805,63461215632,115281,63461330913,8,0,1,5120,8,3168680607
7806,63461225558,74346,63461299904,6,0,0,41984,6,4399885389
7807,63461271513,168608,63461440121,5,0,0,121344,5,2646447441
7808,63461284479,77547,63461362026,4,0,0,60928,4,7834487474
7809,63461292479,110562,63461403041,3,0,1,7680,3,10489030756
7810,63461294844,126328,63461421172,8,0,0,156160,8,7530249443
7811,63461306657,123212,63461429869,8,0,1,11776,8,6393160494
7812,63461342486,147881,63461490367,3,0,0,191488,3,7741885980
7813,63461399806,116892,63461516698,8,0,0,93184,8,4553319006
7814,63461422442,5192,63461427634,1,0,1,71168,1,952261731
7815,63461525523,3894,63461529417,5,0,0,13312,5,9363933863
7816,63461560238,111745,63461671983,2,0,0,4096,2,8850610564
7817,63461566904,111511,63461678415,9,0,0,180736,9,94868257
7818,63461568124,314258,63461882382,2,0,0,1536,2,7479414040
7819,63461589334,127692,63461717026,1,0,1,137728,1,9724402818
7820,63461609019,403781,63462012800,6,0,0,122368,6,3099542890
7821,63461727335,157804,63461885139,2,0,1,30208,2,8582083156
7822,63461746556,161238,63461907794,1,0,1,235520,1,2436773619
7823,63461835338,114767,63461950105,5,0,0,246784,5,6965229927
7824,63461837023,88633,63461925656,0,0,0,33280,0,9730678731
7825,63461845021,375020,63462220041,2,0,1,11776,2,1332105907
7826,63461883603,132324,63462015927,8,0,1,18432,8,2884913680
7827,63461914651,324918,63462239569,4,0,0,108032,4,9667069612
7828,63461921690,70850,63461992540,7,0,1,4096,7,6743689093
7829,63461952024,457351,63462409375,9,0,0,37376,9,8980856868
7830,63461988960,276700,63462265660,8,0,1,8704,8,10596695453
7831,63461989295,228833,63462218128,0,0,0,148992,0,2673075847
7832,63462029072,288575,63462317647,3,0,1,512,3,5714764091
7833,63462062062,153979,63462216041,8,0,1,45568,8,8772618404
7834,63462062169,412790,63462474959,8,0,1,9216,8,8370492320
7835,63462087990,263480,63462351470,3,0,1,29696,3,5989940765
7836,63462103888,367939,63462471827,5,0,0,86528,5,8448020656
7837,63462136787,195398,63462332185,8,0,1,2560,8,4447193684
7838,63462257935,401397,63462659332,1,0,1,26112,1,4747455678
7839,63462261829,225221,63462487050,4,0,1,16896,4,8638188459
7840,63462264489,265145,63462529634,3,0,1,1024,3,7653319500
7841,63462270337,294712,63462565049,4,0,1,7168,4,9287250698
7842,63462319626,266633,63462586259,8,0,0,435712,8,8027369450
7843,63462327728,274084,63462601812,0,0,0,57856,0,2158845216
7844,63462418834,181834,63462600668,9,0,1,6656,9,3760218474
7845,63462431729,249315,63462681044,9,0,0,39936,9,2976050572
7846,63462501246,203197,63462704443,7,0,1,8704,7,2685363573
7847,63462593552,134233,63462727785,5,0,0,221184,5,1311832293
7848,63462646769,245517,63462892286,5,0,1,4096,5,8972484109
7849,63462731585,83341,63462814926,2,0,1,42496,2,2272370753
7850,63462734025,217133,63462951158,7,0,1,7680,7,9123623313
7851,63462794523,286571,63463081094,5,0,1,33792,5,10393302371
7852,63462807219,381769,63463188988,4,0,1,23552,4,9146724697
7853,63462910762,94843,63463005605,7,0,1,2048,7,10370533640
7854,63462973488,330881,63463304369,8,0,0,147456,8,3098269340
7855,63462988551,177179,63463165730,5,0,1,12288,5,2370320973
7856,63463040698,128191,63463168889,4,0,1,7168,4,5696371220
7857,63463132186,131407,63463263593,5,0,1,16384,5,1699529561
7858,63463157573,562,63463158135,7,0,1,16896,7,7890275502
7859,63463168462,156422,63463324884,5,0,1,8704,5,2535078257
7860,63463290401,209204,63463499605,2,0,0,512,2,2668107730
7861,63463325226,62929,63463388155,0,0,0,102400,0,5297379514
7862,63463537786,79432,63463617218,2,0,1,11264,2,649827080
7863,63463562032,55197,63463617229,3,0,0,92672,3,9746876148
7864,63463588090,85353,63463673443,3,0,1,21504,3,4143444674
7865,63463589630,93995,63463683625,6,0,0,141312,6,8689825180
7866,63463637350,60891,63463698241,2,0,1,512,2,10345353977
7867,63463640525,99312,63463739837,8,0,0,85504,8,2437185537
7868,63463677617,1990,63463679607,5,0,1,6656,5,4509553381
7869,63463726621,129566,63463856187,8,0,1,25600,8,410829763
7870,63463795041,220751,63464015792,2,0,0,2048,2,6966976090
7871,63463836098,59908,63463896006,4,0,1,7680,4,4310032601
7872,63463845690,73483,63463919173,0,0,0,122880,0,3001892635
7873,63463851760,45950,63463897710,9,0,1,5120,9,8588902519
7874,63463864145,135411,63463999556,6,0,1,6144,6,4961062430
7875,63463923830,132554,63464056384,6,0,0,79360,6,2887971797
7876,63463944081,117532,63464061613,3,0,0,184320,3,10094580454
7877,63463953366,146873,63464100239,7,0,1,7680,7,1477120674
7878,63463974828,125422,63464100250,5,0,0,129536,5,6362079657
7879,63464017554,140387,63464157941,9,0,1,20992,9,4261881875
7880,63464035917,112262,63464148179,1,0,1,105472,1,9613619852
7881,63464056614,95699,63464152313,1,0,1,8192,1,2669788679
7882,63464107148,14113,63464121261,9,0,0,181760,9,4108113938
7883,63464124691,126124,63464250815,8,0,1,14336,8,756394689
7884,63464126297,332410,63464458707,2,0,0,4096,2,8021011158
7885,63464161398,248015,63464409413,3,0,1,29696,3,7758081746
7886,63464251263,114660,63464365923,5,0,0,24064,5,6882423368
7887,63464258057,83792,63464341849,4,0,0,139776,4,3110310887
7888,63464273633,374313,63464647946,3,0,1,21504,3,4224954996
7889,63464289670,175004,63464464674,5,0,0,107008,5,7562587856
7890,63464323579,85190,63464408769,4,0,0,270336,4,1127916884
7891,63464444345,162112,63464606457,5,0,0,98816,5,10557180991
7892,63464502524,26724,63464529248,3,0,0,262144,3,980208672
7893,63464539878,13039,63464552917,7,0,1,4608,7,6947808488
7894,63464640818,437146,63465077964,9,0,0,4608,9,824899886
7895,63464655271,248644,63464903915,3,0,0,11776,3,9797355697
7896,63464703855,26475,63464730330,7,0,1,9216,7,4161069259
7897,63464743317,108620,63464851937,8,0,1,14848,8,6837399460
7898,63464764957,249210,63465014167,0,0,0,48128,0,3648718962
7899,63464779081,244734,63465023815,1,0,0,395264,1,7915325693
7900,63464868378,209844,63465078222,6,0,1,3584,6,672763145
7901,63465179684,14800,63465194484,1,0,1,14336,1,8103915712
7902,63465235587,162652,63465398239,8,0,1,512,8,156034223
7903,63465285549,110578,63465396127,6,0,0,28672,6,9432267624
7904,63465460561,85132,63465545693,1,0,1,14848,1,7925518756
7905,63465576815,12562,63465589377,4,0,0,20992,4,3891298385
7906,63465613286,34275,63465647561,2,0,1,7168,2,5731456699
7907,63465616627,66550,63465683177,4,0,0,59904,4,8020720923
7908,63465709590,134491,63465844081,5,0,0,221696,5,7800469393
7909,63465893443,147196,63466040639,1,0,1,74240,1,7585161493
7910,63465989079,232987,63466222066,4,0,0,376832,4,9354482256
7911,63466033911,225264,63466259175,9,0,0,128512,9,2019261103
7912,63466164369,43971,63466208340,8,0,1,7680,8,6844713655
7913,63466194921,26812,63466221733,7,0,1,10240,7,8664448771
7914,63466246409,199372,63466445781,4,0,1,20480,4,8454542915
7915,63466273597,216041,63466489638,8,0,0,72192,8,7924873040
7916,63466301074,174324,63466475398,6,0,0,40960,6,4213940672
7917,63466305179,33198,63466338377,8,0,0,272896,8,481600213
7918,63466400751,59128,63466459879,7,0,1,5120,7,1039898797
7919,63466446651,313210,63466759861,2,0,0,512,2,573857282
7920,63466460993,36900,63466497893,2,0,1,5120,2,9563072234
7921,63466493947,117741,63466611688,8,0,1,8704,8,4068112373
7922,63466522730,212917,63466735647,0,0,0,55808,0,8256410918
7923,63466589808,1038,63466590846,1,0,1,7680,1,7389236328
7924,63466701700,250120,63466951820,5,0,0,1024,5,2206950696
7925,63466711119,207950,63466919069,8,0,0,341504,8,6584092288
7926,63466849771,44232,63466894003,3,0,1,12800,3,8090857464
7927,63466909600,12562,63466922162,6,0,0,72704,6,5113576432
7928,63466953772,66008,63467019780,5,0,0,20992,5,2977413744
7929,63466959642,216976,63467176618,0,0,0,110592,0,10457869102
7930,63467070191,126919,63467197110,5,0,1,50176,5,4821259681
7931,63467092440,48976,63467141416,0,0,0,400384,0,9564865936
7932,63467168655,246729,63467415384,2,0,1,16384,2,5329305929
7933,63467259381,94660,63467354041,8,0,1,15872,8,5880576863
7934,63467261801,224284,63467486085,9,0,1,2048,9,9996747148
7935,63467426067,7702,63467433769,1,0,1,111616,1,2742840099
7936,63467448261,110393,63467558654,7,0,1,19968,7,8539727689
7937,63467518550,290849,63467809399,9,0,0,8192,9,2034621546
7938,63467564937,288670,63467853607,2,0,1,14336,2,595471241
7939,63467595678,78094,63467673772,7,0,1,9216,7,5576584787
7940,63467607394,149915,63467757309,1,0,1,55808,1,4609006146
7941,63467664680,245608,63467910288,2,0,1,17920,2,10401840873
7942,63467790742,307221,63468097963,1,0,0,498176,1,5887693204
7943,63467848386,270980,63468119366,1,0,0,69632,1,6525643156
7944,63467874919,271868,63468146787,8,0,0,100864,8,10586019643
7945,63467875861,275809,63468151670,3,0,1,12288,3,7009142393
7946,63467899010,273018,63468172028,6,0,0,69120,6,10206080419
7947,63467967727,406016,63468373743,8,0,0,583680,8,1527410472
7948,63468059429,305862,63468365291,7,0,1,15872,7,2790591043
7949,63468114232,95283,63468209515,5,0,0,156160,5,4648569971
7950,63468268685,80744,63468349429,3,0,1,25600,3,1776000077
7951,63468404792,52409,63468457201,5,0,1,18432,5,5206385933
7952,63468421810,320456,63468742266,1,0,0,158720,1,6627787814
7953,63468447895,43883,63468491778,3,0,0,47104,3,7859193187
7954,63468468368,33426,63468501794,2,0,1,10240,2,9692468262
7955,63468477216,551666,63469028882,2,0,0,1536,2,3599868255
7956,63468531684,150949,63468682633,2,0,1,6656,2,3748621263
7957,63468559888,5322,63468565210,4,0,0,75264,4,3809881793
7958,63468572291,316028,63468888319,0,0,0,3072,0,7492019834
7959,63468577571,167888,63468745459,7,0,1,9216,7,5252667259
7960,63468611139,259436,63468870575,1,0,1,226304,1,7175302221
7961,63468627017,237763,63468864780,2,0,0,5632,2,8640333018
7962,63468696786,225334,63468922120,6,0,1,3584,6,6798959688
7963,63468728735,415322,63469144057,4,0,1,6144,4,7478102538
7964,63468751080,276188,63469027268,7,0,1,2560,7,6632994542
7965,63468824028,203251,63469027279,0,0,0,279040,0,5277642640
7966,63468853452,173838,63469027290,9,0,0,28160,9,9597186961
7967,63468920016,107285,63469027301,3,0,0,74240,3,5199504883
7968,63468936548,122121,63469058669,4,0,1,1536,4,227869579
7969,63468951583,240515,63469192098,6,0,1,16384,6,6181683498
7970,63468958976,155344,63469114320,8,0,0,88064,8,7603107368
7971,63468969688,258191,63469227879,0,0,0,281600,0,9423327934
7972,63469044200,298932,63469343132,1,0,1,48128,1,1582946862
7973,63469056923,101020,63469157943,1,0,1,161792,1,8309625311
7974,63469068236,319300,63469387536,2,0,1,7680,2,10263359563
7975,63469087583,335943,63469423526,1,0,1,51200,1,9220570776
7976,63469148057,122904,63469270961,5,0,0,68608,5,1896610624
7977,63469302615,171803,63469474418,7,0,1,4608,7,1400589140
7978,63469307697,481417,63469789114,9,0,0,199168,9,5210440814
7979,63469320538,217829,63469538367,1,0,0,200704,1,6023177343
7980,63469359108,24238,63469383346,4,0,1,48128,4,8638610514
7981,63469410213,214999,63469625212,6,0,1,38400,6,5879765067
7982,63469451075,174936,63469626011,7,0,1,2560,7,4056193875
7983,63469489031,70151,63469559182,4,0,1,5632,4,1056191434
7984,63469491509,284718,63469776227,4,0,1,8192,4,1974832947
7985,63469533417,140565,63469673982,6,0,1,88064,6,5106966064
7986,63469555156,93733,63469648889,7,0,1,76800,7,7119748614
7987,63469558367,222577,63469780944,9,0,1,8192,9,8468863203
7988,63469568610,290429,63469859039,3,0,0,40448,3,9231661626
7989,63469591420,151044,63469742464,8,0,1,10240,8,2735301152
7990,63469618095,61378,63469679473,8,0,1,19456,8,206282105
7991,63469654854,362063,63470016917,6,0,0,155648,6,8949110935
7992,63469664578,406478,63470071056,0,0,0,183808,0,9112143125
7993,63469798081,285831,63470083912,1,0,0,99328,1,8702909617
7994,63469800556,72279,63469872835,4,0,1,9728,4,10193387063
7995,63469855609,85675,63469941284,5,0,0,117248,5,8385315815
7996,63469965099,83396,63470048495,0,0,0,143360,0,1614676090
7997,63469973075,53865,63470026940,6,0,0,27136,6,7421267081
7998,63470003886,327470,63470331356,1,0,0,14336,1,4828520969
7999,63470080765,13079,63470093844,8,0,1,4096,8,9858791627
8000,63470232752,218443,63470451195,7,0,1,3072,7,2189602691
8001,63470240724,120971,63470361695,5,0,1,12288,5,466932875
8002,63470246104,132821,63470378925,5,0,0,22016,5,9706356387
8003,63470285905,185920,63470471825,3,0,1,13824,3,7940666048
8004,63470354993,3113,63470358106,5,0,1,3072,5,1099949468
8005,63470425989,124790,63470550779,2,0,0,2560,2,2903158430
8006,63470484663,50668,63470535331,5,0,1,7168,5,1462546513
8007,63470503199,62068,63470565267,3,0,1,2560,3,5599192350
8008,63470545996,82404,63470628400,4,0,1,9728,4,2561532983
8009,63470560947,100843,63470661790,6,0,0,133632,6,821547071
8010,63470563501,362475,63470925976,1,0,0,75776,1,8555691084
8011,63470592238,273252,63470865490,9,0,1,20480,9,1134146685
8012,63470608752,336407,63470945159,9,0,0,417280,9,2671706031
8013,63470621013,396705,63471017718,4,0,0,430592,4,302092495
8014,63470636289,418948,63471055237,8,0,0,122368,8,927190228
8015,63470639452,472504,63471111956,5,0,0,189440,5,1128952496
8016,63470642952,490612,63471133564,4,0,0,70656,4,280618740
8017,63470966655,137638,63471104293,7,0,1,9216,7,4547345026
8018,63471048536,227459,63471275995,5,0,0,178176,5,3179077240
8019,63471097121,46423,63471143544,7,0,1,75776,7,2151581910
8020,63471135357,23776,63471159133,5,0,1,53248,5,772256348
8021,63471147702,16688,63471164390,7,0,0,32256,7,9591123110
8022,63471174508,3641,63471178149,1,0,0,17408,1,7023796399
8023,63471182262,271980,63471454242,2,0,0,1024,2,7797570906
8024,63471213660,288918,63471502578,9,0,1,13312,9,7147418665
8025,63471372495,435583,63471808078,8,0,0,10240,8,6549308452
8026,63471468626,73054,63471541680,4,0,1,24064,4,7332895161
8027,63471470273,76390,63471546663,4,0,0,118784,4,10400813579
8028,63471529360,88998,63471618358,4,0,0,118784,4,87935080
8029,63471538257,88831,63471627088,0,0,0,70144,0,1686898470
8030,63471550278,43351,63471593629,8,0,0,40448,8,3211275282
8031,63471566303,162971,63471729274,5,0,1,11264,5,10291526217
8032,63471596104,116308,63471712412,2,0,0,512,2,7177846944
8033,63471620233,48712,63471668945,4,0,0,193024,4,1887947562
8034,63471698147,286161,63471984308,6,0,0,40960,6,3034336881
8035,63471703766,215877,63471919643,6,0,1,7168,6,2654366788
8036,63471863583,73829,63471937412,9,0,1,7680,9,2703810616
8037,63471871492,562,63471872054,7,0,0,120320,7,188123608
8038,63471905117,159598,63472064715,9,0,1,2560,9,1663476319
8039,63472018253,201688,63472219941,5,0,0,512,5,2773358814
8040,63472103657,65499,63472169156,2,0,1,1536,2,1186297750
8041,63472111131,123794,63472234925,9,0,1,41472,9,6665363120
8042,63472147337,102066,63472249403,7,0,1,24576,7,5128134178
8043,63472166569,119431,63472286000,6,0,1,9728,6,1409081638
8044,63472178559,109480,63472288039,5,0,1,6656,5,4214954340
8045,63472247952,2923,63472250875,8,0,1,36864,8,6951310828
8046,63472275829,104035,63472379864,2,0,1,13824,2,8376936036
8047,63472286146,83284,63472369430,4,0,0,1024,4,3227114602
8048,63472387055,156033,63472543088,4,0,0,257024,4,1003020166
8049,63472390353,311684,63472702037,7,0,0,384000,7,236949024
8050,63472406057,114181,63472520238,1,0,0,704512,1,2324645359
8051,63472476367,611863,63473088230,1,0,1,6144,1,8930065963
8052,63472499470,555047,63473054517,8,0,0,117760,8,9788747350
8053,63472502765,619214,63473121979,3,0,0,136192,3,4319416820
8054,63472712658,593892,63473306550,4,0,0,207872,4,2199674072
8055,63472762436,446261,63473208697,5,0,1,10752,5,6632564942
8056,63472772146,511245,63473283391,6,0,0,407552,6,8299378910
8057,63472805873,488348,63473294221,9,0,0,43520,9,398803494
8058,63472824473,529194,63473353667,1,0,1,15360,1,9326367942
8059,63472829589,531925,63473361514,3,0,0,223744,3,9873263556
8060,63472884383,529639,63473414022,0,0,0,169472,0,7172230625
8061,63472902368,513600,63473415968,2,0,0,3072,2,5386003377
8062,63472909046,512721,63473421767,3,0,0,27648,3,1833774084
8063,63472939370,513451,63473452821,8,0,0,99328,8,9865292274
8064,63473011409,458967,63473470376,4,0,1,18944,4,6928303108
8065,63473036636,408974,63473445610,8,0,1,512,8,7821274017
8066,63473070178,429749,63473499927,8,0,0,84992,8,4528907310
8067,63473076553,416254,63473492807,9,0,0,89088,9,7515428613
8068,63473093914,421173,63473515087,2,0,0,6144,2,3556130215
8069,63473115326,502479,63473617805,0,0,0,93184,0,6813924925
8070,63473119342,270862,63473390204,4,0,1,1536,4,1842006013
8071,63473271436,449741,63473721177,0,0,0,19456,0,3507050986
8072,63473305909,380747,63473686656,3,0,1,44032,3,2159944748
8073,63473310761,406213,63473716974,7,0,0,565760,7,1124774528
8074,63473499212,223356,63473722568,4,0,0,18432,4,5480320169
8075,63473563439,170573,63473734012,4,0,0,38400,4,10646136939
8076,63473583757,228428,63473812185,6,0,0,259584,6,4979832086
8077,63473585126,58265,63473643391,9,0,1,3072,9,7079416132
8078,63473759821,70516,63473830337,4,0,0,19968,4,2193594381
8079,63473779239,4846,63473784085,1,0,0,110592,1,1666545606
8080,63473890733,14113,63473904846,2,0,0,5120,2,4298985794
8081,63474063403,494608,63474558011,8,0,0,24064,8,2999985963
8082,63474089045,111689,63474200734,3,0,1,8704,3,2642440763
8083,63474150216,110059,63474260275,8,0,1,10752,8,9165119231
8084,63474160558,156163,63474316721,9,0,1,6656,9,653801549
8085,63474233929,74604,63474308533,3,0,1,18944,3,1966485735
8086,63474254660,15553,63474270213,8,0,0,121856,8,360875311
8087,63474319817,113688,63474433505,8,0,0,29184,8,6016516367
8088,63474408020,66200,63474474220,8,0,1,16384,8,3823681015
8089,63474434648,52804,63474487452,5,0,0,112128,5,6772001155
8090,63474550647,562,63474551209,6,0,1,7168,6,5972542519
8091,63474555421,226117,63474781538,8,0,0,86016,8,2870431320
8092,63474562965,46725,63474609690,8,0,1,5120,8,374198000
8093,63474600761,164727,63474765488,9,0,1,3072,9,5967865686
8094,63474616575,208376,63474824951,2,0,0,512,2,704365156
8095,63474661740,31003,63474692743,3,0,0,80896,3,8958339012
8096,63474737000,83485,63474820485,3,0,1,49664,3,6326510049
8097,63474770863,307074,63475077937,5,0,1,5120,5,1215065270
8098,63474801941,44141,63474846082,8,0,0,50176,8,6191447745
8099,63474819141,195451,63475014592,1,0,0,75776,1,4255423730
8100,63474860338,72124,63474932462,7,0,0,107008,7,9058589156
8101,63474963745,4416,63474968161,9,0,0,11776,9,2231807737
8102,63474969995,61895,63475031890,4,0,0,100352,4,4506989044
8103,63475029957,6274,63475036231,7,0,1,3584,7,598824992
8104,63475093977,126583,63475220560,2,0,0,6656,2,787802265
8105,63475167784,101812,63475269596,7,0,1,34304,7,2307217998
8106,63475336292,71152,63475407444,5,0,1,14336,5,10202922095
8107,63475340071,51512,63475391583,2,0,1,51200,2,7036325506
8108,63475359302,141923,63475501225,4,0,0,83456,4,3184935247
8109,63475508303,143154,63475651457,5,0,0,231936,5,10107035647
8110,63475565752,270034,63475835786,1,0,0,419840,1,401460602
8111,63475582591,225109,63475807700,3,0,1,16384,3,906194589
8112,63475654310,247104,63475901414,7,0,1,18432,7,7941482232
8113,63475668011,207816,63475875827,9,0,0,184320,9,212250905
8114,63475706092,423730,63476129822,9,0,0,74752,9,1190661563
8115,63475717908,288424,63476006332,9,0,0,283648,9,9441741918
8116,63475816322,25958,63475842280,6,0,1,13824,6,1264776382
8117,63475956918,183413,63476140331,7,0,1,13312,7,7429853839
8118,63475969037,53749,63476022786,6,0,1,2560,6,7500443943
8119,63475971281,50204,63476021485,6,0,1,2560,6,8717990547
8120,63476076479,222556,63476299035,1,0,0,47104,1,8037479452
8121,63476103453,11012,63476114465,4,0,0,91136,4,5792509424
8122,63476117316,398978,63476516294,1,0,0,32768,1,8867872553
8123,63476168809,23374,63476192183,4,0,0,17920,4,9526493909
8124,63476205155,340700,63476545855,6,0,1,53760,6,10294521073
8125,63476209649,11787,63476221436,7,0,0,41984,7,10632215965
8126,63476261038,176114,63476437152,2,0,1,7680,2,10212415617
8127,63476321891,74258,63476396149,5,0,1,34304,5,7378369038
8128,63476347515,112181,63476459696,6,0,0,19456,6,2387879699
8129,63476361722,285341,63476647063,8,0,1,12288,8,1683836260
8130,63476392412,82347,63476474759,7,0,0,124416,7,249251682
8131,63476408160,226646,63476634806,4,0,0,77312,4,2290075310
8132,63476418316,179071,63476597387,0,0,0,232448,0,3660896250
8133,63476429352,189847,63476619199,9,0,0,71680,9,3079583254
8134,63476476885,164126,63476641011,0,0,0,71680,0,2137493669
8135,63476542385,4248,63476546633,8,0,1,19456,8,139034974
8136,63476637109,229901,63476867010,7,0,0,512,7,2759272511
8137,63476675478,1038,63476676516,1,0,1,31744,1,5944916281
8138,63476756064,107902,63476863966,6,0,1,53760,6,10384104949
8139,63476779868,181636,63476961504,7,0,1,7680,7,1328007877
8140,63476851642,288074,63477139716,7,0,0,1024,7,4631196542
8141,63476899086,80497,63476979583,8,0,1,2560,8,9543774153
8142,63476967183,43900,63477011083,5,0,1,512,5,345289239
8143,63477034537,43900,63477078437,8,0,1,2560,8,10650045742
8144,63477057254,47284,63477104538,4,0,1,512,4,1732753367
8145,63477099771,171519,63477271290,4,0,1,1536,4,9453587328
8146,63477256095,562,63477256657,0,0,0,512,0,619949882
8147,63477317185,24925,63477342110,6,0,0,45056,6,1787337712
8148,63477318079,46382,63477364461,0,0,0,58368,0,2693112023
8149,63477343095,12733,63477355828,3,0,1,3072,3,7525971543
8150,63477367641,58068,63477425709,6,0,0,24576,6,2450041817
8151,63477413090,124196,63477537286,6,0,0,201728,6,1140020841
8152,63477413207,139837,63477553044,3,0,0,50688,3,9196526717
8153,63477518501,105601,63477624102,3,0,1,6144,3,1321441395
8154,63477557370,121612,63477678982,5,0,0,196608,5,8956374374
8155,63477624141,71316,63477695457,9,0,0,62464,9,4149778371
8156,63477677846,18917,63477696763,1,0,0,2048,1,6046674140
8157,63477692020,64650,63477756670,3,0,1,2048,3,162550132
8158,63477787815,38033,63477825848,9,0,0,109056,9,3795734203
8159,63477815815,176624,63477992439,4,0,0,14848,4,7506077925
8160,63477887116,1038,63477888154,7,0,0,1024,7,6570567403
8161,63477938342,156033,63478094375,4,0,0,257024,4,1666969743
8162,63478069435,41722,63478111157,5,0,0,55808,5,1580321107
8163,63478138339,26217,63478164556,8,0,0,47616,8,1066661577
8164,63478148920,249155,63478398075,2,0,0,397312,2,3264513665
8165,63478156507,304137,63478460644,8,0,0,201216,8,3273884008
8166,63478292656,178306,63478470962,1,0,0,40960,1,8241218309
8167,63478305031,167877,63478472908,0,0,0,3072,0,1620213981
8168,63478408143,85758,63478493901,1,0,0,67584,1,7619784481
8169,63478516580,97350,63478613930,8,0,0,162816,8,10060285485
8170,63478603426,87583,63478691009,7,0,1,27648,7,4052301347
8171,63478658130,195080,63478853210,2,0,1,512,2,5625304461
8172,63478718831,144874,63478863705,1,0,0,238592,1,1815821847
8173,63478813303,66467,63478879770,1,0,0,52224,1,2550260600
8174,63478840778,140081,63478980859,6,0,1,20992,6,7304793406
8175,63478924448,246003,63479170451,5,0,1,7168,5,5635690244
8176,63479140905,64228,63479205133,5,0,1,11776,5,3038621715
8177,63479186562,12821,63479199383,4,0,1,26112,4,3481914404
8178,63479224847,91636,63479316483,6,0,0,21504,6,851534663
8179,63479260532,92529,63479353061,4,0,0,150016,4,4580822683
8180,63479300829,244051,63479544880,6,0,0,391168,6,302208950
8181,63479365634,218293,63479583927,4,0,1,11264,4,7561509441
8182,63479376713,394245,63479770958,0,0,0,559104,0,8223420108
8183,63479454104,322141,63479776245,5,0,0,16896,5,8041122984
8184,63479465963,295864,63479761827,6,0,1,41984,6,1685934650
8185,63479475831,401866,63479877697,1,0,1,367104,1,382764790
8186,63479478308,135647,63479613955,3,0,1,10752,3,9456570715
8187,63479481687,573188,63480054875,7,0,0,2048,7,3426737337
8188,63479496391,178416,63479674807,4,0,1,8704,4,5996921832
8189,63479665688,385397,63480051085,6,0,1,6656,6,6163318479
8190,63479732193,557365,63480289558,0,0,0,214528,0,3072920074
8191,63479825376,578743,63480404119,8,0,1,1536,8,8084269599
8192,63479870622,130907,63480001529,5,0,0,179200,5,6929707045
8193,63479941961,234140,63480176101,3,0,0,30720,3,589597367
8194,63479980485,172904,63480153389,1,0,1,28672,1,2455921573
8195,63479994396,390210,63480384606,2,0,1,1024,2,7955992004
8196,63480041732,173431,63480215163,3,0,0,238592,3,2823164537
8197,63480048156,154015,63480202171,1,0,0,32768,1,4445417233
8198,63480088689,266938,63480355627,3,0,1,10752,3,7482057823
8199,63480101159,282591,63480383750,2,0,1,1024,2,2967064856
8200,63480133837,184312,63480318149,2,0,0,433664,2,6708758280
8201,63480184419,333800,63480518219,2,0,1,16896,2,5836824006
8202,63480222308,143490,63480365798,7,0,1,38400,7,8518204745
8203,63480247976,306945,63480554921,9,0,0,59392,9,6049639884
8204,63480305170,371014,63480676184,1,0,0,53760,1,2644327688
8205,63480342092,259025,63480601117,8,0,1,10240,8,1949748312
8206,63480368897,1514,63480370411,1,0,1,35328,1,5847310042
8207,63480604241,45592,63480649833,8,0,0,1536,8,397996673
8208,63480611445,32037,63480643482,7,0,1,1024,7,5718537636
8209,63480691862,45175,63480737037,6,0,0,52224,6,10693315833
8210,63480710449,422543,63481132992,9,0,0,77824,9,6883698626
8211,63480719177,209587,63480928764,8,0,0,315392,8,5699076985
8212,63480742123,223443,63480965566,6,0,0,126976,6,5157017909
8213,63480825299,301835,63481127134,6,0,0,422400,6,5701207997
8214,63480830843,307633,63481138476,4,0,0,46080,4,9932941509
8215,63480883332,203314,63481086646,1,0,1,228352,1,10115628232
8216,63481018775,195508,63481214283,1,0,0,277504,1,8296606890
8217,63481024017,216227,63481240244,8,0,1,54272,8,1408062187
8218,63481031868,269046,63481300914,4,0,0,25088,4,4242362655
8219,63481037992,485237,63481523229,3,0,0,95744,3,5270500207
8220,63481042404,472422,63481514826,6,0,0,183808,6,2544346137
8221,63481087278,745955,63481833233,4,0,1,64512,4,9757578810
8222,63481226341,406077,63481632418,5,0,1,10240,5,5423665978
8223,63481295999,349530,63481645529,3,0,1,11776,3,2558131590
8224,63481305049,338800,63481643849,1,0,1,119808,1,4425789864
8225,63481368322,243970,63481612292,4,0,0,552960,4,5706463541
8226,63481426250,229188,63481655438,2,0,1,11776,2,3449244461
8227,63481474494,439597,63481914091,3,0,0,37888,3,10512134731
8228,63481549885,597313,63482147198,2,0,1,48128,2,361404372
8229,63481617276,484592,63482101868,8,0,0,346624,8,111801034
8230,63481641106,434514,63482075620,8,0,0,550400,8,10045101149
8231,63481880997,206088,63482087085,3,0,1,15360,3,1016813877
8232,63481900382,83063,63481983445,3,0,0,98304,3,7564210019
8233,63482029616,53483,63482083099,6,0,0,29696,6,4120544190
8234,63482036876,61175,63482098051,9,0,1,12800,9,2789614703
8235,63482070128,1990,63482072118,4,0,0,35840,4,9135224868
8236,63482083122,403068,63482486190,9,0,0,74240,9,9296622687
8237,63482176756,261681,63482438437,7,0,0,2048,7,7011962849
8238,63482361466,102137,63482463603,4,0,0,165376,4,8275279790
8239,63482444046,139532,63482583578,9,0,1,15360,9,537724466
8240,63482447549,166158,63482613707,6,0,0,273408,6,4503769227
8241,63482472809,78770,63482551579,8,0,1,15360,8,1248441781
8242,63482527149,182957,63482710106,7,0,1,15360,7,6708132279
8243,63482541146,13596,63482554742,0,0,0,29696,0,334211796
8244,63482547785,122056,63482669841,1,0,1,291840,1,677095748
8245,63482618677,126175,63482744852,9,0,0,23040,9,1673483229
8246,63482664212,146335,63482810547,9,0,0,208896,9,8981397406
8247,63482690301,59105,63482749406,4,0,0,147456,4,4826378658
8248,63482707913,479510,63483187423,4,0,1,8704,4,3728320384
8249,63482798422,322045,63483120467,2,0,0,75264,2,383987494
8250,63482842467,187526,63483029993,8,0,0,201216,8,2822309014
8251,63482952635,213457,63483166092,1,0,0,603648,1,865375933
8252,63482953415,447340,63483400755,0,0,0,208384,0,4047259175
8253,63482954437,508924,63483463361,3,0,0,14848,3,4642884729
8254,63483019693,509285,63483528978,4,0,1,13312,4,3953621033
8255,63483205050,305228,63483510278,1,0,0,148992,1,2649220155
8256,63483350982,181416,63483532398,3,0,0,73216,3,9446419634
8257,63483360917,32295,63483393212,5,0,1,44032,5,8888646807
8258,63483460663,4158,63483464821,3,0,1,43520,3,3958703757
8259,63483634829,395153,63484029982,3,0,0,52736,3,9453330456
8260,63483723730,330553,63484054283,0,0,0,11264,0,2065767390
8261,63483900774,92524,63483993298,5,0,1,18944,5,7391695861
8262,63483912142,81167,63483993309,3,0,0,131072,3,183281424
8263,63483965214,71245,63484036459,5,0,0,115200,5,833592064
8264,63483974932,221972,63484196904,0,0,0,322560,0,8155518253
8265,63484008996,198942,63484207938,1,0,0,36352,1,7223017006
8266,63484016094,198462,63484214556,1,0,0,31744,1,5977038791
8267,63484029360,237806,63484267166,0,0,0,178176,0,6839719077
8268,63484086799,273939,63484360738,3,0,0,300544,3,4250635709
8269,63484089057,252070,63484341127,1,0,1,36864,1,2095743083
8270,63484124835,214657,63484339492,1,0,0,52736,1,2121793810
8271,63484163554,340795,63484504349,7,0,0,2048,7,2621995553
8272,63484246106,149802,63484395908,5,0,1,2560,5,6919718645
8273,63484285231,122379,63484407610,9,0,0,181760,9,1488835089
8274,63484322972,220077,63484543049,3,0,0,40960,3,6543847346
8275,63484395903,71363,63484467266,2,0,0,80384,2,8057231459
8276,63484412326,194766,63484607092,7,0,1,2048,7,4695398394
8277,63484449176,2466,63484451642,9,0,1,1536,9,5915727635
8278,63484470085,34016,63484504101,3,0,1,25600,3,4186630977
8279,63484515647,32653,63484548300,1,0,1,136192,1,1444504933
8280,63484687592,328694,63485016286,7,0,0,2560,7,8575264476
8281,63484698311,387774,63485086085,1,0,0,59392,1,651682668
8282,63484700238,76048,63484776286,1,0,0,10752,1,3148355143
8283,63484786984,398948,63485185932,2,0,1,10240,2,203737350
8284,63484873985,4846,63484878831,5,0,1,54784,5,3960422506
8285,63484896847,93652,63484990499,8,0,1,1536,8,8233323164
8286,63484949308,244725,63485194033,2,0,0,5120,2,1087276190
8287,63485082340,50737,63485133077,5,0,0,81920,5,3529836048
8288,63485088250,52360,63485140610,5,0,1,5632,5,286821596
8289,63485133667,104701,63485238368,3,0,1,3072,3,6097827522
8290,63485305851,53749,63485359600,8,0,0,91136,8,6221704813
8291,63485481605,45592,63485527197,9,0,1,1024,9,9832900812
8292,63485572050,84729,63485656779,6,0,0,138240,6,7647788966
8293,63485577008,190798,63485767806,6,0,0,248832,6,10616698739
8294,63485588820,190532,63485779352,0,0,0,47104,0,660867452
8295,63485603669,187434,63485791103,4,0,0,39936,4,6816052848
8296,63485737582,63187,63485800769,8,0,1,15872,8,1674777960
8297,63485918182,260382,63486178564,4,0,0,102912,4,5243015929
8298,63486028140,15833,63486043973,4,0,0,30720,4,4122861169
8299,63486062213,36083,63486098296,8,0,1,36864,8,2017471363
8300,63486079408,102592,63486182000,4,0,0,63488,4,7477341396
8301,63486106500,84471,63486190971,9,0,0,137728,9,8637564042
8302,63486151966,49835,63486201801,2,0,0,35328,2,9742578729
8303,63486346235,12045,63486358280,5,0,0,19968,5,7761166994
8304,63486347309,48683,63486395992,6,0,0,74752,6,7762466376
8305,63486368131,182104,63486550235,8,0,0,608256,8,6853431244
8306,63486387818,309592,63486697410,4,0,0,12288,4,5939977453
8307,63486443406,384878,63486828284,3,0,1,16384,3,8224049502
8308,63486447232,365202,63486812434,7,0,1,24576,7,5803371628
8309,63486454616,298415,63486753031,3,0,0,11776,3,7176391568
8310,63486467667,335910,63486803577,1,0,0,213504,1,10334470459
8311,63486502178,351826,63486854004,0,0,0,410112,0,4176960080
8312,63486516785,318518,63486835303,8,0,0,27136,8,9057977357
8313,63486522995,445794,63486968789,3,0,1,17408,3,928470853
8314,63486540872,436884,63486977756,2,0,1,13312,2,1428271646
8315,63486602019,304860,63486906879,5,0,0,201216,5,6690087549
8316,63486612514,414219,63487026733,9,0,1,18432,9,2288496566
8317,63486692913,363688,63487056601,3,0,1,10752,3,7530345990
8318,63486710191,225781,63486935972,8,0,0,185856,8,4185882307
8319,63486748886,109699,63486858585,9,0,1,31232,9,9245297869
8320,63486768291,348280,63487116571,8,0,1,22528,8,4149935112
8321,63486810314,360015,63487170329,5,0,1,10240,5,8303789909
8322,63486849404,234348,63487083752,7,0,0,2048,7,7816123839
8323,63486890547,545382,63487435929,2,0,1,9216,2,3420942894
8324,63486898938,222862,63487121800,9,0,1,3584,9,3287164176
8325,63486967112,80120,63487047232,1,0,0,2560,1,3595600671
8326,63486992193,331171,63487323364,4,0,0,360448,4,9182918230
8327,63487053317,446951,63487500268,4,0,1,2560,4,9565178434
8328,63487136241,248692,63487384933,7,0,0,2048,7,7748155992
8329,63487172619,368785,63487541404,9,0,1,14336,9,7477658900
8330,63487391407,44141,63487435548,5,0,1,29696,5,8240987084
8331,63487475826,5798,63487481624,2,0,0,75776,2,3427127292
8332,63487533119,51253,63487584372,5,0,0,6144,5,1937664487
8333,63487548783,23633,63487572416,4,0,0,82944,4,8973809253
8334,63487591408,241911,63487833319,8,0,0,42496,8,4464745079
8335,63487635321,14541,63487649862,9,0,0,28160,9,4897189711
8336,63487785317,123162,63487908479,2,0,0,199680,2,6168724668
8337,63487797387,127874,63487925261,1,0,0,64000,1,7953498848
8338,63487799747,85888,63487885635,1,0,1,134656,1,8605403404
8339,63487845070,69595,63487914665,5,0,0,18944,5,9158739437
8340,63487863933,93045,63487956978,3,0,1,30720,3,9752016889
8341,63487873114,32983,63487906097,0,0,0,48128,0,7886820837
8342,63487908196,362059,63488270255,5,0,1,3584,5,4182001231
8343,63487941007,269375,63488210382,8,0,0,151040,8,7972253063
8344,63488024903,339714,63488364617,0,0,0,57344,0,451755836
8345,63488150228,91026,63488241254,3,0,1,16384,3,4212738931
8346,63488170897,121612,63488292509,1,0,0,196608,1,1451905901
8347,63488219349,73826,63488293175,7,0,0,1024,7,6710033245
8348,63488240134,154132,63488394266,1,0,0,247808,1,7785137786
8349,63488270602,66036,63488336638,9,0,1,10240,9,6123454963
8350,63488329216,37896,63488367112,7,0,0,1536,7,1173306221
8351,63488370675,1038,63488371713,2,0,1,6144,2,8316122634
8352,63488373114,44488,63488417602,0,0,0,58880,0,1214341085
8353,63488445704,172074,63488617778,7,0,0,1024,7,8426151489
8354,63488464662,288755,63488753417,8,0,1,46592,8,2333822995
8355,63488471581,11270,63488482851,8,0,1,9216,8,9004299913
8356,63488483169,190219,63488673388,1,0,0,73216,1,1464863609
8357,63488571574,242858,63488814432,4,0,1,2048,4,10244007836
8358,63488591663,176275,63488767938,3,0,0,18432,3,860575072
8359,63488679750,96575,63488776325,0,0,0,161280,0,4294019169
8360,63488685281,20626,63488705907,1,0,1,549888,1,3109391179
8361,63488757005,12083,63488769088,7,0,0,2048,7,7748804611
8362,63488766214,56075,63488822289,9,0,0,1024,9,449637316
8363,63488776786,34791,63488811577,1,0,1,108544,1,7403897567
8364,63488795228,402985,63489198213,5,0,1,68096,5,9018394908
8365,63488888802,191316,63489080118,7,0,1,16896,7,2581836279
8366,63488896504,11270,63488907774,6,0,0,95744,6,4245291725
8367,63488952171,494254,63489446425,1,0,0,60928,1,4838892848
8368,63489005215,199210,63489204425,1,0,1,13824,1,9002826816
8369,63489006908,756857,63489763765,6,0,0,283648,6,294114273
8370,63489074025,219270,63489293295,4,0,1,7168,4,5883712818
8371,63489205537,441157,63489646694,5,0,0,18432,5,6990119479
8372,63489221411,562745,63489784156,9,0,1,64000,9,7721561672
8373,63489222879,237778,63489460657,2,0,0,87552,2,587944379
8374,63489309394,196535,63489505929,2,0,1,11776,2,5185814266
8375,63489311141,265012,63489576153,3,0,1,38400,3,5441434721
8376,63489350648,185879,63489536527,5,0,0,155136,5,205774000
8377,63489392918,384990,63489777908,6,0,0,104448,6,9584239289
8378,63489416483,178131,63489594614,9,0,1,40960,9,5153354109
8379,63489428281,34708,63489462989,0,0,0,70656,0,5350778344
8380,63489571715,6374,63489578089,2,0,0,5120,2,5633095871
8381,63489605491,301873,63489907364,1,0,0,13824,1,10624918548
8382,63489708442,143773,63489852215,8,0,1,3584,8,9633974143
8383,63489751022,408729,63490159751,0,0,0,662528,0,3465887883
8384,63489959695,205548,63490165243,9,0,0,17920,9,1877646241
8385,63489983292,233947,63490217239,9,0,0,175104,9,10604762576
8386,63490079262,159585,63490238847,3,0,0,70656,3,10239805992
8387,63490126923,116904,63490243827,2,0,1,7680,2,4756033409
8388,63490127640,103177,63490230817,4,0,0,18944,4,3785543282
8389,63490129483,81335,63490210818,2,0,1,24576,2,9405544266
8390,63490139526,50559,63490190085,4,0,1,46592,4,8756862185
8391,63490152614,45433,63490198047,8,0,1,48128,8,7893828397
8392,63490162155,244538,63490406693,3,0,0,66560,3,1864931796
8393,63490187543,249477,63490437020,7,0,0,5632,7,2296732514
8394,63490222505,5967,63490228472,6,0,0,6656,6,9787699016
8395,63490273219,197585,63490470804,2,0,1,2560,2,6308004441
8396,63490309025,368315,63490677340,5,0,0,78336,5,4523620265
8397,63490380617,380219,63490760836,2,0,0,14848,2,3231497609
8398,63490493649,159592,63490653241,5,0,0,239616,5,6611515116
8399,63490496469,207084,63490703553,8,0,1,27136,8,9443699267
8400,63490520528,183340,63490703868,2,0,1,30720,2,4874706428
8401,63490570255,562,63490570817,4,0,1,11776,4,8254242861
8402,63490592631,4416,63490597047,2,0,1,1024,2,711513115
8403,63490605112,333953,63490939065,5,0,1,56832,5,4068016536
8404,63490788544,289206,63491077750,3,0,1,35840,3,4287970324
8405,63490790002,328665,63491118667,7,0,0,512,7,9780108249
8406,63490797551,141141,63490938692,7,0,1,9216,7,5493193106
8407,63490808378,171906,63490980284,1,0,1,43008,1,3465931613
8408,63490830890,165718,63490996608,4,0,0,11776,4,2243745235
8409,63491040680,113983,63491154663,0,0,0,188416,0,3743656166
8410,63491079622,75809,63491155431,3,0,0,11776,3,7042218940
8411,63491244173,41645,63491285818,3,0,1,12800,3,2166164652
8412,63491254270,75292,63491329562,3,0,0,67584,3,9212484017
8413,63491264066,167395,63491431461,9,0,0,258048,9,10552052540
8414,63491285646,146686,63491432332,0,0,0,12288,0,4911563067
8415,63491321803,141629,63491463432,7,0,1,9216,7,2414447734
8416,63491359587,180430,63491540017,8,0,1,17408,8,2942633285
8417,63491667862,24238,63491692100,3,0,1,10240,3,7896539550
8418,63491690259,76048,63491766307,0,0,0,40448,0,10723788844
8419,63491707546,77043,63491784589,0,0,0,408576,0,1186722534
8420,63491786606,249225,63492035831,1,0,0,2560,1,10582109213
8421,63491817593,171791,63491989384,4,0,1,6144,4,4944072201
8422,63491846684,15833,63491862517,4,0,1,24064,4,9192598384
8423,63491970448,37459,63492007907,6,0,0,30720,6,3275762440
8424,63491974177,194264,63492168441,2,0,0,51712,2,3110219494
8425,63491998653,50737,63492049390,2,0,0,81920,2,460809438
8426,63492048535,81628,63492130163,6,0,0,132096,6,7479991689
8427,63492070461,65808,63492136269,2,0,0,20992,2,333781903
8428,63492116331,30563,63492146894,9,0,0,42496,9,3910273425
8429,63492241147,36342,63492277489,3,0,1,15872,3,8257560983
8430,63492296711,116663,63492413374,4,0,0,64000,4,6292764611
8431,63492494673,6484,63492501157,1,0,1,220672,1,1699740005
8432,63492495270,1514,63492496784,0,0,0,15872,0,4665360280
8433,63492577014,207748,63492784762,7,0,1,5120,7,2068734934
8434,63492629181,126978,63492756159,7,0,0,1536,7,8519682115
8435,63492692756,234348,63492927104,1,0,0,360960,1,4432754876
8436,63492727907,316831,63493044738,5,0,1,36864,5,6801205923
8437,63492773700,386638,63493160338,1,0,1,120320,1,8092684680
8438,63492879964,237400,63493117364,7,0,1,9216,7,4034768613
8439,63492901147,222312,63493123459,3,0,1,19968,3,322781703
8440,63492974355,176208,63493150563,3,0,1,12800,3,7684834482
8441,63493120952,41904,63493162856,5,0,1,5120,5,7478302539
8442,63493124830,26563,63493151393,5,0,0,68096,5,2471133167
8443,63493141042,61627,63493202669,3,0,0,12288,3,9860662884
8444,63493197705,48976,63493246681,8,0,1,33792,8,488132808
8445,63493223710,114604,63493338314,4,0,1,2048,4,2985497077
8446,63493261351,20718,63493282069,2,0,1,76288,2,9617028149
8447,63493329281,85348,63493414629,4,0,1,5632,4,3618768074
8448,63493365724,1418,63493367142,6,0,0,16896,6,5521254765
8449,63493392826,233232,63493626058,8,0,1,15872,8,877504237
8450,63493413765,82145,63493495910,7,0,0,512,7,8522741200
8451,63493441304,79447,63493520751,2,0,1,2560,2,907477029
8452,63493528790,52360,63493581150,4,0,1,14336,4,6916492383
8453,63493558085,89584,63493647669,2,0,1,3072,2,4135899562
8454,63493619671,5967,63493625638,2,0,0,14848,2,4571950057
8455,63493675911,91276,63493767187,9,0,1,14848,9,786253442
8456,63493680472,124454,63493804926,6,0,0,202240,6,8341825900
8457,63493709898,101749,63493811647,3,0,0,24064,3,5547551107
8458,63493733521,84232,63493817753,5,0,0,29184,5,5111471130
8459,63493742580,6501,63493749081,4,0,1,45056,4,4625832164
8460,63493749855,199194,63493949049,7,0,1,4608,7,5847377872
8461,63493813198,136300,63493949498,3,0,0,3072,3,340853997
8462,63493826347,237225,63494063572,1,0,0,225280,1,6766419760
8463,63493902574,111557,63494014131,0,0,0,172544,0,6252090111
8464,63494026605,68858,63494095463,2,0,1,6656,2,3003544404
8465,63494116475,33758,63494150233,3,0,1,11776,3,7602562376
8466,63494132108,189113,63494321221,6,0,0,58880,6,5360489368
8467,63494151914,23979,63494175893,1,0,1,40960,1,8207114503
8468,63494282289,235770,63494518059,3,0,0,39936,3,2236537725
8469,63494353940,22858,63494376798,3,0,1,512,3,7859239020
8470,63494399857,109704,63494509561,4,0,0,40960,4,4771232687
8471,63494448377,93821,63494542198,3,0,0,152576,3,5287521635
8472,63494518912,272684,63494791596,2,0,1,11264,2,6075178907
8473,63494563277,245437,63494808714,9,0,0,397824,9,3747475293
8474,63494568298,257095,63494825393,4,0,0,55296,4,6359359166
8475,63494623443,150963,63494774406,4,0,1,26112,4,9328782239
8476,63494675416,267024,63494942440,7,0,0,1536,7,2166503929
8477,63494706279,264030,63494970309,4,0,1,18432,4,8693299683
8478,63494939751,25958,63494965709,4,0,1,11776,4,6803196155
8479,63494949404,44056,63494993460,3,0,1,1024,3,8806243195
8480,63494962286,122750,63495085036,1,0,0,47104,1,6653749318
8481,63495100026,20362,63495120388,1,0,0,32768,1,571436200
8482,63495153847,56333,63495210180,9,0,0,96256,9,5985131677
8483,63495235100,154902,63495390002,1,0,1,134656,1,70450073
8484,63495307834,134020,63495441854,4,0,1,40448,4,8618486322
8485,63495313395,152762,63495466157,6,0,0,247296,6,5603032331
8486,63495488804,22946,63495511750,3,0,0,37888,3,3100513038
8487,63495509573,1514,63495511087,1,0,1,87040,1,8846971158
8488,63495542189,188150,63495730339,7,0,0,1536,7,5763006183
8489,63495630319,71970,63495702289,2,0,1,5120,2,1000795804
8490,63495664401,91237,63495755638,4,0,0,147456,4,10657699232
8491,63495680884,25442,63495706326,8,0,1,39424,8,7225315261
8492,63495767266,5708,63495772974,4,0,0,46080,4,1481586292
8493,63495843045,102909,63495945954,8,0,1,13312,8,5934014796
8494,63495880829,281338,63496162167,1,0,1,407552,1,1700937718
8495,63495922124,5798,63495927922,6,0,0,14336,6,10671429781
8496,63495942521,376683,63496319204,3,0,1,10752,3,606212099
8497,63495978868,318278,63496297146,9,0,1,17408,9,101558675
8498,63496028395,128079,63496156474,7,0,0,6144,7,2198643243
8499,63496132731,287257,63496419988,3,0,0,69120,3,8690941270
8500,63496375409,3641,63496379050,4,0,0,10240,4,3992333619
8501,63496390947,1038,63496391985,3,0,1,40448,3,1918598309
8502,63496411368,116425,63496527793,8,0,1,44032,8,7499701193
8503,63496447200,135385,63496582585,7,0,0,1024,7,9659910858
8504,63496537663,54674,63496592337,7,0,1,1024,7,2869578656
8505,63496646758,99628,63496746386,7,0,1,27136,7,57473116
8506,63496660411,217402,63496877813,1,0,1,353792,1,3994031304
8507,63496668211,347125,63497015336,8,0,1,4608,8,290929988
8508,63496807863,205612,63497013475,2,0,1,19456,2,10536813937
8509,63496808422,209432,63497017854,3,0,1,14336,3,10195156870
8510,63496983755,39799,63497023554,5,0,0,14336,5,9923841175
8511,63497222792,106442,63497329234,5,0,0,177152,5,9119823840
8512,63497224089,106221,63497330310,4,0,0,13312,4,6649309603
8513,63497234011,102712,63497336723,4,0,0,22528,4,6534052626
8514,63497251945,204693,63497456638,7,0,1,15872,7,2192402422
8515,63497353212,121612,63497474824,0,0,0,196608,0,1140154495
8516,63497389380,132819,63497522199,4,0,0,161280,4,7464987491
8517,63497428462,88392,63497516854,7,0,1,2560,7,6034864411
8518,63497435113,144449,63497579562,7,0,0,2048,7,8789502894
8519,63497575120,103170,63497678290,5,0,1,3072,5,4536043151
8520,63497592393,239285,63497831678,9,0,0,167424,9,10135574726
8521,63497695047,155346,63497850393,3,0,1,20480,3,2045040301
8522,63497721119,162884,63497884003,2,0,0,252416,2,7128908765
8523,63497760239,254044,63498014283,9,0,0,157696,9,7473335953
8524,63497885862,73551,63497959413,4,0,0,116224,4,7231550247
8525,63497924002,55995,63497979997,2,0,0,73728,2,8486159167
8526,63497950791,59752,63498010543,5,0,1,7168,5,2927913019
8527,63498034415,247525,63498281940,7,0,1,8192,7,9475390854
8528,63498123680,64204,63498187884,8,0,1,16896,8,310745050
8529,63498244419,56592,63498301011,7,0,1,6656,7,208282952
8530,63498264880,270489,63498535369,9,0,0,96768,9,2790844914
8531,63498291839,223330,63498515169,4,0,1,9728,4,10501945994
8532,63498456471,68524,63498524995,4,0,1,10752,4,5121862479
8533,63498632271,65683,63498697954,9,0,0,111104,9,3771350660
8534,63498639413,52287,63498691700,4,0,1,12288,4,5307204829
8535,63498676159,35937,63498712096,5,0,1,46080,5,4955066721
8536,63498700153,157511,63498857664,3,0,0,84992,3,769716556
8537,63498718449,140277,63498858726,2,0,0,3072,2,10192118963
8538,63498766956,49491,63498816447,0,0,0,68096,0,5486069870
8539,63498898216,32037,63498930253,2,0,1,14848,2,10013945666
8540,63498911338,10237,63498921575,9,0,0,52224,9,4945539252
8541,63498956876,34363,63498991239,4,0,0,16384,4,8921245841
8542,63498966749,206678,63499173427,5,0,0,56832,5,3911484647
8543,63499100606,28688,63499129294,3,0,0,44032,3,5295506675
8544,63499117987,21912,63499139899,3,0,1,3072,3,1944165295
8545,63499135934,31262,63499167196,9,0,0,35840,9,2746714067
8546,63499166842,141434,63499308276,1,0,0,50688,1,4246449973
8547,63499242030,52029,63499294059,4,0,0,84480,4,844791371
8548,63499336918,50737,63499387655,1,0,1,36864,1,6309233838
8549,63499368581,188426,63499557007,6,0,0,81920,6,8912170149
8550,63499441023,136011,63499577034,5,0,1,13824,5,3220041661
8551,63499543643,76842,63499620485,9,0,0,129536,9,2731766677
8552,63499611614,3418,63499615032,5,0,1,4608,5,8065630979
8553,63499619603,78775,63499698378,4,0,1,512,4,9128324103
8554,63499626998,200300,63499827298,5,0,0,3584,5,9921531551
8555,63499763518,92012,63499855530,6,0,0,148992,6,7855528756
8556,63499779868,81359,63499861227,6,0,0,18944,6,9904509383
8557,63499887255,70987,63499958242,6,0,0,114688,6,842271351
8558,63499905995,67698,63499973693,5,0,0,57344,5,8368607126
8559,63500213666,72664,63500286330,3,0,1,9216,3,7995253123
8560,63500295252,22946,63500318198,9,0,0,37888,9,9220422020
8561,63500355695,2866,63500358561,4,0,0,8704,4,2152936561
8562,63500363288,2942,63500366230,7,0,0,3072,7,2609314439
8563,63500536227,98692,63500634919,7,0,1,24064,7,9424353587
8564,63500620770,32554,63500653324,2,0,0,53248,2,3479778417
8565,63500627553,245319,63500872872,0,0,0,382464,0,3551680415
8566,63500734914,21137,63500756051,5,0,1,15360,5,1540915139
8567,63500762916,13079,63500775995,3,0,1,16384,3,1332722188
8568,63500817089,209127,63501026216,3,0,1,18944,3,1799815365
8569,63500874336,204838,63501079174,3,0,0,34304,3,1183899406
8570,63500891408,219319,63501110727,9,0,0,22016,9,6225140521
8571,63500916840,119579,63501036419,0,0,0,192512,0,1553648179
8572,63501024378,63358,63501087736,5,0,0,106496,5,7225517886
8573,63501106898,91495,63501198393,3,0,0,147968,3,3503991489
8574,63501132733,156132,63501288865,2,0,0,226304,2,6803591107
8575,63501134242,131904,63501266146,2,0,1,18944,2,3711644697
8576,63501182882,104411,63501287293,3,0,0,91136,3,884351946
8577,63501226645,143786,63501370431,0,0,0,61440,0,2343248166
8578,63501280182,347704,63501627886,4,0,1,11264,4,809842092
8579,63501434618,56075,63501490693,6,0,0,95744,6,669650558
8580,63501450637,116889,63501567526,6,0,0,168448,6,3822325225
8581,63501491887,109457,63501601344,3,0,1,7168,3,4285417254
8582,63501638766,92933,63501731699,8,0,1,4608,8,4767527212
8583,63501691257,83187,63501774444,2,0,1,2560,2,2671156358
8584,63501758231,100876,63501859107,3,0,1,31232,3,5091962558
8585,63501857456,7917,63501865373,5,0,0,6656,5,6061657701
8586,63501935061,16092,63501951153,4,0,1,13312,4,3331180069
8587,63501999284,86200,63502085484,6,0,0,31232,6,3265041830
8588,63502078110,84900,63502163010,5,0,0,141824,5,8281256508
8589,63502172628,150272,63502322900,1,0,1,92160,1,5571339829
8590,63502235164,93821,63502328985,5,0,0,152576,5,10271632770
8591,63502280012,49537,63502329549,1,0,0,10752,1,9260728084
8592,63502313615,16088,63502329703,7,0,0,8704,7,3874767513
8593,63502415245,5192,63502420437,8,0,1,2048,8,9707914579
8594,63502480345,86750,63502567095,6,0,0,13312,6,3549795871
8595,63502534112,227425,63502761537,9,0,0,372736,9,7921916503
8596,63502684268,77615,63502761883,7,0,0,512,7,2118224377
8597,63502754197,8352,63502762549,7,0,0,1024,7,3982202996
8598,63502779325,53837,63502833162,2,0,0,88064,2,6332098004
8599,63502815427,53062,63502868489,5,0,1,31232,5,9528973221
8600,63502822876,203522,63503026398,6,0,0,86528,6,5577561929
8601,63502972760,77764,63503050524,8,0,1,15872,8,1346677301
8602,63502999380,188475,63503187855,3,0,0,310272,3,4345424833
8603,63503089102,72331,63503161433,7,0,1,1024,7,10124324699
8604,63503146578,45143,63503191721,6,0,0,99328,6,9370626995
8605,63503176992,38925,63503215917,7,0,0,5120,7,5563950373
8606,63503183876,15833,63503199709,7,0,0,1024,7,10365200603
8607,63503242152,199927,63503442079,4,0,0,30720,4,3105507086
8608,63503342441,77359,63503419800,0,0,0,130560,0,4446285282
8609,63503456413,66717,63503523130,6,0,0,113152,6,7822162775
8610,63503516553,35308,63503551861,3,0,0,61952,3,372947350
8611,63503516874,13249,63503530123,2,0,1,13312,2,6298896409
8612,63503584636,562,63503585198,2,0,1,65024,2,1875673877
8613,63503590310,47881,63503638191,3,0,0,25600,3,10260584430
8614,63503630173,1038,63503631211,4,0,1,1536,4,7136018496
8615,63503650943,241367,63503892310,9,0,0,512,9,10537239772
8616,63503698980,81628,63503780608,9,0,0,1024,9,4244744796
8617,63503703503,12821,63503716324,0,0,0,132096,0,732462199
8618,63503725936,23462,63503749398,8,0,1,9728,8,10245743412
8619,63503785642,62257,63503847899,1,0,0,21504,1,5790298096
8620,63503812503,165909,63503978412,3,0,0,38912,3,1703714499
8621,63503818743,340934,63504159677,1,0,0,96768,1,6188646349
8622,63503825219,99132,63503924351,1,0,1,28672,1,1052333539
8623,63503831967,168524,63504000491,0,0,0,130048,0,300797623
8624,63503850525,263673,63504114198,1,0,1,13312,1,6192142850
8625,63503993643,6274,63503999917,5,0,1,12800,5,1290494677
8626,63503998414,111098,63504109512,1,0,1,109568,1,6435626293
8627,63504020454,247986,63504268440,8,0,1,5120,8,7823364120
8628,63504119198,73653,63504192851,1,0,0,6656,1,138940058
8629,63504241022,45950,63504286972,0,0,0,118784,0,10103881459
8630,63504268291,405706,63504673997,7,0,1,4608,7,8620294262
8631,63504322410,187934,63504510344,4,0,0,79360,4,10399336562
8632,63504467854,105238,63504573092,5,0,0,171520,5,10256052988
8633,63504666155,3641,63504669796,1,0,0,10240,1,9175111775
8634,63504752252,103216,63504855468,7,0,1,38912,7,9838415737
8635,63504837967,20878,63504858845,3,0,0,33792,3,4127373561
8636,63504918240,83696,63505001936,4,0,0,136192,4,2807596092
8637,63504921018,91883,63505012901,4,0,1,19456,4,1836891183
8638,63504942439,266102,63505208541,1,0,0,105984,1,1251123587
8639,63505050284,91495,63505141779,8,0,1,12800,8,8030338982
8640,63505096567,160760,63505257327,4,0,0,147968,4,2694205177
8641,63505136478,221230,63505357708,7,0,0,353792,7,3261064704
8642,63505196557,78004,63505274561,4,0,1,11776,4,70039616
8643,63505301516,46467,63505347983,3,0,0,79872,3,664365055
8644,63505321880,293393,63505615273,1,0,1,501760,1,1083593627
8645,63505377662,51512,63505429174,3,0,1,14848,3,1619489029
8646,63505392232,202059,63505594291,0,0,0,80384,0,5256952259
8647,63505473321,136331,63505609652,0,0,0,83456,0,7347125532
8648,63505484079,52545,63505536624,2,0,0,196608,2,10173206560
8649,63505662484,632640,63506295124,1,0,0,85504,1,9151688330
8650,63505858448,88305,63505946753,2,0,1,23552,2,1416427730
8651,63505869657,111851,63505981508,3,0,0,9728,3,6409408663
8652,63505888888,109067,63505997955,2,0,0,70656,2,1738127416
8653,63505902706,206059,63506108765,6,0,0,44544,6,6918314473
8654,63505989549,84521,63506074070,4,0,0,131584,4,2599008914
8655,63506087015,23374,63506110389,2,0,1,13824,2,1502246994
8656,63506109719,83696,63506193415,0,0,0,41984,0,356060104
8657,63506155201,184015,63506339216,4,0,0,136192,4,5355854316
8658,63506162085,103936,63506266021,2,0,1,47616,2,7795686929
8659,63506213260,169630,63506382890,5,0,1,20992,5,4180622951
8660,63506255772,158359,63506414131,7,0,1,5632,7,4516572457
8661,63506278919,194512,63506473431,2,0,0,261632,2,4991203261
8662,63506339695,168568,63506508263,5,0,1,2048,5,4935158362
8663,63506486819,43712,63506530531,2,0,0,71680,2,4173465454
8664,63506528156,61378,63506589534,1,0,1,47616,1,4873918405
8665,63506588167,37900,63506626067,0,0,0,99328,0,1777264194
8666,63506612004,28831,63506640835,1,0,0,9728,1,867882577
8667,63506623539,1990,63506625529,3,0,1,46080,3,9582601857
8668,63506626872,105400,63506732272,5,0,0,19456,5,5720349806
8669,63506668236,83179,63506751415,9,0,0,2048,9,1139826150
8670,63506689614,186107,63506875721,5,0,1,39424,5,6436012746
8671,63506693973,408771,63507102744,3,0,0,135168,3,3733066079
8672,63506893829,113037,63507006866,0,0,0,183296,0,911462911
8673,63507105620,15833,63507121453,1,0,1,75776,1,9843732711
8674,63507139605,4416,63507144021,1,0,1,149504,1,7626364711
8675,63507143308,204440,63507347748,6,0,0,30720,6,7456051604
8676,63507247672,138706,63507386378,1,0,0,11776,1,8270259729
8677,63507293076,134450,63507427526,4,0,1,3072,4,8803017366
8678,63507308516,348924,63507657440,2,0,1,29696,2,5402147753
8679,63507386920,360600,63507747520,2,0,0,588800,2,8970890005
8680,63507540260,209206,63507749466,3,0,0,3072,3,1170761553
8681,63507681025,174821,63507855846,7,0,0,283648,7,1055698435
8682,63507685820,146782,63507832602,4,0,1,26112,4,7412305292
8683,63507713448,96103,63507809551,8,0,1,13824,8,10663609944
8684,63507727213,254836,63507982049,3,0,1,5120,3,6460632870
8685,63507786176,152807,63507938983,5,0,0,93696,5,6823603984
8686,63507787860,313906,63508101766,2,0,0,174592,2,2778881029
8687,63507874810,206881,63508081691,3,0,1,12288,3,5926554601
8688,63507880150,206916,63508087066,4,0,0,339456,4,9932188346
8689,63507947764,139648,63508087412,5,0,0,512,5,1460048783
8690,63507964967,122834,63508087801,1,0,1,72192,1,2073198709
8691,63508023238,371751,63508394989,4,0,1,5632,4,906805695
8692,63508280047,56690,63508336737,3,0,0,80896,3,4774889461
8693,63508319862,96304,63508416166,4,0,1,16384,4,7722369138
8694,63508349644,115533,63508465177,2,0,1,10240,2,2346197625
8695,63508384275,177943,63508562218,7,0,0,191488,7,9411898838
8696,63508429792,97806,63508527598,4,0,0,82944,4,9947151667
8697,63508444392,83923,63508528315,5,0,0,4096,5,10680029726
8698,63508487554,46867,63508534421,6,0,0,29184,6,6466655842
8699,63508555346,113295,63508668641,4,0,0,183808,4,4819490063
8700,63508574486,131469,63508705955,1,0,0,121344,1,9536693590
8701,63508613680,97460,63508711140,2,0,0,24576,2,1027011476
8702,63508634386,25183,63508659569,7,0,1,17408,7,5480264370
8703,63508662290,281814,63508944104,4,0,1,26112,4,1966842326
8704,63508756576,10495,63508767071,1,0,0,45568,1,8831076906
8705,63508937229,301087,63509238316,1,0,0,16896,1,977508583
8706,63509004921,69928,63509074849,4,0,1,15360,4,245054545
8707,63509088458,125916,63509214374,2,0,0,208384,2,827943242
8708,63509164574,82694,63509247268,4,0,1,512,4,4522514939
8709,63509225856,3894,63509229750,1,0,1,103424,1,10730221612
8710,63509244457,169846,63509414303,3,0,1,9216,3,506254800
8711,63509315236,62154,63509377390,6,0,0,4096,6,5016762496
8712,63509354686,190304,63509544990,1,0,0,100864,1,10489617921
8713,63509445951,125400,63509571351,2,0,1,19456,2,1381566855
8714,63509487963,220939,63509708902,2,0,0,207360,2,2507337353
8715,63509509253,43454,63509552707,5,0,1,54784,5,588706190
8716,63509569557,169291,63509738848,3,0,1,27648,3,5286822505
8717,63509676020,265511,63509941531,2,0,0,71168,2,135855160
8718,63509829147,25958,63509855105,4,0,0,47104,4,7163441934
8719,63509836312,150390,63509986702,3,0,0,231936,3,3131470669
8720,63509871341,94638,63509965979,7,0,1,5120,7,7416127597
8721,63509913672,90964,63510004636,7,0,0,78848,7,2752914538
8722,63509936982,265058,63510202040,5,0,1,12800,5,10542275345
8723,63509937930,245777,63510183707,3,0,0,73728,3,8136504027
8724,63509966754,86450,63510053204,1,0,1,92160,1,7802969140
8725,63510113643,85374,63510199017,3,0,0,144896,3,7145400138
8726,63510135917,74303,63510210220,2,0,0,76800,2,1742183612
8727,63510168800,50802,63510219602,0,0,0,71680,0,3388557584
8728,63510197486,315449,63510512935,0,0,0,16384,0,9100111068
8729,63510294560,6274,63510300834,2,0,1,14848,2,5985343038
8730,63510297853,137031,63510434884,9,0,0,6656,9,10053350597
8731,63510398685,12304,63510410989,2,0,1,6656,2,9826123976
8732,63510448694,89432,63510538126,6,0,0,20480,6,7749968740
8733,63510472233,98129,63510570362,8,0,1,6144,8,998642363
8734,63510540133,58731,63510598864,5,0,1,1536,5,1200390996
8735,63510630316,43712,63510674028,2,0,0,71680,2,4542464852
8736,63510656464,18230,63510674694,9,0,0,1024,9,10059398840
8737,63510676333,74812,63510751145,3,0,1,8704,3,9452462925
8738,63510866294,99784,63510966078,2,0,1,27648,2,1341012634
8739,63511008006,47284,63511055290,7,0,1,16896,7,3082365035
8740,63511008990,78076,63511087066,2,0,1,1536,2,2688119616
8741,63511023058,103687,63511126745,1,0,0,168448,1,4425840125
8742,63511040948,87423,63511128371,4,0,0,2560,4,10354021902
8743,63511129593,307221,63511436814,7,0,0,498176,7,3216929141
8744,63511173802,325888,63511499690,2,0,0,210944,2,10547842773
8745,63511347987,167256,63511515243,2,0,0,49664,2,1445310300
8746,63511410951,145612,63511556563,6,0,0,140288,6,9272825321
8747,63511438145,129248,63511567393,2,0,0,43520,2,33735452
8748,63511508216,3418,63511511634,2,0,1,12288,2,3750860213
8749,63511622266,160527,63511782793,9,0,0,3584,9,2121593786
8750,63511634214,96058,63511730272,1,0,0,160256,1,5306077129
8751,63511681759,6750,63511688509,8,0,1,6144,8,3497320239
8752,63511700036,159220,63511859256,2,0,1,21504,2,5554049138
8753,63511729255,147506,63511876761,9,0,0,7168,9,5353334953
8754,63511740415,12045,63511752460,1,0,1,652288,1,9474975093
8755,63511857567,1514,63511859081,0,0,0,19968,0,6411433089
8756,63511910953,4370,63511915323,5,0,0,1536,5,9177556213
8757,63511913193,358315,63512271508,5,0,0,4608,5,4916568463
8758,63511950274,766929,63512717203,1,0,1,56832,1,961435269
8759,63512306659,145270,63512451929,3,0,1,9728,3,10561149425
8760,63512310739,261259,63512571998,1,0,1,59904,1,2041728002
8761,63512362854,198946,63512561800,7,0,1,9216,7,8107608856
8762,63512371546,32983,63512404529,8,0,1,5632,8,5455561890
8763,63512373178,22925,63512396103,4,0,0,17920,4,4878411623
8764,63512514366,17594,63512531960,7,0,1,27648,7,1240338176
8765,63512516847,100690,63512617537,2,0,1,16384,2,8497913139
8766,63512536967,351048,63512888015,5,0,1,35840,5,1868622038
8767,63512561628,148280,63512709908,1,0,0,57344,1,6953531552
8768,63512577792,325212,63512903004,1,0,0,29184,1,2716263421
8769,63512583789,273536,63512857325,9,0,0,1024,9,5995469455
8770,63512797591,53837,63512851428,7,0,0,88064,7,3404005486
8771,63512807208,41414,63512848622,3,0,1,5632,3,9890287228
8772,63512826693,19234,63512845927,4,0,0,55296,4,8696066322
8773,63512854672,102395,63512957067,7,0,0,27648,7,1653992321
8774,63512880769,182551,63513063320,0,0,0,165888,0,4312279786
8775,63512938694,162112,63513100806,1,0,0,262144,1,5489864294
8776,63512970578,171344,63513141922,3,0,0,131072,3,8383058570
8777,63513067321,187958,63513255279,0,0,0,309248,0,9018013729
8778,63513100121,174733,63513274854,1,0,1,73728,1,5735862002
8779,63513212069,158306,63513370375,5,0,1,10240,5,6245024233
8780,63513239558,356227,63513595785,0,0,0,286720,0,4177031887
8781,63513266917,168207,63513435124,6,0,0,44032,6,3644807197
8782,63513288152,143945,63513432097,4,0,0,34304,4,9573501742
8783,63513312425,33373,63513345798,0,0,0,28672,0,2346108685
8784,63513423008,287040,63513710048,9,0,0,2048,9,5037707742
8785,63513616814,1990,63513618804,4,0,1,512,4,9032546818
8786,63513621874,136970,63513758844,3,0,1,6656,3,7648688680
8787,63513636077,159944,63513796021,0,0,0,2048,0,7786132362
8788,63513725938,183395,63513909333,6,0,0,296960,6,6981009027
8789,63513758108,250180,63514008288,3,0,1,19968,3,8799022610
8790,63513786960,200326,63513987286,4,0,1,3072,4,1087528482
8791,63513815000,245706,63514060706,8,0,1,6656,8,9011962376
8792,63513921258,129647,63514050905,2,0,1,1536,2,6791474927
8793,63514260134,95596,63514355730,3,0,1,18944,3,9267174589
8794,63514324819,145479,63514470298,1,0,0,236544,1,4273410161
8795,63514348785,103101,63514451886,5,0,1,23040,5,6016549082
8796,63514388600,16550,63514405150,0,0,0,69632,0,1660443358
8797,63514476457,3894,63514480351,9,0,0,2048,9,7542206063
8798,63514510636,11270,63514521906,5,0,0,4096,5,6725217295
8799,63514512598,245520,63514758118,2,0,0,18432,2,3370216841
8800,63514536204,77100,63514613304,7,0,0,130048,7,2414922740
8801,63514540042,66610,63514606652,2,0,1,10240,2,10321510711
8802,63514547360,2942,63514550302,5,0,0,1024,5,1658086442
8803,63514615925,147633,63514763558,9,0,0,3072,9,2115976399
8804,63514643227,234795,63514878022,0,0,0,380416,0,8045410301
8805,63514672578,65942,63514738520,3,0,1,9728,3,4264350394
8806,63514878572,17180,63514895752,6,0,0,111616,6,5452588563
8807,63514933850,312431,63515246281,3,0,0,31232,3,10160116891
8808,63514970897,63962,63515034859,7,0,1,11776,7,2535309378
8809,63515064064,175563,63515239627,0,0,0,104448,0,8749207419
8810,63515119983,122369,63515242352,0,0,0,347136,0,782738889
8811,63515128948,214287,63515343235,5,0,1,18432,5,6609857138
8812,63515166166,235981,63515402147,8,0,1,19968,8,9534598654
8813,63515205107,126433,63515331540,2,0,1,2560,2,4467863838
8814,63515289709,42042,63515331751,7,0,0,209408,7,2623256289
8815,63515374766,321620,63515696386,9,0,0,1024,9,5237597924
8816,63515520370,188701,63515709071,4,0,1,17408,4,10335018101
8817,63515574121,42420,63515616541,4,0,1,16896,4,3846447009
8818,63515592690,263723,63515856413,2,0,1,14848,2,7390176519
8819,63515599924,373510,63515973434,1,0,1,211968,1,6185917673
8820,63515602315,408169,63516010484,1,0,1,284160,1,8571263888
8821,63515780804,475155,63516255959,1,0,1,271872,1,5674663483
8822,63515786142,130303,63515916445,4,0,0,69120,4,5254383474
8823,63515949138,444911,63516394049,9,0,0,4608,9,9524076319
8824,63516088716,137018,63516225734,3,0,0,210944,3,5490587667
8825,63516092033,134712,63516226745,7,0,0,1024,7,89297127
8826,63516367344,43900,63516411244,4,0,1,512,4,3988229096
8827,63516426174,1038,63516427212,9,0,0,1024,9,5108118948
8828,63516436086,3418,63516439504,9,0,0,3584,9,9568460905
8829,63516442437,86824,63516529261,2,0,1,15360,2,196158972
8830,63516446989,97609,63516544598,6,0,0,163328,6,6069982727
8831,63516510873,142716,63516653589,5,0,1,9728,5,3850963773
8832,63516534004,192278,63516726282,5,0,1,7168,5,9989112005
8833,63516593433,185891,63516779324,6,0,0,305152,6,2243075533
8834,63516777873,175337,63516953210,2,0,0,284672,2,8524933888
8835,63516799294,164438,63516963732,6,0,0,33792,6,9984310604
8836,63516810564,153527,63516964091,2,0,0,9728,2,7080876089
8837,63516822943,147049,63516969992,4,0,0,28160,4,2141046088
8838,63516929332,83954,63517013286,2,0,0,136704,2,3611642849
8839,63516974463,39489,63517013952,0,0,0,1024,0,4113957000
8840,63516991034,92012,63517083046,2,0,0,148992,2,3867376145
8841,63517094722,141862,63517236584,1,0,0,229376,1,4343356525
8842,63517126435,183189,63517309624,0,0,0,235008,0,3241004265
8843,63517203250,166429,63517369679,2,0,1,6144,2,9198490759
8844,63517290645,77096,63517367741,5,0,1,45056,5,10030780905
8845,63517362146,278874,63517641020,4,0,1,18432,4,2729270133
8846,63517435792,213000,63517648792,7,0,1,4608,7,6649860978
8847,63517445959,157842,63517603801,1,0,0,260608,1,9579554711
8848,63517488958,17845,63517506803,8,0,1,7680,8,5838767396
8849,63517587441,13290,63517600731,4,0,0,15360,4,2258681249
8850,63517592982,4370,63517597352,9,0,0,1536,9,2010931323
8851,63517613478,154935,63517768413,1,0,0,4608,1,9788942354
8852,63517653228,81628,63517734856,1,0,0,132096,1,5903977176
8853,63517654291,81436,63517735727,3,0,0,12288,3,6732925226
8854,63517674092,14800,63517688892,2,0,1,45056,2,10108976486
8855,63517778150,177124,63517955274,6,0,0,28672,6,8098576983
8856,63517830061,99408,63517929469,7,0,1,1024,7,8570607028
8857,63517980755,98380,63518079135,4,0,1,23040,4,8469434802
8858,63518007536,96031,63518103567,5,0,1,10240,5,8671219485
8859,63518022279,88048,63518110327,8,0,1,14336,8,32601951
8860,63518298124,85675,63518383799,1,0,0,143360,1,6613768142
8861,63518323008,74918,63518397926,7,0,1,20480,7,2788836045
8862,63518334700,72148,63518406848,6,0,0,90624,6,8604654470
8863,63518343371,150557,63518493928,3,0,0,28160,3,10380993195
8864,63518541019,2942,63518543961,8,0,1,34816,8,884538475
8865,63518626921,101968,63518728889,9,0,0,3072,9,3749932676
8866,63518702049,256588,63518958637,3,0,1,219648,3,5556051180
8867,63518713188,280568,63518993756,1,0,1,115200,1,5097445338
8868,63518714565,255085,63518969650,3,0,1,135168,3,4421760039
8869,63518736168,216439,63518952607,1,0,1,39424,1,2685954905
8870,63518746014,121949,63518867963,8,0,1,24064,8,7380725827
8871,63518786871,329959,63519116830,7,0,1,7168,7,2585311930
8872,63518881372,150605,63519031977,2,0,0,163840,2,9099621279
8873,63518893946,388250,63519282196,5,0,0,7680,5,6722280685
8874,63518961658,377078,63519338736,1,0,0,476160,1,671051825
8875,63518994026,417648,63519411674,1,0,0,234496,1,3608222591
8876,63519012002,420665,63519432667,1,0,0,75776,1,10151370127
8877,63519073561,364986,63519438547,5,0,1,1536,5,4322827936
8878,63519074094,266839,63519340933,7,0,0,30720,7,6730422409
8879,63519104258,318373,63519422631,3,0,1,112128,3,5310355427
8880,63519125952,328690,63519454642,8,0,1,12288,8,10589398181
8881,63519132049,278105,63519410154,5,0,1,16896,5,1619753462
8882,63519136807,234629,63519371436,2,0,1,10240,2,10134182242
8883,63519142827,143581,63519286408,0,0,0,73216,0,7664427295
8884,63519179942,443312,63519623254,8,0,1,4096,8,1029450438
8885,63519204498,442382,63519646880,1,0,0,69632,1,4082352875
8886,63519248320,501357,63519749677,9,0,0,512,9,4392391553
8887,63519342594,73737,63519416331,5,0,0,5120,5,526135669
8888,63519474693,609451,63520084144,8,0,1,10752,8,4248975865
8889,63519535790,323464,63519859254,1,0,1,157696,1,6320551244
8890,63519566336,387848,63519954184,2,0,0,111104,2,4218705586
8891,63519658696,203856,63519862552,1,0,0,285184,1,7606899572
8892,63519903548,144962,63520048510,7,0,0,235520,7,3468940894
8893,63519914932,138084,63520053016,9,0,0,7168,9,8903271276
8894,63519938625,130763,63520069388,7,0,0,61952,7,4337002450
8895,63519987929,130846,63520118775,1,0,1,214016,1,6334550368
8896,63519989924,122626,63520112550,1,0,0,163840,1,8323926687
8897,63520008769,115363,63520124132,4,0,0,34304,4,7618443022
8898,63520087760,191721,63520279481,0,0,0,187904,0,5002839911
8899,63520110156,463318,63520573474,6,0,0,258560,6,2286454197
8900,63520274992,95612,63520370604,7,0,1,10240,7,4526986125
8901,63520355646,14256,63520369902,7,0,0,95232,7,7437234011
8902,63520438032,261441,63520699473,9,0,0,1024,9,3428728682
8903,63520519894,196363,63520716257,6,0,0,318976,6,5410050947
8904,63520522066,194036,63520716102,1,0,1,135168,1,6850548778
8905,63520524807,155453,63520680260,9,0,0,4096,9,6509130514
8906,63520584281,2466,63520586747,3,0,0,67072,3,8903814689
8907,63520895101,457675,63521352776,1,0,1,2048,1,5253570981
8908,63520922630,85275,63521007905,1,0,1,243200,1,3028338285
8909,63520932873,55332,63520988205,5,0,0,2560,5,1189593254
8910,63520955781,157445,63521113226,3,0,0,49664,3,9485469577
8911,63520997797,357630,63521355427,3,0,1,62464,3,5923323768
8912,63521050959,229320,63521280279,0,0,0,341504,0,2438598514
8913,63521078248,46572,63521124820,4,0,1,14848,4,5755319057
8914,63521239388,247105,63521486493,3,0,0,14336,3,10149115941
8915,63521287838,143929,63521431767,4,0,1,3072,4,4445322059
8916,63521303841,126568,63521430409,0,0,0,233472,0,1884018530
8917,63521336755,189020,63521525775,0,0,0,49664,0,10389757594
8918,63521339678,155416,63521495094,6,0,0,111104,6,612824941
8919,63521542865,562,63521543427,9,0,0,512,9,5087917773
8920,63521675620,113055,63521788675,8,0,1,8704,8,5128907721
8921,63521788458,100305,63521888763,5,0,1,28672,5,10429098633
8922,63521889432,103946,63521993378,6,0,0,168960,6,4467834746
8923,63521951575,165641,63522117216,3,0,0,272384,3,7002407960
8924,63522053891,69226,63522123117,0,0,0,19968,0,8328897821
8925,63522139833,31520,63522171353,4,0,0,51200,4,1400458806
8926,63522145042,15138,63522160180,7,0,1,14848,7,10575952690
8927,63522161707,34104,63522195811,6,0,0,17920,6,5587606109
8928,63522243658,172516,63522416174,0,0,0,56320,0,6312131883
8929,63522281704,122875,63522404579,2,0,1,2560,2,1835647171
8930,63522292036,152249,63522444285,3,0,0,375296,3,6750765064
8931,63522330821,228717,63522559538,5,0,1,1024,5,6227121263
8932,63522374890,146529,63522521419,5,0,0,1024,5,8325996551
8933,63522427311,210413,63522637724,1,0,1,672768,1,3642663373
8934,63522438890,4846,63522443736,5,0,1,19968,5,5907634869
8935,63522439427,2866,63522442293,2,0,1,37376,2,10542647442
8936,63522604117,3894,63522608011,7,0,1,4096,7,9656870395
8937,63522664667,406811,63523071478,3,0,0,5120,3,8680495231
8938,63522681678,14800,63522696478,9,0,0,8704,9,6859103183
8939,63522714000,5450,63522719450,5,0,0,4096,5,6010844302
8940,63522833905,339895,63523173800,1,0,0,28672,1,5521041927
8941,63522854159,33071,63522887230,6,0,0,13824,6,8401023825
8942,63522947196,785608,63523732804,4,0,0,54272,4,4610322119
8943,63523090153,101179,63523191332,1,0,1,61440,1,6398185073
8944,63523117572,135524,63523253096,2,0,0,6144,2,5969274821
8945,63523181745,245847,63523427592,3,0,1,42496,3,1274171929
8946,63523280508,55503,63523336011,0,0,0,93184,0,7986534794
8947,63523380211,54832,63523435043,7,0,1,6144,7,809708121
8948,63523478195,2942,63523481137,6,0,0,3072,6,4588061738
8949,63523635798,7226,63523643024,9,0,0,7680,9,7084423414
8950,63523656500,111484,63523767984,1,0,1,66048,1,3478190326
8951,63523717262,65166,63523782428,3,0,1,19456,3,10350348233
8952,63523729593,109402,63523838995,2,0,1,22528,2,4950842625
8953,63523741422,103946,63523845368,0,0,0,110080,0,4809333446
8954,63523840418,2466,63523842884,5,0,1,5120,5,1669882628
8955,63523850065,2866,63523852931,9,0,0,2560,9,3287654510
8956,63523864268,106648,63523970916,1,0,0,8704,1,7923837241
8957,63523918645,190443,63524109088,2,0,1,50176,2,7364330645
8958,63524037167,15317,63524052484,7,0,0,29696,7,3863024826
8959,63524149915,83954,63524233869,4,0,0,136704,4,936225277
8960,63524175231,113061,63524288292,2,0,0,411648,2,3752294975
8961,63524180387,270738,63524451125,4,0,1,3072,4,7845605064
8962,63524182333,275182,63524457515,0,0,0,38912,0,4792448002
8963,63524190730,270651,63524461381,9,0,0,6144,9,1724939944
8964,63524289338,204019,63524493357,7,0,0,103936,7,1897206081
8965,63524531938,1990,63524533928,1,0,1,316416,1,5391340641
8966,63524557226,135617,63524692843,9,0,0,2048,9,3291743535
8967,63524621175,362321,63524983496,8,0,1,8704,8,8931913181
8968,63524749872,144406,63524894278,3,0,0,100352,3,2410813651
8969,63524800248,106849,63524907097,7,0,0,21504,7,8627423307
8970,63524886868,38885,63524925753,6,0,0,45056,6,3798647079
8971,63524921633,10495,63524932128,0,0,0,16896,0,5953597559
8972,63524950636,2942,63524953578,5,0,0,3072,5,8792511792
8973,63524995455,2942,63524998397,9,0,0,3072,9,8992238146
8974,63525032160,112520,63525144680,6,0,0,182272,6,4064222981
8975,63525092465,63045,63525155510,4,0,0,43520,4,1846220650
8976,63525156473,1038,63525157511,9,0,0,1024,9,8764089488
8977,63525200788,43366,63525244154,6,0,0,74240,6,8039704153
8978,63525223370,37361,63525260731,7,0,0,62976,7,8613805811
8979,63525228264,108767,63525337031,3,0,0,153600,3,10191053592
8980,63525302840,35497,63525338337,5,0,0,2048,5,7598068891
8981,63525304525,202386,63525506911,1,0,1,111616,1,2572685586
8982,63525371127,180123,63525551250,9,0,1,14848,9,1655845662
8983,63525471900,290090,63525761990,2,0,1,2048,2,1354231493
8984,63525538801,269734,63525808535,6,0,0,441856,6,7939900229
8985,63525547277,156451,63525703728,1,0,1,212480,1,2930899320
8986,63525674204,172127,63525846331,7,0,0,81408,7,687466199
8987,63525693872,180641,63525874513,4,0,1,9728,4,8045967400
8988,63525736803,195871,63525932674,6,0,0,251904,6,7516108298
8989,63525749487,32295,63525781782,7,0,0,68608,7,4095639530
8990,63525750015,247424,63525997439,0,0,0,58880,0,2117663295
8991,63525870356,148366,63526018722,7,0,1,10240,7,4863948743
8992,63525963876,439131,63526403007,1,0,1,112640,1,6589537957
8993,63525980344,660255,63526640599,1,0,1,4608,1,4516333443
8994,63526061519,86338,63526147857,2,0,0,52736,2,3210483772
8995,63526080818,152899,63526233717,4,0,1,512,4,8160377611
8996,63526121205,390456,63526511661,3,0,0,77312,3,3181070006
8997,63526340942,17752,63526358694,0,0,0,4608,0,2859486298
8998,63526401611,15833,63526417444,7,0,0,30720,7,9504946657
8999,63526507703,14800,63526522503,7,0,1,51712,7,4744631113
9000,63526532574,107116,63526639690,3,0,0,28672,3,5068968732
9001,63526629292,70372,63526699664,2,0,1,11776,2,4036552023
9002,63526827842,97336,63526925178,7,0,1,29696,7,8497513150
9003,63526902787,67144,63526969931,8,0,1,11264,8,4670993366
9004,63526933729,66717,63527000446,0,0,0,113152,0,4208166598
9005,63526982190,35825,63527018015,2,0,1,17408,2,6823415577
9006,63526999556,129128,63527128684,4,0,0,62976,4,8131300275
9007,63527054022,57307,63527111329,0,0,0,86016,0,1521284995
9008,63527160580,103996,63527264576,9,0,1,41472,9,6036656133
9009,63527337352,60820,63527398172,7,0,1,5632,7,6582484958
9010,63527449709,172753,63527622462,0,0,0,279552,0,9678136410
9011,63527532386,30745,63527563131,7,0,1,13824,7,9916227061
9012,63527655142,209192,63527864334,1,0,0,49664,1,3158933888
9013,63527659045,78480,63527737525,6,0,0,251392,6,8002375740
9014,63527666224,166124,63527832348,9,0,1,9728,9,5004793121
9015,63527940840,132512,63528073352,0,0,0,214528,0,5940669773
9016,63527957870,141813,63528099683,3,0,0,93184,3,8719918127
9017,63527988146,59587,63528047733,5,0,1,11264,5,7052084181
9018,63528056980,134789,63528191769,0,0,0,64512,0,8552254048
9019,63528195438,83866,63528279304,8,0,1,33280,8,2569340381
9020,63528214582,124907,63528339489,4,0,0,139776,4,7153913410
9021,63528215766,145535,63528361301,4,0,0,135680,4,4406183113
9022,63528226397,191703,63528418100,2,0,0,108544,2,1171817721
9023,63528257801,284112,63528541913,7,0,1,6144,7,5734547815
9024,63528264797,195956,63528460753,7,0,0,202752,7,8347842869
9025,63528283605,211638,63528495243,1,0,0,58368,1,8584532708
9026,63528302554,276269,63528578823,4,0,0,143872,4,10372265712
9027,63528467426,69786,63528537212,5,0,1,8704,5,7127795873
9028,63528476587,85581,63528562168,0,0,0,113152,0,4546827762
9029,63528501292,46554,63528547846,4,0,0,118272,4,348873843
9030,63528555770,46227,63528601997,2,0,0,49152,2,4215439314
9031,63528556251,63731,63528619982,6,0,0,8704,6,8118589553
9032,63528565488,166817,63528732305,0,0,0,87040,0,3461356589
9033,63528582394,233564,63528815958,4,0,1,10752,4,841940608
9034,63528594382,255114,63528849496,8,0,1,32768,8,8912376915
9035,63528683829,298493,63528982322,1,0,1,33792,1,6200892035
9036,63528831102,204858,63529035960,1,0,1,40960,1,1485833948
9037,63528833623,209056,63529042679,4,0,1,22016,4,10474731188
9038,63529163234,127208,63529290442,6,0,0,210944,6,4128571907
9039,63529196328,48182,63529244510,3,0,1,44032,3,5468956136
9040,63529211497,122674,63529334171,8,0,1,5120,8,4396724874
9041,63529225052,53579,63529278631,3,0,1,39936,3,77049536
9042,63529245840,189684,63529435524,7,0,1,22016,7,1640761319
9043,63529248366,70753,63529319119,6,0,0,20992,6,4206026108
9044,63529293511,201836,63529495347,5,0,1,31744,5,2058738476
9045,63529340162,285475,63529625637,3,0,0,87552,3,7417473686
9046,63529343994,112493,63529456487,9,0,0,55808,9,7998247278
9047,63529369321,263535,63529632856,0,0,0,148992,0,10117173867
9048,63529425908,240276,63529666184,7,0,0,387584,7,3266891373
9049,63529456341,111935,63529568276,1,0,1,45056,1,337842504
9050,63529476600,237016,63529713616,4,0,1,26624,4,6144486137
9051,63529585099,76039,63529661138,2,0,0,98304,2,6488960051
9052,63529586709,380262,63529966971,2,0,1,13824,2,1542133406
9053,63529637588,182012,63529819600,9,0,0,33280,9,1867612037
9054,63529654793,293253,63529948046,8,0,1,11776,8,5898685838
9055,63529679767,269431,63529949198,7,0,1,8192,7,8452919390
9056,63529754172,316999,63530071171,2,0,0,517120,2,4017465524
9057,63529843424,367868,63530211292,9,0,1,33280,9,10245112619
9058,63530096580,89676,63530186256,7,0,0,337920,7,7812925453
9059,63530162092,206141,63530368233,2,0,1,2560,2,7077468328
9060,63530182920,120365,63530303285,3,0,0,10752,3,1943829149
9061,63530201680,114576,63530316256,2,0,1,5120,2,5286170581
9062,63530210009,215217,63530425226,0,0,0,69120,0,3297871957
9063,63530238404,193003,63530431407,2,0,0,312320,2,8004351317
9064,63530252623,139626,63530392249,8,0,1,14848,8,2263601703
9065,63530272764,45271,63530318035,1,0,1,75776,1,2687167235
9066,63530285161,357862,63530643023,8,0,1,15360,8,3181764660
9067,63530292447,113295,63530405742,5,0,0,1024,5,190584392
9068,63530350944,279763,63530630707,4,0,1,13312,4,4672327084
9069,63530388108,405437,63530793545,9,0,0,2048,9,3537365842
9070,63530498940,182080,63530681020,8,0,1,9216,8,3919679355
9071,63530501003,165729,63530666732,0,0,0,183808,0,7028982614
9072,63530567589,505732,63531073321,3,0,0,269312,3,4068323012
9073,63530687676,202507,63530890183,8,0,1,6144,8,10121004392
9074,63530984569,62512,63531047081,1,0,1,100352,1,7336974377
9075,63531041037,205967,63531247004,2,0,1,6144,2,5245886981
9076,63531100208,379253,63531479461,1,0,1,407552,1,3160235436
9077,63531145097,344523,63531489620,8,0,1,33280,8,6487064794
9078,63531180562,318453,63531499015,4,0,1,30720,4,4616442370
9079,63531231334,217651,63531448985,1,0,1,343040,1,9841119670
9080,63531245746,107506,63531353252,3,0,1,333824,3,7966932722
9081,63531281399,131221,63531412620,1,0,0,350208,1,10268242640
9082,63531388077,61261,63531449338,1,0,1,40448,1,986495188
9083,63531406293,530318,63531936611,3,0,0,28672,3,1786308516
9084,63531423239,109619,63531532858,9,0,0,80896,9,2095673713
9085,63531452990,205185,63531658175,4,0,1,10752,4,8691451864
9086,63531486817,331964,63531818781,7,0,1,28160,7,561425169
9087,63531497985,461092,63531959077,9,0,1,2048,9,9098393249
9088,63531509878,112212,63531622090,2,0,0,63488,2,294354683
9089,63531615798,116609,63531732407,7,0,1,1024,7,4543812529
9090,63531707374,155093,63531862467,6,0,0,66048,6,4739239084
9091,63531712155,457563,63532169718,4,0,1,28672,4,5929173603
9092,63531748685,817577,63532566262,7,0,0,109056,7,3729812536
9093,63531761172,192613,63531953785,4,0,0,64512,4,10014586769
9094,63531777548,141069,63531918617,2,0,0,135680,2,2932854272
9095,63531856309,599238,63532455547,7,0,0,69632,7,2634796761
9096,63531885842,167973,63532053815,4,0,1,5120,4,8451510889
9097,63531907864,350407,63532258271,7,0,0,7168,7,2317913254
9098,63531966763,95845,63532062608,8,0,1,512,8,8047509555
9099,63532000030,82269,63532082299,4,0,0,54784,4,3960879347
9100,63532024845,72368,63532097213,4,0,0,45568,4,2974194507
9101,63532045985,162960,63532208945,4,0,0,37376,4,80923583
9102,63532075154,562,63532075716,9,0,1,32256,9,8452970412
9103,63532082551,198264,63532280815,2,0,1,5632,2,8824510435
9104,63532181161,148170,63532329331,9,0,1,32256,9,1354041342
9105,63532227874,2466,63532230340,5,0,0,512,5,8648909821
9106,63532243599,326124,63532569723,5,0,1,30208,5,10175358389
9107,63532349973,259008,63532608981,2,0,1,2048,2,8124825060
9108,63532400366,31439,63532431805,5,0,0,2560,5,5921420865
9109,63532430892,126239,63532557131,7,0,0,36352,7,830204436
9110,63532445821,200964,63532646785,7,0,0,320512,7,603616534
9111,63532633010,44916,63532677926,0,0,0,77312,0,8418911444
9112,63532637097,83764,63532720861,6,0,0,104960,6,6357581814
9113,63532639378,53837,63532693215,2,0,1,1024,2,4937375817
9114,63532658322,112655,63532770977,4,0,1,2560,4,6724718286
9115,63532696359,24150,63532720509,6,0,0,88064,6,5360113685
9116,63532780882,176036,63532956918,6,0,0,43520,6,3050304833
9117,63532926174,1514,63532927688,7,0,1,23040,7,10520915143
9118,63532934365,562,63532934927,5,0,0,1536,5,3638157114
9119,63532978138,87628,63533065766,5,0,0,512,5,1253220779
9120,63533035319,93304,63533128623,1,0,0,151552,1,9707316925
9121,63533152458,34016,63533186474,8,0,1,48640,8,9223118595
9122,63533260234,184738,63533444972,1,0,0,59392,1,5300173417
9123,63533448197,92270,63533540467,7,0,0,149504,7,3642811614
9124,63533470359,84996,63533555355,7,0,1,4096,7,6394967773
9125,63533472048,128655,63533600703,7,0,0,54784,7,890254437
9126,63533515614,3900,63533519514,3,0,1,59392,3,10690635622
9127,63533624198,1990,63533626188,3,0,1,258560,3,6302231964
9128,63533690319,1990,63533692309,3,0,0,10752,3,4357411859
9129,63533736386,288741,63534025127,5,0,0,2048,5,9305663833
9130,63533782861,6225,63533789086,5,0,0,2048,5,3194163484
9131,63533820211,77335,63533897546,4,0,0,15360,4,10315364812
9132,63533832334,562,63533832896,5,0,1,5120,5,2084014090
9133,63533919341,390320,63534309661,5,0,0,512,5,5937767739
9134,63533937790,124316,63534062106,9,0,1,2560,9,9634378010
9135,63533941596,134593,63534076189,3,0,0,99840,3,3866196312
9136,63533999801,139937,63534139738,9,0,0,157696,9,3534014064
9137,63534069545,211134,63534280679,2,0,1,21504,2,4996134253
9138,63534082330,217180,63534299510,9,0,0,338432,9,7768602757
9139,63534137854,167148,63534305002,4,0,0,17920,4,3790851217
9140,63534157045,71807,63534228852,2,0,1,2560,2,10595203333
9141,63534239199,24150,63534263349,1,0,0,20480,1,6704430380
9142,63534301409,198746,63534500155,4,0,0,43520,4,2486154543
9143,63534314836,104204,63534419040,5,0,1,49152,5,3133169379
9144,63534325053,312933,63534637986,4,0,0,169472,4,962831774
9145,63534555070,42210,63534597280,4,0,1,3584,4,7411784561
9146,63534585570,124977,63534710547,2,0,0,52736,2,3161201700
9147,63534605315,198083,63534803398,7,0,0,325632,7,1272434142
9148,63534610953,180507,63534791460,9,0,1,21504,9,7214716699
9149,63534641641,121850,63534763491,1,0,1,15872,1,6994465870
9150,63534700309,77484,63534777793,9,0,0,50176,9,8195228686
9151,63534739483,238569,63534978052,2,0,1,1024,2,10668587845
9152,63534741150,155381,63534896531,1,0,1,286208,1,1047533856
9153,63534757224,232432,63534989656,1,0,0,50176,1,1356514356
9154,63534790532,509629,63535300161,7,0,1,14336,7,5122114863
9155,63534854113,75539,63534929652,7,0,1,1024,7,3471065556
9156,63534902719,260871,63535163590,3,0,1,87040,3,5890964271
9157,63534928092,545860,63535473952,9,0,1,1024,9,9318923211
9158,63535046458,500857,63535547315,7,0,1,4608,7,3354359441
9159,63535242097,110129,63535352226,7,0,1,5632,7,9136655857
9160,63535289024,52360,63535341384,2,0,1,11776,2,4316698151
9161,63535364128,175868,63535539996,4,0,1,3072,4,2986105272
9162,63535405916,73000,63535478916,2,0,1,12800,2,9958917051
9163,63535413629,84624,63535498253,1,0,1,15360,1,1977010771
9164,63535431675,59188,63535490863,7,0,1,1024,7,8954717545
9165,63535479695,101812,63535581507,2,0,1,34304,2,5217976677
9166,63535512340,75292,63535587632,9,0,1,12800,9,5884845624
9167,63535536839,137075,63535673914,6,0,0,226816,6,355706424
9168,63535560393,130098,63535690491,2,0,0,62976,2,9211178924
9169,63535579028,183781,63535762809,1,0,0,227840,1,7284131709
9170,63535663732,110111,63535773843,7,0,0,36352,7,241089934
9171,63535696503,98436,63535794939,2,0,0,76288,2,9180601129
9172,63535813552,10237,63535823789,9,0,0,16384,9,4979639543
9173,63535813974,22687,63535836661,4,0,1,15872,4,5716477669
9174,63535849172,190528,63536039700,5,0,1,9216,5,8879645173
9175,63535895240,210837,63536106077,0,0,0,37376,0,2304509179
9176,63535981935,132512,63536114447,1,0,0,214528,1,9302408393
9177,63535989723,131445,63536121168,3,0,0,32256,3,6863169719
9178,63536045193,103023,63536148216,1,0,0,96768,1,9730937332
9179,63536053930,51618,63536105548,7,0,1,3072,7,807358861
9180,63536113073,76127,63536189200,9,0,0,54272,9,7071444318
9181,63536159548,87225,63536246773,1,0,1,9216,1,8413778776
9182,63536168674,1038,63536169712,9,0,0,146432,9,779128220
9183,63536268573,228259,63536496832,2,0,0,1024,2,8065608895
9184,63536286735,3641,63536290376,8,0,1,4608,8,4332907583
9185,63536342339,221402,63536563741,8,0,1,33280,8,13641709
9186,63536401575,87225,63536488800,3,0,1,18944,3,4918255233
9187,63536439336,170853,63536610189,1,0,0,10240,1,4693598923
9188,63536470104,283124,63536753228,7,0,0,146432,7,9136654814
9189,63536603961,294253,63536898214,9,0,0,476160,9,6742687908
9190,63536657495,303083,63536960578,1,0,0,200192,1,671186763
9191,63536673768,338294,63537012062,4,0,0,164352,4,4502117621
9192,63536721754,311729,63537033483,3,0,1,38912,3,8480601765
9193,63536742780,366130,63537108910,0,0,0,145920,0,8395436252
9194,63536771996,315899,63537087895,3,0,0,91136,3,10459382442
9195,63536872841,194207,63537067048,1,0,1,87552,1,5457880499
9196,63536873950,225941,63537099891,4,0,1,3584,4,6017957856
9197,63536902902,351329,63537254231,6,0,0,55296,6,396773016
9198,63536902939,385501,63537288440,7,0,0,111104,7,8384423166
9199,63536985998,53491,63537039489,4,0,1,1024,4,9963976385
9200,63536995514,259475,63537254989,9,0,1,38912,9,3849504988
9201,63537022351,313583,63537335934,1,0,1,18432,1,7583089184
9202,63537069737,356179,63537425916,5,0,1,3584,5,1668514799
9203,63537100560,343998,63537444558,1,0,1,212480,1,343043750
9204,63537206910,198761,63537405671,6,0,0,90624,6,6825130704
9205,63537225044,140605,63537365649,9,0,0,268800,9,10500136628
9206,63537292588,127941,63537420529,5,0,1,20480,5,8969480943
9207,63537308917,114902,63537423819,0,0,0,90112,0,1743965502
9208,63537314841,446285,63537761126,2,0,1,19456,2,5884564572
9209,63537332411,237943,63537570354,6,0,0,43520,6,3475325963
9210,63537343136,312552,63537655688,5,0,1,50176,5,5428637584
9211,63537346218,121870,63537468088,1,0,0,11776,1,10405352791
9212,63537375460,421040,63537796500,9,0,1,22016,9,1961391110
9213,63537584172,76980,63537661152,9,0,0,197120,9,6760944051
9214,63537636659,153478,63537790137,1,0,0,6144,1,5074673616
9215,63537637120,131107,63537768227,9,0,0,215552,9,3010320616
9216,63537665700,428375,63538094075,4,0,0,21504,4,2705071404
9217,63537676242,132606,63537808848,8,0,1,4608,8,2930836210
9218,63537698340,160217,63537858557,2,0,0,197120,2,3509404765
9219,63537708393,276691,63537985084,4,0,0,316416,4,1747230459
9220,63537760080,170790,63537930870,9,0,1,23040,9,6133970644
9221,63537784546,352326,63538136872,5,0,1,6144,5,5579314873
9222,63537819991,421898,63538241889,9,0,0,18944,9,3331103999
9223,63537969274,214804,63538184078,6,0,0,348160,6,6799574006
9224,63538078445,53321,63538131766,1,0,1,123392,1,7677096701
9225,63538112154,42175,63538154329,1,0,1,58880,1,6439716283
9226,63538210668,103687,63538314355,3,0,0,87040,3,5329557705
9227,63538238186,140345,63538378531,3,0,0,53760,3,7614311002
9228,63538274329,359278,63538633607,3,0,0,168448,3,301438248
9229,63538284432,433404,63538717836,6,0,0,158208,6,5960705200
9230,63538370316,31974,63538402290,9,0,1,16896,9,2940626213
9231,63538493997,14113,63538508110,2,0,0,24064,2,8300755888
9232,63538507192,32983,63538540175,7,0,1,17920,7,6704816596
9233,63538548210,310461,63538858671,7,0,0,24064,7,3082972711
9234,63538571564,52804,63538624368,0,0,0,57344,0,7515660484
9235,63538590551,158004,63538748555,5,0,1,14336,5,3108219308
9236,63538673416,251869,63538925285,9,0,0,86016,9,9901173177
9237,63538732717,26355,63538759072,2,0,0,40960,2,5939161992
9238,63538786468,3894,63538790362,4,0,0,4096,4,3960679517
9239,63538791601,2942,63538794543,0,0,0,3072,0,3563995673
9240,63538820861,5322,63538826183,5,0,0,5632,5,3708113915
9241,63538921909,65920,63538987829,6,0,1,12288,6,5519344785
9242,63539111680,42937,63539154617,0,0,0,70144,0,4145821024
9243,63539482468,562,63539483030,5,0,0,512,5,5792073959
9244,63539533954,24666,63539558620,7,0,0,44544,7,5416170527
9245,63539586481,5322,63539591803,5,0,0,5632,5,9726117328
9246,63539796589,562,63539797151,4,0,0,512,4,7008933260
9247,63539859700,165383,63540025083,6,0,0,271872,6,3604049778
9248,63540032860,92787,63540125647,0,0,0,150528,0,10038752476
9249,63540090168,25617,63540115785,4,0,1,6144,4,3719848763
9250,63540100376,1990,63540102366,5,0,0,512,5,10584807670
9251,63540145037,138509,63540283546,2,0,0,2048,2,10449948402
9252,63540174090,122387,63540296477,1,0,1,51712,1,1065784065
9253,63540177366,111697,63540289063,9,0,0,198144,9,4782528150
9254,63540187979,91085,63540279064,8,0,1,8192,8,9175618040
9255,63540193548,56126,63540249674,9,0,0,17920,9,10394064731
9256,63540230942,1990,63540232932,1,0,0,55808,1,10704674437
9257,63540267847,260582,63540528429,2,0,0,3072,2,9405466851
9258,63540339529,311506,63540651035,9,0,0,2048,9,198334069
9259,63540407336,99804,63540507140,4,0,1,25088,4,298925876
9260,63540597200,47284,63540644484,2,0,1,1536,2,254068272
9261,63540610055,99784,63540709839,8,0,1,27648,8,8368106230
9262,63540709801,59158,63540768959,9,0,1,5120,9,3985631027
9263,63540728164,118036,63540846200,1,0,1,87552,1,2662933072
9264,63540790062,336854,63541126916,1,0,1,386560,1,3387272633
9265,63540848837,125125,63540973962,5,0,1,14336,5,1169425390
9266,63540949260,178178,63541127438,2,0,1,1536,2,10462809599
9267,63541001834,282980,63541284814,0,0,0,95232,0,6454728102
9268,63541013078,121164,63541134242,4,0,0,2560,4,4386416658
9269,63541034685,94517,63541129202,1,0,1,7680,1,6411607338
9270,63541040391,562,63541040953,5,0,0,1024,5,10469323717
9271,63541041336,159886,63541201222,4,0,1,7168,4,9969002270
9272,63541152849,113044,63541265893,1,0,1,71168,1,7984550821
9273,63541161266,226760,63541388026,5,0,0,512,5,8318806095
9274,63541262010,11843,63541273853,1,0,0,6144,1,1063155399
9275,63541348779,1514,63541350293,0,0,0,1536,0,5442531765
9276,63541390056,53321,63541443377,1,0,0,87040,1,1175499157
9277,63541396146,47577,63541443723,5,0,0,512,5,8026159350
9278,63541409955,65831,63541475786,6,0,1,5120,6,5848577650
9279,63541410781,2466,63541413247,4,0,1,35840,4,5703039765
9280,63541487596,136139,63541623735,0,0,0,2560,0,217432637
9281,63541747609,33846,63541781455,6,0,0,55808,6,10058758948
9282,63541752905,58741,63541811646,0,0,0,81408,0,3834389218
9283,63541819610,2466,63541822076,9,0,1,118272,9,1157752138
9284,63541875886,138231,63542014117,5,0,1,33280,5,1686105099
9285,63541911702,279455,63542191157,2,0,0,2560,2,9227279625
9286,63542025960,73116,63542099076,7,0,0,78336,7,9626351423
9287,63542087946,112261,63542200207,9,0,1,19968,9,4567012039
9288,63542283781,76067,63542359848,1,0,0,128000,1,10521857689
9289,63542334375,26139,63542360514,5,0,0,1024,5,4396938944
9290,63542458317,2466,63542460783,2,0,0,2560,2,3507737767
9291,63542479753,176800,63542656553,9,0,0,290816,9,38272948
9292,63542571915,329466,63542901381,1,0,1,240128,1,7618152248
9293,63542749402,172754,63542922156,1,0,1,68096,1,6298794302
9294,63542801042,51274,63542852316,1,0,1,61952,1,5577896030
9295,63542807466,52320,63542859786,2,0,1,38912,2,1952786416
9296,63542872831,186530,63543059361,0,0,0,2048,0,6233596536
9297,63542873731,193396,63543067127,5,0,0,3072,5,9535261725
9298,63542951684,87913,63543039597,9,0,1,8704,9,3504225739
9299,63543089525,4370,63543093895,5,0,0,4608,5,6165101960
9300,63543150811,34275,63543185086,6,0,0,59904,6,8325000325
9301,63543185188,47284,63543232472,6,0,1,17408,6,4246884200
9302,63543192475,116236,63543308711,2,0,1,1536,2,2202905129
9303,63543286294,15141,63543301435,3,0,0,21504,3,4316394422
9304,63543299585,62399,63543361984,2,0,1,1536,2,129166703
9305,63543446807,164954,63543611761,3,0,0,267776,3,3755565598
9306,63543467132,53934,63543521066,6,0,1,4096,6,1677612825
9307,63543509033,11270,63543520303,9,0,1,11776,9,9272888848
9308,63543563728,3894,63543567622,7,0,0,28160,7,2369688067
9309,63543612162,185269,63543797431,6,0,0,18432,6,9245664133
9310,63543624661,231575,63543856236,7,0,1,21504,7,7551597857
9311,63543639489,12562,63543652051,1,0,1,182272,1,10194141599
9312,63543641366,236711,63543878077,2,0,0,4096,2,8503877663
9313,63543660375,202880,63543863255,7,0,1,6144,7,6374153834
9314,63543743016,4370,63543747386,3,0,0,20992,3,1230250130
9315,63543780950,186123,63543967073,4,0,1,30720,4,4589992896
9316,63543882678,383131,63544265809,8,0,1,33280,8,6644160065
9317,63543892689,150093,63544042782,4,0,0,4608,4,4956862759
9318,63544038615,562,63544039177,4,0,0,512,4,6138828122
9319,63544098381,56333,63544154714,1,0,0,96256,1,8106030982
9320,63544255200,562,63544255762,5,0,0,512,5,2480432239
9321,63544271267,61687,63544332954,5,0,1,4096,5,10215333898
9322,63544285354,23721,63544309075,5,0,1,27136,5,3158038782
9323,63544351335,103772,63544455107,3,0,0,39424,3,1112445792
9324,63544406976,2942,63544409918,2,0,0,3072,2,2841254768
9325,63544462217,155863,63544618080,9,0,0,253440,9,9198714260
9326,63544560702,288433,63544849135,3,0,0,471552,3,128367598
9327,63544575878,361901,63544937779,3,0,0,285184,3,9577669690
9328,63544612349,408930,63545021279,6,0,1,18432,6,1735600100
9329,63544660473,360817,63545021290,6,0,0,264192,6,4570746974
9330,63544664562,357432,63545021994,5,0,0,2560,5,4911731632
9331,63544752489,275611,63545028100,1,0,0,20992,1,3313025286
9332,63544870219,94047,63544964266,7,0,1,30208,7,6219948883
9333,63544901145,53727,63544954872,1,0,1,806912,1,2738604064
9334,63544935039,235171,63545170210,4,0,0,1536,4,9713014566
9335,63544951670,146154,63545097824,1,0,1,58880,1,3067104995
9336,63544961985,75033,63545037018,7,0,1,512,7,8069361664
9337,63544992141,39460,63545031601,4,0,0,64000,4,5694510691
9338,63545045226,1990,63545047216,3,0,0,125952,3,3090793005
9339,63545082105,145650,63545227755,0,0,0,2048,0,3862457082
9340,63545191421,1514,63545192935,0,0,0,2048,0,7839423684
9341,63545200151,541104,63545741255,6,0,0,240128,6,3144849273
9342,63545364454,92012,63545456466,1,0,1,24064,1,2556342377
9343,63545370613,53715,63545424328,5,0,0,1536,5,6378745089
9344,63545382736,4998,63545387734,4,0,1,3072,4,4628324883
9345,63545448391,261539,63545709930,9,0,0,148992,9,5915772673
9346,63545497722,244204,63545741926,6,0,0,36352,6,8307669563
9347,63545535119,1033823,63546568942,8,0,1,4096,8,2401716890
9348,63545545933,401108,63545947041,2,0,1,3072,2,7924327536
9349,63545547745,391273,63545939018,0,0,0,2048,0,989847479
9350,63545752663,161500,63545914163,7,0,1,23040,7,7120273641
9351,63545795140,303173,63546098313,1,0,0,504832,1,1003762070
9352,63545825437,450967,63546276404,5,0,1,2560,5,7587822920
9353,63545828816,420517,63546249333,6,0,0,5120,6,7491588069
9354,63545971772,131975,63546103747,7,0,1,42496,7,886723672
9355,63546118664,186925,63546305589,0,0,0,2048,0,1021661789
9356,63546206413,467475,63546673888,6,0,0,307200,6,673546507
9357,63546217890,232987,63546450877,7,0,0,193536,7,2560023651
9358,63546233763,218100,63546451863,5,0,0,1536,5,8039871948
9359,63546244853,230608,63546475461,4,0,1,12800,4,9276232947
9360,63546252105,29418,63546281523,1,0,0,98304,1,1230096068
9361,63546374671,120840,63546495511,7,0,1,1024,7,4696813509
9362,63546453961,258854,63546712815,2,0,0,1024,2,5919668088
9363,63546499376,35567,63546534943,8,0,1,22016,8,2207712198
9364,63546517974,64908,63546582882,9,0,0,62464,9,8494415367
9365,63546547839,58406,63546606245,2,0,1,3584,2,9662151113
9366,63546584118,33309,63546617427,4,0,0,109568,4,9674564248
9367,63546594166,198466,63546792632,0,0,0,5632,0,1623147910
9368,63546607604,92537,63546700141,8,0,1,2048,8,2645833634
9369,63546619609,246808,63546866417,0,0,0,512,0,5619818905
9370,63546684900,242484,63546927384,1,0,1,29184,1,1216977561
9371,63546945395,67744,63547013139,4,0,1,8192,4,6158238222
9372,63546946649,256766,63547203415,6,0,0,419840,6,3870184427
9373,63546964837,244582,63547209419,7,0,0,28672,7,9436225724
9374,63547003997,207048,63547211045,2,0,0,2560,2,7289244045
9375,63547027928,244611,63547272539,9,0,1,12800,9,6993889693
9376,63547044914,279696,63547324610,7,0,0,261120,7,2397186525
9377,63547079850,227785,63547307635,6,0,0,53248,6,4421365542
9378,63547103576,205765,63547309341,2,0,0,5632,2,2122535462
9379,63547214639,115388,63547330027,4,0,0,66048,4,3110923427
9380,63547314796,2866,63547317662,4,0,1,15360,4,3729925355
9381,63547323319,32554,63547355873,9,0,1,9728,9,2863019505
9382,63547340814,157592,63547498406,2,0,0,8704,2,164826944
9383,63547345408,129094,63547474502,9,0,0,53248,9,7903992353
9384,63547355416,268374,63547623790,8,0,1,11776,8,1414902025
9385,63547498691,267408,63547766099,3,0,0,437248,3,10390973402
9386,63547528328,238117,63547766445,0,0,0,512,0,5314596137
9387,63547614143,154568,63547768711,5,0,0,3584,5,1462819437
9388,63547629906,166174,63547796080,1,0,1,25088,1,1820750366
9389,63547639339,254767,63547894106,7,0,0,126976,7,3019179287
9390,63547811191,1038,63547812229,6,0,1,51200,6,952122388
9391,63547902100,74604,63547976704,2,0,0,1024,2,6742376845
9392,63547921580,1038,63547922618,4,0,1,7680,4,2647067086
9393,63547942093,218920,63548161013,9,0,0,121856,9,1291470518
9394,63548083063,348371,63548431434,2,0,1,3072,2,2868500407
9395,63548084859,56255,63548141114,5,0,0,1024,5,7637778913
9396,63548111401,108417,63548219818,2,0,1,1024,2,5448148014
9397,63548178949,44056,63548223005,2,0,1,1024,2,8402122779
9398,63548235367,3418,63548238785,9,0,1,13824,9,8603904992
9399,63548260070,47284,63548307354,9,0,1,1536,9,8640242786
9400,63548260891,87892,63548348783,5,0,0,3584,5,4856133132
9401,63548288991,47284,63548336275,8,0,1,1536,8,8578205213
9402,63548376693,52360,63548429053,5,0,1,3072,5,1363410689
9403,63548480780,14113,63548494893,7,0,1,19968,7,8140904957
9404,63548493882,95908,63548589790,3,0,0,24064,3,201693194
9405,63548578367,562,63548578929,9,0,1,3584,9,869271598
9406,63548578489,60820,63548639309,7,0,1,5632,7,4677557669
9407,63548620203,127824,63548748027,2,0,0,512,2,9520571509
9408,63548675644,63292,63548738936,7,0,1,8704,7,5385757394
9409,63548682894,64204,63548747098,8,0,1,6656,8,361921547
9410,63548702533,296579,63548999112,6,0,0,480768,6,7842784198
9411,63548758337,195093,63548953430,2,0,1,12800,2,5415180442
9412,63548804685,248058,63549052743,0,0,0,1024,0,659140849
9413,63548830779,230647,63549061426,3,0,0,204800,3,4751553383
9414,63548931899,51882,63548983781,5,0,1,2048,5,296135201
9415,63548956792,108468,63549065260,1,0,1,44544,1,7294839663
9416,63548962968,46725,63549009693,7,0,1,1024,7,3258387098
9417,63549009890,281341,63549291231,0,0,0,512,0,904928991
9418,63549089936,108385,63549198321,7,0,0,80896,7,8300492453
9419,63549131787,314102,63549445889,5,0,1,6656,5,8523367257
9420,63549232094,41657,63549273751,1,0,0,55296,1,8059041496
9421,63549307816,23891,63549331707,4,0,0,43008,4,6907976634
9422,63549371151,34016,63549405167,4,0,0,59392,4,6804679051
9423,63549414659,113266,63549527925,6,0,1,9728,6,10111161239
9424,63549508597,85387,63549593984,9,0,1,14336,9,10198249168
9425,63549518901,54676,63549573577,6,0,1,37376,6,2500525941
9426,63549558778,174878,63549733656,7,0,1,11776,7,7150062522
9427,63549615760,314046,63549929806,8,0,1,5632,8,6990780790
9428,63549881606,95800,63549977406,1,0,0,159744,1,6827585879
9429,63549967183,46725,63550013908,6,0,0,80896,6,4925723325
9430,63549967569,107123,63550074692,1,0,0,214016,1,6364531373
9431,63549971633,156589,63550128222,2,0,1,3584,2,6339651418
9432,63550030222,79501,63550109723,6,0,1,4608,6,8776877304
9433,63550060210,200237,63550260447,9,0,0,49664,9,1367012257
9434,63550222524,61378,63550283902,6,0,1,9216,6,6129660936
9435,63550282404,3187,63550285591,3,0,0,99328,3,1042217499
9436,63550340941,206810,63550547751,5,0,0,512,5,9254478533
9437,63550420966,84260,63550505226,4,0,1,10752,4,3174221328
9438,63550725970,235867,63550961837,6,0,0,548864,6,6468970915
9439,63550762322,336733,63551099055,5,0,0,2560,5,7708106648
9440,63550773469,302007,63551075476,1,0,1,1024,1,6927975615
9441,63550785325,196845,63550982170,4,0,1,2048,4,9979897955
9442,63550847164,194215,63551041379,6,0,1,5120,6,5410853018
9443,63550878826,247569,63551126395,7,0,0,37888,7,8950479392
9444,63550882122,328837,63551210959,0,0,0,1024,0,4501855844
9445,63550897387,246755,63551144142,3,0,0,226304,3,2933298631
9446,63550963524,192803,63551156327,1,0,1,24576,1,6759733024
9447,63550972332,243922,63551216254,6,0,0,67584,6,8265690049
9448,63550997816,270850,63551268666,6,0,0,331776,6,3357408565
9449,63551017827,172013,63551189840,7,0,1,7680,7,6683507921
9450,63551045636,167078,63551212714,6,0,1,9216,6,3304237277
9451,63551097319,174126,63551271445,0,0,0,1024,0,780308502
9452,63551106760,103001,63551209761,5,0,0,7168,5,5423754756
9453,63551146780,287699,63551434479,1,0,0,159744,1,6108371748
9454,63551223016,369181,63551592197,1,0,1,1024,1,6213927391
9455,63551224523,165036,63551389559,4,0,0,23552,4,5023248432
9456,63551227900,185250,63551413150,9,0,1,6656,9,1738820053
9457,63551398447,1514,63551399961,1,0,1,3072,1,2245170564
9458,63551545765,245086,63551790851,9,0,1,89088,9,5605201722
9459,63551554198,12733,63551566931,1,0,1,57856,1,697723967
9460,63551579013,53491,63551632504,2,0,0,1536,2,10022831746
9461,63551654331,37231,63551691562,7,0,0,24576,7,2332859307
9462,63551670163,12730,63551682893,6,0,0,90624,6,1984726764
9463,63551689009,106907,63551795916,0,0,0,4096,0,214274450
9464,63551690983,42679,63551733662,8,0,1,7168,8,3368929143
9465,63551714586,360713,63552075299,9,0,0,13312,9,1180322388
9466,63551772320,369927,63552142247,8,0,1,43008,8,9757359866
9467,63551789857,101613,63551891470,6,0,0,69632,6,5077002374
9468,63551822523,58965,63551881488,9,0,0,149504,9,6457548101
9469,63551838990,41024,63551880014,7,0,1,34304,7,3121108956
9470,63551865190,251475,63552116665,5,0,0,2560,5,5541406646
9471,63551882629,1514,63551884143,7,0,1,9216,7,1270324137
9472,63551914883,300651,63552215534,3,0,0,51712,3,3936062420
9473,63552034757,275466,63552310223,5,0,1,15872,5,7165850063
9474,63552043597,145690,63552189287,5,0,0,1536,5,7177021662
9475,63552142047,99940,63552241987,2,0,1,28160,2,7120008217
9476,63552219277,143670,63552362947,1,0,0,232960,1,3988369555
9477,63552324033,161337,63552485370,4,0,1,1024,4,6904517465
9478,63552558473,60820,63552619293,6,0,1,9728,6,6173342796
9479,63552561120,70372,63552631492,9,0,1,11776,9,3700310776
9480,63552564362,77173,63552641535,1,0,1,5632,1,510302321
9481,63552627185,21912,63552649097,4,0,0,35840,4,5182156261
9482,63552742906,78832,63552821738,5,0,1,14336,5,10096527732
9483,63552834613,126433,63552961046,9,0,0,209408,9,4522190265
9484,63552850571,74494,63552925065,8,0,1,23040,8,4161767849
9485,63552897484,283459,63553180943,6,0,0,35840,6,3823900820
9486,63553020345,116036,63553136381,6,0,1,7680,6,218633970
9487,63553125843,62380,63553188223,4,0,1,10752,4,1641748725
9488,63553184125,21395,63553205520,9,0,0,34816,9,2519680480
9489,63553210460,89874,63553300334,8,0,1,10240,8,10057973524
9490,63553339431,79432,63553418863,1,0,1,11264,1,8893592576
9491,63553391708,1990,63553393698,9,0,1,3584,9,1864342604
9492,63553428107,54052,63553482159,0,0,0,2048,0,5802011999
9493,63553490934,59128,63553550062,2,0,1,5120,2,8351860519
9494,63553610089,1990,63553612079,1,0,1,32256,1,5620726020
9495,63553622009,3894,63553625903,7,0,0,2048,7,9989977490
9496,63553633541,101188,63553734729,7,0,1,43520,7,5325083249
9497,63553638759,59128,63553697887,1,0,0,4096,1,3724098224
9498,63553682654,81370,63553764024,7,0,1,5120,7,2833888195
9499,63553693359,35380,63553728739,8,0,1,14848,8,8637108066
9500,63553694173,94364,63553788537,1,0,0,131584,1,6206492635
9501,63553719719,2466,63553722185,2,0,1,24064,2,9678748328
9502,63553743709,234555,63553978264,5,0,0,5632,5,6897861361
9503,63553851089,175006,63554026095,0,0,0,2560,0,7004060028
9504,63553919106,1514,63553920620,2,0,0,1536,2,4191395455
9505,63553982800,147975,63554130775,9,0,0,244736,9,8141899879
9506,63554035694,173109,63554208803,4,0,1,3072,4,1298147347
9507,63554038665,236335,63554275000,3,0,0,356864,3,1476745812
9508,63554092132,190681,63554282813,2,0,1,23040,2,6292880879
9509,63554279586,14283,63554293869,9,0,1,19968,9,3391868921
9510,63554331799,148490,63554480289,7,0,0,27648,7,3903459021
9511,63554344365,129111,63554473476,8,0,1,9728,8,4955555783
9512,63554509466,65896,63554575362,8,0,1,7168,8,3852396063
9513,63554529135,66819,63554595954,5,0,1,9216,5,4880158001
9514,63554592817,99160,63554691977,8,0,1,25600,8,2688010445
9515,63554628122,100564,63554728686,7,0,1,30208,7,9978476168
9516,63554658571,76949,63554735520,4,0,1,6144,4,7308922745
9517,63554993543,21912,63555015455,7,0,0,35840,7,9368535575
9518,63554997186,1038,63554998224,2,0,1,8192,2,924459654
9519,63555018547,76606,63555095153,2,0,0,1024,2,2555679083
9520,63555042730,252895,63555295625,3,0,0,434176,3,4918300481
9521,63555052859,265858,63555318717,6,0,1,28160,6,6364942249
9522,63555120048,180820,63555300868,7,0,1,28672,7,3425520100
9523,63555206965,323972,63555530937,9,0,1,25088,9,5850817028
9524,63555208512,10683,63555219195,2,0,1,5632,2,2554702382
9525,63555438262,258460,63555696722,1,0,0,12800,1,9817467924
9526,63555713157,84471,63555797628,7,0,0,137728,7,4274739842
9527,63555761463,201755,63555963218,8,0,1,18432,8,5498345107
9528,63555786265,188475,63555974740,6,0,1,11264,6,2874389920
9529,63555876949,293863,63556170812,6,0,0,310272,6,904342160
9530,63555947360,164150,63556111510,7,0,1,2560,7,6266428436
9531,63555953577,173827,63556127404,4,0,0,168448,4,6335252314
9532,63555970136,245164,63556215300,9,0,0,441856,9,8442932290
9533,63555987279,324802,63556312081,9,0,1,6144,9,3895462908
9534,63556049763,234097,63556283860,9,0,1,19968,9,2467896549
9535,63556090017,1514,63556091531,6,0,0,101376,6,9142288490
9536,63556330424,51512,63556381936,0,0,0,1536,0,2114097751
9537,63556347116,78899,63556426015,1,0,0,83456,1,1520414818
9538,63556348735,562165,63556910900,7,0,0,93696,7,1796739415
9539,63556482427,101778,63556584205,9,0,1,9216,9,7823766814
9540,63556602336,81124,63556683460,8,0,1,11776,8,5405078533
9541,63556747647,33241,63556780888,8,0,1,45056,8,877451598
9542,63556772187,153861,63556926048,1,0,0,57856,1,8316197232
9543,63556873635,84796,63556958431,6,0,1,12800,6,10400090196
9544,63556926271,76067,63557002338,6,0,0,128000,6,4605471663
9545,63556943755,84812,63557028567,7,0,0,84480,7,4125204301
9546,63556947230,87715,63557034945,4,0,1,9216,4,6206828845
9547,63556981868,562,63556982430,2,0,1,45568,2,1972641444
9548,63557040353,114510,63557154863,2,0,0,512,2,2692094471
9549,63557128796,187590,63557316386,4,0,1,10240,4,3422000168
9550,63557215475,134837,63557350312,4,0,1,22528,4,4867599059
9551,63557218436,144933,63557363369,4,0,0,219136,4,7914085933
9552,63557459628,562,63557460190,2,0,0,512,2,2178314916
9553,63557465436,56212,63557521648,7,0,1,5632,7,2850730268
9554,63557609917,122645,63557732562,3,0,0,198656,3,10190852930
9555,63557692098,67102,63557759200,4,0,0,86528,4,8629306045
9556,63557718522,89181,63557807703,6,0,1,2048,6,54425936
9557,63557814422,562,63557814984,9,0,1,13824,9,8542581856
9558,63557861064,87892,63557948956,0,0,0,512,0,5933480754
9559,63557863301,76583,63557939884,7,0,0,129024,7,1618621329
9560,63557999836,562,63558000398,5,0,0,512,5,952333129
9561,63558064443,46467,63558110910,6,0,1,10752,6,6537326078
9562,63558069007,114742,63558183749,2,0,1,22016,2,4269958000
9563,63558070383,125898,63558196281,7,0,1,48640,7,1849635849
9564,63558077932,62412,63558140344,7,0,0,80384,7,990512470
9565,63558227833,237242,63558465075,3,0,0,101376,3,7711685845
9566,63558231379,120805,63558352184,6,0,0,370176,6,6000957924
9567,63558261186,253524,63558514710,2,0,0,512,2,2541974764
9568,63558279574,224063,63558503637,3,0,0,176128,3,1946441043
9569,63558292149,257876,63558550025,6,0,0,154624,6,2907253540
9570,63558338381,292983,63558631364,5,0,1,22016,5,4192151333
9571,63558466736,21395,63558488131,6,0,1,19968,6,6858944212
9572,63558467016,4846,63558471862,9,0,1,9216,9,7596306587
9573,63558495878,234657,63558730535,4,0,1,4608,4,9046596195
9574,63558675332,306484,63558981816,4,0,1,8192,4,3156030787
9575,63558675676,316273,63558991949,7,0,0,34816,7,8896289444
9576,63558724052,212332,63558936384,2,0,0,5120,2,5808777541
9577,63558985072,91237,63559076309,1,0,0,147456,1,870300007
9578,63558988119,3418,63558991537,4,0,1,5120,4,275336106
9579,63559078433,150530,63559228963,0,0,0,3584,0,4519383116
9580,63559103303,79326,63559182629,4,0,1,1024,4,9053798712
9581,63559121913,83696,63559205609,6,0,0,136192,6,7667015344
9582,63559245254,25183,63559270437,1,0,0,45568,1,2197624938
9583,63559276855,90127,63559366982,6,0,1,3584,6,8939371666
9584,63559338717,62512,63559401229,6,0,1,6144,6,5444556498
9585,63559386747,53837,63559440584,4,0,0,88064,4,3344126060
9586,63559452053,33587,63559485640,9,0,0,55296,9,660111912
9587,63559473425,167708,63559641133,9,0,0,276480,9,2741811938
9588,63559661071,3894,63559664965,2,0,1,2560,2,3473439816
9589,63559679390,194433,63559873823,8,0,1,34304,8,2923841633
9590,63559809960,1990,63559811950,0,0,0,4096,0,8304041673
9591,63559896506,6274,63559902780,2,0,0,2048,2,9296093411
9592,63559897958,242083,63560140041,2,0,0,6656,2,9024133721
9593,63559937054,137075,63560074129,1,0,0,226816,1,3596242643
9594,63559938356,197830,63560136186,6,0,0,206848,6,758208298
9595,63560064788,197910,63560262698,8,0,1,26112,8,1033800991
9596,63560139598,45592,63560185190,5,0,1,45568,5,8254125803
9597,63560231252,154483,63560385735,5,0,1,1024,5,9637890757
9598,63560250176,96903,63560347079,6,0,0,253952,6,5612107499
9599,63560280683,149122,63560429805,7,0,1,3072,7,305613436
9600,63560309208,392232,63560701440,6,0,1,2048,6,9030147208
9601,63560331972,193709,63560525681,9,0,1,44544,9,2758413553
9602,63560338912,248698,63560587610,2,0,1,2560,2,10601156220
9603,63560365590,215091,63560580681,6,0,0,340480,6,8644427579
9604,63560457331,123361,63560580692,4,0,0,4096,4,3485761291
9605,63560546059,45308,63560591367,6,0,0,50688,6,4080998983
9606,63560593490,32037,63560625527,4,0,0,52224,4,3448071661
9607,63560676970,146425,63560823395,3,0,0,241664,3,7440902350
9608,63560814299,5798,63560820097,6,0,1,36864,6,8458017881
9609,63560924725,180656,63561105381,9,0,0,6144,9,398571329
9610,63560993156,67444,63561060600,2,0,1,8704,2,7072497216
9611,63560997919,89824,63561087743,2,0,1,5632,2,473219954
9612,63561051670,68605,63561120275,1,0,1,7168,1,10220361651
9613,63561117695,112108,63561229803,2,0,1,68096,2,5966871230
9614,63561156726,87225,63561243951,1,0,0,146432,1,2020818624
9615,63561212261,32036,63561244297,0,0,0,512,0,8333908439
9616,63561242672,20362,63561263034,4,0,1,4608,4,2620106752
9617,63561280976,99607,63561380583,4,0,0,32768,4,2804235720
9618,63561321477,106167,63561427644,5,0,1,18432,5,3206335161
9619,63561341783,103216,63561444999,5,0,1,7680,5,718321411
9620,63561414247,231304,63561645551,8,0,1,38912,8,6898149195
9621,63561577362,35050,63561612412,4,0,0,61440,4,9822689816
9622,63561588820,108828,63561697648,4,0,1,25600,4,7767315368
9623,63561589140,151040,63561740180,4,0,1,34304,4,9296008633
9624,63561667521,102395,63561769916,1,0,0,165888,1,69182099
9625,63561673488,107667,63561781155,1,0,0,45568,1,2040369651
9626,63561739026,127097,63561866123,4,0,1,12288,4,9922875879
9627,63561780893,110507,63561891400,1,0,1,34816,1,10598786556
9628,63561807942,153441,63561961383,9,0,1,16896,9,8385681035
9629,63561966695,70972,63562037667,8,0,1,8704,8,5823937954
9630,63562062220,79432,63562141652,5,0,1,11264,5,5956229091
9631,63562315970,6750,63562322720,8,0,1,5120,8,2497296067
9632,63562341651,59128,63562400779,4,0,1,4096,4,5298191741
9633,63562347371,54208,63562401579,0,0,0,7168,0,8130189631
9634,63562369309,95536,63562464845,9,0,1,16896,9,6848137151
9635,63562398092,82528,63562480620,4,0,1,36864,4,6477919604
9636,63562414911,101656,63562516567,2,0,1,33792,2,7416731760
9637,63562419100,53579,63562472679,2,0,1,16384,2,9269583109
9638,63562457609,188873,63562646482,2,0,1,10240,2,2272536945
9639,63562501889,132487,63562634376,9,0,0,87552,9,2751558713
9640,63562649531,3418,63562652949,0,0,0,3584,0,1380389102
9641,63562672601,47284,63562719885,8,0,1,15360,8,4512236703
9642,63562726115,120299,63562846414,4,0,1,1536,4,9199268917
9643,63562758364,54052,63562812416,7,0,1,3584,7,1323627478
9644,63562886199,43900,63562930099,4,0,1,512,4,6921945835
9645,63562922400,2466,63562924866,2,0,1,11264,2,9552256074
9646,63562987522,73288,63563060810,0,0,0,2560,0,2619904339
9647,63563031537,105244,63563136781,5,0,1,45568,5,4722468921
9648,63563139422,3418,63563142840,2,0,0,3584,2,7675725030
9649,63563180921,95283,63563276204,4,0,0,158720,4,5674584940
9650,63563244257,133287,63563377544,3,0,0,216064,3,3436182619
9651,63563262493,116037,63563378530,5,0,0,1536,5,1216651500
9652,63563377021,163300,63563540321,6,0,1,3072,6,771925908
9653,63563441520,562,63563442082,4,0,1,29696,4,4346694616
9654,63563544450,140344,63563684794,0,0,0,512,0,7151049427
9655,63563589916,135008,63563724924,6,0,0,222720,6,6358281636
9656,63563841719,4846,63563846565,4,0,1,23552,4,495584853
9657,63563882763,98536,63563981299,0,0,0,5120,0,3439166268
9658,63563955838,34533,63563990371,1,0,0,60416,1,1317581686
9659,63563970146,100657,63564070803,2,0,1,16896,2,1985547007
9660,63564022265,143154,63564165419,9,0,0,231936,9,3996401049
9661,63564118005,30745,63564148750,2,0,1,5632,2,5790451680
9662,63564129461,141894,63564271355,8,0,1,4608,8,9132620618
9663,63564196836,158270,63564355106,6,0,0,49664,6,8106887148
9664,63564270529,64221,63564334750,6,0,1,43008,6,4592660241
9665,63564277446,12871,63564290317,4,0,0,104960,4,823482847
9666,63564329142,2466,63564331608,2,0,0,512,2,2725376147
9667,63564401201,199193,63564600394,5,0,0,2560,5,9351365949
9668,63564568393,1514,63564569907,0,0,0,1536,0,7373848810
9669,63564762469,6750,63564769219,0,0,0,7168,0,1474645891
9670,63564771250,62670,63564833920,6,0,0,101888,6,4342415355
9671,63564807080,3894,63564810974,9,0,1,22528,9,2346401476
9672,63564835702,175375,63565011077,2,0,1,24576,2,6031375639
9673,63564867667,148088,63565015755,4,0,1,15872,4,329753269
9674,63564962311,21137,63564983448,0,0,0,4096,0,2430025537
9675,63565010520,219739,63565230259,7,0,1,21504,7,2761897284
9676,63565017358,90232,63565107590,3,0,0,34304,3,1635732481
9677,63565067106,64908,63565132014,3,0,0,109568,3,2088030422
9678,63565373355,47284,63565420639,9,0,1,1536,9,4966302147
9679,63565454590,25183,63565479773,6,0,0,45568,6,3006548302
9680,63565532256,101188,63565633444,5,0,1,32256,5,8744799197
9681,63565554049,82214,63565636263,8,0,1,9216,8,5797756607
9682,63565584470,81904,63565666374,2,0,1,14336,2,3810436122
9683,63565824521,34363,63565858884,3,0,0,56832,3,7296060915
9684,63565838281,21269,63565859550,0,0,0,1024,0,8722066252
9685,63565937753,1990,63565939743,0,0,0,2048,0,6450247298
9686,63565983354,33329,63566016683,2,0,1,6656,2,5489519330
9687,63566009182,64204,63566073386,6,0,0,54784,6,6627161423
9688,63566053826,84729,63566138555,3,0,0,138240,3,6552339989
9689,63566188291,213512,63566401803,9,0,0,345600,9,10617024286
9690,63566368056,1990,63566370046,9,0,1,62464,9,1534084733
9691,63566373441,165496,63566538937,6,0,1,29184,6,9486256306
9692,63566386257,66975,63566453232,1,0,1,5120,1,4017040656
9693,63566417247,242964,63566660211,2,0,0,2048,2,2216054324
9694,63566522894,246482,63566769376,3,0,0,113664,3,7454257933
9695,63566681465,216096,63566897561,4,0,0,350720,4,7289722883
9696,63566742758,155469,63566898227,0,0,0,1024,0,4109802226
9697,63566744731,132666,63566877397,2,0,1,5632,2,3686434295
9698,63566780601,198840,63566979441,2,0,1,7168,2,9248785052
9699,63566815365,4370,63566819735,4,0,1,28160,4,10411803044
9700,63566867310,243392,63567110702,5,0,1,1024,5,500756682
9701,63566890325,203850,63567094175,1,0,1,7168,1,4535445710
9702,63566975195,228065,63567203260,6,0,0,4608,6,9185201241
9703,63567142889,296579,63567439468,3,0,0,480768,3,9010753687
9704,63567190725,269941,63567460666,1,0,0,68608,1,2833915018
9705,63567214036,253146,63567467182,3,0,0,23040,3,4004091193
9706,63567215641,287831,63567503472,9,0,0,124416,9,180492247
9707,63567226969,318652,63567545621,7,0,1,30208,7,1018604273
9708,63567302464,294273,63567596737,3,0,0,299008,3,3084467524
9709,63567331402,196552,63567527954,7,0,1,10752,7,7663327466
9710,63567369037,272225,63567641262,1,0,1,10752,1,991345622
9711,63567400136,356417,63567756553,9,0,1,4096,9,6530601739
9712,63567432366,204733,63567637099,1,0,0,104960,1,7334351442
9713,63567500318,426804,63567927122,4,0,1,8192,4,856525715
9714,63567601947,1514,63567603461,4,0,1,11776,4,3351476536
9715,63567859405,300622,63568160027,5,0,1,512,5,3559252042
9716,63567892603,103411,63567996014,2,0,0,1536,2,5099043377
9717,63567934050,64148,63567998198,5,0,1,4608,5,1021904722
9718,63568137403,76048,63568213451,7,0,1,10240,7,1939327370
9719,63568309112,80368,63568389480,4,0,1,14336,4,10681632805
9720,63568370877,127984,63568498861,1,0,0,212480,1,8941237007
9721,63568380904,159994,63568540898,3,0,0,135680,3,2313342508
9722,63568552707,104613,63568657320,9,0,1,15872,9,10383617901
9723,63568583372,147973,63568731345,2,0,1,16384,2,2082819313
9724,63568644316,141036,63568785352,6,0,1,32256,6,7076753480
9725,63568716065,74290,63568790355,8,0,1,16384,8,5008929487
9726,63568737113,121126,63568858239,1,0,1,19456,1,6453230550
9727,63568859222,2942,63568862164,0,0,0,3072,0,8708458202
9728,63568924109,101344,63569025453,6,0,1,32768,6,6897763859
9729,63569051781,1990,63569053771,2,0,0,2048,2,2012841399
9730,63569071762,562,63569072324,0,0,0,512,0,7026168725
9731,63569126445,101069,63569227514,4,0,1,26112,4,1933431988
9732,63569325978,562,63569326540,2,0,0,512,2,2662602976
9733,63569353032,62929,63569415961,6,0,1,27648,6,4918454564
9734,63569370170,52810,63569422980,3,0,0,102400,3,4839703520
9735,63569382235,93640,63569475875,2,0,0,3072,2,1180400947
9736,63569563338,92270,63569655608,4,0,0,149504,4,580648130
9737,63569625968,31003,63569656971,2,0,1,22528,2,2434915942
9738,63569656678,1990,63569658668,3,0,0,50176,3,9006693866
9739,63569693894,45433,63569739327,2,0,0,2048,2,4450559256
9740,63569707288,219915,63569927203,1,0,0,78336,1,10463476694
9741,63569804566,133232,63569937798,7,0,1,49664,7,9771567056
9742,63569877325,155604,63570032929,4,0,0,252928,4,10084071827
9743,63570066582,1038,63570067620,9,0,1,13312,9,7742063515
9744,63570217727,6750,63570224477,2,0,0,1024,2,5541412655
9745,63570242441,220115,63570462556,2,0,0,7168,2,9089549941
9746,63570315208,71620,63570386828,6,0,1,27648,6,5995676457
9747,63570335842,100689,63570436531,7,0,1,15872,7,6099282637
9748,63570450993,115791,63570566784,1,0,0,192000,1,9049403736
9749,63570556464,14826,63570571290,2,0,0,7168,2,5901682191
9750,63570692400,120597,63570812997,1,0,1,36864,1,964053544
9751,63570713035,154999,63570868034,4,0,0,254976,4,5433047189
9752,63570727409,251289,63570978698,2,0,1,77824,2,7018350307
9753,63570739940,201418,63570941358,8,0,1,5120,8,10191430686
9754,63570783695,68885,63570852580,9,0,1,20992,9,1708232262
9755,63570969766,301789,63571271555,3,0,0,87552,3,4915063925
9756,63571042936,562,63571043498,5,0,0,512,5,1326955431
9757,63571067988,30745,63571098733,4,0,1,1024,4,7195222691
9758,63571073035,50668,63571123703,2,0,1,2560,2,1252634309
9759,63571087739,156469,63571244208,3,0,0,49664,3,4055994190
9760,63571134361,114329,63571248690,4,0,0,185856,4,3533833580
9761,63571289838,56333,63571346171,6,0,0,96256,6,10336553659
9762,63571297735,83134,63571380869,6,0,0,99840,6,6121591665
9763,63571306960,155793,63571462753,1,0,1,10752,1,9817933207
9764,63571366323,281624,63571647947,4,0,1,1536,4,490953099
9765,63571486051,185469,63571671520,5,0,1,22528,5,1868299425
9766,63571544253,130456,63571674709,2,0,1,14336,2,4679451692
9767,63571544557,99691,63571644248,1,0,1,2560,1,3744398024
9768,63571550235,140492,63571690727,5,0,1,26624,5,6033699339
9769,63571578813,187406,63571766219,5,0,1,5120,5,2020170653
9770,63571676656,13508,63571690164,8,0,1,36352,8,4271383495
9771,63571707303,102436,63571809739,5,0,1,14848,5,10153245473
9772,63571742379,86996,63571829375,6,0,0,26112,6,1160503315
9773,63571902866,106024,63572008890,6,0,1,48128,6,5206030640
9774,63571930443,205120,63572135563,4,0,0,466432,4,3939046192
9775,63571936886,287488,63572224374,5,0,1,6144,5,9307841264
9776,63571968380,270544,63572238924,6,0,0,75776,6,10544906558
9777,63572010906,188553,63572199459,1,0,1,6144,1,6385771777
9778,63572051997,132662,63572184659,5,0,0,2560,5,4792796159
9779,63572110154,369552,63572479706,5,0,0,3584,5,5063384954
9780,63572261197,74775,63572335972,1,0,0,125440,1,5851483861
9781,63572276651,60627,63572337278,2,0,0,2048,2,5053282128
9782,63572501231,23116,63572524347,1,0,1,21504,1,1005997132
9783,63572536957,17452,63572554409,6,0,0,41472,6,3981084875
9784,63572544247,82552,63572626799,0,0,0,2560,0,694848908
9785,63572576700,74087,63572650787,4,0,0,120832,4,1908115177
9786,63572619721,21654,63572641375,5,0,1,23040,5,8583945244
9787,63572631104,3418,63572634522,9,0,1,5120,9,6199088220
9788,63572644570,141696,63572786266,9,0,0,35328,9,1324163817
9789,63572699681,147448,63572847129,2,0,0,3584,2,9263583129
9790,63572801873,104116,63572905989,9,0,0,172544,9,7734665049
9791,63572940515,104979,63573045494,6,0,1,9728,6,2016943728
9792,63572974234,80913,63573055147,9,0,0,171008,9,7881838297
9793,63573009678,3418,63573013096,9,0,1,6656,9,6861563149
9794,63573085642,15317,63573100959,4,0,1,79872,4,9941840087
9795,63573095596,235639,63573331235,8,0,1,512,8,2965089987
9796,63573100849,80725,63573181574,9,0,0,3584,9,4078138455
9797,63573153851,1038,63573154889,6,0,0,29696,6,4930135484
9798,63573201870,101656,63573303526,6,0,1,33792,6,3448173565
9799,63573285212,363476,63573648688,2,0,0,1024,2,4812048442
9800,63573333419,130957,63573464376,7,0,1,17920,7,7460438842
9801,63573616454,59440,63573675894,4,0,1,6144,4,8430377114
9802,63573696727,15317,63573712044,7,0,1,17408,7,3311884609
9803,63573721721,55798,63573777519,6,0,0,29696,6,6284107775
9804,63573722304,93592,63573815896,1,0,1,1536,1,4962129038
9805,63573756950,109449,63573866399,9,0,1,12800,9,6637594150
9806,63573871479,21395,63573892874,6,0,0,34816,6,6296973948
9807,63573883476,9744,63573893220,5,0,0,512,5,2022315368
9808,63573897869,54008,63573951877,6,0,0,91648,6,8804710726
9809,63573917398,45718,63573963116,1,0,0,45568,1,898917969
9810,63573945563,172663,63574118226,6,0,1,512,6,8124677150
9811,63573997661,283612,63574281273,6,0,0,458752,6,6307658972
9812,63574149902,201822,63574351724,9,0,1,6656,9,5941461994
9813,63574238280,223357,63574461637,8,0,1,12800,8,6275686582
9814,63574333043,144847,63574477890,1,0,1,10752,1,1140132475
9815,63574393816,98078,63574491894,5,0,1,16384,5,7716712965
9816,63574749781,95800,63574845581,6,0,0,159744,6,3676516592
9817,63574811354,35303,63574846657,6,0,0,13312,6,1298842852
9818,63574814212,48817,63574863029,9,0,0,61952,9,1762154434
9819,63574921072,562,63574921634,4,0,0,512,4,9170551155
9820,63574950973,122128,63575073101,9,0,0,197632,9,7216477541
9821,63575123896,2942,63575126838,0,0,0,3072,0,9460051391
9822,63575308276,2466,63575310742,2,0,0,2560,2,5823382559
9823,63575322220,67588,63575389808,6,0,1,7680,6,10180215075
9824,63575348306,55744,63575404050,2,0,1,4096,2,3223753934
9825,63575651750,5322,63575657072,0,0,0,5632,0,4266064272
9826,63575707951,2866,63575710817,4,0,0,8704,4,4818246950
9827,63575792312,562,63575792874,2,0,0,512,2,17202488
9828,63575843747,562,63575844309,5,0,0,512,5,5450411354
9829,63575916308,61637,63575977945,4,0,0,99840,4,2480082040
9830,63575964025,102620,63576066645,4,0,1,16896,4,10564854540
9831,63576017222,49902,63576067124,5,0,1,1536,5,9494029808
9832,63576032666,117947,63576150613,4,0,1,4608,4,8698766357
9833,63576184256,3418,63576187674,6,0,1,17408,6,3709181777
9834,63576199819,78232,63576278051,5,0,0,3584,5,6441876544
9835,63576523967,156808,63576680775,9,0,0,258560,9,9430067502
9836,63576580352,106632,63576686984,4,0,0,29696,4,2997633164
9837,63576626958,123162,63576750120,9,0,0,199680,9,10320154426
9838,63576746651,22429,63576769080,8,0,1,32256,8,2344736141
9839,63576753452,1990,63576755442,1,0,0,36864,1,4758272681
9840,63576865736,1514,63576867250,0,0,0,2048,0,1874513697
9841,63576964338,255344,63577219682,0,0,0,1536,0,1445223039
9842,63577041303,84988,63577126291,1,0,0,138752,1,3550521738
9843,63577093378,130554,63577223932,7,0,1,18432,7,1040323365
9844,63577507249,4846,63577512095,3,0,0,5120,3,1849757404
9845,63577513375,202612,63577715987,1,0,0,327680,1,5978837030
9846,63577764433,91753,63577856186,4,0,0,148480,4,7006940561
9847,63577792421,66031,63577858452,0,0,0,3584,0,2086573149
9848,63577934391,1514,63577935905,0,0,0,1536,0,10359445076
9849,63577995562,6274,63578001836,2,0,0,6656,2,9450827257
9850,63578022229,1038,63578023267,4,0,1,24576,4,9298199605
9851,63578045405,98848,63578144253,2,0,0,1024,2,9392423149
9852,63578109549,84591,63578194140,7,0,1,11264,7,9575895873
9853,63578165133,57436,63578222569,6,0,1,4608,6,8755253285
9854,63578208178,48976,63578257154,8,0,1,2048,8,8669031373
9855,63578326129,1990,63578328119,6,0,1,9728,6,9640595049
9856,63578385060,74356,63578459416,0,0,0,2048,0,973123194
9857,63578619296,72795,63578692091,6,0,0,118272,6,895509601
9858,63578677772,110371,63578788143,9,0,1,7680,9,3289840379
9859,63578706346,60064,63578766410,2,0,1,29184,2,5249702191
9860,63578755241,119069,63578874310,6,0,1,8192,6,2061602969
9861,63578868804,71596,63578940400,2,0,1,10752,2,10160839799
9862,63579031704,79432,63579111136,8,0,1,11264,8,1072806151
9863,63579152081,2466,63579154547,5,0,0,2560,5,542261836
9864,63579357492,94508,63579452000,4,0,0,157184,4,2338225619
9865,63579407189,95156,63579502345,6,0,1,2048,6,882669726
9866,63579460208,114758,63579574966,4,0,0,189952,4,10197521246
9867,63579480448,186317,63579666765,2,0,1,25600,2,10253958965
9868,63579551314,157583,63579708897,9,0,0,260096,9,8592556783
9869,63579571800,88004,63579659804,4,0,1,6144,4,7271967865
9870,63579651845,40753,63579692598,3,0,0,107008,3,6268754210
9871,63579699442,251199,63579950641,5,0,0,512,5,1175043705
9872,63579785913,150841,63579936754,5,0,1,20480,5,9978977323
9873,63579841516,105008,63579946524,7,0,1,32768,7,315123259
9874,63579927408,234980,63580162388,1,0,1,5120,1,9640489857
9875,63580021996,93434,63580115430,5,0,1,8192,5,2852487011
9876,63580239842,76072,63580315914,2,0,1,15360,2,9336631409
9877,63580429613,1990,63580431603,5,0,0,2048,5,6953764658
9878,63580530252,69280,63580599532,4,0,1,8192,4,2068207775
9879,63580572902,1038,63580573940,4,0,1,16384,4,9536322425
9880,63580637179,91744,63580728923,9,0,1,26112,9,7608833306
9881,63580638169,4370,63580642539,6,0,1,23552,6,9801442141
9882,63580639383,97000,63580736383,2,0,0,1024,2,8019658743
9883,63580676585,105957,63580782542,9,0,1,29696,9,5351253178
9884,63580706538,22578,63580729116,7,0,1,8704,7,8392779483
9885,63580720105,69436,63580789541,5,0,0,4608,5,5031442620
9886,63580720569,159887,63580880456,3,0,0,28160,3,6030850086
9887,63580817251,50668,63580867919,5,0,1,2560,5,2785793486
9888,63580929722,62512,63580992234,2,0,1,6144,2,790686765
9889,63581030311,72376,63581102687,9,0,1,13312,9,4455946029
9890,63581089265,50668,63581139933,6,0,1,2560,6,8986400382
9891,63581120757,54525,63581175282,3,0,0,92672,3,486916278
9892,63581374574,100876,63581475450,7,0,1,31232,7,448278539
9893,63581398608,135354,63581533962,3,0,0,220160,3,5095097305
9894,63581413060,124448,63581537508,2,0,0,5632,2,9741008205
9895,63581458259,131552,63581589811,1,0,0,168448,1,2787979968
9896,63581636872,1514,63581638386,2,0,0,1536,2,4029830454
9897,63581728061,34363,63581762424,6,0,0,56832,6,8834326723
9898,63581761131,4846,63581765977,2,0,0,5120,2,9375544970
9899,63582006205,84900,63582091105,1,0,0,141824,1,9070887287
9900,63582056566,29028,63582085594,7,0,1,49664,7,7728514298
9901,63582064663,1990,63582066653,6,0,0,4096,6,9316195431
9902,63582128110,141532,63582269642,1,0,1,16384,1,4590909756
9903,63582143456,273782,63582417238,9,0,1,6656,9,7435481949
9904,63582246424,76706,63582323130,5,0,0,2048,5,4338103705
9905,63582266212,58407,63582324619,5,0,1,4096,5,10507602786
9906,63582312501,252344,63582564845,6,0,1,4096,6,4526554345
9907,63582521746,98692,63582620438,9,0,1,24064,9,9444174204
9908,63582545475,119561,63582665036,7,0,1,28160,7,6998816918
9909,63582679799,1038,63582680837,2,0,0,1024,2,7806171342
9910,63582715158,62512,63582777670,6,0,1,6144,6,6600995210
9911,63582729938,104979,63582834917,9,0,0,171008,9,3254883058
9912,63582749016,118287,63582867303,9,0,0,105984,9,1166622557
9913,63582776057,26309,63582802366,9,0,1,7680,9,671232722
9914,63582784897,117488,63582902385,7,0,1,2048,7,2247769761
9915,63582843260,43108,63582886368,5,0,0,3584,5,5351686729
9916,63582872218,142290,63583014508,6,0,1,5120,6,7406700772
9917,63582968242,242430,63583210672,6,0,0,73728,6,6893603714
9918,63583032249,4370,63583036619,2,0,0,4608,2,8433414552
9919,63583066953,1514,63583068467,4,0,1,512,4,7412215087
9920,63583073083,12045,63583085128,0,0,0,1536,0,9976182411
9921,63583088810,43900,63583132710,3,0,0,19968,3,10388572826
9922,63583210299,24150,63583234449,3,0,0,43520,3,2447352238
9923,63583227647,93562,63583321209,9,0,0,152064,9,1581616508
9924,63583258638,109926,63583368564,8,0,1,20480,8,9278059806
9925,63583324387,1990,63583326377,9,0,1,18432,9,1922647862
9926,63583396928,164462,63583561390,1,0,1,35328,1,6223156006
9927,63583453175,152561,63583605736,2,0,0,2048,2,4762658390
9928,63583475787,63704,63583539491,1,0,1,4608,1,6908112014
9929,63583596668,65646,63583662314,6,0,0,103936,6,546775383
9930,63583599872,311938,63583911810,6,0,0,8192,6,4999700555
9931,63583657770,102137,63583759907,1,0,1,25600,1,7250760370
9932,63583761692,86967,63583848659,3,0,0,165376,3,2341184698
9933,63583771399,9329,63583780728,4,0,1,28672,4,3959949097
9934,63583821813,282681,63584104494,1,0,0,145920,1,2171615879
9935,63583901077,190298,63584091375,6,0,0,2560,6,10246464884
9936,63583909141,174771,63584083912,4,0,1,8704,4,5024432414
9937,63584127388,32037,63584159425,5,0,1,10752,5,9020763072
9938,63584162051,77740,63584239791,6,0,0,52224,6,1953732689
9939,63584341837,2866,63584344703,1,0,0,8704,1,10736750544
9940,63584341998,87228,63584429226,9,0,1,18432,9,1650920500
9941,63584362832,121162,63584483994,7,0,1,36864,7,9527013143
9942,63584534624,5798,63584540422,0,0,0,6144,0,1691206800
9943,63584568702,84383,63584653085,9,0,0,140800,9,10219547293
9944,63584590517,63554,63584654071,0,0,0,1536,0,9517456347
9945,63584600142,69471,63584669613,6,0,1,4608,6,10462596846
9946,63584600916,132895,63584733811,7,0,1,14336,7,1986356277
9947,63584663490,136889,63584800379,1,0,1,59904,1,2035643764
9948,63584948417,1514,63584949931,9,0,0,1536,9,4043799414
9949,63584957816,1038,63584958854,1,0,1,48640,1,3919818194
9950,63584957970,106180,63585064150,5,0,0,1024,5,3165010930
9951,63585315138,58528,63585373666,6,0,1,8192,6,3063941846
9952,63585328187,81628,63585409815,4,0,0,132096,4,6172263264
9953,63585525977,43900,63585569877,6,0,1,512,6,3095584321
9954,63585543808,91753,63585635561,3,0,0,148480,3,10610093301
9955,63585572501,63406,63585635907,2,0,0,512,2,689145738
9956,63585607436,49976,63585657412,9,0,0,70144,9,610889836
9957,63585617266,1990,63585619256,6,0,1,23552,6,8446342045
9958,63585691330,111579,63585802909,0,0,0,2048,0,1285681445
9959,63585732577,108325,63585840902,7,0,1,16384,7,896241299
9960,63585789471,298536,63586088007,4,0,1,8704,4,1124984279
9961,63586448333,14113,63586462446,9,0,0,24064,9,9069164299
9962,63586601405,23116,63586624521,1,0,1,16896,1,7206593046
9963,63586631831,26009,63586657840,3,0,0,41472,3,9426695528
9964,63586633764,88001,63586721765,4,0,0,7680,4,7247974834
9965,63586844832,6750,63586851582,4,0,0,7168,4,5194450734
9966,63586893930,32037,63586925967,3,0,0,52224,3,6775462243
9967,63586950562,55744,63587006306,4,0,1,4096,4,10401513920
9968,63587117046,100876,63587217922,8,0,1,31232,8,8512803161
9969,63587137766,129866,63587267632,1,0,1,11776,1,6846653536
9970,63587142623,145115,63587287738,2,0,1,1024,2,3316006515
9971,63587310883,85933,63587396816,6,0,0,143872,6,4741368357
9972,63587327589,69573,63587397162,2,0,0,512,2,9616614179
9973,63587392216,5714,63587397930,9,0,0,11776,9,520174539
9974,63587427361,21654,63587449015,6,0,0,35328,6,7208185221
9975,63587513747,11270,63587525017,6,0,1,26112,6,4292587017
9976,63587588985,108583,63587697568,4,0,0,18432,4,1313349684
9977,63587613681,64072,63587677753,4,0,1,11264,4,7968828401
9978,63587697127,87920,63587785047,4,0,0,234496,4,2318677420
9979,63587734129,144446,63587878575,7,0,1,512,7,2558003372
9980,63587835778,117565,63587953343,2,0,1,15872,2,3592598471
9981,63587844429,127719,63587972148,9,0,1,3584,9,10447252044
9982,63587930144,90115,63588020259,4,0,1,3072,4,10187313670
9983,63588026500,1038,63588027538,0,0,0,1024,0,4923108413
9984,63588122430,97444,63588219874,1,0,1,19968,1,1731483515
9985,63588205767,246900,63588452667,3,0,0,403968,3,1765555597
9986,63588330671,54245,63588384916,9,0,1,10752,9,3731511441
9987,63588404596,26735,63588431331,6,0,1,18432,6,4627055682
9988,63588409661,193747,63588603408,4,0,0,45568,4,7340018076
9989,63588437427,3894,63588441321,1,0,0,9216,1,5922736016
9990,63588547779,263634,63588811413,5,0,0,4096,5,2363669907
9991,63588742394,3894,63588746288,5,0,0,4096,5,8475568968
9992,63588916727,65896,63588982623,6,0,1,7168,6,7006779908
9993,63589079949,57436,63589137385,2,0,1,4608,2,524337352
9994,63589087312,115016,63589202328,1,0,0,190464,1,1942445636
9995,63589112725,112371,63589225096,1,0,1,7680,1,6752438590
9996,63589131687,72572,63589204259,4,0,0,134144,4,10223500442
9997,63589182520,50801,63589233321,6,0,0,36352,6,7298320186
9998,63589208157,157842,63589365999,0,0,0,6144,0,4136286406
9999,63589220912,270600,63589491512,4,0,0,260608,4,7799576673
