RequestID,ArrivalTime,DelayTime,FinishTime,InitiatorID,TargetID,IOType,Size,VolumeID,Offset
0,0,49044,49044,0,0,0,2048,14,647719657
1,1,10779,10780,4,0,1,16896,13,7102296153
2,2,16443,16445,5,0,1,17920,18,251457388
3,3,19668,19671,2,0,1,5120,16,845384783
4,4,410407,410411,6,0,0,248320,12,8221104573
5,5,19820,19825,7,0,1,8704,16,8750259838
6,6,28607,28613,8,0,1,26112,7,2206753448
7,7,29592,29599,1,0,1,1536,9,1111644045
8,8,29847,29855,9,0,1,9216,15,3259587184
9,9,30512,30521,3,0,1,1024,3,7548197739
10,14810,16377,31187,4,0,1,1024,13,5484968746
11,44620,4679,49299,5,0,1,12288,18,9176967415
12,95860,1042,96902,4,0,1,1024,13,1588374705
13,99449,222459,321908,9,0,0,12288,15,5759346834
14,101161,565827,666988,2,0,0,290816,16,7735260271
15,104250,1042,105292,8,0,1,1024,7,10697654452
16,110160,13512,123672,4,0,1,26112,13,3253647699
17,114410,11528,125938,9,0,1,3584,15,3875422382
18,115870,14574,130444,3,0,1,7168,3,2315735291
19,124210,10100,134310,4,0,1,6144,13,488945986
20,141030,6278,147308,4,0,1,6656,13,9320049764
21,141911,411987,553898,4,0,0,49152,13,8350927146
22,148140,13512,161652,4,0,1,26112,13,9777052858
23,162790,3387,166177,7,0,1,9728,16,6126146001
24,178620,511018,689638,6,0,0,45056,12,985841281
25,195950,718678,914628,6,0,0,163328,12,2483301171
26,196341,516375,712716,2,0,0,14848,16,9163212140
27,202481,336402,538883,4,0,0,148480,13,7490055878
28,263510,5802,269312,3,0,1,6144,3,6387633920
29,273820,21658,295478,3,0,1,35328,3,7922205343
30,287430,8612,296042,1,0,1,10752,9,9993891563
31,311531,363677,675208,4,0,0,26624,13,6025402575
32,340740,77586,418326,8,0,1,8192,7,5100543737
33,341270,79322,420592,9,0,1,3584,15,10578281881
34,354880,69578,424458,4,0,1,6144,13,4762440648
35,356251,206980,563231,2,0,0,1536,16,10203922640
36,358521,317374,675895,2,0,0,2048,16,8713029876
37,363260,61762,425022,9,0,1,10752,15,325187121
38,371300,491076,862376,6,0,0,159744,12,4505975485
39,371560,55050,426610,5,0,1,15872,18,2863082691
40,372610,55744,428354,3,0,1,11264,3,265007668
41,384789,427899,812688,9,0,0,11264,15,972418458
42,416160,14932,431092,7,0,1,9728,16,3010219670
43,478410,1518,479928,8,0,1,1536,7,5377259392
44,484000,5802,489802,5,0,1,6144,18,8181025512
45,510921,414687,925608,2,0,0,2048,16,7482971377
46,521700,37483,559183,2,0,1,5632,16,4166597825
47,522790,144213,667003,9,0,1,40448,15,8747130607
48,549510,117508,667018,7,0,1,4608,16,9080842857
49,555690,111351,667041,7,0,1,16384,16,9670245673
50,586470,103183,689653,4,0,1,2560,13,7172490299
51,599750,89918,689668,3,0,1,1536,3,1244463203
52,609940,79751,689691,4,0,1,16384,13,6943713424
53,617830,71876,689706,9,0,1,1536,15,206819946
54,618831,378630,997461,2,0,0,4096,16,5247935262
55,627389,393799,1021188,9,0,0,77824,15,1932577459
56,658949,337241,996190,9,0,0,95232,15,337011654
57,669621,63464,733085,0,0,1,71168,14,5385599253
58,697310,37401,734711,7,0,1,2560,16,6976162784
59,712950,26587,739537,8,0,1,7680,7,1826124019
60,722071,140976,863047,2,0,0,2048,16,6782701680
61,736240,3963,740203,3,0,1,1024,3,5480261034
62,779780,3898,783678,5,0,1,4096,18,9938162535
63,784640,7230,791870,9,0,1,7680,15,6030196067
64,786440,16426,802866,9,0,1,30720,15,9987763027
65,795160,7860,803020,9,0,1,8704,15,1104059674
66,820390,94261,914651,9,0,1,8192,15,1387712908
67,822401,533572,1355973,4,0,0,266752,13,6504907676
68,823160,91506,914666,1,0,1,6144,9,7288966819
69,842730,71951,914681,9,0,1,3584,15,1466973522
70,845130,69566,914696,9,0,1,1536,15,7504933429
71,851380,63331,914711,5,0,1,4096,18,585191846
72,867350,53648,920998,5,0,1,6656,18,5186215992
73,881070,48931,930001,9,0,1,25600,15,3030456464
74,884440,46841,931281,2,0,1,14336,16,10058746366
75,930560,472657,1403217,6,0,0,12288,12,3538979320
76,972950,51168,1024118,8,0,1,3072,7,2275797524
77,985041,138671,1123712,4,0,0,10240,13,8372619280
78,996860,29524,1026384,5,0,1,3584,18,2557470870
79,1003530,160318,1163848,0,0,0,1536,14,9485511496
80,1016490,250155,1266645,0,0,0,2048,14,1913768417
81,1026210,21399,1047609,3,0,1,34816,3,8183275941
82,1047050,309586,1356636,0,0,0,2048,14,5957842823
83,1083560,4374,1087934,5,0,1,4608,18,1503174137
84,1088331,311079,1399410,4,0,0,136192,13,233425688
85,1111830,246069,1357899,0,0,0,4096,14,6031932603
86,1139180,281757,1420937,0,0,0,4096,14,8485650691
87,1187181,217143,1404324,2,0,0,3584,16,5838025950
88,1212890,206737,1419627,6,0,0,50176,12,6836048614
89,1244589,566,1245155,6,0,1,512,12,2055304485
90,1275530,144144,1419674,2,0,1,9216,16,5846610952
91,1281940,139020,1420960,3,0,1,2048,3,3185691559
92,1291020,129955,1420975,9,0,1,2048,15,4524438746
93,1333080,90743,1423823,5,0,1,11264,18,8385774297
94,1361191,178431,1539622,2,0,0,512,16,6092177771
95,1362421,104833,1467254,0,0,1,75776,14,10483148050
96,1387589,80011,1467600,6,0,1,512,12,345572608
97,1388880,82586,1471466,2,0,1,6144,16,4450043991
98,1396151,70854,1467005,2,0,0,512,16,3311006329
99,1448979,355506,1804485,1,0,0,221696,9,8125527909
100,1464620,8792,1473412,3,0,1,3072,3,10203268079
101,1477280,5712,1482992,2,0,1,14336,16,8202318826
102,1521451,68981,1590432,2,0,0,4608,16,3193679762
103,1570990,6754,1577744,2,0,1,7168,16,7002603680
104,1600710,3904,1604614,9,0,1,10752,15,6362445210
105,1629950,2470,1632420,9,0,1,2560,15,8298613375
106,1689920,566,1690486,2,0,1,512,16,4875426122
107,1709000,5802,1714802,3,0,1,6144,3,4591021896
108,1734630,69870,1804500,9,0,1,4096,15,5547905352
109,1785451,64637,1850088,2,0,0,1024,16,2882618759
110,1807290,4374,1811664,5,0,1,4608,18,2657544310
111,1827241,196226,2023467,4,0,0,65536,13,6600859126
112,1874270,4850,1879120,3,0,1,5120,3,5845858078
113,1904300,58153,1962453,0,0,0,512,14,3360312851
114,1916090,1994,1918084,9,0,1,2048,15,9249107803
115,1917071,116551,2033622,4,0,0,33280,13,5276199388
116,1949719,21658,1971377,6,0,1,35328,12,8021589088
117,2069671,45596,2115267,2,0,0,1024,16,6800501906
118,2069930,5326,2075256,9,0,1,5632,15,9446485694
119,2081779,16354,2098133,6,0,1,31744,12,8016473365
120,2094600,4839,2099439,2,0,1,2048,16,8320307878
121,2110400,151677,2262077,6,0,0,75776,12,8368941586
122,2112520,1518,2114038,5,0,1,1536,18,2273107238
123,2136930,10241,2147171,2,0,1,16384,16,9989985189
124,2204551,20882,2225433,0,0,1,33792,14,3544811382
125,2225879,2870,2228749,6,0,1,8704,12,3609810706
126,2229120,1042,2230162,9,0,1,1024,15,1681463603
127,2231400,105404,2336804,6,0,0,46080,12,6026612900
128,2252160,17615,2269775,4,0,1,8192,13,4460586163
129,2266881,126581,2393462,4,0,0,34304,13,2213553197
130,2270910,1518,2272428,2,0,1,1536,16,3082554653
131,2275911,254791,2530702,0,0,1,412672,14,8784838008
132,2280670,261476,2542146,9,0,1,38400,15,3217872976
133,2285501,212679,2498180,2,0,0,2048,16,5394022783
134,2298311,275401,2573712,0,0,1,101888,14,10516565789
135,2304599,269472,2574071,6,0,1,9728,12,3684650147
136,2330909,253787,2584696,6,0,1,42496,12,28469680
137,2338009,248313,2586322,6,0,1,2560,12,9885042576
138,2353300,233995,2587295,2,0,1,12800,16,1277823820
139,2407241,211006,2618247,0,0,1,98816,14,5089872491
140,2423990,194411,2618401,9,0,1,8704,15,1564054455
141,2443161,642887,3086048,4,0,0,191488,13,10575421588
142,2465939,481861,2947800,9,0,0,154624,15,4591211806
143,2468970,151697,2620667,2,0,1,3584,16,4646462928
144,2486890,134648,2621538,2,0,1,12288,16,8210257397
145,2567910,386628,2954538,6,0,0,19456,12,7879122133
146,2589901,72799,2662700,0,0,1,118272,14,6987390364
147,2603050,353227,2956277,0,0,0,5632,14,9193479912
148,2653820,432594,3086414,0,0,0,512,14,8061138351
149,2682890,265705,2948595,6,0,0,2560,12,7874632043
150,2703191,3898,2707089,0,0,1,4096,14,1640872359
151,2709811,2470,2712281,0,0,1,2560,14,7236728005
152,2730849,247402,2978251,9,0,0,35840,15,1407553051
153,2773581,7230,2780811,0,0,1,7680,14,6291395860
154,2784500,302397,3086897,0,0,0,1536,14,5127060014
155,2804110,3387,2807497,2,0,1,9728,16,3255462058
156,2835909,3422,2839331,6,0,1,3584,12,2142688268
157,2843051,243176,3086227,2,0,0,512,16,3417810540
158,2846699,25446,2872145,6,0,1,46080,12,3240545299
159,2868961,268175,3137136,4,0,0,46080,13,10494676585
160,2935660,217850,3153510,0,0,0,1024,14,3111295737
161,2953610,228130,3181740,0,0,0,2560,14,288303682
162,2958160,344816,3302976,6,0,0,45568,12,9412671884
163,2963481,258201,3221682,4,0,0,11776,13,9255598515
164,2983259,2946,2986205,6,0,1,3072,12,224868878
165,2983340,12195,2995535,2,0,1,18432,16,174524086
166,2983879,12834,2996713,6,0,1,13824,12,5106845073
167,3025691,1518,3027209,0,0,1,1536,14,9627877568
168,3035219,459884,3495103,1,0,0,53760,9,5049540757
169,3042790,46561,3089351,2,0,1,2560,16,2309088389
170,3046791,215151,3261942,2,0,0,512,16,9962446700
171,3084689,363602,3448291,9,0,0,61440,15,3766108819
172,3101811,287812,3389623,4,0,0,30208,13,3686737310
173,3186001,1518,3187519,0,0,1,1536,14,3041791236
174,3229371,2870,3232241,0,0,1,8704,14,9403762865
175,3234590,2470,3237060,2,0,1,2560,16,332307449
176,3259310,23378,3282688,2,0,1,41984,16,1165290523
177,3283571,67385,3350956,2,0,0,3072,16,7082161280
178,3283900,566,3284466,2,0,1,512,16,6861770658
179,3340840,289027,3629867,6,0,0,97280,12,5119923716
180,3407669,60824,3468493,9,0,0,5632,15,6707149351
181,3446221,90981,3537202,2,0,0,1024,16,4054442777
182,3470770,68853,3539623,0,0,0,1024,14,2597295657
183,3476019,184778,3660797,9,0,0,36352,15,9831815272
184,3481701,69454,3551155,4,0,0,3584,13,4353146410
185,3483271,161431,3644702,4,0,0,48640,13,2806989274
186,3564759,2946,3567705,6,0,1,3072,12,353159225
187,3619910,190516,3810426,6,0,0,67072,12,2059455680
188,3634000,11285,3645285,9,0,1,512,15,2907328377
189,3693470,5326,3698796,2,0,1,5632,16,2345260931
190,3697910,6229,3704139,2,0,1,15360,16,1752151679
191,3712220,13083,3725303,9,0,1,22016,15,9816404836
192,3714610,180491,3895101,6,0,0,78848,12,9744914710
193,3771270,4374,3775644,2,0,1,4608,16,8941616
194,3795980,424800,4220780,6,0,0,158720,12,7229067998
195,3797740,305314,4103054,0,0,0,512,14,3719760831
196,3854580,221908,4076488,6,0,0,162304,12,8108158438
197,3863981,238894,4102875,4,0,0,86528,13,4061952416
198,3868370,26746,3895116,9,0,1,8192,15,5106024478
199,3902240,12995,3915235,9,0,1,25088,15,8284805099
200,3908091,205487,4113578,4,0,0,4608,13,7788585189
201,3916061,189550,4105611,2,0,0,512,16,10433466328
202,3923439,12825,3936264,6,0,1,21504,12,389515829
203,3988721,116719,4105440,2,0,0,1024,16,4052949076
204,4016001,265682,4281683,4,0,0,69120,13,8819141844
205,4020460,84653,4105113,6,0,0,6656,12,9011327371
206,4023091,114157,4137248,2,0,0,512,16,5423038918
207,4027540,87264,4114804,2,0,1,19456,16,2708187522
208,4048391,243166,4291557,4,0,0,31744,13,3348674080
209,4082740,150257,4232997,0,0,0,1024,14,10647940422
210,4130239,228716,4358955,9,0,0,60416,15,1509312699
211,4209060,85905,4294965,0,0,0,512,14,2805156450
212,4224210,57652,4281862,0,0,0,512,14,3940433978
213,4262101,97025,4359126,2,0,0,512,16,8560552988
214,4277580,17581,4295161,9,0,1,10240,15,3759147279
215,4287471,190061,4477532,4,0,0,72192,13,8366593660
216,4291721,161676,4453397,4,0,0,44544,13,3499175316
217,4363640,3387,4367027,9,0,1,9728,15,9462770625
218,4392290,45596,4437886,3,0,0,1024,3,5313672246
219,4451120,52941,4504061,0,0,0,2560,14,1911007376
220,4452139,96407,4548546,9,0,0,17408,15,5072941275
221,4497729,125408,4623137,9,0,0,93696,15,6899846938
222,4528830,7230,4536060,8,0,1,7680,7,7712534463
223,4547869,92104,4639973,9,0,0,512,15,9691323798
224,4561549,139763,4701312,1,0,0,40448,9,265056919
225,4701879,105872,4807751,1,0,0,47616,9,10230010264
226,4717900,5971,4723871,8,0,1,14848,7,10397378927
227,4758570,4420,4762990,2,0,1,11776,16,9994566415
228,4761139,307574,5068713,9,0,0,62464,15,4796322833
229,4761331,288327,5049658,4,0,0,219648,13,3493563613
230,4767000,5454,4772454,8,0,1,13824,7,980145179
231,4822510,300537,5123047,6,0,0,12800,12,10434244723
232,4828930,290202,5119132,6,0,0,58368,12,6783802754
233,4830440,1042,4831482,2,0,1,1024,16,1381866117
234,4841960,3422,4845382,8,0,1,3584,7,1048976930
235,4842950,374912,5217862,6,0,0,208896,12,2788570223
236,4898419,5802,4904221,6,0,1,6144,12,772359573
237,4915800,14117,4929917,7,0,1,24064,16,1625470003
238,4922831,12578,4935409,0,0,1,17920,14,2665741415
239,4943620,2470,4946090,7,0,1,2560,16,7667407737
240,4947199,4679,4951878,6,0,1,12288,12,8561979317
241,4987569,85502,5073071,6,0,1,4608,12,8922357593
242,5001861,275994,5277855,4,0,0,16896,13,3861815503
243,5069771,148262,5218033,2,0,0,512,16,1806106995
244,5092070,59030,5151100,0,0,0,512,14,5362835148
245,5256259,74516,5330775,1,0,0,10240,9,6947039644
246,5302310,108524,5410834,6,0,0,56320,12,10616593633
247,5354170,56835,5411005,0,0,0,512,14,3451263835
248,5441061,50672,5491733,2,0,0,2560,16,7531568720
249,5535561,108680,5644241,4,0,0,56832,13,10720410319
250,5550820,264919,5815739,6,0,0,230400,12,7675123911
251,5567571,250055,5817626,2,0,0,6144,16,1225542361
252,5584729,406822,5991551,9,0,0,235520,15,2560388746
253,5603031,215094,5818125,2,0,0,1536,16,5583110119
254,5610851,265626,5876477,4,0,0,40448,13,1210251505
255,5700979,381862,6082841,1,0,0,140800,9,8930149785
256,5731540,146044,5877584,0,0,0,3584,14,9197899732
257,5766580,52571,5819151,8,0,1,1024,7,4595847368
258,5777561,214496,5992057,2,0,0,512,16,493590303
259,5816130,175748,5991878,0,0,0,1024,14,1362342009
260,5863289,173261,6036550,9,0,0,55808,15,2885466554
261,5901851,117672,6019523,4,0,0,27648,13,7691734385
262,5908679,200040,6108719,1,0,0,17920,9,3539219160
263,5931421,152215,6083636,4,0,0,2560,13,10561297738
264,5950179,134408,6084587,9,0,0,3072,15,4020956793
265,6014701,94516,6109217,2,0,0,1536,16,2949313524
266,6103180,5554,6108734,4,0,1,10240,13,9423312549
267,6112211,50672,6162883,2,0,0,2560,16,2128225895
268,6124950,45596,6170546,0,0,0,1024,14,1942484794
269,6138720,104516,6243236,0,0,0,1536,14,2957899233
270,6139911,513557,6653468,4,0,0,569344,13,8211450285
271,6151030,285640,6436670,0,0,0,5120,14,1691851527
272,6223810,4850,6228660,4,0,1,5120,13,3046389761
273,6267410,2946,6270356,4,0,1,3072,13,6799854983
274,6290111,140889,6431000,2,0,0,512,16,2752535141
275,6334430,124374,6458804,0,0,0,1024,14,1987796992
276,6344651,88197,6432848,2,0,0,1536,16,9794157183
277,6354230,360288,6714518,6,0,0,199680,12,4038980915
278,6406140,5196,6411336,1,0,1,13312,9,6149788601
279,6411150,242489,6653639,0,0,0,512,14,3769110202
280,6444261,270616,6714877,2,0,0,1024,16,6202820253
281,6471911,268417,6740328,4,0,0,83456,13,7393680774
282,6528689,215110,6743799,9,0,0,11264,15,7192351474
283,6536940,241445,6778385,6,0,0,37888,12,7475437144
284,6542400,336345,6878745,0,0,0,1024,14,9212530251
285,6581311,165869,6747180,0,0,1,3584,14,10066318000
286,6613011,246020,6859031,4,0,0,64512,13,4302958133
287,6618029,211788,6829817,9,0,0,12800,15,6312187612
288,6633070,318596,6951666,6,0,0,114176,12,2161304554
289,6649410,99396,6748806,4,0,1,2560,13,2898158338
290,6677750,75242,6752992,2,0,1,6656,16,2841118195
291,6693841,60777,6754618,0,0,1,2560,14,7916361057
292,6707170,71230,6778400,2,0,1,36864,16,8596246126
293,6724941,53474,6778415,0,0,1,4608,14,5134002600
294,6735420,43010,6778430,4,0,1,15360,13,9545722285
295,6775371,317094,7092465,4,0,0,130560,13,5552310888
296,6829700,675,6830375,7,0,1,512,16,162564594
297,6854141,10225,6864366,0,0,1,5632,14,6836833360
298,6855320,12272,6867592,2,0,1,5120,16,8531417024
299,6868701,292008,7160709,4,0,0,156160,13,5700548595
300,6879640,155111,7034751,0,0,0,512,14,3111653919
301,6904561,108463,7013024,2,0,0,2048,16,7750593691
302,6917580,39404,6956984,2,0,1,5632,16,599580858
303,6963901,128743,7092644,2,0,0,512,16,8710303426
304,7003570,5971,7009541,4,0,1,14848,13,10132397831
305,7032550,129742,7162292,6,0,0,5120,12,3164746646
306,7075310,20421,7095731,4,0,1,9216,13,6786400927
307,7115200,51213,7166413,2,0,1,11264,16,9754911690
308,7187210,5712,7192922,2,0,1,14336,16,8713708696
309,7187681,56310,7243991,2,0,0,3072,16,7341560144
310,7251051,62754,7313805,4,0,0,10240,13,9638917906
311,7253191,158780,7411971,4,0,0,104448,13,863754940
312,7276630,50147,7326777,0,0,0,1024,14,1090341537
313,7285181,22058,7307239,2,0,0,512,16,7988635831
314,7303451,175969,7479420,4,0,0,512,13,3781981073
315,7303719,175530,7479249,1,0,0,97280,9,205767901
316,7330961,222562,7553523,4,0,0,108032,13,8084153886
317,7365660,113931,7479591,0,0,0,512,14,248786018
318,7407350,8035,7415385,4,0,1,3584,13,6029780497
319,7472221,11782,7484003,0,0,1,11776,14,639553207
320,7555560,174752,7730312,6,0,0,13824,12,1034634946
321,7566839,48980,7615819,9,0,0,2048,15,6836764255
322,7646700,31783,7678483,4,0,1,51712,13,3015996240
323,7649591,56818,7706409,2,0,0,512,16,2444483044
324,7674680,73316,7747996,4,0,1,119296,13,6646625371
325,7686709,197477,7884186,1,0,0,97792,9,6442193861
326,7724481,211383,7935864,4,0,0,39424,13,9665642159
327,7729801,157557,7887358,2,0,0,2048,16,9681588857
328,7763121,241425,8004546,5,0,0,36864,18,7696526280
329,7778711,344683,8123394,4,0,0,159744,13,1499686333
330,7784490,151389,7935879,4,0,1,235008,13,10124935502
331,7794179,404770,8198949,1,0,0,82944,9,5351902646
332,7814211,121683,7935894,0,0,1,15360,14,3978720427
333,7824690,111219,7935909,7,0,1,7168,16,5564331177
334,7833621,102874,7936495,0,0,1,2048,14,7095199904
335,7840040,97761,7937801,2,0,1,2048,16,3026714450
336,7887910,50557,7938467,9,0,1,1024,15,4625102357
337,8013461,268501,8281962,2,0,0,3072,16,7661484906
338,8060370,217153,8277523,6,0,0,26624,12,3903301103
339,8141760,277868,8419628,6,0,0,185344,12,8652257393
340,8207660,36087,8243747,4,0,1,63488,13,5744511501
341,8236740,220214,8456954,6,0,0,79872,12,6904938048
342,8261291,566,8261857,0,0,1,512,14,942562045
343,8296109,166008,8462117,9,0,0,16896,15,4181512669
344,8335500,2946,8338446,9,0,1,3072,15,9673606814
345,8362791,99505,8462296,2,0,0,512,16,4565403376
346,8368471,142009,8510480,4,0,0,23552,13,10586946848
347,8398390,119951,8518341,6,0,0,24064,12,9984649818
348,8443120,103276,8546396,0,0,0,3072,14,6239109283
349,8467641,131803,8599444,4,0,0,2560,13,5734117528
350,8499620,144630,8644250,1,0,0,96256,9,7788255303
351,8518819,79176,8597995,1,0,0,2048,9,6384174575
352,8624941,27007,8651948,0,0,1,8192,14,6600895552
353,8680291,1518,8681809,0,0,1,1536,14,10226808826
354,8713761,23637,8737398,0,0,1,42496,14,3539432979
355,8737271,3387,8740658,0,0,1,9728,14,2241750496
356,8755010,179078,8934088,6,0,0,70656,12,2904721144
357,8776231,1994,8778225,0,0,1,2048,14,3006258414
358,8803001,177419,8980420,4,0,0,39424,13,7658205099
359,8809449,290671,9100120,9,0,0,97792,15,4788626836
360,8809889,16354,8826243,6,0,1,31744,12,2242751149
361,8821221,11274,8832495,0,0,1,18432,14,6698631393
362,8835621,2946,8838567,0,0,1,3072,14,8029576977
363,9034451,5326,9039777,0,0,1,5632,14,8128986240
364,9066969,112915,9179884,9,0,0,59904,15,2114542654
365,9085799,213481,9299280,9,0,0,104960,15,4798392210
366,9121431,10757,9132188,0,0,1,17408,14,6923954821
367,9122729,207454,9330183,9,0,0,101376,15,10720923603
368,9132291,242377,9374668,4,0,0,81920,13,5787255079
369,9146709,2470,9149179,6,0,1,2560,12,10033733915
370,9185809,419992,9605801,1,0,0,99328,9,5269361501
371,9209241,346316,9555557,4,0,0,93184,13,8199444322
372,9262479,264655,9527134,1,0,0,258560,9,5938397938
373,9323901,21095,9344996,0,0,1,28672,14,3018908860
374,9325079,238613,9563692,9,0,0,26624,15,3318414366
375,9364170,26844,9391014,9,0,1,31744,15,5318697959
376,9403961,482512,9886473,4,0,0,172544,13,10451686533
377,9414091,20624,9434715,0,0,1,33280,14,8101134203
378,9421721,16540,9438261,0,0,1,5632,14,10180189581
379,9422691,16646,9439337,0,0,1,13312,14,8331050848
380,9432381,8902,9441283,0,0,1,3072,14,2664762511
381,9465659,758860,10224519,1,0,0,406528,9,115336714
382,9482799,202963,9685762,1,0,0,23552,9,9064068893
383,9517591,430467,9948058,4,0,0,30208,13,8317293873
384,9550740,207448,9758188,6,0,0,33280,12,1542176785
385,9595669,469340,10065009,9,0,0,136192,15,10291662854
386,9597450,12742,9610192,9,0,1,4608,15,1688503128
387,9623261,5196,9628457,0,0,1,13312,14,4077928208
388,9638700,20366,9659066,9,0,1,32768,15,7125854348
389,9671511,277030,9948541,2,0,0,1536,16,8735634052
390,9736569,499836,10236405,9,0,0,30208,15,9592774392
391,9791939,503605,10295544,9,0,0,194048,15,10453446078
392,9854531,495050,10349581,4,0,0,102912,13,5437020483
393,9887619,430591,10318210,9,0,0,56320,15,8793581242
394,9971229,255957,10227186,9,0,0,8704,15,4403034966
395,9977230,21658,9998888,9,0,1,35328,15,6869805469
396,9997450,303569,10301019,6,0,0,17920,12,8488803877
397,10003180,397327,10400507,6,0,0,95232,12,2581270707
398,10043279,328197,10371476,1,0,0,71680,9,6911385639
399,10089410,2946,10092356,9,0,1,3072,15,1157681566
400,10196389,279183,10475572,1,0,0,28672,9,7653914718
401,10221590,300797,10522387,6,0,0,153600,12,1438665000
402,10242749,167983,10410732,6,0,1,16384,12,3286011473
403,10256590,159288,10415878,9,0,1,8192,15,8502389872
404,10261110,156714,10417824,8,0,1,3072,7,8380364387
405,10265219,262487,10527706,9,0,0,17408,15,2816835796
406,10286870,131300,10418170,9,0,1,512,15,143064582
407,10348571,99216,10447787,2,0,0,1536,16,56208887
408,10403649,148814,10552463,9,0,0,58368,15,5606888111
409,10503760,48726,10552486,9,0,1,30720,15,8999345065
410,10537391,15630,10553021,0,0,1,512,14,3651915610
411,10552730,104981,10657711,1,0,0,9216,9,9517499067
412,10560181,162779,10722960,4,0,0,25600,13,5015125074
413,10580100,34795,10614895,9,0,1,60928,15,4631890396
414,10582721,37563,10620284,0,0,1,25600,14,8495667597
415,10637101,1994,10639095,0,0,1,2048,14,1523190444
416,10639700,511141,11150841,6,0,0,97792,12,1118865464
417,10662300,323715,10986015,6,0,0,141824,12,9736130559
418,10684000,14029,10698029,9,0,1,27136,15,10333504018
419,10686991,349739,11036730,4,0,0,166400,13,1281529391
420,10702060,101378,10803438,6,0,0,4608,12,1123075599
421,10714190,562702,11276892,6,0,0,216064,12,10617879291
422,10733830,566,10734396,9,0,1,512,15,7552972732
423,10738811,3898,10742709,0,0,1,4096,14,3474559826
424,10748361,544934,11293295,4,0,0,53760,13,692878735
425,10749231,371799,11121030,4,0,0,76800,13,903294247
426,10818980,226912,11045892,4,0,1,371712,13,1302603143
427,10823950,227843,11051793,8,0,1,19968,7,8881791756
428,10845819,207280,11053099,6,0,1,2048,12,3848668015
429,10870460,282736,11153196,6,0,0,7680,12,2692529389
430,10880701,173384,11054085,0,0,1,1536,14,5543023897
431,10893111,162357,11055468,0,0,1,14848,14,3154164755
432,10895809,162565,11058374,6,0,1,4608,12,2133622196
433,10985690,73555,11059245,4,0,1,12288,13,3136687555
434,11036321,23692,11060013,0,0,1,11776,14,4561486314
435,11048640,244694,11293334,4,0,1,375296,13,3776951232
436,11066130,227227,11293357,4,0,1,57856,13,5098279911
437,11118670,174702,11293372,9,0,1,9728,15,5741313166
438,11207590,88589,11296179,7,0,1,4608,16,1318949735
439,11214750,85295,11300045,9,0,1,6144,15,10406243735
440,11243641,302383,11546024,2,0,0,1536,16,3191007647
441,11272241,489801,11762042,4,0,0,104448,13,1516726204
442,11292080,9271,11301351,9,0,1,2048,15,4441743936
443,11299860,33333,11333193,4,0,1,54784,13,384515042
444,11350040,3128,11353168,9,0,1,9216,15,3003311807
445,11350180,28163,11378343,4,0,1,46080,13,6896600082
446,11378920,403490,11782410,6,0,0,43008,12,3340818520
447,11406809,242282,11649091,9,0,0,52736,15,3195365102
448,11422101,292850,11714951,2,0,0,1536,16,7122838531
449,11437770,6278,11444048,7,0,1,6656,16,5468143305
450,11450700,42683,11493383,4,0,1,69632,13,7400239459
451,11458730,40554,11499284,9,0,1,19968,15,6619634046
452,11466770,405383,11872153,6,0,0,109568,12,4925095204
453,11496350,387050,11883400,1,0,0,36864,9,10552186230
454,11513700,3645,11517345,2,0,1,10240,16,6811787801
455,11543440,4420,11547860,4,0,1,11776,13,10022301452
456,11586040,4850,11590890,7,0,1,5120,16,3499424634
457,11611701,14804,11626505,0,0,1,28672,14,10352768863
458,11650500,15062,11665562,9,0,1,29184,15,10511561166
459,11651270,18158,11669428,9,0,1,6144,15,8306998694
460,11653310,17104,11670414,9,0,1,1536,15,5187222561
461,11679780,566,11680346,9,0,1,512,15,10535626977
462,11708891,226102,11934993,4,0,0,34304,13,4442120713
463,11735969,215421,11951390,1,0,0,31232,9,4452310398
464,11759180,23245,11782425,4,0,1,20480,13,8275114638
465,11759971,164555,11924526,2,0,0,3072,16,6300791386
466,11764750,18160,11782910,2,0,1,28160,16,6750596635
467,11774080,64674,11838754,4,0,1,96256,13,3999348764
468,11792039,190671,11982710,9,0,0,31232,15,3396908571
469,11796390,87057,11883447,4,0,1,111616,13,3985517117
470,11802340,81122,11883462,2,0,1,10240,16,8404136498
471,11812159,486511,12298670,9,0,0,244736,15,4913578767
472,11829400,57973,11887373,2,0,1,4096,16,8535686281
473,11861241,245777,12107018,2,0,0,2560,16,8625379320
474,11874660,22371,11897031,4,0,1,20480,13,6983185168
475,11908670,2470,11911140,9,0,1,2560,15,1325582218
476,11965380,216716,12182096,6,0,0,20992,12,4148973525
477,12031061,4850,12035911,0,0,1,5120,14,5506280005
478,12044721,7230,12051951,0,0,1,7680,14,8448349326
479,12044900,275196,12320096,6,0,0,53248,12,1097717213
480,12052220,284449,12336669,6,0,0,4608,12,282732881
481,12134361,193394,12327755,4,0,0,25088,13,2213636070
482,12165951,16160,12182111,0,0,1,19968,14,8902386195
483,12172290,317511,12489801,6,0,0,86528,12,7926526229
484,12200290,319634,12519924,1,0,0,98816,9,8601703692
485,12240731,59015,12299746,0,0,1,1024,14,2408610538
486,12240861,150828,12391689,2,0,0,1024,16,2063816185
487,12269709,255721,12525430,9,0,0,7680,15,8642150536
488,12349329,173730,12523059,9,0,0,10240,15,5778192778
489,12395809,143354,12539163,9,0,0,25600,15,6518215091
490,12424831,143583,12568414,2,0,0,2560,16,8736340489
491,12494301,44877,12539178,0,0,1,6656,14,5145468016
492,12505979,164908,12670887,9,0,0,38912,15,8326600817
493,12554430,52364,12606794,6,0,0,3072,12,8103326837
494,12572961,203400,12776361,4,0,0,152064,13,3304301779
495,12613551,163160,12776711,2,0,0,512,16,10169102304
496,12616059,196872,12812931,9,0,0,49152,15,1903742100
497,12662091,114441,12776532,2,0,0,512,16,4437467755
498,12699630,138711,12838341,1,0,0,55808,9,4382595854
499,12741431,127138,12868569,2,0,0,1536,16,8892073459
500,12770971,68180,12839151,2,0,0,2560,16,6918289171
501,12820889,17467,12838356,6,0,1,11776,12,8541842561
502,12880849,74360,12955209,1,0,0,9728,9,6989445257
503,12911689,239354,13151043,9,0,0,263168,15,4633249456
504,13004791,4420,13009211,0,0,1,11776,14,9358795573
505,13031511,241219,13272730,2,0,0,2560,16,10327421995
506,13042241,109145,13151386,2,0,0,1024,16,5432193909
507,13080011,75257,13155268,0,0,1,4096,14,5459814725
508,13111249,142095,13253344,1,0,0,35840,9,6372092690
509,13121741,92404,13214145,2,0,0,3584,16,7343871991
510,13172719,94389,13267108,9,0,0,13312,15,7249279453
511,13181401,90090,13271491,4,0,0,14336,13,6507827839
512,13255569,104143,13359712,9,0,0,27648,15,8146935422
513,13268190,64273,13332463,6,0,0,6144,12,7141820764
514,13302219,97960,13400179,9,0,0,19456,15,5014749712
515,13329840,180577,13510417,1,0,0,133120,9,4317770033
516,13409079,214361,13623440,1,0,0,202752,9,1366144383
517,13413561,97495,13511056,2,0,0,2048,16,10653424156
518,13447011,3898,13450909,0,0,1,4096,14,1626376797
519,13463890,5454,13469344,8,0,1,13824,7,2629082514
520,13500771,134384,13635155,4,0,0,38400,13,4229945145
521,13521329,183208,13704537,9,0,0,77312,15,2121770869
522,13653231,7706,13660937,0,0,1,8192,14,9877262133
523,13749259,115076,13864335,9,0,0,77824,15,2351296895
524,13778620,346145,14124765,6,0,0,381952,12,3108342753
525,13853561,271710,14125271,2,0,0,1024,16,3217234574
526,13909100,4162,13913262,9,0,1,11264,15,10113300907
527,13955121,169815,14124936,2,0,0,512,16,753475908
528,14018490,278525,14297015,6,0,0,142848,12,3391411905
529,14097199,218098,14315297,9,0,0,37376,15,8016323413
530,14122100,181794,14303894,6,0,0,22528,12,3363909112
531,14161941,375273,14537214,4,0,0,121856,13,6368372499
532,14171660,385911,14557571,6,0,0,34816,12,10412970216
533,14178099,318182,14496281,1,0,0,172544,9,4650819363
534,14243171,200515,14443686,4,0,0,57344,13,6881925594
535,14248671,109773,14358444,2,0,0,512,16,10428507537
536,14292511,204893,14497404,2,0,0,3584,16,9265773575
537,14307969,192102,14500071,1,0,0,8704,9,2646549696
538,14360519,277099,14637618,9,0,0,61440,15,3799337808
539,14386549,160064,14546613,9,0,0,30720,15,4447229035
540,14406240,495477,14901717,1,0,0,364544,9,8761569328
541,14417501,129447,14546948,2,0,0,1024,16,1814966409
542,14423860,347663,14771523,1,0,0,72704,9,7754023576
543,14434471,314885,14749356,2,0,0,3584,16,4962257982
544,14442570,115024,14557594,9,0,1,3072,15,10531619768
545,14448509,109108,14557617,6,0,1,21504,12,3030315017
546,14494510,296120,14790630,1,0,0,34304,9,5645610818
547,14502140,56465,14558605,9,0,1,1024,15,9951859762
548,14531861,400930,14932791,4,0,0,48128,13,422922021
549,14562839,355273,14918112,9,0,0,53760,15,10440996478
550,14587100,6229,14593329,9,0,1,15360,15,2321898711
551,14615351,161185,14776536,2,0,0,2048,16,6844458932
552,14673270,264068,14937338,6,0,0,14848,12,7406482545
553,14746790,24748,14771538,9,0,1,4096,15,3820515445
554,14763260,225255,14988515,6,0,0,67584,12,2993374505
555,14769950,2647,14772597,5,0,1,1024,18,1537909186
556,14889101,112386,15001487,2,0,0,2048,16,5907047655
557,14958999,116456,15075455,9,0,0,53248,15,1815813639
558,14983371,109262,15092633,4,0,0,7680,13,5711137552
559,14991120,7706,14998826,8,0,1,8192,7,2487535122
560,15014531,43904,15058435,2,0,0,512,16,5256277467
561,15048130,48980,15097110,0,0,0,2048,14,9900696819
562,15089120,3898,15093018,9,0,1,4096,15,6775504141
563,15091650,66875,15158525,0,0,0,7168,14,5470302248
564,15142880,66860,15209740,0,0,0,1024,14,5398601515
565,15230000,5454,15235454,9,0,1,13824,15,353619136
566,15248310,138895,15387205,1,0,0,59904,9,2466834532
567,15298040,6754,15304794,9,0,1,7168,15,2643010093
568,15329021,113414,15442435,4,0,0,38400,13,8609533495
569,15366930,20290,15387220,8,0,1,5632,7,4066370440
570,15416900,116636,15533536,6,0,0,82944,12,4690687372
571,15424451,127865,15552316,4,0,0,58880,13,1747713810
572,15432141,187033,15619174,4,0,0,60416,13,1341205690
573,15439580,13371,15452951,9,0,1,16896,15,1879581243
574,15456390,236146,15692536,1,0,0,73216,9,8196701437
575,15465240,132721,15597961,0,0,0,1024,14,223666040
576,15470420,2470,15472890,9,0,1,2560,15,4374083
577,15516270,36061,15552331,9,0,1,16896,15,5260208705
578,15563121,134185,15697306,2,0,0,2048,16,2363651086
579,15627409,529320,16156729,9,0,0,209920,15,1378064375
580,15634709,296682,15931391,9,0,0,15360,15,5171259989
581,15658180,267813,15925993,6,0,0,261632,12,4414608302
582,15721420,7230,15728650,2,0,1,7680,16,6574289719
583,15722620,204068,15926688,0,0,0,2048,14,3128015294
584,15741420,4374,15745794,8,0,1,4608,7,3624830079
585,15764590,193783,15958373,4,0,1,313856,13,10474348284
586,15771491,321255,16092746,4,0,0,25600,13,8589494710
587,15779180,395104,16174284,0,0,0,2048,14,6825080428
588,15808350,415719,16224069,0,0,0,3072,14,9917028379
589,15829340,131299,15960639,8,0,1,3584,7,9423189213
590,15836530,124570,15961100,9,0,1,10240,15,1302936357
591,15838830,122936,15961766,8,0,1,11264,7,1769133682
592,15852690,115080,15967770,4,0,1,20480,13,7807219512
593,15918231,239317,16157548,2,0,0,2560,16,1658787926
594,15975220,247898,16223118,1,0,0,49664,9,832327026
595,16025390,205652,16231042,1,0,0,7168,9,9230119786
596,16034969,138676,16173645,9,0,0,30208,15,5173550894
597,16087960,74182,16162142,9,0,1,13824,15,1416003841
598,16104610,59760,16164370,9,0,1,9728,15,5138267949
599,16112170,62129,16174299,8,0,1,14336,7,2619377819
600,16125100,312571,16437671,6,0,0,49152,12,4495095506
601,16176090,11016,16187106,2,0,1,17920,16,4760603975
602,16203670,84159,16287829,6,0,0,7680,12,4398967889
603,16267671,154962,16422633,4,0,0,63488,13,7165270867
604,16318060,75157,16393217,0,0,0,1024,14,1210478637
605,16339370,184716,16524086,1,0,0,51200,9,985332420
606,16365880,4162,16370042,8,0,1,11264,7,4506814784
607,16383330,218902,16602232,6,0,0,104448,12,2321281258
608,16398250,24398,16422648,8,0,1,23552,7,1179069115
609,16437340,889,16438229,9,0,1,512,15,5330441133
610,16451590,201357,16652947,6,0,0,21504,12,9316125060
611,16499930,5454,16505384,9,0,1,13824,15,8878340515
612,16602541,98831,16701372,4,0,0,30720,13,8660711198
613,16603720,104974,16708694,0,0,0,512,14,3078321335
614,16603910,5326,16609236,9,0,1,5632,15,10470572902
615,16618790,45596,16664386,0,0,0,1024,14,1990341649
616,16699690,7476,16707166,9,0,1,6144,15,5248651990
617,16752979,61136,16814115,9,0,0,6656,15,2981943357
618,16786540,49085,16835625,0,0,0,512,14,1339172383
619,16798539,143350,16941889,9,0,0,113664,15,4780208753
620,16865621,88268,16953889,2,0,0,4608,16,4318800121
621,16872540,5802,16878342,9,0,1,6144,15,1927266590
622,16875360,4608,16879968,8,0,1,2560,7,8628581151
623,16929230,68399,16997629,6,0,0,4096,12,9106472673
624,16943691,208591,17152282,4,0,0,135168,13,5936371894
625,16984630,175639,17160269,1,0,0,26112,9,627491643
626,17003170,4679,17007849,8,0,1,12288,7,2816749966
627,17069850,103708,17173558,6,0,0,6144,12,945893955
628,17103149,106496,17209645,9,0,0,49664,15,2369833406
629,17132010,297379,17429389,1,0,0,153600,9,9913277360
630,17132230,166977,17299207,6,0,0,110592,12,8672459605
631,17185250,303773,17489023,1,0,0,121344,9,5245875590
632,17189340,566,17189906,9,0,1,512,15,6049845796
633,17262430,566,17262996,2,0,1,512,16,7363282434
634,17267650,32115,17299765,1,0,1,512,9,8709100513
635,17330750,6754,17337504,2,0,1,7168,16,10594103107
636,17397490,188181,17585671,0,0,0,512,14,3555342474
637,17414430,220471,17634901,1,0,0,9728,9,2466886525
638,17423190,10615,17433805,9,0,1,4608,15,3181965097
639,17430771,153099,17583870,4,0,0,4096,13,9466366940
640,17431430,144383,17575813,6,0,0,34816,12,4686287448
641,17461691,81380,17543071,2,0,0,3584,16,4787880676
642,17488840,173384,17662224,6,0,0,33280,12,2969814210
643,17525981,137974,17663955,4,0,0,5632,13,6936534996
644,17535080,3422,17538502,9,0,1,3584,15,5022412902
645,17589720,77073,17666793,0,0,0,2560,14,9011607935
646,17592140,73858,17665998,0,0,0,6656,14,8840677065
647,17675550,101348,17776898,6,0,0,32768,12,6780040599
648,17701030,14029,17715059,9,0,1,27136,15,1744919177
649,17711370,130646,17842016,7,0,0,64000,16,4552228094
650,17807490,128841,17936331,7,0,0,103936,16,4199705358
651,17921990,121609,18043599,7,0,0,52224,16,5295728181
652,17924921,239788,18164709,4,0,0,60416,13,6417718104
653,17983329,187323,18170652,9,0,0,19456,15,1606759446
654,18000400,392963,18393363,1,0,0,189952,9,10379661668
655,18039841,215237,18255078,2,0,0,512,16,2163980741
656,18092000,329318,18421318,1,0,0,91648,9,4217076779
657,18096400,239072,18335472,1,0,0,137216,9,5546837202
658,18128199,321885,18450084,9,0,0,92160,15,4406735166
659,18139360,349769,18489129,7,0,0,122368,16,5606693871
660,18169660,282155,18451815,0,0,0,5632,14,9624302749
661,18228201,193788,18421989,2,0,0,2048,16,8731232000
662,18229499,415146,18644645,9,0,0,124416,15,7400989899
663,18304070,147760,18451830,1,0,1,11264,9,9385565106
664,18305890,183426,18489316,0,0,0,512,14,10190492314
665,18348671,145175,18493846,4,0,0,13824,13,3575920629
666,18379611,160026,18539637,4,0,0,61440,13,2877314871
667,18382121,163155,18545276,4,0,0,18432,13,1114372512
668,18452610,232280,18684890,6,0,0,55296,12,6116991703
669,18461481,224516,18685997,2,0,0,3584,16,2784451441
670,18479500,85265,18564765,0,0,0,512,14,2083449281
671,18526740,247268,18774008,1,0,0,119808,9,7917346292
672,18561951,83177,18645128,2,0,0,1536,16,5329230641
673,18647800,3904,18651704,9,0,1,10752,15,9689448829
674,18656091,75060,18731151,2,0,0,1024,16,154448137
675,18740510,87546,18828056,0,0,0,3584,14,1251660520
676,18748160,74845,18823005,0,0,0,2048,14,6192598951
677,18777121,109255,18886376,4,0,0,55296,13,767987180
678,18795190,3904,18799094,3,0,1,10752,3,403287144
679,18803771,122451,18926222,4,0,0,32256,13,520385210
680,18808110,6278,18814388,2,0,1,6656,16,4319479813
681,18813230,4162,18817392,2,0,1,11264,16,4808532182
682,18867009,1518,18868527,6,0,1,1536,12,9990071034
683,18879879,163723,19043602,9,0,0,106496,15,865926004
684,18891431,100641,18992072,2,0,0,4096,16,1304623544
685,18906070,4374,18910444,3,0,1,4608,3,2704266873
686,18911310,196909,19108219,1,0,0,66048,9,8581297643
687,18942511,125894,19068405,2,0,0,16896,16,9291271266
688,18950030,2870,18952900,3,0,1,8704,3,10256492313
689,18965500,3422,18968922,9,0,1,3584,15,7582542701
690,18978660,6488,18985148,5,0,1,15872,18,5576436283
691,18985011,143566,19128577,4,0,0,10752,13,8620867058
692,19028660,169163,19197823,0,0,0,512,14,527723061
693,19080540,178637,19259177,6,0,0,29184,12,194488337
694,19081970,109772,19191742,6,0,0,60416,12,8074487403
695,19082921,167333,19250254,8,0,0,91136,7,3120896004
696,19093520,19065,19112585,1,0,1,4608,9,5479711642
697,19114010,5326,19119336,9,0,1,5632,15,2124631294
698,19125510,4101,19129611,3,0,1,1024,3,10585366955
699,19163169,357784,19520953,9,0,0,344064,15,1095142827
700,19200201,636983,19837184,8,0,0,434688,7,4862534446
701,19234550,343394,19577944,0,0,0,1536,14,8205099702
702,19234571,621364,19855935,8,0,0,61440,7,319701008
703,19281430,14545,19295975,9,0,1,28160,15,8579131187
704,19307370,222976,19530346,1,0,0,12800,9,10640134606
705,19312670,4850,19317520,1,0,1,5120,9,9904850224
706,19337600,616764,19954364,7,0,0,4608,16,74609021
707,19347220,13770,19360990,5,0,1,26624,18,6734851902
708,19361661,525060,19886721,2,0,0,7168,16,9604825641
709,19389510,309584,19699094,0,0,0,512,14,6244510046
710,19395431,677654,20073085,8,0,0,180224,7,10642984886
711,19456540,65965,19522505,5,0,1,1536,18,9073695108
712,19465229,65132,19530361,6,0,1,7168,12,6835333420
713,19478810,535836,20014646,6,0,0,78336,12,5238974503
714,19528429,3918,19532347,6,0,1,2048,12,8124933726
715,19546591,345496,19892087,8,0,0,4096,7,5856115049
716,19581520,607449,20188969,6,0,0,162304,12,3315304370
717,19587650,296856,19884506,6,0,0,93696,12,5825486073
718,19602460,412357,20014817,0,0,0,512,14,7021941550
719,19609600,2870,19612470,8,0,1,8704,7,8151485308
720,19617831,272969,19890800,8,0,0,13312,7,2224069365
721,19618641,334304,19952945,2,0,0,72192,16,6898524944
722,19666070,714589,20380659,1,0,0,278016,9,4353929703
723,19714190,301126,20015316,0,0,0,1536,14,1761152465
724,19715599,572380,20287979,9,0,0,55808,15,1215497982
725,19763239,669615,20432854,9,0,0,99840,15,10337325100
726,19784051,738441,20522492,2,0,0,32768,16,8689881852
727,19784311,603398,20387709,4,0,0,23040,13,617923828
728,19819940,692553,20512493,1,0,0,38912,9,10248063494
729,19846080,51768,19897848,5,0,1,6144,18,1924623507
730,19861251,432983,20294234,8,0,0,20480,7,8397975244
731,19864941,582592,20447533,2,0,0,48128,16,8786385298
732,19903030,286274,20189304,0,0,0,1024,14,4095896435
733,19947100,441568,20388668,0,0,0,3072,14,4937130729
734,19967970,302974,20270944,7,0,0,129536,16,4289516162
735,19996660,405751,20402411,6,0,0,45056,12,3498005219
736,20008080,65020,20073100,5,0,1,10752,18,5187482559
737,20104439,453352,20557791,9,0,0,105984,15,1247105887
738,20151350,40959,20192309,5,0,1,3072,18,5621875173
739,20167840,400901,20568741,7,0,0,4096,16,2051943420
740,20168040,664085,20832125,7,0,0,87552,16,2584572367
741,20170750,30306,20201056,1,0,1,17408,9,9082818448
742,20178501,565565,20744066,4,0,0,210432,13,1033627770
743,20213570,451047,20664617,6,0,0,54784,12,53261695
744,20219179,348299,20567478,9,0,0,31744,15,10531728009
745,20223659,239452,20463111,9,0,0,27136,15,3040805668
746,20233450,147224,20380674,5,0,1,3072,18,5223367695
747,20246411,433524,20679935,2,0,0,50176,16,2430301403
748,20312050,589609,20901659,6,0,0,120832,12,6201011235
749,20363560,87836,20451396,5,0,1,10752,18,2574373863
750,20410601,760333,21170934,4,0,0,49152,13,7285849194
751,20429700,33426,20463126,3,0,1,11264,3,4245851410
752,20487400,702846,21190246,0,0,0,1024,14,4736878563
753,20488400,1145981,21634381,6,0,0,81920,12,8420465057
754,20493780,502454,20996234,7,0,0,144896,16,3351073955
755,20511561,1058455,21570016,4,0,0,500224,13,3782291501
756,20580291,1280784,21861075,8,0,0,193536,7,3324258964
757,20627360,5712,20633072,5,0,1,14336,18,9097218486
758,20643011,1009816,21652827,8,0,0,35328,7,7208867678
759,20645800,18832,20664632,5,0,1,5120,18,8573288922
760,20666690,975358,21642048,7,0,0,25088,16,6248180850
761,20669690,939708,21609398,7,0,0,30720,16,4784203309
762,20710051,1021299,21731350,8,0,0,257536,7,9870155545
763,20717610,29469,20747079,8,0,1,3072,7,5541042204
764,20746090,7230,20753320,3,0,1,7680,3,553359085
765,20747449,1240473,21987922,9,0,0,371200,15,612460014
766,20747581,852418,21599999,4,0,0,98304,13,1410587332
767,20748820,5371,20754191,8,0,1,12288,7,8493457365
768,20783200,1308264,22091464,6,0,0,154112,12,7770288403
769,20787350,1081400,21868750,7,0,0,25088,16,944850411
770,20788020,46471,20834491,5,0,1,80384,18,1420940702
771,20790661,1345364,22136025,4,0,0,67072,13,4775687506
772,20850659,1333765,22184424,9,0,0,94208,15,2318675152
773,20853671,948413,21802084,8,0,0,161792,7,8521229290
774,20888331,1227243,22115574,4,0,0,78336,13,10055791234
775,20896640,1147845,22044485,1,0,0,185344,9,1566200794
776,20917400,2470,20919870,8,0,1,2560,7,10269877279
777,20947891,1246866,22194757,8,0,0,7168,7,7207682269
778,20993451,1372820,22366271,2,0,0,123904,16,7656339591
779,21052140,684935,21737075,1,0,0,7680,9,4876306131
780,21090110,780995,21871105,1,0,0,7680,9,4446927074
781,21123720,1512793,22636513,6,0,0,199680,12,228444133
782,21163970,927705,22091675,0,0,0,512,14,3494051141
783,21177511,1376401,22553912,8,0,0,55808,7,6918270505
784,21237931,1298946,22536877,2,0,0,331264,16,10058635703
785,21274701,1537938,22812639,8,0,0,102912,7,547080491
786,21278840,1385324,22664164,1,0,0,35328,9,9609597704
787,21279850,936375,22216225,1,0,0,32256,9,3199894441
788,21361080,566,21361646,8,0,1,512,7,7104190754
789,21409871,1162628,22572499,8,0,0,60928,7,10298651177
790,21436771,1461588,22898359,2,0,0,92672,16,1253391821
791,21445471,1130171,22575642,8,0,0,10240,7,3682042649
792,21503481,825023,22328504,7,0,0,18432,16,6663328176
793,21508399,1563318,23071717,9,0,0,105984,15,5703642073
794,21513970,1691725,23205695,0,0,0,8704,14,10665437934
795,21542071,1983846,23525917,2,0,0,44544,16,115393972
796,21602541,1332115,22934656,8,0,0,53760,7,8963370553
797,21620710,1160543,22781253,1,0,0,118272,9,3276928291
798,21623300,109527,21732827,5,0,1,1536,18,10171489477
799,21639029,1540170,23179199,9,0,0,36352,15,8648533657
800,21639809,97770,21737579,6,0,1,6144,12,6969415496
801,21644279,1004044,22648323,9,0,0,37376,15,9880329359
802,21656151,1035528,22691679,4,0,0,51200,13,4789371026
803,21668360,70525,21738885,8,0,1,2048,7,10303803543
804,21680810,59048,21739858,8,0,1,12800,7,3219377177
805,21728611,1719510,23448121,8,0,0,87040,7,4629957708
806,21757191,988011,22745202,2,0,0,166912,16,5522962009
807,21763280,224657,21987937,8,0,1,5120,7,6886382365
808,21768660,1843687,23612347,6,0,0,59904,12,10664984308
809,21815460,172500,21987960,5,0,1,28160,18,3817601864
810,21819641,1546233,23365874,7,0,0,29184,16,7251420426
811,21855600,132375,21987975,7,0,1,14848,16,4364236652
812,21861091,967383,22828474,7,0,0,51712,16,1596634070
813,21867890,120100,21987990,3,0,1,1024,3,6306094503
814,21877680,1284142,23161822,1,0,0,208384,9,10285557876
815,21904009,1517554,23421563,9,0,0,74240,15,7290942903
816,21924190,211882,22136072,3,0,1,3072,3,1832994717
817,21939611,1057241,22996852,2,0,0,182272,16,1226234658
818,21944110,197701,22141811,8,0,1,6144,7,5438473724
819,21966740,177017,22143757,3,0,1,3072,3,8261985151
820,22010070,1570914,23580984,1,0,0,54784,9,8699487817
821,22024140,125693,22149833,7,0,1,17920,16,1477834085
822,22048421,1154591,23203012,8,0,0,77824,7,4321411880
823,22080100,784572,22864672,0,0,0,512,14,2653420947
824,22107201,1395528,23502729,4,0,0,43008,13,9813111885
825,22130780,1333736,23464516,6,0,0,53760,12,8282627058
826,22141930,12729,22154659,8,0,1,7680,7,244734755
827,22143871,40568,22184439,0,0,1,2560,14,2294892490
828,22144551,1212408,23356959,8,0,0,115200,7,7741357905
829,22146470,490378,22636848,0,0,0,1024,14,1825735028
830,22174550,831076,23005626,6,0,0,28672,12,1843955059
831,22183031,1667215,23850246,4,0,0,43008,13,10214919341
832,22185751,9021,22194772,0,0,1,8192,14,6010939344
833,22197751,1546566,23744317,2,0,0,123904,16,8242833180
834,22247561,1500679,23748240,4,0,0,12800,13,6560511178
835,22254700,1518,22256218,3,0,1,1536,3,3612472409
836,22300710,4162,22304872,5,0,1,11264,18,1291376142
837,22303581,864496,23168077,4,0,0,20480,13,5008565081
838,22332869,1610378,23943247,9,0,0,185856,15,5959883739
839,22371191,1305196,23676387,4,0,0,22016,13,7856889704
840,22382880,25187,22408067,5,0,1,45568,18,10470864509
841,22419551,1417576,23837127,4,0,0,109056,13,6701804368
842,22449460,214743,22664203,7,0,1,45056,16,2199611503
843,22450511,213707,22664218,0,0,1,12800,14,8308339812
844,22456490,207743,22664233,5,0,1,2048,18,10624708067
845,22461320,2234251,24695571,1,0,0,172032,9,2462781670
846,22490831,1664480,24155311,4,0,0,27648,13,9911258074
847,22500280,164503,22664783,8,0,1,11776,7,10659221219
848,22504340,165269,22669609,5,0,1,7680,18,5894813325
849,22550209,1253675,23803884,9,0,0,143872,15,7836269948
850,22578101,1480762,24058863,2,0,0,159744,16,4228380376
851,22582590,1274847,23857437,7,0,0,23552,16,5399411755
852,22583570,90545,22674115,7,0,1,7168,16,8478256462
853,22623031,2373278,24996309,2,0,0,16384,16,1689139184
854,22636500,38281,22674781,8,0,1,11264,7,8513327871
855,22661051,30651,22691702,0,0,1,22528,14,76409036
856,22665211,1583789,24249000,4,0,0,77824,13,5156327057
857,22675120,106148,22781268,7,0,1,5632,16,8226721480
858,22706391,591190,23297581,8,0,0,27136,7,6882434510
859,22713831,117472,22831303,0,0,1,8704,14,8377377416
860,22732720,102739,22835459,8,0,1,4608,7,3240386858
861,22764831,1216363,23981194,7,0,0,47616,16,1739871765
862,22768711,630217,23398928,8,0,0,54272,7,2075708502
863,22778220,1095191,23873411,0,0,0,4608,14,7286513668
864,22792000,1218176,24010176,7,0,0,32256,16,8763928141
865,22801160,35491,22836651,7,0,1,11264,16,6947715006
866,22825730,13102,22838832,8,0,1,8704,7,7934612523
867,22845900,1426702,24272602,1,0,0,77312,9,72746360
868,22870601,1589659,24460260,4,0,0,287232,13,6268272603
869,22904420,30259,22934679,8,0,1,34304,7,846749106
870,22910840,23854,22934694,7,0,1,2560,16,269060699
871,22916591,1286363,24202954,8,0,0,57344,7,1750430254
872,22920830,76045,22996875,5,0,1,17408,18,10620001010
873,22942530,1045387,23987917,1,0,0,22016,9,3354330387
874,22952451,1547991,24500442,8,0,0,70144,7,6583766839
875,22955800,54735,23010535,7,0,1,5120,16,10697538819
876,22969460,46221,23015681,7,0,1,8192,16,342388790
877,22995659,2101300,25096959,9,0,0,17920,15,3557080301
878,23039520,35693,23075213,5,0,1,9728,18,3644041070
879,23040720,39266,23079986,5,0,1,13312,18,4674361248
880,23044890,2274174,25319064,6,0,0,270336,12,4869060128
881,23047560,1486125,24533685,7,0,0,109056,16,3717892681
882,23056920,24692,23081612,7,0,1,2560,16,2652705740
883,23061190,1743315,24804505,6,0,0,52736,12,2264240782
884,23075810,1481174,24556984,7,0,0,76288,16,1838464633
885,23076231,2071191,25147422,8,0,0,76800,7,20960813
886,23081981,2154692,25236673,8,0,0,64000,7,5620010575
887,23082590,85502,23168092,5,0,1,33280,18,2938844497
888,23084950,94264,23179214,5,0,1,53248,18,3780966884
889,23086170,93059,23179229,7,0,1,7680,16,10004798049
890,23097280,2023721,25121001,0,0,0,54784,14,8884405505
891,23106609,765367,23871976,9,0,0,47616,15,645614370
892,23132281,2308071,25440352,7,0,0,100864,16,10030343037
893,23134361,2194618,25328979,2,0,0,32256,16,3214537661
894,23147681,2447647,25595328,7,0,0,53760,16,5579526129
895,23150640,57181,23207821,5,0,1,5120,18,8245254624
896,23154701,1833247,24987948,8,0,0,109056,7,787354268
897,23155671,1684269,24839940,7,0,0,116224,16,1595968003
898,23155721,53086,23208807,0,0,1,1536,14,10329332737
899,23193050,2216539,25409589,6,0,0,132608,12,690428284
900,23211010,3189173,26400183,0,0,0,103936,14,926491246
901,23214261,5196,23219457,0,0,1,13312,14,4851888672
902,23262391,5802,23268193,0,0,1,6144,14,750735651
903,23266821,3028236,26295057,7,0,0,294400,16,263015854
904,23268879,2763332,26032211,9,0,0,263168,15,3990495250
905,23312409,2415130,25727539,9,0,0,33280,15,250682533
906,23318001,2465908,25783909,4,0,0,36864,13,10057970294
907,23333901,39237,23373138,0,0,1,7680,14,2462756618
908,23341180,39167,23380347,8,0,1,19968,7,5453659838
909,23345190,3536482,26881672,1,0,0,85504,9,10141857526
910,23352941,2825845,26178786,4,0,0,106496,13,9417471089
911,23359061,21952,23381013,0,0,1,11264,14,8068081754
912,23363550,2126759,25490309,0,0,0,29184,14,1635249558
913,23381991,39587,23421578,0,0,1,5632,14,4538430823
914,23388740,76827,23465567,8,0,1,1024,7,5312111629
915,23414851,1329367,24744218,8,0,0,33280,7,10307503366
916,23420470,50670,23471140,8,0,1,6656,7,6339500970
917,23462141,3097435,26559576,4,0,0,153088,13,2635445479
918,23465861,479789,23945650,7,0,0,7680,16,543126400
919,23480411,566,23480977,0,0,1,512,14,2381301596
920,23480591,2023240,25503831,8,0,0,12288,7,4151002951
921,23493721,970142,24463863,8,0,0,11776,7,2473928711
922,23498849,3112284,26611133,9,0,0,50176,15,8693150288
923,23501190,1980204,25481394,0,0,0,69120,14,1620582148
924,23513899,2827233,26341132,9,0,0,151040,15,4608967178
925,23549180,3518246,27067426,6,0,0,23552,12,2613183337
926,23556271,3119217,26675488,8,0,0,39424,7,4627934349
927,23573550,9896,23583446,5,0,1,2560,18,1718878027
928,23583251,29111,23612362,0,0,1,26624,14,9389859051
929,23584340,2261827,25846167,6,0,0,173568,12,10181378140
930,23597120,1462663,25059783,7,0,0,11264,16,3531009120
931,23605480,2749427,26354907,7,0,0,45056,16,6535002792
932,23618810,10499,23629309,7,0,1,16896,16,9425677140
933,23634781,3003185,26637966,2,0,0,26112,16,937737451
934,23638330,5196,23643526,7,0,1,13312,16,5209902245
935,23667281,3631655,27298936,8,0,0,384000,7,9565341734
936,23671480,7769,23679249,5,0,1,8704,18,10617611521
937,23679650,4374,23684024,7,0,1,4608,16,3117099411
938,23710050,40218,23750268,5,0,1,2048,18,9428865454
939,23727621,24430,23752051,0,0,1,9216,14,1111486197
940,23728289,2307877,26036166,9,0,0,12800,15,4758746730
941,23742430,2021684,25764114,6,0,0,41984,12,3409062931
942,23744571,3201993,26946564,2,0,0,185856,16,2350406085
943,23751200,2200804,25952004,0,0,0,108032,14,3690213315
944,23818180,1827500,25645680,7,0,0,47616,16,1235998452
945,23834081,42253,23876334,0,0,1,4608,14,1649164042
946,23850980,3699884,27550864,1,0,0,144896,9,8508894691
947,23888400,64965,23953365,5,0,1,8192,18,6767853940
948,23894050,2701764,26595814,1,0,0,80896,9,49790392
949,23903640,53271,23956911,7,0,1,5632,16,6408406533
950,23906170,3978246,27884416,0,0,0,17408,14,7161291139
951,23921170,3773316,27694486,7,0,0,171520,16,9447305752
952,23922360,35524,23957884,9,0,1,12800,15,2860139303
953,23928340,33410,23961750,8,0,1,6144,7,9122606268
954,23933371,29365,23962736,0,0,1,1536,14,6513813069
955,23951790,11817,23963607,5,0,1,12288,18,10343530411
956,23952290,2192911,26145201,0,0,0,59904,14,3635574873
957,23993920,3379630,27373550,0,0,0,156672,14,5915840258
958,24028091,33234,24061325,0,0,1,2560,14,4590552359
959,24123981,6229,24130210,0,0,1,15360,14,2706245273
960,24129780,2711619,26841399,6,0,0,28160,12,3341591743
961,24135010,1518,24136528,8,0,1,1536,7,6833319762
962,24135459,2435684,26571143,9,0,0,37888,15,5491625469
963,24138130,4078854,28216984,7,0,0,151552,16,6204133478
964,24157750,2546342,26704092,1,0,0,43520,9,9789429662
965,24162340,2501121,26663461,7,0,0,69632,16,6470082383
966,24179810,3930344,28110154,7,0,0,162304,16,1300640355
967,24194760,14940,24209700,9,0,1,7168,15,4785321237
968,24213860,566,24214426,7,0,1,512,16,10218390267
969,24219990,4937,24224927,8,0,1,12800,7,2418099761
970,24224611,24412,24249023,0,0,1,19968,14,4434426404
971,24225200,1339817,25565017,6,0,0,16384,12,1880233643
972,24244680,31804,24276484,7,0,1,4096,16,2556810177
973,24248620,28417,24277037,5,0,1,9216,18,6788386655
974,24253940,2220103,26474043,7,0,0,1536,16,3488636533
975,24257760,29456,24287216,8,0,1,16896,7,4995247933
976,24261651,26551,24288202,0,0,1,1536,14,6970445822
977,24299169,636568,24935737,9,0,0,17408,15,587905953
978,24304380,4100746,28405126,6,0,0,29184,12,2578687874
979,24314960,1042,24316002,5,0,1,1024,18,911270305
980,24338391,2430241,26768632,2,0,0,22016,16,9144551550
981,24357100,6488,24363588,7,0,1,15872,16,6784154768
982,24363290,2946,24366236,5,0,1,3072,18,752401270
983,24389550,82178,24471728,8,0,1,8192,7,7966562590
984,24397781,4319783,28717564,2,0,0,17408,16,9878728288
985,24411530,2568926,26980456,7,0,0,58880,16,9436707744
986,24421950,51724,24473674,9,0,1,3072,15,871305597
987,24430380,3323580,27753960,6,0,0,29696,12,8515808944
988,24434481,2592017,27026498,8,0,0,10240,7,6353591578
989,24444301,30679,24474980,0,0,1,2048,14,171263511
990,24449590,26376,24475966,5,0,1,1536,18,3598355572
991,24475540,4055544,28531084,0,0,0,23040,14,9095938679
992,24492410,4813111,29305521,7,0,0,167936,16,6443778143
993,24507040,55229,24562269,3,0,1,5632,3,3988303962
994,24511600,54215,24565815,9,0,1,5632,15,6834584270
995,24515610,51511,24567121,9,0,1,2048,15,3614774869
996,24518860,176766,24695626,4,0,1,214528,13,956709660
997,24538641,2787142,27325783,4,0,0,88064,13,9251500479
998,24549300,146341,24695641,8,0,1,12288,7,7967265484
999,24572441,2390060,26962501,8,0,0,50688,7,7918485620
1000,24572890,124722,24697612,5,0,1,5120,18,6621401894
1001,24573250,2868368,27441618,1,0,0,29184,9,4128525048
1002,24603640,96558,24700198,7,0,1,4096,16,3330898587
1003,24607320,2391925,26999245,6,0,0,61440,12,79573033
1004,24632291,68675,24700966,0,0,1,11776,14,8738848301
1005,24651680,4431631,29083311,0,0,0,260608,14,3889226497
1006,24666981,3077916,27744897,8,0,0,165376,7,7995496594
1007,24669360,3686530,28355890,6,0,0,175104,12,2704453779
1008,24670691,4147080,28817771,8,0,0,1024,7,10662927238
1009,24672870,2713130,27386000,7,0,0,12288,16,8122112115
1010,24695810,10341,24706151,7,0,1,16384,16,1359687098
1011,24713360,1687306,26400666,6,0,0,1536,12,10274944998
1012,24715020,3072652,27787672,7,0,0,88064,16,7468321583
1013,24722440,4374,24726814,5,0,1,4608,18,306770176
1014,24739200,1951617,26690817,1,0,0,36352,9,2198645854
1015,24774291,3208659,27982950,2,0,0,13824,16,8400034956
1016,24775830,12308,24788138,9,0,1,20480,15,1631412746
1017,24793050,48868,24841918,3,0,1,2048,3,997138684
1018,24798980,45030,24844010,5,0,1,9728,18,2262088585
1019,24807441,50004,24857445,0,0,1,23552,14,4295376287
1020,24833780,25291,24859071,9,0,1,2560,15,1379411208
1021,24836279,3308162,28144441,9,0,0,17920,15,5213320062
1022,24843381,16356,24859737,0,0,1,1024,14,6860506242
1023,24847849,2945485,27793334,9,0,0,17920,15,2735815293
1024,24858110,4667228,29525338,0,0,0,250880,14,3332943485
1025,24904590,1994,24906584,5,0,1,2048,18,7667309130
1026,24911380,1518,24912898,9,0,1,1536,15,6170308021
1027,24922710,14029,24936739,3,0,1,27136,3,1827127827
1028,24938031,2684365,27622396,2,0,0,8192,16,1166979645
1029,24943140,4850,24947990,9,0,1,5120,15,8719312676
1030,24945461,3645,24949106,0,0,1,10240,14,2568386235
1031,24946070,5030,24951100,8,0,1,2560,7,9361028663
1032,24993631,3177162,28170793,8,0,0,39936,7,8259250589
1033,25005570,3898,25009468,8,0,1,4096,7,8527325504
1034,25010050,3033885,28043935,1,0,0,83456,9,2475190850
1035,25050531,1994,25052525,0,0,1,2048,14,1689124805
1036,25057410,7215,25064625,5,0,1,5120,18,5034533181
1037,25080171,2934004,28014175,8,0,0,45568,7,3656554051
1038,25083600,3628427,28712027,6,0,0,56832,12,1851111548
1039,25112420,2710738,27823158,1,0,0,35328,9,3370769922
1040,25123520,4465621,29589141,1,0,0,29184,9,7006851424
1041,25218300,3150628,28368928,6,0,0,32768,12,6698329299
1042,25246671,88780,25335451,0,0,1,15872,14,5505556915
1043,25248810,3421496,28670306,6,0,0,137728,12,8693869757
1044,25256640,84389,25341029,5,0,1,7680,18,9946581577
1045,25264211,78444,25342655,0,0,1,2560,14,10732049398
1046,25277180,66755,25343935,1,0,1,14336,9,2077470602
1047,25280111,2102090,27382201,4,0,0,28160,13,3495963012
1048,25299550,4828304,30127854,0,0,0,70656,14,10109358916
1049,25300890,46911,25347801,9,0,1,6144,15,8288246768
1050,25302940,48087,25351027,9,0,1,5120,15,7978397896
1051,25316000,4370843,29686843,6,0,0,4608,12,3443442582
1052,25326460,24926,25351386,8,0,1,9728,7,4986689056
1053,25330061,3222520,28552581,2,0,0,23552,16,9290211634
1054,25337331,16001,25353332,0,0,1,3072,14,8038981301
1055,25383680,3384645,28768325,7,0,0,76800,16,7301318428
1056,25386290,58896,25445186,5,0,1,5120,18,6479843199
1057,25407530,38528,25446058,9,0,1,11264,15,8017501955
1058,25445910,4850,25450760,9,0,1,5120,15,819236593
1059,25463130,4474515,29937645,7,0,0,259584,16,3932954522
1060,25485131,3738734,29223865,4,0,0,236544,13,7639506461
1061,25498600,6754,25505354,8,0,1,7168,7,6673288005
1062,25513930,6278,25520208,9,0,1,6656,15,6067759526
1063,25561131,17219,25578350,0,0,1,22528,14,2047582288
1064,25576730,18613,25595343,5,0,1,1024,18,8529936834
1065,25605041,2690929,28295970,2,0,0,5120,16,7241078506
1066,25609921,1172096,26782017,2,0,0,15872,16,7309051372
1067,25619570,26125,25645695,3,0,1,32256,3,10003260277
1068,25644120,11808,25655928,8,0,1,16384,7,4312807094
1069,25674910,4937,25679847,8,0,1,12800,7,6416608379
1070,25678060,3240978,28919038,0,0,0,134656,14,7962607710
1071,25681939,10241,25692180,6,0,1,16384,12,9561422741
1072,25695750,3904,25699654,5,0,1,10752,18,8996771444
1073,25761610,7692,25769302,3,0,1,13312,3,10237337414
1074,25791410,4599835,30391245,6,0,0,237056,12,3218213673
1075,25796741,4839569,30636310,2,0,0,122368,16,2972476077
1076,25804449,47554,25852003,6,0,1,6144,12,4754533940
1077,25823551,31678,25855229,0,0,1,5120,14,4746425910
1078,25854711,4162,25858873,0,0,1,11264,14,9037526669
1079,25859610,5971,25865581,9,0,1,14848,15,9987872727
1080,25868141,3505315,29373456,2,0,0,2048,16,7299849410
1081,25899909,5127745,31027654,9,0,0,126464,15,7298176150
1082,25903520,1518,25905038,8,0,1,1536,7,5299369761
1083,25917891,3233193,29151084,2,0,0,105472,16,8684321011
1084,25928970,115016,26043986,5,0,1,19456,18,4345283188
1085,25938731,2755965,28694696,8,0,0,37376,7,5127115953
1086,25959820,2872809,28832629,1,0,0,33792,9,6203589038
1087,25967230,2716055,28683285,1,0,0,42496,9,9175938956
1088,25974750,866976,26841726,0,0,0,1024,14,2722629113
1089,26009421,37151,26046572,0,0,1,4096,14,9976774882
1090,26030361,2125869,28156230,4,0,0,2048,13,8066092299
1091,26037020,1395691,27432711,6,0,0,69632,12,9453377259
1092,26066281,2228106,28294387,2,0,0,86528,16,9465860119
1093,26066371,4374,26070745,0,0,1,4608,14,2330882313
1094,26067040,1911675,27978715,1,0,0,30720,9,1258274980
1095,26077170,1031252,27108422,6,0,0,22016,12,755072008
1096,26110299,5257711,31368010,9,0,0,245760,15,3985572446
1097,26110910,3898,26114808,8,0,1,4096,7,10501929134
1098,26125580,19636,26145216,9,0,1,30208,15,697339158
1099,26147210,1418489,27565699,1,0,0,48640,9,6964209275
1100,26168991,3267090,29436081,8,0,0,96768,7,350229594
1101,26184589,4374,26188963,6,0,1,4608,12,5145269124
1102,26237161,117777,26354938,0,0,1,2048,14,5617035908
1103,26255490,99463,26354953,9,0,1,14848,15,2582108228
1104,26269100,85868,26354968,8,0,1,9728,7,2055861011
1105,26279681,433718,26713399,4,0,0,512,13,456393666
1106,26281140,73843,26354983,9,0,1,3584,15,334839197
1107,26330531,27312,26357843,0,0,1,8704,14,4694832782
1108,26333631,1590523,27924154,4,0,0,512,13,4471762345
1109,26352941,2005988,28358929,4,0,0,1536,13,7744955671
1110,26365751,2200195,28565946,8,0,0,35840,7,8896867846
1111,26375300,33081,26408381,8,0,1,8192,7,1265966278
1112,26383711,4806033,31189744,2,0,0,266752,16,10433723269
1113,26409321,748149,27157470,4,0,0,2560,13,6695712263
1114,26416660,1042,26417702,8,0,1,1024,7,2930721039
1115,26440861,3645,26444506,0,0,1,10240,14,2481082153
1116,26444610,375140,26819750,0,0,0,1024,14,1276030272
1117,26448811,1306723,27755534,4,0,0,512,13,6395198286
1118,26451560,6754,26458314,8,0,1,7168,7,7982469905
1119,26497740,4420,26502160,8,0,1,11776,7,1965171788
1120,26502210,2494007,28996217,1,0,0,68096,9,6219010657
1121,26510311,3069564,29579875,2,0,0,163840,16,638302170
1122,26511329,1518,26512847,6,0,1,1536,12,8009267619
1123,26516740,94416,26611156,8,0,1,4608,7,6139387429
1124,26533220,77951,26611171,9,0,1,7680,15,3701989475
1125,26595409,19886,26615295,6,0,1,11264,12,10691574515
1126,26627260,1296723,27923983,6,0,0,72192,12,8832663279
1127,26697319,10669,26707988,6,0,1,10752,12,657431088
1128,26710910,2661907,29372817,1,0,0,193024,9,560057247
1129,26730711,1897600,28628311,2,0,0,71168,16,10283139525
1130,26764800,6770,26771570,8,0,1,3072,7,2352463830
1131,26776011,3009569,29785580,2,0,0,208896,16,2799902272
1132,26814180,2288958,29103138,1,0,0,65024,9,2962418057
1133,26818599,2838241,29656840,9,0,0,51200,15,6945843069
1134,26846319,2946,26849265,6,0,1,3072,12,583974945
1135,26882880,1700431,28583311,0,0,0,3072,14,3383895467
1136,26885650,3128,26888778,3,0,1,9216,3,10151779534
1137,26886031,1472415,28358446,4,0,0,1024,13,10570427702
1138,26914491,66004,26980495,0,0,1,43008,14,3345871227
1139,26914890,65620,26980510,8,0,1,10752,7,1404998198
1140,26934061,1459476,28393537,8,0,0,26624,7,6437122670
1141,26935959,1942028,28877987,9,0,0,139776,15,9784207142
1142,26936799,2377191,29313990,9,0,0,23552,15,10110115228
1143,26953559,50019,27003578,6,0,1,4608,12,784560383
1144,26956340,48224,27004564,3,0,1,1536,3,8683985714
1145,26961460,2292878,29254338,6,0,0,56832,12,7485082541
1146,26981440,24750,27006190,3,0,1,2560,3,10719573622
1147,26994570,16766,27011336,3,0,1,8192,3,2349328691
1148,27016190,1484293,28500483,6,0,0,80896,12,10546188238
1149,27025790,1331831,28357621,6,0,0,5632,12,7317979617
1150,27036871,2361716,29398587,8,0,0,82432,7,4843612917
1151,27054460,2951747,30006207,6,0,0,169472,12,4257860017
1152,27083469,2758807,29842276,9,0,0,9728,15,7774918536
1153,27090289,2539138,29629427,9,0,0,121344,15,6463030033
1154,27094501,4503095,31597596,8,0,0,33280,7,3857440621
1155,27110690,4162,27114852,9,0,1,11264,15,9832084166
1156,27126829,3898,27130727,6,0,1,4096,12,5120779587
1157,27128511,365982,27494493,8,0,0,4096,7,3005110833
1158,27145730,1518,27147248,8,0,1,1536,7,1957420104
1159,27153070,13600,27166670,8,0,1,23040,7,5445540218
1160,27165330,2966,27168296,8,0,1,2560,7,4757931414
1161,27200071,1725698,28925769,8,0,0,22016,7,637962128
1162,27200939,1802945,29003884,9,0,0,25088,15,4295146878
1163,27201650,2378584,29580234,1,0,0,1024,9,5573281655
1164,27242550,147307,27389857,8,0,1,4096,7,7764664603
1165,27243221,2195590,29438811,8,0,0,8192,7,7140734819
1166,27247250,540593,27787843,0,0,0,512,14,1035969538
1167,27258509,132654,27391163,6,0,1,2048,12,4866689951
1168,27268309,2417107,29685416,9,0,0,41472,15,2989667789
1169,27286370,108019,27394389,9,0,1,5120,15,8734316912
1170,27317610,76933,27394543,9,0,1,8704,15,365697050
1171,27317720,1262274,28579994,6,0,0,13824,12,2035640391
1172,27323110,73059,27396169,8,0,1,2560,7,9367158682
1173,27323460,4319423,31642883,6,0,0,148480,12,1172127280
1174,27354351,1764566,29118917,8,0,0,51712,7,2008613351
1175,27376390,24605,27400995,9,0,1,7680,15,5145711959
1176,27398199,5062,27403261,6,0,1,3584,12,4611651729
1177,27461281,1114486,28575767,2,0,0,30720,16,3010176074
1178,27549699,2274272,29823971,9,0,0,125952,15,6602464859
1179,27604070,3128,27607198,8,0,1,9216,7,10381608170
1180,27608900,2789544,30398444,6,0,0,23552,12,493684871
1181,27630490,2523225,30153715,6,0,0,27648,12,6565282654
1182,27634139,1772435,29406574,9,0,0,26112,15,1549186928
1183,27644070,4244806,31888876,7,0,0,131072,16,1077475828
1184,27681260,676859,28358119,0,0,0,512,14,1139256149
1185,27741501,1888166,29629667,4,0,0,512,13,10000016739
1186,27772261,2282188,30054449,8,0,0,91136,7,9799993763
1187,27779001,1196414,28975415,2,0,0,116736,16,3802558320
1188,27784260,15837,27800097,9,0,1,7168,15,7455070437
1189,27790990,17878,27808868,8,0,1,22528,7,9761474600
1190,27855630,1736810,29592440,1,0,0,10752,9,2537821340
1191,27874110,3645,27877755,9,0,1,10240,15,4542394982
1192,27874870,1362137,29237007,7,0,0,42496,16,8162142930
1193,27884320,12825,27897145,8,0,1,24576,7,4869560290
1194,27930990,2207719,30138709,1,0,0,9728,9,1855410624
1195,27956430,2554954,30511384,7,0,0,86528,16,9412582401
1196,27963841,4018086,31981927,4,0,0,3584,13,10047053717
1197,27969390,1985150,29954540,6,0,0,55296,12,2163357251
1198,28004040,353908,28357948,0,0,0,1024,14,3167753271
1199,28017680,26270,28043950,9,0,1,10752,15,4087743523
1200,28038360,1800134,29838494,1,0,0,47616,9,7625465462
1201,28053441,1785856,29839297,8,0,0,2560,7,4690716835
1202,28064860,60107,28124967,9,0,1,28672,15,10561446065
1203,28066730,61783,28128513,9,0,1,5632,15,317037667
1204,28124670,1981625,30106295,1,0,0,161280,9,5068561703
1205,28224051,1833081,30057132,8,0,0,8704,7,2799470195
1206,28277620,434625,28712245,6,0,0,512,12,8602456541
1207,28299650,1007149,29306799,1,0,0,4096,9,6950808850
1208,28350011,3885785,32235796,8,0,0,51200,7,8454318677
1209,28367720,1068580,29436300,1,0,0,512,9,6818390317
1210,28387720,1638938,30026658,7,0,0,67072,16,7283623847
1211,28389130,420800,28809930,1,0,0,512,9,1221618694
1212,28455319,1771879,30227198,9,0,0,92160,15,6083972141
1213,28462101,1835476,30297577,2,0,0,230912,16,8194101887
1214,28513270,2249436,30762706,7,0,0,53248,16,3395494237
1215,28531640,908746,29440386,1,0,0,5120,9,4082137623
1216,28553050,598720,29151770,0,0,0,2048,14,7787824789
1217,28612420,99646,28712066,3,0,1,12800,3,5447824018
1218,28615890,1854037,30469927,1,0,0,1024,9,2456260514
1219,28628590,88997,28717587,3,0,1,13312,3,7325508314
1220,28642831,1774972,30417803,5,0,0,63488,18,3317548633
1221,28671870,46219,28718089,8,0,1,512,7,10208939055
1222,28674030,550014,29224044,1,0,0,512,9,9134560028
1223,28680779,2268977,30949756,9,0,0,136704,15,5619960205
1224,28779270,5971,28785241,3,0,1,14848,3,8204420470
1225,28861400,1457275,30318675,6,0,0,33792,12,590396270
1226,28882961,1262315,30145276,8,0,0,21504,7,355965946
1227,28889321,86109,28975430,0,0,1,41984,14,1093427776
1228,28928501,2159407,31087908,2,0,0,197120,16,5466624480
1229,28954790,1681699,30636489,0,0,0,512,14,8563151527
1230,28963720,3406710,32370430,7,0,0,28160,16,2478290791
1231,28967810,183289,29151099,2,0,1,43008,16,5270017218
1232,28983390,457533,29440923,1,0,0,1536,9,5933284950
1233,28998599,1439243,30437842,9,0,0,65536,15,980495185
1234,29013391,1501440,30514831,8,0,0,11264,7,6243657359
1235,29013459,1842124,30855583,9,0,0,44544,15,4210380975
1236,29021800,1297202,30319002,1,0,0,1024,9,1337389243
1237,29031430,274106,29305536,2,0,1,10240,16,10268490242
1238,29044950,3408391,32453341,0,0,0,1024,14,880597634
1239,29064591,1477867,30542458,8,0,0,90624,7,5146447641
1240,29102390,427534,29529924,7,0,0,14848,16,2840994650
1241,29295520,144905,29440425,3,0,1,2048,3,6538878306
1242,29319850,120590,29440440,3,0,1,2048,3,1335549704
1243,29324110,117899,29442009,2,0,1,4096,16,2319172078
1244,29336090,108185,29444275,3,0,1,3584,3,6559870348
1245,29366350,492180,29858530,6,0,0,51712,12,7488038336
1246,29394950,52551,29447501,2,0,1,5120,16,4540387142
1247,29436100,89253,29525353,2,0,1,4096,16,4688440382
1248,29452410,177032,29629442,1,0,1,22528,9,4751641346
1249,29457620,171837,29629457,3,0,1,11264,3,4241674049
1250,29462230,167258,29629488,2,0,1,13824,16,8704593560
1251,29465201,1523882,30989083,2,0,0,129024,16,1937336011
1252,29486539,356220,29842759,9,0,0,1536,15,4336908537
1253,29499890,1208129,30708019,7,0,0,119808,16,10542019628
1254,29534920,121935,29656855,3,0,1,34304,3,7855179034
1255,29565651,91219,29656870,0,0,1,5120,14,2594325768
1256,29624450,510923,30135373,7,0,0,24576,16,585124331
1257,29675350,16414,29691764,3,0,1,12800,3,6181663959
1258,29683270,470975,30154245,1,0,0,1536,9,5112101581
1259,29735960,712626,30448586,6,0,0,12288,12,6340520710
1260,29776610,359090,30135700,0,0,0,1024,14,8284045939
1261,29783509,3285824,33069333,9,0,0,251392,15,6803391845
1262,29786420,349295,30135715,8,0,1,21504,7,701135537
1263,29787460,520896,30308356,1,0,0,35328,9,7934685172
1264,29802550,333180,30135730,8,0,1,5632,7,4208255396
1265,29868570,1383152,31251722,1,0,0,172544,9,10602342351
1266,29876920,1150905,31027825,0,0,0,512,14,5155408055
1267,29898480,255274,30153754,8,0,1,10752,7,235140692
1268,29968351,902210,30870561,2,0,0,19456,16,1414657113
1269,29977140,180179,30157319,8,0,1,10240,7,9314167326
1270,29982690,1582873,31565563,1,0,0,386560,9,7021400747
1271,30027410,132831,30160241,8,0,1,3584,7,3869375677
1272,30110230,55436,30165666,8,0,1,8192,7,8850620621
1273,30141459,406617,30548076,9,0,0,11264,15,7392809284
1274,30156160,10172,30166332,8,0,1,1024,7,8124742165
1275,30200051,1553381,31753432,8,0,0,344064,7,651479992
1276,30246680,3055677,33302357,7,0,0,382464,16,8901249170
1277,30278480,821551,31100031,1,0,0,19968,9,2612161229
1278,30323340,389888,30713228,0,0,0,1536,14,1306242336
1279,30330201,1559314,31889515,2,0,0,2048,16,3376126095
1280,30331010,868117,31199127,1,0,0,30720,9,3804504818
1281,30356040,1457311,31813351,1,0,0,196608,9,4663278117
1282,30363941,1083819,31447760,2,0,0,27136,16,3073158669
1283,30392011,992365,31384376,2,0,0,10240,16,5829749222
1284,30401151,1247418,31648569,8,0,0,18432,7,10332575854
1285,30420890,1418434,31839324,7,0,0,54272,16,4373961559
1286,30430111,970527,31400638,8,0,0,30208,7,8278561896
1287,30557621,847556,31405177,2,0,0,14848,16,7366303501
1288,30579391,1008050,31587441,2,0,0,41984,16,7794277588
1289,30601891,1289223,31891114,2,0,0,5120,16,3878079672
1290,30606850,481861,31088711,0,0,0,2560,14,3395535836
1291,30616300,1515504,32131804,1,0,0,130560,9,8605159125
1292,30644691,2728973,33373664,8,0,0,223744,7,5125980228
1293,30707740,660457,31368197,0,0,0,512,14,6744723574
1294,30715181,1265639,31980820,2,0,0,199680,16,2702427446
1295,30782310,1378999,32161309,0,0,0,512,14,7801107118
1296,30881200,941558,31822758,7,0,0,30720,16,2004141860
1297,30889561,685073,31574634,2,0,0,29696,16,189651441
1298,30904470,1518,30905988,7,0,1,1536,16,6931795167
1299,30915750,453554,31369304,0,0,0,3584,14,2592173921
1300,30927610,1525404,32453014,0,0,0,1024,14,9018595258
1301,30947829,2489013,33436842,9,0,0,94720,15,8850627172
1302,30967560,1102636,32070196,6,0,0,94720,12,6085672948
1303,31006200,1443700,32449900,0,0,0,512,14,2667282054
1304,31021691,348284,31369975,8,0,0,2048,7,6740727316
1305,31029830,1545470,32575300,1,0,0,63488,9,948731793
1306,31055241,857276,31912517,2,0,0,70144,16,1180392617
1307,31095220,932272,32027492,1,0,0,50176,9,7634616786
1308,31110300,1050838,32161138,7,0,0,8192,16,3714070458
1309,31151840,105370,31257210,8,0,1,13824,7,6209262852
1310,31178760,80695,31259455,8,0,1,9728,7,8720192613
1311,31179781,1639659,32819440,5,0,0,22528,18,7121295477
1312,31182290,660520,31842810,6,0,0,9728,12,2167829727
1313,31206609,53512,31260121,6,0,1,1024,12,7154539851
1314,31211401,1385627,32597028,8,0,0,46592,7,4894924586
1315,31221959,41283,31263242,6,0,1,4096,12,1238898566
1316,31224299,40455,31264754,6,0,1,11264,12,542615123
1317,31313961,534956,31848917,5,0,0,19968,18,4851051603
1318,31321231,598694,31919925,5,0,0,24064,18,5452457272
1319,31337199,37585,31374784,6,0,1,5120,12,3001152517
1320,31348231,641246,31989477,5,0,0,23040,18,7632865303
1321,31352680,1722792,33075472,1,0,0,19968,9,2495339166
1322,31363100,12814,31375914,9,0,1,11776,15,2351894956
1323,31378350,6041,31384391,7,0,1,10752,16,4462686170
1324,31423001,1503835,32926836,8,0,0,103424,7,10368272994
1325,31439479,203459,31642938,6,0,1,5120,12,8444783356
1326,31466909,355864,31822773,6,0,1,18432,12,950201367
1327,31481500,652199,32133699,6,0,0,6144,12,5597622931
1328,31532190,450236,31982426,0,0,0,1536,14,6258187088
1329,31532880,457548,31990428,0,0,0,3072,14,4846395181
1330,31536520,376012,31912532,9,0,1,2048,15,9010830500
1331,31538710,1273843,32812553,7,0,0,196608,16,643179453
1332,31539900,372647,31912547,7,0,1,7680,16,4270088169
1333,31556290,356272,31912562,5,0,1,9216,18,9480492641
1334,31567310,272521,31839831,0,0,0,1536,14,2285655624
1335,31591370,1161248,32752618,7,0,0,135168,16,5409614191
1336,31641631,800061,32441692,5,0,0,47616,18,1464825901
1337,31692140,1133251,32825391,7,0,0,19456,16,2648827412
1338,31693850,547695,32241545,0,0,0,2560,14,9043480934
1339,31699810,1486000,33185810,1,0,0,169472,9,9675845412
1340,31729291,1996951,33726242,5,0,0,507392,18,8050214798
1341,31735961,600882,32336843,2,0,0,41984,16,5033913365
1342,31771799,218708,31990507,6,0,1,5120,12,6018036978
1343,31781501,1211205,32992706,2,0,0,137216,16,5032957309
1344,31788580,202521,31991101,8,0,1,6144,7,4213238173
1345,31795130,1612799,33407929,7,0,0,48640,16,5827389152
1346,31796701,1933144,33729845,2,0,0,11776,16,991189926
1347,31824071,1126804,32950875,2,0,0,78848,16,4237089381
1348,31826990,1476364,33303354,0,0,0,3072,14,9356142125
1349,31831520,1302631,33134151,1,0,0,192512,9,7033664497
1350,31835400,156047,31991447,7,0,1,512,16,1494327256
1351,31853040,2013499,33866539,6,0,0,148992,12,6803246004
1352,31860690,142444,32003134,7,0,1,20992,16,7447530205
1353,31863671,1616768,33480439,8,0,0,43520,7,8294735151
1354,31880199,1999957,33880156,9,0,0,44544,15,7086719376
1355,31885290,1932826,33818116,1,0,0,101888,9,4324914565
1356,31918810,86590,32005400,8,0,1,3584,7,571059069
1357,31922990,85636,32008626,7,0,1,5120,16,2352243634
1358,31931750,77132,32008882,9,0,1,9216,15,7660405355
1359,31950541,1822889,33773430,8,0,0,88576,7,7423323354
1360,31982379,45128,32027507,6,0,1,16896,12,3138537193
1361,31983220,2073407,34056627,1,0,0,187392,9,2806107064
1362,31988680,1757739,33746419,6,0,0,39424,12,7570440183
1363,32023420,9422,32032842,7,0,1,5632,16,7250858108
1364,32024990,2451933,34476923,1,0,0,17920,9,6482903678
1365,32027809,5909,32033718,6,0,1,11776,12,8504797138
1366,32028170,1277283,33305453,7,0,0,6656,16,5478504349
1367,32046370,1953106,33999476,7,0,0,130048,16,2330699592
1368,32057120,2611070,34668190,7,0,0,199168,16,6085302836
1369,32080530,2946,32083476,9,0,1,3072,15,2703645574
1370,32081530,2201809,34283339,7,0,0,172544,16,6249963642
1371,32100389,2035896,34136285,9,0,0,190976,15,2523413162
1372,32117379,2030815,34148194,9,0,0,38400,15,9864299376
1373,32127340,8888,32136228,7,0,1,2560,16,5189877095
1374,32127890,1606502,33734392,7,0,0,14848,16,2181967517
1375,32129990,2341458,34471448,6,0,0,208896,12,1462372838
1376,32138310,2946,32141256,7,0,1,3072,16,5958193494
1377,32147760,2459723,34607483,7,0,0,135168,16,4915539073
1378,32165500,2182887,34348387,6,0,0,154112,12,8059100881
1379,32190900,25704,32216604,8,0,1,46592,7,9099263041
1380,32252030,12737,32264767,7,0,1,24576,16,8808280162
1381,32253449,14224,32267673,6,0,1,4608,12,4884628201
1382,32270479,2137250,34407729,9,0,0,193024,15,7013631872
1383,32273880,1042,32274922,9,0,1,1024,15,2379219461
1384,32297520,4374,32301894,9,0,1,4608,15,3933764783
1385,32338339,5454,32343793,6,0,1,13824,12,7001643986
1386,32353469,6754,32360223,6,0,1,7168,12,5273558821
1387,32357239,1429802,33787041,9,0,0,44544,15,3412227292
1388,32369161,484415,32853576,4,0,0,1024,13,789149910
1389,32387020,3387,32390407,2,0,1,9728,16,4287629249
1390,32431479,1626879,34058358,9,0,0,5632,15,4279002968
1391,32447039,1042,32448081,6,0,1,1024,12,4276403026
1392,32450500,4850,32455350,9,0,1,5120,15,1570108729
1393,32458450,6278,32464728,9,0,1,6656,15,10414287308
1394,32482520,4374,32486894,7,0,1,4608,16,975486682
1395,32492040,1644416,34136456,0,0,0,512,14,5944599943
1396,32507511,2342537,34850048,2,0,0,80896,16,9818328994
1397,32516011,1443826,33959837,2,0,0,74752,16,2906540619
1398,32518121,1557895,34076016,2,0,0,57856,16,9380322806
1399,32525769,1628236,34154005,9,0,0,18944,15,5799988043
1400,32537910,4420,32542330,8,0,1,11776,7,7791952842
1401,32559730,37313,32597043,2,0,1,27648,16,861187609
1402,32606270,1994,32608264,8,0,1,2048,7,8657164764
1403,32637939,6278,32644217,6,0,1,6656,12,4113154220
1404,32639029,5534,32644563,6,0,1,512,12,3834149641
1405,32642459,3730,32646189,6,0,1,2560,12,3877122052
1406,32655590,782839,33438429,0,0,0,512,14,5127113846
1407,32674170,5971,32680141,2,0,1,14848,16,1248532054
1408,32715911,1772001,34487912,8,0,0,35840,7,349235893
1409,32738431,1787630,34526061,2,0,0,124416,16,2605630073
1410,32742139,86623,32828762,6,0,1,9728,12,7171684831
1411,32762381,1466761,34229142,8,0,0,37888,7,10561021599
1412,32785501,43607,32829108,0,0,1,512,14,509863365
1413,32849630,2291200,35140830,1,0,0,129024,9,3430926467
1414,32850480,4679,32855159,8,0,1,12288,7,4344740420
1415,32860570,2308853,35169423,6,0,0,54272,12,562462278
1416,32864000,2069882,34933882,1,0,0,108032,9,2236337010
1417,32882000,936335,33818335,0,0,0,512,14,1128904968
1418,32883770,1646744,34530514,7,0,0,14336,16,5440366457
1419,32892040,3128,32895168,9,0,1,9216,15,3518002371
1420,32904350,398030,33302380,9,0,1,3584,15,4090251859
1421,32922519,379884,33302403,6,0,1,5632,12,6118798111
1422,32927930,1420940,34348870,0,0,0,1536,14,8634427936
1423,32956371,1944564,34900935,2,0,0,166912,16,3356072316
1424,32960701,1767376,34728077,8,0,0,131584,7,7056196643
1425,32978289,2479227,35457516,9,0,0,252928,15,8244347179
1426,33017800,1743017,34760817,1,0,0,6144,9,9799754472
1427,33026810,2247387,35274197,7,0,0,18944,16,3474829202
1428,33064270,314203,33378473,5,0,1,5120,18,534504704
1429,33074360,307019,33381379,8,0,1,4608,7,3087335153
1430,33115220,1553171,34668391,0,0,0,512,14,954912256
1431,33117160,264373,33381533,5,0,1,8704,18,8986798641
1432,33125390,257769,33383159,8,0,1,2560,7,3743632423
1433,33132760,250904,33383664,5,0,1,10240,18,7892297013
1434,33192191,196750,33388941,0,0,1,6144,14,9021568763
1435,33196260,192937,33389197,7,0,1,9216,16,10577354007
1436,33218120,173663,33391783,7,0,1,4096,16,4380545563
1437,33239339,2297006,35536345,9,0,0,77312,15,7988991632
1438,33244240,147889,33392129,5,0,1,512,18,6927008355
1439,33265580,142364,33407944,5,0,1,7680,18,10605554188
1440,33314220,93739,33407959,9,0,1,2560,15,4771684028
1441,33321700,115157,33436857,9,0,1,23040,15,1585475600
1442,33322090,2344454,35666544,1,0,0,84480,9,7264408855
1443,33340129,1761358,35101487,9,0,0,209408,15,6399016914
1444,33370480,66392,33436872,7,0,1,1536,16,1657945808
1445,33398160,513751,33911911,0,0,0,2048,14,898010306
1446,33412191,1574333,34986524,8,0,0,58368,7,10413996052
1447,33414991,663091,34078082,5,0,0,6144,18,7548305332
1448,33418690,21646,33440336,9,0,1,3584,15,9516658808
1449,33442750,5326,33448076,2,0,1,5632,16,4323892934
1450,33456930,2946,33459876,2,0,1,3072,16,8207719605
1451,33468690,607505,34076195,0,0,0,512,14,8680705863
1452,33475430,742153,34217583,6,0,0,98816,12,2483732825
1453,33481000,1838936,35319936,0,0,0,512,14,9858227944
1454,33495241,1743546,35238787,8,0,0,29184,7,341268996
1455,33518581,1965961,35484542,8,0,0,84480,7,6275055011
1456,33536560,2946,33539506,3,0,1,3072,3,5436018278
1457,33550131,2287611,35837742,8,0,0,161280,7,5046675358
1458,33645970,842121,34488091,0,0,0,512,14,1573807884
1459,33657561,1572311,35229872,2,0,0,108544,16,1639552877
1460,33672001,1478204,35150205,8,0,0,30720,7,1854084409
1461,33677521,2388653,36066174,5,0,0,21504,18,9059653271
1462,33681671,137922,33819593,0,0,1,1536,14,5111233159
1463,33715890,2005602,35721492,1,0,0,174080,9,5933595020
1464,33729040,91859,33820899,3,0,1,2048,3,1120690109
1465,33794491,72063,33866554,0,0,1,2560,14,6712685089
1466,33797350,1988511,35785861,7,0,0,55296,16,8915842536
1467,33804881,1707893,35512774,2,0,0,17920,16,263293497
1468,33807230,59339,33866569,9,0,1,1024,15,5064725366
1469,33859130,2421505,36280635,1,0,0,165376,9,8425687675
1470,33911730,146643,34058373,4,0,1,143872,13,4247004350
1471,33916460,1052225,34968685,1,0,0,114176,9,1274992577
1472,33922490,1382522,35305012,1,0,0,26112,9,62100917
1473,33931680,204799,34136479,9,0,1,1024,15,521080571
1474,33956800,592457,34549257,6,0,0,61440,12,1994641555
1475,33971651,1873750,35845401,5,0,0,25088,18,9443042847
1476,34064900,1087972,35152872,6,0,0,8704,12,7393266414
1477,34093779,702102,34795881,9,0,0,15360,15,2475198698
1478,34107191,2451763,36558954,2,0,0,218624,16,5449684969
1479,34115500,2759150,36874650,7,0,0,185344,16,7574600000
1480,34128721,1059370,35188091,8,0,0,39936,7,987352908
1481,34138579,1443706,35582285,9,0,0,11264,15,6968523987
1482,34145540,22794,34168334,3,0,1,27648,3,9712936582
1483,34173030,3422,34176452,1,0,1,3584,9,2546715917
1484,34181510,1796050,35977560,7,0,0,64512,16,8222706521
1485,34181790,2636257,36818047,6,0,0,314880,12,189053080
1486,34212220,71150,34283370,1,0,1,22528,9,3945973906
1487,34214241,1945342,36159583,2,0,0,134144,16,329131768
1488,34233690,1996542,36230232,0,0,0,7168,14,8942412321
1489,34237571,1341267,35578838,5,0,0,50688,18,6491102899
1490,34263071,728736,34991807,8,0,0,10752,7,2145419642
1491,34264151,1278793,35542944,8,0,0,21504,7,2391851714
1492,34277161,1103253,35380414,8,0,0,43520,7,2779016687
1493,34337420,139542,34476962,3,0,1,7168,3,1824128864
1494,34340051,2676407,37016458,5,0,0,177152,18,6414430363
1495,34345650,131327,34476977,3,0,1,2560,3,8328493132
1496,34346141,1161083,35507224,5,0,0,74240,18,10323240438
1497,34348300,639019,34987319,0,0,0,2560,14,5705354954
1498,34370660,117478,34488138,3,0,1,5632,3,6904286853
1499,34380201,937694,35317895,8,0,0,15360,7,808118098
1500,34381910,144166,34526076,1,0,1,7680,9,7511134048
1501,34390200,135907,34526107,1,0,1,13824,9,5283111086
1502,34431980,1864333,36296313,0,0,0,1024,14,8464720506
1503,34448309,100963,34549272,6,0,1,16384,12,3655838652
1504,34453400,95887,34549287,3,0,1,12800,3,3863184044
1505,34460930,1864666,36325596,6,0,0,45056,12,1513397076
1506,34475080,74246,34549326,9,0,1,9216,15,5119408444
1507,34493890,174315,34668205,3,0,1,45568,3,10536518211
1508,34498961,1061938,35560899,8,0,0,58880,7,4658601436
1509,34522231,145989,34668220,0,0,1,17408,14,8094927394
1510,34535150,133256,34668406,2,0,1,4096,16,9948766747
1511,34632290,48483,34680773,3,0,1,20480,3,1697308966
1512,34648659,1579366,36228025,9,0,0,30720,15,6684204716
1513,34649561,337773,34987334,0,0,1,62976,14,3004098078
1514,34660301,1271163,35931464,2,0,0,19968,16,3204274876
1515,34679241,2516381,37195622,2,0,0,214528,16,4296486898
1516,34685320,486300,35171620,5,0,1,30208,18,8282344690
1517,34719470,2570382,37289852,6,0,0,124416,12,309151328
1518,34730200,444966,35175166,5,0,1,5632,18,2226932209
1519,34730670,1858669,36589339,0,0,0,2560,14,4146174180
1520,34744190,431232,35175422,1,0,1,9216,9,621951488
1521,34750870,487932,35238802,2,0,1,9216,16,232520647
1522,34751130,581177,35332307,7,0,0,22016,16,2254916972
1523,34763240,560699,35323939,5,0,1,22016,18,165551359
1524,34780080,580866,35360946,2,0,1,14336,16,557474076
1525,34788879,577120,35365999,6,0,1,9728,12,264701413
1526,34819580,560857,35380437,5,0,1,19456,18,6052294163
1527,34835860,648713,35484573,2,0,1,3584,16,8371794629
1528,34840431,1350717,36191148,8,0,0,69632,7,2938137182
1529,34845050,662189,35507239,2,0,1,512,16,6990805695
1530,34903210,604044,35507254,1,0,1,1024,9,3100759875
1531,34905241,2558353,37463594,2,0,0,154112,16,9930847657
1532,34906810,2146673,37053483,0,0,0,1536,14,2411270067
1533,34906850,600419,35507269,2,0,1,7168,16,8491314190
1534,34970280,537004,35507284,3,0,1,2048,3,5810375869
1535,34992161,515138,35507299,0,0,1,9728,14,592300771
1536,35025209,696298,35721507,6,0,1,19968,12,10478102486
1537,35026410,432377,35458787,1,0,0,4096,9,4003807933
1538,35029631,951688,35981319,8,0,0,12288,7,7206185536
1539,35034890,686648,35721538,3,0,1,19968,3,824477182
1540,35035310,1586374,36621684,1,0,0,51712,9,5749408128
1541,35058280,1434047,36492327,1,0,0,150528,9,1448886490
1542,35147180,574373,35721553,3,0,1,3584,3,8524752128
1543,35164479,559024,35723503,6,0,1,3072,12,560146150
1544,35174080,553609,35727689,5,0,1,6656,18,267630770
1545,35206590,1202936,36409526,0,0,0,1536,14,9623233139
1546,35217261,2363519,37580780,8,0,0,144384,7,9217927794
1547,35222750,339272,35562022,0,0,0,3584,14,3810563530
1548,35227130,500713,35727843,3,0,1,8704,3,3712138913
1549,35248630,821290,36069920,1,0,1,31232,9,5100799573
1550,35274970,1673981,36948951,1,0,0,130560,9,1094083473
1551,35295270,2542214,37837484,1,0,0,137728,9,7616893054
1552,35311780,858137,36169917,9,0,1,8704,15,6955042688
1553,35317450,546080,35863530,6,0,0,39424,12,2749435364
1554,35337960,2260151,37598111,1,0,0,56832,9,7683290564
1555,35352780,998959,36351739,1,0,1,33280,9,9397916988
1556,35369570,982937,36352507,5,0,1,11776,18,10654035165
1557,35428261,2622863,38051124,8,0,0,32768,7,5349366886
1558,35431140,978401,36409541,9,0,1,31232,15,9290117975
1559,35446110,1112859,36558969,5,0,1,21504,18,8390005073
1560,35446520,2151926,37598446,0,0,0,1024,14,10273392579
1561,35480380,1166170,36646550,5,0,1,3072,18,2210105211
1562,35500901,717562,36218463,8,0,0,89600,7,4001316488
1563,35521220,2519875,38041095,6,0,0,221696,12,8733315703
1564,35556460,1090756,36647216,9,0,1,1024,15,10577087840
1565,35678440,1230701,36909141,1,0,0,113152,9,1780674818
1566,35678580,491322,36169902,1,0,0,33792,9,3786906021
1567,35705690,1112388,36818078,2,0,1,31232,16,9177832382
1568,35720210,1097891,36818101,2,0,1,6144,16,1331168418
1569,35721290,124446,35845736,0,0,0,1024,14,10017909369
1570,35725991,569979,36295970,8,0,0,50176,7,9733017838
1571,35741910,1076206,36818116,7,0,1,1024,16,6741278202
1572,35812830,405804,36218634,0,0,0,512,14,2870095488
1573,35902170,2206250,38108420,6,0,0,21504,12,3946398576
1574,35905160,912971,36818131,3,0,1,16896,3,8512618843
1575,35922270,986886,36909156,1,0,1,15360,9,1621671147
1576,35954780,1007687,36962467,0,0,0,1536,14,6840800526
1577,36002130,2209696,38211826,6,0,0,64512,12,7923973376
1578,36006410,1010279,37016689,0,0,0,512,14,5587128423
1579,36031390,995228,37026618,1,0,0,32256,9,6923043983
1580,36042360,679732,36722092,0,0,0,1536,14,816259554
1581,36046460,970013,37016473,9,0,1,23040,15,3542481043
1582,36047730,968758,37016488,9,0,1,512,15,7052983339
1583,36055321,1604071,37659392,2,0,0,28672,16,10330256341
1584,36061449,2415690,38477139,9,0,0,55296,15,9453416116
1585,36068481,2043984,38112465,2,0,0,6144,16,9703816875
1586,36084250,497994,36582244,7,0,0,76288,16,9269729392
1587,36127410,594199,36721609,7,0,0,163328,16,7773420292
1588,36170751,266669,36437420,2,0,0,4608,16,10272836036
1589,36171860,844643,37016503,3,0,1,2560,3,1407857989
1590,36187500,829018,37016518,9,0,1,12288,15,599737343
1591,36217380,741594,36958974,1,0,0,32768,9,9507494081
1592,36221640,382147,36603787,6,0,0,4608,12,4645127650
1593,36247571,1105210,37352781,8,0,0,95744,7,7410097753
1594,36250290,1117170,37367460,7,0,0,48128,16,6097411274
1595,36257920,758792,37016712,2,0,1,8192,16,10198310314
1596,36261680,2462234,38723914,1,0,0,185344,9,8579361384
1597,36287850,728925,37016775,3,0,1,14336,3,615007683
1598,36340880,2585127,38926007,1,0,0,20480,9,2191736740
1599,36408130,2986527,39394657,7,0,0,11264,16,7711211924
1600,36483500,478484,36961984,0,0,0,3072,14,2613245275
1601,36514391,3055941,39570332,2,0,0,168960,16,161753598
1602,36574359,475452,37049811,9,0,0,4608,15,5333144470
1603,36601989,359036,36961025,9,0,0,6656,15,8555174287
1604,36623279,3060252,39683531,9,0,0,292352,15,8992082092
1605,36644600,2118242,38762842,6,0,0,9728,12,1783597781
1606,36682890,363066,37045956,1,0,1,19456,9,12220016
1607,36694540,629046,37323586,1,0,0,35328,9,3763601411
1608,36709311,603496,37312807,2,0,0,75264,16,4277279159
1609,36770000,605134,37375134,1,0,0,22528,9,2407385900
1610,36772500,595755,37368255,6,0,0,2560,12,8492991899
1611,36779540,337596,37117136,7,0,1,26112,16,9686625571
1612,36779821,3025209,39805030,2,0,0,185344,16,7892794640
1613,36832230,1459959,38292189,0,0,0,1024,14,2178069487
1614,36847790,650651,37498441,7,0,0,73728,16,3111927171
1615,36867610,803075,37670685,7,0,0,4608,16,4430073818
1616,36937040,712768,37649808,1,0,0,84992,9,199868621
1617,36949870,245791,37195661,7,0,1,16384,16,269668734
1618,36964620,410545,37375165,3,0,1,12288,3,1968945828
1619,36972911,926495,37899406,2,0,0,58880,16,10583794315
1620,36978590,680817,37659407,7,0,1,6656,16,8534120401
1621,36978970,858685,37837655,0,0,0,512,14,5060327125
1622,36983500,690619,37674119,3,0,1,15360,3,4711512515
1623,37009001,2926646,39935647,8,0,0,84992,7,9541466730
1624,37089710,597624,37687334,6,0,0,29184,12,3409825382
1625,37119310,645439,37764749,0,0,0,1536,14,4857819252
1626,37140811,739314,37880125,2,0,0,59904,16,6425697234
1627,37146171,715687,37861858,2,0,0,79360,16,4940803365
1628,37152399,471490,37623889,9,0,0,83456,15,6264257081
1629,37170310,2799196,39969506,6,0,0,46592,12,7971980705
1630,37170670,916053,38086723,7,0,0,82432,16,3573990801
1631,37184460,786530,37970990,7,0,0,15872,16,2635031033
1632,37233681,1037756,38271437,2,0,0,71680,16,3507953979
1633,37246770,2144440,39391210,1,0,0,360960,9,9015894975
1634,37247771,669169,37916940,2,0,0,32768,16,4105880865
1635,37272091,634834,37906925,2,0,0,24576,16,3978864990
1636,37284390,1341191,38625581,7,0,0,142848,16,3951409416
1637,37331170,344575,37675745,7,0,1,2560,16,9503987057
1638,37352081,3149504,40501585,8,0,0,125952,7,3860124501
1639,37390080,491348,37881428,0,0,0,4096,14,7745399910
1640,37403471,356226,37759697,2,0,0,5120,16,4974643046
1641,37416889,775266,38192155,9,0,0,57344,15,4457052474
1642,37423561,990946,38414507,8,0,0,46080,7,9837917300
1643,37449090,670569,38119659,0,0,0,512,14,9708224758
1644,37451670,260798,37712468,7,0,1,7168,16,7785949201
1645,37494881,592067,38086948,2,0,0,512,16,3402707445
1646,37510879,207183,37718062,6,0,1,18432,12,3742314459
1647,37565120,706644,38271764,0,0,0,1024,14,5084849473
1648,37604950,122700,37727650,7,0,1,1536,16,4015190327
1649,37642130,239321,37881451,7,0,1,4096,16,2711799689
1650,37644511,719128,38363639,2,0,0,40448,16,5006128452
1651,37645590,289266,37934856,7,0,0,13824,16,7580213534
1652,37649350,402273,38051623,0,0,0,1536,14,6934630108
1653,37729199,1215075,38944274,9,0,0,59904,15,6699266909
1654,37742899,1081757,38824656,9,0,0,169984,15,6913624974
1655,37750860,290250,38041110,7,0,1,17920,16,5575593902
1656,37754400,1018441,38772841,1,0,0,32768,9,4656785661
1657,37767370,385165,38152535,0,0,0,512,14,7991362152
1658,37810620,230505,38041125,7,0,1,512,16,9791483140
1659,37826000,698982,38524982,6,0,0,4096,12,3804839727
1660,37830801,836626,38667427,2,0,0,56320,16,3513052215
1661,37835499,1240640,39076139,9,0,0,65536,15,6431535964
1662,37836701,813543,38650244,2,0,0,80896,16,9341097425
1663,37855530,2833949,40689479,6,0,0,182784,12,1590408703
1664,37880290,179171,38059461,9,0,1,17920,15,9888954817
1665,37884440,632055,38516495,7,0,0,68608,16,751910177
1666,37896059,560738,38456797,9,0,0,38400,15,8147895743
1667,37901640,1153880,39055520,0,0,0,512,14,1233835562
1668,37920170,166568,38086738,9,0,1,4096,15,4182552032
1669,37922000,164753,38086753,7,0,1,14848,16,3097918876
1670,37961770,151991,38113761,7,0,1,2048,16,280361046
1671,37972140,1035815,39007955,0,0,0,3072,14,5150558601
1672,37999380,760475,38759855,1,0,0,83968,9,2683507798
1673,38016070,545674,38561744,9,0,1,27136,15,5335561900
1674,38049110,685146,38734256,6,0,0,28672,12,654280123
1675,38070790,1448023,39518813,6,0,0,263168,12,6148830701
1676,38071030,1367508,39438538,6,0,0,86528,12,5265971081
1677,38076900,799373,38876273,0,0,0,512,14,2524786829
1678,38105991,1061955,39167946,8,0,0,36864,7,470245192
1679,38149540,794757,38944297,7,0,1,40448,16,4836706785
1680,38150659,1130540,39281199,9,0,0,154112,15,5148974916
1681,38217270,506831,38724101,6,0,0,512,12,10427332413
1682,38227120,353607,38580727,1,0,0,25600,9,10032562709
1683,38255750,701045,38956795,7,0,1,512,16,9991706324
1684,38301471,1292969,39594440,8,0,0,33280,7,5821871745
1685,38318091,1367171,39685262,8,0,0,5632,7,10735717353
1686,38350449,1559224,39909673,9,0,0,99328,15,3002718655
1687,38358740,1520639,39879379,1,0,0,193024,9,2346161620
1688,38386449,2465815,40852264,9,0,0,139264,15,2902715140
1689,38417270,1331226,39748496,6,0,0,196608,12,10325491711
1690,38489090,2527617,41016707,7,0,0,29696,16,9436283514
1691,38578220,382441,38960661,7,0,1,6144,16,7311363806
1692,38602611,1626566,40229177,8,0,0,103424,7,4804973195
1693,38652320,454394,39106714,7,0,1,9216,16,9565299812
1694,38660670,525543,39186213,6,0,0,59904,12,4482374049
1695,38674161,910124,39584285,8,0,0,45568,7,3746667541
1696,38702730,1252486,39955216,7,0,0,52736,16,5396125244
1697,38720129,677039,39397168,9,0,0,8192,15,10019606692
1698,38735560,414272,39149832,7,0,1,11776,16,3677270074
1699,38752570,398248,39150818,9,0,1,1536,15,6895754436
1700,38772441,1387570,40160011,2,0,0,121856,16,7315352783
1701,38789350,420183,39209533,9,0,1,21504,15,2093992275
1702,38812630,625923,39438553,9,0,1,5632,15,2583619266
1703,38814680,1691787,40506467,1,0,0,14848,9,5178598650
1704,38818110,620466,39438576,1,0,1,3584,9,9965950864
1705,38821170,2343787,41164957,6,0,0,221696,12,1995537860
1706,38898430,540161,39438591,7,0,1,5632,16,1643259892
1707,38905510,506649,39412159,7,0,0,49152,16,157103048
1708,38918969,1455275,40374244,9,0,0,91136,15,8924544707
1709,38937100,1129629,40066729,6,0,0,53760,12,10579758381
1710,38952490,1087934,40040424,6,0,0,102400,12,8140877576
1711,38953729,734848,39688577,9,0,0,10752,15,3381981333
1712,38977100,1651977,40629077,1,0,0,101376,9,9418224379
1713,38979710,458904,39438614,9,0,1,3584,15,10155461566
1714,38990741,1898541,40889282,8,0,0,121344,7,3252892452
1715,39009630,179718,39189348,1,0,0,10240,9,1909011746
1716,39023229,3036307,42059536,9,0,0,130560,15,7364625687
1717,39042090,897004,39939094,0,0,0,11264,14,9366730682
1718,39046010,524337,39570347,9,0,1,3072,15,9294661939
1719,39056270,1962176,41018446,6,0,0,5632,12,3967726506
1720,39062840,2672252,41735092,6,0,0,136704,12,2663521155
1721,39141170,429200,39570370,7,0,1,9216,16,1215974742
1722,39183560,1318360,40501920,0,0,0,1024,14,8962156078
1723,39199670,548857,39748527,7,0,1,54784,16,4274043911
1724,39218061,1364602,40582663,2,0,0,226304,16,3376084083
1725,39237620,3177140,42414760,1,0,0,104448,9,149125664
1726,39240209,2990816,42231025,9,0,0,186880,15,5809346421
1727,39325700,1020761,40346461,6,0,0,77312,12,6892679817
1728,39351630,468906,39820536,1,0,0,50688,9,7874866168
1729,39354460,450617,39805077,9,0,1,6656,15,8836337160
1730,39359290,520104,39879394,1,0,1,28160,9,6927058975
1731,39360739,3312476,42673215,9,0,0,205824,15,9537216825
1732,39389050,520646,39909696,9,0,1,4096,15,3664849252
1733,39424340,514769,39939109,5,0,1,512,18,1123387542
1734,39444929,1479818,40924747,9,0,0,22528,15,2131708928
1735,39531381,423906,39955287,0,0,1,20992,14,5023464646
1736,39632071,337450,39969521,0,0,1,3584,14,9486639136
1737,39660050,1415047,41075097,0,0,0,185856,14,6687760922
1738,39665381,968391,40633772,2,0,0,15360,16,1056457585
1739,39695310,3054116,42749426,7,0,0,15872,16,4090809473
1740,39711000,268821,39979821,7,0,1,21504,16,2590281355
1741,39745290,851013,40596303,1,0,0,44544,9,5937449663
1742,39770840,3694721,43465561,6,0,0,180736,12,10114034369
1743,39808001,232438,40040439,0,0,1,19968,14,6985487555
1744,39824139,985678,40809817,9,0,0,132608,15,7188603643
1745,39824381,2090694,41915075,2,0,0,327168,16,1356252442
1746,39824700,1182929,41007629,0,0,0,89600,14,10005499373
1747,39849431,218635,40068066,0,0,1,15360,14,7241246430
1748,39857071,212559,40069630,0,0,1,1536,14,2539645033
1749,39858349,3447615,43305964,9,0,0,63488,15,466137725
1750,39873391,200105,40073496,0,0,1,6144,14,2331267745
1751,39876930,878923,40755853,6,0,0,25088,12,2446619290
1752,39947440,505464,40452904,7,0,0,12288,16,6883317570
1753,39949451,365079,40314530,0,0,1,48128,14,5043520373
1754,39956680,1023626,40980306,1,0,0,182272,9,8702916862
1755,39991870,3712953,43704823,6,0,0,294400,12,7256347045
1756,40032070,885798,40917868,7,0,0,78848,16,9578416220
1757,40048521,534165,40582686,0,0,1,4096,14,1131683340
1758,40061020,1133319,41194339,0,0,0,96256,14,7540790424
1759,40069180,513521,40582701,7,0,1,6656,16,2373365446
1760,40087430,495286,40582716,7,0,1,3072,16,1964271636
1761,40186810,1074912,41261722,1,0,0,12800,9,146513442
1762,40200761,651526,40852287,0,0,1,23552,14,9574079356
1763,40278180,729464,41007644,7,0,1,25088,16,5648383420
1764,40299901,775267,41075168,0,0,1,32256,14,10259113750
1765,40352710,2628204,42980914,1,0,0,115200,9,1974925747
1766,40401670,673513,41075183,9,0,1,3072,15,8436020302
1767,40447831,630574,41078405,0,0,1,7168,14,2009041549
1768,40466650,3353283,43819933,6,0,0,202240,12,2164164165
1769,40474849,418980,40893829,9,0,0,14848,15,8084266037
1770,40560980,1062637,41623617,7,0,0,3072,16,9559151043
1771,40585790,579206,41164996,8,0,1,18944,7,6734369582
1772,40592810,2514489,43107299,0,0,0,8704,14,1432117888
1773,40651990,571599,41223589,6,0,0,36864,12,7290316710
1774,40664221,530141,41194362,0,0,1,1536,14,9068623192
1775,40718881,475496,41194377,0,0,1,4608,14,148239551
1776,40742639,1214600,41957239,9,0,0,108544,15,1257954037
1777,40801769,3166897,43968666,9,0,0,125440,15,5032844412
1778,40819610,374782,41194392,8,0,1,1024,7,5151403431
1779,40866811,327596,41194407,0,0,1,1024,14,7510503282
1780,40963130,231292,41194422,8,0,1,12800,7,10354795034
1781,40982130,1316299,42298429,7,0,0,41984,16,2542216202
1782,40995790,198655,41194445,8,0,1,3584,7,10229021013
1783,41009140,265724,41274864,9,0,1,76288,15,1986507480
1784,41014020,3501584,44515604,7,0,0,510976,16,846589712
1785,41065281,347476,41412757,2,0,0,32256,16,7763318649
1786,41070380,261587,41331967,9,0,1,27136,15,553179930
1787,41070561,183250,41253811,2,0,0,512,16,10706450261
1788,41091229,541429,41632658,9,0,0,9728,15,9441753116
1789,41094430,242886,41337316,9,0,1,2048,15,9944097027
1790,41096880,426591,41523471,7,0,0,10752,16,8676706713
1791,41125180,255948,41381128,9,0,1,25600,15,3586220118
1792,41173500,411009,41584509,0,0,0,48640,14,3000244818
1793,41186531,278825,41465356,0,0,1,42496,14,7010247866
1794,41193280,2873295,44066575,1,0,0,86528,9,7737922853
1795,41203180,265402,41468582,9,0,1,5120,15,2047030885
1796,41258940,293054,41551994,9,0,1,7680,15,1336395708
1797,41264361,806913,42071274,2,0,0,2048,16,8258491641
1798,41270580,648753,41919333,0,0,0,13824,14,8742796697
1799,41283730,3257626,44541356,0,0,0,51200,14,3877604277
1800,41314370,607826,41922196,1,0,0,9216,9,1863200129
1801,41339640,475736,41815376,0,0,0,53760,14,5587647990
1802,41346261,901190,42247451,2,0,0,53760,16,3842378200
1803,41352479,1258009,42610488,9,0,0,183808,15,3638908208
1804,41353710,820352,42174062,1,0,0,103424,9,4091264904
1805,41393760,170473,41564233,9,0,1,5120,15,995938448
1806,41403851,331256,41735107,0,0,1,17920,14,2500660521
1807,41408291,326831,41735122,0,0,1,5632,14,6630660995
1808,41410471,875120,42285591,2,0,0,78336,16,5178889671
1809,41411300,2514070,43925370,7,0,0,126464,16,7670123898
1810,41414931,1062959,42477890,2,0,0,27648,16,1399933818
1811,41468480,446610,41915090,9,0,1,20480,15,10004871244
1812,41487510,1790604,43278114,7,0,0,238592,16,7661320639
1813,41491290,3196525,44687815,1,0,0,97280,9,3319544654
1814,41494730,2039266,43533996,0,0,0,84480,14,2036697031
1815,41499370,762315,42261685,6,0,0,36864,12,1813323072
1816,41503569,1050900,42554469,9,0,0,89088,15,948321378
1817,41552770,678278,42231048,9,0,1,4608,15,3296436864
1818,41553030,708678,42261708,9,0,1,3072,15,2629730147
1819,41563240,722366,42285606,9,0,1,1024,15,9509411168
1820,41574471,891150,42465621,0,0,1,9728,14,4052288657
1821,41577690,888917,42466607,9,0,1,1536,15,7065706397
1822,41588179,1148401,42736580,9,0,0,111104,15,8382442801
1823,41594151,925032,42519183,8,0,0,48128,7,9727034289
1824,41598930,928380,42527310,1,0,0,26624,9,8759710816
1825,41625160,852745,42477905,1,0,1,4608,9,2171558811
1826,41688580,789340,42477920,4,0,1,7680,13,5543931758
1827,41704010,989261,42693271,9,0,1,5120,15,5989637911
1828,41711940,1268989,42980929,4,0,1,72704,13,8489351363
1829,41718001,1262959,42980960,0,0,1,18944,14,5808071734
1830,41725180,525250,42250430,6,0,0,9728,12,918485265
1831,41741691,1239284,42980975,0,0,1,8704,14,2172554920
1832,41743051,3033830,44776881,2,0,0,67584,16,8266013362
1833,41818560,1288754,43107314,9,0,1,3584,15,9706638716
1834,41825221,1452932,43278153,0,0,1,19456,14,3438631824
1835,41855611,2459924,44315535,8,0,0,453120,7,480335515
1836,41863711,1534322,43398033,0,0,1,10752,14,186017336
1837,41864730,902807,42767537,6,0,0,59392,12,4601975574
1838,41902460,1495588,43398048,9,0,1,15360,15,3507419600
1839,41904061,1191953,43096014,2,0,0,202752,16,2518137024
1840,41929740,1550390,43480130,4,0,1,15872,13,4965640989
1841,41939250,1601601,43540851,9,0,1,3584,15,8111001184
1842,41939861,996137,42935998,8,0,0,68608,7,3238084178
1843,41971010,1877361,43848371,4,0,1,10240,13,10092227787
1844,41985620,758939,42744559,1,0,0,26112,9,9352806690
1845,42005330,1102787,43108117,6,0,0,2560,12,4451413774
1846,42020080,1721730,43741810,7,0,0,121344,16,5297577634
1847,42052790,1527671,43580461,6,0,0,22016,12,9781697764
1848,42062140,1786246,43848386,8,0,1,512,7,4313432344
1849,42073710,1774691,43848401,8,0,1,3584,7,1212049991
1850,42073730,1324288,43398018,1,0,0,128000,9,6058305439
1851,42074870,1773546,43848416,8,0,1,2048,7,4440130726
1852,42080091,2487020,44567111,8,0,0,84480,7,4051238953
1853,42115160,1815255,43930415,8,0,1,27136,7,3378309148
1854,42122400,1858776,43981176,9,0,1,9728,15,7805344292
1855,42132730,1221677,43354407,1,0,0,83968,9,2111592518
1856,42149300,1831891,43981191,8,0,1,1024,7,1245544172
1857,42168251,1339990,43508241,8,0,0,92160,7,6675700869
1858,42205531,790832,42996363,2,0,0,13824,16,5773552159
1859,42226660,1766885,43993545,8,0,1,8704,7,7685876095
1860,42269511,1724049,43993560,0,0,1,2560,14,2674839574
1861,42298710,1588105,43886815,6,0,0,125952,12,8710051036
1862,42322900,1783234,44106134,4,0,1,51200,13,3609267642
1863,42346040,2169595,44515635,9,0,1,16896,15,8592260068
1864,42349530,2176173,44525703,8,0,1,12288,7,6101450736
1865,42355750,2169976,44525726,4,0,1,2048,13,8193289239
1866,42378570,2147171,44525741,4,0,1,15872,13,7319949910
1867,42381760,1466596,43848356,7,0,0,93184,16,8496210246
1868,42383780,2362183,44745963,4,0,1,23040,13,5269889919
1869,42394420,2384707,44779127,9,0,1,18944,15,2497629222
1870,42394711,2441714,44836425,0,0,1,3584,14,7492385765
1871,42396340,805884,43202224,1,0,0,35840,9,3414340823
1872,42413330,2423110,44836440,8,0,1,11776,7,9889220676
1873,42425810,2410661,44836471,8,0,1,8192,7,2616517134
1874,42430899,1663363,44094262,9,0,0,58880,15,8409410324
1875,42481130,3071454,45552584,4,0,1,290304,13,7756874657
1876,42483121,3096455,45579576,0,0,1,17920,14,3033496959
1877,42501640,1493963,43995603,6,0,0,6656,12,2246051400
1878,42535340,1482634,44017974,7,0,0,73216,16,7734034565
1879,42539491,3041673,45581164,0,0,1,15872,14,10308950939
1880,42578370,2544337,45122707,0,0,0,325120,14,7611891744
1881,42581541,2259001,44840542,2,0,0,13312,16,5528045747
1882,42597539,2392694,44990233,9,0,0,119808,15,1674118788
1883,42606410,3074872,45681282,8,0,1,7680,7,10580896160
1884,42615970,3083750,45699720,4,0,1,8704,13,1681255120
1885,42674841,424308,43099149,2,0,0,10240,16,1443499590
1886,42717530,3165593,45883123,4,0,1,72192,13,2292892836
1887,42741410,1252120,43993530,1,0,0,40448,9,6275973725
1888,42767770,3119299,45887069,8,0,1,25088,7,5224211012
1889,42775140,329492,43104632,1,0,0,17920,9,9181926537
1890,42782639,235850,43018489,9,0,0,24576,15,1648641099
1891,42856531,3030569,45887100,0,0,1,3584,14,4021769516
1892,42859499,1070901,43930400,9,0,0,13824,15,2576756851
1893,42868140,2347536,45215676,1,0,0,39936,9,9936586336
1894,42879931,3007184,45887115,0,0,1,5632,14,6649571676
1895,42886321,1771176,44657497,2,0,0,236032,16,10487563650
1896,42888191,2998939,45887130,0,0,1,20480,14,4101967943
1897,42891900,2526735,45418635,1,0,0,233472,9,57122351
1898,42894251,701848,43596099,8,0,0,1536,7,320834623
1899,42902020,578095,43480115,6,0,0,27648,12,7613165208
1900,42939051,1806897,44745948,2,0,0,105472,16,7933551624
1901,42961141,510535,43471676,2,0,0,19968,16,3661383958
1902,42967990,2936681,45904671,4,0,1,19456,13,8593785024
1903,42980960,1544728,44525688,1,0,0,4096,9,6670448699
1904,42988861,2961216,45950077,0,0,1,18944,14,2632706174
1905,43001741,2948351,45950092,0,0,1,5632,14,9317556146
1906,43002620,314119,43316739,1,0,0,24576,9,10521027838
1907,43056441,2894937,45951378,0,0,1,17920,14,3871259993
1908,43122190,1055270,44177460,0,0,0,191488,14,652076882
1909,43203681,2750158,45953839,0,0,1,6656,14,223474749
1910,43205790,1630620,44836410,1,0,0,187904,9,9221162025
1911,43206040,1153861,44359901,1,0,0,77312,9,7826235135
1912,43234930,2743660,45978590,8,0,1,17920,7,5378834562
1913,43254980,2737925,45992905,2,0,1,19456,16,3365138922
1914,43277631,648542,43926173,2,0,0,2560,16,10081231359
1915,43302450,451131,43753581,6,0,0,38400,12,8776643646
1916,43327381,1386384,44713765,2,0,0,36352,16,2584784970
1917,43328720,2733204,46061924,3,0,1,8192,3,5284221008
1918,43329951,1693681,45023632,2,0,0,109568,16,3896726482
1919,43330420,2731519,46061939,8,0,1,1536,7,3223152977
1920,43342120,693217,44035337,1,0,0,56832,9,306889152
1921,43356890,2705072,46061962,7,0,1,512,16,1154137357
1922,43404651,2657326,46061977,0,0,1,512,14,4484104519
1923,43406950,2655042,46061992,8,0,1,18432,7,4717135294
1924,43440090,2633309,46073399,7,0,1,18944,16,5563995727
1925,43451090,2802916,46254006,4,0,1,133632,13,3590080465
1926,43482601,2029664,45512265,8,0,0,72704,7,6342142344
1927,43511510,2750819,46262329,8,0,1,4096,7,9713807941
1928,43513710,822604,44336314,7,0,0,68096,16,3746534104
1929,43516630,464531,43981161,6,0,0,40960,12,4318003202
1930,43534680,3799796,47334476,4,0,1,573952,13,5830793722
1931,43541850,3805292,47347142,7,0,1,1024,16,8088505390
1932,43659570,3687587,47347157,4,0,1,5632,13,10531158886
1933,43666271,1112833,44779104,2,0,0,7168,16,3709917348
1934,43668950,855451,44524401,1,0,0,24576,9,8493538558
1935,43672131,3675041,47347172,0,0,1,3072,14,278648160
1936,43701659,883875,44585534,9,0,0,60416,15,8543853696
1937,43726831,3620356,47347187,0,0,1,10240,14,2823300736
1938,43741000,961674,44702674,7,0,0,48640,16,8723365023
1939,43749670,3634612,47384282,7,0,1,1024,16,9885161647
1940,43778290,3606338,47384628,7,0,1,512,16,7585593271
1941,43799590,4186824,47986414,4,0,1,164352,13,8800340355
1942,43884150,1029114,44913264,1,0,0,132608,9,8324243740
1943,43902601,1042042,44944643,8,0,0,102912,7,4282297577
1944,43928860,4057569,47986429,8,0,1,5120,7,488178294
1945,43934050,1491495,45425545,7,0,0,17920,16,1675230509
1946,43942180,715964,44658144,0,0,0,2048,14,6970250797
1947,43949000,2001062,45950062,1,0,0,137728,9,1472552401
1948,43979480,1156198,45135678,0,0,0,42496,14,865963938
1949,43984641,4001803,47986444,0,0,1,3584,14,323835807
1950,43993120,4093856,48086976,4,0,1,53248,13,10608498275
1951,43995680,4091311,48086991,7,0,1,9728,16,7770157748
1952,44007061,1195013,45202074,2,0,0,54272,16,6441101333
1953,44016250,1665017,45681267,1,0,0,238080,9,5475412792
1954,44039430,2062014,46101444,7,0,0,19968,16,9008997039
1955,44078131,4008875,48087006,0,0,1,11776,14,1511050680
1956,44095260,4039632,48134892,9,0,1,2560,15,8867688834
1957,44100650,4038401,48139051,9,0,1,10752,15,312827129
1958,44112741,404157,44516898,2,0,0,4096,16,2248950079
1959,44113861,4101521,48215382,0,0,1,13824,14,5440047172
1960,44114610,1690695,45805305,1,0,0,281088,9,6936985492
1961,44116899,749116,44866015,9,0,0,28160,15,10262257433
1962,44137140,619134,44756274,7,0,0,33792,16,3682507064
1963,44155280,1006085,45161365,6,0,0,66560,12,7863072686
1964,44180400,4038208,48218608,9,0,1,5120,15,6359599965
1965,44195480,1357089,45552569,7,0,0,62464,16,5332890323
1966,44268790,684924,44953714,0,0,0,29696,14,5904886350
1967,44283410,2105096,46388506,7,0,0,79872,16,10142276353
1968,44308300,1545091,45853391,0,0,0,132096,14,5957909324
1969,44312360,4072177,48384537,4,0,1,77824,13,9404191208
1970,44326760,4057792,48384552,9,0,1,5120,15,9440049010
1971,44429250,3955325,48384575,8,0,1,1024,7,4580045054
1972,44431630,1160161,45591791,6,0,0,33792,12,2027532815
1973,44440340,2118597,46558937,7,0,0,297984,16,1925426414
1974,44452740,3931858,48384598,9,0,1,27136,15,9793796420
1975,44469310,3995571,48464881,4,0,1,68608,13,4336407245
1976,44513591,1799632,46313223,8,0,0,53760,7,4024073397
1977,44515720,1716378,46232098,0,0,0,22528,14,5691702368
1978,44572530,567063,45139593,0,0,0,12800,14,5589902633
1979,44589671,1267986,45857657,8,0,0,11264,7,1937638712
1980,44595821,1768334,46364155,2,0,0,1536,16,3060119435
1981,44643231,1960116,46603347,2,0,0,1024,16,6455877042
1982,44654150,1297213,45951363,6,0,0,4096,12,5478956887
1983,44663720,1329170,45992890,1,0,0,26112,9,2884825702
1984,44704690,1178410,45883100,7,0,0,83456,16,1254322304
1985,44716440,1186929,45903369,7,0,0,53248,16,2440578556
1986,44746271,1158377,45904648,2,0,0,4096,16,9146194312
1987,44768621,392915,45161536,2,0,0,512,16,781539170
1988,44794241,1344227,46138468,8,0,0,109568,7,3354935884
1989,44806729,613333,45420062,9,0,0,4608,15,952124976
1990,44811630,3961999,48773629,4,0,1,77312,13,9670009459
1991,44821341,382152,45203493,2,0,0,4608,16,513328230
1992,44824301,1378829,46203130,2,0,0,3072,16,10171349630
1993,44824490,3954951,48779441,8,0,1,9216,7,3490318682
1994,44856610,3928848,48785458,4,0,1,20480,13,10409171019
1995,44869469,1494203,46363672,9,0,0,100352,15,5618660051
1996,44892891,806814,45699705,8,0,0,60416,7,8676529292
1997,45041151,676426,45717577,2,0,0,1024,16,801593547
1998,45097181,392750,45489931,8,0,0,47616,7,78187008
1999,45103261,597285,45700546,2,0,0,2048,16,6598120719
2000,45177680,800895,45978575,1,0,0,69120,9,1070221001
2001,45236340,3592702,48829042,4,0,1,13312,13,6767814007
2002,45252190,1215924,46468114,0,0,0,189952,14,8359840982
2003,45256681,1385750,46642431,2,0,0,512,16,5360470166
2004,45261380,1450674,46712054,6,0,0,47104,12,4264947814
2005,45272330,3694704,48967034,4,0,1,70656,13,2590879730
2006,45351440,461688,45813128,6,0,0,25600,12,6600271496
2007,45388471,311436,45699907,2,0,0,512,16,2525232821
2008,45417160,3675621,49092781,4,0,1,228864,13,1723759659
2009,45424349,872471,46296820,9,0,0,97792,15,10397905338
2010,45444300,3714243,49158543,4,0,1,28672,13,5284901595
2011,45483570,1158690,46642260,6,0,0,36864,12,9562583379
2012,45488070,3753136,49241206,4,0,1,24576,13,1876039086
2013,45488301,365893,45854194,2,0,0,2560,16,8171319439
2014,45490519,396527,45887046,9,0,0,12800,15,6522407532
2015,45505680,5186043,50691723,4,0,1,253440,13,5084135583
2016,45520990,540919,46061909,6,0,0,56320,12,67898788
2017,45547220,1177017,46724237,7,0,0,39936,16,9033630083
2018,45560210,5131536,50691746,9,0,1,4608,15,9550387217
2019,45626390,5065371,50691761,9,0,1,2048,15,1081870798
2020,45671341,523346,46194687,2,0,0,512,16,9608503603
2021,45727150,4964634,50691784,1,0,1,17408,9,5459122816
2022,45751370,317691,46069061,6,0,0,9216,12,5643732240
2023,45771510,4920289,50691799,9,0,1,512,15,8684472786
2024,45783170,1195946,46979116,0,0,0,195072,14,10684246375
2025,45808070,440271,46248341,7,0,0,512,16,9928286724
2026,45846159,747627,46593786,9,0,0,28160,15,856087420
2027,45859430,309969,46169399,1,0,0,9728,9,6947255817
2028,45868550,311754,46180304,1,0,0,20480,9,3644028258
2029,45875510,755487,46630997,0,0,0,83456,14,7348350817
2030,45876800,4815014,50691814,1,0,1,10752,9,3507566616
2031,45906691,4785138,50691829,0,0,1,512,14,2788410057
2032,45920510,4771334,50691844,9,0,1,7168,15,2499047951
2033,45932130,4772551,50704681,9,0,1,3072,15,212272007
2034,46010000,588325,46598325,6,0,0,14848,12,1306681647
2035,46012540,634898,46647438,6,0,0,16384,12,3937936535
2036,46023011,290539,46313550,2,0,0,1024,16,2911309014
2037,46027500,375693,46403193,0,0,0,48128,14,2021209027
2038,46048051,537132,46585183,8,0,0,41984,7,10043660484
2039,46076290,496078,46572368,7,0,0,44032,16,6466199517
2040,46090410,515144,46605554,0,0,0,7168,14,8687882263
2041,46112319,998491,47110810,9,0,0,167424,15,9099922498
2042,46112970,701512,46814482,1,0,0,44032,9,9167983477
2043,46160420,4544276,50704696,9,0,1,5120,15,5577890311
2044,46162620,4623733,50786353,1,0,1,14848,9,2397287865
2045,46194051,453878,46647929,2,0,0,1536,16,8003486859
2046,46200400,539275,46739675,7,0,0,13824,16,10662137408
2047,46206350,4752665,50959015,1,0,1,14848,9,10525735745
2048,46212621,4750260,50962881,0,0,1,6144,14,6762217738
2049,46251530,606956,46858486,7,0,0,27136,16,467757179
2050,46263909,339111,46603020,9,0,0,15360,15,7201807958
2051,46282120,4687227,50969347,9,0,1,17408,15,4319135637
2052,46294050,734781,47028831,0,0,0,99840,14,4357535832
2053,46307740,4663553,50971293,9,0,1,3072,15,5291415569
2054,46312190,4872502,51184692,5,0,1,27136,18,392355111
2055,46318779,853430,47172209,9,0,0,27136,15,8729051542
2056,46359461,322070,46681531,8,0,0,44544,7,6016665779
2057,46415290,899921,47315211,0,0,0,230912,14,280413634
2058,46455790,4728917,51184707,9,0,1,1024,15,5603633829
2059,46485780,1089177,47574957,0,0,0,115712,14,7860234275
2060,46555291,677350,47232641,8,0,0,8704,7,522051463
2061,46606150,508731,47114881,1,0,0,13312,9,9282801254
2062,46616980,504952,47121932,1,0,0,23040,9,8692211519
2063,46642850,834408,47477258,6,0,0,208384,12,9781273637
2064,46678651,4506071,51184722,0,0,1,2560,14,7161836172
2065,46719510,4526441,51245951,9,0,1,33792,15,2460812760
2066,46720640,4840142,51560782,9,0,1,20992,15,651595265
2067,46748490,773422,47521912,7,0,0,111616,16,4528867545
2068,46783061,4849942,51633003,0,0,1,2048,14,541894022
2069,46809941,400800,47210741,8,0,0,22528,7,1377404550
2070,46810530,4823241,51633771,9,0,1,11776,15,6077962051
2071,46810601,4858727,51669328,0,0,1,7168,14,2299526366
2072,46829611,502931,47332542,8,0,0,56832,7,8418486274
2073,46832400,320357,47152757,7,0,0,46080,16,10665299266
2074,46859280,797439,47656719,7,0,0,85504,16,5417416603
2075,46878671,4792603,51671274,0,0,1,3072,14,872173513
2076,46909600,920441,47830041,6,0,0,58368,12,10059809369
2077,46935519,411608,47347127,9,0,0,41472,15,8484866248
2078,46999400,488481,47487881,7,0,0,34816,16,5072279080
2079,47069410,265027,47334437,6,0,0,6144,12,7471007034
2080,47085070,518918,47603988,0,0,0,95232,14,10315529603
2081,47111669,975292,48086961,9,0,0,222208,15,5882506794
2082,47114710,499774,47614484,1,0,0,19456,9,8793847466
2083,47119000,4611343,51730343,9,0,1,1536,15,1853061470
2084,47122780,4607578,51730358,9,0,1,3584,15,9026152166
2085,47161250,932167,48093417,6,0,0,20992,12,4888438955
2086,47187101,199752,47386853,2,0,0,512,16,5183767159
2087,47191050,555318,47746368,1,0,0,76288,9,9263051202
2088,47193870,607088,47800958,0,0,0,111104,14,372044466
2089,47233670,971962,48205632,1,0,0,40960,9,6946396230
2090,47286970,699429,47986399,6,0,0,144896,12,7982544650
2091,47300410,4460866,51761276,9,0,1,22016,15,10687690660
2092,47305120,802976,48108096,0,0,0,48128,14,2932410518
2093,47309480,709762,48019242,6,0,0,45056,12,8591540336
2094,47337409,269254,47606663,9,0,0,8704,15,3064015965
2095,47344021,508181,47852202,2,0,0,4096,16,4170296828
2096,47350579,962145,48312724,9,0,0,39936,15,4166056801
2097,47357590,301916,47659506,7,0,0,2560,16,4051127803
2098,47364020,829117,48193137,0,0,0,118272,14,885380704
2099,47402090,540138,47942228,7,0,0,91136,16,4328920759
2100,47449790,555709,48005499,6,0,0,62464,12,6018686157
2101,47477250,852033,48329283,0,0,0,54272,14,8990809702
2102,47478480,4282827,51761307,9,0,1,6144,15,4310466893
2103,47511320,4250002,51761322,5,0,1,2560,18,9012546541
2104,47518861,329645,47848506,2,0,0,2048,16,3083046886
2105,47574220,4187117,51761337,9,0,1,6656,15,1003672359
2106,47600179,4161173,51761352,6,0,1,512,12,309747783
2107,47641910,4119457,51761367,5,0,1,9216,18,9474881169
2108,47643180,1022865,48666045,6,0,0,87552,12,1516130282
2109,47658610,4159651,51818261,9,0,1,1024,15,10572045688
2110,47665099,719423,48384522,9,0,0,181248,15,4940988655
2111,47711821,919455,48631276,8,0,0,45056,7,9285615927
2112,47724940,712375,48437315,0,0,0,123904,14,4775908705
2113,47774080,808753,48582833,0,0,0,292864,14,3013922453
2114,47851770,765763,48617533,6,0,0,13824,12,6158353883
2115,47855819,751053,48606872,9,0,0,78848,15,2104998930
2116,47921830,3917111,51838941,5,0,1,23552,18,9184109867
2117,48053160,3847037,51900197,4,0,1,37888,13,2434141781
2118,48066221,896235,48962456,8,0,0,126464,7,633518337
2119,48070411,686842,48757253,2,0,0,1024,16,4307395459
2120,48103370,618096,48721466,0,0,0,44544,14,225560479
2121,48126800,3806522,51933322,5,0,1,3072,18,6160964992
2122,48137420,3795917,51933337,5,0,1,3584,18,7370673549
2123,48172250,3783526,51955776,5,0,1,9728,18,837619192
2124,48221930,391376,48613306,0,0,0,19456,14,9700897997
2125,48253349,470628,48723977,9,0,0,8192,15,9382098032
2126,48287621,319742,48607363,2,0,0,1536,16,2441963432
2127,48305631,447385,48753016,8,0,0,95232,7,3314575749
2128,48330380,593529,48923909,6,0,0,229888,12,8945962504
2129,48357011,405033,48762044,8,0,0,10240,7,310256106
2130,48363560,450533,48814093,7,0,0,12800,16,5412292357
2131,48387591,605542,48993133,8,0,0,85504,7,687111841
2132,48398531,621784,49020315,8,0,0,84480,7,8357814318
2133,48417901,284093,48701994,2,0,0,5120,16,3227741716
2134,48447520,603940,49051460,0,0,0,37888,14,5454087400
2135,48453751,540801,48994552,8,0,0,4608,7,1343124262
2136,48547780,419215,48966995,7,0,0,14848,16,6672774342
2137,48649969,577952,49227921,9,0,0,57856,15,6751404484
2138,48652230,506298,49158528,7,0,0,59904,16,5679891930
2139,48660700,427378,49088078,0,0,0,57344,14,3867341882
2140,48664901,405690,49070591,2,0,0,512,16,764788484
2141,48690680,379740,49070420,0,0,0,49664,14,6296016715
2142,48695720,3260517,51956237,7,0,1,10240,16,9130603142
2143,48697130,3291342,51988472,5,0,1,6144,18,10142915284
2144,48714120,3274367,51988487,5,0,1,9728,18,654461345
2145,48764571,363563,49128134,2,0,0,1024,16,1743021934
2146,48787480,613937,49401417,6,0,0,38912,12,5878467999
2147,48800290,3191815,51992105,7,0,1,14848,16,8323325743
2148,48800770,3191350,51992120,7,0,1,9216,16,9808717083
2149,48833319,3192266,52025585,6,0,1,10240,12,4584267596
2150,48843210,446721,49289931,1,0,0,88576,9,1438930180
2151,48881500,446042,49327542,1,0,0,123392,9,2374560036
2152,48884960,692503,49577463,6,0,0,57344,12,9604301885
2153,48885210,3285930,52171140,7,0,1,65024,16,1907878723
2154,48888600,3282886,52171486,7,0,1,512,16,404317566
2155,48892281,317997,49210278,8,0,0,16896,7,8929976511
2156,48910200,475719,49385919,7,0,0,136192,16,1921619418
2157,48919140,3256532,52175672,5,0,1,6656,18,4001718692
2158,48938010,597427,49535437,0,0,0,83456,14,1334420771
2159,48974069,436657,49410726,9,0,0,2048,15,5212383941
2160,48986610,3237299,52223909,7,0,1,2048,16,1548887032
2161,48997980,509574,49507554,7,0,0,122880,16,4590578542
2162,49002951,386579,49389530,8,0,0,11776,7,10280781541
2163,49025950,955455,49981405,0,0,0,35328,14,4107191916
2164,49033260,7389793,56423053,4,0,1,483328,13,336644506
2165,49040860,7382208,56423068,5,0,1,2048,18,7133217835
2166,49047030,400608,49447638,7,0,0,77824,16,8505926444
2167,49051610,7371473,56423083,7,0,1,512,16,855498904
2168,49078531,666211,49744742,2,0,0,512,16,2621321774
2169,49079120,7343978,56423098,7,0,1,3072,16,8085794659
2170,49130500,1006767,50137267,6,0,0,51712,12,2556544303
2171,49148160,7276698,56424858,5,0,1,17408,18,1106945611
2172,49164299,580272,49744571,9,0,0,145408,15,8284721467
2173,49168230,301869,49470099,6,0,0,7168,12,1459558231
2174,49176770,9141280,58318050,4,0,1,116736,13,5178754117
2175,49193489,482871,49676360,9,0,0,15360,15,5097575705
2176,49258020,1433688,50691708,0,0,0,272896,14,7031929338
2177,49300290,9108957,58409247,7,0,1,8704,16,6907504350
2178,49306409,1219925,50526334,9,0,0,225280,15,3646485842
2179,49338951,332558,49671509,8,0,0,17408,7,9193451714
2180,49348511,441226,49789737,8,0,0,16896,7,1574188718
2181,49364010,9082617,58446627,1,0,1,8704,9,8540536907
2182,49378580,882731,50261311,1,0,0,33280,9,8752318921
2183,49393121,1549652,50942773,8,0,0,121344,7,7543649971
2184,49422480,467018,49889498,6,0,0,159232,12,1431869138
2185,49453569,1332769,50786338,9,0,0,243712,15,9775665249
2186,49454990,438891,49893881,1,0,0,14336,9,7542484338
2187,49466670,1130612,50597282,6,0,0,21504,12,3811139878
2188,49472070,1427897,50899967,0,0,0,372224,14,2228156873
2189,49472630,9164847,58637477,5,0,1,512,18,10676126697
2190,49517270,801650,50318920,1,0,0,96768,9,3630108776
2191,49578250,1125933,50704183,0,0,0,40448,14,7858926330
2192,49620280,909509,50529789,7,0,0,11264,16,10308296137
2193,49624199,1376376,51000575,9,0,0,53248,15,7714213838
2194,49641750,1542927,51184677,6,0,0,276992,12,9472497720
2195,49730650,8910373,58641023,7,0,1,5632,16,4379790175
2196,49738241,505112,50243353,2,0,0,512,16,7140947607
2197,49757399,833316,50590715,9,0,0,152576,15,3048206113
2198,49774561,937482,50712043,8,0,0,24064,7,4649463590
2199,49814449,1431487,51245936,9,0,0,193024,15,4704517639
2200,49853070,1418083,51271153,0,0,0,9216,14,2305359215
2201,49875691,1068977,50944668,2,0,0,6144,16,1942110559
2202,49883510,8762800,58646310,5,0,1,16896,18,3655701430
2203,49913450,9526169,59439619,4,0,1,59392,13,3569050050
2204,49941099,1354093,51295192,9,0,0,78848,15,4579106548
2205,49959990,648555,50608545,7,0,0,36864,16,9217454655
2206,49973300,932486,50905786,1,0,0,18944,9,9530932247
2207,49988350,9732833,59721183,4,0,1,30720,13,10488274276
2208,50006460,537712,50544172,1,0,0,47104,9,5303125120
2209,50082610,1265558,51348168,0,0,0,24064,14,6061096814
2210,50086540,9651560,59738100,4,0,1,43008,13,653919741
2211,50151891,634633,50786524,2,0,0,512,16,8043488624
2212,50153050,9604011,59757061,1,0,1,49664,9,4881424357
2213,50194510,1505843,51700353,6,0,0,59392,12,2742169202
2214,50205250,1556011,51761261,1,0,0,101376,9,6890098378
2215,50247180,9513107,59760287,5,0,1,5120,18,8700486536
2216,50251881,842892,51094773,2,0,0,3584,16,535716168
2217,50268059,1338547,51606606,9,0,0,66560,15,4099534484
2218,50275680,9510455,59786135,4,0,1,12800,13,4963113352
2219,50306119,787547,51093666,9,0,0,121344,15,3480509291
2220,50314680,1618292,51932972,1,0,0,107520,9,6265359394
2221,50324210,1575964,51900174,7,0,0,125440,16,3115921606
2222,50404240,9712733,60116973,4,0,1,154624,13,5556456305
2223,50424001,280665,50704666,2,0,0,1536,16,7202428389
2224,50456089,852066,51308155,9,0,0,42496,15,1020231486
2225,50458860,9658128,60116988,5,0,1,4096,18,2374822325
2226,50465010,9651993,60117003,5,0,1,3584,18,10138425175
2227,50467940,9761040,60228980,5,0,1,22528,18,6950997189
2228,50490779,1534791,52025570,9,0,0,74752,15,6401560451
2229,50525460,661633,51187093,0,0,0,7680,14,10088284767
2230,50558729,782060,51340789,9,0,0,45568,15,10672955567
2231,50561781,1217229,51779010,8,0,0,57856,7,9150424182
2232,50610330,9646151,60256481,8,0,1,11264,7,17553467
2233,50614210,712680,51326890,1,0,0,61440,9,6333893091
2234,50681620,586678,51268298,7,0,0,73216,16,1841079892
2235,50692610,868149,51560759,1,0,0,247808,9,1676537338
2236,50728310,1472118,52200428,7,0,0,71680,16,2547765726
2237,50737149,9519363,60256512,6,0,1,6656,12,694552132
2238,50761259,686832,51448091,9,0,0,4096,15,8725933914
2239,50785271,1350870,52136141,8,0,0,108032,7,8667992555
2240,50809940,920380,51730320,7,0,0,98304,16,5634064532
2241,50888990,1478388,52367378,7,0,0,225280,16,1994875785
2242,50915611,655823,51571434,2,0,0,1536,16,7366972821
2243,50925190,913736,51838926,7,0,0,55808,16,1398853137
2244,50926320,1140167,52066487,1,0,0,111616,9,9263246888
2245,50934591,1053866,51988457,2,0,0,2048,16,1369600451
2246,50946520,448398,51394918,6,0,0,51712,12,3349463837
2247,51010160,1133032,52143192,0,0,0,23040,14,3585651700
2248,51031470,598982,51630452,0,0,0,512,14,2125950944
2249,51046360,1056850,52103210,7,0,0,83456,16,7694869601
2250,51133621,9288162,60421783,0,0,1,16384,14,6117220994
2251,51140331,9281499,60421830,0,0,1,43008,14,9951479517
2252,51164239,823579,51987818,9,0,0,81920,15,9467861894
2253,51171530,9454793,60626323,4,0,1,123904,13,6995165070
2254,51197881,735418,51933299,2,0,0,1024,16,7599522494
2255,51198149,1203720,52401869,9,0,0,113152,15,8618763011
2256,51208111,9418878,60626989,0,0,1,1024,14,407353720
2257,51211031,1537385,52748416,8,0,0,97792,7,4145429532
2258,51270060,722030,51992090,1,0,0,11776,9,987903820
2259,51291720,1136099,52427819,0,0,0,61952,14,7137140479
2260,51308801,9321414,60630215,0,0,1,5120,14,3983347058
2261,51336200,696264,52032464,7,0,0,22528,16,1679160263
2262,51359870,936537,52296407,0,0,0,117248,14,5929019859
2263,51401310,1007610,52408920,7,0,0,23040,16,2985413758
2264,51408320,10119549,61527869,4,0,1,197632,13,10320730824
2265,51416509,728503,52145012,9,0,0,1536,15,5650183252
2266,51420570,10138601,61559171,4,0,1,8192,13,3564072354
2267,51435240,418682,51853922,6,0,0,512,12,115130223
2268,51437569,823099,52260668,9,0,0,14336,15,3431334080
2269,51453801,10105573,61559374,0,0,1,6144,14,10709496361
2270,51464140,1184258,52648398,1,0,0,99328,9,6558793506
2271,51485650,1010810,52496460,1,0,0,100864,9,9822698370
2272,51510990,1096365,52607355,7,0,0,40448,16,2480483430
2273,51534429,989400,52523829,9,0,0,62976,15,730696598
2274,51573651,10020235,61593886,0,0,1,6144,14,3054327249
2275,51575491,373739,51949230,2,0,0,512,16,116255050
2276,51600481,569515,52169996,8,0,0,4096,7,4980085708
2277,51629510,1206634,52836144,0,0,0,134656,14,10520067232
2278,51653840,1299577,52953417,0,0,0,37376,14,1531675659
2279,51668960,1407763,53076723,1,0,0,22528,9,9772930135
2280,51713609,985342,52698951,9,0,0,26624,15,4165974475
2281,51724831,730087,52454918,2,0,0,3072,16,9146449112
2282,51726230,10237856,61964086,4,0,1,176640,13,1405543452
2283,51812591,10151510,61964101,0,0,1,7680,14,7567149432
2284,51826600,601390,52427990,0,0,0,512,14,9794709246
2285,51865241,1137519,53002760,8,0,0,160256,7,1154082931
2286,51894970,1665932,53560902,0,0,0,177664,14,8291150892
2287,51944380,1496372,53440752,7,0,0,243200,16,8364321705
2288,51962210,10194107,62156317,4,0,1,162816,13,8843695138
2289,51962501,10193847,62156348,0,0,1,9728,14,7213842847
2290,52016599,1689761,53706360,9,0,0,104448,15,10440350000
2291,52022910,10154732,62177642,4,0,1,52224,13,10672822213
2292,52023810,10159151,62182961,9,0,1,9216,15,10414351946
2293,52030841,520050,52550891,2,0,0,6656,16,4279252840
2294,52060020,10126167,62186187,9,0,1,5120,15,2394953060
2295,52079529,589458,52668987,9,0,0,24064,15,3960896425
2296,52117589,787660,52905249,9,0,0,153088,15,7476323657
2297,52151120,1628169,53779289,0,0,0,4096,14,7343409962
2298,52175270,10016063,62191333,3,0,1,8192,3,3043545004
2299,52184040,916359,53100399,1,0,0,31232,9,4994053566
2300,52187640,10005319,62192959,7,0,1,2560,16,5175634189
2301,52217690,9976895,62194585,9,0,1,2560,15,6883242
2302,52225470,9972687,62198157,3,0,1,5632,3,827900187
2303,52257840,9942903,62200743,3,0,1,4096,3,10047424510
2304,52261070,1365170,53626240,1,0,0,47616,9,1918707810
2305,52276161,293289,52569450,2,0,0,1536,16,10159136857
2306,52283190,9917899,62201089,3,0,1,512,3,561942788
2307,52291041,929964,53221005,8,0,0,70656,7,4261626580
2308,52294110,9911165,62205275,9,0,1,6656,15,4234985716
2309,52315850,1280485,53596335,0,0,0,33792,14,3685581224
2310,52324390,9881551,62205941,3,0,1,1024,3,6448916972
2311,52328500,10259699,62588199,4,0,1,151040,13,2678612322
2312,52381260,1393919,53775179,6,0,0,225792,12,217451661
2313,52384631,2027076,54411707,8,0,0,388608,7,6731874420
2314,52390030,1387988,53778018,6,0,0,9216,12,7674732420
2315,52406789,1248676,53655465,9,0,0,65024,15,4798441864
2316,52414290,10225427,62639717,7,0,1,1536,16,8109544700
2317,52444250,10195482,62639732,7,0,1,5120,16,9216157245
2318,52486320,10193339,62679659,4,0,1,69632,13,670925385
2319,52507670,10185015,62692685,4,0,1,36352,13,8768526608
2320,52522511,1463388,53985899,2,0,0,2048,16,3851279672
2321,52555930,10136770,62692700,9,0,1,10240,15,4476032887
2322,52563620,894755,53458375,7,0,0,11264,16,10601944728
2323,52564410,10128305,62692715,5,0,1,3072,18,1415204897
2324,52565910,10144291,62710201,7,0,1,15872,16,10679077751
2325,52593930,10155962,62749892,3,0,1,4608,3,3282830621
2326,52609560,1645298,54254858,6,0,0,222208,12,10154643072
2327,52633290,10116625,62749915,3,0,1,7680,3,10183030362
2328,52648799,1768126,54416925,9,0,0,16384,15,2143279451
2329,52664540,10105389,62769929,3,0,1,3072,3,5254904205
2330,52669730,10817359,63487089,4,0,1,238592,13,8329449528
2331,52684129,2544868,55228997,9,0,0,281088,15,9053006532
2332,52690710,11006750,63697460,4,0,1,216064,13,1872142574
2333,52693340,11004143,63697483,9,0,1,3072,15,3399184742
2334,52694730,11002776,63697506,7,0,1,27648,16,1322271384
2335,52703320,10997815,63701135,9,0,1,8192,15,6931092791
2336,52712921,1107214,53820135,8,0,0,125440,7,3296419838
2337,52739119,1113960,53853079,9,0,0,84480,15,7172115470
2338,52740050,10962161,63702211,7,0,1,13312,16,8363181121
2339,52745681,11083348,63829029,0,0,1,23040,14,301949821
2340,52747800,1832772,54580572,6,0,0,174080,12,10138021090
2341,52753070,11075974,63829044,3,0,1,3584,3,8937178709
2342,52763490,11065569,63829059,9,0,1,7680,15,1813431533
2343,52776820,1500829,54277649,6,0,0,74752,12,10505848399
2344,52777581,1995700,54773281,8,0,0,56832,7,7971879675
2345,52814880,1237429,54052309,6,0,0,112128,12,6450787283
2346,52889401,2066696,54956097,8,0,0,98304,7,4471238191
2347,52942880,10897129,63840009,5,0,1,1024,18,9658203200
2348,52946570,10893454,63840024,3,0,1,4096,3,6640748090
2349,52951370,11199995,64151365,4,0,1,253440,13,5094427384
2350,52997670,1295618,54293288,0,0,0,51200,14,7319316086
2351,52998751,1427565,54426316,2,0,0,2048,16,5910057660
2352,53032141,296824,53328965,8,0,0,9216,7,8218479135
2353,53071289,1453899,54525188,9,0,0,139776,15,7474069997
2354,53078359,1644160,54722519,9,0,0,182784,15,8418252377
2355,53117160,1478247,54595407,6,0,0,48640,12,9951558812
2356,53117869,2418336,55536205,9,0,0,202240,15,10232957006
2357,53141309,1783542,54924851,9,0,0,257536,15,2777055606
2358,53162170,1684198,54846368,6,0,0,92672,12,4397099295
2359,53175530,11100178,64275708,3,0,1,64512,3,10590751926
2360,53189990,11199150,64389140,3,0,1,7168,3,4747221796
2361,53195741,624729,53820470,2,0,0,1024,16,1222640280
2362,53223941,1532001,54755942,8,0,0,109568,7,786502140
2363,53237441,542487,53779928,2,0,0,2048,16,6798664469
2364,53238660,913256,54151916,7,0,0,51200,16,1855681799
2365,53249200,1816215,55065415,6,0,0,99328,12,3113571883
2366,53249480,11168591,64418071,3,0,1,20992,3,8539236182
2367,53255710,2125229,55380939,6,0,0,75264,12,3971092711
2368,53282260,1728300,55010560,7,0,0,39936,16,7985521900
2369,53307401,2277362,55584763,2,0,0,2560,16,2682045759
2370,53383210,11322333,64705543,4,0,1,134656,13,7633517269
2371,53410180,11338729,64748909,4,0,1,14336,13,2045112984
2372,53429910,1841238,55271148,1,0,0,138240,9,3818814873
2373,53442630,1483492,54926122,7,0,0,4096,16,8515942534
2374,53446159,1895578,55341737,9,0,0,74240,15,5857358617
2375,53481241,1876735,55357976,8,0,0,53248,7,3506814739
2376,53482531,929355,54411886,2,0,0,512,16,7050235265
2377,53494700,11284649,64779349,4,0,1,36864,13,343175214
2378,53504380,401985,53906365,1,0,0,41472,9,1013348002
2379,53508030,1811072,55319102,1,0,0,156672,9,4699735144
2380,53627010,1039786,54666796,1,0,0,83456,9,8546658950
2381,53628290,1767048,55395338,7,0,0,47104,16,7714402509
2382,53680220,2122085,55802305,0,0,0,201216,14,8318487291
2383,53698370,2183469,55881839,0,0,0,22016,14,4024339438
2384,53728269,1739428,55467697,9,0,0,81920,15,2538924389
2385,53759130,1974466,55733596,0,0,0,72192,14,2005255909
2386,53785439,3084843,56870282,9,0,0,32768,15,9393662468
2387,53815791,661209,54477000,2,0,0,512,16,1721942868
2388,53824801,1602111,55426912,8,0,0,46080,7,3196331201
2389,53841179,1788824,55630003,9,0,0,64000,15,160705419
2390,53889260,1653200,55542460,6,0,0,20480,12,8966368885
2391,53894030,1518795,55412825,1,0,0,57344,9,3433493525
2392,53911910,2469437,56381347,6,0,0,126464,12,9091873301
2393,53923120,2145494,56068614,0,0,0,133632,14,5239985174
2394,53954590,821710,54776300,7,0,0,9728,16,760013169
2395,54008470,2756668,56765138,1,0,0,199168,9,9631066534
2396,54021491,1249852,55271343,2,0,0,512,16,6099437892
2397,54083281,1026707,55109988,8,0,0,8704,7,4229849831
2398,54110361,3078748,57189109,5,0,0,19968,18,6170390782
2399,54132219,1865194,55997413,9,0,0,77824,15,9765632021
2400,54156881,1554704,55711585,8,0,0,56832,7,4234285906
2401,54201150,10709356,64910506,4,0,1,50688,13,10736138087
2402,54210570,1462930,55673500,1,0,0,26112,9,6387882590
2403,54213141,1589647,55802788,5,0,0,1536,18,5773011301
2404,54230530,10680962,64911492,7,0,1,1536,16,10338561602
2405,54280910,1692776,55973686,7,0,0,62464,16,10663615267
2406,54324120,1524734,55848854,6,0,0,124928,12,7810611066
2407,54364061,10548737,64912798,0,0,1,2048,14,10024264134
2408,54411021,732317,55143338,8,0,0,32768,7,4888633180
2409,54418621,10500247,64918868,0,0,1,3584,14,5891627450
2410,54441230,1981784,56423014,1,0,0,136704,9,7548762746
2411,54482710,1599187,56081897,6,0,0,43520,12,10278906665
2412,54514800,1439480,55954280,0,0,0,112640,14,4394448026
2413,54561450,10361604,64923054,3,0,1,6656,3,6736472497
2414,54611630,10311770,64923400,3,0,1,512,3,6951308710
2415,54613141,1579862,56193003,2,0,0,5632,16,2233364343
2416,54643971,10283615,64927586,0,0,1,6656,14,252252047
2417,54644700,10372286,65016986,3,0,1,16384,3,4570037801
2418,54674621,2653527,57328148,5,0,0,236544,18,4976031379
2419,54678450,10345914,65024364,7,0,1,7680,16,6185617962
2420,54705201,1830229,56535430,2,0,0,1024,16,551636630
2421,54717781,2729850,57447631,5,0,0,189952,18,4900047780
2422,54725630,10300014,65025644,7,0,1,14336,16,6706064435
2423,54741681,1366314,56107995,8,0,0,36864,7,1704895367
2424,54787560,10280767,65068327,7,0,1,4096,16,10474670160
2425,54835089,10292392,65127481,6,0,1,7680,12,3808102437
2426,54856919,2738902,57595821,9,0,0,171008,15,1391005151
2427,54887180,1129419,56016599,7,0,0,46592,16,5741308085
2428,54893391,1810237,56703628,5,0,0,253952,18,8510277619
2429,54904890,2900108,57804998,7,0,0,164864,16,6073407510
2430,54917641,10209871,65127512,0,0,1,36352,14,9279489066
2431,54918431,1533362,56451793,8,0,0,54784,7,8827244624
2432,54938930,10210928,65149858,7,0,1,17920,16,5414001248
2433,54952750,1352367,56305117,7,0,0,64512,16,7641207926
2434,54953970,10195903,65149873,7,0,1,3072,16,7363650530
2435,54961671,10193905,65155576,0,0,1,11264,14,262898303
2436,54965379,1373698,56339077,9,0,0,6144,15,10295113916
2437,54984431,1866601,56851032,2,0,0,1536,16,6454843771
2438,55002070,1947528,56949598,7,0,0,47104,16,10545361715
2439,55023051,10217392,65240443,0,0,1,30208,14,2779605771
2440,55029270,1250169,56279439,0,0,0,128000,14,1937271510
2441,55045290,868859,55914149,6,0,0,41984,12,6175853611
2442,55060610,750157,55810767,6,0,0,26112,12,10423404615
2443,55075081,1629358,56704439,2,0,0,2560,16,1283827788
2444,55098980,2153678,57252658,0,0,0,66560,14,1399236179
2445,55111390,1700773,56812163,1,0,0,128512,9,73161921
2446,55114420,1420683,56535103,0,0,0,38400,14,414413696
2447,55116679,1733822,56850501,9,0,0,79872,15,3630365961
2448,55123169,10122561,65245730,6,0,1,16896,12,9731793037
2449,55138531,958201,56096732,5,0,0,48640,18,1131397881
2450,55145330,2538603,57683933,0,0,0,156672,14,8310713983
2451,55169729,2006870,57176599,9,0,0,174592,15,5229656586
2452,55174500,10164710,65339210,3,0,1,8192,3,5401995858
2453,55183729,10276556,65460285,6,0,1,14848,12,7135531780
2454,55201231,2765401,57966632,5,0,0,69120,18,6462105854
2455,55236750,2970204,58206954,7,0,0,318464,16,2046710526
2456,55247960,10212340,65460300,3,0,1,1024,3,8452658464
2457,55258781,10201534,65460315,0,0,1,2560,14,4492014313
2458,55261351,10198979,65460330,0,0,1,17920,14,10473525640
2459,55376231,10084122,65460353,0,0,1,8192,14,1789089071
2460,55428840,10092425,65521265,3,0,1,32768,3,1221064250
2461,55443510,10107433,65550943,3,0,1,15872,3,4521351590
2462,55461981,1010282,56472263,5,0,0,5120,18,5595917106
2463,55465940,2135832,57601772,7,0,0,19456,16,3775017816
2464,55510321,10073895,65584216,0,0,1,5120,14,4467798022
2465,55515389,2007940,57523329,9,0,0,233984,15,10265933061
2466,55545360,10038879,65584239,8,0,1,18944,7,4392199186
2467,55574020,10010577,65584597,3,0,1,25088,3,7350919904
2468,55657610,1111615,56769225,0,0,0,13312,14,7666936760
2469,55661810,9944049,65605859,8,0,1,33792,7,2274589850
2470,55671311,9953233,65624544,0,0,1,4608,14,4183357037
2471,55708790,9971807,65680597,3,0,1,11264,3,3695370991
2472,55760861,9925627,65686488,0,0,1,20480,14,9863770900
2473,55797331,1130925,56928256,8,0,0,154624,7,7872897485
2474,55810150,9877324,65687474,8,0,1,1536,7,9520635527
2475,55824290,2493222,58317512,0,0,0,230400,14,227746226
2476,55855850,9832392,65688242,3,0,1,11776,3,3331846329
2477,55856331,1754238,57610569,8,0,0,12800,7,8059684405
2478,55883710,2835460,58719170,6,0,0,174080,12,8450988391
2479,55917531,908571,56826102,5,0,0,45568,18,2024806887
2480,55938720,2589584,58528304,6,0,0,62976,12,7552278707
2481,55939661,9754884,65694545,0,0,1,9728,14,2469427792
2482,55952240,9825536,65777776,3,0,1,17920,3,2940912069
2483,55996080,3032642,59028722,7,0,0,103936,16,4297740235
2484,55996631,986538,56983169,5,0,0,110080,18,7411390364
2485,56005690,9806161,65811851,8,0,1,4096,7,3427493362
2486,56006160,766824,56772984,6,0,0,12288,12,6972822629
2487,56024440,1207858,57232298,0,0,0,37888,14,8756224765
2488,56027930,9788747,65816677,5,0,1,7680,18,10568066873
2489,56046190,1343542,57389732,7,0,0,94720,16,4859113761
2490,56051070,9769473,65820543,8,0,1,6144,7,689154515
2491,56077771,9749832,65827603,0,0,1,15360,14,9249995283
2492,56089440,3061942,59151382,7,0,0,43520,16,706596281
2493,56115980,1067030,57183010,6,0,0,20992,12,810280084
2494,56122330,9709524,65831854,3,0,1,2048,3,2379367670
2495,56172919,9676683,65849602,6,0,1,23552,12,7011770451
2496,56189419,1553973,57743392,9,0,0,195072,15,7043377927
2497,56219130,9650927,65870057,3,0,1,15872,3,5609949743
2498,56228961,1747826,57976787,8,0,0,33280,7,3894434450
2499,56234520,1513777,57748297,0,0,0,14336,14,7559730718
2500,56258489,1343922,57602411,9,0,0,2048,15,3652730186
2501,56274240,9595832,65870072,3,0,1,3072,3,7348772310
2502,56283531,9586556,65870087,0,0,1,8704,14,5435625085
2503,56296211,9573891,65870102,0,0,1,1536,14,8096209482
2504,56322870,1129144,57452014,7,0,0,14336,16,9763227593
2505,56336051,9534066,65870117,0,0,1,4096,14,9380357370
2506,56337441,9532691,65870132,0,0,1,1024,14,770801020
2507,56359080,1534861,57893941,7,0,0,143872,16,2278889573
2508,56378691,1227955,57606646,5,0,0,13824,18,8877163358
2509,56385150,9505448,65890598,3,0,1,14336,3,7439668341
2510,56393909,9496736,65890645,6,0,1,3072,12,3836186470
2511,56415670,9474990,65890660,3,0,1,15360,3,7196488440
2512,56471830,9418845,65890675,3,0,1,9216,3,4390795393
2513,56477101,2954977,59432078,8,0,0,417280,7,392787111
2514,56515720,681828,57197548,6,0,0,27648,12,7512625619
2515,56564871,1377925,57942796,8,0,0,54784,7,623360847
2516,56573910,3051961,59625871,0,0,0,262144,14,4441376789
2517,56575270,9335978,65911248,3,0,1,4096,3,8495584915
2518,56585479,2653521,59239000,9,0,0,70656,15,3390002157
2519,56607040,9308714,65915754,8,0,1,7168,7,9741192271
2520,56613231,9307785,65921016,0,0,1,19968,14,3550258098
2521,56615011,9308591,65923602,0,0,1,4096,14,3842087734
2522,56625041,2127754,58752795,5,0,0,19968,18,8471829249
2523,56626901,985220,57612121,5,0,0,2560,18,1539310413
2524,56630370,1479529,58109899,0,0,0,135680,14,6268770143
2525,56664720,3056448,59721168,1,0,0,48128,9,6800527642
2526,56665620,9258136,65923756,3,0,1,8704,3,6172295117
2527,56720960,9204102,65925062,3,0,1,2048,3,338206020
2528,56745781,1477809,58223590,5,0,0,9216,18,6771809363
2529,56756321,2730619,59486940,5,0,0,29184,18,1759731311
2530,56765640,9169319,65934959,8,0,1,13824,7,2170361011
2531,56768691,1074549,57843240,5,0,0,11776,18,1608010865
2532,56776360,9164157,65940517,3,0,1,2048,3,8564787593
2533,56782910,3082464,59865374,1,0,0,156160,9,3073681150
2534,56784640,9221492,66006132,9,0,1,23040,15,7049956868
2535,56804421,9202377,66006798,0,0,1,1024,14,10306033032
2536,56805280,1120809,57926089,7,0,0,88064,16,3782633964
2537,56822210,9189414,66011624,3,0,1,7680,3,6011602498
2538,56822261,721425,57543686,8,0,0,57344,7,4401114759
2539,56833560,9184081,66017641,3,0,1,20480,3,9969122404
2540,56838631,684869,57523500,2,0,0,512,16,8694279848
2541,56863150,9159637,66022787,3,0,1,8192,3,6110763871
2542,56873960,1346457,58220417,1,0,0,44032,9,10116871342
2543,56906001,2625570,59531571,8,0,0,146432,7,722703513
2544,56909970,2783214,59693184,6,0,0,144896,12,4684971300
2545,56914430,9143055,66057485,1,0,1,11776,9,9802792071
2546,56920531,1397480,58318011,2,0,0,1536,16,4104696752
2547,56921630,9135870,66057500,3,0,1,7168,3,4165332490
2548,56935831,1309751,58245582,5,0,0,3072,18,1169897374
2549,56936031,9121484,66057515,0,0,1,12800,14,7901657933
2550,56942680,9154385,66097065,9,0,1,10240,15,7205904689
2551,56975811,231293,57207104,5,0,0,5632,18,264021263
2552,56976931,9139851,66116782,0,0,1,512,14,4281850487
2553,56981990,9138468,66120458,8,0,1,6144,7,7985681144
2554,56994160,9196597,66190757,8,0,1,22016,7,7537459400
2555,57019120,724778,57743898,6,0,0,1024,12,6203174648
2556,57020140,2222947,59243087,0,0,0,13312,14,6303960107
2557,57051591,474608,57526199,8,0,0,8704,7,6369343720
2558,57065400,2145623,59211023,7,0,0,97792,16,7023227776
2559,57091100,2906426,59997526,6,0,0,126464,12,2049579891
2560,57097441,801319,57898760,5,0,0,7680,18,1518355720
2561,57111951,2626126,59738077,8,0,0,10752,7,8070063707
2562,57172280,9018492,66190772,3,0,1,8192,3,3145995244
2563,57188420,2518069,59706489,0,0,0,41472,14,6753243146
2564,57201740,8989047,66190787,9,0,1,29184,15,4720163792
2565,57225001,995587,58220588,2,0,0,512,16,8320557284
2566,57255421,488142,57743563,2,0,0,512,16,7434593788
2567,57267651,2518461,59786112,8,0,0,50688,7,5088249597
2568,57273910,2843032,60116942,7,0,0,214016,16,788842143
2569,57322980,8867822,66190802,3,0,1,15872,3,4974868529
2570,57329370,8902669,66232039,8,0,1,5120,7,10566419728
2571,57346440,1056664,58403104,0,0,0,17920,14,1098197755
2572,57346531,998112,58344643,5,0,0,31744,18,1087086602
2573,57368701,574742,57943443,2,0,0,2048,16,4934549029
2574,57371611,1088509,58460120,2,0,0,512,16,8213742867
2575,57480980,8751074,66232054,9,0,1,7168,15,3289316517
2576,57483301,990809,58474110,5,0,0,10240,18,4694537777
2577,57498250,8733827,66232077,9,0,1,5632,15,8330564060
2578,57499599,898022,58397621,9,0,0,51200,15,682431658
2579,57550100,2485923,60036023,1,0,0,96768,9,7987556441
2580,57598390,2655409,60253799,1,0,0,81408,9,6932544903
2581,57603461,2625456,60228917,8,0,0,158208,7,9733950211
2582,57607210,2345140,59952350,7,0,0,107520,16,1449984263
2583,57607600,8624492,66232092,9,0,1,4096,15,5067122822
2584,57623330,8608777,66232107,8,0,1,8704,7,2787019772
2585,57630580,8601542,66232122,9,0,1,26112,15,5504828217
2586,57666339,2514335,60180674,9,0,0,208896,15,5233301255
2587,57702881,903124,58606005,8,0,0,28160,7,2025997657
2588,57715640,8516505,66232145,8,0,1,10240,7,7545959072
2589,57731311,1746722,59478033,5,0,0,115200,18,9460807392
2590,57752231,2650887,60403118,8,0,0,122368,7,3258480549
2591,57760860,8471300,66232160,9,0,1,12288,15,7772394826
2592,57763760,707215,58470975,7,0,0,28672,16,277329610
2593,57769001,451758,58220759,5,0,0,512,18,5455543291
2594,57784371,439390,58223761,2,0,0,512,16,7979354262
2595,57793230,929231,58722461,7,0,0,10752,16,4767885912
2596,57796540,8491820,66288360,8,0,1,30720,7,10651404380
2597,57887021,1151544,59038565,8,0,0,32256,7,6502554719
2598,57912201,881939,58794140,8,0,0,5632,7,3878253067
2599,58020211,2583697,60603908,5,0,0,104448,18,4563898602
2600,58059450,387162,58446612,1,0,0,21504,9,1314634871
2601,58069490,8218885,66288375,8,0,1,8192,7,4077555059
2602,58083589,2709163,60792752,9,0,0,214528,15,6506272911
2603,58085620,1460364,59545984,0,0,0,512,14,6850321580
2604,58097680,2739890,60837570,7,0,0,114176,16,10295096299
2605,58191760,8132057,66323817,8,0,1,7680,7,1871769845
2606,58240610,1046220,59286830,1,0,0,101888,9,8283593821
2607,58241230,2124565,60365795,1,0,0,321024,9,2291422445
2608,58265670,8058162,66323832,9,0,1,1024,15,455302953
2609,58272440,944846,59217286,1,0,0,20480,9,8625343429
2610,58299201,1349820,59649021,2,0,0,3584,16,6826784259
2611,58300070,8026547,66326617,9,0,1,14848,15,1184459212
2612,58305201,620912,58926113,2,0,0,2560,16,6639640993
2613,58316860,8010730,66327590,8,0,1,12800,7,1898070165
2614,58363680,2058088,60421768,7,0,0,54272,16,344644831
2615,58385630,1307881,59693511,1,0,0,1024,9,9243984775
2616,58395000,7951558,66346558,5,0,1,16896,18,4087474020
2617,58398480,7949064,66347544,5,0,1,1536,18,7594011689
2618,58449190,7902734,66351924,8,0,1,13312,7,712404396
2619,58482810,7951714,66434524,8,0,1,3584,7,8328061500
2620,58486360,7948179,66434539,5,0,1,512,18,5114206397
2621,58497280,2518820,61016100,6,0,0,149504,12,5811103909
2622,58497560,683652,59181212,7,0,0,94720,16,10053422319
2623,58519810,564009,59083819,7,0,0,21504,16,10192569951
2624,58526871,437384,58964255,5,0,0,5632,18,1160408999
2625,58538380,1007262,59545642,1,0,0,46080,9,390490056
2626,58579581,1992488,60572069,5,0,0,112640,18,1297524554
2627,58594260,7840294,66434554,8,0,1,20480,7,45118433
2628,58596499,7838070,66434569,6,0,1,6144,12,8080904073
2629,58596529,2962627,61559156,9,0,0,71168,15,1517315753
2630,58634200,7800384,66434584,8,0,1,2048,7,5486220880
2631,58644371,1156532,59800903,5,0,0,8704,18,5083434374
2632,58647490,7787109,66434599,3,0,1,14848,3,4993863225
2633,58651101,996797,59647898,8,0,0,72192,7,3167730054
2634,58654970,2479444,61134414,6,0,0,52736,12,2231314479
2635,58658311,559146,59217457,2,0,0,512,16,8963142129
2636,58713411,726193,59439604,8,0,0,17408,7,9001730158
2637,58714101,2239385,60953486,8,0,0,25088,7,6293595385
2638,58732740,2339654,61072394,6,0,0,30208,12,5184078848
2639,58733860,2661526,61395386,7,0,0,38912,16,2549866501
2640,58739020,7695594,66434614,7,0,1,14848,16,2359309
2641,58780510,662400,59442910,7,0,0,10752,16,7102003621
2642,58784051,354056,59138107,2,0,0,3072,16,4870493802
2643,58791971,497058,59289029,2,0,0,7168,16,6009020326
2644,58820261,725552,59545813,2,0,0,512,16,9048585273
2645,58829600,604677,59434277,6,0,0,7168,12,3061993817
2646,58874210,1663524,60537734,7,0,0,160256,16,753152180
2647,58876310,858460,59734770,1,0,0,44544,9,10301026635
2648,58945490,2534695,61480185,0,0,0,90624,14,8766794218
2649,58973680,2799604,61773284,1,0,0,283648,9,8344316308
2650,59025721,927736,59953457,5,0,0,3584,18,2327314209
2651,59080939,2605898,61686837,9,0,0,94720,15,6699243625
2652,59144410,7290227,66434637,7,0,1,25600,16,1550302930
2653,59153911,754097,59908008,2,0,0,1024,16,3791329705
2654,59181091,512747,59693838,2,0,0,1024,16,7050641267
2655,59190960,1214249,60405209,0,0,0,6656,14,10371198619
2656,59251830,655843,59907673,1,0,0,138752,9,8514574364
2657,59270900,7182552,66453452,7,0,1,22016,16,9935403029
2658,59317400,7138975,66456375,5,0,1,19456,18,986581389
2659,59384130,535437,59919567,1,0,0,37888,9,7807006403
2660,59430420,7027581,66458001,8,0,1,2560,7,3531957484
2661,59495050,509199,60004249,6,0,0,22016,12,6276963790
2662,59500500,551219,60051719,1,0,0,48640,9,6368745238
2663,59528070,6944602,66472672,8,0,1,1024,7,36941210
2664,59647210,2307586,61954796,1,0,0,98304,9,8990658152
2665,59663820,1132402,60796222,1,0,0,8192,9,9730784113
2666,59717370,2181024,61898394,0,0,0,122368,14,1245157038
2667,59731961,304389,60036350,2,0,0,1024,16,2393422182
2668,59760040,196404,59956444,7,0,0,9728,16,2192864179
2669,59760270,245570,60005840,1,0,0,5120,9,8816829167
2670,59772281,484185,60256466,2,0,0,8704,16,1876783038
2671,59793370,6695244,66488614,7,0,1,21504,16,8455143217
2672,59838070,2019523,61857593,6,0,0,205312,12,9396699248
2673,59872200,6641788,66513988,8,0,1,41472,7,2132090097
2674,59939909,1123250,61063159,9,0,0,52224,15,3728198190
2675,59985129,454976,60440105,9,0,0,59904,15,4545579607
2676,59997161,1299659,61296820,5,0,0,49664,18,7765608062
2677,60012741,432329,60445070,5,0,0,10752,18,5055591562
2678,60023921,1170752,61194673,5,0,0,84480,18,3492988394
2679,60025660,634310,60659970,0,0,0,34816,14,2755144880
2680,60069480,6445494,66514974,9,0,1,1536,15,3693094949
2681,60082680,6436160,66518840,8,0,1,6144,7,2488581556
2682,60099731,387621,60487352,2,0,0,2048,16,354938062
2683,60122080,571338,60693418,7,0,0,59392,16,3715387628
2684,60131100,1209318,61340418,1,0,0,75776,9,10297248322
2685,60158511,1005062,61163573,8,0,0,55296,7,5601446360
2686,60172350,6348436,66520786,9,0,1,3072,15,6531468306
2687,60198390,848457,61046847,6,0,0,100864,12,7405035189
2688,60201800,2125093,62326893,1,0,0,274944,9,4326755275
2689,60203100,6322973,66526073,8,0,1,16896,7,5279248375
2690,60276991,1220837,61497828,8,0,0,57856,7,6186609706
2691,60279880,6276312,66556192,8,0,1,28672,7,1379409479
2692,60292030,6286003,66578033,8,0,1,16384,7,9702487346
2693,60321680,6270043,66591723,9,0,1,12800,15,278400914
2694,60342160,6261048,66603208,7,0,1,29696,16,7210545824
2695,60346890,6259450,66606340,2,0,1,2048,16,5778416269
2696,60355760,1796431,62152191,6,0,0,207360,12,3983360948
2697,60385879,809441,61195320,9,0,0,2048,15,8231675621
2698,60397061,1393890,61790951,5,0,0,57856,18,10242369388
2699,60413071,380632,60793703,2,0,0,3072,16,3205074570
2700,60425260,1596307,62021567,6,0,0,156672,12,2179808875
2701,60438910,1183126,61622036,6,0,0,33280,12,5026836336
2702,60443720,1211871,61655591,7,0,0,110080,16,9870559484
2703,60450100,6165696,66615796,1,0,1,27136,9,5522718986
2704,60457301,183047,60640348,2,0,0,2048,16,2897161141
2705,60475640,1027515,61503155,7,0,0,13312,16,102264125
2706,60511290,2073298,62584588,1,0,0,373760,9,6519913718
2707,60536600,2103094,62639694,1,0,0,168960,9,383185470
2708,60551841,1864635,62416476,8,0,0,293888,7,2632966468
2709,60575390,6070814,66646204,9,0,1,18432,15,10621789236
2710,60583870,6062528,66646398,9,0,1,4608,15,6085607750
2711,60598540,1059422,61657962,6,0,0,7680,12,6989968725
2712,60624271,730225,61354496,2,0,0,1536,16,4010748416
2713,60657230,5995391,66652621,8,0,1,13824,7,4794223945
2714,60659990,694015,61354005,6,0,0,44544,12,2310247813
2715,60667361,1920480,62587841,5,0,0,7680,18,8942845462
2716,60727090,5930003,66657093,1,0,1,12288,9,4565363863
2717,60738441,1349276,62087717,2,0,0,1024,16,10510899004
2718,60818890,1041534,61860424,6,0,0,9216,12,3431773830
2719,60822331,411177,61233508,8,0,0,18944,7,9028611921
2720,60827420,5852478,66679898,1,0,1,12800,9,8219504588
2721,60835990,5844574,66680564,8,0,1,1024,7,6424992876
2722,60838780,5843410,66682190,8,0,1,2560,7,4985155294
2723,60860561,585977,61446538,2,0,0,512,16,8212124799
2724,60884800,5804211,66689011,9,0,1,15872,15,8636047359
2725,60897529,1191451,62088980,9,0,0,4096,15,1661160153
2726,60936941,1502022,62438963,5,0,0,73728,18,539545121
2727,60943080,5768539,66711619,9,0,1,22528,15,829416248
2728,61001700,5714105,66715805,9,0,1,6656,15,2869312286
2729,61056330,5674050,66730380,8,0,1,1024,7,2639160003
2730,61058680,866109,61924789,0,0,0,86528,14,7932350390
2731,61076300,5655706,66732006,1,0,1,2560,9,989165531
2732,61081380,1591377,62672757,1,0,0,43520,9,2455563981
2733,61171890,915484,62087374,7,0,0,200192,16,7648468761
2734,61330140,5410594,66740734,8,0,1,4096,7,1762174060
2735,61387910,5354450,66742360,9,0,1,2560,15,10228886553
2736,61398889,396133,61795022,9,0,0,13312,15,6880155634
2737,61410081,553958,61964039,8,0,0,30208,7,3651884272
2738,61415821,445242,61861063,2,0,0,2048,16,6405605352
2739,61416980,5330206,66747186,9,0,1,7680,15,3574366876
2740,61439810,5308042,66747852,8,0,1,1024,7,7344520806
2741,61475090,1217572,62692662,6,0,0,42496,12,7461685613
2742,61475270,5273568,66748838,9,0,1,1536,15,2577331545
2743,61481051,989634,62470685,2,0,0,512,16,3767365488
2744,61484820,5270534,66755354,8,0,1,23040,7,8262190830
2745,61499040,5258363,66757403,8,0,1,26112,7,2206615722
2746,61517930,1251968,62769898,6,0,0,65536,12,5315721435
2747,61530581,1057587,62588168,2,0,0,1024,16,3130816376
2748,61605360,5152829,66758189,8,0,1,512,7,9143090539
2749,61618250,5145431,66763681,8,0,1,8704,7,8153012
2750,61622430,620676,62243106,6,0,0,43008,12,670597160
2751,61699409,325949,62025358,9,0,0,12288,15,6988793792
2752,61699700,5065927,66765627,1,0,1,3072,9,5899287720
2753,61710970,5055323,66766293,1,0,1,11264,9,993810848
2754,61729370,1136946,62866316,7,0,0,29696,16,9387416324
2755,61761190,5020388,66781578,5,0,1,24064,18,6023348398
2756,61791050,365252,62156302,7,0,0,13312,16,4621708878
2757,61813230,1097101,62910331,7,0,0,65024,16,1536986609
2758,61825020,4978255,66803275,9,0,1,24064,15,2778063846
2759,61861761,608729,62470490,8,0,0,103424,7,957570128
2760,61873190,4938352,66811542,9,0,1,6656,15,5568996722
2761,61876960,4938448,66815408,1,0,1,6144,9,7922636386
2762,61891870,4923897,66815767,8,0,1,9728,7,3908262497
2763,61908591,1217688,63126279,8,0,0,176128,7,3228926549
2764,61909210,4908183,66817393,1,0,1,2560,9,4645155086
2765,61922670,4894979,66817649,8,0,1,9216,7,8014962951
2766,61941811,1079906,63021717,5,0,0,32768,18,5100371211
2767,61968490,4851425,66819915,9,0,1,3584,15,5723578188
2768,61986380,1288168,63274548,1,0,0,39424,9,1032185440
2769,61987700,4834161,66821861,9,0,1,3072,15,10317619834
2770,61988990,1259828,63248818,1,0,0,66048,9,8169894375
2771,62027570,4794637,66822207,7,0,1,512,16,1251239909
2772,62029380,4797013,66826393,1,0,1,6656,9,5244946810
2773,62058741,526518,62585259,2,0,0,2048,16,3552025967
2774,62065791,684078,62749869,8,0,0,113664,7,4454089185
2775,62077739,4749000,66826739,6,0,1,512,12,949385011
2776,62078080,564647,62642727,7,0,0,9728,16,5163975134
2777,62100170,4730115,66830285,1,0,1,5632,9,3235480676
2778,62116150,774354,62890504,1,0,0,48128,9,2973671245
2779,62122601,536833,62659434,8,0,0,54784,7,5227390520
2780,62167431,1219563,63386994,5,0,0,1024,18,2871373872
2781,62173250,4659941,66833191,7,0,1,4608,16,3246553960
2782,62183500,496136,62679636,6,0,0,22528,12,9233317209
2783,62211301,374129,62585430,2,0,0,512,16,2692070137
2784,62228221,952837,63181058,8,0,0,179712,7,479859517
2785,62268420,4565847,66834267,7,0,1,13312,16,10061397654
2786,62273559,4567613,66841172,6,0,1,3072,12,4749386293
2787,62274280,4571398,66845678,8,0,1,7168,7,6644946718
2788,62291050,662976,62954026,7,0,0,143360,16,4092442316
2789,62347710,1005685,63353395,1,0,0,12800,9,762367509
2790,62366190,1120884,63487074,6,0,0,115712,12,6396528873
2791,62371390,587331,62958721,0,0,0,15360,14,5850339052
2792,62386150,1164092,63550242,7,0,0,13312,16,10478342980
2793,62398260,4449684,66847944,8,0,1,3584,7,3664341358
2794,62409520,4440594,66850114,7,0,1,1536,16,6079385145
2795,62422211,589507,63011718,8,0,0,63488,7,3355884784
2796,62423270,4426966,66850236,8,0,1,2048,7,751650257
2797,62441840,870844,63312684,6,0,0,21504,12,8627255936
2798,62442190,4416418,66858608,7,0,1,13312,16,3244389012
2799,62445391,1252014,63697405,5,0,0,98304,18,1405558344
2800,62463691,376460,62840151,2,0,0,512,16,9141590381
2801,62471550,1325758,63797308,7,0,0,265216,16,9245311269
2802,62474550,488069,62962619,6,0,0,3072,12,9933644791
2803,62483890,4376664,66860554,7,0,1,3072,16,6302528830
2804,62521280,4344100,66865380,7,0,1,7680,16,390509282
2805,62535040,516186,63051226,6,0,0,19968,12,5693950332
2806,62583790,4283216,66867006,7,0,1,2560,16,9069933642
2807,62584791,1244223,63829014,8,0,0,55808,7,3292244645
2808,62621870,339690,62961560,7,0,0,9216,16,5224521410
2809,62632890,4247554,66880444,7,0,1,8192,16,289047202
2810,62641850,1023069,63664919,6,0,0,361984,12,8686769824
2811,62718379,4168106,66886485,6,0,1,6656,12,3904892274
2812,62724470,4163001,66887471,8,0,1,1536,7,5920848811
2813,62807391,1446670,64254061,8,0,0,21504,7,4469640153
2814,62857361,455650,63313011,2,0,0,1024,16,5549254039
2815,62865421,450288,63315709,2,0,0,2048,16,1961571364
2816,62873361,669621,63542982,2,0,0,4608,16,7065981815
2817,62918630,503281,63421911,6,0,0,93184,12,8041420885
2818,62924140,887847,63811987,0,0,0,48128,14,6334665239
2819,62978659,3913638,66892297,6,0,1,7680,12,7604202687
2820,62980080,3950405,66930485,8,0,1,38400,7,3000674887
2821,63002970,3946436,66949406,8,0,1,10240,7,5872808364
2822,63019209,3933103,66952312,6,0,1,4608,12,9394045532
2823,63030071,1359054,64389125,8,0,0,40448,7,4958452699
2824,63041851,446657,63488508,2,0,0,4608,16,8720472410
2825,63072640,3880978,66953618,7,0,1,2048,16,4740720743
2826,63138860,528570,63667430,7,0,0,8192,16,1836675806
2827,63168880,3786364,66955244,2,0,1,2560,16,10588575108
2828,63184870,3777409,66962279,7,0,1,9216,16,6988058618
2829,63191709,3772196,66963905,6,0,1,2560,12,7585888661
2830,63253410,3714182,66967592,8,0,1,15360,7,6140810675
2831,63271620,3700508,66972128,7,0,1,2560,16,8931927567
2832,63274290,3698504,66972794,2,0,1,11264,16,1071589206
2833,63303259,3678232,66981491,6,0,1,3072,12,6010766212
2834,63400470,1106787,64507257,6,0,0,142336,12,6945900708
2835,63411860,3571257,66983117,8,0,1,2560,7,10537849492
2836,63432320,407674,63839994,0,0,0,35840,14,2499304856
2837,63443100,3560995,67004095,7,0,1,16384,16,6929319775
2838,63450650,3558630,67009280,5,0,1,16384,18,2845898291
2839,63462150,594878,64057028,7,0,0,87552,16,9931431933
2840,63463911,618462,64082373,8,0,0,29184,7,10055838562
2841,63478860,3533714,67012574,2,0,1,15360,16,558464093
2842,63492731,389803,63882534,8,0,0,112640,7,4797236426
2843,63504970,343189,63848159,0,0,0,26624,14,5699107368
2844,63531251,169798,63701049,2,0,0,3072,16,9655785488
2845,63542050,426833,63968883,1,0,0,129024,9,5670237773
2846,63589081,387773,63976854,5,0,0,26112,18,8015108755
2847,63597469,3465223,67062692,6,0,1,8192,12,1195981246
2848,63602810,3461188,67063998,2,0,1,2048,16,3539173784
2849,63624050,3448026,67072076,5,0,1,2560,18,3721176241
2850,63626340,621146,64247486,6,0,0,177152,12,5991014723
2851,63655561,321636,63977197,2,0,0,1024,16,9262692005
2852,63664900,3412322,67077222,7,0,1,8192,16,6765678704
2853,63682150,3402270,67084420,5,0,1,8704,18,10466004492
2854,63727490,3360476,67087966,2,0,1,5632,16,6732045084
2855,63752790,3388138,67140928,7,0,1,33280,16,1952450895
2856,63786790,3440058,67226848,3,0,1,15360,3,7644066884
2857,63791770,3435232,67227002,3,0,1,8704,3,9307359385
2858,63803450,3448151,67251601,3,0,1,4608,3,7731540979
2859,63818030,831364,64649394,0,0,0,75776,14,9900809595
2860,63840431,497868,64338299,2,0,0,512,16,2935682584
2861,63856010,3411448,67267458,7,0,1,6656,16,5335420389
2862,63880110,3388334,67268444,2,0,1,1536,16,5077201890
2863,63887400,3384270,67271670,2,0,1,5120,16,6142438575
2864,63902600,3373602,67276202,2,0,1,7168,16,2277890420
2865,63912291,425829,64338120,8,0,0,73216,7,3603324845
2866,63925800,806543,64732343,1,0,0,44032,9,8156404203
2867,63937380,680620,64618000,7,0,0,54784,16,6879270896
2868,63937819,3348390,67286209,6,0,1,4608,12,2130810018
2869,63980440,620837,64601277,1,0,0,219648,9,6280678957
2870,64001741,462133,64463874,5,0,0,56320,18,7708721487
2871,64017881,1109585,65127466,8,0,0,194048,7,3497215557
2872,64025421,962867,64988288,5,0,0,169984,18,4554096620
2873,64025490,3262079,67287569,5,0,1,9216,18,2418305654
2874,64028950,3262831,67291781,3,0,1,6656,3,3269259028
2875,64035670,480608,64516278,0,0,0,6656,14,5410569864
2876,64048261,369659,64417920,2,0,0,512,16,3948089053
2877,64059241,305579,64364820,5,0,0,18432,18,6817877740
2878,64065650,3227207,67292857,7,0,1,13312,16,5455119467
2879,64089990,307901,64397891,7,0,0,28672,16,4291271350
2880,64093460,3284866,67378326,3,0,1,12800,3,6722646204
2881,64095250,3283091,67378341,2,0,1,3584,16,7981859675
2882,64095380,3282976,67378356,2,0,1,9728,16,8647131136
2883,64138591,175707,64314298,2,0,0,512,16,7372060773
2884,64142930,3247031,67389961,3,0,1,6656,3,10481318179
2885,64148710,3241266,67389976,5,0,1,2048,18,6253783270
2886,64167470,3222521,67389991,2,0,1,1024,16,9158282071
2887,64184470,3205536,67390006,5,0,1,18432,18,620143311
2888,64194070,673760,64867830,7,0,0,56832,16,6880554416
2889,64224250,3165811,67390061,2,0,1,12288,16,10646750276
2890,64231571,289026,64520597,5,0,0,512,18,1010892812
2891,64252240,3138643,67390883,7,0,1,3072,16,3360511596
2892,64283111,224325,64507436,2,0,0,512,16,2738010483
2893,64325150,301141,64626291,6,0,0,27136,12,7005126548
2894,64333520,3096746,67430266,2,0,1,27136,16,1850942365
2895,64363301,786534,65149835,5,0,0,73216,18,3827605282
2896,64374270,3094216,67468486,7,0,1,38400,16,2988182023
2897,64384030,613009,64997039,0,0,0,28672,14,7949861766
2898,64404951,1042972,65447923,8,0,0,217088,7,10498954730
2899,64423060,3046297,67469357,5,0,1,12288,18,4536402299
2900,64454621,418939,64873560,7,0,0,14336,16,5696543597
2901,64458950,3083836,67542786,7,0,1,14336,16,5137525181
2902,64496370,565687,65062057,1,0,0,78336,9,3459329995
2903,64499670,256965,64756635,1,0,0,1536,9,10677257156
2904,64506921,712752,65219673,5,0,0,48128,18,629162820
2905,64533830,3032542,67566372,3,0,1,15872,3,906898468
2906,64539801,254383,64794184,2,0,0,512,16,515840307
2907,64545359,3021028,67566387,6,0,1,2560,12,9942434336
2908,64572631,1079046,65651677,5,0,0,81408,18,7222103922
2909,64619521,931399,65550920,7,0,0,97280,16,7222889614
2910,64621631,899611,65521242,7,0,0,94208,16,9364751396
2911,64622630,445682,65068312,1,0,0,20480,9,7001128048
2912,64651970,2914432,67566402,5,0,1,15360,18,9273628878
2913,64668420,536574,65204994,0,0,0,97792,14,5978527186
2914,64746051,624466,65370517,8,0,0,70144,7,8578077449
2915,64752291,2874684,67626975,0,0,1,1024,14,3876817108
2916,64752480,398921,65151401,0,0,0,3072,14,1515747534
2917,64763681,2879244,67642925,0,0,1,14848,14,6003488846
2918,64789859,2853097,67642956,6,0,1,7168,12,6171145794
2919,64801450,671406,65472856,6,0,0,40960,12,4659000857
2920,64813020,2829951,67642971,3,0,1,4096,3,1562403226
2921,64818281,641989,65460270,7,0,0,40448,16,8623761685
2922,64828511,851900,65680411,5,0,0,93184,18,3646708535
2923,64839410,2803576,67642986,3,0,1,17408,3,10333634372
2924,64847370,1343372,66190742,6,0,0,214528,12,9852056737
2925,64855851,749977,65605828,8,0,0,69632,7,1990053445
2926,64855881,2787120,67643001,0,0,1,1024,14,1641362888
2927,64892950,2750066,67643016,3,0,1,19456,3,4086854956
2928,64900370,662132,65562502,1,0,0,37888,9,10271286827
2929,64925739,2717292,67643031,6,0,1,8704,12,6170060920
2930,64929571,751011,65680582,2,0,0,512,16,8431153687
2931,64969440,2674773,67644213,5,0,1,17920,18,5019810999
2932,64977050,2696215,67673265,5,0,1,10240,18,9817657786
2933,65000531,381233,65381764,8,0,0,36864,7,8520669583
2934,65031670,2673895,67705565,3,0,1,3072,3,9335676546
2935,65051400,932469,65983869,0,0,0,28672,14,6899523632
2936,65060360,1227985,66288345,1,0,0,144384,9,1486385530
2937,65127329,2579107,67706436,6,0,1,12288,12,1960925092
2938,65191781,392785,65584566,2,0,0,1024,16,9044235702
2939,65211050,470030,65681080,1,0,0,1536,9,9138878826
2940,65235201,349000,65584201,7,0,0,71168,16,2146340018
2941,65250030,2465429,67715459,3,0,1,16384,3,1636399027
2942,65271230,2487489,67758719,3,0,1,4096,3,6141142588
2943,65344360,738057,66082417,6,0,0,46080,12,3261789667
2944,65352571,299433,65652004,2,0,0,1024,16,9875719797
2945,65397540,2430734,67828274,3,0,1,46080,3,7320314071
2946,65436941,2488847,67925788,0,0,1,39424,14,9862528517
2947,65437261,886541,66323802,5,0,0,116224,18,1298824792
2948,65456280,413762,65870042,1,0,0,45568,9,9766085444
2949,65458750,2490952,67949702,3,0,1,6144,3,923382768
2950,65459161,431422,65890583,8,0,0,67072,7,2918468466
2951,65476140,229819,65705959,0,0,0,23552,14,3671739450
2952,65526000,2532222,68058222,5,0,1,33792,18,8308458170
2953,65563771,423560,65987331,2,0,0,2560,16,432458560
2954,65576900,2481337,68058237,3,0,1,18944,3,6578204213
2955,65585050,2473202,68058252,3,0,1,12800,3,2866560006
2956,65611641,445829,66057470,8,0,0,86528,7,8929124977
2957,65687360,429407,66116767,1,0,0,2048,9,3304901484
2958,65688241,298295,65986536,7,0,0,8704,16,989156758
2959,65729690,2328577,68058267,3,0,1,2560,3,256083806
2960,65775950,2282332,68058282,1,0,1,9728,9,8361901941
2961,65786340,2292734,68079074,1,0,1,29184,9,5295047857
2962,65797760,413025,66210785,1,0,0,65536,9,8960786254
2963,65815860,2348784,68164644,4,0,1,12288,13,2933412850
2964,65822510,2524413,68346923,4,0,1,154112,13,7122329096
2965,65826290,405734,66232024,1,0,0,69632,9,6670427274
2966,65836850,2539737,68376587,4,0,1,36864,13,3968860302
2967,65853510,2548332,68401842,5,0,1,3584,18,2311844324
2968,65860140,2541717,68401857,5,0,1,3584,18,1866436505
2969,65892340,2554921,68447261,4,0,1,97792,13,8873525268
2970,65895709,2554855,68450564,6,0,1,5120,12,8945654834
2971,65903830,2604773,68508603,5,0,1,65024,18,10072825670
2972,65943021,407997,66351018,2,0,0,512,16,3306678455
2973,65947520,2561442,68508962,5,0,1,9728,18,2458509440
2974,65989011,445498,66434509,5,0,0,193536,18,2519001205
2975,66011440,2574737,68586177,4,0,1,87040,13,4311214332
2976,66066610,406047,66472657,1,0,0,43008,9,2647607829
2977,66166130,2498384,68664514,4,0,1,27648,13,2292708081
2978,66191721,297228,66488949,2,0,0,1024,16,6797486433
2979,66285441,203158,66488599,7,0,0,52224,16,1700082900
2980,66293851,352338,66646189,8,0,0,85504,7,5036399367
2981,66375361,271022,66646383,2,0,0,512,16,8487654550
2982,66422721,276993,66699714,5,0,0,19456,18,6827198183
2983,66474290,552334,67026624,0,0,0,23552,14,8183391484
2984,66627740,623846,67251586,0,0,0,56832,14,8299857750
2985,66646030,204069,66850099,1,0,0,5120,9,3817288162
2986,66653980,2010790,68664770,5,0,1,9216,18,10645879321
2987,66666090,2025419,68691509,3,0,1,6656,3,6235263629
2988,66673451,704860,67378311,7,0,0,237568,16,10369671491
2989,66694320,1997204,68691524,5,0,1,512,18,5144549264
2990,66733961,328587,67062548,2,0,0,1024,16,10044921826
2991,66735621,807150,67542771,8,0,0,237568,7,8128988124
2992,66756050,2201341,68957391,4,0,1,122368,13,4603269867
2993,66772730,2204437,68977167,5,0,1,9728,18,9953583150
2994,66781170,2269030,69050200,4,0,1,59904,13,8758008800
2995,66804080,585866,67389946,1,0,0,34816,9,3766428753
2996,66826930,2234523,69061453,5,0,1,5632,18,4572759231
2997,66843441,535882,67379323,8,0,0,3072,7,6116257620
2998,66890650,2171149,69061799,5,0,1,512,18,2427264106
2999,66894561,391625,67286186,8,0,0,28672,7,1186440112
3000,66896220,2169445,69065665,3,0,1,6144,3,916989449
3001,66901140,2170983,69072123,3,0,1,2560,3,5400746150
3002,66901900,2186118,69088018,5,0,1,15360,18,1791924619
3003,66907161,659196,67566357,5,0,0,77312,18,3384610377
3004,66908410,717911,67626321,6,0,0,196608,12,6669204805
3005,66920740,2342030,69262770,5,0,1,26112,18,7283945832
3006,66922470,2340323,69262793,3,0,1,1536,3,2849167021
3007,66995050,647852,67642902,6,0,0,52224,12,5603147393
3008,67094950,2167858,69262808,4,0,1,11776,13,5725551268
3009,67151701,475259,67626960,2,0,0,2048,16,391535018
3010,67180540,2093093,69273633,3,0,1,6656,3,5677578962
3011,67189971,483279,67673250,8,0,0,65536,7,1658762204
3012,67211830,2061818,69273648,3,0,1,12800,3,6825050012
3013,67248630,579621,67828251,6,0,0,114176,12,10134943421
3014,67270449,2056293,69326742,6,0,1,26112,12,2537468789
3015,67271490,424056,67695546,1,0,0,37888,9,8150060294
3016,67290351,659336,67949687,8,0,0,76800,7,8762895757
3017,67295300,2162655,69457955,4,0,1,156672,13,6274652491
3018,67298770,2190807,69489577,3,0,1,10240,3,7754572628
3019,67313910,2175682,69489592,8,0,1,2048,7,3880221657
3020,67362591,383592,67746183,2,0,0,6144,16,3048981018
3021,67362960,560393,67923353,6,0,0,30208,12,3744611338
3022,67387161,389118,67776279,8,0,0,8192,7,3990395768
3023,67401971,271465,67673436,7,0,0,512,16,10064477831
3024,67407120,2082487,69489607,3,0,1,2048,3,9839432276
3025,67407510,2197570,69605080,4,0,1,183808,13,7610549598
3026,67431871,626336,68058207,8,0,0,201216,7,9452324637
3027,67444631,812590,68257221,7,0,0,185344,16,4442830878
3028,67545470,643681,68189151,1,0,0,80384,9,1453676721
3029,67558150,2227956,69786106,4,0,1,101888,13,8260436780
3030,67559371,879315,68438686,5,0,0,69632,18,3907790493
3031,67662210,289223,67951433,0,0,0,5632,14,6696992733
3032,67676840,2109281,69786121,3,0,1,512,3,3170562049
3033,67697790,619872,68317662,1,0,0,24064,9,2945234432
3034,67732031,558909,68290940,5,0,0,110592,18,9808477912
3035,67746660,417969,68164629,1,0,0,77824,9,7472794347
3036,67784340,416378,68200718,0,0,0,37888,14,1485732740
3037,67804120,1991703,69795823,8,0,1,14336,7,8965523495
3038,67838960,482929,68321889,1,0,0,13824,9,1300920302
3039,67840320,1955518,69795838,3,0,1,15360,3,9257592558
3040,67890570,485962,68376532,1,0,0,49664,9,9449329455
3041,67912511,397796,68310307,5,0,0,63488,18,9750613349
3042,67958760,442576,68401336,0,0,0,65536,14,4455608945
3043,68063341,338478,68401819,7,0,0,1536,16,10575046241
3044,68066560,1729293,69795853,3,0,1,1536,3,7102739215
3045,68074900,1720968,69795868,3,0,1,40960,3,4620202446
3046,68088891,411145,68500036,8,0,0,43008,7,6118135050
3047,68108910,376532,68485442,0,0,0,24576,14,927465599
3048,68179260,2266364,70445624,4,0,1,352256,13,2039526233
3049,68184391,283240,68467631,7,0,0,14336,16,881852107
3050,68184621,448825,68633446,7,0,0,86528,16,5290169318
3051,68226450,818728,69045178,0,0,0,59904,14,10266086868
3052,68247250,1015505,69262755,1,0,0,206336,9,5653712676
3053,68292101,611505,68903606,8,0,0,59904,7,6634824601
3054,68294130,2151509,70445639,4,0,1,3072,13,1262560482
3055,68304010,2141644,70445654,1,0,1,16384,9,9349874563
3056,68305960,385534,68691494,0,0,0,76800,14,5655433857
3057,68360600,2085077,70445677,3,0,1,17408,3,9359632824
3058,68370631,829217,69199848,8,0,0,316928,7,10711649298
3059,68376581,572192,68948773,2,0,0,512,16,4680734400
3060,68377381,631161,69008542,2,0,0,2560,16,1415842949
3061,68400321,387233,68787554,8,0,0,71168,7,717570835
3062,68408040,2074992,70483032,7,0,1,23552,16,4330432625
3063,68507571,2000454,70508025,0,0,1,34304,14,4655398473
3064,68512060,429671,68941731,1,0,0,25088,9,725633609
3065,68516091,282201,68798292,2,0,0,1024,16,1695604216
3066,68558401,323149,68881550,5,0,0,7680,18,9310035584
3067,68595990,1912050,70508040,1,0,1,16896,9,5128932327
3068,68597951,157092,68755043,2,0,0,1536,16,7544004133
3069,68623391,1884664,70508055,0,0,1,5120,14,10160877060
3070,68627370,699333,69326703,0,0,0,174080,14,5486893613
3071,68637620,296452,68934072,6,0,0,26624,12,4299663247
3072,68648990,1859080,70508070,1,0,1,27136,9,10154732226
3073,68709051,341134,69050185,8,0,0,16384,7,8812549066
3074,68734531,538908,69273439,7,0,0,34816,16,4855314909
3075,68749621,683723,69433344,5,0,0,109568,18,4893860832
3076,68782981,1725104,70508085,0,0,1,9728,14,2271088809
3077,68795620,604309,69399929,6,0,0,162816,12,6153656346
3078,68845200,1718895,70564095,3,0,1,28672,3,5971085929
3079,68858981,414637,69273618,2,0,0,512,16,9762289066
3080,68889550,1795685,70685235,4,0,1,83968,13,1114682976
3081,68908740,1996999,70905739,4,0,1,65536,13,3037897699
3082,68932511,417787,69350298,2,0,0,45056,16,643458748
3083,68989970,1915784,70905754,1,0,1,20992,9,5128208841
3084,69006611,2044305,71050916,0,0,1,37376,14,542852290
3085,69077790,1973141,71050931,3,0,1,8192,3,5932560151
3086,69107070,1978830,71085900,3,0,1,40960,3,1535123241
3087,69108621,380941,69489562,5,0,0,97792,18,10305931934
3088,69113061,540195,69653256,2,0,0,69120,16,7714075033
3089,69182780,2091396,71274176,4,0,1,33792,13,9938356522
3090,69204550,2069649,71274199,4,0,1,23040,13,346783828
3091,69284351,501740,69786091,7,0,0,109568,16,9825899195
3092,69304481,277079,69581560,2,0,0,65536,16,1469958390
3093,69310041,366966,69677007,5,0,0,30720,18,2595620280
3094,69328320,1955693,71284013,1,0,1,35328,9,289432121
3095,69363390,2058025,71421415,4,0,1,101888,13,5034061109
3096,69418620,278437,69697057,0,0,0,15360,14,7559617731
3097,69473240,180967,69654207,0,0,0,3072,14,4426661929
3098,69474940,2506449,71981389,4,0,1,196608,13,6565773338
3099,69476450,2860125,72336575,4,0,1,110080,13,3980572872
3100,69590890,204918,69795808,1,0,0,31744,9,3160819530
3101,69592271,290669,69882940,8,0,0,45568,7,5508244356
3102,69622640,714698,70337338,0,0,0,397312,14,1272927655
3103,69626411,189059,69815470,2,0,0,5632,16,4139621004
3104,69629371,2744798,72374169,0,0,1,8192,14,9892303795
3105,69657440,710333,70367773,0,0,0,99840,14,4022653120
3106,69658790,530567,70189357,0,0,0,111104,14,1750690819
3107,69662001,269743,69931744,5,0,0,4096,18,10596407710
3108,69675260,2702775,72378035,1,0,1,6144,9,1658939373
3109,69703581,694635,70398216,8,0,0,99840,7,10394311777
3110,69863441,352826,70216267,5,0,0,67072,18,10417645022
3111,69914040,2497489,72411529,1,0,1,2560,9,1794857534
3112,69916131,591879,70508010,7,0,0,69632,16,7515826329
3113,69980581,465004,70445585,7,0,0,93184,16,7344339184
3114,69990131,427047,70417178,8,0,0,58880,7,812567150
3115,70000251,482766,70483017,8,0,0,19968,7,7627263615
3116,70046371,638196,70684567,2,0,0,44032,16,8026161568
3117,70052960,346247,70399207,6,0,0,3072,12,6123397193
3118,70109040,764425,70873465,1,0,0,325120,9,7202516053
3119,70154930,2257470,72412400,1,0,1,12288,9,5577724188
3120,70182431,267817,70450248,2,0,0,14848,16,1326529450
3121,70210941,2215950,72426891,0,0,1,16384,14,5622316885
3122,70270750,2164245,72434995,1,0,1,7168,9,2475107055
3123,70280430,625286,70905716,0,0,0,23040,14,1526892410
3124,70287111,599371,70886482,2,0,0,10240,16,4388229430
3125,70302811,410594,70713405,7,0,0,2560,16,2375268260
3126,70334971,2102290,72437261,0,0,1,3584,14,8884574990
3127,70349050,577802,70926852,0,0,0,42496,14,9174348201
3128,70350570,2090711,72441281,4,0,1,14848,13,5143755762
3129,70370840,2073347,72444187,5,0,1,4608,18,6511569873
3130,70371151,509037,70880188,5,0,0,22016,18,2729987089
3131,70388831,509850,70898681,2,0,0,39936,16,8883202263
3132,70414190,343847,70758037,1,0,0,100352,9,8013534919
3133,70458240,1986933,72445173,4,0,1,1536,13,896053261
3134,70475521,3001269,73476790,0,0,1,22016,14,7228603306
3135,70482621,568280,71050901,2,0,0,157184,16,4837398740
3136,70513650,3192452,73706102,7,0,1,3584,16,7652216863
3137,70521980,551051,71073031,0,0,0,12800,14,2618516442
3138,70526550,356789,70883339,0,0,0,10240,14,10501812558
3139,70550971,3155146,73706117,0,0,1,4096,14,570587169
3140,70572781,341100,70913881,7,0,0,26624,16,7746696294
3141,70589161,344906,70934067,7,0,0,23552,16,7231112423
3142,70596991,468797,71065788,5,0,0,37888,18,5074991660
3143,70623750,3502307,74126057,4,0,1,23040,13,78489882
3144,70653290,469289,71122579,6,0,0,23040,12,2405945344
3145,70687740,3457072,74144812,4,0,1,5120,13,1284069345
3146,70693431,580722,71274153,7,0,0,154112,16,7056807543
3147,70704351,410121,71114472,2,0,0,36352,16,1609815324
3148,70728661,498489,71227150,8,0,0,167936,7,4368842615
3149,70740711,680665,71421376,5,0,0,143872,18,8867215112
3150,70765430,810608,71576038,6,0,0,100864,12,1510627156
3151,70784961,1136185,71921146,5,0,0,46592,18,7241412231
3152,70785911,1279979,72065890,7,0,0,58368,16,9298657113
3153,70787331,3390129,74177460,0,0,1,23552,14,2480575877
3154,70795520,3430054,74225574,5,0,1,4096,18,1040295929
3155,70796770,3429163,74225933,1,0,1,9728,9,2444975952
3156,70809130,3902266,74711396,4,0,1,94720,13,377628423
3157,70859790,3965763,74825553,1,0,1,11264,9,958995080
3158,70979330,4154904,75134234,4,0,1,67072,13,1527800099
3159,70980080,4509531,75489611,4,0,1,170496,13,1700395974
3160,71008090,330750,71338840,1,0,0,34304,9,7431756112
3161,71021230,1007203,72028433,0,0,0,99328,14,2023239434
3162,71039120,465820,71504940,0,0,0,76800,14,8351334738
3163,71084510,1182138,72266648,6,0,0,108032,12,3838893136
3164,71158530,4355834,75514364,4,0,1,7680,13,4993751332
3165,71164910,1009291,72174201,6,0,0,4608,12,3069243548
3166,71180701,966450,72147151,7,0,0,108544,16,1868299910
3167,71186880,620230,71807110,1,0,0,283136,9,3507046657
3168,71211351,1022350,72233701,2,0,0,84992,16,1905666092
3169,71220270,4294760,75515030,5,0,1,11264,18,10413609504
3170,71262340,719034,71981374,0,0,0,82944,14,3041434960
3171,71280880,1126152,72407032,0,0,0,41984,14,1920373493
3172,71289280,4267106,75556386,5,0,1,21504,18,9336199100
3173,71342671,1136601,72479272,5,0,0,111104,18,5921640627
3174,71391030,4364492,75755522,4,0,1,126464,13,10717443854
3175,71400221,1523408,72923629,7,0,0,56320,16,6250891761
3176,71407010,707054,72114064,1,0,0,103936,9,9585206424
3177,71448960,723790,72172750,6,0,0,83968,12,9438723384
3178,71461160,728042,72189202,0,0,0,10240,14,7753272081
3179,71498331,571162,72069493,2,0,0,11776,16,6638086082
3180,71508090,1018637,72526727,0,0,0,155648,14,1971648048
3181,71553701,1221476,72775177,7,0,0,62976,16,3264017463
3182,71555771,726765,72282536,2,0,0,10752,16,1505874849
3183,71600850,735710,72336560,1,0,0,148992,9,10658618960
3184,71603261,276918,71880179,7,0,0,2048,16,2137525462
3185,71646421,1023696,72670117,2,0,0,227840,16,2767503882
3186,71689061,584646,72273707,2,0,0,23040,16,8634979884
3187,71738221,1003124,72741345,7,0,0,512,16,3839710378
3188,71742461,1060802,72803263,2,0,0,18432,16,2741135308
3189,71776850,959761,72736611,6,0,0,215552,12,2614508790
3190,71818351,251781,72070132,7,0,0,2048,16,8017846742
3191,71839061,1321583,73160644,8,0,0,180224,7,8387017427
3192,71853880,1598378,73452258,1,0,0,41472,9,4961943858
3193,71856181,682412,72538593,7,0,0,2048,16,7296020287
3194,71892621,778299,72670920,7,0,0,2560,16,239661421
3195,71898831,977155,72875986,5,0,0,48640,18,10355289676
3196,72075591,945721,73021312,8,0,0,45568,7,1424544104
3197,72114980,627472,72742452,1,0,0,3584,9,5702737419
3198,72115520,1324079,73439599,6,0,0,188416,12,8950470577
3199,72138470,1169001,73307471,1,0,0,184832,9,1986440670
3200,72141670,1537694,73679364,1,0,0,501248,9,4980933042
3201,72175661,807022,72982683,2,0,0,71168,16,9181320348
3202,72199920,1004569,73204489,1,0,0,1024,9,823227384
3203,72224280,3531257,75755537,5,0,1,1024,18,2286552578
3204,72225260,1597593,73822853,0,0,0,49152,14,1395514138
3205,72242600,498574,72741174,6,0,0,14848,12,10076242845
3206,72243180,1138996,73382176,0,0,0,43008,14,4659702554
3207,72267031,3488537,75755568,0,0,1,11776,14,6959456464
3208,72273971,1432108,73706079,2,0,0,87552,16,1403325794
3209,72314440,3441143,75755583,5,0,1,1024,18,2175122684
3210,72318911,1157864,73476775,8,0,0,16384,7,10459903954
3211,72329460,1022673,73352133,1,0,0,64000,9,5364799170
3212,72354190,978420,73332610,6,0,0,82432,12,7990382513
3213,72390981,515473,72906454,5,0,0,27648,18,3230033767
3214,72398381,1602739,74001120,8,0,0,213504,7,2638877439
3215,72451520,1632563,74084083,0,0,0,34816,14,4698380626
3216,72460860,3425932,75886792,5,0,1,43008,18,6242257766
3217,72552850,1853224,74406074,1,0,0,484352,9,752456460
3218,72553071,1200194,73753265,2,0,0,113152,16,1021578609
3219,72644000,3343650,75987650,5,0,1,3584,18,9048037424
3220,72672261,1911071,74583332,2,0,0,34816,16,7603148350
3221,72679261,1782292,74461553,5,0,0,102400,18,2258948000
3222,72750510,1299038,74049548,0,0,0,75264,14,13004734
3223,72750920,3236745,75987665,5,0,1,512,18,5764424331
3224,72777440,1130571,73908011,0,0,0,114688,14,8031728586
3225,72801951,2023579,74825530,8,0,0,165888,7,5903880474
3226,72822290,3319824,76142114,5,0,1,16896,18,3178560708
3227,72854270,2279949,75134219,6,0,0,169472,12,5036356693
3228,72888550,2101721,74990271,0,0,0,257536,14,7017088114
3229,72912661,1107506,74020167,5,0,0,62464,18,7297000589
3230,72924760,1635732,74560492,1,0,0,242688,9,10733426257
3231,72936581,1493562,74430143,8,0,0,28672,7,5649441758
3232,72957500,3184629,76142129,5,0,1,4608,18,4628607411
3233,72992081,1889849,74881930,2,0,0,179712,16,5194471306
3234,73025060,1749903,74774963,0,0,0,202240,14,3783683489
3235,73060981,2333889,75394870,8,0,0,90624,7,8326030767
3236,73068690,839648,73908338,1,0,0,1024,9,9379523195
3237,73125961,1018836,74144797,8,0,0,15360,7,5949246951
3238,73134890,1295448,74430338,1,0,0,512,9,2795117846
3239,73154030,1406633,74560663,1,0,0,512,9,8125009927
3240,73156140,939970,74096110,6,0,0,39424,12,4436894368
3241,73158840,1327693,74486533,6,0,0,60928,12,1354670468
3242,73163370,2978798,76142168,5,0,1,14336,18,5624114952
3243,73201440,720894,73922334,1,0,0,1024,9,4612935445
3244,73239451,633601,73873052,5,0,0,32256,18,1211592864
3245,73297671,1898911,75196582,5,0,0,107520,18,9165352458
3246,73300880,1120512,74421392,0,0,0,48640,14,6158541631
3247,73322850,727025,74049875,1,0,0,1024,9,8623331410
3248,73352321,773721,74126042,5,0,0,26112,18,3839280632
3249,73360421,1699063,75059484,8,0,0,47616,7,2919176187
3250,73384680,1021877,74406557,1,0,0,1536,9,6453241632
3251,73415941,1878752,75294693,2,0,0,101888,16,10039450728
3252,73425880,2716303,76142183,1,0,1,5120,9,2236931349
3253,73433490,1273247,74706737,6,0,0,23552,12,1186714664
3254,73490461,1663109,75153570,2,0,0,41984,16,5646496939
3255,73532640,1602413,75135053,1,0,0,2560,9,5222604364
3256,73543650,1282558,74826208,1,0,0,2048,9,7161479947
3257,73561250,1119187,74680437,1,0,0,512,9,8618446198
3258,73603061,1984363,75587424,2,0,0,72704,16,2169838194
3259,73615171,2092515,75707686,2,0,0,86016,16,711409467
3260,73703970,1852401,75556371,0,0,0,82432,14,8799670058
3261,73712710,2446358,76159068,5,0,1,6144,18,6647880097
3262,73716480,2121424,75837904,6,0,0,103936,12,5742938454
3263,73734410,2293922,76028332,0,0,0,15872,14,21818191
3264,73739960,1463595,75203555,1,0,0,512,9,2874687793
3265,73809800,1696798,75506598,6,0,0,40448,12,4729075682
3266,73905481,1457342,75362823,8,0,0,63488,7,95469470
3267,73952900,1106763,75059663,1,0,0,512,9,4266984871
3268,73955511,208944,74164455,7,0,0,1024,16,4492534425
3269,73975910,2187664,76163574,5,0,1,7168,18,10047266812
3270,73979921,1775570,75755491,2,0,0,107520,16,8625447338
3271,73981100,2234940,76216040,5,0,1,27136,18,4958650929
3272,73982661,1062300,75044961,7,0,0,512,16,1429823986
3273,74013350,1031253,75044603,6,0,0,122368,12,4728670882
3274,74022430,538568,74560998,1,0,0,1024,9,746588389
3275,74030070,2186956,76217026,1,0,1,1536,9,736445312
3276,74079300,2141272,76220572,1,0,1,5632,9,665905097
3277,74106390,2117088,76223478,1,0,1,4608,9,2092466994
3278,74138020,2144553,76282573,1,0,1,17920,9,6958381115
3279,74155050,2127538,76282588,5,0,1,5120,18,387404102
3280,74180991,730002,74910993,2,0,0,95232,16,10206413207
3281,74191831,1976245,76168076,2,0,0,2048,16,1511142237
3282,74208220,1556219,75764439,0,0,0,22528,14,7891622111
3283,74230010,1113454,75343464,6,0,0,109568,12,3014927139
3284,74243951,2039767,76283718,0,0,1,13824,14,5430556400
3285,74310900,516259,74827159,1,0,0,3072,9,7535492515
3286,74323271,721511,75044782,7,0,0,512,16,2511463964
3287,74324860,1088086,75412946,1,0,0,1024,9,3678565096
3288,74369891,1979421,76349312,5,0,0,115712,18,2362207168
3289,74425071,1253791,75678862,7,0,0,512,16,2897136717
3290,74428641,1557380,75986021,8,0,0,193536,7,9159883175
3291,74443080,816471,75259551,6,0,0,148992,12,984107158
3292,74463020,1819530,76282550,0,0,0,134656,14,10241372061
3293,74482150,429638,74911788,1,0,0,2560,9,10527595416
3294,74510230,1773511,76283741,5,0,1,22528,18,455189401
3295,74563571,1150214,75713785,8,0,0,19968,7,6454933936
3296,74569090,1716091,76285181,1,0,1,6144,9,4578610239
3297,74580560,878089,75458649,1,0,0,4096,9,4676040613
3298,74604651,549714,75154365,7,0,0,2560,16,8303761363
3299,74612920,1109772,75722692,6,0,0,29184,12,2124293828
3300,74615760,1669767,76285527,5,0,1,512,18,5303228451
3301,74632071,1487229,76119300,5,0,0,190976,18,844588284
3302,74641790,621224,75263014,0,0,0,11264,14,3132092299
3303,74653731,1273299,75927030,8,0,0,39936,7,8522379956
3304,74656410,1782329,76438739,6,0,0,1536,12,335292258
3305,74661030,1629003,76290033,5,0,1,7168,18,3347566955
3306,74723601,1264026,75987627,7,0,0,1024,16,4738026807
3307,74740990,622004,75362994,7,0,0,512,16,1180787978
3308,74755190,1595244,76350434,5,0,1,31232,18,542309553
3309,74760351,535769,75296120,7,0,0,4608,16,8106943509
3310,74791781,406331,75198112,5,0,0,512,18,1191222558
3311,74805131,2116201,76921332,5,0,0,273408,18,10179563464
3312,74842910,1507539,76350449,7,0,1,1536,16,2611190261
3313,74912080,766611,75678691,0,0,0,91136,14,444618018
3314,75018280,1332184,76350464,3,0,1,5632,3,4632169481
3315,75028371,1113728,76142099,2,0,0,74752,16,4245876758
3316,75080700,1269958,76350658,9,0,1,18432,15,3871547803
3317,75119630,1231043,76350673,9,0,1,10752,15,347191589
3318,75124950,1226114,76351064,9,0,1,4608,15,6343912698
3319,75129450,1228497,76357947,9,0,1,4608,15,10656958120
3320,75226501,1131907,76358408,0,0,1,10240,14,6628634731
3321,75242511,515041,75757552,7,0,0,1536,16,6193978746
3322,75257781,938746,76196527,2,0,0,17920,16,5836595190
3323,75263160,619150,75882310,1,0,0,1536,9,5254932596
3324,75274680,1832623,77107303,6,0,0,209920,12,403238358
3325,75322500,1626433,76948933,0,0,0,79360,14,1733992230
3326,75328770,1280173,76608943,0,0,0,79872,14,4019560342
3327,75346180,300132,75646312,6,0,0,512,12,4723173910
3328,75371611,912084,76283695,2,0,0,3584,16,10055360268
3329,75381970,978064,76360034,1,0,1,2560,9,8427826792
3330,75385481,1048962,76434443,7,0,0,2560,16,4436079708
3331,75389461,1146967,76536428,8,0,0,114688,7,4170899242
3332,75389900,411817,75801717,0,0,0,38400,14,1534716221
3333,75400330,961330,76361660,5,0,1,2560,18,1185182082
3334,75423190,965317,76388507,9,0,1,7168,15,115395276
3335,75458900,1305984,76764884,6,0,0,48128,12,6627721703
3336,75486521,1979463,77465984,2,0,0,334336,16,9625697575
3337,75517190,872943,76390133,5,0,1,2560,18,7626640054
3338,75547121,843358,76390479,0,0,1,512,14,2848442840
3339,75561910,1360279,76922189,1,0,0,2560,9,2892384011
3340,75568781,1933221,77502002,7,0,0,2048,16,4220774750
3341,75574300,486797,76061097,7,0,0,5632,16,8787648439
3342,75595341,464009,76059350,8,0,0,91136,7,7738616554
3343,75698701,786247,76484948,2,0,0,13824,16,2913886912
3344,75705650,687735,76393385,5,0,1,4608,18,4173596280
3345,75709261,685593,76394854,0,0,1,1536,14,3566114881
3346,75742761,653399,76396160,0,0,1,2048,14,3820799739
3347,75747751,239549,75987300,2,0,0,4096,16,547210792
3348,75771450,639349,76410799,1,0,1,6656,9,8136613342
3349,75780170,635135,76415305,9,0,1,7168,15,6167652440
3350,75783040,753411,76536451,1,0,1,57344,9,3240489187
3351,75814560,1772146,77586706,0,0,0,17920,14,10736458827
3352,75847741,582765,76430506,2,0,0,11264,16,8070698986
3353,75861230,638534,76499764,1,0,0,512,9,6903021306
3354,75867700,956790,76824490,0,0,0,143872,14,6090074043
3355,75882771,1123600,77006371,8,0,0,95744,7,8639512923
3356,75919720,430699,76350419,7,0,0,3584,16,1416580442
3357,75945560,196794,76142354,7,0,0,512,16,10030499758
3358,75952921,625522,76578443,0,0,1,1536,14,3830756761
3359,75968030,382605,76350635,1,0,0,512,9,4289671911
3360,76006890,602239,76609129,1,0,1,4608,9,10327894943
3361,76013560,1299717,77313277,0,0,0,101888,14,5693008871
3362,76032989,1116449,77149438,9,0,0,138240,15,7106365684
3363,76043120,701832,76744952,6,0,0,23040,12,4518247496
3364,76058199,550945,76609144,6,0,1,2560,12,2252292791
3365,76087080,522079,76609159,5,0,1,6144,18,7980922178
3366,76087741,1143546,77231287,8,0,0,120832,7,4762491276
3367,76102211,1051017,77153228,7,0,0,9728,16,2867688219
3368,76118421,1113981,77232402,8,0,0,3584,7,4908997251
3369,76131300,502773,76634073,1,0,1,8704,9,2772703325
3370,76147401,682564,76829965,7,0,0,17920,16,5773197869
3371,76148290,516461,76664751,5,0,1,1536,18,6239391549
3372,76174950,434164,76609114,1,0,0,512,9,9994953910
3373,76175101,749637,76924738,2,0,0,6656,16,2322754243
3374,76189181,219720,76408901,7,0,0,512,16,239497328
3375,76200561,776623,76977184,2,0,0,92672,16,2289936545
3376,76215801,819352,77035153,2,0,0,32768,16,6539675371
3377,76251191,418745,76669936,0,0,1,16384,14,5619416760
3378,76264150,1424262,77688412,7,0,0,113664,16,2267491266
3379,76274951,386656,76661607,8,0,0,31744,7,10640676768
3380,76342630,665667,77008297,0,0,0,6144,14,4323025397
3381,76351080,337042,76688122,5,0,1,1024,18,9294132843
3382,76365930,398969,76764899,1,0,1,39424,9,9431742755
3383,76379621,394772,76774393,0,0,1,7680,14,6674511721
3384,76426090,411869,76837959,1,0,1,5632,9,9744708530
3385,76432891,405053,76837944,7,0,0,26112,16,2146428491
3386,76466590,371400,76837990,9,0,1,23552,15,288598877
3387,76507620,330385,76838005,5,0,1,13824,18,9251814399
3388,76516160,405187,76921347,5,0,1,9728,18,4871963079
3389,76567160,355535,76922695,1,0,0,1536,9,1628803292
3390,76578580,342814,76921394,5,0,1,15360,18,8992255593
3391,76651181,271031,76922212,0,0,1,28160,14,1934433249
3392,76717120,292315,77009435,0,0,0,3584,14,1963105304
3393,76719560,1282724,78002284,0,0,0,324096,14,8655322407
3394,76743310,607209,77350519,0,0,0,62976,14,5084158545
3395,76800920,349329,77150249,1,0,0,2560,9,5490849559
3396,76812391,194019,77006410,0,0,1,19968,14,137990380
3397,76813461,194851,77008312,0,0,1,7680,14,8949544167
3398,76825781,1282525,78108306,2,0,0,239104,16,248683385
3399,76839280,198015,77037295,5,0,1,1536,18,1473347091
3400,76842279,197282,77039561,6,0,1,3584,12,5053182133
3401,76856920,183307,77040227,5,0,1,1024,18,7184455256
3402,76971271,391029,77362300,2,0,0,19968,16,3287229901
3403,76985980,515375,77501355,7,0,0,79360,16,9542114253
3404,77006960,146283,77153243,3,0,1,28672,3,9494425819
3405,77100539,88034,77188573,6,0,1,18432,12,5068405087
3406,77113100,77061,77190161,5,0,1,15872,18,2202029134
3407,77211320,300962,77512282,1,0,0,512,9,7762104655
3408,77281331,31961,77313292,0,0,1,11776,14,4959039258
3409,77301069,12798,77313867,6,0,1,512,12,5647706668
3410,77307301,20273,77327574,0,0,1,24064,14,1660166202
3411,77315051,436829,77751880,8,0,0,54784,7,389125428
3412,77322860,300624,77623484,1,0,0,1024,9,1275762482
3413,77361601,333869,77695470,8,0,0,14336,7,4074554967
3414,77432961,154228,77587189,2,0,0,1536,16,6388609626
3415,77436951,346592,77783543,8,0,0,51200,7,9140269994
3416,77468321,1042,77469363,0,0,1,1024,14,8468605152
3417,77472461,562970,78035431,8,0,0,43008,7,4839375110
3418,77479109,23443,77502552,6,0,1,512,12,4242528931
3419,77491340,199747,77691087,7,0,0,8704,16,9592646880
3420,77517931,566,77518497,0,0,1,512,14,2422668642
3421,77521361,566,77521927,0,0,1,512,14,4073048042
3422,77544201,971519,78515720,7,0,0,28160,16,4260442461
3423,77553541,6229,77559770,0,0,1,15360,14,4844915725
3424,77569340,1518,77570858,5,0,1,1536,18,6632558041
3425,77591820,661487,78253307,0,0,0,135168,14,6807315015
3426,77601621,823622,78425243,8,0,0,198144,7,8793904925
3427,77623779,6278,77630057,6,0,1,6656,12,8785177132
3428,77635931,373232,78009163,2,0,0,22528,16,652327555
3429,77644631,508954,78153585,2,0,0,148480,16,6488181670
3430,77648291,4162,77652453,0,0,1,11264,14,5763150573
3431,77665061,505583,78170644,2,0,0,55808,16,8391892950
3432,77693370,940880,78634250,7,0,0,68096,16,453236473
3433,77719921,13341,77733262,0,0,1,22528,14,1714856174
3434,77738721,432874,78171595,8,0,0,3072,7,714324885
3435,77833970,342982,78176952,6,0,0,17408,12,2944340840
3436,77858561,6278,77864839,0,0,1,6656,14,3499891845
3437,77923051,584074,78507125,8,0,0,33792,7,6453169157
3438,77929310,86274,78015584,5,0,1,15360,18,3114353319
3439,77932460,84110,78016570,5,0,1,1536,18,7639051646
3440,77951570,251179,78202749,7,0,0,5632,16,2919025154
3441,77967490,564904,78532394,6,0,0,6144,12,9463792455
3442,77971901,470220,78442121,8,0,0,51712,7,9171134626
3443,77972730,621012,78593742,6,0,0,31744,12,806896098
3444,77986910,280593,78267503,1,0,0,3072,9,6239125597
3445,78009170,664642,78673812,6,0,0,66560,12,10035076793
3446,78018660,407690,78426350,1,0,0,3584,9,6397961772
3447,78019090,340998,78360088,0,0,0,96256,14,4474959866
3448,78031981,464801,78496782,2,0,0,117248,16,117418583
3449,78036660,134958,78171618,3,0,1,3072,3,4670520480
3450,78037621,134012,78171633,0,0,1,10240,14,832380884
3451,78050921,126046,78176967,0,0,1,6144,14,163266881
3452,78104590,74670,78179260,5,0,1,8192,18,4336511538
3453,78108981,335339,78444320,8,0,0,7168,7,10381130935
3454,78164060,99359,78263419,1,0,0,1024,9,10347272573
3455,78182290,278737,78461027,6,0,0,54784,12,7788171697
3456,78190371,365009,78555380,2,0,0,27136,16,6208747570
3457,78247361,8425,78255786,0,0,1,2560,14,4188020115
3458,78250010,268377,78518387,6,0,0,8704,12,3871137482
3459,78276590,469040,78745630,7,0,0,41984,16,7121133145
3460,78278530,245662,78524192,0,0,0,5632,14,498021086
3461,78284991,2470,78287461,0,0,1,2560,14,6510560902
3462,78295401,3898,78299299,0,0,1,4096,14,4888677393
3463,78409601,424024,78833625,2,0,0,116736,16,513145985
3464,78420890,97512,78518402,8,0,1,9728,7,8909925452
3465,78452430,150086,78602516,1,0,0,1024,9,8963484495
3466,78460530,257616,78718146,6,0,0,11264,12,6787010484
3467,78463130,334912,78798042,0,0,0,84992,14,1356666298
3468,78529010,479585,79008595,1,0,0,5120,9,8030011718
3469,78534490,300554,78835044,1,0,0,4608,9,8578052364
3470,78542760,452839,78995599,6,0,0,17920,12,4910736930
3471,78582001,282467,78864468,2,0,0,13312,16,5246135105
3472,78654860,319918,78974778,7,0,0,57856,16,4465323937
3473,78692530,339898,79032428,6,0,0,65536,12,6217615029
3474,78719511,233237,78952748,2,0,0,138752,16,428847598
3475,78737390,216473,78953863,1,0,0,3584,9,2114127714
3476,78744330,244235,78988565,6,0,0,13824,12,8925974641
3477,78760721,278742,79039463,8,0,0,23040,7,10126274260
3478,78768481,354112,79122593,2,0,0,56832,16,9786017213
3479,78839720,207722,79047442,7,0,0,26112,16,9060559535
3480,78842130,423921,79266051,7,0,0,70656,16,8198602491
3481,78846260,3422,78849682,7,0,1,3584,16,9453718450
3482,78884450,21916,78906366,8,0,1,35840,7,1804734079
3483,78911081,45686,78956767,0,0,1,8704,14,1448977294
3484,78926180,48613,78974793,8,0,1,7680,7,5748893143
3485,78933281,41527,78974808,0,0,1,1536,14,1485072332
3486,78945250,461206,79406456,0,0,0,169472,14,9175214387
3487,78970520,18060,78988580,7,0,1,26624,16,9680998404
3488,78978830,16784,78995614,7,0,1,5120,16,5414613543
3489,79023700,25695,79049395,8,0,1,2048,7,10398207152
3490,79044561,536563,79581124,2,0,0,209920,16,1079569676
3491,79053170,25962,79079132,8,0,1,47104,7,9829791733
3492,79058110,560469,79618579,6,0,0,122880,12,9175920213
3493,79082370,672724,79755094,0,0,0,255488,14,3505069541
3494,79087890,3128,79091018,7,0,1,9216,16,2743472199
3495,79133921,329439,79463360,2,0,0,111104,16,8742660122
3496,79167830,16096,79183926,5,0,1,31232,18,6695623851
3497,79205961,10241,79216202,0,0,1,16384,14,2363313836
3498,79274760,357642,79632402,1,0,0,3072,9,8771719158
3499,79298221,520225,79818446,2,0,0,13312,16,3924732921
3500,79321211,20366,79341577,0,0,1,32768,14,5768872123
3501,79350160,566,79350726,7,0,1,512,16,6507997842
3502,79359471,441838,79801309,8,0,0,151552,7,9440876079
3503,79419860,2470,79422330,5,0,1,2560,18,1673255686
3504,79430650,38095,79468745,7,0,1,5632,16,8745214044
3505,79449590,23661,79473251,4,0,1,7168,13,10466787637
3506,79453980,25647,79479627,8,0,1,20480,7,8755430116
3507,79459410,474426,79933836,7,0,0,76288,16,3438110148
3508,79556390,73055,79629445,8,0,1,17408,7,8562018094
3509,79557860,525017,80082877,7,0,0,35328,16,9136660913
3510,79560930,76832,79637762,8,0,1,26624,7,10718418710
3511,79562131,82539,79644670,0,0,1,20992,14,7927589923
3512,79600951,468599,80069550,2,0,0,71680,16,7619862920
3513,79618261,734703,80352964,2,0,0,151040,16,3770461775
3514,79623490,28645,79652135,7,0,1,26112,16,5689120437
3515,79627661,251850,79879511,2,0,0,7680,16,9990539438
3516,79628840,660197,80289037,7,0,0,295936,16,10608919855
3517,79647890,4591,79652481,1,0,1,512,9,284266590
3518,79699350,103436,79802786,7,0,1,1536,16,9279950847
3519,79706760,600121,80306881,0,0,0,58368,14,1405300885
3520,79725020,435101,80160121,1,0,0,512,9,2679016093
3521,79816030,16953,79832983,8,0,1,28160,7,1717171071
3522,79828560,309828,80138388,1,0,0,4096,9,6329351363
3523,79828630,5019,79833649,8,0,1,1024,7,1999699881
3524,79843630,4679,79848309,8,0,1,12288,7,48285278
3525,79844490,6578,79851068,1,0,1,10240,9,5967720827
3526,79885871,923464,80809335,2,0,0,348160,16,2337450336
3527,79897270,2870,79900140,1,0,1,8704,9,764370495
3528,79905400,448407,80353807,1,0,0,2560,9,9060983721
3529,79909181,24670,79933851,0,0,1,12288,14,749288773
3530,79914310,20617,79934927,1,0,1,1024,9,6207730144
3531,79918810,16783,79935593,8,0,1,1024,7,1262270440
3532,79932540,585153,80517693,6,0,0,305152,12,3224284401
3533,79940840,3422,79944262,5,0,1,3584,18,7813719009
3534,79961210,663379,80624589,0,0,0,166400,14,1798048631
3535,79983160,5802,79988962,5,0,1,6144,18,374890229
3536,80038510,133808,80172318,4,0,1,217088,13,8062811445
3537,80064381,832668,80897049,2,0,0,80384,16,4224140819
3538,80064420,108244,80172664,7,0,1,512,16,1103329290
3539,80067560,932812,81000372,0,0,0,201728,14,3731675018
3540,80096721,910062,81006783,2,0,0,20992,16,501212297
3541,80102850,71440,80174290,1,0,1,2560,9,3367912854
3542,80123931,50615,80174546,0,0,1,9216,14,5623786044
3543,80129891,45219,80175110,0,0,1,10752,14,1505450875
3544,80149210,27206,80176416,8,0,1,2048,7,6378807251
3545,80161891,865687,81027578,2,0,0,68096,16,7992245920
3546,80165600,10970,80176570,5,0,1,8704,18,7409159509
3547,80189140,99912,80289052,1,0,1,25600,9,2688491170
3548,80190650,98417,80289067,8,0,1,2048,7,4372225509
3549,80195650,93432,80289082,7,0,1,11264,16,7881642077
3550,80214721,143077,80357798,0,0,1,5120,14,6669982717
3551,80237991,413358,80651349,2,0,0,512,16,7586356245
3552,80266400,92270,80358670,7,0,1,11264,16,6981103912
3553,80284560,761495,81046055,6,0,0,13312,12,2297944159
3554,80287650,71366,80359016,9,0,1,512,15,8247186621
3555,80305081,59769,80364850,0,0,1,7168,14,3366324879
3556,80306250,110475,80416725,4,0,1,96256,13,9512663574
3557,80309320,108711,80418031,7,0,1,2048,16,800577456
3558,80323700,100437,80424137,1,0,1,20992,9,9905086333
3559,80330221,187487,80517708,0,0,1,5632,14,1362112954
3560,80341180,176575,80517755,9,0,1,16384,15,4003289990
3561,80358381,471633,80830014,8,0,0,67584,7,2009470525
3562,80364210,153560,80517770,4,0,1,5632,13,2195234529
3563,80368040,716367,81084407,7,0,0,35328,16,5484556942
3564,80373250,144535,80517785,7,0,1,6656,16,418113923
3565,80391741,945364,81337105,8,0,0,123392,7,3489298489
3566,80393630,124178,80517808,7,0,1,47104,16,6752397321
3567,80396100,121723,80517823,9,0,1,15360,15,10482531695
3568,80402811,115027,80517838,0,0,1,8192,14,10444361779
3569,80405961,115883,80521844,0,0,1,10752,14,4470098412
3570,80414880,110498,80525378,8,0,1,11264,7,6560238304
3571,80419150,683071,81102221,7,0,0,58368,16,2728914120
3572,80423800,103318,80527118,1,0,1,2560,9,7295190830
3573,80448010,764265,81212275,0,0,0,108032,14,9224896394
3574,80477450,69119,80546569,8,0,1,34304,7,4014733022
3575,80490501,56939,80547440,0,0,1,12288,14,2497473852
3576,80497510,127110,80624620,4,0,1,98816,13,9100513026
3577,80511740,391279,80903019,1,0,0,3072,9,6416163977
3578,80519690,104945,80624635,9,0,1,2048,15,6102439668
3579,80523281,620810,81144091,8,0,0,45568,7,2000814996
3580,80538610,86048,80624658,8,0,1,56320,7,8069499380
3581,80559210,65463,80624673,4,0,1,11776,13,4186969267
3582,80586300,626941,81213241,1,0,0,1024,9,1074352125
3583,80587300,625614,81212914,1,0,0,2048,9,4452869500
3584,80617260,509693,81126953,0,0,0,27648,14,9042559118
3585,80676950,153079,80830029,4,0,1,202240,13,6431423515
3586,80693970,140180,80834150,8,0,1,11264,7,5096297559
3587,80711610,127136,80838746,7,0,1,5632,16,2990290244
3588,80714571,774945,81489516,8,0,0,116736,7,4325666645
3589,80723510,489902,81213412,1,0,0,512,9,4208891247
3590,80754490,84922,80839412,7,0,1,11264,16,6945351826
3591,80762900,88405,80851305,4,0,1,24576,13,8305768494
3592,80767100,86151,80853251,8,0,1,3072,7,1448952013
3593,80776310,120754,80897064,5,0,1,55296,18,6844375503
3594,80782161,371009,81153170,8,0,0,29696,7,9848173577
3595,80824190,72889,80897079,1,0,1,14336,9,819359981
3596,80853150,43944,80897094,1,0,1,3072,9,2686875897
3597,80861620,35489,80897109,1,0,1,10240,9,10717724817
3598,80918711,10241,80928952,0,0,1,16384,14,4647922355
3599,80922599,104994,81027593,6,0,1,117248,12,6383398892
3600,80936970,93052,81030022,8,0,1,2560,7,7632950094
3601,80945151,462856,81408007,2,0,0,1024,16,9798918454
3602,80963881,67767,81031648,0,0,1,2560,14,5974608779
3603,80971050,269592,81240642,7,0,0,19968,16,6230640112
3604,81017770,350556,81368326,1,0,0,5120,9,5307938593
3605,81020020,13254,81033274,8,0,1,2560,7,636045745
3606,81021660,11870,81033530,4,0,1,9216,13,10384699404
3607,81023440,14686,81038126,4,0,1,5632,13,832784700
3608,81054691,399242,81453933,8,0,0,69632,7,4507612267
3609,81067580,16842,81084422,4,0,1,8192,13,2317154543
3610,81091080,16476,81107556,8,0,1,5632,7,9495117480
3611,81099681,390006,81489687,2,0,0,512,16,4009746589
3612,81111471,4850,81116321,0,0,1,5120,14,4555830851
3613,81122600,252488,81375088,1,0,0,3072,9,2321123653
3614,81131460,410034,81541494,6,0,0,169984,12,4186042864
3615,81132911,24122,81157033,0,0,1,10752,14,5504830127
3616,81152100,11568,81163668,5,0,1,7680,18,1926541667
3617,81154901,10073,81164974,0,0,1,2048,14,9914927677
3618,81244920,5712,81250632,5,0,1,14336,18,735728663
3619,81253870,4850,81258720,5,0,1,5120,18,8044972506
3620,81262550,5802,81268352,4,0,1,6144,13,6498498682
3621,81268560,3387,81271947,7,0,1,9728,16,6540027116
3622,81302630,47334,81349964,7,0,1,21504,16,5284900164
3623,81314020,37890,81351910,4,0,1,3072,13,2550309798
3624,81333340,325862,81659202,6,0,0,63488,12,5501552836
3625,81337390,18706,81356096,4,0,1,6656,13,9363475668
3626,81354580,2182,81356762,7,0,1,1024,16,8145673306
3627,81370931,355309,81726240,8,0,0,31232,7,6235765825
3628,81417200,2470,81419670,4,0,1,2560,13,4673771683
3629,81495211,176159,81671370,2,0,0,512,16,8213872428
3630,81503140,352573,81855713,6,0,0,129024,12,2926818605
3631,81506730,36817,81543547,4,0,1,2048,13,6089622606
3632,81508651,35562,81544213,0,0,1,1024,14,3398195332
3633,81546910,3904,81550814,8,0,1,10752,7,6427400530
3634,81570260,3898,81574158,4,0,1,4096,13,10446958249
3635,81576550,425012,82001562,6,0,0,135680,12,7945281728
3636,81616461,403399,82019860,8,0,0,17920,7,1181956368
3637,81630530,28695,81659225,5,0,1,30208,18,2773038085
3638,81640341,32194,81672535,0,0,1,22528,14,3366311958
3639,81670680,3161,81673841,8,0,1,2048,7,597713197
3640,81750190,2470,81752660,8,0,1,2560,7,1704959509
3641,81768270,246099,82014369,7,0,0,41984,16,3702816534
3642,81797340,6278,81803618,7,0,1,6656,16,1412661601
3643,81817200,39088,81856288,8,0,1,512,7,6051972889
3644,81840640,15994,81856634,7,0,1,512,16,2476705164
3645,81855810,301152,82156962,6,0,0,142336,12,10692102788
3646,81869850,20882,81890732,8,0,1,33792,7,5254261519
3647,81891810,4850,81896660,4,0,1,5120,13,3076102262
3648,81980690,42150,82022840,5,0,1,3072,18,5218837481
3649,81984490,41019,82025509,7,0,1,12288,16,10374989059
3650,81989210,38786,82027996,5,0,1,3584,18,9882919214
3651,81990940,509105,82500045,7,0,0,10752,16,4288321530
3652,82011680,710315,82721995,0,0,0,93184,14,5722508094
3653,82020620,363814,82384434,6,0,0,142848,12,5209826853
3654,82021560,475178,82496738,7,0,0,313856,16,9698188601
3655,82048331,643183,82691514,8,0,0,200704,7,7945046151
3656,82108360,729682,82838042,7,0,0,234496,16,1789936862
3657,82116630,461044,82577674,0,0,0,140800,14,4176103694
3658,82126970,41842,82168812,7,0,1,19456,16,4029156627
3659,82137231,32042,82169273,0,0,1,10240,14,9889376187
3660,82139190,30544,82169734,7,0,1,10240,16,3715946272
3661,82160291,16210,82176501,0,0,1,7680,14,4274283449
3662,82169191,7464,82176655,0,0,1,8704,14,7861834066
3663,82191730,34279,82226009,7,0,1,59904,16,7616403298
3664,82236430,1994,82238424,7,0,1,2048,16,2853065384
3665,82243070,350308,82593378,0,0,0,39936,14,9056861417
3666,82271800,420041,82691841,1,0,0,1024,9,4104461572
3667,82281130,10499,82291629,4,0,1,16896,13,1146164306
3668,82310470,1518,82311988,5,0,1,1536,18,8301406411
3669,82395440,326726,82722166,1,0,0,512,9,3908977383
3670,82414030,204608,82618638,1,0,0,4096,9,9613734175
3671,82414250,279338,82693588,7,0,0,5632,16,1793778473
3672,82474440,32152,82506592,7,0,1,15872,16,9733383580
3673,82481180,36068,82517248,7,0,1,20480,16,9818223618
3674,82483250,35624,82518874,4,0,1,2560,13,7974325009
3675,82497201,22019,82519220,0,0,1,512,14,5670928115
3676,82525010,566,82525576,4,0,1,512,13,1208053608
3677,82549590,43811,82593401,7,0,1,11776,16,10632658670
3678,82580500,311581,82892081,6,0,0,56832,12,2357500117
3679,82611190,10757,82621947,7,0,1,17408,16,3899701847
3680,82619281,219914,82839195,2,0,0,2048,16,9812664310
3681,82624231,1042,82625273,0,0,1,1024,14,808754505
3682,82649290,377137,83026427,7,0,0,103424,16,6222679747
3683,82661431,177117,82838548,2,0,0,512,16,5629489454
3684,82710820,353324,83064144,1,0,0,1536,9,5241049968
3685,82714070,125804,82839874,6,0,0,2048,12,8979818604
3686,82714870,123507,82838377,1,0,0,1024,9,8307688386
3687,82771800,72625,82844425,5,0,1,13312,18,9539726733
3688,82788860,59879,82848739,4,0,1,13824,13,9324703917
3689,82812741,764884,83577625,2,0,0,2560,16,3269900637
3690,82831681,20674,82852355,0,0,1,5120,14,2450910222
3691,82834170,21731,82855901,8,0,1,5632,7,6493252789
3692,82840191,385898,83226089,8,0,0,237568,7,9526789916
3693,82849290,497291,83346581,6,0,0,83968,12,5920622995
3694,82851060,376636,83227696,7,0,0,5120,16,1428997231
3695,82869571,613802,83483373,8,0,0,46080,7,1858291752
3696,82911170,3898,82915068,4,0,1,4096,13,8080266587
3697,82913191,331095,83244286,8,0,0,35328,7,10276035037
3698,82938710,2470,82941180,7,0,1,2560,16,3712654036
3699,82964410,5971,82970381,8,0,1,14848,7,2591736095
3700,82973000,1994,82974994,4,0,1,2048,13,1835631483
3701,82973710,1950,82975660,7,0,1,1024,16,182724944
3702,82980031,253476,83233507,8,0,0,17920,7,10404607385
3703,82984800,526060,83510860,6,0,0,90112,12,8350260449
3704,82989350,4162,82993512,8,0,1,11264,7,5066897185
3705,83007360,30400,83037760,1,0,1,18432,9,10432011266
3706,83011171,544188,83555359,2,0,0,1024,16,3557065121
3707,83014380,864460,83878840,7,0,0,364544,16,9047689786
3708,83020881,32103,83052984,0,0,1,33792,14,9802679269
3709,83026651,442667,83469318,8,0,0,139264,7,5027009603
3710,83027560,26410,83053970,1,0,1,1536,9,7939816841
3711,83053700,15062,83068762,4,0,1,29184,13,9692647434
3712,83063450,13858,83077308,1,0,1,23552,9,3673660111
3713,83080691,1042,83081733,0,0,1,1024,14,10301595895
3714,83127510,3898,83131408,4,0,1,4096,13,10060096719
3715,83128190,5164,83133354,8,0,1,3072,7,2916162338
3716,83138739,88972,83227711,6,0,1,52736,12,10017126998
3717,83142560,470753,83613313,1,0,0,4608,9,4165503560
3718,83150420,93881,83244301,7,0,1,3072,16,10529905653
3719,83155870,88446,83244316,5,0,1,2048,18,4054410712
3720,83164411,603302,83767713,8,0,0,64000,7,9040099142
3721,83171901,471563,83643464,8,0,0,55808,7,10020460991
3722,83172241,575474,83747715,8,0,0,76288,7,8243817384
3723,83176611,67720,83244331,0,0,1,9728,14,4222819451
3724,83186800,57546,83244346,8,0,1,6144,7,3539197064
3725,83188790,712140,83900930,0,0,0,72192,14,8883892853
3726,83191860,319507,83511367,7,0,0,1536,16,3257421616
3727,83208130,36231,83244361,5,0,1,2560,18,10552744590
3728,83215950,28434,83244384,7,0,1,4608,16,3082625368
3729,83218060,530138,83748198,1,0,0,1536,9,830690234
3730,83221150,23249,83244399,7,0,1,11264,16,1979726812
3731,83232051,492405,83724456,8,0,0,112128,7,4933181640
3732,83264050,566,83264616,8,0,1,512,7,510436296
3733,83271411,251186,83522597,8,0,0,26624,7,2922366981
3734,83275961,313601,83589562,8,0,0,7168,7,4839825530
3735,83337911,315082,83652993,2,0,0,2560,16,3012742082
3736,83371970,581849,83953819,6,0,0,83456,12,3013724457
3737,83418551,509710,83928261,8,0,0,89600,7,10587560082
3738,83449290,62571,83511861,4,0,1,1024,13,3637795925
3739,83453791,68821,83522612,0,0,1,10240,14,9581868647
3740,83495510,30089,83525599,4,0,1,18432,13,10497102467
3741,83505350,525464,84030814,0,0,0,204800,14,7773642860
3742,83512180,623718,84135898,7,0,0,153088,16,5195301616
3743,83517060,9525,83526585,4,0,1,1536,13,5631475824
3744,83527090,12737,83539827,1,0,1,24576,9,6947608046
3745,83576730,623322,84200052,0,0,0,86528,14,317480874
3746,83584860,2470,83587330,1,0,1,2560,9,686755781
3747,83600220,6754,83606974,5,0,1,7168,18,6109335191
3748,83645859,233052,83878911,6,0,1,329216,12,4817567511
3749,83653169,275107,83928276,6,0,1,8192,12,5779639644
3750,83696771,231544,83928315,0,0,1,4096,14,4970060513
3751,83709640,218690,83928330,5,0,1,512,18,8614527292
3752,83711770,216575,83928345,9,0,1,11776,15,7683106336
3753,83721180,207180,83928360,5,0,1,3584,18,5123391689
3754,83804631,331438,84136069,2,0,0,512,16,4967043129
3755,83836820,117022,83953842,1,0,1,2048,9,6336921697
3756,83856560,97305,83953865,7,0,1,32256,16,10678387487
3757,83871180,82700,83953880,9,0,1,1024,15,3322650683
3758,83877620,76275,83953895,7,0,1,512,16,6591209171
3759,83880501,172868,84053369,2,0,0,2560,16,5224028995
3760,83924809,113438,84038247,6,0,1,140800,12,6682388935
3761,83943610,208067,84151677,1,0,0,2048,9,916441679
3762,83970030,71123,84041153,9,0,1,4608,15,563091635
3763,83971970,231233,84203203,7,0,0,10240,16,4340720228
3764,83985930,61329,84047259,1,0,1,20992,9,4756873801
3765,83992330,223688,84216018,6,0,0,41984,12,2403960812
3766,84013760,203856,84217616,1,0,0,5120,9,9861369183
3767,84023400,315097,84338497,1,0,0,62976,9,6734595160
3768,84031250,16982,84048232,1,0,1,12800,9,2050494610
3769,84065360,3128,84068488,9,0,1,9216,15,2549364877
3770,84077960,2946,84080906,1,0,1,3072,9,383772358
3771,84079820,3032,84082852,7,0,1,3072,16,3048253000
3772,84136670,10499,84147169,4,0,1,16896,13,1538600212
3773,84144710,6982,84151692,1,0,1,7168,9,704089212
3774,84182770,33271,84216041,9,0,1,9728,15,1595214723
3775,84185270,439934,84625204,1,0,0,55808,9,339015857
3776,84203871,274927,84478798,8,0,0,98816,7,5418773214
3777,84311570,168677,84480247,6,0,0,4608,12,5640956925
3778,84311900,198626,84510526,0,0,0,5632,14,6706197617
3779,84345750,31266,84377016,8,0,1,50688,7,7775915358
3780,84351940,26702,84378642,1,0,1,2560,9,4023584904
3781,84356300,448380,84804680,1,0,0,48128,9,10628406768
3782,84367570,320540,84688110,7,0,0,57344,16,1825680928
3783,84373480,13083,84386563,7,0,1,22016,16,8819917242
3784,84376960,10371,84387331,7,0,1,11776,16,2166129452
3785,84390771,234604,84625375,2,0,0,512,16,2827780303
3786,84413140,4850,84417990,1,0,1,5120,9,755627469
3787,84428080,4679,84432759,7,0,1,12288,16,3884348244
3788,84435400,5326,84440726,4,0,1,5632,13,5405764102
3789,84440140,38673,84478813,7,0,1,20480,16,7240008168
3790,84446860,459903,84906763,1,0,0,234496,9,4202333282
3791,84447020,31808,84478828,9,0,1,8704,15,7817849157
3792,84523930,6278,84530208,9,0,1,6656,15,8092726628
3793,84535590,5454,84541044,9,0,1,13824,15,9360403290
3794,84538270,3760,84542030,4,0,1,1536,13,4675587733
3795,84556420,367720,84924140,6,0,0,24576,12,1307165308
3796,84566040,13341,84579381,5,0,1,22528,18,10554066012
3797,84568410,266890,84835300,7,0,0,67584,16,290830216
3798,84569020,11232,84580252,1,0,1,12288,9,8058719586
3799,84569571,134620,84704191,2,0,0,3072,16,10044291544
3800,84589010,327611,84916621,7,0,0,31744,16,10468318789
3801,84591090,12566,84603656,7,0,1,20992,16,2052000194
3802,84597050,343377,84940427,7,0,0,53248,16,8238480329
3803,84627270,1042,84628312,9,0,1,1024,15,3272443977
3804,84627651,312955,84940606,2,0,0,512,16,9009206534
3805,84635230,3898,84639128,4,0,1,4096,13,8884883465
3806,84641590,7230,84648820,1,0,1,7680,9,8016570550
3807,84653860,7230,84661090,1,0,1,7680,9,4137982566
3808,84688100,1044,84689144,8,0,1,1024,7,9034290347
3809,84690360,3898,84694258,5,0,1,4096,18,4736354115
3810,84714961,191973,84906934,2,0,0,512,16,9852973830
3811,84725230,3422,84728652,1,0,1,3584,9,7083412639
3812,84736170,1518,84737688,7,0,1,1536,16,2251943641
3813,84749320,12049,84761369,8,0,1,19968,7,4991040911
3814,84749530,17714,84767244,7,0,1,19456,16,5316117666
3815,84758050,388756,85146806,6,0,0,248320,12,6836603454
3816,84849700,90945,84940645,8,0,1,10752,7,4640969056
3817,84861999,99067,84961066,6,0,1,55296,12,1593743978
3818,84891200,388260,85279460,6,0,0,190976,12,8649605124
3819,84899800,62572,84962372,7,0,1,2048,16,7008295509
3820,84913720,49318,84963038,8,0,1,1024,7,2707317259
3821,84916600,48026,84964626,1,0,1,15872,9,9057855820
3822,84919121,228339,85147460,2,0,0,512,16,7839585968
3823,84946890,523162,85470052,6,0,0,132096,12,9318914603
3824,84973779,52291,85026070,6,0,1,84992,12,4591021178
3825,84988410,38326,85026736,9,0,1,1024,15,7727421903
3826,85002370,144919,85147289,6,0,0,1536,12,6284000845
3827,85045100,6488,85051588,5,0,1,15872,18,4711905361
3828,85048930,365766,85414696,0,0,0,258560,14,5070006314
3829,85139870,12795,85152665,1,0,1,13312,9,5824213786
3830,85147230,5781,85153011,9,0,1,512,15,4086956506
3831,85173370,2870,85176240,8,0,1,8704,7,9439630433
3832,85178540,409173,85587713,1,0,0,52736,9,1841053404
3833,85182519,26479,85208998,6,0,1,48128,12,10028711561
3834,85226630,254643,85481273,6,0,0,3072,12,7744588776
3835,85249989,53797,85303786,6,0,1,40448,12,10639231617
3836,85252330,420133,85672463,7,0,0,102912,16,9010166468
3837,85264300,487730,85752030,0,0,0,87552,14,3885290430
3838,85269800,35062,85304862,8,0,1,13312,7,6568829963
3839,85303220,240219,85543439,6,0,0,1024,12,5820372955
3840,85307949,106786,85414735,6,0,1,88064,12,9499088324
3841,85323370,91380,85414750,9,0,1,9728,15,8712423731
3842,85337610,80633,85418243,5,0,1,3584,18,1740917747
3843,85339961,350423,85690384,8,0,0,16896,7,1999133326
3844,85349760,70315,85420075,9,0,1,11264,15,3915661060
3845,85390800,33871,85424671,5,0,1,5632,18,4679536551
3846,85401650,482551,85884201,7,0,0,92672,16,2529872718
3847,85409070,60997,85470067,8,0,1,19968,7,6135392041
3848,85415530,54552,85470082,1,0,1,1024,9,4548663526
3849,85420860,405106,85825966,1,0,0,52736,9,4417623043
3850,85446970,25974,85472944,5,0,1,8704,18,2520107607
3851,85498540,6488,85505028,5,0,1,15872,18,30961545
3852,85534560,7706,85542266,8,0,1,8192,7,9423440747
3853,85548130,416765,85964895,0,0,0,129536,14,10055349020
3854,85553920,119978,85673898,6,0,0,4608,12,9401952376
3855,85584100,187141,85771241,7,0,0,32768,16,7313998543
3856,85584650,18934,85603584,1,0,1,30720,9,4993599926
3857,85586901,297479,85884380,2,0,0,512,16,8242535935
3858,85646500,31802,85678302,8,0,1,11776,7,5675207632
3859,85651750,39061,85690811,5,0,1,22528,18,761543467
3860,85659620,45855,85705475,8,0,1,34304,7,1824192893
3861,85695040,16132,85711172,5,0,1,18944,18,6829866825
3862,85711370,6278,85717648,3,0,1,6656,3,10354791305
3863,85740480,16910,85757390,5,0,1,5632,18,9671118812
3864,85748410,834151,86582561,7,0,0,326656,16,2533566529
3865,85751110,155458,85906568,6,0,0,512,12,9857788630
3866,85771851,371166,86143017,8,0,0,180224,7,3717165116
3867,85787860,371864,86159724,0,0,0,54784,14,7976030341
3868,85805110,3387,85808497,8,0,1,9728,7,201947015
3869,85813340,19865,85833205,1,0,1,7680,9,7086304712
3870,85823370,512767,86336137,0,0,0,61952,14,10349864927
3871,85842090,4420,85846510,5,0,1,11776,18,5508087614
3872,85861280,775116,86636396,7,0,0,176640,16,9699062185
3873,85910541,425767,86336308,2,0,0,512,16,1670478927
3874,85926900,40474,85967374,5,0,1,2560,18,4660197708
3875,85927259,61633,85988892,6,0,1,38400,12,6247874975
3876,85972500,18658,85991158,5,0,1,3584,18,3875388681
3877,85976650,185681,86162331,6,0,0,512,12,9279735928
3878,85985660,465328,86450988,0,0,0,71680,14,9158713981
3879,85990500,421427,86411927,1,0,0,92672,9,6096667942
3880,86003300,4850,86008150,5,0,1,5120,18,2966500661
3881,86023721,639266,86662987,8,0,0,87040,7,9349980985
3882,86027480,1518,86028998,1,0,1,1536,9,5336090134
3883,86043410,680371,86723781,7,0,0,43520,16,7648805491
3884,86044210,767909,86812119,0,0,0,105472,14,7153032722
3885,86045790,11791,86057581,1,0,1,19456,9,9563310093
3886,86047880,11327,86059207,1,0,1,2560,9,4516208237
3887,86055781,395534,86451315,2,0,0,1024,16,44610795
3888,86061490,566,86062056,9,0,1,512,15,988042646
3889,86065891,1060026,87125917,8,0,0,347136,7,2093313654
3890,86108960,745287,86854247,1,0,0,47104,9,6793055750
3891,86137620,822506,86960126,1,0,0,133120,9,7681311331
3892,86161360,12995,86174355,1,0,1,25088,9,8779600526
3893,86190631,668155,86858786,8,0,0,14848,7,5674031235
3894,86209321,603281,86812602,2,0,0,1536,16,7101571665
3895,86213731,649797,86863528,8,0,0,15360,7,10135855995
3896,86270660,4679,86275339,1,0,1,12288,9,8924382749
3897,86292069,14287,86306356,6,0,1,27648,12,1518113260
3898,86294190,12627,86306817,5,0,1,10240,18,1383111057
3899,86307910,3422,86311332,8,0,1,3584,7,3815905706
3900,86341711,322071,86663782,2,0,0,2560,16,4117092023
3901,86373310,1518,86374828,8,0,1,1536,7,1847733299
3902,86400920,14686,86415606,1,0,1,10240,9,6269758943
3903,86405250,434615,86839865,0,0,0,77312,14,1965169877
3904,86410160,476067,86886227,7,0,0,7168,16,669273057
3905,86432130,25497,86457627,8,0,1,6656,7,1259020377
3906,86438500,481051,86919551,1,0,0,95744,9,7790221469
3907,86448439,218454,86666893,6,0,1,345600,12,9500012927
3908,86452450,774300,87226750,0,0,0,28672,14,241312550
3909,86484290,187749,86672039,7,0,1,8192,16,528003066
3910,86487320,184975,86672295,5,0,1,9216,18,2011807765
3911,86566290,115063,86681353,1,0,1,20480,9,629146226
3912,86579090,552735,87131825,1,0,0,17920,9,2944045813
3913,86596401,688337,87284738,8,0,0,58368,7,5192833368
3914,86615420,535067,87150487,7,0,0,43520,16,4795272517
3915,86638870,44749,86683619,1,0,1,3584,9,5730102900
3916,86658060,26225,86684285,5,0,1,1024,18,6312875247
3917,86663730,551385,87215115,1,0,0,36864,9,10677990149
3918,86718610,10875,86729485,1,0,1,14336,9,8098675573
3919,86754340,5196,86759536,7,0,1,13312,16,6738374682
3920,86754370,543222,87297592,1,0,0,28160,9,8132732710
3921,86770100,4850,86774950,8,0,1,5120,7,1726902534
3922,86776840,349412,87126252,6,0,0,1024,12,6848677779
3923,86779660,712997,87492657,1,0,0,317440,9,1827566123
3924,86794480,45400,86839880,5,0,1,4608,18,3224821496
3925,86795249,63552,86858801,6,0,1,24576,12,5876114445
3926,86832800,33182,86865982,5,0,1,2560,18,5917995400
3927,86838791,364276,87203067,2,0,0,1024,16,3750236531
3928,86839180,28748,86867928,1,0,1,3072,9,4875955164
3929,86849179,170107,87019286,6,0,1,249856,12,1148415791
3930,86851450,274817,87126267,1,0,1,6656,9,4122471955
3931,86862580,263702,87126282,5,0,1,12288,18,5023658304
3932,86868980,257317,87126297,5,0,1,13312,18,10394559778
3933,86871630,254682,87126312,5,0,1,25600,18,10709185631
3934,86920581,377650,87298231,2,0,0,2048,16,1317556298
3935,86929140,197187,87126327,8,0,1,2560,7,9348852220
3936,86988890,137452,87126342,5,0,1,7680,18,10136769578
3937,87020630,111745,87132375,5,0,1,512,18,7506128646
3938,87039160,111342,87150502,5,0,1,6656,18,4884057182
3939,87066480,426690,87493170,6,0,0,512,12,9365863295
3940,87132350,361467,87493817,6,0,0,2048,12,7677782596
3941,87140530,14384,87154914,1,0,1,11776,9,107963189
3942,87153490,3587,87157077,8,0,1,3072,7,10095176629
3943,87163330,329669,87492999,6,0,0,1024,12,2868735341
3944,87186860,6278,87193138,7,0,1,6656,16,5427487969
3945,87187470,9214,87196684,7,0,1,5632,16,2784612778
3946,87210110,345629,87555739,1,0,0,47104,9,4344003714
3947,87227160,4420,87231580,5,0,1,11776,18,7403175412
3948,87254850,6278,87261128,8,0,1,6656,7,4460424174
3949,87254930,9424,87264354,7,0,1,5120,16,1844600661
3950,87259441,235219,87494660,2,0,0,2560,16,8444033494
3951,87306029,64742,87370771,6,0,1,105984,12,7300604374
3952,87331270,41767,87373037,5,0,1,3584,18,8129966340
3953,87393730,98942,87492672,8,0,1,9216,7,5952468022
3954,87412070,90255,87502325,1,0,1,8192,9,4522747459
3955,87438340,142125,87580465,6,0,0,512,12,7331191194
3956,87443260,598891,88042151,1,0,0,158720,9,9993702399
3957,87454580,48104,87502684,1,0,1,9728,9,5089634013
3958,87469941,100216,87570157,8,0,0,2560,7,3551382452
3959,87474029,39303,87513332,6,0,1,25600,12,5479881276
3960,87487680,420745,87908425,1,0,0,198144,9,6427080213
3961,87505909,156368,87662277,6,0,1,250368,12,7081757467
3962,87507750,155910,87663660,8,0,1,14848,7,6566310870
3963,87512150,155056,87667206,5,0,1,5632,18,9734659428
3964,87526900,141177,87668077,7,0,1,12288,16,10242765750
3965,87548540,119896,87668436,1,0,1,9728,9,6699599293
3966,87584099,99788,87683887,6,0,1,57344,12,8571236562
3967,87596200,92974,87689174,5,0,1,25088,18,10642735461
3968,87640000,353167,87993167,7,0,0,56832,16,90610568
3969,87643971,185926,87829897,2,0,0,512,16,724383871
3970,87663350,32033,87695383,1,0,1,21504,9,8533242973
3971,87675380,544469,88219849,6,0,0,4608,12,2740310105
3972,87687809,111491,87799300,6,0,1,180224,12,5671306254
3973,87714880,89246,87804126,1,0,1,7680,9,3103419775
3974,87716361,192407,87908768,2,0,0,1024,16,542832845
3975,87720091,410050,88130141,8,0,0,153600,7,2563101034
3976,87748091,213405,87961496,2,0,0,1024,16,9196015670
3977,87762120,48419,87810539,1,0,1,22528,9,6011030849
3978,87785331,257787,88043118,2,0,0,3072,16,10534461338
3979,87804280,392117,88196397,1,0,0,48128,9,3477080444
3980,87835751,295037,88130788,2,0,0,2048,16,768047354
3981,87880841,475838,88356679,8,0,0,89600,7,3166301160
3982,87891120,469162,88360282,1,0,0,11776,9,9491058392
3983,87903791,396889,88300680,8,0,0,136192,7,3417701091
3984,87914961,515666,88430627,8,0,0,28672,7,8578135553
3985,87927360,601829,88529189,1,0,0,109056,9,3856993879
3986,87930570,301255,88231825,6,0,0,3584,12,6407888958
3987,87936230,3645,87939875,8,0,1,10240,7,5827940841
3988,87951349,125404,88076753,6,0,1,207360,12,4708413317
3989,88022470,54629,88077099,2,0,1,512,16,6196051177
3990,88031971,460976,88492947,8,0,0,18432,7,2074885287
3991,88041479,36900,88078379,6,0,1,14336,12,8282243504
3992,88044301,280630,88324931,8,0,0,79360,7,1078555832
3993,88082080,48723,88130803,7,0,1,16896,16,3005712518
3994,88086470,47739,88134209,7,0,1,3584,16,3196832442
3995,88094570,41213,88135783,7,0,1,10752,16,1456460507
3996,88169920,203145,88373065,1,0,0,7680,9,5953209789
3997,88185760,17383,88203143,5,0,1,7168,18,2502789932
3998,88201709,126696,88328405,6,0,1,209920,12,7718564144
3999,88219700,474704,88694404,1,0,0,18944,9,4243295016
4000,88243469,116836,88360305,6,0,1,51712,12,9764030661
4001,88252950,107370,88360320,5,0,1,15360,18,3754475135
4002,88261030,99305,88360335,1,0,1,9728,9,5298415984
4003,88263660,96690,88360350,7,0,1,9216,16,4979689637
4004,88266220,94204,88360424,5,0,1,2560,18,4000370651
4005,88274070,89260,88363330,8,0,1,4608,7,4524230416
4006,88300110,63886,88363996,5,0,1,1024,18,6875721519
4007,88355351,175361,88530712,2,0,0,2560,16,9515787002
4008,88429550,283432,88712982,6,0,0,1536,12,814637169
4009,88455630,134723,88590353,6,0,0,512,12,10625779223
4010,88458270,5971,88464241,4,0,1,14848,13,5232953512
4011,88475960,11016,88486976,7,0,1,17920,16,8069004705
4012,88491020,38184,88529204,5,0,1,11264,18,9429221570
4013,88504769,108339,88613108,6,0,1,139776,12,9145470633
4014,88523730,447676,88971406,7,0,0,46080,16,2754044523
4015,88523750,95976,88619726,4,0,1,31744,13,5152747460
4016,88575950,331010,88906960,7,0,0,67584,16,420664733
4017,88592201,127551,88719752,8,0,0,6144,7,7047051183
4018,88592830,27562,88620392,1,0,1,11264,9,956457057
4019,88611921,180936,88792857,2,0,0,1024,16,496612999
4020,88618860,3478,88622338,4,0,1,3072,13,4288017221
4021,88669901,303741,88973642,2,0,0,5632,16,5451554957
4022,88678700,5802,88684502,1,0,1,6144,9,4299549813
4023,88713730,21658,88735388,5,0,1,35328,18,4044166452
4024,88719110,16739,88735849,4,0,1,10240,13,1926977800
4025,88733441,183657,88917098,2,0,0,2560,16,8712107327
4026,88761949,4374,88766323,6,0,1,4608,12,9982013861
4027,88768080,2946,88771026,7,0,1,3072,16,7188691961
4028,88771350,2470,88773820,1,0,1,2560,9,8158524523
4029,88803190,82417,88885607,6,0,0,1536,12,9457380373
4030,88808680,13770,88822450,7,0,1,26624,16,4483891760
4031,88812090,11640,88823730,5,0,1,14336,18,5988340176
4032,88813240,218122,89031362,6,0,0,512,12,5741526480
4033,88817890,9356,88827246,4,0,1,14848,13,4008864171
4034,88823210,7972,88831182,7,0,1,5632,16,6090164837
4035,88826969,80014,88906983,6,0,1,125440,12,5157509458
4036,88842681,189476,89032157,2,0,0,2560,16,7293237141
4037,88864161,144752,89008913,2,0,0,512,16,7690212537
4038,88868370,38628,88906998,7,0,1,6144,16,5708311966
4039,88896769,52099,88948868,6,0,1,68096,12,8402820729
4040,88909990,40184,88950174,5,0,1,2048,18,312697263
4041,88911980,196480,89108460,1,0,0,17408,9,167583888
4042,88933400,16928,88950328,1,0,1,8704,9,2029323456
4043,88946980,43200,88990180,5,0,1,70656,18,6798614006
4044,88972420,398956,89371376,6,0,0,218112,12,4202940084
4045,89074311,184577,89258888,2,0,0,512,16,3141666054
4046,89101240,7235,89108475,4,0,1,12288,13,1269729403
4047,89148029,4374,89152403,6,0,1,4608,12,624237852
4048,89154310,5971,89160281,5,0,1,14848,18,4941793908
4049,89158390,6771,89165161,7,0,1,6656,16,4605467037
4050,89187470,4374,89191844,4,0,1,4608,13,2264872551
4051,89195860,283739,89479599,1,0,0,57344,9,3341414401
4052,89201330,3898,89205228,1,0,1,4096,9,750095938
4053,89207380,197377,89404757,6,0,0,25600,12,2135319120
4054,89251340,2946,89254286,1,0,1,3072,9,928287056
4055,89283140,13600,89296740,7,0,1,23040,16,6953386479
4056,89287120,16601,89303721,5,0,1,26112,18,5614713289
4057,89307110,74849,89381959,5,0,1,16896,18,4103195873
4058,89308021,191330,89499351,2,0,0,512,16,1894741502
4059,89335389,115827,89451216,6,0,1,121856,12,5447507698
4060,89360271,164404,89524675,2,0,0,2560,16,5988215007
4061,89367869,111753,89479622,6,0,1,96768,12,5255877946
4062,89384180,96350,89480530,1,0,1,3584,9,8699150284
4063,89403879,88505,89492384,6,0,1,48640,12,7919389168
4064,89411250,82619,89493869,7,0,1,15360,16,3234320240
4065,89446730,53450,89500180,1,0,1,30208,9,1708830788
4066,89489890,11596,89501486,4,0,1,2048,13,7668970104
4067,89500170,5198,89505368,1,0,1,13312,9,2148819388
4068,89505430,566,89505996,5,0,1,512,18,5267858436
4069,89510720,3422,89514142,7,0,1,3584,16,6433507106
4070,89524500,1209,89525709,1,0,1,1024,9,10568567569
4071,89545870,3128,89548998,4,0,1,9216,13,4322397162
4072,89553010,1994,89555004,7,0,1,2048,16,8210968759
4073,89567750,553850,90121600,1,0,0,156160,9,1451179993
4074,89570370,11791,89582161,5,0,1,19456,18,473545958
4075,89597069,44233,89641302,6,0,1,72704,12,2093763916
4076,89624400,23418,89647818,5,0,1,23040,18,5988665100
4077,89638480,303244,89941724,6,0,0,118784,12,2043911556
4078,89640949,43200,89684149,6,0,1,70656,12,9337173789
4079,89660359,48654,89709013,6,0,1,80384,12,10352479480
4080,89666650,43951,89710601,5,0,1,15872,18,8920379744
4081,89680519,55053,89735572,6,0,1,74752,12,8811921576
4082,89742210,11016,89753226,4,0,1,17920,13,8332072645
4083,89772170,5326,89777496,4,0,1,5632,13,8887218664
4084,89774190,4612,89778802,5,0,1,2048,18,1223226753
4085,89787860,14117,89801977,5,0,1,24064,18,7110136436
4086,89800740,12566,89813306,7,0,1,20992,16,3264432505
4087,89829380,10757,89840137,1,0,1,17408,9,4324455624
4088,89875440,10499,89885939,1,0,1,16896,9,1378273261
4089,89890660,13770,89904430,5,0,1,26624,18,2468152849
4090,89913350,33604,89946954,7,0,1,13312,16,7779762908
4091,89939221,311283,90250504,2,0,0,512,16,9175825546
4092,89941011,530787,90471798,5,0,0,51712,18,10140397685
4093,89955110,3898,89959008,5,0,1,4096,18,10338854256
4094,89956820,7230,89964050,7,0,1,7680,16,3395877636
4095,89996370,14287,90010657,1,0,1,27648,9,10281527981
4096,90011899,109732,90121631,6,0,1,177152,12,6059534560
4097,90069621,145500,90215121,8,0,0,2560,7,9293469464
4098,90093200,33743,90126943,7,0,1,5632,16,9545797207
4099,90098649,141771,90240420,6,0,1,194560,12,5854257033
4100,90144591,365572,90510163,8,0,0,4608,7,6570279168
4101,90150961,148048,90299009,2,0,0,2560,16,5432877994
4102,90152750,88746,90241496,7,0,1,13312,16,2265583071
4103,90179140,63022,90242162,4,0,1,1024,13,141985706
4104,90240780,257057,90497837,6,0,0,51200,12,9297677959
4105,90267569,74350,90341919,6,0,1,121344,12,457322000
4106,90307360,36825,90344185,1,0,1,3584,9,4207520821
4107,90330540,13799,90344339,1,0,1,8704,9,8792959282
4108,90340870,3930,90344800,2,0,1,10240,16,7169561863
4109,90351530,282074,90633604,6,0,0,109056,12,3836756728
4110,90358750,1518,90360268,7,0,1,1536,16,5816335489
4111,90390841,5712,90396553,0,0,1,14336,14,10243381866
4112,90467521,168282,90635803,8,0,0,7168,7,2523701429
4113,90475081,289728,90764809,2,0,0,512,16,8444037744
4114,90529850,566,90530416,4,0,1,512,13,7237190590
4115,90533900,7230,90541130,1,0,1,7680,9,3731899753
4116,90552539,15321,90567860,6,0,1,29696,12,491598854
4117,90559001,104937,90663938,2,0,0,1024,16,7891830965
4118,90623720,16495,90640215,7,0,1,11776,16,8495426655
4119,90662511,187507,90850018,2,0,0,2560,16,288354361
4120,90722560,200748,90923308,6,0,0,52736,12,10409525654
4121,90723620,114682,90838302,6,0,0,17920,12,5271264135
4122,90738220,3422,90741642,1,0,1,3584,9,4145362830
4123,90771201,152754,90923955,5,0,0,2048,18,1084885683
4124,90781420,21916,90803336,1,0,1,35840,9,3544481359
4125,90913240,21973,90935213,1,0,1,18432,9,2515060830
4126,90918290,26327,90944617,1,0,1,29184,9,7313977916
4127,90950521,57215,91007736,8,0,0,1024,7,8499814934
4128,90951101,177160,91128261,8,0,0,1536,7,797660250
4129,90979850,1042,90980892,1,0,1,1024,9,5430058416
4130,90985761,103460,91089221,5,0,0,2048,18,3954911071
4131,91052971,69621,91122592,2,0,0,2048,16,2442717597
4132,91103320,252537,91355857,6,0,0,222720,12,1085182545
4133,91125541,98981,91224522,2,0,0,1024,16,2654800393
4134,91133571,135651,91269222,2,0,0,1536,16,6411175325
4135,91152151,113687,91265838,2,0,0,512,16,9521846626
4136,91245841,110397,91356238,8,0,0,1024,7,10033230597
4137,91266620,89252,91355872,7,0,1,46080,16,6204925542
4138,91280490,75405,91355895,7,0,1,37376,16,7109645788
4139,91301461,300242,91601703,2,0,0,57344,16,8205460194
4140,91321340,45614,91366954,4,0,1,17408,13,4468604366
4141,91329870,39350,91369220,4,0,1,3584,13,7833438816
4142,91382431,266126,91648557,5,0,0,149504,18,9370625977
4143,91457710,12049,91469759,7,0,1,19968,16,7160464801
4144,91522460,138451,91660911,6,0,0,40448,12,1677891046
4145,91532741,219132,91751873,2,0,0,66048,16,6750439926
4146,91576140,244464,91820604,6,0,0,130048,12,9137220025
4147,91587360,61212,91648572,7,0,1,6656,16,8193930483
4148,91645430,21275,91666705,7,0,1,6144,16,6640252543
4149,91666571,166716,91833287,8,0,0,41472,7,3280602375
4150,91693459,184433,91877892,6,0,1,299008,12,3345699696
4151,91717821,569488,92287309,2,0,0,30720,16,8115982083
4152,91719581,769122,92488703,8,0,0,107008,7,10363085719
4153,91747990,200276,91948266,4,0,1,190464,13,5998633576
4154,91759631,618561,92378192,5,0,0,192000,18,2294887367
4155,91828160,172716,92000876,4,0,1,169984,13,4138207462
4156,91845469,172189,92017658,6,0,1,55808,12,5070915505
4157,91848899,215008,92063907,6,0,1,155648,12,7923075804
4158,91958950,105623,92064573,7,0,1,1024,16,2353535327
4159,92005061,541536,92546597,8,0,0,46080,7,8841682019
4160,92005540,60518,92066058,7,0,1,15360,16,6366960078
4161,92016720,49697,92066417,7,0,1,9728,16,8013920544
4162,92066490,447500,92513990,6,0,0,82944,12,10458278992
4163,92094780,5326,92100106,2,0,1,5632,16,263000921
4164,92115340,291355,92406695,6,0,0,45056,12,745142737
4165,92137071,117675,92254746,8,0,0,8192,7,2780241498
4166,92151199,2470,92153669,6,0,1,2560,12,5652346758
4167,92165660,11791,92177451,7,0,1,19456,16,5751204014
4168,92196331,259753,92456084,5,0,0,93696,18,3620087616
4169,92208910,13858,92222768,7,0,1,23552,16,1384436121
4170,92223410,385022,92608432,6,0,0,110592,12,2420711291
4171,92245170,23466,92268636,4,0,1,38912,13,3203770357
4172,92262499,6291,92268790,6,0,1,8704,12,1205029771
4173,92293231,235629,92528860,8,0,0,10752,7,7602309374
4174,92308860,74091,92382951,4,0,1,120832,13,2926154650
4175,92323601,433696,92757297,5,0,0,83968,18,110211697
4176,92395860,11886,92407746,3,0,1,1024,3,4590389925
4177,92399869,174601,92574470,6,0,1,275968,12,2445900662
4178,92408900,199547,92608447,3,0,1,12288,3,2038430960
4179,92409069,199393,92608462,6,0,1,91136,12,3272259955
4180,92447411,439343,92886754,8,0,0,4608,7,1301197229
4181,92454610,158506,92613116,7,0,1,40448,16,8671063310
4182,92473251,389678,92862929,8,0,0,201728,7,10425992429
4183,92523599,141001,92664600,6,0,1,164352,12,1613120574
4184,92558499,138282,92696781,6,0,1,104960,12,8150976429
4185,92572011,390714,92962725,2,0,0,61440,16,6218400418
4186,92607649,149663,92757312,6,0,1,142848,12,2577286431
4187,92615841,567116,93182957,5,0,0,81920,18,6332352701
4188,92638680,118647,92757327,7,0,1,12800,16,10717895583
4189,92681171,388472,93069643,8,0,0,77312,7,5970169181
4190,92776979,11533,92788512,6,0,1,18944,12,6634216466
4191,92824451,43191,92867642,0,0,1,12288,14,4026686051
4192,92841451,542076,93383527,2,0,0,14336,16,3319416852
4193,92848700,23809,92872509,3,0,1,6144,3,6186300060
4194,92900991,2870,92903861,0,0,1,8704,14,4819121399
4195,92906041,4162,92910203,0,0,1,11264,14,5249377174
4196,92954950,12183,92967133,3,0,1,4608,3,2621348317
4197,92956231,374585,93330816,8,0,0,60416,7,8747140602
4198,92956251,18928,92975179,0,0,1,17920,14,637244122
4199,92984430,4374,92988804,3,0,1,4608,3,5531849614
4200,93011440,503890,93515330,6,0,0,95744,12,9237218709
4201,93041250,28408,93069658,3,0,1,6656,3,10340001194
4202,93058541,13170,93071711,0,0,1,2048,14,4605535202
4203,93063070,29187,93092257,7,0,1,35840,16,9410479050
4204,93064330,300117,93364447,6,0,0,7168,12,6587745527
4205,93066930,902303,93969233,6,0,0,181760,12,4573228134
4206,93114731,3898,93118629,0,0,1,4096,14,8476765263
4207,93116431,369688,93486119,5,0,0,96768,18,6459299592
4208,93130711,1994,93132705,0,0,1,2048,14,3915045392
4209,93137560,455287,93592847,6,0,0,124416,12,1991835311
4210,93143970,566,93144536,3,0,1,512,3,9925959691
4211,93210490,305027,93515517,6,0,0,512,12,9946182330
4212,93214400,2946,93217346,7,0,1,3072,16,973699263
4213,93279481,712582,93992063,8,0,0,53760,7,9607102130
4214,93281380,803143,94084523,6,0,0,160768,12,6302616931
4215,93315420,25887,93341307,3,0,1,16896,3,8787766000
4216,93372550,10992,93383542,7,0,1,8192,16,9518440494
4217,93385971,792350,94178321,2,0,0,240640,16,3157649533
4218,93458631,811331,94269962,2,0,0,242176,16,5256825306
4219,93468211,507441,93975652,2,0,0,20992,16,6374279147
4220,93471900,46801,93518701,3,0,1,9728,3,6658029367
4221,93483460,703456,94186916,6,0,0,28160,12,2855391093
4222,93508491,788966,94297457,5,0,0,90112,18,7322961564
4223,93517141,831235,94348376,8,0,0,166912,7,2874181050
4224,93556611,823966,94380577,4,0,0,512,13,2381796265
4225,93566340,30445,93596785,7,0,1,10752,16,3724155326
4226,93566470,41220,93607690,7,0,1,18944,16,10146644432
4227,93596700,12936,93609636,7,0,1,3072,16,4319356276
4228,93598830,778725,94377555,6,0,0,82432,12,5432765497
4229,93633931,5454,93639385,0,0,1,13824,14,3170121620
4230,93652260,700118,94352378,6,0,0,7680,12,2800778704
4231,93709090,760406,94469496,6,0,0,17920,12,5227297436
4232,93709280,4679,93713959,7,0,1,12288,16,3683836414
4233,93789841,674164,94464005,5,0,0,184320,18,7593339344
4234,93857061,339082,94196143,2,0,0,30208,16,8565801751
4235,93917010,78165,93995175,3,0,1,9216,3,1185046753
4236,93931921,475909,94407830,2,0,0,70144,16,10254672099
4237,93943060,56169,93999229,3,0,1,4608,3,5465412438
4238,93969149,115421,94084570,6,0,1,146432,12,8941994558
4239,94002361,475760,94478121,5,0,0,28160,18,6498179708
4240,94025001,66077,94091078,0,0,1,15872,14,6514633429
4241,94059841,576531,94636372,5,0,0,395776,18,6454606623
4242,94078200,271759,94349959,6,0,0,5120,12,7967956007
4243,94111370,241023,94352393,3,0,1,4608,3,2916997827
4244,94126961,225463,94352424,0,0,1,18432,14,8280042700
4245,94132480,507339,94639819,6,0,0,11264,12,3169837184
4246,94139030,330481,94469511,4,0,1,171008,13,3865740957
4247,94152671,316855,94469526,0,0,1,512,14,3707874727
4248,94154981,360772,94515753,2,0,0,22528,16,1556514113
4249,94176439,301697,94478136,6,0,1,66048,12,1065994189
4250,94194309,445549,94639858,6,0,1,178688,12,5857417554
4251,94194991,444890,94639881,0,0,1,1536,14,9652272926
4252,94213930,425974,94639904,3,0,1,23040,3,104291806
4253,94230440,409479,94639919,3,0,1,19456,3,7729624329
4254,94256310,383632,94639942,5,0,1,27648,18,10281670688
4255,94290201,349756,94639957,0,0,1,26112,14,8422773947
4256,94293091,346881,94639972,0,0,1,19968,14,5290349596
4257,94304271,335716,94639987,0,0,1,22528,14,3904605129
4258,94329800,628141,94957941,6,0,0,52224,12,480224359
4259,94342130,297880,94640010,4,0,1,31744,13,6644374298
4260,94356030,290026,94646056,3,0,1,6656,3,10427554621
4261,94451140,199742,94650882,3,0,1,7680,3,7791522003
4262,94456920,231630,94688550,4,0,1,76288,13,4814117019
4263,94474051,463729,94937780,2,0,0,53248,16,10088565249
4264,94476641,217401,94694042,0,0,1,26112,14,9986896028
4265,94534491,165248,94699739,0,0,1,27136,14,636755198
4266,94546060,154140,94700200,3,0,1,10240,3,487098712
4267,94569551,765093,95334644,8,0,0,62464,7,5748464088
4268,94579729,141296,94721025,6,0,1,59392,12,67210198
4269,94612640,110011,94722651,3,0,1,2560,3,10369846925
4270,94613691,109831,94723522,0,0,1,12288,14,4569701720
4271,94623690,474479,95098169,6,0,0,77312,12,944149600
4272,94657810,412685,95070495,6,0,0,133632,12,2181592219
4273,94715429,8452,94723881,6,0,1,9728,12,9225232457
4274,94726641,445774,95172415,5,0,0,158720,18,3511313418
4275,94740939,44492,94785431,6,0,1,73216,12,111588006
4276,94745421,733730,95479151,2,0,0,91136,16,7133551471
4277,94748030,37862,94785892,3,0,1,10240,3,7403631849
4278,94771081,544516,95315597,2,0,0,104960,16,8012580892
4279,94774661,197380,94972041,8,0,0,12800,7,9142587828
4280,94775311,82210,94857521,8,0,0,1024,7,4303729726
4281,94794870,484970,95279840,6,0,0,89600,12,1268172098
4282,94803030,4937,94807967,5,0,1,12800,18,5749403312
4283,94814870,3904,94818774,3,0,1,10752,3,6096957695
4284,94832441,7230,94839671,0,0,1,7680,14,5441630950
4285,94837800,6278,94844078,3,0,1,6656,3,10016725843
4286,94858959,26479,94885438,6,0,1,48128,12,4826390342
4287,94882790,4274,94887064,3,0,1,2560,3,10238582798
4288,94901390,442705,95344095,6,0,0,30720,12,7155998998
4289,94978870,3645,94982515,3,0,1,10240,3,7845659420
4290,95005231,568231,95573462,5,0,0,58368,18,6775548007
4291,95021560,4850,95026410,7,0,1,5120,16,9678503954
4292,95046840,27562,95074402,9,0,1,4096,15,1684346852
4293,95053370,44814,95098184,3,0,1,3072,3,50106613
4294,95082461,16757,95099218,0,0,1,1024,14,2304680939
4295,95126210,69730,95195940,4,0,1,38912,13,7427098002
4296,95157259,40947,95198206,6,0,1,3584,12,10464737530
4297,95163860,36932,95200792,4,0,1,4096,13,6232162386
4298,95170981,651931,95822912,8,0,0,207360,7,10058285658
4299,95197929,44492,95242421,6,0,1,73216,12,5329084571
4300,95203520,44086,95247606,8,0,1,24576,7,7022152790
4301,95217170,62685,95279855,8,0,1,16384,7,688527353
4302,95221710,112949,95334659,4,0,1,114176,13,6421891993
4303,95237090,209114,95446204,6,0,0,4608,12,9055155785
4304,95246710,87964,95334674,9,0,1,11264,15,8145132011
4305,95258940,75749,95334689,8,0,1,512,7,7623732976
4306,95262240,72480,95334720,8,0,1,19456,7,6435859409
4307,95265810,78300,95344110,9,0,1,32768,15,6756103917
4308,95274571,69562,95344133,0,0,1,11264,14,2575916007
4309,95296219,68765,95364984,6,0,1,33792,12,7629407090
4310,95300041,67849,95367890,0,0,1,4608,14,9294117402
4311,95317281,527710,95844991,8,0,0,72192,7,2218300978
4312,95373469,113558,95487027,6,0,1,184320,12,10157848552
4313,95383451,482771,95866222,2,0,0,69632,16,7303816499
4314,95405621,324661,95730282,2,0,0,172544,16,1600659152
4315,95408670,79740,95488410,8,0,1,14848,7,5278907019
4316,95421240,68553,95489793,8,0,1,14848,7,3163537597
4317,95424160,71022,95495182,3,0,1,17408,3,9774504662
4318,95434810,71509,95506319,8,0,1,36864,7,10561650705
4319,95454390,473162,95927552,6,0,0,79360,12,8271612319
4320,95461620,47605,95509225,3,0,1,4608,3,1863070952
4321,95467570,48068,95515638,4,0,1,30720,13,8648046005
4322,95508840,8744,95517584,7,0,1,3072,16,1796866900
4323,95537350,1042,95538392,3,0,1,1024,3,6906496916
4324,95541550,4937,95546487,9,0,1,12800,15,499309035
4325,95545800,2470,95548270,9,0,1,2560,15,2449886360
4326,95553969,176360,95730329,6,0,1,280064,12,6040314365
4327,95575579,247356,95822935,6,0,1,161792,12,5764672495
4328,95609859,213091,95822950,6,0,1,13312,12,8149372956
4329,95663741,826046,96489787,2,0,0,211456,16,3339457925
4330,95665341,671491,96336832,2,0,0,134144,16,8786895969
4331,95676581,425985,96102566,5,0,0,12288,18,6780454885
4332,95710110,112855,95822965,4,0,1,8704,13,9040047638
4333,95728511,658949,96387460,2,0,0,147456,16,6147302468
4334,95752190,70790,95822980,9,0,1,2048,15,1294450825
4335,95752730,308299,96061029,6,0,0,2560,12,1986367334
4336,95755350,443019,96198369,6,0,0,236544,12,5799879057
4337,95759989,201504,95961493,6,0,1,158720,12,3047652169
4338,95818480,143679,95962159,9,0,1,1024,15,4239106340
4339,95859650,102855,95962505,7,0,1,512,16,7299795789
4340,95867781,525652,96393433,5,0,0,18944,18,6771181101
4341,95882021,537011,96419032,5,0,0,83968,18,9194507061
4342,96085281,334141,96419422,5,0,0,1024,18,4297786604
4343,96088990,4679,96093669,9,0,1,12288,15,5814514801
4344,96121391,266240,96387631,5,0,0,512,18,4750503115
4345,96134041,360725,96494766,5,0,0,15872,18,6396416661
4346,96137470,250176,96387646,4,0,1,246272,13,2166746109
4347,96166369,252726,96419095,6,0,1,95744,12,1072875949
4348,96174540,315262,96489802,4,0,1,227840,13,5853019351
4349,96188530,301287,96489817,7,0,1,1024,16,767203629
4350,96218531,271301,96489832,0,0,1,7680,14,3918997310
4351,96253920,727978,96981898,6,0,0,172544,12,5443583211
4352,96309219,180636,96489855,6,0,1,65024,12,4340375010
4353,96309330,180540,96489870,3,0,1,11264,3,7092933412
4354,96351110,138775,96489885,9,0,1,11264,15,8860198427
4355,96372050,117850,96489900,9,0,1,5632,15,2965795870
4356,96391870,358278,96750148,6,0,0,37888,12,8712478108
4357,96418740,71175,96489915,7,0,1,5120,16,908106914
4358,96438850,59773,96498623,9,0,1,4096,15,4308133179
4359,96501600,24412,96526012,4,0,1,44032,13,73902297
4360,96506809,73685,96580494,6,0,1,110592,12,1178920741
4361,96545860,66320,96612180,4,0,1,106496,13,6542985929
4362,96551731,150167,96701898,5,0,0,1536,18,7367046134
4363,96555080,58406,96613486,9,0,1,2048,15,10090555618
4364,96590830,23220,96614050,9,0,1,10752,15,5986214046
4365,96591869,158294,96750163,6,0,1,251904,12,7994120369
4366,96592149,182933,96775082,6,0,1,90624,12,6311125486
4367,96691890,135802,96827692,4,0,1,178176,13,9761571103
4368,96804601,525328,97329929,8,0,0,280576,7,5809240219
4369,96812360,16318,96828678,9,0,1,1536,15,1577625964
4370,96851721,482903,97334624,8,0,0,15360,7,8903070940
4371,96906311,434256,97340567,5,0,0,19456,18,997284453
4372,96908111,935373,97843484,5,0,0,119808,18,9260687243
4373,96983650,4679,96988329,9,0,1,12288,15,7514352188
4374,97006551,426648,97433199,8,0,0,77312,7,640737211
4375,97019541,462111,97481652,5,0,0,19968,18,3152952556
4376,97042480,145742,97188222,4,0,1,237056,13,205107424
4377,97091969,113137,97205106,6,0,1,64512,12,81445981
4378,97105741,278152,97383893,5,0,0,24064,18,1798989036
4379,97112930,553740,97666670,6,0,0,90112,12,6525476524
4380,97136719,68643,97205362,6,0,1,9216,12,7207616559
4381,97268181,699044,97967225,8,0,0,142848,7,4255155348
4382,97282491,864521,98147012,8,0,0,329216,7,2960035470
4383,97311851,611835,97923686,5,0,0,18944,18,8924380695
4384,97359920,3898,97363818,4,0,1,4096,13,1444461870
4385,97476300,881011,98357311,6,0,0,197120,12,1574652798
4386,97527430,85162,97612592,4,0,1,142336,13,8967268324
4387,97552011,609524,98161535,5,0,0,47616,18,4378520631
4388,97698920,3898,97702818,8,0,1,4096,7,1973383730
4389,97722641,284993,98007634,8,0,0,13312,7,972097010
4390,97735371,440095,98175466,8,0,0,45568,7,4753154114
4391,97784270,1994,97786264,7,0,1,2048,16,5997776819
4392,97813210,93199,97906409,4,0,1,102400,13,2062571194
4393,97844330,68492,97912822,4,0,1,30720,13,8644639422
4394,97846110,716814,98562924,6,0,0,252416,12,8141220371
4395,97849200,63776,97912976,7,0,1,8704,16,7022518328
4396,97890191,99629,97989820,8,0,0,3584,7,9364685729
4397,97959121,275812,98234933,8,0,0,43520,7,6940222443
4398,97988460,1375,97989835,9,0,1,1024,15,9895060091
4399,97995721,602645,98598366,8,0,0,26624,7,5495838199
4400,98031630,213893,98245523,6,0,0,4608,12,4371983707
4401,98048400,228907,98277307,4,0,1,164864,13,9016373962
4402,98058470,221423,98279893,8,0,1,4096,7,5419530316
4403,98085570,271756,98357326,4,0,1,90112,13,7335565539
4404,98143021,447218,98590239,8,0,0,89600,7,1447864344
4405,98219560,137781,98357341,7,0,1,6144,16,5624699959
4406,98220050,137306,98357356,7,0,1,7168,16,6308461630
4407,98220460,399449,98619909,6,0,0,70656,12,6220181007
4408,98296820,60551,98357371,7,0,1,8704,16,1312641716
4409,98386321,402275,98788596,5,0,0,162816,18,9983830551
4410,98605620,97935,98703555,4,0,1,139264,13,4223746926
4411,98609430,514153,99123583,6,0,0,137216,12,1427825440
4412,98610480,94355,98704835,7,0,1,14336,16,2136573098
4413,98623950,399727,99023677,6,0,0,97792,12,9797982920
4414,98643520,77687,98721207,4,0,1,61952,13,10021312190
4415,98663481,288277,98951758,5,0,0,91648,18,3836673249
4416,98687991,271590,98959581,5,0,0,25600,18,7491250466
4417,98713110,13282,98726392,7,0,1,24576,16,2414335701
4418,98755800,402115,99157915,6,0,0,88576,12,9065854918
4419,98858880,33850,98892730,4,0,1,55808,13,7113143514
4420,98924830,198768,99123598,4,0,1,258560,13,846750015
4421,98955030,601866,99556896,6,0,0,117760,12,2328697595
4422,98965101,284371,99249472,8,0,0,16384,7,3768088851
4423,98973331,547670,99521001,8,0,0,117760,7,5289783390
4424,99010111,195335,99205446,5,0,0,1024,18,7601855747
4425,99061121,323916,99385037,8,0,0,118784,7,3933871811
4426,99220710,4937,99225647,7,0,1,12800,16,3405085150
4427,99303360,35054,99338414,7,0,1,61440,16,1782046246
4428,99343550,1042,99344592,7,0,1,1024,16,5390436744
4429,99394540,13600,99408140,7,0,1,23040,16,9016729429
4430,99429240,3898,99433138,7,0,1,4096,16,1557555889
4431,99454101,217281,99671382,5,0,0,11776,18,8836817356
4432,99461011,196343,99657354,5,0,0,1024,18,8232097004
4433,99495150,63749,99558899,7,0,1,2048,16,4721423731
4434,99554941,287642,99842583,5,0,0,66048,18,5138741236
4435,99583240,239196,99822436,6,0,0,130048,12,1595661496
4436,99613530,2870,99616400,9,0,1,8704,15,9688126345
4437,99647361,558603,100205964,5,0,0,166400,18,7929047962
4438,99658530,333046,99991576,6,0,0,46592,12,3535266592
4439,99699601,325839,100025440,5,0,0,61952,18,3519195065
4440,99699950,10499,99710449,9,0,1,16896,15,5230823239
4441,99728790,239818,99968608,6,0,0,127488,12,1625198712
4442,99749191,560791,100309982,8,0,0,75776,7,1520433394
4443,99794200,244359,100038559,6,0,0,43008,12,10117110888
4444,99814881,399537,100214418,5,0,0,27648,18,9939118819
4445,99819430,27590,99847020,9,0,1,11776,15,5689874881
4446,99855691,230759,100086450,5,0,0,7168,18,5252794597
4447,99874710,5712,99880422,5,0,1,14336,18,5767686156
4448,99948260,192544,100140804,6,0,0,28160,12,9677854646
4449,100060850,12825,100073675,4,0,1,21504,13,5913435492
4450,100065440,17590,100083030,2,0,1,30208,16,5579993335
4451,100069170,30654,100099824,7,0,1,41472,16,4522134898
4452,100142130,63849,100205979,7,0,1,23552,16,4551509996
4453,100283391,262072,100545463,8,0,0,30720,7,2952373277
4454,100290280,32019,100322299,7,0,1,20480,16,9257913179
4455,100307150,331320,100638470,6,0,0,61440,12,10734169844
4456,100337800,184128,100521928,6,0,0,4096,12,7527882480
4457,100368230,13600,100381830,7,0,1,23040,16,10731518241
4458,100387890,25446,100413336,8,0,1,46080,7,8966963488
4459,100407620,159357,100566977,6,0,0,5120,12,8009864375
4460,100430370,4374,100434744,8,0,1,4608,7,1198948007
4461,100569080,3128,100572208,7,0,1,9216,16,5051598864
4462,100595981,130222,100726203,5,0,0,16896,18,361433755
4463,100619931,73026,100692957,8,0,0,1024,7,538456868
4464,100654910,246354,100901264,6,0,0,221184,12,6645946067
4465,100695900,1042,100696942,8,0,1,1024,7,2733149311
4466,100803790,14117,100817907,1,0,1,24064,9,4450900193
4467,100814970,5523,100820493,8,0,1,4096,7,1424186012
4468,100831010,151478,100982488,6,0,0,20480,12,3155109577
4469,100871140,32603,100903743,1,0,1,2560,9,2746086466
4470,100883100,185640,101068740,6,0,0,49152,12,1186498879
4471,100913650,2946,100916596,8,0,1,3072,7,2870632971
4472,100962400,153356,101115756,6,0,0,4608,12,4828087635
4473,100978990,5025,100984015,1,0,1,1536,9,2206535687
4474,100981410,115405,101096815,6,0,0,8704,12,2600421980
4475,101067990,5592,101073582,1,0,1,5120,9,3252242399
4476,101132700,141452,101274152,6,0,0,134144,12,7686643271
4477,101138690,5802,101144492,8,0,1,6144,7,996360208
4478,101227421,103376,101330797,5,0,0,39424,18,8349278963
4479,101275351,70512,101345863,8,0,0,2048,7,3316106769
4480,101333710,2946,101336656,8,0,1,3072,7,8889379386
4481,101363020,4374,101367394,1,0,1,4608,9,9018869869
4482,101383881,45596,101429477,8,0,0,1024,7,1262555810
4483,101392751,109772,101502523,2,0,0,60416,16,629590805
4484,101395590,150547,101546137,6,0,0,57856,12,1165853819
4485,101420271,212262,101632533,8,0,0,3584,7,7629794443
4486,101458941,133666,101592607,8,0,0,2560,7,4661498729
4487,101465870,14117,101479987,4,0,1,24064,13,7654693834
4488,101467591,102486,101570077,2,0,0,20480,16,9688565093
4489,101487880,82212,101570092,4,0,1,109056,13,2027553911
4490,101511830,61445,101573275,4,0,1,20992,13,8105630676
4491,101519851,114160,101634011,2,0,0,2560,16,8630410797
4492,101525240,50621,101575861,8,0,1,4096,7,8636759213
4493,101545651,76730,101622381,8,0,0,512,7,7785163777
4494,101553210,72962,101626172,4,0,1,117248,13,6095580233
4495,101594319,48635,101642954,6,0,1,64000,12,6777298157
4496,101596750,62371,101659121,8,0,1,60928,7,3672706790
4497,101601920,57355,101659275,4,0,1,8704,13,3314080286
4498,101648299,117346,101765645,6,0,1,195072,12,815512237
4499,101691681,241129,101932810,2,0,0,8704,16,2699316256
4500,101718280,79341,101797621,4,0,1,112128,13,8247068200
4501,101768871,262544,102031415,2,0,0,28672,16,10249894544
4502,101817491,224237,102041728,2,0,0,29184,16,1978020581
4503,101825550,324954,102150504,6,0,0,77312,12,5810020
4504,101906160,7706,101913866,8,0,1,8192,7,2279905883
4505,101990200,136733,102126933,6,0,0,26624,12,5845315408
4506,102013941,202933,102216874,2,0,0,54784,16,3174917828
4507,102046931,181579,102228510,8,0,0,512,7,6185388739
4508,102054481,197579,102252060,5,0,0,39424,18,6562641301
4509,102089959,15579,102105538,6,0,1,30208,12,10657589386
4510,102156560,147208,102303768,6,0,0,24576,12,2065227762
4511,102296641,134383,102431024,2,0,0,71168,16,8106078333
4512,102316440,62516,102378956,6,0,0,6144,12,4365907240
4513,102335790,4850,102340640,8,0,1,5120,7,4095856211
4514,102345511,132378,102477889,8,0,0,1024,7,686119949
4515,102347691,177519,102525210,2,0,0,8704,16,4496437193
4516,102349860,4420,102354280,8,0,1,11776,7,4596088576
4517,102406459,34795,102441254,6,0,1,60928,12,6573808023
4518,102411170,137189,102548359,6,0,0,19456,12,4566330687
4519,102437689,63450,102501139,6,0,1,103424,12,6691854024
4520,102440480,61325,102501805,7,0,1,1024,16,3412663074
4521,102472560,196068,102668628,6,0,0,108032,12,2982005835
4522,102476040,27250,102503290,7,0,1,15360,16,4270492465
4523,102543749,58185,102601934,6,0,1,87552,12,7240357080
4524,102659981,297066,102957047,2,0,0,61952,16,2360133383
4525,102687740,6229,102693969,7,0,1,15360,16,8247760649
4526,102695440,124081,102819521,6,0,0,29184,12,7584625461
4527,102811151,96130,102907281,8,0,0,2560,7,6402008469
4528,102836981,211476,103048457,5,0,0,123904,18,8818212009
4529,102846220,7230,102853450,7,0,1,7680,16,10497833329
4530,102878230,12995,102891225,7,0,1,25088,16,7741118376
4531,102882481,79228,102961709,8,0,0,512,7,8401306406
4532,102925449,174049,103099498,6,0,1,282112,12,8954425894
4533,103021481,462664,103484145,2,0,0,33792,16,894872427
4534,103044040,329792,103373832,6,0,0,165888,12,9300553864
4535,103078001,370633,103448634,2,0,0,158208,16,8742483774
4536,103119901,344771,103464672,5,0,0,33280,18,7763303239
4537,103120821,165159,103285980,8,0,0,3584,7,3899774795
4538,103134470,4850,103139320,7,0,1,5120,16,4122151506
4539,103174480,5326,103179806,7,0,1,5632,16,5753917057
4540,103243459,10757,103254216,6,0,1,17408,12,6310499050
4541,103353359,95290,103448649,6,0,1,51200,12,7384206628
4542,103396570,52094,103448664,3,0,1,5632,3,2630617315
4543,103420051,283004,103703055,8,0,0,1024,7,6583100851
4544,103427381,88799,103516180,8,0,0,512,7,6065718188
4545,103453701,165481,103619182,2,0,0,45056,16,5900607770
4546,103470809,65687,103536496,6,0,1,111104,12,2665723618
4547,103603130,16067,103619197,1,0,1,12288,9,5848277957
4548,103628291,97360,103725651,8,0,0,4608,7,5766049049
4549,103707790,3387,103711177,1,0,1,9728,9,7062919763
4550,103745531,190815,103936346,5,0,0,7680,18,9478559161
4551,103795291,288361,104083652,5,0,0,263168,18,1510897043
4552,103901660,3645,103905305,7,0,1,10240,16,10111127149
4553,103912730,52549,103965279,4,0,1,85504,13,8362927932
4554,104014871,267165,104282036,5,0,0,189952,18,9245525134
4555,104015041,295998,104311039,2,0,0,76800,16,6947836373
4556,104038131,425672,104463803,2,0,0,146944,16,1966805342
4557,104075621,101079,104176700,8,0,0,512,7,7963039051
4558,104076591,234946,104311537,8,0,0,1536,7,5663440265
4559,104077690,49279,104126969,1,0,1,70656,9,3071182836
4560,104091210,36323,104127533,7,0,1,10752,16,5398013862
4561,104130010,3898,104133908,1,0,1,4096,9,623596376
4562,104153621,315197,104468818,5,0,0,16384,18,5580246056
4563,104163121,683355,104846476,2,0,0,108544,16,5813988911
4564,104217351,767838,104985189,5,0,0,249856,18,5493383623
4565,104258630,52424,104311054,7,0,1,16896,16,9969767935
4566,104279121,481969,104761090,2,0,0,171008,16,5900360552
4567,104279510,32042,104311552,3,0,1,16896,3,5079593158
4568,104309941,482031,104791972,5,0,0,60928,18,8863041350
4569,104316840,6278,104323118,7,0,1,6656,16,9568100966
4570,104320670,363055,104683725,6,0,0,55808,12,7262572478
4571,104323291,252154,104575445,8,0,0,1024,7,5271707163
4572,104330041,333166,104663207,5,0,0,5632,18,10619900673
4573,104370241,403119,104773360,8,0,0,512,7,6340859023
4574,104371141,533882,104905023,5,0,0,192000,18,4620015404
4575,104376560,1042,104377602,1,0,1,1024,9,5860887326
4576,104383440,3422,104386862,2,0,1,3584,16,8741716023
4577,104387170,11016,104398186,1,0,1,17920,9,8392182338
4578,104390450,9362,104399812,2,0,1,2560,16,1258907654
4579,104420551,225271,104645822,8,0,0,2048,7,10435540906
4580,104472030,2870,104474900,7,0,1,8704,16,3945675681
4581,104489141,324248,104813389,2,0,0,70144,16,1568586918
4582,104520201,385945,104906146,8,0,0,3584,7,8843910155
4583,104540811,220606,104761417,8,0,0,1024,7,439158019
4584,104565420,3128,104568548,2,0,1,9216,16,6681821852
4585,104634580,378735,105013315,6,0,0,92160,12,9022535912
4586,104636400,4374,104640774,7,0,1,4608,16,8648751814
4587,104692700,11533,104704233,3,0,1,18944,3,5758744689
4588,104696230,95757,104791987,4,0,1,131072,13,3891358876
4589,104733900,58102,104792002,4,0,1,12800,13,7181589710
4590,104764790,141371,104906161,4,0,1,219136,13,8053044884
4591,104766490,305528,105072018,6,0,0,43520,12,8442094853
4592,104795580,495399,105290979,6,0,0,139264,12,3511390474
4593,104816761,279556,105096317,5,0,0,6144,18,7007365212
4594,104836011,393212,105229223,2,0,0,32768,16,6677168255
4595,104869360,115860,104985220,4,0,1,36864,13,4171606586
4596,104878211,237926,105116137,2,0,0,18944,16,5946390463
4597,104909760,394867,105304627,6,0,0,44544,12,3370739594
4598,104913071,254270,105167341,8,0,0,1536,7,2060218077
4599,104985110,33047,105018157,2,0,1,5120,16,1964194133
4600,105015350,3387,105018737,3,0,1,9728,3,8136719178
4601,105024240,7706,105031946,4,0,1,8192,13,273778989
4602,105028150,4257,105032407,8,0,1,10240,7,4406173815
4603,105050920,4850,105055770,7,0,1,5120,16,9314010276
4604,105079001,247207,105326208,8,0,0,512,7,10054747430
4605,105115260,3997,105119257,2,0,1,9216,16,534979510
4606,105161560,20366,105181926,2,0,1,32768,16,9759812503
4607,105195541,380302,105575843,5,0,0,80384,18,1669083617
4608,105197331,112326,105309657,5,0,0,16384,18,9066126310
4609,105212180,78822,105291002,4,0,1,86016,13,3967453993
4610,105224310,66715,105291025,3,0,1,7680,3,6658335462
4611,105232150,58890,105291040,1,0,1,512,9,284230323
4612,105234560,70082,105304642,4,0,1,48128,13,8522786421
4613,105240030,285229,105525259,6,0,0,94720,12,8297203549
4614,105269550,40130,105309680,3,0,1,4608,3,8442233680
4615,105306190,13700,105319890,2,0,1,16384,16,9980423492
4616,105339641,188753,105528394,5,0,0,10240,18,1179153928
4617,105339721,152908,105492629,5,0,0,30208,18,9898743616
4618,105339830,1042,105340872,2,0,1,1024,16,212611102
4619,105353370,5326,105358696,2,0,1,5632,16,9560134601
4620,105412060,2470,105414530,3,0,1,2560,3,9925535679
4621,105420240,3128,105423368,2,0,1,9216,16,4678526236
4622,105436660,2470,105439130,1,0,1,2560,9,4495559522
4623,105440361,192409,105632770,5,0,0,14336,18,3314111462
4624,105531820,10499,105542319,7,0,1,16896,16,9678093463
4625,105540720,35138,105575858,2,0,1,17920,16,9815284787
4626,105542910,32971,105575881,4,0,1,5632,13,5428172992
4627,105544461,62163,105606624,8,0,0,1536,7,3210402658
4628,105554120,517975,106072095,6,0,0,28160,12,1997939540
4629,105555450,35495,105590945,2,0,1,29184,16,2849654336
4630,105577530,226311,105803841,6,0,0,8192,12,10355208109
4631,105580890,10721,105591611,1,0,1,11264,9,2021550542
4632,105596140,566,105596706,3,0,1,512,3,7715408860
4633,105605960,3904,105609864,1,0,1,10752,9,3069223840
4634,105628120,4665,105632785,3,0,1,3072,3,8043891934
4635,105635911,401678,106037589,5,0,0,314368,18,201286827
4636,105686240,3422,105689662,2,0,1,3584,16,380179515
4637,105715521,347979,106063500,5,0,0,84992,18,1296972932
4638,105732531,519679,106252210,5,0,0,67584,18,10464360745
4639,105737000,3904,105740904,3,0,1,10752,3,4562967742
4640,105761541,338892,106100433,5,0,0,10240,18,7523742962
4641,105773761,323505,106097266,2,0,0,82432,16,8214213579
4642,105789431,623489,106412920,2,0,0,200704,16,5553943043
4643,105793021,501488,106294509,5,0,0,138752,18,2132045226
4644,105817890,4420,105822310,2,0,1,11776,16,435114638
4645,105846460,339389,106185849,6,0,0,125440,12,4180518935
4646,105993200,192672,106185872,4,0,1,122880,13,5301167925
4647,106033640,152247,106185887,4,0,1,25600,13,7976533795
4648,106034000,470374,106504374,6,0,0,138752,12,9634883088
4649,106041441,582900,106624341,2,0,0,97792,16,7063086898
4650,106063000,124570,106187570,1,0,1,46592,9,4368892537
4651,106065401,474076,106539477,2,0,0,81920,16,222862192
4652,106085610,362433,106448043,6,0,0,115200,12,7417669167
4653,106090761,576183,106666944,5,0,0,139776,18,9250491045
4654,106114360,740370,106854730,6,0,0,78848,12,3782498382
4655,106177540,11656,106189196,2,0,1,2560,16,4420881485
4656,106241490,54521,106296011,7,0,1,1536,16,8408672255
4657,106247150,54615,106301765,3,0,1,7168,3,1525642486
4658,106287100,16291,106303391,7,0,1,2560,16,5618911239
4659,106290960,14697,106305657,7,0,1,3584,16,1527142958
4660,106309931,247897,106557828,8,0,0,512,7,7759860591
4661,106318570,2470,106321040,2,0,1,2560,16,8511514163
4662,106329951,390180,106720131,8,0,0,4608,7,7433055164
4663,106369300,307095,106676395,6,0,0,30720,12,405807386
4664,106391530,275445,106666975,4,0,1,278016,13,7316649958
4665,106439341,559827,106999168,2,0,0,82944,16,2485044368
4666,106470140,196850,106666990,4,0,1,8192,13,2204545787
4667,106477930,189075,106667005,7,0,1,20992,16,5924068926
4668,106496260,170760,106667020,1,0,1,24064,9,6410910853
4669,106515250,161160,106676410,4,0,1,33792,13,5979972964
4670,106528160,367849,106896009,6,0,0,31232,12,7790925714
4671,106530671,600887,107131558,5,0,0,138240,18,6750273063
4672,106536690,154798,106691488,4,0,1,148480,13,5369619168
4673,106555191,466033,107021224,2,0,0,69632,16,10508974340
4674,106598150,609091,107207241,6,0,0,248320,12,4163142377
4675,106653051,629624,107282675,5,0,0,145920,18,824244432
4676,106664421,549387,107213808,5,0,0,21504,18,9666155995
4677,106669521,555714,107225235,2,0,0,37376,16,3222655891
4678,106758720,5712,106764432,8,0,1,14336,7,10584387841
4679,106761960,7665,106769625,7,0,1,15872,16,6795097944
4680,106791461,233591,107025052,8,0,0,1536,7,8174037030
4681,106792251,251962,107044213,8,0,0,1024,7,412640199
4682,106817450,12825,106830275,5,0,1,21504,18,9687246717
4683,106842720,14013,106856733,7,0,1,2048,16,5880700607
4684,106854080,4279,106858359,7,0,1,2560,16,3448728525
4685,106889510,14214,106903724,7,0,1,8192,16,8583014858
4686,106889820,19710,106909530,8,0,1,17920,7,3392389617
4687,106910781,459482,107370263,2,0,0,43520,16,6881971649
4688,106927141,563086,107490227,5,0,0,204800,18,7030324142
4689,106927881,458906,107386787,2,0,0,26624,16,9154061208
4690,106967071,4162,106971233,0,0,1,11264,14,6751032442
4691,106968321,388652,107356973,2,0,0,161792,16,899955524
4692,106968880,2699,106971579,3,0,1,512,3,2902658785
4693,107025080,6278,107031358,3,0,1,6656,3,2174899780
4694,107074541,530734,107605275,2,0,0,146944,16,5825239785
4695,107099539,183159,107282698,6,0,1,65024,12,10287370524
4696,107148380,134333,107282713,7,0,1,6656,16,390395235
4697,107162421,208029,107370450,8,0,0,512,7,188395099
4698,107199960,297162,107497122,6,0,0,22528,12,38399034
4699,107209120,73608,107282728,7,0,1,8192,16,5222036279
4700,107230331,65815,107296146,0,0,1,26112,14,1970730934
4701,107266070,33302,107299372,7,0,1,5120,16,9948361984
4702,107269411,460368,107729779,5,0,0,52224,18,1825456153
4703,107273091,27587,107300678,0,0,1,2048,14,5229844758
4704,107285431,137647,107423078,8,0,0,9728,7,6004267582
4705,107302270,54718,107356988,8,0,1,6656,7,5728032783
4706,107307549,83700,107391249,6,0,1,136192,12,472968686
4707,107326151,70897,107397048,0,0,1,19456,14,458951783
4708,107363290,36344,107399634,1,0,1,4096,9,5425211519
4709,107391150,8638,107399788,7,0,1,8704,16,6189890618
4710,107409961,202321,107612282,8,0,0,6144,7,5421831081
4711,107416911,432544,107849455,8,0,0,122368,7,879213145
4712,107438161,62357,107500518,0,0,1,9728,14,7808394753
4713,107461919,143371,107605290,6,0,1,98816,12,5294913231
4714,107485340,119973,107605313,8,0,1,3584,7,7988178447
4715,107486540,118788,107605328,3,0,1,17408,3,372558225
4716,107500050,105293,107605343,3,0,1,15872,3,3102928299
4717,107535051,318007,107853058,5,0,0,11776,18,195280547
4718,107561979,87777,107649756,6,0,1,76288,12,7093486039
4719,107573400,77662,107651062,7,0,1,2048,16,7846555108
4720,107598691,437528,108036219,2,0,0,202240,16,3890173808
4721,107758870,10241,107769111,7,0,1,16384,16,7329251287
4722,107793220,360854,108154074,6,0,0,75776,12,7168505672
4723,107798741,518873,108317614,5,0,0,93184,18,10405335969
4724,107806841,740977,108547818,5,0,0,357376,18,3486254665
4725,107857431,566,107857997,0,0,1,512,14,2317264834
4726,107866300,746796,108613096,6,0,0,188928,12,9130265848
4727,107881101,4679,107885780,0,0,1,12288,14,4364951972
4728,107918031,637446,108555477,2,0,0,25088,16,8589631783
4729,107927740,1518,107929258,8,0,1,1536,7,3903679620
4730,107930871,2870,107933741,0,0,1,8704,14,9829617467
4731,107932960,505955,108438915,6,0,0,75264,12,5485132849
4732,107933369,11502,107944871,6,0,1,18432,12,1632313956
4733,107952590,725487,108678077,6,0,0,100352,12,9175540353
4734,107982441,776137,108758578,8,0,0,131072,7,9471136661
4735,108010801,614026,108624827,2,0,0,38400,16,1700753786
4736,108012640,401753,108414393,6,0,0,83968,12,4542722483
4737,108013770,33273,108047043,3,0,1,17408,3,515147213
4738,108056011,5802,108061813,0,0,1,6144,14,491338831
4739,108064590,3422,108068012,7,0,1,3584,16,8409599597
4740,108076561,612451,108689012,8,0,0,35840,7,8670227894
4741,108082871,711914,108794785,5,0,0,118784,18,7238829350
4742,108086741,329227,108415968,8,0,0,5120,7,8596071421
4743,108119260,6754,108126014,7,0,1,7168,16,10280462692
4744,108174901,472577,108647478,5,0,0,74240,18,6809663085
4745,108182750,5802,108188552,7,0,1,6144,16,2368922303
4746,108257671,460917,108718588,8,0,0,75264,7,8100789419
4747,108265171,427928,108693099,8,0,0,13312,7,10512425209
4748,108277130,40499,108317629,7,0,1,20992,16,9700571902
4749,108293621,401997,108695618,8,0,0,8192,7,1311194664
4750,108299691,521052,108820743,2,0,0,78336,16,7100564768
4751,108305630,17495,108323125,9,0,1,13824,15,8171640653
4752,108353050,4420,108357470,3,0,1,11776,3,2501583440
4753,108380010,548273,108928283,1,0,0,90112,9,5457537360
4754,108443701,251932,108695633,0,0,1,32256,14,3156909815
4755,108453891,688083,109141974,8,0,0,96768,7,10000875609
4756,108469681,466105,108935786,2,0,0,24576,16,4860977020
4757,108470340,898861,109369201,1,0,0,260608,9,504575120
4758,108488191,1086912,109575103,8,0,0,40448,7,1542194050
4759,108510311,1083424,109593735,2,0,0,29696,16,9452815282
4760,108519681,923799,109443480,2,0,0,243712,16,6954668353
4761,108542141,685637,109227778,2,0,0,109568,16,8611801143
4762,108564491,154136,108718627,0,0,1,5120,14,7208318538
4763,108605831,925204,109531035,2,0,0,287232,16,3667266924
4764,108609420,185380,108794800,3,0,1,5120,3,969115847
4765,108630510,164305,108794815,3,0,1,6144,3,10059426089
4766,108673761,870237,109543998,8,0,0,42496,7,4201067060
4767,108775870,837410,109613280,1,0,0,41984,9,4543005017
4768,108786320,34438,108820758,7,0,1,4608,16,8798770621
4769,108792430,28343,108820773,3,0,1,29184,3,4404990355
4770,108835730,798492,109634222,1,0,0,30720,9,5848832715
4771,108864741,5802,108870543,0,0,1,6144,14,5396196505
4772,108890631,686827,109577458,5,0,0,7680,18,10581040526
4773,108977560,737805,109715365,1,0,0,113664,9,131775347
4774,108991220,571544,109562764,1,0,0,61440,9,4417089600
4775,109016380,23120,109039500,7,0,1,41472,16,5212513792
4776,109029981,644638,109674619,5,0,0,120320,18,7085380802
4777,109031471,8285,109039756,0,0,1,9216,14,941449810
4778,109035980,4544,109040524,7,0,1,11776,16,1277794925
4779,109042110,5454,109047564,7,0,1,13824,16,9978661160
4780,109049291,575548,109624839,5,0,0,37888,18,6453945145
4781,109092181,492491,109584672,5,0,0,23552,18,3295749060
4782,109103790,5326,109109116,3,0,1,5632,3,888347556
4783,109117750,693423,109811173,1,0,0,179200,9,10590149487
4784,109129210,20011,109149221,3,0,1,7680,3,2176125600
4785,109163251,650605,109813856,8,0,0,8704,7,4615259249
4786,109186520,5802,109192322,7,0,1,6144,16,2041595412
4787,109281660,318798,109600458,1,0,0,22016,9,8074159090
4788,109328711,215318,109544029,0,0,1,8704,14,516380400
4789,109335581,345137,109680718,2,0,0,19968,16,4820744708
4790,109369541,207940,109577481,0,0,1,9728,14,7642729431
4791,109402530,197943,109600473,3,0,1,5120,3,5735333798
4792,109594631,153278,109747909,5,0,0,39424,18,6124181537
4793,109692510,23430,109715940,3,0,1,512,3,6706714164
4794,109696280,26004,109722284,4,0,1,7168,13,3458243275
4795,109761891,56799,109818690,0,0,1,5120,14,2398997491
4796,109778211,202896,109981107,2,0,0,110592,16,7530297862
4797,109805610,14066,109819676,3,0,1,1536,3,186176268
4798,109816481,3349,109819830,0,0,1,8704,14,5932959317
4799,109820900,6754,109827654,3,0,1,7168,3,1679567322
4800,109850111,10757,109860868,0,0,1,17408,14,3888375092
4801,109882740,153206,110035946,1,0,0,41984,9,119052379
4802,109940141,438647,110378788,5,0,0,29184,18,4918925870
4803,109952221,33082,109985303,0,0,1,11264,14,5931086795
4804,109958711,301752,110260463,8,0,0,98304,7,2845845927
4805,109977171,14156,109991327,0,0,1,7168,14,6653681457
4806,109983220,12613,109995833,4,0,1,7168,13,1121366314
4807,110013840,356033,110369873,1,0,0,68096,9,4261939942
4808,110014161,385078,110399239,2,0,0,67072,16,8951408207
4809,110024001,153449,110177450,2,0,0,56320,16,10605690040
4810,110045791,566,110046357,0,0,1,512,14,10211741739
4811,110051091,575819,110626910,2,0,0,140288,16,6943778414
4812,110059631,385033,110444664,2,0,0,31232,16,6356580075
4813,110097491,96696,110194187,5,0,0,1024,18,8526396820
4814,110099301,484826,110584127,5,0,0,220672,18,8535734183
4815,110109760,4374,110114134,3,0,1,4608,3,7217763124
4816,110128001,3645,110131646,0,0,1,10240,14,952691768
4817,110177201,6212,110183413,0,0,1,14848,14,8638278675
4818,110260691,367794,110628485,8,0,0,5120,7,9655120606
4819,110270181,422623,110692804,2,0,0,210944,16,2602672034
4820,110310020,4937,110314957,3,0,1,12800,3,9049566905
4821,110328180,11791,110339971,8,0,1,19456,7,7379925125
4822,110341610,3128,110344738,3,0,1,9216,3,8753879677
4823,110350251,56177,110406428,0,0,1,7680,14,1006341630
4824,110372071,35228,110407299,0,0,1,12288,14,2510031615
4825,110374891,40690,110415581,0,0,1,16384,14,9757178495
4826,110399520,18967,110418487,3,0,1,4608,3,9552516013
4827,110401720,42959,110444679,8,0,1,39424,7,6722387703
4828,110426211,18483,110444694,0,0,1,4096,14,10232012768
4829,110478181,7706,110485887,0,0,1,8192,14,8542662142
4830,110489450,220146,110709596,1,0,0,54784,9,4574984195
4831,110548311,144540,110692851,0,0,1,8192,14,3690145793
4832,110560661,132205,110692866,0,0,1,12800,14,2014008549
4833,110561941,130940,110692881,0,0,1,13824,14,7329041880
4834,110574340,135311,110709651,8,0,1,12800,7,7195300814
4835,110601500,113857,110715357,8,0,1,6144,7,3394546904
4836,110619780,96243,110716023,3,0,1,11264,3,10324422737
4837,110625470,100146,110725616,3,0,1,17408,3,4974215379
4838,110650850,79912,110730762,3,0,1,8192,3,9637446819
4839,110696280,135698,110831978,1,0,0,22528,9,743589500
4840,110720120,12268,110732388,8,0,1,2560,7,862204871
4841,110735240,5454,110740694,8,0,1,13824,7,3908826476
4842,110764411,6754,110771165,0,0,1,7168,14,16094486
4843,110818651,150852,110969503,2,0,0,44032,16,2879782949
4844,110881500,10757,110892257,8,0,1,17408,7,9025766043
4845,110899601,106320,111005921,2,0,0,22528,16,1428213390
4846,110926691,245884,111172575,5,0,0,53760,18,1621080086
4847,110988271,129209,111117480,8,0,0,13312,7,4659628727
4848,111004281,104787,111109068,5,0,0,20992,18,6070942375
4849,111061890,12825,111074715,3,0,1,21504,3,9722689741
4850,111098341,172427,111270768,8,0,0,41472,7,3681903598
4851,111115111,142998,111258109,8,0,0,69120,7,2613345423
4852,111135580,3904,111139484,8,0,1,10752,7,8858123422
4853,111233301,269363,111502664,2,0,0,43008,16,6379809470
4854,111235390,1042,111236432,3,0,1,1024,3,5215267037
4855,111252091,237454,111489545,5,0,0,186368,18,3138321577
4856,111312690,1042,111313732,8,0,1,1024,7,248886643
4857,111333530,2470,111336000,8,0,1,2560,7,441139976
4858,111376061,159548,111535609,5,0,0,13824,18,5605996979
4859,111395560,200746,111596306,1,0,0,115712,9,7414367696
4860,111505300,282644,111787944,1,0,0,305152,9,5371891040
4861,111513851,5454,111519305,0,0,1,13824,14,1055025152
4862,111552541,259956,111812497,2,0,0,29184,16,9645014733
4863,111655301,148289,111803590,8,0,0,51200,7,2282796793
4864,111687040,100919,111787959,7,0,1,20480,16,7434721907
4865,111731971,157796,111889767,5,0,0,34304,18,560326790
4866,111761390,66387,111827777,8,0,1,29696,7,9077158531
4867,111790730,38033,111828763,7,0,1,1536,16,8375502513
4868,111792160,36962,111829122,3,0,1,9728,3,9760868032
4869,111795471,35597,111831068,0,0,1,3072,14,261845059
4870,111834131,218447,112052578,2,0,0,178176,16,5108604426
4871,111851391,566,111851957,0,0,1,512,14,6312129698
4872,111851710,1042,111852752,3,0,1,1024,3,3172293639
4873,111857801,235456,112093257,8,0,0,35840,7,9009094918
4874,111881630,11075,111892705,3,0,1,3072,3,2974861388
4875,111917070,190881,112107951,1,0,0,48128,9,2282927355
4876,111960811,270174,112230985,8,0,0,137216,7,106203157
4877,111979320,3422,111982742,7,0,1,3584,16,1998452313
4878,111996330,302539,112298869,1,0,0,37376,9,2235800829
4879,112012480,40823,112053303,4,0,1,512,13,7141822512
4880,112017250,37637,112054887,8,0,1,2048,7,3695691387
4881,112022221,34932,112057153,0,0,1,3584,14,8251266030
4882,112026970,32129,112059099,4,0,1,3072,13,4922519148
4883,112036181,42314,112078495,0,0,1,37888,14,4981343629
4884,112039591,192501,112232092,8,0,0,3584,7,4934534396
4885,112044620,388504,112433124,1,0,0,98816,9,3495663383
4886,112050240,43032,112093272,4,0,1,7680,13,3657035672
4887,112061701,250286,112311987,2,0,0,14336,16,8463199737
4888,112123380,2946,112126326,7,0,1,3072,16,7357813161
4889,112140540,1042,112141582,3,0,1,1024,3,3084460060
4890,112152931,286152,112439083,8,0,0,19456,7,7326493099
4891,112163811,239190,112403001,5,0,0,33792,18,2994066238
4892,112171680,7230,112178910,3,0,1,7680,3,827407333
4893,112201481,191193,112392674,5,0,0,99840,18,4914132658
4894,112247811,216263,112464074,8,0,0,81920,7,2712781370
4895,112318250,4850,112323100,4,0,1,5120,13,633724408
4896,112318650,13517,112332167,8,0,1,20480,7,7761102906
4897,112346430,192775,112539205,1,0,0,34304,9,10325501685
4898,112349010,3387,112352397,7,0,1,9728,16,2141286100
4899,112362071,126375,112488446,2,0,0,3584,16,1395667507
4900,112366140,97957,112464097,5,0,1,5632,18,6572589286
4901,112386661,285846,112672507,5,0,0,66560,18,4987913978
4902,112398870,65729,112464599,4,0,1,512,13,9006842684
4903,112415740,52355,112468095,7,0,1,4096,16,4799738987
4904,112422881,181700,112604581,5,0,0,87552,18,7158019753
4905,112443770,27162,112470932,4,0,1,13824,13,7567423525
4906,112466450,6748,112473198,7,0,1,3584,16,1896443417
4907,112472230,4374,112476604,7,0,1,4608,16,6602253767
4908,112475440,303935,112779375,1,0,0,92672,9,7906531274
4909,112579621,126606,112706227,8,0,0,3584,7,6057152490
4910,112608450,3645,112612095,4,0,1,10240,13,7731945507
4911,112629520,13341,112642861,7,0,1,22528,16,5970759609
4912,112649500,23022,112672522,8,0,1,23552,7,8372186189
4913,112671341,231824,112903165,8,0,0,84992,7,4783209276
4914,112675760,1994,112677754,8,0,1,2048,7,5975471571
4915,112730440,3904,112734344,3,0,1,10752,3,6788317640
4916,112750000,29390,112779390,8,0,1,7168,7,8297834063
4917,112758200,24128,112782328,3,0,1,3072,3,9275378250
4918,112787559,142124,112929683,6,0,1,229888,12,2428720167
4919,112792330,138339,112930669,3,0,1,1536,3,2367022144
4920,112802709,231297,113034006,6,0,1,288768,12,7857429421
4921,112823880,213352,113037232,8,0,1,5120,7,3702893013
4922,112824840,216258,113041098,4,0,1,6144,13,7679024735
4923,112846451,314432,113160883,2,0,0,53248,16,2742375657
4924,112858211,382322,113240533,5,0,0,46592,18,1413629040
4925,112865851,592596,113458447,2,0,0,226304,16,7767404199
4926,112879590,166334,113045924,4,0,1,7680,13,2332476707
4927,112886500,162650,113049150,7,0,1,5120,16,4448514329
4928,112887040,162776,113049816,4,0,1,1024,13,10411197478
4929,112901330,153312,113054642,4,0,1,7680,13,1197679567
4930,112934891,267077,113201968,8,0,0,11776,7,4466768729
4931,112968761,312063,113280824,5,0,0,5120,18,607504174
4932,112973680,81308,113054988,3,0,1,512,3,8025579740
4933,112980441,366382,113346823,5,0,0,56320,18,2047287048
4934,113021991,445059,113467050,2,0,0,28160,16,5533993592
4935,113090061,259741,113349802,8,0,0,9728,7,3159296282
4936,113159871,549335,113709206,5,0,0,300544,18,7493661719
4937,113166071,424694,113590765,2,0,0,119808,16,9192182687
4938,113240690,473071,113713761,1,0,0,14848,9,10463820988
4939,113242161,488151,113730312,5,0,0,54272,18,5774336694
4940,113268260,13770,113282030,4,0,1,26624,13,948942868
4941,113270770,337794,113608564,1,0,0,58368,9,5260316029
4942,113320301,424730,113745031,5,0,0,48128,18,1305048684
4943,113348180,4084,113352264,7,0,1,2560,16,9395102521
4944,113362240,13858,113376098,3,0,1,23552,3,8514138780
4945,113368710,10294,113379004,8,0,1,4608,7,3572789000
4946,113373750,5920,113379670,3,0,1,1024,3,2541478566
4947,113374700,5316,113380016,4,0,1,512,13,3771779588
4948,113395570,84055,113479625,8,0,1,20992,7,10495976980
4949,113442100,42914,113485014,3,0,1,17408,3,6179829558
4950,113450330,354243,113804573,1,0,0,36352,9,7955709704
4951,113491391,288162,113779553,5,0,0,113152,18,1180370393
4952,113519271,274211,113793482,5,0,0,45568,18,4068709753
4953,113562660,49817,113612477,5,0,1,10752,18,5292553042
4954,113564411,462419,114026830,5,0,0,283648,18,10409372797
4955,113626031,494265,114120296,8,0,0,37888,7,1308181504
4956,113640460,104602,113745062,3,0,1,16384,3,4374392976
4957,113699730,79838,113779568,7,0,1,512,16,10687262543
4958,113700810,78773,113779583,4,0,1,1536,13,8614913700
4959,113715961,567508,114283469,2,0,0,178688,16,1876829912
4960,113716110,341475,114057585,1,0,0,100864,9,560120195
4961,113768730,39239,113807969,4,0,1,9728,13,5388524436
4962,113772950,311454,114084404,1,0,0,81408,9,5379124406
4963,113812740,2470,113815210,7,0,1,2560,16,7328861327
4964,113849571,209129,114058700,8,0,0,3584,7,7287315464
4965,113880980,11274,113892254,8,0,1,18432,7,7695010178
4966,113885320,515959,114401279,1,0,0,171008,9,7977379480
4967,113888021,460209,114348230,2,0,0,28672,16,5980394393
4968,113973841,474668,114448509,2,0,0,37888,16,1842058596
4969,114018190,66245,114084435,5,0,1,19456,18,2494590675
4970,114058310,28047,114086357,5,0,1,2048,18,8677154133
4971,114065311,265618,114330929,2,0,0,39936,16,899576595
4972,114075681,437754,114513435,5,0,0,71680,18,8515878049
4973,114086160,2870,114089030,3,0,1,8704,3,10361877296
4974,114090240,401340,114491580,1,0,0,141312,9,6504658654
4975,114153150,2470,114155620,3,0,1,2560,3,4131356800
4976,114153640,6310,114159950,5,0,1,14848,18,150101624
4977,114179370,566,114179936,8,0,1,512,7,1779180000
4978,114189510,3904,114193414,3,0,1,10752,3,2338018186
4979,114209440,5326,114214766,7,0,1,5632,16,4864347121
4980,114211210,8382,114219592,5,0,1,7680,18,4478921944
4981,114215461,372035,114587496,5,0,0,22528,18,3282338085
4982,114226840,1518,114228358,5,0,1,1536,18,1729625258
4983,114231690,548808,114780498,1,0,0,55808,9,2448612604
4984,114236601,339930,114576531,2,0,0,78848,16,4477972128
4985,114246740,423126,114669866,1,0,0,70144,9,5643799477
4986,114248331,332286,114580617,5,0,0,13312,18,8978004404
4987,114265590,24266,114289856,8,0,1,6656,7,5992002683
4988,114274850,23581,114298431,7,0,1,21504,16,9728886585
4989,114285080,13697,114298777,7,0,1,512,16,2227890168
4990,114300690,6488,114307178,2,0,1,15872,16,784237591
4991,114318390,203804,114522194,1,0,0,28672,9,2395900048
4992,114377840,36168,114414008,8,0,1,24576,7,8086684499
4993,114470490,292989,114763479,1,0,0,148480,9,3184564061
4994,114546700,29846,114576546,7,0,1,27136,16,9571380060
4995,114614800,3422,114618222,8,0,1,3584,7,4707830067
4996,114683621,10757,114694378,0,0,1,17408,14,6591843397
4997,114747140,38768,114785908,7,0,1,5632,16,1466790305
4998,114763351,29963,114793314,0,0,1,17920,14,8039294951
4999,114765501,101867,114867368,2,0,0,15360,16,10510254487
5000,114777050,16610,114793660,5,0,1,512,18,5803003420
5001,114779901,263903,115043804,5,0,0,88064,18,5253854696
5002,114798301,100369,114898670,8,0,0,1024,7,1897043236
5003,114833880,262051,115095931,1,0,0,171008,9,7879451802
5004,114844190,4937,114849127,5,0,1,12800,18,158728354
5005,114898080,13341,114911421,5,0,1,22528,18,7858756188
5006,114946460,22433,114968893,5,0,1,36864,18,458723598
5007,114962881,161905,115124786,2,0,0,19968,16,4798350231
5008,114962961,10118,114973079,0,0,1,6656,14,1574767282
5009,114994201,5326,114999527,0,0,1,5632,14,10298033355
5010,115023850,76915,115100765,8,0,1,5120,7,8581708688
5011,115028481,157574,115186055,8,0,0,19456,7,5809377161
5012,115095030,151247,115246277,1,0,0,14336,9,9905267889
5013,115101721,133582,115235303,2,0,0,92160,16,10274569149
5014,115113511,11298,115124809,0,0,1,7680,14,5126218287
5015,115118770,329719,115448489,1,0,0,211968,9,2241637805
5016,115129190,4850,115134040,7,0,1,5120,16,4404057905
5017,115157270,4850,115162120,8,0,1,5120,7,5783341407
5018,115159631,6229,115165860,0,0,1,15360,14,5058109110
5019,115185541,146053,115331594,8,0,0,3584,7,2126750876
5020,115192570,261112,115453682,1,0,0,14848,9,3311879703
5021,115203741,457056,115660797,5,0,0,33792,18,1153039603
5022,115206061,369088,115575149,2,0,0,98816,16,438180584
5023,115210360,29372,115239732,2,0,1,11776,16,6197563744
5024,115210370,38771,115249141,8,0,1,16384,7,8114883822
5025,115238021,304884,115542905,2,0,0,20992,16,1358468383
5026,115267540,20624,115288164,5,0,1,33280,18,88965260
5027,115268590,24759,115293349,8,0,1,16384,7,1282887439
5028,115322391,126752,115449143,8,0,0,2048,7,2957564539
5029,115333030,3898,115336928,7,0,1,4096,16,1597109922
5030,115348230,100274,115448504,8,0,1,65024,7,7935753974
5031,115482330,3128,115485458,5,0,1,9216,18,5079538445
5032,115497911,135717,115633628,2,0,0,78848,16,7833745490
5033,115518201,1518,115519719,0,0,1,1536,14,3163429439
5034,115519120,13858,115532978,8,0,1,23552,7,4878552185
5035,115530511,103444,115633955,8,0,0,1024,7,5254545639
5036,115590720,259233,115849953,1,0,0,198656,9,1279651813
5037,115590870,11791,115602661,7,0,1,19456,16,4077336947
5038,115591801,179152,115770953,2,0,0,12288,16,3091075278
5039,115594190,9137,115603327,8,0,1,11264,7,5029477220
5040,115603610,1042,115604652,5,0,1,1024,18,3409118204
5041,115686470,5802,115692272,8,0,1,6144,7,7108680320
5042,115693491,5971,115699462,0,0,1,14848,14,4216625253
5043,115745260,16613,115761873,5,0,1,32256,18,9456832656
5044,115750330,13809,115764139,7,0,1,3584,16,8932955464
5045,115767720,9044,115776764,5,0,1,6144,18,4388491686
5046,115770210,8595,115778805,5,0,1,14848,18,4270923350
5047,115795911,154999,115950910,2,0,0,11264,16,8815527926
5048,115802751,172562,115975313,2,0,0,18944,16,736583896
5049,115817791,77619,115895410,8,0,0,512,7,7544379980
5050,115909551,4937,115914488,0,0,1,12800,14,9124188705
5051,115950761,1183,115951944,0,0,1,1024,14,1465594548
5052,116003830,4937,116008767,1,0,1,12800,9,5083932174
5053,116014451,115540,116129991,8,0,0,24576,7,5335493708
5054,116060141,3387,116063528,0,0,1,9728,14,7681063301
5055,116066260,4420,116070680,1,0,1,11776,9,9304529264
5056,116092730,15837,116108567,1,0,1,30720,9,9378401794
5057,116118491,155561,116274052,8,0,0,20992,7,4346958613
5058,116119961,147680,116267641,2,0,0,14848,16,8563243398
5059,116125430,7681,116133111,5,0,1,9216,18,10019963099
5060,116152270,6488,116158758,7,0,1,15872,16,16216129
5061,116196601,143190,116339791,2,0,0,28160,16,3222606854
5062,116211870,1994,116213864,1,0,1,2048,9,615494970
5063,116244151,119592,116363743,8,0,0,33792,7,627501148
5064,116331940,11265,116343205,5,0,1,3584,18,163980910
5065,116352050,11708,116363758,5,0,1,10752,18,8872294426
5066,116401990,2870,116404860,7,0,1,8704,16,6820279515
5067,116461820,85136,116546956,1,0,0,14848,9,10083972727
5068,116563440,6754,116570194,7,0,1,7168,16,5995681066
5069,116643700,119756,116763456,1,0,0,93184,9,756915311
5070,116735610,210858,116946468,1,0,0,154624,9,121805039
5071,116812310,5326,116817636,7,0,1,5632,16,4364445134
5072,116813220,8922,116822142,2,0,1,7168,16,2339843140
5073,116819710,153950,116973660,1,0,0,9728,9,8404968868
5074,116913451,194510,117107961,8,0,0,121856,7,1565923964
5075,116920050,28471,116948521,5,0,1,2048,18,5901889874
5076,116924350,196582,117120932,1,0,0,42496,9,517688208
5077,116935441,24963,116960404,0,0,1,25600,14,1480285928
5078,116946921,15429,116962350,0,0,1,3072,14,6104971307
5079,116955520,7803,116963323,7,0,1,12800,16,2534522718
5080,116984210,4374,116988584,7,0,1,4608,16,10527720586
5081,117035860,280670,117316530,1,0,0,61440,9,6998587892
5082,117042981,199518,117242499,2,0,0,96256,16,9009678757
5083,117058991,4937,117063928,0,0,1,12800,14,1937756883
5084,117102401,195394,117297795,2,0,0,92672,16,2820059410
5085,117126620,3128,117129748,5,0,1,9216,18,5441686080
5086,117149370,7230,117156600,5,0,1,7680,18,2501450428
5087,117179440,4374,117183814,7,0,1,4608,16,2511123336
5088,117185761,4937,117190698,0,0,1,12800,14,7960360437
5089,117237581,205606,117443187,8,0,0,67072,7,3475387628
5090,117247881,264630,117512511,8,0,0,185856,7,3314959071
5091,117299091,17997,117317088,0,0,1,512,14,3437860618
5092,117316841,285897,117602738,2,0,0,62976,16,8380751252
5093,117318990,13858,117332848,7,0,1,23552,16,5814453563
5094,117328030,8684,117336714,5,0,1,6144,18,6940597925
5095,117337200,4162,117341362,5,0,1,11264,18,8000658273
5096,117375000,2470,117377470,5,0,1,2560,18,7906014326
5097,117440050,288311,117728361,1,0,0,205312,9,4713045870
5098,117445890,2470,117448360,5,0,1,2560,18,2158429002
5099,117501410,13087,117514497,5,0,1,2048,18,1325781062
5100,117577871,332001,117909872,2,0,0,199680,16,5821594720
5101,117593840,255177,117849017,1,0,0,60928,9,10019229990
5102,117613960,326659,117940619,1,0,0,100864,9,2229041711
5103,117620060,339933,117959993,1,0,0,60928,9,5835323596
5104,117659911,68465,117728376,0,0,1,33792,14,1497370248
5105,117688010,287762,117975772,1,0,0,51712,9,9106066394
5106,117699281,45466,117744747,0,0,1,31744,14,7538936822
5107,117739090,202324,117941414,1,0,0,2560,9,483951458
5108,117779601,13600,117793201,0,0,1,23040,14,9624050681
5109,117913481,67100,117980581,0,0,1,5120,14,10704869860
5110,118004370,1518,118005888,5,0,1,1536,18,10157811990
5111,118019251,7230,118026481,0,0,1,7680,14,2085789540
5112,118035960,138068,118174028,1,0,0,133120,9,6764077240
5113,118108300,10757,118119057,5,0,1,17408,18,10506762317
5114,118113681,9562,118123243,0,0,1,6656,14,3284989853
5115,118233821,11016,118244837,0,0,1,17920,14,9630334121
5116,118242981,171072,118414053,2,0,0,29696,16,5761916095
5117,118254280,104156,118358436,1,0,0,41984,9,9348439155
5118,118255980,102939,118358919,1,0,0,1536,9,3043636382
5119,118299191,66973,118366164,2,0,0,4608,16,3346046238
5120,118309410,23725,118333135,5,0,1,39424,18,7695973950
5121,118370331,221028,118591359,8,0,0,135680,7,3415001191
5122,118474120,144793,118618913,1,0,0,40960,9,3884482432
5123,118648560,110552,118759112,1,0,0,62976,9,6620605666
5124,118678321,155252,118833573,2,0,0,63488,16,6461125213
5125,118678720,359507,119038227,1,0,0,330752,9,2123398911
5126,118718001,332441,119050442,8,0,0,39936,7,1124553276
5127,118719081,13512,118732593,0,0,1,26112,14,5125071904
5128,118747830,328803,119076633,1,0,0,62464,9,6806734858
5129,118817141,392235,119209376,8,0,0,144896,7,1777816896
5130,118864579,186050,119050629,1,0,0,512,9,6074008842
5131,118875881,10499,118886380,0,0,1,16896,14,9807576800
5132,118941611,385163,119326774,8,0,0,61440,7,735971872
5133,118951290,267476,119218766,1,0,0,5120,9,982116724
5134,118960230,163598,119123828,1,0,0,2048,9,2727977294
5135,118979171,144018,119123189,2,0,0,22528,16,3824612554
5136,118999911,217280,119217191,2,0,0,25600,16,2756349048
5137,119019771,96539,119116310,2,0,0,2048,16,7523666347
5138,119107841,5326,119113167,0,0,1,5632,14,9176746278
5139,119117851,265749,119383600,8,0,0,19968,7,3317517082
5140,119122381,217824,119340205,2,0,0,44032,16,9786960450
5141,119221391,136245,119357636,2,0,0,39424,16,7571302274
5142,119273101,5712,119278813,0,0,1,14336,14,7843599055
5143,119360481,2470,119362951,0,0,1,2560,14,5034954056
5144,119383831,86576,119470407,2,0,0,11776,16,4758688614
5145,119396310,189466,119585776,1,0,0,4608,9,10031896857
5146,119401661,71101,119472762,8,0,0,7680,7,8508491501
5147,119420660,6229,119426889,3,0,1,15360,3,6762115923
5148,119454721,18056,119472777,0,0,1,23552,14,8838274235
5149,119461871,198107,119659978,8,0,0,76288,7,771130616
5150,119567551,309861,119877412,8,0,0,284672,7,2227945
5151,119571570,3898,119575468,3,0,1,4096,3,7880382351
5152,119603300,185791,119789091,1,0,0,1536,9,3562729497
5153,119631411,256483,119887894,2,0,0,31744,16,8710393763
5154,119695011,265645,119960656,8,0,0,78848,7,8691178142
5155,119712331,256608,119968939,2,0,0,27136,16,3204523220
5156,119720000,1518,119721518,3,0,1,1536,3,4516046123
5157,119721360,2946,119724306,3,0,1,3072,3,7615434401
5158,119727520,150687,119878207,1,0,0,2560,9,2370789812
5159,119746341,144064,119890405,2,0,0,8192,16,8121850579
5160,120011230,13600,120024830,3,0,1,23040,3,10564760508
5161,120025841,256994,120282835,8,0,0,239104,7,3848001517
5162,120059011,226335,120285346,8,0,0,8192,7,6177121858
5163,120165661,1042,120166703,0,0,1,1024,14,4637046451
5164,120284009,46925,120330934,1,0,0,1024,9,660908680
5165,120349341,106964,120456305,2,0,0,51200,16,513005878
5166,120476491,97604,120574095,2,0,0,20480,16,2296171132
5167,120562201,2870,120565071,0,0,1,8704,14,4779223834
5168,120621611,2470,120624081,0,0,1,2560,14,7624305353
5169,120648419,43904,120692323,1,0,0,512,9,5844901109
5170,120653421,52364,120705785,8,0,0,3072,7,9167705750
5171,120667430,21658,120689088,8,0,1,35328,7,9506057783
5172,120720830,6488,120727318,5,0,1,15872,18,6063980808
5173,120812410,23637,120836047,5,0,1,42496,18,5367963623
5174,120854099,122728,120976827,1,0,0,29696,9,6450569966
5175,120861511,139214,121000725,2,0,0,41472,16,6609620048
5176,120868289,142126,121010415,1,0,0,18944,9,9250741487
5177,120874251,3645,120877896,0,0,1,10240,14,4832013979
5178,120925051,52259,120977310,8,0,0,1536,7,3768655057
5179,120944860,11791,120956651,2,0,1,19456,16,1870637219
5180,120974331,222352,121196683,2,0,0,45568,16,9497082024
5181,120976791,137170,121113961,4,0,0,2048,13,2344056266
5182,120991480,10755,121002235,2,0,1,1536,16,2276850981
5183,121024590,3422,121028012,2,0,1,3584,16,8470764347
5184,121026130,5196,121031326,2,0,1,13312,16,3964318455
5185,121043561,168573,121212134,8,0,0,1024,7,1893954373
5186,121056941,160400,121217341,8,0,0,2048,7,8861285034
5187,121061831,53560,121115391,4,0,0,1536,13,2032683243
5188,121073391,82088,121155479,2,0,0,19968,16,10589029738
5189,121107740,3387,121111127,8,0,1,9728,7,8318920649
5190,121110640,4766,121115406,2,0,1,11776,16,5629377605
5191,121119209,170492,121289701,1,0,0,122880,9,338239318
5192,121169370,566,121169936,5,0,1,512,18,2903370742
5193,121178581,180912,121359493,8,0,0,2560,7,4645236402
5194,121181070,391086,121572156,1,0,0,239104,9,3206628979
5195,121195981,268891,121464872,2,0,0,222208,16,10189710898
5196,121224920,1042,121225962,8,0,1,1024,7,8840295438
5197,121348141,121696,121469837,4,0,0,2560,13,6076584038
5198,121372059,201680,121573739,1,0,0,5120,9,8772562814
5199,121386370,78517,121464887,8,0,1,28672,7,3747539004
5200,121395201,84502,121479703,4,0,0,512,13,838430992
5201,121405181,171404,121576585,4,0,0,5632,13,9064865934
5202,121446241,128613,121574854,4,0,0,3584,13,2325435999
5203,121505060,78238,121583298,2,0,1,7168,16,2824158936
5204,121529291,62003,121591294,0,0,1,20992,14,6449592748
5205,121582870,12290,121595160,2,0,1,6144,16,2994960608
5206,121588800,7026,121595826,5,0,1,1024,18,6582776171
5207,121638901,74672,121713573,2,0,0,10752,16,487424222
5208,121651191,2946,121654137,0,0,1,3072,14,2802794792
5209,121659811,147458,121807269,2,0,0,28672,16,7227729024
5210,121690270,2946,121693216,4,0,1,3072,13,154895439
5211,121702201,2470,121704671,0,0,1,2560,14,6950356420
5212,121702481,46145,121748626,8,0,0,1024,7,10604033460
5213,121706660,2870,121709530,2,0,1,8704,16,6003036755
5214,121733430,4374,121737804,8,0,1,4608,7,478218513
5215,121740870,1518,121742388,8,0,1,1536,7,1945941688
5216,121798751,171350,121970101,4,0,0,5120,13,4093999592
5217,121803980,5300,121809280,2,0,1,2048,16,570970053
5218,121839971,303353,122143324,2,0,0,284160,16,94322465
5219,121841570,3422,121844992,8,0,1,3584,7,9046618564
5220,121848490,2946,121851436,1,0,1,3072,9,7845319099
5221,121876261,131304,122007565,4,0,0,2048,13,7705951598
5222,121880590,4937,121885527,1,0,1,12800,9,1840281823
5223,121921720,4937,121926657,2,0,1,12800,16,7807693205
5224,121942471,201040,122143511,4,0,0,512,13,9716105483
5225,121952211,78629,122030840,4,0,0,512,13,7081929077
5226,121967551,207027,122174578,2,0,0,101888,16,7496461436
5227,121998660,566,121999226,4,0,1,512,13,6666521477
5228,122016070,12825,122028895,2,0,1,21504,16,2013026630
5229,122029611,184153,122213764,2,0,0,59392,16,6567940491
5230,122091420,85111,122176531,2,0,1,2048,16,2446842989
5231,122092700,85137,122177837,4,0,1,2048,13,834545234
5232,122103680,76267,122179947,4,0,1,11264,13,10290902668
5233,122157120,26545,122183665,8,0,1,4608,7,8091615235
5234,122165820,18191,122184011,4,0,1,512,13,5607491284
5235,122175310,9687,122184997,4,0,1,1536,13,1736954546
5236,122250300,4162,122254462,2,0,1,11264,16,6652671695
5237,122277901,47288,122325189,8,0,0,1536,7,2704445601
5238,122311130,5454,122316584,1,0,1,13824,9,1305931723
5239,122328560,6754,122335314,1,0,1,7168,9,9257416314
5240,122395341,48980,122444321,8,0,0,2048,7,9658720846
5241,122535231,67167,122602398,4,0,0,1024,13,558045677
5242,122544720,1994,122546714,2,0,1,2048,16,2085893975
5243,122549930,13341,122563271,1,0,1,22528,9,8490858887
5244,122587331,147684,122735015,8,0,0,1024,7,2480041617
5245,122587550,2946,122590496,4,0,1,3072,13,8523887583
5246,122620761,153524,122774285,8,0,0,4608,7,213881753
5247,122676451,89062,122765513,8,0,0,1024,7,9120525292
5248,122687440,1042,122688482,1,0,1,1024,9,1799368464
5249,122696700,4679,122701379,8,0,1,12288,7,3681658311
5250,122754530,3387,122757917,1,0,1,9728,9,5343864170
5251,122758390,5712,122764102,8,0,1,14336,7,8628444439
5252,122841681,129046,122970727,2,0,0,23040,16,9284988205
5253,122877740,2470,122880210,4,0,1,2560,13,5521030794
5254,122905640,12737,122918377,2,0,1,24576,16,6350971472
5255,122919041,153380,123072421,4,0,0,60416,13,4401137755
5256,122966490,5271,122971761,2,0,1,1024,16,9806589046
5257,123003200,1518,123004718,2,0,1,1536,16,10067303611
5258,123009030,4374,123013404,1,0,1,4608,9,4364816074
5259,123022110,1994,123024104,8,0,1,2048,7,4586566561
5260,123049171,385670,123434841,2,0,0,24576,16,4528320413
5261,123065750,10350,123076100,9,0,1,10240,15,7906055668
5262,123067900,13477,123081377,3,0,1,6144,3,5799304703
5263,123069801,357537,123427338,4,0,0,311808,13,8538894931
5264,123074730,18345,123093075,2,0,1,30208,16,8023915329
5265,123088320,5101,123093421,2,0,1,512,16,8345790093
5266,123123311,342309,123465620,4,0,0,100864,13,4814423828
5267,123136110,566,123136676,8,0,1,512,7,8071544020
5268,123161790,2870,123164660,8,0,1,8704,7,3106424969
5269,123213580,6278,123219858,3,0,1,6656,3,3165166964
5270,123240530,12308,123252838,2,0,1,20480,16,4990712905
5271,123277901,226469,123504370,4,0,0,37376,13,6132695829
5272,123315010,7230,123322240,1,0,1,7680,9,5886418936
5273,123349020,119530,123468550,1,0,1,3072,9,6069926865
5274,123352921,191709,123544630,4,0,0,60416,13,4905348993
5275,123363870,117215,123481085,2,0,1,28160,16,4395570049
5276,123370710,113601,123484311,4,0,1,5120,13,3079491862
5277,123431791,308704,123740495,4,0,0,183808,13,9911628307
5278,123447580,36885,123484465,3,0,1,8704,3,10387663826
5279,123447980,56405,123504385,4,0,1,29184,13,4488787754
5280,123474171,316747,123790918,4,0,0,145408,13,8442821564
5281,123503850,3914,123507764,8,0,1,9728,7,97553465
5282,123536660,14240,123550900,4,0,1,6656,13,5968301851
5283,123547460,4106,123551566,2,0,1,1024,16,3711573226
5284,123559290,14117,123573407,1,0,1,24064,9,2258262648
5285,123561791,320589,123882380,8,0,0,3072,7,10306496803
5286,123582081,337029,123919110,8,0,0,1024,7,10385391226
5287,123587681,267150,123854831,2,0,0,82944,16,3619880255
5288,123631280,1518,123632798,3,0,1,1536,3,7594261244
5289,123636520,5802,123642322,3,0,1,6144,3,1127899618
5290,123676301,198685,123874986,2,0,0,66048,16,6641863102
5291,123681901,199528,123881429,4,0,0,20992,13,7585498379
5292,123707971,350069,124058040,2,0,0,221184,16,9857297393
5293,123742140,2946,123745086,4,0,1,3072,13,6870732947
5294,123758830,36972,123795802,8,0,1,5120,7,1456675402
5295,123779370,18058,123797428,7,0,1,2560,16,9786136316
5296,123784220,16754,123800974,2,0,1,5632,16,933402288
5297,123806540,2470,123809010,7,0,1,2560,16,9872666997
5298,123812680,6754,123819434,8,0,1,7168,7,8564096258
5299,123838020,44383,123882403,2,0,1,4608,16,9308081916
5300,123838539,101972,123940511,6,0,1,108032,12,2557672061
5301,123853480,88004,123941484,7,0,1,12800,16,1094313623
5302,123859000,88283,123947283,3,0,1,19456,3,9181292008
5303,123891890,61909,123953799,3,0,1,23040,3,10712835086
5304,123903019,78033,123981052,6,0,1,89600,12,10393398287
5305,123909919,188707,124098626,6,0,1,235520,12,269572978
5306,123911180,187805,124098985,4,0,1,9728,13,4737233362
5307,123916150,188532,124104682,1,0,1,18944,9,8562707301
5308,123942809,183788,124126597,6,0,1,80384,12,3818013219
5309,123948180,180043,124128223,7,0,1,2560,16,1215226431
5310,123984029,154716,124138745,6,0,1,41984,12,2637076891
5311,123998790,140621,124139411,2,0,1,11264,16,4357493956
5312,124018511,418954,124437465,2,0,0,121856,16,2059381247
5313,124057870,86828,124144698,8,0,1,16896,7,9213533741
5314,124090510,60294,124150804,1,0,1,20992,9,2004679492
5315,124095950,76666,124172616,7,0,1,71680,16,9421945934
5316,124097920,75362,124173282,2,0,1,11264,16,8170780366
5317,124129121,129022,124258143,8,0,0,1024,7,1188862104
5318,124143130,36565,124179695,1,0,1,30720,9,2378218299
5319,124148740,33221,124181961,3,0,1,3584,3,7906750465
5320,124184720,6278,124190998,2,0,1,6656,16,2484932894
5321,124234880,14804,124249684,7,0,1,28672,16,7267613864
5322,124264859,4850,124269709,6,0,1,5120,12,5588842340
5323,124298180,7230,124305410,9,0,1,7680,15,4941642153
5324,124310291,161067,124471358,8,0,0,1536,7,4289163734
5325,124320590,53583,124374173,2,0,1,87552,16,5533072799
5326,124409260,38738,124447998,9,0,1,16896,15,10148612008
5327,124410330,39934,124450264,4,0,1,3584,13,2457910811
5328,124427410,24032,124451442,4,0,1,13824,13,1432732149
5329,124447510,9078,124456588,8,0,1,8192,7,3232932168
5330,124464190,4162,124468352,9,0,1,11264,15,1836674276
5331,124482150,7230,124489380,8,0,1,7680,7,9434366177
5332,124495460,3387,124498847,3,0,1,9728,3,3229079085
5333,124502850,566,124503416,7,0,1,512,16,4313618571
5334,124506800,3645,124510445,4,0,1,10240,13,3404940105
5335,124519461,205914,124725375,2,0,0,19456,16,378444189
5336,124528040,5326,124533366,4,0,1,5632,13,9669288267
5337,124529870,4162,124534032,7,0,1,11264,16,5174741803
5338,124543991,246628,124790619,2,0,0,17920,16,8709448488
5339,124548340,5802,124554142,1,0,1,6144,9,1782616285
5340,124562080,11016,124573096,7,0,1,17920,16,10439006756
5341,124583140,2946,124586086,7,0,1,3072,16,2450474990
5342,124587540,2946,124590486,1,0,1,3072,9,7205164628
5343,124589370,5326,124594696,7,0,1,5632,16,7412706421
5344,124599640,12049,124611689,9,0,1,19968,15,622065308
5345,124629611,143769,124773380,8,0,0,2560,7,3289821478
5346,124646230,5802,124652032,9,0,1,6144,15,986162603
5347,124663951,99860,124763811,8,0,0,512,7,3104122941
5348,124776700,5326,124782026,4,0,1,5632,13,10005684226
5349,124824090,7706,124831796,1,0,1,8192,9,1294784551
5350,124880910,14804,124895714,7,0,1,28672,16,6363843275
5351,124882880,13705,124896585,9,0,1,12288,15,6659959158
5352,124898000,5802,124903802,1,0,1,6144,9,8609600219
5353,124920130,10241,124930371,8,0,1,16384,7,9558849712
5354,124944010,3904,124947914,7,0,1,10752,16,8728832275
5355,125015730,1518,125017248,8,0,1,1536,7,9732455279
5356,125021411,134693,125156104,2,0,0,102912,16,9345241492
5357,125044140,6754,125050894,8,0,1,7168,7,2473318566
5358,125063500,1042,125064542,7,0,1,1024,16,8906069552
5359,125073020,4850,125077870,7,0,1,5120,16,7972907416
5360,125081691,407263,125488954,2,0,0,187392,16,2486497674
5361,125095500,1994,125097494,9,0,1,2048,15,9425398688
5362,125097090,750,125097840,8,0,1,512,7,3016289181
5363,125197411,339022,125536433,2,0,0,155648,16,8100391695
5364,125203570,10241,125213811,7,0,1,16384,16,7916897981
5365,125228541,203302,125431843,4,0,0,93184,13,10506583939
5366,125266320,566,125266886,3,0,1,512,3,5694879478
5367,125320160,4374,125324534,7,0,1,4608,16,2191546422
5368,125373350,13770,125387120,1,0,1,26624,9,5287226701
5369,125427101,154274,125581375,2,0,0,7168,16,7377479740
5370,125434450,106621,125541071,8,0,1,12288,7,2374785019
5371,125457960,89882,125547842,9,0,1,8192,15,3051247430
5372,125465621,74072,125539693,8,0,0,2560,7,3620864582
5373,125466870,84198,125551068,8,0,1,5120,7,4551153980
5374,125496920,58974,125555894,8,0,1,7680,7,7610776301
5375,125500901,90637,125591538,8,0,0,1536,7,701625047
5376,125510150,50570,125560720,8,0,1,7680,7,10211179466
5377,125554400,10506,125564906,9,0,1,6656,15,9601042297
5378,125651710,3645,125655355,8,0,1,10240,7,428120758
5379,125671000,1518,125672518,3,0,1,1536,3,3964951153
5380,125698501,74228,125772729,4,0,0,14336,13,1451010958
5381,125720240,566,125720806,1,0,1,512,9,6446827204
5382,125735150,2470,125737620,1,0,1,2560,9,1496804835
5383,125738410,3422,125741832,3,0,1,3584,3,5425963553
5384,125739720,7706,125747426,3,0,1,8192,3,3917896097
5385,125757500,2870,125760370,9,0,1,8704,15,8480791637
5386,125798541,50672,125849213,8,0,0,2560,7,32986199
5387,125820310,566,125820876,4,0,1,512,13,1432953318
5388,125840100,1518,125841618,4,0,1,1536,13,1217502014
5389,125849411,247305,126096716,2,0,0,79872,16,1019661705
5390,125870760,7230,125877990,4,0,1,7680,13,8753469842
5391,125898781,166837,126065618,2,0,0,39424,16,5533659673
5392,125911990,23637,125935627,3,0,1,42496,3,10316014050
5393,125934530,1443,125935973,3,0,1,512,3,3354599644
5394,126021190,5326,126026516,3,0,1,5632,3,6125830285
5395,126035710,1994,126037704,1,0,1,2048,9,9307161590
5396,126069461,367639,126437100,4,0,0,97280,13,10330751595
5397,126072060,24679,126096739,1,0,1,7168,9,7005987149
5398,126074701,332744,126407445,2,0,0,267264,16,5150178544
5399,126084210,14049,126098259,3,0,1,1536,3,9117093367
5400,126103590,7230,126110820,9,0,1,7680,15,6052193712
5401,126124430,7706,126132136,1,0,1,8192,9,309595333
5402,126175030,566,126175596,4,0,1,512,13,1674600228
5403,126218380,1994,126220374,1,0,1,2048,9,4021863191
5404,126237871,204563,126442434,2,0,0,17408,16,5412678768
5405,126296659,140456,126437115,6,0,1,140288,12,7708064701
5406,126409180,39541,126448721,3,0,1,6656,3,3697837717
5407,126435230,16077,126451307,1,0,1,4096,9,1952909104
5408,126477570,12995,126490565,8,0,1,25088,7,1413071410
5409,126508610,6754,126515364,8,0,1,7168,7,7229060490
5410,126550691,48961,126599652,8,0,0,512,7,6824372137
5411,126584751,57440,126642191,8,0,0,4608,7,5412245073
5412,126590130,6488,126596618,8,0,1,15872,7,2068048031
5413,126648620,16096,126664716,1,0,1,31232,9,8095751660
5414,126662590,2870,126665460,9,0,1,8704,15,1056634660
5415,126674500,7230,126681730,1,0,1,7680,9,8870697738
5416,126679841,110812,126790653,8,0,0,512,7,9394840682
5417,126686441,214312,126900753,2,0,0,38400,16,4182218121
5418,126692790,1518,126694308,8,0,1,1536,7,5522306335
5419,126697400,3422,126700822,7,0,1,3584,16,9458891076
5420,126719180,5454,126724634,8,0,1,13824,7,1304679776
5421,126723991,165047,126889038,4,0,0,21504,13,450579255
5422,126756550,24154,126780704,9,0,1,43520,15,6169081118
5423,126793110,1994,126795104,3,0,1,2048,3,7153973172
5424,126818940,7706,126826646,1,0,1,8192,9,6898287527
5425,126830960,1518,126832478,1,0,1,1536,9,8736509614
5426,126839210,1042,126840252,1,0,1,1024,9,3954732288
5427,126871301,200744,127072045,2,0,0,22528,16,1294740619
5428,126872220,6488,126878708,9,0,1,15872,15,9907776413
5429,126880790,19978,126900768,9,0,1,4608,15,4711866912
5430,126891510,22591,126914101,3,0,1,22528,3,9519303014
5431,126911809,56854,126968663,6,0,1,97280,12,3484666928
5432,126965800,14029,126979829,9,0,1,27136,15,510012425
5433,126990991,131841,127122832,2,0,0,31744,16,3044906957
5434,127044230,203594,127247824,0,0,0,74240,14,1471673922
5435,127047840,6278,127054118,1,0,1,6656,9,5900013195
5436,127056900,4420,127061320,1,0,1,11776,9,3762158677
5437,127057969,15134,127073103,6,0,1,20992,12,5286969778
5438,127074530,6488,127081018,9,0,1,15872,15,7004520892
5439,127097951,322224,127420175,2,0,0,91648,16,4505579932
5440,127107890,1042,127108932,9,0,1,1024,15,9351998209
5441,127118060,8668,127126728,1,0,1,10752,9,7515394447
5442,127149390,5326,127154716,9,0,1,5632,15,1114005472
5443,127188230,12308,127200538,1,0,1,20480,9,3593201886
5444,127203600,5326,127208926,8,0,1,5632,7,5011573296
5445,127214170,33669,127247839,8,0,1,20480,7,6816966331
5446,127217070,30784,127247854,7,0,1,17408,16,626951621
5447,127248970,15321,127264291,8,0,1,29696,7,10075060767
5448,127323070,6278,127329348,9,0,1,6656,15,6241248053
5449,127339291,81235,127420526,8,0,0,1024,7,6673334738
5450,127378690,2470,127381160,7,0,1,2560,16,7104922958
5451,127392450,40860,127433310,8,0,1,21504,7,8691406857
5452,127406720,29816,127436536,9,0,1,5120,15,692405494
5453,127413920,22962,127436882,9,0,1,512,15,10518633155
5454,127435111,294414,127729525,4,0,0,92160,13,8751641486
5455,127437349,158104,127595453,6,0,1,261120,12,3311951684
5456,127440850,159788,127600638,3,0,1,24576,3,5949205280
5457,127448970,152014,127600984,8,0,1,512,7,6528458823
5458,127494819,137629,127632448,6,0,1,109568,12,4648967478
5459,127495280,140714,127635994,7,0,1,5632,16,680551216
5460,127613550,28141,127641691,7,0,1,18944,16,8160774062
5461,127651520,16613,127668133,9,0,1,32256,15,10138543015
5462,127679690,6754,127686444,7,0,1,7168,16,6966343968
5463,127705710,27229,127732939,3,0,1,3584,3,44275274
5464,127755111,182775,127937886,8,0,0,5120,7,3081346333
5465,127755311,142765,127898076,4,0,0,6656,13,6939449862
5466,127783481,232278,128015759,4,0,0,39424,13,934811582
5467,127838780,3898,127842678,7,0,1,4096,16,265445267
5468,127853620,2870,127856490,3,0,1,8704,3,8087484114
5469,127885590,13253,127898843,3,0,1,25600,3,882715872
5470,127906340,5802,127912142,5,0,1,6144,18,7313892248
5471,127916591,104019,128020610,2,0,0,15872,16,324685648
5472,127967440,5971,127973411,9,0,1,14848,15,3749919194
5473,128025860,2870,128028730,7,0,1,8704,16,5042953490
5474,128034439,14287,128048726,6,0,1,27648,12,3208671959
5475,128045461,238587,128284048,2,0,0,51712,16,8066255549
5476,128077930,13341,128091271,7,0,1,22528,16,133273732
5477,128105310,566,128105876,7,0,1,512,16,5856765075
5478,128185161,124987,128310148,2,0,0,34304,16,7663634979
5479,128186801,279143,128465944,4,0,0,38912,13,5722304390
5480,128194421,318353,128512774,4,0,0,108544,13,9957817374
5481,128202040,4374,128206414,9,0,1,4608,15,10669043467
5482,128210081,269606,128479687,4,0,0,45056,13,9432802833
5483,128241610,14029,128255639,7,0,1,27136,16,8385615166
5484,128245950,12275,128258225,9,0,1,4096,15,4455341598
5485,128290290,3387,128293677,9,0,1,9728,15,7197720120
5486,128293149,17014,128310163,6,0,1,29184,12,6130366465
5487,128377421,168808,128546229,4,0,0,27648,13,7049997915
5488,128394871,222993,128617864,2,0,0,56832,16,10599958777
5489,128406961,179127,128586088,4,0,0,32256,13,4909183975
5490,128438691,122262,128560953,8,0,0,1536,7,3408258706
5491,128644720,1518,128646238,8,0,1,1536,7,4671587173
5492,128696530,5326,128701856,9,0,1,5632,15,4500370644
5493,128712640,4162,128716802,9,0,1,11264,15,2733853033
5494,128727900,42166,128770066,2,0,1,68608,16,9610744686
5495,128768161,147786,128915947,4,0,0,34816,13,6938469816
5496,128779720,4850,128784570,9,0,1,5120,15,8423367732
5497,128784481,132576,128917057,8,0,0,2048,7,9837507319
5498,128787060,2870,128789930,8,0,1,8704,7,2284266031
5499,128789181,280816,129069997,2,0,0,143872,16,2979950474
5500,128834780,4162,128838942,9,0,1,11264,15,10687026189
5501,128886710,5712,128892422,8,0,1,14336,7,3486355345
5502,128927590,1518,128929108,7,0,1,1536,16,3507517343
5503,128956041,168861,129124902,4,0,0,80384,13,9531169102
5504,128956190,4374,128960564,8,0,1,4608,7,3216897551
5505,129003530,2946,129006476,9,0,1,3072,15,1934920666
5506,129011590,58422,129070012,2,0,1,64512,16,10546265413
5507,129091270,4679,129095949,7,0,1,12288,16,1376741719
5508,129096600,28317,129124917,8,0,1,7168,7,6200025435
5509,129109551,125639,129235190,2,0,0,4096,16,6901459961
5510,129123310,5786,129129096,7,0,1,11264,16,8611098141
5511,129126521,149444,129275965,4,0,0,4608,13,9878094654
5512,129126840,13133,129139973,7,0,1,18944,16,9905527265
5513,129164360,5802,129170162,8,0,1,6144,7,6063144685
5514,129177140,20882,129198022,2,0,1,33792,16,8655619469
5515,129205430,15837,129221267,2,0,1,30720,16,1829663159
5516,129232160,115537,129347697,2,0,1,191488,16,2982375930
5517,129243391,443901,129687292,2,0,0,353792,16,8223195366
5518,129250850,102032,129352882,8,0,1,16384,7,3401809927
5519,129261430,95638,129357068,7,0,1,6656,16,4007323712
5520,129288141,61191,129349332,8,0,0,4096,7,8092521521
5521,129301200,57456,129358656,7,0,1,15872,16,3602289595
5522,129341070,19212,129360282,9,0,1,2560,15,9874368060
5523,129395660,3128,129398788,8,0,1,9216,7,1266059019
5524,129405860,5802,129411662,8,0,1,6144,7,5831653402
5525,129450570,13253,129463823,8,0,1,25600,7,9712365760
5526,129451990,121279,129573269,2,0,1,186880,16,8139699126
5527,129478820,97675,129576495,8,0,1,5120,7,9269293935
5528,129548640,28201,129576841,8,0,1,512,7,4636855976
5529,129594721,262402,129857123,2,0,0,62976,16,9699216179
5530,129647871,85034,129732905,8,0,0,1024,7,9290153830
5531,129689600,3898,129693498,9,0,1,4096,15,9298422138
5532,129731930,1518,129733448,9,0,1,1536,15,9468157172
5533,129771860,3387,129775247,8,0,1,9728,7,1257591613
5534,129787370,13253,129800623,2,0,1,25600,16,4215187298
5535,129813081,254043,130067124,4,0,0,88064,13,9284788631
5536,129837521,178704,130016225,2,0,0,29184,16,5930861334
5537,129866010,41908,129907918,2,0,1,68096,16,6729404934
5538,129885210,76634,129961844,2,0,1,125952,16,6968950798
5539,129909221,268563,130177784,8,0,0,512,7,8705704769
5540,129964261,274617,130238878,4,0,0,151040,13,9754539488
5541,129964430,51810,130016240,2,0,1,73728,16,10137706020
5542,130021221,226408,130247629,4,0,0,28672,13,6905497420
5543,130091300,4420,130095720,8,0,1,11776,7,8271092930
5544,130099000,7230,130106230,8,0,1,7680,7,1937501516
5545,130146040,1042,130147082,8,0,1,1024,7,5605790832
5546,130168711,89235,130257946,4,0,0,9728,13,7745710800
5547,130215450,35816,130251266,7,0,1,10240,16,7878828378
5548,130283720,7706,130291426,7,0,1,8192,16,5528916425
5549,130395510,11533,130407043,7,0,1,18944,16,8601930288
5550,130395671,88284,130483955,8,0,0,512,7,3762730052
5551,130399551,190548,130590099,2,0,0,8192,16,581233269
5552,130409881,319780,130729661,4,0,0,276480,13,4447714878
5553,130410341,200086,130610427,8,0,0,1024,7,6201312410
5554,130413831,343659,130757490,2,0,0,84480,16,8789629299
5555,130436880,12049,130448929,8,0,1,19968,7,8855197437
5556,130490651,240593,130731244,8,0,0,5120,7,4585575475
5557,130498311,6754,130505065,0,0,1,7168,14,1391100189
5558,130522510,7230,130529740,7,0,1,7680,16,1428295959
5559,130538511,231474,130769985,4,0,0,40960,13,8006238005
5560,130592061,139674,130731735,8,0,0,1536,7,6741170666
5561,130655841,121100,130776941,8,0,0,1536,7,9090783926
5562,130658291,163313,130821604,4,0,0,16896,13,7718412152
5563,130724991,106753,130831744,8,0,0,2560,7,10411744275
5564,130806451,138558,130945009,4,0,0,89600,13,5643507890
5565,130826270,3645,130829915,7,0,1,10240,16,4540712659
5566,130837011,2470,130839481,0,0,1,2560,14,7234952521
5567,130865761,91026,130956787,4,0,0,6144,13,413973472
5568,130866351,271176,131137527,2,0,0,171520,16,9980403248
5569,130925751,219934,131145685,8,0,0,512,7,4372821075
5570,130960810,2470,130963280,7,0,1,2560,16,8873556155
5571,130966371,179135,131145506,4,0,0,26112,13,9618176172
5572,131009751,72352,131082103,4,0,0,4608,13,8024474871
5573,131010521,164774,131175295,4,0,0,28160,13,7691441843
5574,131017490,5712,131023202,7,0,1,14336,16,2841407351
5575,131050061,566,131050627,0,0,1,512,14,7905387651
5576,131075410,1994,131077404,9,0,1,2048,15,10185058427
5577,131084181,62775,131146956,8,0,0,4096,7,322546602
5578,131097110,78200,131175310,9,0,1,39936,15,5399259882
5579,131119261,70141,131189402,2,0,0,512,16,5875700085
5580,131171530,8146,131179676,7,0,1,4608,16,2618374213
5581,131179461,7230,131186691,0,0,1,7680,14,5861502245
5582,131203191,100277,131303468,2,0,0,26624,16,10606853040
5583,131240510,1042,131241552,8,0,1,1024,7,3857747992
5584,131269380,3898,131273278,8,0,1,4096,7,2380722684
5585,131315920,3128,131319048,8,0,1,9216,7,8750492784
5586,131352211,153612,131505823,2,0,0,118272,16,6548574644
5587,131385341,121441,131506782,8,0,0,3072,7,3665535553
5588,131397481,191924,131589405,4,0,0,68608,13,5415115666
5589,131420781,10757,131431538,0,0,1,17408,14,2976377772
5590,131422510,9284,131431794,8,0,1,9216,7,7427902553
5591,131444501,216430,131660931,2,0,0,50176,16,2361356921
5592,131444900,5971,131450871,8,0,1,14848,7,6632618900
5593,131461580,45217,131506797,7,0,1,46592,16,10412482361
5594,131474940,37167,131512107,8,0,1,5632,7,2629866991
5595,131503011,11974,131514985,0,0,1,15872,14,2397400442
5596,131521251,411938,131933189,4,0,0,210944,13,4368693332
5597,131543791,5326,131549117,0,0,1,5632,14,10589710935
5598,131580801,13922,131594723,0,0,1,5632,14,4469335372
5599,131602501,246755,131849256,2,0,0,109056,16,1063429885
5600,131627871,11274,131639145,0,0,1,18432,14,9778553685
5601,131640561,365331,132005892,4,0,0,20992,13,2052981109
5602,131646341,291699,131938040,4,0,0,15872,13,10385039741
5603,131652461,13337,131665798,0,0,1,5120,14,9667185323
5604,131675121,11274,131686395,0,0,1,18432,14,8807982957
5605,131718071,3904,131721975,0,0,1,10752,14,2672110932
5606,131719561,232410,131951971,4,0,0,45568,13,4693841260
5607,131728461,1042,131729503,0,0,1,1024,14,4655916135
5608,131799491,1518,131801009,0,0,1,1536,14,10009419108
5609,131816970,189561,132006531,6,0,0,2048,12,4526815637
5610,131863520,2946,131866466,8,0,1,3072,7,9646625262
5611,131902150,72642,131974792,9,0,1,40960,15,7550310449
5612,131912250,67368,131979618,9,0,1,7680,15,9710389022
5613,131928011,52683,131980694,0,0,1,13312,14,2580799798
5614,131934421,234376,132168797,2,0,0,224256,16,1076704427
5615,131948881,35679,131984560,0,0,1,6144,14,4365155659
5616,131951611,223628,132175239,8,0,0,1024,7,10008360673
5617,131964981,209923,132174904,2,0,0,19968,16,4702157704
5618,131971061,18645,131989706,0,0,1,8192,14,4508557370
5619,131975450,19953,131995403,4,0,1,18944,13,9727133915
5620,132056201,3147,132059348,0,0,1,9216,14,4148810761
5621,132056211,15642,132071853,0,0,1,21504,14,10370180983
5622,132062930,9999,132072929,8,0,1,13312,7,4645096524
5623,132121440,59652,132181092,8,0,1,15360,7,6301444567
5624,132239191,4850,132244041,0,0,1,5120,14,6972185637
5625,132263211,180360,132443571,4,0,0,16384,13,5864102783
5626,132336189,46729,132382918,6,0,1,80896,12,6751020104
5627,132346499,118595,132465094,6,0,1,169472,12,1518320839
5628,132378511,202865,132581376,4,0,0,72192,13,8995836456
5629,132395109,91388,132486497,6,0,1,69632,12,9426539915
5630,132395860,94183,132490043,8,0,1,5632,7,5731243441
5631,132396050,99587,132495637,8,0,1,18432,7,3428922702
5632,132397030,99580,132496610,8,0,1,12800,7,3886976361
5633,132462830,34139,132496969,3,0,1,9728,3,6838159838
5634,132476569,25994,132502563,6,0,1,18432,12,7819096334
5635,132573791,64966,132638757,8,0,0,1536,7,1010643218
5636,132651241,177955,132829196,2,0,0,56320,16,10134280281
5637,132674489,2870,132677359,6,0,1,8704,12,7891860269
5638,132713640,1042,132714682,8,0,1,1024,7,8313908614
5639,132783681,183602,132967283,4,0,0,140288,13,1455364168
5640,132799200,5454,132804654,3,0,1,13824,3,1364884100
5641,132810189,19022,132829211,6,0,1,24576,12,9858914276
5642,132851040,6754,132857794,3,0,1,7168,3,10201904333
5643,132881891,86834,132968725,8,0,0,4608,7,5585628267
5644,132923810,43488,132967298,8,0,1,4608,7,3219660953
5645,132934770,41144,132975914,3,0,1,7680,3,15936412
5646,132967391,12389,132979780,0,0,1,6144,14,49148028
5647,132983891,5712,132989603,0,0,1,14336,14,10480064972
5648,132984901,70071,133054972,4,0,0,3584,13,8905964282
5649,133053650,2946,133056596,8,0,1,3072,7,3152352233
5650,133124161,90836,133214997,8,0,0,18432,7,3314179363
5651,133200321,3898,133204219,0,0,1,4096,14,1796906067
5652,133200981,109720,133310701,4,0,0,53248,13,6166725022
5653,133215051,216723,133431774,2,0,0,80896,16,1403688915
5654,133257171,7706,133264877,0,0,1,8192,14,7526124572
5655,133320650,2946,133323596,8,0,1,3072,7,2037944064
5656,133330050,4850,133334900,3,0,1,5120,3,8270522357
5657,133345740,566,133346306,8,0,1,512,7,7139464506
5658,133465390,3387,133468777,8,0,1,9728,7,3255167172
5659,133551281,114296,133665577,2,0,0,75264,16,2571057480
5660,133616531,118352,133734883,8,0,0,74752,7,5037782891
5661,133629291,60824,133690115,2,0,0,5632,16,1374155566
5662,133648970,20003,133668973,3,0,1,9728,3,2282868060
5663,133657460,13960,133671420,8,0,1,8704,7,2795040643
5664,133744141,116002,133860143,8,0,0,36864,7,6153008852
5665,133749540,16096,133765636,8,0,1,31232,7,10314801166
5666,133770501,94337,133864838,2,0,0,15360,16,2198329935
5667,133797881,400715,134198596,8,0,0,115712,7,3554868726
5668,133814380,5712,133820092,3,0,1,14336,3,1277353222
5669,133843031,243913,134086944,4,0,0,145408,13,9025362482
5670,133863771,145930,134009701,8,0,0,34304,7,3550083846
5671,133922901,304882,134227783,2,0,0,95744,16,6803764671
5672,133941171,222154,134163325,8,0,0,29696,7,1311365596
5673,133973450,4374,133977824,8,0,1,4608,7,4514340602
5674,133992950,2946,133995896,8,0,1,3072,7,6772619644
5675,134122771,159983,134282754,4,0,0,67072,13,9762750063
5676,134206380,26074,134232454,8,0,1,12288,7,495083438
5677,134245000,16354,134261354,2,0,1,31744,16,582929359
5678,134269400,14864,134284264,8,0,1,1536,7,5787855458
5679,134283600,3422,134287022,8,0,1,3584,7,3940145950
5680,134308290,134753,134443043,2,0,1,222208,16,379819599
5681,134364090,120683,134484773,2,0,1,142336,16,9185801441
5682,134374290,162581,134536871,2,0,1,167424,16,5449223338
5683,134395050,219914,134614964,2,0,1,234496,16,8895840473
5684,134440130,289794,134729924,2,0,1,309248,16,7145611567
5685,134490400,240804,134731204,8,0,1,14336,7,6711234427
5686,134519811,430048,134949859,8,0,0,18944,7,9074229403
5687,134629190,103000,134732190,8,0,1,1536,7,7526935723
5688,134697231,264324,134961555,2,0,0,19968,16,7767290123
5689,134775690,1994,134777684,8,0,1,2048,7,8183084660
5690,134838330,23120,134861450,2,0,1,41472,16,2290649045
5691,134858351,269441,135127792,4,0,0,53760,13,9721694022
5692,134890601,255414,135146015,4,0,0,4608,13,9329650838
5693,134916431,298243,135214674,8,0,0,33280,7,2144580664
5694,134926301,185096,135111397,2,0,0,61440,16,1887836582
5695,135000680,83612,135084292,2,0,1,139264,16,4387812793
5696,135039180,46418,135085598,3,0,1,2048,3,1006921436
5697,135080411,207799,135288210,4,0,0,10240,13,10187058152
5698,135121930,16353,135138283,1,0,1,16896,9,105249469
5699,135138311,339007,135477318,2,0,0,130048,16,5314554426
5700,135173880,56596,135230476,2,0,1,96768,16,6079811165
5701,135243670,55045,135298715,2,0,1,93696,16,4632893210
5702,135274110,31121,135305231,3,0,1,23040,3,8110641073
5703,135281781,375862,135657643,8,0,0,103424,7,156091688
5704,135289651,408255,135697906,2,0,0,132096,16,9728069022
5705,135309901,419335,135729236,4,0,0,102400,13,8124142256
5706,135332010,3904,135335914,3,0,1,10752,3,8299477184
5707,135378670,1994,135380664,8,0,1,2048,7,3503290727
5708,135387320,310633,135697953,2,0,1,455168,16,308427354
5709,135430881,666251,136097132,4,0,0,113664,13,6328225134
5710,135456431,809000,136265431,8,0,0,195072,7,685029304
5711,135477680,220288,135697968,3,0,1,7168,3,2645650962
5712,135514271,673421,136187692,8,0,0,59904,7,7975673430
5713,135522910,175073,135697983,8,0,1,14336,7,1494282241
5714,135523390,174616,135698006,2,0,1,35840,16,8542599992
5715,135545030,152991,135698021,3,0,1,11776,3,5931991042
5716,135559180,170071,135729251,1,0,1,10752,9,1990500382
5717,135573471,766855,136340326,2,0,0,245760,16,5676961531
5718,135595781,252763,135848544,8,0,0,30208,7,4384898024
5719,135600300,135276,135735576,2,0,1,166400,16,9070434945
5720,135616990,186740,135803730,2,0,1,124928,16,4766541269
5721,135617980,196580,135814560,3,0,1,35328,3,1894053865
5722,135618070,197796,135815866,8,0,1,2048,7,1688169381
5723,135664360,167981,135832341,2,0,1,54272,16,7772477814
5724,135682001,711560,136393561,8,0,0,174592,7,3258201625
5725,135749110,89030,135838140,2,0,1,19456,16,8638231446
5726,135778161,630102,136408263,2,0,0,10240,16,3721399212
5727,135782910,81356,135864266,2,0,1,92160,16,4846188975
5728,135788080,103131,135891211,2,0,1,88064,16,2695887103
5729,135833430,60047,135893477,3,0,1,3584,3,5565412653
5730,135906931,504467,136411398,4,0,0,10240,13,837999993
5731,135953061,452067,136405128,8,0,0,37888,7,9557736135
5732,135968571,509014,136477585,8,0,0,77312,7,1448342985
5733,135970890,41649,136012539,2,0,1,67584,16,9328784730
5734,136033910,1042,136034952,8,0,1,1024,7,957686769
5735,136113720,4679,136118399,3,0,1,12288,3,8756528739
5736,136191690,2870,136194560,3,0,1,8704,3,1224361286
5737,136243231,192139,136435370,2,0,0,7680,16,3248135235
5738,136308651,277670,136586321,2,0,0,105984,16,3463290947
5739,136308680,102733,136411413,8,0,1,5120,7,3635824837
5740,136437559,63450,136501009,6,0,1,103424,12,355385715
5741,136460710,43525,136504235,3,0,1,5120,3,716090406
5742,136473240,32621,136505861,3,0,1,2560,3,8130704527
5743,136487471,219978,136707449,4,0,0,12800,13,2840986924
5744,136506821,213431,136720252,2,0,0,18432,16,3164385512
5745,136581430,66007,136647437,2,0,1,98816,16,9482100701
5746,136624521,229498,136854019,8,0,0,137728,7,1037345802
5747,136693090,62416,136755506,2,0,1,101376,16,8097267725
5748,136709841,303597,137013438,4,0,0,11776,13,2407227746
5749,136712290,47722,136760012,3,0,1,7168,3,10369569343
5750,136762481,349546,137112027,2,0,0,13824,16,1787054233
5751,136767651,124744,136892395,4,0,0,19456,13,5926843433
5752,136797411,164602,136962013,2,0,0,19968,16,9941640469
5753,136864510,45179,136909689,2,0,1,77824,16,4579635414
5754,136875750,35245,136910995,9,0,1,2048,15,6808656405
5755,136883441,176776,137060217,2,0,0,11264,16,1169424559
5756,136944461,366319,137310780,8,0,0,86528,7,6031049577
5757,136971270,245441,137216711,2,0,1,397824,16,4481973708
5758,137017881,642815,137660696,8,0,0,211456,7,8982188200
5759,137116130,103167,137219297,9,0,1,4096,15,6716627311
5760,137144730,75233,137219963,2,0,1,11264,16,171348410
5761,137159720,62189,137221909,9,0,1,3072,15,6963918709
5762,137165101,379010,137544111,8,0,0,41472,7,4017994997
5763,137174811,495900,137670711,4,0,0,32768,13,10131990248
5764,137182351,306041,137488392,4,0,0,512,13,3102097534
5765,137189701,238720,137428421,2,0,0,46080,16,9780848438
5766,137225380,225708,137451088,2,0,1,366080,16,10659352080
5767,137273990,181604,137455594,9,0,1,7168,15,10284360690
5768,137281490,206080,137487570,2,0,1,103936,16,5934217760
5769,137328330,160866,137489196,2,0,1,2560,16,8443599476
5770,137443911,374549,137818460,4,0,0,98304,13,10075913925
5771,137553830,6229,137560059,9,0,1,15360,15,113289827
5772,137598681,219950,137818631,2,0,0,512,16,4992935873
5773,137642100,33766,137675866,9,0,1,13312,15,10396379123
5774,137684310,63450,137747760,2,0,1,103424,16,10557229864
5775,137760601,112958,137873559,2,0,0,4608,16,10147854656
5776,137831060,566,137831626,9,0,1,512,15,6089427584
5777,137836941,188671,138025612,8,0,0,15872,7,6333804333
5778,137860570,25962,137886532,2,0,1,47104,16,895162112
5779,137906520,5454,137911974,9,0,1,13824,15,6469348622
5780,137923860,1042,137924902,9,0,1,1024,15,5316344798
5781,137929390,2470,137931860,9,0,1,2560,15,735437570
5782,137936340,36604,137972944,2,0,1,64512,16,128752554
5783,138101390,4937,138106327,9,0,1,12800,15,512853177
5784,138122330,3422,138125752,9,0,1,3584,15,9664186563
5785,138229680,1994,138231674,9,0,1,2048,15,9623047977
5786,138291270,2470,138293740,2,0,1,2560,16,10061438921
5787,138322360,156554,138478914,2,0,1,258048,16,1363220957
5788,138353640,136001,138489641,2,0,1,43008,16,6619862067
5789,138370971,256210,138627181,2,0,0,12288,16,8530943640
5790,138414380,75927,138490307,9,0,1,1024,15,2030501130
5791,138484791,160696,138645487,8,0,0,10752,7,5819905787
5792,138603280,566,138603846,7,0,1,512,16,5349782456
5793,138611361,12049,138623410,0,0,1,19968,14,9656258223
5794,138684641,88779,138773420,4,0,0,13824,13,10703943486
5795,138688830,4850,138693680,7,0,1,5120,16,9242373685
5796,138724890,2946,138727836,9,0,1,3072,15,7779119976
5797,138757350,5712,138763062,9,0,1,14336,15,8132256930
5798,138766480,6971,138773451,9,0,1,15872,15,7539994821
5799,138770550,5757,138776307,2,0,1,8704,16,5451202292
5800,138771010,10405,138781415,5,0,1,5632,18,3019471236
5801,138783291,139810,138923101,8,0,0,2048,7,6619728013
5802,138846080,5196,138851276,7,0,1,13312,16,5518650987
5803,138851341,213036,139064377,8,0,0,75776,7,2297415589
5804,138863270,30749,138894019,7,0,1,49664,16,10110870772
5805,138897510,5196,138902706,9,0,1,13312,15,10210929819
5806,138945050,4374,138949424,9,0,1,4608,15,5279844592
5807,138947600,2810,138950410,9,0,1,1536,15,235808035
5808,138959041,318855,139277896,2,0,0,47616,16,3335144400
5809,138988341,180116,139168457,8,0,0,94208,7,3626304525
5810,139005240,12737,139017977,5,0,1,24576,18,9406727751
5811,139019530,2946,139022476,7,0,1,3072,16,9445791616
5812,139025960,1518,139027478,9,0,1,1536,15,2572479311
5813,139047370,20127,139067497,7,0,1,9216,16,10253177022
5814,139086171,214438,139300609,4,0,0,28160,13,3929514149
5815,139133830,34642,139168472,7,0,1,7168,16,2314787312
5816,139141571,80949,139222520,4,0,0,3584,13,5771170070
5817,139160331,227368,139387699,4,0,0,86016,13,4262417763
5818,139176270,14287,139190557,7,0,1,27648,16,4443682315
5819,139269971,125855,139395826,2,0,0,26624,16,4276937840
5820,139289070,1042,139290112,7,0,1,1024,16,3616235975
5821,139350830,4850,139355680,9,0,1,5120,15,6448486747
5822,139387510,20399,139407909,7,0,1,19968,16,8540401218
5823,139388100,22715,139410815,7,0,1,4608,16,5417872045
5824,139390680,282147,139672827,2,0,1,441344,16,7005068163
5825,139400300,274153,139674453,9,0,1,2560,15,4585323820
5826,139416601,392847,139809448,4,0,0,37376,13,3873397458
5827,139430110,245009,139675119,2,0,1,11264,16,5625871045
5828,139462490,238550,139701040,2,0,1,82944,16,3066990797
5829,139562250,143616,139705866,7,0,1,7680,16,7774966470
5830,139609960,96879,139706839,7,0,1,12800,16,4799329734
5831,139655850,53255,139709105,7,0,1,3584,16,251151647
5832,139698110,12941,139711051,7,0,1,3072,16,5698664080
5833,139716330,4420,139720750,3,0,1,11776,3,572637032
5834,139741470,10757,139752227,7,0,1,17408,16,8312290417
5835,139751900,1994,139753894,9,0,1,2048,15,10419150048
5836,139751980,33580,139785560,7,0,1,57344,16,6880111836
5837,139767061,392820,140159881,2,0,0,220160,16,4258771408
5838,139774080,15026,139789106,9,0,1,5632,15,5121453938
5839,139791160,18303,139809463,9,0,1,20992,15,5165167914
5840,139808680,14804,139823484,2,0,1,27136,16,3281368121
5841,139872580,5712,139878292,3,0,1,14336,3,7268099120
5842,139887070,13083,139900153,7,0,1,22016,16,7558528156
5843,139913750,7706,139921456,9,0,1,8192,15,3341850451
5844,139934980,16613,139951593,9,0,1,32256,15,2835485503
5845,139972980,51257,140024237,2,0,1,82944,16,4129866727
5846,140000810,29124,140029934,2,0,1,27136,16,6395497701
5847,140017180,17939,140035119,3,0,1,16384,3,9854083867
5848,140046321,115791,140162112,2,0,0,7168,16,1241824096
5849,140056220,2946,140059166,7,0,1,3072,16,4799135066
5850,140077980,2870,140080850,7,0,1,8704,16,2161659874
5851,140078151,249694,140327845,4,0,0,47104,13,1161343498
5852,140095940,69077,140165017,3,0,1,3072,3,4130343720
5853,140121690,108296,140229986,2,0,1,113664,16,920389085
5854,140125510,110889,140236399,8,0,1,22528,7,7526633187
5855,140138560,97993,140236553,7,0,1,8704,16,6284768049
5856,140181710,59669,140241379,7,0,1,7680,16,4853449458
5857,140197900,65599,140263499,2,0,1,73216,16,2447690946
5858,140210271,310165,140520436,4,0,0,61440,13,7892318773
5859,140211280,53602,140264882,3,0,1,14848,3,7145571795
5860,140217320,110540,140327860,2,0,1,134656,16,4159775141
5861,140258331,373603,140631934,2,0,0,52224,16,7949121836
5862,140265860,62015,140327875,9,0,1,1536,15,8226477222
5863,140272430,55460,140327890,9,0,1,2048,15,9806300568
5864,140294001,464339,140758340,2,0,0,179200,16,5433698833
5865,140351210,2946,140354156,5,0,1,3072,18,5878892127
5866,140410620,5802,140416422,5,0,1,6144,18,8569988832
5867,140412891,290834,140703725,2,0,0,52736,16,2954198407
5868,140413121,12308,140425429,0,0,1,20480,14,7529383961
5869,140414910,14385,140429295,3,0,1,6144,3,4048968512
5870,140425590,34795,140460385,2,0,1,60928,16,225964701
5871,140428810,37579,140466389,2,0,1,20480,16,1584931712
5872,140456220,16275,140472495,5,0,1,20992,18,42474941
5873,140458420,14741,140473161,7,0,1,11264,16,9005868576
5874,140477000,1518,140478518,9,0,1,1536,15,5815804496
5875,140538190,5971,140544161,9,0,1,14848,15,3056707184
5876,140541120,6493,140547613,5,0,1,5120,18,4177100771
5877,140543051,218300,140761351,4,0,0,9728,13,8795043875
5878,140558860,5971,140564831,5,0,1,14848,18,46231633
5879,140583731,201084,140784815,4,0,0,8704,13,4405553530
5880,140611291,297091,140908382,2,0,0,12288,16,8200237155
5881,140674370,3645,140678015,7,0,1,10240,16,6271741882
5882,140675130,5831,140680961,7,0,1,3584,16,10397965885
5883,140679640,4162,140683802,3,0,1,11264,3,2903689808
5884,140711811,301604,141013415,2,0,0,22016,16,3690953428
5885,140725260,41529,140766789,5,0,1,13824,18,224885408
5886,140737791,293309,141031100,2,0,0,38912,16,4451243013
5887,140746470,32935,140779405,5,0,1,23552,18,7627958823
5888,140756511,309677,141066188,4,0,0,53248,13,8093669320
5889,140788300,3422,140791722,2,0,1,3584,16,5625242678
5890,140823259,170530,140993789,1,0,0,69632,9,5429145803
5891,140829360,3422,140832782,7,0,1,3584,16,8826435373
5892,140830611,299539,141130150,2,0,0,129536,16,6023298091
5893,140843320,13083,140856403,5,0,1,22016,18,4737230439
5894,140893841,196818,141090659,2,0,0,18432,16,3057906935
5895,140942940,51257,140994197,2,0,1,82944,16,299482666
5896,140987001,91937,141078938,2,0,0,6656,16,4698338386
5897,141000300,14117,141014417,2,0,1,24064,16,8627565894
5898,141035710,1518,141037228,3,0,1,1536,3,4126047153
5899,141046930,19281,141066211,7,0,1,22016,16,6396772875
5900,141050750,15996,141066746,8,0,1,512,7,9538698508
5901,141077700,3224,141080924,9,0,1,2048,15,8058318659
5902,141085121,247642,141332763,2,0,0,101888,16,10311497123
5903,141121130,433545,141554675,1,0,0,156160,9,2874030161
5904,141151060,2870,141153930,7,0,1,8704,16,1481382825
5905,141176750,4162,141180912,8,0,1,11264,7,9966269495
5906,141184129,212324,141396453,1,0,0,82944,9,6483362121
5907,141206900,13253,141220153,7,0,1,25600,16,9007482413
5908,141207280,15779,141223059,9,0,1,4608,15,9300877376
5909,141289831,186069,141475900,2,0,0,48640,16,8481453957
5910,141347030,12825,141359855,9,0,1,21504,15,8747689125
5911,141349950,17968,141367918,8,0,1,27648,7,5060190995
5912,141366121,119466,141485587,4,0,0,31744,13,8675132254
5913,141366300,83700,141450000,2,0,1,136192,16,9234931086
5914,141377560,73004,141450564,3,0,1,10752,3,663282853
5915,141387200,68510,141455710,9,0,1,8192,15,470292851
5916,141393870,64426,141458296,3,0,1,4096,3,3082095752
5917,141397060,61595,141458655,8,0,1,9728,7,1075454385
5918,141403381,395702,141799083,4,0,0,13312,13,2308248651
5919,141416830,42811,141459641,9,0,1,1536,15,5034522963
5920,141425200,35747,141460947,3,0,1,2048,3,3505854610
5921,141494170,3387,141497557,2,0,1,9728,16,1042632655
5922,141497490,57216,141554706,2,0,1,34816,16,8445243433
5923,141503770,54444,141558214,3,0,1,3584,3,1059935491
5924,141518270,47855,141566125,8,0,1,16384,7,5266112780
5925,141519990,49041,141569031,7,0,1,4608,16,2620914035
5926,141522060,70969,141593029,2,0,1,49664,16,9437709574
5927,141541410,52285,141593695,5,0,1,1024,18,3015997534
5928,141550920,48472,141599392,2,0,1,18944,16,9464595360
5929,141562170,39488,141601658,3,0,1,3584,3,5548337022
5930,141594941,457585,142052526,2,0,0,33280,16,9642813917
5931,141607630,11274,141618904,9,0,1,18432,15,934373923
5932,141617490,53841,141671331,2,0,1,88064,16,2675783447
5933,141624760,47647,141672407,8,0,1,13312,7,4804486226
5934,141639350,33723,141673073,8,0,1,1024,7,2071517673
5935,141645050,34436,141679486,2,0,1,30720,16,5638101156
5936,141691871,323891,142015762,2,0,0,61952,16,5460571370
5937,141739750,7230,141746980,3,0,1,7680,3,6937351807
5938,141747470,2946,141750416,7,0,1,3072,16,2272299538
5939,141751689,403893,142155582,1,0,0,93696,9,8392324291
5940,141770200,3645,141773845,8,0,1,10240,7,8881432356
5941,141784140,6278,141790418,3,0,1,6656,3,5751515702
5942,141790200,8898,141799098,5,0,1,14336,18,6307170809
5943,141793571,271357,142064928,2,0,0,9216,16,7495351249
5944,141793630,5957,141799587,9,0,1,12800,15,6507238259
5945,141798060,4934,141802994,9,0,1,10752,15,2046604669
5946,141809090,45954,141855044,2,0,1,79360,16,8556610010
5947,141875640,10499,141886139,5,0,1,16896,18,1539523325
5948,141902920,5326,141908246,3,0,1,5632,3,1836267394
5949,141960440,10757,141971197,4,0,1,17408,13,2511529331
5950,141970439,113192,142083631,1,0,0,30208,9,6246063229
5951,141978370,1994,141980364,8,0,1,2048,7,10602529080
5952,141980890,3422,141984312,3,0,1,3584,3,5782370159
5953,141984150,1994,141986144,5,0,1,2048,18,5606088563
5954,141989549,196415,142185964,1,0,0,63488,9,1037705227
5955,142014090,5568,142019658,5,0,1,10752,18,5317154298
5956,142021300,15321,142036621,8,0,1,29696,7,3363407753
5957,142030650,6227,142036877,8,0,1,9216,7,7637520356
5958,142040800,11741,142052541,7,0,1,10240,16,6196389795
5959,142093070,5326,142098396,9,0,1,5632,15,2344834167
5960,142123450,32155,142155605,9,0,1,16384,15,4356231529
5961,142124200,187153,142311353,2,0,1,256512,16,3976516797
5962,142167100,144509,142311609,9,0,1,9216,15,3616278750
5963,142192760,129371,142322131,5,0,1,33792,18,9956098479
5964,142212991,189856,142402847,2,0,0,35840,16,8111743118
5965,142235771,171615,142407386,2,0,0,14848,16,4638999127
5966,142245190,208745,142453935,2,0,1,339456,16,10272410887
5967,142280400,180153,142460553,2,0,1,31744,16,6657482846
5968,142289410,176635,142466045,3,0,1,17920,3,8406696317
5969,142316681,787614,143104295,2,0,0,252416,16,9943137525
5970,142328019,834182,143162201,1,0,0,48128,9,6509816892
5971,142339720,126479,142466199,3,0,1,8704,3,2994283207
5972,142343431,560797,142904228,2,0,0,243200,16,1958407490
5973,142351850,116935,142468785,7,0,1,4096,16,9304845455
5974,142352990,118381,142471371,8,0,1,4096,7,2972336923
5975,142370120,103197,142473317,5,0,1,3072,18,5391644799
5976,142374011,640262,143014273,2,0,0,298496,16,8185309786
5977,142401010,75533,142476543,2,0,1,5120,16,9332049655
5978,142415549,599987,143015536,1,0,0,4096,9,9109138612
5979,142425311,341406,142766717,4,0,0,52224,13,7078318688
5980,142441860,39829,142481689,7,0,1,8192,16,10139998551
5981,142451881,319219,142771100,2,0,0,14336,16,6694748157
5982,142487040,4374,142491414,9,0,1,4608,15,2951871765
5983,142526190,4420,142530610,7,0,1,11776,16,79958345
5984,142537800,10241,142548041,5,0,1,16384,18,565901440
5985,142571589,350803,142922392,1,0,0,59392,9,8808564718
5986,142585780,33850,142619630,2,0,1,55808,16,1280557562
5987,142613940,7636,142621576,3,0,1,3072,3,10254626556
5988,142645131,537365,143182496,2,0,0,66560,16,2544706858
5989,142656420,368679,143025099,1,0,0,31232,9,5248142094
5990,142660491,529024,143189515,4,0,0,19456,13,6116318086
5991,142676250,566,142676816,3,0,1,512,3,2646128405
5992,142682669,12566,142695235,6,0,1,20992,12,6436849291
5993,142725440,178811,142904251,2,0,1,214528,16,2546386577
5994,142726350,177916,142904266,3,0,1,13312,3,4094891226
5995,142744130,160151,142904281,8,0,1,16384,7,2646726495
5996,142749801,474001,143223802,4,0,0,73728,13,3683450766
5997,142774481,342674,143117155,4,0,0,41984,13,5426133438
5998,142777440,144975,142922415,2,0,1,56320,16,6899689012
5999,142784100,138330,142922430,9,0,1,10240,15,7380065148
6000,142793950,128495,142922445,8,0,1,20480,7,4388196295
6001,142811121,542105,143353226,4,0,0,175104,13,7934464434
6002,142811519,110941,142922460,6,0,1,44032,12,8377837933
6003,142841880,183234,143025114,2,0,1,143360,16,127801581
6004,142875260,149869,143025129,9,0,1,1536,15,4679591501
6005,142939789,164529,143104318,6,0,1,36352,12,6788127870
6006,142942921,567634,143510555,4,0,0,119808,13,486749797
6007,142952040,152293,143104333,5,0,1,1536,18,7217922018
6008,142979070,125278,143104348,8,0,1,1024,7,174046792
6009,143041370,80523,143121893,2,0,1,12288,16,10523996407
6010,143079400,103111,143182511,2,0,1,64000,16,437884626
6011,143083560,98982,143182542,9,0,1,49664,15,311264804
6012,143086670,95887,143182557,9,0,1,15872,15,5811287811
6013,143092311,377820,143470131,2,0,0,20992,16,1982649031
6014,143105800,76772,143182572,9,0,1,8704,15,5418822450
6015,143112341,255417,143367758,2,0,0,31744,16,8168771889
6016,143118700,77727,143196427,3,0,1,23552,3,4538181130
6017,143151080,47933,143199013,3,0,1,4096,3,2069025516
6018,143175589,208153,143383742,6,0,1,311808,12,2762384080
6019,143217640,169008,143386648,9,0,1,4608,15,9313856065
6020,143224050,168704,143392754,2,0,1,29184,16,860956954
6021,143231390,165870,143397260,8,0,1,7168,7,9100716109
6022,143242511,754651,143997162,2,0,0,214528,16,5244855139
6023,143274520,598479,143872999,1,0,0,47104,9,9428163004
6024,143276291,158682,143434973,2,0,0,1024,16,559299509
6025,143277740,120506,143398246,8,0,1,1536,7,631589427
6026,143283121,510756,143793877,4,0,0,181760,13,4678004367
6027,143297770,105302,143403072,2,0,1,7680,16,2897098761
6028,143312129,97152,143409281,6,0,1,29696,12,2935665077
6029,143349570,59967,143409537,9,0,1,9216,15,8206814569
6030,143366100,48929,143415029,9,0,1,26112,15,6188803698
6031,143367091,519183,143886274,2,0,0,15360,16,6616117612
6032,143372720,49030,143421750,3,0,1,24064,3,9522254171
6033,143384040,175253,143559293,2,0,1,287744,16,5887446010
6034,143434119,385384,143819503,1,0,0,37888,9,6750623427
6035,143437360,127118,143564478,8,0,1,16384,7,9903497966
6036,143472480,93074,143565554,5,0,1,13312,18,5406518882
6037,143474511,596230,144070741,2,0,0,65536,16,2141488041
6038,143518990,46820,143565810,9,0,1,9216,15,1794519892
6039,143525350,40806,143566156,8,0,1,512,7,6324154244
6040,143557920,11142,143569062,8,0,1,4608,7,8334030202
6041,143559489,64395,143623884,6,0,1,108544,12,3318713700
6042,143577690,48780,143626470,9,0,1,4096,15,3775948809
6043,143594400,34336,143628736,3,0,1,3584,3,9483153656
6044,143638750,3422,143642172,2,0,1,3584,16,10312733843
6045,143662581,340628,144003209,2,0,0,2560,16,9241130613
6046,143719609,104466,143824075,6,0,1,169984,12,3182759680
6047,143724700,101641,143826341,8,0,1,3584,7,7628938097
6048,143801629,445975,144247604,1,0,0,94208,9,6781284452
6049,143811640,16647,143828287,8,0,1,3072,7,8324312803
6050,143819750,12083,143831833,3,0,1,5632,3,9567652695
6051,143825570,86454,143912024,2,0,1,144896,16,520128962
6052,143829061,185948,144015009,4,0,0,1536,13,7560145581
6053,143837300,80933,143918233,5,0,1,21504,18,300731839
6054,143840590,83544,143924134,3,0,1,28160,3,10139795429
6055,143846140,151061,143997201,2,0,1,131584,16,420062516
6056,143866690,130526,143997216,2,0,1,22528,16,2847836435
6057,143875319,435782,144311101,1,0,0,143872,9,8266242014
6058,143881081,503513,144384594,2,0,0,22016,16,3624237492
6059,143905629,438071,144343700,1,0,0,1536,9,9194121741
6060,144012290,58466,144070756,2,0,1,96256,16,6953762313
6061,144026470,284646,144311116,2,0,1,375808,16,1677219559
6062,144097071,386148,144483219,2,0,0,8192,16,9355074583
6063,144104519,206612,144311131,6,0,1,10240,12,5558007273
6064,144106870,204276,144311146,5,0,1,10752,18,6226271901
6065,144235240,75921,144311161,2,0,1,53248,16,4504161158
6066,144256599,72182,144328781,6,0,1,109568,12,3500568220
6067,144363350,3645,144366995,9,0,1,10240,15,9277728402
6068,144385320,5196,144390516,8,0,1,13312,7,1583194489
6069,144393781,196958,144590739,4,0,0,4608,13,4706414733
6070,144409109,4420,144413529,6,0,1,11776,12,5727927353
6071,144437090,4850,144441940,2,0,1,5120,16,4701368465
6072,144445221,390698,144835919,2,0,0,60928,16,10296749233
6073,144463880,5326,144469206,8,0,1,5632,7,3309764009
6074,144529029,213422,144742451,1,0,0,43520,9,7797072885
6075,144535281,368427,144903708,2,0,0,45056,16,4871391462
6076,144546940,3904,144550844,5,0,1,10752,18,3688283969
6077,144567739,396557,144964296,1,0,0,19968,9,3467092616
6078,144595909,483210,145079119,1,0,0,49664,9,6848272920
6079,144607041,301993,144909034,2,0,0,2560,16,2924442450
6080,144611690,1994,144613684,9,0,1,2048,15,4879222615
6081,144613419,450530,145063949,1,0,0,81920,9,10691829588
6082,144629939,228533,144858472,1,0,0,4096,9,377168972
6083,144640179,483778,145123957,1,0,0,74752,9,342735421
6084,144643380,7706,144651086,9,0,1,8192,15,9164566165
6085,144651049,339058,144990107,1,0,0,32256,9,6437975531
6086,144667090,15062,144682152,8,0,1,29184,7,96254811
6087,144744481,437177,145181658,2,0,0,6656,16,2860648047
6088,144757221,422394,145179615,2,0,0,134144,16,4949757775
6089,144808030,1994,144810024,5,0,1,2048,18,8017871201
6090,144809780,5196,144814976,5,0,1,13312,18,7834802057
6091,144842151,289005,145131156,2,0,0,23552,16,8421554957
6092,144856520,72799,144929319,2,0,1,118272,16,1069739511
6093,144857610,72695,144930305,4,0,1,1536,13,1749158453
6094,144978050,1042,144979092,9,0,1,1024,15,4990643800
6095,144982109,205804,145187913,1,0,0,20480,9,4008084903
6096,145011479,52485,145063964,6,0,1,49152,12,6038668633
6097,145043469,88208,145131677,6,0,1,85504,12,5147587816
6098,145049869,220335,145270204,1,0,0,55296,9,10588120798
6099,145054000,145030,145199030,2,0,1,152576,16,10262077109
6100,145064619,146162,145210781,6,0,1,39936,12,5419334278
6101,145187769,172045,145359814,1,0,0,23552,9,2095832920
6102,145258210,15673,145273883,2,0,1,10240,16,761749956
6103,145261881,112688,145374569,4,0,0,2048,13,1895099410
6104,145265499,51059,145316558,6,0,1,70656,12,3126694936
6105,145317160,124975,145442135,2,0,1,203264,16,7256326289
6106,145318139,245039,145563178,1,0,0,19456,9,2536069618
6107,145394490,48618,145443108,7,0,1,12800,16,7202120327
6108,145419230,29882,145449112,7,0,1,20480,16,10690743257
6109,145463361,213168,145676529,2,0,0,60416,16,695838754
6110,145485870,124087,145609957,0,0,0,1536,14,8269100988
6111,145590631,269317,145859948,2,0,0,62464,16,2612886429
6112,145613220,6488,145619708,7,0,1,15872,16,8919020124
6113,145658169,159245,145817414,1,0,0,47616,9,1144707073
6114,145664110,15564,145679674,7,0,1,9216,16,5114647139
6115,145771100,4420,145775520,7,0,1,11776,16,7477617950
6116,145794140,65823,145859963,2,0,1,104448,16,1822270079
6117,145817720,43932,145861652,7,0,1,5632,16,2536369606
6118,145874971,244947,146119918,2,0,0,111104,16,3836366072
6119,145908350,6754,145915104,7,0,1,7168,16,6838688667
6120,145908481,7609,145916090,0,0,1,1536,14,10714170486
6121,145917110,26479,145943589,2,0,1,48128,16,6926204032
6122,145929591,296400,146225991,2,0,0,238080,16,1985988798
6123,146022841,97404,146120245,4,0,0,1024,13,5365689585
6124,146054211,406685,146460896,2,0,0,175616,16,8474912363
6125,146062109,345264,146407373,1,0,0,132096,9,5485874655
6126,146166260,112806,146279066,2,0,1,86528,16,6811252339
6127,146190591,270476,146461067,4,0,0,512,13,2701001402
6128,146234070,46942,146281012,7,0,1,3072,16,1850251127
6129,146279890,21399,146301289,2,0,1,34816,16,4972833911
6130,146302199,263803,146566002,1,0,0,27136,9,2741161710
6131,146348381,117865,146466246,2,0,0,16896,16,4985479679
6132,146433300,39183,146472483,2,0,1,6656,16,4132548086
6133,146457521,62424,146519945,4,0,0,4096,13,9666663618
6134,146483680,1994,146485674,3,0,1,2048,3,3211753626
6135,146534160,44920,146579080,2,0,1,77312,16,9861660699
6136,146542429,383676,146926105,1,0,0,203776,9,8390595117
6137,146586480,2470,146588950,7,0,1,2560,16,1460461692
6138,146644741,86284,146731025,4,0,0,3072,13,8591009252
6139,146703791,45596,146749387,4,0,0,1024,13,1469481786
6140,146714081,428655,147142736,2,0,0,196608,16,6701930437
6141,146722920,14029,146736949,7,0,1,27136,16,8372221960
6142,146761571,173449,146935020,2,0,0,29184,16,10460440186
6143,146810260,31783,146842043,2,0,1,51712,16,784883625
6144,146873190,65737,146938927,7,0,1,4096,16,6333624871
6145,146917150,23031,146940181,7,0,1,10752,16,4576887013
6146,146925269,292913,147218182,1,0,0,167424,9,10191649654
6147,146993979,479352,147473331,1,0,0,164864,9,10388755299
6148,146995190,166162,147161352,2,0,1,273408,16,4032563663
6149,147024400,193805,147218205,7,0,1,106496,16,8977501543
6150,147102821,231582,147334403,4,0,0,4608,13,2392739662
6151,147158131,585813,147743944,2,0,0,263168,16,5103801623
6152,147162791,310719,147473510,4,0,0,512,13,5493240467
6153,147182061,577865,147759926,4,0,0,512,13,10352541851
6154,147227041,246640,147473681,4,0,0,512,13,6059524158
6155,147253981,116725,147370706,4,0,0,2048,13,5780444169
6156,147267651,303391,147571042,2,0,0,84992,16,5983508763
6157,147368450,5802,147374252,2,0,1,6144,16,1654046467
6158,147372009,387714,147759723,1,0,0,51712,9,6998241535
6159,147379799,486983,147866782,1,0,0,115712,9,4421269721
6160,147423241,473694,147896935,2,0,0,5120,16,4674650488
6161,147466821,553111,148019932,2,0,0,208896,16,9726355145
6162,147515189,614826,148130015,1,0,0,179712,9,211639163
6163,147523789,251817,147775606,1,0,0,15872,9,6884856228
6164,147555549,342993,147898542,1,0,0,5120,9,10409397269
6165,147587961,307399,147895360,2,0,0,93696,16,3806827319
6166,147601271,428987,148030258,4,0,0,2048,13,9640166448
6167,147678741,350878,148029619,2,0,0,31744,16,9527778081
6168,147735611,182219,147917830,4,0,0,8192,13,8171445419
6169,147736511,466048,148202559,2,0,0,59392,16,3931922390
6170,147739270,37228,147776498,2,0,1,32256,16,2372671847
6171,147748991,319033,148068024,4,0,0,512,13,3391479996
6172,147762940,59905,147822845,2,0,1,86528,16,8085278786
6173,147769639,297693,148067332,1,0,0,109568,9,10682807674
6174,147774301,293552,148067853,4,0,0,1536,13,5206924373
6175,147801190,65607,147866797,2,0,1,53248,16,8988154792
6176,147821440,104466,147925906,2,0,1,169984,16,681832696
6177,147848901,181700,148030601,4,0,0,1024,13,953244486
6178,147856170,86415,147942585,2,0,1,63488,16,6448731315
6179,147864049,203298,148067347,6,0,1,230400,12,7900563695
6180,147868201,565186,148433387,2,0,0,183808,16,8870643283
6181,147888580,178790,148067370,2,0,1,3584,16,8424491498
6182,147892730,176022,148068752,2,0,1,21504,16,8583440975
6183,147986651,292089,148278740,4,0,0,1024,13,4308646806
6184,148012129,209448,148221577,1,0,0,16384,9,8311495371
6185,148028980,101058,148130038,2,0,1,88064,16,1456868368
6186,148060720,69333,148130053,2,0,1,22016,16,4765638103
6187,148092021,442910,148534931,2,0,0,88064,16,9700034946
6188,148110461,328596,148439057,2,0,0,18432,16,224249423
6189,148190699,168060,148358759,1,0,0,11776,9,2406536444
6190,148217839,394987,148612826,1,0,0,42496,9,8849360146
6191,148219410,77738,148297148,2,0,1,126976,16,5218578477
6192,148340131,194979,148535110,4,0,0,512,13,9574228078
6193,148365610,67792,148433402,2,0,1,34304,16,6075274105
6194,148377171,363214,148740385,2,0,0,102400,16,9824261407
6195,148389680,62331,148452011,3,0,1,25088,3,10389192189
6196,148404000,48677,148452677,2,0,1,11264,16,1620896553
6197,148408309,498111,148906420,1,0,0,186880,9,5585484613
6198,148463330,4850,148468180,3,0,1,5120,3,7261160479
6199,148521650,18640,148540290,3,0,1,13312,3,1942042917
6200,148533069,381969,148915038,1,0,0,28160,9,5100352801
6201,148538841,201871,148740712,4,0,0,1024,13,5034096602
6202,148561210,5802,148567012,2,0,1,6144,16,3092033108
6203,148569511,279954,148849465,2,0,0,93184,16,3235431795
6204,148591851,3898,148595749,0,0,1,4096,14,3111717659
6205,148639801,284627,148924428,4,0,0,8192,13,8786288887
6206,148663091,3898,148666989,0,0,1,4096,14,10209245353
6207,148698359,223558,148921917,1,0,0,22528,9,6169615074
6208,148785801,143182,148928983,2,0,0,14848,16,142296447
6209,148792871,2470,148795341,0,0,1,2560,14,1877580197
6210,148818000,88443,148906443,3,0,1,24064,3,10071665256
6211,148830019,283783,149113802,1,0,0,60928,9,2199861711
6212,148894741,151703,149046444,2,0,0,67072,16,5692980293
6213,148895621,183307,149078928,2,0,0,17408,16,4963385151
6214,148949981,106614,149056595,4,0,0,512,13,4497486099
6215,148958831,388233,149347064,2,0,0,270848,16,7725039731
6216,149012691,183033,149195724,2,0,0,99328,16,2520976256
6217,149019450,5712,149025162,2,0,1,14336,16,2548268602
6218,149027140,31412,149058552,3,0,1,19968,3,3596993347
6219,149029150,32628,149061778,3,0,1,5120,3,9062948987
6220,149030830,33214,149064044,3,0,1,3584,3,2582744471
6221,149038250,49547,149087797,2,0,1,53248,16,5852107043
6222,149058830,29953,149088783,3,0,1,1536,3,6489741057
6223,149073119,421694,149494813,1,0,0,61440,9,1084686862
6224,149095429,152464,149247893,1,0,0,7168,9,9742501021
6225,149135970,6229,149142199,3,0,1,15360,3,1679670135
6226,149251701,96010,149347711,4,0,0,2048,13,4475621879
6227,149302140,67446,149369586,7,0,1,35840,16,3901434135
6228,149350629,171176,149521805,6,0,1,264192,12,7563707775
6229,149351431,102930,149454361,4,0,0,3072,13,5559058667
6230,149432391,257663,149690054,2,0,0,14848,16,8399790319
6231,149504050,33308,149537358,7,0,1,57856,16,3515179591
6232,149511330,31725,149543055,2,0,1,27136,16,4430637639
6233,149532800,16668,149549468,2,0,1,30720,16,6980281658
6234,149538231,421642,149959873,2,0,0,97792,16,6247889830
6235,149554939,33333,149588272,6,0,1,54784,12,5829402389
6236,149567081,362654,149929735,5,0,0,221184,18,9486591492
6237,149657651,272411,149930062,4,0,0,1024,13,10519704868
6238,149701280,3904,149705184,3,0,1,10752,3,3677661043
6239,149814989,144907,149959896,6,0,1,153088,12,544133211
6240,149830030,129881,149959911,2,0,1,113152,16,6588435551
6241,149850810,109116,149959926,3,0,1,9216,3,209598274
6242,149861911,175619,150037530,4,0,0,512,13,3592410341
6243,149992910,50741,150043651,2,0,1,81920,16,4819884456
6244,150027051,152300,150179351,4,0,0,1536,13,7893975899
6245,150030130,86085,150116215,3,0,0,1536,3,1166433517
6246,150044400,106885,150151285,3,0,0,4608,3,9913356511
6247,150051711,123985,150175696,2,0,0,8704,16,7181422007
6248,150064400,197829,150262229,2,0,1,325120,16,8827237847
6249,150066971,397962,150464933,2,0,0,149504,16,3200386246
6250,150078730,184984,150263714,2,0,1,15360,16,4510001183
6251,150086320,178777,150265097,2,0,1,14848,16,954198973
6252,150115220,176106,150291326,2,0,1,92672,16,7632934340
6253,150126249,355273,150481522,1,0,0,9216,9,3538011715
6254,150130771,347920,150478691,2,0,0,39936,16,832272546
6255,150195830,96674,150292504,2,0,1,13824,16,8868719779
6256,150211010,154848,150365858,3,0,0,4096,3,1964547391
6257,150219379,287042,150506421,1,0,0,54784,9,3683165905
6258,150296280,170228,150466508,3,0,0,5120,3,3640412674
6259,150316010,284841,150600851,3,0,0,3584,3,4567764671
6260,150344471,194130,150538601,4,0,0,2048,13,7336646331
6261,150345000,223439,150568439,3,0,0,3072,3,6496699823
6262,150345381,382343,150727724,2,0,0,63488,16,1019891101
6263,150416460,96755,150513215,3,0,0,512,3,6550609339
6264,150454981,214486,150669467,4,0,0,512,13,5602155518
6265,150481090,1942,150483032,8,0,1,1536,7,2042552751
6266,150518879,139383,150658262,1,0,0,39936,9,187512697
6267,150543590,36604,150580194,2,0,1,64512,16,2912530852
6268,150576840,5940,150582780,8,0,1,4096,7,6647752257
6269,150587010,153368,150740378,3,0,0,3072,3,2516715576
6270,150607150,16354,150623504,2,0,1,31744,16,9844134601
6271,150647170,132742,150779912,2,0,1,196608,16,7324617448
6272,150648731,134526,150783257,4,0,0,512,13,1308578902
6273,150655780,125118,150780898,8,0,1,1536,7,1115820033
6274,150729809,202505,150932314,1,0,0,32256,9,6143342977
6275,150734570,47954,150782524,8,0,1,2560,7,5087221984
6276,150764341,82062,150846403,4,0,0,1024,13,7736159029
6277,150774860,8023,150782883,8,0,1,9728,7,1763445192
6278,150807680,52852,150860532,3,0,0,512,3,4995457702
6279,150831360,4679,150836039,8,0,1,12288,7,1762961947
6280,150837330,2946,150840276,8,0,1,3072,7,5729142238
6281,150844930,14117,150859047,2,0,1,24064,16,6167830000
6282,150925500,68705,150994205,2,0,1,100352,16,10031466550
6283,150996340,16096,151012436,8,0,1,31232,7,5598948826
6284,151028541,98851,151127392,2,0,0,17408,16,8705162645
6285,151053140,262813,151315953,1,0,0,155648,9,8312012581
6286,151100220,134780,151235000,3,0,0,2048,3,2363965510
6287,151113160,87760,151200920,3,0,0,6144,3,1704502532
6288,151221911,176895,151398806,4,0,0,1024,13,8803912691
6289,151243820,72460,151316280,3,0,0,1024,3,3573571284
6290,151265871,331577,151597448,2,0,0,263680,16,5168691584
6291,151330170,65900,151396070,3,0,0,7168,3,6339310559
6292,151359360,566,151359926,2,0,1,512,16,8147444041
6293,151396730,211440,151608170,1,0,0,22528,9,10122930266
6294,151420721,179113,151599834,2,0,0,7168,16,2948988803
6295,151445239,156052,151601291,1,0,0,4096,9,5260932846
6296,151472721,124906,151597627,4,0,0,512,13,4951162221
6297,151482390,117615,151600005,3,0,0,512,3,3480409782
6298,151497400,102620,151600020,2,0,1,81920,16,3345782149
6299,151510331,204057,151714388,2,0,0,83968,16,4883677492
6300,151528909,341781,151870690,1,0,0,119296,9,231607462
6301,151572240,58605,151630845,5,0,1,37376,18,7268766535
6302,151594330,120385,151714715,3,0,0,1024,3,6693960901
6303,151605270,26561,151631831,2,0,1,1536,16,8604069814
6304,151614180,179314,151793494,3,0,0,2048,3,1636326455
6305,151615540,191556,151807096,2,0,1,307200,16,10148275306
6306,151617880,194810,151812690,7,0,1,18432,16,8804022903
6307,151618960,251753,151870713,2,0,1,117760,16,2296188172
6308,151655080,345186,152000266,3,0,0,2560,3,2060218215
6309,151655530,215198,151870728,5,0,1,11776,18,2528973554
6310,151703910,166833,151870743,9,0,1,7168,15,5613761759
6311,151742471,288616,152031087,4,0,0,1536,13,2488311291
6312,151749060,121698,151870758,9,0,1,5120,15,1532534737
6313,151772490,98283,151870773,5,0,1,3072,18,1207269767
6314,151774110,404796,152178906,3,0,0,5632,3,78542207
6315,151803750,67038,151870788,9,0,1,23040,15,10589625503
6316,151806780,65166,151871946,8,0,1,18944,7,5668837036
6317,151834951,94288,151929239,4,0,0,512,13,6223674422
6318,151869170,3442,151872612,5,0,1,1024,18,2471844386
6319,151880650,6278,151886928,9,0,1,6656,15,1120643103
6320,151906601,186754,152093355,4,0,0,1024,13,7833275097
6321,151933990,175098,152109088,3,0,0,2048,3,3338756827
6322,151941431,136372,152077803,2,0,0,17920,16,8059734344
6323,151961730,4679,151966409,5,0,1,12288,18,5897128369
6324,151977060,12737,151989797,9,0,1,24576,15,6785054549
6325,151983890,8173,151992063,5,0,1,3584,18,5644789350
6326,151998570,397403,152395973,0,0,0,124928,14,7750381192
6327,152017251,243117,152260368,4,0,0,9728,13,2543870323
6328,152030290,284993,152315283,0,0,0,169984,14,3325504296
6329,152085861,231792,152317653,4,0,0,2560,13,267543049
6330,152086000,409097,152495097,0,0,0,172544,14,6981042900
6331,152118991,197867,152316858,4,0,0,5120,13,1472944960
6332,152149470,198190,152347660,3,0,0,512,3,42114474
6333,152237119,205391,152442510,1,0,0,61952,9,10159265705
6334,152327581,309230,152636811,2,0,0,34816,16,7710602048
6335,152336949,308629,152645578,1,0,0,28672,9,9146568990
6336,152349001,173117,152522118,2,0,0,23552,16,175161588
6337,152364500,261688,152626188,0,0,0,132096,14,5884513083
6338,152385770,10786,152396556,8,0,1,512,7,1810934056
6339,152443270,59091,152502361,8,0,1,7680,7,7696262231
6340,152461510,42449,152503959,5,0,1,15872,18,9695636139
6341,152471881,222838,152694719,2,0,0,86528,16,78891344
6342,152534619,116132,152650751,1,0,0,12800,9,3714737444
6343,152569490,2470,152571960,5,0,1,2560,18,125116790
6344,152601400,340490,152941890,0,0,0,210432,14,5425203165
6345,152617360,34029,152651389,5,0,1,6144,18,2659372208
6346,152631630,372273,153003903,0,0,0,79872,14,5031725512
6347,152632919,141997,152774916,1,0,0,51712,9,6818655138
6348,152713670,3387,152717057,3,0,1,9728,3,8675559186
6349,152715140,5705,152720845,8,0,1,11264,7,9232144259
6350,152735890,1994,152737884,5,0,1,2048,18,3849526117
6351,152773910,168452,152942362,3,0,1,275968,3,4447156316
6352,152805020,249089,153054109,3,0,0,1024,3,1217197796
6353,152826691,313199,153139890,4,0,0,2048,13,5185525331
6354,152865210,108091,152973301,3,0,0,512,3,6513046330
6355,152877300,66445,152943745,5,0,1,14848,18,9384690278
6356,152879911,315962,153195873,2,0,0,25600,16,5704352834
6357,152941160,6201,152947361,5,0,1,13824,18,1615451888
6358,153054500,22950,153077450,8,0,1,37888,7,1203190209
6359,153076570,111488,153188058,0,0,0,54272,14,6842051540
6360,153077980,166592,153244572,0,0,0,23552,14,8863732501
6361,153082571,183595,153266166,4,0,0,2560,13,10674524192
6362,153219361,289562,153508923,2,0,0,202752,16,5572588466
6363,153228670,5802,153234472,5,0,1,6144,18,9147761112
6364,153248011,268609,153516620,2,0,0,8192,16,1436419845
6365,153277610,1042,153278652,8,0,1,1024,7,792738563
6366,153295300,117470,153412770,3,0,0,2560,3,2610008374
6367,153332730,75985,153408715,3,0,0,1024,3,9785892209
6368,153354559,180116,153534675,1,0,0,12800,9,4748727060
6369,153386021,275680,153661701,2,0,0,5120,16,891850523
6370,153394150,118384,153512534,0,0,0,11776,14,7813772254
6371,153398840,115269,153514109,0,0,0,5120,14,4674005994
6372,153419270,197317,153616587,0,0,0,120320,14,6309938540
6373,153445261,102327,153547588,4,0,0,4608,13,2768947372
6374,153465420,441414,153906834,0,0,0,282112,14,1111485190
6375,153511280,56331,153567611,2,0,1,82432,16,9355826378
6376,153519960,132657,153652617,0,0,0,512,14,8384173576
6377,153564730,6107,153570837,5,0,1,5120,18,6313518448
6378,153570129,46473,153616602,6,0,1,29696,12,9951634236
6379,153571010,45607,153616617,4,0,1,3584,13,9486045946
6380,153594769,68052,153662821,6,0,1,79872,12,7382590973
6381,153631471,36496,153667967,0,0,1,8192,14,1037781447
6382,153638810,268507,153907317,3,0,0,1536,3,5248650966
6383,153683099,24242,153707341,6,0,1,40448,12,612833381
6384,153683551,27336,153710887,0,0,1,5632,14,2749695334
6385,153684559,222781,153907340,6,0,1,236544,12,9820626579
6386,153716080,372769,154088849,0,0,0,2048,14,6280314492
6387,153716161,355882,154072043,2,0,0,28672,16,8858913623
6388,153719729,187626,153907355,6,0,1,36352,12,2007359477
6389,153734899,172487,153907386,6,0,1,88064,12,5622074778
6390,153776081,131320,153907401,0,0,1,6656,14,2783486866
6391,153776949,139266,153916215,6,0,1,100864,12,9908513056
6392,153779610,137271,153916881,9,0,1,1024,15,2027397198
6393,153818610,119547,153938157,2,0,1,49664,16,9567705623
6394,153865900,228685,154094585,3,0,0,1024,3,1315774069
6395,153869070,337951,154207021,3,0,0,1536,3,7512820424
6396,153886800,99877,153986677,3,0,1,108032,3,10219427038
6397,153916711,70120,153986831,0,0,1,8704,14,7452232922
6398,153919730,342558,154262288,0,0,0,512,14,7613793925
6399,153929730,57869,153987599,5,0,1,11776,18,6426839040
6400,153935151,106559,154041710,4,0,0,1024,13,1395186795
6401,154016310,175253,154191563,2,0,1,287744,16,5429786213
6402,154024321,294631,154318952,2,0,0,30208,16,9039646405
6403,154049590,142639,154192229,5,0,1,11264,18,6919971180
6404,154059280,184843,154244123,2,0,1,166400,16,7318083720
6405,154059680,184904,154244584,5,0,1,10240,18,8129844806
6406,154085841,160689,154246530,0,0,1,3072,14,517274537
6407,154087420,164397,154251817,3,0,1,25088,3,1476977420
6408,154125870,126933,154252803,5,0,1,1536,18,5177474719
6409,154136131,122369,154258500,0,0,1,18944,14,7756242832
6410,154177300,102910,154280210,3,0,1,71168,3,5138422127
6411,154181399,290192,154471591,1,0,0,34304,9,7209411210
6412,154198351,87146,154285497,0,0,1,25088,14,1663452337
6413,154208830,77653,154286483,5,0,1,1536,18,9775588404
6414,154217460,69382,154286842,2,0,1,9728,16,6977247454
6415,154287389,31578,154318967,6,0,1,36864,12,7958644311
6416,154324709,354926,154679635,1,0,0,75776,9,5286851063
6417,154331880,449132,154781012,3,0,0,1024,3,598575211
6418,154339410,36863,154376273,2,0,1,65024,16,8233457575
6419,154394591,408168,154802759,2,0,0,11264,16,10366479543
6420,154397331,144197,154541528,4,0,0,512,13,8837195998
6421,154401471,644092,155045563,2,0,0,190464,16,5695424973
6422,154431140,10757,154441897,2,0,1,17408,16,307520909
6423,154436640,246091,154682731,3,0,0,4608,3,5247190591
6424,154452761,4850,154457611,0,0,1,5120,14,10383792568
6425,154454439,33245,154487684,6,0,1,57856,12,4992092379
6426,154460951,37665,154498616,0,0,1,44032,14,145812069
6427,154507270,284468,154791738,3,0,0,5632,3,1048731874
6428,154521659,259026,154780685,1,0,0,512,9,5858578008
6429,154531061,566,154531627,0,0,1,512,14,10009410289
6430,154554349,52808,154607157,6,0,1,86016,12,111761012
6431,154555781,430620,154986401,2,0,0,219648,16,7659468705
6432,154556839,258569,154815408,1,0,0,1536,9,10670635241
6433,154564951,561501,155126452,2,0,0,119808,16,1616872307
6434,154568371,212143,154780514,2,0,0,16384,16,2693298272
6435,154578261,177448,154755709,4,0,0,1024,13,2208248916
6436,154592521,15097,154607618,0,0,1,10240,14,2116044070
6437,154617179,23120,154640299,6,0,1,41472,12,3725639807
6438,154659421,429709,155089130,8,0,0,90624,7,7830842520
6439,154666599,423334,155089933,1,0,0,2560,9,7046090883
6440,154686241,577661,155263902,2,0,0,197120,16,8818397570
6441,154695450,292058,154987508,3,0,0,3584,3,2830410806
6442,154696719,164870,154861589,6,0,1,270848,12,494811876
6443,154774031,504714,155278745,2,0,0,48640,16,7595620054
6444,154798129,110733,154908862,6,0,1,160768,12,723886977
6445,154810261,484099,155294360,2,0,0,51200,16,8939746599
6446,154868801,521447,155390248,2,0,0,16384,16,9513030138
6447,154888841,437703,155326544,2,0,0,55296,16,7400921289
6448,154912109,478466,155390575,1,0,0,1024,9,8295172863
6449,154913470,240513,155153983,3,0,0,1024,3,3981291434
6450,154933341,367602,155300943,8,0,0,21504,7,802401411
6451,154976479,424681,155401160,1,0,0,512,9,2804269847
6452,155020500,336565,155357065,0,0,0,2048,14,6547886016
6453,155064211,321014,155385225,2,0,0,53248,16,4193768850
6454,155103239,199847,155303086,1,0,0,2048,9,3284202292
6455,155146009,2470,155148479,6,0,1,2560,12,1930833091
6456,155182249,208661,155390910,1,0,0,1024,9,7751080375
6457,155204469,123650,155328119,1,0,0,5120,9,5118040386
6458,155221579,80866,155302445,6,0,1,1536,12,1847363710
6459,155222221,204250,155426471,8,0,0,26624,7,2807955553
6460,155288761,211854,155500615,2,0,0,34304,16,8079482609
6461,155365549,157658,155523207,1,0,0,512,9,7196408597
6462,155369800,117302,155487102,3,0,0,512,3,10198141827
6463,155373001,101958,155474959,4,0,0,512,13,8574248530
6464,155381881,237763,155619644,4,0,0,512,13,9808935769
6465,155428960,41649,155470609,3,0,1,67584,3,2614442911
6466,155447550,53236,155500786,0,0,0,512,14,5997369652
6467,155468161,162765,155630926,4,0,0,4096,13,5588036103
6468,155480560,20241,155500801,3,0,1,26624,3,8094464220
6469,155482301,149069,155631370,4,0,0,512,13,1924352799
6470,155497449,7242,155504691,6,0,1,4096,12,8927742814
6471,155517019,3904,155520923,6,0,1,10752,12,10408256416
6472,155519890,126881,155646771,3,0,0,1536,3,6612206635
6473,155552410,184143,155736553,3,0,0,3584,3,5106862865
6474,155565329,1994,155567323,6,0,1,2048,12,2091375721
6475,155611289,93266,155704555,1,0,0,512,9,3689088270
6476,155727120,52364,155779484,3,0,0,3072,3,8463197472
6477,155738539,3128,155741667,6,0,1,9216,12,10200980867
6478,155789679,12825,155802504,6,0,1,21504,12,5885182236
6479,155821319,12995,155834314,6,0,1,25088,12,3614163059
6480,155826721,46195,155872916,4,0,0,512,13,579613294
6481,155837179,45516,155882695,1,0,0,512,9,10401499287
6482,155882241,1042,155883283,0,0,1,1024,14,7988019001
6483,155905359,99325,156004684,1,0,0,3072,9,1106821547
6484,155929650,202874,156132524,3,0,1,328192,3,10526973952
6485,155956379,179691,156136070,6,0,1,5632,12,1741122786
6486,155994499,143837,156138336,6,0,1,3584,12,7841816017
6487,156054111,291696,156345807,8,0,0,82944,7,8702024260
6488,156081021,301149,156382170,2,0,0,119296,16,1296603095
6489,156086800,296173,156382973,0,0,0,2560,14,7454485339
6490,156107871,165020,156272891,8,0,0,31232,7,3748626134
6491,156155621,566,156156187,0,0,1,512,14,554280245
6492,156166371,239350,156405721,2,0,0,10752,16,5860925209
6493,156184789,5712,156190501,6,0,1,14336,12,241498138
6494,156196101,3904,156200005,0,0,1,10752,14,137907382
6495,156218509,4420,156222929,6,0,1,11776,12,10362127510
6496,156241420,211244,156452664,0,0,0,1024,14,778807178
6497,156262411,385108,156647519,2,0,0,1536,16,2418830821
6498,156311071,4679,156315750,0,0,1,12288,14,5824795075
6499,156356561,167126,156523687,4,0,0,512,13,4477082443
6500,156381601,3358,156384959,0,0,1,2048,14,7317362216
6501,156385000,159153,156544153,0,0,0,1024,14,654207085
6502,156404021,241436,156645457,8,0,0,182272,7,5772105918
6503,156415581,84724,156500305,4,0,0,512,13,4728494919
6504,156421479,122337,156543816,1,0,0,512,9,10436864148
6505,156447779,4374,156452153,6,0,1,4608,12,4483474204
6506,156451079,15579,156466658,6,0,1,30208,12,4323763759
6507,156496290,149182,156645472,3,0,1,173568,3,7896280062
6508,156526761,118726,156645487,0,0,1,512,14,6197067870
6509,156530971,114531,156645502,0,0,1,11264,14,1878564964
6510,156534940,110585,156645525,8,0,1,6656,7,255399621
6511,156535931,109609,156645540,0,0,1,14336,14,2402388348
6512,156605969,46362,156652331,6,0,1,7168,12,3390252148
6513,156607811,485581,157093392,2,0,0,166912,16,5416500317
6514,156611800,334508,156946308,3,0,0,2048,3,10704112059
6515,156618101,266429,156884530,8,0,0,15360,7,991748212
6516,156648659,136384,156785043,1,0,0,2560,9,7405547239
6517,156667720,73487,156741207,3,0,1,122880,3,8928520289
6518,156670230,119107,156789337,3,0,1,140288,3,2501973337
6519,156719771,214565,156934336,4,0,0,34304,13,7117130240
6520,156727820,87541,156815361,3,0,1,83456,3,7212181878
6521,156755840,206277,156962117,0,0,0,512,14,6482827104
6522,156757811,341733,157099544,2,0,0,18432,16,10125987544
6523,156761871,251233,157013104,2,0,0,43008,16,6771007836
6524,156769680,330347,157100027,3,0,0,1536,3,8026854085
6525,156791990,24357,156816347,5,0,1,1536,18,7386652451
6526,156796571,329059,157125630,2,0,0,24576,16,3575744605
6527,156806050,63708,156869758,3,0,1,103936,3,7845982599
6528,156823850,46254,156870104,5,0,1,512,18,9045871278
6529,156855691,511050,157366741,2,0,0,104448,16,4299060985
6530,156869540,224335,157093875,3,0,0,1536,3,10134857071
6531,156950171,269775,157219946,2,0,0,61952,16,9749085911
6532,156968230,3645,156971875,5,0,1,10240,18,2780152010
6533,156982041,219014,157201055,2,0,0,54272,16,1336048052
6534,156997161,566,156997727,0,0,1,512,14,9506743372
6535,157001070,291766,157292836,3,0,0,2048,3,3062855686
6536,157018690,3422,157022112,5,0,1,3584,18,2478109114
6537,157020530,73368,157093898,3,0,1,62976,3,1900345228
6538,157027331,66582,157093913,0,0,1,1536,14,3507937605
6539,157036311,551998,157588309,4,0,0,58880,13,8091911440
6540,157055720,374687,157430407,3,0,0,512,3,1587283663
6541,157080751,462420,157543171,4,0,0,37888,13,9288818917
6542,157100130,566,157100696,1,0,1,512,9,6907077536
6543,157173410,94847,157268257,0,0,0,1024,14,10173657373
6544,157190989,32870,157223859,6,0,1,10752,12,2575233871
6545,157208930,15915,157224845,1,0,1,1536,9,7035035725
6546,157246141,512850,157758991,8,0,0,386048,7,1060228964
6547,157255010,5326,157260336,5,0,1,5632,18,8814423328
6548,157259250,550223,157809473,3,0,0,1536,3,5998108700
6549,157301619,12049,157313668,6,0,1,19968,12,4449149870
6550,157319900,4374,157324274,1,0,1,4608,9,3936599832
6551,157350430,171321,157521751,0,0,0,5120,14,6799578509
6552,157462960,2470,157465430,5,0,1,2560,18,5928987661
6553,157481731,411864,157893595,8,0,0,47616,7,9923350771
6554,157534881,274069,157808950,8,0,0,163840,7,3597315982
6555,157545871,333193,157879064,8,0,0,42496,7,4500670479
6556,157569891,293309,157863200,4,0,0,176128,13,479563358
6557,157570031,296055,157866086,2,0,0,9216,16,9039462014
6558,157586819,5380,157592199,6,0,1,4096,12,3026351600
6559,157642301,260315,157902616,2,0,0,26624,16,5189338270
6560,157668520,194743,157863263,5,0,1,37376,18,3289822922
6561,157684359,181742,157866101,6,0,1,5632,12,7518699658
6562,157694670,198940,157893610,1,0,1,8192,9,2970115317
6563,157697361,246783,157944144,4,0,0,20480,13,524659449
6564,157700529,193891,157894420,6,0,1,7680,12,8889219535
6565,157711661,328492,158040153,4,0,0,31232,13,3467586078
6566,157714279,261804,157976083,1,0,0,2560,9,2042725342
6567,157738910,155495,157894405,3,0,0,2560,3,2173463929
6568,157739390,155045,157894435,5,0,1,12288,18,4220288081
6569,157755691,138775,157894466,0,0,1,4096,14,8387096281
6570,157805250,89231,157894481,1,0,1,14848,9,2051078704
6571,157821860,80779,157902639,3,0,1,5120,3,4580681783
6572,157850850,208554,158059404,3,0,0,1536,3,4647624762
6573,157878580,25989,157904569,9,0,1,2048,15,3349209082
6574,157889121,200277,158089398,2,0,0,3072,16,6371044126
6575,157900740,7826,157908566,3,0,1,5632,3,9022800010
6576,157903201,6351,157909552,0,0,1,1536,14,2765677461
6577,157907540,12825,157920365,7,0,1,21504,16,4386864878
6578,157913661,216939,158130600,8,0,0,110080,7,8543008328
6579,157966380,102061,158068441,3,0,0,3072,3,6400858011
6580,157976429,85986,158062415,1,0,0,512,9,1369213695
6581,158006341,3898,158010239,0,0,1,4096,14,9229007601
6582,158008510,6278,158014788,5,0,1,6656,18,4444303576
6583,158017671,1042,158018713,0,0,1,1024,14,7968619990
6584,158025171,14997,158040168,0,0,1,8192,14,2267828643
6585,158043140,2946,158046086,1,0,1,3072,9,418033732
6586,158095889,47288,158143177,1,0,0,1536,9,2130857108
6587,158103641,27534,158131175,0,0,1,512,14,8355998375
6588,158117961,295960,158413921,4,0,0,226304,13,9636697911
6589,158181420,4679,158186099,5,0,1,12288,18,6977653898
6590,158183249,92732,158275981,1,0,0,3584,9,4642885167
6591,158184820,2265,158187085,1,0,1,1536,9,4241131282
6592,158187090,44407,158231497,3,0,1,76288,3,9211290525
6593,158192430,221818,158414248,0,0,0,1024,14,10085335405
6594,158193260,39863,158233123,5,0,1,2560,18,10511875624
6595,158194890,49779,158244669,3,0,1,47104,3,9421715654
6596,158207061,258354,158465415,2,0,0,99840,16,8164607295
6597,158216271,297828,158514099,4,0,0,98304,13,1134202527
6598,158242521,5374,158247895,0,0,1,5120,14,3624320240
6599,158305860,5971,158311831,3,0,1,14848,3,6122531597
6600,158313701,304783,158618484,8,0,0,135168,7,1989265977
6601,158319870,11016,158330886,1,0,1,17920,9,7925668816
6602,158321130,10217,158331347,5,0,1,10240,18,8914634706
6603,158391731,25396,158417127,0,0,1,8704,14,6440183003
6604,158405851,294743,158700594,2,0,0,10752,16,10485047731
6605,158443370,70744,158514114,3,0,1,51712,3,5618491381
6606,158457341,239954,158697295,4,0,0,63488,13,4262347908
6607,158463401,307899,158771300,8,0,0,30720,7,9545712112
6608,158499180,133812,158632992,3,0,0,4096,3,4649595008
6609,158503870,13389,158517259,5,0,1,9216,18,9785935414
6610,158524561,1994,158526555,0,0,1,2048,14,9338407499
6611,158544571,14029,158558600,0,0,1,27136,14,7873930395
6612,158555291,3904,158559195,0,0,1,10752,14,10078220079
6613,158583970,208432,158792402,0,0,0,3072,14,3218190340
6614,158639220,4850,158644070,9,0,1,5120,15,5394520895
6615,158647701,282161,158929862,8,0,0,131584,7,8713139497
6616,158656280,3128,158659408,5,0,1,9216,18,10105788978
6617,158664910,2946,158667856,1,0,1,3072,9,1118177967
6618,158678931,272638,158951569,8,0,0,71168,7,9312142501
6619,158725571,339470,159065041,8,0,0,186368,7,2156129883
6620,158771531,196622,158968153,8,0,0,29696,7,8219308960
6621,158802590,7706,158810296,8,0,1,8192,7,7384095519
6622,158809941,412527,159222468,8,0,0,74752,7,5059142510
6623,158815260,3422,158818682,1,0,1,3584,9,3448977761
6624,158823871,311353,159135224,2,0,0,59392,16,8510275537
6625,158890290,67115,158957405,8,0,1,6144,7,5984968848
6626,158899380,77990,158977370,1,0,1,43008,9,3872345266
6627,158901940,81946,158983886,8,0,1,23040,7,6172621854
6628,158909731,74501,158984232,0,0,1,512,14,7579865213
6629,159025571,354070,159379641,4,0,0,18944,13,6739348684
6630,159041770,26950,159068720,5,0,1,10240,18,3579413098
6631,159042260,137252,159179512,0,0,0,1024,14,438684302
6632,159074331,3387,159077718,0,0,1,9728,14,5668013534
6633,159083000,92791,159175791,3,0,1,150528,3,8171127998
6634,159118999,67110,159186109,6,0,1,40960,12,4628776300
6635,159156409,66542,159222951,1,0,0,1536,9,7572239296
6636,159158950,33265,159192215,1,0,1,29184,9,3212410179
6637,159167920,25281,159193201,5,0,1,1536,18,7932204103
6638,159185480,13418,159198898,8,0,1,18944,7,8437699727
6639,159217550,183811,159401361,3,0,0,5120,3,2318331167
6640,159218960,202843,159421803,3,0,0,512,3,9287205676
6641,159227110,87229,159314339,3,0,1,146432,3,7604239610
6642,159227331,482160,159709491,2,0,0,28160,16,1678527619
6643,159273361,386913,159660274,8,0,0,142848,7,9360728024
6644,159281670,37815,159319485,5,0,1,8192,18,5349941042
6645,159291550,33120,159324670,1,0,1,16384,9,744311782
6646,159297861,415880,159713741,2,0,0,9728,16,4399435370
6647,159314301,374224,159688525,4,0,0,92672,13,8553369339
6648,159319859,5157,159325016,6,0,1,512,12,3720824623
6649,159367491,333373,159700864,4,0,0,40448,13,7116835781
6650,159397201,4374,159401575,0,0,1,4608,14,5141337799
6651,159401710,115795,159517505,3,0,1,192000,3,1543282607
6652,159434210,109933,159544143,3,0,1,86528,3,5717809461
6653,159453689,280255,159733944,1,0,0,1024,9,8031659282
6654,159453800,256962,159710762,1,0,0,4096,9,2876734099
6655,159456210,93079,159549289,1,0,1,8192,9,7391364629
6656,159460410,89135,159549545,9,0,1,9216,15,6563736065
6657,159467620,268355,159735975,3,0,1,394752,3,1869555792
6658,159497151,239388,159736539,0,0,1,10752,14,2996253109
6659,159499480,247145,159746625,1,0,0,4096,9,2427414981
6660,159549720,308529,159858249,1,0,0,1024,9,9252140098
6661,159551351,387926,159939277,8,0,0,10752,7,3988670977
6662,159555700,352443,159908143,3,0,0,3584,3,6944792939
6663,159561600,181455,159743055,8,0,1,31232,7,6527124904
6664,159568080,185293,159753373,8,0,1,32768,7,839619451
6665,159571640,187122,159758762,1,0,1,17408,9,2601683830
6666,159585430,175598,159761028,1,0,1,3584,9,6964148443
6667,159588690,234375,159823065,3,0,0,1024,3,8958988684
6668,159631290,131223,159762513,5,0,1,15360,18,8223875285
6669,159658570,344682,160003252,0,0,0,512,14,4727849393
6670,159671501,97528,159769029,0,0,1,23040,14,10336939513
6671,159677240,93735,159770975,8,0,1,3072,7,3032713536
6672,159680291,94230,159774521,0,0,1,5632,14,9369519753
6673,159712540,270270,159982810,3,0,0,5120,3,8989970352
6674,159737650,39777,159777427,1,0,1,4608,9,7643205364
6675,159747640,32693,159780333,9,0,1,4608,15,1953897717
6676,159748981,349996,160098977,2,0,0,47616,16,6079832808
6677,159759969,23270,159783239,6,0,1,4608,12,5295900265
6678,159806550,13341,159819891,5,0,1,22528,18,9674569359
6679,159888270,6278,159894548,8,0,1,6656,7,8447316183
6680,159893540,240744,160134284,0,0,0,512,14,6007154525
6681,159915199,4374,159919573,6,0,1,4608,12,3175087407
6682,159928209,106512,160034721,1,0,0,1024,9,7742047621
6683,159932370,14117,159946487,5,0,1,24064,18,6062320940
6684,159966170,12825,159978995,1,0,1,21504,9,9751435908
6685,159993141,140972,160134113,2,0,0,15872,16,6888471745
6686,160003430,5802,160009232,5,0,1,6144,18,10548607593
6687,160022530,5712,160028242,1,0,1,14336,9,8687392549
6688,160071381,86595,160157976,4,0,0,2560,13,634918795
6689,160072360,4162,160076522,5,0,1,11264,18,2129129213
6690,160095710,3825,160099535,1,0,1,512,9,5924473448
6691,160107850,5326,160113176,5,0,1,5632,18,10658507914
6692,160122300,1518,160123818,8,0,1,1536,7,8785170913
6693,160126151,596388,160722539,2,0,0,46592,16,8186927839
6694,160139551,2870,160142421,0,0,1,8704,14,5586610498
6695,160148420,53521,160201941,0,0,0,1024,14,5430228948
6696,160167070,73474,160240544,0,0,0,512,14,6546849659
6697,160174651,5454,160180105,0,0,1,13824,14,4398600765
6698,160175010,256325,160431335,1,0,0,512,9,10326967354
6699,160196640,125423,160322063,1,0,0,2048,9,10735017
6700,160213940,398829,160612769,3,0,0,65536,3,374238950
6701,160214011,367456,160581467,4,0,0,262656,13,7116469147
6702,160228550,7706,160236256,4,0,1,8192,13,4647038296
6703,160241101,381511,160622612,8,0,0,32256,7,9484731884
6704,160245281,636074,160881355,2,0,0,72192,16,4818078379
6705,160285140,296678,160581818,0,0,0,1024,14,8942864620
6706,160311240,6229,160317469,4,0,1,15360,13,2488246091
6707,160327710,6754,160334464,4,0,1,7168,13,8545703510
6708,160328641,530189,160858830,8,0,0,234496,7,7174275237
6709,160405290,7706,160412996,1,0,1,8192,9,3848919657
6710,160415150,5196,160420346,4,0,1,13312,13,6361752167
6711,160417551,545914,160963465,8,0,0,96256,7,9790279828
6712,160422290,3128,160425418,1,0,1,9216,9,2192261892
6713,160424380,270588,160694968,1,0,0,1536,9,7820145546
6714,160430240,3128,160433368,5,0,1,9216,18,9656537243
6715,160437750,5196,160442946,5,0,1,13312,18,4668542105
6716,160450910,3387,160454297,4,0,1,9728,13,9203448469
6717,160475420,16096,160491516,8,0,1,31232,7,6614845592
6718,160521751,467781,160989532,4,0,0,85504,13,4560397407
6719,160527660,58566,160586226,1,0,1,4608,9,6176885325
6720,160554010,34162,160588172,8,0,1,3072,7,3899302695
6721,160560540,28618,160589158,8,0,1,1536,7,6937143466
6722,160574170,17574,160591744,1,0,1,4096,9,4071122890
6723,160577650,15067,160592717,8,0,1,12800,7,4631240953
6724,160607270,252058,160859328,0,0,0,1536,14,172709217
6725,160611230,13393,160624623,1,0,1,2048,9,8950403462
6726,160623341,411402,161034743,4,0,0,66048,13,5264548281
6727,160639710,4679,160644389,1,0,1,12288,9,9771784685
6728,160656910,333417,160990327,1,0,0,2560,9,6297040410
6729,160678980,3422,160682402,4,0,1,3584,13,900729438
6730,160682000,748,160682748,8,0,1,512,7,2239570026
6731,160718601,726192,161444793,8,0,0,155136,7,9737317172
6732,160754480,691904,161446384,3,0,0,5120,3,1492805592
6733,160758851,638651,161397502,4,0,0,498688,13,8911607920
6734,160786380,72465,160858845,1,0,1,5120,9,1625335211
6735,160805060,687094,161492154,1,0,0,1024,9,3806847217
6736,160807270,79031,160886301,1,0,1,12800,9,1989192348
6737,160825150,65851,160891001,4,0,1,14336,13,5269422970
6738,160828420,663383,161491803,3,0,0,148992,3,4821108301
6739,160875630,34925,160910555,2,0,1,33792,16,8469295356
6740,160883560,27559,160911119,9,0,1,10752,15,1496434191
6741,160883960,29105,160913065,8,0,1,3072,7,7516823930
6742,160887900,29031,160916931,2,0,1,6144,16,6055447899
6743,160905940,13897,160919837,1,0,1,4608,9,2899930315
6744,160909710,10383,160920093,9,0,1,9216,15,1562715834
6745,160948760,52333,161001093,4,0,1,17408,13,7343468915
6746,160981610,21429,161003039,4,0,1,3072,13,9522356999
6747,161019041,148080,161167121,8,0,0,14848,7,72799379
6748,161030951,529437,161560388,2,0,0,121344,16,194557553
6749,161071660,16354,161088014,2,0,1,31744,16,7641422852
6750,161075410,447959,161523369,3,0,0,102400,3,4313252814
6751,161181091,407025,161588116,4,0,0,90624,13,8590805785
6752,161192020,2870,161194890,8,0,1,8704,7,655091350
6753,161267270,293157,161560427,2,0,1,15360,16,952165013
6754,161311510,290091,161601601,3,0,0,44032,3,648068163
6755,161330950,229508,161560458,4,0,1,6144,13,4634784031
6756,161351670,208811,161560481,4,0,1,13312,13,2589514547
6757,161388810,231139,161619949,3,0,0,24576,3,2834609784
6758,161410440,177715,161588155,2,0,1,8192,16,3645713030
6759,161440430,147740,161588170,2,0,1,8192,16,3912395018
6760,161462281,387332,161849613,4,0,0,16896,13,7585109247
6761,161486861,354446,161841307,2,0,0,56320,16,7606771192
6762,161492700,108932,161601632,8,0,1,2560,7,6082963483
6763,161508740,226314,161735054,3,0,0,76288,3,8151358746
6764,161524431,85331,161609762,0,0,1,33792,14,7217922035
6765,161536710,83440,161620150,0,0,0,512,14,6416814540
6766,161552220,59168,161611388,2,0,1,2560,16,3011604396
6767,161583351,36613,161619964,0,0,1,3584,14,9848596162
6768,161596730,528495,162125225,0,0,0,1024,14,6840485755
6769,161609220,10759,161619979,4,0,1,11264,13,5472797096
6770,161644440,1994,161646434,8,0,1,2048,7,9256164682
6771,161654001,190449,161844450,2,0,0,10240,16,1842046683
6772,161670581,2470,161673051,0,0,1,2560,14,8930422897
6773,161683631,396719,162080350,4,0,0,113152,13,8887527325
6774,161705801,703154,162408955,2,0,0,218112,16,9057403683
6775,161707621,377580,162085201,4,0,0,15872,13,390298548
6776,161717330,20628,161737958,8,0,1,8704,7,7429094491
6777,161727641,396096,162123737,4,0,0,11264,13,9963469405
6778,161727901,15641,161743542,0,0,1,6144,14,4292815655
6779,161757381,126908,161884289,4,0,0,1536,13,3590985272
6780,161765731,576753,162342484,2,0,0,256512,16,9299575391
6781,161793239,3128,161796367,6,0,1,9216,12,7319006410
6782,161826341,281024,162107365,2,0,0,38912,16,5409759424
6783,161879950,13341,161893291,8,0,1,22528,7,8177715567
6784,161946380,298024,162244404,0,0,0,512,14,8016332504
6785,161971461,494641,162466102,2,0,0,111616,16,5237619184
6786,161976871,573642,162550513,8,0,0,276992,7,3557038745
6787,161989270,7706,161996976,2,0,1,8192,16,6975977691
6788,162017621,410178,162427799,2,0,0,7680,16,955024744
6789,162018841,535767,162554608,4,0,0,13312,13,5762866834
6790,162126670,685138,162811808,3,0,0,134656,3,1191031720
6791,162134011,428108,162562119,2,0,0,24576,16,7647028281
6792,162140001,607139,162747140,2,0,0,359424,16,10579798210
6793,162183541,389513,162573054,2,0,0,35840,16,2440277995
6794,162215221,680721,162895942,4,0,0,30720,13,10402302192
6795,162223020,3898,162226918,8,0,1,4096,7,7526992021
6796,162251601,500858,162752459,8,0,0,17408,7,4187735323
6797,162323951,494332,162818283,2,0,0,20992,16,2606468621
6798,162340061,72375,162412436,0,0,1,3584,14,9485990805
6799,162376090,45807,162421897,2,0,1,19456,16,10238793595
6800,162384911,492877,162877788,4,0,0,195072,13,2221412098
6801,162412021,342481,162754502,2,0,0,6656,16,750595508
6802,162463991,306750,162770741,4,0,0,53248,13,1946046102
6803,162469191,108576,162577767,0,0,1,12288,14,357660691
6804,162475110,116267,162591377,3,0,1,28160,3,171002894
6805,162488461,107102,162595563,0,0,1,6656,14,2611871452
6806,162511831,544083,163055914,8,0,0,84992,7,1239651380
6807,162545151,66701,162611852,0,0,1,44032,14,3397740135
6808,162547961,64557,162612518,0,0,1,1024,14,4231514502
6809,162585090,335718,162920808,0,0,0,4096,14,7604249502
6810,162595520,22183,162617703,8,0,1,16384,7,4149197687
6811,162601550,386318,162987868,3,0,0,104448,3,8336886649
6812,162620361,409642,163030003,2,0,0,138240,16,1774178620
6813,162688370,129944,162818314,8,0,1,1024,7,5512092734
6814,162735200,83137,162818337,4,0,1,5120,13,7677864941
6815,162735720,447402,163183122,3,0,0,39936,3,1075113319
6816,162741901,368051,163109952,2,0,0,133632,16,821958049
6817,162744840,132963,162877803,8,0,1,8704,7,6547955518
6818,162752321,125497,162877818,0,0,1,8704,14,9977198042
6819,162752650,357629,163110279,0,0,0,1024,14,5971581441
6820,162771790,106059,162877849,8,0,1,9728,7,154331168
6821,162781500,418069,163199569,0,0,0,10240,14,274022511
6822,162819440,323037,163142477,3,0,0,61440,3,9572660090
6823,162820220,59609,162879829,4,0,1,2048,13,9389139180
6824,162884381,239345,163123726,8,0,0,44032,7,874362616
6825,162909640,5326,162914966,4,0,1,5632,13,3319014105
6826,162918030,12049,162930079,2,0,1,19968,16,9043771412
6827,162948320,5712,162954032,2,0,1,14336,16,4129778552
6828,163047191,11585,163058776,0,0,1,8704,14,4151009734
6829,163089830,52662,163142492,8,0,1,25088,7,1770906211
6830,163094470,53213,163147683,8,0,1,31744,7,1006537591
6831,163172360,23837,163196197,8,0,1,22016,7,5251752699
6832,163203360,59736,163263096,0,0,0,512,14,4694190001
6833,163208280,4679,163212959,8,0,1,12288,7,3649506298
6834,163209730,331337,163541067,3,0,0,216576,3,7464900999
6835,163241390,3904,163245294,8,0,1,10752,7,4462832150
6836,163254221,298608,163552829,4,0,0,37376,13,7839782637
6837,163301390,24929,163326319,8,0,1,45056,7,8659757453
6838,163341570,455310,163796880,0,0,0,1536,14,3090230531
6839,163377630,4937,163382567,8,0,1,12800,7,6956551780
6840,163425150,42941,163468091,7,0,1,70144,16,6125757094
6841,163454700,86726,163541426,0,0,0,1024,14,3321641527
6842,163456460,168432,163624892,3,0,0,131584,3,1042946754
6843,163477340,76039,163553379,4,0,1,512,13,10047409892
6844,163483471,312926,163796397,2,0,0,204288,16,10116668072
6845,163490400,75652,163566052,4,0,1,22016,13,4330106318
6846,163496960,69963,163566923,4,0,1,12288,13,8383482172
6847,163525160,44029,163569189,8,0,1,3584,7,1643709720
6848,163545170,32733,163577903,8,0,1,22528,7,10217077138
6849,163557020,24749,163581769,8,0,1,6144,7,1465645951
6850,163563420,169109,163732529,3,0,0,23040,3,224396385
6851,163637860,159191,163797051,0,0,0,512,14,2139683785
6852,163638040,13600,163651640,4,0,1,23040,13,1853874202
6853,163650980,199401,163850381,3,0,0,25088,3,9641265888
6854,163655801,174767,163830568,2,0,0,36864,16,8303985268
6855,163673060,6754,163679814,4,0,1,7168,13,8921142607
6856,163689840,5712,163695552,4,0,1,14336,13,5965824067
6857,163713150,3422,163716572,7,0,1,3584,16,5500195385
6858,163812610,17973,163830583,8,0,1,17408,7,6903929317
6859,163838880,20366,163859246,7,0,1,32768,16,6074266057
6860,163861070,6488,163867558,8,0,1,15872,7,599115488
6861,163862660,258829,164121489,3,0,0,74240,3,10583266424
6862,163896020,13770,163909790,7,0,1,26624,16,8116651355
6863,163899640,18399,163918039,8,0,1,23552,7,5518334950
6864,163906960,351334,164258294,3,0,0,156160,3,9112497760
6865,163932931,50828,163983759,8,0,0,3072,7,9655195831
6866,163982070,228621,164210691,3,0,0,58368,3,2066597437
6867,163985040,330873,164315913,3,0,0,19456,3,4648514911
6868,163988741,335326,164324067,2,0,0,14848,16,2422580884
6869,163990381,300734,164291115,4,0,0,39424,13,6610810644
6870,164077601,341862,164419463,2,0,0,117760,16,5953956947
6871,164089450,7706,164097156,8,0,1,8192,7,1305373642
6872,164112100,9947,164122047,8,0,1,512,7,5994750963
6873,164144460,3645,164148105,8,0,1,10240,7,8385787713
6874,164163081,496467,164659548,2,0,0,296960,16,7451039910
6875,164196171,372882,164569053,8,0,0,71680,7,435323384
6876,164259391,251276,164510667,2,0,0,108032,16,8371685439
6877,164309281,229857,164539138,2,0,0,20480,16,47261105
6878,164314210,387240,164701450,3,0,0,137216,3,2631567037
6879,164329251,562863,164892114,8,0,0,244736,7,9546541469
6880,164425921,1518,164427439,0,0,1,1536,14,7568604246
6881,164469960,5454,164475414,8,0,1,13824,7,2271823198
6882,164480600,35530,164516130,4,0,1,13824,13,8516757577
6883,164485310,174317,164659627,7,0,1,186368,16,9039689848
6884,164519050,276946,164795996,7,0,1,157184,16,8342396211
6885,164529230,267112,164796342,8,0,1,512,7,7986546337
6886,164565660,233588,164799248,4,0,1,4608,13,5584801146
6887,164568290,237167,164805457,7,0,1,29696,16,9272767514
6888,164571711,642309,165214020,4,0,0,119808,13,3660481137
6889,164587060,305069,164892129,7,0,1,81408,16,1935426735
6890,164601510,290658,164892168,4,0,1,16896,13,8628047249
6891,164604269,287914,164892183,6,0,1,512,12,10398319536
6892,164645769,246429,164892198,6,0,1,10752,12,3814685560
6893,164646149,246064,164892213,6,0,1,15360,12,7201117316
6894,164647490,244746,164892236,7,0,1,8192,16,5876857570
6895,164677251,500250,165177501,4,0,0,124416,13,1380036494
6896,164687720,204539,164892259,7,0,1,98304,16,5005380240
6897,164717370,644986,165362356,3,0,0,96768,3,8097749663
6898,164726380,171986,164898366,7,0,1,6656,16,6670998431
6899,164726539,172493,164899032,6,0,1,11264,12,10083620553
6900,164743720,242435,164986155,0,0,0,1536,14,2193653965
6901,164755179,149123,164904302,6,0,1,7168,12,3709914732
6902,164768631,518768,165287399,2,0,0,127488,16,4317599824
6903,164836010,69918,164905928,4,0,1,2560,13,5724671747
6904,164858420,52654,164911074,4,0,1,8192,13,7077481175
6905,164876699,35681,164912380,6,0,1,2048,12,10706076343
6906,164892550,186640,165079190,0,0,0,1024,14,1224998900
6907,164912639,4162,164916801,6,0,1,11264,12,3324817645
6908,164933051,358122,165291173,2,0,0,12288,16,5985978770
6909,164935290,4850,164940140,8,0,1,5120,7,9790336542
6910,164948830,129479,165078309,0,0,0,512,14,8021712742
6911,164997960,6278,165004238,4,0,1,6656,13,8385300982
6912,165028290,4374,165032664,4,0,1,4608,13,752253686
6913,165067160,175600,165242760,7,0,1,285184,16,8818984343
6914,165111081,342845,165453926,2,0,0,43520,16,3904893274
6915,165112551,382194,165494745,2,0,0,29696,16,9551273765
6916,165164860,122554,165287414,7,0,1,74240,16,8851268242
6917,165217311,353388,165570699,8,0,0,56832,7,9820773564
6918,165242360,120635,165362995,0,0,0,2048,14,8444707892
6919,165303639,5326,165308965,6,0,1,5632,12,1855415816
6920,165313520,6278,165319798,8,0,1,6656,7,2170857783
6921,165346551,191978,165538529,4,0,0,37376,13,1095110566
6922,165347420,27658,165375078,8,0,1,19968,7,8497402681
6923,165361230,16754,165377984,8,0,1,4608,7,7465955599
6924,165400390,56079,165456469,7,0,1,95744,16,7779680596
6925,165415160,51729,165466889,7,0,1,41472,16,2575098495
6926,165420841,387922,165808763,2,0,0,148480,16,194065619
6927,165421801,89341,165511142,2,0,0,12288,16,5477919854
6928,165426280,51336,165477616,7,0,1,34816,16,1690786455
6929,165455259,22703,165477962,6,0,1,512,12,893503501
6930,165474430,289070,165763500,3,0,0,105472,3,6521112154
6931,165496030,6278,165502308,4,0,1,6656,13,4308690799
6932,165500690,14029,165514719,4,0,1,27136,13,3818149660
6933,165601120,231064,165832184,0,0,0,1024,14,5495349968
6934,165616521,195697,165812218,4,0,0,11264,13,6539555622
6935,165629020,1994,165631014,8,0,1,2048,7,7674940111
6936,165651171,180686,165831857,4,0,0,45568,13,5572106388
6937,165670721,300040,165970761,2,0,0,119296,16,1469585922
6938,165694999,14287,165709286,6,0,1,27648,12,9879799504
6939,165703930,108303,165812233,7,0,1,150016,16,157364263
6940,165757060,55188,165812248,4,0,1,1536,13,986568696
6941,165863871,261983,166125854,8,0,0,49664,7,7846334212
6942,165887401,103345,165990746,4,0,0,11776,13,8128236084
6943,165896720,351162,166247882,3,0,0,58880,3,10649809638
6944,165926681,279263,166205944,8,0,0,93184,7,2187997986
6945,165941091,235635,166176726,2,0,0,53760,16,9853070478
6946,165942170,34104,165976274,8,0,1,13824,7,6432984330
6947,165942641,514268,166456909,2,0,0,113664,16,573464790
6948,165948110,37163,165985273,4,0,1,16384,13,868077570
6949,165973370,27610,166000980,7,0,1,33792,16,6856371294
6950,165978781,198748,166177529,4,0,0,2560,13,5802749139
6951,166006760,566,166007326,8,0,1,512,7,3440176415
6952,166039390,11533,166050923,2,0,1,18944,16,6124458249
6953,166059250,74867,166134117,3,0,1,122368,3,10361342966
6954,166106380,698482,166804862,3,0,0,164864,3,1944148389
6955,166116401,532061,166648462,2,0,0,68608,16,7346913445
6956,166131320,13600,166144920,9,0,1,23040,15,4964426464
6957,166144580,1994,166146574,4,0,1,2048,13,976449092
6958,166154591,443933,166598524,4,0,0,102912,13,6298579801
6959,166160680,67397,166228077,9,0,1,36352,15,2129894198
6960,166171630,76267,166247897,7,0,1,3072,16,5656022486
6961,166182229,65683,166247912,6,0,1,14848,12,1297835610
6962,166210210,37717,166247927,7,0,1,2560,16,4394377293
6963,166237870,12085,166249955,4,0,1,2048,13,8941765963
6964,166240030,22325,166262355,3,0,1,26624,3,5317386620
6965,166242160,47612,166289772,3,0,1,54272,3,4376360253
6966,166264890,404499,166669389,3,0,0,68608,3,6274191927
6967,166265580,191344,166456924,7,0,1,258048,16,883073086
6968,166301190,155749,166456939,8,0,1,4096,7,10547786291
6969,166308110,148844,166456954,9,0,1,3584,15,2331113811
6970,166353110,245429,166598539,3,0,1,350720,3,518681530
6971,166354820,243734,166598554,7,0,1,31232,16,9060293434
6972,166355970,242599,166598569,7,0,1,9216,16,6408740144
6973,166372260,226324,166598584,8,0,1,3072,7,7182399571
6974,166382309,216290,166598599,6,0,1,9728,12,7709865992
6975,166465230,133384,166598614,2,0,1,14848,16,7680401633
6976,166504289,94340,166598629,6,0,1,16384,12,536210816
6977,166515509,83135,166598644,6,0,1,1024,12,4526404834
6978,166525570,73089,166598659,9,0,1,9216,15,9061051275
6979,166525890,73041,166598931,9,0,1,40448,15,2397995194
6980,166538320,62877,166601197,8,0,1,3584,7,832835531
6981,166547480,55663,166603143,4,0,1,3072,13,7383233533
6982,166633620,39150,166672770,4,0,1,3584,13,2712885517
6983,166713400,13512,166726912,8,0,1,26112,7,8015882697
6984,166716621,231692,166948313,4,0,0,56832,13,9504459409
6985,166720210,12091,166732301,4,0,1,17408,13,1906609160
6986,166773690,44459,166818149,2,0,1,25600,16,3848495926
6987,166780071,239795,167019866,8,0,0,12800,7,3462400783
6988,166788651,30369,166819020,0,0,1,12288,14,7035894484
6989,166839271,5802,166845073,0,0,1,6144,14,6258301489
6990,166901730,13253,166914983,4,0,1,25600,13,4289317938
6991,166951811,4374,166956185,0,0,1,4608,14,6252002
6992,166961770,4420,166966190,2,0,1,11776,16,8251370945
6993,166985469,1994,166987463,6,0,1,2048,12,8299231945
6994,167013751,6130,167019881,0,0,1,6144,14,7063795155
6995,167014520,26598,167041118,3,0,1,46080,3,4674161105
6996,167027870,18535,167046405,7,0,1,25088,16,9260893409
6997,167031411,343497,167374908,8,0,0,95744,7,9210951911
6998,167040980,6731,167047711,2,0,1,2048,16,1575713295
6999,167077769,1518,167079287,6,0,1,1536,12,6171232240
7000,167093480,4162,167097642,2,0,1,11264,16,5784069428
7001,167097520,566,167098086,4,0,1,512,13,6505830952
7002,167098400,3645,167102045,4,0,1,10240,13,8547221718
7003,167103590,3422,167107012,4,0,1,3584,13,921549599
7004,167115110,3904,167119014,4,0,1,10752,13,5520554243
7005,167118950,274444,167393394,3,0,0,34304,3,6613531410
7006,167148091,2946,167151037,0,0,1,3072,14,7830595142
7007,167151639,4374,167156013,6,0,1,4608,12,3939907159
7008,167166990,5712,167172702,2,0,1,14336,16,10659567090
7009,167174701,5326,167180027,0,0,1,5632,14,770836284
7010,167194620,64137,167258757,7,0,1,108032,16,675383508
7011,167213191,260399,167473590,2,0,0,136192,16,3805274571
7012,167251911,267975,167519886,8,0,0,31744,7,321289779
7013,167280950,2946,167283896,9,0,1,3072,15,3339566076
7014,167309170,12566,167321736,4,0,1,20992,13,3141526950
7015,167359310,34115,167393425,7,0,1,29184,16,1604263529
7016,167368700,24740,167393440,4,0,1,15872,13,613283805
7017,167376040,20350,167396390,8,0,1,3072,7,9019622787
7018,167379810,21800,167401610,2,0,1,7680,16,6699761039
7019,167392400,20416,167412816,8,0,1,31232,7,10034398991
7020,167413031,203087,167616118,2,0,0,61952,16,2888523071
7021,167433211,46666,167479877,0,0,1,6656,14,4180491736
7022,167461209,22534,167483743,6,0,1,6144,12,9563310636
7023,167507151,195896,167703047,8,0,0,62464,7,8463246571
7024,167536340,5196,167541536,4,0,1,13312,13,288363254
7025,167542810,6488,167549298,9,0,1,15872,15,6248701414
7026,167545610,6935,167552545,9,0,1,5120,15,4248360162
7027,167552351,177040,167729391,2,0,0,3584,16,6340998818
7028,167560230,240396,167800626,3,0,0,7168,3,5796622648
7029,167583041,215362,167798403,8,0,0,87552,7,7466561442
7030,167591881,24252,167616133,0,0,1,27648,14,9919662107
7031,167618490,14287,167632777,7,0,1,27648,16,6028429605
7032,167626081,363712,167989793,8,0,0,34816,7,697557560
7033,167633751,1042,167634793,0,0,1,1024,14,3422518055
7034,167639090,70991,167710081,3,0,1,114688,3,4423264561
7035,167650010,266871,167916881,3,0,0,59904,3,2826760230
7036,167662631,628705,168291336,2,0,0,465920,16,2621641007
7037,167708591,612041,168320632,2,0,0,47104,16,8636852160
7038,167729240,4993,167734233,9,0,1,5120,15,9294241627
7039,167779471,589224,168368695,2,0,0,157696,16,8981534560
7040,167782790,19313,167802103,2,0,1,1536,16,9396218975
7041,167783580,19509,167803089,4,0,1,1536,13,7039331445
7042,167810341,568776,168379117,2,0,0,19456,16,2869407922
7043,167859710,10499,167870209,4,0,1,16896,13,5987091974
7044,167863571,204880,168068451,2,0,0,1536,16,8548135497
7045,167897689,19215,167916904,6,0,1,2048,12,8399044346
7046,167898910,407332,168306242,3,0,0,30208,3,9289193745
7047,167900590,17358,167917948,4,0,1,1024,13,10332722888
7048,167962751,7230,167969981,0,0,1,7680,14,6281612344
7049,167995971,1518,167997489,0,0,1,1536,14,8622327912
7050,167997150,6229,168003379,7,0,1,15360,16,9026367234
7051,167999440,16581,168016021,9,0,1,24064,15,4215189963
7052,168000591,372583,168373174,4,0,0,14336,13,886020700
7053,168010190,286825,168297015,3,0,0,18432,3,9379651185
7054,168046929,4374,168051303,6,0,1,4608,12,6966204008
7055,168059481,364128,168423609,2,0,0,115712,16,7580608794
7056,168084690,2946,168087636,9,0,1,3072,15,8600177671
7057,168105810,200455,168306265,7,0,1,216576,16,1321765595
7058,168110480,271786,168382266,7,0,1,26112,16,8996338729
7059,168148620,235029,168383649,4,0,1,14848,13,3319565760
7060,168149100,234895,168383995,9,0,1,512,15,2172500065
7061,168174470,210831,168385301,9,0,1,2048,15,5297551027
7062,168186140,242086,168428226,7,0,1,79872,16,450697724
7063,168190940,451413,168642353,7,0,1,386048,16,8484955670
7064,168194589,463522,168658111,6,0,1,58880,12,7785396460
7065,168235490,448850,168684340,7,0,1,84480,16,4836023165
7066,168269391,468726,168738117,0,0,1,5632,14,3032996980
7067,168278541,459561,168738102,2,0,0,167936,16,5328056458
7068,168279990,458142,168738132,9,0,1,9216,15,3768999301
7069,168285640,452507,168738147,5,0,1,41984,18,7806812284
7070,168360419,377743,168738162,6,0,1,3072,12,5860328146
7071,168393041,345136,168738177,0,0,1,62464,14,5827555029
7072,168402610,335590,168738200,5,0,1,5120,18,5323766371
7073,168414129,324086,168738215,6,0,1,1536,12,8620277589
7074,168416029,322201,168738230,6,0,1,6144,12,6911831201
7075,168436000,302245,168738245,4,0,1,16896,13,6459307316
7076,168437800,904426,169342226,3,0,0,44544,3,1806030927
7077,168466851,588799,169055650,2,0,0,72192,16,309186350
7078,168482189,256071,168738260,6,0,1,6656,12,9131254919
7079,168493500,244775,168738275,5,0,1,8704,18,1876629680
7080,168525310,214306,168739616,4,0,1,7680,13,254285359
7081,168542040,462502,169004542,3,0,0,249344,3,6378046793
7082,168563150,180652,168743802,9,0,1,6656,15,6969213695
7083,168583790,160358,168744148,4,0,1,512,13,9810092447
7084,168585560,162774,168748334,5,0,1,6656,18,6881235447
7085,168620800,465129,169085929,3,0,0,99328,3,3695831226
7086,168632831,121097,168753928,0,0,1,18432,14,6798332718
7087,168677381,427250,169104631,4,0,0,34816,13,2959388831
7088,168719890,35024,168754914,4,0,1,1536,13,428206904
7089,168741821,586802,169328623,2,0,0,130048,16,6510588430
7090,168747220,8680,168755900,4,0,1,1536,13,855979151
7091,168751160,5201,168756361,4,0,1,10240,13,9461114689
7092,168759561,4850,168764411,0,0,1,5120,14,1184878993
7093,168765270,10241,168775511,5,0,1,16384,18,9630646896
7094,168773941,312791,169086732,8,0,0,2560,7,8734434573
7095,168796059,3898,168799957,6,0,1,4096,12,5011992680
7096,168796291,447459,169243750,2,0,0,29696,16,7311276140
7097,168865480,13600,168879080,4,0,1,23040,13,927266125
7098,168867031,360248,169227279,4,0,0,37376,13,4953286689
7099,168876651,355167,169231818,2,0,0,14848,16,1813925641
7100,168911371,377613,169288984,4,0,0,100864,13,4874181297
7101,168928480,76077,169004557,5,0,1,1536,18,6262639963
7102,168953549,64667,169018216,6,0,1,23040,12,4916755771
7103,168973261,474919,169448180,4,0,0,30208,13,8335554865
7104,168987251,390925,169378176,2,0,0,70144,16,8521570773
7105,168991401,365348,169356749,2,0,0,47616,16,3101354678
7106,169067381,22256,169089637,0,0,1,3072,14,5326041457
7107,169115589,1042,169116631,6,0,1,1024,12,5748141532
7108,169175860,4420,169180280,4,0,1,11776,13,7454558627
7109,169181781,5326,169187107,0,0,1,5632,14,1008549564
7110,169185800,26221,169212021,1,0,1,47616,9,7610771270
7111,169191131,21658,169212789,0,0,1,11776,14,9500797030
7112,169211640,3095,169214735,4,0,1,3072,13,6584560957
7113,169233551,187849,169421400,8,0,0,16896,7,9010249932
7114,169269879,108344,169378223,6,0,1,1024,12,4637119983
7115,169289561,287816,169577377,8,0,0,119808,7,10322358362
7116,169296370,84260,169380630,5,0,1,2560,18,5718399636
7117,169313021,70081,169383102,0,0,1,11264,14,9152069913
7118,169317621,223130,169540751,4,0,0,24064,13,8209657471
7119,169331110,54208,169385318,4,0,1,3072,13,7948663885
7120,169353901,41981,169395882,0,0,1,20992,14,6971747540
7121,169390960,6228,169397188,4,0,1,2048,13,6526511768
7122,169421930,10241,169432171,3,0,1,16384,3,923231995
7123,169423021,9496,169432517,0,0,1,512,14,2871617920
7124,169538350,265839,169804189,3,0,0,144896,3,7844847939
7125,169573460,267107,169840567,3,0,0,119296,3,4636376856
7126,169614551,497325,170111876,2,0,0,168960,16,1604082401
7127,169637069,4850,169641919,6,0,1,5120,12,10212893418
7128,169645381,566,169645947,0,0,1,512,14,3857167305
7129,169649640,239540,169889180,3,0,0,25088,3,5547753846
7130,169653440,5326,169658766,5,0,1,5632,18,7695502413
7131,169658571,213071,169871642,2,0,0,101888,16,8851452257
7132,169723941,2470,169726411,0,0,1,2560,14,5024572271
7133,169744959,59245,169804204,6,0,1,39936,12,5926950895
7134,169756230,521046,170277276,3,0,0,288256,3,7005888353
7135,169807020,68955,169875975,4,0,1,4608,13,131915317
7136,169823210,55031,169878241,5,0,1,3584,18,2265679085
7137,169844511,486304,170330815,8,0,0,175616,7,6793412854
7138,169846740,271734,170118474,3,0,0,21504,3,9420217255
7139,169905290,480827,170386117,3,0,0,146432,3,6888079672
7140,169984269,7706,169991975,6,0,1,8192,12,900462093
7141,169987419,4902,169992321,6,0,1,512,12,6695159393
7142,170041410,356118,170397528,3,0,0,37376,3,9407937659
7143,170049850,566,170050416,5,0,1,512,18,10624513295
7144,170060270,51621,170111891,4,0,1,512,13,6378431737
7145,170071531,269915,170341446,4,0,0,34816,13,8818961845
7146,170076700,44679,170121379,5,0,1,3072,18,10275638300
7147,170133269,3387,170136656,6,0,1,9728,12,621734660
7148,170151950,7706,170159656,4,0,1,8192,13,194752764
7149,170154470,6492,170160962,5,0,1,2048,18,176381084
7150,170198160,199399,170397559,2,0,1,21504,16,9100540513
7151,170201870,298920,170500790,3,0,0,122880,3,744286407
7152,170238860,162272,170401132,2,0,1,10240,16,9568339121
7153,170263231,570381,170833612,8,0,0,111616,7,1284524182
7154,170281130,235283,170516413,3,0,0,51200,3,7583717424
7155,170287581,772432,171060013,8,0,0,134144,7,2032082548
7156,170294331,153077,170447408,4,0,0,8192,13,8774372541
7157,170298291,472782,170771073,4,0,0,250368,13,10096606541
7158,170343850,78789,170422639,7,0,1,35840,16,3460849873
7159,170383710,44318,170428028,8,0,1,25600,7,5837902042
7160,170393630,38904,170432534,8,0,1,7168,7,240796531
7161,170397541,284701,170682242,2,0,0,61952,16,39146390
7162,170427550,88878,170516428,7,0,1,146432,16,4910950457
7163,170449611,661180,171110791,4,0,0,47616,13,1149549999
7164,170532591,10241,170542832,0,0,1,16384,14,8366896416
7165,170535500,18228,170553728,8,0,1,31232,7,9279815443
7166,170568639,4850,170573489,6,0,1,5120,12,9184407030
7167,170574010,197078,170771088,7,0,1,303104,16,3675864735
7168,170613041,158078,170771119,0,0,1,24576,14,7361831166
7169,170658230,179277,170837507,7,0,1,237056,16,10651651266
7170,170670861,410851,171081712,8,0,0,71168,7,9030790741
7171,170693421,633620,171327041,4,0,0,148992,13,10329950928
7172,170712550,129143,170841693,8,0,1,6656,7,6764163775
7173,170787130,55549,170842679,2,0,1,1536,16,5929046206
7174,170808250,39575,170847825,2,0,1,8192,16,6047376040
7175,170832301,602443,171434744,8,0,0,107520,7,9276369755
7176,170869990,680614,171550604,3,0,0,215552,3,6576851175
7177,170879760,401870,171281630,3,0,0,114176,3,3392702880
7178,170884781,801856,171686637,2,0,0,31744,16,10646593219
7179,170910301,22950,170933251,0,0,1,37888,14,1960435698
7180,170921190,713676,171634866,3,0,0,140800,3,4346588833
7181,170969920,5802,170975722,2,0,1,6144,16,2368329377
7182,170990080,1518,170991598,2,0,1,1536,16,7572772695
7183,170990850,644499,171635349,3,0,0,1536,3,7345213420
7184,171014300,67451,171081751,7,0,1,96768,16,1494355524
7185,171015991,994697,172010688,8,0,0,32256,7,5371635678
7186,171024380,824875,171849255,3,0,0,80384,3,3714375262
7187,171054680,56126,171110806,4,0,1,28672,13,8214608076
7188,171139031,452920,171591951,4,0,0,24576,13,2247055584
7189,171148000,708953,171856953,3,0,0,15360,3,1483131904
7190,171178051,492732,171670783,2,0,0,48128,16,9396383302
7191,171195870,131186,171327056,7,0,1,128000,16,3683870718
7192,171204760,122311,171327071,4,0,1,13824,13,3178114764
7193,171210530,513394,171723924,3,0,0,114176,3,2904843531
7194,171217310,109776,171327086,8,0,1,7168,7,6568230165
7195,171235130,92003,171327133,7,0,1,141312,16,4366737732
7196,171246200,870244,172116444,3,0,0,121856,3,9791356007
7197,171263680,64039,171327719,8,0,1,512,7,9768231570
7198,171266650,65985,171332635,8,0,1,5632,7,7875949177
7199,171285150,77378,171362528,7,0,1,58368,16,5559602089
7200,171328210,38184,171366394,9,0,1,6144,15,7825583825
7201,171333181,452824,171786005,4,0,0,17408,13,8595839906
7202,171340921,534707,171875628,4,0,0,44544,13,5142129263
7203,171350110,23005,171373115,8,0,1,32256,7,7669261454
7204,171378170,11533,171389703,2,0,1,18944,16,4934870211
7205,171381681,409955,171791636,2,0,0,18432,16,6969850856
7206,171390450,6278,171396728,4,0,1,6656,13,3235753574
7207,171394211,644766,172038977,4,0,0,1024,13,7836739518
7208,171413421,625221,172038642,8,0,0,43520,7,6589776587
7209,171442500,477342,171919842,3,0,0,123392,3,6501161448
7210,171455941,729078,172185019,2,0,0,143360,16,6861439175
7211,171496770,61624,171558394,8,0,1,8192,7,3699127607
7212,171505570,57010,171562580,2,0,1,6656,16,3011257727
7213,171510951,341291,171852242,4,0,0,9728,13,1191718990
7214,171517190,508177,172025367,3,0,0,48128,3,699456095
7215,171535501,43865,171579366,0,0,1,43520,14,6572060353
7216,171558080,23552,171581632,8,0,1,3584,7,6299751729
7217,171572270,76846,171649116,7,0,1,129536,16,1692439681
7218,171613541,41579,171655120,0,0,1,20480,14,2308281669
7219,171684171,780730,172464901,4,0,0,23552,13,2629532336
7220,171693701,689838,172383539,4,0,0,76288,13,9637393031
7221,171698320,359032,172057352,3,0,0,22528,3,10553122638
7222,171750721,1042,171751763,0,0,1,1024,14,10710239623
7223,171765491,565877,172331368,8,0,0,82432,7,8398143898
7224,171805461,415698,172221159,4,0,0,101376,13,6280215018
7225,171806511,6278,171812789,0,0,1,6656,14,7098898762
7226,171820670,3904,171824574,1,0,1,10752,9,2964666133
7227,171828020,29660,171857680,1,0,1,13824,9,1909067275
7228,171840791,430864,172271655,4,0,0,132608,13,8549815356
7229,171855130,5719,171860849,1,0,1,10752,9,7981169237
7230,171861020,14623,171875643,1,0,1,1536,9,3435623988
7231,171894531,411653,172306184,2,0,0,6144,16,1877756331
7232,171951421,352876,172304297,8,0,0,107008,7,6683141755
7233,171962900,4850,171967750,2,0,1,5120,16,6390671192
7234,171981650,4420,171986070,2,0,1,11776,16,8175082072
7235,172012070,30586,172042656,2,0,1,10240,16,2170228041
7236,172020311,395549,172415860,8,0,0,18432,7,7068255666
7237,172022730,93737,172116467,7,0,1,67072,16,10326965128
7238,172036490,79992,172116482,1,0,1,27136,9,8811188948
7239,172080390,48879,172129269,7,0,1,21504,16,1101817490
7240,172151601,306109,172457710,2,0,0,1536,16,8802521607
7241,172152861,68313,172221174,0,0,1,6656,14,8451380066
7242,172157891,63298,172221189,0,0,1,8704,14,6735244613
7243,172172110,49094,172221204,1,0,1,21504,9,3642277986
7244,172175620,96058,172271678,7,0,1,69120,16,1722671154
7245,172181850,124349,172306199,8,0,1,6656,7,3060232531
7246,172186330,119884,172306214,2,0,1,26624,16,3887769274
7247,172194680,111549,172306229,1,0,1,7680,9,2997398009
7248,172238221,507757,172745978,4,0,0,54272,13,8173070241
7249,172265020,70261,172335281,8,0,1,10752,7,9900741986
7250,172296300,39327,172335627,2,0,1,512,16,7133518466
7251,172304660,31633,172336293,8,0,1,1024,7,1350607111
7252,172410380,12243,172422623,8,0,1,7168,7,3415030417
7253,172412671,261911,172674582,2,0,0,6656,16,859673666
7254,172453531,341849,172795380,2,0,0,66560,16,4547364702
7255,172463830,4009,172467839,2,0,1,3072,16,6608875251
7256,172495510,36346,172531856,1,0,1,64000,9,4203926276
7257,172567020,4679,172571699,2,0,1,12288,16,3607492999
7258,172602690,203864,172806554,3,0,0,18944,3,9856650026
7259,172651871,4937,172656808,0,0,1,12800,14,6555565678
7260,172719290,5454,172724744,1,0,1,13824,9,6545850868
7261,172731320,18072,172749392,8,0,1,3584,7,2170481382
7262,172759031,246426,173005457,8,0,0,58880,7,123748942
7263,172766561,296319,173062880,2,0,0,188416,16,110319698
7264,172791960,14609,172806569,2,0,1,17408,16,9812663863
7265,172793451,324613,173118064,4,0,0,27136,13,8492465578
7266,172810301,1994,172812295,0,0,1,2048,14,3579476180
7267,172861381,1042,172862423,0,0,1,1024,14,5629704989
7268,172863080,11533,172874613,2,0,1,18944,16,3719674087
7269,172898390,41908,172940298,3,0,1,68096,3,10282020428
7270,172898931,331529,173230460,8,0,0,8192,7,1893761101
7271,172904451,522835,173427286,8,0,0,385536,7,2998708938
7272,172907441,392114,173299555,8,0,0,36864,7,8374900919
7273,172957970,552754,173510724,3,0,0,111104,3,2511644141
7274,172969291,507510,173476801,4,0,0,162304,13,344836160
7275,172971461,2870,172974331,0,0,1,8704,14,196846718
7276,172981010,81901,173062911,3,0,1,96256,3,10023598626
7277,173006070,59297,173065367,8,0,1,2560,7,2870797984
7278,173027010,41346,173068356,3,0,1,12288,3,4164203327
7279,173064811,8888,173073699,0,0,1,15360,14,5295911200
7280,173099690,3422,173103112,8,0,1,3584,7,7952155924
7281,173106611,500693,173607304,8,0,0,56832,7,800107340
7282,173137490,600104,173737594,3,0,0,393728,3,4935471487
7283,173151400,5454,173156854,8,0,1,13824,7,127559901
7284,173156921,460694,173617615,8,0,0,33792,7,3164348030
7285,173230660,1994,173232654,8,0,1,2048,7,806850793
7286,173240040,11533,173251573,3,0,1,18944,3,4036364365
7287,173244570,8949,173253519,1,0,1,3072,9,8242068534
7288,173264000,4420,173268420,2,0,1,11776,16,3911331134
7289,173316090,421519,173737609,3,0,1,242176,3,1240921378
7290,173333121,404527,173737648,0,0,1,18944,14,9811421605
7291,173333170,404493,173737663,5,0,1,1536,18,10220384339
7292,173343100,394586,173737686,2,0,1,2048,16,4845596985
7293,173355769,381940,173737709,6,0,1,7168,12,9180259697
7294,173356880,380852,173737732,8,0,1,2048,7,435656699
7295,173428310,309445,173737755,2,0,1,23552,16,10079217700
7296,173442671,295099,173737770,0,0,1,1024,14,1076268159
7297,173487930,249863,173737793,3,0,1,174080,3,4556691411
7298,173500110,237698,173737808,5,0,1,1536,18,9641106230
7299,173520561,217262,173737823,0,0,1,18944,14,512978326
7300,173562690,176872,173739562,2,0,1,2048,16,10552073473
7301,173563000,177548,173740548,2,0,1,1536,16,3351051665
7302,173602311,138583,173740894,0,0,1,512,14,1932255811
7303,173630791,364803,173995594,2,0,0,104448,16,10415592431
7304,173633550,434306,174067856,3,0,0,6144,3,9697641799
7305,173635931,405534,174041465,8,0,0,27136,7,3842049366
7306,173642921,352860,173995781,8,0,0,512,7,7100382760
7307,173673520,128717,173802237,3,0,1,102912,3,3537489252
7308,173744510,58598,173803108,2,0,1,12288,16,1670912288
7309,173770670,430686,174201356,3,0,0,100864,3,9904401334
7310,173798360,6233,173804593,8,0,1,15360,7,2570804701
7311,173851370,4850,173856220,2,0,1,5120,16,3434170200
7312,173871910,233259,174105169,3,0,0,30720,3,3185825183
7313,173889570,10757,173900327,8,0,1,17408,7,8582335440
7314,173929060,12049,173941109,5,0,1,19968,18,1264556052
7315,173966310,296205,174262515,3,0,0,22016,3,4620026100
7316,173980661,300862,174281523,8,0,0,13824,7,5811893713
7317,174021770,2870,174024640,2,0,1,8704,16,5199257936
7318,174034791,317188,174351979,4,0,0,109056,13,6039178218
7319,174065190,5802,174070992,8,0,1,6144,7,5272399741
7320,174066251,7647,174073898,0,0,1,4608,14,10391337429
7321,174079000,357546,174436546,3,0,0,36352,3,7827405783
7322,174082600,22584,174105184,9,0,1,30720,15,6693690819
7323,174114870,112600,174227470,3,0,0,6144,3,7580379716
7324,174137400,25962,174163362,2,0,1,47104,16,8829919343
7325,174138131,165359,174303490,4,0,0,10240,13,924860528
7326,174159940,10241,174170181,3,0,1,16384,3,4529759857
7327,174163701,37670,174201371,0,0,1,5120,14,1137980076
7328,174248250,4850,174253100,2,0,1,5120,16,3153095841
7329,174251031,11499,174262530,0,0,1,14336,14,7663291965
7330,174257381,8786,174266167,0,0,1,10240,14,10670553737
7331,174262591,7474,174270065,0,0,1,4608,14,6937107325
7332,174306311,216053,174522364,4,0,0,13312,13,9658616000
7333,174308931,2870,174311801,0,0,1,8704,14,1135830201
7334,174318920,37797,174356717,5,0,1,12288,18,116110309
7335,174334150,22913,174357063,5,0,1,512,18,9814643011
7336,174344941,213318,174558259,4,0,0,117760,13,9648833467
7337,174345760,20677,174366437,8,0,1,16896,7,9294655250
7338,174359020,17452,174376472,3,0,1,29696,3,1412191508
7339,174420051,204204,174624255,2,0,0,82944,16,10214711995
7340,174453381,255901,174709282,2,0,0,16896,16,9300722405
7341,174456480,6229,174462709,2,0,1,15360,16,7481143891
7342,174491360,13600,174504960,3,0,1,23040,3,9894229202
7343,174562150,248255,174810405,3,0,0,92672,3,3102017841
7344,174628941,192095,174821036,4,0,0,34816,13,5198478356
7345,174647800,566,174648366,5,0,1,512,18,5204914888
7346,174653810,252395,174906205,3,0,0,30720,3,6699030951
7347,174665231,13253,174678484,0,0,1,25600,14,901638719
7348,174666250,82125,174748375,3,0,1,126464,3,5557491519
7349,174712340,37341,174749681,2,0,1,2048,16,1709153116
7350,174745411,10241,174755652,0,0,1,16384,14,919871260
7351,174782220,45554,174827774,2,0,1,7168,16,10529156032
7352,174788601,260289,175048890,2,0,0,114176,16,834756359
7353,174837521,173665,175011186,8,0,0,25088,7,4371300206
7354,174858170,33850,174892020,3,0,1,55808,3,384484323
7355,174870140,89041,174959181,3,0,1,136704,3,7531900652
7356,174890561,224515,175115076,8,0,0,103424,7,7812162222
7357,174919551,249787,175169338,2,0,0,44544,16,4559764232
7358,175015290,37771,175053061,5,0,1,11264,18,9869025618
7359,175022161,240481,175262642,8,0,0,57856,7,10154845616
7360,175083160,587231,175670391,3,0,0,10240,3,9150416728
7361,175142521,524735,175667256,2,0,0,230912,16,1609092882
7362,175163560,9192,175172752,8,0,1,3584,7,3583197249
7363,175212920,2870,175215790,8,0,1,8704,7,8151838593
7364,175222781,374104,175596885,8,0,0,175104,7,6356070176
7365,175244260,18397,175262657,2,0,1,1024,16,5162560406
7366,175247700,20145,175267845,2,0,1,13312,16,3587322648
7367,175286570,1994,175288564,5,0,1,2048,18,2511373426
7368,175289380,190619,175479999,3,0,0,19456,3,1867443420
7369,175351511,335290,175686801,8,0,0,12800,7,8796505013
7370,175414660,1518,175416178,2,0,1,1536,16,8703751457
7371,175427800,559603,175987403,3,0,0,192512,3,4166276542
7372,175429061,289021,175718082,4,0,0,95744,13,1685993154
7373,175429100,13602,175442702,5,0,1,23040,18,7823899592
7374,175466921,215965,175682886,4,0,0,40960,13,4721879205
7375,175495160,3904,175499064,3,0,1,10752,3,1412782851
7376,175522531,243923,175766454,2,0,0,93184,16,10246703255
7377,175532450,154438,175686888,3,0,1,235008,3,6038413862
7378,175538419,179678,175718097,6,0,1,2560,12,6252608697
7379,175545691,478421,176024112,8,0,0,116736,7,8126515631
7380,175569280,148832,175718112,8,0,1,4096,7,1673330926
7381,175593130,124997,175718127,2,0,1,27136,16,2041420531
7382,175643450,74700,175718150,8,0,1,19968,7,3596519327
7383,175644699,73466,175718165,6,0,1,3584,12,6063875832
7384,175653830,64350,175718180,3,0,1,9216,3,9536768882
7385,175656401,521187,176177588,8,0,0,31232,7,2005200178
7386,175661461,410408,176071869,4,0,0,80384,13,2748013863
7387,175705480,106421,175811901,3,0,1,155648,3,3699015076
7388,175715281,332081,176047362,4,0,0,31744,13,9317839558
7389,175727470,84777,175812247,9,0,1,512,15,5527985004
7390,175735150,82243,175817393,5,0,1,8192,18,2289003603
7391,175748320,74667,175822987,5,0,1,26624,18,3014966824
7392,175833650,20882,175854532,2,0,1,33792,16,10254594673
7393,175847770,10628,175858398,5,0,1,6144,18,1300783663
7394,175864980,1042,175866022,5,0,1,1024,18,8644912638
7395,175933849,54680,175988529,6,0,1,1024,12,8082373661
7396,175945530,78597,176024127,2,0,1,3584,16,1058266016
7397,175958550,65600,176024150,3,0,1,26112,3,3306987512
7398,175966930,57243,176024173,2,0,1,3584,16,7021668771
7399,175974830,49358,176024188,5,0,1,9728,18,7222453057
7400,175996510,29218,176025728,9,0,1,1536,15,2374748919
7401,176004571,368014,176372585,8,0,0,62976,7,8820012417
7402,176017260,18175,176035435,5,0,1,17408,18,2971881064
7403,176021750,50134,176071884,5,0,1,7168,18,3497354588
7404,176028900,42999,176071899,5,0,1,11776,18,9750691749
7405,176032490,39424,176071914,9,0,1,16384,15,2366821959
7406,176057090,15875,176072965,2,0,1,1024,16,6017988051
7407,176070460,5679,176076139,8,0,1,10752,7,6213471635
7408,176136990,566,176137556,9,0,1,512,15,10646978817
7409,176138971,308484,176447455,2,0,0,61440,16,6757376128
7410,176176681,437310,176613991,8,0,0,31744,7,759023791
7411,176188251,346569,176534820,4,0,0,36352,13,9225786773
7412,176198960,75812,176274772,3,0,1,127488,3,4709870417
7413,176211300,64445,176275745,5,0,1,12800,18,4604196315
7414,176223889,55722,176279611,6,0,1,6144,12,6368727220
7415,176268400,12517,176280917,4,0,1,2048,13,1108204721
7416,176272510,125233,176397743,3,0,1,203776,3,9102041310
7417,176276129,122920,176399049,6,0,1,2048,12,10068043774
7418,176278350,146620,176424970,3,0,1,91136,3,1436876508
7419,176283280,142676,176425956,2,0,1,1536,16,9902890031
7420,176294190,153288,176447478,4,0,1,36352,13,1193969302
7421,176296410,151083,176447493,8,0,1,2048,7,7689413873
7422,176321720,125788,176447508,8,0,1,6656,7,9697281189
7423,176348070,99904,176447974,2,0,1,26112,16,3819659480
7424,176348870,101050,176449920,9,0,1,3072,15,2049079723
7425,176399701,243841,176643542,4,0,0,49664,13,4192379144
7426,176401370,49856,176451226,5,0,1,2048,18,7255378541
7427,176407470,45382,176452852,8,0,1,2560,7,1670892240
7428,176435871,232935,176668806,2,0,0,13312,16,3758497880
7429,176444680,392476,176837156,3,0,0,27136,3,35027803
7430,176457040,7230,176464270,1,0,1,7680,9,7632947923
7431,176499720,197571,176697291,3,0,1,324608,3,7296190640
7432,176501270,198287,176699557,5,0,1,3584,18,633200748
7433,176519579,184804,176704383,6,0,1,7680,12,616290513
7434,176555480,154804,176710284,8,0,1,19968,7,8396768089
7435,176575229,140342,176715571,6,0,1,16896,12,9983748233
7436,176585411,540751,177126162,8,0,0,159232,7,3843521789
7437,176586810,732153,177318963,3,0,0,188928,3,1060484172
7438,176616950,144870,176761820,3,0,1,147456,3,7403526687
7439,176623001,638383,177261384,4,0,0,64000,13,8215901145
7440,176634991,568007,177202998,8,0,0,100352,7,4043889677
7441,176667460,98546,176766006,8,0,1,6656,7,880695454
7442,176668460,99031,176767491,5,0,1,15360,18,2827072557
7443,176684511,472257,177156768,2,0,0,90624,16,3649138648
7444,176688400,106241,176794641,3,0,1,97280,3,7183232225
7445,176697600,431541,177129141,3,0,0,9728,3,2214574750
7446,176703390,93517,176796907,8,0,1,3584,7,4772616409
7447,176731651,281102,177012753,4,0,0,59904,13,5405187285
7448,176733660,63708,176797368,5,0,1,10240,18,7696235844
7449,176744630,52892,176797522,8,0,1,8704,7,9641978433
7450,176759850,58870,176818720,3,0,1,68608,3,7935895772
7451,176781520,757817,177539337,3,0,0,110080,3,8280385837
7452,176787400,34866,176822266,3,0,1,5632,3,9430483954
7453,176802361,519745,177322106,2,0,0,10240,16,4680482804
7454,176812119,10493,176822612,6,0,1,512,12,9484863956
7455,176840469,15321,176855790,6,0,1,29696,12,1044228943
7456,176858760,4850,176863610,8,0,1,5120,7,8683750061
7457,176859511,972613,177832124,2,0,0,175616,16,2299498819
7458,176863910,566,176864476,2,0,1,512,16,7226683875
7459,176879850,5326,176885176,2,0,1,5632,16,6210779630
7460,176886370,1042,176887412,8,0,1,1024,7,7828887270
7461,176928500,1042,176929542,3,0,1,1024,3,5890664562
7462,176944421,482721,177427142,4,0,0,1024,13,9971800768
7463,176961300,1207572,178168872,3,0,0,146944,3,9847543135
7464,176986521,519238,177505759,2,0,0,111104,16,7577371529
7465,176997329,20742,177018071,6,0,1,5632,12,1962978800
7466,177022710,1081460,178104170,3,0,0,590336,3,7028421782
7467,177129290,33224,177162514,8,0,1,14336,7,615430863
7468,177141300,61713,177203013,5,0,1,29696,18,4740526053
7469,177148320,54716,177203036,5,0,1,17408,18,9537679964
7470,177179839,30897,177210736,6,0,1,8192,12,259097164
7471,177182891,710630,177893521,4,0,0,146944,13,1462694733
7472,177212540,2470,177215010,4,0,1,2560,13,1679985654
7473,177248920,78082,177327002,8,0,1,12800,7,6265379558
7474,177320950,7358,177328308,4,0,1,2048,13,6168646583
7475,177328210,142124,177470334,3,0,1,229888,3,7621708639
7476,177359940,553320,177913260,3,0,0,40448,3,1165658069
7477,177402269,103505,177505774,6,0,1,6144,12,8580354866
7478,177479920,64251,177544171,5,0,1,5120,18,3487866443
7479,177493600,58347,177551947,5,0,1,17920,18,10369578045
7480,177518499,34754,177553253,6,0,1,2048,12,7875262467
7481,177521020,652703,178173723,3,0,0,15872,3,2958656671
7482,177556190,3904,177560094,4,0,1,10752,13,4348926180
7483,177586811,312060,177898871,2,0,0,17408,16,1935800740
7484,177590869,3645,177594514,6,0,1,10240,12,8584650420
7485,177598720,1518,177600238,1,0,1,1536,9,4919028546
7486,177636440,76071,177712511,3,0,1,128000,3,1327610290
7487,177637140,76677,177713817,4,0,1,2048,13,4506304294
7488,177663149,55494,177718643,6,0,1,7680,12,5858578820
7489,177705409,15820,177721229,6,0,1,4096,12,2976878394
7490,177708231,551584,178259815,8,0,0,253952,7,4747099853
7491,177727600,5326,177732926,4,0,1,5632,13,4351627250
7492,177729730,394291,178124021,3,0,0,65024,3,9319094895
7493,177763640,566,177764206,4,0,1,512,13,7564482758
7494,177841430,52122,177893552,3,0,1,45568,3,2470264264
7495,177858810,54473,177913283,4,0,1,5632,13,215714272
7496,177865700,47598,177913298,2,0,1,7168,16,522921201
7497,177899900,371245,178271145,3,0,0,36864,3,7685088616
7498,177910421,266913,178177334,4,0,0,11776,13,2593592344
7499,177926589,254627,178181216,6,0,1,4096,12,8699641689
7500,177933961,709714,178643675,8,0,0,151552,7,6841167569
7501,177942691,506257,178448948,8,0,0,60416,7,3289474028
7502,177947409,312421,178259830,6,0,1,6144,12,4556651030
7503,177952250,307603,178259853,3,0,1,32256,3,4264966781
7504,177964731,1089716,179054447,8,0,0,24576,7,10352859224
7505,177969200,570564,178539764,3,0,0,101376,3,4557408148
7506,177976081,796180,178772261,2,0,0,130048,16,9012922090
7507,177988860,271008,178259868,5,0,1,8192,18,745691720
7508,177990040,726369,178716409,3,0,0,238592,3,77225205
7509,178018701,709142,178727843,2,0,0,28672,16,2238806344
7510,178056819,203064,178259883,6,0,1,6144,12,1663788551
7511,178099080,160818,178259898,5,0,1,512,18,2956238896
7512,178172121,750657,178922778,2,0,0,166912,16,3953572850
7513,178184989,99885,178284874,6,0,1,26624,12,10158824997
7514,178268449,19331,178287780,6,0,1,4608,12,10132098514
7515,178297790,2946,178300736,5,0,1,3072,18,815997855
7516,178332540,6229,178338769,5,0,1,15360,18,9250478668
7517,178356501,485769,178842270,2,0,0,64000,16,2642994952
7518,178356570,11533,178368103,5,0,1,18944,18,2658676197
7519,178374021,345063,178719084,2,0,0,8704,16,2918104489
7520,178374610,1518,178376128,5,0,1,1536,18,1207293392
7521,178396260,736693,179132953,3,0,0,84480,3,8358774249
7522,178438081,887450,179325531,4,0,0,296448,13,5451393935
7523,178454831,652359,179107190,2,0,0,173056,16,557490267
7524,178460470,3128,178463598,4,0,1,9216,13,3332554228
7525,178515239,35533,178550772,6,0,1,17920,12,1282469994
7526,178563991,671201,179235192,2,0,0,110080,16,6781173994
7527,178596759,46931,178643690,6,0,1,2560,12,5125157934
7528,178624520,556809,179181329,3,0,0,18944,3,8626910522
7529,178632481,507203,179139684,8,0,0,22016,7,6454798040
7530,178657070,72776,178729846,5,0,1,2048,18,1322745524
7531,178706451,445627,179152078,2,0,0,26112,16,2273489331
7532,178713921,430170,179144091,8,0,0,14336,7,7610936983
7533,178724470,711048,179435518,3,0,0,176640,3,5695867916
7534,178744530,752239,179496769,3,0,0,116224,3,5740900480
7535,178755021,428996,179184017,4,0,0,2560,13,9408308849
7536,178809140,528301,179337441,3,0,0,4608,3,6342656205
7537,178863161,598181,179461342,4,0,0,84480,13,7497747793
7538,178869811,509313,179379124,2,0,0,136704,16,10314582457
7539,178872769,57749,178930518,6,0,1,8192,12,197753698
7540,178878331,636892,179515223,4,0,0,60416,13,1908119698
7541,178892791,443223,179336014,4,0,0,34304,13,7208489821
7542,179052650,112230,179164880,4,0,1,45568,13,3284761767
7543,179071380,94064,179165444,5,0,1,10752,18,5287167210
7544,179078851,302816,179381667,8,0,0,8192,7,1868731512
7545,179096109,73521,179169630,6,0,1,6656,12,1696999894
7546,179114990,59146,179174136,4,0,1,7168,13,5611611589
7547,179117679,63665,179181344,6,0,1,3584,12,3872917389
7548,179156200,25159,179181359,4,0,1,4096,13,814745811
7549,179170639,10735,179181374,6,0,1,10240,12,1313482547
7550,179185241,340628,179525869,4,0,0,34816,13,10440245158
7551,179224359,211182,179435541,6,0,1,20480,12,4115651121
7552,179230211,402799,179633010,8,0,0,16384,7,555704933
7553,179237661,473252,179710913,2,0,0,197632,16,5417962709
7554,179242759,192813,179435572,6,0,1,28160,12,10166831599
7555,179246879,188708,179435587,6,0,1,1536,12,8285454480
7556,179264600,232200,179496800,5,0,1,16384,18,4249461650
7557,179354631,362233,179716864,8,0,0,19456,7,2106010366
7558,179367780,147458,179515238,4,0,1,3072,13,5346129934
7559,179396120,129764,179525884,4,0,1,512,13,7806263737
7560,179440031,287048,179727079,2,0,0,10752,16,1702113084
7561,179468361,280073,179748434,2,0,0,1536,16,3956708375
7562,179506130,27469,179533599,8,0,1,8192,7,10541750258
7563,179515041,353317,179868358,4,0,0,29184,13,10333456437
7564,179555730,2946,179558676,4,0,1,3072,13,9509674970
7565,179601051,258400,179859451,8,0,0,136192,7,6621674403
7566,179606961,110698,179717659,2,0,0,2560,16,6881975678
7567,179634021,412597,180046618,8,0,0,29696,7,7070092626
7568,179652621,384934,180037555,4,0,0,31232,13,7162211406
7569,179683870,60277,179744147,3,0,1,48128,3,9158648945
7570,179706191,423671,180129862,8,0,0,160768,7,2891546840
7571,179760650,107723,179868373,3,0,1,164864,3,8224793880
7572,179787240,506465,180293705,3,0,0,102912,3,2369482101
7573,179873850,5196,179879046,3,0,1,13312,3,5726011652
7574,179901070,5802,179906872,8,0,1,6144,7,5906877685
7575,179904461,54598,179959059,8,0,0,3072,7,8615548625
7576,179905381,439210,180344591,2,0,0,166912,16,5659854710
7577,179916640,2470,179919110,8,0,1,2560,7,578112475
7578,179931630,3422,179935052,4,0,1,3584,13,6742929985
7579,180004381,398482,180402863,8,0,0,32768,7,5104791325
7580,180008900,377997,180386897,3,0,0,138752,3,8973968195
7581,180042580,128488,180171068,3,0,1,202240,3,10680763088
7582,180063190,108544,180171734,4,0,1,1024,13,6760264062
7583,180080501,312363,180392864,4,0,0,19456,13,8059104101
7584,180127690,74996,180202686,3,0,1,98816,3,5031622577
7585,180162520,43072,180205592,8,0,1,4608,7,8340242935
7586,180194420,65170,180259590,3,0,1,110080,3,1373758491
7587,180209150,84570,180293720,2,0,1,6144,16,7884758948
7588,180229300,115306,180344606,3,0,1,15872,3,3209346942
7589,180273580,132629,180406209,4,0,1,9728,13,7466999878
7590,180278961,408990,180687951,2,0,0,35840,16,2292185456
7591,180284410,124504,180408914,2,0,1,9216,16,4375370204
7592,180416880,52291,180469171,3,0,1,84992,3,4447505779
7593,180487331,368878,180856209,2,0,0,42496,16,10538519654
7594,180561291,559050,181120341,8,0,0,6656,7,5920937633
7595,180570570,5712,180576282,9,0,1,14336,15,3298886297
7596,180577100,12566,180589666,4,0,1,20992,13,7962395323
7597,180593770,31007,180624777,2,0,1,50176,16,1406818118
7598,180594521,370992,180965513,4,0,0,77824,13,7710838887
7599,180610940,77026,180687966,3,0,1,123904,3,4505620530
7600,180637990,58192,180696182,4,0,1,37376,13,4576596378
7601,180647510,444240,181091750,3,0,0,25088,3,4587802383
7602,180652340,386333,181038673,3,0,0,8704,3,8834721242
7603,180656341,592045,181248386,8,0,0,377856,7,7888473142
7604,180656990,45810,180702800,3,0,1,23552,3,9302189324
7605,180660951,371842,181032793,2,0,0,65024,16,837129195
7606,180673780,45495,180719275,3,0,1,62464,3,9838621624
7607,180682080,38783,180720863,4,0,1,15872,13,6531488677
7608,180714680,9089,180723769,4,0,1,4608,13,9133816141
7609,180717571,390677,181108248,4,0,0,32256,13,5109770557
7610,180744131,524090,181268221,4,0,0,65024,13,8408080085
7611,180755239,5802,180761041,6,0,1,6144,12,10375764539
7612,180782720,12566,180795286,2,0,1,20992,16,2048568201
7613,180794261,10499,180804760,0,0,1,16896,14,10078866600
7614,180807890,13858,180821748,3,0,1,23552,3,4436207366
7615,180848100,424348,181272448,3,0,0,13824,3,9449510972
7616,180867161,579112,181446273,2,0,0,170496,16,7398351377
7617,180869710,4937,180874647,4,0,1,12800,13,7174638552
7618,180920000,10499,180930499,4,0,1,16896,13,5070049159
7619,180951650,17294,180968944,4,0,1,3584,13,4095098072
7620,180959011,584648,181543659,4,0,0,262144,13,3521120926
7621,181006431,619891,181626322,2,0,0,52224,16,2890669063
7622,181158311,392383,181550694,2,0,0,23040,16,3412498120
7623,181319110,566,181319676,2,0,1,512,16,9146926062
7624,181355030,223915,181578945,3,0,0,92672,3,233887823
7625,181532911,138266,181671177,2,0,0,23040,16,8243536267
7626,181822721,85160,181907881,4,0,0,19968,13,5721509030
7627,181939110,1042,181940152,1,0,1,1024,9,4065664811
7628,182184951,102284,182287235,2,0,0,35840,16,7054228851
7629,182207191,83038,182290229,2,0,0,9728,16,6951587045
7630,182233261,246093,182479354,2,0,0,74240,16,528823477
7631,182254061,33189,182287250,0,0,1,41472,14,6387515659
7632,182289371,138647,182428018,4,0,0,67072,13,7787100913
7633,182342071,352845,182694916,8,0,0,163328,7,8823890898
7634,182376001,149271,182525272,4,0,0,32256,13,6449481252
7635,182411951,287816,182699767,4,0,0,15872,13,1225409669
7636,182418950,122564,182541514,3,0,0,49152,3,5166147219
7637,182448970,284196,182733166,3,0,0,109568,3,2695478420
7638,182458010,26186,182484196,2,0,1,5120,16,4889521602
7639,182606471,183143,182789614,2,0,0,140288,16,4117084023
7640,182610521,212219,182822740,8,0,0,56320,7,5330522897
7641,182690910,47591,182738501,2,0,1,5632,16,6702411728
7642,182724660,98782,182823442,3,0,0,2048,3,3423306572
7643,182789300,4204,182793504,2,0,1,4096,16,3245113448
7644,182864670,4937,182869607,2,0,1,12800,16,9402232374
7645,182868321,190950,183059271,8,0,0,41984,7,7801740508
7646,182871151,70932,182942083,4,0,0,6144,13,10261831587
7647,182874860,6229,182881089,2,0,1,15360,16,1007664527
7648,182959100,106270,183065370,3,0,0,19968,3,5824881628
7649,182974021,96981,183071002,2,0,0,15872,16,6016336057
7650,182989790,2946,182992736,2,0,1,3072,16,6385154943
7651,182996011,6754,183002765,0,0,1,7168,14,4693438515
7652,183023491,172677,183196168,2,0,0,37376,16,2913427119
7653,183023910,124354,183148264,3,0,0,41472,3,2249619876
7654,183033740,1994,183035734,2,0,1,2048,16,9576476245
7655,183060830,10195,183071025,2,0,1,3072,16,4465939390
7656,183066411,227809,183294220,8,0,0,99840,7,9938927300
7657,183091440,104743,183196183,3,0,1,155648,3,3627011827
7658,183117340,193699,183311039,3,0,0,15872,3,7856377470
7659,183132991,108538,183241529,4,0,0,5632,13,4375370137
7660,183151070,45128,183196198,2,0,1,1024,16,10044466071
7661,183241810,177789,183419599,3,0,0,63488,3,6958786686
7662,183277521,21628,183299149,0,0,1,12800,14,10049417689
7663,183432510,12049,183444559,8,0,1,19968,7,10166845611
7664,183459270,11274,183470544,7,0,1,18432,16,3865838546
7665,183459521,15209,183474730,0,0,1,6656,14,4908755839
7666,183474990,293835,183768825,3,0,0,248832,3,951754168
7667,183534281,340622,183874903,2,0,0,161792,16,3846328149
7668,183552460,1994,183554454,2,0,1,2048,16,3938309860
7669,183570630,5802,183576432,2,0,1,6144,16,865240684
7670,183576020,3387,183579407,2,0,1,9728,16,921991553
7671,183597451,3422,183600873,0,0,1,3584,14,6759649930
7672,183602731,170641,183773372,8,0,0,14848,7,5553075875
7673,183699321,324216,184023537,2,0,0,213504,16,2002572189
7674,183713581,464409,184177990,8,0,0,41472,7,427573020
7675,183714870,71361,183786231,2,0,1,21504,16,535781113
7676,183722870,71205,183794075,2,0,1,24064,16,2415196037
7677,183775231,311216,184086447,8,0,0,192000,7,8363441624
7678,183808709,2870,183811579,6,0,1,8704,12,9283318019
7679,183814171,211097,184025268,2,0,0,5632,16,2175687023
7680,183889310,10241,183899551,2,0,1,16384,16,1275502163
7681,183934671,474079,184408750,4,0,0,267264,13,896008234
7682,183955751,69532,184025283,0,0,1,20992,14,5078795022
7683,183986211,454268,184440479,2,0,0,64512,16,9322237941
7684,183990861,421344,184412205,4,0,0,11264,13,1305178736
7685,184004820,507592,184512412,3,0,0,157696,3,1156406520
7686,184025270,236018,184261288,3,0,0,11264,3,8851672870
7687,184041150,48277,184089427,2,0,1,3072,16,6769372239
7688,184053141,367667,184420808,2,0,0,28160,16,9919157610
7689,184065880,25173,184091053,2,0,1,2560,16,48854943
7690,184123211,191722,184314933,8,0,0,56320,7,536129390
7691,184132640,11533,184144173,2,0,1,18944,16,5121343288
7692,184169230,283908,184453138,3,0,0,41472,3,6469723593
7693,184183001,383818,184566819,8,0,0,167936,7,8533053831
7694,184186161,12566,184198727,0,0,1,20992,14,4422684512
7695,184329731,488800,184818531,4,0,0,26112,13,5932990316
7696,184376861,277746,184654607,8,0,0,122368,7,10309220109
7697,184398121,344492,184742613,5,0,0,104448,18,6307539403
7698,184443551,366969,184810520,4,0,0,222720,13,7857119052
7699,184472381,391691,184864072,2,0,0,77312,16,7806787187
7700,184510410,191913,184702323,3,0,0,21504,3,8603750291
7701,184525301,306193,184831494,4,0,0,42496,13,466692317
7702,184540860,290805,184831665,3,0,0,512,3,3935571695
7703,184544231,25576,184569807,0,0,1,3072,14,3473793426
7704,184608911,566,184609477,0,0,1,512,14,7076264190
7705,184667541,359946,185027487,4,0,0,121344,13,2971592879
7706,184720721,449735,185170456,4,0,0,314368,13,8742927695
7707,184727631,104049,184831680,0,0,1,11776,14,1391251319
7708,184734851,96844,184831695,0,0,1,3584,14,38984647
7709,184735421,96289,184831710,0,0,1,8704,14,8856313418
7710,184774121,256033,185030154,8,0,0,8704,7,5276296487
7711,184800941,425721,185226662,8,0,0,124416,7,10342036670
7712,184850961,384460,185235421,2,0,0,28672,16,8627778897
7713,184896950,524318,185421268,3,0,0,37376,3,4245691719
7714,184946330,242401,185188731,3,0,0,59904,3,6165563028
7715,185025650,356241,185381891,3,0,0,173568,3,4557920833
7716,185034321,234609,185268930,8,0,0,42496,7,7998466516
7717,185064991,1994,185066985,0,0,1,2048,14,6399896269
7718,185076071,251209,185327280,8,0,0,31232,7,3728193252
7719,185115721,409991,185525712,2,0,0,104448,16,7354366465
7720,185176391,233466,185409857,8,0,0,37376,7,9682447670
7721,185182101,58179,185240280,0,0,1,5120,14,3358799174
7722,185221640,312979,185534619,3,0,0,29184,3,8575062640
7723,185241111,5454,185246565,0,0,1,13824,14,4554615797
7724,185243851,8275,185252126,0,0,1,7168,14,3899986837
7725,185259201,12608,185271809,0,0,1,8704,14,9711663452
7726,185264521,188291,185452812,8,0,0,39936,7,8692362233
7727,185278141,198311,185476452,2,0,0,36864,16,3815011783
7728,185342330,42499,185384829,8,0,1,3072,7,1411649691
7729,185391330,95434,185486764,3,0,0,7168,3,7770574399
7730,185407870,17777,185425647,4,0,1,11776,13,4480793978
7731,185425081,1232,185426313,0,0,1,1024,14,3346557408
7732,185428091,161329,185589420,2,0,0,84992,16,569365312
7733,185448621,188973,185637594,2,0,0,65536,16,770886134
7734,185455281,328714,185783995,8,0,0,109056,7,7145213491
7735,185468260,12625,185480885,4,0,1,4608,13,969052949
7736,185469260,12291,185481551,5,0,1,1024,18,4522531078
7737,185469331,12566,185481897,0,0,1,512,14,8469957968
7738,185475231,7012,185482243,0,0,1,512,14,8751890198
7739,185531411,151501,185682912,2,0,0,26624,16,10212121700
7740,185628560,342984,185971544,3,0,0,101888,3,4404724382
7741,185632180,164785,185796965,3,0,0,16384,3,2737834801
7742,185633710,5937,185639647,4,0,1,2048,13,1976948214
7743,185634860,13916,185648776,4,0,1,16896,13,7870586944
7744,185653160,566,185653726,2,0,1,512,16,7695364290
7745,185684130,256355,185940485,3,0,0,138752,3,8885363490
7746,185717410,2870,185720280,4,0,1,8704,13,8325946030
7747,185722251,3904,185726155,0,0,1,10752,14,2966297030
7748,185780601,8582,185789183,0,0,1,13312,14,5471730677
7749,185850870,566,185851436,4,0,1,512,13,6258971766
7750,185928511,209436,186137947,4,0,0,84480,13,2306074620
7751,185981911,228579,186210490,8,0,0,53248,7,9031551313
7752,185988311,12737,186001048,0,0,1,24576,14,1659480683
7753,186063251,7706,186070957,0,0,1,8192,14,8699039595
7754,186080720,11274,186091994,2,0,1,18432,16,1002868700
7755,186115141,215176,186330317,4,0,0,136704,13,9658076463
7756,186127420,13507,186140927,4,0,1,3072,13,702700536
7757,186130510,14378,186144888,4,0,1,14848,13,6684610527
7758,186180071,80128,186260199,4,0,0,1536,13,5183026430
7759,186188380,4374,186192754,5,0,1,4608,18,475127708
7760,186215811,164936,186380747,2,0,0,74240,16,7334266699
7761,186288440,41892,186330332,5,0,1,5120,18,6792922674
7762,186299350,33987,186333337,5,0,1,3072,18,610423998
7763,186305571,161306,186466877,4,0,0,123904,13,204050877
7764,186310421,25068,186335489,0,0,1,11264,14,882115490
7765,186329211,11260,186340471,0,0,1,14336,14,9207812769
7766,186362390,24627,186387017,5,0,1,6656,18,2380172957
7767,186421960,168313,186590273,3,0,0,146432,3,5808472686
7768,186436951,209877,186646828,8,0,0,32256,7,144912160
7769,186527550,4937,186532487,4,0,1,12800,13,5214726799
7770,186543341,93644,186636985,8,0,0,27648,7,340809956
7771,186564180,30459,186594639,4,0,1,4608,13,2117211746
7772,186607271,117647,186724918,8,0,0,39936,7,7870311723
7773,186611250,7706,186618956,5,0,1,8192,18,3917072235
7774,186617950,57316,186675266,3,0,0,512,3,466178584
7775,186637510,171810,186809320,3,0,0,48640,3,5066436675
7776,186658621,293991,186952612,8,0,0,62976,7,7235836209
7777,186682270,182489,186864759,3,0,0,100864,3,1947122515
7778,186693511,207174,186900685,8,0,0,117760,7,3041435515
7779,186725360,12308,186737668,4,0,1,20480,13,8765373022
7780,186771871,3422,186775293,0,0,1,3584,14,5443531563
7781,186827161,37613,186864774,0,0,1,8192,14,6721379566
7782,186841980,68905,186910885,7,0,1,16384,16,1077227213
7783,186843771,76097,186919868,4,0,0,1536,13,1095567530
7784,186867280,52603,186919883,7,0,1,27136,16,3889659168
7785,186897030,297056,187194086,3,0,0,92672,3,7068919135
7786,186921980,566,186922546,5,0,1,512,18,1969135717
7787,186923370,566,186923936,7,0,1,512,16,4450406248
7788,186952291,213384,187165675,2,0,0,89600,16,7734782831
7789,186965031,238118,187203149,4,0,0,29696,13,5103121404
7790,186971311,273769,187245080,2,0,0,52224,16,4521995636
7791,186986171,4850,186991021,0,0,1,5120,14,3912507604
7792,187022700,403476,187426176,3,0,0,206848,3,1360230279
7793,187107740,3422,187111162,5,0,1,3584,18,3886957267
7794,187122320,4937,187127257,7,0,1,12800,16,2155757081
7795,187173900,32680,187206580,5,0,1,3584,18,2540304321
7796,187196211,14268,187210479,0,0,1,15360,14,5771450547
7797,187216240,4420,187220660,4,0,1,11776,13,9687031496
7798,187218210,3116,187221326,7,0,1,1024,16,5667347439
7799,187239541,227549,187467090,4,0,0,113152,13,5456796073
7800,187267861,5802,187273663,0,0,1,6144,14,2484407457
7801,187283411,218635,187502046,8,0,0,66560,7,9824939111
7802,187300890,4850,187305740,7,0,1,5120,16,769966698
7803,187343550,2470,187346020,4,0,1,2560,13,8491818236
7804,187361560,64631,187426191,5,0,1,11264,18,4178932186
7805,187375811,56126,187431937,0,0,1,14336,14,7538299114
7806,187400311,276711,187677022,4,0,0,224768,13,4933399408
7807,187421380,330864,187752244,3,0,0,142848,3,386139413
7808,187484371,291764,187776135,4,0,0,78336,13,1041282667
7809,187484950,20241,187505191,5,0,1,9216,18,5472855997
7810,187530040,1994,187532034,5,0,1,2048,18,2011727730
7811,187559010,3898,187562908,5,0,1,4096,18,1675312936
7812,187570180,3128,187573308,2,0,1,9216,16,6403387760
7813,187588801,439367,188028168,4,0,0,306688,13,10506162768
7814,187595370,257515,187852885,3,0,0,36352,3,2145128111
7815,187617390,64395,187681785,7,0,1,12288,16,1191914681
7816,187631850,59499,187691349,7,0,1,16896,16,7776750751
7817,187642170,212914,187855084,3,0,0,7168,3,8364758136
7818,187665380,26942,187692322,5,0,1,12800,18,9851421151
7819,187670510,26318,187696828,5,0,1,7168,18,2749304655
7820,187711930,67636,187779566,2,0,1,3584,16,8070544336
7821,187738811,370254,188109065,8,0,0,37888,7,7485120660
7822,187744230,36935,187781165,7,0,1,10752,16,1784391404
7823,187761540,25751,187787291,5,0,1,7168,18,10353241255
7824,187783421,14804,187798225,0,0,1,28672,14,1398856093
7825,187785761,906845,188692606,2,0,0,163328,16,2644547680
7826,187791730,15830,187807560,4,0,1,29696,13,7373551868
7827,187807091,835713,188642804,2,0,0,487424,16,2389840856
7828,187823141,2470,187825611,0,0,1,2560,14,6684675043
7829,187825680,591504,188417184,3,0,0,36352,3,583391656
7830,187833670,7706,187841376,2,0,1,8192,16,9117307060
7831,187850490,10557,187861047,7,0,1,14848,16,8261569393
7832,187859401,3912,187863313,0,0,1,3584,14,1492605189
7833,187879061,835307,188714368,2,0,0,25088,16,5278379663
7834,187883151,369846,188252997,4,0,0,1536,13,10189054494
7835,187909441,540471,188449912,2,0,0,37888,16,453360267
7836,187934751,857827,188792578,8,0,0,165888,7,7025064376
7837,187937280,105751,188043031,5,0,1,28672,18,4630097120
7838,187962200,84057,188046257,7,0,1,5120,16,7048894367
7839,188017730,321201,188338931,3,0,0,24576,3,6275452999
7840,188032261,18822,188051083,0,0,1,7680,14,2128905831
7841,188046491,863694,188910185,2,0,0,98304,16,6955085610
7842,188082130,1518,188083648,2,0,1,1536,16,1337535283
7843,188120761,759457,188880218,2,0,0,91136,16,5585797354
7844,188121420,1994,188123414,2,0,1,2048,16,10268660947
7845,188141560,4162,188145722,2,0,1,11264,16,8005782795
7846,188150491,13600,188164091,0,0,1,23040,14,3425329316
7847,188174031,11533,188185564,0,0,1,18944,14,565921061
7848,188182531,524154,188706685,8,0,0,46080,7,1102296125
7849,188189671,651282,188840953,2,0,0,158720,16,7912163295
7850,188248491,15321,188263812,0,0,1,29696,14,9680003111
7851,188300841,441162,188742003,8,0,0,90624,7,3184593706
7852,188304850,659566,188964416,3,0,0,146432,3,10082106585
7853,188332810,519586,188852396,3,0,0,37376,3,7079114953
7854,188384300,3898,188388198,2,0,1,4096,16,4200506053
7855,188387820,13341,188401161,2,0,1,22528,16,10331647890
7856,188424540,495215,188919755,3,0,0,13824,3,4475984882
7857,188438370,16230,188454600,4,0,1,12288,13,10040859522
7858,188447680,7906,188455586,5,0,1,1536,18,4550548776
7859,188481740,161079,188642819,5,0,1,26624,18,9786809475
7860,188500510,351917,188852427,4,0,1,1024,13,4719825702
7861,188509800,409970,188919770,4,0,1,5120,13,4922968865
7862,188515321,465887,188981208,4,0,0,54784,13,9926533733
7863,188519900,399885,188919785,5,0,1,9728,18,5399623199
7864,188557571,357957,188915528,4,0,0,17408,13,174623020
7865,188591000,373431,188964431,2,0,1,21504,16,153280362
7866,188602870,444667,189047537,3,0,0,105984,3,7638777912
7867,188619160,345294,188964454,4,0,1,22016,13,6321001127
7868,188652010,312459,188964469,2,0,1,3584,16,4226274365
7869,188684121,426897,189111018,4,0,0,23552,13,598995787
7870,188722360,263090,188985450,7,0,1,15360,16,9769088987
7871,188745690,239745,188985435,3,0,0,13824,3,5354992650
7872,188762020,223445,188985465,2,0,1,14848,16,5869708497
7873,188772150,213346,188985496,5,0,1,11264,18,1690035791
7874,188774570,426340,189200910,3,0,0,114688,3,8845153510
7875,188919350,128202,189047552,3,0,1,66560,3,561853033
7876,188920090,127477,189047567,5,0,1,2048,18,4846689140
7877,188995681,331461,189327142,8,0,0,97280,7,5778075460
7878,189040690,9756,189050446,7,0,1,8704,16,6857260806
7879,189045580,97752,189143332,3,0,0,10752,3,2850214024
7880,189049681,453307,189502988,4,0,0,32768,13,9055344222
7881,189061311,236176,189297487,8,0,0,62464,7,4081257764
7882,189061819,1994,189063813,6,0,1,2048,12,8007541205
7883,189102300,36604,189138904,3,0,1,64512,3,2767630428
7884,189105700,37647,189143347,2,0,1,4608,16,5171220354
7885,189106591,137907,189244498,2,0,0,4096,16,10072944200
7886,189131181,285590,189416771,2,0,0,110080,16,10711726230
7887,189226641,461823,189688464,2,0,0,242176,16,5407826595
7888,189283130,57646,189340776,7,0,1,23040,16,160616760
7889,189289300,52552,189341852,7,0,1,13312,16,3773599111
7890,189316360,27118,189343478,2,0,1,2560,16,10618006170
7891,189330591,250599,189581190,8,0,0,42496,7,1739834872
7892,189361810,5454,189367264,7,0,1,13824,16,643325848
7893,189368539,5802,189374341,6,0,1,6144,12,4829637305
7894,189387610,324285,189711895,3,0,0,76800,3,7793842034
7895,189391740,339061,189730801,3,0,0,60416,3,3650902525
7896,189552580,1518,189554098,2,0,1,1536,16,9810304404
7897,189599910,566,189600476,5,0,1,512,18,10343721398
7898,189600441,111937,189712378,8,0,0,1536,7,8145286380
7899,189607170,130666,189737836,3,0,0,23040,3,2313948838
7900,189616991,121336,189738327,4,0,0,1536,13,7996435095
7901,189632711,160706,189793417,8,0,0,44544,7,1310405446
7902,189721580,285251,190006831,3,0,0,166912,3,4392577235
7903,189740090,125285,189865375,3,0,0,52736,3,9706182947
7904,189808781,210233,190019014,8,0,0,39936,7,1700492918
7905,189865981,276179,190142160,8,0,0,35328,7,4894068668
7906,189879400,3645,189883045,5,0,1,10240,18,8000959808
7907,189879571,281003,190160574,4,0,0,24064,13,1113401885
7908,189907921,397685,190305606,4,0,0,293376,13,4347667157
7909,189927410,4937,189932347,5,0,1,12800,18,2659993461
7910,189968490,54907,190023397,7,0,1,4608,16,7400760268
7911,189976740,55995,190032735,5,0,1,20480,18,6778321386
7912,190047671,117571,190165242,2,0,0,4096,16,6027759090
7913,190112850,5802,190118652,5,0,1,6144,18,9580900050
7914,190130280,11895,190142175,5,0,1,12288,18,8163130659
7915,190159570,7274,190166844,5,0,1,6656,18,451165339
7916,190185960,224085,190410045,3,0,0,47616,3,7252258101
7917,190192260,2870,190195130,8,0,1,8704,7,9084404370
7918,190211411,95006,190306417,4,0,0,2560,13,8347352094
7919,190231951,134471,190366422,2,0,0,5632,16,929897219
7920,190239470,82535,190322005,7,0,1,30208,16,3081457489
7921,190262800,64031,190326831,5,0,1,7680,18,4596167567
7922,190273200,57817,190331017,5,0,1,6656,18,7998535512
7923,190429291,127355,190556646,2,0,0,3584,16,8292447624
7924,190444290,13858,190458148,5,0,1,23552,18,1859852047
7925,190482291,146818,190629109,8,0,0,24576,7,1620096595
7926,190503610,4374,190507984,5,0,1,4608,18,5321623241
7927,190603901,73448,190677349,2,0,0,11776,16,4160998585
7928,190610900,256822,190867722,3,0,0,15872,3,6882314596
7929,190615720,247143,190862863,3,0,0,226304,3,1140885869
7930,190621010,8114,190629124,5,0,1,13824,18,7806704722
7931,190628790,3272,190632062,5,0,1,3072,18,7191970126
7932,190643040,6278,190649318,5,0,1,6656,18,6094100390
7933,190672720,5454,190678174,2,0,1,13824,16,7704871177
7934,190676391,261520,190937911,8,0,0,122880,7,2388035451
7935,190742570,1042,190743612,5,0,1,1024,18,4593637837
7936,190753641,7230,190760871,0,0,1,7680,14,2243179474
7937,190759710,2147,190761857,7,0,1,1536,16,4310098834
7938,190800360,72283,190872643,5,0,1,12800,18,1284867163
7939,190861610,13418,190875028,7,0,1,3584,16,10489315797
7940,190879870,66341,190946211,3,0,0,5120,3,6342152256
7941,190885500,4374,190889874,2,0,1,4608,16,3702403049
7942,190890280,1518,190891798,5,0,1,1536,18,4202014750
7943,190891560,246653,191138213,3,0,0,69632,3,1167124564
7944,190897250,171963,191069213,3,0,0,43008,3,5212850510
7945,190905361,172456,191077817,2,0,0,10752,16,10386223000
7946,190908291,310797,191219088,2,0,0,48640,16,6044431851
7947,190944850,6203,190951053,5,0,1,5120,18,5480118513
7948,191003250,85679,191088929,3,0,1,143360,3,8054562738
7949,191009700,182029,191191729,3,0,0,34816,3,2538198718
7950,191017231,299867,191317098,4,0,0,142336,13,9978139156
7951,191128470,11729,191140199,5,0,1,2048,18,4873275107
7952,191187930,6261,191194191,5,0,1,2560,18,8315732482
7953,191227811,162319,191390130,8,0,0,69120,7,1236227104
7954,191255670,6278,191261948,2,0,1,6656,16,3196209859
7955,191301790,21595,191323385,2,0,1,6656,16,10571940485
7956,191317050,7961,191325011,4,0,1,2560,13,585903624
7957,191332821,111165,191443986,2,0,0,16896,16,7667545952
7958,191356110,566,191356676,2,0,1,512,16,8998229395
7959,191411320,4162,191415482,7,0,1,11264,16,1890717722
7960,191432331,105872,191538203,4,0,0,47616,13,647813999
7961,191435930,162207,191598137,3,0,0,46592,3,3872422973
7962,191441670,7634,191449304,5,0,1,5632,18,7711950166
7963,191507230,1042,191508272,7,0,1,1024,16,4427983393
7964,191546720,5712,191552432,7,0,1,14336,16,8571937601
7965,191551980,52832,191604812,3,0,0,4608,3,112241437
7966,191583560,14592,191598152,5,0,1,2560,18,5079453608
7967,191594710,110242,191704952,3,0,0,50688,3,10166137312
7968,191600260,611243,192211503,3,0,0,125952,3,9315580203
7969,191625761,261933,191887694,4,0,0,99840,13,9532022717
7970,191639270,441138,192080408,3,0,0,146432,3,6294277732
7971,191641080,342498,191983578,3,0,0,133120,3,2896738116
7972,191667221,239949,191907170,2,0,0,27648,16,5725676259
7973,191673831,336833,192010664,2,0,0,78848,16,8870034082
7974,191725200,524725,192249925,3,0,0,121344,3,2988316435
7975,191782261,302530,192084791,8,0,0,14336,7,5041427394
7976,191797081,376031,192173112,2,0,0,189440,16,9325164355
7977,191837320,375618,192212938,3,0,0,4608,3,5136100295
7978,191839420,5454,191844874,5,0,1,13824,18,1149990054
7979,191870681,381755,192252436,8,0,0,8192,7,4832498557
7980,191880400,13540,191893940,2,0,1,15360,16,4577736958
7981,191928910,2946,191931856,2,0,1,3072,16,5950430429
7982,191961500,23588,191985088,7,0,1,1536,16,10647952400
7983,191984551,1203,191985754,0,0,1,1024,14,8358373463
7984,191987410,37016,192024426,2,0,1,26624,16,9059035013
7985,192085270,1042,192086312,7,0,1,1024,16,4389650649
7986,192099060,4162,192103222,2,0,1,11264,16,8102337434
7987,192127781,190600,192318381,4,0,0,30208,13,6552876358
7988,192134381,122976,192257357,0,0,1,12800,14,7057978587
7989,192208641,227037,192435678,8,0,0,89600,7,10603695163
7990,192228860,29483,192258343,5,0,1,1536,18,10481121576
7991,192292680,566,192293246,5,0,1,512,18,2524057826
7992,192303610,186347,192489957,3,0,0,26624,3,7405756616
7993,192335100,5326,192340426,5,0,1,5632,18,7982561727
7994,192340040,4374,192344414,2,0,1,4608,16,8256075340
7995,192431571,8261,192439832,0,0,1,11264,14,1885788147
7996,192455290,1042,192456332,5,0,1,1024,18,6436747046
7997,192469341,78080,192547421,4,0,0,16896,13,5844858225
7998,192473421,195149,192668570,2,0,0,40448,16,8347400040
7999,192488150,121088,192609238,3,0,0,51712,3,7970624697
8000,192516821,195695,192712516,4,0,0,9216,13,10635693003
8001,192535980,4374,192540354,7,0,1,4608,16,10088331894
8002,192542730,9879,192552609,2,0,1,13312,16,14154759
8003,192577431,3898,192581329,0,0,1,4096,14,2520163423
8004,192586511,335283,192921794,4,0,0,95744,13,1752674227
8005,192596571,18461,192615032,0,0,1,6144,14,10377737821
8006,192651421,439964,193091385,4,0,0,145920,13,3424155015
8007,192653151,15434,192668585,0,0,1,4608,14,4795746672
8008,192655911,377411,193033322,8,0,0,229888,7,519892718
8009,192715230,23208,192738438,3,0,1,38400,3,1993344067
8010,192716950,502806,193219756,3,0,0,87040,3,2142845487
8011,192746240,137596,192883836,3,0,1,227840,3,10496910435
8012,192758480,426460,193184940,3,0,0,49152,3,6809894743
8013,192781130,104652,192885782,2,0,1,3072,16,1013478845
8014,192789381,310755,193100136,4,0,0,28672,13,1262877376
8015,192791151,97857,192889008,0,0,1,5120,14,8477845752
8016,192793840,376055,193169895,3,0,0,111104,3,1654274839
8017,192816491,73183,192889674,0,0,1,11264,14,3637909417
8018,192825810,95999,192921809,1,0,1,22016,9,4585020094
8019,192861530,60294,192921824,2,0,1,6656,16,10180225695
8020,192864411,418760,193283171,2,0,0,30720,16,3157212350
8021,192887411,34444,192921855,0,0,1,57856,14,7953079073
8022,192902800,21511,192924311,2,0,1,2560,16,4688726338
8023,192915970,9967,192925937,7,0,1,2560,16,87194176
8024,192964261,76826,193041087,0,0,1,8192,14,10159296416
8025,192974060,134358,193108418,3,0,1,117760,3,10483156535
8026,192980460,133245,193113705,2,0,1,16896,16,9576883085
8027,192985591,128780,193114371,0,0,1,11264,14,1035937485
8028,193044710,86517,193131227,3,0,1,50176,3,2772521684
8029,193046340,85553,193131893,2,0,1,1024,16,9815236106
8030,193063070,69591,193132661,7,0,1,11776,16,8313827566
8031,193085820,84090,193169910,7,0,1,16896,16,3253581425
8032,193090630,493898,193584528,3,0,0,134144,3,871769068
8033,193104820,192198,193297018,3,0,0,10240,3,6271936068
8034,193132761,37164,193169925,0,0,1,8704,14,5701987192
8035,193146181,177196,193323377,4,0,0,15360,13,1835719376
8036,193151681,508786,193660467,2,0,0,165888,16,7012997345
8037,193155861,189332,193345193,4,0,0,16384,13,2556226001
8038,193170450,17352,193187802,2,0,1,8704,16,9925466027
8039,193257231,470843,193728074,2,0,0,116224,16,2943164346
8040,193261721,494272,193755993,4,0,0,90112,13,7784196301
8041,193279970,107055,193387025,3,0,1,172032,3,9371422028
8042,193300361,87650,193388011,0,0,1,1536,14,3678218394
8043,193305801,666836,193972637,4,0,0,67584,13,7927779297
8044,193346001,42369,193388370,0,0,1,9728,14,9687907369
8045,193352081,737439,194089520,8,0,0,295936,7,9421291461
8046,193390160,3904,193394064,2,0,1,10752,16,884953802
8047,193414930,1247336,194662266,3,0,0,166400,3,6938373318
8048,193480020,1117055,194597075,3,0,0,477184,3,10363367091
8049,193491300,1042,193492342,7,0,1,1024,16,2737741123
8050,193519910,10757,193530667,2,0,1,17408,16,2542889887
8051,193522580,929080,194451660,3,0,0,25600,3,9899692594
8052,193529711,705092,194234803,4,0,0,9216,13,9333951765
8053,193559040,884805,194443845,3,0,0,76288,3,2110877218
8054,193560091,25020,193585111,0,0,1,512,14,3606236062
8055,193598901,821685,194420586,2,0,0,1024,16,3070157542
8056,193609790,810469,194420259,3,0,0,106496,3,10267797941
8057,193665700,1040648,194706348,3,0,0,109568,3,10538379654
8058,193709380,46636,193756016,3,0,1,4608,3,6688860348
8059,193731930,35329,193767259,7,0,1,18432,16,3164091514
8060,193778221,570318,194348539,2,0,0,221184,16,8644117238
8061,193792561,15321,193807882,0,0,1,29696,14,5130813010
8062,193796831,11717,193808548,0,0,1,1024,14,9511289600
8063,193796930,1001668,194798598,3,0,0,23040,3,4131970782
8064,193824171,935544,194759715,2,0,0,175104,16,3179597612
8065,193829970,145654,193975624,3,0,1,240128,3,10589239356
8066,193834520,145290,193979810,2,0,1,6656,16,9688181429
8067,193898101,372845,194270946,4,0,0,27136,13,10488153267
8068,193918220,171331,194089551,3,0,1,133120,3,8823795035
8069,193948581,943343,194891924,8,0,0,162816,7,10691163960
8070,193978131,111435,194089566,0,0,1,512,14,1345201721
8071,194002120,88517,194090637,7,0,1,1024,16,2523034830
8072,194010480,92768,194103248,7,0,1,22528,16,9853437303
8073,194060660,546946,194607606,3,0,0,34304,3,5123539352
8074,194064271,855467,194919738,4,0,0,80384,13,333684813
8075,194143341,806104,194949445,8,0,0,55808,7,1143390609
8076,194152781,625989,194778770,8,0,0,62464,7,7335938670
8077,194184770,11791,194196561,7,0,1,19456,16,9504666231
8078,194205771,12308,194218079,0,0,1,20480,14,7491083339
8079,194212901,8404,194221305,0,0,1,5120,14,4763786785
8080,194263850,11508,194275358,2,0,1,11776,16,3008150020
8081,194282561,559732,194842293,8,0,0,143360,7,6530459978
8082,194297391,692030,194989421,4,0,0,49664,13,9670079261
8083,194302450,60177,194362627,7,0,1,27136,16,2475779821
8084,194341801,699424,195041225,8,0,0,58368,7,3224088841
8085,194357451,5330,194362781,0,0,1,8704,14,2326736275
8086,194366351,528880,194895231,4,0,0,10752,13,6178353428
8087,194426941,180720,194607661,0,0,1,12288,14,669740031
8088,194443891,570192,195014083,8,0,0,26112,7,3646808537
8089,194456780,205501,194662281,7,0,1,4608,16,5729619735
8090,194483560,178736,194662296,2,0,1,2048,16,2584931547
8091,194495880,166431,194662311,7,0,1,12800,16,9585410278
8092,194505710,156616,194662326,7,0,1,3584,16,3506776985
8093,194512280,633298,195145578,3,0,0,182784,3,6566548351
8094,194577071,493778,195070849,4,0,0,11776,13,5542564240
8095,194587570,74771,194662341,5,0,1,4096,18,8483814663
8096,194636291,29446,194665737,0,0,1,9728,14,8680555
8097,194648090,555238,195203328,3,0,0,189440,3,3323479112
8098,194686090,613048,195299138,3,0,0,145408,3,8429926730
8099,194803851,506846,195310697,2,0,0,37888,16,4703538071
8100,194849791,378267,195228058,8,0,0,38400,7,1468629472
8101,194860911,351987,195212898,4,0,0,17920,13,9611071498
8102,194896550,27342,194923892,2,0,1,11264,16,1633039756
8103,194931000,18460,194949460,2,0,1,19456,16,8730325881
8104,194971310,18126,194989436,2,0,1,5120,16,8847569050
8105,194997681,209742,195207423,2,0,0,13312,16,1538108326
8106,195018311,344278,195362589,8,0,0,64000,7,9476874468
8107,195082380,63213,195145593,2,0,1,32256,16,6560049246
8108,195130161,350972,195481133,4,0,0,93184,13,7008048229
8109,195148720,66131,195214851,7,0,1,2048,16,7531415248
8110,195180760,370004,195550764,3,0,0,15872,3,6344243309
8111,195305101,587794,195892895,2,0,0,311296,16,5368805506
8112,195321490,7706,195329196,7,0,1,8192,16,3039671721
8113,195330180,11533,195341713,5,0,1,18944,18,828609776
8114,195336040,26564,195362604,1,0,1,14848,9,3032505674
8115,195347450,19996,195367446,1,0,1,5120,9,7436829272
8116,195363891,307244,195671135,4,0,0,17920,13,9599854105
8117,195370990,2470,195373460,2,0,1,2560,16,1725094663
8118,195386230,12825,195399055,7,0,1,21504,16,8857037659
8119,195409981,388043,195798024,2,0,0,207872,16,2501957395
8120,195413711,590016,196003727,8,0,0,95744,7,10170653039
8121,195423950,1518,195425468,2,0,1,1536,16,4136168956
8122,195427590,11791,195439381,2,0,1,19456,16,4842530763
8123,195448770,520421,195969191,3,0,0,136704,3,1482646205
8124,195463420,20651,195484071,5,0,1,3072,18,2855743053
8125,195489740,421766,195911506,3,0,0,60928,3,8177139854
8126,195511621,154039,195665660,4,0,0,16896,13,55688696
8127,195587460,566,195588026,7,0,1,512,16,3695974183
8128,195609380,6488,195615868,2,0,1,15872,16,8268262846
8129,195630271,282030,195912301,4,0,0,2560,13,8039045330
8130,195634150,515226,196149376,3,0,0,48128,3,3751839903
8131,195675881,298659,195974540,8,0,0,17408,7,7686895326
8132,195713940,551666,196265606,3,0,0,215552,3,3408767139
8133,195730020,4374,195734394,2,0,1,4608,16,9264642229
8134,195762560,151201,195913761,4,0,1,33792,13,6134783262
8135,195795631,514302,196309933,2,0,0,145408,16,7848069388
8136,195799241,335456,196134697,8,0,0,24064,7,5935019917
8137,195803330,112057,195915387,2,0,1,2560,16,678213005
8138,195907070,12183,195919253,7,0,1,6144,16,657172743
8139,195922730,1994,195924724,7,0,1,2048,16,10147703305
8140,195924970,44236,195969206,7,0,1,3584,16,8799998731
8141,195925690,43531,195969221,5,0,1,24064,18,5887422954
8142,195963920,44495,196008415,7,0,1,12288,16,8861965672
8143,195983540,27844,196011384,7,0,1,10752,16,7821641634
8144,196011950,175175,196187125,3,0,0,24576,3,10323705996
8145,196021611,293985,196315596,2,0,0,18432,16,9125767624
8146,196040580,13858,196054438,2,0,1,23552,16,4451924242
8147,196097461,309983,196407444,8,0,0,103936,7,7750180710
8148,196176480,1042,196177522,8,0,1,1024,7,1925265737
8149,196207750,107885,196315635,7,0,1,512,16,4477140214
8150,196235851,177380,196413231,2,0,0,18944,16,5340018977
8151,196240191,300826,196541017,4,0,0,130560,13,8883321196
8152,196258160,91295,196349455,7,0,1,55808,16,5147613438
8153,196297600,52521,196350121,8,0,1,11264,7,5071265164
8154,196305640,349779,196655419,3,0,0,116736,3,10115731044
8155,196338880,16426,196355306,8,0,1,16384,7,2194712500
8156,196364551,374492,196739043,4,0,0,90624,13,4426803605
8157,196398470,15319,196413789,8,0,1,512,7,506784028
8158,196414780,566,196415346,2,0,1,512,16,3080097330
8159,196416400,395351,196811751,3,0,0,167936,3,5335159312
8160,196460970,1042,196462012,7,0,1,1024,16,1460216266
8161,196483740,2870,196486610,8,0,1,8704,7,6339939871
8162,196550091,267463,196817554,2,0,0,18944,16,4728865350
8163,196557800,3898,196561698,7,0,1,4096,16,10707613640
8164,196585750,5802,196591552,7,0,1,6144,16,1017860261
8165,196592641,343422,196936063,2,0,0,195072,16,1262494616
8166,196594610,7230,196601840,2,0,1,7680,16,8574448717
8167,196598370,14117,196612487,2,0,1,24064,16,10733099009
8168,196619630,35804,196655434,5,0,1,12288,18,3089737583
8169,196627630,32688,196660318,5,0,1,5120,18,1791920915
8170,196640900,21044,196661944,5,0,1,2560,18,1407715781
8171,196646590,19540,196666130,1,0,1,6656,9,10589481546
8172,196657500,9808,196667308,8,0,1,13824,7,10246662824
8173,196664590,3704,196668294,5,0,1,1536,18,9327450138
8174,196742950,1042,196743992,2,0,1,1024,16,7912133759
8175,196753410,6278,196759688,8,0,1,6656,7,650975974
8176,196758721,382562,197141283,2,0,0,158208,16,9365761157
8177,196764070,55913,196819983,8,0,1,2560,7,5463843517
8178,196776591,760254,197536845,8,0,0,421888,7,2525028047
8179,196824850,12566,196837416,5,0,1,20992,18,6253076765
8180,196832531,484265,197316796,8,0,0,186368,7,7346933129
8181,196836810,3387,196840197,8,0,1,9728,7,6319889999
8182,196863990,344893,197208883,3,0,0,165376,3,4518382739
8183,196905450,33092,196938542,7,0,1,2560,16,1923575183
8184,196912900,419363,197332263,3,0,0,50688,3,10382265610
8185,197040531,622302,197662833,4,0,0,21504,13,7577445497
8186,197098861,305626,197404487,4,0,0,8192,13,5069201941
8187,197105331,754992,197860323,8,0,0,431616,7,6732786034
8188,197117000,31555,197148555,1,0,1,7680,9,4903600152
8189,197147411,503856,197651267,2,0,0,183296,16,1336962270
8190,197159710,52128,197211838,2,0,1,3072,16,4977458802
8191,197178520,34304,197212824,7,0,1,1536,16,6409029112
8192,197217051,875024,198092075,4,0,0,72704,13,6316317691
8193,197227700,4850,197232550,5,0,1,5120,18,9045201736
8194,197248380,347024,197595404,3,0,0,6144,3,1208706417
8195,197251951,614175,197866126,4,0,0,18944,13,2450037203
8196,197259951,751387,198011338,8,0,0,77824,7,5192894103
8197,197270960,63807,197334767,8,0,1,2560,7,9459371673
8198,197281410,54663,197336073,5,0,1,2048,18,3835517811
8199,197307000,30379,197337379,2,0,1,2048,16,5395119658
8200,197309670,30935,197340605,2,0,1,5120,16,6478159890
8201,197325580,20829,197346409,1,0,1,16896,9,760410077
8202,197337360,9920,197347280,1,0,1,12288,9,2109485894
8203,197357720,566,197358286,8,0,1,512,7,10712617837
8204,197367781,962194,198329975,8,0,0,147968,7,7273301741
8205,197379891,690002,198069893,2,0,0,16384,16,10045750229
8206,197398140,138720,197536860,1,0,1,21504,9,9300746739
8207,197400941,556781,197957722,8,0,0,154112,7,4721352654
8208,197421541,558512,197980053,2,0,0,73216,16,2613874795
8209,197436540,105705,197542245,5,0,1,5632,18,268030366
8210,197442570,102294,197544864,2,0,1,15360,16,5251008304
8211,197450200,97570,197547770,5,0,1,4608,18,10491576282
8212,197543940,443639,197987579,3,0,0,3072,3,1479989536
8213,197547420,5802,197553222,1,0,1,6144,9,1840705980
8214,197563360,3898,197567258,5,0,1,4096,18,4287948380
8215,197572931,452502,198025433,4,0,0,33792,13,2060682789
8216,197619991,366637,197986628,8,0,0,21504,7,4478367248
8217,197624840,38008,197662848,1,0,1,15872,9,9507402930
8218,197626440,36423,197662863,2,0,1,1024,16,4524132036
8219,197739950,131147,197871097,1,0,1,12800,9,2034403476
8220,197760531,270244,198030775,8,0,0,17408,7,3256141515
8221,197797340,76649,197873989,8,0,1,10752,7,9873503182
8222,197828310,69721,197898031,1,0,1,44544,9,6499085788
8223,197845211,300492,198145703,2,0,0,27136,16,656856533
8224,197862090,566365,198428455,3,0,0,129536,3,7530184827
8225,197926940,84429,198011369,2,0,1,7168,16,612098533
8226,197939550,328481,198268031,3,0,0,105984,3,2157296750
8227,197966791,302831,198269622,4,0,0,5120,13,7529290010
8228,197971280,54176,198025456,1,0,1,18432,9,731645147
8229,197978631,410333,198388964,2,0,0,166912,16,5433667749
8230,197992650,38140,198030790,2,0,1,3584,16,6506718297
8231,198046300,2870,198049170,2,0,1,8704,16,2044392448
8232,198063040,6868,198069908,2,0,1,2560,16,4047965467
8233,198085400,7709,198093109,2,0,1,1024,16,5048914834
8234,198113220,12825,198126045,1,0,1,21504,9,5845054574
8235,198163380,531312,198694692,3,0,0,98304,3,6563882018
8236,198167880,2946,198170826,2,0,1,3072,16,1865669515
8237,198182931,298046,198480977,8,0,0,32768,7,652695755
8238,198188420,3387,198191807,1,0,1,9728,9,3999906137
8239,198232461,393800,198626261,2,0,0,13312,16,1108246451
8240,198241941,466494,198708435,2,0,0,45056,16,9055671032
8241,198242990,338613,198581603,3,0,0,160256,3,6864591241
8242,198276040,2946,198278986,8,0,1,3072,7,8825174649
8243,198330441,200426,198530867,4,0,0,18944,13,419557041
8244,198385991,337302,198723293,4,0,0,29184,13,831459900
8245,198393000,40339,198433339,2,0,1,5120,16,4537316516
8246,198401201,331631,198732832,4,0,0,31232,13,741592003
8247,198402051,312335,198714386,2,0,0,19456,16,246234288
8248,198438271,226454,198664725,8,0,0,85504,7,8021737582
8249,198450290,492571,198942861,3,0,0,288768,3,7978776072
8250,198487240,359481,198846721,3,0,0,59392,3,8528214559
8251,198493180,470646,198963826,3,0,0,33792,3,9660955598
8252,198555231,299631,198854862,4,0,0,12800,13,2237276939
8253,198586180,6229,198592409,1,0,1,15360,9,826324696
8254,198591511,515642,199107153,8,0,0,84992,7,5379968410
8255,198599240,187253,198786493,3,0,0,23040,3,53693532
8256,198604490,2946,198607436,2,0,1,3072,16,9710400376
8257,198674261,274231,198948492,2,0,0,18432,16,6150117494
8258,198718670,18283,198736953,1,0,1,11264,9,121946257
8259,198753590,229044,198982634,6,0,0,16384,12,6841638889
8260,198796110,4374,198800484,1,0,1,4608,9,6432188341
8261,198811710,331335,199143045,6,0,0,41472,12,839859379
8262,198827881,125626,198953507,8,0,0,16384,7,6406325824
8263,198895971,211821,199107792,4,0,0,2048,13,10264100216
8264,198944951,340339,199285290,2,0,0,112640,16,10712908553
8265,198990021,260934,199250955,8,0,0,117248,7,10626637869
8266,199019010,282371,199301381,3,0,0,52736,3,4658593166
8267,199028990,13253,199042243,2,0,1,25600,16,7529965941
8268,199144220,160296,199304516,6,0,0,10240,12,607767709
8269,199207340,163173,199370513,6,0,0,112640,12,2367367555
8270,199234801,193630,199428431,4,0,0,74752,13,5051289135
8271,199304811,76676,199381487,4,0,0,12288,13,426443484
8272,199320710,2946,199323656,5,0,1,3072,18,1975456355
8273,199408540,189371,199597911,3,0,0,94720,3,8753123811
8274,199515160,3904,199519064,2,0,1,10752,16,4343790380
8275,199522780,11791,199534571,2,0,1,19456,16,5455544081
8276,199534920,3128,199538048,2,0,1,9216,16,376819772
8277,199591330,10735,199602065,2,0,1,11264,16,7774461051
8278,199694911,364244,200059155,4,0,0,411648,13,2700368031
8279,199824731,296862,200121593,2,0,0,74752,16,7061240542
8280,199830531,268271,200098802,8,0,0,130048,7,9501234658
8281,199852440,437631,200290071,3,0,0,131584,3,4320280230
8282,199868971,319142,200188113,2,0,0,145920,16,10701758019
8283,199935930,287355,200223285,6,0,0,32256,12,7540145721
8284,200032641,360880,200393521,4,0,0,39936,13,7440839650
8285,200208581,313216,200521797,2,0,0,341504,16,2358508349
8286,200279621,451310,200730931,4,0,0,302080,13,4985582415
8287,200315411,222945,200538356,4,0,0,54272,13,4462108519
8288,200463360,316742,200780102,6,0,0,161280,12,3845378822
8289,200502740,278821,200781561,0,0,0,4608,14,4517513479
8290,200565670,10757,200576427,2,0,1,17408,16,6374652275
8291,200608221,212675,200820896,2,0,0,129024,16,1177164797
8292,200642571,222970,200865541,2,0,0,29696,16,7063321647
8293,200656390,253467,200909857,6,0,0,79360,12,7885953562
8294,200693880,230508,200924388,3,0,0,47616,3,6384509648
8295,200703001,279355,200982356,8,0,0,27648,7,10000331434
8296,200716170,285428,201001598,3,0,0,29184,3,7940633002
8297,200723491,98882,200822373,0,0,1,1536,14,6904182783
8298,200745881,81244,200827125,0,0,1,6144,14,7635401270
8299,200772300,71519,200843819,2,0,1,33280,16,10306014333
8300,200783701,64944,200848645,0,0,1,7680,14,7095319418
8301,200813541,333770,201147311,4,0,0,1024,13,5452671941
8302,200827940,23931,200851871,9,0,1,5120,15,6796802912
8303,200836921,348204,201185125,2,0,0,89088,16,4095590651
8304,200840640,12857,200853497,2,0,1,2560,16,9891490929
8305,200840870,13191,200854061,2,0,1,10752,16,6714029894
8306,200860990,8722,200869712,9,0,1,11264,15,6047076442
8307,200861281,475656,201336937,8,0,0,48128,7,1228871550
8308,200866200,5301,200871501,5,0,1,2560,18,6340857482
8309,200882771,566,200883337,0,0,1,512,14,7762759910
8310,200890720,256264,201146984,3,0,0,137216,3,4561586664
8311,200920391,6459,200926850,0,0,1,2560,14,8640534907
8312,200926561,4937,200931498,0,0,1,12800,14,2655156693
8313,200931220,226714,201157934,6,0,0,34816,12,6003251179
8314,200951260,315058,201266318,3,0,0,46592,3,9815585912
8315,200974541,265449,201239990,2,0,0,26112,16,7918220527
8316,200989410,12219,201001629,2,0,1,13824,16,9048092483
8317,200991861,292336,201284197,8,0,0,36352,7,9871652186
8318,200992161,231161,201223322,8,0,0,73728,7,5985782248
8319,201060600,362264,201422864,3,0,0,75776,3,334501932
8320,201076050,319771,201395821,3,0,0,38912,3,3118673882
8321,201104440,319093,201423533,0,0,0,1536,14,117812607
8322,201113580,352282,201465862,6,0,0,51200,12,8438776591
8323,201135710,287340,201423050,0,0,0,512,14,477291129
8324,201139971,391136,201531107,8,0,0,66048,7,8170724904
8325,201145601,390825,201536426,2,0,0,17408,16,3968720946
8326,201208680,16628,201225308,2,0,1,2048,16,1151699421
8327,201225250,224989,201450239,3,0,0,87552,3,10635441575
8328,201226420,3387,201229807,9,0,1,9728,15,1854270587
8329,201227051,375412,201602463,2,0,0,32768,16,2417091149
8330,201231990,13285,201245275,9,0,1,5632,15,6828236028
8331,201379020,43859,201422879,2,0,1,37376,16,5409771866
8332,201398960,24588,201423548,9,0,1,13824,15,8430227346
8333,201419020,53630,201472650,9,0,1,7168,15,389040708
8334,201439350,395274,201834624,6,0,0,327680,12,431039178
8335,201448860,469140,201918000,6,0,0,44544,12,251601808
8336,201448941,506982,201955923,2,0,0,124416,16,2731361734
8337,201501651,337223,201838874,4,0,0,13824,13,3510258858
8338,201543470,5196,201548666,2,0,1,13312,16,3954997923
8339,201557830,10241,201568071,9,0,1,16384,15,1011526746
8340,201561340,515678,202077018,6,0,0,177152,12,6098870808
8341,201570480,552485,202122965,3,0,0,36352,3,4596433289
8342,201574310,1994,201576304,2,0,1,2048,16,2606669344
8343,201580031,5326,201585357,0,0,1,5632,14,5776388271
8344,201599930,8803,201608733,2,0,1,6656,16,6307517461
8345,201609690,5971,201615661,9,0,1,14848,15,8931205665
8346,201618250,3387,201621637,2,0,1,9728,16,9884697107
8347,201634680,461229,202095909,0,0,0,61952,14,8071313940
8348,201634721,347285,201982006,4,0,0,85504,13,6763109629
8349,201644170,1994,201646164,2,0,1,2048,16,9679999826
8350,201644641,4364,201649005,0,0,1,11264,14,6100328987
8351,201668131,315606,201983737,2,0,0,5632,16,8708630457
8352,201672720,3898,201676618,2,0,1,4096,16,6475213480
8353,201689120,408208,202097328,6,0,0,4608,12,9302097270
8354,201699291,412575,202111866,4,0,0,10240,13,8415213690
8355,201723631,705061,202428692,4,0,0,217088,13,9259177481
8356,201730950,103689,201834639,9,0,1,8192,15,6371439639
8357,201805140,37115,201842255,9,0,1,3584,15,294461158
8358,201938870,169861,202108731,6,0,0,37376,12,891736006
8359,201953820,481799,202435619,0,0,0,22528,14,7134125680
8360,201965350,359541,202324891,6,0,0,186368,12,2587684452
8361,202003520,359013,202362533,3,0,0,123392,3,1428890548
8362,202020640,566,202021206,9,0,1,512,15,10294451844
8363,202078670,171182,202249852,0,0,0,9728,14,3404020693
8364,202111000,75319,202186319,3,0,1,106496,3,6727303379
8365,202130460,66381,202196841,9,0,1,33792,15,9270452046
8366,202151980,50660,202202640,3,0,1,19456,3,4339032573
8367,202183980,21246,202205226,3,0,1,4096,3,9322890363
8368,202207131,343661,202550792,8,0,0,172544,7,6192627171
8369,202224240,3422,202227662,9,0,1,3584,15,578037157
8370,202266820,58086,202324906,9,0,1,12800,15,7132641733
8371,202276880,193962,202470842,3,0,1,68608,3,8585558489
8372,202289920,317247,202607167,3,0,1,260096,3,2049513353
8373,202323510,289354,202612864,2,0,1,27136,16,4459447459
8374,202326481,483752,202810233,4,0,0,66048,13,3697538791
8375,202349479,263731,202613210,6,0,1,512,12,6576938029
8376,202352950,260721,202613671,2,0,1,10240,16,4014547295
8377,202386170,228577,202614747,3,0,1,13312,3,10560637391
8378,202429100,463685,202892785,6,0,0,79360,12,4932669987
8379,202498030,117178,202615208,2,0,1,10240,16,4253658106
8380,202535581,233264,202768845,8,0,0,51200,7,6068565903
8381,202631560,6754,202638314,3,0,1,7168,3,7772875022
8382,202702281,307716,203009997,8,0,0,89600,7,887576612
8383,202750851,430993,203181844,2,0,0,17920,16,7014742973
8384,202781730,619985,203401715,6,0,0,47104,12,4512520894
8385,202791311,304551,203095862,8,0,0,187904,7,122220736
8386,202809830,4582,202814412,9,0,1,11264,15,4186360027
8387,202824541,526483,203351024,4,0,0,205312,13,7347619938
8388,202862549,5196,202867745,6,0,1,13312,12,2449123397
8389,202878260,567663,203445923,3,0,0,40960,3,8840796862
8390,202879010,15786,202894796,9,0,1,2048,15,7393783963
8391,202920960,10499,202931459,9,0,1,16896,15,10482243973
8392,202923960,8779,202932739,1,0,1,14336,9,3329036483
8393,202957150,13253,202970403,2,0,1,25600,16,156884832
8394,202969470,3898,202973368,9,0,1,4096,15,7840061613
8395,202977331,223483,203200814,2,0,0,51200,16,987887307
8396,203064380,219476,203283856,3,0,0,55808,3,8306631679
8397,203075060,22337,203097397,2,0,1,1536,16,6381770142
8398,203117280,233759,203351039,3,0,1,286208,3,10149455433
8399,203140400,210654,203351054,2,0,1,512,16,9493145157
8400,203223420,380398,203603818,6,0,0,34304,12,2846807882
8401,203227020,124049,203351069,3,0,1,27136,3,688016060
8402,203239420,111664,203351084,7,0,1,2048,16,5186308292
8403,203287091,186806,203473897,8,0,0,7168,7,2865513786
8404,203308280,44832,203353112,9,0,1,2048,15,4365433281
8405,203320641,344762,203665403,8,0,0,6144,7,6185395415
8406,203329870,454604,203784474,3,0,0,64512,3,8176965689
8407,203379271,124968,203504239,4,0,0,32256,13,282564709
8408,203386490,84645,203471135,3,0,1,141312,3,9821493301
8409,203435751,142890,203578641,4,0,0,1024,13,10143974288
8410,203441040,32872,203473912,2,0,1,14848,16,9565080810
8411,203450490,24294,203474784,1,0,1,3584,9,6485119265
8412,203456460,18478,203474938,9,0,1,8704,15,9367396883
8413,203457290,108833,203566123,3,0,1,178176,3,6998719466
8414,203478660,91009,203569669,1,0,1,5632,9,3277278723
8415,203482110,121723,203603833,3,0,1,88576,3,8559429731
8416,203503930,99918,203603848,9,0,1,512,15,6445408870
8417,203562560,235657,203798217,6,0,0,45056,12,1623977215
8418,203589460,269093,203858553,3,0,0,33280,3,3094634665
8419,203603181,361655,203964836,8,0,0,29184,7,4905611190
8420,203664151,134417,203798568,4,0,0,1024,13,2812796710
8421,203680430,158798,203839228,0,0,0,14336,14,5965204774
8422,203699680,2946,203702626,2,0,1,3072,16,6258277606
8423,203710150,1042,203711192,9,0,1,1024,15,1501043507
8424,203783330,19876,203803206,2,0,1,12288,16,624660458
8425,203785180,388157,204173337,6,0,0,201216,12,5861250092
8426,203793991,95299,203889290,2,0,0,9216,16,4482731711
8427,203835401,276589,204111990,2,0,0,59392,16,6482209758
8428,203849110,21226,203870336,1,0,1,19456,9,7969182323
8429,203886720,16074,203902794,2,0,1,26112,16,9470483177
8430,203924460,5802,203930262,9,0,1,6144,15,6812080020
8431,203956500,14623,203971123,2,0,1,6656,16,3410628936
8432,203961491,64282,204025773,4,0,0,2560,13,4059932767
8433,203981310,566,203981876,9,0,1,512,15,9828703853
8434,203983790,23637,204007427,3,0,1,42496,3,6954476953
8435,204012480,13600,204026080,2,0,1,23040,16,7612392113
8436,204025840,1994,204027834,7,0,1,2048,16,9583129983
8437,204059950,113418,204173368,3,0,1,128512,3,7105867340
8438,204070460,431259,204501719,0,0,0,119808,14,10132564095
8439,204070790,238522,204309312,0,0,0,41472,14,5591827226
8440,204094350,83796,204178146,9,0,1,5120,15,4477205531
8441,204124980,54472,204179452,9,0,1,2048,15,1510842319
8442,204150521,100696,204251217,4,0,0,1024,13,2648515237
8443,204159800,21918,204181718,2,0,1,3584,16,2348886492
8444,204169440,13264,204182704,9,0,1,1536,15,4610402592
8445,204178110,6488,204184598,1,0,1,15872,9,548425413
8446,204295631,78082,204373713,4,0,0,2560,13,7973274247
8447,204299820,242034,204541854,3,0,0,72704,3,707571877
8448,204302510,135180,204437690,0,0,0,8704,14,2588488747
8449,204303260,36585,204339845,3,0,1,49152,3,749055641
8450,204347190,264658,204611848,3,0,1,428544,3,5920895095
8451,204409660,204774,204614434,7,0,1,4096,16,4448182132
8452,204417050,476010,204893060,3,0,0,140288,3,7772680845
8453,204423171,227541,204650712,8,0,0,2560,7,4383405800
8454,204454700,512334,204967034,3,0,0,119296,3,9848651124
8455,204463021,506532,204969553,8,0,0,8192,7,10524229283
8456,204466580,464091,204930671,3,0,0,123392,3,7074128637
8457,204468251,283574,204751825,8,0,0,58880,7,5683495186
8458,204469371,173001,204642372,2,0,0,25600,16,4914223943
8459,204471330,144730,204616060,7,0,1,2560,16,3188924564
8460,204508510,109496,204618006,7,0,1,3072,16,3959213762
8461,204528700,116456,204645156,3,0,1,89088,3,3878329198
8462,204531130,117572,204648702,7,0,1,5632,16,279488231
8463,204578760,76560,204655320,9,0,1,23552,15,3039303447
8464,204582360,74266,204656626,5,0,1,2048,18,7311649724
8465,204597711,575251,205172962,2,0,0,47616,16,1053771573
8466,204605660,67543,204673203,3,0,1,54784,3,8694853847
8467,204628780,689443,205318223,0,0,0,18944,14,6857018901
8468,204635490,571797,205207287,3,0,0,32768,3,6735122159
8469,204641691,355694,204997385,4,0,0,512,13,7604952238
8470,204654230,501831,205156061,0,0,0,198656,14,3078900862
8471,204685870,566,204686436,5,0,1,512,18,840515756
8472,204717530,368383,205085913,3,0,0,33792,3,7683810546
8473,204740921,469657,205210578,2,0,0,10752,16,6949472425
8474,204770180,4937,204775117,5,0,1,12800,18,8173507925
8475,204778840,13858,204792698,7,0,1,23552,16,8839057883
8476,204780460,15784,204796244,5,0,1,5632,18,249606298
8477,204784881,373558,205158439,2,0,0,7680,16,5290186959
8478,204788581,1089789,205878370,2,0,0,200192,16,1206942187
8479,204923751,1336884,206260635,2,0,0,94720,16,10605541357
8480,204964260,25651,204989911,9,0,1,32768,15,3309206117
8481,204989251,909456,205898707,8,0,0,512,7,952670176
8482,205009391,1178752,206188143,8,0,0,731648,7,2298184909
8483,205021930,1042,205022972,8,0,1,1024,7,99446914
8484,205024450,10757,205035207,7,0,1,17408,16,2814669169
8485,205092090,63986,205156076,7,0,1,4608,16,10458142914
8486,205119580,54884,205174464,5,0,1,1536,18,7224603195
8487,205155080,29141,205184221,5,0,1,17408,18,404177578
8488,205162680,47913,205210593,5,0,1,40960,18,1639591099
8489,205168350,1123532,206291882,6,0,0,102400,12,3226421081
8490,205173580,37028,205210608,9,0,1,19968,15,1241415755
8491,205183910,29727,205213637,7,0,1,29184,16,8051239109
8492,205189050,26072,205215122,7,0,1,15360,16,802348341
8493,205226130,342451,205568581,6,0,0,26112,12,6005944448
8494,205265251,944763,206210014,8,0,0,71680,7,5237415269
8495,205286160,673257,205959417,3,0,0,50688,3,5168401428
8496,205299270,4679,205303949,5,0,1,12288,18,8339540953
8497,205330530,2470,205333000,7,0,1,2560,16,10000032480
8498,205351571,1132080,206483651,8,0,0,71168,7,5519078763
8499,205351880,1103084,206454964,6,0,0,499712,12,6788371267
8500,205398191,812018,206210209,4,0,0,512,13,3331452566
8501,205412090,21916,205434006,9,0,1,35840,15,5825097147
8502,205446530,2470,205449000,2,0,1,2560,16,4075732933
8503,205517380,4162,205521542,5,0,1,11264,18,1156146654
8504,205517450,447754,205965204,3,0,0,18944,3,10688408954
8505,205539690,692062,206231752,6,0,0,70656,12,7444365667
8506,205549370,6278,205555648,1,0,1,6656,9,4555802601
8507,205575961,726708,206302669,2,0,0,35328,16,9036319303
8508,205580190,1042,205581232,1,0,1,1024,9,490656309
8509,205601200,11533,205612733,7,0,1,18944,16,8232701243
8510,205602640,18668,205621308,1,0,1,27648,9,316261621
8511,205698471,837206,206535677,8,0,0,170496,7,3001020171
8512,205702500,566,205703066,5,0,1,512,18,7853504795
8513,205704051,751428,206455479,4,0,0,1536,13,6385290796
8514,205728200,1518,205729718,5,0,1,1536,18,5778151408
8515,205729860,1994,205731854,1,0,1,2048,9,2089879044
8516,205739420,5802,205745222,1,0,1,6144,9,10472360054
8517,205745671,844012,206589683,2,0,0,125952,16,4565813625
8518,205767180,12308,205779488,7,0,1,20480,16,964270269
8519,205780780,863999,206644779,0,0,0,13824,14,4113077377
8520,205790090,2470,205792560,7,0,1,2560,16,85382117
8521,205797861,842683,206640544,8,0,0,149504,7,7813234397
8522,205836710,55422,205892132,7,0,1,26624,16,3982870802
8523,205887480,572850,206460330,0,0,0,15872,14,8097522775
8524,205897600,564321,206461921,6,0,0,5120,12,7352171849
8525,205897730,5802,205903532,5,0,1,6144,18,7424262323
8526,205912760,5196,205917956,1,0,1,13312,9,10178098401
8527,205914890,8463,205923353,1,0,1,15872,9,4960037016
8528,205978571,572721,206551292,8,0,0,51200,7,5094021113
8529,205987120,678898,206666018,3,0,0,69632,3,5038342715
8530,206005250,456702,206461952,7,0,1,31232,16,215235856
8531,206017040,577814,206594854,6,0,0,16896,12,196127509
8532,206017360,466306,206483666,9,0,1,9728,15,8312680262
8533,206079461,587204,206666665,4,0,0,2048,13,1743263058
8534,206096840,498045,206594885,5,0,1,4096,18,8282019696
8535,206113590,481310,206594900,5,0,1,11264,18,10046496133
8536,206132790,660813,206793603,3,0,0,56832,3,3221999800
8537,206168270,426645,206594915,5,0,1,512,18,6398869995
8538,206186540,408398,206594938,5,0,1,15360,18,5910016458
8539,206248710,346243,206594953,7,0,1,1024,16,2318477163
8540,206262021,509244,206771265,8,0,0,128512,7,3517478501
8541,206294950,371754,206666704,7,0,1,10240,16,923554770
8542,206301320,535025,206836345,6,0,0,10240,12,5948070329
8543,206323671,343398,206667069,4,0,0,1024,13,8294155281
8544,206337920,328799,206666719,1,0,1,7680,9,7872460531
8545,206343240,326043,206669283,6,0,0,7168,12,8899706065
8546,206347490,749587,207097077,0,0,0,104448,14,4344474981
8547,206352590,314152,206666742,9,0,1,6144,15,9886001904
8548,206356440,310644,206667084,1,0,1,21504,9,4618293679
8549,206408730,260592,206669322,5,0,1,1536,18,4719972528
8550,206445100,331172,206776272,3,0,0,16384,3,9785050007
8551,206449980,262093,206712073,6,0,0,23040,12,6363362087
8552,206495080,361001,206856081,0,0,0,21504,14,8002638566
8553,206531611,599161,207130772,8,0,0,12288,7,6308473306
8554,206546761,274878,206821639,8,0,0,58880,7,7096625154
8555,206561481,232333,206793814,4,0,0,512,13,116167075
8556,206567030,367663,206934693,0,0,0,113152,14,8866975928
8557,206595580,89549,206685129,9,0,1,30720,15,3082470274
8558,206628030,61605,206689635,5,0,1,7168,18,8819421990
8559,206661220,28671,206689891,7,0,1,9216,16,9598747587
8560,206709701,297962,207007663,8,0,0,47104,7,7496504336
8561,206718081,103885,206821966,4,0,0,1024,13,9076868706
8562,206720071,102222,206822293,4,0,0,1024,13,4031392096
8563,206751880,292169,207044049,0,0,0,96768,14,1866274299
8564,206754621,43576,206798197,0,0,1,4608,14,37177874
8565,206757091,451399,207208490,2,0,0,69632,16,6951663983
8566,206758431,217258,206975689,4,0,0,1536,13,2513122525
8567,206764630,170250,206934880,0,0,0,512,14,6550527233
8568,206775230,25193,206800423,5,0,1,13312,18,8179501175
8569,206784681,506512,207291193,8,0,0,271360,7,3944357872
8570,206865600,3898,206869498,9,0,1,4096,15,7375120788
8571,206868030,4054,206872084,5,0,1,4096,18,8917221013
8572,206891660,5802,206897462,9,0,1,6144,15,1357608019
8573,206906181,407583,207313764,8,0,0,21504,7,2386715464
8574,206908041,383323,207291364,4,0,0,512,13,9607735010
8575,206939170,365157,207304327,6,0,0,42496,12,8423948401
8576,206965141,358186,207323327,2,0,0,31232,16,10581514420
8577,206968981,566,206969547,0,0,1,512,14,3694960142
8578,207039921,267260,207307181,2,0,0,8704,16,1787197195
8579,207046840,6278,207053118,5,0,1,6656,18,8671421994
8580,207086601,217913,207304514,4,0,0,512,13,4868950414
8581,207113411,275994,207389405,2,0,0,65024,16,5918638330
8582,207156250,2470,207158720,8,0,1,2560,7,5351391541
8583,207159910,266045,207425955,0,0,0,9728,14,10493155524
8584,207197711,225249,207422960,2,0,0,110080,16,677711241
8585,207216470,106872,207323342,9,0,1,12288,15,4856013662
8586,207226831,96526,207323357,0,0,1,4096,14,10013200016
8587,207276520,48449,207324969,7,0,1,15360,16,2123108529
8588,207282431,161605,207444036,2,0,0,5120,16,3568837443
8589,207304081,229313,207533394,2,0,0,86528,16,10271401004
8590,207359631,219374,207579005,2,0,0,108032,16,7759903808
8591,207386860,51153,207438013,5,0,1,19968,18,10394896501
8592,207390651,112461,207503112,4,0,0,4608,13,10552200563
8593,207408140,36216,207444356,9,0,1,20480,15,1331805836
8594,207419330,25999,207445329,7,0,1,12800,16,2262286742
8595,207431971,172397,207604368,4,0,0,2560,13,5448988229
8596,207468160,113364,207581524,6,0,0,8192,12,3996419645
8597,207486570,383739,207870309,3,0,0,164352,3,10552849650
8598,207541060,211955,207753015,3,0,0,52736,3,5094957482
8599,207567171,64190,207631361,2,0,0,3072,16,6245744928
8600,207579620,118162,207697782,1,0,0,512,9,1978507778
8601,207606420,1518,207607938,7,0,1,1536,16,86044205
8602,207662481,259237,207921718,8,0,0,13824,7,7782641868
8603,207678880,238416,207917296,6,0,0,154112,12,7714038924
8604,207679820,3904,207683724,5,0,1,10752,18,2452601233
8605,207695680,221787,207917467,1,0,0,512,9,8145020121
8606,207699150,1994,207701144,4,0,1,2048,13,9037951494
8607,207699450,3243,207702693,5,0,1,8704,18,767985160
8608,207712170,5971,207718141,9,0,1,14848,15,3102377216
8609,207728471,24559,207753030,0,0,1,25600,14,9452223199
8610,207752720,226974,207979694,1,0,0,2048,9,4092668916
8611,207823060,249774,208072834,3,0,0,34816,3,3959789958
8612,207827060,147375,207974435,1,0,0,2048,9,9189235776
8613,207868250,63693,207931943,5,0,1,16384,18,2081482235
8614,207869330,102180,207971510,1,0,0,512,9,6143715326
8615,207873911,87502,207961413,2,0,0,512,16,6544164242
8616,207879230,255637,208134867,3,0,0,49152,3,225822622
8617,207922710,16858,207939568,9,0,1,21504,15,1081761301
8618,207935750,54277,207990027,6,0,0,2560,12,2835053925
8619,207984911,2946,207987857,0,0,1,3072,14,10671364067
8620,208016021,71591,208087612,4,0,0,1536,13,142638003
8621,208029360,349577,208378937,6,0,0,1536,12,9935327481
8622,208048501,24348,208072849,0,0,1,28160,14,5166500906
8623,208078520,4850,208083370,5,0,1,5120,18,4603217114
8624,208087640,461588,208549228,6,0,0,512,12,9575657865
8625,208092420,120538,208212958,3,0,0,33792,3,8908106861
8626,208098810,36072,208134882,5,0,1,40960,18,6019067602
8627,208125350,20023,208145373,9,0,1,16896,15,3978707104
8628,208136281,379448,208515729,8,0,0,59392,7,10424359562
8629,208137600,10999,208148599,7,0,1,5120,16,10256961191
8630,208141701,342775,208484476,2,0,0,296448,16,9974787013
8631,208148000,4374,208152374,9,0,1,4608,15,6234168205
8632,208175570,321877,208497447,0,0,0,42496,14,788792636
8633,208184180,177316,208361496,1,0,0,1024,9,5846401619
8634,208279961,269081,208549042,8,0,0,38400,7,5065215601
8635,208333960,50918,208384878,0,0,0,1024,14,8951824216
8636,208358150,395570,208753720,1,0,0,1024,9,1700276095
8637,208370741,201107,208571848,8,0,0,46592,7,3448175027
8638,208371281,164330,208535611,2,0,0,60928,16,4334218306
8639,208373880,123738,208497618,1,0,0,512,9,2408278833
8640,208379230,137778,208517008,7,0,0,4096,16,7066365662
8641,208394491,518101,208912592,8,0,0,66048,7,8512691913
8642,208447031,102026,208549057,0,0,1,2048,14,8265244030
8643,208449471,442327,208891798,8,0,0,221184,7,5826898183
8644,208475811,73432,208549243,0,0,1,9728,14,5397390435
8645,208481461,340743,208822204,2,0,0,29184,16,3720653497
8646,208483410,198238,208681648,6,0,0,1536,12,3841668143
8647,208503510,524067,209027577,7,0,0,233472,16,8238800652
8648,208572851,522975,209095826,8,0,0,103936,7,9553616669
8649,208586920,6278,208593198,7,0,1,6656,16,6224752603
8650,208599461,318413,208917874,4,0,0,2048,13,2864728303
8651,208606650,457493,209064143,3,0,0,87040,3,662320492
8652,208628251,328167,208956418,8,0,0,80384,7,7933671536
8653,208650260,2470,208652730,7,0,1,2560,16,7593006674
8654,208663570,436202,209099772,6,0,0,1024,12,3978206917
8655,208674700,3387,208678087,9,0,1,9728,15,9618314637
8656,208687781,1994,208689775,0,0,1,2048,14,6534589951
8657,208688660,1461,208690121,5,0,1,512,18,2579075124
8658,208703670,3645,208707315,9,0,1,10240,15,2414322691
8659,208745400,354029,209099429,3,0,0,11776,3,2503373413
8660,208748260,144185,208892445,6,0,0,2048,12,4789686072
8661,208756410,356496,209112906,3,0,0,41984,3,10657906720
8662,208777630,4850,208782480,8,0,1,5120,7,7405163630
8663,208811041,109866,208920907,4,0,0,1024,13,8305133567
8664,208827481,210127,209037608,8,0,0,32768,7,4756148730
8665,208834620,80401,208915021,5,0,1,2560,18,9463931932
8666,208925580,1042,208926622,7,0,1,1024,16,7565472989
8667,208934850,165249,209100099,6,0,0,1024,12,1970830990
8668,208964050,148911,209112961,7,0,1,2048,16,4550018915
8669,208972450,140526,209112976,7,0,1,4608,16,356395578
8670,208982210,148317,209130527,7,0,0,37888,16,1512199566
8671,209007241,170102,209177343,8,0,0,23040,7,7774199013
8672,209051410,220730,209272140,6,0,0,3584,12,5920995048
8673,209057710,58449,209116159,5,0,1,9216,18,9358751198
8674,209063180,178018,209241198,7,0,0,15360,16,8583195080
8675,209071420,199613,209271033,7,0,0,47104,16,8229436064
8676,209088890,211427,209300317,0,0,0,40960,14,1237767457
8677,209105100,25442,209130542,5,0,1,7680,18,9708823869
8678,209126330,251494,209377824,0,0,0,32768,14,5327249539
8679,209141370,226455,209367825,0,0,0,70144,14,10136560233
8680,209184150,5802,209189952,7,0,1,6144,16,2126949667
8681,209204880,104328,209309208,6,0,0,512,12,8639572158
8682,209206431,376723,209583154,8,0,0,203776,7,6152397033
8683,209211801,89467,209301268,4,0,0,3072,13,4996162324
8684,209237270,16486,209253756,9,0,1,20992,15,380592922
8685,209300950,1352,209302302,8,0,1,1024,7,3926850536
8686,209301750,1218,209302968,9,0,1,1024,15,45280561
8687,209329820,188484,209518304,3,0,0,79360,3,4232723051
8688,209346220,261517,209607737,7,0,0,73728,16,9561392173
8689,209357680,25955,209383635,7,0,1,6144,16,5581785988
8690,209358890,226368,209585258,0,0,0,1024,14,5924902221
8691,209412251,172664,209584915,4,0,0,3072,13,6020886608
8692,209429850,252261,209682111,7,0,0,20480,16,9218456827
8693,209431800,4374,209436174,7,0,1,4608,16,9531441866
8694,209467901,115892,209583793,4,0,0,2048,13,1140900041
8695,209468350,4850,209473200,7,0,1,5120,16,2655288006
8696,209490900,93064,209583964,6,0,0,512,12,8054662873
8697,209513511,5351,209518862,0,0,1,512,14,1510547748
8698,209543140,71310,209614450,7,0,1,7168,16,7890785533
8699,209543221,72855,209616076,0,0,1,2560,14,4303890664
8700,209591560,30432,209621992,9,0,1,18432,15,1038554588
8701,209601031,21217,209622248,0,0,1,9216,14,5182001988
8702,209609190,15004,209624194,9,0,1,3072,15,6621882835
8703,209633500,69079,209702579,6,0,0,2048,12,6825626807
8704,209635480,1042,209636522,7,0,1,1024,16,1721702677
8705,209651420,323974,209975394,7,0,0,40448,16,7999633066
8706,209669550,2870,209672420,7,0,1,8704,16,8269819493
8707,209703720,197419,209901139,7,0,0,137216,16,3474310268
8708,209704991,258064,209963055,8,0,0,122880,7,6536571069
8709,209728490,306655,210035145,7,0,0,11264,16,196291244
8710,209737000,300043,210037043,1,0,0,4608,9,735202265
8711,209766311,272712,210039023,4,0,0,1024,13,1422345949
8712,209784160,228577,210012737,3,0,0,36864,3,8165564315
8713,209796230,566,209796796,8,0,1,512,7,10177076916
8714,209834751,2470,209837221,0,0,1,2560,14,781543057
8715,209846181,55285,209901466,4,0,0,1024,13,3393453086
8716,209856140,303045,210159185,0,0,0,167424,14,8780358475
8717,209940050,298919,210238969,7,0,0,13312,16,6191494521
8718,209964760,15977,209980737,9,0,1,5632,15,3574531764
8719,209998290,14470,210012760,7,0,1,20992,16,9315463221
8720,210007161,51164,210058325,4,0,0,1024,13,10685986384
8721,210031990,13646,210045636,8,0,1,16896,7,9401187637
8722,210039620,9882,210049502,9,0,1,6144,15,1336032271
8723,210042249,9839,210052088,6,0,1,4096,12,10528774855
8724,210045220,9134,210054354,9,0,1,3584,15,6916683334
8725,210049150,348393,210397543,3,0,0,215040,3,4804090601
8726,210060669,14117,210074786,6,0,1,24064,12,6496586855
8727,210076470,163138,210239608,1,0,0,2048,9,5980622871
8728,210090020,420200,210510220,3,0,0,178176,3,6063798819
8729,210098740,126338,210225078,1,0,0,3072,9,3378612172
8730,210160440,266961,210427401,3,0,0,82944,3,9047613939
8731,210208380,193710,210402090,7,0,0,14848,16,945477846
8732,210213200,588143,210801343,7,0,0,83968,16,8175290758
8733,210253331,2946,210256277,0,0,1,3072,14,9209901800
8734,210255640,335106,210590746,3,0,0,48128,3,5556082490
8735,210267260,4420,210271680,8,0,1,11776,7,4760787934
8736,210271560,7230,210278790,8,0,1,7680,7,8944514454
8737,210271650,455062,210726712,7,0,0,79872,16,6134923339
8738,210290280,794710,211084990,0,0,0,216064,14,2510103726
8739,210311540,940109,211251649,7,0,0,378880,16,7810553941
8740,210334750,92674,210427424,8,0,1,11776,7,2909219167
8741,210382870,882199,211265069,1,0,0,2560,9,7979201681
8742,210396711,607270,211003981,8,0,0,52224,7,2945123661
8743,210403690,1278414,211682104,3,0,0,360960,3,8016191701
8744,210412281,606862,211019143,8,0,0,49664,7,5476046334
8745,210421790,562404,210984194,0,0,0,46592,14,9160753130
8746,210448460,670770,211119230,0,0,0,104448,14,8731519504
8747,210454180,1287366,211741546,7,0,0,23040,16,6567896166
8748,210464951,49232,210514183,0,0,1,10752,14,8560318587
8749,210472661,511704,210984365,4,0,0,512,13,2796823488
8750,210472680,45249,210517929,7,0,1,4608,16,8950901399
8751,210502021,417552,210919573,4,0,0,2048,13,6656500663
8752,210513160,607945,211121105,6,0,0,2560,12,4668994840
8753,210561451,3422,210564873,0,0,1,3584,14,8643050269
8754,210566341,521050,211087391,4,0,0,1536,13,9074359329
8755,210610189,566,210610755,6,0,1,512,12,800325145
8756,210620040,1994,210622034,9,0,1,2048,15,5415234927
8757,210623740,640534,211264274,3,0,0,7680,3,10534940682
8758,210633050,497711,211130761,3,0,0,5120,3,2875400570
8759,210643681,646207,211289888,8,0,0,81408,7,9687626322
8760,210650361,680140,211330501,4,0,0,3072,13,1861459306
8761,210652480,1994,210654474,9,0,1,2048,15,6152748686
8762,210664071,7706,210671777,0,0,1,8192,14,8204555677
8763,210689070,195892,210884962,6,0,0,1024,12,4387555784
8764,210703910,382982,211086892,3,0,0,6144,3,8559794353
8765,210704960,741919,211446879,0,0,0,94720,14,10525270804
8766,210710170,20975,210731145,7,0,1,4608,16,10628966440
8767,210711910,21821,210733731,7,0,1,4096,16,6147286334
8768,210733521,572900,211306421,4,0,0,3584,13,8847922950
8769,210738219,12825,210751044,6,0,1,21504,12,1420562213
8770,210761380,732735,211494115,3,0,0,94720,3,2159930566
8771,210810520,451399,211261919,0,0,0,31744,14,5764539905
8772,210837100,628124,211465224,7,0,0,55808,16,4979490405
8773,210919000,200565,211119565,6,0,0,1024,12,7097716721
8774,210924191,493813,211418004,8,0,0,130560,7,3970130926
8775,210958940,293292,211252232,6,0,0,1536,12,1596733255
8776,210959670,1518,210961188,1,0,1,1536,9,4188805906
8777,210961290,799055,211760345,7,0,0,61440,16,5741983642
8778,210962781,575259,211538040,8,0,0,95232,7,9776269799
8779,210962840,1518,210964358,9,0,1,1536,15,1613800791
8780,210982010,21986,211003996,7,0,1,8192,16,4905422379
8781,210983560,101445,211085005,7,0,1,27136,16,4045394527
8782,211017650,104820,211122470,1,0,1,3072,9,8991044391
8783,211018200,108136,211126336,9,0,1,6144,15,5854740789
8784,211081020,45662,211126682,7,0,1,512,16,9386824721
8785,211107880,143784,211251664,9,0,1,27648,15,1476305095
8786,211113770,137917,211251687,9,0,1,7168,15,1587648975
8787,211129210,122492,211251702,1,0,1,9216,9,3242912221
8788,211131580,120137,211251717,9,0,1,12288,15,8272990545
8789,211132590,174434,211307024,6,0,0,1536,12,3131032800
8790,211140520,160343,211300863,9,0,1,17920,15,5506172011
8791,211144980,427129,211572109,3,0,0,111616,3,7720633990
8792,211159480,143329,211302809,7,0,1,3072,16,9045228294
8793,211175540,130896,211306436,1,0,1,4096,9,8365493909
8794,211181530,266168,211447698,6,0,0,2560,12,6324532116
8795,211255871,192310,211448181,4,0,0,1536,13,7466114497
8796,211256530,49921,211306451,1,0,1,1024,9,9027589884
8797,211292651,201823,211494474,4,0,0,1024,13,1286568489
8798,211304031,382175,211686206,8,0,0,13312,7,7736028355
8799,211319110,1518,211320628,4,0,1,1536,13,4217416611
8800,211330720,13600,211344320,7,0,1,23040,16,8730845862
8801,211331050,403445,211734495,0,0,0,156160,14,617371693
8802,211337530,10656,211348186,8,0,1,6144,7,338627342
8803,211357139,2870,211360009,6,0,1,8704,12,4791000098
8804,211385130,423961,211809091,3,0,0,104960,3,9972304089
8805,211410740,83757,211494497,8,0,1,2560,7,109859779
8806,211414660,79852,211494512,7,0,1,6656,16,5238257405
8807,211428000,72562,211500562,8,0,1,15872,7,1720217049
8808,211430409,73828,211504237,6,0,1,5632,12,3256705583
8809,211436740,68162,211504902,1,0,1,11264,9,10531954679
8810,211450111,236789,211686900,4,0,0,1024,13,3837173408
8811,211461140,76923,211538063,8,0,1,19456,7,1414361616
8812,211490320,47758,211538078,2,0,1,2048,16,5249060610
8813,211495920,186199,211682119,4,0,1,7168,13,9536380616
8814,211519780,166793,211686573,6,0,0,1024,12,9680195503
8815,211566940,193468,211760408,7,0,1,7168,16,8343922477
8816,211574580,234705,211809285,6,0,0,512,12,4284823894
8817,211592590,167833,211760423,4,0,1,5632,13,7413036138
8818,211599721,637446,212237167,8,0,0,46592,7,10026901349
8819,211623331,525658,212148989,8,0,0,141312,7,3379536519
8820,211624920,135518,211760438,4,0,1,512,13,4936172253
8821,211638059,122394,211760453,6,0,1,4608,12,7569014348
8822,211657551,105724,211763275,0,0,1,3072,14,6849641319
8823,211674849,99928,211774777,6,0,1,26112,12,4280605431
8824,211689810,165334,211855144,7,0,0,10240,16,7285576358
8825,211690000,86403,211776403,7,0,1,2560,16,4467438152
8826,211693101,217140,211910241,8,0,0,11264,7,1874056695
8827,211705500,103606,211809106,7,0,1,14848,16,489599626
8828,211713740,310304,212024044,7,0,0,48128,16,9025535252
8829,211735751,146618,211882369,4,0,0,1536,13,7020480904
8830,211778901,56897,211835798,0,0,1,48128,14,2017940878
8831,211783560,121841,211905401,6,0,0,1024,12,2073701573
8832,211789170,202456,211991626,7,0,0,53760,16,3718017656
8833,211795110,44234,211839344,9,0,1,5632,15,3021086773
8834,211813181,385151,212198332,8,0,0,161792,7,757407000
8835,211815450,24560,211840010,8,0,1,1024,7,6331923200
8836,211817531,473090,212290621,8,0,0,82944,7,9571526032
8837,211823000,19916,211842916,9,0,1,4608,15,3970410080
8838,211823860,21642,211845502,7,0,1,4096,16,9628345276
8839,211840290,9398,211849688,7,0,1,6656,16,2946894100
8840,211849910,5249,211855159,7,0,1,4608,16,1123611199
8841,211866811,132970,211999781,4,0,0,1024,13,9747536600
8842,211867731,2946,211870677,0,0,1,3072,14,8514063044
8843,211879600,6754,211886354,7,0,1,7168,16,9859720730
8844,211892040,4937,211896977,8,0,1,12800,7,5910025984
8845,211912201,310662,212222863,8,0,0,80384,7,3967542626
8846,211913190,329268,212242458,6,0,0,1024,12,2388532070
8847,211936940,16096,211953036,8,0,1,31232,7,4059789826
8848,211948500,7762,211956262,7,0,1,5120,16,10098325467
8849,211949971,359301,212309272,4,0,0,512,13,2355448487
8850,211968931,359525,212328456,8,0,0,55296,7,3197699929
8851,212011831,252325,212264156,8,0,0,63488,7,2535139795
8852,212021860,6880,212028740,9,0,1,12288,15,8161313286
8853,212035061,384505,212419566,8,0,0,20480,7,2073860971
8854,212035330,11791,212047121,7,0,1,19456,16,8304284203
8855,212116300,246146,212362446,6,0,0,512,12,9864081407
8856,212118851,104043,212222894,0,0,1,11264,14,1694932065
8857,212120359,102550,212222909,6,0,1,9728,12,6263332905
8858,212133260,89696,212222956,4,0,1,21504,13,8432112235
8859,212155900,173960,212329860,6,0,0,1536,12,10360059584
8860,212179960,62016,212241976,7,0,1,5120,16,1597520556
8861,212199980,43942,212243922,7,0,1,3072,16,8520132211
8862,212207620,189674,212397294,7,0,0,53248,16,282719029
8863,212211301,370747,212582048,8,0,0,101888,7,8790677019
8864,212217430,46741,212264171,7,0,1,6144,16,6459100234
8865,212224750,39436,212264186,7,0,1,2048,16,1742375544
8866,212224820,39397,212264217,8,0,1,27136,7,9976888779
8867,212229591,257135,212486726,4,0,0,1024,13,5446293512
8868,212247800,42836,212290636,9,0,1,9728,15,8070448198
8869,212250891,111384,212362275,8,0,0,22016,7,362686944
8870,212263080,27571,212290651,8,0,1,2048,7,559892608
8871,212272580,278409,212550989,7,0,0,60416,16,4151195195
8872,212275690,16972,212292662,8,0,1,2048,7,454987908
8873,212297010,10499,212307509,9,0,1,16896,15,3117209870
8874,212303220,6067,212309287,9,0,1,2560,15,4727973939
8875,212323909,8443,212332352,6,0,1,10752,12,10245664287
8876,212381060,16792,212397852,8,0,1,512,7,1845065739
8877,212398960,5802,212404762,7,0,1,6144,16,1170165210
8878,212440900,4679,212445579,4,0,1,12288,13,8446611265
8879,212459270,122949,212582219,6,0,0,512,12,1443276839
8880,212463991,7230,212471221,0,0,1,7680,14,1884206273
8881,212477080,55253,212532333,6,0,0,2560,12,8264924141
8882,212477610,168137,212645747,0,0,0,10240,14,6676079411
8883,212501400,26738,212528138,4,0,1,48640,13,7508804078
8884,212514190,15894,212530084,8,0,1,3072,7,2171603061
8885,212583370,50672,212634042,0,0,0,2560,14,3502237567
8886,212634601,5326,212639927,0,0,1,5632,14,8633833560
8887,212660900,100614,212761514,6,0,0,512,12,8498882687
8888,212669661,6278,212675939,0,0,1,6656,14,2661922453
8889,212683260,3898,212687158,7,0,1,4096,16,421453386
8890,212707781,43904,212751685,4,0,0,512,13,5256509883
8891,212738560,4679,212743239,7,0,1,12288,16,10443389133
8892,212798510,4937,212803447,4,0,1,12800,13,7858542852
8893,212799140,102797,212901937,6,0,0,512,12,8377325540
8894,212853500,3645,212857145,7,0,1,10240,16,7322104451
8895,212873060,237431,213110491,0,0,0,208384,14,6672278404
8896,212881950,229032,213110982,6,0,0,1536,12,6227479295
8897,212892690,3387,212896077,7,0,1,9728,16,3724675195
8898,212896920,241004,213137924,0,0,0,85504,14,825438513
8899,212993531,209474,213203005,8,0,0,112640,7,7393675066
8900,213000151,210109,213210260,8,0,0,3072,7,928972157
8901,213054960,82979,213137939,4,0,1,6144,13,6308003337
8902,213075420,62534,213137954,8,0,1,11776,7,10104416616
8903,213085619,52350,213137969,6,0,1,8192,12,9226251829
8904,213090049,47935,213137984,6,0,1,1024,12,7131034451
8905,213091751,74858,213166609,8,0,0,1024,7,5120679439
8906,213128570,14256,213142826,8,0,1,5120,7,9339388356
8907,213147830,55354,213203184,6,0,0,512,12,2259945956
8908,213168300,168443,213336743,7,0,0,86528,16,3153037464
8909,213182960,189987,213372947,3,0,0,44032,3,8292724000
8910,213204820,3387,213208207,7,0,1,9728,16,8571399592
8911,213218671,118719,213337390,4,0,0,2048,13,5949925383
8912,213238331,178129,213416460,4,0,0,1536,13,6385217719
8913,213245560,5326,213250886,4,0,1,5632,13,3857860169
8914,213260830,5454,213266284,4,0,1,13824,13,5353944235
8915,213278670,12566,213291236,8,0,1,20992,7,5131413389
8916,213281889,235186,213517075,9,0,0,164864,15,8372903689
8917,213290661,237268,213527929,4,0,0,512,13,718695697
8918,213311040,137269,213448309,3,0,0,3584,3,8865484741
8919,213335950,126057,213462007,6,0,0,2048,12,8963343230
8920,213341431,92274,213433705,4,0,0,1024,13,3310468618
8921,213360620,17211,213377831,4,0,1,5120,13,6712521716
8922,213364349,14148,213378497,6,0,1,1024,12,1947508418
8923,213365970,12886,213378856,7,0,1,9728,16,3747355532
8924,213384241,325338,213709579,8,0,0,46080,7,4155310024
8925,213388709,138521,213527230,9,0,0,33280,15,10649542111
8926,213442349,249278,213691627,9,0,0,148480,15,10060546555
8927,213453150,1518,213454668,8,0,1,1536,7,10145045687
8928,213561680,79552,213641232,6,0,0,1024,12,3288628623
8929,213589241,139861,213729102,8,0,0,61440,7,3770268020
8930,213590950,23208,213614158,8,0,1,38400,7,7300220205
8931,213595650,18854,213614504,8,0,1,512,7,8697040538
8932,213597189,23831,213621020,6,0,1,23040,12,8269250818
8933,213604051,87763,213691814,4,0,0,512,13,4984141185
8934,213635550,361138,213996688,0,0,0,225280,14,2365646467
8935,213638530,263703,213902233,6,0,0,2560,12,9393306038
8936,213647890,81227,213729117,7,0,1,38912,16,7905901009
8937,213649920,79212,213729132,7,0,1,5120,16,6951132222
8938,213666139,416923,214083062,9,0,0,148992,15,391209707
8939,213743340,254923,213998263,6,0,0,5120,12,6747662717
8940,213796930,1994,213798924,8,0,1,2048,7,2218672095
8941,213800080,310515,214110595,0,0,0,89600,14,4769418874
8942,213800460,4162,213804622,7,0,1,11264,16,4058821872
8943,213880280,3898,213884178,8,0,1,4096,7,8192775869
8944,213894389,361202,214255591,9,0,0,83968,15,8102348001
8945,213947959,51004,213998963,6,0,1,512,12,1366275052
8946,213962359,43424,214005783,6,0,1,7680,12,6612818730
8947,213963550,44179,214007729,7,0,1,3072,16,4506622953
8948,213970200,294166,214264366,0,0,0,28672,14,7123783912
8949,213973251,110006,214083257,4,0,0,512,13,10250391230
8950,213974410,42998,214017408,7,0,1,30208,16,5567857771
8951,213977730,209545,214187275,7,0,0,26112,16,9491988182
8952,214013351,97603,214110954,4,0,0,1024,13,998301841
8953,214015710,11274,214026984,7,0,1,18432,16,4463221828
8954,214027330,55942,214083272,7,0,1,39936,16,3899887440
8955,214028310,94981,214123291,4,0,1,24576,13,2984969145
8956,214030579,415530,214446109,9,0,0,219136,15,2100733842
8957,214038070,86207,214124277,8,0,1,1536,7,6830622454
8958,214052010,72613,214124623,7,0,1,512,16,4393475436
8959,214092840,38596,214131436,8,0,1,24576,7,5496595588
8960,214129100,405035,214534135,0,0,0,75776,14,5030106122
8961,214135569,6229,214141798,6,0,1,15360,12,8144701045
8962,214148940,226604,214375544,3,0,0,1536,3,7769456619
8963,214211810,407086,214618896,0,0,0,247808,14,1934946968
8964,214234431,213696,214448127,4,0,0,512,13,8107761
8965,214243600,377963,214621563,0,0,0,8704,14,2947184231
8966,214251200,196328,214447528,6,0,0,4608,12,8205028548
8967,214275031,268338,214543369,4,0,0,1024,13,10685895209
8968,214317479,225563,214543042,9,0,0,29184,15,6630214445
8969,214352070,118682,214470752,6,0,0,3072,12,401263914
8970,214462600,11533,214474133,8,0,1,18944,7,36899176
8971,214469970,7069,214477039,8,0,1,4608,7,8327080863
8972,214475990,172272,214648262,3,0,0,87552,3,7889550222
8973,214504060,3898,214507958,7,0,1,4096,16,2935370126
8974,214521980,148036,214670016,0,0,0,5632,14,9502582768
8975,214552280,113179,214665459,6,0,0,512,12,8672944963
8976,214610660,86574,214697234,6,0,0,2048,12,10159910861
8977,214632609,103746,214736355,9,0,0,19456,15,10647296769
8978,214655369,130203,214785572,9,0,0,64000,15,4637681772
8979,214672350,84999,214757349,6,0,0,1536,12,9863535906
8980,214677620,3898,214681518,8,0,1,4096,7,10185314830
8981,214700110,85789,214785899,6,0,0,1024,12,6628204070
8982,214734120,64033,214798153,7,0,0,10240,16,4631021740
8983,214752900,156562,214909462,0,0,0,4608,14,9175929983
8984,214762520,23402,214785922,8,0,1,28160,7,2096327613
8985,214768751,102542,214871293,4,0,0,2560,13,3926816968
8986,214802870,209888,215012758,0,0,0,169984,14,5951814456
8987,214815770,116138,214931908,6,0,0,1536,12,6346598300
8988,214829570,4374,214833944,8,0,1,4608,7,8807399691
8989,214855550,158354,215013904,6,0,0,3584,12,5272805227
8990,214896561,117522,215014083,4,0,0,512,13,8730721198
8991,214906850,566,214907416,9,0,1,512,15,3268574123
8992,214956150,56639,215012789,9,0,1,25088,15,4628970462
8993,214958630,98589,215057219,6,0,0,512,12,9271445738
8994,214959880,59513,215019393,2,0,1,5632,16,3345629578
8995,214969879,375300,215345179,9,0,0,49152,15,8014850083
8996,214978410,80573,215058983,3,0,1,70656,3,2554360620
8997,214998840,62523,215061363,6,0,0,1536,12,7345033349
8998,215013940,75587,215089527,7,0,0,2560,16,8368617193
8999,215023010,41465,215064475,8,0,1,17920,7,7093561717
9000,215047170,22694,215069864,3,0,1,17408,3,6401429536
9001,215061281,483130,215544411,4,0,0,4096,13,9759801501
9002,215077499,383842,215461341,9,0,0,28672,15,3732546431
9003,215078400,251788,215330188,0,0,0,151552,14,10352446959
9004,215099140,124716,215223856,3,0,1,202752,3,3477805717
9005,215158079,458097,215616176,9,0,0,7168,15,2819506899
9006,215160240,264912,215425152,3,0,0,16896,3,7620900152
9007,215164200,378948,215543148,0,0,0,136192,14,7180424293
9008,215189030,230959,215419989,3,0,0,54272,3,6395630449
9009,215215260,22691,215237951,3,0,1,37376,3,6345437885
9010,215215990,23907,215239897,8,0,1,3072,7,2760392563
9011,215253580,352322,215605902,3,0,0,114176,3,9704776806
9012,215364670,242362,215607032,6,0,0,1024,12,5142052532
9013,215364750,2946,215367696,9,0,1,3072,15,4901806832
9014,215385680,4374,215390054,2,0,1,4608,16,9238510194
9015,215410441,196264,215606705,4,0,0,2560,13,5421477471
9016,215413080,14100,215427180,9,0,1,2048,15,1817179827
9017,215413850,15864,215429714,9,0,1,10752,15,7078480615
9018,215460360,367530,215827890,7,0,0,57344,16,2358910238
9019,215544930,7706,215552636,9,0,1,8192,15,4309092925
9020,215574570,199904,215774474,0,0,0,74240,14,483901184
9021,215613990,12677,215626667,9,0,1,16896,15,684360728
9022,215627720,1994,215629714,9,0,1,2048,15,7779729055
9023,215668720,12308,215681028,9,0,1,20480,15,2559960654
9024,215693190,45596,215738786,0,0,0,1024,14,2234495468
9025,215730800,154058,215884858,3,0,1,249856,3,5943359171
9026,215735199,280121,216015320,9,0,0,156672,15,6433322140
9027,215736690,153455,215890145,1,0,1,25088,9,5120138626
9028,215760971,163195,215924166,4,0,0,1024,13,10019043922
9029,215763811,491418,216255229,4,0,0,6144,13,6824937738
9030,215767990,333083,216101073,7,0,0,37888,16,8021430741
9031,215808801,142926,215951727,7,0,0,2560,16,4948719066
9032,215818440,433917,216252357,7,0,0,45056,16,9339341803
9033,215823810,108372,215932182,3,0,1,143872,3,9025678037
9034,215826110,353003,216179113,3,0,0,188928,3,337224674
9035,215830070,129262,215959332,3,0,1,97280,3,10155283108
9036,215898471,296482,216194953,4,0,0,2048,13,8138053207
9037,215930480,31118,215961598,9,0,1,3584,15,8025847942
9038,215942460,320893,216263353,6,0,0,2560,12,3023160576
9039,215981820,46762,216028582,9,0,1,25600,15,6885689103
9040,216009980,20868,216030848,3,0,1,3584,3,6242449941
9041,216051670,14545,216066215,1,0,1,28160,9,7039117226
9042,216070510,13341,216083851,8,0,1,22528,7,4609300660
9043,216120270,58858,216179128,9,0,1,8704,15,851402308
9044,216187380,621619,216808999,0,0,0,315392,14,8541471120
9045,216192729,441330,216634059,9,0,0,76288,15,7870030974
9046,216193590,629957,216823547,0,0,0,34304,14,10707013283
9047,216197640,566,216198206,8,0,1,512,7,283307278
9048,216222380,675099,216897479,3,0,0,68096,3,6668277451
9049,216233440,93995,216327435,3,0,1,156160,3,5692977640
9050,216233960,94243,216328203,9,0,1,11776,15,9680932975
9051,216242240,88229,216330469,9,0,1,3584,15,1595843486
9052,216260270,413466,216673736,6,0,0,1024,12,1396905463
9053,216317329,752608,217069937,9,0,0,292352,15,8674178200
9054,216325520,7535,216333055,9,0,1,4096,15,554306914
9055,216325550,47205,216372755,3,0,1,79360,3,4676729506
9056,216339579,601982,216941561,9,0,0,37376,15,9142966409
9057,216341700,32540,216374240,9,0,1,15360,15,6421538759
9058,216344279,802872,217147151,9,0,0,102912,15,10525133330
9059,216354560,318849,216673409,7,0,0,92160,16,1991910975
9060,216368530,36604,216405134,3,0,1,64512,3,2548244469
9061,216496130,1994,216498124,8,0,1,2048,7,6843003229
9062,216536050,1042,216537092,8,0,1,1024,7,9683332461
9063,216560851,284027,216844878,4,0,0,2048,13,912213553
9064,216562249,549485,217111734,9,0,0,7680,15,799483309
9065,216564770,16096,216580866,8,0,1,31232,7,9425130190
9066,216576940,4182,216581122,7,0,1,9216,16,9272789534
9067,216601750,7230,216608980,7,0,1,7680,16,7908667972
9068,216669530,7620,216677150,9,0,1,3584,15,10333071028
9069,216706530,165992,216872522,3,0,1,269824,3,2344654951
9070,216746070,496018,217242088,6,0,0,2560,12,3230794408
9071,216762201,314074,217076275,4,0,0,1024,13,5267817533
9072,216767530,105658,216873188,9,0,1,1024,15,8252369785
9073,216776720,120774,216897494,7,0,1,22016,16,6223680154
9074,216778090,119419,216897509,9,0,1,20480,15,78883643
9075,216790040,107484,216897524,9,0,1,24064,15,9836874487
9076,216856220,357566,217213786,6,0,0,1536,12,3070506681
9077,216861650,232036,217093686,3,0,0,24064,3,5205807768
9078,216920720,251717,217172437,0,0,0,28160,14,6583534159
9079,216948021,443559,217391580,7,0,0,111616,16,8562283876
9080,217001891,233600,217235491,4,0,0,2560,13,1997429624
9081,217008720,63721,217072441,8,0,1,2560,7,2126178622
9082,217014850,68896,217083746,8,0,1,25088,7,10571175422
9083,217072150,13862,217086012,9,0,1,3584,15,4716765351
9084,217084099,200075,217284174,9,0,0,12288,15,761669077
9085,217168250,60258,217228508,3,0,1,95744,3,6390239730
9086,217203809,386681,217590490,9,0,0,222208,15,5227964323
9087,217221600,774617,217996217,0,0,0,106496,14,10428799877
9088,217276490,3387,217279877,9,0,1,9728,15,9472818028
9089,217282860,6156,217289016,4,0,1,5120,13,2798735638
9090,217310800,410698,217721498,3,0,0,95232,3,3479945241
9091,217312670,78925,217391595,3,0,1,117760,3,4544767358
9092,217326110,137614,217463724,3,0,1,187392,3,9615605846
9093,217347100,117610,217464710,4,0,1,1536,13,9153098788
9094,217363770,564189,217927959,3,0,0,139264,3,1951887585
9095,217418080,172597,217590677,6,0,0,512,12,9289166164
9096,217460899,355489,217816388,9,0,0,178688,15,4327257861
9097,217464729,5802,217470531,6,0,1,6144,12,5751824266
9098,217481180,1042,217482222,4,0,1,1024,13,7469422645
9099,217516441,127045,217643486,4,0,0,512,13,6151889302
9100,217537020,487509,218024529,0,0,0,56832,14,4833206030
9101,217560800,31379,217592179,9,0,1,1536,15,7289650037
9102,217588500,228995,217817495,6,0,0,3584,12,6758665592
9103,217590720,7212,217597932,8,0,1,7168,7,7842862663
9104,217591450,483455,218074905,3,0,0,55808,3,4589737940
9105,217599701,396703,217996404,4,0,0,512,13,7328510148
9106,217600419,1042,217601461,6,0,1,1024,12,10053490246
9107,217609170,5971,217615141,8,0,1,14848,7,6746752132
9108,217643639,320059,217963698,9,0,0,117248,15,5880735613
9109,217673600,144222,217817822,6,0,0,1024,12,2443149787
9110,217678770,4937,217683707,1,0,1,12800,9,1235583015
9111,217694190,40425,217734615,8,0,1,22016,7,2590060550
9112,217697190,427849,218125039,3,0,1,642560,3,8315336675
9113,217698180,427525,218125705,9,0,1,1024,15,10295190852
9114,217756320,370051,218126371,9,0,1,1024,15,2064666942
9115,217762499,380244,218142743,6,0,1,61952,12,8022778541
9116,217801870,342819,218144689,4,0,1,3072,13,8098733680
9117,217806669,343205,218149874,6,0,1,24576,12,1416422858
9118,217847350,302870,218150220,8,0,1,512,7,7551612621
9119,217860360,452823,218313183,0,0,0,287232,14,7012263183
9120,217890831,293475,218184306,4,0,0,3072,13,2785458869
9121,217944099,499822,218443921,9,0,0,66048,15,7515726223
9122,217955689,199818,218155507,6,0,1,16896,12,5001225262
9123,217990090,168643,218158733,4,0,1,5120,13,6547914980
9124,218019430,293776,218313206,3,0,1,225792,3,1359650617
9125,218021169,532296,218553465,9,0,0,80896,15,7475641678
9126,218042340,362020,218404360,3,0,0,30208,3,7612681053
9127,218045070,268159,218313229,9,0,1,18432,15,5645922836
9128,218053611,532505,218586116,4,0,0,4608,13,1996558784
9129,218070980,513717,218584697,0,0,0,30720,14,2918132957
9130,218081999,231253,218313252,6,0,1,2560,12,2335428168
9131,218084500,228767,218313267,9,0,1,7168,15,3189816219
9132,218095660,217622,218313282,1,0,1,9728,9,4802991916
9133,218112910,386577,218499487,3,0,0,98304,3,7491132018
9134,218130929,182368,218313297,6,0,1,2560,12,2172262769
9135,218160450,283642,218444092,6,0,0,512,12,6858992467
9136,218170220,143100,218313320,4,0,1,33792,13,460703684
9137,218182141,196926,218379067,4,0,0,7168,13,7187056163
9138,218190720,122623,218313343,9,0,1,24064,15,2607015305
9139,218200430,112928,218313358,1,0,1,11776,9,2261377434
9140,218212871,191816,218404687,4,0,0,1024,13,4871529321
9141,218218210,186960,218405170,6,0,0,1536,12,2753650548
9142,218225290,88091,218313381,1,0,1,3072,9,9797087046
9143,218226080,87908,218313988,1,0,1,512,9,9777372465
9144,218231830,87550,218319380,1,0,1,6144,9,348458789
9145,218232050,87996,218320046,5,0,1,1024,18,4414699819
9146,218250540,534213,218784753,0,0,0,76800,14,2610772890
9147,218251220,73972,218325192,9,0,1,8192,15,1246798704
9148,218258360,69098,218327458,5,0,1,3584,18,7883414299
9149,218288840,39284,218328124,8,0,1,11264,7,1509616828
9150,218295670,33837,218329507,4,0,1,14848,13,6561880920
9151,218344680,566,218345246,8,0,1,512,7,434181885
9152,218359620,13512,218373132,1,0,1,26112,9,8256663444
9153,218366930,7482,218374412,4,0,1,14336,13,3168015223
9154,218391570,2870,218394440,1,0,1,8704,9,4437356415
9155,218409780,303357,218713137,6,0,0,3072,12,4990958539
9156,218430140,166968,218597108,3,0,1,247808,3,1063949870
9157,218478500,122474,218600974,1,0,1,6144,9,4111248593
9158,218557380,278287,218835667,3,0,0,51200,3,8597345555
9159,218561809,39831,218601640,6,0,1,11264,12,8787196175
9160,218596829,12308,218609137,6,0,1,20480,12,1148474539
9161,218624130,338623,218962753,0,0,0,26112,14,404184141
9162,218666460,1518,218667978,9,0,1,1536,15,9767206320
9163,218703670,298353,219002023,6,0,0,7680,12,4689448799
9164,218721250,2946,218724196,4,0,1,3072,13,5481059236
9165,218734989,438672,219173661,9,0,0,82432,15,395408840
9166,218745900,5971,218751871,1,0,1,14848,9,3174693699
9167,218771350,343372,219114722,3,0,0,87552,3,6357152431
9168,218839370,63620,218902990,3,0,1,107008,3,5330785937
9169,218907960,328154,219236114,3,0,0,163328,3,3234323907
9170,218918680,3898,218922578,4,0,1,4096,13,323183111
9171,218928430,2946,218931376,1,0,1,3072,9,9746960480
9172,218934539,378436,219312975,9,0,0,91136,15,2120246644
9173,218969710,3422,218973132,4,0,1,3584,13,7361050952
9174,218993549,244460,219238009,9,0,0,6144,15,7251027688
9175,219008500,2870,219011370,8,0,1,8704,7,4498049539
9176,219040980,566,219041546,4,0,1,512,13,1762286965
9177,219148960,27838,219176798,9,0,1,9216,15,7166297099
9178,219160090,196876,219356966,3,0,0,6656,3,7895153975
9179,219180460,5454,219185914,4,0,1,13824,13,5937224517
9180,219197160,53916,219251076,9,0,1,22016,15,9440742592
9181,219232250,21732,219253982,9,0,1,4608,15,6160084663
9182,219250350,287510,219537860,3,0,0,131584,3,8536878909
9183,219287151,177958,219465109,4,0,0,1024,13,1669731212
9184,219323180,141602,219464782,3,0,0,19968,3,6647030119
9185,219372781,165874,219538655,4,0,0,2560,13,9324232499
9186,219396930,12566,219409496,8,0,1,20992,7,715133794
9187,219420200,13512,219433712,4,0,1,26112,13,5520799184
9188,219454790,10334,219465124,1,0,1,8192,9,1129910167
9189,219492690,3422,219496112,1,0,1,3584,9,1632981168
9190,219493251,62839,219556090,4,0,0,512,13,4167752829
9191,219514910,28174,219543084,9,0,1,11776,15,7744820779
9192,219518169,168026,219686195,9,0,0,88576,15,6937956677
9193,219580880,2946,219583826,9,0,1,3072,15,570361683
9194,219604210,10757,219614967,8,0,1,17408,7,10411240807
9195,219611660,4293,219615953,9,0,1,1536,15,3623686679
9196,219628800,3898,219632698,4,0,1,4096,13,4507567780
9197,219637820,3898,219641718,1,0,1,4096,9,7071137220
9198,219641430,54270,219695700,3,0,1,92160,3,1080588540
9199,219649780,47546,219697326,1,0,1,2560,9,6139034790
9200,219695730,137906,219833636,3,0,0,15872,3,1687119074
9201,219726500,3898,219730398,4,0,1,4096,13,8175799689
9202,219740370,444185,220184555,3,0,0,82944,3,2597400879
9203,219748130,5971,219754101,4,0,1,14848,13,7393919726
9204,219792670,22862,219815532,4,0,1,40960,13,8294026414
9205,219807249,230590,220037839,9,0,0,108544,15,3761834297
9206,219810919,421440,220232359,9,0,0,156672,15,4428599627
9207,219838510,566,219839076,4,0,1,512,13,9942200618
9208,219929050,228004,220157054,3,0,0,134144,3,2564489011
9209,219933021,226247,220159268,4,0,0,2048,13,8781356088
9210,219961469,197160,220158629,9,0,0,5120,15,3227544787
9211,219962400,3645,219966045,4,0,1,10240,13,8680541732
9212,219965730,6278,219972008,9,0,1,6656,15,392282125
9213,220008480,176098,220184578,3,0,1,188928,3,186270155
9214,220012689,261227,220273916,9,0,0,22016,15,6624398914
9215,220033650,150943,220184593,3,0,1,62976,3,3463388343
9216,220055010,229022,220284032,3,0,0,2560,3,3767299306
9217,220064280,120328,220184608,9,0,1,9728,15,464505503
9218,220146760,172295,220319055,3,0,1,145408,3,1064427627
9219,220180131,144109,220324240,4,0,1,16384,13,10600086785
9220,220254041,81703,220335744,4,0,0,3584,13,8274586557
9221,220319980,130314,220450294,0,0,0,10240,14,3852272373
9222,220337039,10499,220347538,6,0,1,16896,12,4043752904
9223,220337100,11718,220348818,8,0,1,14336,7,3584260918
9224,220339250,111067,220450317,3,0,1,168448,3,6194197384
9225,220350489,315051,220665540,9,0,0,64000,15,4282473170
9226,220366511,89600,220456111,4,0,1,19456,13,2732152918
9227,220395890,70539,220466429,3,0,1,40960,3,1199163373
9228,220407050,63245,220470295,8,0,1,6144,7,6829787570
9229,220448000,28094,220476094,8,0,1,27648,7,2206243227
9230,220520140,195245,220715385,3,0,1,320000,3,2211679548
9231,220524041,195850,220719891,4,0,1,7168,13,6351078971
9232,220547109,176968,220724077,6,0,1,6656,12,3049895681
9233,220553290,172733,220726023,1,0,1,3072,9,9819415216
9234,220558720,198255,220756975,3,0,1,98816,3,8419844203
9235,220585480,173121,220758601,3,0,1,2560,3,8584383479
9236,220594810,166697,220761507,4,0,1,4608,13,3300386151
9237,220601760,163293,220765053,8,0,1,5632,7,2725124890
9238,220607280,161959,220769239,8,0,1,6656,7,647668905
9239,220619700,408733,221028433,3,0,0,246784,3,10705247033
9240,220635679,139154,220774833,6,0,1,18432,12,9947437662
9241,220738620,52073,220790693,3,0,1,59392,3,6484035178
9242,220760220,171794,220932014,0,0,0,32768,14,7492476723
9243,220772649,20630,220793279,6,0,1,4096,12,452394014
9244,220776810,437992,221214802,3,0,0,161792,3,10318813073
9245,220811420,217028,221028448,3,0,1,262144,3,6097524971
9246,220847960,438241,221286201,0,0,0,7168,14,8902016263
9247,220916540,217296,221133836,3,0,0,5632,3,2216671595
9248,220933810,319199,221253009,0,0,0,40448,14,1232966339
9249,220941951,112692,221054643,4,0,0,512,13,8733857729
9250,220947251,169415,221116666,4,0,0,1024,13,7156781222
9251,220952430,439665,221392095,0,0,0,74240,14,5860199601
9252,220990890,51387,221042277,3,0,1,26624,3,10227074391
9253,221016990,25748,221042738,3,0,1,10240,3,4272433606
9254,221018720,34789,221053509,4,0,1,26624,13,7958796745
9255,221025460,452711,221478171,3,0,0,157184,3,9679925241
9256,221059440,6488,221065928,9,0,1,15872,15,383344467
9257,221063001,3913,221066914,4,0,1,1536,13,2905315874
9258,221102431,7230,221109661,4,0,1,7680,13,1713611910
9259,221155589,59228,221214817,6,0,1,31744,12,4337201688
9260,221182410,54124,221236534,4,0,1,35328,13,8692094828
9261,221186399,330802,221517201,9,0,0,22016,15,5599436057
9262,221201800,35195,221236995,8,0,1,10240,7,2377450438
9263,221204490,32761,221237251,9,0,1,9216,15,4977944759
9264,221229010,609293,221838303,3,0,0,101888,3,4066784618
9265,221244811,256202,221501013,4,0,0,2560,13,6100944740
9266,221252030,307283,221559313,0,0,0,69120,14,10505698181
9267,221256941,151456,221408397,4,0,0,5632,13,2675011103
9268,221268130,13083,221281213,8,0,1,22016,7,7096890443
9269,221281700,10757,221292457,8,0,1,17408,7,731985114
9270,221321269,268999,221590268,9,0,0,94208,15,7867000990
9271,221363719,28391,221392110,6,0,1,16896,12,9520572873
9272,221383979,9182,221393161,6,0,1,1024,12,5611226858
9273,221389710,414227,221803937,3,0,0,165888,3,8704316705
9274,221437970,45972,221483942,8,0,1,14336,7,5022473557
9275,221455370,351866,221807236,0,0,0,10752,14,5275588860
9276,221456701,28547,221485248,4,0,1,2048,13,8137670296
9277,221465270,30777,221496047,4,0,1,21504,13,6909810599
9278,221481670,497683,221979353,0,0,0,119296,14,7045869087
9279,221526040,566,221526606,3,0,1,512,3,1058425321
9280,221543580,48116,221591696,8,0,1,52736,7,6229933950
9281,221546280,50562,221596842,9,0,1,8192,15,6737865524
9282,221550839,49869,221600708,6,0,1,6144,12,666414143
9283,221552380,49314,221601694,9,0,1,1536,15,4426990513
9284,221558641,44359,221603000,4,0,1,2048,13,3571813904
9285,221570820,43077,221613897,4,0,1,42496,13,1476159101
9286,221620591,274105,221894696,4,0,0,3584,13,526762010
9287,221622660,6278,221628938,8,0,1,6656,7,6945207719
9288,221647410,4162,221651572,4,0,1,11264,13,3551401417
9289,221648780,8865,221657645,8,0,1,7168,7,2735242804
9290,221651680,7681,221659361,9,0,1,15360,15,2911073791
9291,221683799,345345,222029144,9,0,0,84992,15,3164870180
9292,221684279,364068,222048347,9,0,0,62976,15,5996368238
9293,221707120,3422,221710542,9,0,1,3584,15,5048238274
9294,221741840,6754,221748594,8,0,1,7168,7,2331643057
9295,221757121,434883,222192004,4,0,0,8192,13,8009481428
9296,221785720,57738,221843458,9,0,1,13312,15,8748479742
9297,221853050,3645,221856695,4,0,1,10240,13,9346200888
9298,221880750,264947,222145697,0,0,0,37888,14,121818709
9299,221888400,1994,221890394,5,0,1,2048,18,765168330
9300,221891530,1042,221892572,8,0,1,1024,7,1023288638
9301,221895680,7230,221902910,4,0,1,7680,13,4078065961
9302,221918720,64899,221983619,0,0,0,6144,14,3959456396
9303,221923129,395745,222318874,9,0,0,196608,15,3219021193
9304,222025930,26588,222052518,4,0,1,11264,13,2902452460
9305,222028060,328293,222356353,3,0,0,122880,3,5104899964
9306,222064980,180180,222245160,3,0,0,14848,3,1005483871
9307,222070470,14804,222085274,9,0,1,28672,15,3480107800
9308,222073560,12060,222085620,8,0,1,512,7,8856195947
9309,222111900,6488,222118388,9,0,1,15872,15,10520761529
9310,222164960,4420,222169380,9,0,1,11776,15,1686748477
9311,222166310,5415,222171725,9,0,1,9216,15,2322988022
9312,222195370,269872,222465242,0,0,0,109056,14,4121883967
9313,222284950,326069,222611019,3,0,0,19456,3,31407306
9314,222284951,188121,222473072,4,0,0,1536,13,1850331607
9315,222295399,177190,222472589,9,0,0,24064,15,2133042751
9316,222308320,52445,222360765,3,0,1,11776,3,9132895004
9317,222357710,7122,222364832,4,0,1,5120,13,9429862318
9318,222362279,282607,222644886,9,0,0,111104,15,712180541
9319,222380229,3904,222384133,6,0,1,10752,12,6833675665
9320,222386420,406802,222793222,0,0,0,40448,14,818751707
9321,222415349,448553,222863902,9,0,0,111104,15,6752490568
9322,222469940,525512,222995452,3,0,0,314880,3,4292756113
9323,222485839,16096,222501935,6,0,1,31232,12,10190004401
9324,222545559,320386,222865945,9,0,0,6656,15,5667089906
9325,222571261,7706,222578967,4,0,1,8192,13,489774824
9326,222623359,24647,222648006,6,0,1,9216,12,3055545004
9327,222655780,12308,222668088,3,0,1,20480,3,1540054412
9328,222761091,132747,222893838,4,0,0,5632,13,9707242618
9329,222775840,102440,222878280,3,0,0,36352,3,2416129361
9330,222793510,1042,222794552,5,0,1,1024,18,3253467608
9331,222813370,6278,222819648,5,0,1,6656,18,972871740
9332,222897329,190592,223087921,9,0,0,164352,15,4876329924
9333,222952089,50126,223002215,6,0,1,7168,12,7988240626
9334,222991650,27136,223018786,5,0,1,34304,18,10024017210
9335,223039490,61106,223100596,5,0,1,20992,18,81906150
9336,223043360,57582,223100942,4,0,1,512,13,8805971489
9337,223047960,56208,223104168,3,0,1,5120,3,5910760767
9338,223058481,76795,223135276,4,0,0,1536,13,5980682202
9339,223059979,244427,223304406,9,0,0,84480,15,8845490206
9340,223074691,30143,223104834,4,0,1,11264,13,379055846
9341,223118590,12566,223131156,5,0,1,20992,18,8912124056
9342,223120190,15472,223135662,5,0,1,7168,18,9424071197
9343,223124499,12149,223136648,6,0,1,1536,12,2488448812
9344,223126810,11464,223138274,7,0,1,2560,16,970484923
9345,223135850,3387,223139237,5,0,1,9728,18,4269395675
9346,223178579,224137,223402716,9,0,0,78336,15,8767253536
9347,223199130,352490,223551620,0,0,0,47104,14,9663164391
9348,223205999,126817,223332816,9,0,0,10240,15,9295706431
9349,223233571,105136,223338707,4,0,0,512,13,890128056
9350,223245930,566,223246496,7,0,1,512,16,9175571088
9351,223281161,276071,223557232,4,0,0,5120,13,2924431663
9352,223290190,188384,223478574,0,0,0,99328,14,2986410505
9353,223294641,234279,223528920,4,0,0,4096,13,411227588
9354,223301291,178562,223479853,4,0,0,4096,13,6000303289
9355,223311079,1042,223312121,6,0,1,1024,12,2455995864
9356,223317660,5196,223322856,3,0,1,13312,3,3785057399
9357,223327359,6488,223333847,6,0,1,15872,12,8811349980
9358,223330700,4978,223335678,3,0,1,8704,3,2745092567
9359,223334171,7148,223341319,4,0,1,6144,13,3984223441
9360,223341420,3898,223345318,7,0,1,4096,16,10202675760
9361,223354830,226228,223581058,0,0,0,1536,14,6165133096
9362,223355600,2946,223358546,5,0,1,3072,18,9309077066
9363,223356740,10499,223367239,9,0,1,16896,15,6175328709
9364,223362410,9655,223372065,3,0,1,7680,3,2405129152
9365,223369471,7740,223377211,4,0,1,8192,13,8303128902
9366,223385700,19971,223405671,7,0,1,3072,16,992552538
9367,223393919,13698,223407617,6,0,1,3072,12,209901617
9368,223409750,16613,223426363,3,0,1,32256,3,5376411755
9369,223417220,9809,223427029,3,0,1,11264,3,10210724727
9370,223427560,4850,223432410,3,0,1,5120,3,5058548058
9371,223428631,98142,223526773,4,0,0,3072,13,6908035604
9372,223431720,5802,223437522,7,0,1,6144,16,452225158
9373,223468159,185217,223653376,9,0,0,20992,15,9499208734
9374,223471920,12829,223484749,9,0,1,12800,15,2779285016
9375,223497720,6278,223503998,5,0,1,6656,18,9682125496
9376,223525830,8641,223534471,9,0,1,8192,15,5287922254
9377,223561310,182673,223743983,0,0,0,5120,14,7154827627
9378,223596020,11533,223607553,5,0,1,18944,18,656594954
9379,223622601,4374,223626975,4,0,1,4608,13,9755067794
9380,223636580,3904,223640484,3,0,1,10752,3,6000786764
9381,223638060,113735,223751795,6,0,0,512,12,6010784176
9382,223658739,250413,223909152,9,0,0,123392,15,7984758644
9383,223666140,6754,223672894,3,0,1,7168,3,5785382248
9384,223690100,2470,223692570,3,0,1,2560,3,8857346957
9385,223711380,5712,223717092,3,0,1,14336,3,8366504235
9386,223729470,130724,223860194,3,0,0,4608,3,1925872766
9387,223737460,2470,223739930,7,0,1,2560,16,3417816922
9388,223748780,3645,223752425,3,0,1,10240,3,1858075280
9389,223750400,5453,223755853,7,0,1,10752,16,5729960364
9390,223760960,5454,223766414,5,0,1,13824,18,9316198218
9391,223765680,1720,223767400,9,0,1,1536,15,8166803122
9392,223771430,14545,223785975,9,0,1,28160,15,5532228855
9393,223794010,566,223794576,3,0,1,512,3,9801737072
9394,223806080,218427,224024507,3,0,0,5120,3,4308652767
9395,223806790,13083,223819873,9,0,1,22016,15,7333867444
9396,223838830,1994,223840824,3,0,1,2048,3,10641681790
9397,223881999,31536,223913535,6,0,1,4608,12,3217501668
9398,223892490,24271,223916761,9,0,1,5120,15,4274398504
9399,223909360,175576,224084936,3,0,0,83968,3,9219876775
9400,223910169,7578,223917747,6,0,1,1536,12,8620114353
9401,223924310,13341,223937651,5,0,1,22528,18,6300968734
9402,223935060,4420,223939480,3,0,1,11776,3,8117879153
9403,223944669,226840,224171509,9,0,0,34304,15,5985126410
9404,223945170,1994,223947164,5,0,1,2048,18,8059743148
9405,224019721,116916,224136637,4,0,0,512,13,1900061762
9406,224031080,566,224031646,5,0,1,512,18,5550432153
9407,224092990,10241,224103231,9,0,1,16384,15,4882012643
9408,224141811,48980,224190791,4,0,0,2048,13,8279553234
9409,224147561,3387,224150948,4,0,1,9728,13,7923238907
9410,224154171,2870,224157041,4,0,1,8704,13,4784061991
9411,224201209,192776,224393985,9,0,0,171520,15,5923950725
9412,224252080,315702,224567782,0,0,0,46080,14,9838676815
9413,224271880,3128,224275008,7,0,1,9216,16,9919474323
9414,224302200,5802,224308002,3,0,1,6144,3,776692598
9415,224304400,4166,224308566,7,0,1,10752,16,7227013203
9416,224305749,88875,224394624,9,0,0,2048,15,2338484536
9417,224392100,4034,224396134,7,0,1,1536,16,3743815735
9418,224441259,7706,224448965,6,0,1,8192,12,8122102621
9419,224447370,13083,224460453,1,0,1,22016,9,4192445295
9420,224462350,361938,224824288,0,0,0,210944,14,10630775303
9421,224482150,1042,224483192,5,0,1,1024,18,8148595478
9422,224492709,408664,224901373,9,0,0,77824,15,214942196
9423,224500220,206773,224706993,3,0,0,11264,3,1275294962
9424,224503540,34367,224537907,7,0,1,56832,16,108557113
9425,224528040,13093,224541133,7,0,1,5120,16,4762554237
9426,224538601,207953,224746554,4,0,0,512,13,1273127998
9427,224539510,153971,224693481,3,0,0,46080,3,10082158355
9428,224565450,182640,224748090,6,0,0,512,12,1091120427
9429,224600929,637182,225238111,9,0,0,19968,15,10196360980
9430,224606270,641053,225247323,0,0,0,25088,14,8080420187
9431,224616640,3422,224620062,5,0,1,3584,18,7579780960
9432,224622440,11274,224633714,3,0,1,18432,3,7857016561
9433,224629440,377968,225007408,3,0,0,103936,3,6969209763
9434,224635090,570215,225205305,3,0,0,276480,3,10114727518
9435,224671320,4937,224676257,5,0,1,12800,18,3415299697
9436,224673219,391613,225064832,9,0,0,39936,15,10544640253
9437,224705231,211142,224916373,4,0,0,1024,13,10585357637
9438,224715090,724359,225439449,3,0,0,44544,3,3530899059
9439,224740239,11533,224751772,6,0,1,18944,12,3734272149
9440,224745679,11380,224757059,6,0,1,16896,12,3009302437
9441,224776090,455906,225231996,0,0,0,87552,14,2255347714
9442,224779110,51966,224831076,8,0,1,7168,7,9364757291
9443,224822980,12602,224835582,8,0,1,7168,7,9329603919
9444,224876520,384360,225260880,6,0,0,2048,12,4719095681
9445,224885500,22636,224908136,9,0,1,7168,15,2154328220
9446,224888580,21822,224910402,7,0,1,3584,16,1084354728
9447,224915220,432698,225347918,3,0,0,206848,3,4745076665
9448,224944260,13253,224957513,9,0,1,25600,15,10027865618
9449,224959080,1518,224960598,9,0,1,1536,15,2884385826
9450,224964590,2470,224967060,8,0,1,2560,7,5941422044
9451,224968890,1042,224969932,7,0,1,1024,16,2234523742
9452,224981060,546832,225527892,3,0,0,145920,3,4962253039
9453,224989520,264748,225254268,6,0,0,512,12,9121935500
9454,225009309,568548,225577857,9,0,0,163840,15,8827044309
9455,225045960,18895,225064855,5,0,1,21504,18,3338095524
9456,225057090,697808,225754898,6,0,0,512,12,5268294960
9457,225060430,655973,225716403,3,0,0,275456,3,144509992
9458,225081700,14029,225095729,7,0,1,27136,16,10466067680
9459,225088889,634721,225723610,9,0,0,23552,15,1904829720
9460,225096560,5454,225102014,3,0,1,13824,3,2361955116
9461,225100960,2680,225103640,9,0,1,2560,15,3898080872
9462,225107649,335049,225442698,1,0,0,1024,9,2013296543
9463,225138550,108788,225247338,8,0,1,4608,7,3016299257
9464,225145790,1212638,226358428,3,0,0,732160,3,3993255550
9465,225190930,60693,225251623,3,0,1,19968,3,5039741895
9466,225205860,391342,225597202,0,0,0,18944,14,8056429524
9467,225208580,47229,225255809,7,0,1,6656,16,9904530980
9468,225215809,1256178,226471987,9,0,0,159232,15,6924690326
9469,225239260,560862,225800122,0,0,0,7168,14,9369949942
9470,225242690,656385,225899075,6,0,0,6656,12,3303031336
9471,225279190,353270,225632460,0,0,0,73216,14,10175498063
9472,225329200,1051403,226380603,3,0,0,72704,3,9997854276
9473,225343480,1053254,226396734,0,0,0,52736,14,10266899580
9474,225357090,651378,226008468,0,0,0,59392,14,1086643266
9475,225399131,351025,225750156,4,0,0,1024,13,5020398092
9476,225421670,17802,225439472,8,0,1,16384,7,6762821213
9477,225422371,365439,225787810,4,0,0,2048,13,5236131553
9478,225449760,4162,225453922,3,0,1,11264,3,1062679812
9479,225454449,533175,225987624,1,0,0,1536,9,2834819516
9480,225472080,55827,225527907,8,0,1,21504,7,10511577473
9481,225476140,51782,225527922,7,0,1,7168,16,3183730655
9482,225493540,1154972,226648512,0,0,0,97280,14,2808016968
9483,225521360,69406,225590766,8,0,1,21504,7,843677723
9484,225523810,890731,226414541,0,0,0,58368,14,4758316661
9485,225565230,1015721,226580951,0,0,0,236544,14,4088517687
9486,225568520,854928,226423448,0,0,0,29184,14,9162133581
9487,225614940,114158,225729098,8,0,1,13824,7,10556153365
9488,225633130,406560,226039690,6,0,0,512,12,6455893064
9489,225678150,54410,225732560,7,0,1,12288,16,4301501263
9490,225692690,40856,225733546,8,0,1,1536,7,10128197026
9491,225708940,26232,225735172,9,0,1,2560,15,8446217750
9492,225717670,17848,225735518,7,0,1,512,16,7818144695
9493,225798680,850027,226648707,6,0,0,512,12,2680409231
9494,225805500,785458,226590958,0,0,0,32768,14,9655652639
9495,225822229,686635,226508864,9,0,0,87040,15,5414267943
9496,225862400,4420,225866820,7,0,1,11776,16,5948285002
9497,225869350,6754,225876104,8,0,1,7168,7,3303483626
9498,225893690,725167,226618857,3,0,0,77312,3,7993875601
9499,225894400,697859,226592259,6,0,0,512,12,1394597606
9500,225921521,670388,226591909,4,0,0,3072,13,5524373446
9501,225929160,553169,226482329,6,0,0,1536,12,1692822048
9502,225976990,5712,225982702,7,0,1,14336,16,6563068115
9503,226011120,584158,226595278,3,0,0,9728,3,7567122461
9504,226067960,12308,226080268,7,0,1,20480,16,3805556805
9505,226082650,4374,226087024,7,0,1,4608,16,8322125337
9506,226114921,477167,226592088,4,0,0,512,13,8809969031
9507,226115990,365840,226481830,0,0,0,32256,14,7023973597
9508,226137089,525993,226663082,9,0,0,47104,15,8782214834
9509,226165370,519301,226684671,9,0,1,14848,15,9640234390
9510,226170660,514034,226684694,8,0,1,13312,7,2712971107
9511,226174689,509959,226684648,9,0,0,68608,15,6890872086
9512,226179801,483928,226663729,4,0,0,2048,13,7463839947
9513,226182419,540934,226723353,9,0,0,85504,15,5834255859
9514,226185250,499467,226684717,9,0,1,2560,15,10587434962
9515,226197580,685465,226883045,3,0,0,280064,3,1961662886
9516,226244780,514759,226759539,0,0,0,31744,14,7178282417
9517,226276419,706472,226982891,9,0,0,36864,15,8993146451
9518,226300569,764549,227065118,9,0,0,269824,15,259300597
9519,226333150,638478,226971628,0,0,0,97792,14,5499313861
9520,226348420,347461,226695881,3,0,1,18432,3,28580468
9521,226378989,511441,226890430,9,0,0,22016,15,5928415546
9522,226398930,324438,226723368,7,0,1,15872,16,4845251227
9523,226416100,668149,227084249,0,0,0,17408,14,3402672859
9524,226478421,405286,226883707,4,0,0,1536,13,6314000034
9525,226492181,597885,227090066,4,0,0,1024,13,2907279955
9526,226494931,398061,226892992,4,0,0,1024,13,1900056391
9527,226541670,181713,226723383,9,0,1,14848,15,1366306929
9528,226545420,337804,226883224,6,0,0,512,12,8352430149
9529,226602069,474631,227076700,9,0,0,35328,15,4778033845
9530,226614270,464169,227078439,0,0,0,5632,14,1545553344
9531,226637191,441731,227078922,4,0,0,1536,13,9992177532
9532,226794691,271222,227065913,4,0,0,2560,13,6407625070
9533,226816670,273069,227089739,3,0,0,16896,3,690597736
9534,226863240,267225,227130465,0,0,0,67584,14,9916578560
9535,226873440,211136,227084576,6,0,0,1024,12,9877698984
9536,226918500,12825,226931325,7,0,1,21504,16,5775713400
9537,226927210,178223,227105433,0,0,0,39424,14,10456645854
9538,226938321,170277,227108598,4,0,0,512,13,4524669929
9539,226944050,255490,227199540,3,0,0,9216,3,714724978
9540,226955440,152987,227108427,3,0,0,9728,3,2375437774
9541,226976321,154947,227131268,4,0,0,2560,13,8496847176
9542,226997670,107778,227105448,3,0,1,12800,3,9055372708
9543,227017830,172104,227189934,0,0,0,64512,14,10268831081
9544,227112910,154305,227267215,3,0,0,17920,3,2725490793
9545,227125930,69734,227195664,6,0,0,1536,12,174204117
9546,227213950,209505,227423455,3,0,0,140288,3,3947189221
9547,227242120,1518,227243638,8,0,1,1536,7,3593019827
9548,227322680,205832,227528512,3,0,0,80896,3,7630129678
9549,227351990,71652,227423642,6,0,0,512,12,2658452937
9550,227361470,78860,227440330,0,0,0,19456,14,7416048395
9551,227385910,58057,227443967,3,0,1,32768,3,5847998937
9552,227392980,136015,227528995,3,0,0,1536,3,10512142136
9553,227479660,49982,227529642,6,0,0,2048,12,1647818304
9554,227515561,62406,227577967,4,0,0,2048,13,7910047837
9555,227535030,12995,227548025,3,0,1,25088,3,1664280263
9556,227563610,114296,227677906,3,0,0,75264,3,3614925357
9557,227582149,283179,227865328,9,0,0,139776,15,3876134376
9558,227583150,364740,227947890,3,0,0,71680,3,4635924409
9559,227592249,333778,227926027,9,0,0,199168,15,2658692156
9560,227594540,126723,227721263,6,0,0,512,12,891126986
9561,227658451,342393,228000844,4,0,0,2560,13,2685758848
9562,227672820,480790,228153610,0,0,0,31744,14,2994652477
9563,227702099,438593,228140692,9,0,0,280064,15,7542942677
9564,227714260,457305,228171565,0,0,0,58880,14,1589064130
9565,227723749,248524,227972273,9,0,0,79872,15,9526412275
9566,227847340,431532,228278872,0,0,0,55808,14,1499739158
9567,227868420,107259,227975679,3,0,1,3584,3,7069510535
9568,227893820,559994,228453814,0,0,0,162816,14,264700912
9569,227898451,78214,227976665,4,0,1,1536,13,2766888651
9570,227901600,75731,227977331,1,0,1,1024,9,4147777582
9571,227945870,32767,227978637,1,0,1,2048,9,8513714706
9572,227957951,224639,228182590,4,0,0,3072,13,7768774264
9573,227988379,268729,228257108,9,0,0,112128,15,398607528
9574,227995140,1518,227996658,7,0,1,1536,16,7206629420
9575,228007740,13858,228021598,1,0,1,23552,9,3210233485
9576,228011440,245995,228257435,6,0,0,1024,12,8208897520
9577,228023949,324281,228348230,9,0,0,47104,15,6556132357
9578,228075631,230427,228306058,4,0,0,512,13,10732777249
9579,228098150,232554,228330704,6,0,0,3584,12,10140232179
9580,228129450,266504,228395954,0,0,0,37376,14,6288921083
9581,228156530,101544,228258074,6,0,0,2048,12,6670945997
9582,228173841,355174,228529015,4,0,0,3072,13,9554646807
9583,228178890,279954,228458844,0,0,0,16384,14,8838863076
9584,228271790,19811,228291601,1,0,1,24576,9,7770912533
9585,228318069,251360,228569429,9,0,0,27648,15,1263201490
9586,228325921,4850,228330771,4,0,1,5120,13,7168379577
9587,228349000,3387,228352387,1,0,1,9728,9,10587650133
9588,228380339,388009,228768348,9,0,0,53760,15,5983261159
9589,228383660,368285,228751945,3,0,0,269824,3,5849855789
9590,228386900,16769,228403669,7,0,1,8192,16,10588938850
9591,228392950,60879,228453829,1,0,1,27648,9,7861219562
9592,228423470,345681,228769151,6,0,0,2560,12,6998801172
9593,228430270,190392,228620662,3,0,0,10240,3,6031248583
9594,228484341,4850,228489191,4,0,1,5120,13,8971311264
9595,228487311,10499,228497810,0,0,1,16896,14,1649710482
9596,228513021,12049,228525070,0,0,1,19968,14,6853959294
9597,228550461,3387,228553848,0,0,1,9728,14,10063403305
9598,228580521,4679,228585200,0,0,1,12288,14,5437924640
9599,228593240,301348,228894588,0,0,0,201728,14,5684859725
9600,228599041,297442,228896483,4,0,0,6144,13,9371286070
9601,228611331,4162,228615493,0,0,1,11264,14,391195904
9602,228632051,152233,228784284,4,0,0,1024,13,342915077
9603,228656400,3128,228659528,1,0,1,9216,9,7657853060
9604,228679581,218337,228897918,4,0,0,4608,13,1040943971
9605,228706000,306370,229012370,0,0,0,57344,14,4161078535
9606,228751160,20971,228772131,1,0,1,3072,9,8517212813
9607,228752530,79644,228832174,3,0,0,1024,3,4787190928
9608,228761880,13157,228775037,1,0,1,4608,9,1943651021
9609,228780670,199838,228980508,3,0,0,68096,3,7717132527
9610,228783520,10757,228794277,1,0,1,17408,9,2918450390
9611,228826919,167956,228994875,9,0,0,47104,15,333514825
9612,228848291,53509,228901800,0,0,1,4096,14,1548203041
9613,228852700,229986,229082686,0,0,0,51712,14,7164894587
9614,228859890,152651,229012541,0,0,0,512,14,2546493333
9615,228887220,132250,229019470,6,0,0,512,12,3928567850
9616,228957400,1518,228958918,3,0,1,1536,3,8749572843
9617,228989500,258288,229247788,3,0,0,204288,3,8414790242
9618,229034231,4679,229038910,0,0,1,12288,14,6274535062
9619,229077501,10027,229087528,0,0,1,5120,14,3022796938
9620,229113380,135694,229249074,6,0,0,4096,12,6417652524
9621,229125930,47288,229173218,0,0,0,1536,14,33710364
9622,229138170,287788,229425958,3,0,0,49664,3,1086300123
9623,229166171,81632,229247803,0,0,1,36864,14,7046243263
9624,229169560,300744,229470304,3,0,0,138752,3,8801590372
9625,229197250,112717,229309967,0,0,0,512,14,10489059978
9626,229249249,343839,229593088,9,0,0,208896,15,9422101233
9627,229305989,345972,229651961,9,0,0,190976,15,6955346262
9628,229329190,5454,229334644,1,0,1,13824,9,4238254237
9629,229349529,314998,229664527,9,0,0,35840,15,1438026845
9630,229350030,243401,229593431,6,0,0,1024,12,6389713975
9631,229375589,153094,229528683,9,0,0,6144,15,5576833796
9632,229427149,280060,229707209,9,0,0,50688,15,6363788086
9633,229436601,216935,229653536,4,0,0,5120,13,1412144102
9634,229450681,22527,229473208,0,0,1,8704,14,6133869698
9635,229451090,142668,229593758,0,0,0,1024,14,682449359
9636,229480401,6278,229486679,0,0,1,6656,14,6201149362
9637,229503411,2470,229505881,0,0,1,2560,14,1790706037
9638,229505251,3645,229508896,0,0,1,10240,14,6578687665
9639,229515220,265089,229780309,6,0,0,2560,12,1623662712
9640,229536200,128342,229664542,1,0,1,9728,9,8146845120
9641,229546191,122859,229669050,4,0,1,20992,13,1780705802
9642,229589921,125200,229715121,4,0,0,2560,13,9710841142
9643,229594981,149252,229744233,4,0,0,2048,13,7620514490
9644,229597380,173341,229770721,0,0,0,3584,14,8505812993
9645,229609840,133637,229743477,0,0,0,4608,14,7313335249
9646,229620371,49985,229670356,4,0,1,2048,13,2580393831
9647,229699891,10714,229710605,4,0,1,9728,13,1967526715
9648,229703781,12889,229716670,4,0,1,15872,13,10013617458
9649,229708400,105877,229814277,3,0,0,25600,3,7314745042
9650,229723751,147293,229871044,4,0,0,3584,13,3697352284
9651,229740210,218495,229958705,6,0,0,512,12,3745225823
9652,229768439,231663,230000102,9,0,0,132096,15,1707662948
9653,229776751,2470,229779221,4,0,1,2560,13,651833765
9654,229780821,170020,229950841,4,0,0,512,13,5903511470
9655,229816281,4850,229821131,4,0,1,5120,13,155948619
9656,229816350,9287,229825637,7,0,1,7168,16,2571275385
9657,229871000,3940,229874940,7,0,1,10752,16,2682823841
9658,229898060,219701,230117761,3,0,0,19968,3,6597254449
9659,229905151,4374,229909525,0,0,1,4608,14,7683813541
9660,229910131,150228,230060359,4,0,0,4096,13,3390854454
9661,229979520,21633,230001153,1,0,1,1024,9,1771727626
9662,229999650,12564,230012214,9,0,1,19456,15,6564751059
9663,230013850,46836,230060686,0,0,0,1024,14,9420548119
9664,230015380,3128,230018508,9,0,1,9216,15,45241776
9665,230039350,1994,230041344,9,0,1,2048,15,2280568726
9666,230048760,11941,230060701,9,0,1,18432,15,7354966561
9667,230067419,174981,230242400,9,0,0,49664,15,1423391638
9668,230086419,293291,230379710,9,0,0,105984,15,569887564
9669,230134160,331363,230465523,0,0,0,3072,14,3862256862
9670,230136070,10499,230146569,7,0,1,16896,16,4350334550
9671,230152979,288732,230441711,9,0,0,95744,15,5200585251
9672,230160410,1518,230161928,9,0,1,1536,15,972363524
9673,230172300,43904,230216204,6,0,0,512,12,3705355573
9674,230177829,211911,230389740,9,0,0,31744,15,8430885528
9675,230187020,260509,230447529,3,0,0,18944,3,9959162514
9676,230191000,221524,230412524,3,0,0,20992,3,8369073365
9677,230215279,249293,230464572,9,0,0,55808,15,3428100042
9678,230241781,4526,230246307,4,0,1,4096,13,3887724441
9679,230241801,138244,230380045,4,0,0,1024,13,7035082028
9680,230308620,7230,230315850,9,0,1,7680,15,3570413964
9681,230323560,12995,230336555,1,0,1,25088,9,5192402920
9682,230358950,43744,230402694,9,0,1,25088,15,3939245245
9683,230369890,33163,230403053,9,0,1,9728,15,7008518665
9684,230391011,238025,230629036,4,0,0,4608,13,7045351156
9685,230398730,67004,230465734,0,0,0,512,14,7004112177
9686,230402891,38843,230441734,4,0,1,6656,13,6671548382
9687,230408431,70046,230478477,4,0,1,25088,13,8184694567
9688,230415760,63690,230479450,9,0,1,12800,15,1089015798
9689,230421160,222665,230643825,6,0,0,1024,12,9337064064
9690,230421751,81004,230502755,4,0,1,46592,13,1987997326
9691,230435210,71411,230506621,9,0,1,6144,15,7586194663
9692,230445390,62409,230507799,9,0,1,13824,15,3406636086
9693,230461060,47725,230508785,1,0,1,1536,9,5341331498
9694,230463480,226131,230689611,3,0,0,19968,3,4622453101
9695,230473580,38431,230512011,7,0,1,5120,16,3972440176
9696,230496460,181318,230677778,0,0,0,3072,14,7918132809
9697,230563190,4374,230567564,9,0,1,4608,15,8943873011
9698,230600611,44594,230645205,4,0,0,512,13,4276950673
9699,230606500,155069,230761569,3,0,0,28160,3,7812505176
9700,230611370,12566,230623936,1,0,1,20992,9,5746084789
9701,230616500,8422,230624922,7,0,1,1536,16,2504687737
9702,230630980,12860,230643840,1,0,1,21504,9,7728062740
9703,230667961,135117,230803078,4,0,0,1024,13,184013959
9704,230682461,199191,230881652,4,0,0,1024,13,30221173
9705,230697601,43904,230741505,4,0,0,512,13,4482823954
9706,230704301,265027,230969328,4,0,0,512,13,2151767820
9707,230732651,2470,230735121,4,0,1,2560,13,10696636845
9708,230739540,3898,230743438,1,0,1,4096,9,8404795834
9709,230757730,19410,230777140,7,0,1,30208,16,2793970116
9710,230771081,9285,230780366,4,0,1,5120,13,424100462
9711,230801011,10499,230811510,4,0,1,16896,13,8004043963
9712,230820491,1994,230822485,4,0,1,2048,13,6923594310
9713,230821671,1480,230823151,4,0,1,1024,13,10570501895
9714,230839079,412938,231252017,9,0,0,93696,15,5716599995
9715,230910631,76774,230987405,4,0,0,1024,13,6934300114
9716,230949449,526942,231476391,9,0,0,108032,15,3680175161
9717,230965670,473167,231438837,3,0,0,423424,3,9634540858
9718,231004399,438711,231443110,9,0,0,11264,15,9773721825
9719,231005211,4374,231009585,4,0,1,4608,13,6666186681
9720,231057860,482108,231539968,3,0,0,25088,3,671303970
9721,231067879,534833,231602712,9,0,0,131072,15,7604508176
9722,231129090,310573,231439663,0,0,0,2048,14,8620413540
9723,231147160,291864,231439024,0,0,0,512,14,8883479806
9724,231151150,14804,231165954,1,0,1,28672,9,5070614067
9725,231158751,114659,231273410,4,0,0,1536,13,4050230298
9726,231160241,283219,231443460,4,0,0,512,13,2056476707
9727,231169170,3898,231173068,1,0,1,4096,9,1488657864
9728,231191200,252081,231443281,6,0,0,512,12,8552116156
9729,231194000,318302,231512302,3,0,0,117760,3,10646456628
9730,231197490,7230,231204720,7,0,1,7680,16,505972350
9731,231242581,17151,231259732,4,0,1,8192,13,3205787881
9732,231245330,15708,231261038,1,0,1,2048,9,9863695513
9733,231299210,327724,231626934,6,0,0,512,12,3041779100
9734,231306399,225910,231532309,9,0,0,65536,15,1152975213
9735,231312770,464122,231776892,3,0,0,264704,3,6336632410
9736,231324260,216245,231540505,0,0,0,1536,14,6529374665
9737,231406360,371654,231778014,6,0,0,3584,12,6342902397
9738,231440070,99913,231539983,1,0,1,10240,9,4284477489
9739,231442820,97194,231540014,7,0,1,7168,16,9670062357
9740,231482130,58406,231540536,8,0,1,512,7,932743615
9741,231519721,23613,231543334,4,0,1,8704,13,6216152229
9742,231533630,69097,231602727,7,0,1,35328,16,1290837533
9743,231553160,225493,231778653,0,0,0,2048,14,9999992552
9744,231553450,49292,231602742,7,0,1,9216,16,2539188169
9745,231596579,186161,231782740,9,0,0,13312,15,4317340241
9746,231622000,169811,231791811,3,0,0,29696,3,395256617
9747,231660991,6754,231667745,4,0,1,7168,13,1956747529
9748,231690860,86047,231776907,7,0,1,18944,16,9896188776
9749,231724400,69840,231794240,2,0,1,2560,16,5008590842
9750,231725641,74615,231800256,4,0,1,8192,13,809022957
9751,231773891,79665,231853556,4,0,0,512,13,8656270434
9752,231780190,23612,231803802,8,0,1,5632,7,3319718892
9753,231787560,16601,231804161,8,0,1,9728,7,6088994896
9754,231815241,57089,231872330,4,0,0,512,13,1097090501
9755,231852831,3904,231856735,4,0,1,10752,13,8534252686
9756,231870301,7706,231878007,4,0,1,8192,13,7397772749
9757,231874931,6302,231881233,4,0,1,5120,13,8804221886
9758,231879640,2259,231881899,8,0,1,1024,7,5357133493
9759,231896570,3898,231900468,1,0,1,4096,9,5393393711
9760,231906860,3904,231910764,8,0,1,10752,7,5030357528
9761,231957071,52982,232010053,4,0,0,1024,13,8748774274
9762,231977340,12566,231989906,1,0,1,20992,9,5056390841
9763,232051520,566,232052086,2,0,1,512,16,5193679397
9764,232093370,11533,232104903,1,0,1,18944,9,5891526185
9765,232132761,149193,232281954,5,0,0,79360,18,6884002337
9766,232155470,126655,232282125,0,0,0,512,14,953347748
9767,232166090,1042,232167132,2,0,1,1024,16,901487587
9768,232172950,204124,232377074,3,0,0,61440,3,9810180597
9769,232174240,1518,232175758,2,0,1,1536,16,2705221210
9770,232192750,4374,232197124,7,0,1,4608,16,7189448583
9771,232202140,111845,232313985,6,0,0,512,12,2450994621
9772,232205210,15579,232220789,2,0,1,30208,16,5767599023
9773,232218000,12049,232230049,7,0,1,19968,16,5898872534
9774,232264190,75367,232339557,6,0,0,4608,12,8963977598
9775,232293680,5712,232299392,1,0,1,14336,9,365393904
9776,232304730,566,232305296,7,0,1,512,16,5736147964
9777,232321521,56528,232378049,4,0,0,3072,13,7010011831
9778,232341800,1518,232343318,2,0,1,1536,16,6769491412
9779,232343780,44617,232388397,0,0,0,512,14,3450747223
9780,232345780,3422,232349202,9,0,1,3584,15,7026658361
9781,232352810,2470,232355280,7,0,1,2560,16,5324974359
9782,232358049,232060,232590109,9,0,0,137728,15,3035928174
9783,232362310,21152,232383462,2,0,1,13824,16,828705433
9784,232369720,25495,232395215,2,0,1,25088,16,22931110
9785,232372111,230679,232602790,4,0,0,1024,13,7253866717
9786,232393329,209134,232602463,9,0,0,34304,15,2170118747
9787,232395560,196436,232591996,6,0,0,6144,12,1983770301
9788,232440760,4162,232444922,2,0,1,11264,16,4362527331
9789,232520160,101429,232621589,0,0,0,3584,14,7827237650
9790,232525989,168367,232694356,9,0,0,75264,15,589266038
9791,232535450,4850,232540300,9,0,1,5120,15,3903322013
9792,232597001,123422,232720423,4,0,0,2048,13,3516394705
9793,232602530,1319,232603849,9,0,1,1024,15,10494206103
9794,232648061,46630,232694691,4,0,0,1024,13,4554268102
9795,232654220,54056,232708276,6,0,0,3584,12,10047916047
9796,232680120,20759,232700879,9,0,1,15360,15,4870994068
9797,232711621,50672,232762293,4,0,0,2560,13,3019070509
9798,232757480,4828,232762308,7,0,1,12288,16,10434743998
9799,232763060,12737,232775797,7,0,1,24576,16,5348188595
9800,232765929,268352,233034281,9,0,0,145920,15,10000535183
9801,232846721,3128,232849849,0,0,1,9216,14,3690887149
9802,232884641,90132,232974773,4,0,0,1536,13,7792231923
9803,232892100,14029,232906129,7,0,1,27136,16,8636301902
9804,232916970,3128,232920098,2,0,1,9216,16,4145283818
9805,232991871,55931,233047802,0,0,1,26112,14,1329984564
9806,232993610,121751,233115361,6,0,0,512,12,5890569534
9807,233042770,6658,233049428,2,0,1,2560,16,1653006717
9808,233103790,23466,233127256,2,0,1,38912,16,6737001465
9809,233125101,5712,233130813,0,0,1,14336,14,10122476139
9810,233137050,3422,233140472,7,0,1,3584,16,586613110
9811,233145259,90734,233235993,9,0,0,2048,15,3713735405
9812,233160370,4850,233165220,2,0,1,5120,16,7869311408
9813,233199659,194753,233394412,9,0,0,14336,15,7657395547
9814,233216640,43904,233260544,0,0,0,512,14,6429496660
9815,233273211,2470,233275681,0,0,1,2560,14,6644143864
9816,233289990,5326,233295316,7,0,1,5632,16,4486643516
9817,233308470,6754,233315224,7,0,1,7168,16,5903417667
9818,233329560,6754,233336314,3,0,1,7168,3,4558295335
9819,233356581,13770,233370351,0,0,1,26624,14,188435330
9820,233364481,12310,233376791,0,0,1,19968,14,827928694
9821,233378170,1994,233380164,7,0,1,2048,16,7531613586
9822,233402301,45596,233447897,4,0,0,1024,13,7531719665
9823,233435050,70513,233505563,0,0,0,1536,14,6696397509
9824,233563450,153886,233717336,3,0,0,114176,3,3161173160
9825,233647720,3422,233651142,7,0,1,3584,16,8979021123
9826,233730341,3645,233733986,0,0,1,10240,14,6877465365
9827,233763180,6754,233769934,7,0,1,7168,16,6349505963
9828,233763380,315810,234079190,3,0,0,73728,3,4331977846
9829,233804141,23208,233827349,0,0,1,38400,14,901464778
9830,233826841,1994,233828835,0,0,1,2048,14,5444312418
9831,233851410,14804,233866214,7,0,1,28672,16,2225849907
9832,233851959,181747,234033706,9,0,0,50176,15,7473456930
9833,233916150,1042,233917192,7,0,1,1024,16,6265244242
9834,233974531,178306,234152837,4,0,0,2560,13,5784918150
9835,233990861,271356,234262217,4,0,0,4608,13,9751723753
9836,233995061,43904,234038965,4,0,0,512,13,4024514457
9837,233999151,123517,234122668,4,0,0,512,13,5037564722
9838,234006230,229860,234236090,3,0,0,173056,3,8430679482
9839,234023231,17697,234040928,4,0,1,7680,13,116486016
9840,234092321,5196,234097517,0,0,1,13312,14,9687428012
9841,234096710,21399,234118109,7,0,1,34816,16,519612640
9842,234097041,32500,234129541,4,0,1,36352,13,8305442490
9843,234117330,121614,234238944,6,0,0,9216,12,10313063450
9844,234139680,4850,234144530,7,0,1,5120,16,6188606222
9845,234168851,67254,234236105,4,0,1,33792,13,3824916792
9846,234190621,51228,234241849,0,0,1,3072,14,670238285
9847,234211299,32496,234243795,6,0,1,3072,12,2663372215
9848,234258070,55202,234313272,6,0,0,3072,12,5788893555
9849,234264950,51691,234316641,0,0,0,1024,14,4438745166
9850,234270881,566,234271447,0,0,1,512,14,10247046595
9851,234288679,225368,234514047,9,0,0,61440,15,9017006837
9852,234323749,395888,234719637,9,0,0,379392,15,7157319806
9853,234360339,1994,234362333,6,0,1,2048,12,5308306272
9854,234362400,1042,234363442,8,0,1,1024,7,464905728
9855,234364901,225244,234590145,4,0,0,2560,13,1410107040
9856,234374420,6754,234381174,8,0,1,7168,7,6625407246
9857,234391730,391155,234782885,3,0,0,135168,3,10429218208
9858,234401919,4374,234406293,6,0,1,4608,12,8666646356
9859,234404859,10757,234415616,6,0,1,17408,12,404490107
9860,234462849,7230,234470079,6,0,1,7680,12,6322178611
9861,234463159,9506,234472665,6,0,1,4096,12,6196692058
9862,234471500,117331,234588831,3,0,0,24576,3,3216381102
9863,234485680,234908,234720588,3,0,0,3072,3,4072233437
9864,234486770,68899,234555669,6,0,0,2560,12,8444840735
9865,234489971,251700,234741671,4,0,0,512,13,4501363454
9866,234497800,243685,234741485,3,0,0,50688,3,1521365999
9867,234501280,96125,234597405,0,0,0,512,14,8842873165
9868,234530231,190584,234720815,4,0,0,512,13,5634044187
9869,234599721,126158,234725879,4,0,0,1024,13,3375771984
9870,234610581,130919,234741500,0,0,1,15360,14,5944007112
9871,234620040,163865,234783905,6,0,0,3072,12,9130450995
9872,234620161,121525,234741686,4,0,1,9728,13,9115654683
9873,234644311,138589,234782900,0,0,1,20992,14,5847788657
9874,234648191,134740,234782931,0,0,1,36352,14,5547428819
9875,234668010,214150,234882160,3,0,0,91136,3,1538532894
9876,234674589,259263,234933852,9,0,0,7680,15,7894720812
9877,234702930,80016,234782946,9,0,1,512,15,8680651689
9878,234703210,257516,234960726,3,0,0,31744,3,1779504042
9879,234719930,93006,234812936,6,0,0,2048,12,10141447623
9880,234735619,64599,234800218,6,0,1,31744,12,7408360955
9881,234746619,62754,234809373,6,0,1,30720,12,5221683045
9882,234767520,45719,234813239,8,0,1,6144,7,9414561941
9883,234783260,99079,234882339,6,0,0,512,12,1852574479
9884,234816179,276902,235093081,9,0,0,13824,15,4865935620
9885,234847001,4162,234851163,0,0,1,11264,14,3189850239
9886,234859971,125598,234985569,4,0,0,512,13,9520106868
9887,234887610,156628,235044238,3,0,0,34304,3,2617243575
9888,234890550,102174,234992724,0,0,0,3584,14,510126321
9889,234926831,3904,234930735,0,0,1,10752,14,9159042235
9890,234932780,11563,234944343,9,0,1,16896,15,2991140552
9891,234993299,271429,235264728,9,0,0,131072,15,7669576142
9892,235001630,145596,235147226,0,0,0,1536,14,5749350044
9893,235004999,343363,235348362,9,0,0,172544,15,3378138457
9894,235048861,12825,235061686,4,0,1,21504,13,10213324510
9895,235062970,362632,235425602,0,0,0,512,14,5142521445
9896,235083419,3422,235086841,6,0,1,3584,12,9037768000
9897,235099500,295352,235394852,0,0,0,1536,14,2979293848
9898,235117160,470082,235587242,3,0,0,208384,3,6698153842
9899,235123470,32299,235155769,5,0,1,52736,18,204936164
9900,235156350,2470,235158820,8,0,1,2560,7,2785281775
9901,235156430,11248,235167678,9,0,1,16896,15,6353245827
9902,235184829,3645,235188474,6,0,1,10240,12,2934621445
9903,235210841,5454,235216295,4,0,1,13824,13,6317584729
9904,235224960,42347,235267307,8,0,1,2560,7,5500015943
9905,235237490,169986,235407476,0,0,0,7680,14,541096601
9906,235240210,29363,235269573,8,0,1,3584,7,7708228671
9907,235240970,32227,235273197,8,0,1,15872,7,293260034
9908,235252419,349541,235601960,9,0,0,25600,15,5196123343
9909,235255109,339020,235594129,9,0,0,22528,15,3076781017
9910,235323770,36442,235360212,2,0,1,19456,16,7443113007
9911,235326090,515351,235841441,3,0,0,152064,3,5256675965
9912,235341360,19838,235361198,9,0,1,1536,15,5054250909
9913,235343080,19603,235362683,9,0,1,15360,15,3258068347
9914,235376500,140816,235517316,6,0,0,1024,12,4330724945
9915,235424141,3128,235427269,0,0,1,9216,14,480656925
9916,235432591,4374,235436965,4,0,1,4608,13,5928680100
9917,235457380,13341,235470721,8,0,1,22528,7,962123068
9918,235477989,155871,235633860,9,0,0,34304,15,695735912
9919,235486801,3387,235490188,4,0,1,9728,13,175998029
9920,235491450,3898,235495348,8,0,1,4096,7,3965083776
9921,235513390,1518,235514908,8,0,1,1536,7,3067440832
9922,235546260,55731,235601991,8,0,1,5120,7,2325842508
9923,235586430,61701,235648131,5,0,1,79872,18,10495703432
9924,235597570,51227,235648797,9,0,1,11264,15,10141383332
9925,235602229,52367,235654596,6,0,1,27648,12,8333572152
9926,235621449,33813,235655262,6,0,1,1024,12,8953809739
9927,235632139,24109,235656248,6,0,1,1536,12,2528543580
9928,235652950,319467,235972417,3,0,0,121344,3,6924424799
9929,235657879,3128,235661007,6,0,1,9216,12,6260691545
9930,235660190,590544,236250734,3,0,0,340480,3,1300575285
9931,235664380,309160,235973540,3,0,0,3584,3,3535212400
9932,235667660,4850,235672510,9,0,1,5120,15,9443121289
9933,235681400,5196,235686596,9,0,1,13312,15,8277939070
9934,235720759,21658,235742417,6,0,1,35328,12,6683552569
9935,235731930,13713,235745643,8,0,1,5120,7,10376162653
9936,235761070,6754,235767824,9,0,1,7168,15,6749021097
9937,235778749,305115,236083864,9,0,0,74752,15,2858463029
9938,235779321,6278,235785599,0,0,1,6656,14,3979405970
9939,235856810,51516,235908326,5,0,1,83456,18,3809484261
9940,235861331,51821,235913152,0,0,1,7680,14,9520134397
9941,235864750,148146,236012896,6,0,0,8192,12,5567790693
9942,235875739,39359,235915098,6,0,1,3072,12,2743326499
9943,235903760,14884,235918644,1,0,1,5632,9,9880457591
9944,235915080,367140,236282220,3,0,0,11776,3,7992799838
9945,235924960,131676,236056636,6,0,0,512,12,2594820776
9946,235944759,29782,235974541,6,0,1,1024,12,780022344
9947,235950861,28752,235979613,4,0,1,6144,13,2001120127
9948,235976349,300810,236277159,9,0,0,86016,15,1895206875
9949,235980550,297404,236277954,0,0,0,2560,14,6574197852
9950,235987750,112524,236100274,5,0,1,182272,18,9702825818
9951,235997150,253786,236250936,0,0,0,512,14,564148224
9952,236016521,85341,236101862,4,0,1,15872,13,8823571986
9953,236017360,265499,236282859,6,0,0,2048,12,7279003550
9954,236038470,240131,236278601,0,0,0,2048,14,640445173
9955,236045270,67422,236112692,5,0,1,43520,18,9580172296
9956,236064580,219114,236283694,0,0,0,2560,14,7858294473
9957,236068031,49487,236117518,4,0,1,7680,13,3954345907
9958,236093769,653486,236747255,9,0,0,165888,15,3598510712
9959,236104900,14564,236119464,8,0,1,3072,7,3530968224
9960,236117389,421305,236538694,9,0,0,188928,15,3546756609
9961,236139880,110877,236250757,1,0,1,27136,9,1074885221
9962,236149251,137029,236286280,0,0,1,9728,14,4534557672
9963,236161600,140353,236301953,8,0,1,31232,7,3651006988
9964,236187279,118860,236306139,6,0,1,6656,12,6157109064
9965,236209040,153048,236362088,5,0,1,109056,18,8773877376
9966,236215341,149333,236364674,0,0,1,4096,14,8366585095
9967,236228731,136609,236365340,4,0,1,1024,13,3530821781
9968,236233711,131988,236365699,0,0,1,9728,14,4562680879
9969,236247800,157412,236405212,6,0,0,1536,12,10426814662
9970,236264210,484183,236748393,0,0,0,2560,14,409634388
9971,236285670,86750,236372420,1,0,1,24064,9,1842133626
9972,236294890,78196,236373086,8,0,1,1024,7,10103016237
9973,236298289,576399,236874688,9,0,0,313856,15,9984223020
9974,236307740,66012,236373752,9,0,1,1024,15,5348745611
9975,236356930,236700,236593630,3,0,0,46592,3,4638376204
9976,236364910,511992,236876902,6,0,0,1024,12,5621289862
9977,236380540,263501,236644041,3,0,0,41472,3,7716473034
9978,236389401,16354,236405755,4,0,1,31744,13,36975627
9979,236427190,323246,236750436,6,0,0,6656,12,6043867345
9980,236447500,163149,236610649,5,0,1,264192,18,2900885152
9981,236448830,427745,236876575,6,0,0,6144,12,2852784748
9982,236451051,160059,236611110,0,0,1,10240,14,9458847807
9983,236461120,153536,236614656,1,0,1,5632,9,8992943727
9984,236511971,235619,236747590,4,0,0,1024,13,8253798016
9985,236560589,54938,236615527,6,0,1,12288,12,2850492041
9986,236577320,41113,236618433,1,0,1,4608,9,7897547718
9987,236590510,401574,236992084,0,0,0,2048,14,7820870769
9988,236610750,358063,236968813,3,0,0,17408,3,7234845930
9989,236637041,10379,236647420,0,0,1,9728,14,9914069292
9990,236666479,3422,236669901,6,0,1,3584,12,7449228256
9991,236698840,58810,236757650,1,0,1,7680,9,6613111977
9992,236701970,227077,236929047,5,0,1,289792,18,1455766837
9993,236733990,197963,236931953,9,0,1,4608,15,9196224694
9994,236774440,486622,237261062,6,0,0,512,12,4426308276
9995,236812279,121940,236934219,6,0,1,3584,12,4068999637
9996,236836940,98585,236935525,1,0,1,2048,9,9772565460
9997,236840510,204645,237045155,0,0,0,8704,14,9314395971
9998,236860231,255503,237115734,4,0,0,3584,13,10189527048
9999,236887809,48382,236936191,6,0,1,1024,12,4439256180
10000,236892350,305424,237197774,0,0,0,184832,14,183394201
10001,236893339,497908,237391247,9,0,0,195584,15,10230655324
10002,236912750,39506,236952256,5,0,1,52224,18,2394706553
10003,236920430,32492,236952922,9,0,1,1024,15,5125661984
10004,236947541,6047,236953588,0,0,1,1024,14,9707602629
10005,236950460,18368,236968828,5,0,1,26624,18,6417023676
10006,236978439,4162,236982601,6,0,1,11264,12,9784120666
10007,237015200,16354,237031554,9,0,1,31744,15,3966771106
10008,237048551,1042,237049593,0,0,1,1024,14,5146608360
10009,237132000,6278,237138278,1,0,1,6656,9,5001717404
10010,237135691,264619,237400310,5,0,0,29696,18,8069417705
10011,237141910,310173,237452083,3,0,0,20992,3,9989461465
10012,237153930,291734,237445664,0,0,0,57856,14,4873749284
10013,237182359,22687,237205046,6,0,1,7680,12,4269699971
10014,237208580,5196,237213776,9,0,1,13312,15,4437222066
10015,237262890,384765,237647655,0,0,0,91648,14,2990932281
10016,237263550,284085,237547635,0,0,0,68096,14,7147637648
10017,237275611,3387,237278998,0,0,1,9728,14,5754491813
10018,237287130,282850,237569980,3,0,0,15872,3,1006036605
10019,237333790,77053,237410843,5,0,1,16896,18,6433579222
10020,237358110,53092,237411202,9,0,1,9728,15,9641778013
10021,237394970,21058,237416028,1,0,1,7680,9,7842502981
10022,237402330,24869,237427199,8,0,1,31744,7,9985576066
10023,237413180,181678,237594858,3,0,0,8704,3,1722847037
10024,237430300,35083,237465383,1,0,1,22528,9,9752598004
10025,237447089,19920,237467009,6,0,1,2560,12,10322774497
10026,237458420,10215,237468635,9,0,1,2560,15,2656123578
10027,237473259,1518,237474777,6,0,1,1536,12,2994753473
10028,237475110,6278,237481388,5,0,1,6656,18,5117160043
10029,237569809,1205,237571014,6,0,1,1024,12,3374535973
10030,237594050,109064,237703114,6,0,0,512,12,3811932244
10031,237613470,292959,237906429,0,0,0,211968,14,6555672499
10032,237703379,132489,237835868,9,0,0,9728,15,10040871849
10033,237703811,118547,237822358,5,0,0,12288,18,5779831647
10034,237733240,1518,237734758,1,0,1,1536,9,3360003298
10035,237734960,171849,237906809,6,0,0,1024,12,3214821809
10036,237745951,77210,237823161,4,0,0,2560,13,1371917576
10037,237790021,126062,237916083,4,0,0,3072,13,3413564048
10038,237819140,87304,237906444,8,0,1,37376,7,2391976023
10039,237825600,80859,237906459,9,0,1,2560,15,5459330693
10040,237832001,74473,237906474,4,0,1,26624,13,7174766483
10041,237864190,53744,237917934,9,0,1,17920,15,3150332946
10042,237866800,58661,237925461,9,0,1,22016,15,9495568950
10043,237867581,91609,237959190,4,0,0,3072,13,10159197790
10044,237888981,191925,238080906,5,0,0,69120,18,1920025908
10045,237897420,75356,237972776,9,0,0,7168,15,2621576425
10046,237903361,596022,238499383,4,0,0,2048,13,4637998484
10047,237905610,483981,238389591,0,0,0,76800,14,6569929727
10048,237917740,570778,238488518,0,0,0,324608,14,6726713958
10049,237920410,193708,238114118,6,0,0,6144,12,5628945381
10050,237939640,404049,238343689,3,0,0,147456,3,1261691835
10051,238002561,363615,238366176,5,0,0,73728,18,7620887972
10052,238017181,481024,238498205,5,0,0,31744,18,487253695
10053,238028809,3387,238032196,6,0,1,9728,12,7579372269
10054,238042810,1518,238044328,8,0,1,1536,7,10211540753
10055,238054420,524068,238578488,0,0,0,109056,14,8572835546
10056,238087290,412764,238500054,6,0,0,2048,12,10551228585
10057,238123649,3128,238126777,6,0,1,9216,12,2317412136
10058,238135001,1042,238136043,0,0,1,1024,14,7020921440
10059,238138869,377736,238516605,9,0,0,54272,15,5068172913
10060,238147560,387978,238535538,0,0,0,30720,14,7121283742
10061,238192101,395294,238587395,5,0,0,29184,18,4892938428
10062,238202330,405302,238607632,9,0,0,4608,15,8006610838
10063,238205080,4162,238209242,8,0,1,11264,7,9698088928
10064,238206031,292673,238498704,4,0,0,1536,13,1426067995
10065,238232540,3904,238236444,9,0,1,10752,15,3380619257
10066,238234160,4575,238238735,1,0,1,8704,9,2033961128
10067,238264650,1518,238266168,1,0,1,1536,9,10528888563
10068,238302620,214859,238517479,0,0,0,2560,14,7401170931
10069,238334439,182245,238516684,6,0,1,16384,12,2474083457
10070,238367571,367300,238734871,5,0,0,18944,18,8094928170
10071,238372500,150342,238522842,8,0,1,6656,7,5762724658
10072,238412240,123313,238535553,9,0,1,26624,15,8732607168
10073,238417340,118228,238535568,9,0,1,3072,15,9451483771
10074,238421590,120167,238541757,9,0,1,24064,15,3300940659
10075,238421951,120472,238542423,0,0,1,1024,14,2269728455
10076,238428840,158594,238587434,1,0,1,37888,9,10443348888
10077,238429569,157888,238587457,6,0,1,4096,12,8777604045
10078,238429969,368713,238798682,9,0,0,127488,15,274072201
10079,238456611,234991,238691602,5,0,0,52224,18,2454442081
10080,238502131,100027,238602158,4,0,1,28672,13,4395825007
10081,238539661,66043,238605704,0,0,1,5632,14,950271881
10082,238546120,62170,238608290,9,0,1,4096,15,4914874144
10083,238558630,52246,238610876,8,0,1,4096,7,622886190
10084,238562940,260487,238823427,3,0,0,38912,3,8792621357
10085,238578410,33746,238612156,7,0,1,14336,16,5655882363
10086,238588770,37223,238625993,1,0,1,34304,9,6692765989
10087,238643810,341177,238984987,6,0,0,3584,12,6873122449
10088,238646860,566,238647426,1,0,1,512,9,6711825970
10089,238652100,15062,238667162,8,0,1,29184,7,1942304789
10090,238661951,8437,238670388,4,0,1,5120,13,3830576368
10091,238677311,21037,238698348,0,0,1,7168,14,1169699046
10092,238717741,261948,238979689,5,0,0,43520,18,440313133
10093,238730120,11231,238741351,7,0,1,15872,16,5135041688
10094,238746630,462073,239208703,3,0,0,207360,3,4570479056
10095,238760061,288912,239048973,5,0,0,29696,18,1604694056
10096,238778410,25657,238804067,9,0,1,5632,15,8896135655
10097,238785190,204357,238989547,6,0,0,512,12,7222723014
10098,238790141,33301,238823442,0,0,1,27648,14,3398599216
10099,238816431,307729,239124160,5,0,0,27136,18,846393381
10100,238826301,171726,238998027,4,0,0,512,13,6734570233
10101,238829061,1042,238830103,0,0,1,1024,14,3333111708
10102,238870900,346898,239217798,0,0,0,29696,14,2310559304
10103,238877350,566,238877916,1,0,1,512,9,9711010062
10104,238897480,13253,238910733,7,0,1,25600,16,5721256469
10105,238923310,3387,238926697,8,0,1,9728,7,8489744019
10106,238943161,150558,239093719,4,0,0,1024,13,10621921399
10107,238962670,1518,238964188,7,0,1,1536,16,3856625206
10108,238983220,1782,238985002,2,0,1,1536,16,9189788438
10109,238997450,1518,238998968,2,0,1,1536,16,5660817204
10110,239021670,2946,239024616,2,0,1,3072,16,6504851024
10111,239024530,24458,239048988,2,0,1,33792,16,5581515463
10112,239089770,1042,239090812,7,0,1,1024,16,7061958252
10113,239099190,43904,239143094,6,0,0,512,12,10023359229
10114,239100581,4850,239105431,0,0,1,5120,14,589804049
10115,239140340,2470,239142810,2,0,1,2560,16,4180825829
10116,239141920,369655,239511575,0,0,0,156160,14,636982260
10117,239169960,204538,239374498,6,0,0,1024,12,1782639181
10118,239178081,421735,239599816,5,0,0,64000,18,6432501567
10119,239179960,42171,239222131,2,0,1,4608,16,8881732902
10120,239181691,396207,239577898,5,0,0,217600,18,19990285
10121,239232810,13512,239246322,7,0,1,26112,16,6793853716
10122,239236940,10150,239247090,1,0,1,11776,9,4151777553
10123,239243749,415596,239659345,9,0,0,137216,15,2909309057
10124,239246360,369727,239616087,3,0,0,53248,3,10151242381
10125,239259961,163137,239423098,4,0,0,3072,13,7090909907
10126,239278760,3898,239282658,8,0,1,4096,7,857775734
10127,239290609,289676,239580285,9,0,0,7680,15,10273542841
10128,239332320,3898,239336218,8,0,1,4096,7,1889011130
10129,239414110,265631,239679741,3,0,0,66560,3,8022811529
10130,239434389,1042,239435431,6,0,1,1024,12,8778019260
10131,239443410,174112,239617522,0,0,0,4608,14,5797178581
10132,239470060,189348,239659408,2,0,1,512,16,9587450195
10133,239477990,440301,239918291,3,0,0,138752,3,1785780433
10134,239478081,384126,239862207,5,0,0,70144,18,8372882797
10135,239483820,175611,239659431,1,0,1,24576,9,2223921535
10136,239488850,170596,239659446,1,0,1,4608,9,10385899389
10137,239501060,178712,239679772,1,0,1,5632,9,9499224769
10138,239502530,177257,239679787,1,0,1,18944,9,5246890432
10139,239520810,159000,239679810,1,0,1,11776,9,8632803001
10140,239535420,144405,239679825,2,0,1,1024,16,6703700096
10141,239565639,114201,239679840,6,0,1,6656,12,2655941410
10142,239579941,495962,240075903,5,0,0,146944,18,2211382211
10143,239624390,60830,239685220,9,0,1,13824,15,4313404952
10144,239633860,57372,239691232,7,0,1,7680,16,7093292336
10145,239634531,539301,240173832,5,0,0,167424,18,5607583493
10146,239700570,1042,239701612,1,0,1,1024,9,1989687801
10147,239703161,107076,239810237,4,0,0,1536,13,1871709428
10148,239710249,3898,239714147,6,0,1,4096,12,2999514918
10149,239727779,231728,239959507,9,0,0,45056,15,4702824452
10150,239736080,12825,239748905,1,0,1,21504,9,2659550042
10151,239737189,344189,240081378,9,0,0,17920,15,3653005322
10152,239739781,122761,239862542,4,0,0,1024,13,1142523249
10153,239749689,244260,239993949,9,0,0,21504,15,12831827
10154,239752510,1518,239754028,7,0,1,1536,16,8221077856
10155,239758110,6278,239764388,1,0,1,6656,9,447533391
10156,239758690,415469,240174159,6,0,0,1024,12,2896947398
10157,239763121,231467,239994588,4,0,0,2048,13,10082285275
10158,239764410,352238,240116648,0,0,0,45056,14,6128130969
10159,239790580,312317,240102897,3,0,0,14848,3,7576167580
10160,239860580,57750,239918330,7,0,1,49664,16,968189438
10161,239863419,254492,240117911,9,0,0,4096,15,7629961892
10162,239876461,154655,240031116,4,0,0,6144,13,7087095411
10163,239880309,44352,239924661,6,0,1,6656,12,3703278285
10164,239899830,32114,239931944,1,0,1,18944,9,8560947348
10165,239908570,26600,239935170,8,0,1,5120,7,10503533221
10166,239937449,1518,239938967,6,0,1,1536,12,10732768253
10167,239959909,225053,240184962,9,0,0,35328,15,5009622872
10168,239975240,19363,239994603,8,0,1,24064,7,4058910788
10169,240005251,76306,240081557,4,0,0,512,13,6225009469
10170,240039329,53720,240093049,6,0,1,18944,12,8078538967
10171,240098951,87461,240186412,4,0,0,1024,13,9847169417
10172,240120140,65929,240186069,6,0,0,3584,12,7907269124
10173,240144680,76759,240221439,6,0,0,1536,12,999698154
10174,240145250,123444,240268694,5,0,1,134144,18,3528715359
10175,240148200,122082,240270282,8,0,1,15872,7,4625904650
10176,240178549,97839,240276388,6,0,1,29184,12,294169891
10177,240217240,59609,240276849,3,0,1,10240,3,3426182205
10178,240220100,146422,240366522,3,0,0,13312,3,1389886145
10179,240224430,54365,240278795,7,0,1,3072,16,321059574
10180,240258110,356098,240614208,0,0,0,24064,14,10216550263
10181,240274870,243361,240518231,0,0,0,121344,14,6809683330
10182,240311691,357519,240669210,4,0,0,4096,13,5187472312
10183,240323020,3645,240326665,7,0,1,10240,16,4461716395
10184,240337991,230704,240568695,5,0,0,56320,18,5766986185
10185,240338970,189416,240528386,3,0,0,33280,3,1239716983
10186,240347380,259481,240606861,0,0,0,64512,14,10398755399
10187,240368290,5454,240373744,7,0,1,13824,16,8880166113
10188,240370430,14858,240385288,7,0,1,24576,16,7465798734
10189,240425490,303210,240728700,0,0,0,185344,14,7919338103
10190,240478700,270695,240749395,6,0,0,3584,12,3679429736
10191,240491380,41485,240532865,7,0,1,11776,16,10500939530
10192,240500910,269474,240770384,0,0,0,50176,14,6212339740
10193,240510960,22571,240533531,7,0,1,1024,16,7089274344
10194,240513420,24727,240538147,8,0,1,6144,7,7646440065
10195,240536530,2870,240539400,7,0,1,8704,16,2911291473
10196,240543981,368891,240912872,5,0,0,7680,18,8372683349
10197,240552530,61693,240614223,5,0,1,58880,18,8382885214
10198,240569001,169063,240738064,4,0,0,2048,13,3663942624
10199,240575550,38688,240614238,9,0,1,5120,15,3719758533
10200,240616760,14804,240631564,5,0,1,28672,18,4772857002
10201,240624370,24553,240648923,5,0,1,41984,18,5885227028
10202,240716140,194377,240910517,0,0,0,26624,14,10323360350
10203,240730120,4679,240734799,5,0,1,12288,18,6267868640
10204,240742450,6960,240749410,7,0,1,7168,16,2812343345
10205,240784990,10499,240795489,7,0,1,16896,16,1757934240
10206,240817140,7706,240824846,7,0,1,8192,16,393116810
10207,240830760,120068,240950828,6,0,0,512,12,10379807078
10208,240841849,80220,240922069,1,0,0,1024,9,5970781923
10209,240842270,81179,240923449,6,0,0,512,12,8821828074
10210,240896460,3904,240900364,9,0,1,10752,15,1421409177
10211,240898851,368617,241267468,5,0,0,240640,18,5193132523
10212,240905410,77281,240982691,1,0,0,2560,9,943345183
10213,240941329,2870,240944199,6,0,1,8704,12,1300368786
10214,240947270,153536,241100806,3,0,0,82944,3,8461537344
10215,240970570,412525,241383095,0,0,0,141824,14,4205742648
10216,241022410,245549,241267959,1,0,0,1536,9,4809618284
10217,241032110,12737,241044847,9,0,1,24576,15,5701650800
10218,241064120,226972,241291092,3,0,0,75776,3,4255376344
10219,241078850,29696,241108546,9,0,1,8192,15,3346281369
10220,241094991,196428,241291419,4,0,0,1024,13,7906546055
10221,241098441,193149,241291590,4,0,0,512,13,7533713459
10222,241107780,193041,241300821,6,0,0,1024,12,4235101357
10223,241138929,159132,241298061,9,0,0,2048,15,7893820589
10224,241139770,10499,241150269,7,0,1,16896,16,3254786138
10225,241174480,93494,241267974,5,0,1,56832,18,4847430199
10226,241189170,78819,241267989,9,0,1,30720,15,8945342886
10227,241191491,293755,241485246,5,0,0,44032,18,974148468
10228,241199470,356708,241556178,3,0,0,22016,3,8311935684
10229,241299329,4937,241304266,6,0,1,12800,12,9141781641
10230,241310060,273343,241583403,6,0,0,512,12,7084262902
10231,241336589,46521,241383110,6,0,1,19456,12,7241750489
10232,241384350,70740,241455090,1,0,0,512,9,9007588660
10233,241407660,13083,241420743,9,0,1,22016,15,6404616881
10234,241422740,88171,241510911,0,0,0,2048,14,4418944900
10235,241428011,5454,241433465,4,0,1,13824,13,1634875511
10236,241446330,3645,241449975,7,0,1,10240,16,4592391046
10237,241450961,447852,241898813,7,0,0,81408,16,607006604
10238,241456350,12049,241468399,7,0,1,19968,16,3982874353
10239,241468270,63504,241531774,1,0,0,512,9,1486209003
10240,241487350,5454,241492804,8,0,1,13824,7,3481822573
10241,241497319,245657,241742976,9,0,0,50176,15,937950638
10242,241501960,54389,241556349,1,0,0,512,9,8824060494
10243,241554099,222186,241776285,9,0,0,82944,15,2138289065
10244,241554210,5284,241559494,9,0,1,9216,15,5031059024
10245,241556910,63946,241620856,1,0,0,1536,9,10150710153
10246,241560060,183087,241743147,6,0,0,512,12,9903651582
10247,241564010,309976,241873986,3,0,0,102912,3,3676622119
10248,241571181,246429,241817610,7,0,0,3584,16,3571702763
10249,241625751,151337,241777088,4,0,0,2560,13,3381395713
10250,241643520,259068,241902588,3,0,0,12288,3,5806044396
10251,241650540,10499,241661039,7,0,1,16896,16,2858774250
10252,241665460,260707,241926167,0,0,0,77312,14,8729446193
10253,241692119,22691,241714810,6,0,1,37376,12,6527905944
10254,241755440,31848,241787288,5,0,1,16384,18,3662334103
10255,241804700,1518,241806218,9,0,1,1536,15,9994252943
10256,241814490,1518,241816008,7,0,1,1536,16,8274389666
10257,241852860,262295,242115155,3,0,0,88064,3,7000008211
10258,241885240,134623,242019863,5,0,1,155648,18,8053127035
10259,241888920,132889,242021809,7,0,1,3072,16,5783905995
10260,241896121,104641,242000762,4,0,0,4096,13,1490273221
10261,241927570,100558,242028128,1,0,0,2048,9,1683163099
10262,241927790,421117,242348907,1,0,0,1024,9,5744377505
10263,241937390,87325,242024715,9,0,1,4608,15,8104087110
10264,241950341,102393,242052734,4,0,0,1024,13,8611922896
10265,241972810,103306,242076116,1,0,0,1024,9,4682593743
10266,241985709,39467,242025176,6,0,1,10240,12,58459475
10267,242005001,218557,242223558,4,0,0,1536,13,5134927674
10268,242015990,194330,242210320,3,0,0,69632,3,7993989474
10269,242038020,77158,242115178,5,0,1,105984,18,10578717837
10270,242044031,557492,242601523,7,0,0,71680,16,3233800513
10271,242047280,272932,242320212,6,0,0,5120,12,7365499086
10272,242075250,147825,242223075,7,0,0,7168,16,9032053465
10273,242080410,34799,242115209,7,0,1,27648,16,5877804159
10274,242084940,428770,242513710,0,0,0,50176,14,7552989848
10275,242103120,107371,242210491,6,0,0,512,12,2591716357
10276,242106190,105416,242211606,1,0,0,3584,9,659195149
10277,242113209,5927,242119136,6,0,1,4096,12,4811135184
10278,242121620,300607,242422227,7,0,0,59392,16,10506660423
10279,242143760,67861,242211621,5,0,1,111104,18,7446046941
10280,242174650,51579,242226229,5,0,1,64000,18,8361722488
10281,242196629,290692,242487321,9,0,0,45056,15,818806792
10282,242219280,296161,242515441,0,0,0,5632,14,4916026574
10283,242227490,92791,242320281,5,0,1,150528,18,5886645766
10284,242236450,87697,242324147,7,0,1,6144,16,5971090182
10285,242245341,82143,242327484,4,0,0,3584,13,5786310623
10286,242276391,481358,242757749,5,0,0,281600,18,3051534726
10287,242289050,229515,242518565,1,0,0,512,9,6889777887
10288,242306860,245504,242552364,6,0,0,1536,12,10644014123
10289,242309729,14674,242324403,6,0,1,9216,12,9109891995
10290,242311810,179536,242491346,1,0,0,512,9,7021188529
10291,242321320,331091,242652411,0,0,0,31232,14,10203584557
10292,242346570,4374,242350944,5,0,1,4608,18,10066776075
10293,242375360,562626,242937986,3,0,0,218624,3,2388286470
10294,242383320,46988,242430308,5,0,1,81408,18,73708318
10295,242385550,712973,243098523,6,0,0,1024,12,4482640316
10296,242394391,232245,242626636,4,0,0,2048,13,2913946301
10297,242451140,12308,242463448,9,0,1,20480,15,6633927064
10298,242463270,763982,243227252,3,0,0,20480,3,10167646637
10299,242471090,16246,242487336,7,0,1,22528,16,6231859207
10300,242494680,20784,242515464,9,0,1,29184,15,5504272471
10301,242504940,716049,243220989,0,0,0,134656,14,3167216812
10302,242516349,963908,243480257,9,0,0,205312,15,7234823696
10303,242583060,1088539,243671599,7,0,0,485888,16,7558290994
10304,242595180,691208,243286388,3,0,0,4096,3,6052321073
10305,242599391,8928,242608319,0,0,1,7168,14,5435456676
10306,242607571,3422,242610993,0,0,1,3584,14,1914977693
10307,242608540,4719,242613259,7,0,1,3584,16,5093092894
10308,242613260,432185,243045445,7,0,0,25088,16,10350928785
10309,242616381,149419,242765800,4,0,0,2048,13,4622741378
10310,242662040,1161295,243823335,7,0,0,231424,16,1940053939
10311,242705180,522882,243228062,6,0,0,1536,12,7802503879
10312,242715129,57699,242772828,6,0,1,29184,12,8930021956
10313,242764270,549488,243313758,1,0,0,3072,9,10519579884
10314,242776150,20366,242796516,7,0,1,32768,16,1924205214
10315,242778660,19482,242798142,7,0,1,2560,16,6705124450
10316,242779330,23997,242803327,9,0,1,16384,15,94912353
10317,242797900,5786,242803686,9,0,1,9728,15,818339834
10318,242835461,6278,242841739,0,0,1,6656,14,4681679946
10319,242843130,856892,243700022,3,0,0,75264,3,8402164882
10320,242854411,409610,243264021,4,0,0,4608,13,8433040739
10321,242855980,299541,243155521,7,0,0,27648,16,376479099
10322,242883330,1101551,243984881,0,0,0,82944,14,3767361952
10323,242920351,20640,242940991,0,0,1,3072,14,10497648460
10324,242921680,305899,243227579,6,0,0,1024,12,10527980209
10325,242926229,1002143,243928372,9,0,0,38400,15,9970509696
10326,242942609,34108,242976717,6,0,1,56320,12,5922495725
10327,242948300,29288,242977588,7,0,1,12288,16,9247227226
10328,242983870,1318542,244302412,0,0,0,115200,14,4259114232
10329,242996280,416296,243412576,7,0,0,60416,16,604019097
10330,243012910,977766,243990676,0,0,0,18944,14,9175769186
10331,243018140,1084083,244102223,3,0,0,73728,3,4995725614
10332,243038980,661229,243700209,6,0,0,512,12,4619303572
10333,243047260,624737,243671997,1,0,0,1024,9,1194589609
10334,243091629,4374,243096003,6,0,1,4608,12,354535400
10335,243112400,4679,243117079,9,0,1,12288,15,2796188268
10336,243137280,350485,243487765,1,0,0,1536,9,4289252146
10337,243146360,1120929,244267289,7,0,0,115200,16,3644568827
10338,243161249,1518,243162767,6,0,1,1536,12,7379957798
10339,243193361,483714,243677075,4,0,0,2048,13,9739263555
10340,243211810,17762,243229572,9,0,1,1536,15,3751576074
10341,243248860,467412,243716272,6,0,0,1024,12,6549207859
10342,243253541,1102626,244356167,4,0,0,2560,13,7843486377
10343,243273630,3128,243276758,7,0,1,9216,16,6253044895
10344,243295630,5802,243301432,9,0,1,6144,15,10136585562
10345,243308891,514927,243823818,4,0,0,1536,13,2304711964
10346,243309190,443610,243752800,3,0,0,51200,3,5191529219
10347,243352120,528685,243880805,3,0,0,64000,3,2685235082
10348,243356740,4850,243361590,9,0,1,5120,15,468591004
10349,243390889,285515,243676404,9,0,0,14336,15,2990200758
10350,243400441,516201,243916642,5,0,0,116736,18,7931072622
10351,243404510,9643,243414153,7,0,1,1536,16,6604856643
10352,243405739,653734,244059473,9,0,0,81920,15,8443835985
10353,243406290,8209,243414499,1,0,1,512,9,2586430673
10354,243419781,709609,244129390,4,0,0,6144,13,3766833510
10355,243430630,882796,244313426,3,0,0,11264,3,3426856347
10356,243433571,1261766,244695337,5,0,0,214528,18,10138502425
10357,243458240,726413,244184653,0,0,0,61952,14,1422318109
10358,243514590,431353,243945943,1,0,0,512,9,1054702667
10359,243523409,148205,243671614,6,0,1,1536,12,5595596127
10360,243526240,179543,243705783,9,0,1,6144,15,6404801068
10361,243526260,1654820,245181080,7,0,0,258048,16,2476061750
10362,243530470,1375477,244905947,7,0,0,48128,16,4237919859
10363,243532610,988268,244520878,6,0,0,1024,12,49863035
10364,243539101,857892,244396993,5,0,0,60928,18,1194002408
10365,243548051,761880,244309931,4,0,0,24576,13,9480353606
10366,243548511,1013356,244561867,4,0,0,66560,13,2562474202
10367,243566970,139799,243706769,9,0,1,1536,15,5118795040
10368,243575830,248791,243824621,6,0,0,2560,12,783670261
10369,243590540,740066,244330606,0,0,0,15360,14,4825483550
10370,243600090,107985,243708075,7,0,1,2048,16,6559002876
10371,243617100,1727659,245344759,0,0,0,136704,14,656121015
10372,243617761,599176,244216937,5,0,0,60928,18,9876333156
10373,243629781,79280,243709061,4,0,1,1536,13,10536131446
10374,243684120,27207,243711327,7,0,1,3584,16,5213793086
10375,243689370,1358351,245047721,6,0,0,3072,12,6344005496
10376,243700611,1163204,244863815,5,0,0,71168,18,234059543
10377,243722330,3387,243725717,7,0,1,9728,16,5972253393
10378,243739691,1563401,245303092,4,0,0,245760,13,3635920601
10379,243745490,289008,244034498,7,0,0,24576,16,2179179206
10380,243760729,356052,244116781,1,0,0,512,9,10468924987
10381,243761169,1718589,245479758,9,0,0,220672,15,2135490972
10382,243773401,659955,244433356,4,0,0,38912,13,7354624500
10383,243798071,930761,244728832,4,0,0,13312,13,2483932430
10384,243799290,739322,244538612,6,0,0,2048,12,8130748625
10385,243810221,1979329,245789550,5,0,0,333312,18,4078947702
10386,243831610,3422,243835032,9,0,1,3584,15,9419897439
10387,243875470,41187,243916657,7,0,1,3584,16,9539298299
10388,243876541,753417,244629958,4,0,0,128512,13,2032209776
10389,243918910,1020720,244939630,3,0,0,18432,3,6965153571
10390,243962460,32129,243994589,7,0,1,10752,16,1808576434
10391,243969620,1132821,245102441,3,0,0,76800,3,6739589256
10392,243970400,1040786,245011186,7,0,0,55296,16,6276370650
10393,244041800,22619,244064419,7,0,1,12800,16,5590345838
10394,244044729,23590,244068319,6,0,1,12800,12,2525740400
10395,244060299,1470468,245530767,9,0,0,20480,15,2824991919
10396,244060730,1949111,246009841,0,0,0,174592,14,940552098
10397,244093560,101963,244195523,5,0,1,151552,18,1514528535
10398,244104930,1093201,245198131,3,0,0,55808,3,3885378026
10399,244111819,901745,245013564,9,0,0,6656,15,7524482044
10400,244114849,83260,244198109,6,0,1,4096,12,4256251391
10401,244151201,1260161,245411362,4,0,0,201728,13,6296832256
10402,244165810,1728575,245894385,6,0,0,3072,12,3184216255
10403,244190961,1438817,245629778,5,0,0,45568,18,3294509354
10404,244211400,1640285,245851685,0,0,0,203776,14,8008725086
10405,244214960,1309520,245524480,7,0,0,12800,16,2260576311
10406,244221019,1042,244222061,6,0,1,1024,12,3989790872
10407,244248280,1354903,245603183,7,0,0,71680,16,3387238398
10408,244249109,72155,244321264,6,0,1,18432,12,1566421266
10409,244251140,71302,244322442,9,0,1,13824,15,8655421876
10410,244282010,41738,244323748,7,0,1,2048,16,5348060195
10411,244296200,1188634,245484834,3,0,0,9728,3,4105279320
10412,244297190,1647184,245944374,3,0,0,150016,3,2061616910
10413,244297800,1951580,246249380,0,0,0,368640,14,5535962527
10414,244309381,1952905,246262286,4,0,0,512,13,10171087283
10415,244350560,847758,245198318,1,0,0,512,9,1374485075
10416,244372250,1147776,245520026,7,0,0,75776,16,8033956447
10417,244378570,1881932,246260502,3,0,0,17920,3,4854660398
10418,244378700,635748,245014448,7,0,0,1536,16,3986054869
10419,244400801,2016195,246416996,5,0,0,99840,18,3905473836
10420,244409610,1483279,245892889,7,0,0,1536,16,4466754120
10421,244414140,19231,244433371,7,0,1,17920,16,6026451484
10422,244479700,932769,245412469,6,0,0,3584,12,8483116591
10423,244488910,1005494,245494404,0,0,0,14336,14,8638285639
10424,244514750,1337294,245852044,6,0,0,1024,12,10711917937
10425,244526399,822930,245349329,9,0,0,14336,15,8687152511
10426,244555700,1454320,246010020,6,0,0,512,12,414599315
10427,244561660,3646,244565306,7,0,1,3584,16,3135633678
10428,244579019,620406,245199425,1,0,0,3584,9,1562735311
10429,244579390,6754,244586144,7,0,1,7168,16,6144092090
10430,244635420,920386,245555806,3,0,0,1024,3,2509884396
10431,244636859,63783,244700642,6,0,1,13312,12,10481001544
10432,244665729,35899,244701628,6,0,1,1536,12,3579849411
10433,244677850,333663,245011513,7,0,0,1024,16,5903364576
10434,244683451,806554,245490005,5,0,0,16896,18,702034314
10435,244691501,1632177,246323678,5,0,0,180736,18,10539876179
10436,244733270,7230,244740500,7,0,1,7680,16,7880789805
10437,244785219,4937,244790156,6,0,1,12800,12,2627478084
10438,244792970,551960,245344930,1,0,0,512,9,3465395900
10439,244798061,1147949,245946010,4,0,0,2560,13,10062928073
10440,244835289,661626,245496915,9,0,0,8192,15,7840360506
10441,244835720,28118,244863838,9,0,1,33280,15,9516161567
10442,244849610,1678245,246527855,3,0,0,94720,3,9351699389
10443,244868340,1076376,245944716,6,0,0,1024,12,3073738680
10444,244878699,641834,245520533,1,0,0,1536,9,8634069559
10445,244894031,1604949,246498980,5,0,0,103936,18,5432471709
10446,244909310,7230,244916540,7,0,1,7680,16,2012898083
10447,244920119,21658,244941777,6,0,1,35328,12,5940938348
10448,244926100,555739,245481839,6,0,0,2560,12,4516979663
10449,244942911,1106609,246049520,5,0,0,35328,18,9115806363
10450,244967400,513644,245481044,6,0,0,3072,12,3979154006
10451,244999921,17789,245017710,0,0,1,11264,14,5067965049
10452,245008610,1458679,246467289,3,0,0,150528,3,6742370235
10453,245029860,450233,245480093,6,0,0,1024,12,6564307720
10454,245033909,1228548,246262457,1,0,0,512,9,9321681881
10455,245141431,878128,246019559,5,0,0,31232,18,8434083111
10456,245144271,1541831,246686102,5,0,0,142848,18,5907990085
10457,245144430,1116890,246261320,7,0,0,1024,16,2542410285
10458,245147429,1420945,246568374,9,0,0,126976,15,5571702416
10459,245154450,1470478,246624928,0,0,0,50688,14,3855276038
10460,245160940,1175733,246336673,0,0,0,42496,14,9693346018
10461,245190670,754529,245945199,7,0,0,1536,16,1238714274
10462,245193110,1227809,246420919,3,0,0,12800,3,7790253772
10463,245227390,1194020,246421410,6,0,0,1536,12,8487394984
10464,245262610,1569862,246832472,3,0,0,67584,3,8522130556
10465,245263311,149173,245412484,0,0,1,17408,14,4846125564
10466,245313540,1883492,247197032,0,0,0,198144,14,10108415243
10467,245316669,1540075,246856744,9,0,0,43008,15,9531627230
10468,245318219,94288,245412507,6,0,1,11776,12,9475692390
10469,245360750,503665,245864415,3,0,0,40448,3,3074217724
10470,245367250,163540,245530790,1,0,1,16896,9,10407216261
10471,245406010,630795,246036805,0,0,0,53248,14,4129057693
10472,245408710,123770,245532480,1,0,1,3072,9,1188674648
10473,245413750,121636,245535386,1,0,1,4608,9,10124387634
10474,245438800,1610154,247048954,3,0,0,178688,3,7654820264
10475,245445330,1813071,247258401,6,0,0,1024,12,9232458924
10476,245455780,80272,245536052,1,0,1,11264,9,9672823350
10477,245467939,800313,246268252,9,0,0,18944,15,4119728872
10478,245477930,63268,245541198,9,0,1,8192,15,1258258997
10479,245483210,777783,246260993,1,0,0,1536,9,6772702196
10480,245487250,59837,245547087,8,0,1,26112,7,5435454549
10481,245509090,38356,245547446,9,0,1,9728,15,2435385593
10482,245516119,1380320,246896439,9,0,0,51712,15,1128262696
10483,245533181,17491,245550672,0,0,1,5120,14,8645670059
10484,245540360,18538,245558898,9,0,1,24576,15,8653764844
10485,245557050,4679,245561729,7,0,1,12288,16,10281449150
10486,245578611,1254203,246832814,2,0,0,1024,16,7102143360
10487,245605350,656765,246262115,6,0,0,2560,12,8665331612
10488,245607410,5196,245612606,8,0,1,13312,7,8753390485
10489,245608171,338166,245946337,4,0,0,1024,13,5853113244
10490,245622961,1084878,246707839,4,0,0,1024,13,3944876247
10491,245626780,17560,245644340,8,0,1,28160,7,1406460186
10492,245635190,11736,245646926,1,0,1,4096,9,7533334813
10493,245638550,10002,245648552,9,0,1,2560,15,3845073774
10494,245654330,366180,246020510,6,0,0,3072,12,7525171437
10495,245689550,1696883,247386433,0,0,0,83456,14,4944725683
10496,245699710,1592115,247291825,9,0,0,27136,15,5644219625
10497,245707130,157372,245864502,9,0,1,4608,15,3886075066
10498,245715530,630162,246345692,3,0,0,27136,3,1416765323
10499,245738710,516317,246255027,3,0,0,18432,3,6302423781
10500,245772200,95195,245867395,7,0,1,3072,16,8669073983
10501,245774610,111141,245885751,7,0,1,32768,16,8283926606
10502,245775500,111224,245886724,8,0,1,12800,7,2793804784
10503,245791200,100670,245891870,7,0,1,8192,16,6454362240
10504,245808980,720683,246529663,6,0,0,1024,12,8138319075
10505,245811500,81404,245892904,9,0,1,12800,15,1096086487
10506,245840970,1081468,246922438,3,0,0,25600,3,2845991406
10507,245846540,1411043,247257583,3,0,0,198656,3,10728363847
10508,245847230,860282,246707512,9,0,0,70144,15,10224413259
10509,245852351,42049,245894400,0,0,1,2048,14,5037676270
10510,245862630,33145,245895775,9,0,1,2560,15,1521912839
10511,245878770,18951,245897721,8,0,1,3072,7,1829330828
10512,245883080,61309,245944389,9,0,1,14848,15,9505187090
10513,245893369,1075999,246969368,1,0,0,2560,9,6776217097
10514,245897520,676724,246574244,6,0,0,3584,12,1214499082
10515,245913041,1618658,247531699,5,0,0,100352,18,5516400293
10516,245921940,29860,245951800,1,0,1,13824,9,2007421310
10517,245927790,1689801,247617591,0,0,0,8192,14,9443506946
10518,245935690,944970,246880660,9,0,0,35840,15,557774459
10519,245948460,893331,246841791,7,0,0,2048,16,1582863305
10520,245960489,76339,246036828,6,0,1,7168,12,1907433648
10521,245976980,59863,246036843,8,0,1,1536,7,5436605943
10522,245996681,1623608,247620289,5,0,0,6656,18,3461270967
10523,246004501,53662,246058163,4,0,1,34816,13,123054620
10524,246009110,791605,246800715,3,0,0,2048,3,4848555764
10525,246009760,258819,246268579,1,0,0,1024,9,2821528878
10526,246015790,1578644,247594434,9,0,0,205824,15,1307741639
10527,246029320,29509,246058829,1,0,1,1024,9,9518241066
10528,246038130,683351,246721481,3,0,0,41984,3,1590648313
10529,246070330,638344,246708674,1,0,0,2560,9,6260926652
10530,246079641,449687,246529328,4,0,0,3072,13,259176922
10531,246116530,5454,246121984,9,0,1,13824,15,7769308262
10532,246122629,987096,247109725,9,0,0,44032,15,8065508388
10533,246143860,1681635,247825495,3,0,0,240640,3,7084898787
10534,246150261,458550,246608811,4,0,0,4608,13,9415286238
10535,246173360,354986,246528346,7,0,0,1536,16,8353371516
10536,246233210,103502,246336712,9,0,1,2048,15,429914824
10537,246253511,2141530,248395041,5,0,0,67584,18,1041494161
10538,246260850,75877,246336727,1,0,1,1536,9,669120468
10539,246267000,78707,246345707,1,0,1,4096,9,1418696852
10540,246272170,1399272,247671442,0,0,0,74752,14,5409890346
10541,246315341,1931798,248247139,5,0,0,392192,18,10319081796
10542,246319710,1140551,247460261,7,0,0,512,16,3924256658
10543,246343771,1524951,247868722,5,0,0,141824,18,8127357545
10544,246352991,1597216,247950207,5,0,0,132096,18,9403014132
10545,246355079,1260001,247615080,9,0,0,54784,15,2082538297
10546,246364759,1743862,248108621,9,0,0,69632,15,9320865539
10547,246397551,2355194,248752745,5,0,0,324096,18,8042328997
10548,246414261,114116,246528377,4,0,1,9216,13,6690694615
10549,246453251,1920496,248373747,4,0,0,512,13,8430363907
10550,246459871,589410,247049281,4,0,0,1024,13,5711923577
10551,246460351,110953,246571304,0,0,1,3072,14,1736016355
10552,246494481,77169,246571650,4,0,1,512,13,1732765275
10553,246508080,2068167,248576247,9,0,0,207872,15,1974386719
10554,246527349,1846227,248373576,9,0,0,299520,15,6797618221
10555,246539851,54819,246594670,4,0,1,45568,13,1261118548
10556,246576071,19585,246595656,4,0,1,1536,13,5890572091
10557,246578770,19152,246597922,9,0,1,3584,15,6602486894
10558,246597980,1000385,247598365,3,0,0,12800,3,2298057443
10559,246611641,820908,247432549,5,0,0,52736,18,2096578124
10560,246615560,15229,246630789,1,0,1,6144,9,7109584327
10561,246615950,1005659,247621609,1,0,0,512,9,7863484482
10562,246621919,1126681,247748600,1,0,0,1024,9,8460562620
10563,246635910,1809293,248445203,6,0,0,1024,12,4224193095
10564,246636160,49957,246686117,1,0,1,8192,9,1571223460
10565,246656540,64996,246721536,9,0,1,14848,15,6308492557
10566,246669340,1733086,248402426,7,0,0,3072,16,7506552342
10567,246672620,1730329,248402949,6,0,0,1536,12,7149350947
10568,246677070,50132,246727202,1,0,1,14336,9,5474634736
10569,246683680,44828,246728508,1,0,1,2048,9,10475785025
10570,246699981,32393,246732374,4,0,1,6144,13,79345752
10571,246703661,28969,246732630,4,0,1,9216,13,5448298032
10572,246713071,781176,247494247,5,0,0,2048,18,5692997977
10573,246751780,1205992,247957772,1,0,0,1024,9,9352315528
10574,246764581,2050681,248815262,4,0,0,4096,13,7672492955
10575,246787120,7706,246794826,9,0,1,8192,15,6860592214
10576,246810321,22166,246832487,4,0,1,9728,13,10585016233
10577,246879230,22018,246901248,1,0,1,5120,9,10372603430
10578,246927890,5196,246933086,1,0,1,13312,9,1216533336
10579,246942500,1954057,248896557,6,0,0,512,12,224393384
10580,246952040,306034,247258074,6,0,0,1536,12,4234453410
10581,246958299,20624,246978923,6,0,1,33280,12,7421404261
10582,246982900,4374,246987274,1,0,1,4608,9,3822687703
10583,247035501,19115,247054616,4,0,1,5632,13,4180891927
10584,247044681,912748,247957429,5,0,0,23552,18,8133032268
10585,247090511,2032156,249122667,5,0,0,192000,18,6126317178
10586,247090659,781978,247872637,9,0,0,12800,15,5347256141
10587,247099150,14212,247113362,1,0,1,10240,9,9956952605
10588,247110611,4286,247114897,0,0,1,2048,14,4536450160
10589,247110779,6064,247116843,6,0,1,3072,12,2982846778
10590,247124250,1320581,248444831,3,0,0,75776,3,630525591
10591,247162461,895873,248058334,4,0,0,1536,13,4167731961
10592,247170971,92351,247263322,0,0,1,12800,14,2304340698
10593,247229581,34407,247263988,4,0,1,1024,13,4354332494
10594,247273101,399532,247672633,4,0,0,1024,13,5393283017
10595,247281330,336908,247618238,7,0,0,2048,16,4050403664
10596,247288691,4644,247293335,4,0,1,1536,13,3615341687
10597,247308960,973333,248282293,3,0,0,113152,3,4434250776
10598,247317029,11274,247328303,6,0,1,18432,12,9120659263
10599,247327821,4374,247332195,0,0,1,4608,14,346582442
10600,247348021,1633222,248981243,5,0,0,123904,18,8653961070
10601,247353561,566,247354127,0,0,1,512,14,9897690744
10602,247367291,542645,247909936,5,0,0,122368,18,5180985666
10603,247372499,30564,247403063,6,0,1,32256,12,29225071
10604,247395610,1880984,249276594,3,0,0,173568,3,7202707143
10605,247487160,637406,248124566,1,0,0,1536,9,2924128717
10606,247494320,559094,248053414,1,0,0,512,9,8658818037
10607,247503391,500077,248003468,5,0,0,28672,18,10345321609
10608,247529901,93318,247623219,4,0,1,3072,13,4546718279
10609,247546080,849600,248395680,6,0,0,2048,12,4522993137
10610,247558219,1060086,248618305,9,0,0,137728,15,5951258543
10611,247569400,804986,248374386,6,0,0,2048,12,2076986839
10612,247580180,380361,247960541,1,0,0,4608,9,4107785621
10613,247593279,1060687,248653966,9,0,0,116736,15,711476818
10614,247620280,627514,248247794,7,0,0,2048,16,2184354616
10615,247623500,432864,248056364,7,0,0,512,16,7911630456
10616,247632300,787980,248420280,0,0,0,56832,14,4408868276
10617,247666411,1107263,248773674,5,0,0,35328,18,4659222827
10618,247670379,842517,248512896,9,0,0,59904,15,1011624854
10619,247675221,395429,248070650,4,0,0,1024,13,3145398218
10620,247675439,4374,247679813,6,0,1,4608,12,3750899411
10621,247714899,1081901,248796800,9,0,0,72704,15,7519366463
10622,247720770,406592,248127362,1,0,0,512,9,9231523706
10623,247731440,1030763,248762203,0,0,0,26624,14,534946747
10624,247747570,202668,247950238,5,0,1,252416,18,947864439
10625,247768160,192396,247960556,1,0,1,2560,9,331462320
10626,247879780,1662086,249541866,3,0,0,282624,3,1234154305
10627,247886080,181498,248067578,7,0,0,1024,16,5436299215
10628,247917621,43863,247961484,0,0,1,2560,14,6470768226
10629,247970451,2946,247973397,0,0,1,3072,14,4594386692
10630,247977030,424437,248401467,0,0,0,18944,14,8261522936
10631,247990269,1913316,249903585,9,0,0,311296,15,3138616478
10632,248003420,810571,248813991,0,0,0,56320,14,4793384257
10633,248005850,1408789,249414639,7,0,0,1024,16,3487666609
10634,248009471,1404841,249414312,5,0,0,112128,18,6017245786
10635,248018090,1164624,249182714,3,0,0,18944,3,3892536501
10636,248020100,1566766,249586866,6,0,0,512,12,6403163831
10637,248039191,3645,248042836,0,0,1,10240,14,6382372629
10638,248040599,1317572,249358171,9,0,0,44544,15,6374400798
10639,248050760,12566,248063326,8,0,1,20992,7,4007468803
10640,248055790,9802,248065592,3,0,1,3584,3,3099245393
10641,248057900,11238,248069138,1,0,1,5632,9,3410946732
10642,248069830,704795,248774625,7,0,0,3072,16,8461220438
10643,248075649,32987,248108636,6,0,1,28160,12,3525240461
10644,248099060,722301,248821361,3,0,0,19968,3,7047548173
10645,248108791,712741,248821532,4,0,0,512,13,8584743173
10646,248118929,865293,248984222,9,0,0,9728,15,4965158343
10647,248134981,627884,248762865,4,0,0,512,13,7145312486
10648,248136730,847671,248984401,6,0,0,512,12,7515728517
10649,248182450,580244,248762694,1,0,0,1536,9,8193087728
10650,248202960,678298,248881258,0,0,0,72192,14,225193521
10651,248238650,515381,248754031,1,0,0,4096,9,1308349998
10652,248240060,583078,248823138,6,0,0,1024,12,6261560818
10653,248240270,902019,249142289,7,0,0,1536,16,717520746
10654,248241089,203757,248444846,6,0,1,2048,12,3606765035
10655,248244201,200660,248444861,0,0,1,1536,14,1789053290
10656,248247680,197196,248444876,1,0,1,13824,9,6045779489
10657,248282700,293618,248576318,5,0,1,202752,18,8750754422
10658,248292801,884126,249176927,5,0,0,43008,18,287409741
10659,248296699,321621,248618320,6,0,1,37888,12,10354366081
10660,248315981,302354,248618335,0,0,1,1024,14,10561712806
10661,248324751,1483947,249808698,4,0,0,208384,13,4130276567
10662,248327001,495794,248822795,5,0,0,4096,18,3145511687
10663,248380751,1870381,250251132,4,0,0,134656,13,7437078232
10664,248435910,316858,248752768,1,0,1,10240,9,6878289824
10665,248439980,314066,248754046,1,0,1,5632,9,9591493578
10666,248442750,311311,248754061,3,0,1,19456,3,2208686749
10667,248451370,302706,248754076,1,0,1,1024,9,5554866386
10668,248461820,1703021,250164841,0,0,0,17408,14,3051537696
10669,248482219,280661,248762880,6,0,1,27136,12,2084946104
10670,248546961,215934,248762895,0,0,1,512,14,4684295417
10671,248550899,454268,249005167,1,0,0,512,9,8224396480
10672,248594560,528902,249123462,7,0,0,2560,16,8386341507
10673,248601191,720090,249321281,5,0,0,48128,18,4680447113
10674,248618151,741603,249359754,4,0,0,5120,13,3979455597
10675,248636300,640933,249277233,6,0,0,2048,12,6146502126
10676,248667490,540477,249207967,9,0,0,63488,15,3989218994
10677,248693630,132536,248826166,1,0,1,9728,9,4397771958
10678,248697730,1347072,250044802,9,0,0,166400,15,8888344288
10679,248723710,113315,248837025,3,0,1,18432,3,1906547471
10680,248784250,56641,248840891,1,0,1,6144,9,3139145070
10681,248834831,1586227,250421058,4,0,0,136704,13,300888209
10682,248837371,6106,248843477,0,0,1,4096,14,526065409
10683,248852369,5712,248858081,6,0,1,14336,12,9642406035
10684,248852390,28883,248881273,3,0,1,33280,3,3606767350
10685,248889800,4374,248894174,3,0,1,4608,3,4663193769
10686,248938891,362561,249301452,5,0,0,79360,18,10348329569
10687,248967820,362406,249330226,3,0,0,4096,3,10646783979
10688,248993680,421450,249415130,7,0,0,1536,16,10375174271
10689,249021129,13512,249034641,6,0,1,26112,12,4453456896
10690,249043320,7706,249051026,1,0,1,8192,9,6575344369
10691,249044790,409726,249454516,1,0,0,2560,9,5933826525
10692,249106099,18397,249124496,6,0,1,1024,12,9563117626
10693,249124261,16613,249140874,0,0,1,32256,14,6480668551
10694,249150099,1994,249152093,6,0,1,2048,12,3094046224
10695,249211440,3904,249215344,1,0,1,10752,9,3179093762
10696,249227871,75083,249302954,0,0,1,1536,14,2178062805
10697,249246430,1400185,250646615,9,0,0,197120,15,6479120268
10698,249251981,740453,249992434,5,0,0,243712,18,1680633208
10699,249275280,28660,249303940,1,0,1,1536,9,3211261348
10700,249308351,278321,249586672,4,0,0,113664,13,7087689817
10701,249311779,606376,249918155,9,0,0,45568,15,6985460215
10702,249348411,1620759,250969170,5,0,0,262656,18,10649934194
10703,249393000,652441,250045441,6,0,0,2048,12,8206466809
10704,249407400,276688,249684088,9,0,0,7680,15,197512170
10705,249413110,714874,250127984,3,0,0,148480,3,73196075
10706,249426520,567535,249994055,7,0,0,2048,16,8244444755
10707,249437951,699876,250137827,4,0,0,32256,13,3278204051
10708,249466160,76857,249543017,1,0,1,1024,9,9745712982
10709,249466941,884697,250351638,4,0,0,236544,13,2826894855
10710,249502640,762611,250265251,3,0,0,33280,3,7073748737
10711,249504669,42038,249546707,6,0,1,11776,12,9964643139
10712,249517909,33162,249551071,6,0,1,13312,12,5472190643
10713,249524760,379480,249904240,7,0,0,2048,16,5653330554
10714,249551370,35317,249586687,1,0,1,3072,9,1912775926
10715,249564620,481187,250045807,6,0,0,1024,12,10656916242
10716,249593990,452768,250046758,1,0,0,3072,9,6813961587
10717,249600380,556733,250157113,0,0,0,7168,14,1172695890
10718,249603420,389965,249993385,6,0,0,3072,12,4897274606
10719,249623360,555076,250178436,9,0,0,44544,15,2843153596
10720,249650040,2470,249652510,1,0,1,2560,9,713812979
10721,249654330,868617,250522947,6,0,0,1024,12,2607795157
10722,249662901,516174,250179075,5,0,0,2048,18,2895417401
10723,249680761,841859,250522620,5,0,0,156160,18,8204264752
10724,249684739,1042,249685781,6,0,1,1024,12,6142726220
10725,249732650,739084,250471734,9,0,0,105472,15,8607390206
10726,249775940,217468,249993408,3,0,1,16896,3,8658412856
10727,249786191,793727,250579918,5,0,0,186880,18,7639993762
10728,249786741,798660,250585401,4,0,0,17920,13,2458509500
10729,249828170,819107,250647277,6,0,0,1536,12,2065645220
10730,249850420,624605,250475025,3,0,0,10752,3,6683099487
10731,249852420,414109,250266529,9,0,0,3072,15,2497131014
10732,249895960,149504,250045464,1,0,1,10752,9,11010145
10733,249909530,143576,250053106,2,0,1,8192,16,5145783113
10734,249938910,1124850,251063760,0,0,0,153600,14,700345526
10735,249946390,813973,250760363,0,0,0,151040,14,4897414860
10736,249959790,686996,250646786,7,0,0,512,16,2722282303
10737,249963410,711376,250674786,9,0,0,85504,15,8290886194
10738,250032479,148327,250180806,1,0,0,5632,9,9738543425
10739,250033520,641609,250675129,6,0,0,1024,12,7475419592
10740,250038820,226758,250265578,7,0,0,1024,16,4309964137
10741,250092900,555016,250647916,6,0,0,2048,12,7812911830
10742,250096820,967423,251064243,1,0,0,1536,9,6091438249
10743,250160100,528362,250688462,6,0,0,1536,12,5237595257
10744,250273240,495733,250768973,3,0,0,28160,3,8924977782
10745,250313910,334801,250648711,7,0,0,2560,16,945489925
10746,250353610,232906,250586516,7,0,0,3584,16,497104166
10747,250462120,318903,250781023,3,0,0,35328,3,6850773785
10748,250479511,537426,251016937,5,0,0,156672,18,6709998072
10749,250496381,178763,250675144,4,0,1,21504,13,7332497137
10750,250513240,614010,251127250,3,0,0,53760,3,9637837590
10751,250535371,280797,250816168,5,0,0,9728,18,5827578625
10752,250536390,683214,251219604,9,0,0,24576,15,9127669561
10753,250540670,276137,250816807,7,0,0,2048,16,8123303989
10754,250643110,55877,250698987,9,0,1,40448,15,6502408383
10755,250653330,418728,251072058,3,0,0,25600,3,1152977198
10756,250666370,534418,251200788,9,0,0,137728,15,1736097169
10757,250687311,82933,250770244,5,0,0,4096,18,9352940067
10758,250690081,151799,250841880,2,0,0,2560,16,5487598991
10759,250699450,60928,250760378,9,0,1,43008,15,690632776
10760,250744250,39860,250784110,9,0,1,9216,15,8146145281
10761,250835710,3128,250838838,9,0,1,9216,15,3820622646
10762,250929120,361662,251290782,3,0,0,30208,3,4357530892
10763,250935651,218975,251154626,7,0,0,2048,16,5225651921
10764,250957811,114442,251072253,5,0,0,512,18,4312493961
10765,251006981,303482,251310463,4,0,0,4608,13,4476689074
10766,251024011,366069,251390080,7,0,0,512,16,2144002214
10767,251040360,36226,251076586,3,0,1,4608,3,4868400827
10768,251138660,62322,251200982,7,0,0,512,16,10733423109
10769,251149410,5326,251154736,9,0,1,5632,15,7559323952
10770,251152620,48191,251200811,9,0,1,26624,15,6652346961
10771,251160020,258668,251418688,3,0,0,8704,3,1402770593
10772,251200390,170540,251370930,6,0,0,512,12,3173620285
10773,251203680,2946,251206626,3,0,1,3072,3,5186098228
10774,251220271,163255,251383526,7,0,0,512,16,5667928139
10775,251239111,163336,251402447,5,0,0,1536,18,9141185478
10776,251239561,108264,251347825,5,0,0,5120,18,857908640
10777,251299740,12825,251312565,9,0,1,21504,15,2962192016
10778,251343301,144543,251487844,4,0,0,48128,13,926448673
10779,251354921,3422,251358343,4,0,1,3584,13,9488659178
10780,251380260,191283,251571543,9,0,0,39936,15,9746750472
10781,251416770,4380,251421150,9,0,1,2560,15,2991440300
10782,251445500,294933,251740433,3,0,0,19968,3,5726427687
10783,251452140,129714,251581854,3,0,0,33792,3,6014703028
10784,251462260,208080,251670340,7,0,0,1536,16,861636982
10785,251471351,110674,251582025,5,0,0,512,18,9805641678
10786,251489930,64208,251554138,9,0,0,6656,15,9092781148
10787,251495741,23895,251519636,4,0,1,43008,13,6713693193
10788,251500900,23242,251524142,3,0,1,7168,3,10729687173
10789,251517540,198705,251716245,6,0,0,1024,12,10149023443
10790,251537050,259327,251796377,3,0,0,92672,3,7384259998
10791,251546060,332980,251879040,3,0,0,144896,3,10477259581
10792,251587651,172918,251760569,7,0,0,1024,16,190038690
10793,251613451,303138,251916589,4,0,0,57856,13,5187299550
10794,251635731,160825,251796556,5,0,0,512,18,5774897932
10795,251642120,296147,251938267,9,0,0,43008,15,4610768812
10796,251653010,343368,251996378,3,0,0,71680,3,3102193670
10797,251659131,12049,251671180,4,0,1,19968,13,9651235194
10798,251668541,130234,251798775,5,0,0,3584,18,8903400145
10799,251784481,95206,251879687,7,0,0,2048,16,5353364142
10800,251793861,161608,251955469,5,0,0,2560,18,4631704044
10801,251801541,79877,251881418,7,0,0,5632,16,5835179267
10802,251822871,1994,251824865,4,0,1,2048,13,3744577690
10803,251854201,31363,251885564,4,0,1,11264,13,10125639166
10804,251873690,42914,251916604,5,0,1,27648,18,8489202430
10805,251998900,71483,252070383,6,0,0,2048,12,5973314727
10806,252002401,442797,252445198,4,0,0,204288,13,907703008
10807,252052580,1518,252054098,3,0,1,1536,3,10610529205
10808,252060691,159231,252219922,7,0,0,1536,16,4689137202
10809,252063361,189642,252253003,5,0,0,2560,18,923005033
10810,252068690,103631,252172321,6,0,0,1024,12,3900619378
10811,252069751,602874,252672625,4,0,0,159232,13,1626985279
10812,252081340,472950,252554290,6,0,0,512,12,1315363642
10813,252091851,198757,252290608,5,0,0,512,18,8047037576
10814,252095690,189003,252284693,3,0,0,67072,3,6822043681
10815,252101520,10757,252112277,7,0,1,17408,16,78798062
10816,252101790,474346,252576136,7,0,0,512,16,1693066019
10817,252107100,90344,252197444,7,0,0,512,16,3792088860
10818,252124870,15837,252140707,7,0,1,30720,16,6844607431
10819,252135341,208160,252343501,5,0,0,1024,18,4413767230
10820,252187731,25962,252213693,4,0,1,47104,13,4141790816
10821,252190340,433021,252623361,3,0,0,58880,3,9292580454
10822,252198411,480960,252679371,4,0,0,22016,13,6688979778
10823,252223290,522697,252745987,9,0,0,172032,15,7692629310
10824,252251881,82569,252334450,5,0,0,7168,18,2870338854
10825,252252051,531616,252783667,5,0,0,512,18,2875108677
10826,252271851,201888,252473739,4,0,0,25600,13,10147917564
10827,252288990,479359,252768349,7,0,0,3584,16,7391362616
10828,252299120,636707,252935827,9,0,0,176128,15,2486021554
10829,252311431,570546,252881977,4,0,0,226816,13,1780065793
10830,252334061,4285,252338346,4,0,1,10752,13,10412204401
10831,252339131,543017,252882148,5,0,0,512,18,9834007674
10832,252342051,425191,252767242,4,0,0,69632,13,1837571430
10833,252342721,614235,252956956,4,0,0,46592,13,2182235974
10834,252395960,545350,252941310,3,0,0,17920,3,10114246204
10835,252399960,383240,252783200,3,0,0,48640,3,749017018
10836,252511120,508765,253019885,3,0,0,205312,3,10279394207
10837,252520111,4162,252524273,4,0,1,11264,13,1453263747
10838,252521341,4245,252525586,4,0,1,2048,13,10040850501
10839,252566250,5802,252572052,3,0,1,6144,3,7497666171
10840,252592170,364957,252957127,7,0,0,512,16,5711209849
10841,252623350,49298,252672648,3,0,1,17408,3,70866813
10842,252624520,410262,253034782,7,0,0,1536,16,2563814763
10843,252694351,262963,252957314,5,0,0,512,18,2270475826
10844,252694720,339579,253034299,9,0,0,47104,15,1913918004
10845,252701470,81753,252783223,3,0,1,6144,3,9554784575
10846,252744110,52907,252797017,3,0,1,23552,3,9263868415
10847,252811920,130825,252942745,7,0,0,4608,16,2996339169
10848,252862700,157208,253019908,3,0,1,3584,3,4694370425
10849,252886550,400193,253286743,9,0,0,133120,15,3766220231
10850,252896690,223547,253120237,7,0,0,1024,16,7748394817
10851,252925380,213650,253139030,7,0,0,1024,16,5826925401
10852,252955550,80709,253036259,3,0,1,1536,3,2270822709
10853,252963680,73565,253037245,8,0,1,1536,7,3884690447
10854,252972200,67897,253040097,3,0,1,11776,3,6101364140
10855,252974510,79559,253054069,3,0,1,28672,3,2497476272
10856,253031871,148970,253180841,4,0,0,7680,13,6604417389
10857,253043721,312221,253355942,4,0,0,76800,13,9563545832
10858,253051260,131766,253183026,6,0,0,3584,12,5141757388
10859,253058851,68874,253127725,5,0,0,512,18,7323764036
10860,253083821,248706,253332527,4,0,0,116224,13,7179709629
10861,253085730,201504,253287234,6,0,0,1536,12,7939179305
10862,253100560,3898,253104458,8,0,1,4096,7,6080393901
10863,253154341,3904,253158245,4,0,1,10752,13,5476977952
10864,253157340,3713,253161053,8,0,1,9728,7,2627266696
10865,253170261,186952,253357213,5,0,0,4096,18,7115259166
10866,253248300,45647,253293947,2,0,1,7168,16,311123880
10867,253335250,373633,253708883,9,0,0,241664,15,6810420795
10868,253353810,359003,253712813,3,0,0,12800,3,2401530291
10869,253438260,191149,253629409,3,0,0,127488,3,8438345193
10870,253454550,2470,253457020,2,0,1,2560,16,3399818274
10871,253469420,103260,253572680,6,0,0,2048,12,6841901699
10872,253489491,260150,253749641,4,0,0,81920,13,8296065685
10873,253526831,2870,253529701,4,0,1,8704,13,1411478367
10874,253527291,8729,253536020,4,0,1,15872,13,7874044891
10875,253570221,7706,253577927,4,0,1,8192,13,8725204205
10876,253617880,91018,253708898,8,0,1,26112,7,9882584600
10877,253623401,89599,253713000,5,0,0,512,18,2022381289
10878,253662061,54345,253716406,4,0,1,3584,13,8274501624
10879,253664140,54212,253718352,8,0,1,3072,7,2209624173
10880,253678571,91650,253770221,5,0,0,1024,18,9167056307
10881,253744380,194186,253938566,6,0,0,512,12,10053424640
10882,253769831,213726,253983557,4,0,0,11776,13,7809393638
10883,253793030,56372,253849402,9,0,0,6144,15,3750243355
10884,253815280,177625,253992905,3,0,0,7168,3,10608153928
10885,253831431,106964,253938395,4,0,0,51200,13,6138516268
10886,253870851,143198,254014049,4,0,0,61440,13,7103977548
10887,253870870,174943,254045813,9,0,0,54784,15,2197150686
10888,253940850,161387,254102237,3,0,0,51200,3,1767455522
10889,253972290,138503,254110793,3,0,0,8704,3,8007686478
10890,253972701,90086,254062787,5,0,0,1536,18,1116752118
10891,254018520,4850,254023370,2,0,1,5120,16,197136359
10892,254059681,135040,254194721,4,0,0,39936,13,3436563777
10893,254129950,566,254130516,2,0,1,512,16,2597911611
10894,254162661,11016,254173677,4,0,1,17920,13,7317343817
10895,254251870,48980,254300850,6,0,0,2048,12,5071447935
10896,254264411,61669,254326080,5,0,0,3072,18,1349721346
10897,254276690,55748,254332438,6,0,0,4096,12,4007269152
10898,254306040,110964,254417004,6,0,0,5632,12,7658338255
10899,254310100,103064,254413164,3,0,0,38400,3,9788713406
10900,254328331,49211,254377542,5,0,0,1024,18,1701511009
10901,254411780,193528,254605308,3,0,0,169472,3,5363547323
10902,254436290,360251,254796541,3,0,0,274432,3,3181314095
10903,254441920,4374,254446294,7,0,1,4608,16,954158139
10904,254444940,4162,254449102,7,0,1,11264,16,9789203185
10905,254451071,261367,254712438,4,0,0,46080,13,5920223246
10906,254454681,1042,254455723,4,0,1,1024,13,6893838804
10907,254464220,218122,254682342,6,0,0,512,12,10230608483
10908,254464330,347873,254812203,9,0,0,50688,15,8450034640
10909,254480651,167713,254648364,5,0,0,1024,18,5796014785
10910,254508501,3898,254512399,4,0,1,4096,13,6751997773
10911,254522801,341362,254864163,5,0,0,512,18,1951529302
10912,254548530,4850,254553380,8,0,1,5120,7,1230085641
10913,254551161,305117,254856278,5,0,0,1024,18,1011978327
10914,254553200,52123,254605323,7,0,1,2560,16,1193155428
10915,254588660,208068,254796728,6,0,0,512,12,9210660687
10916,254591190,261631,254852821,3,0,0,43520,3,7454003871
10917,254632830,25704,254658534,8,0,1,46592,7,131746719
10918,254641050,22976,254664026,8,0,1,26112,7,1185291605
10919,254676240,15837,254692077,7,0,1,30720,16,5927416115
10920,254687760,145292,254833052,3,0,0,1536,3,7773525826
10921,254715140,107779,254822919,8,0,1,17408,7,4323619243
10922,254737720,376094,255113814,9,0,0,8192,15,1768429527
10923,254758181,133792,254891973,4,0,0,3584,13,10092112526
10924,254777820,45867,254823687,8,0,1,11776,7,2809669859
10925,254799621,245145,255044766,5,0,0,4096,18,8625005535
10926,254814450,77850,254892300,3,0,0,1024,3,9425993069
10927,254823400,4374,254827774,8,0,1,4608,7,607958134
10928,254843050,15089,254858139,7,0,1,5632,16,1558481072
10929,254912700,209586,255122286,6,0,0,1024,12,1536534476
10930,254913451,76843,254990294,5,0,0,4096,18,10014488683
10931,254920870,108368,255029238,9,0,0,55808,15,7741990010
10932,254926680,50672,254977352,9,0,0,2560,15,3160090901
10933,254945360,165772,255111132,9,0,0,86528,15,3769686599
10934,254947621,163682,255111303,4,0,0,512,13,3821581905
10935,255043790,105377,255149167,6,0,0,512,12,5727061593
10936,255056610,75546,255132156,3,0,0,2048,3,24973495
10937,255061140,3422,255064562,7,0,1,3584,16,5953891445
10938,255082110,199878,255281988,3,0,0,2048,3,5179175979
10939,255127900,148100,255276000,9,0,0,2560,15,7317806637
10940,255131290,202411,255333701,9,0,0,157696,15,3979028271
10941,255166370,118744,255285114,6,0,0,6144,12,8122251940
10942,255210070,5454,255215524,7,0,1,13824,16,6399229644
10943,255259740,3422,255263162,7,0,1,3584,16,8831440034
10944,255272161,62039,255334200,5,0,0,1536,18,5733858064
10945,255310850,26756,255337606,2,0,1,3584,16,8317198492
10946,255313130,26050,255339180,8,0,1,10752,7,4463015918
10947,255319730,32334,255352064,8,0,1,26112,7,4666187287
10948,255343261,288292,255631553,4,0,0,245760,13,8183233416
10949,255352461,281135,255633596,4,0,0,6656,13,182923539
10950,255436370,6754,255443124,2,0,1,7168,16,6151406453
10951,255452090,3898,255455988,7,0,1,4096,16,5307071422
10952,255453251,307429,255760680,4,0,0,91136,13,1941542203
10953,255480770,47288,255528058,6,0,0,1536,12,9202602944
10954,255489840,5454,255495294,8,0,1,13824,7,5031376318
10955,255505470,227427,255732897,9,0,0,85504,15,4197647393
10956,255525569,23208,255548777,6,0,1,38400,12,8340915595
10957,255530450,25048,255555498,8,0,1,24064,7,3662623209
10958,255552960,80651,255633611,8,0,1,20480,7,6844369869
10959,255568530,193421,255761951,6,0,0,4096,12,7284002177
10960,255646690,5326,255652016,7,0,1,5632,16,10460045688
10961,255662510,12995,255675505,7,0,1,25088,16,124649431
10962,255673329,4122,255677451,6,0,1,3072,12,5953107541
10963,255677231,138399,255815630,4,0,0,27648,13,3435866479
10964,255690581,140040,255830621,4,0,0,49152,13,7253721033
10965,255699279,3128,255702407,6,0,1,9216,12,1915231633
10966,255723421,174180,255897601,4,0,0,14848,13,5236855053
10967,255734560,119551,255854111,6,0,0,512,12,2288427306
10968,255736210,48620,255784830,8,0,1,40960,7,7651828498
10969,255784891,7230,255792121,4,0,1,7680,13,10580081678
10970,255821220,12339,255833559,8,0,1,3072,7,9294066053
10971,255836190,4374,255840564,2,0,1,4608,16,7968675969
10972,255838850,3980,255842830,8,0,1,3584,7,8897614161
10973,255842620,3422,255846042,7,0,1,3584,16,92775572
10974,255849411,1518,255850929,4,0,1,1536,13,819191022
10975,255866360,93308,255959668,5,0,1,151552,18,9317037762
10976,255880740,249716,256130456,9,0,0,70656,15,7118853886
10977,255892771,287512,256180283,5,0,0,1536,18,672033508
10978,255898770,109901,256008671,3,0,0,4096,3,3003108544
10979,255929650,56349,255985999,5,0,1,84992,18,5191254622
10980,255931719,54434,255986153,6,0,1,8704,12,1844628828
10981,255931740,57319,255989059,7,0,1,4608,16,9238174999
10982,255933901,58704,255992605,4,0,1,5632,13,3054549934
10983,255940100,191166,256131266,3,0,0,512,3,9445788729
10984,255965170,165925,256131095,6,0,0,2048,12,7777380533
10985,256001451,3898,256005349,4,0,1,4096,13,9820785296
10986,256006701,309990,256316691,4,0,0,5120,13,3843779640
10987,256013340,87469,256100809,6,0,0,2048,12,5910634109
10988,256043700,6754,256050454,2,0,1,7168,16,6333062944
10989,256054591,412518,256467109,4,0,0,78848,13,3534972152
10990,256083129,5326,256088455,6,0,1,5632,12,5173677335
10991,256091341,7706,256099047,4,0,1,8192,13,1434900046
10992,256096490,5454,256101944,5,0,1,13824,18,3434332172
10993,256100240,459731,256559971,9,0,0,155648,15,4266852710
10994,256108620,295578,256404198,9,0,0,160768,15,7679718598
10995,256142759,23895,256166654,6,0,1,43008,12,1408125433
10996,256189019,4937,256193956,6,0,1,12800,12,6451350552
10997,256215250,15579,256230829,7,0,1,30208,16,3635215754
10998,256225460,6957,256232417,9,0,1,15872,15,1795390820
10999,256242171,4374,256246545,0,0,1,4608,14,8019816070
11000,256253431,2946,256256377,4,0,1,3072,13,5373156266
11001,256300501,12825,256313326,4,0,1,21504,13,10467862139
11002,256337671,299038,256636709,4,0,0,97792,13,6329139502
11003,256345571,423149,256768720,4,0,0,81408,13,1682170962
11004,256348260,6488,256354748,7,0,1,15872,16,6134129139
11005,256361430,109771,256471201,3,0,0,3072,3,7170251971
11006,256379920,363965,256743885,9,0,0,94720,15,9769232052
11007,256399621,176626,256576247,5,0,0,2048,18,9945610220
11008,256459891,191925,256651816,4,0,0,3584,13,1575745208
11009,256473220,23983,256497203,8,0,1,39936,7,6570631752
11010,256474380,33653,256508033,8,0,1,35328,7,9695573390
11011,256503620,5079,256508699,4,0,1,11264,13,143090257
11012,256535820,35718,256571538,8,0,1,18944,7,420527170
11013,256546540,25664,256572204,9,0,1,1024,15,9142594504
11014,256551160,218215,256769375,6,0,0,2048,12,850129698
11015,256580420,118887,256699307,3,0,0,1024,3,6591592755
11016,256613781,188508,256802289,4,0,0,38912,13,7346606389
11017,256677020,252354,256929374,9,0,0,54272,15,1147948817
11018,256687780,4679,256692459,7,0,1,12288,16,2677331304
11019,256709369,3898,256713267,6,0,1,4096,12,6598028435
11020,256712311,123825,256836136,4,0,0,62464,13,10233903525
11021,256716010,57995,256774005,8,0,1,5632,7,4009590619
11022,256719270,56837,256776107,9,0,1,14336,15,4790766892
11023,256775130,10499,256785629,8,0,1,16896,7,3708032360
11024,256826660,369183,257195843,9,0,0,116736,15,9930876948
11025,256918970,11914,256930884,7,0,1,1536,16,8864385531
11026,256937679,4937,256942616,6,0,1,12800,12,6886360277
11027,256978931,50672,257029603,5,0,0,2560,18,9108051569
11028,257004900,1042,257005942,9,0,1,1024,15,5130718435
11029,257040979,1518,257042497,6,0,1,1536,12,6515527964
11030,257047110,43904,257091014,3,0,0,512,3,6961668639
11031,257051010,4374,257055384,9,0,1,4608,15,4356450052
11032,257051990,4893,257056883,8,0,1,11776,7,9685320828
11033,257077419,7230,257084649,6,0,1,7680,12,6454140647
11034,257118480,303890,257422370,9,0,0,308224,15,9752701020
11035,257139661,98641,257238302,5,0,0,1536,18,8801765108
11036,257198600,2470,257201070,9,0,1,2560,15,3281754007
11037,257200349,1387,257201736,6,0,1,1024,12,2375648621
11038,257235160,566,257235726,9,0,1,512,15,6282301692
11039,257247470,176015,257423485,6,0,0,3584,12,1144120841
11040,257261810,203510,257465320,3,0,0,4096,3,3420559714
11041,257277580,146856,257424436,9,0,0,3072,15,10354685326
11042,257307980,3422,257311402,7,0,1,3584,16,9808876041
11043,257318711,105904,257424615,5,0,0,512,18,4956171501
11044,257330050,228150,257558200,9,0,0,32768,15,5121988886
11045,257372430,57881,257430311,7,0,1,14336,16,9572828715
11046,257419670,13671,257433341,7,0,1,4608,16,7851205869
11047,257428460,15560,257444020,7,0,1,23040,16,3526132215
11048,257459420,118297,257577717,3,0,0,1024,3,7075334928
11049,257462870,141400,257604270,6,0,0,3072,12,10190817974
11050,257463920,283976,257747896,9,0,0,148992,15,5368172557
11051,257483660,1042,257484702,9,0,1,1024,15,7263755710
11052,257506620,318153,257824773,9,0,0,33280,15,2756483045
11053,257560440,248155,257808595,9,0,0,53760,15,10550125002
11054,257589231,48980,257638211,4,0,0,2048,13,8951544956
11055,257592711,199489,257792200,4,0,0,97792,13,8045651957
11056,257595751,416312,258012063,4,0,0,120320,13,3628921989
11057,257607260,358897,257966157,9,0,0,197632,15,7241340521
11058,257736640,13718,257750358,9,0,1,2560,15,10044528863
11059,257780080,121438,257901518,3,0,0,3584,3,8591238544
11060,257808801,158463,257967264,5,0,0,3584,18,844984995
11061,257816671,150764,257967435,5,0,0,512,18,5967699939
11062,257886421,81185,257967606,5,0,0,512,18,1263148760
11063,257933490,134832,258068322,9,0,0,30720,15,8978172977
11064,257957119,124322,258081441,9,0,0,43008,15,9983091561
11065,258018821,102440,258121261,4,0,0,36352,13,7100386496
11066,258041651,65048,258106699,5,0,0,2560,18,5563514246
11067,258081781,128862,258210643,4,0,0,44032,13,3316046338
11068,258127870,101979,258229849,3,0,0,5120,3,8377090869
11069,258147870,66751,258214621,3,0,0,512,3,10649332739
11070,258242650,43904,258286554,3,0,0,512,3,9729752320
11071,258370840,55748,258426588,3,0,0,4096,3,4256960866
11072,258508180,43904,258552084,6,0,0,512,12,9498394696
11073,258525971,127867,258653838,4,0,0,106496,13,419369909
11074,258619070,53092,258672162,6,0,0,3072,12,1780676927
11075,258665351,203084,258868435,4,0,0,166400,13,9933359308
11076,258666520,50121,258716641,6,0,0,2048,12,6285449750
11077,258687971,262294,258950265,4,0,0,130048,13,8549683358
11078,258744430,34108,258778538,5,0,1,56320,18,10494148291
11079,258797681,264085,259061766,4,0,0,36864,13,9486125501
11080,258832391,133691,258966082,4,0,0,14336,13,10643458024
11081,258849340,112359,258961699,9,0,0,12800,15,1103224462
11082,258894660,4162,258898822,8,0,1,11264,7,3085212387
11083,258918751,37218,258955969,4,0,1,14336,13,9324863469
11084,258963101,48569,259011670,2,0,0,1024,16,294483523
11085,258964120,36516,259000636,5,0,1,60416,18,9596191653
11086,258975980,158700,259134680,9,0,0,80896,15,4353782559
11087,259004960,96346,259101306,6,0,0,1536,12,4915094099
11088,259035630,26159,259061789,5,0,1,39424,18,6275222585
11089,259046931,160539,259207470,4,0,0,35840,13,550733666
11090,259052161,82846,259135007,2,0,0,1024,16,5166214098
11091,259060861,128477,259189338,2,0,0,1536,16,8909142824
11092,259106411,169449,259275860,4,0,0,37888,13,6028488512
11093,259132421,48174,259180595,5,0,0,1024,18,6441223091
11094,259207171,243439,259450610,4,0,0,217088,13,2202360364
11095,259208541,43904,259252445,5,0,0,512,18,3216185749
11096,259286650,164443,259451093,3,0,0,1536,3,4020532029
11097,259305200,146220,259451420,6,0,0,1024,12,9020315334
11098,259418221,77095,259495316,2,0,0,512,16,6764699531
11099,259429801,75692,259505493,2,0,0,3584,16,10171243528
11100,259489061,1518,259490579,4,0,1,1536,13,4681664180
11101,259501651,43904,259545555,2,0,0,512,16,9369808160
11102,259575230,52364,259627594,3,0,0,3072,3,4361808673
11103,259607040,282488,259889528,9,0,0,304640,15,5370961301
11104,259635050,257925,259892975,9,0,0,11264,15,10289161586
11105,259651561,260328,259911889,5,0,0,1536,18,5484174474
11106,259679240,235020,259914260,6,0,0,7680,12,9968248525
11107,259711920,231584,259943504,9,0,0,40960,15,2785403063
11108,259722461,188945,259911406,4,0,0,60416,13,4376701137
11109,259751661,162926,259914587,5,0,0,1024,18,6302045941
11110,259838161,152878,259991039,4,0,0,22016,13,5329354393
11111,259844541,147293,259991834,2,0,0,2560,16,9806781018
11112,259872781,86413,259959194,2,0,0,1536,16,6443971225
11113,259933250,59067,259992317,3,0,0,1536,3,10471572552
11114,259941450,249827,260191277,9,0,0,264704,15,1161521326
11115,259952940,254452,260207392,9,0,0,52736,15,4273452079
11116,259962250,145060,260107310,6,0,0,512,12,5177677407
11117,260113860,124697,260238557,6,0,0,1536,12,6394237753
11118,260116480,126685,260243165,6,0,0,1536,12,8547670315
11119,260126271,247213,260373484,4,0,0,83968,13,9568761111
11120,260157150,79584,260236734,3,0,0,512,3,2608151537
11121,260204740,113774,260318514,9,0,0,47104,15,6876520942
11122,260242100,225001,260467101,9,0,0,147968,15,3154211928
11123,260244430,241124,260485554,6,0,0,1024,12,8126182510
11124,260296731,173505,260470236,4,0,0,10240,13,4965668233
11125,260297250,76725,260373975,3,0,0,1536,3,5491687459
11126,260311601,110401,260422002,4,0,0,9216,13,2346899340
11127,260354120,166172,260520292,9,0,0,94720,15,1269211592
11128,260408951,111668,260520619,5,0,0,1024,18,6162132528
11129,260474431,56351,260530782,5,0,0,1024,18,10462055925
11130,260593461,107588,260701049,4,0,0,53248,13,501022610
11131,260596530,105002,260701532,6,0,0,1536,12,3387693763
11132,260617650,49136,260666786,6,0,0,2560,12,551283487
11133,260702160,48980,260751140,3,0,0,2048,3,5663846446
11134,260783370,86696,260870066,9,0,0,19968,15,2495728529
11135,260812161,50984,260863145,5,0,0,3584,18,7223670843
11136,260830840,68554,260899394,6,0,0,3072,12,3099500889
11137,260883070,112268,260995338,9,0,0,68608,15,9786891822
11138,260912001,84435,260996436,5,0,0,512,18,9737574477
11139,260929911,226491,261156402,4,0,0,171520,13,3945771922
11140,260949300,129384,261078684,3,0,0,1024,3,5527687181
11141,261020260,147412,261167672,9,0,0,34816,15,559985183
11142,261026940,77130,261104070,3,0,0,2560,3,9102468499
11143,261051440,105601,261157041,3,0,0,2048,3,5055712117
11144,261129761,145000,261274761,4,0,0,86528,13,7079079637
11145,261176701,152702,261329403,4,0,0,37888,13,3142685014
11146,261285141,157593,261442734,5,0,0,1024,18,964902083
11147,261314531,127868,261442399,4,0,0,119808,13,2640497074
11148,261332161,394929,261727090,4,0,0,336896,13,895023615
11149,261372280,182379,261554659,6,0,0,2048,12,269362158
11150,261386860,361195,261748055,3,0,0,4608,3,4116018691
11151,261430201,194226,261624427,4,0,0,9216,13,9738249275
11152,261432250,298131,261730381,9,0,0,10752,15,10194497135
11153,261470261,276367,261746628,4,0,0,53248,13,4661237854
11154,261507690,279076,261786766,9,0,0,126976,15,3737391005
11155,261636030,150759,261786789,3,0,1,16896,3,9251145238
11156,261669410,122641,261792051,3,0,1,5632,3,4846860033
11157,261789981,48980,261838961,5,0,0,2048,18,5579779821
11158,261802551,43904,261846455,5,0,0,512,18,1591513084
11159,261812230,43904,261856134,3,0,0,512,3,10078622840
11160,261904460,47288,261951748,3,0,0,1536,3,4473265168
11161,261978461,169640,262148101,4,0,0,151040,13,7701784011
11162,261990290,101537,262091827,6,0,0,512,12,98359118
11163,261998000,78593,262076593,6,0,0,2048,12,1088668204
11164,262128290,70787,262199077,3,0,0,3584,3,10002383766
11165,262146710,13974,262160684,3,0,1,20992,3,867136988
11166,262161351,59104,262220455,5,0,0,2048,18,9494818480
11167,262243960,10757,262254717,3,0,1,17408,3,608666441
11168,262266970,45596,262312566,7,0,0,1024,16,45212850
11169,262290921,47288,262338209,5,0,0,1536,18,5646058148
11170,262334930,105248,262440178,9,0,0,45568,15,1438904330
11171,262344550,70976,262415526,3,0,0,8704,3,3261006433
11172,262377610,6278,262383888,3,0,1,6656,3,5300118454
11173,262394111,62611,262456722,5,0,0,512,18,2720909519
11174,262397720,94754,262492474,9,0,0,13312,15,4727438193
11175,262421630,121583,262543213,6,0,0,2560,12,1753575865
11176,262473880,68538,262542418,6,0,0,3584,12,2282164557
11177,262488060,63888,262551948,6,0,0,3072,12,3173571113
11178,262499420,566,262499986,3,0,1,512,3,9622945712
11179,262525191,43904,262569095,5,0,0,512,18,5026070555
11180,262534400,43904,262578304,3,0,0,512,3,6130318655
11181,262535270,566,262535836,3,0,1,512,3,2469162236
11182,262620380,3904,262624284,3,0,1,10752,3,379811102
11183,262696040,22691,262718731,3,0,1,37376,3,2324607216
11184,262720930,203742,262924672,9,0,0,127488,15,9019790724
11185,262730740,4420,262735160,8,0,1,11776,7,10251283460
11186,262731291,255667,262986958,4,0,0,103936,13,4286621070
11187,262775710,217645,262993355,3,0,0,512,3,2847587564
11188,262814680,302714,263117394,9,0,0,79360,15,4764905692
11189,262861190,4850,262866040,8,0,1,5120,7,1174753741
11190,262899210,26513,262925723,3,0,1,1024,3,3314500832
11191,262903540,27255,262930795,3,0,1,6144,3,5294579852
11192,262940471,138258,263078729,4,0,0,52736,13,5144769224
11193,262945360,41613,262986973,3,0,1,16384,3,6554529731
11194,262953410,67923,263021333,9,0,0,12800,15,10444556911
11195,262990280,88776,263079056,6,0,0,1024,12,6594171168
11196,263007090,2946,263010036,8,0,1,3072,7,10483889822
11197,263075820,4270,263080090,3,0,1,1024,3,5772027301
11198,263094271,128583,263222854,5,0,0,2560,18,5618033437
11199,263109460,31863,263141323,3,0,1,43008,3,1604887693
11200,263109940,76211,263186151,9,0,0,3584,15,4701260665
11201,263118100,202461,263320561,9,0,0,29696,15,10428211527
11202,263139920,3128,263143048,8,0,1,9216,7,9593399465
11203,263157160,11791,263168951,3,0,1,19456,3,9850184110
11204,263169420,4420,263173840,3,0,1,11776,3,10083602501
11205,263247151,125049,263372200,5,0,0,2560,18,4959555515
11206,263261300,10241,263271541,5,0,1,16384,18,483168754
11207,263327680,121309,263448989,3,0,0,5632,3,5845569502
11208,263329921,164678,263494599,4,0,0,26624,13,1090971375
11209,263481740,43904,263525644,3,0,0,512,3,4672410451
11210,263515061,133526,263648587,4,0,0,73216,13,1719357857
11211,263528540,3904,263532444,3,0,1,10752,3,3946077136
11212,263533470,166127,263699597,6,0,0,2048,12,5724005597
11213,263580230,241689,263821919,9,0,0,170496,15,10476630878
11214,263612461,130470,263742931,5,0,0,1024,18,749575269
11215,263614180,11274,263625454,3,0,1,18432,3,491491990
11216,263632860,129899,263762759,6,0,0,1536,12,5281552108
11217,263678451,145511,263823962,4,0,0,6656,13,1210460265
11218,263680140,69247,263749387,6,0,0,2048,12,3684472469
11219,263702310,1042,263703352,3,0,1,1024,3,1605844938
11220,263841991,105872,263947863,4,0,0,47616,13,2243363187
11221,263877510,12995,263890505,5,0,1,25088,18,9852688788
11222,263899850,1042,263900892,8,0,1,1024,7,4755175144
11223,263932031,138551,264070582,4,0,0,59904,13,7454456155
11224,263944840,6143,263950983,8,0,1,9216,7,4798670475
11225,263982920,174464,264157384,6,0,0,1024,12,3687128753
11226,264024060,3645,264027705,5,0,1,10240,18,4456945029
11227,264028300,15062,264043362,5,0,1,29184,18,9633642380
11228,264033330,49507,264082837,6,0,0,1024,12,6453471537
11229,264060460,10697,264071157,3,0,1,512,3,5945162586
11230,264061140,161072,264222212,6,0,0,1536,12,146131908
11231,264090860,7230,264098090,2,0,1,7680,16,4722005028
11232,264114670,5196,264119866,2,0,1,13312,16,2968782813
11233,264124110,6278,264130388,2,0,1,6656,16,6477145489
11234,264129330,58204,264187534,3,0,0,3072,3,890136994
11235,264150400,12995,264163395,2,0,1,25088,16,7060399550
11236,264177610,177356,264354966,6,0,0,4608,12,2166463594
11237,264206750,108212,264314962,9,0,0,55296,15,4764817891
11238,264235090,160710,264395800,9,0,0,12800,15,5757404100
11239,264249600,4850,264254450,9,0,1,5120,15,5577093301
11240,264260350,54939,264315289,6,0,0,1024,12,19104386
11241,264292401,268123,264560524,4,0,0,68096,13,4092830867
11242,264307451,158386,264465837,4,0,0,6656,13,4720357512
11243,264348880,4162,264353042,1,0,1,11264,9,800124672
11244,264363520,1042,264364562,1,0,1,1024,9,5320118145
11245,264371560,4420,264375980,3,0,1,11776,3,4006600631
11246,264387740,8075,264395815,8,0,1,7680,7,1605304673
11247,264402790,170832,264573622,6,0,0,4096,12,3272729303
11248,264415960,12825,264428785,1,0,1,21504,9,9377971821
11249,264428920,7230,264436150,2,0,1,7680,16,8985195722
11250,264458260,189597,264647857,6,0,0,512,12,2766219161
11251,264530730,116948,264647678,9,0,0,83968,15,5651376646
11252,264547990,14996,264562986,3,0,1,2560,3,6259055289
11253,264591320,4850,264596170,1,0,1,5120,9,1433455063
11254,264598480,170745,264769225,9,0,0,41472,15,8823895887
11255,264629991,146957,264776948,4,0,0,15872,13,1968228743
11256,264647901,189743,264837644,4,0,0,53760,13,676030267
11257,264652260,62420,264714680,6,0,0,3072,12,8341340988
11258,264662890,35312,264698202,5,0,1,61952,18,5075382267
11259,264725530,43710,264769240,5,0,1,52736,18,7573819616
11260,264732380,36875,264769255,8,0,1,2560,7,7598613347
11261,264782521,129201,264911722,4,0,0,25088,13,9138298205
11262,264786260,62674,264848934,5,0,1,101888,18,2920144833
11263,264807200,45920,264853120,1,0,1,6656,9,1225409365
11264,264813220,68286,264881506,3,0,0,1536,3,3398894520
11265,264872210,317222,265189432,9,0,0,111104,15,3801918118
11266,264893160,48980,264942140,6,0,0,2048,12,1185238489
11267,264918570,107693,265026263,9,0,0,36864,15,1953317186
11268,264981690,91053,265072743,6,0,0,1536,12,6543475253
11269,264986350,4679,264991029,1,0,1,12288,9,596016384
11270,264992280,566,264992846,8,0,1,512,7,857859280
11271,265003090,1042,265004132,1,0,1,1024,9,10146971621
11272,265006160,3422,265009582,3,0,1,3584,3,3275927673
11273,265007330,105670,265113000,5,0,1,175616,18,7592599579
11274,265035250,82576,265117826,8,0,1,7680,7,7981637216
11275,265040990,78462,265119452,8,0,1,2560,7,4443355935
11276,265051700,137911,265189611,3,0,0,512,3,4676666147
11277,265063940,60018,265123958,1,0,1,7168,9,9040539115
11278,265132590,13253,265145843,1,0,1,25600,9,8107467837
11279,265178970,14974,265193944,8,0,1,4608,7,7527219724
11280,265197821,164999,265362820,4,0,0,14336,13,1055902997
11281,265210490,75295,265285785,8,0,1,126464,7,7681916448
11282,265242691,323104,265565795,4,0,0,174080,13,6474969005
11283,265266510,230096,265496606,3,0,0,1024,3,8421876899
11284,265304040,4937,265308977,1,0,1,12800,9,10241505038
11285,265316650,566,265317216,1,0,1,512,9,6289003229
11286,265316850,156210,265473060,3,0,0,1024,3,2006131363
11287,265364670,111774,265476444,3,0,0,2048,3,1892511114
11288,265382060,2470,265384530,5,0,1,2560,18,905856063
11289,265452720,179508,265632228,6,0,0,512,12,4776147520
11290,265469491,151523,265621014,4,0,0,40448,13,5490868207
11291,265471030,94936,265565966,6,0,0,512,12,2093841076
11292,265490190,4374,265494564,3,0,1,4608,3,3470332803
11293,265546730,23602,265570332,3,0,1,4608,3,4029823045
11294,265638610,111020,265749630,9,0,0,64512,15,4762852047
11295,265650580,50999,265701579,8,0,1,82432,7,3582254630
11296,265657361,203804,265861165,4,0,0,115712,13,4342433197
11297,265677960,24605,265702565,9,0,1,1536,15,4304663911
11298,265678850,93825,265772675,8,0,1,152576,7,7245251923
11299,265702410,72211,265774621,1,0,1,3072,9,7288126272
11300,265729310,46297,265775607,3,0,1,1536,3,130393002
11301,265744710,31243,265775953,3,0,1,512,3,2385189298
11302,265762441,448196,266210637,4,0,0,208384,13,3547653810
11303,265802260,113919,265916179,6,0,0,512,12,7532858264
11304,265816550,44630,265861180,3,0,1,27648,3,1678307346
11305,265850821,405071,266255892,4,0,0,148480,13,8614309912
11306,265853170,8593,265861763,2,0,1,512,16,6778627558
11307,265864330,2870,265867200,9,0,1,8704,15,8401471424
11308,265892731,502203,266394934,4,0,0,132096,13,416361494
11309,265914070,4937,265919007,3,0,1,12800,3,468292558
11310,265929300,10499,265939799,3,0,1,16896,3,6080971507
11311,266022690,6278,266028968,9,0,1,6656,15,7724648552
11312,266027120,2194,266029314,3,0,1,512,3,8835612214
11313,266065441,289222,266354663,4,0,0,192512,13,8437652849
11314,266083650,332390,266416040,3,0,0,512,3,5213166040
11315,266119490,4937,266124427,1,0,1,12800,9,735066326
11316,266132771,283098,266415869,4,0,0,68608,13,10477090722
11317,266141660,4162,266145822,2,0,1,11264,16,3522439555
11318,266242780,14146,266256926,9,0,1,1024,15,8602869232
11319,266268470,148217,266416687,3,0,0,2048,3,635446028
11320,266308720,108631,266417351,3,0,1,36864,3,5131051305
11321,266340350,80586,266420936,3,0,1,12800,3,10171977280
11322,266421510,1994,266423504,9,0,1,2048,15,8832883355
11323,266451720,11016,266462736,8,0,1,17920,7,6986116947
11324,266504040,373546,266877586,9,0,0,9728,15,5435782179
11325,266504690,566,266505256,3,0,1,512,3,1865199731
11326,266525080,52359,266577439,6,0,0,512,12,1284701802
11327,266537130,89324,266626454,9,0,0,23552,15,4692570020
11328,266541360,4850,266546210,3,0,1,5120,3,5958378038
11329,266559460,315116,266874576,9,0,0,166400,15,1373343551
11330,266595280,13858,266609138,2,0,1,23552,16,1840576857
11331,266631731,189637,266821368,4,0,0,93696,13,467211472
11332,266638600,45696,266684296,8,0,1,78848,7,9934116075
11333,266654350,126806,266781156,3,0,0,2048,3,10633301926
11334,266659850,117658,266777508,3,0,0,10240,3,7509447330
11335,266663450,86196,266749646,8,0,1,144384,7,10570882344
11336,266673830,76162,266749992,1,0,1,512,9,4821631261
11337,266676980,217925,266894905,9,0,0,6144,15,3558579352
11338,266683420,282998,266966418,9,0,0,86016,15,8885686355
11339,266691549,59519,266751068,6,0,1,13312,12,8776692635
11340,266692380,239853,266932233,6,0,0,5632,12,5796510302
11341,266731020,21431,266752451,3,0,1,14848,3,7913451793
11342,266749500,133717,266883217,3,0,0,3072,3,308479374
11343,266756410,123728,266880138,3,0,0,2048,3,6118202152
11344,266758710,219423,266978133,9,0,0,38400,15,9998849536
11345,266821260,53339,266874599,9,0,1,72704,15,4160844363
11346,266829100,60494,266889594,9,0,1,19968,15,35988867
11347,266870651,228517,267099168,4,0,0,1024,13,7755457396
11348,266883080,174033,267057113,6,0,0,2560,12,6548518204
11349,266924410,431163,267355573,9,0,0,279552,15,6210816984
11350,266968910,11685,266980595,3,0,1,2560,3,8332705865
11351,266986750,3904,266990654,3,0,1,10752,3,7141114590
11352,267007161,356563,267363724,4,0,0,26624,13,5630113752
11353,267028780,65170,267093950,8,0,1,110080,7,6169149981
11354,267055060,81142,267136202,5,0,1,120320,18,426737669
11355,267077620,59350,267136970,9,0,1,11776,15,9819566318
11356,267093020,44936,267137956,1,0,1,1536,9,96943220
11357,267103080,35644,267138724,3,0,1,11776,3,4123611432
11358,267116120,26470,267142590,2,0,1,6144,16,4836291357
11359,267134930,13357,267148287,1,0,1,18944,9,7915398229
11360,267156501,231157,267387658,4,0,0,14848,13,10534476802
11361,267157060,323185,267480245,3,0,0,3072,3,1150569644
11362,267158540,15321,267173861,1,0,1,29696,9,740155985
11363,267215840,218886,267434726,3,0,0,1536,3,480740582
11364,267255700,2470,267258170,2,0,1,2560,16,8439394214
11365,267264231,118888,267383119,4,0,0,20992,13,7565244874
11366,267278510,90652,267369162,2,0,1,13824,16,2729761766
11367,267324450,45698,267370148,3,0,1,1536,3,6261800027
11368,267339430,64012,267403442,8,0,1,61440,7,4148143570
11369,267343100,216891,267559991,3,0,0,1536,3,2764140719
11370,267363890,45658,267409548,3,0,1,29184,3,8658889319
11371,267372411,385196,267757607,4,0,0,261120,13,6578443939
11372,267374150,36269,267410419,1,0,1,12288,9,8710272169
11373,267395660,20046,267415706,9,0,1,25088,15,9586271304
11374,267407240,8927,267416167,3,0,1,10240,3,10454588554
11375,267542290,215488,267757778,3,0,0,512,3,4095617002
11376,267581490,3387,267584877,9,0,1,9728,15,1535465412
11377,267589181,182652,267771833,4,0,0,46080,13,1988106849
11378,267744351,218452,267962803,4,0,0,82944,13,4476374409
11379,267887170,4937,267892107,3,0,1,12800,3,7356427713
11380,267923130,4850,267927980,9,0,1,5120,15,8784376973
11381,267932420,30398,267962818,3,0,1,16896,3,3429845333
11382,267951410,14287,267965697,2,0,1,8704,16,4250494877
11383,267956320,10201,267966521,2,0,1,1024,16,9007595544
11384,267972590,12566,267985156,3,0,1,20992,3,10732669414
11385,267999451,237915,268237366,4,0,0,85504,13,7236028386
11386,268051440,6278,268057718,3,0,1,6656,3,4048651104
11387,268085050,1518,268086568,9,0,1,1536,15,8966777481
11388,268140581,276785,268417366,4,0,0,33792,13,10227576670
11389,268151830,5971,268157801,7,0,1,14848,16,7015621170
11390,268185380,511448,268696828,9,0,0,400384,15,4422079352
11391,268193330,229598,268422928,3,0,0,512,3,9692830128
11392,268196400,225304,268421704,3,0,0,1536,3,5768513503
11393,268252980,13858,268266838,1,0,1,23552,9,630721368
11394,268286240,196844,268483084,9,0,0,21504,15,6245480311
11395,268310440,249337,268559777,3,0,0,2560,3,5487993836
11396,268316130,242369,268558499,9,0,0,100352,15,9134943536
11397,268343270,36863,268380133,8,0,1,65024,7,569787358
11398,268395690,163292,268558982,9,0,0,1536,15,7785186621
11399,268488940,208543,268697483,3,0,0,2048,3,9982286574
11400,268526771,173223,268699994,4,0,0,8192,13,2508959576
11401,268593500,113683,268707183,7,0,1,7680,16,3732738839
11402,268602590,104849,268707439,7,0,1,9216,16,80805072
11403,268726360,47590,268773950,9,0,0,512,15,3748949967
11404,268813631,189344,269002975,4,0,0,160256,13,6878160411
11405,268815280,7706,268822986,8,0,1,8192,7,3598370341
11406,268822210,3898,268826108,1,0,1,4096,9,125237721
11407,268836000,94225,268930225,9,0,0,1024,15,8776036762
11408,268839401,227033,269066434,4,0,0,124416,13,1746364357
11409,268915910,5712,268921622,2,0,1,14336,16,346381665
11410,268949400,118484,269067884,3,0,0,512,3,9939190670
11411,268971080,96625,269067705,3,0,0,4096,3,10674690700
11412,268978901,134955,269113856,4,0,0,64000,13,5053172653
11413,268988591,296427,269285018,4,0,0,231424,13,6278998883
11414,269031780,60733,269092513,8,0,1,44544,7,8538093469
11415,269058130,148712,269206842,3,0,0,2560,3,6481966698
11416,269168880,237295,269406175,5,0,1,388608,18,4348417529
11417,269175550,241147,269416697,5,0,1,33792,18,3007101598
11418,269201660,218263,269419923,3,0,1,5120,3,296459813
11419,269204670,389915,269594585,5,0,1,477696,18,2302790325
11420,269213770,397494,269611264,5,0,1,63488,18,9208688054
11421,269222450,391080,269613530,7,0,1,3584,16,9866059855
11422,269230510,388717,269619227,3,0,1,27136,3,8887425792
11423,269235280,177001,269412281,9,0,0,1024,15,4496506134
11424,269240880,241521,269482401,9,0,0,1024,15,8508535325
11425,269250929,371524,269622453,6,0,1,5120,12,9778414451
11426,269269279,353520,269622799,6,0,1,512,12,2359814122
11427,269270690,141048,269411738,9,0,0,512,15,6633748553
11428,269281840,342905,269624745,3,0,1,3072,3,9064383005
11429,269309670,501826,269811496,9,0,0,3072,15,6883004693
11430,269309770,522751,269832521,3,0,0,512,3,489271924
11431,269323570,307896,269631466,7,0,1,24064,16,9583616741
11432,269327190,371301,269698491,9,0,0,18944,15,9917163584
11433,269350391,631670,269982061,4,0,0,166400,13,6899487200
11434,269385139,247505,269632644,6,0,1,13824,12,6764836978
11435,269402180,236775,269638955,3,0,1,22016,3,7416801378
11436,269424740,241058,269665798,5,0,1,95744,18,3536494613
11437,269461940,245588,269707528,5,0,1,134144,18,6690990424
11438,269470970,242255,269713225,3,0,1,18944,3,6545863602
11439,269526830,228637,269755467,5,0,1,136704,18,324797989
11440,269531640,234759,269766399,5,0,1,44032,18,3652968216
11441,269542710,280920,269823630,5,0,1,192000,18,10105871232
11442,269622750,388077,270010827,3,0,0,1536,3,4284718411
11443,269664190,170577,269834767,3,0,1,36864,3,5583825965
11444,269677220,162936,269840156,3,0,1,25600,3,6006792821
11445,269682090,445866,270127956,3,0,0,512,3,1916689772
11446,269689969,152773,269842742,6,0,1,4096,12,6396383419
11447,269734390,295416,270029806,6,0,0,1024,12,1186141115
11448,269807251,291768,270099019,4,0,0,84992,13,4406049889
11449,269807520,52004,269859524,5,0,1,55808,18,2450663028
11450,269826400,33892,269860292,3,0,1,11776,3,2053414565
11451,269908250,5454,269913704,3,0,1,13824,3,3520437605
11452,269982610,241492,270224102,9,0,0,36864,15,9830360786
11453,270025450,3645,270029095,8,0,1,10240,7,2049085908
11454,270070019,1518,270071537,6,0,1,1536,12,1102928026
11455,270097750,4683,270102433,3,0,1,3584,3,9488302443
11456,270099960,276809,270376769,9,0,0,44544,15,6732387744
11457,270120440,566,270121006,3,0,1,512,3,6280020611
11458,270127810,116828,270244638,3,0,0,512,3,4720577930
11459,270132139,4162,270136301,6,0,1,11264,12,3038241679
11460,270139540,128921,270268461,3,0,0,5120,3,444575307
11461,270184650,2470,270187120,7,0,1,2560,16,6597649988
11462,270195030,34108,270229138,8,0,1,56320,7,10590045872
11463,270197630,216459,270414089,3,0,0,1536,3,5679604361
11464,270202220,56515,270258735,8,0,1,80384,7,8849607997
11465,270223910,201859,270425769,1,0,0,512,9,5257284473
11466,270228921,225232,270454153,4,0,0,7680,13,8265725856
11467,270236870,92663,270329533,9,0,0,5632,15,3144912108
11468,270261380,177627,270439007,3,0,0,1536,3,2740801946
11469,270263510,277020,270540530,8,0,1,452608,7,292885718
11470,270305751,242059,270547810,2,0,0,2048,16,6197852616
11471,270325750,438281,270764031,9,0,0,17408,15,4041865821
11472,270329140,216882,270546022,1,0,1,17920,9,9700337883
11473,270418991,97291,270516282,4,0,0,4608,13,4733027326
11474,270440559,106231,270546790,6,0,1,11776,12,3070037926
11475,270460489,87336,270547825,6,0,1,12800,12,3695585185
11476,270481310,102640,270583950,8,0,1,123904,7,7718665964
11477,270491309,92987,270584296,6,0,1,512,12,5567671309
11478,270492690,96995,270589685,8,0,1,17408,7,746864227
11479,270493950,222862,270716812,3,0,0,1536,3,4453255256
11480,270520660,70651,270591311,3,0,1,2560,3,1461326985
11481,270541660,347533,270889193,9,0,0,41472,15,7696316333
11482,270605699,3898,270609597,6,0,1,4096,12,5474795775
11483,270626661,454150,271080811,4,0,0,59392,13,1422333346
11484,270713270,205716,270918986,8,0,1,333824,7,2868283560
11485,270745829,173823,270919652,6,0,1,1024,12,3482837375
11486,270746850,178703,270925553,1,0,1,19968,9,6740503293
11487,270758650,173214,270931864,1,0,1,22016,9,9897050220
11488,270768550,163468,270932018,3,0,1,8704,3,9673797123
11489,270774910,158734,270933644,8,0,1,2560,7,6032581139
11490,270776559,161271,270937830,6,0,1,6656,12,9475593007
11491,270787500,194810,270982310,3,0,0,2048,3,9765067564
11492,270853199,85297,270938496,6,0,1,1024,12,9508019258
11493,270863800,355552,271219352,9,0,0,171520,15,6324939831
11494,270899000,198786,271097786,3,0,0,512,3,4678828275
11495,270995400,223967,271219367,8,0,1,281088,7,4914941766
11496,271025611,357144,271382755,4,0,0,14336,13,1772518065
11497,271039581,428212,271467793,4,0,0,204800,13,1137543561
11498,271055330,164068,271219398,8,0,1,152064,7,10592671467
11499,271100110,121178,271221288,1,0,1,24576,9,2527752254
11500,271110530,111219,271221749,1,0,1,10240,9,4296936645
11501,271166440,61313,271227753,1,0,1,28672,9,1078404902
11502,271172409,55908,271228317,6,0,1,10752,12,6659619740
11503,271177390,219021,271396411,3,0,0,1024,3,8826784778
11504,271239561,473319,271712880,4,0,0,186880,13,10430474236
11505,271311499,3128,271314627,6,0,1,9216,12,2836790273
11506,271326960,32987,271359947,8,0,1,57344,7,7679868628
11507,271347580,225552,271573132,3,0,0,3072,3,8424437000
11508,271373450,94366,271467816,8,0,1,106496,7,7937540000
11509,271375611,423688,271799299,4,0,0,90112,13,10213657771
11510,271464639,4221,271468860,6,0,1,1024,12,8625083080
11511,271523720,219290,271743010,3,0,0,3072,3,1154351347
11512,271573960,4850,271578810,1,0,1,5120,9,5969203409
11513,271589680,2470,271592150,1,0,1,2560,9,1776497288
11514,271638360,74551,271712911,8,0,1,76800,7,8746872324
11515,271653330,370398,272023728,9,0,0,57856,15,2503357169
11516,271662250,56950,271719200,2,0,1,6656,16,7933968978
11517,271701890,137518,271839408,5,0,1,202240,18,6633782280
11518,271727920,116314,271844234,2,0,1,7680,16,10407459246
11519,271729979,119952,271849931,6,0,1,18944,12,3029577191
11520,271767050,345543,272112593,9,0,0,77824,15,6861631745
11521,271768299,86138,271854437,6,0,1,7168,12,135038526
11522,271795980,206787,272002767,3,0,0,1024,3,3856176980
11523,271797210,68876,271866086,1,0,1,47616,9,7055802613
11524,271827980,38772,271866752,1,0,1,1024,9,3905986499
11525,271837010,36463,271873473,8,0,1,32256,7,9468742437
11526,271855120,33906,271889026,8,0,1,49664,7,9313364512
11527,271872120,21732,271893852,1,0,1,7680,9,1617971034
11528,271874061,21174,271895235,4,0,1,14848,13,3346422645
11529,271916440,230479,272146919,9,0,0,52224,15,4724498983
11530,271966810,207043,272173853,3,0,0,24576,3,3478746276
11531,271978970,12566,271991536,5,0,1,20992,18,8771786401
11532,271988930,344849,272333779,3,0,0,17408,3,10395601390
11533,272009280,221655,272230935,9,0,0,51200,15,251059417
11534,272029000,4162,272033162,8,0,1,11264,7,8905081297
11535,272030340,12640,272042980,5,0,1,16896,18,7263151828
11536,272046000,5326,272051326,2,0,1,5632,16,10325460827
11537,272074469,38139,272112608,6,0,1,34816,12,6527431752
11538,272079170,33453,272112623,5,0,1,6656,18,653232941
11539,272103450,43484,272146934,8,0,1,40448,7,5639229424
11540,272128870,18079,272146949,1,0,1,2560,9,4886064290
11541,272145630,5215,272150845,2,0,1,10752,16,5992264444
11542,272147559,7557,272155116,6,0,1,5120,12,7978445262
11543,272150851,153169,272304020,4,0,0,45056,13,10423678345
11544,272154730,361781,272516511,9,0,0,81408,15,10684067228
11545,272233910,34279,272268189,8,0,1,59904,7,2844862176
11546,272240619,38707,272279326,6,0,1,45056,12,4230308756
11547,272247720,431597,272679317,3,0,0,232448,3,4325915355
11548,272265710,14999,272280709,2,0,1,14848,16,2240070988
11549,272282841,259745,272542586,4,0,0,37888,13,10184362637
11550,272324300,378900,272703200,3,0,0,78336,3,2359240552
11551,272336210,566,272336776,2,0,1,512,16,7483472004
11552,272359770,74091,272433861,8,0,1,120832,7,6444977237
11553,272363300,76258,272439558,8,0,1,27136,7,6667610112
11554,272388640,61440,272450080,8,0,1,41984,7,2605458069
11555,272409750,46027,272455777,2,0,1,18944,16,10563479010
11556,272450750,111749,272562499,8,0,1,180736,7,3009075679
11557,272455930,112368,272568298,2,0,1,19456,16,8772802701
11558,272503311,464573,272967884,4,0,0,378880,13,554925990
11559,272536940,211783,272748723,5,0,1,337920,18,83098366
11560,272618450,701757,273320207,9,0,0,96256,15,6023169184
11561,272618700,135515,272754215,8,0,1,17920,7,5596414269
11562,272630870,659963,273290833,3,0,0,211456,3,9878071386
11563,272633220,127613,272760833,2,0,1,23552,16,7422432274
11564,272644710,157648,272802358,8,0,1,133120,7,1695967084
11565,272648980,154454,272803434,1,0,1,13312,9,3589430561
11566,272734200,486201,273220401,3,0,0,244224,3,2885588842
11567,272862560,710279,273572839,9,0,0,120320,15,2927807635
11568,272916961,405312,273322273,4,0,0,6656,13,2695876285
11569,272962420,8376,272970796,1,0,1,8704,9,2514679323
11570,272987670,238712,273226382,3,0,0,19456,3,3687777397
11571,272996720,101366,273098086,8,0,1,163840,7,3735313312
11572,273000580,134513,273135093,5,0,1,119808,18,1192590351
11573,273027350,193066,273220416,8,0,1,137216,7,10576728129
11574,273042350,178081,273220431,7,0,1,14848,16,9588669079
11575,273062980,227876,273290856,5,0,1,86528,18,6082746048
11576,273068510,251712,273320222,8,0,1,102400,7,265538485
11577,273159060,370869,273529929,5,0,1,392192,18,9637237013
11578,273192021,328226,273520247,4,0,0,69120,13,9537677858
11579,273201180,333895,273535075,3,0,1,8192,3,7318849047
11580,273239560,368965,273608525,8,0,1,237056,7,1823799117
11581,273276680,587211,273863891,9,0,0,257536,15,7415930484
11582,273297930,317213,273615143,2,0,1,23552,16,8033843993
11583,273303200,333653,273636853,5,0,1,79360,18,6450339732
11584,273316540,325907,273642447,5,0,1,26624,18,6965453693
11585,273336480,389273,273725753,5,0,1,275968,18,8025988692
11586,273343510,387837,273731347,1,0,1,18432,9,9948354892
11587,273346760,385970,273732730,2,0,1,14848,16,7242849929
11588,273473750,259441,273733191,8,0,1,10240,7,8791338416
11589,273525290,213905,273739195,8,0,1,20480,7,283539966
11590,273543430,206902,273750332,8,0,1,45056,7,7735838905
11591,273683410,67268,273750678,1,0,1,512,9,2032441289
11592,273688070,69226,273757296,2,0,1,31744,16,10710904724
11593,273775890,88024,273863914,8,0,1,19456,7,1618827182
11594,273787460,527056,274314516,3,0,0,133632,3,5643243867
11595,273885030,2946,273887976,1,0,1,3072,9,8076633540
11596,273923320,5971,273929291,1,0,1,14848,9,6841846951
11597,273965140,11533,273976673,2,0,1,18944,16,9067116598
11598,274006661,495232,274501893,4,0,0,38912,13,6934940338
11599,274026790,636063,274662853,3,0,0,168448,3,1272614524
11600,274030760,4850,274035610,1,0,1,5120,9,1344194765
11601,274141671,348351,274490022,4,0,0,93184,13,7278738849
11602,274217790,7230,274225020,9,0,1,7680,15,3079194829
11603,274220590,442278,274662868,8,0,1,718848,7,4516305542
11604,274294190,413940,274708130,8,0,1,148480,7,3353949613
11605,274296410,411874,274708284,1,0,1,8704,9,7990532428
11606,274309781,590933,274900714,4,0,0,15872,13,9131080504
11607,274350720,363568,274714288,1,0,1,20480,9,9598911900
11608,274357921,451934,274809855,4,0,0,82944,13,4119943714
11609,274429210,290467,274719677,8,0,1,17408,7,1004824692
11610,274483740,509215,274992955,3,0,0,15872,3,2661435539
11611,274495470,229904,274725374,1,0,1,27136,9,4899469873
11612,274773711,461054,275234765,4,0,0,242688,13,4021032362
11613,274786851,24080,274810931,0,0,1,1024,14,4319109870
11614,274792111,549362,275341473,4,0,0,115712,13,1992477651
11615,274794110,30378,274824488,5,0,1,27648,18,9923017503
11616,274826151,558393,275384544,4,0,0,141312,13,5640290098
11617,274838930,73833,274912763,8,0,1,120320,7,4485435959
11618,274840951,83358,274924309,0,0,1,38912,14,10467396500
11619,274864090,552511,275416601,3,0,0,104960,3,9821340872
11620,274926461,3128,274929589,0,0,1,9216,14,4653933661
11621,274935900,4679,274940579,8,0,1,12288,7,2013039461
11622,274953410,11791,274965201,8,0,1,19456,7,209093813
11623,274958900,46183,275005083,8,0,1,78848,7,6875237231
11624,275029290,94858,275124148,5,0,1,154624,18,7669099427
11625,275058560,97257,275155817,8,0,1,102400,7,4903106949
11626,275060020,435173,275495193,9,0,0,50688,15,2837129179
11627,275084280,71883,275156163,8,0,1,512,7,10543318234
11628,275126040,108788,275234828,5,0,1,132608,18,614884395
11629,275128850,117048,275245898,1,0,1,17920,9,101693386
11630,275155010,95714,275250724,1,0,1,7680,9,2932830137
11631,275155300,229291,275384591,5,0,1,198144,18,9987500794
11632,275157350,453359,275610709,9,0,0,33280,15,8506406703
11633,275185021,199585,275384606,0,0,1,33280,14,5018212751
11634,275186030,230586,275416616,8,0,1,20480,7,2339125322
11635,275261741,351635,275613376,4,0,0,8704,13,8803070364
11636,275267081,391375,275658456,4,0,0,28672,13,4012868943
11637,275292590,495839,275788429,9,0,0,22016,15,1350175325
11638,275347830,113237,275461067,5,0,1,73216,18,2405235839
11639,275402751,59622,275462373,0,0,1,2048,14,9839019652
11640,275424920,70288,275495208,5,0,1,90112,18,1692207442
11641,275439780,456300,275896080,9,0,0,90112,15,10407905841
11642,275440611,54612,275495223,0,0,1,9728,14,9385615905
11643,275468301,461577,275929878,4,0,0,51712,13,3321240230
11644,275472770,22468,275495238,1,0,1,1536,9,7234289840
11645,275505440,5326,275510766,1,0,1,5632,9,484642468
11646,275566770,182446,275749216,9,0,0,8192,15,8474470667
11647,275590050,3422,275593472,1,0,1,3584,9,649349979
11648,275658631,11274,275669905,4,0,1,18432,13,6258584523
11649,275663080,78337,275741417,8,0,1,130048,7,7202211317
11650,275663851,277274,275941125,4,0,0,36864,13,9050508090
11651,275675370,67033,275742403,1,0,1,1536,9,9864353677
11652,275717710,347516,276065226,3,0,0,89600,3,2940741601
11653,275724420,229754,275954174,9,0,0,26112,15,4008146955
11654,275740710,2039,275742749,1,0,1,512,9,7183205450
11655,275743070,475122,276218192,3,0,0,59392,3,7329645198
11656,275752541,3422,275755963,0,0,1,3584,14,3957562820
11657,275775651,359382,276135033,4,0,0,12288,13,6952027749
11658,275784040,37368,275821408,5,0,1,57344,18,6652729065
11659,275807280,54270,275861550,8,0,1,92160,7,6378261945
11660,275808730,287883,276096613,9,0,0,91136,15,9806580926
11661,275866680,29415,275896095,8,0,1,6656,7,19819991
11662,275912490,73575,275986065,5,0,1,119808,18,1305426835
11663,275953740,564168,276517908,3,0,0,74240,3,2438456689
11664,275971590,226684,276198274,9,0,0,19968,15,7642013710
11665,276019530,347653,276367183,9,0,0,71680,15,4609676459
11666,276032140,33101,276065241,5,0,1,27648,18,9103362324
11667,276051760,44876,276096636,1,0,1,7168,9,10336434923
11668,276059990,500239,276560229,9,0,0,57344,15,9863920423
11669,276068890,425249,276494139,9,0,0,156160,15,7048412222
11670,276090410,343654,276434064,9,0,0,15872,15,8454523585
11671,276140050,514100,276654150,3,0,0,132096,3,5530606093
11672,276155971,1042,276157013,0,0,1,1024,14,7680328524
11673,276203360,18722,276222082,1,0,1,4096,9,6194540908
11674,276226040,461064,276687104,9,0,0,108032,15,6293264029
11675,276242200,3904,276246104,1,0,1,10752,9,2255404350
11676,276338421,28777,276367198,0,0,1,27648,14,3749288435
11677,276356481,537990,276894471,4,0,0,155136,13,10449625197
11678,276361651,435638,276797289,4,0,0,139776,13,6364441209
11679,276363850,7035,276370885,2,0,1,10240,16,2129169974
11680,276410100,4374,276414474,1,0,1,4608,9,5368665619
11681,276426090,7989,276434079,1,0,1,12288,9,1297618526
11682,276444070,518533,276962603,3,0,0,62464,3,5798888010
11683,276445971,48183,276494154,0,0,1,6144,14,10465741246
11684,276465020,450129,276915149,3,0,0,53248,3,4888496908
11685,276467470,128109,276595579,5,0,1,163840,18,5473831055
11686,276486560,456996,276943556,3,0,0,93184,3,1149788525
11687,276488460,107580,276596040,1,0,1,10240,9,2366860555
11688,276561650,50865,276612515,5,0,1,54272,18,2658597620
11689,276580001,399035,276979036,4,0,0,31744,13,4284534897
11690,276605501,48664,276654165,0,0,1,4096,14,8836271882
11691,276612200,221195,276833395,3,0,0,6144,3,848001223
11692,276633410,63919,276697329,2,0,1,16384,16,7931261519
11693,276649250,56455,276705705,5,0,1,23040,18,5600035526
11694,276675421,36288,276711709,0,0,1,20480,14,9742445818
11695,276738720,1518,276740238,2,0,1,1536,16,4677200082
11696,276743191,2946,276746137,0,0,1,3072,14,9634089593
11697,276834920,3904,276838824,2,0,1,10752,16,2768249314
11698,276855630,106988,276962618,5,0,1,110080,18,6138785452
11699,277008090,351311,277359401,3,0,0,289280,3,1100961495
11700,277048990,54270,277103260,5,0,1,92160,18,1831955506
11701,277070140,300736,277370876,3,0,0,20480,3,8637465518
11702,277121200,91757,277212957,5,0,1,148480,18,2993547670
11703,277134071,300754,277434825,4,0,0,140288,13,9928386963
11704,277222050,419709,277641759,9,0,0,62976,15,1406005131
11705,277255410,104030,277359440,5,0,1,118784,18,9352170312
11706,277260990,421976,277682966,3,0,0,135168,3,2364220995
11707,277294801,76090,277370891,0,0,1,7168,14,2462220286
11708,277315920,60794,277376714,5,0,1,29184,18,6781810669
11709,277333451,632462,277965913,4,0,0,434176,13,1551189773
11710,277384011,312854,277696865,4,0,0,45568,13,2252793750
11711,277413860,675459,278089319,3,0,0,94720,3,7545503899
11712,277446160,553628,277999788,3,0,0,111104,3,9801924935
11713,277628001,662412,278290413,4,0,0,216576,13,831219040
11714,277901870,195281,278097151,5,0,1,162816,18,7610166393
11715,277921270,401847,278323117,3,0,0,19456,3,1229116679
11716,277951910,433717,278385627,3,0,0,139776,3,9734854672
11717,277976000,461743,278437743,9,0,0,149504,15,9252189614
11718,278057241,248814,278306055,4,0,0,39936,13,9695472504
11719,278269180,289608,278558788,3,0,0,95744,3,4964618150
11720,278289010,37507,278326517,5,0,1,63488,18,336289864
11721,278351060,142352,278493412,3,0,0,42496,3,7644868622
11722,278430851,213591,278644442,4,0,0,43008,13,1251246735
11723,278443500,263882,278707382,5,0,1,427008,18,6650134991
11724,278468560,265460,278734020,5,0,1,94720,18,6510311823
11725,278493021,332663,278825684,4,0,0,28672,13,2230675709
11726,278547410,196928,278744338,5,0,1,32768,18,8805546599
11727,278554390,211146,278765536,5,0,1,68608,18,3149149279
11728,278721190,47892,278769082,8,0,1,5632,7,8991469569
11729,278769860,357885,279127745,3,0,0,175104,3,8964776487
11730,278772120,174865,278946985,9,0,0,33280,15,9949109761
11731,278820430,5812,278826242,2,0,1,512,16,5326278989
11732,278832411,461158,279293569,4,0,0,296448,13,2418334630
11733,279106090,25562,279131652,2,0,1,4096,16,5801463842
11734,279113480,182718,279296198,5,0,1,275456,18,2922628757
11735,279160660,138444,279299104,5,0,1,4608,18,3898008967
11736,279259410,298267,279557677,3,0,0,99328,3,8245028092
11737,279272300,100070,279372370,5,0,1,130560,18,3038175326
11738,279331241,443198,279774439,4,0,0,98816,13,222333332
11739,279337880,94600,279432480,5,0,1,154112,18,9099757843
11740,279338721,702970,280041691,4,0,0,456192,13,10424866127
11741,279340570,92371,279432941,9,0,1,10240,15,8959132113
11742,279365290,78685,279443975,1,0,1,36352,9,3908271722
11743,279388871,240494,279629365,4,0,0,39424,13,4789662837
11744,279400920,44540,279445460,1,0,1,15360,9,9046302476
11745,279407250,54787,279462037,5,0,1,54784,18,9683221832
11746,279454020,447726,279901746,9,0,0,4096,15,5592526949
11747,279501200,168229,279669429,5,0,1,277504,18,326093134
11748,279579830,111616,279691446,5,0,1,80896,18,265715801
11749,279620970,74342,279695312,1,0,1,6144,9,2198883457
11750,279626590,69286,279695876,2,0,1,10752,16,2817525696
11751,279738620,35834,279774454,2,0,1,19456,16,10688515122
11752,279865170,1042,279866212,1,0,1,1024,9,3559616528
11753,279890300,566,279890866,1,0,1,512,9,8646280082
11754,279917790,137818,280055608,1,0,1,23552,9,5748570833
11755,279945260,112294,280057554,3,0,1,3072,3,9584800099
11756,279962000,101353,280063353,1,0,1,19456,9,5649467686
11757,280040411,207983,280248394,4,0,0,24576,13,492407901
11758,280061090,4209,280065299,3,0,1,3072,3,4252086383
11759,280064971,317546,280382517,4,0,0,107008,13,1647247090
11760,280066210,1042,280067252,1,0,1,1024,9,9631177065
11761,280095580,5196,280100776,1,0,1,13312,9,4701354458
11762,280146310,24242,280170552,2,0,1,40448,16,8929087987
11763,280196880,252613,280449493,9,0,0,8704,15,1154009082
11764,280218770,5326,280224096,2,0,1,5632,16,5733417524
11765,280232820,2946,280235766,2,0,1,3072,16,8627972839
11766,280238620,9789,280248409,1,0,1,4096,9,2938973123
11767,280243610,7919,280251529,2,0,1,9216,16,8987152469
11768,280253540,170171,280423711,9,0,0,20992,15,2003028692
11769,280281120,13253,280294373,2,0,1,25600,16,8346715050
11770,280286420,8619,280295039,2,0,1,1024,16,7386811160
11771,280389760,151511,280541271,9,0,0,41472,15,3050227121
11772,280419980,9177,280429157,1,0,1,13824,9,5654712246
11773,280430090,10241,280440331,1,0,1,16384,9,9596632097
11774,280437271,188331,280625602,4,0,0,23552,13,8490265538
11775,280514021,185786,280699807,4,0,0,23552,13,278995726
11776,280542000,5712,280547712,3,0,1,14336,3,1310764498
11777,280567720,2470,280570190,3,0,1,2560,3,1530500646
11778,280668900,23466,280692366,8,0,1,38912,7,2787848192
11779,280894561,112268,281006829,4,0,0,68608,13,5894561475
11780,280942331,141166,281083497,4,0,0,25600,13,6910052575
11781,280946300,4374,280950674,3,0,1,4608,3,10246297154
11782,280981211,50254,281031465,4,0,0,1024,13,10595601030
11783,281019980,5326,281025306,3,0,1,5632,3,8711402270
11784,281069240,157398,281226638,9,0,0,140800,15,10545760660
11785,281123051,103773,281226824,4,0,0,512,13,8156478216
11786,281139730,5326,281145056,3,0,1,5632,3,1516129483
11787,281176050,50603,281226653,3,0,1,18944,3,6686706953
11788,281237709,4679,281242388,6,0,1,12288,12,3991607682
11789,281326940,114140,281441080,9,0,0,74752,15,3642862565
11790,281348799,7706,281356505,6,0,1,8192,12,5567187532
11791,281374861,236934,281611795,4,0,0,3072,13,7479628616
11792,281402430,208414,281610844,9,0,0,165888,15,1353202075
11793,281475021,5971,281480992,0,0,1,14848,14,2096141430
11794,281487851,2470,281490321,0,0,1,2560,14,1517365859
11795,281490930,11274,281502204,7,0,1,18432,16,1002097421
11796,281495710,11000,281506710,3,0,1,7168,3,4112430274
11797,281496081,12575,281508656,0,0,1,3072,14,58125623
11798,281547350,4162,281551512,3,0,1,11264,3,6487727571
11799,281598611,18372,281616983,0,0,1,13312,14,3763117125
11800,281650419,5802,281656221,6,0,1,6144,12,5243777847
11801,281667251,43904,281711155,4,0,0,512,13,9940412490
11802,281669969,10499,281680468,6,0,1,16896,12,3910469213
11803,281688780,257259,281946039,9,0,0,94208,15,2602932719
11804,281697530,178530,281876060,9,0,0,93696,15,6502746625
11805,281893340,3422,281896762,3,0,1,3584,3,1330362613
11806,281901291,71736,281973027,4,0,0,4096,13,3693814371
11807,281915601,45221,281960822,4,0,0,512,13,995799496
11808,281977231,45596,282022827,4,0,0,1024,13,3837256980
11809,282002321,59132,282061453,4,0,0,5120,13,7983051944
11810,282005690,198101,282203791,9,0,0,183808,15,10629395008
11811,282067790,15321,282083111,3,0,1,29696,3,2895829932
11812,282092729,1994,282094723,6,0,1,2048,12,6809105776
11813,282117559,12825,282130384,6,0,1,21504,12,2528291670
11814,282168251,84512,282252763,4,0,0,2048,13,1388426128
11815,282169789,40297,282210086,6,0,1,6656,12,9105764813
11816,282216201,21141,282237342,0,0,1,34304,14,2221526390
11817,282224180,25900,282250080,5,0,1,41984,18,1972747604
11818,282229311,116189,282345500,4,0,0,512,13,1511796176
11819,282236971,60045,282297016,4,0,0,4608,13,7858280742
11820,282306709,15837,282322546,6,0,1,30720,12,8939169883
11821,282360570,42683,282403253,5,0,1,69632,18,4234567799
11822,282372270,174532,282546802,9,0,0,37888,15,7864404000
11823,282451250,204045,282655295,9,0,0,135680,15,2884420777
11824,282473659,566,282474225,6,0,1,512,12,10636359408
11825,282521940,2870,282524810,3,0,1,8704,3,1628085286
11826,282526000,291398,282817398,9,0,0,50688,15,703791115
11827,282611200,44126,282655326,7,0,1,12288,16,5503335478
11828,282612200,66837,282679037,3,0,1,39424,3,3029360792
11829,282612650,189289,282801939,9,0,0,46080,15,7567715499
11830,282656880,196493,282853373,5,0,1,302080,18,3043625607
11831,282657810,196024,282853834,3,0,1,10240,3,7526015097
11832,282673921,324045,282997966,4,0,0,2560,13,10084245934
11833,282874899,4937,282879836,6,0,1,12800,12,7204394874
11834,282963390,6229,282969619,3,0,1,15360,3,1165707021
11835,282963480,8725,282972205,3,0,1,4096,3,5053142095
11836,283038840,130617,283169457,9,0,0,72192,15,9333314772
11837,283066060,2470,283068530,3,0,1,2560,3,4268730371
11838,283103450,66022,283169472,5,0,1,88064,18,9738785947
11839,283112241,65378,283177619,4,0,0,1536,13,9107912287
11840,283138660,30827,283169487,3,0,1,4608,3,3079117576
11841,283285931,101972,283387903,4,0,0,34816,13,7958829962
11842,283344021,114452,283458473,4,0,0,75776,13,2925240608
11843,283355700,12825,283368525,5,0,1,21504,18,10513913532
11844,283411020,5326,283416346,3,0,1,5632,3,5383290957
11845,283436490,38088,283474578,9,0,1,31232,15,4274504769
11846,283448040,29764,283477804,9,0,1,5120,15,5838287843
11847,283479080,566,283479646,9,0,1,512,15,8393973134
11848,283530950,4374,283535324,3,0,1,4608,3,1971377071
11849,283584320,1994,283586314,2,0,1,2048,16,7165748202
11850,283589090,1042,283590132,9,0,1,1024,15,8762964236
11851,283680229,89768,283769997,9,0,0,19968,15,10442870703
11852,283693349,148420,283841769,9,0,0,94208,15,4184202549
11853,283769470,14377,283783847,9,0,1,23552,15,8858114101
11854,283789130,1518,283790648,2,0,1,1536,16,6883174043
11855,283804700,1994,283806694,2,0,1,2048,16,7394685072
11856,283817081,200379,284017460,4,0,0,20480,13,2330438316
11857,283834889,50801,283885690,9,0,0,512,15,8859359464
11858,283839141,225827,284064968,4,0,0,30208,13,431936417
11859,283895920,3387,283899307,5,0,1,9728,18,3881852140
11860,283915590,1042,283916632,2,0,1,1024,16,5780572912
11861,283923861,124449,284048310,4,0,0,74752,13,1080414198
11862,283925490,176545,284102035,5,0,1,290304,18,2423690204
11863,283938070,168151,284106221,9,0,1,6656,15,2834694378
11864,283951359,160763,284112122,6,0,1,28160,12,1919692722
11865,283982559,129909,284112468,6,0,1,512,12,5293725260
11866,284015750,98101,284113851,7,0,1,14848,16,10617399933
11867,284029540,84657,284114197,9,0,1,512,15,8108788902
11868,284032590,84193,284116783,3,0,1,4096,3,2017596410
11869,284068610,49479,284118089,7,0,1,2048,16,1903760688
11870,284070770,172241,284243011,5,0,1,278528,18,1594911808
11871,284147800,99717,284247517,2,0,1,7168,16,8947810312
11872,284157100,92363,284249463,9,0,1,3072,15,4829834279
11873,284158729,91810,284250539,6,0,1,13312,12,9005187621
11874,284177340,77385,284254725,7,0,1,6656,16,8638435354
11875,284186120,74404,284260524,2,0,1,19456,16,9181844998
11876,284204259,304496,284508755,9,0,0,9216,15,1785453851
11877,284264820,13600,284278420,5,0,1,23040,18,4779958640
11878,284276210,5756,284281966,3,0,1,5632,3,10323283661
11879,284353700,4162,284357862,3,0,1,11264,3,10664414553
11880,284361970,5196,284367166,9,0,1,13312,15,8525696265
11881,284374310,3422,284377732,2,0,1,3584,16,4872958776
11882,284402899,230101,284633000,9,0,0,32256,15,3833780701
11883,284407830,5971,284413801,1,0,1,14848,9,875593687
11884,284422089,201045,284623134,9,0,0,44544,15,168374431
11885,284500640,4374,284505014,5,0,1,4608,18,1012727099
11886,284503160,5610,284508770,1,0,1,10752,9,7268220577
11887,284508460,5152,284513612,2,0,1,5120,16,9286274190
11888,284510460,6058,284516518,1,0,1,4608,9,2153900536
11889,284547180,11533,284558713,3,0,1,18944,3,9872710609
11890,284603219,19938,284623157,6,0,1,19968,12,8383411569
11891,284613129,275876,284889005,9,0,0,73728,15,5632133912
11892,284627629,19480,284647109,6,0,1,24064,12,5222019570
11893,284672930,4850,284677780,9,0,1,5120,15,10043837773
11894,284695330,566,284695896,5,0,1,512,18,7020335674
11895,284727090,1042,284728132,3,0,1,1024,3,5075391576
11896,284757760,3904,284761664,1,0,1,10752,9,8971420541
11897,284770250,2946,284773196,9,0,1,3072,15,8711415582
11898,284856269,110004,284966273,9,0,0,27648,15,2150519221
11899,284893620,5326,284898946,1,0,1,5632,9,9723048431
11900,284897070,4162,284901232,9,0,1,11264,15,4635575097
11901,284965870,3817,284969687,9,0,1,3584,15,1091228908
11902,285006960,1994,285008954,5,0,1,2048,18,6487392343
11903,285009560,1994,285011554,5,0,1,2048,18,3489813598
11904,285011470,4420,285015890,3,0,1,11776,3,5060944560
11905,285044670,7706,285052376,9,0,1,8192,15,2707424394
11906,285071060,13600,285084660,1,0,1,23040,9,1975226723
11907,285100849,1518,285102367,6,0,1,1536,12,9230085047
11908,285120620,4162,285124782,9,0,1,11264,15,6121930824
11909,285125539,4850,285130389,6,0,1,5120,12,9455511
11910,285143490,33245,285176735,3,0,1,57856,3,1290098747
11911,285180320,6488,285186808,1,0,1,15872,9,3209802751
11912,285282080,12049,285294129,3,0,1,19968,3,7115670190
11913,285323720,7230,285330950,5,0,1,7680,18,5186504972
11914,285336619,5802,285342421,6,0,1,6144,12,10358967852
11915,285337289,90424,285427713,9,0,0,512,15,6266642534
11916,285349540,41908,285391448,1,0,1,68096,9,4795900119
11917,285361860,35080,285396940,1,0,1,17920,9,85100640
11918,285436799,566,285437365,6,0,1,512,12,4197432307
11919,285518310,32987,285551297,8,0,1,57344,7,10505136757
11920,285526329,115716,285642045,9,0,0,2048,15,10490149638
11921,285527519,30294,285557813,6,0,1,31232,12,1901581464
11922,285546650,13109,285559759,2,0,1,3072,16,4409820078
11923,285606460,5802,285612262,3,0,1,6144,3,9611142309
11924,285650610,6278,285656888,2,0,1,6656,16,7090965423
11925,285698189,1042,285699231,6,0,1,1024,12,5569522935
11926,285701649,1042,285702691,6,0,1,1024,12,2648494766
11927,285726910,566,285727476,1,0,1,512,9,479392352
11928,285752660,3645,285756305,3,0,1,10240,3,1342919074
11929,285765760,3904,285769664,5,0,1,10752,18,1960571193
11930,285797320,23725,285821045,5,0,1,39424,18,4434211984
11931,285885159,3645,285888804,6,0,1,10240,12,4062323760
11932,285900890,5454,285906344,2,0,1,13824,16,7476989996
11933,285919200,14117,285933317,3,0,1,24064,3,8240531270
11934,285947849,4374,285952223,6,0,1,4608,12,9974655272
11935,285971430,6278,285977708,2,0,1,6656,16,9802207862
11936,286003540,4850,286008390,5,0,1,5120,18,1579089449
11937,286013079,3645,286016724,6,0,1,10240,12,4667249659
11938,286064790,5454,286070244,2,0,1,13824,16,8006743390
11939,286120319,7230,286127549,6,0,1,7680,12,114869209
11940,286184340,24242,286208582,5,0,1,40448,18,1108063957
11941,286288500,3904,286292404,2,0,1,10752,16,6198835917
11942,286388849,4850,286393699,6,0,1,5120,12,343794331
11943,286454139,2470,286456609,6,0,1,2560,12,7011452317
11944,286478750,2946,286481696,5,0,1,3072,18,9300252232
11945,286480860,2142,286483002,2,0,1,2048,16,9798085163
11946,286584409,11533,286595942,6,0,1,18944,12,6737572798
11947,286635700,2470,286638170,5,0,1,2560,18,1763448437
11948,286752739,2470,286755209,6,0,1,2560,12,7667799038
11949,286810319,60824,286871143,9,0,0,5632,15,8095458541
11950,286811470,1042,286812512,2,0,1,1024,16,2995050502
11951,287037700,3645,287041345,2,0,1,10240,16,8776330099
11952,287086700,3387,287090087,9,0,1,9728,15,4520458180
11953,287180220,4850,287185070,5,0,1,5120,18,10351820526
11954,287220769,6278,287227047,6,0,1,6656,12,5463875875
11955,287322370,13083,287335453,5,0,1,22016,18,6410704218
11956,287347450,2946,287350396,5,0,1,3072,18,9195809952
11957,287416400,4162,287420562,5,0,1,11264,18,10064758830
11958,287440920,22691,287463611,5,0,1,37376,18,312064563
11959,287449019,15156,287464175,6,0,1,10752,12,8888756874
11960,287464450,1042,287465492,5,0,1,1024,18,3148773733
11961,287465229,5326,287470555,6,0,1,5632,12,3679807620
11962,287486080,31524,287517604,5,0,1,51200,18,1203725471
11963,287499999,18271,287518270,6,0,1,1024,12,3378345295
11964,287567630,5971,287573601,5,0,1,14848,18,8205776404
11965,287599529,80255,287679784,9,0,0,4096,15,10688462358
11966,287731619,7230,287738849,6,0,1,7680,12,4232911123
11967,287814479,3898,287818377,6,0,1,4096,12,7042331196
11968,287861169,4937,287866106,6,0,1,12800,12,6594330176
11969,287947279,82382,288029661,9,0,0,6144,15,2307717221
11970,288002269,43904,288046173,9,0,0,512,15,700323554
11971,288064019,47444,288111463,9,0,0,2048,15,8679899481
11972,288171189,6229,288177418,6,0,1,15360,12,8901558791
11973,288182020,16354,288198374,8,0,1,31744,7,2402453598
11974,288208950,84904,288293854,8,0,1,141824,7,448204956
11975,288222280,71920,288294200,5,0,1,512,18,5037678066
11976,288286189,9087,288295276,6,0,1,13312,12,500291297
11977,288293289,3613,288296902,6,0,1,2560,12,4244716053
11978,288337090,1518,288338608,5,0,1,1536,18,2482522932
11979,288374159,13600,288387759,6,0,1,23040,12,3742611509
11980,288380009,8826,288388835,6,0,1,13312,12,9034115754
11981,288409379,70503,288479882,9,0,0,2048,15,6732518265
11982,288432440,76846,288509286,8,0,1,129536,7,3737620413
11983,288432640,112821,288545461,8,0,1,122880,7,9317297079
11984,288468799,183373,288652172,9,0,0,65536,15,7502136046
11985,288512910,36737,288549647,5,0,1,6656,18,589996925
11986,288548429,3164,288551593,6,0,1,3072,12,484076414
11987,288571520,13083,288584603,9,0,1,22016,15,1952719591
11988,288618439,1994,288620433,6,0,1,2048,12,3411912059
11989,288701850,2470,288704320,1,0,1,2560,9,10137842128
11990,288715041,64572,288779613,5,0,0,512,18,10643846645
11991,288734540,20882,288755422,8,0,1,33792,7,5138782660
11992,288763990,54012,288818002,8,0,1,91648,7,2719457843
11993,288783850,35458,288819308,5,0,1,2048,18,6046501297
11994,288786021,108306,288894327,5,0,0,2560,18,10479627390
11995,288793070,42098,288835168,8,0,1,51200,7,10166371402
11996,288803620,214456,289018076,0,0,0,26112,14,5338215601
11997,288915890,566,288916456,9,0,1,512,15,7269845325
11998,288953580,3904,288957484,5,0,1,10752,18,5739573100
11999,288972050,3904,288975954,5,0,1,10752,18,10194118830
12000,288992189,13512,289005701,6,0,1,26112,12,3192900653
12001,289039840,174566,289214406,8,0,1,283136,7,2529406294
12002,289085990,133242,289219232,9,0,1,7680,15,5403561965
12003,289110420,109158,289219578,8,0,1,512,7,7072341612
12004,289119799,104925,289224724,6,0,1,8192,12,8414987443
12005,289233830,2870,289236700,1,0,1,8704,9,4010041929
12006,289287470,566,289288036,7,0,1,512,16,10587053018
12007,289290160,4374,289294534,7,0,1,4608,16,4630225763
12008,289317289,4162,289321451,6,0,1,11264,12,10340296030
12009,289405050,7706,289412756,7,0,1,8192,16,8153705473
12010,289413140,13600,289426740,9,0,1,23040,15,3713560897
12011,289431960,14545,289446505,7,0,1,28160,16,1394285085
12012,289432930,112830,289545760,8,0,1,174592,7,671700326
12013,289437600,123713,289561313,8,0,1,49664,7,2653266131
12014,289453620,110599,289564219,7,0,1,4608,16,2811798978
12015,289455659,109636,289565295,6,0,1,13312,12,6945190781
12016,289456430,120207,289576637,8,0,1,37888,7,9742359249
12017,289462079,247867,289709946,9,0,0,28672,15,8958489322
12018,289467380,114083,289581463,7,0,1,7680,16,5272800540
12019,289487230,115841,289603071,8,0,1,78848,7,2955569115
12020,289519420,89860,289609280,5,0,1,21504,18,7334725057
12021,289521800,88248,289610048,5,0,1,11776,18,5158985697
12022,289550050,62584,289612634,1,0,1,4096,9,10600059535
12023,289551599,449770,290001369,9,0,0,58880,15,5170277600
12024,289555060,61440,289616500,7,0,1,6144,16,3991847038
12025,289561420,70633,289632053,8,0,1,57856,7,971151879
12026,289562609,70110,289632719,6,0,1,11264,12,8616787701
12027,289568100,71135,289639235,5,0,1,23040,18,8457916273
12028,289605491,198095,289803586,5,0,0,2048,18,9888219327
12029,289638090,3898,289641988,7,0,1,4096,16,2127993807
12030,289665850,4374,289670224,5,0,1,4608,18,3922448406
12031,289673190,6754,289679944,5,0,1,7168,18,10428289682
12032,289678349,277972,289956321,9,0,0,122368,15,5806602738
12033,289681690,5802,289687492,1,0,1,6144,9,9600845764
12034,289704741,11702,289716443,4,0,1,15872,13,5279050302
12035,289709300,11769,289721069,9,0,1,6656,15,5347961409
12036,289739181,262359,290001540,5,0,0,512,18,8814917167
12037,289744940,24412,289769352,8,0,1,44032,7,5325586937
12038,289763931,8327,289772258,4,0,1,4608,13,5482924614
12039,289778570,20366,289798936,7,0,1,32768,16,2892707918
12040,289807860,1042,289808902,7,0,1,1024,16,4296682710
12041,289821230,93995,289915225,8,0,1,156160,7,530231837
12042,289823950,132386,289956336,5,0,1,7680,18,3948710957
12043,289841761,308274,290150035,5,0,0,512,18,7667002970
12044,289846579,164221,290010800,9,0,0,1024,15,8971920729
12045,289850420,105931,289956351,9,0,1,2560,15,4047829538
12046,289870231,357931,290228162,5,0,0,2560,18,6242914883
12047,289882980,73386,289956366,7,0,1,14848,16,6093843620
12048,289894240,62149,289956389,5,0,1,16384,18,7627530571
12049,289902380,54024,289956404,8,0,1,52224,7,1971586068
12050,289926621,32691,289959312,4,0,1,3072,13,171335855
12051,289973150,28405,290001555,8,0,1,46592,7,6732797959
12052,290011430,21141,290032571,2,0,1,34304,16,4790605035
12053,290019910,17487,290037397,5,0,1,7680,18,5879632390
12054,290058971,113607,290172578,5,0,0,6656,18,6398380272
12055,290096190,1994,290098184,7,0,1,2048,16,2734071486
12056,290099290,3645,290102935,7,0,1,10240,16,3889418478
12057,290121669,3898,290125567,6,0,1,4096,12,668958641
12058,290247110,6754,290253864,5,0,1,7168,18,8384188758
12059,290268300,1994,290270294,1,0,1,2048,9,9278746712
12060,290283991,77324,290361315,2,0,0,2560,16,4405999064
12061,290295750,3422,290299172,1,0,1,3584,9,3530044622
12062,290298280,7230,290305510,1,0,1,7680,9,8176439753
12063,290299610,10086,290309696,9,0,1,6656,15,7038210676
12064,290306390,6212,290312602,8,0,1,4608,7,5581655070
12065,290307889,355485,290663374,9,0,0,79360,15,4622036403
12066,290338559,147343,290485902,9,0,0,2048,15,4199706614
12067,290343060,4420,290347480,5,0,1,11776,18,2767267534
12068,290376930,2946,290379876,2,0,1,3072,16,8774575161
12069,290381341,183805,290565146,8,0,0,48640,7,4215622047
12070,290385020,3128,290388148,7,0,1,9216,16,7331730076
12071,290420771,126769,290547540,8,0,0,18944,7,1166974520
12072,290464151,10499,290474650,4,0,1,16896,13,1603305779
12073,290486400,5802,290492202,7,0,1,6144,16,8968193648
12074,290550421,170516,290720937,5,0,0,512,18,1231569847
12075,290563340,4693,290568033,9,0,1,8704,15,270521688
12076,290674690,1994,290676684,1,0,1,2048,9,3082936081
12077,290710459,105404,290815863,9,0,0,46080,15,2521578096
12078,290748879,123258,290872137,9,0,0,17920,15,9658251904
12079,290783610,11016,290794626,7,0,1,17920,16,6547258327
12080,290797220,18674,290815894,5,0,1,32256,18,1631135809
12081,290804541,210148,291014689,2,0,0,1536,16,3899749044
12082,290805129,18006,290823135,6,0,1,7680,12,9621046841
12083,290815150,8958,290824108,1,0,1,12800,9,4940167705
12084,290825621,59034,290884655,5,0,0,2560,18,10094459629
12085,290876099,269420,291145519,9,0,0,51712,15,5546779309
12086,290883980,4089,290888069,3,0,1,3584,3,935154339
12087,290898751,133818,291032569,2,0,0,3584,16,1328611455
12088,290913011,183044,291096055,8,0,0,50688,7,9517957080
12089,290915100,4679,290919779,1,0,1,12288,9,3071878189
12090,290931650,3898,290935548,1,0,1,4096,9,10117901041
12091,290957891,47288,291005179,2,0,0,1536,16,4199665787
12092,290989130,7706,290996836,5,0,1,8192,18,867075297
12093,291015349,189136,291204485,9,0,0,30720,15,795912083
12094,291026370,3645,291030015,7,0,1,10240,16,9987500181
12095,291037360,6754,291044114,3,0,1,7168,3,6103364982
12096,291040130,4855,291044985,2,0,1,12288,16,7162863095
12097,291054609,167070,291221679,9,0,0,55808,15,4484784279
12098,291094129,253182,291347311,9,0,0,18944,15,9248029821
12099,291106570,6488,291113058,5,0,1,15872,18,8325836919
12100,291108919,9290,291118209,6,0,1,7168,12,6492822597
12101,291122081,179875,291301956,2,0,0,2048,16,33093166
12102,291179680,2470,291182150,1,0,1,2560,9,4691325158
12103,291210980,16034,291227014,9,0,1,5632,15,4626894275
12104,291219470,8354,291227824,3,0,1,11776,3,1362007084
12105,291246810,1042,291247852,9,0,1,1024,15,1716272935
12106,291316531,52364,291368895,5,0,0,3072,18,3862938423
12107,291345150,5099,291350249,2,0,1,3072,16,10621080412
12108,291350079,155978,291506057,9,0,0,32768,15,282702516
12109,291369221,52364,291421585,5,0,0,3072,18,5596730786
12110,291390959,1042,291392001,6,0,1,1024,12,2229605679
12111,291417269,11533,291428802,6,0,1,18944,12,4090375156
12112,291426629,3479,291430108,6,0,1,2048,12,10699498614
12113,291465939,199635,291665574,9,0,0,41472,15,5785173323
12114,291476001,129107,291605108,8,0,0,62464,7,2964954394
12115,291493240,1042,291494282,7,0,1,1024,16,1602848209
12116,291497309,265273,291762582,9,0,0,23040,15,1826288448
12117,291501229,9265,291510494,6,0,1,11776,12,3480406252
12118,291516589,24412,291541001,6,0,1,44032,12,9675269613
12119,291555550,2470,291558020,3,0,1,2560,3,3085241116
12120,291564251,191288,291755539,8,0,0,81920,7,10516669607
12121,291597770,27696,291625466,7,0,1,32768,16,7151805523
12122,291617771,48130,291665901,2,0,0,1024,16,6414344317
12123,291635050,2870,291637920,2,0,1,8704,16,1967446590
12124,291641150,1994,291643144,9,0,1,2048,15,6807915966
12125,291694139,143578,291837717,9,0,0,25600,15,3774448654
12126,291701740,3128,291704868,9,0,1,9216,15,8643724377
12127,291753170,21162,291774332,7,0,1,19456,16,4526765532
12128,291761390,14568,291775958,3,0,1,2560,3,3959624081
12129,291769521,7205,291776726,0,0,1,11776,14,10587739745
12130,291778700,3898,291782598,2,0,1,4096,16,1338556832
12131,291796260,3898,291800158,3,0,1,4096,3,10370286890
12132,291802389,154863,291957252,9,0,0,85504,15,8633991846
12133,291849289,203112,292052401,9,0,0,41472,15,1142863885
12134,291854280,135432,291989712,9,0,0,30720,15,1175690492
12135,291857411,142300,291999711,8,0,0,32768,7,4810918225
12136,291903500,6754,291910254,3,0,1,7168,3,1521633615
12137,291936691,131844,292068535,2,0,0,2560,16,1116816470
12138,291953979,208692,292162671,9,0,0,48640,15,1909547825
12139,292024990,12825,292037815,7,0,1,21504,16,1685598335
12140,292083401,117141,292200542,8,0,0,29184,7,7019620741
12141,292098750,179832,292278582,9,0,0,37376,15,4736050327
12142,292119061,185519,292304580,2,0,0,1024,16,1325267373
12143,292141460,1994,292143454,3,0,1,2048,3,9506933745
12144,292150090,14108,292164198,9,0,1,1536,15,10253013023
12145,292152551,114605,292267156,8,0,0,43008,7,5671120676
12146,292181940,103841,292285781,9,0,0,23552,15,5440099297
12147,292186081,14476,292200557,0,0,1,7680,14,8191446593
12148,292213230,7230,292220460,9,0,1,7680,15,8066993500
12149,292245540,4937,292250477,2,0,1,12800,16,2430327961
12150,292250101,17070,292267171,0,0,1,4608,14,5510761009
12151,292259080,26724,292285804,2,0,1,8704,16,6339404914
12152,292271750,89031,292360781,9,0,0,16896,15,2275492749
12153,292305080,5712,292310792,9,0,1,14336,15,900716081
12154,292312450,20882,292333332,2,0,1,33792,16,6204494618
12155,292318751,297628,292616379,8,0,0,60928,7,3809826340
12156,292372300,6488,292378788,3,0,1,15872,3,1137798464
12157,292431941,2870,292434811,0,0,1,8704,14,7982972351
12158,292445201,2470,292447671,0,0,1,2560,14,776549548
12159,292446319,181791,292628110,9,0,0,38400,15,6216988185
12160,292458920,13770,292472690,2,0,1,26624,16,3602286519
12161,292466890,10306,292477196,9,0,1,7168,15,7929062915
12162,292540530,14117,292554647,2,0,1,24064,16,7713590928
12163,292547870,7341,292555211,9,0,1,10752,15,8157685348
12164,292586850,5802,292592652,2,0,1,6144,16,6170723975
12165,292598200,37575,292635775,2,0,1,8192,16,9197403482
12166,292612760,30113,292642873,3,0,1,20480,3,5431475051
12167,292633051,16628,292649679,0,0,1,21504,14,1975101985
12168,292644209,119795,292764004,9,0,0,11776,15,4307249481
12169,292671060,20366,292691426,3,0,1,32768,3,4052691593
12170,292689831,271343,292961174,5,0,0,1024,18,10450393903
12171,292689841,269260,292959101,8,0,0,154624,7,10420768520
12172,292850651,4937,292855588,0,0,1,12800,14,4095298283
12173,292866711,93965,292960676,2,0,0,5120,16,1941863508
12174,292880230,3422,292883652,2,0,1,3584,16,7541546948
12175,292882041,78806,292960847,5,0,0,512,18,3497606361
12176,292975911,43904,293019815,5,0,0,512,18,5705867247
12177,292979380,3422,292982802,2,0,1,3584,16,9502992222
12178,292987921,110864,293098785,8,0,0,64000,7,2406297529
12179,293002051,119384,293121435,2,0,0,6144,16,2696519587
12180,293003281,102926,293106207,2,0,0,1536,16,8930060994
12181,293011990,10757,293022747,2,0,1,17408,16,8601121105
12182,293030599,153576,293184175,9,0,0,23040,15,5640759664
12183,293031481,96728,293128209,5,0,0,2048,18,5750596626
12184,293035340,1042,293036382,4,0,1,1024,13,7826184113
12185,293085021,26581,293111602,0,0,1,21504,14,9764293443
12186,293101811,11276,293113087,0,0,1,15360,14,979327831
12187,293124011,49114,293173125,2,0,0,1024,16,7763100075
12188,293231780,7706,293239486,2,0,1,8192,16,2080083600
12189,293279541,124684,293404225,5,0,0,1024,18,8944973636
12190,293289231,2470,293291701,0,0,1,2560,14,4974205062
12191,293311551,180752,293492303,8,0,0,56832,7,10221559919
12192,293381921,118452,293500373,5,0,0,1536,18,3429104748
12193,293458220,5712,293463932,2,0,1,14336,16,5751615819
12194,293494889,52364,293547253,9,0,0,3072,15,5824516310
12195,293539780,302612,293842392,3,0,0,370688,3,8136060790
12196,293675931,183808,293859739,8,0,0,56832,7,5891715694
12197,293740551,215505,293956056,8,0,0,73216,7,1950724440
12198,293756041,105200,293861241,0,0,1,1536,14,1742509434
12199,293827221,131502,293958723,8,0,0,8704,7,7610651056
12200,293875741,566,293876307,0,0,1,512,14,670614088
12201,293881301,77905,293959206,2,0,0,1536,16,6244887681
12202,293920481,1042,293921523,0,0,1,1024,14,6546380270
12203,293922631,47444,293970075,5,0,0,2048,18,10392609880
12204,294011020,3422,294014442,2,0,1,3584,16,883794379
12205,294021121,7706,294028827,0,0,1,8192,14,4051917529
12206,294053379,102105,294155484,9,0,0,34816,15,3206043226
12207,294121101,3422,294124523,0,0,1,3584,14,1026353327
12208,294179011,213680,294392691,8,0,0,240128,7,9395881407
12209,294234301,161221,294395522,8,0,0,9216,7,5241522350
12210,294295181,2470,294297651,0,0,1,2560,14,8279523019
12211,294360211,92384,294452595,8,0,0,7680,7,9338336407
12212,294397421,12566,294409987,0,0,1,20992,14,6802068707
12213,294397771,113933,294511704,5,0,0,1024,18,672182067
12214,294406981,104388,294511369,8,0,0,40960,7,1726692625
12215,294407361,2972,294410333,0,0,1,512,14,6656924993
12216,294498941,25805,294524746,0,0,1,22016,14,5619243721
12217,294574040,3645,294577685,2,0,1,10240,16,3106695804
12218,294603391,3645,294607036,0,0,1,10240,14,2316611145
12219,294638819,130817,294769636,9,0,0,84480,15,9324415114
12220,294667181,6754,294673935,0,0,1,7168,14,2749239577
12221,294790861,199421,294990282,2,0,0,512,16,1006649009
12222,294829969,160142,294990111,9,0,0,139264,15,4366991539
12223,294837760,12308,294850068,2,0,1,20480,16,10050027846
12224,294867700,4420,294872120,2,0,1,11776,16,6879686678
12225,294879161,5802,294884963,4,0,1,6144,13,8382071852
12226,294908191,3898,294912089,0,0,1,4096,14,4765081201
12227,295014020,6754,295020774,2,0,1,7168,16,4850733805
12228,295051160,21141,295072301,2,0,1,34304,16,3739255522
12229,295142610,1042,295143652,2,0,1,1024,16,5981539706
12230,295166691,47288,295213979,5,0,0,1536,18,6757299298
12231,295225029,188096,295413125,9,0,0,156160,15,6507550962
12232,295288840,3387,295292227,2,0,1,9728,16,9293684090
12233,295357951,55813,295413764,5,0,0,2048,18,9396797873
12234,295358411,2946,295361357,0,0,1,3072,14,10231713932
12235,295360299,231858,295592157,9,0,0,220672,15,10086326924
12236,295407690,9012,295416702,2,0,1,3072,16,741990967
12237,295497589,120662,295618251,9,0,0,78336,15,7428551030
12238,295505991,87920,295593911,2,0,0,512,16,5109709865
12239,295513569,80171,295593740,9,0,0,5120,15,5824160299
12240,295517639,140034,295657673,9,0,0,17408,15,2624681238
12241,295556581,172905,295729486,5,0,0,1536,18,1192335662
12242,295677731,11791,295689522,0,0,1,19456,14,10168951738
12243,295678111,29492,295707603,0,0,1,43008,14,4111878756
12244,295731911,48980,295780891,5,0,0,2048,18,6787456277
12245,295784811,43904,295828715,5,0,0,512,18,7137461340
12246,295805661,3422,295809083,0,0,1,3584,14,5368174632
12247,295805729,48060,295853789,9,0,0,1024,15,4430183726
12248,295854519,47288,295901807,9,0,0,1536,15,6967426869
12249,295856110,3387,295859497,2,0,1,9728,16,7368540765
12250,295864051,4679,295868730,0,0,1,12288,14,5150728920
12251,295897829,61624,295959453,9,0,0,2048,15,6731992725
12252,295933631,47200,295980831,5,0,0,512,18,4351909507
12253,295938879,54056,295992935,9,0,0,3584,15,1496463662
12254,295951340,1994,295953334,2,0,1,2048,16,3082798293
12255,295998551,67592,296066143,2,0,0,7680,16,183716136
12256,296021121,68068,296089189,5,0,0,1536,18,708325175
12257,296056311,48980,296105291,5,0,0,2048,18,7504077284
12258,296072209,49852,296122061,9,0,0,512,15,4724676173
12259,296133641,43904,296177545,2,0,0,512,16,4302745305
12260,296219741,81128,296300869,5,0,0,11776,18,4621333283
12261,296244291,161764,296406055,5,0,0,129024,18,1033937608
12262,296262741,330881,296593622,5,0,0,165376,18,5779082982
12263,296315150,7706,296322856,9,0,1,8192,15,10696659483
12264,296346000,1042,296347042,9,0,1,1024,15,9971737051
12265,296362370,43700,296406070,9,0,1,7168,15,5256309380
12266,296403421,7015,296410436,0,0,1,4608,14,5638209736
12267,296414151,3422,296417573,0,0,1,3584,14,6478292092
12268,296458959,566,296459525,6,0,1,512,12,8314829581
12269,296528669,1518,296530187,6,0,1,1536,12,3169306959
12270,296551339,131349,296682688,9,0,0,2560,15,10521325659
12271,296644809,12825,296657634,6,0,1,21504,12,3918509129
12272,296662979,25962,296688941,6,0,1,47104,12,6044193592
12273,296693619,43904,296737523,9,0,0,512,15,5670984134
12274,296697279,15321,296712600,6,0,1,29696,12,56785870
12275,296703519,9952,296713471,6,0,1,12288,12,645145633
12276,296731720,2946,296734666,9,0,1,3072,15,9791528145
12277,296753671,4937,296758608,4,0,1,12800,13,166817594
12278,296777831,219695,296997526,5,0,0,56320,18,2394825702
12279,296794979,5802,296800781,6,0,1,6144,12,4189823842
12280,296816351,566,296816917,0,0,1,512,14,7068498200
12281,296843260,35054,296878314,9,0,1,61440,15,188349381
12282,296881811,10499,296892310,0,0,1,16896,14,9690493974
12283,296891291,20882,296912173,0,0,1,33792,14,227098972
12284,296895761,283081,297178842,5,0,0,132096,18,6604629700
12285,296946479,146148,297092627,9,0,0,1024,15,6295198353
12286,296949180,1518,296950698,3,0,1,1536,3,7650576602
12287,296962450,2946,296965396,9,0,1,3072,15,10484207391
12288,296964659,61247,297025906,9,0,0,1024,15,2492215865
12289,296970140,566,296970706,9,0,1,512,15,10405669009
12290,296994001,144578,297138579,5,0,0,31232,18,5369532743
12291,297092251,2870,297095121,0,0,1,8704,14,2950994952
12292,297113160,3128,297116288,1,0,1,9216,9,7135066243
12293,297236741,48980,297285721,2,0,0,2048,16,29121492
12294,297238679,68888,297307567,9,0,0,2048,15,2210867590
12295,297284561,47288,297331849,2,0,0,1536,16,4882503984
12296,297293350,12737,297306087,2,0,1,24576,16,3357936329
12297,297355089,48980,297404069,9,0,0,2048,15,3514190003
12298,297393860,3898,297397758,2,0,1,4096,16,7089092075
12299,297399209,43904,297443113,9,0,0,512,15,6588586418
12300,297421640,5971,297427611,9,0,1,14848,15,2274387142
12301,297521120,5454,297526574,1,0,1,13824,9,4504005701
12302,297547501,61336,297608837,2,0,0,512,16,7769089728
12303,297581230,45596,297626826,6,0,0,1024,12,7774477420
12304,297701450,43904,297745354,6,0,0,512,12,8730353609
12305,297757359,43904,297801263,9,0,0,512,15,3060131632
12306,297801431,54992,297856423,5,0,0,6656,18,5121496952
12307,297811091,45659,297856750,2,0,0,1024,16,6751101692
12308,297880981,43904,297924885,2,0,0,512,16,8254300957
12309,297952599,43904,297996503,9,0,0,512,15,8865957855
12310,297988929,62516,298051445,9,0,0,6144,15,988076497
12311,298065219,52364,298117583,9,0,0,3072,15,5515568938
12312,298084859,88555,298173414,9,0,0,1536,15,1308580768
12313,298090831,12049,298102880,0,0,1,19968,14,3645522585
12314,298177130,16096,298193226,8,0,1,31232,7,7822710027
12315,298274449,43904,298318353,9,0,0,512,15,2110393885
12316,298309521,5802,298315323,0,0,1,6144,14,10113575424
12317,298309811,5858,298315669,0,0,1,512,14,642589437
12318,298311821,45596,298357417,2,0,0,1024,16,9878799490
12319,298405480,48980,298454460,3,0,0,2048,3,5988566413
12320,298443391,5802,298449193,0,0,1,6144,14,412438719
12321,298475320,383794,298859114,3,0,0,165888,3,6426030488
12322,298478731,566,298479297,0,0,1,512,14,7530366282
12323,298490239,54056,298544295,9,0,0,3584,15,9836483710
12324,298504030,48980,298553010,6,0,0,2048,12,6701935632
12325,298537761,138217,298675978,5,0,0,51200,18,656781765
12326,298541810,48980,298590790,6,0,0,2048,12,6333327809
12327,298581641,1518,298583159,0,0,1,1536,14,942846729
12328,298582211,6278,298588489,0,0,1,6656,14,6010019385
12329,298583980,223812,298807792,6,0,0,5120,12,6380632518
12330,298609970,141872,298751842,6,0,0,512,12,7105298
12331,298633610,126276,298759886,6,0,0,1536,12,7823943713
12332,298709760,45437,298755197,8,0,1,78336,7,3655107746
12333,298734569,228278,298962847,9,0,0,512,15,2484413696
12334,298746480,114677,298861157,3,0,0,6656,3,1630529123
12335,298766031,226917,298992948,5,0,0,3584,18,4543436202
12336,298775071,3904,298778975,0,0,1,10752,14,8753452418
12337,298790621,6285,298796906,4,0,1,6656,13,6597063201
12338,298790669,96808,298887477,9,0,0,4608,15,981643044
12339,298879200,103662,298982862,3,0,0,25600,3,1458645123
12340,298924871,2470,298927341,0,0,1,2560,14,7988733356
12341,298931611,67592,298999203,2,0,0,7680,16,10095605703
12342,298957280,4374,298961654,4,0,1,4608,13,6461939143
12343,298971540,11345,298982885,4,0,1,6656,13,9746937167
12344,298974441,8459,298982900,0,0,1,10240,14,9213425546
12345,298976551,206678,299183229,5,0,0,23552,18,59638086
12346,298995771,277531,299273302,5,0,0,178688,18,8319309441
12347,298998779,57385,299056164,9,0,0,2048,15,3920013186
12348,299007170,77140,299084310,6,0,0,2560,12,2874114448
12349,299154869,118760,299273629,9,0,0,1024,15,820677292
12350,299180721,3542,299184263,0,0,1,1024,14,2819045769
12351,299186751,2470,299189221,4,0,1,2560,13,5607056906
12352,299233151,43382,299276533,0,0,1,8704,14,3655408753
12353,299250320,114630,299364950,3,0,0,19968,3,8276425681
12354,299261750,108675,299370425,3,0,0,17920,3,2495301696
12355,299276931,43904,299320835,2,0,0,512,16,9393051146
12356,299285341,218827,299504168,5,0,0,103424,18,6793440876
12357,299368790,78966,299447756,9,0,0,1024,15,10694830023
12358,299370109,34095,299404204,6,0,1,58880,12,7686117375
12359,299375711,293063,299668774,5,0,0,25088,18,8476663093
12360,299385051,186395,299571446,5,0,0,96256,18,1438596657
12361,299419340,4374,299423714,4,0,1,4608,13,1706645839
12362,299463351,6278,299469629,0,0,1,6656,14,2779279082
12363,299483271,129331,299612602,2,0,0,2048,16,10590469183
12364,299493921,77852,299571773,2,0,0,1024,16,167349977
12365,299493939,139858,299633797,9,0,0,2048,15,1902649496
12366,299506491,2470,299508961,4,0,1,2560,13,9498816175
12367,299516470,77648,299594118,3,0,0,10240,3,4209930486
12368,299519350,6278,299525628,9,0,1,6656,15,5006731338
12369,299529020,44662,299573682,8,0,1,76800,7,10368923271
12370,299635441,13341,299648782,0,0,1,22528,14,4981960288
12371,299670051,52496,299722547,2,0,0,1536,16,5247524558
12372,299690091,136664,299826755,5,0,0,33792,18,5631051116
12373,299719261,241181,299960442,5,0,0,92160,18,3966697668
12374,299723961,112342,299836303,2,0,0,512,16,7131223590
12375,299772041,20366,299792407,0,0,1,32768,14,43808428
12376,299792391,60832,299853223,5,0,0,5632,18,4619893935
12377,299802580,62666,299865246,6,0,0,1536,12,8551832031
12378,299804690,566,299805256,4,0,1,512,13,4159214948
12379,299832531,4850,299837381,0,0,1,5120,14,5991193942
12380,299892501,151143,300043644,2,0,0,1536,16,2046879509
12381,299894471,68353,299962824,5,0,0,3072,18,3723339992
12382,299903700,56913,299960613,6,0,0,512,12,7648583980
12383,299904290,5454,299909744,4,0,1,13824,13,9058868354
12384,299930291,84402,300014693,5,0,0,4608,18,5703208731
12385,299953880,10623,299964503,1,0,1,4096,9,1930000338
12386,299980390,6754,299987144,4,0,1,7168,13,10190180782
12387,300028889,47288,300076177,9,0,0,1536,15,8401148624
12388,300048801,103376,300152177,5,0,0,39424,18,5616790592
12389,300094280,10499,300104779,5,0,1,16896,18,3455070507
12390,300098530,61955,300160485,6,0,0,512,12,2148088300
12391,300116581,69274,300185855,5,0,0,7680,18,4267442278
12392,300197741,15579,300213320,0,0,1,30208,14,4394956447
12393,300236489,166938,300403427,9,0,0,4096,15,2607542146
12394,300241621,47444,300289065,2,0,0,2048,16,1141423807
12395,300319360,7230,300326590,5,0,1,7680,18,5045604948
12396,300330390,4850,300335240,5,0,1,5120,18,9618646401
12397,300340290,5326,300345616,1,0,1,5632,9,1053789833
12398,300357700,264960,300622660,3,0,0,164352,3,3814925678
12399,300374731,269948,300644679,5,0,0,72192,18,7159439450
12400,300375240,2470,300377710,5,0,1,2560,18,1460187171
12401,300424230,5971,300430201,5,0,1,14848,18,2204479231
12402,300471159,242602,300713761,9,0,0,1024,15,3570798715
12403,300477090,566,300477656,1,0,1,512,9,182994228
12404,300485520,4374,300489894,1,0,1,4608,9,9515597079
12405,300545481,267282,300812763,5,0,0,281088,18,9341328933
12406,300550910,2870,300553780,5,0,1,8704,18,4568267901
12407,300600311,55626,300655937,0,0,1,18432,14,5617965789
12408,300617929,38469,300656398,6,0,1,10240,12,2538777430
12409,300647510,10117,300657627,5,0,1,11264,18,9079068235
12410,300653060,172697,300825757,3,0,0,38912,3,1870028893
12411,300692681,3128,300695809,0,0,1,9216,14,3280597982
12412,300704670,2870,300707540,5,0,1,8704,18,10696638183
12413,300711261,102617,300813878,2,0,0,3584,16,8311786142
12414,300742891,86987,300829878,0,0,1,11264,14,4560424107
12415,300787450,231031,301018481,3,0,0,104960,3,22945485
12416,300821400,96244,300917644,6,0,0,2048,12,4121116648
12417,300827660,93687,300921347,6,0,0,1024,12,3714462287
12418,300852241,99458,300951699,2,0,0,3072,16,705220443
12419,300858820,173594,301032414,6,0,0,3072,12,2157781355
12420,300894320,1994,300896314,5,0,1,2048,18,4762774764
12421,300907251,3645,300910896,0,0,1,10240,14,3031823679
12422,300919150,11274,300930424,5,0,1,18432,18,4980491190
12423,300974340,566,300974906,5,0,1,512,18,7154365793
12424,300999700,20784,301020484,5,0,1,2048,18,3173154700
12425,301017480,44922,301062402,6,0,0,512,12,7966248510
12426,301042480,566,301043046,5,0,1,512,18,5670476132
12427,301069310,4374,301073684,5,0,1,4608,18,6673533662
12428,301104320,2470,301106790,5,0,1,2560,18,3888106478
12429,301117781,129827,301247608,2,0,0,5632,16,8975624633
12430,301142240,163983,301306223,3,0,0,98304,3,2908248135
12431,301147050,89938,301236988,6,0,0,1024,12,5841460362
12432,301164581,142913,301307494,2,0,0,4096,16,5319756532
12433,301165210,21658,301186868,4,0,1,35328,13,320725587
12434,301189991,182466,301372457,5,0,0,38912,18,275936592
12435,301195760,112685,301308445,6,0,0,3072,12,353150253
12436,301215781,6278,301222059,0,0,1,6656,14,2668517221
12437,301226720,5971,301232691,4,0,1,14848,13,511813394
12438,301273081,146204,301419285,2,0,0,512,16,6187605385
12439,301280410,96517,301376927,9,0,0,2048,15,2943702303
12440,301322390,4374,301326764,4,0,1,4608,13,3290543570
12441,301330690,5802,301336492,4,0,1,6144,13,9541925891
12442,301338210,3422,301341632,5,0,1,3584,18,7810544253
12443,301353600,6229,301359829,4,0,1,15360,13,8110104082
12444,301396001,99266,301495267,2,0,0,512,16,4821232156
12445,301418401,166275,301584676,5,0,0,24576,18,7723497960
12446,301448820,4374,301453194,9,0,1,4608,15,9798963231
12447,301499530,60977,301560507,9,0,0,3072,15,7647290235
12448,301541800,7706,301549506,4,0,1,8192,13,9963450268
12449,301627910,43904,301671814,9,0,0,512,15,9570517443
12450,301701960,5802,301707762,5,0,1,6144,18,5849504689
12451,301734410,4850,301739260,9,0,1,5120,15,4667641933
12452,301735890,10628,301746518,5,0,1,16896,18,1153043666
12453,301740511,54769,301795280,2,0,0,3584,16,2184763010
12454,301774700,4162,301778862,9,0,1,11264,15,5299600400
12455,301816351,47288,301863639,2,0,0,1536,16,8527652157
12456,301827420,210148,302037568,6,0,0,512,12,9886959103
12457,301851801,184919,302036720,5,0,0,77312,18,9468840296
12458,301855440,20624,301876064,5,0,1,33280,18,7404196955
12459,301861830,24552,301886382,9,0,1,32768,15,3642601849
12460,301870040,28072,301898112,4,0,1,36864,13,6819778066
12461,301870130,121491,301991621,9,0,0,512,15,2944812245
12462,301936730,178262,302114992,6,0,0,1536,12,9843700540
12463,301942620,2470,301945090,9,0,1,2560,15,2122901691
12464,301950241,86962,302037203,2,0,0,1536,16,5181727846
12465,301953261,199357,302152618,5,0,0,1024,18,4813885579
12466,301987130,50259,302037389,6,0,0,512,12,6950340045
12467,301995591,178711,302174302,2,0,0,6656,16,3860787329
12468,302006790,30428,302037218,5,0,1,23040,18,130257571
12469,302033600,8802,302042402,5,0,1,5120,18,2032859277
12470,302035691,175439,302211130,5,0,0,89088,18,5543521588
12471,302083700,73994,302157694,9,0,0,2560,15,2164901733
12472,302138810,263174,302401984,3,0,0,182784,3,3199013125
12473,302182320,28825,302211145,9,0,1,34304,15,4311182207
12474,302205770,237710,302443480,6,0,0,1024,12,8578330050
12475,302208100,66770,302274870,8,0,1,103936,7,2490381439
12476,302215591,414698,302630289,5,0,0,214528,18,714692880
12477,302223400,55016,302278416,8,0,1,5632,7,5433397089
12478,302236030,47878,302283908,9,0,1,17920,15,5749687401
12479,302253620,34794,302288414,9,0,1,7168,15,8756168509
12480,302284030,8570,302292600,9,0,1,6656,15,7496568523
12481,302286650,160448,302447098,6,0,0,2048,12,8789016581
12482,302296870,23637,302320507,8,0,1,42496,7,3040117168
12483,302307220,18433,302325653,9,0,1,8192,15,1697398271
12484,302314831,87332,302402163,2,0,0,512,16,6805101910
12485,302339160,4679,302343839,5,0,1,12288,18,1997390878
12486,302369070,33618,302402688,5,0,1,512,18,6250228047
12487,302462590,4374,302466964,5,0,1,4608,18,7492020916
12488,302477920,168488,302646408,8,0,1,278016,7,9853234965
12489,302488350,229216,302717566,9,0,0,4608,15,2215589852
12490,302501000,146394,302647394,8,0,1,1536,7,424383831
12491,302501680,146380,302648060,9,0,1,1024,15,5522832
12492,302516469,137800,302654269,6,0,1,29696,12,720850773
12493,302560459,96076,302656535,6,0,1,3584,12,7507516245
12494,302580610,81826,302662436,5,0,1,19968,18,3125796090
12495,302581281,407400,302988681,5,0,0,235008,18,4313881445
12496,302612520,55817,302668337,8,0,1,28160,7,1182739266
12497,302617960,52323,302670283,4,0,1,3072,13,9491706734
12498,302642160,248660,302890820,6,0,0,3072,12,7137534470
12499,302642769,27873,302670642,6,0,1,9728,12,5954785906
12500,302691030,4850,302695880,9,0,1,5120,15,6069972844
12501,302725400,5454,302730854,9,0,1,13824,15,8136263711
12502,302732120,2470,302734590,4,0,1,2560,13,8462824114
12503,302735910,3128,302739038,9,0,1,9216,15,5971347962
12504,302759151,291381,303050532,2,0,0,5120,16,9857670814
12505,302766610,222250,302988860,6,0,0,512,12,2207283192
12506,302768430,5802,302774232,9,0,1,6144,15,4360250717
12507,302768720,14714,302783434,4,0,1,22016,13,9646081178
12508,302782180,207475,302989655,9,0,0,2560,15,4388230687
12509,302808011,311662,303119673,5,0,0,105472,18,6201890634
12510,302808489,12049,302820538,6,0,1,19968,12,6538946840
12511,302821560,227397,303048957,3,0,0,59904,3,8697473879
12512,302838050,177920,303015970,6,0,0,512,12,5048371283
12513,302863380,3898,302867278,9,0,1,4096,15,3988619907
12514,302864990,23466,302888456,9,0,1,38912,15,9728584078
12515,302931551,316607,303248158,5,0,0,36352,18,2126790898
12516,302985409,10516,302995925,6,0,1,6656,12,10442129206
12517,303001679,3128,303004807,6,0,1,9216,12,5262380275
12518,303003120,207549,303210669,3,0,0,104448,3,7322642723
12519,303011579,566,303012145,6,0,1,512,12,9955661318
12520,303039559,14429,303053988,6,0,1,3584,12,6259909117
12521,303045690,79027,303124717,9,0,0,512,15,449898914
12522,303047090,28722,303075812,9,0,1,43520,15,5873900289
12523,303065131,66860,303131991,2,0,0,1024,16,2887361228
12524,303087960,48076,303136036,8,0,1,31744,7,6456348268
12525,303097539,39803,303137342,6,0,1,2048,12,1463156215
12526,303188610,207406,303396016,3,0,0,133632,3,5094135622
12527,303216870,31303,303248173,5,0,1,47104,18,4076093277
12528,303233670,14518,303248188,5,0,1,512,18,10009420739
12529,303262911,324492,303587403,5,0,0,204288,18,2843873922
12530,303298291,289283,303587574,2,0,0,512,16,7632106682
12531,303307151,182023,303489174,2,0,0,6144,16,7790341725
12532,303378540,347973,303726513,9,0,1,540160,15,6183383323
12533,303382010,351121,303733131,9,0,1,31744,15,5985767366
12534,303400390,573739,303974129,6,0,0,512,12,5457661421
12535,303498290,356458,303854748,6,0,0,1024,12,5172203677
12536,303504640,234188,303738828,5,0,1,18944,18,660627940
12537,303521561,509455,304031016,2,0,0,2048,16,7236247927
12538,303541961,221247,303763208,5,0,0,3584,18,8192016962
12539,303545390,199442,303744832,7,0,1,20480,16,5934243871
12540,303553339,191852,303745191,6,0,1,9728,12,8076536355
12541,303562469,188521,303750990,6,0,1,19456,12,3486695984
12542,303591220,439157,304030377,3,0,0,65024,3,2588000183
12543,303642370,170677,303813047,9,0,1,206848,15,2188415811
12544,303643181,596682,304239863,5,0,0,105472,18,4529710181
12545,303648070,165643,303813713,1,0,1,1024,9,7110516648
12546,303649200,221232,303870432,9,0,1,181248,15,8610754663
12547,303654909,218429,303873338,6,0,1,4608,12,3512511687
12548,303700830,178921,303879751,5,0,1,30720,18,3566979805
12549,303706250,176727,303882977,1,0,1,5120,9,4070914358
12550,303723491,400153,304123644,5,0,0,60416,18,3430047109
12551,303738330,326596,304064926,6,0,0,3584,12,1290636669
12552,303777730,111251,303888981,9,0,1,20480,15,1593950224
12553,303796910,114191,303911101,9,0,1,81408,15,2207803748
12554,303806730,106317,303913047,1,0,1,3072,9,7470804439
12555,303814570,151292,303965862,9,0,1,179200,15,10219934334
12556,303836080,403954,304240034,9,0,0,512,15,5828211333
12557,303839501,308919,304148420,2,0,0,4608,16,8373214415
12558,303856450,145395,304001845,9,0,1,122880,15,1234097698
12559,303895601,509854,304405455,5,0,0,73728,18,10326883585
12560,303916490,455021,304371511,9,0,0,1024,15,8583699177
12561,303935390,348443,304283833,3,0,0,55296,3,3451808955
12562,303945751,225405,304171156,5,0,0,4096,18,9440963942
12563,303964989,37842,304002831,6,0,1,1536,12,8270904598
12564,303969499,34318,304003817,6,0,1,1536,12,10250248511
12565,303985660,83183,304068843,9,0,1,135168,15,8528332829
12566,304034570,44898,304079468,9,0,1,42496,15,1588454608
12567,304035290,46124,304081414,1,0,1,3072,9,3729678736
12568,304037670,390855,304428525,9,0,0,7168,15,3978797457
12569,304044561,531414,304575975,5,0,0,96768,18,228049932
12570,304057199,26801,304084000,6,0,1,4096,12,10700141121
12571,304065200,249069,304314269,6,0,0,1536,12,3055826042
12572,304125579,12049,304137628,6,0,1,19968,12,8211849880
12573,304168441,683210,304851651,5,0,0,172544,18,5904794475
12574,304193611,469910,304663521,5,0,0,55296,18,3369500966
12575,304202170,1042,304203212,1,0,1,1024,9,7650740198
12576,304215900,37188,304253088,8,0,1,25088,7,467963955
12577,304219610,34246,304253856,4,0,1,11776,13,79090739
12578,304225490,30632,304256122,1,0,1,3584,9,4288196800
12579,304226420,31709,304258129,1,0,1,14336,9,10303063560
12580,304265250,333477,304598727,6,0,0,1024,12,3841906446
12581,304285650,606760,304892410,6,0,0,1536,12,1145895314
12582,304299600,475202,304774802,3,0,0,124928,3,5476999086
12583,304313220,475638,304788858,9,0,0,5632,15,6061611192
12584,304336949,3422,304340371,6,0,1,3584,12,2012311217
12585,304355121,716792,305071913,5,0,0,200192,18,7430965260
12586,304389129,21661,304410790,6,0,1,5632,12,8079309142
12587,304390400,346315,304736715,3,0,0,100864,3,4933416371
12588,304420660,475656,304896316,9,0,0,3072,15,2654873898
12589,304469881,462521,304932402,5,0,0,82944,18,5133656674
12590,304475250,113918,304589168,9,0,0,2048,15,7229847137
12591,304503510,3387,304506897,9,0,1,9728,15,6701305617
12592,304652620,288452,304941072,3,0,0,24576,3,1459721405
12593,304691010,83807,304774817,9,0,1,37376,15,8009908658
12594,304708230,473191,305181421,3,0,0,66560,3,510784827
12595,304781910,105760,304887670,9,0,0,6144,15,3442486420
12596,304787000,175354,304962354,9,0,0,2560,15,8396069022
12597,304788641,600182,305388823,5,0,0,35328,18,232778087
12598,304796070,284126,305080196,3,0,0,27136,3,7966424317
12599,304835730,288583,305124313,3,0,0,40448,3,7749790556
12600,304842141,802567,305644708,5,0,0,59904,18,4016283439
12601,304850470,662216,305512686,9,0,0,4096,15,7240673414
12602,304880939,1994,304882933,6,0,1,2048,12,6123033080
12603,304937200,5399,304942599,7,0,1,1536,16,4089431450
12604,304939170,26533,304965703,1,0,1,43520,9,3076098353
12605,304957191,741743,305698934,2,0,0,1536,16,5435913112
12606,304965120,146765,305111885,9,0,0,1024,15,9035469606
12607,304998370,10241,305008611,7,0,1,16384,16,1061949130
12608,305004060,5857,305009917,7,0,1,2048,16,4327870865
12609,305054840,75182,305130022,9,0,0,1536,15,4621418586
12610,305059850,26182,305086032,1,0,1,6144,9,3426211551
12611,305079170,8168,305087338,1,0,1,2048,9,9606766848
12612,305095500,797504,305893004,3,0,0,435712,3,5142149183
12613,305129470,4679,305134149,1,0,1,12288,9,5420981450
12614,305137260,251898,305389158,9,0,0,1024,15,9857398734
12615,305158881,417899,305576780,5,0,0,183296,18,8471855550
12616,305176481,302515,305478996,2,0,0,512,16,9245960081
12617,305189989,26479,305216468,6,0,1,48128,12,4288378139
12618,305239450,230692,305470142,3,0,0,51200,3,2191385052
12619,305325280,284012,305609292,3,0,0,79872,3,5730073783
12620,305367220,298207,305665427,3,0,0,48640,3,4377135011
12621,305378771,198352,305577123,2,0,0,1024,16,7172817633
12622,305381330,12757,305394087,1,0,1,12800,9,3216297865
12623,305455710,20226,305475936,5,0,1,6144,18,289761424
12624,305495660,13858,305509518,1,0,1,23552,9,4806034543
12625,305506191,170536,305676727,2,0,0,1024,16,8603914356
12626,305534861,390191,305925052,5,0,0,22016,18,10511116337
12627,305536361,381968,305918329,5,0,0,69120,18,1128688640
12628,305556200,109718,305665918,9,0,0,1536,15,30930795
12629,305611730,285524,305897254,3,0,0,11776,3,7766095923
12630,305617791,26932,305644723,0,0,1,20480,14,9327611006
12631,305657720,235923,305893643,6,0,0,2048,12,2956856527
12632,305667760,5712,305673472,1,0,1,14336,9,1072643650
12633,305671611,51041,305722652,2,0,0,2048,16,6595930066
12634,305674291,332491,306006782,5,0,0,154112,18,154801943
12635,305677690,12049,305689739,1,0,1,19968,9,1346512408
12636,305721040,2946,305723986,7,0,1,3072,16,6704521091
12637,305803870,127445,305931315,1,0,1,15360,9,8247619261
12638,305862210,82902,305945112,1,0,1,29696,9,8560708904
12639,305865211,141742,306006953,2,0,0,512,16,9063386006
12640,305883220,133310,306016530,3,0,0,15360,3,4484676413
12641,305896550,204361,306100911,3,0,0,56320,3,10189722614
12642,305939750,5721,305945471,1,0,1,9728,9,7965428394
12643,305994171,16196,306010367,0,0,1,3584,14,5037234237
12644,306053900,47182,306101082,6,0,0,512,12,967847695
12645,306074170,3128,306077298,1,0,1,9216,9,485172412
12646,306109191,7706,306116897,0,0,1,8192,14,1612377103
12647,306113480,125724,306239204,3,0,0,31744,3,658031515
12648,306139370,108774,306248144,9,0,0,5632,15,7832138911
12649,306149221,566,306149787,0,0,1,512,14,6233210562
12650,306171779,6278,306178057,6,0,1,6656,12,8435429395
12651,306181190,45596,306226786,6,0,0,1024,12,2820976161
12652,306209120,181128,306390248,3,0,0,60928,3,10163746005
12653,306236530,90430,306326960,3,0,0,18432,3,295196022
12654,306238031,5088,306243119,0,0,1,4096,14,10300551630
12655,306307581,6278,306313859,0,0,1,6656,14,1314886613
12656,306311251,15724,306326975,0,0,1,17920,14,9854125140
12657,306331821,149232,306481053,5,0,0,55296,18,1453144669
12658,306365450,1042,306366492,1,0,1,1024,9,7439478297
12659,306398270,92394,306490664,9,0,0,512,15,6139222726
12660,306404969,5326,306410295,6,0,1,5632,12,9415967521
12661,306427140,54864,306482004,9,0,0,3072,15,7544377586
12662,306430211,12308,306442519,0,0,1,20480,14,9640575045
12663,306431960,111863,306543823,6,0,0,2560,12,2352123255
12664,306479001,4037,306483038,0,0,1,1024,14,8762278545
12665,306487971,1518,306489489,0,0,1,1536,14,9477426693
12666,306524471,180078,306704549,5,0,0,24576,18,7670172039
12667,306527760,321714,306849474,9,0,0,512,15,6311899845
12668,306530820,2870,306533690,3,0,1,8704,3,3519569372
12669,306573750,34020,306607770,8,0,1,59392,7,6783381100
12670,306577960,31436,306609396,3,0,1,2560,3,5103432676
12671,306591319,19460,306610779,6,0,1,14848,12,1530481897
12672,306592380,132373,306724753,8,0,1,211456,7,8952213790
12673,306593900,132159,306726059,1,0,1,2048,9,6242692080
12674,306609041,465340,307074381,5,0,0,262656,18,3030618920
12675,306611440,470645,307082085,3,0,0,17920,3,8542846457
12676,306612990,114452,306727442,1,0,1,14848,9,6914051542
12677,306620790,513726,307134516,3,0,0,172032,3,1314608137
12678,306643520,491962,307135482,9,0,0,2048,15,7673693874
12679,306643770,84543,306728313,5,0,1,12288,18,5367613873
12680,306664181,66718,306730899,0,0,1,4096,14,6391437262
12681,306681890,290746,306972636,9,0,0,2560,15,10318181199
12682,306719620,356990,307076610,9,0,0,512,15,5692906580
12683,306789941,4850,306794791,0,0,1,5120,14,3236630207
12684,306790750,4195,306794945,1,0,1,8704,9,6794735516
12685,306806511,13600,306820111,0,0,1,23040,14,6427530602
12686,306826341,354959,307181300,5,0,0,15872,18,3059337624
12687,306831919,10499,306842418,6,0,1,16896,12,10350822313
12688,306846041,359765,307205806,5,0,0,60416,18,8126328857
12689,306848470,227969,307076439,6,0,0,4096,12,666533062
12690,306889039,5454,306894493,6,0,1,13824,12,6023538391
12691,306891141,249036,307140177,5,0,0,15360,18,5421704034
12692,306895500,245160,307140660,6,0,0,1536,12,5694267811
12693,306920760,154416,307075176,9,0,0,2560,15,6069863472
12694,306927290,10757,306938047,1,0,1,17408,9,460451615
12695,306939081,282019,307221100,5,0,0,30720,18,2230749033
12696,306948130,186713,307134843,9,0,0,1024,15,9922286303
12697,306953609,6278,306959887,6,0,1,6656,12,8919692507
12698,306991510,301702,307293212,3,0,0,53248,3,5282790544
12699,307098950,260798,307359748,3,0,0,4608,3,4889398684
12700,307190351,252915,307443266,5,0,0,141312,18,2524456579
12701,307221251,294129,307515380,5,0,0,150016,18,1908161431
12702,307257881,260166,307518047,5,0,0,8704,18,1342421286
12703,307270480,190942,307461422,3,0,0,57344,3,8553175497
12704,307272831,1042,307273873,0,0,1,1024,14,3248844212
12705,307280250,110048,307390298,6,0,0,512,12,6999231001
12706,307293500,150435,307443935,9,0,0,1536,15,4576838805
12707,307310071,398273,307708344,5,0,0,78336,18,4135160783
12708,307341720,341752,307683472,3,0,0,235520,3,711212855
12709,307353690,89762,307443452,6,0,0,512,12,206718298
12710,307364871,6278,307371149,0,0,1,6656,14,4502008201
12711,307391499,51782,307443281,6,0,1,20992,12,2655388384
12712,307455680,228283,307683963,6,0,0,1536,12,7604559142
12713,307482110,202351,307684461,6,0,0,512,12,7695217743
12714,307490140,194150,307684290,6,0,0,1024,12,7687759387
12715,307519040,92657,307611697,6,0,0,2048,12,10181435634
12716,307566470,1042,307567512,7,0,1,1024,16,8329870420
12717,307631739,77631,307709370,6,0,1,1024,12,8960012374
12718,307675680,76560,307752240,6,0,0,512,12,6565564821
12719,307714700,7230,307721930,7,0,1,7680,16,9627726448
12720,307734819,1518,307736337,6,0,1,1536,12,9689560427
12721,307817710,4162,307821872,7,0,1,11264,16,9183243190
12722,307850300,60536,307910836,6,0,0,9728,12,732705623
12723,307893469,10757,307904226,6,0,1,17408,12,6154330205
12724,307900370,4317,307904687,7,0,1,10240,16,3498667982
12725,307946620,55748,308002368,6,0,0,4096,12,2499725649
12726,307962711,70064,308032775,5,0,0,10752,18,8735317815
12727,308051059,4162,308055221,6,0,1,11264,12,9963994203
12728,308060440,3645,308064085,7,0,1,10240,16,10518921232
12729,308102140,50672,308152812,9,0,0,2560,15,1071314546
12730,308120810,45596,308166406,9,0,0,1024,15,5070458342
12731,308158830,126620,308285450,3,0,0,115712,3,3189750469
12732,308167901,178126,308346027,5,0,0,3584,18,6309546942
12733,308222271,24929,308247200,0,0,1,45056,14,5233081260
12734,308235990,77625,308313615,6,0,0,3072,12,5049620121
12735,308280529,5479,308286008,6,0,1,512,12,10627467319
12736,308288840,153811,308442651,3,0,0,56320,3,2080981790
12737,308364539,11016,308375555,6,0,1,17920,12,9688378864
12738,308369870,11711,308381581,3,0,1,18944,3,3103956264
12739,308391309,7230,308398539,6,0,1,7680,12,10070623953
12740,308436310,9203,308445513,7,0,1,8704,16,6760466721
12741,308450400,88600,308539000,7,0,0,3584,16,5840390486
12742,308471120,57440,308528560,6,0,0,4608,12,20637010
12743,308492480,189075,308681555,3,0,0,93184,3,9330902293
12744,308503560,10757,308514317,3,0,1,17408,3,664367890
12745,308566260,120143,308686403,6,0,0,1536,12,5469029349
12746,308642989,7706,308650695,6,0,1,8192,12,35438168
12747,308647040,34530,308681570,2,0,1,7168,16,103862933
12748,308650151,162291,308812442,5,0,0,132608,18,4060430631
12749,308665851,339615,309005466,5,0,0,24064,18,382876272
12750,308687731,451910,309139641,5,0,0,440320,18,5919675550
12751,308719050,3645,308722695,3,0,1,10240,3,4943337742
12752,308727670,423427,309151097,3,0,0,32256,3,10533238677
12753,308741040,12566,308753606,3,0,1,20992,3,4119558222
12754,308814960,566,308815526,3,0,1,512,3,8718965914
12755,308817440,566,308818006,3,0,1,512,3,4105037660
12756,308855240,1042,308856282,3,0,1,1024,3,263287825
12757,308872450,268477,309140927,6,0,0,2560,12,155103532
12758,308877820,262304,309140124,9,0,0,1536,15,10347292799
12759,308882670,258584,309141254,1,0,0,1024,9,3299954566
12760,308931029,5196,308936225,6,0,1,13312,12,8645936141
12761,308990620,160680,309151300,3,0,0,512,3,9164277191
12762,309006730,198787,309205517,9,0,0,512,15,7142980379
12763,309069940,126745,309196685,9,0,0,1024,15,7037630328
12764,309076120,89306,309165426,2,0,1,24064,16,4976919028
12765,309079710,128406,309208116,3,0,0,3584,3,7632694252
12766,309101430,100406,309201836,1,0,0,2560,9,2843683114
12767,309107070,181217,309288287,0,0,0,29696,14,5913484210
12768,309123319,46293,309169612,6,0,1,6656,12,2955839014
12769,309156120,91328,309247448,3,0,0,1024,3,8140508351
12770,309163341,7859,309171200,0,0,1,15872,14,4802622599
12771,309194160,12049,309206209,9,0,1,19968,15,6000756925
12772,309238791,291990,309530781,5,0,0,61440,18,6841172983
12773,309263700,3422,309267122,1,0,1,3584,9,5427289841
12774,309274820,48980,309323800,3,0,0,2048,3,3714315307
12775,309282501,212670,309495171,5,0,0,10240,18,2713292173
12776,309289570,87088,309376658,6,0,0,1536,12,6316612904
12777,309292670,13512,309306182,3,0,1,26112,3,3933036523
12778,309294871,180011,309474882,5,0,0,88064,18,1701625770
12779,309317299,1994,309319293,6,0,1,2048,12,3990052111
12780,309323701,258024,309581725,5,0,0,16384,18,1421841161
12781,309323941,185885,309509826,4,0,0,24064,13,3373343938
12782,309326199,1994,309328193,6,0,1,2048,12,9930966667
12783,309331700,208668,309540368,9,0,0,512,15,45755862
12784,309334610,154104,309488714,3,0,0,4096,3,4650664873
12785,309338041,3128,309341169,0,0,1,9216,14,6997720627
12786,309354010,177737,309531747,1,0,0,3072,9,6678311210
12787,309362200,113165,309475365,6,0,0,1536,12,10072404390
12788,309384241,5196,309389437,0,0,1,13312,14,10481686732
12789,309447549,27831,309475380,6,0,1,5632,12,9038145522
12790,309455419,26724,309482143,6,0,1,7168,12,10566628735
12791,309461530,29813,309491343,3,0,1,26624,3,9222479560
12792,309502800,27996,309530796,1,0,1,4096,9,9180405123
12793,309522380,59672,309582052,1,0,0,1024,9,1465016796
12794,309533101,88078,309621179,5,0,0,9728,18,8128647810
12795,309545399,24412,309569811,6,0,1,44032,12,4267512320
12796,309563159,11837,309574996,6,0,1,16384,12,4953452694
12797,309648650,2870,309651520,1,0,1,8704,9,6252821412
12798,309794790,45596,309840386,3,0,0,1024,3,9751678076
12799,309835291,125528,309960819,5,0,0,112128,18,2724737777
12800,309864211,1042,309865253,0,0,1,1024,14,5792308449
12801,309897420,5802,309903222,1,0,1,6144,9,2139406324
12802,309901269,5499,309906768,6,0,1,5632,12,8710821519
12803,309905890,66149,309972039,9,0,0,512,15,9915097636
12804,309914469,4162,309918631,6,0,1,11264,12,3200186270
12805,309943650,20600,309964250,4,0,1,3584,13,5810421696
12806,309943681,266185,310209866,5,0,0,122880,18,8815058428
12807,309962779,104649,310067428,1,0,0,4608,9,1755384661
12808,309994719,6278,310000997,6,0,1,6656,12,6424880533
12809,310038149,172238,310210387,1,0,0,512,9,6999102887
12810,310068880,2946,310071826,4,0,1,3072,13,1662467820
12811,310093099,117117,310210216,1,0,0,512,9,8083320239
12812,310110960,11533,310122493,4,0,1,18944,13,7224663098
12813,310124101,566,310124667,0,0,1,512,14,1220038519
12814,310141381,185144,310326525,5,0,0,64512,18,3453412145
12815,310144509,65528,310210037,1,0,0,512,9,10348336528
12816,310189940,25343,310215283,4,0,1,12800,13,8633586263
12817,310219890,283808,310503698,3,0,0,6656,3,1697296429
12818,310223049,13253,310236302,6,0,1,25600,12,1477030737
12819,310226040,15408,310241448,4,0,1,8192,13,6039587874
12820,310250301,4679,310254980,0,0,1,12288,14,8915242007
12821,310252181,13704,310265885,0,0,1,19456,14,10597003622
12822,310289910,2946,310292856,4,0,1,3072,13,10335280013
12823,310294441,184915,310479356,5,0,0,64000,18,3007436241
12824,310366820,112707,310479527,9,0,0,512,15,9868557466
12825,310367599,7230,310374829,6,0,1,7680,12,5560537031
12826,310401080,2470,310403550,1,0,1,2560,9,7693638817
12827,310409050,4850,310413900,4,0,1,5120,13,9526903346
12828,310447340,3387,310450727,3,0,1,9728,3,379812908
12829,310453140,4374,310457514,4,0,1,4608,13,1905388055
12830,310480080,89794,310569874,6,0,0,3584,12,6411817020
12831,310537000,90923,310627923,9,0,0,1024,15,1116040846
12832,310595730,22174,310617904,4,0,1,36352,13,10004607158
12833,310610189,43370,310653559,6,0,1,74240,12,6841329668
12834,310634270,21875,310656145,1,0,1,4096,9,10504742282
12835,310670211,44205,310714416,5,0,0,512,18,6121123463
12836,310704931,176300,310881231,5,0,0,110080,18,8683243316
12837,310709330,97930,310807260,3,0,0,512,3,5547309601
12838,310709749,1518,310711267,6,0,1,1536,12,3377178396
12839,310710851,174303,310885154,5,0,0,12800,18,9626101857
12840,310732460,2946,310735406,3,0,1,3072,3,8809329184
12841,310777371,4679,310782050,0,0,1,12288,14,1958063772
12842,310787210,2470,310789680,4,0,1,2560,13,6478982969
12843,310791400,2946,310794346,1,0,1,3072,9,5755225826
12844,310804109,5326,310809435,6,0,1,5632,12,4818683862
12845,310813720,21916,310835636,1,0,1,35840,9,10159052204
12846,310858211,162747,311020958,5,0,0,46592,18,9538183125
12847,310906290,223012,311129302,3,0,0,106496,3,9463810903
12848,310917720,4374,310922094,3,0,1,4608,3,3081153305
12849,310933141,205700,311138841,5,0,0,31232,18,4344251231
12850,310935160,1042,310936202,3,0,1,1024,3,5158645023
12851,310948300,109860,311058160,3,0,0,10240,3,876121506
12852,310961501,237465,311198966,5,0,0,104960,18,7522455783
12853,310961760,6488,310968248,3,0,1,15872,3,5554615277
12854,310972110,63244,311035354,9,0,0,2048,15,4099848173
12855,310998050,566,310998616,5,0,1,512,18,3536253027
12856,311005561,15420,311020981,0,0,1,13312,14,9981390164
12857,311006580,18040,311024620,4,0,1,10240,13,6107849077
12858,311012080,13533,311025613,3,0,1,1536,3,8406180627
12859,311022139,14781,311036920,6,0,1,20480,12,10524938328
12860,311027410,12736,311040146,1,0,1,5120,9,8735835334
12861,311040139,1994,311042133,6,0,1,2048,12,8386347760
12862,311044890,2470,311047360,5,0,1,2560,18,3822870031
12863,311073030,201275,311274305,3,0,0,121344,3,92269922
12864,311080180,1994,311082174,3,0,1,2048,3,4054208922
12865,311089570,566,311090136,5,0,1,512,18,1883918031
12866,311113570,30167,311143737,3,0,1,12800,3,10674449381
12867,311207730,6754,311214484,5,0,1,7168,18,8756571374
12868,311248231,29488,311277719,0,0,1,3584,14,468036492
12869,311319021,1518,311320539,0,0,1,1536,14,4983145347
12870,311337551,3898,311341449,0,0,1,4096,14,8520529908
12871,311384591,228788,311613379,5,0,0,176640,18,7010919456
12872,311391501,1994,311393495,0,0,1,2048,14,6399338754
12873,311426200,1994,311428194,4,0,1,2048,13,2318160894
12874,311455450,5802,311461252,5,0,1,6144,18,1465597431
12875,311465590,67749,311533339,6,0,0,4608,12,9112068851
12876,311475150,1518,311476668,2,0,1,1536,16,7024403082
12877,311499100,137325,311636425,3,0,0,39424,3,9404966783
12878,311513580,7706,311521286,5,0,1,8192,18,8127769578
12879,311518899,3373,311522272,6,0,1,1536,12,5970350421
12880,311526280,138274,311664554,6,0,0,1024,12,6130199353
12881,311538429,3387,311541816,6,0,1,9728,12,4597971947
12882,311544971,166030,311711001,8,0,0,42496,7,9842466377
12883,311562600,148884,311711484,9,0,0,1536,15,1953092752
12884,311601259,19367,311620626,6,0,1,7680,12,9480719995
12885,311618170,4082,311622252,2,0,1,2560,16,8970215822
12886,311624300,12140,311636440,1,0,1,6656,9,270870428
12887,311643620,5326,311648946,1,0,1,5632,9,8056752025
12888,311682459,4850,311687309,6,0,1,5120,12,3802652104
12889,311714809,14117,311728926,6,0,1,24064,12,950241754
12890,311717970,11929,311729899,8,0,1,12800,7,10114221526
12891,311721820,49395,311771215,6,0,0,1536,12,10141133466
12892,311729179,2026,311731205,6,0,1,2048,12,2857672862
12893,311731340,280141,312011481,9,0,0,512,15,3891509951
12894,311752410,67928,311820338,3,0,0,13824,3,9119190287
12895,311773299,11533,311784832,6,0,1,18944,12,7288855124
12896,311782890,4208,311787098,7,0,1,3584,16,2561497846
12897,311799811,347685,312147496,5,0,0,293376,18,1420973529
12898,311817520,369303,312186823,3,0,0,129024,3,8491681786
12899,311861680,5802,311867482,5,0,1,6144,18,9553905184
12900,311884359,1042,311885401,6,0,1,1024,12,5406404615
12901,311893480,3904,311897384,5,0,1,10752,18,7802750735
12902,311935950,2946,311938896,5,0,1,3072,18,6015350640
12903,311974140,34020,312008160,8,0,1,59392,7,326267923
12904,311988720,20823,312009543,2,0,1,14848,16,6295763234
12905,311991840,20609,312012449,2,0,1,4608,16,2020096894
12906,312162850,69561,312232411,6,0,0,1024,12,2102015684
12907,312171920,87560,312259480,6,0,0,1536,12,6408406218
12908,312176420,201522,312377942,6,0,0,512,12,2693627705
12909,312192350,49292,312241642,6,0,0,3072,12,9458205848
12910,312196390,1994,312198384,2,0,1,2048,16,3864753578
12911,312207490,11791,312219281,4,0,1,19456,13,127873628
12912,312207910,76488,312284398,6,0,0,1536,12,7882674379
12913,312277940,130020,312407960,9,0,0,7168,15,5901785145
12914,312296019,54056,312350075,9,0,0,3584,15,9410334901
12915,312312419,13600,312326019,6,0,1,23040,12,4258707022
12916,312343939,1042,312344981,6,0,1,1024,12,1665253819
12917,312376080,89555,312465635,6,0,0,2048,12,2004142941
12918,312376440,3645,312380085,2,0,1,10240,16,9325488284
12919,312379980,46471,312426451,8,0,1,80384,7,475378746
12920,312520490,81374,312601864,8,0,1,131584,7,416206074
12921,312542199,60011,312602210,6,0,1,512,12,1216633341
12922,312576189,26892,312603081,6,0,1,12288,12,9266739933
12923,312592360,12347,312604707,1,0,1,2560,9,6275461970
12924,312611751,374359,312986110,5,0,0,179712,18,1831574465
12925,312659550,12566,312672116,5,0,1,20992,18,2411985166
12926,312685759,5326,312691085,6,0,1,5632,12,3273161961
12927,312721760,55629,312777389,9,0,0,512,15,560512991
12928,312782489,92029,312874518,9,0,0,512,15,4777420878
12929,312845450,1994,312847444,5,0,1,2048,18,1658837346
12930,312854971,242313,313097284,5,0,0,34304,18,8101737540
12931,312857640,49641,312907281,6,0,0,4096,12,903180220
12932,312859889,2470,312862359,6,0,1,2560,12,1365751005
12933,312877330,432157,313309487,3,0,0,54272,3,10044239027
12934,312883550,379617,313263167,3,0,0,343552,3,5356796778
12935,312909700,76425,312986125,8,0,1,42496,7,588203095
12936,312934919,55894,312990813,6,0,1,12288,12,6671072272
12937,312935030,331170,313266200,3,0,0,9216,3,2635763907
12938,312996559,2470,312999029,6,0,1,2560,12,1151287540
12939,313032060,260876,313292936,3,0,0,54784,3,9203359777
12940,313035610,5802,313041412,5,0,1,6144,18,8376223563
12941,313042319,3645,313045964,6,0,1,10240,12,541798499
12942,313046969,2946,313049915,6,0,1,3072,12,4618981502
12943,313048210,13512,313061722,8,0,1,26112,7,8855829811
12944,313051060,28025,313079085,8,0,1,40960,7,10511679407
12945,313078620,4374,313082994,2,0,1,4608,16,1046098872
12946,313081450,357686,313439136,3,0,0,133120,3,4612707584
12947,313084729,12570,313097299,6,0,1,2560,12,4402624404
12948,313095150,168219,313263369,9,0,0,512,15,7753676032
12949,313148050,115132,313263182,1,0,1,28672,9,4693342407
12950,313175280,93774,313269054,5,0,1,8704,18,8998730161
12951,313199110,157466,313356576,6,0,0,2048,12,10064292180
12952,313220931,230403,313451334,5,0,0,39936,18,7553227602
12953,313246149,27537,313273686,6,0,1,5120,12,59780647
12954,313300459,15298,313315757,6,0,1,6656,12,6895935928
12955,313348339,129286,313477625,9,0,0,3584,15,9580572300
12956,313353310,98219,313451529,6,0,0,512,12,5413266183
12957,313394550,44601,313439151,2,0,1,24576,16,4566795907
12958,313431320,22638,313453958,2,0,1,2560,16,8875260267
12959,313432580,62675,313495255,6,0,0,512,12,6340888223
12960,313443880,14359,313458239,2,0,1,14848,16,8894489321
12961,313467079,50022,313517101,9,0,0,512,15,953379355
12962,313482059,1518,313483577,6,0,1,1536,12,7256403737
12963,313520940,5326,313526266,2,0,1,5632,16,9967529432
12964,313570790,2470,313573260,2,0,1,2560,16,2186524126
12965,313587150,4162,313591312,2,0,1,11264,16,3556450847
12966,313615470,72518,313687988,6,0,0,2560,12,1144293000
12967,313616990,6754,313623744,2,0,1,7168,16,10297053394
12968,313623610,164291,313787901,3,0,0,71680,3,9321652787
12969,313648930,11533,313660463,1,0,1,18944,9,8660542530
12970,313649421,204978,313854399,5,0,0,61952,18,8681187834
12971,313703080,4679,313707759,2,0,1,12288,16,10713188243
12972,313713990,2946,313716936,2,0,1,3072,16,1551759233
12973,313782760,10329,313793089,1,0,1,13312,9,5371915102
12974,313810000,2870,313812870,2,0,1,8704,16,4058766546
12975,313817590,5196,313822786,1,0,1,13312,9,563257886
12976,313868160,1994,313870154,2,0,1,2048,16,3468978775
12977,313900740,23466,313924206,5,0,1,38912,18,1343603253
12978,313937719,1518,313939237,6,0,1,1536,12,3426898536
12979,313960720,3898,313964618,1,0,1,4096,9,4887642315
12980,314011910,206192,314218102,3,0,0,215552,3,1120313223
12981,314014610,259888,314274498,3,0,0,108032,3,2501787051
12982,314055600,566,314056166,1,0,1,512,9,3597164521
12983,314070249,4420,314074669,6,0,1,11776,12,1709903844
12984,314147070,206718,314353788,3,0,0,140288,3,9864517024
12985,314149659,1042,314150701,6,0,1,1024,12,9344316470
12986,314223830,248590,314472420,3,0,0,3584,3,1383311236
12987,314240730,120158,314360888,6,0,0,1024,12,1988078661
12988,314258809,38131,314296940,6,0,1,36864,12,3195816012
12989,314261809,36117,314297926,6,0,1,1536,12,8676210559
12990,314318401,238233,314556634,5,0,0,71168,18,9949735688
12991,314322100,37524,314359624,1,0,1,6144,9,7963997121
12992,314333340,67778,314401118,6,0,0,1536,12,3319085347
12993,314400860,1768,314402628,1,0,1,1536,9,418473913
12994,314414040,14029,314428069,5,0,1,27136,18,6355378364
12995,314414399,94735,314509134,9,0,0,2048,15,4968471224
12996,314428970,6278,314435248,4,0,1,6656,13,6814230692
12997,314474131,231517,314705648,5,0,0,86528,18,1162311030
12998,314544110,196907,314741017,3,0,0,17408,3,8634746755
12999,314550100,10925,314561025,1,0,1,4608,9,4559620759
13000,314561461,247051,314808512,5,0,0,45056,18,9433106490
13001,314577381,192914,314770295,5,0,0,73728,18,5727281971
13002,314605289,4374,314609663,6,0,1,4608,12,8452159301
13003,314605851,337950,314943801,5,0,0,90624,18,7908975769
13004,314618340,91337,314709677,6,0,0,2048,12,10564073212
13005,314622710,1518,314624228,5,0,1,1536,18,8203427414
13006,314623970,1042,314625012,4,0,1,1024,13,1351185297
13007,314627750,6278,314634028,1,0,1,6656,9,4960476538
13008,314655009,154774,314809783,9,0,0,4096,15,3694554144
13009,314665370,1518,314666888,1,0,1,1536,9,992447632
13010,314665410,2784,314668194,1,0,1,2048,9,9964120105
13011,314696980,18901,314715881,2,0,1,16384,16,7343660340
13012,314730670,16354,314747024,5,0,1,31744,18,3372406151
13013,314734410,35900,314770310,1,0,1,2048,9,6351778083
13014,314736379,33946,314770325,6,0,1,6144,12,6571260414
13015,314738800,205484,314944284,6,0,0,1536,12,10516003108
13016,314762930,13206,314776136,3,0,1,6144,3,1559285866
13017,314765310,19979,314785289,4,0,1,22016,13,1766083743
13018,314784910,1518,314786428,1,0,1,1536,9,1825943648
13019,314800480,15064,314815544,2,0,1,6144,16,2852971388
13020,314816410,4374,314820784,1,0,1,4608,9,2304077145
13021,314841380,248310,315089690,3,0,0,116736,3,3800711745
13022,314855020,13341,314868361,9,0,1,22528,15,6106804372
13023,314872621,218535,315091156,5,0,0,4608,18,8125178062
13024,314881770,169244,315051014,3,0,0,25088,3,1529699272
13025,314910039,2870,314912909,6,0,1,8704,12,8081706289
13026,314958440,3898,314962338,4,0,1,4096,13,9923008031
13027,315036790,15321,315052111,4,0,1,29696,13,414451480
13028,315042000,322365,315364365,3,0,0,156672,3,5464428743
13029,315049749,39956,315089705,6,0,1,5120,12,8004184657
13030,315058520,35065,315093585,1,0,1,2560,9,9667863736
13031,315067340,37380,315104720,5,0,1,21504,18,226507127
13032,315074810,32816,315107626,1,0,1,4608,9,685440498
13033,315076510,37529,315114039,4,0,1,22528,13,8647607433
13034,315149190,97258,315246448,6,0,0,1024,12,6784514724
13035,315149350,14029,315163379,2,0,1,27136,16,1917959713
13036,315248750,2870,315251620,3,0,1,8704,3,2573283945
13037,315258620,3422,315262042,4,0,1,3584,13,828691897
13038,315279300,105902,315385202,3,0,0,1536,3,3670732541
13039,315282490,3904,315286394,4,0,1,10752,13,880396898
13040,315284120,80440,315364560,3,0,0,512,3,1496639409
13041,315324450,43015,315367465,1,0,1,3072,9,6528745139
13042,315335880,53987,315389867,2,0,1,44032,16,7874212124
13043,315339060,52113,315391173,4,0,1,2048,13,6115087268
13044,315376540,16899,315393439,4,0,1,3584,13,5434986891
13045,315446350,20624,315466974,2,0,1,33280,16,2368245405
13046,315451030,22153,315473183,4,0,1,21504,13,10722214012
13047,315472180,7230,315479410,9,0,1,7680,15,8683659246
13048,315491600,4937,315496537,1,0,1,12800,9,4886711827
13049,315517280,3898,315521178,4,0,1,4096,13,910551696
13050,315569120,5712,315574832,1,0,1,14336,9,2510769166
13051,315605830,23725,315629555,9,0,1,39424,15,10452751978
13052,315634340,4420,315638760,9,0,1,11776,15,3293246704
13053,315650510,5326,315655836,3,0,1,5632,3,5799429451
13054,315682130,1518,315683648,3,0,1,1536,3,5865995033
13055,315726100,4937,315731037,3,0,1,12800,3,5834021930
13056,315729480,377022,316106502,3,0,0,201728,3,7534623176
13057,315733020,3898,315736918,3,0,1,4096,3,856864017
13058,315740450,1994,315742444,3,0,1,2048,3,9410070287
13059,315745581,299426,316045007,5,0,0,178688,18,5180363789
13060,315753860,1518,315755378,1,0,1,1536,9,2119170894
13061,315810300,4420,315814720,9,0,1,11776,15,4297592625
13062,315821270,293247,316114517,3,0,0,23040,3,2867855588
13063,315823031,354307,316177338,4,0,0,11264,13,1166965779
13064,315828291,297489,316125780,5,0,0,36864,18,2293261818
13065,315831990,140432,315972422,6,0,0,512,12,7805688421
13066,315851710,278357,316130067,6,0,0,512,12,9176746979
13067,315876850,95401,315972251,6,0,0,7168,12,9239391145
13068,315890550,566,315891116,4,0,1,512,13,7280272507
13069,315911860,11274,315923134,3,0,1,18432,3,3681913349
13070,315919200,14545,315933745,9,0,1,28160,15,9879954889
13071,315945150,3645,315948795,1,0,1,10240,9,4445625734
13072,315954660,13600,315968260,4,0,1,23040,13,690627138
13073,316003220,122575,316125795,4,0,1,5632,13,9560629026
13074,316036620,93276,316129896,3,0,0,13312,3,7095995801
13075,316046460,79350,316125810,1,0,1,1536,9,6099858258
13076,316085480,40345,316125825,2,0,1,9216,16,1465002284
13077,316143080,154761,316297841,3,0,0,41984,3,2541228280
13078,316171800,5553,316177353,1,0,1,4096,9,3845452490
13079,316225801,107210,316333011,5,0,0,37376,18,7209214367
13080,316228151,152080,316380231,5,0,0,51200,18,8527665267
13081,316230350,102832,316333182,6,0,0,512,12,9118455752
13082,316230870,102327,316333197,9,0,1,152064,15,6723133513
13083,316263861,69351,316333212,0,0,1,15872,14,9402757910
13084,316280800,52427,316333227,2,0,1,3072,16,2748499377
13085,316290000,43242,316333242,2,0,1,7168,16,7466803229
13086,316295041,214167,316509208,5,0,0,88576,18,3789423915
13087,316386741,160043,316546784,5,0,0,32256,18,10625480788
13088,316401160,13858,316415018,3,0,1,23552,3,4899408054
13089,316446070,25446,316471516,9,0,1,46080,15,10337862779
13090,316450920,26907,316477827,9,0,1,22016,15,10093501975
13091,316460721,393496,316854217,4,0,0,54272,13,8936110385
13092,316519000,2470,316521470,2,0,1,2560,16,8868653159
13093,316535851,269175,316805026,4,0,0,249344,13,163684290
13094,316555800,4850,316560650,7,0,1,5120,16,2818127631
13095,316559280,140781,316700061,6,0,0,1024,12,10579319285
13096,316582091,317225,316899316,5,0,0,147968,18,344158072
13097,316583710,1994,316585704,2,0,1,2048,16,3582109148
13098,316627671,349444,316977115,4,0,0,68608,13,5742652164
13099,316640530,1518,316642048,2,0,1,1536,16,3757318094
13100,316735780,163559,316899339,9,0,1,100352,15,2667588299
13101,316737710,161644,316899354,3,0,1,3072,3,908957734
13102,316778271,121098,316899369,0,0,1,18432,14,392224617
13103,316849360,72167,316921527,8,0,1,36352,7,9774305698
13104,316877131,46662,316923793,0,0,1,3584,14,755865413
13105,316937900,122502,317060402,6,0,0,5120,12,8887085656
13106,316960460,19117,316979577,1,0,1,2560,9,8655352232
13107,317027160,7230,317034390,2,0,1,7680,16,731910487
13108,317031140,179977,317211117,3,0,0,37376,3,5575071573
13109,317033600,43904,317077504,6,0,0,512,12,7321464075
13110,317072551,12825,317085376,0,0,1,21504,14,1021655331
13111,317144010,5326,317149336,1,0,1,5632,9,457411733
13112,317149490,5802,317155292,9,0,1,6144,15,6355592413
13113,317158210,4374,317162584,5,0,1,4608,18,10666372343
13114,317171100,11791,317182891,5,0,1,19456,18,6479052526
13115,317175560,8317,317183877,5,0,1,1536,18,224758554
13116,317178470,5766,317184236,2,0,1,9728,16,3818877877
13117,317218050,6278,317224328,2,0,1,6656,16,6097244087
13118,317220010,10358,317230368,1,0,1,16384,9,3538078217
13119,317259421,254349,317513770,5,0,0,173568,18,805516465
13120,317306420,11533,317317953,5,0,1,18944,18,7691841233
13121,317322340,226747,317549087,6,0,0,5632,12,2131705389
13122,317362540,76329,317438869,8,0,1,128512,7,6735980434
13123,317368171,153689,317521860,5,0,0,25088,18,8930473363
13124,317395280,47135,317442415,8,0,1,5632,7,3173238390
13125,317401680,42681,317444361,2,0,1,3072,16,7948247570
13126,317445380,68725,317514105,6,0,0,1024,12,8680406642
13127,317465490,56385,317521875,5,0,1,4608,18,4148774288
13128,317508080,18429,317526509,3,0,1,17920,3,5974671229
13129,317536641,260143,317796784,4,0,0,194560,13,1054419666
13130,317540091,259712,317799803,4,0,0,9728,13,8590886438
13131,317552420,14804,317567224,8,0,1,28672,7,9730477960
13132,317616310,5802,317622112,1,0,1,6144,9,5460565433
13133,317649220,2470,317651690,5,0,1,2560,18,4269578351
13134,317654630,1994,317656624,1,0,1,2048,9,2530070433
13135,317683450,566,317684016,3,0,1,512,3,3372100665
13136,317691630,6229,317697859,1,0,1,15360,9,1160058684
13137,317751600,173445,317925045,8,0,1,203776,7,9370647816
13138,317762720,164591,317927311,3,0,1,3584,3,1461516159
13139,317765750,166848,317932598,5,0,1,16896,18,2173340658
13140,317765840,169024,317934864,3,0,1,3584,3,5755161863
13141,317767390,168460,317935850,5,0,1,1536,18,2382893094
13142,317777020,243881,318020901,6,0,0,512,12,833358877
13143,317785351,171660,317957011,4,0,0,7168,13,4771759555
13144,317812880,124148,317937028,1,0,1,13824,9,6939082535
13145,317830340,109274,317939614,5,0,1,4096,18,2925485630
13146,317846700,134337,317981037,8,0,1,140800,7,4741238104
13147,317875141,365039,318240180,4,0,0,36864,13,7059100893
13148,317939171,289762,318228933,5,0,0,30720,18,4839524417
13149,317951141,245655,318196796,5,0,0,67584,18,9561405428
13150,317957590,24113,317981703,2,0,1,1024,16,7387313569
13151,317958540,205878,318164418,3,0,0,77312,3,579182819
13152,317976400,9169,317985569,2,0,1,6144,16,1443307696
13153,318073470,12825,318086295,3,0,1,21504,3,7278991655
13154,318088960,5326,318094286,9,0,1,5632,15,5355417591
13155,318096830,3422,318100252,1,0,1,3584,9,5979056044
13156,318102000,4420,318106420,5,0,1,11776,18,10357926136
13157,318141440,66170,318207610,8,0,1,70656,7,4311374023
13158,318168260,39606,318207866,1,0,1,9216,9,2853179215
13159,318175920,37233,318213153,2,0,1,16896,16,242439987
13160,318222230,31542,318253772,8,0,1,23040,7,4410291207
13161,318254991,216394,318471385,4,0,0,140800,13,10016587656
13162,318278390,6278,318284668,2,0,1,6656,16,2117581715
13163,318313750,247112,318560862,3,0,0,31232,3,6516685278
13164,318324951,451076,318776027,4,0,0,250368,13,4367151734
13165,318325370,2470,318327840,2,0,1,2560,16,5638788692
13166,318330571,454207,318784778,4,0,0,28672,13,4936071215
13167,318333191,695203,319028394,4,0,0,158208,13,10295236680
13168,318388920,2946,318391866,2,0,1,3072,16,6456183210
13169,318433570,605930,319039500,3,0,0,3584,3,10336139577
13170,318435840,41291,318477131,3,0,1,14336,3,6991968717
13171,318443230,369394,318812624,3,0,0,80896,3,10269345606
13172,318487050,145254,318632304,3,0,0,27648,3,2167652253
13173,318511230,540111,319051341,6,0,0,2048,12,3136188756
13174,318546480,14397,318560877,5,0,1,5632,18,8692308751
13175,318579160,235894,318815054,6,0,0,2048,12,6973109727
13176,318595120,11274,318606394,5,0,1,18432,18,7519222792
13177,318598981,594267,319193248,5,0,0,99328,18,9706507335
13178,318599531,687293,319286824,4,0,0,44544,13,3284670751
13179,318620590,164904,318785494,6,0,0,2048,12,1997756688
13180,318640400,397993,319038393,3,0,0,32768,3,10212778527
13181,318641650,143143,318784793,8,0,1,164352,7,3313049440
13182,318660031,502938,319162969,4,0,0,8704,13,6526437408
13183,318669550,115258,318784808,5,0,1,4096,18,5966252653
13184,318679140,301035,318980175,3,0,0,123904,3,4156425241
13185,318689480,95343,318784823,3,0,1,8704,3,5009397710
13186,318769880,99531,318869411,8,0,1,136704,7,5279966610
13187,318774850,385452,319160302,3,0,0,91648,3,2608308291
13188,318775840,93725,318869565,3,0,1,8704,3,6483951604
13189,318776850,496379,319273229,3,0,0,112128,3,5058826491
13190,318799680,76503,318876183,2,0,1,23552,16,3451290795
13191,318810530,66639,318877169,2,0,1,1536,16,7905610908
13192,318812050,594169,319406219,3,0,0,73216,3,6491599648
13193,318812540,70530,318883070,1,0,1,19968,9,2000682073
13194,318839780,49908,318889688,5,0,1,23552,18,6181695769
13195,318840841,691483,319532324,5,0,0,60416,18,4973323725
13196,318872430,33630,318906060,8,0,1,53760,7,7521663566
13197,318909670,12566,318922236,2,0,1,20992,16,7420507015
13198,318910510,17423,318927933,3,0,1,18944,3,9216164996
13199,319023250,22061,319045311,1,0,1,6144,9,3330266861
13200,319029310,257537,319286847,8,0,1,383488,7,2582603409
13201,319058710,382419,319441129,6,0,0,1024,12,1353954261
13202,319084360,202502,319286862,3,0,1,6144,3,2267966078
13203,319085350,201739,319287089,3,0,1,17920,3,1266655643
13204,319113511,270385,319383896,4,0,0,81408,13,4771108585
13205,319190170,103230,319293400,1,0,1,22016,9,1521493509
13206,319216600,386770,319603370,3,0,0,17408,3,8512081524
13207,319217140,380493,319597633,3,0,0,59392,3,2366226114
13208,319264640,228376,319493016,9,0,1,334848,15,3672801584
13209,319302130,191142,319493272,1,0,1,9216,9,7487722149
13210,319330710,163548,319494258,5,0,1,1536,18,1187348075
13211,319353160,333963,319687123,6,0,0,1024,12,2308689231
13212,319407530,97250,319504780,5,0,1,33792,18,2429050511
13213,319427530,79516,319507046,1,0,1,3584,9,141816360
13214,319447650,204008,319651658,3,0,0,61440,3,5958330564
13215,319463551,268077,319731628,5,0,0,55808,18,1221098876
13216,319515881,256482,319772363,5,0,0,17920,18,821796719
13217,319545770,200901,319746671,6,0,0,512,12,10485379719
13218,319593040,37572,319630612,8,0,1,57344,7,5326990641
13219,319634720,72234,319706954,8,0,1,94208,7,552894656
13220,319686250,106340,319792590,3,0,0,49152,3,6631638998
13221,319733530,341160,320074690,3,0,0,127488,3,6263895559
13222,319755680,334641,320090321,3,0,0,51200,3,2031701894
13223,319772940,4420,319777360,1,0,1,11776,9,4928129816
13224,319776291,325285,320101576,4,0,0,36864,13,5152149612
13225,319790621,589626,320380247,4,0,0,227328,13,1111485771
13226,319816470,13083,319829553,5,0,1,22016,18,7947909598
13227,319819530,107817,319927347,8,0,1,172544,7,2276865991
13228,319831310,98623,319929933,1,0,1,4096,9,5216364535
13229,319844321,297042,320141363,5,0,0,5120,18,6881615962
13230,319881820,276229,320158049,6,0,0,512,12,1615618810
13231,319929770,20624,319950394,8,0,1,33280,7,10708014611
13232,319948360,294745,320243105,3,0,0,10240,3,4933929824
13233,320036070,344356,320380426,6,0,0,512,12,1461405052
13234,320041400,65614,320107014,1,0,1,13824,9,8263275748
13235,320054621,244099,320298720,4,0,0,11776,13,2634902181
13236,320071601,223260,320294861,4,0,0,512,13,1866121921
13237,320137340,11791,320149131,1,0,1,19456,9,2834299271
13238,320173110,207331,320380441,8,0,1,326144,7,1539141889
13239,320286410,94685,320381095,6,0,0,2048,12,4092372489
13240,320288760,91696,320380456,5,0,1,4096,18,8741784893
13241,320312930,71070,320384000,5,0,1,3072,18,4322708105
13242,320406020,225188,320631208,3,0,0,112640,3,4191517221
13243,320425340,12049,320437389,5,0,1,19968,18,7496913486
13244,320478371,212504,320690875,4,0,0,62464,13,612707557
13245,320529910,3387,320533297,5,0,1,9728,18,10690182886
13246,320542101,393704,320935805,4,0,0,175104,13,5127669375
13247,320570180,121738,320691918,3,0,0,1536,3,6998318650
13248,320597400,377915,320975315,3,0,0,76800,3,5144083274
13249,320624290,11309,320635599,1,0,1,4608,9,9359152040
13250,320665751,33762,320699513,0,0,1,58880,14,9588253507
13251,320684410,27856,320712266,5,0,1,34816,18,8161453633
13252,320694161,23904,320718065,0,0,1,27648,14,3882033477
13253,320695411,28043,320723454,0,0,1,25600,14,5947036316
13254,320720310,104725,320825035,8,0,1,170496,7,2939789778
13255,320757170,70771,320827941,5,0,1,4608,18,6358421504
13256,320761370,431834,321193204,3,0,0,175616,3,7613356046
13257,320774290,54010,320828300,5,0,1,9728,18,7349818489
13258,320775380,54508,320829888,1,0,1,15872,9,1808567763
13259,320780170,55107,320835277,8,0,1,25600,7,6046731043
13260,320807280,34308,320841588,5,0,1,22016,18,2079352942
13261,320859900,2946,320862846,1,0,1,3072,9,5605423305
13262,320875030,71408,320946438,6,0,0,1536,12,3286929656
13263,320893870,46131,320940001,1,0,1,11264,9,3037248127
13264,320903030,40403,320943433,1,0,1,11264,9,3444712107
13265,320931270,16759,320948029,1,0,1,5632,9,3540962421
13266,320965260,21838,320987098,1,0,1,19456,9,8034255280
13267,320999180,470333,321469513,3,0,0,210944,3,8754061478
13268,321019510,5326,321024836,8,0,1,5632,7,8270580722
13269,321066450,3422,321069872,1,0,1,3584,9,581472006
13270,321073060,5326,321078386,5,0,1,5632,18,9729122051
13271,321103771,470745,321574516,4,0,0,344576,13,3254106888
13272,321115120,15062,321130182,8,0,1,29184,7,8543494038
13273,321130650,469193,321599843,3,0,0,82944,3,5494363841
13274,321160700,53395,321214095,1,0,1,33792,9,5451587914
13275,321173820,184176,321357996,8,0,1,253952,7,4994491395
13276,321235460,395473,321630933,6,0,0,1024,12,1709867558
13277,321270439,88863,321359302,6,0,1,2048,12,6845188178
13278,321271900,98334,321370234,8,0,1,35840,7,4657981641
13279,321276070,97390,321373460,5,0,1,5120,18,6833969714
13280,321283890,95062,321378952,5,0,1,17920,18,7023541141
13281,321327021,373383,321700404,4,0,0,98816,13,2214008703
13282,321332320,298270,321630590,3,0,0,100864,3,3045665621
13283,321451119,180948,321632067,6,0,1,1536,12,4267095424
13284,321454190,271427,321725617,8,0,1,154112,7,8328630121
13285,321457150,293121,321750271,6,0,0,3072,12,2066685125
13286,321520790,407064,321927854,3,0,0,103424,3,8837171994
13287,321528101,329172,321857273,4,0,0,28160,13,7429768445
13288,321610730,115451,321726181,5,0,1,10752,18,5640739850
13289,321666370,76490,321742860,9,0,1,63488,15,2697715721
13290,321724480,24077,321748557,1,0,1,18944,9,1901969402
13291,321742620,10763,321753383,5,0,1,7680,18,7263360012
13292,321742900,11149,321754049,5,0,1,11264,18,6217440656
13293,321922480,9011,321931491,1,0,1,10240,9,8869357642
13294,321931750,279115,322210865,3,0,0,55808,3,2192917572
13295,321952349,2870,321955219,6,0,1,8704,12,10602922370
13296,322000430,32558,322032988,1,0,1,53248,9,6640725863
13297,322007779,25875,322033654,6,0,1,11264,12,10725498232
13298,322027179,10661,322037840,6,0,1,6656,12,7255452983
13299,322030650,125499,322156149,3,0,0,11776,3,6136163744
13300,322061680,7706,322069386,5,0,1,8192,18,6893726218
13301,322073639,4374,322078013,6,0,1,4608,12,9452001911
13302,322122250,254525,322376775,3,0,0,28672,3,5422190983
13303,322124450,113007,322237457,6,0,0,2560,12,3447915527
13304,322169410,10241,322179651,5,0,1,16384,18,2346549544
13305,322228620,7706,322236326,5,0,1,8192,18,4530350130
13306,322242670,87929,322330599,3,0,0,16384,3,9043121620
13307,322256940,75461,322332401,6,0,0,1536,12,2769794834
13308,322276590,108718,322385308,3,0,0,1024,3,4659514634
13309,322366341,121472,322487813,4,0,0,98816,13,10513586833
13310,322395120,1042,322396162,1,0,1,1024,9,4954775773
13311,322482390,52703,322535093,6,0,0,1536,12,7177457559
13312,322491150,7230,322498380,1,0,1,7680,9,7856601843
13313,322497590,7706,322505296,5,0,1,8192,18,869753166
13314,322533470,4374,322537844,1,0,1,4608,9,175413984
13315,322722770,3904,322726674,7,0,1,10752,16,5685392845
13316,322752420,147395,322899815,6,0,0,1536,12,8574246867
13317,322756500,48980,322805480,3,0,0,2048,3,10233527210
13318,322779150,12049,322791199,7,0,1,19968,16,3285352669
13319,322829450,2470,322831920,1,0,1,2560,9,2524121811
13320,322898300,50672,322948972,3,0,0,2560,3,2496848002
13321,322951090,3645,322954735,7,0,1,10240,16,6308458380
13322,322986220,3422,322989642,7,0,1,3584,16,667257577
13323,323036350,4937,323041287,7,0,1,12800,16,6790370470
13324,323063660,2946,323066606,3,0,1,3072,3,1225909076
13325,323079650,3128,323082778,5,0,1,9216,18,680524107
13326,323115700,2946,323118646,3,0,1,3072,3,7994805362
13327,323133340,1994,323135334,1,0,1,2048,9,5611080483
13328,323186990,14029,323201019,3,0,1,27136,3,6197901346
13329,323208450,6488,323214938,5,0,1,15872,18,9799570112
13330,323219510,6488,323225998,1,0,1,15872,9,1603658845
13331,323230980,4374,323235354,7,0,1,4608,16,4304042607
13332,323284480,1518,323285998,3,0,1,1536,3,10540105189
13333,323285650,4937,323290587,5,0,1,12800,18,7096920501
13334,323393350,71847,323465197,6,0,0,1536,12,2472467157
13335,323466710,6488,323473198,1,0,1,15872,9,1067937431
13336,323472240,13083,323485323,5,0,1,22016,18,8530130935
13337,323477690,10219,323487909,8,0,1,4096,7,8627334955
13338,323491280,43904,323535184,6,0,0,512,12,6921385559
13339,323551550,52676,323604226,6,0,0,4096,12,4856889944
13340,323557790,1042,323558832,2,0,1,1024,16,3392565597
13341,323584150,566,323584716,7,0,1,512,16,2045459505
13342,323604461,140575,323745036,4,0,0,56320,13,1835110965
13343,323635880,1994,323637874,5,0,1,2048,18,4335390298
13344,323666720,4850,323671570,2,0,1,5120,16,748081284
13345,323679070,5326,323684396,1,0,1,5632,9,8908823756
13346,323705100,2471,323707571,2,0,1,2560,16,2993753339
13347,323706700,55748,323762448,3,0,0,4096,3,465648983
13348,323707540,48980,323756520,6,0,0,2048,12,8897597385
13349,323711611,207156,323918767,4,0,0,58880,13,1711770897
13350,323729790,20192,323749982,2,0,1,12800,16,4208933965
13351,323735620,96125,323831745,6,0,0,2560,12,2925460774
13352,323757291,87103,323844394,4,0,0,2560,13,6224648052
13353,323760119,3128,323763247,6,0,1,9216,12,5079264185
13354,323778310,48980,323827290,3,0,0,2048,3,2015959958
13355,323819690,2470,323822160,1,0,1,2560,9,5436651475
13356,323863509,12308,323875817,6,0,1,20480,12,7817956835
13357,323887161,142731,324029892,4,0,0,28672,13,8639333801
13358,323992740,1518,323994258,1,0,1,1536,9,9350572735
13359,324033380,566,324033946,1,0,1,512,9,4114546781
13360,324060981,4850,324065831,0,0,1,5120,14,7163284799
13361,324085570,5326,324090896,1,0,1,5632,9,9813905923
13362,324093491,125800,324219291,4,0,0,71680,13,6556191073
13363,324132150,3387,324135537,1,0,1,9728,9,1149114474
13364,324176150,11274,324187424,1,0,1,18432,9,9094139679
13365,324200640,62547,324263187,3,0,0,512,3,4097476800
13366,324212360,7990,324220350,5,0,1,1024,18,8225907613
13367,324262540,3422,324265962,5,0,1,3584,18,4023990223
13368,324275380,566,324275946,1,0,1,512,9,9115431825
13369,324364600,43904,324408504,6,0,0,512,12,8469197374
13370,324365770,5196,324370966,1,0,1,13312,9,6270258347
13371,324385441,81461,324466902,4,0,0,16896,13,8239057067
13372,324390380,10757,324401137,5,0,1,17408,18,6389564121
13373,324425920,57836,324483756,6,0,0,512,12,10439943086
13374,324488240,6278,324494518,5,0,1,6656,18,6684931255
13375,324489351,184554,324673905,4,0,0,28160,13,6677230641
13376,324519771,12049,324531820,0,0,1,19968,14,681179312
13377,324550060,6278,324556338,5,0,1,6656,18,5119002337
13378,324661431,103376,324764807,4,0,0,39424,13,5432681464
13379,324684970,4420,324689390,5,0,1,11776,18,8742640476
13380,324722771,6278,324729049,0,0,1,6656,14,1302617809
13381,324756480,11741,324768221,2,0,1,3584,16,4076261158
13382,324778311,3898,324782209,0,0,1,4096,14,4948496402
13383,324788640,43904,324832544,6,0,0,512,12,6814043313
13384,324829311,4679,324833990,0,0,1,12288,14,2736579777
13385,324873361,25187,324898548,0,0,1,45568,14,9758769352
13386,324887500,13314,324900814,2,0,1,3584,16,9313922259
13387,324898720,95330,324994050,6,0,0,4096,12,4184607894
13388,324909330,4850,324914180,5,0,1,5120,18,3592884642
13389,324934620,25962,324960582,5,0,1,47104,18,7500731858
13390,324968760,2470,324971230,2,0,1,2560,16,2470683519
13391,324973030,6754,324979784,2,0,1,7168,16,10636693870
13392,325019030,4937,325023967,5,0,1,12800,18,705164519
13393,325024521,13253,325037774,0,0,1,25600,14,5674957604
13394,325038650,174808,325213458,6,0,0,512,12,3256405567
13395,325040330,14029,325054359,1,0,1,27136,9,9254649448
13396,325041300,20859,325062159,1,0,1,26112,9,8969397096
13397,325062970,4374,325067344,1,0,1,4608,9,7079884210
13398,325070501,6229,325076730,0,0,1,15360,14,3699229362
13399,325081810,2470,325084280,1,0,1,2560,9,7677161850
13400,325090830,163842,325254672,3,0,0,512,3,8022505334
13401,325093270,5802,325099072,5,0,1,6144,18,9578135500
13402,325156750,1518,325158268,2,0,1,1536,16,10088629186
13403,325190850,6278,325197128,2,0,1,6656,16,2022423061
13404,325207300,10241,325217541,5,0,1,16384,18,6453207369
13405,325241950,100955,325342905,3,0,0,512,3,9504326948
13406,325269320,4850,325274170,2,0,1,5120,16,4032847237
13407,325271020,69570,325340590,6,0,0,3584,12,6921609630
13408,325299001,195696,325494697,4,0,0,103936,13,7543479536
13409,325322990,6278,325329268,2,0,1,6656,16,5300494748
13410,325378580,3128,325381708,1,0,1,9216,9,3729355889
13411,325384401,2470,325386871,0,0,1,2560,14,4004109020
13412,325412590,2946,325415536,4,0,1,3072,13,8830546479
13413,325480091,137652,325617743,4,0,0,62464,13,8381178592
13414,325482770,23002,325505772,5,0,1,17920,18,2088487409
13415,325485180,25738,325510918,2,0,1,8192,16,4285156866
13416,325492290,23134,325515424,7,0,1,7168,16,2129136591
13417,325542930,5802,325548732,1,0,1,6144,9,6381701877
13418,325583850,3645,325587495,4,0,1,10240,13,248671354
13419,325594630,54056,325648686,6,0,0,3584,12,9037630547
13420,325614670,3648,325618318,5,0,1,512,18,4407546533
13421,325617100,16904,325634004,1,0,1,31232,9,2279060925
13422,325627391,64474,325691865,4,0,0,6656,13,5841547785
13423,325651240,566,325651806,4,0,1,512,13,4849123081
13424,325658949,5326,325664275,6,0,1,5632,12,10687050078
13425,325665520,1994,325667514,2,0,1,2048,16,10031768699
13426,325666431,13253,325679684,0,0,1,25600,14,9279600109
13427,325697989,13858,325711847,6,0,1,23552,12,1925329421
13428,325720300,3904,325724204,5,0,1,10752,18,3821121448
13429,325782760,5712,325788472,2,0,1,14336,16,6524995579
13430,325801130,13512,325814642,2,0,1,26112,16,6017155256
13431,325829051,566,325829617,0,0,1,512,14,2335926079
13432,325862340,14804,325877144,2,0,1,28672,16,6032393032
13433,325909361,1994,325911355,0,0,1,2048,14,10658801995
13434,325910780,3422,325914202,1,0,1,3584,9,9211198987
13435,325914850,55575,325970425,6,0,0,1024,12,5358988622
13436,325930881,13770,325944651,0,0,1,26624,14,5890808094
13437,325932500,119802,326052302,3,0,0,1024,3,6040523747
13438,325962680,3422,325966102,1,0,1,3584,9,85502801
13439,325968800,2946,325971746,4,0,1,3072,13,3334679163
13440,326032129,7706,326039835,6,0,1,8192,12,6988932283
13441,326052240,2048,326054288,1,0,1,2048,9,5234471500
13442,326117670,7230,326124900,5,0,1,7680,18,2927748846
13443,326130710,47288,326177998,6,0,0,1536,12,7776235992
13444,326134501,139132,326273633,4,0,0,55808,13,4180424548
13445,326135760,43904,326179664,6,0,0,512,12,7957875347
13446,326161620,43904,326205524,6,0,0,512,12,10172667778
13447,326216011,566,326216577,0,0,1,512,14,9568097912
13448,326229531,379844,326609375,4,0,0,462848,13,4302179766
13449,326241120,3904,326245024,1,0,1,10752,9,5502044765
13450,326249030,24618,326273648,4,0,1,17408,13,6914785622
13451,326272590,4954,326277544,1,0,1,10752,9,4263300869
13452,326275350,17194,326292544,5,0,1,30208,18,445254260
13453,326313640,3422,326317062,4,0,1,3584,13,5356874970
13454,326362209,1042,326363251,6,0,1,1024,12,2449571488
13455,326396869,5454,326402323,6,0,1,13824,12,10049656911
13456,326397880,8446,326406326,5,0,1,13312,18,8038536454
13457,326424539,3422,326427961,6,0,1,3584,12,3657227336
13458,326484639,137103,326621742,6,0,1,20480,12,9671855811
13459,326502650,164047,326666697,6,0,0,1536,12,5169033818
13460,326549860,86438,326636298,4,0,1,33280,13,3679915491
13461,326562091,76793,326638884,0,0,1,4096,14,7873772868
13462,326642370,4850,326647220,1,0,1,5120,9,9969745104
13463,326688080,15837,326703917,5,0,1,30720,18,1486422333
13464,326715309,7706,326723015,6,0,1,8192,12,1635930362
13465,326767500,346433,327113933,8,0,1,561152,7,10178018385
13466,326771401,514446,327285847,4,0,0,95232,13,7355340169
13467,326773230,346604,327119834,4,0,1,19968,13,646065467
13468,326786080,335034,327121114,5,0,1,14336,18,6629081664
13469,326795400,326060,327121460,1,0,1,512,9,3666897429
13470,326814650,309396,327124046,1,0,1,4096,9,10103405198
13471,326830360,294352,327124712,5,0,1,11264,18,2705494654
13472,326833409,291969,327125378,6,0,1,11264,12,265009038
13473,326835740,300775,327136515,4,0,1,36864,13,2136582076
13474,326857700,326218,327183918,3,0,0,1024,3,2651390914
13475,326872030,266751,327138781,5,0,1,3584,18,6190776258
13476,326880751,268655,327149406,0,0,1,34304,14,2299346536
13477,326927600,227093,327154693,5,0,1,16896,18,3571565789
13478,326938860,217139,327155999,5,0,1,2048,18,8015980095
13479,326960901,342989,327303890,4,0,0,16384,13,9187012093
13480,326988000,223160,327211160,6,0,0,512,12,8107591574
13481,326996970,312916,327309886,6,0,0,5632,12,6288692179
13482,327033950,173350,327207300,3,0,0,1024,3,3304174539
13483,327039381,117284,327156665,0,0,1,1024,14,2621814621
13484,327039410,118241,327157651,1,0,1,1536,9,7980142108
13485,327119680,43117,327162797,1,0,1,8192,9,8077481036
13486,327128551,35424,327163975,0,0,1,13824,14,7815105261
13487,327136310,28651,327164961,4,0,1,1536,13,3505798399
13488,327164990,165711,327330701,6,0,0,1024,12,728528343
13489,327190879,10757,327201636,6,0,1,17408,12,8119498942
13490,327290490,1994,327292484,4,0,1,2048,13,1828766644
13491,327340610,30749,327371359,5,0,1,49664,18,422517164
13492,327344770,27972,327372742,5,0,1,14848,18,2894175651
13493,327350279,22617,327372896,6,0,1,8704,12,8134338241
13494,327352000,94559,327446559,3,0,0,512,3,9149581064
13495,327364821,213290,327578111,4,0,0,51712,13,9455311117
13496,327365919,13770,327379689,6,0,1,26624,12,5832189150
13497,327376080,210461,327586541,6,0,0,2048,12,7874230607
13498,327388160,92210,327480370,6,0,0,1536,12,1932400495
13499,327405550,1042,327406592,5,0,1,1024,18,4711935412
13500,327411550,4850,327416400,1,0,1,5120,9,919345646
13501,327419150,21916,327441066,5,0,1,35840,18,5448488091
13502,327447680,4374,327452054,5,0,1,4608,18,5089682776
13503,327520760,164981,327685741,3,0,0,512,3,9353653929
13504,327636850,1518,327638368,5,0,1,1536,18,7428648302
13505,327652039,6229,327658268,6,0,1,15360,12,7181903545
13506,327669470,3387,327672857,5,0,1,9728,18,8656948946
13507,327680819,7230,327688049,6,0,1,7680,12,5460393237
13508,327682579,5931,327688510,6,0,1,10240,12,4170925724
13509,327714110,21141,327735251,1,0,1,34304,9,3684719389
13510,327741130,11016,327752146,4,0,1,17920,13,8359108923
13511,327853739,566,327854305,6,0,1,512,12,249971528
13512,327890910,5802,327896712,1,0,1,6144,9,10602167337
13513,327943380,3422,327946802,4,0,1,3584,13,7081719885
13514,327959921,129942,328089863,4,0,0,69120,13,3608968988
13515,328082970,14591,328097561,4,0,1,8192,13,6915216503
13516,328097990,20882,328118872,1,0,1,33792,9,3484654159
13517,328135540,7230,328142770,5,0,1,7680,18,9027375367
13518,328185680,2470,328188150,4,0,1,2560,13,3169017620
13519,328188800,3422,328192222,5,0,1,3584,18,4961580987
13520,328199099,4420,328203519,6,0,1,11776,12,5132617563
13521,328256100,4374,328260474,4,0,1,4608,13,1766938716
13522,328267799,3387,328271186,6,0,1,9728,12,10469770381
13523,328277359,1042,328278401,6,0,1,1024,12,1266264774
13524,328370831,291047,328661878,4,0,0,288768,13,8612460526
13525,328376960,1518,328378478,1,0,1,1536,9,4664883269
13526,328387429,1042,328388471,6,0,1,1024,12,3245216323
13527,328504071,244936,328749007,4,0,0,157696,13,4750373209
13528,328518550,4374,328522924,1,0,1,4608,9,7644718727
13529,328660190,4150,328664340,1,0,1,2560,9,6742688505
13530,328732541,126099,328858640,4,0,0,59904,13,3247865626
13531,328737270,77489,328814759,3,0,0,1024,3,5590469107
13532,328746481,150564,328897045,4,0,0,58880,13,203861892
13533,328780650,16096,328796746,1,0,1,31232,9,842192887
13534,328855090,92170,328947260,3,0,0,4608,3,1909744904
13535,328864969,2946,328867915,6,0,1,3072,12,9272080144
13536,328870640,215325,329085965,9,0,1,349184,15,7341079395
13537,328908560,184126,329092686,9,0,1,32256,15,7834422683
13538,328919819,176413,329096232,6,0,1,5632,12,1347706996
13539,328920040,181338,329101378,1,0,1,8192,9,8606243975
13540,328923531,183953,329107484,0,0,1,20992,14,9406485818
13541,328940470,172160,329112630,1,0,1,8192,9,8322956482
13542,328973660,141236,329114896,1,0,1,3584,9,5727515477
13543,329047560,73749,329121309,9,0,1,22528,15,3791877047
13544,329061879,64922,329126801,6,0,1,17920,12,6138390789
13545,329085400,87311,329172711,3,0,0,1024,3,618665111
13546,329092560,38747,329131307,9,0,1,7168,15,7616073208
13547,329201770,1042,329202812,1,0,1,1024,9,10009126308
13548,329218551,243274,329461825,4,0,0,93696,13,1696253647
13549,329284870,5712,329290582,1,0,1,14336,9,4379432306
13550,329317190,309961,329627151,3,0,0,1536,3,479639235
13551,329320700,234613,329555313,3,0,0,1536,3,2053153584
13552,329333181,221649,329554830,4,0,0,167936,13,9842515474
13553,329368580,125920,329494500,9,0,1,208384,15,8355955820
13554,329380320,315733,329696053,9,0,1,427008,15,6765208229
13555,329409150,288849,329697999,1,0,1,3072,9,1932228461
13556,329423280,280313,329703593,1,0,1,18432,9,1422746041
13557,329443530,316680,329760210,9,0,1,188928,15,2989525635
13558,329457510,364070,329821580,3,0,0,512,3,8108870178
13559,329481520,356863,329838383,9,0,1,251392,15,8580936607
13560,329501860,336779,329838639,1,0,1,9216,9,3940955481
13561,329514549,325678,329840227,6,0,1,15872,12,4262001110
13562,329567481,274965,329842446,4,0,0,6656,13,4294758498
13563,329679189,163272,329842461,6,0,1,2048,12,10437823889
13564,329725220,117299,329842519,1,0,1,1536,9,9034504516
13565,329745929,99496,329845425,6,0,1,4608,12,4638522775
13566,329787369,61922,329849291,6,0,1,6144,12,7188206430
13567,329926231,271119,330197350,4,0,0,171008,13,9616127505
13568,329981070,217239,330198309,3,0,0,3072,3,10439886622
13569,329984749,4420,329989169,6,0,1,11776,12,1718444820
13570,330092691,3422,330096113,0,0,1,3584,14,6673027177
13571,330123379,5326,330128705,6,0,1,5632,12,7306178711
13572,330175160,28562,330203722,8,0,1,13824,7,2924307087
13573,330308901,2470,330311371,0,0,1,2560,14,10173974208
13574,330344320,1994,330346314,8,0,1,2048,7,1125754733
13575,330381661,14804,330396465,0,0,1,28672,14,8300191752
13576,330382709,17302,330400011,6,0,1,5632,12,6483524215
13577,330423460,45596,330469056,3,0,0,1024,3,9802590428
13578,330431829,4850,330436679,6,0,1,5120,12,7006524305
13579,330458471,6278,330464749,0,0,1,6656,14,17527717
13580,330469430,3898,330473328,1,0,1,4096,9,3119452029
13581,330629540,7230,330636770,8,0,1,7680,7,1802314528
13582,330631289,11139,330642428,6,0,1,16896,12,5090829494
13583,330689521,14029,330703550,0,0,1,27136,14,3715124838
13584,330801581,126464,330928045,4,0,0,115200,13,2138372966
13585,330807581,566,330808147,0,0,1,512,14,4961043148
13586,330810021,232169,331042190,4,0,0,135168,13,916354049
13587,330813650,130139,330943789,3,0,0,512,3,2431025831
13588,330819200,5712,330824912,8,0,1,14336,7,5393940426
13589,330857519,12049,330869568,6,0,1,19968,12,3479996767
13590,330916180,139601,331055781,3,0,0,1024,3,3739171029
13591,330922329,7251,330929580,6,0,1,1536,12,3465646952
13592,330944951,4937,330949888,0,0,1,12800,14,4132029164
13593,330946531,229685,331176216,4,0,0,84992,13,8837205023
13594,330949519,4850,330954369,6,0,1,5120,12,9953854484
13595,330953579,4374,330957953,6,0,1,4608,12,6870806579
13596,330969321,10757,330980078,0,0,1,17408,14,10701327653
13597,331076511,4162,331080673,0,0,1,11264,14,2018103322
13598,331081091,162847,331243938,4,0,0,74240,13,2266005550
13599,331087019,1042,331088061,6,0,1,1024,12,4818531293
13600,331090701,11791,331102492,0,0,1,19456,14,4991991100
13601,331145501,290431,331435932,4,0,0,213504,13,2167779353
13602,331172041,19488,331191529,0,0,1,29696,14,10487461244
13603,331183161,10314,331193475,0,0,1,3072,14,4438482639
13604,331225949,32115,331258064,6,0,1,24064,12,547538060
13605,331238789,25227,331264016,6,0,1,24576,12,6904903091
13606,331245321,290702,331536023,4,0,0,66048,13,9507390297
13607,331267119,566,331267685,6,0,1,512,12,8489505626
13608,331324471,2470,331326941,0,0,1,2560,14,2480875438
13609,331370009,65938,331435947,6,0,1,10752,12,3653155654
13610,331411260,31450,331442710,9,0,1,7168,15,2440087525
13611,331422300,212317,331634617,3,0,0,4096,3,10561763395
13612,331450220,3387,331453607,9,0,1,9728,15,7627150497
13613,331487841,172743,331660584,4,0,0,22016,13,9531494532
13614,331503401,7706,331511107,0,0,1,8192,14,3047228165
13615,331573650,87417,331661067,3,0,0,1536,3,2524189831
13616,331593751,5802,331599553,0,0,1,6144,14,4809084677
13617,331602931,128963,331731894,4,0,0,23040,13,6571806613
13618,331617201,247321,331864522,4,0,0,77312,13,9104171031
13619,331619839,4374,331624213,6,0,1,4608,12,8284042295
13620,331625499,5196,331630695,6,0,1,13312,12,8908079969
13621,331647420,156238,331803658,3,0,0,3584,3,6543180494
13622,331671610,87554,331759164,3,0,0,512,3,7878325895
13623,331681971,5971,331687942,0,0,1,14848,14,4769935178
13624,331795250,43716,331838966,9,0,1,71680,15,5964183654
13625,331812561,277762,332090323,4,0,0,284160,13,4356020224
13626,331837240,3645,331840885,7,0,1,10240,16,3749147967
13627,331841290,26119,331867409,7,0,1,8704,16,1568281429
13628,331843760,288958,332132718,3,0,0,2048,3,1263085247
13629,331864560,9894,331874454,7,0,1,7680,16,6599852724
13630,331903001,1518,331904519,0,0,1,1536,14,518264889
13631,331903300,5544,331908844,7,0,1,5632,16,4260146481
13632,331936810,229730,332166540,3,0,0,1024,3,5908826411
13633,331945799,1042,331946841,6,0,1,1024,12,8469217312
13634,331987350,1042,331988392,7,0,1,1024,16,879533973
13635,332027241,66112,332093353,0,0,1,3072,14,7431674632
13636,332041439,54180,332095619,6,0,1,3584,12,7483706858
13637,332052720,43885,332096605,7,0,1,1536,16,6383941179
13638,332053329,46822,332100151,6,0,1,5632,12,52973914
13639,332087630,16067,332103697,7,0,1,5632,16,6685282681
13640,332128920,50999,332179919,9,0,1,82432,15,5324620804
13641,332142150,39715,332181865,7,0,1,3072,16,8185889314
13642,332142579,42512,332185091,6,0,1,5120,12,3352532106
13643,332149210,102933,332252143,3,0,0,512,3,9759988763
13644,332173561,73316,332246877,4,0,0,16384,13,5016579119
13645,332199500,13858,332213358,5,0,1,23552,18,126249696
13646,332315500,10499,332325999,5,0,1,16896,18,655494802
13647,332318760,61069,332379829,3,0,0,5120,3,4633664936
13648,332357570,10757,332368327,7,0,1,17408,16,3031781616
13649,332380210,5326,332385536,5,0,1,5632,18,6261581330
13650,332388971,3387,332392358,0,0,1,9728,14,9031358147
13651,332398760,13083,332411843,2,0,1,22016,16,5551904968
13652,332427461,227629,332655090,4,0,0,17408,13,6246621672
13653,332471779,1042,332472821,6,0,1,1024,12,4959872334
13654,332477440,7230,332484670,5,0,1,7680,18,4943448584
13655,332485171,12995,332498166,0,0,1,25088,14,10589127875
13656,332522989,23466,332546455,6,0,1,38912,12,660084406
13657,332529821,18580,332548401,0,0,1,3072,14,272949295
13658,332624280,1042,332625322,5,0,1,1024,18,3019916818
13659,332624331,79746,332704077,4,0,0,11264,13,2581868585
13660,332669920,34172,332704092,9,0,1,57344,15,2885001345
13661,332683221,20886,332704107,0,0,1,11264,14,5208551911
13662,332688131,20268,332708399,0,0,1,7680,14,9597177875
13663,332693410,15655,332709065,5,0,1,1024,18,7392875371
13664,332711459,6278,332717737,6,0,1,6656,12,6625359460
13665,332715031,14287,332729318,0,0,1,27648,14,7691762749
13666,332727520,5344,332732864,9,0,1,5632,15,5067879473
13667,332733520,180987,332914507,3,0,0,4096,3,944076727
13668,332746271,1518,332747789,0,0,1,1536,14,10622174705
13669,332810890,54056,332864946,3,0,0,3584,3,3136226631
13670,332825891,168017,332993908,4,0,0,70144,13,7419412681
13671,332840560,114075,332954635,9,0,1,185344,15,10441355184
13672,332892370,122323,333014693,9,0,1,195584,15,9942338899
13673,332899091,276464,333175555,4,0,0,40448,13,9813612609
13674,332910580,109810,333020390,2,0,1,18944,16,2522692894
13675,332923520,152734,333076254,3,0,0,3072,3,6318891441
13676,332997540,28239,333025779,7,0,1,17408,16,3386308532
13677,332999901,197716,333197617,4,0,0,20992,13,1409694613
13678,333007930,202874,333210804,9,0,1,328192,15,3844965772
13679,333009390,243656,333253046,9,0,1,144896,15,3073564227
13680,333063971,205652,333269623,0,0,1,54784,14,8927735035
13681,333115940,154989,333270929,7,0,1,2048,16,7473662664
13682,333145200,127035,333272235,7,0,1,2048,16,408398484
13683,333148810,143852,333292662,3,0,0,2560,3,8544882491
13684,333192191,116611,333308802,4,0,0,5120,13,3213210955
13685,333192931,89826,333282757,0,0,1,41984,14,1901413036
13686,333219020,67603,333286623,5,0,1,6144,18,7605479361
13687,333250580,36402,333286982,7,0,1,9728,16,5230200747
13688,333341441,6754,333348195,0,0,1,7168,14,3404112152
13689,333367391,3422,333370813,0,0,1,3584,14,4524546879
13690,333389230,153403,333542633,7,0,0,1024,16,8924408577
13691,333402679,1994,333404673,6,0,1,2048,12,3865998956
13692,333432850,71533,333504383,7,0,0,1024,16,5915507102
13693,333441960,104754,333546714,3,0,0,1536,3,10073704631
13694,333449041,20624,333469665,0,0,1,33280,14,7406508000
13695,333469330,106837,333576167,3,0,0,4096,3,2136452864
13696,333538559,6229,333544788,6,0,1,15360,12,2090005725
13697,333547839,2470,333550309,6,0,1,2560,12,4993822399
13698,333666020,49602,333715622,7,0,0,2560,16,10032902041
13699,333700339,13341,333713680,6,0,1,22528,12,10359083221
13700,333716960,52364,333769324,3,0,0,3072,3,8617513422
13701,333760001,169492,333929493,4,0,0,38912,13,1124861954
13702,333777250,43904,333821154,7,0,0,512,16,6947024523
13703,333796360,6754,333803114,7,0,1,7168,16,9051435056
13704,333819490,22433,333841923,9,0,1,36864,15,1884246827
13705,333862649,566,333863215,6,0,1,512,12,6809104122
13706,333876940,113987,333990927,9,0,1,188416,15,4173188028
13707,333886159,108314,333994473,6,0,1,5632,12,4911380431
13708,333891770,124618,334016388,9,0,1,72192,15,6769367017
13709,333932871,88343,334021214,0,0,1,7680,14,1680764735
13710,333944651,389668,334334319,4,0,0,197120,13,8001850611
13711,334005649,20071,334025720,6,0,1,7168,12,2073557331
13712,334078480,3422,334081902,7,0,1,3584,16,3019844885
13713,334108779,13858,334122637,6,0,1,23552,12,4745313930
13714,334131680,203910,334335590,3,0,0,4096,3,7805562620
13715,334147359,2470,334149829,6,0,1,2560,12,9985153894
13716,334155729,4679,334160408,6,0,1,12288,12,7612899448
13717,334215669,7230,334222899,6,0,1,7680,12,8513757760
13718,334219990,3165,334223155,7,0,1,9216,16,8019567520
13719,334231870,1042,334232912,7,0,1,1024,16,2098866821
13720,334283830,58047,334341877,9,0,1,6656,15,612726778
13721,334303079,39464,334342543,6,0,1,1024,12,9270847086
13722,334316639,26263,334342902,6,0,1,9728,12,5520780310
13723,334343090,48980,334392070,7,0,0,2048,16,3464077443
13724,334353630,2470,334356100,7,0,1,2560,16,1406859110
13725,334386270,165128,334551398,9,0,1,271360,15,3567454947
13726,334437520,240155,334677675,7,0,0,20480,16,6036131292
13727,334440030,147965,334587995,9,0,1,117760,15,8891184304
13728,334526129,62852,334588981,6,0,1,1536,12,8931971884
13729,334561489,31038,334592527,6,0,1,5632,12,8339502399
13730,334563360,185602,334748962,3,0,0,5120,3,1658666891
13731,334594830,4850,334599680,7,0,1,5120,16,5473405154
13732,334606930,3898,334610828,3,0,1,4096,3,3879164211
13733,334660189,6754,334666943,6,0,1,7168,12,9450652467
13734,334767950,3422,334771372,7,0,1,3584,16,3415818464
13735,334769890,42166,334812056,9,0,1,68608,15,7072427429
13736,334775810,39152,334814962,7,0,1,4608,16,1378610626
13737,334853790,210181,335063971,7,0,0,105984,16,333223637
13738,334872659,5326,334877985,6,0,1,5632,12,7693460721
13739,334908350,218378,335126728,7,0,0,84480,16,1416900479
13740,334908420,155722,335064142,3,0,0,512,3,10142342532
13741,334967780,1042,334968822,9,0,1,1024,15,2516995666
13742,334994339,2470,334996809,6,0,1,2560,12,1579246777
13743,334999989,566,335000555,6,0,1,512,12,6325830982
13744,335066060,151991,335218051,9,0,1,245760,15,10610969162
13745,335094509,126448,335220957,6,0,1,4608,12,590610730
13746,335217160,4679,335221839,9,0,1,12288,15,3712674881
13747,335232410,131741,335364151,9,0,1,212992,15,1191610906
13748,335339360,61124,335400484,9,0,1,98816,15,2685438856
13749,335547060,32816,335579876,9,0,1,53760,15,1036990975
13750,335554640,186537,335741177,7,0,0,58368,16,10444246867
13751,335584150,5712,335589862,9,0,1,14336,15,8855357432
13752,335586370,128412,335714782,3,0,0,2048,3,6603951775
13753,335595030,10241,335605271,9,0,1,16384,15,1441645672
13754,335641750,100222,335741972,3,0,0,2560,3,9597703357
13755,335664360,165128,335829488,9,0,1,271360,15,3689307952
13756,335669440,606546,336275986,7,0,0,198144,16,7565058183
13757,335672551,763006,336435557,4,0,0,240640,13,7368146924
13758,335693850,156324,335850174,9,0,1,74240,15,9651463382
13759,335712341,173676,335886017,4,0,0,18944,13,5359407604
13760,335723360,344283,336067643,7,0,0,59392,16,5782949476
13761,335768100,543157,336311257,7,0,0,115712,16,4309771680
13762,335793300,62020,335855320,9,0,1,8192,15,10370739701
13763,335826341,632334,336458675,4,0,0,11776,13,4682917648
13764,335834210,705814,336540024,7,0,0,193024,16,7045180682
13765,335835110,96837,335931947,9,0,1,161792,15,9561637212
13766,335845110,87503,335932613,7,0,1,1024,16,7761509297
13767,335880640,53919,335934559,7,0,1,3072,16,8377871792
13768,335922140,24670,335946810,9,0,1,44544,15,413548403
13769,335971900,54100,336026000,9,0,1,88576,15,1427923736
13770,335983561,471511,336455072,4,0,0,64000,13,9382297898
13771,336025330,131741,336157071,9,0,1,212992,15,4794859174
13772,336056281,593417,336649698,4,0,0,153600,13,7733661854
13773,336058460,139931,336198391,9,0,1,132096,15,6601494608
13774,336058761,410896,336469657,4,0,0,7680,13,2985263516
13775,336112800,86155,336198955,9,0,1,10752,15,10361733016
13776,336151920,53141,336205061,9,0,1,29184,15,1412803014
13777,336269880,47664,336317544,5,0,1,6656,18,7087655885
13778,336285260,411751,336697011,3,0,0,1024,3,9086679892
13779,336320800,219583,336540383,3,0,0,1024,3,8145124482
13780,336329031,467199,336796230,4,0,0,27136,13,3453513353
13781,336337190,359494,336696684,7,0,0,154112,16,8993340203
13782,336345400,208502,336553902,3,0,0,512,3,7811408953
13783,336429390,32472,336461862,9,0,1,9216,15,10590548673
13784,336438061,489369,336927430,4,0,0,101376,13,5981208611
13785,336442381,276148,336718529,4,0,0,47616,13,9155108504
13786,336453170,13309,336466479,3,0,1,12800,3,8316500098
13787,336466800,6754,336473554,7,0,1,7168,16,7272030283
13788,336490961,257965,336748926,4,0,0,28160,13,5468862126
13789,336511550,357730,336869280,7,0,0,49664,16,9353931741
13790,336528450,194459,336722909,3,0,0,5120,3,7984146674
13791,336537260,15390,336552650,9,0,1,20480,15,6589306577
13792,336599330,50383,336649713,7,0,1,5120,16,10499863713
13793,336673630,196757,336870387,3,0,0,3584,3,8027702900
13794,336686940,240661,336927601,3,0,0,512,3,6750897286
13795,336740850,74789,336815639,9,0,1,113152,15,4545553282
13796,336804011,338191,337142202,4,0,0,177664,13,8072780279
13797,336804940,65462,336870402,9,0,1,104448,15,6879025644
13798,336928010,130622,337058632,3,0,0,1024,3,8360140149
13799,336946470,34279,336980749,1,0,1,59904,9,9703366336
13800,337017070,1518,337018588,3,0,1,1536,3,2991140399
13801,337021160,6229,337027389,1,0,1,15360,9,371334917
13802,337119360,243450,337362810,7,0,0,99840,16,8511653445
13803,337120410,265994,337386404,7,0,0,48640,16,6435511831
13804,337127601,243960,337371561,4,0,0,28672,13,1349579387
13805,337152170,13512,337165682,9,0,1,26112,15,10283831155
13806,337185230,5326,337190556,7,0,1,5632,16,769617798
13807,337267620,6278,337273898,3,0,1,6656,3,3068640829
13808,337288530,6278,337294808,7,0,1,6656,16,1485782636
13809,337333520,92231,337425751,3,0,0,512,3,6813302803
13810,337406190,1994,337408184,1,0,1,2048,9,2276566189
13811,337481181,93596,337574777,4,0,0,17408,13,9037007704
13812,337509060,173287,337682347,3,0,0,512,3,6622422445
13813,337530970,7706,337538676,3,0,1,8192,3,5764830353
13814,337606500,566,337607066,7,0,1,512,16,5431678705
13815,337613360,121421,337734781,3,0,0,5120,3,7089634531
13816,337669850,159603,337829453,7,0,0,27648,16,8478518273
13817,337677060,21658,337698718,3,0,1,35328,3,1765862879
13818,337713171,139214,337852385,4,0,0,56320,13,5643697246
13819,337716420,7706,337724126,3,0,1,8192,3,794991750
13820,337747301,258580,338005881,4,0,0,31744,13,3461519472
13821,337753850,5196,337759046,9,0,1,13312,15,7845103298
13822,337795500,1518,337797018,3,0,1,1536,3,9026531456
13823,337795901,200293,337996194,4,0,0,72704,13,7635742847
13824,337805910,217045,338022955,9,0,1,355840,15,5280265818
13825,337836320,187941,338024261,1,0,1,2048,9,1163265404
13826,337897030,109194,338006224,3,0,0,1024,3,3484227189
13827,337935390,95592,338030982,7,0,1,32256,16,7088214240
13828,337980680,213507,338194187,3,0,0,3072,3,2723087722
13829,337986100,45958,338032058,1,0,1,13312,9,1478409050
13830,338097890,139562,338237452,3,0,0,2048,3,747482633
13831,338119410,133738,338253148,7,0,0,8192,16,5366023889
13832,338139320,218503,338357823,7,0,0,111104,16,4606508388
13833,338180060,77546,338257606,3,0,0,1536,3,8499135606
13834,338228560,12049,338240609,7,0,1,19968,16,533706947
13835,338232930,12825,338245755,1,0,1,8192,9,6682261551
13836,338270730,135159,338405889,7,0,0,35840,16,125014382
13837,338289040,6278,338295318,3,0,1,6656,3,2591819276
13838,338341510,81217,338422727,7,0,1,109568,16,9547831513
13839,338378260,44928,338423188,3,0,1,10240,3,5862222615
13840,338386880,51861,338438741,7,0,1,49664,16,823323015
13841,338653370,118564,338771934,7,0,0,63488,16,9776563875
13842,338656700,173278,338829978,7,0,0,92672,16,9835750695
13843,338668850,3645,338672495,4,0,1,10240,13,479555437
13844,338691140,175083,338866223,7,0,1,284160,16,3788059908
13845,338714690,283258,338997948,7,0,0,45056,16,4968079786
13846,338724360,167580,338891940,7,0,1,90112,16,5488289560
13847,338801950,127099,338929049,7,0,1,128512,16,2807940493
13848,338830130,104616,338934746,4,0,1,18944,13,1861456236
13849,338843541,340094,339183635,4,0,0,87040,13,4319314029
13850,338859451,268143,339127594,4,0,0,5120,13,5521520559
13851,338861300,74829,338936129,4,0,1,14848,13,802472567
13852,338876800,214032,339090832,3,0,0,1536,3,3894906027
13853,338958170,64654,339022824,7,0,1,109056,16,7401575469
13854,339002880,251199,339254079,7,0,0,40448,16,791255336
13855,339054740,5196,339059936,3,0,1,13312,3,1695619711
13856,339084400,1518,339085918,4,0,1,1536,13,154751547
13857,339143470,66341,339209811,3,0,0,1024,3,1288388795
13858,339148030,3898,339151928,4,0,1,4096,13,10396044761
13859,339150080,69315,339219395,3,0,0,512,3,9949310776
13860,339195260,13770,339209030,1,0,1,26624,9,7361169518
13861,339279349,1994,339281343,6,0,1,2048,12,2495006679
13862,339312289,1042,339313331,6,0,1,1024,12,3393608730
13863,339320430,7706,339328136,1,0,1,8192,9,5504145083
13864,339336831,204739,339541570,4,0,0,45056,13,1471938901
13865,339345139,1042,339346181,6,0,1,1024,12,9699778622
13866,339347750,49287,339397037,3,0,0,1536,3,5844259239
13867,339390670,2870,339393540,5,0,1,8704,18,3677298280
13868,339443300,41649,339484949,9,0,1,67584,15,4228024890
13869,339452180,119558,339571738,3,0,0,2560,3,5793198888
13870,339479460,123415,339602875,3,0,0,1024,3,8424101426
13871,339506910,1994,339508904,1,0,1,2048,9,6973315656
13872,339556500,41391,339597891,7,0,1,67072,16,4520171149
13873,339679360,47288,339726648,3,0,0,1536,3,4442054003
13874,339736750,84409,339821159,3,0,0,1536,3,6062593574
13875,339737880,22691,339760571,4,0,1,37376,13,5622928161
13876,339769410,45596,339815006,3,0,0,1024,3,667372142
13877,339772580,100262,339872842,7,0,0,29184,16,3759880124
13878,339773111,128118,339901229,4,0,0,36352,13,3302071326
13879,339825650,75594,339901244,7,0,1,125440,16,6353768472
13880,339847400,119767,339967167,7,0,1,153600,16,2639637785
13881,339854221,124911,339979132,4,0,0,4096,13,6088177444
13882,339886250,86511,339972761,4,0,1,18432,13,6956574177
13883,339896980,168805,340065785,7,0,0,512,16,10391972636
13884,339940809,35498,339976307,6,0,1,5632,12,6275721724
13885,339943319,39504,339982823,6,0,1,23040,12,6720104858
13886,339944450,49510,339993960,7,0,1,36864,16,3934948252
13887,339983510,16863,340000373,4,0,1,30720,13,1539066109
13888,340072630,53066,340125696,7,0,1,86528,16,4256153855
13889,340099449,32456,340131905,6,0,1,29696,12,1589076732
13890,340133071,125366,340258437,4,0,0,19456,13,797207988
13891,340163270,115600,340278870,3,0,0,512,3,8989988550
13892,340201679,7230,340208909,6,0,1,7680,12,8769990729
13893,340206051,294657,340500708,4,0,0,87552,13,3862719483
13894,340217191,340840,340558031,4,0,0,86016,13,5410392129
13895,340238821,3898,340242719,0,0,1,4096,14,3271421250
13896,340256520,18522,340275042,4,0,1,32256,13,714350172
13897,340285511,34367,340319878,0,0,1,56832,14,7814978928
13898,340346291,159580,340505871,4,0,0,16896,13,5689998991
13899,340353220,23983,340377203,7,0,1,39936,16,10587639880
13900,340359980,20129,340380109,4,0,1,4608,13,8220496505
13901,340392250,10757,340403007,4,0,1,17408,13,3204092705
13902,340416360,2870,340419230,7,0,1,8704,16,229352031
13903,340467810,91499,340559309,7,0,1,147968,16,3076086850
13904,340522641,37027,340559668,0,0,1,9728,14,4401488487
13905,340525860,113987,340639847,7,0,1,188416,16,4322497351
13906,340568680,211945,340780625,3,0,0,7168,3,8853792914
13907,340617571,112286,340729857,4,0,0,1024,13,9576144069
13908,340663560,431152,341094712,7,0,0,110080,16,5976933067
13909,340665949,5971,340671920,6,0,1,14848,12,6711776329
13910,340681111,329980,341011091,4,0,0,64512,13,5884221403
13911,340685541,290684,340976225,4,0,0,231424,13,9481841567
13912,340706341,270055,340976396,2,0,0,512,16,1463684170
13913,340744530,22174,340766704,7,0,1,36352,16,4469239665
13914,340779450,197749,340977199,3,0,0,2560,3,400844537
13915,340821900,155314,340977214,7,0,1,204800,16,10553905006
13916,340827371,149858,340977229,0,0,1,34816,14,5732771076
13917,340864981,303814,341168795,4,0,0,125952,13,3874639606
13918,340911630,257492,341169122,3,0,0,1024,3,8876563685
13919,340977891,1518,340979409,0,0,1,1536,14,8335968981
13920,340983351,3904,340987255,0,0,1,10752,14,459258827
13921,340997060,30394,341027454,7,0,1,31744,16,662510928
13922,340998961,295167,341294128,4,0,0,54784,13,4424598680
13923,341057671,37056,341094727,0,0,1,17408,14,1051790704
13924,341102561,4162,341106723,0,0,1,11264,14,5647564447
13925,341243381,3387,341246768,0,0,1,9728,14,2535052173
13926,341254971,265571,341520542,4,0,0,136704,13,4915662030
13927,341299420,179455,341478875,7,0,0,38400,16,148517024
13928,341377909,566,341378475,6,0,1,512,12,8278985215
13929,341378661,194127,341572788,4,0,0,80896,13,9596888148
13930,341447851,2946,341450797,0,0,1,3072,14,904503288
13931,341502470,72440,341574910,3,0,0,1024,3,4278719504
13932,341527631,102078,341629709,4,0,0,15872,13,8475512894
13933,341554591,23056,341577647,0,0,1,5120,14,9647117768
13934,341568949,21762,341590711,6,0,1,31744,12,3903687339
13935,341573969,21888,341595857,6,0,1,8192,12,9497483934
13936,341588551,165176,341753727,4,0,0,73216,13,6198275891
13937,341637169,2946,341640115,6,0,1,3072,12,7222420737
13938,341671589,3128,341674717,6,0,1,9216,12,2827762382
13939,341702820,64912,341767732,7,0,1,109568,16,98999613
13940,341760011,111309,341871320,4,0,0,13824,13,7824524625
13941,341779321,179581,341958902,4,0,0,12800,13,142468179
13942,341802270,3422,341805692,8,0,1,3584,7,7683675795
13943,341829380,147936,341977316,3,0,0,1536,3,1075226949
13944,341840320,306114,342146434,7,0,0,206336,16,4857589018
13945,341867219,8513,341875732,6,0,1,11776,12,10416544386
13946,341878171,13770,341891941,0,0,1,26624,14,10350091619
13947,341893749,3904,341897653,6,0,1,10752,12,6766371675
13948,341895061,14062,341909123,0,0,1,19968,14,10065757765
13949,341908980,93098,342002078,7,0,0,1024,16,6790651389
13950,342039931,3898,342043829,0,0,1,4096,14,6289044099
13951,342155070,47288,342202358,3,0,0,1536,3,1348986640
13952,342177720,70583,342248303,3,0,0,2560,3,7794233506
13953,342234960,97316,342332276,7,0,0,24576,16,6158389420
13954,342248280,47303,342295583,7,0,0,1536,16,3004434935
13955,342260931,11016,342271947,0,0,1,17920,14,82190305
13956,342284310,166047,342450357,7,0,0,103424,16,9737610287
13957,342288961,6754,342295715,0,0,1,7168,14,7473341300
13958,342313630,101619,342415249,3,0,0,1536,3,9017471344
13959,342398670,118847,342517517,3,0,0,1024,3,8745257093
13960,342414750,102440,342517190,7,0,0,36352,16,8401903361
13961,342415101,3086,342418187,0,0,1,3072,14,10069504212
13962,342421679,53857,342475536,6,0,1,45568,12,472108689
13963,342452751,23451,342476202,0,0,1,1024,14,6341305510
13964,342458009,21099,342479108,6,0,1,4608,12,6962040826
13965,342467730,12044,342479774,4,0,1,11264,13,3832271983
13966,342487940,50672,342538612,3,0,0,2560,3,1536526049
13967,342498419,1518,342499937,6,0,1,1536,12,7248862977
13968,342529150,4162,342533312,4,0,1,11264,13,9832222793
13969,342554300,6754,342561054,4,0,1,7168,13,8830340722
13970,342587521,2870,342590391,0,0,1,8704,14,10737117853
13971,342615511,179502,342795013,4,0,0,114176,13,9880482573
13972,342629229,12825,342642054,6,0,1,21504,12,3708520396
13973,342660031,7230,342667261,0,0,1,7680,14,9596160551
13974,342696271,141727,342837998,4,0,0,27648,13,3255400844
13975,342716550,6278,342722828,4,0,1,6656,13,3808853364
13976,342782190,72956,342855146,3,0,0,1024,3,4774212010
13977,342783750,55184,342838934,3,0,0,512,3,8304465353
13978,342785660,110743,342896403,7,0,0,32768,16,3561682704
13979,342855760,6278,342862038,4,0,1,6656,13,1341061767
13980,342871261,209459,343080720,4,0,0,165376,13,3568187674
13981,342961709,566,342962275,6,0,1,512,12,4347298910
13982,342989090,4937,342994027,2,0,1,12800,16,777019944
13983,343076590,101618,343178208,7,0,0,30208,16,9430345791
13984,343078310,438460,343516770,7,0,0,454656,16,8771184993
13985,343082010,1994,343084004,2,0,1,2048,16,8358271134
13986,343097179,212441,343309620,9,0,0,512,15,4077292773
13987,343117639,400082,343517721,9,0,0,3072,15,7466218540
13988,343119110,173297,343292407,9,0,0,512,15,2683531505
13989,343124521,419001,343543522,4,0,0,81408,13,10701977860
13990,343146990,399199,343546189,7,0,0,8704,16,1681429617
13991,343169271,11399,343180670,0,0,1,2560,14,4859135951
13992,343198910,13600,343212510,4,0,1,23040,13,6841366777
13993,343234249,130692,343364941,9,0,0,512,15,557626100
13994,343250030,268665,343518695,3,0,0,2048,3,3904315673
13995,343260121,4374,343264495,0,0,1,4608,14,7241199053
13996,343304550,2946,343307496,2,0,1,3072,16,5083821251
13997,343319810,198238,343518048,3,0,0,1024,3,2270428980
13998,343434531,183008,343617539,4,0,0,24576,13,7576108246
13999,343443930,304518,343748448,7,0,0,120320,16,8897735066
14000,343497460,61588,343559048,4,0,1,21504,13,2047978428
14001,343508631,258084,343766715,4,0,0,59904,13,4306234622
14002,343526450,32944,343559394,4,0,1,512,13,1276035723
14003,343548559,88414,343636973,9,0,0,1536,15,7421923489
14004,343549830,12470,343562300,4,0,1,4608,13,3349761645
14005,343617711,162903,343780614,4,0,0,45568,13,5075637822
14006,343624630,5326,343629956,4,0,1,5632,13,4273152921
14007,343642110,220385,343862495,7,0,0,118272,16,6576799644
14008,343655000,560704,344215704,7,0,0,446464,16,5736408526
14009,343771060,98870,343869930,7,0,0,23552,16,10632239841
14010,343792550,32558,343825108,4,0,1,53248,13,4439632773
14011,343817530,44980,343862510,4,0,1,4096,13,5321135221
14012,343942370,6754,343949124,4,0,1,7168,13,6587357311
14013,343999240,218693,344217933,7,0,0,7168,16,3708789954
14014,344054761,5326,344060087,0,0,1,5632,14,853926956
14015,344055901,7092,344062993,0,0,1,4608,14,4403150761
14016,344057749,157970,344215719,6,0,1,35840,12,8502687725
14017,344076879,138855,344215734,6,0,1,11776,12,5950432505
14018,344148840,103381,344252221,4,0,1,59904,13,3681567623
14019,344212691,44919,344257610,0,0,1,17408,14,7211520524
14020,344295300,13341,344308641,4,0,1,22528,13,9972354465
14021,344310171,398624,344708795,4,0,0,239104,13,3643002720
14022,344313140,5326,344318466,4,0,1,5632,13,8003613763
14023,344350050,180363,344530413,7,0,0,27648,16,928776233
14024,344350350,152288,344502638,7,0,0,84992,16,10034823954
14025,344366199,2946,344369145,6,0,1,3072,12,4602520550
14026,344433741,6488,344440229,0,0,1,15872,14,5377607717
14027,344437969,65464,344503433,9,0,0,2560,15,5170343296
14028,344512609,196513,344709122,9,0,0,1024,15,5434418819
14029,344567450,25704,344593154,7,0,1,46592,16,2144565033
14030,344610619,5971,344616590,6,0,1,14848,12,2175482732
14031,344688061,27807,344715868,0,0,1,7168,14,8058033513
14032,344712490,7244,344719734,4,0,1,6144,13,9850315952
14033,344749049,3904,344752953,6,0,1,10752,12,4273999647
14034,344782341,5196,344787537,0,0,1,13312,14,4737352344
14035,344847359,43904,344891263,9,0,0,512,15,8477173137
14036,344864349,80725,344945074,9,0,0,4608,15,4775955509
14037,344938069,7020,344945089,6,0,1,14336,12,9902909509
14038,344950641,4374,344955015,0,0,1,4608,14,4865352755
14039,344991411,171908,345163319,4,0,0,143360,13,7288570846
14040,345005371,6278,345011649,0,0,1,6656,14,2381424495
14041,345102749,5802,345108551,6,0,1,6144,12,9587865499
14042,345163921,3422,345167343,0,0,1,3584,14,2756167772
14043,345236921,48980,345285901,4,0,0,2048,13,5545181844
14044,345332911,84924,345417835,4,0,0,1536,13,1287323379
14045,345350940,122132,345473072,9,0,1,197632,15,5569634878
14046,345399580,78318,345477898,8,0,1,7680,7,1521988734
14047,345441590,57916,345499506,9,0,1,70656,15,8325729895
14048,345484991,249635,345734626,4,0,0,108544,13,7433849560
14049,345512180,287226,345799406,7,0,0,36864,16,4374613213
14050,345538420,61382,345599802,9,0,1,99328,15,16343456
14051,345601509,93437,345694946,9,0,0,1536,15,6094298653
14052,345632140,10241,345642381,4,0,1,16384,13,4301995111
14053,345793230,11018,345804248,4,0,1,5120,13,5022999596
14054,345804091,7230,345811321,0,0,1,7680,14,823173900
14055,345900130,190748,346090878,7,0,0,164864,16,4217135905
14056,345917741,311365,346229106,4,0,0,147456,13,8852117739
14057,345954629,4374,345959003,6,0,1,4608,12,6860636529
14058,345958061,304132,346262193,4,0,0,108544,13,8745843477
14059,345981891,1994,345983885,0,0,1,2048,14,1893898269
14060,345993659,13512,346007171,6,0,1,26112,12,3077697468
14061,346031131,2470,346033601,0,0,1,2560,14,936032251
14062,346091179,4374,346095553,6,0,1,4608,12,7886465974
14063,346111400,5326,346116726,4,0,1,5632,13,4192171977
14064,346115340,282904,346398244,7,0,0,224256,16,3926487605
14065,346127869,49625,346177494,9,0,0,1024,15,2476126847
14066,346175389,566,346175955,6,0,1,512,12,8485543161
14067,346242979,22851,346265830,6,0,1,10240,12,9072606140
14068,346275339,168837,346444176,9,0,0,2560,15,8933897207
14069,346275650,322384,346598034,7,0,0,279552,16,8928414765
14070,346295200,212439,346507639,7,0,0,52736,16,2175405006
14071,346345379,143185,346488564,9,0,0,3072,15,2905510803
14072,346423089,1518,346424607,6,0,1,1536,12,8578094101
14073,346510221,87828,346598049,0,0,1,15872,14,9944652119
14074,346547121,56674,346603795,0,0,1,14336,14,8154633958
14075,346560699,84655,346645354,9,0,0,1536,15,1747560987
14076,346589130,185832,346774962,7,0,0,92672,16,9519286518
14077,346625559,86019,346711578,9,0,0,512,15,9044531758
14078,346638471,166219,346804690,4,0,0,63488,13,2130347664
14079,346664221,2470,346666691,0,0,1,2560,14,7487669765
14080,346728751,76586,346805337,4,0,0,2048,13,6241241213
14081,346789550,126932,346916482,7,0,0,67072,16,2376146030
14082,346802909,6794,346809703,6,0,1,4608,12,890578438
14083,346940121,45596,346985717,4,0,0,1024,13,3361338912
14084,346942130,34537,346976667,7,0,1,60416,16,2342067434
14085,346945449,33804,346979253,6,0,1,4096,12,2000712869
14086,346949139,204824,347153963,9,0,0,512,15,6732994327
14087,346956691,78270,347034961,4,0,0,2560,13,8454380894
14088,346984151,84613,347068764,4,0,0,4096,13,7210671150
14089,347039371,4420,347043791,0,0,1,11776,14,10185181179
14090,347071580,23725,347095305,7,0,1,39424,16,10061262405
14091,347114950,258837,347373787,7,0,1,423936,16,3915983968
14092,347174480,235392,347409872,7,0,1,123392,16,10538737340
14093,347206320,204218,347410538,4,0,1,1024,13,5901052610
14094,347261650,390894,347652544,7,0,0,129024,16,5940230789
14095,347296631,114675,347411306,0,0,1,11776,14,5484175475
14096,347296880,145788,347442668,7,0,1,100864,16,5851862329
14097,347298521,309626,347608147,4,0,0,512,13,2002635706
14098,347304729,138605,347443334,6,0,1,11264,12,10295624028
14099,347350820,315779,347666599,7,0,0,46080,16,10661563633
14100,347365170,361427,347726597,7,0,0,107008,16,2098152689
14101,347434239,12321,347446560,6,0,1,5120,12,9428105721
14102,347471889,255363,347727252,9,0,0,2048,15,402355264
14103,347503650,76846,347580496,7,0,1,129536,16,1125870599
14104,347507709,76973,347584682,6,0,1,6656,12,8184439654
14105,347513861,214797,347728658,4,0,0,512,13,9624155065
14106,347527321,329878,347857199,4,0,0,1536,13,3919918694
14107,347540659,45611,347586270,6,0,1,15872,12,4678668010
14108,347552940,44774,347597714,7,0,1,38400,16,6225265556
14109,347577570,20810,347598380,7,0,1,1024,16,3363465384
14110,347651550,76682,347728232,7,0,1,99840,16,10282233315
14111,347668991,223699,347892690,4,0,0,2560,13,6683908106
14112,347693419,170813,347864232,9,0,0,1024,15,5159758590
14113,347766869,12049,347778918,6,0,1,19968,12,3917102029
14114,347825270,169780,347995050,7,0,0,63488,16,8050671381
14115,347872770,260267,348133037,7,0,0,72704,16,3514925531
14116,347877231,133338,348010569,4,0,0,512,13,7017510609
14117,347921800,2946,347924746,3,0,1,3072,3,7994231806
14118,347957410,37655,347995065,7,0,1,51712,16,3211232822
14119,348033610,99754,348133364,7,0,0,1024,16,9398111089
14120,348043270,16613,348059883,7,0,1,32256,16,1056189448
14121,348070780,12566,348083346,2,0,1,20992,16,5100008386
14122,348248070,7230,348255300,3,0,1,7680,3,5160373047
14123,348285381,47288,348332669,4,0,0,1536,13,6971939188
14124,348292329,163082,348455411,9,0,0,5120,15,4953433631
14125,348297070,3898,348300968,3,0,1,4096,3,4665270461
14126,348366261,56996,348423257,4,0,0,1536,13,2892788808
14127,348374070,5802,348379872,3,0,1,6144,3,1840414275
14128,348406629,1042,348407671,6,0,1,1024,12,7408931200
14129,348476999,4850,348481849,6,0,1,5120,12,4842699421
14130,348583201,45596,348628797,4,0,0,1024,13,3125012747
14131,348583569,54056,348637625,9,0,0,3584,15,4193520361
14132,348590019,48980,348638999,9,0,0,2048,15,4226749581
14133,348623500,5802,348629302,3,0,1,6144,3,9740712546
14134,348702090,3422,348705512,3,0,1,3584,3,5226708544
14135,348704470,2028,348706498,3,0,1,1536,3,6081061396
14136,348838310,45596,348883906,7,0,0,1024,16,3041880784
14137,348844079,10757,348854836,6,0,1,17408,12,6782195074
14138,348932630,52364,348984994,7,0,0,3072,16,6430437351
14139,348964220,1518,348965738,3,0,1,1536,3,8620357744
14140,348980009,45596,349025605,9,0,0,1024,15,9606738621
14141,349085599,43904,349129503,9,0,0,512,15,1174936853
14142,349102760,4679,349107439,3,0,1,12288,3,9502324654
14143,349109749,45596,349155345,9,0,0,1024,15,4908133502
14144,349148849,45596,349194445,9,0,0,1024,15,5923146064
14145,349191229,16613,349207842,6,0,1,32256,12,173060487
14146,349197790,50576,349248366,7,0,0,1024,16,1401410247
14147,349209639,89763,349299402,9,0,0,1536,15,884327798
14148,349210999,7706,349218705,6,0,1,8192,12,3426284509
14149,349281309,67592,349348901,9,0,0,7680,15,5567140255
14150,349284559,4850,349289409,6,0,1,5120,12,1516763978
14151,349333320,43904,349377224,7,0,0,512,16,6240833042
14152,349352030,4850,349356880,5,0,1,5120,18,7662207333
14153,349392281,5971,349398252,0,0,1,14848,14,3693896535
14154,349409330,1994,349411324,5,0,1,2048,18,9820389253
14155,349417100,12308,349429408,5,0,1,20480,18,10539812790
14156,349425209,55160,349480369,9,0,0,2048,15,7388905382
14157,349437070,3422,349440492,5,0,1,3584,18,10565252062
14158,349437270,7408,349444678,5,0,1,6656,18,6893529951
14159,349503920,4850,349508770,3,0,1,5120,3,2390503660
14160,349544369,2946,349547315,6,0,1,3072,12,4811616488
14161,349583400,4850,349588250,3,0,1,5120,3,8271844399
14162,349593770,45596,349639366,7,0,0,1024,16,10336949008
14163,349599160,51296,349650456,7,0,0,4608,16,10583645110
14164,349639820,1042,349640862,5,0,1,1024,18,10297584231
14165,349688610,2946,349691556,3,0,1,3072,3,6971076436
14166,349729201,129655,349858856,4,0,0,512,13,233974867
14167,349767569,45596,349813165,9,0,0,1024,15,888022496
14168,349788419,46592,349835011,9,0,0,1024,15,797327312
14169,349800870,13770,349814640,3,0,1,26624,3,4321163343
14170,349811571,52205,349863776,4,0,0,1536,13,6248563786
14171,350028110,47600,350075710,7,0,0,2560,16,3274447804
14172,350129321,43904,350173225,4,0,0,512,13,10341489683
14173,350170229,50672,350220901,9,0,0,2560,15,5179135536
14174,350195811,47848,350243659,4,0,0,512,13,2764295066
14175,350201351,43904,350245255,4,0,0,512,13,7739595061
14176,350211071,43904,350254975,4,0,0,512,13,9249407330
14177,350256671,47288,350303959,4,0,0,1536,13,2005823087
14178,350295070,5326,350300396,4,0,1,5632,13,511852742
14179,350305809,45596,350351405,9,0,0,1024,15,9815484562
14180,350327311,47288,350374599,4,0,0,1536,13,321951926
14181,350330729,154148,350484877,9,0,0,2048,15,7235513205
14182,350353599,52679,350406278,9,0,0,512,15,4590756317
14183,350356750,11274,350368024,4,0,1,18432,13,2062050724
14184,350376850,1994,350378844,3,0,1,2048,3,7342798101
14185,350388820,4850,350393670,3,0,1,5120,3,7238689462
14186,350413050,43904,350456954,7,0,0,512,16,4181492731
14187,350450099,43904,350494003,9,0,0,512,15,9488077413
14188,350452340,4850,350457190,3,0,1,5120,3,10114619651
14189,350455001,107607,350562608,4,0,0,1536,13,2253664433
14190,350479560,3387,350482947,4,0,1,9728,13,10194802322
14191,350483759,67014,350550773,9,0,0,3584,15,799698575
14192,350539800,46034,350585834,7,0,0,1024,16,4577272494
14193,350586011,79684,350665695,4,0,0,1024,13,9900056720
14194,350597140,3422,350600562,3,0,1,3584,3,2450266167
14195,350717621,45596,350763217,4,0,0,1024,13,5984572293
14196,350763120,47377,350810497,7,0,0,1536,16,3112911356
14197,350803440,57440,350860880,7,0,0,4608,16,1313619922
14198,350932140,1994,350934134,5,0,1,2048,18,7969449098
14199,350973540,21141,350994681,5,0,1,34304,18,9482688272
14200,351043411,5326,351048737,0,0,1,5632,14,3092036262
14201,351087450,566,351088016,5,0,1,512,18,4922062952
14202,351119961,71567,351191528,4,0,0,3584,13,391596108
14203,351120920,25704,351146624,5,0,1,46592,18,7320816232
14204,351136840,11090,351147930,3,0,1,2048,3,10455751629
14205,351149699,45596,351195295,9,0,0,1024,15,9487580455
14206,351186821,113677,351300498,4,0,0,3072,13,2881173467
14207,351199970,88635,351288605,7,0,0,512,16,4397198804
14208,351239429,90804,351330233,9,0,0,1024,15,5025754500
14209,351285820,3422,351289242,3,0,1,3584,3,2855189713
14210,351293260,2870,351296130,5,0,1,8704,18,2176173474
14211,351329231,47288,351376519,4,0,0,1536,13,998358746
14212,351353280,45596,351398876,7,0,0,1024,16,813509558
14213,351354010,22524,351376534,3,0,1,36352,3,9905020830
14214,351371890,43904,351415794,7,0,0,512,16,3284879476
14215,351417630,1042,351418672,5,0,1,1024,18,8856575576
14216,351442050,102319,351544369,7,0,0,1024,16,5634731383
14217,351442700,12825,351455525,3,0,1,21504,3,2400124596
14218,351567920,3898,351571818,3,0,1,4096,3,8965081985
14219,351603060,12737,351615797,3,0,1,24576,3,4806691991
14220,351660220,5802,351666022,5,0,1,6144,18,10428049717
14221,351683360,62416,351745776,9,0,1,101376,15,1041101284
14222,351698120,48015,351746135,5,0,1,9728,18,380052111
14223,351773010,13083,351786093,3,0,1,22016,3,8958929819
14224,351776031,67669,351843700,4,0,0,2560,13,1223433346
14225,351782439,62173,351844612,9,0,0,512,15,25797001
14226,351796980,157532,351954512,7,0,0,512,16,8979591491
14227,351832710,11005,351843715,5,0,1,16384,18,7507748794
14228,351837160,54432,351891592,7,0,1,88064,16,1817471070
14229,351863190,63365,351926555,9,0,1,100352,15,1492399521
14230,351878500,53956,351932456,5,0,1,19968,18,4089257035
14231,351946599,179892,352126491,9,0,0,1536,15,1415776319
14232,351974390,214549,352188939,7,0,1,347648,16,6240086399
14233,351993640,278298,352271938,9,0,1,274432,15,6573345213
14234,352019540,106468,352126008,7,0,0,1024,16,966653314
14235,352032860,239424,352272284,5,0,1,512,18,107033062
14236,352047010,226900,352273910,3,0,1,2560,3,1197678866
14237,352066790,81064,352147854,7,0,0,1024,16,10373636148
14238,352090881,320226,352411107,4,0,0,1024,13,7601672645
14239,352093950,185964,352279914,9,0,1,28672,15,6156346894
14240,352113700,167494,352281194,3,0,1,14336,3,5162371444
14241,352132019,241398,352373417,9,0,0,512,15,6531382681
14242,352148539,261357,352409896,9,0,0,5120,15,1608256638
14243,352155120,132078,352287198,5,0,1,28672,18,4034353157
14244,352161591,488126,352649717,5,0,0,135680,18,8046636070
14245,352220949,331253,352552202,9,0,0,2048,15,1528170616
14246,352226910,109021,352335931,7,0,0,2560,16,1535672152
14247,352228690,58867,352287557,5,0,1,9728,18,8966067863
14248,352249789,182617,352432406,9,0,0,1536,15,347260730
14249,352269850,63362,352333212,9,0,1,106496,15,6884220823
14250,352278990,55848,352334838,7,0,1,2560,16,433833402
14251,352280451,608329,352888780,5,0,0,277504,18,453940116
14252,352283409,175519,352458928,9,0,0,512,15,1405410494
14253,352308990,47865,352356855,9,0,1,72704,15,9321137902
14254,352349431,11290,352360721,0,0,1,6144,14,2235187943
14255,352377369,645010,353022379,9,0,0,2560,15,3760539142
14256,352379720,6229,352385949,9,0,1,15360,15,2953555238
14257,352387151,503063,352890214,4,0,0,4096,13,8077751730
14258,352402451,619133,353021584,5,0,0,253440,18,10446469515
14259,352425961,3898,352429859,0,0,1,4096,14,198251571
14260,352427030,3098,352430128,5,0,1,8704,18,5655043635
14261,352430170,13083,352443253,5,0,1,22016,18,3215115821
14262,352439100,63450,352502550,7,0,1,103424,16,4224434252
14263,352453671,350542,352804213,4,0,0,34304,13,5467784413
14264,352469840,33478,352503318,3,0,1,11776,3,10321219923
14265,352480500,23484,352503984,8,0,1,1024,7,850190341
14266,352488340,18870,352507210,3,0,1,5120,3,1718479955
14267,352510609,379932,352890541,9,0,0,1024,15,8789583792
14268,352514930,44920,352559850,7,0,1,77312,16,5796989957
14269,352540929,348022,352888951,9,0,0,512,15,4728301802
14270,352563941,537089,353101030,5,0,0,89088,18,10245070322
14271,352577110,14117,352591227,9,0,1,24064,15,8232170917
14272,352626090,29939,352656029,3,0,1,6656,3,10222834301
14273,352628761,27524,352656285,0,0,1,9216,14,2986906214
14274,352649171,8803,352657974,0,0,1,9728,14,1172840062
14275,352650639,252278,352902917,9,0,0,2048,15,10405714125
14276,352700461,363606,353064067,5,0,0,68096,18,4879619454
14277,352708191,1518,352709709,0,0,1,1536,14,2376056564
14278,352765659,335878,353101537,9,0,0,1536,15,3205510438
14279,352840130,356686,353196816,9,0,1,496128,15,571164507
14280,352842770,365592,353208362,9,0,1,47104,15,7462659557
14281,352866600,353001,353219601,7,0,1,37376,16,1968109709
14282,352866921,377082,353244003,4,0,0,19456,13,1388683066
14283,352869721,262833,353132554,4,0,0,31232,13,385461736
14284,352909280,334738,353244018,9,0,1,75776,15,7459290347
14285,352990630,255110,353245740,3,0,1,8192,3,8040689490
14286,353033859,360916,353394775,9,0,0,49152,15,7443197400
14287,353084571,452521,353537092,5,0,0,22016,18,276501514
14288,353090701,289075,353379776,5,0,0,115200,18,10005498163
14289,353093900,173652,353267552,7,0,1,79872,16,9388895836
14290,353095521,173017,353268538,0,0,1,1536,14,1212804043
14291,353113269,365215,353478484,9,0,0,44544,15,10184265230
14292,353194160,358571,353552731,7,0,0,1536,16,9046408998
14293,353207500,61704,353269204,9,0,1,1024,15,8582924623
14294,353298031,5326,353303357,0,0,1,5632,14,1159278821
14295,353309910,84880,353394790,7,0,1,109056,16,6597138979
14296,353311389,408504,353719893,9,0,0,15360,15,1513686393
14297,353351570,361733,353713303,9,0,1,520192,15,6309516785
14298,353396039,608714,354004753,9,0,0,136192,15,81075051
14299,353442240,413620,353855860,7,0,0,512,16,4454372119
14300,353467411,252497,353719908,0,0,1,4608,14,6073193252
14301,353501261,345116,353846377,4,0,0,16896,13,7361661794
14302,353501409,285349,353786758,9,0,0,19968,15,6170961271
14303,353506540,215468,353722008,9,0,1,27648,15,4721439719
14304,353514370,92903,353607273,7,0,0,512,16,6852452824
14305,353551861,172413,353724274,0,0,1,3584,14,7184073808
14306,353559150,104241,353663391,7,0,0,512,16,1430685158
14307,353564500,207559,353772059,7,0,1,155136,16,10230910657
14308,353587559,620991,354208550,9,0,0,89088,15,3292943233
14309,353589270,197503,353786773,7,0,1,33792,16,8197420894
14310,353640210,148272,353788482,7,0,1,19968,16,4496000767
14311,353647671,235760,353883431,5,0,0,6656,18,7544750112
14312,353654351,137997,353792348,0,0,1,6144,14,9650486837
14313,353678001,114603,353792604,0,0,1,9216,14,495177540
14314,353698221,379402,354077623,4,0,0,142336,13,8124951418
14315,353702660,254728,353957388,7,0,0,2560,16,3824547814
14316,353786140,6618,353792758,3,0,1,8704,3,8270112961
14317,353795570,50830,353846400,7,0,1,79872,16,7454437868
14318,353817779,441889,354259668,9,0,0,3072,15,4651389938
14319,353841600,90189,353931789,7,0,1,142848,16,4034699609
14320,353886191,372526,354258717,5,0,0,102912,18,10706447593
14321,353919230,158408,354077638,7,0,1,195072,16,4182253193
14322,353920631,534537,354455168,5,0,0,78336,18,7816040861
14323,353985220,306930,354292150,7,0,0,2048,16,3675710597
14324,353999200,110490,354109690,7,0,1,174080,16,315358742
14325,354032450,82425,354114875,7,0,1,16384,16,7981265067
14326,354070691,55935,354126626,0,0,1,39936,14,10540119305
14327,354082381,49634,354132015,0,0,1,25600,14,2180006335
14328,354114511,343644,354458155,4,0,0,9728,13,9197344163
14329,354155091,1042,354156133,0,0,1,1024,14,9183539198
14330,354157871,305143,354463014,4,0,0,15872,13,4712780405
14331,354178081,391857,354569938,5,0,0,36352,18,6360602091
14332,354190111,25227,354215338,0,0,1,7168,14,1662384484
14333,354192020,24086,354216106,3,0,1,11776,3,5860129784
14334,354202849,345792,354548641,9,0,0,12288,15,9948697864
14335,354265620,376487,354642107,7,0,0,4608,16,8844164799
14336,354296790,3387,354300177,1,0,1,9728,9,1597857744
14337,354319550,4374,354323924,3,0,1,4608,3,694826308
14338,354327691,152531,354480222,5,0,0,4608,18,7455904947
14339,354328331,5454,354333785,0,0,1,13824,14,2470973917
14340,354351321,4374,354355695,0,0,1,4608,14,3793519576
14341,354352210,4471,354356681,3,0,1,1536,3,6648583900
14342,354353140,61017,354414157,7,0,1,98304,16,5927171503
14343,354369520,271168,354640688,7,0,0,512,16,4221503594
14344,354369781,44632,354414413,0,0,1,9216,14,7762470343
14345,354412549,486965,354899514,9,0,0,164864,15,9880126182
14346,354413821,226696,354640517,5,0,0,24576,18,2746945100
14347,354437959,227549,354665508,9,0,0,1024,15,2410603512
14348,354445980,27492,354473472,3,0,1,16896,3,9710663135
14349,354469950,336367,354806317,7,0,0,3072,16,9243945498
14350,354488681,7706,354496387,0,0,1,8192,14,1023667787
14351,354517550,12825,354530375,1,0,1,21504,9,9815338890
14352,354521720,145982,354667702,7,0,0,1536,16,2209474307
14353,354533211,4850,354538061,0,0,1,5120,14,236338804
14354,354541540,2470,354544010,1,0,1,2560,9,1490555631
14355,354550960,125145,354676105,7,0,1,206848,16,8356821206
14356,354558851,354570,354913421,4,0,0,45568,13,5972726846
14357,354581950,97381,354679331,1,0,1,5120,9,7432474287
14358,354597391,359924,354957315,5,0,0,28672,18,613816506
14359,354602250,315934,354918184,7,0,0,1536,16,1414491212
14360,354621300,336513,354957813,7,0,0,1536,16,530664956
14361,354722099,191805,354913904,9,0,0,1536,15,3478557575
14362,354773331,249854,355023185,5,0,0,27648,18,6200103691
14363,354788860,4937,354793797,5,0,1,12800,18,7515800983
14364,354861441,135467,354996908,5,0,0,17408,18,3394050413
14365,354944961,12369,354957330,0,0,1,15872,14,4497528117
14366,354997441,4850,355002291,0,0,1,5120,14,8323090985
14367,355043081,247179,355290260,5,0,0,78848,18,809366256
14368,355109479,65234,355174713,9,0,0,1024,15,3232773603
14369,355177331,144923,355322254,4,0,0,11776,13,5139230002
14370,355198031,125711,355323742,5,0,0,1536,18,44014128
14371,355209740,5712,355215452,1,0,1,14336,9,1054412436
14372,355253141,37134,355290275,0,0,1,39936,14,3731673930
14373,355283119,52744,355335863,9,0,0,1024,15,5873241302
14374,355283980,161569,355445549,7,0,0,1024,16,6325835271
14375,355287420,4908,355292328,1,0,1,2048,9,1547955193
14376,355288620,5014,355293634,2,0,1,2048,16,7733665289
14377,355352790,4374,355357164,1,0,1,4608,9,6399110667
14378,355362039,43904,355405943,9,0,0,512,15,1478156336
14379,355373499,48980,355422479,9,0,0,2048,15,2916228378
14380,355437360,4850,355442210,1,0,1,5120,9,7765917817
14381,355442309,43904,355486213,9,0,0,512,15,8221024573
14382,355474571,117416,355591987,5,0,0,85504,18,29311931
14383,355478861,209816,355688677,5,0,0,46592,18,10145975621
14384,355488081,121618,355609699,4,0,0,15360,13,6845351777
14385,355499110,6278,355505388,1,0,1,6656,9,9683370077
14386,355537979,73808,355611787,9,0,0,2048,15,9425719866
14387,355576100,23109,355599209,4,0,1,7680,13,6933461325
14388,355607370,46225,355653595,7,0,0,512,16,9508075550
14389,355622100,12825,355634925,4,0,1,21504,13,1799249371
14390,355622410,12861,355635271,1,0,1,512,9,31314529
14391,355660510,185105,355845615,7,0,0,1024,16,6554518169
14392,355697450,2470,355699920,4,0,1,2560,13,4413179943
14393,355721520,3645,355725165,1,0,1,10240,9,3468688747
14394,355748280,1994,355750274,1,0,1,2048,9,4707623948
14395,355799771,86204,355885975,5,0,0,13312,18,835478176
14396,355816240,15837,355832077,1,0,1,30720,9,9260501842
14397,355845970,3422,355849392,4,0,1,3584,13,8109880188
14398,355883830,3655,355887485,4,0,1,1536,13,1000498377
14399,355925550,2946,355928496,4,0,1,3072,13,8866094170
14400,356007790,13083,356020873,1,0,1,22016,9,8164154964
14401,356067399,62370,356129769,9,0,0,512,15,2285207782
14402,356153300,6229,356159529,4,0,1,15360,13,9502171285
14403,356170820,1518,356172338,4,0,1,1536,13,3547302495
14404,356193270,7230,356200500,1,0,1,7680,9,10006786883
14405,356253630,4850,356258480,4,0,1,5120,13,10066477390
14406,356261750,5326,356267076,1,0,1,5632,9,2814861785
14407,356302119,114836,356416955,9,0,0,512,15,10140601810
14408,356319040,6754,356325794,4,0,1,7168,13,7592315923
14409,356331759,122270,356454029,9,0,0,5120,15,3822671305
14410,356362340,7230,356369570,1,0,1,7680,9,6651288190
14411,356403670,2470,356406140,4,0,1,2560,13,4271729061
14412,356449020,108203,356557223,7,0,0,1536,16,10662962587
14413,356471420,50984,356522404,7,0,0,3584,16,10420812438
14414,356473509,43904,356517413,9,0,0,512,15,3889739285
14415,356476489,54212,356530701,9,0,0,4096,15,3821852670
14416,356528370,3422,356531792,8,0,1,3584,7,10561982766
14417,356553260,2946,356556206,8,0,1,3072,7,3515237078
14418,356562610,49525,356612135,7,0,0,1024,16,4739627621
14419,356569560,4850,356574410,4,0,1,5120,13,10558280283
14420,356576530,5802,356582332,5,0,1,6144,18,10207561848
14421,356610760,4937,356615697,1,0,1,12800,9,6769314097
14422,356739820,1994,356741814,3,0,1,2048,3,5415890176
14423,356768759,52364,356821123,9,0,0,3072,15,7956263919
14424,356781760,3422,356785182,1,0,1,3584,9,3008275248
14425,356785940,114580,356900520,7,0,0,512,16,10385499664
14426,356841270,2470,356843740,3,0,1,2560,3,2685161818
14427,356857080,5196,356862276,8,0,1,13312,7,4238824905
14428,356899210,182768,357081978,7,0,0,6144,16,7278759631
14429,356909840,5215,356915055,8,0,1,13312,7,5948492232
14430,356909850,7487,356917337,1,0,1,3584,9,1625056781
14431,356958881,45596,357004477,5,0,0,1024,18,7228118832
14432,356979600,3422,356983022,1,0,1,3584,9,9752338893
14433,357000779,104557,357105336,9,0,0,1024,15,8484650943
14434,357031700,77020,357108720,7,0,0,2048,16,6694437456
14435,357041730,4679,357046409,4,0,1,12288,13,6114825586
14436,357096190,11791,357107981,4,0,1,19456,13,4266922130
14437,357105890,43904,357149794,7,0,0,512,16,1144015156
14438,357114351,6278,357120629,4,0,1,6656,13,5750580416
14439,357137900,12825,357150725,3,0,1,21504,3,6871927635
14440,357181079,43904,357224983,9,0,0,512,15,904925395
14441,357182269,145118,357327387,9,0,0,512,15,8772376769
14442,357185670,4374,357190044,1,0,1,4608,9,10179564961
14443,357187240,47288,357234528,1,0,0,1536,9,6303582193
14444,357282030,84987,357367017,7,0,0,512,16,10621599219
14445,357288420,2946,357291366,1,0,1,3072,9,8073489005
14446,357318590,52364,357370954,7,0,0,3072,16,3692776643
14447,357321650,45538,357367188,7,0,0,512,16,443565991
14448,357327590,45596,357373186,7,0,0,1024,16,4512641680
14449,357339829,54056,357393885,9,0,0,3584,15,832634456
14450,357378669,43904,357422573,9,0,0,512,15,277040646
14451,357402820,1518,357404338,1,0,1,1536,9,2461061463
14452,357408311,213158,357621469,5,0,0,71680,18,5562206684
14453,357490960,20882,357511842,3,0,1,33792,3,5378457123
14454,357664200,6229,357670429,3,0,1,15360,3,4468050429
14455,357702480,566,357703046,3,0,1,512,3,3764295299
14456,357721330,43904,357765234,7,0,0,512,16,5461513056
14457,357811560,43975,357855535,1,0,1,72192,9,9562310461
14458,357832070,25091,357857161,3,0,1,2560,3,6274588445
14459,357841340,21722,357863062,1,0,1,19968,9,6833683448
14460,357853189,59524,357912713,9,0,0,4096,15,3208148996
14461,357880170,10241,357890411,3,0,1,16384,3,6928042548
14462,357884481,246964,358131445,5,0,0,25600,18,6988928634
14463,357906289,55792,357962081,9,0,0,2560,15,8993741930
14464,357923620,216400,358140020,1,0,0,1024,9,10577710693
14465,357941019,121807,358062826,9,0,0,1024,15,5621754454
14466,357949720,13341,357963061,3,0,1,22528,3,3187320695
14467,357950140,16787,357966927,3,0,1,6144,3,5614674164
14468,357955500,240991,358196491,1,0,0,1024,9,3945564308
14469,357998501,193016,358191517,5,0,0,61440,18,8309471572
14470,358007180,7230,358014410,1,0,1,7680,9,10554000476
14471,358033069,98867,358131936,9,0,0,1536,15,208193116
14472,358043080,4679,358047759,3,0,1,12288,3,4110917138
14473,358093110,2870,358095980,3,0,1,8704,3,716726210
14474,358104769,154019,358258788,9,0,0,7168,15,327394155
14475,358128801,111239,358240040,5,0,0,24576,18,2618154800
14476,358132730,3422,358136152,4,0,1,3584,13,7687205022
14477,358141700,3898,358145598,2,0,1,4096,16,6041797172
14478,358154121,235756,358389877,5,0,0,126464,18,3922377588
14479,358306630,90255,358396885,7,0,0,1024,16,4722746234
14480,358336070,4420,358340490,3,0,1,11776,3,3675355955
14481,358419690,7706,358427396,5,0,1,8192,18,8079939377
14482,358426980,3898,358430878,4,0,1,4096,13,1150617266
14483,358543310,54056,358597366,1,0,0,3584,9,8701912711
14484,358572380,4850,358577230,4,0,1,5120,13,9823914646
14485,358640889,43904,358684793,9,0,0,512,15,8379185336
14486,358673681,115388,358789069,5,0,0,78848,18,9580077201
14487,358765650,36253,358801903,4,0,1,21504,13,9635022791
14488,358774020,32709,358806729,1,0,1,7680,9,3575646075
14489,358797600,9488,358807088,4,0,1,9728,13,5261068583
14490,358877090,43904,358920994,7,0,0,512,16,2060922203
14491,358915510,11274,358926784,1,0,1,18432,9,8172068075
14492,359017930,6278,359024208,5,0,1,6656,18,10167189009
14493,359021761,227922,359249683,5,0,0,109568,18,5811331722
14494,359035990,4937,359040927,5,0,1,12800,18,7376830554
14495,359088010,6278,359094288,4,0,1,6656,13,3508723585
14496,359090881,86625,359177506,5,0,0,11264,18,914592396
14497,359103930,65511,359169441,7,0,0,6144,16,10710697303
14498,359173630,93285,359266915,1,0,0,2560,9,9959043207
14499,359179919,70091,359250010,9,0,0,1024,15,9833642380
14500,359197310,53191,359250501,7,0,0,1536,16,6213262370
14501,359225450,68456,359293906,7,0,0,512,16,1531736136
14502,359284870,52549,359337419,7,0,1,85504,16,1375433784
14503,359320600,17075,359337675,5,0,1,9216,18,3680855197
14504,359361360,2946,359364306,5,0,1,3072,18,709935789
14505,359373340,2946,359376286,4,0,1,3072,13,6459105506
14506,359404540,10241,359414781,1,0,1,16384,9,7996080473
14507,359409390,175703,359585093,7,0,1,288256,16,5858070461
14508,359423300,161947,359585247,4,0,1,8704,13,9016560385
14509,359449720,167913,359617633,7,0,1,105984,16,4478312720
14510,359468610,151929,359620539,5,0,1,4608,18,2279994876
14511,359533800,87917,359621717,4,0,1,13824,13,7340506781
14512,359540499,107795,359648294,9,0,0,2048,15,9575028124
14513,359564921,176026,359740947,5,0,0,62976,18,4301009403
14514,359573970,259259,359833229,1,0,0,512,9,6918062267
14515,359586640,336207,359922847,1,0,0,4096,9,4645625293
14516,359602100,92323,359694423,1,0,0,1024,9,1940345527
14517,359617890,156554,359774444,7,0,1,258048,16,8720156325
14518,359636889,197496,359834385,9,0,0,512,15,10260653351
14519,359646510,188255,359834765,1,0,0,512,9,2771703733
14520,359698671,202494,359901165,5,0,0,58368,18,8311875737
14521,359700590,74827,359775417,4,0,1,12800,13,5462419088
14522,359784901,244375,360029276,5,0,0,54784,18,5069756003
14523,359819910,233830,360053740,1,0,0,512,9,2021292096
14524,359852940,97613,359950553,7,0,1,163328,16,4280792800
14525,359876161,79679,359955840,4,0,1,16896,13,8019252272
14526,359881370,79757,359961127,7,0,1,16896,16,2406032485
14527,359887531,382067,360269598,5,0,0,104448,18,6524187269
14528,359907789,88846,359996635,9,0,0,2048,15,9778520526
14529,359910690,92679,360003369,7,0,1,136704,16,7513331953
14530,359959430,100922,360060352,7,0,0,2048,16,6878998568
14531,359969050,34883,360003933,4,0,1,10752,13,909011620
14532,359974590,34528,360009118,7,0,1,24576,16,10617097769
14533,360034811,280280,360315091,5,0,0,66048,18,9267572819
14534,360072000,77104,360149104,7,0,1,130048,16,5783178307
14535,360080880,244401,360325281,1,0,0,512,9,2328732189
14536,360091800,59890,360151690,3,0,1,4096,3,2703988604
14537,360135750,133863,360269613,7,0,1,167424,16,9180249669
14538,360140690,128938,360269628,9,0,1,7168,15,3470304733
14539,360142010,252847,360394857,1,0,0,5632,9,5849403780
14540,360201430,68213,360269643,5,0,1,10752,18,1882042158
14541,360224790,44884,360269674,5,0,1,2560,18,7775825487
14542,360244071,29234,360273305,4,0,1,10240,13,10430911881
14543,360245000,162880,360407880,7,0,1,219648,16,2543091589
14544,360340420,69086,360409506,5,0,1,2560,18,1621879619
14545,360401969,84562,360486531,9,0,0,2560,15,1334338572
14546,360441650,337600,360779250,7,0,1,547328,16,3679901771
14547,360478590,306766,360785356,5,0,1,20992,18,8765393442
14548,360492509,297353,360789862,6,0,1,7168,12,10552756728
14549,360514990,262825,360777815,1,0,0,512,9,8599307937
14550,360517340,278935,360796275,7,0,1,30720,16,6663030945
14551,360548201,297912,360846113,5,0,0,9216,18,4165523157
14552,360604580,195561,360800141,7,0,1,6144,16,6060639751
14553,360640969,267870,360908839,9,0,0,3584,15,10276069806
14554,360738210,262169,361000379,7,0,0,1024,16,6564671915
14555,360852180,4374,360856554,5,0,1,4608,18,10349566317
14556,360859561,1994,360861555,4,0,1,2048,13,2600733526
14557,360860281,330266,361190547,5,0,0,165888,18,1758359889
14558,360909030,5326,360914356,3,0,1,5632,3,7742142443
14559,360916980,105089,361022069,7,0,0,512,16,8125642421
14560,360947909,155752,361103661,9,0,0,2560,15,7748454544
14561,360960231,3898,360964129,4,0,1,4096,13,3946231294
14562,360992480,102463,361094943,7,0,0,3072,16,5329148623
14563,361013999,76887,361090886,9,0,0,1536,15,4125952689
14564,361020510,10757,361031267,7,0,1,17408,16,9534703943
14565,361049121,145505,361194626,5,0,0,13312,18,5639653913
14566,361091200,43904,361135104,7,0,0,512,16,8321354449
14567,361140350,65017,361205367,4,0,1,17408,13,10312306989
14568,361172229,76445,361248674,9,0,0,3584,15,3552690534
14569,361242700,176117,361418817,7,0,1,286208,16,10723092614
14570,361245670,231780,361477450,1,0,0,512,9,2372066362
14571,361302999,220954,361523953,9,0,0,2560,15,6067492505
14572,361304620,125641,361430261,7,0,1,38400,16,9225016857
14573,361324749,151321,361476070,9,0,0,1024,15,6653054249
14574,361344020,80935,361424955,1,0,0,512,9,5225296373
14575,361456930,44492,361501422,7,0,1,73216,16,7384123257
14576,361490520,65426,361555946,1,0,0,512,9,10543513991
14577,361553589,93996,361647585,9,0,0,1536,15,10588899496
14578,361583680,85439,361669119,7,0,0,512,16,1820202939
14579,361613151,1518,361614669,4,0,1,1536,13,842805846
14580,361622850,43904,361666754,1,0,0,512,9,6512876170
14581,361678951,114296,361793247,5,0,0,75264,18,2943901670
14582,361699761,6229,361705990,4,0,1,15360,13,2035891212
14583,361717860,84609,361802469,7,0,0,3584,16,7905341226
14584,361734010,76292,361810302,7,0,0,3072,16,2902490377
14585,361759420,56435,361815855,7,0,0,1024,16,3958136905
14586,361774210,31871,361806081,1,0,1,21504,9,677837438
14587,361790741,252191,362042932,5,0,0,240640,18,6865864106
14588,361839291,4162,361843453,4,0,1,11264,13,7487588495
14589,361839720,35093,361874813,7,0,1,52224,16,9234868421
14590,361891461,13770,361905231,4,0,1,26624,13,9932262054
14591,361897870,8667,361906537,8,0,1,2048,7,5967132987
14592,361912321,362435,362274756,5,0,0,156672,18,1987696005
14593,361923590,5326,361928916,8,0,1,5632,7,6231479387
14594,361942831,4374,361947205,4,0,1,4608,13,7391325906
14595,361953820,95117,362048937,7,0,1,155136,16,9337920877
14596,361960959,229665,362190624,9,0,0,1536,15,5330429696
14597,361967599,352782,362320381,9,0,0,512,15,8518517398
14598,362014191,38932,362053123,4,0,1,6656,13,422210778
14599,362022850,32219,362055069,8,0,1,3072,7,9241088616
14600,362073011,280016,362353027,5,0,0,10752,18,2385826672
14601,362156220,51774,362207994,7,0,1,83968,16,5926325155
14602,362195250,17570,362212820,8,0,1,7680,7,4061346518
14603,362209521,5196,362214717,4,0,1,13312,13,10712210843
14604,362250610,59776,362310386,7,0,1,62464,16,110298554
14605,362251170,60804,362311974,8,0,1,15872,7,5325887528
14606,362258349,231447,362489796,9,0,0,512,15,1203939732
14607,362262681,329785,362592466,5,0,0,219648,18,9494326149
14608,362288050,36661,362324711,9,0,1,47104,15,354795345
14609,362294721,315700,362610421,5,0,0,58880,18,10682673764
14610,362376449,272161,362648610,9,0,0,512,15,704280175
14611,362404171,300642,362704813,5,0,0,67584,18,6098356399
14612,362426301,3904,362430205,0,0,1,10752,14,6537944732
14613,362442531,313803,362756334,5,0,0,151040,18,3230547223
14614,362480200,164036,362644236,7,0,0,1024,16,9964578529
14615,362487050,35571,362522621,9,0,1,62464,15,4680022289
14616,362632040,5712,362637752,8,0,1,14336,7,1214265359
14617,362698761,57596,362756357,0,0,1,28160,14,4806981470
14618,362705801,55512,362761313,4,0,1,12800,13,4584776972
14619,362721480,245200,362966680,7,0,1,338432,16,6024272537
14620,362726580,242686,362969266,8,0,1,4096,7,3941904142
14621,362765780,205752,362971532,7,0,1,3584,16,5390251808
14622,362799990,173168,362973158,8,0,1,2560,7,274587382
14623,362810071,164572,362974643,0,0,1,15360,14,4797342321
14624,362829189,131012,362960201,9,0,0,1536,15,9417232682
14625,362841450,149258,362990708,7,0,1,52224,16,7154371277
14626,362857061,255679,363112740,5,0,0,116736,18,4775479534
14627,362903900,89714,362993614,7,0,1,4608,16,7027489508
14628,362923041,71879,362994920,4,0,1,2048,13,4530257772
14629,362987440,7826,362995266,8,0,1,512,7,10523780688
14630,362990180,254613,363244793,7,0,0,2048,16,4046440953
14631,363020429,193505,363213934,9,0,0,3584,15,1602857138
14632,363073110,56314,363129424,1,0,0,512,9,6763893347
14633,363111960,191160,363303120,7,0,0,1536,16,4283389971
14634,363126801,4420,363131221,0,0,1,11776,14,8752947276
14635,363134490,3904,363138394,7,0,1,10752,16,7685502570
14636,363136391,5322,363141713,0,0,1,4096,14,8145928278
14637,363158291,2946,363161237,0,0,1,3072,14,5723868109
14638,363227651,3128,363230779,0,0,1,9216,14,10043312606
14639,363243810,53913,363297723,7,0,0,512,16,5442214458
14640,363252531,3904,363256435,0,0,1,10752,14,3366617513
14641,363274129,45596,363319725,9,0,0,1024,15,6792140168
14642,363384780,75812,363460592,9,0,1,127488,15,7806267074
14643,363390270,126779,363517049,1,0,0,512,9,10649882708
14644,363469630,70957,363540587,1,0,0,1024,9,6860474486
14645,363566461,4850,363571311,4,0,1,5120,13,1603339530
14646,363616629,47288,363663917,9,0,0,1536,15,428188345
14647,363666271,10241,363676512,0,0,1,16384,14,6279014478
14648,363669390,52397,363721787,1,0,0,2048,9,5509224305
14649,363678459,43904,363722363,9,0,0,512,15,6996476468
14650,363763331,566,363763897,0,0,1,512,14,7197056778
14651,363768590,15837,363784427,9,0,1,30720,15,4220723363
14652,363846759,56372,363903131,9,0,0,6144,15,1274637592
14653,363848570,47288,363895858,7,0,0,1536,16,4513605193
14654,363862739,43904,363906643,9,0,0,512,15,7991511490
14655,363863031,50672,363913703,5,0,0,2560,18,5047206309
14656,363965931,106652,364072583,5,0,0,50176,18,8585833294
14657,363990790,91921,364082711,7,0,0,512,16,3536280820
14658,364035619,55748,364091367,9,0,0,4096,15,3627058272
14659,364036110,70139,364106249,7,0,0,1024,16,7497098770
14660,364160191,6278,364166469,4,0,1,6656,13,3148144876
14661,364220271,108056,364328327,5,0,0,54784,18,3952157150
14662,364226909,128574,364355483,9,0,0,512,15,1150034923
14663,364234110,2470,364236580,8,0,1,2560,7,5780601248
14664,364239131,3898,364243029,4,0,1,4096,13,1103885388
14665,364293710,4850,364298560,2,0,1,5120,16,5567129487
14666,364313670,20451,364334121,8,0,1,6144,7,6770256978
14667,364346069,48673,364394742,9,0,0,1024,15,9646745045
14668,364358169,50672,364408841,9,0,0,2560,15,6576708856
14669,364381570,5454,364387024,9,0,1,13824,15,7836807023
14670,364400410,188738,364589148,9,0,1,310784,15,6113139765
14671,364437991,322020,364760011,5,0,0,78848,18,5832956005
14672,364452469,224261,364676730,9,0,0,512,15,8217773690
14673,364499931,91483,364591414,4,0,1,3584,13,7238149099
14674,364519611,478929,364998540,5,0,0,87552,18,4546315080
14675,364529291,68024,364597315,4,0,1,19968,13,1935529120
14676,364537051,434790,364971841,5,0,0,220672,18,6241307271
14677,364553600,297851,364851451,1,0,0,512,9,6834505270
14678,364638801,566,364639367,4,0,1,512,13,10332393190
14679,364650680,4850,364655530,2,0,1,5120,16,2243362976
14680,364658871,389292,365048163,5,0,0,66048,18,4719660621
14681,364673330,25446,364698776,8,0,1,46080,7,623998427
14682,364705820,181264,364887084,7,0,0,1536,16,1387748663
14683,364710010,289340,364999350,7,0,0,1024,16,9085506033
14684,364751161,307693,365058854,5,0,0,13824,18,2890315166
14685,364755300,28711,364784011,9,0,1,39936,15,7054709391
14686,364760190,24487,364784677,2,0,1,1024,16,5588591590
14687,364842740,156283,364999023,7,0,0,1536,16,9435086765
14688,364875059,124618,364999677,9,0,0,1024,15,6079825193
14689,364890841,259003,365149844,5,0,0,84480,18,2395416885
14690,364925199,123135,365048334,9,0,0,512,15,3275136114
14691,365027731,55748,365083479,5,0,0,4096,18,4368228405
14692,365058960,45596,365104556,7,0,0,1024,16,6749620718
14693,365067969,43904,365111873,9,0,0,512,15,8409368168
14694,365072170,77845,365150015,1,0,0,512,9,7446968640
14695,365076320,76846,365153166,9,0,1,129536,15,5156329351
14696,365087460,71300,365158760,9,0,1,26624,15,3566252126
14697,365136540,24806,365161346,8,0,1,4096,7,929451269
14698,365163981,566,365164547,4,0,1,512,13,795558390
14699,365220330,46988,365267318,9,0,1,81408,15,6456736466
14700,365316591,15837,365332428,4,0,1,30720,13,9747271070
14701,365338611,1518,365340129,4,0,1,1536,13,6270356462
14702,365369950,7706,365377656,9,0,1,8192,15,6873676437
14703,365377001,3898,365380899,4,0,1,4096,13,7762870773
14704,365447259,113957,365561216,9,0,0,512,15,1702858284
14705,365515560,4850,365520410,8,0,1,5120,7,5484574551
14706,365548151,82800,365630951,5,0,0,20992,18,3248823627
14707,365590471,566,365591037,4,0,1,512,13,1650420305
14708,365621569,50579,365672148,9,0,0,1536,15,2781633965
14709,365622739,61250,365683989,9,0,0,4096,15,2403162698
14710,365659671,140070,365799741,5,0,0,106496,18,281503000
14711,365675929,76798,365752727,9,0,0,512,15,9514023731
14712,365678001,6278,365684279,4,0,1,6656,13,7422235525
14713,365699050,7230,365706280,7,0,1,7680,16,8255194848
14714,365718661,566,365719227,4,0,1,512,13,8467830386
14715,365750391,1518,365751909,4,0,1,1536,13,1527725814
14716,365793121,9740,365802861,4,0,1,9216,13,5229119330
14717,365801080,103002,365904082,9,0,1,163840,15,10033486109
14718,365835930,71892,365907822,8,0,1,6144,7,7083823020
14719,365838640,64632,365903272,7,0,0,2560,16,2199609423
14720,365848979,55088,365904067,9,0,0,2560,15,526623028
14721,365854710,94535,365949245,9,0,1,140800,15,10112036889
14722,365864900,174968,366039868,7,0,0,1024,16,1742353228
14723,365873340,86837,365960177,9,0,1,35840,15,3298953994
14724,365885040,79963,365965003,7,0,1,7680,16,7040472112
14725,365932480,32869,365965349,9,0,1,512,15,5583778880
14726,365936931,228558,366165489,5,0,0,16896,18,10261726363
14727,365940289,121871,366062160,9,0,0,1536,15,7641298042
14728,365950309,91612,366041921,1,0,0,1536,9,5473533975
14729,365957180,16354,365973534,8,0,1,31744,7,9831329507
14730,365958599,100177,366058776,9,0,0,512,15,1079463664
14731,365961129,193236,366154365,9,0,0,2048,15,8096348185
14732,365977200,1042,365978242,3,0,1,1024,3,443690831
14733,365984570,3898,365988468,3,0,1,4096,3,8886340165
14734,366060240,2946,366063186,3,0,1,3072,3,8733794692
14735,366087630,5454,366093084,8,0,1,13824,7,3650151928
14736,366173180,6754,366179934,3,0,1,7168,3,5878433962
14737,366177720,12995,366190715,8,0,1,25088,7,8957748695
14738,366228080,2946,366231026,3,0,1,3072,3,4020173959
14739,366235210,133690,366368900,7,0,0,512,16,8886694079
14740,366252291,5196,366257487,4,0,1,13312,13,3392023294
14741,366263111,105618,366368729,5,0,0,20480,18,8933516973
14742,366349209,57128,366406337,9,0,0,512,15,3234826799
14743,366355110,6488,366361598,7,0,1,15872,16,7379150053
14744,366377410,2470,366379880,3,0,1,2560,3,7143583838
14745,366383750,3128,366386878,7,0,1,9216,16,4852129095
14746,366398080,73779,366471859,7,0,0,4096,16,1547845348
14747,366421520,1994,366423514,3,0,1,2048,3,2217241431
14748,366433699,4420,366438119,6,0,1,11776,12,8844446905
14749,366437600,14545,366452145,1,0,1,28160,9,7203737572
14750,366449370,12995,366462365,9,0,1,25088,15,7451480502
14751,366451510,14081,366465591,9,0,1,5120,15,429051988
14752,366505501,3422,366508923,4,0,1,3584,13,7287271119
14753,366509649,65611,366575260,1,0,0,1024,9,7851434203
14754,366570670,1518,366572188,7,0,1,1536,16,7161215626
14755,366583740,3422,366587162,8,0,1,3584,7,8146166561
14756,366603799,112519,366716318,1,0,0,3584,9,1998690763
14757,366624579,47600,366672179,1,0,0,2560,9,1742354077
14758,366626081,150290,366776371,5,0,0,29184,18,2293869684
14759,366629090,4374,366633464,9,0,1,4608,15,6123067578
14760,366637669,45596,366683265,1,0,0,1024,9,2400746567
14761,366647850,3898,366651748,9,0,1,4096,15,5665122536
14762,366714090,13253,366727343,3,0,1,25600,3,307685543
14763,366738430,566,366738996,3,0,1,512,3,9316474186
14764,366751709,98636,366850345,1,0,0,2048,9,9998516952
14765,366755690,25187,366780877,3,0,1,45568,3,4469478246
14766,366759160,81837,366840997,7,0,0,1024,16,1359985413
14767,366779200,10757,366789957,3,0,1,17408,3,4223484256
14768,366825770,3898,366829668,7,0,1,4096,16,6803859339
14769,366852490,59209,366911699,7,0,0,1024,16,7469253162
14770,366863730,2470,366866200,9,0,1,2560,15,10592597445
14771,366904740,82002,366986742,7,0,0,512,16,4299234855
14772,366973680,7706,366981386,3,0,1,8192,3,2934666900
14773,367006680,146087,367152767,1,0,0,2048,9,2765497984
14774,367008040,7230,367015270,8,0,1,7680,7,7751917055
14775,367058311,60536,367118847,5,0,0,9728,18,6257784211
14776,367087080,3898,367090978,7,0,1,4096,16,8597388852
14777,367100329,62942,367163271,9,0,0,2048,15,9772603570
14778,367114650,12995,367127645,1,0,1,25088,9,3696346164
14779,367115010,13941,367128951,7,0,1,2048,16,10658304585
14780,367174840,1042,367175882,7,0,1,1024,16,9904649688
14781,367180100,4374,367184474,8,0,1,4608,7,7013469363
14782,367187019,47288,367234307,1,0,0,1536,9,10023618030
14783,367201781,81596,367283377,5,0,0,13312,18,6145558394
14784,367246669,43904,367290573,9,0,0,512,15,6536164791
14785,367248500,1042,367249542,8,0,1,1024,7,8632121720
14786,367329791,94664,367424455,5,0,0,15872,18,8717063804
14787,367349840,57440,367407280,1,0,0,4608,9,8473948420
14788,367369521,79016,367448537,5,0,0,19968,18,1181181389
14789,367392430,3904,367396334,8,0,1,10752,7,5931057738
14790,367397891,3898,367401789,4,0,1,4096,13,3447029665
14791,367422211,125170,367547381,5,0,0,54784,18,4468346303
14792,367439220,566,367439786,3,0,1,512,3,1987993592
14793,367469580,4850,367474430,8,0,1,5120,7,10437326733
14794,367478040,4420,367482460,8,0,1,11776,7,5718153219
14795,367480160,12791,367492951,8,0,1,18432,7,3716229906
14796,367497230,2946,367500176,3,0,1,3072,3,9482535216
14797,367517829,97473,367615302,1,0,0,2048,9,3152719907
14798,367543230,56507,367599737,1,0,0,3072,9,2999501264
14799,367557941,3128,367561069,4,0,1,9216,13,3900781354
14800,367562739,80553,367643292,9,0,0,2048,15,3540780970
14801,367579499,50672,367630171,9,0,0,2560,15,8050219792
14802,367612970,2347,367615317,3,0,1,2048,3,3454553535
14803,367661490,4374,367665864,3,0,1,4608,3,6559589195
14804,367663650,4160,367667810,3,0,1,3072,3,1750513694
14805,367689960,13512,367703472,7,0,1,26112,16,7006075433
14806,367718071,129515,367847586,5,0,0,66048,18,6479607360
14807,367726271,72896,367799167,5,0,0,1024,18,7496031273
14808,367733750,7230,367740980,7,0,1,7680,16,3771174467
14809,367739390,4850,367744240,9,0,1,5120,15,3529764567
14810,367739670,6196,367745866,7,0,1,2560,16,4770378531
14811,367777880,11274,367789154,8,0,1,18432,7,1033223365
14812,367808700,3904,367812604,9,0,1,10752,15,8769335385
14813,367826421,94868,367921289,5,0,0,26624,18,596928009
14814,367832889,72674,367905563,9,0,0,2560,15,5610980188
14815,367841880,180672,368022552,7,0,0,1536,16,527705646
14816,367863640,6278,367869918,9,0,1,6656,15,8096751058
14817,367868830,4679,367873509,7,0,1,12288,16,4435876388
14818,367869270,137628,368006898,7,0,0,512,16,7790061424
14819,367890871,115856,368006727,5,0,0,80384,18,2294248062
14820,367892820,140031,368032851,1,0,0,2560,9,828457194
14821,367896030,1518,367897548,7,0,1,1536,16,1931936464
14822,367897640,60921,367958561,1,0,0,512,9,10579351847
14823,367914710,101371,368016081,7,0,0,4096,16,7800422066
14824,367950859,66290,368017149,1,0,0,2560,9,584812991
14825,368118721,5326,368124047,4,0,1,5632,13,689321022
14826,368136541,2870,368139411,4,0,1,8704,13,4605338513
14827,368141249,55636,368196885,1,0,0,1024,9,487826674
14828,368145690,3898,368149588,7,0,1,4096,16,4508102848
14829,368146290,46605,368192895,7,0,0,2048,16,10677768761
14830,368148280,368635,368516915,7,0,0,7680,16,907958234
14831,368151289,46976,368198265,9,0,0,512,15,2582756083
14832,368153779,223754,368377533,1,0,0,2048,9,7230881288
14833,368159251,355293,368514544,5,0,0,403968,18,1079516645
14834,368176080,10241,368186321,9,0,1,16384,15,3564392201
14835,368181300,6327,368187627,9,0,1,2048,15,5967565628
14836,368220560,4374,368224934,9,0,1,4608,15,291965657
14837,368237520,6229,368243749,8,0,1,15360,7,1523585158
14838,368291261,419995,368711256,5,0,0,113152,18,3023057228
14839,368332041,6754,368338795,4,0,1,7168,13,5640152643
14840,368370600,12308,368382908,9,0,1,20480,15,5842183082
14841,368373901,302864,368676765,5,0,0,203776,18,1231995354
14842,368399660,119809,368519469,8,0,1,2560,7,876781089
14843,368409301,112434,368521735,4,0,1,3584,13,1762064850
14844,368436930,359190,368796120,7,0,0,1024,16,4642505415
14845,368457959,122147,368580106,9,0,0,3072,15,10193283876
14846,368473681,322112,368795793,5,0,0,153600,18,6088822957
14847,368474740,47661,368522401,8,0,1,1024,7,10569043972
14848,368503620,19767,368523387,8,0,1,1536,7,4064560694
14849,368517711,7942,368525653,4,0,1,3584,13,4683475709
14850,368527260,1518,368528778,8,0,1,1536,7,5655904612
14851,368527391,2053,368529444,4,0,1,1024,13,440189
14852,368543481,3898,368547379,4,0,1,4096,13,8233529319
14853,368589770,2470,368592240,9,0,1,2560,15,3800680988
14854,368654160,62890,368717050,8,0,1,6144,7,4428276092
14855,368712191,210320,368922511,5,0,0,126464,18,3586152261
14856,368723190,72945,368796135,9,0,1,58368,15,3104932206
14857,368759169,163521,368922690,9,0,0,512,15,5535394987
14858,368780451,17695,368798146,4,0,1,2048,13,9398043508
14859,368904501,104098,369008599,5,0,0,23040,18,6797409096
14860,368907771,239171,369146942,5,0,0,91648,18,8352419596
14861,368934711,4937,368939648,4,0,1,12800,13,4624723160
14862,368940181,54056,368994237,5,0,0,3584,18,4142305234
14863,368943520,11791,368955311,9,0,1,19456,15,7479092053
14864,368998890,69235,369068125,1,0,0,512,9,5787886170
14865,369058250,195240,369253490,7,0,0,512,16,9306062971
14866,369072740,74685,369147425,7,0,0,1536,16,5031132706
14867,369083560,10241,369093801,3,0,1,16384,3,1434854353
14868,369087761,289460,369377221,5,0,0,232448,18,1711809124
14869,369163251,221941,369385192,5,0,0,26112,18,275521917
14870,369298291,3128,369301419,4,0,1,9216,13,5278464883
14871,369320559,141865,369462424,9,0,0,1024,15,2647530078
14872,369327740,81148,369408888,3,0,1,42496,3,3057601410
14873,369329729,148071,369477800,9,0,0,512,15,459256256
14874,369347220,64894,369412114,8,0,1,5120,7,6330063884
14875,369448820,566,369449386,8,0,1,512,7,1824566919
14876,369494621,127053,369621674,5,0,0,115200,18,8453370706
14877,369496890,1042,369497932,9,0,1,1024,15,3392144062
14878,369508499,115077,369623576,9,0,0,1536,15,10227961767
14879,369515520,107573,369623093,7,0,0,4608,16,6101465637
14880,369574481,3645,369578126,0,0,1,10240,14,9139218807
14881,369614280,12675,369626955,9,0,1,9728,15,8292349360
14882,369629429,60911,369690340,9,0,0,512,15,5925911635
14883,369631601,5196,369636797,4,0,1,13312,13,2370218315
14884,369652900,62982,369715882,7,0,0,2560,16,10616992600
14885,369691041,10499,369701540,4,0,1,16896,13,5674394014
14886,369743390,4374,369747764,8,0,1,4608,7,4779258757
14887,369745111,3904,369749015,4,0,1,10752,13,2958370054
14888,369751180,3898,369755078,3,0,1,4096,3,5046454601
14889,369828540,4850,369833390,8,0,1,5120,7,10517408004
14890,369838770,2470,369841240,9,0,1,2560,15,9383030633
14891,369932951,13770,369946721,4,0,1,26624,13,5687335751
14892,369942160,11791,369953951,8,0,1,19456,7,8875293180
14893,369949001,5616,369954617,4,0,1,1024,13,9605110034
14894,369989279,155618,370144897,1,0,0,1536,9,5921474567
14895,370064740,22950,370087690,9,0,1,37888,15,7674903060
14896,370090930,4374,370095304,1,0,1,4608,9,10286550727
14897,370103121,120582,370223703,5,0,0,10240,18,8999625884
14898,370169420,1042,370170462,3,0,1,1024,3,1457070693
14899,370172020,5971,370177991,3,0,1,14848,3,773701679
14900,370210120,3645,370213765,1,0,1,10240,9,9579794542
14901,370264510,736610,371001120,7,0,0,512,16,9490355735
14902,370313450,15321,370328771,1,0,1,29696,9,187156797
14903,370350040,6278,370356318,8,0,1,6656,7,6320179451
14904,370353031,646461,370999492,5,0,0,670208,18,30816743
14905,370368090,4679,370372769,9,0,1,12288,15,1553952760
14906,370408190,591808,370999998,7,0,0,512,16,1927442762
14907,370499261,514666,371013927,5,0,0,41984,18,2332948139
14908,370512700,15837,370528537,1,0,1,30720,9,6817634518
14909,370521751,273522,370795273,5,0,0,67584,18,5460166377
14910,370564760,6278,370571038,8,0,1,6656,7,9393214215
14911,370578900,2470,370581370,9,0,1,2560,15,1922071672
14912,370612350,153651,370766001,7,0,0,3584,16,4582978739
14913,370631421,1994,370633415,4,0,1,2048,13,8565992278
14914,370631730,5818,370637548,8,0,1,13824,7,7296576016
14915,370678340,321487,370999827,7,0,0,1024,16,5121028679
14916,370688481,11016,370699497,4,0,1,17920,13,5303897139
14917,370691849,49458,370741307,9,0,0,1536,15,3478572447
14918,370714039,286910,371000949,9,0,0,3072,15,6039999497
14919,370732610,23983,370756593,9,0,1,39936,15,9128319341
14920,370736169,277929,371014098,1,0,0,512,9,3633721010
14921,370752620,5196,370757816,1,0,1,13312,9,2802272679
14922,370770890,243699,371014589,1,0,0,1536,9,7991966850
14923,370791780,226355,371018135,8,0,1,9728,7,2306616428
14924,370831060,200252,371031312,1,0,1,23040,9,7641365013
14925,370852120,208132,371060252,7,0,0,1024,16,1805421933
14926,370893571,497720,371391291,5,0,0,348160,18,2333917738
14927,370906840,126418,371033258,8,0,1,3072,7,4944046273
14928,370929539,249277,371178816,9,0,0,1024,15,9171166746
14929,370949890,85954,371035844,9,0,1,4096,15,6808590878
14930,370959010,76988,371035998,8,0,1,8704,7,10059066322
14931,370972780,300230,371273010,1,0,0,1536,9,4476384327
14932,370986139,299057,371285196,9,0,0,5120,15,1083935719
14933,371016399,398642,371415041,9,0,0,1024,15,10208363626
14934,371021551,393163,371414714,5,0,0,76800,18,10246552243
14935,371051679,162101,371213780,9,0,0,3584,15,2187527031
14936,371089649,187657,371277306,9,0,0,512,15,7972697042
14937,371102930,4850,371107780,1,0,1,5120,9,8299712358
14938,371125150,1518,371126668,8,0,1,1536,7,7003709732
14939,371150299,97823,371248122,9,0,0,512,15,2031178985
14940,371219550,1994,371221544,1,0,1,2048,9,9574672127
14941,371296420,138767,371435187,1,0,0,512,9,2323471534
14942,371338751,87390,371426141,4,0,1,17920,13,7259218725
14943,371369170,58277,371427447,1,0,1,2048,9,10289443837
14944,371387380,40733,371428113,9,0,1,1024,15,1818088762
14945,371403190,26203,371429393,8,0,1,14336,7,4648685150
14946,371411551,20309,371431860,4,0,1,14848,13,5306912404
14947,371544141,13083,371557224,4,0,1,22016,13,9288857385
14948,371560479,81503,371641982,9,0,0,3072,15,8167562238
14949,371629210,2946,371632156,9,0,1,3072,15,1693904570
14950,371635560,2470,371638030,8,0,1,2560,7,8951938019
14951,371651160,1042,371652202,8,0,1,1024,7,2229532243
14952,371694360,12995,371707355,1,0,1,25088,9,575436151
14953,371695080,17101,371712181,1,0,1,7680,9,2450558162
14954,371698971,14836,371713807,4,0,1,2560,13,9857432963
14955,371704811,10174,371714985,4,0,1,13824,13,8272276246
14956,371716120,7706,371723826,9,0,1,8192,15,4524665302
14957,371721820,2352,371724172,8,0,1,512,7,4192128895
14958,371750640,60882,371811522,7,0,0,2560,16,3354094717
14959,371841351,3645,371844996,4,0,1,10240,13,10448230556
14960,371859830,5712,371865542,1,0,1,14336,9,3586449381
14961,371944180,5454,371949634,1,0,1,13824,9,5168848963
14962,371946910,15389,371962299,9,0,1,23552,15,10254517951
14963,371982220,6278,371988498,3,0,1,6656,3,1983860828
14964,371990070,79750,372069820,7,0,0,2048,16,7079804975
14965,372005681,112212,372117893,5,0,0,22528,18,7055648346
14966,372042991,305148,372348139,5,0,0,214016,18,8349876741
14967,372067050,11533,372078583,4,0,1,18944,13,180034366
14968,372080179,132729,372212908,1,0,0,5632,9,6554285844
14969,372087070,5196,372092266,8,0,1,13312,7,4774948463
14970,372102881,1994,372104875,4,0,1,2048,13,2598449770
14971,372106459,124280,372230739,1,0,0,1536,9,2023388700
14972,372142571,241356,372383927,5,0,0,75264,18,6122611142
14973,372182750,3904,372186654,8,0,1,10752,7,2618111140
14974,372196501,4420,372200921,4,0,1,11776,13,7787312443
14975,372252891,566,372253457,4,0,1,512,13,1540298267
14976,372335479,96269,372431748,1,0,0,512,9,8451808886
14977,372443911,105092,372549003,5,0,0,45056,18,8955276949
14978,372449850,7706,372457556,8,0,1,8192,7,962658873
14979,372504601,1518,372506119,0,0,1,1536,14,1582801632
14980,372541570,51329,372592899,7,0,0,512,16,5125242018
14981,372575251,15837,372591088,4,0,1,30720,13,7754211451
14982,372577581,18333,372595914,4,0,1,7680,13,6768727892
14983,372580869,60192,372641061,1,0,0,4096,9,3709915176
14984,372625581,11274,372636855,0,0,1,18432,14,677964328
14985,372650210,4850,372655060,8,0,1,5120,7,6487282467
14986,372672749,99160,372771909,1,0,0,1024,9,7335935174
14987,372696101,2470,372698571,0,0,1,2560,14,593979933
14988,372697630,57440,372755070,7,0,0,4608,16,6569586799
14989,372701780,93667,372795447,7,0,0,1536,16,4871111943
14990,372729479,47288,372776767,1,0,0,1536,9,1963404121
14991,372830060,5712,372835772,3,0,1,14336,3,9270589143
14992,372844029,47288,372891317,1,0,0,1536,9,3832531337
14993,372846821,5712,372852533,0,0,1,14336,14,56608253
14994,372888441,5196,372893637,0,0,1,13312,14,8825068156
14995,372961730,43904,373005634,7,0,0,512,16,8111678753
14996,373013040,3128,373016168,8,0,1,9216,7,6686519909
14997,373042580,1994,373044574,3,0,1,2048,3,7573648190
14998,373063750,1994,373065744,8,0,1,2048,7,3930829066
14999,373075011,5326,373080337,0,0,1,5632,14,2301299472
15000,373141620,3645,373145265,3,0,1,10240,3,173826038
15001,373186281,5454,373191735,0,0,1,13824,14,2160722939
15002,373205811,14287,373220098,0,0,1,27648,14,7320243408
15003,373275511,5326,373280837,0,0,1,5632,14,477675377
15004,373281131,4850,373285981,0,0,1,5120,14,7474439243
15005,373338949,43904,373382853,1,0,0,512,9,4540917070
15006,373339620,73116,373412736,7,0,0,2048,16,7324431589
15007,373380010,2470,373382480,8,0,1,2560,7,8201735268
15008,373425990,43904,373469894,7,0,0,512,16,4139183352
15009,373465119,43904,373509023,1,0,0,512,9,6528466384
15010,373479780,2946,373482726,3,0,1,3072,3,8740170558
15011,373506540,31524,373538064,9,0,1,51200,15,7009117059
15012,373534690,119194,373653884,1,0,0,512,9,7835284032
15013,373560500,72527,373633027,7,0,0,1536,16,768658390
15014,373563291,274274,373837565,5,0,0,10752,18,6976888707
15015,373577350,2946,373580296,4,0,1,3072,13,4689958603
15016,373591761,5712,373597473,0,0,1,14336,14,4854847048
15017,373601711,2946,373604657,0,0,1,3072,14,10377314107
15018,373623731,210543,373834274,5,0,0,203264,18,6383582197
15019,373626880,211012,373837892,1,0,0,1024,9,2987984509
15020,373674560,5971,373680531,9,0,1,14848,15,6259450293
15021,373680931,14117,373695048,4,0,1,24064,13,5313939378
15022,373694451,22862,373717313,0,0,1,40960,14,10394933677
15023,373791680,140045,373931725,7,0,0,1536,16,8680621571
15024,373798971,42836,373841807,0,0,1,4096,14,8323929680
15025,373845181,6278,373851459,4,0,1,6656,13,8320933632
15026,373851120,685,373851805,9,0,1,512,15,5795437176
15027,373852190,4937,373857127,3,0,1,12800,3,4030161140
15028,373855620,5369,373860989,8,0,1,5120,7,2492116368
15029,373901101,2870,373903971,0,0,1,8704,14,981095546
15030,373901630,110683,374012313,3,0,0,5120,3,9194572898
15031,373914660,191789,374106449,7,0,0,1536,16,6285404762
15032,373922330,111087,374033417,1,0,0,2048,9,8991516717
15033,373924281,1994,373926275,4,0,1,2048,13,3631260229
15034,373953051,5326,373958377,0,0,1,5632,14,6823124658
15035,373964781,186003,374150784,5,0,0,29184,18,2316948600
15036,373996481,7706,374004187,4,0,1,8192,13,5874678543
15037,374006100,95429,374101529,7,0,0,512,16,8204431928
15038,374080250,182044,374262294,3,0,0,1024,3,8044779255
15039,374083650,4420,374088070,3,0,1,11776,3,5725371458
15040,374090400,188956,374279356,3,0,0,5120,3,1048790878
15041,374095920,43904,374139824,3,0,0,512,3,3768160732
15042,374106321,4799,374111120,4,0,1,12288,13,3006382075
15043,374108330,86118,374194448,3,0,0,4608,3,1606887327
15044,374110611,2946,374113557,4,0,1,3072,13,827093834
15045,374133091,1518,374134609,4,0,1,1536,13,2328281822
15046,374233331,7706,374241037,0,0,1,8192,14,5691822795
15047,374325370,48980,374374350,7,0,0,2048,16,8352115046
15048,374326230,1518,374327748,3,0,1,1536,3,8956616311
15049,374328690,50672,374379362,3,0,0,2560,3,7234996093
15050,374336909,43904,374380813,1,0,0,512,9,668384785
15051,374372711,207775,374580486,5,0,0,217600,18,10310539524
15052,374381800,200417,374582217,7,0,0,5632,16,1482451741
15053,374392280,5971,374398251,3,0,1,14848,3,9262061181
15054,374454120,4850,374458970,8,0,1,5120,7,1846937332
15055,374455870,8246,374464116,8,0,1,8192,7,6480821740
15056,374567340,27452,374594792,8,0,1,20992,7,5285037250
15057,374577140,21518,374598658,8,0,1,6144,7,1021253200
15058,374626400,45596,374671996,7,0,0,1024,16,3571819648
15059,374636260,4850,374641110,3,0,1,5120,3,8622263012
15060,374640410,7706,374648116,8,0,1,8192,7,910559635
15061,374670710,5196,374675906,8,0,1,13312,7,6816087614
15062,374745110,45596,374790706,1,0,0,1024,9,2091395555
15063,374783670,47288,374830958,7,0,0,1536,16,4602623024
15064,374784789,66005,374850794,1,0,0,6144,9,6940265256
15065,374819300,4850,374824150,3,0,1,5120,3,9033754707
15066,374841180,5802,374846982,9,0,1,6144,15,7349989568
15067,374844220,7588,374851808,3,0,1,7680,3,4798432524
15068,374846940,67676,374914616,7,0,0,512,16,10572548844
15069,374854440,82022,374936462,7,0,0,512,16,1561963559
15070,374875461,2946,374878407,4,0,1,3072,13,4933186011
15071,374877710,6488,374884198,8,0,1,15872,7,8227833179
15072,374916500,43904,374960404,1,0,0,512,9,9753725208
15073,374954630,13083,374967713,9,0,1,22016,15,7250916473
15074,374965500,4420,374969920,9,0,1,11776,15,316379506
15075,375004040,45596,375049636,1,0,0,1024,9,4333563481
15076,375096730,5454,375102184,8,0,1,13824,7,5683242548
15077,375167491,322766,375490257,5,0,0,370176,18,6825276002
15078,375207650,163831,375371481,3,0,0,512,3,6247494515
15079,375237550,20882,375258432,8,0,1,33792,7,1683555792
15080,375273941,337587,375611528,5,0,0,104960,18,10679394902
15081,375279340,2946,375282286,3,0,1,3072,3,10649063255
15082,375291530,1042,375292572,3,0,1,1024,3,3611458932
15083,375321920,6278,375328198,3,0,1,6656,3,5093737962
15084,375324710,165890,375490600,1,0,0,1024,9,4104446350
15085,375396850,138995,375535845,3,0,0,1024,3,4116049850
15086,375400990,357097,375758087,3,0,0,4608,3,3231866315
15087,375405441,259613,375665054,5,0,0,47616,18,5447476673
15088,375410890,80911,375491801,3,0,1,1024,3,6505102107
15089,375428360,196200,375624560,1,0,0,1536,9,7090830524
15090,375445770,48688,375494458,8,0,1,9728,7,6748337962
15091,375453900,50892,375504792,8,0,1,17408,7,3441478925
15092,375456500,49060,375505560,7,0,1,11776,16,8486151540
15093,375465870,42253,375508123,9,0,1,13312,15,756690242
15094,375467330,50927,375518257,8,0,1,18432,7,9328822268
15095,375500040,174200,375674240,1,0,0,1024,9,5034964562
15096,375502241,254427,375756668,5,0,0,120320,18,3532319804
15097,375544850,15062,375559912,3,0,1,29184,3,8278362521
15098,375700500,3422,375703922,3,0,1,3584,3,6792004700
15099,375719850,50672,375770522,7,0,0,2560,16,2792984399
15100,375783870,80607,375864477,1,0,0,1536,9,8966870344
15101,375811130,566,375811696,8,0,1,512,7,8080705185
15102,375844219,12308,375856527,6,0,1,20480,12,4330200213
15103,375882549,5802,375888351,6,0,1,6144,12,9738990559
15104,375895800,13341,375909141,3,0,1,22528,3,9576440518
15105,375951011,45596,375996607,5,0,0,1024,18,10590015023
15106,375999320,43904,376043224,1,0,0,512,9,2452378333
15107,376025300,2946,376028246,3,0,1,3072,3,860789000
15108,376047630,45596,376093226,1,0,0,1024,9,8702979880
15109,376081150,54056,376135206,1,0,0,3584,9,4324582475
15110,376128240,4850,376133090,3,0,1,5120,3,8704847568
15111,376214880,4937,376219817,3,0,1,12800,3,10046106959
15112,376249659,14117,376263776,6,0,1,24064,12,2686942330
15113,376294840,12566,376307406,8,0,1,20992,7,547182720
15114,376348080,11533,376359613,3,0,1,18944,3,2671651080
15115,376393620,5802,376399422,8,0,1,6144,7,1699205487
15116,376401390,566,376401956,3,0,1,512,3,2892539893
15117,376435410,5454,376440864,8,0,1,13824,7,10322304391
15118,376488910,55748,376544658,1,0,0,4096,9,1747415302
15119,376512311,51457,376563768,5,0,0,512,18,3169974943
15120,376565921,47288,376613209,5,0,0,1536,18,8803975104
15121,376572210,1042,376573252,8,0,1,1024,7,1928757941
15122,376593201,45596,376638797,5,0,0,1024,18,2705734677
15123,376630730,4420,376635150,3,0,1,11776,3,7375781818
15124,376636290,76249,376712539,7,0,0,1024,16,3983060558
15125,376672950,55748,376728698,1,0,0,4096,9,5847887437
15126,376690250,48980,376739230,3,0,0,2048,3,6576572509
15127,376702700,56060,376758760,1,0,0,5120,9,4256066172
15128,376759820,7230,376767050,3,0,1,7680,3,8408323740
15129,376761149,8167,376769316,6,0,1,3584,12,2734508192
15130,376762169,14402,376776571,6,0,1,25600,12,3297536857
15131,376785761,47288,376833049,5,0,0,1536,18,9297790752
15132,376799740,566,376800306,8,0,1,512,7,9782836825
15133,376830840,10499,376841339,3,0,1,16896,3,4034215810
15134,376851779,5326,376857105,6,0,1,5632,12,3195566883
15135,376860950,3422,376864372,8,0,1,3584,7,9173248332
15136,376930379,12995,376943374,6,0,1,25088,12,117165631
15137,376930590,17610,376948200,8,0,1,7680,7,6246546866
15138,376930611,54552,376985163,5,0,0,1024,18,3014522816
15139,376960010,2946,376962956,3,0,1,3072,3,3111085552
15140,376960030,6145,376966175,3,0,1,13312,3,4711169261
15141,376960559,15274,376975833,6,0,1,17408,12,6719436921
15142,376961151,154976,377116127,5,0,0,1024,18,7130487783
15143,377000360,82947,377083307,3,0,0,2048,3,7984055190
15144,377001100,261417,377262517,7,0,0,1536,16,6081046090
15145,377051421,4420,377055841,4,0,1,11776,13,9864871744
15146,377098039,2946,377100985,6,0,1,3072,12,2799331952
15147,377110080,6062,377116142,9,0,1,6144,15,495604102
15148,377115310,109928,377225238,7,0,0,60928,16,5954661522
15149,377134941,47288,377182229,5,0,0,1536,18,1682944868
15150,377137730,1042,377138772,8,0,1,1024,7,4231283320
15151,377390190,43904,377434094,1,0,0,512,9,1809020678
15152,377391261,1994,377393255,4,0,1,2048,13,9917114522
15153,377456151,1994,377458145,4,0,1,2048,13,1328077255
15154,377467391,2470,377469861,4,0,1,2560,13,4188872384
15155,377477070,2870,377479940,8,0,1,8704,7,1683194741
15156,377500489,5326,377505815,6,0,1,5632,12,6201029303
15157,377502700,4741,377507441,8,0,1,2560,7,8179221965
15158,377536011,5802,377541813,4,0,1,6144,13,10324405922
15159,377538110,5009,377543119,8,0,1,2048,7,8480575354
15160,377550331,3128,377553459,4,0,1,9216,13,6084952237
15161,377564499,3387,377567886,6,0,1,9728,12,2638044709
15162,377570211,1994,377572205,4,0,1,2048,13,4347481531
15163,377665050,238951,377904001,3,0,0,3584,3,5113999579
15164,377673740,229154,377902894,7,0,0,224256,16,2910157255
15165,377717271,5326,377722597,4,0,1,5632,13,1724006553
15166,377813071,2470,377815541,4,0,1,2560,13,3686352193
15167,377813841,90510,377904351,5,0,0,1024,18,8002912777
15168,377814121,89895,377904016,4,0,1,57856,13,8825505804
15169,377872820,80181,377953001,1,0,0,1024,9,4058366823
15170,377912281,45596,377957877,5,0,0,1024,18,2921414338
15171,377928689,5802,377934491,6,0,1,6144,12,1976285968
15172,377954030,91160,378045190,7,0,0,12800,16,5333474783
15173,377959110,4850,377963960,8,0,1,5120,7,1270872156
15174,377960180,44443,378004623,3,0,0,512,3,8910215353
15175,377995280,132788,378128068,7,0,0,56832,16,8961847207
15176,378056880,77410,378134290,3,0,0,512,3,5311826747
15177,378061830,7230,378069060,9,0,1,7680,15,8802893560
15178,378068300,204797,378273097,7,0,0,45568,16,8046830677
15179,378080050,15321,378095371,8,0,1,29696,7,815915732
15180,378089290,10267,378099557,8,0,1,6656,7,8918221578
15181,378143030,108773,378251803,1,0,0,512,9,7524693446
15182,378194401,4162,378198563,4,0,1,11264,13,5413822247
15183,378294560,156361,378450921,7,0,0,76800,16,4589314847
15184,378309880,45596,378355476,1,0,0,1024,9,5550321698
15185,378337360,329592,378666952,7,0,0,300032,16,9417518973
15186,378354220,3422,378357642,3,0,1,3584,3,10277510037
15187,378358030,6488,378364518,3,0,1,15872,3,2298880493
15188,378360740,306735,378667475,3,0,0,1536,3,940282038
15189,378436510,20205,378456715,8,0,1,6144,7,2634796884
15190,378500320,211405,378711725,7,0,0,125952,16,5190082743
15191,378525880,1994,378527874,8,0,1,2048,7,5292260886
15192,378599220,71160,378670380,8,0,1,3072,7,410011456
15193,378606460,159936,378766396,7,0,0,22016,16,6819070834
15194,378630980,80760,378711740,8,0,1,16384,7,3375804071
15195,378643851,67904,378711755,4,0,1,4096,13,6909063630
15196,378649770,108292,378758062,7,0,0,14336,16,4827959334
15197,378690110,150855,378840965,7,0,0,56320,16,7074995877
15198,378781670,162118,378943788,7,0,0,83968,16,8478370184
15199,378797900,10757,378808657,3,0,1,17408,3,2777815436
15200,378800090,110001,378910091,1,0,0,2560,9,8621592450
15201,378801881,99564,378901445,5,0,0,512,18,10134164465
15202,378806720,5163,378811883,9,0,1,5120,15,9441282164
15203,378837100,17715,378854815,9,0,1,23552,15,183651817
15204,378875691,3645,378879336,4,0,1,10240,13,6065745544
15205,378889171,79486,378968657,5,0,0,2560,18,9045364635
15206,378913431,30372,378943803,4,0,1,15872,13,5452857415
15207,378989929,6488,378996417,6,0,1,15872,12,884867614
15208,378990940,56238,379047178,1,0,0,3072,9,4500289617
15209,378999780,48980,379048760,1,0,0,2048,9,4446548079
15210,379035840,2946,379038786,9,0,1,3072,15,1435870768
15211,379051300,163368,379214668,1,0,0,5632,9,567362523
15212,379068510,126657,379195167,1,0,0,1024,9,4167894121
15213,379087680,5802,379093482,9,0,1,6144,15,1722301594
15214,379091900,4162,379096062,9,0,1,11264,15,10294703784
15215,379110831,4850,379115681,4,0,1,5120,13,1366040991
15216,379171780,46613,379218393,1,0,0,512,9,1315116248
15217,379212290,50672,379262962,3,0,0,2560,3,1383597123
15218,379244640,45596,379290236,3,0,0,1024,3,1448298952
15219,379259730,3904,379263634,3,0,1,10752,3,6512851058
15220,379261741,47288,379309029,5,0,0,1024,18,5517533562
15221,379279191,1042,379280233,4,0,1,1024,13,1961892536
15222,379302000,45596,379347596,3,0,0,1024,3,2679386662
15223,379315061,13253,379328314,4,0,1,25600,13,9292950592
15224,379327040,4162,379331202,3,0,1,11264,3,835919821
15225,379345910,255320,379601230,3,0,0,3584,3,6133728952
15226,379355270,83486,379438756,3,0,0,2560,3,9755641012
15227,379366210,145624,379511834,3,0,0,1024,3,676038723
15228,379426861,10499,379437360,4,0,1,16896,13,5275477643
15229,379443140,53846,379496986,3,0,0,1024,3,6116312150
15230,379447811,3422,379451233,4,0,1,3584,13,2825110165
15231,379451390,52364,379503754,1,0,0,3072,9,5922304720
15232,379456630,230622,379687252,7,0,0,40960,16,9331656804
15233,379475510,4420,379479930,3,0,1,11776,3,5619512528
15234,379483139,5326,379488465,6,0,1,5632,12,2826019822
15235,379493990,165002,379658992,7,0,0,8704,16,9746902202
15236,379556900,5326,379562226,3,0,1,5632,3,5567451436
15237,379564710,49136,379613846,3,0,0,2560,3,4093912413
15238,379568980,54056,379623036,3,0,0,3584,3,5497564935
15239,379578830,3422,379582252,3,0,1,3584,3,7593454464
15240,379653190,5817,379659007,3,0,1,4096,3,10016240486
15241,379699510,45596,379745106,1,0,0,1024,9,8212972819
15242,379708830,13341,379722171,7,0,1,22528,16,6546005897
15243,379725659,13512,379739171,6,0,1,26112,12,5976849748
15244,379739001,73397,379812398,5,0,0,512,18,739975282
15245,379742010,3904,379745914,1,0,1,10752,9,10394809110
15246,379781880,258972,380040852,7,0,0,199168,16,7164192214
15247,379817410,81064,379898474,3,0,0,1024,3,552462709
15248,379826650,12825,379839475,1,0,1,21504,9,8774233208
15249,379843690,197685,380041375,3,0,0,1536,3,1002398793
15250,379847890,13253,379861143,3,0,1,25600,3,4920418952
15251,379901160,7706,379908866,5,0,1,8192,18,2646326863
15252,379904030,137828,380041858,1,0,0,1536,9,8217418635
15253,379909290,3128,379912418,3,0,1,9216,3,4672828486
15254,379960260,13512,379973772,1,0,1,26112,9,3679668831
15255,379983981,173666,380157647,5,0,0,512,18,3587957394
15256,379984440,67876,380052316,1,0,1,16896,9,9982806896
15257,379990270,113586,380103856,1,0,0,1536,9,7011640021
15258,379995970,57652,380053622,1,0,1,2048,9,8015938825
15259,380008240,45638,380053878,1,0,1,9216,9,2164785598
15260,380050639,7425,380058064,6,0,1,6656,12,2196215508
15261,380053810,279391,380333201,7,0,0,176128,16,3614016933
15262,380081680,566,380082246,3,0,1,512,3,1805581849
15263,380129950,1994,380131944,1,0,1,2048,9,5109614282
15264,380151990,84072,380236062,3,0,0,8704,3,9346564023
15265,380172899,13858,380186757,6,0,1,23552,12,7354733474
15266,380210470,124158,380334628,1,0,0,4608,9,6150505742
15267,380230000,2946,380232946,3,0,1,3072,3,9790456526
15268,380275760,59671,380335431,1,0,0,2560,9,173524865
15269,380288609,47347,380335956,6,0,1,512,12,158589670
15270,380316720,23505,380340225,1,0,1,12288,9,4611765106
15271,380344409,3904,380348313,6,0,1,10752,12,9974953523
15272,380350771,4937,380355708,0,0,1,12800,14,8368284737
15273,380434110,1518,380435628,3,0,1,1536,3,2525515575
15274,380437460,47288,380484748,3,0,0,1536,3,5754801590
15275,380446570,6278,380452848,1,0,1,6656,9,6555950752
15276,380461600,156759,380618359,7,0,0,121344,16,6116263018
15277,380483860,5712,380489572,1,0,1,14336,9,2097820454
15278,380488181,45700,380533881,5,0,0,1024,18,7312367221
15279,380489451,3422,380492873,0,0,1,3584,14,4728790671
15280,380548091,11791,380559882,0,0,1,19456,14,2145478180
15281,380587259,36936,380624195,6,0,1,6144,12,7110779450
15282,380611501,14320,380625821,0,0,1,2560,14,7287393064
15283,380614790,28688,380643478,1,0,1,36864,9,5624648491
15284,380638701,21141,380659842,4,0,1,34304,13,2733403303
15285,380640600,19908,380660508,3,0,1,1024,3,1730785924
15286,380690761,5454,380696215,0,0,1,13824,14,4943457057
15287,380733179,21658,380754837,6,0,1,35328,12,225674150
15288,380745671,26479,380772150,4,0,1,48128,13,5932768492
15289,380747411,29565,380776976,0,0,1,7680,14,4370007534
15290,380759641,18718,380778359,0,0,1,14848,14,6721333930
15291,380765811,19064,380784875,4,0,1,31232,13,6038468455
15292,380767760,74935,380842695,1,0,0,1536,9,4275334910
15293,380786201,57601,380843802,5,0,0,3584,18,3751815491
15294,380851690,156591,381008281,7,0,0,74240,16,8299445433
15295,380868600,281425,381150025,3,0,0,3584,3,1249404882
15296,380879360,1518,380880878,1,0,1,1536,9,6485647341
15297,380908160,211327,381119487,3,0,0,3584,3,3459949788
15298,380952689,14117,380966806,6,0,1,24064,12,2957191259
15299,380992149,19112,381011261,6,0,1,3072,12,7994477134
15300,380997220,54982,381052202,1,0,0,512,9,6329330936
15301,381007421,5217,381012638,0,0,1,9728,14,153448557
15302,381070030,45596,381115626,1,0,0,1024,9,9565057073
15303,381078860,234894,381313754,7,0,0,65024,16,7905316980
15304,381086981,4374,381091355,0,0,1,4608,14,8541524352
15305,381100200,166081,381266281,7,0,0,17408,16,9766821867
15306,381118790,49669,381168459,7,0,0,2048,16,8959670915
15307,381130159,1994,381132153,6,0,1,2048,12,4787031782
15308,381147591,11274,381158865,4,0,1,18432,13,2513296953
15309,381163841,4633,381168474,0,0,1,11776,14,6598716965
15310,381195180,118753,381313933,1,0,0,512,9,1967648533
15311,381208391,2470,381210861,4,0,1,2560,13,4270273411
15312,381209230,4679,381213909,3,0,1,12288,3,346490609
15313,381209340,16508,381225848,1,0,1,21504,9,1981098893
15314,381219601,8513,381228114,0,0,1,3584,14,8145452370
15315,381259990,22862,381282852,1,0,1,40960,9,7698774470
15316,381260361,22850,381283211,4,0,1,9728,13,40455503
15317,381284260,3422,381287682,3,0,1,3584,3,2328770365
15318,381302851,13511,381316362,0,0,1,2560,14,6239333250
15319,381377000,115565,381492565,3,0,0,1536,3,2580481755
15320,381387721,4162,381391883,4,0,1,11264,13,5762001647
15321,381412470,22691,381435161,3,0,1,37376,3,1811559004
15322,381459910,3422,381463332,3,0,1,3584,3,2486405518
15323,381565599,2946,381568545,6,0,1,3072,12,972532251
15324,381648090,74477,381722567,1,0,0,1536,9,5257198617
15325,381691229,14117,381705346,6,0,1,24064,12,2406676008
15326,381695571,11401,381706972,4,0,1,2560,13,9953583987
15327,381831020,4850,381835870,3,0,1,5120,3,3507778178
15328,381847061,5802,381852863,4,0,1,6144,13,10271568244
15329,381901729,566,381902295,6,0,1,512,12,3571435708
15330,381947771,43904,381991675,5,0,0,512,18,9601788520
15331,382043081,45596,382088677,5,0,0,1024,18,2267347636
15332,382045830,66385,382112215,3,0,0,1536,3,7308135321
15333,382107941,2870,382110811,0,0,1,8704,14,5695443229
15334,382169330,45596,382214926,1,0,0,1024,9,8620335829
15335,382171119,4850,382175969,6,0,1,5120,12,2642624426
15336,382194970,43904,382238874,7,0,0,512,16,4716324642
15337,382222171,45596,382267767,5,0,0,1024,18,1649319469
15338,382235060,52861,382287921,7,0,0,512,16,10001397640
15339,382244630,58233,382302863,3,0,0,3072,3,7802847571
15340,382246080,11791,382257871,9,0,1,19456,15,1770563412
15341,382264630,13341,382277971,5,0,1,22528,18,7274835739
15342,382303820,64483,382368303,3,0,0,1536,3,10594233386
15343,382345209,3422,382348631,6,0,1,3584,12,289949728
15344,382392621,43904,382436525,5,0,0,512,18,4104699194
15345,382441329,3898,382445227,6,0,1,4096,12,1847868628
15346,382441751,134281,382576032,5,0,0,512,18,425698349
15347,382445581,45596,382491177,5,0,0,1024,18,4838575968
15348,382466740,15062,382481802,5,0,1,29184,18,8664610848
15349,382482191,4162,382486353,0,0,1,11264,14,4377838134
15350,382489830,47288,382537118,7,0,0,1536,16,6716651946
15351,382537451,1994,382539445,0,0,1,2048,14,4364700312
15352,382540591,25446,382566037,0,0,1,46080,14,28162533
15353,382546440,25703,382572143,9,0,1,20992,15,4843772347
15354,382551330,62507,382613837,3,0,0,5120,3,755931854
15355,382559529,17901,382577430,6,0,1,25088,12,5372704188
15356,382586990,82398,382669388,7,0,0,1536,16,7301673282
15357,382657650,47288,382704938,7,0,0,1536,16,10443702801
15358,382678271,24242,382702513,0,0,1,40448,14,7417912434
15359,382697849,4818,382702667,6,0,1,8704,12,1673519084
15360,382722961,69519,382792480,5,0,0,3072,18,6147704454
15361,382732650,43904,382776554,7,0,0,512,16,8673937425
15362,382738129,3422,382741551,6,0,1,3584,12,4555269681
15363,382742870,2870,382745740,5,0,1,8704,18,1642564876
15364,382752250,60051,382812301,1,0,0,2048,9,6357788748
15365,382752861,21141,382774002,0,0,1,34304,14,9789205238
15366,382753600,23628,382777228,5,0,1,5120,18,6640835301
15367,382761241,76709,382837950,5,0,0,3584,18,9262092937
15368,382809270,3904,382813174,9,0,1,10752,15,2507541416
15369,382864380,225823,383090203,7,0,0,169984,16,1338214645
15370,382875530,6278,382881808,9,0,1,6656,15,2639040768
15371,382877221,13469,382890690,0,0,1,22016,14,2804788607
15372,383003520,89522,383093042,7,0,0,9216,16,2196131377
15373,383050221,122038,383172259,5,0,0,14848,18,306952329
15374,383055711,183016,383238727,5,0,0,71680,18,3863838553
15375,383113771,155764,383269535,5,0,0,50176,18,6397782812
15376,383123790,7230,383131020,9,0,1,7680,15,1018824124
15377,383159450,163012,383322462,7,0,0,53248,16,8419052094
15378,383160060,146155,383306215,7,0,0,69120,16,8168558264
15379,383171909,4240,383176149,6,0,1,4096,12,2474030184
15380,383176350,566,383176916,5,0,1,512,18,7954935920
15381,383226000,194541,383420541,7,0,0,27136,16,1703616811
15382,383229421,249278,383478699,5,0,0,40448,18,5764077302
15383,383262960,19562,383282522,9,0,1,25088,15,9325719148
15384,383287931,48090,383336021,0,0,1,23040,14,6095384262
15385,383334900,126462,383461362,1,0,0,3584,9,5824427960
15386,383353060,165252,383518312,3,0,0,2560,3,2814214758
15387,383354440,10499,383364939,9,0,1,16896,15,174163554
15388,383518591,3422,383522013,0,0,1,3584,14,7227738367
15389,383522979,5802,383528781,6,0,1,6144,12,1835282801
15390,383529539,12566,383542105,6,0,1,20992,12,10511878761
15391,383563290,5712,383569002,5,0,1,14336,18,8391673539
15392,383566300,47003,383613303,3,0,0,1024,3,6027179341
15393,383616120,5802,383621922,5,0,1,6144,18,2907777746
15394,383667650,6278,383673928,9,0,1,6656,15,6543038115
15395,383684400,10499,383694899,9,0,1,16896,15,910692447
15396,383696240,13083,383709323,9,0,1,22016,15,9385306180
15397,383708581,4374,383712955,0,0,1,4608,14,6593277333
15398,383763130,47288,383810418,7,0,0,1536,16,7766706977
15399,383838220,5712,383843932,9,0,1,14336,15,6834476124
15400,383860150,2946,383863096,9,0,1,3072,15,6323829171
15401,383862889,12825,383875714,6,0,1,21504,12,1606852452
15402,383875800,2946,383878746,9,0,1,3072,15,10067333702
15403,383885130,2946,383888076,9,0,1,3072,15,496545050
15404,383905060,208745,384113805,7,0,0,13312,16,1311619367
15405,383910861,277110,384187971,5,0,0,33792,18,8031567097
15406,383912830,460499,384373329,1,0,0,247808,9,8970774253
15407,383966161,450910,384417071,5,0,0,143360,18,9796034597
15408,383975631,12308,383987939,0,0,1,20480,14,2527643029
15409,383991780,5326,383997106,9,0,1,5632,15,4235753466
15410,384004650,566,384005216,5,0,1,512,18,4757482371
15411,384005620,428626,384434246,1,0,0,56320,9,10196952030
15412,384039379,3128,384042507,6,0,1,9216,12,1857256059
15413,384039450,490259,384529709,1,0,0,3584,9,974823975
15414,384040140,459821,384499961,1,0,0,215552,9,4220082977
15415,384048701,6754,384055455,0,0,1,7168,14,4625199710
15416,384102220,4679,384106899,5,0,1,12288,18,7659735376
15417,384107720,10757,384118477,9,0,1,17408,15,9701051650
15418,384182649,8959,384191608,6,0,1,10240,12,3685202918
15419,384191060,75163,384266223,3,0,0,1024,3,6206355668
15420,384206720,1518,384208238,5,0,1,1536,18,10290669632
15421,384246290,282296,384528586,1,0,0,93696,9,9071326409
15422,384277070,4937,384282007,9,0,1,12800,15,10427489790
15423,384290610,426204,384716814,7,0,0,160768,16,5373722400
15424,384294450,78894,384373344,9,0,1,4096,15,2128474724
15425,384303439,196545,384499984,6,0,1,6656,12,2439282071
15426,384305050,194957,384500007,9,0,1,16384,15,10154111780
15427,384345390,198518,384543908,3,0,0,1024,3,8877258663
15428,384363431,256974,384620405,5,0,0,24576,18,932834370
15429,384380120,351849,384731969,1,0,0,49664,9,7668888345
15430,384430640,145104,384575744,7,0,0,9728,16,3711024543
15431,384442930,353111,384796041,7,0,0,51200,16,4084380211
15432,384480020,53462,384533482,9,0,1,12800,15,188718277
15433,384482401,51747,384534148,0,0,1,1024,14,3727559775
15434,384526510,12090,384538600,5,0,1,6144,18,1419032903
15435,384566470,13858,384580328,9,0,1,23552,15,6726894446
15436,384596101,284146,384880247,5,0,0,20992,18,5494402071
15437,384634370,4679,384639049,5,0,1,12288,18,1787537554
15438,384645251,135175,384780426,5,0,0,58880,18,9848782518
15439,384670660,153662,384824322,7,0,0,2560,16,3085721763
15440,384704770,30319,384735089,9,0,1,9216,15,1755289781
15441,385069980,14117,385084097,1,0,1,24064,9,9580488644
15442,385193320,4850,385198170,5,0,1,5120,18,4148047993
15443,385222060,103688,385325748,1,0,0,40448,9,3490506725
15444,385310130,1042,385311172,2,0,1,1024,16,8535235477
15445,385326650,116166,385442816,1,0,0,76288,9,6467369747
15446,385428170,18536,385446706,9,0,1,4096,15,3858905486
15447,385604160,12566,385616726,2,0,1,20992,16,2108699070
15448,385639591,2870,385642461,0,0,1,8704,14,1850527569
15449,385678960,110552,385789512,7,0,0,62976,16,481674602
15450,385730290,288672,386018962,7,0,0,76288,16,9582304980
15451,385738320,6754,385745074,2,0,1,7168,16,10631281035
15452,385752230,238133,385990363,7,0,0,261120,16,3852722866
15453,385772760,21135,385793895,8,0,1,4608,7,6812859027
15454,385775711,214831,385990542,2,0,0,512,16,10633352702
15455,385808920,277008,386085928,7,0,0,68096,16,802323634
15456,385810000,2470,385812470,5,0,1,2560,18,6890459432
15457,385817110,1994,385819104,1,0,1,2048,9,1379706708
15458,385868560,2870,385871430,8,0,1,8704,7,593112090
15459,385901620,1042,385902662,8,0,1,1024,7,9033925888
15460,385907721,223801,386131522,5,0,0,55296,18,8666227875
15461,385931010,61535,385992545,2,0,1,2048,16,5264588122
15462,385948821,236865,386185686,5,0,0,2560,18,9750344616
15463,385948830,44381,385993211,1,0,1,1024,9,10432463427
15464,385996251,275783,386272034,5,0,0,1024,18,9126420849
15465,386000860,21558,386022418,5,0,1,3584,18,4432600957
15466,386017120,254563,386271683,1,0,0,125952,9,9980731679
15467,386032560,122830,386155390,1,0,0,2560,9,2823610329
15468,386037240,20624,386057864,5,0,1,33280,18,5485232852
15469,386060270,3422,386063692,5,0,1,3584,18,7457284898
15470,386090121,231592,386321713,5,0,0,3072,18,4285511489
15471,386090740,2870,386093610,2,0,1,8704,16,3018231129
15472,386113760,17777,386131537,5,0,1,3584,18,10370096426
15473,386122860,331164,386454024,7,0,0,220160,16,4312472410
15474,386128950,5074,386134024,3,0,1,2560,3,6508818271
15475,386195330,3387,386198717,1,0,1,9728,9,15348769
15476,386217640,11533,386229173,5,0,1,18944,18,8473683689
15477,386239090,37277,386276367,2,0,1,4608,16,4946056780
15478,386262070,16523,386278593,8,0,1,13312,7,2254096321
15479,386269990,8949,386278939,1,0,1,512,9,4359202241
15480,386276160,6348,386282508,1,0,1,5120,9,378486270
15481,386341180,198933,386540113,1,0,0,102400,9,2100800162
15482,386366230,1994,386368224,8,0,1,2048,7,5802237040
15483,386373080,80959,386454039,1,0,1,29696,9,6084929517
15484,386441430,18572,386460002,8,0,1,14848,7,5811051287
15485,386508450,31678,386540128,1,0,1,2560,9,1176457629
15486,386515790,109154,386624944,7,0,0,13824,16,7323488836
15487,386552760,15837,386568597,5,0,1,30720,18,10179199880
15488,386583950,177484,386761434,1,0,0,38400,9,9226484122
15489,386652181,43904,386696085,5,0,0,512,18,2881077102
15490,386729920,5454,386735374,5,0,1,13824,18,8476188472
15491,386738260,23189,386761449,8,0,1,25600,7,499172672
15492,386759270,7497,386766767,5,0,1,5632,18,3711401809
15493,386780340,22174,386802514,5,0,1,36352,18,392823793
15494,386788320,16460,386804780,1,0,1,3584,9,5342886664
15495,386807550,259682,387067232,7,0,0,123904,16,2173672001
15496,386838620,5326,386843946,8,0,1,5632,7,5578939928
15497,386849430,333415,387182845,7,0,0,133632,16,7484770045
15498,386888530,12308,386900838,1,0,1,20480,9,9907045487
15499,386889460,93208,386982668,1,0,0,7680,9,6251984607
15500,386892931,51523,386944454,5,0,0,1024,18,1907628280
15501,386959020,6278,386965298,8,0,1,6656,7,6206790254
15502,386984130,224634,387208764,1,0,0,84992,9,3952326471
15503,386996110,1042,386997152,1,0,1,1024,9,4161937403
15504,387032800,37863,387070663,1,0,1,3584,9,5847109816
15505,387067091,4878,387071969,0,0,1,2048,14,10318368378
15506,387095570,4679,387100249,1,0,1,12288,9,6977800872
15507,387096870,265731,387362601,1,0,0,127488,9,1592879360
15508,387110990,3898,387114888,1,0,1,4096,9,1726042199
15509,387113370,186168,387299538,1,0,0,55296,9,267111514
15510,387158630,51636,387210266,7,0,1,1536,16,6582105737
15511,387166140,201171,387367311,7,0,0,14336,16,7093510488
15512,387189080,22172,387211252,1,0,1,1536,9,6329500602
15513,387191391,20527,387211918,0,0,1,1024,14,2838206465
15514,387201870,10394,387212264,1,0,1,512,9,9092181193
15515,387279081,83847,387362928,5,0,0,1024,18,5344471227
15516,387344371,75296,387419667,5,0,0,3072,18,7522942123
15517,387361280,7566,387368846,1,0,1,1536,9,6681750586
15518,387395320,4850,387400170,1,0,1,5120,9,6696025068
15519,387424740,566,387425306,5,0,1,512,18,10387437341
15520,387435330,4420,387439750,1,0,1,11776,9,8716354342
15521,387437750,6067,387443817,1,0,1,5120,9,6432255891
15522,387443250,230530,387673780,1,0,0,141312,9,9215359111
15523,387448500,2870,387451370,1,0,1,8704,9,2452671303
15524,387459021,127811,387586832,5,0,0,1536,18,10257403417
15525,387498221,83625,387581846,5,0,0,1536,18,466482127
15526,387515530,5454,387520984,5,0,1,13824,18,9480922582
15527,387631450,106242,387737692,1,0,0,10752,9,8123915408
15528,387688190,1518,387689708,5,0,1,1536,18,5422710344
15529,387736970,7202,387744172,5,0,1,15872,18,9446925331
15530,387738710,6768,387745478,1,0,1,2048,9,7813229
15531,387777160,105560,387882720,1,0,0,46592,9,6192471031
15532,387817570,134432,387952002,1,0,0,40960,9,4796553447
15533,387889051,7230,387896281,0,0,1,7680,14,2239662614
15534,387898610,3645,387902255,5,0,1,10240,18,1548612823
15535,387899401,6798,387906199,0,0,1,11776,14,10376171056
15536,387909011,5971,387914982,0,0,1,14848,14,7592278983
15537,387923739,319869,388243608,1,0,0,121344,9,8169388510
15538,387963600,4420,387968020,1,0,1,11776,9,7488898885
15539,387963770,7887,387971657,1,0,1,11776,9,4753210573
15540,387974130,112776,388086906,7,0,0,49664,16,3762275542
15541,387987871,3898,387991769,0,0,1,4096,14,3211681047
15542,388029730,372451,388402181,7,0,0,203264,16,9666991246
15543,388081940,213418,388295358,7,0,0,12800,16,9119070637
15544,388127650,7230,388134880,5,0,1,7680,18,10262753751
15545,388164300,2946,388167246,5,0,1,3072,18,4487672958
15546,388195779,231697,388427476,1,0,0,82944,9,6249740406
15547,388227690,103626,388331316,7,0,0,8704,16,2095539641
15548,388276900,216374,388493274,7,0,0,145920,16,4873722404
15549,388292950,2966,388295916,5,0,1,512,18,9177084917
15550,388356819,82407,388439226,6,0,1,19456,12,2551571662
15551,388449910,137937,388587847,1,0,0,25600,9,5843822209
15552,388464750,139648,388604398,1,0,0,54272,9,8736553981
15553,388718140,6278,388724418,1,0,1,6656,9,835977710
15554,388793481,1042,388794523,4,0,1,1024,13,8174165556
15555,388815431,566,388815997,4,0,1,512,13,3932171566
15556,388928560,115076,389043636,1,0,0,77824,9,5702430079
15557,388944440,4937,388949377,5,0,1,12800,18,4693143959
15558,388966850,11016,388977866,2,0,1,17920,16,9401099747
15559,389042221,14232,389056453,4,0,1,21504,13,9221365711
15560,389065040,1518,389066558,4,0,1,1536,13,8110249811
15561,389069730,1518,389071248,5,0,1,1536,18,4404438570
15562,389077060,2946,389080006,1,0,1,3072,9,1310002066
15563,389107950,11533,389119483,1,0,1,18944,9,6387650591
15564,389126070,11274,389137344,1,0,1,18432,9,3059850741
15565,389141040,171460,389312500,1,0,0,58368,9,2351040548
15566,389181030,5326,389186356,5,0,1,5632,18,9832839309
15567,389238180,136116,389374296,1,0,0,88064,9,9706145497
15568,389314660,156092,389470752,1,0,0,104960,9,9227606688
15569,389318570,3422,389321992,5,0,1,3584,18,4485572431
15570,389370160,9454,389379614,8,0,1,5632,7,5376859065
15571,389440950,199965,389640915,1,0,0,42496,9,19303780
15572,389470430,157522,389627952,1,0,0,54784,9,6360279638
15573,389546600,6488,389553088,5,0,1,15872,18,2391701325
15574,389564140,77414,389641554,1,0,0,2048,9,4330377619
15575,389654090,1042,389655132,1,0,1,1024,9,3912126125
15576,389670270,566,389670836,5,0,1,512,18,9812486276
15577,389674600,5454,389680054,5,0,1,13824,18,2417981564
15578,389691630,21399,389713029,1,0,1,34816,9,10209490598
15579,389831560,14545,389846105,5,0,1,28160,18,10027542640
15580,389926150,5454,389931604,5,0,1,13824,18,7520801901
15581,389932780,92864,390025644,1,0,0,25088,9,9511767463
15582,389939570,4679,389944249,5,0,1,12288,18,5156561229
15583,390045380,140681,390186061,1,0,0,49152,9,4637243707
15584,390158340,188564,390346904,1,0,0,157696,9,3259740287
15585,390171331,176056,390347387,5,0,0,1536,18,3095958920
15586,390181090,10442,390191532,5,0,1,13824,18,5335077516
15587,390193691,154202,390347893,5,0,0,512,18,1732044038
15588,390213160,24242,390237402,3,0,1,40448,3,8387169760
15589,390252421,95301,390347722,5,0,0,1024,18,4788853253
15590,390292301,94864,390387165,5,0,0,4096,18,8808431508
15591,390343670,5700,390349370,3,0,1,1536,3,604328217
15592,390353980,114452,390468432,1,0,0,75776,9,8192248023
15593,390383360,202491,390585851,1,0,0,4608,9,9054059786
15594,390388701,82029,390470730,5,0,0,1536,18,3244686816
15595,390506210,12049,390518259,9,0,1,19968,15,10618436727
15596,390569000,5196,390574196,3,0,1,13312,3,5077416189
15597,390686430,1994,390688424,3,0,1,2048,3,4572659005
15598,390819220,16096,390835316,5,0,1,31232,18,42486417
15599,390861890,5712,390867602,3,0,1,14336,3,347396799
15600,390880420,5326,390885746,3,0,1,5632,3,7144512186
15601,390963221,78212,391041433,5,0,0,1024,18,2545890835
15602,391046191,99713,391145904,5,0,0,512,18,7142156512
15603,391143300,4850,391148150,3,0,1,5120,3,448968793
15604,391309211,47288,391356499,5,0,0,1536,18,6394863249
15605,391414980,5802,391420782,5,0,1,6144,18,3134744200
15606,391417930,11016,391428946,3,0,1,17920,3,895000455
15607,391529900,111644,391641544,1,0,0,66560,9,1293634801
15608,391552570,20882,391573452,7,0,1,33792,16,6503315538
15609,391563390,12648,391576038,2,0,1,4096,16,4345727977
15610,391585830,6278,391592108,3,0,1,6656,3,6497650741
15611,391608970,1518,391610488,5,0,1,1536,18,9076530188
15612,391624840,168281,391793121,1,0,0,66048,9,1484496042
15613,391760980,566,391761546,3,0,1,512,3,5301588240
15614,391815890,1994,391817884,8,0,1,2048,7,10670950577
15615,391837180,1518,391838698,8,0,1,1536,7,6649686850
15616,391850710,4679,391855389,5,0,1,12288,18,10093958834
15617,391853620,6595,391860215,1,0,1,14336,9,1046148945
15618,391890249,101192,391991441,1,0,0,32256,9,7042128288
15619,391927900,1042,391928942,1,0,1,1024,9,1730265882
15620,391936160,13341,391949501,4,0,1,22528,13,2072472499
15621,392009910,3422,392013332,3,0,1,3584,3,4005611670
15622,392044140,566,392044706,3,0,1,512,3,10426024741
15623,392053270,4162,392057432,1,0,1,11264,9,1538554910
15624,392103450,4679,392108129,5,0,1,12288,18,8436066724
15625,392123230,5712,392128942,8,0,1,14336,7,9009085854
15626,392177461,50672,392228133,5,0,0,2560,18,4879761218
15627,392288310,4850,392293160,3,0,1,5120,3,6686579128
15628,392420020,5454,392425474,1,0,1,13824,9,7955112992
15629,392440220,13770,392453990,8,0,1,26624,7,5801087363
15630,392582021,83387,392665408,5,0,0,1024,18,7004386622
15631,392594069,5454,392599523,6,0,1,13824,12,9286655297
15632,392594380,254110,392848490,1,0,0,55808,9,2857620000
15633,392651009,62384,392713393,1,0,0,10752,9,2536702164
15634,392666741,78801,392745542,5,0,0,4608,18,2215894632
15635,392677449,3904,392681353,6,0,1,10752,12,5209580351
15636,392677921,81744,392759665,5,0,0,4096,18,3991431451
15637,392699450,6229,392705679,1,0,1,15360,9,4729628562
15638,392701510,6115,392707625,3,0,1,3072,3,3479932334
15639,392715290,11016,392726306,1,0,1,17920,9,10251865714
15640,392753990,7230,392761220,8,0,1,7680,7,9699531162
15641,392754189,12177,392766366,6,0,1,8192,12,9468102976
15642,392799600,5326,392804926,8,0,1,5632,7,2811416057
15643,392827670,20835,392848505,1,0,1,6144,9,1012331445
15644,392834540,16903,392851443,1,0,1,3072,9,6918738343
15645,392937640,4850,392942490,5,0,1,5120,18,9255572926
15646,393003610,1994,393005604,1,0,1,2048,9,3339439363
15647,393022130,1994,393024124,1,0,1,2048,9,482230429
15648,393022650,10394,393033044,1,0,1,16384,9,6423905051
15649,393053180,3645,393056825,1,0,1,10240,9,4475729406
15650,393070460,21916,393092376,1,0,1,35840,9,2451917786
15651,393211681,77328,393289009,5,0,0,512,18,6388370972
15652,393240070,1042,393241112,1,0,1,1024,9,5935350696
15653,393252930,7230,393260160,2,0,1,7680,16,7704380374
15654,393255079,14010,393269089,6,0,1,26624,12,78129776
15655,393293300,5454,393298754,3,0,1,13824,3,1239074727
15656,393314850,1994,393316844,1,0,1,2048,9,4633790921
15657,393340590,2470,393343060,8,0,1,2560,7,9306766232
15658,393390340,4374,393394714,1,0,1,4608,9,5802129014
15659,393394060,68727,393462787,1,0,0,6144,9,6774388436
15660,393403529,70976,393474505,1,0,0,8704,9,1099751748
15661,393424010,4162,393428172,3,0,1,11264,3,7539749038
15662,393428029,160052,393588081,1,0,0,88576,9,8369485610
15663,393433861,201044,393634905,5,0,0,3072,18,7673661077
15664,393436530,12308,393448838,3,0,1,20480,3,6519206141
15665,393443961,110061,393554022,5,0,0,2048,18,6670727522
15666,393486160,3128,393489288,3,0,1,9216,3,9353595210
15667,393502949,105862,393608811,1,0,0,14336,9,1585024626
15668,393505129,6488,393511617,6,0,1,15872,12,9089188037
15669,393537501,3128,393540629,0,0,1,9216,14,10353392595
15670,393601820,7014,393608834,1,0,1,5632,9,2700311925
15671,393604931,10150,393615081,0,0,1,6656,14,4647559937
15672,393628700,3898,393632598,8,0,1,4096,7,9179425077
15673,393633730,23725,393657455,3,0,1,39424,3,2753934395
15674,393640300,19421,393659721,1,0,1,3584,9,3348765550
15675,393655940,4447,393660387,1,0,1,1024,9,6115531246
15676,393763129,2470,393765599,6,0,1,2560,12,2476524127
15677,393957660,5454,393963114,7,0,1,13824,16,6171377832
15678,394093199,2870,394096069,6,0,1,8704,12,9746206371
15679,394097319,7706,394105025,6,0,1,8192,12,639574242
15680,394103171,68877,394172048,5,0,0,1536,18,1177597672
15681,394128859,209929,394338788,1,0,0,142848,9,9849597337
15682,394142791,10499,394153290,0,0,1,16896,14,2863750302
15683,394145691,10825,394156516,0,0,1,5120,14,10233360122
15684,394154820,2042,394156862,7,0,1,512,16,8673597294
15685,394177259,1518,394178777,6,0,1,1536,12,8706609835
15686,394183231,1518,394184749,0,0,1,1536,14,10682558914
15687,394210510,1994,394212504,7,0,1,2048,16,5307152645
15688,394216039,11016,394227055,6,0,1,17920,12,1124157226
15689,394235700,2470,394238170,1,0,1,2560,9,10016510665
15690,394276460,1518,394277978,7,0,1,1536,16,10528956856
15691,394279321,59810,394339131,5,0,0,1024,18,7319801721
15692,394294901,88721,394383622,5,0,0,2048,18,2551894114
15693,394308471,32162,394340633,0,0,1,1536,14,2317522656
15694,394321341,144216,394465557,5,0,0,3072,18,3971631057
15695,394337830,228779,394566609,1,0,0,139264,9,4648019931
15696,394341950,7706,394349656,2,0,1,8192,16,7827802439
15697,394360081,12308,394372389,0,0,1,20480,14,10589223560
15698,394412500,23725,394436225,2,0,1,39424,16,9912233183
15699,394436510,13253,394449763,1,0,1,25600,9,3820791708
15700,394442351,10638,394452989,0,0,1,5120,14,7298940819
15701,394456501,110279,394566780,5,0,0,512,18,8489557415
15702,394561150,29347,394590497,7,0,1,39424,16,6268856521
15703,394578890,17816,394596706,7,0,1,21504,16,6142107330
15704,394650440,3128,394653568,7,0,1,9216,16,7436492433
15705,394657570,4374,394661944,1,0,1,4608,9,1920858327
15706,394663519,103220,394766739,1,0,0,38912,9,5529122034
15707,394673069,101797,394774866,1,0,0,26624,9,6380208232
15708,394731391,1994,394733385,0,0,1,2048,14,8979342405
15709,394749559,102596,394852155,1,0,0,36864,9,2395867927
15710,394750141,50282,394800423,5,0,0,1024,18,3997998965
15711,394799801,1518,394801319,0,0,1,1536,14,9832229713
15712,394860430,3128,394863558,1,0,1,9216,9,7063254452
15713,394863790,3645,394867435,7,0,1,10240,16,9003912381
15714,394923560,3898,394927458,1,0,1,4096,9,2778124086
15715,394948760,3128,394951888,1,0,1,9216,9,6739775921
15716,394965420,3904,394969324,1,0,1,10752,9,9770842909
15717,394982740,2470,394985210,7,0,1,2560,16,8583836558
15718,395059429,294645,395354074,1,0,0,180224,9,569711251
15719,395135921,43904,395179825,5,0,0,512,18,9598941891
15720,395166120,13512,395179632,7,0,1,26112,16,9681045169
15721,395251111,10757,395261868,4,0,1,17408,13,8555916748
15722,395261421,4850,395266271,4,0,1,5120,13,2436737729
15723,395269340,566,395269906,1,0,1,512,9,692988757
15724,395354551,5326,395359877,0,0,1,5632,14,5877274166
15725,395397071,1518,395398589,4,0,1,1536,13,2709370590
15726,395418390,22174,395440564,7,0,1,36352,16,5187643552
15727,395434761,7186,395441947,4,0,1,14848,13,8512794633
15728,395450381,77427,395527808,5,0,0,512,18,7706255319
15729,395517981,6754,395524735,4,0,1,7168,13,2014658485
15730,395557689,306854,395864543,1,0,0,317952,9,3547351154
15731,395586841,10241,395597082,4,0,1,16384,13,580523748
15732,395591180,6158,395597338,7,0,1,9216,16,9432221939
15733,395620590,245216,395865806,1,0,0,4096,9,4928692963
15734,395694321,7706,395702027,4,0,1,8192,13,3854796094
15735,395711201,154807,395866008,5,0,0,512,18,9140866181
15736,395723051,3422,395726473,0,0,1,3584,14,2007193074
15737,395740531,12308,395752839,4,0,1,20480,13,2808472622
15738,395761170,104651,395865821,1,0,1,22016,9,6100585452
15739,395782780,96982,395879762,1,0,1,26624,9,5329415883
15740,395792240,119194,395911434,1,0,0,1024,9,5921396811
15741,395856350,23771,395880121,7,0,1,9728,16,9482875512
15742,395910700,4162,395914862,1,0,1,11264,9,9895515216
15743,395913070,51791,395964861,1,0,0,2560,9,7853393057
15744,395952421,1518,395953939,0,0,1,1536,14,5779164814
15745,395955181,4420,395959601,4,0,1,11776,13,9314091312
15746,395973461,43904,396017365,5,0,0,512,18,2476169836
15747,395977490,149060,396126550,1,0,0,2048,9,9432781084
15748,395998421,566,395998987,4,0,1,512,13,4567388810
15749,396017730,1994,396019724,7,0,1,2048,16,909965170
15750,396027810,1994,396029804,7,0,1,2048,16,10010251410
15751,396029111,7230,396036341,0,0,1,7680,14,343429692
15752,396076361,52364,396128725,5,0,0,3072,18,9305490020
15753,396089160,1518,396090678,7,0,1,1536,16,669815362
15754,396108000,2946,396110946,7,0,1,3072,16,5374895428
15755,396118080,5802,396123882,8,0,1,6144,7,2935619284
15756,396148671,6754,396155425,0,0,1,7168,14,6143830641
15757,396208501,1518,396210019,0,0,1,1536,14,3374334235
15758,396269311,43904,396313215,5,0,0,512,18,2603498626
15759,396311731,3898,396315629,4,0,1,4096,13,2356398183
15760,396352791,6278,396359069,0,0,1,6656,14,4918886682
15761,396362281,4162,396366443,0,0,1,11264,14,7566611437
15762,396438180,2470,396440650,7,0,1,2560,16,9499206167
15763,396449701,11274,396460975,4,0,1,18432,13,1249821512
15764,396458271,5290,396463561,4,0,1,4096,13,8171082578
15765,396476101,4420,396480521,4,0,1,11776,13,2094905963
15766,396497270,3422,396500692,7,0,1,3584,16,1322971089
15767,396521981,57440,396579421,5,0,0,4608,18,8613033164
15768,396525490,25704,396551194,7,0,1,46592,16,2289923999
15769,396566150,4162,396570312,7,0,1,11264,16,5086636437
15770,396567860,64633,396632493,1,0,0,2048,9,3884165145
15771,396583821,78816,396662637,5,0,0,512,18,2548994470
15772,396630190,3904,396634094,1,0,1,10752,9,1889460251
15773,396637461,566,396638027,4,0,1,512,13,7344211468
15774,396645610,46109,396691719,1,0,0,1024,9,7542252555
15775,396732621,5326,396737947,0,0,1,5632,14,10635434665
15776,396748830,1994,396750824,1,0,1,2048,9,124133490
15777,396750640,10757,396761397,9,0,1,17408,15,7421903948
15778,396780140,51355,396831495,1,0,0,2048,9,5282487992
15779,396825770,4162,396829932,4,0,1,11264,13,9850628858
15780,396839740,13083,396852823,7,0,1,22016,16,3476121555
15781,396843691,14317,396858008,0,0,1,16384,14,5652656894
15782,396843991,48127,396892118,5,0,0,1024,18,4786603108
15783,396960691,5971,396966662,4,0,1,14848,13,8142382101
15784,396992620,566,396993186,9,0,1,512,15,942432660
15785,397021580,56060,397077640,1,0,0,5120,9,8586693978
15786,397030161,3904,397034065,4,0,1,10752,13,3618362658
15787,397073370,2470,397075840,7,0,1,2560,16,6498449043
15788,397078640,2870,397081510,7,0,1,8704,16,9428512819
15789,397094021,4850,397098871,0,0,1,5120,14,1758998976
15790,397203470,6773,397210243,9,0,1,7168,15,4364770957
15791,397203480,13467,397216947,7,0,1,18432,16,7963668109
15792,397211400,160050,397371450,1,0,0,512,9,2078883224
15793,397244180,12308,397256488,9,0,1,20480,15,1091424406
15794,397249800,13406,397263206,7,0,1,24576,16,1213883033
15795,397259561,3901,397263462,4,0,1,9216,13,3146077863
15796,397264500,70966,397335466,1,0,0,1024,9,10542662132
15797,397348071,566,397348637,4,0,1,512,13,4323955259
15798,397355071,6278,397361349,0,0,1,6656,14,8868927498
15799,397373000,4162,397377162,9,0,1,11264,15,8062922549
15800,397391390,12995,397404385,9,0,1,25088,15,116738111
15801,397484570,3898,397488468,7,0,1,4096,16,7827686372
15802,397569661,48980,397618641,5,0,0,2048,18,250895995
15803,397634950,54056,397689006,1,0,0,3584,9,10414887634
15804,397717370,2870,397720240,7,0,1,8704,16,9457877390
15805,397737690,15062,397752752,9,0,1,29184,15,7787008311
15806,397741891,187750,397929641,5,0,0,512,18,6717931045
15807,397767730,7230,397774960,7,0,1,7680,16,7894343835
15808,397815850,566,397816416,9,0,1,512,15,7129158766
15809,397820460,31783,397852243,5,0,1,51712,18,8460097777
15810,397840881,16188,397857069,0,0,1,7680,14,9224217707
15811,397844521,86656,397931177,5,0,0,512,18,6889765671
15812,397885460,21916,397907376,9,0,1,35840,15,8324914440
15813,397916310,6229,397922539,1,0,1,15360,9,4663738252
15814,397919080,7285,397926365,5,0,1,5632,18,10512219273
15815,397927080,43904,397970984,1,0,0,512,9,8698688365
15816,397942990,93419,398036409,1,0,0,2560,9,4346190616
15817,397950051,77640,398027691,5,0,0,3072,18,9515857089
15818,397964741,80140,398044881,5,0,0,3072,18,9037251138
15819,397997200,31007,398028207,9,0,1,50176,15,6038891006
15820,398069850,4162,398074012,7,0,1,11264,16,8557659866
15821,398090319,2470,398092789,6,0,1,2560,12,1520096944
15822,398100911,566,398101477,0,0,1,512,14,5025543806
15823,398102361,12308,398114669,0,0,1,20480,14,1537761622
15824,398102591,51655,398154246,5,0,0,1024,18,5917838387
15825,398122200,3904,398126104,9,0,1,10752,15,4133664205
15826,398139361,20624,398159985,0,0,1,33280,14,4147869572
15827,398274011,50984,398324995,5,0,0,3584,18,4106537276
15828,398315321,566,398315887,0,0,1,512,14,3731879057
15829,398324591,53384,398377975,5,0,0,5120,18,3884153147
15830,398366870,3898,398370768,3,0,1,4096,3,9242631199
15831,398391060,60541,398451601,1,0,0,2048,9,7186420301
15832,398403929,4374,398408303,6,0,1,4608,12,9370885497
15833,398440320,4162,398444482,9,0,1,11264,15,2631316126
15834,398442951,106958,398549909,5,0,0,1536,18,7241504304
15835,398444200,1518,398445718,9,0,1,1536,15,2082555489
15836,398469249,5196,398474445,6,0,1,13312,12,7926172995
15837,398497171,4679,398501850,0,0,1,12288,14,812303273
15838,398592840,5196,398598036,8,0,1,13312,7,9402559137
15839,398620070,43904,398663974,1,0,0,512,9,7025641918
15840,398637360,11016,398648376,5,0,1,17920,18,4774943025
15841,398675970,142935,398818905,1,0,0,4096,9,6697281057
15842,398678220,43904,398722124,1,0,0,512,9,5400465607
15843,398690820,6754,398697574,5,0,1,7168,18,4051054585
15844,398709750,1994,398711744,9,0,1,2048,15,4616686469
15845,398726250,1042,398727292,5,0,1,1024,18,1399052944
15846,398805650,5802,398811452,9,0,1,6144,15,2261865079
15847,398825070,4850,398829920,5,0,1,5120,18,580387180
15848,398848170,11791,398859961,5,0,1,19456,18,157287423
15849,398864230,32987,398897217,9,0,1,57344,15,7744206068
15850,398878920,24096,398903016,9,0,1,27648,15,3207278286
15851,398881410,24192,398905602,8,0,1,4096,7,2904676427
15852,398933840,2870,398936710,8,0,1,8704,7,9562660894
15853,398946720,12566,398959286,8,0,1,20992,7,5559544335
15854,398971220,6754,398977974,9,0,1,7168,15,7484787235
15855,399023620,6229,399029849,9,0,1,15360,15,474787954
15856,399024270,15353,399039623,8,0,1,18432,7,4238326236
15857,399044650,14029,399058679,8,0,1,27136,7,2906170769
15858,399153841,176876,399330717,4,0,0,154624,13,709701739
15859,399226110,5802,399231912,9,0,1,6144,15,753531076
15860,399282651,116154,399398805,5,0,0,1024,18,465573330
15861,399462390,43904,399506294,1,0,0,512,9,7719009192
15862,399538201,45596,399583797,5,0,0,1024,18,4973456363
15863,399648880,50672,399699552,1,0,0,2560,9,677010232
15864,399698900,5494,399704394,9,0,1,5120,15,7001925813
15865,399748350,2870,399751220,9,0,1,8704,15,10226117595
15866,399799900,45596,399845496,1,0,0,1024,9,1120194781
15867,399829530,2870,399832400,9,0,1,8704,15,3429741798
15868,400023570,3387,400026957,8,0,1,9728,7,5918732338
15869,400047081,6278,400053359,0,0,1,6656,14,9734857340
15870,400070050,6229,400076279,9,0,1,15360,15,2047192638
15871,400083520,4850,400088370,8,0,1,5120,7,3056303190
15872,400091210,52364,400143574,1,0,0,3072,9,2593105190
15873,400200601,43904,400244505,5,0,0,512,18,9873523455
15874,400440310,4850,400445160,8,0,1,5120,7,8359678973
15875,400476090,52364,400528454,1,0,0,3072,9,3645442084
15876,400570510,3898,400574408,8,0,1,4096,7,2516007888
15877,400621690,13858,400635548,8,0,1,23552,7,9036995172
15878,400637651,48980,400686631,5,0,0,2048,18,10079500188
15879,400696941,47288,400744229,5,0,0,1536,18,261730384
15880,400753710,59677,400813387,1,0,0,1536,9,1410478703
15881,400774301,52364,400826665,5,0,0,3072,18,5780652047
15882,400839530,3422,400842952,8,0,1,3584,7,4048838947
15883,400917320,4374,400921694,8,0,1,4608,7,5766843317
15884,400963510,15837,400979347,8,0,1,30720,7,5555091105
15885,401010391,45596,401055987,5,0,0,1024,18,5451391892
15886,401080610,48980,401129590,1,0,0,2048,9,6588293380
15887,401099190,45596,401144786,1,0,0,1024,9,8747630122
15888,401103801,47288,401151089,5,0,0,1536,18,4839433167
15889,401286511,49136,401335647,5,0,0,2560,18,12817500
15890,401403680,1518,401405198,8,0,1,1536,7,988349072
15891,401647090,4850,401651940,8,0,1,5120,7,7093220033
15892,401650740,68475,401719215,1,0,0,6144,9,10641109942
15893,401874710,56696,401931406,1,0,0,512,9,10393672175
15894,401887331,43904,401931235,5,0,0,512,18,2565970209
15895,401975630,3645,401979275,1,0,1,10240,9,9308016844
15896,401979270,6278,401985548,2,0,1,6656,16,8417761642
15897,401980410,9644,401990054,2,0,1,7168,16,10204227698
15898,402080770,566,402081336,2,0,1,512,16,10680193076
15899,402141401,14029,402155430,4,0,1,27136,13,7438038358
15900,402144761,11015,402155776,4,0,1,512,13,8040162375
15901,402147720,9362,402157082,8,0,1,2048,7,2230895190
15902,402160190,566,402160756,1,0,1,512,9,135909546
15903,402175160,566,402175726,8,0,1,512,7,2281134453
15904,402199950,12995,402212945,2,0,1,25088,16,4396242418
15905,402204430,12381,402216811,8,0,1,6144,7,492818696
15906,402210090,7067,402217157,2,0,1,512,16,7325406705
15907,402210241,7262,402217503,4,0,1,512,13,6335078942
15908,402223350,43904,402267254,1,0,0,512,9,4093842336
15909,402250560,165015,402415575,1,0,0,3072,9,3224574622
15910,402258160,3387,402261547,2,0,1,9728,16,5497481376
15911,402358680,48980,402407660,1,0,0,2048,9,6290914000
15912,402358700,2967,402361667,2,0,1,3072,16,9714641242
15913,402532861,3422,402536283,0,0,1,3584,14,10392644607
15914,402642030,4420,402646450,1,0,1,11776,9,2238621451
15915,402687100,4374,402691474,1,0,1,4608,9,3912644362
15916,402712560,43904,402756464,1,0,0,512,9,8051631023
15917,402824760,14029,402838789,8,0,1,27136,7,4730644959
15918,402836011,95518,402931529,5,0,0,2048,18,4086499573
15919,402837480,88973,402926453,1,0,0,512,9,5561377413
15920,402933340,2946,402936286,8,0,1,3072,7,2046800057
15921,402966811,56528,403023339,5,0,0,6656,18,2825048506
15922,403030280,1042,403031322,3,0,1,1024,3,6483333128
15923,403052810,2470,403055280,7,0,1,2560,16,8670830761
15924,403095720,3422,403099142,8,0,1,3584,7,7752620434
15925,403150660,2870,403153530,1,0,1,8704,9,7720534864
15926,403151270,7545,403158815,1,0,1,13824,9,6778098916
15927,403236581,48980,403285561,5,0,0,2048,18,60110801
15928,403244320,5196,403249516,1,0,1,13312,9,2113939730
15929,403370370,57440,403427810,1,0,0,4608,9,10607209343
15930,403420260,4850,403425110,8,0,1,5120,7,143302474
15931,403468121,2946,403471067,0,0,1,3072,14,2756244356
15932,403484270,1518,403485788,1,0,1,1536,9,1894784355
15933,403538341,43904,403582245,5,0,0,512,18,10450200593
15934,403580939,566,403581505,6,0,1,512,12,5732241598
15935,403620200,11533,403631733,9,0,1,18944,15,4972716308
15936,403662830,3387,403666217,8,0,1,9728,7,5386019896
15937,403673040,1994,403675034,9,0,1,2048,15,8641963253
15938,403857880,5196,403863076,9,0,1,13312,15,1868454485
15939,403879879,6278,403886157,6,0,1,6656,12,7379887844
15940,403888381,164535,404052916,5,0,0,2560,18,1157005285
15941,403895610,57440,403953050,1,0,0,4608,9,1179038721
15942,403961180,5326,403966506,8,0,1,5632,7,4716804219
15943,403969960,57440,404027400,1,0,0,4608,9,370627846
15944,403983660,6278,403989938,9,0,1,6656,15,9720169877
15945,403995121,144173,404139294,5,0,0,2048,18,2707853156
15946,404004269,4850,404009119,6,0,1,5120,12,2026754094
15947,404068960,7706,404076666,1,0,1,8192,9,7386084689
15948,404072009,8843,404080852,6,0,1,6656,12,6241463303
15949,404098280,4850,404103130,8,0,1,5120,7,7245357842
15950,404196579,1042,404197621,6,0,1,1024,12,9659564872
15951,404334040,45596,404379636,1,0,0,1024,9,4782329488
15952,404334340,4162,404338502,9,0,1,11264,15,3159847855
15953,404348360,15321,404363681,1,0,1,29696,9,9859485593
15954,404352170,13457,404365627,8,0,1,3072,7,5287707546
15955,404465250,6754,404472004,1,0,1,7168,9,5314432448
15956,404485530,74037,404559567,1,0,0,512,9,1741879734
15957,404525230,43904,404569134,1,0,0,512,9,3297607182
15958,404532591,63465,404596056,5,0,0,2048,18,2714646469
15959,404552431,57601,404610032,5,0,0,2560,18,1292746348
15960,404609221,4157,404613378,0,0,1,9728,14,4712256257
15961,404665471,43200,404708671,4,0,1,70656,13,4131884916
15962,404691071,152507,404843578,0,0,1,246784,14,5836823561
15963,404723130,122394,404845524,1,0,1,3072,9,8963955516
15964,404724310,126706,404851016,1,0,1,17920,9,8771297181
15965,404739180,116342,404855522,1,0,1,7168,9,5696138643
15966,404755270,206110,404961380,1,0,0,1024,9,9079044782
15967,404816281,92920,404909201,5,0,0,512,18,9989868175
15968,404836930,19898,404856828,8,0,1,2048,7,6948698059
15969,404874720,6278,404880998,8,0,1,6656,7,8777308071
15970,404893640,4162,404897802,1,0,1,11264,9,5586884710
15971,404908341,162632,405070973,0,0,1,263168,14,8266894112
15972,404938300,144015,405082315,1,0,1,37888,9,6218437890
15973,405028521,57340,405085861,4,0,1,5632,13,6567099428
15974,405079600,13512,405093112,1,0,1,26112,9,688477331
15975,405084070,10527,405094597,1,0,1,15360,9,9124471368
15976,405093961,15062,405109023,4,0,1,29184,13,5715121615
15977,405102361,8928,405111289,4,0,1,3584,13,6250058708
15978,405138311,1994,405140305,4,0,1,2048,13,548537838
15979,405163511,13083,405176594,4,0,1,22016,13,1274112668
15980,405185980,1518,405187498,1,0,1,1536,9,6379220796
15981,405288271,82441,405370712,5,0,0,512,18,1831135507
15982,405341681,93802,405435483,5,0,0,4096,18,2477527056
15983,405363000,6754,405369754,8,0,1,7168,7,5339302244
15984,405370391,45596,405415987,5,0,0,1024,18,9542320856
15985,405429041,45596,405474637,5,0,0,1024,18,6913870579
15986,405478440,43904,405522344,1,0,0,512,9,10650685706
15987,405542550,45596,405588146,1,0,0,1024,9,7669339950
15988,405678551,186154,405864705,0,0,1,305664,14,4883553739
15989,405726461,220833,405947294,0,0,1,264192,14,3715141111
15990,405736050,178571,405914621,1,0,0,512,9,6917805428
15991,405752181,200605,405952786,0,0,1,17920,14,9138349343
15992,405757061,152768,405909829,5,0,0,5120,18,2368646986
15993,405781790,172622,405954412,3,0,1,2560,3,5551930678
15994,405788790,201680,405990470,1,0,0,1536,9,2390176293
15995,405838470,378829,406217299,1,0,0,1024,9,1437465198
15996,405898451,238433,406136884,5,0,0,3584,18,580502559
15997,405949889,7429,405957318,6,0,1,4608,12,1383242596
15998,406013850,172391,406186241,1,0,0,3072,9,6306381197
15999,406024141,96062,406120203,0,0,1,160256,14,6201290415
16000,406032841,304177,406337018,5,0,0,1536,18,4981989155
16001,406068690,53459,406122149,2,0,1,3072,16,3418159905
16002,406139001,14117,406153118,0,0,1,24064,14,10218739715
16003,406150551,31266,406181817,0,0,1,50688,14,1361837714
16004,406190551,133808,406324359,0,0,1,217088,14,8637736825
16005,406214561,204551,406419112,5,0,0,4608,18,2397363310
16006,406300090,27495,406327585,8,0,1,5120,7,4693534035
16007,406387951,6278,406394229,0,0,1,6656,14,1784710548
16008,406445591,13858,406459449,0,0,1,23552,14,8919803355
16009,406474091,78713,406552804,5,0,0,2048,18,10247885812
16010,406619380,1994,406621374,1,0,1,2048,9,2010721443
16011,406641400,54514,406695914,1,0,0,3584,9,972951949
16012,406670770,52666,406723436,1,0,0,2048,9,68426832
16013,406703750,2870,406706620,3,0,1,8704,3,9050827072
16014,406805540,47288,406852828,1,0,0,1536,9,612777611
16015,406883481,45596,406929077,5,0,0,1024,18,3643643090
16016,406956660,65900,407022560,1,0,0,7168,9,6920484909
16017,407155059,11016,407166075,6,0,1,17920,12,5399398235
16018,407201291,48980,407250271,5,0,0,2048,18,8938043868
16019,407273020,13083,407286103,2,0,1,22016,16,3600547785
16020,407426180,4374,407430554,8,0,1,4608,7,7830065462
16021,407443050,5712,407448762,5,0,1,14336,18,8447696556
16022,407512141,43904,407556045,5,0,0,512,18,1109960652
16023,407611240,4374,407615614,5,0,1,4608,18,3318397192
16024,407617031,48980,407666011,5,0,0,2048,18,10304910708
16025,407624500,43904,407668404,1,0,0,512,9,10381408597
16026,407741661,43904,407785565,5,0,0,512,18,8484599115
16027,407808640,20882,407829522,1,0,1,33792,9,3293719618
16028,407810570,141396,407951966,1,0,0,65024,9,458775696
16029,407826610,5178,407831788,5,0,1,3584,18,1919391944
16030,407991680,1042,407992722,5,0,1,1024,18,10535655216
16031,408048420,3387,408051807,5,0,1,9728,18,3123679043
16032,408068050,3898,408071948,5,0,1,4096,18,3079795327
16033,408097301,45596,408142897,5,0,0,1024,18,501958538
16034,408144990,22950,408167940,5,0,1,37888,18,8782613721
16035,408155970,265965,408421935,1,0,0,151040,9,4790210284
16036,408213990,566,408214556,9,0,1,512,15,7661851292
16037,408237381,59837,408297218,5,0,0,512,18,3517927056
16038,408257960,88208,408346168,1,0,0,14848,9,1841424190
16039,408455721,43904,408499625,5,0,0,512,18,4726649648
16040,408569681,43904,408613585,5,0,0,512,18,7767977756
16041,408609961,45596,408655557,5,0,0,1024,18,3720733467
16042,408744561,52364,408796925,5,0,0,3072,18,657550215
16043,408768881,43904,408812785,5,0,0,512,18,9188181694
16044,409016660,120065,409136725,1,0,0,74240,9,10049934752
16045,409022741,86975,409109716,5,0,0,512,18,1728583378
16046,409187949,7230,409195179,6,0,1,7680,12,1879536922
16047,409606860,10499,409617359,1,0,1,16896,9,8813945738
16048,409627120,189344,409816464,1,0,0,160256,9,4771747577
16049,409764180,52611,409816791,1,0,0,1024,9,7152439808
16050,409951790,104936,410056726,1,0,0,44544,9,1908791246
16051,410007080,111932,410119012,1,0,0,20992,9,10148062938
16052,410115171,52813,410167984,5,0,0,2048,18,3711140056
16053,410180291,45596,410225887,5,0,0,1024,18,7407842700
16054,410202820,4850,410207670,3,0,1,5120,3,6104716319
16055,410204040,8776,410212816,8,0,1,8192,7,9131272276
16056,410221950,6754,410228704,3,0,1,7168,3,7224740213
16057,410229950,1518,410231468,3,0,1,1536,3,7709662758
16058,410305450,15321,410320771,3,0,1,29696,3,1990567161
16059,410316981,54965,410371946,5,0,0,3072,18,1919803500
16060,410329200,160503,410489703,1,0,0,112640,9,2606483274
16061,410343500,6488,410349988,2,0,1,15872,16,2960352723
16062,410383020,7706,410390726,3,0,1,8192,3,7925748083
16063,410404131,46471,410450602,0,0,1,80384,14,6284798714
16064,410454251,184678,410638929,5,0,0,1024,18,8121123960
16065,410464411,37333,410501744,4,0,1,19968,13,6386865265
16066,410504200,5196,410509396,7,0,1,13312,16,4496733397
16067,410507580,7003,410514583,3,0,1,6656,3,3354036890
16068,410642011,1994,410644005,4,0,1,2048,13,5250933186
16069,410708570,110396,410818966,1,0,0,62464,9,5568664815
16070,410736861,95227,410832088,5,0,0,3584,18,3527242508
16071,410866431,47288,410913719,5,0,0,1536,18,643869393
16072,410894731,45596,410940327,5,0,0,1024,18,1088422288
16073,411122131,43904,411166035,5,0,0,512,18,4220985455
16074,411389770,107900,411497670,1,0,0,54272,9,9705650548
16075,411422360,238540,411660900,1,0,0,200704,9,2160694709
16076,411439490,238456,411677946,1,0,0,28672,9,9109888685
16077,411457970,315460,411773430,1,0,0,180736,9,5193459942
16078,411748501,70517,411819018,5,0,0,1024,18,4130622124
16079,411831280,84224,411915504,1,0,0,16896,9,10603072387
16080,411837580,92708,411930288,1,0,0,24576,9,2170540267
16081,411966910,10241,411977151,9,0,1,16384,15,8560447819
16082,412014331,45596,412059927,5,0,0,1024,18,6148568934
16083,412038470,56060,412094530,1,0,0,5120,9,6567303163
16084,412154350,125996,412280346,1,0,0,113664,9,4007450335
16085,412184310,10499,412194809,1,0,1,16896,9,655642288
16086,412248180,157095,412405275,1,0,0,109568,9,3787829379
16087,412277460,3469,412280929,2,0,1,512,16,5365794513
16088,412660100,4420,412664520,8,0,1,11776,7,5165029288
16089,412749321,43904,412793225,5,0,0,512,18,2103327247
16090,412769600,87164,412856764,1,0,0,21504,9,9287080739
16091,412795070,105966,412901036,1,0,0,35328,9,8517623966
16092,412795481,54056,412849537,5,0,0,3584,18,5433181569
16093,412801980,100178,412902158,1,0,0,3584,9,10726441166
16094,412830440,3645,412834085,2,0,1,10240,16,5465299629
16095,412884470,16581,412901051,8,0,1,19456,7,2519712859
16096,412937310,199699,413137009,1,0,0,2048,9,7552120943
16097,412966060,5326,412971386,8,0,1,5632,7,8293730170
16098,413012970,113521,413126491,1,0,0,59392,9,1566327384
16099,413042300,5454,413047754,2,0,1,13824,16,10630821028
16100,413045470,11590,413057060,3,0,1,16896,3,10581249947
16101,413051300,6746,413058046,3,0,1,1536,3,806675911
16102,413076530,15579,413092109,3,0,1,30208,3,10635614776
16103,413091640,1135,413092775,1,0,1,1024,9,5964532327
16104,413195180,175721,413370901,1,0,0,59904,9,489243829
16105,413203840,5802,413209642,1,0,1,6144,9,10575654591
16106,413224730,81731,413306461,1,0,0,9728,9,7917211070
16107,413260740,20366,413281106,1,0,1,32768,9,10586350021
16108,413275300,174048,413449348,1,0,0,43008,9,7563945389
16109,413278121,62396,413340517,5,0,0,512,18,2062033549
16110,413342380,7706,413350086,3,0,1,8192,3,2475997804
16111,413344570,5772,413350342,1,0,1,9216,9,1669604438
16112,413368300,8395,413376695,1,0,1,6144,9,8640289750
16113,413418250,3645,413421895,1,0,1,10240,9,7106677417
16114,413423230,2470,413425700,2,0,1,2560,16,6660060687
16115,413432660,2946,413435606,3,0,1,3072,3,1968270634
16116,413446910,18267,413465177,2,0,1,30720,16,3086492984
16117,413521270,12566,413533836,1,0,1,20992,9,8634747351
16118,413572110,441820,414013930,1,0,0,415744,9,129743661
16119,413574160,245956,413820116,1,0,0,18944,9,2020466347
16120,413586130,12308,413598438,1,0,1,20480,9,2706172925
16121,413682750,3645,413686395,1,0,1,10240,9,759132725
16122,413720941,293160,414014101,5,0,0,512,18,1444996163
16123,413721290,14804,413736094,3,0,1,28672,3,8495983104
16124,413726430,14490,413740920,3,0,1,7680,3,3220893249
16125,413830250,202126,414032376,1,0,0,59904,9,8386113393
16126,413853300,3898,413857198,1,0,1,4096,9,7927147444
16127,413879810,5326,413885136,3,0,1,5632,3,5662524001
16128,413940310,306540,414246850,1,0,0,160256,9,5916910027
16129,414035440,162567,414198007,1,0,0,75776,9,1799442971
16130,414036210,217839,414254049,1,0,0,23552,9,8007391270
16131,414157871,96661,414254532,5,0,0,1536,18,5410984278
16132,414218021,83189,414301210,5,0,0,4608,18,1960685881
16133,414241260,142798,414384058,0,0,0,115200,14,1183795106
16134,414378730,97560,414476290,0,0,0,23040,14,3857102755
16135,414443990,124124,414568114,1,0,0,107520,9,6158958291
16136,414580100,117728,414697828,1,0,0,86528,9,2538468735
16137,414635520,137236,414772756,1,0,0,32768,9,7018543191
16138,414710171,73691,414783862,5,0,0,2560,18,1471991451
16139,414764980,95220,414860200,1,0,0,17408,9,8148810498
16140,414775930,25446,414801376,5,0,1,46080,18,3671108625
16141,414779231,64025,414843256,0,0,1,90112,14,4646651007
16142,414798430,219737,415018167,1,0,0,145408,9,2232807746
16143,414871781,147189,415018970,5,0,0,2560,18,3668037807
16144,414914940,5802,414920742,5,0,1,6144,18,9778034184
16145,414923651,98147,415021798,5,0,0,1536,18,5450225145
16146,414932700,3422,414936122,5,0,1,3584,18,458932402
16147,414960250,566,414960816,5,0,1,512,18,5233719111
16148,414974480,47395,415021875,5,0,1,3072,18,9030292226
16149,415026870,1042,415027912,5,0,1,1024,18,536102293
16150,415098850,204693,415303543,0,0,0,127488,14,7950886001
16151,415118460,215221,415333681,1,0,0,64000,9,479472296
16152,415158300,155866,415314166,1,0,0,34816,9,4141139001
16153,415215430,2870,415218300,5,0,1,8704,18,10046933910
16154,415332770,71879,415404649,1,0,0,8704,9,2877844064
16155,415338701,20624,415359325,0,0,1,33280,14,6779956472
16156,415436720,2870,415439590,5,0,1,8704,18,7537799864
16157,415485030,102440,415587470,0,0,0,36352,14,8102152420
16158,415504250,7230,415511480,5,0,1,7680,18,5077483034
16159,415516920,104136,415621056,1,0,0,4096,9,2220504452
16160,415581820,190287,415772107,0,0,0,43520,14,2376855152
16161,415583890,7259,415591149,5,0,1,10240,18,3392904303
16162,415587080,17402,415604482,5,0,1,23552,18,3169773931
16163,415655931,5802,415661733,0,0,1,6144,14,937340802
16164,415663570,233859,415897429,1,0,0,69120,9,6232356895
16165,415673841,64742,415738583,0,0,1,105984,14,9141225388
16166,415742361,7706,415750067,0,0,1,8192,14,1372455552
16167,415772120,176040,415948160,1,0,0,88576,9,3137581456
16168,415779720,117724,415897444,5,0,1,179200,18,895251301
16169,415842631,56217,415898848,0,0,1,47616,14,1634254349
16170,415889911,58264,415948175,0,0,1,44032,14,10682637645
16171,415930350,73121,416003471,5,0,1,94208,18,1847298605
16172,415982250,196766,416179016,0,0,0,121344,14,1259479234
16173,416002510,36346,416038856,5,0,1,64000,18,8651691797
16174,416032430,305925,416338355,1,0,0,52224,9,1606166532
16175,416079141,191953,416271094,5,0,0,512,18,5385809064
16176,416131231,218290,416349521,5,0,0,2048,18,7359050569
16177,416146080,174964,416321044,1,0,0,14336,9,5894084371
16178,416224191,81398,416305589,5,0,0,512,18,9291474082
16179,416224770,154833,416379603,5,0,1,251392,18,6847341055
16180,416230870,529020,416759890,0,0,0,388608,14,2479054469
16181,416273411,194398,416467809,5,0,0,3072,18,7180831262
16182,416365210,15059,416380269,5,0,1,1024,18,10331081942
16183,416467080,316249,416783329,1,0,0,76800,9,7566193922
16184,416531230,3898,416535128,5,0,1,4096,18,10391219974
16185,416536860,2470,416539330,2,0,1,2560,16,4782112381
16186,416538260,311210,416849470,1,0,0,85504,9,7192452282
16187,416549210,249110,416798320,0,0,0,49152,14,6187766999
16188,416560590,5196,416565786,5,0,1,13312,18,4714231630
16189,416592790,271610,416864400,0,0,0,43008,14,6276289421
16190,416668471,138699,416807170,5,0,0,1536,18,5193858532
16191,416677230,123919,416801149,5,0,1,8704,18,10269866656
16192,416706101,143704,416849805,5,0,0,1024,18,1900357568
16193,416827361,76157,416903518,5,0,0,3584,18,6189383532
16194,416930620,6488,416937108,5,0,1,15872,18,10097537907
16195,416982821,3904,416986725,4,0,1,10752,13,8655221488
16196,417086661,60394,417147055,5,0,0,3584,18,4880685261
16197,417174020,74360,417248380,1,0,0,9728,9,8199885567
16198,417212041,43904,417255945,5,0,0,512,18,8207181042
16199,417219421,43904,417263325,5,0,0,512,18,3811008554
16200,417236610,173406,417410016,7,0,0,14336,16,9043033158
16201,417240010,165452,417405462,7,0,0,142336,16,10280178681
16202,417258271,147362,417405633,5,0,0,512,18,6436451603
16203,417310190,5802,417315992,5,0,1,6144,18,4239652743
16204,417341700,74388,417416088,1,0,0,9728,9,8216049664
16205,417354729,3422,417358151,6,0,1,3584,12,8391239082
16206,417382540,216220,417598760,1,0,0,63488,9,9344600357
16207,417387869,34230,417422099,6,0,1,19968,12,5162437597
16208,417407090,16635,417423725,5,0,1,2560,18,4815228842
16209,417424941,43112,417468053,0,0,1,73728,14,9219425168
16210,417428201,112629,417540830,5,0,0,512,18,3540995535
16211,417440790,33164,417473954,1,0,1,19968,9,8806897429
16212,417484750,4850,417489600,5,0,1,5120,18,4972425054
16213,417504590,4162,417508752,9,0,1,11264,15,7829120254
16214,417589291,13359,417602650,4,0,1,4096,13,3071943986
16215,417605381,47288,417652669,5,0,0,1536,18,10252462331
16216,417625469,2470,417627939,6,0,1,2560,12,5826865638
16217,417632510,1042,417633552,5,0,1,1024,18,3811139071
16218,417650550,2470,417653020,7,0,1,2560,16,8088683601
16219,417669941,57440,417727381,5,0,0,4608,18,10540712398
16220,417717900,104780,417822680,1,0,0,44032,9,4788263807
16221,417741871,162241,417904112,5,0,0,1536,18,4313900283
16222,417749250,248828,417998078,0,0,0,230400,14,6899762405
16223,417819291,179426,417998717,5,0,0,2048,18,2624897395
16224,417836850,4850,417841700,7,0,1,5120,16,9715689356
16225,417865930,3422,417869352,5,0,1,3584,18,4051600789
16226,417866340,152696,418019036,1,0,0,66560,9,7031403661
16227,417885990,5454,417891444,7,0,1,13824,16,2485148377
16228,417945730,97419,418043149,7,0,1,43520,16,9971643854
16229,417953839,93496,418047335,6,0,1,6656,12,8920108625
16230,417959571,89860,418049431,5,0,0,2560,18,2711887249
16231,418004920,254996,418259916,7,0,0,55808,16,3068904245
16232,418022980,185702,418208682,7,0,0,73728,16,4128241050
16233,418075581,56897,418132478,5,0,0,1536,18,5947372890
16234,418190271,24247,418214518,4,0,1,6144,13,7057930604
16235,418197860,293143,418491003,7,0,0,35328,16,3808713680
16236,418205670,12714,418218384,5,0,1,6144,18,4155697363
16237,418217690,1360,418219050,7,0,1,1024,16,4068023361
16238,418220920,259304,418480224,7,0,0,273920,16,3319498019
16239,418240650,19297,418259947,1,0,1,6144,9,8343538752
16240,418243250,17249,418260499,4,0,1,512,13,8938545646
16241,418246270,444897,418691167,7,0,0,268800,16,8545213006
16242,418285770,3387,418289157,7,0,1,9728,16,3233316228
16243,418319020,3422,418322442,7,0,1,3584,16,710466570
16244,418335180,566,418335746,7,0,1,512,16,1293472619
16245,418352540,10241,418362781,1,0,1,16384,9,10344545288
16246,418390480,3387,418393867,5,0,1,9728,18,3966785459
16247,418512030,209363,418721393,1,0,0,53248,9,3577600021
16248,418515620,5326,418520946,5,0,1,5632,18,10494793338
16249,418540430,3645,418544075,5,0,1,10240,18,3371541307
16250,418561071,4374,418565445,4,0,1,4608,13,3199813815
16251,418599860,1042,418600902,1,0,1,1024,9,6267080824
16252,418605300,566,418605866,1,0,1,512,9,7417463247
16253,418612040,203020,418815060,7,0,0,13312,16,9512368742
16254,418643540,50131,418693671,1,0,1,2560,9,1979864785
16255,418653451,42166,418695617,4,0,1,3072,13,259687769
16256,418707530,25646,418733176,5,0,1,19456,18,7237666223
16257,418732810,7706,418740516,1,0,1,8192,9,8259208589
16258,418741220,159215,418900435,0,0,0,54272,14,7991918701
16259,418753760,237403,418991163,1,0,0,72704,9,5472647215
16260,418780730,4679,418785409,1,0,1,12288,9,9175050089
16261,418785950,11016,418796966,9,0,1,17920,15,4923438288
16262,418796961,74787,418871748,5,0,0,512,18,1795091639
16263,418803430,11653,418815083,1,0,1,17408,9,624886494
16264,418812380,7522,418819902,2,0,1,5120,16,5592448908
16265,418827321,35054,418862375,4,0,1,61440,13,4864506269
16266,418829930,36311,418866241,7,0,1,6144,16,3997681950
16267,418861370,305860,419167230,1,0,0,127488,9,7326505452
16268,418862451,221785,419084236,5,0,0,512,18,6645990155
16269,418878891,142715,419021606,5,0,0,1024,18,643220382
16270,418902040,2946,418904986,5,0,1,3072,18,8248742721
16271,418914940,5802,418920742,7,0,1,6144,16,3408944068
16272,418937350,1042,418938392,8,0,1,1024,7,9418109503
16273,418965520,566,418966086,5,0,1,512,18,10563074651
16274,418970090,25030,418995120,7,0,1,4096,16,5470008776
16275,418971910,324613,419296523,1,0,0,240640,9,5035630821
16276,418977451,69527,419046978,5,0,0,3072,18,1062899160
16277,418987900,193795,419181695,0,0,0,25088,14,4486816694
16278,418998940,10499,419009439,1,0,1,16896,9,4070712691
16279,419061900,566,419062466,7,0,1,512,16,8137690987
16280,419190370,12566,419202936,9,0,1,20992,15,3397106292
16281,419237031,108464,419345495,5,0,0,2048,18,9248533006
16282,419250110,47013,419297123,8,0,1,512,7,6785833830
16283,419285201,14934,419300135,4,0,1,3584,13,10628781140
16284,419307450,5971,419313421,7,0,1,14848,16,148752334
16285,419321760,6278,419328038,1,0,1,6656,9,7987815359
16286,419428530,111332,419539862,7,0,0,65536,16,2377093128
16287,419433590,175686,419609276,0,0,0,55296,14,2783886402
16288,419440580,242838,419683418,1,0,0,70656,9,2180440085
16289,419455730,3128,419458858,8,0,1,9216,7,1181098791
16290,419458730,120858,419579588,0,0,0,13312,14,660802748
16291,419463341,184287,419647628,5,0,0,45056,18,1116867813
16292,419507380,566,419507946,1,0,1,512,9,10731042496
16293,419531770,12951,419544721,4,0,1,5120,13,5601551296
16294,419534271,12716,419546987,4,0,1,3584,13,2362892199
16295,419558621,297070,419855691,5,0,0,241664,18,6950546075
16296,419590690,18601,419609291,1,0,1,10240,9,10183507880
16297,419644290,17100,419661390,9,0,1,26624,15,957431013
16298,419664730,23617,419688347,8,0,1,12800,7,196114778
16299,419701300,4937,419706237,9,0,1,12800,15,10021608872
16300,419709680,13858,419723538,7,0,1,23552,16,4563769660
16301,419716430,13987,419730417,8,0,1,26112,7,129455957
16302,419749500,5454,419754954,9,0,1,13824,15,6748397188
16303,419757160,3904,419761064,1,0,1,10752,9,4387761610
16304,419804290,54481,419858771,9,0,1,3072,15,6699801457
16305,419807140,53525,419860665,8,0,1,10752,7,3064021990
16306,419813300,50159,419863459,9,0,1,3584,15,6196834234
16307,419817290,49395,419866685,1,0,1,5120,9,4555719121
16308,419828590,39721,419868311,9,0,1,2560,15,5842243783
16309,419832000,37284,419869284,9,0,1,12800,15,6961602828
16310,419840530,30380,419870910,8,0,1,2560,7,10714042521
16311,419885600,1518,419887118,9,0,1,1536,15,1154648341
16312,419889420,397695,420287115,1,0,0,42496,9,2900073539
16313,419905420,1042,419906462,8,0,1,1024,7,5907811155
16314,419953930,67748,420021678,1,0,0,8192,9,2521468944
16315,419954691,292536,420247227,5,0,0,52736,18,5254131459
16316,419990590,175655,420166245,1,0,0,19968,9,2427255371
16317,420001690,23120,420024810,9,0,1,41472,15,2686267682
16318,420002270,26406,420028676,9,0,1,6144,15,8875400451
16319,420016030,19264,420035294,8,0,1,23552,7,7976554445
16320,420040940,5802,420046742,9,0,1,6144,15,3789624769
16321,420041891,140710,420182601,5,0,0,3072,18,4177490744
16322,420065670,417765,420483435,7,0,0,82432,16,8384318400
16323,420109220,249829,420359049,7,0,0,45568,16,4344183607
16324,420135600,3904,420139504,1,0,1,10752,9,10288804242
16325,420148830,17438,420166268,1,0,1,26112,9,9695910020
16326,420161560,281465,420443025,1,0,0,21504,9,1522722750
16327,420203830,11791,420215621,9,0,1,19456,15,2214327415
16328,420206119,10808,420216927,6,0,1,2048,12,7026474765
16329,420207450,10783,420218233,7,0,1,2048,16,9468956173
16330,420224280,2470,420226750,8,0,1,2560,7,4929817730
16331,420261760,78548,420340308,1,0,0,18432,9,7408165485
16332,420273030,1042,420274072,7,0,1,1024,16,8125429265
16333,420323900,1994,420325894,8,0,1,2048,7,2659305312
16334,420363539,6278,420369817,6,0,1,6656,12,1834875905
16335,420370200,5802,420376002,9,0,1,6144,15,2066964401
16336,420379210,6278,420385488,1,0,1,6656,9,7142840018
16337,420390280,303112,420693392,1,0,0,230400,9,5486611842
16338,420404870,7230,420412100,1,0,1,7680,9,3436439353
16339,420464240,153097,420617337,7,0,0,19456,16,3967839557
16340,420498410,20882,420519292,8,0,1,33792,7,9300565705
16341,420617540,3422,420620962,7,0,1,3584,16,9643742531
16342,420627090,77377,420704467,1,0,1,17920,9,6923196919
16343,420657780,52664,420710444,1,0,1,18944,9,8618839639
16344,420670110,132185,420802295,0,0,0,57344,14,994156692
16345,420684651,118907,420803558,5,0,0,4096,18,3690535662
16346,420739751,158357,420898108,5,0,0,512,18,3023446902
16347,420744690,2870,420747560,3,0,1,8704,3,10140842157
16348,420803900,198901,421002801,7,0,0,87552,16,2606217082
16349,420804491,47444,420851935,5,0,0,2048,18,6519556314
16350,420862289,13770,420876059,6,0,1,26624,12,2457392234
16351,420892160,149433,421041593,7,0,0,44544,16,6868496210
16352,420949740,254735,421204475,7,0,0,215040,16,10273817810
16353,420983810,246603,421230413,7,0,0,72192,16,216308504
16354,421023730,3422,421027152,8,0,1,3584,7,8022649382
16355,421046489,3898,421050387,6,0,1,4096,12,1302912314
16356,421054910,4374,421059284,8,0,1,4608,7,6093091982
16357,421073090,11533,421084623,2,0,1,18944,16,7166296116
16358,421133710,4937,421138647,8,0,1,12800,7,1430162578
16359,421138470,66028,421204498,9,0,1,37376,15,4698516630
16360,421148111,173164,421321275,5,0,0,1536,18,7241279716
16361,421175530,405921,421581451,0,0,0,155136,14,6657664938
16362,421182350,259087,421441437,7,0,0,111104,16,4178384562
16363,421200280,30148,421230428,2,0,1,6144,16,3060711731
16364,421204020,26423,421230443,8,0,1,3584,7,581741307
16365,421226940,144840,421371780,1,0,0,8704,9,6333829444
16366,421280480,1042,421281522,2,0,1,1024,16,862077931
16367,421287580,31266,421318846,9,0,1,50688,15,9881984954
16368,421311850,8302,421320152,2,0,1,2048,16,5347126355
16369,421314510,7127,421321637,2,0,1,15360,16,5745400097
16370,421331660,1042,421332702,2,0,1,1024,16,1056156701
16371,421336139,3898,421340037,6,0,1,4096,12,3434622870
16372,421361790,223280,421585070,1,0,0,11776,9,1460058720
16373,421364049,1518,421365567,6,0,1,1536,12,5543285141
16374,421416510,29098,421445608,2,0,1,11264,16,3474820308
16375,421422120,194941,421617061,1,0,0,44032,9,2958932901
16376,421442080,290393,421732473,6,0,0,1024,12,1994356065
16377,421443660,141737,421585397,6,0,0,1024,12,6240139912
16378,421453539,3898,421457437,6,0,1,4096,12,4022542863
16379,421469919,3898,421473817,6,0,1,4096,12,9234783671
16380,421492470,22174,421514644,9,0,1,36352,15,9619805483
16381,421525330,177163,421702493,7,0,0,29184,16,5846621481
16382,421536100,50849,421586949,9,0,1,1536,15,4700997242
16383,421543940,44315,421588255,8,0,1,2048,7,6020185231
16384,421563430,241874,421805304,0,0,0,74240,14,578613653
16385,421567370,33011,421600381,8,0,1,23552,7,169650615
16386,421575440,41636,421617076,2,0,1,25600,16,3510224972
16387,421639210,245916,421885126,7,0,0,34816,16,10537033180
16388,421666189,1042,421667231,6,0,1,1024,12,2391181106
16389,421697060,8388,421705448,2,0,1,3072,16,5946373009
16390,421699480,424912,422124392,1,0,0,86528,9,1568329103
16391,421775911,87597,421863508,5,0,0,3072,18,8387029814
16392,421883310,2850,421886160,9,0,1,1024,15,10285056430
16393,421888050,288773,422176823,7,0,0,172032,16,10645084324
16394,421911850,4679,421916529,4,0,1,12288,13,4620799405
16395,421926481,566,421927047,4,0,1,512,13,2399555478
16396,421950130,274648,422224778,0,0,0,157184,14,4486159148
16397,421951410,4374,421955784,9,0,1,4608,15,558007542
16398,421982291,5712,421988003,4,0,1,14336,13,5516662308
16399,421997460,25446,422022906,9,0,1,46080,15,9162626780
16400,422011420,12472,422023892,5,0,1,1536,18,2987434592
16401,422032670,5326,422037996,4,0,1,5632,13,8313456398
16402,422050270,566,422050836,1,0,1,512,9,7071886842
16403,422055210,7230,422062440,1,0,1,7680,9,3423584060
16404,422057210,26610,422083820,9,0,1,47616,15,7080816623
16405,422064560,24086,422088646,1,0,1,7680,9,4056171619
16406,422101839,126026,422227865,6,0,1,9216,12,5571226011
16407,422107440,125431,422232871,1,0,1,5632,9,10162291081
16408,422115810,148936,422264746,6,0,0,4096,12,9353003540
16409,422135130,98727,422233857,9,0,1,1536,15,6151761740
16410,422147861,86867,422234728,4,0,1,12288,13,373140040
16411,422165780,321364,422487144,1,0,0,85504,9,5013086485
16412,422187430,49244,422236674,1,0,1,3072,9,146552407
16413,422194950,42678,422237628,2,0,1,9216,16,6838661235
16414,422204550,250667,422455217,0,0,0,39424,14,8474482223
16415,422241720,4420,422246140,9,0,1,11776,15,5399511327
16416,422307990,114958,422422948,0,0,0,7168,14,603282713
16417,422357220,4937,422362157,8,0,1,12800,7,6583680238
16418,422383690,4162,422387852,1,0,1,11264,9,7776375481
16419,422408551,2470,422411021,4,0,1,2560,13,7498813296
16420,422461891,210727,422672618,5,0,0,1024,18,4656918811
16421,422475749,16091,422491840,6,0,1,12288,12,4069531506
16422,422510459,3422,422513881,6,0,1,3584,12,9847875318
16423,422511990,6754,422518744,8,0,1,7168,7,6190306236
16424,422562101,4374,422566475,4,0,1,4608,13,9618512292
16425,422569910,5971,422575881,8,0,1,14848,7,1219594927
16426,422587590,3387,422590977,8,0,1,9728,7,5093579851
16427,422589310,3287,422592597,1,0,1,2048,9,7876600359
16428,422593371,54876,422648247,5,0,0,1536,18,2824532275
16429,422598299,2870,422601169,6,0,1,8704,12,8697592706
16430,422603269,4850,422608119,6,0,1,5120,12,2825846947
16431,422614690,2870,422617560,1,0,1,8704,9,439306237
16432,422624991,1518,422626509,4,0,1,1536,13,3599414398
16433,422631851,10757,422642608,4,0,1,17408,13,1054944849
16434,422648980,31783,422680763,8,0,1,51712,7,9791642176
16435,422657980,251575,422909555,7,0,0,49152,16,7203785290
16436,422672430,14542,422686972,8,0,1,21504,7,8559200366
16437,422701670,4679,422706349,1,0,1,12288,9,6704459714
16438,422747580,566,422748146,2,0,1,512,16,3717593731
16439,422755930,179068,422934998,1,0,0,83456,9,73180103
16440,422763060,3898,422766958,1,0,1,4096,9,3603738524
16441,422788590,103874,422892464,0,0,0,3072,14,5539681726
16442,422793450,144847,422938297,7,0,0,10752,16,1286797559
16443,422804040,4679,422808719,2,0,1,12288,16,2816639034
16444,422855809,1518,422857327,6,0,1,1536,12,7648653015
16445,422879270,67431,422946701,6,0,0,3584,12,4920269043
16446,422891590,257048,423148638,6,0,0,512,12,8876549715
16447,422904180,125032,423029212,1,0,0,5632,9,5907642785
16448,422931590,10086,422941676,2,0,1,9728,16,3080730748
16449,422943110,96242,423039352,6,0,0,4608,12,3908203599
16450,422945350,2870,422948220,8,0,1,8704,7,5486790576
16451,423015270,6754,423022024,2,0,1,7168,16,371154586
16452,423024450,1042,423025492,5,0,1,1024,18,8526818205
16453,423024810,123657,423148467,1,0,0,105984,9,10391911651
16454,423034590,47206,423081796,6,0,0,512,12,8259876042
16455,423056241,105474,423161715,5,0,0,1024,18,68132873
16456,423058039,566,423058605,6,0,1,512,12,9224496187
16457,423088671,87355,423176026,5,0,0,2560,18,10686299204
16458,423133331,202411,423335742,5,0,0,4608,18,4938144803
16459,423164110,4850,423168960,1,0,1,5120,9,8574665835
16460,423192730,117497,423310227,7,0,0,51200,16,5582573393
16461,423197020,6229,423203249,2,0,1,15360,16,2752426129
16462,423208840,214199,423423039,7,0,0,116736,16,7740140768
16463,423212070,566,423212636,8,0,1,512,7,5483704085
16464,423226859,197013,423423872,9,0,0,512,15,4177126224
16465,423251050,242387,423493437,1,0,0,119808,9,7814201823
16466,423263140,11016,423274156,1,0,1,17920,9,7190036908
16467,423271520,152181,423423701,1,0,0,2048,9,4761112011
16468,423303960,12537,423316497,1,0,1,6656,9,9426876406
16469,423319690,204179,423523869,0,0,0,58368,14,6318717996
16470,423321190,3904,423325094,2,0,1,10752,16,10102397104
16471,423323961,169678,423493639,5,0,0,512,18,10174499444
16472,423333740,5196,423338936,1,0,1,13312,9,6193735711
16473,423335140,426071,423761211,0,0,0,173568,14,3355062146
16474,423345040,4420,423349460,1,0,1,11776,9,9586369057
16475,423346950,313806,423660756,7,0,0,15360,16,7660494544
16476,423372329,277300,423649629,9,0,0,35328,15,3589349463
16477,423382650,40404,423423054,8,0,1,14336,7,5005355811
16478,423393320,36313,423429633,2,0,1,6144,16,7191374003
16479,423435390,4850,423440240,9,0,1,5120,15,56134310
16480,423456199,37253,423493452,6,0,1,7168,12,8922832621
16481,423465820,34532,423500352,1,0,1,7168,9,4116384980
16482,423467260,161057,423628317,7,0,0,10752,16,8372186944
16483,423496230,88979,423585209,0,0,0,6656,14,960406546
16484,423500950,1994,423502944,2,0,1,2048,16,8945341037
16485,423553270,1994,423555264,1,0,1,2048,9,3179015536
16486,423623099,6488,423629587,6,0,1,15872,12,1408767889
16487,423639040,21731,423660771,2,0,1,8192,16,6575914510
16488,423670379,1042,423671421,6,0,1,1024,12,5520518112
16489,423723190,86993,423810183,7,0,0,2048,16,4026258325
16490,423732190,34857,423767047,2,0,1,6144,16,4259219767
16491,423747410,21903,423769313,8,0,1,3584,7,9290750418
16492,423764350,104780,423869130,7,0,0,44032,16,4941294230
16493,423780843,5326,423786169,8,0,1,5632,7,9389033371
16494,423785440,100232,423885672,0,0,0,26624,14,2473299762
16495,423789720,11016,423800736,1,0,1,17920,9,10014983248
16496,423818809,134958,423953767,9,0,0,33280,15,267415628
16497,423851560,280174,424131734,1,0,0,53248,9,5771108628
16498,423885980,185716,424071696,7,0,0,80384,16,4893217527
16499,423899040,93894,423992934,0,0,0,11776,14,663323673
16500,423905450,5326,423910776,2,0,1,5632,16,5740567251
16501,423909010,189273,424098283,1,0,0,46592,9,5828532645
16502,423921629,6278,423927907,6,0,1,6656,12,1220809616
16503,423938250,4374,423942624,1,0,1,4608,9,3156584286
16504,423940590,239186,424179776,1,0,0,14336,9,6700729615
16505,423975059,167115,424142174,9,0,0,28160,15,10290696465
16506,424028930,143884,424172814,0,0,0,1024,14,10330174321
16507,424029279,6278,424035557,6,0,1,6656,12,6527032682
16508,424076140,97179,424173319,6,0,0,1024,12,2412802330
16509,424080801,123221,424204022,5,0,0,2048,18,8898874495
16510,424194299,7706,424202005,6,0,1,8192,12,6212625116
16511,424209040,78836,424287876,1,0,0,14336,9,4082234953
16512,424210180,77867,424288047,6,0,0,512,12,9550260035
16513,424225310,22691,424248001,9,0,1,37376,15,5097623147
16514,424267929,251523,424519452,9,0,0,22016,15,3233914289
16515,424274069,2946,424277015,6,0,1,3072,12,3392478491
16516,424281260,6802,424288062,8,0,1,15872,7,1025208629
16517,424298009,15062,424313071,6,0,1,29184,12,2440253417
16518,424329100,3645,424332745,2,0,1,10240,16,6566484386
16519,424337670,163229,424500899,6,0,0,7680,12,10275509321
16520,424408610,43904,424452514,6,0,0,512,12,2120857205
16521,424441910,50672,424492582,6,0,0,2560,12,102309683
16522,424458370,45596,424503966,6,0,0,1024,12,933804278
16523,424465229,175820,424641049,9,0,0,40448,15,2573540058
16524,424473750,51887,424525637,6,0,0,2048,12,6168064075
16525,424489480,4374,424493854,2,0,1,4608,16,2971534571
16526,424501691,57440,424559131,5,0,0,4608,18,10386154250
16527,424529660,53297,424582957,6,0,0,1024,12,7816016464
16528,424530030,154603,424684633,7,0,0,36864,16,5419710887
16529,424591391,93257,424684648,0,0,1,147456,14,712000298
16530,424615820,70038,424685858,2,0,1,5120,16,5120679730
16531,424755210,81302,424836512,6,0,0,2560,12,9635362826
16532,424797909,4850,424802759,6,0,1,5120,12,4878887369
16533,424845900,188765,425034665,1,0,0,89600,9,1042460570
16534,424863859,3128,424866987,6,0,1,9216,12,505406535
16535,424865640,6878,424872518,2,0,1,6144,16,3130527238
16536,424882670,6278,424888948,2,0,1,6656,16,4791180126
16537,424908610,1042,424909652,2,0,1,1024,16,9170427300
16538,424916001,45596,424961597,5,0,0,1024,18,4060258624
16539,424917400,118840,425036240,6,0,0,5120,12,9795328846
16540,425019389,22645,425042034,6,0,1,6144,12,3152205373
16541,425127960,105092,425233052,7,0,0,45056,16,3955753859
16542,425185940,2470,425188410,2,0,1,2560,16,5463516710
16543,425275919,5971,425281890,6,0,1,14848,12,7080129871
16544,425355900,100880,425456780,7,0,0,31232,16,6723393253
16545,425371030,566,425371596,2,0,1,512,16,9426777458
16546,425404571,57483,425462054,5,0,0,2048,18,7744917224
16547,425430720,92990,425523710,6,0,0,512,12,1207818218
16548,425437370,101192,425538562,7,0,0,32256,16,6524083186
16549,425445709,124042,425569751,9,0,0,24064,15,429874249
16550,425454980,50772,425505752,6,0,0,2048,12,3396280441
16551,425457240,103360,425560600,1,0,0,7680,9,4564387573
16552,425467400,145782,425613182,0,0,0,40960,14,4981544293
16553,425474790,5454,425480244,2,0,1,13824,16,1113989072
16554,425494020,68384,425562404,6,0,0,512,12,3027466536
16555,425518500,104204,425622704,6,0,0,512,12,5489681518
16556,425569660,117269,425686929,7,0,0,6656,16,4373795708
16557,425644169,79436,425723605,9,0,0,11264,15,4594560007
16558,425647010,4420,425651430,2,0,1,11776,16,5152133574
16559,425659419,5196,425664615,6,0,1,13312,12,7373989037
16560,425691690,6278,425697968,2,0,1,6656,16,1235480316
16561,425708820,264212,425973032,6,0,0,117248,12,7093833770
16562,425769079,4420,425773499,6,0,1,11776,12,1135490599
16563,425779750,151814,425931564,6,0,0,69120,12,3404662828
16564,425811579,3904,425815483,6,0,1,10752,12,7766979003
16565,425835959,162421,425998380,9,0,0,6656,15,2036701962
16566,425847180,149141,425996321,6,0,0,76288,12,4984673743
16567,425852300,20882,425873182,8,0,1,33792,7,336170494
16568,425880080,495036,426375116,6,0,0,273920,12,7897438115
16569,425897860,1518,425899378,8,0,1,1536,7,9211207714
16570,425898000,307145,426205145,6,0,0,58368,12,7908842129
16571,425913200,59847,425973047,8,0,1,20480,7,5376526977
16572,425914360,272986,426187346,7,0,0,36864,16,4384604326
16573,425926879,46183,425973062,6,0,1,9728,12,3640042181
16574,425967269,42628,426009897,6,0,1,18944,12,8983860713
16575,425973590,436516,426410106,7,0,0,114688,16,733087877
16576,425981479,32604,426014083,6,0,1,6656,12,6777885668
16577,426031310,10757,426042067,2,0,1,17408,16,2544005701
16578,426046890,453827,426500717,0,0,0,145408,14,2658569751
16579,426112320,344078,426456398,6,0,0,141312,12,10353128889
16580,426138930,5326,426144256,8,0,1,5632,7,4939095575
16581,426142591,529051,426671642,5,0,0,56832,18,1439756421
16582,426262430,474299,426736729,1,0,0,82432,9,6818779883
16583,426271410,289431,426560841,1,0,0,32768,9,5843569111
16584,426282569,92562,426375131,6,0,1,16384,12,6652236497
16585,426304191,294269,426598460,5,0,0,123392,18,5127170157
16586,426310510,371927,426682437,1,0,0,14336,9,1667625906
16587,426363780,346256,426710036,0,0,0,80896,14,556929211
16588,426369410,455789,426825199,6,0,0,74240,12,1140121603
16589,426415119,90853,426505972,6,0,1,13312,12,4949903637
16590,426451120,77090,426528210,5,0,1,41984,18,6844315594
16591,426454020,154454,426608474,1,0,0,15872,9,5810798484
16592,426476250,52626,426528876,5,0,1,1024,18,5055160643
16593,426533829,11016,426544845,6,0,1,17920,12,8395448385
16594,426552840,393529,426946369,6,0,0,62464,12,826976993
16595,426561340,303372,426864712,1,0,0,68608,9,1679719550
16596,426577670,34319,426611989,8,0,1,26112,7,1878354262
16597,426602140,13075,426615215,5,0,1,5120,18,5270991468
16598,426639191,159483,426798674,5,0,0,44544,18,8866490805
16599,426640830,254047,426894877,0,0,0,54784,14,7500237054
16600,426642480,2946,426645426,5,0,1,3072,18,6197163868
16601,426664070,316962,426981032,0,0,0,51200,14,4949765653
16602,426674820,7632,426682452,7,0,1,6144,16,2613101536
16603,426719520,30326,426749846,8,0,1,22016,7,10695077778
16604,426735470,19202,426754672,8,0,1,7680,7,10561712137
16605,426735840,21098,426756938,7,0,1,3584,16,1929720093
16606,426776760,568028,427344788,7,0,0,174080,16,6436033538
16607,426781130,306126,427087256,1,0,0,102400,9,6444300528
16608,426789991,329695,427119686,5,0,0,66560,18,3186296080
16609,426790219,423711,427213930,9,0,0,52736,15,5753513894
16610,426809220,22742,426831962,5,0,1,7168,18,9946556383
16611,426811080,22508,426833588,7,0,1,2560,16,5276394838
16612,426826860,884556,427711416,1,0,0,23552,9,6536008963
16613,426867800,321764,427189564,6,0,0,77312,12,8657079466
16614,426971090,10976,426982066,5,0,1,1024,18,757479365
16615,427003240,507889,427511129,0,0,0,222720,14,2239571825
16616,427038150,159697,427197847,0,0,0,27136,14,2467852463
16617,427054240,171093,427225333,7,0,0,37376,16,9277698723
16618,427140590,281209,427421799,0,0,0,49152,14,8687886290
16619,427146420,375980,427522400,0,0,0,36864,14,4830588109
16620,427208700,645546,427854246,6,0,0,77824,12,4911881079
16621,427208730,1137843,428346573,7,0,0,114176,16,2881158853
16622,427259749,16096,427275845,6,0,1,31232,12,10318755025
16623,427263140,344806,427607946,7,0,0,43008,16,7828867504
16624,427275471,713097,427988568,5,0,0,119296,18,409997054
16625,427328530,457778,427786308,1,0,0,108032,9,9868624578
16626,427336980,13021,427350001,5,0,1,13312,18,8690905100
16627,427376959,7706,427384665,6,0,1,8192,12,4166866866
16628,427397661,832068,428229729,5,0,0,368128,18,1176166665
16629,427406060,15770,427421830,5,0,1,20992,18,9191952157
16630,427406220,609726,428015946,6,0,0,39936,12,4431241559
16631,427414780,9906,427424686,5,0,1,8704,18,9171239324
16632,427422560,6894,427429454,3,0,1,12800,3,9828166737
16633,427459670,76030,427535700,8,0,1,22528,7,8446761636
16634,427462749,349044,427811793,9,0,0,60416,15,9181354175
16635,427501590,36376,427537966,3,0,1,3584,3,6841328740
16636,427515311,1075192,428590503,5,0,0,29184,18,4243853271
16637,427551980,727818,428279798,0,0,0,73728,14,4177008904
16638,427584840,1241769,428826609,1,0,0,92160,9,2400981728
16639,427585300,5971,427591271,5,0,1,14848,18,1158050518
16640,427601640,9943,427611583,3,0,1,10240,3,8560073627
16641,427640930,616381,428257311,1,0,0,90112,9,5685562833
16642,427658260,6278,427664538,8,0,1,6656,7,3138001049
16643,427660420,5196,427665616,8,0,1,13312,7,4534012904
16644,427675330,269249,427944579,6,0,0,39936,12,2706125684
16645,427676130,406962,428083092,0,0,0,13824,14,9682072150
16646,427680870,566,427681436,3,0,1,512,3,9058124227
16647,427713721,398330,428112051,5,0,0,68096,18,9408307083
16648,427726480,3422,427729902,3,0,1,3584,3,7250231739
16649,427730240,1518,427731758,3,0,1,1536,3,1793888944
16650,427732000,1281888,429013888,0,0,0,90112,14,3613982449
16651,427734370,566,427734936,8,0,1,512,7,225314509
16652,427735660,6488,427742148,2,0,1,15872,16,8287196382
16653,427763320,48488,427811808,2,0,1,17408,16,5881957114
16654,427790970,20869,427811839,3,0,1,24064,3,5600375811
16655,427800780,16499,427817279,2,0,1,13824,16,4535139310
16656,427803500,247493,428050993,6,0,0,36352,12,2132787107
16657,427813639,1398748,429212387,9,0,0,10752,15,6229584137
16658,427852150,8842,427860992,8,0,1,7168,7,1875953074
16659,427879160,516877,428396037,6,0,0,115200,12,2569708419
16660,427896170,408994,428305164,1,0,0,39936,9,9274689329
16661,427925530,367451,428292981,6,0,0,43008,12,7316362231
16662,427925770,1042,427926812,3,0,1,1024,3,2024064234
16663,427976430,16809,427993239,8,0,1,12288,7,4214919427
16664,427988640,9684,427998324,3,0,1,14848,3,4316525469
16665,428001050,350389,428351439,7,0,0,15872,16,162626836
16666,428042830,366794,428409624,1,0,0,12288,9,3869247596
16667,428057370,1518,428058888,3,0,1,1536,3,10014302946
16668,428110950,315633,428426583,6,0,0,37888,12,5961296648
16669,428111470,359499,428470969,7,0,0,31744,16,7798183100
16670,428116810,112934,428229744,5,0,1,1536,18,3244321359
16671,428132420,320611,428453031,1,0,0,44032,9,8191906485
16672,428135110,170085,428305195,8,0,1,9728,7,5278049337
16673,428139800,487811,428627611,0,0,0,74752,14,5130712186
16674,428144510,556996,428701506,7,0,0,64512,16,4332105044
16675,428161030,144180,428305210,8,0,1,24576,7,8655919591
16676,428169320,692716,428862036,0,0,0,116224,14,3943070074
16677,428169420,409977,428579397,7,0,0,48128,16,9333676839
16678,428180500,124725,428305225,2,0,1,8704,16,7204684913
16679,428187969,117287,428305256,6,0,1,5632,12,4179910918
16680,428189690,115581,428305271,8,0,1,2560,7,5215925116
16681,428203179,102107,428305286,6,0,1,10752,12,7620667002
16682,428207400,1097914,429305314,6,0,0,190464,12,7429255251
16683,428222499,86269,428308768,6,0,1,10240,12,2361389072
16684,428233449,113139,428346588,6,0,1,13312,12,1150537933
16685,428250120,101334,428351454,5,0,1,12800,18,3953954617
16686,428279429,1114780,429394209,9,0,0,132096,15,5757623201
16687,428334140,18348,428352488,5,0,1,1024,18,2508491106
16688,428364900,777773,429142673,6,0,0,157184,12,9667006544
16689,428407630,801466,429209096,7,0,0,73216,16,415555253
16690,428409450,4095,428413545,2,0,1,10752,16,107026661
16691,428424430,14211,428438641,5,0,1,19968,18,6703757093
16692,428424851,561550,428986401,5,0,0,109056,18,2813429589
16693,428461400,702972,429164372,7,0,0,71168,16,1561512989
16694,428485859,5326,428491185,6,0,1,5632,12,1230794629
16695,428505209,581546,429086755,9,0,0,239104,15,7317438914
16696,428513100,581634,429094734,1,0,0,26112,9,5096044348
16697,428585450,8173,428593623,2,0,1,9216,16,7789972881
16698,428599849,2470,428602319,6,0,1,2560,12,3008139303
16699,428608260,19926,428628186,5,0,1,512,18,3882582085
16700,428610470,20252,428630722,2,0,1,3072,16,7297244880
16701,428661249,13600,428674849,6,0,1,23040,12,8953393133
16702,428668920,685026,429353946,0,0,0,84992,14,6486914846
16703,428704640,542550,429247190,0,0,0,114176,14,8365799541
16704,428772680,414038,429186718,6,0,0,48128,12,6879401616
16705,428793140,5326,428798466,2,0,1,5632,16,3630702508
16706,428821520,350519,429172039,0,0,0,25088,14,51668812
16707,428867360,532176,429399536,6,0,0,17408,12,4882878615
16708,428877230,1518,428878748,3,0,1,1536,3,465109898
16709,428877300,2754,428880054,9,0,1,2048,15,7755028352
16710,428879039,5326,428884365,6,0,1,5632,12,6538363836
16711,428887690,15579,428903269,9,0,1,30208,15,4483472470
16712,428889770,14370,428904140,9,0,1,12288,15,7642216359
16713,428896650,512176,429408826,7,0,0,30208,16,3143853806
16714,428901330,6488,428907818,3,0,1,15872,3,10024248202
16715,428917710,410278,429327988,6,0,0,74240,12,2558161477
16716,428919630,5971,428925601,2,0,1,14848,16,4680445192
16717,428930320,11533,428941853,3,0,1,18944,3,1416714381
16718,428946830,4162,428950992,2,0,1,11264,16,3189985940
16719,428951361,476503,429427864,5,0,0,6656,18,5036853254
16720,428956791,468937,429425728,5,0,0,39424,18,7691684792
16721,428960479,226254,429186733,6,0,1,6144,12,2265583592
16722,428991630,255583,429247213,2,0,1,9216,16,10392631134
16723,429000190,618005,429618195,1,0,0,204288,9,1412766794
16724,429004480,242748,429247228,3,0,1,3072,3,8146500274
16725,429022020,225239,429247259,2,0,1,13824,16,3110861811
16726,429059740,245605,429305345,5,0,1,11776,18,8870452569
16727,429157761,255940,429413701,5,0,0,15872,18,9073824789
16728,429159820,168183,429328003,2,0,1,17920,16,9440540115
16729,429193949,205610,429399559,6,0,1,9216,12,1094938226
16730,429209310,507623,429716933,6,0,0,118784,12,9964291448
16731,429243939,181820,429425759,6,0,1,5632,12,2817832421
16732,429245090,388760,429633850,7,0,0,8192,16,194072263
16733,429262550,418160,429680710,6,0,0,46080,12,6746397963
16734,429274110,151680,429425790,2,0,1,9216,16,6460659825
16735,429278310,264622,429542932,7,0,0,18432,16,6307318736
16736,429283579,142234,429425813,6,0,1,9216,12,10140151765
16737,429306700,124847,429431547,3,0,1,6144,3,2794776184
16738,429316610,115296,429431906,3,0,1,9728,3,8516565537
16739,429319540,500202,429819742,7,0,0,66560,16,6939952458
16740,429340360,605178,429945538,1,0,0,53760,9,10651749940
16741,429346120,408284,429754404,7,0,0,122880,16,1054601152
16742,429348520,84372,429432892,3,0,1,1536,3,5309252583
16743,429365440,480993,429846433,6,0,0,87552,12,856531314
16744,429365730,757615,430123345,7,0,0,34816,16,4574375846
16745,429394220,562885,429957105,0,0,0,37888,14,1857451555
16746,429395120,795722,430190842,0,0,0,171008,14,6549058779
16747,429405021,949507,430354528,5,0,0,218112,18,8799301875
16748,429421560,13598,429435158,3,0,1,3584,3,9504218414
16749,429424940,429472,429854412,7,0,0,26112,16,2313629563
16750,429442809,1994,429444803,6,0,1,2048,12,3216348830
16751,429464700,7706,429472406,2,0,1,8192,16,3269064528
16752,429481030,620125,430101155,0,0,0,162816,14,1471023017
16753,429512400,4420,429516820,3,0,1,11776,3,60555310
16754,429529460,720380,430249840,0,0,0,35840,14,5680495451
16755,429531030,977219,430508249,6,0,0,9728,12,8025415020
16756,429552440,952830,430505270,6,0,0,6656,12,7760770321
16757,429580551,532163,430112714,5,0,0,37888,18,5367311831
16758,429581680,642649,430224329,7,0,0,73216,16,1637363790
16759,429581891,1460635,431042526,5,0,0,117760,18,1525798307
16760,429582120,1184222,430766342,0,0,0,223232,14,9689647596
16761,429604240,17486,429621726,2,0,1,3584,16,1868116553
16762,429614930,1215240,430830170,6,0,0,163328,12,4225657559
16763,429632340,758574,430390914,1,0,0,78848,9,2416867725
16764,429671360,83067,429754427,3,0,1,7680,3,7545547938
16765,429674250,80192,429754442,8,0,1,27136,7,231157411
16766,429715180,49748,429764928,5,0,1,16896,18,208895342
16767,429752060,18155,429770215,9,0,1,16896,15,8504936920
16768,429759980,17531,429777511,1,0,1,24576,9,8400448554
16769,429800690,693099,430493789,7,0,0,68096,16,4063512179
16770,429824240,1315387,431139627,1,0,0,94720,9,1612119563
16771,429826710,630747,430457457,7,0,0,99840,16,125849328
16772,429835970,52634,429888604,2,0,1,56320,16,1342918871
16773,429846141,520734,430366875,5,0,0,40448,18,9235639037
16774,429851950,1142015,430993965,1,0,0,188416,9,1748191340
16775,429859980,838331,430698311,0,0,0,143360,14,715832397
16776,429862810,28700,429891510,3,0,1,4608,3,3438038883
16777,429919350,1298838,431218188,7,0,0,90112,16,3156413068
16778,429931529,37843,429969372,6,0,1,20480,12,7366217908
16779,429975060,6278,429981338,2,0,1,6656,16,6188622763
16780,430009579,2946,430012525,6,0,1,3072,12,10117719881
16781,430046870,3898,430050768,2,0,1,4096,16,977916858
16782,430068749,1253290,431322039,9,0,0,32768,15,2736710353
16783,430071501,978216,431049717,5,0,0,23552,18,2273621472
16784,430098189,908442,431006631,9,0,0,41472,15,4707407627
16785,430140920,1049749,431190669,1,0,0,86016,9,1159679176
16786,430147611,1324986,431472597,5,0,0,76800,18,4405097427
16787,430166669,742145,430908814,9,0,0,10240,15,10710200718
16788,430185581,925147,431110728,5,0,0,200192,18,5721329981
16789,430203681,563956,430767637,5,0,0,4096,18,2510161616
16790,430212140,25547,430237687,2,0,1,22528,16,8924835076
16791,430301930,603741,430905671,6,0,0,95744,12,5336690001
16792,430473010,24160,430497170,3,0,1,3584,3,6378168057
16793,430480590,683856,431164446,7,0,0,81408,16,2704363409
16794,430482430,1169024,431651454,1,0,0,71680,9,8733051271
16795,430489090,8703,430497793,8,0,1,8704,7,7167159969
16796,430511760,1994,430513754,3,0,1,2048,3,10321429249
16797,430532619,1306432,431839051,9,0,0,64000,15,1539068367
16798,430550710,10757,430561467,3,0,1,17408,3,1938438541
16799,430560569,1244,430561813,6,0,1,512,12,1474257156
16800,430580720,655291,431236011,0,0,0,58368,14,10478122464
16801,430596000,766638,431362638,1,0,0,34304,9,5163325502
16802,430603999,1518,430605517,6,0,1,1536,12,3208860063
16803,430622179,1154106,431776285,9,0,0,94720,15,234157513
16804,430627949,683191,431311140,9,0,0,28160,15,1169322197
16805,430631570,1994,430633564,8,0,1,2048,7,4231228894
16806,430678020,93246,430771266,3,0,1,10240,3,3143251688
16807,430687490,88447,430775937,3,0,1,13312,3,2888569676
16808,430708690,121495,430830185,2,0,1,7168,16,4510125025
16809,430733190,784841,431518031,0,0,0,131584,14,332201624
16810,430761539,68661,430830200,6,0,1,22016,12,9728933108
16811,430812640,23006,430835646,2,0,1,13824,16,10173651401
16812,430836960,1119308,431956268,0,0,0,90624,14,7060237394
16813,430854950,724546,431579496,1,0,0,115200,9,3717403684
16814,430860350,588832,431449182,6,0,0,76800,12,1043624849
16815,430872239,373334,431245573,9,0,0,31232,15,4522840724
16816,430886900,742684,431629584,1,0,0,118272,9,3299545533
16817,430928189,5802,430933991,6,0,1,6144,12,6398276254
16818,430936120,57860,430993980,3,0,1,2048,3,2087549164
16819,430997299,238743,431236042,6,0,1,6144,12,5876957296
16820,431043440,1037794,432081234,0,0,0,110080,14,3232354005
16821,431046760,935419,431982179,0,0,0,84992,14,2027700818
16822,431070130,456028,431526158,0,0,0,26624,14,8660400001
16823,431077889,167699,431245588,6,0,1,11776,12,2937383158
16824,431092940,152663,431245603,2,0,1,1536,16,4360214788
16825,431127609,452534,431580143,9,0,0,2048,15,6408043647
16826,431145590,1026454,432172044,7,0,0,26624,16,7528999166
16827,431170079,307837,431477916,9,0,0,17408,15,3877052327
16828,431173600,1119314,432292914,1,0,0,49152,9,2098695917
16829,431178499,551411,431729910,9,0,0,17920,15,9103364033
16830,431243319,4746,431248065,6,0,1,2560,12,7099258954
16831,431260069,12825,431272894,6,0,1,21504,12,1146728377
16832,431276840,4374,431281214,3,0,1,4608,3,2523810544
16833,431277220,601448,431878668,0,0,0,114176,14,9529514643
16834,431283700,535820,431819520,1,0,0,141824,9,1648164910
16835,431323640,423762,431747402,1,0,0,55808,9,9722067646
16836,431359120,4552,431363672,8,0,1,1024,7,3239931194
16837,431373440,10499,431383939,3,0,1,16896,3,938891526
16838,431402451,526182,431928633,5,0,0,95744,18,9190351951
16839,431467000,537026,432004026,7,0,0,23040,16,5588800717
16840,431550939,329772,431880711,9,0,0,6656,15,5858529717
16841,431589229,40370,431629599,6,0,1,6656,12,2969524921
16842,431631950,472438,432104388,1,0,0,28672,9,10172535785
16843,431637280,19404,431656684,3,0,1,13312,3,8984074643
16844,431649750,249696,431899446,1,0,0,61440,9,6551072253
16845,431698060,11016,431709076,3,0,1,17920,3,5357376708
16846,431707040,12566,431719606,3,0,1,20992,3,81501414
16847,431712440,314957,432027397,0,0,0,64512,14,4219258198
16848,431737971,503439,432241410,5,0,0,154624,18,10578729787
16849,431759649,556323,432315972,9,0,0,30208,15,6864735677
16850,431786869,55344,431842213,6,0,1,9216,12,9507837511
16851,431807380,435917,432243297,7,0,0,6144,16,9383189730
16852,431809831,217737,432027568,2,0,0,512,16,5242015022
16853,431815839,655113,432470952,9,0,0,77824,15,8167088615
16854,431818970,294497,432113467,7,0,0,29696,16,8087671923
16855,431918300,796405,432714705,1,0,0,204800,9,8099387826
16856,431941600,1189502,433131102,0,0,0,185856,14,9935312277
16857,431955509,31679,431987188,6,0,1,5120,12,10711807017
16858,431955740,32754,431988494,3,0,1,2048,3,699510850
16859,431964200,842670,432806870,1,0,0,26624,9,3835032564
16860,431965599,23241,431988840,6,0,1,512,12,3619204114
16861,431972040,782598,432754638,1,0,0,98816,9,5247778812
16862,431972210,275782,432247992,7,0,0,15360,16,8711252067
16863,431975780,30814,432006594,1,0,1,35840,9,3599547375
16864,432016370,635920,432652290,7,0,0,26624,16,1680221881
16865,432028670,1001737,433030407,7,0,0,240640,16,2919999014
16866,432034200,1254679,433288879,7,0,0,174080,16,4948005656
16867,432064560,732600,432797160,7,0,0,114688,16,671663363
16868,432065899,651177,432717076,9,0,0,7680,15,4581484704
16869,432096890,20434,432117324,1,0,1,4096,9,5210930638
16870,432101821,257002,432358823,0,0,1,395264,14,1397004067
16871,432127531,753927,432881458,5,0,0,155648,18,7514248923
16872,432155960,204348,432360308,1,0,1,15360,9,8163531294
16873,432167271,425151,432592422,5,0,0,10752,18,9872539450
16874,432168450,197862,432366312,3,0,1,28672,3,505960994
16875,432255400,662869,432918269,7,0,0,12800,16,3350294155
16876,432287941,209765,432497706,5,0,0,13312,18,5631952253
16877,432325551,66682,432392233,0,0,1,82944,14,9909519528
16878,432366570,572062,432938632,1,0,0,24576,9,10057614491
16879,432368871,102104,432470975,0,0,1,155136,14,8168849753
16880,432378410,857398,433235808,0,0,0,135168,14,7063977373
16881,432405460,413094,432818554,1,0,0,7168,9,5771351209
16882,432427291,462458,432889749,5,0,0,27136,18,10601917739
16883,432434330,36660,432470990,1,0,1,11264,9,1923038553
16884,432452390,346345,432798735,0,0,0,5120,14,1106770245
16885,432483719,699400,433183119,9,0,0,70144,15,5738212001
16886,432500140,397076,432897216,1,0,0,1024,9,4283596051
16887,432544380,1042,432545422,1,0,1,1024,9,10514975709
16888,432548679,5326,432554005,6,0,1,5632,12,9804988582
16889,432566760,586369,433153129,7,0,0,72192,16,1580903737
16890,432582111,769291,433351402,5,0,0,55808,18,5283317892
16891,432607650,12308,432619958,1,0,1,20480,9,2594883622
16892,432641529,520195,433161724,9,0,0,28160,15,9726796087
16893,432648190,70889,432719079,3,0,1,2048,3,8940932531
16894,432650381,658341,433308722,5,0,0,65024,18,9237967146
16895,432676619,379715,433056334,9,0,0,84992,15,8106123249
16896,432707850,13175,432721025,3,0,1,3072,3,8796565378
16897,432722700,697027,433419727,7,0,0,79872,16,1116849459
16898,432751630,7954,432759584,3,0,1,12800,3,3562605189
16899,432753090,702318,433455408,1,0,0,77312,9,9652310686
16900,432771979,35441,432807420,6,0,1,512,12,5172887436
16901,432783210,569923,433353133,7,0,0,5632,16,5679831855
16902,432814721,519631,433334352,5,0,0,75776,18,4449218136
16903,432823959,1994,432825953,6,0,1,2048,12,4108345225
16904,432857069,36562,432893631,6,0,1,4096,12,1491857287
16905,432877100,16877,432893977,3,0,1,512,3,4313459804
16906,432912581,398652,433311233,5,0,0,8192,18,223185578
16907,432942390,587941,433530331,1,0,0,102912,9,7008458733
16908,432984231,76912,433061143,0,0,1,5120,14,5306055116
16909,432997210,625127,433622337,1,0,0,87552,9,8345018995
16910,433040090,25239,433065329,1,0,1,6656,9,4659168876
16911,433068009,320481,433388490,9,0,0,49152,15,5155015135
16912,433074650,108492,433183142,3,0,1,6656,3,4104746406
16913,433077170,280034,433357204,1,0,0,13312,9,8012362592
16914,433144390,423403,433567793,1,0,0,47616,9,7821652112
16915,433171350,17596,433188946,2,0,1,6144,16,2731903617
16916,433194700,139675,433334375,3,0,1,1024,3,4675413285
16917,433227321,324456,433551777,5,0,0,65024,18,5446969010
16918,433240850,116369,433357219,3,0,1,4096,3,9953953820
16919,433274640,82594,433357234,5,0,1,6656,18,9694738079
16920,433279130,368962,433648092,0,0,0,84480,14,3188629296
16921,433575660,3898,433579558,5,0,1,4096,18,1785305913
16922,433611110,146986,433758096,0,0,0,7680,14,5003008406
16923,433625121,55029,433680150,0,0,1,52224,14,7442646966
16924,433671360,333382,434004742,0,0,0,31232,14,9583193316
16925,433832930,566,433833496,3,0,1,512,3,4245303001
16926,433833970,205433,434039403,7,0,0,65536,16,3707111969
16927,433844041,51172,433895213,5,0,0,1536,18,8176566475
16928,433849261,44233,433893494,0,0,1,72704,14,3757939395
16929,433907571,337987,434245558,5,0,0,203264,18,4191509228
16930,434007390,265373,434272763,0,0,0,35328,14,7900764939
16931,434019859,327046,434346905,9,0,0,50688,15,1120156925
16932,434068550,109771,434178321,0,0,0,24064,14,6283831652
16933,434109990,254453,434364443,0,0,0,48640,14,6579503217
16934,434113340,7706,434121046,3,0,1,8192,3,2566057496
16935,434128701,329288,434457989,5,0,0,253952,18,8464595409
16936,434144841,378583,434523424,5,0,0,113664,18,935440630
16937,434165711,296988,434462699,5,0,0,15360,18,9988220275
16938,434168831,695954,434864785,5,0,0,195072,18,474459519
16939,434247390,364491,434611881,0,0,0,7680,14,4896049001
16940,434255551,525176,434780727,5,0,0,172544,18,2331552056
16941,434257520,1042,434258562,3,0,1,1024,3,3534692664
16942,434293940,1518,434295458,3,0,1,1536,3,3013006414
16943,434301390,13253,434314643,5,0,1,25600,18,9383140954
16944,434326860,305160,434632020,0,0,0,66048,14,3323303085
16945,434378520,79484,434458004,3,0,1,20992,3,8645972076
16946,434450450,18519,434468969,3,0,1,6656,3,7445252337
16947,434477309,319688,434796997,9,0,0,512,15,2672903059
16948,434479580,317230,434796810,7,0,0,52736,16,1498641090
16949,434511990,21684,434533674,2,0,1,16384,16,7231474136
16950,434521519,911807,435433326,9,0,0,89088,15,6581610911
16951,434551220,366658,434917878,0,0,0,161280,14,4668622053
16952,434555501,591106,435146607,5,0,0,35840,18,6802821595
16953,434625480,812416,435437896,7,0,0,14848,16,259121894
16954,434731650,622234,435353884,0,0,0,120320,14,3624036744
16955,434733589,187604,434921193,9,0,0,10752,15,7946113802
16956,434750770,384902,435135672,7,0,0,116736,16,1537123690
16957,434800940,63860,434864800,1,0,1,21504,9,2602030017
16958,434836829,352553,435189382,9,0,0,140288,15,5338729408
16959,434893391,512776,435406167,5,0,0,171520,18,4649194306
16960,434911390,14161,434925551,2,0,1,4608,16,615865040
16961,434915440,10777,434926217,2,0,1,1024,16,6489085327
16962,434917890,10273,434928163,2,0,1,3072,16,8030474622
16963,434922030,7439,434929469,3,0,1,2048,3,7253351286
16964,435032690,438948,435471638,7,0,0,92672,16,7368920959
16965,435034611,282590,435317201,5,0,0,176640,18,8510938914
16966,435124450,66885,435191335,3,0,1,2048,3,2808116011
16967,435128630,65291,435193921,2,0,1,4096,16,7626104056
16968,435181910,398804,435580714,0,0,0,48128,14,7199545016
16969,435185200,19583,435204783,3,0,1,26112,3,2167814493
16970,435197909,368095,435566004,9,0,0,108032,15,6400855148
16971,435208929,234450,435443379,9,0,0,17920,15,3689465895
16972,435240709,597141,435837850,9,0,0,352768,15,9275951665
16973,435258731,361321,435620052,5,0,0,9728,18,1444998577
16974,435273330,160027,435433357,2,0,1,9216,16,7377308606
16975,435332290,284783,435617073,0,0,0,35840,14,3426549829
16976,435346560,131315,435477875,2,0,1,6656,16,2079104181
16977,435369850,236288,435606138,7,0,0,24576,16,6159334425
16978,435383460,305598,435689058,7,0,0,53248,16,4458493962
16979,435438770,41051,435479821,3,0,1,3072,3,8767579537
16980,435439700,40275,435479975,1,0,1,8704,9,563228874
16981,435443110,49240,435492350,3,0,1,29184,3,946639670
16982,435516181,337440,435853621,5,0,0,51712,18,4158831858
16983,435531630,34389,435566019,3,0,1,10240,3,8978075455
16984,435539790,44305,435584095,3,0,1,3584,3,8489324056
16985,435556660,31301,435587961,2,0,1,6144,16,4784974245
16986,435589780,4850,435594630,1,0,1,5120,9,3735134496
16987,435636040,7706,435643746,1,0,1,8192,9,8547452671
16988,435677470,15954,435693424,2,0,1,4608,16,5353491188
16989,435757000,101033,435858033,4,0,1,11776,13,6993628573
16990,435898380,3422,435901802,1,0,1,3584,9,10449301993
16991,435919239,103220,436022459,9,0,0,38912,15,808624222
16992,435943590,121683,436065273,0,0,0,5632,14,5368821495
16993,435957651,4850,435962501,4,0,1,5120,13,9230865027
16994,435997580,111644,436109224,7,0,0,66560,16,6173452030
16995,436020190,24452,436044642,1,0,1,36352,9,8623332437
16996,436020830,29201,436050031,1,0,1,25600,9,7107377890
16997,436043580,140410,436183990,0,0,0,83968,14,5025411257
16998,436072500,7230,436079730,2,0,1,7680,16,677942316
16999,436093030,22464,436115494,3,0,1,6656,3,4569689905
17000,436135520,2470,436137990,2,0,1,2560,16,3219954318
17001,436145550,3645,436149195,3,0,1,10240,3,2619668972
17002,436170329,331342,436501671,9,0,0,260608,15,10252588234
17003,436179050,18727,436197777,3,0,1,26624,3,3590057355
17004,436215940,11533,436227473,3,0,1,18944,3,9590992448
17005,436249910,10241,436260151,2,0,1,16384,16,6678930752
17006,436258281,141381,436399662,5,0,0,2048,18,4475491676
17007,436304720,3904,436308624,2,0,1,10752,16,6675824342
17008,436315761,3128,436318889,4,0,1,9216,13,6328114232
17009,436405970,6278,436412248,3,0,1,6656,3,128589799
17010,436435060,72447,436507507,1,0,1,6144,9,7097301726
17011,436474201,34932,436509133,4,0,1,2560,13,1006340965
17012,436484230,64771,436549001,7,0,0,1536,16,2986217800
17013,436518481,31783,436550264,4,0,1,51712,13,1905007509
17014,436550741,176935,436727676,5,0,0,95744,18,4366431073
17015,436553720,323350,436877070,0,0,0,44032,14,6271257696
17016,436584440,3898,436588338,5,0,1,4096,18,10591321997
17017,436591169,5326,436596495,6,0,1,5632,12,6323802245
17018,436597280,3422,436600702,2,0,1,3584,16,6155782401
17019,436624841,547922,437172763,5,0,0,525824,18,2655142261
17020,436678530,15321,436693851,2,0,1,29696,16,7788405133
17021,436710750,476412,437187162,0,0,0,47104,14,1507739477
17022,436712700,20447,436733147,3,0,1,13824,3,9968862632
17023,436733990,14029,436748019,1,0,1,27136,9,1563980872
17024,436755140,471529,437226669,7,0,0,129536,16,3262792994
17025,436829990,450545,437280535,7,0,0,176640,16,8869844448
17026,436856360,1042,436857402,9,0,1,1024,15,6104440978
17027,436856980,1088,436858068,5,0,1,1024,18,2915980078
17028,436862030,422732,437284762,7,0,0,13824,16,4652338508
17029,436866150,13382,436879532,9,0,1,2560,15,3481702187
17030,436906269,3898,436910167,6,0,1,4096,12,5143011308
17031,436928231,506371,437434602,5,0,0,119808,18,3862897386
17032,436941219,347489,437288708,9,0,0,12800,15,10313492285
17033,436943800,3422,436947222,2,0,1,3584,16,9200231443
17034,436964620,12566,436977186,2,0,1,20992,16,1839858676
17035,436970260,402136,437372396,0,0,0,99328,14,5808667174
17036,436972160,21658,436993818,1,0,1,35328,9,10370279617
17037,436977640,21567,436999207,9,0,1,17408,15,9602519567
17038,436986320,488264,437474584,7,0,0,44032,16,2229338023
17039,437003840,5454,437009294,9,0,1,13824,15,1454649658
17040,437013231,447914,437461145,5,0,0,87040,18,1707257154
17041,437032620,194080,437226700,3,0,1,1024,3,3653187067
17042,437071821,490423,437562244,5,0,0,25600,18,3571368889
17043,437076890,477509,437554399,7,0,0,52224,16,9208342344
17044,437129630,155147,437284777,9,0,1,10240,15,7750007376
17045,437172781,119900,437292681,0,0,1,102400,14,3690668502
17046,437255780,37887,437293667,2,0,1,1536,16,4271433414
17047,437259000,345754,437604754,0,0,0,30208,14,5656391661
17048,437325810,523207,437849017,7,0,0,80384,16,6266939716
17049,437335750,36661,437372411,3,0,1,31744,3,4489230737
17050,437355839,354272,437710111,9,0,0,175104,15,6956263599
17051,437404599,325152,437729751,9,0,0,9216,15,3484020602
17052,437418950,67459,437486409,2,0,1,19456,16,9082174985
17053,437445880,45355,437491235,1,0,1,7680,9,8148156041
17054,437453930,45310,437499240,1,0,1,31744,9,2570989083
17055,437456559,44627,437501186,6,0,1,3072,12,7859834974
17056,437483760,22252,437506012,1,0,1,7680,9,6383993656
17057,437507909,3422,437511331,6,0,1,3584,12,7439730386
17058,437530870,4374,437535244,3,0,1,4608,3,2556392620
17059,437531010,23404,437554414,2,0,1,15360,16,9730694959
17060,437532499,356321,437888820,9,0,0,130560,15,3616683153
17061,437532680,21749,437554429,1,0,1,4096,9,917202227
17062,437544470,30349,437574819,1,0,1,20992,9,2368643732
17063,437561850,475774,438037624,0,0,0,298496,14,4908730270
17064,437596019,14546,437610565,6,0,1,6144,12,8157871345
17065,437598641,448210,438046851,5,0,0,30208,18,2916728037
17066,437642870,3422,437646292,9,0,1,3584,15,10027318197
17067,437650480,286201,437936681,0,0,0,17408,14,8989826872
17068,437664831,397175,438062006,5,0,0,49664,18,2423186851
17069,437688430,37535,437725965,1,0,1,30720,9,4165094960
17070,437726940,9032,437735972,3,0,1,15360,3,8068720901
17071,437733590,5302,437738892,1,0,1,11776,9,715735992
17072,437752309,2470,437754779,6,0,1,2560,12,3302088627
17073,437767619,566,437768185,6,0,1,512,12,10362904294
17074,437793790,507582,438301372,0,0,0,320512,14,10327078505
17075,437832831,288772,438121603,5,0,0,16896,18,9652719601
17076,437849029,50282,437899311,6,0,1,16896,12,4051094824
17077,437936880,7230,437944110,3,0,1,7680,3,3016913557
17078,437957330,382340,438339670,0,0,0,80384,14,3893253418
17079,438002780,73352,438076132,3,0,1,24064,3,7503642145
17080,438016999,64279,438081278,6,0,1,8192,12,4791207091
17081,438017990,68114,438086104,3,0,1,7680,3,2702455547
17082,438076830,74082,438150912,7,0,0,5632,16,10599440643
17083,438082601,232562,438315163,5,0,0,45056,18,9292516078
17084,438119340,14563,438133903,9,0,1,20480,15,5934262399
17085,438193121,148436,438341557,5,0,0,6144,18,9600587982
17086,438199560,145912,438345472,0,0,0,12800,14,10723481438
17087,438208690,220466,438429156,0,0,0,16896,14,10108276202
17088,438224980,127681,438352661,3,0,1,7680,3,3377609460
17089,438233429,120538,438353967,6,0,1,2048,12,7737713813
17090,438234689,263541,438498230,9,0,0,17920,15,4166422824
17091,438250190,105403,438355593,9,0,1,2560,15,8702690801
17092,438262700,230047,438492747,7,0,0,65536,16,3121516215
17093,438302320,58099,438360419,3,0,1,7680,3,4024561220
17094,438312430,55489,438367919,3,0,1,31744,3,9017887910
17095,438473870,25837,438499707,2,0,1,1536,16,8186755224
17096,438512440,127627,438640067,7,0,0,18432,16,1402732008
17097,438541089,1994,438543083,6,0,1,2048,12,1931975894
17098,438541819,4937,438546756,6,0,1,12800,12,5926416217
17099,438558130,7706,438565836,2,0,1,8192,16,4679843354
17100,438568850,211076,438779926,7,0,0,42496,16,6501786139
17101,438666491,24412,438690903,0,0,1,44032,14,8192131764
17102,438674630,175437,438850067,0,0,0,84992,14,2969328189
17103,438707720,165212,438872932,0,0,0,18944,14,2534909003
17104,438865740,7207,438872947,2,0,1,8704,16,2678949978
17105,438874500,147775,439022275,0,0,0,104960,14,3701287794
17106,438888360,14545,438902905,2,0,1,28160,16,7813546414
17107,438939110,2470,438941580,3,0,1,2560,3,302085788
17108,438961219,4420,438965639,6,0,1,11776,12,4318507023
17109,438970689,3128,438973817,6,0,1,9216,12,3813754940
17110,438984390,130996,439115386,0,0,0,13824,14,1292201408
17111,439009069,15192,439024261,6,0,1,2048,12,4642997161
17112,439024979,4374,439029353,6,0,1,4608,12,5430979452
17113,439028869,141363,439170232,9,0,0,41472,15,931510223
17114,439041159,6754,439047913,6,0,1,7168,12,9696433766
17115,439058910,96705,439155615,0,0,0,4096,14,90657254
17116,439072950,1518,439074468,3,0,1,1536,3,6862143809
17117,439134511,105248,439239759,5,0,0,45568,18,6581409627
17118,439151880,164530,439316410,0,0,0,68096,14,1213940356
17119,439160850,10416,439171266,3,0,1,1024,3,2332948592
17120,439202890,172604,439375494,0,0,0,16896,14,5804561258
17121,439222919,147412,439370331,9,0,0,33280,15,1766635520
17122,439228211,110080,439338291,5,0,0,23552,18,10273835854
17123,439268069,11533,439279602,6,0,1,18944,12,930244151
17124,439287340,4850,439292190,7,0,1,5120,16,1636439917
17125,439291651,355230,439646881,5,0,0,119296,18,1755441288
17126,439298589,311921,439610510,9,0,0,208384,15,8608930506
17127,439343400,7706,439351106,2,0,1,8192,16,1168693607
17128,439433410,276589,439709999,7,0,0,52736,16,109523026
17129,439471029,282882,439753911,9,0,0,30208,15,5881313551
17130,439478371,354461,439832832,5,0,0,114688,18,7380346405
17131,439494439,14287,439508726,6,0,1,27648,12,10651242070
17132,439494560,31302,439525862,7,0,1,37888,16,10489253852
17133,439504050,22158,439526208,7,0,1,512,16,9492227768
17134,439515209,201825,439717034,9,0,0,23040,15,5875022851
17135,439522180,6614,439528794,7,0,1,4096,16,813382765
17136,439531631,120585,439652216,5,0,0,17408,18,10190028576
17137,439537350,2470,439539820,1,0,1,2560,9,5602198791
17138,439541920,3898,439545818,3,0,1,4096,3,5834006636
17139,439571940,85399,439657339,3,0,1,16896,3,539504243
17140,439612580,65066,439677646,7,0,1,46080,16,4155920513
17141,439631679,46633,439678312,6,0,1,1024,12,1610080396
17142,439655770,32860,439688630,1,0,1,32768,9,6188337794
17143,439679249,10149,439689398,6,0,1,11776,12,2083308232
17144,439680600,12024,439692624,1,0,1,5120,9,9086619588
17145,439821330,13964,439835294,1,0,1,2560,9,4515238885
17146,439863361,135710,439999071,5,0,0,99840,18,2010075749
17147,439880390,5196,439885586,7,0,1,13312,16,7359028979
17148,439887679,13083,439900762,6,0,1,22016,12,10676700389
17149,439914559,160142,440074701,9,0,0,4608,15,6283031032
17150,439936601,136681,440073282,5,0,0,78336,18,5502836356
17151,439950940,5196,439956136,7,0,1,13312,16,9195750752
17152,439970530,33876,440004406,3,0,1,5632,3,4409318410
17153,439979299,34750,440014049,6,0,1,25600,12,6070451956
17154,440007800,16690,440024490,7,0,1,30720,16,1471563892
17155,440074780,234734,440309514,7,0,0,78336,16,10266514826
17156,440112150,3645,440115795,3,0,1,10240,3,374915498
17157,440135359,349677,440485036,9,0,0,146944,15,10310840412
17158,440135451,14545,440149996,4,0,1,28160,13,3604001523
17159,440183320,31007,440214327,3,0,1,50176,3,5610570231
17160,440186300,28898,440215198,1,0,1,12288,9,3180202206
17161,440242830,12566,440255396,7,0,1,20992,16,3893957817
17162,440258060,566,440258626,7,0,1,512,16,4273892212
17163,440327170,3898,440331068,1,0,1,4096,9,5012053019
17164,440350150,3128,440353278,7,0,1,9216,16,1131981987
17165,440368890,1042,440369932,3,0,1,1024,3,9986396970
17166,440398820,1518,440400338,7,0,1,1536,16,5193509589
17167,440407440,5196,440412636,3,0,1,13312,3,5984512870
17168,440412980,96817,440509797,7,0,0,11776,16,5150705927
17169,440429660,2470,440432130,3,0,1,2560,3,6075756751
17170,440447169,42038,440489207,6,0,1,11264,12,45632558
17171,440472880,21875,440494755,7,0,1,6656,16,1945819028
17172,440571781,126190,440697971,5,0,0,75264,18,9782116630
17173,440616690,566,440617256,7,0,1,512,16,1255488610
17174,440645890,7706,440653596,1,0,1,8192,9,9465684686
17175,440651060,2882,440653942,3,0,1,512,3,9539801929
17176,440669089,122564,440791653,9,0,0,102400,15,9195747854
17177,440693790,9975,440703765,1,0,1,6144,9,6886311018
17178,440756720,566,440757286,1,0,1,512,9,1775313566
17179,440796880,7230,440804110,1,0,1,7680,9,4606749608
17180,440801020,185627,440986647,0,0,0,31232,14,2395800151
17181,440804490,12566,440817056,7,0,1,20992,16,10626814799
17182,440815630,6278,440821908,1,0,1,6656,9,2978983628
17183,440826240,16354,440842594,3,0,1,31744,3,8183555453
17184,440837110,6355,440843465,3,0,1,12288,3,4844947707
17185,440851480,3898,440855378,3,0,1,4096,3,5912444893
17186,440884790,206385,441091175,7,0,0,19456,16,7156301954
17187,440898500,2870,440901370,7,0,1,8704,16,1100213250
17188,440918071,101348,441019419,5,0,0,32768,18,5249875614
17189,440977220,42214,441019434,1,0,1,38912,9,5369286370
17190,441047461,330309,441377770,5,0,0,83968,18,7338169727
17191,441067551,284620,441352171,5,0,0,222208,18,4493514414
17192,441073020,6754,441079774,1,0,1,7168,9,7142693598
17193,441076080,316245,441392325,0,0,0,47616,14,7471370701
17194,441169130,2870,441172000,1,0,1,8704,9,3541689213
17195,441264510,1994,441266504,7,0,1,2048,16,5655927181
17196,441272170,3898,441276068,7,0,1,4096,16,6071621339
17197,441295631,183011,441478642,5,0,0,31232,18,2922811755
17198,441306771,436798,441743569,5,0,0,34304,18,1235172987
17199,441326580,76720,441403300,1,0,1,17920,9,1595596909
17200,441348600,57606,441406206,7,0,1,4608,16,8735321966
17201,441382080,288292,441670372,7,0,0,252928,16,1343141151
17202,441387500,24300,441411800,1,0,1,18432,9,2305494347
17203,441411890,3904,441415794,1,0,1,10752,9,9663864834
17204,441438681,251081,441689762,5,0,0,63488,18,624590062
17205,441459581,242676,441702257,5,0,0,40960,18,4367884403
17206,441560760,3387,441564147,1,0,1,9728,9,10363369879
17207,441591750,78637,441670387,3,0,1,15360,3,6834611657
17208,441609901,189420,441799321,5,0,0,11264,18,1841534528
17209,441617720,88141,441705861,7,0,1,10240,16,8680319456
17210,441718430,117383,441835813,7,0,0,37376,16,9135520598
17211,441755600,5712,441761312,7,0,1,14336,16,5961090131
17212,441772260,3128,441775388,1,0,1,9216,9,8867018553
17213,441888850,5326,441894176,5,0,1,5632,18,10471821808
17214,441921891,98384,442020275,5,0,0,23040,18,10645739119
17215,441927140,214175,442141315,7,0,0,138240,16,7408468948
17216,441982310,3898,441986208,5,0,1,4096,18,3705491750
17217,442001020,19270,442020290,5,0,1,24576,18,790521312
17218,442031980,5454,442037434,5,0,1,13824,18,8669870745
17219,442041130,2470,442043600,2,0,1,2560,16,63325273
17220,442121311,172927,442294238,5,0,0,79872,18,7947544285
17221,442127861,72603,442200464,5,0,0,5120,18,5100748269
17222,442132120,21028,442153148,1,0,1,19456,9,7286940189
17223,442174860,566,442175426,2,0,1,512,16,4796573527
17224,442181180,2946,442184126,2,0,1,3072,16,5219786311
17225,442182510,12825,442195335,1,0,1,21504,9,7122974203
17226,442195910,5196,442201106,1,0,1,13312,9,8589735493
17227,442204049,120784,442324833,9,0,0,12800,15,7474942208
17228,442227640,5712,442233352,2,0,1,14336,16,2315394674
17229,442246290,153591,442399881,0,0,0,97792,14,9339741356
17230,442279030,19115,442298145,7,0,1,4096,16,3945743912
17231,442281599,232748,442514347,9,0,0,52224,15,2308785814
17232,442305310,11791,442317101,7,0,1,19456,16,7755667315
17233,442316180,1267,442317447,7,0,1,512,16,1147809290
17234,442355510,171839,442527349,7,0,0,33280,16,4266822833
17235,442367580,32324,442399904,1,0,1,15872,9,6231877196
17236,442371840,34787,442406627,2,0,1,7168,16,7753270683
17237,442459580,1042,442460622,1,0,1,1024,9,2235889321
17238,442463720,2946,442466666,1,0,1,3072,9,560840090
17239,442517820,13725,442531545,5,0,1,11264,18,5070983931
17240,442518380,268837,442787217,0,0,0,100864,14,925630353
17241,442521820,183809,442705629,0,0,0,71168,14,727687845
17242,442576420,241232,442817652,0,0,0,99840,14,2597062594
17243,442581490,174911,442756401,0,0,0,14848,14,962668418
17244,442619071,205304,442824375,5,0,0,22016,18,3460777296
17245,442650530,182791,442833321,7,0,0,29184,16,6592824840
17246,442685210,359445,443044655,6,0,0,129536,12,3324689602
17247,442698630,10144,442708774,1,0,1,9216,9,2802857042
17248,442710519,233257,442943776,9,0,0,57856,15,8750351024
17249,442746601,326202,443072803,5,0,0,84480,18,1344074915
17250,442749800,74598,442824398,1,0,1,36864,9,7333767415
17251,442772030,415406,443187436,6,0,0,119296,12,6933969922
17252,442777840,268234,443046074,0,0,0,4608,14,4551201853
17253,442815460,34174,442849634,1,0,1,31744,9,1417501628
17254,442827200,219840,443047040,7,0,0,3072,16,7461578053
17255,442891750,319569,443211319,6,0,0,78336,12,7920571675
17256,442898900,51516,442950416,1,0,1,83456,9,7410210903
17257,442964480,260582,443225062,6,0,0,45056,12,3093667075
17258,442966410,1042,442967452,7,0,1,1024,16,4919446610
17259,442991951,483022,443474973,5,0,0,73216,18,6771920922
17260,443001250,44839,443046089,7,0,1,5120,16,4907500735
17261,443041630,34078,443075708,7,0,1,3072,16,4145299854
17262,443054860,282901,443337761,6,0,0,174592,12,7499693388
17263,443067720,12024,443079744,1,0,1,14848,9,1109545691
17264,443070510,596072,443666582,0,0,0,215040,14,10493089154
17265,443090790,3128,443093918,7,0,1,9216,16,3252756259
17266,443094620,651295,443745915,6,0,0,67584,12,1574958526
17267,443119100,236520,443355620,1,0,1,387072,9,4148913605
17268,443119751,689515,443809266,5,0,0,207872,18,3920750645
17269,443158520,208032,443366552,1,0,1,44032,9,4739454475
17270,443174770,202100,443376870,1,0,1,40960,9,5789560555
17271,443202239,136973,443339212,9,0,0,4608,15,7311421315
17272,443238500,447480,443685980,0,0,0,63488,14,4449652816
17273,443239551,628187,443867738,5,0,0,104960,18,9069477045
17274,443271180,116315,443387495,1,0,1,34304,9,1391962868
17275,443290690,97791,443388481,7,0,1,1536,16,3886021783
17276,443302010,112904,443414914,1,0,1,93696,9,8684593333
17277,443312610,106170,443418780,7,0,1,6144,16,10123336455
17278,443316320,123556,443439876,1,0,1,68096,9,4896756820
17279,443362970,83524,443446494,1,0,1,23552,9,8593601937
17280,443385251,1295120,444680371,5,0,0,256000,18,2132116719
17281,443386360,504169,443890529,6,0,0,74752,12,3577245005
17282,443415260,36521,443451781,1,0,1,25088,9,4677561139
17283,443451881,516179,443968060,5,0,0,82432,18,5842263725
17284,443470350,887830,444358180,7,0,0,95232,16,5783537173
17285,443475351,1042,443476393,4,0,1,1024,13,10443765289
17286,443509770,5454,443515224,1,0,1,13824,9,3214698948
17287,443537590,5971,443543561,7,0,1,14848,16,5876181620
17288,443538110,1019093,444557203,0,0,0,66560,14,401153116
17289,443549980,893578,444443558,0,0,0,200704,14,3800305300
17290,443577320,89285,443666605,1,0,1,89088,9,8307784075
17291,443589640,98293,443687933,7,0,1,2048,16,7150343440
17292,443637891,1227750,444865641,5,0,0,270336,18,7961983758
17293,443651000,46579,443697579,8,0,1,17920,7,456764370
17294,443734020,80606,443814626,7,0,1,5632,16,5374747576
17295,443742440,528071,444270511,0,0,0,118272,14,8923926014
17296,443748490,785579,444534069,6,0,0,296960,12,4037647326
17297,443835190,875000,444710190,7,0,0,97792,16,3029600326
17298,443874651,399323,444273974,5,0,0,11264,18,1042526976
17299,443890461,646447,444536908,5,0,0,9216,18,7858756799
17300,443907430,11791,443919221,7,0,1,19456,16,4300857613
17301,443965541,962591,444928132,5,0,0,83968,18,10516673928
17302,443968800,12049,443980849,7,0,1,19968,16,10350474395
17303,444054560,728698,444783258,7,0,0,43520,16,8305496393
17304,444075890,496171,444572061,0,0,0,48640,14,676081492
17305,444097140,672843,444769983,0,0,0,54272,14,263187500
17306,444124051,598322,444722373,5,0,0,39936,18,3941697180
17307,444139151,813971,444953122,5,0,0,51712,18,3202702602
17308,444170580,799896,444970476,6,0,0,6656,12,5838196383
17309,444172360,581072,444753432,7,0,0,101888,16,5808212177
17310,444213020,2946,444215966,7,0,1,3072,16,6282599144
17311,444239440,42199,444281639,7,0,1,8192,16,10498250615
17312,444258801,768980,445027781,5,0,0,109056,18,3012187504
17313,444288770,599997,444888767,3,0,0,512,3,422197313
17314,444319710,568878,444888588,6,0,0,75264,12,2121924275
17315,444324000,613351,444937351,0,0,0,30208,14,6843707439
17316,444349490,543816,444893306,0,0,0,14848,14,3405674854
17317,444351560,550973,444902533,6,0,0,30208,12,8421977618
17318,444421020,136206,444557226,7,0,1,3072,16,10031206469
17319,444439020,529413,444968433,0,0,0,50176,14,9444957527
17320,444461410,110666,444572076,7,0,1,13312,16,1325006570
17321,444581930,395737,444977667,6,0,0,23552,12,4648678979
17322,444614610,484890,445099500,0,0,0,54784,14,2610511179
17323,444770940,206750,444977690,7,0,1,10752,16,5584984233
17324,444778289,302610,445080899,9,0,0,25088,15,1008547647
17325,444941009,311180,445252189,9,0,0,63488,15,2741893037
17326,445023280,233760,445257040,7,0,0,15872,16,9569648823
17327,445052240,165515,445217755,7,0,0,21504,16,3330603141
17328,445152299,302847,445455146,9,0,0,141312,15,2563684654
17329,445210540,7230,445217770,7,0,1,11776,16,3530869856
17330,445263960,211333,445475293,0,0,0,66048,14,9644487124
17331,445288260,275877,445564137,0,0,0,108544,14,3800601630
17332,445288361,100449,445388810,5,0,0,14336,18,1145269625
17333,445303750,53066,445356816,1,0,1,86528,9,5406364704
17334,445340060,16910,445356970,9,0,1,8704,15,8620566824
17335,445359640,10499,445370139,7,0,1,16896,16,7303750336
17336,445383570,109478,445493048,0,0,0,27648,14,233268876
17337,445427649,286870,445714519,9,0,0,35840,15,1025170017
17338,445433171,152016,445585187,5,0,0,27648,18,8842196985
17339,445526599,227715,445754314,9,0,0,130560,15,5882622806
17340,445614231,145402,445759633,5,0,0,17408,18,7686098909
17341,445683131,6488,445689619,0,0,1,15872,14,10572226706
17342,445728980,220984,445949964,7,0,0,68608,16,3587499067
17343,445760101,95140,445855241,5,0,0,27136,18,6328641665
17344,445766361,265701,446032062,5,0,0,110080,18,1181606735
17345,445766811,156914,445923725,5,0,0,55296,18,9736495299
17346,445781680,1042,445782722,7,0,1,1024,16,6548897658
17347,445845271,274340,446119611,5,0,0,165888,18,5553451332
17348,445854449,131406,445985855,9,0,0,31232,15,7756038888
17349,445940940,12914,445953854,3,0,1,4096,3,3302223865
17350,446001001,45857,446046858,0,0,1,28672,14,4333401705
17351,446070070,151198,446221268,6,0,0,23552,12,9524756763
17352,446136309,77768,446214077,9,0,0,15872,15,6029683858
17353,446281000,146528,446427528,6,0,0,135680,12,9590651977
17354,446307081,377811,446684892,5,0,0,302592,18,707536907
17355,446336511,252561,446589072,5,0,0,78848,18,6417693058
17356,446348991,338412,446687403,5,0,0,8192,18,9460900336
17357,446420460,289218,446709678,7,0,0,45056,16,3268941497
17358,446453150,241912,446695062,7,0,0,25088,16,644160894
17359,446470510,4937,446475447,2,0,1,12800,16,1238606647
17360,446507370,230247,446737617,0,0,0,91648,14,5305696735
17361,446515201,277955,446793156,8,0,0,86016,7,10268671579
17362,446521191,174206,446695397,5,0,0,1024,18,8029409085
17363,446529580,2470,446532050,2,0,1,2560,16,6418852301
17364,446660270,260788,446921058,7,0,0,184832,16,9598092877
17365,446722030,319045,447041075,6,0,0,40960,12,6944077851
17366,446725260,85042,446810302,0,0,0,9216,14,4169838024
17367,446733151,327923,447061074,5,0,0,57344,18,201061022
17368,446746150,282422,447028572,6,0,0,143360,12,6143105603
17369,446758889,188599,446947488,9,0,0,48640,15,5940703075
17370,446773619,318164,447091783,9,0,0,10752,15,7421045820
17371,446831060,23725,446854785,2,0,1,39424,16,9534499339
17372,446910730,20819,446931549,5,0,1,16896,18,199383754
17373,446947090,155167,447102257,6,0,0,8192,12,6839746820
17374,446987280,56274,447043554,2,0,1,2560,16,2997394090
17375,447019670,41427,447061097,2,0,1,27136,16,8206772167
17376,447026860,229285,447256145,6,0,0,11264,12,2122037197
17377,447044980,29944,447074924,2,0,1,23552,16,7217830856
17378,447073690,3387,447077077,2,0,1,9728,16,1922420839
17379,447132000,251123,447383123,0,0,0,58880,14,6214166405
17380,447161349,170765,447332114,9,0,0,123904,15,5595190224
17381,447167510,284163,447451673,0,0,0,60928,14,6860563866
17382,447217620,11016,447228636,7,0,1,17920,16,5584711689
17383,447251890,270091,447521981,6,0,0,33792,12,8920815045
17384,447253351,239338,447492689,5,0,0,29184,18,1833116883
17385,447262130,12566,447274696,3,0,1,20992,3,6297420608
17386,447282550,55660,447338210,7,0,0,512,16,6242994814
17387,447373519,229601,447603120,9,0,0,41472,15,3152544206
17388,447402140,59132,447461272,7,0,0,5120,16,7474178924
17389,447408500,4679,447413179,2,0,1,12288,16,5187468766
17390,447424760,1042,447425802,2,0,1,1024,16,8275211635
17391,447452630,72806,447525436,0,0,0,11264,14,9420075052
17392,447489240,67985,447557225,7,0,0,1024,16,6323933053
17393,447498520,45596,447544116,7,0,0,1024,16,5400831391
17394,447508500,149391,447657891,6,0,0,15872,12,4511778672
17395,447511260,117380,447628640,7,0,0,512,16,6650853353
17396,447512590,115879,447628469,0,0,0,49664,14,1768540673
17397,447536330,566,447536896,2,0,1,512,16,5923379135
17398,447556169,405793,447961962,9,0,0,389632,15,817871194
17399,447557770,22433,447580203,3,0,1,36864,3,4298799139
17400,447647420,10486,447657906,2,0,1,6144,16,6770322063
17401,447654030,363688,448017718,6,0,0,57344,12,5875458676
17402,447661910,322454,447984364,6,0,0,40448,12,4225192818
17403,447679279,407403,448086682,9,0,0,122368,15,6366408743
17404,447681020,2470,447683490,3,0,1,2560,3,2249271996
17405,447687770,300998,447988768,7,0,0,1536,16,6981232870
17406,447744520,227481,447972001,0,0,0,32768,14,1617243362
17407,447837400,202068,448039468,0,0,0,36864,14,3465100443
17408,447856920,160821,448017741,1,0,1,53760,9,22371856
17409,447889680,294173,448183853,0,0,0,43520,14,3435143561
17410,447907930,109826,448017756,2,0,1,2048,16,9694419201
17411,447914050,181391,448095441,6,0,0,28672,12,3993296149
17412,447933051,231096,448164147,5,0,0,59904,18,10379460859
17413,447947270,74595,448021865,1,0,1,50688,9,7194566601
17414,447985969,218158,448204127,9,0,0,60416,15,10150830636
17415,448053029,251778,448304807,9,0,0,51200,15,6091841382
17416,448057361,406710,448464071,5,0,0,32256,18,9138210920
17417,448094200,306737,448400937,0,0,0,102912,14,2269923790
17418,448094630,210504,448305134,7,0,0,1024,16,9285883415
17419,448106721,309831,448416552,8,0,0,51200,7,9334530675
17420,448132760,312511,448445271,6,0,0,94208,12,8686376068
17421,448144040,20122,448164162,9,0,1,4608,15,1692952154
17422,448236850,11274,448248124,8,0,1,18432,7,4239444154
17423,448260910,96042,448356952,6,0,0,5632,12,2635958464
17424,448269221,267958,448537179,8,0,0,32768,7,2622083588
17425,448335840,267021,448602861,0,0,0,45568,14,4962797347
17426,448340240,354396,448694636,0,0,0,38400,14,2755467798
17427,448387970,63137,448451107,3,0,1,6144,3,2643503362
17428,448404310,59776,448464086,3,0,1,6656,3,3307057303
17429,448412789,222087,448634876,9,0,0,3584,15,466147366
17430,448450849,215113,448665962,9,0,0,8704,15,2112147953
17431,448507240,51793,448559033,7,0,0,1024,16,1660195351
17432,448535760,3405,448539165,3,0,1,2048,3,1735843177
17433,448560661,228085,448788746,8,0,0,119296,7,1659482316
17434,448567180,91678,448658858,7,0,0,512,16,6762478344
17435,448658290,3422,448661712,3,0,1,3584,3,10297153725
17436,448699130,7706,448706836,5,0,1,8192,18,2178621317
17437,448714900,76373,448791273,7,0,0,8192,16,168970510
17438,448729350,128997,448858347,6,0,0,97280,12,3388991782
17439,448753060,312472,449065532,0,0,0,283136,14,7775629251
17440,448777150,294341,449071491,6,0,0,19456,12,2800573912
17441,448786889,178761,448965650,9,0,0,4608,15,9255290422
17442,448792110,4374,448796484,3,0,1,4608,3,4339361790
17443,448834500,138602,448973102,7,0,0,512,16,5136273330
17444,448958850,13600,448972450,3,0,1,23040,3,10661813910
17445,449006169,166943,449173112,9,0,0,53248,15,6955556057
17446,449009471,210297,449219768,8,0,0,45056,7,5542452988
17447,449036530,191053,449227583,6,0,0,25600,12,1041826185
17448,449116780,2870,449119650,9,0,1,8704,15,980334498
17449,449124771,231966,449356737,8,0,0,108032,7,5212510804
17450,449175370,4162,449179532,3,0,1,11264,3,4431259844
17451,449183101,197527,449380628,5,0,0,78336,18,474611418
17452,449198410,3422,449201832,9,0,1,3584,15,2607014699
17453,449296780,13512,449310292,3,0,1,26112,3,1729916872
17454,449299890,12351,449312241,9,0,1,3072,15,4333812327
17455,449309950,264125,449574075,0,0,0,67584,14,1431846249
17456,449312210,3387,449315597,9,0,1,9728,15,4477507129
17457,449314810,171508,449486318,0,0,0,96256,14,9492707585
17458,449318270,3904,449322174,9,0,1,10752,15,7160997782
17459,449337600,334173,449671773,0,0,0,160256,14,4628388245
17460,449405240,5196,449410436,3,0,1,13312,3,6177171492
17461,449442721,238739,449681460,5,0,0,31744,18,4349910192
17462,449458750,125032,449583782,7,0,0,512,16,3104603488
17463,449544680,7706,449552386,9,0,1,8192,15,8203703364
17464,449564121,120162,449684283,8,0,0,9216,7,2601368624
17465,449663340,69915,449733255,7,0,0,2048,16,8284209983
17466,449667010,126594,449793604,6,0,0,58880,12,7061619283
17467,449676450,12037,449688487,9,0,1,11264,15,3889413188
17468,449728570,117258,449845828,6,0,0,11264,12,5899783896
17469,449762980,566,449763546,9,0,1,512,15,7360606822
17470,449826550,15579,449842129,3,0,1,30208,3,3686688409
17471,449836150,9693,449845843,9,0,1,12288,15,2781102870
17472,449862140,59101,449921241,7,0,0,3584,16,5118669066
17473,449868621,137682,450006303,8,0,0,54784,7,10496103347
17474,449879810,155839,450035649,0,0,0,49152,14,9685843733
17475,449916870,1518,449918388,3,0,1,1536,3,6492765701
17476,449936131,209898,450146029,5,0,0,50176,18,855728072
17477,449963191,141980,450105171,5,0,0,29184,18,8635509959
17478,450002340,51243,450053583,7,0,0,1536,16,3491863881
17479,450038111,238581,450276692,8,0,0,38912,7,4988148206
17480,450052949,211864,450264813,9,0,0,163840,15,7629590410
17481,450120070,157729,450277799,7,0,0,3584,16,8765606495
17482,450127611,251275,450378886,5,0,0,35328,18,7760754076
17483,450162540,10757,450173297,8,0,1,17408,7,970371274
17484,450169961,195686,450365647,5,0,0,152576,18,4591924039
17485,450217261,219348,450436609,5,0,0,64512,18,647687958
17486,450257831,158475,450416306,5,0,0,29184,18,5836986770
17487,450268739,99368,450368107,9,0,0,7168,15,7848070270
17488,450290191,153403,450443594,8,0,0,17920,7,10626617287
17489,450484631,47288,450531919,2,0,0,1536,16,5355757488
17490,450492750,114140,450606890,0,0,0,74752,14,9090420222
17491,450539641,171908,450711549,5,0,0,143360,18,3619755686
17492,450571090,3904,450574994,3,0,1,10752,3,2757217936
17493,450601360,137944,450739304,0,0,0,22016,14,7982841322
17494,450621660,4374,450626034,3,0,1,4608,3,3502245893
17495,450685350,257965,450943315,0,0,0,63488,14,3786009325
17496,450713651,117880,450831531,8,0,0,50176,7,5749463008
17497,450768939,199990,450968929,9,0,0,45056,15,3722726184
17498,450772551,111244,450883795,8,0,0,14336,7,545736283
17499,450796680,158506,450955186,0,0,0,38912,14,6233636288
17500,450803840,251773,451055613,6,0,0,56320,12,3432087557
17501,450819931,154494,450974425,5,0,0,8192,18,8220672993
17502,450841321,369822,451211143,5,0,0,234496,18,8491325489
17503,450891151,360271,451251422,8,0,0,132096,7,7834307937
17504,450913910,198347,451112257,7,0,0,4608,16,9432517525
17505,450961150,327411,451288561,0,0,0,64000,14,5931199299
17506,451017421,243548,451260969,5,0,0,31232,18,6691885898
17507,451034790,366907,451401697,0,0,0,100352,14,9395127439
17508,451056370,4937,451061307,3,0,1,12800,3,6806163940
17509,451059201,202719,451261920,5,0,0,3072,18,5179926587
17510,451075689,189522,451265211,9,0,0,10752,15,6921683391
17511,451106591,159423,451266014,5,0,0,2560,18,8641396649
17512,451107641,470279,451577920,5,0,0,37376,18,725593385
17513,451141630,124399,451266029,9,0,1,18432,15,10380095753
17514,451170280,396237,451566517,0,0,0,119808,14,2140221736
17515,451193041,581537,451774578,5,0,0,99840,18,6950122584
17516,451234730,509413,451744143,6,0,0,194048,12,4097203522
17517,451288900,4937,451293837,2,0,1,12800,16,7130665122
17518,451289001,38902,451327903,0,0,1,61440,14,1965278174
17519,451325899,167823,451493722,9,0,0,8704,15,3038457899
17520,451339660,4162,451343822,2,0,1,11264,16,2878003557
17521,451363609,440793,451804402,9,0,0,21504,15,6077694386
17522,451370260,31452,451401712,2,0,1,9728,16,9278375099
17523,451386520,20510,451407030,3,0,1,5632,3,6998747589
17524,451412870,23120,451435990,3,0,1,41472,3,4255778656
17525,451417950,244346,451662296,0,0,0,6144,14,7679206187
17526,451420610,21077,451441687,3,0,1,27136,3,772921520
17527,451434970,9943,451444913,2,0,1,5120,16,2416376614
17528,451439960,6541,451446501,8,0,1,15872,7,730533850
17529,451476651,689182,452165833,5,0,0,295936,18,7810184319
17530,451477691,470600,451948291,8,0,0,97280,7,5146235069
17531,451519890,498594,452018484,0,0,0,18432,14,8837934082
17532,451524920,4374,451529294,3,0,1,4608,3,5574343647
17533,451529240,774993,452304233,6,0,0,267776,12,9529011812
17534,451538530,409932,451948462,7,0,0,512,16,8611111843
17535,451603740,387987,451991727,7,0,0,3072,16,10261995386
17536,451661300,519071,452180371,0,0,0,46080,14,4581813702
17537,451679531,95078,451774609,0,0,1,68096,14,1557016962
17538,451684080,384129,452068209,0,0,0,26112,14,6729741688
17539,451702711,353228,452055939,5,0,0,122880,18,9161378894
17540,451754760,411556,452166316,7,0,0,1536,16,5435760067
17541,451780210,2470,451782680,7,0,1,2560,16,2976119175
17542,451806049,406395,452212444,9,0,0,64512,15,8461457541
17543,451820050,3128,451823178,3,0,1,9216,3,9261958689
17544,451871391,466762,452338153,8,0,0,32256,7,2714615769
17545,451898890,1994,451900884,3,0,1,2048,3,6140181773
17546,451900979,291786,452192765,9,0,0,6656,15,3926234413
17547,451913281,309349,452222630,5,0,0,33280,18,1640699396
17548,451917789,409726,452327515,9,0,0,76288,15,1327976486
17549,451988541,202157,452190698,8,0,0,33792,7,7780039737
17550,452003101,431402,452434503,8,0,0,77312,7,8052486791
17551,452016600,367576,452384176,0,0,0,4608,14,9169316998
17552,452103651,307281,452410932,5,0,0,87040,18,5422011690
17553,452125010,87465,452212475,3,0,1,1536,3,3090862282
17554,452129280,174968,452304248,3,0,1,4608,3,6527612425
17555,452156600,171710,452328310,7,0,0,2560,16,9789490396
17556,452168011,202925,452370936,5,0,0,107520,18,4823883560
17557,452188829,248653,452437482,9,0,0,9728,15,273943133
17558,452235840,201969,452437809,7,0,0,1024,16,6297987282
17559,452312230,204240,452516470,0,0,0,57344,14,4045542331
17560,452347330,91118,452438448,7,0,0,2048,16,1072029728
17561,452437970,10969,452448939,3,0,1,16896,3,5502002196
17562,452453589,150132,452603721,9,0,0,108544,15,5317789429
17563,452505501,120777,452626278,5,0,0,512,18,5125732361
17564,452532090,173631,452705721,0,0,0,15360,14,2746443298
17565,452564341,78770,452643111,5,0,0,2560,18,2492719019
17566,452610590,566,452611156,8,0,1,512,7,4854787766
17567,452618471,45596,452664067,5,0,0,1024,18,6030855914
17568,452663090,1042,452664132,8,0,1,1024,7,8563875575
17569,452663579,70976,452734555,9,0,0,8704,15,2441521286
17570,452691250,55748,452746998,7,0,0,4096,16,1496190758
17571,452709890,93239,452803129,6,0,0,15872,12,5377961853
17572,452785989,136216,452922205,9,0,0,107008,15,3555630728
17573,452823910,2946,452826856,8,0,1,3072,7,2069673949
17574,452845550,566,452846116,3,0,1,512,3,5009550856
17575,452879330,122820,453002150,6,0,0,34816,12,7346183373
17576,452887059,104468,452991527,9,0,0,43008,15,758930027
17577,452912750,10013,452922763,8,0,1,512,7,2565340659
17578,452927000,43904,452970904,7,0,0,512,16,7266164557
17579,452927949,134403,453062352,9,0,0,34816,15,9036938242
17580,452972251,108725,453080976,8,0,0,10240,7,10491937783
17581,452987090,16136,453003226,3,0,1,1024,3,6522201351
17582,452994650,474531,453469181,6,0,0,193536,12,8868514721
17583,453000261,487819,453488080,8,0,0,61952,7,10288302548
17584,453002790,4162,453006952,8,0,1,11264,7,10716153549
17585,453007680,133902,453141582,0,0,0,87040,14,6990943251
17586,453029981,291761,453321742,8,0,0,32256,7,7206794011
17587,453064780,198422,453263202,6,0,0,131072,12,8827484206
17588,453074191,333174,453407365,8,0,0,97792,7,4343703515
17589,453096550,278995,453375545,6,0,0,1536,12,7927985387
17590,453115110,39564,453154674,8,0,1,22016,7,6592809666
17591,453119840,35820,453155660,8,0,1,1536,7,5314113027
17592,453208991,54242,453263233,0,0,1,71168,14,9213001852
17593,453228399,126319,453354718,9,0,0,7168,15,517690536
17594,453233941,55757,453289698,0,0,1,48128,14,1448608000
17595,453325301,242614,453567915,8,0,0,59904,7,9158284325
17596,453329551,158872,453488423,5,0,0,1024,18,8594724248
17597,453439261,78892,453518153,5,0,0,2048,18,9821223694
17598,453457770,34282,453492052,8,0,1,10240,7,6768209909
17599,453460451,111214,453571665,5,0,0,512,18,1475060362
17600,453482340,10378,453492718,8,0,1,1024,7,5933245655
17601,453517970,50444,453568414,7,0,0,1536,16,2194233970
17602,453555681,154838,453710519,8,0,0,15360,7,3047209584
17603,453558240,53596,453611836,7,0,0,512,16,5292661724
17604,453628581,50672,453679253,5,0,0,2560,18,1574172978
17605,453655060,4374,453659434,8,0,1,4608,7,4625690060
17606,453671940,4420,453676360,8,0,1,11776,7,3362284599
17607,453685090,99397,453784487,6,0,0,18944,12,4785701066
17608,453724261,201803,453926064,8,0,0,89088,7,6173909906
17609,453727771,61382,453789153,0,0,1,99328,14,4667661806
17610,453731250,60489,453791739,3,0,1,4096,3,34896460
17611,453776510,196678,453973188,6,0,0,82432,12,5519067279
17612,453783630,10055,453793685,3,0,1,3072,3,10724814910
17613,453784800,14377,453799177,3,0,1,17920,3,5532307528
17614,453849771,40874,453890645,0,0,1,66048,14,1318300225
17615,453864911,148853,454013764,8,0,0,30720,7,3474989679
17616,453948600,88759,454037359,8,0,1,108032,7,151768953
17617,453954470,86755,454041225,3,0,1,6144,3,4803635240
17618,453961840,240436,454202276,0,0,0,38912,14,1687663160
17619,453992641,106794,454099435,0,0,1,143360,14,4518670642
17620,454078029,203538,454281567,9,0,0,12288,15,9742289499
17621,454117961,102765,454220726,5,0,0,2560,18,1711839314
17622,454129200,21141,454150341,8,0,1,34304,7,2613386854
17623,454138060,168150,454306210,0,0,0,22528,14,7064701558
17624,454145080,105875,454250955,7,0,0,2560,16,2541118691
17625,454192780,139134,454331914,7,0,0,1024,16,585362272
17626,454198330,289492,454487822,7,0,0,512,16,1260676040
17627,454285351,74091,454359442,0,0,1,120832,14,6605902883
17628,454287810,126818,454414628,0,0,0,23552,14,7155768747
17629,454295690,65032,454360722,9,0,1,14336,15,3637972401
17630,454316981,101715,454418696,8,0,0,6656,7,2103560665
17631,454338630,230085,454568715,6,0,0,93696,12,5820112694
17632,454409780,114814,454524594,7,0,0,2560,16,8418575094
17633,454504601,110734,454615335,8,0,0,45056,7,9326606874
17634,454575731,14287,454590018,0,0,1,27648,14,10241803613
17635,454584940,5642,454590582,9,0,1,10752,15,2698918982
17636,454593860,45596,454639456,7,0,0,1024,16,8768312075
17637,454596080,43904,454639984,7,0,0,512,16,7421014837
17638,454613881,25590,454639471,0,0,1,39936,14,1717042433
17639,454614960,25750,454640710,9,0,1,14848,15,9856056512
17640,454629221,124626,454753847,8,0,0,24064,7,7083843195
17641,454633590,7991,454641581,9,0,1,12288,15,153968909
17642,454642881,145742,454788623,0,0,1,237056,14,5499915190
17643,454647330,286767,454934097,7,0,0,1024,16,2655046371
17644,454664351,207253,454871604,5,0,0,3072,18,4802854635
17645,454734880,117465,454852345,7,0,0,2560,16,5888976316
17646,454751090,314781,455065871,6,0,0,23552,12,5526309261
17647,454782480,266991,455049471,0,0,0,34304,14,7606442589
17648,454786051,236901,455022952,8,0,0,45568,7,203388434
17649,454786530,115499,454902029,7,0,0,1024,16,5548524103
17650,454806540,1518,454808058,9,0,1,1536,15,372949517
17651,454817291,214674,455031965,8,0,0,23552,7,7772856294
17652,454841200,5326,454846526,9,0,1,5632,15,2978388574
17653,454843480,6912,454850392,3,0,1,6144,3,4030144594
17654,454868930,2946,454871876,9,0,1,3072,15,4988672162
17655,454912301,72100,454984401,5,0,0,2560,18,8669112530
17656,454918110,62907,454981017,7,0,0,1536,16,3538452213
17657,454935980,3128,454939108,9,0,1,9216,15,6830252387
17658,454959049,145352,455104401,9,0,0,74240,15,667982487
17659,454968250,6754,454975004,3,0,1,7168,3,3915944823
17660,454993689,132006,455125695,9,0,0,29184,15,8653287361
17661,455018381,146098,455164479,8,0,0,38400,7,1118150437
17662,455046391,136222,455182613,8,0,0,1536,7,2975816092
17663,455051450,405303,455456753,0,0,0,273920,14,10379153004
17664,455057330,8556,455065886,3,0,1,4608,3,2476287867
17665,455065870,574,455066444,9,0,1,512,15,8943145719
17666,455073240,184239,455257479,0,0,0,73728,14,4412215160
17667,455085030,23737,455108767,9,0,1,4608,15,1515996529
17668,455113539,391939,455505478,9,0,0,140288,15,1840535761
17669,455168800,291096,455459896,0,0,0,10240,14,9121778578
17670,455187080,5454,455192534,3,0,1,13824,3,6327154919
17671,455231830,230889,455462719,6,0,0,9216,12,4494209093
17672,455258819,7706,455266525,6,0,1,8192,12,3119668447
17673,455314881,190768,455505649,5,0,0,512,18,665611606
17674,455374450,131418,455505868,7,0,0,512,16,1404770128
17675,455437690,74625,455512315,9,0,1,15872,15,5153085123
17676,455439550,74391,455513941,9,0,1,2560,15,3652802240
17677,455444700,73747,455518447,9,0,1,7168,15,8394826126
17678,455465531,123741,455589272,8,0,0,10752,7,2718436357
17679,455466021,119960,455585981,8,0,0,18944,7,7974790093
17680,455498891,60340,455559231,5,0,0,1024,18,1161835195
17681,455564459,266198,455830657,9,0,0,40448,15,7470942403
17682,455566670,77363,455644033,1,0,1,130560,9,789851988
17683,455587800,60419,455648219,2,0,1,6656,16,4307194917
17684,455593200,59205,455652405,9,0,1,6656,15,2004315420
17685,455628440,410513,456038953,6,0,0,210432,12,1637125664
17686,455639669,300386,455940055,9,0,0,171520,15,514061936
17687,455641750,11321,455653071,2,0,1,1024,16,2754736469
17688,455691490,249056,455940546,7,0,0,1536,16,1101335520
17689,455741360,2946,455744306,5,0,1,3072,18,7064550180
17690,455800499,169682,455970181,9,0,0,37376,15,656935394
17691,455811980,227464,456039444,6,0,0,1536,12,5419236345
17692,455817540,13132,455830672,9,0,1,8192,15,9396990739
17693,455827270,8331,455835601,9,0,1,12800,15,6460957620
17694,455832160,5581,455837741,1,0,1,9216,9,2937376485
17695,455890780,55602,455946382,5,0,1,6144,18,5413361995
17696,455901980,137495,456039475,1,0,1,122880,9,3802696220
17697,455903131,153260,456056391,5,0,0,1536,18,8527817293
17698,455923599,120579,456044178,9,0,0,15360,15,3988448395
17699,455983020,66017,456049037,9,0,1,5120,15,4672835114
17700,455986779,132873,456119652,9,0,0,13824,15,4480313608
17701,455991221,192819,456184040,5,0,0,1024,18,1107772794
17702,456017281,242504,456259785,5,0,0,3072,18,6806033406
17703,456033861,113256,456147117,8,0,0,22528,7,1971245969
17704,456037139,162483,456199622,9,0,0,30208,15,1706137057
17705,456066500,6488,456072988,1,0,1,15872,9,5319512511
17706,456096630,126969,456223599,6,0,0,45568,12,5114193008
17707,456144730,90527,456235257,7,0,0,2048,16,3478023965
17708,456192920,169843,456362763,1,0,1,264192,9,1127085576
17709,456221350,145279,456366629,5,0,1,6144,18,2816579164
17710,456238510,128887,456367397,9,0,1,11776,15,8656382620
17711,456264750,102993,456367743,9,0,1,512,15,522313720
17712,456267730,105300,456373030,5,0,1,16896,18,241040246
17713,456270960,104267,456375227,7,0,0,1024,16,2214600152
17714,456273070,338613,456611683,0,0,0,214016,14,4368218006
17715,456327060,51155,456378215,5,0,1,16384,18,3811720359
17716,456356540,25861,456382401,2,0,1,6656,16,86036861
17717,456373571,239234,456612805,5,0,0,3072,18,5579133623
17718,456382790,229064,456611854,7,0,0,512,16,1092250081
17719,456384660,2470,456387130,7,0,1,2560,16,18114980
17720,456406170,12049,456418219,9,0,1,19968,15,9001434080
17721,456417260,13341,456430601,5,0,1,22528,18,583547486
17722,456473940,347983,456821923,1,0,1,564224,9,7766397099
17723,456478579,425436,456904015,9,0,0,59904,15,2799345475
17724,456509330,318392,456827722,9,0,1,19456,15,5857088199
17725,456541000,294874,456835874,5,0,1,17920,18,5296555101
17726,456543791,360715,456904506,5,0,0,1536,18,7890478130
17727,456644510,191341,456835851,6,0,0,12800,12,5243146453
17728,456687670,148219,456835889,9,0,1,3584,15,2734995686
17729,456697621,242999,456940620,5,0,0,512,18,4161046152
17730,456728570,380491,457109061,0,0,0,52736,14,4065938146
17731,456763130,75256,456838386,9,0,1,4608,15,6960921017
17732,456832739,7913,456840652,6,0,1,3584,12,5225084222
17733,456858739,257209,457115948,9,0,0,22528,15,4856981640
17734,456877410,5454,456882864,5,0,1,13824,18,5283843884
17735,456882471,104533,456987004,5,0,0,1536,18,9786463108
17736,456889780,117109,457006889,1,0,1,165888,9,8945520674
17737,456895999,250302,457146301,9,0,0,98304,15,7227049675
17738,456942680,283297,457225977,6,0,0,95744,12,10270904368
17739,456997609,281378,457278987,9,0,0,7168,15,6440343546
17740,457023890,287248,457311138,0,0,0,105472,14,10072312761
17741,457026091,310667,457336758,5,0,0,3072,18,6478054405
17742,457038381,219357,457257738,5,0,0,1024,18,4698187969
17743,457061580,6229,457067809,9,0,1,15360,15,8880107606
17744,457076390,4850,457081240,9,0,1,5120,15,9864575518
17745,457084880,4374,457089254,7,0,1,4608,16,8220638498
17746,457088290,321520,457409810,0,0,0,103424,14,9895535196
17747,457097560,48756,457146316,1,0,1,8704,9,3390525663
17748,457121060,27718,457148778,7,0,1,2560,16,7445241987
17749,457148870,82149,457231019,1,0,1,133120,9,310798654
17750,457177710,54615,457232325,5,0,1,2048,18,1849621776
17751,457187579,45092,457232671,6,0,1,512,12,9255163836
17752,457190370,48714,457239084,7,0,1,22528,16,5926908915
17753,457241070,10499,457251569,7,0,1,16896,16,9156404033
17754,457249980,316570,457566550,6,0,0,83968,12,7049777385
17755,457287420,29956,457317376,7,0,1,15360,16,10525915589
17756,457307500,12747,457320247,7,0,1,11776,16,8379399016
17757,457440841,47288,457488129,5,0,0,1536,18,8829415822
17758,457447070,186222,457633292,1,0,1,295936,9,5286102673
17759,457449600,183707,457633307,7,0,1,9728,16,10696709375
17760,457462940,170337,457633277,6,0,0,13312,12,2139371380
17761,457486640,148177,457634817,7,0,1,7168,16,6096347319
17762,457550119,256675,457806794,9,0,0,86016,15,9585855205
17763,457586560,459358,458045918,6,0,0,228352,12,4403572300
17764,457673090,212225,457885315,6,0,0,4096,12,7854217827
17765,457708310,545873,458254183,6,0,0,65536,12,6948779931
17766,457714260,245858,457960118,0,0,0,12288,14,3831824900
17767,457722930,183914,457906844,6,0,0,25088,12,1805345534
17768,457736651,192662,457929313,8,0,0,11264,7,1932109223
17769,457749370,6278,457755648,2,0,1,6656,16,5357618906
17770,457814371,503951,458318322,8,0,0,210432,7,4065127603
17771,457852680,214256,458066936,0,0,0,18944,14,7794724315
17772,457865009,655674,458520683,9,0,0,315904,15,9358572516
17773,457879721,167928,458047649,5,0,0,5632,18,2263124221
17774,457885530,566,457886096,7,0,1,512,16,7972868815
17775,457899191,176660,458075851,8,0,0,29184,7,9727327135
17776,457915270,14058,457929328,2,0,1,23552,16,8850226183
17777,457916361,402795,458319156,5,0,0,512,18,2721287672
17778,457920160,14114,457934274,7,0,1,8192,16,3580222538
17779,457973191,451225,458424416,8,0,0,80896,7,7047669457
17780,458055361,128116,458183477,5,0,0,512,18,9717251661
17781,458062591,256370,458318961,8,0,0,2048,7,10280723255
17782,458068200,9161,458077361,2,0,1,1536,16,4104651086
17783,458086210,1042,458087252,2,0,1,1024,16,7954645827
17784,458155600,372118,458527718,6,0,0,23040,12,903397238
17785,458162401,365660,458528061,5,0,0,1024,18,7080349430
17786,458206270,4162,458210432,7,0,1,11264,16,16593428
17787,458237110,95063,458332173,8,0,1,25600,7,4370660537
17788,458276730,55699,458332429,7,0,1,9216,16,3671438823
17789,458279420,300588,458580008,6,0,0,130560,12,5087969047
17790,458299650,33348,458332998,2,0,1,9728,16,7706251022
17791,458349480,255971,458605451,0,0,0,83456,14,5302770706
17792,458353280,2946,458356226,2,0,1,3072,16,2984162200
17793,458376530,2470,458379000,7,0,1,2560,16,215205352
17794,458459140,209293,458668433,6,0,0,49664,12,8075109083
17795,458462011,144875,458606886,5,0,0,4608,18,8352602251
17796,458570590,42226,458612816,5,0,1,14848,18,4419658893
17797,458580610,35955,458616565,7,0,1,13312,16,9293430768
17798,458628841,54176,458683017,8,0,0,1536,7,8418786564
17799,458676080,4850,458680930,2,0,1,5120,16,6573404451
17800,458704719,105716,458810435,9,0,0,47104,15,1126440157
17801,458808411,74684,458883095,8,0,0,9216,7,3460311839
17802,458818101,59132,458877233,8,0,0,5120,7,3824626384
17803,458834920,3645,458838565,7,0,1,10240,16,3455572033
17804,458850670,14804,458865474,2,0,1,28672,16,6207080863
17805,458884160,10757,458894917,7,0,1,17408,16,3438744343
17806,458891081,60020,458951101,5,0,0,2048,18,10112846080
17807,458891221,82608,458973829,5,0,0,1024,18,9353188411
17808,458896780,174591,459071371,0,0,0,93184,14,8796972988
17809,458952090,3645,458955735,7,0,1,10240,16,1125174696
17810,458960050,221606,459181656,0,0,0,91136,14,10439415726
17811,458969490,156426,459125916,0,0,0,29184,14,8114505299
17812,458992269,118083,459110352,9,0,0,18432,15,3951167679
17813,459009170,2946,459012116,7,0,1,3072,16,6640067148
17814,459053920,28976,459082896,7,0,1,18944,16,5963485070
17815,459100510,9857,459110367,2,0,1,8192,16,7854318546
17816,459104229,140545,459244774,9,0,0,118784,15,5780591577
17817,459167140,154816,459321956,0,0,0,75776,14,4167209383
17818,459282510,86196,459368706,8,0,1,144384,7,3125545966
17819,459306880,66332,459373212,2,0,1,7168,16,1970312631
17820,459348241,75089,459423330,5,0,0,1024,18,5653900398
17821,459349559,353494,459703053,9,0,0,131584,15,1871656466
17822,459356280,20158,459376438,2,0,1,5120,16,6673414637
17823,459398140,158531,459556671,0,0,0,40448,14,1596891830
17824,459429250,13253,459442503,2,0,1,25600,16,2929172247
17825,459437050,22740,459459790,8,0,1,37376,7,9120064239
17826,459468050,288058,459756108,0,0,0,174080,14,10482975334
17827,459471290,4850,459476140,2,0,1,5120,16,3350411576
17828,459510141,113841,459623982,8,0,0,15360,7,6396566452
17829,459575620,223409,459799029,6,0,0,132608,12,2434567332
17830,459619070,4927,459623997,2,0,1,3584,16,1931936147
17831,459641511,115986,459757497,5,0,0,512,18,10521601615
17832,459743430,180658,459924088,8,0,1,276992,7,831338473
17833,459755841,49097,459804938,5,0,0,1536,18,8144381667
17834,459782220,178567,459960787,8,0,1,126464,7,9675381126
17835,459806131,157300,459963431,5,0,0,512,18,5819323752
17836,459896039,161009,460057048,9,0,0,32768,15,3602062330
17837,459909819,56767,459966586,6,0,1,19456,12,3990983510
17838,459916541,149130,460065671,5,0,0,512,18,1167714678
17839,459924899,43953,459968852,6,0,1,3584,12,5154280235
17840,459983559,7230,459990789,6,0,1,7680,12,133620516
17841,460023441,124006,460147447,8,0,0,54272,7,3378478748
17842,460045509,13512,460059021,6,0,1,26112,12,5220736019
17843,460047780,124539,460172319,8,0,1,190976,7,6427458206
17844,460057380,285851,460343231,8,0,1,373760,7,3820969557
17845,460177829,588069,460765898,9,0,0,91136,15,10499959245
17846,460232409,336408,460568817,9,0,0,27136,15,8138043668
17847,460257759,379257,460637016,9,0,0,73216,15,7039978995
17848,460293911,283556,460577467,5,0,0,1024,18,1110461374
17849,460344171,153052,460497223,8,0,0,2048,7,1123471520
17850,460383430,72541,460455971,1,0,1,117760,9,1126743958
17851,460415111,127648,460542759,5,0,0,2048,18,5672490948
17852,460426010,232063,460658073,6,0,0,62976,12,6437838617
17853,460426429,452329,460878758,9,0,0,76288,15,8210492580
17854,460480430,373947,460854377,0,0,0,58880,14,9912203145
17855,460487079,349343,460836422,9,0,0,161280,15,1685896590
17856,460489329,407015,460896344,9,0,0,39424,15,4702914984
17857,460518491,361430,460879921,8,0,0,3584,7,6224409887
17858,460540199,3422,460543621,6,0,1,3584,12,3064233079
17859,460628191,227308,460855499,8,0,0,1024,7,9816002253
17860,460631971,223201,460855172,5,0,0,2560,18,3969592913
17861,460655650,5285,460660935,5,0,1,8704,18,6624358352
17862,460671739,292465,460964204,9,0,0,50176,15,671185140
17863,460699429,7706,460707135,6,0,1,8192,12,1039460317
17864,460715281,7230,460722511,0,0,1,7680,14,7221866750
17865,460743770,197932,460941702,1,0,1,288768,9,10586472503
17866,460758350,189049,460947399,5,0,1,18944,18,5417589343
17867,460765681,131146,460896827,8,0,0,1536,7,1562790896
17868,460766590,545781,461312371,6,0,0,47104,12,3570924880
17869,460779620,168240,460947860,5,0,1,10240,18,9725147694
17870,460811150,153077,460964227,5,0,1,4096,18,381856500
17871,460813490,250238,461063728,0,0,0,19968,14,2124311127
17872,460833839,130403,460964242,6,0,1,11776,12,10152589457
17873,460860719,103538,460964257,6,0,1,1536,12,1514463486
17874,460861610,102662,460964272,5,0,1,11264,18,4842443378
17875,460949431,395426,461344857,5,0,0,1024,18,3199536492
17876,460962539,4212,460966751,6,0,1,2560,12,577340017
17877,460963850,78315,461042165,1,0,1,130048,9,7208029518
17878,460970150,98800,461068950,0,0,0,6656,14,4441813125
17879,460998729,439420,461438149,9,0,0,231936,15,9449339937
17880,461008330,60883,461069213,1,0,1,88576,9,2275850539
17881,461016279,53600,461069879,6,0,1,1024,12,8578505638
17882,461027560,48937,461076497,1,0,1,23552,9,2756619324
17883,461052861,385490,461438351,8,0,0,512,7,5044769346
17884,461068730,12273,461081003,2,0,1,7168,16,10414662522
17885,461077180,175643,461252823,1,0,0,3072,9,8235315103
17886,461104929,4374,461109303,6,0,1,4608,12,4098162829
17887,461115790,15579,461131369,2,0,1,30208,16,1512996945
17888,461204520,74867,461279387,1,0,1,122368,9,6235059028
17889,461235380,50216,461285596,5,0,1,29696,18,4358612886
17890,461241359,49422,461290781,6,0,1,16384,12,2214439075
17891,461333671,104509,461438180,0,0,1,137728,14,10323525889
17892,461341819,341846,461683665,9,0,0,135680,15,3231836983
17893,461398050,63543,461461593,2,0,1,38400,16,8543983127
17894,461423251,262488,461685739,8,0,0,3072,7,8082678514
17895,461430751,165747,461596498,8,0,0,512,7,9344029101
17896,461434221,251689,461685910,5,0,0,512,18,1774038959
17897,461451130,36863,461487993,1,0,1,65024,9,1899830525
17898,461494650,317230,461811880,0,0,0,31232,14,8208466697
17899,461500590,268690,461769280,0,0,0,52736,14,6709258454
17900,461506971,177801,461684772,8,0,0,3584,7,4986901793
17901,461514380,32816,461547196,2,0,1,53760,16,6885065597
17902,461613411,156040,461769451,5,0,0,512,18,387153888
17903,461623890,74520,461698410,1,0,1,124928,9,2233525002
17904,461624940,124945,461749885,1,0,1,104448,9,10535015002
17905,461650871,263435,461914306,5,0,0,1536,18,4026128762
17906,461679079,590702,462269781,9,0,0,98816,15,1723430257
17907,461683419,367848,462051267,9,0,0,174592,15,5901048395
17908,461695360,498281,462193641,0,0,0,10240,14,3866305163
17909,461718550,32308,461750858,7,0,1,12800,16,7754088534
17910,461731980,502176,462234156,0,0,0,92160,14,283231783
17911,461767851,292626,462060477,5,0,0,2048,18,7736725460
17912,461808909,381254,462190163,9,0,0,160768,15,4209713638
17913,461857571,332919,462190490,5,0,0,1024,18,2833111277
17914,461878240,20624,461898864,2,0,1,33280,16,9467559360
17915,461940801,420714,462361515,5,0,0,512,18,9292588431
17916,461987941,105069,462093010,8,0,0,1024,7,8521138766
17917,462043630,22950,462066580,1,0,1,29696,9,3460520902
17918,462078660,114996,462193656,1,0,1,152576,9,7982104572
17919,462082390,111281,462193671,1,0,1,64000,9,2312911133
17920,462083751,328461,462412212,8,0,0,2048,7,7426185766
17921,462087840,107124,462194964,2,0,1,18944,16,9178849134
17922,462117520,116651,462234171,1,0,1,57344,9,3843306765
17923,462121550,435396,462556946,1,0,0,276480,9,2640818030
17924,462153370,80824,462234194,1,0,1,64512,9,6708043461
17925,462170130,64079,462234209,2,0,1,2560,16,3782320789
17926,462207461,350296,462557757,5,0,0,2560,18,1910829574
17927,462294480,76846,462371326,1,0,1,129536,9,1463421855
17928,462342910,40270,462383180,2,0,1,48640,16,9978703156
17929,462353731,84353,462438084,5,0,0,1536,18,2213485280
17930,462372690,190869,462563559,1,0,0,18944,9,7804535608
17931,462388460,300259,462688719,6,0,0,107520,12,4928980757
17932,462448130,109642,462557772,1,0,1,172544,9,4905487285
17933,462470461,254457,462724918,5,0,0,2048,18,6770769574
17934,462529870,339686,462869556,0,0,0,141824,14,5600096
17935,462567590,13512,462581102,1,0,1,26112,9,3239679835
17936,462581700,203908,462785608,1,0,1,330240,9,176692666
17937,462657009,398347,463055356,9,0,0,30208,15,1255993408
17938,462694810,92424,462787234,2,0,1,2560,16,5043318676
17939,462707730,505659,463213389,6,0,0,117760,12,10352837658
17940,462714589,422888,463137477,9,0,0,79872,15,8415826341
17941,462751120,40940,462792060,2,0,1,7680,16,9815732874
17942,462765470,30456,462795926,1,0,1,6144,9,3772078743
17943,462769880,99699,462869579,1,0,1,124928,9,2219678751
17944,462773780,95830,462869610,2,0,1,40448,16,10706739189
17945,462784620,85005,462869625,2,0,1,13824,16,2035213180
17946,462788950,480401,463269351,6,0,0,123392,12,1504584026
17947,462843211,149649,462992860,5,0,0,1536,18,8059021486
17948,462855160,563013,463418173,1,0,0,35840,9,10228810911
17949,462855680,29280,462884960,1,0,1,29696,9,9740916529
17950,462858821,355527,463214348,5,0,0,3072,18,585593706
17951,462921370,436005,463357375,1,0,0,114688,9,1141688422
17952,462922010,364836,463286846,0,0,0,57344,14,3267882314
17953,462961139,441691,463402830,9,0,0,28672,15,5920911145
17954,462966309,418066,463384375,9,0,0,41984,15,7634553018
17955,462978440,25187,463003627,1,0,1,45568,9,3460708090
17956,463003719,288454,463292173,9,0,0,17408,15,1283939290
17957,463024439,346915,463371354,9,0,0,31232,15,7843505962
17958,463030400,288308,463318708,1,0,0,87040,9,6375770533
17959,463102791,315865,463418656,8,0,0,1536,7,7148946659
17960,463181400,38878,463220278,2,0,1,14848,16,580004234
17961,463220361,225228,463445589,8,0,0,512,7,2086411823
17962,463232679,273997,463506676,9,0,0,10752,15,5613828502
17963,463269600,87798,463357398,2,0,1,29696,16,4068956210
17964,463312150,106566,463418716,1,0,1,99328,9,4739619023
17965,463403649,425492,463829141,9,0,0,142336,15,7987649410
17966,463416730,166101,463582831,1,0,1,266240,9,4833649898
17967,463448979,551914,464000893,9,0,0,175104,15,5141984969
17968,463452340,658060,464110400,6,0,0,154112,12,662432925
17969,463467020,121200,463588220,2,0,1,17408,16,8316745453
17970,463497120,106755,463603875,1,0,1,50176,9,5376277717
17971,463505440,100701,463606141,3,0,1,3584,3,2864150499
17972,463507180,146131,463653311,1,0,1,152064,9,7884412267
17973,463509070,150552,463659622,2,0,1,22016,16,5238378688
17974,463515130,392470,463907600,6,0,0,33792,12,415177861
17975,463519501,243675,463763176,5,0,0,3072,18,10055506985
17976,463596730,580444,464177174,6,0,0,170496,12,5255154060
17977,463633200,730897,464364097,6,0,0,58880,12,3261824410
17978,463667729,391941,464059670,9,0,0,71168,15,916755180
17979,463710191,228168,463938359,5,0,0,1536,18,5112941701
17980,463722360,731443,464453803,1,0,0,84992,9,5718366754
17981,463731549,582176,464313725,9,0,0,196096,15,3769915688
17982,463755900,4420,463760320,2,0,1,11776,16,2745354610
17983,463850550,2870,463853420,9,0,1,8704,15,2427314675
17984,463874091,249272,464123363,5,0,0,1024,18,4194409762
17985,463897310,327964,464225274,6,0,0,31232,12,3248609350
17986,463948170,53298,464001468,2,0,1,512,16,9551137167
17987,463969600,426804,464396404,0,0,0,105984,14,7165249981
17988,464113210,63987,464177197,8,0,1,64512,7,7554832563
17989,464141041,257281,464398322,8,0,0,4096,7,9631798392
17990,464155840,25779,464181619,2,0,1,11776,16,823316390
17991,464186130,566,464186696,3,0,1,512,3,7891301512
17992,464190561,206490,464397051,8,0,0,2048,7,2790757908
17993,464218639,199989,464418628,9,0,0,17920,15,1589432002
17994,464256980,219629,464476609,1,0,0,27648,9,5952648913
17995,464285901,127252,464413153,8,0,0,2560,7,5642765846
17996,464303730,150556,464454286,1,0,0,1536,9,10215610637
17997,464362600,36247,464398847,2,0,1,512,16,2525173771
17998,464379550,42095,464421645,3,0,1,38400,3,955599185
17999,464401521,88085,464489606,5,0,0,5120,18,8141054522
18000,464465700,206063,464671763,6,0,0,1024,12,1501829277
18001,464499399,282950,464782349,9,0,0,243200,15,8454340605
18002,464535631,132951,464668582,5,0,0,2560,18,10017966072
18003,464543641,84826,464628467,5,0,0,512,18,7381298888
18004,464566230,249682,464815912,0,0,0,110080,14,3460281806
18005,464598091,218156,464816247,8,0,0,1024,7,563592289
18006,464619060,1994,464621054,7,0,1,2048,16,8302670598
18007,464669450,6278,464675728,2,0,1,6656,16,1137340412
18008,464677001,139885,464816886,8,0,0,2048,7,3173631091
18009,464689310,3422,464692732,2,0,1,3584,16,7071279071
18010,464722481,129228,464851709,5,0,0,2560,18,9094057941
18011,464799731,68537,464868268,5,0,0,3072,18,8457690288
18012,464824440,21399,464845839,3,0,1,34816,3,693218447
18013,464833330,13892,464847222,3,0,1,14848,3,619197721
18014,464878740,3898,464882638,3,0,1,4096,3,2684740199
18015,464904670,566,464905236,2,0,1,512,16,3217640884
18016,464915051,63993,464979044,8,0,0,3072,7,2380922887
18017,464942769,102752,465045521,9,0,0,37376,15,6007285160
18018,464961350,233862,465195212,6,0,0,135680,12,6344095410
18019,464977941,84962,465062903,5,0,0,2560,18,1994162130
18020,464996990,228303,465225293,0,0,0,53248,14,2497063136
18021,465009380,244380,465253760,0,0,0,28160,14,6150854319
18022,465020061,175478,465195539,8,0,0,1024,7,9365946293
18023,465040870,10872,465051742,3,0,1,15360,3,8990425267
18024,465074110,13253,465087363,2,0,1,25600,16,10625535875
18025,465079290,234068,465313358,1,0,0,20992,9,777946290
18026,465125750,119354,465245104,1,0,0,11264,9,5202775973
18027,465136189,3645,465139834,6,0,1,10240,12,10661865470
18028,465173080,230044,465403124,6,0,0,92672,12,9682841535
18029,465173650,296765,465470415,1,0,0,9216,9,945743012
18030,465220211,183396,465403607,5,0,0,1536,18,4077440349
18031,465258950,1042,465259992,2,0,1,1024,16,429129767
18032,465261970,152104,465414074,6,0,0,34304,12,4152579438
18033,465312440,154591,465467031,6,0,0,8192,12,1027971152
18034,465344851,80029,465424880,5,0,0,512,18,8978805491
18035,465348349,66879,465415228,9,0,0,3584,15,7187466026
18036,465373280,40825,465414105,3,0,1,32768,3,400720568
18037,465374751,186288,465561039,8,0,0,4608,7,9176469162
18038,465382401,84801,465467202,5,0,0,512,18,3542609410
18039,465397000,162620,465559620,1,0,0,46592,9,9614711576
18040,465399031,109841,465508872,8,0,0,1024,7,814904877
18041,465414031,101816,465515847,8,0,0,2048,7,1611704927
18042,465414690,166023,465580713,0,0,0,37376,14,3290632265
18043,465448500,234208,465682708,0,0,0,24064,14,7303755245
18044,465450861,131115,465581976,8,0,0,4096,7,777276275
18045,465452089,87147,465539236,9,0,0,4096,15,4398341658
18046,465453480,166138,465619618,0,0,0,39936,14,8250059252
18047,465508251,181309,465689560,8,0,0,11264,7,1186095641
18048,465520671,45596,465566267,5,0,0,1024,18,2165749975
18049,465557791,47144,465604935,8,0,0,512,7,238430424
18050,465587850,124750,465712600,0,0,0,29184,14,5181264776
18051,465635921,55748,465691669,5,0,0,4096,18,2730049375
18052,465649590,2870,465652460,3,0,1,8704,3,6842803900
18053,465661670,34367,465696037,2,0,1,56832,16,8691368138
18054,465666220,30163,465696383,9,0,1,512,15,8338088065
18055,465667780,44835,465712615,3,0,1,48128,3,540339715
18056,465677670,35893,465713563,2,0,1,6656,16,3126918605
18057,465689149,75138,465764287,9,0,0,4096,15,3276764103
18058,465703279,90978,465794257,9,0,0,512,15,5931091952
18059,465760591,112162,465872753,5,0,0,512,18,8988196043
18060,465770360,191744,465962104,0,0,0,60416,14,8873840194
18061,465796871,101112,465897983,5,0,0,1536,18,10139316672
18062,465894281,43904,465938185,8,0,0,512,7,5313416058
18063,465931379,45596,465976975,9,0,0,1024,15,9942209622
18064,465947591,61793,466009384,5,0,0,1536,18,6286223240
18065,465987780,123238,466111018,0,0,0,77824,14,10473659716
18066,466032279,98251,466130530,9,0,0,2560,15,6034152137
18067,466062840,566,466063406,9,0,1,512,15,10028783452
18068,466076531,48980,466125511,5,0,0,2048,18,4225178914
18069,466109720,3760,466113480,9,0,1,2560,15,2903255673
18070,466117310,2946,466120256,2,0,1,3072,16,9177189809
18071,466119350,4374,466123724,3,0,1,4608,3,3299965760
18072,466153101,52672,466205773,8,0,0,2048,7,3981770624
18073,466204440,1348,466205788,2,0,1,1024,16,1621187336
18074,466209590,14545,466224135,7,0,1,28160,16,2945362372
18075,466224890,183431,466408321,1,0,0,115200,9,517067096
18076,466230180,14029,466244209,1,0,1,27136,9,7458091923
18077,466246060,3904,466249964,2,0,1,10752,16,6715613973
18078,466266390,1042,466267432,3,0,1,1024,3,4734783391
18079,466267350,13600,466280950,7,0,1,23040,16,6214726520
18080,466273180,8846,466282026,7,0,1,13312,16,3245065927
18081,466273440,9997,466283437,7,0,1,12800,16,498731663
18082,466290000,6754,466296754,9,0,1,7168,15,2927534561
18083,466314809,179402,466494211,9,0,0,512,15,8480870427
18084,466332270,283351,466615621,0,0,0,171008,14,4351848691
18085,466336431,136558,466472989,5,0,0,2560,18,5543078401
18086,466344620,566,466345186,2,0,1,512,16,2059452880
18087,466354371,261577,466615948,5,0,0,1024,18,7290069985
18088,466371370,262572,466633942,6,0,0,57344,12,9893546912
18089,466390720,21238,466411958,2,0,1,10240,16,6947863509
18090,466423230,6229,466429459,2,0,1,15360,16,8862447965
18091,466425321,74590,466499911,8,0,0,4096,7,2688251204
18092,466432140,1042,466433182,3,0,1,1024,3,8837927090
18093,466437910,274023,466711933,0,0,0,91648,14,3739307172
18094,466492329,124118,466616447,9,0,0,1536,15,7256951634
18095,466532640,189136,466721776,1,0,0,32256,9,3894460066
18096,466583200,51267,466634467,1,0,1,512,9,1471401449
18097,466592790,238838,466831628,1,0,1,324608,9,10355181197
18098,466613030,110477,466723507,6,0,0,5632,12,3415970041
18099,466624770,208484,466833254,2,0,1,2560,16,7502984574
18100,466693880,140859,466834739,2,0,1,15360,16,2906722494
18101,466696461,143461,466839922,8,0,0,4608,7,8513524550
18102,466715100,120817,466835917,2,0,1,13824,16,10094050051
18103,466719600,117623,466837223,3,0,1,2048,3,412124102
18104,466730620,110149,466840769,3,0,1,5632,3,8134410715
18105,466743580,293009,467036589,6,0,0,62464,12,3123746673
18106,466743990,368252,467112242,0,0,0,80384,14,7768267701
18107,466748951,159102,466908053,8,0,0,4096,7,3053595257
18108,466783610,304125,467087735,6,0,0,68608,12,4751501779
18109,466791419,209212,467000631,9,0,0,1024,15,6526710384
18110,466831200,15982,466847182,1,0,1,22528,9,1282117263
18111,466832800,17608,466850408,7,0,1,5120,16,6681396865
18112,466861261,255245,467116506,2,0,0,6144,16,9728319184
18113,466863460,16096,466879556,3,0,1,31232,3,9504121740
18114,466865431,174485,467039916,8,0,0,1024,7,9125727997
18115,466873460,366255,467239715,0,0,0,101376,14,997801277
18116,466894360,6229,466900589,9,0,1,15360,15,5265863686
18117,466917760,457637,467375397,6,0,0,56320,12,6151898805
18118,466935560,7230,466942790,1,0,1,7680,9,4288488776
18119,466958970,323264,467282234,1,0,0,25088,9,5626962332
18120,466961800,3422,466965222,1,0,1,3584,9,5306717361
18121,466990110,1994,466992104,9,0,1,2048,15,208538503
18122,466997151,117433,467114584,2,0,0,3584,16,5453121679
18123,466997610,3645,467001255,1,0,1,10240,9,7163114019
18124,467017049,377326,467394375,9,0,0,1536,15,3688487107
18125,467047170,115108,467162278,1,0,1,187392,9,1298697516
18126,467053410,109214,467162624,3,0,1,512,3,7240064244
18127,467085970,83272,467169242,3,0,1,23552,3,6165868376
18128,467098801,185962,467284763,5,0,0,7168,18,9083415339
18129,467137850,33338,467171188,9,0,1,3072,15,4583520480
18130,467139871,100639,467240510,2,0,0,2560,16,8866049288
18131,467145770,28324,467174094,9,0,1,4608,15,4082159194
18132,467151089,89748,467240837,9,0,0,1024,15,9317370903
18133,467155400,44145,467199545,1,0,1,75776,9,9147558099
18134,467159549,137061,467296610,9,0,0,3584,15,6565373825
18135,467207571,97010,467304581,2,0,0,512,16,7316024885
18136,467246181,144210,467390391,5,0,0,3584,18,3169629896
18137,467253221,255547,467508768,5,0,0,2048,18,9246590458
18138,467275220,422723,467697943,1,0,0,232448,9,1437829578
18139,467293041,115419,467408460,8,0,0,1024,7,5985339520
18140,467314291,200151,467514442,5,0,0,5120,18,9228574409
18141,467390340,3465,467393805,3,0,1,3584,3,8418636057
18142,467399281,64917,467464198,8,0,0,1536,7,8382629074
18143,467423260,26221,467449481,9,0,1,47616,15,2523611337
18144,467436840,13000,467449840,3,0,1,9728,3,5595372106
18145,467437290,47653,467484943,1,0,1,75776,9,4829234984
18146,467445371,253695,467699066,8,0,0,3584,7,2003147278
18147,467510939,189398,467700337,9,0,0,4096,15,8274514655
18148,467513530,381049,467894579,0,0,0,99328,14,9763833071
18149,467576520,4850,467581370,9,0,1,5120,15,1961321663
18150,467596370,14545,467610915,1,0,1,28160,9,7321377117
18151,467627729,236019,467863748,9,0,0,1536,15,1279910854
18152,467637309,225160,467862469,9,0,0,1024,15,10485252142
18153,467638540,66230,467704770,1,0,1,4608,9,1280974734
18154,467641301,199460,467840761,2,0,0,512,16,6723494261
18155,467657961,236953,467894914,5,0,0,1024,18,8802352457
18156,467677350,106341,467783691,1,0,1,132608,9,9206751692
18157,467684401,297156,467981557,5,0,0,512,18,9928880529
18158,467737511,55422,467792933,8,0,0,2560,7,1373029361
18159,467759121,99778,467858899,2,0,0,512,16,10444025882
18160,467761390,219996,467981386,0,0,0,77312,14,2628577410
18161,467825860,131955,467957815,6,0,0,32768,12,10395527666
18162,467837580,4850,467842430,9,0,1,5120,15,6137473546
18163,467857440,3128,467860568,5,0,1,9216,18,1223652220
18164,467883500,16699,467900199,3,0,1,5632,3,7724766066
18165,467938291,86196,468024487,0,0,1,144384,14,971024198
18166,467962731,62742,468025473,0,0,1,1536,14,7298702587
18167,467973821,72645,468046466,0,0,1,67584,14,10241568900
18168,467983391,74147,468057538,5,0,0,3584,18,1101000309
18169,467993411,86288,468079699,5,0,0,512,18,6220528036
18170,468012150,34880,468047030,9,0,1,10752,15,8490828362
18171,468013971,130512,468144483,5,0,0,4096,18,3289693927
18172,468015290,34326,468049616,3,0,1,4096,3,3899454110
18173,468050170,12825,468062995,9,0,1,21504,15,662475662
18174,468059480,544235,468603715,6,0,0,353792,12,5382248829
18175,468059629,159075,468218704,9,0,0,512,15,10067473486
18176,468074611,530382,468604993,5,0,0,1024,18,9457466218
18177,468077920,6229,468084149,3,0,1,15360,3,9519003952
18178,468101241,68539,468169780,8,0,0,512,7,5089708919
18179,468130730,83870,468214600,1,0,1,139776,9,8124292503
18180,468141840,73106,468214946,3,0,1,512,3,8521699260
18181,468149780,500156,468649936,6,0,0,147456,12,7088580694
18182,468175781,219023,468394804,2,0,0,512,16,9955261849
18183,468179479,38373,468217852,6,0,1,4608,12,451963275
18184,468241510,254394,468495904,1,0,0,16896,9,746910753
18185,468262550,65429,468327979,1,0,1,110592,9,3827342113
18186,468297791,306875,468604666,2,0,0,3072,16,1928615356
18187,468317400,11245,468328645,3,0,1,11264,3,10434356577
18188,468354891,303523,468658414,5,0,0,26624,18,3464087263
18189,468389191,13770,468402961,0,0,1,26624,14,7867503319
18190,468415301,264093,468679394,2,0,0,1024,16,7533771594
18191,468461721,188550,468650271,8,0,0,1024,7,2953805372
18192,468482480,175957,468658437,8,0,1,264192,7,544985021
18193,468517639,312371,468830010,9,0,0,3584,15,8313808418
18194,468625649,147256,468772905,9,0,0,8192,15,6492736863
18195,468630420,296039,468926459,0,0,0,64000,14,8243537058
18196,468641030,121067,468762097,8,0,1,168448,7,9602093097
18197,468663040,605560,469268600,1,0,0,108032,9,709870618
18198,468695270,392553,469087823,6,0,0,27136,12,7358902391
18199,468721941,131991,468853932,2,0,0,2560,16,7293204949
18200,468749080,217573,468966653,0,0,0,13312,14,2769242345
18201,468755850,23378,468779228,1,0,1,41984,9,9534429810
18202,468757090,46396,468803486,1,0,1,60928,9,4105989819
18203,468775980,375815,469151795,6,0,0,75776,12,5188252192
18204,468792811,134251,468927062,8,0,0,1024,7,6740681762
18205,468793751,250461,469044212,2,0,0,3584,16,5687005675
18206,468836240,21141,468857381,3,0,1,34304,3,9466423477
18207,468840641,85833,468926474,0,0,1,104448,14,2669837329
18208,468890810,65170,468955980,1,0,1,110080,9,6758443398
18209,468919899,168563,469088462,9,0,0,2048,15,4611034379
18210,468970871,65687,469036558,0,0,1,111104,14,7989264352
18211,468974620,225194,469199814,1,0,0,23552,9,6716208305
18212,469002890,36254,469039144,3,0,1,4096,3,10527091647
18213,469038650,129406,469168056,6,0,0,6144,12,7494605913
18214,469069211,83075,469152286,2,0,0,1536,16,639048430
18215,469103239,165688,469268927,9,0,0,1024,15,4259356018
18216,469125470,323070,469448540,6,0,0,7168,12,8652788204
18217,469141910,73722,469215632,1,0,1,106496,9,9783768215
18218,469143830,125112,469268942,1,0,1,84480,9,5794402101
18219,469203849,119450,469323299,9,0,0,8704,15,5855433667
18220,469204911,261850,469466761,8,0,0,512,7,7855970960
18221,469218410,223064,469441474,6,0,0,103936,12,1485604296
18222,469228480,451145,469679625,0,0,0,187392,14,8658115093
18223,469228980,217353,469446333,0,0,0,15872,14,5994639109
18224,469275191,472616,469747807,5,0,0,103936,18,3838176064
18225,469297380,383540,469680920,6,0,0,4096,12,5950756916
18226,469307561,66204,469373765,0,0,1,112128,14,5610281589
18227,469309601,212730,469522331,8,0,0,1536,7,2131431839
18228,469374021,427124,469801145,5,0,0,34304,18,4368210046
18229,469376940,220930,469597870,6,0,0,30208,12,5315726075
18230,469378700,375526,469754226,1,0,0,20992,9,3564813294
18231,469397441,51122,469448563,0,0,1,68096,14,3704500616
18232,469406040,47429,469453469,1,0,1,12800,9,5004588675
18233,469422230,293894,469716124,0,0,0,58368,14,6815962761
18234,469428620,331891,469760511,6,0,0,19968,12,1108930592
18235,469460060,354999,469815059,0,0,0,44544,14,4122659131
18236,469512259,289213,469801472,9,0,0,1024,15,9953383154
18237,469552149,202263,469754412,9,0,0,512,15,6308588208
18238,469557600,230950,469788550,0,0,0,68096,14,8132719155
18239,469586130,94805,469680935,1,0,1,135680,9,1085089436
18240,469612161,267671,469879832,2,0,0,3584,16,5230162917
18241,469622351,300544,469922895,2,0,0,512,16,1574805263
18242,469628960,57905,469686865,3,0,1,14848,3,5375765462
18243,469648980,38551,469687531,3,0,1,1024,3,5553435720
18244,469681111,222773,469903884,5,0,0,15872,18,7813461019
18245,469681981,72260,469754241,0,0,1,60416,14,6492921211
18246,469715520,46468,469761988,1,0,1,1536,9,8043837689
18247,469752040,11801,469763841,3,0,1,8704,3,4553293637
18248,469816900,330532,470147432,0,0,0,88576,14,3068864775
18249,469820400,6754,469827154,3,0,1,7168,3,9435483397
18250,469826950,81891,469908841,1,0,1,132608,9,7169170309
18251,469845681,94112,469939793,0,0,1,98816,14,7965112442
18252,469882420,58858,469941278,3,0,1,15360,3,6503272914
18253,469916140,35558,469951698,3,0,1,33280,3,5443836158
18254,469938971,371367,470310338,5,0,0,54784,18,9755171049
18255,469955491,13083,469968574,0,0,1,22016,14,6503368168
18256,469958961,227941,470186902,2,0,0,3072,16,4364802989
18257,469971610,245104,470216714,0,0,0,82944,14,8495277147
18258,469980360,4374,469984734,3,0,1,4608,3,2025471990
18259,470014040,1994,470016034,3,0,1,2048,3,3070045408
18260,470014381,133238,470147619,2,0,0,512,16,5026415491
18261,470016841,133279,470150120,8,0,0,2048,7,4410080252
18262,470033680,7706,470041386,3,0,1,8192,3,612901886
18263,470074220,209038,470283258,6,0,0,48640,12,865782195
18264,470118410,201303,470319713,0,0,0,30720,14,3395431292
18265,470139050,93520,470232570,1,0,1,138752,9,8754868860
18266,470140020,94816,470234836,8,0,1,3584,7,635853243
18267,470154520,86934,470241454,2,0,1,23552,16,3161308331
18268,470155670,342569,470498239,1,0,0,89600,9,5136116269
18269,470166530,81133,470247663,3,0,1,29696,3,7411924037
18270,470168881,226419,470395300,8,0,0,3584,7,7076235000
18271,470203050,369115,470572165,1,0,0,36352,9,8138336934
18272,470208530,298768,470507298,6,0,0,12288,12,10712770454
18273,470212441,35990,470248431,0,0,1,11776,14,267872100
18274,470213210,106518,470319728,1,0,1,152064,9,9425634280
18275,470232961,235565,470468526,8,0,0,2560,7,2174832845
18276,470234041,371547,470605588,5,0,0,67584,18,5544327135
18277,470241900,207765,470449665,0,0,0,24576,14,6379480666
18278,470242561,213565,470456126,8,0,0,3584,7,7796151595
18279,470251980,67763,470319743,2,0,1,3072,16,4171647993
18280,470258709,278302,470537011,9,0,0,512,15,9166041353
18281,470285351,155003,470440354,0,0,1,254976,14,7896275747
18282,470296240,338001,470634241,0,0,0,36864,14,8256229175
18283,470316700,124320,470441020,2,0,1,1024,16,8136417202
18284,470324241,411454,470735695,8,0,0,1536,7,2345253708
18285,470340829,108851,470449680,6,0,1,3584,12,2303951576
18286,470349940,99755,470449695,2,0,1,2560,16,6518581463
18287,470368981,366231,470735212,5,0,0,147968,18,8565106884
18288,470521900,26221,470548121,1,0,1,47616,9,7099145683
18289,470523460,27567,470551027,1,0,1,4608,9,1576028782
18290,470545520,314956,470860476,0,0,0,36352,14,3727090662
18291,470547001,230570,470777571,8,0,0,7168,7,9279331721
18292,470568241,37362,470605603,0,0,1,50176,14,9114956073
18293,470570740,37587,470608327,2,0,1,8192,16,2243555903
18294,470640319,124946,470765265,9,0,0,512,15,8485270223
18295,470645390,2470,470647860,3,0,1,2560,3,3274478076
18296,470795610,380529,471176139,1,0,0,66048,9,10160809463
18297,470796261,205319,471001580,5,0,0,92672,18,6174654153
18298,470819051,322539,471141590,5,0,0,15360,18,5559588353
18299,470894841,192180,471087021,8,0,0,1536,7,6157229573
18300,470899400,6229,470905629,3,0,1,15360,3,6104043738
18301,470918780,3422,470922202,2,0,1,3584,16,4590695523
18302,470922320,288630,471210950,0,0,0,114176,14,7513849060
18303,470937470,199425,471136895,0,0,0,29184,14,4190463262
18304,470948161,106634,471054795,2,0,0,512,16,3920772545
18305,470966120,132082,471098202,0,0,0,2048,14,10528761328
18306,470978040,403170,471381210,0,0,0,92160,14,9365218656
18307,471074690,157111,471231801,1,0,0,5632,9,9569566729
18308,471091360,3904,471095264,3,0,1,10752,3,7826206183
18309,471104730,432588,471537318,6,0,0,321024,12,9163758367
18310,471113600,239515,471353115,1,0,0,90112,9,7145290508
18311,471172300,44887,471217187,3,0,1,6656,3,3063513650
18312,471195040,381043,471576083,1,0,0,72192,9,9403104622
18313,471250241,189250,471439491,5,0,0,20480,18,6255142332
18314,471267710,286159,471553869,6,0,0,54272,12,1169993500
18315,471395881,158159,471554040,8,0,0,512,7,7052735401
18316,471420910,4679,471425589,2,0,1,12288,16,9589077092
18317,471428840,1042,471429882,3,0,1,1024,3,10287657228
18318,471495360,84352,471579712,3,0,1,10240,3,3926194801
18319,471506790,96292,471603082,8,0,1,43008,7,8343837361
18320,471507970,108563,471616533,2,0,1,40448,16,6293830101
18321,471547470,83366,471630836,8,0,1,47616,7,9801279360
18322,471548041,73630,471621671,5,0,0,1024,18,3253439625
18323,471564199,171342,471735541,9,0,0,1536,15,1992101087
18324,471571110,60392,471631502,3,0,1,1024,3,8967452631
18325,471580471,112979,471693450,8,0,0,4608,7,1154301865
18326,471590110,45258,471635368,2,0,1,6144,16,7788840664
18327,471599131,146102,471745233,8,0,0,1024,7,4925933481
18328,471611800,211139,471822939,6,0,0,23040,12,9601738388
18329,471616451,137321,471753772,8,0,0,1536,7,2348689436
18330,471636070,260855,471896925,1,0,0,37888,9,4911883604
18331,471659709,73617,471733326,9,0,0,2048,15,5809719072
18332,471693180,244944,471938124,1,0,0,135168,9,7498125305
18333,471737211,244772,471981983,5,0,0,72704,18,7897281143
18334,471752869,86744,471839613,9,0,0,1024,15,996572254
18335,471771859,92984,471864843,9,0,0,2048,15,7422876201
18336,471789940,1518,471791458,3,0,1,1536,3,9436422382
18337,471793420,251273,472044693,0,0,0,56832,14,1247948649
18338,471806080,566,471806646,2,0,1,512,16,7179233143
18339,471827749,110570,471938319,9,0,0,512,15,6513776396
18340,471829190,4679,471833869,3,0,1,12288,3,8121275116
18341,471861270,7706,471868976,2,0,1,8192,16,8128557215
18342,471902041,162212,472064253,5,0,0,35328,18,1311398061
18343,471906600,53077,471959677,3,0,1,34816,3,1768933348
18344,471914409,84282,471998691,9,0,0,512,15,312739891
18345,471943130,38868,471981998,7,0,1,27648,16,1716010178
18346,471944771,67053,472011824,8,0,0,1024,7,3055488252
18347,471970580,115410,472085990,1,0,0,41472,9,7227391017
18348,472029589,96761,472126350,9,0,0,2560,15,9910405825
18349,472078030,15182,472093212,7,0,1,7680,16,653752339
18350,472116760,6754,472123514,2,0,1,7168,16,309097379
18351,472122400,2740,472125140,2,0,1,2560,16,6989149259
18352,472152410,14287,472166697,3,0,1,27648,3,3115260828
18353,472177720,155949,472333669,6,0,0,36352,12,3806285348
18354,472239781,54894,472294675,2,0,0,1024,16,6170603040
18355,472271060,566,472271626,2,0,1,512,16,7451980899
18356,472291850,2946,472294796,2,0,1,3072,16,7140594327
18357,472304220,67772,472371992,0,0,0,13312,14,3856256497
18358,472311041,43904,472354945,2,0,0,512,16,7436823077
18359,472322681,67413,472390094,8,0,0,1024,7,7274465912
18360,472359130,3898,472363028,3,0,1,4096,3,6825099362
18361,472362439,46925,472409364,9,0,0,512,15,1079400554
18362,472382391,47288,472429679,8,0,0,1536,7,2948176937
18363,472404260,30749,472435009,8,0,1,49664,7,6665168459
18364,472442281,247353,472689634,5,0,0,34816,18,10039380053
18365,472475080,240132,472715212,1,0,0,11776,9,163594063
18366,472478929,45908,472524837,9,0,0,2048,15,2431828381
18367,472518200,108212,472626412,1,0,0,55296,9,5349654104
18368,472519231,43904,472563135,2,0,0,512,16,4981177627
18369,472520619,53424,472574043,9,0,0,1024,15,4568386631
18370,472533671,93068,472626739,8,0,0,1024,7,8152880546
18371,472613751,88969,472702720,2,0,0,1024,16,8691346790
18372,472676581,47288,472723869,5,0,0,1536,18,804909633
18373,472695671,47288,472742959,2,0,0,1536,16,7316525944
18374,472697751,2870,472700621,4,0,1,8704,13,5856894200
18375,472708271,1518,472709789,4,0,1,1536,13,9455334820
18376,472730510,99476,472829986,6,0,0,26624,12,8259790062
18377,472738430,2870,472741300,7,0,1,8704,16,9536841626
18378,472738991,56204,472795195,8,0,0,2560,7,9217615244
18379,472761381,13512,472774893,4,0,1,26112,13,4620743553
18380,472781091,1994,472783085,4,0,1,2048,13,5534033502
18381,472805600,415704,473221304,1,0,0,90624,9,6159918832
18382,472824991,262284,473087275,5,0,0,75776,18,465560937
18383,472836911,431052,473267963,5,0,0,153088,18,4755796759
18384,472862041,5802,472867843,4,0,1,6144,13,2600505373
18385,472876661,10757,472887418,4,0,1,17408,13,3175967726
18386,472878770,314907,473193677,1,0,0,80896,9,10444158967
18387,472893631,1518,472895149,4,0,1,1536,13,9015853153
18388,472898381,369909,473268290,8,0,0,1024,7,3608724993
18389,472899511,11016,472910527,4,0,1,17920,13,8414284400
18390,472926740,465143,473391883,0,0,0,150016,14,6946912285
18391,472951610,452962,473404572,0,0,0,34304,14,8846088505
18392,472992641,2946,472995587,4,0,1,3072,13,1145223282
18393,473007820,338340,473346160,6,0,0,158720,12,8134200259
18394,473021711,5712,473027423,4,0,1,14336,13,8819005111
18395,473042459,350219,473392678,9,0,0,2560,15,9746572492
18396,473044431,4679,473049110,4,0,1,12288,13,2022009800
18397,473096779,172314,473269093,9,0,0,2560,15,3363177347
18398,473114470,3128,473117598,7,0,1,9216,16,5375667169
18399,473144709,14804,473159513,6,0,1,28672,12,2906535603
18400,473150450,287468,473437918,0,0,0,56832,14,1250309249
18401,473152620,7149,473159769,9,0,1,9216,15,8540037662
18402,473203050,68947,473271997,9,0,1,8704,15,3108266265
18403,473219941,59544,473279485,4,0,1,8192,13,7035340419
18404,473227790,261932,473489722,1,0,0,65536,9,9287945622
18405,473245620,148485,473394105,6,0,0,4608,12,9801195838
18406,473356560,60733,473417293,8,0,1,24576,7,8575791159
18407,473392161,105248,473497409,8,0,0,512,7,4829377901
18408,473407880,11999,473419879,9,0,1,4096,15,1428884394
18409,473425330,292590,473717920,0,0,0,39936,14,5573723625
18410,473468021,168608,473636629,5,0,0,7168,18,10101243884
18411,473471380,64546,473535926,8,0,1,79872,7,950080008
18412,473538719,147273,473685992,9,0,0,512,15,3675864445
18413,473548180,3898,473552078,9,0,1,4096,15,1363431438
18414,473560130,566,473560696,9,0,1,512,15,6751474073
18415,473571999,45862,473617861,9,0,0,1024,15,6495206970
18416,473608460,292393,473900853,6,0,0,15360,12,4028456974
18417,473616760,279366,473896126,6,0,0,235520,12,5701681679
18418,473651101,5971,473657072,4,0,1,14848,13,2885221042
18419,473673540,477612,474151152,1,0,0,195584,9,2047905243
18420,473680400,917872,474598272,0,0,0,330240,14,9708609515
18421,473717790,280808,473998598,1,0,0,50176,9,8140816150
18422,473734800,356722,474091522,1,0,0,56320,9,8489473705
18423,473738090,436953,474175043,0,0,0,78336,14,4166221954
18424,473761530,695336,474456866,0,0,0,7168,14,7318234934
18425,473781780,1994,473783774,9,0,1,2048,15,2108969751
18426,473784101,255206,474039307,2,0,0,3584,16,6434973315
18427,473793740,830981,474624721,0,0,0,83456,14,6018975455
18428,473800300,487564,474287864,0,0,0,50688,14,6048363437
18429,473810159,3128,473813287,6,0,1,9216,12,2235633170
18430,473834640,827738,474662378,0,0,0,111104,14,211913109
18431,473854740,50496,473905236,8,0,1,4608,7,10581566396
18432,473863750,50824,473914574,5,0,1,20480,18,5748737490
18433,473865820,51980,473917800,9,0,1,5120,15,6501867996
18434,473868990,585677,474454667,6,0,0,124928,12,3402859318
18435,473871370,51256,473922626,5,0,1,7680,18,7308741459
18436,473922990,5802,473928792,5,0,1,6144,18,19672628
18437,473952080,1518,473953598,9,0,1,1536,15,5381746289
18438,473992400,29698,474022098,8,0,1,38912,7,7991691932
18439,473993250,417089,474410339,1,0,0,50688,9,10364568724
18440,473996680,602567,474599247,1,0,0,3072,9,3358151850
18441,474019811,298049,474317860,2,0,0,1536,16,9999506919
18442,474019819,213396,474233215,9,0,0,2560,15,6830563245
18443,474031310,5712,474037022,9,0,1,14336,15,7951700483
18444,474033820,463793,474497613,6,0,0,133632,12,5320797345
18445,474038780,707975,474746755,6,0,0,100864,12,3499921087
18446,474048370,707845,474756215,1,0,0,25600,9,3925759803
18447,474063580,4374,474067954,9,0,1,4608,15,6357550170
18448,474065930,25615,474091545,5,0,1,21504,18,7401784422
18449,474077341,551162,474628503,5,0,0,11776,18,2838357466
18450,474108480,72349,474180829,5,0,1,6144,18,10088860179
18451,474129859,60948,474190807,6,0,1,23552,12,2230307950
18452,474154751,196324,474351075,2,0,0,2048,16,1675251729
18453,474164820,520364,474685184,1,0,0,74240,9,231706454
18454,474187120,4033,474191153,9,0,1,512,15,7223271592
18455,474190679,434221,474624900,9,0,0,512,15,10425199827
18456,474194620,566,474195186,5,0,1,512,18,4550842585
18457,474223710,4937,474228647,7,0,1,12800,16,2047935851
18458,474224850,7183,474232033,9,0,1,4608,15,331417161
18459,474231151,577105,474808256,5,0,0,47616,18,5880154192
18460,474240561,516636,474757197,8,0,0,512,7,10523331403
18461,474267791,143031,474410822,8,0,0,1536,7,4548034343
18462,474303370,400915,474704285,1,0,0,57856,9,5069707849
18463,474318431,344118,474662549,2,0,0,512,16,3150602887
18464,474331770,3422,474335192,9,0,1,3584,15,9441787179
18465,474346790,64047,474410837,8,0,1,92672,7,10338885213
18466,474358230,241048,474599278,8,0,1,196608,7,3818807343
18467,474367481,380108,474747589,2,0,0,2560,16,10083907962
18468,474398760,317240,474716000,1,0,0,38400,9,2135944230
18469,474409039,276168,474685207,6,0,1,1536,12,6905728545
18470,474440800,371371,474812171,1,0,0,12800,9,5433456051
18471,474441870,306522,474748392,1,0,0,2560,9,5175165795
18472,474443751,242891,474686642,2,0,0,4608,16,5230498469
18473,474448951,308067,474757018,8,0,0,2560,7,8175967910
18474,474460441,286345,474746786,4,0,1,12288,13,10141179412
18475,474488731,274625,474763356,2,0,0,2048,16,7223877077
18476,474494311,479300,474973611,8,0,0,2048,7,2045141965
18477,474515200,595064,475110264,6,0,0,248320,12,4002902323
18478,474554581,292268,474846849,8,0,0,512,7,4697474487
18479,474605379,151833,474757212,6,0,1,8704,12,9313389659
18480,474622160,135091,474757251,9,0,1,2560,15,6143169185
18481,474673250,578902,475252152,6,0,0,188416,12,5727013718
18482,474698231,65169,474763400,4,0,1,15360,13,10340559718
18483,474703789,61190,474764979,6,0,1,9216,12,1022736536
18484,474719909,296740,475016649,9,0,0,1024,15,4657761918
18485,474736910,376193,475113103,0,0,0,9216,14,3545759028
18486,474745359,204426,474949785,9,0,0,1024,15,5924599775
18487,474748730,432036,475180766,0,0,0,3584,14,10454711970
18488,474762420,373045,475135465,6,0,0,72192,12,1074137162
18489,474789000,366886,475155886,1,0,0,43520,9,2597269991
18490,474796350,29154,474825504,5,0,1,22528,18,463413451
18491,474823370,3120,474826490,9,0,1,1536,15,9323160732
18492,474871730,10241,474881971,9,0,1,16384,15,3541414299
18493,474886670,13858,474900528,9,0,1,23552,15,1450553145
18494,474887901,12973,474900874,4,0,1,512,13,5050345086
18495,474913720,11274,474924994,9,0,1,18432,15,5956252635
18496,474935640,12737,474948377,5,0,1,24576,18,6475201741
18497,474984061,129385,475113446,2,0,0,1024,16,4646417682
18498,475005031,15321,475020352,4,0,1,29696,13,390964920
18499,475008719,11787,475020506,6,0,1,8704,12,6628117583
18500,475041460,331737,475373197,0,0,0,67584,14,5902374587
18501,475045911,206936,475252847,8,0,0,2048,7,2044955795
18502,475062620,104587,475167207,8,0,1,51712,7,52880335
18503,475063801,410086,475473887,2,0,0,6144,16,6784494072
18504,475093081,85570,475178651,4,0,1,38400,13,10637432354
18505,475134760,118126,475252886,8,0,1,136192,7,9655917522
18506,475135539,122374,475257913,6,0,1,6144,12,8627652144
18507,475139960,387388,475527348,0,0,0,1024,14,3594098261
18508,475145679,113002,475258681,6,0,1,11776,12,1415775543
18509,475168910,486170,475655080,1,0,0,92160,9,1143104265
18510,475181399,77948,475259347,6,0,1,1024,12,615291475
18511,475203510,98217,475301727,8,0,1,74752,7,9909075866
18512,475211911,226049,475437960,8,0,0,512,7,4580812401
18513,475212789,90116,475302905,6,0,1,13824,12,10562234072
18514,475217720,90472,475308192,9,0,1,25088,15,7977058171
18515,475221611,128722,475350333,2,0,0,1024,16,1513458452
18516,475235060,335971,475571031,0,0,0,19968,14,2076809726
18517,475280400,28356,475308756,9,0,1,10752,15,2635573590
18518,475293141,178859,475472000,5,0,0,23552,18,4967680898
18519,475303151,46387,475349538,8,0,0,1024,7,5085979998
18520,475307579,65945,475373524,9,0,0,1024,15,10729898885
18521,475313231,5326,475318557,4,0,1,5632,13,8718643350
18522,475319280,7230,475326510,9,0,1,7680,15,6801194139
18523,475327871,327878,475655749,8,0,0,2048,7,2121035110
18524,475330650,246480,475577130,6,0,0,19968,12,1782501090
18525,475342250,7303,475349553,5,0,1,7680,18,69257118
18526,475372830,16540,475389370,9,0,1,30720,15,10058329058
18527,475373191,22439,475395630,4,0,1,24576,13,5913017288
18528,475375190,23346,475398536,5,0,1,4608,18,7624602927
18529,475395011,122824,475517835,8,0,0,3072,7,9552346275
18530,475397621,2541,475400162,4,0,1,2560,13,9185788736
18531,475398080,13365,475411445,9,0,1,25088,15,1600122635
18532,475421960,3645,475425605,5,0,1,10240,18,6809480144
18533,475458311,5802,475464113,4,0,1,6144,13,5473840806
18534,475463951,209477,475673428,8,0,0,1024,7,8761687275
18535,475481860,418584,475900444,1,0,0,110080,9,7367458946
18536,475507400,436598,475943998,0,0,0,142336,14,9043651224
18537,475517681,5948,475523629,4,0,1,6144,13,7978630235
18538,475521180,102399,475623579,8,0,1,165888,7,571431859
18539,475530930,93635,475624565,9,0,1,1536,15,770349624
18540,475569270,637756,476207026,0,0,0,119808,14,7913315301
18541,475570200,466048,476036248,1,0,0,78848,9,4560186805
18542,475590340,64755,475655095,5,0,1,6656,18,5238544988
18543,475591340,63770,475655110,9,0,1,4096,15,3335672554
18544,475598360,207179,475805539,8,0,1,339968,7,9612345590
18545,475601460,205705,475807165,5,0,1,2560,18,8649808388
18546,475607371,498175,476105546,2,0,0,1024,16,3042538287
18547,475657690,512817,476170507,1,0,0,41472,9,3031653757
18548,475658571,378160,476036731,2,0,0,1536,16,10732001809
18549,475682800,129959,475812759,8,0,1,26624,7,5349697097
18550,475700360,550468,476250828,6,0,0,34816,12,3669891652
18551,475713199,187416,475900615,9,0,0,512,15,7346488071
18552,475714820,294284,476009104,0,0,0,29184,14,4142273556
18553,475766729,47976,475814705,6,0,1,3072,12,6667392403
18554,475777960,437817,476215777,6,0,0,28672,12,9694284683
18555,475786149,33741,475819890,6,0,1,16384,12,9734134057
18556,475790320,314899,476105219,0,0,0,88064,14,4990167029
18557,475808161,16235,475824396,4,0,1,7168,13,1741935182
18558,475825980,520573,476346553,6,0,0,95744,12,8843612590
18559,475843680,525419,476369099,0,0,0,69632,14,6282486809
18560,475858251,215244,476073495,8,0,0,512,7,5489405284
18561,475955391,260557,476215948,2,0,0,512,16,20871286
18562,475967671,289022,476256693,2,0,0,1024,16,2813639176
18563,475984560,474793,476459353,0,0,0,60416,14,4791518004
18564,475987851,418960,476406811,5,0,0,65536,18,9934702169
18565,476007299,2839,476010138,6,0,1,1024,12,10211478507
18566,476140710,13253,476153963,8,0,1,25600,7,5286450215
18567,476211530,28652,476240182,8,0,1,40448,7,228548751
18568,476220890,29953,476250843,3,0,1,6144,3,8010412201
18569,476263261,158229,476421490,5,0,0,48128,18,9829532314
18570,476282210,194805,476477015,1,0,0,33280,9,8181083220
18571,476295400,278000,476573400,0,0,0,71168,14,1543816152
18572,476397201,140906,476538107,5,0,0,9728,18,1449898654
18573,476422860,1042,476423902,3,0,1,1024,3,4903994970
18574,476430560,419269,476849829,0,0,0,220672,14,2654244280
18575,476449820,289512,476739332,0,0,0,8192,14,8532810231
18576,476460620,16410,476477030,5,0,1,18944,18,758542163
18577,476473571,110452,476584023,5,0,0,34816,18,116169660
18578,476492329,1042,476493371,6,0,1,1024,12,2201299621
18579,476521139,16983,476538122,6,0,1,32256,12,1640901444
18580,476571390,16064,476587454,5,0,1,3584,18,9389940650
18581,476582130,15819,476597949,5,0,1,21504,18,5362271176
18582,476593660,302052,476895712,1,0,0,126976,9,4424443828
18583,476610341,297725,476908066,2,0,0,1024,16,1510569191
18584,476627290,14029,476641319,5,0,1,27136,18,4891695620
18585,476628830,344682,476973512,0,0,0,44032,14,7363372662
18586,476639681,135934,476775615,5,0,0,11264,18,2457346424
18587,476670390,81374,476751764,8,0,1,131584,7,8844012674
18588,476719380,188359,476907739,6,0,0,39424,12,3055815662
18589,476733039,25241,476758280,6,0,1,23040,12,2852233112
18590,476754010,10757,476764767,5,0,1,17408,18,10376002056
18591,476764201,174987,476939188,5,0,0,7168,18,5552779968
18592,476764539,3387,476767926,6,0,1,9728,12,5366277074
18593,476770540,5090,476775630,5,0,1,2048,18,2233070633
18594,476783820,70893,476854713,3,0,1,5120,3,9404815305
18595,476792660,115421,476908081,7,0,1,28160,16,651749065
18596,476801509,106587,476908096,6,0,1,26624,12,7070326683
18597,476873831,123987,476997818,8,0,0,11776,7,7158305422
18598,476874150,533376,477407526,1,0,0,45056,9,9241604764
18599,476890640,528374,477419014,0,0,0,24576,14,8498970554
18600,476918370,449543,477367913,1,0,0,315904,9,5795150225
18601,476928061,241485,477169546,8,0,0,512,7,1882368209
18602,476945201,314403,477259604,2,0,0,512,16,7746030524
18603,476959579,13956,476973535,6,0,1,12800,12,746261274
18604,476963961,423201,477387162,8,0,0,2560,7,7256909732
18605,476985519,5971,476991490,6,0,1,14848,12,4132096500
18606,477017510,373895,477391405,6,0,0,13824,12,8598290042
18607,477037009,2946,477039955,6,0,1,3072,12,4677500691
18608,477047909,1518,477049427,6,0,1,1536,12,431215942
18609,477063620,1042,477064662,3,0,1,1024,3,8147192062
18610,477067461,344026,477411487,2,0,0,5120,16,116364606
18611,477077620,4937,477082557,5,0,1,12800,18,2750523930
18612,477077841,308526,477386367,8,0,0,5632,7,8929427302
18613,477087311,305677,477392988,8,0,0,5120,7,8740512238
18614,477103810,306086,477409896,1,0,0,1536,9,1961885072
18615,477117130,5712,477122842,3,0,1,14336,3,7016122635
18616,477118430,69085,477187515,7,0,0,3584,16,3577600103
18617,477139731,254052,477393783,8,0,0,2560,7,2202611462
18618,477147540,1518,477149058,3,0,1,1536,3,9767411175
18619,477159350,225286,477384636,6,0,0,54784,12,1356789801
18620,477164039,5802,477169841,6,0,1,6144,12,1351094863
18621,477185151,224262,477409413,2,0,0,6144,16,7106322747
18622,477194680,2870,477197550,8,0,1,8704,7,2605972178
18623,477195990,5295,477201285,5,0,1,10752,18,4710364801
18624,477233660,31266,477264926,8,0,1,50688,7,2546430775
18625,477276860,198945,477475805,6,0,0,54272,12,5799649631
18626,477277750,199692,477477442,8,0,1,111616,7,4642348794
18627,477300991,198712,477499703,2,0,0,512,16,8935891928
18628,477303790,190434,477494224,1,0,1,55808,9,2034785378
18629,477305760,495588,477801348,6,0,0,264704,12,4663341462
18630,477328580,167270,477495850,5,0,1,2560,18,5720546771
18631,477338810,206685,477545495,6,0,0,4608,12,1792079266
18632,477342000,276317,477618317,7,0,0,512,16,1811689123
18633,477347991,220784,477568775,5,0,0,8192,18,357991889
18634,477398001,433406,477831407,2,0,0,2560,16,8904917133
18635,477399241,430670,477829911,5,0,0,93696,18,3951049396
18636,477434230,61966,477496196,5,0,1,512,18,7246038416
18637,477467420,29135,477496555,3,0,1,9728,3,5121466204
18638,477470141,360269,477830410,2,0,0,1536,16,6814292830
18639,477494800,3061,477497861,3,0,1,2048,3,10122897170
18640,477505231,350527,477855758,5,0,0,79872,18,9571103337
18641,477515960,204697,477720657,0,0,0,49152,14,1074153231
18642,477522481,367206,477889687,8,0,0,5632,7,7376459532
18643,477532800,13512,477546312,8,0,1,26112,7,8631919570
18644,477553610,566,477554176,3,0,1,512,3,1915398711
18645,477579099,2470,477581569,6,0,1,2560,12,3774528545
18646,477580950,4679,477585629,3,0,1,12288,3,8707319949
18647,477589580,1042,477590622,3,0,1,1024,3,3146411222
18648,477619570,305877,477925447,0,0,0,55808,14,2428515246
18649,477625790,252752,477878542,1,0,0,26112,9,1415238521
18650,477626471,229646,477856117,8,0,0,1024,7,6850141262
18651,477629581,201008,477830589,8,0,0,512,7,9903830449
18652,477642070,349971,477992041,7,0,0,1024,16,756687578
18653,477642190,51257,477693447,1,0,1,82944,9,3509312814
18654,477662690,167914,477830604,8,0,1,127488,7,2302598714
18655,477667731,188580,477856311,2,0,0,512,16,3363068649
18656,477672621,305851,477978472,5,0,0,70656,18,1725002557
18657,477697240,158900,477856140,5,0,1,3072,18,6829863457
18658,477723880,156866,477880746,1,0,1,44544,9,881674593
18659,477740271,325974,478066245,5,0,0,15872,18,7288408897
18660,477759270,498976,478258246,1,0,0,81408,9,10380268756
18661,477798600,86652,477885252,7,0,1,7168,16,2764870372
18662,477806700,357776,478164476,0,0,0,87040,14,2255096571
18663,477817351,416076,478233427,5,0,0,41472,18,8721277827
18664,477818831,485023,478303854,5,0,0,96768,18,8627382460
18665,477840861,114682,477955543,0,0,1,139264,14,3409824331
18666,477844371,134116,477978487,0,0,1,69632,14,3808976636
18667,477852220,126282,477978502,3,0,1,2048,3,1559507764
18668,477861550,118328,477979878,3,0,1,2560,3,10072577299
18669,477880360,296454,478176814,7,0,0,2048,16,10479311821
18670,477900510,476447,478376957,1,0,0,147456,9,2033967072
18671,477925460,55698,477981158,8,0,1,14336,7,8939170402
18672,477925510,240073,478165583,7,0,0,3584,16,10050096089
18673,477927010,56094,477983104,5,0,1,3072,18,8036235639
18674,477931421,390544,478321965,5,0,0,59392,18,6219795561
18675,477937910,70911,478008821,1,0,1,81920,9,6172403409
18676,478005790,40874,478046664,8,0,1,66048,7,7577400728
18677,478053860,4162,478058022,3,0,1,11264,3,375298264
18678,478099580,66026,478165606,8,0,1,100864,7,9094814331
18679,478105729,59892,478165621,6,0,1,13312,12,5404057884
18680,478137380,31335,478168715,8,0,1,19968,7,1546012224
18681,478160920,245308,478406228,1,0,0,15360,9,3089040518
18682,478172070,4759,478176829,5,0,1,12288,18,4298755874
18683,478180880,336690,478517570,1,0,0,78848,9,3362259159
18684,478185140,380936,478566076,1,0,0,11264,9,123003665
18685,478273490,103482,478376972,8,0,1,125952,7,977941709
18686,478300311,95479,478395790,0,0,1,120320,14,2443002454
18687,478327970,377716,478705686,7,0,0,3072,16,9450048096
18688,478333430,95609,478429039,8,0,1,84480,7,2356296136
18689,478352690,476122,478828812,6,0,0,179200,12,10538102549
18690,478389670,41315,478430985,5,0,1,3072,18,2520603667
18691,478406201,52488,478458689,0,0,1,83456,14,2094954446
18692,478427270,42249,478469519,8,0,1,35328,7,1608304444
18693,478467821,243121,478710942,2,0,0,1536,16,3243021186
18694,478504961,67147,478572108,0,0,1,92672,14,1468464486
18695,478507481,113201,478620682,0,0,1,122368,14,3299077571
18696,478541801,392773,478934574,5,0,0,26112,18,4689830980
18697,478550671,279419,478830090,8,0,0,4096,7,4213709272
18698,478555310,92215,478647525,1,0,1,95744,9,826351192
18699,478569451,272845,478842296,5,0,0,39424,18,2531299630
18700,478578750,627306,479206056,0,0,0,361472,14,4411533143
18701,478585111,245158,478830269,8,0,0,512,7,10430747480
18702,478607710,871260,479478970,6,0,0,194048,12,801979986
18703,478610260,744835,479355095,1,0,0,56832,9,10666096393
18704,478642711,89765,478732476,8,0,0,512,7,7441938828
18705,478649141,3422,478652563,0,0,1,3584,14,6463858760
18706,478650240,33804,478684044,1,0,1,58880,9,6636371559
18707,478679000,5915,478684915,5,0,1,12288,18,5205066516
18708,478769370,2946,478772316,2,0,1,3072,16,3403313083
18709,478772570,752138,479524708,1,0,0,149504,9,947593457
18710,478773700,55127,478828827,2,0,1,512,16,9504169785
18711,478791711,1212933,480004644,5,0,0,92160,18,10216907782
18712,478860151,853872,479714023,5,0,0,164864,18,2641227670
18713,478860531,559292,479419823,5,0,0,73216,18,5294517867
18714,478879220,327327,479206547,7,0,0,1536,16,10358977913
18715,478884620,5971,478890591,1,0,1,14848,9,222059068
18716,478917840,566,478918406,3,0,1,512,3,10279189494
18717,478933050,5414,478938464,2,0,1,4096,16,10294402481
18718,478951290,763528,479714818,7,0,0,2560,16,4012891131
18719,478991110,672628,479663738,6,0,0,178176,12,5136315237
18720,478997150,367593,479364743,7,0,0,17408,16,5320883039
18721,479016800,3422,479020222,5,0,1,3584,18,8436710723
18722,479020520,2946,479023466,3,0,1,3072,3,3278562660
18723,479028520,3387,479031907,2,0,1,9728,16,10491189430
18724,479086790,508119,479594909,0,0,0,2560,14,9205441766
18725,479094950,714221,479809171,6,0,0,197632,12,9831017525
18726,479096931,382210,479479141,2,0,0,512,16,8654915863
18727,479147670,61957,479209627,5,0,1,3072,18,7049355363
18728,479174891,350020,479524911,2,0,0,512,16,10407926050
18729,479177880,37443,479215323,1,0,1,8192,9,3349724126
18730,479182310,36879,479219189,2,0,1,6144,16,302886566
18731,479182880,37487,479220367,2,0,1,13824,16,3135588897
18732,479193880,30353,479224233,2,0,1,6144,16,6520434712
18733,479203331,545601,479748932,2,0,0,5120,16,4717186767
18734,479222060,2870,479224930,7,0,1,8704,16,3774790231
18735,479239630,7706,479247336,3,0,1,8192,3,1353465974
18736,479246080,291966,479538046,1,0,0,43008,9,9564025546
18737,479249710,497639,479747349,1,0,0,106496,9,888855460
18738,479261660,851167,480112827,7,0,0,127488,16,1330923577
18739,479287360,951305,480238665,7,0,0,161280,16,5356641619
18740,479338321,512503,479850824,5,0,0,75776,18,9619166678
18741,479355340,9418,479364758,3,0,1,8192,3,2720933803
18742,479369471,16354,479385825,4,0,1,31744,13,9841062274
18743,479373310,539980,479913290,6,0,0,87552,12,293413169
18744,479381150,552346,479933496,7,0,0,19968,16,2737754964
18745,479393010,3645,479396655,3,0,1,10240,3,10722639158
18746,479403581,974809,480378390,2,0,0,1536,16,8059193192
18747,479452220,587573,480039793,6,0,0,16896,12,6557460648
18748,479466430,197331,479663761,1,0,1,161280,9,9753692589
18749,479478720,185056,479663776,2,0,1,2560,16,3297370079
18750,479479680,781635,480261315,0,0,0,70656,14,3737944336
18751,479497460,217373,479714833,1,0,1,35840,9,8285772505
18752,479508421,458719,479967140,2,0,0,1024,16,4775028132
18753,479527650,187198,479714848,1,0,1,15360,9,341937684
18754,479538770,176093,479714863,5,0,1,14336,18,1245831954
18755,479562000,152878,479714878,5,0,1,27136,18,754695957
18756,479565010,587687,480152697,1,0,0,40448,9,5566043181
18757,479586741,376103,479962844,2,0,0,2048,16,3290168744
18758,479596901,781006,480377907,5,0,0,203776,18,8923384145
18759,479599010,435620,480034630,1,0,0,59392,9,4514758599
18760,479610441,274194,479884635,8,0,0,1536,7,2248636980
18761,479690320,118874,479809194,3,0,1,4096,3,8340916499
18762,479697660,153179,479850839,1,0,1,49152,9,484221699
18763,479778380,73095,479851475,1,0,1,48640,9,5588971269
18764,479788531,731673,480520204,8,0,0,1536,7,4290921592
18765,479847100,16573,479863673,5,0,1,21504,18,10196970364
18766,479847460,19759,479867219,2,0,1,5632,16,9323272968
18767,479857520,78499,479936019,1,0,1,129536,9,6575104133
18768,479861630,75055,479936685,2,0,1,1024,16,2540996854
18769,479881750,511693,480393443,6,0,0,38912,12,9535809588
18770,479927871,525010,480452881,2,0,0,1024,16,1922186635
18771,479950920,24670,479975590,1,0,1,44544,9,8911920695
18772,479962650,42009,480004659,5,0,1,2560,18,8047653395
18773,479975490,544231,480519721,7,0,0,120320,16,8833401920
18774,479979301,260471,480239772,8,0,0,3584,7,1261024188
18775,480036330,18000,480054330,1,0,1,28160,9,2460637960
18776,480044780,335973,480380753,1,0,0,7680,9,7465239819
18777,480058770,566989,480625759,0,0,0,58880,14,4362753088
18778,480072350,566,480072916,2,0,1,512,16,7274253571
18779,480076590,493177,480569767,7,0,0,41472,16,3943327032
18780,480123230,146245,480269475,0,0,0,9216,14,86254931
18781,480142110,24391,480166501,5,0,1,26624,18,7874713976
18782,480143750,23007,480166757,2,0,1,9216,16,5525396103
18783,480151231,230325,480381556,8,0,0,2560,7,8922904351
18784,480248160,16569,480264729,5,0,1,3584,18,6042599410
18785,480284329,3128,480287457,6,0,1,9216,12,5614610796
18786,480322530,264508,480587038,7,0,0,17408,16,7616009411
18787,480346210,381728,480727938,6,0,0,86528,12,10651703085
18788,480372090,738226,481110316,7,0,0,84480,16,1390129246
18789,480372251,148436,480520687,8,0,0,1536,7,3058913519
18790,480393710,371381,480765091,1,0,0,14848,9,8197012804
18791,480402870,2470,480405340,2,0,1,2560,16,5936450825
18792,480511981,628231,481140212,8,0,0,1024,7,5143811976
18793,480527501,540292,481067793,5,0,0,345600,18,7495177707
18794,480543590,26192,480569782,1,0,1,30720,9,5746143073
18795,480578580,645321,481223901,1,0,0,121344,9,764087661
18796,480588190,531517,481119707,1,0,0,30720,9,1300468565
18797,480622871,532105,481154976,2,0,0,1024,16,2141667130
18798,480646291,291013,480937304,2,0,0,512,16,4536229629
18799,480707951,431747,481139698,5,0,0,65536,18,2337047741
18800,480725280,359281,481084561,0,0,0,27136,14,8410329729
18801,480735241,521926,481257167,5,0,0,34816,18,9036357548
18802,480736200,418410,481154610,0,0,0,47104,14,5726348302
18803,480736460,4420,480740880,2,0,1,11776,16,6928646318
18804,480746450,566,480747016,5,0,1,512,18,849837
18805,480751360,324918,481076278,7,0,0,23040,16,1672882308
18806,480778121,489669,481267790,5,0,0,34816,18,8180579432
18807,480783171,356698,481139869,2,0,0,512,16,9202942119
18808,480818171,362697,481180868,8,0,0,2560,7,8363639128
18809,480823751,422785,481246536,5,0,0,74240,18,9195560381
18810,480834320,1994,480836314,5,0,1,2048,18,7062716169
18811,480848750,1518,480850268,5,0,1,1536,18,4794057908
18812,480855541,213359,481068900,2,0,0,3584,16,5958110735
18813,480858211,302809,481161020,2,0,0,1536,16,2606892256
18814,480887361,181874,481069235,2,0,0,1024,16,1395301674
18815,480888659,4420,480893079,6,0,1,11776,12,5030145641
18816,480933820,417472,481351292,0,0,0,217600,14,6976160972
18817,480944070,438596,481382666,0,0,0,87552,14,10411253468
18818,480995820,144415,481140235,2,0,1,4096,16,2725057844
18819,481027670,139069,481166739,6,0,0,1536,12,8774288720
18820,481038950,115683,481154633,7,0,1,15872,16,7840828004
18821,481041160,115037,481156197,2,0,1,18944,16,8033538957
18822,481122390,147763,481270153,0,0,0,7680,14,1004117183
18823,481123950,34513,481158463,2,0,1,3584,16,7612474975
18824,481128530,30599,481159129,5,0,1,1024,18,4814920133
18825,481149520,317584,481467104,6,0,0,136704,12,2069169670
18826,481174981,212552,481387533,2,0,0,1024,16,11084300
18827,481201940,318585,481520525,7,0,0,60928,16,5952072773
18828,481241410,32864,481274274,5,0,1,11264,18,6696312462
18829,481291520,63729,481355249,5,0,1,4096,18,10597078848
18830,481319829,62860,481382689,6,0,1,7168,12,415711264
18831,481321570,61134,481382704,5,0,1,3584,18,2090479560
18832,481326910,55809,481382719,3,0,1,3584,3,1571473056
18833,481357019,26701,481383720,6,0,1,1024,12,3768955661
18834,481427521,111589,481539110,2,0,0,512,16,8528720664
18835,481431010,47527,481478537,2,0,1,18432,16,3361612665
18836,481440130,469448,481909578,6,0,0,171520,12,9530222105
18837,481442461,508784,481951245,5,0,0,52736,18,4927834496
18838,481443090,37713,481480803,7,0,1,3584,16,2106411111
18839,481452310,29057,481481367,7,0,1,10752,16,1074425125
18840,481460040,356676,481816716,7,0,0,94720,16,4444122033
18841,481464871,77421,481542292,2,0,0,512,16,8641330058
18842,481475350,351989,481827339,6,0,0,34816,12,6368691133
18843,481490339,3898,481494237,6,0,1,4096,12,2932907411
18844,481500439,20101,481520540,6,0,1,2560,12,809869951
18845,481540089,3387,481543476,6,0,1,9728,12,7364188315
18846,481557200,496552,482053752,0,0,0,71680,14,8229639755
18847,481558981,438323,481997304,5,0,0,135680,18,10496122696
18848,481561171,72560,481633731,8,0,0,1536,7,8065049420
18849,481563470,12308,481575778,5,0,1,20480,18,7069274844
18850,481575560,359556,481935116,1,0,0,82944,9,2725827991
18851,481577140,648663,482225803,1,0,0,65536,9,4392573946
18852,481602950,2946,481605896,5,0,1,3072,18,6653138679
18853,481606230,3898,481610128,2,0,1,4096,16,6663725273
18854,481623741,374997,481998738,5,0,0,512,18,6326609241
18855,481628660,6754,481635414,7,0,1,7168,16,8320357000
18856,481668851,357138,482025989,2,0,0,1024,16,6290098572
18857,481754941,269411,482024352,5,0,0,81920,18,4929743566
18858,481759581,238986,481998567,8,0,0,4096,7,2236271994
18859,481810591,188786,481999377,8,0,0,2048,7,4090706264
18860,481818760,248311,482067071,6,0,0,15360,12,4547022602
18861,481849621,515945,482365566,8,0,0,2048,7,2891305805
18862,481856771,168376,482025147,8,0,0,2560,7,1337951484
18863,481861090,369564,482230654,1,0,0,15872,9,7129217111
18864,481873471,152175,482025646,8,0,0,1536,7,5990887819
18865,481886081,319739,482205820,5,0,0,101376,18,7281042995
18866,481888410,46721,481935131,7,0,1,14336,16,4884926340
18867,481896161,359296,482255457,5,0,0,29696,18,4667909190
18868,481896549,38613,481935162,6,0,1,14848,12,3538714792
18869,481912010,397356,482309366,7,0,0,72192,16,10181480547
18870,481919790,32481,481952271,7,0,1,1024,16,10444642282
18871,481932500,95137,482027637,8,0,1,128000,7,2944443900
18872,481948990,104777,482053767,7,0,1,21504,16,6467922041
18873,481976111,333426,482309537,2,0,0,512,16,5650596726
18874,481979470,584327,482563797,7,0,0,126976,16,4870107163
18875,481998810,54972,482053782,2,0,1,3584,16,9535943119
18876,482016610,348317,482364927,0,0,0,45056,14,8728215803
18877,482024420,29377,482053797,7,0,1,8192,16,9814334941
18878,482045451,321386,482366837,2,0,0,4096,16,9538657973
18879,482046679,10574,482057253,6,0,1,3584,12,5301078341
18880,482052660,6219,482058879,2,0,1,2560,16,283105084
18881,482082079,2946,482085025,6,0,1,3072,12,3063390839
18882,482091371,420292,482511663,8,0,0,3584,7,286750362
18883,482104860,835090,482939950,0,0,0,105984,14,6008171035
18884,482133890,670527,482804417,6,0,0,137216,12,3298752124
18885,482135160,3128,482138288,2,0,1,9216,16,7196695833
18886,482140540,23466,482164006,8,0,1,38912,7,1310422825
18887,482155900,11652,482167552,2,0,1,5632,16,4723015168
18888,482156170,14928,482171098,8,0,1,5632,7,9075869482
18889,482171350,165904,482337254,1,0,1,272896,9,3051758646
18890,482200510,1136637,483337147,6,0,0,310272,12,4728528178
18891,482211220,474724,482685944,7,0,0,8704,16,1339123503
18892,482218040,124808,482342848,8,0,1,18432,7,10262071867
18893,482314681,447913,482762594,5,0,0,78336,18,1644198800
18894,482357320,14930,482372250,5,0,1,13824,18,9032595185
18895,482389840,96579,482486419,8,0,1,161280,7,4728800422
18896,482393570,128934,482522504,8,0,1,123392,7,9261294552
18897,482399600,1040394,483439994,6,0,0,211968,12,6898615591
18898,482433000,90490,482523490,7,0,1,1536,16,10630987150
18899,482438091,125729,482563820,4,0,1,22016,13,2489619629
18900,482491230,72621,482563851,2,0,1,21504,16,6218784651
18901,482517201,170870,482688071,2,0,0,512,16,3936423669
18902,482528810,36605,482565415,7,0,1,1536,16,2939835360
18903,482530271,57044,482587315,4,0,1,37888,13,9177916394
18904,482533690,57171,482590861,7,0,1,5632,16,1291580818
18905,482544030,167573,482711603,6,0,0,7168,12,9974381543
18906,482556240,299451,482855691,7,0,0,7680,16,978896323
18907,482566081,27686,482593767,4,0,1,4608,13,7679521300
18908,482594460,3898,482598358,2,0,1,4096,16,3966808728
18909,482596020,957704,483553724,0,0,0,54784,14,7991049041
18910,482599150,1196998,483796148,0,0,0,346112,14,5523413872
18911,482608721,364175,482972896,5,0,0,16384,18,5673122660
18912,482651520,6488,482658008,8,0,1,15872,7,7040302137
18913,482678400,1518,482679918,2,0,1,1536,16,1376256733
18914,482687310,10499,482697809,5,0,1,16896,18,4427758737
18915,482688000,10795,482698795,2,0,1,1536,16,7563881305
18916,482703330,1994,482705324,8,0,1,2048,7,5116364368
18917,482708041,3577,482711618,4,0,1,8704,13,2654357297
18918,482763871,1073108,483836979,5,0,0,12800,18,10624184401
18919,482809700,6278,482815978,2,0,1,6656,16,5999571679
18920,482813260,3064,482816324,2,0,1,512,16,5192812184
18921,482836841,5326,482842167,4,0,1,5632,13,7851343450
18922,482840950,205983,483046933,0,0,0,3072,14,2695026477
18923,482850531,5712,482856243,4,0,1,14336,13,3375074793
18924,482856200,1520,482857720,5,0,1,1536,18,2156404492
18925,482863020,3422,482866442,8,0,1,3584,7,9164826381
18926,482894650,45331,482939981,8,0,1,54784,7,5188980689
18927,482899060,51456,482950516,8,0,1,16896,7,3498730242
18928,482925200,26187,482951387,2,0,1,12288,16,2059653592
18929,482930290,444554,483374844,1,0,0,91648,9,5401162358
18930,482936051,215721,483151772,8,0,0,2048,7,9910823468
18931,482941270,11075,482952345,2,0,1,9728,16,8722330788
18932,482960260,386645,483346905,1,0,0,31744,9,7986445466
18933,482961680,504323,483466003,1,0,0,84992,9,747798017
18934,482973740,154337,483128077,1,0,0,512,9,5525631844
18935,482978701,3898,482982599,4,0,1,4096,13,6986941706
18936,482979620,237771,483217391,1,0,0,512,9,8879763405
18937,483000731,182165,483182896,8,0,0,512,7,9172812996
18938,483014820,6278,483021098,5,0,1,6656,18,1755470905
18939,483076720,804539,483881259,1,0,0,1024,9,1540968291
18940,483082120,2946,483085066,8,0,1,3072,7,8312109410
18941,483165380,4374,483169754,5,0,1,4608,18,4299691337
18942,483180920,5802,483186722,8,0,1,6144,7,1064734641
18943,483186890,5802,483192692,2,0,1,6144,16,9976076235
18944,483192380,295634,483488014,7,0,0,72192,16,5623379437
18945,483192461,498200,483690661,5,0,0,107008,18,8700897801
18946,483222850,305508,483528358,7,0,0,60416,16,47164996
18947,483237190,802024,484039214,7,0,0,105472,16,1912468273
18948,483238200,98962,483337162,8,0,1,22016,7,3265357497
18949,483253200,186809,483440009,2,0,1,5120,16,5763086464
18950,483255040,578024,483833064,0,0,0,29696,14,5441262178
18951,483270830,309912,483580742,6,0,0,11264,12,5185950548
18952,483285491,203482,483488973,2,0,0,3072,16,2656153761
18953,483286531,511036,483797567,2,0,0,4608,16,9526922939
18954,483286921,153103,483440024,4,0,1,3072,13,8947838099
18955,483295610,144437,483440047,5,0,1,35328,18,872840644
18956,483306270,133792,483440062,8,0,1,3584,7,1623878524
18957,483315051,125026,483440077,4,0,1,7168,13,5735181771
18958,483320520,119572,483440092,1,0,1,29184,9,479661602
18959,483342571,218028,483560599,8,0,0,1536,7,10268978970
18960,483344071,144917,483488988,4,0,1,17408,13,4359150584
18961,483361890,455816,483817706,6,0,0,66048,12,5387158475
18962,483444650,45339,483489989,2,0,1,1024,16,4404410358
18963,483504539,2870,483507409,6,0,1,8704,12,4251909288
18964,483525590,298411,483824001,6,0,0,20480,12,2633179926
18965,483577701,4075,483581776,4,0,1,1024,13,10623739188
18966,483626090,357059,483983149,7,0,0,150528,16,7099561262
18967,483628070,7230,483635300,5,0,1,7680,18,6848258538
18968,483628570,8215,483636785,5,0,1,15360,18,7698942899
18969,483658831,204335,483863166,8,0,0,1024,7,5448011139
18970,483662010,248763,483910773,0,0,0,31232,14,8140280995
18971,483703251,336930,484040181,2,0,0,3072,16,893205545
18972,483720160,418401,484138561,7,0,0,25600,16,589183081
18973,483724550,323599,484048149,1,0,0,1536,9,3068992556
18974,483726530,113429,483839959,5,0,1,3072,18,6028268065
18975,483728340,119850,483848190,8,0,1,16384,7,7673052567
18976,483771669,78467,483850136,6,0,1,3072,12,8526546156
18977,483783850,67566,483851416,2,0,1,14336,16,2036829523
18978,483809521,174587,483984108,8,0,0,3072,7,618901032
18979,483855241,129826,483985067,8,0,0,3072,7,6120854939
18980,483861990,5326,483867316,5,0,1,5632,18,10099866893
18981,483862700,55380,483918080,1,0,0,1536,9,2266769897
18982,483883951,3898,483887849,4,0,1,4096,13,6589464690
18983,483908601,161082,484069683,2,0,0,512,16,9572119355
18984,483912051,6278,483918329,4,0,1,6656,13,1098782191
18985,483928231,112419,484040650,2,0,0,1024,16,10274516105
18986,483945500,244868,484190368,6,0,0,27136,12,8530798985
18987,483969991,157660,484127651,2,0,0,3584,16,5453412950
18988,484013181,79492,484092673,2,0,0,1024,16,1044665310
18989,484013860,165222,484179082,1,0,0,512,9,10294128895
18990,484039670,152273,484191943,0,0,0,5120,14,8164704340
18991,484084490,205916,484290406,7,0,0,127488,16,10380599724
18992,484114480,5712,484120192,5,0,1,14336,18,1197508452
18993,484169610,232397,484402007,0,0,0,128000,14,9411690775
18994,484172331,153769,484326100,8,0,0,1536,7,852094594
18995,484174960,187827,484362787,0,0,0,45056,14,6009693402
18996,484200760,3387,484204147,2,0,1,9728,16,5194035780
18997,484202810,5813,484208623,2,0,1,5120,16,1532213385
18998,484238601,1042,484239643,4,0,1,1024,13,9899353650
18999,484248650,114308,484362958,1,0,0,512,9,85795847
19000,484304160,5326,484309486,2,0,1,5632,16,61149408
19001,484339741,159775,484499516,8,0,0,4608,7,9204709908
19002,484341210,256396,484597606,6,0,0,146432,12,722890355
19003,484347990,1042,484349032,2,0,1,1024,16,7722569175
19004,484370810,35104,484405914,2,0,1,4096,16,7035108916
19005,484378530,60046,484438576,8,0,1,61952,7,3051046617
19006,484407960,30962,484438922,3,0,1,512,3,10148415162
19007,484411631,68175,484479806,8,0,0,1536,7,310290304
19008,484412920,32006,484444926,3,0,1,20480,3,7242134687
19009,484457621,140312,484597933,2,0,0,1024,16,9982747466
19010,484465590,162037,484627627,1,0,0,1024,9,5498176479
19011,484470810,129494,484600304,0,0,0,7680,14,2769620379
19012,484476250,5326,484481576,3,0,1,5632,3,767395904
19013,484479021,5781,484484802,4,0,1,5120,13,3268606980
19014,484567470,85769,484653239,1,0,0,2560,9,10228653283
19015,484569340,32917,484602257,3,0,1,2048,3,2755412966
19016,484624110,161994,484786104,0,0,0,124928,14,1260327939
19017,484648430,14029,484662459,3,0,1,27136,3,6496876833
19018,484676870,154166,484831036,0,0,0,9728,14,5431990404
19019,484771471,71824,484843295,2,0,0,1024,16,10528684107
19020,484793230,115584,484908814,6,0,0,47104,12,8511827326
19021,484802430,13083,484815513,2,0,1,22016,16,8170905365
19022,484811990,174014,484986004,0,0,0,39936,14,699539688
19023,484855310,3898,484859208,3,0,1,4096,3,7365462364
19024,484910220,1518,484911738,2,0,1,1536,16,10118557298
19025,484910621,13369,484923990,4,0,1,25600,13,5451627272
19026,484916310,8346,484924656,5,0,1,1024,18,39109976
19027,484941991,7706,484949697,4,0,1,8192,13,8436251660
19028,484949290,1518,484950808,8,0,1,1536,7,786034302
19029,484965550,5802,484971352,2,0,1,6144,16,6920318470
19030,485003570,6754,485010324,5,0,1,7168,18,2721968069
19031,485034850,3387,485038237,2,0,1,9728,16,9104679970
19032,485047301,43904,485091205,8,0,0,512,7,9061811802
19033,485064960,4162,485069122,8,0,1,11264,7,232985917
19034,485082381,65135,485147516,8,0,0,1536,7,6773874677
19035,485107401,43904,485151305,2,0,0,512,16,4470751702
19036,485124031,45596,485169627,8,0,0,1024,7,8027241260
19037,485130750,2870,485133620,3,0,1,8704,3,2127257679
19038,485156380,296723,485453103,7,0,0,101376,16,1759621456
19039,485170681,3422,485174103,4,0,1,3584,13,2888635253
19040,485184391,11533,485195924,4,0,1,18944,13,4483847058
19041,485187380,130504,485317884,7,0,0,42496,16,3489054889
19042,485210410,5326,485215736,5,0,1,5632,18,1983308919
19043,485230051,88004,485318055,8,0,0,512,7,7340395819
19044,485246870,1042,485247912,2,0,1,1024,16,2819721339
19045,485270561,143817,485414378,2,0,0,1536,16,2809553981
19046,485321010,204675,485525685,7,0,0,111616,16,1005816114
19047,485333881,1042,485334923,4,0,1,1024,13,7865439830
19048,485352091,4420,485356511,4,0,1,11776,13,8310529877
19049,485393041,4374,485397415,4,0,1,4608,13,8068917044
19050,485427240,30705,485457945,3,0,1,5120,3,4396110427
19051,485453560,6331,485459891,3,0,1,3072,3,8560461272
19052,485459800,200714,485660514,1,0,0,29184,9,5015212788
19053,485489260,228209,485717469,7,0,0,129536,16,1291757680
19054,485506111,25861,485531972,4,0,1,6656,13,7937899012
19055,485508060,25218,485533278,5,0,1,2048,18,7763363943
19056,485528150,233030,485761180,6,0,0,143360,12,9077848853
19057,485562061,199290,485761351,2,0,0,512,16,3971362581
19058,485565740,264077,485829817,7,0,0,83456,16,4995830484
19059,485568430,5326,485573756,2,0,1,5632,16,8255340091
19060,485586950,1042,485587992,3,0,1,1024,3,6378858352
19061,485591380,1518,485592898,2,0,1,1536,16,3190212179
19062,485618360,6278,485624638,5,0,1,6656,18,8155252042
19063,485620300,225351,485845651,0,0,0,13312,14,3597293805
19064,485649140,251123,485900263,6,0,0,96768,12,8944572498
19065,485662051,99807,485761858,8,0,0,1536,7,7130985093
19066,485687761,142539,485830300,2,0,0,1536,16,7977828625
19067,485696051,70971,485767022,4,0,1,14336,13,1347582098
19068,485725640,280711,486006351,6,0,0,114688,12,4813780193
19069,485737220,32068,485769288,3,0,1,3584,3,415549715
19070,485740600,338310,486078910,6,0,0,43520,12,44370636
19071,485743180,37468,485780648,3,0,1,26624,3,7192388253
19072,485777870,4404,485782274,2,0,1,2560,16,4660162570
19073,485799301,31014,485830315,4,0,1,41984,13,2522199790
19074,485840040,298011,486138051,0,0,0,80896,14,6641491623
19075,485853751,168031,486021782,2,0,0,2048,16,6561757749
19076,485881151,21115,485902266,4,0,1,2048,13,781222890
19077,485888211,118475,486006686,2,0,0,1024,16,10669113490
19078,485907640,10499,485918139,3,0,1,16896,3,2665804230
19079,485925461,279072,486204533,2,0,0,1536,16,463448792
19080,485928000,3904,485931904,2,0,1,10752,16,8669689538
19081,485934260,11274,485945534,3,0,1,18432,3,8758300814
19082,485942271,110871,486053142,8,0,0,1536,7,7826353308
19083,485993501,16789,486010290,4,0,1,10240,13,298776613
19084,486127141,23227,486150368,4,0,1,20480,13,3998777049
19085,486127261,212821,486340082,2,0,0,19456,16,3892810148
19086,486163751,147582,486311333,2,0,0,44544,16,10174836354
19087,486167001,167138,486334139,2,0,0,74752,16,4577497565
19088,486188891,5326,486194217,4,0,1,5632,13,2675291744
19089,486199620,142989,486342609,0,0,0,8192,14,1971329787
19090,486219219,11791,486231010,6,0,1,19456,12,6795611233
19091,486220181,11905,486232086,4,0,1,13312,13,8225516072
19092,486224270,28894,486253164,2,0,1,43008,16,9510795792
19093,486253929,5802,486259731,6,0,1,6144,12,9273896379
19094,486256201,55147,486311348,0,0,1,78848,14,7514209065
19095,486258990,200077,486459067,3,0,0,1536,3,6532800848
19096,486337381,10124,486347505,4,0,1,12800,13,1052151399
19097,486338400,276846,486615246,1,0,0,120320,9,1662956273
19098,486362110,23466,486385576,1,0,1,38912,9,1140356144
19099,486373100,341123,486714223,7,0,0,43520,16,10095006066
19100,486377580,12182,486389762,2,0,1,6656,16,4339930298
19101,486384229,10718,486394947,6,0,1,16384,12,8849006144
19102,486416690,357850,486774540,1,0,1,580096,9,2503971949
19103,486442391,516057,486958448,2,0,0,64512,16,8875212342
19104,486447140,329346,486776486,2,0,1,3072,16,9471362167
19105,486488501,290571,486779072,4,0,1,4096,13,5967169174
19106,486495041,464514,486959555,8,0,0,3584,7,7260848517
19107,486497569,286329,486783898,6,0,1,7680,12,4128254706
19108,486516901,318583,486835484,0,0,1,164864,14,7510965570
19109,486526470,511190,487037660,1,0,0,29696,9,5824360477
19110,486528640,487662,487016302,7,0,0,99840,16,3346013368
19111,486544521,297581,486842102,0,0,1,23552,14,6153495910
19112,486550230,820465,487370695,1,0,0,221184,9,6708100044
19113,486560460,283588,486844048,2,0,1,3072,16,5378279000
19114,486562890,302356,486865246,1,0,1,68608,9,4744994140
19115,486566011,193999,486760010,8,0,0,1024,7,89207181
19116,486673239,197153,486870392,6,0,1,8192,12,1243475598
19117,486689470,453514,487142984,0,0,0,52736,14,8079733815
19118,486690401,326696,487017097,8,0,0,2560,7,10697003249
19119,486729941,147172,486877113,0,0,1,32256,14,10665694380
19120,486739440,139619,486879059,2,0,1,3072,16,4992150648
19121,486740310,141975,486882285,2,0,1,5120,16,408519497
19122,486743490,144799,486888289,1,0,1,28672,9,9809952937
19123,486752460,829735,487582195,7,0,0,237568,16,80053952
19124,486757201,136580,486893781,4,0,1,26112,13,3160743460
19125,486757480,214474,486971954,1,0,1,259584,9,2214987556
19126,486883200,89010,486972210,2,0,1,9216,16,4908933499
19127,486896830,317593,487214423,3,0,0,1024,3,128879220
19128,486950941,199669,487150610,8,0,0,1024,7,3159319121
19129,486966021,12825,486978846,0,0,1,21504,14,8825128140
19130,486973090,768363,487741453,6,0,0,224768,12,1160920043
19131,486973900,811354,487785254,0,0,0,81408,14,7186480903
19132,486979789,3422,486983211,6,0,1,3584,12,6452229729
19133,487018371,21141,487039512,0,0,1,34304,14,5754274144
19134,487063661,394470,487458131,2,0,0,46592,16,1362977503
19135,487097990,133209,487231199,3,0,0,1536,3,3029101240
19136,487108780,14804,487123584,2,0,1,28672,16,10190236802
19137,487131130,769535,487900665,0,0,0,54784,14,7797271610
19138,487140040,56198,487196238,1,0,1,90112,9,9006889962
19139,487151681,111806,487263487,0,0,1,150528,14,1898693045
19140,487152030,117154,487269184,2,0,1,27136,16,1900899993
19141,487152591,439915,487592506,2,0,0,33792,16,7482970668
19142,487161209,109601,487270810,6,0,1,2560,12,2199507163
19143,487166810,593564,487760374,1,0,0,61952,9,994689261
19144,487168010,106986,487274996,2,0,1,6656,16,8605509551
19145,487168090,799641,487967731,1,0,0,34304,9,6748436205
19146,487182360,93622,487275982,2,0,1,1536,16,4250731952
19147,487192391,84257,487276648,4,0,1,1024,13,10493595976
19148,487199261,83800,487283061,0,0,1,30720,14,8500107448
19149,487208120,660935,487869055,1,0,0,208896,9,666230212
19150,487239761,420423,487660184,2,0,0,64000,16,9187255889
19151,487303680,70571,487374251,2,0,1,3584,16,10036469203
19152,487313010,64147,487377157,2,0,1,4608,16,1708032782
19153,487320410,60933,487381343,2,0,1,6656,16,4231559372
19154,487349210,674511,488023721,7,0,0,18432,16,1683266394
19155,487356131,26198,487382329,4,0,1,1536,13,3080497060
19156,487362679,23516,487386195,6,0,1,6144,12,7932616550
19157,487363070,520888,487883958,6,0,0,512,12,887387679
19158,487411491,22950,487434441,0,0,1,37888,14,819085215
19159,487419531,21631,487441162,4,0,1,24064,13,7469272564
19160,487431780,630217,488061997,6,0,0,115712,12,3300010233
19161,487481530,402257,487883787,6,0,0,1536,12,9328797985
19162,487504551,88050,487592601,0,0,1,110592,14,4028984526
19163,487505060,416736,487921796,3,0,0,2048,3,6531896283
19164,487509401,402662,487912063,8,0,0,2048,7,6108613643
19165,487523099,73294,487596393,6,0,1,10240,12,10598912176
19166,487525760,74482,487600242,2,0,1,4608,16,4670111230
19167,487530520,380881,487911401,0,0,0,23552,14,8750601177
19168,487540619,59879,487600498,6,0,1,9216,12,4612269631
19169,487551981,69757,487621738,0,0,1,35328,14,2159526480
19170,487552290,318043,487870333,6,0,0,4096,12,6127993870
19171,487560391,421132,487981523,8,0,0,512,7,528353282
19172,487561320,629821,488191141,0,0,0,151040,14,4497382638
19173,487588391,294905,487883296,2,0,0,42496,16,8493321869
19174,487598711,142757,487741468,0,0,1,131072,14,3674371999
19175,487641701,99782,487741483,4,0,1,13824,13,6679826167
19176,487655999,104390,487760389,6,0,1,18432,12,373952205
19177,487659600,559039,488218639,1,0,0,78848,9,1096543961
19178,487661871,98533,487760404,4,0,1,10752,13,7182731378
19179,487665261,95166,487760427,0,0,1,97280,14,4256726187
19180,487709360,88211,487797571,2,0,1,20480,16,140382965
19181,487746970,209049,487956019,3,0,0,1024,3,8958902397
19182,487755540,44937,487800477,2,0,1,4608,16,10618212184
19183,487756731,112339,487869070,0,0,1,20480,14,9325518598
19184,487827681,481721,488309402,2,0,0,56832,16,8157707006
19185,487851090,694868,488545958,0,0,0,68096,14,7630740082
19186,487887031,24393,487911424,4,0,1,11776,13,10186269104
19187,487901111,36098,487937209,0,0,1,45568,14,6544710544
19188,487957411,233901,488191312,8,0,0,512,7,1804770003
19189,487960080,373432,488333512,7,0,0,41472,16,7232890630
19190,488013090,350870,488363960,7,0,0,23040,16,4599255394
19191,488015020,8716,488023736,2,0,1,7680,16,1263692069
19192,488022551,39461,488062012,0,0,1,25600,14,5888634006
19193,488053721,11153,488064874,4,0,1,8704,13,1830648960
19194,488068369,1994,488070363,6,0,1,2048,12,1892315286
19195,488068690,387789,488456479,6,0,0,102912,12,7697639152
19196,488084591,6488,488091079,4,0,1,15872,13,5040557686
19197,488093530,242367,488335897,3,0,0,7680,3,9235067601
19198,488104861,586526,488691387,2,0,0,146944,16,4108266978
19199,488117470,2470,488119940,2,0,1,2560,16,5519268823
19200,488122601,125374,488247975,8,0,0,2560,7,7895914463
19201,488129391,180182,488309573,8,0,0,512,7,1200113486
19202,488135200,207678,488342878,3,0,0,512,3,4546072610
19203,488200510,442146,488642656,3,0,0,2048,3,5900227347
19204,488212810,9275,488222085,2,0,1,9728,16,3083932384
19205,488213360,11172,488224532,2,0,1,8704,16,5814692618
19206,488216670,245916,488462586,6,0,0,19968,12,6291171532
19207,488249971,23895,488273866,0,0,1,43008,14,5458313228
19208,488260060,517289,488777349,1,0,0,94720,9,6527190679
19209,488260390,471601,488731991,7,0,0,35840,16,233332935
19210,488269141,13083,488282224,4,0,1,22016,13,4791652641
19211,488286220,311514,488597734,6,0,0,27136,12,9805126145
19212,488291410,650141,488941551,6,0,0,22528,12,10286167250
19213,488293271,82985,488376256,8,0,0,3072,7,5409979446
19214,488315010,18517,488333527,2,0,1,15360,16,5806580648
19215,488319181,14361,488333542,4,0,1,7168,13,1884858703
19216,488337300,444276,488781576,7,0,0,13824,16,7792753646
19217,488337329,7242,488344571,6,0,1,7680,12,5516339873
19218,488347381,448228,488795609,8,0,0,1536,7,9513026509
19219,488363200,351351,488714551,7,0,0,41472,16,9686278687
19220,488364910,4679,488369589,2,0,1,12288,16,3362827252
19221,488391901,6278,488398179,4,0,1,6656,13,6637907331
19222,488397000,3445,488400445,2,0,1,3584,16,6123503895
19223,488454960,795867,489250827,7,0,0,253952,16,106835488
19224,488458691,698978,489157669,2,0,0,146432,16,9069825557
19225,488464549,2470,488467019,6,0,1,2560,12,1911085241
19226,488481300,332615,488813915,0,0,0,4608,14,2656096634
19227,488483430,1042,488484472,2,0,1,1024,16,86946694
19228,488494310,918833,489413143,7,0,0,193536,16,3281680412
19229,488514741,648723,489163464,8,0,0,18944,7,2726862609
19230,488526550,216822,488743372,3,0,0,5632,3,746580901
19231,488527760,826392,489354152,0,0,0,227328,14,9651072061
19232,488544111,261968,488806079,2,0,0,4096,16,4609723765
19233,488551660,723370,489275030,0,0,0,79360,14,2218113927
19234,488557761,1042,488558803,4,0,1,1024,13,9655376342
19235,488559610,271063,488830673,1,0,0,10752,9,4342614724
19236,488587780,845549,489433329,7,0,0,51200,16,4960370942
19237,488600590,497647,489098237,0,0,0,64512,14,2563155489
19238,488623100,10757,488633857,2,0,1,17408,16,683468592
19239,488645110,391386,489036496,3,0,0,2560,3,1522613179
19240,488659949,54617,488714566,6,0,1,18432,12,49849093
19241,488666821,861791,489528612,8,0,0,117248,7,3514635095
19242,488710771,9499,488720270,4,0,1,14336,13,386024952
19243,488740451,4420,488744871,4,0,1,11776,13,320121439
19244,488808621,825449,489634070,2,0,0,9216,16,8842117892
19245,488811580,184751,488996331,3,0,0,512,3,6832078102
19246,488813020,642008,489455028,7,0,0,71168,16,827638253
19247,488822080,462793,489284873,1,0,0,32256,9,4623776754
19248,488919791,2470,488922261,4,0,1,2560,13,9800919721
19249,488945259,566,488945825,6,0,1,512,12,4450074252
19250,488950070,646319,489596389,0,0,0,86016,14,3812741997
19251,488984870,432844,489417714,0,0,0,14848,14,3929730237
19252,489003121,7230,489010351,4,0,1,7680,13,8655245565
19253,489014440,3904,489018344,2,0,1,10752,16,2585214014
19254,489035820,429691,489465511,7,0,0,34304,16,4899627586
19255,489061690,431167,489492857,3,0,0,89600,3,5786064217
19256,489126690,37349,489164039,2,0,1,512,16,7781666477
19257,489129191,41192,489170383,4,0,1,7168,13,10234795509
19258,489142240,427896,489570136,1,0,0,74752,9,10368322597
19259,489167540,651147,489818687,1,0,0,56832,9,3688278822
19260,489205560,259966,489465526,1,0,1,24064,9,7952021045
19261,489264710,665545,489930255,0,0,0,29184,14,3875347346
19262,489271401,257258,489528659,4,0,1,21504,13,3844481019
19263,489290871,330337,489621208,2,0,0,81408,16,6347368441
19264,489303411,325003,489628414,8,0,0,23552,7,5304582114
19265,489357130,174863,489531993,2,0,1,3584,16,3877082383
19266,489361730,180670,489542400,2,0,1,24576,16,2002555168
19267,489400870,144116,489544986,2,0,1,4096,16,7915381708
19268,489422620,147531,489570151,2,0,1,4096,16,7556734913
19269,489443400,433099,489876499,1,0,0,6656,9,5722074834
19270,489457771,112395,489570166,4,0,1,7680,13,6693104304
19271,489496360,124863,489621223,1,0,1,94208,9,10019800200
19272,489501800,163890,489665690,1,0,1,154624,9,3156920713
19273,489516790,377662,489894452,1,0,0,3072,9,6955653491
19274,489517480,152716,489670196,2,0,1,7168,16,9474272122
19275,489551860,613930,490165790,1,0,0,35328,9,4169825923
19276,489560080,112382,489672462,2,0,1,3584,16,5045209090
19277,489583380,506379,490089759,7,0,0,170496,16,5793442718
19278,489636520,348713,489985233,0,0,0,52224,14,8842376296
19279,489697760,12995,489710755,2,0,1,25088,16,5960495138
19280,489708670,329126,490037796,1,0,0,77824,9,4607071135
19281,489731940,92533,489824473,1,0,1,150016,9,10336800609
19282,489784920,40629,489825549,2,0,1,13312,16,4518452669
19283,489791870,40195,489832065,1,0,1,23040,9,71035628
19284,489854591,236001,490090592,8,0,0,2560,7,511908276
19285,489864481,4162,489868643,4,0,1,11264,13,3955649563
19286,489865830,282826,490148656,7,0,0,31744,16,4449887168
19287,489884880,100368,489985248,1,0,1,156672,9,9000176116
19288,489927530,57733,489985263,1,0,1,16896,9,4192118436
19289,489957640,132134,490089774,1,0,1,111104,9,9597545637
19290,489961210,328917,490290127,1,0,0,112640,9,9425311271
19291,489982831,106958,490089789,4,0,1,17408,13,2354186910
19292,490065851,31213,490097064,4,0,1,15872,13,8915810417
19293,490071540,436507,490508047,1,0,0,116224,9,9703489836
19294,490094291,269943,490364234,2,0,0,42496,16,1419615517
19295,490102820,33591,490136411,1,0,1,55296,9,8281831050
19296,490122991,167151,490290142,0,0,1,245760,14,5574670226
19297,490176830,151070,490327900,1,0,1,179712,9,5605904997
19298,490213020,125607,490338627,1,0,1,34816,9,10696076022
19299,490222960,364578,490587538,1,0,0,1536,9,1083948424
19300,490249020,89966,490338986,2,0,1,9728,16,722685279
19301,490252511,134260,490386771,0,0,1,163328,14,519713250
19302,490259230,144323,490403553,1,0,1,55808,9,7279465787
19303,490272460,133039,490405499,2,0,1,3072,16,3501109422
19304,490280141,128584,490408725,0,0,1,5120,14,4353998796
19305,490287910,229044,490516954,3,0,0,29184,3,2287593439
19306,490298691,277815,490576506,8,0,0,10752,7,7483617781
19307,490300481,453430,490753911,2,0,0,92672,16,10535682026
19308,490319940,89963,490409903,2,0,1,13824,16,7218635751
19309,490322970,473676,490796646,7,0,0,100864,16,9263291553
19310,490334990,290687,490625677,3,0,0,98816,3,5992944673
19311,490438950,4850,490443800,7,0,1,5120,16,1304955360
19312,490517860,406867,490924727,1,0,0,114176,9,8313657770
19313,490519311,4937,490524248,4,0,1,12800,13,10470175698
19314,490532170,324257,490856427,7,0,0,8704,16,9305293006
19315,490534401,30491,490564892,0,0,1,49152,14,2450686302
19316,490570001,6520,490576521,0,0,1,12800,14,7848642173
19317,490592230,456634,491048864,7,0,0,228864,16,9693868814
19318,490619810,10813,490630623,2,0,1,12800,16,1110721889
19319,490623791,520510,491144301,8,0,0,49664,7,6938828197
19320,490629710,7706,490637416,7,0,1,8192,16,9273705725
19321,490639350,12049,490651399,2,0,1,19968,16,1250687522
19322,490715290,370328,491085618,3,0,0,47104,3,8588547218
19323,490731700,25398,490757098,2,0,1,9216,16,1255921843
19324,490736250,334969,491071219,7,0,0,73216,16,9952546658
19325,490745040,223491,490968531,3,0,0,18432,3,3348025644
19326,490753051,375306,491128357,2,0,0,19968,16,8306489933
19327,490793430,364854,491158284,1,0,0,13824,9,7316279334
19328,490808751,553951,491362702,2,0,0,52224,16,6905390441
19329,490809090,13858,490822948,2,0,1,23552,16,2578849262
19330,490855041,83786,490938827,0,0,1,133632,14,3145047406
19331,490942370,4420,490946790,3,0,1,11776,3,2033101758
19332,490955751,350961,491306712,2,0,0,46592,16,10053742665
19333,490955961,3422,490959383,0,0,1,3584,14,9067769952
19334,490957040,265396,491222436,1,0,0,14336,9,8475564567
19335,490957440,525633,491483073,0,0,0,207360,14,6069750473
19336,490969930,611381,491581311,1,0,0,29184,9,6793465786
19337,490992941,92708,491085649,4,0,1,8192,13,2358297242
19338,491003470,82194,491085664,7,0,1,8704,16,2635444508
19339,491016410,71732,491088142,1,0,1,19456,9,9464434068
19340,491026481,247037,491273518,2,0,0,19456,16,7673224337
19341,491039981,476499,491516480,2,0,0,109568,16,8884113303
19342,491055620,487747,491543367,7,0,0,88064,16,2096733856
19343,491060971,30397,491091368,0,0,1,5120,14,2135480428
19344,491083760,165584,491249344,1,0,1,262144,9,5662064921
19345,491111961,447913,491559874,8,0,0,25600,7,2885879519
19346,491141441,753754,491895195,8,0,0,58368,7,3928177965
19347,491148491,106140,491254631,4,0,1,25088,13,1271196353
19348,491183201,71776,491254977,4,0,1,512,13,1736872144
19349,491188410,67553,491255963,7,0,1,1536,16,5765162727
19350,491217640,70504,491288144,1,0,1,113152,9,3951679182
19351,491252410,54317,491306727,1,0,1,45568,9,6835120075
19352,491257700,52513,491310213,1,0,1,43520,9,3432637382
19353,491266100,96617,491362717,1,0,1,118272,9,8796682592
19354,491267060,95672,491362732,2,0,1,24576,16,7019253717
19355,491267991,499048,491767039,8,0,0,67072,7,10381774285
19356,491269990,531696,491801686,3,0,0,113664,3,3420272907
19357,491276751,762456,492039207,8,0,0,208384,7,7257178445
19358,491287830,81549,491369379,1,0,1,39936,9,1422421411
19359,491320841,50126,491370967,4,0,1,15872,13,1237467046
19360,491345250,26383,491371633,7,0,1,1024,16,1115179718
19361,491392070,791498,492183568,7,0,0,84480,16,299590851
19362,491401090,725819,492126909,0,0,0,101888,14,10392186141
19363,491403250,343241,491746491,0,0,0,36352,14,9860067948
19364,491420810,539084,491959894,0,0,0,77824,14,4973044504
19365,491460691,87034,491547725,4,0,1,4608,13,3786340418
19366,491463690,105219,491568909,1,0,1,43520,9,6991396856
19367,491467990,571388,492039378,3,0,0,512,3,8409272415
19368,491474341,106985,491581326,4,0,1,6144,13,10343999381
19369,491478270,103071,491581341,3,0,1,12288,3,4177839070
19370,491513730,926829,492440559,7,0,0,237056,16,4436740850
19371,491520531,60825,491581356,4,0,1,18432,13,7677939633
19372,491523020,792896,492315916,3,0,0,17920,3,8925026626
19373,491557520,741678,492299198,3,0,0,67072,3,9743341498
19374,491558010,278734,491836744,7,0,0,7680,16,7572916132
19375,491589870,659716,492249586,3,0,0,216576,3,1265149382
19376,491591780,13253,491605033,3,0,1,25600,3,188060220
19377,491610091,52033,491662124,0,0,1,84480,14,2042951477
19378,491635510,851598,492487108,7,0,0,44032,16,6209554282
19379,491642130,1006938,492649068,7,0,0,36864,16,4974816037
19380,491650980,1051217,492702197,3,0,0,82944,3,8130205732
19381,491692020,23120,491715140,1,0,1,41472,9,4012461322
19382,491692180,909419,492601599,3,0,0,24576,3,2865079581
19383,491709080,764597,492473677,7,0,0,97792,16,7697987348
19384,491740121,219788,491959909,0,0,1,339968,14,4999611068
19385,491749111,1126833,492875944,8,0,0,109568,7,7435424355
19386,491784700,175224,491959924,7,0,1,1536,16,5039726
19387,491794781,176034,491970815,0,0,1,60928,14,6068270399
19388,491905940,662188,492568128,0,0,0,191488,14,4370085888
19389,491970510,1994,491972504,7,0,1,2048,16,7994015379
19390,491971810,472056,492443866,7,0,0,10752,16,8288340856
19391,492015980,648886,492664866,3,0,0,16896,3,6898457986
19392,492078970,711213,492790183,1,0,0,96768,9,517535086
19393,492110841,916108,493026949,8,0,0,163328,7,1563080602
19394,492153360,30223,492183583,7,0,1,14336,16,9482051630
19395,492188250,62437,492250687,7,0,1,1024,16,7693007663
19396,492211290,1033405,493244695,7,0,0,147968,16,4473912718
19397,492220620,30733,492251353,7,0,1,1024,16,3549740981
19398,492243220,384074,492627294,3,0,0,29696,3,986410374
19399,492276620,700066,492976686,0,0,0,70144,14,4549102688
19400,492328020,2470,492330490,3,0,1,2560,3,1994147560
19401,492373630,116307,492489937,7,0,1,8704,16,772338018
19402,492373660,129917,492503577,7,0,1,23552,16,6274270024
19403,492513290,392564,492905854,0,0,0,29184,14,3066015764
19404,492533191,40192,492573383,4,0,1,13312,13,2636599502
19405,492539040,565164,493104204,3,0,0,134656,3,824046727
19406,492550261,26356,492576617,4,0,1,4608,13,6646796983
19407,492604541,683069,493287610,8,0,0,140800,7,8701801659
19408,492628960,476663,493105623,7,0,0,4608,16,4955048536
19409,492639620,25261,492664881,3,0,1,23552,3,9041547566
19410,492642790,743063,493385853,7,0,0,166912,16,4301119421
19411,492656310,543286,493199596,7,0,0,144896,16,9913891302
19412,492669370,792821,493462191,0,0,0,28160,14,6489826649
19413,492695781,7450,492703231,4,0,1,1024,13,1085493436
19414,492703250,566,492703816,3,0,1,512,3,798854458
19415,492736120,571836,493307956,7,0,0,19456,16,5238540709
19416,492788970,6055,492795025,7,0,1,5120,16,8331601620
19417,492824481,2470,492826951,4,0,1,2560,13,1352948061
19418,492838290,37669,492875959,3,0,1,17408,3,7608806058
19419,492865461,14881,492880342,4,0,1,4608,13,4995950097
19420,492875500,6468,492881968,3,0,1,2560,3,5292302739
19421,492927341,3422,492930763,4,0,1,3584,13,2173688373
19422,492996070,399197,493395267,3,0,0,11776,3,4510283413
19423,493004190,487299,493491489,0,0,0,12288,14,1490095693
19424,493051080,340560,493391640,3,0,0,18944,3,8851003518
19425,493097221,30327,493127548,0,0,1,35840,14,5619733986
19426,493098530,439425,493537955,3,0,0,24576,3,8156421424
19427,493106971,409488,493516459,8,0,0,49664,7,8618857555
19428,493205751,622051,493827802,8,0,0,512,7,5237335535
19429,493242780,539425,493782205,0,0,0,209920,14,9875016658
19430,493287550,540081,493827631,7,0,0,139776,16,5425201152
19431,493288821,115537,493404358,0,0,1,191488,14,4392891798
19432,493315770,764677,494080447,7,0,0,58368,16,7995566568
19433,493332450,853732,494186182,3,0,0,216576,3,7166000145
19434,493335020,1074639,494409659,0,0,0,220672,14,4966970057
19435,493374160,458805,493832965,3,0,0,16896,3,6933256529
19436,493384120,583596,493967716,0,0,0,50176,14,2021203808
19437,493385400,920176,494305576,0,0,0,219136,14,6894396719
19438,493395430,651309,494046739,7,0,0,109056,16,3295259035
19439,493410700,374328,493785028,7,0,0,9216,16,867145127
19440,493445121,17085,493462206,0,0,1,18944,14,6931085783
19441,493523091,3387,493526478,0,0,1,9728,14,1616988424
19442,493575570,960239,494535809,0,0,0,189952,14,4233673843
19443,493680401,566,493680967,4,0,1,512,13,9710171949
19444,493712791,5326,493718117,4,0,1,5632,13,368712986
19445,493852150,369174,494221324,7,0,0,103936,16,521147721
19446,494057810,249661,494307471,0,0,0,6144,14,10185604387
19447,494093320,595628,494688948,3,0,0,302080,3,6879934288
19448,494245230,293714,494538944,3,0,0,10240,3,3254405363
19449,494317381,221890,494539271,8,0,0,1024,7,1452751887
19450,494423771,133226,494556997,8,0,0,1536,7,8822870166
19451,494428550,394172,494822722,0,0,0,75264,14,4765494949
19452,494438301,101149,494539450,8,0,0,512,7,6876407326
19453,494523681,30015,494553696,4,0,1,27648,13,8382960982
19454,494586940,170438,494757378,0,0,0,7168,14,7823046797
19455,494588250,165608,494753858,7,0,0,21504,16,7440955240
19456,494662050,271455,494933505,7,0,0,78848,16,1256771824
19457,494674200,169719,494843919,7,0,0,12800,16,6014501894
19458,494874700,87089,494961789,0,0,0,3072,14,3416464249
19459,494914050,147426,495061476,7,0,0,19456,16,2561506386
19460,495068150,184224,495252374,3,0,0,100864,3,9478503913
19461,495373700,45596,495419296,0,0,0,1024,14,7682610900
19462,495480980,196988,495677968,7,0,0,185344,16,10450700845
19463,495484150,195089,495679239,7,0,0,4096,16,1825781605
19464,495623180,349604,495972784,7,0,0,314880,16,8460343784
19465,495635820,234436,495870256,0,0,0,3584,14,5163936541
19466,495696080,180133,495876213,3,0,0,12800,3,4014877386
19467,495709150,263805,495972955,0,0,0,512,14,9935224022
19468,495729110,134906,495864016,0,0,0,1024,14,8448169073
19469,495738530,130250,495868780,0,0,0,1536,14,8790578549
19470,495790020,183262,495973282,0,0,0,1024,14,9597690265
19471,495808200,165565,495973765,0,0,0,1536,14,8391845700
19472,495940270,80775,496021045,0,0,0,1536,14,9880993642
19473,496053981,13858,496067839,4,0,1,23552,13,9383873511
19474,496180490,43904,496224394,0,0,0,512,14,6266434722
19475,496226400,45596,496271996,0,0,0,1024,14,5650624831
19476,496327960,50672,496378632,0,0,0,2560,14,7168499111
19477,496364550,183152,496547702,3,0,0,150016,3,3742012673
19478,496396310,151719,496548029,0,0,0,1024,14,1649736460
19479,496476790,72502,496549292,0,0,0,4096,14,984709422
19480,496481180,124066,496605246,7,0,0,81408,16,7552644351
19481,496537860,130728,496668588,7,0,0,86528,16,10321838989
19482,496567881,6754,496574635,4,0,1,7168,13,7019304577
19483,496574270,112542,496686812,0,0,0,3072,14,6413311673
19484,496596051,10705,496606756,4,0,1,1536,13,9320284813
19485,496630700,5454,496636154,7,0,1,13824,16,4784856436
19486,496644270,307734,496952004,7,0,0,307712,16,115700425
19487,496678420,83216,496761636,0,0,0,512,14,468258144
19488,496708211,3387,496711598,4,0,1,9728,13,581035691
19489,496720631,3898,496724529,4,0,1,4096,13,7819791144
19490,496754981,15837,496770818,4,0,1,30720,13,5171500740
19491,496799700,274781,497074481,3,0,0,161280,3,3059554298
19492,496802171,150940,496953111,8,0,0,3584,7,3975020089
19493,496804810,148472,496953282,0,0,0,512,14,5449818745
19494,496980450,98726,497079176,3,0,0,15360,3,2417873687
19495,497076690,48230,497124920,0,0,0,1536,14,2564828541
19496,497086320,108446,497194766,3,0,0,17920,3,8491274718
19497,497103201,5326,497108527,4,0,1,5632,13,9312435254
19498,497180430,130208,497310638,7,0,0,127488,16,393812258
19499,497222551,6754,497229305,4,0,1,7168,13,9731764090
19500,497240510,73752,497314262,0,0,0,1024,14,8127160813
19501,497290300,96905,497387205,3,0,0,11264,3,2752972300
19502,497369190,54056,497423246,0,0,0,3584,14,6238208787
19503,497428140,50672,497478812,0,0,0,2560,14,9934616270
19504,497455880,45690,497501570,3,0,0,512,3,9998815938
19505,497509900,106808,497616708,7,0,0,50688,16,5278308844
19506,497789930,111956,497901886,7,0,0,67584,16,4079135945
19507,497814000,96376,497910376,0,0,0,3584,14,10179327031
19508,497965220,102128,498067348,3,0,0,35328,3,9266660757
19509,498100070,112580,498212650,3,0,0,69632,3,6548072825
19510,498173060,78860,498251920,3,0,0,19456,3,9790238378
19511,498229730,50672,498280402,3,0,0,2560,3,9767308452
19512,498283240,160556,498443796,3,0,0,146432,3,3459237583
19513,498301191,2946,498304137,4,0,1,3072,13,1414444412
19514,498556800,98384,498655184,0,0,0,23040,14,2783587251
19515,498758830,196832,498955662,3,0,0,184832,3,3642280002
19516,498771721,124716,498896437,0,0,1,202752,14,6211078313
19517,498781450,332244,499113694,0,0,0,86528,14,6427879007
19518,498818421,137256,498955677,0,0,1,41984,14,1654475915
19519,498844091,111601,498955692,0,0,1,22016,14,5283345254
19520,499055951,156295,499212246,0,0,1,257536,14,6561694845
19521,499113971,98531,499212502,4,0,1,9216,13,9120505621
19522,499234440,148259,499382699,3,0,0,118272,3,2326984976
19523,499235631,83870,499319501,0,0,1,139776,14,4034987239
19524,499251431,70336,499321767,4,0,1,3584,13,587642871
19525,499251820,70933,499322753,3,0,1,1536,3,2639862613
19526,499269830,59234,499329064,3,0,1,30208,3,508417720
19527,499274440,395487,499669927,7,0,0,203264,16,6081143904
19528,499383980,4374,499388354,3,0,1,4608,3,56391175
19529,499389460,393945,499783405,0,0,0,16896,14,5072512426
19530,499404850,473133,499877983,3,0,0,99328,3,8873207649
19531,499425830,308050,499733880,3,0,0,112640,3,1426280864
19532,499465001,92533,499557534,0,0,1,150016,14,6236577142
19533,499469380,93851,499563231,3,0,1,18944,3,4001606089
19534,499472131,197811,499669942,0,0,1,198144,14,669503819
19535,499474970,194987,499669957,3,0,1,5632,3,10644287225
19536,499516231,153741,499669972,4,0,1,13824,13,345552083
19537,499524581,145406,499669987,4,0,1,10240,13,7493483111
19538,499535601,134401,499670002,4,0,1,1536,13,7864637714
19539,499566260,432067,499998327,0,0,0,78848,14,1285859999
19540,499587371,82646,499670017,4,0,1,7680,13,2404559977
19541,499668490,356733,500025223,3,0,0,54272,3,3980317121
19542,499671060,478895,500149955,7,0,0,137728,16,9515439791
19543,499680050,660774,500340824,3,0,0,241664,3,7990078924
19544,499683581,75812,499759393,0,0,1,127488,14,7947370556
19545,499718801,43498,499762299,4,0,1,4608,13,4381981979
19546,499735660,639919,500375579,3,0,0,113664,3,7452041851
19547,499791070,588315,500379385,0,0,0,12288,14,5609227175
19548,499821691,328279,500149970,0,0,1,494080,14,6763595306
19549,499832541,317444,500149985,0,0,1,72704,14,6896312309
19550,499837120,312880,500150000,3,0,1,9728,3,5527228675
19551,499844001,357937,500201938,0,0,1,170496,14,3847723777
19552,499875471,353412,500228883,0,0,1,96256,14,8685977732
19553,499900330,504904,500405234,3,0,0,17920,3,1033956058
19554,499929881,302228,500232109,4,0,1,5120,13,10227126366
19555,499980210,255445,500235655,7,0,1,5632,16,1569971775
19556,500010711,330128,500340839,0,0,1,127488,14,6562359998
19557,500011791,329063,500340854,4,0,1,2560,13,292073821
19558,500016401,324508,500340909,0,0,1,124416,14,5027408867
19559,500030250,310674,500340924,3,0,1,4096,3,2313353118
19560,500048461,327133,500375594,0,0,1,52224,14,3643041809
19561,500052411,375113,500427524,0,0,1,323584,14,1028849774
19562,500065840,368097,500433937,7,0,1,22528,16,10359099261
19563,500069830,368293,500438123,3,0,1,6656,3,7634832789
19564,500123920,682520,500806440,7,0,0,46592,16,819360742
19565,500219831,282530,500502361,8,0,0,512,7,10709400169
19566,500281541,156928,500438469,4,0,1,512,13,7164463866
19567,500292850,313016,500605866,7,0,0,24576,16,849730108
19568,500306031,195365,500501396,0,0,1,207872,14,9921591243
19569,500313381,203568,500516949,0,0,1,57856,14,9400890858
19570,500336521,212404,500548925,0,0,1,112128,14,695037074
19571,500378600,171298,500549898,3,0,1,12800,3,5385151625
19572,500401081,360038,500761119,8,0,0,1536,7,8503411251
19573,500487620,64224,500551844,7,0,1,3072,16,2291710074
19574,500524011,28819,500552830,4,0,1,1536,13,7179907623
19575,500548451,275325,500823776,8,0,0,1024,7,2510288713
19576,500576180,778342,501354522,0,0,0,195584,14,4023305428
19577,500588080,604642,501192722,3,0,0,266240,3,4201886726
19578,500601590,626040,501227630,7,0,0,14336,16,813354678
19579,500611930,354549,500966479,3,0,0,90624,3,6884442745
19580,500652550,794945,501447495,0,0,0,132608,14,709750303
19581,500654851,7706,500662557,4,0,1,8192,13,1175488230
19582,500677151,431239,501108390,8,0,0,1024,7,4222563331
19583,500740490,253789,500994279,7,0,0,18944,16,5200458391
19584,500751390,55065,500806455,7,0,1,71680,16,8286362590
19585,500758770,503456,501262226,7,0,0,22016,16,7986246279
19586,500762301,44169,500806470,4,0,1,11264,13,3641046069
19587,500780070,26415,500806485,7,0,1,6656,16,4462912658
19588,500790520,272312,501062832,3,0,0,51712,3,6721715323
19589,500808990,383911,501192901,7,0,0,512,16,1857939938
19590,500834410,564314,501398724,0,0,0,80896,14,6284115035
19591,500978290,267947,501246237,0,0,0,6144,14,3839278991
19592,500979710,385622,501365332,7,0,0,31744,16,9557755707
19593,501020751,214762,501235513,8,0,0,2560,7,6640880405
19594,501035461,320184,501355645,8,0,0,3584,7,7815587510
19595,501080411,4162,501084573,4,0,1,11264,13,6099112492
19596,501145060,310273,501455333,7,0,0,22528,16,9655662336
19597,501196171,203668,501399839,8,0,0,3584,7,7760880834
19598,501222191,226263,501448454,8,0,0,3072,7,1000038069
19599,501264410,223349,501487759,7,0,0,17920,16,2545905600
19600,501283170,196261,501479431,7,0,0,10752,16,4533198820
19601,501308640,60549,501369189,7,0,1,4096,16,5410751757
19602,501319240,244127,501563367,7,0,0,71680,16,23891476
19603,501361420,331068,501692488,7,0,0,33280,16,4910704640
19604,501375920,460681,501836601,0,0,0,171008,14,2785889003
19605,501434600,25112,501459712,7,0,1,11776,16,6948417958
19606,501489250,236365,501725615,3,0,0,3584,3,3705587259
19607,501492970,291504,501784474,7,0,0,119296,16,7152342599
19608,501501941,1042,501502983,4,0,1,1024,13,1026731350
19609,501517661,60449,501578110,8,0,0,1024,7,2180400488
19610,501520910,103844,501624754,0,0,0,40960,14,10596503935
19611,501536181,27201,501563382,4,0,1,17408,13,8615058100
19612,501562640,5108,501567748,7,0,1,4608,16,278831635
19613,501567860,6754,501574614,7,0,1,7168,16,5973784344
19614,501677931,15579,501693510,4,0,1,30208,13,8184343009
19615,501685890,259323,501945213,0,0,0,131584,14,5465271960
19616,501700230,374360,502074590,0,0,0,80896,14,6712709340
19617,501707881,3387,501711268,4,0,1,9728,13,7884454850
19618,501757080,292839,502049919,0,0,0,102912,14,6712309314
19619,501832211,36165,501868376,0,0,1,51712,14,4188931927
19620,501859450,14213,501873663,7,0,1,16896,16,10431476557
19621,501918790,205588,502124378,0,0,0,40960,14,4337208651
19622,501938040,417533,502355573,0,0,0,107520,14,9880138304
19623,501961370,2470,501963840,8,0,1,2560,7,6705206102
19624,501971830,312438,502284268,3,0,0,76800,3,5288142913
19625,501999520,261325,502260845,3,0,0,83968,3,93456694
19626,502020290,338574,502358864,0,0,0,10752,14,465703605
19627,502102300,257515,502359815,0,0,0,3072,14,5150017666
19628,502135110,257921,502393031,7,0,0,62976,16,4595052723
19629,502167230,200088,502367318,7,0,0,24576,16,2377510177
19630,502192940,3898,502196838,7,0,1,4096,16,4468105563
19631,502194280,5971,502200251,7,0,1,14848,16,7575110907
19632,502249030,40999,502290029,7,0,1,6144,16,4022309171
19633,502264331,129198,502393529,8,0,0,512,7,6644855643
19634,502279921,113437,502393358,8,0,0,1024,7,3639758430
19635,502361071,154849,502515920,8,0,0,2048,7,5641648856
19636,502363880,137748,502501628,0,0,0,113664,14,1004895155
19637,502441550,1518,502443068,7,0,1,1536,16,851490227
19638,502599210,229238,502828448,3,0,0,209408,3,3064666540
19639,502603590,3898,502607488,7,0,1,4096,16,10641216318
19640,502631050,1994,502633044,3,0,1,2048,3,9070246035
19641,502673840,193623,502867463,0,0,0,37888,14,7180620796
19642,502698020,139499,502837519,3,0,0,29696,3,4057971005
19643,502746951,90739,502837690,8,0,0,512,7,7850063499
19644,502770640,77533,502848173,7,0,1,16896,16,8793390422
19645,502809921,38918,502848839,4,0,1,1024,13,577257628
19646,502832401,20304,502852705,4,0,1,6144,13,4650258686
19647,502864090,4883,502868973,7,0,1,1536,16,4550628367
19648,502909590,4679,502914269,7,0,1,12288,16,8466891247
19649,502923560,159881,503083441,0,0,0,47104,14,375999213
19650,502964490,295569,503260059,3,0,0,119808,3,8186788368
19651,502966180,102894,503069074,7,0,0,10240,16,1019082026
19652,502992650,101348,503093998,7,0,0,32768,16,5305986644
19653,503082091,118096,503200187,8,0,0,3072,7,4320807508
19654,503146411,4374,503150785,4,0,1,4608,13,5922273213
19655,503212610,157073,503369683,0,0,0,23040,14,6771631218
19656,503215521,44553,503260074,4,0,1,21504,13,120664282
19657,503218660,50750,503269410,7,0,0,1536,16,2183663980
19658,503218670,308378,503527048,3,0,0,140800,3,4264755761
19659,503235520,244639,503480159,3,0,0,35840,3,377188221
19660,503235850,48911,503284761,7,0,1,44544,16,2847654798
19661,503261621,24126,503285747,4,0,1,1536,13,512526780
19662,503278771,129276,503408047,8,0,0,512,7,7908157624
19663,503284570,327170,503611740,0,0,0,122880,14,7554476453
19664,503285451,1518,503286969,4,0,1,1536,13,6002702279
19665,503306691,54056,503360747,8,0,0,3584,7,2659840063
19666,503308440,11016,503319456,7,0,1,17920,16,3077518141
19667,503314440,154784,503469224,3,0,0,64000,3,10225800398
19668,503322581,13858,503336439,4,0,1,23552,13,9696285064
19669,503342710,566,503343276,7,0,1,512,16,4035975599
19670,503356260,302322,503658582,3,0,0,48640,3,3259906955
19671,503429481,6278,503435759,4,0,1,6656,13,1466747661
19672,503601161,33433,503634594,4,0,1,40960,13,7784334187
19673,503644771,57707,503702478,8,0,0,512,7,7944442318
19674,503666821,47288,503714109,8,0,0,1536,7,3409080346
19675,503677850,4374,503682224,8,0,1,4608,7,6467133966
19676,503716981,11016,503727997,4,0,1,17920,13,3998319940
19677,503722850,7093,503729943,3,0,1,3072,3,3308373314
19678,503761220,92216,503853436,3,0,0,17920,3,3619345017
19679,503777171,3422,503780593,4,0,1,3584,13,5681485039
19680,503786301,85213,503871514,8,0,0,512,7,3659466923
19681,503842991,64208,503907199,8,0,0,6656,7,7783705831
19682,503861741,3422,503865163,4,0,1,3584,13,1622464109
19683,503927141,3645,503930786,4,0,1,10240,13,2242347977
19684,503961400,319029,504280429,0,0,0,249344,14,10431216337
19685,503962051,3387,503965438,4,0,1,9728,13,7795563240
19686,503986130,218296,504204426,0,0,0,103424,14,8989709088
19687,504045590,276389,504321979,0,0,0,128512,14,1387337757
19688,504065170,309332,504374502,3,0,0,64512,3,5529590422
19689,504085830,196970,504282800,3,0,0,7680,3,3125952814
19690,504156400,177941,504334341,0,0,0,40448,14,6233765949
19691,504183070,227171,504410241,0,0,0,117248,14,7469569248
19692,504187101,134893,504321994,4,0,1,7680,13,132448149
19693,504209450,274361,504483811,3,0,0,92160,3,2431930915
19694,504275870,134542,504410412,3,0,0,512,3,6895813175
19695,504301771,109919,504411690,8,0,0,3584,7,5796353753
19696,504316121,94462,504410583,8,0,0,512,7,98981485
19697,504319501,18261,504337762,4,0,1,9728,13,9436481252
19698,504323051,88810,504411861,8,0,0,512,7,9106464738
19699,504341741,95804,504437545,0,0,1,159744,14,277043823
19700,504401231,125654,504526885,8,0,0,512,7,8178542090
19701,504436060,400183,504836243,0,0,0,240640,14,3121566516
19702,504495850,349612,504845462,0,0,0,30208,14,2524817371
19703,504514171,228598,504742769,8,0,0,512,7,1853596465
19704,504515120,404840,504919960,7,0,0,47104,16,7389811155
19705,504636420,214655,504851075,7,0,0,14848,16,1690087262
19706,504707010,197807,504904817,0,0,0,51200,14,10067295426
19707,504752470,248089,505000559,7,0,0,39424,16,3665403216
19708,504804970,230952,505035922,3,0,0,38400,3,111259864
19709,504824090,244436,505068526,3,0,0,79872,3,6180427248
19710,504824740,359473,505184213,0,0,0,199680,14,1925949336
19711,505026790,236271,505263061,0,0,0,28160,14,674414348
19712,505028890,225576,505254466,0,0,0,117760,14,9114324451
19713,505076350,1518,505077868,3,0,1,1536,3,4566610596
19714,505091230,239539,505330769,0,0,0,58368,14,9766044167
19715,505196700,181487,505378187,7,0,0,41472,16,116697097
19716,505216850,143320,505360170,0,0,0,19456,14,6667710002
19717,505316520,142517,505459037,0,0,0,78848,14,2199229658
19718,505357461,20741,505378202,4,0,1,15360,13,3043191247
19719,505373700,232871,505606571,0,0,0,216064,14,5946647934
19720,505443341,28513,505471854,4,0,1,21504,13,7254352816
19721,505471080,146426,505617506,0,0,0,35840,14,8440309816
19722,505525120,153691,505678811,0,0,0,116224,14,8333421006
19723,505532641,223641,505756282,0,0,1,361984,14,449046
19724,505551850,335950,505887800,3,0,0,173056,3,4839292026
19725,505556440,278617,505835057,0,0,0,63488,14,3909737165
19726,505564440,568322,506132762,7,0,0,6656,16,806022846
19727,505589691,171417,505761108,4,0,1,7680,13,9549138923
19728,505623791,138303,505762094,4,0,1,1536,13,1879539783
19729,505632730,558489,506191219,3,0,0,101376,3,8226994944
19730,505639500,337527,505977027,3,0,0,111616,3,9233946373
19731,505649311,118275,505767586,4,0,1,17920,13,8963107849
19732,505651231,117981,505769212,4,0,1,2560,13,6938883825
19733,505699231,71927,505771158,4,0,1,3072,13,2260712822
19734,505739510,273814,506013324,0,0,0,96768,14,5450984974
19735,505778931,23208,505802139,0,0,1,38400,14,6945340731
19736,505876360,141482,506017842,0,0,0,4608,14,3740950997
19737,505882981,11114,505894095,4,0,1,6656,13,7416639211
19738,505888310,334638,506222948,0,0,0,43008,14,1503436302
19739,505935820,311928,506247748,7,0,0,21504,16,6104022527
19740,505983680,373439,506357119,7,0,0,128512,16,3127320151
19741,506026890,398995,506425885,0,0,0,111104,14,1375869382
19742,506062380,302919,506365299,3,0,0,26624,3,1860400958
19743,506152960,224990,506377950,0,0,0,41472,14,1687091454
19744,506175131,182011,506357142,0,0,1,236544,14,1209042150
19745,506284320,99589,506383909,0,0,0,19456,14,6523293326
19746,506288801,68356,506357157,0,0,1,4608,14,9639483410
19747,506289351,67821,506357172,4,0,1,2048,13,204072653
19748,506318280,295590,506613870,3,0,0,57856,3,9177298271
19749,506372221,83154,506455375,0,0,1,115712,14,7202575486
19750,506376721,82200,506458921,4,0,1,5632,13,4453886749
19751,506409660,500171,506909831,3,0,0,39424,3,2900008765
19752,506481571,164700,506646271,0,0,1,267264,14,6550453864
19753,506551000,305281,506856281,3,0,0,91648,3,1815044587
19754,506554091,92744,506646835,4,0,1,10752,13,7555175451
19755,506558691,94353,506653044,4,0,1,21504,13,5341870818
19756,506566220,135702,506701922,7,0,0,35840,16,8540507951
19757,506569781,83724,506653505,0,0,1,10240,14,2805385554
19758,506728900,328344,507057244,3,0,0,103936,3,9515753955
19759,506858691,6754,506865445,4,0,1,7168,13,5556952842
19760,506885351,4162,506889513,4,0,1,11264,13,590187627
19761,507136160,98228,507234388,3,0,0,22528,3,5987542680
19762,507232750,200178,507432928,7,0,0,190464,16,1861752585
19763,507281080,231702,507512782,7,0,0,113664,16,2117591187
19764,507318260,308276,507626536,7,0,0,158208,16,6529906430
19765,507366420,202576,507568996,3,0,0,105472,3,10515592769
19766,507650410,126932,507777342,3,0,0,116736,3,10580732608
19767,507734490,94080,507828570,3,0,0,20480,3,9939801229
19768,507835920,99476,507935396,7,0,0,26624,16,10068334651
19769,507839890,147604,507987494,7,0,0,25088,16,3289768891
19770,507968310,72668,508040978,3,0,0,9216,3,1022624610
19771,508041270,134684,508175954,7,0,0,132096,16,5876701297
19772,508117480,126898,508244378,3,0,0,67072,3,5316944451
19773,508743620,109304,508852924,3,0,0,58880,3,7888083727
19774,508777990,222564,509000554,3,0,0,154112,3,10168705846
19775,508783070,143156,508926226,3,0,0,26112,3,8396910564
19776,508835720,30537,508866257,3,0,1,22528,3,6058936634
19777,508863560,51334,508914894,3,0,0,1024,3,4943592407
19778,508876750,1042,508877792,3,0,1,1024,3,607887525
19779,508966440,144515,509110955,7,0,0,54272,16,7067450438
19780,509075830,97760,509173590,7,0,0,20992,16,5520382105
19781,509076190,266462,509342652,3,0,0,231936,3,848406953
19782,509107730,7591,509115321,3,0,1,4608,3,3566774167
19783,509136790,221165,509357955,3,0,0,50176,3,10099731851
19784,509574620,79460,509654080,3,0,0,16384,3,10251712838
19785,509644260,210263,509854523,3,0,0,96768,3,3389088800
19786,509654770,170254,509825024,7,0,0,132096,16,1339923672
19787,509656390,119132,509775522,3,0,0,10752,3,5351736301
19788,509680590,208418,509889008,3,0,0,37376,3,1183473658
19789,509725580,129270,509854850,3,0,0,1024,3,658700097
19790,509761580,103240,509864820,7,0,0,15360,16,78692511
19791,509843660,115122,509958782,3,0,0,38400,3,6697168401
19792,509983060,175604,510158664,3,0,0,145408,3,3798746013
19793,510060780,153774,510214554,7,0,0,100864,16,7008518682
19794,510358530,106808,510465338,3,0,0,50688,3,1855950684
19795,510893480,89612,510983092,3,0,0,19456,3,7125674754
19796,511092260,121784,511214044,3,0,0,99840,3,98587980
19797,511196850,134758,511331608,3,0,0,86016,3,2673853927
19798,511526710,102908,511629618,7,0,0,37888,16,4859442687
19799,511615850,121784,511737634,7,0,0,99840,16,6005264450
19800,511620990,171568,511792558,3,0,0,118784,3,2778477880
19801,511656480,246442,511902922,3,0,0,55296,3,5349760552
19802,511696960,6278,511703238,7,0,1,6656,16,5769587593
19803,511730680,187233,511917913,7,0,0,49152,16,6649072192
19804,511779621,17779,511797400,4,0,1,5120,13,2738671949
19805,511891770,331117,512222887,7,0,0,311808,16,4312380721
19806,511940420,380153,512320573,7,0,0,238080,16,3852805834
19807,511989620,233438,512223058,3,0,0,512,3,9625729153
19808,512120310,213858,512334168,3,0,0,44544,3,1304485949
19809,512269620,140269,512409889,7,0,0,23552,16,2892708587
19810,512373120,131977,512505097,3,0,0,36352,3,2562374938
19811,512436190,45596,512481786,7,0,0,1024,16,9717698236
19812,512496730,106587,512603317,3,0,0,22528,3,8390792912
19813,512637980,60824,512698804,7,0,0,5632,16,5529983007
19814,512644340,98696,512743036,3,0,0,24064,3,5551803065
19815,512782090,257192,513039282,3,0,0,282112,3,8969823400
19816,512793540,149370,512942910,7,0,0,6144,16,5566677360
19817,512828771,336994,513165765,4,0,0,78848,13,4284711329
19818,512848690,293036,513141726,7,0,0,167424,16,2898376316
19819,512870860,450848,513321708,7,0,0,104448,16,985870178
19820,512891620,346094,513237714,7,0,0,117248,16,957418412
19821,512903750,152871,513056621,7,0,0,56832,16,10600888541
19822,512976930,278160,513255090,3,0,0,23040,3,2011575833
19823,513227520,147726,513375246,7,0,0,82432,16,3608521691
19824,513259610,218950,513478560,7,0,0,62464,16,8811733448
19825,513263640,251907,513515547,3,0,0,121344,3,9733632986
19826,513341900,253786,513595686,7,0,0,203776,16,8030196049
19827,513363450,257910,513621360,7,0,0,73728,16,7625814049
19828,513474400,222662,513697062,3,0,0,94208,3,281975268
19829,513559961,298146,513858107,4,0,0,5632,13,5423239583
19830,513602230,254138,513856368,3,0,0,222720,3,2517656595
19831,513669300,202550,513871850,7,0,0,45056,16,7402268361
19832,513717550,5802,513723352,3,0,1,6144,3,4205460857
19833,513776471,214026,513990497,4,0,0,86016,13,9892550452
19834,513796251,162237,513958488,4,0,0,35328,13,2636811758
19835,513939610,82376,514021986,7,0,0,15872,16,1534322648
19836,513963930,144438,514108368,7,0,0,20992,16,8328104893
19837,513982570,169015,514151585,3,0,0,81408,3,8820038245
19838,513996900,25101,514022001,3,0,1,33280,3,8250959557
19839,514027100,300507,514327607,7,0,0,269824,16,6321866072
19840,514172000,202817,514374817,3,0,0,115712,3,753611583
19841,514219370,5802,514225172,3,0,1,6144,3,10177734408
19842,514223621,168371,514391992,4,0,0,56320,13,4995462200
19843,514281091,139060,514420151,4,0,0,24064,13,9437840617
19844,514293370,40056,514333426,3,0,1,6144,3,10025835500
19845,514351370,160622,514511992,7,0,0,15872,16,9787003544
19846,514453871,141935,514595806,4,0,0,62976,13,6609495140
19847,514467120,148677,514615797,3,0,0,65536,3,3388634563
19848,514572311,60824,514633135,4,0,0,5632,13,10625453156
19849,514586611,212109,514798720,4,0,0,94720,13,3394528976
19850,514608480,161365,514769845,7,0,0,65024,16,821594373
19851,514613920,270496,514884416,3,0,0,58368,3,6917419945
19852,514628230,223685,514851915,3,0,0,105984,3,8854159216
19853,514635451,230831,514866282,4,0,0,47104,13,1916022867
19854,514645400,3422,514648822,3,0,1,3584,3,7922382737
19855,514720761,195832,514916593,4,0,0,30208,13,7357542483
19856,514741811,184781,514926592,4,0,0,32768,13,1898188836
19857,514769031,97578,514866609,4,0,0,1024,13,4711982067
19858,514859900,236166,515096066,7,0,0,30720,16,3693957957
19859,514883070,291055,515174125,3,0,0,232960,3,6032126423
19860,514945700,229384,515175084,3,0,0,3072,3,3207878944
19861,514991531,238651,515230182,4,0,0,178176,13,4096129469
19862,515043310,132569,515175879,3,0,0,2560,3,5038697563
19863,515054080,183917,515237997,7,0,0,25600,16,5754107000
19864,515079800,4420,515084220,3,0,1,11776,3,10415983019
19865,515111810,178404,515290214,7,0,0,33280,16,4435340911
19866,515236620,5267,515241887,3,0,1,4096,3,8386374317
19867,515304750,1518,515306268,3,0,1,1536,3,8161259961
19868,515385740,4679,515390419,3,0,1,12288,3,2203219230
19869,515450270,108368,515558638,7,0,0,55808,16,4741543116
19870,515540670,279368,515820038,3,0,0,294400,3,473728056
19871,515659930,22862,515682792,3,0,1,40960,3,7279074965
19872,515899600,194024,516093624,3,0,0,175616,3,9597586900
19873,515943250,11533,515954783,3,0,1,18944,3,144819637
19874,515980520,202852,516183372,3,0,0,170496,3,10340599192
19875,516103551,566,516104117,4,0,1,512,13,3341269856
19876,516111090,566,516111656,3,0,1,512,3,1013315196
19877,516138510,138318,516276828,7,0,0,22016,16,1366687858
19878,516146690,161710,516308400,7,0,0,39936,16,4784358200
19879,516174951,206967,516381918,4,0,0,53248,13,10583457621
19880,516205241,225251,516430492,4,0,0,49664,13,2841235755
19881,516217810,109899,516327709,7,0,0,10240,16,432662965
19882,516224920,65900,516290820,7,0,0,7168,16,5804101322
19883,516265530,149815,516415345,7,0,0,13312,16,9132782325
19884,516285250,5802,516291052,3,0,1,6144,3,5046967380
19885,516318491,65174,516383665,4,0,0,5120,13,6419146504
19886,516366741,21923,516388664,4,0,1,7168,13,2294696545
19887,516395721,112313,516508034,4,0,0,25088,13,741154917
19888,516446431,1042,516447473,4,0,1,1024,13,2169745538
19889,516506541,115076,516621617,4,0,0,50688,13,1757566279
19890,516563971,4420,516568391,4,0,1,11776,13,6891240172
19891,516611340,112241,516723581,3,0,0,34816,3,5411584128
19892,516617861,130038,516747899,4,0,0,48128,13,1410389769
19893,516641871,50672,516692543,4,0,0,2560,13,3099928040
19894,516797900,103688,516901588,3,0,0,40448,3,6323172456
19895,516870521,74615,516945136,4,0,0,9728,13,1949648435
19896,516906950,159911,517066861,3,0,0,29184,3,1570347309
19897,516911120,146834,517057954,7,0,0,51200,16,8993497877
19898,516925650,88364,517014014,3,0,0,15360,3,3180798908
19899,516953990,187856,517141846,7,0,0,68096,16,7440080646
19900,516982530,254008,517236538,3,0,0,90624,3,2574615680
19901,517016371,178839,517195210,4,0,0,81920,13,2422203930
19902,517072170,174718,517246888,7,0,0,23552,16,9200179515
19903,517357460,168524,517525984,7,0,0,142336,16,9976524481
19904,517522610,4884,517527494,3,0,1,1536,3,10683211336
19905,517596991,97136,517694127,4,0,0,18944,13,2878694173
19906,517613521,141302,517754823,4,0,0,56832,13,3603793882
19907,517647170,182341,517829511,7,0,0,17408,16,1485435227
19908,517787820,107432,517895252,7,0,0,52736,16,7928356089
19909,517852991,121395,517974386,4,0,0,84480,13,1405001613
19910,517860561,116804,517977365,4,0,0,9728,13,1433057383
19911,517910400,135770,518046170,7,0,0,80896,16,7584943910
19912,517946441,66885,518013326,4,0,0,1536,13,1756041532
19913,517966281,81023,518047304,4,0,0,1024,13,1117442162
19914,518228880,97760,518326640,3,0,0,20992,3,4267086806
19915,518231801,43904,518275705,4,0,0,512,13,10367693085
19916,518254240,126058,518380298,3,0,0,90112,3,9428677620
19917,518420601,111800,518532401,4,0,0,67072,13,10205154860
19918,518448861,162830,518611691,4,0,0,99328,13,190303482
19919,518605330,130789,518736119,3,0,0,108544,3,3988482911
19920,518626340,185169,518811509,3,0,0,128000,3,6821776713
19921,518778370,108295,518886665,3,0,0,17408,3,267507472
19922,518793690,174599,518968289,7,0,0,129024,16,3504886048
19923,518863620,6278,518869898,7,0,1,6656,16,2448713833
19924,518937310,100411,519037721,3,0,0,8704,3,2081495966
19925,518956250,84724,519040974,3,0,0,9216,3,4028988939
19926,519173630,99164,519272794,7,0,0,25600,16,1884068119
19927,519181301,48980,519230281,4,0,0,2048,13,4594770029
19928,519278191,277808,519555999,4,0,0,289280,13,3001929561
19929,519330441,258489,519588930,4,0,0,108032,13,3317177512
19930,519456410,183541,519639951,3,0,0,129024,3,9818599435
19931,519616150,29119,519645269,7,0,1,5632,16,2874092261
19932,519647521,151709,519799230,4,0,0,78848,13,9752638405
19933,519650021,113503,519763524,4,0,0,38400,13,7185268349
19934,519794380,58898,519853278,3,0,0,3584,3,1477194049
19935,519849190,79460,519928650,7,0,0,16384,16,4142768499
19936,520003230,10757,520013987,7,0,1,17408,16,7309078536
19937,520012591,271501,520284092,4,0,0,161280,13,628721726
19938,520048700,57596,520106296,3,0,0,5120,3,3384396054
19939,520057030,177907,520234937,3,0,0,17408,3,3695352630
19940,520115940,172691,520288631,3,0,0,14848,3,3088423128
19941,520247741,141762,520389503,4,0,0,31232,13,5319015740
19942,520315760,165201,520480961,7,0,0,103424,16,8984842011
19943,520598860,1042,520599902,3,0,1,1024,3,8387092430
19944,520691121,104156,520795277,4,0,0,41984,13,5913559716
19945,520708941,104156,520813097,4,0,0,41984,13,3435112000
19946,521212830,104000,521316830,7,0,0,41472,16,2393045084
19947,521230440,100412,521330852,7,0,0,29696,16,5960200683
19948,521330991,109148,521440139,4,0,0,58368,13,2335453040
19949,521571630,77612,521649242,7,0,0,15360,16,261944214
19950,521657191,64208,521721399,4,0,0,6656,13,6646486789
19951,521914491,80084,521994575,4,0,0,18432,13,6540164462
19952,522104981,121784,522226765,4,0,0,99840,13,1875717884
19953,522233920,98852,522332772,7,0,0,24576,16,9409977080
19954,522237461,159439,522396900,4,0,0,73728,13,9396338140
19955,522364311,45596,522409907,4,0,0,1024,13,9039501608
19956,522388510,70898,522459408,7,0,0,6144,16,6575854447
19957,522454240,99944,522554184,7,0,0,28160,16,1567893279
19958,522656080,101036,522757116,7,0,0,31744,16,2567995619
19959,522808800,200264,523009064,7,0,0,196096,16,2684554392
19960,522881611,141828,523023439,4,0,0,47104,13,3960171548
19961,522976291,138169,523114460,4,0,0,46080,13,8254995666
19962,523033030,111238,523144268,7,0,0,512,16,7894122750
19963,523092700,43904,523136604,7,0,0,512,16,2465940669
19964,523152391,105092,523257483,4,0,0,45056,13,2220235417
19965,523185761,209278,523395039,4,0,0,146432,13,9352786596
19966,523223721,106758,523330479,4,0,0,5120,13,3257100142
19967,523478640,45596,523524236,7,0,0,1024,16,6664661906
19968,523641420,43904,523685324,7,0,0,512,16,301852357
19969,523701371,69284,523770655,4,0,0,8192,13,9215918219
19970,523780050,54056,523834106,7,0,0,3584,16,5717721062
19971,523897461,101348,523998809,4,0,0,32768,13,1289857226
19972,523936711,79436,524016147,4,0,0,11264,13,6644336259
19973,523973901,103844,524077745,4,0,0,40960,13,7237782000
19974,524027161,141418,524168579,4,0,0,111104,13,3945205500
19975,524205601,114764,524320365,4,0,0,76800,13,9674291852
19976,524212591,165038,524377629,4,0,0,103424,13,44838095
19977,524464901,190748,524655649,4,0,0,164864,13,10697253277
19978,524566631,226256,524792887,4,0,0,74752,13,2022058580
19979,524579711,285271,524864982,4,0,0,236544,13,6699028856
19980,524741511,4374,524745885,4,0,1,4608,13,10543077280
19981,524747811,3387,524751198,4,0,1,9728,13,4441324436
19982,524771291,154580,524925871,4,0,0,131584,13,4185771356
19983,524804891,63987,524868878,4,0,1,10752,13,685664018
19984,524912941,28501,524941442,4,0,1,30208,13,8605688712
19985,525134440,47288,525181728,7,0,0,1536,16,7068605891
19986,525144901,119600,525264501,4,0,0,92672,13,3076174490
19987,525182031,114996,525297027,4,0,0,11776,13,1848074469
19988,525202191,1042,525203233,4,0,1,1024,13,10730302104
19989,525217971,11274,525229245,4,0,1,18432,13,4472607592
19990,525283661,129010,525412671,4,0,0,91648,13,3528026830
19991,525372400,59579,525431979,7,0,0,1536,16,1450884164
19992,525453991,98696,525552687,4,0,0,24064,13,10039163993
19993,525502961,2946,525505907,4,0,1,3072,13,5504599813
19994,525692770,43904,525736674,7,0,0,512,16,3468091718
19995,527846171,11016,527857187,4,0,1,17920,13,7393100796
19996,528908491,4420,528912911,4,0,1,11776,13,1678862255
19997,528939071,4374,528943445,4,0,1,4608,13,2344907023
19998,528941491,5180,528946671,4,0,1,5120,13,2611054372
19999,529091441,3422,529094863,4,0,1,3584,13,3548817412
