RequestID,ArrivalTime,DelayTime,FinishTime,InitiatorID,TargetID,IOType,Size,VolumeID,Offset
0,0,124904,124904,0,0,0,110080,40,4690729609
1,1,2870,2871,0,5,1,8704,7,7071749708
2,2,5802,5804,0,7,1,6144,22,6314939276
3,3,566,569,0,4,1,512,33,7705581419
4,4,4679,4683,0,8,1,12288,5,7991244796
5,5,566,571,0,3,1,512,37,1369978991
6,6,1994,2000,0,2,1,2048,11,9138791956
7,7,70220,70227,0,9,0,11264,5,6539254231
8,8,566,574,0,1,1,512,38,3907285167
9,9,47444,47453,0,6,0,2048,23,5021297531
10,36756,1518,38274,0,0,1,1536,40,4729640846
11,53846,5326,59172,0,7,1,5632,22,10714762233
12,67992,3422,71414,0,8,1,3584,5,1311238483
13,135349,3904,139253,0,2,1,10752,11,2460270218
14,207704,2870,210574,0,8,1,8704,5,4832246202
15,223174,43904,267078,0,7,0,512,22,4567149287
16,259172,2946,262118,0,2,1,3072,11,10398526076
17,271587,58064,329651,0,0,0,6656,40,2382333526
18,286440,45596,332036,0,6,0,1024,23,5255894014
19,332142,1994,334136,0,4,1,2048,33,8555986351
20,385608,16613,402221,0,5,1,32256,7,7202342439
21,392377,2946,395323,0,4,1,3072,33,5328911000
22,445787,1042,446829,0,7,1,1024,22,6865952432
23,470758,32816,503574,0,5,1,53760,7,5904349962
24,475465,4374,479839,0,3,1,4608,37,10655008178
25,512477,1518,513995,0,8,1,1536,5,3876752561
26,516065,6754,522819,0,7,1,7168,22,9805281997
27,522780,3898,526678,0,0,1,4096,40,2853046133
28,547258,566,547824,0,7,1,512,22,5724888251
29,547643,5454,553097,0,7,1,13824,22,1399232628
30,552615,3128,555743,0,0,1,9216,40,3628321111
31,558521,77744,636265,0,1,0,10752,38,5568376643
32,592495,6278,598773,0,1,1,6656,38,2866704066
33,607706,160651,768357,0,7,0,512,22,4518807059
34,638328,89588,727916,0,0,0,14336,40,10571434012
35,646173,3128,649301,0,1,1,9216,38,9244225565
36,690004,47288,737292,0,6,0,1536,23,10385593676
37,701554,1042,702596,0,4,1,1024,33,1162551572
38,721896,2946,724842,0,1,1,3072,38,6972453592
39,729569,1518,731087,0,8,1,1536,5,1098305375
40,734851,6754,741605,0,7,1,7168,22,1928401867
41,746897,3422,750319,0,1,1,3584,38,9544275186
42,774986,2470,777456,0,4,1,2560,33,2020331626
43,777622,4937,782559,0,0,1,12800,40,10133951436
44,788952,2470,791422,0,1,1,2560,38,2631388428
45,803556,43904,847460,0,6,0,512,23,6310056088
46,804127,1042,805169,0,0,1,1024,40,1644263950
47,815088,2470,817558,0,8,1,2560,5,8042828927
48,817094,82064,899158,0,6,0,14848,23,1684634874
49,818232,566,818798,0,0,1,512,40,7941570037
50,843149,45596,888745,0,7,0,1024,22,3525409272
51,845302,101192,946494,0,6,0,32256,23,2988386212
52,863568,5802,869370,0,0,1,6144,40,8150559942
53,873020,64676,937696,0,1,0,8192,38,2629693874
54,908847,566,909413,0,7,1,512,22,4592227987
55,962843,15321,978164,0,5,1,29696,7,3519111748
56,1052737,67592,1120329,0,6,0,7680,23,3085542597
57,1079744,7230,1086974,0,4,1,7680,33,1041788630
58,1120422,103688,1224110,0,9,0,40448,5,5243599893
59,1156498,124748,1281246,0,0,0,109568,40,7956886301
60,1189168,100412,1289580,0,6,0,29696,23,7406474648
61,1190857,1518,1192375,0,8,1,1536,5,3783384875
62,1199845,86969,1286814,0,0,0,4608,40,7051010843
63,1209320,3387,1212707,0,5,1,9728,7,4497419092
64,1214757,92274,1307031,0,5,1,149504,7,9699189572
65,1279731,1518,1281249,0,8,1,1536,5,2532618098
66,1329347,3422,1332769,0,0,1,3584,40,9504073401
67,1340399,58220,1398619,0,9,0,7168,5,10012854194
68,1384968,1994,1386962,0,8,1,2048,5,9179741186
69,1448575,1518,1450093,0,4,1,1536,33,3108754481
70,1468013,6754,1474767,0,2,1,7168,11,1900234819
71,1504068,73448,1577516,0,9,0,11776,5,3248847917
72,1514129,4374,1518503,0,3,1,4608,37,325154983
73,1527258,43904,1571162,0,7,0,512,22,7310158866
74,1527444,566,1528010,0,2,1,512,11,2640791382
75,1553923,43904,1597827,0,7,0,512,22,8442911701
76,1569906,1994,1571900,0,8,1,2048,5,2413224828
77,1667190,6754,1673944,0,2,1,7168,11,9306724234
78,1697056,2870,1699926,0,8,1,8704,5,4821281171
79,1744234,6754,1750988,0,5,1,7168,7,2012796611
80,1759115,5454,1764569,0,3,1,13824,37,2508020053
81,1908896,43904,1952800,0,7,0,512,22,820982081
82,1976104,2470,1978574,0,3,1,2560,37,3909913217
83,2006477,63920,2070397,0,9,0,10752,5,5251398130
84,2042437,108836,2151273,0,0,0,57344,40,5787865473
85,2042458,43904,2086362,0,7,0,512,22,8147444334
86,2091039,1042,2092081,0,3,1,1024,37,4123975805
87,2113607,4420,2118027,0,8,1,11776,5,9297483878
88,2217070,56596,2273666,0,5,1,96768,7,240377595
89,2248635,2870,2251505,0,1,1,8704,38,9750808529
90,2282390,76232,2358622,0,1,0,15872,38,2869701011
91,2282836,3898,2286734,0,5,1,4096,7,1251310925
92,2295828,1518,2297346,0,1,1,1536,38,8895462858
93,2299306,4162,2303468,0,2,1,11264,11,10567210427
94,2345992,11274,2357266,0,2,1,18432,11,3484879917
95,2367298,159197,2526495,0,1,0,39424,38,864954651
96,2373618,15579,2389197,0,5,1,30208,7,10242749785
97,2497722,114764,2612486,0,2,0,76800,11,1464115784
98,2499524,1994,2501518,0,2,1,2048,11,8065363893
99,2537176,1994,2539170,0,8,1,2048,5,4515754498
100,2794309,88076,2882385,0,6,0,19456,23,232018388
101,2825290,98228,2923518,0,9,0,22528,5,3358245563
102,2848095,43904,2891999,0,7,0,512,22,3063638346
103,3068024,128024,3196048,0,6,0,120320,23,8726303219
104,3123784,31783,3155567,0,5,1,51712,7,5560049420
105,3139684,1994,3141678,0,4,1,2048,33,6718330253
106,3145583,6754,3152337,0,2,1,7168,11,2183181524
107,3263620,4420,3268040,0,2,1,11776,11,3403241946
108,3265972,2470,3268442,0,8,1,2560,5,7360174116
109,3335409,6278,3341687,0,8,1,6656,5,6276120914
110,3371452,25446,3396898,0,5,1,46080,7,10592567748
111,3396683,3387,3400070,0,7,1,9728,22,748790820
112,3429915,6754,3436669,0,5,1,7168,7,357053125
113,3455864,43458,3499322,0,5,1,71168,7,4838600325
114,3512339,566,3512905,0,8,1,512,5,7158597865
115,3520227,96579,3616806,0,5,1,161280,7,10276156820
116,3617619,100880,3718499,0,0,0,31232,40,1345985096
117,3717400,73604,3791004,0,6,0,12288,23,6517195851
118,3738518,2946,3741464,0,7,1,3072,22,6461840357
119,3743126,46729,3789855,0,5,1,80896,7,9038130732
120,3760333,566,3760899,0,7,1,512,22,3377645066
121,3790161,1518,3791679,0,7,1,1536,22,2314674751
122,3861545,2470,3864015,0,8,1,2560,5,10235007439
123,3861805,1042,3862847,0,2,1,1024,11,8774891595
124,3886611,83624,3970235,0,1,0,19968,38,6259764877
125,4018534,3898,4022432,0,3,1,4096,37,1451243709
126,4043390,43904,4087294,0,7,0,512,22,3734267102
127,4043885,566,4044451,0,7,1,512,22,5525834820
128,4095985,566,4096551,0,8,1,512,5,6840364861
129,4117893,3898,4121791,0,7,1,4096,22,4772652771
130,4119607,100724,4220331,0,6,0,30720,23,4164004902
131,4127756,3422,4131178,0,7,1,3584,22,8664433758
132,4184190,101036,4285226,0,0,0,31744,40,3758088423
133,4201155,46471,4247626,0,5,1,80384,7,6273101960
134,4250598,45596,4296194,0,7,0,1024,22,1768176694
135,4321703,104780,4426483,0,1,0,44032,38,2040168154
136,4360064,102596,4462660,0,0,0,36864,40,975659312
137,4432839,51516,4484355,0,5,1,83456,7,6971650846
138,4445469,1518,4446987,0,4,1,1536,33,3358998690
139,4583587,4374,4587961,0,8,1,4608,5,7283921479
140,4622861,43904,4666765,0,7,0,512,22,4925441803
141,4714165,4374,4718539,0,7,1,4608,22,3863798683
142,4745171,101504,4846675,0,9,0,33280,5,8650615528
143,4794074,13858,4807932,0,5,1,23552,7,696822727
144,4989886,56216,5046102,0,0,0,5632,40,7575544469
145,5060644,566,5061210,0,7,1,512,22,6076519824
146,5073466,62516,5135982,0,6,0,6144,23,64563393
147,5129179,81308,5210487,0,1,0,17408,38,2781119347
148,5250294,3422,5253716,0,8,1,3584,5,2185062370
149,5425273,5802,5431075,0,8,1,6144,5,1144499060
150,5432687,197924,5630611,0,9,0,188416,5,1172434160
151,5498357,1518,5499875,0,8,1,1536,5,8489364884
152,5604294,1518,5605812,0,5,1,1536,7,3031555332
153,5627464,43904,5671368,0,7,0,512,22,1905225108
154,5775031,6754,5781785,0,7,1,7168,22,5065288442
155,5792395,1994,5794389,0,8,1,2048,5,2188807292
156,5839249,131560,5970809,0,0,0,81408,40,1983522369
157,5854641,86748,5941389,0,0,0,5120,40,7305563319
158,5856166,193400,6049566,0,6,0,173568,23,3899040347
159,5862132,41132,5903264,0,5,1,66560,7,1736742357
160,6022966,6754,6029720,0,7,1,7168,22,1500754444
161,6240667,95492,6336159,0,6,0,28672,23,9580990241
162,6241874,15062,6256936,0,5,1,29184,7,999782108
163,6247289,44400,6291689,0,5,1,66048,7,7703613628
164,6269217,4162,6273379,0,3,1,11264,37,1957483073
165,6347124,102440,6449564,0,9,0,36352,5,7925357379
166,6442066,566,6442632,0,1,1,512,38,6370095659
167,6448059,85877,6533936,0,9,0,17408,5,5324254036
168,6455724,94600,6550324,0,5,1,154112,7,3191822113
169,6513766,1042,6514808,0,8,1,1024,5,7351586260
170,6522438,7230,6529668,0,7,1,7680,22,2333669272
171,6577700,2946,6580646,0,7,1,3072,22,2398974442
172,6581221,566,6581787,0,8,1,512,5,3849693022
173,6613859,3387,6617246,0,7,1,9728,22,5916214200
174,6665539,97292,6762831,0,0,0,19456,40,3095722751
175,6679000,1042,6680042,0,7,1,1024,22,3289917417
176,6680983,71156,6752139,0,2,0,14336,11,7264025521
177,6747263,2870,6750133,0,3,1,8704,37,961356299
178,6792514,1994,6794508,0,8,1,2048,5,7484279630
179,6812918,2470,6815388,0,8,1,2560,5,1925697539
180,6868286,42941,6911227,0,5,1,70144,7,9663880302
181,6898313,1042,6899355,0,3,1,1024,37,1004183538
182,6965436,7230,6972666,0,8,1,7680,5,1067731097
183,7014893,6278,7021171,0,3,1,6656,37,2646244891
184,7034034,12566,7046600,0,5,1,20992,7,3262998725
185,7189741,4850,7194591,0,5,1,5120,7,607376776
186,7214962,6278,7221240,0,5,1,6656,7,5682920391
187,7262894,21399,7284293,0,5,1,34816,7,2692787895
188,7327798,100412,7428210,0,0,0,29696,40,6046432123
189,7340390,566,7340956,0,8,1,512,5,3931906455
190,7413379,126464,7539843,0,0,0,115200,40,4012314737
191,7425059,4162,7429221,0,8,1,11264,5,7837817833
192,7464823,5196,7470019,0,7,1,13312,22,943634108
193,7482118,3898,7486016,0,3,1,4096,37,10023565864
194,7516364,4162,7520526,0,3,1,11264,37,2270861004
195,7531656,111644,7643300,0,1,0,66560,38,379107489
196,7536932,5802,7542734,0,7,1,6144,22,1760868903
197,7545686,23378,7569064,0,5,1,41984,7,10242445982
198,7781207,12995,7794202,0,5,1,25088,7,807943492
199,7830199,43904,7874103,0,9,0,512,5,3775701550
200,7846002,107120,7953122,0,1,0,51712,38,2076559621
201,7857060,566,7857626,0,5,1,512,7,5831612483
202,7873132,3898,7877030,0,7,1,4096,22,6684218903
203,7998614,16354,8014968,0,8,1,31744,5,5043378637
204,8066578,2470,8069048,0,8,1,2560,5,2632955562
205,8085036,130520,8215556,0,1,0,128512,38,3049149114
206,8106646,566,8107212,0,8,1,512,5,1479394146
207,8118438,1994,8120432,0,7,1,2048,22,8406427303
208,8197066,2946,8200012,0,3,1,3072,37,51520301
209,8283590,95936,8379526,0,9,0,25088,5,6425879999
210,8304900,3128,8308028,0,3,1,9216,37,6520232851
211,8313330,2470,8315800,0,8,1,2560,5,3955204859
212,8383105,45596,8428701,0,7,0,1024,22,5488060215
213,8407729,104468,8512197,0,1,0,43008,38,4216139131
214,8418036,1518,8419554,0,8,1,1536,5,7905530454
215,8551875,99164,8651039,0,1,0,25600,38,2685616659
216,8557497,1518,8559015,0,8,1,1536,5,4809384733
217,8558139,54836,8612975,0,0,0,6144,40,5402458135
218,8558165,6754,8564919,0,8,1,7168,5,2183025375
219,8728923,6754,8735677,0,8,1,7168,5,10193033936
220,8735732,4374,8740106,0,3,1,4608,37,7515739992
221,8826242,81128,8907370,0,6,0,11776,23,8876516028
222,8903122,6754,8909876,0,3,1,7168,37,478092520
223,8904693,120536,9025229,0,0,0,95744,40,5943096254
224,8951574,3898,8955472,0,3,1,4096,37,4647818875
225,8957822,3387,8961209,0,7,1,9728,22,2149643955
226,9180486,4679,9185165,0,3,1,12288,37,5411278627
227,9232525,2470,9234995,0,7,1,2560,22,10394080745
228,9289893,1042,9290935,0,8,1,1024,5,8790232799
229,9314022,176252,9490274,0,1,0,152576,38,9988412482
230,9339070,1994,9341064,0,5,1,2048,7,9983572267
231,9356121,146180,9502301,0,1,0,39424,38,670285219
232,9366244,7230,9373474,0,7,1,7680,22,2960368947
233,9376955,44920,9421875,0,5,1,77312,7,7482843001
234,9393801,6488,9400289,0,7,1,15872,22,10566204242
235,9406230,1042,9407272,0,7,1,1024,22,6289925808
236,9433796,83156,9516952,0,0,0,18432,40,7079873574
237,9470577,10757,9481334,0,3,1,17408,37,10247074979
238,9499734,43904,9543638,0,7,0,512,22,3729662310
239,9582787,43904,9626691,0,7,0,512,22,10716415066
240,9663116,2470,9665586,0,8,1,2560,5,3090180319
241,9710944,102908,9813852,0,6,0,37888,23,7159247844
242,9713316,1994,9715310,0,7,1,2048,22,1372575788
243,9714312,45076,9759388,0,7,0,512,22,1914153757
244,9741154,1518,9742672,0,8,1,1536,5,1222143724
245,9837954,47288,9885242,0,0,0,1536,40,7900161240
246,9872028,105872,9977900,0,6,0,47616,23,6242682534
247,9887996,1518,9889514,0,3,1,1536,37,8769554332
248,9890810,7230,9898040,0,8,1,7680,5,9041583770
249,9911554,2470,9914024,0,1,1,2560,38,4519778996
250,9966164,3898,9970062,0,5,1,4096,7,7474831379
251,9979186,104312,10083498,0,1,0,42496,38,6845529857
252,9986803,3422,9990225,0,8,1,3584,5,8296263640
253,10001198,100100,10101298,0,0,0,28672,40,2344264252
254,10007144,43904,10051048,0,7,0,512,22,5652736670
255,10067503,112892,10180395,0,1,0,70656,38,3697671
256,10083952,47288,10131240,0,7,0,1536,22,6162940368
257,10101456,45596,10147052,0,7,0,1024,22,3342321441
258,10146703,43904,10190607,0,7,0,512,22,9567428336
259,10166777,6278,10173055,0,7,1,6656,22,8338010144
260,10173632,85679,10259311,0,5,1,143360,7,10302199567
261,10205777,1994,10207771,0,8,1,2048,5,6129924935
262,10227326,86852,10314178,0,1,0,20480,38,10322310348
263,10230541,149912,10380453,0,9,0,136704,5,7214929614
264,10291164,4374,10295538,0,8,1,4608,5,8217747712
265,10305308,54358,10359666,0,5,1,89088,7,8369823799
266,10428786,3645,10432431,0,8,1,10240,5,4005565382
267,10498179,1994,10500173,0,8,1,2048,5,9734340351
268,10522909,3904,10526813,0,8,1,10752,5,5161935720
269,10549555,7706,10557261,0,8,1,8192,5,8737413414
270,10561097,33245,10594342,0,5,1,57856,7,6498139760
271,10616191,60824,10677015,0,6,0,5632,23,10230768771
272,10679509,100724,10780233,0,0,0,30720,40,8005742134
273,10785319,108836,10894155,0,1,0,57344,38,8338528864
274,10927493,45596,10973089,0,7,0,1024,22,3177798288
275,11039285,45596,11084881,0,7,0,1024,22,9819039119
276,11141825,1042,11142867,0,8,1,1024,5,8217422517
277,11154808,57440,11212248,0,1,0,4608,38,7592331892
278,11303416,103532,11406948,0,8,0,39936,5,7003484119
279,11317616,104000,11421616,0,7,0,41472,22,10461667622
280,11424890,1994,11426884,0,2,1,2048,11,6142528735
281,11497735,101660,11599395,0,1,0,33792,38,8770863263
282,11520702,143679,11664381,0,1,0,29184,38,2604624617
283,11617436,4374,11621810,0,5,1,4608,7,9475241414
284,11799199,5326,11804525,0,8,1,5632,5,4119562901
285,11812584,106184,11918768,0,0,0,48640,40,5006743136
286,11846212,566,11846778,0,8,1,512,5,5842404399
287,11883986,97316,11981302,0,9,0,24576,5,6944898668
288,11888016,3898,11891914,0,0,1,4096,40,9505869000
289,11939254,4374,11943628,0,8,1,4608,5,2147379938
290,11975321,4679,11980000,0,5,1,12288,7,5660276232
291,11986297,68996,12055293,0,9,0,12288,5,9347686413
292,11991305,108376,12099681,0,0,0,20992,40,3170855358
293,12019063,1042,12020105,0,8,1,1024,5,987509182
294,12034903,52364,12087267,0,8,0,3072,5,4344833871
295,12114617,118508,12233125,0,6,0,89088,23,5012806451
296,12150040,1042,12151082,0,0,1,1024,40,8594233771
297,12202338,2470,12204808,0,8,1,2560,5,6709081898
298,12257991,116012,12374003,0,6,0,80896,23,2392614384
299,12304345,2470,12306815,0,0,1,2560,40,6493736017
300,12364589,4679,12369268,0,7,1,12288,22,3074091128
301,12407309,566,12407875,0,0,1,512,40,9539998153
302,12452658,71756,12524414,0,6,0,11264,23,5412369837
303,12513133,10757,12523890,0,5,1,17408,7,8987654641
304,12536309,99164,12635473,0,1,0,25600,38,8601494801
305,12560705,2946,12563651,0,0,1,3072,40,1531806542
306,12617753,3422,12621175,0,0,1,3584,40,10350058859
307,12620855,4937,12625792,0,8,1,12800,5,5388965141
308,12665867,101504,12767371,0,0,0,33280,40,9440352210
309,12728596,93308,12821904,0,7,0,21504,22,4423111057
310,12888942,11533,12900475,0,7,1,18944,22,6930289738
311,12932301,5971,12938272,0,5,1,14848,7,3255876614
312,12994471,1518,12995989,0,0,1,1536,40,9832508209
313,13124104,2470,13126574,0,0,1,2560,40,6645136651
314,13128906,4420,13133326,0,5,1,11776,7,8093760503
315,13145544,116324,13261868,0,8,0,81920,5,8556430801
316,13181086,4374,13185460,0,7,1,4608,22,487597698
317,13200762,54529,13255291,0,5,1,92672,7,9752430671
318,13206303,74516,13280819,0,6,0,10240,23,684678349
319,13365060,105217,13470277,0,8,0,27136,5,3907122527
320,13370645,134439,13505084,0,8,0,58880,5,4204232575
321,13394661,12825,13407486,0,7,1,21504,22,2091778218
322,13513856,3422,13517278,0,2,1,3584,11,8869213535
323,13536266,1042,13537308,0,0,1,1024,40,8855531856
324,13625495,99476,13724971,0,1,0,26624,38,672445106
325,13652648,105872,13758520,0,6,0,47616,23,1428116622
326,13688713,43904,13732617,0,5,0,512,7,347589902
327,13691135,1518,13692653,0,2,1,1536,11,6970483673
328,13702602,566,13703168,0,2,1,512,11,1859054786
329,13759115,103220,13862335,0,0,0,38912,40,4044305435
330,13838272,102128,13940400,0,0,0,35328,40,4607608225
331,13857338,75296,13932634,0,8,0,12800,5,2478622156
332,13865643,11016,13876659,0,7,1,17920,22,9633138380
333,13871305,6278,13877583,0,8,1,6656,5,7497499271
334,13899572,144650,14044222,0,8,0,79360,5,6720149190
335,13920352,186800,14107152,0,7,0,49664,22,6795902402
336,13931834,121450,14053284,0,0,0,70656,40,612579003
337,14003411,62516,14065927,0,1,0,6144,38,4835067269
338,14004355,69752,14074107,0,0,0,9728,40,6180584301
339,14040273,104253,14144526,0,7,0,19968,22,9035694534
340,14055346,188750,14244096,0,7,0,118784,22,2187677317
341,14058327,2470,14060797,0,7,1,2560,22,2051929292
342,14069184,566,14069750,0,0,1,512,40,6299784086
343,14131727,69596,14201323,0,0,0,9216,40,8294231930
344,14135204,2470,14137674,0,7,1,2560,22,1892522431
345,14148060,2946,14151006,0,7,1,3072,22,5203781832
346,14160628,2470,14163098,0,7,1,2560,22,5331885935
347,14180588,12049,14192637,0,5,1,19968,7,10636244448
348,14196220,149912,14346132,0,1,0,136704,38,7409190624
349,14215298,118352,14333650,0,6,0,88576,23,10498332003
350,14237549,96584,14334133,0,6,0,1536,23,523977169
351,14286139,2470,14288609,0,8,1,2560,5,421908829
352,14290126,104844,14394970,0,6,0,15360,23,6284957157
353,14318134,98228,14416362,0,7,0,22528,22,7289818679
354,14541741,121160,14662901,0,9,0,97792,5,246123443
355,14580831,99032,14679863,0,1,0,30208,38,3098366819
356,14611131,98696,14709827,0,7,0,24064,22,2098809751
357,14616032,2946,14618978,0,5,1,3072,7,821842291
358,14628993,101036,14730029,0,0,0,31744,40,4348443446
359,14638046,123656,14761702,0,8,0,105984,5,1889319351
360,14685007,4850,14689857,0,3,1,5120,37,4400338266
361,14885320,6278,14891598,0,0,1,6656,40,4300709747
362,14930365,11533,14941898,0,5,1,18944,7,5732383077
363,14968510,84668,15053178,0,6,0,13312,23,6115654236
364,15071164,5802,15076966,0,7,1,6144,22,9875992303
365,15107324,45596,15152920,0,8,0,1024,5,7399017492
366,15124518,2946,15127464,0,3,1,3072,37,2654806857
367,15164186,1994,15166180,0,7,1,2048,22,5319632569
368,15206810,127400,15334210,0,7,0,118272,22,3039710797
369,15234747,194665,15429412,0,7,0,137216,22,5346835633
370,15345662,65900,15411562,0,0,0,7168,40,4145577694
371,15422250,48980,15471230,0,8,0,2048,5,6303726466
372,15424119,108212,15532331,0,0,0,55296,40,8580285252
373,15470259,99788,15570047,0,1,0,27648,38,1575410715
374,15506069,64208,15570277,0,9,0,6656,5,8006115936
375,15511671,43904,15555575,0,8,0,512,5,10733430196
376,15536022,15321,15551343,0,5,1,29696,7,5409270473
377,15660479,55748,15716227,0,6,0,4096,23,3717326080
378,15677253,176984,15854237,0,7,0,144896,22,1509823745
379,15677414,43904,15721318,0,8,0,512,5,6220565003
380,15679251,33245,15712496,0,5,1,57856,7,6692873180
381,15709758,60380,15770138,0,6,0,9216,23,6079111381
382,15720778,14287,15735065,0,5,1,27648,7,4498535260
383,15822663,106706,15929369,0,7,0,12288,22,10474123976
384,15830253,100880,15931133,0,9,0,31232,5,4092303611
385,15834949,104000,15938949,0,8,0,41472,5,631301525
386,15848265,112736,15961001,0,0,0,70144,40,5178328695
387,15876712,101972,15978684,0,1,0,34816,38,238434497
388,15904364,142797,16047161,0,0,0,53248,40,7218141271
389,15927809,124008,16051817,0,9,0,96256,5,7239668403
390,15961232,3898,15965130,0,5,1,4096,7,4506759620
391,15989086,7706,15996792,0,1,1,8192,38,1938348490
392,16017882,108056,16125938,0,8,0,54784,5,7897822378
393,16056520,3904,16060424,0,0,1,10752,40,10707230524
394,16109540,2946,16112486,0,1,1,3072,38,8733789499
395,16153569,111488,16265057,0,8,0,66048,5,2116365383
396,16183611,5454,16189065,0,7,1,13824,22,7739204066
397,16191190,4374,16195564,0,0,1,4608,40,8758876416
398,16221130,5326,16226456,0,1,1,5632,38,7984955074
399,16233264,121784,16355048,0,7,0,99840,22,9673359484
400,16237952,3904,16241856,0,7,1,10752,22,2168914528
401,16280197,23983,16304180,0,5,1,39936,7,4220706636
402,16301164,2946,16304110,0,7,1,3072,22,2204405140
403,16405878,2946,16408824,0,7,1,3072,22,2356001975
404,16508541,1042,16509583,0,7,1,1024,22,5430307695
405,16540690,91436,16632126,0,7,0,15360,22,3376293822
406,16543731,118664,16662395,0,9,0,89600,5,3161034319
407,16566991,152669,16719660,0,7,0,69632,22,6794582872
408,16577848,15062,16592910,0,5,1,29184,7,4176628531
409,16609021,1994,16611015,0,7,1,2048,22,2594109819
410,16610897,104268,16715165,0,9,0,34816,5,1329094009
411,16662086,42424,16704510,0,5,1,69120,7,6612890041
412,16689595,3645,16693240,0,7,1,10240,22,8328178586
413,16772576,54056,16826632,0,8,0,3584,5,9393888017
414,16796071,100100,16896171,0,0,0,28672,40,2765585196
415,16836708,47288,16883996,0,6,0,1536,23,7746961869
416,16850356,114764,16965120,0,8,0,76800,5,2637184676
417,16858357,99008,16957365,0,9,0,25088,5,1637704367
418,16871673,566,16872239,0,0,1,512,40,3265877657
419,16908044,24412,16932456,0,5,1,44032,7,3362751187
420,16984570,101660,17086230,0,1,0,33792,38,6119507281
421,17031780,4374,17036154,0,0,1,4608,40,700076274
422,17037796,54368,17092164,0,1,0,4608,38,8189467706
423,17190398,1042,17191440,0,7,1,1024,22,8285889117
424,17199677,1518,17201195,0,7,1,1536,22,5819613283
425,17237722,566,17238288,0,1,1,512,38,2486945803
426,17358534,47444,17405978,0,8,0,2048,5,7102846074
427,17539467,98540,17638007,0,7,0,23552,22,5007980177
428,17551369,4420,17555789,0,7,1,11776,22,3128664378
429,17578337,105092,17683429,0,9,0,45056,5,126699873
430,17644026,6754,17650780,0,1,1,7168,38,2864057936
431,17806631,2946,17809577,0,1,1,3072,38,9444812579
432,17841939,114452,17956391,0,1,0,75776,38,7477841257
433,18033737,5712,18039449,0,1,1,14336,38,955057613
434,18090612,102596,18193208,0,7,0,36864,22,6603161969
435,18137564,3898,18141462,0,0,1,4096,40,10546360911
436,18155114,102128,18257242,0,9,0,35328,5,1982856653
437,18229043,61448,18290491,0,7,0,7680,22,9915546104
438,18235850,68372,18304222,0,0,0,10240,40,10710958550
439,18308120,3128,18311248,0,0,1,9216,40,4081655569
440,18425077,81128,18506205,0,1,0,11776,38,8475967134
441,18441785,5326,18447111,0,1,1,5632,38,5080312295
442,18614428,62516,18676944,0,7,0,6144,22,2313193320
443,18659001,87944,18746945,0,1,0,24064,38,7648939940
444,18774544,2946,18777490,0,6,1,3072,23,10628122848
445,18865255,90236,18955491,0,1,0,21504,38,1870423697
446,18895618,108836,19004454,0,8,0,57344,5,6673641333
447,18931178,77659,19008837,0,8,0,14336,5,6378658067
448,18958047,157016,19115063,0,6,0,144896,23,8374712558
449,18982212,3422,18985634,0,6,1,3584,23,2061457739
450,19009374,2946,19012320,0,0,1,3072,40,6066384191
451,19020891,566,19021457,0,6,1,512,23,10584835429
452,19104051,47288,19151339,0,0,0,1536,40,2851175621
453,19166037,111176,19277213,0,6,0,65024,23,3165957868
454,19171988,99632,19271620,0,7,0,27136,22,6121914700
455,19355705,6754,19362459,0,1,1,7168,38,1251806626
456,19363945,72848,19436793,0,0,0,14848,40,4097720946
457,19461983,4374,19466357,0,0,1,4608,40,5997476577
458,19477018,566,19477584,0,1,1,512,38,5815371383
459,19510924,1042,19511966,0,0,1,1024,40,8294634335
460,19545055,105404,19650459,0,1,0,46080,38,1061828850
461,19611871,3898,19615769,0,0,1,4096,40,6742513846
462,19734689,4679,19739368,0,1,1,12288,38,7990629198
463,19827908,7706,19835614,0,6,1,8192,23,1795510877
464,19830478,130676,19961154,0,7,0,129024,22,9863170030
465,19895555,110552,20006107,0,6,0,62976,23,3754646079
466,19909577,116480,20026057,0,9,0,82432,5,8799576390
467,19926988,566,19927554,0,1,1,512,38,3879781611
468,19950874,101348,20052222,0,8,0,32768,5,1422841622
469,19991964,107588,20099552,0,9,0,53248,5,993699436
470,20007456,5802,20013258,0,6,1,6144,23,6844669863
471,20014683,63296,20077979,0,6,0,8704,23,1037880820
472,20038415,3422,20041837,0,1,1,3584,38,1895616471
473,20268988,1518,20270506,0,1,1,1536,38,6930784116
474,20301010,1042,20302052,0,0,1,1024,40,4683125638
475,20308224,566,20308790,0,1,1,512,38,1062830939
476,20339190,97628,20436818,0,0,0,25600,40,9833257449
477,20402229,2870,20405099,0,6,1,8704,23,7042558899
478,20456924,52364,20509288,0,1,0,3072,38,9594325423
479,20498129,100724,20598853,0,9,0,30720,5,9593804379
480,20545969,111488,20657457,0,6,0,66048,23,9268270698
481,20571372,113984,20685356,0,7,0,74240,22,10413939013
482,20585932,1042,20586974,0,0,1,1024,40,889562547
483,20778027,2470,20780497,0,1,1,2560,38,10364070559
484,20905665,194180,21099845,0,1,0,176128,38,7879502508
485,21063546,106028,21169574,0,9,0,48128,5,1790195702
486,21072377,124592,21196969,0,0,0,109056,40,6019592701
487,21090114,111176,21201290,0,6,0,65024,23,1575141001
488,21124240,107588,21231828,0,9,0,53248,5,1867957602
489,21144787,566,21145353,0,6,1,512,23,3820008066
490,21157618,156938,21314556,0,9,0,25088,5,9388816363
491,21162287,1042,21163329,0,1,1,1024,38,9089925089
492,21164800,127090,21291890,0,0,0,22016,40,2099650993
493,21192147,72668,21264815,0,8,0,9216,5,1514644845
494,21216327,68840,21285167,0,0,0,11776,40,1401270520
495,21255966,100100,21356066,0,6,0,28672,23,7954474569
496,21257429,1042,21258471,0,1,1,1024,38,6853609792
497,21277985,1042,21279027,0,6,1,1024,23,8082791827
498,21311415,2870,21314285,0,6,1,8704,23,1152925119
499,21361720,95180,21456900,0,7,0,27648,22,4561960097
500,21382560,101348,21483908,0,0,0,32768,40,1121178507
501,21413697,4850,21418547,0,6,1,5120,23,6782710429
502,21503150,82844,21585994,0,6,0,17408,23,9578772261
503,21546364,3898,21550262,0,6,1,4096,23,2207776836
504,21556660,91772,21648432,0,0,0,21504,40,5353077168
505,21638892,59132,21698024,0,8,0,5120,5,8230975338
506,21649076,566,21649642,0,0,1,512,40,8840394916
507,21659347,106184,21765531,0,6,0,48640,23,8426179885
508,21675910,5712,21681622,0,1,1,14336,38,10418252151
509,21730000,161312,21891312,0,9,0,143872,5,5226718925
510,21801310,100568,21901878,0,7,0,30208,22,2691034554
511,21810924,4374,21815298,0,0,1,4608,40,4457049332
512,21814301,70532,21884833,0,8,0,12288,5,6583350005
513,21897964,3422,21901386,0,1,1,3584,38,4546487665
514,21916478,3387,21919865,0,1,1,9728,38,2095072434
515,21930675,54056,21984731,0,9,0,3584,5,2875142819
516,21978405,3422,21981827,0,0,1,3584,40,6546188551
517,21988737,72824,22061561,0,7,0,9728,22,5054493277
518,22011037,104468,22115505,0,6,0,43008,23,6293421090
519,22114775,1994,22116769,0,0,1,2048,40,4265827360
520,22149725,90104,22239829,0,6,0,26112,23,2585846949
521,22251384,115856,22367240,0,6,0,80384,23,7126656496
522,22292414,55748,22348162,0,7,0,4096,22,3254172432
523,22345882,92326,22438208,0,6,0,8704,23,2794570990
524,22401439,94688,22496127,0,0,0,20992,40,5796714867
525,22407553,566,22408119,0,0,1,512,40,10544424425
526,22497871,43904,22541775,0,0,0,512,40,4144078399
527,22640577,72980,22713557,0,9,0,10240,5,9244657690
528,22722662,128648,22851310,0,7,0,122368,22,1719592806
529,22739204,76208,22815412,0,9,0,10752,5,836097247
530,22852478,100412,22952890,0,0,0,29696,40,1762477882
531,22904058,566,22904624,0,1,1,512,38,5705104803
532,22973745,118352,23092097,0,8,0,88576,5,3085908486
533,22990582,4374,22994956,0,6,1,4608,23,9867153936
534,23078776,117572,23196348,0,1,0,86016,38,6450250554
535,23083515,98384,23181899,0,0,0,23040,40,8764745847
536,23122233,566,23122799,0,0,1,512,40,8262686697
537,23208847,45596,23254443,0,6,0,1024,23,3952348409
538,23209217,6278,23215495,0,0,1,6656,40,3348127180
539,23312037,1518,23313555,0,7,1,1536,22,10135357822
540,23377562,5196,23382758,0,7,1,13312,22,10170324332
541,23410224,6278,23416502,0,0,1,6656,40,1589196607
542,23422097,2870,23424967,0,0,1,8704,40,8439579466
543,23462017,69284,23531301,0,0,0,8192,40,6812579106
544,23523573,7743,23531316,0,0,1,8192,40,5581654409
545,23585084,4679,23589763,0,7,1,12288,22,1372154853
546,23600365,52364,23652729,0,0,0,3072,40,3775588121
547,23656490,71756,23728246,0,8,0,11264,5,2515778894
548,23657307,3422,23660729,0,0,1,3584,40,8658123145
549,23663911,4850,23668761,0,6,1,5120,23,740057437
550,23686945,43904,23730849,0,6,0,512,23,8650389981
551,23690648,3898,23694546,0,1,1,4096,38,3769457366
552,23713655,108056,23821711,0,7,0,54784,22,6282211946
553,23802691,118976,23921667,0,9,0,90624,5,2012338169
554,23840148,1994,23842142,0,6,1,2048,23,369350633
555,23865505,1042,23866547,0,7,1,1024,22,9891194974
556,23868501,5196,23873697,0,7,1,13312,22,6557734843
557,23926477,3898,23930375,0,6,1,4096,23,115802688
558,23958016,3422,23961438,0,0,1,3584,40,6336422566
559,23975521,55748,24031269,0,9,0,4096,5,3645539824
560,24012575,114296,24126871,0,9,0,75264,5,2003889194
561,24022173,64364,24086537,0,1,0,7168,38,7383532656
562,24069241,105716,24174957,0,1,0,47104,38,8729774595
563,24109608,1518,24111126,0,7,1,1536,22,2010325156
564,24114222,188096,24302318,0,8,0,156160,5,6210092529
565,24151135,2470,24153605,0,0,1,2560,40,9080185682
566,24164038,116829,24280867,0,5,1,194048,7,4812649328
567,24168333,2870,24171203,0,7,1,8704,22,6112558864
568,24235038,1994,24237032,0,0,1,2048,40,9357522243
569,24239077,67592,24306669,0,7,0,7680,22,4106962733
570,24241708,1518,24243226,0,7,1,1536,22,3326520651
571,24254371,5802,24260173,0,2,1,6144,11,10447280520
572,24275363,2946,24278309,0,6,1,3072,23,9710249735
573,24378989,3422,24382411,0,6,1,3584,23,10732678651
574,24407332,5326,24412658,0,6,1,5632,23,9003392353
575,24428592,98408,24527000,0,9,0,28160,5,8032355524
576,24434027,55748,24489775,0,0,0,4096,40,1877729200
577,24449345,1518,24450863,0,3,1,1536,37,7223727625
578,24460878,12308,24473186,0,0,1,20480,40,9755537887
579,24478777,104780,24583557,0,9,0,44032,5,3511844874
580,24505046,147661,24652707,0,9,0,43008,5,8105874486
581,24579853,105512,24685365,0,9,0,34304,5,3328748954
582,24590698,2946,24593644,0,7,1,3072,22,2518923611
583,24605357,1042,24606399,0,0,1,1024,40,9853482722
584,24661377,67304,24728681,0,8,0,11776,5,8276448046
585,24744391,1994,24746385,0,2,1,2048,11,1418848857
586,24782465,47288,24829753,0,8,0,1536,5,5552010202
587,24795355,74360,24869715,0,7,0,9728,22,4902900066
588,24857723,12049,24869772,0,7,1,19968,22,4736380539
589,24888421,100880,24989301,0,1,0,31232,38,10598166528
590,25014608,191216,25205824,0,1,0,166400,38,5807371975
591,25139445,1518,25140963,0,2,1,1536,11,3058725974
592,25213875,3387,25217262,0,2,1,9728,11,7761158296
593,25332678,4374,25337052,0,0,1,4608,40,430419832
594,25338253,104468,25442721,0,1,0,43008,38,7651968384
595,25580730,4850,25585580,0,7,1,5120,22,4378422976
596,25588784,6278,25595062,0,0,1,6656,40,4886151956
597,25622041,45596,25667637,0,6,0,1024,23,6491080800
598,25623684,112892,25736576,0,8,0,70656,5,8055837880
599,25651299,47288,25698587,0,6,0,1536,23,198471937
600,25729965,101348,25831313,0,7,0,32768,22,9082550311
601,25739165,68520,25807685,0,7,0,5632,22,9380437358
602,25757229,1994,25759223,0,3,1,2048,37,3809467073
603,25763853,80684,25844537,0,0,0,15360,40,6911467495
604,25809352,2946,25812298,0,2,1,3072,11,7053592745
605,25821921,12308,25834229,0,0,1,20480,40,3718094249
606,25825686,73211,25898897,0,7,0,7680,22,1051933507
607,26000860,48980,26049840,0,6,0,2048,23,8242735302
608,26021083,6229,26027312,0,1,1,15360,38,3106210991
609,26033437,1994,26035431,0,7,1,2048,22,3629461923
610,26053532,111644,26165176,0,9,0,66560,5,2798893608
611,26118790,43904,26162694,0,6,0,512,23,9270239810
612,26355221,85472,26440693,0,1,0,20992,38,3903942535
613,26366732,43904,26410636,0,6,0,512,23,4459590129
614,26422566,3898,26426464,0,7,1,4096,22,3365813443
615,26436631,7000,26443631,0,1,1,3072,38,4370516250
616,26468639,192308,26660947,0,9,0,169984,5,5408794285
617,26506300,5971,26512271,0,7,1,14848,22,5623765761
618,26547261,23378,26570639,0,5,1,41984,7,4705694211
619,26547747,6278,26554025,0,9,1,6656,5,10067682419
620,26740040,3898,26743938,0,0,1,4096,40,6126485129
621,26742563,6278,26748841,0,1,1,6656,38,4465182197
622,26806649,105248,26911897,0,1,0,45568,38,4739832006
623,26849173,123500,26972673,0,9,0,105472,5,5543604233
624,26917979,1518,26919497,0,7,1,1536,22,2394971676
625,26920363,63608,26983971,0,1,0,9728,38,3360979256
626,26959991,129584,27089575,0,0,0,125440,40,7494766148
627,26988327,7706,26996033,0,2,1,8192,11,8169273821
628,27220929,5802,27226731,0,2,1,6144,11,9242223319
629,27361486,5326,27366812,0,7,1,5632,22,7816838596
630,27376564,47600,27424164,0,7,0,2560,22,8717381785
631,27380195,43904,27424099,0,6,0,512,23,2157346305
632,27427253,71912,27499165,0,7,0,11776,22,3572622041
633,27540529,112736,27653265,0,0,0,70144,40,2559207897
634,27551359,86564,27637923,0,1,0,24576,38,3672208487
635,27592270,5971,27598241,0,1,1,14848,38,7325674437
636,27598897,47288,27646185,0,6,0,1536,23,5205282224
637,27643946,65059,27709005,0,0,0,4096,40,2194430854
638,27664134,98228,27762362,0,0,0,22528,40,3539678617
639,27698999,6278,27705277,0,0,1,6656,40,8689978702
640,27709198,2946,27712144,0,0,1,3072,40,5735555838
641,27715416,1518,27716934,0,1,1,1536,38,779208279
642,27737285,4374,27741659,0,7,1,4608,22,6393760584
643,27799591,5326,27804917,0,1,1,5632,38,8841931171
644,27822576,2946,27825522,0,0,1,3072,40,6457147853
645,27839952,121316,27961268,0,8,0,98304,5,3391773244
646,27875243,3898,27879141,0,1,1,4096,38,1901060623
647,27901756,1042,27902798,0,2,1,1024,11,6900780564
648,27934015,98540,28032555,0,1,0,23552,38,9671906963
649,27967194,101192,28068386,0,8,0,32256,5,2775447608
650,28049612,3645,28053257,0,7,1,10240,22,9250008890
651,28055121,103376,28158497,0,0,0,39424,40,7271841291
652,28062653,79616,28142269,0,1,0,16896,38,6703480552
653,28078001,1042,28079043,0,1,1,1024,38,6029524621
654,28084033,11274,28095307,0,1,1,18432,38,9996338548
655,28096808,104468,28201276,0,7,0,43008,22,1734778311
656,28105784,3898,28109682,0,7,1,4096,22,5995400392
657,28132672,3898,28136570,0,2,1,4096,11,1140349612
658,28175387,127088,28302475,0,1,0,117248,38,3935696501
659,28177051,1994,28179045,0,7,1,2048,22,4099278429
660,28248257,5326,28253583,0,2,1,5632,11,9127089634
661,28286744,62516,28349260,0,9,0,6144,5,10238877025
662,28292257,73760,28366017,0,8,0,12800,5,10108342612
663,28325089,69050,28394139,0,8,0,8192,5,3393753977
664,28328503,2470,28330973,0,0,1,2560,40,852104805
665,28341633,54056,28395689,0,1,0,3584,38,3219096718
666,28386450,4162,28390612,0,7,1,11264,22,6575460283
667,28399804,43904,28443708,0,6,0,512,23,7459151220
668,28421896,48980,28470876,0,1,0,2048,38,3742437091
669,28431517,2470,28433987,0,1,1,2560,38,3517621210
670,28436264,45596,28481860,0,8,0,1024,5,2183727569
671,28469983,1518,28471501,0,1,1,1536,38,8434568460
672,28524384,4850,28529234,0,1,1,5120,38,9455399133
673,28631547,109928,28741475,0,7,0,60928,22,8378566069
674,28635607,1518,28637125,0,0,1,1536,40,3232302833
675,28689689,5326,28695015,0,7,1,5632,22,3236431022
676,28707160,2946,28710106,0,7,1,3072,22,131239552
677,28750631,3387,28754018,0,7,1,9728,22,3022365780
678,28802290,566,28802856,0,7,1,512,22,10209119768
679,29144610,73604,29218214,0,1,0,12288,38,1374384750
680,29163666,6278,29169944,0,0,1,6656,40,1988564274
681,29167542,3388,29170930,0,0,1,1536,40,2658252205
682,29179292,102440,29281732,0,7,0,36352,22,9097313268
683,29220030,97136,29317166,0,1,0,18944,38,7809799129
684,29301527,1994,29303521,0,1,1,2048,38,8966153675
685,29330434,139102,29469536,0,1,0,15872,38,7649070247
686,29405666,101036,29506702,0,7,0,31744,22,7043795132
687,29454431,114296,29568727,0,1,0,75264,38,3235248867
688,29535892,143144,29679036,0,7,0,134656,22,6086765094
689,29656654,43904,29700558,0,6,0,512,23,5313465772
690,29660273,106652,29766925,0,8,0,50176,5,8941354363
691,29678476,105404,29783880,0,0,0,46080,40,7559420421
692,29684797,80084,29764881,0,0,0,18432,40,2771588752
693,29687734,118199,29805933,0,0,0,27136,40,3336253862
694,29691887,231248,29923135,0,8,0,173568,5,3988016022
695,29716418,43904,29760322,0,1,0,512,38,4044513841
696,29782357,62339,29844696,0,0,0,5632,40,7937103429
697,29783633,47288,29830921,0,6,0,1536,23,5627876173
698,29786061,1042,29787103,0,0,1,1024,40,413937566
699,29801157,52990,29854147,0,6,0,1024,23,2348296797
700,29847289,118976,29966265,0,0,0,90624,40,7071742927
701,30007813,86516,30094329,0,0,0,14336,40,3646518365
702,30148292,50984,30199276,0,8,0,3584,5,3539833594
703,30209748,52988,30262736,0,1,0,5120,38,8254936856
704,30264941,3422,30268363,0,0,1,3584,40,3276593505
705,30377954,109460,30487414,0,1,0,59392,38,1817176192
706,30460519,2870,30463389,0,0,1,8704,40,6275492310
707,30496204,5454,30501658,0,5,1,13824,7,10486915671
708,30696503,50672,30747175,0,6,0,2560,23,2627501562
709,30884914,4374,30889288,0,7,1,4608,22,9003805915
710,31106736,43904,31150640,0,6,0,512,23,111909845
711,31118292,87140,31205432,0,0,0,16384,40,4796613124
712,31127474,45596,31173070,0,8,0,1024,5,4960755562
713,31155590,43904,31199494,0,6,0,512,23,6579263258
714,31173867,114920,31288787,0,1,0,77312,38,4159397491
715,31330725,73316,31404041,0,7,0,16384,22,868186033
716,31452580,62984,31515564,0,0,0,7680,40,7754509137
717,31501720,94268,31595988,0,0,0,12288,40,1852465251
718,31512957,102596,31615553,0,7,0,36864,22,6969489713
719,31555854,43904,31599758,0,6,0,512,23,464969890
720,31687853,41908,31729761,0,5,1,68096,7,5864720143
721,31726343,103064,31829407,0,1,0,38400,38,4854635860
722,31771990,130779,31902769,0,1,0,51200,38,9903707725
723,31806096,5971,31812067,0,0,1,14848,40,8079752406
724,31874086,45596,31919682,0,6,0,1024,23,2197754041
725,31955898,25704,31981602,0,5,1,46592,7,2172657412
726,32010147,110864,32121011,0,1,0,64000,38,2466347580
727,32114721,78368,32193089,0,0,0,12800,40,9390075224
728,32127673,45596,32173269,0,8,0,1024,5,5934788546
729,32205660,121472,32327132,0,1,0,98816,38,2223596316
730,32240829,157487,32398316,0,1,0,32768,38,5996984403
731,32327987,77900,32405887,0,0,0,11264,40,4027782429
732,32350801,4850,32355651,0,5,1,5120,7,3800022362
733,32360077,65900,32425977,0,0,0,7168,40,4318332932
734,32585900,70976,32656876,0,1,0,8704,38,4973374348
735,32590170,108368,32698538,0,1,0,55808,38,5394840248
736,32594125,206660,32800785,0,0,0,217088,40,696013719
737,32601106,83780,32684886,0,7,0,20480,22,5701894247
738,32612539,144737,32757276,0,7,0,55296,22,383529588
739,32614167,116964,32731131,0,7,0,8704,22,9749364891
740,32652067,6754,32658821,0,5,1,7168,7,380971837
741,32741132,1518,32742650,0,5,1,1536,7,2927095351
742,32769308,104000,32873308,0,1,0,41472,38,2428719001
743,32817726,6754,32824480,0,0,1,7168,40,4269753117
744,32835125,3422,32838547,0,5,1,3584,7,2574913153
745,32943775,110084,33053859,0,0,0,61440,40,894320626
746,32969827,45596,33015423,0,1,0,1024,38,4273014953
747,33069533,111332,33180865,0,1,0,65536,38,883209282
748,33151120,116168,33267288,0,0,0,81408,40,8349350846
749,33171544,47288,33218832,0,6,0,1536,23,86482578
750,33208362,43904,33252266,0,6,0,512,23,10270174271
751,33231537,45596,33277133,0,6,0,1024,23,7526711728
752,33336530,1994,33338524,0,0,1,2048,40,9507264066
753,33409217,104780,33513997,0,1,0,44032,38,8123346151
754,33446936,170372,33617308,0,7,0,143360,22,1391831583
755,33528641,566,33529207,0,0,1,512,40,9157316622
756,33631234,47288,33678522,0,6,0,1536,23,1188137826
757,33679046,5326,33684372,0,7,1,5632,22,5525522561
758,33713515,43904,33757419,0,8,0,512,5,6526109181
759,33833442,67904,33901346,0,1,0,8704,38,2076362704
760,33845256,50672,33895928,0,6,0,2560,23,3604867866
761,33895254,1042,33896296,0,0,1,1024,40,571572936
762,33942157,96224,34038381,0,0,0,20992,40,8120700562
763,33986395,2470,33988865,0,5,1,2560,7,9871844316
764,34021703,45596,34067299,0,6,0,1024,23,167881184
765,34052684,88676,34141360,0,1,0,16384,38,1866811429
766,34064484,1994,34066478,0,5,1,2048,7,3274218383
767,34213507,108680,34322187,0,7,0,56832,22,7494933597
768,34302460,48980,34351440,0,6,0,2048,23,5363367338
769,34375852,47288,34423140,0,8,0,1536,5,6518117700
770,34406380,3128,34409508,0,0,1,9216,40,1406968004
771,34497609,50672,34548281,0,8,0,2560,5,4116451426
772,34585286,105248,34690534,0,7,0,45568,22,8553643396
773,34621880,48980,34670860,0,8,0,2048,5,5248741647
774,34691895,101816,34793711,0,7,0,34304,22,7122619721
775,34713893,48980,34762873,0,6,0,2048,23,4560351193
776,34769216,47288,34816504,0,6,0,1536,23,816456468
777,34897395,100256,34997651,0,1,0,29184,38,8456155278
778,35060272,106964,35167236,0,0,0,51200,40,2286835884
779,35111806,212270,35324076,0,0,0,170496,40,649949911
780,35212327,5971,35218298,0,0,1,14848,40,6313221615
781,35316268,48980,35365248,0,8,0,2048,5,8880342550
782,35409670,47288,35456958,0,8,0,1536,5,5622847488
783,35505906,43904,35549810,0,8,0,512,5,2612306488
784,35509231,5802,35515033,0,0,1,6144,40,10200618080
785,35571978,43904,35615882,0,6,0,512,23,1806869172
786,35943201,4374,35947575,0,1,1,4608,38,7480919086
787,36008424,67592,36076016,0,0,0,7680,40,917752846
788,36081976,99632,36181608,0,1,0,27136,38,8905972022
789,36092789,3128,36095917,0,8,1,9216,5,2875093060
790,36115187,44060,36159247,0,6,0,1024,23,1643017727
791,36213700,100724,36314424,0,0,0,30720,40,5456450782
792,36254296,116168,36370464,0,1,0,81408,38,7622974543
793,36348886,119954,36468840,0,1,0,23040,38,10689085081
794,36427748,95912,36523660,0,0,0,19968,40,813479960
795,36737265,43904,36781169,0,6,0,512,23,9491108785
796,36876376,110084,36986460,0,1,0,61440,38,2642965561
797,36894129,3422,36897551,0,8,1,3584,5,4349158382
798,36895182,45596,36940778,0,6,0,1024,23,8678271254
799,37029851,43904,37073755,0,8,0,512,5,9724777058
800,37108671,70976,37179647,0,1,0,8704,38,2167400578
801,37291225,67304,37358529,0,1,0,11776,38,8962254899
802,37381886,45596,37427482,0,6,0,1024,23,73586823
803,37393697,60824,37454521,0,0,0,5632,40,9458731560
804,37448218,84668,37532886,0,1,0,13312,38,596956351
805,37540393,108524,37648917,0,7,0,56320,22,9635137093
806,37626651,3422,37630073,0,8,1,3584,5,3690712667
807,37683383,49448,37732831,0,1,0,3584,38,8967672153
808,37697435,110240,37807675,0,7,0,61952,22,8681519938
809,37734420,43904,37778324,0,6,0,512,23,2112425255
810,37767959,45596,37813555,0,8,0,1024,5,6458694097
811,37896210,52364,37948574,0,8,0,3072,5,721051756
812,37959393,45596,38004989,0,8,0,1024,5,9532436499
813,38032763,43904,38076667,0,6,0,512,23,4632534774
814,38056067,4850,38060917,0,0,1,5120,40,7423426343
815,38153506,51296,38204802,0,7,0,4608,22,5078443738
816,38168996,96872,38265868,0,7,0,28160,22,9472425379
817,38326225,3898,38330123,0,8,1,4096,5,2336452347
818,38332247,115544,38447791,0,7,0,79360,22,283478653
819,38407611,105404,38513015,0,1,0,46080,38,3100916606
820,38425184,140015,38565199,0,7,0,85504,22,8288731366
821,38522644,45596,38568240,0,8,0,1024,5,1235009824
822,38645729,7230,38652959,0,8,1,7680,5,5038655175
823,38702632,3645,38706277,0,1,1,10240,38,515205029
824,38706149,95492,38801641,0,0,0,28672,40,5600349217
825,38756135,45596,38801731,0,6,0,1024,23,4079487158
826,38795782,7845,38803627,0,0,1,2048,40,10643752725
827,38910958,566,38911524,0,8,1,512,5,7642344031
828,38991042,98876,39089918,0,0,0,29696,40,6045999554
829,39011722,3898,39015620,0,0,1,4096,40,7616096176
830,39091144,70688,39161832,0,1,0,12800,38,7810731245
831,39121251,2946,39124197,0,1,1,3072,38,805388226
832,39173777,3898,39177675,0,1,1,4096,38,1916141522
833,39176008,2013,39178021,0,1,1,512,38,7411640072
834,39210049,1994,39212043,0,1,1,2048,38,1820846044
835,39222452,566,39223018,0,5,1,512,7,4545362780
836,39278257,43904,39322161,0,6,0,512,23,2010433956
837,39320106,2946,39323052,0,0,1,3072,40,8516845150
838,39327401,50358,39377759,0,0,0,1024,40,1243860381
839,39463657,91640,39555297,0,0,0,26112,40,6037056933
840,39468212,100256,39568468,0,1,0,29184,38,9841809895
841,39503346,566,39503912,0,8,1,512,5,9378488528
842,39586893,12995,39599888,0,9,1,25088,5,2454682765
843,39836282,2946,39839228,0,8,1,3072,5,7059179035
844,39952338,12308,39964646,0,1,1,20480,38,8383906680
845,40045680,1042,40046722,0,2,1,1024,11,7289603802
846,40078193,2870,40081063,0,2,1,8704,11,1292467165
847,40082566,1042,40083608,0,8,1,1024,5,4233123349
848,40115574,2470,40118044,0,1,1,2560,38,9985947112
849,40177843,4374,40182217,0,4,1,4608,33,8905575816
850,40194346,105560,40299906,0,1,0,46592,38,4393519713
851,40278115,43904,40322019,0,6,0,512,23,7229298404
852,40292118,2946,40295064,0,8,1,3072,5,4700033426
853,40337702,50672,40388374,0,8,0,2560,5,7416955827
854,40348671,45596,40394267,0,6,0,1024,23,7281617492
855,40427947,3898,40431845,0,2,1,4096,11,8298162705
856,40430607,98540,40529147,0,1,0,23552,38,7874482575
857,40451332,5196,40456528,0,4,1,13312,33,3151774557
858,40494574,3387,40497961,0,2,1,9728,11,2552799379
859,40602677,4420,40607097,0,8,1,11776,5,4384649723
860,40628256,5712,40633968,0,3,1,14336,37,9280675835
861,40629325,14622,40643947,0,3,1,18432,37,10584720579
862,40670720,4374,40675094,0,4,1,4608,33,6638235685
863,40725158,112424,40837582,0,0,0,69120,40,1732930512
864,40756679,1994,40758673,0,8,1,2048,5,5345049462
865,40762500,7230,40769730,0,2,1,7680,11,1119308583
866,40763719,6229,40769948,0,3,1,15360,37,6567942575
867,40810294,48980,40859274,0,0,0,2048,40,5159101841
868,40819788,1042,40820830,0,1,1,1024,38,4665016131
869,40919258,2470,40921728,0,9,1,2560,5,8531059633
870,40926643,1994,40928637,0,3,1,2048,37,3071082133
871,40940991,43904,40984895,0,0,0,512,40,2508426516
872,41041268,105872,41147140,0,6,0,47616,23,4174690961
873,41074197,54056,41128253,0,8,0,3584,5,7155440630
874,41129379,52364,41181743,0,1,0,3072,38,1136121169
875,41132356,3898,41136254,0,4,1,4096,33,1019287777
876,41139817,4374,41144191,0,3,1,4608,37,1778165890
877,41243893,43904,41287797,0,8,0,512,5,6741728263
878,41266350,1994,41268344,0,4,1,2048,33,7168662162
879,41309657,1994,41311651,0,9,1,2048,5,3971276982
880,41379567,100880,41480447,0,1,0,31232,38,3585393620
881,41507720,7230,41514950,0,3,1,7680,37,4340164142
882,41515042,5802,41520844,0,4,1,6144,33,3648298345
883,41589902,43904,41633806,0,8,0,512,5,9909034291
884,41621309,43904,41665213,0,8,0,512,5,3475573529
885,41662573,5326,41667899,0,2,1,5632,11,9001328235
886,41687783,1042,41688825,0,4,1,1024,33,1902353258
887,41723223,5802,41729025,0,3,1,6144,37,3239552133
888,41725523,100412,41825935,0,6,0,29696,23,5035249028
889,41729390,566,41729956,0,8,1,512,5,4691813107
890,41748511,45596,41794107,0,0,0,1024,40,3090883179
891,41755368,5326,41760694,0,1,1,5632,38,391223670
892,41820459,1042,41821501,0,1,1,1024,38,9815719032
893,41825956,43904,41869860,0,8,0,512,5,5006951301
894,41827610,6754,41834364,0,2,1,7168,11,7899742887
895,41861852,2470,41864322,0,4,1,2560,33,4945919597
896,41869533,3128,41872661,0,9,1,9216,5,10081567501
897,41880979,43904,41924883,0,8,0,512,5,7983498535
898,41921954,566,41922520,0,2,1,512,11,2289810916
899,41928048,6754,41934802,0,6,1,7168,23,5540134286
900,41933696,4937,41938633,0,6,1,12800,23,6022870107
901,41952367,566,41952933,0,9,1,512,5,8375228438
902,42042584,3645,42046229,0,6,1,10240,23,4922905496
903,42134425,100412,42234837,0,1,0,29696,38,1959412403
904,42142476,1518,42143994,0,9,1,1536,5,2963925911
905,42203019,5326,42208345,0,2,1,5632,11,4167189954
906,42240473,1518,42241991,0,8,1,1536,5,9944048414
907,42247319,6754,42254073,0,1,1,7168,38,7781847311
908,42284450,1994,42286444,0,4,1,2048,33,10429810153
909,42347733,4374,42352107,0,6,1,4608,23,10020802200
910,42419856,4374,42424230,0,2,1,4608,11,3056099456
911,42428479,112112,42540591,0,6,0,68096,23,9226461850
912,42493531,76364,42569895,0,1,0,11264,38,566896030
913,42524393,7230,42531623,0,8,1,7680,5,7998616541
914,42526006,18475,42544481,0,6,1,4096,23,8267705879
915,42688276,108368,42796644,0,1,0,55808,38,1716266294
916,42712378,566,42712944,0,2,1,512,11,1938587990
917,42714484,43904,42758388,0,8,0,512,5,4294008970
918,42749677,4850,42754527,0,3,1,5120,37,409145831
919,42861668,4850,42866518,0,9,1,5120,5,1800083509
920,42864194,2470,42866664,0,2,1,2560,11,489204370
921,42896089,43904,42939993,0,0,0,512,40,6324787104
922,43130472,4850,43135322,0,2,1,5120,11,5805305602
923,43130570,98852,43229422,0,1,0,24576,38,5756911323
924,43336926,109928,43446854,0,6,0,60928,23,4453130519
925,43386706,6488,43393194,0,4,1,15872,33,1623483371
926,43442431,3422,43445853,0,4,1,3584,33,7273699995
927,43525119,566,43525685,0,4,1,512,33,1804514042
928,43622022,1042,43623064,0,1,1,1024,38,4352527542
929,43637682,4850,43642532,0,4,1,5120,33,4155890191
930,43669113,65900,43735013,0,6,0,7168,23,575632770
931,43701484,13770,43715254,0,9,1,26624,5,3124540220
932,43770860,180728,43951588,0,6,0,157184,23,3457201252
933,43790638,7230,43797868,0,9,1,7680,5,321878908
934,43805238,1518,43806756,0,2,1,1536,11,5031029829
935,44029793,6754,44036547,0,9,1,7168,5,2817109830
936,44042238,48980,44091218,0,8,0,2048,5,1473860939
937,44065187,3387,44068574,0,2,1,9728,11,9218986967
938,44221971,113516,44335487,0,6,0,72704,23,9055636766
939,44374193,143144,44517337,0,1,0,134656,38,4125057950
940,44479374,3898,44483272,0,2,1,4096,11,5154480216
941,44592243,5454,44597697,0,4,1,13824,33,488452411
942,44618384,5712,44624096,0,9,1,14336,5,3514414920
943,44666537,4374,44670911,0,4,1,4608,33,5611086077
944,44784800,3898,44788698,0,2,1,4096,11,3705097437
945,44857561,4850,44862411,0,4,1,5120,33,5481223612
946,44927824,1994,44929818,0,6,1,2048,23,7432122874
947,44942039,2470,44944509,0,1,1,2560,38,5032408066
948,44963317,1994,44965311,0,4,1,2048,33,9936850640
949,44979285,43904,45023189,0,0,0,512,40,674358332
950,45049177,43904,45093081,0,8,0,512,5,876311734
951,45055478,2470,45057948,0,2,1,2560,11,8761286275
952,45087560,566,45088126,0,2,1,512,11,8458819123
953,45090328,3645,45093973,0,0,1,10240,40,8653400429
954,45115549,5802,45121351,0,9,1,6144,5,7415648432
955,45180486,1518,45182004,0,9,1,1536,5,6396661553
956,45226269,3387,45229656,0,1,1,9728,38,10150848631
957,45246303,13253,45259556,0,1,1,25600,38,2865543656
958,45279230,1518,45280748,0,2,1,1536,11,1996615790
959,45299668,3387,45303055,0,2,1,9728,11,622160861
960,45351933,2470,45354403,0,2,1,2560,11,1676806490
961,45484364,566,45484930,0,0,1,512,40,1943634729
962,45495832,6488,45502320,0,2,1,15872,11,2024308166
963,45528848,5326,45534174,0,9,1,5632,5,6683227241
964,45552166,94244,45646410,0,1,0,24576,38,270556013
965,45556476,5326,45561802,0,1,1,5632,38,8571536716
966,45624555,60824,45685379,0,6,0,5632,23,4993887623
967,45663771,2946,45666717,0,1,1,3072,38,5688258289
968,45670817,83156,45753973,0,1,0,18432,38,10730126436
969,45677674,43904,45721578,0,0,0,512,40,6133255291
970,45725568,43904,45769472,0,8,0,512,5,380610631
971,45737487,3645,45741132,0,0,1,10240,40,7657721810
972,45771409,1994,45773403,0,0,1,2048,40,1210299948
973,45794821,2470,45797291,0,1,1,2560,38,7315052445
974,46019610,87764,46107374,0,6,0,18432,23,7157446979
975,46061535,2946,46064481,0,0,1,3072,40,680546589
976,46067127,131957,46199084,0,6,0,111616,23,5257068610
977,46153356,4850,46158206,0,4,1,5120,33,5747779349
978,46158742,1518,46160260,0,1,1,1536,38,2203788842
979,46183411,1042,46184453,0,2,1,1024,11,6180884237
980,46217248,100568,46317816,0,6,0,30208,23,5877558648
981,46257994,6754,46264748,0,1,1,7168,38,2408729992
982,46386540,1518,46388058,0,2,1,1536,11,5048220015
983,46404039,100880,46504919,0,1,0,31232,38,637229079
984,46579259,88388,46667647,0,6,0,20480,23,294096870
985,46579683,47288,46626971,0,8,0,1536,5,8114742706
986,46591482,50672,46642154,0,6,0,2560,23,5706408400
987,46685557,2470,46688027,0,0,1,2560,40,2017469244
988,46756779,43904,46800683,0,8,0,512,5,4449078418
989,46790343,1518,46791861,0,2,1,1536,11,7508962638
990,46809802,3387,46813189,0,1,1,9728,38,1532468547
991,46863708,106184,46969892,0,6,0,48640,23,9673581495
992,46890958,3422,46894380,0,2,1,3584,11,963372134
993,46908211,7230,46915441,0,1,1,7680,38,933036488
994,46947411,2470,46949881,0,2,1,2560,11,7725190681
995,46953543,5802,46959345,0,2,1,6144,11,1253156327
996,47112317,45596,47157913,0,0,0,1024,40,7056797318
997,47217684,1994,47219678,0,2,1,2048,11,3009796817
998,47221820,71061,47292881,0,0,0,2560,40,2955887915
999,47241994,566,47242560,0,9,1,512,5,6135173732
1000,47242209,43904,47286113,0,0,0,512,40,6171899792
1001,47329558,4374,47333932,0,9,1,4608,5,222851659
1002,47537856,3904,47541760,0,9,1,10752,5,3246865192
1003,47785120,99476,47884596,0,6,0,26624,23,5388990493
1004,47833726,43904,47877630,0,0,0,512,40,4644078821
1005,47837571,45596,47883167,0,0,0,1024,40,5785616389
1006,47849888,45596,47895484,0,0,0,1024,40,2059251622
1007,47855361,6754,47862115,0,0,1,7168,40,6798351038
1008,47865969,3422,47869391,0,0,1,3584,40,4521315265
1009,48073897,48980,48122877,0,8,0,2048,5,8790838257
1010,48167395,5802,48173197,0,0,1,6144,40,472111031
1011,48224498,10499,48234997,0,2,1,16896,11,1685683055
1012,48289021,566,48289587,0,1,1,512,38,4586170131
1013,48316643,4850,48321493,0,1,1,5120,38,8150177103
1014,48320010,45752,48365762,0,0,0,1536,40,3285020830
1015,48320401,66895,48387296,0,0,0,512,40,2749445284
1016,48340761,2470,48343231,0,9,1,2560,5,8825125469
1017,48353179,566,48353745,0,2,1,512,11,286606756
1018,48362821,60536,48423357,0,1,0,9728,38,473555830
1019,48371101,11533,48382634,0,1,1,18944,38,8071360155
1020,48442270,43904,48486174,0,8,0,512,5,7954115210
1021,48450805,74072,48524877,0,1,0,13824,38,7737549908
1022,48485159,4850,48490009,0,2,1,5120,11,1741204689
1023,48504582,3898,48508480,0,2,1,4096,11,10057051132
1024,48543626,4374,48548000,0,0,1,4608,40,9517078932
1025,48572612,97448,48670060,0,1,0,19968,38,7572764694
1026,48599131,43904,48643035,0,8,0,512,5,8202807890
1027,48840193,43904,48884097,0,0,0,512,40,6353143873
1028,48956719,13600,48970319,0,0,1,23040,40,1277879063
1029,49038811,79436,49118247,0,8,0,11264,5,5632429886
1030,49046631,96668,49143299,0,6,0,17408,23,3976545567
1031,49107371,4374,49111745,0,9,1,4608,5,4155290768
1032,49122039,3904,49125943,0,0,1,10752,40,6344578947
1033,49187659,123968,49311627,0,6,0,107008,23,5307570554
1034,49228510,43904,49272414,0,0,0,512,40,5751494015
1035,49282286,111488,49393774,0,1,0,66048,38,2885524752
1036,49417074,55748,49472822,0,6,0,4096,23,8733693820
1037,49430474,74360,49504834,0,0,0,9728,40,733862884
1038,49658934,2470,49661404,0,0,1,2560,40,10140485821
1039,49682425,109772,49792197,0,6,0,60416,23,891207624
1040,49683308,22174,49705482,0,0,1,36352,40,3899469223
1041,49761519,566,49762085,0,9,1,512,5,7363132699
1042,49796955,173756,49970711,0,6,0,144384,23,8015501371
1043,49907624,100568,50008192,0,1,0,30208,38,7354023108
1044,49933818,138077,50071895,0,6,0,32256,23,2069768700
1045,49936198,72824,50009022,0,0,0,9728,40,5710346700
1046,50037643,188564,50226207,0,1,0,157696,38,9542741965
1047,50069242,103844,50173086,0,0,0,40960,40,5027167251
1048,50114264,83156,50197420,0,8,0,18432,5,4913887985
1049,50356985,5326,50362311,0,0,1,5632,40,7804677879
1050,50362422,107120,50469542,0,8,0,51712,5,3988594118
1051,50437713,113204,50550917,0,1,0,71680,38,1853318062
1052,50555348,105872,50661220,0,1,0,47616,38,9116132407
1053,50794998,104468,50899466,0,1,0,43008,38,1015803638
1054,50825076,3422,50828498,0,0,1,3584,40,5709528375
1055,50828473,7706,50836179,0,9,1,8192,5,10699367955
1056,50930631,1994,50932625,0,0,1,2048,40,2957174583
1057,50957659,6488,50964147,0,0,1,15872,40,2421252123
1058,51023550,4162,51027712,0,1,1,11264,38,6523972351
1059,51029059,5326,51034385,0,0,1,5632,40,79385578
1060,51043063,226137,51269200,0,0,0,97792,40,5605596632
1061,51137337,1518,51138855,0,9,1,1536,5,6371455884
1062,51213526,2470,51215996,0,9,1,2560,5,3340252601
1063,51223806,119444,51343250,0,1,0,92160,38,9725362402
1064,51311238,2946,51314184,0,0,1,3072,40,2859406911
1065,51396617,5326,51401943,0,0,1,5632,40,6807618372
1066,51572282,1518,51573800,0,0,1,1536,40,1972166995
1067,51587068,79748,51666816,0,0,0,12288,40,3785046173
1068,51652559,2946,51655505,0,0,1,3072,40,4112851124
1069,51799739,566,51800305,0,9,1,512,5,6952364522
1070,51888382,6754,51895136,0,5,1,7168,7,7859489674
1071,52040789,11533,52052322,0,0,1,18944,40,9454332113
1072,52059067,5326,52064393,0,0,1,5632,40,7113719700
1073,52079958,566,52080524,0,0,1,512,40,6274180789
1074,52190564,48980,52239544,0,0,0,2048,40,7056063661
1075,52234391,79436,52313827,0,8,0,11264,5,6421818558
1076,52355753,61916,52417669,0,1,0,9216,38,1065479321
1077,52543015,189656,52732671,0,8,0,161280,5,8577203760
1078,52553377,3904,52557281,0,0,1,10752,40,7234047635
1079,52584143,86204,52670347,0,0,0,13312,40,798658817
1080,52612314,1042,52613356,0,0,1,1024,40,2163825739
1081,52672647,5712,52678359,0,6,1,14336,23,3355597979
1082,52742062,1994,52744056,0,2,1,2048,11,2083570958
1083,52746106,64208,52810314,0,8,0,6656,5,1706308514
1084,52774560,11016,52785576,0,9,1,17920,5,1246794480
1085,52949091,2870,52951961,0,5,1,8704,7,460975220
1086,52988326,102596,53090922,0,8,0,36864,5,12363244
1087,53087065,1042,53088107,0,5,1,1024,7,3502930418
1088,53129681,100880,53230561,0,1,0,31232,38,5871186252
1089,53186385,74360,53260745,0,0,0,9728,40,6884780160
1090,53189380,2946,53192326,0,9,1,3072,5,3713755224
1091,53204834,78680,53283514,0,1,0,13824,38,8170725895
1092,53530929,566,53531495,0,4,1,512,33,1058796471
1093,53549034,2946,53551980,0,9,1,3072,5,1646414840
1094,53672472,1994,53674466,0,7,1,2048,22,354283391
1095,53675227,3898,53679125,0,7,1,4096,22,6293366801
1096,53694384,96980,53791364,0,1,0,18432,38,1763590494
1097,53701060,2946,53704006,0,5,1,3072,7,8656763649
1098,53715075,4162,53719237,0,7,1,11264,22,4640018022
1099,53718627,13600,53732227,0,5,1,23040,7,3002755829
1100,53727650,3898,53731548,0,0,1,4096,40,9556474706
1101,53853082,105248,53958330,0,8,0,45568,5,8662168850
1102,53858680,3387,53862067,0,0,1,9728,40,3634117699
1103,53914789,58688,53973477,0,8,0,8704,5,8201903316
1104,53940827,1042,53941869,0,9,1,1024,5,951585853
1105,53964238,92709,54056947,0,0,0,512,40,1713041017
1106,53971560,116324,54087884,0,1,0,81920,38,5373262140
1107,54014317,77612,54091929,0,8,0,15360,5,2285022027
1108,54023475,3898,54027373,0,6,1,4096,23,10527292822
1109,54217150,6488,54223638,0,0,1,15872,40,9906345168
1110,54235088,111488,54346576,0,8,0,66048,5,1644149396
1111,54275220,13341,54288561,0,9,1,22528,5,1563993739
1112,54279012,11815,54290827,0,9,1,3584,5,6408234175
1113,54327006,124186,54451192,0,8,0,43520,5,5190125418
1114,54356675,3898,54360573,0,9,1,4096,5,3324308281
1115,54383420,103532,54486952,0,1,0,39936,38,9729333002
1116,54390926,4162,54395088,0,6,1,11264,23,1916411417
1117,54406951,13341,54420292,0,5,1,22528,7,3268414247
1118,54498902,1994,54500896,0,0,1,2048,40,10560480028
1119,54585799,566,54586365,0,5,1,512,7,802794546
1120,54601809,50672,54652481,0,8,0,2560,5,10280925940
1121,54615707,1994,54617701,0,7,1,2048,22,7824928637
1122,54667139,2470,54669609,0,5,1,2560,7,10690904846
1123,54674061,3898,54677959,0,5,1,4096,7,2989865364
1124,54734621,3128,54737749,0,9,1,9216,5,10346395441
1125,54747744,2946,54750690,0,0,1,3072,40,356029302
1126,54757824,2470,54760294,0,5,1,2560,7,6763468779
1127,54773222,6278,54779500,0,7,1,6656,22,6461904993
1128,54799196,5326,54804522,0,5,1,5632,7,658875055
1129,54813907,3422,54817329,0,9,1,3584,5,3242148321
1130,55029075,1994,55031069,0,9,1,2048,5,10158671238
1131,55063136,6754,55069890,0,9,1,7168,5,5272911786
1132,55160276,566,55160842,0,6,1,512,23,259195439
1133,55220327,43904,55264231,0,0,0,512,40,651825765
1134,55286498,3898,55290396,0,0,1,4096,40,1159543767
1135,55290141,2470,55292611,0,0,1,2560,40,3183416204
1136,55332555,1042,55333597,0,9,1,1024,5,4817668586
1137,55438754,3387,55442141,0,9,1,9728,5,3170549452
1138,55488211,78704,55566915,0,1,0,18944,38,381419087
1139,55538577,5802,55544379,0,9,1,6144,5,711045714
1140,55576620,43904,55620524,0,0,0,512,40,4362361816
1141,55619510,2470,55621980,0,5,1,2560,7,7953122297
1142,55632066,5326,55637392,0,9,1,5632,5,9958716129
1143,55645702,43904,55689606,0,0,0,512,40,7743147771
1144,55698861,3422,55702283,0,5,1,3584,7,4265963012
1145,55749399,67148,55816547,0,1,0,11264,38,7122785173
1146,55759707,1518,55761225,0,0,1,1536,40,3647179701
1147,55773247,6278,55779525,0,5,1,6656,7,5188695171
1148,55979497,2470,55981967,0,0,1,2560,40,3998254542
1149,55984771,566,55985337,0,5,1,512,7,696440210
1150,56024416,5196,56029612,0,5,1,13312,7,9708717434
1151,56029697,125060,56154757,0,8,0,110592,5,229147723
1152,56145957,4850,56150807,0,0,1,5120,40,2942345988
1153,56252198,4850,56257048,0,3,1,5120,37,6170304821
1154,56405570,4374,56409944,0,0,1,4608,40,9308432461
1155,56475816,1994,56477810,0,0,1,2048,40,5404810985
1156,56478656,3422,56482078,0,5,1,3584,7,2549492221
1157,56551957,566,56552523,0,0,1,512,40,5260744576
1158,56558234,1994,56560228,0,0,1,2048,40,6695859303
1159,56585713,566,56586279,0,9,1,512,5,7701630637
1160,56647700,5802,56653502,0,7,1,6144,22,6922174692
1161,56712707,1042,56713749,0,9,1,1024,5,4689485756
1162,56720629,45596,56766225,0,1,0,1024,38,5148323035
1163,56738135,1042,56739177,0,5,1,1024,7,331406848
1164,56756110,190280,56946390,0,1,0,163328,38,2538465402
1165,56802958,4374,56807332,0,5,1,4608,7,8057325338
1166,56944722,128124,57072846,0,1,0,115200,38,2166342748
1167,56962271,99164,57061435,0,8,0,25600,5,785578096
1168,57098553,4850,57103403,0,5,1,5120,7,3117375875
1169,57116058,103532,57219590,0,4,0,39936,33,5014993035
1170,57222264,43904,57266168,0,0,0,512,40,3860739211
1171,57268939,5196,57274135,0,5,1,13312,7,4884885256
1172,57311848,117104,57428952,0,8,0,84480,5,10374252253
1173,57404053,1518,57405571,0,9,1,1536,5,1995930311
1174,57539660,45596,57585256,0,0,0,1024,40,9302121136
1175,57577868,81308,57659176,0,1,0,17408,38,10205323589
1176,57613225,7230,57620455,0,6,1,7680,23,526123650
1177,57704390,70976,57775366,0,1,0,8704,38,9417271558
1178,57708285,123979,57832264,0,1,0,48128,38,2205299314
1179,57756280,6488,57762768,0,5,1,15872,7,2875643392
1180,57836804,4850,57841654,0,9,1,5120,5,3115742308
1181,57887341,566,57887907,0,5,1,512,7,7896286625
1182,57943611,2470,57946081,0,9,1,2560,5,9379014197
1183,57983064,94532,58077596,0,1,0,20480,38,6096815519
1184,58019406,43904,58063310,0,0,0,512,40,4679279540
1185,58269464,7230,58276694,0,8,1,7680,5,2884930214
1186,58489257,47288,58536545,0,0,0,1536,40,1291056717
1187,58573125,109460,58682585,0,1,0,59392,38,3853783309
1188,58635877,78680,58714557,0,8,0,13824,5,1586367130
1189,58822020,43904,58865924,0,1,0,512,38,7283619854
1190,58860825,3898,58864723,0,2,1,4096,11,10633892905
1191,59007038,65144,59072182,0,1,0,9728,38,6560451376
1192,59017765,5326,59023091,0,8,1,5632,5,9145929692
1193,59028644,1042,59029686,0,2,1,1024,11,8427321365
1194,59337175,1042,59338217,0,2,1,1024,11,8916220149
1195,59361476,3898,59365374,0,2,1,4096,11,9253814460
1196,59486471,1042,59487513,0,8,1,1024,5,65457864
1197,59621200,103376,59724576,0,8,0,39424,5,4498869774
1198,59638139,54056,59692195,0,0,0,3584,40,9116474526
1199,59658438,45596,59704034,0,0,0,1024,40,7392603947
1200,59779684,7230,59786914,0,2,1,7680,11,7156706473
1201,59856057,1042,59857099,0,8,1,1024,5,6770161421
1202,60130659,101369,60232028,0,8,0,22016,5,9022756883
1203,60140493,2870,60143363,0,8,1,8704,5,7825154102
1204,60299964,100880,60400844,0,1,0,31232,38,3520041421
1205,60426735,3898,60430633,0,1,1,4096,38,2998438202
1206,60551620,52364,60603984,0,8,0,3072,5,7339388310
1207,60676109,101972,60778081,0,8,0,34816,5,2769221996
1208,60725156,566,60725722,0,8,1,512,5,7833208010
1209,60727814,97295,60825109,0,8,0,16384,5,9802031516
1210,60857445,2470,60859915,0,7,1,2560,22,9599846706
1211,61015885,117572,61133457,0,1,0,86016,38,8577894070
1212,61110670,1042,61111712,0,9,1,1024,5,9838823706
1213,61229318,107744,61337062,0,8,0,53760,5,7384084623
1214,61234819,104312,61339131,0,1,0,42496,38,2852433150
1215,61451549,3422,61454971,0,9,1,3584,5,9802327988
1216,61640309,102596,61742905,0,1,0,36864,38,9564112977
1217,61661001,2946,61663947,0,9,1,3072,5,7756548622
1218,61902484,48980,61951464,0,1,0,2048,38,5573200673
1219,62198668,4374,62203042,0,9,1,4608,5,5476381878
1220,62280197,48980,62329177,0,0,0,2048,40,159633390
1221,62373888,111800,62485688,0,8,0,67072,5,10386110763
1222,62563273,1994,62565267,0,9,1,2048,5,7212078628
1223,62657037,53300,62710337,0,8,0,6144,5,1780895258
1224,62683383,3645,62687028,0,9,1,10240,5,9863126413
1225,62897211,2470,62899681,0,9,1,2560,5,8680500082
1226,63078125,7230,63085355,0,9,1,7680,5,4754641287
1227,63162290,101036,63263326,0,1,0,31744,38,9850639470
1228,63290600,1518,63292118,0,9,1,1536,5,6019797380
1229,63328291,79436,63407727,0,1,0,11264,38,2041538822
1230,63385263,104780,63490043,0,1,0,44032,38,9739655488
1231,63415566,3422,63418988,0,9,1,3584,5,8838052633
1232,63423016,52364,63475380,0,8,0,3072,5,10089684945
1233,63507736,43904,63551640,0,0,0,512,40,5221718159
1234,63553777,43904,63597681,0,0,0,512,40,1031372869
1235,63614573,566,63615139,0,8,1,512,5,4218438440
1236,63640468,2470,63642938,0,9,1,2560,5,1050055802
1237,63703713,68996,63772709,0,1,0,12288,38,3610535286
1238,63716005,7706,63723711,0,9,1,8192,5,3762696230
1239,63842702,47288,63889990,0,0,0,1536,40,5630503886
1240,63987320,78524,64065844,0,8,0,13312,5,3032899098
1241,64025172,43904,64069076,0,0,0,512,40,369209658
1242,64058832,102596,64161428,0,8,0,36864,5,7427250952
1243,64087490,6754,64094244,0,9,1,7168,5,5930621689
1244,64219980,3898,64223878,0,4,1,4096,33,5016429217
1245,64281707,6278,64287985,0,9,1,6656,5,3002302042
1246,64300797,2946,64303743,0,4,1,3072,33,9453946057
1247,64303406,119756,64423162,0,1,0,93184,38,1650387056
1248,64456721,10241,64466962,0,4,1,16384,33,4423369159
1249,64549272,6754,64556026,0,4,1,7168,33,1678417790
1250,64692713,2946,64695659,0,8,1,3072,5,738737475
1251,64797134,6278,64803412,0,4,1,6656,33,10338157033
1252,64800061,566,64800627,0,7,1,512,22,6466849776
1253,64881333,566,64881899,0,7,1,512,22,7290185650
1254,64942859,566,64943425,0,8,1,512,5,2072363913
1255,65010388,566,65010954,0,8,1,512,5,7542403548
1256,65188465,1518,65189983,0,4,1,1536,33,1956746723
1257,65189141,109928,65299069,0,1,0,60928,38,6868420528
1258,65251576,7706,65259282,0,4,1,8192,33,1867646137
1259,65272041,4679,65276720,0,8,1,12288,5,3032473857
1260,65348762,43904,65392666,0,0,0,512,40,5742452482
1261,65381585,109304,65490889,0,1,0,58880,38,4487093483
1262,65503227,2870,65506097,0,5,1,8704,7,10531669459
1263,65613078,3422,65616500,0,8,1,3584,5,10533076514
1264,65626178,55748,65681926,0,0,0,4096,40,540443475
1265,65718053,5802,65723855,0,4,1,6144,33,3732676929
1266,65816999,45596,65862595,0,0,0,1024,40,3843114920
1267,66043983,43904,66087887,0,8,0,512,5,3017617642
1268,66169773,68372,66238145,0,1,0,10240,38,2518436400
1269,66204785,1994,66206779,0,7,1,2048,22,6013293344
1270,66307480,3898,66311378,0,1,1,4096,38,6876269068
1271,66493942,45596,66539538,0,0,0,1024,40,6570464330
1272,66574908,2470,66577378,0,1,1,2560,38,7681516386
1273,66597362,566,66597928,0,7,1,512,22,273925150
1274,66648569,99320,66747889,0,1,0,26112,38,2302403405
1275,66672008,5802,66677810,0,1,1,6144,38,9130333251
1276,66708527,3898,66712425,0,7,1,4096,22,4080929074
1277,66947652,1518,66949170,0,7,1,1536,22,7318796257
1278,66966849,1042,66967891,0,4,1,1024,33,2509336415
1279,67050822,5326,67056148,0,1,1,5632,38,8568614845
1280,67154538,4374,67158912,0,1,1,4608,38,5031746406
1281,67218958,106964,67325922,0,1,0,51200,38,3184473743
1282,67356326,1518,67357844,0,7,1,1536,22,7493491880
1283,67448326,1042,67449368,0,7,1,1024,22,3198603420
1284,67517207,1518,67518725,0,4,1,1536,33,4390453462
1285,67520767,1994,67522761,0,9,1,2048,5,5762396205
1286,67520821,43904,67564725,0,1,0,512,38,3521122329
1287,67549588,2870,67552458,0,9,1,8704,5,481730257
1288,67685693,12737,67698430,0,4,1,24576,33,1245497176
1289,67798404,45596,67844000,0,1,0,1024,38,4771669825
1290,67828070,6754,67834824,0,4,1,7168,33,67317135
1291,67897335,47288,67944623,0,0,0,1536,40,6038514595
1292,67906253,43904,67950157,0,1,0,512,38,6168382370
1293,67967448,43904,68011352,0,1,0,512,38,9727688590
1294,67995021,3898,67998919,0,4,1,4096,33,5733971926
1295,68051689,1994,68053683,0,7,1,2048,22,9237518423
1296,68093289,4850,68098139,0,9,1,5120,5,291846945
1297,68225801,1042,68226843,0,7,1,1024,22,8048689929
1298,68263367,4374,68267741,0,1,1,4608,38,1562394936
1299,68272082,566,68272648,0,7,1,512,22,290963962
1300,68340691,4937,68345628,0,7,1,12800,22,3111884421
1301,68411749,1994,68413743,0,7,1,2048,22,1530690128
1302,68433521,566,68434087,0,7,1,512,22,8253711990
1303,68449107,3904,68453011,0,4,1,10752,33,9145236906
1304,68492055,100880,68592935,0,8,0,31232,5,9735068498
1305,68524232,4850,68529082,0,9,1,5120,5,3948484597
1306,68528434,5326,68533760,0,1,1,5632,38,9460577072
1307,68566436,5326,68571762,0,1,1,5632,38,7370623334
1308,68681938,43904,68725842,0,1,0,512,38,2920931923
1309,68704799,3128,68707927,0,8,1,9216,5,3495490691
1310,68762777,3898,68766675,0,1,1,4096,38,7273505992
1311,68809443,43904,68853347,0,1,0,512,38,1506634016
1312,68891652,4850,68896502,0,8,1,5120,5,6431005821
1313,68980583,1042,68981625,0,9,1,1024,5,3291947867
1314,68992663,2870,68995533,0,1,1,8704,38,6516979521
1315,69007089,4850,69011939,0,9,1,5120,5,8283452232
1316,69092687,7230,69099917,0,9,1,7680,5,3643514836
1317,69119478,2946,69122424,0,8,1,3072,5,6151924355
1318,69166183,2946,69169129,0,8,1,3072,5,5778327455
1319,69226702,1994,69228696,0,1,1,2048,38,719443209
1320,69332288,77768,69410056,0,8,0,15872,5,1246536076
1321,69461417,566,69461983,0,4,1,512,33,8847664677
1322,69484812,3387,69488199,0,4,1,9728,33,4198935354
1323,69527554,45596,69573150,0,8,0,1024,5,5163276652
1324,69629558,3387,69632945,0,1,1,9728,38,2395456399
1325,69695496,2946,69698442,0,8,1,3072,5,6002469398
1326,69713162,2870,69716032,0,8,1,8704,5,8605698123
1327,69769887,1042,69770929,0,9,1,1024,5,453449605
1328,69785084,1042,69786126,0,8,1,1024,5,5256958987
1329,69992837,43904,70036741,0,1,0,512,38,8853038984
1330,70081969,3422,70085391,0,4,1,3584,33,10582121810
1331,70107473,566,70108039,0,1,1,512,38,6347532877
1332,70154450,43904,70198354,0,0,0,512,40,6051877771
1333,70178778,43904,70222682,0,1,0,512,38,8387274499
1334,70188096,43904,70232000,0,1,0,512,38,2938153339
1335,70235568,45596,70281164,0,0,0,1024,40,8894320633
1336,70363123,97448,70460571,0,8,0,19968,5,8393315669
1337,70470428,45596,70516024,0,1,0,1024,38,8536876128
1338,70672227,4850,70677077,0,9,1,5120,5,1238749229
1339,70706928,97160,70804088,0,8,0,24064,5,1744633744
1340,71003150,108524,71111674,0,8,0,56320,5,9066955386
1341,71153772,43904,71197676,0,1,0,512,38,9473052025
1342,71575869,4850,71580719,0,5,1,5120,7,4476868737
1343,71620216,2470,71622686,0,1,1,2560,38,250110462
1344,71641625,43904,71685529,0,0,0,512,40,7451393802
1345,71672762,1518,71674280,0,5,1,1536,7,9923974509
1346,71851708,43904,71895612,0,1,0,512,38,5053302098
1347,71869346,2470,71871816,0,5,1,2560,7,5005219051
1348,71952592,566,71953158,0,8,1,512,5,3655468505
1349,71954312,2470,71956782,0,4,1,2560,33,1957723989
1350,72045835,6754,72052589,0,5,1,7168,7,7769065273
1351,72116831,1994,72118825,0,5,1,2048,7,7986001739
1352,72242042,3904,72245946,0,4,1,10752,33,7538263306
1353,72313544,2870,72316414,0,4,1,8704,33,7324420973
1354,72319314,3128,72322442,0,5,1,9216,7,2910336588
1355,72319649,1518,72321167,0,4,1,1536,33,10233149270
1356,72398373,1518,72399891,0,8,1,1536,5,10115323476
1357,72460062,1042,72461104,0,1,1,1024,38,9383289868
1358,72515517,74360,72589877,0,8,0,9728,5,7036928291
1359,72539639,2946,72542585,0,4,1,3072,33,5014722928
1360,72701493,45596,72747089,0,1,0,1024,38,8410316945
1361,72730231,14029,72744260,0,1,1,27136,38,7149319036
1362,72759487,2946,72762433,0,1,1,3072,38,566220813
1363,72760440,54056,72814496,0,8,0,3584,5,10331038036
1364,72827485,5802,72833287,0,1,1,6144,38,879533428
1365,72834429,566,72834995,0,4,1,512,33,3006493871
1366,72877465,7706,72885171,0,4,1,8192,33,3469212183
1367,72901280,1518,72902798,0,1,1,1536,38,6777480381
1368,72932434,1518,72933952,0,5,1,1536,7,9886603395
1369,73017326,1994,73019320,0,1,1,2048,38,7368264351
1370,73076139,1994,73078133,0,4,1,2048,33,1137500792
1371,73142862,7706,73150568,0,1,1,8192,38,4438915686
1372,73157065,6754,73163819,0,8,1,7168,5,608330589
1373,73197312,45596,73242908,0,0,0,1024,40,2757882745
1374,73442978,5326,73448304,0,5,1,5632,7,4734335699
1375,73650626,109148,73759774,0,8,0,58368,5,3883859404
1376,73868645,43904,73912549,0,1,0,512,38,7880121771
1377,73889721,2470,73892191,0,1,1,2560,38,6955864643
1378,73998555,3898,74002453,0,0,1,4096,40,2889540281
1379,74005392,45596,74050988,0,0,0,1024,40,448745587
1380,74033367,3898,74037265,0,8,1,4096,5,6711067523
1381,74075923,1994,74077917,0,8,1,2048,5,8659278200
1382,74097644,45596,74143240,0,0,0,1024,40,3443144851
1383,74209814,104468,74314282,0,8,0,43008,5,6377818231
1384,74338653,43904,74382557,0,1,0,512,38,5861352979
1385,74352663,43904,74396567,0,0,0,512,40,1639054497
1386,74355898,1994,74357892,0,4,1,2048,33,7035492374
1387,74388101,1042,74389143,0,8,1,1024,5,6309381726
1388,74559168,189968,74749136,0,8,0,162304,5,7996836235
1389,74627242,3904,74631146,0,4,1,10752,33,7936185938
1390,74710022,5802,74715824,0,4,1,6144,33,8716974378
1391,74753731,6754,74760485,0,8,1,7168,5,5793402152
1392,74776245,4162,74780407,0,2,1,11264,11,1320031860
1393,74983846,103688,75087534,0,8,0,40448,5,7404688885
1394,75078809,43904,75122713,0,1,0,512,38,136767287
1395,75097974,1042,75099016,0,8,1,1024,5,4693004588
1396,75108503,45596,75154099,0,0,0,1024,40,7821792487
1397,75190426,2946,75193372,0,4,1,3072,33,3797874691
1398,75203630,1042,75204672,0,1,1,1024,38,9932872764
1399,75214525,7230,75221755,0,8,1,7680,5,5390863702
1400,75262709,47288,75309997,0,0,0,1536,40,2565230823
1401,75435844,1518,75437362,0,4,1,1536,33,5519874744
1402,75570138,1994,75572132,0,8,1,2048,5,2896530396
1403,75707096,114764,75821860,0,8,0,76800,5,3852440767
1404,75804360,19010,75823370,0,8,1,1536,5,8215108613
1405,76066435,1518,76067953,0,1,1,1536,38,3375267022
1406,76290606,5712,76296318,0,1,1,14336,38,3003133350
1407,76451780,125996,76577776,0,8,0,113664,5,1181397820
1408,76696593,4420,76701013,0,8,1,11776,5,5936915801
1409,76882969,54056,76937025,0,0,0,3584,40,3607435986
1410,76963625,5326,76968951,0,8,1,5632,5,921789897
1411,77104002,4374,77108376,0,8,1,4608,5,815955790
1412,77126999,106652,77233651,0,8,0,50176,5,3036073343
1413,77274117,43904,77318021,0,1,0,512,38,3442951466
1414,77401850,566,77402416,0,8,1,512,5,7844252775
1415,77711614,7706,77719320,0,9,1,8192,5,4911616989
1416,77785405,13770,77799175,0,0,1,26624,40,4697287032
1417,77858077,62516,77920593,0,8,0,6144,5,6687969858
1418,77879498,45596,77925094,0,1,0,1024,38,511356248
1419,78139393,88832,78228225,0,8,0,16896,5,6435615767
1420,78188074,101972,78290046,0,8,0,34816,5,10082737364
1421,78349489,47288,78396777,0,1,0,1536,38,9184823541
1422,78411906,43904,78455810,0,1,0,512,38,5116185803
1423,78531156,43904,78575060,0,1,0,512,38,4927624588
1424,78639918,67592,78707510,0,8,0,7680,5,2236849897
1425,78680099,1518,78681617,0,8,1,1536,5,5363356168
1426,78723483,45596,78769079,0,1,0,1024,38,2495875734
1427,78733486,6229,78739715,0,4,1,15360,33,904864168
1428,78792653,1042,78793695,0,4,1,1024,33,7791462527
1429,78822239,111176,78933415,0,8,0,65024,5,7057792104
1430,78893961,566,78894527,0,8,1,512,5,5685142818
1431,78916403,19874,78936277,0,8,1,8704,5,10525383021
1432,79128476,43904,79172380,0,1,0,512,38,6166894125
1433,79165044,57440,79222484,0,8,0,4608,5,1321980231
1434,79322649,2470,79325119,0,7,1,2560,22,5060651571
1435,79339482,131300,79470782,0,8,0,131072,5,6227629596
1436,79466966,48980,79515946,0,1,0,2048,38,2310081572
1437,79761368,54524,79815892,0,8,0,5120,5,2648049436
1438,79762395,84427,79846822,0,8,0,9728,5,2104884051
1439,79809502,4850,79814352,0,4,1,5120,33,6293827190
1440,79925888,2946,79928834,0,4,1,3072,33,7010083031
1441,80272591,47288,80319879,0,1,0,1536,38,4898118602
1442,80508797,99164,80607961,0,8,0,25600,5,7045382512
1443,80607467,4860,80612327,0,8,1,4608,5,6866106077
1444,80844380,43904,80888284,0,1,0,512,38,7088348974
1445,80856203,43904,80900107,0,0,0,512,40,340966060
1446,80865618,102596,80968214,0,8,0,36864,5,10279884390
1447,80909839,11791,80921630,0,8,1,19456,5,3325214117
1448,81012268,2470,81014738,0,8,1,2560,5,9430438693
1449,81132350,90680,81223030,0,8,0,17920,5,9833036533
1450,81223051,5326,81228377,0,8,1,5632,5,1161643238
1451,81245531,45596,81291127,0,8,0,1024,5,5687140795
1452,81297622,7230,81304852,0,8,1,7680,5,5331176164
1453,81479680,105560,81585240,0,8,0,46592,5,8902424295
1454,81675495,107900,81783395,0,8,0,54272,5,6921940882
1455,81701578,1994,81703572,0,8,1,2048,5,6086064420
1456,81783797,45596,81829393,0,0,0,1024,40,7778526059
1457,81956846,91304,82048150,0,4,0,19968,33,8176175296
1458,81964434,7706,81972140,0,2,1,8192,11,1094668094
1459,82042441,51140,82093581,0,0,0,4096,40,3436893082
1460,82065137,43904,82109041,0,0,0,512,40,4871091427
1461,82146266,2470,82148736,0,8,1,2560,5,6817441247
1462,82164332,3128,82167460,0,8,1,9216,5,6435175634
1463,82305114,43904,82349018,0,1,0,512,38,95057797
1464,82370074,115388,82485462,0,8,0,78848,5,4077669543
1465,82517472,7706,82525178,0,8,1,8192,5,7678108479
1466,82679867,2946,82682813,0,8,1,3072,5,6464438567
1467,82744596,4679,82749275,0,6,1,12288,23,2256601074
1468,82771802,1518,82773320,0,6,1,1536,23,1255145965
1469,82785535,4850,82790385,0,6,1,5120,23,4586202217
1470,82798482,6278,82804760,0,8,1,6656,5,3602295459
1471,82941374,3422,82944796,0,8,1,3584,5,1662348306
1472,83008421,43904,83052325,0,1,0,512,38,9216026329
1473,83121796,1994,83123790,0,8,1,2048,5,9971151090
1474,83168295,6754,83175049,0,8,1,7168,5,7814848595
1475,83254631,43904,83298535,0,1,0,512,38,4279913467
1476,83328087,45596,83373683,0,0,0,1024,40,9166483296
1477,83563440,47288,83610728,0,1,0,1536,38,9513259449
1478,83563755,43904,83607659,0,8,0,512,5,6113133963
1479,83643920,566,83644486,0,8,1,512,5,9849098226
1480,83778730,45596,83824326,0,8,0,1024,5,2808586875
1481,83806985,3422,83810407,0,8,1,3584,5,4015255181
1482,83897697,113360,84011057,0,8,0,72192,5,7595356218
1483,83964153,566,83964719,0,8,1,512,5,9899100310
1484,84037732,103220,84140952,0,8,0,38912,5,8869877000
1485,84072568,50672,84123240,0,1,0,2560,38,1345074049
1486,84093733,43904,84137637,0,1,0,512,38,4929060581
1487,84224540,6278,84230818,0,6,1,6656,23,1020133866
1488,84258132,45596,84303728,0,0,0,1024,40,4780034860
1489,84368805,96092,84464897,0,8,0,25600,5,6207484841
1490,84404328,5802,84410130,0,6,1,6144,23,9369530708
1491,84518664,12049,84530713,0,8,1,19968,5,3398749784
1492,84591783,2470,84594253,0,6,1,2560,23,8789953133
1493,84602797,1518,84604315,0,8,1,1536,5,2803550848
1494,84705289,1042,84706331,0,6,1,1024,23,9307290731
1495,84706000,5326,84711326,0,8,1,5632,5,2332164238
1496,84759697,89588,84849285,0,8,0,14336,5,8019319613
1497,84902965,43904,84946869,0,1,0,512,38,5064238034
1498,85029085,1042,85030127,0,8,1,1024,5,8379554378
1499,85097750,45596,85143346,0,1,0,1024,38,3500313586
1500,85128635,43904,85172539,0,1,0,512,38,1941201193
1501,85240822,2470,85243292,0,8,1,2560,5,1770587710
1502,85456253,43904,85500157,0,0,0,512,40,4573693038
1503,85584264,43904,85628168,0,0,0,512,40,9369115861
1504,85698346,44060,85742406,0,8,0,1024,5,2550631038
1505,85743628,45596,85789224,0,1,0,1024,38,9635621120
1506,85764317,43904,85808221,0,0,0,512,40,7736700748
1507,85839100,54056,85893156,0,8,0,3584,5,8045165189
1508,86014869,2946,86017815,0,6,1,3072,23,2824509882
1509,86118521,52364,86170885,0,1,0,3072,38,1652693600
1510,86148592,45596,86194188,0,0,0,1024,40,4964868056
1511,86208916,48980,86257896,0,1,0,2048,38,1601356500
1512,86222478,47288,86269766,0,0,0,1536,40,3449506032
1513,86260473,10757,86271230,0,6,1,17408,23,10165217184
1514,86347487,45596,86393083,0,8,0,1024,5,5165905152
1515,86443231,47756,86490987,0,1,0,3072,38,328071389
1516,86473509,43904,86517413,0,8,0,512,5,3953908871
1517,86612107,566,86612673,0,8,1,512,5,8385258829
1518,86773366,3422,86776788,0,3,1,3584,37,8231139022
1519,86910937,43904,86954841,0,0,0,512,40,4910069123
1520,87242433,43904,87286337,0,0,0,512,40,6196776364
1521,87282794,566,87283360,0,3,1,512,37,5372167133
1522,87288378,566,87288944,0,6,1,512,23,8325406268
1523,87343557,3128,87346685,0,3,1,9216,37,7305739595
1524,87466086,1042,87467128,0,4,1,1024,33,4664181769
1525,87494567,56528,87551095,0,1,0,6656,38,9296413431
1526,87664611,96536,87761147,0,8,0,22016,5,5682819954
1527,87791577,1518,87793095,0,7,1,1536,22,3545740373
1528,87862502,43904,87906406,0,1,0,512,38,4125680997
1529,88155422,566,88155988,0,8,1,512,5,9150190101
1530,88273127,45596,88318723,0,1,0,1024,38,3614464358
1531,88280744,94376,88375120,0,8,0,19968,5,10651733885
1532,88353918,12566,88366484,0,8,1,20992,5,7243648706
1533,88359327,94056,88453383,0,8,0,25600,5,5112172418
1534,88372006,3898,88375904,0,3,1,4096,37,6395534121
1535,88467588,45752,88513340,0,0,0,1536,40,2699966718
1536,88486330,117884,88604214,0,8,0,87040,5,1483557298
1537,88554757,1518,88556275,0,8,1,1536,5,3954899571
1538,88569462,45596,88615058,0,1,0,1024,38,8344457584
1539,88645411,2470,88647881,0,7,1,2560,22,8156758085
1540,88721631,1518,88723149,0,3,1,1536,37,1144405429
1541,88726634,2470,88729104,0,8,1,2560,5,296702983
1542,88756161,2870,88759031,0,8,1,8704,5,3158004914
1543,89113775,80216,89193991,0,8,0,13824,5,2767795994
1544,89121849,566,89122415,0,3,1,512,37,5248715019
1545,89332857,122876,89455733,0,8,0,103424,5,8628335426
1546,89334130,43904,89378034,0,1,0,512,38,6256409814
1547,89346615,43904,89390519,0,0,0,512,40,5542607754
1548,89353298,3645,89356943,0,8,1,10240,5,8247471334
1549,89393511,47288,89440799,0,1,0,1536,38,5747063090
1550,89393774,43904,89437678,0,1,0,512,38,3784603917
1551,89434023,6488,89440511,0,3,1,15872,37,900179071
1552,89545992,94556,89640548,0,8,0,25600,5,1350143939
1553,89588684,48980,89637664,0,1,0,2048,38,9070494879
1554,89603846,1042,89604888,0,8,1,1024,5,3436369755
1555,89620965,566,89621531,0,3,1,512,37,7161338186
1556,89628058,2870,89630928,0,3,1,8704,37,3476794058
1557,89702028,110708,89812736,0,8,0,63488,5,8867323024
1558,89778525,43904,89822429,0,0,0,512,40,7571781165
1559,90047425,7706,90055131,0,3,1,8192,37,1282935227
1560,90057622,119288,90176910,0,4,0,91648,33,3878415100
1561,90220060,43904,90263964,0,0,0,512,40,3008440833
1562,90280920,1042,90281962,0,3,1,1024,37,4954087424
1563,90299428,566,90299994,0,3,1,512,37,9213738836
1564,90335224,3422,90338646,0,3,1,3584,37,1581793680
1565,90431019,45596,90476615,0,1,0,1024,38,10218750891
1566,90486774,45596,90532370,0,1,0,1024,38,6456801215
1567,90519861,186428,90706289,0,8,0,160768,5,7977524575
1568,90553000,3422,90556422,0,5,1,3584,7,6244353828
1569,90664584,1042,90665626,0,5,1,1024,7,763427931
1570,90708292,45596,90753888,0,1,0,1024,38,68760641
1571,90767371,2470,90769841,0,8,1,2560,5,1262773002
1572,90809310,5454,90814764,0,5,1,13824,7,1202029685
1573,90830789,50672,90881461,0,1,0,2560,38,5775401013
1574,91026820,78212,91105032,0,8,0,12288,5,3186241738
1575,91139934,5802,91145736,0,3,1,6144,37,10654550883
1576,91208465,2870,91211335,0,5,1,8704,7,9501334626
1577,91231886,48980,91280866,0,1,0,2048,38,8706198932
1578,91297160,67592,91364752,0,8,0,7680,5,4230118479
1579,91346442,1518,91347960,0,8,1,1536,5,2051830926
1580,91502503,103844,91606347,0,8,0,40960,5,981924722
1581,91596624,4374,91600998,0,5,1,4608,7,9830489354
1582,91709489,1518,91711007,0,8,1,1536,5,1499081850
1583,91713821,4374,91718195,0,8,1,4608,5,10008100794
1584,91807235,3387,91810622,0,8,1,9728,5,10326048719
1585,91817140,101192,91918332,0,8,0,32256,5,3505180530
1586,92082241,45596,92127837,0,1,0,1024,38,8607211566
1587,92295646,7706,92303352,0,5,1,8192,7,3351057689
1588,92398368,54056,92452424,0,0,0,3584,40,2638091301
1589,92443576,3898,92447474,0,5,1,4096,7,1436249335
1590,92453488,3422,92456910,0,5,1,3584,7,792627321
1591,92477152,47288,92524440,0,1,0,1536,38,750779686
1592,92488925,2946,92491871,0,5,1,3072,7,2441207633
1593,92527548,5326,92532874,0,5,1,5632,7,8731310253
1594,92616808,120068,92736876,0,9,0,94208,5,3785288052
1595,92631454,47288,92678742,0,0,0,1536,40,8752651863
1596,92664289,189812,92854101,0,8,0,161792,5,5561265524
1597,92669540,10241,92679781,0,5,1,16384,7,1405854715
1598,92670319,11088,92681407,0,5,1,2560,7,10255895403
1599,92807406,1518,92808924,0,5,1,1536,7,2840211931
1600,92983649,566,92984215,0,5,1,512,7,1260109856
1601,93241424,108056,93349480,0,8,0,54784,5,4734266949
1602,93400139,2470,93402609,0,5,1,2560,7,2375545975
1603,93486415,12825,93499240,0,5,1,21504,7,6832849331
1604,93720867,7230,93728097,0,5,1,7680,7,4101165143
1605,93744669,47288,93791957,0,1,0,1536,38,6253547278
1606,94207834,45596,94253430,0,1,0,1024,38,3313854756
1607,94420307,43904,94464211,0,1,0,512,38,4230695322
1608,94914509,45596,94960105,0,1,0,1024,38,5673345570
1609,95151196,109460,95260656,0,8,0,59392,5,10393088506
1610,95242409,10241,95252650,0,0,1,16384,40,5503772804
1611,95269882,48980,95318862,0,1,0,2048,38,410483471
1612,95921476,45596,95967072,0,1,0,1024,38,9915184976
1613,95975479,47288,96022767,0,1,0,1536,38,3474988525
1614,96005057,2470,96007527,0,2,1,2560,11,10189716694
1615,96042167,45752,96087919,0,1,0,1536,38,2742105182
1616,96790021,47288,96837309,0,0,0,1536,40,285421212
1617,97045930,43904,97089834,0,0,0,512,40,826064907
1618,97048294,110084,97158378,0,8,0,61440,5,3311570696
1619,97073398,43904,97117302,0,0,0,512,40,6459741032
1620,97152340,48980,97201320,0,0,0,2048,40,7353290689
1621,97313587,566,97314153,0,2,1,512,11,5168485489
1622,97317805,5802,97323607,0,2,1,6144,11,2110980345
1623,97367357,6754,97374111,0,2,1,7168,11,6634873277
1624,97385041,116012,97501053,0,4,0,80896,33,7109326123
1625,97546164,43904,97590068,0,1,0,512,38,5476412561
1626,97753668,57908,97811576,0,8,0,6144,5,8601382323
1627,97858568,45596,97904164,0,0,0,1024,40,8984518815
1628,98122690,45596,98168286,0,0,0,1024,40,3658717077
1629,98156279,6229,98162508,0,2,1,15360,11,4968213667
1630,98187802,47288,98235090,0,1,0,1536,38,1304312209
1631,98270622,43904,98314526,0,0,0,512,40,5994821665
1632,98301589,43904,98345493,0,0,0,512,40,5090864794
1633,98336645,101192,98437837,0,8,0,32256,5,5867707056
1634,98485394,3387,98488781,0,2,1,9728,11,4488654067
1635,98668417,102596,98771013,0,8,0,36864,5,10106266263
1636,98677077,45596,98722673,0,0,0,1024,40,5500696078
1637,98787557,61760,98849317,0,8,0,8704,5,9769074801
1638,98954708,11016,98965724,0,2,1,17920,11,119941019
1639,99053768,7706,99061474,0,0,1,8192,40,8431912614
1640,99127428,43904,99171332,0,1,0,512,38,10597288802
1641,99137204,48980,99186184,0,8,0,2048,5,3049394834
1642,99255130,65144,99320274,0,8,0,9728,5,5442716440
1643,99288653,65900,99354553,0,8,0,7168,5,1717504882
1644,99415277,2946,99418223,0,2,1,3072,11,2951281395
1645,99736859,50672,99787531,0,1,0,2560,38,1650615557
1646,99919036,1518,99920554,0,1,1,1536,38,7792017199
1647,99926084,45596,99971680,0,1,0,1024,38,4314476749
1648,99941215,43904,99985119,0,1,0,512,38,2748546655
1649,100016872,2946,100019818,0,0,1,3072,40,7767033645
1650,100029440,51140,100080580,0,8,0,4096,5,3643618684
1651,100144119,43904,100188023,0,1,0,512,38,7415673929
1652,100256331,101504,100357835,0,8,0,33280,5,3141791752
1653,100556059,59132,100615191,0,8,0,5120,5,8532443809
1654,100621504,1518,100623022,0,4,1,1536,33,5519722247
1655,100669215,2946,100672161,0,7,1,3072,22,6713966651
1656,101022107,68084,101090191,0,8,0,14336,5,4572418704
1657,101134052,99788,101233840,0,8,0,27648,5,9910405269
1658,101209214,87920,101297134,0,9,0,18944,5,9160441329
1659,101383985,1994,101385979,0,4,1,2048,33,1895941854
1660,101416566,120380,101536946,0,9,0,95232,5,2276053437
1661,101431531,102128,101533659,0,8,0,35328,5,5677220991
1662,101538075,146528,101684603,0,9,0,135680,5,3867088369
1663,101548378,20366,101568744,0,4,1,32768,33,7241778943
1664,101779210,43904,101823114,0,1,0,512,38,398669774
1665,101792709,47288,101839997,0,8,0,1536,5,1249550708
1666,101824331,43904,101868235,0,8,0,512,5,5694698233
1667,102011465,43904,102055369,0,8,0,512,5,8184753594
1668,102027166,43904,102071070,0,8,0,512,5,9628911790
1669,102056115,93464,102149579,0,9,0,22016,5,9523921023
1670,102058454,10499,102068953,0,0,1,16896,40,1223814399
1671,102081903,48980,102130883,0,1,0,2048,38,8256723831
1672,102288392,43904,102332296,0,8,0,512,5,9259808714
1673,102321694,4420,102326114,0,4,1,11776,33,5196841214
1674,102336716,2946,102339662,0,4,1,3072,33,6234463873
1675,102415522,1042,102416564,0,4,1,1024,33,5141988942
1676,102433027,3645,102436672,0,0,1,10240,40,7775027132
1677,102585615,128648,102714263,0,9,0,122368,5,6583744275
1678,102589560,48980,102638540,0,1,0,2048,38,8124641438
1679,102630933,12308,102643241,0,0,1,20480,40,165319307
1680,102705172,1518,102706690,0,4,1,1536,33,7334744299
1681,102799915,3898,102803813,0,0,1,4096,40,1848031681
1682,103156065,566,103156631,0,0,1,512,40,6162680089
1683,103165490,1042,103166532,0,7,1,1024,22,9492755265
1684,103198146,5326,103203472,0,0,1,5632,40,7364402892
1685,103232066,5802,103237868,0,4,1,6144,33,6268466771
1686,103393237,1042,103394279,0,4,1,1024,33,6955926249
1687,103407483,12737,103420220,0,0,1,24576,40,9985384272
1688,103413627,47288,103460915,0,1,0,1536,38,5304211767
1689,103450476,5326,103455802,0,7,1,5632,22,4795938071
1690,103468578,45596,103514174,0,1,0,1024,38,9964627309
1691,103473101,43904,103517005,0,1,0,512,38,2362668903
1692,103602560,103532,103706092,0,9,0,39936,5,8274381016
1693,103616579,45596,103662175,0,8,0,1024,5,4162345738
1694,103644865,4850,103649715,0,4,1,5120,33,5071816897
1695,103736307,43904,103780211,0,8,0,512,5,6736680627
1696,103759351,99944,103859295,0,9,0,28160,5,10431751735
1697,103843051,4850,103847901,0,4,1,5120,33,7764532894
1698,103854690,566,103855256,0,0,1,512,40,739308243
1699,103867003,1518,103868521,0,0,1,1536,40,523912837
1700,103928384,43904,103972288,0,1,0,512,38,7309020657
1701,103941747,45596,103987343,0,8,0,1024,5,9222441825
1702,104117557,43904,104161461,0,8,0,512,5,10368792658
1703,104243623,1994,104245617,0,0,1,2048,40,10272979299
1704,104251197,1518,104252715,0,7,1,1536,22,7972744543
1705,104387286,2870,104390156,0,7,1,8704,22,218724146
1706,104631218,54056,104685274,0,8,0,3584,5,4559032175
1707,104683961,45596,104729557,0,1,0,1024,38,2048144572
1708,104692845,47288,104740133,0,8,0,1536,5,9889196837
1709,104742176,3904,104746080,0,0,1,10752,40,7316809986
1710,104789497,2946,104792443,0,0,1,3072,40,7642199674
1711,104886911,3422,104890333,0,7,1,3584,22,4050470929
1712,104888114,4485,104892599,0,7,1,3584,22,8046977541
1713,104984739,44060,105028799,0,1,0,1024,38,7618311740
1714,105082108,43904,105126012,0,1,0,512,38,8271771712
1715,105102988,4850,105107838,0,0,1,5120,40,839464134
1716,105179321,3422,105182743,0,7,1,3584,22,8147431146
1717,105188206,5196,105193402,0,0,1,13312,40,6283876043
1718,105305509,117572,105423081,0,9,0,86016,5,7587464132
1719,105533137,3904,105537041,0,7,1,10752,22,3862089074
1720,105575111,566,105575677,0,0,1,512,40,4771405621
1721,105583272,3422,105586694,0,7,1,3584,22,10642426896
1722,105651709,43904,105695613,0,8,0,512,5,182867276
1723,105874697,73292,105947989,0,9,0,11264,5,3327631469
1724,105889376,1994,105891370,0,0,1,2048,40,10735529085
1725,105893479,133926,106027405,0,9,0,110592,5,8568453330
1726,105922909,10241,105933150,0,7,1,16384,22,402886246
1727,106010038,43904,106053942,0,8,0,512,5,1725381147
1728,106070668,47288,106117956,0,1,0,1536,38,8004635058
1729,106125872,1994,106127866,0,2,1,2048,11,6903219618
1730,106261899,114920,106376819,0,9,0,77312,5,7468805712
1731,106432326,5326,106437652,0,7,1,5632,22,6490781028
1732,106484308,45596,106529904,0,1,0,1024,38,3453292805
1733,106520273,92084,106612357,0,9,0,22528,5,5018398498
1734,106638185,83780,106721965,0,9,0,20480,5,5040427853
1735,106654850,43904,106698754,0,8,0,512,5,3968243797
1736,106680120,86204,106766324,0,9,0,13312,5,1684497795
1737,106765349,45596,106810945,0,8,0,1024,5,7284518478
1738,106799062,47288,106846350,0,8,0,1536,5,5599826602
1739,106829806,43904,106873710,0,9,0,512,5,9480107593
1740,106973250,110708,107083958,0,9,0,63488,5,9215299151
1741,106991799,6488,106998287,0,7,1,15872,22,8567165224
1742,107002046,144114,107146160,0,9,0,54784,5,9739318798
1743,107187764,55904,107243668,0,8,0,4608,5,1140935736
1744,107236225,50672,107286897,0,1,0,2560,38,2559853775
1745,107280846,50811,107331657,0,1,0,1024,38,10631108747
1746,107415267,7230,107422497,0,7,1,7680,22,701677726
1747,107579139,88544,107667683,0,9,0,20992,5,7830981966
1748,107646115,1518,107647633,0,6,1,1536,23,3751569334
1749,107816073,1042,107817115,0,1,1,1024,38,1558107253
1750,107861448,1994,107863442,0,5,1,2048,7,8331790799
1751,108023048,43904,108066952,0,1,0,512,38,1967307138
1752,108034364,5326,108039690,0,7,1,5632,22,8507683632
1753,108137358,3387,108140745,0,7,1,9728,22,9971857032
1754,108139576,3128,108142704,0,0,1,9216,40,2556737555
1755,108181347,87452,108268799,0,9,0,17408,5,3046154821
1756,108402741,82976,108485717,0,1,0,12800,38,6079207932
1757,108450829,3645,108454474,0,7,1,10240,22,2703846358
1758,108451798,2946,108454744,0,2,1,3072,11,7477193305
1759,108473166,6278,108479444,0,7,1,6656,22,7707126712
1760,108513398,566,108513964,0,7,1,512,22,5279327864
1761,108563195,1042,108564237,0,0,1,1024,40,8004653244
1762,108653060,6278,108659338,0,4,1,6656,33,131474608
1763,108662143,566,108662709,0,7,1,512,22,1526829218
1764,108960788,105716,109066504,0,9,0,47104,5,8792679014
1765,109054444,6754,109061198,0,7,1,7168,22,6739442275
1766,109094146,1518,109095664,0,7,1,1536,22,5474483138
1767,109263897,2870,109266767,0,7,1,8704,22,7096781354
1768,109297126,5326,109302452,0,0,1,5632,40,4642071791
1769,109354749,6278,109361027,0,0,1,6656,40,9336375494
1770,109371203,57908,109429111,0,1,0,6144,38,9180827737
1771,109387110,1994,109389104,0,7,1,2048,22,3766848212
1772,109427119,1042,109428161,0,7,1,1024,22,7055161539
1773,109477851,78056,109555907,0,9,0,11776,5,6917496219
1774,109564449,99476,109663925,0,9,0,26624,5,3746930091
1775,109661383,3422,109664805,0,7,1,3584,22,5315182423
1776,109662920,2231,109665151,0,7,1,512,22,8802387997
1777,109710631,7706,109718337,0,0,1,8192,40,5140387742
1778,109721468,1042,109722510,0,7,1,1024,22,1171445651
1779,109767918,43904,109811822,0,8,0,512,5,8379475995
1780,109969240,102128,110071368,0,1,0,35328,38,8170474337
1781,110004583,5712,110010295,0,1,1,14336,38,2160236494
1782,110219740,6229,110225969,0,7,1,15360,22,3714679472
1783,110249122,45596,110294718,0,8,0,1024,5,2013671311
1784,110270775,43904,110314679,0,8,0,512,5,3645606901
1785,110317215,2470,110319685,0,7,1,2560,22,8199682254
1786,110334905,101816,110436721,0,9,0,34304,5,1239711596
1787,110353820,566,110354386,0,0,1,512,40,2913195864
1788,110367295,11791,110379086,0,0,1,19456,40,9226412192
1789,110410092,43904,110453996,0,8,0,512,5,5097118333
1790,110471390,566,110471956,0,0,1,512,40,4312637913
1791,110586081,43904,110629985,0,8,0,512,5,9647707195
1792,110588925,566,110589491,0,8,1,512,5,2726201235
1793,110594023,2946,110596969,0,7,1,3072,22,1999036730
1794,110606330,48509,110654839,0,8,0,512,5,6416444213
1795,110658157,3898,110662055,0,0,1,4096,40,7861226868
1796,110702431,7230,110709661,0,8,1,7680,5,5258926764
1797,110755920,106652,110862572,0,9,0,50176,5,5573256179
1798,110760114,2946,110763060,0,0,1,3072,40,2685158323
1799,110842903,4420,110847323,0,8,1,11776,5,762101604
1800,110917474,566,110918040,0,7,1,512,22,752261325
1801,110963969,2946,110966915,0,0,1,3072,40,1867724312
1802,111037259,102908,111140167,0,9,0,37888,5,9660107821
1803,111205761,1994,111207755,0,7,1,2048,22,4775234102
1804,111214634,45596,111260230,0,8,0,1024,5,5240127587
1805,111233221,109148,111342369,0,1,0,58368,38,1799682002
1806,111235549,81128,111316677,0,9,0,11776,5,3910056869
1807,111290753,1042,111291795,0,5,1,1024,7,7916113541
1808,111383583,1518,111385101,0,7,1,1536,22,5901074281
1809,111444700,89588,111534288,0,9,0,14336,5,4735938462
1810,111448304,566,111448870,0,7,1,512,22,5143210203
1811,111601978,5802,111607780,0,1,1,6144,38,7696280028
1812,111692716,3128,111695844,0,8,1,9216,5,5448045942
1813,111697355,2470,111699825,0,0,1,2560,40,9802871387
1814,111733443,43904,111777347,0,8,0,512,5,4216083610
1815,111868459,7230,111875689,0,8,1,7680,5,941450777
1816,111891868,7230,111899098,0,8,1,7680,5,1314075797
1817,112178612,79436,112258048,0,1,0,11264,38,3754633731
1818,112235033,4374,112239407,0,7,1,4608,22,9917006051
1819,112399910,128960,112528870,0,1,0,123392,38,2359558906
1820,112437807,4850,112442657,0,8,1,5120,5,7500987393
1821,112512925,54056,112566981,0,9,0,3584,5,1867345153
1822,112583566,104780,112688346,0,1,0,44032,38,1651888296
1823,112628283,2470,112630753,0,0,1,2560,40,1583299715
1824,112703437,5326,112708763,0,7,1,5632,22,10072033331
1825,112765674,3645,112769319,0,7,1,10240,22,3300465156
1826,112829451,2870,112832321,0,4,1,8704,33,6488000927
1827,113098773,1042,113099815,0,7,1,1024,22,7363213783
1828,113129431,3898,113133329,0,0,1,4096,40,427146620
1829,113175371,7230,113182601,0,2,1,7680,11,9168693628
1830,113175467,3898,113179365,0,7,1,4096,22,10691575296
1831,113176130,108368,113284498,0,9,0,55808,5,9214365888
1832,113205439,7706,113213145,0,8,1,8192,5,845447387
1833,113223848,1518,113225366,0,7,1,1536,22,10244287487
1834,113280290,43904,113324194,0,8,0,512,5,1537038228
1835,113309463,6754,113316217,0,7,1,7168,22,9181357146
1836,113423417,50672,113474089,0,8,0,2560,5,1315300628
1837,113632927,4850,113637777,0,8,1,5120,5,4853110633
1838,113760943,43904,113804847,0,8,0,512,5,89674338
1839,113791706,1042,113792748,0,0,1,1024,40,2165064107
1840,113930205,2946,113933151,0,0,1,3072,40,7825222139
1841,113935448,54056,113989504,0,1,0,3584,38,4418948500
1842,113943705,59935,114003640,0,1,0,4608,38,611377537
1843,113985634,99320,114084954,0,1,0,26112,38,9701381046
1844,114194841,2946,114197787,0,0,1,3072,40,3457001070
1845,114266430,1518,114267948,0,8,1,1536,5,5245019020
1846,114549170,566,114549736,0,0,1,512,40,2941961081
1847,114828408,45596,114874004,0,1,0,1024,38,3255467701
1848,114945222,2946,114948168,0,8,1,3072,5,81358879
1849,114964584,3387,114967971,0,0,1,9728,40,1688277588
1850,115006414,2470,115008884,0,8,1,2560,5,8267381073
1851,115019003,143528,115162531,0,8,0,1536,5,1272354126
1852,115030974,103376,115134350,0,9,0,39424,5,5043786598
1853,115090797,111332,115202129,0,1,0,65536,38,3536802629
1854,115546459,6278,115552737,0,8,1,6656,5,893151077
1855,115555608,115388,115670996,0,1,0,78848,38,577591676
1856,115587693,88676,115676369,0,9,0,16384,5,3663705028
1857,115884649,12049,115896698,0,9,1,19968,5,8344755196
1858,115965381,106496,116071877,0,1,0,49664,38,7706744858
1859,115983191,14804,115997995,0,6,1,28672,23,6674196212
1860,116123288,1994,116125282,0,1,1,2048,38,5572913690
1861,116221411,45596,116267007,0,8,0,1024,5,7290306572
1862,116233480,566,116234046,0,8,1,512,5,7874615123
1863,116246969,2870,116249839,0,2,1,8704,11,3218485174
1864,116350554,3422,116353976,0,6,1,3584,23,3968697148
1865,116369078,48980,116418058,0,8,0,2048,5,2100460242
1866,116485853,45596,116531449,0,8,0,1024,5,5127655764
1867,116640344,2870,116643214,0,9,1,8704,5,507045738
1868,116654519,2946,116657465,0,8,1,3072,5,1773908534
1869,116720415,3898,116724313,0,6,1,4096,23,10374799912
1870,116724107,6278,116730385,0,8,1,6656,5,7424314891
1871,116819476,107588,116927064,0,9,0,53248,5,7697465409
1872,117030851,2870,117033721,0,6,1,8704,23,2051897999
1873,117172326,2470,117174796,0,6,1,2560,23,155517426
1874,117204717,64208,117268925,0,9,0,6656,5,7070356605
1875,117253919,106964,117360883,0,1,0,51200,38,1273824458
1876,117407346,5802,117413148,0,8,1,6144,5,4248082361
1877,117438274,105404,117543678,0,1,0,46080,38,8975505530
1878,117440421,77168,117517589,0,9,0,18944,5,3081730317
1879,117492694,147164,117639858,0,1,0,102400,38,6926696121
1880,117521004,5802,117526806,0,8,1,6144,5,8419343162
1881,117551691,1518,117553209,0,6,1,1536,23,6064112550
1882,117685253,4162,117689415,0,5,1,11264,7,312977396
1883,117699000,2870,117701870,0,4,1,8704,33,5642095970
1884,117766332,1518,117767850,0,8,1,1536,5,1445735481
1885,117767308,4374,117771682,0,5,1,4608,7,164002716
1886,117781004,566,117781570,0,5,1,512,7,4498709549
1887,117868924,1042,117869966,0,7,1,1024,22,7415319052
1888,117883676,109928,117993604,0,1,0,60928,38,7368087495
1889,117946462,48980,117995442,0,8,0,2048,5,3904841031
1890,117958839,4850,117963689,0,8,1,5120,5,800225932
1891,117973703,3898,117977601,0,9,1,4096,5,1971036804
1892,117982014,21399,118003413,0,5,1,34816,7,2076901583
1893,118072743,6278,118079021,0,5,1,6656,7,7049617484
1894,118109524,90548,118200072,0,9,0,22528,5,5869818243
1895,118176797,2946,118179743,0,8,1,3072,5,4573042413
1896,118301490,4850,118306340,0,9,1,5120,5,10160083295
1897,118400877,1994,118402871,0,4,1,2048,33,2297220989
1898,118435437,3645,118439082,0,8,1,10240,5,8447382100
1899,118449857,12566,118462423,0,4,1,20992,33,4018113940
1900,118587662,3128,118590790,0,4,1,9216,33,3486148014
1901,118593493,97184,118690677,0,1,0,29184,38,6644621122
1902,118664574,102128,118766702,0,1,0,35328,38,448681929
1903,118693746,14117,118707863,0,4,1,24064,33,1334058087
1904,118731590,4850,118736440,0,5,1,5120,7,10625083632
1905,118753298,2870,118756168,0,3,1,8704,37,2769931210
1906,118822664,5712,118828376,0,6,1,14336,23,4342899243
1907,118893382,3387,118896769,0,6,1,9728,23,3799951375
1908,118895152,4850,118900002,0,8,1,5120,5,7464388497
1909,118919458,6278,118925736,0,7,1,6656,22,877645376
1910,119015684,2470,119018154,0,0,1,2560,40,3095201110
1911,119035187,107432,119142619,0,1,0,52736,38,8813643538
1912,119042198,12566,119054764,0,4,1,20992,33,8555124065
1913,119158048,40874,119198922,0,4,1,66048,33,9843588607
1914,119217646,10241,119227887,0,6,1,16384,23,2461593638
1915,119290504,108368,119398872,0,9,0,55808,5,1134526674
1916,119330362,2470,119332832,0,7,1,2560,22,9389529418
1917,119558184,5326,119563510,0,0,1,5632,40,2415134386
1918,119565328,3904,119569232,0,7,1,10752,22,1420018792
1919,119586330,46729,119633059,0,4,1,80896,33,7794586361
1920,119637316,2870,119640186,0,8,1,8704,5,4204815917
1921,119661896,32041,119693937,0,4,1,52224,33,6114882209
1922,119715074,5802,119720876,0,9,1,6144,5,6640103671
1923,119734902,47288,119782190,0,8,0,1536,5,9098289682
1924,119741078,4679,119745757,0,4,1,12288,33,8173538389
1925,119781679,25446,119807125,0,4,1,46080,33,9035374609
1926,119782117,63049,119845166,0,8,0,7680,5,6274034225
1927,119783442,1042,119784484,0,9,1,1024,5,9462397500
1928,119906666,566,119907232,0,8,1,512,5,6321247510
1929,120075601,3645,120079246,0,9,1,10240,5,8685624268
1930,120230309,99320,120329629,0,9,0,26112,5,4049431280
1931,120249763,2946,120252709,0,9,1,3072,5,7354538824
1932,120286548,16354,120302902,0,4,1,31744,33,3679015442
1933,120329874,1042,120330916,0,6,1,1024,23,9364123326
1934,120420314,69284,120489598,0,1,0,8192,38,6425010725
1935,120424466,7230,120431696,0,8,1,7680,5,4733296626
1936,120443432,566,120443998,0,7,1,512,22,9217262099
1937,120479083,3645,120482728,0,9,1,10240,5,6370543576
1938,120560185,4850,120565035,0,6,1,5120,23,7597221096
1939,120579404,43904,120623308,0,8,0,512,5,5697274941
1940,120610520,1994,120612514,0,7,1,2048,22,4705220142
1941,120620808,6488,120627296,0,7,1,15872,22,2213872396
1942,120625975,85628,120711603,0,9,0,21504,5,7704276043
1943,120733655,3898,120737553,0,8,1,4096,5,8439245697
1944,120790023,115388,120905411,0,1,0,78848,38,6429438252
1945,120806928,72380,120879308,0,9,0,13312,5,8790631115
1946,120862702,1518,120864220,0,7,1,1536,22,5189335811
1947,120889147,2470,120891617,0,7,1,2560,22,4315748506
1948,120946376,6278,120952654,0,9,1,6656,5,6556271254
1949,120946865,25704,120972569,0,4,1,46592,33,9151101509
1950,121051165,33591,121084756,0,4,1,55296,33,3881529870
1951,121111626,2946,121114572,0,6,1,3072,23,10344622108
1952,121161447,5326,121166773,0,9,1,5632,5,1313602233
1953,121281570,6278,121287848,0,7,1,6656,22,5613666206
1954,121308427,3904,121312331,0,6,1,10752,23,4241060982
1955,121376608,5326,121381934,0,6,1,5632,23,7813219133
1956,121381399,566,121381965,0,8,1,512,5,89814017
1957,121466824,6754,121473578,0,9,1,7168,5,3333349066
1958,121475234,73604,121548838,0,9,0,12288,5,5193754168
1959,121503019,7230,121510249,0,7,1,7680,22,10124990456
1960,121594605,96824,121691429,0,9,0,17920,5,3157679549
1961,121606205,4937,121611142,0,7,1,12800,22,1307285965
1962,121619986,45596,121665582,0,8,0,1024,5,7554570228
1963,121753171,4374,121757545,0,8,1,4608,5,4392772078
1964,121757234,7230,121764464,0,6,1,7680,23,10124388553
1965,121757869,3898,121761767,0,8,1,4096,5,2194075897
1966,121827785,566,121828351,0,8,1,512,5,7461920940
1967,121847279,3422,121850701,0,9,1,3584,5,3036002531
1968,122035915,6754,122042669,0,6,1,7168,23,7676591702
1969,122038362,566,122038928,0,7,1,512,22,5427076225
1970,122096092,4374,122100466,0,7,1,4608,22,10657445904
1971,122114616,45596,122160212,0,8,0,1024,5,6599809028
1972,122159928,3898,122163826,0,7,1,4096,22,7370486987
1973,122160483,6754,122167237,0,6,1,7168,23,8775703643
1974,122281321,2470,122283791,0,9,1,2560,5,7273744315
1975,122458647,3898,122462545,0,9,1,4096,5,6981120376
1976,122508750,4850,122513600,0,6,1,5120,23,363442587
1977,122509411,7230,122516641,0,9,1,7680,5,5584410471
1978,122604310,7230,122611540,0,9,1,7680,5,5294638216
1979,122695155,1518,122696673,0,9,1,1536,5,10386019965
1980,122735069,3422,122738491,0,8,1,3584,5,6887382076
1981,122744703,1994,122746697,0,8,1,2048,5,2423142787
1982,122757357,566,122757923,0,9,1,512,5,7232761184
1983,122767863,1994,122769857,0,8,1,2048,5,9890996939
1984,122822140,53583,122875723,0,4,1,87552,33,10605497717
1985,122844326,1042,122845368,0,9,1,1024,5,10317403880
1986,122921968,43904,122965872,0,8,0,512,5,996476241
1987,123040258,2946,123043204,0,8,1,3072,5,10651183103
1988,123063791,2870,123066661,0,8,1,8704,5,1904530064
1989,123101007,3904,123104911,0,7,1,10752,22,3971058783
1990,123171275,1042,123172317,0,8,1,1024,5,181069714
1991,123266362,1042,123267404,0,6,1,1024,23,792748522
1992,123288966,107744,123396710,0,9,0,53760,5,6819129013
1993,123300134,45596,123345730,0,8,0,1024,5,10128397037
1994,123301428,7706,123309134,0,9,1,8192,5,5521422250
1995,123302720,63620,123366340,0,4,1,107008,33,5507040389
1996,123356339,4374,123360713,0,9,1,4608,5,7263764717
1997,123432061,4374,123436435,0,9,1,4608,5,10349247073
1998,123524149,11533,123535682,0,4,1,18944,33,5092248720
1999,123566790,43904,123610694,0,8,0,512,5,5130829336
2000,123596967,125996,123722963,0,8,0,113664,5,4233506216
2001,123652336,3898,123656234,0,8,1,4096,5,9672797424
2002,123759469,84512,123843981,0,9,0,12800,5,3060588354
2003,123899731,3422,123903153,0,6,1,3584,23,7969278789
2004,123922014,2470,123924484,0,8,1,2560,5,4535807215
2005,123925856,57440,123983296,0,9,0,4608,5,2450374342
2006,123935476,3128,123938604,0,6,1,9216,23,5450036880
2007,123944618,6488,123951106,0,6,1,15872,23,6760480259
2008,123950372,107588,124057960,0,8,0,53248,5,5953652276
2009,123979506,10499,123990005,0,8,1,16896,5,7983903096
2010,124007596,2470,124010066,0,8,1,2560,5,1679708013
2011,124103669,60536,124164205,0,9,0,9728,5,4471411765
2012,124113951,10241,124124192,0,8,1,16384,5,10111887981
2013,124175748,566,124176314,0,8,1,512,5,5390281782
2014,124322460,3422,124325882,0,9,1,3584,5,9434615958
2015,124744927,66368,124811295,0,8,0,8704,5,9564169678
2016,124753005,7706,124760711,0,9,1,8192,5,3391199977
2017,124819081,129584,124948665,0,9,0,125440,5,1545191300
2018,124820595,1994,124822589,0,9,1,2048,5,3942045409
2019,124847823,2470,124850293,0,9,1,2560,5,2866647086
2020,124871007,5802,124876809,0,9,1,6144,5,1745206761
2021,124887492,1518,124889010,0,9,1,1536,5,7356938617
2022,124902878,1042,124903920,0,9,1,1024,5,8220010130
2023,124945370,107131,125052501,0,9,0,40960,5,5307741539
2024,125313748,163316,125477064,0,8,0,145408,5,9011043634
2025,125529729,103532,125633261,0,9,0,39936,5,7957180519
2026,125827397,122876,125950273,0,8,0,103424,5,5287660158
2027,125834667,76208,125910875,0,9,0,10752,5,553482604
2028,125887661,6754,125894415,0,3,1,7168,37,2506994407
2029,125991171,1518,125992689,0,9,1,1536,5,5692600117
2030,126071307,5802,126077109,0,2,1,6144,11,3470452246
2031,126129743,122720,126252463,0,9,0,102912,5,10309328447
2032,126201853,5802,126207655,0,9,1,6144,5,9875526610
2033,126293828,1518,126295346,0,2,1,1536,11,1436461481
2034,126311911,1042,126312953,0,9,1,1024,5,3558691167
2035,126398819,1994,126400813,0,2,1,2048,11,883322734
2036,126492426,66212,126558638,0,8,0,8192,5,4618895068
2037,126525791,566,126526357,0,3,1,512,37,1883918315
2038,126646143,1042,126647185,0,2,1,1024,11,7213441389
2039,126646813,3898,126650711,0,9,1,4096,5,6629339175
2040,126705945,2470,126708415,0,2,1,2560,11,2024378213
2041,127043861,3128,127046989,0,3,1,9216,37,9747249501
2042,127241578,66524,127308102,0,8,0,9216,5,8545550488
2043,127368311,5326,127373637,0,3,1,5632,37,6945440614
2044,127413165,101972,127515137,0,8,0,34816,5,3335365553
2045,127504776,1518,127506294,0,3,1,1536,37,503324892
2046,127933146,109928,128043074,0,9,0,60928,5,2065845552
2047,127982814,4374,127987188,0,2,1,4608,11,7573555888
2048,128042619,5773,128048392,0,9,1,5632,5,2663668624
2049,128053060,74608,128127668,0,4,1,121856,33,4524383553
2050,128140849,132524,128273373,0,9,0,24064,5,8422012994
2051,128426406,4850,128431256,0,2,1,5120,11,2264431576
2052,128453456,89300,128542756,0,8,0,18432,5,838091063
2053,128463910,48980,128512890,0,9,0,2048,5,2613833107
2054,128488191,2946,128491137,0,3,1,3072,37,8593402974
2055,128603799,566,128604365,0,9,1,512,5,6121616234
2056,128643536,58376,128701912,0,9,0,7680,5,3160487446
2057,128657712,35054,128692766,0,4,1,61440,33,10067913840
2058,128659269,2946,128662215,0,9,1,3072,5,3980016144
2059,128893224,91172,128984396,0,9,0,24576,5,10126821318
2060,129010569,5454,129016023,0,4,1,13824,33,6572878246
2061,129039186,1994,129041180,0,9,1,2048,5,3384648147
2062,129060910,5454,129066364,0,9,1,13824,5,3420693316
2063,129093207,136304,129229511,0,4,1,225280,33,1453151274
2064,129122472,4937,129127409,0,9,1,12800,5,704263333
2065,129151921,2946,129154867,0,9,1,3072,5,8952197056
2066,129192487,2946,129195433,0,2,1,3072,11,2386134483
2067,129270379,110864,129381243,0,8,0,64000,5,3208172047
2068,129273969,2470,129276439,0,4,1,2560,33,765201941
2069,129441316,1518,129442834,0,4,1,1536,33,6799907885
2070,129558773,566,129559339,0,2,1,512,11,1132106463
2071,129564068,566,129564634,0,4,1,512,33,6066076492
2072,129598867,566,129599433,0,2,1,512,11,5270732050
2073,129607098,84512,129691610,0,9,0,12800,5,684443750
2074,129788326,123812,129912138,0,8,0,106496,5,7398527837
2075,129802409,1994,129804403,0,4,1,2048,33,9204041107
2076,129956776,89792,130046568,0,9,0,25088,5,4569099943
2077,130010276,2470,130012746,0,4,1,2560,33,3523634179
2078,130084544,1042,130085586,0,9,1,1024,5,2116065697
2079,130106918,176876,130283794,0,8,0,154624,5,3563303082
2080,130280563,3387,130283950,0,2,1,9728,11,9413237291
2081,130295057,566,130295623,0,9,1,512,5,4552187616
2082,130306440,1518,130307958,0,9,1,1536,5,4795467701
2083,130472798,5802,130478600,0,9,1,6144,5,5759610493
2084,130497705,190436,130688141,0,9,0,163840,5,8613627163
2085,130498013,124296,130622309,0,9,0,13312,5,8893079445
2086,130642250,3422,130645672,0,4,1,3584,33,3012083819
2087,130665857,67592,130733449,0,8,0,7680,5,9989199708
2088,130668779,100482,130769261,0,9,0,11776,5,6077050885
2089,130715537,5802,130721339,0,4,1,6144,33,5157540848
2090,130751770,1994,130753764,0,4,1,2048,33,2698894982
2091,130874533,1518,130876051,0,4,1,1536,33,8123376478
2092,131120864,95000,131215864,0,8,0,22016,5,2162324641
2093,131219917,108368,131328285,0,8,0,55808,5,9603943745
2094,131264278,2470,131266748,0,4,1,2560,33,2965046638
2095,131356137,4679,131360816,0,8,1,12288,5,2438172173
2096,131430553,62540,131493093,0,8,0,11264,5,8606233297
2097,131436493,69152,131505645,0,9,0,12800,5,3420973109
2098,131464298,1042,131465340,0,2,1,1024,11,10611680198
2099,131474614,4850,131479464,0,2,1,5120,11,8656586247
2100,131489348,7230,131496578,0,8,1,7680,5,621036789
2101,131622038,108524,131730562,0,8,0,56320,5,6486962861
2102,131624503,99320,131723823,0,9,0,26112,5,10630813716
2103,131626769,3422,131630191,0,8,1,3584,5,10195256841
2104,131631838,7230,131639068,0,1,1,7680,38,3139335854
2105,131694833,81965,131776798,0,8,0,9216,5,3469350963
2106,131749229,5971,131755200,0,2,1,14848,11,1430517521
2107,131774459,3373,131777832,0,8,1,1024,5,4798166021
2108,131789593,1518,131791111,0,8,1,1536,5,5227295674
2109,132000539,105560,132106099,0,8,0,46592,5,8997086215
2110,132047077,1042,132048119,0,8,1,1024,5,3018549581
2111,132094695,2470,132097165,0,1,1,2560,38,1177600130
2112,132165219,2946,132168165,0,2,1,3072,11,4693039008
2113,132170263,114140,132284403,0,8,0,74752,5,5639371949
2114,132354513,111176,132465689,0,8,0,65024,5,904308826
2115,132617634,2470,132620104,0,2,1,2560,11,6818708970
2116,132633771,3898,132637669,0,2,1,4096,11,7337185529
2117,132640639,3387,132644026,0,8,1,9728,5,8656679449
2118,132715393,97292,132812685,0,8,0,19456,5,7304822554
2119,132717239,11016,132728255,0,8,1,17920,5,6624049532
2120,132717926,11315,132729241,0,8,1,1536,5,3818095118
2121,132872670,2946,132875616,0,8,1,3072,5,1463336162
2122,132993404,566,132993970,0,8,1,512,5,6582987910
2123,133039506,76364,133115870,0,8,0,11264,5,8512150952
2124,133077000,3128,133080128,0,2,1,9216,11,8794734967
2125,133154306,2470,133156776,0,8,1,2560,5,10681166043
2126,133167044,6754,133173798,0,2,1,7168,11,2986895206
2127,133316446,105092,133421538,0,9,0,45056,5,7371881246
2128,133461867,3128,133464995,0,2,1,9216,11,6214610386
2129,133502420,6754,133509174,0,2,1,7168,11,8170213059
2130,133652891,2946,133655837,0,2,1,3072,11,4228220250
2131,133715419,103220,133818639,0,8,0,38912,5,3428345111
2132,133797989,566,133798555,0,0,1,512,40,192753178
2133,133885285,1994,133887279,0,2,1,2048,11,10263883360
2134,134146520,97760,134244280,0,8,0,20992,5,4111411164
2135,134207414,82868,134290282,0,8,0,22528,5,2636601513
2136,134207994,3422,134211416,0,2,1,3584,11,2988913119
2137,134769714,5971,134775685,0,2,1,14848,11,9338025569
2138,134824099,2470,134826569,0,2,1,2560,11,9379531531
2139,135278088,106340,135384428,0,9,0,49152,5,8695879209
2140,135342682,60802,135403484,0,9,0,3584,5,7007616271
2141,135377390,112892,135490282,0,8,0,70656,5,3983856775
2142,135384901,10757,135395658,0,2,1,17408,11,4371944674
2143,135516910,566,135517476,0,2,1,512,11,2606714388
2144,135543843,6278,135550121,0,0,1,6656,40,6055582047
2145,135556264,4374,135560638,0,3,1,4608,37,181086952
2146,135966859,111020,136077879,0,9,0,64512,5,3340681484
2147,136353822,64208,136418030,0,9,0,6656,5,7325809642
2148,136375660,2470,136378130,0,0,1,2560,40,2562223339
2149,136550767,6754,136557521,0,3,1,7168,37,4901544693
2150,136639951,128336,136768287,0,9,0,121344,5,2519566064
2151,136663342,2946,136666288,0,6,1,3072,23,7675488054
2152,136664682,4374,136669056,0,3,1,4608,37,3003883768
2153,136708664,3387,136712051,0,2,1,9728,11,5089228623
2154,136773330,115700,136889030,0,8,0,79872,5,3265971085
2155,136785655,67592,136853247,0,9,0,7680,5,6927804992
2156,136956427,127088,137083515,0,8,0,117248,5,2723697433
2157,136969224,1042,136970266,0,0,1,1024,40,1161000320
2158,137037853,2870,137040723,0,6,1,8704,23,9456313843
2159,137062695,6754,137069449,0,0,1,7168,40,6071806641
2160,137105920,90992,137196912,0,9,0,18944,5,7021458273
2161,137148629,69284,137217913,0,9,0,8192,5,3998849835
2162,137287860,2946,137290806,0,6,1,3072,23,2010120996
2163,137328231,3898,137332129,0,3,1,4096,37,8863089472
2164,137472346,6278,137478624,0,3,1,6656,37,9203928526
2165,137483144,64208,137547352,0,8,0,6656,5,7860270704
2166,137586038,2470,137588508,0,6,1,2560,23,3365315123
2167,137617508,2470,137619978,0,0,1,2560,40,4728493190
2168,137623569,1994,137625563,0,2,1,2048,11,4417146165
2169,137697923,60824,137758747,0,8,0,5632,5,2668711590
2170,137701589,1518,137703107,0,0,1,1536,40,10719286035
2171,137702687,100880,137803567,0,9,0,31232,5,4027106757
2172,137789196,23120,137812316,0,0,1,41472,40,3775757524
2173,137904361,3904,137908265,0,6,1,10752,23,7551496020
2174,137923133,3898,137927031,0,3,1,4096,37,3086843139
2175,137967350,23725,137991075,0,0,1,39424,40,7310094029
2176,137983194,8957,137992151,0,0,1,13312,40,4769666070
2177,138023576,1994,138025570,0,2,1,2048,11,4774171148
2178,138059800,2470,138062270,0,3,1,2560,37,7770734227
2179,138065306,86852,138152158,0,8,0,20480,5,9280342957
2180,138085066,3898,138088964,0,0,1,4096,40,10443930422
2181,138108375,13341,138121716,0,0,1,22528,40,4699204322
2182,138247034,11533,138258567,0,2,1,18944,11,181053028
2183,138290197,23120,138313317,0,5,1,41472,7,181938138
2184,138438971,42166,138481137,0,5,1,68608,7,2761430130
2185,138464041,1518,138465559,0,1,1,1536,38,6303109907
2186,138473200,4374,138477574,0,6,1,4608,23,2569517173
2187,138492125,20366,138512491,0,0,1,32768,40,6765356043
2188,138532029,74091,138606120,0,0,1,120832,40,3582773828
2189,138597150,123032,138720182,0,8,0,103936,5,2398484427
2190,138621748,5326,138627074,0,5,1,5632,7,3342994126
2191,138676924,107276,138784200,0,9,0,52224,5,208226034
2192,138687143,77363,138764506,0,5,1,130560,7,10093652609
2193,138736086,1518,138737604,0,6,1,1536,23,1851560039
2194,138757455,98384,138855839,0,8,0,23040,5,9084053298
2195,138844424,91241,138935665,0,5,1,147456,7,2187615753
2196,138846243,3898,138850141,0,2,1,4096,11,391792205
2197,138964651,13512,138978163,0,5,1,26112,7,771268424
2198,138980524,4374,138984898,0,3,1,4608,37,3616619022
2199,139065986,89588,139155574,0,8,0,14336,5,9826480576
2200,139216632,566,139217198,0,6,1,512,23,8557027015
2201,139293932,63362,139357294,0,5,1,106496,7,2262552057
2202,139361971,1994,139363965,0,6,1,2048,23,472341387
2203,139540580,4374,139544954,0,3,1,4608,37,1038266658
2204,139567067,105560,139672627,0,9,0,46592,5,10671177028
2205,139602906,117728,139720634,0,8,0,86528,5,2609375501
2206,139662701,43458,139706159,0,5,1,71168,7,4883751725
2207,139758722,4850,139763572,0,6,1,5120,23,8356259523
2208,139907850,566,139908416,0,6,1,512,23,1893794933
2209,139931781,1042,139932823,0,6,1,1024,23,5015423953
2210,140146422,566,140146988,0,6,1,512,23,10301888792
2211,140288927,6278,140295205,0,6,1,6656,23,2100186775
2212,140358216,3387,140361603,0,3,1,9728,37,3401428464
2213,140505974,2470,140508444,0,3,1,2560,37,2078234512
2214,140774075,566,140774641,0,3,1,512,37,9046909461
2215,140784427,1518,140785945,0,4,1,1536,33,6504764277
2216,140801763,56996,140858759,0,9,0,8192,5,9033965204
2217,140890567,3422,140893989,0,6,1,3584,23,6685480329
2218,140892385,4850,140897235,0,4,1,5120,33,6618572137
2219,140912438,3422,140915860,0,3,1,3584,37,1030877963
2220,140932366,2470,140934836,0,4,1,2560,33,385157013
2221,140946008,2946,140948954,0,6,1,3072,23,3050861286
2222,140953320,79148,141032468,0,8,0,15360,5,1461263723
2223,140987184,21916,141009100,0,3,1,35840,37,391681273
2224,141011583,101504,141113087,0,8,0,33280,5,2412963162
2225,141073321,98852,141172173,0,9,0,24576,5,1587469911
2226,141122461,128804,141251265,0,8,0,122880,5,4697903709
2227,141352693,566,141353259,0,4,1,512,33,5612983797
2228,141453429,100724,141554153,0,8,0,30720,5,2856320518
2229,141456644,1994,141458638,0,3,1,2048,37,8411684844
2230,141485756,1518,141487274,0,2,1,1536,11,9037095518
2231,141526438,2946,141529384,0,4,1,3072,33,2189444402
2232,141796548,104624,141901172,0,8,0,43520,5,7400782166
2233,141820962,2946,141823908,0,8,1,3072,5,5937830031
2234,141838190,89761,141927951,0,8,0,3072,5,4436503434
2235,141845238,566,141845804,0,8,1,512,5,6075175431
2236,141880182,3422,141883604,0,8,1,3584,5,4184769624
2237,141915078,1518,141916596,0,8,1,1536,5,9906388470
2238,141927148,7706,141934854,0,2,1,8192,11,9432708835
2239,142003595,3422,142007017,0,1,1,3584,38,10168314922
2240,142005081,72980,142078061,0,8,0,10240,5,7110163979
2241,142058044,2470,142060514,0,3,1,2560,37,3018814445
2242,142086549,3422,142089971,0,4,1,3584,33,10604065698
2243,142112596,60980,142173576,0,8,0,6144,5,9470838427
2244,142144362,2946,142147308,0,8,1,3072,5,9336721872
2245,142145401,5802,142151203,0,6,1,6144,23,9891813356
2246,142164498,9093,142173591,0,8,1,7680,5,4643227074
2247,142223827,2470,142226297,0,4,1,2560,33,7274410509
2248,142318411,52364,142370775,0,9,0,3072,5,7687313602
2249,142354506,1518,142356024,0,4,1,1536,33,8836962083
2250,142404326,127400,142531726,0,9,0,118272,5,8714794252
2251,142408938,4374,142413312,0,3,1,4608,37,7892696461
2252,142446353,4679,142451032,0,4,1,12288,33,6138943781
2253,142467424,210438,142677862,0,9,0,182272,5,609694852
2254,142622626,3898,142626524,0,5,1,4096,7,8267472962
2255,142680851,3904,142684755,0,6,1,10752,23,1900224148
2256,142706650,566,142707216,0,2,1,512,11,5641139112
2257,142812866,3422,142816288,0,3,1,3584,37,7472927879
2258,142889790,1994,142891784,0,6,1,2048,23,9273623978
2259,142957428,1042,142958470,0,2,1,1024,11,2565618698
2260,143083695,1518,143085213,0,6,1,1536,23,1874108337
2261,143085316,1042,143086358,0,3,1,1024,37,4416297465
2262,143144989,2946,143147935,0,6,1,3072,23,10085466319
2263,143160746,105670,143266416,0,5,1,175616,7,9436849513
2264,143251540,76364,143327904,0,8,0,11264,5,2528339645
2265,143252368,81011,143333379,0,8,0,17920,5,848368976
2266,143282581,64654,143347235,0,5,1,109056,7,2053145493
2267,143352387,45596,143397983,0,8,0,1024,5,9361339849
2268,143375494,6488,143381982,0,6,1,15872,23,3919976996
2269,143401317,6754,143408071,0,3,1,7168,37,5553889806
2270,143414991,5712,143420703,0,6,1,14336,23,7132316100
2271,143525867,566,143526433,0,2,1,512,11,2423885293
2272,143711267,1518,143712785,0,2,1,1536,11,983061201
2273,143741122,64208,143805330,0,8,0,6656,5,1131374859
2274,143880036,70976,143951012,0,9,0,8704,5,7871089923
2275,143986324,3128,143989452,0,2,1,9216,11,519188307
2276,144071756,7230,144078986,0,3,1,7680,37,2515447662
2277,144076140,1042,144077182,0,6,1,1024,23,7210696560
2278,144099768,11016,144110784,0,6,1,17920,23,6361011844
2279,144577615,1518,144579133,0,6,1,1536,23,10550677650
2280,144624831,100724,144725555,0,9,0,30720,5,10356058337
2281,144651573,66721,144718294,0,0,1,113152,40,6726894295
2282,144767980,101660,144869640,0,9,0,33792,5,4955234948
2283,144902497,5196,144907693,0,6,1,13312,23,8936684965
2284,144946382,1994,144948376,0,2,1,2048,11,6963145887
2285,145005347,13770,145019117,0,2,1,26624,11,8569716675
2286,145038006,3387,145041393,0,3,1,9728,37,4861550788
2287,145063275,101972,145165247,0,4,0,34816,33,5214120586
2288,145194101,5326,145199427,0,2,1,5632,11,9875991252
2289,145235826,2470,145238296,0,3,1,2560,37,6443831249
2290,145410391,1518,145411909,0,2,1,1536,11,9315784455
2291,145411493,566,145412059,0,3,1,512,37,2047096240
2292,145611133,12825,145623958,0,3,1,21504,37,9922123126
2293,145675873,1042,145676915,0,2,1,1024,11,46490471
2294,145793504,1042,145794546,0,3,1,1024,37,6200848878
2295,145814009,15062,145829071,0,0,1,29184,40,4318750920
2296,145814438,12308,145826746,0,5,1,20480,7,8703896714
2297,145849197,80996,145930193,0,4,0,16384,33,6325607251
2298,145891406,1994,145893400,0,2,1,2048,11,5502089987
2299,145965642,12995,145978637,0,0,1,25088,40,5652974769
2300,145978897,59288,146038185,0,4,0,5632,33,8922090354
2301,146003321,1994,146005315,0,2,1,2048,11,4030773919
2302,146014770,3422,146018192,0,3,1,3584,37,1383597720
2303,146017508,54617,146072125,0,5,1,89600,7,1466431225
2304,146020747,62924,146083671,0,5,1,38912,7,6991035341
2305,146055196,84490,146139686,0,5,1,134656,7,6772573913
2306,146080641,7230,146087871,0,0,1,7680,40,10272626381
2307,146151122,1518,146152640,0,6,1,1536,23,6486878588
2308,146186388,113984,146300372,0,4,0,74240,33,8666583031
2309,146193533,6278,146199811,0,3,1,6656,37,9657302032
2310,146270544,2946,146273490,0,6,1,3072,23,5292687016
2311,146317497,16354,146333851,0,5,1,31744,7,10401741251
2312,146390718,1994,146392712,0,2,1,2048,11,9931141034
2313,146487993,81128,146569121,0,9,0,11776,5,8604283842
2314,146613720,106962,146720682,0,0,1,178176,40,1902165163
2315,146658962,4679,146663641,0,6,1,12288,23,3459068982
2316,146667850,52364,146720214,0,4,0,3072,33,10162715374
2317,146813043,566,146813609,0,2,1,512,11,677631930
2318,146815633,6754,146822387,0,2,1,7168,11,5233326052
2319,146838970,24670,146863640,0,0,1,44544,40,5213466686
2320,146867539,3898,146871437,0,6,1,4096,23,6586658661
2321,146900053,1042,146901095,0,2,1,1024,11,5893143380
2322,146901450,20882,146922332,0,5,1,33792,7,7258021280
2323,146942530,1518,146944048,0,0,1,1536,40,7840418482
2324,147019343,60824,147080167,0,4,0,5632,33,10134616043
2325,147066151,119520,147185671,0,4,0,52224,33,6973411523
2326,147155123,16096,147171219,0,5,1,31232,7,9342271685
2327,147494845,7230,147502075,0,0,1,7680,40,3703557376
2328,147545964,2946,147548910,0,6,1,3072,23,3100425082
2329,147632435,1994,147634429,0,5,1,2048,7,5221066072
2330,147700316,81596,147781912,0,4,0,13312,33,1689488265
2331,147716866,72668,147789534,0,9,0,9216,5,5721397983
2332,147752594,3898,147756492,0,7,1,4096,22,9157414088
2333,147828658,1042,147829700,0,6,1,1024,23,10550523770
2334,147899337,31007,147930344,0,5,1,50176,7,7352843323
2335,147965065,1518,147966583,0,7,1,1536,22,2471461311
2336,147999051,6488,148005539,0,6,1,15872,23,10031920574
2337,148003228,67592,148070820,0,4,0,7680,33,6028814656
2338,148022786,25704,148048490,0,0,1,46592,40,4850166688
2339,148102577,125996,148228573,0,9,0,113664,5,5895850687
2340,148155641,5802,148161443,0,6,1,6144,23,9581420032
2341,148191633,1518,148193151,0,2,1,1536,11,1764907436
2342,148235056,6754,148241810,0,6,1,7168,23,6220734488
2343,148320908,6488,148327396,0,0,1,15872,40,2551562050
2344,148382550,4850,148387400,0,4,1,5120,33,1110904748
2345,148427329,35571,148462900,0,0,1,62464,40,3468098659
2346,148455634,11016,148466650,0,5,1,17920,7,6796629277
2347,148589349,25704,148615053,0,0,1,46592,40,8956192944
2348,148615499,55562,148671061,0,0,1,94720,40,9083194585
2349,148636160,52291,148688451,0,5,1,84992,7,4067520935
2350,148651378,58783,148710161,0,5,1,71168,7,4916210881
2351,148687531,1042,148688573,0,6,1,1024,23,5952764343
2352,148759210,63878,148823088,0,0,1,107520,40,7970609829
2353,148777422,5326,148782748,0,6,1,5632,23,2921618789
2354,148791372,67592,148858964,0,4,0,7680,33,6567358242
2355,148803607,566,148804173,0,6,1,512,23,7049059320
2356,148896915,3422,148900337,0,6,1,3584,23,404359685
2357,148899633,7230,148906863,0,2,1,7680,11,4435138011
2358,148968911,1042,148969953,0,2,1,1024,11,4875928394
2359,148994483,1994,148996477,0,2,1,2048,11,8786666063
2360,149017847,566,149018413,0,7,1,512,22,10095942277
2361,149041582,566,149042148,0,6,1,512,23,7588765834
2362,149046093,1518,149047611,0,6,1,1536,23,9190762578
2363,149075262,1518,149076780,0,7,1,1536,22,5754197570
2364,149084852,26738,149111590,0,5,1,48640,7,2082149091
2365,149123340,5326,149128666,0,2,1,5632,11,7003551947
2366,149126904,187187,149314091,0,0,1,307712,40,8071747519
2367,149126956,7706,149134662,0,6,1,8192,23,8779712327
2368,149164742,1994,149166736,0,7,1,2048,22,8677006973
2369,149172238,99788,149272026,0,9,0,27648,5,8651902825
2370,149173232,13253,149186485,0,2,1,25600,11,4972562093
2371,149218546,13512,149232058,0,2,1,26112,11,2460394304
2372,149242829,5454,149248283,0,5,1,13824,7,3550187553
2373,149363246,51257,149414503,0,0,1,82944,40,4037158732
2374,149400591,102596,149503187,0,4,0,36864,33,1160822214
2375,149494092,133835,149627927,0,4,0,109568,33,4334028897
2376,149616325,13770,149630095,0,5,1,26624,7,9723893335
2377,149632400,51774,149684174,0,5,1,83968,7,4725816139
2378,149635682,113816,149749498,0,0,1,184832,40,350092594
2379,149639575,1042,149640617,0,6,1,1024,23,8179897202
2380,149689617,104780,149794397,0,9,0,44032,5,4052927807
2381,149699520,4374,149703894,0,6,1,4608,23,5913801528
2382,149721513,1994,149723507,0,6,1,2048,23,1889745505
2383,149822826,4374,149827200,0,1,1,4608,38,4108834078
2384,149832473,1042,149833515,0,6,1,1024,23,5242779933
2385,149840587,4850,149845437,0,7,1,5120,22,9619623555
2386,149879188,5802,149884990,0,7,1,6144,22,9573250863
2387,149922393,1042,149923435,0,2,1,1024,11,3792499747
2388,149954590,45596,150000186,0,4,0,1024,33,2488378318
2389,150014157,48980,150063137,0,4,0,2048,33,5158350056
2390,150041435,24242,150065677,0,5,1,40448,7,1471535589
2391,150050444,3422,150053866,0,6,1,3584,23,10553800044
2392,150067091,3422,150070513,0,0,1,3584,40,5560072410
2393,150093583,3422,150097005,0,1,1,3584,38,2449449575
2394,150157782,1042,150158824,0,1,1,1024,38,9394890687
2395,150197790,22433,150220223,0,5,1,36864,7,976982773
2396,150208198,2470,150210668,0,1,1,2560,38,3800960515
2397,150267521,1518,150269039,0,1,1,1536,38,268132195
2398,150292138,3645,150295783,0,6,1,10240,23,879364377
2399,150328634,12737,150341371,0,5,1,24576,7,2662246900
2400,150596986,2470,150599456,0,2,1,2560,11,1576494834
2401,150649608,1518,150651126,0,1,1,1536,38,857778915
2402,150740501,121004,150861505,0,4,0,97280,33,1070010382
2403,150822192,1994,150824186,0,1,1,2048,38,2085479219
2404,150888371,67616,150955987,0,4,0,12800,33,6627327503
2405,150901991,4850,150906841,0,6,1,5120,23,9340432364
2406,151053880,3904,151057784,0,2,1,10752,11,9635700521
2407,151073468,3422,151076890,0,6,1,3584,23,8984169833
2408,151087892,113299,151201191,0,5,1,183808,7,2144388833
2409,151095777,7706,151103483,0,1,1,8192,38,556937638
2410,151392760,3422,151396182,0,6,1,3584,23,4788646515
2411,151430321,6754,151437075,0,1,1,7168,38,478157868
2412,151498378,4374,151502752,0,2,1,4608,11,7619794525
2413,151500222,4374,151504596,0,0,1,4608,40,7541614504
2414,151614378,4937,151619315,0,5,1,12800,7,5927566922
2415,151707607,108212,151815819,0,9,0,55296,5,10614468903
2416,151776342,70167,151846509,0,9,0,8704,5,7209943117
2417,151882798,6754,151889552,0,5,1,7168,7,8655427105
2418,151936372,14804,151951176,0,0,1,28672,40,8595361711
2419,151943209,11016,151954225,0,5,1,17920,7,8169186500
2420,151946798,6278,151953076,0,6,1,6656,23,3455886667
2421,152070845,101504,152172349,0,4,0,33280,33,4692768075
2422,152304604,2946,152307550,0,6,1,3072,23,7537518761
2423,152354837,2946,152357783,0,2,1,3072,11,3688258480
2424,152383923,22862,152406785,0,5,1,40960,7,400098796
2425,152419390,7230,152426620,0,2,1,7680,11,4180726240
2426,152459002,5196,152464198,0,5,1,13312,7,703261669
2427,152470227,24670,152494897,0,0,1,44544,40,4515942989
2428,152523904,566,152524470,0,8,1,512,5,8904934140
2429,152629503,2946,152632449,0,3,1,3072,37,10217351803
2430,152673139,4937,152678076,0,3,1,12800,37,5278178325
2431,152675688,11274,152686962,0,0,1,18432,40,4494283264
2432,152689276,1042,152690318,0,0,1,1024,40,2716520020
2433,152895562,3422,152898984,0,7,1,3584,22,10440460664
2434,152926222,5454,152931676,0,5,1,13824,7,2048827681
2435,152936821,5326,152942147,0,9,1,5632,5,7755908643
2436,153025446,3128,153028574,0,7,1,9216,22,3395567085
2437,153051805,4850,153056655,0,9,1,5120,5,9135012865
2438,153070982,2470,153073452,0,7,1,2560,22,4711957618
2439,153118992,3645,153122637,0,7,1,10240,22,566171196
2440,153124418,4374,153128792,0,9,1,4608,5,10331260374
2441,153150628,55821,153206449,0,0,1,95232,40,1993627094
2442,153201004,4162,153205166,0,6,1,11264,23,5840964633
2443,153246161,4162,153250323,0,0,1,11264,40,7832462906
2444,153303563,69464,153373027,0,9,0,13824,5,5693159855
2445,153383992,4374,153388366,0,6,1,4608,23,10103066287
2446,153420184,1518,153421702,0,1,1,1536,38,2765572627
2447,153440327,1994,153442321,0,9,1,2048,5,816609701
2448,153468723,3645,153472368,0,4,1,10240,33,10150587609
2449,153473417,3387,153476804,0,6,1,9728,23,4012851209
2450,153571742,6754,153578496,0,7,1,7168,22,1012157696
2451,153616303,45596,153661899,0,9,0,1024,5,9065315061
2452,153678399,4850,153683249,0,7,1,5120,22,1484213361
2453,153685104,3387,153688491,0,1,1,9728,38,10601015685
2454,153692958,13083,153706041,0,0,1,22016,40,6549177315
2455,153753488,12049,153765537,0,6,1,19968,23,8152298483
2456,153753938,3898,153757836,0,5,1,4096,7,10098265823
2457,153763884,2639,153766523,0,6,1,1536,23,7986743240
2458,153777973,566,153778539,0,9,1,512,5,2705379779
2459,153810731,1518,153812249,0,5,1,1536,7,3179060762
2460,153820040,5802,153825842,0,3,1,6144,37,2703604402
2461,153850223,45596,153895819,0,9,0,1024,5,1197140886
2462,153884142,6488,153890630,0,1,1,15872,38,7846502465
2463,153901514,43904,153945418,0,9,0,512,5,4970019160
2464,153923260,3898,153927158,0,5,1,4096,7,5741737826
2465,153945613,4937,153950550,0,6,1,12800,23,6645571408
2466,153995534,4374,153999908,0,3,1,4608,37,2708540890
2467,154044724,1518,154046242,0,5,1,1536,7,3424491227
2468,154082589,57752,154140341,0,9,0,5632,5,5488735477
2469,154151050,7230,154158280,0,5,1,7680,7,8966500998
2470,154155659,7230,154162889,0,1,1,7680,38,5096022159
2471,154158694,99164,154257858,0,4,0,25600,33,724961139
2472,154163684,3422,154167106,0,6,1,3584,23,6288093431
2473,154170806,4162,154174968,0,5,1,11264,7,594460352
2474,154187662,13512,154201174,0,0,1,26112,40,9951030946
2475,154202783,566,154203349,0,2,1,512,11,915291115
2476,154253035,1518,154254553,0,6,1,1536,23,1938963373
2477,154280232,3898,154284130,0,6,1,4096,23,3505533496
2478,154322906,1994,154324900,0,1,1,2048,38,3097534212
2479,154427295,45596,154472891,0,9,0,1024,5,4036675888
2480,154464644,1042,154465686,0,1,1,1024,38,736475055
2481,154593994,10757,154604751,0,0,1,17408,40,4298655688
2482,154607588,1518,154609106,0,1,1,1536,38,1696961208
2483,154634681,22433,154657114,0,5,1,36864,7,10008104707
2484,154641066,6278,154647344,0,3,1,6656,37,2155073428
2485,154671508,4374,154675882,0,2,1,4608,11,7407563116
2486,154801162,1518,154802680,0,2,1,1536,11,5985281085
2487,154815529,1994,154817523,0,1,1,2048,38,1035238796
2488,154865366,102440,154967806,0,4,0,36352,33,5026035875
2489,154898713,43887,154942600,0,0,1,75264,40,7926814927
2490,154918756,6278,154925034,0,5,1,6656,7,41557992
2491,154948500,113516,155062016,0,4,0,72704,33,7744772201
2492,155086637,44662,155131299,0,0,1,76800,40,7015753128
2493,155227822,1042,155228864,0,1,1,1024,38,6896758605
2494,155233724,108212,155341936,0,4,0,55296,33,6196565326
2495,155332557,11274,155343831,0,1,1,18432,38,9243661418
2496,155440344,1518,155441862,0,2,1,1536,11,3408527159
2497,155441724,3898,155445622,0,7,1,4096,22,4441762464
2498,155479848,5196,155485044,0,0,1,13312,40,6593353110
2499,155488213,43904,155532117,0,9,0,512,5,735807690
2500,155511942,3128,155515070,0,2,1,9216,11,2781110817
2501,155569813,94600,155664413,0,0,1,154112,40,8076678920
2502,155571216,566,155571782,0,7,1,512,22,394831865
2503,155590716,3898,155594614,0,1,1,4096,38,1872972605
2504,155744359,566,155744925,0,7,1,512,22,4974156870
2505,155746652,4850,155751502,0,1,1,5120,38,7429491364
2506,155768208,1042,155769250,0,0,1,1024,40,3704894601
2507,155858630,3128,155861758,0,2,1,9216,11,10707077982
2508,155876967,11533,155888500,0,0,1,18944,40,2155571730
2509,155930261,2470,155932731,0,1,1,2560,38,5417045693
2510,156043278,7230,156050508,0,1,1,7680,38,5353897237
2511,156086333,100880,156187213,0,4,0,31232,33,106388230
2512,156102620,5326,156107946,0,2,1,5632,11,5110577405
2513,156130342,566,156130908,0,9,1,512,5,5052917038
2514,156154230,7706,156161936,0,1,1,8192,38,8991905759
2515,156338361,33245,156371606,0,0,1,57856,40,4196745230
2516,156355088,99788,156454876,0,4,0,27648,33,207613107
2517,156392910,566,156393476,0,7,1,512,22,3295940394
2518,156491212,43904,156535116,0,9,0,512,5,6039606636
2519,156592591,4420,156597011,0,1,1,11776,38,242652714
2520,156704612,3422,156708034,0,7,1,3584,22,141662175
2521,156801418,6754,156808172,0,3,1,7168,37,1381344097
2522,156826262,43904,156870166,0,9,0,512,5,7633123761
2523,156859056,11791,156870847,0,1,1,19456,38,579946241
2524,156945135,11274,156956409,0,1,1,18432,38,3831477965
2525,156979258,4374,156983632,0,7,1,4608,22,2998063077
2526,157103048,76388,157179436,0,4,0,16384,33,5389372401
2527,157204310,2870,157207180,0,3,1,8704,37,10320836777
2528,157329923,2470,157332393,0,1,1,2560,38,8940585564
2529,157363568,2946,157366514,0,1,1,3072,38,3146357508
2530,157363577,566,157364143,0,3,1,512,37,1064580991
2531,157368305,43904,157412209,0,9,0,512,5,3480566740
2532,157370321,1042,157371363,0,7,1,1024,22,835686919
2533,157472380,2946,157475326,0,7,1,3072,22,3284809067
2534,157506901,101192,157608093,0,4,0,32256,33,1054676017
2535,157767430,115232,157882662,0,4,0,78336,33,9413863548
2536,157767847,43904,157811751,0,9,0,512,5,1913356710
2537,157816478,4374,157820852,0,3,1,4608,37,1563575202
2538,157816742,7230,157823972,0,1,1,7680,38,3610102375
2539,157827599,2870,157830469,0,7,1,8704,22,3369941432
2540,158012223,3898,158016121,0,6,1,4096,23,4929916413
2541,158321455,3422,158324877,0,3,1,3584,37,4113128710
2542,158405086,2470,158407556,0,3,1,2560,37,8889545217
2543,158405645,113360,158519005,0,4,0,72192,33,1865446018
2544,158456281,92436,158548717,0,4,0,6144,33,8487505815
2545,158476277,45596,158521873,0,9,0,1024,5,8866104736
2546,158797784,89456,158887240,0,4,0,18944,33,3738725252
2547,158802150,6754,158808904,0,2,1,7168,11,5417828846
2548,158845794,3128,158848922,0,3,1,9216,37,5180939565
2549,159045553,1042,159046595,0,7,1,1024,22,8147583391
2550,159060497,43904,159104401,0,9,0,512,5,6964805506
2551,159184380,45596,159229976,0,9,0,1024,5,3686491983
2552,159251259,5802,159257061,0,7,1,6144,22,281429233
2553,159443847,47288,159491135,0,9,0,1536,5,7527552478
2554,159502009,1042,159503051,0,7,1,1024,22,9966198628
2555,159546505,105092,159651597,0,4,0,45056,33,3632450950
2556,159583963,21658,159605621,0,0,1,35328,40,1287752428
2557,159613203,3904,159617107,0,0,1,10752,40,6898358673
2558,159620623,2870,159623493,0,0,1,8704,40,10572078856
2559,159656035,47288,159703323,0,9,0,1536,5,893938924
2560,160004421,5326,160009747,0,3,1,5632,37,10096082903
2561,160028271,45596,160073867,0,9,0,1024,5,10106291376
2562,160036811,100100,160136911,0,4,0,28672,33,8105313035
2563,160323402,2470,160325872,0,3,1,2560,37,6255051726
2564,160357915,566,160358481,0,7,1,512,22,9312068675
2565,160535529,4374,160539903,0,3,1,4608,37,10219918768
2566,160558027,43904,160601931,0,9,0,512,5,579502778
2567,160560118,69284,160629402,0,4,0,8192,33,10121111045
2568,160593312,2470,160595782,0,7,1,2560,22,9219864968
2569,160595407,4850,160600257,0,3,1,5120,37,10160909066
2570,160598254,43904,160642158,0,4,0,512,33,258061710
2571,160668157,5326,160673483,0,7,1,5632,22,10165211580
2572,160866873,48980,160915853,0,9,0,2048,5,6352865456
2573,160909981,3898,160913879,0,3,1,4096,37,8263971599
2574,161101905,1518,161103423,0,3,1,1536,37,8580284418
2575,161121000,2946,161123946,0,7,1,3072,22,5708475748
2576,161147624,5326,161152950,0,3,1,5632,37,239138979
2577,161194452,43904,161238356,0,9,0,512,5,3291654238
2578,161228957,5971,161234928,0,3,1,14848,37,10049649341
2579,161282374,4374,161286748,0,3,1,4608,37,2423245530
2580,161308801,10757,161319558,0,0,1,17408,40,7772617888
2581,161477900,6278,161484178,0,7,1,6656,22,2775663498
2582,161552365,43904,161596269,0,9,0,512,5,9784490411
2583,161560694,6278,161566972,0,7,1,6656,22,2125100149
2584,161602981,5326,161608307,0,3,1,5632,37,6454025822
2585,161646846,1042,161647888,0,5,1,1024,7,4203793343
2586,161768352,14029,161782381,0,0,1,27136,40,2097947823
2587,161782923,2946,161785869,0,0,1,3072,40,2439685720
2588,162023989,43904,162067893,0,9,0,512,5,7523402229
2589,162050669,566,162051235,0,9,1,512,5,3841383011
2590,162054582,46885,162101467,0,9,0,1024,5,920192492
2591,162065660,2946,162068606,0,9,1,3072,5,9948958965
2592,162069203,566,162069769,0,3,1,512,37,2887381876
2593,162078926,45596,162124522,0,4,0,1024,33,320889853
2594,162091742,566,162092308,0,3,1,512,37,5451965708
2595,162206890,45596,162252486,0,9,0,1024,5,1276324157
2596,162286810,52364,162339174,0,9,0,3072,5,1736259561
2597,162292931,12566,162305497,0,0,1,20992,40,8331536371
2598,162333862,3898,162337760,0,5,1,4096,7,8248835233
2599,162532760,566,162533326,0,9,1,512,5,3473931742
2600,162535851,5802,162541653,0,3,1,6144,37,2875493432
2601,162647785,1042,162648827,0,4,1,1024,33,10550516404
2602,162665770,4679,162670449,0,5,1,12288,7,2925898015
2603,162667925,2946,162670871,0,3,1,3072,37,8992943417
2604,162702145,47288,162749433,0,9,0,1536,5,10198498100
2605,162846205,3898,162850103,0,4,1,4096,33,8835960391
2606,162923021,43975,162966996,0,0,1,72192,40,9808226562
2607,162931118,1994,162933112,0,3,1,2048,37,118048954
2608,162959765,43904,163003669,0,4,0,512,33,3388599453
2609,162967392,1518,162968910,0,3,1,1536,37,6808493378
2610,162992855,4374,162997229,0,9,1,4608,5,145190779
2611,163176095,1042,163177137,0,1,1,1024,38,1726648774
2612,163192607,3898,163196505,0,9,1,4096,5,5612823400
2613,163323971,43904,163367875,0,4,0,512,33,637499701
2614,163420533,566,163421099,0,9,1,512,5,4259588440
2615,163475488,566,163476054,0,8,1,512,5,284807713
2616,163485955,5712,163491667,0,8,1,14336,5,756301394
2617,163662077,1042,163663119,0,3,1,1024,37,6394756717
2618,163702007,2946,163704953,0,9,1,3072,5,1171408643
2619,163747245,1994,163749239,0,9,1,2048,5,1015138514
2620,163879137,5712,163884849,0,0,1,14336,40,949888738
2621,163986888,43904,164030792,0,9,0,512,5,3904372183
2622,164030558,5802,164036360,0,8,1,6144,5,4639818232
2623,164218969,2470,164221439,0,8,1,2560,5,10508625943
2624,164305830,7230,164313060,0,9,1,7680,5,1378786065
2625,164319036,47288,164366324,0,4,0,1536,33,5615737566
2626,164401534,45596,164447130,0,9,0,1024,5,4591106904
2627,164512073,62158,164574231,0,0,1,100864,40,1291167015
2628,164547775,6278,164554053,0,9,1,6656,5,8900847248
2629,164559055,25596,164584651,0,0,1,41472,40,5947688902
2630,164605820,1994,164607814,0,3,1,2048,37,2876113441
2631,164619129,2470,164621599,0,8,1,2560,5,6581477310
2632,164642369,4937,164647306,0,0,1,12800,40,4781466754
2633,164650271,61899,164712170,0,8,1,100352,5,6889415468
2634,164653176,59660,164712836,0,8,1,11264,5,9479364816
2635,164712335,48980,164761315,0,9,0,2048,5,1399966246
2636,164820400,3422,164823822,0,3,1,3584,37,8836367826
2637,164896435,2870,164899305,0,9,1,8704,5,4639059052
2638,165013513,66462,165079975,0,0,1,112640,40,2979789358
2639,165087126,48980,165136106,0,9,0,2048,5,10705378303
2640,165146647,21141,165167788,0,0,1,34304,40,10009925769
2641,165154970,6754,165161724,0,3,1,7168,37,1669967458
2642,165209634,35054,165244688,0,8,1,61440,5,2092650196
2643,165309308,3898,165313206,0,3,1,4096,37,8487033818
2644,165433206,1994,165435200,0,3,1,2048,37,1897696451
2645,165453807,4374,165458181,0,9,1,4608,5,5859314838
2646,165516398,6278,165522676,0,0,1,6656,40,8678977703
2647,165565234,1042,165566276,0,8,1,1024,5,5151039775
2648,165600171,50672,165650843,0,9,0,2560,5,10422831115
2649,165694391,1042,165695433,0,0,1,1024,40,2039521963
2650,165729792,53841,165783633,0,0,1,88064,40,8653423779
2651,165843730,5326,165849056,0,3,1,5632,37,1341867764
2652,165845830,16096,165861926,0,0,1,31232,40,10162817170
2653,165868667,3645,165872312,0,9,1,10240,5,8025043369
2654,166000244,3645,166003889,0,9,1,10240,5,8491704193
2655,166173943,4374,166178317,0,0,1,4608,40,6778708077
2656,166191353,1518,166192871,0,3,1,1536,37,3632884325
2657,166254441,4679,166259120,0,3,1,12288,37,1866655344
2658,166259458,16096,166275554,0,8,1,31232,5,2727566079
2659,166286365,45596,166331961,0,4,0,1024,33,8808099321
2660,166289194,3904,166293098,0,8,1,10752,5,3949189257
2661,166415709,1042,166416751,0,1,1,1024,38,3312069925
2662,166516266,24929,166541195,0,0,1,45056,40,9106450876
2663,166556214,1518,166557732,0,5,1,1536,7,6489278026
2664,166632247,2470,166634717,0,5,1,2560,7,10145201262
2665,166640732,3128,166643860,0,0,1,9216,40,3435973156
2666,166704530,34108,166738638,0,0,1,56320,40,132068036
2667,166704626,6754,166711380,0,5,1,7168,7,244101567
2668,166747033,2946,166749979,0,3,1,3072,37,9516473383
2669,166792985,33245,166826230,0,0,1,57856,40,10289468699
2670,166817152,11791,166828943,0,8,1,19456,5,9747469638
2671,166828111,1994,166830105,0,5,1,2048,7,4887889508
2672,166834183,1994,166836177,0,4,1,2048,33,6591880305
2673,166854739,5971,166860710,0,8,1,14848,5,4010093590
2674,166857752,3128,166860880,0,0,1,9216,40,9433681002
2675,167116812,21141,167137953,0,0,1,34304,40,1021741322
2676,167138413,2870,167141283,0,0,1,8704,40,1202742410
2677,167153962,86712,167240674,0,8,1,145408,5,8354943612
2678,167321034,52364,167373398,0,4,0,3072,33,1396290317
2679,167481814,10499,167492313,0,8,1,16896,5,2981177216
2680,167488840,5326,167494166,0,0,1,5632,40,5514441841
2681,167532746,10499,167543245,0,3,1,16896,37,8925669245
2682,167545807,1994,167547801,0,0,1,2048,40,3366497814
2683,167692698,50672,167743370,0,4,0,2560,33,3291606800
2684,167694958,43904,167738862,0,4,0,512,33,1134946275
2685,167706457,33333,167739790,0,8,1,54784,5,5356708983
2686,167716684,3898,167720582,0,0,1,4096,40,3415503235
2687,167866991,6754,167873745,0,0,1,7168,40,6552986489
2688,167872924,3898,167876822,0,0,1,4096,40,5517707785
2689,168031447,2946,168034393,0,3,1,3072,37,1019828354
2690,168096913,43904,168140817,0,4,0,512,33,6847783128
2691,168181710,43904,168225614,0,4,0,512,33,3347733343
2692,168215336,43904,168259240,0,5,0,512,7,3461928847
2693,168316388,2470,168318858,0,8,1,2560,5,5027728581
2694,168367717,41132,168408849,0,8,1,66560,5,8900645825
2695,168397237,2946,168400183,0,2,1,3072,11,2733764470
2696,168521763,26221,168547984,0,8,1,47616,5,3064651611
2697,168535939,12404,168548343,0,8,1,9728,5,2099768377
2698,168587054,2470,168589524,0,3,1,2560,37,9657917762
2699,168625027,43904,168668931,0,4,0,512,33,8692731275
2700,168660685,11791,168672476,0,8,1,19456,5,4784954873
2701,168669952,1518,168671470,0,3,1,1536,37,7659368354
2702,168694348,45596,168739944,0,4,0,1024,33,627164561
2703,168774174,1518,168775692,0,0,1,1536,40,6488727857
2704,168900386,1994,168902380,0,2,1,2048,11,892434893
2705,168964200,5326,168969526,0,5,1,5632,7,1090131485
2706,169066627,566,169067193,0,2,1,512,11,3728844591
2707,169105973,1994,169107967,0,5,1,2048,7,2174511087
2708,169178863,45596,169224459,0,4,0,1024,33,3437089978
2709,169457405,566,169457971,0,0,1,512,40,4721240888
2710,169482339,2946,169485285,0,3,1,3072,37,8789928402
2711,169493515,43200,169536715,0,8,1,70656,5,5358713366
2712,169504842,42907,169547749,0,8,1,44544,5,8177322396
2713,169510368,3898,169514266,0,0,1,4096,40,295492523
2714,169530916,566,169531482,0,5,1,512,7,10036501963
2715,169550060,32816,169582876,0,8,1,53760,5,1307529775
2716,169595178,6488,169601666,0,8,1,15872,5,7487761847
2717,169610351,96092,169706443,0,3,0,25600,37,5310088554
2718,169619002,5326,169624328,0,2,1,5632,11,9110441110
2719,169633103,2946,169636049,0,0,1,3072,40,2346350761
2720,169675028,114293,169789321,0,3,0,69632,37,840027243
2721,169783991,1042,169785033,0,2,1,1024,11,5796742250
2722,169810988,117728,169928716,0,3,0,86528,37,4751854728
2723,169876807,1994,169878801,0,1,1,2048,38,3033993094
2724,170016045,5326,170021371,0,5,1,5632,7,7896013823
2725,170043009,2870,170045879,0,1,1,8704,38,3771325995
2726,170130161,566,170130727,0,0,1,512,40,8802799163
2727,170155147,121472,170276619,0,3,0,98816,37,1143614877
2728,170178220,4850,170183070,0,1,1,5120,38,1888485148
2729,170210957,106336,170317293,0,3,0,19456,37,3621695222
2730,170258352,2470,170260822,0,6,1,2560,23,492573058
2731,170333080,4374,170337454,0,5,1,4608,7,1127389781
2732,170555152,1518,170556670,0,1,1,1536,38,5340763419
2733,170560822,12737,170573559,0,8,1,24576,5,8097872512
2734,170571842,1042,170572884,0,2,1,1024,11,7589890765
2735,170583957,73575,170657532,0,8,1,119808,5,758335891
2736,170590223,6754,170596977,0,2,1,7168,11,4193890269
2737,170593978,3898,170597876,0,0,1,4096,40,7305211637
2738,170597674,50672,170648346,0,4,0,2560,33,9446665352
2739,170636509,26412,170662921,0,8,1,17408,5,89480933
2740,170646234,4374,170650608,0,1,1,4608,38,3538864785
2741,170744918,5712,170750630,0,8,1,14336,5,6419372197
2742,170763621,1042,170764663,0,1,1,1024,38,5454951748
2743,170790324,100724,170891048,0,3,0,30720,37,1967272277
2744,170842934,3645,170846579,0,0,1,10240,40,2055393423
2745,170929369,3645,170933014,0,5,1,10240,7,10683421255
2746,171045169,127088,171172257,0,3,0,117248,37,2647328315
2747,171051490,3898,171055388,0,1,1,4096,38,4408105750
2748,171106422,144975,171251397,0,3,0,77312,37,5922815580
2749,171239687,1518,171241205,0,4,1,1536,33,475485735
2750,171241243,45596,171286839,0,4,0,1024,33,3984237240
2751,171256144,1042,171257186,0,0,1,1024,40,5283174761
2752,171289260,60692,171349952,0,3,0,10240,37,2908858453
2753,171304729,3645,171308374,0,2,1,10240,11,4331073885
2754,171354701,5712,171360413,0,0,1,14336,40,6648386817
2755,171418049,23378,171441427,0,8,1,41984,5,3626681725
2756,171445155,105092,171550247,0,3,0,45056,37,6123605298
2757,171488774,3422,171492196,0,2,1,3584,11,8420551291
2758,171527293,3898,171531191,0,1,1,4096,38,6301973104
2759,171529249,1518,171530767,0,5,1,1536,7,3891865332
2760,171529255,4850,171534105,0,0,1,5120,40,4251932026
2761,171536766,43904,171580670,0,4,0,512,33,1770226395
2762,171663053,3422,171666475,0,2,1,3584,11,6876876403
2763,171691013,180704,171871717,0,3,0,152064,37,7862026448
2764,171718702,566,171719268,0,1,1,512,38,2962623443
2765,171830060,2470,171832530,0,1,1,2560,38,8414712152
2766,171881554,4374,171885928,0,1,1,4608,38,8934971251
2767,171956016,64225,172020241,0,8,1,104960,5,527954294
2768,171971358,59713,172031071,0,8,1,43520,5,7535290088
2769,172123623,3898,172127521,0,2,1,4096,11,7281735618
2770,172177812,77900,172255712,0,3,0,11264,37,1131933931
2771,172293388,3898,172297286,0,2,1,4096,11,7860296250
2772,172308844,42166,172351010,0,8,1,68608,5,2074405921
2773,172350612,6278,172356890,0,1,1,6656,38,4309549797
2774,172382371,12995,172395366,0,8,1,25088,5,9703448913
2775,172387218,9774,172396992,0,8,1,2560,5,8474161695
2776,172552019,1518,172553537,0,2,1,1536,11,125531202
2777,172615820,1042,172616862,0,2,1,1024,11,3825216128
2778,172617743,7230,172624973,0,8,1,7680,5,1117208286
2779,172774561,1518,172776079,0,0,1,1536,40,3538678998
2780,172906017,6754,172912771,0,8,1,7168,5,10286034048
2781,172929056,2470,172931526,0,0,1,2560,40,4884986649
2782,172949889,1518,172951407,0,0,1,1536,40,10250569415
2783,172969615,1994,172971609,0,2,1,2048,11,6878120840
2784,173000777,2470,173003247,0,2,1,2560,11,4332885859
2785,173046800,1042,173047842,0,1,1,1024,38,1414951761
2786,173142446,3128,173145574,0,0,1,9216,40,10364545070
2787,173236172,42166,173278338,0,8,1,68608,5,6776158286
2788,173269742,7706,173277448,0,1,1,8192,38,820872266
2789,173272486,5308,173277794,0,1,1,512,38,9452682914
2790,173450431,3898,173454329,0,2,1,4096,11,9295703992
2791,173469413,4937,173474350,0,1,1,12800,38,6373729809
2792,173488166,566,173488732,0,0,1,512,40,5265560485
2793,173509213,106340,173615553,0,3,0,49152,37,5483692847
2794,173524235,5326,173529561,0,0,1,5632,40,6013988890
2795,173538785,158494,173697279,0,3,0,109568,37,3676347491
2796,173557267,5971,173563238,0,0,1,14848,40,9091479716
2797,173634720,16613,173651333,0,8,1,32256,5,5669344571
2798,173713318,2870,173716188,0,1,1,8704,38,8371299704
2799,173792196,1518,173793714,0,2,1,1536,11,5869893408
2800,173818797,45696,173864493,0,8,1,78848,5,2477838514
2801,173854793,5326,173860119,0,1,1,5632,38,3648017545
2802,173863911,53495,173917406,0,8,1,90624,5,6120486811
2803,173985159,566,173985725,0,2,1,512,11,4994197445
2804,174052405,10499,174062904,0,8,1,16896,5,1287594813
2805,174101562,566,174102128,0,2,1,512,11,2557250808
2806,174122947,5712,174128659,0,2,1,14336,11,6375010072
2807,174144627,43904,174188531,0,4,0,512,33,10572572177
2808,174296187,107432,174403619,0,3,0,52736,37,5887250531
2809,174320573,7230,174327803,0,1,1,7680,38,4913858341
2810,174421137,147979,174569116,0,8,1,244736,5,9765424460
2811,174577156,2470,174579626,0,1,1,2560,38,9569891393
2812,174801940,45596,174847536,0,4,0,1024,33,2588715003
2813,175082682,100412,175183094,0,3,0,29696,37,4349589973
2814,175206306,85940,175292246,0,3,0,22528,37,5355361898
2815,175217482,5802,175223284,0,1,1,6144,38,3200253921
2816,175244026,80278,175324304,0,3,0,5632,37,8960828814
2817,175261589,45596,175307185,0,4,0,1024,33,9855553340
2818,175369376,1994,175371370,0,1,1,2048,38,10271150632
2819,175560278,3422,175563700,0,2,1,3584,11,5882613498
2820,175682698,93752,175776450,0,3,0,17920,37,865140418
2821,175896217,1994,175898211,0,1,1,2048,38,7738634513
2822,175932766,10757,175943523,0,2,1,17408,11,6163089292
2823,176058956,43904,176102860,0,4,0,512,33,8679915676
2824,176178603,46212,176224815,0,8,1,79872,5,10557654914
2825,176312854,4850,176317704,0,2,1,5120,11,5471714638
2826,176433438,43904,176477342,0,4,0,512,33,6092405018
2827,176597494,3898,176601392,0,1,1,4096,38,9886954875
2828,176647422,5802,176653224,0,1,1,6144,38,9092856030
2829,176796904,43458,176840362,0,8,1,71168,5,2407314818
2830,176813262,76882,176890144,0,8,1,115712,5,6402872873
2831,177057056,4937,177061993,0,1,1,12800,38,8980889275
2832,177091061,5326,177096387,0,4,1,5632,33,9562271139
2833,177106580,2470,177109050,0,2,1,2560,11,4471850150
2834,177111185,3422,177114607,0,8,1,3584,5,2554711716
2835,177116632,5326,177121958,0,2,1,5632,11,1592104748
2836,177270716,1518,177272234,0,1,1,1536,38,3653189166
2837,177297939,3904,177301843,0,8,1,10752,5,6803235603
2838,177350425,4420,177354845,0,8,1,11776,5,9127773011
2839,177429449,12308,177441757,0,1,1,20480,38,378484755
2840,177529867,43904,177573771,0,4,0,512,33,7218012760
2841,177582951,5802,177588753,0,2,1,6144,11,6221624111
2842,177669718,1518,177671236,0,5,1,1536,7,2065605788
2843,177684386,7230,177691616,0,1,1,7680,38,72558124
2844,177696346,11791,177708137,0,6,1,19456,23,7853865922
2845,177781761,4850,177786611,0,2,1,5120,11,9644481007
2846,177790440,6278,177796718,0,2,1,6656,11,2035271590
2847,177855533,1042,177856575,0,5,1,1024,7,5823669239
2848,177867210,23378,177890588,0,8,1,41984,5,6403795370
2849,177960287,1518,177961805,0,6,1,1536,23,1960707208
2850,178011460,6754,178018214,0,8,1,7168,5,417208672
2851,178307185,7230,178314415,0,5,1,7680,7,6646363845
2852,178337601,4850,178342451,0,5,1,5120,7,2627780733
2853,178401256,4374,178405630,0,6,1,4608,23,10161937035
2854,178410358,198704,178609062,0,3,0,190976,37,31161155
2855,178515552,11274,178526826,0,8,1,18432,5,7349681917
2856,178544274,112580,178656854,0,2,0,69632,11,430730303
2857,178733817,3645,178737462,0,2,1,10240,11,7681978701
2858,178914119,52676,178966795,0,3,0,4096,37,5648281436
2859,178976017,12825,178988842,0,8,1,21504,5,1982947667
2860,179016120,4850,179020970,0,5,1,5120,7,5187886426
2861,179060765,3898,179064663,0,2,1,4096,11,3911231218
2862,179115312,5802,179121114,0,5,1,6144,7,5977081546
2863,179139131,1994,179141125,0,6,1,2048,23,4645104174
2864,179140704,4679,179145383,0,1,1,12288,38,10122836690
2865,179150568,65900,179216468,0,3,0,7168,37,2428005479
2866,179166483,1042,179167525,0,5,1,1024,7,2514214142
2867,179169702,6278,179175980,0,5,1,6656,7,5192345762
2868,179203565,7706,179211271,0,5,1,8192,7,9685654293
2869,179206500,3422,179209922,0,6,1,3584,23,5880718414
2870,179286924,6278,179293202,0,2,1,6656,11,10173285218
2871,179323688,16613,179340301,0,8,1,32256,5,8845776584
2872,179352099,6754,179358853,0,2,1,7168,11,8174701011
2873,179365816,43904,179409720,0,4,0,512,33,6159524429
2874,179394615,566,179395181,0,2,1,512,11,6601999375
2875,179423053,12049,179435102,0,5,1,19968,7,7076763850
2876,179514706,5802,179520508,0,2,1,6144,11,2769424200
2877,179516983,165632,179682615,0,3,0,147968,37,6325192906
2878,179594281,5454,179599735,0,5,1,13824,7,7416389619
2879,179623137,54100,179677237,0,8,1,88576,5,6179457559
2880,179625286,52297,179677583,0,8,1,512,5,9175451556
2881,179773148,5326,179778474,0,2,1,5632,11,8369843830
2882,179857471,2870,179860341,0,5,1,8704,7,3408021612
2883,179976929,1994,179978923,0,2,1,2048,11,3947436022
2884,179981206,2946,179984152,0,6,1,3072,23,7025002604
2885,180088582,44404,180132986,0,8,1,76288,5,9200125228
2886,180141341,25704,180167045,0,8,1,46592,5,6931204537
2887,180142782,25134,180167916,0,8,1,12288,5,5013257599
2888,180158187,5326,180163513,0,1,1,5632,38,2666822301
2889,180200481,7230,180207711,0,6,1,7680,23,421229048
2890,180238679,6278,180244957,0,1,1,6656,38,9524340667
2891,180249478,4850,180254328,0,6,1,5120,23,7585823500
2892,180284191,2946,180287137,0,1,1,3072,38,7116668629
2893,180417592,43904,180461496,0,4,0,512,33,1984043910
2894,180455057,10757,180465814,0,8,1,17408,5,206505435
2895,180513087,43904,180556991,0,4,0,512,33,1198761548
2896,180525291,4420,180529711,0,6,1,11776,23,2917511617
2897,180525336,46729,180572065,0,8,1,80896,5,8740590819
2898,180589444,4374,180593818,0,8,1,4608,5,5182401381
2899,180608681,3387,180612068,0,6,1,9728,23,9347254578
2900,180618891,6278,180625169,0,5,1,6656,7,8071758348
2901,180836528,125216,180961744,0,3,0,111104,37,7400904130
2902,180869977,1042,180871019,0,6,1,1024,23,4996134598
2903,181008466,2946,181011412,0,2,1,3072,11,7476572758
2904,181093652,6754,181100406,0,5,1,7168,7,7963592303
2905,181405050,60824,181465874,0,3,0,5632,37,690767849
2906,181504598,2470,181507068,0,6,1,2560,23,5411243252
2907,181587270,54836,181642106,0,3,0,6144,37,8404365335
2908,181593596,3898,181597494,0,3,1,4096,37,8586903931
2909,181633613,98228,181731841,0,3,0,22528,37,4247774204
2910,181665973,43904,181709877,0,4,0,512,33,10641652105
2911,181672795,60620,181733415,0,4,0,1024,33,4207688846
2912,181820284,1518,181821802,0,7,1,1536,22,9946067139
2913,181890609,7230,181897839,0,1,1,7680,38,7745677459
2914,182017090,6278,182023368,0,7,1,6656,22,1922624123
2915,182147885,566,182148451,0,2,1,512,11,4304407957
2916,182300316,2946,182303262,0,2,1,3072,11,1631675446
2917,182362377,4850,182367227,0,6,1,5120,23,2663861837
2918,182428130,7230,182435360,0,5,1,7680,7,5261953281
2919,182528055,4374,182532429,0,2,1,4608,11,10168121493
2920,182569802,43904,182613706,0,4,0,512,33,5534351688
2921,182720548,1994,182722542,0,6,1,2048,23,4447842541
2922,182954308,6754,182961062,0,2,1,7168,11,7282258609
2923,183080779,1042,183081821,0,3,1,1024,37,7424625602
2924,183169908,2470,183172378,0,1,1,2560,38,10637696073
2925,183276272,7706,183283978,0,3,1,8192,37,5675299701
2926,183298363,1994,183300357,0,1,1,2048,38,7649499847
2927,183339638,62984,183402622,0,3,0,7680,37,10564418063
2928,183433026,3898,183436924,0,6,1,4096,23,6398322599
2929,183483453,1042,183484495,0,1,1,1024,38,10357326406
2930,183547994,106964,183654958,0,3,0,51200,37,4952554085
2931,183574056,566,183574622,0,1,1,512,38,10196274927
2932,183811590,566,183812156,0,9,1,512,5,8600308290
2933,183834350,2470,183836820,0,1,1,2560,38,5024165273
2934,183848723,6278,183855001,0,2,1,6656,11,789164843
2935,184044740,1042,184045782,0,2,1,1024,11,5974658787
2936,184094741,1042,184095783,0,6,1,1024,23,4784489059
2937,184216691,4850,184221541,0,3,1,5120,37,526334761
2938,184298883,1994,184300877,0,9,1,2048,5,10219201227
2939,184339667,43904,184383571,0,4,0,512,33,5438173544
2940,184370956,47288,184418244,0,4,0,1536,33,7763789132
2941,184442941,566,184443507,0,3,1,512,37,9191465080
2942,184534365,7706,184542071,0,1,1,8192,38,7220292293
2943,184545072,3898,184548970,0,1,1,4096,38,618920436
2944,184586537,2470,184589007,0,6,1,2560,23,8848203203
2945,184662375,6278,184668653,0,6,1,6656,23,6029101469
2946,184684451,45596,184730047,0,4,0,1024,33,152634147
2947,184686840,45596,184732436,0,4,0,1024,33,6389170605
2948,184716489,2470,184718959,0,7,1,2560,22,2530809773
2949,184750397,4374,184754771,0,9,1,4608,5,6109084178
2950,184765480,566,184766046,0,9,1,512,5,2535031488
2951,184803953,566,184804519,0,9,1,512,5,2482657228
2952,184818134,92684,184910818,0,3,0,19456,37,486646307
2953,184833294,1042,184834336,0,9,1,1024,5,2878871558
2954,184840436,6754,184847190,0,9,1,7168,5,4056527484
2955,184974146,106808,185080954,0,3,0,50688,37,9003985791
2956,185098256,81752,185180008,0,3,0,13824,37,7745890713
2957,185302382,3904,185306286,0,6,1,10752,23,4730380671
2958,185332732,2470,185335202,0,3,1,2560,37,1290795786
2959,185336721,99788,185436509,0,3,0,27648,37,6161630645
2960,185382492,4850,185387342,0,3,1,5120,37,7340697749
2961,185635788,3422,185639210,0,2,1,3584,11,9726077432
2962,185817387,1518,185818905,0,1,1,1536,38,8464866527
2963,185975921,3387,185979308,0,1,1,9728,38,3974274952
2964,186019022,2946,186021968,0,1,1,3072,38,8514212214
2965,186028395,45596,186073991,0,4,0,1024,33,1474243395
2966,186039111,4850,186043961,0,1,1,5120,38,2594446897
2967,186145871,4374,186150245,0,2,1,4608,11,6399459933
2968,186160082,2946,186163028,0,6,1,3072,23,7252277791
2969,186190215,1042,186191257,0,3,1,1024,37,6977674947
2970,186203125,4850,186207975,0,2,1,5120,11,9796936364
2971,186218422,4374,186222796,0,1,1,4608,38,9020236103
2972,186306952,3898,186310850,0,1,1,4096,38,10181930640
2973,186536676,45596,186582272,0,4,0,1024,33,6600038279
2974,186747001,91616,186838617,0,3,0,20992,37,10075914638
2975,186755612,3645,186759257,0,2,1,10240,11,6170362932
2976,186788405,2946,186791351,0,1,1,3072,38,7338922007
2977,186801395,5802,186807197,0,6,1,6144,23,8766239743
2978,186824760,5326,186830086,0,3,1,5632,37,2264620493
2979,186885077,66992,186952069,0,3,0,10752,37,3370246360
2980,186923746,7230,186930976,0,2,1,7680,11,2296435554
2981,186956150,45596,187001746,0,4,0,1024,33,2432802095
2982,186976438,3898,186980336,0,3,1,4096,37,379314843
2983,186976693,110814,187087507,0,3,0,60416,37,5432537868
2984,187137510,3422,187140932,0,1,1,3584,38,3074838317
2985,187166244,48980,187215224,0,4,0,2048,33,959584707
2986,187215716,3898,187219614,0,3,1,4096,37,7255500182
2987,187264208,1518,187265726,0,1,1,1536,38,7922734950
2988,187598587,566,187599153,0,2,1,512,11,8536985564
2989,187600203,3898,187604101,0,1,1,4096,38,2711262930
2990,187735427,45596,187781023,0,4,0,1024,33,5745392635
2991,187804222,112424,187916646,0,3,0,69120,37,8701462482
2992,188086394,3898,188090292,0,1,1,4096,38,7573615386
2993,188210159,177164,188387323,0,3,0,150528,37,2929711333
2994,188304467,98384,188402851,0,3,0,23040,37,10024980278
2995,188360865,3422,188364287,0,1,1,3584,38,2431771172
2996,188458525,5802,188464327,0,2,1,6144,11,3552558940
2997,188540340,6278,188546618,0,1,1,6656,38,2341022231
2998,188695333,3422,188698755,0,1,1,3584,38,1852033860
2999,188759639,566,188760205,0,2,1,512,11,10560467020
3000,188926543,7706,188934249,0,1,1,8192,38,10196782777
3001,188947681,113984,189061665,0,3,0,74240,37,5522185472
3002,188958986,52364,189011350,0,4,0,3072,33,8993061481
3003,189269685,4420,189274105,0,2,1,11776,11,4128212738
3004,189710947,566,189711513,0,1,1,512,38,6212659503
3005,189714702,2946,189717648,0,1,1,3072,38,4068054982
3006,189729414,5326,189734740,0,4,1,5632,33,1864594000
3007,189764087,210404,189974491,0,3,0,229376,37,1951738848
3008,189809682,4850,189814532,0,5,1,5120,7,10187024675
3009,189899886,1042,189900928,0,4,1,1024,33,2633199326
3010,189906377,43904,189950281,0,4,0,512,33,4579575830
3011,190031256,100412,190131668,0,3,0,29696,37,2486678230
3012,190036417,4374,190040791,0,1,1,4608,38,9113184127
3013,190059709,5712,190065421,0,1,1,14336,38,10623576298
3014,190073365,5802,190079167,0,4,1,6144,33,8475829440
3015,190150003,2470,190152473,0,1,1,2560,38,9693282677
3016,190192628,566,190193194,0,1,1,512,38,5973126750
3017,190242040,4937,190246977,0,4,1,12800,33,7426096739
3018,190247984,7706,190255690,0,6,1,8192,23,8043982775
3019,190344276,48980,190393256,0,4,0,2048,33,3681492168
3020,190349421,2946,190352367,0,4,1,3072,33,6967044169
3021,190492125,4850,190496975,0,3,1,5120,37,3787236237
3022,190577391,43904,190621295,0,4,0,512,33,2938860406
3023,190685172,1042,190686214,0,4,1,1024,33,5112920827
3024,190779077,566,190779643,0,1,1,512,38,8197732798
3025,191072895,3422,191076317,0,1,1,3584,38,10385329924
3026,191195504,43904,191239408,0,4,0,512,33,4003218121
3027,191212756,115232,191327988,0,3,0,78336,37,8699006505
3028,191272875,55284,191328159,0,3,0,512,37,5493247573
3029,191295265,2946,191298211,0,4,1,3072,33,4576785911
3030,191348227,10241,191358468,0,5,1,16384,7,10514485647
3031,191411442,3422,191414864,0,1,1,3584,38,1039126160
3032,191437728,2946,191440674,0,7,1,3072,22,8172672585
3033,191622852,6278,191629130,0,5,1,6656,7,7700043111
3034,191675866,49136,191725002,0,3,0,2560,37,4565975066
3035,191758845,3422,191762267,0,4,1,3584,33,3257597457
3036,191765506,3422,191768928,0,5,1,3584,7,2540689346
3037,191787872,50672,191838544,0,4,0,2560,33,4366637762
3038,191815421,3898,191819319,0,4,1,4096,33,5573388703
3039,191898096,566,191898662,0,5,1,512,7,7560262909
3040,191993879,5326,191999205,0,5,1,5632,7,3034788429
3041,192062810,1518,192064328,0,1,1,1536,38,5897266194
3042,192098535,4374,192102909,0,4,1,4608,33,3100381039
3043,192110863,45596,192156459,0,4,0,1024,33,9218937652
3044,192376315,1994,192378309,0,4,1,2048,33,2216892546
3045,192504295,3422,192507717,0,7,1,3584,22,8130618339
3046,192508323,4850,192513173,0,4,1,5120,33,7139633776
3047,192525418,4850,192530268,0,5,1,5120,7,1118823314
3048,192776896,6278,192783174,0,7,1,6656,22,6171196687
3049,192802689,3904,192806593,0,1,1,10752,38,7804220910
3050,192842498,47288,192889786,0,5,0,1536,7,609724492
3051,192901732,5196,192906928,0,7,1,13312,22,5740178976
3052,192949717,566,192950283,0,7,1,512,22,6042753010
3053,192950724,1518,192952242,0,5,1,1536,7,7325224111
3054,193049295,1518,193050813,0,5,1,1536,7,1628379858
3055,193140648,566,193141214,0,4,1,512,33,5273041383
3056,193172585,45596,193218181,0,4,0,1024,33,428968130
3057,193178212,71811,193250023,0,4,0,3584,33,2271433173
3058,193182487,566,193183053,0,7,1,512,22,2188807490
3059,193220528,3898,193224426,0,7,1,4096,22,1126319255
3060,193351821,3898,193355719,0,4,1,4096,33,5886081951
3061,193396158,43904,193440062,0,4,0,512,33,6515134061
3062,193658039,5802,193663841,0,1,1,6144,38,9018301631
3063,193752335,1518,193753853,0,4,1,1536,33,1683308609
3064,193768616,1994,193770610,0,7,1,2048,22,7314567953
3065,193857500,4850,193862350,0,7,1,5120,22,4428262585
3066,193879870,100100,193979970,0,3,0,28672,37,1379268019
3067,193901777,3422,193905199,0,4,1,3584,33,3426099265
3068,194063158,566,194063724,0,2,1,512,11,4925150507
3069,194083840,4374,194088214,0,7,1,4608,22,8847951081
3070,194091448,86096,194177544,0,3,0,23040,37,4977679209
3071,194153685,47288,194200973,0,5,0,1536,7,10599162455
3072,194168155,2470,194170625,0,5,1,2560,7,7644256393
3073,194189047,2470,194191517,0,1,1,2560,38,1048767976
3074,194346932,43904,194390836,0,5,0,512,7,4177300364
3075,194425199,1518,194426717,0,7,1,1536,22,1309515932
3076,194457050,2470,194459520,0,1,1,2560,38,4864406380
3077,194590166,3898,194594064,0,7,1,4096,22,1625340370
3078,194770750,566,194771316,0,4,1,512,33,6116808098
3079,194981593,50672,195032265,0,5,0,2560,7,2520999662
3080,195066148,50672,195116820,0,5,0,2560,7,6207035950
3081,195131281,1042,195132323,0,1,1,1024,38,2346843852
3082,195172272,43904,195216176,0,5,0,512,7,6792970234
3083,195223268,566,195223834,0,7,1,512,22,10222849937
3084,195262396,43904,195306300,0,4,0,512,33,3770384870
3085,195291927,109616,195401543,0,3,0,59904,37,620152971
3086,195317153,566,195317719,0,4,1,512,33,2781897569
3087,195493578,1518,195495096,0,7,1,1536,22,9020624535
3088,195537887,102596,195640483,0,3,0,36864,37,10006312278
3089,195558749,7706,195566455,0,7,1,8192,22,4248685858
3090,195564431,3387,195567818,0,4,1,9728,33,7532922180
3091,195714148,1518,195715666,0,1,1,1536,38,1250940135
3092,195744978,122564,195867542,0,3,0,102400,37,6840271031
3093,195813671,14117,195827788,0,1,1,24064,38,5385301046
3094,195816294,11840,195828134,0,1,1,512,38,2721149127
3095,195870022,43904,195913926,0,5,0,512,7,6738848861
3096,195875260,1518,195876778,0,7,1,1536,22,8338048718
3097,195931888,6754,195938642,0,1,1,7168,38,7059492932
3098,195983831,1518,195985349,0,6,1,1536,23,8881094979
3099,195991192,5326,195996518,0,6,1,5632,23,8826847141
3100,195995263,43904,196039167,0,5,0,512,7,6579207340
3101,196004304,115388,196119692,0,3,0,78848,37,4540893202
3102,196008769,45596,196054365,0,5,0,1024,7,4849410948
3103,196065859,12566,196078425,0,7,1,20992,22,3111736388
3104,196220565,43904,196264469,0,5,0,512,7,7695642395
3105,196285329,40874,196326203,0,8,1,66048,5,4123433511
3106,196319103,2946,196322049,0,1,1,3072,38,3479483279
3107,196488600,176096,196664696,0,3,0,152064,37,2144433711
3108,196581814,1042,196582856,0,1,1,1024,38,1858396771
3109,196598425,1518,196599943,0,7,1,1536,22,7884456020
3110,196610064,3387,196613451,0,4,1,9728,33,2387551836
3111,196631529,5712,196637241,0,1,1,14336,38,10406896317
3112,196644856,2946,196647802,0,1,1,3072,38,6450413583
3113,196716508,3904,196720412,0,4,1,10752,33,2603450460
3114,196830284,48980,196879264,0,4,0,2048,33,1351111928
3115,197109603,2470,197112073,0,3,1,2560,37,7189133585
3116,197126359,2946,197129305,0,1,1,3072,38,249443711
3117,197144683,45908,197190591,0,4,0,2048,33,10080024089
3118,197243301,1042,197244343,0,0,1,1024,40,9522025638
3119,197252941,566,197253507,0,1,1,512,38,872036179
3120,197477632,4162,197481794,0,4,1,11264,33,9103822502
3121,197500997,1518,197502515,0,7,1,1536,22,1947016722
3122,197661587,6278,197667865,0,3,1,6656,37,364787449
3123,197730788,3422,197734210,0,1,1,3584,38,885200739
3124,197804247,3645,197807892,0,7,1,10240,22,5139881472
3125,197835894,2946,197838840,0,4,1,3072,33,2643190174
3126,197978655,4162,197982817,0,4,1,11264,33,3797536452
3127,198065061,2870,198067931,0,1,1,8704,38,4674736505
3128,198174891,43904,198218795,0,5,0,512,7,3432006044
3129,198180442,5454,198185896,0,7,1,13824,22,9013391299
3130,198201091,1994,198203085,0,7,1,2048,22,1278484327
3131,198313556,45596,198359152,0,5,0,1024,7,2820936823
3132,198317754,1994,198319748,0,7,1,2048,22,4318975932
3133,198360341,6754,198367095,0,1,1,7168,38,4474773923
3134,198497480,5802,198503282,0,7,1,6144,22,3772741588
3135,198500832,104156,198604988,0,3,0,41984,37,7323023000
3136,198531436,566,198532002,0,7,1,512,22,5407700245
3137,198609505,4850,198614355,0,1,1,5120,38,5425085043
3138,198647052,6278,198653330,0,7,1,6656,22,4305014967
3139,198653083,1994,198655077,0,7,1,2048,22,6627435195
3140,198679033,2470,198681503,0,1,1,2560,38,1609788506
3141,198686509,1042,198687551,0,4,1,1024,33,9007928656
3142,198786181,43904,198830085,0,5,0,512,7,1062560804
3143,198817024,60824,198877848,0,3,0,5632,37,5713546288
3144,198860642,5802,198866444,0,3,1,6144,37,10460449868
3145,198919893,6229,198926122,0,7,1,15360,22,1438730268
3146,198972467,4937,198977404,0,4,1,12800,33,4888715390
3147,198984775,47288,199032063,0,4,0,1536,33,9406441834
3148,198995245,3128,198998373,0,4,1,9216,33,5497360273
3149,199019504,47288,199066792,0,5,0,1536,7,4001429390
3150,199145553,1994,199147547,0,1,1,2048,38,989492516
3151,199186906,566,199187472,0,3,1,512,37,652702516
3152,199318495,1518,199320013,0,3,1,1536,37,802180180
3153,199333476,1518,199334994,0,4,1,1536,33,9699868334
3154,199336997,43904,199380901,0,4,0,512,33,4404594274
3155,199412212,20366,199432578,0,1,1,32768,38,9358464966
3156,199421892,7706,199429598,0,7,1,8192,22,2826252710
3157,199426737,108212,199534949,0,6,0,55296,23,6529403500
3158,199436299,5802,199442101,0,4,1,6144,33,1216878833
3159,199650413,52364,199702777,0,5,0,3072,7,3529623585
3160,199661872,4679,199666551,0,7,1,12288,22,1345538753
3161,199684943,60902,199745845,0,5,0,1024,7,4266554813
3162,199957914,47288,200005202,0,5,0,1536,7,4053269962
3163,199992282,2470,199994752,0,4,1,2560,33,2285360276
3164,199995020,4374,199999394,0,6,1,4608,23,1183419754
3165,200024095,2946,200027041,0,3,1,3072,37,7542790590
3166,200040823,2470,200043293,0,4,1,2560,33,71706007
3167,200100561,1042,200101603,0,4,1,1024,33,10672366963
3168,200105139,3898,200109037,0,1,1,4096,38,8298966151
3169,200161477,4850,200166327,0,6,1,5120,23,8166853536
3170,200268698,3645,200272343,0,7,1,10240,22,9576810509
3171,200298940,2470,200301410,0,6,1,2560,23,10666444613
3172,200545062,4850,200549912,0,6,1,5120,23,10704218082
3173,200560177,4850,200565027,0,3,1,5120,37,4742101084
3174,200595777,3904,200599681,0,6,1,10752,23,8866442592
3175,200652116,566,200652682,0,7,1,512,22,7530436208
3176,200658891,1042,200659933,0,3,1,1024,37,8376492510
3177,200659402,877,200660279,0,3,1,512,37,5339858649
3178,200659892,6754,200666646,0,7,1,7168,22,8934351558
3179,200737419,1994,200739413,0,7,1,2048,22,5384533812
3180,200818943,47288,200866231,0,5,0,1536,7,8048084879
3181,200847926,566,200848492,0,1,1,512,38,4170317992
3182,200901383,7230,200908613,0,2,1,7680,11,2590373149
3183,200923470,47288,200970758,0,4,0,1536,33,6789521280
3184,200929908,1518,200931426,0,2,1,1536,11,1115785465
3185,200939854,4850,200944704,0,3,1,5120,37,1725835382
3186,200978684,566,200979250,0,7,1,512,22,1483416762
3187,200991890,101504,201093394,0,3,0,33280,37,5673011859
3188,201012558,47444,201060002,0,5,0,2048,7,7345983386
3189,201228135,1994,201230129,0,1,1,2048,38,9503570801
3190,201295824,1042,201296866,0,2,1,1024,11,8070523549
3191,201314200,5326,201319526,0,4,1,5632,33,4727195846
3192,201398498,566,201399064,0,4,1,512,33,7866542530
3193,201411692,43904,201455596,0,5,0,512,7,6329123852
3194,201440094,1042,201441136,0,6,1,1024,23,6768802833
3195,201441164,1042,201442206,0,1,1,1024,38,9572387994
3196,201449960,3422,201453382,0,2,1,3584,11,9475675782
3197,201597197,7706,201604903,0,1,1,8192,38,9566347941
3198,201638259,3422,201641681,0,2,1,3584,11,6284855350
3199,201640571,5802,201646373,0,6,1,6144,23,8188339595
3200,201664874,100256,201765130,0,3,0,29184,37,1392792924
3201,201679447,45596,201725043,0,5,0,1024,7,6964325221
3202,201684515,43904,201728419,0,4,0,512,33,3395345862
3203,201696511,1042,201697553,0,4,1,1024,33,7809913900
3204,201699529,1518,201701047,0,6,1,1536,23,6676209537
3205,201723983,11274,201735257,0,2,1,18432,11,313745552
3206,201758401,3422,201761823,0,1,1,3584,38,4864948604
3207,201821191,101816,201923007,0,3,0,34304,37,8321468421
3208,201898708,6278,201904986,0,2,1,6656,11,2537715614
3209,201986618,1042,201987660,0,1,1,1024,38,1056095646
3210,202056817,1518,202058335,0,6,1,1536,23,4320246825
3211,202057523,3645,202061168,0,1,1,10240,38,6867080428
3212,202099833,7230,202107063,0,3,1,7680,37,1165857974
3213,202149071,54056,202203127,0,3,0,3584,37,4389591953
3214,202203209,69620,202272829,0,3,0,14336,37,9434558735
3215,202228970,6754,202235724,0,6,1,7168,23,723105874
3216,202241491,1518,202243009,0,4,1,1536,33,2615833248
3217,202246617,48980,202295597,0,5,0,2048,7,9832726287
3218,202257428,47288,202304716,0,5,0,1536,7,10690909290
3219,202260340,1518,202261858,0,1,1,1536,38,349344069
3220,202338873,43904,202382777,0,5,0,512,7,10633596273
3221,202370746,7706,202378452,0,9,1,8192,5,1761270859
3222,202430230,5802,202436032,0,6,1,6144,23,9175613137
3223,202627957,566,202628523,0,6,1,512,23,6174684476
3224,202678553,3422,202681975,0,4,1,3584,33,9006127588
3225,202683425,7230,202690655,0,1,1,7680,38,5768170853
3226,202898250,566,202898816,0,9,1,512,5,3051851149
3227,202903459,3898,202907357,0,9,1,4096,5,6628830564
3228,202910180,2870,202913050,0,1,1,8704,38,8543233230
3229,202920367,1042,202921409,0,2,1,1024,11,1738486534
3230,203149984,7706,203157690,0,3,1,8192,37,1402859763
3231,203190688,5326,203196014,0,1,1,5632,38,7680725825
3232,203190937,45596,203236533,0,4,0,1024,33,6709713583
3233,203228547,2946,203231493,0,9,1,3072,5,1316638902
3234,203234215,3422,203237637,0,6,1,3584,23,4437653565
3235,203311937,1994,203313931,0,9,1,2048,5,6166726510
3236,203374700,43904,203418604,0,4,0,512,33,4956245892
3237,203407090,13858,203420948,0,0,1,23552,40,8384461886
3238,203415717,11791,203427508,0,1,1,19456,38,6225746414
3239,203423633,2946,203426579,0,2,1,3072,11,5257218146
3240,203437731,2470,203440201,0,3,1,2560,37,8339326661
3241,203446025,5326,203451351,0,2,1,5632,11,7206674615
3242,203539057,2946,203542003,0,3,1,3072,37,9207114878
3243,203591048,1994,203593042,0,9,1,2048,5,9464884910
3244,203647663,48980,203696643,0,5,0,2048,7,9688695266
3245,203693643,49292,203742935,0,5,0,3072,7,1592600700
3246,203816936,1042,203817978,0,9,1,1024,5,5147329652
3247,203849079,1042,203850121,0,1,1,1024,38,2464242139
3248,203860866,1042,203861908,0,1,1,1024,38,7071701876
3249,203953707,74852,204028559,0,3,0,16384,37,3067973873
3250,203960102,74360,204034462,0,3,0,9728,37,10450058082
3251,203998551,43904,204042455,0,4,0,512,33,2390869274
3252,204006932,4374,204011306,0,3,1,4608,37,1354614223
3253,204020050,43904,204063954,0,5,0,512,7,4328488196
3254,204075209,6754,204081963,0,6,1,7168,23,833390037
3255,204205979,45596,204251575,0,4,0,1024,33,7055022646
3256,204294919,209000,204503919,0,3,0,224768,37,7628684280
3257,204307354,4420,204311774,0,2,1,11776,11,3572032696
3258,204441001,45596,204486597,0,5,0,1024,7,4150438412
3259,204491479,13474,204504953,0,3,1,1024,37,10142336660
3260,204636361,69284,204705645,0,3,0,8192,37,279003760
3261,204648040,566,204648606,0,3,1,512,37,9251803306
3262,204659614,22174,204681788,0,2,1,36352,11,5981177326
3263,204680715,2870,204683585,0,0,1,8704,40,9034132564
3264,204798726,2870,204801596,0,2,1,8704,11,3196245081
3265,204854980,1518,204856498,0,3,1,1536,37,10043711257
3266,204904795,566,204905361,0,6,1,512,23,1553976029
3267,204928436,15579,204944015,0,6,1,30208,23,1938196823
3268,205005320,45596,205050916,0,4,0,1024,33,1839681698
3269,205105433,1042,205106475,0,3,1,1024,37,8169823300
3270,205109290,7706,205116996,0,7,1,8192,22,8382058488
3271,205154129,4850,205158979,0,7,1,5120,22,4824034861
3272,205171614,2470,205174084,0,0,1,2560,40,9006598875
3273,205197203,7230,205204433,0,6,1,7680,23,8893862861
3274,205242180,7706,205249886,0,7,1,8192,22,7829319623
3275,205244818,4420,205249238,0,0,1,11776,40,5615372660
3276,205272317,4850,205277167,0,0,1,5120,40,9876725336
3277,205280933,3645,205284578,0,3,1,10240,37,2810071041
3278,205293152,55748,205348900,0,5,0,4096,7,5293081100
3279,205313659,1518,205315177,0,2,1,1536,11,9113537003
3280,205577557,10499,205588056,0,8,1,16896,5,2825768232
3281,205626305,100100,205726405,0,3,0,28672,37,2934224410
3282,205797704,5802,205803506,0,6,1,6144,23,4541901367
3283,205824330,6754,205831084,0,6,1,7168,23,3164087059
3284,205840675,2470,205843145,0,3,1,2560,37,7623702046
3285,205917038,4850,205921888,0,0,1,5120,40,2962828606
3286,205929186,14804,205943990,0,8,1,28672,5,8107500303
3287,205930142,5971,205936113,0,7,1,14848,22,1447361668
3288,206000684,3898,206004582,0,7,1,4096,22,2694648227
3289,206007617,106184,206113801,0,3,0,48640,37,2853658474
3290,206092239,118330,206210569,0,3,0,66560,37,1415947272
3291,206105720,1994,206107714,0,7,1,2048,22,4060758385
3292,206138401,4850,206143251,0,2,1,5120,11,10512061943
3293,206251728,47288,206299016,0,3,0,1536,37,9237190406
3294,206260726,1042,206261768,0,0,1,1024,40,8302594068
3295,206287361,12308,206299669,0,3,1,20480,37,8557620157
3296,206288522,152766,206441288,0,8,1,247296,5,6611332932
3297,206294327,3387,206297714,0,7,1,9728,22,8535484306
3298,206337629,114489,206452118,0,8,1,35328,5,2539678573
3299,206349722,1518,206351240,0,7,1,1536,22,5074966879
3300,206373245,566,206373811,0,7,1,512,22,4032706843
3301,206413469,43904,206457373,0,4,0,512,33,4593896994
3302,206498186,7706,206505892,0,2,1,8192,11,6798935159
3303,206531093,3898,206534991,0,2,1,4096,11,3232736431
3304,206539279,100724,206640003,0,5,0,30720,7,2313033968
3305,206615914,1518,206617432,0,3,1,1536,37,6514739304
3306,206661031,10241,206671272,0,6,1,16384,23,512899743
3307,206693961,93776,206787737,0,3,0,23040,37,2623757026
3308,206710172,4850,206715022,0,0,1,5120,40,8984967691
3309,206788073,4420,206792493,0,3,1,11776,37,7910335410
3310,206790465,5665,206796130,0,3,1,11776,37,4593164528
3311,206861424,5326,206866750,0,6,1,5632,23,5267815346
3312,206921566,54056,206975622,0,5,0,3584,7,5836157732
3313,206935353,5802,206941155,0,2,1,6144,11,3174127360
3314,206986170,3128,206989298,0,3,1,9216,37,1058703752
3315,207031133,1994,207033127,0,6,1,2048,23,2027684017
3316,207066790,86828,207153618,0,3,0,15360,37,4697395908
3317,207102271,2470,207104741,0,7,1,2560,22,4998918397
3318,207128052,100100,207228152,0,3,0,28672,37,5570845418
3319,207139565,52364,207191929,0,3,0,3072,37,6425757002
3320,207160428,2470,207162898,0,3,1,2560,37,8140932110
3321,207273146,1042,207274188,0,6,1,1024,23,7427882931
3322,207316882,4850,207321732,0,2,1,5120,11,939382473
3323,207327199,43975,207371174,0,8,1,72192,5,265418498
3324,207465395,4679,207470074,0,8,1,12288,5,9854856144
3325,207491750,1518,207493268,0,7,1,1536,22,502936717
3326,207502659,566,207503225,0,6,1,512,23,4584900820
3327,207948658,7706,207956364,0,8,1,8192,5,848176020
3328,208023503,6278,208029781,0,0,1,6656,40,1970654220
3329,208115506,1042,208116548,0,7,1,1024,22,10137208572
3330,208229720,5802,208235522,0,7,1,6144,22,5940005073
3331,208263517,4420,208267937,0,0,1,11776,40,8834165025
3332,208277692,4937,208282629,0,3,1,12800,37,1952804934
3333,208291506,5971,208297477,0,3,1,14848,37,1325287390
3334,208355019,1994,208357013,0,0,1,2048,40,4225643989
3335,208370519,2470,208372989,0,2,1,2560,11,6508150330
3336,208407846,1042,208408888,0,0,1,1024,40,10465213305
3337,208480429,45752,208526181,0,4,0,1536,33,454762110
3338,208493023,13600,208506623,0,7,1,23040,22,6231188584
3339,208654263,24412,208678675,0,8,1,44032,5,2978327682
3340,208687915,3898,208691813,0,7,1,4096,22,9796419480
3341,208704057,3128,208707185,0,3,1,9216,37,2155422879
3342,208834297,12308,208846605,0,0,1,20480,40,3556676091
3343,208934102,1042,208935144,0,7,1,1024,22,2116840909
3344,209043433,4374,209047807,0,2,1,4608,11,7354951897
3345,209126020,45908,209171928,0,4,0,2048,33,8183724602
3346,209179421,106964,209286385,0,3,0,51200,37,576335866
3347,209212743,100256,209312999,0,3,0,29184,37,383008342
3348,209299028,3422,209302450,0,7,1,3584,22,7653659319
3349,209330124,1994,209332118,0,0,1,2048,40,765200543
3350,209333962,47288,209381250,0,4,0,1536,33,4459951675
3351,209358168,69308,209427476,0,5,0,13312,7,5444346163
3352,209383207,3422,209386629,0,8,1,3584,5,4671112030
3353,209510969,104936,209615905,0,5,0,44544,7,4486320963
3354,209578035,24412,209602447,0,8,1,44032,5,2180163521
3355,209589934,188876,209778810,0,5,0,158720,7,1913688435
3356,209619420,3128,209622548,0,0,1,9216,40,6504870136
3357,209674924,4937,209679861,0,8,1,12800,5,5574812644
3358,209677708,3128,209680836,0,0,1,9216,40,7514072021
3359,209682604,3645,209686249,0,2,1,10240,11,4233846775
3360,209776246,4850,209781096,0,7,1,5120,22,8019307538
3361,209846012,4420,209850432,0,3,1,11776,37,1946216069
3362,209936784,2470,209939254,0,7,1,2560,22,5903026402
3363,209951483,70976,210022459,0,5,0,8704,7,831936268
3364,210152388,566,210152954,0,7,1,512,22,1201342995
3365,210352401,3422,210355823,0,0,1,3584,40,3630663718
3366,210438973,1518,210440491,0,0,1,1536,40,3390294212
3367,210530076,102440,210632516,0,4,0,36352,33,55036063
3368,210628827,5802,210634629,0,7,1,6144,22,6915350890
3369,210635494,1518,210637012,0,7,1,1536,22,8955418392
3370,210744817,6229,210751046,0,7,1,15360,22,9221562373
3371,210825634,95912,210921546,0,4,0,19968,33,8524454036
3372,210855500,6278,210861778,0,2,1,6656,11,432706778
3373,210882407,5326,210887733,0,0,1,5632,40,8244374687
3374,211032658,4850,211037508,0,7,1,5120,22,966404800
3375,211051618,14545,211066163,0,7,1,28160,22,6842703374
3376,211199902,1042,211200944,0,3,1,1024,37,2373755076
3377,211274046,5802,211279848,0,1,1,6144,38,4735250653
3378,211324979,2946,211327925,0,2,1,3072,11,8264665391
3379,211434411,3387,211437798,0,8,1,9728,5,1690520887
3380,211455527,45696,211501223,0,8,1,78848,5,10093187752
3381,211538671,1518,211540189,0,2,1,1536,11,3954197911
3382,211654156,104936,211759092,0,4,0,44544,33,2988108845
3383,211703600,1994,211705594,0,7,1,2048,22,8935600553
3384,211885971,1994,211887965,0,1,1,2048,38,3001712152
3385,211930756,5326,211936082,0,0,1,5632,40,7112138167
3386,212155992,4679,212160671,0,3,1,12288,37,8328055864
3387,212156990,123032,212280022,0,5,0,103936,7,3998642386
3388,212280173,4162,212284335,0,2,1,11264,11,3845431928
3389,212304115,1518,212305633,0,6,1,1536,23,1069952937
3390,212365409,1994,212367403,0,7,1,2048,22,7976209055
3391,212506307,7230,212513537,0,3,1,7680,37,1620081973
3392,212514503,118976,212633479,0,4,0,90624,33,6150585794
3393,212619933,4850,212624783,0,7,1,5120,22,3650398600
3394,212742830,566,212743396,0,3,1,512,37,4717380731
3395,212745446,100412,212845858,0,5,0,29696,7,9627140939
3396,212837365,112797,212950162,0,5,0,42496,7,8845971714
3397,212882771,2470,212885241,0,2,1,2560,11,8746531350
3398,212887560,6754,212894314,0,2,1,7168,11,7970680881
3399,213090812,1994,213092806,0,3,1,2048,37,9167136911
3400,213193964,102752,213296716,0,5,0,37376,7,4017155479
3401,213262229,104780,213367009,0,7,0,44032,22,1083691262
3402,213283193,11274,213294467,0,3,1,18432,37,10255160859
3403,213289976,1994,213291970,0,7,1,2048,22,4178679136
3404,213304148,5326,213309474,0,3,1,5632,37,8565802911
3405,213318064,81020,213399084,0,5,0,21504,7,897309483
3406,213364195,4324,213368519,0,7,1,1536,22,436894895
3407,213425930,2946,213428876,0,2,1,3072,11,8835777609
3408,213531166,193088,213724254,0,4,0,172544,33,4636104291
3409,213547362,3387,213550749,0,2,1,9728,11,432849917
3410,213555736,4850,213560586,0,7,1,5120,22,8918175614
3411,213615006,2946,213617952,0,4,1,3072,33,10339545000
3412,213663219,2870,213666089,0,7,1,8704,22,3260087499
3413,213765723,15062,213780785,0,3,1,29184,37,7959390592
3414,213787971,118820,213906791,0,4,0,90112,33,6503959961
3415,213824678,1042,213825720,0,3,1,1024,37,1958111378
3416,213907052,4850,213911902,0,3,1,5120,37,1254019246
3417,213942818,55748,213998566,0,5,0,4096,7,2870972143
3418,214002737,7706,214010443,0,7,1,8192,22,2800386654
3419,214159365,4850,214164215,0,3,1,5120,37,247682747
3420,214258958,62384,214321342,0,4,0,10752,33,5235062163
3421,214273746,5196,214278942,0,7,1,13312,22,7881241551
3422,214429483,2470,214431953,0,3,1,2560,37,1099642951
3423,214461357,106184,214567541,0,4,0,48640,33,4915021206
3424,214468301,6278,214474579,0,2,1,6656,11,6092880829
3425,214518275,2470,214520745,0,7,1,2560,22,8117059559
3426,214537901,106964,214644865,0,4,0,51200,33,1953236555
3427,214657739,3898,214661637,0,7,1,4096,22,9641113828
3428,214754480,52364,214806844,0,5,0,3072,7,3718637862
3429,214758501,1518,214760019,0,7,1,1536,22,4189079600
3430,214774849,6754,214781603,0,2,1,7168,11,1463347731
3431,214900686,5196,214905882,0,3,1,13312,37,1634498437
3432,214917899,566,214918465,0,3,1,512,37,4069037128
3433,214921005,3422,214924427,0,7,1,3584,22,3620358065
3434,215020873,1994,215022867,0,7,1,2048,22,1763485860
3435,215072767,10241,215083008,0,2,1,16384,11,6588929222
3436,215084300,3898,215088198,0,6,1,4096,23,1649473259
3437,215113603,566,215114169,0,2,1,512,11,6151450714
3438,215119915,3387,215123302,0,7,1,9728,22,8824921080
3439,215213796,105092,215318888,0,4,0,45056,33,8707970386
3440,215238182,5802,215243984,0,2,1,6144,11,6349802503
3441,215252672,148782,215401454,0,4,0,88064,33,7517078100
3442,215316726,566,215317292,0,7,1,512,22,7036916105
3443,215396504,12995,215409499,0,6,1,25088,23,9304066793
3444,215461426,2470,215463896,0,6,1,2560,23,5905386090
3445,215520105,1042,215521147,0,4,1,1024,33,8210332207
3446,215625182,6754,215631936,0,2,1,7168,11,3263248079
3447,215852332,3128,215855460,0,4,1,9216,33,9819750337
3448,215857571,2946,215860517,0,3,1,3072,37,2980813882
3449,215930037,3387,215933424,0,0,1,9728,40,1398082599
3450,216013552,1994,216015546,0,5,1,2048,7,1885452069
3451,216118419,5326,216123745,0,6,1,5632,23,310952199
3452,216175282,1994,216177276,0,3,1,2048,37,991057862
3453,216250484,4374,216254858,0,4,1,4608,33,4675834987
3454,216308744,1518,216310262,0,0,1,1536,40,3162218414
3455,216346780,5802,216352582,0,2,1,6144,11,6458368665
3456,216354369,1042,216355411,0,4,1,1024,33,8634331740
3457,216429601,2946,216432547,0,1,1,3072,38,5848151535
3458,216446702,1994,216448696,0,0,1,2048,40,4893094475
3459,216532009,1994,216534003,0,3,1,2048,37,2071197269
3460,216574992,3387,216578379,0,7,1,9728,22,3194814263
3461,216580077,566,216580643,0,0,1,512,40,5698697421
3462,216583375,3422,216586797,0,4,1,3584,33,10442632591
3463,216665330,111488,216776818,0,5,0,66048,7,6224008049
3464,216670856,1994,216672850,0,1,1,2048,38,6743348715
3465,216681324,3422,216684746,0,6,1,3584,23,5516934518
3466,216714200,111176,216825376,0,4,0,65024,33,10345376933
3467,216782135,3422,216785557,0,2,1,3584,11,2194630084
3468,216847113,2470,216849583,0,7,1,2560,22,2132793960
3469,216852107,13512,216865619,0,2,1,26112,11,9482760254
3470,216895761,5326,216901087,0,3,1,5632,37,1456557689
3471,216930656,5454,216936110,0,3,1,13824,37,2774593035
3472,216996304,5802,217002106,0,0,1,6144,40,5217034487
3473,217001457,5196,217006653,0,7,1,13312,22,6328405776
3474,217062377,5802,217068179,0,1,1,6144,38,8490862967
3475,217105240,6278,217111518,0,3,1,6656,37,691939295
3476,217152499,52364,217204863,0,4,0,3072,33,6935610359
3477,217192312,1042,217193354,0,6,1,1024,23,1588986199
3478,217202019,4679,217206698,0,0,1,12288,40,9915526651
3479,217279348,111956,217391304,0,4,0,67584,33,6890746761
3480,217296564,7706,217304270,0,0,1,8192,40,6625278570
3481,217324294,5802,217330096,0,2,1,6144,11,8269916424
3482,217338994,4850,217343844,0,1,1,5120,38,8667128356
3483,217376563,2470,217379033,0,3,1,2560,37,6645417827
3484,217407341,3422,217410763,0,0,1,3584,40,1178664128
3485,217557854,4850,217562704,0,1,1,5120,38,7473230524
3486,217574255,1518,217575773,0,6,1,1536,23,6333217548
3487,217680740,100256,217780996,0,5,0,29184,7,551847574
3488,217776806,111770,217888576,0,5,0,53248,7,4141586498
3489,217797647,3128,217800775,0,1,1,9216,38,8424294405
3490,217940219,1042,217941261,0,3,1,1024,37,4485548996
3491,217953566,6754,217960320,0,7,1,7168,22,6173056008
3492,217958398,116480,218074878,0,5,0,82432,7,3913748326
3493,217989913,5454,217995367,0,1,1,13824,38,3952416007
3494,218003687,4850,218008537,0,3,1,5120,37,3247215906
3495,218085998,1042,218087040,0,3,1,1024,37,262922817
3496,218123211,2946,218126157,0,3,1,3072,37,2308710572
3497,218124000,102752,218226752,0,5,0,37376,7,8304278279
3498,218133115,5802,218138917,0,2,1,6144,11,1896771478
3499,218156323,125179,218281502,0,5,0,44544,7,5140548008
3500,218156965,3128,218160093,0,3,1,9216,37,3983592605
3501,218184454,3422,218187876,0,6,1,3584,23,7163089586
3502,218221247,6754,218228001,0,6,1,7168,23,7915150693
3503,218232989,4420,218237409,0,1,1,11776,38,987614170
3504,218277933,1042,218278975,0,6,1,1024,23,2688591218
3505,218341938,6229,218348167,0,7,1,15360,22,2579129350
3506,218454593,14117,218468710,0,3,1,24064,37,1683962169
3507,218502205,7230,218509435,0,7,1,7680,22,6129129728
3508,218516761,4937,218521698,0,4,1,12800,33,7160860485
3509,218653536,7230,218660766,0,6,1,7680,23,6799752358
3510,218761074,1042,218762116,0,1,1,1024,38,10560960456
3511,218796628,100880,218897508,0,4,0,31232,33,49503951
3512,218860742,3898,218864640,0,7,1,4096,22,2849029367
3513,218882010,2870,218884880,0,6,1,8704,23,7219026197
3514,218961539,5802,218967341,0,6,1,6144,23,3842358640
3515,218978617,102284,219080901,0,5,0,35840,7,8189989132
3516,219043062,4420,219047482,0,6,1,11776,23,9260841965
3517,219092632,78992,219171624,0,4,0,14848,33,10439043411
3518,219093461,1042,219094503,0,2,1,1024,11,4346550931
3519,219203143,2946,219206089,0,2,1,3072,11,6511670402
3520,219204101,1518,219205619,0,3,1,1536,37,5943388546
3521,219231822,2946,219234768,0,1,1,3072,38,2304857647
3522,219243964,1042,219245006,0,3,1,1024,37,2059052461
3523,219272796,51140,219323936,0,5,0,4096,7,1521044955
3524,219287131,566,219287697,0,2,1,512,11,1582744592
3525,219294713,566,219295279,0,6,1,512,23,3335451681
3526,219309884,1042,219310926,0,6,1,1024,23,5897191470
3527,219381515,1518,219383033,0,1,1,1536,38,9388311359
3528,219461859,2870,219464729,0,2,1,8704,11,3536437257
3529,219533818,6754,219540572,0,2,1,7168,11,4869316057
3530,219545472,30491,219575963,0,8,1,49152,5,4893787042
3531,219581903,3898,219585801,0,4,1,4096,33,10574319018
3532,219633853,566,219634419,0,7,1,512,22,6292949201
3533,219744906,5802,219750708,0,2,1,6144,11,4126363856
3534,219752579,3422,219756001,0,7,1,3584,22,1722853838
3535,219765777,2870,219768647,0,4,1,8704,33,2856382790
3536,219766466,4374,219770840,0,7,1,4608,22,8007522283
3537,219771946,4162,219776108,0,2,1,11264,11,1652504942
3538,219794875,110708,219905583,0,4,0,63488,33,1403294577
3539,219844165,1518,219845683,0,1,1,1536,38,1869728398
3540,219853161,33762,219886923,0,8,1,58880,5,7938454562
3541,219866484,1518,219868002,0,7,1,1536,22,7231114990
3542,219884841,6229,219891070,0,6,1,15360,23,8689190452
3543,219912866,59132,219971998,0,5,0,5120,7,8669499953
3544,219923396,3422,219926818,0,6,1,3584,23,3681294228
3545,219950621,7706,219958327,0,1,1,8192,38,6339105427
3546,219990851,566,219991417,0,6,1,512,23,4909195727
3547,220030303,11791,220042094,0,1,1,19456,38,8295779207
3548,220068003,116480,220184483,0,4,0,82432,33,10726671258
3549,220118014,5802,220123816,0,8,1,6144,5,7698758353
3550,220120022,3948,220123970,0,8,1,8704,5,7619749120
3551,220160689,1042,220161731,0,1,1,1024,38,7021500482
3552,220198884,566,220199450,0,6,1,512,23,10001436537
3553,220212643,56996,220269639,0,4,0,8192,33,3811794327
3554,220325827,1994,220327821,0,8,1,2048,5,5824339492
3555,220412414,95288,220507702,0,4,0,17920,33,254408065
3556,220421539,1042,220422581,0,4,1,1024,33,2775258410
3557,220474037,6488,220480525,0,4,1,15872,33,557466808
3558,220509033,1994,220511027,0,2,1,2048,11,8361230651
3559,220517388,2870,220520258,0,9,1,8704,5,3007610974
3560,220520290,1518,220521808,0,8,1,1536,5,4333594088
3561,220595893,1994,220597887,0,4,1,2048,33,6789958943
3562,220611281,4162,220615443,0,8,1,11264,5,2954899053
3563,220645559,76052,220721611,0,4,0,10240,33,3900625513
3564,220706845,5802,220712647,0,2,1,6144,11,1726567596
3565,220877239,4374,220881613,0,3,1,4608,37,2006741724
3566,220890691,4937,220895628,0,1,1,12800,38,3433552527
3567,220909691,112892,221022583,0,4,0,70656,33,798334850
3568,220938697,3128,220941825,0,9,1,9216,5,6727708838
3569,220966877,1518,220968395,0,9,1,1536,5,6849648365
3570,221161169,4374,221165543,0,8,1,4608,5,5848690963
3571,221303537,12737,221316274,0,4,1,24576,33,9821005324
3572,221403611,566,221404177,0,3,1,512,37,2032832387
3573,221409263,6278,221415541,0,9,1,6656,5,2273876781
3574,221448535,7706,221456241,0,4,1,8192,33,309361964
3575,221507190,2946,221510136,0,5,1,3072,7,10238036408
3576,221511658,7230,221518888,0,3,1,7680,37,138862032
3577,221654497,3128,221657625,0,8,1,9216,5,2948869920
3578,221702240,104624,221806864,0,5,0,43520,7,4701719830
3579,221723314,72668,221795982,0,4,0,9216,33,8279175528
3580,221747593,2470,221750063,0,7,1,2560,22,78552707
3581,221778380,105872,221884252,0,4,0,47616,33,6407816265
3582,221819409,2870,221822279,0,7,1,8704,22,9694302906
3583,221821633,50672,221872305,0,5,0,2560,7,1135989714
3584,221840041,2946,221842987,0,7,1,3072,22,5631724901
3585,221856372,1994,221858366,0,6,1,2048,23,3719424512
3586,221925943,56996,221982939,0,4,0,8192,33,9597830644
3587,221932556,1994,221934550,0,8,1,2048,5,9624614805
3588,221935383,4374,221939757,0,8,1,4608,5,5208106038
3589,221943424,1518,221944942,0,8,1,1536,5,6705565094
3590,222026605,80396,222107001,0,4,0,19456,33,2045320302
3591,222053321,1994,222055315,0,6,1,2048,23,2439509474
3592,222056166,12825,222068991,0,3,1,21504,37,4369347364
3593,222154457,3422,222157879,0,6,1,3584,23,4435626413
3594,222158287,5802,222164089,0,8,1,6144,5,4286172125
3595,222160784,96512,222257296,0,5,0,16896,7,4621897982
3596,222292441,83312,222375753,0,5,0,18944,7,5957991623
3597,222302326,3422,222305748,0,4,1,3584,33,1791064642
3598,222391208,6278,222397486,0,8,1,6656,5,3083530679
3599,222412161,566,222412727,0,7,1,512,22,3641799240
3600,222453947,7230,222461177,0,8,1,7680,5,1276202988
3601,222520019,2470,222522489,0,7,1,2560,22,4291405428
3602,222546361,1042,222547403,0,8,1,1024,5,8185168164
3603,222643197,566,222643763,0,7,1,512,22,4052999355
3604,222646832,3645,222650477,0,3,1,10240,37,6799651563
3605,222654404,3128,222657532,0,3,1,9216,37,2493641262
3606,222659946,4374,222664320,0,6,1,4608,23,2023905743
3607,222682661,1994,222684655,0,6,1,2048,23,3716170050
3608,222744526,6278,222750804,0,4,1,6656,33,6313267376
3609,222779160,129116,222908276,0,5,0,123904,7,1891340802
3610,222878063,566,222878629,0,7,1,512,22,1609429262
3611,222940159,1042,222941201,0,4,1,1024,33,5576819156
3612,223122619,5971,223128590,0,4,1,14848,33,4999238238
3613,223165028,5712,223170740,0,4,1,14336,33,167339185
3614,223191602,1994,223193596,0,4,1,2048,33,10516073367
3615,223211901,58064,223269965,0,4,0,6656,33,1361654588
3616,223250038,3422,223253460,0,3,1,3584,37,3741301003
3617,223295296,2470,223297766,0,7,1,2560,22,7271112701
3618,223553428,5326,223558754,0,3,1,5632,37,4933354835
3619,223571411,104624,223676035,0,4,0,43520,33,10293437959
3620,223592342,3898,223596240,0,8,1,4096,5,6896447417
3621,223593189,1042,223594231,0,4,1,1024,33,5387618912
3622,223621426,10241,223631667,0,7,1,16384,22,6552365157
3623,223630623,3422,223634045,0,7,1,3584,22,3021461835
3624,223683076,3898,223686974,0,8,1,4096,5,7503083799
3625,223815742,3898,223819640,0,4,1,4096,33,7719006522
3626,223912048,2946,223914994,0,8,1,3072,5,1317878782
3627,223919744,3387,223923131,0,7,1,9728,22,5476165356
3628,223925949,3898,223929847,0,8,1,4096,5,8497578003
3629,224042173,1518,224043691,0,8,1,1536,5,5971815797
3630,224132550,566,224133116,0,7,1,512,22,4767095676
3631,224136449,3387,224139836,0,8,1,9728,5,7064657151
3632,224148525,11274,224159799,0,7,1,18432,22,7147710636
3633,224221323,1042,224222365,0,4,1,1024,33,1080972651
3634,224314106,1994,224316100,0,3,1,2048,37,945478788
3635,224449751,61448,224511199,0,4,0,7680,33,4608612794
3636,224541607,7706,224549313,0,3,1,8192,37,4524474064
3637,224548859,5802,224554661,0,3,1,6144,37,10352114072
3638,224680742,3898,224684640,0,3,1,4096,37,5456575075
3639,224716666,106808,224823474,0,4,0,50688,33,8738364542
3640,224721545,1042,224722587,0,4,1,1024,33,7944495618
3641,224789924,127244,224917168,0,4,0,117760,33,8088466337
3642,224834822,5971,224840793,0,3,1,14848,37,5160914781
3643,224844713,87896,224932609,0,2,0,13824,11,5288201567
3644,224902159,1994,224904153,0,3,1,2048,37,10546777896
3645,224951178,48980,225000158,0,4,0,2048,33,7998227070
3646,225017547,5326,225022873,0,8,1,5632,5,8036581380
3647,225023106,112268,225135374,0,2,0,68608,11,7498019374
3648,225135235,1518,225136753,0,7,1,1536,22,10552851370
3649,225197132,13858,225210990,0,7,1,23552,22,8061057738
3650,225203299,566,225203865,0,4,1,512,33,2711761070
3651,225238872,6754,225245626,0,7,1,7168,22,8617639795
3652,225598356,3387,225601743,0,4,1,9728,33,760290090
3653,225747486,566,225748052,0,4,1,512,33,10237123550
3654,225788082,6754,225794836,0,8,1,7168,5,4417934022
3655,225807372,110708,225918080,0,2,0,63488,11,1510690994
3656,225812924,107432,225920356,0,5,0,52736,7,8530027003
3657,226029135,113360,226142495,0,5,0,72192,7,7209755236
3658,226149299,566,226149865,0,7,1,512,22,424358794
3659,226149601,43904,226193505,0,2,0,512,11,7465183233
3660,226176191,110396,226286587,0,2,0,62464,11,5136025139
3661,226266850,1994,226268844,0,7,1,2048,22,10139690136
3662,226281100,109791,226390891,0,2,0,42496,11,1880393365
3663,226325185,67593,226392778,0,2,0,6144,11,8138834298
3664,226363961,179300,226543261,0,2,0,147456,11,3976358907
3665,226455985,3422,226459407,0,8,1,3584,5,1523517307
3666,226460087,76700,226536787,0,4,0,17408,33,6293599562
3667,226508934,4420,226513354,0,3,1,11776,37,10704626399
3668,226557579,99944,226657523,0,4,0,28160,33,8772760050
3669,226634177,1994,226636171,0,3,1,2048,37,2825558801
3670,226802075,1994,226804069,0,8,1,2048,5,703004121
3671,226805745,1518,226807263,0,8,1,1536,5,6248436819
3672,226985877,10757,226996634,0,7,1,17408,22,5353972980
3673,226998410,112268,227110678,0,2,0,68608,11,612295889
3674,227021420,55748,227077168,0,5,0,4096,7,7267644881
3675,227108698,1042,227109740,0,7,1,1024,22,3835512109
3676,227126866,70376,227197242,0,5,0,11776,7,3236776472
3677,227197881,123968,227321849,0,2,0,107008,11,1082151996
3678,227275748,86228,227361976,0,5,0,18432,7,5393155891
3679,227340369,118820,227459189,0,5,0,90112,7,12389438
3680,227358281,1518,227359799,0,9,1,1536,5,8662984743
3681,227378430,1994,227380424,0,3,1,2048,37,5315695673
3682,227422613,1994,227424607,0,3,1,2048,37,2899636373
3683,227465164,2870,227468034,0,7,1,8704,22,7057070223
3684,227490398,4162,227494560,0,5,1,11264,7,5007197912
3685,227608247,3904,227612151,0,3,1,10752,37,515271685
3686,227793454,5971,227799425,0,3,1,14848,37,1251887010
3687,227862246,3422,227865668,0,3,1,3584,37,528189475
3688,227949261,2870,227952131,0,7,1,8704,22,4891288413
3689,228001901,3904,228005805,0,0,1,10752,40,3619936622
3690,228043857,5802,228049659,0,5,1,6144,7,7454094617
3691,228157540,1042,228158582,0,5,1,1024,7,7713118321
3692,228177071,1518,228178589,0,7,1,1536,22,786503413
3693,228193027,109616,228302643,0,4,0,59904,33,9827082719
3694,228194459,114439,228308898,0,4,0,20480,33,10294913657
3695,228230912,82532,228313444,0,5,0,16384,7,6557927604
3696,228238741,566,228239307,0,0,1,512,40,6052291766
3697,228242663,2946,228245609,0,5,1,3072,7,312808244
3698,228489474,3904,228493378,0,0,1,10752,40,9350411571
3699,228626381,66992,228693373,0,4,0,10752,33,2389339128
3700,228648602,173936,228822538,0,2,0,150016,11,536078675
3701,228661939,76988,228738927,0,4,0,13312,33,2508273355
3702,228723648,2946,228726594,0,3,1,3072,37,6821668113
3703,228813528,108946,228922474,0,2,0,28160,11,1681321424
3704,228904376,4374,228908750,0,0,1,4608,40,6422676591
3705,228929733,1042,228930775,0,0,1,1024,40,6759843455
3706,229004758,2870,229007628,0,0,1,8704,40,4915938076
3707,229153778,5802,229159580,0,0,1,6144,40,7971790485
3708,229175079,48980,229224059,0,5,0,2048,7,9004458582
3709,229271302,98072,229369374,0,5,0,22016,7,4678452123
3710,229387081,106808,229493889,0,4,0,50688,33,129697651
3711,229464815,78548,229543363,0,4,0,18432,33,5702469294
3712,229530671,55748,229586419,0,4,0,4096,33,8826406661
3713,229560864,4679,229565543,0,7,1,12288,22,5392772617
3714,229822179,1994,229824173,0,0,1,2048,40,2131144346
3715,230014549,102128,230116677,0,2,0,35328,11,8755970269
3716,230176389,3422,230179811,0,6,1,3584,23,6934981035
3717,230331294,3422,230334716,0,7,1,3584,22,6164291988
3718,230378871,74360,230453231,0,4,0,9728,33,5164243234
3719,230536724,1518,230538242,0,7,1,1536,22,7593669307
3720,230537164,2946,230540110,0,0,1,3072,40,6252382807
3721,230576775,6278,230583053,0,0,1,6656,40,9021788280
3722,230584665,60824,230645489,0,4,0,5632,33,5559425510
3723,230623225,123656,230746881,0,2,0,105984,11,7817616423
3724,230636102,1042,230637144,0,0,1,1024,40,3786792745
3725,230645850,45596,230691446,0,5,0,1024,7,1381146121
3726,230686443,3645,230690088,0,0,1,10240,40,1706621145
3727,230825291,566,230825857,0,0,1,512,40,4926857938
3728,230906946,57440,230964386,0,2,0,4608,11,854009878
3729,231381885,105092,231486977,0,4,0,45056,33,8524313689
3730,231718786,71912,231790698,0,5,0,11776,7,3778321966
3731,231750991,90524,231841515,0,4,0,17408,33,9674634262
3732,231769682,1042,231770724,0,3,1,1024,37,3093735510
3733,231885128,123188,232008316,0,4,0,104448,33,7242540313
3734,231893669,60824,231954493,0,5,0,5632,7,5224463525
3735,231953816,105293,232059109,0,5,0,43520,7,2249136448
3736,232021958,64832,232086790,0,2,0,8704,11,6854704409
3737,232291024,3898,232294922,0,3,1,4096,37,1359993900
3738,232300736,2946,232303682,0,2,1,3072,11,5762202512
3739,232310032,107120,232417152,0,4,0,51712,33,10651267055
3740,232461792,2470,232464262,0,3,1,2560,37,7841662526
3741,232564533,59132,232623665,0,2,0,5120,11,5867546959
3742,232657325,92684,232750009,0,5,0,19456,7,6103748052
3743,232845489,108992,232954481,0,5,0,57856,7,8939392938
3744,232914924,4374,232919298,0,3,1,4608,37,5999997608
3745,232995946,1994,232997940,0,3,1,2048,37,5859467928
3746,233169503,7706,233177209,0,0,1,8192,40,6648992699
3747,233220987,566,233221553,0,0,1,512,40,8145251185
3748,233315647,1518,233317165,0,3,1,1536,37,10292669831
3749,233413624,104312,233517936,0,5,0,42496,7,731167493
3750,233416859,3898,233420757,0,0,1,4096,40,2714070674
3751,233448673,2870,233451543,0,0,1,8704,40,2794617187
3752,233521192,102284,233623476,0,5,0,35840,7,4278786072
3753,233580124,5326,233585450,0,3,1,5632,37,3864343628
3754,233619813,107900,233727713,0,4,0,54272,33,2720227604
3755,233639023,92137,233731160,0,4,0,11264,33,3358737117
3756,233642503,1042,233643545,0,3,1,1024,37,1849657222
3757,233645778,150305,233796083,0,4,0,50688,33,7228222964
3758,233734475,1042,233735517,0,0,1,1024,40,3775572347
3759,233760546,1042,233761588,0,3,1,1024,37,3106161561
3760,233900184,3422,233903606,0,0,1,3584,40,6405178867
3761,233947233,3422,233950655,0,3,1,3584,37,6742846579
3762,234149471,6278,234155749,0,3,1,6656,37,9117614606
3763,234216328,61604,234277932,0,2,0,8192,11,3517255956
3764,234217263,3422,234220685,0,3,1,3584,37,9439187568
3765,234228839,76232,234305071,0,5,0,15872,7,9631349001
3766,234281382,99788,234381170,0,2,0,27648,11,4549753784
3767,234532559,4162,234536721,0,2,1,11264,11,810704653
3768,234729319,566,234729885,0,0,1,512,40,866097977
3769,234740615,3422,234744037,0,0,1,3584,40,10107303691
3770,234946937,6488,234953425,0,3,1,15872,37,4413691731
3771,234964437,89588,235054025,0,5,0,14336,7,6259745375
3772,235092568,1042,235093610,0,0,1,1024,40,8768822264
3773,235247330,2870,235250200,0,3,1,8704,37,1893556948
3774,235301986,94688,235396674,0,2,0,20992,11,1653217493
3775,235330407,77744,235408151,0,4,0,10752,33,5567758536
3776,235481261,119600,235600861,0,2,0,92672,11,5560050171
3777,235585435,52364,235637799,0,5,0,3072,7,2743591943
3778,235816831,5802,235822633,0,3,1,6144,37,7842627094
3779,235856657,45908,235902565,0,7,0,2048,22,6505029883
3780,235914887,55748,235970635,0,4,0,4096,33,1436525344
3781,235946086,1042,235947128,0,3,1,1024,37,3909554296
3782,235964759,104468,236069227,0,4,0,43008,33,4896764930
3783,236115184,2470,236117654,0,0,1,2560,40,2657576666
3784,236164855,101816,236266671,0,5,0,34304,7,3478490330
3785,236186446,1042,236187488,0,3,1,1024,37,7667861161
3786,236374398,52364,236426762,0,7,0,3072,22,9306496372
3787,236413021,2946,236415967,0,0,1,3072,40,3322318883
3788,236550034,3422,236553456,0,0,1,3584,40,1693132753
3789,236606673,566,236607239,0,0,1,512,40,1255986267
3790,236642362,50672,236693034,0,7,0,2560,22,2206751240
3791,236821237,7230,236828467,0,2,1,7680,11,1231847240
3792,236860482,1994,236862476,0,2,1,2048,11,5165522077
3793,236862714,5802,236868516,0,2,1,6144,11,9920527551
3794,236931282,3422,236934704,0,2,1,3584,11,3627284393
3795,236950416,2470,236952886,0,0,1,2560,40,6209517920
3796,236983687,2470,236986157,0,2,1,2560,11,4407579231
3797,237000307,84512,237084819,0,4,0,12800,33,6245277918
3798,237091508,105092,237196600,0,4,0,45056,33,6680780391
3799,237132083,1042,237133125,0,2,1,1024,11,3336305104
3800,237249190,566,237249756,0,0,1,512,40,2105985521
3801,237257877,10757,237268634,0,0,1,17408,40,10113788925
3802,237315044,2946,237317990,0,2,1,3072,11,1245670343
3803,237321996,10241,237332237,0,0,1,16384,40,2419557361
3804,237384817,566,237385383,0,0,1,512,40,5320784019
3805,237407715,2870,237410585,0,3,1,8704,37,7542523811
3806,237417271,6278,237423549,0,1,1,6656,38,6461405276
3807,237653944,1518,237655462,0,0,1,1536,40,7461658972
3808,237696013,2470,237698483,0,1,1,2560,38,9171983123
3809,237760431,4374,237764805,0,1,1,4608,38,331417326
3810,237779070,101660,237880730,0,4,0,33792,33,9318210822
3811,237870110,566,237870676,0,1,1,512,38,9826797106
3812,238314292,1518,238315810,0,2,1,1536,11,7614415686
3813,238531748,3898,238535646,0,8,1,4096,5,5264186435
3814,238543194,7706,238550900,0,7,1,8192,22,3981870596
3815,238545666,3128,238548794,0,2,1,9216,11,10100432403
3816,239084913,128960,239213873,0,5,0,123392,7,9291938500
3817,239281715,55748,239337463,0,5,0,4096,7,1246842567
3818,239314400,102908,239417308,0,7,0,37888,22,7573863905
3819,239353094,3422,239356516,0,3,1,3584,37,3867837193
3820,239367129,5712,239372841,0,2,1,14336,11,1470029601
3821,239409927,1518,239411445,0,3,1,1536,37,2282105256
3822,239478068,104156,239582224,0,4,0,41984,33,2308089306
3823,239520608,1994,239522602,0,2,1,2048,11,9873478526
3824,239529227,6488,239535715,0,3,1,15872,37,10139610061
3825,239925658,82244,240007902,0,5,0,20480,7,1736888206
3826,239934201,67592,240001793,0,7,0,7680,22,4812402858
3827,240235594,1042,240236636,0,2,1,1024,11,10635780478
3828,240275942,1994,240277936,0,2,1,2048,11,1075558313
3829,240416278,107120,240523398,0,5,0,51712,7,10505276954
3830,240486960,4374,240491334,0,6,1,4608,23,7664726889
3831,240574154,105092,240679246,0,7,0,45056,22,183892071
3832,240627995,98072,240726067,0,4,0,22016,33,2614425340
3833,240666891,10241,240677132,0,6,1,16384,23,2330768234
3834,240667948,566,240668514,0,3,1,512,37,1447512907
3835,240732310,106028,240838338,0,2,0,48128,11,8607775108
3836,240808472,98876,240907348,0,4,0,29696,33,6363625982
3837,240857444,2946,240860390,0,3,1,3072,37,390944092
3838,241034773,5802,241040575,0,2,1,6144,11,1134390935
3839,241185854,3645,241189499,0,3,1,10240,37,5285954521
3840,241197466,3645,241201111,0,6,1,10240,23,10247493904
3841,241203571,98096,241301667,0,4,0,27136,33,43216161
3842,241277261,12308,241289569,0,6,1,20480,23,4443934835
3843,241331120,99032,241430152,0,7,0,30208,22,3201801888
3844,241416330,65900,241482230,0,7,0,7168,22,6599592875
3845,241586805,4850,241591655,0,3,1,5120,37,6380369560
3846,241639341,123344,241762685,0,2,0,104960,11,8670973163
3847,241653606,4374,241657980,0,3,1,4608,37,10044148245
3848,241663460,1994,241665454,0,3,1,2048,37,6464284814
3849,241681749,2870,241684619,0,2,1,8704,11,7255567743
3850,241717390,3645,241721035,0,6,1,10240,23,2230596623
3851,241720534,3412,241723946,0,6,1,9728,23,7347798639
3852,241896061,3422,241899483,0,2,1,3584,11,976173444
3853,241928934,6278,241935212,0,3,1,6656,37,6732643750
3854,242051765,163916,242215681,0,5,0,142336,7,5390416635
3855,242155579,106496,242262075,0,5,0,49664,7,9333426689
3856,242189077,3422,242192499,0,6,1,3584,23,10619516324
3857,242221164,100256,242321420,0,5,0,29184,7,3823511926
3858,242234985,120224,242355209,0,7,0,94720,22,9749307012
3859,242344476,67592,242412068,0,2,0,7680,11,10093511997
3860,242635506,103844,242739350,0,5,0,40960,7,9197548053
3861,243079252,103688,243182940,0,4,0,40448,33,6641978878
3862,243090806,43904,243134710,0,4,0,512,33,7073482115
3863,243286725,108836,243395561,0,7,0,57344,22,2898285725
3864,243427381,101504,243528885,0,2,0,33280,11,7679601517
3865,243449669,119912,243569581,0,4,0,93696,33,10519513032
3866,243535170,2946,243538116,0,1,1,3072,38,4870856774
3867,243535251,83962,243619213,0,4,0,17408,33,3340047153
3868,243663690,101192,243764882,0,5,0,32256,7,2192339309
3869,243676147,2470,243678617,0,3,1,2560,37,1089306126
3870,243779922,3898,243783820,0,1,1,4096,38,7809794653
3871,243896224,105560,244001784,0,2,0,46592,11,9524407886
3872,243922812,76052,243998864,0,7,0,10240,22,3250445800
3873,243984878,64208,244049086,0,2,0,6656,11,2004646155
3874,244008108,4374,244012482,0,4,1,4608,33,1600027872
3875,244069632,5712,244075344,0,3,1,14336,37,9694170084
3876,244167440,6754,244174194,0,0,1,7168,40,1911291824
3877,244200875,2946,244203821,0,3,1,3072,37,10511223343
3878,244225809,6754,244232563,0,3,1,7168,37,9058091665
3879,244275055,1518,244276573,0,6,1,1536,23,7299385307
3880,244320361,147152,244467513,0,7,0,137728,22,7258617332
3881,244411095,1518,244412613,0,4,1,1536,33,1478641647
3882,244467019,1042,244468061,0,6,1,1024,23,1223334199
3883,244545310,167480,244712790,0,2,0,148992,11,2513635184
3884,244588434,4679,244593113,0,4,1,12288,33,281040581
3885,244623881,1994,244625875,0,3,1,2048,37,8911395988
3886,244674588,4374,244678962,0,4,1,4608,33,3524379359
3887,244680950,1042,244681992,0,6,1,1024,23,7152609288
3888,244707834,74852,244782686,0,5,0,16384,7,6302641227
3889,244775049,566,244775615,0,0,1,512,40,9852587181
3890,244793205,3898,244797103,0,4,1,4096,33,3558324915
3891,244854414,5326,244859740,0,6,1,5632,23,1453374993
3892,244856454,101036,244957490,0,5,0,31744,7,2896120687
3893,244876987,6754,244883741,0,0,1,7168,40,5836780609
3894,244892257,4850,244897107,0,6,1,5120,23,3994763448
3895,244931243,566,244931809,0,6,1,512,23,8962872243
3896,244963732,79616,245043348,0,4,0,16896,33,1214674388
3897,245003299,3898,245007197,0,0,1,4096,40,7010123860
3898,245016547,5326,245021873,0,6,1,5632,23,10150873194
3899,245112260,1042,245113302,0,4,1,1024,33,8582931433
3900,245115797,12049,245127846,0,0,1,19968,40,8006731766
3901,245127606,6278,245133884,0,0,1,6656,40,7697569512
3902,245153531,1994,245155525,0,3,1,2048,37,1881299620
3903,245155350,1042,245156392,0,1,1,1024,38,4870532188
3904,245190032,89300,245279332,0,7,0,18432,22,6083798338
3905,245218706,90056,245308762,0,5,0,15872,7,7068345946
3906,245335089,3387,245338476,0,1,1,9728,38,9571121085
3907,245410670,3645,245414315,0,1,1,10240,38,4631170113
3908,245418818,3898,245422716,0,2,1,4096,11,10118135290
3909,245422819,1518,245424337,0,2,1,1536,11,7108412843
3910,245424065,5454,245429519,0,4,1,13824,33,646982245
3911,245531810,80552,245612362,0,4,0,19968,33,10065918569
3912,245566907,1994,245568901,0,3,1,2048,37,9613467296
3913,245610412,566,245610978,0,3,1,512,37,662384758
3914,245629041,4850,245633891,0,4,1,5120,33,1864107394
3915,245676448,4679,245681127,0,0,1,12288,40,8694886537
3916,245783748,6278,245790026,0,2,1,6656,11,4725981645
3917,245790106,1042,245791148,0,2,1,1024,11,4200563576
3918,245804837,55748,245860585,0,2,0,4096,11,3283202998
3919,245813508,3898,245817406,0,4,1,4096,33,8307369056
3920,245823532,110396,245933928,0,4,0,62464,33,1490168698
3921,245882790,1994,245884784,0,2,1,2048,11,7062530775
3922,245929738,9894,245939632,0,4,1,14336,33,3625193696
3923,245967494,1518,245969012,0,0,1,1536,40,1421579970
3924,246023419,566,246023985,0,3,1,512,37,4823021277
3925,246140187,1042,246141229,0,2,1,1024,11,4894346825
3926,246180090,215240,246395330,0,7,0,245248,22,9806762548
3927,246267222,136796,246404018,0,7,0,19456,22,933251232
3928,246296938,123088,246420026,0,7,0,26624,22,5813070330
3929,246343663,2946,246346609,0,5,1,3072,7,9153865990
3930,246369358,7230,246376588,0,9,1,7680,5,2401635775
3931,246410534,96872,246507406,0,4,0,28160,33,9966155939
3932,246517362,1042,246518404,0,4,1,1024,33,6629446539
3933,246600492,566,246601058,0,9,1,512,5,405669288
3934,246624475,2946,246627421,0,3,1,3072,37,6498765477
3935,246641018,64676,246705694,0,4,0,8192,33,3167165788
3936,246685336,1042,246686378,0,0,1,1024,40,9633483329
3937,246721630,50672,246772302,0,2,0,2560,11,817185419
3938,246772671,82532,246855203,0,2,0,16384,11,7201769908
3939,246827797,104780,246932577,0,2,0,44032,11,3305519168
3940,246937288,5326,246942614,0,4,1,5632,33,7915420686
3941,246950362,1518,246951880,0,2,1,1536,11,5785104858
3942,246956084,6754,246962838,0,2,1,7168,11,6281844075
3943,246959356,4850,246964206,0,0,1,5120,40,7857471015
3944,246998029,3422,247001451,0,4,1,3584,33,8329594433
3945,246999393,3422,247002815,0,1,1,3584,38,8516282933
3946,247013789,152876,247166665,0,4,0,62464,33,5776905938
3947,247062592,566,247063158,0,4,1,512,33,6732181664
3948,247088271,1518,247089789,0,2,1,1536,11,4954374763
3949,247154269,5326,247159595,0,3,1,5632,37,6704922394
3950,247162072,8483,247170555,0,4,1,4096,33,1385950351
3951,247182801,15321,247198122,0,1,1,29696,38,3442929287
3952,247201508,6278,247207786,0,1,1,6656,38,9251884993
3953,247233079,3387,247236466,0,0,1,9728,40,773151317
3954,247242507,3898,247246405,0,4,1,4096,33,5145213571
3955,247247746,62516,247310262,0,7,0,6144,22,8802979589
3956,247364220,5712,247369932,0,4,1,14336,33,7039476538
3957,247365940,8499,247374439,0,4,1,6144,33,1022049439
3958,247409894,128141,247538035,0,4,0,53760,33,4754169012
3959,247450601,114456,247565057,0,4,0,13824,33,6954548911
3960,247484870,6754,247491624,0,0,1,7168,40,10461519466
3961,247505133,7230,247512363,0,8,1,7680,5,8232489767
3962,247641012,3387,247644399,0,2,1,9728,11,1592648340
3963,247673534,2946,247676480,0,1,1,3072,38,1371627580
3964,247701904,4850,247706754,0,2,1,5120,11,1392082051
3965,247744017,1994,247746011,0,2,1,2048,11,6132735980
3966,247782898,3422,247786320,0,3,1,3584,37,7185177857
3967,247801004,1994,247802998,0,0,1,2048,40,8610036239
3968,247811467,108524,247919991,0,7,0,56320,22,21251068
3969,247852087,122720,247974807,0,4,0,102912,33,1445705217
3970,247910601,3422,247914023,0,0,1,3584,40,2671244972
3971,247919424,7230,247926654,0,0,1,7680,40,9004414442
3972,247924940,5326,247930266,0,3,1,5632,37,6175130123
3973,248001263,50672,248051935,0,5,0,2560,7,1510563233
3974,248015065,119288,248134353,0,4,0,91648,33,1346240533
3975,248021446,1994,248023440,0,0,1,2048,40,8838041556
3976,248054740,3898,248058638,0,4,1,4096,33,5968300250
3977,248212997,84536,248297533,0,4,0,17920,33,2157417748
3978,248315250,2946,248318196,0,8,1,3072,5,7140845057
3979,248392506,11533,248404039,0,0,1,18944,40,1116143615
3980,248407985,104936,248512921,0,4,0,44544,33,3389226815
3981,248447355,4374,248451729,0,4,1,4608,33,6628040719
3982,248555707,3645,248559352,0,0,1,10240,40,9786706718
3983,248585833,4420,248590253,0,9,1,11776,5,1496591530
3984,248601509,4162,248605671,0,9,1,11264,5,10587718772
3985,248608238,1042,248609280,0,9,1,1024,5,1819357379
3986,248608909,4374,248613283,0,3,1,4608,37,8860742640
3987,248641907,119912,248761819,0,7,0,93696,22,5591865866
3988,248674944,1042,248675986,0,3,1,1024,37,6794759987
3989,248761229,102752,248863981,0,5,0,37376,7,2324325959
3990,248874926,2470,248877396,0,9,1,2560,5,6183097457
3991,248906237,98696,249004933,0,4,0,24064,33,1384900092
3992,248909635,106028,249015663,0,5,0,48128,7,3781541560
3993,248946090,121287,249067377,0,5,0,30208,7,9519095304
3994,248947874,1518,248949392,0,3,1,1536,37,5709462566
3995,248957883,64076,249021959,0,5,0,11264,7,8054355538
3996,248976541,5802,248982343,0,0,1,6144,40,2198000330
3997,249077709,88076,249165785,0,5,0,19456,7,1434956358
3998,249179686,3904,249183590,0,3,1,10752,37,2303578672
3999,249195840,1994,249197834,0,3,1,2048,37,3758434263
4000,249245409,74540,249319949,0,5,0,15360,7,9829319082
4001,249270155,2470,249272625,0,3,1,2560,37,3302469442
4002,249414952,4374,249419326,0,4,1,4608,33,3008729280
4003,249473896,2470,249476366,0,9,1,2560,5,6116795761
4004,249488330,4850,249493180,0,4,1,5120,33,3950731327
4005,249489144,99944,249589088,0,2,0,28160,11,8076003893
4006,249501109,2470,249503579,0,4,1,2560,33,422903013
4007,249724832,3904,249728736,0,0,1,10752,40,1956272691
4008,249730376,103844,249834220,0,4,0,40960,33,6595998328
4009,249879427,99164,249978591,0,7,0,25600,22,1179447581
4010,249881679,1518,249883197,0,5,1,1536,7,8405219342
4011,249911669,7230,249918899,0,5,1,7680,7,9927222218
4012,249912710,566,249913276,0,4,1,512,33,2670894611
4013,249922850,90704,250013554,0,2,0,23040,11,8535693130
4014,250035454,1518,250036972,0,0,1,1536,40,8589207235
4015,250087365,102284,250189649,0,7,0,35840,22,6253902807
4016,250124408,90680,250215088,0,4,0,17920,33,6180643670
4017,250141000,1518,250142518,0,4,1,1536,33,3890868662
4018,250204259,2870,250207129,0,9,1,8704,5,1522784742
4019,250213734,105190,250318924,0,4,0,40960,33,3866839978
4020,250241082,99944,250341026,0,2,0,28160,11,2091977641
4021,250241824,2946,250244770,0,9,1,3072,5,2441407737
4022,250286442,118762,250405204,0,4,0,49664,33,810012368
4023,250317022,84692,250401714,0,5,0,18432,7,5239350502
4024,250388776,16443,250405219,0,4,1,6656,33,3547039096
4025,250461409,4679,250466088,0,1,1,12288,38,7000569483
4026,250590863,2946,250593809,0,5,1,3072,7,5601795419
4027,250604676,566,250605242,0,9,1,512,5,579411527
4028,250657006,117728,250774734,0,7,0,86528,22,10375580562
4029,250738205,4679,250742884,0,5,1,12288,7,8246217174
4030,250739155,1994,250741149,0,4,1,2048,33,4252543805
4031,250754752,12825,250767577,0,2,1,21504,11,6884918037
4032,250756225,119381,250875606,0,7,0,31232,22,7375989682
4033,250858263,4374,250862637,0,1,1,4608,38,10476245062
4034,250879070,119288,250998358,0,4,0,91648,33,6118431720
4035,251003741,101192,251104933,0,4,0,32256,33,5127004051
4036,251153914,119444,251273358,0,7,0,92160,22,6835530802
4037,251206718,5196,251211914,0,4,1,13312,33,9265840366
4038,251213721,2946,251216667,0,3,1,3072,37,1285451556
4039,251287830,4374,251292204,0,3,1,4608,37,734074018
4040,251341950,4937,251346887,0,5,1,12800,7,10181503506
4041,251342800,3904,251346704,0,3,1,10752,37,8421157101
4042,251365946,101036,251466982,0,2,0,31744,11,9556636657
4043,251376875,2946,251379821,0,5,1,3072,7,7647642648
4044,251456336,103688,251560024,0,5,0,40448,7,8515758908
4045,251464014,1994,251466008,0,1,1,2048,38,423232073
4046,251491268,133538,251624806,0,5,0,25088,7,10202964016
4047,251593101,3128,251596229,0,5,1,9216,7,10517159896
4048,251668737,2870,251671607,0,1,1,8704,38,10685991583
4049,251781242,1994,251783236,0,2,1,2048,11,2877010629
4050,251790138,74360,251864498,0,2,0,9728,11,8295647452
4051,251855165,3898,251859063,0,3,1,4096,37,5718816716
4052,251909918,3898,251913816,0,5,1,4096,7,1313378007
4053,251942978,4420,251947398,0,8,1,11776,5,1721764393
4054,252015885,93020,252108905,0,7,0,25600,22,2409316931
4055,252050243,6278,252056521,0,2,1,6656,11,272849046
4056,252068621,3387,252072008,0,3,1,9728,37,5467247346
4057,252071002,3422,252074424,0,2,1,3584,11,3198752927
4058,252199409,3898,252203307,0,5,1,4096,7,5460043920
4059,252238689,13083,252251772,0,5,1,22016,7,10731674206
4060,252291310,52832,252344142,0,5,0,4608,7,5570384696
4061,252352744,4162,252356906,0,3,1,11264,37,10532409025
4062,252354332,56060,252410392,0,4,0,5120,33,10304636825
4063,252388130,99788,252487918,0,7,0,27648,22,10221597870
4064,252400660,164490,252565150,0,7,0,119808,22,3323825560
4065,252447992,77744,252525736,0,5,0,10752,7,4311597671
4066,252515001,6754,252521755,0,3,1,7168,37,780040733
4067,252526590,11791,252538381,0,8,1,19456,5,6428112676
4068,252644985,1994,252646979,0,8,1,2048,5,10568305371
4069,252647774,60824,252708598,0,4,0,5632,33,10468548830
4070,252678330,2470,252680800,0,5,1,2560,7,6132605102
4071,252769237,4850,252774087,0,8,1,5120,5,2912541041
4072,252836169,566,252836735,0,8,1,512,5,6395396234
4073,252865691,3422,252869113,0,5,1,3584,7,10329943388
4074,252900220,566,252900786,0,3,1,512,37,1039090578
4075,252905265,3422,252908687,0,8,1,3584,5,9497577110
4076,252998759,4850,253003609,0,5,1,5120,7,3371971898
4077,253045158,4374,253049532,0,2,1,4608,11,9794684380
4078,253048585,120848,253169433,0,5,0,96768,7,2575943116
4079,253215614,120692,253336306,0,4,0,96256,33,6500484505
4080,253247574,3898,253251472,0,3,1,4096,37,3555714008
4081,253256770,110396,253367166,0,5,0,62464,7,4776982845
4082,253454156,3128,253457284,0,8,1,9216,5,1724844233
4083,253463603,7706,253471309,0,3,1,8192,37,7527018430
4084,253624467,62228,253686695,0,2,0,10240,11,8019104113
4085,253662276,3898,253666174,0,3,1,4096,37,9252016347
4086,253672733,77744,253750477,0,5,0,10752,7,9900460740
4087,253951599,116948,254068547,0,7,0,83968,22,3281391392
4088,254236005,47288,254283293,0,7,0,1536,22,2157662250
4089,254242677,3387,254246064,0,8,1,9728,5,10394853589
4090,254326376,3898,254330274,0,1,1,4096,38,9408109087
4091,254503509,3904,254507413,0,3,1,10752,37,10100290374
4092,254507696,1042,254508738,0,8,1,1024,5,8995495746
4093,254719301,2870,254722171,0,3,1,8704,37,109520155
4094,254765036,107900,254872936,0,5,0,54272,7,10320802445
4095,254805794,2946,254808740,0,1,1,3072,38,9883199182
4096,254809298,6278,254815576,0,3,1,6656,37,9134812298
4097,254859503,95312,254954815,0,2,0,23040,11,8253642669
4098,254885880,566,254886446,0,3,1,512,37,4231685698
4099,255048147,6278,255054425,0,1,1,6656,38,8283722895
4100,255082536,95648,255178184,0,4,0,29184,33,5745492705
4101,255251466,71132,255322598,0,2,0,9216,11,4633920877
4102,255310481,109460,255419941,0,2,0,59392,11,1910968778
4103,255357107,1994,255359101,0,1,1,2048,38,8380838900
4104,255371707,91484,255463191,0,7,0,25600,22,7494936998
4105,255409773,10241,255420014,0,3,1,16384,37,5729252527
4106,255479977,3422,255483399,0,3,1,3584,37,8205814986
4107,255508478,5326,255513804,0,3,1,5632,37,1820901084
4108,255591536,64208,255655744,0,7,0,6656,22,7340188158
4109,255691203,2946,255694149,0,3,1,3072,37,6358059839
4110,255792782,115856,255908638,0,5,0,80384,7,413813113
4111,255806850,4162,255811012,0,1,1,11264,38,681747739
4112,255953935,2470,255956405,0,8,1,2560,5,3975447370
4113,255993589,3898,255997487,0,8,1,4096,5,10058828147
4114,256008683,54056,256062739,0,7,0,3584,22,346981349
4115,256214873,1994,256216867,0,3,1,2048,37,4880065096
4116,256452467,101660,256554127,0,4,0,33792,33,10273580239
4117,256581808,14287,256596095,0,3,1,27648,37,4158619891
4118,256632360,4162,256636522,0,1,1,11264,38,7501535552
4119,256633508,82400,256715908,0,7,0,20992,22,6805336103
4120,256651373,64208,256715581,0,2,0,6656,11,9302090983
4121,256653257,566,256653823,0,5,1,512,7,1404518050
4122,256712819,2946,256715765,0,5,1,3072,7,5303268918
4123,256779535,5454,256784989,0,1,1,13824,38,8971877307
4124,256950977,566,256951543,0,7,1,512,22,3130547328
4125,257046895,3898,257050793,0,7,1,4096,22,10061490104
4126,257057464,5326,257062790,0,0,1,5632,40,8035641275
4127,257100839,6754,257107593,0,8,1,7168,5,10335554397
4128,257133438,116948,257250386,0,2,0,83968,11,7634433236
4129,257189226,1994,257191220,0,8,1,2048,5,10573238163
4130,257242719,1518,257244237,0,5,1,1536,7,9275248064
4131,257305260,6754,257312014,0,8,1,7168,5,1295949542
4132,257373970,1518,257375488,0,8,1,1536,5,2902050620
4133,257421329,2470,257423799,0,1,1,2560,38,8996193716
4134,257426428,1994,257428422,0,1,1,2048,38,9042707337
4135,257433980,82820,257516800,0,4,0,12288,33,4497674787
4136,257435477,117260,257552737,0,7,0,84992,22,3599544565
4137,257449812,75868,257525680,0,4,0,6144,33,5721123097
4138,257545043,1518,257546561,0,1,1,1536,38,6014906614
4139,257551747,95132,257646879,0,2,0,17408,11,5844671423
4140,257600084,50672,257650756,0,5,0,2560,7,358199681
4141,257653696,3904,257657600,0,8,1,10752,5,2050561572
4142,257711641,3904,257715545,0,1,1,10752,38,5223194291
4143,257751644,6278,257757922,0,8,1,6656,5,7161205099
4144,257826038,112736,257938774,0,7,0,70144,22,7847017568
4145,257907239,71600,257978839,0,2,0,10752,11,8364144459
4146,257949509,50672,258000181,0,4,0,2560,33,7048745702
4147,257970698,566,257971264,0,8,1,512,5,7571924214
4148,258002404,4374,258006778,0,5,1,4608,7,6979296223
4149,258011989,64988,258076977,0,2,0,9216,11,3150224210
4150,258049487,4162,258053649,0,9,1,11264,5,6119466105
4151,258079140,7230,258086370,0,8,1,7680,5,9172346290
4152,258262233,101192,258363425,0,7,0,32256,22,1093310379
4153,258263573,2946,258266519,0,8,1,3072,5,1745734744
4154,258370555,114920,258485475,0,2,0,77312,11,1125946699
4155,258372400,566,258372966,0,9,1,512,5,5236746760
4156,258376568,1042,258377610,0,7,1,1024,22,9052482913
4157,258383397,2870,258386267,0,9,1,8704,5,10728454139
4158,258434860,2470,258437330,0,5,1,2560,7,3302906676
4159,258445715,1042,258446757,0,7,1,1024,22,2781022812
4160,258462848,1518,258464366,0,7,1,1536,22,5722007998
4161,258463009,4374,258467383,0,8,1,4608,5,7750869350
4162,258638600,1042,258639642,0,7,1,1024,22,9571812298
4163,258781024,50672,258831696,0,2,0,2560,11,8766699495
4164,258852933,566,258853499,0,9,1,512,5,4704706475
4165,258877798,47288,258925086,0,7,0,1536,22,7114696237
4166,258974875,2946,258977821,0,5,1,3072,7,2448970859
4167,259029787,43904,259073691,0,5,0,512,7,9870397257
4168,259040579,5326,259045905,0,1,1,5632,38,3069469158
4169,259045114,2870,259047984,0,9,1,8704,5,4367725577
4170,259220290,4420,259224710,0,8,1,11776,5,9688549264
4171,259246825,5802,259252627,0,7,1,6144,22,628153040
4172,259258654,3904,259262558,0,1,1,10752,38,736005148
4173,259273099,2870,259275969,0,7,1,8704,22,10636155622
4174,259303506,7230,259310736,0,8,1,7680,5,7321632504
4175,259373422,1042,259374464,0,8,1,1024,5,7945834001
4176,259377624,5712,259383336,0,8,1,14336,5,6692651861
4177,259431982,82868,259514850,0,5,0,22528,7,8762096742
4178,259515756,2946,259518702,0,1,1,3072,38,361301093
4179,259643894,43904,259687798,0,5,0,512,7,1901127574
4180,259715477,2470,259717947,0,7,1,2560,22,162200124
4181,259785086,566,259785652,0,7,1,512,22,6881960422
4182,259853488,4374,259857862,0,8,1,4608,5,3749528434
4183,259962122,1994,259964116,0,7,1,2048,22,5320093262
4184,260023894,87296,260111190,0,7,0,16896,22,4093577015
4185,260067479,73292,260140771,0,2,0,11264,11,1247274350
4186,260082183,13083,260095266,0,8,1,22016,5,4325735796
4187,260163836,1518,260165354,0,4,1,1536,33,7887112553
4188,260343235,7230,260350465,0,8,1,7680,5,2899478535
4189,260391920,112112,260504032,0,4,0,68096,33,7451911130
4190,260435364,4850,260440214,0,4,1,5120,33,10670745712
4191,260461804,67020,260528824,0,4,0,1024,33,495514006
4192,260473971,5326,260479297,0,4,1,5632,33,1218345519
4193,260595632,1042,260596674,0,8,1,1024,5,155973243
4194,260729483,1518,260731001,0,8,1,1536,5,2079122386
4195,260737395,5802,260743197,0,7,1,6144,22,4816032469
4196,260738843,4918,260743761,0,7,1,10752,22,9147959768
4197,260805389,105560,260910949,0,4,0,46592,33,979553493
4198,260824833,4374,260829207,0,8,1,4608,5,8482427469
4199,260844449,147794,260992243,0,4,0,80384,33,1140855975
4200,260867120,3387,260870507,0,8,1,9728,5,3406535691
4201,260893741,125868,261019609,0,4,0,12800,33,4192744095
4202,260952323,191684,261144007,0,5,0,167936,7,9591450683
4203,261056349,88141,261144490,0,5,0,1536,7,438429926
4204,261183083,3898,261186981,0,7,1,4096,22,5667550133
4205,261227039,127556,261354595,0,2,0,118784,11,5209498741
4206,261268447,7706,261276153,0,7,1,8192,22,4830231633
4207,261567792,104936,261672728,0,5,0,44544,7,7216725
4208,261567837,5326,261573163,0,7,1,5632,22,6819679323
4209,261605418,566,261605984,0,8,1,512,5,3028863881
4210,261713050,94844,261807894,0,7,0,21504,22,1039727234
4211,261781068,3898,261784966,0,7,1,4096,22,5939523159
4212,261814977,2470,261817447,0,8,1,2560,5,8632846361
4213,261823357,3387,261826744,0,7,1,9728,22,8591997877
4214,261834408,3645,261838053,0,1,1,10240,38,5229215466
4215,261842680,123032,261965712,0,5,0,103936,7,3428442960
4216,261851651,5802,261857453,0,7,1,6144,22,8956013980
4217,261863468,5802,261869270,0,5,1,6144,7,8407767318
4218,261884247,2946,261887193,0,8,1,3072,5,10222214608
4219,261924864,4374,261929238,0,8,1,4608,5,1892043996
4220,261958874,13584,261972458,0,5,1,7168,7,9658752071
4221,262085999,566,262086565,0,1,1,512,38,7589731144
4222,262114630,3128,262117758,0,5,1,9216,7,9953209816
4223,262181414,116324,262297738,0,5,0,81920,7,844123264
4224,262182523,4374,262186897,0,7,1,4608,22,6429045090
4225,262255849,5802,262261651,0,7,1,6144,22,4170119355
4226,262460516,3128,262463644,0,5,1,9216,7,5700854510
4227,262470671,76700,262547371,0,5,0,17408,7,9651028649
4228,262518732,2470,262521202,0,3,1,2560,37,2516209429
4229,262649563,112580,262762143,0,4,0,69632,33,99256269
4230,262722829,6229,262729058,0,5,1,15360,7,2686368733
4231,262751030,100256,262851286,0,7,0,29184,22,9266237912
4232,262784750,105560,262890310,0,2,0,46592,11,4509090539
4233,262790553,5802,262796355,0,1,1,6144,38,6408251937
4234,262829522,4679,262834201,0,7,1,12288,22,2425442003
4235,262843076,108146,262951222,0,2,0,17408,11,9286367628
4236,262874139,3422,262877561,0,7,1,3584,22,8429047186
4237,262938964,104312,263043276,0,2,0,42496,11,5541396749
4238,262967510,112892,263080402,0,5,0,70656,7,2747650007
4239,262970587,188252,263158839,0,7,0,156672,22,3996026388
4240,262999485,123081,263122566,0,2,0,74752,11,975943352
4241,263037919,1042,263038961,0,5,1,1024,7,6088662904
4242,263056602,5802,263062404,0,8,1,6144,5,8614507374
4243,263056937,1042,263057979,0,1,1,1024,38,2652070594
4244,263254052,102284,263356336,0,2,0,35840,11,7570482905
4245,263279815,180392,263460207,0,7,0,151040,22,4101187315
4246,263293688,3387,263297075,0,5,1,9728,7,8233461850
4247,263410500,2470,263412970,0,7,1,2560,22,8378530744
4248,263415841,103532,263519373,0,5,0,39936,7,5117047648
4249,263434356,89400,263523756,0,5,0,14336,7,2475926245
4250,263442247,20822,263463069,0,7,1,8704,22,10458491152
4251,263485035,566,263485601,0,8,1,512,5,1047616047
4252,263552694,12825,263565519,0,8,1,21504,5,9017563934
4253,263594381,6754,263601135,0,5,1,7168,7,301427426
4254,263594986,2946,263597932,0,7,1,3072,22,595498536
4255,263702234,3422,263705656,0,1,1,3584,38,4807685954
4256,263752905,5326,263758231,0,1,1,5632,38,68258239
4257,263772734,2946,263775680,0,7,1,3072,22,7753741087
4258,263810976,50672,263861648,0,7,0,2560,22,8549698149
4259,263845826,2870,263848696,0,1,1,8704,38,7439502716
4260,263853912,47288,263901200,0,2,0,1536,11,3217100429
4261,263991794,64232,264056026,0,5,0,11776,7,3426287188
4262,264109318,566,264109884,0,1,1,512,38,7922672904
4263,264109796,1042,264110838,0,1,1,1024,38,10229670952
4264,264133308,55748,264189056,0,7,0,4096,22,4419196906
4265,264313779,1994,264315773,0,7,1,2048,22,4176527039
4266,264383073,109148,264492221,0,4,0,58368,33,6947682754
4267,264520415,3128,264523543,0,1,1,9216,38,4017836036
4268,264561569,91616,264653185,0,2,0,20992,11,6907136848
4269,264585544,76208,264661752,0,4,0,10752,33,5374133482
4270,264605200,5326,264610526,0,7,1,5632,22,2617460590
4271,264607407,167518,264774925,0,7,0,17920,22,7204480379
4272,264683922,169897,264853819,0,7,0,64000,22,6986048864
4273,264911205,114140,265025345,0,5,0,74752,7,10194744057
4274,264966612,3898,264970510,0,7,1,4096,22,226616304
4275,264995118,72227,265067345,0,5,0,8704,7,10184060942
4276,265053929,64676,265118605,0,4,0,8192,33,202378717
4277,265056605,113350,265169955,0,7,0,7680,22,10382097727
4278,265237542,5454,265242996,0,7,1,13824,22,8824094688
4279,265258924,7706,265266630,0,2,1,8192,11,5079978187
4280,265381826,113984,265495810,0,5,0,74240,7,4950946154
4281,265397664,5802,265403466,0,7,1,6144,22,7901474813
4282,265400179,4374,265404553,0,2,1,4608,11,3123482950
4283,265427791,566,265428357,0,5,1,512,7,8146267297
4284,265511936,11016,265522952,0,2,1,17920,11,5288222989
4285,265524317,4374,265528691,0,7,1,4608,22,9044879021
4286,265562584,2946,265565530,0,7,1,3072,22,1409251326
4287,265571337,78288,265649625,0,7,0,11776,22,835228075
4288,265584584,78373,265662957,0,7,0,5120,22,8736963503
4289,265586727,103064,265689791,0,5,0,38400,7,7123158353
4290,265699777,7706,265707483,0,8,1,8192,5,4051131946
4291,265774326,2946,265777272,0,5,1,3072,7,7172852757
4292,265774707,566,265775273,0,9,1,512,5,2267687714
4293,265974091,1518,265975609,0,9,1,1536,5,2223458558
4294,266012624,3422,266016046,0,8,1,3584,5,8320877084
4295,266031679,108056,266139735,0,5,0,54784,7,9789658759
4296,266096461,3422,266099883,0,2,1,3584,11,4689619765
4297,266155774,54056,266209830,0,5,0,3584,7,2214593791
4298,266194655,1042,266195697,0,5,1,1024,7,1222449799
4299,266233947,2470,266236417,0,2,1,2560,11,386945760
4300,266285947,2470,266288417,0,9,1,2560,5,5938887793
4301,266362488,98384,266460872,0,5,0,23040,7,10677747097
4302,266376169,10241,266386410,0,8,1,16384,5,40821042
4303,266411636,5971,266417607,0,8,1,14848,5,2759808528
4304,266415272,2470,266417742,0,5,1,2560,7,10413802251
4305,266426913,4374,266431287,0,9,1,4608,5,7413788576
4306,266461173,4374,266465547,0,4,1,4608,33,10383207078
4307,266462993,3898,266466891,0,9,1,4096,5,4006255402
4308,266492293,1994,266494287,0,8,1,2048,5,5155622212
4309,266505905,4162,266510067,0,5,1,11264,7,9509945532
4310,266727661,1518,266729179,0,8,1,1536,5,2306151653
4311,266740101,7706,266747807,0,9,1,8192,5,2458638832
4312,266764687,4850,266769537,0,8,1,5120,5,2662458595
4313,266829481,99008,266928489,0,5,0,25088,7,8660452723
4314,266838572,566,266839138,0,2,1,512,11,104326266
4315,266856461,5196,266861657,0,2,1,13312,11,2934007243
4316,266905363,69308,266974671,0,7,0,13312,22,2440054004
4317,266941360,4679,266946039,0,2,1,12288,11,10343443493
4318,267029112,1994,267031106,0,7,1,2048,22,1054417486
4319,267086366,2470,267088836,0,9,1,2560,5,2204388667
4320,267153377,54056,267207433,0,7,0,3584,22,5065402990
4321,267198516,6754,267205270,0,2,1,7168,11,9274659435
4322,267261826,47600,267309426,0,4,0,2560,33,3519392156
4323,267349371,566,267349937,0,5,1,512,7,4092557482
4324,267470739,4850,267475589,0,7,1,5120,22,10241758872
4325,267491630,50672,267542302,0,2,0,2560,11,5696556142
4326,267508786,64208,267572994,0,4,0,6656,33,4022226046
4327,267511576,7706,267519282,0,5,1,8192,7,4111274264
4328,267523411,103688,267627099,0,5,0,40448,7,5890304678
4329,267524121,566,267524687,0,5,1,512,7,1390748406
4330,267550246,7230,267557476,0,2,1,7680,11,9923318289
4331,267816637,11533,267828170,0,5,1,18944,7,625229714
4332,267825574,93332,267918906,0,2,0,26624,11,2856181927
4333,267826561,7706,267834267,0,5,1,8192,7,7505092523
4334,267975944,2470,267978414,0,7,1,2560,22,10124307185
4335,267991629,4162,267995791,0,2,1,11264,11,4923528434
4336,268079988,1994,268081982,0,9,1,2048,5,5991753047
4337,268083998,4850,268088848,0,7,1,5120,22,1544754625
4338,268085219,86096,268171315,0,4,0,23040,33,1457400776
4339,268253909,4850,268258759,0,2,1,5120,11,1003314046
4340,268273508,1042,268274550,0,9,1,1024,5,9035486154
4341,268278678,52364,268331042,0,7,0,3072,22,7866795628
4342,268315570,3898,268319468,0,7,1,4096,22,712359064
4343,268326720,72224,268398944,0,2,0,12800,11,10395420435
4344,268342227,43904,268386131,0,4,0,512,33,10267636760
4345,268394626,160064,268554690,0,5,0,139776,7,4417798507
4346,268424439,1042,268425481,0,9,1,1024,5,4974479448
4347,268437019,1994,268439013,0,9,1,2048,5,2418801054
4348,268442648,566,268443214,0,2,1,512,11,10115337309
4349,268460051,186536,268646587,0,2,0,151040,11,5957067193
4350,268489433,2470,268491903,0,7,1,2560,22,6819941282
4351,268538007,5802,268543809,0,2,1,6144,11,2647793876
4352,268564716,5802,268570518,0,7,1,6144,22,958503069
4353,268565081,3128,268568209,0,6,1,9216,23,10565462550
4354,268585478,4162,268589640,0,5,1,11264,7,4413083686
4355,268593145,2870,268596015,0,2,1,8704,11,4233728084
4356,268604147,566,268604713,0,5,1,512,7,5852587595
4357,268616282,43904,268660186,0,7,0,512,22,4584033437
4358,268653560,1518,268655078,0,7,1,1536,22,4120086558
4359,268664388,1518,268665906,0,2,1,1536,11,97828486
4360,268693365,4374,268697739,0,5,1,4608,7,6489392475
4361,268827370,125372,268952742,0,5,0,111616,7,7629232312
4362,268850610,1042,268851652,0,9,1,1024,5,7283481390
4363,268916253,5196,268921449,0,2,1,13312,11,3291538291
4364,269128939,43904,269172843,0,7,0,512,22,2486734895
4365,269170815,123500,269294315,0,2,0,105472,11,608407084
4366,269193793,7230,269201023,0,5,1,7680,7,6835845834
4367,269295654,124436,269420090,0,4,0,108544,33,564462118
4368,269341377,2946,269344323,0,2,1,3072,11,487025074
4369,269349394,1994,269351388,0,2,1,2048,11,1885386640
4370,269354314,135088,269489402,0,4,0,36352,33,4315464276
4371,269420333,45596,269465929,0,7,0,1024,22,9490115245
4372,269709470,3898,269713368,0,6,1,4096,23,9486362284
4373,269737027,7706,269744733,0,6,1,8192,23,26790919
4374,269947808,43904,269991712,0,7,0,512,22,1435430985
4375,270083218,3128,270086346,0,9,1,9216,5,9867173244
4376,270100748,3128,270103876,0,3,1,9216,37,2905806171
4377,270114170,107432,270221602,0,4,0,52736,33,10234269631
4378,270217376,1994,270219370,0,3,1,2048,37,9157511018
4379,270355045,11016,270366061,0,9,1,17920,5,8976773729
4380,270379013,4850,270383863,0,2,1,5120,11,9975089612
4381,270465342,5454,270470796,0,7,1,13824,22,10102022126
4382,270502795,106808,270609603,0,2,0,50688,11,2756463673
4383,270525054,3898,270528952,0,9,1,4096,5,6885979698
4384,270589774,109148,270698922,0,5,0,58368,7,3955865469
4385,270622857,1518,270624375,0,7,1,1536,22,480677423
4386,270640334,5454,270645788,0,9,1,13824,5,5209768144
4387,270663193,59132,270722325,0,5,0,5120,7,8623135774
4388,270688495,6754,270695249,0,2,1,7168,11,8200212128
4389,270701735,1994,270703729,0,6,1,2048,23,2264863194
4390,270799641,5196,270804837,0,6,1,13312,23,1603671148
4391,270890685,113204,271003889,0,2,0,71680,11,3025349564
4392,270905607,3422,270909029,0,9,1,3584,5,6007086083
4393,270936231,43904,270980135,0,7,0,512,22,3382934937
4394,271083725,2946,271086671,0,2,1,3072,11,8004909806
4395,271100321,72668,271172989,0,4,0,9216,33,762105216
4396,271264841,6754,271271595,0,6,1,7168,23,413484086
4397,271282702,1994,271284696,0,0,1,2048,40,10488379526
4398,271297966,4374,271302340,0,9,1,4608,5,8794283838
4399,271338459,1994,271340453,0,6,1,2048,23,6455935360
4400,271354230,2946,271357176,0,6,1,3072,23,2395816183
4401,271367096,104936,271472032,0,5,0,44544,7,2812222106
4402,271381642,43904,271425546,0,7,0,512,22,10165752949
4403,271472902,52364,271525266,0,7,0,3072,22,7539225544
4404,271545032,43904,271588936,0,7,0,512,22,6186635627
4405,271635221,1042,271636263,0,9,1,1024,5,10574014567
4406,271654206,93176,271747382,0,2,0,26112,11,154719529
4407,271668113,65900,271734013,0,4,0,7168,33,5286170926
4408,271715721,54056,271769777,0,2,0,3584,11,6564205867
4409,271718753,99788,271818541,0,2,0,27648,11,8972139610
4410,271739852,6754,271746606,0,0,1,7168,40,2197747244
4411,271833368,5802,271839170,0,6,1,6144,23,4706724891
4412,271875543,2946,271878489,0,6,1,3072,23,6708586321
4413,271909266,45596,271954862,0,9,0,1024,5,10516003922
4414,271965527,1994,271967521,0,1,1,2048,38,5723289724
4415,272012901,98852,272111753,0,4,0,24576,33,1579601436
4416,272055547,3422,272058969,0,2,1,3584,11,8699107855
4417,272143685,103376,272247061,0,2,0,39424,11,10037307896
4418,272161559,92693,272254252,0,2,0,23552,11,1530119530
4419,272263894,4374,272268268,0,2,1,4608,11,8439316880
4420,272392013,2470,272394483,0,0,1,2560,40,6490003383
4421,272533777,88544,272622321,0,5,0,20992,7,1124261670
4422,272536222,4850,272541072,0,0,1,5120,40,6526625830
4423,272555408,45752,272601160,0,9,0,1536,5,6563060572
4424,272669772,100256,272770028,0,4,0,29184,33,7816387210
4425,272695362,43904,272739266,0,9,0,512,5,10419578115
4426,272736186,1042,272737228,0,6,1,1024,23,5121652692
4427,272743448,566,272744014,0,2,1,512,11,621855891
4428,272807328,2470,272809798,0,7,1,2560,22,7700966046
4429,273010753,6754,273017507,0,7,1,7168,22,1012523327
4430,273078501,1994,273080495,0,0,1,2048,40,8000806738
4431,273130215,85004,273215219,0,2,0,19456,11,9737275950
4432,273150006,104156,273254162,0,5,0,41984,7,1922570146
4433,273159573,43904,273203477,0,7,0,512,22,7295055996
4434,273162992,1994,273164986,0,6,1,2048,23,3071052944
4435,273229553,5802,273235355,0,7,1,6144,22,254793386
4436,273415948,566,273416514,0,0,1,512,40,3454834246
4437,273448849,2470,273451319,0,8,1,2560,5,2707804813
4438,273471264,3422,273474686,0,0,1,3584,40,4971493107
4439,273531503,5802,273537305,0,8,1,6144,5,3315384186
4440,273605725,88988,273694713,0,2,0,17408,11,2223994820
4441,273665379,95624,273761003,0,4,0,24064,33,8669070987
4442,273687226,1042,273688268,0,8,1,1024,5,3505749102
4443,273774290,3128,273777418,0,6,1,9216,23,1970200374
4444,273880565,107744,273988309,0,2,0,53760,11,4034521449
4445,273906977,43904,273950881,0,9,0,512,5,7387417502
4446,273962516,11016,273973532,0,8,1,17920,5,320976127
4447,274014458,10499,274024957,0,6,1,16896,23,7917124535
4448,274087621,1518,274089139,0,7,1,1536,22,9700908005
4449,274111387,566,274111953,0,6,1,512,23,4006556209
4450,274172322,45596,274217918,0,9,0,1024,5,8073840344
4451,274296142,566,274296708,0,6,1,512,23,3675601461
4452,274320036,73292,274393328,0,5,0,11264,7,7423293259
4453,274347960,85448,274433408,0,4,0,15872,33,759211642
4454,274387279,47288,274434567,0,7,0,1536,22,4145549326
4455,274392933,2946,274395879,0,7,1,3072,22,8191113423
4456,274495655,1518,274497173,0,0,1,1536,40,8777030784
4457,274624214,7230,274631444,0,8,1,7680,5,2797379385
4458,274631439,2470,274633909,0,0,1,2560,40,8942918335
4459,274635612,71132,274706744,0,4,0,9216,33,967709679
4460,274682874,88988,274771862,0,5,0,17408,7,8369386625
4461,274822244,10241,274832485,0,8,1,16384,5,6341389742
4462,274835278,2470,274837748,0,0,1,2560,40,8975801279
4463,274851948,3898,274855846,0,6,1,4096,23,1556379480
4464,274941103,43904,274985007,0,7,0,512,22,8949681144
4465,275049029,3387,275052416,0,8,1,9728,5,9135550497
4466,275053302,2470,275055772,0,6,1,2560,23,2956062760
4467,275055510,7230,275062740,0,6,1,7680,23,3059296149
4468,275058327,114920,275173247,0,2,0,77312,11,8668450775
4469,275080547,98718,275179265,0,2,0,10240,11,7542011802
4470,275126418,2470,275128888,0,0,1,2560,40,4827027713
4471,275162379,43904,275206283,0,7,0,512,22,3028200438
4472,275178080,43904,275221984,0,9,0,512,5,3366759231
4473,275271926,6754,275278680,0,3,1,7168,37,1822377328
4474,275296451,43904,275340355,0,9,0,512,5,1793275232
4475,275318467,106496,275424963,0,5,0,49664,7,9428343559
4476,275376664,3422,275380086,0,6,1,3584,23,3475226213
4477,275390254,2470,275392724,0,0,1,2560,40,7710790809
4478,275391636,2470,275394106,0,6,1,2560,23,4549032512
4479,275406037,5326,275411363,0,3,1,5632,37,3300402297
4480,275418229,5326,275423555,0,6,1,5632,23,7022789126
4481,275424294,87632,275511926,0,2,0,23040,11,2173349035
4482,275474079,1994,275476073,0,3,1,2048,37,6592041736
4483,275562296,7706,275570002,0,8,1,8192,5,1042224888
4484,275592192,3422,275595614,0,6,1,3584,23,9967674511
4485,275774822,2946,275777768,0,3,1,3072,37,6489267973
4486,275819685,2470,275822155,0,0,1,2560,40,4017194828
4487,275923155,71756,275994911,0,4,0,11264,33,2323347674
4488,275960937,1994,275962931,0,3,1,2048,37,4912209329
4489,276008804,10757,276019561,0,8,1,17408,5,1226992580
4490,276014212,6335,276020547,0,8,1,1536,5,7341230317
4491,276017019,3645,276020664,0,3,1,10240,37,5655856298
4492,276017659,112268,276129927,0,2,0,68608,11,2918890101
4493,276018980,7230,276026210,0,9,1,7680,5,228758882
4494,276032583,4374,276036957,0,0,1,4608,40,6427620771
4495,276108360,4850,276113210,0,0,1,5120,40,199950652
4496,276135263,108836,276244099,0,2,0,57344,11,8452158253
4497,276159035,43904,276202939,0,9,0,512,5,8563741290
4498,276205067,106808,276311875,0,2,0,50688,11,6826555578
4499,276223838,1518,276225356,0,9,1,1536,5,9068619697
4500,276231437,3422,276234859,0,8,1,3584,5,7731019646
4501,276234988,6754,276241742,0,9,1,7168,5,2258380386
4502,276294223,3898,276298121,0,0,1,4096,40,4418483047
4503,276306926,1042,276307968,0,9,1,1024,5,9948127249
4504,276352873,98720,276451593,0,2,0,29184,11,9909655453
4505,276380241,2470,276382711,0,8,1,2560,5,7531968300
4506,276430390,3898,276434288,0,3,1,4096,37,7617267110
4507,276486374,6278,276492652,0,8,1,6656,5,10512843801
4508,276519929,6278,276526207,0,8,1,6656,5,3551659818
4509,276616374,102752,276719126,0,5,0,37376,7,5549487659
4510,276724583,4374,276728957,0,8,1,4608,5,3526935321
4511,276747445,43904,276791349,0,9,0,512,5,7120439799
4512,276769329,6278,276775607,0,0,1,6656,40,3342392761
4513,276801429,52364,276853793,0,2,0,3072,11,653071852
4514,276860134,566,276860700,0,9,1,512,5,793100317
4515,276904397,43904,276948301,0,7,0,512,22,8249979383
4516,277135686,1518,277137204,0,8,1,1536,5,318672842
4517,277151519,13600,277165119,0,6,1,23040,23,5509901146
4518,277163053,2946,277165999,0,3,1,3072,37,4574912093
4519,277164844,6754,277171598,0,6,1,7168,23,5677636599
4520,277167754,4374,277172128,0,9,1,4608,5,9450997
4521,277172503,566,277173069,0,3,1,512,37,7044704521
4522,277210069,5196,277215265,0,0,1,13312,40,5448624773
4523,277231167,50672,277281839,0,7,0,2560,22,438421219
4524,277286615,3387,277290002,0,0,1,9728,40,9176279735
4525,277333305,43904,277377209,0,7,0,512,22,10425594303
4526,277382308,122720,277505028,0,5,0,102912,7,5216973814
4527,277398762,3898,277402660,0,6,1,4096,23,1043293353
4528,277451801,2470,277454271,0,9,1,2560,5,10478205506
4529,277487762,2946,277490708,0,0,1,3072,40,10243000907
4530,277497795,45596,277543391,0,7,0,1024,22,9301526342
4531,277539878,45596,277585474,0,9,0,1024,5,7856242406
4532,277610234,6278,277616512,0,0,1,6656,40,8213662725
4533,277616331,1042,277617373,0,8,1,1024,5,2035557061
4534,277678554,118508,277797062,0,2,0,89088,11,2012176812
4535,277742597,43904,277786501,0,7,0,512,22,5985879209
4536,277788387,7706,277796093,0,9,1,8192,5,4514650418
4537,277890613,5802,277896415,0,1,1,6144,38,9970090789
4538,277906967,1994,277908961,0,0,1,2048,40,8483681949
4539,277942530,2470,277945000,0,6,1,2560,23,3280473141
4540,277958472,50828,278009300,0,5,0,3072,7,8813348411
4541,277970118,1994,277972112,0,8,1,2048,5,6226567856
4542,278022224,87896,278110120,0,5,0,13824,7,4186185344
4543,278140324,4162,278144486,0,0,1,11264,40,6003057143
4544,278181772,1042,278182814,0,3,1,1024,37,7149655538
4545,278218786,7706,278226492,0,6,1,8192,23,9880433195
4546,278307136,114608,278421744,0,4,0,76288,33,6869341537
4547,278325854,10241,278336095,0,8,1,16384,5,3414329701
4548,278349040,131714,278480754,0,4,0,41984,33,6751242937
4549,278357285,106652,278463937,0,5,0,50176,7,10643539558
4550,278427277,4937,278432214,0,6,1,12800,23,1674908903
4551,278435832,85292,278521124,0,5,0,15360,7,557511995
4552,278459343,47288,278506631,0,9,0,1536,5,9834744053
4553,278463679,5802,278469481,0,6,1,6144,23,3670897290
4554,278469170,43904,278513074,0,9,0,512,5,471045831
4555,278547099,4850,278551949,0,6,1,5120,23,3079336906
4556,278550445,7230,278557675,0,6,1,7680,23,3372356487
4557,278555495,1518,278557013,0,9,1,1536,5,8703537100
4558,278638714,1042,278639756,0,8,1,1024,5,6853782324
4559,278789780,105092,278894872,0,5,0,45056,7,8865497514
4560,278791797,69308,278861105,0,2,0,13312,11,5247136463
4561,278807761,5802,278813563,0,8,1,6144,5,1459197080
4562,278883047,3128,278886175,0,9,1,9216,5,1436799829
4563,278991744,3387,278995131,0,9,1,9728,5,283771820
4564,278992470,1994,278994464,0,3,1,2048,37,4724003421
4565,278996878,4162,279001040,0,2,1,11264,11,1485772437
4566,278998833,13834,279012667,0,2,1,20480,11,3262353550
4567,279000946,109460,279110406,0,4,0,59392,33,5156220469
4568,279005347,99381,279104728,0,2,0,22016,11,4028035291
4569,279013884,566,279014450,0,9,1,512,5,3500335054
4570,279048114,3387,279051501,0,8,1,9728,5,3993493369
4571,279052360,127626,279179986,0,2,0,46080,11,6363631522
4572,279069056,7706,279076762,0,3,1,8192,37,7580808523
4573,279076247,45596,279121843,0,9,0,1024,5,8821771318
4574,279117447,4850,279122297,0,9,1,5120,5,3103406712
4575,279121752,34537,279156289,0,2,1,60416,11,5424849329
4576,279164719,3898,279168617,0,9,1,4096,5,859573936
4577,279191893,7706,279199599,0,3,1,8192,37,2523923394
4578,279216186,1042,279217228,0,0,1,1024,40,4987607697
4579,279217654,1518,279219172,0,8,1,1536,5,7714186242
4580,279236979,2470,279239449,0,9,1,2560,5,8621106932
4581,279304555,11274,279315829,0,3,1,18432,37,8146291923
4582,279322749,115076,279437825,0,4,0,77824,33,1623129890
4583,279323611,102908,279426519,0,2,0,37888,11,6957908059
4584,279555849,2470,279558319,0,3,1,2560,37,6516414716
4585,279580614,60824,279641438,0,2,0,5632,11,8203438567
4586,279593879,24670,279618549,0,2,1,44544,11,2389338331
4587,279889390,98564,279987954,0,4,0,28672,33,2934985600
4588,279932256,98696,280030952,0,5,0,24064,7,1831200306
4589,279958003,3387,279961390,0,9,1,9728,5,9537474853
4590,280021323,75320,280096643,0,2,0,17920,11,10020248490
4591,280195792,7230,280203022,0,5,1,7680,7,3417257180
4592,280201885,3422,280205307,0,0,1,3584,40,5332648906
4593,280222073,115795,280337868,0,2,1,192000,11,6047475711
4594,280242724,92528,280335252,0,4,0,18944,33,10303407603
4595,280247872,5326,280253198,0,0,1,5632,40,4847248432
4596,280308223,30106,280338329,0,2,1,10240,11,1473001457
4597,280383145,192728,280575873,0,2,0,55296,11,2897753742
4598,280391414,5971,280397385,0,9,1,14848,5,6681861245
4599,280476338,83156,280559494,0,5,0,18432,7,1094521683
4600,280486435,5802,280492237,0,0,1,6144,40,3275032082
4601,280587550,43904,280631454,0,7,0,512,22,9001845336
4602,280593445,108368,280701813,0,5,0,55808,7,3885995346
4603,280607247,106652,280713899,0,4,0,50176,33,10527211492
4604,280660622,566,280661188,0,0,1,512,40,8830546239
4605,280666749,109772,280776521,0,2,0,60416,11,680806029
4606,280759181,80840,280840021,0,4,0,15872,33,3548576694
4607,280794174,98852,280893026,0,4,0,24576,33,9700439
4608,281023831,43904,281067735,0,7,0,512,22,7164651946
4609,281077079,43904,281120983,0,7,0,512,22,780090677
4610,281147176,106184,281253360,0,5,0,48640,7,10668413940
4611,281171017,53237,281224254,0,2,1,90112,11,6942681937
4612,281250297,1042,281251339,0,9,1,1024,5,2753009253
4613,281317159,45596,281362755,0,9,0,1024,5,2693340454
4614,281337749,3898,281341647,0,2,1,4096,11,123432812
4615,281349034,69908,281418942,0,2,0,10240,11,6659580365
4616,281368024,16613,281384637,0,2,1,32256,11,6416380449
4617,281381998,82820,281464818,0,5,0,12288,7,8313742591
4618,281385692,99788,281485480,0,5,0,27648,7,4144780949
4619,281469397,10241,281479638,0,2,1,16384,11,3251487953
4620,281482787,20366,281503153,0,2,1,32768,11,6763247171
4621,281483084,41519,281524603,0,2,1,51712,11,8306837479
4622,281518581,43904,281562485,0,7,0,512,22,1676955217
4623,281527037,3422,281530459,0,2,1,3584,11,988188457
4624,281529799,26221,281556020,0,2,1,47616,11,3548712801
4625,281619989,2946,281622935,0,2,1,3072,11,4537855556
4626,281701619,73058,281774677,0,2,1,118784,11,2234047493
4627,281753255,27323,281780578,0,2,1,19968,11,9479767944
4628,281780217,79616,281859833,0,4,0,16896,33,3433011018
4629,281820114,2870,281822984,0,2,1,8704,11,4600253305
4630,281822078,109304,281931382,0,4,0,58880,33,1134905058
4631,281891656,20366,281912022,0,2,1,32768,11,2200724648
4632,281912519,62516,281975035,0,4,0,6144,33,3281124653
4633,282004397,2946,282007343,0,9,1,3072,5,3749750043
4634,282060741,43904,282104645,0,5,0,512,7,5647496664
4635,282215976,5802,282221778,0,9,1,6144,5,1039248434
4636,282267815,47288,282315103,0,7,0,1536,22,9194885571
4637,282308200,109304,282417504,0,5,0,58880,7,1155368380
4638,282319323,45596,282364919,0,7,0,1024,22,7128261077
4639,282417291,5454,282422745,0,2,1,13824,11,1059599196
4640,282420592,5802,282426394,0,9,1,6144,5,1833962005
4641,282577435,48980,282626415,0,9,0,2048,5,6685941826
4642,282617070,110552,282727622,0,2,0,62976,11,5999376814
4643,282655234,140602,282795836,0,2,0,58880,11,5762890888
4644,282788813,104775,282893588,0,2,0,20992,11,6796889045
4645,282815652,4374,282820026,0,0,1,4608,40,674923077
4646,282854748,43904,282898652,0,9,0,512,5,2856393657
4647,282856538,3904,282860442,0,9,1,10752,5,205201878
4648,282942992,71468,283014460,0,4,0,15360,33,8336196556
4649,282965630,47288,283012918,0,7,0,1536,22,9689320302
4650,283000277,7230,283007507,0,0,1,7680,40,1304866353
4651,283011103,93440,283104543,0,5,0,16896,7,10096148669
4652,283199278,2470,283201748,0,2,1,2560,11,9283664636
4653,283262452,1518,283263970,0,4,1,1536,33,5391920384
4654,283386487,105092,283491579,0,4,0,45056,33,8266500167
4655,283400627,116168,283516795,0,5,0,81408,7,3952103415
4656,283430590,61160,283491750,0,4,0,512,33,7287881299
4657,283638930,43904,283682834,0,7,0,512,22,3070002204
4658,283791319,83612,283874931,0,2,1,139264,11,1362276729
4659,283796464,111800,283908264,0,4,0,67072,33,399756577
4660,283838088,47288,283885376,0,9,0,1536,5,9921158117
4661,283877301,5802,283883103,0,6,1,6144,23,8425284392
4662,283920008,43904,283963912,0,7,0,512,22,5562549176
4663,283971198,74360,284045558,0,5,0,9728,7,7471519647
4664,284005010,34795,284039805,0,2,1,60928,11,3202641764
4665,284035449,128024,284163473,0,5,0,120320,7,10412099616
4666,284086932,49309,284136241,0,2,0,2048,11,4626296468
4667,284115074,100412,284215486,0,4,0,29696,33,2386937877
4668,284168905,1042,284169947,0,9,1,1024,5,10627106240
4669,284235076,4850,284239926,0,9,1,5120,5,2725827735
4670,284328576,43904,284372480,0,7,0,512,22,7406213994
4671,284336721,1994,284338715,0,9,1,2048,5,352123304
4672,284337475,2226,284339701,0,9,1,1536,5,9538935752
4673,284457303,102752,284560055,0,2,0,37376,11,8460273619
4674,284492102,47288,284539390,0,2,0,1536,11,6091737207
4675,284556042,106340,284662382,0,4,0,49152,33,4849698450
4676,284558829,24338,284583167,0,2,1,41472,11,7982177821
4677,284559996,45752,284605748,0,9,0,1536,5,6768770587
4678,284630487,566,284631053,0,9,1,512,5,3499029788
4679,284640308,1518,284641826,0,9,1,1536,5,3806803298
4680,284659253,43904,284703157,0,9,0,512,5,5465416822
4681,284724727,96980,284821707,0,5,0,18432,7,2816381053
4682,284739402,43904,284783306,0,7,0,512,22,7266805379
4683,284810712,6278,284816990,0,7,1,6656,22,899321250
4684,284865319,1518,284866837,0,5,1,1536,7,6883189759
4685,284905774,45596,284951370,0,9,0,1024,5,7600797092
4686,284927987,2470,284930457,0,9,1,2560,5,6609591033
4687,284955162,4374,284959536,0,9,1,4608,5,9241604044
4688,285188127,110084,285298211,0,2,0,61440,11,914467234
4689,285193596,78704,285272300,0,4,0,18944,33,6580944876
4690,285212923,566,285213489,0,2,1,512,11,10573529730
4691,285262730,3898,285266628,0,9,1,4096,5,3915354817
4692,285291924,1518,285293442,0,6,1,1536,23,5071356334
4693,285320663,5802,285326465,0,5,1,6144,7,8693481985
4694,285334763,1518,285336281,0,6,1,1536,23,8117199381
4695,285453451,1518,285454969,0,6,1,1536,23,4992805242
4696,285468871,566,285469437,0,6,1,512,23,10693654470
4697,285535024,2946,285537970,0,9,1,3072,5,3903143174
4698,285598582,45596,285644178,0,7,0,1024,22,4487853208
4699,285788927,10757,285799684,0,9,1,17408,5,5692174228
4700,285801424,81128,285882552,0,2,0,11776,11,6214774886
4701,285926574,1042,285927616,0,5,1,1024,7,9082731705
4702,285960994,3898,285964892,0,5,1,4096,7,8024670155
4703,285963060,43904,286006964,0,7,0,512,22,6631735048
4704,285983800,2470,285986270,0,9,1,2560,5,571352852
4705,286025879,15062,286040941,0,2,1,29184,11,6191923324
4706,286083885,47288,286131173,0,7,0,1536,22,1532237608
4707,286199397,45596,286244993,0,7,0,1024,22,10451450509
4708,286283095,70064,286353159,0,5,0,10752,7,3875018447
4709,286292708,566,286293274,0,5,1,512,7,2901754115
4710,286300790,45596,286346386,0,9,0,1024,5,9919193602
4711,286410873,1042,286411915,0,5,1,1024,7,511940933
4712,286491307,1994,286493301,0,5,1,2048,7,6847943074
4713,286565081,136562,286701643,0,2,1,225792,11,3534351264
4714,286603757,120377,286724134,0,5,0,40960,7,4251575114
4715,286617373,91592,286708965,0,4,0,15872,33,4243018753
4716,286673921,7706,286681627,0,0,1,8192,40,3485196243
4717,286713344,105092,286818436,0,4,0,45056,33,6142655776
4718,286718391,43904,286762295,0,7,0,512,22,10696945976
4719,286762034,189727,286951761,0,2,0,23552,11,3098018002
4720,286772379,43975,286816354,0,2,1,72192,11,6167697679
4721,286810055,108524,286918579,0,2,0,56320,11,5502374943
4722,286863098,102284,286965382,0,4,0,35840,33,9654581069
4723,286871709,45596,286917305,0,7,0,1024,22,3152258666
4724,286871831,186651,287058482,0,2,0,4096,11,7414814090
4725,287015286,566,287015852,0,4,1,512,33,2190869431
4726,287083541,1994,287085535,0,4,1,2048,33,2839519257
4727,287120532,99320,287219852,0,5,0,26112,7,10572832173
4728,287293148,84512,287377660,0,5,0,12800,7,4355536964
4729,287371538,121940,287493478,0,2,0,100352,11,1465445143
4730,287437894,47288,287485182,0,7,0,1536,22,4064341111
4731,287457463,91592,287549055,0,5,0,15872,7,3779690210
4732,287474257,7230,287481487,0,9,1,7680,5,7997598981
4733,287484760,3128,287487888,0,9,1,9216,5,9837957044
4734,287528557,566,287529123,0,4,1,512,33,9707798969
4735,287549243,45596,287594839,0,7,0,1024,22,8714471174
4736,287549492,1042,287550534,0,9,1,1024,5,10211795907
4737,287611632,176228,287787860,0,2,0,147456,11,5352283736
4738,287650072,6278,287656350,0,9,1,6656,5,5730368861
4739,287656468,5802,287662270,0,4,1,6144,33,574231975
4740,287713020,43904,287756924,0,4,0,512,33,1455184508
4741,287738776,3898,287742674,0,4,1,4096,33,2876896879
4742,287769279,566,287769845,0,9,1,512,5,9346754398
4743,287901066,45596,287946662,0,7,0,1024,22,5400349273
4744,287901893,1042,287902935,0,9,1,1024,5,112609621
4745,287941863,43904,287985767,0,9,0,512,5,4036505497
4746,288030962,118352,288149314,0,4,0,88576,33,3699332899
4747,288151128,5802,288156930,0,4,1,6144,33,2053951471
4748,288197069,43904,288240973,0,7,0,512,22,3683838980
4749,288285616,5196,288290812,0,9,1,13312,5,2266579731
4750,288457223,52364,288509587,0,4,0,3072,33,9289789759
4751,288535832,3898,288539730,0,4,1,4096,33,6525438615
4752,288608512,91616,288700128,0,5,0,20992,7,3553658531
4753,288616693,43904,288660597,0,9,0,512,5,10501749295
4754,288666317,2946,288669263,0,4,1,3072,33,6855350137
4755,288765246,43904,288809150,0,7,0,512,22,8296368093
4756,288818744,116636,288935380,0,2,0,82944,11,10151518860
4757,288833545,100880,288934425,0,5,0,31232,7,6337533788
4758,289040275,1042,289041317,0,4,1,1024,33,6951863542
4759,289055016,6278,289061294,0,9,1,6656,5,6555390285
4760,289141058,43904,289184962,0,7,0,512,22,5813136169
4761,289144131,55748,289199879,0,7,0,4096,22,2373357297
4762,289204306,45596,289249902,0,7,0,1024,22,4360210200
4763,289365757,3898,289369655,0,9,1,4096,5,4342033115
4764,289371007,43904,289414911,0,9,0,512,5,10139760912
4765,289419918,1518,289421436,0,4,1,1536,33,3556737750
4766,289613008,1994,289615002,0,4,1,2048,33,7024868918
4767,289646875,86072,289732947,0,5,0,17920,7,119885831
4768,289656692,43904,289700596,0,9,0,512,5,5399472964
4769,289807709,60824,289868533,0,5,0,5632,7,2827984714
4770,289866594,3904,289870498,0,9,1,10752,5,7731906044
4771,290004167,1518,290005685,0,5,1,1536,7,63792208
4772,290018409,119444,290137853,0,5,0,92160,7,1606296721
4773,290067300,566,290067866,0,8,1,512,5,8560256905
4774,290079642,111827,290191469,0,5,0,13824,7,4186848762
4775,290123326,66056,290189382,0,4,0,7680,33,7707868764
4776,290244118,98696,290342814,0,3,0,24064,37,3171990710
4777,290253140,4420,290257560,0,4,1,11776,33,436695845
4778,290367977,59912,290427889,0,3,0,7680,37,2216483733
4779,290448395,1518,290449913,0,4,1,1536,33,4018840885
4780,290626626,2946,290629572,0,4,1,3072,33,1737651993
4781,290658952,48980,290707932,0,4,0,2048,33,5915752819
4782,290682617,128674,290811291,0,4,0,94720,33,8079364677
4783,290700933,1994,290702927,0,8,1,2048,5,4641704232
4784,290701631,48980,290750611,0,4,0,2048,33,3503227448
4785,290774666,43904,290818570,0,5,0,512,7,872443983
4786,290815442,66836,290882278,0,2,0,10240,11,4111491984
4787,290884959,52364,290937323,0,4,0,3072,33,9159068188
4788,290957552,5802,290963354,0,8,1,6144,5,2483882975
4789,291013599,68528,291082127,0,3,0,10752,37,4035867896
4790,291025738,84248,291109986,0,4,0,22016,33,5442148266
4791,291052294,1518,291053812,0,8,1,1536,5,5717807076
4792,291069944,6754,291076698,0,4,1,7168,33,5189130206
4793,291095980,102284,291198264,0,3,0,35840,37,6375735256
4794,291114734,105560,291220294,0,1,0,46592,38,5852239391
4795,291141525,45596,291187121,0,7,0,1024,22,4674048564
4796,291163722,116016,291279738,0,3,0,75264,37,6791370680
4797,291235262,98228,291333490,0,4,0,22528,33,5726611678
4798,291268091,70532,291338623,0,2,0,12288,11,8355326252
4799,291278692,52832,291331524,0,1,0,4608,38,342693373
4800,291361138,1518,291362656,0,8,1,1536,5,8468380073
4801,291366606,566,291367172,0,4,1,512,33,4087746940
4802,291391723,4850,291396573,0,8,1,5120,5,10424891002
4803,291403874,123968,291527842,0,3,0,107008,37,4429553001
4804,291442643,566,291443209,0,8,1,512,5,8006470455
4805,291460923,103653,291564576,0,4,0,13824,33,4377157034
4806,291469063,23466,291492529,0,4,1,38912,33,3211280846
4807,291472733,43904,291516637,0,7,0,512,22,114526732
4808,291494080,94542,291588622,0,3,0,16896,37,8233839998
4809,291496498,43904,291540402,0,7,0,512,22,157372895
4810,291506807,113204,291620011,0,2,0,71680,11,7453409160
4811,291617888,102596,291720484,0,3,0,36864,37,4416359784
4812,291641905,94917,291736822,0,3,0,8704,37,4121082280
4813,291663475,45596,291709071,0,2,0,1024,11,2544116016
4814,291704431,12308,291716739,0,4,1,20480,33,9337177833
4815,291731151,97160,291828311,0,1,0,24064,38,1290065665
4816,291745152,156959,291902111,0,1,0,104960,38,8660762577
4817,291835156,1042,291836198,0,9,1,1024,5,4204711635
4818,291884920,48980,291933900,0,7,0,2048,22,3953985961
4819,291897098,43904,291941002,0,4,0,512,33,8914773469
4820,292059182,75008,292134190,0,5,0,16896,7,726966254
4821,292136093,12566,292148659,0,2,1,20992,11,13575203
4822,292340046,2470,292342516,0,7,1,2560,22,4153373951
4823,292364203,68372,292432575,0,2,0,10240,11,1689789361
4824,292478087,45596,292523683,0,9,0,1024,5,6599982017
4825,292526351,12308,292538659,0,3,1,20480,37,10691803688
4826,292587213,101972,292689185,0,5,0,34816,7,5341576289
4827,292606947,75320,292682267,0,2,0,17920,11,968615022
4828,292677007,43904,292720911,0,3,0,512,37,1626355227
4829,292824893,75008,292899901,0,3,0,16896,37,8907239722
4830,292856957,6278,292863235,0,3,1,6656,37,247377273
4831,292867909,50672,292918581,0,7,0,2560,22,2625308168
4832,292928864,62933,292991797,0,2,1,102400,11,6056856493
4833,292962037,35866,292997903,0,2,1,29184,11,2406592151
4834,292988478,43628,293032106,0,2,1,74752,11,8107066595
4835,293001254,251356,293252610,0,2,0,32256,11,8972782328
4836,293009244,34511,293043755,0,2,1,47616,11,7833359325
4837,293027460,123656,293151116,0,5,0,105984,7,805153030
4838,293099429,105872,293205301,0,4,0,47616,33,10497552511
4839,293144743,4420,293149163,0,4,1,11776,33,6187748462
4840,293168680,108212,293276892,0,5,0,55296,7,8792061909
4841,293347899,3898,293351797,0,4,1,4096,33,5065872467
4842,293384984,43904,293428888,0,7,0,512,22,2684696237
4843,293463392,103844,293567236,0,4,0,40960,33,7464753747
4844,293499782,74228,293574010,0,5,0,14336,7,205124910
4845,293754312,134495,293888807,0,2,1,221696,11,1836615381
4846,293760100,1994,293762094,0,3,1,2048,37,6396345594
4847,293777409,3645,293781054,0,4,1,10240,33,652912489
4848,293812443,45596,293858039,0,7,0,1024,22,4399989160
4849,293873606,1042,293874648,0,6,1,1024,23,4197298732
4850,294064716,7706,294072422,0,4,1,8192,33,7306328978
4851,294080925,45596,294126521,0,7,0,1024,22,10259094760
4852,294110896,5712,294116608,0,3,1,14336,37,702801215
4853,294146619,2946,294149565,0,4,1,3072,33,9487114559
4854,294368107,99320,294467427,0,4,0,26112,33,733732343
4855,294442959,566,294443525,0,9,1,512,5,4679764658
4856,294574024,117260,294691284,0,1,0,84992,38,3246577731
4857,294583748,566,294584314,0,3,1,512,37,4529830237
4858,294636007,121472,294757479,0,2,0,98816,11,5991192769
4859,294667972,5802,294673774,0,9,1,6144,5,10193205404
4860,294865296,104000,294969296,0,5,0,41472,7,3109110029
4861,294918645,3422,294922067,0,9,1,3584,5,3100949015
4862,295032877,566,295033443,0,3,1,512,37,2802722212
4863,295122708,566,295123274,0,3,1,512,37,2955453552
4864,295128828,50672,295179500,0,3,0,2560,37,9181279681
4865,295194015,13512,295207527,0,3,1,26112,37,7330262206
4866,295197362,116012,295313374,0,4,0,80896,33,2833506388
4867,295206387,5326,295211713,0,9,1,5632,5,199247084
4868,295229887,184220,295414107,0,1,0,148480,38,7771996958
4869,295254541,162857,295417398,0,1,0,10752,38,1478758482
4870,295266963,21141,295288104,0,2,1,34304,11,2259830039
4871,295328633,566,295329199,0,3,1,512,37,7338213641
4872,295541830,92528,295634358,0,3,0,18944,37,7759587317
4873,295695347,5802,295701149,0,3,1,6144,37,82512729
4874,295742539,100412,295842951,0,3,0,29696,37,892628242
4875,295795974,62158,295858132,0,2,1,100864,11,8150670411
4876,295945489,78392,296023881,0,1,0,17920,38,8746462125
4877,295962281,57113,296019394,0,2,1,97792,11,7035195107
4878,296040273,6754,296047027,0,3,1,7168,37,7218041703
4879,296109204,89456,296198660,0,2,0,18944,11,2974308053
4880,296200076,3422,296203498,0,3,1,3584,37,2474007915
4881,296202371,4850,296207221,0,3,1,5120,37,10259662850
4882,296318374,566,296318940,0,9,1,512,5,5121575236
4883,296347623,1042,296348665,0,9,1,1024,5,3775227523
4884,296473134,5196,296478330,0,9,1,13312,5,216243274
4885,296520562,66212,296586774,0,1,0,8192,38,2533882737
4886,296591812,1994,296593806,0,9,1,2048,5,3400388737
4887,296592641,5326,296597967,0,7,1,5632,22,4135506457
4888,296592733,97916,296690649,0,3,0,21504,37,4077828695
4889,296641903,6754,296648657,0,3,1,7168,37,6364460025
4890,296706410,48980,296755390,0,2,0,2048,11,7686809049
4891,296736822,48980,296785802,0,7,0,2048,22,8728127870
4892,296744529,5326,296749855,0,3,1,5632,37,890017814
4893,296795898,2946,296798844,0,7,1,3072,22,7645272023
4894,296801105,6754,296807859,0,3,1,7168,37,10212858049
4895,296803564,3645,296807209,0,7,1,10240,22,7284604074
4896,296888420,84068,296972488,0,1,0,16384,38,817492888
4897,296910876,64208,296975084,0,1,0,6656,38,5424220415
4898,296931283,118196,297049479,0,2,0,88064,11,8121751545
4899,296983793,67592,297051385,0,3,0,7680,37,8631286367
4900,297045644,122252,297167896,0,5,0,101376,7,3694331870
4901,297054335,64208,297118543,0,3,0,6656,37,4754306433
4902,297098970,4374,297103344,0,3,1,4608,37,5532693710
4903,297194895,91280,297286175,0,2,0,14848,11,5630269727
4904,297255212,114920,297370132,0,1,0,77312,38,6297949638
4905,297276457,90524,297366981,0,4,0,17408,33,6853416375
4906,297494517,100256,297594773,0,2,0,29184,11,3934006184
4907,297562656,78704,297641360,0,1,0,18944,38,8680065707
4908,297573706,7230,297580936,0,7,1,7680,22,9404907601
4909,297603834,123656,297727490,0,2,0,105984,11,5351854756
4910,297613348,56060,297669408,0,3,0,5120,37,2709919479
4911,297651720,84092,297735812,0,5,0,21504,7,385855693
4912,297807090,43904,297850994,0,7,0,512,22,7863915517
4913,297847569,4850,297852419,0,9,1,5120,5,9113578548
4914,297872087,3898,297875985,0,7,1,4096,22,3230655011
4915,297909724,43904,297953628,0,7,0,512,22,89638239
4916,297962087,5712,297967799,0,9,1,14336,5,3666033903
4917,298028010,99632,298127642,0,2,0,27136,11,1804645745
4918,298208090,4374,298212464,0,7,1,4608,22,5328041082
4919,298229387,99476,298328863,0,2,0,26624,11,1710927920
4920,298267340,566,298267906,0,7,1,512,22,10237018419
4921,298434368,7230,298441598,0,6,1,7680,23,3548555650
4922,298460987,5326,298466313,0,7,1,5632,22,1581025464
4923,298466699,6754,298473453,0,9,1,7168,5,1808789497
4924,298543872,43904,298587776,0,7,0,512,22,7364835701
4925,298562678,4937,298567615,0,3,1,12800,37,1488495398
4926,298658339,5802,298664141,0,3,1,6144,37,4592709911
4927,298698098,1994,298700092,0,3,1,2048,37,6290040959
4928,298711541,82844,298794385,0,5,0,17408,7,5430643879
4929,298839292,122720,298962012,0,2,0,102912,11,9916318753
4930,298861782,108836,298970618,0,3,0,57344,37,1839435623
4931,298972490,113516,299086006,0,1,0,72704,38,10200595526
4932,299025148,72668,299097816,0,3,0,9216,37,8104766849
4933,299124731,117416,299242147,0,1,0,85504,38,8860787909
4934,299149917,1518,299151435,0,7,1,1536,22,4802073433
4935,299228665,6754,299235419,0,9,1,7168,5,7260575231
4936,299346755,1518,299348273,0,9,1,1536,5,4178341927
4937,299437388,105872,299543260,0,4,0,47616,33,2028460323
4938,299540728,7706,299548434,0,9,1,8192,5,9745084864
4939,299678359,107900,299786259,0,1,0,54272,38,10031516737
4940,299682786,72668,299755454,0,3,0,9216,37,1360235534
4941,299708371,82427,299790798,0,1,0,14848,38,66556184
4942,299786017,103688,299889705,0,3,0,40448,37,4222000333
4943,300039733,1518,300041251,0,9,1,1536,5,7831088554
4944,300071519,43904,300115423,0,3,0,512,37,9579027112
4945,300199230,93440,300292670,0,1,0,16896,38,8057373753
4946,300230076,110240,300340316,0,5,0,61952,7,7040327810
4947,300236618,1994,300238612,0,7,1,2048,22,1475009063
4948,300334044,64676,300398720,0,3,0,3072,37,4261361626
4949,300342689,2946,300345635,0,8,1,3072,5,8763017406
4950,300352500,141890,300494390,0,3,0,89088,37,5989737321
4951,300419906,115544,300535450,0,5,0,79360,7,376349408
4952,300504226,43904,300548130,0,7,0,512,22,2289807009
4953,300536931,1042,300537973,0,7,1,1024,22,9352495441
4954,300557273,5326,300562599,0,7,1,5632,22,9982495753
4955,300646810,108524,300755334,0,1,0,56320,38,1988146545
4956,300762484,4374,300766858,0,7,1,4608,22,3143904762
4957,300832236,4937,300837173,0,7,1,12800,22,4887866483
4958,300835185,54056,300889241,0,3,0,3584,37,5011431230
4959,300857426,2946,300860372,0,6,1,3072,23,9245646249
4960,300957122,100724,301057846,0,3,0,30720,37,4767916880
4961,301173552,114608,301288160,0,4,0,76288,33,2669911523
4962,301216742,159450,301376192,0,4,0,65536,33,9371274387
4963,301399215,64208,301463423,0,5,0,6656,7,1537526178
4964,301559054,105716,301664770,0,1,0,47104,38,4586021044
4965,301806488,2470,301808958,0,7,1,2560,22,3574541888
4966,301868235,112268,301980503,0,2,0,68608,11,6276073104
4967,302001756,3898,302005654,0,6,1,4096,23,2328255586
4968,302061672,54836,302116508,0,5,0,6144,7,4312977465
4969,302150108,71132,302221240,0,3,0,9216,37,4991554109
4970,302203429,6488,302209917,0,7,1,15872,22,9420128125
4971,302296445,102284,302398729,0,5,0,35840,7,9336202309
4972,302422000,99944,302521944,0,5,0,28160,7,2142127186
4973,302427058,91748,302518806,0,1,0,16384,38,8454682649
4974,302450590,126164,302576754,0,5,0,15360,7,4715983416
4975,302452565,47288,302499853,0,3,0,1536,37,8998057495
4976,302488296,104156,302592452,0,2,0,41984,11,8870973812
4977,302519808,3422,302523230,0,7,1,3584,22,3382625727
4978,302538874,143476,302682350,0,2,0,109056,11,3293929866
4979,302541491,3128,302544619,0,7,1,9216,22,5709964056
4980,302584985,5712,302590697,0,6,1,14336,23,2033306252
4981,302600342,5196,302605538,0,6,1,13312,23,2654590424
4982,302622409,43904,302666313,0,7,0,512,22,6152468383
4983,302653181,36087,302689268,0,7,1,63488,22,2765529639
4984,302733231,103376,302836607,0,5,0,39424,7,9593260528
4985,302743440,68840,302812280,0,5,0,11776,7,8164294004
4986,302973246,55748,303028994,0,3,0,4096,37,3738833929
4987,303038232,105872,303144104,0,4,0,47616,33,3169151736
4988,303063788,33503,303097291,0,7,1,58368,22,6793540111
4989,303068730,82580,303151310,0,4,0,4608,33,5581530000
4990,303095380,51969,303147349,0,7,0,512,22,3552569090
4991,303111404,13083,303124487,0,7,1,22016,22,7253469919
4992,303132493,3422,303135915,0,9,1,3584,5,10009889448
4993,303209133,24929,303234062,0,7,1,45056,22,5327488672
4994,303216351,18479,303234830,0,7,1,11776,22,9177558274
4995,303234549,56667,303291216,0,7,0,1024,22,4640337670
4996,303249518,101972,303351490,0,4,0,34816,33,1730305062
4997,303274060,5454,303279514,0,6,1,13824,23,8834087124
4998,303329595,43904,303373499,0,7,0,512,22,649883203
4999,303332228,54787,303387015,0,7,1,93184,22,10352712751
5000,303373101,5326,303378427,0,3,1,5632,37,10541897123
5001,303397814,116168,303513982,0,4,0,81408,33,9513682898
5002,303403811,109616,303513427,0,1,0,59904,38,8986156992
5003,303416995,103688,303520683,0,2,0,40448,11,5925179741
5004,303431111,149882,303580993,0,1,0,48640,38,3596178405
5005,303510128,3128,303513256,0,6,1,9216,23,1954587606
5006,303516083,3422,303519505,0,9,1,3584,5,2132793504
5007,303624890,32299,303657189,0,7,1,52736,22,1396983180
5008,303686747,566,303687313,0,8,1,512,5,8924644782
5009,303738766,108368,303847134,0,5,0,55808,7,3764865845
5010,303757082,47288,303804370,0,7,0,1536,22,5120902562
5011,303813768,104936,303918704,0,2,0,44544,11,10249972441
5012,303892147,110864,304003011,0,3,0,64000,37,8618331438
5013,303938521,566,303939087,0,6,1,512,23,7588482497
5014,303969942,105716,304075658,0,4,0,47104,33,2848114578
5015,304102859,5802,304108661,0,9,1,6144,5,1541862690
5016,304197227,45596,304242823,0,7,0,1024,22,3205686716
5017,304248720,566,304249286,0,6,1,512,23,6810740903
5018,304255875,5712,304261587,0,7,1,14336,22,2194088451
5019,304278568,121160,304399728,0,4,0,97792,33,9589881740
5020,304297426,1518,304298944,0,9,1,1536,5,541366531
5021,304335694,47288,304382982,0,7,0,1536,22,4899471849
5022,304393663,108680,304502343,0,5,0,56832,7,4579372333
5023,304408348,58220,304466568,0,2,0,7168,11,1604464955
5024,304555803,120224,304676027,0,4,0,94720,33,6964327423
5025,304566077,14287,304580364,0,7,1,27648,22,5785953691
5026,304594821,2946,304597767,0,4,1,3072,33,3265918520
5027,304619423,45596,304665019,0,5,0,1024,7,8219329881
5028,304661351,109772,304771123,0,2,0,60416,11,7322231120
5029,304666172,64076,304730248,0,3,0,11264,37,4979832498
5030,304751227,1994,304753221,0,6,1,2048,23,9263035957
5031,304797395,108992,304906387,0,3,0,57856,37,7086807046
5032,304807678,1518,304809196,0,9,1,1536,5,2066176674
5033,304821850,112736,304934586,0,5,0,70144,7,8667560174
5034,304913355,4850,304918205,0,6,1,5120,23,4345679456
5035,304918596,1042,304919638,0,6,1,1024,23,3569380542
5036,304928449,1994,304930443,0,9,1,2048,5,3190268693
5037,304929662,566,304930228,0,4,1,512,33,2155323094
5038,305044477,1042,305045519,0,9,1,1024,5,8023834747
5039,305051537,123656,305175193,0,3,0,105984,37,6311499759
5040,305090368,133359,305223727,0,3,0,32256,37,5169987999
5041,305105257,3422,305108679,0,6,1,3584,23,1586729996
5042,305120729,70532,305191261,0,4,0,12288,33,8843364268
5043,305195473,43904,305239377,0,3,0,512,37,5720271788
5044,305201111,1994,305203105,0,6,1,2048,23,2681548508
5045,305292676,48980,305341656,0,1,0,2048,38,9965253268
5046,305333144,5326,305338470,0,9,1,5632,5,8835533620
5047,305376314,4374,305380688,0,4,1,4608,33,10170441144
5048,305433566,23378,305456944,0,7,1,41984,22,2970329641
5049,305451750,52364,305504114,0,3,0,3072,37,1653217006
5050,305452461,91796,305544257,0,2,0,26624,11,855142567
5051,305485656,1518,305487174,0,3,1,1536,37,10561263861
5052,305493675,20624,305514299,0,7,1,33280,22,7459188233
5053,305537318,1994,305539312,0,4,1,2048,33,8624736696
5054,305543442,106028,305649470,0,1,0,48128,38,2622603531
5055,305569187,91005,305660192,0,1,0,1536,38,10307139132
5056,305625902,1994,305627896,0,4,1,2048,33,396187891
5057,305655275,1518,305656793,0,1,1,1536,38,1159674674
5058,305693174,6229,305699403,0,9,1,15360,5,7020212385
5059,305715245,47288,305762533,0,3,0,1536,37,3590451106
5060,305717074,69620,305786694,0,4,0,14336,33,10364135246
5061,305722723,97472,305820195,0,2,0,25088,11,6265242667
5062,305725595,43904,305769499,0,3,0,512,37,9694363405
5063,305732785,1994,305734779,0,9,1,2048,5,6230973499
5064,305782722,2470,305785192,0,9,1,2560,5,7613375122
5065,305788532,55748,305844280,0,2,0,4096,11,7126080721
5066,305793524,45596,305839120,0,3,0,1024,37,10701627472
5067,305795265,1994,305797259,0,6,1,2048,23,9791886579
5068,305810858,91280,305902138,0,2,0,14848,11,1679804322
5069,305818576,111332,305929908,0,5,0,65536,7,5150190675
5070,305821855,1042,305822897,0,6,1,1024,23,4675040357
5071,305835487,5454,305840941,0,7,1,13824,22,1070157245
5072,306139690,76052,306215742,0,2,0,10240,11,5107560553
5073,306163375,48980,306212355,0,7,0,2048,22,4880122732
5074,306257397,102596,306359993,0,2,0,36864,11,4190369472
5075,306303474,2470,306305944,0,1,1,2560,38,6076775259
5076,306339227,1518,306340745,0,8,1,1536,5,3972876206
5077,306417234,98720,306515954,0,5,0,29184,7,4295470271
5078,306427691,50828,306478519,0,7,0,3072,22,6677694904
5079,306505710,1042,306506752,0,6,1,1024,23,8905613374
5080,306514339,24154,306538493,0,7,1,43520,22,1989030
5081,306563380,3422,306566802,0,6,1,3584,23,2955403099
5082,306577674,4162,306581836,0,8,1,11264,5,455747563
5083,306580529,111490,306692019,0,5,0,61952,7,10440924750
5084,306601509,52033,306653542,0,7,1,84480,22,954795268
5085,306602089,104300,306706389,0,5,0,7168,7,4522656183
5086,306613064,97916,306710980,0,2,0,21504,11,2756527739
5087,306624738,2470,306627208,0,8,1,2560,5,4752392126
5088,306630023,3422,306633445,0,9,1,3584,5,6292521008
5089,306648188,566,306648754,0,9,1,512,5,10436291609
5090,306663816,566,306664382,0,1,1,512,38,8090094126
5091,306666378,95180,306761558,0,4,0,27648,33,4071011361
5092,306757776,7196,306764972,0,4,1,3584,33,2685068152
5093,306766791,73604,306840395,0,2,0,12288,11,7450574391
5094,306777579,124748,306902327,0,1,0,109568,38,4326955975
5095,306818474,6278,306824752,0,1,1,6656,38,4713312829
5096,306860959,97136,306958095,0,5,0,18944,7,10163522582
5097,306878531,62516,306941047,0,4,0,6144,33,2618341416
5098,306882349,1042,306883391,0,4,1,1024,33,4988588509
5099,306908782,3898,306912680,0,4,1,4096,33,10161591505
5100,306918444,3898,306922342,0,6,1,4096,23,10412871886
5101,306925837,3898,306929735,0,1,1,4096,38,8727959611
5102,307014217,204746,307218963,0,1,0,108544,38,7262483841
5103,307015553,2870,307018423,0,6,1,8704,23,5886914286
5104,307125560,84224,307209784,0,4,0,16896,33,6251920180
5105,307230438,65900,307296338,0,5,0,7168,7,9796218540
5106,307236366,86204,307322570,0,5,0,13312,7,5794359935
5107,307259568,57440,307317008,0,1,0,4608,38,9586266667
5108,307301317,11791,307313108,0,7,1,19456,22,7492557104
5109,307309473,1994,307311467,0,1,1,2048,38,831586700
5110,307339619,1518,307341137,0,6,1,1536,23,7527591591
5111,307398554,45596,307444150,0,7,0,1024,22,7125252297
5112,307455084,12737,307467821,0,6,1,24576,23,2371594447
5113,307480533,4420,307484953,0,8,1,11776,5,5676999015
5114,307492088,36087,307528175,0,6,1,63488,23,1336569314
5115,307504668,101264,307605932,0,4,0,26624,33,6825984105
5116,307524888,84959,307609847,0,4,0,12800,33,2387962853
5117,307561512,1994,307563506,0,7,1,2048,22,4610210244
5118,307561623,32558,307594181,0,2,1,53248,11,10099023920
5119,307625759,1518,307627277,0,9,1,1536,5,8224729598
5120,307633986,1042,307635028,0,8,1,1024,5,934493446
5121,307638402,1518,307639920,0,9,1,1536,5,7679162264
5122,307653088,74828,307727916,0,4,0,11264,33,9491726649
5123,307653841,33075,307686916,0,7,1,54272,22,8043746496
5124,307695381,566,307695947,0,2,1,512,11,6912411083
5125,307696648,33591,307730239,0,2,1,55296,11,5217775399
5126,307735331,6488,307741819,0,7,1,15872,22,5205165651
5127,307754257,1518,307755775,0,4,1,1536,33,5662834340
5128,307787330,31266,307818596,0,2,1,50688,11,8481326095
5129,307838242,65900,307904142,0,5,0,7168,7,6617987919
5130,307846531,43904,307890435,0,5,0,512,7,8518291842
5131,307862959,1042,307864001,0,8,1,1024,5,7369184062
5132,307889486,47520,307937006,0,7,0,512,22,3763211397
5133,307911654,1518,307913172,0,8,1,1536,5,9184035854
5134,307955320,117346,308072666,0,6,1,195072,23,6087637928
5135,307995345,48980,308044325,0,7,0,2048,22,5296661920
5136,307996710,3645,308000355,0,8,1,10240,5,8781076429
5137,308080942,160064,308241006,0,4,0,139776,33,3530660810
5138,308095016,23466,308118482,0,7,1,38912,22,4059520198
5139,308161312,4850,308166162,0,1,1,5120,38,6239160891
5140,308174185,43458,308217643,0,7,1,71168,22,5460229522
5141,308205585,36931,308242516,0,4,1,1536,33,8798850304
5142,308234173,176967,308411140,0,7,0,512,22,9360059012
5143,308281235,4420,308285655,0,4,1,11776,33,999000842
5144,308316985,101972,308418957,0,4,0,34816,33,6284002624
5145,308373858,2470,308376328,0,4,1,2560,33,4680026205
5146,308410671,1518,308412189,0,1,1,1536,38,3449955713
5147,308432519,109304,308541823,0,4,0,58880,33,4303662326
5148,308460054,7706,308467760,0,7,1,8192,22,6392786121
5149,308556024,98696,308654720,0,4,0,24064,33,810729876
5150,308572176,566,308572742,0,8,1,512,5,3055253270
5151,308584748,43904,308628652,0,3,0,512,37,8940508509
5152,308646203,22691,308668894,0,6,1,37376,23,8255312885
5153,308691777,3422,308695199,0,4,1,3584,33,210677346
5154,308737457,4937,308742394,0,7,1,12800,22,5340872059
5155,308790327,4850,308795177,0,9,1,5120,5,4733080927
5156,308807401,3422,308810823,0,1,1,3584,38,3705529879
5157,308809600,43904,308853504,0,7,0,512,22,9001963218
5158,308844188,113204,308957392,0,2,0,71680,11,8480970187
5159,308853264,47288,308900552,0,3,0,1536,37,2416030636
5160,308913159,64654,308977813,0,7,1,109056,22,7449416298
5161,308998194,4850,309003044,0,1,1,5120,38,4569560082
5162,308999166,64208,309063374,0,5,0,6656,7,905880002
5163,309012820,1994,309014814,0,1,1,2048,38,8623918564
5164,309013682,15321,309029003,0,8,1,29696,5,7871797946
5165,309095927,566,309096493,0,6,1,512,23,3448367298
5166,309097691,43904,309141595,0,7,0,512,22,4567210821
5167,309102427,5326,309107753,0,8,1,5632,5,10457237382
5168,309114896,112424,309227320,0,2,0,69120,11,2977934689
5169,309149244,10499,309159743,0,7,1,16896,22,2369598400
5170,309175331,113672,309289003,0,4,0,73216,33,346460583
5171,309181437,4374,309185811,0,6,1,4608,23,8554497625
5172,309214483,59600,309274083,0,5,0,6656,7,3456742140
5173,309220313,64439,309284752,0,2,0,4608,11,264135888
5174,309309682,98852,309408534,0,2,0,24576,11,2063887613
5175,309320252,4420,309324672,0,8,1,11776,5,1663338135
5176,309325250,92708,309417958,0,1,0,24576,38,5954198402
5177,309402621,82820,309485441,0,1,0,12288,38,4647003555
5178,309431332,566,309431898,0,9,1,512,5,6354034498
5179,309445346,3387,309448733,0,1,1,9728,38,6556350693
5180,309465508,1042,309466550,0,9,1,1024,5,8579569423
5181,309467926,3422,309471348,0,8,1,3584,5,1803840236
5182,309573008,68216,309641224,0,2,0,9728,11,10574155308
5183,309575817,5326,309581143,0,9,1,5632,5,3502262289
5184,309577402,48980,309626382,0,1,0,2048,38,8198748796
5185,309686248,97136,309783384,0,5,0,18944,7,7531391485
5186,309706941,1994,309708935,0,1,1,2048,38,962173923
5187,309753276,78212,309831488,0,4,0,12288,33,8693674713
5188,309764035,566,309764601,0,8,1,512,5,2000217334
5189,309837620,1042,309838662,0,8,1,1024,5,1329100150
5190,309843582,45596,309889178,0,3,0,1024,37,3010303962
5191,309862644,3422,309866066,0,9,1,3584,5,10586347941
5192,309889589,71912,309961501,0,5,0,11776,7,4668591928
5193,309987121,43904,310031025,0,7,0,512,22,1815210366
5194,310012452,85628,310098080,0,1,0,21504,38,1900994792
5195,310053195,118859,310172054,0,1,0,66560,38,3016594421
5196,310239022,3387,310242409,0,1,1,9728,38,4683714689
5197,310253050,3898,310256948,0,9,1,4096,5,3875155382
5198,310294682,7230,310301912,0,9,1,7680,5,9300478237
5199,310298319,2470,310300789,0,1,1,2560,38,5620265289
5200,310378714,90236,310468950,0,5,0,21504,7,5593610575
5201,310382401,54056,310436457,0,1,0,3584,38,5000115479
5202,310388984,98852,310487836,0,2,0,24576,11,6307702000
5203,310407349,121991,310529340,0,5,0,52224,7,10021875197
5204,310439610,45596,310485206,0,7,0,1024,22,2603235502
5205,310496843,1518,310498361,0,1,1,1536,38,10253459223
5206,310515446,112426,310627872,0,5,0,23552,7,9768415790
5207,310554036,43904,310597940,0,7,0,512,22,1608992412
5208,310554948,7706,310562654,0,9,1,8192,5,9446898603
5209,310589663,73760,310663423,0,1,0,12800,38,88613497
5210,310606512,86384,310692896,0,5,0,18944,7,1793016788
5211,310740035,107588,310847623,0,4,0,53248,33,1859290773
5212,310804077,54529,310858606,0,2,1,92672,11,4549415160
5213,310928918,3128,310932046,0,7,1,9216,22,8639095067
5214,311014815,566,311015381,0,1,1,512,38,10128545746
5215,311072290,103220,311175510,0,4,0,38912,33,2082213923
5216,311087128,43904,311131032,0,3,0,512,37,828564657
5217,311139627,103376,311243003,0,5,0,39424,7,9834621289
5218,311317852,10757,311328609,0,7,1,17408,22,1879289005
5219,311334915,64208,311399123,0,1,0,6656,38,7168792908
5220,311399019,81128,311480147,0,4,0,11776,33,210000809
5221,311412975,2870,311415845,0,1,1,8704,38,5468242429
5222,311444678,47288,311491966,0,7,0,1536,22,9460751975
5223,311457826,70688,311528514,0,2,0,12800,11,1008380176
5224,311519536,119132,311638668,0,4,0,91136,33,6749904650
5225,311537192,5802,311542994,0,8,1,6144,5,5622924647
5226,311574077,5454,311579531,0,7,1,13824,22,5465675185
5227,311578745,3898,311582643,0,9,1,4096,5,396401719
5228,311668420,73316,311741736,0,5,0,16384,7,3211768910
5229,311729669,6754,311736423,0,1,1,7168,38,728940096
5230,311732154,108992,311841146,0,4,0,57856,33,3926547714
5231,311740215,165320,311905535,0,2,0,146944,11,8180027408
5232,311750968,100880,311851848,0,1,0,31232,38,3417816935
5233,311754860,112268,311867128,0,5,0,68608,7,9617993695
5234,311856412,12308,311868720,0,7,1,20480,22,9436702123
5235,311862025,171012,312033037,0,7,0,512,22,8330730918
5236,311900142,105716,312005858,0,4,0,47104,33,9443168869
5237,312035326,3128,312038454,0,9,1,9216,5,9805676332
5238,312062200,4850,312067050,0,3,1,5120,37,4515228964
5239,312130732,1994,312132726,0,1,1,2048,38,8805136002
5240,312183527,4374,312187901,0,9,1,4608,5,5575743738
5241,312224683,54368,312279051,0,1,0,4608,38,3550707224
5242,312322091,48980,312371071,0,4,0,2048,33,1976695851
5243,312440946,80240,312521186,0,2,0,18944,11,5109142798
5244,312616130,104624,312720754,0,5,0,43520,7,2016373126
5245,312738604,88832,312827436,0,2,0,16896,11,1801449786
5246,312777303,97760,312875063,0,4,0,20992,33,10714952024
5247,312792245,7706,312799951,0,9,1,8192,5,5763521587
5248,312809178,106877,312916055,0,4,0,2048,33,7312914426
5249,312828424,2946,312831370,0,9,1,3072,5,4820494461
5250,312861125,44920,312906045,0,7,1,77312,22,9850464122
5251,313058084,109616,313167700,0,4,0,59904,33,6589680465
5252,313080783,45596,313126379,0,7,0,1024,22,7803047994
5253,313215648,6278,313221926,0,6,1,6656,23,9511220141
5254,313261287,54056,313315343,0,5,0,3584,7,844472198
5255,313303242,64208,313367450,0,1,0,6656,38,2902231168
5256,313316315,100568,313416883,0,2,0,30208,11,4648047664
5257,313368387,7706,313376093,0,6,1,8192,23,1327000772
5258,313374951,4374,313379325,0,4,1,4608,33,5066411647
5259,313425330,1042,313426372,0,1,1,1024,38,9475482372
5260,313490976,43904,313534880,0,7,0,512,22,3806581104
5261,313547299,2946,313550245,0,6,1,3072,23,7288600060
5262,313575406,5971,313581377,0,7,1,14848,22,2496128029
5263,313700724,99944,313800668,0,5,0,28160,7,4089698109
5264,313721840,90704,313812544,0,1,0,23040,38,7389342443
5265,313777443,47288,313824731,0,7,0,1536,22,5987388588
5266,313797238,3898,313801136,0,1,1,4096,38,7025186045
5267,313851257,102128,313953385,0,5,0,35328,7,2270253194
5268,313877730,65900,313943630,0,2,0,7168,11,5583259275
5269,313895247,75305,313970552,0,2,0,8704,11,3785313390
5270,313913798,4850,313918648,0,9,1,5120,5,7728736715
5271,313920732,6278,313927010,0,9,1,6656,5,8508044902
5272,313929510,117572,314047082,0,5,0,86016,7,8930770132
5273,313958420,1042,313959462,0,6,1,1024,23,4721979112
5274,313960274,5196,313965470,0,1,1,13312,38,3966608213
5275,313961268,218891,314180159,0,1,0,28672,38,2363036460
5276,314006454,63296,314069750,0,2,0,8704,11,4792644434
5277,314122003,95288,314217291,0,2,0,17920,11,10226563260
5278,314157372,54787,314212159,0,7,1,93184,22,7374838778
5279,314195733,566,314196299,0,6,1,512,23,2658942829
5280,314226953,5802,314232755,0,5,1,6144,7,10101978036
5281,314291599,77012,314368611,0,2,0,18432,11,9281135945
5282,314314656,5326,314319982,0,7,1,5632,22,8335341921
5283,314391486,3904,314395390,0,1,1,10752,38,1637372715
5284,314426789,107900,314534689,0,4,0,54272,33,6452516781
5285,314439175,155616,314594791,0,4,0,23552,33,2992153018
5286,314463976,2470,314466446,0,5,1,2560,7,8573249857
5287,314486248,1042,314487290,0,6,1,1024,23,7033964255
5288,314495174,6488,314501662,0,1,1,15872,38,6753893607
5289,314564307,34279,314598586,0,7,1,59904,22,1742993688
5290,314820041,114296,314934337,0,4,0,75264,33,4939889117
5291,314871969,2946,314874915,0,5,1,3072,7,986178228
5292,315083259,45596,315128855,0,7,0,1024,22,2054318842
5293,315152165,43904,315196069,0,7,0,512,22,1835955980
5294,315198198,1042,315199240,0,5,1,1024,7,8021630579
5295,315236540,102440,315338980,0,4,0,36352,33,5102428685
5296,315247723,45596,315293319,0,5,0,1024,7,438667928
5297,315282222,1042,315283264,0,1,1,1024,38,2765813219
5298,315290138,47288,315337426,0,7,0,1536,22,6839159425
5299,315300332,45596,315345928,0,7,0,1024,22,4393786914
5300,315333013,79928,315412941,0,5,0,17920,7,5916626224
5301,315335996,89588,315425584,0,1,0,14336,38,10211651101
5302,315371105,1042,315372147,0,5,1,1024,7,9383304951
5303,315389368,1518,315390886,0,5,1,1536,7,1669198901
5304,315420987,105109,315526096,0,1,0,44544,38,2608032201
5305,315521122,5971,315527093,0,9,1,14848,5,1192985931
5306,315559987,5326,315565313,0,9,1,5632,5,10386571454
5307,315587553,110552,315698105,0,1,0,62976,38,6838656451
5308,315711045,45596,315756641,0,7,0,1024,22,4897315802
5309,315756212,65429,315821641,0,7,1,110592,22,2106894176
5310,315776590,206743,315983333,0,7,0,512,22,4736378031
5311,315870527,2946,315873473,0,1,1,3072,38,2720929707
5312,315966013,30749,315996762,0,7,1,49664,22,1829151997
5313,315992330,48980,316041310,0,7,0,2048,22,7967692707
5314,316181929,1042,316182971,0,5,1,1024,7,3448938338
5315,316384615,566,316385181,0,5,1,512,7,3139875409
5316,316396168,1042,316397210,0,9,1,1024,5,8945965639
5317,316468473,566,316469039,0,5,1,512,7,6022608512
5318,316526380,2470,316528850,0,5,1,2560,7,9684596618
5319,316549640,101348,316650988,0,5,0,32768,7,4215928586
5320,316600480,173912,316774392,0,2,0,144896,11,6728670020
5321,316664611,12995,316677606,0,6,1,25088,23,10496234903
5322,316738677,96716,316835393,0,5,0,27648,7,9877038686
5323,316744198,566,316744764,0,6,1,512,23,7652186481
5324,316787802,3645,316791447,0,6,1,10240,23,8107722241
5325,316817409,102596,316920005,0,4,0,36864,33,1561972104
5326,316858790,45596,316904386,0,7,0,1024,22,5258680998
5327,316902266,4850,316907116,0,9,1,5120,5,9283149628
5328,316912237,7230,316919467,0,5,1,7680,7,7325432225
5329,316922676,43904,316966580,0,5,0,512,7,8538035665
5330,317039086,10499,317049585,0,7,1,16896,22,5941082210
5331,317058077,7230,317065307,0,1,1,7680,38,6462798506
5332,317087983,3422,317091405,0,5,1,3584,7,5359784952
5333,317201885,5454,317207339,0,5,1,13824,7,1590371097
5334,317242036,1994,317244030,0,6,1,2048,23,3696587709
5335,317244062,105560,317349622,0,4,0,46592,33,9493186475
5336,317374255,14804,317389059,0,7,1,28672,22,7097143627
5337,317385751,5326,317391077,0,6,1,5632,23,2759242036
5338,317398029,34020,317432049,0,7,1,59392,22,10080703862
5339,317411941,2946,317414887,0,6,1,3072,23,8718660809
5340,317414721,2470,317417191,0,5,1,2560,7,2310620775
5341,317466833,103532,317570365,0,5,0,39936,7,4358076040
5342,317558412,20624,317579036,0,7,1,33280,22,6759293440
5343,317564666,11969,317576635,0,5,1,6656,7,1193542182
5344,317624614,3898,317628512,0,9,1,4096,5,2828783589
5345,317667417,14804,317682221,0,7,1,28672,22,6461926213
5346,317723280,4850,317728130,0,1,1,5120,38,6937533454
5347,317724028,249245,317973273,0,1,0,135680,38,2131890619
5348,317828455,6754,317835209,0,9,1,7168,5,6263971233
5349,317875379,7230,317882609,0,1,1,7680,38,10279413874
5350,317895298,4679,317899977,0,5,1,12288,7,2328224543
5351,317947978,100412,318048390,0,2,0,29696,11,6584953107
5352,317967837,9590,317977427,0,1,1,11264,38,361143129
5353,317974768,84978,318059746,0,1,0,17920,38,8850226800
5354,318013580,101348,318114928,0,5,0,32768,7,9731591811
5355,318046011,5802,318051813,0,5,1,6144,7,7128908357
5356,318166005,100568,318266573,0,2,0,30208,11,8879889601
5357,318170493,84224,318254717,0,4,0,16896,33,9808709235
5358,318185813,4850,318190663,0,6,1,5120,23,8077626891
5359,318298777,7706,318306483,0,9,1,8192,5,3496432645
5360,318367534,2946,318370480,0,6,1,3072,23,2505933234
5361,318433841,101972,318535813,0,1,0,34816,38,1256765929
5362,318608350,102440,318710790,0,4,0,36352,33,4028360766
5363,318658795,1518,318660313,0,9,1,1536,5,9704041256
5364,318675510,43904,318719414,0,7,0,512,22,4598430954
5365,318682256,43904,318726160,0,7,0,512,22,6941456720
5366,318761537,6278,318767815,0,1,1,6656,38,720236847
5367,318778888,43904,318822792,0,7,0,512,22,6663550028
5368,318888244,566,318888810,0,9,1,512,5,4947036736
5369,318890650,5802,318896452,0,6,1,6144,23,8531989610
5370,318961148,84068,319045216,0,7,0,16384,22,39729336
5371,318977545,67592,319045137,0,2,0,7680,11,3830833857
5372,318981914,1042,318982956,0,9,1,1024,5,10092644974
5373,319017482,3128,319020610,0,0,1,9216,40,9236038527
5374,319092287,1994,319094281,0,6,1,2048,23,8175968274
5375,319092614,43904,319136518,0,9,0,512,5,7179332342
5376,319161859,2946,319164805,0,1,1,3072,38,8337247824
5377,319180246,2946,319183192,0,9,1,3072,5,6268387773
5378,319188628,4374,319193002,0,1,1,4608,38,68954189
5379,319203289,146528,319349817,0,4,0,135680,33,3998721866
5380,319240947,6278,319247225,0,9,1,6656,5,2138874584
5381,319241251,110297,319351548,0,4,0,5632,33,5302875616
5382,319272118,59449,319331567,0,9,0,2048,5,1913238142
5383,319283604,6278,319289882,0,9,1,6656,5,5495463297
5384,319308999,4374,319313373,0,9,1,4608,5,3364657994
5385,319349675,106808,319456483,0,1,0,50688,38,4085783783
5386,319398293,91148,319489441,0,2,0,19456,11,5547354498
5387,319493985,2470,319496455,0,9,1,2560,5,10678045569
5388,319495183,117416,319612599,0,7,0,85504,22,2484138215
5389,319515986,108680,319624666,0,1,0,56832,38,10212461613
5390,319603804,3898,319607702,0,6,1,4096,23,9545913541
5391,319653564,101348,319754912,0,7,0,32768,22,9557170559
5392,319666567,74516,319741083,0,4,0,10240,33,9291357659
5393,319693337,5326,319698663,0,9,1,5632,5,385005666
5394,319713642,2470,319716112,0,9,1,2560,5,5218885838
5395,319745908,89168,319835076,0,1,0,23040,38,4242251499
5396,319761591,52364,319813955,0,9,0,3072,5,9483205190
5397,319799799,2946,319802745,0,9,1,3072,5,1077631392
5398,319872800,101972,319974772,0,7,0,34816,22,7991062814
5399,320016903,116948,320133851,0,5,0,83968,7,1033414583
5400,320071813,3422,320075235,0,6,1,3584,23,1862017292
5401,320087816,2470,320090286,0,1,1,2560,38,982315154
5402,320124179,3128,320127307,0,9,1,9216,5,8858241766
5403,320177793,97004,320274797,0,7,0,23552,22,7952619214
5404,320207900,106028,320313928,0,4,0,48128,33,5962679249
5405,320255440,10241,320265681,0,6,1,16384,23,3001112205
5406,320262640,48980,320311620,0,9,0,2048,5,2580234659
5407,320303790,5802,320309592,0,1,1,6144,38,9126305548
5408,320325722,99632,320425354,0,7,0,27136,22,3844436600
5409,320351516,93752,320445268,0,4,0,17920,33,5391195001
5410,320365824,566,320366390,0,9,1,512,5,6469656353
5411,320408316,4850,320413166,0,1,1,5120,38,8641624435
5412,320465043,103844,320568887,0,5,0,40960,7,7620934570
5413,320517745,2946,320520691,0,9,1,3072,5,4435162510
5414,320712417,15062,320727479,0,9,1,29184,5,9998081344
5415,320720582,70220,320790802,0,1,0,11264,38,6226379789
5416,320760871,1042,320761913,0,6,1,1024,23,10719956826
5417,320783575,7242,320790817,0,1,1,14848,38,8486978334
5418,320867819,3128,320870947,0,6,1,9216,23,4571296240
5419,320892951,3898,320896849,0,9,1,4096,5,9574714126
5420,320907041,65900,320972941,0,1,0,7168,38,8599020909
5421,320969268,100256,321069524,0,5,0,29184,7,2076348318
5422,320992873,7706,321000579,0,1,1,8192,38,3497252383
5423,321063513,115076,321178589,0,4,0,77824,33,2711936083
5424,321187651,47444,321235095,0,9,0,2048,5,103816863
5425,321303581,566,321304147,0,9,1,512,5,5492879620
5426,321324872,2946,321327818,0,9,1,3072,5,4655690142
5427,321326340,1518,321327858,0,1,1,1536,38,5826808892
5428,321391023,2946,321393969,0,5,1,3072,7,9792574309
5429,321394131,103064,321497195,0,7,0,38400,22,6632207034
5430,321417798,78992,321496790,0,1,0,14848,38,10074825894
5431,321464284,70976,321535260,0,4,0,8704,33,1400187394
5432,321547940,102128,321650068,0,5,0,35328,7,2544433457
5433,321599007,47288,321646295,0,9,0,1536,5,7677196212
5434,321607116,102556,321709672,0,5,0,22016,7,6699337213
5435,321654640,1994,321656634,0,9,1,2048,5,2392322462
5436,321845562,16096,321861658,0,1,1,31232,38,6008658770
5437,321904362,4374,321908736,0,5,1,4608,7,5910084061
5438,321938942,2946,321941888,0,7,1,3072,22,4046499997
5439,321963582,52364,322015946,0,1,0,3072,38,2911170655
5440,321965449,45696,322011145,0,7,1,78848,22,4898694221
5441,322081050,4679,322085729,0,7,1,12288,22,2934611695
5442,322237805,129272,322367077,0,5,0,124416,7,4760613112
5443,322254503,22691,322277194,0,7,1,37376,22,2200927539
5444,322374494,64225,322438719,0,7,1,104960,22,3236385193
5445,322412321,566,322412887,0,1,1,512,38,692651111
5446,322451277,3898,322455175,0,9,1,4096,5,6210777050
5447,322515589,12825,322528414,0,9,1,21504,5,4183253086
5448,322521488,1042,322522530,0,8,1,1024,5,5015017063
5449,322554089,2870,322556959,0,9,1,8704,5,5410720378
5450,322564302,194936,322759238,0,1,0,173568,38,9928201166
5451,322589580,189641,322779221,0,1,0,65536,38,9799490096
5452,322728862,4850,322733712,0,8,1,5120,5,6497978745
5453,322778318,7706,322786024,0,5,1,8192,7,3780286364
5454,322788366,3898,322792264,0,1,1,4096,38,6307036807
5455,322807424,1518,322808942,0,1,1,1536,38,5740076763
5456,322849523,45596,322895119,0,9,0,1024,5,6949900308
5457,322939408,6278,322945686,0,3,1,6656,37,8968809712
5458,322956733,6278,322963011,0,9,1,6656,5,7997160313
5459,322973546,99164,323072710,0,1,0,25600,38,6973436432
5460,322986328,2946,322989274,0,5,1,3072,7,10663540094
5461,323038307,7230,323045537,0,5,1,7680,7,9262578330
5462,323155774,81932,323237706,0,4,0,19456,33,8009408780
5463,323164216,4374,323168590,0,3,1,4608,37,8344405301
5464,323222896,2470,323225366,0,5,1,2560,7,3293473037
5465,323223154,1994,323225148,0,3,1,2048,37,841460768
5466,323256430,105872,323362302,0,4,0,47616,33,952656728
5467,323259593,1994,323261587,0,3,1,2048,37,929169740
5468,323367310,1994,323369304,0,3,1,2048,37,1989404737
5469,323441956,1042,323442998,0,9,1,1024,5,6938915443
5470,323473389,50672,323524061,0,1,0,2560,38,4037804931
5471,323541793,70976,323612769,0,4,0,8704,33,1975911361
5472,323558685,54056,323612741,0,1,0,3584,38,5022445650
5473,323597162,3898,323601060,0,8,1,4096,5,4770051894
5474,323612388,118725,323731113,0,4,0,88576,33,8946306481
5475,323647528,1042,323648570,0,5,1,1024,7,2341438877
5476,323661816,7230,323669046,0,8,1,7680,5,9889983700
5477,323744447,99476,323843923,0,1,0,26624,38,2368818092
5478,323798297,55748,323854045,0,5,0,4096,7,2784136
5479,323812908,5326,323818234,0,5,1,5632,7,5112146938
5480,323853325,5454,323858779,0,9,1,13824,5,10383343126
5481,323889425,566,323889991,0,5,1,512,7,8277847050
5482,323909784,3128,323912912,0,5,1,9216,7,538291353
5483,323934471,85784,324020255,0,5,0,15872,7,4966659345
5484,323956750,2470,323959220,0,8,1,2560,5,2721035411
5485,324062437,86228,324148665,0,5,0,18432,7,8310627587
5486,324130905,45596,324176501,0,9,0,1024,5,10596544068
5487,324146423,81250,324227673,0,5,0,19968,7,4228801098
5488,324152713,4420,324157133,0,1,1,11776,38,1272484823
5489,324154703,35571,324190274,0,2,1,62464,11,6383512199
5490,324203035,100880,324303915,0,7,0,31232,22,6371607491
5491,324206915,103844,324310759,0,5,0,40960,7,1785215506
5492,324211088,2946,324214034,0,4,1,3072,33,5277298378
5493,324248385,109772,324358157,0,5,0,60416,7,10577126480
5494,324268150,43904,324312054,0,9,0,512,5,4394506895
5495,324277634,1518,324279152,0,1,1,1536,38,6353818343
5496,324348174,165275,324513449,0,5,0,139264,7,2106553905
5497,324450012,2870,324452882,0,8,1,8704,5,5233784112
5498,324455846,107120,324562966,0,4,0,51712,33,6764899214
5499,324468275,60824,324529099,0,1,0,5632,38,8242650793
5500,324476704,3422,324480126,0,9,1,3584,5,6744175798
5501,324563530,64742,324628272,0,2,1,105984,11,10142823071
5502,324577274,6278,324583552,0,9,1,6656,5,7657494255
5503,324637713,70976,324708689,0,4,0,8704,33,8568628266
5504,324644435,3422,324647857,0,9,1,3584,5,4686040696
5505,324648200,4850,324653050,0,8,1,5120,5,10611461591
5506,324680198,101036,324781234,0,1,0,31744,38,6902794081
5507,324735995,99008,324835003,0,7,0,25088,22,3663467798
5508,324760358,11274,324771632,0,5,1,18432,7,6807484872
5509,324776986,109065,324886051,0,5,0,17408,7,10496234675
5510,324792937,174190,324967127,0,5,0,10752,7,7149925861
5511,324812818,1518,324814336,0,8,1,1536,5,914880089
5512,324815278,13600,324828878,0,9,1,23040,5,550495963
5513,324870681,3128,324873809,0,1,1,9216,38,6256735930
5514,324896175,50741,324946916,0,2,1,81920,11,4784056078
5515,324909574,83117,324992691,0,2,1,115712,11,8146286424
5516,324910426,2946,324913372,0,5,1,3072,7,7458791004
5517,324919181,3422,324922603,0,1,1,3584,38,8416641871
5518,324928510,2870,324931380,0,8,1,8704,5,1805126710
5519,324946617,566,324947183,0,8,1,512,5,6765201372
5520,324982308,15875,324998183,0,2,1,26112,11,9668352363
5521,325058011,2870,325060881,0,2,1,8704,11,4929208279
5522,325067139,3898,325071037,0,3,1,4096,37,8038383529
5523,325096515,81596,325178111,0,7,0,13312,22,71348521
5524,325096875,85775,325182650,0,7,0,14848,22,2967656280
5525,325187087,99320,325286407,0,1,0,26112,38,878993081
5526,325207358,3898,325211256,0,8,1,4096,5,10470218884
5527,325358744,99008,325457752,0,4,0,25088,33,8767629330
5528,325364314,1994,325366308,0,1,1,2048,38,6858521217
5529,325391374,20366,325411740,0,2,1,32768,11,4625336788
5530,325492358,21399,325513757,0,2,1,34816,11,8050294891
5531,325502123,32675,325534798,0,2,1,51712,11,2772432451
5532,325646393,51516,325697909,0,2,1,83456,11,6413701693
5533,325653050,1994,325655044,0,0,1,2048,40,1117075918
5534,325681602,110084,325791686,0,6,0,61440,23,213637736
5535,325713067,566,325713633,0,8,1,512,5,3600111685
5536,325720117,108056,325828173,0,4,0,54784,33,1107774828
5537,325759820,566,325760386,0,1,1,512,38,935662779
5538,325770262,1994,325772256,0,1,1,2048,38,9213673150
5539,325812994,62672,325875666,0,5,0,6656,7,9031597179
5540,325815843,13600,325829443,0,1,1,23040,38,15405422
5541,326086610,60866,326147476,0,2,1,98304,11,2205960414
5542,326217081,54529,326271610,0,2,1,92672,11,6080373887
5543,326218559,62516,326281075,0,7,0,6144,22,2310847023
5544,326304922,43904,326348826,0,9,0,512,5,6584967355
5545,326318981,13600,326332581,0,2,1,23040,11,1900522187
5546,326377765,2470,326380235,0,8,1,2560,5,511845652
5547,326394301,2470,326396771,0,2,1,2560,11,10710071304
5548,326743878,43904,326787782,0,9,0,512,5,681729678
5549,326747732,103376,326851108,0,5,0,39424,7,8398988560
5550,326769104,91592,326860696,0,7,0,15872,22,2529542525
5551,326787439,132483,326919922,0,5,0,32256,7,4918276903
5552,326803110,105092,326908202,0,1,0,45056,38,9076393870
5553,326840789,6229,326847018,0,2,1,15360,11,8920486145
5554,326879543,43904,326923447,0,9,0,512,5,2383794064
5555,326887958,1518,326889476,0,9,1,1536,5,711438782
5556,326950992,54012,327005004,0,2,1,91648,11,3545397764
5557,326971262,49448,327020710,0,5,0,3584,7,10457211256
5558,326977897,43904,327021801,0,9,0,512,5,8229955312
5559,326999686,1042,327000728,0,3,1,1024,37,285029191
5560,327064681,15837,327080518,0,2,1,30720,11,10210416346
5561,327112347,92996,327205343,0,4,0,20480,33,7925065618
5562,327201790,2470,327204260,0,3,1,2560,37,5329567237
5563,327204775,6754,327211529,0,8,1,7168,5,729998725
5564,327262008,6754,327268762,0,9,1,7168,5,9481036474
5565,327266550,4798,327271348,0,9,1,4096,5,1039277377
5566,327293589,566,327294155,0,8,1,512,5,7929948860
5567,327359325,45596,327404921,0,5,0,1024,7,7163536599
5568,327368689,4679,327373368,0,3,1,12288,37,9172450958
5569,327406653,3904,327410557,0,3,1,10752,37,9178307722
5570,327433525,1518,327435043,0,1,1,1536,38,10651510738
5571,327438108,119288,327557396,0,1,0,91648,38,7224026334
5572,327450756,1994,327452750,0,8,1,2048,5,60481898
5573,327506860,118664,327625524,0,5,0,89600,7,5409828569
5574,327634458,1518,327635976,0,2,1,1536,11,2617166020
5575,327642149,2470,327644619,0,3,1,2560,37,4679629654
5576,327688221,43904,327732125,0,9,0,512,5,8866661624
5577,327701495,109304,327810799,0,5,0,58880,7,4891327124
5578,327755569,2470,327758039,0,2,1,2560,11,8073680936
5579,327778504,172220,327950724,0,1,0,144384,38,6357735013
5580,327833078,6278,327839356,0,9,1,6656,5,4926898071
5581,327887963,4374,327892337,0,8,1,4608,5,4121252386
5582,327908667,43904,327952571,0,9,0,512,5,7377839970
5583,327961094,86516,328047610,0,4,0,14336,33,9464820506
5584,327978556,102284,328080840,0,1,0,35840,38,8765989917
5585,327987903,47288,328035191,0,7,0,1536,22,6560715986
5586,328051430,566,328051996,0,2,1,512,11,170475831
5587,328063801,1042,328064843,0,8,1,1024,5,5337647200
5588,328193809,7706,328201515,0,2,1,8192,11,9054266514
5589,328219705,2946,328222651,0,8,1,3072,5,8167169461
5590,328364907,105560,328470467,0,4,0,46592,33,805756542
5591,328372436,5326,328377762,0,9,1,5632,5,9755890487
5592,328400029,566,328400595,0,1,1,512,38,538659345
5593,328423662,63452,328487114,0,5,0,9216,7,7325547863
5594,328459985,43904,328503889,0,1,0,512,38,6246061050
5595,328515990,1042,328517032,0,1,1,1024,38,1110782710
5596,328531022,1042,328532064,0,2,1,1024,11,1236889807
5597,328580611,115856,328696467,0,5,0,80384,7,4187165932
5598,328638612,45596,328684208,0,1,0,1024,38,2688437959
5599,328745342,2470,328747812,0,1,1,2560,38,8266446069
5600,328787248,2946,328790194,0,1,1,3072,38,1737501187
5601,328825699,4374,328830073,0,1,1,4608,38,3413563593
5602,328855603,84716,328940319,0,5,0,23552,7,9315063845
5603,328858385,65900,328924285,0,5,0,7168,7,9439032670
5604,328902693,5326,328908019,0,1,1,5632,38,3060433028
5605,328906760,14545,328921305,0,9,1,28160,5,9540700437
5606,328910705,10757,328921462,0,1,1,17408,38,2675542136
5607,328976769,566,328977335,0,1,1,512,38,9736614671
5608,329010843,2946,329013789,0,1,1,3072,38,3812549436
5609,329022463,61604,329084067,0,4,0,8192,33,665583195
5610,329022640,73004,329095644,0,4,0,15360,33,6175534864
5611,329168756,1994,329170750,0,1,1,2048,38,6453423822
5612,329170590,1518,329172108,0,6,1,1536,23,9411118821
5613,329222687,1518,329224205,0,6,1,1536,23,8525738069
5614,329231675,6754,329238429,0,2,1,7168,11,8463437502
5615,329285313,107276,329392589,0,5,0,52224,7,1801378044
5616,329288345,48980,329337325,0,1,0,2048,38,6228839606
5617,329332869,566,329333435,0,9,1,512,5,7068762462
5618,329366216,124748,329490964,0,7,0,109568,22,1113089606
5619,329366877,43904,329410781,0,1,0,512,38,8178421972
5620,329406603,1994,329408597,0,9,1,2048,5,8087780956
5621,329412889,6754,329419643,0,9,1,7168,5,9645228037
5622,329540489,45596,329586085,0,1,0,1024,38,1236738460
5623,329575272,66680,329641952,0,4,0,9728,33,7253564504
5624,329619782,61916,329681698,0,4,0,9216,33,6893027030
5625,329630511,3128,329633639,0,1,1,9216,38,135552214
5626,329638561,1994,329640555,0,2,1,2048,11,9034284297
5627,329641156,4850,329646006,0,2,1,5120,11,9760540558
5628,329669039,11791,329680830,0,2,1,19456,11,2731667957
5629,329713985,566,329714551,0,9,1,512,5,4885474505
5630,329798974,4850,329803824,0,9,1,5120,5,5175206286
5631,329809039,2870,329811909,0,9,1,8704,5,10654704832
5632,329812531,43904,329856435,0,1,0,512,38,9094939595
5633,329816832,47288,329864120,0,9,0,1536,5,6693699308
5634,329850949,54056,329905005,0,7,0,3584,22,3765974633
5635,329865283,5454,329870737,0,2,1,13824,11,1126282554
5636,329877108,4850,329881958,0,0,1,5120,40,2972839018
5637,329906489,5712,329912201,0,1,1,14336,38,9793268547
5638,330123844,1518,330125362,0,2,1,1536,11,1051408817
5639,330131539,11791,330143330,0,9,1,19456,5,3796594049
5640,330264509,2470,330266979,0,9,1,2560,5,1807223463
5641,330351325,1518,330352843,0,9,1,1536,5,2642669696
5642,330363067,103688,330466755,0,4,0,40448,33,9166105837
5643,330385580,2470,330388050,0,1,1,2560,38,522458738
5644,330396669,138744,330535413,0,4,0,32768,33,4898192981
5645,330421325,45596,330466921,0,9,0,1024,5,9253862599
5646,330581947,62516,330644463,0,4,0,6144,33,4992623172
5647,330637582,566,330638148,0,1,1,512,38,5184323410
5648,330666418,141452,330807870,0,5,0,134144,7,6125764659
5649,330701634,1042,330702676,0,1,1,1024,38,5040948144
5650,330745370,108056,330853426,0,4,0,54784,33,505190741
5651,330850069,103844,330953913,0,5,0,40960,7,968186926
5652,330962869,110240,331073109,0,7,0,61952,22,7473014721
5653,331000371,43904,331044275,0,9,0,512,5,7412374021
5654,331017620,139771,331157391,0,7,0,110592,22,2681120695
5655,331042067,125938,331168005,0,7,0,8192,22,3221097725
5656,331099012,106652,331205664,0,4,0,50176,33,3575825180
5657,331180883,99476,331280359,0,7,0,26624,22,1551116922
5658,331287353,4850,331292203,0,2,1,5120,11,10548109571
5659,331308193,43904,331352097,0,1,0,512,38,368943763
5660,331360135,2946,331363081,0,1,1,3072,38,1982596074
5661,331370050,103688,331473738,0,5,0,40448,7,986797504
5662,331402806,7230,331410036,0,4,1,7680,33,723216844
5663,331430023,43904,331473927,0,9,0,512,5,3493024538
5664,331574827,1042,331575869,0,9,1,1024,5,6026079796
5665,331739484,1042,331740526,0,1,1,1024,38,9753346082
5666,331798343,4850,331803193,0,9,1,5120,5,5465845390
5667,331811882,83756,331895638,0,4,0,15360,33,9078306422
5668,331888450,1042,331889492,0,9,1,1024,5,5551903988
5669,331897442,53066,331950508,0,7,1,86528,22,6072700425
5670,332150811,97760,332248571,0,4,0,20992,33,8237950617
5671,332171859,3422,332175281,0,2,1,3584,11,8823035201
5672,332177899,4374,332182273,0,2,1,4608,11,5107668947
5673,332393672,3128,332396800,0,9,1,9216,5,9088739712
5674,332399377,57440,332456817,0,7,0,4608,22,3938349966
5675,332411132,114608,332525740,0,7,0,76288,22,8017966773
5676,332495977,43904,332539881,0,9,0,512,5,2915005243
5677,332662661,4937,332667598,0,2,1,12800,11,1616147714
5678,332672944,43904,332716848,0,9,0,512,5,7123421275
5679,332751468,105092,332856560,0,4,0,45056,33,626572060
5680,332856169,81067,332937236,0,4,0,15360,33,2076727305
5681,332884164,566,332884730,0,2,1,512,11,4554202092
5682,332914997,566,332915563,0,9,1,512,5,4748825612
5683,333047515,2470,333049985,0,2,1,2560,11,645795243
5684,333192646,90104,333282750,0,5,0,26112,7,5727578756
5685,333193268,3128,333196396,0,2,1,9216,11,7537810784
5686,333330171,48980,333379151,0,9,0,2048,5,4815206602
5687,333462692,5971,333468663,0,2,1,14848,11,7003619760
5688,333512033,43904,333555937,0,9,0,512,5,8210811412
5689,333544945,3904,333548849,0,8,1,10752,5,1989529846
5690,333596922,126776,333723698,0,5,0,116224,7,9596404841
5691,333610966,61916,333672882,0,7,0,9216,22,5899609555
5692,333632719,107969,333740688,0,7,0,49152,22,4957136099
5693,333698933,7706,333706639,0,6,1,8192,23,9475182104
5694,333719099,4162,333723261,0,9,1,11264,5,5954093123
5695,333757454,52364,333809818,0,5,0,3072,7,59240312
5696,333782379,1994,333784373,0,2,1,2048,11,5689415022
5697,333784578,43904,333828482,0,9,0,512,5,3333023381
5698,333875909,4850,333880759,0,9,1,5120,5,4065083176
5699,334021996,52364,334074360,0,5,0,3072,7,2516473049
5700,334095704,73916,334169620,0,5,0,13312,7,2314544621
5701,334133866,67928,334201794,0,5,0,13824,7,9575032975
5702,334151151,75181,334226332,0,5,0,5632,7,2667685668
5703,334174630,1518,334176148,0,9,1,1536,5,764081328
5704,334229669,3422,334233091,0,2,1,3584,11,4959492620
5705,334277370,3128,334280498,0,2,1,9216,11,2759262498
5706,334345787,62516,334408303,0,4,0,6144,33,2457730995
5707,334385259,85136,334470395,0,5,0,14848,7,2075248155
5708,334432720,4679,334437399,0,2,1,12288,11,3443128277
5709,334502146,103064,334605210,0,7,0,38400,22,5718981392
5710,334771309,4420,334775729,0,9,1,11776,5,6496632608
5711,334940447,566,334941013,0,4,1,512,33,8033410383
5712,334982756,3387,334986143,0,2,1,9728,11,4085159605
5713,335069016,566,335069582,0,4,1,512,33,5999274025
5714,335323654,71468,335395122,0,4,0,15360,33,4963633840
5715,335351471,43904,335395375,0,9,0,512,5,1067908669
5716,335450499,1518,335452017,0,2,1,1536,11,1665336383
5717,335516347,1042,335517389,0,2,1,1024,11,4896739718
5718,335518864,3422,335522286,0,6,1,3584,23,7164401127
5719,335564459,3128,335567587,0,9,1,9216,5,9289943561
5720,335642578,3898,335646476,0,6,1,4096,23,2977312329
5721,335648901,134684,335783585,0,5,0,132096,7,7278108458
5722,335671093,81620,335752713,0,4,0,18432,33,1877856234
5723,335684771,45596,335730367,0,9,0,1024,5,6465299034
5724,335700664,4850,335705514,0,2,1,5120,11,9664146609
5725,335716077,137928,335854005,0,4,0,51200,33,3977352468
5726,335956739,3645,335960384,0,2,1,10240,11,3825288274
5727,335970290,65144,336035434,0,4,0,9728,33,6306979959
5728,335972391,152863,336125254,0,4,0,133120,33,6420481691
5729,336059092,2470,336061562,0,4,1,2560,33,8392147395
5730,336087862,4162,336092024,0,1,1,11264,38,9327857427
5731,336133966,4850,336138816,0,2,1,5120,11,4227018972
5732,336138677,4374,336143051,0,6,1,4608,23,7547370657
5733,336159882,1518,336161400,0,9,1,1536,5,4632078179
5734,336236713,6754,336243467,0,6,1,7168,23,6962326790
5735,336360755,43904,336404659,0,9,0,512,5,4685368243
5736,336372925,4850,336377775,0,2,1,5120,11,7257449406
5737,336378574,566,336379140,0,6,1,512,23,3541408026
5738,336388233,1042,336389275,0,1,1,1024,38,303889132
5739,336409258,78860,336488118,0,4,0,19456,33,1499540782
5740,336472467,566,336473033,0,6,1,512,23,5793907065
5741,336511911,3904,336515815,0,4,1,10752,33,7210381148
5742,336540433,2946,336543379,0,9,1,3072,5,10214668946
5743,336590434,4374,336594808,0,9,1,4608,5,5176229141
5744,336598464,43904,336642368,0,9,0,512,5,5267727328
5745,336613433,566,336613999,0,1,1,512,38,6931770930
5746,336662536,100412,336762948,0,4,0,29696,33,8502750712
5747,336673640,1994,336675634,0,9,1,2048,5,839235993
5748,336716689,100256,336816945,0,4,0,29184,33,1851730364
5749,336762364,87788,336850152,0,5,0,23552,7,8267251751
5750,336786227,122720,336908947,0,4,0,102912,33,523600470
5751,336834180,2946,336837126,0,6,1,3072,23,3803483820
5752,336863949,4937,336868886,0,1,1,12800,38,6642162686
5753,336911014,5802,336916816,0,6,1,6144,23,150477976
5754,336957171,3898,336961069,0,2,1,4096,11,5412571403
5755,337039086,1994,337041080,0,4,1,2048,33,5368117763
5756,337205578,96848,337302426,0,4,0,23040,33,9636520573
5757,337244760,43904,337288664,0,9,0,512,5,406150606
5758,337258232,4162,337262394,0,2,1,11264,11,2981883447
5759,337259540,6754,337266294,0,4,1,7168,33,2854189251
5760,337318454,4374,337322828,0,1,1,4608,38,6607238776
5761,337332224,1042,337333266,0,2,1,1024,11,986227488
5762,337374751,102596,337477347,0,4,0,36864,33,5012524018
5763,337381977,3128,337385105,0,2,1,9216,11,2232634419
5764,337390716,10757,337401473,0,1,1,17408,38,5794837422
5765,337403456,566,337404022,0,2,1,512,11,8732559698
5766,337527810,1042,337528852,0,6,1,1024,23,2928099766
5767,337538301,43904,337582205,0,9,0,512,5,9619409520
5768,337567573,1042,337568615,0,2,1,1024,11,1277852058
5769,337608071,1994,337610065,0,9,1,2048,5,5856875029
5770,337660534,5326,337665860,0,6,1,5632,23,5629450543
5771,337778832,61760,337840592,0,4,0,8704,33,3378384153
5772,337795931,57440,337853371,0,4,0,4608,33,5163113025
5773,337817025,120692,337937717,0,5,0,96256,7,1434513369
5774,337870753,3128,337873881,0,4,1,9216,33,4708348901
5775,337905958,31774,337937732,0,5,1,2560,7,4716440206
5776,337926554,61842,337988396,0,5,0,2560,7,9868957482
5777,338003749,1042,338004791,0,6,1,1024,23,1019147240
5778,338067399,67748,338135147,0,4,0,8192,33,5884182621
5779,338068208,2946,338071154,0,5,1,3072,7,5270755266
5780,338091071,4937,338096008,0,5,1,12800,7,7787236413
5781,338093068,81157,338174225,0,4,0,14336,33,1898804559
5782,338175215,3422,338178637,0,6,1,3584,23,6681003899
5783,338188609,16613,338205222,0,4,1,32256,33,861656350
5784,338205345,4374,338209719,0,2,1,4608,11,2862213660
5785,338259770,4850,338264620,0,0,1,5120,40,7168372534
5786,338339965,48980,338388945,0,9,0,2048,5,5489359206
5787,338398934,1042,338399976,0,5,1,1024,7,2912363901
5788,338434344,6754,338441098,0,2,1,7168,11,6253514311
5789,338435743,100100,338535843,0,4,0,28672,33,8921851273
5790,338449147,4374,338453521,0,2,1,4608,11,5404247538
5791,338456118,1994,338458112,0,7,1,2048,22,10136402939
5792,338519678,96848,338616526,0,4,0,23040,33,10450575501
5793,338540880,43904,338584784,0,9,0,512,5,4325134861
5794,338559396,13600,338572996,0,6,1,23040,23,6558116771
5795,338623117,60224,338683341,0,4,0,8704,33,1532333273
5796,338634741,5326,338640067,0,2,1,5632,11,9099541433
5797,338638178,2946,338641124,0,3,1,3072,37,6457785511
5798,338673593,3422,338677015,0,4,1,3584,33,3948536557
5799,338674267,1994,338676261,0,5,1,2048,7,1555080843
5800,338741317,5326,338746643,0,3,1,5632,37,2270354042
5801,338820082,50672,338870754,0,9,0,2560,5,1609047911
5802,338911088,6278,338917366,0,0,1,6656,40,51170380
5803,338920521,10757,338931278,0,6,1,17408,23,7693715253
5804,338943174,43904,338987078,0,9,0,512,5,10146143005
5805,338956744,43112,338999856,0,7,1,73728,22,7289630746
5806,339000909,2470,339003379,0,5,1,2560,7,2272583368
5807,339029466,4937,339034403,0,3,1,12800,37,9397789026
5808,339165972,3904,339169876,0,7,1,10752,22,366942255
5809,339188416,61641,339250057,0,6,1,99840,23,6957594392
5810,339221178,1518,339222696,0,4,1,1536,33,10606467726
5811,339222401,106340,339328741,0,4,0,49152,33,3103067289
5812,339232247,43200,339275447,0,7,1,70656,22,9990597847
5813,339269420,6386,339275806,0,7,1,9728,22,8140338942
5814,339291790,112892,339404682,0,5,0,70656,7,4055640872
5815,339427392,45596,339472988,0,9,0,1024,5,695230650
5816,339451746,1518,339453264,0,8,1,1536,5,3276825299
5817,339499352,45752,339545104,0,9,0,1536,5,3615209021
5818,339514992,4374,339519366,0,4,1,4608,33,7663432874
5819,339535938,30491,339566429,0,7,1,49152,22,8802220908
5820,339602728,5802,339608530,0,9,1,6144,5,2137018662
5821,339657412,566,339657978,0,5,1,512,7,8130617497
5822,339687036,7230,339694266,0,4,1,7680,33,6287880984
5823,339700095,2470,339702565,0,0,1,2560,40,9464027392
5824,339748203,12308,339760511,0,2,1,20480,11,4335417836
5825,339827545,6754,339834299,0,5,1,7168,7,2803990042
5826,339855463,1042,339856505,0,3,1,1024,37,7602301695
5827,339857062,3898,339860960,0,7,1,4096,22,10706859110
5828,339922310,4937,339927247,0,5,1,12800,7,5139369297
5829,339935114,33333,339968447,0,6,1,54784,23,2613177386
5830,339967979,3898,339971877,0,5,1,4096,7,8830863245
5831,340005779,4374,340010153,0,7,1,4608,22,7101928537
5832,340014360,26738,340041098,0,7,1,48640,22,2638007304
5833,340106453,3422,340109875,0,8,1,3584,5,230033440
5834,340114478,1994,340116472,0,0,1,2048,40,6903828179
5835,340181697,5971,340187668,0,7,1,14848,22,1283257928
5836,340220914,50672,340271586,0,9,0,2560,5,10337168987
5837,340255561,24929,340280490,0,6,1,45056,23,5152706772
5838,340290609,566,340291175,0,5,1,512,7,8581168518
5839,340411801,1518,340413319,0,8,1,1536,5,9775605855
5840,340467300,1994,340469294,0,3,1,2048,37,1734178654
5841,340472415,7230,340479645,0,0,1,7680,40,8013420712
5842,340513535,11791,340525326,0,5,1,19456,7,469395167
5843,340617389,2470,340619859,0,0,1,2560,40,10276521042
5844,340656220,2470,340658690,0,3,1,2560,37,3054746389
5845,340809316,5712,340815028,0,3,1,14336,37,3439451627
5846,340908018,5802,340913820,0,0,1,6144,40,1177223503
5847,340976899,4850,340981749,0,2,1,5120,11,56864540
5848,341015786,43904,341059690,0,0,0,512,40,2384367589
5849,341033522,12825,341046347,0,6,1,21504,23,3783946716
5850,341038718,2946,341041664,0,5,1,3072,7,6602665477
5851,341088305,84092,341172397,0,5,0,21504,7,9379465161
5852,341130651,47288,341177939,0,0,0,1536,40,1116092783
5853,341147459,3422,341150881,0,0,1,3584,40,9591175832
5854,341189901,4679,341194580,0,6,1,12288,23,3528671769
5855,341265099,3898,341268997,0,0,1,4096,40,3041138644
5856,341282620,49641,341332261,0,0,0,1024,40,5078091773
5857,341326645,5631,341332276,0,0,1,5632,40,7199893649
5858,341373620,3128,341376748,0,0,1,9216,40,4681833561
5859,341487069,4162,341491231,0,0,1,11264,40,3315204460
5860,341505589,566,341506155,0,5,1,512,7,2032598000
5861,341517985,4420,341522405,0,6,1,11776,23,8318388220
5862,341547280,3645,341550925,0,6,1,10240,23,8910507572
5863,341565286,43904,341609190,0,0,0,512,40,1176037793
5864,341591945,3904,341595849,0,0,1,10752,40,2141558329
5865,341761552,43904,341805456,0,0,0,512,40,3070205449
5866,341838473,33762,341872235,0,6,1,58880,23,1608008574
5867,341932669,4850,341937519,0,5,1,5120,7,9651813021
5868,341953334,83780,342037114,0,2,0,20480,11,2031608584
5869,341955098,97760,342052858,0,2,0,20992,11,7211659220
5870,342028254,101348,342129602,0,5,0,32768,7,934810095
5871,342284708,45596,342330304,0,0,0,1024,40,485254137
5872,342313113,2946,342316059,0,4,1,3072,33,1400147518
5873,342313153,1518,342314671,0,3,1,1536,37,6602518916
5874,342332343,1994,342334337,0,5,1,2048,7,5737602418
5875,342355518,32299,342387817,0,6,1,52736,23,9756095306
5876,342389935,566,342390501,0,5,1,512,7,6435368062
5877,342391755,21658,342413413,0,6,1,35328,23,6121699058
5878,342397726,2946,342400672,0,3,1,3072,37,8884266239
5879,342589515,1994,342591509,0,8,1,2048,5,4817813563
5880,342610495,2946,342613441,0,0,1,3072,40,5154680442
5881,342625072,4162,342629234,0,4,1,11264,33,6622616197
5882,342700662,1518,342702180,0,3,1,1536,37,5013309353
5883,342708913,3422,342712335,0,4,1,3584,33,7043892754
5884,342744883,12049,342756932,0,5,1,19968,7,2811503226
5885,342802979,1994,342804973,0,4,1,2048,33,1163831774
5886,342848970,97448,342946418,0,5,0,19968,7,3747698972
5887,342882164,1518,342883682,0,4,1,1536,33,1127825378
5888,342932593,7230,342939823,0,6,1,7680,23,9330495110
5889,342976139,6488,342982627,0,5,1,15872,7,3381807412
5890,343082436,4374,343086810,0,5,1,4608,7,3142871983
5891,343086092,6754,343092846,0,4,1,7168,33,2252547911
5892,343104200,7706,343111906,0,0,1,8192,40,910977214
5893,343163133,118664,343281797,0,5,0,89600,7,7183178983
5894,343287131,3422,343290553,0,9,1,3584,5,10685151298
5895,343301711,130520,343432231,0,5,0,128512,7,2885481600
5896,343486918,4374,343491292,0,4,1,4608,33,7975540418
5897,343497860,1042,343498902,0,0,1,1024,40,1904582686
5898,343509356,566,343509922,0,0,1,512,40,10358183920
5899,343809553,54056,343863609,0,5,0,3584,7,73859525
5900,343814603,43904,343858507,0,0,0,512,40,2620818844
5901,343928044,1518,343929562,0,5,1,1536,7,7045167359
5902,343937686,101192,344038878,0,5,0,32256,7,1555563385
5903,343957904,1994,343959898,0,4,1,2048,33,9276377930
5904,343961250,54992,344016242,0,7,0,6656,22,2905636472
5905,343987040,3128,343990168,0,5,1,9216,7,875418446
5906,344034430,116948,344151378,0,7,0,83968,22,805015778
5907,344173240,4374,344177614,0,5,1,4608,7,1037214902
5908,344196928,116324,344313252,0,7,0,81920,22,8034688724
5909,344642197,4162,344646359,0,0,1,11264,40,9764722500
5910,344694984,43904,344738888,0,0,0,512,40,1722810299
5911,344738948,72541,344811489,0,7,1,117760,22,4014675998
5912,344846807,4374,344851181,0,0,1,4608,40,2875775011
5913,344868257,66524,344934781,0,5,0,9216,7,8330349902
5914,344932502,4374,344936876,0,0,1,4608,40,7077876514
5915,344961575,7706,344969281,0,0,1,8192,40,9117928862
5916,344992494,47288,345039782,0,0,0,1536,40,157068636
5917,345005718,64364,345070082,0,7,0,7168,22,1160551283
5918,345034150,120616,345154766,0,0,0,512,40,9396692363
5919,345060986,9111,345070097,0,7,1,8192,22,4089137622
5920,345094909,101972,345196881,0,5,0,34816,7,3857145132
5921,345211582,7230,345218812,0,3,1,7680,37,3282139499
5922,345278201,47288,345325489,0,0,0,1536,40,9773178425
5923,345299957,69908,345369865,0,7,0,10240,22,1096066416
5924,345425330,108524,345533854,0,5,0,56320,7,22846668
5925,345435027,6754,345441781,0,9,1,7168,5,9686333794
5926,345441712,67926,345509638,0,5,0,2048,7,1095032639
5927,345453575,1042,345454617,0,9,1,1024,5,9138914911
5928,345560028,5802,345565830,0,3,1,6144,37,6090650268
5929,345660591,566,345661157,0,0,1,512,40,3133550764
5930,345680539,15321,345695860,0,7,1,29696,22,2460485451
5931,345687433,43904,345731337,0,0,0,512,40,387670943
5932,345723011,1518,345724529,0,7,1,1536,22,3108056805
5933,345758090,1042,345759132,0,0,1,1024,40,4108705581
5934,345862257,4374,345866631,0,0,1,4608,40,5139258032
5935,345878397,45596,345923993,0,0,0,1024,40,9912531293
5936,345901168,3904,345905072,0,1,1,10752,38,930273663
5937,345924113,14804,345938917,0,7,1,28672,22,7477909679
5938,345963219,50672,346013891,0,9,0,2560,5,8377395870
5939,346026343,1994,346028337,0,0,1,2048,40,875258214
5940,346073907,1518,346075425,0,0,1,1536,40,4099402981
5941,346082585,45596,346128181,0,9,0,1024,5,4994121027
5942,346089771,3898,346093669,0,9,1,4096,5,113642730
5943,346104922,5802,346110724,0,8,1,6144,5,6222537463
5944,346194580,100412,346294992,0,7,0,29696,22,1292099249
5945,346202472,3128,346205600,0,9,1,9216,5,7024235580
5946,346234790,3128,346237918,0,0,1,9216,40,2791505187
5947,346264128,115389,346379517,0,7,0,76800,22,1038449294
5948,346283963,11044,346295007,0,7,1,3584,22,7464144270
5949,346291541,3898,346295439,0,0,1,4096,40,1762862521
5950,346401658,15321,346416979,0,7,1,29696,22,1434459008
5951,346430054,118381,346548435,0,7,0,14848,22,8363220090
5952,346433528,2946,346436474,0,4,1,3072,33,7904226039
5953,346437073,129896,346566969,0,5,0,126464,7,4380203316
5954,346461132,47288,346508420,0,0,0,1536,40,4920776578
5955,346512696,50672,346563368,0,9,0,2560,5,1324535835
5956,346529241,48980,346578221,0,0,0,2048,40,3829206819
5957,346531086,1042,346532128,0,9,1,1024,5,1876050961
5958,346564033,104900,346668933,0,5,0,34816,7,6410755067
5959,346565253,57440,346622693,0,7,0,4608,22,6326602225
5960,346566824,52364,346619188,0,7,0,3072,22,5568681111
5961,346573349,91796,346665145,0,0,0,26624,40,4833969219
5962,346748788,47513,346796301,0,9,0,1024,5,2557697485
5963,346750705,48980,346799685,0,9,0,2048,5,5420793434
5964,346753549,4374,346757923,0,4,1,4608,33,6158872461
5965,346805250,3422,346808672,0,3,1,3584,37,3180843257
5966,346849665,5802,346855467,0,3,1,6144,37,2378931501
5967,346872043,5802,346877845,0,4,1,6144,33,10386883332
5968,346920019,4374,346924393,0,0,1,4608,40,10514177600
5969,346920059,1518,346921577,0,9,1,1536,5,968827988
5970,346928821,10757,346939578,0,3,1,17408,37,5141093341
5971,346955480,43904,346999384,0,9,0,512,5,2700687607
5972,346970496,5454,346975950,0,3,1,13824,37,1981065017
5973,346990747,5196,346995943,0,0,1,13312,40,8786458002
5974,347023751,566,347024317,0,9,1,512,5,2656486538
5975,347061675,4850,347066525,0,3,1,5120,37,2604636778
5976,347188572,5326,347193898,0,3,1,5632,37,5920579742
5977,347236058,54056,347290114,0,5,0,3584,7,8605987469
5978,347362645,566,347363211,0,4,1,512,33,2603025700
5979,347475496,12308,347487804,0,7,1,20480,22,10543072469
5980,347545989,109460,347655449,0,7,0,59392,22,3421317546
5981,347637393,81128,347718521,0,5,0,11776,7,6297415396
5982,347641308,5454,347646762,0,4,1,13824,33,394975865
5983,347711435,2946,347714381,0,4,1,3072,33,4271049571
5984,347722472,23983,347746455,0,7,1,39936,22,10421993460
5985,347802310,82820,347885130,0,0,0,12288,40,1815572773
5986,347888116,1518,347889634,0,0,1,1536,40,5056439526
5987,347948657,13858,347962515,0,0,1,23552,40,2927905526
5988,347970365,1042,347971407,0,0,1,1024,40,8059606887
5989,348011769,114920,348126689,0,0,0,77312,40,9617739788
5990,348026447,68684,348095131,0,7,0,11264,22,5754907855
5991,348083358,6278,348089636,0,4,1,6656,33,8313605514
5992,348127207,4850,348132057,0,4,1,5120,33,615186355
5993,348255129,1518,348256647,0,3,1,1536,37,967875240
5994,348291697,106652,348398349,0,0,0,50176,40,1176259170
5995,348407285,43904,348451189,0,9,0,512,5,8490339339
5996,348455057,24242,348479299,0,7,1,40448,22,7743019995
5997,348492476,4420,348496896,0,3,1,11776,37,242957741
5998,348513241,1518,348514759,0,3,1,1536,37,9844873552
5999,348559653,3422,348563075,0,0,1,3584,40,10560882423
6000,348679255,50828,348730083,0,7,0,3072,22,1774214751
6001,348699525,566,348700091,0,0,1,512,40,6606759901
6002,348765838,7706,348773544,0,0,1,8192,40,891798639
6003,348861340,58220,348919560,0,5,0,7168,7,8304922039
6004,348898904,67460,348966364,0,0,0,12288,40,2962656785
6005,348947776,6278,348954054,0,3,1,6656,37,4352259314
6006,348965921,2946,348968867,0,9,1,3072,5,4846590427
6007,349035328,25962,349061290,0,7,1,47104,22,8488557310
6008,349063679,45437,349109116,0,7,1,78336,22,7240080838
6009,349153432,199078,349352510,0,7,0,17408,22,4524322938
6010,349162956,2870,349165826,0,3,1,8704,37,6618439337
6011,349168631,106340,349274971,0,7,0,49152,22,7225991207
6012,349182265,1518,349183783,0,3,1,1536,37,7439176884
6013,349209486,113360,349322846,0,5,0,72192,7,3355186218
6014,349284144,194492,349478636,0,5,0,177152,7,6795214063
6015,349290919,1042,349291961,0,7,1,1024,22,2295461842
6016,349291402,194438,349485840,0,7,0,88576,22,4417432463
6017,349423844,1994,349425838,0,0,1,2048,40,2967668188
6018,349510950,6488,349517438,0,0,1,15872,40,6889586724
6019,349613919,46471,349660390,0,7,1,80384,22,2859620905
6020,349616924,120536,349737460,0,5,0,95744,7,9334810624
6021,349672529,102284,349774813,0,0,0,35840,40,3131498703
6022,349724668,1994,349726662,0,0,1,2048,40,3857526812
6023,349782287,2946,349785233,0,3,1,3072,37,6181001088
6024,349811443,13512,349824955,0,3,1,26112,37,761971844
6025,349933528,3898,349937426,0,3,1,4096,37,991297418
6026,350192216,101660,350293876,0,0,0,33792,40,3255951418
6027,350199949,62933,350262882,0,7,1,102400,22,9843408460
6028,350212382,1994,350214376,0,3,1,2048,37,2025940676
6029,350284121,52520,350336641,0,5,0,3584,7,3520424089
6030,350311731,1042,350312773,0,3,1,1024,37,9223734459
6031,350366061,50672,350416733,0,9,0,2560,5,5895572145
6032,350390331,6754,350397085,0,0,1,7168,40,7674104986
6033,350443993,43904,350487897,0,9,0,512,5,10089258228
6034,350455667,2870,350458537,0,7,1,8704,22,5779071752
6035,350495658,80084,350575742,0,5,0,18432,7,1813856587
6036,350519380,4162,350523542,0,7,1,11264,22,5896030993
6037,350606700,1042,350607742,0,3,1,1024,37,7659360988
6038,350631229,64988,350696217,0,7,0,9216,22,5131666617
6039,350662940,47288,350710228,0,3,0,1536,37,4232501263
6040,350668422,43904,350712326,0,9,0,512,5,5262160733
6041,350813067,99632,350912699,0,5,0,27136,7,9601786331
6042,350883516,2470,350885986,0,7,1,2560,22,3637339297
6043,350925234,45596,350970830,0,9,0,1024,5,7524801138
6044,350951261,114920,351066181,0,5,0,77312,7,7506101649
6045,351021767,90104,351111871,0,7,0,26112,22,956483655
6046,351026395,1518,351027913,0,8,1,1536,5,9978304479
6047,351072695,102284,351174979,0,5,0,35840,7,6802997973
6048,351202364,4374,351206738,0,8,1,4608,5,4121019472
6049,351208147,7230,351215377,0,4,1,7680,33,4122436633
6050,351211430,6754,351218184,0,7,1,7168,22,10040488902
6051,351254213,566,351254779,0,3,1,512,37,3891193335
6052,351282539,102752,351385291,0,5,0,37376,7,8486611157
6053,351298077,4374,351302451,0,3,1,4608,37,8185533531
6054,351389604,1518,351391122,0,3,1,1536,37,7988018350
6055,351425273,62516,351487789,0,7,0,6144,22,10704109437
6056,351524959,100412,351625371,0,0,0,29696,40,9051756234
6057,351557722,4850,351562572,0,0,1,5120,40,8878051313
6058,351563849,3387,351567236,0,4,1,9728,33,1129340559
6059,351774501,566,351775067,0,8,1,512,5,3855843834
6060,351797341,107120,351904461,0,0,0,51712,40,371699434
6061,351823538,121004,351944542,0,5,0,97280,7,8141189711
6062,351852678,5326,351858004,0,7,1,5632,22,4868536958
6063,351857254,1416,351858670,0,7,1,1024,22,858700618
6064,351924346,67592,351991938,0,0,0,7680,40,4593548997
6065,352012600,71624,352084224,0,5,0,15872,7,6601907949
6066,352059214,3422,352062636,0,0,1,3584,40,3601024417
6067,352155481,103376,352258857,0,7,0,39424,22,8560075433
6068,352164432,2470,352166902,0,8,1,2560,5,6579190712
6069,352166580,668,352167248,0,8,1,512,5,9095756492
6070,352168912,43904,352212816,0,3,0,512,37,4198637987
6071,352299819,72692,352372511,0,7,0,14336,22,3228724148
6072,352300329,2870,352303199,0,3,1,8704,37,4844215366
6073,352402486,1994,352404480,0,0,1,2048,40,7355251107
6074,352417396,1518,352418914,0,8,1,1536,5,2378126326
6075,352538180,5326,352543506,0,0,1,5632,40,6786777562
6076,352540552,566,352541118,0,4,1,512,33,3002444224
6077,352636447,2870,352639317,0,8,1,8704,5,8016157863
6078,352662918,4850,352667768,0,8,1,5120,5,6683489100
6079,352766117,102284,352868401,0,0,0,35840,40,8942629469
6080,352777137,2946,352780083,0,7,1,3072,22,5264464416
6081,352793311,1518,352794829,0,0,1,1536,40,4902848490
6082,352806279,1518,352807797,0,8,1,1536,5,4194141456
6083,352872709,1042,352873751,0,0,1,1024,40,5458143941
6084,352964659,43904,353008563,0,3,0,512,37,9121507482
6085,352977668,1042,352978710,0,3,1,1024,37,9359605036
6086,353002181,3898,353006079,0,3,1,4096,37,4633816802
6087,353081686,103688,353185374,0,0,0,40448,40,238541190
6088,353100580,45596,353146176,0,3,0,1024,37,3893829669
6089,353103341,47288,353150629,0,1,0,1536,38,3226282636
6090,353147051,113048,353260099,0,0,0,71168,40,807001329
6091,353159967,99632,353259599,0,5,0,27136,7,1307770747
6092,353212678,101816,353314494,0,7,0,34304,22,8655180885
6093,353219401,156413,353375814,0,7,0,74240,22,2362718261
6094,353221019,12049,353233068,0,3,1,19968,37,7193618056
6095,353269294,5802,353275096,0,7,1,6144,22,7832163662
6096,353271621,10757,353282378,0,0,1,17408,40,4454582257
6097,353305423,85001,353390424,0,7,0,5120,22,5238567010
6098,353312761,57596,353370357,0,0,0,5120,40,4212194557
6099,353329871,43904,353373775,0,9,0,512,5,3276856322
6100,353352790,2870,353355660,0,0,1,8704,40,4011270284
6101,353396280,138840,353535120,0,0,0,80896,40,2323234326
6102,353422444,89012,353511456,0,7,0,22528,22,2411813325
6103,353446613,5712,353452325,0,8,1,14336,5,98073603
6104,353535433,45596,353581029,0,1,0,1024,38,8314398063
6105,353546134,6754,353552888,0,4,1,7168,33,3345104861
6106,353699322,1518,353700840,0,8,1,1536,5,1591554401
6107,353784204,43904,353828108,0,7,0,512,22,6702896615
6108,353805761,80084,353885845,0,5,0,18432,7,7090561640
6109,353848584,2470,353851054,0,3,1,2560,37,2411020047
6110,353887456,139091,354026547,0,3,0,1536,37,791697661
6111,353916259,3898,353920157,0,7,1,4096,22,2543519619
6112,353932173,81596,354013769,0,0,0,13312,40,9645204857
6113,353998000,49292,354047292,0,3,0,3072,37,2361456413
6114,354001733,7706,354009439,0,0,1,8192,40,9877065484
6115,354012061,3128,354015189,0,6,1,9216,23,999084360
6116,354055046,7230,354062276,0,4,1,7680,33,4650336838
6117,354107091,4374,354111465,0,8,1,4608,5,7384205161
6118,354134556,2946,354137502,0,0,1,3072,40,518827499
6119,354134622,45596,354180218,0,9,0,1024,5,1818620637
6120,354201904,7230,354209134,0,4,1,7680,33,81706396
6121,354214603,45596,354260199,0,3,0,1024,37,7455387425
6122,354267348,104624,354371972,0,7,0,43520,22,6965791003
6123,354327476,43904,354371380,0,3,0,512,37,8110297124
6124,354380066,11016,354391082,0,0,1,17920,40,3897857312
6125,354418047,1042,354419089,0,4,1,1024,33,7925837823
6126,354425240,2870,354428110,0,6,1,8704,23,7694139863
6127,354468315,45596,354513911,0,3,0,1024,37,4240087387
6128,354470064,1042,354471106,0,0,1,1024,40,5138876114
6129,354532814,566,354533380,0,4,1,512,33,8311367057
6130,354561448,43904,354605352,0,1,0,512,38,5145613309
6131,354580340,10499,354590839,0,0,1,16896,40,4707800485
6132,354595100,566,354595666,0,4,1,512,33,9022269420
6133,354621735,5454,354627189,0,0,1,13824,40,5690606154
6134,354710494,123344,354833838,0,5,0,104960,7,3919471128
6135,354754499,96283,354850782,0,5,0,2048,7,10174970142
6136,354811678,43904,354855582,0,3,0,512,37,5596482041
6137,355140880,43904,355184784,0,1,0,512,38,1599271503
6138,355172829,62516,355235345,0,5,0,6144,7,6459178659
6139,355190788,1518,355192306,0,3,1,1536,37,5790688327
6140,355268390,45596,355313986,0,3,0,1024,37,5526980897
6141,355310912,282488,355593400,0,0,0,304640,40,1376023475
6142,355404241,45596,355449837,0,1,0,1024,38,10263523736
6143,355404679,63764,355468443,0,5,0,10240,7,3821894327
6144,355425770,3898,355429668,0,3,1,4096,37,9301449986
6145,355479529,5326,355484855,0,3,1,5632,37,5829446365
6146,355615551,24242,355639793,0,6,1,40448,23,4534113161
6147,355640247,3422,355643669,0,0,1,3584,40,5445863795
6148,355723325,43904,355767229,0,3,0,512,37,9935071563
6149,355734122,566,355734688,0,2,1,512,11,3469487281
6150,355810877,57596,355868473,0,0,0,5120,40,6521122932
6151,355811300,2946,355814246,0,7,1,3072,22,8622538630
6152,355873963,79304,355953267,0,5,0,15872,7,3070182421
6153,355899093,6754,355905847,0,0,1,7168,40,6959482048
6154,356003050,48980,356052030,0,3,0,2048,37,1372109420
6155,356034520,93128,356127648,0,7,0,15872,22,9654280795
6156,356038680,47288,356085968,0,1,0,1536,38,10414365202
6157,356048861,43904,356092765,0,1,0,512,38,1653661342
6158,356118781,32987,356151768,0,6,1,57344,23,8992691540
6159,356185634,55148,356240782,0,0,0,7168,40,5907445463
6160,356211943,2470,356214413,0,7,1,2560,22,3218815796
6161,356218812,43904,356262716,0,9,0,512,5,2775116961
6162,356224920,1994,356226914,0,0,1,2048,40,2933177211
6163,356243913,45596,356289509,0,0,0,1024,40,2455802560
6164,356355163,43904,356399067,0,1,0,512,38,1066734185
6165,356455198,2470,356457668,0,0,1,2560,40,4972892571
6166,356493486,101972,356595458,0,5,0,34816,7,3451626716
6167,356544302,175316,356719618,0,0,0,149504,40,119248021
6168,356586992,50672,356637664,0,1,0,2560,38,10581643113
6169,356617428,6278,356623706,0,0,1,6656,40,2208551559
6170,356705796,16284,356722080,0,0,1,2560,40,345842179
6171,356750022,111009,356861031,0,0,0,45056,40,6973105226
6172,356753360,4374,356757734,0,0,1,4608,40,6133215018
6173,356765658,51296,356816954,0,7,0,4608,22,9787353336
6174,356793096,51296,356844392,0,9,0,4608,5,4062151161
6175,356842013,45596,356887609,0,1,0,1024,38,8880713381
6176,356886649,45596,356932245,0,9,0,1024,5,3354407503
6177,356908569,91148,356999717,0,0,0,19456,40,6734174867
6178,356955670,4937,356960607,0,0,1,12800,40,10298908456
6179,356956162,85679,357041841,0,6,1,143360,23,6467487954
6180,357029187,5802,357034989,0,7,1,6144,22,2868087113
6181,357105137,85628,357190765,0,0,0,21504,40,3273428423
6182,357221194,52364,357273558,0,9,0,3072,5,7163843522
6183,357280857,43904,357324761,0,3,0,512,37,2227064137
6184,357281985,114764,357396749,0,0,0,76800,40,5118043803
6185,357311270,100401,357411671,0,0,0,8704,40,5520000982
6186,357393623,117104,357510727,0,5,0,84480,7,3832185027
6187,357539139,43904,357583043,0,9,0,512,5,5365754170
6188,357600774,79436,357680210,0,5,0,11264,7,3803397476
6189,357600782,4679,357605461,0,7,1,12288,22,3466995614
6190,357605654,79563,357685217,0,5,0,16384,7,8114260775
6191,357607476,161731,357769207,0,7,0,128512,22,1743664289
6192,357612576,14117,357626693,0,6,1,24064,23,1843155624
6193,357630776,5712,357636488,0,7,1,14336,22,2391357437
6194,357819826,86204,357906030,0,7,0,13312,22,7242067965
6195,357863166,4162,357867328,0,7,1,11264,22,788164107
6196,357920967,100256,358021223,0,0,0,29184,40,6779227925
6197,357946985,64988,358011973,0,7,0,9216,22,7476600912
6198,357960838,43904,358004742,0,1,0,512,38,7784181284
6199,357989105,23378,358012483,0,6,1,41984,23,5618492888
6200,357995366,4374,357999740,0,7,1,4608,22,45040197
6201,358054529,4679,358059208,0,7,1,12288,22,7289475168
6202,358073606,43904,358117510,0,1,0,512,38,3946811776
6203,358226488,45596,358272084,0,9,0,1024,5,8335388845
6204,358245258,4374,358249632,0,7,1,4608,22,5033407706
6205,358245903,32816,358278719,0,6,1,53760,23,420647784
6206,358291254,2946,358294200,0,0,1,3072,40,9735558236
6207,358416852,3904,358420756,0,6,1,10752,23,7437184975
6208,358458628,131300,358589928,0,7,0,131072,22,6523701276
6209,358605972,3422,358609394,0,7,1,3584,22,4115102747
6210,358650599,45596,358696195,0,3,0,1024,37,5618698818
6211,358670150,43904,358714054,0,1,0,512,38,1736281973
6212,358670383,566,358670949,0,0,1,512,40,3850832530
6213,358676411,103220,358779631,0,5,0,38912,7,10539434279
6214,358678948,104780,358783728,0,7,0,44032,22,8441305291
6215,358746081,45596,358791677,0,9,0,1024,5,7122302830
6216,358829805,73004,358902809,0,5,0,15360,7,6404392944
6217,358854296,3898,358858194,0,7,1,4096,22,3165860752
6218,359006290,5454,359011744,0,6,1,13824,23,8647769947
6219,359007130,43904,359051034,0,3,0,512,37,3208028614
6220,359028186,45596,359073782,0,3,0,1024,37,9434746371
6221,359103761,54836,359158597,0,7,0,6144,22,8796795957
6222,359170512,2946,359173458,0,0,1,3072,40,5363738095
6223,359232798,213680,359446478,0,7,0,240128,22,5409787181
6224,359249485,198108,359447593,0,7,0,3584,22,7995722625
6225,359273152,177732,359450884,0,7,0,10752,22,9888725170
6226,359322769,4850,359327619,0,4,1,5120,33,3908240272
6227,359373913,52364,359426277,0,1,0,3072,38,5356928897
6228,359381784,43904,359425688,0,3,0,512,37,2882725009
6229,359402010,147680,359549690,0,7,0,38912,22,6643822865
6230,359407744,43904,359451648,0,9,0,512,5,2731057869
6231,359430140,1518,359431658,0,2,1,1536,11,8666830593
6232,359486149,1994,359488143,0,7,1,2048,22,1012639030
6233,359505356,47288,359552644,0,5,0,1536,7,8182334451
6234,359604731,23208,359627939,0,4,1,38400,33,9247824812
6235,359662676,52832,359715508,0,5,0,4608,7,5695529912
6236,359674422,57908,359732330,0,5,0,6144,7,3494028252
6237,359740638,116792,359857430,0,5,0,83456,7,1700252908
6238,359741003,43904,359784907,0,1,0,512,38,3234083739
6239,359747371,47288,359794659,0,9,0,1536,5,4744722855
6240,359796383,65768,359862151,0,7,0,11776,22,10030524049
6241,359812215,1042,359813257,0,0,1,1024,40,5687184777
6242,359862061,6570,359868631,0,7,1,15872,22,3413691625
6243,359869988,23466,359893454,0,0,1,38912,40,7215863096
6244,359974633,5802,359980435,0,4,1,6144,33,5605747366
6245,360012635,43904,360056539,0,3,0,512,37,4946751129
6246,360028419,45596,360074015,0,1,0,1024,38,8885195649
6247,360056859,68528,360125387,0,0,0,10752,40,1048653754
6248,360223659,2870,360226529,0,0,1,8704,40,3286225475
6249,360267572,5326,360272898,0,4,1,5632,33,9711904583
6250,360282960,77900,360360860,0,0,0,11264,40,3335379754
6251,360350955,48980,360399935,0,3,0,2048,37,194449042
6252,360457052,169172,360626224,0,0,0,149504,40,6275664328
6253,360458018,43904,360501922,0,1,0,512,38,1970447258
6254,360538683,3898,360542581,0,7,1,4096,22,9919350928
6255,360555307,2470,360557777,0,4,1,2560,33,10294947944
6256,360591607,3898,360595505,0,7,1,4096,22,393153224
6257,360638544,45596,360684140,0,0,0,1024,40,6172042631
6258,360674881,2946,360677827,0,7,1,3072,22,3735115486
6259,360680266,47288,360727554,0,9,0,1536,5,8479970645
6260,360747608,99008,360846616,0,7,0,25088,22,9436566420
6261,360801014,47288,360848302,0,7,0,1536,22,6663704925
6262,360819153,2870,360822023,0,4,1,8704,33,622121305
6263,360958994,566,360959560,0,3,1,512,37,6809098339
6264,360964222,43904,361008126,0,3,0,512,37,319430521
6265,360966027,6278,360972305,0,3,1,6656,37,3253636725
6266,360973964,47288,361021252,0,7,0,1536,22,2804678608
6267,360999797,4374,361004171,0,0,1,4608,40,6299736508
6268,361004774,1994,361006768,0,4,1,2048,33,4376943995
6269,361132371,3645,361136016,0,4,1,10240,33,3720377841
6270,361169530,43904,361213434,0,1,0,512,38,6497709805
6271,361175839,1994,361177833,0,0,1,2048,40,8791303396
6272,361207576,2946,361210522,0,4,1,3072,33,8339085664
6273,361211570,43904,361255474,0,9,0,512,5,578676209
6274,361233406,4850,361238256,0,0,1,5120,40,6554880357
6275,361354283,43904,361398187,0,9,0,512,5,10124888156
6276,361386643,3422,361390065,0,3,1,3584,37,8987169690
6277,361427185,5712,361432897,0,3,1,14336,37,7167109511
6278,361542578,47288,361589866,0,9,0,1536,5,9698099077
6279,361664138,101192,361765330,0,5,0,32256,7,9936772710
6280,361683354,3387,361686741,0,7,1,9728,22,4854344539
6281,361767440,101816,361869256,0,5,0,34304,7,5224762346
6282,361775305,47288,361822593,0,7,0,1536,22,2833632045
6283,362260243,103532,362363775,0,0,0,39936,40,2575026672
6284,362272462,124904,362397366,0,5,0,110080,7,3958130626
6285,362315589,52364,362367953,0,1,0,3072,38,2607987328
6286,362356672,3422,362360094,0,3,1,3584,37,7576186383
6287,362389521,1994,362391515,0,3,1,2048,37,7829989022
6288,362448363,45596,362493959,0,9,0,1024,5,9525853125
6289,362480030,50828,362530858,0,7,0,3072,22,6763481980
6290,362665384,49448,362714832,0,0,0,3584,40,4426755035
6291,362736896,43904,362780800,0,3,0,512,37,5645526408
6292,362748348,45596,362793944,0,1,0,1024,38,9128168364
6293,362756663,70976,362827639,0,5,0,8704,7,5505128102
6294,362801957,1042,362802999,0,3,1,1024,37,9138441826
6295,362865289,1994,362867283,0,3,1,2048,37,6161008812
6296,362933592,2870,362936462,0,3,1,8704,37,3453940257
6297,363156071,98540,363254611,0,5,0,23552,7,5871544093
6298,363178868,137957,363316825,0,5,0,50176,7,6360973009
6299,363179877,3128,363183005,0,1,1,9216,38,6165294389
6300,363212653,45596,363258249,0,1,0,1024,38,4867100409
6301,363231801,5712,363237513,0,3,1,14336,37,9181344538
6302,363316028,106184,363422212,0,0,0,48640,40,1612000485
6303,363320694,47288,363367982,0,9,0,1536,5,5292360465
6304,363378241,23637,363401878,0,1,1,42496,38,1863109795
6305,363412658,2946,363415604,0,3,1,3072,37,2620910606
6306,363436930,43904,363480834,0,3,0,512,37,2723957995
6307,363479624,99944,363579568,0,5,0,28160,7,4771312732
6308,363502651,105351,363608002,0,5,0,24576,7,643134006
6309,363519538,45596,363565134,0,1,0,1024,38,4211699161
6310,363524214,1518,363525732,0,5,1,1536,7,4959188206
6311,363635158,7706,363642864,0,5,1,8192,7,2165820787
6312,363648441,45596,363694037,0,7,0,1024,22,3664133088
6313,363665679,43904,363709583,0,3,0,512,37,9025039255
6314,363679494,1042,363680536,0,3,1,1024,37,3738412689
6315,363728730,45908,363774638,0,9,0,2048,5,6156946907
6316,363824736,80864,363905600,0,0,0,20992,40,5745105481
6317,363842811,5326,363848137,0,1,1,5632,38,8898181269
6318,363869700,2470,363872170,0,1,1,2560,38,2716441382
6319,363898338,48980,363947318,0,9,0,2048,5,6364773250
6320,363932097,1518,363933615,0,3,1,1536,37,5449988171
6321,364099639,52364,364152003,0,0,0,3072,40,860664869
6322,364141623,2946,364144569,0,3,1,3072,37,6420309404
6323,364180541,5196,364185737,0,5,1,13312,7,4700072501
6324,364228636,55748,364284384,0,0,0,4096,40,7925129885
6325,364268964,50672,364319636,0,7,0,2560,22,5066467523
6326,364354745,43904,364398649,0,0,0,512,40,4511368840
6327,364358898,47288,364406186,0,3,0,1536,37,2645759729
6328,364360656,43904,364404560,0,1,0,512,38,10315560273
6329,364360831,48980,364409811,0,0,0,2048,40,3893797466
6330,364384888,2470,364387358,0,1,1,2560,38,3171974425
6331,364391618,45596,364437214,0,7,0,1024,22,7626949801
6332,364401825,137488,364539313,0,1,0,1024,38,3504938247
6333,364453573,566,364454139,0,3,1,512,37,10694076945
6334,364464784,43904,364508688,0,3,0,512,37,5595223705
6335,364618431,2470,364620901,0,5,1,2560,7,6869246962
6336,364671066,45596,364716662,0,3,0,1024,37,9834577027
6337,364678632,45596,364724228,0,9,0,1024,5,309215249
6338,364685631,45596,364731227,0,1,0,1024,38,2951283438
6339,364730368,52364,364782732,0,0,0,3072,40,138710058
6340,364870978,45596,364916574,0,7,0,1024,22,8231825219
6341,364886802,3898,364890700,0,3,1,4096,37,3777481245
6342,364886925,43904,364930829,0,1,0,512,38,361361965
6343,364902336,1994,364904330,0,5,1,2048,7,5038740696
6344,364965095,43904,365008999,0,3,0,512,37,6692098947
6345,364967458,158651,365126109,0,5,0,82944,7,8373488232
6346,365128853,43904,365172757,0,7,0,512,22,600801268
6347,365253537,63608,365317145,0,5,0,9728,7,7816344054
6348,365274546,43904,365318450,0,0,0,512,40,8860660183
6349,365308138,45596,365353734,0,9,0,1024,5,7976720954
6350,365396346,50672,365447018,0,1,0,2560,38,10335323370
6351,365442498,3128,365445626,0,4,1,9216,33,9339862534
6352,365486558,5326,365491884,0,6,1,5632,23,2220268608
6353,365489747,43904,365533651,0,0,0,512,40,7659013902
6354,365517612,5802,365523414,0,5,1,6144,7,9994007416
6355,365526797,43904,365570701,0,1,0,512,38,3568306452
6356,365567541,2946,365570487,0,5,1,3072,7,1718206572
6357,365626206,3422,365629628,0,3,1,3584,37,10380514078
6358,365773397,47288,365820685,0,7,0,1536,22,2943661841
6359,365783452,90392,365873844,0,5,0,22016,7,2129869508
6360,365811282,13858,365825140,0,6,1,23552,23,2766715889
6361,365953747,33333,365987080,0,6,1,54784,23,6186074870
6362,366007200,13083,366020283,0,0,1,22016,40,6318357296
6363,366063628,43904,366107532,0,1,0,512,38,385610484
6364,366137674,43904,366181578,0,0,0,512,40,6002292213
6365,366167273,3422,366170695,0,5,1,3584,7,384512299
6366,366306635,4850,366311485,0,3,1,5120,37,5200439138
6367,366353503,7706,366361209,0,5,1,8192,7,522856079
6368,366477616,43904,366521520,0,0,0,512,40,7011135892
6369,366482512,7230,366489742,0,3,1,7680,37,9001281981
6370,366553085,5454,366558539,0,9,1,13824,5,4247335732
6371,366566472,100568,366667040,0,5,0,30208,7,2056064695
6372,366716443,102128,366818571,0,5,0,35328,7,9198343275
6373,366921819,56752,366978571,0,3,0,1024,37,2785660078
6374,366932811,566,366933377,0,3,1,512,37,1016937743
6375,366962386,6754,366969140,0,5,1,7168,7,145085941
6376,366988596,90180,367078776,0,3,0,512,37,5462772484
6377,366989061,112736,367101797,0,5,0,70144,7,2696241179
6378,367096056,2470,367098526,0,3,1,2560,37,1120962914
6379,367107100,45596,367152696,0,7,0,1024,22,5653329527
6380,367219405,1042,367220447,0,6,1,1024,23,7919848699
6381,367260892,45596,367306488,0,0,0,1024,40,1065060516
6382,367455176,1994,367457170,0,5,1,2048,7,3446231221
6383,367464298,43904,367508202,0,9,0,512,5,6204729858
6384,367553129,1994,367555123,0,5,1,2048,7,5456922682
6385,367556548,4679,367561227,0,3,1,12288,37,2817324538
6386,367572265,12566,367584831,0,6,1,20992,23,5402545462
6387,367586063,7230,367593293,0,5,1,7680,7,10580015495
6388,367706458,3422,367709880,0,5,1,3584,7,6271263432
6389,367736127,7230,367743357,0,6,1,7680,23,1824986327
6390,367757984,566,367758550,0,5,1,512,7,9523996048
6391,367763933,45596,367809529,0,1,0,1024,38,1946296980
6392,367768312,48980,367817292,0,1,0,2048,38,10466038382
6393,367787503,47288,367834791,0,9,0,1536,5,6337532454
6394,367855884,45596,367901480,0,0,0,1024,40,1460430439
6395,367867682,2470,367870152,0,3,1,2560,37,5696970158
6396,367885251,43904,367929155,0,7,0,512,22,4071778198
6397,367938670,2470,367941140,0,3,1,2560,37,2900330758
6398,368005751,43904,368049655,0,9,0,512,5,549014233
6399,368029525,43904,368073429,0,7,0,512,22,6491550251
6400,368038045,112424,368150469,0,5,0,69120,7,6942234877
6401,368112244,102941,368215185,0,5,0,32256,7,9747577638
6402,368121218,111199,368232417,0,5,0,38400,7,349825948
6403,368175954,4679,368180633,0,3,1,12288,37,4481736605
6404,368183093,72024,368255117,0,6,1,116736,23,8189157741
6405,368210121,66501,368276622,0,6,1,78336,23,4624921741
6406,368271270,23983,368295253,0,6,1,39936,23,1155028927
6407,368380678,43904,368424582,0,0,0,512,40,9082604227
6408,368387333,43904,368431237,0,7,0,512,22,7577017900
6409,368393248,4420,368397668,0,3,1,11776,37,3743514937
6410,368455934,1518,368457452,0,6,1,1536,23,4174876366
6411,368475138,22433,368497571,0,6,1,36864,23,9453039772
6412,368509301,69284,368578585,0,5,0,8192,7,6444816109
6413,368564335,2470,368566805,0,5,1,2560,7,3223668522
6414,368571548,113080,368684628,0,5,0,60928,7,9731998815
6415,368605831,43904,368649735,0,3,0,512,37,5172209439
6416,368677745,54056,368731801,0,0,0,3584,40,6927986381
6417,368744114,45596,368789710,0,3,0,1024,37,2502855132
6418,368756067,566,368756633,0,5,1,512,7,5113475716
6419,368822470,4679,368827149,0,5,1,12288,7,271063933
6420,368827932,45596,368873528,0,1,0,1024,38,2890178171
6421,368902272,47288,368949560,0,0,0,1536,40,2150958767
6422,368986958,48980,369035938,0,0,0,2048,40,609577807
6423,368988585,45596,369034181,0,3,0,1024,37,4405280740
6424,368996112,3645,368999757,0,6,1,10240,23,9215048573
6425,369090959,43904,369134863,0,1,0,512,38,6285059387
6426,369098553,43904,369142457,0,0,0,512,40,6132192920
6427,369141328,47288,369188616,0,3,0,1536,37,8252200668
6428,369143754,45596,369189350,0,0,0,1024,40,2554289145
6429,369170145,43904,369214049,0,0,0,512,40,7620739982
6430,369178279,50672,369228951,0,9,0,2560,5,9290421130
6431,369187956,47288,369235244,0,7,0,1536,22,881124736
6432,369249662,47288,369296950,0,7,0,1536,22,9230524265
6433,369264766,43904,369308670,0,3,0,512,37,9380013712
6434,369276891,5971,369282862,0,6,1,14848,23,2558969044
6435,369277429,43904,369321333,0,7,0,512,22,3793340951
6436,369382469,43904,369426373,0,9,0,512,5,8435982479
6437,369411720,43904,369455624,0,1,0,512,38,3676904567
6438,369419104,47288,369466392,0,7,0,1536,22,8806150543
6439,369430183,48980,369479163,0,0,0,2048,40,4480911019
6440,369442205,74384,369516589,0,5,0,14848,7,8746386065
6441,369514802,94083,369608885,0,6,1,153088,23,2274926663
6442,369605978,43904,369649882,0,9,0,512,5,2413611416
6443,369735963,45596,369781559,0,1,0,1024,38,5709969588
6444,369773975,48980,369822955,0,1,0,2048,38,4624071011
6445,369801034,13770,369814804,0,6,1,26624,23,3700097666
6446,369804548,102440,369906988,0,7,0,36352,22,9833663986
6447,369864896,87788,369952684,0,5,0,23552,7,965010091
6448,369892857,47288,369940145,0,9,0,1536,5,3804611010
6449,369932696,118352,370051048,0,7,0,88576,22,6803699989
6450,370136913,45596,370182509,0,0,0,1024,40,715925717
6451,370241059,52364,370293423,0,9,0,3072,5,6701988881
6452,370359682,45596,370405278,0,1,0,1024,38,8028025131
6453,370367122,1518,370368640,0,5,1,1536,7,2670458151
6454,370456362,1042,370457404,0,5,1,1024,7,6598366173
6455,370507455,43904,370551359,0,1,0,512,38,2229754861
6456,370578628,1994,370580622,0,5,1,2048,7,1323839871
6457,370615859,43904,370659763,0,0,0,512,40,8319039840
6458,370701928,2470,370704398,0,5,1,2560,7,7857226470
6459,370704681,47288,370751969,0,0,0,1536,40,3513764757
6460,370750727,43904,370794631,0,1,0,512,38,9625267225
6461,370841842,43904,370885746,0,0,0,512,40,912536669
6462,370855629,92972,370948601,0,5,0,15360,7,7025584286
6463,370991127,43904,371035031,0,9,0,512,5,6749116399
6464,371010940,43904,371054844,0,0,0,512,40,6083477857
6465,371063057,5326,371068383,0,9,1,5632,5,9857067930
6466,371066615,4354,371070969,0,9,1,4096,5,7285618875
6467,371069623,43904,371113527,0,1,0,512,38,3534408197
6468,371072078,2470,371074548,0,9,1,2560,5,10431495745
6469,371154118,25187,371179305,0,6,1,45568,23,3613046978
6470,371235587,72541,371308128,0,6,1,117760,23,1398697507
6471,371245391,194024,371439415,0,7,0,175616,22,4967313309
6472,371320177,12308,371332485,0,6,1,20480,23,9104563697
6473,371420459,2946,371423405,0,9,1,3072,5,7380401810
6474,371476746,121004,371597750,0,7,0,97280,22,9626045054
6475,371553940,43904,371597844,0,0,0,512,40,4811774741
6476,371578982,1518,371580500,0,6,1,1536,23,9032631046
6477,371625732,50672,371676404,0,1,0,2560,38,3474024880
6478,371771895,5802,371777697,0,9,1,6144,5,10416932918
6479,371811603,43904,371855507,0,9,0,512,5,5485773988
6480,371834468,566,371835034,0,5,1,512,7,5988837002
6481,371948920,45596,371994516,0,1,0,1024,38,9530158946
6482,371965210,43904,372009114,0,3,0,512,37,3081513478
6483,371975612,68840,372044452,0,5,0,11776,7,8330102221
6484,372086503,2946,372089449,0,5,1,3072,7,2839142147
6485,372202105,2470,372204575,0,7,1,2560,22,4880347144
6486,372206964,101972,372308936,0,5,0,34816,7,10371073838
6487,372276756,566,372277322,0,5,1,512,7,8341898716
6488,372301192,45596,372346788,0,1,0,1024,38,4304746280
6489,372395103,12995,372408098,0,6,1,25088,23,1912677140
6490,372454936,45596,372500532,0,1,0,1024,38,8113704182
6491,372499543,45596,372545139,0,9,0,1024,5,6400266884
6492,372526337,43904,372570241,0,1,0,512,38,9834344911
6493,372580260,47288,372627548,0,0,0,1536,40,6079165305
6494,372760427,43904,372804331,0,1,0,512,38,140915864
6495,372765118,1994,372767112,0,9,1,2048,5,1391580521
6496,372809925,47288,372857213,0,9,0,1536,5,9111579359
6497,372851780,3898,372855678,0,7,1,4096,22,4737622876
6498,372901128,5326,372906454,0,6,1,5632,23,8943247676
6499,372934972,3128,372938100,0,4,1,9216,33,7350668990
6500,372960340,72848,373033188,0,7,0,14848,22,6935284236
6501,372999568,45908,373045476,0,5,0,2048,7,1151975774
6502,373200581,43904,373244485,0,9,0,512,5,4529647010
6503,373219873,24929,373244802,0,6,1,45056,23,6082350697
6504,373240882,54056,373294938,0,5,0,3584,7,2233739982
6505,373261900,1518,373263418,0,7,1,1536,22,3288156859
6506,373275241,5326,373280567,0,9,1,5632,5,96101806
6507,373308839,6754,373315593,0,4,1,7168,33,10038699784
6508,373364572,7230,373371802,0,6,1,7680,23,6969309844
6509,373376640,45596,373422236,0,0,0,1024,40,3252233592
6510,373419910,1518,373421428,0,6,1,1536,23,8298617573
6511,373423349,1518,373424867,0,9,1,1536,5,6610652462
6512,373453133,45596,373498729,0,5,0,1024,7,5110875000
6513,373487287,4374,373491661,0,4,1,4608,33,2122724892
6514,373523543,47288,373570831,0,0,0,1536,40,9029502247
6515,373618052,45596,373663648,0,5,0,1024,7,5356970572
6516,373697995,4850,373702845,0,5,1,5120,7,764287993
6517,373708226,47288,373755514,0,3,0,1536,37,4112409840
6518,373730386,2470,373732856,0,4,1,2560,33,5864141342
6519,373745998,10757,373756755,0,7,1,17408,22,4188237604
6520,373750053,43904,373793957,0,9,0,512,5,8116600582
6521,373750597,43904,373794501,0,3,0,512,37,8691836938
6522,373864979,95648,373960627,0,1,0,29184,38,9024089792
6523,373899826,43904,373943730,0,5,0,512,7,4155795424
6524,373901566,45596,373947162,0,9,0,1024,5,10169506841
6525,373929919,3898,373933817,0,4,1,4096,33,1136137337
6526,373973821,4850,373978671,0,5,1,5120,7,1223525337
6527,374007936,1994,374009930,0,5,1,2048,7,9828959372
6528,374035660,10241,374045901,0,6,1,16384,23,448814736
6529,374041243,47288,374088531,0,0,0,1536,40,4797445031
6530,374072084,43904,374115988,0,5,0,512,7,6866079184
6531,374164450,113828,374278278,0,7,0,73728,22,9720933083
6532,374168621,43904,374212525,0,5,0,512,7,8769634543
6533,374257988,126437,374384425,0,6,1,209408,23,143600427
6534,374314516,45596,374360112,0,5,0,1024,7,4666359619
6535,374321545,12825,374334370,0,4,1,21504,33,7541011611
6536,374333888,45596,374379484,0,2,0,1024,11,7193696891
6537,374348722,90860,374439582,0,2,0,23552,11,1119790381
6538,374349119,96980,374446099,0,1,0,18432,38,759251326
6539,374405290,1042,374406332,0,4,1,1024,33,5492987208
6540,374431131,1994,374433125,0,9,1,2048,5,3947524825
6541,374521285,101504,374622789,0,1,0,33280,38,9836009786
6542,374619107,43904,374663011,0,5,0,512,7,10556640918
6543,374646177,3898,374650075,0,9,1,4096,5,8780392548
6544,374674640,73628,374748268,0,1,0,17408,38,3156150222
6545,374681643,7706,374689349,0,6,1,8192,23,9357198910
6546,374709978,566,374710544,0,0,1,512,40,1898371582
6547,374746038,73354,374819392,0,1,0,9216,38,10205767242
6548,374813175,13253,374826428,0,6,1,25600,23,5707041009
6549,374844604,120068,374964672,0,1,0,94208,38,8157941581
6550,374860067,43716,374903783,0,6,1,71680,23,2687529985
6551,374931961,50672,374982633,0,9,0,2560,5,8870283223
6552,375018064,3387,375021451,0,0,1,9728,40,4424229012
6553,375029793,1518,375031311,0,3,1,1536,37,1152155971
6554,375034763,51774,375086537,0,6,1,83968,23,9235808287
6555,375051434,4850,375056284,0,9,1,5120,5,887123875
6556,375057347,98876,375156223,0,1,0,29696,38,1205974817
6557,375072801,1042,375073843,0,9,1,1024,5,4331486624
6558,375136559,109928,375246487,0,7,0,60928,22,3198025037
6559,375156216,1518,375157734,0,5,1,1536,7,7401420774
6560,375163231,84512,375247743,0,2,0,12800,11,10319755899
6561,375178761,6278,375185039,0,5,1,6656,7,4488727819
6562,375196362,16613,375212975,0,6,1,32256,23,1277843745
6563,375205669,1042,375206711,0,0,1,1024,40,2358220982
6564,375233996,85151,375319147,0,7,0,9216,22,4688904358
6565,375236501,566,375237067,0,9,1,512,5,7776258282
6566,375245250,4162,375249412,0,9,1,11264,5,1691878844
6567,375317866,47288,375365154,0,9,0,1536,5,5528555151
6568,375345132,2946,375348078,0,9,1,3072,5,8822601644
6569,375413051,43904,375456955,0,3,0,512,37,1816903034
6570,375493206,1994,375495200,0,5,1,2048,7,4241443088
6571,375506058,54012,375560070,0,6,1,91648,23,4497487941
6572,375542721,48980,375591701,0,9,0,2048,5,953215415
6573,375640446,45596,375686042,0,3,0,1024,37,6621114253
6574,375686743,43904,375730647,0,5,0,512,7,1723012889
6575,375771262,45596,375816858,0,9,0,1024,5,8164234809
6576,375792680,103688,375896368,0,1,0,40448,38,698689472
6577,375814022,2470,375816492,0,4,1,2560,33,5597858210
6578,375869342,5802,375875144,0,0,1,6144,40,8676881387
6579,375872182,62516,375934698,0,2,0,6144,11,7317006886
6580,375909393,43904,375953297,0,5,0,512,7,4774448442
6581,376025175,105248,376130423,0,2,0,45568,11,6120889585
6582,376101254,566,376101820,0,9,1,512,5,7827392699
6583,376231535,43904,376275439,0,9,0,512,5,7953790762
6584,376250941,4420,376255361,0,0,1,11776,40,4263312215
6585,376278737,80840,376359577,0,1,0,15872,38,1917364823
6586,376300096,1994,376302090,0,0,1,2048,40,10634946794
6587,376383095,566,376383661,0,0,1,512,40,10268806896
6588,376514171,198704,376712875,0,7,0,190976,22,9348979048
6589,376520150,51257,376571407,0,6,1,82944,23,325355106
6590,376520813,108410,376629223,0,7,0,7168,22,6191572541
6591,376573157,81302,376654459,0,7,0,2048,22,7425519326
6592,376586422,47288,376633710,0,0,0,1536,40,498503188
6593,376592111,23983,376616094,0,6,1,39936,23,10220227167
6594,376618556,5326,376623882,0,7,1,5632,22,2317205925
6595,376658070,43904,376701974,0,9,0,512,5,5066837477
6596,376667339,47288,376714627,0,3,0,1536,37,6319904218
6597,376670315,45596,376715911,0,9,0,1024,5,4506620156
6598,376825753,43904,376869657,0,0,0,512,40,6862497456
6599,376849608,43904,376893512,0,9,0,512,5,4518691270
6600,376894973,4420,376899393,0,0,1,11776,40,9506535697
6601,376914170,15837,376930007,0,6,1,30720,23,4197601179
6602,376930683,34795,376965478,0,6,1,60928,23,4495518883
6603,376931704,43904,376975608,0,9,0,512,5,6869604471
6604,376941014,44628,376985642,0,6,1,64000,23,5201543232
6605,377037268,47288,377084556,0,3,0,1536,37,6091874163
6606,377090741,43904,377134645,0,0,0,512,40,7193227432
6607,377181589,54056,377235645,0,3,0,3584,37,674793073
6608,377191489,45596,377237085,0,5,0,1024,7,6016960457
6609,377257913,3128,377261041,0,5,1,9216,7,3834600890
6610,377273676,43904,377317580,0,9,0,512,5,9558343825
6611,377322513,4850,377327363,0,0,1,5120,40,9686837156
6612,377347547,48980,377396527,0,5,0,2048,7,10222448439
6613,377401493,105751,377507244,0,0,0,1024,40,7555774856
6614,377406087,47288,377453375,0,0,0,1536,40,5232807680
6615,377414138,1518,377415656,0,9,1,1536,5,4435744672
6616,377469054,67592,377536646,0,2,0,7680,11,5108200323
6617,377507344,4937,377512281,0,1,1,12800,38,799148764
6618,377512364,43904,377556268,0,5,0,512,7,1733828887
6619,377516947,566,377517513,0,4,1,512,33,4780091414
6620,377522490,41908,377564398,0,6,1,68096,23,4257562617
6621,377536317,2946,377539263,0,5,1,3072,7,10584333334
6622,377592035,3422,377595457,0,4,1,3584,33,3986366628
6623,377600516,12566,377613082,0,9,1,20992,5,4844301821
6624,377720513,4850,377725363,0,6,1,5120,23,9769721552
6625,377722843,2866,377725709,0,6,1,512,23,9271662719
6626,377746794,45596,377792390,0,3,0,1024,37,8963257817
6627,377750760,3645,377754405,0,9,1,10240,5,8984742707
6628,377754541,2470,377757011,0,6,1,2560,23,8019323403
6629,377989051,181484,378170535,0,2,0,154624,11,7052834209
6630,378070220,45596,378115816,0,3,0,1024,37,10687688609
6631,378092483,566,378093049,0,5,1,512,7,7958350400
6632,378100997,3898,378104895,0,0,1,4096,40,8648358893
6633,378109270,3645,378112915,0,6,1,10240,23,7344428914
6634,378132439,47288,378179727,0,3,0,1536,37,5534209675
6635,378155528,3422,378158950,0,4,1,3584,33,3484160886
6636,378167030,43904,378210934,0,0,0,512,40,3738091414
6637,378190751,6754,378197505,0,0,1,7168,40,1434963340
6638,378200375,60824,378261199,0,7,0,5632,22,202917862
6639,378314793,6278,378321071,0,0,1,6656,40,9715329044
6640,378345803,106340,378452143,0,2,0,49152,11,339110544
6641,378357512,43904,378401416,0,5,0,512,7,10488360653
6642,378412064,209780,378621844,0,5,0,227328,7,7410824094
6643,378419436,566,378420002,0,6,1,512,23,10583147110
6644,378443860,192378,378636238,0,5,0,46592,7,9039073153
6645,378468707,111332,378580039,0,7,0,65536,22,9840451543
6646,378490095,117884,378607979,0,2,0,87040,11,9429437578
6647,378497327,100568,378597895,0,1,0,30208,38,5677539192
6648,378550929,1042,378551971,0,0,1,1024,40,1996284942
6649,378591099,47288,378638387,0,9,0,1536,5,6215015992
6650,378635976,43904,378679880,0,3,0,512,37,7515986732
6651,378784033,1042,378785075,0,7,1,1024,22,1150207269
6652,378823978,45596,378869574,0,0,0,1024,40,4549826272
6653,378902368,566,378902934,0,0,1,512,40,8897201831
6654,378940769,1042,378941811,0,0,1,1024,40,3001456873
6655,378959993,4374,378964367,0,9,1,4608,5,1476212953
6656,378993841,43904,379037745,0,3,0,512,37,10543650656
6657,379092964,110084,379203048,0,2,0,61440,11,3880915468
6658,379096212,7230,379103442,0,0,1,7680,40,9900997175
6659,379161057,5326,379166383,0,6,1,5632,23,6997954677
6660,379174481,5802,379180283,0,9,1,6144,5,6350639025
6661,379174744,98984,379273728,0,2,0,18944,11,9316881778
6662,379190501,74672,379265173,0,5,0,10752,7,9682502554
6663,379225196,143144,379368340,0,1,0,134656,38,8550419488
6664,379252054,47288,379299342,0,3,0,1536,37,7348736909
6665,379285553,566,379286119,0,4,1,512,33,6409036735
6666,379293420,2946,379296366,0,0,1,3072,40,5779497600
6667,379422948,4937,379427885,0,4,1,12800,33,10396265559
6668,379437899,98252,379536151,0,2,0,27648,11,7597969478
6669,379443697,47288,379490985,0,3,0,1536,37,8543894913
6670,379449581,5326,379454907,0,5,1,5632,7,8301391063
6671,379451612,3898,379455510,0,6,1,4096,23,5167263483
6672,379453349,4427,379457776,0,6,1,3584,23,3501658468
6673,379455448,5802,379461250,0,9,1,6144,5,7759143885
6674,379515297,1518,379516815,0,0,1,1536,40,10175051963
6675,379576061,25187,379601248,0,3,1,45568,37,9629223946
6676,379578939,4162,379583101,0,9,1,11264,5,312863860
6677,379585028,100880,379685908,0,7,0,31232,22,1639266104
6678,379666161,566,379666727,0,6,1,512,23,2041267874
6679,379776544,7706,379784250,0,7,1,8192,22,5477147459
6680,379778477,65900,379844377,0,2,0,7168,11,371621472
6681,379822624,7230,379829854,0,2,1,7680,11,805250020
6682,379866546,1042,379867588,0,0,1,1024,40,9749608186
6683,379869709,43904,379913613,0,9,0,512,5,3649814943
6684,379907153,7230,379914383,0,6,1,7680,23,4714478145
6685,379915752,3645,379919397,0,5,1,10240,7,4628455424
6686,379918445,2946,379921391,0,7,1,3072,22,837995177
6687,379925511,1994,379927505,0,4,1,2048,33,5474098879
6688,379966701,1994,379968695,0,2,1,2048,11,5241147282
6689,379967341,43904,380011245,0,0,0,512,40,2110746675
6690,379973720,5326,379979046,0,4,1,5632,33,2044109938
6691,379976942,5326,379982268,0,7,1,5632,22,5598136333
6692,380020986,2870,380023856,0,5,1,8704,7,1590533970
6693,380038739,2946,380041685,0,5,1,3072,7,4528283107
6694,380105957,194336,380300293,0,7,0,176640,22,6770669262
6695,380143211,1042,380144253,0,7,1,1024,22,5671230099
6696,380145318,3645,380148963,0,0,1,10240,40,9210723459
6697,380151312,43904,380195216,0,0,0,512,40,3747633623
6698,380163115,1994,380165109,0,9,1,2048,5,1320913751
6699,380191528,2946,380194474,0,0,1,3072,40,9992642590
6700,380234479,50672,380285151,0,1,0,2560,38,181773713
6701,380269462,137163,380406625,0,7,0,49152,22,1044373445
6702,380286378,45596,380331974,0,5,0,1024,7,1756453387
6703,380323446,4162,380327608,0,7,1,11264,22,4513766660
6704,380328664,3898,380332562,0,7,1,4096,22,5456759065
6705,380360610,3898,380364508,0,7,1,4096,22,8873074673
6706,380368479,1518,380369997,0,5,1,1536,7,6382620140
6707,380504504,50672,380555176,0,1,0,2560,38,8039415420
6708,380548120,1994,380550114,0,5,1,2048,7,5099973066
6709,380580390,45596,380625986,0,5,0,1024,7,6928853416
6710,380601269,43904,380645173,0,9,0,512,5,8797963948
6711,380608383,7706,380616089,0,4,1,8192,33,9063542992
6712,380623300,52364,380675664,0,5,0,3072,7,10537125407
6713,380672226,47288,380719514,0,5,0,1536,7,1867357589
6714,380717027,89300,380806327,0,1,0,18432,38,5262620771
6715,380753573,7230,380760803,0,0,1,7680,40,3764519774
6716,380850360,6754,380857114,0,7,1,7168,22,5737918196
6717,380943357,43904,380987261,0,5,0,512,7,4479240591
6718,380966609,10757,380977366,0,5,1,17408,7,5672283067
6719,381026553,3128,381029681,0,0,1,9216,40,3440677601
6720,381048623,48980,381097603,0,9,0,2048,5,7991812579
6721,381051982,74235,381126217,0,9,0,4096,5,4018468719
6722,381062605,1042,381063647,0,9,1,1024,5,7721831978
6723,381103588,60980,381164568,0,2,0,6144,11,1203675253
6724,381127659,4374,381132033,0,4,1,4608,33,4470876983
6725,381131462,1042,381132504,0,9,1,1024,5,919468702
6726,381181093,43904,381224997,0,3,0,512,37,10024827081
6727,381190330,95444,381285774,0,1,0,18432,38,5514901631
6728,381229128,47288,381276416,0,0,0,1536,40,3999697774
6729,381247566,54056,381301622,0,7,0,3584,22,6910377842
6730,381257544,45596,381303140,0,9,0,1024,5,10424169240
6731,381285271,103220,381388491,0,2,0,38912,11,3697100664
6732,381328876,61034,381389910,0,2,0,4608,11,4690125013
6733,381395934,1994,381397928,0,9,1,2048,5,9120577793
6734,381421281,566,381421847,0,8,1,512,5,8676394621
6735,381470844,3898,381474742,0,0,1,4096,40,4672328876
6736,381531828,14287,381546115,0,0,1,27648,40,6528103057
6737,381538648,66001,381604649,0,0,0,1024,40,7441621906
6738,381596117,5326,381601443,0,5,1,5632,7,10249287402
6739,381634140,103376,381737516,0,1,0,39424,38,2526653662
6740,381674087,43904,381717991,0,3,0,512,37,8192793069
6741,381692690,2470,381695160,0,7,1,2560,22,9971612826
6742,381713712,43904,381757616,0,0,0,512,40,5273270706
6743,381790786,3422,381794208,0,7,1,3584,22,10532094496
6744,381801196,48980,381850176,0,3,0,2048,37,971628014
6745,381893257,1994,381895251,0,0,1,2048,40,8451130110
6746,381903721,47288,381951009,0,3,0,1536,37,8351479580
6747,381979472,50672,382030144,0,9,0,2560,5,7328740195
6748,381982245,109148,382091393,0,1,0,58368,38,9933364078
6749,381999949,2470,382002419,0,9,1,2560,5,6734970589
6750,382038726,3898,382042624,0,0,1,4096,40,5259926596
6751,382077888,1994,382079882,0,9,1,2048,5,10493576119
6752,382091736,1994,382093730,0,5,1,2048,7,9743084454
6753,382097620,76052,382173672,0,1,0,10240,38,5236311594
6754,382150455,6278,382156733,0,0,1,6656,40,5975662060
6755,382320584,5326,382325910,0,9,1,5632,5,10297203675
6756,382429889,117260,382547149,0,2,0,84992,11,6115644945
6757,382485019,134094,382619113,0,2,0,21504,11,2610884442
6758,382493931,2470,382496401,0,6,1,2560,23,4528998756
6759,382499322,43904,382543226,0,0,0,512,40,9864786949
6760,382524397,43904,382568301,0,9,0,512,5,5751223565
6761,382525907,43904,382569811,0,3,0,512,37,1860810641
6762,382678586,43904,382722490,0,5,0,512,7,828067068
6763,382727311,48980,382776291,0,3,0,2048,37,2770109376
6764,382730687,106184,382836871,0,2,0,48640,11,6228849110
6765,382922683,3898,382926581,0,7,1,4096,22,6880174279
6766,382974047,47288,383021335,0,3,0,1536,37,7868992799
6767,383003131,45596,383048727,0,3,0,1024,37,31521761
6768,383030252,102752,383133004,0,7,0,37376,22,4677757442
6769,383090841,7706,383098547,0,9,1,8192,5,1167715672
6770,383098431,3898,383102329,0,7,1,4096,22,3825511114
6771,383112592,43904,383156496,0,0,0,512,40,5823078169
6772,383132518,108524,383241042,0,1,0,56320,38,2094866274
6773,383139386,2470,383141856,0,9,1,2560,5,1831875094
6774,383140695,43904,383184599,0,0,0,512,40,9747648440
6775,383191010,43904,383234914,0,9,0,512,5,10667475106
6776,383191694,2470,383194164,0,5,1,2560,7,821893139
6777,383236354,45596,383281950,0,5,0,1024,7,9009587241
6778,383263297,45596,383308893,0,9,0,1024,5,9435469458
6779,383313113,45596,383358709,0,9,0,1024,5,854362170
6780,383328166,5326,383333492,0,7,1,5632,22,6511850984
6781,383454441,45596,383500037,0,5,0,1024,7,8301427395
6782,383468176,52364,383520540,0,0,0,3072,40,1601371503
6783,383480856,1042,383481898,0,7,1,1024,22,1784681261
6784,383530516,48980,383579496,0,9,0,2048,5,6633605912
6785,383544428,102128,383646556,0,1,0,35328,38,2703686288
6786,383567292,4679,383571971,0,9,1,12288,5,745966898
6787,383650504,43904,383694408,0,5,0,512,7,7082576730
6788,383672947,43904,383716851,0,5,0,512,7,10008431416
6789,383721157,1518,383722675,0,9,1,1536,5,2704772934
6790,383739283,3128,383742411,0,9,1,9216,5,5145118857
6791,383814245,101348,383915593,0,2,0,32768,11,2525248126
6792,383837379,6754,383844133,0,9,1,7168,5,8333746309
6793,383859596,566,383860162,0,9,1,512,5,9607117927
6794,383877988,100100,383978088,0,7,0,28672,22,801537462
6795,383887070,1518,383888588,0,1,1,1536,38,6215160997
6796,383889033,1042,383890075,0,9,1,1024,5,2370946167
6797,383924314,44060,383968374,0,5,0,1024,7,2576687038
6798,383940769,43904,383984673,0,3,0,512,37,10002054742
6799,383995047,6278,384001325,0,9,1,6656,5,3153223108
6800,384029889,2946,384032835,0,9,1,3072,5,10157211596
6801,384038842,2946,384041788,0,7,1,3072,22,3355269989
6802,384060598,43904,384104502,0,3,0,512,37,219259393
6803,384084727,2870,384087597,0,9,1,8704,5,4254470625
6804,384122854,43904,384166758,0,0,0,512,40,1124708220
6805,384199756,48980,384248736,0,9,0,2048,5,8170237610
6806,384210884,106028,384316912,0,2,0,48128,11,6394979726
6807,384396739,45596,384442335,0,3,0,1024,37,8561283586
6808,384427515,54056,384481571,0,7,0,3584,22,8844114657
6809,384437645,78680,384516325,0,7,0,13824,22,10185740806
6810,384441713,141782,384583495,0,7,0,81920,22,4588618351
6811,384451520,43904,384495424,0,5,0,512,7,8714479786
6812,384501018,43904,384544922,0,0,0,512,40,4223523508
6813,384513323,45596,384558919,0,9,0,1024,5,5513873810
6814,384632392,4850,384637242,0,7,1,5120,22,5955954655
6815,384680992,47288,384728280,0,0,0,1536,40,5783457730
6816,384739098,7230,384746328,0,9,1,7680,5,8604227178
6817,384740172,3898,384744070,0,2,1,4096,11,7514701659
6818,384869658,125684,384995342,0,1,0,112640,38,10148437153
6819,384903138,4374,384907512,0,2,1,4608,11,2586225639
6820,384905130,192464,385097594,0,7,0,170496,22,1194252463
6821,384966187,43904,385010091,0,9,0,512,5,3779934422
6822,384998933,97292,385096225,0,1,0,19456,38,4202964124
6823,385044447,45596,385090043,0,0,0,1024,40,2966919545
6824,385045426,2470,385047896,0,2,1,2560,11,6416989038
6825,385252661,47288,385299949,0,3,0,1536,37,4608666383
6826,385336254,43904,385380158,0,5,0,512,7,2912957253
6827,385455104,1518,385456622,0,7,1,1536,22,9772423778
6828,385528393,110084,385638477,0,1,0,61440,38,8995472973
6829,385543838,43904,385587742,0,9,0,512,5,10394454600
6830,385557990,2946,385560936,0,2,1,3072,11,5991922341
6831,385640946,91640,385732586,0,2,0,26112,11,7149082178
6832,385740691,43904,385784595,0,0,0,512,40,1767153114
6833,385774615,3422,385778037,0,7,1,3584,22,2213422223
6834,385777622,5326,385782948,0,2,1,5632,11,2945195667
6835,385789467,45752,385835219,0,0,0,1536,40,5998101884
6836,385795457,43904,385839361,0,3,0,512,37,4873220207
6837,385893197,45596,385938793,0,3,0,1024,37,2339430550
6838,385899154,74828,385973982,0,1,0,11264,38,2844450044
6839,385927560,43904,385971464,0,0,0,512,40,6038590445
6840,385927947,6754,385934701,0,2,1,7168,11,4131685879
6841,386017964,70688,386088652,0,7,0,12800,22,8450386924
6842,386020884,1994,386022878,0,4,1,2048,33,10365736236
6843,386090151,47288,386137439,0,0,0,1536,40,7829616399
6844,386091151,47288,386138439,0,3,0,1536,37,3199895702
6845,386253017,566,386253583,0,2,1,512,11,7797935112
6846,386290981,47288,386338269,0,5,0,1536,7,5751807274
6847,386341628,7706,386349334,0,2,1,8192,11,4006838075
6848,386357519,97916,386455435,0,1,0,21504,38,9708828533
6849,386362597,43904,386406501,0,5,0,512,7,6696967824
6850,386401620,47288,386448908,0,5,0,1536,7,2582307697
6851,386401698,43904,386445602,0,5,0,512,7,2951279526
6852,386434802,43904,386478706,0,9,0,512,5,7753954918
6853,386451993,3128,386455121,0,4,1,9216,33,7624702990
6854,386491252,103220,386594472,0,9,0,38912,5,3024820241
6855,386543527,54056,386597583,0,7,0,3584,22,7865000171
6856,386554766,4850,386559616,0,4,1,5120,33,8349786496
6857,386623809,111020,386734829,0,2,0,64512,11,8932306287
6858,386669781,45596,386715377,0,3,0,1024,37,3629893239
6859,386674306,566,386674872,0,4,1,512,33,1337256423
6860,386680294,1042,386681336,0,4,1,1024,33,4887405090
6861,386695391,2870,386698261,0,4,1,8704,33,8647625774
6862,386812901,70844,386883745,0,7,0,13312,22,8311304844
6863,386960735,102440,387063175,0,7,0,36352,22,7849836193
6864,386983489,3422,386986911,0,7,1,3584,22,9160979049
6865,387066800,43904,387110704,0,0,0,512,40,9841460423
6866,387087432,4374,387091806,0,7,1,4608,22,1522692796
6867,387230824,103220,387334044,0,1,0,38912,38,8184879321
6868,387261816,7706,387269522,0,4,1,8192,33,7044432079
6869,387308060,114296,387422356,0,7,0,75264,22,6648642169
6870,387328783,65924,387394707,0,9,0,12288,5,5428377425
6871,387414620,5326,387419946,0,4,1,5632,33,2583744919
6872,387441283,77612,387518895,0,2,0,15360,11,1532544620
6873,387450749,45596,387496345,0,0,0,1024,40,2240448977
6874,387568197,45596,387613793,0,3,0,1024,37,1487455751
6875,387573743,43904,387617647,0,3,0,512,37,1659665565
6876,387610859,566,387611425,0,7,1,512,22,4950549830
6877,387643965,10241,387654206,0,4,1,16384,33,4311094294
6878,387687392,43904,387731296,0,3,0,512,37,1687133966
6879,387777480,47288,387824768,0,5,0,1536,7,9522737292
6880,387839350,56528,387895878,0,2,0,6656,11,3038662650
6881,387895829,1042,387896871,0,7,1,1024,22,8327402346
6882,387925779,11533,387937312,0,4,1,18944,33,6400575672
6883,387978743,73916,388052659,0,7,0,13312,22,8217272810
6884,388091349,3422,388094771,0,4,1,3584,33,9096437301
6885,388258023,1994,388260017,0,4,1,2048,33,8944811888
6886,388341341,43904,388385245,0,5,0,512,7,9749205362
6887,388456360,43904,388500264,0,5,0,512,7,5445224265
6888,388579943,47288,388627231,0,0,0,1536,40,10174006672
6889,388629260,50672,388679932,0,0,0,2560,40,1346670218
6890,388643500,45596,388689096,0,5,0,1024,7,6437504137
6891,388671762,74360,388746122,0,1,0,9728,38,6547156872
6892,388706514,105716,388812230,0,9,0,47104,5,4181589328
6893,388737697,76052,388813749,0,1,0,10240,38,9236790792
6894,388760930,7230,388768160,0,9,1,7680,5,5892923419
6895,388797500,566,388798066,0,1,1,512,38,5134681558
6896,388813090,7230,388820320,0,7,1,7680,22,5312525959
6897,388902720,1994,388904714,0,4,1,2048,33,6649846961
6898,388910646,43904,388954550,0,5,0,512,7,1008986602
6899,388938977,122876,389061853,0,7,0,103424,22,7506257873
6900,388940695,3387,388944082,0,0,1,9728,40,3376622634
6901,389048116,82088,389130204,0,9,0,19968,5,9755709318
6902,389123326,6893,389130219,0,9,1,15872,5,2447514880
6903,389181836,104624,389286460,0,2,0,43520,11,4365240610
6904,389187896,118976,389306872,0,7,0,90624,22,427930808
6905,389201308,2470,389203778,0,7,1,2560,22,5535885476
6906,389224359,3422,389227781,0,9,1,3584,5,3804017042
6907,389356921,48980,389405901,0,9,0,2048,5,7647945710
6908,389365947,1042,389366989,0,9,1,1024,5,10089878038
6909,389373668,7706,389381374,0,1,1,8192,38,1825773889
6910,389427623,3904,389431527,0,1,1,10752,38,4036827220
6911,389512920,43904,389556824,0,5,0,512,7,7321165893
6912,389610917,106964,389717881,0,9,0,51200,5,2139771040
6913,389741138,45596,389786734,0,2,0,1024,11,4395692536
6914,389741776,62516,389804292,0,7,0,6144,22,7228198766
6915,389780378,1994,389782372,0,9,1,2048,5,4304384154
6916,389785103,92684,389877787,0,2,0,19456,11,1058812515
6917,389814916,104936,389919852,0,7,0,44544,22,636898934
6918,389840615,2870,389843485,0,8,1,8704,5,9840434332
6919,389855192,5326,389860518,0,1,1,5632,38,2852871531
6920,389871003,566,389871569,0,1,1,512,38,8868974122
6921,389917204,62396,389979600,0,7,0,7168,22,6923033715
6922,389948916,104929,390053845,0,2,0,44032,11,1562847508
6923,389958442,4850,389963292,0,7,1,5120,22,10002684341
6924,389969375,45596,390014971,0,2,0,1024,11,639795661
6925,390041594,84645,390126239,0,3,1,141312,37,5770049778
6926,390101809,101348,390203157,0,7,0,32768,22,7347606196
6927,390107310,97687,390204997,0,3,0,2048,37,730726789
6928,390117276,242280,390359556,0,3,0,70144,37,8451012341
6929,390169304,127088,390296392,0,1,0,117248,38,3163035753
6930,390270834,3422,390274256,0,8,1,3584,5,5573868155
6931,390438861,4420,390443281,0,8,1,11776,5,6960085521
6932,390522818,43904,390566722,0,2,0,512,11,1563749252
6933,390557508,1042,390558550,0,8,1,1024,5,805971192
6934,390591531,43904,390635435,0,2,0,512,11,3763141034
6935,390653406,5326,390658732,0,7,1,5632,22,5523877171
6936,390713461,45596,390759057,0,2,0,1024,11,5453253518
6937,390878119,128804,391006923,0,3,0,122880,37,6931708720
6938,390950453,50672,391001125,0,1,0,2560,38,8747140444
6939,391002310,47288,391049598,0,2,0,1536,11,1121496008
6940,391009643,4374,391014017,0,4,1,4608,33,5821262614
6941,391052690,5326,391058016,0,8,1,5632,5,442206701
6942,391056315,2367,391058682,0,8,1,1024,5,5171870743
6943,391118850,1042,391119892,0,8,1,1024,5,7974535877
6944,391206724,43904,391250628,0,2,0,512,11,604428782
6945,391216073,4162,391220235,0,7,1,11264,22,1708698977
6946,391218125,43904,391262029,0,0,0,512,40,4212526015
6947,391257650,101660,391359310,0,7,0,33792,22,9446243218
6948,391259875,60824,391320699,0,3,0,5632,37,7288609727
6949,391273801,2470,391276271,0,0,1,2560,40,7436093796
6950,391290354,11016,391301370,0,0,1,17920,40,1123073378
6951,391445429,43904,391489333,0,0,0,512,40,7313717687
6952,391572847,4420,391577267,0,7,1,11776,22,9081880061
6953,391585033,1042,391586075,0,7,1,1024,22,176008755
6954,391611367,7706,391619073,0,7,1,8192,22,8224985508
6955,391667986,97292,391765278,0,7,0,19456,22,4389001342
6956,391732889,102596,391835485,0,9,0,36864,5,6325856952
6957,391742674,192776,391935450,0,1,0,171520,38,10455195416
6958,391794045,1518,391795563,0,8,1,1536,5,4237682404
6959,391841690,57440,391899130,0,3,0,4608,37,1401724177
6960,391863219,2870,391866089,0,0,1,8704,40,1682729232
6961,391875022,69850,391944872,0,0,0,3584,40,6975871509
6962,391896824,129428,392026252,0,3,0,124928,37,7012188509
6963,391927564,93800,392021364,0,7,0,28160,22,622244229
6964,391931400,566,391931966,0,8,1,512,5,4327028159
6965,392042702,104000,392146702,0,1,0,41472,38,4105203177
6966,392071825,100568,392172393,0,9,0,30208,5,9560670381
6967,392078081,138400,392216481,0,9,0,64000,5,5997517910
6968,392239521,45596,392285117,0,0,0,1024,40,9848589205
6969,392245996,62516,392308512,0,7,0,6144,22,8016891620
6970,392305733,45596,392351329,0,9,0,1024,5,5714547237
6971,392321370,50672,392372042,0,0,0,2560,40,9113430021
6972,392537924,47288,392585212,0,3,0,1536,37,3651632383
6973,392609036,282488,392891524,0,3,0,304640,37,10015923055
6974,392681021,43904,392724925,0,2,0,512,11,7458771347
6975,392687190,5326,392692516,0,8,1,5632,5,9885215055
6976,392771267,5326,392776593,0,0,1,5632,40,5666492475
6977,392800917,45596,392846513,0,2,0,1024,11,3891562368
6978,392804702,2470,392807172,0,8,1,2560,5,2659424444
6979,392861965,43904,392905869,0,0,0,512,40,1030009356
6980,392871639,43904,392915543,0,0,0,512,40,5457937165
6981,392919148,1042,392920190,0,9,1,1024,5,9854295830
6982,392963218,117104,393080322,0,2,0,84480,11,1103805237
6983,393046089,43904,393089993,0,7,0,512,22,5472867458
6984,393139488,7706,393147194,0,0,1,8192,40,4570394472
6985,393139773,173624,393313397,0,4,0,148992,33,8094505572
6986,393143927,5802,393149729,0,9,1,6144,5,2900429039
6987,393144644,45596,393190240,0,0,0,1024,40,6033724722
6988,393155406,4374,393159780,0,9,1,4608,5,7339987467
6989,393230666,43904,393274570,0,7,0,512,22,2800399214
6990,393237763,105872,393343635,0,1,0,47616,38,1707724964
6991,393241828,135587,393377415,0,1,0,77824,38,9465250284
6992,393252249,1994,393254243,0,8,1,2048,5,8782676530
6993,393259091,55304,393314395,0,3,1,94208,37,6279972088
6994,393279130,43904,393323034,0,7,0,512,22,429863798
6995,393280136,52364,393332500,0,9,0,3072,5,6970406526
6996,393317354,6229,393323583,0,4,1,15360,33,335073
6997,393365572,16514,393382086,0,1,1,12288,38,3643161037
6998,393410914,3904,393414818,0,9,1,10752,5,3587224767
6999,393424875,7230,393432105,0,1,1,7680,38,9663134662
7000,393426871,566,393427437,0,3,1,512,37,5464509664
7001,393431749,566,393432315,0,4,1,512,33,8018029688
7002,393451232,88832,393540064,0,9,0,16896,5,729042661
7003,393453767,119288,393573055,0,1,0,91648,38,3199644648
7004,393460226,1994,393462220,0,1,1,2048,38,8838716056
7005,393486513,2470,393488983,0,0,1,2560,40,9455022623
7006,393488964,4162,393493126,0,3,1,11264,37,94685623
7007,393526698,100412,393627110,0,9,0,29696,5,9883962203
7008,393617781,4679,393622460,0,8,1,12288,5,425154707
7009,393658137,5196,393663333,0,1,1,13312,38,3723239556
7010,393726794,43904,393770698,0,0,0,512,40,591377641
7011,393828553,34537,393863090,0,3,1,60416,37,9839152031
7012,393828813,79021,393907834,0,3,0,5632,37,9715244619
7013,393858107,102128,393960235,0,1,0,35328,38,4754101005
7014,393911605,4162,393915767,0,0,1,11264,40,8463964795
7015,393925324,1994,393927318,0,4,1,2048,33,10643998365
7016,393934273,81128,394015401,0,3,0,11776,37,1322628931
7017,393937300,42424,393979724,0,3,1,69120,37,4219256200
7018,393938960,48980,393987940,0,0,0,2048,40,152798455
7019,393970486,107276,394077762,0,2,0,52224,11,6699937579
7020,394049600,45596,394095196,0,0,0,1024,40,385336
7021,394079152,566,394079718,0,9,1,512,5,9427599393
7022,394110969,31783,394142752,0,3,1,51712,37,1803733482
7023,394140899,93567,394234466,0,3,0,7168,37,8981686323
7024,394159698,2946,394162644,0,4,1,3072,33,2592372788
7025,394160959,5802,394166761,0,4,1,6144,33,6098480139
7026,394165350,4679,394170029,0,3,1,12288,37,6381593502
7027,394172953,83780,394256733,0,2,0,20480,11,3092344808
7028,394205898,98876,394304774,0,9,0,29696,5,9159186461
7029,394224119,43904,394268023,0,0,0,512,40,6454360637
7030,394264200,7230,394271430,0,1,1,7680,38,4263358471
7031,394283960,182596,394466556,0,3,0,28160,37,10042166687
7032,394285639,73745,394359384,0,3,1,123392,37,4678194245
7033,394286181,6278,394292459,0,4,1,6656,33,4424510178
7034,394316863,43507,394360370,0,3,1,1536,37,8257307304
7035,394323305,1994,394325299,0,0,1,2048,40,6566032982
7036,394368194,156680,394524874,0,2,0,138752,11,7752668682
7037,394414806,10499,394425305,0,3,1,16896,37,8851346620
7038,394462859,4374,394467233,0,8,1,4608,5,8870133150
7039,394502628,2946,394505574,0,1,1,3072,38,9489907662
7040,394525140,47288,394572428,0,2,0,1536,11,6152789450
7041,394620759,65768,394686527,0,9,0,11776,5,1361218070
7042,394642329,43904,394686233,0,2,0,512,11,988579629
7043,394662748,566,394663314,0,0,1,512,40,7351999908
7044,394711516,566,394712082,0,4,1,512,33,376298553
7045,394717457,566,394718023,0,8,1,512,5,7601332997
7046,394748702,566,394749268,0,9,1,512,5,2925061961
7047,394790422,1518,394791940,0,9,1,1536,5,7861622170
7048,394837789,114095,394951884,0,9,0,9728,5,8706750103
7049,394838824,45596,394884420,0,7,0,1024,22,5879303499
7050,394891399,2870,394894269,0,9,1,8704,5,6455628698
7051,394945185,45596,394990781,0,7,0,1024,22,9912573396
7052,394954025,566,394954591,0,9,1,512,5,411218474
7053,394968064,45596,395013660,0,0,0,1024,40,9425699022
7054,394971845,45596,395017441,0,0,0,1024,40,3585926731
7055,395019502,3422,395022924,0,9,1,3584,5,567791761
7056,395043885,11274,395055159,0,0,1,18432,40,9313273081
7057,395045722,43904,395089626,0,2,0,512,11,182371841
7058,395251162,43904,395295066,0,0,0,512,40,7138659882
7059,395257127,3422,395260549,0,9,1,3584,5,6017438112
7060,395262809,87140,395349949,0,9,0,16384,5,10343267425
7061,395262885,5326,395268211,0,9,1,5632,5,10052007020
7062,395375251,1994,395377245,0,3,1,2048,37,8959581522
7063,395383205,148238,395531443,0,3,1,245248,37,7392863793
7064,395447436,43904,395491340,0,0,0,512,40,8299342049
7065,395481670,52364,395534034,0,1,0,3072,38,6238339658
7066,395516893,43904,395560797,0,0,0,512,40,6576957392
7067,395619527,34108,395653635,0,3,1,56320,37,6540044214
7068,395630392,4850,395635242,0,8,1,5120,5,2865806216
7069,395638883,45596,395684479,0,0,0,1024,40,7291138201
7070,395655122,12825,395667947,0,3,1,21504,37,7040834769
7071,395761247,156704,395917951,0,9,0,143872,5,2218293812
7072,395761549,5454,395767003,0,9,1,13824,5,6699746928
7073,396000032,86408,396086440,0,9,0,24064,5,8436123108
7074,396043667,10757,396054424,0,3,1,17408,37,695336716
7075,396059337,4850,396064187,0,1,1,5120,38,7705654297
7076,396087879,54787,396142666,0,3,1,93184,37,6066159930
7077,396103588,566,396104154,0,9,1,512,5,6693931477
7078,396126124,107276,396233400,0,9,0,52224,5,7989266400
7079,396183890,13253,396197143,0,3,1,25600,37,5088734582
7080,396227422,43904,396271326,0,0,0,512,40,8728393203
7081,396331028,1042,396332070,0,8,1,1024,5,4949998647
7082,396390861,24412,396415273,0,3,1,44032,37,2175117481
7083,396403030,163660,396566690,0,3,0,70656,37,472302790
7084,396411193,4420,396415613,0,9,1,11776,5,5711888393
7085,396506575,2470,396509045,0,8,1,2560,5,9705708619
7086,396521553,98696,396620249,0,3,0,24064,37,8453992982
7087,396655634,43904,396699538,0,7,0,512,22,8923687694
7088,396684107,47600,396731707,0,2,0,2560,11,216226430
7089,396775832,3422,396779254,0,5,1,3584,7,7557752929
7090,396809963,43904,396853867,0,0,0,512,40,8319295783
7091,396810379,6278,396816657,0,9,1,6656,5,10385540901
7092,396824848,1042,396825890,0,9,1,1024,5,5596362680
7093,396830401,5802,396836203,0,9,1,6144,5,7793128222
7094,396872309,566,396872875,0,1,1,512,38,2726642601
7095,396938927,43904,396982831,0,0,0,512,40,9261176787
7096,396943808,43904,396987712,0,7,0,512,22,395745091
7097,397011064,122564,397133628,0,3,0,102400,37,10066300571
7098,397018419,52520,397070939,0,7,0,3584,22,912719039
7099,397047130,78524,397125654,0,9,0,13312,5,5749839209
7100,397099128,99476,397198604,0,1,0,26624,38,10575398003
7101,397208128,108368,397316496,0,9,0,55808,5,5363242319
7102,397244477,112645,397357122,0,9,0,14336,5,6545857072
7103,397250928,119756,397370684,0,1,0,93184,38,10044161012
7104,397261441,2870,397264311,0,9,1,8704,5,3619801899
7105,397322143,2946,397325089,0,8,1,3072,5,8256838363
7106,397331422,72668,397404090,0,1,0,9216,38,8185229020
7107,397376267,83870,397460137,0,3,1,139776,37,4362453474
7108,397385229,13858,397399087,0,9,1,23552,5,6626421841
7109,397406061,135941,397542002,0,9,0,89088,5,5666401898
7110,397423396,52806,397476202,0,3,1,60416,37,2247351809
7111,397469579,1994,397471573,0,8,1,2048,5,3271464224
7112,397511139,10241,397521380,0,1,1,16384,38,8520547116
7113,397529480,17364,397546844,0,9,1,5120,5,394663400
7114,397530331,566,397530897,0,1,1,512,38,1308731275
7115,397576483,61916,397638399,0,1,0,9216,38,1043888473
7116,397593936,13253,397607189,0,3,1,25600,37,2691280026
7117,397602160,7230,397609390,0,1,1,7680,38,2324625686
7118,397863558,3422,397866980,0,4,1,3584,33,4760021709
7119,397925536,43904,397969440,0,7,0,512,22,172784289
7120,397969498,105092,398074590,0,9,0,45056,5,8570777743
7121,397975895,566,397976461,0,1,1,512,38,6174653346
7122,398025153,43904,398069057,0,7,0,512,22,633981779
7123,398078110,4679,398082789,0,8,1,12288,5,1496632497
7124,398099385,54056,398153441,0,1,0,3584,38,1757352515
7125,398187293,43904,398231197,0,2,0,512,11,903906709
7126,398255990,45596,398301586,0,0,0,1024,40,5763851154
7127,398265231,43904,398309135,0,2,0,512,11,5495118547
7128,398285030,43904,398328934,0,0,0,512,40,7841898948
7129,398316863,59132,398375995,0,1,0,5120,38,1185971919
7130,398343287,566,398343853,0,4,1,512,33,3143086461
7131,398354177,566,398354743,0,9,1,512,5,5531616697
7132,398367937,48980,398416917,0,0,0,2048,40,5086608494
7133,398412599,566,398413165,0,9,1,512,5,2730979558
7134,398415539,104624,398520163,0,1,0,43520,38,87146709
7135,398444020,43904,398487924,0,0,0,512,40,6271048285
7136,398589752,47288,398637040,0,0,0,1536,40,6435322340
7137,398765802,82820,398848622,0,1,0,12288,38,3893086343
7138,398825467,44060,398869527,0,0,0,1024,40,806021087
7139,398879081,6754,398885835,0,8,1,7168,5,6906167713
7140,398935318,91280,399026598,0,9,0,14848,5,1489357633
7141,398981183,97160,399078343,0,3,0,24064,37,9607746924
7142,399023413,45596,399069009,0,2,0,1024,11,3114760756
7143,399042074,4162,399046236,0,8,1,11264,5,10113565929
7144,399084480,43904,399128384,0,0,0,512,40,6828521771
7145,399091674,1518,399093192,0,9,1,1536,5,86886404
7146,399175571,2470,399178041,0,9,1,2560,5,10489843505
7147,399330054,45596,399375650,0,7,0,1024,22,1176016030
7148,399344673,47288,399391961,0,0,0,1536,40,5096685361
7149,399396549,5712,399402261,0,5,1,14336,7,5080551262
7150,399401662,102908,399504570,0,3,0,37888,37,9772599253
7151,399478101,45596,399523697,0,0,0,1024,40,2205416890
7152,399577688,3904,399581592,0,8,1,10752,5,1940607271
7153,399644315,1042,399645357,0,4,1,1024,33,2855496365
7154,399671468,3904,399675372,0,4,1,10752,33,7911316928
7155,399717214,1042,399718256,0,2,1,1024,11,6530231657
7156,399724761,2946,399727707,0,9,1,3072,5,7594175893
7157,399777596,104780,399882376,0,3,0,44032,37,2973047032
7158,399841810,72068,399913878,0,0,0,12288,40,9921710315
7159,399865504,98540,399964044,0,1,0,23552,38,6905279760
7160,399924877,4374,399929251,0,4,1,4608,33,4672633220
7161,400020266,43904,400064170,0,7,0,512,22,9736582514
7162,400020517,99632,400120149,0,0,0,27136,40,9371857495
7163,400072669,62516,400135185,0,3,0,6144,37,3963032866
7164,400206790,43904,400250694,0,7,0,512,22,5652276364
7165,400326914,566,400327480,0,4,1,512,33,9671599365
7166,400463865,55748,400519613,0,1,0,4096,38,10234115587
7167,400669349,99008,400768357,0,9,0,25088,5,7818556880
7168,400804620,4937,400809557,0,4,1,12800,33,10342713476
7169,400811712,101660,400913372,0,9,0,33792,5,5757751087
7170,400816989,43904,400860893,0,7,0,512,22,9945477493
7171,400875264,99476,400974740,0,0,0,26624,40,2630519796
7172,400930331,131300,401061631,0,3,0,131072,37,681278375
7173,400984135,43904,401028039,0,2,0,512,11,9157018814
7174,401054870,3387,401058257,0,9,1,9728,5,8186505253
7175,401120690,84980,401205670,0,9,0,14336,5,1631260349
7176,401125074,3387,401128461,0,9,1,9728,5,4340684607
7177,401156760,566,401157326,0,9,1,512,5,10032919757
7178,401175977,93066,401269043,0,9,0,7168,5,5411399525
7179,401212875,47288,401260163,0,7,0,1536,22,1938095078
7180,401495113,98540,401593653,0,3,0,23552,37,8530202556
7181,401536384,3898,401540282,0,4,1,4096,33,2689858513
7182,401590428,106905,401697333,0,3,0,40448,37,2198515848
7183,401699692,4850,401704542,0,4,1,5120,33,754508716
7184,401866708,48980,401915688,0,7,0,2048,22,5757748141
7185,401896025,3898,401899923,0,4,1,4096,33,9841404801
7186,402059536,43904,402103440,0,3,0,512,37,2357794893
7187,402095691,75296,402170987,0,3,0,12800,37,7613881290
7188,402121933,48980,402170913,0,2,0,2048,11,1108399702
7189,402177375,64076,402241451,0,3,0,11264,37,8239680530
7190,402185257,7706,402192963,0,9,1,8192,5,6961090469
7191,402224085,98228,402322313,0,3,0,22528,37,2454272446
7192,402243749,67592,402311341,0,9,0,7680,5,9680933953
7193,402264460,109616,402374076,0,9,0,59904,5,3532747680
7194,402305152,132770,402437922,0,9,0,41472,5,4661396658
7195,402417930,44060,402461990,0,2,0,1024,11,7302655004
7196,402481474,100412,402581886,0,9,0,29696,5,9944343164
7197,402504289,97916,402602205,0,0,0,21504,40,6016933085
7198,402624879,1042,402625921,0,6,1,1024,23,1090881138
7199,402663972,43904,402707876,0,2,0,512,11,1951800533
7200,402667564,44662,402712226,0,4,1,76800,33,952346741
7201,402686009,4850,402690859,0,2,1,5120,11,6290500743
7202,402775198,45596,402820794,0,9,0,1024,5,9058702464
7203,402797398,1994,402799392,0,4,1,2048,33,2057593001
7204,402802635,14287,402816922,0,4,1,27648,33,8219644531
7205,402856583,105872,402962455,0,0,0,47616,40,5469153918
7206,402897653,108680,403006333,0,9,0,56832,5,8819647210
7207,403028641,168548,403197189,0,0,0,147456,40,10322584144
7208,403038336,82820,403121156,0,3,0,12288,37,634455464
7209,403184530,2470,403187000,0,9,1,2560,5,4383947208
7210,403194558,127371,403321929,0,0,0,109568,40,8801252595
7211,403324660,61760,403386420,0,9,0,8704,5,5176524499
7212,403352383,104983,403457366,0,4,1,171008,33,1902348175
7213,403391851,110240,403502091,0,9,0,61952,5,9045138994
7214,403537126,115856,403652982,0,3,0,80384,37,843273220
7215,403545648,6754,403552402,0,9,1,7168,5,407222714
7216,403609304,108368,403717672,0,9,0,55808,5,5311557189
7217,403634221,566,403634787,0,9,1,512,5,3753653019
7218,403725728,100880,403826608,0,0,0,31232,40,4986765125
7219,403766109,43904,403810013,0,7,0,512,22,260244743
7220,403769166,48980,403818146,0,7,0,2048,22,6757405417
7221,404042279,5802,404048081,0,9,1,6144,5,9519527506
7222,404197967,566,404198533,0,9,1,512,5,10593706088
7223,404224758,43904,404268662,0,2,0,512,11,5568406404
7224,404262750,98852,404361602,0,9,0,24576,5,5898833271
7225,404419408,5196,404424604,0,6,1,13312,23,5101873264
7226,404430399,50672,404481071,0,7,0,2560,22,7717504580
7227,404523781,43904,404567685,0,7,0,512,22,5062078281
7228,404541333,126932,404668265,0,0,0,116736,40,9906344707
7229,404596538,103532,404700070,0,3,0,39936,37,6302543982
7230,404737594,11791,404749385,0,4,1,19456,33,8716371487
7231,404784338,31783,404816121,0,4,1,51712,33,7988561114
7232,404818478,3422,404821900,0,6,1,3584,23,4017823420
7233,404820922,128804,404949726,0,9,0,122880,5,8069926990
7234,404834282,13341,404847623,0,6,1,22528,23,6522584213
7235,404905305,48980,404954285,0,2,0,2048,11,9445474677
7236,404915647,50672,404966319,0,0,0,2560,40,2394222186
7237,404922609,126897,405049506,0,9,0,27648,5,2995613775
7238,405026563,115187,405141750,0,9,0,30720,5,6766613254
7239,405077422,5802,405083224,0,6,1,6144,23,5405586088
7240,405158642,48980,405207622,0,7,0,2048,22,2329561581
7241,405163807,103844,405267651,0,0,0,40960,40,7249821159
7242,405195387,12049,405207436,0,6,1,19968,23,4604171509
7243,405210911,148600,405359511,0,0,0,93184,40,10674165738
7244,405234924,109928,405344852,0,9,0,60928,5,5195221570
7245,405324415,4162,405328577,0,6,1,11264,23,5470261536
7246,405340727,94820,405435547,0,3,0,16384,37,8365310877
7247,405358593,98852,405457445,0,9,0,24576,5,1404572376
7248,405579786,2470,405582256,0,6,1,2560,23,6190703673
7249,405682250,6278,405688528,0,4,1,6656,33,9072186504
7250,405699957,7230,405707187,0,4,1,7680,33,8691803552
7251,405725305,3904,405729209,0,4,1,10752,33,9784357307
7252,405748139,59132,405807271,0,3,0,5120,37,6916786003
7253,405781710,43904,405825614,0,7,0,512,22,6113701986
7254,405804519,101036,405905555,0,3,0,31744,37,5685063617
7255,405819244,43904,405863148,0,2,0,512,11,4818913903
7256,405824301,5326,405829627,0,6,1,5632,23,3319665144
7257,405892199,83312,405975511,0,0,0,18944,40,9348910821
7258,405931692,55748,405987440,0,7,0,4096,22,2486513829
7259,405938786,99320,406038106,0,3,0,26112,37,3752030650
7260,405970434,3128,405973562,0,6,1,9216,23,10501481289
7261,405979362,4162,405983524,0,6,1,11264,23,850490039
7262,406004643,43904,406048547,0,7,0,512,22,3326426582
7263,406133661,12566,406146227,0,1,1,20992,38,6996562010
7264,406394202,43904,406438106,0,7,0,512,22,9936176237
7265,406398339,99944,406498283,0,3,0,28160,37,10539024856
7266,406441772,99188,406540960,0,0,0,30720,40,1083003553
7267,406460395,102128,406562523,0,3,0,35328,37,5560554992
7268,406494538,43904,406538442,0,7,0,512,22,1413039515
7269,406545806,4937,406550743,0,6,1,12800,23,8314962165
7270,406586273,566,406586839,0,4,1,512,33,9172486870
7271,406593129,566,406593695,0,4,1,512,33,5428399274
7272,406778393,1518,406779911,0,4,1,1536,33,3243129402
7273,406786319,1042,406787361,0,4,1,1024,33,3048023910
7274,406838408,105404,406943812,0,0,0,46080,40,8773200721
7275,406895571,6278,406901849,0,6,1,6656,23,6844982862
7276,406962366,5802,406968168,0,4,1,6144,33,1220655391
7277,407130458,43904,407174362,0,3,0,512,37,10491567109
7278,407164744,48980,407213724,0,2,0,2048,11,3881309350
7279,407298602,1994,407300596,0,4,1,2048,33,7844195321
7280,407343790,2946,407346736,0,6,1,3072,23,6891812622
7281,407395932,43904,407439836,0,2,0,512,11,10429791042
7282,407477022,566,407477588,0,4,1,512,33,3112538455
7283,407489230,3128,407492358,0,3,1,9216,37,7012384527
7284,407506891,6278,407513169,0,4,1,6656,33,1600679625
7285,407585202,43904,407629106,0,2,0,512,11,6028975355
7286,407617685,96824,407714509,0,0,0,17920,40,8740072634
7287,407633536,1042,407634578,0,6,1,1024,23,6093772993
7288,407649029,43904,407692933,0,7,0,512,22,7698781435
7289,407681873,14287,407696160,0,3,1,27648,37,2594417561
7290,407692964,47288,407740252,0,0,0,1536,40,1259805136
7291,407735557,43904,407779461,0,7,0,512,22,8293465393
7292,407909829,74360,407984189,0,0,0,9728,40,2454780352
7293,407945365,2946,407948311,0,4,1,3072,33,6881761531
7294,407977971,1518,407979489,0,6,1,1536,23,7714321474
7295,407982259,105404,408087663,0,3,0,46080,37,9551980612
7296,408020468,43904,408064372,0,7,0,512,22,6158992907
7297,408045454,3904,408049358,0,6,1,10752,23,1919520219
7298,408106387,6278,408112665,0,0,1,6656,40,8139879626
7299,408164037,1994,408166031,0,3,1,2048,37,1975123021
7300,408255651,101036,408356687,0,3,0,31744,37,8459451989
7301,408257835,1518,408259353,0,0,1,1536,40,5671919876
7302,408308423,43904,408352327,0,7,0,512,22,10363973258
7303,408314414,14287,408328701,0,3,1,27648,37,6751932898
7304,408503073,91748,408594821,0,3,0,16384,37,4943700795
7305,408603083,1518,408604601,0,3,1,1536,37,8012692481
7306,408640026,121316,408761342,0,0,0,98304,40,663042434
7307,408729872,44060,408773932,0,2,0,1024,11,6275467548
7308,408777737,2470,408780207,0,0,1,2560,40,1656467148
7309,408801627,4937,408806564,0,6,1,12800,23,6821705294
7310,408872276,1042,408873318,0,2,1,1024,11,8914421438
7311,409019826,104000,409123826,0,3,0,41472,37,9660996519
7312,409096994,47288,409144282,0,2,0,1536,11,9780254741
7313,409136277,62933,409199210,0,3,1,102400,37,4179029780
7314,409185557,3387,409188944,0,6,1,9728,23,1837124828
7315,409217647,2946,409220593,0,2,1,3072,11,8123323248
7316,409287287,1042,409288329,0,2,1,1024,11,2191436773
7317,409287680,2470,409290150,0,6,1,2560,23,3883601326
7318,409375802,1518,409377320,0,2,1,1536,11,6086192905
7319,409382740,10241,409392981,0,2,1,16384,11,1058752062
7320,409421687,77744,409499431,0,3,0,10752,37,5395265474
7321,409511887,65900,409577787,0,3,0,7168,37,1226668648
7322,409582590,3898,409586488,0,5,1,4096,7,473806583
7323,409586062,22950,409609012,0,3,1,37888,37,2326894501
7324,409686851,2470,409689321,0,0,1,2560,40,9222072020
7325,409692239,10499,409702738,0,2,1,16896,11,9785673489
7326,409742936,2470,409745406,0,6,1,2560,23,10133072790
7327,409796201,45179,409841380,0,3,1,77824,37,7382047284
7328,409815610,12737,409828347,0,7,1,24576,22,484460799
7329,409889575,566,409890141,0,8,1,512,5,980320027
7330,409933326,566,409933892,0,6,1,512,23,2695466672
7331,410057594,7706,410065300,0,2,1,8192,11,1678736313
7332,410067289,7230,410074519,0,5,1,7680,7,2224546906
7333,410102376,566,410102942,0,6,1,512,23,9368491018
7334,410116034,43904,410159938,0,2,0,512,11,2148520641
7335,410217509,2470,410219979,0,2,1,2560,11,6940459139
7336,410238699,7706,410246405,0,5,1,8192,7,9761402304
7337,410243629,53753,410297382,0,3,1,91136,37,2510516847
7338,410266170,278560,410544730,0,3,0,106496,37,10346349258
7339,410332869,6488,410339357,0,3,1,15872,37,862491329
7340,410352439,4162,410356601,0,2,1,11264,11,2939963750
7341,410454067,21916,410475983,0,3,1,35840,37,271267997
7342,410585170,108524,410693694,0,0,0,56320,40,1650131520
7343,410634064,3387,410637451,0,6,1,9728,23,8205634182
7344,410763305,2870,410766175,0,9,1,8704,5,1567116351
7345,410786014,34020,410820034,0,3,1,59392,37,2329626722
7346,410838390,566,410838956,0,9,1,512,5,4486088603
7347,410840505,13341,410853846,0,2,1,22528,11,10683739142
7348,410849753,6999,410856752,0,2,1,4608,11,3957402268
7349,410861367,4850,410866217,0,2,1,5120,11,2147772321
7350,410897569,102752,411000321,0,0,0,37376,40,5961149803
7351,410975938,106964,411082902,0,3,0,51200,37,3773331177
7352,410984325,2946,410987271,0,2,1,3072,11,8917859400
7353,411028438,1042,411029480,0,8,1,1024,5,5663408890
7354,411060443,1518,411061961,0,1,1,1536,38,1383533235
7355,411068490,56216,411124706,0,6,0,5632,23,7179264597
7356,411091382,3422,411094804,0,9,1,3584,5,2455941263
7357,411109606,45596,411155202,0,0,0,1024,40,2643883980
7358,411135802,1042,411136844,0,9,1,1024,5,3101950585
7359,411165816,12566,411178382,0,1,1,20992,38,7104608226
7360,411190872,104468,411295340,0,6,0,43008,23,9663872914
7361,411253149,566,411253715,0,1,1,512,38,8718072869
7362,411281283,33075,411314358,0,3,1,54272,37,2795209223
7363,411336588,1042,411337630,0,8,1,1024,5,5262828672
7364,411391348,3422,411394770,0,8,1,3584,5,8632345739
7365,411440299,102128,411542427,0,6,0,35328,23,10437608049
7366,411440812,115856,411556668,0,0,0,80384,40,4583302201
7367,411509405,111644,411621049,0,6,0,66560,23,2754672911
7368,411551706,43904,411595610,0,2,0,512,11,6141972625
7369,411557498,566,411558064,0,2,1,512,11,669560356
7370,411621517,1518,411623035,0,6,1,1536,23,5988748801
7371,411639493,5326,411644819,0,6,1,5632,23,189745459
7372,411679315,4374,411683689,0,1,1,4608,38,5448991284
7373,411696200,2470,411698670,0,9,1,2560,5,4845416895
7374,411752885,12737,411765622,0,3,1,24576,37,4019909543
7375,411832418,2946,411835364,0,4,1,3072,33,5865583415
7376,411871998,1518,411873516,0,1,1,1536,38,4107028362
7377,411873208,4374,411877582,0,2,1,4608,11,9949907149
7378,411903493,6278,411909771,0,1,1,6656,38,6185941587
7379,411945234,2870,411948104,0,4,1,8704,33,10167349468
7380,412059533,4679,412064212,0,2,1,12288,11,5800231604
7381,412074929,566,412075495,0,6,1,512,23,1319132594
7382,412123381,3645,412127026,0,8,1,10240,5,10702968088
7383,412195972,1042,412197014,0,6,1,1024,23,2715124816
7384,412254584,1994,412256578,0,7,1,2048,22,8568209586
7385,412255918,3904,412259822,0,1,1,10752,38,8697212221
7386,412289033,43904,412332937,0,2,0,512,11,10382537910
7387,412290054,566,412290620,0,9,1,512,5,8876650239
7388,412291068,57113,412348181,0,3,1,97792,37,9525672096
7389,412305375,3898,412309273,0,9,1,4096,5,1622735627
7390,412325392,34540,412359932,0,3,1,39936,37,2187342406
7391,412331488,1042,412332530,0,8,1,1024,5,460806764
7392,412449066,138057,412587123,0,3,0,31744,37,4265230270
7393,412454399,7706,412462105,0,6,1,8192,23,1476954269
7394,412521629,16354,412537983,0,3,1,31744,37,9446545662
7395,412528837,45596,412574433,0,2,0,1024,11,10591007067
7396,412530814,1994,412532808,0,1,1,2048,38,7925808515
7397,412610460,67592,412678052,0,3,0,7680,37,1007676113
7398,412626970,50672,412677642,0,6,0,2560,23,7438266820
7399,412627363,7706,412635069,0,6,1,8192,23,2009482258
7400,412643962,2946,412646908,0,9,1,3072,5,9001093747
7401,412648752,1518,412650270,0,6,1,1536,23,2111536867
7402,412659630,2470,412662100,0,7,1,2560,22,9868210738
7403,412662755,3422,412666177,0,2,1,3584,11,6461288327
7404,412700404,88364,412788768,0,3,0,15360,37,1130306853
7405,412736082,81128,412817210,0,0,0,11776,40,7537728447
7406,412777104,43904,412821008,0,2,0,512,11,893316407
7407,412783582,105560,412889142,0,0,0,46592,40,4088208180
7408,412830833,45596,412876429,0,2,0,1024,11,8021363962
7409,412878418,3422,412881840,0,1,1,3584,38,6598976418
7410,412897508,1994,412899502,0,4,1,2048,33,9771092696
7411,412915917,1518,412917435,0,6,1,1536,23,4958913439
7412,412936261,47288,412983549,0,2,0,1536,11,8303090695
7413,412942814,1042,412943856,0,8,1,1024,5,866822994
7414,412950329,4850,412955179,0,6,1,5120,23,3707332575
7415,412993028,12566,413005594,0,8,1,20992,5,611034969
7416,413143740,65900,413209640,0,3,0,7168,37,4326419872
7417,413232169,1518,413233687,0,6,1,1536,23,6467997626
7418,413242117,3387,413245504,0,6,1,9728,23,7277125362
7419,413431018,2470,413433488,0,6,1,2560,23,4978108965
7420,413551582,2470,413554052,0,9,1,2560,5,72137275
7421,413585430,100568,413685998,0,6,0,30208,23,1548141079
7422,413657596,5326,413662922,0,8,1,5632,5,1253568522
7423,413796481,101972,413898453,0,6,0,34816,23,9424934272
7424,413829550,5971,413835521,0,3,1,14848,37,4941222709
7425,413866601,3898,413870499,0,8,1,4096,5,2546017113
7426,413884415,4374,413888789,0,4,1,4608,33,9369788272
7427,413888175,128960,414017135,0,0,0,123392,40,6828042631
7428,413923965,104960,414028925,0,0,0,9728,40,8915547481
7429,413936245,30749,413966994,0,3,1,49664,37,9638377523
7430,413938709,113286,414051995,0,0,0,8704,40,1246354694
7431,413956890,105716,414062606,0,6,0,47104,23,5601697273
7432,413962015,112912,414074927,0,0,0,18432,40,8563359383
7433,413982235,1042,413983277,0,3,1,1024,37,4754513822
7434,414021294,20882,414042176,0,4,1,33792,33,1419871584
7435,414084738,3422,414088160,0,7,1,3584,22,5291107905
7436,414125114,107276,414232390,0,6,0,52224,23,7464001315
7437,414158422,1042,414159464,0,8,1,1024,5,4182892934
7438,414201254,88544,414289798,0,3,0,20992,37,9772698306
7439,414222693,3904,414226597,0,7,1,10752,22,4553316867
7440,414420298,98228,414518526,0,0,0,22528,40,10208099158
7441,414569245,43904,414613149,0,2,0,512,11,10372304340
7442,414595708,3898,414599606,0,9,1,4096,5,8665361484
7443,414624289,43904,414668193,0,2,0,512,11,8340734327
7444,414664411,1518,414665929,0,4,1,1536,33,5672959184
7445,414717930,61916,414779846,0,3,0,9216,37,2395577556
7446,414848341,54012,414902353,0,3,1,91648,37,7213289713
7447,414942312,1042,414943354,0,4,1,1024,33,129658343
7448,414942648,43904,414986552,0,2,0,512,11,494476295
7449,415036057,45596,415081653,0,2,0,1024,11,8323644169
7450,415049197,16354,415065551,0,3,1,31744,37,8974838159
7451,415050083,102440,415152523,0,0,0,36352,40,7260318011
7452,415054299,566,415054865,0,9,1,512,5,9967255705
7453,415395418,566,415395984,0,9,1,512,5,8029079257
7454,415476068,81440,415557508,0,6,0,12800,23,3380597416
7455,415542493,206816,415749309,0,6,0,217600,23,1989937984
7456,415554990,32816,415587806,0,3,1,53760,37,2784625828
7457,415654095,45596,415699691,0,2,0,1024,11,1479512673
7458,415755950,12995,415768945,0,3,1,25088,37,9214848420
7459,415785790,104624,415890414,0,3,0,43520,37,6982529587
7460,415793602,56216,415849818,0,0,0,5632,40,7221253530
7461,415810006,62516,415872522,0,6,0,6144,23,8621035904
7462,415830088,12049,415842137,0,3,1,19968,37,7932595448
7463,415870502,145301,416015803,0,3,0,28160,37,8215787779
7464,415949190,91304,416040494,0,3,0,19968,37,7426241490
7465,415961058,5802,415966860,0,7,1,6144,22,7830863642
7466,415982128,5326,415987454,0,7,1,5632,22,7316669773
7467,416036290,100412,416136702,0,0,0,29696,40,5597386836
7468,416045336,5326,416050662,0,7,1,5632,22,5124847416
7469,416050349,2946,416053295,0,4,1,3072,33,6485656279
7470,416076461,43904,416120365,0,2,0,512,11,10174826552
7471,416116102,60824,416176926,0,3,0,5632,37,5028464321
7472,416147333,5802,416153135,0,3,1,6144,37,9473476865
7473,416217836,104780,416322616,0,0,0,44032,40,6503470741
7474,416254317,75296,416329613,0,6,0,12800,23,3551328684
7475,416308115,103220,416411335,0,6,0,38912,23,579451842
7476,416312864,5712,416318576,0,9,1,14336,5,5501213008
7477,416414806,45437,416460243,0,3,1,78336,37,376028026
7478,416415123,11274,416426397,0,9,1,18432,5,4804350546
7479,416448692,61136,416509828,0,0,0,6656,40,6982111538
7480,416491745,566,416492311,0,7,1,512,22,1859520421
7481,416492325,77744,416570069,0,0,0,10752,40,7577314527
7482,416515196,22950,416538146,0,3,1,37888,37,7459653653
7483,416527069,142258,416669327,0,0,0,108544,40,4724248798
7484,416549164,164253,416713417,0,3,0,104960,37,8382905296
7485,416578260,43904,416622164,0,2,0,512,11,9051509496
7486,416589448,5196,416594644,0,3,1,13312,37,6166177362
7487,416618470,98852,416717322,0,0,0,24576,40,8555675444
7488,416627004,1994,416628998,0,7,1,2048,22,8962079142
7489,416640213,5802,416646015,0,8,1,6144,5,10531336233
7490,416756912,43904,416800816,0,2,0,512,11,6292357936
7491,416772524,4162,416776686,0,4,1,11264,33,3369123090
7492,416785055,12566,416797621,0,3,1,20992,37,8300886422
7493,416798640,3898,416802538,0,7,1,4096,22,1439421589
7494,416846367,1518,416847885,0,9,1,1536,5,6615934145
7495,416917762,21916,416939678,0,3,1,35840,37,6173104757
7496,416933220,43904,416977124,0,2,0,512,11,6257582780
7497,416951066,90680,417041746,0,6,0,17920,23,2330426307
7498,417105556,15837,417121393,0,9,1,30720,5,10731314703
7499,417192195,86672,417278867,0,3,0,14848,37,1672987837
7500,417222679,1994,417224673,0,7,1,2048,22,6154242456
7501,417247910,12825,417260735,0,4,1,21504,33,7695295770
7502,417300664,45596,417346260,0,2,0,1024,11,10709089283
7503,417353787,4374,417358161,0,4,1,4608,33,762569240
7504,417407704,11016,417418720,0,4,1,17920,33,9283142705
7505,417469762,104000,417573762,0,6,0,41472,23,414503512
7506,417496433,20366,417516799,0,9,1,32768,5,2359918903
7507,417499106,152206,417651312,0,6,0,62976,23,8569284181
7508,417505950,23636,417529586,0,9,1,41472,5,7217077650
7509,417539012,45596,417584608,0,2,0,1024,11,4407948181
7510,417562655,163004,417725659,0,0,0,144384,40,5578332886
7511,417598785,1994,417600779,0,7,1,2048,22,6889633698
7512,417665796,43904,417709700,0,2,0,512,11,1130486561
7513,417877235,100568,417977803,0,0,0,30208,40,3633106872
7514,417928005,43904,417971909,0,2,0,512,11,3510164009
7515,418019741,57440,418077181,0,3,0,4608,37,5039392454
7516,418042130,3387,418045517,0,9,1,9728,5,4581050988
7517,418045867,22433,418068300,0,9,1,36864,5,9374696993
7518,418088603,10757,418099360,0,3,1,17408,37,2866757197
7519,418123650,111020,418234670,0,6,0,64512,23,7614507992
7520,418209858,566,418210424,0,4,1,512,33,1662405588
7521,418358792,1994,418360786,0,7,1,2048,22,3517294427
7522,418675824,43904,418719728,0,2,0,512,11,2852496164
7523,418713841,1042,418714883,0,4,1,1024,33,9966178811
7524,418857591,566,418858157,0,4,1,512,33,7457054925
7525,418903660,47288,418950948,0,2,0,1536,11,7112129637
7526,419019471,72541,419092012,0,9,1,117760,5,8487229989
7527,419059309,566,419059875,0,4,1,512,33,68511826
7528,419064289,43174,419107463,0,9,1,57344,5,9874998471
7529,419095236,100412,419195648,0,3,0,29696,37,6098872303
7530,419143379,87764,419231143,0,6,0,18432,23,2913202389
7531,419153772,93932,419247704,0,0,0,23552,40,10269409310
7532,419187903,10241,419198144,0,4,1,16384,33,4334640746
7533,419193908,3422,419197330,0,1,1,3584,38,7808834180
7534,419206636,51257,419257893,0,9,1,82944,5,3598043315
7535,419210325,123689,419334014,0,0,0,78848,40,677648135
7536,419335327,43904,419379231,0,2,0,512,11,5803584556
7537,419371462,108056,419479518,0,6,0,54784,23,2541267238
7538,419394896,43112,419438008,0,3,1,73728,37,9490838348
7539,419405824,4850,419410674,0,4,1,5120,33,7953947495
7540,419457917,12566,419470483,0,9,1,20992,5,966132535
7541,419488976,51257,419540233,0,3,1,82944,37,7429041908
7542,419697629,1518,419699147,0,5,1,1536,7,8720564136
7543,419732579,1994,419734573,0,9,1,2048,5,7880274086
7544,419836955,4679,419841634,0,4,1,12288,33,11156571
7545,419872938,1994,419874932,0,4,1,2048,33,3308409591
7546,420008622,3422,420012044,0,4,1,3584,33,6791159202
7547,420058341,65687,420124028,0,3,1,111104,37,4913493074
7548,420239126,7706,420246832,0,5,1,8192,7,2886447860
7549,420268928,110552,420379480,0,3,0,62976,37,3384296943
7550,420271117,566,420271683,0,5,1,512,7,4048122180
7551,420298520,4374,420302894,0,4,1,4608,33,7597904466
7552,420323011,43904,420366915,0,2,0,512,11,3518195386
7553,420468010,73292,420541302,0,3,0,11264,37,2486892475
7554,420476249,174763,420651012,0,3,0,143360,37,9055385056
7555,420659584,184088,420843672,0,6,0,153088,23,5872470577
7556,420765850,566,420766416,0,3,1,512,37,4504588913
7557,420825750,22691,420848441,0,3,1,37376,37,7351017360
7558,420873513,204294,421077807,0,3,0,19456,37,6969006013
7559,421014824,12995,421027819,0,3,1,25088,37,9215596670
7560,421121163,23983,421145146,0,3,1,39936,37,4364355060
7561,421297698,33075,421330773,0,3,1,54272,37,5247070311
7562,421372687,14117,421386804,0,3,1,24064,37,8396062062
7563,421374417,17213,421391630,0,3,1,7680,37,2300883254
7564,421386213,150267,421536480,0,3,0,46080,37,7042441691
7565,421403664,45596,421449260,0,2,0,1024,11,7383124472
7566,421466261,5326,421471587,0,4,1,5632,33,9591848755
7567,421486004,66680,421552684,0,0,0,9728,40,6871597528
7568,421488088,45596,421533684,0,2,0,1024,11,8061096633
7569,421512368,1994,421514362,0,4,1,2048,33,7628715386
7570,421514007,22488,421536495,0,3,1,16896,37,1759407491
7571,421595178,45596,421640774,0,6,0,1024,23,2967010062
7572,421621995,5802,421627797,0,4,1,6144,33,2641492639
7573,421680678,47288,421727966,0,2,0,1536,11,6781593405
7574,421714905,1518,421716423,0,4,1,1536,33,8113101611
7575,421786954,5971,421792925,0,3,1,14848,37,6437812420
7576,421838458,3422,421841880,0,4,1,3584,33,5674764915
7577,421923145,3422,421926567,0,4,1,3584,33,380677733
7578,422084935,5326,422090261,0,3,1,5632,37,8754446854
7579,422271230,98852,422370082,0,6,0,24576,23,8071940473
7580,422329922,85760,422415682,0,6,0,16896,23,5734911926
7581,422348899,2470,422351369,0,5,1,2560,7,6159520670
7582,422527415,95468,422622883,0,6,0,23552,23,9472421580
7583,422599042,7230,422606272,0,1,1,7680,38,3504121486
7584,422659389,119288,422778677,0,3,0,91648,37,2829168936
7585,422666965,6754,422673719,0,0,1,7168,40,2275086153
7586,422684479,55748,422740227,0,6,0,4096,23,2994002957
7587,422694888,77643,422772531,0,6,0,14336,23,10385172232
7588,422696171,1042,422697213,0,1,1,1024,38,10530968645
7589,422733602,43904,422777506,0,2,0,512,11,5093211152
7590,422746236,566,422746802,0,0,1,512,40,10127532078
7591,422765588,1042,422766630,0,5,1,1024,7,10571378688
7592,422790949,3422,422794371,0,4,1,3584,33,6796964207
7593,422837222,82844,422920066,0,6,0,17408,23,7141238546
7594,422846041,56854,422902895,0,3,1,97280,37,5846306237
7595,422898830,1042,422899872,0,4,1,1024,33,4335017064
7596,422902527,127545,423030072,0,3,0,23040,37,6363438569
7597,422917508,115388,423032896,0,0,0,78848,40,10601226899
7598,422919589,3422,422923011,0,5,1,3584,7,10692260331
7599,422974061,106936,423080997,0,0,0,2560,40,5054764359
7600,422979166,101036,423080202,0,0,0,31744,40,4483111443
7601,423029235,4733,423033968,0,3,1,10752,37,5834307497
7602,423167867,206036,423373903,0,6,0,215040,23,8011482954
7603,423287965,10241,423298206,0,1,1,16384,38,3822757503
7604,423412640,99632,423512272,0,0,0,27136,40,1614155349
7605,423450740,5326,423456066,0,5,1,5632,7,5506187678
7606,423474716,566,423475282,0,4,1,512,33,10554710948
7607,423526049,100568,423626617,0,0,0,30208,40,9309053033
7608,423531615,3422,423535037,0,4,1,3584,33,6879950118
7609,423638401,4679,423643080,0,1,1,12288,38,1027135431
7610,423673391,32041,423705432,0,3,1,52224,37,77361890
7611,423780976,11533,423792509,0,5,1,18944,7,1699466926
7612,423818088,1518,423819606,0,5,1,1536,7,4018709067
7613,423822426,20366,423842792,0,9,1,32768,5,1432645026
7614,423828647,31266,423859913,0,3,1,50688,37,2923889608
7615,423860835,55045,423915880,0,3,1,93696,37,7623526963
7616,423909606,4850,423914456,0,4,1,5120,33,2358815142
7617,423938458,4374,423942832,0,1,1,4608,38,498676562
7618,423945380,110721,424056101,0,3,0,8192,37,5481657476
7619,423952410,3422,423955832,0,5,1,3584,7,784186803
7620,424019956,4374,424024330,0,4,1,4608,33,7542900753
7621,424029459,566,424030025,0,5,1,512,7,2600148052
7622,424046196,566,424046762,0,4,1,512,33,3707858752
7623,424053072,3422,424056494,0,4,1,3584,33,4764664278
7624,424094756,43904,424138660,0,2,0,512,11,4320664075
7625,424136447,106028,424242475,0,0,0,48128,40,1933384399
7626,424154459,118305,424272764,0,6,0,83968,23,10008071143
7627,424176126,98837,424274963,0,6,0,7168,23,3008159989
7628,424198784,43904,424242688,0,3,0,512,37,2248511569
7629,424201291,1518,424202809,0,4,1,1536,33,7430015640
7630,424250902,84536,424335438,0,3,0,17920,37,1096578197
7631,424271888,43904,424315792,0,2,0,512,11,5721905657
7632,424283251,1518,424284769,0,5,1,1536,7,6214552520
7633,424306229,59132,424365361,0,0,0,5120,40,10492909808
7634,424326301,98072,424424373,0,0,0,22016,40,9723646583
7635,424398622,45596,424444218,0,2,0,1024,11,5943351507
7636,424473468,15579,424489047,0,4,1,30208,33,147257997
7637,424505864,89144,424595008,0,7,0,17920,22,7903785602
7638,424539383,76052,424615435,0,6,0,10240,23,4113196800
7639,424769639,45179,424814818,0,3,1,77824,37,777943120
7640,424862891,35571,424898462,0,3,1,62464,37,7968192751
7641,424883036,21737,424904773,0,3,1,30208,37,8069852113
7642,424917634,85628,425003262,0,0,0,21504,40,8367782916
7643,424938703,1518,424940221,0,5,1,1536,7,8085627535
7644,424999874,5802,425005676,0,5,1,6144,7,1216294308
7645,425019257,5802,425025059,0,1,1,6144,38,7210965595
7646,425028624,12566,425041190,0,3,1,20992,37,3580570693
7647,425058806,86516,425145322,0,7,0,14336,22,2025348509
7648,425059089,566,425059655,0,5,1,512,7,8766516240
7649,425064991,3898,425068889,0,5,1,4096,7,4530637229
7650,425070378,114452,425184830,0,7,0,75776,22,10581679801
7651,425105382,164672,425270054,0,7,0,55808,22,5813614653
7652,425147453,1042,425148495,0,5,1,1024,7,4989204950
7653,425217599,70532,425288131,0,3,0,12288,37,6635724685
7654,425268834,119600,425388434,0,0,0,92672,40,8987804060
7655,425286604,57440,425344044,0,6,0,4608,23,10117129787
7656,425310389,127712,425438101,0,3,0,119296,37,9028759164
7657,425362045,26479,425388524,0,3,1,48128,37,6550530807
7658,425439132,43904,425483036,0,2,0,512,11,10478623245
7659,425496323,15062,425511385,0,3,1,29184,37,2521006382
7660,425642450,99944,425742394,0,0,0,28160,40,6790721654
7661,425736879,167324,425904203,0,3,0,148480,37,10267281709
7662,425813344,99632,425912976,0,0,0,27136,40,6804217915
7663,425851039,136679,425987718,0,0,0,39424,40,318403008
7664,425864311,1042,425865353,0,5,1,1024,7,7576164272
7665,425874342,121289,425995631,0,3,0,15360,37,3034021378
7666,425875619,103532,425979151,0,7,0,39936,22,5482720033
7667,426019786,43904,426063690,0,2,0,512,11,1928836504
7668,426119070,4679,426123749,0,2,1,12288,11,5096869277
7669,426121921,22433,426144354,0,3,1,36864,37,2960866607
7670,426132383,4679,426137062,0,4,1,12288,33,3466222863
7671,426213210,50672,426263882,0,0,0,2560,40,31122821
7672,426310996,63362,426374358,0,3,1,106496,37,5522352402
7673,426355464,4374,426359838,0,8,1,4608,5,3742040082
7674,426410786,67928,426478714,0,0,0,13824,40,7595703055
7675,426446513,2870,426449383,0,8,1,8704,5,8778530186
7676,426448781,1518,426450299,0,4,1,1536,33,941231382
7677,426484326,3904,426488230,0,3,1,10752,37,4108752207
7678,426565498,104312,426669810,0,6,0,42496,23,9439509646
7679,426596668,12049,426608717,0,3,1,19968,37,8014695466
7680,426629915,566,426630481,0,2,1,512,11,439167563
7681,426653270,74828,426728098,0,6,0,11264,23,10476054872
7682,426670222,1518,426671740,0,8,1,1536,5,5537029500
7683,426689159,85916,426775075,0,0,0,17408,40,8708416979
7684,426711899,43904,426755803,0,2,0,512,11,4768144191
7685,426759045,61124,426820169,0,3,1,98816,37,1822210281
7686,426788968,98408,426887376,0,7,0,28160,22,1055774632
7687,426802581,48980,426851561,0,0,0,2048,40,3094168936
7688,426809455,166256,426975711,0,6,0,150016,23,7662805579
7689,426869062,114296,426983358,0,7,0,75264,22,1230459229
7690,426929297,7706,426937003,0,5,1,8192,7,9443975242
7691,427003606,7230,427010836,0,5,1,7680,7,10384810830
7692,427086848,1042,427087890,0,5,1,1024,7,1542663057
7693,427130851,4374,427135225,0,8,1,4608,5,9697111113
7694,427153850,66721,427220571,0,3,1,113152,37,3670290269
7695,427166039,3898,427169937,0,5,1,4096,7,7422112655
7696,427235799,1518,427237317,0,5,1,1536,7,5912547924
7697,427317545,45596,427363141,0,2,0,1024,11,6394428789
7698,427353627,5326,427358953,0,0,1,5632,40,2000979082
7699,427357548,1042,427358590,0,8,1,1024,5,5259579330
7700,427367754,118352,427486106,0,6,0,88576,23,4872390147
7701,427452403,6278,427458681,0,8,1,6656,5,9122389364
7702,427458238,118456,427576694,0,0,0,33792,40,7458460286
7703,427460973,4374,427465347,0,0,1,4608,40,2462146445
7704,427506626,99476,427606102,0,6,0,26624,23,1524821484
7705,427510019,45596,427555615,0,2,0,1024,11,7803163963
7706,427574491,3422,427577913,0,8,1,3584,5,1007749892
7707,427657053,100412,427757465,0,7,0,29696,22,3383969133
7708,427923241,125372,428048613,0,0,0,111616,40,9100228291
7709,427940143,1518,427941661,0,5,1,1536,7,470847343
7710,427972658,6754,427979412,0,5,1,7168,7,6594183174
7711,428004045,94376,428098421,0,7,0,19968,22,6911765140
7712,428070730,94219,428164949,0,7,0,9216,22,8030918240
7713,428086594,47288,428133882,0,2,0,1536,11,3447724174
7714,428158071,5712,428163783,0,0,1,14336,40,3628929055
7715,428251759,566,428252325,0,8,1,512,5,5845647997
7716,428266959,107744,428374703,0,6,0,53760,23,4138702574
7717,428467157,118976,428586133,0,6,0,90624,23,9714768729
7718,428594263,2870,428597133,0,5,1,8704,7,5678578078
7719,428707425,94844,428802269,0,7,0,21504,22,408196020
7720,428709883,2870,428712753,0,5,1,8704,7,6834071688
7721,428738985,111332,428850317,0,0,0,65536,40,2132564649
7722,428766604,2946,428769550,0,8,1,3072,5,1711869730
7723,428811358,45596,428856954,0,2,0,1024,11,4002864401
7724,428848647,113828,428962475,0,6,0,73728,23,1603559171
7725,428869617,10241,428879858,0,8,1,16384,5,2616965867
7726,428897201,45596,428942797,0,7,0,1024,22,1177866145
7727,428902124,60824,428962948,0,0,0,5632,40,5130631494
7728,428912968,1042,428914010,0,5,1,1024,7,4106637710
7729,428940493,1518,428942011,0,0,1,1536,40,6711184427
7730,428985236,5326,428990562,0,5,1,5632,7,2740635197
7731,428986118,45596,429031714,0,2,0,1024,11,5846671921
7732,429128908,47288,429176196,0,2,0,1536,11,2538470423
7733,429142048,5326,429147374,0,0,1,5632,40,7005730899
7734,429205069,1994,429207063,0,0,1,2048,40,1205798792
7735,429284948,4850,429289798,0,8,1,5120,5,5702125661
7736,429286631,45596,429332227,0,7,0,1024,22,3217053160
7737,429427619,3898,429431517,0,0,1,4096,40,7227143042
7738,429440487,20366,429460853,0,3,1,32768,37,1322030
7739,429526534,48980,429575514,0,2,0,2048,11,2586598062
7740,429565334,47288,429612622,0,2,0,1536,11,10363747670
7741,429624284,6754,429631038,0,0,1,7168,40,6330749583
7742,429655463,566,429656029,0,0,1,512,40,1157091656
7743,429697925,2470,429700395,0,8,1,2560,5,4533644284
7744,429712687,6754,429719441,0,0,1,7168,40,8949268075
7745,429718452,2870,429721322,0,5,1,8704,7,6892309069
7746,429722320,101036,429823356,0,7,0,31744,22,1333921112
7747,429732244,3422,429735666,0,0,1,3584,40,895320457
7748,429815940,104468,429920408,0,0,0,43008,40,2028250858
7749,429857618,1994,429859612,0,0,1,2048,40,9812688032
7750,429869647,2946,429872593,0,5,1,3072,7,6772917823
7751,429932117,10499,429942616,0,3,1,16896,37,1301664030
7752,429986078,4420,429990498,0,0,1,11776,40,3245867885
7753,430006269,3422,430009691,0,8,1,3584,5,4880437259
7754,430128134,4850,430132984,0,8,1,5120,5,3523117148
7755,430138430,47288,430185718,0,2,0,1536,11,4475308563
7756,430157265,52520,430209785,0,7,0,3584,22,5773444989
7757,430440081,43904,430483985,0,2,0,512,11,3638715564
7758,430534027,32299,430566326,0,3,1,52736,37,3647690523
7759,430589784,6278,430596062,0,8,1,6656,5,10620294345
7760,430663681,2946,430666627,0,3,1,3072,37,3428584385
7761,430717218,3128,430720346,0,4,1,9216,33,454575204
7762,430772845,6278,430779123,0,5,1,6656,7,4018228045
7763,430790218,111176,430901394,0,6,0,65024,23,968165792
7764,430998055,109304,431107359,0,0,0,58880,40,10492412502
7765,430998740,54368,431053108,0,2,0,4608,11,10449497908
7766,431130211,99944,431230155,0,6,0,28160,23,8249548937
7767,431199417,2946,431202363,0,8,1,3072,5,5686306766
7768,431225095,237308,431462403,0,0,0,267264,40,6000207982
7769,431238457,2470,431240927,0,3,1,2560,37,4343271938
7770,431248410,104936,431353346,0,6,0,44544,23,10244947987
7771,431319983,172387,431492370,0,0,0,98304,40,10455078198
7772,431348321,100568,431448889,0,7,0,30208,22,5288140562
7773,431437835,1518,431439353,0,8,1,1536,5,1917780119
7774,431456199,6754,431462953,0,8,1,7168,5,3231828546
7775,431481848,105248,431587096,0,7,0,45568,22,1227973294
7776,431528180,6754,431534934,0,3,1,7168,37,3173325067
7777,431570266,101348,431671614,0,2,0,32768,11,2164438424
7778,431627765,2470,431630235,0,8,1,2560,5,10250841028
7779,431680818,95288,431776106,0,7,0,17920,22,5697210559
7780,431691236,65612,431756848,0,6,0,11264,23,2647827186
7781,431768363,101660,431870023,0,7,0,33792,22,8585088990
7782,431840824,115232,431956056,0,7,0,78336,22,7444084131
7783,431863379,1518,431864897,0,8,1,1536,5,2263788564
7784,432309818,86252,432396070,0,0,0,23552,40,421579464
7785,432324858,43904,432368762,0,2,0,512,11,8516851739
7786,432347010,105560,432452570,0,7,0,46592,22,6582844879
7787,432588152,107276,432695428,0,7,0,52224,22,10352589138
7788,432590457,72668,432663125,0,6,0,9216,23,9413393988
7789,432788956,103064,432892020,0,2,0,38400,11,13882849
7790,432885012,7230,432892242,0,8,1,7680,5,8360931448
7791,432975241,128180,433103421,0,7,0,120832,22,966293568
7792,433206216,1518,433207734,0,8,1,1536,5,9173045983
7793,433295114,98540,433393654,0,6,0,23552,23,9605668789
7794,433301900,102128,433404028,0,2,0,35328,11,5316792332
7795,433449950,104624,433554574,0,6,0,43520,23,2197139926
7796,433546169,97916,433644085,0,2,0,21504,11,10432811290
7797,433584343,6278,433590621,0,2,1,6656,11,5855987717
7798,433757752,3898,433761650,0,8,1,4096,5,9882693441
7799,433758050,71156,433829206,0,0,0,14336,40,5955367698
7800,433762105,10241,433772346,0,4,1,16384,33,10211253233
7801,433895432,3645,433899077,0,2,1,10240,11,9901516197
7802,434052080,7230,434059310,0,5,1,7680,7,9282362990
7803,434126920,1518,434128438,0,5,1,1536,7,6046809056
7804,434154093,3898,434157991,0,5,1,4096,7,6626384706
7805,434241439,2470,434243909,0,2,1,2560,11,10129086042
7806,434248776,43904,434292680,0,7,0,512,22,7614253041
7807,434336223,4850,434341073,0,5,1,5120,7,4148987692
7808,434562157,113516,434675673,0,7,0,72704,22,4232211645
7809,434616360,94244,434710604,0,2,0,24576,11,1533276173
7810,434646324,103376,434749700,0,6,0,39424,23,1711549410
7811,434651737,3898,434655635,0,4,1,4096,33,8666403867
7812,434657239,109928,434767167,0,0,0,60928,40,6268384731
7813,434728833,7706,434736539,0,2,1,8192,11,8127652841
7814,434739706,73760,434813466,0,2,0,12800,11,6228488971
7815,434747425,1994,434749419,0,2,1,2048,11,8939238576
7816,434760363,112580,434872943,0,7,0,69632,22,3051558276
7817,434769505,50672,434820177,0,0,0,2560,40,10315288982
7818,434809415,6278,434815693,0,2,1,6656,11,4719919630
7819,434849874,117260,434967134,0,7,0,84992,22,9254000682
7820,434863467,170765,435034232,0,7,0,72192,22,6618393653
7821,434918761,1994,434920755,0,5,1,2048,7,3237867992
7822,435008878,3898,435012776,0,4,1,4096,33,2016854824
7823,435024630,10499,435035129,0,5,1,16896,7,3946347488
7824,435064163,3422,435067585,0,4,1,3584,33,4385074169
7825,435072459,5802,435078261,0,4,1,6144,33,5078486996
7826,435105080,5326,435110406,0,8,1,5632,5,5922469290
7827,435132471,114920,435247391,0,2,0,77312,11,5466115824
7828,435135727,22691,435158418,0,5,1,37376,7,9516953232
7829,435171548,1518,435173066,0,4,1,1536,33,74451604
7830,435197679,4850,435202529,0,5,1,5120,7,10456214895
7831,435234706,100568,435335274,0,0,0,30208,40,5989632120
7832,435277442,566,435278008,0,2,1,512,11,8315192194
7833,435303250,6278,435309528,0,2,1,6656,11,8035541182
7834,435386921,107744,435494665,0,0,0,53760,40,2343480880
7835,435475474,6229,435481703,0,2,1,15360,11,2527960179
7836,435568680,2946,435571626,0,4,1,3072,33,4733674807
7837,435595003,2470,435597473,0,8,1,2560,5,8551673191
7838,435673223,97916,435771139,0,7,0,21504,22,7584554490
7839,435712943,99788,435812731,0,2,0,27648,11,2284401695
7840,435807540,106219,435913759,0,2,0,31744,11,9495434970
7841,435852398,1518,435853916,0,8,1,1536,5,1212258137
7842,435887670,6278,435893948,0,2,1,6656,11,3378008369
7843,435908976,79277,435988253,0,2,0,6144,11,500764856
7844,435967344,2946,435970290,0,2,1,3072,11,8811877891
7845,436336561,4374,436340935,0,8,1,4608,5,7005926342
7846,436610317,1994,436612311,0,4,1,2048,33,443943012
7847,436621980,103688,436725668,0,7,0,40448,22,209639048
7848,436666704,101348,436768052,0,2,0,32768,11,8498704419
7849,436687144,2946,436690090,0,5,1,3072,7,6708528756
7850,436693265,54836,436748101,0,0,0,6144,40,35298841
7851,436730861,1994,436732855,0,8,1,2048,5,8443908768
7852,436777584,566,436778150,0,8,1,512,5,1030562281
7853,436866310,3898,436870208,0,8,1,4096,5,9875229181
7854,436899895,4374,436904269,0,4,1,4608,33,7011163194
7855,436938306,31783,436970089,0,9,1,51712,5,10686314968
7856,436952249,105716,437057965,0,0,0,47104,40,10462425764
7857,436953946,67403,437021349,0,9,1,114176,5,10652849727
7858,437022458,1042,437023500,0,5,1,1024,7,3584598993
7859,437081440,129584,437211024,0,6,0,125440,23,6081041594
7860,437086128,1994,437088122,0,4,1,2048,33,8167935322
7861,437126848,4374,437131222,0,4,1,4608,33,344105009
7862,437138630,2946,437141576,0,6,1,3072,23,7969868807
7863,437462608,73316,437535924,0,9,1,119296,5,5942651904
7864,437484767,4374,437489141,0,5,1,4608,7,3796840280
7865,437561543,1518,437563061,0,5,1,1536,7,235040911
7866,437565369,184064,437749433,0,7,0,147968,22,7853874782
7867,437678472,10757,437689229,0,4,1,17408,33,3793979696
7868,437747331,99788,437847119,0,0,0,27648,40,6988233962
7869,437798518,80708,437879226,0,6,0,20480,23,6691366410
7870,437814234,4850,437819084,0,4,1,5120,33,5804124269
7871,437954229,1994,437956223,0,4,1,2048,33,9028557683
7872,438071530,13253,438084783,0,4,1,25600,33,1012308448
7873,438147356,93644,438241000,0,0,0,27648,40,2868924131
7874,438322816,59132,438381948,0,0,0,5120,40,4547987435
7875,438333008,2470,438335478,0,4,1,2560,33,10140989909
7876,438373835,1518,438375353,0,5,1,1536,7,857866770
7877,438380774,5326,438386100,0,5,1,5632,7,5832102029
7878,438402129,48980,438451109,0,0,0,2048,40,7824253081
7879,438443134,102284,438545418,0,0,0,35840,40,9250357800
7880,438453983,106426,438560409,0,0,0,49152,40,6958220222
7881,438714487,114140,438828627,0,0,0,74752,40,917053568
7882,438730038,64388,438794426,0,2,0,12288,11,1543883476
7883,438854670,102284,438956954,0,6,0,35840,23,7251372736
7884,438893282,4850,438898132,0,5,1,5120,7,5563748165
7885,438919199,64208,438983407,0,0,0,6656,40,2646953217
7886,438980466,76700,439057166,0,0,0,17408,40,824816721
7887,439007803,48980,439056783,0,6,0,2048,23,4992084950
7888,439019348,100256,439119604,0,2,0,29184,11,363708603
7889,439204132,104000,439308132,0,6,0,41472,23,6000559837
7890,439258054,62828,439320882,0,2,0,7168,11,3218837885
7891,439279757,50672,439330429,0,0,0,2560,40,942854489
7892,439309590,91772,439401362,0,7,0,21504,22,3021543985
7893,439422777,149912,439572689,0,0,0,136704,40,6827403114
7894,439439258,1994,439441252,0,5,1,2048,7,7642755671
7895,439545888,95600,439641488,0,6,0,18944,23,1762214337
7896,439551394,116263,439667657,0,0,0,16896,40,10095938012
7897,439624818,43904,439668722,0,7,0,512,22,4910748031
7898,439639913,3422,439643335,0,4,1,3584,33,468122601
7899,439728168,47288,439775456,0,7,0,1536,22,7015985949
7900,439818038,45596,439863634,0,7,0,1024,22,9950251282
7901,439887959,75476,439963435,0,2,0,18432,11,6969133483
7902,439953272,110987,440064259,0,2,0,49664,11,4792211128
7903,440056388,99143,440155531,0,2,0,14848,11,4952280065
7904,440110770,3898,440114668,0,4,1,4096,33,8904939981
7905,440159780,2470,440162250,0,4,1,2560,33,1101035022
7906,440185700,86984,440272684,0,0,0,15872,40,3153647621
7907,440212996,89924,440302920,0,6,0,20480,23,6904893922
7908,440214110,153250,440367360,0,6,0,70656,23,4802923132
7909,440237912,12825,440250737,0,5,1,21504,7,6049943583
7910,440251033,5326,440256359,0,5,1,5632,7,3152576662
7911,440299139,6278,440305417,0,4,1,6656,33,4576760877
7912,440415058,100100,440515158,0,0,0,28672,40,1076087607
7913,440481078,55904,440536982,0,0,0,4608,40,8528408372
7914,440543129,80840,440623969,0,6,0,15872,23,6664228692
7915,440676079,1042,440677121,0,5,1,1024,7,5911518090
7916,440704858,103064,440807922,0,6,0,38400,23,5379302454
7917,440814150,82400,440896550,0,6,0,20992,23,5744850184
7918,440963664,90680,441054344,0,0,0,17920,40,4019157058
7919,441374471,1042,441375513,0,5,1,1024,7,6269669156
7920,441392309,1518,441393827,0,4,1,1536,33,8225919617
7921,441436853,110864,441547717,0,0,0,64000,40,5328593525
7922,441461818,3422,441465240,0,2,1,3584,11,1187111683
7923,441531954,566,441532520,0,4,1,512,33,1159937863
7924,441542591,1994,441544585,0,4,1,2048,33,8743593299
7925,441563815,4937,441568752,0,2,1,12800,11,9998325635
7926,441579842,43904,441623746,0,7,0,512,22,2810622401
7927,441595247,43904,441639151,0,7,0,512,22,5545371016
7928,441635642,121316,441756958,0,6,0,98304,23,6137647363
7929,441636419,103688,441740107,0,0,0,40448,40,4355150962
7930,441833147,1518,441834665,0,5,1,1536,7,9944272622
7931,442185411,5712,442191123,0,2,1,14336,11,9424601632
7932,442203664,3904,442207568,0,4,1,10752,33,7529414773
7933,442224548,3898,442228446,0,2,1,4096,11,3798955207
7934,442250711,4374,442255085,0,5,1,4608,7,9847797504
7935,442256617,69152,442325769,0,6,0,12800,23,7228467123
7936,442271788,127244,442399032,0,6,0,117760,23,7353521606
7937,442304444,1518,442305962,0,5,1,1536,7,1703761125
7938,442374028,4850,442378878,0,5,1,5120,7,3488206951
7939,442440383,118614,442558997,0,0,0,38912,40,2156321610
7940,442455777,71444,442527221,0,0,0,10240,40,7016182938
7941,442521306,1042,442522348,0,4,1,1024,33,7171318057
7942,442525114,2946,442528060,0,5,1,3072,7,9596462640
7943,442756636,45752,442802388,0,7,0,1536,22,2660767006
7944,442833785,4850,442838635,0,5,1,5120,7,8817519040
7945,442844852,1518,442846370,0,1,1,1536,38,1848601845
7946,442883614,566,442884180,0,5,1,512,7,5690172250
7947,442900176,45596,442945772,0,7,0,1024,22,4772167036
7948,443029605,6278,443035883,0,8,1,6656,5,6808352034
7949,443048832,1042,443049874,0,4,1,1024,33,9493732808
7950,443089255,3128,443092383,0,8,1,9216,5,7002262042
7951,443098826,98720,443197546,0,6,0,29184,23,10054517505
7952,443243678,1042,443244720,0,2,1,1024,11,3814470855
7953,443362664,4850,443367514,0,4,1,5120,33,2529761977
7954,443362933,43904,443406837,0,7,0,512,22,7940171645
7955,443450762,99008,443549770,0,2,0,25088,11,2880371313
7956,443524930,99632,443624562,0,2,0,27136,11,2749008287
7957,443569885,4679,443574564,0,2,1,12288,11,10138796298
7958,443611858,4850,443616708,0,4,1,5120,33,10523634889
7959,443650373,3128,443653501,0,2,1,9216,11,2791814130
7960,443698191,3898,443702089,0,4,1,4096,33,297515498
7961,443735541,1042,443736583,0,4,1,1024,33,8117912084
7962,443830333,3898,443834231,0,5,1,4096,7,846982483
7963,443858565,566,443859131,0,7,1,512,22,7184678626
7964,443893170,3128,443896298,0,8,1,9216,5,10567245253
7965,443914100,3645,443917745,0,2,1,10240,11,707535131
7966,443939386,4374,443943760,0,8,1,4608,5,988282142
7967,443968334,3422,443971756,0,4,1,3584,33,544661427
7968,444022003,116636,444138639,0,2,0,82944,11,2319215296
7969,444071427,5454,444076881,0,5,1,13824,7,3375994974
7970,444153611,566,444154177,0,5,1,512,7,4511920592
7971,444165369,4937,444170306,0,2,1,12800,11,2635188976
7972,444246885,1042,444247927,0,8,1,1024,5,7231286303
7973,444248442,6754,444255196,0,5,1,7168,7,7613864260
7974,444287782,71756,444359538,0,0,0,11264,40,1762599631
7975,444294188,4374,444298562,0,7,1,4608,22,9016190122
7976,444457936,45596,444503532,0,7,0,1024,22,4254463377
7977,444475758,43904,444519662,0,7,0,512,22,9449252527
7978,444500362,5326,444505688,0,4,1,5632,33,6384700510
7979,444519406,3387,444522793,0,7,1,9728,22,8777666815
7980,444578048,1042,444579090,0,2,1,1024,11,2455456741
7981,444586249,2470,444588719,0,5,1,2560,7,4861000132
7982,444609433,5802,444615235,0,5,1,6144,7,6154396473
7983,444635741,1042,444636783,0,5,1,1024,7,664309061
7984,444681099,6278,444687377,0,2,1,6656,11,10653021349
7985,444718920,43904,444762824,0,7,0,512,22,2115324644
7986,444839262,4374,444843636,0,4,1,4608,33,8458259345
7987,444842307,43904,444886211,0,7,0,512,22,8858872013
7988,444845806,6278,444852084,0,5,1,6656,7,6960684798
7989,444970706,2470,444973176,0,4,1,2560,33,5894674322
7990,445053486,125060,445178546,0,0,0,110592,40,6155732944
7991,445078314,3128,445081442,0,4,1,9216,33,2934392154
7992,445082209,45596,445127805,0,7,0,1024,22,7743086470
7993,445125956,118976,445244932,0,2,0,90624,11,9086694712
7994,445154214,4374,445158588,0,4,1,4608,33,7371484165
7995,445200504,6278,445206782,0,7,1,6656,22,6522231088
7996,445251241,5326,445256567,0,4,1,5632,33,260406813
7997,445333138,566,445333704,0,7,1,512,22,1317412923
7998,445357417,102908,445460325,0,6,0,37888,23,10332533938
7999,445394320,1042,445395362,0,8,1,1024,5,9387641625
8000,445444226,3422,445447648,0,4,1,3584,33,912346534
8001,445493489,80840,445574329,0,6,0,15872,23,7595528359
8002,445496428,1994,445498422,0,4,1,2048,33,1001376841
8003,445589054,12825,445601879,0,4,1,21504,33,708956514
8004,445600573,120224,445720797,0,2,0,94720,11,6993834651
8005,445602043,57440,445659483,0,6,0,4608,23,2775234006
8006,445604430,2470,445606900,0,5,1,2560,7,3934410127
8007,445646273,72980,445719253,0,0,0,10240,40,2688194989
8008,445685133,4850,445689983,0,7,1,5120,22,5658743138
8009,445702527,2470,445704997,0,7,1,2560,22,9089412865
8010,445730889,5802,445736691,0,7,1,6144,22,5121338007
8011,445733553,1042,445734595,0,2,1,1024,11,993150572
8012,445767147,111176,445878323,0,6,0,65024,23,4511025056
8013,445767604,3128,445770732,0,7,1,9216,22,10278752055
8014,445827237,114452,445941689,0,2,0,75776,11,4474637891
8015,445872665,2946,445875611,0,2,1,3072,11,3957640426
8016,445938984,69065,446008049,0,2,0,8704,11,9675635577
8017,446005489,110920,446116409,0,2,0,55808,11,8411953537
8018,446129654,3422,446133076,0,7,1,3584,22,8561897533
8019,446211896,86204,446298100,0,6,0,13312,23,9224678017
8020,446369836,81308,446451144,0,6,0,17408,23,1726990804
8021,446378550,2470,446381020,0,2,1,2560,11,9180386557
8022,446420687,3898,446424585,0,7,1,4096,22,4303730221
8023,446446283,50449,446496732,0,6,0,1024,23,6064697373
8024,446450794,3898,446454692,0,7,1,4096,22,6654934998
8025,446491612,7706,446499318,0,7,1,8192,22,2287543286
8026,446504419,3898,446508317,0,2,1,4096,11,1107780640
8027,446537284,121004,446658288,0,2,0,97280,11,7769213055
8028,446610473,103220,446713693,0,6,0,38912,23,1280736007
8029,446649572,43904,446693476,0,7,0,512,22,8743390692
8030,447030023,2946,447032969,0,5,1,3072,7,4129469802
8031,447046971,7706,447054677,0,5,1,8192,7,2931248428
8032,447069681,113360,447183041,0,2,0,72192,11,4779354933
8033,447075746,6229,447081975,0,4,1,15360,33,2790404757
8034,447252533,93308,447345841,0,0,0,21504,40,6003894000
8035,447285639,2470,447288109,0,7,1,2560,22,5213038161
8036,447311603,43904,447355507,0,6,0,512,23,8293776467
8037,447369736,3898,447373634,0,2,1,4096,11,7388276346
8038,447436708,65456,447502164,0,6,0,10752,23,7661458229
8039,447531317,2946,447534263,0,5,1,3072,7,10550288807
8040,447542481,1518,447543999,0,4,1,1536,33,5297237153
8041,447558543,47288,447605831,0,7,0,1536,22,820180849
8042,447684654,566,447685220,0,2,1,512,11,1717927778
8043,447696463,45596,447742059,0,7,0,1024,22,4998161535
8044,447711724,210509,447922233,0,2,0,73216,11,6446243369
8045,447741428,75164,447816592,0,6,0,17408,23,7906638187
8046,447770433,45752,447816185,0,0,0,1536,40,1119736254
8047,447972135,43904,448016039,0,7,0,512,22,9539621718
8048,447986397,4850,447991247,0,5,1,5120,7,2673946648
8049,448008109,1994,448010103,0,5,1,2048,7,309408891
8050,448036942,95288,448132230,0,6,0,17920,23,7067131417
8051,448195089,43904,448238993,0,7,0,512,22,4569591627
8052,448241461,2946,448244407,0,5,1,3072,7,4019595215
8053,448307436,4162,448311598,0,2,1,11264,11,1026311270
8054,448369856,4850,448374706,0,7,1,5120,22,1685636922
8055,448419927,97292,448517219,0,6,0,19456,23,2244025502
8056,448531037,3898,448534935,0,5,1,4096,7,6750363553
8057,448539222,1994,448541216,0,2,1,2048,11,3208552953
8058,448594552,2470,448597022,0,2,1,2560,11,6073536315
8059,448650724,1042,448651766,0,5,1,1024,7,4336270229
8060,448734767,76832,448811599,0,0,0,12800,40,1179310299
8061,448756991,109460,448866451,0,2,0,59392,11,10735692006
8062,448811883,3422,448815305,0,5,1,3584,7,5158578777
8063,448830589,566,448831155,0,4,1,512,33,1009843722
8064,448950574,55748,449006322,0,6,0,4096,23,10081068233
8065,448983814,4420,448988234,0,5,1,11776,7,4077112364
8066,448995163,47288,449042451,0,7,0,1536,22,5411093114
8067,449083692,3422,449087114,0,2,1,3584,11,1540791441
8068,449108725,48980,449157705,0,6,0,2048,23,9240564205
8069,449113048,2946,449115994,0,2,1,3072,11,4001354646
8070,449116465,6278,449122743,0,0,1,6656,40,5686249557
8071,449154706,1518,449156224,0,2,1,1536,11,10632612336
8072,449161284,86672,449247956,0,0,0,14848,40,2233599644
8073,449162390,110708,449273098,0,6,0,63488,23,3963757255
8074,449163400,4374,449167774,0,2,1,4608,11,2785718140
8075,449194277,144227,449338504,0,6,0,50176,23,4067850962
8076,449215322,2470,449217792,0,2,1,2560,11,7431202220
8077,449216945,89900,449306845,0,3,0,15360,37,2515888861
8078,449220748,4850,449225598,0,2,1,5120,11,3475367591
8079,449299723,3387,449303110,0,2,1,9728,11,3867123829
8080,449356211,3898,449360109,0,4,1,4096,33,10718473558
8081,449421107,67592,449488699,0,6,0,7680,23,7876778345
8082,449606351,13253,449619604,0,5,1,25600,7,1482313712
8083,449649331,5326,449654657,0,2,1,5632,11,3367428687
8084,449712517,12566,449725083,0,5,1,20992,7,3990211267
8085,449874097,77900,449951997,0,0,0,11264,40,9224398663
8086,449903638,74984,449978622,0,2,0,11776,11,3243294284
8087,449915368,566,449915934,0,0,1,512,40,5860634946
8088,450010813,4162,450014975,0,5,1,11264,7,2891264573
8089,450215245,43904,450259149,0,7,0,512,22,8345773737
8090,450249811,48980,450298791,0,7,0,2048,22,4866730884
8091,450331371,1518,450332889,0,5,1,1536,7,10687590509
8092,450356909,4374,450361283,0,5,1,4608,7,7421132884
8093,450511419,59756,450571175,0,6,0,7168,23,4030032180
8094,450523957,103390,450627347,0,6,0,30208,23,3084852754
8095,450567084,47288,450614372,0,7,0,1536,22,1380634285
8096,450604536,4679,450609215,0,5,1,12288,7,7119131893
8097,450732943,3898,450736841,0,5,1,4096,7,9261967260
8098,450916265,43904,450960169,0,7,0,512,22,4677025618
8099,451004670,566,451005236,0,5,1,512,7,1900898260
8100,451045605,59132,451104737,0,0,0,5120,40,1531870517
8101,451127889,115544,451243433,0,6,0,79360,23,9169002270
8102,451208242,191372,451399614,0,2,0,166912,11,1553453898
8103,451261346,47288,451308634,0,7,0,1536,22,1130858730
8104,451282487,93020,451375507,0,6,0,25600,23,6150211777
8105,451318874,95459,451414333,0,6,0,10752,23,3080467168
8106,451411146,101504,451512650,0,2,0,33280,11,1577308474
8107,451558218,99164,451657382,0,6,0,25600,23,5775516793
8108,451614415,43904,451658319,0,7,0,512,22,4911014089
8109,451635686,119244,451754930,0,6,0,46080,23,10103004042
8110,451740574,50672,451791246,0,7,0,2560,22,3612906344
8111,451868206,47288,451915494,0,0,0,1536,40,4558677546
8112,451897562,5802,451903364,0,0,1,6144,40,3170801439
8113,451959150,1994,451961144,0,0,1,2048,40,9423584492
8114,452009292,566,452009858,0,5,1,512,7,7933927922
8115,452114207,4374,452118581,0,0,1,4608,40,1123078980
8116,452126321,2470,452128791,0,5,1,2560,7,10479134119
8117,452129075,43904,452172979,0,7,0,512,22,2618735533
8118,452130204,7230,452137434,0,2,1,7680,11,10563995552
8119,452133967,3898,452137865,0,5,1,4096,7,6772369103
8120,452174710,64232,452238942,0,0,0,11776,40,7561037266
8121,452198495,3128,452201623,0,2,1,9216,11,8379862997
8122,452289880,128492,452418372,0,6,0,121856,23,7665432962
8123,452294941,43904,452338845,0,7,0,512,22,8940836150
8124,452323495,5326,452328821,0,0,1,5632,40,10214591122
8125,452521509,45596,452567105,0,7,0,1024,22,3591316819
8126,452611607,99632,452711239,0,0,0,27136,40,5787797302
8127,452786244,125060,452911304,0,6,0,110592,23,7857422587
8128,452905746,3422,452909168,0,5,1,3584,7,3179029837
8129,452970952,3898,452974850,0,1,1,4096,38,5411190755
8130,452984787,45596,453030383,0,7,0,1024,22,946764928
8131,453097868,83700,453181568,0,9,1,136192,5,5808616075
8132,453104884,100256,453205140,0,0,0,29184,40,2449956408
8133,453151705,566,453152271,0,5,1,512,7,4277675428
8134,453159701,123683,453283384,0,9,1,200704,5,7092314605
8135,453178162,1518,453179680,0,0,1,1536,40,6773570845
8136,453179175,105080,453284255,0,9,1,12288,5,4283189456
8137,453181163,3904,453185067,0,1,1,10752,38,2806982480
8138,453334148,1994,453336142,0,1,1,2048,38,1292761834
8139,453335797,108680,453444477,0,6,0,56832,23,222592510
8140,453336609,102128,453438737,0,0,0,35328,40,7963417300
8141,453391308,14029,453405337,0,9,1,27136,5,732138080
8142,453454007,43904,453497911,0,7,0,512,22,6882808441
8143,453577421,106496,453683917,0,0,0,49664,40,5486748141
8144,453599422,1042,453600464,0,5,1,1024,7,5038382902
8145,453600381,566,453600947,0,1,1,512,38,6996567243
8146,453619968,45596,453665564,0,7,0,1024,22,941844105
8147,453664214,1518,453665732,0,0,1,1536,40,477547417
8148,453673466,13389,453686855,0,0,1,3072,40,4855435037
8149,453750237,83870,453834107,0,9,1,139776,5,815057091
8150,453804926,56596,453861522,0,9,1,96768,5,3127240541
8151,453976226,43904,454020130,0,7,0,512,22,6963191147
8152,454229294,6278,454235572,0,6,1,6656,23,7934463852
8153,454252101,55748,454307849,0,2,0,4096,11,8242073158
8154,454324857,125216,454450073,0,0,0,111104,40,6928485326
8155,454360366,43904,454404270,0,7,0,512,22,6301327229
8156,454429681,33850,454463531,0,9,1,55808,5,2085195393
8157,454468770,111332,454580102,0,6,0,65536,23,4305757549
8158,454503086,43904,454546990,0,7,0,512,22,10729295716
8159,454556484,63452,454619936,0,6,0,9216,23,3928677017
8160,454687151,24154,454711305,0,9,1,43520,5,8812720913
8161,454742091,1042,454743133,0,6,1,1024,23,2702732147
8162,454779999,79748,454859747,0,2,0,12288,11,1439903050
8163,454826138,292628,455118766,0,2,0,337920,11,1549876929
8164,454875553,6754,454882307,0,2,1,7168,11,408177388
8165,455066087,102440,455168527,0,0,0,36352,40,5811153225
8166,455092511,142259,455234770,0,2,0,80896,11,4772367951
8167,455258817,45596,455304413,0,7,0,1024,22,6264261172
8168,455282413,4374,455286787,0,5,1,4608,7,3769660781
8169,455335284,4374,455339658,0,9,1,4608,5,7143596891
8170,455367114,98096,455465210,0,0,0,27136,40,788325441
8171,455487511,20882,455508393,0,9,1,33792,5,5790671174
8172,455554759,2470,455557229,0,5,1,2560,7,4689163621
8173,455597265,56337,455653602,0,9,1,96256,5,7546305731
8174,455772012,48980,455820992,0,2,0,2048,11,3328158188
8175,455797258,128591,455925849,0,6,0,86528,23,5845926644
8176,455807341,92129,455899470,0,6,0,20480,23,7120286414
8177,455903822,88544,455992366,0,2,0,20992,11,10620465281
8178,456017499,98252,456115751,0,2,0,27648,11,3205803200
8179,456023116,78860,456101976,0,2,0,19456,11,1197169804
8180,456244700,43904,456288604,0,7,0,512,22,760314806
8181,456332895,99632,456432527,0,0,0,27136,40,2375370988
8182,456351465,113360,456464825,0,2,0,72192,11,9732998418
8183,456372582,5454,456378036,0,5,1,13824,7,2931537451
8184,456582086,102128,456684214,0,0,0,35328,40,5525968025
8185,456649389,4162,456653551,0,8,1,11264,5,1005443033
8186,456941401,3422,456944823,0,8,1,3584,5,5825298733
8187,456999075,43904,457042979,0,7,0,512,22,1054279727
8188,457079813,3898,457083711,0,6,1,4096,23,1436422825
8189,457175414,6754,457182168,0,8,1,7168,5,1924094638
8190,457321683,79304,457400987,0,2,0,15872,11,6713784627
8191,457416090,2870,457418960,0,6,1,8704,23,5439542104
8192,457498348,48980,457547328,0,6,0,2048,23,4834634847
8193,457563298,3898,457567196,0,8,1,4096,5,7929791359
8194,457634326,11791,457646117,0,9,1,19456,5,9601336853
8195,457649612,104468,457754080,0,6,0,43008,23,6062940471
8196,457694016,6229,457700245,0,1,1,15360,38,4305679699
8197,457704816,33762,457738578,0,9,1,58880,5,1187715296
8198,457717701,3898,457721599,0,6,1,4096,23,6762940629
8199,457770321,47288,457817609,0,7,0,1536,22,500498159
8200,457779204,113672,457892876,0,6,0,73216,23,9419931258
8201,457832172,5454,457837626,0,8,1,13824,5,944334720
8202,457963580,100568,458064148,0,0,0,30208,40,4873763276
8203,457968835,3422,457972257,0,6,1,3584,23,5344840092
8204,457978942,104156,458083098,0,0,0,41984,40,6113674367
8205,458109432,103688,458213120,0,0,0,40448,40,3876935636
8206,458127979,566,458128545,0,6,1,512,23,5148500537
8207,458214388,50672,458265060,0,7,0,2560,22,5562929111
8208,458314196,1042,458315238,0,6,1,1024,23,9822000481
8209,458353595,43904,458397499,0,0,0,512,40,3548044786
8210,458385597,11791,458397388,0,8,1,19456,5,330828240
8211,458475665,1042,458476707,0,3,1,1024,37,5296188498
8212,458480269,11791,458492060,0,9,1,19456,5,6074715068
8213,458482750,7706,458490456,0,0,1,8192,40,6369560041
8214,458517807,1994,458519801,0,0,1,2048,40,4928854495
8215,458542941,1042,458543983,0,8,1,1024,5,8224001719
8216,458576842,7706,458584548,0,8,1,8192,5,8742457820
8217,458629071,34108,458663179,0,9,1,56320,5,7402575890
8218,458652107,43904,458696011,0,7,0,512,22,2810367532
8219,458669560,43904,458713464,0,6,0,512,23,77863592
8220,458672976,14287,458687263,0,9,1,27648,5,8737345213
8221,458726932,1994,458728926,0,0,1,2048,40,8057255885
8222,458742170,3898,458746068,0,6,1,4096,23,2916225145
8223,458746470,5326,458751796,0,0,1,5632,40,7057846341
8224,458771000,2946,458773946,0,6,1,3072,23,7870247278
8225,458792676,43904,458836580,0,7,0,512,22,1799742853
8226,458800171,43904,458844075,0,7,0,512,22,8637219534
8227,458805182,3898,458809080,0,6,1,4096,23,5878922384
8228,458838294,6754,458845048,0,6,1,7168,23,10065855787
8229,458936822,4850,458941672,0,8,1,5120,5,6292576062
8230,458989870,10757,459000627,0,9,1,17408,5,8872542135
8231,459085062,5802,459090864,0,0,1,6144,40,8757751216
8232,459107999,50672,459158671,0,2,0,2560,11,1025775284
8233,459158751,103688,459262439,0,6,0,40448,23,3446475117
8234,459165058,1994,459167052,0,0,1,2048,40,8791714023
8235,459257111,5886,459262997,0,6,1,512,23,6474999215
8236,459276967,43904,459320871,0,7,0,512,22,10109418948
8237,459277858,4679,459282537,0,8,1,12288,5,122034806
8238,459319447,4374,459323821,0,6,1,4608,23,9521479635
8239,459323612,1994,459325606,0,6,1,2048,23,8439002225
8240,459331319,49136,459380455,0,0,0,2560,40,7893344124
8241,459364812,566,459365378,0,0,1,512,40,10722132773
8242,459482717,45596,459528313,0,6,0,1024,23,1791680164
8243,459577584,104156,459681740,0,0,0,41984,40,964650589
8244,459581681,3898,459585579,0,8,1,4096,5,5077630076
8245,459641558,566,459642124,0,8,1,512,5,10721470106
8246,459669990,18020,459688010,0,0,1,6656,40,8814202185
8247,459716062,3422,459719484,0,0,1,3584,40,10404415837
8248,459849885,4937,459854822,0,8,1,12800,5,9003703756
8249,459871386,95132,459966518,0,6,0,17408,23,1212774077
8250,459918030,24242,459942272,0,9,1,40448,5,2502858145
8251,459957234,94088,460051322,0,0,0,24064,40,7128704928
8252,460023702,50999,460074701,0,9,1,82432,5,4271525191
8253,460070373,4374,460074747,0,0,1,4608,40,8052988432
8254,460333382,109648,460443030,0,6,0,57856,23,7555205762
8255,460334038,131652,460465690,0,6,0,18432,23,9253573236
8256,460518396,52549,460570945,0,9,1,85504,5,6941507035
8257,460597473,2870,460600343,0,0,1,8704,40,5205061850
8258,460730208,3898,460734106,0,0,1,4096,40,5304192565
8259,460766767,45596,460812363,0,7,0,1024,22,9595539216
8260,460916025,1042,460917067,0,3,1,1024,37,8082135023
8261,460979268,4850,460984118,0,3,1,5120,37,603114650
8262,461023378,3128,461026506,0,3,1,9216,37,8551341263
8263,461062035,3422,461065457,0,8,1,3584,5,5563711820
8264,461160940,566,461161506,0,0,1,512,40,10689614622
8265,461323079,114920,461437999,0,2,0,77312,11,1868993001
8266,461393218,4374,461397592,0,0,1,4608,40,472925926
8267,461394042,108836,461502878,0,8,0,57344,5,221226946
8268,461461945,4374,461466319,0,0,1,4608,40,8971602888
8269,461468223,68684,461536907,0,0,0,11264,40,6460720022
8270,461514816,566,461515382,0,3,1,512,37,9479466710
8271,461525641,107276,461632917,0,8,0,52224,5,2941496763
8272,461600234,78236,461678470,0,2,0,17408,11,10723742503
8273,461737714,3422,461741136,0,0,1,3584,40,2386845125
8274,461865271,566,461865837,0,3,1,512,37,6495548106
8275,461880179,87140,461967319,0,2,0,16384,11,421537274
8276,461932415,43904,461976319,0,7,0,512,22,10347140563
8277,461939360,1518,461940878,0,0,1,1536,40,774317607
8278,461988851,196052,462184903,0,8,0,182272,5,620418199
8279,462000267,189175,462189442,0,8,0,14848,5,1057870462
8280,462142055,2946,462145001,0,3,1,3072,37,5208386949
8281,462166020,2470,462168490,0,3,1,2560,37,4614194467
8282,462168177,90104,462258281,0,0,0,26112,40,4431739108
8283,462326601,103688,462430289,0,2,0,40448,11,7823990963
8284,462426239,116792,462543031,0,0,0,83456,40,10522625709
8285,462426576,100412,462526988,0,8,0,29696,5,2322456633
8286,462696047,566,462696613,0,7,1,512,22,3026679337
8287,462929527,102440,463031967,0,2,0,36352,11,10411406880
8288,463079847,74984,463154831,0,6,0,11776,23,3249650267
8289,463160243,49292,463209535,0,7,0,3072,22,2009844859
8290,463236346,49448,463285794,0,6,0,3584,23,5984589754
8291,463514827,82712,463597539,0,8,0,22016,5,8419334919
8292,463667248,94400,463761648,0,6,0,25088,23,4706396641
8293,463674872,104936,463779808,0,8,0,44544,5,3207317506
8294,463751987,88520,463840507,0,6,0,15872,23,2233271556
8295,463827232,55748,463882980,0,8,0,4096,5,691154086
8296,463830659,99944,463930603,0,6,0,28160,23,8639151527
8297,463842503,108056,463950559,0,2,0,54784,11,942935162
8298,463844879,100256,463945135,0,6,0,29184,23,1880568540
8299,463968687,45596,464014283,0,7,0,1024,22,1413307975
8300,464214006,6754,464220760,0,6,1,7168,23,4751276845
8301,464317221,43904,464361125,0,7,0,512,22,8183318888
8302,464338514,107120,464445634,0,8,0,51712,5,2225055785
8303,464372928,94556,464467484,0,0,0,25600,40,4744023329
8304,464564788,90992,464655780,0,0,0,18944,40,5887564885
8305,464620957,4374,464625331,0,7,1,4608,22,2622897455
8306,464646456,6754,464653210,0,5,1,7168,7,9375870628
8307,464723699,1518,464725217,0,7,1,1536,22,135318422
8308,464916442,127556,465043998,0,0,0,118784,40,9826060243
8309,465079295,102440,465181735,0,6,0,36352,23,2851692186
8310,465259384,104156,465363540,0,8,0,41984,5,1311717139
8311,465276684,138660,465415344,0,8,0,50688,5,10078800147
8312,465406187,101348,465507535,0,2,0,32768,11,1963146800
8313,465533922,2946,465536868,0,4,1,3072,33,6584409854
8314,465639720,78992,465718712,0,2,0,14848,11,8607993300
8315,465642462,566,465643028,0,3,1,512,37,4268056650
8316,465654046,2946,465656992,0,3,1,3072,37,9108361585
8317,465767689,121004,465888693,0,8,0,97280,5,8576230109
8318,465973075,117884,466090959,0,6,0,87040,23,9313535142
8319,466142774,13083,466155857,0,7,1,22016,22,1033664234
8320,466157822,3422,466161244,0,4,1,3584,33,8930244426
8321,466275759,4374,466280133,0,3,1,4608,37,89114195
8322,466307672,1994,466309666,0,4,1,2048,33,8876215054
8323,466467016,65900,466532916,0,2,0,7168,11,9992910598
8324,466468012,99164,466567176,0,2,0,25600,11,2942377045
8325,466475903,67592,466543495,0,2,0,7680,11,7637744043
8326,466529217,107276,466636493,0,6,0,52224,23,6566226509
8327,466547205,91904,466639109,0,2,0,16896,11,5746247041
8328,466582057,1518,466583575,0,3,1,1536,37,2850616616
8329,466621803,1994,466623797,0,3,1,2048,37,1409134928
8330,466667829,87008,466754837,0,8,0,20992,5,7000020964
8331,466675880,5196,466681076,0,4,1,13312,33,10635322353
8332,466689656,1042,466690698,0,4,1,1024,33,7549377200
8333,466705318,3422,466708740,0,3,1,3584,37,6493114912
8334,466747456,7230,466754686,0,3,1,7680,37,1498346317
8335,466756321,1994,466758315,0,4,1,2048,33,10716067989
8336,466857531,1518,466859049,0,4,1,1536,33,4944397408
8337,466909979,101816,467011795,0,8,0,34304,5,8276771197
8338,466916374,162092,467078466,0,6,0,146432,23,8013648207
8339,467114544,103532,467218076,0,2,0,39936,11,6364594310
8340,467316035,104156,467420191,0,2,0,41984,11,200026131
8341,467753330,5712,467759042,0,4,1,14336,33,6071247665
8342,467755127,4261,467759388,0,4,1,512,33,1516482683
8343,467795758,5712,467801470,0,3,1,14336,37,8035461148
8344,467802619,75164,467877783,0,8,0,17408,5,4859864622
8345,467812131,168498,467980629,0,8,0,126976,5,4672824859
8346,467899668,6278,467905946,0,3,1,6656,37,4759167562
8347,467956833,4374,467961207,0,3,1,4608,37,3826242311
8348,467971302,104000,468075302,0,2,0,41472,11,7682776559
8349,467979847,102752,468082599,0,6,0,37376,23,8109503872
8350,467986899,2946,467989845,0,4,1,3072,33,1670126138
8351,467992885,60380,468053265,0,8,0,9216,5,7939962547
8352,468015854,566,468016420,0,4,1,512,33,7874500409
8353,468038587,136562,468175149,0,6,0,113152,23,7868462400
8354,468059126,89744,468148870,0,8,0,14848,5,6969424444
8355,468082225,54056,468136281,0,2,0,3584,11,10700669536
8356,468090677,89392,468180069,0,6,0,1024,23,10459497347
8357,468212813,4850,468217663,0,3,1,5120,37,357803057
8358,468253603,10757,468264360,0,4,1,17408,33,3063489116
8359,468511465,116636,468628101,0,6,0,82944,23,8995748920
8360,468582495,70950,468653445,0,6,0,2560,23,1939665317
8361,468691034,76544,468767578,0,2,0,16896,11,8604363465
8362,468860268,97916,468958184,0,2,0,21504,11,3129149663
8363,469058599,566,469059165,0,3,1,512,37,3028490284
8364,469074619,4850,469079469,0,3,1,5120,37,565928772
8365,469075022,92996,469168018,0,0,0,20480,40,2953546900
8366,469078231,100412,469178643,0,6,0,29696,23,2105704244
8367,469115867,3898,469119765,0,4,1,4096,33,6283149100
8368,469143434,2470,469145904,0,4,1,2560,33,2639909501
8369,469227065,116480,469343545,0,2,0,82432,11,7923577993
8370,469232739,99008,469331747,0,6,0,25088,23,2371419794
8371,469257921,105248,469363169,0,6,0,45568,23,4629964063
8372,469291700,2946,469294646,0,4,1,3072,33,795595145
8373,469297093,566,469297659,0,4,1,512,33,8649607823
8374,469333060,108237,469441297,0,2,0,20992,11,8161128411
8375,469401703,3645,469405348,0,4,1,10240,33,5722470139
8376,469489186,96824,469586010,0,6,0,17920,23,6687658045
8377,469497832,99944,469597776,0,0,0,28160,40,3529833327
8378,469498747,108368,469607115,0,2,0,55808,11,8428599736
8379,469659540,5971,469665511,0,7,1,14848,22,7287398931
8380,469692386,7230,469699616,0,3,1,7680,37,7362102540
8381,469696488,1042,469697530,0,5,1,1024,7,10006947745
8382,469714509,1994,469716503,0,8,1,2048,5,8181628568
8383,469737393,95000,469832393,0,8,0,22016,5,7856556208
8384,469886167,5326,469891493,0,3,1,5632,37,6325007477
8385,469950086,1042,469951128,0,6,1,1024,23,3608405056
8386,470054061,3422,470057483,0,4,1,3584,33,1565988668
8387,470054660,87140,470141800,0,2,0,16384,11,8723759554
8388,470128060,2870,470130930,0,4,1,8704,33,6759026435
8389,470166881,100412,470267293,0,2,0,29696,11,10135314061
8390,470167368,45596,470212964,0,0,0,1024,40,6983600735
8391,470174972,47288,470222260,0,6,0,1536,23,6195120353
8392,470222219,5326,470227545,0,8,1,5632,5,4412555081
8393,470226538,3645,470230183,0,5,1,10240,7,4122580728
8394,470244191,86540,470330731,0,0,0,19456,40,1873412563
8395,470297584,6278,470303862,0,5,1,6656,7,5669839815
8396,470346716,63452,470410168,0,0,0,9216,40,8612527920
8397,470347786,109772,470457558,0,2,0,60416,11,597859062
8398,470394620,102284,470496904,0,6,0,35840,23,4689384932
8399,470458987,5326,470464313,0,8,1,5632,5,2260053789
8400,470576517,3422,470579939,0,5,1,3584,7,5982288296
8401,470582547,6278,470588825,0,8,1,6656,5,983088370
8402,470680769,7706,470688475,0,5,1,8192,7,8080579624
8403,470739206,105560,470844766,0,8,0,46592,5,7524562239
8404,470742844,5712,470748556,0,3,1,14336,37,2582346803
8405,470757235,1518,470758753,0,6,1,1536,23,5576035006
8406,470758395,2946,470761341,0,6,1,3072,23,1371694991
8407,470790255,566,470790821,0,6,1,512,23,3120015111
8408,470800598,2870,470803468,0,0,1,8704,40,7820199008
8409,470915548,2470,470918018,0,3,1,2560,37,198352919
8410,470919357,144836,471064193,0,0,0,135168,40,895634120
8411,470968517,6488,470975005,0,3,1,15872,37,2375919235
8412,470981214,124748,471105962,0,2,0,109568,11,6453792263
8413,471001618,3645,471005263,0,3,1,10240,37,7575363709
8414,471005033,149619,471154652,0,2,0,36352,11,10230560973
8415,471017962,2946,471020908,0,5,1,3072,7,1198343438
8416,471040994,128904,471169898,0,2,0,4608,11,4077780486
8417,471104469,139787,471244256,0,2,0,66048,11,7347876128
8418,471150046,100412,471250458,0,0,0,29696,40,1469569618
8419,471151984,5196,471157180,0,0,1,13312,40,1418406068
8420,471204691,7706,471212397,0,4,1,8192,33,8549736183
8421,471283858,112892,471396750,0,6,0,70656,23,4340852874
8422,471362808,2946,471365754,0,0,1,3072,40,7844725876
8423,471372691,85628,471458319,0,0,0,21504,40,3355258797
8424,471427455,106652,471534107,0,6,0,50176,23,3735922713
8425,471491529,101972,471593501,0,8,0,34816,5,6147010420
8426,471545436,2870,471548306,0,0,1,8704,40,9243346441
8427,471556577,566,471557143,0,8,1,512,5,1058487522
8428,471559530,7706,471567236,0,5,1,8192,7,9432433289
8429,471565083,52364,471617447,0,8,0,3072,5,1091027888
8430,471577677,566,471578243,0,5,1,512,7,3791484467
8431,471605736,1518,471607254,0,8,1,1536,5,2793725042
8432,471656674,267164,471923838,0,8,0,279552,5,4916809923
8433,471703255,1994,471705249,0,5,1,2048,7,3646728992
8434,471721500,57440,471778940,0,2,0,4608,11,2886329345
8435,471756086,566,471756652,0,0,1,512,40,10262273462
8436,471770649,7230,471777879,0,5,1,7680,7,7686202404
8437,471772541,76052,471848593,0,6,0,10240,23,9550843809
8438,471796045,2470,471798515,0,5,1,2560,7,1037020407
8439,471863761,129428,471993189,0,0,0,124928,40,2737766159
8440,471923193,1994,471925187,0,4,1,2048,33,3851306316
8441,471930858,4374,471935232,0,4,1,4608,33,3815434309
8442,471948957,116664,472065621,0,0,0,62976,40,7178429649
8443,472078105,6278,472084383,0,8,1,6656,5,7219571108
8444,472141537,3422,472144959,0,8,1,3584,5,780533894
8445,472144482,3387,472147869,0,5,1,9728,7,3167251616
8446,472275551,1042,472276593,0,0,1,1024,40,8489552060
8447,472280029,1518,472281547,0,4,1,1536,33,4272035602
8448,472283803,3904,472287707,0,0,1,10752,40,5497423103
8449,472388053,1518,472389571,0,5,1,1536,7,2538265714
8450,472404913,113984,472518897,0,6,0,74240,23,2834119353
8451,472505683,6754,472512437,0,8,1,7168,5,7987647350
8452,472556565,2470,472559035,0,8,1,2560,5,10045576207
8453,472657525,96692,472754217,0,2,0,22528,11,8226960623
8454,472659166,1042,472660208,0,0,1,1024,40,10182466604
8455,472674525,2946,472677471,0,4,1,3072,33,4039367407
8456,472676842,45752,472722594,0,0,0,1536,40,3929222685
8457,472780498,1518,472782016,0,0,1,1536,40,6656371563
8458,472807279,100880,472908159,0,0,0,31232,40,1290184059
8459,472810010,2470,472812480,0,8,1,2560,5,717972279
8460,472859283,11274,472870557,0,8,1,18432,5,7616803366
8461,472874429,5326,472879755,0,5,1,5632,7,5828627440
8462,473023443,566,473024009,0,0,1,512,40,508421781
8463,473103032,4679,473107711,0,4,1,12288,33,1333442340
8464,473108910,3898,473112808,0,8,1,4096,5,3212844070
8465,473117778,111800,473229578,0,6,0,67072,23,9221406195
8466,473121790,108992,473230782,0,2,0,57856,11,3445556762
8467,473141601,4850,473146451,0,4,1,5120,33,5627336698
8468,473142402,5035,473147437,0,4,1,1536,33,1536083354
8469,473178692,109651,473288343,0,8,0,26112,5,6544651827
8470,473203871,4162,473208033,0,8,1,11264,5,4160502747
8471,473231816,2470,473234286,0,5,1,2560,7,1123479776
8472,473270710,5326,473276036,0,0,1,5632,40,2537439450
8473,473302874,1042,473303916,0,3,1,1024,37,3825946934
8474,473309688,4374,473314062,0,8,1,4608,5,31354947
8475,473332432,4420,473336852,0,0,1,11776,40,1673867427
8476,473335135,1042,473336177,0,1,1,1024,38,3675113917
8477,473337815,98384,473436199,0,6,0,23040,23,23386043
8478,473341987,1994,473343981,0,5,1,2048,7,9800737398
8479,473362230,59132,473421362,0,8,0,5120,5,10183376849
8480,473436434,79436,473515870,0,0,0,11264,40,3130896450
8481,473448155,6488,473454643,0,3,1,15872,37,8781983635
8482,473458185,1994,473460179,0,4,1,2048,33,9518075535
8483,473492377,566,473492943,0,3,1,512,37,5320679233
8484,473531456,4374,473535830,0,1,1,4608,38,3357932368
8485,473545438,90260,473635698,0,0,0,26624,40,1097299110
8486,473595113,5326,473600439,0,8,1,5632,5,3376769309
8487,473645065,566,473645631,0,8,1,512,5,470330387
8488,473730059,566,473730625,0,4,1,512,33,10695883364
8489,473757515,47288,473804803,0,8,0,1536,5,2877550280
8490,473829849,7706,473837555,0,3,1,8192,37,9254021717
8491,473934296,2946,473937242,0,4,1,3072,33,5510100767
8492,473969675,4679,473974354,0,5,1,12288,7,9054650247
8493,474044121,4850,474048971,0,3,1,5120,37,3596614515
8494,474160410,189656,474350066,0,6,0,161280,23,3016071799
8495,474273520,1042,474274562,0,8,1,1024,5,3951902374
8496,474322828,2946,474325774,0,1,1,3072,38,1881520993
8497,474356922,131300,474488222,0,6,0,131072,23,9793683954
8498,474582625,10499,474593124,0,3,1,16896,37,1845955841
8499,474586903,7230,474594133,0,1,1,7680,38,9069892790
8500,474594644,3898,474598542,0,3,1,4096,37,7029071531
8501,474603736,117572,474721308,0,2,0,86016,11,1755220843
8502,474659428,6488,474665916,0,8,1,15872,5,750642806
8503,474768658,107588,474876246,0,2,0,53248,11,7427556069
8504,474849103,1042,474850145,0,1,1,1024,38,6676971505
8505,474894198,3128,474897326,0,1,1,9216,38,239673547
8506,474900815,12566,474913381,0,1,1,20992,38,1389079850
8507,475038256,54056,475092312,0,0,0,3584,40,7608312194
8508,475118383,2470,475120853,0,8,1,2560,5,5436628117
8509,475129135,109772,475238907,0,6,0,60416,23,2140254537
8510,475184914,70976,475255890,0,0,0,8704,40,3146404556
8511,475188505,48980,475237485,0,0,0,2048,40,7594110501
8512,475219898,74984,475294882,0,8,0,11776,5,6034238297
8513,475312726,88388,475401114,0,2,0,20480,11,1450705106
8514,475348642,43904,475392546,0,6,0,512,23,3243231022
8515,475515191,566,475515757,0,8,1,512,5,2731048010
8516,475582341,1518,475583859,0,1,1,1536,38,3204512405
8517,475701813,98540,475800353,0,6,0,23552,23,6573819251
8518,475735052,93644,475828696,0,0,0,27648,40,4119560260
8519,475957897,3898,475961795,0,6,1,4096,23,135031098
8520,475959471,70976,476030447,0,8,0,8704,5,3012341633
8521,476036220,110396,476146616,0,2,0,62464,11,6026775203
8522,476087640,85160,476172800,0,0,0,19968,40,5706480719
8523,476129332,2470,476131802,0,8,1,2560,5,4965116980
8524,476222220,566,476222786,0,8,1,512,5,7943838411
8525,476244554,6278,476250832,0,6,1,6656,23,9601378085
8526,476313259,11533,476324792,0,6,1,18944,23,7052799668
8527,476377901,99944,476477845,0,2,0,28160,11,4456013267
8528,476465600,86204,476551804,0,2,0,13312,11,2437850308
8529,476484693,566,476485259,0,1,1,512,38,6253634402
8530,476598034,83132,476681166,0,8,0,13312,5,752126654
8531,476681870,1042,476682912,0,8,1,1024,5,3891211195
8532,476798155,6754,476804909,0,3,1,7168,37,4866340299
8533,476838270,4374,476842644,0,1,1,4608,38,9660897856
8534,476873512,77456,476950968,0,1,0,14848,38,3580503307
8535,476904885,1518,476906403,0,3,1,1536,37,2850307573
8536,476906542,2470,476909012,0,1,1,2560,38,144484477
8537,476958927,6754,476965681,0,8,1,7168,5,7540693331
8538,477078767,43904,477122671,0,6,0,512,23,4593635194
8539,477143547,3387,477146934,0,8,1,9728,5,6815946919
8540,477165335,69861,477235196,0,8,0,5120,5,5041204658
8541,477187097,4850,477191947,0,6,1,5120,23,10551477804
8542,477230721,59132,477289853,0,8,0,5120,5,704205365
8543,477267591,3422,477271013,0,8,1,3584,5,9965672600
8544,477309393,106808,477416201,0,2,0,50688,11,1797728162
8545,477317992,1994,477319986,0,6,1,2048,23,1624514076
8546,477323210,1994,477325204,0,6,1,2048,23,2164521885
8547,477347324,1518,477348842,0,6,1,1536,23,1627908687
8548,477425185,121628,477546813,0,0,0,99328,40,8162986050
8549,477473796,566,477474362,0,6,1,512,23,1775487822
8550,477515639,114526,477630165,0,0,0,73216,40,10174446271
8551,477554358,5802,477560160,0,4,1,6144,33,9927034856
8552,477659528,6754,477666282,0,8,1,7168,5,1302448482
8553,477661341,12308,477673649,0,1,1,20480,38,2266470253
8554,477666145,7230,477673375,0,8,1,7680,5,9475598717
8555,477741864,5712,477747576,0,6,1,14336,23,239714501
8556,477800662,6278,477806940,0,1,1,6656,38,7577977902
8557,477811315,3422,477814737,0,6,1,3584,23,7718452699
8558,477817245,101192,477918437,0,2,0,32256,11,6185166986
8559,477872858,2470,477875328,0,6,1,2560,23,6712701251
8560,477874141,4374,477878515,0,1,1,4608,38,2343825367
8561,477943369,2470,477945839,0,1,1,2560,38,2409671383
8562,478076247,3898,478080145,0,3,1,4096,37,7373461444
8563,478187761,3898,478191659,0,8,1,4096,5,9529962140
8564,478259189,100256,478359445,0,2,0,29184,11,8637854588
8565,478333670,122387,478456057,0,2,0,46592,11,2838944867
8566,478363657,7706,478371363,0,6,1,8192,23,10052223689
8567,478402289,5326,478407615,0,8,1,5632,5,6349310461
8568,478419027,121940,478540967,0,0,0,100352,40,6897440412
8569,478424130,50672,478474802,0,8,0,2560,5,1604955347
8570,478695680,78212,478773892,0,0,0,12288,40,7302942426
8571,478751765,6754,478758519,0,8,1,7168,5,3267706730
8572,478802882,5326,478808208,0,8,1,5632,5,3033078455
8573,478886990,107432,478994422,0,6,0,52736,23,6087031318
8574,478957829,69284,479027113,0,8,0,8192,5,3261781897
8575,478992066,127868,479119934,0,8,0,119808,5,9812094083
8576,479023156,104740,479127896,0,8,0,8704,5,8112384111
8577,479092479,47288,479139767,0,2,0,1536,11,7866289353
8578,479125600,1518,479127118,0,3,1,1536,37,3999558771
8579,479176938,5326,479182264,0,3,1,5632,37,1126353028
8580,479292362,101192,479393554,0,0,0,32256,40,5713482231
8581,479350879,3128,479354007,0,0,1,9216,40,10216701334
8582,479422149,3422,479425571,0,6,1,3584,23,1202602332
8583,479436786,3387,479440173,0,3,1,9728,37,9983234168
8584,479439329,566,479439895,0,1,1,512,38,1718872150
8585,479575646,3387,479579033,0,6,1,9728,23,4294826728
8586,479713064,5326,479718390,0,0,1,5632,40,5924531993
8587,479762264,1994,479764258,0,0,1,2048,40,4923670315
8588,479803371,11274,479814645,0,0,1,18432,40,4433946795
8589,479872012,2470,479874482,0,6,1,2560,23,2600760347
8590,479912032,45596,479957628,0,8,0,1024,5,1945362293
8591,479932064,43904,479975968,0,2,0,512,11,3418700274
8592,480065970,4374,480070344,0,1,1,4608,38,864093599
8593,480091047,111488,480202535,0,6,0,66048,23,8395949358
8594,480158980,2470,480161450,0,8,1,2560,5,2844745802
8595,480162845,74384,480237229,0,0,0,14848,40,2315195060
8596,480175694,1994,480177688,0,6,1,2048,23,5649780229
8597,480288018,6754,480294772,0,1,1,7168,38,2031801168
8598,480292334,102752,480395086,0,6,0,37376,23,4702529020
8599,480416377,72980,480489357,0,6,0,10240,23,9059806378
8600,480493377,5454,480498831,0,8,1,13824,5,4752174161
8601,480575903,4937,480580840,0,8,1,12800,5,10091959308
8602,480581636,1994,480583630,0,1,1,2048,38,6149434378
8603,480872482,3898,480876380,0,3,1,4096,37,1010925799
8604,480885645,1042,480886687,0,1,1,1024,38,7572583472
8605,480900667,11791,480912458,0,1,1,19456,38,6103940740
8606,480951656,101504,481053160,0,6,0,33280,23,9012141128
8607,480981326,3904,480985230,0,1,1,10752,38,9586437892
8608,481018041,54012,481072053,0,6,1,91648,23,7935178453
8609,481203598,12737,481216335,0,6,1,24576,23,2017772539
8610,481313718,10241,481323959,0,8,1,16384,5,3568082995
8611,481378706,84824,481463530,0,6,0,13824,23,6270118555
8612,481454865,1518,481456383,0,1,1,1536,38,6840188665
8613,481522430,54056,481576486,0,8,0,3584,5,6759164359
8614,481560497,6754,481567251,0,1,1,7168,38,8469945120
8615,481779343,43716,481823059,0,6,1,71680,23,8540834089
8616,481782830,2946,481785776,0,1,1,3072,38,1178372660
8617,481807388,5454,481812842,0,1,1,13824,38,1274107971
8618,482126254,12308,482138562,0,6,1,20480,23,10075624210
8619,482180100,4374,482184474,0,2,1,4608,11,7981924309
8620,482290511,1994,482292505,0,1,1,2048,38,3920097111
8621,482385027,1994,482387021,0,1,1,2048,38,7365607367
8622,482418287,2946,482421233,0,1,1,3072,38,8237286076
8623,482445300,123344,482568644,0,6,0,104960,23,2322222548
8624,482450916,90548,482541464,0,8,0,22528,5,9614423467
8625,482538052,1042,482539094,0,4,1,1024,33,315199875
8626,482603449,3422,482606871,0,4,1,3584,33,10308789501
8627,482639332,76052,482715384,0,6,0,10240,23,9796526207
8628,482879534,56684,482936218,0,6,0,7168,23,7941342071
8629,482888239,2470,482890709,0,4,1,2560,33,9891868841
8630,482891417,117572,483008989,0,6,0,86016,23,4728680434
8631,482945859,43904,482989763,0,2,0,512,11,9025364413
8632,482959226,566,482959792,0,3,1,512,37,7861653302
8633,482967564,7706,482975270,0,6,1,8192,23,2348309052
8634,483090639,3128,483093767,0,6,1,9216,23,9355308095
8635,483229595,45596,483275191,0,2,0,1024,11,3504304422
8636,483248287,100412,483348699,0,8,0,29696,5,3270679717
8637,483263607,1042,483264649,0,3,1,1024,37,7427068692
8638,483668213,2870,483671083,0,3,1,8704,37,3073263533
8639,483721555,116948,483838503,0,8,0,83968,5,2048260175
8640,483765656,43904,483809560,0,2,0,512,11,818007392
8641,483842957,12308,483855265,0,3,1,20480,37,10722878316
8642,483879469,112736,483992205,0,8,0,70144,5,4533214807
8643,483922891,36604,483959495,0,6,1,64512,23,6598550904
8644,483935673,1042,483936715,0,5,1,1024,7,1442048123
8645,484107198,47288,484154486,0,2,0,1536,11,356076985
8646,484122056,6754,484128810,0,2,1,7168,11,3044097523
8647,484142265,116948,484259213,0,8,0,83968,5,2487520797
8648,484149510,5326,484154836,0,3,1,5632,37,5618050943
8649,484252245,23208,484275453,0,6,1,38400,23,2463876663
8650,484317473,6278,484323751,0,1,1,6656,38,6141238286
8651,484325012,1994,484327006,0,5,1,2048,7,8355468857
8652,484397215,5971,484403186,0,9,1,14848,5,496145182
8653,484445780,1518,484447298,0,1,1,1536,38,5027960727
8654,484461450,3387,484464837,0,2,1,9728,11,2104259320
8655,484497624,11274,484508898,0,2,1,18432,11,6901756863
8656,484581463,4374,484585837,0,2,1,4608,11,2518172973
8657,484592889,3904,484596793,0,2,1,10752,11,9055524711
8658,484593841,3898,484597739,0,6,1,4096,23,10187144824
8659,484600397,47288,484647685,0,2,0,1536,11,5708890198
8660,484630296,2470,484632766,0,1,1,2560,38,9415923783
8661,484631900,4374,484636274,0,5,1,4608,7,3579215417
8662,484733507,1518,484735025,0,5,1,1536,7,7057921971
8663,484839614,5326,484844940,0,1,1,5632,38,8537126737
8664,484851733,1518,484853251,0,3,1,1536,37,8283546711
8665,484884119,566,484884685,0,8,1,512,5,8193325331
8666,484942473,2470,484944943,0,1,1,2560,38,9436314789
8667,485041388,1042,485042430,0,2,1,1024,11,7899045365
8668,485069136,47288,485116424,0,2,0,1536,11,8138902999
8669,485111283,2470,485113753,0,8,1,2560,5,7658091109
8670,485124412,2946,485127358,0,8,1,3072,5,5280242765
8671,485144685,97760,485242445,0,8,0,20992,5,9455628218
8672,485228787,45596,485274383,0,2,0,1024,11,9975256531
8673,485345764,109772,485455536,0,8,0,60416,5,6402508927
8674,485367426,566,485367992,0,5,1,512,7,577384232
8675,485413595,43904,485457499,0,2,0,512,11,567052070
8676,485520714,3898,485524612,0,1,1,4096,38,10033969843
8677,485637653,566,485638219,0,1,1,512,38,4538083315
8678,485643433,1994,485645427,0,3,1,2048,37,9910075728
8679,485660648,99320,485759968,0,8,0,26112,5,642823038
8680,485693106,121708,485814814,0,8,0,53760,5,3342140814
8681,485704090,76146,485780236,0,8,0,9728,5,8720254462
8682,485749558,83156,485832714,0,8,0,18432,5,9579987557
8683,485911342,1994,485913336,0,1,1,2048,38,3009444925
8684,485975095,43904,486018999,0,2,0,512,11,1845933067
8685,485996332,1042,485997374,0,8,1,1024,5,228953925
8686,486003301,5326,486008627,0,3,1,5632,37,355592855
8687,486024930,7230,486032160,0,1,1,7680,38,6389651389
8688,486058752,3422,486062174,0,3,1,3584,37,10711668662
8689,486068094,1042,486069136,0,1,1,1024,38,1535342238
8690,486120694,2870,486123564,0,4,1,8704,33,8854721245
8691,486138199,1042,486139241,0,2,1,1024,11,5104811965
8692,486151680,1994,486153674,0,3,1,2048,37,7307564789
8693,486273112,3387,486276499,0,3,1,9728,37,5931496657
8694,486282422,1994,486284416,0,1,1,2048,38,7979971725
8695,486371792,3387,486375179,0,8,1,9728,5,8263184070
8696,486394141,75008,486469149,0,9,0,16896,5,3642693648
8697,486491719,105560,486597279,0,8,0,46592,5,6518730296
8698,486573931,77768,486651699,0,9,0,15872,5,928969516
8699,486628614,43904,486672518,0,2,0,512,11,6123293404
8700,486951859,75320,487027179,0,8,0,17920,5,9000447851
8701,486976864,3128,486979992,0,8,1,9216,5,2698623912
8702,487015737,3898,487019635,0,2,1,4096,11,2701076255
8703,487019656,1518,487021174,0,3,1,1536,37,6559196501
8704,487030201,3128,487033329,0,8,1,9216,5,5356642143
8705,487106921,43904,487150825,0,2,0,512,11,4728043656
8706,487169323,3904,487173227,0,8,1,10752,5,9968662620
8707,487187794,566,487188360,0,3,1,512,37,7194691880
8708,487253761,566,487254327,0,3,1,512,37,4810212394
8709,487300358,20624,487320982,0,3,1,33280,37,167593988
8710,487319880,161312,487481192,0,8,0,143872,5,6244468757
8711,487488024,116480,487604504,0,9,0,82432,5,284603042
8712,487565814,7706,487573520,0,8,1,8192,5,2163537894
8713,487570701,3904,487574605,0,8,1,10752,5,7064726624
8714,487602602,146365,487748967,0,8,0,29184,5,6659658151
8715,487665936,1518,487667454,0,3,1,1536,37,9253801666
8716,487680363,43904,487724267,0,2,0,512,11,908409096
8717,487721221,566,487721787,0,3,1,512,37,5193042016
8718,487745771,47288,487793059,0,2,0,1536,11,6235646760
8719,487751264,1994,487753258,0,3,1,2048,37,6837741266
8720,487777593,2946,487780539,0,8,1,3072,5,2295418974
8721,487788542,102752,487891294,0,8,0,37376,5,3125770635
8722,487843691,54368,487898059,0,9,0,4608,5,4119018551
8723,487869633,5326,487874959,0,3,1,5632,37,5672813156
8724,487987416,109928,488097344,0,9,0,60928,5,2312407733
8725,488090818,59506,488150324,0,9,0,5120,5,10307094839
8726,488090823,118820,488209643,0,6,0,90112,23,1432694218
8727,488157162,4374,488161536,0,3,1,4608,37,10252184512
8728,488192456,4850,488197306,0,8,1,5120,5,1413292409
8729,488206735,43904,488250639,0,2,0,512,11,5704088968
8730,488379599,4937,488384536,0,8,1,12800,5,5852516067
8731,488462125,116792,488578917,0,6,0,83456,23,10007274647
8732,488590240,566,488590806,0,2,1,512,11,8732490342
8733,488848676,6278,488854954,0,3,1,6656,37,5688117648
8734,488891529,1042,488892571,0,2,1,1024,11,3311990943
8735,489121580,43904,489165484,0,2,0,512,11,2924905716
8736,489165354,7706,489173060,0,3,1,8192,37,5729327427
8737,489190024,2470,489192494,0,2,1,2560,11,10435703365
8738,489309080,103844,489412924,0,6,0,40960,23,3879987064
8739,489312966,143278,489456244,0,6,0,41984,23,3712717129
8740,489366569,6278,489372847,0,2,1,6656,11,512681861
8741,489590697,161624,489752321,0,8,0,144896,5,3028400654
8742,489602622,3898,489606520,0,4,1,4096,33,8077160583
8743,489629536,3645,489633181,0,8,1,10240,5,1539950607
8744,489704094,3645,489707739,0,8,1,10240,5,4361248488
8745,489738284,102440,489840724,0,9,0,36352,5,5951286466
8746,489756054,98852,489854906,0,8,0,24576,5,5234081616
8747,489757034,111956,489868990,0,6,0,67584,23,7737762331
8748,489770907,3128,489774035,0,8,1,9216,5,2762412985
8749,489775013,1994,489777007,0,3,1,2048,37,1201602035
8750,489791194,3422,489794616,0,5,1,3584,7,1486336882
8751,489803231,131433,489934664,0,8,0,58368,5,8882147644
8752,489808814,3898,489812712,0,3,1,4096,37,7355686086
8753,489845155,1994,489847149,0,3,1,2048,37,9380345173
8754,489997203,1042,489998245,0,8,1,1024,5,10118532027
8755,490062827,1518,490064345,0,4,1,1536,33,1636052125
8756,490100427,103688,490204115,0,9,0,40448,5,3445534812
8757,490128757,100444,490229201,0,9,0,10752,5,8690307475
8758,490150031,1994,490152025,0,8,1,2048,5,6591669412
8759,490224545,2470,490227015,0,4,1,2560,33,10293177149
8760,490243540,86696,490330236,0,6,0,19968,23,8837569699
8761,490395696,47288,490442984,0,8,0,1536,5,7316936358
8762,490432316,102596,490534912,0,6,0,36864,23,6557612810
8763,490444162,45596,490489758,0,2,0,1024,11,1421077824
8764,490498971,3128,490502099,0,4,1,9216,33,1404649109
8765,490542035,1518,490543553,0,3,1,1536,37,2195739434
8766,490609250,45596,490654846,0,9,0,1024,5,8198235012
8767,490625030,77324,490702354,0,8,0,19456,5,10547016904
8768,490628051,11274,490639325,0,3,1,18432,37,2661523888
8769,490658606,2870,490661476,0,5,1,8704,7,8482863302
8770,490660952,12825,490673777,0,8,1,21504,5,8615790253
8771,490746317,4420,490750737,0,3,1,11776,37,1390501459
8772,490793547,6754,490800301,0,4,1,7168,33,2830381872
8773,490832405,54056,490886461,0,2,0,3584,11,7086777994
8774,490887435,43904,490931339,0,2,0,512,11,5899677758
8775,490889111,6229,490895340,0,4,1,15360,33,8040809962
8776,490956267,2470,490958737,0,4,1,2560,33,3379294599
8777,491030545,1518,491032063,0,8,1,1536,5,5180479406
8778,491040611,566,491041177,0,2,1,512,11,1779746681
8779,491135466,43904,491179370,0,2,0,512,11,10115353741
8780,491303531,22174,491325705,0,9,1,36352,5,9948049376
8781,491306817,98228,491405045,0,8,0,22528,5,7465978295
8782,491364803,1042,491365845,0,4,1,1024,33,1429232168
8783,491420171,2870,491423041,0,3,1,8704,37,8035411200
8784,491425896,3898,491429794,0,2,1,4096,11,6634421984
8785,491501584,114764,491616348,0,8,0,76800,5,5136363000
8786,491553087,1518,491554605,0,4,1,1536,33,6937080220
8787,491561658,4162,491565820,0,4,1,11264,33,4063961757
8788,491752398,3645,491756043,0,2,1,10240,11,983183818
8789,491818472,82820,491901292,0,6,0,12288,23,1726313000
8790,491864104,1518,491865622,0,2,1,1536,11,1715637566
8791,491920151,1994,491922145,0,8,1,2048,5,9342026693
8792,492038027,1042,492039069,0,2,1,1024,11,4580490968
8793,492105988,12825,492118813,0,8,1,21504,5,9268261614
8794,492163072,48980,492212052,0,2,0,2048,11,5659236360
8795,492210952,47444,492258396,0,2,0,2048,11,9698805753
8796,492269581,1518,492271099,0,2,1,1536,11,8384786900
8797,492313747,6278,492320025,0,2,1,6656,11,10272878051
8798,492395157,4374,492399531,0,2,1,4608,11,6489492147
8799,492400490,6278,492406768,0,8,1,6656,5,10404611203
8800,492425869,101036,492526905,0,6,0,31744,23,1071510143
8801,492511656,1518,492513174,0,2,1,1536,11,9639863906
8802,492556862,2470,492559332,0,4,1,2560,33,5402179872
8803,492595519,104312,492699831,0,6,0,42496,23,5366023333
8804,492641853,126776,492768629,0,9,0,116224,5,9939624993
8805,492712269,5802,492718071,0,3,1,6144,37,2046578918
8806,492760212,64208,492824420,0,8,0,6656,5,4218488159
8807,492794996,4937,492799933,0,3,1,12800,37,1659393189
8808,492839300,45596,492884896,0,2,0,1024,11,551522833
8809,492965765,106652,493072417,0,6,0,50176,23,9894347435
8810,493004105,10499,493014604,0,8,1,16896,5,1652432324
8811,493052138,10757,493062895,0,8,1,17408,5,1562236681
8812,493148376,1042,493149418,0,1,1,1024,38,5815805229
8813,493285435,88700,493374135,0,6,0,21504,23,107971526
8814,493291140,104312,493395452,0,9,0,42496,5,10593073259
8815,493366321,117260,493483581,0,2,0,84992,11,9934647862
8816,493372994,100152,493473146,0,9,0,29184,5,490881153
8817,493374055,43987,493418042,0,9,0,4608,5,1225598614
8818,493486531,1042,493487573,0,4,1,1024,33,9643556146
8819,493555951,1042,493556993,0,8,1,1024,5,1040329332
8820,493585089,566,493585655,0,8,1,512,5,2557168719
8821,493745822,5196,493751018,0,3,1,13312,37,8100967727
8822,493759547,1518,493761065,0,4,1,1536,33,10621292050
8823,493784900,3898,493788798,0,4,1,4096,33,9515491852
8824,493826905,101192,493928097,0,2,0,32256,11,1990349505
8825,493868214,2946,493871160,0,2,1,3072,11,1285865489
8826,494011994,566,494012560,0,1,1,512,38,2946494993
8827,494012578,119756,494132334,0,8,0,93184,5,2751524804
8828,494031125,566,494031691,0,1,1,512,38,10489322312
8829,494041124,566,494041690,0,4,1,512,33,1746158031
8830,494095899,93488,494189387,0,2,0,27136,11,2626314787
8831,494099454,59132,494158586,0,6,0,5120,23,6912891816
8832,494115124,3128,494118252,0,2,1,9216,11,10635994001
8833,494228287,1042,494229329,0,8,1,1024,5,1892858365
8834,494232173,6278,494238451,0,2,1,6656,11,9930772522
8835,494237786,1994,494239780,0,1,1,2048,38,4262187653
8836,494255977,6754,494262731,0,4,1,7168,33,3707126326
8837,494278238,2946,494281184,0,2,1,3072,11,10229785852
8838,494283949,108524,494392473,0,9,0,56320,5,5375616754
8839,494307634,5326,494312960,0,8,1,5632,5,1468501156
8840,494308892,75967,494384859,0,8,0,12288,5,6584494517
8841,494326519,33503,494360022,0,6,1,58368,23,7915576150
8842,494404171,566,494404737,0,1,1,512,38,4916698636
8843,494718761,4374,494723135,0,4,1,4608,33,5087274078
8844,494731009,566,494731575,0,4,1,512,33,8734518927
8845,494742415,89948,494832363,0,2,0,25600,11,2001228581
8846,494779557,6754,494786311,0,8,1,7168,5,8677833100
8847,494787605,3898,494791503,0,4,1,4096,33,2635796948
8848,494858296,102128,494960424,0,9,0,35328,5,2892495346
8849,494862834,4374,494867208,0,3,1,4608,37,528033092
8850,494878282,69776,494948058,0,8,0,14848,5,353502162
8851,494902605,58770,494961375,0,9,0,3072,5,8997133259
8852,494985816,59132,495044948,0,2,0,5120,11,5484229472
8853,495090003,100724,495190727,0,9,0,30720,5,9977671177
8854,495102146,86984,495189130,0,8,0,15872,5,7166223288
8855,495258806,197924,495456730,0,8,0,188416,5,7453316144
8856,495389128,67617,495456745,0,8,1,19456,5,6369790965
8857,495410223,146146,495556369,0,8,0,27136,5,1568894703
8858,495437166,22983,495460149,0,8,1,9728,5,10398290856
8859,495593795,96356,495690151,0,9,0,16384,5,633852896
8860,495603516,3645,495607161,0,8,1,10240,5,6750832889
8861,495617980,1042,495619022,0,3,1,1024,37,2334859257
8862,495697999,1518,495699517,0,2,1,1536,11,10708271149
8863,495700959,91148,495792107,0,2,0,19456,11,8832732320
8864,495708695,1042,495709737,0,3,1,1024,37,642664200
8865,495716914,109460,495826374,0,8,0,59392,5,9214775351
8866,495888520,108680,495997200,0,9,0,56832,5,1628428258
8867,495998362,1994,496000356,0,8,1,2048,5,1229892424
8868,496038421,1518,496039939,0,8,1,1536,5,2922576952
8869,496142172,5712,496147884,0,8,1,14336,5,8147992000
8870,496514245,116324,496630569,0,2,0,81920,11,3400799046
8871,496612414,43904,496656318,0,6,0,512,23,484301205
8872,496771818,99476,496871294,0,1,0,26624,38,943698999
8873,496781541,79592,496861133,0,2,0,11776,11,5637092189
8874,497034162,63950,497098112,0,9,0,8192,5,10157641687
8875,497055282,54056,497109338,0,9,0,3584,5,9233233244
8876,497110435,3904,497114339,0,1,1,10752,38,1388195308
8877,497152160,566,497152726,0,1,1,512,38,3975624737
8878,497265222,108836,497374058,0,6,0,57344,23,287757334
8879,497639107,102596,497741703,0,2,0,36864,11,1219195719
8880,497747009,5971,497752980,0,8,1,14848,5,82983180
8881,497749793,58064,497807857,0,6,0,6656,23,6878844793
8882,497795547,5326,497800873,0,8,1,5632,5,5274033955
8883,497879016,104312,497983328,0,8,0,42496,5,9821890130
8884,498233587,5802,498239389,0,8,1,6144,5,9186064658
8885,498249818,118664,498368482,0,8,0,89600,5,3355267099
8886,498325511,15062,498340573,0,6,1,29184,23,5666736489
8887,498359440,12932,498372372,0,8,1,4096,5,7931397463
8888,498507003,566,498507569,0,8,1,512,5,7622844971
8889,498521638,58220,498579858,0,8,0,7168,5,966075003
8890,498527907,45315,498573222,0,8,0,512,5,9997361258
8891,498532804,5971,498538775,0,3,1,14848,37,4428199829
8892,498571586,57440,498629026,0,9,0,4608,5,8220935748
8893,498607537,43904,498651441,0,9,0,512,5,6918179659
8894,498691309,2946,498694255,0,3,1,3072,37,7855583782
8895,498774974,118352,498893326,0,2,0,88576,11,3730312804
8896,498781873,105716,498887589,0,9,0,47104,5,8833412828
8897,498864156,54056,498918212,0,2,0,3584,11,5567850178
8898,498895201,103376,498998577,0,8,0,39424,5,1756574781
8899,499055346,48980,499104326,0,2,0,2048,11,1697986771
8900,499301852,11016,499312868,0,8,1,17920,5,4808552620
8901,499308994,4860,499313854,0,8,1,1536,5,10495045082
8902,499317808,2470,499320278,0,8,1,2560,5,4165308990
8903,499376011,104936,499480947,0,8,0,44544,5,5272431199
8904,499491103,110084,499601187,0,6,0,61440,23,8698283938
8905,499810713,45596,499856309,0,2,0,1024,11,6579032798
8906,499871564,91280,499962844,0,8,0,14848,5,5064646431
8907,500055614,16613,500072227,0,6,1,32256,23,5268506138
8908,500481784,1518,500483302,0,6,1,1536,23,6516132546
8909,500497719,566,500498285,0,8,1,512,5,491422182
8910,500537677,55748,500593425,0,9,0,4096,5,4824632771
8911,500540788,104312,500645100,0,8,0,42496,5,3194059000
8912,500554094,77744,500631838,0,8,0,10752,5,1018176201
8913,500558306,100160,500658466,0,8,0,22528,5,4066515361
8914,500594631,48980,500643611,0,2,0,2048,11,6609592575
8915,500637182,43904,500681086,0,6,0,512,23,6907116407
8916,500673216,48980,500722196,0,2,0,2048,11,6136482922
8917,500678446,116480,500794926,0,8,0,82432,5,4390672894
8918,500698493,4850,500703343,0,2,1,5120,11,4020165009
8919,500742115,4374,500746489,0,2,1,4608,11,9407600198
8920,500799818,6278,500806096,0,6,1,6656,23,6995850175
8921,500801350,2470,500803820,0,2,1,2560,11,10495616563
8922,500894462,43904,500938366,0,2,0,512,11,45364356
8923,501005959,45596,501051555,0,2,0,1024,11,9139447950
8924,501060113,43904,501104017,0,2,0,512,11,3177819321
8925,501067174,3904,501071078,0,2,1,10752,11,8570882312
8926,501086206,4162,501090368,0,2,1,11264,11,2691916595
8927,501121224,96872,501218096,0,8,0,28160,5,7473207556
8928,501183177,22950,501206127,0,6,1,37888,23,6181621679
8929,501184972,3904,501188876,0,2,1,10752,11,8717937612
8930,501191245,43904,501235149,0,2,0,512,11,3639556758
8931,501207929,566,501208495,0,1,1,512,38,4014618432
8932,501223278,43904,501267182,0,2,0,512,11,9771039946
8933,501329656,114850,501444506,0,6,1,186880,23,5936397214
8934,501410395,54695,501465090,0,6,1,73728,23,1320127586
8935,501418921,191931,501610852,0,6,0,39424,23,1505727747
8936,501479286,56854,501536140,0,6,1,97280,23,6835484478
8937,501562663,146407,501709070,0,6,0,12288,23,8761771686
8938,501625828,43904,501669732,0,2,0,512,11,1055808380
8939,501648454,3645,501652099,0,2,1,10240,11,6670474580
8940,501752207,80840,501833047,0,6,0,4096,23,4414643575
8941,501757264,106340,501863604,0,6,0,49152,23,6325953972
8942,501765675,1518,501767193,0,1,1,1536,38,9305216185
8943,501767925,110084,501878009,0,9,0,61440,5,10156230824
8944,501806913,7706,501814619,0,8,1,8192,5,10258168689
8945,501842816,20803,501863619,0,6,1,18432,23,9331852143
8946,501860807,43904,501904711,0,2,0,512,11,4118464641
8947,501890889,62516,501953405,0,2,0,6144,11,8930169856
8948,501950052,102284,502052336,0,9,0,35840,5,7329613196
8949,501976904,101192,502078096,0,6,0,32256,23,7325336753
8950,501981254,11016,501992270,0,6,1,17920,23,3429366111
8951,501982077,4679,501986756,0,8,1,12288,5,919683306
8952,502005981,566,502006547,0,1,1,512,38,306282627
8953,502032077,5326,502037403,0,1,1,5632,38,1885078813
8954,502036776,1518,502038294,0,2,1,1536,11,1566830155
8955,502054366,90392,502144758,0,9,0,22016,5,1716417989
8956,502089825,1042,502090867,0,2,1,1024,11,5427968363
8957,502136807,5326,502142133,0,8,1,5632,5,3663532766
8958,502137340,8019,502145359,0,8,1,5120,5,6154339738
8959,502216417,59669,502276086,0,6,0,4096,23,9197556320
8960,502216706,3422,502220128,0,2,1,3584,11,6767213311
8961,502219862,1518,502221380,0,6,1,1536,23,8117837797
8962,502252859,48980,502301839,0,2,0,2048,11,5497352163
8963,502347905,43904,502391809,0,2,0,512,11,1649193955
8964,502362576,6278,502368854,0,2,1,6656,11,648562272
8965,502606527,4374,502610901,0,1,1,4608,38,229965270
8966,502648142,104000,502752142,0,9,0,41472,5,7841816547
8967,502696893,97136,502794029,0,8,0,18944,5,1582871551
8968,502770927,43904,502814831,0,2,0,512,11,8511052000
8969,502819547,6278,502825825,0,1,1,6656,38,7531158161
8970,502909326,1994,502911320,0,2,1,2048,11,1374684444
8971,502928003,43904,502971907,0,6,0,512,23,6841792911
8972,502965050,86204,503051254,0,9,0,13312,5,10709964223
8973,503003639,1994,503005633,0,8,1,2048,5,1293194904
8974,503008708,45596,503054304,0,2,0,1024,11,2876067083
8975,503159165,3898,503163063,0,8,1,4096,5,4565854923
8976,503242656,11016,503253672,0,8,1,17920,5,8913234459
8977,503247437,1518,503248955,0,1,1,1536,38,8670719434
8978,503275957,106028,503381985,0,9,0,48128,5,3374047511
8979,503361624,4374,503365998,0,8,1,4608,5,3565690968
8980,503493122,6754,503499876,0,8,1,7168,5,9304660951
8981,503527413,98696,503626109,0,6,0,24064,23,471160832
8982,503678266,566,503678832,0,1,1,512,38,8770213242
8983,503798096,566,503798662,0,1,1,512,38,8690847954
8984,503853880,52364,503906244,0,6,0,3072,23,9432842094
8985,503857916,566,503858482,0,8,1,512,5,7715998511
8986,503882077,43904,503925981,0,2,0,512,11,91455677
8987,503895328,1994,503897322,0,1,1,2048,38,7847802459
8988,503919230,43904,503963134,0,2,0,512,11,4083240245
8989,503921877,6278,503928155,0,6,1,6656,23,10198600851
8990,504020998,1518,504022516,0,8,1,1536,5,5910255018
8991,504043684,6278,504049962,0,1,1,6656,38,345113049
8992,504070761,1042,504071803,0,2,1,1024,11,5325790789
8993,504098640,101348,504199988,0,9,0,32768,5,4241244276
8994,504112016,97604,504209620,0,9,0,20480,5,3259657022
8995,504153201,151043,504304244,0,9,0,75264,5,5011752336
8996,504160166,111176,504271342,0,6,0,65024,23,3207736058
8997,504216833,7706,504224539,0,4,1,8192,33,8338616800
8998,504261505,4679,504266184,0,4,1,12288,33,5858056207
8999,504280970,10499,504291469,0,3,1,16896,37,5632027600
9000,504297543,566,504298109,0,4,1,512,33,488738524
9001,504335156,1518,504336674,0,1,1,1536,38,1962014588
9002,504401542,1518,504403060,0,3,1,1536,37,2904798117
9003,504432941,11016,504443957,0,2,1,17920,11,9419748682
9004,504601886,50672,504652558,0,6,0,2560,23,567975515
9005,504644544,45752,504690296,0,2,0,1536,11,2850412829
9006,504673970,2470,504676440,0,3,1,2560,37,4713825571
9007,504735196,47288,504782484,0,2,0,1536,11,9414121744
9008,504739416,566,504739982,0,3,1,512,37,1261212427
9009,504747882,6754,504754636,0,1,1,7168,38,2375823592
9010,504795566,1994,504797560,0,4,1,2048,33,2826985140
9011,504809266,112424,504921690,0,6,0,69120,23,5711619153
9012,504822267,5712,504827979,0,1,1,14336,38,5583931333
9013,504884181,91172,504975353,0,9,0,24576,5,325847243
9014,504928947,1994,504930941,0,8,1,2048,5,10665988348
9015,504942136,6754,504948890,0,4,1,7168,33,57581283
9016,504952166,106527,505058693,0,9,0,28672,5,5878516748
9017,504982972,2470,504985442,0,1,1,2560,38,647613146
9018,505072880,1042,505073922,0,3,1,1024,37,10306858176
9019,505222478,66212,505288690,0,9,0,8192,5,3995753852
9020,505224838,43904,505268742,0,2,0,512,11,3899510631
9021,505231714,1042,505232756,0,2,1,1024,11,805026103
9022,505398527,2870,505401397,0,3,1,8704,37,1272271160
9023,505450226,5802,505456028,0,2,1,6144,11,7226193060
9024,505483971,566,505484537,0,1,1,512,38,8260893
9025,505484933,2470,505487403,0,8,1,2560,5,1050100982
9026,505571355,1042,505572397,0,8,1,1024,5,5440266975
9027,505707476,1518,505708994,0,4,1,1536,33,8951883846
9028,505726136,5326,505731462,0,8,1,5632,5,5527330775
9029,505792579,1518,505794097,0,3,1,1536,37,1904363103
9030,505885856,82532,505968388,0,6,0,16384,23,9542770853
9031,505898256,48980,505947236,0,2,0,2048,11,4733424241
9032,506130527,74384,506204911,0,6,0,14848,23,4070397107
9033,506160419,52364,506212783,0,9,0,3072,5,9827574658
9034,506164879,122952,506287831,0,9,0,88064,5,7910446436
9035,506217885,566,506218451,0,8,1,512,5,10266738606
9036,506223615,48980,506272595,0,2,0,2048,11,3463558125
9037,506527576,2470,506530046,0,2,1,2560,11,287289802
9038,506585789,47288,506633077,0,2,0,1536,11,2462412923
9039,506603953,1994,506605947,0,8,1,2048,5,9000924146
9040,506619868,54524,506674392,0,6,0,5120,23,3717840408
9041,506796844,1042,506797886,0,2,1,1024,11,2385506235
9042,506917707,45596,506963303,0,2,0,1024,11,6676686944
9043,506995561,6754,507002315,0,2,1,7168,11,9720820226
9044,507052564,67592,507120156,0,2,0,7680,11,9830017347
9045,507191174,1518,507192692,0,2,1,1536,11,1762630855
9046,507272131,43904,507316035,0,2,0,512,11,7379793227
9047,507601028,138536,507739564,0,6,0,134656,23,3367222843
9048,507694486,2946,507697432,0,2,1,3072,11,7432564987
9049,507765815,4374,507770189,0,6,1,4608,23,7904156144
9050,507825300,1994,507827294,0,8,1,2048,5,3161597836
9051,507857404,45596,507903000,0,9,0,1024,5,829917995
9052,507917471,2470,507919941,0,2,1,2560,11,8941529487
9053,508018451,2470,508020921,0,2,1,2560,11,2921090673
9054,508044127,75608,508119735,0,9,0,13824,5,2029800556
9055,508070373,7230,508077603,0,8,1,7680,5,5808012184
9056,508160353,86828,508247181,0,9,0,15360,5,9061149944
9057,508228535,4850,508233385,0,5,1,5120,7,445921356
9058,508247495,3128,508250623,0,2,1,9216,11,519299084
9059,508337389,5712,508343101,0,8,1,14336,5,9014246229
9060,508379363,1518,508380881,0,2,1,1536,11,683919584
9061,508462919,4374,508467293,0,8,1,4608,5,2015366970
9062,508508920,1518,508510438,0,5,1,1536,7,5247946787
9063,508565305,4374,508569679,0,8,1,4608,5,2990816097
9064,508657232,54992,508712224,0,6,0,6656,23,1761503866
9065,508847602,2946,508850548,0,1,1,3072,38,9691567493
9066,508860561,149912,509010473,0,9,0,136704,5,1296835430
9067,508955133,2470,508957603,0,4,1,2560,33,7884548903
9068,508962840,2470,508965310,0,1,1,2560,38,2651531747
9069,508998625,1518,509000143,0,1,1,1536,38,10428018844
9070,509012723,4679,509017402,0,8,1,12288,5,4296643404
9071,509017247,1042,509018289,0,5,1,1024,7,6118498226
9072,509061783,566,509062349,0,2,1,512,11,582536030
9073,509222655,1994,509224649,0,1,1,2048,38,1463435703
9074,509228095,3128,509231223,0,5,1,9216,7,3468126772
9075,509351720,4374,509356094,0,5,1,4608,7,6383101230
9076,509368940,126932,509495872,0,9,0,116736,5,9881092879
9077,509587637,1042,509588679,0,2,1,1024,11,6866270678
9078,509595603,6754,509602357,0,4,1,7168,33,5733153225
9079,509664943,3422,509668365,0,8,1,3584,5,5540845171
9080,509681650,3422,509685072,0,5,1,3584,7,10512230418
9081,509686678,2946,509689624,0,2,1,3072,11,382963253
9082,509704871,1994,509706865,0,4,1,2048,33,7416560681
9083,509857706,3898,509861604,0,2,1,4096,11,5318789038
9084,509877646,45596,509923242,0,2,0,1024,11,10277413587
9085,509900329,1994,509902323,0,8,1,2048,5,4420062645
9086,509910115,1518,509911633,0,1,1,1536,38,8828787314
9087,509948526,1518,509950044,0,9,1,1536,5,1227014664
9088,509984815,106964,510091779,0,6,0,51200,23,3987200399
9089,510006150,5326,510011476,0,5,1,5632,7,2056271546
9090,510044498,4162,510048660,0,5,1,11264,7,340439262
9091,510050137,3898,510054035,0,6,1,4096,23,9462959868
9092,510066759,4850,510071609,0,1,1,5120,38,2988464749
9093,510159141,5196,510164337,0,1,1,13312,38,2804504253
9094,510171851,566,510172417,0,5,1,512,7,2773312733
9095,510280441,32299,510312740,0,1,1,52736,38,4670337123
9096,510349774,3422,510353196,0,1,1,3584,38,970268938
9097,510353541,15579,510369120,0,2,1,30208,11,2953542076
9098,510367849,1042,510368891,0,5,1,1024,7,9490641212
9099,510374967,74360,510449327,0,6,0,9728,23,10281198459
9100,510567794,4850,510572644,0,5,1,5120,7,8689001683
9101,510607147,6278,510613425,0,5,1,6656,7,4308077711
9102,510798163,34367,510832530,0,1,1,56832,38,2416518720
9103,510815044,103064,510918108,0,9,0,38400,5,5813133185
9104,510853197,1042,510854239,0,5,1,1024,7,2807050075
9105,510893126,566,510893692,0,5,1,512,7,5322937577
9106,510928690,3898,510932588,0,2,1,4096,11,6135925330
9107,511241845,120536,511362381,0,9,0,95744,5,3470601873
9108,511354085,106652,511460737,0,6,0,50176,23,8604905147
9109,511459734,20366,511480100,0,1,1,32768,38,3693040848
9110,511464129,3387,511467516,0,5,1,9728,7,6402381249
9111,511478901,13341,511492242,0,1,1,22528,38,9799308642
9112,511534142,101624,511635766,0,9,1,164352,5,4012643214
9113,511558920,45596,511604516,0,2,0,1024,11,7798092813
9114,511581800,566,511582366,0,2,1,512,11,2679937618
9115,511603611,45596,511649207,0,2,0,1024,11,5143284937
9116,511703977,12995,511716972,0,1,1,25088,38,9795858603
9117,511776230,7706,511783936,0,5,1,8192,7,4901813113
9118,511794613,74608,511869221,0,1,1,121856,38,9185268670
9119,511796868,56079,511852947,0,9,1,95744,5,8254711534
9120,511848113,6319,511854432,0,9,1,15360,5,7094094413
9121,511907555,2870,511910425,0,1,1,8704,38,1064953010
9122,511976378,43904,512020282,0,2,0,512,11,8849301434
9123,512036373,43200,512079573,0,1,1,70656,38,2180097470
9124,512084846,4679,512089525,0,9,1,12288,5,5446175847
9125,512138704,33762,512172466,0,1,1,58880,38,9852349628
9126,512163281,3898,512167179,0,2,1,4096,11,8238222603
9127,512167511,105560,512273071,0,9,0,46592,5,7053194082
9128,512210889,47288,512258177,0,2,0,1536,11,1003101435
9129,512261366,206501,512467867,0,9,0,178176,5,7918126712
9130,512287573,43904,512331477,0,2,0,512,11,9784911076
9131,512441697,13253,512454950,0,2,1,25600,11,1497210305
9132,512511991,40616,512552607,0,1,1,65536,38,886929834
9133,512537291,80684,512617975,0,6,0,15360,23,8878043110
9134,512591885,20882,512612767,0,1,1,33792,38,3444217340
9135,512600265,13858,512614123,0,9,1,23552,5,6879810333
9136,512649178,43904,512693082,0,2,0,512,11,10289117715
9137,512709880,1994,512711874,0,2,1,2048,11,7873956136
9138,512758452,11533,512769985,0,1,1,18944,38,3852559453
9139,512800322,61292,512861614,0,6,0,7168,23,9992281360
9140,512817893,3898,512821791,0,9,1,4096,5,3362964524
9141,512853885,13253,512867138,0,1,1,25600,38,8046077675
9142,513030147,43904,513074051,0,2,0,512,11,4463334985
9143,513071479,43904,513115383,0,2,0,512,11,468352060
9144,513075766,13600,513089366,0,1,1,23040,38,1762125554
9145,513405220,84224,513489444,0,6,0,16896,23,2421076423
9146,513503048,102596,513605644,0,9,0,36864,5,6287884637
9147,513678091,99788,513777879,0,9,0,27648,5,953350860
9148,513776433,92372,513868805,0,6,0,18432,23,6357538592
9149,513933206,90704,514023910,0,9,0,23040,5,946335301
9150,513956136,45596,514001732,0,2,0,1024,11,4577192300
9151,513963533,144815,514108348,0,9,0,72192,5,5775731215
9152,513982121,160694,514142815,0,9,0,70656,5,3880077685
9153,514196059,14804,514210863,0,1,1,28672,38,9697423408
9154,514310986,47288,514358274,0,2,0,1536,11,9538875838
9155,514498656,25446,514524102,0,1,1,46080,38,3108098903
9156,514700092,13858,514713950,0,1,1,23552,38,8963352435
9157,514755161,45596,514800757,0,2,0,1024,11,2067658657
9158,514764908,104624,514869532,0,6,0,43520,23,5090125269
9159,514961485,89924,515051409,0,6,0,20480,23,1874419475
9160,515044561,34020,515078581,0,1,1,59392,38,10282607636
9161,515463278,103688,515566966,0,9,0,40448,5,1418120307
9162,515512768,45596,515558364,0,2,0,1024,11,10538388787
9163,515698576,45596,515744172,0,2,0,1024,11,478371488
9164,515760650,84512,515845162,0,6,0,12800,23,2194419972
9165,515977144,71156,516048300,0,6,0,14336,23,6153234289
9166,516028694,87608,516116302,0,9,0,17920,5,5485932804
9167,516057967,54100,516112067,0,1,1,88576,38,260999495
9168,516067110,124402,516191512,0,9,0,31744,5,1515198819
9169,516320771,52364,516373135,0,2,0,3072,11,6382194574
9170,516598947,77168,516676115,0,6,0,18944,23,6614887018
9171,516780270,43904,516824174,0,2,0,512,11,1605691074
9172,516814000,43904,516857904,0,2,0,512,11,7564492837
9173,516876389,13858,516890247,0,1,1,23552,38,9069796409
9174,516934421,99788,517034209,0,6,0,27648,23,295782035
9175,517000594,5454,517006048,0,6,1,13824,23,1574857145
9176,517069442,63450,517132892,0,1,1,103424,38,1311533862
9177,517390883,4162,517395045,0,2,1,11264,11,5768915518
9178,517547481,36087,517583568,0,1,1,63488,38,10323701591
9179,517599291,53495,517652786,0,1,1,90624,38,6536456654
9180,517865821,24242,517890063,0,1,1,40448,38,2135086050
9181,518053853,32558,518086411,0,1,1,53248,38,6084568406
9182,518263513,1994,518265507,0,8,1,2048,5,2567871202
9183,518275170,43904,518319074,0,2,0,512,11,9266685179
9184,518323701,116324,518440025,0,6,0,81920,23,4576376223
9185,518534753,43904,518578657,0,2,0,512,11,4422012866
9186,518588186,11791,518599977,0,1,1,19456,38,115933132
9187,518589561,15703,518605264,0,1,1,16896,38,221212291
9188,518595718,50672,518646390,0,6,0,2560,23,4371621006
9189,518608284,75164,518683448,0,9,0,17408,5,4916868652
9190,518611448,66236,518677684,0,9,0,13312,5,9471211759
9191,518684081,84068,518768149,0,9,0,16384,5,10423155587
9192,518967109,46729,519013838,0,1,1,80896,38,1002580739
9193,519080563,87944,519168507,0,6,0,24064,23,8131030275
9194,519251940,6278,519258218,0,5,1,6656,7,5457572072
9195,519269032,47288,519316320,0,2,0,1536,11,544601180
9196,519276503,4850,519281353,0,8,1,5120,5,234593282
9197,519300734,566,519301300,0,5,1,512,7,5892501659
9198,519339130,1518,519340648,0,5,1,1536,7,5986895457
9199,519402597,1042,519403639,0,8,1,1024,5,9495819028
9200,519474711,62158,519536869,0,1,1,100864,38,8485500873
9201,519498877,43904,519542781,0,2,0,512,11,2939316638
9202,519552248,55562,519607810,0,1,1,94720,38,1193051843
9203,519709618,2946,519712564,0,5,1,3072,7,2530292821
9204,519769867,43904,519813771,0,2,0,512,11,7980552599
9205,519838871,5326,519844197,0,5,1,5632,7,2773275081
9206,519884775,81908,519966683,0,9,0,14336,5,10635447830
9207,519929797,1994,519931791,0,1,1,2048,38,7386270182
9208,519940847,2470,519943317,0,5,1,2560,7,4532590339
9209,519999443,55748,520055191,0,2,0,4096,11,9646781190
9210,520176286,3422,520179708,0,5,1,3584,7,6672457788
9211,520231199,99476,520330675,0,9,0,26624,5,4289103662
9212,520273980,1042,520275022,0,5,1,1024,7,5376008279
9213,520305626,1994,520307620,0,5,1,2048,7,5125535897
9214,520371102,5196,520376298,0,8,1,13312,5,9060775425
9215,520504591,22433,520527024,0,1,1,36864,38,1526937352
9216,520519998,103433,520623431,0,1,1,167936,38,10021104067
9217,520524901,109564,520634465,0,1,1,36352,38,7422386331
9218,520526262,5326,520531588,0,5,1,5632,7,10250386335
9219,520556027,10757,520566784,0,9,1,17408,5,6321625025
9220,520586169,25446,520611615,0,9,1,46080,5,10451970206
9221,520623438,139931,520763369,0,9,0,58368,5,3967445692
9222,520765593,100412,520866005,0,6,0,29696,23,10472260590
9223,520806726,43904,520850630,0,2,0,512,11,6695567909
9224,520808908,7230,520816138,0,8,1,7680,5,10136354371
9225,520864593,47288,520911881,0,2,0,1536,11,6730288975
9226,520868883,13083,520881966,0,5,1,22016,7,8582196766
9227,520942681,101504,521044185,0,6,0,33280,23,7295819988
9228,521259615,103532,521363147,0,6,0,39936,23,598992986
9229,521287985,1994,521289979,0,5,1,2048,7,6051885177
9230,521474693,13600,521488293,0,1,1,23040,38,7766644860
9231,521505120,26479,521531599,0,1,1,48128,38,9677392540
9232,521506196,45596,521551792,0,2,0,1024,11,1461123047
9233,521633799,4679,521638478,0,1,1,12288,38,5262108354
9234,521679233,31266,521710499,0,1,1,50688,38,10618883050
9235,521735601,566,521736167,0,5,1,512,7,170229198
9236,521777792,1518,521779310,0,9,1,1536,5,4517719164
9237,521827531,5802,521833333,0,5,1,6144,7,8229388304
9238,521949326,109148,522058474,0,6,0,58368,23,7291772079
9239,521984158,11791,521995949,0,9,1,19456,5,3648272762
9240,522036761,31783,522068544,0,1,1,51712,38,5083477396
9241,522178404,2470,522180874,0,3,1,2560,37,8203842722
9242,522291664,6754,522298418,0,3,1,7168,37,3434484684
9243,522360168,5802,522365970,0,3,1,6144,37,2218655839
9244,522476411,566,522476977,0,3,1,512,37,6630504643
9245,522531734,45596,522577330,0,2,0,1024,11,4635737503
9246,522564618,5454,522570072,0,3,1,13824,37,3059581293
9247,522649147,103376,522752523,0,9,0,39424,5,7804760851
9248,522665006,45596,522710602,0,2,0,1024,11,9069755828
9249,522679824,3387,522683211,0,5,1,9728,7,2969162366
9250,522738327,12566,522750893,0,6,1,20992,23,8143409888
9251,522753419,93417,522846836,0,6,0,18944,23,244348555
9252,522807120,7230,522814350,0,3,1,7680,37,2824761722
9253,522877233,4850,522882083,0,3,1,5120,37,3204971165
9254,522888558,4937,522893495,0,3,1,12800,37,2510929322
9255,523294711,43904,523338615,0,2,0,512,11,5104943462
9256,523305296,106652,523411948,0,6,0,50176,23,60865507
9257,523594210,13770,523607980,0,9,1,26624,5,2527445331
9258,523684700,50672,523735372,0,2,0,2560,11,287313442
9259,523754700,1518,523756218,0,3,1,1536,37,5549718500
9260,523793275,1518,523794793,0,9,1,1536,5,2521450793
9261,523929562,195896,524125458,0,9,0,181760,5,9667172418
9262,523955457,180780,524136237,0,9,0,35328,5,5094249147
9263,524213806,110708,524324514,0,6,0,63488,23,3525314140
9264,524229291,45954,524275245,0,9,1,79360,5,2505424686
9265,524246002,4850,524250852,0,4,1,5120,33,2606696116
9266,524310785,1042,524311827,0,3,1,1024,37,8019312789
9267,524365217,177037,524542254,0,9,0,85504,5,2625591127
9268,524440982,2470,524443452,0,4,1,2560,33,6547774459
9269,524536194,45596,524581790,0,2,0,1024,11,470788883
9270,524608803,47600,524656403,0,9,0,2560,5,132616382
9271,524615837,112736,524728573,0,6,0,70144,23,5566493339
9272,524736765,97760,524834525,0,9,0,20992,5,7504564504
9273,524866267,130052,524996319,0,6,0,126976,23,8791418259
9274,524879096,2870,524881966,0,3,1,8704,37,5781968229
9275,524946657,4374,524951031,0,3,1,4608,37,910760043
9276,525038456,107900,525146356,0,6,0,54272,23,2005811166
9277,525218445,4850,525223295,0,8,1,5120,5,9239169074
9278,525610575,7230,525617805,0,8,1,7680,5,4348442373
9279,525756076,105716,525861792,0,6,0,47104,23,3038865499
9280,525816468,101348,525917816,0,9,0,32768,5,1951383243
9281,525872350,7230,525879580,0,8,1,7680,5,4140817907
9282,526239495,50672,526290167,0,9,0,2560,5,8601453375
9283,526456953,3422,526460375,0,8,1,3584,5,9100612037
9284,526498812,89768,526588580,0,6,0,19968,23,95040709
9285,526546067,2870,526548937,0,8,1,8704,5,4499912270
9286,526701269,77300,526778569,0,9,0,14336,5,2893571659
9287,526818692,566,526819258,0,6,1,512,23,4858877154
9288,527002852,6278,527009130,0,4,1,6656,33,9324383026
9289,527016272,4374,527020646,0,4,1,4608,33,962837362
9290,527026471,50672,527077143,0,6,0,2560,23,5596165206
9291,527045745,62228,527107973,0,6,0,10240,23,3558835828
9292,527191224,70844,527262068,0,9,0,13312,5,460316816
9293,527217087,1994,527219081,0,8,1,2048,5,10174964031
9294,527280345,1042,527281387,0,8,1,1024,5,7149681576
9295,527413685,52364,527466049,0,6,0,3072,23,3815037999
9296,528113620,67592,528181212,0,6,0,7680,23,7129526984
9297,528487823,5326,528493149,0,8,1,5632,5,3613534153
9298,528748503,1518,528750021,0,8,1,1536,5,8307162148
9299,528952613,2470,528955083,0,5,1,2560,7,7598970285
9300,529100629,4374,529105003,0,8,1,4608,5,5339367322
9301,529102007,110240,529212247,0,9,0,61952,5,2724768499
9302,529391298,1994,529393292,0,4,1,2048,33,4188339573
9303,529421284,62384,529483668,0,6,0,10752,23,10070054960
9304,529433065,106340,529539405,0,6,0,49152,23,7516430459
9305,529516623,101036,529617659,0,6,0,31744,23,5867132732
9306,529545335,5326,529550661,0,5,1,5632,7,10072913043
9307,529699361,71912,529771273,0,9,0,11776,5,5345144909
9308,529921004,11533,529932537,0,5,1,18944,7,5795264289
9309,529998251,74516,530072767,0,6,0,10240,23,2778277022
9310,530370836,101036,530471872,0,9,0,31744,5,10079061365
9311,530451616,95756,530547372,0,6,0,19456,23,2650197688
9312,530570843,104312,530675155,0,9,0,42496,5,4296243515
9313,531434786,87296,531522082,0,9,0,16896,5,9160313621
9314,531673559,105716,531779275,0,9,0,47104,5,5889975334
9315,532074063,88388,532162451,0,9,0,20480,5,5154724900
9316,532328106,94556,532422662,0,6,0,25600,23,3404456066
9317,532536516,101348,532637864,0,6,0,32768,23,6133693065
9318,532580003,69908,532649911,0,9,0,10240,5,4322948462
9319,532633127,121365,532754492,0,6,0,82944,23,9723218076
9320,533163295,11016,533174311,0,1,1,17920,38,6793029485
9321,533232522,11016,533243538,0,6,1,17920,23,3113652987
9322,533254702,13341,533268043,0,1,1,22528,38,7921614717
9323,533290853,1042,533291895,0,6,1,1024,23,7200235953
9324,533353616,99008,533452624,0,9,0,25088,5,2247647734
9325,533361670,12308,533373978,0,1,1,20480,38,8913937414
9326,533367042,81308,533448350,0,6,0,17408,23,2357122857
9327,533428961,3645,533432606,0,6,1,10240,23,8203242818
9328,533444683,8596,533453279,0,6,1,12800,23,6766022513
9329,533447361,9417,533456778,0,9,1,11264,5,4097291570
9330,533622350,89588,533711938,0,9,0,14336,5,9711960030
9331,533768108,1518,533769626,0,6,1,1536,23,3704525046
9332,533824274,1042,533825316,0,6,1,1024,23,3662239096
9333,533843933,21916,533865849,0,1,1,35840,38,6517509303
9334,534036728,566,534037294,0,6,1,512,23,2768708468
9335,534169007,143483,534312490,0,9,0,33792,5,6904267280
9336,534183601,34020,534217621,0,1,1,59392,38,7952415665
9337,534188926,113253,534302179,0,9,0,71680,5,7287124118
9338,534360252,6754,534367006,0,1,1,7168,38,5782217206
9339,534377742,4374,534382116,0,6,1,4608,23,8769772498
9340,534505990,5454,534511444,0,1,1,13824,38,8618418597
9341,534533899,63450,534597349,0,1,1,103424,38,4806729296
9342,534598526,566,534599092,0,6,1,512,23,5511199861
9343,534672509,192464,534864973,0,9,0,170496,5,3100626445
9344,535118296,104624,535222920,0,6,0,43520,23,6944973332
9345,535337654,7706,535345360,0,6,1,8192,23,9263049247
9346,535799513,106652,535906165,0,6,0,50176,23,7840546592
9347,535844464,6754,535851218,0,6,1,7168,23,5784640724
9348,536194863,4162,536199025,0,9,1,11264,5,8016318476
9349,536309092,81374,536390466,0,9,1,131584,5,3067497458
9350,536357914,3387,536361301,0,1,1,9728,38,3745921749
9351,536380047,16628,536396675,0,9,1,21504,5,1258025015
9352,536474964,6278,536481242,0,6,1,6656,23,4200023741
9353,536521138,101192,536622330,0,9,0,32256,5,8472955790
9354,536600936,91499,536692435,0,9,1,147968,5,7352068259
9355,536628497,136484,536764981,0,9,0,8704,5,7036473340
9356,536710123,7230,536717353,0,6,1,7680,23,8833424428
9357,536761317,102128,536863445,0,6,0,35328,23,5498847354
9358,536899675,64232,536963907,0,6,0,11776,23,8141459505
9359,536904512,35312,536939824,0,1,1,61952,38,2814290628
9360,537017937,111020,537128957,0,9,0,64512,5,9192770168
9361,537031116,117935,537149051,0,9,0,18432,5,3716305904
9362,537049675,151336,537201011,0,9,0,27648,5,8452944327
9363,537145344,55682,537201026,0,9,1,77312,5,6892504477
9364,537184885,73058,537257943,0,9,1,118784,5,1087842849
9365,537239482,69776,537309258,0,6,0,14848,23,1069061170
9366,537328579,82847,537411426,0,9,0,12288,5,3693067025
9367,537453536,15579,537469115,0,1,1,30208,38,7605019043
9368,537478762,59600,537538362,0,6,0,6656,23,1129443734
9369,537522333,3422,537525755,0,8,1,3584,5,31031581
9370,537563245,11533,537574778,0,9,1,18944,5,10568366509
9371,537591869,144329,537736198,0,9,0,5120,5,4245960341
9372,537611884,3422,537615306,0,8,1,3584,5,9399680348
9373,537625506,1518,537627024,0,6,1,1536,23,9391053835
9374,537639301,2470,537641771,0,8,1,2560,5,9411015793
9375,537690298,14545,537704843,0,9,1,28160,5,6991265010
9376,537691362,6754,537698116,0,1,1,7168,38,3597134572
9377,537794936,126152,537921088,0,6,0,114176,23,5571186830
9378,537798325,3904,537802229,0,4,1,10752,33,4190205006
9379,537839229,82186,537921415,0,6,0,1024,23,7848213680
9380,537858970,12995,537871965,0,8,1,25088,5,2416728199
9381,537910405,11016,537921421,0,1,1,17920,38,6658209914
9382,538073246,566,538073812,0,5,1,512,7,301883929
9383,538080675,1518,538082193,0,4,1,1536,33,490196617
9384,538106696,5196,538111892,0,1,1,13312,38,9703703595
9385,538113011,1994,538115005,0,6,1,2048,23,9676338012
9386,538279655,43370,538323025,0,1,1,74240,38,5655604384
9387,538298474,12566,538311040,0,9,1,20992,5,1276471404
9388,538493512,4374,538497886,0,6,1,4608,23,8486147211
9389,538503092,112424,538615516,0,9,0,69120,5,6501908484
9390,538562452,3898,538566350,0,8,1,4096,5,4853580739
9391,538595046,44662,538639708,0,1,1,76800,38,5131741348
9392,538598901,3898,538602799,0,8,1,4096,5,4601105679
9393,538809074,34279,538843353,0,1,1,59904,38,9307730693
9394,538865698,2470,538868168,0,8,1,2560,5,1636420801
9395,538899465,2870,538902335,0,4,1,8704,33,5166015410
9396,539116078,2946,539119024,0,6,1,3072,23,3081883349
9397,539276085,1994,539278079,0,4,1,2048,33,3913084709
9398,539405263,68528,539473791,0,9,0,10752,5,5056442479
9399,539431365,2470,539433835,0,9,1,2560,5,9163373167
9400,539548896,5454,539554350,0,1,1,13824,38,2561817709
9401,539574692,6278,539580970,0,1,1,6656,38,213989448
9402,539775565,1994,539777559,0,4,1,2048,33,1180654665
9403,539806077,16613,539822690,0,9,1,32256,5,2312260602
9404,539846733,1518,539848251,0,6,1,1536,23,5275584520
9405,539956437,566,539957003,0,4,1,512,33,5678251651
9406,539989013,13600,540002613,0,1,1,23040,38,4101159609
9407,540026161,12566,540038727,0,8,1,20992,5,6139994648
9408,540043459,13341,540056800,0,1,1,22528,38,2180036956
9409,540109519,1042,540110561,0,6,1,1024,23,4168909865
9410,540136764,566,540137330,0,6,1,512,23,9992039208
9411,540308888,1042,540309930,0,6,1,1024,23,5871303432
9412,540325131,108680,540433811,0,9,0,56832,5,84628353
9413,540465979,63362,540529341,0,1,1,106496,38,8313432314
9414,540589864,566,540590430,0,4,1,512,33,8512482328
9415,540665269,2870,540668139,0,8,1,8704,5,8262464872
9416,540707167,4850,540712017,0,4,1,5120,33,10173978269
9417,540732176,35054,540767230,0,9,1,61440,5,8631726976
9418,540855036,87296,540942332,0,9,0,16896,5,9304625186
9419,540889183,30491,540919674,0,9,1,49152,5,3591000988
9420,540982893,2870,540985763,0,6,1,8704,23,9902050369
9421,541056439,4937,541061376,0,1,1,12800,38,2648199229
9422,541112129,75037,541187166,0,1,1,125952,38,8878699631
9423,541151488,54056,541205544,0,9,0,3584,5,5762632692
9424,541287384,3422,541290806,0,4,1,3584,33,4440708317
9425,541417732,5802,541423534,0,6,1,6144,23,7323313732
9426,541508208,1994,541510202,0,6,1,2048,23,6074322691
9427,541511248,3422,541514670,0,6,1,3584,23,4833067859
9428,541525972,11791,541537763,0,6,1,19456,23,7309271643
9429,541554632,1042,541555674,0,6,1,1024,23,463174408
9430,541588656,63620,541652276,0,1,1,107008,38,504566534
9431,541590692,68305,541658997,0,1,1,32256,38,3413026416
9432,541723815,94341,541818156,0,9,1,153600,5,42058632
9433,541727510,5802,541733312,0,4,1,6144,33,3561108120
9434,541798334,5802,541804136,0,6,1,6144,23,8846674083
9435,541817633,3898,541821531,0,6,1,4096,23,5594674621
9436,541909107,155686,542064793,0,9,0,52736,5,5932894807
9437,541916209,6488,541922697,0,1,1,15872,38,8444588159
9438,541991127,77012,542068139,0,6,0,18432,23,943848589
9439,542004566,13600,542018166,0,6,1,23040,23,2973037255
9440,542038911,62984,542101895,0,6,0,7680,23,5530634802
9441,542081842,1518,542083360,0,6,1,1536,23,41414450
9442,542253680,6488,542260168,0,1,1,15872,38,8068016290
9443,542328871,4850,542333721,0,9,1,5120,5,336082357
9444,542369693,141215,542510908,0,9,0,23552,5,3114123957
9445,542405797,7230,542413027,0,6,1,7680,23,2073288722
9446,542434480,36604,542471084,0,1,1,64512,38,7277799678
9447,542484283,4850,542489133,0,6,1,5120,23,4429632549
9448,542702494,92996,542795490,0,9,0,20480,5,1212250325
9449,542741557,41132,542782689,0,1,1,66560,38,477170943
9450,542824496,12995,542837491,0,1,1,25088,38,5275918777
9451,542826216,5326,542831542,0,6,1,5632,23,4600182097
9452,542878207,1994,542880201,0,6,1,2048,23,8033680507
9453,542886216,2946,542889162,0,6,1,3072,23,3256688976
9454,543207055,13770,543220825,0,1,1,26624,38,4118158831
9455,543289331,2470,543291801,0,6,1,2560,23,144494987
9456,543371440,125216,543496656,0,9,0,111104,5,860874758
9457,543414610,100100,543514710,0,6,0,28672,23,3075113848
9458,543443133,47288,543490421,0,6,0,1536,23,2070512955
9459,544091533,2470,544094003,0,6,1,2560,23,4307326154
9460,544127855,4679,544132534,0,1,1,12288,38,8642313267
9461,544218532,129584,544348116,0,6,0,125440,23,5363459352
9462,544246392,566,544246958,0,6,1,512,23,8957061357
9463,544296090,113516,544409606,0,9,0,72704,5,414682532
9464,544321694,3387,544325081,0,1,1,9728,38,5624596035
9465,544702783,45596,544748379,0,6,0,1024,23,2435830587
9466,544762914,3128,544766042,0,1,1,9216,38,9811164745
9467,544903258,102908,545006166,0,6,0,37888,23,8435504067
9468,544905293,139760,545045053,0,9,0,133632,5,8232687369
9469,544914755,566,544915321,0,1,1,512,38,7859339451
9470,545257594,48980,545306574,0,6,0,2048,23,10691609500
9471,545516696,88364,545605060,0,9,0,15360,5,9775045497
9472,545611660,3645,545615305,0,1,1,10240,38,3402214558
9473,545686126,69284,545755410,0,9,0,8192,5,5860301182
9474,545811175,47288,545858463,0,9,0,1536,5,6903696058
9475,545945891,23378,545969269,0,1,1,41984,38,8010196729
9476,546048493,2946,546051439,0,6,1,3072,23,6119904803
9477,546117873,4374,546122247,0,1,1,4608,38,5526585718
9478,546192043,69284,546261327,0,9,0,8192,5,145770629
9479,546261222,64232,546325454,0,6,0,11776,23,6946366417
9480,546267758,13341,546281099,0,1,1,22528,38,7195241254
9481,546463166,190124,546653290,0,6,0,162816,23,7177699885
9482,546700742,104156,546804898,0,9,0,41984,5,9226891438
9483,546733995,55748,546789743,0,6,0,4096,23,2451997131
9484,546751872,53353,546805225,0,9,0,1024,5,88850089
9485,546949058,85940,547034998,0,9,0,22528,5,783792456
9486,547002967,566,547003533,0,9,1,512,5,8182950997
9487,547103165,100568,547203733,0,4,0,30208,33,3288996561
9488,547133119,1042,547134161,0,5,1,1024,7,9226632470
9489,547202627,104936,547307563,0,9,0,44544,5,855711986
9490,547353072,70844,547423916,0,9,0,13312,5,194642096
9491,547382521,124436,547506957,0,6,0,108544,23,887714253
9492,547491268,48980,547540248,0,9,0,2048,5,3663551707
9493,547511088,33591,547544679,0,1,1,55296,38,8203188465
9494,547685135,60866,547746001,0,1,1,98304,38,1992835433
9495,547725685,44060,547769745,0,9,0,1024,5,4646047005
9496,547836835,4850,547841685,0,1,1,5120,38,6934566828
9497,547944331,86072,548030403,0,6,0,17920,23,7488819603
9498,548140136,23895,548164031,0,1,1,43008,38,9472569759
9499,548326136,73004,548399140,0,6,0,15360,23,2591874382
9500,548421046,209780,548630826,0,9,0,227328,5,755890608
9501,548473142,96062,548569204,0,1,1,160256,38,5325893494
9502,548569857,184617,548754474,0,9,0,105984,5,2798283076
9503,548601176,13341,548614517,0,3,1,22528,37,969891885
9504,548776734,47288,548824022,0,9,0,1536,5,5035219787
9505,549084223,84248,549168471,0,9,0,22016,5,2545019083
9506,549217977,103064,549321041,0,9,0,38400,5,10339687574
9507,549253770,54056,549307826,0,9,0,3584,5,10300963987
9508,549338308,95132,549433440,0,6,0,17408,23,4824712287
9509,549376568,566,549377134,0,3,1,512,37,847663362
9510,549383319,64208,549447527,0,9,0,6656,5,5829297640
9511,549641850,7706,549649556,0,3,1,8192,37,3584099240
9512,549689294,74360,549763654,0,6,0,9728,23,2598803297
9513,549763358,13858,549777216,0,3,1,23552,37,6776041772
9514,550116506,79772,550196278,0,6,0,17408,23,3327147818
9515,550147242,101972,550249214,0,9,0,34816,5,10471781900
9516,550312887,4374,550317261,0,3,1,4608,37,4628407111
9517,550350528,11533,550362061,0,3,1,18944,37,10357148793
9518,550424169,115076,550539245,0,6,0,77824,23,10336523555
9519,551316170,106496,551422666,0,9,0,49664,5,8712762936
9520,551346801,103688,551450489,0,9,0,40448,5,2523630745
9521,551363180,1042,551364222,0,6,1,1024,23,6297540452
9522,551659314,96980,551756294,0,9,0,18432,5,4590122076
9523,551681539,177601,551859140,0,9,0,128000,5,6441895491
9524,551812316,2946,551815262,0,6,1,3072,23,3226790684
9525,552041226,14029,552055255,0,6,1,27136,23,10225981369
9526,552146877,45596,552192473,0,6,0,1024,23,3460052724
9527,552181004,200264,552381268,0,6,0,196096,23,1591312447
9528,552256279,5196,552261475,0,6,1,13312,23,1973782852
9529,552340140,43590,552383730,0,6,1,2560,23,9323445512
9530,552645566,2470,552648036,0,6,1,2560,23,10572639542
9531,552679328,49136,552728464,0,9,0,2560,5,7784419961
9532,553137144,2470,553139614,0,6,1,2560,23,9523288692
9533,553505255,115232,553620487,0,9,0,78336,5,10644116196
9534,553736184,114452,553850636,0,6,0,75776,23,9551341185
9535,553763272,55748,553819020,0,9,0,4096,5,469009454
9536,553846518,82478,553928996,0,6,0,12800,23,10279766359
9537,553943156,62516,554005672,0,6,0,6144,23,2579425517
9538,554145285,103844,554249129,0,9,0,40960,5,5163931008
9539,554697742,64208,554761950,0,6,0,6656,23,7869930640
9540,555029714,49448,555079162,0,6,0,3584,23,7080616601
9541,556027878,59132,556087010,0,9,0,5120,5,7223740578
9542,556048548,45596,556094144,0,6,0,1024,23,2643105786
9543,556116992,60824,556177816,0,6,0,5632,23,2245171682
9544,556266319,188408,556454727,0,6,0,157184,23,6214083796
9545,556298343,193086,556491429,0,6,0,49664,23,9722302646
9546,556459739,81752,556541491,0,9,0,13824,5,7173576134
9547,556610484,52364,556662848,0,3,0,3072,37,1333650948
9548,556987044,121628,557108672,0,9,0,99328,5,6625441730
9549,557016541,61760,557078301,0,3,0,8704,37,2954174036
9550,557149923,105404,557255327,0,3,0,46080,37,10126772951
9551,557172503,99788,557272291,0,6,0,27648,23,6988031251
9552,557277983,107432,557385415,0,6,0,52736,23,10653304766
9553,557336267,82820,557419087,0,3,0,12288,37,797805064
9554,557570272,92684,557662956,0,3,0,19456,37,4826722017
9555,557952887,43904,557996791,0,4,0,512,33,2328147166
9556,557991344,69908,558061252,0,6,0,10240,23,8647215352
9557,558124986,99008,558223994,0,6,0,25088,23,6959327382
9558,558197540,45596,558243136,0,5,0,1024,7,2540366388
9559,558305199,112892,558418091,0,6,0,70656,23,867804238
9560,558815429,100256,558915685,0,4,0,29184,33,7698679434
9561,558945976,2946,558948922,0,6,1,3072,23,8921293687
9562,558965685,91280,559056965,0,6,0,14848,23,6133953469
9563,559141321,47288,559188609,0,5,0,1536,7,8526376497
9564,559201000,43904,559244904,0,5,0,512,7,4032612114
9565,559303081,99344,559402425,0,6,0,31232,23,3467265601
9566,559504463,45696,559550159,0,4,1,78848,33,9435930260
9567,559780130,43904,559824034,0,5,0,512,7,4513398035
9568,559847833,43904,559891737,0,5,0,512,7,8671196238
9569,559885946,4420,559890366,0,6,1,11776,23,9021976868
9570,559932204,47288,559979492,0,6,0,1536,23,1845501428
9571,560053022,54680,560107702,0,4,0,5632,33,3429869464
9572,560071019,47600,560118619,0,5,0,2560,7,8885591354
9573,560104832,77456,560182288,0,6,0,14848,23,4862032586
9574,560188659,12049,560200708,0,6,1,19968,23,9397889804
9575,560285682,12566,560298248,0,6,1,20992,23,2755999494
9576,560375061,45596,560420657,0,5,0,1024,7,9076327232
9577,560405808,47288,560453096,0,5,0,1536,7,4268561767
9578,560480144,47288,560527432,0,5,0,1536,7,4189919856
9579,560969941,101972,561071913,0,3,0,34816,37,3408708780
9580,560994289,50672,561044961,0,5,0,2560,7,1717645872
9581,560999688,77232,561076920,0,3,0,16384,37,4759975439
9582,561301248,105560,561406808,0,3,0,46592,37,777677802
9583,561907521,43904,561951425,0,5,0,512,7,930428546
9584,562028464,45908,562074372,0,5,0,2048,7,8876207738
9585,562160717,59132,562219849,0,4,0,5120,33,7832709695
9586,562339020,73316,562412336,0,4,0,16384,33,9503086381
9587,562343001,111020,562454021,0,4,0,64512,33,8761605750
9588,562454279,48980,562503259,0,5,0,2048,7,4514630065
9589,562719444,98852,562818296,0,6,0,24576,23,3345002237
9590,562779798,2946,562782744,0,3,1,3072,37,8687845619
9591,563349610,87476,563437086,0,6,0,22528,23,8867555907
9592,563564266,43904,563608170,0,5,0,512,7,7799614198
9593,563597621,52364,563649985,0,6,0,3072,23,6175689317
9594,563671597,111956,563783553,0,3,0,67584,37,7192360271
9595,563776508,73004,563849512,0,4,0,15360,33,4975856269
9596,564193733,55748,564249481,0,3,0,4096,37,10084757408
9597,564295777,110396,564406173,0,6,0,62464,23,7876177645
9598,564354157,43904,564398061,0,5,0,512,7,5784449786
9599,564392235,45596,564437831,0,5,0,1024,7,7818900647
9600,564393927,110552,564504479,0,3,0,62976,37,8836946951
9601,564421686,43887,564465573,0,4,1,75264,33,9267158207
9602,564426746,99008,564525754,0,6,0,25088,23,6677826936
9603,564441899,50672,564492571,0,5,0,2560,7,7120330200
9604,564452527,73110,564525637,0,5,0,4096,7,6736828868
9605,564562399,72668,564635067,0,3,0,9216,37,10109100096
9606,564578377,104156,564682533,0,3,0,41984,37,6050907565
9607,564600054,43904,564643958,0,5,0,512,7,5649161235
9608,564686814,101660,564788474,0,3,0,33792,37,9637462838
9609,565126015,48980,565174995,0,6,0,2048,23,5260665269
9610,565221216,64208,565285424,0,4,0,6656,33,4110996110
9611,565301274,47444,565348718,0,5,0,2048,7,9083111611
9612,565512154,119600,565631754,0,3,0,92672,37,3968190632
9613,565576729,43904,565620633,0,5,0,512,7,6518401461
9614,565585509,103688,565689197,0,6,0,40448,23,1542011664
9615,565647968,3898,565651866,0,3,1,4096,37,8810345683
9616,566118087,59132,566177219,0,4,0,5120,33,437802819
9617,566336588,45596,566382184,0,5,0,1024,7,10166953303
9618,566668861,88700,566757561,0,4,0,21504,33,7042176515
9619,566789924,72541,566862465,0,4,1,117760,33,568355409
9620,566806379,65900,566872279,0,6,0,7168,23,2283907362
9621,566847184,87117,566934301,0,4,0,4608,33,2736138801
9622,566877390,5802,566883192,0,4,1,6144,33,7290475044
9623,566907988,11791,566919779,0,4,1,19456,33,3774397766
9624,567046320,4850,567051170,0,6,1,5120,23,4486928966
9625,567047537,80684,567128221,0,4,0,15360,33,1575476888
9626,567066711,101972,567168683,0,4,0,34816,33,6424346205
9627,567081494,77612,567159106,0,3,0,15360,37,8730280050
9628,567185350,73448,567258798,0,6,0,11776,23,10145151542
9629,567337462,3898,567341360,0,6,1,4096,23,8936137420
9630,567549940,43904,567593844,0,5,0,512,7,4458805263
9631,567570772,43904,567614676,0,5,0,512,7,10085244854
9632,567709340,60824,567770164,0,3,0,5632,37,9054447760
9633,567727634,2946,567730580,0,6,1,3072,23,1035362760
9634,567878441,43904,567922345,0,5,0,512,7,2788360395
9635,568016924,1994,568018918,0,3,1,2048,37,5269289820
9636,568032231,43904,568076135,0,5,0,512,7,3276849496
9637,568129380,7230,568136610,0,6,1,7680,23,7943100729
9638,568138267,43904,568182171,0,5,0,512,7,2063443248
9639,568183228,104156,568287384,0,3,0,41984,37,6009210127
9640,568239857,2946,568242803,0,6,1,3072,23,7426569431
9641,568319455,43904,568363359,0,5,0,512,7,7476883542
9642,568361320,110084,568471404,0,3,0,61440,37,5543480000
9643,568824054,110240,568934294,0,6,0,61952,23,4830041269
9644,568839413,101660,568941073,0,4,0,33792,33,4851409521
9645,568860269,80372,568940641,0,3,0,14336,37,9402061062
9646,568876345,43904,568920249,0,5,0,512,7,6742319040
9647,569019944,4374,569024318,0,4,1,4608,33,241849162
9648,569045550,43904,569089454,0,6,0,512,23,4006944037
9649,569115101,43904,569159005,0,5,0,512,7,2775170513
9650,569235161,106808,569341969,0,3,0,50688,37,361356549
9651,569296842,80011,569376853,0,3,0,6656,37,5286735738
9652,569377894,59288,569437182,0,3,0,5632,37,4988289972
9653,569475274,3422,569478696,0,4,1,3584,33,9601444145
9654,569522372,566,569522938,0,4,1,512,33,57338098
9655,569578190,43904,569622094,0,5,0,512,7,4978286846
9656,569698905,26738,569725643,0,4,1,48640,33,8525483781
9657,569729179,15837,569745016,0,4,1,30720,33,8495039320
9658,569774414,279733,570054147,0,4,0,41984,33,641306796
9659,569778162,44492,569822654,0,4,1,73216,33,7502919583
9660,569900292,43904,569944196,0,5,0,512,7,357228548
9661,569936848,65900,570002748,0,4,0,7168,33,10502415974
9662,570105127,43904,570149031,0,5,0,512,7,4878757482
9663,570379614,65900,570445514,0,4,0,7168,33,4281984770
9664,570425058,89012,570514070,0,6,0,22528,23,91003782
9665,570442518,88208,570530726,0,6,0,14848,23,2524997988
9666,570571890,52364,570624254,0,5,0,3072,7,7284479333
9667,570610938,43904,570654842,0,5,0,512,7,9481981989
9668,570629571,111488,570741059,0,3,0,66048,37,5686168423
9669,570644356,43904,570688260,0,5,0,512,7,471741151
9670,570647113,101192,570748305,0,6,0,32256,23,2012724691
9671,570735407,69284,570804691,0,4,0,8192,33,7919500935
9672,570759779,106184,570865963,0,4,0,48640,33,377608681
9673,570807557,50672,570858229,0,3,0,2560,37,5800997584
9674,571694194,91928,571786122,0,3,0,22016,37,4362666242
9675,571705785,85656,571791441,0,3,0,17408,37,1950241707
9676,572165031,43904,572208935,0,6,0,512,23,6193007567
9677,572195192,119444,572314636,0,4,0,92160,33,1980827650
9678,572248439,147053,572395492,0,4,0,57856,33,1561425063
9679,572457849,80372,572538221,0,3,0,14336,37,7969306807
9680,572650470,87896,572738366,0,4,0,13824,33,5770135264
9681,572701369,52832,572754201,0,3,0,4608,37,5836004280
9682,572918813,76052,572994865,0,4,0,10240,33,9274827493
9683,573038180,54056,573092236,0,3,0,3584,37,883477440
9684,573275707,43904,573319611,0,4,0,512,33,2562293717
9685,573505620,48980,573554600,0,6,0,2048,23,8482927916
9686,573692610,45596,573738206,0,6,0,1024,23,8986993708
9687,573899963,43904,573943867,0,5,0,512,7,1904365456
9688,573955497,2470,573957967,0,6,1,2560,23,5094923588
9689,574053816,109772,574163588,0,4,0,60416,33,10517705687
9690,574143852,43904,574187756,0,5,0,512,7,3419602361
9691,574232736,11533,574244269,0,6,1,18944,23,7915146466
9692,574241343,3080,574244423,0,6,1,8704,23,8722422828
9693,574269652,100568,574370220,0,4,0,30208,33,7934322636
9694,574399410,48980,574448390,0,5,0,2048,7,1624051051
9695,574674213,107432,574781645,0,4,0,52736,33,1042677590
9696,574848177,93284,574941461,0,4,0,16384,33,8927831450
9697,574898784,105248,575004032,0,4,0,45568,33,6868361972
9698,574921726,43904,574965630,0,5,0,512,7,3803814408
9699,574965059,59132,575024191,0,4,0,5120,33,7326690720
9700,575229396,47288,575276684,0,6,0,1536,23,7817954881
9701,575234402,71756,575306158,0,5,0,11264,7,6583823148
9702,575322177,47288,575369465,0,5,0,1536,7,4384981495
9703,575504259,104936,575609195,0,4,0,44544,33,5551950791
9704,575580657,127088,575707745,0,4,0,117248,33,6063687856
9705,575592286,45596,575637882,0,6,0,1024,23,5373771388
9706,575611008,50672,575661680,0,6,0,2560,23,407949241
9707,575613033,4679,575617712,0,4,1,12288,33,4394880008
9708,575643513,55748,575699261,0,5,0,4096,7,6972349675
9709,575807775,1518,575809293,0,6,1,1536,23,7706478826
9710,575874948,43904,575918852,0,6,0,512,23,9655111172
9711,575908194,104936,576013130,0,4,0,44544,33,3936629104
9712,576058661,7230,576065891,0,6,1,7680,23,2360315363
9713,576072775,52520,576125295,0,6,0,3584,23,8871314486
9714,576176563,1994,576178557,0,6,1,2048,23,4956280144
9715,576205785,108524,576314309,0,4,0,56320,33,2020722509
9716,576320342,41908,576362250,0,4,1,68096,33,8314696889
9717,576335648,180080,576515728,0,5,0,150016,7,10182293586
9718,576347629,103050,576450679,0,4,0,8192,33,2476402840
9719,576378168,178321,576556489,0,4,0,127488,33,4218763100
9720,576477474,121066,576598540,0,5,0,12288,7,7529213828
9721,576582104,3422,576585526,0,6,1,3584,23,9236724439
9722,576619660,1042,576620702,0,6,1,1024,23,2641912082
9723,576791603,3898,576795501,0,6,1,4096,23,4334653607
9724,577043805,86454,577130259,0,4,1,144896,33,7898958793
9725,577127746,45596,577173342,0,6,0,1024,23,7162627493
9726,577203654,169999,577373653,0,4,0,38912,33,758063529
9727,577222614,43904,577266518,0,6,0,512,23,7805903512
9728,577453744,43904,577497648,0,6,0,512,23,8873324478
9729,577489153,108368,577597521,0,5,0,55808,7,8645570625
9730,577602118,1042,577603160,0,6,1,1024,23,7480610411
9731,577616281,2470,577618751,0,6,1,2560,23,3552116534
9732,577882127,1518,577883645,0,6,1,1536,23,4003763460
9733,578072244,101972,578174216,0,5,0,34816,7,2278645713
9734,578074377,84980,578159357,0,4,0,14336,33,1362930173
9735,578086645,2870,578089515,0,6,1,8704,23,4304586031
9736,578445578,6229,578451807,0,4,1,15360,33,7777616618
9737,578560372,42941,578603313,0,4,1,70144,33,10095474144
9738,578583839,20140,578603979,0,4,1,11264,33,6591728397
9739,578612404,75295,578687699,0,4,1,126464,33,4987114877
9740,578716834,4374,578721208,0,6,1,4608,23,1409733589
9741,578724063,2870,578726933,0,6,1,8704,23,9890794847
9742,578745492,55304,578800796,0,4,1,94208,33,846677559
9743,578774948,115279,578890227,0,4,0,12800,33,2620316676
9744,578776440,35595,578812035,0,4,1,45568,33,4899393094
9745,578840269,49292,578889561,0,6,0,3072,23,5106691546
9746,578903879,3422,578907301,0,4,1,3584,33,292803302
9747,578972251,64912,579037163,0,4,1,109568,33,2279522294
9748,578993341,43904,579037245,0,6,0,512,23,2992946442
9749,579007264,30053,579037317,0,4,1,8704,33,5741716911
9750,579106157,47288,579153445,0,6,0,1536,23,7101303302
9751,579149211,186450,579335661,0,4,0,129536,33,913251280
9752,579181806,47288,579229094,0,6,0,1536,23,9856035630
9753,579184641,35054,579219695,0,4,1,61440,33,1300740668
9754,579214847,256673,579471520,0,4,0,23040,33,1552795176
9755,579452176,165645,579617821,0,4,1,272384,33,10125312631
9756,579490366,100880,579591246,0,5,0,31232,7,2119105034
9757,579580063,49407,579629470,0,4,1,47616,33,3226589949
9758,579589102,103016,579692118,0,5,0,31232,7,6043682874
9759,579605789,238729,579844518,0,4,0,11264,33,10371198708
9760,579784224,6754,579790978,0,6,1,7168,23,3299386395
9761,579947323,4374,579951697,0,6,1,4608,23,2007096263
9762,579990178,15062,580005240,0,4,1,29184,33,5469130726
9763,580152347,3898,580156245,0,6,1,4096,23,2824511439
9764,580258900,43904,580302804,0,6,0,512,23,4414207033
9765,580263137,4374,580267511,0,6,1,4608,23,4994186186
9766,580280006,34367,580314373,0,4,1,56832,33,10661173789
9767,580371889,566,580372455,0,6,1,512,23,8447193831
9768,580639327,566,580639893,0,4,1,512,33,8523507235
9769,580717017,45596,580762613,0,6,0,1024,23,4453368353
9770,580759527,122720,580882247,0,5,0,102912,7,2222470142
9771,580799817,3645,580803462,0,4,1,10240,33,8285778269
9772,580837926,566,580838492,0,4,1,512,33,7154729532
9773,580849008,24242,580873250,0,4,1,40448,33,2001097375
9774,580945844,83958,581029802,0,4,1,136704,33,3731641734
9775,580949748,43904,580993652,0,6,0,512,23,6332726680
9776,580962395,73411,581035806,0,4,1,20480,33,2376372106
9777,581159366,3898,581163264,0,5,1,4096,7,4237034216
9778,581177220,62674,581239894,0,4,1,101888,33,5887184972
9779,581199357,2946,581202303,0,5,1,3072,7,2810062422
9780,581221331,6278,581227609,0,5,1,6656,7,9554351999
9781,581228798,173063,581401861,0,5,0,14848,7,6734337691
9782,581321836,1518,581323354,0,6,1,1536,23,6173320833
9783,581343119,98540,581441659,0,5,0,23552,7,5907199953
9784,581356223,43904,581400127,0,6,0,512,23,2208085822
9785,581421873,4420,581426293,0,6,1,11776,23,1308297611
9786,581460716,3898,581464614,0,6,1,4096,23,1212150524
9787,581489875,2946,581492821,0,4,1,3072,33,8716034308
9788,581530735,97496,581628231,0,5,0,30208,7,3731725986
9789,581578770,2470,581581240,0,5,1,2560,7,5785552279
9790,581686284,110396,581796680,0,5,0,62464,7,1327514240
9791,581934585,117728,582052313,0,5,0,86528,7,5843035733
9792,582004716,74779,582079495,0,4,1,125440,33,8667343355
9793,582054528,73833,582128361,0,4,1,120320,33,8335562526
9794,582120277,2946,582123223,0,6,1,3072,23,3871765423
9795,582151722,5326,582157048,0,5,1,5632,7,9690750459
9796,582191080,4850,582195930,0,5,1,5120,7,4084391453
9797,582242033,43904,582285937,0,6,0,512,23,7941366806
9798,582252023,6229,582258252,0,5,1,15360,7,4686458114
9799,582305211,82220,582387431,0,4,0,15360,33,2694210440
9800,582456761,2470,582459231,0,5,1,2560,7,3737299820
9801,582506668,54358,582561026,0,4,1,89088,33,1146903044
9802,582513803,207290,582721093,0,4,0,512,33,1036682771
9803,582570649,236502,582807151,0,4,0,34816,33,6470758887
9804,582764748,43904,582808652,0,6,0,512,23,8862241314
9805,582816420,113672,582930092,0,4,0,73216,33,1595001798
9806,582864285,2946,582867231,0,6,1,3072,23,3041248212
9807,583123450,5326,583128776,0,6,1,5632,23,8999097486
9808,583159148,566,583159714,0,6,1,512,23,5794514785
9809,583423122,59132,583482254,0,4,0,5120,33,1168260297
9810,583463636,69284,583532920,0,4,0,8192,33,5689453323
9811,583543690,6278,583549968,0,6,1,6656,23,2442217636
9812,583553369,2470,583555839,0,6,1,2560,23,8517830592
9813,583918744,1042,583919786,0,6,1,1024,23,9280189709
9814,583982873,106184,584089057,0,5,0,48640,7,117116382
9815,583990440,11533,584001973,0,4,1,18944,33,4297309970
9816,584025904,48980,584074884,0,4,0,2048,33,7871017374
9817,584079877,566,584080443,0,6,1,512,23,111862196
9818,584088967,4162,584093129,0,6,1,11264,23,7431082448
9819,584320495,42683,584363178,0,4,1,69632,33,1104472903
9820,584459565,64742,584524307,0,4,1,105984,33,1783365767
9821,584470210,3898,584474108,0,6,1,4096,23,6838278695
9822,584577455,112580,584690035,0,5,0,69632,7,5184107669
9823,584808484,125233,584933717,0,4,1,203776,33,5661215890
9824,584859300,45596,584904896,0,6,0,1024,23,7057378559
9825,584900454,96536,584996990,0,5,0,22016,7,7145313361
9826,585050008,80240,585130248,0,5,0,18944,7,7083981960
9827,585110970,2470,585113440,0,6,1,2560,23,2762221465
9828,585162047,4420,585166467,0,6,1,11776,23,10150380094
9829,585283007,84512,585367519,0,5,0,12800,7,9612762049
9830,585311208,43904,585355112,0,6,0,512,23,7169131991
9831,585639464,3387,585642851,0,6,1,9728,23,7617689707
9832,585680988,1518,585682506,0,6,1,1536,23,10479385466
9833,585760740,5326,585766066,0,6,1,5632,23,10550364002
9834,585979921,83132,586063053,0,4,0,13312,33,863120552
9835,585983836,33762,586017598,0,4,1,58880,33,7232156513
9836,585988615,39403,586028018,0,4,1,41472,33,387207115
9837,586062937,43904,586106841,0,6,0,512,23,7073816905
9838,586112355,16613,586128968,0,4,1,32256,33,4966563457
9839,586135406,1042,586136448,0,6,1,1024,23,9705560780
9840,586321995,128016,586450011,0,4,0,86528,33,7985719641
9841,586323904,4679,586328583,0,4,1,12288,33,9245117804
9842,586342757,64137,586406894,0,4,1,108032,33,601442529
9843,586627230,35829,586663059,0,4,1,62976,33,7053484011
9844,586665163,33503,586698666,0,4,1,58368,33,1928071975
9845,586772507,21658,586794165,0,4,1,35328,33,6107182308
9846,586939954,65300,587005254,0,5,0,10240,7,4013756823
9847,586987142,84668,587071810,0,5,0,13312,7,7489309308
9848,587045158,70976,587116134,0,4,0,8704,33,9140374876
9849,587068329,1518,587069847,0,4,1,1536,33,10055897576
9850,587086993,2470,587089463,0,4,1,2560,33,2559023261
9851,587189937,43904,587233841,0,6,0,512,23,5679784900
9852,587287203,52033,587339236,0,4,1,84480,33,252112021
9853,587384769,99476,587484245,0,5,0,26624,7,3638680434
9854,587599656,4679,587604335,0,4,1,12288,33,9148027097
9855,587605033,47288,587652321,0,6,0,1536,23,4622995508
9856,587633352,48980,587682332,0,6,0,2048,23,2660315611
9857,587697563,74360,587771923,0,4,0,9728,33,7489958633
9858,587713234,93566,587806800,0,4,1,152064,33,4501507586
9859,587733347,79662,587813009,0,4,1,21504,33,7596223389
9860,588330168,21916,588352084,0,4,1,35840,33,10163233182
9861,588400809,26738,588427547,0,4,1,48640,33,9519035434
9862,588527573,1042,588528615,0,4,1,1024,33,276835638
9863,588588843,98408,588687251,0,4,0,28160,33,5989265702
9864,588676655,16096,588692751,0,4,1,31232,33,4452161780
9865,589032294,104312,589136606,0,4,0,42496,33,3442418915
9866,589549642,1042,589550684,0,3,1,1024,37,1772778634
9867,589772259,10499,589782758,0,3,1,16896,37,9656654179
9868,590020204,3898,590024102,0,3,1,4096,37,2413619290
9869,590208501,3898,590212399,0,3,1,4096,37,4982727506
9870,590231536,1518,590233054,0,3,1,1536,37,9134597543
9871,590987868,4374,590992242,0,3,1,4608,37,2730669416
9872,591833885,2946,591836831,0,3,1,3072,37,9151634250
9873,592052341,5326,592057667,0,3,1,5632,37,9245015245
9874,592410644,4374,592415018,0,3,1,4608,37,5937554975
9875,592564456,7706,592572162,0,3,1,8192,37,8474298615
9876,592606707,11791,592618498,0,3,1,19456,37,10678398543
9877,592648240,3898,592652138,0,3,1,4096,37,9113638191
9878,592786609,2946,592789555,0,3,1,3072,37,7415855549
9879,593268332,2946,593271278,0,3,1,3072,37,8324953574
9880,593631375,12566,593643941,0,3,1,20992,37,6908684133
9881,594153808,7230,594161038,0,3,1,7680,37,1790551382
9882,594365673,1042,594366715,0,3,1,1024,37,4646681093
9883,594645330,1042,594646372,0,5,1,1024,7,2423293184
9884,594822213,3645,594825858,0,3,1,10240,37,5461225875
9885,595511579,2470,595514049,0,3,1,2560,37,9706529875
9886,595752173,3128,595755301,0,3,1,9216,37,10136122417
9887,596064452,1994,596066446,0,3,1,2048,37,7884844900
9888,596239131,5971,596245102,0,3,1,14848,37,5402136818
9889,597011099,1994,597013093,0,3,1,2048,37,9564220984
9890,597033004,7706,597040710,0,3,1,8192,37,675047346
9891,597732462,1042,597733504,0,3,1,1024,37,1697456441
9892,597764472,1042,597765514,0,5,1,1024,7,7257776005
9893,598021205,4679,598025884,0,5,1,12288,7,985635317
9894,598024712,1518,598026230,0,5,1,512,7,1324834746
9895,598097439,3645,598101084,0,3,1,10240,37,3739583962
9896,598184383,1042,598185425,0,3,1,1024,37,6193026117
9897,598197170,2946,598200116,0,5,1,3072,7,5181681040
9898,598371730,13512,598385242,0,5,1,26112,7,909900428
9899,598572427,5802,598578229,0,5,1,6144,7,1108861188
9900,598748788,3898,598752686,0,3,1,4096,37,9118883153
9901,598754853,171912,598926765,0,3,0,142848,37,5073974636
9902,598933488,566,598934054,0,3,1,512,37,6292568600
9903,598995339,5326,599000665,0,3,1,5632,37,3066463449
9904,599096501,11791,599108292,0,3,1,19456,37,6447406435
9905,599231876,100182,599332058,0,3,0,23552,37,8028830280
9906,599414413,1994,599416407,0,3,1,2048,37,1666852646
9907,599451851,101972,599553823,0,3,0,34816,37,7489496023
9908,599517784,126405,599644189,0,3,0,103424,37,4229952835
9909,599689960,3422,599693382,0,5,1,3584,7,7475217954
9910,599782519,1994,599784513,0,5,1,2048,7,8492799683
9911,599936644,2946,599939590,0,5,1,3072,7,8647948148
9912,600101443,566,600102009,0,5,1,512,7,4725729522
9913,600348874,67304,600416178,0,3,0,11776,37,2377056214
9914,600469912,1518,600471430,0,5,1,1536,7,3208648684
9915,600656614,116324,600772938,0,3,0,81920,37,9821418164
9916,600685853,4850,600690703,0,5,1,5120,7,251137326
9917,601072053,1994,601074047,0,5,1,2048,7,8481091487
9918,601568024,99944,601667968,0,3,0,28160,37,3388205785
9919,601849209,3645,601852854,0,5,1,10240,7,4663579956
9920,602403482,1994,602405476,0,5,1,2048,7,3581539097
9921,602911787,109148,603020935,0,3,0,58368,37,889171845
9922,603090126,113828,603203954,0,3,0,73728,37,1564156591
9923,603134050,566,603134616,0,5,1,512,7,7879876402
9924,603219224,3422,603222646,0,5,1,3584,7,2649542450
9925,603312887,113984,603426871,0,3,0,74240,37,3243795098
9926,603476665,5196,603481861,0,5,1,13312,7,3905891499
9927,603590102,50672,603640774,0,3,0,2560,37,2178515499
9928,604108224,117884,604226108,0,3,0,87040,37,5048387406
9929,604405693,57440,604463133,0,3,0,4608,37,5721437472
9930,605904024,111800,606015824,0,3,0,67072,37,10628603923
9931,606542501,108680,606651181,0,3,0,56832,37,1837081274
9932,606732096,75296,606807392,0,3,0,12800,37,8690099094
9933,606834586,48980,606883566,0,3,0,2048,37,4477294015
9934,606892752,85292,606978044,0,3,0,15360,37,3416355142
9935,607199788,110084,607309872,0,3,0,61440,37,7484281329
9936,607444819,75008,607519827,0,3,0,16896,37,1112949937
9937,608696429,104936,608801365,0,3,0,44544,37,7076159880
9938,608715369,5196,608720565,0,3,1,13312,37,10565922340
9939,608909942,1042,608910984,0,3,1,1024,37,5496628501
9940,609317355,65900,609383255,0,3,0,7168,37,4943174720
9941,609850589,52988,609903577,0,3,0,5120,37,4483936570
9942,610335659,70688,610406347,0,3,0,12800,37,6434996429
9943,610402450,105237,610507687,0,3,0,32768,37,48854051
9944,612819796,114920,612934716,0,3,0,77312,37,1972459871
9945,613026044,126464,613152508,0,3,0,115200,37,520482505
9946,613240125,127712,613367837,0,3,0,119296,37,10009090073
9947,614213973,98852,614312825,0,3,0,24576,37,9270153964
9948,614228077,119308,614347385,0,3,0,57344,37,5332892318
9949,615504444,48980,615553424,0,3,0,2048,37,974531665
9950,616078450,98696,616177146,0,3,0,24064,37,7749811639
9951,616519842,99944,616619786,0,3,0,28160,37,7370221741
9952,616811682,85292,616896974,0,3,0,15360,37,566644635
9953,617603583,104156,617707739,0,3,0,41984,37,4386912032
9954,617968015,2470,617970485,0,3,1,2560,37,2948251895
9955,618066583,3422,618070005,0,3,1,3584,37,2588718704
9956,618411300,566,618411866,0,3,1,512,37,3443090323
9957,618455781,61136,618516917,0,3,0,6656,37,1897214014
9958,618762696,1518,618764214,0,3,1,1536,37,3667038719
9959,619253206,56684,619309890,0,3,0,7168,37,553387032
9960,619299764,1994,619301758,0,5,1,2048,7,2007805518
9961,619503921,1518,619505439,0,5,1,1536,7,4535296247
9962,619514229,5712,619519941,0,5,1,14336,7,6879831978
9963,619702552,3128,619705680,0,5,1,9216,7,8541983520
9964,619807651,1518,619809169,0,5,1,1536,7,3805105061
9965,619855486,5802,619861288,0,3,1,6144,37,459844141
9966,619882940,86096,619969036,0,3,0,23040,37,1363295819
9967,619907879,5712,619913591,0,5,1,14336,7,8281187295
9968,619990631,6488,619997119,0,5,1,15872,7,9360089780
9969,620081489,3898,620085387,0,3,1,4096,37,6540779755
9970,620110545,104468,620215013,0,3,0,43008,37,7106980792
9971,620143577,85136,620228713,0,3,0,14848,37,9163805315
9972,620322652,15062,620337714,0,3,1,29184,37,2780746348
9973,620377060,7230,620384290,0,3,1,7680,37,6011590221
9974,620553871,566,620554437,0,5,1,512,7,2962166267
9975,620745700,6754,620752454,0,5,1,7168,7,10235459677
9976,621035487,5454,621040941,0,3,1,13824,37,9621725627
9977,621140358,1042,621141400,0,3,1,1024,37,2190410622
9978,621217010,143011,621360021,0,3,0,18944,37,8700887126
9979,621315184,566,621315750,0,3,1,512,37,691434881
9980,621520974,101816,621622790,0,3,0,34304,37,6073087358
9981,621591785,101348,621693133,0,3,0,32768,37,7591188077
9982,621774830,3898,621778728,0,3,1,4096,37,1872904004
9983,621965192,566,621965758,0,3,1,512,37,1041649331
9984,622058093,71756,622129849,0,3,0,11264,37,7896902476
9985,622485958,20624,622506582,0,3,1,33280,37,6569577142
9986,623576781,102440,623679221,0,3,0,36352,37,10608592060
9987,623652304,50672,623702976,0,3,0,2560,37,2757997107
9988,623740891,71444,623812335,0,3,0,10240,37,6658695866
9989,624206430,101348,624307778,0,3,0,32768,37,10063992826
9990,626206512,45596,626252108,0,3,0,1024,37,3222453122
9991,626361425,65900,626427325,0,3,0,7168,37,3461217701
9992,626395830,45596,626441426,0,3,0,1024,37,504771914
9993,629381989,101348,629483337,0,3,0,32768,37,9922112547
9994,629659137,99164,629758301,0,3,0,25600,37,8665504183
9995,629664191,52832,629717023,0,3,0,4608,37,190938426
9996,629711279,122412,629833691,0,3,0,45056,37,8137847960
9997,630058968,99632,630158600,0,3,0,27136,37,6546205459
9998,630842261,105716,630947977,0,3,0,47104,37,8766982287
9999,632011812,2946,632014758,0,3,1,3072,37,10350796338
