RequestID,ArrivalTime,DelayTime,FinishTime,InitiatorID,TargetID,IOType,Size,VolumeID,Offset
0,0,6278,6278,0,0,1,6656,9,2692034921
1,1,11274,11275,0,7,1,18432,17,6819504774
2,2,13770,13772,0,6,1,26624,40,10013156758
3,3,47288,47291,0,5,0,1536,37,10673017877
4,4,1042,1046,0,4,1,1024,37,3992980386
5,5,6278,6283,0,3,1,6656,41,2001329951
6,6,54056,54062,0,9,0,3584,38,6725456542
7,7,10241,10248,0,2,1,16384,33,8569146419
8,8,3904,3912,0,1,1,10752,22,1633186046
9,9,43904,43913,0,8,0,512,6,7024594798
10,49145,3645,52790,0,9,1,10240,38,4853058704
11,80099,113880,193979,0,6,0,26112,40,9168799835
12,82670,4937,87607,0,5,1,12800,37,2737462456
13,115935,3422,119357,0,4,1,3584,37,1816977783
14,123925,111644,235569,0,6,0,66560,40,9475612332
15,220779,52364,273143,0,4,0,3072,37,7231553507
16,227587,31007,258594,0,2,1,50176,33,5950246077
17,306767,4850,311617,0,5,1,5120,37,7476111911
18,368939,4374,373313,0,9,1,4608,38,7559113625
19,369914,171308,541222,0,5,0,146432,37,6908333174
20,443463,1994,445457,0,5,1,2048,37,9563816544
21,481691,103688,585379,0,9,0,40448,38,3502240829
22,533424,11435,544859,0,5,1,10240,37,9706378475
23,555017,75008,630025,0,9,0,16896,38,3243146669
24,562026,57908,619934,0,2,0,6144,33,1737290231
25,692415,13083,705498,0,8,1,22016,6,8189969404
26,700946,104000,804946,0,4,0,41472,37,508677639
27,723096,4850,727946,0,1,1,5120,22,2701927890
28,727694,3422,731116,0,3,1,3584,41,9634403522
29,763151,26221,789372,0,2,1,47616,33,4696974596
30,855449,566,856015,0,6,1,512,40,10277250626
31,856594,3898,860492,0,5,1,4096,37,745111994
32,876426,1994,878420,0,4,1,2048,37,9034243110
33,890945,3422,894367,0,1,1,3584,22,3363475264
34,950828,102596,1053424,0,5,0,36864,37,5291433146
35,1102065,4679,1106744,0,2,1,12288,33,2366923005
36,1205601,110084,1315685,0,2,0,61440,33,6217476218
37,1221130,143395,1364525,0,2,0,60416,33,5051646396
38,1267634,6488,1274122,0,2,1,15872,33,8197219046
39,1302859,5712,1308571,0,6,1,14336,40,4373798784
40,1324339,12995,1337334,0,9,1,25088,38,3367023338
41,1396355,93625,1489980,0,2,0,18944,33,5565596307
42,1579977,1994,1581971,0,1,1,2048,22,4941981858
43,1586011,1994,1588005,0,3,1,2048,41,1208283605
44,1607021,1042,1608063,0,0,1,1024,9,5132194017
45,1634164,58844,1693008,0,2,0,9216,33,6730888372
46,1674652,65924,1740576,0,4,0,12288,37,6427955570
47,1680819,76052,1756871,0,5,0,10240,37,8703977763
48,1698318,3387,1701705,0,3,1,9728,41,3470929398
49,1755804,109895,1865699,0,5,0,57344,37,9161535181
50,1786037,64208,1850245,0,2,0,6656,33,4074558305
51,1842807,43904,1886711,0,8,0,512,6,8693768423
52,1858851,46471,1905322,0,2,1,80384,33,2519233898
53,1881600,3645,1885245,0,0,1,10240,9,458073327
54,1935338,3128,1938466,0,0,1,9216,9,4214928532
55,1940508,76052,2016560,0,5,0,10240,37,3529460681
56,2041288,2946,2044234,0,5,1,3072,37,4666206558
57,2056563,3422,2059985,0,8,1,3584,6,4631010826
58,2063235,25962,2089197,0,2,1,47104,33,10660284348
59,2085545,114452,2199997,0,5,0,75776,37,2089668169
60,2086786,566,2087352,0,4,1,512,37,2705968859
61,2210474,5454,2215928,0,3,1,13824,41,2585699923
62,2249676,5454,2255130,0,0,1,13824,9,8818657806
63,2277847,45596,2323443,0,8,0,1024,6,4996296380
64,2285292,566,2285858,0,6,1,512,40,9805618841
65,2321329,104936,2426265,0,1,0,44544,22,6210877208
66,2410299,78680,2488979,0,9,0,13824,38,5767625752
67,2490307,12825,2503132,0,6,1,21504,40,285898228
68,2632492,128336,2760828,0,9,0,121344,38,7243953416
69,2713232,1518,2714750,0,3,1,1536,41,6773983285
70,2874490,112892,2987382,0,5,0,70656,37,1935561033
71,2924175,566,2924741,0,1,1,512,22,5497161665
72,2970305,7706,2978011,0,6,1,8192,40,9073164821
73,2976624,62674,3039298,0,2,1,101888,33,499664752
74,3123914,1042,3124956,0,8,1,1024,6,10503026761
75,3184069,62516,3246585,0,4,0,6144,37,824209284
76,3232190,566,3232756,0,3,1,512,41,6915242900
77,3300610,101660,3402270,0,2,0,33792,33,5709789716
78,3337496,98072,3435568,0,1,0,22016,22,2767740117
79,3401723,41671,3443394,0,2,1,66560,33,7230646574
80,3613743,43904,3657647,0,8,0,512,6,7065220232
81,3661346,70976,3732322,0,9,0,8704,38,6507277100
82,3663626,47600,3711226,0,5,0,2560,37,9784098361
83,3712057,5326,3717383,0,3,1,5632,41,7361239239
84,3874221,118976,3993197,0,2,0,90624,33,10122250792
85,3923037,2470,3925507,0,8,1,2560,6,6771236592
86,3951080,113672,4064752,0,4,0,73216,37,5851684038
87,3954168,4850,3959018,0,5,1,5120,37,10642775663
88,4082481,1994,4084475,0,5,1,2048,37,10253231437
89,4299638,104468,4404106,0,4,0,43008,37,7367977840
90,4367600,47288,4414888,0,4,0,1536,37,7197882136
91,4442786,119132,4561918,0,1,0,91136,22,2392705744
92,4674635,1994,4676629,0,0,1,2048,9,3946248011
93,4748430,6278,4754708,0,3,1,6656,41,1877572560
94,4761276,70976,4832252,0,6,0,8704,40,4352017992
95,4774211,566,4774777,0,8,1,512,6,9101374165
96,4839365,137596,4976961,0,2,1,227840,33,9076413263
97,4970999,1994,4972993,0,3,1,2048,41,2258312420
98,5023588,45596,5069184,0,5,0,1024,37,456054646
99,5059665,87944,5147609,0,2,0,24064,33,10137737125
100,5078406,36346,5114752,0,2,1,64000,33,9780832682
101,5124973,3898,5128871,0,3,1,4096,41,9221922216
102,5168683,1042,5169725,0,9,1,1024,38,372558506
103,5255212,566,5255778,0,0,1,512,9,10435560155
104,5384677,3387,5388064,0,8,1,9728,6,4977594105
105,5465262,92972,5558234,0,1,0,15360,22,1661636897
106,5600905,1518,5602423,0,9,1,1536,38,9940154626
107,5666730,62228,5728958,0,6,0,10240,40,7527489460
108,5774959,124124,5899083,0,6,0,107520,40,5909466931
109,5799934,7706,5807640,0,0,1,8192,9,5158371820
110,5947219,58376,6005595,0,4,0,7680,37,9998001941
111,6084820,50672,6135492,0,6,0,2560,40,1114799739
112,6107855,3422,6111277,0,1,1,3584,22,3558367848
113,6124074,4850,6128924,0,8,1,5120,6,7366742750
114,6228270,90680,6318950,0,4,0,17920,37,2027269539
115,6301107,3387,6304494,0,1,1,9728,22,9045669960
116,6303879,84753,6388632,0,1,0,12800,22,3793090724
117,6381814,3645,6385459,0,3,1,10240,41,264560830
118,6409179,74360,6483539,0,1,0,9728,22,4461223366
119,6551794,4374,6556168,0,9,1,4608,38,4667880685
120,6586205,5802,6592007,0,9,1,6144,38,2323506307
121,6626411,6754,6633165,0,5,1,7168,37,3992206030
122,6775290,111488,6886778,0,1,0,66048,22,7348761864
123,6805529,3387,6808916,0,5,1,9728,37,2001021472
124,6922145,5326,6927471,0,1,1,5632,22,4719525110
125,6946139,52832,6998971,0,9,0,4608,38,3968864924
126,6975508,107900,7083408,0,4,0,54272,37,8440091327
127,7022146,566,7022712,0,9,1,512,38,606496952
128,7045022,2946,7047968,0,1,1,3072,22,9743117282
129,7086118,101972,7188090,0,5,0,34816,37,9229415737
130,7241900,10499,7252399,0,0,1,16896,9,1241619979
131,7416768,90548,7507316,0,1,0,22528,22,137938629
132,7464672,566,7465238,0,3,1,512,41,2544171973
133,7474828,2470,7477298,0,3,1,2560,41,2853327426
134,7506900,5971,7512871,0,5,1,14848,37,5904583986
135,7574272,115856,7690128,0,2,0,80384,33,3268954743
136,7677215,2946,7680161,0,8,1,3072,6,6511195169
137,7756434,103844,7860278,0,2,0,40960,33,2369046266
138,7824419,105633,7930052,0,2,0,41984,33,2171395804
139,7860794,1994,7862788,0,3,1,2048,41,4809642209
140,7903326,97604,8000930,0,6,0,20480,40,4391153562
141,7942975,1042,7944017,0,8,1,1024,6,7426302235
142,7988741,4374,7993115,0,3,1,4608,41,3405217082
143,8077528,102752,8180280,0,6,0,37376,40,5996298012
144,8108685,11016,8119701,0,1,1,17920,22,4325638103
145,8113770,43904,8157674,0,8,0,512,6,4472452900
146,8168421,89144,8257565,0,5,0,17920,37,2465081719
147,8295405,7706,8303111,0,2,1,8192,33,2065117677
148,8334759,2870,8337629,0,1,1,8704,22,7552962266
149,8335211,61292,8396503,0,4,0,7168,37,5059199803
150,8371199,1042,8372241,0,8,1,1024,6,3379469092
151,8429590,2470,8432060,0,0,1,2560,9,6003398937
152,8442122,3387,8445509,0,0,1,9728,9,2589329397
153,8470182,3898,8474080,0,3,1,4096,41,8536549240
154,8559650,3387,8563037,0,8,1,9728,6,1554093396
155,8651301,1042,8652343,0,1,1,1024,22,3042904016
156,8666504,4374,8670878,0,8,1,4608,6,4007115770
157,8901070,57440,8958510,0,1,0,4608,22,10376133318
158,8950369,45596,8995965,0,8,0,1024,6,3320431543
159,8952341,109928,9062269,0,1,0,60928,22,2123706442
160,8961565,566,8962131,0,9,1,512,38,1332774782
161,9280457,4374,9284831,0,1,1,4608,22,6009430006
162,9314565,127400,9441965,0,9,0,118272,38,2375338376
163,9359566,6754,9366320,0,5,1,7168,37,6271932638
164,9403566,62672,9466238,0,1,0,6656,22,4523420338
165,9428551,2870,9431421,0,3,1,8704,41,7078283459
166,9447738,79436,9527174,0,4,0,11264,37,3444040799
167,9450839,1042,9451881,0,3,1,1024,41,4625173344
168,9451444,5802,9457246,0,0,1,6144,9,1731523583
169,9477680,2470,9480150,0,3,1,2560,41,752415211
170,9492369,104156,9596525,0,6,0,41984,40,1117339208
171,9497237,50672,9547909,0,1,0,2560,22,1725171788
172,9679112,66992,9746104,0,2,0,10752,33,4664367991
173,9758661,5326,9763987,0,3,1,5632,41,3064836053
174,9763941,3427,9767368,0,3,1,3584,41,2584077476
175,9892261,5802,9898063,0,5,1,6144,37,4517582178
176,9965071,7230,9972301,0,8,1,7680,6,1220837049
177,10053316,4162,10057478,0,5,1,11264,37,4032722503
178,10117509,3898,10121407,0,8,1,4096,6,1324081044
179,10179194,22950,10202144,0,2,1,37888,33,2403853319
180,10203757,134684,10338441,0,1,0,132096,22,10164290049
181,10319604,3898,10323502,0,8,1,4096,6,1430056968
182,10429687,2946,10432633,0,4,1,3072,37,5554740238
183,10536672,2870,10539542,0,0,1,8704,9,837297975
184,10547186,68084,10615270,0,9,0,14336,38,7808206927
185,10789599,3645,10793244,0,5,1,10240,37,6386275575
186,10790777,70976,10861753,0,6,0,8704,40,9327725763
187,10840284,78680,10918964,0,6,0,13824,40,4212078424
188,10861710,3422,10865132,0,1,1,3584,22,10037775635
189,10888313,99476,10987789,0,5,0,26624,37,6925534894
190,10974596,5326,10979922,0,4,1,5632,37,630743006
191,10975743,4374,10980117,0,8,1,4608,6,9719792068
192,11004577,26221,11030798,0,2,1,47616,33,6932895252
193,11066658,217040,11283698,0,2,0,16384,33,6362393188
194,11136795,12737,11149532,0,2,1,24576,33,1379003612
195,11155086,100880,11255966,0,2,0,31232,33,3844016483
196,11405027,1518,11406545,0,2,1,1536,33,2978661266
197,11478318,64208,11542526,0,6,0,6656,40,1936580580
198,11548014,13512,11561526,0,1,1,26112,22,6885941953
199,11622721,69752,11692473,0,6,0,9728,40,6301102042
200,11624623,96980,11721603,0,1,0,18432,22,9027798808
201,11693086,84512,11777598,0,4,0,12800,37,9109874273
202,11700480,106496,11806976,0,6,0,49664,40,6737407808
203,11725492,47288,11772780,0,8,0,1536,6,1512685475
204,11752815,6754,11759569,0,0,1,7168,9,1931845671
205,11768861,57440,11826301,0,4,0,4608,37,4472486373
206,11798959,47288,11846247,0,8,0,1536,6,5178538736
207,11813989,566,11814555,0,8,1,512,6,6035742602
208,11831256,111176,11942432,0,6,0,65024,40,968415074
209,11858213,102128,11960341,0,1,0,35328,22,3517512012
210,11896402,3422,11899824,0,9,1,3584,38,3408384192
211,11930827,5326,11936153,0,9,1,5632,38,708585997
212,11936017,566,11936583,0,9,1,512,38,9380870088
213,11975412,43904,12019316,0,8,0,512,6,1352198628
214,12159812,104312,12264124,0,6,0,42496,40,8560631792
215,12177437,92684,12270121,0,2,0,19456,33,1786768407
216,12244725,1518,12246243,0,8,1,1536,6,795356169
217,12289760,100880,12390640,0,1,0,31232,22,4983994701
218,12299479,1042,12300521,0,8,1,1024,6,6039828167
219,12373328,3128,12376456,0,1,1,9216,22,5807121495
220,12383143,65900,12449043,0,9,0,7168,38,6469673994
221,12427587,98540,12526127,0,4,0,23552,37,2856410068
222,12448894,84512,12533406,0,6,0,12800,40,6657914689
223,12664446,12566,12677012,0,2,1,20992,33,8088267110
224,12679574,133054,12812628,0,2,0,73728,33,7441654943
225,12695053,6754,12701807,0,2,1,7168,33,5189765354
226,12727211,149912,12877123,0,4,0,136704,37,5282905702
227,12742590,2946,12745536,0,3,1,3072,41,530560414
228,12939677,105872,13045549,0,1,0,47616,22,8336949192
229,12948230,7230,12955460,0,3,1,7680,41,2655186451
230,12979128,1994,12981122,0,9,1,2048,38,1679181149
231,12991967,99164,13091131,0,2,0,25600,33,9460267738
232,13184863,1518,13186381,0,9,1,1536,38,5233246525
233,13292900,76232,13369132,0,1,0,15872,22,2681312460
234,13387390,65900,13453290,0,5,0,7168,37,2944731782
235,13429391,93752,13523143,0,2,0,17920,33,6549983679
236,13482475,1518,13483993,0,1,1,1536,22,4857734367
237,13519241,140582,13659823,0,2,0,133632,33,10664913176
238,13537597,2470,13540067,0,8,1,2560,6,9794197761
239,13550107,1994,13552101,0,8,1,2048,6,9795542630
240,13664412,566,13664978,0,1,1,512,22,6160253562
241,13691436,2470,13693906,0,1,1,2560,22,9513222432
242,13722851,4374,13727225,0,5,1,4608,37,9799762489
243,13835664,70976,13906640,0,9,0,8704,38,6258124427
244,14024616,104468,14129084,0,1,0,43008,22,9777443741
245,14029183,85316,14114499,0,2,0,20480,33,10274976899
246,14069179,118040,14187219,0,4,0,87552,37,4694008515
247,14141727,43904,14185631,0,8,0,512,6,4474426961
248,14182928,62516,14245444,0,1,0,6144,22,492251347
249,14315865,5802,14321667,0,9,1,6144,38,744698691
250,14398129,3128,14401257,0,8,1,9216,6,611170672
251,14398790,71756,14470546,0,2,0,11264,33,10026928586
252,14412260,55748,14468008,0,6,0,4096,40,8645049291
253,14422656,45596,14468252,0,8,0,1024,6,2947326748
254,14511241,58887,14570128,0,8,0,512,6,10552829223
255,14615771,126464,14742235,0,2,0,115200,33,9476516861
256,14746486,66368,14812854,0,9,0,8704,38,8058389518
257,14808212,43904,14852116,0,6,0,512,40,8361127268
258,14827300,4850,14832150,0,9,1,5120,38,8467717623
259,14936735,6229,14942964,0,8,1,15360,6,4153743213
260,15031022,1042,15032064,0,8,1,1024,6,5205964765
261,15044080,4374,15048454,0,4,1,4608,37,7333017613
262,15224320,1042,15225362,0,4,1,1024,37,3486150532
263,15444717,43904,15488621,0,8,0,512,6,9482636183
264,15455241,175628,15630869,0,1,0,150528,22,2851931686
265,15462027,1518,15463545,0,1,1,1536,22,447806597
266,15616333,3898,15620231,0,3,1,4096,41,1949483932
267,15621187,11533,15632720,0,9,1,18944,38,7743660613
268,15636447,139233,15775680,0,9,0,66048,38,8921667038
269,15928744,3898,15932642,0,8,1,4096,6,5130501074
270,15977003,84824,16061827,0,4,0,13824,37,7379573476
271,15983778,43904,16027682,0,8,0,512,6,9224376212
272,16021456,1994,16023450,0,1,1,2048,22,9410929396
273,16079924,124436,16204360,0,9,0,108544,38,5590489002
274,16136297,4679,16140976,0,0,1,12288,9,736982975
275,16176609,142663,16319272,0,9,0,77312,38,750091082
276,16215254,6754,16222008,0,0,1,7168,9,6884787139
277,16291162,116792,16407954,0,2,0,83456,33,2878385062
278,16339648,99944,16439592,0,1,0,28160,22,1653602929
279,16427268,12339,16439607,0,1,1,4096,22,5851888116
280,16437016,2946,16439962,0,4,1,3072,37,6704947940
281,16460953,48980,16509933,0,2,0,2048,33,5002106158
282,16575950,3387,16579337,0,3,1,9728,41,224287864
283,16628479,2470,16630949,0,9,1,2560,38,4938208054
284,16683742,4850,16688592,0,3,1,5120,41,1817308663
285,16743489,119444,16862933,0,5,0,92160,37,5701300041
286,16856696,1518,16858214,0,8,1,1536,6,6398153823
287,16892028,1042,16893070,0,5,1,1024,37,7775045219
288,17018136,1994,17020130,0,0,1,2048,9,6127067088
289,17028334,566,17028900,0,0,1,512,9,10569146371
290,17076923,1518,17078441,0,3,1,1536,41,2772697523
291,17204437,5712,17210149,0,8,1,14336,6,1192632455
292,17298996,4420,17303416,0,1,1,11776,22,4740952235
293,17308792,566,17309358,0,4,1,512,37,4405803937
294,17364906,84092,17448998,0,9,0,21504,38,2759123976
295,17443603,2470,17446073,0,0,1,2560,9,8487736816
296,17483621,43904,17527525,0,2,0,512,33,2053397641
297,17511627,1042,17512669,0,8,1,1024,6,9738875667
298,17612685,103064,17715749,0,5,0,38400,37,2356365672
299,17667601,2946,17670547,0,0,1,3072,9,7744870483
300,17728250,11016,17739266,0,8,1,17920,6,6710418835
301,18042013,5326,18047339,0,0,1,5632,9,10310099503
302,18103572,43904,18147476,0,8,0,512,6,3208058727
303,18234647,123812,18358459,0,5,0,106496,37,2064512077
304,18286124,5971,18292095,0,4,1,14848,37,2416165776
305,18311158,3387,18314545,0,1,1,9728,22,9196754842
306,18324603,115024,18439627,0,5,0,73216,37,7930532977
307,18416997,60824,18477821,0,5,0,5632,37,367549236
308,18892931,50672,18943603,0,8,0,2560,6,4366137702
309,18936158,1518,18937676,0,9,1,1536,38,10155754276
310,18958401,123812,19082213,0,5,0,106496,37,9130670853
311,19121356,1042,19122398,0,1,1,1024,22,9812654187
312,19207824,4850,19212674,0,5,1,5120,37,3532391492
313,19230235,1042,19231277,0,3,1,1024,41,10473680824
314,19304585,1518,19306103,0,9,1,1536,38,3167460351
315,19337226,115076,19452302,0,4,0,77824,37,8706545634
316,19402412,3904,19406316,0,5,1,10752,37,4289059217
317,19621918,105248,19727166,0,1,0,45568,22,6503404949
318,19693519,5971,19699490,0,4,1,14848,37,10115602331
319,19728982,110240,19839222,0,2,0,61952,33,2175678449
320,19732893,566,19733459,0,4,1,512,37,7080534231
321,19734579,6278,19740857,0,4,1,6656,37,3958218724
322,19876504,82712,19959216,0,2,0,22016,33,3108450793
323,19884345,45596,19929941,0,8,0,1024,6,2031897440
324,19959697,111020,20070717,0,2,0,64512,33,5284790220
325,20022793,109460,20132253,0,1,0,59392,22,9698794031
326,20029516,4374,20033890,0,4,1,4608,37,682790416
327,20066878,6754,20073632,0,8,1,7168,6,7037786468
328,20077489,64364,20141853,0,4,0,7168,37,4613631153
329,20140918,4374,20145292,0,1,1,4608,22,5960948486
330,20157493,2470,20159963,0,5,1,2560,37,5105284124
331,20279403,55748,20335151,0,9,0,4096,38,8911082505
332,20361192,105404,20466596,0,5,0,46080,37,10373468867
333,20542485,96224,20638709,0,9,0,20992,38,5672858847
334,20563740,3898,20567638,0,5,1,4096,37,4499726890
335,20643289,52364,20695653,0,1,0,3072,22,7958838017
336,20680692,3898,20684590,0,3,1,4096,41,2903334712
337,20717510,66368,20783878,0,1,0,8704,22,8271671790
338,20783816,106184,20890000,0,9,0,48640,38,7617853219
339,20906452,127712,21034164,0,6,0,119296,40,4689318397
340,20966389,3422,20969811,0,3,1,3584,41,7080527752
341,21037749,69284,21107033,0,5,0,8192,37,7052007909
342,21162944,6278,21169222,0,9,1,6656,38,3992192143
343,21314779,48980,21363759,0,8,0,2048,6,8621850997
344,21405683,198392,21604075,0,4,0,189952,37,2941172130
345,21418731,3387,21422118,0,5,1,9728,37,10169142586
346,21424336,10757,21435093,0,3,1,17408,41,4726936253
347,21545114,58976,21604090,0,4,1,3072,37,7421704062
348,21604018,43904,21647922,0,8,0,512,6,4338278116
349,21700015,1042,21701057,0,9,1,1024,38,2252047199
350,21912395,4374,21916769,0,8,1,4608,6,844105530
351,21923548,91952,22015500,0,5,0,27136,37,6073820962
352,21926328,566,21926894,0,4,1,512,37,3776313405
353,21974362,6278,21980640,0,8,1,6656,6,3714033215
354,22372758,4850,22377608,0,1,1,5120,22,6980412033
355,22373967,43904,22417871,0,8,0,512,6,5214495148
356,22433167,45596,22478763,0,8,0,1024,6,3986718841
357,22459162,104468,22563630,0,2,0,43008,33,4157907873
358,22690384,43904,22734288,0,8,0,512,6,4158312023
359,22730748,189032,22919780,0,9,0,159232,38,3700221649
360,22785592,47288,22832880,0,8,0,1536,6,1574305050
361,23028378,566,23028944,0,1,1,512,22,9030815897
362,23080396,108992,23189388,0,5,0,57856,37,6907083056
363,23163654,143768,23307422,0,2,0,136704,33,339571641
364,23228161,109772,23337933,0,4,0,60416,37,10072374031
365,23373487,1994,23375481,0,9,1,2048,38,4948583634
366,23491198,45596,23536794,0,4,0,1024,37,7516465803
367,23703841,74072,23777913,0,6,0,13824,40,7441702100
368,23724455,45596,23770051,0,2,0,1024,33,10579476617
369,23835855,4420,23840275,0,1,1,11776,22,6903475700
370,23887222,125528,24012750,0,2,0,112128,33,6844830619
371,23943278,566,23943844,0,8,1,512,6,6924059771
372,24002549,1994,24004543,0,1,1,2048,22,4512611563
373,24043918,3898,24047816,0,3,1,4096,41,482451287
374,24158171,1994,24160165,0,0,1,2048,9,8858819348
375,24260493,47288,24307781,0,4,0,1536,37,7273356198
376,24292056,45596,24337652,0,6,0,1024,40,5261290714
377,24294697,7706,24302403,0,4,1,8192,37,8744307618
378,24429085,98228,24527313,0,1,0,22528,22,647497144
379,24446455,566,24447021,0,5,1,512,37,5908281069
380,24461512,4937,24466449,0,1,1,12800,22,8459470869
381,24791595,101972,24893567,0,1,0,34816,22,549684173
382,24840490,57908,24898398,0,4,0,6144,37,10724606808
383,24895962,2451,24898413,0,4,1,1536,37,3756561125
384,24942126,3422,24945548,0,9,1,3584,38,4263994636
385,25224623,566,25225189,0,4,1,512,37,9402848423
386,25269653,53300,25322953,0,2,0,6144,33,7486138167
387,25408432,566,25408998,0,9,1,512,38,8075969075
388,25498560,99320,25597880,0,5,0,26112,37,460853657
389,25561147,77900,25639047,0,2,0,11264,33,4263960425
390,25590108,115700,25705808,0,9,0,79872,38,1284361628
391,25825766,103688,25929454,0,5,0,40448,37,7546661957
392,25913068,2870,25915938,0,8,1,8704,6,2811211574
393,25966500,1042,25967542,0,3,1,1024,41,1892135942
394,26230649,4420,26235069,0,0,1,11776,9,286003975
395,26268549,72668,26341217,0,5,0,9216,37,9011615366
396,26323120,108680,26431800,0,6,0,56832,40,4713540445
397,26331799,69284,26401083,0,4,0,8192,37,9142038411
398,26337063,82244,26419307,0,1,0,20480,22,3403817961
399,26470323,136376,26606699,0,9,0,132608,38,4369825318
400,26686064,62516,26748580,0,6,0,6144,40,8284579816
401,26749864,103220,26853084,0,9,0,38912,38,7699338761
402,26852543,5326,26857869,0,0,1,5632,9,7517748740
403,26923679,43904,26967583,0,8,0,512,6,10386446838
404,26927611,50672,26978283,0,8,0,2560,6,10202458641
405,26982429,98852,27081281,0,4,0,24576,37,8663004242
406,27071185,95780,27166965,0,1,0,24576,22,4924214048
407,27085671,1518,27087189,0,1,1,1536,22,4268556999
408,27099619,48980,27148599,0,6,0,2048,40,4580760146
409,27158821,124124,27282945,0,5,0,107520,37,6460568574
410,27220455,3422,27223877,0,0,1,3584,9,7305382749
411,27233098,43904,27277002,0,8,0,512,6,10466721528
412,27276252,107900,27384152,0,4,0,54272,37,3279985795
413,27325592,3128,27328720,0,8,1,9216,6,8128028051
414,27451221,60824,27512045,0,9,0,5632,38,5720632777
415,27845311,12825,27858136,0,4,1,21504,37,540409556
416,27910852,143101,28053953,0,5,0,72704,37,7135593052
417,27920469,148007,28068476,0,5,0,47616,37,1933566134
418,27964600,99788,28064388,0,2,0,27648,33,4265875922
419,27996854,99788,28096642,0,6,0,27648,40,752734294
420,28011150,69908,28081058,0,6,0,10240,40,5621841594
421,28044654,6754,28051408,0,8,1,7168,6,8245966473
422,28160861,56528,28217389,0,9,0,6656,38,6571464085
423,28240201,6278,28246479,0,5,1,6656,37,2680689482
424,28302994,566,28303560,0,0,1,512,9,4162634630
425,28489750,43904,28533654,0,8,0,512,6,10629269909
426,28557111,43904,28601015,0,8,0,512,6,9735246089
427,28591884,86408,28678292,0,4,0,24064,37,1819465224
428,28604082,107120,28711202,0,2,0,51712,33,10259974136
429,28620350,95703,28716053,0,2,0,15872,33,10687087077
430,28705732,168524,28874256,0,4,0,142336,37,9514152256
431,28732025,5802,28737827,0,8,1,6144,6,9518913722
432,28786642,102752,28889394,0,6,0,37376,40,5814725245
433,28820736,122876,28943612,0,5,0,103424,37,3126030347
434,28884908,100880,28985788,0,2,0,31232,33,5552390139
435,29156091,566,29156657,0,5,1,512,37,4253849930
436,29218386,4850,29223236,0,4,1,5120,37,7768930130
437,29286396,1518,29287914,0,9,1,1536,38,3590591506
438,29348646,2870,29351516,0,8,1,8704,6,6924439445
439,29638250,1042,29639292,0,4,1,1024,37,954465941
440,29656448,101192,29757640,0,6,0,32256,40,1188685298
441,29715223,58220,29773443,0,5,0,7168,37,3956397274
442,29754129,43904,29798033,0,8,0,512,6,2358781577
443,29755809,6278,29762087,0,1,1,6656,22,4601663520
444,29759535,2470,29762005,0,8,1,2560,6,2971791125
445,29911468,1042,29912510,0,4,1,1024,37,10158395395
446,29939549,5326,29944875,0,0,1,5632,9,6612371691
447,29976224,3422,29979646,0,0,1,3584,9,3198878674
448,30083625,7230,30090855,0,4,1,7680,37,9819564811
449,30118411,55148,30173559,0,1,0,7168,22,9282808021
450,30186833,2870,30189703,0,9,1,8704,38,7945175570
451,30252921,119288,30372209,0,4,0,91648,37,6537041808
452,30262142,4420,30266562,0,8,1,11776,6,6347372222
453,30270709,566,30271275,0,8,1,512,6,2338051281
454,30330397,12825,30343222,0,1,1,21504,22,7066805256
455,30349473,74025,30423498,0,1,0,8192,22,751074362
456,30388508,6278,30394786,0,5,1,6656,37,8991514864
457,30514736,105560,30620296,0,4,0,46592,37,5737651323
458,30582497,13341,30595838,0,1,1,22528,22,7817374376
459,30676548,107276,30783824,0,9,0,52224,38,6303182735
460,30724566,107744,30832310,0,4,0,53760,37,436143095
461,30806862,1042,30807904,0,8,1,1024,6,3698955647
462,30860025,72692,30932717,0,4,0,14336,37,2632353684
463,30875277,105248,30980525,0,4,0,45568,37,4542803711
464,30973749,102284,31076033,0,2,0,35840,33,7094336915
465,30989452,43904,31033356,0,8,0,512,6,2887553514
466,31162222,91280,31253502,0,2,0,14848,33,1488801635
467,31165888,103064,31268952,0,9,0,38400,38,1484800940
468,31208365,1518,31209883,0,0,1,1536,9,1610939062
469,31304186,2946,31307132,0,0,1,3072,9,5470401523
470,31317056,43904,31360960,0,6,0,512,40,7180756271
471,31344091,85448,31429539,0,9,0,15872,38,4253743736
472,31577125,203228,31780353,0,1,0,205824,22,10106467348
473,31829628,68372,31898000,0,5,0,10240,37,7871574094
474,31840772,3904,31844676,0,4,1,10752,37,6962940372
475,31876822,5326,31882148,0,1,1,5632,22,6411864239
476,31961833,108992,32070825,0,6,0,57856,40,994951121
477,31985527,2470,31987997,0,4,1,2560,37,5321413251
478,32003984,1518,32005502,0,1,1,1536,22,3011876601
479,32046429,104624,32151053,0,5,0,43520,37,377574617
480,32049588,1042,32050630,0,1,1,1024,22,6051605370
481,32141479,3387,32144866,0,3,1,9728,41,2170541349
482,32258570,107120,32365690,0,9,0,51712,38,5786871103
483,32577470,128024,32705494,0,6,0,120320,40,9647547911
484,32735266,47288,32782554,0,8,0,1536,6,7929709118
485,32842681,119288,32961969,0,9,0,91648,38,5447131423
486,32892966,43904,32936870,0,8,0,512,6,7047066909
487,32917742,113984,33031726,0,1,0,74240,22,9046992311
488,33017446,6754,33024200,0,9,1,7168,38,10593568704
489,33253223,14117,33267340,0,8,1,24064,6,4444212067
490,33257102,2946,33260048,0,0,1,3072,9,2177941736
491,33339558,1994,33341552,0,0,1,2048,9,1543903927
492,33501107,10241,33511348,0,4,1,16384,37,2648646349
493,33556251,5326,33561577,0,0,1,5632,9,8168661360
494,33624521,3422,33627943,0,4,1,3584,37,4690708752
495,33657423,47288,33704711,0,8,0,1536,6,10621813320
496,33711969,116948,33828917,0,5,0,83968,37,6051829155
497,33732296,115856,33848152,0,6,0,80384,40,9751575705
498,33822369,8058,33830427,0,5,1,1536,37,1786994935
499,33922849,109460,34032309,0,6,0,59392,40,9380375814
500,33956820,107120,34063940,0,9,0,51712,38,2086582554
501,34435987,115544,34551531,0,4,0,79360,37,976695429
502,34460901,1518,34462419,0,4,1,1536,37,4461873396
503,34484974,50672,34535646,0,1,0,2560,22,3593407361
504,34511141,1042,34512183,0,9,1,1024,38,10471462932
505,34541663,2946,34544609,0,0,1,3072,9,10144545505
506,34580349,133997,34714346,0,9,0,87040,38,9393815142
507,34715694,101816,34817510,0,5,0,34304,37,803564211
508,34717092,204320,34921412,0,1,0,209408,22,10581747035
509,34850758,73477,34924235,0,1,0,9216,22,3096561780
510,34927842,2946,34930788,0,4,1,3072,37,1077822722
511,34992259,566,34992825,0,9,1,512,38,1720269110
512,35140231,1994,35142225,0,4,1,2048,37,8912842413
513,35226581,2946,35229527,0,4,1,3072,37,4928679640
514,35346937,112268,35459205,0,1,0,68608,22,3442876015
515,35378618,6754,35385372,0,5,1,7168,37,6628305660
516,35573889,3898,35577787,0,1,1,4096,22,1000244106
517,35632279,100256,35732535,0,9,0,29184,38,5507367754
518,35790783,47600,35838383,0,4,0,2560,37,3927139036
519,36403021,110396,36513417,0,9,0,62464,38,7992255985
520,36562699,566,36563265,0,3,1,512,41,2029421013
521,36756096,82220,36838316,0,1,0,15360,22,372727833
522,36924725,3904,36928629,0,4,1,10752,37,7464659329
523,36959146,110240,37069386,0,4,0,61952,37,3832662409
524,36989234,1518,36990752,0,1,1,1536,22,3269618651
525,37069894,55748,37125642,0,5,0,4096,37,7746582407
526,37172058,2470,37174528,0,0,1,2560,9,2434053862
527,37177597,1518,37179115,0,3,1,1536,41,6649639617
528,37527275,45596,37572871,0,8,0,1024,6,7587510834
529,37720996,6754,37727750,0,3,1,7168,41,559726839
530,37804149,106028,37910177,0,2,0,48128,33,4288963595
531,37863357,1042,37864399,0,4,1,1024,37,4992729183
532,37887649,1994,37889643,0,4,1,2048,37,640787836
533,37897491,102752,38000243,0,9,0,37376,38,10714236124
534,38017657,566,38018223,0,1,1,512,22,5632410811
535,38099996,45596,38145592,0,8,0,1024,6,2999639631
536,38149232,3422,38152654,0,5,1,3584,37,7219203719
537,38269971,85160,38355131,0,4,0,19968,37,10697243404
538,38408939,4374,38413313,0,4,1,4608,37,9761365519
539,38441546,13341,38454887,0,0,1,22528,9,7085880574
540,38711665,1042,38712707,0,4,1,1024,37,6196462307
541,38744222,43904,38788126,0,8,0,512,6,5788556712
542,38749449,3898,38753347,0,5,1,4096,37,5111204625
543,38768493,4374,38772867,0,1,1,4608,22,1583872430
544,38778820,63920,38842740,0,1,0,10752,22,5949299730
545,38835065,44233,38879298,0,0,1,72704,9,8109534165
546,38847198,116948,38964146,0,2,0,83968,33,8115369775
547,38965254,6278,38971532,0,3,1,6656,41,5088231328
548,39002867,105404,39108271,0,2,0,46080,33,8870295831
549,39021445,265784,39287229,0,1,0,280064,22,3398905590
550,39132952,97160,39230112,0,5,0,24064,37,10539001980
551,39352935,4850,39357785,0,4,1,5120,37,1616795448
552,39409227,113048,39522275,0,9,0,71168,38,5731348792
553,39424437,161223,39585660,0,4,0,89088,37,9128133404
554,39429523,43904,39473427,0,8,0,512,6,5861996736
555,39498463,23827,39522290,0,9,1,4096,38,8792476733
556,39554338,119912,39674250,0,6,0,93696,40,1474594072
557,39560182,4679,39564861,0,5,1,12288,37,1321420926
558,39611965,43904,39655869,0,8,0,512,6,1868055805
559,39686562,1042,39687604,0,5,1,1024,37,1072294028
560,39708520,57908,39766428,0,6,0,6144,40,6129262490
561,39712760,95624,39808384,0,9,0,24064,38,4069848992
562,39902488,3387,39905875,0,8,1,9728,6,10493436081
563,39934822,104468,40039290,0,9,0,43008,38,2167056477
564,39988151,98780,40086931,0,8,0,512,6,580746724
565,40019172,1994,40021166,0,8,1,2048,6,7486313320
566,40042630,1994,40044624,0,4,1,2048,37,4560174399
567,40086809,127088,40213897,0,6,0,117248,40,7688389320
568,40143682,566,40144248,0,3,1,512,41,9357898483
569,40177574,13600,40191174,0,3,1,23040,41,2447884304
570,40354628,4937,40359565,0,3,1,12800,41,8103657627
571,40444169,88232,40532401,0,2,0,19968,33,7630189648
572,40532622,3898,40536520,0,1,1,4096,22,5557695095
573,40539799,1518,40541317,0,3,1,1536,41,6111578802
574,40557934,43904,40601838,0,6,0,512,40,5795899608
575,40563331,88856,40652187,0,2,0,22016,33,2531846597
576,40639305,47288,40686593,0,4,0,1536,37,4230391155
577,40665666,1994,40667660,0,1,1,2048,22,523764696
578,40771825,45908,40817733,0,9,0,2048,38,2575926909
579,40791227,110552,40901779,0,1,0,62976,22,5036146823
580,40851081,566,40851647,0,1,1,512,22,913481282
581,41231575,47288,41278863,0,6,0,1536,40,4665968013
582,41248103,1518,41249621,0,8,1,1536,6,9201898767
583,41250823,94976,41345799,0,9,0,16896,38,3023316125
584,41336759,33762,41370521,0,0,1,58880,9,7801854119
585,41373085,3387,41376472,0,5,1,9728,37,2167037241
586,41476755,48980,41525735,0,5,0,2048,37,1519486683
587,41613608,4850,41618458,0,9,1,5120,38,3807529557
588,41625934,48980,41674914,0,8,0,2048,6,659462485
589,41678026,566,41678592,0,4,1,512,37,5355757917
590,41687577,4374,41691951,0,5,1,4608,37,9009460274
591,41759023,5802,41764825,0,0,1,6144,9,9037720625
592,41824550,1518,41826068,0,4,1,1536,37,1032148083
593,41878106,3898,41882004,0,1,1,4096,22,2759616575
594,41965837,43904,42009741,0,4,0,512,37,6453650113
595,42018988,41649,42060637,0,0,1,67584,9,384733595
596,42117222,3387,42120609,0,5,1,9728,37,1595994270
597,42302083,100256,42402339,0,1,0,29184,22,1967737617
598,42326915,566,42327481,0,9,1,512,38,8211260276
599,42352731,6229,42358960,0,1,1,15360,22,7033531013
600,42403353,94088,42497441,0,9,0,24064,38,9700953567
601,42478640,43904,42522544,0,8,0,512,6,9370256045
602,42512739,2946,42515685,0,3,1,3072,41,4826914331
603,42576293,33075,42609368,0,0,1,54272,9,72775552
604,42597571,4850,42602421,0,4,1,5120,37,2698070588
605,42635430,111800,42747230,0,9,0,67072,38,10334497099
606,42788841,65612,42854453,0,4,0,11264,37,1560180087
607,42905908,7706,42913614,0,8,1,8192,6,4757800108
608,43244379,67772,43312151,0,2,0,13312,33,5068279666
609,43322552,7230,43329782,0,6,1,7680,40,4119117478
610,43410277,53300,43463577,0,9,0,6144,38,2560751257
611,43509948,1518,43511466,0,4,1,1536,37,381261088
612,43664448,3128,43667576,0,1,1,9216,22,7637419053
613,43693113,101816,43794929,0,9,0,34304,38,2867125022
614,43779286,4420,43783706,0,5,1,11776,37,1855005734
615,43786490,31783,43818273,0,0,1,51712,9,5604889130
616,43838300,145595,43983895,0,5,0,15360,37,2923703603
617,43987197,1994,43989191,0,9,1,2048,38,529259557
618,44017863,566,44018429,0,1,1,512,22,6161834569
619,44056132,7706,44063838,0,1,1,8192,22,9223921978
620,44157419,1994,44159413,0,8,1,2048,6,665027457
621,44259164,101192,44360356,0,4,0,32256,37,7255861142
622,44410076,110084,44520160,0,9,0,61440,38,8589489346
623,44426037,5454,44431491,0,8,1,13824,6,5675035655
624,44461429,111020,44572449,0,5,0,64512,37,8017766675
625,44462856,100412,44563268,0,1,0,29696,22,10527237605
626,44514000,45596,44559596,0,6,0,1024,40,4372319083
627,44516553,109783,44626336,0,9,0,48640,38,5723436794
628,44645528,3387,44648915,0,9,1,9728,38,264051461
629,44670691,88232,44758923,0,2,0,19968,33,2909285298
630,44804811,100100,44904911,0,5,0,28672,37,835519965
631,44865629,3898,44869527,0,4,1,4096,37,7249588454
632,44882926,34795,44917721,0,0,1,60928,9,8919395747
633,44958664,47288,45005952,0,9,0,1536,38,8614506212
634,45093153,82556,45175709,0,1,0,21504,22,4053225642
635,45138302,1518,45139820,0,9,1,1536,38,459532392
636,45203471,82688,45286159,0,1,0,16896,22,6461502758
637,45352324,121940,45474264,0,5,0,100352,37,2922640086
638,45431749,3128,45434877,0,1,1,9216,22,7099627549
639,45443875,91304,45535179,0,2,0,19968,33,9487758816
640,45462793,43904,45506697,0,6,0,512,40,10475481502
641,45537898,43200,45581098,0,0,1,70656,9,3325087219
642,45559752,32558,45592310,0,5,1,53248,37,7058880502
643,45571421,7706,45579127,0,3,1,8192,41,6218556958
644,45716456,125996,45842452,0,2,0,113664,33,3007637761
645,45821987,1042,45823029,0,5,1,1024,37,2294196711
646,45932203,83870,46016073,0,0,1,139776,9,1598385618
647,45933033,6278,45939311,0,1,1,6656,22,8263851339
648,46018961,12737,46031698,0,9,1,24576,38,1327908404
649,46029299,3422,46032721,0,3,1,3584,41,5272237699
650,46068674,89612,46158286,0,1,0,19456,22,6935400722
651,46110451,1994,46112445,0,4,1,2048,37,5536537282
652,46160437,6754,46167191,0,9,1,7168,38,2092708660
653,46346165,73604,46419769,0,9,0,12288,38,5359886156
654,46348348,1042,46349390,0,1,1,1024,22,9877260344
655,46561183,40874,46602057,0,0,1,66048,9,5549345541
656,46759424,566,46759990,0,8,1,512,6,736302747
657,46777597,94688,46872285,0,1,0,20992,22,7527509010
658,46801586,100256,46901842,0,5,0,29184,37,5700512453
659,46844165,6488,46850653,0,0,1,15872,9,2515190347
660,46882736,5326,46888062,0,4,1,5632,37,6457264892
661,47086883,566,47087449,0,4,1,512,37,3593222276
662,47092267,52364,47144631,0,2,0,3072,33,9650563791
663,47123172,94376,47217548,0,9,0,19968,38,9908592286
664,47183581,1042,47184623,0,8,1,1024,6,5551322497
665,47221407,2946,47224353,0,8,1,3072,6,7364566581
666,47347919,3422,47351341,0,9,1,3584,38,3582783497
667,47370118,111644,47481762,0,9,0,66560,38,8070517878
668,47389836,59756,47449592,0,9,0,7168,38,7603359801
669,47405834,566,47406400,0,5,1,512,37,4211553580
670,47418824,6488,47425312,0,4,1,15872,37,7604635278
671,47440106,2946,47443052,0,8,1,3072,6,1374792666
672,47449853,1518,47451371,0,1,1,1536,22,668250567
673,47469572,1042,47470614,0,1,1,1024,22,9563304436
674,47509399,85132,47594531,0,8,0,512,6,10363459802
675,47592001,53300,47645301,0,4,0,6144,37,5377308184
676,47676606,43904,47720510,0,8,0,512,6,566320656
677,47679296,2870,47682166,0,3,1,8704,41,8151634022
678,47686499,13083,47699582,0,5,1,22016,37,6168742128
679,47716185,48980,47765165,0,6,0,2048,40,10075726461
680,47785552,43904,47829456,0,6,0,512,40,2804278527
681,47837660,566,47838226,0,2,1,512,33,9659713576
682,47859454,43904,47903358,0,6,0,512,40,2409923258
683,48033746,108056,48141802,0,5,0,54784,37,8201653279
684,48049405,45596,48095001,0,8,0,1024,6,1759634769
685,48051220,1994,48053214,0,8,1,2048,6,8830877085
686,48315884,1518,48317402,0,5,1,1536,37,9057431459
687,48399281,71600,48470881,0,9,0,10752,38,2860949422
688,48406182,5326,48411508,0,4,1,5632,37,6871426218
689,48465500,47288,48512788,0,5,0,1536,37,9159982652
690,48521821,1994,48523815,0,3,1,2048,41,10048119475
691,48539473,10241,48549714,0,0,1,16384,9,8394214006
692,48546506,123500,48670006,0,2,0,105472,33,3910394297
693,48551394,5326,48556720,0,1,1,5632,22,4747379537
694,48630686,3422,48634108,0,1,1,3584,22,8538741875
695,48640307,43904,48684211,0,8,0,512,6,7241025085
696,48752988,3422,48756410,0,8,1,3584,6,7340314691
697,48960786,43904,49004690,0,6,0,512,40,5225743106
698,49023052,45596,49068648,0,1,0,1024,22,3245401140
699,49152597,5326,49157923,0,3,1,5632,41,1420532427
700,49196394,5802,49202196,0,8,1,6144,6,238646989
701,49218470,3387,49221857,0,1,1,9728,22,4662916211
702,49233461,57440,49290901,0,6,0,4608,40,7296356350
703,49240924,55821,49296745,0,0,1,95232,9,7684034037
704,49416632,7230,49423862,0,5,1,7680,37,2664104677
705,49445590,48980,49494570,0,6,0,2048,40,854354424
706,49610331,5326,49615657,0,1,1,5632,22,5633138683
707,49695534,4162,49699696,0,3,1,11264,41,2835702044
708,49712186,67148,49779334,0,4,0,11264,37,5761600662
709,49989571,43904,50033475,0,1,0,512,22,4438461710
710,50112481,111956,50224437,0,9,0,67584,38,3757088745
711,50162058,45596,50207654,0,8,0,1024,6,9284692793
712,50319610,43904,50363514,0,1,0,512,22,10477231695
713,50339293,2946,50342239,0,9,1,3072,38,4094755132
714,50652640,47288,50699928,0,8,0,1536,6,9399399009
715,50673314,10499,50683813,0,9,1,16896,38,543051656
716,50702669,24412,50727081,0,0,1,44032,9,7324050570
717,51105935,1518,51107453,0,3,1,1536,41,9416934104
718,51113332,14029,51127361,0,0,1,27136,9,505927747
719,51313621,43904,51357525,0,5,0,512,37,7923315720
720,51314031,5712,51319743,0,0,1,14336,9,2133514171
721,51361879,112736,51474615,0,9,0,70144,38,1050626445
722,51379707,91172,51470879,0,4,0,24576,37,7024029800
723,51381658,3387,51385045,0,5,1,9728,37,7222927271
724,51382095,151998,51534093,0,9,0,37376,38,679870920
725,51491740,3422,51495162,0,9,1,3584,38,7415779389
726,51536883,2946,51539829,0,8,1,3072,6,7787000311
727,51565592,101972,51667564,0,9,0,34816,38,325437067
728,51595890,1994,51597884,0,4,1,2048,37,7352621488
729,51627533,47288,51674821,0,5,0,1536,37,2029380671
730,51649322,50672,51699994,0,1,0,2560,22,10449381845
731,51838085,7230,51845315,0,3,1,7680,41,7215488940
732,51843714,3898,51847612,0,4,1,4096,37,3569966607
733,51850684,3898,51854582,0,1,1,4096,22,8199526240
734,51886763,23983,51910746,0,0,1,39936,9,9112534101
735,51926713,43904,51970617,0,1,0,512,22,4154857705
736,51953246,1042,51954288,0,4,1,1024,37,9924464930
737,52075957,43904,52119861,0,6,0,512,40,139424375
738,52081572,13253,52094825,0,3,1,25600,41,4868877976
739,52230229,1994,52232223,0,5,1,2048,37,9513889878
740,52251944,566,52252510,0,8,1,512,6,9493968676
741,52255809,5802,52261611,0,9,1,6144,38,10099766853
742,52438968,4374,52443342,0,1,1,4608,22,7425809060
743,52538832,566,52539398,0,8,1,512,6,10467939426
744,52583820,5326,52589146,0,9,1,5632,38,9994725219
745,52615376,58220,52673596,0,4,0,7168,37,8678085043
746,52687974,99164,52787138,0,2,0,25600,33,5870695219
747,52718971,6754,52725725,0,3,1,7168,41,6080662089
748,52752150,54056,52806206,0,8,0,3584,6,2692127501
749,52824116,65900,52890016,0,9,0,7168,38,8244747752
750,52980079,5326,52985405,0,9,1,5632,38,1409172567
751,52991282,2470,52993752,0,4,1,2560,37,3010526961
752,53050001,43904,53093905,0,6,0,512,40,5416813454
753,53230901,4679,53235580,0,8,1,12288,6,8171508961
754,53353800,20882,53374682,0,0,1,33792,9,9835526332
755,53463453,5802,53469255,0,8,1,6144,6,541029281
756,53631572,100568,53732140,0,2,0,30208,33,5727913018
757,53641741,5712,53647453,0,5,1,14336,37,1414908470
758,53695024,566,53695590,0,1,1,512,22,7921001469
759,53768954,86096,53855050,0,4,0,23040,37,7960575080
760,53860276,45596,53905872,0,8,0,1024,6,1412762860
761,53900458,34108,53934566,0,0,1,56320,9,10719868439
762,53973881,49136,54023017,0,4,0,2560,37,1030132732
763,53996749,45596,54042345,0,5,0,1024,37,7672252087
764,54046553,4374,54050927,0,4,1,4608,37,6548084762
765,54262029,105872,54367901,0,9,0,47616,38,1867012675
766,54330849,43904,54374753,0,5,0,512,37,7451013785
767,54410552,128492,54539044,0,2,0,121856,33,6364896645
768,54558804,2946,54561750,0,5,1,3072,37,7196595635
769,54653980,77456,54731436,0,9,0,14848,38,5951944202
770,54676598,45596,54722194,0,5,0,1024,37,7190814358
771,54710780,6488,54717268,0,8,1,15872,6,6381255907
772,55005358,566,55005924,0,5,1,512,37,5630069070
773,55077514,50672,55128186,0,5,0,2560,37,2759691168
774,55098894,3898,55102792,0,8,1,4096,6,1024923
775,55264114,1042,55265156,0,5,1,1024,37,9988242156
776,55318098,7706,55325804,0,3,1,8192,41,9450594450
777,55413196,5196,55418392,0,3,1,13312,41,9747578370
778,55522628,566,55523194,0,4,1,512,37,10168619516
779,55584656,6278,55590934,0,3,1,6656,41,3354268927
780,55733394,5326,55738720,0,1,1,5632,22,1800588778
781,55789192,4937,55794129,0,8,1,12800,6,10449222268
782,55876809,43904,55920713,0,6,0,512,40,3336638288
783,55876879,1994,55878873,0,5,1,2048,37,3195940673
784,55983462,104780,56088242,0,1,0,44032,22,9794094061
785,56071874,2470,56074344,0,0,1,2560,9,3080139768
786,56261294,47288,56308582,0,8,0,1536,6,8043443216
787,56271078,566,56271644,0,3,1,512,41,7761054305
788,56275569,4162,56279731,0,8,1,11264,6,2120296859
789,56316348,12825,56329173,0,1,1,21504,22,9654449057
790,56437478,64676,56502154,0,9,0,8192,38,6665572784
791,56490934,1994,56492928,0,4,1,2048,37,7917631918
792,56502126,99164,56601290,0,4,0,25600,37,7056856635
793,56547496,47288,56594784,0,5,0,1536,37,575086292
794,56550918,2470,56553388,0,4,1,2560,37,39282632
795,56618859,12825,56631684,0,0,1,21504,9,2289155520
796,56642406,100880,56743286,0,4,0,31232,37,1032486237
797,56644194,14029,56658223,0,0,1,27136,9,8653277959
798,56704315,3904,56708219,0,9,1,10752,38,10144480191
799,56739231,43904,56783135,0,5,0,512,37,10720367127
800,56810368,1518,56811886,0,8,1,1536,6,8075847868
801,56810473,45596,56856069,0,5,0,1024,37,1694579053
802,56816079,98072,56914151,0,1,0,22016,22,3789811670
803,56827069,1994,56829063,0,3,1,2048,41,2123474431
804,56906836,4679,56911515,0,9,1,12288,38,7544593105
805,57098536,4374,57102910,0,1,1,4608,22,7390032505
806,57147912,5326,57153238,0,5,1,5632,37,6104180303
807,57223611,2946,57226557,0,9,1,3072,38,3321411122
808,57251447,43904,57295351,0,5,0,512,37,6479222790
809,57297838,2870,57300708,0,3,1,8704,41,3436597742
810,57357010,52033,57409043,0,0,1,84480,9,2580862455
811,57446978,6754,57453732,0,5,1,7168,37,10557141693
812,57510777,63764,57574541,0,4,0,10240,37,8895803924
813,57551662,7230,57558892,0,0,1,7680,9,3995739505
814,57561350,100100,57661450,0,1,0,28672,22,7990830950
815,57617575,4850,57622425,0,0,1,5120,9,8326438910
816,57679196,84824,57764020,0,2,0,13824,33,6731097339
817,57908422,47288,57955710,0,5,0,1536,37,6642779537
818,57966540,66601,58033141,0,8,0,2048,6,9467397109
819,57980253,4937,57985190,0,8,1,12800,6,9318195504
820,58098843,13858,58112701,0,0,1,23552,9,5268880325
821,58148002,43904,58191906,0,8,0,512,6,9994341597
822,58219537,71912,58291449,0,2,0,11776,33,5147514893
823,58240469,43904,58284373,0,6,0,512,40,6251147811
824,58335448,47288,58382736,0,6,0,1536,40,454994223
825,58366904,2470,58369374,0,9,1,2560,38,5251297218
826,58564847,45596,58610443,0,5,0,1024,37,3427021765
827,58612550,102596,58715146,0,9,0,36864,38,5428621624
828,58665322,7230,58672552,0,3,1,7680,41,8964073617
829,58693352,2946,58696298,0,4,1,3072,37,2751861613
830,58713720,26221,58739941,0,0,1,47616,9,1228359808
831,58787611,1042,58788653,0,8,1,1024,6,1112011061
832,58859378,95936,58955314,0,1,0,25088,22,4864556608
833,58895415,103021,58998436,0,1,0,9216,22,10055533629
834,58905197,1518,58906715,0,5,1,1536,37,7327469552
835,58941238,88854,59030092,0,1,0,12288,22,5699294266
836,58956652,101816,59058468,0,4,0,34304,37,8360111173
837,59029521,102379,59131900,0,1,0,34304,22,9673838326
838,59218787,3904,59222691,0,4,1,10752,37,2379692475
839,59237651,107588,59345239,0,4,0,53248,37,251885422
840,59354719,51140,59405859,0,1,0,4096,22,6294075064
841,59359559,3645,59363204,0,1,1,10240,22,7170647156
842,59362879,112424,59475303,0,9,0,69120,38,2836886819
843,59613083,3128,59616211,0,9,1,9216,38,1385561819
844,59686203,3128,59689331,0,8,1,9216,6,268098926
845,59713687,54056,59767743,0,9,0,3584,38,8857024270
846,59878538,43904,59922442,0,5,0,512,37,2601472294
847,59952305,65300,60017605,0,1,0,10240,22,8287846965
848,60056937,3422,60060359,0,3,1,3584,41,7312374950
849,60097862,5971,60103833,0,3,1,14848,41,223017663
850,60102803,1042,60103845,0,9,1,1024,38,5522151575
851,60283580,101348,60384928,0,2,0,32768,33,1510067944
852,60288033,101972,60390005,0,4,0,34816,37,6157664516
853,60430721,566,60431287,0,1,1,512,22,2112108872
854,60495113,3898,60499011,0,5,1,4096,37,6751735362
855,60648410,7230,60655640,0,9,1,7680,38,6780424512
856,60658256,180339,60838595,0,9,0,22528,38,4422721564
857,60661458,15837,60677295,0,0,1,30720,9,7792896936
858,60662500,2946,60665446,0,4,1,3072,37,213068141
859,60697482,59600,60757082,0,8,0,6656,6,7848583283
860,60713008,4374,60717382,0,5,1,4608,37,5347669081
861,60841130,79436,60920566,0,4,0,11264,37,5710646910
862,60895629,48980,60944609,0,8,0,2048,6,7982564837
863,60902870,43904,60946774,0,6,0,512,40,10262109662
864,60911151,566,60911717,0,8,1,512,6,7847245660
865,61032930,75140,61108070,0,4,0,12288,37,4730157337
866,61037895,566,61038461,0,5,1,512,37,7990634340
867,61303726,48980,61352706,0,6,0,2048,40,3862232377
868,61346303,43370,61389673,0,0,1,74240,9,5522172333
869,61403549,6754,61410303,0,9,1,7168,38,9457681254
870,61436575,21141,61457716,0,0,1,34304,9,4356185326
871,61467402,2946,61470348,0,8,1,3072,6,1086666942
872,61588795,106496,61695291,0,1,0,49664,22,10484014654
873,61618696,4937,61623633,0,1,1,12800,22,1413231809
874,61667065,1994,61669059,0,4,1,2048,37,88695989
875,61793191,55748,61848939,0,8,0,4096,6,7802779141
876,61865710,2946,61868656,0,1,1,3072,22,4260748074
877,61987728,7706,61995434,0,5,1,8192,37,5175447541
878,62133667,113516,62247183,0,4,0,72704,37,8172394881
879,62155652,62516,62218168,0,1,0,6144,22,2138322882
880,62156042,5971,62162013,0,3,1,14848,41,6355944081
881,62216726,115388,62332114,0,9,0,78848,38,5951226580
882,62265311,5971,62271282,0,8,1,14848,6,3636344495
883,62375489,566,62376055,0,5,1,512,37,4098692820
884,62412274,45596,62457870,0,8,0,1024,6,5092916190
885,62419662,7706,62427368,0,9,1,8192,38,9603926082
886,62503275,4850,62508125,0,8,1,5120,6,4495637795
887,62561635,2470,62564105,0,8,1,2560,6,8131548700
888,62607639,1994,62609633,0,8,1,2048,6,2764391937
889,62632408,43904,62676312,0,5,0,512,37,3453990536
890,62695164,85628,62780792,0,1,0,21504,22,2809454285
891,62751654,2470,62754124,0,1,1,2560,22,5379869002
892,62884623,47288,62931911,0,8,0,1536,6,1272845723
893,62983737,59132,63042869,0,9,0,5120,38,9799734961
894,63025056,43904,63068960,0,5,0,512,37,955294111
895,63142308,3898,63146206,0,4,1,4096,37,10089816485
896,63155713,1994,63157707,0,8,1,2048,6,6161614882
897,63189978,82244,63272222,0,2,0,20480,33,1329901006
898,63205357,43904,63249261,0,6,0,512,40,7608263157
899,63281331,112892,63394223,0,4,0,70656,37,7280033065
900,63288738,43904,63332642,0,8,0,512,6,4727359338
901,63360315,67148,63427463,0,9,0,11264,38,1501334898
902,63542553,108836,63651389,0,1,0,57344,22,2570968313
903,63601455,10757,63612212,0,1,1,17408,22,208691495
904,63680467,3128,63683595,0,8,1,9216,6,6935828876
905,63728852,3422,63732274,0,4,1,3584,37,9205753626
906,63737327,3898,63741225,0,9,1,4096,38,9272368702
907,63750505,2946,63753451,0,1,1,3072,22,6842781846
908,63756748,45596,63802344,0,6,0,1024,40,9828929737
909,63802567,4420,63806987,0,4,1,11776,37,3140212869
910,63821878,43904,63865782,0,5,0,512,37,5290910967
911,63916679,55748,63972427,0,1,0,4096,22,5256456350
912,64096881,6754,64103635,0,8,1,7168,6,9104598091
913,64144519,2870,64147389,0,4,1,8704,37,2313228636
914,64287461,5971,64293432,0,9,1,14848,38,2972478742
915,64297623,3898,64301521,0,3,1,4096,41,1831300709
916,64672816,5326,64678142,0,1,1,5632,22,1162817957
917,64677877,181772,64859649,0,1,0,150528,22,3749168886
918,64716175,47288,64763463,0,5,0,1536,37,2716826700
919,64750611,2870,64753481,0,4,1,8704,37,6960757075
920,64858582,43904,64902486,0,5,0,512,37,2572174776
921,64916586,52364,64968950,0,9,0,3072,38,1456839073
922,65088942,102752,65191694,0,4,0,37376,37,7966418945
923,65093997,5712,65099709,0,1,1,14336,22,9626421277
924,65098703,95132,65193835,0,9,0,17408,38,7658417502
925,65126352,3422,65129774,0,5,1,3584,37,1086501484
926,65134125,1042,65135167,0,3,1,1024,41,3920458315
927,65181447,4850,65186297,0,5,1,5120,37,3818539312
928,65203507,566,65204073,0,8,1,512,6,5332999746
929,65238441,43904,65282345,0,6,0,512,40,2229914891
930,65416163,113204,65529367,0,9,0,71680,38,7123733650
931,65426908,72980,65499888,0,4,0,10240,37,5075787180
932,65476616,1042,65477658,0,5,1,1024,37,803168372
933,65565298,99008,65664306,0,2,0,25088,33,8536731543
934,65597899,4937,65602836,0,5,1,12800,37,3707110032
935,65714209,60824,65775033,0,1,0,5632,22,8612685669
936,65818828,4850,65823678,0,4,1,5120,37,10343040683
937,65841575,45752,65887327,0,6,0,1536,40,3814258237
938,65927053,1994,65929047,0,9,1,2048,38,5919028291
939,65957358,45596,66002954,0,5,0,1024,37,9534697024
940,66142882,45596,66188478,0,5,0,1024,37,9389691651
941,66272163,75764,66347927,0,4,0,14336,37,10119710898
942,66353656,134753,66488409,0,0,1,222208,9,2805573015
943,66399117,100256,66499373,0,1,0,29184,22,938617676
944,66400026,89561,66489587,0,0,1,13824,9,8416386442
945,66406197,62228,66468425,0,4,0,10240,37,9525655025
946,66587219,2946,66590165,0,5,1,3072,37,5595277236
947,66691220,176117,66867337,0,0,1,286208,9,2321340601
948,66725300,6229,66731529,0,9,1,15360,38,5498165986
949,66763780,105503,66869283,0,0,1,3072,9,2333847517
950,66778413,110240,66888653,0,9,0,61952,38,3809329351
951,66821805,5326,66827131,0,5,1,5632,37,10205099843
952,66902351,47756,66950107,0,8,0,3072,6,7709821722
953,66981400,43904,67025304,0,6,0,512,40,222930473
954,67006748,47288,67054036,0,9,0,1536,38,5065143830
955,67175295,96248,67271543,0,9,0,26112,38,9554862119
956,67178496,69776,67248272,0,2,0,14848,33,6057340591
957,67270347,43904,67314251,0,6,0,512,40,2657123081
958,67302799,1994,67304793,0,5,1,2048,37,3389626859
959,67332738,74360,67407098,0,1,0,9728,22,2559082122
960,67510048,50984,67561032,0,1,0,3584,22,360372030
961,67517946,11533,67529479,0,0,1,18944,9,7052210592
962,67547479,7706,67555185,0,9,1,8192,38,10064733676
963,67631054,7706,67638760,0,5,1,8192,37,6237840449
964,67710466,1042,67711508,0,3,1,1024,41,4240887879
965,67803194,45596,67848790,0,8,0,1024,6,7232115845
966,67890389,11016,67901405,0,9,1,17920,38,6246561149
967,68023750,6278,68030028,0,3,1,6656,41,5831582067
968,68046696,2946,68049642,0,1,1,3072,22,3989721863
969,68172234,4937,68177171,0,9,1,12800,38,1942168337
970,68263061,78860,68341921,0,1,0,19456,22,3370670955
971,68324590,11274,68335864,0,0,1,18432,9,4168776781
972,68375430,5712,68381142,0,4,1,14336,37,4054952133
973,68549138,1994,68551132,0,0,1,2048,9,1750517915
974,68743400,72668,68816068,0,1,0,9216,22,9038883708
975,68749738,10241,68759979,0,9,1,16384,38,731803614
976,68789295,3645,68792940,0,1,1,10240,22,3605383059
977,69021485,4850,69026335,0,8,1,5120,6,1059756316
978,69144449,4679,69149128,0,9,1,12288,38,9638120709
979,69221564,81128,69302692,0,2,0,11776,33,9395356799
980,69246205,13083,69259288,0,0,1,22016,9,6870853541
981,69372152,5802,69377954,0,5,1,6144,37,9398165794
982,69377746,1042,69378788,0,1,1,1024,22,9041121831
983,69507601,109304,69616905,0,4,0,58880,37,2081040579
984,69565881,1994,69567875,0,3,1,2048,41,5950462942
985,69599281,4374,69603655,0,1,1,4608,22,5635103955
986,69677691,1042,69678733,0,3,1,1024,41,2400860317
987,69733065,1518,69734583,0,5,1,1536,37,2758216737
988,69831570,2870,69834440,0,1,1,8704,22,9398588233
989,69857250,13341,69870591,0,5,1,22528,37,311757184
990,69906274,102596,70008870,0,4,0,36864,37,10592730492
991,70111646,45908,70157554,0,8,0,2048,6,10517277369
992,70132369,43904,70176273,0,8,0,512,6,3645809674
993,70146419,101816,70248235,0,1,0,34304,22,10249501309
994,70164713,7230,70171943,0,8,1,7680,6,2486257098
995,70166535,98852,70265387,0,4,0,24576,37,8881594828
996,70251085,566,70251651,0,9,1,512,38,5238884321
997,70274468,12995,70287463,0,0,1,25088,9,3775222142
998,70287105,43904,70331009,0,8,0,512,6,4714513745
999,70366008,122408,70488416,0,1,0,101888,22,6330309665
1000,70402406,1042,70403448,0,9,1,1024,38,7037984875
1001,70423463,1518,70424981,0,5,1,1536,37,1640897438
1002,70531900,45596,70577496,0,8,0,1024,6,6408070443
1003,70594669,109460,70704129,0,9,0,59392,38,4617092534
1004,70607316,60824,70668140,0,9,0,5632,38,5708485188
1005,70721120,59288,70780408,0,9,0,5632,38,3790030901
1006,70773056,43904,70816960,0,4,0,512,37,9063843277
1007,70866143,566,70866709,0,1,1,512,22,9943462602
1008,70969729,43904,71013633,0,6,0,512,40,4370871036
1009,71300553,4162,71304715,0,1,1,11264,22,2917200272
1010,71353430,3898,71357328,0,1,1,4096,22,1022834730
1011,71400790,3898,71404688,0,8,1,4096,6,6908725815
1012,71669772,24154,71693926,0,0,1,43520,9,9927650262
1013,71927400,7230,71934630,0,8,1,7680,6,4514504216
1014,71951101,1042,71952143,0,5,1,1024,37,7819398991
1015,71966127,11791,71977918,0,0,1,19456,9,1605633707
1016,72028107,43904,72072011,0,2,0,512,33,4192807911
1017,72241956,3904,72245860,0,8,1,10752,6,4063781715
1018,72272500,1042,72273542,0,5,1,1024,37,2550465976
1019,72321901,5802,72327703,0,4,1,6144,37,3017171204
1020,72393061,62516,72455577,0,2,0,6144,33,1764889234
1021,72446487,566,72447053,0,9,1,512,38,8031880958
1022,72560366,43904,72604270,0,6,0,512,40,6799692618
1023,72573963,43904,72617867,0,5,0,512,37,5606034585
1024,72773928,4374,72778302,0,9,1,4608,38,5583849390
1025,72807835,43904,72851739,0,8,0,512,6,948370134
1026,72907176,47288,72954464,0,6,0,1536,40,4139702215
1027,72992506,130988,73123494,0,9,0,130048,38,10630172440
1028,73065460,45596,73111056,0,8,0,1024,6,2434644096
1029,73146775,5454,73152229,0,0,1,13824,9,4757841791
1030,73204568,4374,73208942,0,8,1,4608,6,9791138774
1031,73236587,120536,73357123,0,1,0,95744,22,1302515829
1032,73413764,43904,73457668,0,8,0,512,6,10412918045
1033,73503091,6229,73509320,0,9,1,15360,38,625680660
1034,73528298,3898,73532196,0,1,1,4096,22,60998157
1035,73602851,87164,73690015,0,4,0,21504,37,8051932899
1036,73616494,43904,73660398,0,6,0,512,40,2074686172
1037,73699569,4850,73704419,0,8,1,5120,6,4511473743
1038,73704776,106964,73811740,0,2,0,51200,33,4888378151
1039,73823167,3422,73826589,0,5,1,3584,37,8795842778
1040,73866578,2946,73869524,0,8,1,3072,6,10571979331
1041,73900708,117416,74018124,0,9,0,85504,38,9611760952
1042,73926958,100724,74027682,0,1,0,30720,22,4290511654
1043,73953414,43904,73997318,0,6,0,512,40,377061280
1044,74005357,43904,74049261,0,8,0,512,6,1550970202
1045,74018200,43904,74062104,0,2,0,512,33,10096026989
1046,74052185,3898,74056083,0,1,1,4096,22,8156853088
1047,74101637,108680,74210317,0,1,0,56832,22,10082362931
1048,74130153,1994,74132147,0,8,1,2048,6,8637057643
1049,74145940,43904,74189844,0,5,0,512,37,9693280577
1050,74188493,97448,74285941,0,4,0,19968,37,3258930428
1051,74214568,67592,74282160,0,1,0,7680,22,9262806156
1052,74294237,43904,74338141,0,8,0,512,6,1308848066
1053,74593730,120536,74714266,0,1,0,95744,22,9570323801
1054,74699540,3898,74703438,0,4,1,4096,37,4560994532
1055,74760687,3128,74763815,0,8,1,9216,6,1362665766
1056,74769293,43904,74813197,0,6,0,512,40,2560910598
1057,74854135,98852,74952987,0,1,0,24576,22,1021229528
1058,74860083,1994,74862077,0,1,1,2048,22,2466216237
1059,74930918,2946,74933864,0,4,1,3072,37,7666676433
1060,74935836,100412,75036248,0,9,0,29696,38,7738501840
1061,74986872,4374,74991246,0,8,1,4608,6,6356263972
1062,75040381,45596,75085977,0,6,0,1024,40,5901528614
1063,75105259,1994,75107253,0,1,1,2048,22,9003488705
1064,75150169,43904,75194073,0,8,0,512,6,4880736864
1065,75185093,5326,75190419,0,9,1,5632,38,9568350504
1066,75244079,100568,75344647,0,2,0,30208,33,4762086768
1067,75403078,2946,75406024,0,1,1,3072,22,8580332992
1068,75459284,45596,75504880,0,8,0,1024,6,2011718173
1069,75556865,3387,75560252,0,1,1,9728,22,6931862155
1070,75577778,4420,75582198,0,1,1,11776,22,6695418334
1071,75703842,1042,75704884,0,1,1,1024,22,9532873719
1072,75724927,2946,75727873,0,8,1,3072,6,4124587041
1073,76021972,59912,76081884,0,4,0,7680,37,5231003220
1074,76056698,48980,76105678,0,8,0,2048,6,2866623035
1075,76212496,6278,76218774,0,1,1,6656,22,4704022038
1076,76222553,66836,76289389,0,2,0,10240,33,5246922456
1077,76319647,43904,76363551,0,8,0,512,6,3570830036
1078,76441125,43904,76485029,0,5,0,512,37,8266655343
1079,76454854,86516,76541370,0,1,0,14336,22,4772555332
1080,76479885,119912,76599797,0,1,0,93696,22,124761462
1081,76503215,3898,76507113,0,4,1,4096,37,9089564919
1082,76560683,4374,76565057,0,9,1,4608,38,10630912901
1083,76623182,2946,76626128,0,9,1,3072,38,2972510769
1084,76624971,12049,76637020,0,4,1,19968,37,1198223048
1085,76626938,43904,76670842,0,8,0,512,6,2237532067
1086,76687093,86540,76773633,0,1,0,19456,22,3010684178
1087,76879395,127400,77006795,0,2,0,118272,33,6981971857
1088,76899850,60824,76960674,0,9,0,5632,38,4433952261
1089,77058749,84560,77143309,0,2,0,23040,33,683473481
1090,77061281,106496,77167777,0,2,0,49664,33,5016506268
1091,77070894,101972,77172866,0,4,0,34816,37,3637176822
1092,77266216,43904,77310120,0,6,0,512,40,922558169
1093,77292343,21399,77313742,0,0,1,34816,9,1129226966
1094,77296243,112736,77408979,0,1,0,70144,22,8225369623
1095,77311099,105539,77416638,0,1,0,25088,22,8493685477
1096,77513444,101816,77615260,0,1,0,34304,22,948072863
1097,77537081,43904,77580985,0,6,0,512,40,6564661955
1098,77608472,2870,77611342,0,8,1,8704,6,4290256082
1099,77942582,69464,78012046,0,1,0,13824,22,4205603250
1100,78126098,43904,78170002,0,8,0,512,6,9730060464
1101,78160756,101036,78261792,0,9,0,31744,38,995821288
1102,78362018,45596,78407614,0,5,0,1024,37,2745675217
1103,78399426,6278,78405704,0,4,1,6656,37,519487976
1104,78414883,47288,78462171,0,5,0,1536,37,9443785152
1105,78462861,174318,78637179,0,4,0,78848,37,10052023996
1106,78553872,5196,78559068,0,4,1,13312,37,7103688484
1107,78654695,104156,78758851,0,9,0,41984,38,4566328712
1108,78679476,43904,78723380,0,6,0,512,40,7253084647
1109,78720401,22174,78742575,0,0,1,36352,9,9865279336
1110,78772120,125372,78897492,0,4,0,111616,37,4296650038
1111,78788303,43904,78832207,0,8,0,512,6,8741718976
1112,78844249,4850,78849099,0,4,1,5120,37,3452801019
1113,78872622,45596,78918218,0,5,0,1024,37,2278553333
1114,79069072,1994,79071066,0,8,1,2048,6,2121667579
1115,79565481,109772,79675253,0,4,0,60416,37,7655117916
1116,79746374,47288,79793662,0,4,0,1536,37,291452070
1117,79748305,43904,79792209,0,5,0,512,37,9058719094
1118,79775294,43904,79819198,0,4,0,512,37,2620850129
1119,79791098,1518,79792616,0,8,1,1536,6,9600408860
1120,79794890,2470,79797360,0,1,1,2560,22,8244982856
1121,79797586,2470,79800056,0,4,1,2560,37,3465594009
1122,79875588,1518,79877106,0,8,1,1536,6,900166762
1123,79882408,64988,79947396,0,2,0,9216,33,2396303258
1124,80063931,5326,80069257,0,1,1,5632,22,8119009656
1125,80076721,10499,80087220,0,9,1,16896,38,6109614160
1126,80127656,43904,80171560,0,5,0,512,37,2784547903
1127,80221649,64988,80286637,0,1,0,9216,22,2377059666
1128,80224059,21399,80245458,0,0,1,34816,9,8225937095
1129,80303513,2470,80305983,0,9,1,2560,38,1779746040
1130,80449893,1994,80451887,0,8,1,2048,6,8695627122
1131,80730758,3422,80734180,0,1,1,3584,22,3807553946
1132,80734838,44060,80778898,0,5,0,1024,37,4167967645
1133,80774390,98072,80872462,0,9,0,22016,38,497533151
1134,80784682,566,80785248,0,4,1,512,37,3462844963
1135,80794547,97004,80891551,0,2,0,23552,33,9444800669
1136,80830617,43904,80874521,0,6,0,512,40,4173598984
1137,80938211,103064,81041275,0,2,0,38400,33,8956238146
1138,81088007,3422,81091429,0,4,1,3584,37,2880306086
1139,81121479,47444,81168923,0,5,0,2048,37,7108438780
1140,81173239,50672,81223911,0,2,0,2560,33,7449425252
1141,81187009,43904,81230913,0,4,0,512,37,994424522
1142,81248308,3898,81252206,0,8,1,4096,6,4319728974
1143,81419005,50672,81469677,0,5,0,2560,37,7496844270
1144,81448061,128024,81576085,0,2,0,120320,33,6597193618
1145,81495481,1518,81496999,0,8,1,1536,6,3946773779
1146,81588608,78992,81667600,0,1,0,14848,22,3999777161
1147,81684456,43904,81728360,0,6,0,512,40,6972755986
1148,81939170,141764,82080934,0,1,0,135168,22,5369744476
1149,82018703,47288,82065991,0,6,0,1536,40,4080355025
1150,82029495,6754,82036249,0,1,1,7168,22,1121332684
1151,82201896,87632,82289528,0,1,0,23040,22,2645183238
1152,82213921,101816,82315737,0,1,0,34304,22,2229489731
1153,82255981,5326,82261307,0,9,1,5632,38,10480446096
1154,82261808,6278,82268086,0,9,1,6656,38,7291471543
1155,82352700,6278,82358978,0,0,1,6656,9,5386592652
1156,82404287,5326,82409613,0,8,1,5632,6,6819070862
1157,82442728,202948,82645676,0,8,0,101888,6,4986880501
1158,82459101,47288,82506389,0,6,0,1536,40,1969589341
1159,82481343,43904,82525247,0,5,0,512,37,10185257949
1160,82496177,1994,82498171,0,1,1,2048,22,7843687752
1161,82508045,3645,82511690,0,9,1,10240,38,2320978057
1162,82603187,43904,82647091,0,5,0,512,37,2666902144
1163,82795315,4374,82799689,0,4,1,4608,37,6291246664
1164,82854760,1042,82855802,0,9,1,1024,38,4900257982
1165,82855427,64208,82919635,0,1,0,6656,22,107220613
1166,82919289,3422,82922711,0,8,1,3584,6,632459692
1167,82933622,5196,82938818,0,1,1,13312,22,4285249904
1168,83079289,1518,83080807,0,4,1,1536,37,4686811228
1169,83166377,10757,83177134,0,9,1,17408,38,5068762817
1170,83374281,16354,83390635,0,0,1,31744,9,474319698
1171,83392509,2470,83394979,0,0,1,2560,9,7677207475
1172,83402229,43904,83446133,0,6,0,512,40,3750070163
1173,83472733,43904,83516637,0,5,0,512,37,5204303998
1174,83540996,25704,83566700,0,0,1,46592,9,2784278102
1175,83542374,48980,83591354,0,1,0,2048,22,7018809955
1176,83713909,2470,83716379,0,8,1,2560,6,7224881876
1177,83716219,72668,83788887,0,1,0,9216,22,8389017287
1178,83801873,5971,83807844,0,0,1,14848,9,9150482823
1179,83832653,112424,83945077,0,8,0,69120,6,5764676695
1180,84075944,108680,84184624,0,1,0,56832,22,3144037512
1181,84229605,44404,84274009,0,0,1,76288,9,10544741429
1182,84256117,102908,84359025,0,1,0,37888,22,5417517662
1183,84264501,88544,84353045,0,9,0,20992,38,3282099493
1184,84276499,43904,84320403,0,5,0,512,37,5468099569
1185,84289099,82220,84371319,0,1,0,15360,22,2810945240
1186,84337198,6278,84343476,0,1,1,6656,22,4330677453
1187,84415842,54056,84469898,0,5,0,3584,37,1071846484
1188,84441290,192152,84633442,0,9,0,169472,38,10693397547
1189,84566099,43904,84610003,0,6,0,512,40,1805160283
1190,84588052,82868,84670920,0,2,0,22528,33,7628115367
1191,84724128,43904,84768032,0,6,0,512,40,5186470355
1192,84724646,3422,84728068,0,8,1,3584,6,7396232719
1193,84745979,43904,84789883,0,5,0,512,37,1411366990
1194,84791563,45596,84837159,0,6,0,1024,40,3811625498
1195,84840281,48980,84889261,0,6,0,2048,40,5672918053
1196,84887688,43904,84931592,0,5,0,512,37,5816101382
1197,85003290,3128,85006418,0,4,1,9216,37,9232390760
1198,85015996,3422,85019418,0,4,1,3584,37,8135914036
1199,85118898,64208,85183106,0,9,0,6656,38,1881982475
1200,85141060,72668,85213728,0,8,0,9216,6,1549256386
1201,85148300,48980,85197280,0,6,0,2048,40,676975311
1202,85323521,55748,85379269,0,8,0,4096,6,539157206
1203,85422146,68996,85491142,0,8,0,12288,6,7319745966
1204,85436628,49136,85485764,0,1,0,2560,22,2567367003
1205,85450122,30749,85480871,0,0,1,49664,9,4352544131
1206,85451720,43904,85495624,0,5,0,512,37,8599605472
1207,85469151,3898,85473049,0,8,1,4096,6,8687776545
1208,85569238,101504,85670742,0,9,0,33280,38,9825301285
1209,85668186,3422,85671608,0,8,1,3584,6,2090202662
1210,85740458,91280,85831738,0,2,0,14848,33,5139846687
1211,86035964,124975,86160939,0,0,1,203264,9,4818782065
1212,86039032,2946,86041978,0,9,1,3072,38,7781649052
1213,86046227,1518,86047745,0,1,1,1536,22,3509868558
1214,86082321,47288,86129609,0,6,0,1536,40,800075201
1215,86136803,54056,86190859,0,2,0,3584,33,5374217896
1216,86237290,114608,86351898,0,8,0,76288,6,2066487277
1217,86238539,1994,86240533,0,9,1,2048,38,10638415664
1218,86261491,6754,86268245,0,0,1,7168,9,2292981539
1219,86420897,1994,86422891,0,1,1,2048,22,3910299958
1220,86490781,73833,86564614,0,0,1,120320,9,4672223567
1221,86690382,1518,86691900,0,9,1,1536,38,2966035646
1222,86736804,7230,86744034,0,9,1,7680,38,9485605769
1223,86885902,66212,86952114,0,1,0,8192,22,3061081457
1224,86891990,566,86892556,0,8,1,512,6,4639515026
1225,87020262,60824,87081086,0,8,0,5632,6,7582201803
1226,87116637,6754,87123391,0,8,1,7168,6,1628681682
1227,87146047,43904,87189951,0,4,0,512,37,1703282114
1228,87235564,10499,87246063,0,1,1,16896,22,1564484301
1229,87237414,101972,87339386,0,8,0,34816,6,7630206090
1230,87500849,43904,87544753,0,6,0,512,40,4592626491
1231,87504921,1042,87505963,0,8,1,1024,6,9458726374
1232,87546047,3387,87549434,0,4,1,9728,37,6035103504
1233,87563074,4850,87567924,0,8,1,5120,6,7344551321
1234,87566461,103532,87669993,0,9,0,39936,38,7846095153
1235,87586225,84068,87670293,0,2,0,16384,33,4151803062
1236,87642658,5326,87647984,0,4,1,5632,37,1187441619
1237,87681959,2946,87684905,0,1,1,3072,22,8413668485
1238,87693148,78368,87771516,0,9,0,12800,38,2563639946
1239,87775069,45596,87820665,0,8,0,1024,6,3147491647
1240,87776701,1042,87777743,0,9,1,1024,38,7211377829
1241,88046302,5971,88052273,0,1,1,14848,22,5828688595
1242,88115462,97136,88212598,0,8,0,18944,6,6926957081
1243,88239719,3898,88243617,0,4,1,4096,37,9571435666
1244,88243179,43904,88287083,0,4,0,512,37,9147708682
1245,88320164,78392,88398556,0,2,0,17920,33,4594590287
1246,88340274,5802,88346076,0,9,1,6144,38,3491300376
1247,88356447,6488,88362935,0,1,1,15872,22,10408108930
1248,88515017,6754,88521771,0,8,1,7168,6,5821587669
1249,88734321,109616,88843937,0,1,0,59904,22,4290866380
1250,88806347,6754,88813101,0,9,1,7168,38,3357469197
1251,88913804,80060,88993864,0,1,0,13312,22,1836802908
1252,89162050,52988,89215038,0,1,0,5120,22,8650918328
1253,89423966,43904,89467870,0,4,0,512,37,4656936721
1254,89466731,43904,89510635,0,4,0,512,37,8597133704
1255,89561513,45596,89607109,0,2,0,1024,33,10622661075
1256,89645229,7230,89652459,0,8,1,7680,6,8240463828
1257,89733440,65300,89798740,0,2,0,10240,33,5593970161
1258,89733684,1994,89735678,0,8,1,2048,6,6312794102
1259,89825989,124124,89950113,0,9,0,107520,38,936968428
1260,89891873,43904,89935777,0,6,0,512,40,914084343
1261,90031396,43904,90075300,0,5,0,512,37,6185902594
1262,90173851,1518,90175369,0,4,1,1536,37,2615375334
1263,90306815,14287,90321102,0,4,1,27648,37,5711059167
1264,90356335,43904,90400239,0,2,0,512,33,7687945501
1265,90620483,123968,90744451,0,2,0,107008,33,3009003636
1266,90633646,11533,90645179,0,1,1,18944,22,6527967353
1267,91165629,106340,91271969,0,9,0,49152,38,919983078
1268,91250968,566,91251534,0,9,1,512,38,935076456
1269,91321431,3128,91324559,0,1,1,9216,22,2361600095
1270,91429270,45596,91474866,0,5,0,1024,37,10199626045
1271,91637231,52364,91689595,0,6,0,3072,40,10256938852
1272,91730089,1042,91731131,0,8,1,1024,6,3597547452
1273,91738959,104624,91843583,0,9,0,43520,38,9109562808
1274,91775943,138170,91914113,0,9,0,41984,38,2458522099
1275,91842299,100284,91942583,0,9,0,25088,38,1074720056
1276,91855231,1042,91856273,0,4,1,1024,37,627769839
1277,91860660,45596,91906256,0,2,0,1024,33,4613769524
1278,92012622,45596,92058218,0,6,0,1024,40,1058267545
1279,92015918,3898,92019816,0,1,1,4096,22,3015121487
1280,92101982,129428,92231410,0,8,0,124928,6,8945708909
1281,92290270,138068,92428338,0,9,0,133120,38,7978959790
1282,92481480,4162,92485642,0,9,1,11264,38,9860655761
1283,92626072,566,92626638,0,9,1,512,38,8276269358
1284,92630726,45596,92676322,0,6,0,1024,40,2527196016
1285,92732110,94400,92826510,0,1,0,25088,22,9445976136
1286,92806389,1518,92807907,0,1,1,1536,22,8421228302
1287,92991203,43904,93035107,0,4,0,512,37,9198614594
1288,92991484,45159,93036643,0,4,0,512,37,9631681253
1289,93077447,100412,93177859,0,8,0,29696,6,10550907189
1290,93123561,4850,93128411,0,8,1,5120,6,5301108517
1291,93464523,43904,93508427,0,2,0,512,33,228150307
1292,93504346,96248,93600594,0,1,0,26112,22,8463380094
1293,93513806,566,93514372,0,8,1,512,6,10511216492
1294,93622243,102908,93725151,0,1,0,37888,22,4372404656
1295,93625048,3128,93628176,0,4,1,9216,37,1101244404
1296,93681818,566,93682384,0,8,1,512,6,4706318655
1297,93694806,4679,93699485,0,4,1,12288,37,9539319934
1298,93776407,88100,93864507,0,4,0,24576,37,4395314759
1299,93839378,1518,93840896,0,8,1,1536,6,1116474304
1300,93970679,103844,94074523,0,4,0,40960,37,6629261155
1301,94412424,43904,94456328,0,2,0,512,33,10226268688
1302,94619287,48980,94668267,0,5,0,2048,37,7285122777
1303,94658522,52364,94710886,0,2,0,3072,33,8512797960
1304,94707111,43904,94751015,0,2,0,512,33,1105808485
1305,94708836,92840,94801676,0,8,0,19968,6,7794467443
1306,94837768,10241,94848009,0,4,1,16384,37,9293342070
1307,94924314,101348,95025662,0,1,0,32768,22,6090836730
1308,95038430,80240,95118670,0,9,0,18944,38,4941267401
1309,95135599,48980,95184579,0,8,0,2048,6,7797420641
1310,95138742,43904,95182646,0,2,0,512,33,7011647860
1311,95193934,106340,95300274,0,1,0,49152,22,7355702498
1312,95247969,47288,95295257,0,2,0,1536,33,621626546
1313,95255851,47288,95303139,0,6,0,1536,40,5328182819
1314,95293246,4850,95298096,0,8,1,5120,6,2155655567
1315,95378901,109772,95488673,0,8,0,60416,6,5728923909
1316,95633517,45596,95679113,0,6,0,1024,40,4646974245
1317,95802242,1994,95804236,0,4,1,2048,37,885991149
1318,95842595,43904,95886499,0,2,0,512,33,8882781136
1319,95911943,2470,95914413,0,9,1,2560,38,2859772119
1320,95975721,47288,96023009,0,2,0,1536,33,8618285663
1321,95976259,47288,96023547,0,8,0,1536,6,5616107519
1322,96225931,43904,96269835,0,9,0,512,38,2129342560
1323,96420409,45596,96466005,0,5,0,1024,37,5753892314
1324,96498685,43904,96542589,0,9,0,512,38,9889871751
1325,96505141,3128,96508269,0,1,1,9216,22,5891689783
1326,96548250,3387,96551637,0,1,1,9728,22,5427859413
1327,96627522,43904,96671426,0,9,0,512,38,4036301254
1328,96781080,43904,96824984,0,9,0,512,38,4441553602
1329,96915680,10499,96926179,0,8,1,16896,6,8145284129
1330,96916230,43904,96960134,0,2,0,512,33,4466543465
1331,96986913,1518,96988431,0,4,1,1536,37,9486136893
1332,97062436,119132,97181568,0,1,0,91136,22,5152861762
1333,97227058,43904,97270962,0,6,0,512,40,8844312000
1334,97337150,3427,97340577,0,8,1,3584,6,3171406787
1335,97340546,97292,97437838,0,8,0,19456,6,200737946
1336,97447973,566,97448539,0,8,1,512,6,7578497264
1337,97483743,45596,97529339,0,2,0,1024,33,8467744553
1338,97519985,43904,97563889,0,9,0,512,38,5351867192
1339,97615151,43904,97659055,0,5,0,512,37,8466339013
1340,97626281,105872,97732153,0,1,0,47616,22,9579936296
1341,97710038,6488,97716526,0,4,1,15872,37,5819233048
1342,97799587,109616,97909203,0,8,0,59904,6,7209503054
1343,97814766,80060,97894826,0,4,0,13312,37,2657910697
1344,97874218,6278,97880496,0,9,1,6656,38,10680614011
1345,97903372,99008,98002380,0,4,0,25088,37,1447828956
1346,97931404,1518,97932922,0,8,1,1536,6,5546721666
1347,97973732,43904,98017636,0,2,0,512,33,5381505193
1348,98111315,45596,98156911,0,9,0,1024,38,7915273443
1349,98158785,102128,98260913,0,8,0,35328,6,5195654949
1350,98251327,47288,98298615,0,5,0,1536,37,3181551651
1351,98359839,43904,98403743,0,9,0,512,38,8061625453
1352,98449335,45596,98494931,0,2,0,1024,33,2475019570
1353,98530506,48980,98579486,0,2,0,2048,33,7596001792
1354,98616004,100724,98716728,0,4,0,30720,37,1040624680
1355,98645619,43904,98689523,0,2,0,512,33,1850313289
1356,98666741,92216,98758957,0,8,0,17920,6,2778123298
1357,98850132,3128,98853260,0,1,1,9216,22,6232551568
1358,98896888,43904,98940792,0,2,0,512,33,8431490922
1359,98949305,45596,98994901,0,9,0,1024,38,2137259508
1360,99043305,43904,99087209,0,6,0,512,40,7286533119
1361,99282522,6754,99289276,0,1,1,7168,22,5598136753
1362,99439117,43904,99483021,0,9,0,512,38,9437393383
1363,99511766,98384,99610150,0,1,0,23040,22,2418639028
1364,99516766,107907,99624673,0,1,0,47616,22,2138723071
1365,99550994,43904,99594898,0,5,0,512,37,6540107366
1366,99591631,43904,99635535,0,9,0,512,38,2251156749
1367,99594978,1994,99596972,0,4,1,2048,37,1137154345
1368,99598765,4374,99603139,0,4,1,4608,37,1356122787
1369,99604512,45596,99650108,0,6,0,1024,40,5386135972
1370,99783799,43904,99827703,0,2,0,512,33,9180608039
1371,99886439,103844,99990283,0,8,0,40960,6,3385299303
1372,99914947,3645,99918592,0,4,1,10240,37,346791741
1373,99952825,47288,100000113,0,9,0,1536,38,2447905777
1374,100006704,43904,100050608,0,6,0,512,40,1486585922
1375,100006995,3645,100010640,0,8,1,10240,6,5719959566
1376,100331707,103064,100434771,0,1,0,38400,22,4603009481
1377,100388223,82400,100470623,0,4,0,20992,37,1999730409
1378,100434717,566,100435283,0,9,1,512,38,4460532806
1379,100464776,566,100465342,0,8,1,512,6,244009081
1380,100526304,48980,100575284,0,5,0,2048,37,2640550703
1381,100571504,84980,100656484,0,1,0,14336,22,4266591419
1382,100821134,47288,100868422,0,9,0,1536,38,86325700
1383,101265795,566,101266361,0,9,1,512,38,5934881224
1384,101367005,97160,101464165,0,8,0,24064,6,3618638991
1385,101446106,3898,101450004,0,1,1,4096,22,10229966321
1386,101449004,74609,101523613,0,8,0,10240,6,5295416184
1387,101465777,45596,101511373,0,2,0,1024,33,2051236107
1388,101482585,1042,101483627,0,9,1,1024,38,4802115169
1389,101550303,6278,101556581,0,1,1,6656,22,5578273592
1390,101552208,43904,101596112,0,9,0,512,38,6420522505
1391,101680696,102284,101782980,0,1,0,35840,22,10711110439
1392,101756599,6278,101762877,0,4,1,6656,37,8735742449
1393,101821970,45596,101867566,0,9,0,1024,38,5486714771
1394,101905818,43904,101949722,0,9,0,512,38,1503345798
1395,101936420,6754,101943174,0,9,1,7168,38,500818162
1396,102012989,3904,102016893,0,1,1,10752,22,38901475
1397,102042372,114764,102157136,0,4,0,76800,37,3862806798
1398,102046476,169640,102216116,0,4,0,109056,37,9363780151
1399,102115949,6754,102122703,0,9,1,7168,38,72607270
1400,102180412,566,102180978,0,9,1,512,38,5077910007
1401,102222426,43904,102266330,0,2,0,512,33,5471056922
1402,102245753,5802,102251555,0,1,1,6144,22,4286554148
1403,102476446,5326,102481772,0,4,1,5632,37,10013179577
1404,102528701,7706,102536407,0,8,1,8192,6,2095743296
1405,102780335,4420,102784755,0,8,1,11776,6,10393586197
1406,102817938,80372,102898310,0,4,0,14336,37,8003774246
1407,103086119,4850,103090969,0,8,1,5120,6,7802130622
1408,103444078,14545,103458623,0,8,1,28160,6,3262848250
1409,103832728,101504,103934232,0,1,0,33280,22,3092487525
1410,103878982,64832,103943814,0,8,0,8704,6,5680299226
1411,103972239,3422,103975661,0,1,1,3584,22,6001512225
1412,104058805,4850,104063655,0,9,1,5120,38,714754314
1413,104175555,45596,104221151,0,2,0,1024,33,389229972
1414,104499034,7706,104506740,0,8,1,8192,6,7731027140
1415,104651303,105560,104756863,0,4,0,46592,37,10197433336
1416,104706169,83132,104789301,0,1,0,13312,22,5582455046
1417,104921830,60824,104982654,0,1,0,5632,22,4028906155
1418,104946864,54056,105000920,0,2,0,3584,33,490812593
1419,105017792,4850,105022642,0,1,1,5120,22,3769429963
1420,105161396,1994,105163390,0,8,1,2048,6,7743908811
1421,105186016,43904,105229920,0,6,0,512,40,6190313874
1422,105491579,50672,105542251,0,2,0,2560,33,3388803891
1423,105671696,103844,105775540,0,1,0,40960,22,7529154872
1424,105719481,2470,105721951,0,4,1,2560,37,2968285928
1425,105721524,43904,105765428,0,9,0,512,38,8049809894
1426,105784472,94088,105878560,0,8,0,24064,6,1600113123
1427,105791579,4374,105795953,0,9,1,4608,38,6643213030
1428,106018418,282488,106300906,0,8,0,304640,6,6824815327
1429,106025133,43904,106069037,0,9,0,512,38,8498736343
1430,106121985,97604,106219589,0,4,0,20480,37,8090225016
1431,106159465,4850,106164315,0,1,1,5120,22,1056933651
1432,106342369,89588,106431957,0,2,0,14336,33,7746255902
1433,106509675,1042,106510717,0,9,1,1024,38,1910913232
1434,106778540,43904,106822444,0,5,0,512,37,3191257339
1435,106813003,1994,106814997,0,4,1,2048,37,517536977
1436,107003502,97160,107100662,0,1,0,24064,22,3774223840
1437,107107803,69284,107177087,0,2,0,8192,33,7049883306
1438,107126588,43904,107170492,0,6,0,512,40,682988984
1439,107304483,6754,107311237,0,8,1,7168,6,5474910352
1440,107336508,5802,107342310,0,4,1,6144,37,6860424816
1441,107418668,1994,107420662,0,8,1,2048,6,10629104605
1442,107455259,45596,107500855,0,5,0,1024,37,6662685747
1443,107624108,5802,107629910,0,1,1,6144,22,2783896171
1444,107803339,1994,107805333,0,8,1,2048,6,2021906920
1445,108290758,43904,108334662,0,5,0,512,37,628700221
1446,108376195,4420,108380615,0,4,1,11776,37,9497055945
1447,108575263,47288,108622551,0,9,0,1536,38,2754558058
1448,108836800,6278,108843078,0,8,1,6656,6,3009341183
1449,108928864,5802,108934666,0,1,1,6144,22,704165824
1450,108964298,93800,109058098,0,4,0,28160,37,7028667714
1451,109142706,566,109143272,0,8,1,512,6,6195818267
1452,109183424,69596,109253020,0,8,0,9216,6,7133775245
1453,109522938,2946,109525884,0,1,1,3072,22,9142878193
1454,109576555,43904,109620459,0,9,0,512,38,1341663456
1455,109696844,105872,109802716,0,8,0,47616,6,2469888670
1456,109940559,108368,110048927,0,2,0,55808,33,4288003169
1457,110053895,1042,110054937,0,1,1,1024,22,645064307
1458,110116290,43904,110160194,0,6,0,512,40,9050528708
1459,110124245,1518,110125763,0,8,1,1536,6,8625446633
1460,110148517,1518,110150035,0,8,1,1536,6,2936391605
1461,110261947,59132,110321079,0,1,0,5120,22,1551299342
1462,110349780,1042,110350822,0,4,1,1024,37,4338086801
1463,110367175,45596,110412771,0,6,0,1024,40,9731486445
1464,110559232,48980,110608212,0,6,0,2048,40,6413940759
1465,110684147,566,110684713,0,4,1,512,37,816355953
1466,110833452,1042,110834494,0,8,1,1024,6,8679560755
1467,111049536,69284,111118820,0,1,0,8192,22,8190387335
1468,111088312,43904,111132216,0,5,0,512,37,3669738860
1469,111157734,3422,111161156,0,8,1,3584,6,4249505636
1470,111308385,43904,111352289,0,9,0,512,38,6628661561
1471,111386863,7706,111394569,0,4,1,8192,37,1422039952
1472,111416324,1518,111417842,0,4,1,1536,37,8348269235
1473,111546010,7706,111553716,0,4,1,8192,37,9140625380
1474,111697118,22174,111719292,0,4,1,36352,37,8411888407
1475,111731325,6754,111738079,0,4,1,7168,37,3946261494
1476,111831395,4420,111835815,0,8,1,11776,6,2683882101
1477,111894520,110240,112004760,0,4,0,61952,37,1444924315
1478,111905739,43904,111949643,0,9,0,512,38,8274740143
1479,112054537,101036,112155573,0,4,0,31744,37,3435787433
1480,112062404,109772,112172176,0,2,0,60416,33,9609691460
1481,112133207,6278,112139485,0,1,1,6656,22,9083425675
1482,112241641,65900,112307541,0,8,0,7168,6,10566724190
1483,112444464,3422,112447886,0,8,1,3584,6,5988331162
1484,112624215,100100,112724315,0,2,0,28672,33,1663827441
1485,112653387,99944,112753331,0,1,0,28160,22,6331856496
1486,112847653,101036,112948689,0,8,0,31744,6,10635997630
1487,112883079,43904,112926983,0,6,0,512,40,193931265
1488,112953899,193244,113147143,0,9,0,173056,38,3693528388
1489,113348095,76676,113424771,0,1,0,12288,22,1522091628
1490,113406386,1518,113407904,0,4,1,1536,37,7585244469
1491,113432326,50672,113482998,0,6,0,2560,40,8153967595
1492,113533108,2946,113536054,0,8,1,3072,6,3295906656
1493,113555862,43904,113599766,0,6,0,512,40,10039946478
1494,113596569,1042,113597611,0,4,1,1024,37,5249958322
1495,113655116,108212,113763328,0,8,0,55296,6,8726291642
1496,113749643,45596,113795239,0,5,0,1024,37,10674554421
1497,113869679,3422,113873101,0,4,1,3584,37,7048132682
1498,113920657,2946,113923603,0,8,1,3072,6,9920068001
1499,114069685,62516,114132201,0,4,0,6144,37,5328935208
1500,114085175,2470,114087645,0,4,1,2560,37,9864397511
1501,114167865,1042,114168907,0,4,1,1024,37,4498068557
1502,114333622,1518,114335140,0,1,1,1536,22,22094074
1503,114857106,102440,114959546,0,9,0,36352,38,9146088858
1504,114974901,48980,115023881,0,6,0,2048,40,3547143968
1505,115001551,130208,115131759,0,4,0,127488,37,2393497467
1506,115041930,12995,115054925,0,4,1,25088,37,9019325976
1507,115328982,115076,115444058,0,1,0,77824,22,3498381697
1508,115467216,100412,115567628,0,1,0,29696,22,8599267510
1509,115472514,65900,115538414,0,8,0,7168,6,10399080421
1510,115491689,45596,115537285,0,5,0,1024,37,2384577549
1511,115515436,77744,115593180,0,2,0,10752,33,3405609698
1512,115884315,43904,115928219,0,5,0,512,37,7846111676
1513,116110680,119288,116229968,0,8,0,91648,6,2631930475
1514,116165165,45596,116210761,0,2,0,1024,33,8477028559
1515,116385067,98696,116483763,0,9,0,24064,38,3324698261
1516,116458467,1042,116459509,0,4,1,1024,37,3151064068
1517,116643502,2470,116645972,0,1,1,2560,22,6723299283
1518,116730967,102908,116833875,0,1,0,37888,22,1763103254
1519,116813073,69308,116882381,0,8,0,13312,6,5445496019
1520,116847233,93284,116940517,0,4,0,16384,37,3143821281
1521,117002286,123500,117125786,0,2,0,105472,33,7565924764
1522,117032838,45596,117078434,0,6,0,1024,40,8996857884
1523,117042423,105248,117147671,0,1,0,45568,22,6819882775
1524,117183878,101036,117284914,0,8,0,31744,6,2536560481
1525,117229170,55748,117284918,0,4,0,4096,37,865705767
1526,117298019,101972,117399991,0,8,0,34816,6,7110452080
1527,117342229,47288,117389517,0,1,0,1536,22,10285896728
1528,117397412,3898,117401310,0,4,1,4096,37,7828671537
1529,117481237,110084,117591321,0,9,0,61440,38,2200859906
1530,117510421,47288,117557709,0,6,0,1536,40,7013607982
1531,117583447,45596,117629043,0,5,0,1024,37,8307436680
1532,117616416,75920,117692336,0,1,0,14848,22,8525409929
1533,117689243,97292,117786535,0,9,0,19456,38,9752230550
1534,117853134,130832,117983966,0,8,0,129536,6,6315073813
1535,117964841,119529,118084370,0,8,0,29696,6,515062956
1536,117992013,48980,118040993,0,6,0,2048,40,3857749989
1537,117997827,45596,118043423,0,5,0,1024,37,998782032
1538,118086333,47288,118133621,0,6,0,1536,40,8802312739
1539,118117207,45596,118162803,0,6,0,1024,40,829340544
1540,118285105,3422,118288527,0,8,1,3584,6,4548009526
1541,118385980,44060,118430040,0,6,0,1024,40,390930079
1542,118521411,99788,118621199,0,4,0,27648,37,6172129677
1543,118719138,95132,118814270,0,8,0,17408,6,4000332639
1544,118743947,5802,118749749,0,1,1,6144,22,299968915
1545,118826746,68684,118895430,0,1,0,11264,22,5720526895
1546,118864751,98852,118963603,0,2,0,24576,33,5782673496
1547,118906235,3422,118909657,0,8,1,3584,6,8981445664
1548,118975859,6278,118982137,0,1,1,6656,22,6860369152
1549,119133757,47288,119181045,0,9,0,1536,38,2367646498
1550,119194996,105248,119300244,0,2,0,45568,33,7333054450
1551,119234684,1994,119236678,0,1,1,2048,22,4812353203
1552,119238437,126464,119364901,0,4,0,115200,37,9295743112
1553,119260586,11791,119272377,0,1,1,19456,22,4507638037
1554,119400921,43904,119444825,0,6,0,512,40,4385284069
1555,119418394,6278,119424672,0,1,1,6656,22,7218768765
1556,119479607,87008,119566615,0,8,0,20992,6,433597287
1557,119633388,3645,119637033,0,8,1,10240,6,311155439
1558,119660737,47288,119708025,0,6,0,1536,40,335198190
1559,119689926,43904,119733830,0,1,0,512,22,6900186716
1560,119717211,164160,119881371,0,8,0,87552,6,465091657
1561,120056033,5971,120062004,0,4,1,14848,37,9891245817
1562,120094614,78212,120172826,0,4,0,12288,37,8323871783
1563,120137789,62516,120200305,0,1,0,6144,22,9273417259
1564,120139583,43904,120183487,0,5,0,512,37,6846123249
1565,120159243,64208,120223451,0,8,0,6656,6,10356405633
1566,120416329,78212,120494541,0,4,0,12288,37,3145455466
1567,120542527,84980,120627507,0,8,0,14336,6,6141491108
1568,120565827,48980,120614807,0,9,0,2048,38,8743750963
1569,120593115,112614,120705729,0,8,0,48128,6,9335712669
1570,120679817,90966,120770783,0,8,0,13824,6,9406792288
1571,120707867,43904,120751771,0,9,0,512,38,1428592046
1572,120965705,48980,121014685,0,5,0,2048,37,5050971981
1573,121041120,88700,121129820,0,1,0,21504,22,3358584367
1574,121041861,45596,121087457,0,9,0,1024,38,1094505512
1575,121140509,1518,121142027,0,4,1,1536,37,8230647346
1576,121156133,74360,121230493,0,8,0,9728,6,10593167136
1577,121359379,94400,121453779,0,2,0,25088,33,7004021161
1578,121724098,1994,121726092,0,4,1,2048,37,6598972501
1579,121743221,186380,121929601,0,8,0,150528,6,4695545403
1580,122009277,45596,122054873,0,6,0,1024,40,6824543847
1581,122012547,108056,122120603,0,1,0,54784,22,5052187449
1582,122058296,45596,122103892,0,9,0,1024,38,7052289481
1583,122122654,55748,122178402,0,2,0,4096,33,6606457695
1584,122203580,98228,122301808,0,1,0,22528,22,8902409754
1585,122287063,98852,122385915,0,4,0,24576,37,9996972784
1586,122313989,92216,122406205,0,1,0,17920,22,4329502305
1587,122346630,52364,122398994,0,4,0,3072,37,3017053160
1588,122376942,43904,122420846,0,5,0,512,37,6931717427
1589,122489001,43904,122532905,0,9,0,512,38,4929024855
1590,122564502,43904,122608406,0,9,0,512,38,7975135544
1591,122671397,88388,122759785,0,2,0,20480,33,3177341733
1592,122736523,104106,122840629,0,2,0,16384,33,6427759319
1593,122737783,1042,122738825,0,4,1,1024,37,9366333336
1594,122830094,102752,122932846,0,8,0,37376,6,5125232494
1595,122841914,47288,122889202,0,5,0,1536,37,9835817596
1596,122858043,45596,122903639,0,9,0,1024,38,8964014088
1597,122898487,566,122899053,0,1,1,512,22,3810908362
1598,123016667,2470,123019137,0,4,1,2560,37,10046545262
1599,123063610,109616,123173226,0,1,0,59904,22,6953310701
1600,123155529,1042,123156571,0,8,1,1024,6,8269412838
1601,123211618,123188,123334806,0,1,0,104448,22,10270149580
1602,123264743,4162,123268905,0,1,1,11264,22,3812140260
1603,123541098,45596,123586694,0,8,0,1024,6,6886977209
1604,123554207,65900,123620107,0,1,0,7168,22,7670937153
1605,123638336,5802,123644138,0,1,1,6144,22,748761212
1606,123696954,45596,123742550,0,5,0,1024,37,3677523897
1607,123743215,4937,123748152,0,4,1,12800,37,880635276
1608,123748162,43904,123792066,0,6,0,512,40,809325769
1609,123791229,45596,123836825,0,9,0,1024,38,7870483485
1610,123873283,103376,123976659,0,1,0,39424,22,6292312357
1611,123881780,76856,123958636,0,8,0,17920,6,7337797677
1612,124277259,566,124277825,0,8,1,512,6,7018967833
1613,124402282,106808,124509090,0,2,0,50688,33,7386975415
1614,124460058,74360,124534418,0,1,0,9728,22,9495953801
1615,124525287,43904,124569191,0,6,0,512,40,8528619911
1616,124594493,7706,124602199,0,8,1,8192,6,6961415311
1617,124762879,100256,124863135,0,1,0,29184,22,3689609392
1618,125265141,120692,125385833,0,4,0,96256,37,7545896227
1619,125393686,109460,125503146,0,2,0,59392,33,6339386089
1620,125457970,5196,125463166,0,1,1,13312,22,9595447939
1621,125670973,3387,125674360,0,4,1,9728,37,10229062968
1622,125965356,82064,126047420,0,8,0,14848,6,682678458
1623,126251233,111956,126363189,0,2,0,67584,33,4616640266
1624,126284408,2470,126286878,0,8,1,2560,6,7749887322
1625,126298818,5326,126304144,0,4,1,5632,37,3197407119
1626,126303196,45596,126348792,0,6,0,1024,40,209299308
1627,126332570,43904,126376474,0,9,0,512,38,7429190244
1628,126337797,13858,126351655,0,4,1,23552,37,1222470440
1629,126600460,102128,126702588,0,4,0,35328,37,8927856276
1630,126680687,91304,126771991,0,2,0,19968,33,2578973972
1631,126713607,47288,126760895,0,9,0,1536,38,3635474728
1632,126769945,62516,126832461,0,1,0,6144,22,9456524415
1633,126779053,48980,126828033,0,9,0,2048,38,10475583360
1634,126790302,45596,126835898,0,6,0,1024,40,7479883465
1635,126807921,43904,126851825,0,6,0,512,40,4187282829
1636,126858976,101504,126960480,0,8,0,33280,6,2114523798
1637,126915471,50672,126966143,0,5,0,2560,37,5333520705
1638,127102765,3128,127105893,0,8,1,9216,6,4088518813
1639,127117377,43904,127161281,0,9,0,512,38,6462976967
1640,127152283,47288,127199571,0,6,0,1536,40,8365986012
1641,127168998,2470,127171468,0,8,1,2560,6,4628720985
1642,127185965,68528,127254493,0,1,0,10752,22,4780460687
1643,127332247,43904,127376151,0,1,0,512,22,3523205851
1644,127599136,12308,127611444,0,4,1,20480,37,8600096417
1645,127680069,106028,127786097,0,4,0,48128,37,8513417653
1646,127904198,108212,128012410,0,1,0,55296,22,8326754418
1647,127975759,13770,127989529,0,4,1,26624,37,4849500315
1648,128286248,105412,128391660,0,4,1,175104,37,7130429563
1649,128308470,60824,128369294,0,2,0,5632,33,10096021727
1650,128322019,80060,128402079,0,8,0,13312,6,6962616039
1651,128337471,65940,128403411,0,4,1,39936,37,5228099975
1652,128468891,43904,128512795,0,5,0,512,37,10648758937
1653,128538104,116948,128655052,0,2,0,83968,33,4594167578
1654,128553914,45596,128599510,0,5,0,1024,37,9576636343
1655,128567841,15579,128583420,0,4,1,30208,37,6569336980
1656,128615613,101036,128716649,0,1,0,31744,22,3340466113
1657,128620979,43904,128664883,0,5,0,512,37,8107419844
1658,128625058,103774,128728832,0,1,0,39936,22,5871549233
1659,128772675,51516,128824191,0,4,1,83456,37,7031822930
1660,128987825,566,128988391,0,8,1,512,6,1754972499
1661,129053720,69284,129123004,0,1,0,8192,22,6950517033
1662,129074412,47288,129121700,0,5,0,1536,37,3206682791
1663,129117427,13770,129131197,0,4,1,26624,37,6466207193
1664,129294227,43904,129338131,0,9,0,512,38,2219429017
1665,129404681,73693,129478374,0,4,0,4608,37,3578197856
1666,129415399,14545,129429944,0,4,1,28160,37,9915809137
1667,129616011,45596,129661607,0,9,0,1024,38,7878173493
1668,129940788,45596,129986384,0,9,0,1024,38,9050667982
1669,129989413,43904,130033317,0,6,0,512,40,7104715169
1670,130120069,1042,130121111,0,8,1,1024,6,7088677731
1671,130143267,114764,130258031,0,4,0,76800,37,3009404398
1672,130254849,107954,130362803,0,4,0,44032,37,5098802159
1673,130278954,101972,130380926,0,8,0,34816,6,9286075609
1674,130345427,43904,130389331,0,6,0,512,40,8751180809
1675,130404098,74867,130478965,0,4,1,122368,37,7723882256
1676,130470383,22174,130492557,0,4,1,36352,37,53834943
1677,130678647,4850,130683497,0,4,1,5120,37,3627426001
1678,130871786,3128,130874914,0,1,1,9216,22,3885751483
1679,130914992,48980,130963972,0,5,0,2048,37,1975431523
1680,131113333,102128,131215461,0,8,0,35328,6,4160352452
1681,131268592,47288,131315880,0,5,0,1536,37,9289548833
1682,131380546,45596,131426142,0,9,0,1024,38,6031636463
1683,131434892,4374,131439266,0,8,1,4608,6,5520368653
1684,131627491,47288,131674779,0,5,0,1536,37,8993936546
1685,131785514,97916,131883430,0,8,0,21504,6,3407201691
1686,131803552,88208,131891760,0,8,0,14848,6,10035705689
1687,131931643,65900,131997543,0,1,0,7168,22,2855435076
1688,131952186,57440,132009626,0,8,0,4608,6,9136572580
1689,131984589,43904,132028493,0,9,0,512,38,4087918300
1690,132005354,44060,132049414,0,5,0,1024,37,4566205917
1691,132371462,63764,132435226,0,8,0,10240,6,57098136
1692,132388034,54056,132442090,0,5,0,3584,37,9618844340
1693,132413729,566,132414295,0,8,1,512,6,237934488
1694,132494726,2946,132497672,0,8,1,3072,6,2101902582
1695,132514811,22950,132537761,0,4,1,37888,37,8596816866
1696,132606568,43904,132650472,0,5,0,512,37,3776628007
1697,132630320,93332,132723652,0,2,0,26624,33,688429960
1698,132650544,50672,132701216,0,5,0,2560,37,2999574600
1699,132725311,116480,132841791,0,1,0,82432,22,6531597094
1700,132965067,114850,133079917,0,4,1,186880,37,2875735691
1701,132976118,2870,132978988,0,8,1,8704,6,6958853252
1702,133045754,47288,133093042,0,9,0,1536,38,637225541
1703,133135905,1994,133137899,0,8,1,2048,6,5989050982
1704,133244950,114608,133359558,0,8,0,76288,6,9303477536
1705,133249740,2870,133252610,0,1,1,8704,22,7092132594
1706,133297032,2470,133299502,0,4,1,2560,37,6038764281
1707,133396143,178856,133574999,0,8,0,151040,6,8708232528
1708,133648138,44060,133692198,0,6,0,1024,40,9407106683
1709,133693208,1994,133695202,0,8,1,2048,6,961878868
1710,133727651,45752,133773403,0,6,0,1536,40,1719995615
1711,133789510,43904,133833414,0,9,0,512,38,4385703702
1712,133917207,16096,133933303,0,4,1,31232,37,974068368
1713,134034942,120224,134155166,0,2,0,94720,33,6641375184
1714,134083271,48980,134132251,0,6,0,2048,40,4981876535
1715,134213679,566,134214245,0,1,1,512,22,4566865650
1716,134225685,65900,134291585,0,8,0,7168,6,8897877404
1717,134281038,98072,134379110,0,2,0,22016,33,8751604919
1718,134645429,50672,134696101,0,1,0,2560,22,4817054782
1719,134755469,566,134756035,0,8,1,512,6,348968318
1720,135175752,47288,135223040,0,5,0,1536,37,1826403611
1721,135204749,1042,135205791,0,4,1,1024,37,7460740453
1722,135209695,43904,135253599,0,6,0,512,40,6471025900
1723,135255749,2470,135258219,0,4,1,2560,37,4217265114
1724,135474027,82820,135556847,0,1,0,12288,22,10115802851
1725,135684927,43904,135728831,0,5,0,512,37,7223196192
1726,135772371,43904,135816275,0,5,0,512,37,5735774540
1727,135984200,43904,136028104,0,5,0,512,37,6155537984
1728,136114735,1994,136116729,0,1,1,2048,22,3209358193
1729,136234514,48980,136283494,0,5,0,2048,37,8527090647
1730,136373808,94376,136468184,0,8,0,19968,6,7655290964
1731,136435760,1518,136437278,0,1,1,1536,22,9150492104
1732,136482883,1042,136483925,0,8,1,1024,6,5341878782
1733,137240731,116168,137356899,0,8,0,81408,6,1994418578
1734,137449963,4374,137454337,0,8,1,4608,6,6425722842
1735,137517970,43904,137561874,0,5,0,512,37,4735367176
1736,137612610,43904,137656514,0,6,0,512,40,6577697495
1737,137701647,1518,137703165,0,1,1,1536,22,8626924226
1738,137738940,45752,137784692,0,6,0,1536,40,2102847965
1739,137778557,115856,137894413,0,8,0,80384,6,2323366888
1740,137903507,116480,138019987,0,8,0,82432,6,8531598101
1741,137916211,105195,138021406,0,8,0,4608,6,10365439251
1742,138174552,4162,138178714,0,1,1,11264,22,4353356632
1743,138219379,45908,138265287,0,5,0,2048,37,6140990523
1744,138221443,4850,138226293,0,1,1,5120,22,9321758071
1745,138289498,4937,138294435,0,8,1,12800,6,2905815967
1746,138544259,1518,138545777,0,1,1,1536,22,6362141722
1747,138564513,6754,138571267,0,8,1,7168,6,9861716502
1748,138618390,1994,138620384,0,8,1,2048,6,3592693220
1749,138922670,43904,138966574,0,6,0,512,40,6501055736
1750,138944932,1042,138945974,0,1,1,1024,22,937121460
1751,139097932,43904,139141836,0,9,0,512,38,1572495422
1752,139173491,34279,139207770,0,4,1,59904,37,2664653009
1753,139583545,102908,139686453,0,8,0,37888,6,8964160384
1754,139587931,107741,139695672,0,8,0,30208,6,6385539272
1755,139617487,47288,139664775,0,5,0,1536,37,8130630766
1756,139647404,2946,139650350,0,8,1,3072,6,5988609063
1757,139669559,115126,139784685,0,8,0,40448,6,447624502
1758,139859328,45596,139904924,0,6,0,1024,40,1258573331
1759,140055484,67460,140122944,0,2,0,12288,33,2830066161
1760,140193629,98852,140292481,0,8,0,24576,6,2060188400
1761,140219887,5454,140225341,0,4,1,13824,37,9949483824
1762,140387605,127868,140515473,0,2,0,119808,33,3227184195
1763,140580772,101036,140681808,0,1,0,31744,22,7734776705
1764,140907603,4162,140911765,0,8,1,11264,6,9899295791
1765,140963039,80708,141043747,0,1,0,20480,22,4895908971
1766,141049848,48980,141098828,0,5,0,2048,37,10469908937
1767,141123380,43904,141167284,0,6,0,512,40,27368537
1768,141517758,1042,141518800,0,1,1,1024,22,79847431
1769,141528998,43904,141572902,0,9,0,512,38,3207335960
1770,141585616,43904,141629520,0,6,0,512,40,7191976566
1771,141723650,43904,141767554,0,5,0,512,37,7574857005
1772,141782741,118040,141900781,0,8,0,87552,6,10008837600
1773,141855290,103064,141958354,0,1,0,38400,22,4777554076
1774,141907414,5712,141913126,0,1,1,14336,22,5398038599
1775,142103519,115388,142218907,0,8,0,78848,6,8901711256
1776,142181246,50672,142231918,0,9,0,2560,38,2409754127
1777,142183509,91870,142275379,0,8,0,19968,6,1453750731
1778,142186458,1042,142187500,0,8,1,1024,6,2779513014
1779,142343734,43904,142387638,0,6,0,512,40,10635702349
1780,142385115,107588,142492703,0,2,0,53248,33,9051775874
1781,142453221,45596,142498817,0,6,0,1024,40,1038651966
1782,142966358,78212,143044570,0,8,0,12288,6,1734692477
1783,143097973,98072,143196045,0,1,0,22016,22,676780757
1784,143580493,43904,143624397,0,6,0,512,40,2219516074
1785,143625981,118664,143744645,0,8,0,89600,6,6544839318
1786,143761274,31007,143792281,0,4,1,50176,37,9569396003
1787,143770636,43904,143814540,0,6,0,512,40,6097527691
1788,143836694,5802,143842496,0,8,1,6144,6,10428054137
1789,144261520,45596,144307116,0,5,0,1024,37,6581095387
1790,144346990,43904,144390894,0,5,0,512,37,3277417140
1791,144454748,2946,144457694,0,1,1,3072,22,7960071077
1792,144522981,1994,144524975,0,1,1,2048,22,7990085680
1793,144547464,1518,144548982,0,1,1,1536,22,6445928324
1794,144563950,127112,144691062,0,1,0,31232,22,5844234808
1795,144634736,103064,144737800,0,8,0,38400,6,685686546
1796,144796011,45596,144841607,0,6,0,1024,40,8848726836
1797,145069030,47288,145116318,0,9,0,1536,38,9523492470
1798,145094043,3422,145097465,0,1,1,3584,22,2261110591
1799,145338600,43904,145382504,0,9,0,512,38,5155212810
1800,145344455,50672,145395127,0,9,0,2560,38,1763610515
1801,145390029,2470,145392499,0,8,1,2560,6,6687810810
1802,145506824,72068,145578892,0,1,0,12288,22,5377995501
1803,145627265,4420,145631685,0,8,1,11776,6,9256988456
1804,145746711,100568,145847279,0,8,0,30208,6,10539575988
1805,145897875,63452,145961327,0,8,0,9216,6,9377158608
1806,146063505,3898,146067403,0,8,1,4096,6,6710218274
1807,146132890,47288,146180178,0,9,0,1536,38,3207523248
1808,146209563,44492,146254055,0,4,1,73216,37,4531188651
1809,146270901,13083,146283984,0,4,1,22016,37,729252180
1810,146271160,3645,146274805,0,8,1,10240,6,3525604061
1811,146281877,4374,146286251,0,1,1,4608,22,6867901635
1812,146369985,163930,146533915,0,8,0,60416,6,8889332781
1813,146430671,1042,146431713,0,1,1,1024,22,1662801098
1814,146508195,74384,146582579,0,8,0,14848,6,7250134898
1815,146569423,43904,146613327,0,9,0,512,38,8588062095
1816,146580182,43904,146624086,0,5,0,512,37,6224956087
1817,146582130,43904,146626034,0,6,0,512,40,3045639543
1818,146689118,2946,146692064,0,4,1,3072,37,6000030992
1819,146723880,43904,146767784,0,6,0,512,40,8858982117
1820,146920082,47288,146967370,0,6,0,1536,40,3962022101
1821,146957338,48980,147006318,0,9,0,2048,38,5717048930
1822,147249605,43904,147293509,0,5,0,512,37,5299113599
1823,147746305,43904,147790209,0,6,0,512,40,7629436055
1824,147816508,72668,147889176,0,8,0,9216,6,338860684
1825,148339868,130520,148470388,0,2,0,128512,33,5184321999
1826,148425940,94976,148520916,0,1,0,16896,22,7088276158
1827,148477047,75920,148552967,0,2,0,14848,33,10579222289
1828,148806372,48980,148855352,0,1,0,2048,22,9200124558
1829,148949594,95936,149045530,0,2,0,25088,33,1727633485
1830,148963445,45596,149009041,0,1,0,1024,22,8457606346
1831,149281316,113828,149395144,0,2,0,73728,33,1732033283
1832,149345641,50828,149396469,0,2,0,3072,33,6777316536
1833,149931195,5196,149936391,0,4,1,13312,37,3775379694
1834,149960833,54056,150014889,0,6,0,3584,40,1383552840
1835,150070013,2946,150072959,0,8,1,3072,6,5405971926
1836,150082599,129428,150212027,0,1,0,124928,22,9821458031
1837,150231468,566,150232034,0,8,1,512,6,4669961241
1838,150335585,69284,150404869,0,2,0,8192,33,2527965198
1839,150560211,1518,150561729,0,1,1,1536,22,10385488705
1840,150659488,68996,150728484,0,8,0,12288,6,5160572757
1841,150855955,54368,150910323,0,2,0,4608,33,5721971964
1842,150908716,43904,150952620,0,5,0,512,37,5655136312
1843,151030676,1042,151031718,0,1,1,1024,22,3707074164
1844,151360893,102284,151463177,0,1,0,35840,22,202161672
1845,151657598,60980,151718578,0,1,0,6144,22,7925775484
1846,151838752,43904,151882656,0,5,0,512,37,9849505546
1847,151859798,11274,151871072,0,4,1,18432,37,10440957594
1848,151865154,47288,151912442,0,5,0,1536,37,6545318241
1849,151935307,66212,152001519,0,1,0,8192,22,7658918683
1850,151944182,1042,151945224,0,1,1,1024,22,2751179937
1851,152298858,45596,152344454,0,6,0,1024,40,4052636276
1852,152330717,45596,152376313,0,6,0,1024,40,9883845587
1853,152377814,16613,152394427,0,4,1,32256,37,1569976473
1854,152406096,101504,152507600,0,8,0,33280,6,8015837717
1855,152663493,43904,152707397,0,6,0,512,40,2421330409
1856,152757055,63966,152821021,0,4,1,104448,37,9345504694
1857,152906020,67748,152973768,0,1,0,8192,22,6357414606
1858,152918705,1518,152920223,0,1,1,1536,22,6886028214
1859,152951350,43904,152995254,0,5,0,512,37,10659971650
1860,153051981,84824,153136805,0,1,0,13824,22,10704977858
1861,153106176,65612,153171788,0,1,0,11264,22,2817613334
1862,153109930,98852,153208782,0,2,0,24576,33,10467400076
1863,153121731,3645,153125376,0,8,1,10240,6,2774587430
1864,153136134,133944,153270078,0,2,0,11776,33,6736326062
1865,153286242,61292,153347534,0,1,0,7168,22,677893213
1866,153321465,45596,153367061,0,9,0,1024,38,7734854463
1867,153443330,45596,153488926,0,6,0,1024,40,10456462276
1868,153518648,97604,153616252,0,2,0,20480,33,3317932477
1869,153629694,99788,153729482,0,5,0,27648,37,10252087883
1870,153802351,45596,153847947,0,9,0,1024,38,703603706
1871,153884007,47288,153931295,0,9,0,1536,38,5887508411
1872,153993203,2946,153996149,0,1,1,3072,22,2238321511
1873,154133280,109616,154242896,0,5,0,59904,37,5952014839
1874,154241010,114920,154355930,0,8,0,77312,6,10290417411
1875,154544506,103532,154648038,0,1,0,39936,22,5190301682
1876,154580136,23208,154603344,0,4,1,38400,37,4354495804
1877,154768341,123656,154891997,0,1,0,105984,22,8911782247
1878,154783662,43904,154827566,0,2,0,512,33,289453343
1879,154981585,110552,155092137,0,5,0,62976,37,10115960267
1880,155002980,50672,155053652,0,9,0,2560,38,4405610438
1881,155273900,84668,155358568,0,5,0,13312,37,5279354173
1882,155455519,108992,155564511,0,2,0,57856,33,7276795318
1883,155484105,5326,155489431,0,8,1,5632,6,10553851574
1884,155496182,132331,155628513,0,2,0,39936,33,9328860383
1885,155533474,2470,155535944,0,1,1,2560,22,699740631
1886,155544253,59912,155604165,0,8,0,7680,6,4629581977
1887,155757365,1042,155758407,0,8,1,1024,6,725895355
1888,155940739,68528,156009267,0,5,0,10752,37,10498474773
1889,155959768,45596,156005364,0,6,0,1024,40,3790101979
1890,155980997,102440,156083437,0,5,0,36352,37,3639558129
1891,155984965,131456,156116421,0,5,0,23552,37,792727587
1892,156344061,47288,156391349,0,6,0,1536,40,506619939
1893,156484863,101504,156586367,0,8,0,33280,6,8102241447
1894,156593931,43904,156637835,0,6,0,512,40,458951878
1895,156634312,45596,156679908,0,6,0,1024,40,2521650257
1896,156847915,54056,156901971,0,2,0,3584,33,5510297545
1897,156875351,125840,157001191,0,8,0,113152,6,5376137446
1898,156900028,1042,156901070,0,8,1,1024,6,4645004381
1899,156910415,7230,156917645,0,8,1,7680,6,4146728889
1900,156987359,182143,157169502,0,8,0,52736,6,2060490424
1901,157025142,43904,157069046,0,9,0,512,38,3866032472
1902,157359440,3128,157362568,0,8,1,9216,6,1664578584
1903,157387612,122132,157509744,0,4,1,197632,37,4819346397
1904,157416408,100057,157516465,0,4,1,24064,37,5709620999
1905,157473462,106340,157579802,0,2,0,49152,33,6042422608
1906,157555672,6278,157561950,0,1,1,6656,22,2231402539
1907,157730820,62672,157793492,0,8,0,6656,6,3586846547
1908,157759698,48980,157808678,0,6,0,2048,40,5711455761
1909,157903863,1518,157905381,0,8,1,1536,6,3861148813
1910,157998428,47288,158045716,0,9,0,1536,38,5719234473
1911,158001079,110864,158111943,0,8,0,64000,6,8591328132
1912,158122827,90524,158213351,0,9,0,17408,38,6952616321
1913,158420524,5802,158426326,0,8,1,6144,6,5174697918
1914,158472221,99788,158572009,0,8,0,27648,6,5977225428
1915,158819130,43904,158863034,0,6,0,512,40,10113578359
1916,158838281,566,158838847,0,8,1,512,6,4178979650
1917,158910400,119444,159029844,0,9,0,92160,38,5568359230
1918,158965699,45596,159011295,0,2,0,1024,33,1058798819
1919,159269643,1518,159271161,0,8,1,1536,6,6121522421
1920,159372194,102752,159474946,0,5,0,37376,37,10188162244
1921,159453465,5802,159459267,0,1,1,6144,22,1318537385
1922,159504655,83132,159587787,0,9,0,13312,38,8523823044
1923,159609359,45596,159654955,0,6,0,1024,40,6150434664
1924,159706029,59912,159765941,0,5,0,7680,37,6676403603
1925,159764913,106496,159871409,0,9,0,49664,38,4919490273
1926,159784727,118976,159903703,0,2,0,90624,33,2930051945
1927,159864676,65900,159930576,0,5,0,7168,37,9052570018
1928,160073320,61382,160134702,0,7,1,99328,17,1918115192
1929,160194531,99164,160293695,0,9,0,25600,38,1706437973
1930,160219121,74672,160293793,0,2,0,10752,33,601308269
1931,160402072,1518,160403590,0,8,1,1536,6,4643702238
1932,160594313,79616,160673929,0,5,0,16896,37,1667607819
1933,160613001,566,160613567,0,1,1,512,22,5319569617
1934,160615880,102284,160718164,0,1,0,35840,22,1354297305
1935,160724463,43904,160768367,0,6,0,512,40,7394044674
1936,160800358,13341,160813699,0,4,1,22528,37,2054722236
1937,161004547,78080,161082627,0,2,0,16896,33,10675467271
1938,161303526,109460,161412986,0,2,0,59392,33,2641097175
1939,161342510,566,161343076,0,8,1,512,6,9744410074
1940,161440954,7230,161448184,0,8,1,7680,6,8184056969
1941,161709281,5802,161715083,0,1,1,6144,22,2404655991
1942,161908940,21658,161930598,0,7,1,35328,17,805154938
1943,162077405,48980,162126385,0,6,0,2048,40,3630287269
1944,162084257,33333,162117590,0,7,1,54784,17,6254260865
1945,162372214,110864,162483078,0,2,0,64000,33,5762796974
1946,162432622,96980,162529602,0,5,0,18432,37,3007248574
1947,162532498,7230,162539728,0,8,1,7680,6,3788634481
1948,162885998,57440,162943438,0,1,0,4608,22,3451527273
1949,162922328,43904,162966232,0,6,0,512,40,3339982213
1950,163040644,11533,163052177,0,8,1,18944,6,7298575332
1951,163203189,55748,163258937,0,1,0,4096,22,791270449
1952,163224938,43904,163268842,0,6,0,512,40,6320389232
1953,163255900,2946,163258846,0,4,1,3072,37,7377901890
1954,163299230,566,163299796,0,8,1,512,6,8646839101
1955,163422247,4850,163427097,0,8,1,5120,6,1725364454
1956,163541003,102752,163643755,0,8,0,37376,6,4671480091
1957,163550537,6488,163557025,0,4,1,15872,37,2475032684
1958,163552367,7992,163560359,0,4,1,12800,37,932124282
1959,163558726,111332,163670058,0,1,0,65536,22,5559622379
1960,163611548,43904,163655452,0,6,0,512,40,5145545566
1961,163657718,113672,163771390,0,9,0,73216,38,2877702372
1962,163682602,98540,163781142,0,2,0,23552,33,1162000280
1963,163684423,112325,163796748,0,2,0,3072,33,3846953114
1964,163741685,6278,163747963,0,4,1,6656,37,2070067907
1965,163917227,45596,163962823,0,6,0,1024,40,8607683570
1966,164403904,81128,164485032,0,5,0,11776,37,305329058
1967,164454728,1994,164456722,0,8,1,2048,6,1180756254
1968,164650027,43904,164693931,0,6,0,512,40,7185563030
1969,164759544,7706,164767250,0,1,1,8192,22,3160594817
1970,164772661,11533,164784194,0,7,1,18944,17,10177284490
1971,164804704,32299,164837003,0,7,1,52736,17,4091541486
1972,164947981,4679,164952660,0,1,1,12288,22,8465955632
1973,164996492,7230,165003722,0,8,1,7680,6,5596485600
1974,165010476,45596,165056072,0,6,0,1024,40,5843651280
1975,165011722,50672,165062394,0,2,0,2560,33,790889974
1976,165054299,11016,165065315,0,4,1,17920,37,1178203451
1977,165495836,43904,165539740,0,2,0,512,33,4362533819
1978,165560981,48980,165609961,0,1,0,2048,22,1804674778
1979,165588114,60824,165648938,0,1,0,5632,22,5374731402
1980,165725727,43904,165769631,0,2,0,512,33,9736959196
1981,165765875,43904,165809779,0,6,0,512,40,3410213984
1982,165774346,1042,165775388,0,1,1,1024,22,6049893879
1983,165928263,65900,165994163,0,9,0,7168,38,9814437640
1984,166035366,106184,166141550,0,5,0,48640,37,7623974993
1985,166073755,103741,166177496,0,5,0,9216,37,8786100320
1986,166439161,127554,166566715,0,9,0,59392,38,80511783
1987,166440359,163498,166603857,0,9,0,79360,38,1515831598
1988,166471014,99476,166570490,0,5,0,26624,37,2314399215
1989,166567095,48980,166616075,0,6,0,2048,40,7262726410
1990,166616592,45596,166662188,0,6,0,1024,40,9461849766
1991,166667946,54056,166722002,0,6,0,3584,40,2971957602
1992,166718381,30749,166749130,0,7,1,49664,17,285944094
1993,166887868,108992,166996860,0,8,0,57856,6,7245676545
1994,166892655,43904,166936559,0,6,0,512,40,265768955
1995,166978735,18140,166996875,0,8,1,2560,6,5094014534
1996,166982505,47288,167029793,0,5,0,1536,37,24783673
1997,167146279,80396,167226675,0,5,0,19456,37,3536090922
1998,167151508,5326,167156834,0,8,1,5632,6,7711141789
1999,167670883,52364,167723247,0,2,0,3072,33,190528851
2000,167738688,73472,167812160,0,9,0,16896,38,8883335052
2001,167924726,5454,167930180,0,1,1,13824,22,486111503
2002,168106478,7230,168113708,0,4,1,7680,37,8938128363
2003,168167357,47288,168214645,0,6,0,1536,40,920223727
2004,168272645,1042,168273687,0,1,1,1024,22,8883134572
2005,168338891,14287,168353178,0,7,1,27648,17,9364155108
2006,168658522,7706,168666228,0,1,1,8192,22,8279544595
2007,168819757,45596,168865353,0,2,0,1024,33,3620186307
2008,168871296,2946,168874242,0,1,1,3072,22,5740853683
2009,168912068,1042,168913110,0,4,1,1024,37,1881797082
2010,168975935,1042,168976977,0,1,1,1024,22,433657954
2011,169031391,566,169031957,0,8,1,512,6,5932107823
2012,169261189,43904,169305093,0,2,0,512,33,10323072212
2013,169565480,54056,169619536,0,8,0,3584,6,8670215342
2014,169589552,2946,169592498,0,4,1,3072,37,809241487
2015,169611517,107120,169718637,0,1,0,51712,22,1788102901
2016,169787690,59132,169846822,0,1,0,5120,22,5285952747
2017,169879809,566,169880375,0,1,1,512,22,10251700363
2018,169981015,1518,169982533,0,4,1,1536,37,8488379124
2019,170014550,87452,170102002,0,8,0,17408,6,1479251704
2020,170141426,1042,170142468,0,1,1,1024,22,8399174879
2021,170202475,43904,170246379,0,6,0,512,40,7362370007
2022,170494650,43904,170538554,0,2,0,512,33,3552204817
2023,170672749,74360,170747109,0,1,0,9728,22,9582282687
2024,170739099,3898,170742997,0,8,1,4096,6,6583679872
2025,171587037,43904,171630941,0,2,0,512,33,7407249012
2026,171595951,108368,171704319,0,8,0,55808,6,9772402718
2027,171632917,43904,171676821,0,2,0,512,33,9812355250
2028,172065552,1042,172066594,0,1,1,1024,22,8749112707
2029,172127121,5454,172132575,0,8,1,13824,6,6745070470
2030,172168382,43975,172212357,0,7,1,72192,17,7420335235
2031,172540419,3898,172544317,0,4,1,4096,37,14881126
2032,172848173,43904,172892077,0,2,0,512,33,9461436942
2033,173175205,5802,173181007,0,4,1,6144,37,5027735955
2034,173204709,45596,173250305,0,6,0,1024,40,2560406293
2035,173208940,43904,173252844,0,2,0,512,33,6078558902
2036,173391074,10241,173401315,0,4,1,16384,37,5769283193
2037,173462805,45596,173508401,0,2,0,1024,33,9032007765
2038,173847894,2946,173850840,0,8,1,3072,6,10284967355
2039,173885820,102908,173988728,0,1,0,37888,22,4332278876
2040,173931205,45596,173976801,0,6,0,1024,40,1296158573
2041,174083609,42683,174126292,0,7,1,69632,17,2594150325
2042,174116913,102596,174219509,0,5,0,36864,37,8572714213
2043,174131852,199796,174331648,0,1,0,194560,22,5273990659
2044,174264337,4850,174269187,0,4,1,5120,37,2599124317
2045,174295260,36946,174332206,0,1,1,512,22,9282280925
2046,174377270,1042,174378312,0,8,1,1024,6,7907290533
2047,174823308,2870,174826178,0,1,1,8704,22,2864051545
2048,174921398,111488,175032886,0,9,0,66048,38,7885438645
2049,174946971,50672,174997643,0,6,0,2560,40,1304272951
2050,174981791,109148,175090939,0,1,0,58368,22,2814648813
2051,174983953,180504,175164457,0,1,0,71680,22,5050482418
2052,175017990,62176,175080166,0,9,0,1536,38,2456233425
2053,175022828,97916,175120744,0,8,0,21504,6,7447934461
2054,175074774,17675,175092449,0,1,1,1536,22,7891533627
2055,175159955,103970,175263925,0,1,0,26624,22,5726280376
2056,175190601,10241,175200842,0,4,1,16384,37,5755598456
2057,175251934,5802,175257736,0,4,1,6144,37,9743702615
2058,175322353,48980,175371333,0,2,0,2048,33,2290727912
2059,175353179,3128,175356307,0,4,1,9216,37,2956670418
2060,175781342,43904,175825246,0,2,0,512,33,5023162590
2061,175949673,73316,176022989,0,7,1,119296,17,3766365403
2062,175959457,60824,176020281,0,9,0,5632,38,10142068936
2063,176025240,43904,176069144,0,6,0,512,40,4536508828
2064,176211294,5196,176216490,0,7,1,13312,17,5375424603
2065,176276193,73160,176349353,0,1,0,15872,22,3013689393
2066,176591253,140072,176731325,0,9,0,134656,38,2148288826
2067,176923928,104468,177028396,0,8,0,43008,6,868275163
2068,177006733,45596,177052329,0,2,0,1024,33,10252007956
2069,177424254,106340,177530594,0,1,0,49152,22,10071173943
2070,177502955,103532,177606487,0,9,0,39936,38,2629232178
2071,177750930,43904,177794834,0,6,0,512,40,10226739907
2072,177832314,99632,177931946,0,8,0,27136,6,3899002074
2073,177840174,1994,177842168,0,4,1,2048,37,6685240944
2074,177929561,5323,177934884,0,8,1,3072,6,9534882766
2075,178053357,3422,178056779,0,8,1,3584,6,4190292338
2076,178097409,49292,178146701,0,8,0,3072,6,5539031932
2077,178244786,43904,178288690,0,2,0,512,33,6967093134
2078,178344779,43904,178388683,0,2,0,512,33,10061794351
2079,178547634,89168,178636802,0,9,0,23040,38,940761894
2080,178719270,45596,178764866,0,2,0,1024,33,5656127252
2081,179019095,3904,179022999,0,4,1,10752,37,6494096035
2082,179082978,2946,179085924,0,1,1,3072,22,2280063450
2083,179351736,43904,179395640,0,6,0,512,40,4727343046
2084,179463508,3422,179466930,0,4,1,3584,37,10381948607
2085,179511536,2470,179514006,0,4,1,2560,37,343112237
2086,179523229,114608,179637837,0,8,0,76288,6,7112231138
2087,179671902,35054,179706956,0,7,1,61440,17,6642455078
2088,179674593,43904,179718497,0,2,0,512,33,7055276827
2089,179896743,5802,179902545,0,8,1,6144,6,54366232
2090,179952431,115232,180067663,0,1,0,78336,22,8992988867
2091,180342485,3904,180346389,0,4,1,10752,37,9616984254
2092,180407958,113672,180521630,0,9,0,73216,38,3317289055
2093,180456349,43904,180500253,0,2,0,512,33,9233534263
2094,180638708,121472,180760180,0,9,0,98816,38,5095921561
2095,180890635,103532,180994167,0,2,0,39936,33,9039208976
2096,181023027,3128,181026155,0,4,1,9216,37,4445078300
2097,181083212,100880,181184092,0,2,0,31232,33,9482044743
2098,181203289,2946,181206235,0,4,1,3072,37,4283555140
2099,181328923,106652,181435575,0,8,0,50176,6,3256046233
2100,181365146,4850,181369996,0,1,1,5120,22,3292006702
2101,181400891,7230,181408121,0,8,1,7680,6,5837349686
2102,181404981,47288,181452269,0,6,0,1536,40,7483819743
2103,181413348,101704,181515052,0,8,0,25600,6,3474794105
2104,181431933,4374,181436307,0,1,1,4608,22,2866569623
2105,181551459,3422,181554881,0,8,1,3584,6,167007462
2106,181850668,45596,181896264,0,6,0,1024,40,6046301473
2107,181993705,45596,182039301,0,1,0,1024,22,10560060499
2108,182038944,106808,182145752,0,2,0,50688,33,978370531
2109,182062477,44060,182106537,0,9,0,1024,38,2591084926
2110,182077747,74540,182152287,0,9,0,15360,38,4957800492
2111,182140873,3645,182144518,0,4,1,10240,37,2348123826
2112,182194515,148220,182342735,0,2,0,136192,33,5124696228
2113,182291980,76988,182368968,0,8,0,13312,6,4925542122
2114,182376286,47288,182423574,0,6,0,1536,40,1848391589
2115,182387905,43904,182431809,0,6,0,512,40,9404107016
2116,182388400,5326,182393726,0,4,1,5632,37,7954200080
2117,182465213,48980,182514193,0,6,0,2048,40,139914530
2118,182635312,3128,182638440,0,8,1,9216,6,9266860191
2119,182951520,1518,182953038,0,8,1,1536,6,5229293425
2120,183041453,43904,183085357,0,8,0,512,6,4701848786
2121,183154244,1042,183155286,0,1,1,1024,22,7387170697
2122,183177087,108992,183286079,0,1,0,57856,22,5126741423
2123,183509090,50672,183559762,0,2,0,2560,33,4771696563
2124,183742778,4420,183747198,0,7,1,11776,17,8373626234
2125,183804667,107120,183911787,0,1,0,51712,22,4518133306
2126,183875228,79436,183954664,0,9,0,11264,38,10473252640
2127,184033403,94844,184128247,0,1,0,21504,22,5722046258
2128,184048593,107588,184156181,0,2,0,53248,33,7303983805
2129,184121476,566,184122042,0,7,1,512,17,7075681586
2130,184258475,2470,184260945,0,8,1,2560,6,3466846355
2131,184338211,1042,184339253,0,1,1,1024,22,1774377500
2132,184416754,97604,184514358,0,2,0,20480,33,3366508252
2133,184456413,13341,184469754,0,1,1,22528,22,8994332641
2134,184493858,566,184494424,0,8,1,512,6,476164096
2135,184569195,47288,184616483,0,8,0,1536,6,7955810246
2136,184809567,103064,184912631,0,9,0,38400,38,786104577
2137,184846038,65900,184911938,0,1,0,7168,22,2046242570
2138,185026705,43904,185070609,0,8,0,512,6,8792824835
2139,185059276,1518,185060794,0,4,1,1536,37,5717527610
2140,185748423,50672,185799095,0,6,0,2560,40,4148453352
2141,185785850,50828,185836678,0,6,0,3072,40,724661087
2142,185942156,52364,185994520,0,8,0,3072,6,5348963438
2143,186043598,4850,186048448,0,8,1,5120,6,7848888135
2144,186118911,1994,186120905,0,1,1,2048,22,10333470745
2145,186221733,48980,186270713,0,8,0,2048,6,2179273428
2146,186376246,83624,186459870,0,9,0,19968,38,9366126668
2147,186403711,5454,186409165,0,7,1,13824,17,3607180342
2148,186586176,1518,186587694,0,8,1,1536,6,9956632165
2149,186907733,15579,186923312,0,7,1,30208,17,1593122697
2150,187011292,69284,187080576,0,1,0,8192,22,54211406
2151,187062786,43904,187106690,0,6,0,512,40,8743265079
2152,187214551,41391,187255942,0,7,1,67072,17,6825935093
2153,187230828,41281,187272109,0,7,1,60928,17,7169229236
2154,187393295,96872,187490167,0,9,0,28160,38,4636328613
2155,187427483,1518,187429001,0,4,1,1536,37,6451371477
2156,187465787,74696,187540483,0,1,0,15872,22,7552843184
2157,187477447,100256,187577703,0,9,0,29184,38,3835371119
2158,187738887,5326,187744213,0,1,1,5632,22,8033213409
2159,187756972,6229,187763201,0,8,1,15360,6,7706885322
2160,187875887,43904,187919791,0,8,0,512,6,6093254725
2161,187923343,43904,187967247,0,8,0,512,6,5440832426
2162,187946986,81932,188028918,0,1,0,19456,22,9587583718
2163,187983322,2946,187986268,0,8,1,3072,6,3675686972
2164,188129752,54056,188183808,0,9,0,3584,38,1924983865
2165,188182710,45596,188228306,0,8,0,1024,6,7738234874
2166,188292790,10757,188303547,0,7,1,17408,17,520209555
2167,188381404,43904,188425308,0,8,0,512,6,1201454864
2168,188447219,114296,188561515,0,1,0,75264,22,5524536106
2169,188618949,48980,188667929,0,9,0,2048,38,3659968377
2170,188624846,45596,188670442,0,8,0,1024,6,3590996066
2171,188692543,566,188693109,0,4,1,512,37,1682869700
2172,188738336,101660,188839996,0,2,0,33792,33,2316810708
2173,188820616,1994,188822610,0,4,1,2048,37,4103929227
2174,189400768,106496,189507264,0,2,0,49664,33,8705701128
2175,189442842,108992,189551834,0,1,0,57856,22,6765814287
2176,189800387,2470,189802857,0,1,1,2560,22,1385683578
2177,190063183,43904,190107087,0,8,0,512,6,199791078
2178,190063905,12566,190076471,0,7,1,20992,17,2131918542
2179,190196518,5802,190202320,0,1,1,6144,22,7232149621
2180,190200566,4679,190205245,0,8,1,12288,6,3038768963
2181,190212121,5802,190217923,0,4,1,6144,37,3663570271
2182,190266542,47288,190313830,0,8,0,1536,6,3984446063
2183,190411131,125840,190536971,0,2,0,113152,33,7396678074
2184,190445815,6754,190452569,0,8,1,7168,6,6409668134
2185,190481551,4374,190485925,0,8,1,4608,6,1174877474
2186,190509285,7706,190516991,0,8,1,8192,6,192114014
2187,190584759,43904,190628663,0,8,0,512,6,1749836649
2188,190597369,47288,190644657,0,6,0,1536,40,7323296234
2189,190694434,566,190695000,0,8,1,512,6,4961331100
2190,190979952,44060,191024012,0,8,0,1024,6,5168277853
2191,191020742,45596,191066338,0,6,0,1024,40,1585723606
2192,191344590,55748,191400338,0,6,0,4096,40,1174212642
2193,191401361,45596,191446957,0,8,0,1024,6,8645641999
2194,191404954,79460,191484414,0,5,0,16384,37,3143295636
2195,191409092,99476,191508568,0,9,0,26624,38,5074012782
2196,191414331,55748,191470079,0,9,0,4096,38,734588612
2197,191421697,61641,191483338,0,7,1,99840,17,121508575
2198,191438635,72502,191511137,0,9,0,6656,38,9513980359
2199,191445440,82742,191528182,0,9,0,9216,38,2298343906
2200,191493592,566,191494158,0,4,1,512,37,1910293865
2201,191543504,108680,191652184,0,9,0,56832,38,7164704026
2202,191570752,107430,191678182,0,9,0,25088,38,9170906750
2203,191573731,47288,191621019,0,8,0,1536,6,1854604484
2204,191794092,112892,191906984,0,6,0,70656,40,9733246090
2205,191859689,5454,191865143,0,1,1,13824,22,10031763787
2206,191887559,84093,191971652,0,6,0,8192,40,1866101853
2207,192042435,85136,192127571,0,9,0,14848,38,6869796729
2208,192243647,43904,192287551,0,8,0,512,6,6042566854
2209,192389181,70976,192460157,0,9,0,8704,38,5775728877
2210,192391478,47288,192438766,0,8,0,1536,6,1309519686
2211,192654551,77300,192731851,0,6,0,14336,40,5700220022
2212,192826677,112580,192939257,0,9,0,69632,38,9248960379
2213,193222844,52364,193275208,0,9,0,3072,38,4664575086
2214,193598228,54056,193652284,0,2,0,3584,33,7842340629
2215,193609786,45908,193655694,0,2,0,2048,33,1119792830
2216,193821457,52364,193873821,0,2,0,3072,33,1729536838
2217,193888135,48980,193937115,0,2,0,2048,33,3009575785
2218,193896931,7706,193904637,0,4,1,8192,37,4797836754
2219,194448830,13083,194461913,0,7,1,22016,17,4577118199
2220,194710203,12308,194722511,0,8,1,20480,6,7527566565
2221,194775625,127244,194902869,0,1,0,117760,22,5620631623
2222,194798391,104468,194902859,0,6,0,43008,40,5990328828
2223,195188357,43904,195232261,0,8,0,512,6,6308095671
2224,195271388,101660,195373048,0,6,0,33792,40,6959741167
2225,195347089,44920,195392009,0,7,1,77312,17,62978779
2226,195359638,1518,195361156,0,1,1,1536,22,1686727987
2227,195453823,4679,195458502,0,8,1,12288,6,4616044930
2228,195515763,23983,195539746,0,7,1,39936,17,606709239
2229,195695776,24154,195719930,0,7,1,43520,17,4433432360
2230,195930950,59132,195990082,0,1,0,5120,22,2992440779
2231,196293107,1042,196294149,0,1,1,1024,22,4727579005
2232,196294005,187628,196481633,0,2,0,154624,33,8098071225
2233,196312631,208200,196520831,0,2,0,55296,33,10238214070
2234,196507495,6278,196513773,0,7,1,6656,17,7217794809
2235,196558628,61136,196619764,0,9,0,6656,38,419262837
2236,196620566,1042,196621608,0,1,1,1024,22,4149583567
2237,196796727,4850,196801577,0,1,1,5120,22,3617524618
2238,196811972,11016,196822988,0,7,1,17920,17,8081672452
2239,196878460,5802,196884262,0,1,1,6144,22,110572669
2240,196984459,1994,196986453,0,1,1,2048,22,8373844335
2241,197053856,100568,197154424,0,6,0,30208,40,8082191107
2242,197438414,566,197438980,0,4,1,512,37,8708198669
2243,197487232,3898,197491130,0,4,1,4096,37,3391291900
2244,197624324,11016,197635340,0,8,1,17920,6,978571129
2245,197782605,112736,197895341,0,6,0,70144,40,4408167831
2246,197940446,1518,197941964,0,1,1,1536,22,4020603018
2247,197958272,43904,198002176,0,6,0,512,40,2854050578
2248,198022174,43904,198066078,0,8,0,512,6,209261727
2249,198055193,113048,198168241,0,6,0,71168,40,4273362177
2250,198063763,147234,198210997,0,6,0,50176,40,3736266507
2251,198091833,4850,198096683,0,8,1,5120,6,1623733934
2252,198542602,40616,198583218,0,7,1,65536,17,4935135341
2253,198558945,1994,198560939,0,8,1,2048,6,109495631
2254,198748154,51774,198799928,0,7,1,83968,17,919689446
2255,198872677,69308,198941985,0,6,0,13312,40,8660268369
2256,198923743,123530,199047273,0,6,0,79360,40,834801849
2257,198999708,5326,199005034,0,8,1,5632,6,3082206932
2258,199387935,71507,199459442,0,7,1,115712,17,75549538
2259,199554488,5326,199559814,0,4,1,5632,37,9866216007
2260,199642818,4374,199647192,0,9,1,4608,38,5292659398
2261,199690468,102128,199792596,0,2,0,35328,33,5113140434
2262,199800812,119288,199920100,0,9,0,91648,38,9317466774
2263,199858491,192001,200050492,0,9,0,139264,38,5308676398
2264,199920480,148822,200069302,0,9,0,48640,38,4616594495
2265,199960325,2870,199963195,0,1,1,8704,22,2688384027
2266,199964740,4374,199969114,0,1,1,4608,22,1107437612
2267,200310601,43904,200354505,0,8,0,512,6,5873264623
2268,200381531,71507,200453038,0,7,1,115712,17,8697202125
2269,200521082,3422,200524504,0,4,1,3584,37,3837828230
2270,200527656,2870,200530526,0,1,1,8704,22,9947969944
2271,200949841,1994,200951835,0,1,1,2048,22,7783980750
2272,201577125,1518,201578643,0,8,1,1536,6,10261284777
2273,201610782,4850,201615632,0,4,1,5120,37,10649140656
2274,201619087,108992,201728079,0,2,0,57856,33,539530573
2275,201798856,103532,201902388,0,9,0,39936,38,4259153767
2276,201825423,3422,201828845,0,8,1,3584,6,2440621472
2277,202032395,10757,202043152,0,7,1,17408,17,6199414792
2278,202156815,50672,202207487,0,8,0,2560,6,7202128406
2279,202308335,12995,202321330,0,1,1,25088,22,4147117292
2280,202339169,103376,202442545,0,2,0,39424,33,10625516457
2281,202629243,45596,202674839,0,8,0,1024,6,9875944220
2282,202961370,52033,203013403,0,7,1,84480,17,7884516529
2283,202970224,101192,203071416,0,2,0,32256,33,6518337348
2284,203003088,202136,203205224,0,9,0,202240,38,10055516359
2285,203412017,3387,203415404,0,1,1,9728,22,6855059597
2286,203767739,100256,203867995,0,9,0,29184,38,8074237748
2287,203873144,101504,203974648,0,2,0,33280,33,1157668093
2288,203884332,43904,203928236,0,8,0,512,6,7469054655
2289,204208078,99788,204307866,0,9,0,27648,38,673997840
2290,204586348,43112,204629460,0,7,1,73728,17,10691779846
2291,204630785,1042,204631827,0,8,1,1024,6,9289594870
2292,204711174,122720,204833894,0,8,0,102912,6,3411899316
2293,204739884,104780,204844664,0,2,0,44032,33,6892522733
2294,205414698,7706,205422404,0,7,1,8192,17,3517493356
2295,205723524,2946,205726470,0,1,1,3072,22,8672284639
2296,205742644,110708,205853352,0,9,0,63488,38,9914366414
2297,205977672,115700,206093372,0,2,0,79872,33,147711057
2298,206476211,101192,206577403,0,2,0,32256,33,2611799722
2299,206478025,43916,206521941,0,2,0,512,33,1337324167
2300,206550754,5802,206556556,0,8,1,6144,6,10271841930
2301,206796933,87896,206884829,0,9,0,13824,38,5948376866
2302,206848909,4374,206853283,0,1,1,4608,22,9875683597
2303,206854413,12049,206866462,0,7,1,19968,17,10075486751
2304,206992082,109148,207101230,0,2,0,58368,33,3604140612
2305,207098848,60824,207159672,0,9,0,5632,38,4735511298
2306,207143802,102284,207246086,0,6,0,35840,40,9634614410
2307,207267667,2946,207270613,0,8,1,3072,6,2199501802
2308,207360603,104312,207464915,0,2,0,42496,33,4632149187
2309,207839338,74360,207913698,0,8,0,9728,6,5348835395
2310,207881788,3422,207885210,0,1,1,3584,22,1813294581
2311,207932027,52364,207984391,0,9,0,3072,38,3926288776
2312,208179746,566,208180312,0,1,1,512,22,1761964434
2313,208296897,3898,208300795,0,1,1,4096,22,1251049595
2314,208327328,78836,208406164,0,9,0,14336,38,1177912555
2315,209353178,111956,209465134,0,8,0,67584,6,7894482395
2316,209528485,71312,209599797,0,6,0,14848,40,7016183536
2317,209580082,3645,209583727,0,1,1,10240,22,4965921
2318,209806364,3904,209810268,0,8,1,10752,6,4552650322
2319,210079097,3422,210082519,0,8,1,3584,6,3720118997
2320,210352834,50672,210403506,0,9,0,2560,38,4388774592
2321,210386349,63966,210450315,0,7,1,104448,17,9653189911
2322,210390729,62384,210453113,0,8,0,10752,6,2944746677
2323,210494323,7706,210502029,0,8,1,8192,6,7102690112
2324,210668745,115544,210784289,0,6,0,79360,40,2690959597
2325,210840797,98540,210939337,0,8,0,23552,6,9020688018
2326,211308887,13341,211322228,0,7,1,22528,17,138106745
2327,211543755,98384,211642139,0,8,0,23040,6,1736525052
2328,211610395,5971,211616366,0,1,1,14848,22,7497171197
2329,212325197,3422,212328619,0,8,1,3584,6,4640000350
2330,212386879,1042,212387921,0,1,1,1024,22,4782049238
2331,212492126,52291,212544417,0,7,1,84992,17,3709602750
2332,212911342,15321,212926663,0,7,1,29696,17,4588221323
2333,213043791,1994,213045785,0,8,1,2048,6,9745260858
2334,213185922,87476,213273398,0,8,0,22528,6,4349664741
2335,213317707,6278,213323985,0,1,1,6656,22,8873136681
2336,213411763,3898,213415661,0,1,1,4096,22,158743066
2337,213729945,1042,213730987,0,8,1,1024,6,10012540939
2338,213887568,99632,213987200,0,9,0,27136,38,1086448715
2339,213945080,566,213945646,0,1,1,512,22,10669608594
2340,214047542,3645,214051187,0,7,1,10240,17,9114011350
2341,214230723,55562,214286285,0,7,1,94720,17,2820396339
2342,214240741,86072,214326813,0,8,0,17920,6,7319030244
2343,214248944,43857,214292801,0,7,1,23040,17,6429991808
2344,214259342,99944,214359286,0,6,0,28160,40,1650966601
2345,214437701,104624,214542325,0,8,0,43520,6,9190773072
2346,214518926,48980,214567906,0,6,0,2048,40,8839670921
2347,214700601,90368,214790969,0,9,0,16896,38,1977976571
2348,214827741,43904,214871645,0,6,0,512,40,1340828142
2349,215231065,105248,215336313,0,9,0,45568,38,2800872194
2350,215311801,3645,215315446,0,1,1,10240,22,5594338249
2351,215391433,99476,215490909,0,8,0,26624,6,9120755797
2352,215770340,1994,215772334,0,1,1,2048,22,3929784129
2353,215773912,13253,215787165,0,7,1,25600,17,10301041759
2354,216062930,7706,216070636,0,7,1,8192,17,2197387123
2355,216251123,566,216251689,0,8,1,512,6,4824681695
2356,216506027,43904,216549931,0,6,0,512,40,8269018529
2357,216834462,71766,216906228,0,7,1,116224,17,1831234001
2358,216864834,45596,216910430,0,6,0,1024,40,2431010162
2359,217111322,47288,217158610,0,6,0,1536,40,5458095177
2360,217301078,102284,217403362,0,9,0,35840,38,5060396614
2361,217328699,23466,217352165,0,7,1,38912,17,7958014703
2362,217454733,4937,217459670,0,6,1,12800,40,8644751273
2363,217753340,3422,217756762,0,8,1,3584,6,3178424320
2364,217902990,97292,218000282,0,9,0,19456,38,3923990428
2365,218268335,1042,218269377,0,8,1,1024,6,4697905132
2366,218386243,54056,218440299,0,9,0,3584,38,1677207426
2367,218445248,4850,218450098,0,7,1,5120,17,1088935067
2368,218618320,47288,218665608,0,6,0,1536,40,8717944003
2369,218714720,7230,218721950,0,8,1,7680,6,431298488
2370,219267908,59132,219327040,0,8,0,5120,6,913734594
2371,219271461,93308,219364769,0,9,0,21504,38,7584451536
2372,219368253,24929,219393182,0,7,1,45056,17,8856212292
2373,219373437,45596,219419033,0,8,0,1024,6,3628344671
2374,219398723,109304,219508027,0,9,0,58880,38,6848156543
2375,219641920,54056,219695976,0,8,0,3584,6,7011721325
2376,219776408,52364,219828772,0,6,0,3072,40,7190468033
2377,219776435,114608,219891043,0,9,0,76288,38,6673791892
2378,220146837,104156,220250993,0,9,0,41984,38,1810553440
2379,220290755,7706,220298461,0,1,1,8192,22,8575162213
2380,220425964,1994,220427958,0,7,1,2048,17,3092256722
2381,220841042,7706,220848748,0,1,1,8192,22,10643965942
2382,220924339,13770,220938109,0,1,1,26624,22,7805441450
2383,221059361,45596,221104957,0,6,0,1024,40,5021186093
2384,221322283,104780,221427063,0,9,0,44032,38,10281896589
2385,221719735,5971,221725706,0,7,1,14848,17,2798033148
2386,221734291,4850,221739141,0,1,1,5120,22,1120265339
2387,222180128,4374,222184502,0,1,1,4608,22,1695441511
2388,222189935,99788,222289723,0,8,0,27648,6,7576204264
2389,222248494,5196,222253690,0,1,1,13312,22,4962072023
2390,222408667,71288,222479955,0,9,0,9728,38,7179619180
2391,222510870,47288,222558158,0,6,0,1536,40,2769145148
2392,222673748,43904,222717652,0,6,0,512,40,5513077051
2393,223007687,47288,223054975,0,6,0,1536,40,10184611708
2394,223214761,105404,223320165,0,9,0,46080,38,2293129356
2395,223225111,47288,223272399,0,8,0,1536,6,82837479
2396,223265412,566,223265978,0,7,1,512,17,2049210050
2397,223644391,86516,223730907,0,9,0,14336,38,9085895770
2398,224086634,94820,224181454,0,9,0,16384,38,5078711933
2399,224279439,43904,224323343,0,6,0,512,40,1541686313
2400,224279664,45596,224325260,0,6,0,1024,40,7809934469
2401,224387132,20624,224407756,0,7,1,33280,17,7126167566
2402,224402648,119444,224522092,0,8,0,92160,6,130546827
2403,224517557,93737,224611294,0,7,1,155648,17,8715411877
2404,225087991,30491,225118482,0,7,1,49152,17,4367001697
2405,225268529,10499,225279028,0,7,1,16896,17,1246953070
2406,225787435,1042,225788477,0,8,1,1024,6,8544481315
2407,225953388,105248,226058636,0,8,0,45568,6,1324304675
2408,226002162,97916,226100078,0,9,0,21504,38,242114654
2409,226056181,43904,226100085,0,6,0,512,40,3733832113
2410,226071213,43904,226115117,0,6,0,512,40,3198305350
2411,226619337,22950,226642287,0,7,1,37888,17,10155228180
2412,226812369,47288,226859657,0,6,0,1536,40,5402947397
2413,226867972,5454,226873426,0,1,1,13824,22,10082876278
2414,227016850,3387,227020237,0,1,1,9728,22,9350885649
2415,227049988,105248,227155236,0,8,0,45568,6,453812362
2416,227138966,45596,227184562,0,6,0,1024,40,631363234
2417,227169330,62516,227231846,0,8,0,6144,6,5308707142
2418,227313441,43904,227357345,0,6,0,512,40,7041232331
2419,227422422,1994,227424416,0,8,1,2048,6,2397002677
2420,227698342,3128,227701470,0,1,1,9216,22,868561974
2421,227758974,4374,227763348,0,8,1,4608,6,3748208537
2422,228148199,10499,228158698,0,1,1,16896,22,8668912124
2423,228152133,43904,228196037,0,8,0,512,6,8182742321
2424,228158841,3128,228161969,0,1,1,9216,22,1127500424
2425,228865576,1042,228866618,0,1,1,1024,22,8607901932
2426,228924550,12995,228937545,0,7,1,25088,17,4973047613
2427,229169063,54056,229223119,0,6,0,3584,40,1013926703
2428,229487296,15579,229502875,0,7,1,30208,17,10151959675
2429,229917634,566,229918200,0,8,1,512,6,3425729553
2430,230037324,73136,230110460,0,9,0,10752,38,5212402427
2431,230096311,99164,230195475,0,8,0,25600,6,1669810334
2432,230373583,99944,230473527,0,9,0,28160,38,7769507208
2433,230558008,23120,230581128,0,7,1,41472,17,7949414651
2434,230646222,43904,230690126,0,6,0,512,40,9482842314
2435,230867733,5454,230873187,0,7,1,13824,17,3015530220
2436,230882496,34795,230917291,0,7,1,60928,17,9168250207
2437,230962817,14117,230976934,0,1,1,24064,22,6309161013
2438,231081328,5326,231086654,0,8,1,5632,6,9179294500
2439,231214880,6754,231221634,0,1,1,7168,22,7752545494
2440,231528103,48980,231577083,0,6,0,2048,40,5231321386
2441,231680977,1518,231682495,0,1,1,1536,22,4087592173
2442,231753067,5326,231758393,0,8,1,5632,6,677873561
2443,231875127,69752,231944879,0,9,0,9728,38,1969101885
2444,231885855,566,231886421,0,8,1,512,6,6964378345
2445,232057200,104156,232161356,0,9,0,41984,38,4319432669
2446,232320078,5802,232325880,0,8,1,6144,6,801680646
2447,232342760,74003,232416763,0,7,1,123904,17,9409072136
2448,232570044,566,232570610,0,8,1,512,6,3015586231
2449,232709927,88544,232798471,0,9,0,20992,38,7717827246
2450,232713503,104780,232818283,0,8,0,44032,6,3209340876
2451,232748115,1518,232749633,0,1,1,1536,22,9358203295
2452,232757754,1994,232759748,0,1,1,2048,22,1418898080
2453,233274160,90704,233364864,0,8,0,23040,6,21062853
2454,233468041,76052,233544093,0,8,0,10240,6,10131267099
2455,233647773,5196,233652969,0,8,1,13312,6,7698739997
2456,233708266,12566,233720832,0,7,1,20992,17,3810506623
2457,233731199,2470,233733669,0,1,1,2560,22,5670732130
2458,233747192,6754,233753946,0,1,1,7168,22,4299290065
2459,233945448,2946,233948394,0,1,1,3072,22,4539209666
2460,234042809,109148,234151957,0,8,0,58368,6,8225188399
2461,234169393,58376,234227769,0,8,0,7680,6,8557250547
2462,234210134,13083,234223217,0,7,1,22016,17,6411430728
2463,234736139,3645,234739784,0,7,1,10240,17,253568264
2464,234749538,1042,234750580,0,7,1,1024,17,7078366177
2465,234850573,54056,234904629,0,8,0,3584,6,6621916275
2466,236184613,3422,236188035,0,1,1,3584,22,5377080817
2467,236213601,43904,236257505,0,8,0,512,6,6244754833
2468,236593509,4679,236598188,0,1,1,12288,22,2588836987
2469,236656847,79436,236736283,0,9,0,11264,38,4950903972
2470,236885214,10499,236895713,0,8,1,16896,6,42216454
2471,236959102,1042,236960144,0,8,1,1024,6,9520535736
2472,237020552,3422,237023974,0,8,1,3584,6,8158039472
2473,237053129,69932,237123061,0,9,0,15360,38,3843074928
2474,237500356,3898,237504254,0,1,1,4096,22,10769089
2475,237509096,566,237509662,0,8,1,512,6,2787526060
2476,237777781,1042,237778823,0,7,1,1024,17,7926572941
2477,237799633,3422,237803055,0,1,1,3584,22,9301309660
2478,237891308,82688,237973996,0,8,0,16896,6,5667430196
2479,237976329,62072,238038401,0,8,0,9728,6,1867140824
2480,237989924,2946,237992870,0,7,1,3072,17,10717389728
2481,238198346,4374,238202720,0,1,1,4608,22,5382627847
2482,238250144,62516,238312660,0,9,0,6144,38,4325635884
2483,238486288,6278,238492566,0,8,1,6656,6,5877272883
2484,238686580,6754,238693334,0,7,1,7168,17,9590722078
2485,238731005,5326,238736331,0,8,1,5632,6,1010265847
2486,238979046,566,238979612,0,1,1,512,22,5139433075
2487,238988453,3904,238992357,0,1,1,10752,22,3654870474
2488,239330393,103064,239433457,0,9,0,38400,38,7731114678
2489,239694287,60824,239755111,0,9,0,5632,38,6603310217
2490,239738988,3645,239742633,0,1,1,10240,22,7466835229
2491,239931008,96668,240027676,0,9,0,17408,38,7638732284
2492,240016748,7230,240023978,0,7,1,7680,17,1939064885
2493,240079197,2946,240082143,0,7,1,3072,17,2997507375
2494,241270180,70376,241340556,0,9,0,11776,38,10333254987
2495,241343096,3898,241346994,0,7,1,4096,17,1048873446
2496,241542136,1518,241543654,0,8,1,1536,6,10390053780
2497,241683082,1042,241684124,0,7,1,1024,17,10535978152
2498,241994842,64076,242058918,0,9,0,11264,38,3197349493
2499,242051283,83756,242135039,0,8,0,15360,6,10127372917
2500,242675331,1042,242676373,0,8,1,1024,6,4862990773
2501,243179677,162848,243342525,0,8,0,143872,6,8275090954
2502,243434855,2470,243437325,0,1,1,2560,22,7358694285
2503,243440275,4374,243444649,0,8,1,4608,6,917816540
2504,243651373,64208,243715581,0,9,0,6656,38,7715367079
2505,244305648,1994,244307642,0,1,1,2048,22,3003458390
2506,244435455,101348,244536803,0,8,0,32768,6,8430518786
2507,244486107,66620,244552727,0,8,0,7168,6,230857540
2508,244492795,76360,244569155,0,8,0,5632,6,7077665872
2509,245117528,112892,245230420,0,8,0,70656,6,1428176714
2510,245790977,2470,245793447,0,1,1,2560,22,7028923656
2511,246118845,2470,246121315,0,1,1,2560,22,7940751142
2512,246157138,4937,246162075,0,8,1,12800,6,9040967872
2513,246451649,10499,246462148,0,8,1,16896,6,599010907
2514,246571247,4679,246575926,0,1,1,12288,22,9391231177
2515,246614018,103376,246717394,0,8,0,39424,6,7769320760
2516,246814545,566,246815111,0,1,1,512,22,1552423219
2517,247088773,11533,247100306,0,8,1,18944,6,2903419976
2518,247149782,2946,247152728,0,7,1,3072,17,7306009229
2519,247178225,1994,247180219,0,7,1,2048,17,2285687842
2520,247198292,1042,247199334,0,1,1,1024,22,64350768
2521,247430737,59288,247490025,0,9,0,5632,38,2235407573
2522,247499723,4374,247504097,0,1,1,4608,22,775033808
2523,247663637,80528,247744165,0,8,0,14848,6,8885789429
2524,247727757,5326,247733083,0,7,1,5632,17,10240038498
2525,247781007,566,247781573,0,7,1,512,17,10155578676
2526,247837204,1042,247838246,0,1,1,1024,22,3981976721
2527,248438116,57596,248495712,0,8,0,5120,6,2412897686
2528,248486747,130208,248616955,0,8,0,127488,6,10375941056
2529,248795938,59756,248855694,0,8,0,7168,6,1800352950
2530,248951024,103220,249054244,0,8,0,38912,6,2758840890
2531,249133536,56372,249189908,0,9,0,6144,38,3088568727
2532,249701119,3128,249704247,0,8,1,9216,6,10534140040
2533,249981529,5712,249987241,0,1,1,14336,22,5082825468
2534,250032498,4850,250037348,0,8,1,5120,6,2752791400
2535,250109617,566,250110183,0,1,1,512,22,2055938972
2536,250190699,50672,250241371,0,8,0,2560,6,265552363
2537,250214065,103220,250317285,0,9,0,38912,38,1788499085
2538,250246702,7230,250253932,0,8,1,7680,6,6050007627
2539,250591407,3128,250594535,0,1,1,9216,22,3172647372
2540,250599503,566,250600069,0,1,1,512,22,4917215164
2541,250856761,1042,250857803,0,7,1,1024,17,9233360935
2542,251704004,78680,251782684,0,8,0,13824,6,5232822168
2543,251952744,5802,251958546,0,8,1,6144,6,3535638635
2544,252121810,566,252122376,0,8,1,512,6,8148621006
2545,252229367,10241,252239608,0,8,1,16384,6,5014882687
2546,252425118,13600,252438718,0,8,1,23040,6,6070493778
2547,252434977,79436,252514413,0,9,0,11264,38,9938393023
2548,252473866,3645,252477511,0,7,1,10240,17,8556241723
2549,252753741,4374,252758115,0,1,1,4608,22,3928593894
2550,252970507,1994,252972501,0,7,1,2048,17,6344833386
2551,253102361,91484,253193845,0,9,0,25600,38,5934658275
2552,253378509,7706,253386215,0,7,1,8192,17,3772426871
2553,253581851,52033,253633884,0,8,1,84480,6,9741279582
2554,253754706,3645,253758351,0,8,1,10240,6,1813630207
2555,253852263,105248,253957511,0,9,0,45568,38,2969779442
2556,253940608,13253,253953861,0,8,1,25600,6,3486646998
2557,254073821,3898,254077719,0,8,1,4096,6,3209100804
2558,254393350,4374,254397724,0,8,1,4608,6,3379286839
2559,254662683,92528,254755211,0,9,0,18944,38,1195021571
2560,254775267,52033,254827300,0,8,1,84480,6,9620316966
2561,254794218,218790,255013008,0,8,0,31232,6,4480326898
2562,254849227,24242,254873469,0,8,1,40448,6,10121346363
2563,255147450,41908,255189358,0,8,1,68096,6,566641258
2564,255164360,92684,255257044,0,9,0,19456,38,274646403
2565,255915814,4374,255920188,0,1,1,4608,22,2328153857
2566,255980999,6278,255987277,0,7,1,6656,17,4201135083
2567,256149859,3898,256153757,0,7,1,4096,17,9124324276
2568,256150777,5196,256155973,0,8,1,13312,6,4466665091
2569,256433694,566,256434260,0,1,1,512,22,9772191910
2570,256671153,112580,256783733,0,8,0,69632,6,8384754975
2571,256724549,60135,256784684,0,8,0,3072,6,273198280
2572,256899888,3422,256903310,0,3,1,3584,41,7961888615
2573,256967888,566,256968454,0,1,1,512,22,4654055735
2574,257044679,51296,257095975,0,9,0,4608,38,6578721784
2575,257074789,145878,257220667,0,9,0,114176,38,3193021756
2576,257385058,7706,257392764,0,7,1,8192,17,9736557973
2577,257470166,1994,257472160,0,7,1,2048,17,8181508905
2578,257740539,74384,257814923,0,9,0,14848,38,9301770218
2579,257796088,83600,257879688,0,9,0,14848,38,7492374405
2580,257802328,1042,257803370,0,1,1,1024,22,1447687293
2581,257813273,100724,257913997,0,8,0,30720,6,2968965756
2582,258187312,33245,258220557,0,8,1,57856,6,9895039035
2583,258799773,50672,258850445,0,8,0,2560,6,3267420420
2584,259185281,2946,259188227,0,1,1,3072,22,6094630886
2585,259295463,1042,259296505,0,7,1,1024,17,4128492394
2586,259527712,6278,259533990,0,7,1,6656,17,9276020766
2587,259539007,121940,259660947,0,8,0,100352,6,9268107272
2588,259574876,140845,259715721,0,8,0,47104,6,7341865170
2589,259662346,2470,259664816,0,7,1,2560,17,3427310834
2590,259817783,64208,259881991,0,8,0,6656,6,430395301
2591,259937155,2870,259940025,0,7,1,8704,17,7480425834
2592,260045126,1518,260046644,0,1,1,1536,22,9110947228
2593,260362423,43370,260405793,0,8,1,74240,6,6666436008
2594,260466208,1518,260467726,0,1,1,1536,22,3226175108
2595,260546386,141452,260687838,0,8,0,134144,6,7882797461
2596,260592184,3898,260596082,0,7,1,4096,17,3484435647
2597,261714868,31524,261746392,0,8,1,51200,6,6965297574
2598,261945203,129584,262074787,0,8,0,125440,6,171581433
2599,262025462,3645,262029107,0,7,1,10240,17,7388300310
2600,262091580,1042,262092622,0,7,1,1024,17,5514284465
2601,262100601,2946,262103547,0,1,1,3072,22,2161077711
2602,262160031,1042,262161073,0,8,1,1024,6,7124678328
2603,262190375,126152,262316527,0,8,0,114176,6,1646834310
2604,262321115,110552,262431667,0,8,0,62976,6,6925233973
2605,262467688,15321,262483009,0,8,1,29696,6,390656240
2606,263087853,4374,263092227,0,7,1,4608,17,10187394964
2607,263277824,566,263278390,0,1,1,512,22,1139569750
2608,263398715,6278,263404993,0,1,1,6656,22,3729938154
2609,263826061,91640,263917701,0,8,0,26112,6,9937282113
2610,263914575,50672,263965247,0,9,0,2560,38,3699523601
2611,263933487,3387,263936874,0,7,1,9728,17,6470221279
2612,263943980,34020,263978000,0,8,1,59392,6,1650735563
2613,263962479,62674,264025153,0,8,1,101888,6,2487023692
2614,264045751,125372,264171123,0,9,0,111616,38,2506688620
2615,264265530,120848,264386378,0,9,0,96768,38,7209100617
2616,264605087,106652,264711739,0,9,0,50176,38,9506374139
2617,264900835,57440,264958275,0,9,0,4608,38,10346145211
2618,265038972,104468,265143440,0,8,0,43008,6,7198816341
2619,265429395,3128,265432523,0,1,1,9216,22,6437321747
2620,266140958,112112,266253070,0,8,0,68096,6,8991280063
2621,266705456,6754,266712210,0,8,1,7168,6,2191879275
2622,267361839,77744,267439583,0,9,0,10752,38,2198980899
2623,267435007,1518,267436525,0,1,1,1536,22,2164333096
2624,267445180,106964,267552144,0,8,0,51200,6,3712239141
2625,267632735,3128,267635863,0,8,1,9216,6,9011529400
2626,268213210,33245,268246455,0,8,1,57856,6,4921630309
2627,269182795,4374,269187169,0,7,1,4608,17,8190496754
2628,269262035,76364,269338399,0,9,0,11264,38,5968569948
2629,269320110,566,269320676,0,8,1,512,6,5210198603
2630,269329581,59288,269388869,0,9,0,5632,38,9598705138
2631,269364404,100323,269464727,0,9,0,26624,38,9236146637
2632,269547168,566,269547734,0,7,1,512,17,449265593
2633,269667879,7706,269675585,0,1,1,8192,22,1275992493
2634,269735777,13770,269749547,0,5,1,26624,37,10000980015
2635,269739689,35312,269775001,0,8,1,61952,6,2638192457
2636,269853308,7230,269860538,0,5,1,7680,37,3635677394
2637,269858815,2946,269861761,0,7,1,3072,17,5781572020
2638,269865974,566,269866540,0,5,1,512,37,2497249804
2639,269933975,6278,269940253,0,8,1,6656,6,5146186162
2640,270149659,54212,270203871,0,9,0,4096,38,2424360478
2641,270712230,43200,270755430,0,8,1,70656,6,6502582029
2642,270803180,101660,270904840,0,9,0,33792,38,3922936279
2643,271427019,1518,271428537,0,1,1,1536,22,5256016853
2644,272747091,6488,272753579,0,1,1,15872,22,4184951716
2645,272977164,3645,272980809,0,8,1,10240,6,10539413839
2646,273369768,64912,273434680,0,8,1,109568,6,7991414587
2647,273452458,1994,273454452,0,1,1,2048,22,584261401
2648,273488318,2870,273491188,0,8,1,8704,6,9928427150
2649,273557901,45596,273603497,0,9,0,1024,38,8502428691
2650,273798003,1994,273799997,0,1,1,2048,22,7828094139
2651,274237118,4420,274241538,0,7,1,11776,17,6158845030
2652,274241399,566,274241965,0,1,1,512,22,4456576240
2653,274453405,7706,274461111,0,5,1,8192,37,10724609346
2654,274696751,12737,274709488,0,8,1,24576,6,6122410195
2655,274982547,23637,275006184,0,8,1,42496,6,5964177820
2656,275097261,1042,275098303,0,1,1,1024,22,10359729388
2657,275346576,566,275347142,0,5,1,512,37,10400579487
2658,276457970,47288,276505258,0,9,0,1536,38,9752495979
2659,276587787,81596,276669383,0,9,0,13312,38,687127337
2660,276847083,1518,276848601,0,1,1,1536,22,4853479664
2661,277019941,1518,277021459,0,7,1,1536,17,8241011972
2662,277233081,1518,277234599,0,7,1,1536,17,677037750
2663,277545735,3898,277549633,0,5,1,4096,37,5599704999
2664,277687213,4374,277691587,0,8,1,4608,6,9253381957
2665,277695595,101504,277797099,0,9,0,33280,38,7404187810
2666,277726419,2946,277729365,0,7,1,3072,17,3144304717
2667,277732634,2946,277735580,0,5,1,3072,37,2798709303
2668,277738092,5712,277743804,0,8,1,14336,6,10177810114
2669,277791024,1994,277793018,0,5,1,2048,37,830006494
2670,277935517,1994,277937511,0,7,1,2048,17,3427881966
2671,278290346,4374,278294720,0,8,1,4608,6,6934390409
2672,278334870,2470,278337340,0,5,1,2560,37,9405265543
2673,278584273,2470,278586743,0,5,1,2560,37,6793058046
2674,278671067,2946,278674013,0,7,1,3072,17,5631062295
2675,278858850,1042,278859892,0,1,1,1024,22,5524366795
2676,279288016,6278,279294294,0,5,1,6656,37,6904031352
2677,279443783,103376,279547159,0,9,0,39424,38,2708738700
2678,279588234,62516,279650750,0,9,0,6144,38,5789928766
2679,279655131,47444,279702575,0,9,0,2048,38,7749007228
2680,279689367,1518,279690885,0,8,1,1536,6,3230233713
2681,280114790,1994,280116784,0,5,1,2048,37,1307323981
2682,280433421,12049,280445470,0,1,1,19968,22,6261768206
2683,280713938,43975,280757913,0,8,1,72192,6,2753542435
2684,280834231,1518,280835749,0,5,1,1536,37,4043550173
2685,281217710,82532,281300242,0,9,0,16384,38,3297927798
2686,281381029,4937,281385966,0,5,1,12800,37,10490411235
2687,281468855,101192,281570047,0,9,0,32256,38,4537306377
2688,282617787,1042,282618829,0,1,1,1024,22,805607920
2689,282932636,5454,282938090,0,5,1,13824,37,4490746446
2690,282978929,24242,283003171,0,8,1,40448,6,2137756840
2691,282988897,2946,282991843,0,1,1,3072,22,3415344618
2692,283324705,1042,283325747,0,1,1,1024,22,4500268999
2693,283583157,7230,283590387,0,1,1,7680,22,8868474249
2694,283710313,4374,283714687,0,1,1,4608,22,7088942532
2695,283718607,1518,283720125,0,5,1,1536,37,6561941995
2696,283918343,42166,283960509,0,8,1,68608,6,1496513191
2697,283979122,566,283979688,0,5,1,512,37,9173690009
2698,284027084,102284,284129368,0,9,0,35840,38,1968712554
2699,284103810,69284,284173094,0,9,0,8192,38,9060708514
2700,285325289,13083,285338372,0,1,1,22016,22,1285315318
2701,285398885,101366,285500251,0,8,1,163840,6,10694933958
2702,285947845,1994,285949839,0,7,1,2048,17,3626980069
2703,286080290,1518,286081808,0,5,1,1536,37,5903360345
2704,286463614,2946,286466560,0,7,1,3072,17,9856408127
2705,286732622,2946,286735568,0,5,1,3072,37,7305751161
2706,286805239,4679,286809918,0,5,1,12288,37,7585795859
2707,286905095,1518,286906613,0,5,1,1536,37,5499263416
2708,287068869,2946,287071815,0,8,1,3072,6,2320611099
2709,287209459,21916,287231375,0,8,1,35840,6,3588485067
2710,287301657,1518,287303175,0,5,1,1536,37,2534099839
2711,287665070,3898,287668968,0,7,1,4096,17,6990846436
2712,288004896,3422,288008318,0,7,1,3584,17,2852077574
2713,288060205,41132,288101337,0,8,1,66560,6,9977195768
2714,288614959,2946,288617905,0,7,1,3072,17,5044458845
2715,288641133,3645,288644778,0,1,1,10240,22,6504934736
2716,288863898,3422,288867320,0,5,1,3584,37,5073740476
2717,288984705,11791,288996496,0,1,1,19456,22,5175710715
2718,289042399,22433,289064832,0,8,1,36864,6,906451357
2719,289091621,86204,289177825,0,9,0,13312,38,8443614206
2720,289396424,60824,289457248,0,9,0,5632,38,8142865421
2721,289954599,101036,290055635,0,9,0,31744,38,5263521223
2722,290455119,2470,290457589,0,5,1,2560,37,1541372283
2723,290497826,1518,290499344,0,5,1,1536,37,1126366440
2724,290886586,6229,290892815,0,5,1,15360,37,8827191296
2725,291070983,42424,291113407,0,8,1,69120,6,149568857
2726,291297118,102908,291400026,0,9,0,37888,38,8608205455
2727,291299622,3422,291303044,0,1,1,3584,22,2135222186
2728,291873121,7230,291880351,0,5,1,7680,37,9106979202
2729,291890343,143933,292034276,0,8,1,233472,6,10099044111
2730,292054849,5712,292060561,0,5,1,14336,37,4004927640
2731,292171859,4850,292176709,0,7,1,5120,17,4104994623
2732,292407838,10499,292418337,0,8,1,16896,6,6822787080
2733,292806392,4679,292811071,0,8,1,12288,6,687650152
2734,292849449,4420,292853869,0,7,1,11776,17,4949840144
2735,292885057,134684,293019741,0,9,0,132096,38,4664909910
2736,293022375,4374,293026749,0,5,1,4608,37,5469311927
2737,293298018,52291,293350309,0,8,1,84992,6,3674293197
2738,294088629,69440,294158069,0,9,0,8704,38,6515138093
2739,294443133,2470,294445603,0,5,1,2560,37,9167327987
2740,294519137,142124,294661261,0,8,1,229888,6,5865729885
2741,294536395,140829,294677224,0,8,1,59904,6,383954353
2742,294698128,3904,294702032,0,8,1,10752,6,5724849699
2743,295121960,13083,295135043,0,8,1,22016,6,10551754054
2744,295440326,6278,295446604,0,1,1,6656,22,5284595863
2745,295462789,1042,295463831,0,1,1,1024,22,271883278
2746,295587368,5196,295592564,0,7,1,13312,17,3778731726
2747,295739594,3645,295743239,0,1,1,10240,22,4332078260
2748,296570803,1042,296571845,0,1,1,1024,22,10626093174
2749,296679127,20366,296699493,0,8,1,32768,6,3129957374
2750,297017844,20624,297038468,0,8,1,33280,6,2234831590
2751,297241019,14117,297255136,0,5,1,24064,37,7589060240
2752,297316857,3422,297320279,0,7,1,3584,17,6536977741
2753,297493878,4420,297498298,0,8,1,11776,6,3488264954
2754,297849434,1042,297850476,0,7,1,1024,17,8891596573
2755,297892562,48980,297941542,0,9,0,2048,38,5876333205
2756,298915439,81284,298996723,0,9,0,12288,38,3216720478
2757,299506156,5326,299511482,0,7,1,5632,17,7045351106
2758,299570109,2946,299573055,0,1,1,3072,22,9813444899
2759,299628811,5326,299634137,0,5,1,5632,37,9468290669
2760,299652778,103688,299756466,0,9,0,40448,38,5818261054
2761,300058944,292784,300351728,0,9,0,338432,38,5401540793
2762,300209542,15062,300224604,0,1,1,29184,22,9402235854
2763,300325377,2870,300328247,0,5,1,8704,37,10548372441
2764,300853012,6278,300859290,0,7,1,6656,17,7446084581
2765,301181781,1518,301183299,0,5,1,1536,37,6392415423
2766,301334631,7706,301342337,0,7,1,8192,17,4854474621
2767,301522840,15321,301538161,0,8,1,29696,6,6053730977
2768,301654164,3904,301658068,0,1,1,10752,22,8041031095
2769,302111232,2946,302114178,0,6,1,3072,40,2009046810
2770,302276824,23208,302300032,0,6,1,38400,40,9664328698
2771,302762115,84904,302847019,0,6,1,141824,40,571230129
2772,302965677,16354,302982031,0,6,1,31744,40,676350140
2773,303226980,47288,303274268,0,9,0,1536,38,779508993
2774,303256550,33850,303290400,0,6,1,55808,40,2929629093
2775,303871432,566,303871998,0,5,1,512,37,7603096851
2776,303871934,1042,303872976,0,7,1,1024,17,8184254822
2777,304003528,6278,304009806,0,5,1,6656,37,1329016809
2778,304003595,81891,304085486,0,6,1,132608,40,3035319554
2779,304093208,50828,304144036,0,9,0,3072,38,9753402811
2780,304103002,566,304103568,0,5,1,512,37,5149808837
2781,304403444,20366,304423810,0,6,1,32768,40,2008178910
2782,304486140,60224,304546364,0,9,0,8704,38,6489282390
2783,304752543,14117,304766660,0,6,1,24064,40,952879782
2784,304801483,3645,304805128,0,8,1,10240,6,2574319363
2785,305139755,2870,305142625,0,5,1,8704,37,7046950814
2786,305457962,25187,305483149,0,6,1,45568,40,7456894236
2787,306121070,76587,306197657,0,8,1,129024,6,8138615770
2788,306125342,180416,306305758,0,9,0,156160,38,1880323077
2789,306200606,20624,306221230,0,6,1,33280,40,2173868646
2790,306214243,6278,306220521,0,1,1,6656,22,2190396290
2791,306336089,1994,306338083,0,7,1,2048,17,2499195875
2792,306354233,2470,306356703,0,5,1,2560,37,1499839593
2793,306406003,13253,306419256,0,8,1,25600,6,8757287731
2794,306523912,1042,306524954,0,5,1,1024,37,9132766235
2795,306583351,11274,306594625,0,5,1,18432,37,8571357375
2796,306681913,6754,306688667,0,5,1,7168,37,9334953883
2797,306847899,7706,306855605,0,6,1,8192,40,2441138309
2798,306956623,4374,306960997,0,6,1,4608,40,1304959917
2799,307494294,33591,307527885,0,8,1,55296,6,4626566075
2800,308104621,1042,308105663,0,7,1,1024,17,6111799856
2801,308129994,12049,308142043,0,6,1,19968,40,6195534219
2802,308261137,1042,308262179,0,5,1,1024,37,7475134219
2803,308322744,124904,308447648,0,9,0,110080,38,1080636064
2804,308369998,10499,308380497,0,8,1,16896,6,1643663325
2805,308637193,5326,308642519,0,5,1,5632,37,6809591975
2806,308754087,6278,308760365,0,1,1,6656,22,2756414354
2807,308762330,3422,308765752,0,7,1,3584,17,419631983
2808,309331623,3898,309335521,0,5,1,4096,37,10722430832
2809,309370010,21141,309391151,0,6,1,34304,40,2700111466
2810,309504645,13083,309517728,0,5,1,22016,37,5821505301
2811,309711495,14117,309725612,0,1,1,24064,22,1983241152
2812,309711777,54056,309765833,0,9,0,3584,38,6730365184
2813,309773437,1042,309774479,0,8,1,1024,6,5856142831
2814,309958356,566,309958922,0,1,1,512,22,8925946170
2815,309975492,22433,309997925,0,8,1,36864,6,4078616478
2816,310171164,42166,310213330,0,6,1,68608,40,210741747
2817,310592367,3422,310595789,0,7,1,3584,17,6011551302
2818,310620734,2470,310623204,0,7,1,2560,17,1495366578
2819,311145693,73058,311218751,0,6,1,118784,40,409563831
2820,311795165,6278,311801443,0,1,1,6656,22,2930287644
2821,312189896,2470,312192366,0,1,1,2560,22,4908185458
2822,312338894,4374,312343268,0,8,1,4608,6,1457600615
2823,312362626,3898,312366524,0,5,1,4096,37,2929678687
2824,312489624,566,312490190,0,7,1,512,17,7696125109
2825,312572611,2470,312575081,0,1,1,2560,22,6952748705
2826,312580407,6278,312586685,0,6,1,6656,40,4008475709
2827,312887460,4679,312892139,0,7,1,12288,17,3253227411
2828,312998958,1518,313000476,0,1,1,1536,22,3695691901
2829,312999070,2470,313001540,0,7,1,2560,17,986386756
2830,313114647,566,313115213,0,1,1,512,22,1179994139
2831,313428778,1994,313430772,0,7,1,2048,17,4741132572
2832,313483895,36087,313519982,0,6,1,63488,40,10645085415
2833,313799677,1042,313800719,0,5,1,1024,37,8354915739
2834,314370987,566,314371553,0,5,1,512,37,5889087734
2835,314433743,1994,314435737,0,5,1,2048,37,4511694426
2836,314636850,5971,314642821,0,6,1,14848,40,6463121202
2837,314846214,25187,314871401,0,8,1,45568,6,377427164
2838,315003147,2946,315006093,0,7,1,3072,17,8598946732
2839,315380127,1994,315382121,0,5,1,2048,37,9921908707
2840,315681448,11016,315692464,0,8,1,17920,6,1011809194
2841,315826266,13083,315839349,0,6,1,22016,40,2376005630
2842,315937431,129272,316066703,0,9,0,124416,38,10497652482
2843,316181120,95804,316276924,0,8,1,159744,6,4954740495
2844,316355132,6754,316361886,0,6,1,7168,40,9328753169
2845,316422046,566,316422612,0,8,1,512,6,9971099187
2846,316433550,566,316434116,0,1,1,512,22,4603973093
2847,316994533,2470,316997003,0,7,1,2560,17,5349918022
2848,317009165,3128,317012293,0,6,1,9216,40,9150149752
2849,317101789,3128,317104917,0,5,1,9216,37,2951517619
2850,317119155,76329,317195484,0,8,1,128512,6,3186037499
2851,317194473,1042,317195515,0,5,1,1024,37,5145304134
2852,317374688,5971,317380659,0,5,1,14848,37,6111293950
2853,317498260,2470,317500730,0,1,1,2560,22,5594158433
2854,318143211,64483,318207694,0,8,1,105472,6,8892275775
2855,318316171,3898,318320069,0,7,1,4096,17,5453013532
2856,318520587,566,318521153,0,1,1,512,22,899714463
2857,318531108,22174,318553282,0,6,1,36352,40,5334434644
2858,318649988,13083,318663071,0,5,1,22016,37,10674766725
2859,319073158,5712,319078870,0,6,1,14336,40,4573790934
2860,319496137,3387,319499524,0,7,1,9728,17,5388711734
2861,319620685,123656,319744341,0,9,0,105984,38,9315797899
2862,320026028,125996,320152024,0,9,0,113664,38,4994702882
2863,320722201,112580,320834781,0,9,0,69632,38,5962291522
2864,320863195,43904,320907099,0,9,0,512,38,9448329172
2865,321185143,33850,321218993,0,6,1,55808,40,2056708237
2866,321254083,12825,321266908,0,6,1,21504,40,189600360
2867,321448087,3645,321451732,0,5,1,10240,37,1300687856
2868,321564352,6754,321571106,0,7,1,7168,17,6867456629
2869,321565352,87788,321653140,0,9,0,23552,38,8335373891
2870,321979467,23637,322003104,0,8,1,42496,6,2858980491
2871,322214046,5971,322220017,0,5,1,14848,37,4950802973
2872,322226661,1042,322227703,0,7,1,1024,17,1373996673
2873,322398337,4850,322403187,0,1,1,5120,22,6231481658
2874,322638174,102752,322740926,0,9,0,37376,38,4072797809
2875,322770228,99008,322869236,0,9,0,25088,38,2436853527
2876,322874604,5326,322879930,0,1,1,5632,22,8352829746
2877,323059110,12995,323072105,0,7,1,25088,17,4148575500
2878,323156035,80840,323236875,0,9,0,15872,38,1964176471
2879,323188036,24154,323212190,0,6,1,43520,40,7101622318
2880,323474916,2870,323477786,0,5,1,8704,37,3527122609
2881,324801414,26738,324828152,0,8,1,48640,6,4102732436
2882,325245769,44920,325290689,0,6,1,77312,40,7209099598
2883,325372785,23378,325396163,0,6,1,41984,40,4249889416
2884,325544595,110240,325654835,0,9,0,61952,38,3464506872
2885,325718767,3898,325722665,0,5,1,4096,37,8609920407
2886,326236756,6754,326243510,0,5,1,7168,37,342814883
2887,326259497,5802,326265299,0,1,1,6144,22,4388863088
2888,326874624,2946,326877570,0,1,1,3072,22,6092720675
2889,327006067,1042,327007109,0,5,1,1024,37,6463833686
2890,327362100,1518,327363618,0,1,1,1536,22,3380433681
2891,327396580,20624,327417204,0,6,1,33280,40,1719626756
2892,327451517,12308,327463825,0,6,1,20480,40,508412224
2893,327514411,74867,327589278,0,6,1,122368,40,905398154
2894,327931146,43904,327975050,0,9,0,512,38,10483041887
2895,327953835,4679,327958514,0,8,1,12288,6,6945889272
2896,328456909,4850,328461759,0,7,1,5120,17,8006989263
2897,328538005,7230,328545235,0,5,1,7680,37,2903351714
2898,328740567,43975,328784542,0,8,1,72192,6,8026537239
2899,328840594,3898,328844492,0,5,1,4096,37,9406454670
2900,329004289,566,329004855,0,7,1,512,17,8625165267
2901,329046360,5196,329051556,0,7,1,13312,17,905359589
2902,329505125,5802,329510927,0,6,1,6144,40,9514531373
2903,329673117,11791,329684908,0,5,1,19456,37,8835127096
2904,329863275,52808,329916083,0,6,1,86016,40,5431877616
2905,329945744,53495,329999239,0,6,1,90624,40,6512147401
2906,330488640,3645,330492285,0,5,1,10240,37,933342894
2907,331273506,1518,331275024,0,1,1,1536,22,2404471925
2908,331277312,6229,331283541,0,7,1,15360,17,1179916994
2909,331408036,24242,331432278,0,6,1,40448,40,9861412053
2910,331527704,7706,331535410,0,5,1,8192,37,4739549343
2911,331780100,2470,331782570,0,5,1,2560,37,9567231556
2912,332032276,20366,332052642,0,6,1,32768,40,8643158021
2913,332032460,2946,332035406,0,1,1,3072,22,1851862005
2914,332037996,3128,332041124,0,1,1,9216,22,7411259304
2915,332060010,36604,332096614,0,6,1,64512,40,5347546182
2916,332226186,54787,332280973,0,8,1,93184,6,8545655530
2917,332229687,43370,332273057,0,6,1,74240,40,408828260
2918,332232909,56827,332289736,0,6,1,55296,40,8270958300
2919,332296391,4679,332301070,0,1,1,12288,22,9049630489
2920,332321334,60824,332382158,0,9,0,5632,38,2264432324
2921,332389925,15579,332405504,0,6,1,30208,40,8428067596
2922,332443847,79436,332523283,0,9,0,11264,38,4582920160
2923,332592302,109148,332701450,0,9,0,58368,38,1399911271
2924,332772351,10757,332783108,0,6,1,17408,40,2180437075
2925,332957629,34108,332991737,0,8,1,56320,6,273019280
2926,333337792,566,333338358,0,7,1,512,17,5915446923
2927,333390493,12566,333403059,0,7,1,20992,17,7234661438
2928,333536795,7230,333544025,0,5,1,7680,37,3405198252
2929,333999970,10241,334010211,0,5,1,16384,37,4041344155
2930,334079104,1518,334080622,0,5,1,1536,37,8300124986
2931,334549981,103950,334653931,0,6,1,168960,40,2618370359
2932,334600474,6754,334607228,0,5,1,7168,37,8037228628
2933,334627181,4374,334631555,0,8,1,4608,6,740618118
2934,334668438,2946,334671384,0,6,1,3072,40,2806562140
2935,334692807,109148,334801955,0,9,0,58368,38,8491272257
2936,334843564,32987,334876551,0,8,1,57344,6,6775519701
2937,335328789,5802,335334591,0,7,1,6144,17,10544890168
2938,335419278,566,335419844,0,5,1,512,37,1121128813
2939,335479614,4420,335484034,0,7,1,11776,17,7404988755
2940,335516612,113204,335629816,0,9,0,71680,38,9792510255
2941,335723015,42683,335765698,0,8,1,69632,6,3543370328
2942,335878763,5802,335884565,0,7,1,6144,17,1092242766
2943,335979415,3904,335983319,0,6,1,10752,40,5906519894
2944,336275849,4850,336280699,0,5,1,5120,37,6746633644
2945,336726655,2946,336729601,0,5,1,3072,37,3658049198
2946,336875185,3128,336878313,0,7,1,9216,17,9797264685
2947,336880556,103688,336984244,0,9,0,40448,38,1412598207
2948,336951489,3904,336955393,0,5,1,10752,37,713038494
2949,337011286,13083,337024369,0,1,1,22016,22,7052256007
2950,337023562,90056,337113618,0,9,0,15872,38,2229436252
2951,337092187,23466,337115653,0,6,1,38912,40,10621716742
2952,337153904,6278,337160182,0,7,1,6656,17,5244113339
2953,337720041,1042,337721083,0,5,1,1024,37,8413337954
2954,337894801,6229,337901030,0,7,1,15360,17,10513605288
2955,337899792,3387,337903179,0,1,1,9728,22,2141042432
2956,338223015,65900,338288915,0,9,0,7168,38,9559745404
2957,338299558,5802,338305360,0,7,1,6144,17,8000467888
2958,338415891,92528,338508419,0,9,0,18944,38,10571552979
2959,338528191,4850,338533041,0,8,1,5120,6,7195411994
2960,338580653,5712,338586365,0,1,1,14336,22,9727428810
2961,338634180,4420,338638600,0,6,1,11776,40,1156767309
2962,338900242,23895,338924137,0,8,1,43008,6,5766857058
2963,339088710,102908,339191618,0,9,0,37888,38,6303234884
2964,339299106,3422,339302528,0,7,1,3584,17,9277532749
2965,339415625,2470,339418095,0,5,1,2560,37,6782018755
2966,339751999,7706,339759705,0,8,1,8192,6,8184961975
2967,339762802,14117,339776919,0,6,1,24064,40,6272608064
2968,340082771,13341,340096112,0,6,1,22528,40,4438597717
2969,340377867,14804,340392671,0,8,1,28672,6,8131146135
2970,340383303,106496,340489799,0,9,0,49664,38,8137716333
2971,340447766,23378,340471144,0,8,1,41984,6,592210891
2972,340603313,96668,340699981,0,0,0,17408,9,7503346043
2973,341240757,1518,341242275,0,7,1,1536,17,1210820156
2974,341381597,76071,341457668,0,6,1,128000,40,886914402
2975,341474302,102440,341576742,0,9,0,36352,38,7200315914
2976,341805549,2470,341808019,0,7,1,2560,17,7011997577
2977,342037977,4374,342042351,0,1,1,4608,22,4311677174
2978,342195496,25962,342221458,0,6,1,47104,40,9009281170
2979,342262423,1042,342263465,0,5,1,1024,37,97274126
2980,342287758,102284,342390042,0,9,0,35840,38,6802451838
2981,342902114,116636,343018750,0,9,0,82944,38,3033078994
2982,343078162,3898,343082060,0,5,1,4096,37,7057730040
2983,343209317,101348,343310665,0,9,0,32768,38,8523231355
2984,343356569,3898,343360467,0,5,1,4096,37,170507626
2985,343489108,4374,343493482,0,5,1,4608,37,7840975046
2986,343686187,4850,343691037,0,7,1,5120,17,3257906356
2987,344168723,1518,344170241,0,7,1,1536,17,738079891
2988,344327737,60824,344388561,0,9,0,5632,38,7794160065
2989,344466612,5196,344471808,0,7,1,13312,17,7979932079
2990,344477249,104468,344581717,0,9,0,43008,38,8472098959
2991,344654385,24412,344678797,0,8,1,44032,6,4900990433
2992,344828061,16096,344844157,0,8,1,31232,6,967141321
2993,344830690,23637,344854327,0,6,1,42496,40,8365832427
2994,345332581,124458,345457039,0,6,1,202240,40,920427548
2995,345368595,566,345369161,0,5,1,512,37,1084306729
2996,345428120,3422,345431542,0,8,1,3584,6,1114977117
2997,345430314,28351,345458665,0,6,1,2560,40,2952209220
2998,345483508,5712,345489220,0,7,1,14336,17,7408293465
2999,345906044,10241,345916285,0,8,1,16384,6,418661168
3000,346008596,7706,346016302,0,7,1,8192,17,6098404488
3001,346135953,4679,346140632,0,1,1,12288,22,6881676596
3002,346200161,99320,346299481,0,9,0,26112,38,4279283123
3003,346277655,5454,346283109,0,6,1,13824,40,5228079468
3004,346643370,2946,346646316,0,1,1,3072,22,2099803767
3005,346674736,7230,346681966,0,6,1,7680,40,260568380
3006,346696035,7706,346703741,0,1,1,8192,22,10413036517
3007,346764608,24412,346789020,0,8,1,44032,6,9039836484
3008,346934296,4420,346938716,0,8,1,11776,6,2315609240
3009,346938811,1042,346939853,0,1,1,1024,22,3427116006
3010,347533430,11274,347544704,0,8,1,18432,6,4086044308
3011,347647139,12308,347659447,0,6,1,20480,40,7773176446
3012,347656101,24670,347680771,0,6,1,44544,40,537592788
3013,347684507,12825,347697332,0,5,1,21504,37,6755626921
3014,347753238,566,347753804,0,1,1,512,22,2961834561
3015,347972856,5712,347978568,0,6,1,14336,40,8227697432
3016,347998188,2946,348001134,0,1,1,3072,22,10196952869
3017,348181567,3422,348184989,0,7,1,3584,17,975949752
3018,348266997,71000,348337997,0,9,0,13824,38,9648574481
3019,348322150,114175,348436325,0,9,0,36864,38,1093220883
3020,348990121,3422,348993543,0,5,1,3584,37,9491736925
3021,349312716,1994,349314710,0,1,1,2048,22,6581119713
3022,349543409,24242,349567651,0,8,1,40448,6,6890619281
3023,349801950,52808,349854758,0,8,1,86016,6,3216548038
3024,350104531,566,350105097,0,5,1,512,37,9140451685
3025,350377030,23208,350400238,0,8,1,38400,6,6965905514
3026,350527247,115856,350643103,0,9,0,80384,38,5660218789
3027,350943238,1994,350945232,0,1,1,2048,22,8668605619
3028,351066276,46988,351113264,0,6,1,81408,40,2361474839
3029,351109602,7706,351117308,0,1,1,8192,22,2623900771
3030,351270187,1994,351272181,0,8,1,2048,6,10247781738
3031,351490237,1994,351492231,0,5,1,2048,37,4252966042
3032,351834898,4937,351839835,0,7,1,12800,17,3066270670
3033,352207871,63966,352271837,0,8,1,104448,6,10543490903
3034,352316748,3422,352320170,0,7,1,3584,17,6855802164
3035,352330197,5326,352335523,0,8,1,5632,6,6610291337
3036,352507845,14117,352521962,0,8,1,24064,6,9503114494
3037,352724148,5454,352729602,0,8,1,13824,6,1582353074
3038,352800106,113984,352914090,0,9,0,74240,38,2655890887
3039,353261804,5326,353267130,0,6,1,5632,40,3734345790
3040,353329542,84216,353413758,0,8,1,137216,6,4696188370
3041,353541586,2946,353544532,0,1,1,3072,22,7693435267
3042,353551853,13253,353565106,0,5,1,25600,37,4311540307
3043,353592310,3422,353595732,0,5,1,3584,37,5881517376
3044,353657932,3898,353661830,0,8,1,4096,6,4963323549
3045,353802158,12308,353814466,0,5,1,20480,37,2262613414
3046,353849966,3898,353853864,0,7,1,4096,17,7880403183
3047,354015961,103691,354119652,0,1,1,168448,22,7523948520
3048,354273971,61899,354335870,0,1,1,100352,22,8105656333
3049,354380483,15321,354395804,0,8,1,29696,6,3669610945
3050,354394451,3898,354398349,0,6,1,4096,40,4312327821
3051,354396257,20882,354417139,0,6,1,33792,40,480942682
3052,354438391,22950,354461341,0,6,1,37888,40,10279788005
3053,354811419,3904,354815323,0,7,1,10752,17,9105884970
3054,354827629,1042,354828671,0,7,1,1024,17,3985991009
3055,354871771,3128,354874899,0,8,1,9216,6,784826301
3056,355285574,23208,355308782,0,1,1,38400,22,6643552371
3057,355478403,5802,355484205,0,7,1,6144,17,8999443373
3058,355566403,68996,355635399,0,9,0,12288,38,5783264335
3059,355775939,1994,355777933,0,5,1,2048,37,10497184272
3060,355999537,106028,356105565,0,9,0,48128,38,7917930945
3061,356114903,20624,356135527,0,6,1,33280,40,7242375837
3062,356156335,64483,356220818,0,8,1,105472,6,4808080075
3063,356191311,106340,356297651,0,9,0,49152,38,1970475707
3064,356455116,24929,356480045,0,6,1,45056,40,3245454291
3065,356538344,54358,356592702,0,8,1,89088,6,666640449
3066,356635332,101366,356736698,0,8,1,163840,6,4381004160
3067,356636045,11016,356647061,0,1,1,17920,22,1552462619
3068,356693251,3898,356697149,0,5,1,4096,37,6331551841
3069,356861044,2470,356863514,0,5,1,2560,37,6384439473
3070,357114939,2470,357117409,0,5,1,2560,37,10473876219
3071,357226727,74852,357301579,0,9,0,16384,38,3684584493
3072,357376852,4374,357381226,0,7,1,4608,17,555068677
3073,357795254,134066,357929320,0,1,1,217600,22,1901802388
3074,357951684,6278,357957962,0,7,1,6656,17,9121074679
3075,357978728,566,357979294,0,6,1,512,40,9213778023
3076,358895720,67904,358963624,0,9,0,8704,38,9661360717
3077,359012052,101972,359114024,0,9,0,34816,38,2103796522
3078,359057175,2470,359059645,0,1,1,2560,22,2050588466
3079,359376517,32299,359408816,0,1,1,52736,22,10367193317
3080,359831390,23637,359855027,0,8,1,42496,6,7705201252
3081,359843842,79748,359923590,0,9,0,12288,38,1148616542
3082,359985391,2470,359987861,0,7,1,2560,17,5157182807
3083,360021179,4850,360026029,0,7,1,5120,17,7305587255
3084,360029384,114764,360144148,0,9,0,76800,38,6241139499
3085,360382785,5326,360388111,0,5,1,5632,37,3541877355
3086,360631082,6229,360637311,0,7,1,15360,17,6877466991
3087,360835165,22433,360857598,0,1,1,36864,22,8238043439
3088,361257002,99164,361356166,0,9,0,25600,38,4754662703
3089,361544377,55748,361600125,0,9,0,4096,38,4813695875
3090,361596591,32299,361628890,0,8,1,52736,6,2804229963
3091,361673456,98540,361771996,0,9,0,23552,38,6116364217
3092,361791974,20882,361812856,0,1,1,33792,22,6789660568
3093,361906899,3645,361910544,0,1,1,10240,22,10312184015
3094,362020022,13083,362033105,0,1,1,22016,22,5138260223
3095,362125585,7230,362132815,0,7,1,7680,17,8130913305
3096,362212177,89144,362301321,0,9,0,17920,38,6695121410
3097,362281721,3128,362284849,0,7,1,9216,17,4113624938
3098,362321422,4374,362325796,0,7,1,4608,17,6324484104
3099,362518600,3128,362521728,0,7,1,9216,17,4821486198
3100,362574297,55748,362630045,0,9,0,4096,38,2431585684
3101,362806432,6229,362812661,0,7,1,15360,17,8556972316
3102,362882904,44404,362927308,0,1,1,76288,22,2971565286
3103,362932861,72024,363004885,0,6,1,116736,40,2170465113
3104,363221022,20366,363241388,0,1,1,32768,22,6611673952
3105,363313093,5712,363318805,0,5,1,14336,37,7373475056
3106,363719234,95600,363814834,0,9,0,18944,38,8178951773
3107,363775135,4679,363779814,0,5,1,12288,37,1362704808
3108,363887647,3645,363891292,0,7,1,10240,17,7665366503
3109,364041666,1994,364043660,0,7,1,2048,17,426749267
3110,364763793,72283,364836076,0,1,1,117248,22,6908909038
3111,364817151,7230,364824381,0,5,1,7680,37,5396260856
3112,364872742,1042,364873784,0,7,1,1024,17,8814761129
3113,365065542,1994,365067536,0,7,1,2048,17,628411674
3114,365648429,2470,365650899,0,5,1,2560,37,81239087
3115,365703555,2470,365706025,0,7,1,2560,17,1565007528
3116,365830190,83441,365913631,0,6,1,135680,40,2499727716
3117,366019161,56337,366075498,0,1,1,96256,22,10581128563
3118,366151065,1994,366153059,0,5,1,2048,37,1951672881
3119,366352440,16354,366368794,0,8,1,31744,6,3520066909
3120,366356800,68035,366424835,0,8,1,101888,6,8711966687
3121,366543912,566,366544478,0,1,1,512,22,5956634187
3122,366593006,6754,366599760,0,7,1,7168,17,3678217229
3123,366822338,105929,366928267,0,1,1,176128,22,1292839055
3124,366883856,566,366884422,0,7,1,512,17,6361796988
3125,367569164,13083,367582247,0,6,1,22016,40,4834214827
3126,367797217,47288,367844505,0,6,0,1536,40,9426962350
3127,367911322,25962,367937284,0,6,1,47104,40,2793330119
3128,367993901,566,367994467,0,8,1,512,6,9266317584
3129,368012407,61448,368073855,0,9,0,7680,38,10161199792
3130,368034928,2470,368037398,0,5,1,2560,37,8613010460
3131,368067138,3422,368070560,0,7,1,3584,17,4013155895
3132,368141729,3898,368145627,0,5,1,4096,37,4257572679
3133,368180029,26479,368206508,0,8,1,48128,6,8383374128
3134,368383595,5971,368389566,0,8,1,14848,6,1871221750
3135,368424421,20882,368445303,0,1,1,33792,22,6145028556
3136,368590887,71507,368662394,0,6,1,115712,40,3469801774
3137,368674465,1518,368675983,0,5,1,1536,37,3237596969
3138,368772998,49954,368822952,0,6,0,1536,40,4338364141
3139,368796330,12995,368809325,0,1,1,25088,22,10210626914
3140,368914206,3387,368917593,0,8,1,9728,6,7495473769
3141,368936523,43975,368980498,0,6,1,72192,40,1526576851
3142,368982384,23208,369005592,0,8,1,38400,6,2296441339
3143,369039688,6754,369046442,0,5,1,7168,37,10561136243
3144,369572580,5802,369578382,0,6,1,6144,40,5323679811
3145,369591050,54411,369645461,0,6,0,2560,40,2838312647
3146,369704374,11274,369715648,0,8,1,18432,6,4287364202
3147,369994940,7706,370002646,0,8,1,8192,6,9815846055
3148,370373364,2470,370375834,0,5,1,2560,37,6629715229
3149,370433643,45596,370479239,0,6,0,1024,40,3509500314
3150,370575081,3645,370578726,0,8,1,10240,6,9309799901
3151,370706366,3898,370710264,0,6,1,4096,40,10391123335
3152,370847377,64137,370911514,0,1,1,108032,22,3171322769
3153,371180105,76856,371256961,0,9,0,17920,38,7175389805
3154,371671338,65946,371737284,0,8,1,111616,6,537182220
3155,371865037,2470,371867507,0,5,1,2560,37,4071819533
3156,371965470,2470,371967940,0,6,1,2560,40,8168474893
3157,372111954,13600,372125554,0,1,1,23040,22,5367303288
3158,372117264,566,372117830,0,7,1,512,17,847763093
3159,372430395,5802,372436197,0,5,1,6144,37,9360914054
3160,372567586,43904,372611490,0,6,0,512,40,4220522320
3161,372575834,33245,372609079,0,8,1,57856,6,1586488459
3162,372613417,45596,372659013,0,6,0,1024,40,9711157914
3163,372872057,3387,372875444,0,5,1,9728,37,3083315446
3164,372878118,22433,372900551,0,1,1,36864,22,4357439616
3165,373071192,42683,373113875,0,8,1,69632,6,581019619
3166,373186406,43904,373230310,0,6,0,512,40,8796757627
3167,373215210,4850,373220060,0,6,1,5120,40,10212231714
3168,373241649,41391,373283040,0,1,1,67072,22,6203993758
3169,373300797,54100,373354897,0,1,1,88576,22,10485690990
3170,373398475,101504,373499979,0,9,0,33280,38,7161108295
3171,373550933,67148,373618081,0,9,0,11264,38,7507115125
3172,374103372,15062,374118434,0,8,1,29184,6,7662986320
3173,374377433,124975,374502408,0,8,1,203264,6,9221315566
3174,374467831,55980,374523811,0,8,1,69632,6,10641362087
3175,374590178,566,374590744,0,6,1,512,40,10667415414
3176,374613758,43904,374657662,0,6,0,512,40,7036998624
3177,374688114,566,374688680,0,5,1,512,37,5311247345
3178,375227852,2870,375230722,0,6,1,8704,40,4648258996
3179,375256726,131741,375388467,0,8,1,212992,6,5568958003
3180,375524764,50672,375575436,0,6,0,2560,40,2653182856
3181,375638129,11016,375649145,0,1,1,17920,22,5726907758
3182,375684332,43904,375728236,0,6,0,512,40,8988419272
3183,375839073,1994,375841067,0,8,1,2048,6,503344195
3184,376229213,43904,376273117,0,6,0,512,40,4958955176
3185,376473117,43904,376517021,0,6,0,512,40,9789761772
3186,376719430,45596,376765026,0,6,0,1024,40,2462699214
3187,376909583,57440,376967023,0,6,0,4608,40,5389532511
3188,376982722,116792,377099514,0,6,0,83456,40,10670407291
3189,377232479,3128,377235607,0,1,1,9216,22,362024434
3190,377507511,11533,377519044,0,5,1,18944,37,10101073611
3191,377603353,101348,377704701,0,6,0,32768,40,6296331071
3192,378272777,2470,378275247,0,6,1,2560,40,861723340
3193,378342128,1042,378343170,0,7,1,1024,17,7645086692
3194,378453595,5326,378458921,0,5,1,5632,37,7122977740
3195,378459630,83156,378542786,0,6,0,18432,40,8417200815
3196,378670781,2946,378673727,0,5,1,3072,37,7639285689
3197,378717919,10499,378728418,0,1,1,16896,22,1024024017
3198,378821025,101036,378922061,0,6,0,31744,40,191090743
3199,379212371,123968,379336339,0,6,0,107008,40,5037316565
3200,379321565,85742,379407307,0,6,0,8704,40,10403938436
3201,379337530,80996,379418526,0,9,0,16384,38,6589095815
3202,379353469,107276,379460745,0,6,0,52224,40,4856323605
3203,379403480,15321,379418801,0,1,1,29696,22,10251524710
3204,379444154,102752,379546906,0,9,0,37376,38,1707652110
3205,379831286,104624,379935910,0,6,0,43520,40,4760183822
3206,380026456,11791,380038247,0,5,1,19456,37,6916063810
3207,380077148,5712,380082860,0,1,1,14336,22,6218499155
3208,380290648,124592,380415240,0,6,0,109056,40,9863511365
3209,380385146,136426,380521572,0,6,0,49152,40,6690547761
3210,380635979,2470,380638449,0,7,1,2560,17,4407686859
3211,380734252,4420,380738672,0,6,1,11776,40,6350228899
3212,380849926,112580,380962506,0,9,0,69632,38,1546917051
3213,381016087,1994,381018081,0,5,1,2048,37,8544007511
3214,381049557,14287,381063844,0,1,1,27648,22,908971966
3215,381064832,3387,381068219,0,7,1,9728,17,4644844125
3216,381159467,62933,381222400,0,1,1,102400,22,10664440708
3217,382094612,114296,382208908,0,6,0,75264,40,4294680156
3218,382232622,102284,382334906,0,6,0,35840,40,3789614339
3219,382309166,1994,382311160,0,6,1,2048,40,5173849036
3220,382586992,3422,382590414,0,5,1,3584,37,9829408991
3221,382591708,76832,382668540,0,6,0,12800,40,1599501947
3222,382655421,74360,382729781,0,9,0,9728,38,615697577
3223,382686993,5326,382692319,0,6,1,5632,40,345434269
3224,382745020,10241,382755261,0,5,1,16384,37,2094494588
3225,382775761,7230,382782991,0,5,1,7680,37,1988481778
3226,382817548,13083,382830631,0,6,1,22016,40,795308625
3227,383359045,107276,383466321,0,9,0,52224,38,5950884875
3228,383560222,81596,383641818,0,6,0,13312,40,993948509
3229,383818577,1042,383819619,0,7,1,1024,17,10370378343
3230,384345395,44492,384389887,0,1,1,73216,22,2434784989
3231,384578261,52988,384631249,0,9,0,5120,38,6008007193
3232,385289632,566,385290198,0,6,1,512,40,7637305178
3233,385473577,5326,385478903,0,1,1,5632,22,4505085545
3234,385645269,152072,385797341,0,6,0,138752,40,7089132145
3235,385657236,2946,385660182,0,6,1,3072,40,5365812550
3236,385991865,10241,386002106,0,1,1,16384,22,7766479585
3237,386099600,7230,386106830,0,6,1,7680,40,2648580073
3238,386131377,7230,386138607,0,1,1,7680,22,7812383041
3239,386213262,99476,386312738,0,6,0,26624,40,8785572698
3240,386625367,2946,386628313,0,1,1,3072,22,4909634570
3241,386691772,3898,386695670,0,7,1,4096,17,6097715214
3242,386804480,130208,386934688,0,9,0,127488,38,7379601664
3243,386933952,109460,387043412,0,6,0,59392,40,1155954296
3244,387043691,1518,387045209,0,6,1,1536,40,7858611580
3245,387080752,187004,387267756,0,9,0,152576,38,1127846304
3246,387118406,11791,387130197,0,1,1,19456,22,1379994875
3247,387173771,95248,387269019,0,9,0,4096,38,10353263469
3248,387610156,10241,387620397,0,1,1,16384,22,442649525
3249,387622926,566,387623492,0,5,1,512,37,4770351577
3250,387753111,1994,387755105,0,7,1,2048,17,5001834373
3251,388076362,1042,388077404,0,5,1,1024,37,1620914338
3252,388090632,2946,388093578,0,1,1,3072,22,7340154718
3253,388350586,83312,388433898,0,6,0,18944,40,1456127337
3254,388359980,2470,388362450,0,7,1,2560,17,5815314146
3255,388443649,1042,388444691,0,7,1,1024,17,9388048732
3256,388486125,3128,388489253,0,7,1,9216,17,7066812033
3257,388719311,22174,388741485,0,6,1,36352,40,900225416
3258,388982845,2946,388985791,0,6,1,3072,40,5017996805
3259,389298958,126308,389425266,0,9,0,114688,38,459638777
3260,389402575,1042,389403617,0,7,1,1024,17,736730074
3261,389708917,83444,389792361,0,6,0,14336,40,6944058585
3262,389921412,6229,389927641,0,1,1,15360,22,4309217547
3263,390209245,1994,390211239,0,7,1,2048,17,6454812860
3264,390661778,100880,390762658,0,9,0,31232,38,1074972976
3265,390750529,120224,390870753,0,6,0,94720,40,7334939666
3266,390802744,6754,390809498,0,5,1,7168,37,7604502257
3267,390944845,99944,391044789,0,9,0,28160,38,4436291245
3268,391436829,1994,391438823,0,1,1,2048,22,6515137090
3269,391542424,5326,391547750,0,5,1,5632,37,9768574400
3270,391653764,1994,391655758,0,7,1,2048,17,1705820363
3271,391818312,5326,391823638,0,6,1,5632,40,1766192716
3272,391928510,5326,391933836,0,5,1,5632,37,8476924124
3273,391938294,3128,391941422,0,1,1,9216,22,9452927839
3274,391948353,85004,392033357,0,6,0,19456,40,3859264775
3275,391998658,2946,392001604,0,5,1,3072,37,10104416574
3276,392229184,1518,392230702,0,5,1,1536,37,9127138346
3277,392412620,4679,392417299,0,5,1,12288,37,744522759
3278,392542227,106340,392648567,0,6,0,49152,40,5360030079
3279,392610609,116258,392726867,0,6,0,26624,40,9299172580
3280,392696184,5802,392701986,0,6,1,6144,40,1951117567
3281,392703985,3898,392707883,0,5,1,4096,37,5557493295
3282,392987427,5802,392993229,0,5,1,6144,37,8514205660
3283,393005296,566,393005862,0,1,1,512,22,4398764738
3284,393026500,1042,393027542,0,6,1,1024,40,8273356388
3285,393260667,4374,393265041,0,7,1,4608,17,2126059727
3286,393314959,98540,393413499,0,9,0,23552,38,5605435184
3287,393380265,4374,393384639,0,7,1,4608,17,2962690637
3288,393432715,3422,393436137,0,6,1,3584,40,2546781518
3289,393703352,1042,393704394,0,5,1,1024,37,226713623
3290,393730495,101660,393832155,0,9,0,33792,38,7450968778
3291,393859285,110708,393969993,0,6,0,63488,40,4826799501
3292,393875919,98613,393974532,0,6,0,14848,40,8591500837
3293,394217347,1518,394218865,0,6,1,1536,40,6989449027
3294,394272472,1042,394273514,0,7,1,1024,17,7507297953
3295,394419164,1518,394420682,0,1,1,1536,22,10298862842
3296,394710432,1518,394711950,0,5,1,1536,37,8620454310
3297,394747643,114764,394862407,0,6,0,76800,40,2151167721
3298,394789570,5712,394795282,0,1,1,14336,22,662850162
3299,394899559,566,394900125,0,5,1,512,37,10202680585
3300,394984136,7706,394991842,0,5,1,8192,37,5094578023
3301,394994930,65900,395060830,0,9,0,7168,38,5219197827
3302,395347947,4374,395352321,0,5,1,4608,37,1011561055
3303,395560738,185912,395746650,0,6,0,148992,40,4781852188
3304,395680111,7706,395687817,0,6,1,8192,40,9255767191
3305,395904224,60824,395965048,0,9,0,5632,38,124940564
3306,395934883,4850,395939733,0,5,1,5120,37,2933687936
3307,396075981,1518,396077499,0,7,1,1536,17,4730830950
3308,396599751,566,396600317,0,1,1,512,22,87021265
3309,396810969,1518,396812487,0,5,1,1536,37,4087027387
3310,396965868,124280,397090148,0,6,0,108032,40,3916971434
3311,397018694,10499,397029193,0,6,1,16896,40,10037464630
3312,397086028,9566,397095594,0,6,1,13824,40,9731313526
3313,397217491,130646,397348137,0,6,0,97792,40,2774486062
3314,397329468,566,397330034,0,7,1,512,17,3523739581
3315,397347409,1994,397349403,0,5,1,2048,37,7145362381
3316,397374958,5802,397380760,0,5,1,6144,37,8300297241
3317,397599582,7230,397606812,0,1,1,7680,22,10174810483
3318,397748092,2870,397750962,0,6,1,8704,40,7968599530
3319,398010752,4937,398015689,0,7,1,12800,17,9142624614
3320,398072738,5326,398078064,0,5,1,5632,37,4754280846
3321,398130212,100880,398231092,0,9,0,31232,38,3864430819
3322,398168057,224081,398392138,0,9,0,170496,38,4533631448
3323,398241244,176058,398417302,0,9,0,18944,38,10264684813
3324,398350686,1994,398352680,0,7,1,2048,17,4755496040
3325,398377661,3422,398381083,0,6,1,3584,40,9458456546
3326,398587471,1994,398589465,0,7,1,2048,17,5355942662
3327,398781316,13083,398794399,0,7,1,22016,17,6948786250
3328,398786675,9350,398796025,0,7,1,2560,17,7108047011
3329,398876762,4937,398881699,0,6,1,12800,40,5663825301
3330,399219525,73916,399293441,0,6,0,13312,40,5662929494
3331,399220293,106340,399326633,0,9,0,49152,38,10729380685
3332,399523897,1994,399525891,0,5,1,2048,37,4845570604
3333,399543831,11274,399555105,0,6,1,18432,40,6365753228
3334,399742498,566,399743064,0,5,1,512,37,5083223929
3335,399768672,7230,399775902,0,1,1,7680,22,5089546571
3336,400112705,174692,400287397,0,6,0,147456,40,4433698999
3337,400143646,566,400144212,0,7,1,512,17,3710817357
3338,400183635,111628,400295263,0,6,0,15872,40,6184565963
3339,400576299,103688,400679987,0,6,0,40448,40,9704401382
3340,400638153,57998,400696151,0,6,0,512,40,7195746016
3341,400664508,5326,400669834,0,1,1,5632,22,6413306731
3342,400795333,2870,400798203,0,5,1,8704,37,3045183714
3343,400868984,2946,400871930,0,6,1,3072,40,8400539394
3344,401317414,5326,401322740,0,1,1,5632,22,1107210024
3345,401537808,2470,401540278,0,7,1,2560,17,2683848902
3346,401639971,100256,401740227,0,9,0,29184,38,8620925387
3347,401906828,84404,401991232,0,6,0,22528,40,259468937
3348,401990677,1518,401992195,0,1,1,1536,22,1255550737
3349,402239460,99476,402338936,0,6,0,26624,40,2263848561
3350,402354057,11016,402365073,0,5,1,17920,37,1763904784
3351,402425362,13770,402439132,0,7,1,26624,17,9795445880
3352,402480337,5802,402486139,0,5,1,6144,37,238999513
3353,402907415,3898,402911313,0,6,1,4096,40,2204897836
3354,403054751,60824,403115575,0,6,0,5632,40,915039156
3355,403088810,2470,403091280,0,1,1,2560,22,205234589
3356,403227596,60068,403287664,0,9,0,8192,38,365204470
3357,403308241,1994,403310235,0,7,1,2048,17,9929524709
3358,403355190,1518,403356708,0,5,1,1536,37,3062826682
3359,403999277,7230,404006507,0,7,1,7680,17,8194315020
3360,404156378,43904,404200282,0,9,0,512,38,6913016270
3361,404176998,100100,404277098,0,6,0,28672,40,5186699718
3362,404264273,4937,404269210,0,7,1,12800,17,2849018964
3363,404278447,99320,404377767,0,9,0,26112,38,2867103351
3364,404365595,7230,404372825,0,5,1,7680,37,211532244
3365,404385314,4374,404389688,0,7,1,4608,17,5321021925
3366,404506732,68084,404574816,0,9,0,14336,38,5278978000
3367,404687289,2470,404689759,0,6,1,2560,40,5546449741
3368,404697764,106652,404804416,0,6,0,50176,40,8918737449
3369,404704113,4374,404708487,0,7,1,4608,17,8920397497
3370,404780612,67592,404848204,0,9,0,7680,38,4473018659
3371,404847754,4420,404852174,0,1,1,11776,22,2961742822
3372,404952225,6278,404958503,0,1,1,6656,22,1196969339
3373,404988989,109304,405098293,0,6,0,58880,40,10234686931
3374,405214913,566,405215479,0,6,1,512,40,10450192930
3375,405239917,101504,405341421,0,6,0,33280,40,9772094120
3376,405284801,2946,405287747,0,1,1,3072,22,7934265948
3377,405320357,109616,405429973,0,9,0,59904,38,1708481834
3378,405366163,3422,405369585,0,6,1,3584,40,3318402715
3379,405473856,86204,405560060,0,9,0,13312,38,1446924485
3380,405573222,5802,405579024,0,5,1,6144,37,9688918489
3381,405582466,84512,405666978,0,9,0,12800,38,2827236582
3382,405961785,1994,405963779,0,7,1,2048,17,6877164207
3383,406031628,2470,406034098,0,7,1,2560,17,7941457276
3384,406200595,4679,406205274,0,1,1,12288,22,8794812438
3385,406523126,2870,406525996,0,5,1,8704,37,1045779465
3386,406669574,5971,406675545,0,7,1,14848,17,2607284843
3387,406676848,100724,406777572,0,6,0,30720,40,4967103219
3388,406742534,68528,406811062,0,6,0,10752,40,5586018735
3389,406900525,103376,407003901,0,6,0,39424,40,5924422980
3390,406945269,100568,407045837,0,9,0,30208,38,8973932790
3391,406990697,126786,407117483,0,9,0,37376,38,2729916122
3392,407570019,123032,407693051,0,6,0,103936,40,1993822546
3393,407576584,3387,407579971,0,5,1,9728,37,8853982449
3394,407913194,5326,407918520,0,5,1,5632,37,1906608402
3395,408154259,4374,408158633,0,1,1,4608,22,4450159746
3396,408379917,3128,408383045,0,1,1,9216,22,7017476032
3397,408477239,2946,408480185,0,6,1,3072,40,8908229551
3398,408681146,7706,408688852,0,1,1,8192,22,1780338261
3399,408773165,1518,408774683,0,1,1,1536,22,1365692926
3400,408793628,1518,408795146,0,6,1,1536,40,8913450360
3401,408863364,104780,408968144,0,6,0,44032,40,5652598694
3402,408911967,2470,408914437,0,6,1,2560,40,3495309711
3403,408929987,1518,408931505,0,7,1,1536,17,5750288612
3404,409017949,76832,409094781,0,6,0,12800,40,1742593627
3405,409020056,82873,409102929,0,6,0,14336,40,4162193785
3406,409197915,100880,409298795,0,9,0,31232,38,3051609009
3407,409404641,125840,409530481,0,9,0,113152,38,3519490068
3408,409776448,92972,409869420,0,6,0,15360,40,10407657916
3409,409816837,1518,409818355,0,7,1,1536,17,183186851
3410,409826890,115700,409942590,0,6,0,79872,40,2179822300
3411,409962871,566,409963437,0,5,1,512,37,7367032663
3412,410001530,4374,410005904,0,6,1,4608,40,4069126120
3413,410180384,2870,410183254,0,5,1,8704,37,4468869416
3414,410284161,189812,410473973,0,6,0,161792,40,2691813749
3415,410291560,7706,410299266,0,6,1,8192,40,3472352649
3416,410296933,106652,410403585,0,9,0,50176,38,3404528331
3417,410386972,4162,410391134,0,6,1,11264,40,9127689186
3418,410610308,98696,410709004,0,6,0,24064,40,2989228242
3419,410731299,2946,410734245,0,7,1,3072,17,9589442038
3420,410756337,3898,410760235,0,5,1,4096,37,9911038596
3421,410861288,2470,410863758,0,7,1,2560,17,461814436
3422,411020942,196988,411217930,0,9,0,185344,38,5859305086
3423,411106720,1518,411108238,0,5,1,1536,37,8846153884
3424,411267903,2946,411270849,0,5,1,3072,37,1922636788
3425,411293649,86408,411380057,0,6,0,24064,40,8601805541
3426,411314359,5326,411319685,0,1,1,5632,22,6411841248
3427,411774994,54524,411829518,0,9,0,5120,38,8945089013
3428,411899493,100412,411999905,0,6,0,29696,40,6912731862
3429,412027980,75008,412102988,0,6,0,16896,40,179199953
3430,412403016,64208,412467224,0,6,0,6656,40,3921493294
3431,412703808,1994,412705802,0,5,1,2048,37,373082773
3432,412726165,2946,412729111,0,6,1,3072,40,1603428163
3433,412738988,1994,412740982,0,1,1,2048,22,4756614474
3434,412742456,5454,412747910,0,1,1,13824,22,4735913261
3435,413036151,2870,413039021,0,5,1,8704,37,2118722136
3436,413371050,3128,413374178,0,6,1,9216,40,5465079758
3437,413577387,3645,413581032,0,6,1,10240,40,10189905623
3438,413621011,62516,413683527,0,6,0,6144,40,9850059875
3439,413800420,1994,413802414,0,5,1,2048,37,10418729542
3440,413950373,3422,413953795,0,6,1,3584,40,1040502379
3441,414060058,7706,414067764,0,7,1,8192,17,10447186407
3442,414256777,99944,414356721,0,6,0,28160,40,9485124630
3443,414269761,7230,414276991,0,7,1,7680,17,2982296554
3444,414480308,1518,414481826,0,7,1,1536,17,7497472694
3445,414539752,87164,414626916,0,6,0,21504,40,450106247
3446,414664702,1518,414666220,0,7,1,1536,17,1448807271
3447,415039977,2470,415042447,0,6,1,2560,40,10730953991
3448,415270086,5712,415275798,0,5,1,14336,37,3328249558
3449,415322503,108680,415431183,0,6,0,56832,40,5223764656
3450,415657333,48980,415706313,0,9,0,2048,38,272192611
3451,415706726,114764,415821490,0,6,0,76800,40,2444508659
3452,415856773,3422,415860195,0,7,1,3584,17,9797374108
3453,416325085,1518,416326603,0,7,1,1536,17,5817793600
3454,416361913,566,416362479,0,5,1,512,37,10460715047
3455,417353408,3422,417356830,0,7,1,3584,17,6890079681
3456,417657819,4374,417662193,0,6,1,4608,40,4472261127
3457,418023924,47288,418071212,0,6,0,1536,40,3839472521
3458,418897129,3128,418900257,0,7,1,9216,17,6339095993
3459,418934781,2946,418937727,0,6,1,3072,40,4658181974
3460,419016895,104468,419121363,0,9,0,43008,38,7326002458
3461,419350236,6278,419356514,0,6,1,6656,40,9565800920
3462,419515929,2470,419518399,0,6,1,2560,40,7996025557
3463,419548577,67592,419616169,0,9,0,7680,38,1168751473
3464,419619805,3904,419623709,0,7,1,10752,17,10175009574
3465,419997957,117572,420115529,0,6,0,86016,40,3990381260
3466,420012625,1042,420013667,0,7,1,1024,17,8348740981
3467,420106866,3422,420110288,0,5,1,3584,37,9717135860
3468,420148973,5802,420154775,0,7,1,6144,17,3396106125
3469,420149650,98696,420248346,0,9,0,24064,38,6758864535
3470,420169380,4679,420174059,0,6,1,12288,40,5024212111
3471,420242491,13341,420255832,0,5,1,22528,37,5257771705
3472,420248703,9395,420258098,0,5,1,3584,37,7863692619
3473,420339317,55748,420395065,0,6,0,4096,40,5613237107
3474,420344972,2470,420347442,0,6,1,2560,40,3067798245
3475,420383794,43904,420427698,0,9,0,512,38,8491680961
3476,420430610,1994,420432604,0,6,1,2048,40,7877465884
3477,420504862,75920,420580782,0,6,0,14848,40,5590851028
3478,420718310,2470,420720780,0,7,1,2560,17,10541145581
3479,420777470,4850,420782320,0,6,1,5120,40,3248864772
3480,420959445,7706,420967151,0,7,1,8192,17,9653273487
3481,421014321,6278,421020599,0,6,1,6656,40,9754186727
3482,421079828,98072,421177900,0,9,0,22016,38,6684294226
3483,421109451,111157,421220608,0,6,0,9728,40,8366060532
3484,421178556,86204,421264760,0,6,0,13312,40,8633752066
3485,421385397,5802,421391199,0,5,1,6144,37,7545953124
3486,421476532,566,421477098,0,7,1,512,17,8472861650
3487,421488221,64208,421552429,0,6,0,6656,40,5964313516
3488,422168310,13770,422182080,0,6,1,26624,40,3304388162
3489,422412786,5196,422417982,0,7,1,13312,17,1951642908
3490,422483072,5802,422488874,0,7,1,6144,17,270879895
3491,422599955,118352,422718307,0,9,0,88576,38,1613107511
3492,422741906,4374,422746280,0,6,1,4608,40,4707123935
3493,422884645,118976,423003621,0,9,0,90624,38,2445437825
3494,422998132,566,422998698,0,7,1,512,17,3923432672
3495,423062485,2470,423064955,0,6,1,2560,40,9478739199
3496,423145139,6754,423151893,0,5,1,7168,37,3333972079
3497,423154254,5712,423159966,0,6,1,14336,40,5973032281
3498,423263350,1042,423264392,0,7,1,1024,17,3850655047
3499,423661167,4162,423665329,0,7,1,11264,17,6824441686
3500,423797266,80996,423878262,0,6,0,16384,40,5114891764
3501,424376379,12737,424389116,0,7,1,24576,17,2051369986
3502,424480354,1994,424482348,0,5,1,2048,37,1952296798
3503,424777478,209312,424986790,0,9,0,225792,38,3880247264
3504,424903174,4420,424907594,0,5,1,11776,37,6888515494
3505,425390893,566,425391459,0,6,1,512,40,4090490276
3506,425760781,3422,425764203,0,6,1,3584,40,7595080256
3507,425842793,79772,425922565,0,6,0,17408,40,2200373898
3508,425916483,120380,426036863,0,9,0,95232,38,1895857973
3509,425963618,1994,425965612,0,7,1,2048,17,2853512904
3510,426232394,111644,426344038,0,6,0,66560,40,5599141937
3511,426351778,110084,426461862,0,6,0,61440,40,722982477
3512,426552783,3898,426556681,0,5,1,4096,37,7054828089
3513,426655497,4374,426659871,0,6,1,4608,40,93558557
3514,426800554,62828,426863382,0,9,0,7168,38,888508212
3515,426861894,99476,426961370,0,6,0,26624,40,5602771823
3516,427113043,100100,427213143,0,9,0,28672,38,5113881862
3517,427161150,5326,427166476,0,6,1,5632,40,3039784872
3518,427312397,70532,427382929,0,6,0,12288,40,2938139343
3519,427540863,6278,427547141,0,7,1,6656,17,83769491
3520,428427373,6278,428433651,0,7,1,6656,17,1684249651
3521,428428438,107276,428535714,0,9,0,52224,38,5849121411
3522,428470628,136306,428606934,0,9,0,26624,38,1930704035
3523,428594931,3898,428598829,0,6,1,4096,40,1863470059
3524,429025274,104312,429129586,0,9,0,42496,38,9494734177
3525,429153132,103844,429256976,0,9,0,40960,38,5581372752
3526,429357347,62516,429419863,0,6,0,6144,40,6066338086
3527,430022595,1042,430023637,0,5,1,1024,37,1266492212
3528,430078312,110240,430188552,0,9,0,61952,38,2494545864
3529,430322338,3422,430325760,0,7,1,3584,17,3563427539
3530,430466265,87140,430553405,0,9,0,16384,38,5662434584
3531,430512691,566,430513257,0,7,1,512,17,1701499518
3532,430515250,566,430515816,0,6,1,512,40,103993046
3533,430520944,4374,430525318,0,7,1,4608,17,8574153289
3534,430617372,97472,430714844,0,6,0,25088,40,3143296320
3535,430745781,87920,430833701,0,9,0,18944,38,7719640466
3536,431025617,2946,431028563,0,7,1,3072,17,3562131216
3537,431027567,104312,431131879,0,6,0,42496,40,10737380226
3538,431231821,96980,431328801,0,6,0,18432,40,1409081663
3539,431283595,6754,431290349,0,7,1,7168,17,5836238079
3540,431673824,102440,431776264,0,9,0,36352,38,7512527604
3541,431693474,103466,431796940,0,9,0,23552,38,8603872990
3542,431859592,106652,431966244,0,6,0,50176,40,2294872159
3543,431884522,1042,431885564,0,7,1,1024,17,7372197338
3544,431989405,67592,432056997,0,6,0,7680,40,10093524480
3545,432197880,71600,432269480,0,9,0,10752,38,5966216685
3546,432331886,1518,432333404,0,7,1,1536,17,674853472
3547,432380396,5802,432386198,0,5,1,6144,37,973300031
3548,432556396,4374,432560770,0,7,1,4608,17,6650328088
3549,432575637,566,432576203,0,7,1,512,17,1176762801
3550,432650166,4850,432655016,0,7,1,5120,17,1166438108
3551,432702703,64676,432767379,0,6,0,8192,40,2231855218
3552,432801837,108368,432910205,0,9,0,55808,38,10709418409
3553,432848001,3898,432851899,0,5,1,4096,37,486786525
3554,433161632,2946,433164578,0,5,1,3072,37,1661706472
3555,433183873,3387,433187260,0,5,1,9728,37,6497443640
3556,433286192,105248,433391440,0,9,0,45568,38,8419039498
3557,433583102,120224,433703326,0,6,0,94720,40,3372270567
3558,433721087,67772,433788859,0,9,0,13312,38,9335435440
3559,433943775,73604,434017379,0,9,0,12288,38,7037807691
3560,433986170,3898,433990068,0,7,1,4096,17,3409591263
3561,434432337,3128,434435465,0,7,1,9216,17,5909170064
3562,434747882,1042,434748924,0,7,1,1024,17,8711307782
3563,434769445,2946,434772391,0,5,1,3072,37,4773557846
3564,435138306,2470,435140776,0,5,1,2560,37,491297162
3565,435303751,4374,435308125,0,7,1,4608,17,1510990466
3566,435388270,101660,435489930,0,9,0,33792,38,157724681
3567,435451384,1994,435453378,0,6,1,2048,40,1272187042
3568,435524258,4420,435528678,0,5,1,11776,37,4163722699
3569,436146473,68060,436214533,0,6,0,9216,40,3621956784
3570,436157579,101192,436258771,0,9,0,32256,38,4961164774
3571,436468235,107276,436575511,0,6,0,52224,40,4402326319
3572,436643145,2946,436646091,0,5,1,3072,37,10019178917
3573,436791793,4850,436796643,0,6,1,5120,40,8687351405
3574,436959144,3898,436963042,0,6,1,4096,40,9751827491
3575,437155805,100724,437256529,0,6,0,30720,40,146064460
3576,437182549,5326,437187875,0,6,1,5632,40,4124240489
3577,437360389,3645,437364034,0,5,1,10240,37,8497420284
3578,437493537,112424,437605961,0,6,0,69120,40,4130529527
3579,437518146,112268,437630414,0,9,0,68608,38,1820028156
3580,437758180,6278,437764458,0,6,1,6656,40,7409636817
3581,437984662,96560,438081222,0,9,0,27136,38,108978498
3582,438195701,109304,438305005,0,6,0,58880,40,7720130049
3583,438389599,112580,438502179,0,9,0,69632,38,7368586829
3584,438570503,3898,438574401,0,6,1,4096,40,9693227074
3585,438633053,3422,438636475,0,5,1,3584,37,8904268691
3586,438784364,1518,438785882,0,6,1,1536,40,6899768902
3587,438970281,58532,439028813,0,9,0,8192,38,8001772787
3588,439036555,3128,439039683,0,5,1,9216,37,9883918263
3589,439273728,113048,439386776,0,9,0,71168,38,2737416964
3590,439294689,23378,439318067,0,5,1,41984,37,5125772122
3591,439407491,2946,439410437,0,6,1,3072,40,6264925030
3592,439449044,81128,439530172,0,9,0,11776,38,3497236359
3593,439474659,566,439475225,0,7,1,512,17,1790547653
3594,439601020,86196,439687216,0,5,1,144384,37,8751983981
3595,439697532,3422,439700954,0,6,1,3584,40,7088433010
3596,439947063,114608,440061671,0,6,0,76288,40,7183475413
3597,440362217,566,440362783,0,6,1,512,40,7891907720
3598,440843473,32041,440875514,0,5,1,52224,37,5350325784
3599,441351024,5326,441356350,0,6,1,5632,40,9420108373
3600,441354758,2898,441357656,0,6,1,2048,40,4022956407
3601,441471423,101504,441572927,0,6,0,33280,40,2384069106
3602,441647617,42941,441690558,0,5,1,70144,37,8731969086
3603,441759523,69620,441829143,0,9,0,14336,38,5648170129
3604,441999797,44145,442043942,0,5,1,75776,37,312167259
3605,442204979,6278,442211257,0,5,1,6656,37,3512447917
3606,442292498,3422,442295920,0,7,1,3584,17,2266684179
3607,442415806,4850,442420656,0,7,1,5120,17,9393024226
3608,442462271,1518,442463789,0,7,1,1536,17,6255611373
3609,442639385,1042,442640427,0,6,1,1024,40,5852536182
3610,442811482,6278,442817760,0,6,1,6656,40,10387884808
3611,443152582,90056,443242638,0,9,0,15872,38,9492494745
3612,443307844,3898,443311742,0,6,1,4096,40,9094527200
3613,443447350,1518,443448868,0,7,1,1536,17,6081772131
3614,443461349,108922,443570271,0,6,0,51712,40,4566979136
3615,443467864,4374,443472238,0,6,1,4608,40,7930042763
3616,443567924,108523,443676447,0,6,0,48640,40,8818949645
3617,443616202,105716,443721918,0,9,0,47104,38,6205656015
3618,444462394,48980,444511374,0,9,0,2048,38,2595386212
3619,444504411,101036,444605447,0,6,0,31744,40,3645495807
3620,445142045,107432,445249477,0,6,0,52736,40,6216491786
3621,445265691,78392,445344083,0,9,0,17920,38,7192166025
3622,445407586,65946,445473532,0,5,1,111616,37,949511770
3623,446246464,3128,446249592,0,7,1,9216,17,1383343043
3624,446788651,65170,446853821,0,5,1,110080,37,1648061498
3625,446987953,1042,446988995,0,7,1,1024,17,1423581948
3626,447485902,1518,447487420,0,6,1,1536,40,8833326096
3627,447656559,102596,447759155,0,6,0,36864,40,8441643224
3628,447952488,7230,447959718,0,5,1,7680,37,9350660700
3629,448184841,1994,448186835,0,6,1,2048,40,3756360017
3630,449005481,53753,449059234,0,5,1,91136,37,10655779477
3631,449080928,7706,449088634,0,6,1,8192,40,1041192461
3632,449281310,85136,449366446,0,6,0,14848,40,10734508279
3633,449619215,2470,449621685,0,6,1,2560,40,7378892227
3634,449622544,31266,449653810,0,5,1,50688,37,8795863932
3635,449704217,5326,449709543,0,6,1,5632,40,3250530373
3636,449810622,117884,449928506,0,6,0,87040,40,10162155970
3637,449852302,2470,449854772,0,6,1,2560,40,1097913454
3638,449986071,67592,450053663,0,6,0,7680,40,1370123816
3639,449995366,4162,449999528,0,7,1,11264,17,2957044959
3640,450291186,60824,450352010,0,6,0,5632,40,5773431470
3641,450379949,70976,450450925,0,9,0,8704,38,711709803
3642,450588339,566,450588905,0,6,1,512,40,7245576388
3643,450865639,6754,450872393,0,6,1,7168,40,448388018
3644,450979397,120536,451099933,0,6,0,95744,40,6350169463
3645,451101400,47288,451148688,0,9,0,1536,38,10100417511
3646,451483440,24929,451508369,0,5,1,45056,37,4014160206
3647,451938406,1994,451940400,0,6,1,2048,40,4368017138
3648,452019392,63452,452082844,0,9,0,9216,38,1616342324
3649,452181258,20366,452201624,0,5,1,32768,37,4797334483
3650,452193212,4374,452197586,0,6,1,4608,40,10495126555
3651,452236454,2946,452239400,0,6,1,3072,40,8059117842
3652,452256733,4850,452261583,0,6,1,5120,40,1110846160
3653,452328940,101816,452430756,0,9,0,34304,38,8436118548
3654,452426616,1994,452428610,0,6,1,2048,40,10235483229
3655,452592218,3898,452596116,0,7,1,4096,17,2601603122
3656,452806096,82220,452888316,0,6,0,15360,40,3598737320
3657,452896955,5326,452902281,0,6,1,5632,40,6763109931
3658,452929058,84512,453013570,0,6,0,12800,40,2787497540
3659,453269598,111956,453381554,0,6,0,67584,40,8960733792
3660,453293233,12825,453306058,0,5,1,21504,37,3233799295
3661,453329510,75918,453405428,0,6,0,8704,40,7528105935
3662,453436292,33333,453469625,0,5,1,54784,37,6557826857
3663,453745148,122252,453867400,0,9,0,101376,38,6899131580
3664,454109834,65144,454174978,0,6,0,9728,40,4843111025
3665,454510924,5802,454516726,0,6,1,6144,40,9003564664
3666,454846126,3422,454849548,0,6,1,3584,40,469929661
3667,454964291,5802,454970093,0,7,1,6144,17,667884886
3668,455149110,91772,455240882,0,9,0,21504,38,180809106
3669,455166384,6229,455172613,0,7,1,15360,17,3255300394
3670,455229119,6278,455235397,0,6,1,6656,40,6732140248
3671,455299584,212462,455512046,0,6,0,169472,40,8356673229
3672,455652660,86696,455739356,0,9,0,19968,38,7912619215
3673,455686336,68528,455754864,0,6,0,10752,40,5500103695
3674,455708379,5326,455713705,0,7,1,5632,17,8688422756
3675,455863005,566,455863571,0,6,1,512,40,3691346334
3676,456047240,4850,456052090,0,6,1,5120,40,2461638374
3677,456104256,2946,456107202,0,7,1,3072,17,9534445031
3678,456111723,1994,456113717,0,5,1,2048,37,4763908786
3679,456226469,74779,456301248,0,5,1,125440,37,1129075744
3680,456375116,47288,456422404,0,9,0,1536,38,10017403594
3681,456399852,3904,456403756,0,6,1,10752,40,2329545565
3682,456545817,78368,456624185,0,9,0,12800,38,10341475654
3683,456803773,43112,456846885,0,5,1,73728,37,5972939553
3684,456962932,4850,456967782,0,7,1,5120,17,9037615254
3685,457575560,3422,457578982,0,7,1,3584,17,5840010678
3686,457617110,107432,457724542,0,9,0,52736,38,1947994541
3687,457695957,1042,457696999,0,7,1,1024,17,10026357835
3688,457833053,76676,457909729,0,6,0,12288,40,9162375416
3689,458149330,5802,458155132,0,6,1,6144,40,10535788223
3690,458864468,60824,458925292,0,6,0,5632,40,467646532
3691,458963175,43904,459007079,0,6,0,512,40,10426070436
3692,459130980,76208,459207188,0,6,0,10752,40,9087079323
3693,459185126,5802,459190928,0,5,1,6144,37,4223711090
3694,459202218,1042,459203260,0,7,1,1024,17,8926398959
3695,459597443,112424,459709867,0,9,0,69120,38,2736630356
3696,460163283,91616,460254899,0,9,0,20992,38,9121861199
3697,460372150,96980,460469130,0,6,0,18432,40,4467883166
3698,460758863,3904,460762767,0,7,1,10752,17,1405361545
3699,460969585,20624,460990209,0,5,1,33280,37,1174682494
3700,461031211,57908,461089119,0,9,0,6144,38,9933743315
3701,461449664,160064,461609728,0,6,0,139776,40,3626903559
3702,461812407,566,461812973,0,6,1,512,40,3584080995
3703,462005862,105404,462111266,0,6,0,46080,40,849943694
3704,462088290,103532,462191822,0,6,0,39936,40,6673271850
3705,462118301,26221,462144522,0,5,1,47616,37,10416703735
3706,462585494,4420,462589914,0,6,1,11776,40,7625545763
3707,462597533,101348,462698881,0,9,0,32768,38,812462365
3708,462634212,102379,462736591,0,9,0,9216,38,360325806
3709,462665973,3898,462669871,0,6,1,4096,40,2291768564
3710,463026161,10499,463036660,0,6,1,16896,40,532980945
3711,464299837,1518,464301355,0,6,1,1536,40,8386642504
3712,464317820,3898,464321718,0,6,1,4096,40,7639376896
3713,464364829,2946,464367775,0,7,1,3072,17,3791311555
3714,464805648,99320,464904968,0,9,0,26112,38,4063834189
3715,465030747,1042,465031789,0,6,1,1024,40,3350980767
3716,465066384,63191,465129575,0,5,1,102912,37,7885561354
3717,465237179,4374,465241553,0,7,1,4608,17,5217334313
3718,465451099,4420,465455519,0,7,1,11776,17,6184832767
3719,465556902,65300,465622202,0,9,0,10240,38,5025626769
3720,465994706,106808,466101514,0,9,0,50688,38,40037638
3721,466227381,83780,466311161,0,6,0,20480,40,8992639109
3722,466734336,2470,466736806,0,6,1,2560,40,4165669395
3723,466904967,6754,466911721,0,7,1,7168,17,7784411760
3724,466935377,42424,466977801,0,5,1,69120,37,3088725128
3725,467030500,45179,467075679,0,5,1,77824,37,7077081377
3726,467327178,52549,467379727,0,5,1,85504,37,3982406937
3727,467605751,4374,467610125,0,5,1,4608,37,240647794
3728,467679924,566,467680490,0,6,1,512,40,2409048652
3729,467736849,70064,467806913,0,6,0,10752,40,2117803898
3730,467784078,73833,467857911,0,5,1,120320,37,10529685796
3731,467816457,123344,467939801,0,6,0,104960,40,3505126296
3732,468470807,5326,468476133,0,4,1,5632,37,9799874099
3733,468544270,3387,468547657,0,7,1,9728,17,10559726751
3734,468583554,66992,468650546,0,6,0,10752,40,3648145432
3735,468701740,2470,468704210,0,5,1,2560,37,1983801488
3736,468828484,97784,468926268,0,9,0,26112,38,6113798729
3737,468846421,64208,468910629,0,6,0,6656,40,9478773342
3738,469103817,190436,469294253,0,6,0,163840,40,4253509646
3739,469862397,5802,469868199,0,4,1,6144,37,8638935071
3740,469991448,3645,469995093,0,6,1,10240,40,10704748669
3741,470382748,101504,470484252,0,9,0,33280,38,6368085614
3742,470400254,3387,470403641,0,7,1,9728,17,2170056475
3743,470476660,67592,470544252,0,6,0,7680,40,7982156331
3744,471078401,13770,471092171,0,5,1,26624,37,4759068177
3745,471101357,6278,471107635,0,7,1,6656,17,4142071750
3746,471164354,55748,471220102,0,6,0,4096,40,581381621
3747,471227385,5454,471232839,0,4,1,13824,37,6354135189
3748,471242622,2870,471245492,0,4,1,8704,37,3757904873
3749,471417967,13341,471431308,0,6,1,22528,40,3920084665
3750,471522624,57440,471580064,0,6,0,4608,40,9751591466
3751,471565041,47288,471612329,0,9,0,1536,38,9548563543
3752,471578010,1518,471579528,0,4,1,1536,37,8599034244
3753,471651590,47288,471698878,0,6,0,1536,40,6409957593
3754,471699597,2470,471702067,0,7,1,2560,17,7468703140
3755,471878610,3422,471882032,0,7,1,3584,17,6246880047
3756,472006424,108056,472114480,0,9,0,54784,38,1936567066
3757,472168487,2946,472171433,0,7,1,3072,17,9858046759
3758,472191758,60536,472252294,0,9,0,9728,38,5806975925
3759,472627278,100256,472727534,0,6,0,29184,40,2975168487
3760,472681654,75764,472757418,0,9,0,14336,38,2630564684
3761,472806477,3904,472810381,0,5,1,10752,37,7877657249
3762,472946780,4374,472951154,0,4,1,4608,37,3293115070
3763,473023175,1518,473024693,0,7,1,1536,17,7041580174
3764,473160567,16613,473177180,0,5,1,32256,37,2610022173
3765,473635306,102284,473737590,0,9,0,35840,38,6790619578
3766,473774540,3422,473777962,0,4,1,3584,37,7788842877
3767,474176476,14029,474190505,0,4,1,27136,37,10670153387
3768,474242832,1994,474244826,0,6,1,2048,40,10084487410
3769,474305248,76232,474381480,0,9,0,15872,38,4814389899
3770,474331945,5454,474337399,0,7,1,13824,17,3100782607
3771,474653430,3898,474657328,0,6,1,4096,40,6003442982
3772,474738642,100412,474839054,0,6,0,29696,40,7576593628
3773,474770970,1042,474772012,0,6,1,1024,40,4993977084
3774,475275915,4850,475280765,0,6,1,5120,40,8671462507
3775,475308821,88364,475397185,0,6,0,15360,40,1065850213
3776,475371886,64137,475436023,0,5,1,108032,37,3911490721
3777,475442778,3898,475446676,0,6,1,4096,40,5110673049
3778,475501492,6278,475507770,0,4,1,6656,37,4989719241
3779,475540479,47288,475587767,0,6,0,1536,40,1050705479
3780,475619621,6278,475625899,0,4,1,6656,37,4412834365
3781,475763101,3904,475767005,0,6,1,10752,40,10711370587
3782,475878302,84560,475962862,0,9,0,23040,38,7497729511
3783,475898971,1994,475900965,0,6,1,2048,40,4282719552
3784,476235192,65924,476301116,0,6,0,12288,40,5756542227
3785,476259325,4374,476263699,0,6,1,4608,40,10294166024
3786,476619640,3898,476623538,0,6,1,4096,40,8477861266
3787,476747168,5802,476752970,0,7,1,6144,17,8538965218
3788,476753632,1518,476755150,0,4,1,1536,37,10703898270
3789,476989918,2470,476992388,0,4,1,2560,37,654803326
3790,477081306,108212,477189518,0,9,0,55296,38,5548220838
3791,477210476,4850,477215326,0,4,1,5120,37,9751919375
3792,477656818,1518,477658336,0,7,1,1536,17,2202398832
3793,477770071,5196,477775267,0,4,1,13312,37,10398708799
3794,478224687,40616,478265303,0,5,1,65536,37,378231923
3795,478487561,80372,478567933,0,9,0,14336,38,544748122
3796,478657830,32816,478690646,0,5,1,53760,37,4496125823
3797,479258974,31266,479290240,0,5,1,50688,37,10352618670
3798,479307847,99944,479407791,0,9,0,28160,38,6143200249
3799,479345646,2946,479348592,0,7,1,3072,17,9805551074
3800,479358536,22433,479380969,0,5,1,36864,37,2567106536
3801,479416757,81440,479498197,0,9,0,12800,38,7111798534
3802,480030338,22862,480053200,0,5,1,40960,37,7818608924
3803,480059132,55748,480114880,0,6,0,4096,40,2055489772
3804,480060990,129094,480190084,0,6,0,89600,40,9399339659
3805,480386354,4374,480390728,0,4,1,4608,37,454037857
3806,480631863,6754,480638617,0,4,1,7168,37,240476369
3807,480783421,106184,480889605,0,6,0,48640,40,9810607712
3808,480790425,107588,480898013,0,9,0,53248,38,3868997810
3809,481160766,84387,481245153,0,5,1,140800,37,9485567592
3810,481323439,2470,481325909,0,7,1,2560,17,2185901016
3811,481634112,123656,481757768,0,6,0,105984,40,1088247356
3812,481695522,111644,481807166,0,9,0,66560,38,2174604787
3813,481774194,86712,481860906,0,5,1,145408,37,7081196053
3814,481819329,57847,481877176,0,5,1,61440,37,5228676997
3815,481833376,68528,481901904,0,9,0,10752,38,7261420142
3816,481959356,1042,481960398,0,7,1,1024,17,8872460016
3817,482080632,1042,482081674,0,7,1,1024,17,2932081876
3818,482263827,155520,482419347,0,5,1,256000,37,8840690038
3819,482313413,2470,482315883,0,6,1,2560,40,3031693201
3820,482315323,231823,482547146,0,6,0,110080,40,3415236340
3821,482483192,1042,482484234,0,7,1,1024,17,3800674100
3822,482499100,1518,482500618,0,4,1,1536,37,5426803958
3823,483018778,103844,483122622,0,6,0,40960,40,7012446092
3824,483313209,4374,483317583,0,6,1,4608,40,289148127
3825,483343585,103688,483447273,0,9,0,40448,38,3446224971
3826,483445809,6229,483452038,0,5,1,15360,37,5802876281
3827,483616718,4679,483621397,0,6,1,12288,40,7297882795
3828,484041309,566,484041875,0,6,1,512,40,2935130251
3829,484133044,138044,484271088,0,6,0,47616,40,421281504
3830,484492229,1994,484494223,0,7,1,2048,17,3788104784
3831,484629920,1994,484631914,0,7,1,2048,17,1678549172
3832,484778450,82820,484861270,0,6,0,12288,40,7219650277
3833,484849563,51257,484900820,0,5,1,82944,37,4356366316
3834,485247827,115856,485363683,0,6,0,80384,40,6327174953
3835,485370144,1042,485371186,0,6,1,1024,40,1775698799
3836,485375075,106964,485482039,0,1,0,51200,22,1663946112
3837,485406247,1518,485407765,0,6,1,1536,40,1216350248
3838,485533916,4850,485538766,0,6,1,5120,40,1197620458
3839,486472543,4374,486476917,0,6,1,4608,40,3666936721
3840,486783374,79148,486862522,0,6,0,15360,40,8397544531
3841,486958503,2470,486960973,0,7,1,2560,17,7509974687
3842,487438815,11016,487449831,0,5,1,17920,37,2364541069
3843,487654637,6754,487661391,0,4,1,7168,37,7330546591
3844,487853722,54056,487907778,0,9,0,3584,38,10394334818
3845,487997191,36863,488034054,0,5,1,65024,37,2852320614
3846,487998111,2946,488001057,0,4,1,3072,37,6103615626
3847,488338922,22862,488361784,0,5,1,40960,37,5239531719
3848,488460830,2470,488463300,0,7,1,2560,17,7091960582
3849,488693867,48980,488742847,0,6,0,2048,40,3094187694
3850,488767419,54056,488821475,0,6,0,3584,40,1386930648
3851,488834490,3422,488837912,0,4,1,3584,37,4295543074
3852,488941802,1994,488943796,0,6,1,2048,40,10296088659
3853,489243079,1042,489244121,0,4,1,1024,37,2610476513
3854,489346994,5326,489352320,0,7,1,5632,17,4127119557
3855,490386523,3422,490389945,0,6,1,3584,40,3537584772
3856,490447978,3128,490451106,0,5,1,9216,37,9945518146
3857,490506579,2470,490509049,0,6,1,2560,40,5916236230
3858,490679205,5802,490685007,0,4,1,6144,37,543888491
3859,490708728,3422,490712150,0,6,1,3584,40,2551599748
3860,491332201,72692,491404893,0,3,0,14336,41,7038259052
3861,491665030,101504,491766534,0,9,0,33280,38,3433306411
3862,491688858,3422,491692280,0,6,1,3584,40,5054999445
3863,492361206,566,492361772,0,7,1,512,17,2631946906
3864,492379247,3898,492383145,0,4,1,4096,37,1768648868
3865,492416533,566,492417099,0,6,1,512,40,1111831049
3866,492468528,111020,492579548,0,3,0,64512,41,6270476154
3867,492488383,1518,492489901,0,7,1,1536,17,6462892501
3868,492496531,92528,492589059,0,9,0,18944,38,1219564323
3869,492565418,5802,492571220,0,6,1,6144,40,8765812281
3870,492597131,100412,492697543,0,9,0,29696,38,4451073832
3871,492612447,102128,492714575,0,3,0,35328,41,7672414534
3872,492617636,103064,492720700,0,6,0,38400,40,8411829383
3873,492838222,11274,492849496,0,4,1,18432,37,3595299137
3874,492910778,13341,492924119,0,5,1,22528,37,10369846723
3875,493155002,97160,493252162,0,6,0,24064,40,3779522368
3876,493170789,2870,493173659,0,4,1,8704,37,4429546044
3877,493198220,33245,493231465,0,5,1,57856,37,2553127116
3878,493298239,122876,493421115,0,6,0,103424,40,4265735007
3879,493518693,6278,493524971,0,4,1,6656,37,10699860683
3880,493641992,6278,493648270,0,7,1,6656,17,8201054513
3881,493774911,59132,493834043,0,6,0,5120,40,4853573168
3882,493880527,100412,493980939,0,6,0,29696,40,118088600
3883,493896621,267516,494164137,0,6,0,241664,40,6501794143
3884,494013287,25187,494038474,0,5,1,45568,37,5356593742
3885,494063194,123032,494186226,0,9,0,103936,38,6022598477
3886,494078433,2946,494081379,0,6,1,3072,40,3594749960
3887,494492426,104624,494597050,0,3,0,43520,41,10573262562
3888,494703715,2470,494706185,0,7,1,2560,17,10354408776
3889,494914733,100412,495015145,0,9,0,29696,38,8531488968
3890,495241597,129896,495371493,0,3,0,126464,41,3702585834
3891,495243197,1518,495244715,0,4,1,1536,37,5810751736
3892,496115525,6754,496122279,0,6,1,7168,40,6770550346
3893,496152707,7706,496160413,0,4,1,8192,37,9040160004
3894,496249574,20624,496270198,0,5,1,33280,37,4616432733
3895,496264010,2870,496266880,0,4,1,8704,37,9642505279
3896,496385836,566,496386402,0,4,1,512,37,5525618411
3897,496580012,566,496580578,0,7,1,512,17,4704318317
3898,496623705,4679,496628384,0,6,1,12288,40,2472458286
3899,496860819,2946,496863765,0,6,1,3072,40,2449848928
3900,496930475,11533,496942008,0,5,1,18944,37,868975705
3901,496984739,3387,496988126,0,7,1,9728,17,4363763587
3902,496986517,68684,497055201,0,6,0,11264,40,4571696911
3903,497144429,110240,497254669,0,6,0,61952,40,3340377218
3904,497431780,297308,497729088,0,3,0,353280,41,7597109338
3905,497432881,74852,497507733,0,6,0,16384,40,9816843278
3906,497534898,47288,497582186,0,6,0,1536,40,4071273967
3907,498033313,1994,498035307,0,6,1,2048,40,2534742402
3908,498060379,1518,498061897,0,4,1,1536,37,4914540981
3909,498110188,1994,498112182,0,7,1,2048,17,6787592872
3910,498305269,56060,498361329,0,6,0,5120,40,9056766906
3911,498448258,52364,498500622,0,9,0,3072,38,10389478290
3912,498720790,2946,498723736,0,4,1,3072,37,1565942378
3913,498942892,111644,499054536,0,6,0,66560,40,747886389
3914,498977210,3898,498981108,0,6,1,4096,40,9510741690
3915,499082549,6229,499088778,0,4,1,15360,37,2760636026
3916,499134261,1518,499135779,0,7,1,1536,17,6050182583
3917,499163812,1042,499164854,0,6,1,1024,40,4103248985
3918,499324435,3898,499328333,0,6,1,4096,40,7508950439
3919,499354661,64232,499418893,0,3,0,11776,41,1833742196
3920,499458239,1042,499459281,0,7,1,1024,17,50671749
3921,499467468,69440,499536908,0,3,0,8704,41,9286844652
3922,499836966,63878,499900844,0,5,1,107520,37,8682862010
3923,499936533,1994,499938527,0,4,1,2048,37,1365330710
3924,499983019,105560,500088579,0,6,0,46592,40,8037098811
3925,500003694,6278,500009972,0,5,1,6656,37,812733022
3926,500262482,1042,500263524,0,4,1,1024,37,1633490668
3927,500344680,74516,500419196,0,9,0,10240,38,9142614345
3928,500428368,81440,500509808,0,6,0,12800,40,8134175642
3929,500431981,98696,500530677,0,6,0,24064,40,9404893816
3930,500745492,2470,500747962,0,6,1,2560,40,7870482013
3931,501162626,4420,501167046,0,4,1,11776,37,10168657403
3932,501316246,566,501316812,0,6,1,512,40,9819111431
3933,501356305,7706,501364011,0,4,1,8192,37,948787318
3934,501503358,5326,501508684,0,5,1,5632,37,10124423625
3935,501721695,4374,501726069,0,7,1,4608,17,2267596873
3936,501723646,114920,501838566,0,9,0,77312,38,8763049734
3937,501897892,7230,501905122,0,4,1,7680,37,3876033925
3938,501926905,114452,502041357,0,9,0,75776,38,4532157666
3939,502318499,101816,502420315,0,9,0,34304,38,2871684143
3940,502524557,45596,502570153,0,9,0,1024,38,2566036623
3941,502882390,101192,502983582,0,3,0,32256,41,1802521049
3942,502911113,111332,503022445,0,6,0,65536,40,3489919234
3943,502939793,84512,503024305,0,9,0,12800,38,5991846749
3944,503108157,81284,503189441,0,9,0,12288,38,5945141639
3945,503614558,1042,503615600,0,6,1,1024,40,2812415352
3946,503670662,1518,503672180,0,6,1,1536,40,6775090491
3947,503837607,97760,503935367,0,9,0,20992,38,6882550716
3948,503923712,4374,503928086,0,5,1,4608,37,905155480
3949,504000258,3387,504003645,0,4,1,9728,37,1798870674
3950,504007784,5971,504013755,0,6,1,14848,40,10546301330
3951,504020772,2470,504023242,0,7,1,2560,17,6242386235
3952,504479181,111020,504590201,0,9,0,64512,38,752534457
3953,504699228,7230,504706458,0,6,1,7680,40,1681417678
3954,504735168,86252,504821420,0,9,0,23552,38,10679414885
3955,504806350,6754,504813104,0,4,1,7168,37,3666913058
3956,504813490,566,504814056,0,6,1,512,40,5575621842
3957,504952972,97652,505050624,0,9,0,30720,38,2883462081
3958,505123340,22950,505146290,0,5,1,37888,37,5134724277
3959,505181111,5196,505186307,0,4,1,13312,37,9977176494
3960,505482836,11016,505493852,0,7,1,17920,17,2035205273
3961,505705539,5802,505711341,0,6,1,6144,40,1523752851
3962,505846580,103532,505950112,0,3,0,39936,41,4667830817
3963,506059440,566,506060006,0,4,1,512,37,3537937434
3964,506135211,86384,506221595,0,6,0,18944,40,4340774034
3965,506300266,104156,506404422,0,3,0,41984,41,7850061307
3966,506339390,43904,506383294,0,9,0,512,38,9645490607
3967,506381517,3128,506384645,0,5,1,9216,37,5218696202
3968,506388040,15321,506403361,0,5,1,29696,37,162631331
3969,506648812,2470,506651282,0,4,1,2560,37,4521682405
3970,506957574,47288,507004862,0,6,0,1536,40,1686400321
3971,506963941,1518,506965459,0,6,1,1536,40,4351168494
3972,506976010,94400,507070410,0,9,0,25088,38,1294055363
3973,507034575,92084,507126659,0,9,0,22528,38,894496720
3974,507048420,5802,507054222,0,6,1,6144,40,7660912304
3975,507158700,99788,507258488,0,6,0,27648,40,2880843219
3976,507227138,114764,507341902,0,3,0,76800,41,9353902980
3977,507264934,54529,507319463,0,5,1,92672,37,6943224198
3978,507478997,47288,507526285,0,6,0,1536,40,3109450868
3979,507510235,116636,507626871,0,9,0,82944,38,5439285736
3980,507749226,64208,507813434,0,6,0,6656,40,1075880098
3981,507804220,4374,507808594,0,7,1,4608,17,4763509581
3982,508039928,62228,508102156,0,6,0,10240,40,3915558166
3983,508327819,22433,508350252,0,5,1,36864,37,785445590
3984,508364775,104000,508468775,0,3,0,41472,41,3144599328
3985,508436255,83312,508519567,0,6,0,18944,40,3945764049
3986,508589718,22862,508612580,0,5,1,40960,37,4786203425
3987,508617393,91640,508709033,0,6,0,26112,40,2008707620
3988,508711492,13083,508724575,0,4,1,22016,37,10384878961
3989,508927997,51140,508979137,0,3,0,4096,41,10126076056
3990,508946463,2470,508948933,0,5,1,2560,37,6346213601
3991,508960780,106028,509066808,0,9,0,48128,38,6525794685
3992,509205031,1042,509206073,0,7,1,1024,17,6620310759
3993,509234811,115232,509350043,0,9,0,78336,38,8923478162
3994,509583694,4937,509588631,0,4,1,12800,37,2140556789
3995,509811054,3422,509814476,0,4,1,3584,37,1110708412
3996,510093786,5326,510099112,0,5,1,5632,37,5847558594
3997,510227591,48980,510276571,0,3,0,2048,41,9810918614
3998,510693227,81752,510774979,0,6,0,13824,40,3881401307
3999,511012966,71766,511084732,0,5,1,116224,37,1437885931
4000,511061596,1042,511062638,0,6,1,1024,40,8060524390
4001,511106045,2946,511108991,0,4,1,3072,37,9825740005
4002,511192870,42683,511235553,0,5,1,69632,37,2496363963
4003,511304989,76700,511381689,0,3,0,17408,41,9325985065
4004,511360480,1994,511362474,0,6,1,2048,40,672593374
4005,511371348,4850,511376198,0,5,1,5120,37,5755903471
4006,511654127,4850,511658977,0,6,1,5120,40,7865928617
4007,512013475,105092,512118567,0,3,0,45056,41,5085581315
4008,512180401,5802,512186203,0,6,1,6144,40,2450927526
4009,512408558,106496,512515054,0,9,0,49664,38,3825226216
4010,512470842,35829,512506671,0,5,1,62976,37,663624966
4011,512523734,87896,512611630,0,6,0,13824,40,4249213987
4012,512580400,6754,512587154,0,7,1,7168,17,1465949857
4013,512596840,57908,512654748,0,9,0,6144,38,10607454034
4014,512745491,102284,512847775,0,3,0,35840,41,6924404670
4015,512858400,52364,512910764,0,3,0,3072,41,240861255
4016,513019412,65900,513085312,0,9,0,7168,38,6630055463
4017,513301191,43904,513345095,0,3,0,512,41,5994933066
4018,513353988,3387,513357375,0,6,1,9728,40,7733781737
4019,513628235,105092,513733327,0,6,0,45056,40,9487507691
4020,513649116,60853,513709969,0,6,0,2560,40,2235924569
4021,513742865,3645,513746510,0,5,1,10240,37,10256194052
4022,513758853,1994,513760847,0,4,1,2048,37,3297556973
4023,514076463,3898,514080361,0,7,1,4096,17,2071472309
4024,514112061,7706,514119767,0,7,1,8192,17,2100138449
4025,514529686,67592,514597278,0,6,0,7680,40,8924234206
4026,514844308,4937,514849245,0,5,1,12800,37,6378106654
4027,514868882,52549,514921431,0,5,1,85504,37,10286023385
4028,514938118,85784,515023902,0,6,0,22016,40,8124126409
4029,515053529,43904,515097433,0,3,0,512,41,8444607051
4030,515112696,5971,515118667,0,7,1,14848,17,8023289373
4031,515289131,11016,515300147,0,7,1,17920,17,1876223117
4032,515446400,1994,515448394,0,7,1,2048,17,9733729091
4033,516006038,12308,516018346,0,5,1,20480,37,5723829564
4034,516076786,3898,516080684,0,6,1,4096,40,1057237955
4035,516180203,99164,516279367,0,6,0,25600,40,4328811446
4036,516251078,4374,516255452,0,6,1,4608,40,10674595849
4037,516259177,1042,516260219,0,4,1,1024,37,5251827975
4038,516617772,100880,516718652,0,9,0,31232,38,7927544624
4039,516743698,94976,516838674,0,6,0,16896,40,1424892641
4040,516791150,1994,516793144,0,6,1,2048,40,8430671580
4041,516801620,566,516802186,0,7,1,512,17,2931112265
4042,517002603,72668,517075271,0,6,0,9216,40,354607563
4043,517185585,4850,517190435,0,6,1,5120,40,2136070964
4044,517412814,103688,517516502,0,9,0,40448,38,7083528159
4045,518293931,43904,518337835,0,3,0,512,41,6433942422
4046,518408007,4162,518412169,0,6,1,11264,40,8412491737
4047,518722051,4420,518726471,0,4,1,11776,37,4541628336
4048,519203869,105560,519309429,0,9,0,46592,38,8795053342
4049,519229988,4374,519234362,0,6,1,4608,40,8327077422
4050,519305751,2470,519308221,0,6,1,2560,40,5345902236
4051,519432397,65900,519498297,0,5,0,7168,37,9618612797
4052,519450038,45596,519495634,0,3,0,1024,41,6141269272
4053,519533856,1042,519534898,0,4,1,1024,37,1420887787
4054,519564940,114140,519679080,0,5,0,74752,37,2407587255
4055,519643538,5712,519649250,0,4,1,14336,37,4040989108
4056,519755627,4374,519760001,0,4,1,4608,37,3395287896
4057,520282036,566,520282602,0,7,1,512,17,6880994428
4058,520341855,53237,520395092,0,5,1,90112,37,9938298995
4059,520525787,43904,520569691,0,3,0,512,41,3861054991
4060,521029315,45596,521074911,0,3,0,1024,41,7460712071
4061,521190397,43716,521234113,0,5,1,71680,37,1564181797
4062,521352293,10499,521362792,0,5,1,16896,37,2652435804
4063,521385747,122564,521508311,0,6,0,102400,40,9605657829
4064,521833397,1994,521835391,0,7,1,2048,17,3966131345
4065,521860083,6278,521866361,0,7,1,6656,17,1428331996
4066,522735445,7706,522743151,0,6,1,8192,40,7798071278
4067,523032984,43904,523076888,0,3,0,512,41,8130370360
4068,523051421,2470,523053891,0,6,1,2560,40,2587712512
4069,523320394,43904,523364298,0,3,0,512,41,2505819050
4070,523440904,102596,523543500,0,6,0,36864,40,8081862458
4071,523666632,109460,523776092,0,6,0,59392,40,3872098222
4072,523817035,50672,523867707,0,3,0,2560,41,9079361376
4073,523887383,82532,523969915,0,5,0,16384,37,10527358546
4074,523890927,1518,523892445,0,6,1,1536,40,8273409252
4075,523925802,96991,524022793,0,5,0,17408,37,2077187178
4076,524240270,43904,524284174,0,3,0,512,41,2244293550
4077,524880496,3128,524883624,0,6,1,9216,40,3098657594
4078,524962106,100880,525062986,0,9,0,31232,38,3256071657
4079,525235228,109304,525344532,0,5,0,58880,37,10574064015
4080,525869175,116012,525985187,0,5,0,80896,37,3301341422
4081,525898796,566,525899362,0,4,1,512,37,524932208
4082,526031845,6278,526038123,0,6,1,6656,40,5450321086
4083,526250180,2870,526253050,0,6,1,8704,40,5608404740
4084,526251596,90741,526342337,0,6,0,18944,40,2495727413
4085,526655932,3422,526659354,0,6,1,3584,40,9389007299
4086,526688472,125996,526814468,0,9,0,113664,38,7814818874
4087,526979833,43904,527023737,0,3,0,512,41,5034936232
4088,527151924,81440,527233364,0,5,0,12800,37,8104089274
4089,527188295,146667,527334962,0,5,0,118272,37,2829206869
4090,527195185,1518,527196703,0,4,1,1536,37,4256477042
4091,527648989,96224,527745213,0,9,0,20992,38,941206785
4092,527678633,566,527679199,0,6,1,512,40,2653605053
4093,527706987,3645,527710632,0,4,1,10240,37,1943735841
4094,527860726,4374,527865100,0,4,1,4608,37,4399426799
4095,527997496,98696,528096192,0,5,0,24064,37,3490355956
4096,528051159,50672,528101831,0,6,0,2560,40,5913389778
4097,528245205,110396,528355601,0,5,0,62464,37,59539131
4098,528311511,4162,528315673,0,6,1,11264,40,2519339182
4099,528351024,50672,528401696,0,6,0,2560,40,6486154448
4100,528673452,4374,528677826,0,5,1,4608,37,3014801955
4101,528714946,3422,528718368,0,6,1,3584,40,6135190071
4102,528781704,1518,528783222,0,6,1,1536,40,10278097924
4103,528797521,79172,528876693,0,6,0,20480,40,6515576041
4104,528966012,112580,529078592,0,9,0,69632,38,6502707878
4105,529089886,123656,529213542,0,9,0,105984,38,8525093187
4106,529275772,99476,529375248,0,9,0,26624,38,782893292
4107,529437464,47288,529484752,0,6,0,1536,40,2805132634
4108,529529836,7706,529537542,0,6,1,8192,40,7990770696
4109,529709924,4162,529714086,0,6,1,11264,40,4469670801
4110,529720640,55748,529776388,0,5,0,4096,37,4503771028
4111,529771350,1042,529772392,0,7,1,1024,17,7853652097
4112,529965340,3422,529968762,0,7,1,3584,17,10223417983
4113,529993546,94400,530087946,0,9,0,25088,38,8545323880
4114,530198077,43904,530241981,0,3,0,512,41,8239591353
4115,530221534,70976,530292510,0,9,0,8704,38,901464553
4116,530498289,43904,530542193,0,3,0,512,41,7123630231
4117,530533109,99008,530632117,0,5,0,25088,37,3295810718
4118,530640329,13512,530653841,0,5,1,26112,37,3065441828
4119,530644040,3422,530647462,0,6,1,3584,40,10385839735
4120,530743004,51774,530794778,0,5,1,83968,37,74059607
4121,530881428,105092,530986520,0,6,0,45056,40,4901177277
4122,530933405,4420,530937825,0,5,1,11776,37,2391017678
4123,530942261,102950,531045211,0,5,0,34304,37,6456717039
4124,531456353,3645,531459998,0,7,1,10240,17,2062230830
4125,531481667,11791,531493458,0,6,1,19456,40,684203427
4126,531547700,103376,531651076,0,6,0,39424,40,10140931230
4127,531751895,1518,531753413,0,7,1,1536,17,1807114735
4128,531917221,45596,531962817,0,3,0,1024,41,9801312906
4129,532035894,3422,532039316,0,6,1,3584,40,10428659280
4130,532080084,98540,532178624,0,9,0,23552,38,2719740436
4131,532471379,1994,532473373,0,7,1,2048,17,4234256493
4132,532583096,96560,532679656,0,5,0,27136,37,4824627303
4133,532730474,3422,532733896,0,6,1,3584,40,9470044295
4134,532794539,108368,532902907,0,5,0,55808,37,10106960077
4135,532912082,43904,532955986,0,3,0,512,41,1335042543
4136,532974979,112580,533087559,0,5,0,69632,37,9631456030
4137,533033994,4850,533038844,0,7,1,5120,17,10561397409
4138,533100729,11016,533111745,0,7,1,17920,17,4599380400
4139,533425506,47444,533472950,0,3,0,2048,41,2851371196
4140,533461795,51307,533513102,0,3,0,512,41,8376533133
4141,533727077,4374,533731451,0,7,1,4608,17,4537844575
4142,533760119,81891,533842010,0,5,1,132608,37,886160946
4143,534021213,121160,534142373,0,9,0,97792,38,3317145574
4144,534242666,2946,534245612,0,6,1,3072,40,8080287293
4145,534312105,1042,534313147,0,7,1,1024,17,6494014058
4146,534369535,7230,534376765,0,6,1,7680,40,7374013692
4147,534478359,124592,534602951,0,5,0,109056,37,2991233632
4148,534735343,1518,534736861,0,7,1,1536,17,5668673283
4149,534767996,1518,534769514,0,7,1,1536,17,8438951814
4150,534770741,32987,534803728,0,5,1,57344,37,9399496214
4151,534882180,6754,534888934,0,4,1,7168,37,6278452284
4152,534886667,43904,534930571,0,3,0,512,41,3123525555
4153,535222037,6754,535228791,0,7,1,7168,17,4298497722
4154,535354466,4850,535359316,0,6,1,5120,40,7868826082
4155,535486142,4850,535490992,0,5,1,5120,37,3944130868
4156,535660346,4850,535665196,0,6,1,5120,40,589990649
4157,535686168,116012,535802180,0,6,0,80896,40,8773720054
4158,535722517,116792,535839309,0,9,0,83456,38,9978038233
4159,535805106,4162,535809268,0,5,1,11264,37,1059932179
4160,535891126,3128,535894254,0,7,1,9216,17,6498497432
4161,535904747,5802,535910549,0,4,1,6144,37,5464508087
4162,536041082,130052,536171134,0,6,0,126976,40,1106435752
4163,536068009,4420,536072429,0,4,1,11776,37,4967657555
4164,536088521,1994,536090515,0,4,1,2048,37,190423395
4165,536277058,2470,536279528,0,4,1,2560,37,2983423327
4166,536416571,104624,536521195,0,9,0,43520,38,7536239434
4167,536523459,4374,536527833,0,5,1,4608,37,1175301707
4168,536536969,59132,536596101,0,9,0,5120,38,6326443688
4169,536662178,43904,536706082,0,3,0,512,41,7645448537
4170,536720832,85472,536806304,0,5,0,20992,37,9749934283
4171,536818778,566,536819344,0,6,1,512,40,2417312662
4172,537069718,6278,537075996,0,4,1,6656,37,6524341450
4173,537132575,5326,537137901,0,7,1,5632,17,9413265228
4174,537132705,89900,537222605,0,5,0,15360,37,1720143166
4175,537571908,49136,537621044,0,6,0,2560,40,8880510171
4176,537934059,4374,537938433,0,7,1,4608,17,10311995373
4177,538050246,60824,538111070,0,9,0,5632,38,2640447282
4178,538219568,45596,538265164,0,3,0,1024,41,7533942488
4179,538300646,4850,538305496,0,5,1,5120,37,6818046855
4180,538604738,104156,538708894,0,6,0,41984,40,8920125486
4181,538975869,12825,538988694,0,5,1,21504,37,9814973651
4182,539037259,57440,539094699,0,3,0,4608,41,8379901645
4183,539045362,4374,539049736,0,4,1,4608,37,6455623265
4184,539118617,84536,539203153,0,9,0,17920,38,6896481061
4185,539136389,97916,539234305,0,5,0,21504,37,6455940221
4186,539139821,113672,539253493,0,6,0,73216,40,1805338859
4187,539140038,2946,539142984,0,4,1,3072,37,9383263281
4188,539424870,1042,539425912,0,7,1,1024,17,4954549067
4189,539493675,1518,539495193,0,7,1,1536,17,5443402153
4190,539565745,68840,539634585,0,5,0,11776,37,10335171571
4191,539687344,7230,539694574,0,6,1,7680,40,8346766755
4192,539746697,110084,539856781,0,9,0,61440,38,1050282201
4193,539855359,84234,539939593,0,9,0,12288,38,7509648734
4194,540122197,3898,540126095,0,4,1,4096,37,842971081
4195,540321683,77744,540399427,0,6,0,10752,40,1231839269
4196,540368486,4850,540373336,0,4,1,5120,37,8652714666
4197,540657048,1518,540658566,0,4,1,1536,37,10172305251
4198,540744491,7230,540751721,0,4,1,7680,37,4739240768
4199,540855666,98852,540954518,0,5,0,24576,37,6041055261
4200,540894183,7230,540901413,0,5,1,7680,37,6068450372
4201,540903762,6278,540910040,0,4,1,6656,37,6921886179
4202,540996943,3898,541000841,0,7,1,4096,17,4662230573
4203,541094227,4374,541098601,0,4,1,4608,37,3886713691
4204,541220364,50672,541271036,0,3,0,2560,41,8984036139
4205,541782399,1042,541783441,0,4,1,1024,37,8799876074
4206,541812719,47288,541860007,0,3,0,1536,41,8687729996
4207,542112860,98228,542211088,0,5,0,22528,37,4503793749
4208,542178914,566,542179480,0,7,1,512,17,6686982437
4209,542408915,566,542409481,0,5,1,512,37,916087948
4210,542542706,1042,542543748,0,5,1,1024,37,960317690
4211,542686798,43904,542730702,0,3,0,512,41,7840910278
4212,542728333,43904,542772237,0,3,0,512,41,8146944410
4213,542821598,106496,542928094,0,5,0,49664,37,3957645253
4214,542859594,50672,542910266,0,3,0,2560,41,1371652839
4215,543057191,1994,543059185,0,7,1,2048,17,5311212609
4216,543460827,16096,543476923,0,6,1,31232,40,5465620700
4217,543548604,112112,543660716,0,5,0,68096,37,9870825870
4218,543601657,2870,543604527,0,7,1,8704,17,4507620390
4219,543721950,5326,543727276,0,5,1,5632,37,6243471833
4220,543817151,1042,543818193,0,6,1,1024,40,8301286442
4221,543842137,62516,543904653,0,9,0,6144,38,4165892611
4222,543882585,5326,543887911,0,5,1,5632,37,9356237808
4223,543928434,103220,544031654,0,6,0,38912,40,8813650754
4224,543958642,2946,543961588,0,4,1,3072,37,1446503382
4225,544199380,3422,544202802,0,5,1,3584,37,9121414896
4226,544347371,43904,544391275,0,5,0,512,37,3946216267
4227,544422602,47288,544469890,0,3,0,1536,41,6185587751
4228,544435460,1042,544436502,0,6,1,1024,40,2436334201
4229,544537183,1042,544538225,0,7,1,1024,17,8437365535
4230,544686430,1042,544687472,0,5,1,1024,37,304263242
4231,544751687,1994,544753681,0,6,1,2048,40,261108829
4232,544858273,6754,544865027,0,7,1,7168,17,9225798163
4233,544863421,1952,544865373,0,7,1,512,17,9715283458
4234,544879528,117728,544997256,0,6,0,86528,40,476096532
4235,545155151,10499,545165650,0,5,1,16896,37,1750317613
4236,545232177,43904,545276081,0,3,0,512,41,10387411206
4237,545259947,1518,545261465,0,6,1,1536,40,287870535
4238,545543179,47288,545590467,0,3,0,1536,41,8443523222
4239,545758895,47288,545806183,0,3,0,1536,41,9502861144
4240,545772299,72668,545844967,0,9,0,9216,38,2466298661
4241,545828461,566,545829027,0,7,1,512,17,9474325130
4242,545925386,1518,545926904,0,7,1,1536,17,9138435814
4243,546038363,1518,546039881,0,6,1,1536,40,1437691692
4244,546155865,7706,546163571,0,7,1,8192,17,8697396012
4245,546186567,97448,546284015,0,9,0,19968,38,10239888086
4246,546322470,77012,546399482,0,5,0,18432,37,8336574793
4247,546552205,191060,546743265,0,9,0,165888,38,2389038268
4248,546624603,5326,546629929,0,7,1,5632,17,7987643836
4249,546642411,3422,546645833,0,6,1,3584,40,9366859802
4250,546724572,97760,546822332,0,6,0,20992,40,1114120382
4251,546762885,43904,546806789,0,3,0,512,41,2344314376
4252,546900881,107744,547008625,0,5,0,53760,37,2014257208
4253,546969260,1042,546970302,0,4,1,1024,37,7673411877
4254,547314256,71444,547385700,0,6,0,10240,40,824577647
4255,547345658,7230,547352888,0,7,1,7680,17,7146292494
4256,547533566,93956,547627522,0,6,0,28672,40,9537346816
4257,547586452,102440,547688892,0,9,0,36352,38,6449446546
4258,547669815,47288,547717103,0,3,0,1536,41,10350475118
4259,547682589,64208,547746797,0,6,0,6656,40,1325195981
4260,547734975,1042,547736017,0,7,1,1024,17,10544927153
4261,547821233,566,547821799,0,4,1,512,37,5430685864
4262,548226513,7230,548233743,0,6,1,7680,40,2025723385
4263,548387264,112268,548499532,0,6,0,68608,40,2818184843
4264,548789878,2470,548792348,0,5,1,2560,37,2364816447
4265,548935991,43904,548979895,0,5,0,512,37,2550893815
4266,548983185,81908,549065093,0,9,0,14336,38,9194327383
4267,549402976,111488,549514464,0,9,0,66048,38,2487282081
4268,549614944,566,549615510,0,7,1,512,17,706720672
4269,549666850,5196,549672046,0,6,1,13312,40,4782563846
4270,549747281,1994,549749275,0,6,1,2048,40,9947012184
4271,549876695,45596,549922291,0,3,0,1024,41,799403580
4272,549904357,97136,550001493,0,6,0,18944,40,439498172
4273,549978391,566,549978957,0,6,1,512,40,8248169522
4274,550075007,58376,550133383,0,6,0,7680,40,4254967605
4275,550211364,2470,550213834,0,7,1,2560,17,1498538360
4276,550368992,45596,550414588,0,3,0,1024,41,168359790
4277,550372623,1518,550374141,0,4,1,1536,37,2058836543
4278,550641877,5326,550647203,0,5,1,5632,37,2544856754
4279,550732025,1518,550733543,0,6,1,1536,40,8802701741
4280,550861645,566,550862211,0,4,1,512,37,8000897963
4281,550974317,83756,551058073,0,6,0,15360,40,9654109348
4282,551071243,43904,551115147,0,3,0,512,41,828612578
4283,551084768,3898,551088666,0,5,1,4096,37,9394698539
4284,551236359,101036,551337395,0,5,0,31744,37,2086970224
4285,551259652,43904,551303556,0,5,0,512,37,9868856774
4286,551403461,4420,551407881,0,6,1,11776,40,8382492895
4287,551756818,116636,551873454,0,5,0,82944,37,1360958523
4288,551910596,111956,552022552,0,9,0,67584,38,6163732796
4289,551957536,566,551958102,0,7,1,512,17,9364675163
4290,552132070,1518,552133588,0,7,1,1536,17,3285809359
4291,552374941,4374,552379315,0,7,1,4608,17,5658986199
4292,552381628,5802,552387430,0,4,1,6144,37,5310506976
4293,552452807,566,552453373,0,6,1,512,40,4285300245
4294,552550327,4850,552555177,0,7,1,5120,17,9934758581
4295,552700334,100724,552801058,0,6,0,30720,40,4841965227
4296,553147929,118820,553266749,0,5,0,90112,37,10546811337
4297,553290582,78524,553369106,0,9,0,13312,38,5896761001
4298,553533491,43904,553577395,0,3,0,512,41,6607407004
4299,553653023,74984,553728007,0,6,0,11776,40,9163166281
4300,553710591,6754,553717345,0,4,1,7168,37,475385759
4301,553841580,3645,553845225,0,7,1,10240,17,2687959260
4302,554007035,2470,554009505,0,5,1,2560,37,8229535047
4303,554056560,1518,554058078,0,1,1,1536,22,7116490098
4304,554128828,566,554129394,0,1,1,512,22,9191835457
4305,554182077,56684,554238761,0,9,0,7168,38,2568569753
4306,554350115,1994,554352109,0,7,1,2048,17,6163812187
4307,554489893,99320,554589213,0,6,0,26112,40,2210165365
4308,554642938,3898,554646836,0,1,1,4096,22,7190393243
4309,554761300,3645,554764945,0,5,1,10240,37,8780826339
4310,554836973,1518,554838491,0,4,1,1536,37,713041432
4311,554937203,1042,554938245,0,6,1,1024,40,9077081475
4312,555073905,6754,555080659,0,7,1,7168,17,9243459071
4313,555134718,1518,555136236,0,4,1,1536,37,10053010397
4314,555198392,1042,555199434,0,6,1,1024,40,3108869265
4315,555435043,110552,555545595,0,6,0,62976,40,7727601980
4316,555576390,3898,555580288,0,7,1,4096,17,2597670794
4317,555581120,101036,555682156,0,9,0,31744,38,2217489282
4318,555823087,566,555823653,0,4,1,512,37,8804791999
4319,556160550,3422,556163972,0,7,1,3584,17,2218096352
4320,556344600,5326,556349926,0,1,1,5632,22,543373482
4321,556432535,3422,556435957,0,5,1,3584,37,3694744542
4322,556594771,79616,556674387,0,6,0,16896,40,4064740681
4323,556894554,1042,556895596,0,4,1,1024,37,7882726941
4324,557118652,1994,557120646,0,5,1,2048,37,2506059161
4325,557136459,60824,557197283,0,4,0,5632,37,4365657031
4326,557297156,43904,557341060,0,3,0,512,41,2580073963
4327,557380474,121316,557501790,0,5,0,98304,37,4968743841
4328,557398385,3422,557401807,0,1,1,3584,22,8884548255
4329,557430179,97448,557527627,0,6,0,19968,40,4484708857
4330,557460217,113712,557573929,0,6,0,59904,40,7650137364
4331,557569775,105494,557675269,0,6,0,32768,40,3042622486
4332,557699346,45596,557744942,0,3,0,1024,41,8148562535
4333,557727089,5802,557732891,0,6,1,6144,40,9236750860
4334,557938906,76076,558014982,0,9,0,15360,38,3579984748
4335,558273361,20882,558294243,0,4,1,33792,37,8134540807
4336,558299801,86072,558385873,0,9,0,17920,38,7051302035
4337,558340039,126308,558466347,0,5,0,114688,37,3597116563
4338,558497873,74516,558572389,0,5,0,10240,37,9047631803
4339,558543398,131525,558674923,0,5,0,118784,37,9855456101
4340,558572261,1994,558574255,0,4,1,2048,37,8307450973
4341,558886099,82532,558968631,0,6,0,16384,40,9718544677
4342,558965137,65900,559031037,0,5,0,7168,37,8511809164
4343,558968882,73292,559042174,0,6,0,11264,40,3810544973
4344,558969991,4679,558974670,0,1,1,12288,22,4318544414
4345,559039058,103064,559142122,0,9,0,38400,38,2445677561
4346,559174765,7706,559182471,0,1,1,8192,22,10545188233
4347,559366251,99944,559466195,0,4,0,28160,37,4715860136
4348,559655215,104780,559759995,0,8,0,44032,6,1613177936
4349,559811266,1042,559812308,0,6,1,1024,40,5107208401
4350,559904621,50672,559955293,0,9,0,2560,38,7464533743
4351,559937562,104156,560041718,0,5,0,41984,37,7910445609
4352,560039012,4420,560043432,0,6,1,11776,40,4576350258
4353,560246778,45596,560292374,0,3,0,1024,41,3652518377
4354,560256098,76052,560332150,0,6,0,10240,40,4987997087
4355,560464192,3898,560468090,0,4,1,4096,37,9084350313
4356,560470357,110240,560580597,0,5,0,61952,37,9452689572
4357,560583559,4679,560588238,0,4,1,12288,37,9520427163
4358,560677818,81308,560759126,0,8,0,17408,6,1900893716
4359,560820039,45596,560865635,0,3,0,1024,41,10072307062
4360,560824784,1042,560825826,0,6,1,1024,40,7269209410
4361,561004697,48980,561053677,0,3,0,2048,41,5569202742
4362,561250143,65456,561315599,0,4,0,10752,37,6545627861
4363,561351432,43904,561395336,0,3,0,512,41,9893624674
4364,561496490,69464,561565954,0,6,0,13824,40,5815472530
4365,561568433,82820,561651253,0,9,0,12288,38,3318894591
4366,561627571,145772,561773343,0,4,0,138240,37,2942860279
4367,561712502,566,561713068,0,4,1,512,37,7589894885
4368,561757875,566,561758441,0,7,1,512,17,3937805551
4369,561870176,2946,561873122,0,7,1,3072,17,7776077697
4370,562019428,566,562019994,0,1,1,512,22,1775075828
4371,562056982,1518,562058500,0,7,1,1536,17,7002104921
4372,562060540,1994,562062534,0,4,1,2048,37,8279547049
4373,562123039,81128,562204167,0,8,0,11776,6,170600904
4374,562446614,7230,562453844,0,7,1,7680,17,2432810399
4375,562513229,1518,562514747,0,4,1,1536,37,4518923176
4376,562553358,566,562553924,0,4,1,512,37,10244610650
4377,562595340,7230,562602570,0,4,1,7680,37,4153396460
4378,562607504,4162,562611666,0,7,1,11264,17,994393197
4379,562842227,4850,562847077,0,1,1,5120,22,692954806
4380,562873240,3645,562876885,0,6,1,10240,40,8521878666
4381,563137191,113516,563250707,0,6,0,72704,40,9663994936
4382,563349148,110708,563459856,0,9,0,63488,38,4865258256
4383,563414940,1518,563416458,0,1,1,1536,22,1049550190
4384,563654789,100568,563755357,0,9,0,30208,38,10481520579
4385,563719644,2470,563722114,0,1,1,2560,22,49569470
4386,563779808,5454,563785262,0,6,1,13824,40,2652949020
4387,563790141,52832,563842973,0,8,0,4608,6,4491932792
4388,563804919,99788,563904707,0,5,0,27648,37,8065023163
4389,563863708,3422,563867130,0,7,1,3584,17,3641068239
4390,563870487,73136,563943623,0,9,0,10752,38,2791221005
4391,564221654,81752,564303406,0,4,0,13824,37,8478322885
4392,564273955,1518,564275473,0,4,1,1536,37,6872493894
4393,564318502,4374,564322876,0,5,1,4608,37,8411977710
4394,564586939,5326,564592265,0,4,1,5632,37,9003714472
4395,564738180,43904,564782084,0,3,0,512,41,6405580199
4396,564787808,4374,564792182,0,4,1,4608,37,122398573
4397,564930474,566,564931040,0,4,1,512,37,5622004687
4398,565425426,45596,565471022,0,3,0,1024,41,9685866249
4399,565478562,1994,565480556,0,6,1,2048,40,10214607027
4400,565587836,1042,565588878,0,5,1,1024,37,2166626192
4401,565638459,5802,565644261,0,4,1,6144,37,7868347848
4402,565740693,65768,565806461,0,5,0,11776,37,2244314066
4403,565796660,4374,565801034,0,1,1,4608,22,1473809807
4404,565848477,1994,565850471,0,5,1,2048,37,4778172207
4405,565848973,104312,565953285,0,6,0,42496,40,7374407493
4406,565963141,43904,566007045,0,3,0,512,41,5972661545
4407,565984483,77744,566062227,0,8,0,10752,6,7334751200
4408,566237965,1518,566239483,0,7,1,1536,17,4069622021
4409,566255488,14287,566269775,0,7,1,27648,17,8103015900
4410,566332401,102128,566434529,0,8,0,35328,6,5027372163
4411,566601107,101036,566702143,0,5,0,31744,37,9172889781
4412,566603675,1994,566605669,0,4,1,2048,37,9609221840
4413,566655731,66680,566722411,0,8,0,9728,6,6726300376
4414,566710453,3422,566713875,0,5,1,3584,37,1835127859
4415,566736723,115076,566851799,0,4,0,77824,37,6440184683
4416,567003050,118820,567121870,0,8,0,90112,6,867720572
4417,567008818,6754,567015572,0,4,1,7168,37,9670090210
4418,567074231,62516,567136747,0,9,0,6144,38,63765578
4419,567090944,1994,567092938,0,4,1,2048,37,7438463237
4420,567129944,1042,567130986,0,2,1,1024,33,3933040074
4421,567566915,3128,567570043,0,7,1,9216,17,2846628064
4422,567947372,7706,567955078,0,4,1,8192,37,2470380394
4423,568295719,3422,568299141,0,7,1,3584,17,1845295476
4424,568372663,3898,568376561,0,3,1,4096,41,4623949500
4425,568475932,15579,568491511,0,5,1,30208,37,5036974506
4426,568521348,3422,568524770,0,4,1,3584,37,8684569286
4427,568811536,5802,568817338,0,5,1,6144,37,6070709772
4428,568894612,3904,568898516,0,7,1,10752,17,5743730100
4429,568973331,98384,569071715,0,8,0,23040,6,2376276018
4430,569003074,3645,569006719,0,3,1,10240,41,3760899295
4431,569036399,134424,569170823,0,8,0,48640,6,3213155973
4432,569041489,3898,569045387,0,5,1,4096,37,3869781834
4433,569042834,1518,569044352,0,3,1,1536,41,1008483992
4434,569286203,3904,569290107,0,5,1,10752,37,9201054658
4435,569375713,43904,569419617,0,3,0,512,41,2817968005
4436,569418473,566,569419039,0,4,1,512,37,8519032847
4437,569527320,5326,569532646,0,7,1,5632,17,2626308242
4438,569604920,43904,569648824,0,3,0,512,41,836075787
4439,569781671,65900,569847571,0,6,0,7168,40,8765268009
4440,570098569,108212,570206781,0,5,0,55296,37,6724193221
4441,570239834,108524,570348358,0,4,0,56320,37,3577807900
4442,570417718,117572,570535290,0,8,0,86016,6,3343070610
4443,570448466,7230,570455696,0,6,1,7680,40,944362321
4444,570487320,104000,570591320,0,4,0,41472,37,472251307
4445,570614281,45596,570659877,0,3,0,1024,41,922345468
4446,570794195,1994,570796189,0,6,1,2048,40,7179780702
4447,570938338,43904,570982242,0,4,0,512,37,9601886784
4448,571021453,43904,571065357,0,3,0,512,41,7606823767
4449,571088062,4374,571092436,0,5,1,4608,37,9590780904
4450,571149497,98852,571248349,0,9,0,24576,38,2867753687
4451,571333999,10757,571344756,0,4,1,17408,37,10080428202
4452,571348800,45596,571394396,0,3,0,1024,41,5743226176
4453,571399569,566,571400135,0,3,1,512,41,2943952607
4454,571634014,43904,571677918,0,3,0,512,41,28484675
4455,571758744,2870,571761614,0,6,1,8704,40,7224151006
4456,571828784,1042,571829826,0,6,1,1024,40,6699123742
4457,571884373,50672,571935045,0,8,0,2560,6,10465985855
4458,571947167,6754,571953921,0,5,1,7168,37,7637133246
4459,572076179,43904,572120083,0,8,0,512,6,1782340882
4460,572084465,6754,572091219,0,3,1,7168,41,2789334517
4461,572192842,7230,572200072,0,5,1,7680,37,96356483
4462,572222368,65900,572288268,0,4,0,7168,37,1905336678
4463,572271745,6754,572278499,0,6,1,7168,40,2740873182
4464,572308460,566,572309026,0,5,1,512,37,2973441876
4465,572392586,1994,572394580,0,6,1,2048,40,6281860883
4466,572409502,45596,572455098,0,4,0,1024,37,10151614657
4467,572459604,1994,572461598,0,3,1,2048,41,3919725070
4468,572547592,115388,572662980,0,6,0,78848,40,5062000522
4469,572573969,2470,572576439,0,3,1,2560,41,8477921434
4470,572614160,3898,572618058,0,3,1,4096,41,8226458630
4471,572780683,80864,572861547,0,6,0,20992,40,8650299304
4472,573008449,107588,573116037,0,4,0,53248,37,1717353652
4473,573164605,109148,573273753,0,6,0,58368,40,205337754
4474,573198706,146693,573345399,0,6,0,65536,40,1672274553
4475,573200037,1042,573201079,0,1,1,1024,22,95695302
4476,573493515,43904,573537419,0,3,0,512,41,9146887962
4477,573504129,50672,573554801,0,3,0,2560,41,7145407985
4478,573551386,102440,573653826,0,5,0,36352,37,4935261470
4479,573653377,103661,573757038,0,5,0,38912,37,9943851585
4480,573661671,5802,573667473,0,6,1,6144,40,6113290969
4481,573702105,2870,573704975,0,1,1,8704,22,4615708767
4482,573727829,43904,573771733,0,3,0,512,41,4314895216
4483,573858274,89588,573947862,0,9,0,14336,38,2491051520
4484,574019063,1042,574020105,0,1,1,1024,22,6972742551
4485,574115279,2946,574118225,0,1,1,3072,22,8162959318
4486,574218454,100568,574319022,0,5,0,30208,37,7620344692
4487,574238378,62072,574300450,0,9,0,9728,38,1425373944
4488,574262327,5326,574267653,0,1,1,5632,22,4842245232
4489,574337725,89612,574427337,0,8,0,19456,6,4727660115
4490,574440013,1042,574441055,0,7,1,1024,17,9926184137
4491,574625050,100256,574725306,0,9,0,29184,38,5051817709
4492,574631081,3904,574634985,0,5,1,10752,37,9152071357
4493,574683681,104780,574788461,0,8,0,44032,6,8940628183
4494,574697623,566,574698189,0,1,1,512,22,8414607792
4495,574796925,3898,574800823,0,4,1,4096,37,1873195376
4496,574813255,1518,574814773,0,3,1,1536,41,5500233586
4497,574921635,94976,575016611,0,9,0,16896,38,3570590
4498,575105319,6278,575111597,0,7,1,6656,17,6537687727
4499,575126408,566,575126974,0,7,1,512,17,7776052996
4500,575176747,104936,575281683,0,8,0,44544,6,501016569
4501,575246794,52364,575299158,0,6,0,3072,40,2232744615
4502,575299217,59444,575358661,0,5,0,6144,37,2296718429
4503,575362999,43904,575406903,0,4,0,512,37,4958775881
4504,575387693,67592,575455285,0,8,0,7680,6,10637834116
4505,575397560,47288,575444848,0,3,0,1536,41,7840357255
4506,575491869,1518,575493387,0,4,1,1536,37,3164235080
4507,575570885,2946,575573831,0,6,1,3072,40,6730569084
4508,575598620,5326,575603946,0,5,1,5632,37,10374466137
4509,575602793,92840,575695633,0,6,0,19968,40,4285572628
4510,575663642,5326,575668968,0,7,1,5632,17,9545288758
4511,576019608,112736,576132344,0,4,0,70144,37,1847401793
4512,576044643,3422,576048065,0,1,1,3584,22,7626317079
4513,576184959,2870,576187829,0,7,1,8704,17,10142790182
4514,576229024,44233,576273257,0,7,1,72704,17,2632341998
4515,576236127,47857,576283984,0,7,1,34816,17,972123387
4516,576250866,105872,576356738,0,6,0,47616,40,268113652
4517,576298186,4162,576302348,0,4,1,11264,37,3242148311
4518,576399311,93314,576492625,0,4,0,1536,37,5427188011
4519,576490798,3898,576494696,0,4,1,4096,37,8664167681
4520,576493535,101660,576595195,0,4,0,33792,37,3559051055
4521,576581902,2946,576584848,0,3,1,3072,41,547237615
4522,576596773,77744,576674517,0,5,0,10752,37,4439604840
4523,576610518,3645,576614163,0,1,1,10240,22,5783515372
4524,576681497,22862,576704359,0,7,1,40960,17,8821819926
4525,576750727,99164,576849891,0,8,0,25600,6,995965114
4526,577144618,45596,577190214,0,3,0,1024,41,5580591046
4527,577151857,1042,577152899,0,3,1,1024,41,3250482350
4528,577245547,566,577246113,0,3,1,512,41,9751534740
4529,577387689,4420,577392109,0,1,1,11776,22,3179936310
4530,577668432,5802,577674234,0,3,1,6144,41,7589367463
4531,577693013,35054,577728067,0,7,1,61440,17,7374704897
4532,577764836,109772,577874608,0,9,0,60416,38,4215002827
4533,577882517,76856,577959373,0,6,0,17920,40,9720512556
4534,577940314,6278,577946592,0,7,1,6656,17,4579804332
4535,578114976,7230,578122206,0,6,1,7680,40,1765135847
4536,578124206,43904,578168110,0,3,0,512,41,962883746
4537,578191994,123968,578315962,0,4,0,107008,37,7464186073
4538,578249290,99320,578348610,0,5,0,26112,37,10617293141
4539,578358480,108212,578466692,0,9,0,55296,38,5765871418
4540,578475731,14287,578490018,0,7,1,27648,17,355554020
4541,578640694,3904,578644598,0,7,1,10752,17,6309522322
4542,578691197,99344,578790541,0,4,0,31232,37,5789116287
4543,578968543,101816,579070359,0,8,0,34304,6,10499777666
4544,579228934,99788,579328722,0,8,0,27648,6,8311203865
4545,579282808,45596,579328404,0,3,0,1024,41,2116801497
4546,579352011,99164,579451175,0,4,0,25600,37,8750385196
4547,579406353,1042,579407395,0,1,1,1024,22,9012661057
4548,579554735,94844,579649579,0,8,0,21504,6,9106969406
4549,579609433,4420,579613853,0,6,1,11776,40,2248837551
4550,579632525,59132,579691657,0,6,0,5120,40,323259668
4551,579643768,2870,579646638,0,1,1,8704,22,1338362676
4552,579685088,6754,579691842,0,7,1,7168,17,10123509098
4553,579691006,7230,579698236,0,7,1,7680,17,5707450687
4554,579736315,3422,579739737,0,3,1,3584,41,6839876281
4555,579775622,62516,579838138,0,4,0,6144,37,1137758892
4556,579830086,1518,579831604,0,1,1,1536,22,2211495673
4557,580009808,48980,580058788,0,3,0,2048,41,3902617625
4558,580146265,566,580146831,0,5,1,512,37,6651551814
4559,580169367,60824,580230191,0,8,0,5632,6,10601750127
4560,580185055,95000,580280055,0,6,0,22016,40,176773139
4561,580336255,1518,580337773,0,3,1,1536,41,9298180293
4562,580527503,6754,580534257,0,7,1,7168,17,8613585004
4563,580532330,50672,580583002,0,3,0,2560,41,9913439215
4564,580571682,566,580572248,0,3,1,512,41,5416227078
4565,580636173,3422,580639595,0,6,1,3584,40,2455364731
4566,580660945,87296,580748241,0,5,0,16896,37,1788354009
4567,580716646,74516,580791162,0,6,0,10240,40,2100511262
4568,580838687,85292,580923979,0,5,0,15360,37,6452923736
4569,580841485,93752,580935237,0,8,0,17920,6,4789831776
4570,581020959,1518,581022477,0,5,1,1536,37,8818684448
4571,581169328,3387,581172715,0,3,1,9728,41,1699742380
4572,581212665,6488,581219153,0,6,1,15872,40,4851764012
4573,581227039,101972,581329011,0,9,0,34816,38,9180401635
4574,581319256,45596,581364852,0,3,0,1024,41,6204544497
4575,581381519,2946,581384465,0,1,1,3072,22,411201701
4576,581387622,118508,581506130,0,4,0,89088,37,10715422185
4577,581462961,60824,581523785,0,8,0,5632,6,2438898220
4578,581567679,4850,581572529,0,5,1,5120,37,8979355108
4579,581578561,43904,581622465,0,3,0,512,41,259482218
4580,581618698,2870,581621568,0,4,1,8704,37,1352606137
4581,581677312,4374,581681686,0,3,1,4608,41,9271716949
4582,581800696,104000,581904696,0,4,0,41472,37,4396115290
4583,582064711,109460,582174171,0,4,0,59392,37,3836758554
4584,582132505,96404,582228909,0,8,0,26624,6,3413566985
4585,582234604,15062,582249666,0,4,1,29184,37,4492583291
4586,582244179,71766,582315945,0,7,1,116224,17,4706321146
4587,582395421,4374,582399795,0,3,1,4608,41,7309649548
4588,582471415,122649,582594064,0,3,1,198656,41,6818159158
4589,582523025,1518,582524543,0,5,1,1536,37,6588119145
4590,582632540,60224,582692764,0,6,0,8704,40,4217932404
4591,582798996,3422,582802418,0,3,1,3584,41,4477109911
4592,582823390,2946,582826336,0,1,1,3072,22,2656956553
4593,583304570,4850,583309420,0,3,1,5120,41,767442600
4594,583462156,1042,583463198,0,4,1,1024,37,5214687628
4595,583517044,80552,583597596,0,6,0,19968,40,6216781867
4596,583537116,100568,583637684,0,4,0,30208,37,5061498486
4597,583585483,102596,583688079,0,4,0,36864,37,2065904370
4598,583633830,48980,583682810,0,3,0,2048,41,1384623305
4599,583671393,1518,583672911,0,6,1,1536,40,678998062
4600,583745017,104000,583849017,0,4,0,41472,37,476422979
4601,583769735,145888,583915623,0,4,0,87552,37,5926085277
4602,583787681,1042,583788723,0,1,1,1024,22,5664950894
4603,583834236,14796,583849032,0,4,1,20992,37,4825227928
4604,583934977,84475,584019452,0,3,1,137728,41,7115293111
4605,584166916,59132,584226048,0,5,0,5120,37,403913700
4606,584171708,3898,584175606,0,1,1,4096,22,183629488
4607,584265401,1042,584266443,0,6,1,1024,40,4876575826
4608,584416219,113672,584529891,0,9,0,73216,38,2458227505
4609,584437536,86672,584524208,0,4,0,14848,37,9380314082
4610,584600485,75920,584676405,0,9,0,14848,38,9982097842
4611,584634139,10241,584644380,0,4,1,16384,37,2861574321
4612,584801602,3904,584805506,0,1,1,10752,22,6371278663
4613,584892074,1518,584893592,0,7,1,1536,17,3390084412
4614,585048699,43716,585092415,0,7,1,71680,17,6595331644
4615,585159523,82688,585242211,0,8,0,16896,6,7183634214
4616,585286236,73487,585359723,0,7,1,122880,17,154772003
4617,585320914,1994,585322908,0,6,1,2048,40,5448921945
4618,585339438,1518,585340956,0,4,1,1536,37,6754774632
4619,585424887,64208,585489095,0,9,0,6656,38,140585040
4620,585550081,120536,585670617,0,8,0,95744,6,3076761112
4621,585876132,43904,585920036,0,3,0,512,41,2096884980
4622,585921157,107744,586028901,0,9,0,53760,38,4329325294
4623,585929331,72068,586001399,0,6,0,12288,40,1808536399
4624,585947507,3387,585950894,0,5,1,9728,37,2490578681
4625,586030675,124124,586154799,0,8,0,107520,6,1047186869
4626,586031968,2470,586034438,0,5,1,2560,37,10672575061
4627,586179001,1042,586180043,0,1,1,1024,22,6463723225
4628,586212414,1518,586213932,0,5,1,1536,37,1308604484
4629,586221347,1042,586222389,0,5,1,1024,37,9214527214
4630,586298419,4420,586302839,0,1,1,11776,22,445656653
4631,586334798,102752,586437550,0,4,0,37376,37,10111094542
4632,586467560,4937,586472497,0,4,1,12800,37,5948786849
4633,586475867,63608,586539475,0,8,0,9728,6,7791206742
4634,586489025,47288,586536313,0,3,0,1536,41,830458149
4635,586519893,138068,586657961,0,9,0,133120,38,4719877416
4636,586530934,101972,586632906,0,5,0,34816,37,321448507
4637,586546045,45596,586591641,0,3,0,1024,41,1328450785
4638,586576002,43904,586619906,0,3,0,512,41,5263095289
4639,586651413,65900,586717313,0,8,0,7168,6,300946320
4640,586856193,80084,586936277,0,8,0,18432,6,660464363
4641,586909973,106808,587016781,0,9,0,50688,38,104914008
4642,586966370,13600,586979970,0,3,1,23040,41,3976036419
4643,586969076,91595,587060671,0,3,0,512,41,2807590466
4644,587018144,102596,587120740,0,8,0,36864,6,114416230
4645,587084588,1042,587085630,0,4,1,1024,37,9849743674
4646,587118192,1042,587119234,0,6,1,1024,40,4758911347
4647,587182710,5454,587188164,0,7,1,13824,17,9478472629
4648,587308961,12308,587321269,0,7,1,20480,17,4402866804
4649,587319930,126152,587446082,0,8,0,114176,6,7760508468
4650,587508002,45596,587553598,0,3,0,1024,41,1558079194
4651,587596678,50672,587647350,0,3,0,2560,41,5925089552
4652,587769620,36087,587805707,0,7,1,63488,17,5896816550
4653,587774548,24412,587798960,0,3,1,44032,41,4055148403
4654,587804096,102440,587906536,0,5,0,36352,37,500411075
4655,587882130,65900,587948030,0,5,0,7168,37,3246017995
4656,588050119,5196,588055315,0,3,1,13312,41,9200566743
4657,588147731,79436,588227167,0,4,0,11264,37,4876432160
4658,588253569,86360,588339929,0,6,0,13824,40,6888803292
4659,588339583,101036,588440619,0,5,0,31744,37,9327852056
4660,588415340,123344,588538684,0,9,0,104960,38,2693934544
4661,588441129,2470,588443599,0,1,1,2560,22,5725522505
4662,588505018,1518,588506536,0,5,1,1536,37,1790495810
4663,588519277,45596,588564873,0,3,0,1024,41,10406019278
4664,588566025,13770,588579795,0,3,1,26624,41,960675544
4665,588573218,83312,588656530,0,6,0,18944,40,9040675566
4666,588576513,45596,588622109,0,4,0,1024,37,2764769411
4667,588656043,43904,588699947,0,9,0,512,38,7421196092
4668,588676395,111578,588787973,0,9,0,61440,38,2275496421
4669,588760035,23983,588784018,0,7,1,39936,17,7172763819
4670,589144038,1518,589145556,0,5,1,1536,37,10674159256
4671,589346758,76988,589423746,0,6,0,13312,40,9923580598
4672,589424394,3898,589428292,0,5,1,4096,37,1917191551
4673,589483333,11533,589494866,0,3,1,18944,41,6928708475
4674,589503307,96068,589599375,0,6,0,20480,40,6266915188
4675,589565995,102596,589668591,0,6,0,36864,40,2561206186
4676,589582797,22174,589604971,0,3,1,36352,41,10299384075
4677,589597512,54056,589651568,0,9,0,3584,38,6502152198
4678,589683995,4374,589688369,0,5,1,4608,37,4380112258
4679,589815947,41132,589857079,0,3,1,66560,41,3995024482
4680,589818094,160064,589978158,0,4,0,139776,37,5683083401
4681,589856634,3422,589860056,0,4,1,3584,37,8325807298
4682,590037262,102284,590139546,0,8,0,35840,6,2684397573
4683,590115236,117572,590232808,0,9,0,86016,38,600762979
4684,590147770,48980,590196750,0,5,0,2048,37,5686842767
4685,590314054,57440,590371494,0,4,0,4608,37,3759838580
4686,590324920,122876,590447796,0,6,0,103424,40,6965411698
4687,590558358,45596,590603954,0,3,0,1024,41,256949867
4688,590652742,23466,590676208,0,3,1,38912,41,3167360856
4689,590697469,42166,590739635,0,3,1,68608,41,4898503909
4690,590699884,12308,590712192,0,7,1,20480,17,7807407820
4691,590730459,95156,590825615,0,4,0,22528,37,4944945456
4692,590732717,103688,590836405,0,6,0,40448,40,7498338260
4693,591034987,1994,591036981,0,6,1,2048,40,8406841713
4694,591162432,83142,591245574,0,6,0,14848,40,4831885560
4695,591183820,107900,591291720,0,6,0,54272,40,6305039214
4696,591195729,104936,591300665,0,4,0,44544,37,2416490636
4697,591385056,566,591385622,0,4,1,512,37,6154057012
4698,591427441,55748,591483189,0,8,0,4096,6,8206197730
4699,591482314,11791,591494105,0,3,1,19456,41,5070022496
4700,592001511,108680,592110191,0,6,0,56832,40,3697615309
4701,592065761,105404,592171165,0,5,0,46080,37,8650556130
4702,592074663,2946,592077609,0,1,1,3072,22,5433676650
4703,592075924,4850,592080774,0,4,1,5120,37,8805911038
4704,592076642,4850,592081492,0,5,1,5120,37,663647300
4705,592083446,43628,592127074,0,3,1,74752,41,7171826356
4706,592097649,43904,592141553,0,4,0,512,37,140150553
4707,592280186,5802,592285988,0,4,1,6144,37,2300021318
4708,592373798,1518,592375316,0,6,1,1536,40,5350889909
4709,592457703,1042,592458745,0,1,1,1024,22,6213301411
4710,592469089,2470,592471559,0,1,1,2560,22,10343767557
4711,592734049,113984,592848033,0,5,0,74240,37,5771716208
4712,592806110,183644,592989754,0,9,0,156672,38,6148715040
4713,592952393,82949,593035342,0,9,0,1024,38,2322842778
4714,592966637,89612,593056249,0,8,0,19456,6,5833623731
4715,593088712,43904,593132616,0,3,0,512,41,9507165154
4716,593348654,13253,593361907,0,7,1,25600,17,5421669611
4717,593387069,52364,593439433,0,3,0,3072,41,6695485440
4718,593498639,6754,593505393,0,7,1,7168,17,4613028139
4719,593505366,4850,593510216,0,3,1,5120,41,2419916490
4720,593591273,72824,593664097,0,9,0,9728,38,5127655549
4721,593843226,1042,593844268,0,4,1,1024,37,3864346471
4722,593901955,47288,593949243,0,3,0,1536,41,6821942493
4723,594130335,47288,594177623,0,3,0,1536,41,6734171256
4724,594131919,22174,594154093,0,7,1,36352,17,1794511884
4725,594176372,2946,594179318,0,3,1,3072,41,797358185
4726,594189410,115232,594304642,0,6,0,78336,40,7734843269
4727,594220520,23725,594244245,0,3,1,39424,41,5603475265
4728,594287893,106028,594393921,0,8,0,48128,6,1236230414
4729,594752167,68216,594820383,0,9,0,9728,38,5046530842
4730,594858390,128573,594986963,0,6,0,82944,40,1248401916
4731,594873399,43904,594917303,0,6,0,512,40,6724738760
4732,594984785,45752,595030537,0,9,0,1536,38,6577177979
4733,595042149,118976,595161125,0,5,0,90624,37,2520186498
4734,595131282,32987,595164269,0,7,1,57344,17,847203842
4735,595229235,43904,595273139,0,9,0,512,38,6296595426
4736,595293366,5196,595298562,0,6,1,13312,40,10339329846
4737,595439663,45596,595485259,0,5,0,1024,37,1884351899
4738,595452530,45752,595498282,0,6,0,1536,40,10417671354
4739,595763537,106340,595869877,0,8,0,49152,6,7746264334
4740,595850039,5712,595855751,0,0,1,14336,9,5561015727
4741,595889641,43904,595933545,0,6,0,512,40,6151286
4742,595926823,43975,595970798,0,7,1,72192,17,5710205887
4743,595982517,7230,595989747,0,6,1,7680,40,5794834017
4744,596006112,1994,596008106,0,4,1,2048,37,2300572806
4745,596087275,93566,596180841,0,3,1,152064,41,873621486
4746,596160548,93406,596253954,0,3,0,2048,41,5421080652
4747,596259550,4374,596263924,0,4,1,4608,37,6951653095
4748,596309716,43904,596353620,0,6,0,512,40,1976156258
4749,596589841,44662,596634503,0,3,1,76800,41,3954690697
4750,596610696,72980,596683676,0,5,0,10240,37,720829534
4751,596953167,1042,596954209,0,6,1,1024,40,190906457
4752,597016174,1042,597017216,0,1,1,1024,22,7965751335
4753,597170039,1518,597171557,0,0,1,1536,9,3256991360
4754,597186341,15062,597201403,0,7,1,29184,17,8653957653
4755,597283841,130364,597414205,0,9,0,128000,38,1120863177
4756,597366217,1518,597367735,0,1,1,1536,22,4280701665
4757,597479673,43904,597523577,0,4,0,512,37,8934404616
4758,597644816,5196,597650012,0,5,1,13312,37,71147863
4759,597685094,13253,597698347,0,7,1,25600,17,812911009
4760,597797452,119756,597917208,0,8,0,93184,6,7336067176
4761,598023710,1518,598025228,0,0,1,1536,9,6136077459
4762,598029422,70376,598099798,0,5,0,11776,37,5880054007
4763,598042857,3645,598046502,0,7,1,10240,17,8490267424
4764,598067674,10241,598077915,0,7,1,16384,17,9740467059
4765,598148570,16096,598164666,0,3,1,31232,41,4972732925
4766,598209791,3422,598213213,0,7,1,3584,17,10207350355
4767,598220379,93956,598314335,0,8,0,28672,6,1452079524
4768,598234229,3387,598237616,0,4,1,9728,37,10101260051
4769,598275873,52364,598328237,0,5,0,3072,37,7339509150
4770,598285208,1042,598286250,0,1,1,1024,22,10620987011
4771,598334642,3128,598337770,0,3,1,9216,41,4554811980
4772,598433375,60980,598494355,0,8,0,6144,6,4625910141
4773,598524302,43904,598568206,0,3,0,512,41,3205686898
4774,598714531,111644,598826175,0,5,0,66560,37,2039323485
4775,598765877,43904,598809781,0,6,0,512,40,629182392
4776,598862099,101816,598963915,0,9,0,34304,38,10583894686
4777,598915707,14117,598929824,0,7,1,24064,17,6381029366
4778,599001470,4850,599006320,0,1,1,5120,22,1823493215
4779,599201873,4850,599206723,0,4,1,5120,37,1794848103
4780,599206088,566,599206654,0,5,1,512,37,2567983971
4781,599259582,45596,599305178,0,3,0,1024,41,6882307971
4782,599393366,5454,599398820,0,7,1,13824,17,1359543575
4783,599440729,99476,599540205,0,5,0,26624,37,4898927444
4784,599879977,1518,599881495,0,1,1,1536,22,1919402986
4785,599900135,61382,599961517,0,0,1,99328,9,7897704187
4786,599903909,1042,599904951,0,1,1,1024,22,10499578324
4787,599922227,107276,600029503,0,8,0,52224,6,9769780761
4788,600030702,62516,600093218,0,9,0,6144,38,8095051118
4789,600188703,43904,600232607,0,4,0,512,37,4917892857
4790,600227370,3422,600230792,0,0,1,3584,9,6905478070
4791,600329088,45596,600374684,0,4,0,1024,37,9343714877
4792,600330916,48980,600379896,0,4,0,2048,37,9483648972
4793,600422108,566,600422674,0,6,1,512,40,3595093195
4794,600426538,75164,600501702,0,9,0,17408,38,91116592
4795,600428008,50672,600478680,0,4,0,2560,37,9903154754
4796,600447230,11533,600458763,0,7,1,18944,17,1352796162
4797,600478250,43904,600522154,0,6,0,512,40,2089635876
4798,600527565,4679,600532244,0,1,1,12288,22,3660743853
4799,600570269,22691,600592960,0,7,1,37376,17,3984030186
4800,600571374,108524,600679898,0,5,0,56320,37,6791252630
4801,600621508,54056,600675564,0,3,0,3584,41,8208677788
4802,600670662,105716,600776378,0,9,0,47104,38,5873029593
4803,600691742,3387,600695129,0,0,1,9728,9,1628839502
4804,600834676,43904,600878580,0,3,0,512,41,9308274343
4805,601173629,47288,601220917,0,4,0,1536,37,10112744674
4806,601174281,566,601174847,0,0,1,512,9,2497116838
4807,601179313,43904,601223217,0,6,0,512,40,1422903752
4808,601266013,13253,601279266,0,3,1,25600,41,9453037855
4809,601280605,105092,601385697,0,8,0,45056,6,8287673225
4810,601322138,6278,601328416,0,6,1,6656,40,7556931099
4811,601384248,12737,601396985,0,3,1,24576,41,1015835205
4812,601416168,54212,601470380,0,9,0,4096,38,10187527386
4813,601428795,13770,601442565,0,7,1,26624,17,5315021817
4814,601447786,43904,601491690,0,3,0,512,41,9011299843
4815,601527268,67592,601594860,0,9,0,7680,38,3680687583
4816,601547706,45596,601593302,0,8,0,1024,6,5102196059
4817,601572234,3128,601575362,0,0,1,9216,9,2328804471
4818,601639126,12995,601652121,0,3,1,25088,41,10271467148
4819,601829129,48980,601878109,0,6,0,2048,40,447617261
4820,601852960,2946,601855906,0,4,1,3072,37,1137504994
4821,601907575,2870,601910445,0,4,1,8704,37,9639472313
4822,601929990,22433,601952423,0,7,1,36864,17,8948327174
4823,601950312,89168,602039480,0,9,0,23040,38,10400642849
4824,602344016,1042,602345058,0,4,1,1024,37,2416488397
4825,602350972,72824,602423796,0,5,0,9728,37,8546561994
4826,602529168,45596,602574764,0,5,0,1024,37,1196384508
4827,602543148,43904,602587052,0,4,0,512,37,6715951632
4828,602783024,93596,602876620,0,3,0,17408,41,4556586976
4829,602910809,98696,603009505,0,5,0,24064,37,3123091262
4830,602924375,3387,602927762,0,5,1,9728,37,4107190974
4831,602944986,4374,602949360,0,4,1,4608,37,6061193027
4832,603003546,72541,603076087,0,3,1,117760,41,1817369523
4833,603009042,72230,603081272,0,3,1,16384,41,3436151028
4834,603096024,4850,603100874,0,1,1,5120,22,9007941470
4835,603166750,2470,603169220,0,5,1,2560,37,8386655658
4836,603197067,43904,603240971,0,6,0,512,40,8879452036
4837,603290476,2870,603293346,0,1,1,8704,22,181460797
4838,603380992,6278,603387270,0,7,1,6656,17,10697393565
4839,603410843,3422,603414265,0,1,1,3584,22,2247249184
4840,603425874,4162,603430036,0,3,1,11264,41,10619840765
4841,603600132,3422,603603554,0,4,1,3584,37,10036394405
4842,603611587,43904,603655491,0,6,0,512,40,7547807865
4843,603648659,4679,603653338,0,5,1,12288,37,7377430208
4844,603808050,111956,603920006,0,3,0,67584,41,5590616979
4845,603827478,1994,603829472,0,0,1,2048,9,10670567855
4846,603910957,21399,603932356,0,7,1,34816,17,10175700040
4847,603998486,50672,604049158,0,4,0,2560,37,5913629926
4848,604061441,48980,604110421,0,6,0,2048,40,4549880756
4849,604083821,5326,604089147,0,1,1,5632,22,4066083304
4850,604178818,64208,604243026,0,9,0,6656,38,2507031743
4851,604209728,1042,604210770,0,6,1,1024,40,6150229955
4852,604296674,70220,604366894,0,8,0,11264,6,2614240783
4853,604348540,118352,604466892,0,9,0,88576,38,2941660462
4854,604443212,3904,604447116,0,0,1,10752,9,470573000
4855,604472493,43904,604516397,0,4,0,512,37,7367292089
4856,604507362,2946,604510308,0,5,1,3072,37,3241047587
4857,604515657,107276,604622933,0,8,0,52224,6,5774380859
4858,604654472,45596,604700068,0,4,0,1024,37,60850590
4859,604692130,5971,604698101,0,0,1,14848,9,7398984495
4860,604764696,2870,604767566,0,4,1,8704,37,7183600540
4861,604991861,2946,604994807,0,0,1,3072,9,923938502
4862,605087379,99476,605186855,0,8,0,26624,6,10056065819
4863,605117141,2470,605119611,0,1,1,2560,22,5243112205
4864,605162941,5454,605168395,0,7,1,13824,17,3538457830
4865,605371853,100724,605472577,0,3,0,30720,41,1301235519
4866,605398414,107120,605505534,0,8,0,51712,6,7418060689
4867,605469932,5454,605475386,0,6,1,13824,40,9114176811
4868,605703429,6278,605709707,0,4,1,6656,37,3413127627
4869,605853127,1042,605854169,0,0,1,1024,9,7450207891
4870,605854184,43904,605898088,0,4,0,512,37,5193053698
4871,605859250,99476,605958726,0,8,0,26624,6,9143349739
4872,606031555,76832,606108387,0,9,0,12800,38,9706976407
4873,606269833,93152,606362985,0,5,0,20992,37,10411263582
4874,606276774,1042,606277816,0,3,1,1024,41,9663460232
4875,606288738,4679,606293417,0,0,1,12288,9,3678816381
4876,606289417,199552,606488969,0,3,0,15360,41,9972124561
4877,606306206,111020,606417226,0,3,0,64512,41,10411552039
4878,606321753,95488,606417241,0,3,1,151552,41,4874009638
4879,606526324,5802,606532126,0,3,1,6144,41,5341567759
4880,606637413,52291,606689704,0,7,1,84992,17,7798849179
4881,606779202,43904,606823106,0,6,0,512,40,315037664
4882,606907853,43904,606951757,0,6,0,512,40,6914080952
4883,606951770,2946,606954716,0,1,1,3072,22,2992734360
4884,606977913,100724,607078637,0,5,0,30720,37,1109106033
4885,606985996,1994,606987990,0,6,1,2048,40,7465616770
4886,607105231,7230,607112461,0,0,1,7680,9,6487604287
4887,607206293,43904,607250197,0,6,0,512,40,2011283146
4888,607277407,566,607277973,0,6,1,512,40,5638715827
4889,607506288,7706,607513994,0,0,1,8192,9,10577350533
4890,607668932,48980,607717912,0,6,0,2048,40,6768776
4891,607711078,6278,607717356,0,1,1,6656,22,10125066473
4892,607714725,5537,607720262,0,1,1,4608,22,6484047435
4893,607918675,566,607919241,0,0,1,512,9,7381436223
4894,607924388,69284,607993672,0,9,0,8192,38,5893270432
4895,608273647,12566,608286213,0,0,1,20992,9,551810660
4896,608294303,81891,608376194,0,8,1,132608,6,955245063
4897,608348139,1042,608349181,0,4,1,1024,37,5809725020
4898,608533308,1994,608535302,0,1,1,2048,22,9915690454
4899,608604257,6754,608611011,0,4,1,7168,37,8589929314
4900,608691502,6754,608698256,0,4,1,7168,37,5661860683
4901,608810177,49286,608859463,0,4,0,512,37,530517320
4902,609015490,111956,609127446,0,3,0,67584,41,881939147
4903,609050350,47288,609097638,0,9,0,1536,38,8675257971
4904,609059324,65612,609124936,0,5,0,11264,37,2259133874
4905,609071750,125684,609197434,0,8,0,112640,6,1075176194
4906,609132832,23725,609156557,0,7,1,39424,17,1266509778
4907,609145799,23637,609169436,0,3,1,42496,41,10640561826
4908,609185476,120786,609306262,0,8,0,57344,6,3379450945
4909,609195995,2870,609198865,0,4,1,8704,37,3051895951
4910,609196047,10355,609206402,0,4,1,8192,37,8384955333
4911,609297839,50672,609348511,0,6,0,2560,40,3878270378
4912,609467911,94600,609562511,0,8,1,154112,6,7503551741
4913,609631428,1994,609633422,0,0,1,2048,9,4500473995
4914,609665565,34108,609699673,0,7,1,56320,17,1137947530
4915,609740326,74520,609814846,0,8,1,124928,6,6397175787
4916,609791575,71766,609863341,0,3,1,116224,41,1021081634
4917,609858533,58688,609917221,0,5,0,8704,37,8926750900
4918,609880815,3422,609884237,0,4,1,3584,37,9174706603
4919,609891272,1518,609892790,0,6,1,1536,40,7405203625
4920,609930650,67238,609997888,0,7,1,114176,17,9442713851
4921,609971626,121004,610092630,0,8,0,97280,6,7257520536
4922,610126264,1042,610127306,0,4,1,1024,37,6544379504
4923,610166229,105872,610272101,0,8,0,47616,6,2345148459
4924,610208180,86696,610294876,0,9,0,19968,38,6148861775
4925,610278499,104156,610382655,0,8,0,41984,6,2597354677
4926,610410273,23378,610433651,0,7,1,41984,17,8696517978
4927,610453078,121160,610574238,0,5,0,97792,37,9285015509
4928,610557534,45596,610603130,0,4,0,1024,37,975683248
4929,610625737,1518,610627255,0,1,1,1536,22,6924500784
4930,610707131,43904,610751035,0,4,0,512,37,1496622067
4931,610787828,2946,610790774,0,8,1,3072,6,9657348683
4932,610886698,6278,610892976,0,7,1,6656,17,4532614041
4933,610959180,12825,610972005,0,4,1,21504,37,6723225837
4934,610989263,2470,610991733,0,6,1,2560,40,55791455
4935,611139635,47288,611186923,0,4,0,1536,37,9709895735
4936,611187630,33333,611220963,0,3,1,54784,41,4196105860
4937,611302909,47288,611350197,0,6,0,1536,40,9162507278
4938,611330352,2470,611332822,0,0,1,2560,9,5929673983
4939,611458519,77104,611535623,0,3,1,130048,41,6935267225
4940,611554484,2946,611557430,0,1,1,3072,22,4481080714
4941,611708665,48980,611757645,0,4,0,2048,37,6866578501
4942,611735219,12566,611747785,0,6,1,20992,40,8393353393
4943,611760840,50672,611811512,0,6,0,2560,40,5580147687
4944,611898369,161318,612059687,0,9,0,72192,38,3309090499
4945,611898370,204856,612103226,0,9,0,142848,38,3225179553
4946,611932537,188290,612120827,0,9,0,40960,38,10212542205
4947,611933332,1042,611934374,0,5,1,1024,37,7810607004
4948,611990197,1518,611991715,0,5,1,1536,37,540218644
4949,611998769,113984,612112753,0,8,0,74240,6,4580630500
4950,611999342,60824,612060166,0,3,0,5632,41,3910202452
4951,612030387,1042,612031429,0,0,1,1024,9,8822055537
4952,612053968,15321,612069289,0,8,1,29696,6,5162421240
4953,612059891,161799,612221690,0,8,0,55296,6,3468422312
4954,612074896,3422,612078318,0,7,1,3584,17,9299799287
4955,612170001,566,612170567,0,1,1,512,22,4921845535
4956,612273224,10757,612283981,0,6,1,17408,40,4894567437
4957,612274172,566,612274738,0,3,1,512,41,5303877733
4958,612311671,160780,612472451,0,6,0,1024,40,8438583804
4959,612440946,4162,612445108,0,6,1,11264,40,5567304256
4960,612524188,47288,612571476,0,6,0,1536,40,10142144553
4961,612532611,1042,612533653,0,4,1,1024,37,3058772160
4962,612612739,43904,612656643,0,6,0,512,40,10012633416
4963,612704501,43904,612748405,0,6,0,512,40,2671512540
4964,612770164,4374,612774538,0,7,1,4608,17,10694906708
4965,612792216,53495,612845711,0,3,1,90624,41,7460318320
4966,612835864,90392,612926256,0,8,0,22016,6,4208356334
4967,612855195,1042,612856237,0,6,1,1024,40,5514969339
4968,612931095,2470,612933565,0,3,1,2560,41,4474773787
4969,613021017,566,613021583,0,1,1,512,22,7936654938
4970,613144679,99788,613244467,0,8,0,27648,6,10505691291
4971,613175798,4374,613180172,0,4,1,4608,37,9760530940
4972,613194138,40616,613234754,0,7,1,65536,17,1743476321
4973,613239450,2470,613241920,0,1,1,2560,22,9855155012
4974,613360826,1994,613362820,0,4,1,2048,37,2177107701
4975,613390836,3898,613394734,0,1,1,4096,22,3694046183
4976,613422731,105404,613528135,0,5,0,46080,37,9864798473
4977,613467421,2470,613469891,0,4,1,2560,37,1806522420
4978,613507459,4850,613512309,0,7,1,5120,17,831306029
4979,613595436,22862,613618298,0,7,1,40960,17,686082768
4980,613620088,43904,613663992,0,4,0,512,37,9523566492
4981,613631091,45596,613676687,0,6,0,1024,40,984773400
4982,613805851,21916,613827767,0,8,1,35840,6,2074192907
4983,613961933,45596,614007529,0,6,0,1024,40,3449520238
4984,613963588,13600,613977188,0,8,1,23040,6,7734364741
4985,613977340,7706,613985046,0,0,1,8192,9,85888155
4986,614028423,6229,614034652,0,8,1,15360,6,8656878061
4987,614069416,2946,614072362,0,0,1,3072,9,10459204142
4988,614083286,1518,614084804,0,6,1,1536,40,4064222044
4989,614147775,2870,614150645,0,4,1,8704,37,4824599726
4990,614273418,4374,614277792,0,1,1,4608,22,847879368
4991,614534744,12049,614546793,0,3,1,19968,41,10663442420
4992,614588730,10241,614598971,0,0,1,16384,9,7437845934
4993,614829968,99008,614928976,0,8,0,25088,6,7956638895
4994,614850259,43904,614894163,0,6,0,512,40,3574213245
4995,614882722,47288,614930010,0,4,0,1536,37,4140338182
4996,614895509,43904,614939413,0,4,0,512,37,7361509045
4997,614963683,127400,615091083,0,3,0,118272,41,6913150958
4998,614983085,3904,614986989,0,7,1,10752,17,49697605
4999,615002492,100568,615103060,0,9,0,30208,38,3913195632
5000,615015072,4162,615019234,0,4,1,11264,37,10238264626
5001,615023976,2470,615026446,0,4,1,2560,37,7453281673
5002,615093772,4850,615098622,0,1,1,5120,22,1841481787
5003,615095667,123188,615218855,0,8,0,104448,6,8627937129
5004,615197499,72020,615269519,0,8,0,2560,6,5419247499
5005,615219583,3128,615222711,0,8,1,9216,6,6903568539
5006,615240820,20624,615261444,0,8,1,33280,6,1175170042
5007,615295163,41908,615337071,0,3,1,68096,41,4034943029
5008,615378624,75812,615454436,0,7,1,127488,17,10436615658
5009,615379085,10241,615389326,0,3,1,16384,41,3649260536
5010,615480221,7706,615487927,0,0,1,8192,9,9411367583
5011,615511205,13253,615524458,0,5,1,25600,37,1204494223
5012,615566970,5326,615572296,0,5,1,5632,37,10068451242
5013,615721131,53841,615774972,0,3,1,88064,41,5067169175
5014,615725476,1042,615726518,0,4,1,1024,37,6089582694
5015,615737425,4420,615741845,0,8,1,11776,6,3097116590
5016,615857461,1042,615858503,0,1,1,1024,22,8693051650
5017,615874555,103376,615977931,0,8,0,39424,6,9262643427
5018,616081941,5454,616087395,0,8,1,13824,6,5355019072
5019,616213953,45596,616259549,0,4,0,1024,37,10476720700
5020,616290010,23466,616313476,0,7,1,38912,17,3465795319
5021,616309888,121628,616431516,0,3,0,99328,41,8600399591
5022,616316930,43975,616360905,0,8,1,72192,6,6549225984
5023,616533516,106964,616640480,0,3,0,51200,41,8472191649
5024,616566774,566,616567340,0,0,1,512,9,3913794287
5025,616579189,107588,616686777,0,3,0,53248,41,3563938874
5026,616594859,100568,616695427,0,5,0,30208,37,3186947353
5027,616715745,72380,616788125,0,9,0,13312,38,1528032023
5028,616779374,76052,616855426,0,3,0,10240,41,5062092099
5029,616806505,6278,616812783,0,6,1,6656,40,3333118960
5030,616822398,42683,616865081,0,3,1,69632,41,704694567
5031,616887841,45596,616933437,0,4,0,1024,37,4970184171
5032,616909065,66680,616975745,0,9,0,9728,38,6244722447
5033,616921078,101660,617022738,0,3,0,33792,41,4678572160
5034,616921999,45596,616967595,0,4,0,1024,37,7751815401
5035,616937349,5326,616942675,0,0,1,5632,9,7530684033
5036,617034241,13253,617047494,0,7,1,25600,17,2597807090
5037,617038670,566,617039236,0,3,1,512,41,3156218169
5038,617081034,113984,617195018,0,9,0,74240,38,2688919317
5039,617137916,1042,617138958,0,1,1,1024,22,10543771228
5040,617213903,54056,617267959,0,3,0,3584,41,5049387051
5041,617312962,60824,617373786,0,9,0,5632,38,4358658879
5042,617345006,2946,617347952,0,3,1,3072,41,7357522185
5043,617360429,2470,617362899,0,5,1,2560,37,4748424372
5044,617455233,43904,617499137,0,6,0,512,40,4024373347
5045,617471013,5196,617476209,0,1,1,13312,22,719038438
5046,617492073,3898,617495971,0,6,1,4096,40,708507436
5047,617499456,43904,617543360,0,6,0,512,40,9713506912
5048,617541337,3898,617545235,0,0,1,4096,9,8786984033
5049,617630693,113672,617744365,0,8,0,73216,6,3066186194
5050,617692386,50672,617743058,0,4,0,2560,37,3509250724
5051,617741969,5775,617747744,0,8,1,9728,6,3311862710
5052,617786140,1994,617788134,0,5,1,2048,37,393621414
5053,617790506,3422,617793928,0,0,1,3584,9,7610440900
5054,617837363,12566,617849929,0,5,1,20992,37,7340845957
5055,617863025,45596,617908621,0,6,0,1024,40,14236374
5056,618031303,5326,618036629,0,5,1,5632,37,8074177813
5057,618240001,47288,618287289,0,6,0,1536,40,8507002320
5058,618379353,566,618379919,0,4,1,512,37,4839882267
5059,618439495,3128,618442623,0,1,1,9216,22,10135234408
5060,618574082,3898,618577980,0,6,1,4096,40,9060860533
5061,618705683,1994,618707677,0,6,1,2048,40,1078144251
5062,618778695,1042,618779737,0,1,1,1024,22,2195698275
5063,618826812,95780,618922592,0,5,0,24576,37,5915771116
5064,618894944,100100,618995044,0,5,0,28672,37,4325307881
5065,618913948,6278,618920226,0,6,1,6656,40,7013835246
5066,618920909,66836,618987745,0,8,0,10240,6,9369075534
5067,618947792,1042,618948834,0,0,1,1024,9,4973041341
5068,619105887,71132,619177019,0,3,0,9216,41,2607992990
5069,619186133,1518,619187651,0,8,1,1536,6,9743188981
5070,619197485,14287,619211772,0,4,1,27648,37,4191462803
5071,619273075,116012,619389087,0,9,0,80896,38,7954370091
5072,619334385,1994,619336379,0,7,1,2048,17,407537690
5073,619454413,45596,619500009,0,4,0,1024,37,10208283590
5074,619508982,160064,619669046,0,5,0,139776,37,10264246238
5075,619526674,6278,619532952,0,4,1,6656,37,10152490059
5076,619530170,128960,619659130,0,9,0,123392,38,8238481885
5077,619605638,1994,619607632,0,5,1,2048,37,3627532568
5078,619615770,5196,619620966,0,3,1,13312,41,2959574101
5079,619747487,5196,619752683,0,0,1,13312,9,11800654
5080,619785120,61604,619846724,0,3,0,8192,41,3454363098
5081,619790474,2470,619792944,0,4,1,2560,37,2836389635
5082,619927142,115856,620042998,0,8,0,80384,6,621727394
5083,619971902,100724,620072626,0,3,0,30720,41,3044009648
5084,620194828,101348,620296176,0,8,0,32768,6,10211127256
5085,620262529,63764,620326293,0,9,0,10240,38,7260018737
5086,620299727,3422,620303149,0,3,1,3584,41,10428603254
5087,620328826,63452,620392278,0,9,0,9216,38,2533093913
5088,620339169,3422,620342591,0,5,1,3584,37,8821511217
5089,620443501,65900,620509401,0,3,0,7168,41,1175638536
5090,620622723,4850,620627573,0,5,1,5120,37,10043537703
5091,620657568,6754,620664322,0,8,1,7168,6,1439301494
5092,620681238,43904,620725142,0,4,0,512,37,4267748492
5093,620716331,47288,620763619,0,4,0,1536,37,9846382549
5094,620839571,47288,620886859,0,4,0,1536,37,9692106500
5095,620920893,1518,620922411,0,3,1,1536,41,9272875259
5096,620955325,104780,621060105,0,8,0,44032,6,4179390000
5097,621000679,45596,621046275,0,4,0,1024,37,5823678443
5098,621016307,7706,621024013,0,8,1,8192,6,9509127837
5099,621028498,1042,621029540,0,6,1,1024,40,2179699801
5100,621072749,5802,621078551,0,6,1,6144,40,2307245600
5101,621484263,6754,621491017,0,4,1,7168,37,4622428361
5102,621494899,2870,621497769,0,3,1,8704,41,9199483199
5103,621503635,2946,621506581,0,4,1,3072,37,3289087809
5104,621513648,43904,621557552,0,6,0,512,40,4871314585
5105,621516764,64208,621580972,0,9,0,6656,38,5368020048
5106,621554049,4374,621558423,0,5,1,4608,37,6746295442
5107,621838278,92972,621931250,0,3,0,15360,41,6671559807
5108,621848447,7706,621856153,0,4,1,8192,37,7735858358
5109,622029470,1518,622030988,0,6,1,1536,40,10261523545
5110,622063775,1994,622065769,0,3,1,2048,41,8541397087
5111,622094103,47288,622141391,0,4,0,1536,37,5596731565
5112,622127648,93049,622220697,0,7,1,151040,17,8904855360
5113,622206157,6278,622212435,0,4,1,6656,37,4068493968
5114,622399904,1042,622400946,0,5,1,1024,37,1135923382
5115,622423714,73575,622497289,0,7,1,119808,17,8302008135
5116,622438925,43904,622482829,0,6,0,512,40,1666993128
5117,622463747,1518,622465265,0,4,1,1536,37,10123890818
5118,622466129,566,622466695,0,4,1,512,37,4715172433
5119,622602946,108212,622711158,0,9,0,55296,38,7005436615
5120,622624033,43904,622667937,0,6,0,512,40,1015459866
5121,622705980,2470,622708450,0,6,1,2560,40,6324063785
5122,622778571,63966,622842537,0,7,1,104448,17,2025354339
5123,622808887,102908,622911795,0,8,0,37888,6,7918601994
5124,622916483,56372,622972855,0,9,0,6144,38,7576746069
5125,622928668,3128,622931796,0,1,1,9216,22,10116370836
5126,623003812,48980,623052792,0,6,0,2048,40,6748108587
5127,623013563,104936,623118499,0,5,0,44544,37,6396572477
5128,623024749,112580,623137329,0,8,0,69632,6,580996238
5129,623067032,4850,623071882,0,1,1,5120,22,6706219051
5130,623079264,1518,623080782,0,3,1,1536,41,10513005479
5131,623243535,2470,623246005,0,5,1,2560,37,9407963358
5132,623298102,1042,623299144,0,1,1,1024,22,4070050760
5133,623299486,4850,623304336,0,6,1,5120,40,5001583723
5134,623319783,4374,623324157,0,1,1,4608,22,219515699
5135,623321723,284048,623605771,0,0,0,309760,9,5252752113
5136,623430256,69308,623499564,0,8,0,13312,6,662891957
5137,623458706,103064,623561770,0,5,0,38400,37,3215222086
5138,623607017,3128,623610145,0,6,1,9216,40,6411282782
5139,623770157,3904,623774061,0,1,1,10752,22,236718474
5140,623802288,1518,623803806,0,4,1,1536,37,7602194251
5141,623823495,4937,623828432,0,8,1,12800,6,3392858174
5142,623840675,2470,623843145,0,5,1,2560,37,2334822362
5143,623869789,43904,623913693,0,6,0,512,40,10509426110
5144,623876182,43904,623920086,0,4,0,512,37,8605963464
5145,623983276,6754,623990030,0,6,1,7168,40,10305221728
5146,624032467,6278,624038745,0,8,1,6656,6,1069234289
5147,624066427,56528,624122955,0,9,0,6656,38,9663219124
5148,624125091,43904,624168995,0,6,0,512,40,1380291333
5149,624209210,5802,624215012,0,4,1,6144,37,9068689334
5150,624222936,1994,624224930,0,6,1,2048,40,10211782616
5151,624324786,43904,624368690,0,4,0,512,37,4322658407
5152,624432408,56372,624488780,0,5,0,6144,37,5473886454
5153,624518240,2946,624521186,0,4,1,3072,37,3556000606
5154,624703415,72668,624776083,0,0,0,9216,9,9484676540
5155,624756431,1518,624757949,0,3,1,1536,41,4962333356
5156,624758048,91280,624849328,0,3,0,17408,41,6501739157
5157,624781283,74360,624855643,0,3,0,9728,41,4064604488
5158,624805573,3387,624808960,0,0,1,9728,9,1352736019
5159,624850688,6278,624856966,0,8,1,6656,6,8975497621
5160,624853524,133808,624987332,0,7,1,217088,17,10051831182
5161,624885322,5802,624891124,0,6,1,6144,40,2661734219
5162,624896314,48980,624945294,0,4,0,2048,37,2339876090
5163,624965190,105404,625070594,0,8,0,46080,6,2593065167
5164,624990694,43904,625034598,0,6,0,512,40,7577740464
5165,624992391,1994,624994385,0,3,1,2048,41,9938890998
5166,625038621,5712,625044333,0,8,1,14336,6,688377325
5167,625048001,101972,625149973,0,0,0,34816,9,1125426148
5168,625089565,2946,625092511,0,4,1,3072,37,5094385118
5169,625394711,148220,625542931,0,9,0,136192,38,3935019529
5170,625525217,4850,625530067,0,6,1,5120,40,5518629118
5171,625542572,45179,625587751,0,7,1,77824,17,3308265413
5172,625577665,1994,625579659,0,8,1,2048,6,431232895
5173,625615834,119288,625735122,0,8,0,91648,6,26586016
5174,625615985,50672,625666657,0,5,0,2560,37,9599035839
5175,625677533,1994,625679527,0,4,1,2048,37,3879883821
5176,625684165,2946,625687111,0,7,1,3072,17,4686278778
5177,625858429,53144,625911573,0,3,0,5632,41,1416424987
5178,625959474,79460,626038934,0,0,0,16384,9,913426197
5179,625969297,1042,625970339,0,0,1,1024,9,2580094094
5180,625971005,43904,626014909,0,6,0,512,40,2387900498
5181,625985842,566,625986408,0,4,1,512,37,6792611858
5182,626043052,72668,626115720,0,5,0,9216,37,3513527143
5183,626090812,4374,626095186,0,8,1,4608,6,5208750934
5184,626126088,12566,626138654,0,8,1,20992,6,8977744888
5185,626210991,55748,626266739,0,0,0,4096,9,8732402787
5186,626279535,1994,626281529,0,6,1,2048,40,7900763444
5187,626293805,1994,626295799,0,6,1,2048,40,8971378946
5188,626331158,91484,626422642,0,3,0,25600,41,5259971143
5189,626382217,4374,626386591,0,3,1,4608,41,3775960152
5190,626435560,6278,626441838,0,1,1,6656,22,512829064
5191,626554258,24154,626578412,0,7,1,43520,17,6290455517
5192,626557533,114920,626672453,0,8,0,77312,6,4682040672
5193,626660900,4374,626665274,0,6,1,4608,40,1357660772
5194,626809482,3898,626813380,0,9,1,4096,38,6752876026
5195,626859213,5326,626864539,0,9,1,5632,38,3769677251
5196,626948975,5326,626954301,0,5,1,5632,37,10322488505
5197,627102711,3645,627106356,0,6,1,10240,40,2873197221
5198,627118385,2946,627121331,0,8,1,3072,6,9579701959
5199,627158346,1994,627160340,0,3,1,2048,41,2053662716
5200,627230539,566,627231105,0,1,1,512,22,6714789241
5201,627279113,3128,627282241,0,5,1,9216,37,8054193674
5202,627446817,1518,627448335,0,5,1,1536,37,7764752216
5203,627509939,90368,627600307,0,5,0,16896,37,9589630240
5204,627531136,76587,627607723,0,7,1,129024,17,2560426582
5205,627540487,43904,627584391,0,6,0,512,40,2203407147
5206,627726757,5326,627732083,0,6,1,5632,40,5181891662
5207,627746505,4679,627751184,0,6,1,12288,40,7218029405
5208,627778732,7706,627786438,0,6,1,8192,40,5169446414
5209,627782489,99476,627881965,0,3,0,26624,41,302799507
5210,627812228,1994,627814222,0,1,1,2048,22,2063759984
5211,627925320,121316,628046636,0,3,0,98304,41,9042814486
5212,627970534,6754,627977288,0,8,1,7168,6,830037960
5213,628229463,53237,628282700,0,7,1,90112,17,2254589895
5214,628255100,4850,628259950,0,4,1,5120,37,2945272280
5215,628289074,2470,628291544,0,9,1,2560,38,2552558999
5216,628369705,13341,628383046,0,1,1,22528,22,9875253609
5217,628387397,122720,628510117,0,8,0,102912,6,9984194925
5218,628396098,5326,628401424,0,6,1,5632,40,4627021015
5219,628396811,1994,628398805,0,5,1,2048,37,3701575877
5220,628414611,125941,628540552,0,3,0,105984,41,7793489547
5221,628422414,80552,628502966,0,0,0,19968,9,1982623883
5222,628428377,2470,628430847,0,3,1,2560,41,7175842284
5223,628743782,2470,628746252,0,8,1,2560,6,537333705
5224,628795830,3422,628799252,0,5,1,3584,37,861819396
5225,628870955,5326,628876281,0,0,1,5632,9,2484099119
5226,628899571,108836,629008407,0,5,0,57344,37,9712974681
5227,628962330,5802,628968132,0,1,1,6144,22,4056060622
5228,629022812,43904,629066716,0,4,0,512,37,8985775399
5229,629024818,43904,629068722,0,4,0,512,37,3602156690
5230,629101857,83756,629185613,0,0,0,15360,9,993420666
5231,629134868,43904,629178772,0,5,0,512,37,2181473806
5232,629291077,2470,629293547,0,9,1,2560,38,9368075084
5233,629298449,3128,629301577,0,0,1,9216,9,3418704335
5234,629390085,3128,629393213,0,5,1,9216,37,3865596750
5235,629467691,74360,629542051,0,0,0,9728,9,4718683495
5236,629479230,45596,629524826,0,6,0,1024,40,2905312879
5237,629515541,6278,629521819,0,0,1,6656,9,1710394195
5238,629553680,104468,629658148,0,8,0,43008,6,6341400593
5239,629599389,3904,629603293,0,3,1,10752,41,8831548694
5240,629645992,5196,629651188,0,0,1,13312,9,5571020335
5241,629658018,5454,629663472,0,5,1,13824,37,4685347614
5242,629672365,47288,629719653,0,0,0,1536,9,1622933998
5243,629676907,47390,629724297,0,0,0,1536,9,2532991808
5244,629729334,102284,629831618,0,9,0,35840,38,5823291266
5245,629744532,102128,629846660,0,3,0,35328,41,10338194589
5246,629758362,566,629758928,0,6,1,512,40,9308494372
5247,629761758,45596,629807354,0,6,0,1024,40,5889790082
5248,629823011,15829,629838840,0,9,1,7680,38,6276209231
5249,629829530,2470,629832000,0,8,1,2560,6,10038014734
5250,629849423,84092,629933515,0,5,0,21504,37,198228173
5251,630041475,48980,630090455,0,4,0,2048,37,8058919309
5252,630043144,7230,630050374,0,8,1,7680,6,1862072616
5253,630094395,43904,630138299,0,6,0,512,40,8052880679
5254,630178503,1042,630179545,0,3,1,1024,41,5126382705
5255,630181857,109616,630291473,0,5,0,59904,37,4248611750
5256,630220425,93800,630314225,0,8,0,28160,6,10365818624
5257,630221746,1042,630222788,0,6,1,1024,40,4276675649
5258,630298405,45596,630344001,0,4,0,1024,37,9568072192
5259,630365185,5802,630370987,0,0,1,6144,9,756537327
5260,630394832,1518,630396350,0,7,1,1536,17,8673155516
5261,630395590,13512,630409102,0,7,1,26112,17,5080289535
5262,630436406,48980,630485386,0,0,0,2048,9,4368615950
5263,630482000,5802,630487802,0,1,1,6144,22,7013584186
5264,630646408,1994,630648402,0,5,1,2048,37,2838092151
5265,630724289,1994,630726283,0,9,1,2048,38,4158864295
5266,630751476,43904,630795380,0,4,0,512,37,5908150338
5267,630759220,11274,630770494,0,6,1,18432,40,3662077602
5268,630818634,48980,630867614,0,0,0,2048,9,6377017268
5269,630973445,7230,630980675,0,6,1,7680,40,6469226023
5270,631040058,3898,631043956,0,1,1,4096,22,2852806664
5271,631139679,26479,631166158,0,7,1,48128,17,6698564281
5272,631184243,43904,631228147,0,0,0,512,9,7676494949
5273,631224935,566,631225501,0,0,1,512,9,2563299693
5274,631267744,1518,631269262,0,9,1,1536,38,7217015823
5275,631351406,201044,631552450,0,5,0,198656,37,9695873059
5276,631387226,3422,631390648,0,5,1,3584,37,9970599201
5277,631415118,70976,631486094,0,9,0,8704,38,497737667
5278,631428078,47288,631475366,0,6,0,1536,40,4384719494
5279,631445527,118196,631563723,0,8,0,88064,6,2003418615
5280,631593686,3422,631597108,0,9,1,3584,38,7118191940
5281,631715394,4850,631720244,0,1,1,5120,22,1607430918
5282,631762695,7230,631769925,0,0,1,7680,9,3920411943
5283,631828665,3422,631832087,0,8,1,3584,6,1706069884
5284,631983161,11533,631994694,0,6,1,18944,40,7136866131
5285,632022079,2946,632025025,0,9,1,3072,38,5991265348
5286,632023370,1994,632025364,0,4,1,2048,37,6391253089
5287,632052958,3422,632056380,0,0,1,3584,9,10018001721
5288,632076805,43904,632120709,0,4,0,512,37,997001754
5289,632078376,12308,632090684,0,5,1,20480,37,6175938104
5290,632082546,10404,632092950,0,5,1,3584,37,2469431313
5291,632084958,57730,632142688,0,5,0,6656,37,10430449619
5292,632175229,4420,632179649,0,8,1,11776,6,3039787069
5293,632184113,89480,632273593,0,3,0,24064,41,9085570151
5294,632195550,3422,632198972,0,7,1,3584,17,1456324053
5295,632214458,43904,632258362,0,4,0,512,37,525711501
5296,632256906,45596,632302502,0,0,0,1024,9,34490910
5297,632299623,1994,632301617,0,8,1,2048,6,3281470906
5298,632401809,127359,632529168,0,8,0,101888,6,5730035358
5299,632498540,85472,632584012,0,9,0,20992,38,5528616710
5300,632520689,3422,632524111,0,3,1,3584,41,2528844190
5301,632625977,45596,632671573,0,4,0,1024,37,6538943890
5302,632695462,1518,632696980,0,4,1,1536,37,666008029
5303,632700565,3128,632703693,0,9,1,9216,38,7202616759
5304,632702057,1994,632704051,0,1,1,2048,22,4938166707
5305,632725737,5326,632731063,0,0,1,5632,9,394936809
5306,632735134,566,632735700,0,8,1,512,6,1220539281
5307,632765512,106964,632872476,0,9,0,51200,38,5429448257
5308,632832108,54056,632886164,0,8,0,3584,6,7886263660
5309,632888194,4162,632892356,0,6,1,11264,40,6261960546
5310,632914276,120068,633034344,0,3,0,94208,41,4648520486
5311,632929080,76544,633005624,0,9,0,16896,38,2421742513
5312,632966877,43904,633010781,0,0,0,512,9,10291569804
5313,632981645,111859,633093504,0,3,0,18944,41,3735880261
5314,633028470,9764,633038234,0,3,1,4096,41,3915216599
5315,633062580,101348,633163928,0,3,0,32768,41,3759827059
5316,633238516,82376,633320892,0,8,0,15872,6,4486660758
5317,633287338,566,633287904,0,5,1,512,37,495042016
5318,633316691,10947,633327638,0,8,1,7168,6,9639205716
5319,633326832,5802,633332634,0,1,1,6144,22,1051655817
5320,633377898,113672,633491570,0,5,0,73216,37,2232925122
5321,633408641,45596,633454237,0,4,0,1024,37,1381260670
5322,633489944,43904,633533848,0,6,0,512,40,2197227345
5323,633782617,75008,633857625,0,9,0,16896,38,525549905
5324,633821721,69284,633891005,0,1,0,8192,22,9986337896
5325,633881297,89588,633970885,0,9,0,14336,38,3637251935
5326,633917869,43904,633961773,0,4,0,512,37,7424942730
5327,633999026,70844,634069870,0,3,0,13312,41,3142547631
5328,634011309,5802,634017111,0,3,1,6144,41,10479361419
5329,634103049,3387,634106436,0,0,1,9728,9,391048049
5330,634129324,11274,634140598,0,7,1,18432,17,1328693649
5331,634156074,3422,634159496,0,0,1,3584,9,3732208076
5332,634339134,4420,634343554,0,5,1,11776,37,2098669974
5333,634353010,45596,634398606,0,6,0,1024,40,877672581
5334,634398745,95492,634494237,0,6,0,28672,40,2106245
5335,634419941,135094,634555035,0,6,0,15360,40,1338501283
5336,634455507,43904,634499411,0,0,0,512,9,36540744
5337,634456371,3422,634459793,0,4,1,3584,37,10262993343
5338,634546254,124748,634671002,0,8,0,109568,6,7890740122
5339,634554521,59132,634613653,0,1,0,5120,22,1022301519
5340,634664376,1518,634665894,0,5,1,1536,37,4797032849
5341,634746438,5802,634752240,0,3,1,6144,41,4536233100
5342,634799640,3422,634803062,0,9,1,3584,38,5711676265
5343,634833749,43904,634877653,0,4,0,512,37,3890149378
5344,634835912,43904,634879816,0,0,0,512,9,3593771990
5345,634877214,73160,634950374,0,5,0,15872,37,7304660463
5346,634901675,104624,635006299,0,1,0,43520,22,7245727635
5347,634902765,4850,634907615,0,9,1,5120,38,4694853815
5348,634987354,1042,634988396,0,6,1,1024,40,5957967296
5349,635012839,3422,635016261,0,4,1,3584,37,2633757053
5350,635020830,210163,635230993,0,6,0,87552,40,5040699970
5351,635040784,566,635041350,0,3,1,512,41,8645280700
5352,635057391,113984,635171375,0,5,0,74240,37,6139929481
5353,635103540,1518,635105058,0,7,1,1536,17,7107699233
5354,635105909,43904,635149813,0,0,0,512,9,7967355078
5355,635131983,65768,635197751,0,8,0,11776,6,10548312785
5356,635165375,3387,635168762,0,7,1,9728,17,3048923208
5357,635178191,102440,635280631,0,1,0,36352,22,9866593639
5358,635196702,111956,635308658,0,3,0,67584,41,8636967465
5359,635208730,2946,635211676,0,1,1,3072,22,2138692615
5360,635268786,71156,635339942,0,5,0,14336,37,1643080400
5361,635318951,93464,635412415,0,8,0,22016,6,1974524579
5362,635331444,1518,635332962,0,0,1,1536,9,1772520906
5363,635423143,111956,635535099,0,6,0,67584,40,5835546321
5364,635442403,1042,635443445,0,8,1,1024,6,9309188780
5365,635542989,112580,635655569,0,3,0,69632,41,187168130
5366,635576792,48980,635625772,0,4,0,2048,37,1329336393
5367,635612012,48980,635660992,0,5,0,2048,37,884125160
5368,635685789,101972,635787761,0,5,0,34816,37,8488624520
5369,635776128,102596,635878724,0,5,0,36864,37,1284643405
5370,635829780,6754,635836534,0,4,1,7168,37,5576090940
5371,635863625,1994,635865619,0,3,1,2048,41,4923094654
5372,635897563,1994,635899557,0,6,1,2048,40,7351147912
5373,636099863,2946,636102809,0,0,1,3072,9,476155656
5374,636255871,1518,636257389,0,3,1,1536,41,8799389325
5375,636278679,3128,636281807,0,1,1,9216,22,3633986547
5376,636381785,566,636382351,0,9,1,512,38,5929695078
5377,636402300,45596,636447896,0,0,0,1024,9,7847622676
5378,636457848,1518,636459366,0,9,1,1536,38,9730541830
5379,636590823,43904,636634727,0,4,0,512,37,1776249875
5380,636637638,108056,636745694,0,3,0,54784,41,1277147847
5381,636809941,1518,636811459,0,3,1,1536,41,4946591956
5382,636880792,101972,636982764,0,9,0,34816,38,3200070502
5383,636921740,4374,636926114,0,8,1,4608,6,5093941157
5384,636932547,1042,636933589,0,9,1,1024,38,7122641846
5385,636961183,1042,636962225,0,3,1,1024,41,6863464405
5386,636965552,47288,637012840,0,4,0,1536,37,8519530643
5387,636971941,43904,637015845,0,0,0,512,9,4206587469
5388,637000757,130676,637131433,0,8,0,129024,6,4335738245
5389,637046382,1042,637047424,0,6,1,1024,40,5829093220
5390,637123956,20366,637144322,0,7,1,32768,17,4749755934
5391,637261850,3898,637265748,0,1,1,4096,22,4749525448
5392,637586398,100412,637686810,0,6,0,29696,40,4480888820
5393,637641237,107744,637748981,0,3,0,53760,41,6660717847
5394,637708652,43904,637752556,0,0,0,512,9,7696506584
5395,637726538,45596,637772134,0,4,0,1024,37,4057060990
5396,637749832,4850,637754682,0,8,1,5120,6,507311485
5397,637780922,2470,637783392,0,6,1,2560,40,110919912
5398,637886135,566,637886701,0,0,1,512,9,8828067656
5399,637903515,13253,637916768,0,3,1,25600,41,6732061711
5400,637904722,115700,638020422,0,6,0,79872,40,5866772408
5401,637965046,79832,638044878,0,6,0,6656,40,5781778470
5402,637969074,1518,637970592,0,1,1,1536,22,640396240
5403,638089921,2470,638092391,0,4,1,2560,37,7157809187
5404,638143616,1042,638144658,0,8,1,1024,6,8110376983
5405,638294858,1042,638295900,0,5,1,1024,37,8377264965
5406,638324260,81152,638405412,0,6,0,16896,40,351540469
5407,638333689,5326,638339015,0,4,1,5632,37,4074601790
5408,638354969,11791,638366760,0,0,1,19456,9,8675266168
5409,638426933,6754,638433687,0,4,1,7168,37,5492237814
5410,638693534,41649,638735183,0,7,1,67584,17,6212777743
5411,638707473,5326,638712799,0,1,1,5632,22,4003159804
5412,638772072,83600,638855672,0,3,0,14848,41,4870957446
5413,638777618,3387,638781005,0,6,1,9728,40,7930404947
5414,638822755,5326,638828081,0,5,1,5632,37,5559244185
5415,638851173,1994,638853167,0,0,1,2048,9,3383105559
5416,638902814,1042,638903856,0,6,1,1024,40,262554314
5417,638912570,6754,638919324,0,8,1,7168,6,773866941
5418,638921712,124480,639046192,0,5,0,73216,37,4214252841
5419,639280849,6488,639287337,0,3,1,15872,41,606540027
5420,639367424,67748,639435172,0,5,0,8192,37,1947186975
5421,639454956,45596,639500552,0,0,0,1024,9,4771133876
5422,639501834,75296,639577130,0,9,0,12800,38,4093350187
5423,639537215,2870,639540085,0,0,1,8704,9,6100578931
5424,639576475,566,639577041,0,6,1,512,40,2017767779
5425,639618484,101816,639720300,0,5,0,34304,37,121559372
5426,639679795,7706,639687501,0,3,1,8192,41,5932223622
5427,639707134,43904,639751038,0,4,0,512,37,6645431541
5428,639737508,13512,639751020,0,3,1,26112,41,10134589268
5429,639744425,109616,639854041,0,1,0,59904,22,6853532526
5430,639756635,566,639757201,0,0,1,512,9,7796806940
5431,639774468,105169,639879637,0,1,0,512,22,1080415901
5432,639775022,45596,639820618,0,0,0,1024,9,3999572502
5433,639912622,47444,639960066,0,4,0,2048,37,5797809085
5434,639923277,1042,639924319,0,9,1,1024,38,2682537364
5435,639935509,43904,639979413,0,0,0,512,9,61903857
5436,639981974,6278,639988252,0,4,1,6656,37,596819345
5437,640128740,45596,640174336,0,0,0,1024,9,9527343928
5438,640185650,23725,640209375,0,6,1,39424,40,2148007454
5439,640203179,99008,640302187,0,1,0,25088,22,6846517846
5440,640254211,1994,640256205,0,0,1,2048,9,10523776097
5441,640284428,1042,640285470,0,1,1,1024,22,8830683921
5442,640365451,55748,640421199,0,3,0,4096,41,3738825297
5443,640409935,4162,640414097,0,7,1,11264,17,9151454646
5444,640551787,4162,640555949,0,8,1,11264,6,10051400812
5445,640586253,4850,640591103,0,8,1,5120,6,9682063575
5446,640638828,104468,640743296,0,3,0,43008,41,9561995702
5447,640685638,4937,640690575,0,3,1,12800,41,7721785654
5448,640857381,100880,640958261,0,1,0,31232,22,2023687646
5449,640862593,152932,641015525,0,1,0,57856,22,4071358365
5450,640956157,4374,640960531,0,4,1,4608,37,6996431917
5451,640969285,96536,641065821,0,5,0,22016,37,7543919198
5452,641059656,43904,641103560,0,0,0,512,9,10731037585
5453,641193220,74608,641267828,0,7,1,121856,17,5817706056
5454,641201907,4374,641206281,0,9,1,4608,38,3492929424
5455,641273749,43904,641317653,0,6,0,512,40,1101867565
5456,641295150,4679,641299829,0,6,1,12288,40,973048066
5457,641298735,30749,641329484,0,7,1,49664,17,5296420495
5458,641394704,5454,641400158,0,3,1,13824,41,9391822329
5459,641478356,2946,641481302,0,5,1,3072,37,5896346603
5460,641481482,4374,641485856,0,1,1,4608,22,733013
5461,641534733,57440,641592173,0,8,0,4608,6,9660137646
5462,641587840,4420,641592260,0,4,1,11776,37,2642556418
5463,641727852,6488,641734340,0,0,1,15872,9,5473394773
5464,641739750,3422,641743172,0,1,1,3584,22,9717156410
5465,641751491,5712,641757203,0,3,1,14336,41,2487920769
5466,641797806,57596,641855402,0,6,0,5120,40,1499552215
5467,641830697,1518,641832215,0,3,1,1536,41,5500669157
5468,642023558,5712,642029270,0,5,1,14336,37,9765736514
5469,642052999,3387,642056386,0,1,1,9728,22,4452891381
5470,642053128,53556,642106684,0,1,0,2560,22,1257218191
5471,642236995,2870,642239865,0,5,1,8704,37,3811387062
5472,642263737,1042,642264779,0,7,1,1024,17,4773839376
5473,642275668,109772,642385440,0,8,0,60416,6,5304569303
5474,642374538,45596,642420134,0,6,0,1024,40,3244723558
5475,642492196,65900,642558096,0,8,0,7168,6,10067964781
5476,642503199,48980,642552179,0,0,0,2048,9,8528728438
5477,642661736,67592,642729328,0,5,0,7680,37,3382069162
5478,642716646,106340,642822986,0,8,0,49152,6,3335179752
5479,642730885,5971,642736856,0,9,1,14848,38,5599198072
5480,642769155,25962,642795117,0,7,1,47104,17,7910966599
5481,642790266,1994,642792260,0,4,1,2048,37,2631930996
5482,642794854,6754,642801608,0,8,1,7168,6,7872704556
5483,642804835,102284,642907119,0,5,0,35840,37,739570380
5484,642834158,2870,642837028,0,3,1,8704,41,3111145681
5485,642844080,5971,642850051,0,1,1,14848,22,6475821814
5486,642875969,2470,642878439,0,6,1,2560,40,9898041166
5487,642899160,43904,642943064,0,6,0,512,40,10605848136
5488,643027646,2946,643030592,0,0,1,3072,9,2211705534
5489,643069448,1042,643070490,0,6,1,1024,40,2367704393
5490,643104622,3128,643107750,0,9,1,9216,38,5506394950
5491,643111843,566,643112409,0,3,1,512,41,8293177210
5492,643247042,6754,643253796,0,1,1,7168,22,565307262
5493,643258160,566,643258726,0,4,1,512,37,101047704
5494,643278634,4374,643283008,0,4,1,4608,37,10487207989
5495,643385586,1994,643387580,0,0,1,2048,9,3700680578
5496,643396173,3422,643399595,0,0,1,3584,9,2144238929
5497,643557266,1518,643558784,0,8,1,1536,6,5981157978
5498,643557668,2742,643560410,0,8,1,2560,6,133759544
5499,643668060,62516,643730576,0,5,0,6144,37,1477348498
5500,643690132,45596,643735728,0,0,0,1024,9,3377097390
5501,643713484,14287,643727771,0,6,1,27648,40,8128585577
5502,643713764,53945,643767709,0,6,0,1536,40,1862172414
5503,643720950,99459,643820409,0,6,0,2048,40,6266266495
5504,643733606,7706,643741312,0,4,1,8192,37,2257932221
5505,643911348,43904,643955252,0,4,0,512,37,2302923978
5506,643913553,76052,643989605,0,1,0,10240,22,7736139775
5507,643916831,106964,644023795,0,3,0,51200,41,8391267757
5508,643977313,95180,644072493,0,5,0,27648,37,1618458535
5509,643997696,105560,644103256,0,8,0,46592,6,3729149606
5510,644012626,5802,644018428,0,9,1,6144,38,7138388253
5511,644053941,5326,644059267,0,8,1,5632,6,9002049055
5512,644088623,43904,644132527,0,6,0,512,40,6164661892
5513,644182708,52364,644235072,0,9,0,3072,38,9584509934
5514,644306745,73292,644380037,0,8,0,11264,6,6917092011
5515,644394696,69620,644464316,0,5,0,14336,37,8617698989
5516,644421854,116636,644538490,0,8,0,82944,6,8734708826
5517,644459396,136052,644595448,0,8,0,36864,6,4819859081
5518,644464807,137052,644601859,0,8,0,20992,6,3515715817
5519,644547944,1042,644548986,0,3,1,1024,41,10287873713
5520,644654073,45752,644699825,0,4,0,1536,37,9691077755
5521,644752476,43904,644796380,0,3,0,512,41,1652350681
5522,644779248,104156,644883404,0,8,0,41984,6,4061803818
5523,644783879,2946,644786825,0,8,1,3072,6,418296046
5524,644871495,5712,644877207,0,6,1,14336,40,4553649426
5525,644926516,3387,644929903,0,1,1,9728,22,2855972995
5526,644936255,1042,644937297,0,1,1,1024,22,10369374976
5527,645024966,59132,645084098,0,9,0,5120,38,4426473232
5528,645053893,57440,645111333,0,5,0,4608,37,9035099777
5529,645056474,45596,645102070,0,4,0,1024,37,5618504948
5530,645064165,95288,645159453,0,5,0,17920,37,1749112732
5531,645200489,47288,645247777,0,6,0,1536,40,10164771998
5532,645247074,566,645247640,0,5,1,512,37,6867357180
5533,645315690,1042,645316732,0,3,1,1024,41,4112083931
5534,645429071,4850,645433921,0,0,1,5120,9,2936750024
5535,645484865,566,645485431,0,1,1,512,22,9496195968
5536,645567706,97784,645665490,0,8,0,26112,6,4074936170
5537,645575506,1042,645576548,0,9,1,1024,38,7586324250
5538,645587929,1042,645588971,0,5,1,1024,37,1391352979
5539,645605087,75295,645680382,0,7,1,126464,17,7069220625
5540,645699252,5326,645704578,0,6,1,5632,40,7277274384
5541,645720822,45596,645766418,0,6,0,1024,40,5544236650
5542,645746998,45596,645792594,0,0,0,1024,9,3626560358
5543,645877383,1994,645879377,0,9,1,2048,38,8163814618
5544,645924137,2470,645926607,0,1,1,2560,22,4501584575
5545,646002205,2870,646005075,0,6,1,8704,40,9822952438
5546,646080530,6754,646087284,0,9,1,7168,38,10055374263
5547,646350601,43904,646394505,0,4,0,512,37,848895078
5548,646651631,1994,646653625,0,8,1,2048,6,629576675
5549,646750557,1042,646751599,0,3,1,1024,41,382136031
5550,646820415,2470,646822885,0,6,1,2560,40,2150890927
5551,646900927,1518,646902445,0,1,1,1536,22,1799271106
5552,647050967,43904,647094871,0,4,0,512,37,10332209812
5553,647096385,83468,647179853,0,1,0,19456,22,10345412812
5554,647128249,99632,647227881,0,5,0,27136,37,5219241004
5555,647178786,4850,647183636,0,3,1,5120,41,7212503243
5556,647208149,43904,647252053,0,0,0,512,9,2343088882
5557,647346733,126439,647473172,0,5,0,91136,37,6779205154
5558,647347305,13083,647360388,0,5,1,22016,37,5812537349
5559,647475261,45596,647520857,0,6,0,1024,40,6789621606
5560,647479293,72824,647552117,0,5,0,9728,37,1395434943
5561,647509050,107744,647616794,0,9,0,53760,38,6416746795
5562,647565420,4679,647570099,0,3,1,12288,41,6179099287
5563,647581635,1994,647583629,0,3,1,2048,41,9091333143
5564,647616658,84248,647700906,0,8,0,22016,6,9880284837
5565,647741740,91172,647832912,0,1,0,24576,22,5383759721
5566,647844599,84224,647928823,0,1,0,16896,22,6883743589
5567,647888103,566,647888669,0,0,1,512,9,9995708603
5568,647937077,23983,647961060,0,7,1,39936,17,986743601
5569,648063385,111176,648174561,0,1,0,65024,22,9344565941
5570,648250225,45596,648295821,0,6,0,1024,40,9167920738
5571,648355656,43904,648399560,0,0,0,512,9,7988842547
5572,648500620,5326,648505946,0,8,1,5632,6,7820309379
5573,648515620,4937,648520557,0,9,1,12800,38,8698434039
5574,648530017,5802,648535819,0,5,1,6144,37,4366428338
5575,648652130,45596,648697726,0,4,0,1024,37,2028317646
5576,648682999,47600,648730599,0,5,0,2560,37,683712573
5577,648725246,3645,648728891,0,3,1,10240,41,1167010252
5578,648767309,99320,648866629,0,8,0,26112,6,915429816
5579,648919245,43904,648963149,0,0,0,512,9,8811341526
5580,649085651,47288,649132939,0,4,0,1536,37,3157071094
5581,649106137,1042,649107179,0,0,1,1024,9,4687892281
5582,649136831,2870,649139701,0,0,1,8704,9,101369392
5583,649205754,3422,649209176,0,8,1,3584,6,10237492698
5584,649309371,5326,649314697,0,9,1,5632,38,6593537239
5585,649320757,566,649321323,0,5,1,512,37,919151317
5586,649368389,3898,649372287,0,1,1,4096,22,4677635378
5587,649377870,43904,649421774,0,4,0,512,37,2935622114
5588,649399714,43904,649443618,0,4,0,512,37,193228294
5589,649413176,1042,649414218,0,6,1,1024,40,9959409570
5590,649453882,45596,649499478,0,4,0,1024,37,10471540768
5591,649522040,44404,649566444,0,7,1,76288,17,2169732156
5592,649531339,187340,649718679,0,8,0,158720,6,5075844167
5593,649565330,1042,649566372,0,6,1,1024,40,554148612
5594,649662398,5802,649668200,0,3,1,6144,41,10009535051
5595,649713295,3898,649717193,0,3,1,4096,41,3891796388
5596,649824149,110240,649934389,0,1,0,61952,22,270247120
5597,649858561,5802,649864363,0,7,1,6144,17,2676965502
5598,649885875,3422,649889297,0,1,1,3584,22,1845870123
5599,649971172,14117,649985289,0,3,1,24064,41,6636213986
5600,649977948,2470,649980418,0,1,1,2560,22,4654950616
5601,650012204,71288,650083492,0,8,0,9728,6,9548649978
5602,650055784,2870,650058654,0,6,1,8704,40,7362954968
5603,650079462,93776,650173238,0,1,0,23040,22,2917659247
5604,650121896,52364,650174260,0,6,0,3072,40,6588011007
5605,650146607,48980,650195587,0,6,0,2048,40,1685921171
5606,650170092,4183,650174275,0,6,1,10752,40,3747084550
5607,650295054,47288,650342342,0,6,0,1536,40,7127571926
5608,650314835,3898,650318733,0,1,1,4096,22,486505011
5609,650432913,10499,650443412,0,9,1,16896,38,5219329475
5610,650505269,1518,650506787,0,8,1,1536,6,10662689369
5611,650605496,47288,650652784,0,0,0,1536,9,6478768524
5612,650611763,70089,650681852,0,8,0,3072,6,10642989922
5613,650764948,113204,650878152,0,8,0,71680,6,4996726169
5614,650865837,124263,650990100,0,8,0,67584,6,1623366312
5615,650873675,5802,650879477,0,1,1,6144,22,4686155889
5616,650908859,1994,650910853,0,0,1,2048,9,3645673696
5617,650980908,4850,650985758,0,1,1,5120,22,8572431110
5618,650991427,4850,650996277,0,4,1,5120,37,9922085440
5619,651033848,7230,651041078,0,6,1,7680,40,9407309427
5620,651096347,48980,651145327,0,6,0,2048,40,9393335352
5621,651108094,2470,651110564,0,1,1,2560,22,9127062320
5622,651129114,4850,651133964,0,6,1,5120,40,2487200448
5623,651187093,2870,651189963,0,0,1,8704,9,5738509230
5624,651200411,566,651200977,0,3,1,512,41,1173087931
5625,651205198,108992,651314190,0,9,0,57856,38,7157091983
5626,651208653,566,651209219,0,1,1,512,22,2667567818
5627,651211381,1994,651213375,0,1,1,2048,22,9160803055
5628,651300135,52364,651352499,0,5,0,3072,37,3372722357
5629,651339338,106652,651445990,0,8,0,50176,6,7423690513
5630,651381192,3898,651385090,0,3,1,4096,41,4532894269
5631,651396459,3898,651400357,0,5,1,4096,37,5127332103
5632,651440599,7706,651448305,0,5,1,8192,37,443844639
5633,651472040,5326,651477366,0,8,1,5632,6,906600424
5634,651523797,70991,651594788,0,7,1,114688,17,4042146458
5635,651560352,43904,651604256,0,5,0,512,37,4276826349
5636,651653120,43904,651697024,0,3,0,512,41,9918788100
5637,651728221,4679,651732900,0,1,1,12288,22,6994468990
5638,651733901,43904,651777805,0,3,0,512,41,2602701029
5639,651790354,2470,651792824,0,9,1,2560,38,5315263782
5640,651869896,3422,651873318,0,6,1,3584,40,10608822182
5641,651886746,45596,651932342,0,4,0,1024,37,5845002827
5642,652005901,43904,652049805,0,4,0,512,37,3166169056
5643,652059183,5326,652064509,0,3,1,5632,41,2900826084
5644,652092837,3645,652096482,0,5,1,10240,37,4652802275
5645,652104172,45596,652149768,0,6,0,1024,40,2876506583
5646,652409664,2470,652412134,0,1,1,2560,22,637298598
5647,652421116,7706,652428822,0,4,1,8192,37,4932249847
5648,652448874,43904,652492778,0,0,0,512,9,770547718
5649,652461379,47288,652508667,0,6,0,1536,40,10011738404
5650,652594204,1994,652596198,0,1,1,2048,22,8716810138
5651,652696345,7706,652704051,0,9,1,8192,38,5492845037
5652,652766229,43904,652810133,0,6,0,512,40,7956313005
5653,652847135,43904,652891039,0,6,0,512,40,885947166
5654,652869292,4420,652873712,0,0,1,11776,9,10145744445
5655,652984303,43904,653028207,0,4,0,512,37,4533454795
5656,652992235,2946,652995181,0,6,1,3072,40,3672596075
5657,653177409,43904,653221313,0,4,0,512,37,9416574721
5658,653185706,45596,653231302,0,3,0,1024,41,6778736803
5659,653219574,43904,653263478,0,6,0,512,40,3683788807
5660,653235660,111800,653347460,0,5,0,67072,37,6236750237
5661,653317977,1042,653319019,0,5,1,1024,37,3498927983
5662,653355102,3898,653359000,0,1,1,4096,22,8394685928
5663,653448110,4850,653452960,0,4,1,5120,37,2832445253
5664,653472636,53325,653525961,0,7,1,87040,17,4726326465
5665,653477401,1042,653478443,0,5,1,1024,37,4659753793
5666,653496703,566,653497269,0,3,1,512,41,3764861300
5667,653553504,32816,653586320,0,7,1,53760,17,10571526703
5668,653562806,1042,653563848,0,9,1,1024,38,5612863425
5669,653598849,5454,653604303,0,0,1,13824,9,2760378203
5670,653604150,5712,653609862,0,9,1,14336,38,7804377110
5671,653718316,43904,653762220,0,0,0,512,9,1357945610
5672,653720014,107276,653827290,0,9,0,52224,38,3354840190
5673,653756077,110084,653866161,0,5,0,61440,37,5067222185
5674,653840740,3422,653844162,0,8,1,3584,6,199089816
5675,653880518,45596,653926114,0,3,0,1024,41,10340871310
5676,653904434,43904,653948338,0,6,0,512,40,1035095373
5677,653923649,3904,653927553,0,9,1,10752,38,6783712798
5678,654026150,106028,654132178,0,5,0,48128,37,8170103310
5679,654117163,15030,654132193,0,5,1,512,37,3836314330
5680,654170089,50672,654220761,0,4,0,2560,37,1079221561
5681,654224854,4374,654229228,0,9,1,4608,38,6000192561
5682,654268606,1994,654270600,0,5,1,2048,37,8232800215
5683,654343339,43904,654387243,0,3,0,512,41,6575786078
5684,654418978,107744,654526722,0,8,0,53760,6,8330300375
5685,654486266,1042,654487308,0,9,1,1024,38,4793239247
5686,654502535,45596,654548131,0,6,0,1024,40,6023556041
5687,654567120,32558,654599678,0,7,1,53248,17,677220440
5688,654612163,46212,654658375,0,7,1,79872,17,3542358788
5689,654732165,43904,654776069,0,4,0,512,37,5172593192
5690,654736974,48980,654785954,0,3,0,2048,41,1389473031
5691,654740084,21916,654762000,0,7,1,35840,17,965250126
5692,654751074,1994,654753068,0,9,1,2048,38,124747807
5693,654776969,99632,654876601,0,5,0,27136,37,6221918105
5694,654850922,5454,654856376,0,6,1,13824,40,4588405645
5695,654890629,5326,654895955,0,9,1,5632,38,8816054009
5696,654906108,43904,654950012,0,0,0,512,9,4515320758
5697,655008464,52364,655060828,0,4,0,3072,37,10088639580
5698,655031745,105716,655137461,0,8,0,47104,6,8264594530
5699,655061147,43904,655105051,0,4,0,512,37,4747011813
5700,655088725,103433,655192158,0,7,1,167936,17,3612162331
5701,655115244,2470,655117714,0,9,1,2560,38,4930474734
5702,655117623,54056,655171679,0,4,0,3584,37,8227093963
5703,655152342,50672,655203014,0,6,0,2560,40,3994302074
5704,655186807,2870,655189677,0,9,1,8704,38,4396575942
5705,655205622,1042,655206664,0,3,1,1024,41,4400104680
5706,655240281,1994,655242275,0,4,1,2048,37,6435617149
5707,655381332,130520,655511852,0,5,0,128512,37,22736049
5708,655423960,57440,655481400,0,4,0,4608,37,3640685452
5709,655469241,3422,655472663,0,1,1,3584,22,8008104101
5710,655490082,103226,655593308,0,5,0,17920,37,6936521511
5711,655641016,3645,655644661,0,3,1,10240,41,3128570057
5712,655646939,45596,655692535,0,0,0,1024,9,4873631620
5713,655819931,45596,655865527,0,3,0,1024,41,2282275068
5714,655897492,47288,655944780,0,6,0,1536,40,4895104562
5715,656410683,98540,656509223,0,8,0,23552,6,7234307320
5716,656501108,6278,656507386,0,1,1,6656,22,7760928827
5717,656689639,105872,656795511,0,1,0,47616,22,8522786656
5718,656764639,3128,656767767,0,9,1,9216,38,411764310
5719,656785014,1994,656787008,0,8,1,2048,6,3431157932
5720,656809366,43904,656853270,0,3,0,512,41,10195941475
5721,656886861,5971,656892832,0,5,1,14848,37,5386491972
5722,656970307,1518,656971825,0,8,1,1536,6,3725024711
5723,657004020,2470,657006490,0,6,1,2560,40,3240958777
5724,657084003,1042,657085045,0,5,1,1024,37,10553991260
5725,657085214,103085,657188299,0,5,0,36352,37,2883580790
5726,657131791,54056,657185847,0,3,0,3584,41,5253935807
5727,657141748,3422,657145170,0,3,1,3584,41,5261264445
5728,657340113,44060,657384173,0,0,0,1024,9,10101782618
5729,657349372,2946,657352318,0,9,1,3072,38,10019503007
5730,657353509,12825,657366334,0,7,1,21504,17,423526708
5731,657593514,2946,657596460,0,0,1,3072,9,2452027298
5732,657620517,114452,657734969,0,1,0,75776,22,1495475806
5733,657652426,99944,657752370,0,5,0,28160,37,7922381526
5734,657673389,142436,657815825,0,1,0,41472,22,9564007176
5735,657688951,1518,657690469,0,3,1,1536,41,10563035575
5736,657689091,101816,657790907,0,9,0,34304,38,3683136023
5737,657788345,10499,657798844,0,3,1,16896,41,10609649515
5738,657795109,87452,657882561,0,5,0,17408,37,1258747640
5739,657838315,1518,657839833,0,6,1,1536,40,2912302907
5740,657897205,2470,657899675,0,9,1,2560,38,2160551609
5741,657940938,2946,657943884,0,3,1,3072,41,1388688071
5742,658002825,108992,658111817,0,5,0,57856,37,7752971805
5743,658126985,45596,658172581,0,4,0,1024,37,6934738010
5744,658154856,43904,658198760,0,0,0,512,9,2373859654
5745,658196972,3128,658200100,0,7,1,9216,17,4205627712
5746,658240578,55748,658296326,0,3,0,4096,41,3869085356
5747,658268771,4162,658272933,0,8,1,11264,6,7340061788
5748,658274938,101036,658375974,0,8,0,31744,6,419864580
5749,658482806,50672,658533478,0,5,0,2560,37,8449967155
5750,658550798,566,658551364,0,1,1,512,22,6576624380
5751,658559249,99632,658658881,0,5,0,27136,37,564812782
5752,658692207,4679,658696886,0,5,1,12288,37,4789640857
5753,658800877,101816,658902693,0,3,0,34304,41,9022749032
5754,658866719,111956,658978675,0,1,0,67584,22,7388387371
5755,658874518,566,658875084,0,1,1,512,22,8718865561
5756,658883216,5802,658889018,0,3,1,6144,41,9654576607
5757,659019976,54056,659074032,0,5,0,3584,37,7342278802
5758,659034162,43904,659078066,0,6,0,512,40,6897346086
5759,659066238,7706,659073944,0,9,1,8192,38,7301054815
5760,659135489,6488,659141977,0,6,1,15872,40,7692300094
5761,659192692,94220,659286912,0,3,0,19456,41,600726008
5762,659360279,107120,659467399,0,9,0,51712,38,10058083164
5763,659426860,129819,659556679,0,9,0,45056,38,2122820282
5764,659461227,82868,659544095,0,8,0,22528,6,7329398279
5765,659465488,43904,659509392,0,4,0,512,37,3873626657
5766,659512080,45596,659557676,0,4,0,1024,37,3845771615
5767,659661972,128804,659790776,0,3,0,122880,41,4824975301
5768,659773016,10499,659783515,0,8,1,16896,6,3336200712
5769,659782387,566,659782953,0,4,1,512,37,1211501103
5770,659853554,566,659854120,0,5,1,512,37,6183554770
5771,659917305,1042,659918347,0,5,1,1024,37,7920959020
5772,659945142,113048,660058190,0,8,0,71168,6,9828030069
5773,659970562,5802,659976364,0,8,1,6144,6,9191700943
5774,660022008,2946,660024954,0,0,1,3072,9,7440349160
5775,660094425,165452,660259877,0,5,0,142336,37,6716324425
5776,660171709,4850,660176559,0,3,1,5120,41,9534301942
5777,660173879,123500,660297379,0,9,0,105472,38,10142663652
5778,660199956,43904,660243860,0,4,0,512,37,9965868790
5779,660267105,97004,660364109,0,8,0,23552,6,1882323953
5780,660313177,47288,660360465,0,6,0,1536,40,2439074036
5781,660575683,84068,660659751,0,1,0,16384,22,9177741508
5782,660585277,6278,660591555,0,9,1,6656,38,7467909124
5783,660620524,4850,660625374,0,6,1,5120,40,4565759849
5784,660689605,5326,660694931,0,6,1,5632,40,3950483076
5785,660780774,3422,660784196,0,0,1,3584,9,1485850302
5786,660895437,3422,660898859,0,6,1,3584,40,3779018804
5787,660983183,117104,661100287,0,8,0,84480,6,1784766384
5788,661031853,3422,661035275,0,5,1,3584,37,7949912042
5789,661105334,5712,661111046,0,4,1,14336,37,9769860888
5790,661125451,3645,661129096,0,1,1,10240,22,8246148454
5791,661253910,104468,661358378,0,8,0,43008,6,5344049094
5792,661340880,7230,661348110,0,7,1,7680,17,5466652578
5793,661432650,2870,661435520,0,3,1,8704,41,10199680129
5794,661453029,45596,661498625,0,4,0,1024,37,10294643117
5795,661503523,65144,661568667,0,9,0,9728,38,6826052464
5796,661581293,4162,661585455,0,6,1,11264,40,8449169888
5797,661669953,1518,661671471,0,8,1,1536,6,8354324334
5798,661677291,117884,661795175,0,3,0,87040,41,8411898227
5799,661877250,7706,661884956,0,4,1,8192,37,8448049370
5800,661921069,76052,661997121,0,1,0,10240,22,4298150314
5801,661970531,3422,661973953,0,1,1,3584,22,122618925
5802,661976564,114764,662091328,0,9,0,76800,38,9161817595
5803,661987446,3898,661991344,0,9,1,4096,38,281221364
5804,662094520,566,662095086,0,9,1,512,38,3850981159
5805,662117203,112892,662230095,0,8,0,70656,6,10524032239
5806,662128096,43904,662172000,0,0,0,512,9,3823065648
5807,662137239,99632,662236871,0,9,0,27136,38,3502768754
5808,662211331,2946,662214277,0,0,1,3072,9,1384138882
5809,662361688,1042,662362730,0,9,1,1024,38,9819507375
5810,662636866,5802,662642668,0,8,1,6144,6,2480569554
5811,662685803,3898,662689701,0,6,1,4096,40,6514741782
5812,662696412,3898,662700310,0,1,1,4096,22,2168107149
5813,662859469,566,662860035,0,6,1,512,40,652614398
5814,662875177,1518,662876695,0,9,1,1536,38,3700323299
5815,662897418,104780,663002198,0,3,0,44032,41,823457538
5816,662927024,2946,662929970,0,6,1,3072,40,5156102543
5817,663017100,10757,663027857,0,1,1,17408,22,1593493701
5818,663047707,43904,663091611,0,4,0,512,37,165305696
5819,663072209,48980,663121189,0,0,0,2048,9,10345007105
5820,663218241,47288,663265529,0,8,0,1536,6,7445896757
5821,663331891,43904,663375795,0,0,0,512,9,3823009962
5822,663332323,48980,663381303,0,6,0,2048,40,3067268699
5823,663349479,1994,663351473,0,8,1,2048,6,4150931180
5824,663350062,2946,663353008,0,0,1,3072,9,10636438459
5825,663370307,12995,663383302,0,7,1,25088,17,7041978868
5826,663479032,4679,663483711,0,3,1,12288,41,5485558077
5827,663491855,97916,663589771,0,5,0,21504,37,9731555827
5828,663577571,5802,663583373,0,6,1,6144,40,7716007102
5829,663688854,1518,663690372,0,5,1,1536,37,9649068031
5830,663763165,2470,663765635,0,6,1,2560,40,2973302587
5831,663779363,2470,663781833,0,0,1,2560,9,6600449043
5832,663794997,566,663795563,0,0,1,512,9,1183467499
5833,663836200,7230,663843430,0,8,1,7680,6,8074673482
5834,663875058,4937,663879995,0,5,1,12800,37,10014620012
5835,663926681,4374,663931055,0,0,1,4608,9,2893348431
5836,663950709,47288,663997997,0,8,0,1536,6,7128072
5837,664135107,1994,664137101,0,5,1,2048,37,5422825273
5838,664327779,79172,664406951,0,1,0,20480,22,8295377576
5839,664329411,47288,664376699,0,9,0,1536,38,3905003010
5840,664556308,1042,664557350,0,3,1,1024,41,9863727270
5841,664782564,1518,664784082,0,8,1,1536,6,10287616272
5842,664887791,112424,665000215,0,8,0,69120,6,8571410760
5843,664954552,43904,664998456,0,6,0,512,40,8199422599
5844,664972660,5802,664978462,0,5,1,6144,37,310379287
5845,665004357,7230,665011587,0,4,1,7680,37,8286331786
5846,665053479,2470,665055949,0,0,1,2560,9,6211521814
5847,665086894,93176,665180070,0,3,0,26112,41,8992804357
5848,665114456,45596,665160052,0,3,0,1024,41,2895251702
5849,665137299,12049,665149348,0,9,1,19968,38,289065201
5850,665239907,45596,665285503,0,3,0,1024,41,3043878646
5851,665244770,80708,665325478,0,9,0,20480,38,5121815625
5852,665283700,1042,665284742,0,3,1,1024,41,1078276478
5853,665284427,1994,665286421,0,6,1,2048,40,10232551193
5854,665353558,1042,665354600,0,9,1,1024,38,7270147585
5855,665372793,1518,665374311,0,8,1,1536,6,5820491585
5856,665440554,47288,665487842,0,6,0,1536,40,6860535776
5857,665465734,99944,665565678,0,1,0,28160,22,3608326961
5858,665551811,10499,665562310,0,6,1,16896,40,3548291652
5859,665602798,6278,665609076,0,1,1,6656,22,2076096859
5860,665615488,124124,665739612,0,5,0,107520,37,4825490818
5861,665617666,50672,665668338,0,3,0,2560,41,1465308116
5862,665757984,43904,665801888,0,6,0,512,40,9207436391
5863,665778612,566,665779178,0,4,1,512,37,932506488
5864,665862318,3645,665865963,0,4,1,10240,37,9160768476
5865,665863936,13341,665877277,0,7,1,22528,17,9570273631
5866,665869194,85004,665954198,0,9,0,19456,38,4156874662
5867,665897590,91280,665988870,0,1,0,14848,22,4039582303
5868,665951848,45596,665997444,0,0,0,1024,9,7394624751
5869,665995924,1518,665997442,0,6,1,1536,40,7784880304
5870,666048198,82820,666131018,0,1,0,12288,22,5519936163
5871,666049793,1518,666051311,0,3,1,1536,41,9488270592
5872,666142969,47288,666190257,0,0,0,1536,9,8782862723
5873,666177384,14804,666192188,0,7,1,28672,17,9892523535
5874,666205975,96668,666302643,0,8,0,17408,6,6438173884
5875,666310429,3645,666314074,0,1,1,10240,22,8816106086
5876,666351312,117884,666469196,0,8,0,87040,6,2891917259
5877,666377216,92151,666469367,0,8,0,512,6,7791037972
5878,666442419,108836,666551255,0,1,0,57344,22,599974967
5879,666520093,4937,666525030,0,0,1,12800,9,922658903
5880,666523718,566,666524284,0,1,1,512,22,5433487854
5881,666681101,69932,666751033,0,8,0,15360,6,10673414764
5882,666719770,1518,666721288,0,1,1,1536,22,5028075648
5883,666775404,2470,666777874,0,9,1,2560,38,7689049613
5884,666941770,566,666942336,0,8,1,512,6,9651985459
5885,666961231,43904,667005135,0,6,0,512,40,6311392281
5886,666998697,566,666999263,0,7,1,512,17,4228019810
5887,667088125,47288,667135413,0,5,0,1536,37,2071658610
5888,667101697,4850,667106547,0,4,1,5120,37,5960519733
5889,667131844,6278,667138122,0,5,1,6656,37,9067132353
5890,667148749,45596,667194345,0,0,0,1024,9,8783219770
5891,667173685,45596,667219281,0,4,0,1024,37,4924448661
5892,667285387,43904,667329291,0,6,0,512,40,8288112961
5893,667295146,3422,667298568,0,3,1,3584,41,4422732612
5894,667417619,43904,667461523,0,6,0,512,40,7630440824
5895,667419838,43904,667463742,0,0,0,512,9,816642527
5896,667428690,47288,667475978,0,9,0,1536,38,7740066146
5897,667531123,43904,667575027,0,3,0,512,41,8905390891
5898,667545800,3904,667549704,0,6,1,10752,40,10632144578
5899,667624853,3422,667628275,0,1,1,3584,22,7528302414
5900,667749665,3645,667753310,0,9,1,10240,38,3615160497
5901,667765206,71312,667836518,0,1,0,14848,22,4432584273
5902,667785489,2470,667787959,0,0,1,2560,9,1960686219
5903,667796979,43904,667840883,0,3,0,512,41,4998881911
5904,668016154,70976,668087130,0,8,0,8704,6,5158206829
5905,668036717,119444,668156161,0,5,0,92160,37,8519726058
5906,668076993,4850,668081843,0,5,1,5120,37,10360485741
5907,668079753,43904,668123657,0,4,0,512,37,720144660
5908,668133953,1518,668135471,0,4,1,1536,37,615014468
5909,668164426,43904,668208330,0,4,0,512,37,8757153538
5910,668182412,117104,668299516,0,5,0,84480,37,4878197497
5911,668353175,47288,668400463,0,8,0,1536,6,5597466089
5912,668379233,64832,668444065,0,8,0,8704,6,4137726362
5913,668401649,84824,668486473,0,1,0,13824,22,6397957860
5914,668422432,4374,668426806,0,8,1,4608,6,5208173980
5915,668570100,1042,668571142,0,8,1,1024,6,3037278546
5916,668762439,2470,668764909,0,8,1,2560,6,10236984340
5917,668921027,1042,668922069,0,8,1,1024,6,10526468680
5918,668952446,4850,668957296,0,4,1,5120,37,7915576182
5919,668977630,1994,668979624,0,0,1,2048,9,8369686273
5920,668999141,4374,669003515,0,8,1,4608,6,4492221258
5921,669005882,45596,669051478,0,4,0,1024,37,3343967854
5922,669051365,90368,669141733,0,8,0,16896,6,1673307227
5923,669147670,93332,669241002,0,7,0,26624,17,10169240127
5924,669155398,3422,669158820,0,5,1,3584,37,3240647758
5925,669183405,65900,669249305,0,1,0,7168,22,7429768994
5926,669193035,2470,669195505,0,6,1,2560,40,1563701368
5927,669214796,4374,669219170,0,5,1,4608,37,7767526207
5928,669252638,45596,669298234,0,6,0,1024,40,8122316371
5929,669292429,43904,669336333,0,4,0,512,37,10714488151
5930,669314466,2946,669317412,0,7,1,3072,17,2730348437
5931,669364854,10499,669375353,0,7,1,16896,17,4505612518
5932,669465703,48980,669514683,0,4,0,2048,37,7569728702
5933,669477420,7230,669484650,0,5,1,7680,37,5847654182
5934,669492068,3645,669495713,0,0,1,10240,9,8554419160
5935,669570728,4374,669575102,0,1,1,4608,22,8283359700
5936,669623471,143144,669766615,0,1,0,134656,22,6902810444
5937,669637878,47288,669685166,0,4,0,1536,37,7212922059
5938,669725019,1518,669726537,0,5,1,1536,37,2784810499
5939,669740758,1994,669742752,0,3,1,2048,41,9130559413
5940,669822791,5802,669828593,0,0,1,6144,9,6186004646
5941,669966854,81152,670048006,0,1,0,16896,22,5214692872
5942,669975699,48980,670024679,0,0,0,2048,9,2521373198
5943,669982515,566,669983081,0,9,1,512,38,10022260591
5944,670017525,45596,670063121,0,6,0,1024,40,915277018
5945,670139479,47288,670186767,0,3,0,1536,41,7706047552
5946,670200252,45596,670245848,0,0,0,1024,9,6680343405
5947,670424418,47288,670471706,0,4,0,1536,37,1707824742
5948,670436466,3422,670439888,0,0,1,3584,9,10057175683
5949,670546606,105248,670651854,0,1,0,45568,22,1817494216
5950,670625776,4374,670630150,0,1,1,4608,22,10336086861
5951,670636318,104000,670740318,0,8,0,41472,6,2249080209
5952,670661028,1518,670662546,0,1,1,1536,22,1421583047
5953,670662161,5802,670667963,0,5,1,6144,37,8903873684
5954,670664181,43904,670708085,0,9,0,512,38,9951693903
5955,670710952,100100,670811052,0,1,0,28672,22,465122026
5956,670837775,99476,670937251,0,8,0,26624,6,10672465209
5957,671035099,45596,671080695,0,6,0,1024,40,8336861833
5958,671108221,7706,671115927,0,0,1,8192,9,930971673
5959,671116319,47288,671163607,0,9,0,1536,38,1933577011
5960,671241399,3898,671245297,0,9,1,4096,38,3958300748
5961,671242016,120224,671362240,0,1,0,94720,22,5809324709
5962,671252407,53413,671305820,0,9,0,2048,38,8943555952
5963,671256039,105560,671361599,0,8,0,46592,6,9919230473
5964,671309303,106964,671416267,0,6,0,51200,40,8199651006
5965,671366593,14545,671381138,0,1,1,28160,22,1894523793
5966,671378557,3247,671381804,0,1,1,1024,22,4105899985
5967,671436966,45596,671482562,0,0,0,1024,9,6832303208
5968,671534210,14117,671548327,0,7,1,24064,17,9830888340
5969,671592125,21141,671613266,0,7,1,34304,17,1714559659
5970,671594589,3422,671598011,0,6,1,3584,40,2939747356
5971,671681822,86384,671768206,0,6,0,18944,40,7530851716
5972,671720561,4850,671725411,0,3,1,5120,41,9820063813
5973,671775078,1518,671776596,0,6,1,1536,40,8531829599
5974,671818094,93776,671911870,0,6,0,23040,40,204567440
5975,671831431,45596,671877027,0,4,0,1024,37,5758525069
5976,671847428,109148,671956576,0,8,0,58368,6,3403768041
5977,671847632,4937,671852569,0,0,1,12800,9,1874686133
5978,671855696,60389,671916085,0,0,0,1536,9,1323545529
5979,671900533,43904,671944437,0,9,0,512,38,895799836
5980,671960439,3422,671963861,0,0,1,3584,9,4784949129
5981,672035751,43904,672079655,0,9,0,512,38,193657092
5982,672065571,107120,672172691,0,6,0,51712,40,2258756815
5983,672103957,45596,672149553,0,3,0,1024,41,1068242074
5984,672109856,115557,672225413,0,6,0,52224,40,8918900502
5985,672143641,43904,672187545,0,0,0,512,9,1519032151
5986,672187809,1518,672189327,0,4,1,1536,37,2016116468
5987,672192562,566,672193128,0,1,1,512,22,781857926
5988,672211628,566,672212194,0,8,1,512,6,10042748057
5989,672280274,127556,672407830,0,6,0,118784,40,6992521484
5990,672297612,4374,672301986,0,8,1,4608,6,10172669560
5991,672314522,3422,672317944,0,4,1,3584,37,3995224902
5992,672390277,101036,672491313,0,5,0,31744,37,4212126637
5993,672411127,11016,672422143,0,1,1,17920,22,2490568254
5994,672433634,2946,672436580,0,9,1,3072,38,4718665296
5995,672438179,97160,672535339,0,6,0,24064,40,10358921291
5996,672449448,105872,672555320,0,5,0,47616,37,7354413564
5997,672586031,50672,672636703,0,4,0,2560,37,4368756471
5998,672674428,4937,672679365,0,5,1,12800,37,6306768706
5999,672696912,7706,672704618,0,5,1,8192,37,10534475385
6000,672703739,2946,672706685,0,1,1,3072,22,2855578838
6001,672892965,4162,672897127,0,1,1,11264,22,6154002035
6002,672934433,1042,672935475,0,1,1,1024,22,2927439994
6003,672960555,4850,672965405,0,1,1,5120,22,6920167811
6004,673004379,566,673004945,0,5,1,512,37,9856184819
6005,673056539,1518,673058057,0,5,1,1536,37,5121449468
6006,673109664,45596,673155260,0,4,0,1024,37,9445323287
6007,673138732,5712,673144444,0,6,1,14336,40,9885531346
6008,673148364,23378,673171742,0,7,1,41984,17,10435328086
6009,673163888,2870,673166758,0,5,1,8704,37,6361752221
6010,673308902,6278,673315180,0,5,1,6656,37,4719127855
6011,673342304,5326,673347630,0,8,1,5632,6,4357211993
6012,673411915,4374,673416289,0,8,1,4608,6,4300254212
6013,673451514,98228,673549742,0,8,0,22528,6,8442073944
6014,673482316,5971,673488287,0,8,1,14848,6,3144549273
6015,673497508,45596,673543104,0,4,0,1024,37,1344319411
6016,673509326,45596,673554922,0,0,0,1024,9,6742101298
6017,673599909,70976,673670885,0,1,0,8704,22,4169883263
6018,673672839,2870,673675709,0,1,1,8704,22,1854115257
6019,673933540,566,673934106,0,9,1,512,38,6318632035
6020,673943830,2470,673946300,0,6,1,2560,40,6567290461
6021,673989891,4850,673994741,0,3,1,5120,41,7616567446
6022,674002021,45596,674047617,0,9,0,1024,38,5420252441
6023,674074893,54056,674128949,0,3,0,3584,41,10109063455
6024,674121636,566,674122202,0,5,1,512,37,7871153327
6025,674133975,4850,674138825,0,5,1,5120,37,2665595526
6026,674355716,6278,674361994,0,8,1,6656,6,4310052237
6027,674399913,1994,674401907,0,3,1,2048,41,10208725687
6028,674434684,45596,674480280,0,0,0,1024,9,864762365
6029,674552029,2470,674554499,0,1,1,2560,22,7782332376
6030,674595803,47288,674643091,0,4,0,1536,37,1264687392
6031,674663436,3128,674666564,0,5,1,9216,37,6818282145
6032,674680430,3422,674683852,0,9,1,3584,38,3019858212
6033,674716784,45752,674762536,0,3,0,1536,41,9792678650
6034,674810977,1518,674812495,0,8,1,1536,6,7145389779
6035,674951067,6229,674957296,0,7,1,15360,17,7342540080
6036,674986209,90080,675076289,0,8,0,20992,6,1413091090
6037,675008304,93800,675102104,0,5,0,28160,37,2656494179
6038,675042913,45596,675088509,0,3,0,1024,41,1957415530
6039,675150812,1042,675151854,0,5,1,1024,37,10617129905
6040,675167183,48980,675216163,0,4,0,2048,37,5235963033
6041,675177735,3422,675181157,0,5,1,3584,37,5996473238
6042,675180012,121160,675301172,0,1,0,97792,22,10130305482
6043,675237759,107477,675345236,0,1,0,13312,22,6850765269
6044,675303444,1994,675305438,0,5,1,2048,37,10214781336
6045,675305591,14287,675319878,0,7,1,27648,17,4626419010
6046,675373148,186692,675559840,0,1,0,151552,22,2935443962
6047,675433637,157757,675591394,0,1,0,27136,22,817619951
6048,675444180,566,675444746,0,3,1,512,41,1203481902
6049,675558729,62828,675621557,0,5,0,7168,37,6750375089
6050,675573069,2470,675575539,0,0,1,2560,9,3809542785
6051,675641609,1994,675643603,0,5,1,2048,37,7918136449
6052,675700259,45596,675745855,0,0,0,1024,9,1399569889
6053,675810749,5802,675816551,0,1,1,6144,22,7913029894
6054,675847188,45596,675892784,0,0,0,1024,9,4660634791
6055,675947075,4374,675951449,0,0,1,4608,9,8081070620
6056,675970553,1518,675972071,0,4,1,1536,37,4073869714
6057,676061760,12308,676074068,0,6,1,20480,40,6290414478
6058,676188100,2870,676190970,0,9,1,8704,38,1706575135
6059,676190001,4374,676194375,0,5,1,4608,37,4626885636
6060,676214562,34537,676249099,0,7,1,60416,17,7274648933
6061,676315901,100724,676416625,0,6,0,30720,40,10271459507
6062,676317439,48980,676366419,0,0,0,2048,9,60743365
6063,676408268,2946,676411214,0,1,1,3072,22,2866158688
6064,676447407,566,676447973,0,1,1,512,22,4114982461
6065,676461139,45596,676506735,0,0,0,1024,9,6638170141
6066,676534665,6229,676540894,0,5,1,15360,37,9824036333
6067,676563569,3422,676566991,0,8,1,3584,6,7662148508
6068,676594877,4850,676599727,0,1,1,5120,22,612889626
6069,676655895,6278,676662173,0,8,1,6656,6,4586511476
6070,676682111,566,676682677,0,0,1,512,9,9077835092
6071,676747797,109616,676857413,0,6,0,59904,40,4239715944
6072,676784948,3422,676788370,0,0,1,3584,9,7959622630
6073,676821644,6278,676827922,0,5,1,6656,37,5716188522
6074,677074818,3422,677078240,0,0,1,3584,9,5696393230
6075,677163399,155350,677318749,0,7,1,252416,17,755807490
6076,677165185,43904,677209089,0,3,0,512,41,8380467788
6077,677169757,73292,677243049,0,1,0,11264,22,10057009239
6078,677185781,3387,677189168,0,8,1,9728,6,1743812092
6079,677206671,111020,677317691,0,1,0,64512,22,6477869678
6080,677293635,71288,677364923,0,6,0,9728,40,934142511
6081,677328975,5802,677334777,0,3,1,6144,41,7199080377
6082,677331499,4679,677336178,0,6,1,12288,40,1085036005
6083,677400307,6754,677407061,0,4,1,7168,37,3512260765
6084,677458988,566,677459554,0,0,1,512,9,3515871201
6085,677640287,566,677640853,0,0,1,512,9,4440582692
6086,677648654,45596,677694250,0,0,0,1024,9,448819718
6087,677827392,5326,677832718,0,8,1,5632,6,5856987626
6088,677904406,5326,677909732,0,4,1,5632,37,2860542244
6089,677909222,102908,678012130,0,5,0,37888,37,583999736
6090,678003603,1042,678004645,0,8,1,1024,6,2114485635
6091,678049216,16354,678065570,0,0,1,31744,9,8324617654
6092,678105081,6229,678111310,0,8,1,15360,6,6052519383
6093,678131142,47288,678178430,0,4,0,1536,37,3222706672
6094,678165602,566,678166168,0,8,1,512,6,9823993626
6095,678215938,6278,678222216,0,9,1,6656,38,4260613751
6096,678227999,50828,678278827,0,0,0,3072,9,8133157879
6097,678379903,43904,678423807,0,0,0,512,9,5265897808
6098,678410170,13600,678423770,0,7,1,23040,17,10024581018
6099,678412265,43904,678456169,0,0,0,512,9,3312961396
6100,678450987,4374,678455361,0,8,1,4608,6,3353973654
6101,678505182,566,678505748,0,8,1,512,6,4803179402
6102,678537827,5454,678543281,0,5,1,13824,37,7153229458
6103,678601662,1994,678603656,0,4,1,2048,37,833942287
6104,678638672,2470,678641142,0,6,1,2560,40,9898661161
6105,678683822,1994,678685816,0,8,1,2048,6,5966538182
6106,678702629,2470,678705099,0,6,1,2560,40,5946383790
6107,678742249,48980,678791229,0,9,0,2048,38,688101681
6108,678783959,1518,678785477,0,4,1,1536,37,6022349073
6109,678918249,566,678918815,0,8,1,512,6,10631456364
6110,678961071,4850,678965921,0,1,1,5120,22,7832367243
6111,679045578,97604,679143182,0,1,0,20480,22,10292076695
6112,679104623,2946,679107569,0,0,1,3072,9,10185508140
6113,679169236,3422,679172658,0,0,1,3584,9,5255606027
6114,679317154,1994,679319148,0,8,1,2048,6,7760711301
6115,679332331,45596,679377927,0,9,0,1024,38,1747058152
6116,679358042,5454,679363496,0,7,1,13824,17,8664704743
6117,679461966,72668,679534634,0,8,0,9216,6,3824284968
6118,679486353,50672,679537025,0,3,0,2560,41,3554058562
6119,679494804,5712,679500516,0,4,1,14336,37,2523204708
6120,679577976,1994,679579970,0,5,1,2048,37,3501438988
6121,679648541,47288,679695829,0,1,0,1536,22,7594128450
6122,679659597,143868,679803465,0,5,0,88576,37,7136569828
6123,679675627,45596,679721223,0,4,0,1024,37,891528386
6124,679774663,45596,679820259,0,0,0,1024,9,7432753410
6125,679809467,43904,679853371,0,0,0,512,9,7820389893
6126,679832792,43904,679876696,0,1,0,512,22,3830544128
6127,679877177,5454,679882631,0,1,1,13824,22,9411907369
6128,679894668,83288,679977956,0,8,0,13824,6,4949866502
6129,679938954,4420,679943374,0,9,1,11776,38,8134752561
6130,680164011,6278,680170289,0,3,1,6656,41,5440464368
6131,680185617,43904,680229521,0,4,0,512,37,10567569705
6132,680219974,1518,680221492,0,4,1,1536,37,10234000455
6133,680242398,6754,680249152,0,0,1,7168,9,9563113600
6134,680363934,109616,680473550,0,5,0,59904,37,7975712303
6135,680449912,15837,680465749,0,7,1,30720,17,7958045619
6136,680613572,566,680614138,0,3,1,512,41,4789798581
6137,680629556,112580,680742136,0,6,0,69632,40,6133714080
6138,680672023,5326,680677349,0,8,1,5632,6,6988191455
6139,680789750,48980,680838730,0,3,0,2048,41,5173096666
6140,680848686,115856,680964542,0,6,0,80384,40,3916902994
6141,680910242,45752,680955994,0,0,0,1536,9,135756927
6142,680916169,109928,681026097,0,8,0,60928,6,3961033211
6143,680934991,1994,680936985,0,5,1,2048,37,5758796658
6144,680989712,101348,681091060,0,6,0,32768,40,9019948206
6145,681209406,54056,681263462,0,9,0,3584,38,6716224383
6146,681265807,43904,681309711,0,0,0,512,9,1124154072
6147,681287236,4850,681292086,0,5,1,5120,37,7991069553
6148,681301140,43904,681345044,0,9,0,512,38,494921169
6149,681325096,2946,681328042,0,4,1,3072,37,9398234201
6150,681349438,43904,681393342,0,4,0,512,37,7278713308
6151,681428733,2470,681431203,0,9,1,2560,38,1620888317
6152,681576306,1518,681577824,0,8,1,1536,6,391899011
6153,681583447,84992,681668439,0,7,1,138752,17,5981408396
6154,681590894,1042,681591936,0,0,1,1024,9,7893481279
6155,681655432,115388,681770820,0,5,0,78848,37,9497798504
6156,681749375,25335,681774710,0,5,1,4096,37,5704727257
6157,681752615,43904,681796519,0,9,0,512,38,9809886409
6158,681800404,43904,681844308,0,3,0,512,41,6665519769
6159,681822482,10241,681832723,0,8,1,16384,6,9563749315
6160,681827758,8511,681836269,0,8,1,5632,6,5282912496
6161,681869218,47288,681916506,0,4,0,1536,37,68142839
6162,681887519,50672,681938191,0,3,0,2560,41,2906410294
6163,681913552,74360,681987912,0,8,0,9728,6,5279253122
6164,682157810,1994,682159804,0,1,1,2048,22,7366838837
6165,682360674,97916,682458590,0,8,0,21504,6,7927858844
6166,682619756,4850,682624606,0,6,1,5120,40,6258797619
6167,682624117,3422,682627539,0,5,1,3584,37,862393681
6168,682678834,5326,682684160,0,6,1,5632,40,3841062336
6169,682714225,92108,682806333,0,5,0,27648,37,5100335171
6170,682808799,50672,682859471,0,0,0,2560,9,3468350583
6171,682823118,1518,682824636,0,1,1,1536,22,7648666709
6172,682886362,5971,682892333,0,3,1,14848,41,20145044
6173,682890140,72668,682962808,0,6,0,9216,40,1666356416
6174,682917580,566,682918146,0,1,1,512,22,3629898778
6175,682922957,43904,682966861,0,3,0,512,41,5629975483
6176,683112418,45596,683158014,0,3,0,1024,41,8281213449
6177,683121806,43904,683165710,0,9,0,512,38,8232619308
6178,683125110,43904,683169014,0,1,0,512,22,2829942105
6179,683130853,566,683131419,0,5,1,512,37,3627426925
6180,683179524,4162,683183686,0,1,1,11264,22,9156016196
6181,683228754,1042,683229796,0,9,1,1024,38,108173886
6182,683296453,2946,683299399,0,7,1,3072,17,5797547562
6183,683299987,2946,683302933,0,8,1,3072,6,2829292672
6184,683314934,56854,683371788,0,7,1,97280,17,7990742065
6185,683397377,5326,683402703,0,8,1,5632,6,1893653025
6186,683402233,11274,683413507,0,7,1,18432,17,8662061351
6187,683424837,15062,683439899,0,5,1,29184,37,6146290746
6188,683642432,48980,683691412,0,3,0,2048,41,6932678255
6189,683745736,43904,683789640,0,3,0,512,41,2950711858
6190,683761956,108680,683870636,0,8,0,56832,6,4400738596
6191,683778115,1994,683780109,0,3,1,2048,41,7422370401
6192,683793201,43904,683837105,0,1,0,512,22,10178993736
6193,683832425,50672,683883097,0,1,0,2560,22,4536624224
6194,683892461,3128,683895589,0,6,1,9216,40,7368393322
6195,683898749,48980,683947729,0,1,0,2048,22,6619048493
6196,684163240,6278,684169518,0,5,1,6656,37,2698036935
6197,684241557,121004,684362561,0,6,0,97280,40,6738892263
6198,684255904,6754,684262658,0,8,1,7168,6,781300293
6199,684276188,6278,684282466,0,4,1,6656,37,8746742160
6200,684427037,43904,684470941,0,9,0,512,38,2987867507
6201,684578683,103844,684682527,0,8,0,40960,6,9530923196
6202,684612137,47288,684659425,0,3,0,1536,41,3994373043
6203,684632518,50672,684683190,0,5,0,2560,37,5943116223
6204,684646283,3422,684649705,0,0,1,3584,9,8625154620
6205,684793155,5712,684798867,0,8,1,14336,6,1579913193
6206,684903437,1518,684904955,0,4,1,1536,37,1411260095
6207,684960412,13600,684974012,0,7,1,23040,17,3343577755
6208,684962414,100412,685062826,0,8,0,29696,6,1548286205
6209,684982508,95624,685078132,0,6,0,24064,40,1394020098
6210,685394713,43904,685438617,0,4,0,512,37,1639615887
6211,685501718,45596,685547314,0,9,0,1024,38,818183965
6212,685628505,74360,685702865,0,5,0,9728,37,7299040257
6213,685670304,566,685670870,0,9,1,512,38,7228223412
6214,685711096,6754,685717850,0,3,1,7168,41,4097225394
6215,685795281,4937,685800218,0,3,1,12800,41,2403386356
6216,685816805,21916,685838721,0,7,1,35840,17,129469374
6217,685826260,115076,685941336,0,6,0,77824,40,2314968358
6218,686009377,43904,686053281,0,4,0,512,37,6473918311
6219,686063325,13600,686076925,0,4,1,23040,37,5558402628
6220,686301030,58220,686359250,0,5,0,7168,37,9245134227
6221,686306097,123500,686429597,0,8,0,105472,6,8856984700
6222,686322410,43904,686366314,0,3,0,512,41,3800132907
6223,686365153,47288,686412441,0,4,0,1536,37,26874672
6224,686386967,11274,686398241,0,5,1,18432,37,6758680730
6225,686493384,43904,686537288,0,1,0,512,22,7372653889
6226,686526951,43904,686570855,0,3,0,512,41,6597261002
6227,686641765,2946,686644711,0,5,1,3072,37,2434360858
6228,686711256,4850,686716106,0,1,1,5120,22,2546750492
6229,686728630,2470,686731100,0,6,1,2560,40,9382310960
6230,686741863,3898,686745761,0,0,1,4096,9,5206913721
6231,686939200,81128,687020328,0,8,0,11776,6,9582594722
6232,686969426,4162,686973588,0,8,1,11264,6,8282374389
6233,686984112,121004,687105116,0,5,0,97280,37,4015610487
6234,687056056,6754,687062810,0,7,1,7168,17,1329338347
6235,687063810,62828,687126638,0,8,0,7168,6,705698206
6236,687075002,45596,687120598,0,9,0,1024,38,4081302858
6237,687076525,566,687077091,0,8,1,512,6,940154130
6238,687088757,1994,687090751,0,1,1,2048,22,10396457073
6239,687146847,104624,687251471,0,5,0,43520,37,7420903054
6240,687187932,10757,687198689,0,0,1,17408,9,8436100523
6241,687330680,86971,687417651,0,9,1,145920,38,4632579601
6242,687449226,3898,687453124,0,8,1,4096,6,6387169441
6243,687461335,5454,687466789,0,0,1,13824,9,10272283212
6244,687508721,1042,687509763,0,1,1,1024,22,7681195608
6245,687583822,1518,687585340,0,6,1,1536,40,8154758114
6246,687661339,5326,687666665,0,6,1,5632,40,10266827332
6247,687673239,3422,687676661,0,8,1,3584,6,2545006323
6248,687709444,115544,687824988,0,5,0,79360,37,3552316595
6249,687754381,40616,687794997,0,9,1,65536,38,7458279396
6250,687854668,79904,687934572,0,8,0,12800,6,4239939963
6251,687924712,43904,687968616,0,3,0,512,41,9407697789
6252,688032005,2946,688034951,0,6,1,3072,40,977251327
6253,688042194,6229,688048423,0,5,1,15360,37,9634749371
6254,688043576,7230,688050806,0,1,1,7680,22,5941732191
6255,688326940,4420,688331360,0,1,1,11776,22,10429551545
6256,688390439,1994,688392433,0,3,1,2048,41,3503463949
6257,688466385,77012,688543397,0,8,0,18432,6,804850733
6258,688509862,43904,688553766,0,0,0,512,9,5089983788
6259,688551694,110864,688662558,0,5,0,64000,37,3097353185
6260,688583506,1042,688584548,0,5,1,1024,37,5661142305
6261,688736235,4850,688741085,0,6,1,5120,40,6202790812
6262,688758315,2946,688761261,0,5,1,3072,37,5366492666
6263,688762730,32299,688795029,0,9,1,52736,38,7849410679
6264,688811923,62516,688874439,0,8,0,6144,6,6572801475
6265,688880096,43904,688924000,0,3,0,512,41,1499166779
6266,688927882,106964,689034846,0,8,0,51200,6,4534789714
6267,688936597,6754,688943351,0,6,1,7168,40,6836369225
6268,688940535,47288,688987823,0,1,0,1536,22,5586376219
6269,688977612,53495,689031107,0,7,1,90624,17,727108825
6270,689094726,15321,689110047,0,6,1,29696,40,5938933499
6271,689208624,2946,689211570,0,5,1,3072,37,4701587257
6272,689249606,104936,689354542,0,6,0,44544,40,4878402041
6273,689302963,43904,689346867,0,1,0,512,22,7453713052
6274,689304906,43904,689348810,0,4,0,512,37,9971422308
6275,689323394,3422,689326816,0,6,1,3584,40,427081374
6276,689329602,43904,689373506,0,1,0,512,22,10106081616
6277,689488740,2470,689491210,0,1,1,2560,22,9751180313
6278,689508275,85679,689593954,0,9,1,143360,38,6391512079
6279,689513143,102521,689615664,0,9,1,71168,38,2489273583
6280,689592620,104312,689696932,0,6,0,42496,40,5645111104
6281,689707355,113204,689820559,0,8,0,71680,6,8822265623
6282,689728560,13083,689741643,0,9,1,22016,38,1416316187
6283,689766174,24154,689790328,0,9,1,43520,38,9827635709
6284,689807121,13996,689821117,0,8,1,512,6,3303757110
6285,689958445,110552,690068997,0,5,0,62976,37,8133322269
6286,689999086,1518,690000604,0,3,1,1536,41,5186557221
6287,690020063,47288,690067351,0,3,0,1536,41,5409485936
6288,690205686,13341,690219027,0,9,1,22528,38,2485306946
6289,690210878,43904,690254782,0,0,0,512,9,10091727466
6290,690289853,35054,690324907,0,9,1,61440,38,7597115904
6291,690311734,45596,690357330,0,4,0,1024,37,2915429714
6292,690342959,1042,690344001,0,7,1,1024,17,4740182677
6293,690430003,3422,690433425,0,9,1,3584,38,8116539152
6294,690460683,3898,690464581,0,0,1,4096,9,8371747624
6295,690506647,44060,690550707,0,5,0,1024,37,7576899420
6296,690599508,43904,690643412,0,3,0,512,41,1114456627
6297,690601622,55562,690657184,0,9,1,94720,38,1397595583
6298,690892126,43904,690936030,0,1,0,512,22,143083776
6299,690926449,3904,690930353,0,7,1,10752,17,9873500124
6300,691011035,566,691011601,0,8,1,512,6,9866515818
6301,691202558,50672,691253230,0,6,0,2560,40,3281736439
6302,691310440,3387,691313827,0,0,1,9728,9,287908885
6303,691589463,4374,691593837,0,0,1,4608,9,2746922564
6304,691623081,43904,691666985,0,4,0,512,37,3877291275
6305,691766215,2946,691769161,0,5,1,3072,37,1785355459
6306,691771750,43904,691815654,0,8,0,512,6,7221586798
6307,691800076,109575,691909651,0,6,0,24576,40,3568108915
6308,691810799,82244,691893043,0,6,0,20480,40,5850563624
6309,691817461,6278,691823739,0,1,1,6656,22,568739326
6310,691880922,106340,691987262,0,8,0,49152,6,1214338674
6311,691924204,74828,691999032,0,8,0,11264,6,8753194809
6312,691961676,43904,692005580,0,1,0,512,22,2620945325
6313,691977974,43904,692021878,0,1,0,512,22,7563253283
6314,692274958,45596,692320554,0,4,0,1024,37,6201121449
6315,692374464,1518,692375982,0,1,1,1536,22,2435789899
6316,692432812,43904,692476716,0,3,0,512,41,3974572609
6317,692531781,6754,692538535,0,0,1,7168,9,8031980459
6318,692794321,43904,692838225,0,3,0,512,41,7709597036
6319,692829549,5326,692834875,0,1,1,5632,22,2750947277
6320,692920649,3898,692924547,0,5,1,4096,37,2152052356
6321,692966119,43904,693010023,0,3,0,512,41,1661346386
6322,693029777,43904,693073681,0,1,0,512,22,10066229490
6323,693161501,2946,693164447,0,5,1,3072,37,4623060303
6324,693183363,566,693183929,0,4,1,512,37,10288479830
6325,693191578,3422,693195000,0,0,1,3584,9,10355381585
6326,693219996,45596,693265592,0,4,0,1024,37,9328123240
6327,693265162,45596,693310758,0,3,0,1024,41,6761143933
6328,693383199,48980,693432179,0,0,0,2048,9,8855294673
6329,693421554,1994,693423548,0,1,1,2048,22,5354719886
6330,693425006,45596,693470602,0,9,0,1024,38,1702473389
6331,693546228,43904,693590132,0,1,0,512,22,1671306143
6332,693571494,5196,693576690,0,3,1,13312,41,4143296917
6333,693639962,45596,693685558,0,9,0,1024,38,940126594
6334,693711733,2946,693714679,0,1,1,3072,22,1996004193
6335,693711734,1042,693712776,0,8,1,1024,6,6880147420
6336,693716833,54056,693770889,0,0,0,3584,9,7675317887
6337,693737682,43904,693781586,0,9,0,512,38,8608446975
6338,693855991,25446,693881437,0,9,1,46080,38,7753334908
6339,693910115,45596,693955711,0,1,0,1024,22,7340435000
6340,693926603,3898,693930501,0,8,1,4096,6,4020477620
6341,693941940,93076,694035016,0,8,0,15360,6,8566244861
6342,693946780,50672,693997452,0,0,0,2560,9,3606981210
6343,694071196,43904,694115100,0,4,0,512,37,9079400966
6344,694232641,110864,694343505,0,8,0,64000,6,2183007231
6345,694312309,4374,694316683,0,5,1,4608,37,5073236450
6346,694358169,566,694358735,0,1,1,512,22,74275056
6347,694412585,10241,694422826,0,4,1,16384,37,2007895261
6348,694592920,114608,694707528,0,8,0,76288,6,2227394427
6349,694843432,42683,694886115,0,7,1,69632,17,44065823
6350,694892623,2946,694895569,0,3,1,3072,41,9687306862
6351,694951054,3422,694954476,0,1,1,3584,22,8094037575
6352,695036201,3422,695039623,0,3,1,3584,41,6315522639
6353,695097594,6488,695104082,0,8,1,15872,6,1065030839
6354,695221367,70688,695292055,0,5,0,12800,37,4540474062
6355,695229501,4850,695234351,0,8,1,5120,6,4911673604
6356,695349221,1042,695350263,0,8,1,1024,6,19422761
6357,695940972,73448,696014420,0,5,0,11776,37,3271840173
6358,695941251,3422,695944673,0,3,1,3584,41,4197846451
6359,696180658,2946,696183604,0,3,1,3072,41,804527322
6360,696182505,1994,696184499,0,1,1,2048,22,6208714183
6361,696203391,98096,696301487,0,8,0,27136,6,7611818174
6362,696223731,52364,696276095,0,3,0,3072,41,3901762129
6363,696261857,104624,696366481,0,5,0,43520,37,3443621561
6364,696578371,48980,696627351,0,3,0,2048,41,8901683374
6365,696640281,1518,696641799,0,1,1,1536,22,5112450438
6366,696835298,12995,696848293,0,9,1,25088,38,2966974720
6367,696922964,6278,696929242,0,8,1,6656,6,6546201210
6368,696964075,566,696964641,0,4,1,512,37,8979275236
6369,697001917,566,697002483,0,5,1,512,37,5973451243
6370,697093730,124280,697218010,0,8,0,108032,6,4736442254
6371,697288387,59912,697348299,0,3,0,7680,41,10434098321
6372,697303329,48980,697352309,0,9,0,2048,38,8181834004
6373,697345354,34537,697379891,0,7,1,60416,17,866182394
6374,697451590,47288,697498878,0,1,0,1536,22,1263266182
6375,697488923,45596,697534519,0,1,0,1024,22,9402197815
6376,697508572,1518,697510090,0,0,1,1536,9,10553796087
6377,697628335,7706,697636041,0,7,1,8192,17,3357231359
6378,697828555,11791,697840346,0,8,1,19456,6,10563969378
6379,697835060,47288,697882348,0,1,0,1536,22,9985072397
6380,697896574,566,697897140,0,1,1,512,22,5798064960
6381,697953598,65900,698019498,0,5,0,7168,37,6857691820
6382,698021543,45596,698067139,0,9,0,1024,38,5906073097
6383,698029580,3898,698033478,0,1,1,4096,22,2280433100
6384,698259503,566,698260069,0,0,1,512,9,8865956205
6385,698274844,2470,698277314,0,3,1,2560,41,4989970512
6386,698286031,43904,698329935,0,4,0,512,37,2495830270
6387,698301672,159524,698461196,0,0,0,27136,9,2355404364
6388,698348301,50672,698398973,0,4,0,2560,37,2403893642
6389,698350711,4850,698355561,0,3,1,5120,41,2592394882
6390,698395380,566,698395946,0,4,1,512,37,9554895998
6391,698463547,92533,698556080,0,9,1,150016,38,2619255302
6392,698651943,43904,698695847,0,1,0,512,22,2068792137
6393,698775761,1042,698776803,0,4,1,1024,37,3852698500
6394,698815251,43904,698859155,0,9,0,512,38,4587878428
6395,698863335,4850,698868185,0,1,1,5120,22,3275712720
6396,698994035,69308,699063343,0,8,0,13312,6,527876145
6397,699019856,1042,699020898,0,7,1,1024,17,6910574910
6398,699096490,110084,699206574,0,0,0,61440,9,6096621584
6399,699213276,109928,699323204,0,3,0,60928,41,5826291203
6400,699252085,54056,699306141,0,4,0,3584,37,7510096497
6401,699271562,2870,699274432,0,3,1,8704,41,7491081093
6402,699320089,566,699320655,0,8,1,512,6,2362541153
6403,699377330,1042,699378372,0,4,1,1024,37,1200122649
6404,699385163,3422,699388585,0,1,1,3584,22,8676951885
6405,699460818,57113,699517931,0,9,1,97792,38,2313113513
6406,699535202,73292,699608494,0,3,0,11264,41,3933332859
6407,699636214,1994,699638208,0,3,1,2048,41,395421653
6408,699668700,113984,699782684,0,5,0,74240,37,6432249453
6409,699747863,43904,699791767,0,1,0,512,22,3701713268
6410,699775774,6754,699782528,0,4,1,7168,37,7816971113
6411,699778247,109148,699887395,0,3,0,58368,41,5933901469
6412,699892031,45596,699937627,0,4,0,1024,37,3077005992
6413,699911080,4679,699915759,0,9,1,12288,38,10220068690
6414,699917036,43904,699960940,0,1,0,512,22,4418609192
6415,699968431,83468,700051899,0,5,0,19456,37,10732664164
6416,700148857,47288,700196145,0,9,0,1536,38,3445846394
6417,700484332,4374,700488706,0,1,1,4608,22,748010563
6418,700554305,35054,700589359,0,9,1,61440,38,2360577191
6419,700558244,43904,700602148,0,1,0,512,22,9335118752
6420,700596287,2470,700598757,0,3,1,2560,41,4548970515
6421,700692276,71766,700764042,0,9,1,116224,38,5740297743
6422,700779942,108056,700887998,0,5,0,54784,37,2240810199
6423,700912626,100724,701013350,0,8,0,30720,6,5126668429
6424,701095881,97604,701193485,0,3,0,20480,41,1100503133
6425,701097103,1994,701099097,0,5,1,2048,37,1920117543
6426,701122146,167639,701289785,0,3,0,36864,41,4657237542
6427,701143638,5802,701149440,0,1,1,6144,22,10203368867
6428,701262119,1518,701263637,0,5,1,1536,37,9896814248
6429,701360501,4850,701365351,0,3,1,5120,41,531616631
6430,701367799,104468,701472267,0,3,0,43008,41,1081687428
6431,701426834,65429,701492263,0,7,1,110592,17,8995487925
6432,701469477,2470,701471947,0,4,1,2560,37,8514374027
6433,701644699,49136,701693835,0,4,0,2560,37,7814437532
6434,701674465,108056,701782521,0,3,0,54784,41,2752371311
6435,701774816,3387,701778203,0,4,1,9728,37,1823417944
6436,701792476,6488,701798964,0,9,1,15872,38,4627250824
6437,701854744,24929,701879673,0,9,1,45056,38,7118028999
6438,701896802,2946,701899748,0,8,1,3072,6,5313979678
6439,702064258,48980,702113238,0,0,0,2048,9,3429337775
6440,702110075,10499,702120574,0,3,1,16896,41,2472419830
6441,702183007,12308,702195315,0,3,1,20480,41,10729875791
6442,702265854,79748,702345602,0,8,0,12288,6,2158393897
6443,702383100,43904,702427004,0,9,0,512,38,960594648
6444,702386913,198080,702584993,0,0,0,188928,9,6628740454
6445,702391017,1994,702393011,0,4,1,2048,37,2896251447
6446,702411699,2470,702414169,0,3,1,2560,41,10140710368
6447,702418755,65900,702484655,0,8,0,7168,6,766774278
6448,702425238,207128,702632366,0,5,0,218624,37,2023885769
6449,702425809,3904,702429713,0,1,1,10752,22,5642157159
6450,702576957,11274,702588231,0,9,1,18432,38,3291884603
6451,702583258,105092,702688350,0,3,0,45056,41,2389048514
6452,702758169,111800,702869969,0,3,0,67072,41,8494437542
6453,702772727,566,702773293,0,1,1,512,22,10415352862
6454,702807497,112268,702919765,0,8,0,68608,6,5211449805
6455,702848274,134401,702982675,0,8,0,47104,6,9412502983
6456,702869991,1518,702871509,0,5,1,1536,37,6377761455
6457,702891429,3387,702894816,0,4,1,9728,37,10236002107
6458,702903646,141609,703045255,0,8,0,13312,6,4398528106
6459,702906081,18075,702924156,0,8,1,4608,6,1022100374
6460,702942706,45596,702988302,0,4,0,1024,37,5924428533
6461,702986106,1994,702988100,0,1,1,2048,22,1991912827
6462,703189328,45596,703234924,0,1,0,1024,22,8873561946
6463,703195516,24670,703220186,0,9,1,44544,38,6520152438
6464,703294831,20366,703315197,0,7,1,32768,17,7435765164
6465,703315229,50672,703365901,0,1,0,2560,22,8254723542
6466,703479828,65900,703545728,0,3,0,7168,41,6309728719
6467,703528356,1042,703529398,0,5,1,1024,37,3436388260
6468,703585166,181328,703766494,0,0,0,154112,9,6647656673
6469,703803742,1518,703805260,0,5,1,1536,37,3543731401
6470,703920905,45596,703966501,0,1,0,1024,22,3170750149
6471,704134982,64208,704199190,0,3,0,6656,41,1025265326
6472,704189366,3422,704192788,0,1,1,3584,22,6097220374
6473,704346733,1994,704348727,0,3,1,2048,41,6322928297
6474,704361832,43904,704405736,0,4,0,512,37,1451908438
6475,704384929,5971,704390900,0,0,1,14848,9,5409757734
6476,704385988,5712,704391700,0,7,1,14336,17,1487407635
6477,704397036,90704,704487740,0,5,0,23040,37,4740885996
6478,704502804,10241,704513045,0,7,1,16384,17,1811321678
6479,704686829,6754,704693583,0,9,1,7168,38,7201428924
6480,704718814,100880,704819694,0,5,0,31232,37,2107598869
6481,704789478,120120,704909598,0,5,0,92160,37,9522375808
6482,704801101,114452,704915553,0,0,0,75776,9,1881244200
6483,704804078,1518,704805596,0,1,1,1536,22,10573741730
6484,704811753,11355,704823108,0,5,1,3584,37,4757356548
6485,704823159,168354,704991513,0,0,0,45568,9,10731677073
6486,704838819,1518,704840337,0,4,1,1536,37,6424377755
6487,704883336,3422,704886758,0,3,1,3584,41,5329223494
6488,704911723,3128,704914851,0,7,1,9216,17,1871136638
6489,704945099,2946,704948045,0,4,1,3072,37,2331880811
6490,704985369,50040,705035409,0,0,0,512,9,151175820
6491,705020919,45596,705066515,0,9,0,1024,38,5131828220
6492,705150059,43904,705193963,0,1,0,512,22,3547929666
6493,705254107,95180,705349287,0,8,0,27648,6,8953695743
6494,705277828,128804,705406632,0,5,0,122880,37,10619788482
6495,705298124,1042,705299166,0,8,1,1024,6,2492939314
6496,705326395,74608,705401003,0,7,1,121856,17,3943854184
6497,705415129,4420,705419549,0,9,1,11776,38,947050803
6498,705545378,61641,705607019,0,7,1,99840,17,1541134888
6499,705641522,1518,705643040,0,1,1,1536,22,1110761588
6500,705681711,48980,705730691,0,9,0,2048,38,9491540952
6501,705691388,3128,705694516,0,5,1,9216,37,10710025484
6502,705699822,6754,705706576,0,8,1,7168,6,6293351444
6503,705747781,2946,705750727,0,8,1,3072,6,6849791995
6504,705873645,566,705874211,0,3,1,512,41,1108095930
6505,706158201,6488,706164689,0,7,1,15872,17,7926889654
6506,706216990,6278,706223268,0,8,1,6656,6,10232937356
6507,706361681,1518,706363199,0,0,1,1536,9,4727444264
6508,706392465,77612,706470077,0,8,0,15360,6,2702271051
6509,706398062,101192,706499254,0,3,0,32256,41,7938428968
6510,706407132,179680,706586812,0,3,0,91648,41,8987708975
6511,706426207,1518,706427725,0,7,1,1536,17,10546353558
6512,706576438,1518,706577956,0,1,1,1536,22,603986937
6513,706608218,43904,706652122,0,4,0,512,37,3750853888
6514,706622400,25704,706648104,0,9,1,46592,38,7667169561
6515,706629412,4850,706634262,0,4,1,5120,37,1330865284
6516,706684365,1518,706685883,0,5,1,1536,37,1533935816
6517,706836751,4162,706840913,0,7,1,11264,17,5636506260
6518,707012688,99164,707111852,0,3,0,25600,41,5042422075
6519,707082029,6278,707088307,0,0,1,6656,9,3346444556
6520,707086286,43904,707130190,0,4,0,512,37,2371152165
6521,707221850,98540,707320390,0,0,0,23552,9,5655967709
6522,707261938,47288,707309226,0,9,0,1536,38,523369756
6523,707269092,107120,707376212,0,8,0,51712,6,681174093
6524,707270765,3898,707274663,0,9,1,4096,38,1849246558
6525,707298338,5326,707303664,0,4,1,5632,37,865568154
6526,707313009,3422,707316431,0,7,1,3584,17,3242483424
6527,707405337,106964,707512301,0,5,0,51200,37,8629292604
6528,707447028,4679,707451707,0,9,1,12288,38,8412486451
6529,707451003,2470,707453473,0,8,1,2560,6,5236037413
6530,707541042,88676,707629718,0,5,0,16384,37,3151684026
6531,707610921,43904,707654825,0,9,0,512,38,988315223
6532,707622831,87164,707709995,0,8,0,21504,6,2849664494
6533,707698339,4679,707703018,0,9,1,12288,38,203228790
6534,707803496,105092,707908588,0,3,0,45056,41,2791705775
6535,707845300,566,707845866,0,1,1,512,22,7350143038
6536,707863632,2946,707866578,0,9,1,3072,38,4840876663
6537,707901860,109772,708011632,0,0,0,60416,9,6051066538
6538,707984213,4374,707988587,0,5,1,4608,37,5139892247
6539,707992835,1518,707994353,0,5,1,1536,37,6111751798
6540,707995013,12049,708007062,0,8,1,19968,6,868764620
6541,708013241,185139,708198380,0,5,0,28672,37,2148068435
6542,708015587,1518,708017105,0,5,1,1536,37,4566383842
6543,708034816,1042,708035858,0,9,1,1024,38,6093493340
6544,708086115,103532,708189647,0,0,0,39936,9,9592221144
6545,708192790,111176,708303966,0,0,0,65024,9,3483060212
6546,708239728,91304,708331032,0,3,0,19968,41,10630980415
6547,708285687,45596,708331283,0,1,0,1024,22,2441427940
6548,708354105,5326,708359431,0,9,1,5632,38,9642439746
6549,708358943,4850,708363793,0,0,1,5120,9,7100110595
6550,708412336,3422,708415758,0,4,1,3584,37,2206683669
6551,708442112,47288,708489400,0,9,0,1536,38,5293104427
6552,708554154,6754,708560908,0,7,1,7168,17,2982230136
6553,708660894,1042,708661936,0,4,1,1024,37,1169464859
6554,708940812,6754,708947566,0,7,1,7168,17,3665347381
6555,709045598,43904,709089502,0,1,0,512,22,6554051479
6556,709193005,43904,709236909,0,4,0,512,37,9161533832
6557,709202986,4850,709207836,0,3,1,5120,41,9157148084
6558,709295435,47288,709342723,0,9,0,1536,38,4041796873
6559,709412161,44060,709456221,0,4,0,1024,37,7833485916
6560,709519245,1042,709520287,0,0,1,1024,9,8318636935
6561,709558900,43904,709602804,0,4,0,512,37,10629768983
6562,709578628,7230,709585858,0,1,1,7680,22,9490007995
6563,709778590,110396,709888986,0,5,0,62464,37,4062621851
6564,709798377,1994,709800371,0,8,1,2048,6,7073540157
6565,709819636,6278,709825914,0,0,1,6656,9,1601013721
6566,709858998,5326,709864324,0,1,1,5632,22,8657458645
6567,709904493,1994,709906487,0,4,1,2048,37,9749803225
6568,709993203,1042,709994245,0,0,1,1024,9,5835347924
6569,710014529,3422,710017951,0,0,1,3584,9,9860154265
6570,710015148,45596,710060744,0,1,0,1024,22,3655035653
6571,710016526,57440,710073966,0,5,0,4608,37,1380855956
6572,710040520,5454,710045974,0,5,1,13824,37,1334622145
6573,710215297,43904,710259201,0,4,0,512,37,4722176149
6574,710228482,43904,710272386,0,4,0,512,37,7881321548
6575,710426314,1518,710427832,0,5,1,1536,37,8831594525
6576,710463730,47288,710511018,0,9,0,1536,38,3349072982
6577,710604380,3422,710607802,0,9,1,3584,38,8515555089
6578,710623160,6278,710629438,0,8,1,6656,6,5173994642
6579,710639012,4850,710643862,0,4,1,5120,37,9399812044
6580,710642002,566,710642568,0,7,1,512,17,2981189512
6581,710787240,5196,710792436,0,4,1,13312,37,6863793468
6582,710808592,100100,710908692,0,3,0,28672,41,2499167743
6583,710855741,566,710856307,0,9,1,512,38,7833917840
6584,710873426,11274,710884700,0,9,1,18432,38,1223936761
6585,710956344,1518,710957862,0,0,1,1536,9,8428544478
6586,710967622,3645,710971267,0,0,1,10240,9,3306728426
6587,710993655,4374,710998029,0,3,1,4608,41,4373611940
6588,711121572,566,711122138,0,5,1,512,37,5599217517
6589,711128379,98072,711226451,0,0,0,22016,9,1953059384
6590,711187297,1994,711189291,0,1,1,2048,22,10363089042
6591,711193724,1994,711195718,0,8,1,2048,6,6505757079
6592,711249380,566,711249946,0,5,1,512,37,4349812953
6593,711321049,566,711321615,0,7,1,512,17,1455453671
6594,711368934,47288,711416222,0,4,0,1536,37,969754680
6595,711369374,1042,711370416,0,4,1,1024,37,4715625917
6596,711385072,5712,711390784,0,1,1,14336,22,1292529804
6597,711392974,3898,711396872,0,9,1,4096,38,7737951113
6598,711723063,45596,711768659,0,9,0,1024,38,1574406695
6599,711773659,1042,711774701,0,9,1,1024,38,3277160048
6600,711900720,3422,711904142,0,5,1,3584,37,9980063685
6601,711929491,1042,711930533,0,4,1,1024,37,2798714487
6602,711937200,100880,712038080,0,3,0,31232,41,3538583369
6603,711953375,43904,711997279,0,1,0,512,22,880962859
6604,711991867,126997,712118864,0,3,0,47104,41,1017788610
6605,712027381,4679,712032060,0,5,1,12288,37,2019605757
6606,712286451,3645,712290096,0,7,1,10240,17,4372390376
6607,712304095,2470,712306565,0,4,1,2560,37,10146716936
6608,712414834,2470,712417304,0,9,1,2560,38,9340536493
6609,712456807,12566,712469373,0,8,1,20992,6,4743660101
6610,712509337,3387,712512724,0,9,1,9728,38,10111100245
6611,712554218,4374,712558592,0,9,1,4608,38,9072593412
6612,712611383,1994,712613377,0,8,1,2048,6,9967531055
6613,712765526,11274,712776800,0,4,1,18432,37,910036999
6614,712856508,3904,712860412,0,4,1,10752,37,7956301586
6615,712960958,1994,712962952,0,0,1,2048,9,3049145215
6616,713042150,47288,713089438,0,1,0,1536,22,9778478573
6617,713172767,1994,713174761,0,4,1,2048,37,3828266793
6618,713218762,4937,713223699,0,3,1,12800,41,6208591995
6619,713297085,99164,713396249,0,3,0,25600,41,4787917274
6620,713369162,1042,713370204,0,1,1,1024,22,3445093221
6621,713545280,1042,713546322,0,5,1,1024,37,10281971024
6622,713587271,566,713587837,0,9,1,512,38,6880987326
6623,713611918,5802,713617720,0,8,1,6144,6,6060298779
6624,713623730,43904,713667634,0,9,0,512,38,10453247742
6625,713641422,45596,713687018,0,1,0,1024,22,7887888375
6626,713659109,113870,713772979,0,8,0,4096,6,8746212101
6627,713675324,5971,713681295,0,7,1,14848,17,2042713780
6628,713750346,1994,713752340,0,7,1,2048,17,8553649599
6629,713797797,2470,713800267,0,3,1,2560,41,5647207462
6630,713830316,1518,713831834,0,0,1,1536,9,6043363251
6631,713870484,3422,713873906,0,9,1,3584,38,5181343979
6632,713953516,1518,713955034,0,1,1,1536,22,1219931029
6633,713968846,3422,713972268,0,4,1,3584,37,4516387730
6634,713971419,110396,714081815,0,3,0,62464,41,210093858
6635,713976151,118783,714094934,0,3,0,43008,41,9784008846
6636,714075943,45752,714121695,0,4,0,1536,37,8741727867
6637,714100143,2870,714103013,0,8,1,8704,6,9147836155
6638,714113218,4374,714117592,0,9,1,4608,38,3995826671
6639,714189293,7706,714196999,0,1,1,8192,22,9000823560
6640,714260444,45596,714306040,0,9,0,1024,38,3973322188
6641,714295300,1042,714296342,0,8,1,1024,6,4905388372
6642,714395697,6754,714402451,0,8,1,7168,6,5145625449
6643,714410635,45596,714456231,0,1,0,1024,22,7616092705
6644,714485809,80552,714566361,0,0,0,19968,9,8647015335
6645,714507630,2946,714510576,0,4,1,3072,37,1772694794
6646,714589014,1042,714590056,0,4,1,1024,37,135571459
6647,714714611,54056,714768667,0,5,0,3584,37,12736558
6648,714746041,2946,714748987,0,5,1,3072,37,2168054467
6649,714859261,45908,714905169,0,9,0,2048,38,6443843003
6650,714968110,10241,714978351,0,5,1,16384,37,7196683311
6651,714977965,216174,715194139,0,5,0,25600,37,4928795418
6652,715038145,43904,715082049,0,4,0,512,37,1731847686
6653,715131795,54056,715185851,0,3,0,3584,41,4537028265
6654,715233939,5971,715239910,0,0,1,14848,9,10433220469
6655,715260455,1042,715261497,0,3,1,1024,41,762846158
6656,715317766,124436,715442202,0,5,0,108544,37,7894663329
6657,715331331,43904,715375235,0,1,0,512,22,10616358784
6658,715429390,3898,715433288,0,4,1,4096,37,1423235154
6659,715465010,1518,715466528,0,7,1,1536,17,5139223360
6660,715482286,45596,715527882,0,9,0,1024,38,6800882347
6661,715691788,11016,715702804,0,0,1,17920,9,6944726799
6662,715703793,43904,715747697,0,1,0,512,22,9522517451
6663,715739451,3422,715742873,0,1,1,3584,22,2629592356
6664,715996815,43904,716040719,0,1,0,512,22,7316105770
6665,716059538,2470,716062008,0,3,1,2560,41,3527320970
6666,716060748,2470,716063218,0,7,1,2560,17,3370772154
6667,716089120,105248,716194368,0,3,0,45568,41,2483756756
6668,716219772,108056,716327828,0,0,0,54784,9,2651857918
6669,716369721,50672,716420393,0,9,0,2560,38,6718649769
6670,716395542,105872,716501414,0,5,0,47616,37,6008248305
6671,716624925,50672,716675597,0,9,0,2560,38,2627552345
6672,716753752,5196,716758948,0,5,1,13312,37,6091261936
6673,716807585,43904,716851489,0,4,0,512,37,9202041342
6674,716890499,5712,716896211,0,4,1,14336,37,9750359036
6675,716917464,4374,716921838,0,8,1,4608,6,824563251
6676,716936511,2470,716938981,0,1,1,2560,22,5084594414
6677,716982569,5326,716987895,0,8,1,5632,6,10054272714
6678,717073450,566,717074016,0,5,1,512,37,659500198
6679,717126495,2470,717128965,0,4,1,2560,37,4914733538
6680,717255681,101816,717357497,0,3,0,34304,41,587731564
6681,717282746,6278,717289024,0,7,1,6656,17,4557604525
6682,717293748,3422,717297170,0,4,1,3584,37,2116959159
6683,717300896,71600,717372496,0,0,0,10752,9,6461420185
6684,717311112,102440,717413552,0,8,0,36352,6,6609174322
6685,717317961,1042,717319003,0,1,1,1024,22,6526652077
6686,717318548,1518,717320066,0,3,1,1536,41,4898931649
6687,717364990,15837,717380827,0,5,1,30720,37,6129486989
6688,717517499,6278,717523777,0,4,1,6656,37,10405907065
6689,717672295,102284,717774579,0,5,0,35840,37,6664588444
6690,717871414,3898,717875312,0,3,1,4096,41,9214813370
6691,718031301,3422,718034723,0,7,1,3584,17,8972423084
6692,718208996,3645,718212641,0,5,1,10240,37,6902089207
6693,718243543,2946,718246489,0,9,1,3072,38,336490903
6694,718333265,120692,718453957,0,0,0,96256,9,7777369449
6695,718339030,111176,718450206,0,3,0,65024,41,9739441205
6696,718377620,83756,718461376,0,3,0,15360,41,9937901764
6697,718411505,5196,718416701,0,0,1,13312,9,224147806
6698,718424737,112736,718537473,0,5,0,70144,37,9440984536
6699,718462724,3898,718466622,0,5,1,4096,37,3061889397
6700,718515955,11016,718526971,0,1,1,17920,22,6139381506
6701,718567014,99164,718666178,0,8,0,25600,6,5656414188
6702,718724773,45596,718770369,0,1,0,1024,22,5683376030
6703,718854685,1994,718856679,0,0,1,2048,9,3662361384
6704,718934776,87788,719022564,0,5,0,23552,37,2439555370
6705,718960006,1518,718961524,0,4,1,1536,37,7999989848
6706,718966068,1518,718967586,0,8,1,1536,6,6275481795
6707,719017004,106028,719123032,0,0,0,48128,9,4222848246
6708,719054969,98384,719153353,0,5,0,23040,37,6714025041
6709,719068386,88102,719156488,0,5,0,10240,37,3664921927
6710,719198574,65900,719264474,0,0,0,7168,9,6777114505
6711,719264970,1042,719266012,0,3,1,1024,41,4106124085
6712,719396843,78524,719475367,0,3,0,13312,41,114356795
6713,719431309,48980,719480289,0,1,0,2048,22,9027373606
6714,719473853,106028,719579881,0,0,0,48128,9,2945467681
6715,719532857,47600,719580457,0,9,0,2560,38,8619882938
6716,719582078,48980,719631058,0,1,0,2048,22,9319745249
6717,719658307,1042,719659349,0,3,1,1024,41,4197076539
6718,719688999,4937,719693936,0,8,1,12800,6,8050310924
6719,719749836,2470,719752306,0,5,1,2560,37,5296669411
6720,719822493,2470,719824963,0,7,1,2560,17,8882052659
6721,719932282,3645,719935927,0,7,1,10240,17,2968260349
6722,719983165,103376,720086541,0,8,0,39424,6,7253333918
6723,720000430,45596,720046026,0,4,0,1024,37,4456447548
6724,720045399,1994,720047393,0,8,1,2048,6,8076402295
6725,720073641,12915,720086556,0,8,1,10752,6,3922870458
6726,720079638,255552,720335190,0,8,0,137728,6,2246729849
6727,720130021,4937,720134958,0,5,1,12800,37,6977725896
6728,720523102,111800,720634902,0,5,0,67072,37,6667727507
6729,720614162,47288,720661450,0,4,0,1536,37,8026746625
6730,720632523,55748,720688271,0,8,0,4096,6,3179260749
6731,720744960,96980,720841940,0,0,0,18432,9,8636686652
6732,720944402,110396,721054798,0,8,0,62464,6,7721721095
6733,720973210,126308,721099518,0,5,0,114688,37,6438474345
6734,721027468,1518,721028986,0,4,1,1536,37,6461164347
6735,721063009,61760,721124769,0,0,0,8704,9,6942373266
6736,721079993,1042,721081035,0,0,1,1024,9,530487300
6737,721143258,48980,721192238,0,8,0,2048,6,5572376832
6738,721173184,566,721173750,0,1,1,512,22,8498204194
6739,721339829,2470,721342299,0,7,1,2560,17,4121482949
6740,721592407,68684,721661091,0,0,0,11264,9,8551781173
6741,721750686,1042,721751728,0,0,1,1024,9,4444338258
6742,722133035,3422,722136457,0,0,1,3584,9,4811845405
6743,722194254,73916,722268170,0,8,0,13312,6,5305668972
6744,722281218,77924,722359142,0,5,0,16384,37,2826129459
6745,722458195,2870,722461065,0,0,1,8704,9,7270506435
6746,722532522,95444,722627966,0,0,0,18432,9,8353345757
6747,722546627,1042,722547669,0,9,1,1024,38,2227545399
6748,722569956,1518,722571474,0,0,1,1536,9,5196320748
6749,722729982,43904,722773886,0,9,0,512,38,2659810071
6750,723138044,1042,723139086,0,7,1,1024,17,4987312884
6751,723164279,2870,723167149,0,4,1,8704,37,3864630957
6752,723203399,5802,723209201,0,9,1,6144,38,714468248
6753,723238874,43904,723282778,0,1,0,512,22,6630844875
6754,723719601,3898,723723499,0,4,1,4096,37,6553729871
6755,723724925,52364,723777289,0,3,0,3072,41,4477096463
6756,723736883,566,723737449,0,9,1,512,38,8048471247
6757,723759855,121628,723881483,0,8,0,99328,6,2731030477
6758,723790171,566,723790737,0,7,1,512,17,4689068033
6759,723831563,3645,723835208,0,8,1,10240,6,4810246836
6760,723941085,5971,723947056,0,3,1,14848,41,3757916499
6761,723979372,47288,724026660,0,4,0,1536,37,5280130446
6762,723988377,2870,723991247,0,3,1,8704,41,7731227254
6763,724063585,5712,724069297,0,1,1,14336,22,203909635
6764,724388139,1042,724389181,0,1,1,1024,22,6446608341
6765,724400946,1518,724402464,0,9,1,1536,38,9402191217
6766,724499250,45596,724544846,0,1,0,1024,22,9821854606
6767,724552561,2946,724555507,0,5,1,3072,37,7510724575
6768,724600151,2946,724603097,0,9,1,3072,38,2313057632
6769,724656603,47288,724703891,0,1,0,1536,22,8068407562
6770,724734561,5712,724740273,0,0,1,14336,9,5266654266
6771,724776015,76388,724852403,0,3,0,16384,41,2736352178
6772,724810598,5802,724816400,0,5,1,6144,37,593183900
6773,724901726,43904,724945630,0,1,0,512,22,9956305148
6774,725155375,3387,725158762,0,3,1,9728,41,6424016540
6775,725161353,15579,725176932,0,9,1,30208,38,3937926958
6776,725184195,104468,725288663,0,8,0,43008,6,2606245101
6777,725204774,45596,725250370,0,1,0,1024,22,10498552084
6778,725253901,60824,725314725,0,3,0,5632,41,2761100644
6779,725375061,4374,725379435,0,9,1,4608,38,7214723345
6780,725424074,2470,725426544,0,3,1,2560,41,6004432157
6781,725549205,43904,725593109,0,9,0,512,38,2629159485
6782,725642564,1042,725643606,0,4,1,1024,37,5873698975
6783,725665507,45596,725711103,0,9,0,1024,38,6957763326
6784,725764836,100724,725865560,0,5,0,30720,37,9568117065
6785,725841128,10241,725851369,0,8,1,16384,6,444613065
6786,725848202,99476,725947678,0,3,0,26624,41,125449020
6787,725884487,3898,725888385,0,5,1,4096,37,4181916970
6788,725981596,45596,726027192,0,9,0,1024,38,4013047079
6789,726090825,43904,726134729,0,4,0,512,37,9234395192
6790,726097668,1518,726099186,0,9,1,1536,38,131363350
6791,726122116,4374,726126490,0,7,1,4608,17,117502021
6792,726174870,1518,726176388,0,0,1,1536,9,186062118
6793,726237092,82820,726319912,0,8,0,12288,6,8574833853
6794,726469319,105716,726575035,0,3,0,47104,41,9426439627
6795,726565888,103064,726668952,0,5,0,38400,37,3021572476
6796,726636774,4850,726641624,0,8,1,5120,6,4059759824
6797,726649213,54056,726703269,0,3,0,3584,41,3722491825
6798,726784748,43904,726828652,0,9,0,512,38,1713090339
6799,726805497,2470,726807967,0,4,1,2560,37,7623571633
6800,726820675,1994,726822669,0,4,1,2048,37,588585832
6801,726991466,1518,726992984,0,7,1,1536,17,7005964856
6802,727080996,45596,727126592,0,5,0,1024,37,2842308224
6803,727236117,566,727236683,0,5,1,512,37,3306535736
6804,727347967,1042,727349009,0,9,1,1024,38,5832509143
6805,727437358,3422,727440780,0,5,1,3584,37,2555942383
6806,727476437,1994,727478431,0,4,1,2048,37,877361359
6807,727601317,566,727601883,0,4,1,512,37,971732955
6808,727610179,1518,727611697,0,0,1,1536,9,6930093712
6809,727629572,2470,727632042,0,4,1,2560,37,10592892999
6810,727743017,43904,727786921,0,1,0,512,22,3711051687
6811,727763217,1994,727765211,0,3,1,2048,41,4672660265
6812,727874547,4162,727878709,0,7,1,11264,17,7230815064
6813,728024291,6278,728030569,0,9,1,6656,38,7128544984
6814,728040581,4850,728045431,0,3,1,5120,41,6022603480
6815,728040802,106496,728147298,0,5,0,49664,37,8572807520
6816,728059912,105872,728165784,0,8,0,47616,6,3669238134
6817,728079392,4374,728083766,0,1,1,4608,22,8447610618
6818,728105491,5196,728110687,0,1,1,13312,22,1039577348
6819,728182741,1042,728183783,0,0,1,1024,9,1193718704
6820,728198863,108836,728307699,0,3,0,57344,41,244187578
6821,728333466,5802,728339268,0,0,1,6144,9,9763998053
6822,728386702,101036,728487738,0,0,0,31744,9,6500976136
6823,728444665,43904,728488569,0,1,0,512,22,5841895145
6824,728505591,3898,728509489,0,0,1,4096,9,5051493548
6825,728564724,10241,728574965,0,4,1,16384,37,6539125333
6826,728598458,2946,728601404,0,7,1,3072,17,9510329704
6827,728665705,6754,728672459,0,1,1,7168,22,3950559270
6828,728783042,566,728783608,0,4,1,512,37,2636780465
6829,728783482,44405,728827887,0,9,0,512,38,5816719056
6830,728804293,45596,728849889,0,9,0,1024,38,5874296682
6831,728867095,1518,728868613,0,7,1,1536,17,7673328031
6832,728890472,105404,728995876,0,3,0,46080,41,3486087726
6833,728972550,108056,729080606,0,5,0,54784,37,6483610471
6834,728992694,109358,729102052,0,3,0,48640,41,8177940456
6835,729081050,45596,729126646,0,1,0,1024,22,9676135091
6836,729119763,48980,729168743,0,9,0,2048,38,10451927913
6837,729139905,43904,729183809,0,4,0,512,37,9650958372
6838,729143258,45596,729188854,0,1,0,1024,22,285964838
6839,729172109,3128,729175237,0,5,1,9216,37,1830025763
6840,729238976,2946,729241922,0,0,1,3072,9,169833123
6841,729625635,47288,729672923,0,3,0,1536,41,1946471877
6842,729649212,1518,729650730,0,5,1,1536,37,1804368513
6843,729661920,2946,729664866,0,5,1,3072,37,6218621232
6844,729754525,12308,729766833,0,7,1,20480,17,4627746633
6845,729756033,43904,729799937,0,4,0,512,37,9557196078
6846,729859597,107276,729966873,0,5,0,52224,37,4546472603
6847,729899076,3387,729902463,0,7,1,9728,17,8568211352
6848,729960692,3422,729964114,0,4,1,3584,37,3138012201
6849,730073642,1994,730075636,0,9,1,2048,38,1193351345
6850,730119784,105872,730225656,0,0,0,47616,9,5182005298
6851,730206556,3422,730209978,0,7,1,3584,17,8763497639
6852,730257833,4374,730262207,0,9,1,4608,38,9275644449
6853,730269682,99164,730368846,0,0,0,25600,9,9299099924
6854,730391711,57440,730449151,0,8,0,4608,6,4787940839
6855,730414561,45596,730460157,0,4,0,1024,37,4449311372
6856,730578384,55748,730634132,0,1,0,4096,22,449462594
6857,730590130,45596,730635726,0,9,0,1024,38,3789196381
6858,730590742,55748,730646490,0,5,0,4096,37,2215394090
6859,730603378,3422,730606800,0,4,1,3584,37,3559618
6860,730761393,45752,730807145,0,4,0,1536,37,3763432606
6861,730916483,2946,730919429,0,7,1,3072,17,1471616888
6862,730968249,43904,731012153,0,1,0,512,22,1704868853
6863,731015704,566,731016270,0,9,1,512,38,1582911014
6864,731096685,43904,731140589,0,4,0,512,37,3371867685
6865,731179257,43904,731223161,0,9,0,512,38,9967827980
6866,731219317,7230,731226547,0,0,1,7680,9,8854312115
6867,731219878,3645,731223523,0,4,1,10240,37,4475832616
6868,731417827,3387,731421214,0,4,1,9728,37,8783424982
6869,731534376,48980,731583356,0,9,0,2048,38,3917484752
6870,731663574,43904,731707478,0,4,0,512,37,1151815134
6871,731722760,5802,731728562,0,9,1,6144,38,2886738726
6872,731803380,3387,731806767,0,8,1,9728,6,1561462661
6873,731881735,3898,731885633,0,0,1,4096,9,241562613
6874,732035300,48980,732084280,0,4,0,2048,37,9075172947
6875,732172960,69284,732242244,0,0,0,8192,9,5324531172
6876,732210944,1518,732212462,0,0,1,1536,9,2387559868
6877,732260314,4420,732264734,0,8,1,11776,6,8599646672
6878,732262278,2802,732265080,0,8,1,512,6,9380904773
6879,732291105,566,732291671,0,7,1,512,17,6711794078
6880,732353602,43904,732397506,0,1,0,512,22,10101054879
6881,732438564,1042,732439606,0,9,1,1024,38,9479493028
6882,732527591,101816,732629407,0,0,0,34304,9,3846971472
6883,732576677,1042,732577719,0,7,1,1024,17,4386884017
6884,732676708,103376,732780084,0,8,0,39424,6,1928068454
6885,732677713,154319,732832032,0,8,0,78848,6,3752047355
6886,732754513,3898,732758411,0,4,1,4096,37,527167201
6887,732776349,3904,732780253,0,4,1,10752,37,723937805
6888,732782546,62984,732845530,0,0,0,7680,9,7718336154
6889,732798378,186536,732984914,0,5,0,151040,37,2971305979
6890,732869156,43904,732913060,0,9,0,512,38,7339123138
6891,732985022,45908,733030930,0,3,0,2048,41,9298220154
6892,733110137,72668,733182805,0,3,0,9216,41,1972733004
6893,733126482,85784,733212266,0,3,0,22016,41,65693288
6894,733244057,2870,733246927,0,1,1,8704,22,10022163574
6895,733271454,2946,733274400,0,8,1,3072,6,2376063873
6896,733275605,126750,733402355,0,8,0,95232,6,5483788612
6897,733290143,45596,733335739,0,1,0,1024,22,2752989648
6898,733298546,5326,733303872,0,2,1,5632,33,3797721009
6899,733322171,74360,733396531,0,5,0,9728,37,478907204
6900,733343489,7706,733351195,0,1,1,8192,22,957725054
6901,733347263,566,733347829,0,3,1,512,41,8657870200
6902,733366153,3422,733369575,0,8,1,3584,6,2416369297
6903,733555619,43904,733599523,0,4,0,512,37,2876847815
6904,733583423,7706,733591129,0,2,1,8192,33,8596672658
6905,733738079,81752,733819831,0,0,0,13824,9,8159642597
6906,733885316,45596,733930912,0,4,0,1024,37,2179117253
6907,733922454,7706,733930160,0,9,1,8192,38,3979330710
6908,733964028,5454,733969482,0,4,1,13824,37,2016102685
6909,733969825,43904,734013729,0,1,0,512,22,7958729181
6910,734029186,4937,734034123,0,3,1,12800,41,2545024763
6911,734137119,43904,734181023,0,1,0,512,22,5369778342
6912,734298699,566,734299265,0,7,1,512,17,3299804369
6913,734309376,98852,734408228,0,0,0,24576,9,57787993
6914,734419763,3898,734423661,0,8,1,4096,6,10240282434
6915,734421509,1042,734422551,0,5,1,1024,37,27514782
6916,734521028,1518,734522546,0,7,1,1536,17,7248148165
6917,734538278,5326,734543604,0,2,1,5632,33,7837310886
6918,734564567,43904,734608471,0,9,0,512,38,10730574234
6919,734702742,2946,734705688,0,9,1,3072,38,10702028109
6920,734957599,3128,734960727,0,0,1,9216,9,5131143001
6921,734973725,1042,734974767,0,1,1,1024,22,5867589137
6922,734990360,3422,734993782,0,0,1,3584,9,8321664113
6923,735104368,45596,735149964,0,9,0,1024,38,10053138790
6924,735242880,2870,735245750,0,5,1,8704,37,7878705113
6925,735259900,80864,735340764,0,3,0,20992,41,10260699174
6926,735304653,89259,735393912,0,3,0,6656,41,8997506874
6927,735388824,566,735389390,0,5,1,512,37,7785815801
6928,735452398,100568,735552966,0,5,0,30208,37,6302581306
6929,735473310,2470,735475780,0,0,1,2560,9,3164950694
6930,735503568,85628,735589196,0,0,0,21504,9,8636888868
6931,735553715,7230,735560945,0,1,1,7680,22,8562772069
6932,735767028,116324,735883352,0,8,0,81920,6,465826490
6933,735853400,4679,735858079,0,5,1,12288,37,5162148583
6934,735882646,43904,735926550,0,4,0,512,37,10309755201
6935,735898884,1518,735900402,0,4,1,1536,37,4026743136
6936,736059160,110552,736169712,0,0,0,62976,9,10416916328
6937,736089427,2470,736091897,0,4,1,2560,37,3641679085
6938,736279419,566,736279985,0,8,1,512,6,640837859
6939,736287384,566,736287950,0,0,1,512,9,947529601
6940,736291270,2470,736293740,0,3,1,2560,41,10534528758
6941,736293200,1206,736294406,0,3,1,1024,41,2794466105
6942,736312484,47288,736359772,0,9,0,1536,38,5480580442
6943,736317482,45596,736363078,0,1,0,1024,22,6622940492
6944,736370597,57440,736428037,0,8,0,4608,6,4122930465
6945,736375386,3422,736378808,0,1,1,3584,22,1013376760
6946,736436607,105404,736542011,0,0,0,46080,9,5705436250
6947,736447155,4850,736452005,0,2,1,5120,33,1811392681
6948,736477211,5802,736483013,0,8,1,6144,6,1694992170
6949,736536807,100100,736636907,0,8,0,28672,6,5677808124
6950,736706659,89588,736796247,0,3,0,14336,41,8806752510
6951,736712245,1042,736713287,0,5,1,1024,37,9556894407
6952,736734345,2946,736737291,0,7,1,3072,17,10100603287
6953,736854610,121784,736976394,0,5,0,99840,37,3189363247
6954,736897277,48980,736946257,0,3,0,2048,41,1883752266
6955,736952618,2870,736955488,0,9,1,8704,38,4365555124
6956,736997181,47288,737044469,0,1,0,1536,22,2138690574
6957,737021115,11533,737032648,0,4,1,18944,37,8487745792
6958,737075424,566,737075990,0,1,1,512,22,7010966588
6959,737162513,2470,737164983,0,9,1,2560,38,4894820222
6960,737163818,5802,737169620,0,2,1,6144,33,6902631876
6961,737185356,2946,737188302,0,2,1,3072,33,9658290772
6962,737240745,102128,737342873,0,0,0,35328,9,8822902466
6963,737270919,5802,737276721,0,8,1,6144,6,8547679410
6964,737406449,566,737407015,0,0,1,512,9,1687894835
6965,737408398,74516,737482914,0,0,0,10240,9,1882419167
6966,737445756,4420,737450176,0,7,1,11776,17,9933278719
6967,737446774,43904,737490678,0,9,0,512,38,8068268830
6968,737450125,101972,737552097,0,8,0,34816,6,3785138848
6969,737598875,205256,737804131,0,4,0,212480,37,9342999908
6970,737617429,2470,737619899,0,4,1,2560,37,1699951665
6971,737626635,1994,737628629,0,4,1,2048,37,2125981516
6972,737643241,194634,737837875,0,4,0,23552,37,1365622102
6973,737755949,109616,737865565,0,3,0,59904,41,3631994388
6974,737778664,566,737779230,0,0,1,512,9,477875723
6975,737807993,50672,737858665,0,1,0,2560,22,830387880
6976,737810010,119444,737929454,0,5,0,92160,37,5450368446
6977,737824949,566,737825515,0,0,1,512,9,8424440339
6978,738111799,98384,738210183,0,0,0,23040,9,255122139
6979,738158873,1994,738160867,0,2,1,2048,33,8962899380
6980,738224349,52364,738276713,0,9,0,3072,38,8337163506
6981,738236998,83936,738320934,0,3,0,20992,41,10409556324
6982,738270931,6754,738277685,0,0,1,7168,9,8043385978
6983,738311826,566,738312392,0,9,1,512,38,7063783542
6984,738390188,3645,738393833,0,9,1,10240,38,7170772561
6985,738566863,1042,738567905,0,2,1,1024,33,1292297043
6986,738607319,113516,738720835,0,0,0,72704,9,9260584829
6987,738624941,2946,738627887,0,8,1,3072,6,8873681060
6988,738671445,5326,738676771,0,8,1,5632,6,9390762680
6989,739081709,2470,739084179,0,0,1,2560,9,3070463935
6990,739103597,81128,739184725,0,0,0,11776,9,6419780511
6991,739160409,4162,739164571,0,0,1,11264,9,3553807813
6992,739167916,1518,739169434,0,5,1,1536,37,1473958729
6993,739234203,2946,739237149,0,0,1,3072,9,5441618060
6994,739267788,2946,739270734,0,8,1,3072,6,3130479388
6995,739352135,566,739352701,0,2,1,512,33,8652369982
6996,739424039,43904,739467943,0,1,0,512,22,8507489619
6997,739668491,3422,739671913,0,3,1,3584,41,2199192346
6998,739696455,43904,739740359,0,1,0,512,22,5479761128
6999,739864466,7230,739871696,0,1,1,7680,22,939510997
7000,739915046,4850,739919896,0,7,1,5120,17,5212414093
7001,739988436,47288,740035724,0,9,0,1536,38,4347448486
7002,740242563,92972,740335535,0,4,0,15360,37,10317226525
7003,740269447,59132,740328579,0,0,0,5120,9,6367962274
7004,740705763,1042,740706805,0,3,1,1024,41,8713928092
7005,740719309,1518,740720827,0,5,1,1536,37,7346912532
7006,740723008,5971,740728979,0,4,1,14848,37,10171779081
7007,740854562,4850,740859412,0,8,1,5120,6,7918989544
7008,740928858,47288,740976146,0,1,0,1536,22,2174510789
7009,741026060,84068,741110128,0,3,0,16384,41,7167532805
7010,741077004,6754,741083758,0,8,1,7168,6,6240475088
7011,741077886,105598,741183484,0,8,0,37376,6,4181467670
7012,741159618,566,741160184,0,5,1,512,37,2469849835
7013,741162921,2470,741165391,0,4,1,2560,37,6519297122
7014,741179506,4937,741184443,0,0,1,12800,9,9760848116
7015,741194793,5802,741200595,0,1,1,6144,22,8159696956
7016,741298600,5326,741303926,0,1,1,5632,22,10340673226
7017,741310823,1042,741311865,0,2,1,1024,33,1138949426
7018,741341170,54056,741395226,0,5,0,3584,37,4982238580
7019,741366079,5196,741371275,0,8,1,13312,6,9038441732
7020,741494551,43904,741538455,0,9,0,512,38,3445771969
7021,741602183,2870,741605053,0,3,1,8704,41,6432519127
7022,741748168,52364,741800532,0,9,0,3072,38,6996318887
7023,741813212,72668,741885880,0,4,0,9216,37,1538448554
7024,741877560,2870,741880430,0,1,1,8704,22,7827767429
7025,741926105,4374,741930479,0,4,1,4608,37,5985253943
7026,742042677,2470,742045147,0,2,1,2560,33,7183464787
7027,742043573,59132,742102705,0,5,0,5120,37,9783239666
7028,742145844,566,742146410,0,7,1,512,17,3311844136
7029,742222232,12049,742234281,0,7,1,19968,17,2169743676
7030,742317337,4374,742321711,0,8,1,4608,6,8207439357
7031,742376849,4679,742381528,0,4,1,12288,37,2037218258
7032,742381667,2470,742384137,0,0,1,2560,9,8439063516
7033,742436483,47288,742483771,0,1,0,1536,22,8426508200
7034,742496653,3898,742500551,0,2,1,4096,33,10252744726
7035,742607275,67616,742674891,0,3,0,12800,41,1326728626
7036,742636871,75608,742712479,0,9,0,13824,38,5638543094
7037,742668765,69284,742738049,0,4,0,8192,37,5958218248
7038,742733225,54056,742787281,0,3,0,3584,41,4731932203
7039,742740984,5802,742746786,0,4,1,6144,37,8914133874
7040,742817559,100256,742917815,0,5,0,29184,37,10007764708
7041,742899101,108056,743007157,0,5,0,54784,37,3795150541
7042,742931872,43904,742975776,0,1,0,512,22,7490367813
7043,742935743,2470,742938213,0,5,1,2560,37,9480891376
7044,743074824,2470,743077294,0,4,1,2560,37,7353507943
7045,743124633,3645,743128278,0,0,1,10240,9,7699409236
7046,743159156,119756,743278912,0,9,0,93184,38,362388794
7047,743173434,13341,743186775,0,1,1,22528,22,6201094633
7048,743181456,3128,743184584,0,2,1,9216,33,6367567323
7049,743232830,1518,743234348,0,2,1,1536,33,3310607174
7050,743283622,2946,743286568,0,9,1,3072,38,2141121882
7051,743318219,566,743318785,0,2,1,512,33,9172954235
7052,743339058,105248,743444306,0,4,0,45568,37,5364234155
7053,743448829,2470,743451299,0,4,1,2560,37,3461032009
7054,743551909,102128,743654037,0,8,0,35328,6,7131194043
7055,743580005,95624,743675629,0,3,0,24064,41,3283904814
7056,743655945,153764,743809709,0,0,0,139264,9,1556981331
7057,743663164,3128,743666292,0,2,1,9216,33,6508815931
7058,743712419,47288,743759707,0,1,0,1536,22,7557858851
7059,743748499,97292,743845791,0,0,0,19456,9,278809663
7060,743788089,102752,743890841,0,8,0,37376,6,4793878058
7061,743817820,98696,743916516,0,5,0,24064,37,10274629785
7062,743949840,100724,744050564,0,4,0,30720,37,7315551595
7063,743951613,88988,744040601,0,8,0,17408,6,7496356694
7064,744103835,1042,744104877,0,9,1,1024,38,5079310625
7065,744108292,2946,744111238,0,1,1,3072,22,3348286472
7066,744139487,64988,744204475,0,5,0,9216,37,10367075222
7067,744154888,10499,744165387,0,4,1,16896,37,6671665061
7068,744350652,62516,744413168,0,5,0,6144,37,5341943849
7069,744367221,86696,744453917,0,0,0,19968,9,3797474758
7070,744576226,55748,744631974,0,9,0,4096,38,92422915
7071,744595044,6754,744601798,0,5,1,7168,37,6825309535
7072,744638772,5802,744644574,0,8,1,6144,6,3842746760
7073,744666490,3128,744669618,0,7,1,9216,17,3126979928
7074,744696810,44060,744740870,0,1,0,1024,22,8157020219
7075,744755784,70376,744826160,0,5,0,11776,37,5094606030
7076,744865140,103532,744968672,0,3,0,39936,41,9383136661
7077,744868608,566,744869174,0,7,1,512,17,4475211683
7078,744896714,1518,744898232,0,9,1,1536,38,8280604294
7079,745118726,566,745119292,0,1,1,512,22,9201169849
7080,745191677,1518,745193195,0,0,1,1536,9,740958904
7081,745231834,7230,745239064,0,5,1,7680,37,6597042062
7082,745352723,2470,745355193,0,7,1,2560,17,2513190783
7083,745360665,566,745361231,0,1,1,512,22,4112465570
7084,745449014,59308,745508322,0,1,0,1024,22,2861308323
7085,745586859,7230,745594089,0,0,1,7680,9,822015199
7086,745588508,10087,745598595,0,0,1,7168,9,3192405096
7087,745595348,5326,745600674,0,7,1,5632,17,7962188676
7088,745651966,106652,745758618,0,4,0,50176,37,415276691
7089,745661327,5196,745666523,0,2,1,13312,33,6238719858
7090,745671639,4374,745676013,0,3,1,4608,41,4669205143
7091,745680898,5971,745686869,0,4,1,14848,37,4087802622
7092,745726794,1518,745728312,0,5,1,1536,37,3632325848
7093,745824196,10499,745834695,0,3,1,16896,41,3742873120
7094,745892717,566,745893283,0,9,1,512,38,5416953211
7095,745908455,3898,745912353,0,4,1,4096,37,1066481960
7096,745927946,7706,745935652,0,3,1,8192,41,4132373887
7097,745990164,5454,745995618,0,2,1,13824,33,8769194607
7098,746010877,3898,746014775,0,2,1,4096,33,1819780346
7099,746048339,108368,746156707,0,5,0,55808,37,7430871398
7100,746232537,2946,746235483,0,0,1,3072,9,3957135362
7101,746235141,566,746235707,0,4,1,512,37,3013306773
7102,746476919,95600,746572519,0,9,0,18944,38,5999321150
7103,746533079,1042,746534121,0,4,1,1024,37,7432072900
7104,746945310,6754,746952064,0,0,1,7168,9,10491180878
7105,746992552,84512,747077064,0,4,0,12800,37,9694542370
7106,747044211,2470,747046681,0,4,1,2560,37,6636638124
7107,747123807,23120,747146927,0,0,1,41472,9,5280720630
7108,747160146,3422,747163568,0,2,1,3584,33,3367795340
7109,747171563,110396,747281959,0,5,0,62464,37,5272725584
7110,747342712,3422,747346134,0,9,1,3584,38,1409222521
7111,747355650,3422,747359072,0,9,1,3584,38,4936591549
7112,747481500,5326,747486826,0,1,1,5632,22,3038303340
7113,747490412,101972,747592384,0,4,0,34816,37,1540427775
7114,747542772,101816,747644588,0,9,0,34304,38,3265253326
7115,747609236,3422,747612658,0,7,1,3584,17,10735929838
7116,747613501,125216,747738717,0,4,0,111104,37,7516566765
7117,747670523,105560,747776083,0,3,0,46592,41,9041311895
7118,747692123,2870,747694993,0,2,1,8704,33,5541936319
7119,747742029,2870,747744899,0,0,1,8704,9,10452829542
7120,747742901,3347,747746248,0,0,1,1536,9,10570141439
7121,747800767,1042,747801809,0,0,1,1024,9,6311088432
7122,748277888,4374,748282262,0,7,1,4608,17,3320775885
7123,748345644,4374,748350018,0,1,1,4608,22,2228460067
7124,748444367,3904,748448271,0,5,1,10752,37,6135083920
7125,748480049,566,748480615,0,4,1,512,37,8538451060
7126,748577431,63452,748640883,0,5,0,9216,37,4409099794
7127,748582984,6278,748589262,0,0,1,6656,9,4184598202
7128,748598364,60824,748659188,0,9,0,5632,38,9768508547
7129,748784403,116636,748901039,0,9,0,82944,38,5343571539
7130,748832322,89744,748922066,0,4,0,14848,37,1638298500
7131,749133966,100724,749234690,0,0,0,30720,9,1193716284
7132,749142126,84824,749226950,0,4,0,13824,37,357646526
7133,749180050,3128,749183178,0,5,1,9216,37,1045264192
7134,749196618,1042,749197660,0,4,1,1024,37,8502423897
7135,749243576,1518,749245094,0,5,1,1536,37,7513875437
7136,749255715,5802,749261517,0,2,1,6144,33,8310603579
7137,749321475,5712,749327187,0,0,1,14336,9,7216637558
7138,749486349,43904,749530253,0,1,0,512,22,4713632171
7139,749508356,4374,749512730,0,3,1,4608,41,2142373974
7140,749641081,43904,749684985,0,1,0,512,22,2991042272
7141,749691326,45596,749736922,0,1,0,1024,22,2131472707
7142,749722140,108056,749830196,0,9,0,54784,38,8019644769
7143,749838027,128960,749966987,0,9,0,123392,38,1330286186
7144,749857101,1518,749858619,0,5,1,1536,37,80013184
7145,749867307,103844,749971151,0,0,0,40960,9,7242244906
7146,749875310,6229,749881539,0,2,1,15360,33,4332548978
7147,750144941,73292,750218233,0,3,0,11264,41,4071263738
7148,750145179,45596,750190775,0,1,0,1024,22,64962025
7149,750338822,12308,750351130,0,9,1,20480,38,3576533572
7150,750340145,2870,750343015,0,3,1,8704,41,8734277711
7151,750497017,1994,750499011,0,3,1,2048,41,3172514553
7152,750508036,102596,750610632,0,9,0,36864,38,7616117661
7153,750653784,5802,750659586,0,7,1,6144,17,8196909332
7154,750672604,5802,750678406,0,9,1,6144,38,4910701786
7155,750691857,2946,750694803,0,5,1,3072,37,4252426407
7156,750888667,2470,750891137,0,4,1,2560,37,6806387994
7157,750915852,59600,750975452,0,4,0,6656,37,2384798268
7158,750978451,7230,750985681,0,3,1,7680,41,4365542806
7159,751045281,1518,751046799,0,2,1,1536,33,850454441
7160,751060539,3422,751063961,0,9,1,3584,38,661281383
7161,751062786,112268,751175054,0,9,0,68608,38,999349891
7162,751098504,84512,751183016,0,4,0,12800,37,1537097158
7163,751139691,6754,751146445,0,7,1,7168,17,9071065257
7164,751176436,1042,751177478,0,5,1,1024,37,3764300748
7165,751206527,2470,751208997,0,5,1,2560,37,7115968021
7166,751410626,43904,751454530,0,1,0,512,22,6158494685
7167,751484543,11533,751496076,0,3,1,18944,41,10043865396
7168,751705276,5712,751710988,0,4,1,14336,37,2177665018
7169,751748278,1518,751749796,0,7,1,1536,17,8649271068
7170,751753318,88388,751841706,0,0,0,20480,9,1994252134
7171,751802886,3128,751806014,0,0,1,9216,9,4962608120
7172,751842573,105248,751947821,0,3,0,45568,41,9857553761
7173,751907356,43904,751951260,0,1,0,512,22,9090148058
7174,751925746,54680,751980426,0,3,0,5632,41,6417645974
7175,751952375,109148,752061523,0,3,0,58368,41,8459624999
7176,752004542,5802,752010344,0,0,1,6144,9,8391477366
7177,752021645,1994,752023639,0,7,1,2048,17,359412594
7178,752049301,4420,752053721,0,9,1,11776,38,2523033154
7179,752120371,2946,752123317,0,5,1,3072,37,2528734302
7180,752140841,4374,752145215,0,1,1,4608,22,10053502685
7181,752207710,5712,752213422,0,0,1,14336,9,8532487632
7182,752241279,3898,752245177,0,3,1,4096,41,5529668165
7183,752278970,3898,752282868,0,9,1,4096,38,2176497543
7184,752293002,97292,752390294,0,3,0,19456,41,8199821659
7185,752298882,566,752299448,0,5,1,512,37,2749149278
7186,752314888,2470,752317358,0,5,1,2560,37,6947583114
7187,752337166,1518,752338684,0,1,1,1536,22,9222114047
7188,752497658,120536,752618194,0,5,0,95744,37,10455791859
7189,752525252,102908,752628160,0,4,0,37888,37,3790902471
7190,752535876,95452,752631328,0,5,0,6656,37,2629883647
7191,752710052,1042,752711094,0,9,1,1024,38,8599066814
7192,752885625,4374,752889999,0,2,1,4608,33,5362491904
7193,752939114,566,752939680,0,1,1,512,22,137938647
7194,752971291,1994,752973285,0,7,1,2048,17,10518117666
7195,753030120,103064,753133184,0,5,0,38400,37,2745115260
7196,753348284,566,753348850,0,4,1,512,37,67461692
7197,753385426,7230,753392656,0,1,1,7680,22,10375464458
7198,753438356,110864,753549220,0,4,0,64000,37,9599278222
7199,753544781,1042,753545823,0,0,1,1024,9,7928451350
7200,753551606,1042,753552648,0,2,1,1024,33,60241239
7201,753726665,78056,753804721,0,0,0,11776,9,2791058890
7202,753887359,5802,753893161,0,5,1,6144,37,7597735631
7203,754025478,15837,754041315,0,3,1,30720,41,4763770891
7204,754066955,4850,754071805,0,4,1,5120,37,9781419297
7205,754426220,5802,754432022,0,4,1,6144,37,8990849890
7206,754697071,4374,754701445,0,7,1,4608,17,3867321297
7207,754802039,566,754802605,0,1,1,512,22,2192169009
7208,754816634,47288,754863922,0,1,0,1536,22,4609968074
7209,754877205,96668,754973873,0,0,0,17408,9,7679255579
7210,754886070,1518,754887588,0,3,1,1536,41,6448966811
7211,754987082,1994,754989076,0,9,1,2048,38,8648713066
7212,755026800,16096,755042896,0,2,1,31232,33,5673599817
7213,755079651,80684,755160335,0,5,0,15360,37,5201104232
7214,755202452,99944,755302396,0,4,0,28160,37,2988395597
7215,755414923,100880,755515803,0,9,0,31232,38,7892280295
7216,755421316,100100,755521416,0,5,0,28672,37,4087234293
7217,755450844,4162,755455006,0,4,1,11264,37,195406508
7218,755492245,10241,755502486,0,1,1,16384,22,3915513095
7219,755529300,188096,755717396,0,1,0,156160,22,5936697495
7220,755551376,1042,755552418,0,7,1,1024,17,4144743431
7221,755683571,38191,755721762,0,1,1,4608,22,3224565663
7222,755796683,566,755797249,0,3,1,512,41,8153941511
7223,755832406,1518,755833924,0,0,1,1536,9,9606608479
7224,755836912,4374,755841286,0,5,1,4608,37,1385851541
7225,756064190,5454,756069644,0,9,1,13824,38,200224363
7226,756362363,100412,756462775,0,5,0,29696,37,4639227197
7227,756542385,4374,756546759,0,3,1,4608,41,4418880091
7228,756567213,60380,756627593,0,1,0,9216,22,370026904
7229,756665875,98540,756764415,0,3,0,23552,41,10491827567
7230,756671879,82376,756754255,0,0,0,15872,9,7788909158
7231,756779412,68216,756847628,0,0,0,9728,9,3684904123
7232,756922047,52832,756974879,0,0,0,4608,9,4584010712
7233,757080894,108368,757189262,0,4,0,55808,37,6448589317
7234,757150473,3898,757154371,0,4,1,4096,37,3666449278
7235,757154008,86384,757240392,0,0,0,18944,9,5946627186
7236,757201674,85940,757287614,0,9,0,22528,38,5329199466
7237,757205083,104624,757309707,0,5,0,43520,37,7820364453
7238,757244900,73136,757318036,0,0,0,10752,9,4530417147
7239,757256640,4850,757261490,0,1,1,5120,22,9707831529
7240,757289855,102440,757392295,0,4,0,36352,37,7235294647
7241,757290343,5326,757295669,0,2,1,5632,33,7970272692
7242,757368684,108777,757477461,0,1,0,39936,22,1413590201
7243,757434863,4374,757439237,0,9,1,4608,38,6453600186
7244,757440377,102440,757542817,0,4,0,36352,37,40321445
7245,757450932,7706,757458638,0,3,1,8192,41,9771187056
7246,757491669,121625,757613294,0,9,0,1024,38,359035758
7247,757593532,100256,757693788,0,0,0,29184,9,7034761612
7248,757607772,5326,757613098,0,7,1,5632,17,459229461
7249,757661194,102752,757763946,0,3,0,37376,41,2954645247
7250,757706860,10499,757717359,0,2,1,16896,33,9301575612
7251,757895471,7230,757902701,0,3,1,7680,41,8107376673
7252,757929220,48980,757978200,0,5,0,2048,37,10110790720
7253,758040265,77168,758117433,0,1,0,18944,22,5184324363
7254,758239720,4850,758244570,0,0,1,5120,9,1561848604
7255,758287635,55748,758343383,0,1,0,4096,22,962887925
7256,758455011,1042,758456053,0,4,1,1024,37,1278877933
7257,758486312,95156,758581468,0,3,0,22528,41,6432208959
7258,758530053,54056,758584109,0,0,0,3584,9,633448900
7259,758610813,3422,758614235,0,0,1,3584,9,10497618814
7260,758650437,98540,758748977,0,0,0,23552,9,675690943
7261,758688197,100724,758788921,0,5,0,30720,37,5972870632
7262,758875337,50672,758926009,0,4,0,2560,37,2030942338
7263,758887581,94820,758982401,0,0,0,16384,9,7112004732
7264,759153573,1518,759155091,0,1,1,1536,22,5706775718
7265,759254202,103376,759357578,0,3,0,39424,41,10132557247
7266,759256415,99788,759356203,0,9,0,27648,38,4823210230
7267,759356813,2470,759359283,0,4,1,2560,37,5772765502
7268,759399056,124280,759523336,0,5,0,108032,37,6978340713
7269,759409087,115856,759524943,0,4,0,80384,37,8698289070
7270,759417314,112012,759529326,0,4,0,14336,37,1725433935
7271,759512764,47288,759560052,0,9,0,1536,38,8748000043
7272,759540765,126620,759667385,0,4,0,115712,37,6067991486
7273,759590888,7230,759598118,0,7,1,7680,17,8245677851
7274,759691053,72224,759763277,0,4,0,12800,37,4143271990
7275,759720137,137718,759857855,0,4,0,95232,37,3124951581
7276,759754956,6754,759761710,0,1,1,7168,22,454231601
7277,759809116,4850,759813966,0,0,1,5120,9,7227772541
7278,760027138,1042,760028180,0,9,1,1024,38,2275428169
7279,760275616,3128,760278744,0,1,1,9216,22,515822563
7280,760314643,81752,760396395,0,4,0,13824,37,1369605372
7281,760380740,3645,760384385,0,0,1,10240,9,10184028507
7282,760435366,3422,760438788,0,2,1,3584,33,7378990876
7283,760498114,2946,760501060,0,1,1,3072,22,9195836644
7284,760508175,1994,760510169,0,9,1,2048,38,6563321036
7285,760535316,4679,760539995,0,4,1,12288,37,4444680075
7286,760569546,7230,760576776,0,5,1,7680,37,1480691105
7287,760695602,2946,760698548,0,4,1,3072,37,1447430458
7288,760706196,5802,760711998,0,2,1,6144,33,9882571697
7289,760746933,106496,760853429,0,9,0,49664,38,8825042141
7290,760755737,98384,760854121,0,0,0,23040,9,8243784827
7291,760818168,2946,760821114,0,5,1,3072,37,6171072256
7292,760940912,5326,760946238,0,5,1,5632,37,2020676611
7293,761068221,2946,761071167,0,1,1,3072,22,1892708592
7294,761164289,95624,761259913,0,5,0,24064,37,7362238111
7295,761190045,4937,761194982,0,2,1,12800,33,3457792672
7296,761281262,4374,761285636,0,0,1,4608,9,488167635
7297,761309256,2470,761311726,0,3,1,2560,41,9073915592
7298,761324129,3904,761328033,0,9,1,10752,38,9806234587
7299,761343379,6754,761350133,0,1,1,7168,22,2917939266
7300,761458045,1518,761459563,0,3,1,1536,41,103085357
7301,761459661,85160,761544821,0,5,0,19968,37,8163124292
7302,761577017,1994,761579011,0,2,1,2048,33,2418107105
7303,761681929,10499,761692428,0,1,1,16896,22,10376652914
7304,761693238,11533,761704771,0,2,1,18944,33,8971158183
7305,761721036,73472,761794508,0,9,0,16896,38,9372821036
7306,761736165,117479,761853644,0,9,0,49664,38,5399620355
7307,761860324,93488,761953812,0,9,0,27136,38,5455068834
7308,761955593,102752,762058345,0,5,0,37376,37,2082473711
7309,762171450,1518,762172968,0,0,1,1536,9,1128250877
7310,762275692,66836,762342528,0,9,0,10240,38,5596154552
7311,762447210,112268,762559478,0,1,0,68608,22,10291852911
7312,762654061,102284,762756345,0,5,0,35840,37,5081558860
7313,762676720,106028,762782748,0,0,0,48128,9,731819019
7314,762747224,136376,762883600,0,9,0,132608,38,8492433449
7315,762758584,4850,762763434,0,1,1,5120,22,7862459589
7316,762882705,2946,762885651,0,7,1,3072,17,5950269534
7317,762978746,108212,763086958,0,5,0,55296,37,10355748124
7318,762995983,184736,763180719,0,1,0,160256,22,2649232355
7319,762997071,73604,763070675,0,4,0,12288,37,1145742810
7320,763002907,5802,763008709,0,3,1,6144,41,7087309544
7321,763122109,1994,763124103,0,9,1,2048,38,28547338
7322,763123325,7706,763131031,0,1,1,8192,22,495864592
7323,763239817,566,763240383,0,4,1,512,37,5112496950
7324,763331603,566,763332169,0,3,1,512,41,2325891828
7325,763389988,62516,763452504,0,4,0,6144,37,6814533678
7326,763453385,3128,763456513,0,3,1,9216,41,7434414122
7327,763470703,6278,763476981,0,2,1,6656,33,1789900430
7328,763520575,5802,763526377,0,4,1,6144,37,6513603918
7329,763730573,59132,763789705,0,4,0,5120,37,10398285760
7330,763765443,1994,763767437,0,7,1,2048,17,4223774745
7331,763817447,81464,763898911,0,5,0,17920,37,2852057321
7332,763840084,64208,763904292,0,0,0,6656,9,6724772042
7333,764013493,5712,764019205,0,1,1,14336,22,8188959982
7334,764031734,3422,764035156,0,9,1,3584,38,6581743950
7335,764098381,84404,764182785,0,9,0,22528,38,866442763
7336,764172194,7706,764179900,0,0,1,8192,9,411454822
7337,764350018,2470,764352488,0,0,1,2560,9,3547159286
7338,764403488,76208,764479696,0,9,0,10752,38,2682006795
7339,764426878,2946,764429824,0,9,1,3072,38,2426191862
7340,764523443,105248,764628691,0,4,0,45568,37,9710153182
7341,764553773,45596,764599369,0,0,0,1024,9,6746380045
7342,764629793,2470,764632263,0,1,1,2560,22,10461239411
7343,764636963,97472,764734435,0,9,0,25088,38,221873198
7344,764675238,1518,764676756,0,0,1,1536,9,6251674453
7345,764897277,6278,764903555,0,0,1,6656,9,5640758258
7346,764901535,5802,764907337,0,2,1,6144,33,2049703955
7347,764914623,5326,764919949,0,7,1,5632,17,8300158430
7348,764963476,4420,764967896,0,7,1,11776,17,1262625921
7349,765087792,73136,765160928,0,4,0,10752,37,10589906153
7350,765293104,57440,765350544,0,1,0,4608,22,4541172132
7351,765516999,1518,765518517,0,4,1,1536,37,4389794071
7352,765558777,89588,765648365,0,3,0,14336,41,2455913311
7353,765599559,1042,765600601,0,7,1,1024,17,6386867540
7354,765612046,76832,765688878,0,1,0,12800,22,4485812938
7355,765623077,67592,765690669,0,5,0,7680,37,4268766014
7356,765797513,566,765798079,0,9,1,512,38,5468743619
7357,765854045,95336,765949381,0,3,0,28160,41,1576265155
7358,766022859,5802,766028661,0,7,1,6144,17,8876147887
7359,766054213,4937,766059150,0,3,1,12800,41,1094153031
7360,766108605,13083,766121688,0,0,1,22016,9,2366146510
7361,766276808,5326,766282134,0,3,1,5632,41,9753787813
7362,766284091,125372,766409463,0,4,0,111616,37,4462011375
7363,766344112,21399,766365511,0,5,1,34816,37,3894669499
7364,766397651,100100,766497751,0,0,0,28672,9,719766417
7365,766407773,1042,766408815,0,9,1,1024,38,7439501421
7366,766464563,7230,766471793,0,3,1,7680,41,9070401897
7367,766483557,126464,766610021,0,5,0,115200,37,2101014500
7368,766530138,108680,766638818,0,4,0,56832,37,1766595191
7369,766553257,2946,766556203,0,9,1,3072,38,9886344918
7370,766681593,114140,766795733,0,4,0,74752,37,5397639493
7371,766735489,1994,766737483,0,9,1,2048,38,7776948118
7372,766807084,7230,766814314,0,3,1,7680,41,5294231573
7373,766832700,1518,766834218,0,2,1,1536,33,6670222000
7374,766849869,101660,766951529,0,5,0,33792,37,8188126184
7375,766997944,54524,767052468,0,1,0,5120,22,3479849112
7376,767005251,54056,767059307,0,3,0,3584,41,6863196401
7377,767020853,87764,767108617,0,3,0,18432,41,2177982373
7378,767058467,102596,767161063,0,5,0,36864,37,4664261525
7379,767175824,108056,767283880,0,0,0,54784,9,6814595553
7380,767208620,105092,767313712,0,1,0,45056,22,5088767545
7381,767261290,91280,767352570,0,0,0,14848,9,8704082429
7382,767268384,3898,767272282,0,5,1,4096,37,4942724564
7383,767284366,96668,767381034,0,4,0,17408,37,6078949821
7384,767299419,2470,767301889,0,2,1,2560,33,942004180
7385,767438067,74360,767512427,0,1,0,9728,22,4480405899
7386,767449871,50672,767500543,0,4,0,2560,37,9941862454
7387,767607832,7230,767615062,0,4,1,7680,37,49940562
7388,767694445,1518,767695963,0,4,1,1536,37,6313598002
7389,767914446,113672,768028118,0,3,0,73216,41,6465395126
7390,767973253,2946,767976199,0,2,1,3072,33,3884824062
7391,768173269,114452,768287721,0,3,0,75776,41,9791421596
7392,768308936,1518,768310454,0,4,1,1536,37,2601317273
7393,768451859,106496,768558355,0,0,0,49664,9,472190058
7394,768623141,57440,768680581,0,9,0,4608,38,4944180517
7395,768727049,1042,768728091,0,0,1,1024,9,2313030188
7396,768735666,1994,768737660,0,1,1,2048,22,7868329091
7397,768791982,5196,768797178,0,9,1,13312,38,10438228818
7398,768880470,64208,768944678,0,0,0,6656,9,10305545348
7399,769002829,103532,769106361,0,9,0,39936,38,5758215787
7400,769174067,4162,769178229,0,2,1,11264,33,8688465991
7401,769177524,103220,769280744,0,4,0,38912,37,7243570774
7402,769223040,175004,769398044,0,1,0,148480,22,7682738052
7403,769268368,49136,769317504,0,0,0,2560,9,7211245532
7404,769416639,13253,769429892,0,9,1,25600,38,10299551887
7405,769488923,1042,769489965,0,7,1,1024,17,1108594807
7406,769769044,7230,769776274,0,3,1,7680,41,8417257379
7407,769777273,1518,769778791,0,7,1,1536,17,7440512130
7408,769805865,50984,769856849,0,0,0,3584,9,10714488374
7409,769903685,52988,769956673,0,5,0,5120,37,6814068249
7410,769922275,85292,770007567,0,9,0,15360,38,6828620900
7411,769945272,6278,769951550,0,4,1,6656,37,30778401
7412,770013566,1518,770015084,0,1,1,1536,22,6357973803
7413,770032185,106184,770138369,0,5,0,48640,37,9201866265
7414,770116836,21548,770138384,0,5,1,8192,37,2794480007
7415,770245464,124124,770369588,0,9,0,107520,38,5616601794
7416,770277092,118040,770395132,0,4,0,87552,37,1687248123
7417,770322275,6229,770328504,0,7,1,15360,17,1066005947
7418,770333647,12825,770346472,0,5,1,21504,37,10295277026
7419,770559963,2946,770562909,0,5,1,3072,37,1234564083
7420,770593383,2470,770595853,0,0,1,2560,9,3128132579
7421,770711409,57440,770768849,0,9,0,4608,38,5851557760
7422,770758932,78992,770837924,0,9,0,14848,38,9448955540
7423,770876381,1518,770877899,0,0,1,1536,9,5480524602
7424,770885946,50672,770936618,0,3,0,2560,41,3892644720
7425,771089210,13083,771102293,0,9,1,22016,38,426506435
7426,771125873,91928,771217801,0,1,0,22016,22,9237102272
7427,771175729,104468,771280197,0,9,0,43008,38,2306120694
7428,771211451,4374,771215825,0,7,1,4608,17,9267011595
7429,771219501,100880,771320381,0,1,0,31232,22,121008983
7430,771342944,5712,771348656,0,3,1,14336,41,2284957812
7431,771353527,2946,771356473,0,0,1,3072,9,4354282208
7432,771425106,5802,771430908,0,5,1,6144,37,8008129095
7433,771523618,566,771524184,0,3,1,512,41,2492269760
7434,771580719,106340,771687059,0,0,0,49152,9,9039498674
7435,771727211,3387,771730598,0,0,1,9728,9,6243148315
7436,771729376,3898,771733274,0,3,1,4096,41,9604147483
7437,771751178,6754,771757932,0,5,1,7168,37,6681863245
7438,771984118,99164,772083282,0,5,0,25600,37,4175441269
7439,772056649,6229,772062878,0,9,1,15360,38,3546749448
7440,772110017,77744,772187761,0,0,0,10752,9,8628440929
7441,772237930,1994,772239924,0,9,1,2048,38,8406555736
7442,772276877,91904,772368781,0,1,0,16896,22,4330895681
7443,772393916,212276,772606192,0,5,0,235520,37,4750845296
7444,772395444,97292,772492736,0,1,0,19456,22,6907722042
7445,772562583,45596,772608179,0,4,0,1024,37,4532492136
7446,772611334,7230,772618564,0,3,1,7680,41,9019919252
7447,772679850,3898,772683748,0,2,1,4096,33,693180803
7448,772707867,3898,772711765,0,3,1,4096,41,9512179307
7449,772739093,2946,772742039,0,3,1,3072,41,2558994996
7450,772790786,3898,772794684,0,2,1,4096,33,9660328392
7451,772804690,54056,772858746,0,3,0,3584,41,1362415397
7452,772855723,3422,772859145,0,7,1,3584,17,9910485533
7453,772980365,85004,773065369,0,1,0,19456,22,3363507313
7454,773049037,62516,773111553,0,5,0,6144,37,697432206
7455,773095379,2470,773097849,0,2,1,2560,33,10250429327
7456,773110565,6278,773116843,0,1,1,6656,22,10436465370
7457,773112050,97028,773209078,0,5,0,28672,37,3548397765
7458,773123072,107432,773230504,0,4,0,52736,37,366262973
7459,773129378,106808,773236186,0,9,0,50688,38,5973160940
7460,773222936,1042,773223978,0,7,1,1024,17,4473053700
7461,773233708,126906,773360614,0,9,0,108544,38,2162298790
7462,773274460,1518,773275978,0,9,1,1536,38,9224150180
7463,773392006,99164,773491170,0,5,0,25600,37,2372481038
7464,773398027,62516,773460543,0,9,0,6144,38,685983205
7465,773534615,47288,773581903,0,0,0,1536,9,5697157784
7466,773570810,7230,773578040,0,7,1,7680,17,4659273935
7467,773603399,566,773603965,0,0,1,512,9,1027927088
7468,773613720,110396,773724116,0,1,0,62464,22,8739172074
7469,773752620,106184,773858804,0,9,0,48640,38,4065895056
7470,773824803,4850,773829653,0,5,1,5120,37,10205477401
7471,773921119,127712,774048831,0,4,0,119296,37,40080991
7472,773928169,3645,773931814,0,3,1,10240,41,4064890010
7473,774100595,3898,774104493,0,4,1,4096,37,1997992627
7474,774154352,60380,774214732,0,4,0,9216,37,9058786162
7475,774325375,7230,774332605,0,4,1,7680,37,8933267950
7476,774346831,3128,774349959,0,0,1,9216,9,1166641697
7477,774369939,66524,774436463,0,5,0,9216,37,2953685563
7478,774397442,5326,774402768,0,1,1,5632,22,5995568027
7479,774397684,3898,774401582,0,5,1,4096,37,7583714944
7480,774425021,178146,774603167,0,1,0,30208,22,9409292407
7481,774462098,1518,774463616,0,3,1,1536,41,4810781486
7482,774552150,2946,774555096,0,3,1,3072,41,10177494736
7483,774571377,43904,774615281,0,3,0,512,41,7465739346
7484,774579287,103688,774682975,0,0,0,40448,9,10029120824
7485,774599973,13943,774613916,0,1,1,17408,22,1426134789
7486,774790051,98540,774888591,0,1,0,23552,22,4750889139
7487,774887197,4374,774891571,0,4,1,4608,37,4755290487
7488,774889928,4850,774894778,0,3,1,5120,41,9151439814
7489,774993577,2470,774996047,0,3,1,2560,41,7378255893
7490,775122569,94376,775216945,0,1,0,19968,22,34831959
7491,775142309,1518,775143827,0,7,1,1536,17,648267247
7492,775182307,4162,775186469,0,4,1,11264,37,1753531550
7493,775187295,4374,775191669,0,0,1,4608,9,3683288041
7494,775259820,1518,775261338,0,7,1,1536,17,7939431655
7495,775396148,3422,775399570,0,9,1,3584,38,7218760505
7496,775400441,67748,775468189,0,4,0,8192,37,6063633710
7497,775429480,3128,775432608,0,7,1,9216,17,3528199125
7498,775479035,110552,775589587,0,5,0,62976,37,5689845771
7499,775556659,60824,775617483,0,4,0,5632,37,1698655729
7500,775726103,2946,775729049,0,1,1,3072,22,2040280828
7501,775812715,1518,775814233,0,7,1,1536,17,8979683564
7502,775868027,7230,775875257,0,3,1,7680,41,263290420
7503,775870725,105716,775976441,0,0,0,47104,9,8583217403
7504,775910714,102908,776013622,0,5,0,37888,37,5425250775
7505,776086880,111644,776198524,0,1,0,66560,22,5965166847
7506,776093071,1042,776094113,0,0,1,1024,9,4905170549
7507,776096401,1994,776098395,0,1,1,2048,22,9478681585
7508,776104753,45596,776150349,0,4,0,1024,37,1541647038
7509,776107760,1994,776109754,0,5,1,2048,37,7303615460
7510,776125054,1994,776127048,0,9,1,2048,38,529678786
7511,776139037,100256,776239293,0,9,0,29184,38,1223118091
7512,776156800,566,776157366,0,2,1,512,33,5715548136
7513,776355223,1042,776356265,0,1,1,1024,22,943279071
7514,776395155,5802,776400957,0,7,1,6144,17,9264447070
7515,776553229,566,776553795,0,0,1,512,9,8478076116
7516,776587689,2470,776590159,0,3,1,2560,41,3342759337
7517,776640035,114452,776754487,0,9,0,75776,38,5355373315
7518,776728399,3422,776731821,0,5,1,3584,37,3787286835
7519,776837474,91616,776929090,0,5,0,20992,37,403580292
7520,776964477,4850,776969327,0,0,1,5120,9,3152286291
7521,777021379,566,777021945,0,2,1,512,33,5763743555
7522,777269365,129116,777398481,0,1,0,123904,22,3925714659
7523,777483596,109148,777592744,0,1,0,58368,22,3366244535
7524,777529260,5326,777534586,0,3,1,5632,41,2867962579
7525,777572263,1994,777574257,0,7,1,2048,17,2907312726
7526,777601692,99788,777701480,0,5,0,27648,37,8704875090
7527,777794268,114764,777909032,0,0,0,76800,9,793085360
7528,777826867,4850,777831717,0,9,1,5120,38,10720261930
7529,778080119,2946,778083065,0,3,1,3072,41,6023035925
7530,778101351,3898,778105249,0,7,1,4096,17,2631532935
7531,778246643,4374,778251017,0,5,1,4608,37,5627364067
7532,778501535,12566,778514101,0,1,1,20992,22,6903821616
7533,778553569,102440,778656009,0,5,0,36352,37,2313700265
7534,778677783,566,778678349,0,5,1,512,37,6551288456
7535,778762127,566,778762693,0,2,1,512,33,833023245
7536,778948036,4850,778952886,0,1,1,5120,22,3261973492
7537,779143261,108992,779252253,0,5,0,57856,37,2728440875
7538,779169677,2946,779172623,0,2,1,3072,33,4619587474
7539,779234576,3422,779237998,0,0,1,3584,9,4366422237
7540,779306387,89588,779395975,0,0,0,14336,9,3405278624
7541,779430031,7706,779437737,0,0,1,8192,9,7428345507
7542,779489063,5326,779494389,0,4,1,5632,37,931184027
7543,779524502,195804,779720306,0,4,0,27136,37,5266017803
7544,779632902,45596,779678498,0,1,0,1024,22,9318543471
7545,779662347,6754,779669101,0,7,1,7168,17,4998444008
7546,779674418,57440,779731858,0,5,0,4608,37,10430273388
7547,779700695,1994,779702689,0,2,1,2048,33,5445720473
7548,779726052,106184,779832236,0,0,0,48640,9,3702518369
7549,779822925,5326,779828251,0,1,1,5632,22,8039113287
7550,779855581,4850,779860431,0,7,1,5120,17,1266890498
7551,779882692,566,779883258,0,5,1,512,37,6474953422
7552,779918120,47288,779965408,0,1,0,1536,22,6827194319
7553,780266584,3128,780269712,0,1,1,9216,22,6385244394
7554,780308554,6754,780315308,0,5,1,7168,37,5863923493
7555,780460695,58532,780519227,0,4,0,8192,37,5467579509
7556,780493291,97916,780591207,0,5,0,21504,37,3485954197
7557,780538785,43904,780582689,0,5,0,512,37,6127676613
7558,780663379,566,780663945,0,2,1,512,33,8795165719
7559,780721982,106964,780828946,0,9,0,51200,38,5939416075
7560,781140038,2870,781142908,0,7,1,8704,17,1166464109
7561,781248020,57596,781305616,0,9,0,5120,38,1989745975
7562,781572352,2870,781575222,0,1,1,8704,22,611652580
7563,781622679,3645,781626324,0,4,1,10240,37,10572583345
7564,781776256,1518,781777774,0,9,1,1536,38,6721119243
7565,781786463,6754,781793217,0,3,1,7168,41,9112394519
7566,781818966,1518,781820484,0,4,1,1536,37,5120969440
7567,781893621,1518,781895139,0,3,1,1536,41,789884217
7568,781974980,3898,781978878,0,2,1,4096,33,2601081080
7569,782059112,12308,782071420,0,5,1,20480,37,2813756483
7570,782063265,3422,782066687,0,0,1,3584,9,8736939948
7571,782101021,7706,782108727,0,5,1,8192,37,8952840080
7572,782320637,84512,782405149,0,0,0,12800,9,607715586
7573,782607055,4374,782611429,0,5,1,4608,37,1833622202
7574,782734882,4374,782739256,0,1,1,4608,22,3395290831
7575,782775271,4850,782780121,0,9,1,5120,38,3493223674
7576,782944711,98228,783042939,0,4,0,22528,37,137700635
7577,782970318,6754,782977072,0,0,1,7168,9,8657686734
7578,783256702,114296,783370998,0,5,0,75264,37,3379241321
7579,783277143,5196,783282339,0,9,1,13312,38,7090523214
7580,783304534,566,783305100,0,0,1,512,9,423006660
7581,783332018,4850,783336868,0,7,1,5120,17,9706685306
7582,783528967,2470,783531437,0,2,1,2560,33,5846426570
7583,783632914,7230,783640144,0,0,1,7680,9,317147748
7584,783644266,138677,783782943,0,0,0,108032,9,9366772820
7585,783821295,1994,783823289,0,0,1,2048,9,4919999675
7586,783919115,4850,783923965,0,3,1,5120,41,8300966267
7587,784000251,78524,784078775,0,0,0,13312,9,2774185962
7588,784009784,81128,784090912,0,0,0,11776,9,3381476737
7589,784037030,3898,784040928,0,9,1,4096,38,8622558059
7590,784116311,7230,784123541,0,9,1,7680,38,7553765412
7591,784150049,98384,784248433,0,4,0,23040,37,5894240793
7592,784151865,1042,784152907,0,7,1,1024,17,4404131160
7593,784212175,3898,784216073,0,0,1,4096,9,5473920010
7594,784227800,70976,784298776,0,5,0,8704,37,6130683552
7595,784299697,5802,784305499,0,4,1,6144,37,3955815118
7596,784408496,103688,784512184,0,5,0,40448,37,554591053
7597,784492456,78704,784571160,0,5,0,18944,37,2466357195
7598,784617506,56216,784673722,0,9,0,5632,38,10258422227
7599,784625127,3422,784628549,0,5,1,3584,37,9525044841
7600,784628621,112193,784740814,0,9,0,64512,38,10113908361
7601,784721598,92032,784813630,0,9,0,9728,38,9500574570
7602,784769512,56372,784825884,0,9,0,6144,38,4502622714
7603,784800150,87608,784887758,0,1,0,17920,22,7937375732
7604,784865553,86228,784951781,0,0,0,18432,9,4851098579
7605,784866967,1994,784868961,0,4,1,2048,37,8702877706
7606,784942461,108368,785050829,0,4,0,55808,37,641018727
7607,785136193,119912,785256105,0,9,0,93696,38,8370676818
7608,785153528,2470,785155998,0,5,1,2560,37,10322648005
7609,785302768,55748,785358516,0,1,0,4096,22,10097600523
7610,785382253,2946,785385199,0,1,1,3072,22,7956011971
7611,785465420,566,785465986,0,5,1,512,37,2309481934
7612,785508461,76052,785584513,0,4,0,10240,37,10656925571
7613,785570350,1518,785571868,0,7,1,1536,17,3117020802
7614,785601094,1994,785603088,0,2,1,2048,33,9041419613
7615,785703884,69776,785773660,0,1,0,14848,22,8859888781
7616,785813137,3422,785816559,0,1,1,3584,22,6587080451
7617,785847971,112424,785960395,0,9,0,69120,38,3151126937
7618,785964275,123656,786087931,0,1,0,105984,22,9803503476
7619,786004518,2946,786007464,0,2,1,3072,33,9595832661
7620,786082231,1994,786084225,0,7,1,2048,17,1813272652
7621,786191494,4374,786195868,0,3,1,4608,41,6021571473
7622,786211587,3645,786215232,0,4,1,10240,37,5463765130
7623,786277876,113360,786391236,0,1,0,72192,22,1614192437
7624,786521244,13083,786534327,0,4,1,22016,37,5488384992
7625,786555718,4420,786560138,0,5,1,11776,37,3201842391
7626,786584070,566,786584636,0,0,1,512,9,3262698610
7627,786648238,6754,786654992,0,7,1,7168,17,3526349700
7628,786763993,4420,786768413,0,5,1,11776,37,5775023581
7629,786785349,108056,786893405,0,9,0,54784,38,4178694238
7630,786810051,1518,786811569,0,7,1,1536,17,2799161572
7631,786978144,1994,786980138,0,3,1,2048,41,4575034516
7632,786985192,2470,786987662,0,1,1,2560,22,2088865943
7633,787019077,10241,787029318,0,1,1,16384,22,1075054577
7634,787059621,1994,787061615,0,0,1,2048,9,8587221786
7635,787088862,1518,787090380,0,5,1,1536,37,6211955526
7636,787149390,2946,787152336,0,3,1,3072,41,63333252
7637,787173325,106496,787279821,0,9,0,49664,38,7075283086
7638,787283003,2870,787285873,0,2,1,8704,33,4682003055
7639,787330009,99476,787429485,0,0,0,26624,9,212254608
7640,787399472,96092,787495564,0,0,0,25600,9,2945264385
7641,787474506,2470,787476976,0,9,1,2560,38,2452388607
7642,787523734,2870,787526604,0,4,1,8704,37,4720999221
7643,787573963,1994,787575957,0,4,1,2048,37,1296700806
7644,787593854,7706,787601560,0,9,1,8192,38,10626361657
7645,787758475,2470,787760945,0,7,1,2560,17,8777869975
7646,787758829,5801,787764630,0,7,1,5632,17,5610142674
7647,787770986,94976,787865962,0,5,0,16896,37,8628716122
7648,787776780,1994,787778774,0,0,1,2048,9,7781060250
7649,787846889,13600,787860489,0,7,1,23040,17,2043993074
7650,787892075,68212,787960287,0,0,0,5120,9,1146983057
7651,788362824,1042,788363866,0,7,1,1024,17,7096853558
7652,788462191,130364,788592555,0,4,0,128000,37,2744053065
7653,788520296,74360,788594656,0,5,0,9728,37,2354875461
7654,788520417,1518,788521935,0,4,1,1536,37,7591753434
7655,788572854,81752,788654606,0,5,0,13824,37,8427481317
7656,788597381,92060,788689441,0,4,0,17408,37,6894787000
7657,788647796,43904,788691700,0,0,0,512,9,7480224437
7658,788660399,6754,788667153,0,4,1,7168,37,9396153372
7659,788742692,1042,788743734,0,4,1,1024,37,5771718613
7660,788748565,2946,788751511,0,3,1,3072,41,5590492903
7661,788764442,1042,788765484,0,1,1,1024,22,9286126106
7662,788929942,65456,788995398,0,5,0,10752,37,10025718931
7663,788942378,566,788942944,0,7,1,512,17,8105102891
7664,789007039,2470,789009509,0,0,1,2560,9,389065266
7665,789032331,3898,789036229,0,2,1,4096,33,1629233716
7666,789214929,3645,789218574,0,1,1,10240,22,2710210896
7667,789225961,102128,789328089,0,5,0,35328,37,4970959819
7668,789405935,87632,789493567,0,1,0,23040,22,9875140707
7669,789610372,1994,789612366,0,9,1,2048,38,8408832099
7670,789697353,1994,789699347,0,1,1,2048,22,1209689568
7671,789711744,100256,789812000,0,4,0,29184,37,2512362109
7672,789717666,68216,789785882,0,4,0,9728,37,4713203503
7673,789844959,5326,789850285,0,0,1,5632,9,644566817
7674,790164063,566,790164629,0,9,1,512,38,697245745
7675,790218910,105404,790324314,0,1,0,46080,22,3762039909
7676,790245266,70976,790316242,0,5,0,8704,37,7572183300
7677,790258731,3898,790262629,0,2,1,4096,33,10220697129
7678,790286845,2946,790289791,0,2,1,3072,33,8089139450
7679,790402642,103688,790506330,0,1,0,40448,22,1040368573
7680,790495836,72668,790568504,0,9,0,9216,38,8938529608
7681,790508639,105716,790614355,0,0,0,47104,9,9393960290
7682,790522886,101660,790624546,0,1,0,33792,22,7263263221
7683,790531592,3898,790535490,0,5,1,4096,37,656309099
7684,790560686,12995,790573681,0,7,1,25088,17,4496593800
7685,790616167,47288,790663455,0,0,0,1536,9,10027918923
7686,790638670,2470,790641140,0,0,1,2560,9,2821425924
7687,790763441,104312,790867753,0,1,0,42496,22,5674292850
7688,790787535,106964,790894499,0,5,0,51200,37,6687872218
7689,790814586,113237,790927823,0,5,0,2048,37,6080678845
7690,790944425,102284,791046709,0,5,0,35840,37,1303975947
7691,791081477,54056,791135533,0,4,0,3584,37,2671255506
7692,791194962,3904,791198866,0,9,1,10752,38,7473472167
7693,791313171,106652,791419823,0,1,0,50176,22,6722956419
7694,791376692,5326,791382018,0,5,1,5632,37,1640743101
7695,791419686,5196,791424882,0,9,1,13312,38,9646582900
7696,791743902,5802,791749704,0,9,1,6144,38,8637425461
7697,791758132,54056,791812188,0,4,0,3584,37,3537084009
7698,791771491,100100,791871591,0,4,0,28672,37,4868456744
7699,791870461,111488,791981949,0,5,0,66048,37,6032649276
7700,791951732,3387,791955119,0,9,1,9728,38,10666912003
7701,792148662,161756,792310418,0,1,0,140288,22,7010292798
7702,792174124,6754,792180878,0,4,1,7168,37,7969781173
7703,792184369,2470,792186839,0,1,1,2560,22,9742932237
7704,792193962,1042,792195004,0,0,1,1024,9,7251140173
7705,792394230,566,792394796,0,3,1,512,41,6101878151
7706,792402875,4850,792407725,0,0,1,5120,9,2095274383
7707,792735281,4850,792740131,0,0,1,5120,9,388613959
7708,793040092,72668,793112760,0,5,0,9216,37,3895472966
7709,793134122,6754,793140876,0,7,1,7168,17,7150321704
7710,793183730,43904,793227634,0,0,0,512,9,8634000526
7711,793692362,123188,793815550,0,9,0,104448,38,4837063046
7712,793721716,13512,793735228,0,3,1,26112,41,5361615099
7713,793781884,33681,793815565,0,9,1,10752,38,4318761282
7714,793985725,2470,793988195,0,7,1,2560,17,4146605776
7715,793996584,7230,794003814,0,5,1,7680,37,5231632738
7716,794012074,1518,794013592,0,0,1,1536,9,7206268674
7717,794080921,1042,794081963,0,0,1,1024,9,3063446968
7718,794177572,1518,794179090,0,2,1,1536,33,2929676528
7719,794321929,2470,794324399,0,7,1,2560,17,4367045135
7720,794416951,45596,794462547,0,5,0,1024,37,5540000622
7721,794525049,3904,794528953,0,2,1,10752,33,431110075
7722,794846425,2470,794848895,0,2,1,2560,33,1676797019
7723,795102441,104780,795207221,0,9,0,44032,38,3686799081
7724,795110350,60824,795171174,0,0,0,5632,9,2520476834
7725,795134332,3898,795138230,0,0,1,4096,9,5871784260
7726,795189230,86828,795276058,0,5,0,15360,37,10119413217
7727,795199955,3422,795203377,0,3,1,3584,41,10304944811
7728,795252360,100724,795353084,0,5,0,30720,37,1858970288
7729,795740158,130676,795870834,0,0,0,129024,9,3530563895
7730,795803907,1042,795804949,0,0,1,1024,9,3239449963
7731,795811112,57440,795868552,0,4,0,4608,37,8574650796
7732,795850200,566,795850766,0,3,1,512,41,10609187212
7733,795909203,43904,795953107,0,4,0,512,37,7100366174
7734,796027727,113516,796141243,0,5,0,72704,37,6304292684
7735,796144065,104312,796248377,0,4,0,42496,37,5358617583
7736,796306021,6754,796312775,0,9,1,7168,38,4748334598
7737,796411355,127244,796538599,0,9,0,117760,38,8920334734
7738,796507757,11016,796518773,0,7,1,17920,17,2767895780
7739,796563955,130364,796694319,0,0,0,128000,9,3257183024
7740,796597662,5326,796602988,0,9,1,5632,38,10282636268
7741,796681836,2946,796684782,0,3,1,3072,41,651617217
7742,796800536,2470,796803006,0,7,1,2560,17,9215055872
7743,796806775,6488,796813263,0,9,1,15872,38,4516235631
7744,796860315,7706,796868021,0,5,1,8192,37,10402067338
7745,796921281,1042,796922323,0,9,1,1024,38,10534490847
7746,796996377,1994,796998371,0,7,1,2048,17,3453746685
7747,797013101,2470,797015571,0,9,1,2560,38,3668170287
7748,797111595,2946,797114541,0,0,1,3072,9,3824136734
7749,797188851,1042,797189893,0,4,1,1024,37,8001432396
7750,797193819,12566,797206385,0,9,1,20992,38,6519114036
7751,797227747,1994,797229741,0,4,1,2048,37,10321221414
7752,797277743,1518,797279261,0,7,1,1536,17,7085876163
7753,797280425,566,797280991,0,7,1,512,17,1338542819
7754,797434577,84068,797518645,0,0,0,16384,9,2311538407
7755,797485997,5326,797491323,0,7,1,5632,17,1027201040
7756,797652005,66212,797718217,0,5,0,8192,37,3977795901
7757,797802724,64832,797867556,0,0,0,8704,9,7243605785
7758,797811192,2470,797813662,0,7,1,2560,17,3015125073
7759,797953559,91772,798045331,0,9,0,21504,38,10434066093
7760,797971182,14029,797985211,0,5,1,27136,37,3822308304
7761,798199690,566,798200256,0,7,1,512,17,1433371951
7762,798256782,1518,798258300,0,7,1,1536,17,6824651303
7763,798469861,60824,798530685,0,0,0,5632,9,5550027568
7764,798582868,104780,798687648,0,4,0,44032,37,143812199
7765,798654548,1994,798656542,0,0,1,2048,9,4885460240
7766,798668786,7706,798676492,0,7,1,8192,17,2470302010
7767,798709776,6278,798716054,0,7,1,6656,17,1211770391
7768,798737998,2946,798740944,0,5,1,3072,37,10466087755
7769,798853778,128960,798982738,0,4,0,123392,37,3487188589
7770,799027356,99632,799126988,0,0,0,27136,9,9418356211
7771,799202066,4850,799206916,0,4,1,5120,37,3124274192
7772,799245619,4937,799250556,0,3,1,12800,41,6799962828
7773,799245761,202086,799447847,0,4,0,121856,37,2906191790
7774,799435198,15111,799450309,0,4,1,2560,37,4349720836
7775,799539342,6278,799545620,0,0,1,6656,9,10429145816
7776,799881060,126152,800007212,0,9,0,114176,38,972876347
7777,800001691,113048,800114739,0,5,0,71168,37,8855056967
7778,800118869,123188,800242057,0,5,0,104448,37,3990271297
7779,800666366,4162,800670528,0,0,1,11264,9,913655264
7780,800714583,5802,800720385,0,2,1,6144,33,7754379224
7781,800760735,4679,800765414,0,7,1,12288,17,2663818846
7782,800908826,4420,800913246,0,3,1,11776,41,691246328
7783,800943339,5802,800949141,0,7,1,6144,17,8597841629
7784,800969253,96848,801066101,0,9,0,23040,38,5127836639
7785,801023334,6488,801029822,0,0,1,15872,9,7096589679
7786,801219940,72668,801292608,0,4,0,9216,37,8727744711
7787,801259126,1042,801260168,0,0,1,1024,9,6797605108
7788,801263252,566,801263818,0,3,1,512,41,2028711796
7789,801341688,3898,801345586,0,9,1,4096,38,1449676351
7790,801420625,1994,801422619,0,4,1,2048,37,6961626447
7791,801530729,179636,801710365,0,4,0,153600,37,2684647374
7792,801579108,2946,801582054,0,5,1,3072,37,5761425338
7793,801579196,7230,801586426,0,3,1,7680,41,1670488515
7794,801726059,1042,801727101,0,0,1,1024,9,5370362614
7795,801802527,4374,801806901,0,4,1,4608,37,4071171396
7796,801822804,106964,801929768,0,0,0,51200,9,6611527024
7797,802079997,4850,802084847,0,9,1,5120,38,8496060556
7798,802114975,3898,802118873,0,2,1,4096,33,8123297697
7799,802170337,4850,802175187,0,3,1,5120,41,7271035445
7800,802355132,5802,802360934,0,3,1,6144,41,5796959818
7801,802383381,3904,802387285,0,5,1,10752,37,2097128483
7802,802389122,141492,802530614,0,5,0,65536,37,5540240891
7803,802464514,10499,802475013,0,5,1,16896,37,9632214744
7804,802608187,84224,802692411,0,4,0,16896,37,5633718677
7805,802651393,7230,802658623,0,4,1,7680,37,7564970980
7806,802747434,3898,802751332,0,7,1,4096,17,5041163692
7807,803082953,86384,803169337,0,0,0,18944,9,5189839589
7808,803112570,111913,803224483,0,0,0,12288,9,8514660833
7809,803218172,5326,803223498,0,7,1,5632,17,1285569606
7810,803304371,88256,803392627,0,4,0,25088,37,4709763270
7811,803304527,3128,803307655,0,9,1,9216,38,5414970370
7812,803629717,94220,803723937,0,0,0,19456,9,1649338658
7813,803813237,62516,803875753,0,4,0,6144,37,10494237819
7814,803884579,4850,803889429,0,3,1,5120,41,3453720818
7815,803935319,97760,804033079,0,4,0,20992,37,2513050586
7816,803996961,566,803997527,0,9,1,512,38,3621223195
7817,804020402,5326,804025728,0,9,1,5632,38,10007445500
7818,804041651,65900,804107551,0,0,0,7168,9,2409979045
7819,804142048,10241,804152289,0,3,1,16384,41,8866276614
7820,804457637,4850,804462487,0,9,1,5120,38,5458696188
7821,804464862,2470,804467332,0,4,1,2560,37,521796072
7822,804585763,2470,804588233,0,0,1,2560,9,8781673362
7823,804695956,1042,804696998,0,9,1,1024,38,6412759464
7824,804781151,4850,804786001,0,3,1,5120,41,6651890073
7825,804947819,3422,804951241,0,7,1,3584,17,5466482131
7826,805230459,1994,805232453,0,3,1,2048,41,47401835
7827,805258296,195740,805454036,0,4,0,181248,37,7217257627
7828,805328676,5454,805334130,0,4,1,13824,37,9216348008
7829,805350065,1518,805351583,0,2,1,1536,33,801505188
7830,805352854,566,805353420,0,3,1,512,41,4240691186
7831,805360251,6278,805366529,0,0,1,6656,9,3152111094
7832,805482088,5326,805487414,0,3,1,5632,41,5715334808
7833,805494115,4850,805498965,0,9,1,5120,38,5962688360
7834,805601116,105248,805706364,0,9,0,45568,38,39714443
7835,805615693,103376,805719069,0,9,0,39424,38,6400536091
7836,805639161,1518,805640679,0,4,1,1536,37,1072458427
7837,805655598,12825,805668423,0,0,1,21504,9,5781116020
7838,805786036,90080,805876116,0,0,0,20992,9,361933810
7839,805884124,112424,805996548,0,0,0,69120,9,6244645620
7840,805956992,64036,806021028,0,0,0,1024,9,1741829700
7841,806267776,1042,806268818,0,2,1,1024,33,6703808636
7842,806341734,4850,806346584,0,0,1,5120,9,540194598
7843,806353322,131426,806484748,0,0,0,92672,9,1767025644
7844,806393912,6754,806400666,0,7,1,7168,17,3987452409
7845,806525731,3387,806529118,0,9,1,9728,38,2359918389
7846,806677511,73136,806750647,0,0,0,10752,9,3643475964
7847,806969587,3898,806973485,0,0,1,4096,9,533163502
7848,806999028,98696,807097724,0,0,0,24064,9,1561203382
7849,807254064,2470,807256534,0,0,1,2560,9,4235645141
7850,807374539,3898,807378437,0,0,1,4096,9,10570220695
7851,807482542,2946,807485488,0,0,1,3072,9,9733969778
7852,807686376,3387,807689763,0,7,1,9728,17,8415062933
7853,807832791,45752,807878543,0,4,0,1536,37,1057126014
7854,808054670,5326,808059996,0,4,1,5632,37,3369412707
7855,808162129,3387,808165516,0,0,1,9728,9,384073644
7856,808168731,5802,808174533,0,2,1,6144,33,5700306502
7857,808322644,566,808323210,0,7,1,512,17,3225807152
7858,808402220,1518,808403738,0,7,1,1536,17,8983145112
7859,808474646,67460,808542106,0,4,0,12288,37,7790926707
7860,808540622,1994,808542616,0,7,1,2048,17,4483827750
7861,808938656,109304,809047960,0,4,0,58880,37,10120858698
7862,808965640,2870,808968510,0,2,1,8704,33,4264375038
7863,809442508,45596,809488104,0,4,0,1024,37,6263471343
7864,809592548,5326,809597874,0,2,1,5632,33,8498747756
7865,809614342,50672,809665014,0,0,0,2560,9,2179388319
7866,809824476,112736,809937212,0,4,0,70144,37,5727134657
7867,809843563,2946,809846509,0,0,1,3072,9,6249096173
7868,809854150,3898,809858048,0,4,1,4096,37,6647951024
7869,810016080,3898,810019978,0,7,1,4096,17,5124637185
7870,810761831,1042,810762873,0,4,1,1024,37,4699597848
7871,810834700,566,810835266,0,3,1,512,41,8505383152
7872,810889492,6278,810895770,0,0,1,6656,9,6221280654
7873,810956827,1042,810957869,0,0,1,1024,9,7840684749
7874,811164959,5802,811170761,0,3,1,6144,41,4124757268
7875,811197822,100880,811298702,0,0,0,31232,9,8800823346
7876,811232188,101192,811333380,0,4,0,32256,37,2520909052
7877,811492808,4850,811497658,0,4,1,5120,37,8191088907
7878,811631824,4679,811636503,0,3,1,12288,41,8815929706
7879,811680821,4420,811685241,0,7,1,11776,17,1933651759
7880,811768260,1042,811769302,0,0,1,1024,9,1083787763
7881,811902094,5326,811907420,0,0,1,5632,9,6900024872
7882,812078719,7230,812085949,0,7,1,7680,17,6212108347
7883,812099151,99320,812198471,0,0,0,26112,9,6053605681
7884,812170742,1518,812172260,0,2,1,1536,33,7734536568
7885,812211397,3422,812214819,0,7,1,3584,17,4464833597
7886,812248800,2946,812251746,0,2,1,3072,33,2579583435
7887,812591859,1518,812593377,0,0,1,1536,9,4634766145
7888,812629562,100724,812730286,0,0,0,30720,9,8288939692
7889,812762967,103844,812866811,0,4,0,40960,37,7660204407
7890,812831492,12995,812844487,0,2,1,25088,33,7692537322
7891,812928716,77612,813006328,0,4,0,15360,37,9471486098
7892,813100852,102284,813203136,0,0,0,35840,9,4017403911
7893,813256388,3422,813259810,0,0,1,3584,9,7767902226
7894,813377666,2470,813380136,0,7,1,2560,17,2825422678
7895,813470506,4679,813475185,0,2,1,12288,33,7532305290
7896,813585716,7230,813592946,0,2,1,7680,33,8936901049
7897,813683499,1518,813685017,0,7,1,1536,17,3176607048
7898,813697594,2946,813700540,0,7,1,3072,17,1649451816
7899,813725719,79436,813805155,0,0,0,11264,9,5664543199
7900,813998529,65900,814064429,0,0,0,7168,9,1030142158
7901,814017248,1042,814018290,0,3,1,1024,41,5635854593
7902,814093274,14804,814108078,0,2,1,28672,33,9852859694
7903,814165305,62516,814227821,0,0,0,6144,9,9192523077
7904,814256943,4374,814261317,0,2,1,4608,33,888943717
7905,814515930,66056,814581986,0,4,0,7680,37,5757634749
7906,814592887,1042,814593929,0,0,1,1024,9,8701193633
7907,815301792,89168,815390960,0,4,0,23040,37,9205031753
7908,815409976,99788,815509764,0,0,0,27648,9,9048467817
7909,815424528,1042,815425570,0,2,1,1024,33,5080876092
7910,815474808,4850,815479658,0,2,1,5120,33,5875582063
7911,815649601,13083,815662684,0,0,1,22016,9,2890322767
7912,815989417,72068,816061485,0,0,0,12288,9,5323044535
7913,817073937,3898,817077835,0,4,1,4096,37,2855313524
7914,817092060,43904,817135964,0,4,0,512,37,9634223499
7915,817262415,11274,817273689,0,4,1,18432,37,2922920661
7916,817359153,63296,817422449,0,0,0,8704,9,5033936786
7917,817465964,5971,817471935,0,4,1,14848,37,8889458481
7918,817761925,2946,817764871,0,3,1,3072,41,8664102422
7919,817907760,126464,818034224,0,0,0,115200,9,8469409186
7920,818151691,106496,818258187,0,4,0,49664,37,3267931704
7921,818237725,43904,818281629,0,0,0,512,9,3344878386
7922,818419101,102908,818522009,0,0,0,37888,9,4827936215
7923,818615618,4850,818620468,0,2,1,5120,33,10240985861
7924,818813610,4850,818818460,0,4,1,5120,37,6696510898
7925,818960661,1042,818961703,0,7,1,1024,17,5793183793
7926,818995677,117572,819113249,0,0,0,86016,9,242483487
7927,819120042,3422,819123464,0,2,1,3584,33,4531761282
7928,819165287,1994,819167281,0,4,1,2048,37,6312554796
7929,819182629,105404,819288033,0,0,0,46080,9,5543090242
7930,819268576,4374,819272950,0,4,1,4608,37,9367941355
7931,819350623,102128,819452751,0,0,0,35328,9,2686359183
7932,819429082,1994,819431076,0,3,1,2048,41,263694717
7933,819883237,113516,819996753,0,0,0,72704,9,8856989324
7934,819916163,5326,819921489,0,3,1,5632,41,2463695269
7935,820239473,1042,820240515,0,3,1,1024,41,2725448126
7936,820265254,90992,820356246,0,4,0,18944,37,9222271776
7937,820486869,4937,820491806,0,7,1,12800,17,10090297607
7938,820598718,70976,820669694,0,4,0,8704,37,6195855552
7939,820811843,6278,820818121,0,7,1,6656,17,8499488798
7940,820963641,115076,821078717,0,4,0,77824,37,1950317233
7941,821109680,1994,821111674,0,3,1,2048,41,1836582084
7942,821645929,2470,821648399,0,4,1,2560,37,5204038721
7943,821799807,1042,821800849,0,7,1,1024,17,3765555978
7944,821835951,103532,821939483,0,0,0,39936,9,5118400510
7945,822136679,74828,822211507,0,4,0,11264,37,2762858188
7946,822685714,1518,822687232,0,0,1,1536,9,4606706085
7947,823001275,1518,823002793,0,0,1,1536,9,9295440063
7948,823020649,115232,823135881,0,0,0,78336,9,4820331562
7949,823456132,100880,823557012,0,4,0,31232,37,10199422657
7950,823718030,1994,823720024,0,7,1,2048,17,3274104176
7951,823728280,566,823728846,0,3,1,512,41,821705134
7952,823858755,11016,823869771,0,7,1,17920,17,9070780477
7953,824158382,13600,824171982,0,7,1,23040,17,8717173461
7954,824166192,566,824166758,0,2,1,512,33,7940837278
7955,824190294,99320,824289614,0,4,0,26112,37,4719027597
7956,824218867,2470,824221337,0,4,1,2560,37,737224266
7957,824227874,2470,824230344,0,3,1,2560,41,9211751104
7958,825324542,97916,825422458,0,0,0,21504,9,4393858555
7959,825396502,64232,825460734,0,0,0,11776,9,10572793007
7960,825548726,1518,825550244,0,4,1,1536,37,6349201202
7961,825673603,3387,825676990,0,4,1,9728,37,7647399872
7962,826116851,566,826117417,0,7,1,512,17,6623299767
7963,826147378,1994,826149372,0,7,1,2048,17,1070264412
7964,826153061,7230,826160291,0,7,1,7680,17,7531544259
7965,826299058,48980,826348038,0,4,0,2048,37,9990647207
7966,826312640,93752,826406392,0,0,0,17920,9,7677728255
7967,826526062,57440,826583502,0,4,0,4608,37,2120417138
7968,826530355,4850,826535205,0,0,1,5120,9,2998360017
7969,826535924,5326,826541250,0,7,1,5632,17,2526754849
7970,826555127,59132,826614259,0,4,0,5120,37,4900353092
7971,826663153,2470,826665623,0,3,1,2560,41,2758593154
7972,826761270,5802,826767072,0,7,1,6144,17,10154475850
7973,827032077,100724,827132801,0,0,0,30720,9,10025163955
7974,827045824,4850,827050674,0,7,1,5120,17,462482935
7975,827092687,4850,827097537,0,3,1,5120,41,1858431770
7976,827341796,2870,827344666,0,0,1,8704,9,9517220959
7977,827368174,278120,827646294,0,4,0,290304,37,1772875926
7978,827408586,64208,827472794,0,0,0,6656,9,5377745102
7979,827503212,2946,827506158,0,3,1,3072,41,8748191290
7980,827701037,1994,827703031,0,0,1,2048,9,4956091863
7981,827975621,1994,827977615,0,4,1,2048,37,1082951531
7982,827982865,2470,827985335,0,4,1,2560,37,4428289648
7983,828074486,2470,828076956,0,4,1,2560,37,7154735518
7984,828107888,52364,828160252,0,0,0,3072,9,1783817681
7985,828438428,83000,828521428,0,0,0,17920,9,10537437252
7986,828554008,89588,828643596,0,4,0,14336,37,10353163292
7987,828555608,108836,828664444,0,0,0,57344,9,7646508620
7988,828584110,1994,828586104,0,4,1,2048,37,9382610707
7989,828668656,4850,828673506,0,2,1,5120,33,1858987789
7990,828683212,7706,828690918,0,4,1,8192,37,9567988126
7991,828960401,3898,828964299,0,3,1,4096,41,277903930
7992,829199367,5971,829205338,0,3,1,14848,41,8628856812
7993,829224744,1994,829226738,0,4,1,2048,37,4574583758
7994,829309140,3387,829312527,0,3,1,9728,41,4699047346
7995,829317908,4374,829322282,0,7,1,4608,17,3613953051
7996,829360374,1042,829361416,0,3,1,1024,41,6110522413
7997,829396197,1042,829397239,0,7,1,1024,17,5794279988
7998,829490343,3898,829494241,0,0,1,4096,9,2107227841
7999,829628906,2470,829631376,0,4,1,2560,37,1031093601
8000,829654084,105872,829759956,0,4,0,47616,37,2602262303
8001,829725713,131934,829857647,0,4,0,93696,37,2657691127
8002,830297308,2946,830300254,0,4,1,3072,37,9651168516
8003,830586805,2470,830589275,0,3,1,2560,41,10296281452
8004,830756464,13341,830769805,0,2,1,22528,33,495459131
8005,830895943,3422,830899365,0,7,1,3584,17,5542682534
8006,831091222,45596,831136818,0,4,0,1024,37,895725989
8007,831190543,11791,831202334,0,3,1,19456,41,1357937770
8008,831569091,1994,831571085,0,4,1,2048,37,3914179555
8009,831667519,113360,831780879,0,4,0,72192,37,6813059631
8010,831799228,566,831799794,0,0,1,512,9,6907278146
8011,831907155,566,831907721,0,0,1,512,9,4787946896
8012,832091748,4850,832096598,0,0,1,5120,9,10099467682
8013,832109633,6754,832116387,0,4,1,7168,37,4533751374
8014,832167926,3422,832171348,0,3,1,3584,41,251286272
8015,832490809,4374,832495183,0,7,1,4608,17,5434705037
8016,832600827,108368,832709195,0,4,0,55808,37,2997826925
8017,832766370,118040,832884410,0,0,0,87552,9,167508171
8018,832849626,5802,832855428,0,4,1,6144,37,3964886956
8019,832856184,61072,832917256,0,4,0,512,37,7279748791
8020,832918647,81152,832999799,0,0,0,16896,9,8965435441
8021,833246220,3422,833249642,0,0,1,3584,9,6964952191
8022,833314347,3422,833317769,0,3,1,3584,41,5026240578
8023,833565969,2470,833568439,0,4,1,2560,37,5578840454
8024,833643934,128336,833772270,0,0,0,121344,9,2695882848
8025,833915124,50672,833965796,0,4,0,2560,37,7111415316
8026,834173527,106340,834279867,0,0,0,49152,9,6376977410
8027,834218089,3128,834221217,0,4,1,9216,37,386338346
8028,834247942,2870,834250812,0,7,1,8704,17,7689151086
8029,834269878,4679,834274557,0,7,1,12288,17,2202531518
8030,834291551,170879,834462430,0,4,0,72704,37,518313434
8031,834349792,113360,834463152,0,0,0,72192,9,4313535188
8032,834689136,108680,834797816,0,0,0,56832,9,7342744144
8033,834792791,2946,834795737,0,7,1,3072,17,9635722349
8034,834815298,3128,834818426,0,3,1,9216,41,6904005119
8035,834860528,1518,834862046,0,0,1,1536,9,8031674524
8036,835523091,3898,835526989,0,4,1,4096,37,5449213016
8037,835638645,3128,835641773,0,0,1,9216,9,4619057008
8038,835671330,3422,835674752,0,2,1,3584,33,1966735776
8039,835865050,50672,835915722,0,4,0,2560,37,2122704080
8040,835970923,3645,835974568,0,2,1,10240,33,10196580631
8041,836031921,98696,836130617,0,4,0,24064,37,1926741689
8042,836059115,2470,836061585,0,7,1,2560,17,5677785193
8043,836345135,5326,836350461,0,3,1,5632,41,8939714487
8044,836457146,3422,836460568,0,7,1,3584,17,145825488
8045,836614716,3387,836618103,0,4,1,9728,37,2265115573
8046,836708285,6754,836715039,0,3,1,7168,41,7247188355
8047,836957746,3128,836960874,0,2,1,9216,33,9015509234
8048,836986482,122252,837108734,0,4,0,101376,37,5416735955
8049,837015324,5326,837020650,0,7,1,5632,17,5781821710
8050,837027637,6278,837033915,0,3,1,6656,41,7452794193
8051,837158915,3422,837162337,0,3,1,3584,41,1394096619
8052,837368888,3904,837372792,0,2,1,10752,33,2524463378
8053,837452854,97316,837550170,0,0,0,24576,9,7069040062
8054,837479474,62516,837541990,0,4,0,6144,37,9278563946
8055,837490082,65294,837555376,0,4,0,3584,37,2313973258
8056,837492100,1042,837493142,0,0,1,1024,9,7960188153
8057,837836004,566,837836570,0,4,1,512,37,9457185300
8058,837871187,1518,837872705,0,3,1,1536,41,1824356036
8059,837982402,5971,837988373,0,0,1,14848,9,2250277410
8060,838031613,6278,838037891,0,2,1,6656,33,3867318456
8061,838144022,100256,838244278,0,0,0,29184,9,3634913300
8062,838253543,7230,838260773,0,3,1,7680,41,1135943777
8063,838379576,2470,838382046,0,4,1,2560,37,3095031431
8064,838679680,2946,838682626,0,7,1,3072,17,8186816664
8065,838703820,101816,838805636,0,0,0,34304,9,3072641374
8066,838908446,1518,838909964,0,0,1,1536,9,4974197402
8067,839009597,566,839010163,0,3,1,512,41,5211573669
8068,839171405,2946,839174351,0,4,1,3072,37,604499461
8069,839432905,74516,839507421,0,0,0,10240,9,741272607
8070,839488997,5802,839494799,0,3,1,6144,41,2879656615
8071,839928388,71312,839999700,0,4,0,14848,37,9582091439
8072,840080477,111956,840192433,0,4,0,67584,37,3664579815
8073,840317879,3128,840321007,0,4,1,9216,37,9940588638
8074,840364098,566,840364664,0,7,1,512,17,5368572653
8075,840458388,1042,840459430,0,2,1,1024,33,2866069256
8076,840678093,6754,840684847,0,2,1,7168,33,727530451
8077,840682054,566,840682620,0,3,1,512,41,8481686877
8078,840746310,1994,840748304,0,0,1,2048,9,8587866367
8079,840920663,3422,840924085,0,7,1,3584,17,8787340981
8080,841198140,10499,841208639,0,7,1,16896,17,1202954582
8081,841202543,3422,841205965,0,4,1,3584,37,3061804680
8082,841254247,566,841254813,0,2,1,512,33,4051518506
8083,841305219,566,841305785,0,4,1,512,37,8164037848
8084,841312706,74360,841387066,0,4,0,9728,37,5916385419
8085,841328192,3898,841332090,0,0,1,4096,9,1163537880
8086,841337985,1994,841339979,0,7,1,2048,17,5239809237
8087,841590665,3128,841593793,0,4,1,9216,37,831940956
8088,841706134,110552,841816686,0,4,0,62976,37,3922815883
8089,841752172,3898,841756070,0,7,1,4096,17,4562631199
8090,841903965,6229,841910194,0,4,1,15360,37,5430052353
8091,842323739,4374,842328113,0,4,1,4608,37,7248157228
8092,842371883,6754,842378637,0,0,1,7168,9,2068382600
8093,842416689,3387,842420076,0,3,1,9728,41,10700485389
8094,842437095,13770,842450865,0,0,1,26624,9,5724363259
8095,842589168,5802,842594970,0,2,1,6144,33,2357593543
8096,842769590,1994,842771584,0,4,1,2048,37,6537331446
8097,842913853,4374,842918227,0,3,1,4608,41,2233525233
8098,843105164,3898,843109062,0,7,1,4096,17,6988568302
8099,843256519,54056,843310575,0,0,0,3584,9,7329478633
8100,843311917,6754,843318671,0,7,1,7168,17,4226009823
8101,843465947,4374,843470321,0,4,1,4608,37,3183159190
8102,843540848,10757,843551605,0,2,1,17408,33,1739951848
8103,843714059,1518,843715577,0,0,1,1536,9,8030562982
8104,844075829,4374,844080203,0,3,1,4608,41,22561260
8105,844165876,3898,844169774,0,0,1,4096,9,5782897796
8106,844269789,3422,844273211,0,7,1,3584,17,3088055626
8107,844284148,4679,844288827,0,4,1,12288,37,8234802704
8108,844327711,81152,844408863,0,0,0,16896,9,9877543441
8109,844476185,2470,844478655,0,0,1,2560,9,4052019565
8110,844552776,79436,844632212,0,0,0,11264,9,2899014721
8111,844682644,97496,844780140,0,4,0,30208,37,3883149665
8112,844892829,12825,844905654,0,3,1,21504,41,4312923983
8113,845063421,3128,845066549,0,2,1,9216,33,3210026254
8114,845067732,4679,845072411,0,3,1,12288,41,7298553200
8115,845106554,108992,845215546,0,0,0,57856,9,4267713337
8116,845123159,7230,845130389,0,2,1,7680,33,7492770812
8117,845177366,103064,845280430,0,0,0,38400,9,7309964578
8118,845210226,120982,845331208,0,0,0,17408,9,7163638853
8119,845230550,110840,845341390,0,0,0,19456,9,3629483646
8120,845244791,2470,845247261,0,3,1,2560,41,1056012567
8121,845533384,101972,845635356,0,0,0,34816,9,6908293759
8122,845594894,566,845595460,0,4,1,512,37,1822469274
8123,845671207,2946,845674153,0,0,1,3072,9,6408812521
8124,845760695,1518,845762213,0,3,1,1536,41,3653295750
8125,845924821,95156,846019977,0,0,0,22528,9,4539015728
8126,845991819,6754,845998573,0,7,1,7168,17,1477162510
8127,845993900,54056,846047956,0,0,0,3584,9,5661853442
8128,846115320,50672,846165992,0,0,0,2560,9,3765156650
8129,846305296,6229,846311525,0,7,1,15360,17,7737844015
8130,846324748,1518,846326266,0,2,1,1536,33,3007548689
8131,846514841,1994,846516835,0,0,1,2048,9,7352307963
8132,846534247,1042,846535289,0,3,1,1024,41,5511448620
8133,846565761,4374,846570135,0,2,1,4608,33,10583690591
8134,846658896,4850,846663746,0,4,1,5120,37,2529322123
8135,846804328,104312,846908640,0,0,0,42496,9,628448905
8136,846975913,88100,847064013,0,0,0,24576,9,1409657543
8137,847088878,1994,847090872,0,3,1,2048,41,3403732634
8138,847164258,1994,847166252,0,7,1,2048,17,803709792
8139,847188088,103844,847291932,0,4,0,40960,37,1929374006
8140,847207775,566,847208341,0,0,1,512,9,3591228172
8141,847299703,2470,847302173,0,0,1,2560,9,8721261732
8142,847376057,57440,847433497,0,4,0,4608,37,158985578
8143,847525786,1042,847526828,0,7,1,1024,17,6268147129
8144,847878507,67592,847946099,0,0,0,7680,9,5029582222
8145,848089970,110084,848200054,0,0,0,61440,9,2927443064
8146,848186302,3422,848189724,0,2,1,3584,33,6525320834
8147,848263838,1994,848265832,0,3,1,2048,41,5131598954
8148,848507872,2946,848510818,0,2,1,3072,33,8561612139
8149,848600220,7230,848607450,0,4,1,7680,37,6446794551
8150,848778693,4420,848783113,0,4,1,11776,37,5716307526
8151,848806965,4162,848811127,0,3,1,11264,41,3806756031
8152,848914017,566,848914583,0,3,1,512,41,201130010
8153,849145411,4937,849150348,0,7,1,12800,17,948556229
8154,849229493,82088,849311581,0,4,0,19968,37,5514586893
8155,849237261,1994,849239255,0,3,1,2048,41,7353806345
8156,849469054,7706,849476760,0,4,1,8192,37,9390964461
8157,849504962,122045,849627007,0,4,0,27136,37,4788957468
8158,849591325,4374,849595699,0,3,1,4608,41,7676311318
8159,849623243,3422,849626665,0,3,1,3584,41,4082865834
8160,849645867,3422,849649289,0,3,1,3584,41,1983285045
8161,849659786,3422,849663208,0,0,1,3584,9,2617092732
8162,849886263,6278,849892541,0,7,1,6656,17,2653445022
8163,849981365,13253,849994618,0,2,1,25600,33,5536048239
8164,850077170,3422,850080592,0,2,1,3584,33,8081862451
8165,850238899,2946,850241845,0,2,1,3072,33,2621092166
8166,850245356,1518,850246874,0,7,1,1536,17,9845269937
8167,850432687,5802,850438489,0,2,1,6144,33,10011843844
8168,850651033,107120,850758153,0,4,0,51712,37,5991411771
8169,850851212,104624,850955836,0,0,0,43520,9,10314927239
8170,851185058,63764,851248822,0,4,0,10240,37,9403714516
8171,851256197,2470,851258667,0,0,1,2560,9,7768529819
8172,851695154,5802,851700956,0,3,1,6144,41,6645877299
8173,851819141,4420,851823561,0,2,1,11776,33,4684887740
8174,851894878,3422,851898300,0,4,1,3584,37,6614270143
8175,852043065,566,852043631,0,4,1,512,37,7382921240
8176,852164746,1042,852165788,0,7,1,1024,17,7951823240
8177,852687552,4420,852691972,0,7,1,11776,17,5913358634
8178,852726673,77144,852803817,0,4,0,13824,37,5419137034
8179,853156819,566,853157385,0,3,1,512,41,5998041494
8180,853420262,4850,853425112,0,4,1,5120,37,2455404886
8181,853689058,97136,853786194,0,0,0,18944,9,2564243676
8182,853742944,5326,853748270,0,3,1,5632,41,6133598371
8183,853754199,566,853754765,0,7,1,512,17,8178639910
8184,854087704,48980,854136684,0,0,0,2048,9,10606223854
8185,854186134,3904,854190038,0,2,1,10752,33,7608676590
8186,854191622,107588,854299210,0,4,0,53248,37,9815139717
8187,854351496,65900,854417396,0,4,0,7168,37,7016719198
8188,854435342,1518,854436860,0,2,1,1536,33,5912863614
8189,854496194,4850,854501044,0,4,1,5120,37,8621661027
8190,854522714,189812,854712526,0,0,0,161792,9,577982693
8191,854525960,4850,854530810,0,0,1,5120,9,8312237597
8192,854633453,2870,854636323,0,2,1,8704,33,8769697319
8193,854816696,5802,854822498,0,2,1,6144,33,1415922208
8194,855007746,4679,855012425,0,4,1,12288,37,7704303207
8195,855171111,566,855171677,0,0,1,512,9,9785965899
8196,855471041,12825,855483866,0,3,1,21504,41,4858253149
8197,855529480,2470,855531950,0,2,1,2560,33,6427398841
8198,855635675,3898,855639573,0,7,1,4096,17,4523320764
8199,856057352,104312,856161664,0,0,0,42496,9,8618798824
8200,856107333,3904,856111237,0,2,1,10752,33,10148023936
8201,856126493,4374,856130867,0,3,1,4608,41,5313893423
8202,856443668,7230,856450898,0,7,1,7680,17,7597935546
8203,856563398,11533,856574931,0,3,1,18944,41,6798466175
8204,856566450,77744,856644194,0,0,0,10752,9,2819417060
8205,856740266,4850,856745116,0,7,1,5120,17,8128105375
8206,857253476,4679,857258155,0,7,1,12288,17,9697928750
8207,857507201,1518,857508719,0,4,1,1536,37,2173096159
8208,857570403,3422,857573825,0,2,1,3584,33,3391132271
8209,857750743,4420,857755163,0,2,1,11776,33,803574777
8210,857886700,1042,857887742,0,0,1,1024,9,1416811355
8211,858087299,4420,858091719,0,0,1,11776,9,2458592670
8212,858132373,566,858132939,0,4,1,512,37,5858818840
8213,858232352,3128,858235480,0,4,1,9216,37,10419568169
8214,858428790,105248,858534038,0,0,0,45568,9,4343998471
8215,858752806,1994,858754800,0,0,1,2048,9,5801567561
8216,858769759,1042,858770801,0,0,1,1024,9,14189585
8217,858826545,105092,858931637,0,4,0,45056,37,9509785920
8218,858849533,121250,858970783,0,0,0,11264,9,2020266393
8219,858928731,43904,858972635,0,0,0,512,9,8928212296
8220,859053415,4374,859057789,0,2,1,4608,33,2719015295
8221,859157546,566,859158112,0,7,1,512,17,9017696834
8222,859160341,4374,859164715,0,3,1,4608,41,8746573957
8223,859190287,1994,859192281,0,2,1,2048,33,1043499313
8224,859283998,43904,859327902,0,0,0,512,9,3088877520
8225,859421228,2870,859424098,0,4,1,8704,37,1379649390
8226,859428264,4374,859432638,0,3,1,4608,41,3228005780
8227,859718634,5712,859724346,0,3,1,14336,41,10541076097
8228,859812220,566,859812786,0,2,1,512,33,10279733555
8229,860064740,3898,860068638,0,4,1,4096,37,3335940633
8230,860071054,5326,860076380,0,0,1,5632,9,4957671107
8231,860107790,2946,860110736,0,0,1,3072,9,3448090541
8232,860183808,11274,860195082,0,2,1,18432,33,2059815932
8233,860190078,4374,860194452,0,3,1,4608,41,7134545455
8234,860287330,12566,860299896,0,3,1,20992,41,577116791
8235,860398678,1518,860400196,0,2,1,1536,33,477438176
8236,860575149,43904,860619053,0,0,0,512,9,2504031525
8237,860598052,2946,860600998,0,4,1,3072,37,4712148293
8238,860623587,43904,860667491,0,0,0,512,9,208126729
8239,860942139,2470,860944609,0,0,1,2560,9,10660198241
8240,860990935,4850,860995785,0,3,1,5120,41,9837030047
8241,861109050,54056,861163106,0,0,0,3584,9,1301255409
8242,861287281,3898,861291179,0,3,1,4096,41,8760888074
8243,861455097,43904,861499001,0,0,0,512,9,8898427668
8244,861573021,6278,861579299,0,4,1,6656,37,7853092183
8245,861718927,566,861719493,0,2,1,512,33,1876736756
8246,861742138,566,861742704,0,3,1,512,41,6387636243
8247,862061604,97292,862158896,0,4,0,19456,37,2447022137
8248,862093366,49136,862142502,0,0,0,2560,9,5421789850
8249,862215576,45908,862261484,0,0,0,2048,9,7701460155
8250,862409220,566,862409786,0,3,1,512,41,175108178
8251,862470318,566,862470884,0,3,1,512,41,9871285044
8252,862481516,45596,862527112,0,0,0,1024,9,4266593416
8253,862484940,68938,862553878,0,0,0,2048,9,3952496512
8254,862785136,1518,862786654,0,0,1,1536,9,9517435881
8255,862840881,108524,862949405,0,4,0,56320,37,2941516783
8256,863085453,5802,863091255,0,3,1,6144,41,799352139
8257,863139898,10241,863150139,0,4,1,16384,37,9835159323
8258,863283611,3645,863287256,0,2,1,10240,33,5010100229
8259,863606683,101816,863708499,0,4,0,34304,37,3240178397
8260,863806267,114920,863921187,0,4,0,77312,37,6423625133
8261,863977928,3898,863981826,0,2,1,4096,33,3447931812
8262,864017633,6754,864024387,0,3,1,7168,41,675796166
8263,864137489,2946,864140435,0,4,1,3072,37,5556678409
8264,864196846,1042,864197888,0,4,1,1024,37,5787087302
8265,864283893,43904,864327797,0,0,0,512,9,7578264386
8266,864309095,55748,864364843,0,4,0,4096,37,1570420408
8267,864436060,3904,864439964,0,0,1,10752,9,3683626154
8268,864566905,2470,864569375,0,2,1,2560,33,4688360425
8269,864613767,4374,864618141,0,0,1,4608,9,9552278434
8270,864619528,3422,864622950,0,7,1,3584,17,3022331103
8271,864681058,5802,864686860,0,7,1,6144,17,9276526630
8272,864709530,4374,864713904,0,4,1,4608,37,7352316595
8273,864737168,2470,864739638,0,7,1,2560,17,10577387118
8274,864769975,45596,864815571,0,0,0,1024,9,5473486722
8275,864916244,1042,864917286,0,2,1,1024,33,3722764692
8276,864919872,109148,865029020,0,4,0,58368,37,5850748754
8277,865442979,2470,865445449,0,0,1,2560,9,8812052901
8278,865602767,4850,865607617,0,7,1,5120,17,3440833514
8279,865669986,1994,865671980,0,3,1,2048,41,9611933872
8280,865738902,2946,865741848,0,4,1,3072,37,94595817
8281,865875123,43904,865919027,0,0,0,512,9,6007177049
8282,865970462,4937,865975399,0,2,1,12800,33,7705414429
8283,866039928,98852,866138780,0,4,0,24576,37,6746090391
8284,866045846,3904,866049750,0,2,1,10752,33,2872701874
8285,866071422,10499,866081921,0,2,1,16896,33,9309105749
8286,866173249,7706,866180955,0,3,1,8192,41,6659527224
8287,866330864,3904,866334768,0,3,1,10752,41,7716564189
8288,866332007,3747,866335754,0,3,1,1536,41,6124254229
8289,866336588,48980,866385568,0,0,0,2048,9,389480242
8290,866416965,2470,866419435,0,7,1,2560,17,5807338949
8291,866425198,3645,866428843,0,3,1,10240,41,453981775
8292,866441537,43904,866485441,0,0,0,512,9,5824458672
8293,866511794,43904,866555698,0,0,0,512,9,1490747358
8294,866600488,48980,866649468,0,0,0,2048,9,4703178002
8295,866823324,566,866823890,0,7,1,512,17,4393982052
8296,867007923,4374,867012297,0,3,1,4608,41,5682725524
8297,867017575,1042,867018617,0,7,1,1024,17,4079384254
8298,867104962,43904,867148866,0,0,0,512,9,47173776
8299,867175916,2470,867178386,0,7,1,2560,17,5505143597
8300,867460514,2946,867463460,0,3,1,3072,41,747391345
8301,867487134,3898,867491032,0,3,1,4096,41,9887017370
8302,867704112,47288,867751400,0,0,0,1536,9,7919509925
8303,867956043,3645,867959688,0,2,1,10240,33,8620353576
8304,868035744,48980,868084724,0,0,0,2048,9,1149127977
8305,868236233,4850,868241083,0,0,1,5120,9,9613069497
8306,868497088,3422,868500510,0,0,1,3584,9,7151431075
8307,869065390,3898,869069288,0,2,1,4096,33,8767362110
8308,869263607,7230,869270837,0,0,1,7680,9,2337650344
8309,869499139,3387,869502526,0,2,1,9728,33,6425356299
8310,869502111,3898,869506009,0,3,1,4096,41,2608895507
8311,869580475,2946,869583421,0,0,1,3072,9,5815884681
8312,869814357,6229,869820586,0,7,1,15360,17,9751877207
8313,870010711,1518,870012229,0,2,1,1536,33,9729256079
8314,870202120,2870,870204990,0,3,1,8704,41,6079087621
8315,870470105,2946,870473051,0,3,1,3072,41,9831642979
8316,870732824,5802,870738626,0,2,1,6144,33,6871753650
8317,870814459,1994,870816453,0,7,1,2048,17,1321441647
8318,870861119,1518,870862637,0,2,1,1536,33,8494986623
8319,870913056,43904,870956960,0,0,0,512,9,3024732709
8320,871054422,6488,871060910,0,2,1,15872,33,4751728866
8321,871291289,1994,871293283,0,3,1,2048,41,10516560207
8322,871474633,3898,871478531,0,3,1,4096,41,9125411346
8323,871685082,566,871685648,0,2,1,512,33,4331296077
8324,872037910,4850,872042760,0,7,1,5120,17,2812267647
8325,872242053,3898,872245951,0,7,1,4096,17,10055362629
8326,872256805,5326,872262131,0,2,1,5632,33,297404238
8327,872325668,13600,872339268,0,3,1,23040,41,9704869567
8328,872367960,2946,872370906,0,0,1,3072,9,240666973
8329,872369628,1994,872371622,0,7,1,2048,17,981022668
8330,872478329,2470,872480799,0,0,1,2560,9,1751564166
8331,872633492,5802,872639294,0,2,1,6144,33,8892008049
8332,873086092,47288,873133380,0,0,0,1536,9,7443446115
8333,873121939,4162,873126101,0,2,1,11264,33,1469993011
8334,873204427,4420,873208847,0,3,1,11776,41,3230235420
8335,873255712,6278,873261990,0,7,1,6656,17,9989674716
8336,873283461,566,873284027,0,3,1,512,41,2471740255
8337,873501297,45596,873546893,0,0,0,1024,9,10084492590
8338,873699656,49136,873748792,0,0,0,2560,9,5249518013
8339,873726628,1518,873728146,0,7,1,1536,17,3768246998
8340,873943688,4850,873948538,0,7,1,5120,17,3544999359
8341,874081139,566,874081705,0,0,1,512,9,5587036331
8342,874548354,5326,874553680,0,2,1,5632,33,10085031638
8343,874554503,5196,874559699,0,0,1,13312,9,6716162370
8344,875907295,5971,875913266,0,2,1,14848,33,5715445759
8345,876066430,6278,876072708,0,7,1,6656,17,1541251371
8346,876146254,566,876146820,0,2,1,512,33,5458362740
8347,876327183,3898,876331081,0,3,1,4096,41,3037287443
8348,876483051,7230,876490281,0,3,1,7680,41,1899899694
8349,876539181,5802,876544983,0,0,1,6144,9,6376933051
8350,876956988,2946,876959934,0,0,1,3072,9,3770343810
8351,877033306,6488,877039794,0,7,1,15872,17,3868465529
8352,877611546,47288,877658834,0,0,0,1536,9,5556480356
8353,877946800,1518,877948318,0,2,1,1536,33,1107897285
8354,878059021,2470,878061491,0,2,1,2560,33,3811168940
8355,878815338,4162,878819500,0,7,1,11264,17,2898268233
8356,879257656,1042,879258698,0,2,1,1024,33,969715690
8357,879579536,5971,879585507,0,2,1,14848,33,717483493
8358,879748278,2946,879751224,0,0,1,3072,9,9795448467
8359,879943416,1042,879944458,0,3,1,1024,41,714416706
8360,880277077,4679,880281756,0,0,1,12288,9,5260332771
8361,880522500,3904,880526404,0,2,1,10752,33,6321299316
8362,880892508,1994,880894502,0,3,1,2048,41,548778173
8363,881168783,2470,881171253,0,0,1,2560,9,159489419
8364,881515929,6488,881522417,0,2,1,15872,33,113924947
8365,881567339,2470,881569809,0,3,1,2560,41,6919786194
8366,881809519,2946,881812465,0,3,1,3072,41,6882637841
8367,882568978,566,882569544,0,7,1,512,17,2262130604
8368,882588836,1042,882589878,0,7,1,1024,17,1247286238
8369,882853834,566,882854400,0,7,1,512,17,8102845289
8370,883056605,5196,883061801,0,7,1,13312,17,2682397520
8371,883171074,1518,883172592,0,7,1,1536,17,4334494235
8372,883240532,6488,883247020,0,2,1,15872,33,1589806032
8373,883612350,4850,883617200,0,0,1,5120,9,6622273643
8374,883836390,1518,883837908,0,2,1,1536,33,115575052
8375,883857398,2470,883859868,0,7,1,2560,17,8087999685
8376,883896026,5712,883901738,0,7,1,14336,17,9060912740
8377,883949098,1518,883950616,0,0,1,1536,9,10572930813
8378,884445385,2470,884447855,0,7,1,2560,17,7024035596
8379,884702529,2946,884705475,0,7,1,3072,17,7969577845
8380,884961028,3422,884964450,0,0,1,3584,9,9676850622
8381,885177758,1518,885179276,0,7,1,1536,17,2396714953
8382,885614233,3128,885617361,0,0,1,9216,9,5674732691
8383,886138150,3422,886141572,0,2,1,3584,33,10374502552
8384,886575397,4374,886579771,0,3,1,4608,41,2431054522
8385,886752027,2870,886754897,0,3,1,8704,41,631188383
8386,886821258,1518,886822776,0,3,1,1536,41,8031787264
8387,886996561,44060,887040621,0,0,0,1024,9,5678647677
8388,887030075,566,887030641,0,7,1,512,17,689625493
8389,887581112,566,887581678,0,2,1,512,33,10126225539
8390,887655900,566,887656466,0,2,1,512,33,8928164070
8391,888097356,5454,888102810,0,2,1,13824,33,2362125837
8392,888478495,1518,888480013,0,7,1,1536,17,6015571144
8393,888648319,2946,888651265,0,7,1,3072,17,3054248490
8394,888712410,1994,888714404,0,2,1,2048,33,6520099856
8395,889003543,59756,889063299,0,2,0,7168,33,7210832723
8396,889181152,187940,889369092,0,2,0,155648,33,1432561904
8397,889392185,64654,889456839,0,2,1,109056,33,3289107946
8398,889425685,43904,889469589,0,0,0,512,9,609143002
8399,889549791,6229,889556020,0,0,1,15360,9,1677088572
8400,889665580,43904,889709484,0,0,0,512,9,2119927346
8401,889673947,1518,889675465,0,3,1,1536,41,264928854
8402,889714175,14545,889728720,0,3,1,28160,41,7328037681
8403,889933557,11533,889945090,0,2,1,18944,33,4009277213
8404,890150080,84068,890234148,0,2,0,16384,33,9261882612
8405,890155078,43904,890198982,0,0,0,512,9,4137475493
8406,890585859,2470,890588329,0,0,1,2560,9,5898769240
8407,890699331,1518,890700849,0,3,1,1536,41,4838610169
8408,890769354,96824,890866178,0,2,0,17920,33,9831364572
8409,891096127,3898,891100025,0,3,1,4096,41,1962285943
8410,891206781,102128,891308909,0,2,0,35328,33,5166308106
8411,891421671,100724,891522395,0,2,0,30720,33,3104708634
8412,891578530,566,891579096,0,3,1,512,41,4038443010
8413,891798670,94600,891893270,0,2,1,154112,33,5368323620
8414,891923319,4679,891927998,0,3,1,12288,41,9272677386
8415,891925720,117087,892042807,0,2,1,194560,33,2724151927
8416,892049365,47288,892096653,0,0,0,1536,9,940300443
8417,892144221,152531,892296752,0,2,0,58880,33,6412475885
8418,892273233,63620,892336853,0,2,1,107008,33,5985963133
8419,892335936,45596,892381532,0,0,0,1024,9,906379830
8420,892371192,45596,892416788,0,0,0,1024,9,180586004
8421,892514641,113516,892628157,0,7,0,72704,17,8822406885
8422,892604780,91592,892696372,0,2,0,15872,33,1385815486
8423,892624578,7216,892631794,0,7,1,10240,17,3044877025
8424,892642690,5326,892648016,0,3,1,5632,41,7396858447
8425,892950322,4420,892954742,0,2,1,11776,33,2242154180
8426,893063439,1518,893064957,0,7,1,1536,17,10676509675
8427,893209814,110552,893320366,0,7,0,62976,17,8129520352
8428,893278081,46791,893324872,0,7,0,1024,17,3420409126
8429,893361248,60824,893422072,0,2,0,5632,33,10259522477
8430,893518334,45596,893563930,0,0,0,1024,9,9081990953
8431,894012473,21141,894033614,0,2,1,34304,33,1223999987
8432,894048559,1518,894050077,0,3,1,1536,41,10284742303
8433,894084619,45596,894130215,0,7,0,1024,17,8854625783
8434,894599500,3898,894603398,0,0,1,4096,9,847216799
8435,894827539,88520,894916059,0,2,0,15872,33,4031957059
8436,894899176,1042,894900218,0,7,1,1024,17,61098604
8437,894949116,61604,895010720,0,2,0,8192,33,9149179089
8438,894968164,566,894968730,0,7,1,512,17,7551926312
8439,895129085,103688,895232773,0,2,0,40448,33,9147927528
8440,895330001,43904,895373905,0,0,0,512,9,7628211655
8441,895695879,2470,895698349,0,0,1,2560,9,774126345
8442,895782533,43904,895826437,0,0,0,512,9,2213724353
8443,896020758,45596,896066354,0,0,0,1024,9,4173953767
8444,896500544,2870,896503414,0,0,1,8704,9,6514602919
8445,896653532,126620,896780152,0,2,0,115712,33,10623869832
8446,896653546,43904,896697450,0,7,0,512,17,2423327400
8447,897248276,1042,897249318,0,0,1,1024,9,7909386973
8448,897285411,5712,897291123,0,0,1,14336,9,2163393491
8449,897389978,1042,897391020,0,0,1,1024,9,5638526505
8450,898038014,1518,898039532,0,0,1,1536,9,1690032808
8451,898104740,54787,898159527,0,2,1,93184,33,5755971207
8452,898154977,130428,898285405,0,2,0,37376,33,5212936611
8453,898255137,164342,898419479,0,2,0,122880,33,6027455722
8454,898907643,1994,898909637,0,3,1,2048,41,642260372
8455,899046823,43904,899090727,0,7,0,512,17,3233336138
8456,899166853,102128,899268981,0,2,0,35328,33,7852551498
8457,899296654,45596,899342250,0,0,0,1024,9,6639329029
8458,899691264,16354,899707618,0,2,1,31744,33,3393692534
8459,900070866,6754,900077620,0,0,1,7168,9,5947242890
8460,900202031,2470,900204501,0,7,1,2560,17,8915269316
8461,900555451,43904,900599355,0,7,0,512,17,9201967670
8462,900568811,43904,900612715,0,0,0,512,9,3899432762
8463,900626391,13600,900639991,0,7,1,23040,17,2852244753
8464,900668036,43904,900711940,0,7,0,512,17,1831139170
8465,900949368,566,900949934,0,3,1,512,41,4125121264
8466,900972343,14029,900986372,0,2,1,27136,33,120597375
8467,901054570,3904,901058474,0,0,1,10752,9,6023125217
8468,901181212,48980,901230192,0,7,0,2048,17,4596981869
8469,901208223,4374,901212597,0,0,1,4608,9,934484125
8470,901225255,43904,901269159,0,0,0,512,9,9294673527
8471,901245934,566,901246500,0,7,1,512,17,2776480226
8472,901458082,45596,901503678,0,0,0,1024,9,1152357993
8473,901632782,4937,901637719,0,7,1,12800,17,729710083
8474,901678949,2946,901681895,0,7,1,3072,17,1581077906
8475,901681398,1518,901682916,0,3,1,1536,41,1865183068
8476,901705882,43904,901749786,0,0,0,512,9,7877113467
8477,901795079,128804,901923883,0,2,0,122880,33,806465025
8478,901837668,1994,901839662,0,0,1,2048,9,10295532383
8479,901940797,47288,901988085,0,0,0,1536,9,10685568706
8480,901967182,89300,902056482,0,2,0,18432,33,3995876483
8481,902036254,3904,902040158,0,2,1,10752,33,9863977768
8482,902080947,1994,902082941,0,0,1,2048,9,9204117197
8483,902278766,4374,902283140,0,3,1,4608,41,9952974255
8484,902296249,1518,902297767,0,3,1,1536,41,5984084277
8485,902452259,5712,902457971,0,2,1,14336,33,7688467038
8486,902986487,5971,902992458,0,0,1,14848,9,9941860254
8487,902990937,84692,903075629,0,2,0,18432,33,10052652815
8488,903141577,45596,903187173,0,7,0,1024,17,200769928
8489,903473705,21658,903495363,0,2,1,35328,33,1557550743
8490,904210114,4374,904214488,0,3,1,4608,41,7365979865
8491,904246222,1042,904247264,0,7,1,1024,17,1770333507
8492,904362356,3898,904366254,0,3,1,4096,41,4439222438
8493,904389920,44060,904433980,0,2,0,1024,33,5683273085
8494,904404737,2946,904407683,0,3,1,3072,41,3234461181
8495,904440884,4374,904445258,0,0,1,4608,9,7902611611
8496,904564475,3422,904567897,0,2,1,3584,33,5999012341
8497,904603069,92972,904696041,0,2,0,15360,33,851941442
8498,904676733,1518,904678251,0,3,1,1536,41,1416490458
8499,904924681,43904,904968585,0,0,0,512,9,8185566018
8500,904952430,43904,904996334,0,0,0,512,9,2386487821
8501,904980375,3387,904983762,0,3,1,9728,41,1273499864
8502,905080093,4850,905084943,0,3,1,5120,41,7734384071
8503,905445300,3898,905449198,0,3,1,4096,41,889206323
8504,905684443,2946,905687389,0,3,1,3072,41,8609984134
8505,905748508,566,905749074,0,7,1,512,17,3493379534
8506,905852176,125060,905977236,0,2,0,110592,33,5462362684
8507,905896214,7706,905903920,0,7,1,8192,17,5284684786
8508,905924611,566,905925177,0,0,1,512,9,998123126
8509,905939622,47288,905986910,0,7,0,1536,17,2114519057
8510,906393420,34795,906428215,0,2,1,60928,33,10239168253
8511,906411518,43904,906455422,0,7,0,512,17,5467818476
8512,907105206,43904,907149110,0,0,0,512,9,1521882935
8513,907209615,11274,907220889,0,2,1,18432,33,3196190562
8514,907287079,1042,907288121,0,7,1,1024,17,5429116709
8515,907303560,3422,907306982,0,0,1,3584,9,4406599890
8516,907314100,1518,907315618,0,7,1,1536,17,9315758660
8517,907639934,43904,907683838,0,7,0,512,17,40039805
8518,907643542,3898,907647440,0,3,1,4096,41,2796624194
8519,908031408,2470,908033878,0,3,1,2560,41,6183992972
8520,908403168,54056,908457224,0,7,0,3584,17,1766233569
8521,908510628,3898,908514526,0,3,1,4096,41,6821480304
8522,908528178,45596,908573774,0,0,0,1024,9,6508580320
8523,908554113,566,908554679,0,7,1,512,17,10385788436
8524,908928088,566,908928654,0,3,1,512,41,1675306222
8525,909087970,43904,909131874,0,7,0,512,17,1394638716
8526,909113764,45596,909159360,0,7,0,1024,17,470604289
8527,909171736,45596,909217332,0,7,0,1024,17,2970530912
8528,909250088,2946,909253034,0,7,1,3072,17,5199757689
8529,909697489,2470,909699959,0,7,1,2560,17,3608139247
8530,909702854,48904,909751758,0,7,0,512,17,3794393413
8531,909850186,45596,909895782,0,0,0,1024,9,8348625525
8532,910154933,4374,910159307,0,7,1,4608,17,1168144393
8533,910285764,43904,910329668,0,7,0,512,17,1567163156
8534,910447533,44060,910491593,0,0,0,1024,9,7701692380
8535,910696343,54056,910750399,0,7,0,3584,17,664764260
8536,910993049,4850,910997899,0,7,1,5120,17,7724105394
8537,911065445,47444,911112889,0,0,0,2048,9,10520372474
8538,911264527,63708,911328235,0,2,1,103936,33,75242321
8539,911289221,49946,911339167,0,2,1,44032,33,5083569305
8540,911360633,176303,911536936,0,2,0,34816,33,8850680625
8541,911389866,43904,911433770,0,7,0,512,17,429262889
8542,911519796,1042,911520838,0,0,1,1024,9,2776834044
8543,911551620,2870,911554490,0,3,1,8704,41,6750297528
8544,911583958,1994,911585952,0,0,1,2048,9,7260737219
8545,911699617,12566,911712183,0,2,1,20992,33,7262162408
8546,911745792,43904,911789696,0,7,0,512,17,1782338152
8547,911853120,1994,911855114,0,0,1,2048,9,4888933274
8548,911877552,95648,911973200,0,2,0,29184,33,3300790179
8549,911988321,4374,911992695,0,7,1,4608,17,5077544871
8550,912705430,4679,912710109,0,2,1,12288,33,1803474685
8551,912879373,3898,912883271,0,3,1,4096,41,4424952323
8552,913092326,1518,913093844,0,3,1,1536,41,9905957789
8553,913175650,5802,913181452,0,3,1,6144,41,3593747016
8554,913270041,1518,913271559,0,7,1,1536,17,1842369523
8555,913340504,85316,913425820,0,2,0,20480,33,2237544719
8556,913563295,2946,913566241,0,7,1,3072,17,9426124621
8557,913858298,43904,913902202,0,0,0,512,9,4958348047
8558,913901743,43904,913945647,0,0,0,512,9,1348984511
8559,913904934,4850,913909784,0,7,1,5120,17,7826031455
8560,914347635,566,914348201,0,2,1,512,33,7738094592
8561,914356127,1518,914357645,0,2,1,1536,33,9545144896
8562,914407330,47288,914454618,0,0,0,1536,9,4600863831
8563,914611939,3645,914615584,0,3,1,10240,41,3557796529
8564,914933573,6754,914940327,0,0,1,7168,9,8593217872
8565,915134181,4850,915139031,0,7,1,5120,17,8344157346
8566,915153772,55748,915209520,0,2,0,4096,33,4250341547
8567,915243371,3898,915247269,0,0,1,4096,9,6117322896
8568,915465197,7230,915472427,0,7,1,7680,17,5221120429
8569,915774560,11791,915786351,0,3,1,19456,41,1657354373
8570,916134827,2470,916137297,0,3,1,2560,41,7380890599
8571,916153845,5802,916159647,0,2,1,6144,33,465086094
8572,916181666,566,916182232,0,0,1,512,9,10487812014
8573,916286615,43904,916330519,0,0,0,512,9,2959856775
8574,916433683,4679,916438362,0,7,1,12288,17,1215725642
8575,916471301,55748,916527049,0,7,0,4096,17,2683652101
8576,916658356,2470,916660826,0,3,1,2560,41,5004995576
8577,916658975,43904,916702879,0,7,0,512,17,8739145157
8578,916719749,47288,916767037,0,7,0,1536,17,3273360659
8579,916805915,43904,916849819,0,0,0,512,9,5288894793
8580,916845919,4162,916850081,0,2,1,11264,33,8289549606
8581,916885485,1518,916887003,0,7,1,1536,17,5331016637
8582,917033731,43904,917077635,0,0,0,512,9,3878787815
8583,917055264,3422,917058686,0,3,1,3584,41,5652299687
8584,917079846,2470,917082316,0,3,1,2560,41,8902661326
8585,917161947,15579,917177526,0,3,1,30208,41,10180797422
8586,917250846,1518,917252364,0,2,1,1536,33,6013147421
8587,917266839,11533,917278372,0,0,1,18944,9,2019707964
8588,917295301,47288,917342589,0,0,0,1536,9,6028643736
8589,917365728,566,917366294,0,2,1,512,33,9561118066
8590,917377055,43904,917420959,0,0,0,512,9,8854954486
8591,917406911,48980,917455891,0,0,0,2048,9,2332269859
8592,917677454,2870,917680324,0,2,1,8704,33,6912014965
8593,917776899,3422,917780321,0,3,1,3584,41,7869071941
8594,918008397,45596,918053993,0,7,0,1024,17,2332453713
8595,918278051,47288,918325339,0,0,0,1536,9,4899904397
8596,918489541,4374,918493915,0,7,1,4608,17,4098837950
8597,918991903,3422,918995325,0,0,1,3584,9,6387528023
8598,919166343,12737,919179080,0,7,1,24576,17,529278396
8599,919276285,2946,919279231,0,2,1,3072,33,1818863775
8600,919498699,43904,919542603,0,7,0,512,17,6392092773
8601,919536413,1994,919538407,0,0,1,2048,9,9191480293
8602,919552954,4162,919557116,0,3,1,11264,41,2548351528
8603,919721168,45596,919766764,0,0,0,1024,9,2835002672
8604,919802714,89588,919892302,0,2,0,14336,33,2685828609
8605,919826496,1518,919828014,0,3,1,1536,41,5748620811
8606,919854309,6488,919860797,0,3,1,15872,41,4705885844
8607,920111347,1994,920113341,0,7,1,2048,17,9824885920
8608,920218083,5802,920223885,0,2,1,6144,33,7365492339
8609,920247266,43904,920291170,0,7,0,512,17,9378050584
8610,920358342,45596,920403938,0,7,0,1024,17,8749808906
8611,920769172,43904,920813076,0,7,0,512,17,7015610061
8612,921237356,6488,921243844,0,0,1,15872,9,4253512903
8613,921400605,7230,921407835,0,2,1,7680,33,5851829939
8614,921518256,43904,921562160,0,7,0,512,17,5907852437
8615,921558091,43904,921601995,0,0,0,512,9,5302479191
8616,921617602,4850,921622452,0,0,1,5120,9,8934068036
8617,921629499,1518,921631017,0,0,1,1536,9,5094506626
8618,921780870,47444,921828314,0,0,0,2048,9,6822310298
8619,921910561,3422,921913983,0,3,1,3584,41,8363367513
8620,922101307,50672,922151979,0,0,0,2560,9,608525349
8621,922106209,13858,922120067,0,0,1,23552,9,2192492726
8622,922227629,45596,922273225,0,0,0,1024,9,6707741933
8623,922386000,1994,922387994,0,0,1,2048,9,8697627503
8624,922681638,43904,922725542,0,0,0,512,9,1791936504
8625,922746559,4374,922750933,0,2,1,4608,33,1715581158
8626,922789960,7230,922797190,0,2,1,7680,33,9274063049
8627,922862901,3898,922866799,0,7,1,4096,17,4149734558
8628,923068821,2946,923071767,0,7,1,3072,17,6969189360
8629,923215027,566,923215593,0,2,1,512,33,6957809969
8630,923371355,43904,923415259,0,0,0,512,9,5988331175
8631,923400355,5326,923405681,0,0,1,5632,9,638098973
8632,923768022,47288,923815310,0,0,0,1536,9,4660839280
8633,923793665,43904,923837569,0,7,0,512,17,8578506375
8634,923997979,43904,924041883,0,0,0,512,9,6094649190
8635,924462429,43904,924506333,0,0,0,512,9,2845167169
8636,924651257,6754,924658011,0,2,1,7168,33,5481761916
8637,924664721,3387,924668108,0,2,1,9728,33,9126886246
8638,924747931,59132,924807063,0,7,0,5120,17,9177186690
8639,925506658,7706,925514364,0,3,1,8192,41,3253394332
8640,925860311,49136,925909447,0,0,0,2560,9,5167258781
8641,925927011,43904,925970915,0,0,0,512,9,2075993797
8642,925948762,1518,925950280,0,7,1,1536,17,10593703699
8643,925979636,1042,925980678,0,7,1,1024,17,7649535356
8644,926232498,566,926233064,0,7,1,512,17,8104841861
8645,926302408,2470,926304878,0,3,1,2560,41,2213110905
8646,926581744,3422,926585166,0,7,1,3584,17,450347087
8647,926593835,5454,926599289,0,3,1,13824,41,10259183498
8648,927132652,50672,927183324,0,7,0,2560,17,3059780852
8649,927203797,4162,927207959,0,0,1,11264,9,9484056130
8650,927258561,1042,927259603,0,7,1,1024,17,8366653145
8651,927271032,2470,927273502,0,3,1,2560,41,2537548495
8652,927321509,3422,927324931,0,0,1,3584,9,9674846415
8653,927623559,4937,927628496,0,3,1,12800,41,4905624711
8654,927783324,191528,927974852,0,2,0,167424,33,1960650778
8655,928014845,1518,928016363,0,2,1,1536,33,1573512825
8656,928244518,106964,928351482,0,2,0,51200,33,7947004439
8657,928362931,45752,928408683,0,0,0,1536,9,1000607422
8658,928425817,43904,928469721,0,0,0,512,9,1272603571
8659,928652310,5326,928657636,0,2,1,5632,33,6409764739
8660,928803060,3422,928806482,0,0,1,3584,9,2995837581
8661,928815606,54056,928869662,0,3,0,3584,41,1940302391
8662,929017057,43904,929060961,0,7,0,512,17,6203856116
8663,929100178,55148,929155326,0,7,0,7168,17,6924075062
8664,929122482,43904,929166386,0,0,0,512,9,9666450255
8665,929644763,4850,929649613,0,2,1,5120,33,277286296
8666,930091189,3422,930094611,0,2,1,3584,33,1491167857
8667,930264608,7706,930272314,0,3,1,8192,41,6793528077
8668,930300458,100880,930401338,0,2,0,31232,33,5559343863
8669,930346752,100100,930446852,0,2,0,28672,33,2490677086
8670,930400691,13205,930413896,0,2,1,20992,33,5500820552
8671,930414622,91280,930505902,0,7,0,14848,17,846571587
8672,930561659,1994,930563653,0,2,1,2048,33,1211933932
8673,930997553,4937,931002490,0,7,1,12800,17,7863616480
8674,931029527,20366,931049893,0,0,1,32768,9,5440748984
8675,931264366,566,931264932,0,3,1,512,41,5057069766
8676,931337748,1042,931338790,0,7,1,1024,17,10385934111
8677,931511096,1518,931512614,0,7,1,1536,17,327073497
8678,931653989,124124,931778113,0,7,0,107520,17,2122037904
8679,931696283,566,931696849,0,7,1,512,17,5059301023
8680,931799650,26221,931825871,0,0,1,47616,9,8809524610
8681,931867772,79436,931947208,0,2,0,11264,33,7576370950
8682,932163327,5802,932169129,0,3,1,6144,41,593882272
8683,932297331,53144,932350475,0,7,0,5632,17,5982590809
8684,932310632,45596,932356228,0,0,0,1024,9,9250236867
8685,932333165,2470,932335635,0,7,1,2560,17,3477350150
8686,932396322,47288,932443610,0,7,0,1536,17,1432827759
8687,932430613,45596,932476209,0,0,0,1024,9,4417103036
8688,933004726,99476,933104202,0,2,0,26624,33,5153331473
8689,933053270,2946,933056216,0,2,1,3072,33,6494405515
8690,933247401,106808,933354209,0,7,0,50688,17,3407843489
8691,933281958,566,933282524,0,2,1,512,33,8809314391
8692,933657088,3422,933660510,0,7,1,3584,17,4676299278
8693,933737091,1994,933739085,0,7,1,2048,17,7562599359
8694,933885402,13600,933899002,0,7,1,23040,17,2026458231
8695,933946747,102752,934049499,0,7,0,37376,17,4383183066
8696,934350180,194804,934544984,0,7,0,178176,17,10573559798
8697,934367299,182380,934549679,0,7,0,15360,17,6819677260
8698,934496231,2470,934498701,0,2,1,2560,33,1044868144
8699,934519517,5971,934525488,0,0,1,14848,9,8652457232
8700,934738164,1042,934739206,0,2,1,1024,33,7255444431
8701,934897852,45596,934943448,0,2,0,1024,33,9575751747
8702,935163552,4679,935168231,0,3,1,12288,41,5349440603
8703,935278849,105092,935383941,0,7,0,45056,17,10413692208
8704,935635446,52364,935687810,0,0,0,3072,9,4941305576
8705,935764387,45596,935809983,0,0,0,1024,9,347733778
8706,935779602,1042,935780644,0,2,1,1024,33,7318653626
8707,936065976,3128,936069104,0,7,1,9216,17,3792078174
8708,936316820,1518,936318338,0,3,1,1536,41,7696375056
8709,936339888,12995,936352883,0,0,1,25088,9,2959716793
8710,936492477,101192,936593669,0,7,0,32256,17,8100665602
8711,936540581,43904,936584485,0,0,0,512,9,7857137966
8712,936544531,64208,936608739,0,2,0,6656,33,5607231326
8713,936721033,47288,936768321,0,0,0,1536,9,5128943826
8714,936946711,2470,936949181,0,3,1,2560,41,390031629
8715,937007368,2470,937009838,0,2,1,2560,33,8337062339
8716,937011960,45596,937057556,0,0,0,1024,9,6740731311
8717,937110833,3422,937114255,0,7,1,3584,17,1732052719
8718,937437888,566,937438454,0,2,1,512,33,2177590391
8719,937627176,50672,937677848,0,0,0,2560,9,10053806058
8720,937763297,3898,937767195,0,2,1,4096,33,1493643475
8721,937767048,64395,937831443,0,0,1,108544,9,1385355495
8722,937884460,118976,938003436,0,2,0,90624,33,9241711864
8723,937978368,111000,938089368,0,2,0,22528,33,4238872650
8724,938131877,3898,938135775,0,3,1,4096,41,6292004566
8725,938234633,13600,938248233,0,0,1,23040,9,8386931549
8726,938884248,47288,938931536,0,0,0,1536,9,4477764524
8727,939097072,4374,939101446,0,7,1,4608,17,4326372433
8728,939294261,4850,939299111,0,2,1,5120,33,858496438
8729,939363684,3387,939367071,0,0,1,9728,9,4995468554
8730,939385508,5196,939390704,0,2,1,13312,33,2912758649
8731,939648206,101348,939749554,0,7,0,32768,17,694381139
8732,939849745,2470,939852215,0,3,1,2560,41,2152561035
8733,940114911,108056,940222967,0,7,0,54784,17,1263362909
8734,940157347,3128,940160475,0,3,1,9216,41,9638416359
8735,940157477,239646,940397123,0,7,0,165376,17,7917480423
8736,940313201,4162,940317363,0,7,1,11264,17,10486266003
8737,940645987,45596,940691583,0,0,0,1024,9,8895447090
8738,941027431,43904,941071335,0,0,0,512,9,6943778464
8739,941092624,45596,941138220,0,2,0,1024,33,6860072452
8740,941212143,82976,941295119,0,2,0,12800,33,8737730171
8741,941414392,106496,941520888,0,2,0,49664,33,3726909591
8742,941701160,47288,941748448,0,0,0,1536,9,4540712008
8743,941827952,189656,942017608,0,7,0,161280,17,8364413660
8744,941834168,45596,941879764,0,0,0,1024,9,8648540335
8745,941885501,566,941886067,0,7,1,512,17,7675653638
8746,941932462,3898,941936360,0,3,1,4096,41,7710078551
8747,942040977,2470,942043447,0,7,1,2560,17,3518009081
8748,942217472,67148,942284620,0,2,0,11264,33,9996772691
8749,942250720,6754,942257474,0,2,1,7168,33,7958810815
8750,942576090,249152,942825242,0,2,0,270848,33,8261009022
8751,942728995,121472,942850467,0,7,0,98816,17,1925223426
8752,942734730,1042,942735772,0,3,1,1024,41,9636717048
8753,942825662,43904,942869566,0,0,0,512,9,5194917461
8754,942920902,33503,942954405,0,0,1,58368,9,5450140792
8755,943046247,43904,943090151,0,0,0,512,9,5664396061
8756,943639429,2946,943642375,0,7,1,3072,17,8722357144
8757,943651246,566,943651812,0,2,1,512,33,4590083374
8758,943702437,43904,943746341,0,0,0,512,9,1418956028
8759,944080510,6488,944086998,0,3,1,15872,41,9461371453
8760,944389154,99632,944488786,0,7,0,27136,17,10601413338
8761,944505695,2946,944508641,0,2,1,3072,33,3378512973
8762,944573480,119912,944693392,0,2,0,93696,33,6374151846
8763,944809633,55748,944865381,0,2,0,4096,33,6022379600
8764,944826279,60824,944887103,0,7,0,5632,17,3438508674
8765,944939453,142076,945081529,0,2,0,136192,33,1202651546
8766,945454345,43904,945498249,0,0,0,512,9,6540988204
8767,945593061,23983,945617044,0,0,1,39936,9,5234017157
8768,945808561,43628,945852189,0,0,1,74752,9,4727387879
8769,945896858,149750,946046608,0,0,0,512,9,1565064032
8770,946029094,566,946029660,0,7,1,512,17,10346317414
8771,946061893,2470,946064363,0,3,1,2560,41,8268890389
8772,946072720,16613,946089333,0,0,1,32256,9,6739719950
8773,946143072,157782,946300854,0,0,0,512,9,70594650
8774,946203871,45437,946249308,0,0,1,78336,9,2359923176
8775,946248311,3904,946252215,0,2,1,10752,33,4184556115
8776,946342876,127712,946470588,0,7,0,119296,17,8502478431
8777,946359532,2946,946362478,0,0,1,3072,9,5316524825
8778,946410734,6754,946417488,0,2,1,7168,33,4625018573
8779,946577630,113984,946691614,0,2,0,74240,33,734344025
8780,946630092,2470,946632562,0,3,1,2560,41,7354876930
8781,946694906,52364,946747270,0,0,0,3072,9,3369818051
8782,946781754,48980,946830734,0,0,0,2048,9,9742902328
8783,946789205,4374,946793579,0,3,1,4608,41,4750609301
8784,946895306,110396,947005702,0,2,0,62464,33,7402674024
8785,946926420,6754,946933174,0,0,1,7168,9,9626798146
8786,947262077,3904,947265981,0,0,1,10752,9,4301566092
8787,947277868,115856,947393724,0,2,0,80384,33,8643271769
8788,947297236,3645,947300881,0,0,1,10240,9,9580558640
8789,947454957,5326,947460283,0,2,1,5632,33,5296749578
8790,947468903,1042,947469945,0,0,1,1024,9,10255936485
8791,947562007,566,947562573,0,2,1,512,33,10431322299
8792,947653454,67592,947721046,0,2,0,7680,33,250057220
8793,947662968,4162,947667130,0,7,1,11264,17,2452834127
8794,947764995,1518,947766513,0,2,1,1536,33,9837957251
8795,947977679,1518,947979197,0,3,1,1536,41,1601538275
8796,948653604,50672,948704276,0,7,0,2560,17,2645573803
8797,948709627,43904,948753531,0,0,0,512,9,10269343682
8798,948777183,566,948777749,0,3,1,512,41,2692228581
8799,948800205,1042,948801247,0,2,1,1024,33,1776423251
8800,949027326,45596,949072922,0,0,0,1024,9,8991383853
8801,949114480,2946,949117426,0,2,1,3072,33,1742428811
8802,949168738,48980,949217718,0,0,0,2048,9,442874903
8803,949187042,43904,949230946,0,0,0,512,9,4353051768
8804,949256034,1042,949257076,0,7,1,1024,17,9590192246
8805,949445141,13858,949458999,0,7,1,23552,17,4746108099
8806,949809154,1518,949810672,0,7,1,1536,17,10598685595
8807,949876353,5454,949881807,0,0,1,13824,9,4809224486
8808,950056958,566,950057524,0,7,1,512,17,5160361759
8809,950208155,52364,950260519,0,2,0,3072,33,4735371191
8810,950377159,5326,950382485,0,2,1,5632,33,9733073146
8811,950428682,43904,950472586,0,0,0,512,9,2677025211
8812,950472193,7706,950479899,0,7,1,8192,17,4731397842
8813,950620215,11533,950631748,0,7,1,18944,17,1646877417
8814,950680281,50672,950730953,0,0,0,2560,9,3546506867
8815,950716803,1042,950717845,0,3,1,1024,41,7834741080
8816,951131593,1994,951133587,0,3,1,2048,41,2643360036
8817,951391673,7706,951399379,0,2,1,8192,33,9588971856
8818,951557368,72668,951630036,0,7,0,9216,17,4098690243
8819,952074392,100880,952175272,0,2,0,31232,33,7942587727
8820,952199784,1994,952201778,0,0,1,2048,9,2147753501
8821,952681374,11791,952693165,0,7,1,19456,17,6149070133
8822,952803046,1994,952805040,0,0,1,2048,9,3391257507
8823,952821861,126767,952948628,0,2,0,71680,33,8933603388
8824,952834792,1994,952836786,0,2,1,2048,33,790909725
8825,952846730,138414,952985144,0,2,0,30208,33,4979001196
8826,952867880,566,952868446,0,0,1,512,9,7319636788
8827,952941701,1994,952943695,0,7,1,2048,17,81452789
8828,953596678,43904,953640582,0,0,0,512,9,64237521
8829,953704236,105092,953809328,0,2,0,45056,33,9421479468
8830,953830965,45596,953876561,0,0,0,1024,9,7949924944
8831,953874868,566,953875434,0,0,1,512,9,2906313925
8832,954276596,66836,954343432,0,7,0,10240,17,1035472282
8833,954424093,108056,954532149,0,2,0,54784,33,9968700971
8834,954461609,2946,954464555,0,3,1,3072,41,3587470445
8835,954463389,3645,954467034,0,3,1,10240,41,334267600
8836,954636816,68084,954704900,0,2,0,14336,33,3120019793
8837,954657074,1042,954658116,0,0,1,1024,9,4309055605
8838,954739562,50672,954790234,0,2,0,2560,33,9004805770
8839,954821712,4850,954826562,0,2,1,5120,33,100992134
8840,955004268,1042,955005310,0,0,1,1024,9,125643193
8841,955059686,4850,955064536,0,2,1,5120,33,7792349993
8842,955075351,57440,955132791,0,2,0,4608,33,1976956942
8843,955264178,7706,955271884,0,7,1,8192,17,3938439819
8844,955588360,1994,955590354,0,2,1,2048,33,8769589321
8845,955619372,1518,955620890,0,2,1,1536,33,10683186508
8846,955847532,1042,955848574,0,3,1,1024,41,6702715590
8847,955884385,116324,956000709,0,7,0,81920,17,9280187207
8848,955938419,45596,955984015,0,2,0,1024,33,9639557582
8849,955988620,2946,955991566,0,0,1,3072,9,6808160373
8850,956028748,128960,956157708,0,2,0,123392,33,6340921754
8851,956724631,113204,956837835,0,2,0,71680,33,4235743379
8852,956840905,4850,956845755,0,2,1,5120,33,2434260485
8853,956894863,59132,956953995,0,2,0,5120,33,1591346020
8854,957015767,43904,957059671,0,7,0,512,17,1530587565
8855,957335699,43904,957379603,0,0,0,512,9,2360430167
8856,957392345,92084,957484429,0,7,0,22528,17,9760760332
8857,957695916,6754,957702670,0,0,1,7168,9,10277287593
8858,957799725,87608,957887333,0,2,0,17920,33,436066231
8859,957855470,2470,957857940,0,0,1,2560,9,8809688713
8860,957981058,3898,957984956,0,7,1,4096,17,917279195
8861,958205570,50672,958256242,0,0,0,2560,9,3361859352
8862,958341471,45596,958387067,0,0,0,1024,9,1310735596
8863,958351316,4850,958356166,0,7,1,5120,17,9266339403
8864,958574317,78212,958652529,0,2,0,12288,33,3628521066
8865,958999638,218672,959218310,0,7,0,256512,17,5253175013
8866,959267428,2470,959269898,0,2,1,2560,33,6172326523
8867,959340775,45596,959386371,0,0,0,1024,9,6427629138
8868,959399153,4850,959404003,0,2,1,5120,33,2999196928
8869,959437568,72788,959510356,0,2,0,12288,33,3799675662
8870,959570958,3422,959574380,0,0,1,3584,9,9091718731
8871,959642875,4374,959647249,0,3,1,4608,41,2938803912
8872,959975137,2946,959978083,0,2,1,3072,33,7745838908
8873,960055290,1518,960056808,0,3,1,1536,41,4044884726
8874,960088277,109772,960198049,0,0,0,60416,9,5817610604
8875,960105985,1994,960107979,0,2,1,2048,33,2286782263
8876,960256788,4679,960261467,0,3,1,12288,41,6672279989
8877,960526237,3898,960530135,0,2,1,4096,33,5414790888
8878,960526764,6754,960533518,0,0,1,7168,9,8348056138
8879,960753471,3128,960756599,0,7,1,9216,17,1023081341
8880,961017505,161912,961179417,0,2,0,140800,33,5350818924
8881,961093158,119756,961212914,0,7,0,93184,17,6346229780
8882,961202470,54340,961256810,0,7,0,512,17,6437951423
8883,961252598,3898,961256496,0,0,1,4096,9,10076070682
8884,961298405,2470,961300875,0,2,1,2560,33,8850158650
8885,961337341,191684,961529025,0,7,0,167936,17,9928420188
8886,961446880,2946,961449826,0,0,1,3072,9,1149846206
8887,961550861,101504,961652365,0,2,0,33280,33,9969568189
8888,961604815,55748,961660563,0,0,0,4096,9,7658618627
8889,961611093,127244,961738337,0,7,0,117760,17,1712113896
8890,961901149,3904,961905053,0,0,1,10752,9,1857329317
8891,961935507,95613,962031120,0,0,0,12800,9,7697320053
8892,962160846,1518,962162364,0,2,1,1536,33,5977280926
8893,962336529,5326,962341855,0,7,1,5632,17,341568408
8894,962423870,91280,962515150,0,0,0,14848,9,2340009825
8895,962503892,3422,962507314,0,0,1,3584,9,756590989
8896,962523343,2946,962526289,0,2,1,3072,33,7161780264
8897,962740222,88832,962829054,0,0,0,16896,9,960722586
8898,962872641,3898,962876539,0,7,1,4096,17,10589236379
8899,962943114,1994,962945108,0,0,1,2048,9,5188308376
8900,962959602,2470,962962072,0,2,1,2560,33,8804327002
8901,962959789,71000,963030789,0,7,0,13824,17,6106591661
8902,963006300,3898,963010198,0,0,1,4096,9,7123650773
8903,963106378,566,963106944,0,0,1,512,9,10444637161
8904,963118979,2470,963121449,0,0,1,2560,9,6315836554
8905,963447786,104312,963552098,0,2,0,42496,33,1898637028
8906,963563510,566,963564076,0,3,1,512,41,559767456
8907,963578160,112892,963691052,0,7,0,70656,17,6052977911
8908,963783385,5802,963789187,0,3,1,6144,41,1876514872
8909,963946914,50828,963997742,0,2,0,3072,33,5756840189
8910,964276334,50984,964327318,0,2,0,3584,33,1384907835
8911,964352651,101504,964454155,0,0,0,33280,9,7102057024
8912,964359601,5802,964365403,0,7,1,6144,17,8370214145
8913,964449919,6278,964456197,0,2,1,6656,33,8577203362
8914,964474694,6754,964481448,0,7,1,7168,17,734152937
8915,964564392,119756,964684148,0,2,0,93184,33,5162902408
8916,964886061,3898,964889959,0,7,1,4096,17,4887218781
8917,964979546,60824,965040370,0,0,0,5632,9,7196438832
8918,965549935,4420,965554355,0,0,1,11776,9,8768807517
8919,965562036,3422,965565458,0,0,1,3584,9,2793442478
8920,965606054,1994,965608048,0,2,1,2048,33,2608834827
8921,965640374,2946,965643320,0,0,1,3072,9,9352366241
8922,965682585,3898,965686483,0,2,1,4096,33,2933049529
8923,965721207,112892,965834099,0,7,0,70656,17,5625868242
8924,965778860,52364,965831224,0,0,0,3072,9,9537869310
8925,965989939,1042,965990981,0,2,1,1024,33,2021601570
8926,966027377,5326,966032703,0,2,1,5632,33,4127329589
8927,966058806,3898,966062704,0,7,1,4096,17,7368548174
8928,966222349,1994,966224343,0,2,1,2048,33,2108840847
8929,966438528,88052,966526580,0,2,0,14336,33,2171959940
8930,966503832,1994,966505826,0,7,1,2048,17,3395528896
8931,966515145,2470,966517615,0,7,1,2560,17,159573693
8932,966831330,83468,966914798,0,2,0,19456,33,931058417
8933,967090489,107432,967197921,0,0,0,52736,9,1858142135
8934,967221048,2946,967223994,0,7,1,3072,17,8444235738
8935,967245445,107588,967353033,0,0,0,53248,9,1850236075
8936,967295377,1042,967296419,0,7,1,1024,17,9917724092
8937,967604604,122564,967727168,0,0,0,102400,9,4488916605
8938,967610780,108056,967718836,0,2,0,54784,33,4651305546
8939,967711771,121261,967833032,0,0,0,47616,9,10414761985
8940,967781199,3645,967784844,0,2,1,10240,33,6132302338
8941,967882995,108992,967991987,0,7,0,57856,17,746636578
8942,967903465,6278,967909743,0,3,1,6656,41,294221865
8943,968007461,116324,968123785,0,7,0,81920,17,737214473
8944,968051453,97292,968148745,0,0,0,19456,9,8339833750
8945,968061187,103064,968164251,0,2,0,38400,33,5997417776
8946,968288147,1042,968289189,0,2,1,1024,33,744342461
8947,968544480,97604,968642084,0,7,0,20480,17,9889564792
8948,968572057,1042,968573099,0,0,1,1024,9,2636245898
8949,968831485,2870,968834355,0,2,1,8704,33,42625997
8950,968864892,2946,968867838,0,7,1,3072,17,3415214615
8951,968868569,180416,969048985,0,0,0,156160,9,1730828901
8952,968970404,100100,969070504,0,7,0,28672,17,2061925503
8953,969071282,1042,969072324,0,7,1,1024,17,10484351655
8954,969570960,2470,969573430,0,7,1,2560,17,5159884300
8955,969824031,45596,969869627,0,0,0,1024,9,4026832085
8956,969964276,112892,970077168,0,0,0,70656,9,6656051548
8957,970031442,1042,970032484,0,7,1,1024,17,10429515542
8958,970085449,114296,970199745,0,0,0,75264,9,7288629865
8959,970261279,14287,970275566,0,7,1,27648,17,4637313232
8960,970401837,64208,970466045,0,7,0,6656,17,9880764902
8961,970742828,107276,970850104,0,2,0,52224,33,10623365369
8962,971032857,1518,971034375,0,0,1,1536,9,6469925286
8963,971041961,11016,971052977,0,0,1,17920,9,4579538188
8964,971110278,13083,971123361,0,0,1,22016,9,10527995798
8965,971460096,2946,971463042,0,3,1,3072,41,841341986
8966,971588781,566,971589347,0,3,1,512,41,6845379129
8967,971678396,1518,971679914,0,7,1,1536,17,2342010121
8968,971935267,103688,972038955,0,7,0,40448,17,5318864452
8969,972028828,100880,972129708,0,2,0,31232,33,4619268151
8970,972184408,1042,972185450,0,7,1,1024,17,4076908185
8971,972432111,1518,972433629,0,7,1,1536,17,1859284648
8972,972689308,47600,972736908,0,2,0,2560,33,7235128730
8973,972699484,107900,972807384,0,2,0,54272,33,9695974340
8974,972817507,4679,972822186,0,0,1,12288,9,9472241317
8975,972825263,1994,972827257,0,3,1,2048,41,4310129496
8976,972914636,3904,972918540,0,3,1,10752,41,8553311075
8977,972998002,70976,973068978,0,2,0,8704,33,7309520647
8978,973041125,97831,973138956,0,0,0,20480,9,10306418842
8979,973069405,63296,973132701,0,0,0,8704,9,2289496282
8980,973201492,52364,973253856,0,2,0,3072,33,8122550664
8981,973209951,1518,973211469,0,7,1,1536,17,6948451719
8982,973336608,2946,973339554,0,3,1,3072,41,9831468932
8983,973515624,566,973516190,0,2,1,512,33,9671718739
8984,973548966,566,973549532,0,2,1,512,33,10460882150
8985,973627349,110552,973737901,0,7,0,62976,17,3727066779
8986,973634857,2870,973637727,0,0,1,8704,9,495077663
8987,973747831,109616,973857447,0,2,0,59904,33,7542157163
8988,974212372,4420,974216792,0,2,1,11776,33,2463263571
8989,974407775,1994,974409769,0,7,1,2048,17,7048503565
8990,974507757,118976,974626733,0,0,0,90624,9,10180673869
8991,974575161,11791,974586952,0,0,1,19456,9,10644184860
8992,974944588,106340,975050928,0,0,0,49152,9,4062227843
8993,975008062,1042,975009104,0,7,1,1024,17,4026439676
8994,975386170,5802,975391972,0,0,1,6144,9,10094128904
8995,975421331,5971,975427302,0,0,1,14848,9,4208535545
8996,975522614,110240,975632854,0,7,0,61952,17,3481060399
8997,975546634,11791,975558425,0,7,1,19456,17,7422789336
8998,975680456,3422,975683878,0,7,1,3584,17,5394293230
8999,975708936,3898,975712834,0,0,1,4096,9,6315601236
9000,975880571,92972,975973543,0,0,0,15360,9,2348929279
9001,975965309,48980,976014289,0,7,0,2048,17,2936006216
9002,976186112,3422,976189534,0,2,1,3584,33,8344258462
9003,976321553,1994,976323547,0,0,1,2048,9,1626212641
9004,976572323,1042,976573365,0,2,1,1024,33,1571046725
9005,976747098,3422,976750520,0,2,1,3584,33,5580896837
9006,977804866,1042,977805908,0,3,1,1024,41,8398806927
9007,977979996,69284,978049280,0,7,0,8192,17,6672116173
9008,978031637,1518,978033155,0,3,1,1536,41,2268366902
9009,978105551,566,978106117,0,3,1,512,41,5283906412
9010,978195263,3898,978199161,0,0,1,4096,9,5086115028
9011,978199549,90704,978290253,0,2,0,23040,33,7315034114
9012,978341761,5454,978347215,0,3,1,13824,41,5109641553
9013,978378511,1994,978380505,0,0,1,2048,9,5177518748
9014,978673784,7706,978681490,0,3,1,8192,41,7637773303
9015,978761819,85784,978847603,0,0,0,22016,9,2985250060
9016,978982583,91280,979073863,0,7,0,14848,17,8640772221
9017,979298940,566,979299506,0,3,1,512,41,4586272342
9018,979618768,80864,979699632,0,0,0,20992,9,504968108
9019,979628426,1994,979630420,0,0,1,2048,9,1626585855
9020,979719313,79436,979798749,0,0,0,11264,9,8735092581
9021,979818213,4374,979822587,0,0,1,4608,9,6964618981
9022,980238093,149912,980388005,0,0,0,136704,9,1827797577
9023,980377656,11383,980389039,0,0,1,1024,9,3521264134
9024,980452874,48980,980501854,0,7,0,2048,17,6691296576
9025,980470495,7706,980478201,0,3,1,8192,41,782478351
9026,980545827,103688,980649515,0,0,0,40448,9,2366707161
9027,980599667,4374,980604041,0,2,1,4608,33,9402034045
9028,981043309,78548,981121857,0,2,0,18432,33,8303980492
9029,981065451,95412,981160863,0,2,0,9216,33,7637879237
9030,981200253,69308,981269561,0,2,0,13312,33,8967360401
9031,981228080,76052,981304132,0,0,0,10240,9,5476157830
9032,981292335,2470,981294805,0,3,1,2560,41,10280135710
9033,981383190,1042,981384232,0,3,1,1024,41,10200913443
9034,981397459,66056,981463515,0,7,0,7680,17,1022433266
9035,981485961,150848,981636809,0,7,0,139776,17,9465857942
9036,981561935,85160,981647095,0,2,0,19968,33,9933435757
9037,981686301,6278,981692579,0,0,1,6656,9,146064694
9038,982012821,3128,982015949,0,0,1,9216,9,276191975
9039,982402838,4679,982407517,0,2,1,12288,33,4469889805
9040,982429375,4937,982434312,0,2,1,12800,33,6038296038
9041,982468091,1042,982469133,0,3,1,1024,41,2099110851
9042,982659485,7230,982666715,0,0,1,7680,9,2593572412
9043,982887422,3128,982890550,0,0,1,9216,9,8156889137
9044,982948428,7706,982956134,0,3,1,8192,41,9629901110
9045,983196660,14029,983210689,0,7,1,27136,17,3667061138
9046,983952211,112424,984064635,0,0,0,69120,9,1740848509
9047,983996970,4850,984001820,0,7,1,5120,17,8847596446
9048,984102823,2946,984105769,0,3,1,3072,41,722333588
9049,984409054,6754,984415808,0,7,1,7168,17,4630729713
9050,984420275,66836,984487111,0,7,0,10240,17,393434970
9051,984449293,123032,984572325,0,0,0,103936,9,4996366100
9052,984786126,105248,984891374,0,0,0,45568,9,2028928348
9053,984842251,4374,984846625,0,0,1,4608,9,5430317250
9054,985034409,16613,985051022,0,0,1,32256,9,1239600176
9055,985062865,4162,985067027,0,3,1,11264,41,3880670730
9056,985128660,67592,985196252,0,2,0,7680,33,8287782716
9057,985340177,6278,985346455,0,7,1,6656,17,2692225714
9058,985586556,111956,985698512,0,7,0,67584,17,196660452
9059,985611875,80084,985691959,0,0,0,18432,9,3906138704
9060,986056531,5196,986061727,0,2,1,13312,33,7073840786
9061,986189629,57440,986247069,0,7,0,4608,17,8414744292
9062,986205175,566,986205741,0,2,1,512,33,3851895346
9063,986264677,70976,986335653,0,7,0,8704,17,6044099427
9064,986577805,6278,986584083,0,7,1,6656,17,9106316289
9065,986729885,4850,986734735,0,7,1,5120,17,3192545583
9066,987118507,2470,987120977,0,7,1,2560,17,2863985059
9067,987254923,566,987255489,0,7,1,512,17,2671499507
9068,987620138,1042,987621180,0,7,1,1024,17,1508210982
9069,987666279,2946,987669225,0,2,1,3072,33,384040275
9070,987688549,7230,987695779,0,0,1,7680,9,10131776190
9071,987715338,123714,987839052,0,0,0,37888,9,5321224334
9072,987744526,64208,987808734,0,0,0,6656,9,1945124104
9073,987842466,1518,987843984,0,2,1,1536,33,5497386972
9074,987997702,4850,988002552,0,2,1,5120,33,3789601891
9075,988116778,87164,988203942,0,0,0,21504,9,503533511
9076,988255574,5326,988260900,0,7,1,5632,17,10579862547
9077,988289723,1994,988291717,0,0,1,2048,9,4900214631
9078,988413107,107588,988520695,0,0,0,53248,9,4140266034
9079,988457409,1518,988458927,0,3,1,1536,41,7387160874
9080,988684103,3645,988687748,0,3,1,10240,41,7980136777
9081,988804046,4374,988808420,0,3,1,4608,41,593457491
9082,989227064,1518,989228582,0,3,1,1536,41,5957210396
9083,989299683,3128,989302811,0,3,1,9216,41,7283331784
9084,989420991,60824,989481815,0,2,0,5632,33,4103370826
9085,989497308,3904,989501212,0,3,1,10752,41,6946476345
9086,989753126,59600,989812726,0,0,0,6656,9,3623044469
9087,989933426,111800,990045226,0,2,0,67072,33,4380850352
9088,989974360,11274,989985634,0,7,1,18432,17,5349792884
9089,990015807,106184,990121991,0,0,0,48640,9,4413821109
9090,990065399,1994,990067393,0,2,1,2048,33,5926444985
9091,990215375,1994,990217369,0,7,1,2048,17,3977027284
9092,990367693,2870,990370563,0,0,1,8704,9,2525864644
9093,990384316,223842,990608158,0,0,0,65536,9,8655193519
9094,990446349,4679,990451028,0,2,1,12288,33,2807291107
9095,990473908,84716,990558624,0,7,0,23552,17,6881457254
9096,990515709,124389,990640098,0,7,0,62976,17,788918624
9097,990525954,108368,990634322,0,2,0,55808,33,9923740940
9098,990691343,4374,990695717,0,2,1,4608,33,9951624523
9099,990772483,111176,990883659,0,2,0,65024,33,360509346
9100,991082222,104312,991186534,0,7,0,42496,17,2435666304
9101,991087137,201356,991288493,0,7,0,199680,17,6847794168
9102,991133817,65612,991199429,0,2,0,11264,33,5136124021
9103,991191145,566,991191711,0,2,1,512,33,1550038463
9104,991209467,5802,991215269,0,2,1,6144,33,6272429979
9105,991272795,72668,991345463,0,0,0,9216,9,6107531459
9106,991472304,102596,991574900,0,2,0,36864,33,1206969986
9107,991711870,85604,991797474,0,7,0,16384,17,2924860294
9108,991859621,1518,991861139,0,0,1,1536,9,5103112248
9109,992039003,4162,992043165,0,2,1,11264,33,2776039408
9110,992091470,5326,992096796,0,0,1,5632,9,4153259313
9111,992133011,43904,992176915,0,2,0,512,33,3210044230
9112,992377259,566,992377825,0,3,1,512,41,2626007342
9113,992437327,6278,992443605,0,3,1,6656,41,3136569131
9114,992481103,7230,992488333,0,7,1,7680,17,4950003237
9115,992846203,3422,992849625,0,7,1,3584,17,8787588479
9116,993139446,73472,993212918,0,7,0,16896,17,9051485771
9117,993256460,104468,993360928,0,2,0,43008,33,3498050804
9118,993352242,195584,993547826,0,7,0,180736,17,6530218381
9119,993459770,4374,993464144,0,2,1,4608,33,6752345467
9120,993515444,2946,993518390,0,2,1,3072,33,1997893873
9121,993527427,2470,993529897,0,3,1,2560,41,3105708907
9122,993564627,98228,993662855,0,2,0,22528,33,4552320638
9123,993717886,1042,993718928,0,0,1,1024,9,2092048801
9124,993852042,1994,993854036,0,7,1,2048,17,4226832931
9125,993986177,1518,993987695,0,0,1,1536,9,2239150782
9126,994163887,566,994164453,0,7,1,512,17,4575488863
9127,994554644,83624,994638268,0,0,0,19968,9,2900234543
9128,994718081,1042,994719123,0,2,1,1024,33,7896345477
9129,995286864,3898,995290762,0,2,1,4096,33,2438648736
9130,995373347,3898,995377245,0,2,1,4096,33,802254181
9131,995385243,43904,995429147,0,2,0,512,33,4960577825
9132,995391457,107588,995499045,0,0,0,53248,9,3441854107
9133,995789130,2870,995792000,0,0,1,8704,9,10030079313
9134,995936535,121316,996057851,0,0,0,98304,9,2081343270
9135,996137863,3128,996140991,0,0,1,9216,9,9343384962
9136,996192420,4374,996196794,0,0,1,4608,9,6989781986
9137,996523362,45596,996568958,0,2,0,1024,33,3874560243
9138,996594906,6229,996601135,0,2,1,15360,33,2875117719
9139,996928892,7230,996936122,0,2,1,7680,33,3628509392
9140,997098627,2870,997101497,0,3,1,8704,41,8417872854
9141,997129160,98852,997228012,0,7,0,24576,17,6241016118
9142,997192405,2470,997194875,0,3,1,2560,41,8034118415
9143,997247835,110864,997358699,0,7,0,64000,17,4817140290
9144,997252953,102284,997355237,0,0,0,35840,9,3591573839
9145,997298384,83145,997381529,0,7,0,11776,17,8501995665
9146,997353473,4162,997357635,0,2,1,11264,33,3289496309
9147,997456103,1518,997457621,0,0,1,1536,9,6059647148
9148,997468689,1042,997469731,0,3,1,1024,41,1870283260
9149,997595846,138068,997733914,0,0,0,133120,9,10422375861
9150,997619033,87140,997706173,0,7,0,16384,17,7667597155
9151,997865331,566,997865897,0,0,1,512,9,7403897342
9152,997930341,4374,997934715,0,2,1,4608,33,6344807846
9153,998032361,1994,998034355,0,2,1,2048,33,8304149296
9154,998065917,3422,998069339,0,7,1,3584,17,10281668973
9155,998138250,1518,998139768,0,0,1,1536,9,2083072724
9156,998169428,10757,998180185,0,3,1,17408,41,7468537504
9157,998321579,566,998322145,0,0,1,512,9,7611882868
9158,998446199,95288,998541487,0,7,0,17920,17,1288000801
9159,998589118,3422,998592540,0,7,1,3584,17,10715074541
9160,998665043,62516,998727559,0,0,0,6144,9,2399682447
9161,998726113,45596,998771709,0,2,0,1024,33,1220545797
9162,998843229,105248,998948477,0,0,0,45568,9,8535313135
9163,999104085,3422,999107507,0,2,1,3584,33,5944569938
9164,999212304,43904,999256208,0,2,0,512,33,8626311201
9165,999476420,3904,999480324,0,3,1,10752,41,3922183995
9166,1000035084,98696,1000133780,0,7,0,24064,17,789802098
9167,1000063608,105890,1000169498,0,7,0,34304,17,8691032115
9168,1000298692,107120,1000405812,0,7,0,51712,17,951410839
9169,1000679198,6278,1000685476,0,3,1,6656,41,3805987282
9170,1000782807,77744,1000860551,0,7,0,10752,17,10168836222
9171,1000972628,115076,1001087704,0,0,0,77824,9,5072218715
9172,1001038940,73160,1001112100,0,7,0,15872,17,9459844366
9173,1001322997,6754,1001329751,0,3,1,7168,41,9134573218
9174,1001449835,3422,1001453257,0,0,1,3584,9,407208185
9175,1001513172,45596,1001558768,0,2,0,1024,33,7781091520
9176,1001660208,566,1001660774,0,7,1,512,17,1987451200
9177,1002100352,54056,1002154408,0,2,0,3584,33,6281622434
9178,1002118158,3904,1002122062,0,7,1,10752,17,844885563
9179,1002123078,191697,1002314775,0,7,0,15360,17,3781961510
9180,1002126722,6754,1002133476,0,7,1,7168,17,3244728825
9181,1002241062,45596,1002286658,0,2,0,1024,33,5593020078
9182,1002436534,3422,1002439956,0,7,1,3584,17,7373883524
9183,1002492119,566,1002492685,0,3,1,512,41,5314213550
9184,1002546233,5326,1002551559,0,7,1,5632,17,9055388340
9185,1002615590,2470,1002618060,0,3,1,2560,41,5993585312
9186,1002637069,3898,1002640967,0,3,1,4096,41,8550509758
9187,1003215925,43904,1003259829,0,2,0,512,33,6961903565
9188,1003710979,3422,1003714401,0,2,1,3584,33,4692715360
9189,1003807756,3128,1003810884,0,2,1,9216,33,5867216843
9190,1004528788,4850,1004533638,0,7,1,5120,17,7165752105
9191,1004546784,566,1004547350,0,3,1,512,41,3303431138
9192,1004654972,97604,1004752576,0,7,0,20480,17,1232609856
9193,1004796039,3422,1004799461,0,7,1,3584,17,5558752140
9194,1004854758,152346,1005007104,0,7,0,24576,17,4377611129
9195,1005082833,47288,1005130121,0,2,0,1536,33,5181144262
9196,1005084570,2946,1005087516,0,2,1,3072,33,3369078133
9197,1005111490,5326,1005116816,0,0,1,5632,9,10601964156
9198,1005261955,6754,1005268709,0,3,1,7168,41,2341237787
9199,1005345995,104780,1005450775,0,7,0,44032,17,6166731200
9200,1005347744,6754,1005354498,0,7,1,7168,17,1128161202
9201,1005503956,2946,1005506902,0,2,1,3072,33,5554666056
9202,1005591886,5326,1005597212,0,2,1,5632,33,9555749907
9203,1005608108,94820,1005702928,0,7,0,16384,17,3374998654
9204,1005864083,44060,1005908143,0,2,0,1024,33,6886319868
9205,1005892965,104624,1005997589,0,7,0,43520,17,4766419076
9206,1006044861,45596,1006090457,0,2,0,1024,33,2988983214
9207,1006100973,2946,1006103919,0,7,1,3072,17,3537072746
9208,1006377012,105560,1006482572,0,0,0,46592,9,1602909135
9209,1006413684,2946,1006416630,0,7,1,3072,17,263967642
9210,1006549171,43904,1006593075,0,2,0,512,33,3574587240
9211,1006587986,2870,1006590856,0,0,1,8704,9,4735299481
9212,1006749972,1994,1006751966,0,2,1,2048,33,353307421
9213,1006905259,2470,1006907729,0,0,1,2560,9,2052686244
9214,1007107756,11274,1007119030,0,3,1,18432,41,4905248975
9215,1007108037,1518,1007109555,0,0,1,1536,9,8579061949
9216,1007315802,1518,1007317320,0,7,1,1536,17,6794585916
9217,1007365288,566,1007365854,0,3,1,512,41,4885381989
9218,1007609217,45596,1007654813,0,2,0,1024,33,1788490841
9219,1007617099,2470,1007619569,0,0,1,2560,9,4314621763
9220,1007926150,1042,1007927192,0,2,1,1024,33,912359540
9221,1008021123,101972,1008123095,0,7,0,34816,17,1228732352
9222,1008353098,77612,1008430710,0,0,0,15360,9,7719579891
9223,1008404215,99632,1008503847,0,0,0,27136,9,7699801257
9224,1008771749,1994,1008773743,0,2,1,2048,33,10432982729
9225,1008816396,50984,1008867380,0,0,0,3584,9,4185720665
9226,1009071546,2470,1009074016,0,3,1,2560,41,9654573873
9227,1009086826,1994,1009088820,0,2,1,2048,33,4962907034
9228,1009121528,3904,1009125432,0,3,1,10752,41,2631989448
9229,1009207028,12049,1009219077,0,0,1,19968,9,5983830105
9230,1009364127,43904,1009408031,0,2,0,512,33,2476807875
9231,1009453058,10241,1009463299,0,7,1,16384,17,6466974487
9232,1009478594,4374,1009482968,0,3,1,4608,41,8737696315
9233,1009599450,2470,1009601920,0,0,1,2560,9,672474504
9234,1009789551,5712,1009795263,0,0,1,14336,9,9635882620
9235,1010001772,132992,1010134764,0,7,0,131584,17,4639217649
9236,1010005731,43904,1010049635,0,2,0,512,33,9118337760
9237,1010046995,56996,1010103991,0,0,0,8192,9,5466563990
9238,1010184923,6278,1010191201,0,3,1,6656,41,4344364892
9239,1010422652,4850,1010427502,0,3,1,5120,41,7588972166
9240,1010490017,99476,1010589493,0,0,0,26624,9,4306845711
9241,1010493225,205144,1010698369,0,0,0,152064,9,3405194496
9242,1010527474,2946,1010530420,0,3,1,3072,41,5744860818
9243,1010774487,71132,1010845619,0,7,0,9216,17,5659669197
9244,1011112253,275204,1011387457,0,0,0,290816,9,9975870786
9245,1011325144,7230,1011332374,0,3,1,7680,41,3333881111
9246,1011348750,1518,1011350268,0,3,1,1536,41,5178355954
9247,1011478779,1518,1011480297,0,3,1,1536,41,3166903436
9248,1011972023,7706,1011979729,0,2,1,8192,33,6004647675
9249,1012274633,2946,1012277579,0,2,1,3072,33,8076404505
9250,1012290916,103376,1012394292,0,7,0,39424,17,9942737062
9251,1012424109,50672,1012474781,0,7,0,2560,17,2815815410
9252,1012503089,3645,1012506734,0,3,1,10240,41,2211995590
9253,1012641849,1994,1012643843,0,7,1,2048,17,611259257
9254,1012677632,3422,1012681054,0,2,1,3584,33,9375067324
9255,1012691849,1042,1012692891,0,2,1,1024,33,2286538810
9256,1012959607,4850,1012964457,0,0,1,5120,9,8765003375
9257,1012983999,4162,1012988161,0,3,1,11264,41,896093906
9258,1013015598,103064,1013118662,0,7,0,38400,17,5438315853
9259,1013144790,566,1013145356,0,7,1,512,17,2395223096
9260,1013638318,47288,1013685606,0,7,0,1536,17,5745337238
9261,1014114636,107120,1014221756,0,0,0,51712,9,77484504
9262,1014123365,2470,1014125835,0,0,1,2560,9,1255455150
9263,1014222239,11533,1014233772,0,2,1,18944,33,10148750616
9264,1014309561,2946,1014312507,0,2,1,3072,33,2565156119
9265,1014349928,1994,1014351922,0,7,1,2048,17,9900748586
9266,1014484851,1042,1014485893,0,3,1,1024,41,2541724635
9267,1014657199,43904,1014701103,0,2,0,512,33,7650515666
9268,1014722324,3904,1014726228,0,0,1,10752,9,1451362168
9269,1014843147,50672,1014893819,0,2,0,2560,33,2653599143
9270,1014845939,67616,1014913555,0,7,0,12800,17,9162539214
9271,1014967414,3422,1014970836,0,0,1,3584,9,3419251739
9272,1014974408,1042,1014975450,0,0,1,1024,9,10481054975
9273,1015091216,4374,1015095590,0,0,1,4608,9,2737967477
9274,1015120196,3422,1015123618,0,0,1,3584,9,304273759
9275,1015445634,1042,1015446676,0,7,1,1024,17,6511806001
9276,1015599760,55748,1015655508,0,7,0,4096,17,7155991944
9277,1015745764,3422,1015749186,0,3,1,3584,41,8526935930
9278,1015901153,6229,1015907382,0,2,1,15360,33,10581236316
9279,1015944728,566,1015945294,0,0,1,512,9,3345688176
9280,1016086524,1994,1016088518,0,0,1,2048,9,5336179371
9281,1016161677,7706,1016169383,0,0,1,8192,9,2525862302
9282,1016184930,130486,1016315416,0,0,0,89600,9,5291528579
9283,1016363832,62516,1016426348,0,0,0,6144,9,5721452272
9284,1016427974,3422,1016431396,0,3,1,3584,41,8922776367
9285,1016641066,6278,1016647344,0,7,1,6656,17,7437289264
9286,1016928987,84824,1017013811,0,7,0,13824,17,5532446309
9287,1016974479,54836,1017029315,0,7,0,6144,17,5604533209
9288,1017068795,3904,1017072699,0,2,1,10752,33,5015830710
9289,1017276285,2470,1017278755,0,0,1,2560,9,8389465796
9290,1017441362,3898,1017445260,0,7,1,4096,17,5533418455
9291,1017460234,566,1017460800,0,7,1,512,17,313676781
9292,1017852505,80708,1017933213,0,0,0,20480,9,8039496839
9293,1018289957,45596,1018335553,0,2,0,1024,33,10588680662
9294,1018353448,1042,1018354490,0,7,1,1024,17,7466388949
9295,1018515862,1042,1018516904,0,3,1,1024,41,10423126184
9296,1018782511,106808,1018889319,0,7,0,50688,17,9427472119
9297,1019148469,7230,1019155699,0,3,1,7680,41,2538172312
9298,1019387382,2946,1019390328,0,2,1,3072,33,8686238005
9299,1019410123,566,1019410689,0,0,1,512,9,190255576
9300,1019417644,64076,1019481720,0,0,0,11264,9,4368694324
9301,1019524622,108992,1019633614,0,0,0,57856,9,5885687803
9302,1019604769,77061,1019681830,0,0,0,7168,9,3344774351
9303,1019647795,4850,1019652645,0,7,1,5120,17,9033541661
9304,1019652491,1994,1019654485,0,3,1,2048,41,10113092502
9305,1019762694,105872,1019868566,0,7,0,47616,17,1138425472
9306,1019955983,7706,1019963689,0,3,1,8192,41,5286886490
9307,1019997019,5802,1020002821,0,0,1,6144,9,7278184422
9308,1020026875,1042,1020027917,0,2,1,1024,33,3066834077
9309,1020189949,5326,1020195275,0,7,1,5632,17,1351920693
9310,1020328073,45596,1020373669,0,2,0,1024,33,10189721247
9311,1020366883,566,1020367449,0,2,1,512,33,4332261906
9312,1020386430,115544,1020501974,0,7,0,79360,17,2843115820
9313,1020437510,100412,1020537922,0,0,0,29696,9,4612057162
9314,1020576841,105092,1020681933,0,0,0,45056,9,5291142277
9315,1020687028,4679,1020691707,0,0,1,12288,9,6843982058
9316,1021179109,3422,1021182531,0,0,1,3584,9,7016998024
9317,1021317089,2470,1021319559,0,0,1,2560,9,10546065534
9318,1021333956,1042,1021334998,0,3,1,1024,41,7528706297
9319,1021396185,1042,1021397227,0,0,1,1024,9,6229266223
9320,1021446616,566,1021447182,0,3,1,512,41,2554849232
9321,1021831593,1994,1021833587,0,7,1,2048,17,6892207201
9322,1021904353,2946,1021907299,0,2,1,3072,33,3769075565
9323,1022172887,106652,1022279539,0,0,0,50176,9,4928721641
9324,1022198800,48980,1022247780,0,2,0,2048,33,8688949193
9325,1022202483,45624,1022248107,0,2,0,1024,33,8144817933
9326,1022480250,3128,1022483378,0,3,1,9216,41,886718109
9327,1022521241,45596,1022566837,0,2,0,1024,33,7902069747
9328,1022656837,100568,1022757405,0,0,0,30208,9,6163011654
9329,1022728915,5802,1022734717,0,0,1,6144,9,2229662708
9330,1022748742,1042,1022749784,0,3,1,1024,41,7084566629
9331,1022851275,111644,1022962919,0,2,0,66560,33,3066450574
9332,1023027086,126932,1023154018,0,0,0,116736,9,4653941873
9333,1023070932,11533,1023082465,0,3,1,18944,41,1981817069
9334,1023249138,6754,1023255892,0,7,1,7168,17,6182424667
9335,1023654062,102908,1023756970,0,2,0,37888,33,6098596595
9336,1023687723,566,1023688289,0,3,1,512,41,2568043156
9337,1023720304,3128,1023723432,0,2,1,9216,33,2589039745
9338,1023766465,3898,1023770363,0,7,1,4096,17,9345791302
9339,1023827589,13600,1023841189,0,2,1,23040,33,2898219108
9340,1023941473,97448,1024038921,0,0,0,19968,9,783320093
9341,1024049776,3898,1024053674,0,0,1,4096,9,6754758374
9342,1024323746,3898,1024327644,0,2,1,4096,33,1305387580
9343,1024325301,101036,1024426337,0,7,0,31744,17,10076930124
9344,1024468633,5326,1024473959,0,2,1,5632,33,763351080
9345,1024494908,5326,1024500234,0,7,1,5632,17,6308096905
9346,1024517471,7706,1024525177,0,7,1,8192,17,8078171957
9347,1024813701,1994,1024815695,0,2,1,2048,33,2671864238
9348,1024889067,2470,1024891537,0,2,1,2560,33,7919140217
9349,1025039986,108056,1025148042,0,0,0,54784,9,4840857073
9350,1025144472,4374,1025148846,0,2,1,4608,33,2803130830
9351,1025168237,3898,1025172135,0,3,1,4096,41,5401659772
9352,1025183486,1042,1025184528,0,0,1,1024,9,7944228525
9353,1025757437,3904,1025761341,0,2,1,10752,33,1822414252
9354,1025802762,124280,1025927042,0,7,0,108032,17,7472021742
9355,1025877817,13083,1025890900,0,3,1,22016,41,6257450178
9356,1025952809,3128,1025955937,0,0,1,9216,9,2118628704
9357,1026015260,566,1026015826,0,0,1,512,9,8091714221
9358,1026597390,3898,1026601288,0,3,1,4096,41,10652495107
9359,1026695528,122096,1026817624,0,2,0,100864,33,3040080283
9360,1027294337,5712,1027300049,0,3,1,14336,41,8607034916
9361,1027511101,3422,1027514523,0,0,1,3584,9,4623695665
9362,1027821878,45596,1027867474,0,0,0,1024,9,3665256812
9363,1028218590,63452,1028282042,0,7,0,9216,17,10657635695
9364,1028288744,4420,1028293164,0,7,1,11776,17,80717404
9365,1028341749,70976,1028412725,0,0,0,8704,9,9283057418
9366,1028409393,4162,1028413555,0,2,1,11264,33,1660967881
9367,1028424222,5326,1028429548,0,2,1,5632,33,8533674280
9368,1028456600,62516,1028519116,0,7,0,6144,17,2089653715
9369,1028499424,1994,1028501418,0,0,1,2048,9,5115267643
9370,1028642815,4937,1028647752,0,3,1,12800,41,6363945517
9371,1028880425,7706,1028888131,0,0,1,8192,9,6486343890
9372,1029201239,83780,1029285019,0,0,0,20480,9,2021370760
9373,1029307406,72824,1029380230,0,0,0,9728,9,791503071
9374,1029488555,98540,1029587095,0,2,0,23552,33,10329046896
9375,1029926326,2470,1029928796,0,3,1,2560,41,10689199067
9376,1030016119,106808,1030122927,0,7,0,50688,17,6665022256
9377,1030123084,1518,1030124602,0,7,1,1536,17,4333493813
9378,1030187304,1994,1030189298,0,3,1,2048,41,10688273861
9379,1030235005,103844,1030338849,0,7,0,40960,17,3555495088
9380,1030304252,4850,1030309102,0,3,1,5120,41,2673170318
9381,1030307293,113516,1030420809,0,2,0,72704,33,5109051510
9382,1030335935,566,1030336501,0,3,1,512,41,8488884504
9383,1030388974,1518,1030390492,0,3,1,1536,41,2237082398
9384,1030473370,4374,1030477744,0,7,1,4608,17,9368044459
9385,1030489899,63452,1030553351,0,2,0,9216,33,3671585401
9386,1030622466,4374,1030626840,0,2,1,4608,33,2344075430
9387,1030802712,1042,1030803754,0,3,1,1024,41,4530814555
9388,1030931021,1042,1030932063,0,2,1,1024,33,10291559586
9389,1031109672,3898,1031113570,0,0,1,4096,9,7457196832
9390,1031120928,1518,1031122446,0,0,1,1536,9,5643442016
9391,1031323763,1518,1031325281,0,3,1,1536,41,9380697303
9392,1031420232,100568,1031520800,0,7,0,30208,17,9994611904
9393,1031652666,69620,1031722286,0,0,0,14336,9,6737262800
9394,1031838489,10499,1031848988,0,3,1,16896,41,2438998633
9395,1031888345,566,1031888911,0,2,1,512,33,5483300244
9396,1032516796,2470,1032519266,0,7,1,2560,17,5082121517
9397,1032699254,58688,1032757942,0,7,0,8704,17,994321048
9398,1032720143,1042,1032721185,0,7,1,1024,17,1651950260
9399,1032722404,566,1032722970,0,3,1,512,41,7110268308
9400,1032729838,56996,1032786834,0,0,0,8192,9,472665560
9401,1032745767,120199,1032865966,0,7,0,68608,17,4493729690
9402,1032806017,1994,1032808011,0,0,1,2048,9,8861387507
9403,1032895824,52364,1032948188,0,2,0,3072,33,7811068337
9404,1032900039,1994,1032902033,0,3,1,2048,41,2477078591
9405,1032965430,3387,1032968817,0,2,1,9728,33,6370304423
9406,1033194178,106184,1033300362,0,2,0,48640,33,7072156403
9407,1033378861,7706,1033386567,0,0,1,8192,9,330872705
9408,1033434452,3898,1033438350,0,2,1,4096,33,9073183407
9409,1033521716,3422,1033525138,0,2,1,3584,33,166112883
9410,1033560168,105560,1033665728,0,2,0,46592,33,220357901
9411,1033769074,1042,1033770116,0,2,1,1024,33,9981856544
9412,1033945503,5971,1033951474,0,3,1,14848,41,4620751045
9413,1034126381,2946,1034129327,0,3,1,3072,41,7461058822
9414,1034168766,107276,1034276042,0,2,0,52224,33,8336357906
9415,1034309206,5454,1034314660,0,7,1,13824,17,5421864391
9416,1034355396,126932,1034482328,0,0,0,116736,9,9016404438
9417,1034445500,95448,1034540948,0,0,0,24576,9,7540925834
9418,1034564336,566,1034564902,0,2,1,512,33,6925652122
9419,1034656862,6278,1034663140,0,3,1,6656,41,4301157693
9420,1034668274,68216,1034736490,0,7,0,9728,17,4884468506
9421,1034859019,104468,1034963487,0,2,0,43008,33,8434342951
9422,1035079058,1042,1035080100,0,0,1,1024,9,1302461125
9423,1035103767,1518,1035105285,0,3,1,1536,41,8355600387
9424,1035170320,2946,1035173266,0,3,1,3072,41,2994007449
9425,1035204677,76988,1035281665,0,2,0,13312,33,9615906902
9426,1035292906,122252,1035415158,0,7,0,101376,17,7908378580
9427,1035352586,103376,1035455962,0,0,0,39424,9,6804113490
9428,1035452662,43904,1035496566,0,7,0,512,17,8940146180
9429,1035455012,103376,1035558388,0,2,0,39424,33,8246203763
9430,1035473662,2946,1035476608,0,3,1,3072,41,2876240216
9431,1035539342,2946,1035542288,0,2,1,3072,33,10485894131
9432,1035609980,45596,1035655576,0,7,0,1024,17,3155530729
9433,1035861606,4850,1035866456,0,7,1,5120,17,5202015274
9434,1035992903,4850,1035997753,0,3,1,5120,41,4629495208
9435,1036148691,7706,1036156397,0,2,1,8192,33,4209577378
9436,1036204244,103064,1036307308,0,2,0,38400,33,1370251071
9437,1036411430,7230,1036418660,0,2,1,7680,33,8194354547
9438,1036411706,566,1036412272,0,0,1,512,9,5455374739
9439,1036568357,96848,1036665205,0,2,0,23040,33,300458497
9440,1036663962,2470,1036666432,0,3,1,2560,41,9914593963
9441,1036926403,2946,1036929349,0,7,1,3072,17,8681484973
9442,1037013145,2470,1037015615,0,7,1,2560,17,2980851252
9443,1037052674,566,1037053240,0,2,1,512,33,5348899327
9444,1037078549,1994,1037080543,0,3,1,2048,41,8474308126
9445,1037143860,45596,1037189456,0,7,0,1024,17,1056437108
9446,1037172869,6754,1037179623,0,7,1,7168,17,8809670082
9447,1037377091,75320,1037452411,0,2,0,17920,33,7941547852
9448,1037574359,48980,1037623339,0,2,0,2048,33,6160571357
9449,1037609088,566,1037609654,0,0,1,512,9,6506402326
9450,1037627859,4162,1037632021,0,0,1,11264,9,5906799120
9451,1037725402,3422,1037728824,0,3,1,3584,41,7865038911
9452,1037852243,43904,1037896147,0,7,0,512,17,3538531587
9453,1037932815,43904,1037976719,0,7,0,512,17,3328653332
9454,1037978123,107120,1038085243,0,0,0,51712,9,3196156499
9455,1038582111,43904,1038626015,0,7,0,512,17,7344469877
9456,1038819528,4162,1038823690,0,2,1,11264,33,7549484121
9457,1038874037,4374,1038878411,0,7,1,4608,17,3804936092
9458,1039233347,3422,1039236769,0,7,1,3584,17,10167134500
9459,1039272862,74852,1039347714,0,2,0,16384,33,3949925549
9460,1039401195,100880,1039502075,0,0,0,31232,9,6274755918
9461,1039435827,2946,1039438773,0,7,1,3072,17,2646244120
9462,1039528219,566,1039528785,0,0,1,512,9,9781669376
9463,1039624285,45908,1039670193,0,7,0,2048,17,3409108317
9464,1039819893,1994,1039821887,0,0,1,2048,9,5711176806
9465,1039853071,2946,1039856017,0,2,1,3072,33,1044398503
9466,1039913188,48980,1039962168,0,7,0,2048,17,6076437622
9467,1040304054,1042,1040305096,0,0,1,1024,9,4887727688
9468,1040404787,48980,1040453767,0,7,0,2048,17,7593723424
9469,1040511488,7230,1040518718,0,7,1,7680,17,3394195415
9470,1040786451,107588,1040894039,0,2,0,53248,33,1989018529
9471,1040972430,2470,1040974900,0,2,1,2560,33,9733290532
9472,1041229123,13512,1041242635,0,0,1,26112,9,5084212817
9473,1041446058,3422,1041449480,0,0,1,3584,9,3692329508
9474,1041449973,3422,1041453395,0,0,1,3584,9,9947573690
9475,1041669334,4850,1041674184,0,3,1,5120,41,1160321620
9476,1041672894,59132,1041732026,0,0,0,5120,9,6531348337
9477,1041840472,62672,1041903144,0,0,0,6656,9,5734669501
9478,1042039605,2470,1042042075,0,0,1,2560,9,171950306
9479,1042423106,4374,1042427480,0,3,1,4608,41,4256128250
9480,1042491616,100880,1042592496,0,0,0,31232,9,3191613396
9481,1042710414,70976,1042781390,0,0,0,8704,9,4272303461
9482,1042812395,45596,1042857991,0,7,0,1024,17,1442204040
9483,1043024575,48980,1043073555,0,0,0,2048,9,10562890786
9484,1043375363,6278,1043381641,0,7,1,6656,17,3451305004
9485,1043401096,3898,1043404994,0,3,1,4096,41,2754905888
9486,1043698730,7706,1043706436,0,0,1,8192,9,1967732878
9487,1043878659,5802,1043884461,0,2,1,6144,33,2189379591
9488,1044189137,132992,1044322129,0,0,0,131584,9,7130869689
9489,1044496737,4374,1044501111,0,2,1,4608,33,1031861507
9490,1044550912,45596,1044596508,0,2,0,1024,33,8017187221
9491,1044606227,12308,1044618535,0,3,1,20480,41,10381656159
9492,1044779984,4850,1044784834,0,2,1,5120,33,4603261009
9493,1044805725,50672,1044856397,0,2,0,2560,33,501306807
9494,1045035221,67592,1045102813,0,0,0,7680,9,3317979916
9495,1045194552,191372,1045385924,0,2,0,166912,33,3834008594
9496,1045336180,54127,1045390307,0,2,1,4608,33,8658015628
9497,1045358473,31988,1045390461,0,2,1,8704,33,9978549725
9498,1045405168,69284,1045474452,0,0,0,8192,9,10018426939
9499,1045422367,1518,1045423885,0,3,1,1536,41,758520091
9500,1045601193,5802,1045606995,0,0,1,6144,9,1856375508
9501,1045655371,10757,1045666128,0,2,1,17408,33,1727142474
9502,1045814639,1518,1045816157,0,2,1,1536,33,6277571467
9503,1045875129,4850,1045879979,0,2,1,5120,33,10683842885
9504,1046148594,2470,1046151064,0,0,1,2560,9,10527391634
9505,1046185060,104000,1046289060,0,0,0,41472,9,13531209
9506,1046350118,103376,1046453494,0,0,0,39424,9,3219370846
9507,1046931841,69284,1047001125,0,2,0,8192,33,242123169
9508,1047015605,11533,1047027138,0,3,1,18944,41,4841786026
9509,1047082112,99632,1047181744,0,0,0,27136,9,5672875193
9510,1047173168,8591,1047181759,0,0,1,2048,9,2103539525
9511,1047658763,3128,1047661891,0,2,1,9216,33,960076830
9512,1048034969,59444,1048094413,0,0,0,6144,9,5754895004
9513,1048998119,1518,1048999637,0,3,1,1536,41,78610711
9514,1049244424,50984,1049295408,0,0,0,3584,9,9358314362
9515,1050469534,1994,1050471528,0,0,1,2048,9,4488985780
9516,1050981992,172897,1051154889,0,2,0,42496,33,10448968055
9517,1051001425,103599,1051105024,0,2,0,38400,33,2557433490
9518,1051187374,61292,1051248666,0,2,0,7168,33,5252968915
9519,1051213073,125803,1051338876,0,2,0,75264,33,3596059795
9520,1051858733,1994,1051860727,0,0,1,2048,9,4536598021
9521,1052087353,13600,1052100953,0,2,1,23040,33,8736107867
9522,1052174183,84848,1052259031,0,2,0,18944,33,3554550578
9523,1052204577,1042,1052205619,0,3,1,1024,41,8971644435
9524,1052571385,4850,1052576235,0,3,1,5120,41,5718343872
9525,1053227493,107276,1053334769,0,0,0,52224,9,2018767003
9526,1053357853,112268,1053470121,0,2,0,68608,33,5107886418
9527,1053409405,2946,1053412351,0,2,1,3072,33,4075778159
9528,1053954604,105560,1054060164,0,0,0,46592,9,6859204100
9529,1054104169,13083,1054117252,0,3,1,22016,41,2990526110
9530,1054186745,1518,1054188263,0,3,1,1536,41,5663834841
9531,1054634908,168236,1054803144,0,2,0,146432,33,8376599059
9532,1055008043,3898,1055011941,0,3,1,4096,41,9763851568
9533,1055531776,102908,1055634684,0,2,0,37888,33,2236090529
9534,1055916457,1518,1055917975,0,3,1,1536,41,5738814806
9535,1057143246,106184,1057249430,0,2,0,48640,33,1693086896
9536,1057398331,111488,1057509819,0,2,0,66048,33,2492969010
9537,1057406707,1994,1057408701,0,3,1,2048,41,4197055230
9538,1058044199,103220,1058147419,0,2,0,38912,33,3718062859
9539,1058134670,131300,1058265970,0,2,0,131072,33,465773096
9540,1058663105,3422,1058666527,0,0,1,3584,9,3671447513
9541,1058812013,2470,1058814483,0,0,1,2560,9,8104774931
9542,1059614085,78368,1059692453,0,2,0,12800,33,8677545415
9543,1060141884,3898,1060145782,0,0,1,4096,9,985804188
9544,1060166288,103376,1060269664,0,2,0,39424,33,8917263955
9545,1060339668,1518,1060341186,0,2,1,1536,33,6717898269
9546,1060469330,1994,1060471324,0,0,1,2048,9,8756803711
9547,1060541527,11533,1060553060,0,3,1,18944,41,2606952812
9548,1060587577,100880,1060688457,0,2,0,31232,33,2294088565
9549,1061036228,118567,1061154795,0,2,0,43008,33,475936389
9550,1061041504,2870,1061044374,0,2,1,8704,33,5163220895
9551,1061051360,4850,1061056210,0,2,1,5120,33,644981014
9552,1061702157,2870,1061705027,0,0,1,8704,9,8109684259
9553,1062325781,7230,1062333011,0,3,1,7680,41,9987989591
9554,1062347080,1042,1062348122,0,3,1,1024,41,3401607269
9555,1062696623,69308,1062765931,0,0,0,13312,9,1399748085
9556,1062776376,1518,1062777894,0,3,1,1536,41,6947442553
9557,1062955493,98540,1063054033,0,0,0,23552,9,1869618144
9558,1063260726,43904,1063304630,0,2,0,512,33,8675682242
9559,1063557476,72668,1063630144,0,2,0,9216,33,8514591238
9560,1063837774,1994,1063839768,0,2,1,2048,33,2925345000
9561,1064750543,566,1064751109,0,3,1,512,41,3966615413
9562,1064955369,1042,1064956411,0,3,1,1024,41,9726291244
9563,1065480177,121316,1065601493,0,2,0,98304,33,2936309977
9564,1066287429,2470,1066289899,0,2,1,2560,33,9628550681
9565,1067264637,47288,1067311925,0,2,0,1536,33,3753008409
9566,1067724055,13341,1067737396,0,2,1,22528,33,10321757201
9567,1068442702,107744,1068550446,0,2,0,53760,33,3366313361
9568,1068499944,6278,1068506222,0,3,1,6656,41,8025547984
9569,1068554197,11791,1068565988,0,2,1,19456,33,8892771299
9570,1068970394,3128,1068973522,0,3,1,9216,41,8067251087
9571,1069133383,2946,1069136329,0,3,1,3072,41,7884347392
9572,1069265455,1994,1069267449,0,2,1,2048,33,10293054716
9573,1069467117,105872,1069572989,0,2,0,47616,33,3670395679
9574,1069602242,5802,1069608044,0,2,1,6144,33,3205840066
9575,1069687118,92084,1069779202,0,2,0,22528,33,8162414368
9576,1070850630,4162,1070854792,0,3,1,11264,41,4393576588
9577,1071714384,85136,1071799520,0,2,0,14848,33,9975187651
9578,1071916001,73004,1071989005,0,2,0,15360,33,5178298029
9579,1072772192,1518,1072773710,0,2,1,1536,33,5378275659
9580,1072928546,85292,1073013838,0,2,0,15360,33,3418084934
9581,1072999782,3128,1073002910,0,3,1,9216,41,1197435837
9582,1073248122,112112,1073360234,0,2,0,68096,33,7172278087
9583,1073412110,2470,1073414580,0,2,1,2560,33,9671829373
9584,1073480965,2470,1073483435,0,3,1,2560,41,10284813007
9585,1073534322,1518,1073535840,0,2,1,1536,33,1012099720
9586,1073862460,2470,1073864930,0,2,1,2560,33,86147547
9587,1075230583,5326,1075235909,0,2,1,5632,33,6396482972
9588,1076098281,3422,1076101703,0,3,1,3584,41,3347531503
9589,1076183008,3898,1076186906,0,2,1,4096,33,7539006054
9590,1077222049,4162,1077226211,0,2,1,11264,33,10112490837
9591,1077645091,103376,1077748467,0,2,0,39424,33,9518310084
9592,1077834796,77744,1077912540,0,2,0,10752,33,10561870310
9593,1078027555,126776,1078154331,0,2,0,116224,33,4982584803
9594,1078115437,5712,1078121149,0,3,1,14336,41,7511024720
9595,1078856719,4374,1078861093,0,3,1,4608,41,5234179642
9596,1078924453,7230,1078931683,0,2,1,7680,33,8755673276
9597,1079060575,4374,1079064949,0,3,1,4608,41,7862054592
9598,1079125353,7706,1079133059,0,2,1,8192,33,9997274929
9599,1079595565,3904,1079599469,0,2,1,10752,33,8537796273
9600,1079821659,125216,1079946875,0,2,0,111104,33,6841258787
9601,1080575910,99788,1080675698,0,2,0,27648,33,9471773384
9602,1080748780,1518,1080750298,0,3,1,1536,41,4904675404
9603,1081109770,2470,1081112240,0,3,1,2560,41,5439023418
9604,1081253570,127868,1081381438,0,2,0,119808,33,9488612277
9605,1082317218,107588,1082424806,0,2,0,53248,33,9452431289
9606,1082351755,7706,1082359461,0,3,1,8192,41,3513265218
9607,1082379142,7230,1082386372,0,3,1,7680,41,6325457120
9608,1083288752,4374,1083293126,0,2,1,4608,33,1654717308
9609,1083730720,3422,1083734142,0,2,1,3584,33,8478470595
9610,1084107923,5802,1084113725,0,2,1,6144,33,2746721499
9611,1084559988,1518,1084561506,0,3,1,1536,41,10213422549
9612,1084701843,2870,1084704713,0,3,1,8704,41,6969936414
9613,1084745438,5196,1084750634,0,2,1,13312,33,7210483765
9614,1085407444,72980,1085480424,0,2,0,10240,33,9356379850
9615,1085512618,1042,1085513660,0,3,1,1024,41,9616133821
9616,1085528584,5196,1085533780,0,3,1,13312,41,834213006
9617,1086895841,6754,1086902595,0,2,1,7168,33,5796740522
9618,1087450755,3898,1087454653,0,2,1,4096,33,1741063747
9619,1087476097,97604,1087573701,0,2,0,20480,33,1333753085
9620,1087645299,107120,1087752419,0,2,0,51712,33,10517812172
9621,1087691297,11533,1087702830,0,3,1,18944,41,762553915
9622,1087991153,566,1087991719,0,3,1,512,41,7527503279
9623,1088004381,1518,1088005899,0,3,1,1536,41,10132423366
9624,1088239845,3898,1088243743,0,2,1,4096,33,6852594296
9625,1088758826,130676,1088889502,0,2,0,129024,33,6998019600
9626,1089440375,7706,1089448081,0,3,1,8192,41,1423782140
9627,1089560246,5802,1089566048,0,2,1,6144,33,6018360024
9628,1089795103,7230,1089802333,0,3,1,7680,41,5833148457
9629,1090156822,113048,1090269870,0,2,0,71168,33,7166826119
9630,1090470059,6278,1090476337,0,3,1,6656,41,864148803
9631,1090704687,113048,1090817735,0,2,0,71168,33,10573974985
9632,1090826108,43370,1090869478,0,3,1,74240,41,3054970091
9633,1090944098,6229,1090950327,0,2,1,15360,33,6373834751
9634,1090981874,33075,1091014949,0,3,1,54272,41,6245135344
9635,1091564296,111020,1091675316,0,2,0,64512,33,7899514730
9636,1091565667,2470,1091568137,0,2,1,2560,33,7387178698
9637,1092302563,97916,1092400479,0,2,0,21504,33,9660180663
9638,1092436821,5454,1092442275,0,3,1,13824,41,8843879420
9639,1093686406,124124,1093810530,0,2,0,107520,33,10323832572
9640,1093857043,6754,1093863797,0,2,1,7168,33,3402584011
9641,1094114855,126620,1094241475,0,2,0,115712,33,10562210695
9642,1094181414,1518,1094182932,0,2,1,1536,33,506752239
9643,1094407562,108056,1094515618,0,2,0,54784,33,3625494698
9644,1095097212,5802,1095103014,0,2,1,6144,33,5475148557
9645,1095311633,96668,1095408301,0,2,0,17408,33,4558351965
9646,1095396496,52832,1095449328,0,2,0,4608,33,9397470905
9647,1095829286,36863,1095866149,0,3,1,65024,41,5492102791
9648,1097565786,75295,1097641081,0,3,1,126464,41,1658766782
9649,1097788772,3387,1097792159,0,2,1,9728,33,6388182511
9650,1097880626,3645,1097884271,0,3,1,10240,41,945589673
9651,1098273341,10757,1098284098,0,2,1,17408,33,6935199798
9652,1098820213,26221,1098846434,0,3,1,47616,41,2333618711
9653,1098859314,13770,1098873084,0,3,1,26624,41,204016973
9654,1099028407,101660,1099130067,0,2,0,33792,33,289700426
9655,1099306004,130520,1099436524,0,2,0,128512,33,1831388485
9656,1099316152,4679,1099320831,0,3,1,12288,41,943772771
9657,1099388795,65429,1099454224,0,3,1,110592,41,3629893372
9658,1099535823,566,1099536389,0,2,1,512,33,7105991433
9659,1099686902,21658,1099708560,0,3,1,35328,41,4558127971
9660,1100040080,71600,1100111680,0,2,0,10752,33,5282543373
9661,1100304569,25704,1100330273,0,3,1,46592,41,10623350308
9662,1101105676,124887,1101230563,0,3,1,206336,41,2138669403
9663,1102038214,6229,1102044443,0,3,1,15360,41,9891359057
9664,1102164907,97760,1102262667,0,2,0,20992,33,4757779286
9665,1102475850,566,1102476416,0,2,1,512,33,2725247801
9666,1102884316,2946,1102887262,0,2,1,3072,33,3488805608
9667,1102992412,12825,1103005237,0,3,1,21504,41,6234440359
9668,1103270082,89792,1103359874,0,2,0,25088,33,1838345286
9669,1104031623,1994,1104033617,0,3,1,2048,41,7185523064
9670,1104431663,6278,1104437941,0,2,1,6656,33,2680546146
9671,1104858886,78368,1104937254,0,2,0,12800,33,4354790394
9672,1105120160,52364,1105172524,0,2,0,3072,33,10271403941
9673,1105238860,104468,1105343328,0,2,0,43008,33,10618754260
9674,1105310593,85679,1105396272,0,3,1,143360,41,919598952
9675,1105393321,104000,1105497321,0,2,0,41472,33,10067315827
9676,1105747787,5326,1105753113,0,3,1,5632,41,1543831143
9677,1106322533,566,1106323099,0,2,1,512,33,2207241952
9678,1106794224,1042,1106795266,0,2,1,1024,33,5463085963
9679,1107420524,75296,1107495820,0,2,0,12800,33,856991117
9680,1107545021,5802,1107550823,0,2,1,6144,33,3279052130
9681,1108217948,56337,1108274285,0,3,1,96256,41,9983014281
9682,1108821231,1518,1108822749,0,3,1,1536,41,146196151
9683,1108930613,79436,1109010049,0,2,0,11264,33,3695766527
9684,1109784959,24412,1109809371,0,3,1,44032,41,4216487692
9685,1110165079,48980,1110214059,0,2,0,2048,33,582981078
9686,1110415586,2470,1110418056,0,2,1,2560,33,6806185418
9687,1111035282,3387,1111038669,0,2,1,9728,33,10623235895
9688,1111395362,1994,1111397356,0,2,1,2048,33,4376249907
9689,1111498476,4374,1111502850,0,2,1,4608,33,8436944940
9690,1111701729,104780,1111806509,0,2,0,44032,33,8746157126
9691,1111875863,6278,1111882141,0,2,1,6656,33,5673530086
9692,1112093550,106340,1112199890,0,2,0,49152,33,386980920
9693,1112691733,566,1112692299,0,2,1,512,33,6391271488
9694,1112726933,1994,1112728927,0,2,1,2048,33,4004434611
9695,1112798685,1518,1112800203,0,2,1,1536,33,262456747
9696,1112916617,44145,1112960762,0,3,1,75776,41,10249568970
9697,1112991135,120536,1113111671,0,2,0,95744,33,3845563127
9698,1113072448,2470,1113074918,0,2,1,2560,33,6359334619
9699,1113100540,16096,1113116636,0,3,1,31232,41,8028590013
9700,1113211971,566,1113212537,0,2,1,512,33,7546834959
9701,1114667329,15579,1114682908,0,3,1,30208,41,4710971232
9702,1115172044,2470,1115174514,0,2,1,2560,33,2838036022
9703,1115469638,59132,1115528770,0,2,0,5120,33,5720307521
9704,1116002133,78548,1116080681,0,2,0,18432,33,241238124
9705,1116044097,81632,1116125729,0,3,1,132096,41,916820181
9706,1116610253,95287,1116705540,0,3,1,158720,41,2816458433
9707,1116681379,112424,1116793803,0,2,0,69120,33,5479232483
9708,1116871751,5802,1116877553,0,3,1,6144,41,8214314057
9709,1117347264,116012,1117463276,0,2,0,80896,33,8005503306
9710,1117388280,3387,1117391667,0,3,1,9728,41,6777794469
9711,1117860858,107588,1117968446,0,2,0,53248,33,42833182
9712,1118192698,5454,1118198152,0,3,1,13824,41,5713822229
9713,1118201587,1518,1118203105,0,2,1,1536,33,1786057459
9714,1118410382,2470,1118412852,0,3,1,2560,41,8849976658
9715,1118465692,4679,1118470371,0,2,1,12288,33,2603207125
9716,1118494833,12737,1118507570,0,3,1,24576,41,706675208
9717,1118589461,16613,1118606074,0,2,1,32256,33,891246403
9718,1119771585,1042,1119772627,0,3,1,1024,41,9440166226
9719,1119872408,3645,1119876053,0,2,1,10240,33,4373983298
9720,1120490896,6278,1120497174,0,3,1,6656,41,5738219564
9721,1120765383,50672,1120816055,0,2,0,2560,33,2964568932
9722,1120947554,2946,1120950500,0,3,1,3072,41,10557090267
9723,1121051480,1042,1121052522,0,2,1,1024,33,4717936656
9724,1121765229,4374,1121769603,0,3,1,4608,41,3507598422
9725,1121979336,2946,1121982282,0,2,1,3072,33,2238081311
9726,1122533271,1994,1122535265,0,3,1,2048,41,10490305201
9727,1122612493,1042,1122613535,0,2,1,1024,33,1101438478
9728,1123027195,5971,1123033166,0,3,1,14848,41,559364620
9729,1123306526,2470,1123308996,0,2,1,2560,33,4019197790
9730,1123609690,3128,1123612818,0,3,1,9216,41,6653566039
9731,1123779907,566,1123780473,0,3,1,512,41,9473142322
9732,1123793568,70976,1123864544,0,2,0,8704,33,5420227977
9733,1123852219,102440,1123954659,0,2,0,36352,33,793615235
9734,1124185028,118227,1124303255,0,2,0,84992,33,9351899045
9735,1124205829,1518,1124207347,0,2,1,1536,33,9565213985
9736,1125285510,100880,1125386390,0,2,0,31232,33,4305991760
9737,1125355996,10757,1125366753,0,2,1,17408,33,6881044943
9738,1125499785,3387,1125503172,0,2,1,9728,33,4801943350
9739,1126051477,1518,1126052995,0,2,1,1536,33,2012751919
9740,1126200683,129657,1126330340,0,2,0,49664,33,1973521785
9741,1126217313,4162,1126221475,0,2,1,11264,33,5260647575
9742,1126626146,6754,1126632900,0,2,1,7168,33,8269585397
9743,1127446647,2946,1127449593,0,2,1,3072,33,950810430
9744,1127483594,566,1127484160,0,3,1,512,41,4071316502
9745,1128178374,45596,1128223970,0,2,0,1024,33,6736555398
9746,1128522566,1994,1128524560,0,2,1,2048,33,4916385464
9747,1128730939,1042,1128731981,0,2,1,1024,33,7453073259
9748,1128866115,1518,1128867633,0,2,1,1536,33,8669252731
9749,1128965560,2470,1128968030,0,2,1,2560,33,4728627751
9750,1129465233,3422,1129468655,0,2,1,3584,33,9132040213
9751,1129720776,1518,1129722294,0,2,1,1536,33,9554921036
9752,1129733370,100568,1129833938,0,2,0,30208,33,2153648116
9753,1129913813,62516,1129976329,0,2,0,6144,33,10263400990
9754,1130284054,1042,1130285096,0,3,1,1024,41,1692873241
9755,1130671263,5326,1130676589,0,2,1,5632,33,5569226187
9756,1130943387,6754,1130950141,0,3,1,7168,41,7075671319
9757,1131419126,1042,1131420168,0,2,1,1024,33,1583912935
9758,1131444742,4374,1131449116,0,2,1,4608,33,448629181
9759,1131447982,2870,1131450852,0,3,1,8704,41,10569556092
9760,1132301760,98540,1132400300,0,2,0,23552,33,8045585648
9761,1132509237,67592,1132576829,0,2,0,7680,33,2907304415
9762,1132509274,90708,1132599982,0,2,0,23040,33,2758678445
9763,1132629658,5971,1132635629,0,2,1,14848,33,3751549087
9764,1132768866,12049,1132780915,0,2,1,19968,33,2918455361
9765,1133783380,3387,1133786767,0,2,1,9728,33,1424080389
9766,1134126554,54836,1134181390,0,2,0,6144,33,5827556441
9767,1134204925,116948,1134321873,0,2,0,83968,33,5591537033
9768,1134701359,106028,1134807387,0,2,0,48128,33,57585620
9769,1134974935,3898,1134978833,0,3,1,4096,41,9735762239
9770,1135015930,108524,1135124454,0,2,0,56320,33,9380272839
9771,1135155523,101972,1135257495,0,2,0,34816,33,4039798429
9772,1135209801,4679,1135214480,0,2,1,12288,33,1986679036
9773,1135738412,1994,1135740406,0,3,1,2048,41,8735238546
9774,1136716954,79304,1136796258,0,2,0,15872,33,739566667
9775,1136882058,4162,1136886220,0,2,1,11264,33,10243738078
9776,1137603693,80216,1137683909,0,2,0,13824,33,10048313238
9777,1138118641,123656,1138242297,0,2,0,105984,33,5771265866
9778,1138362671,3422,1138366093,0,2,1,3584,33,5210492555
9779,1139073055,2946,1139076001,0,3,1,3072,41,7013285128
9780,1139267695,12737,1139280432,0,2,1,24576,33,9147578725
9781,1140480638,6278,1140486916,0,2,1,6656,33,10583210058
9782,1140619802,6754,1140626556,0,2,1,7168,33,5774222262
9783,1142051312,7230,1142058542,0,2,1,7680,33,9621917569
9784,1142360843,52988,1142413831,0,2,0,5120,33,2596392537
9785,1142823782,101504,1142925286,0,2,0,33280,33,9091968137
9786,1143178822,6278,1143185100,0,2,1,6656,33,10654162290
9787,1144407778,10757,1144418535,0,3,1,17408,41,5957783701
9788,1144556861,566,1144557427,0,3,1,512,41,5421102108
9789,1145239757,104156,1145343913,0,2,0,41984,33,6434331452
9790,1145515667,1994,1145517661,0,2,1,2048,33,9960274738
9791,1146252061,3645,1146255706,0,2,1,10240,33,3484145549
9792,1146931751,3898,1146935649,0,2,1,4096,33,1408425106
9793,1147118170,103688,1147221858,0,2,0,40448,33,7585365169
9794,1147360845,7230,1147368075,0,2,1,7680,33,7756852947
9795,1148101511,3898,1148105409,0,2,1,4096,33,4023435707
9796,1148112113,2946,1148115059,0,2,1,3072,33,4213371557
9797,1148351181,5326,1148356507,0,3,1,5632,41,7735859677
9798,1148604941,2946,1148607887,0,3,1,3072,41,5269263591
9799,1148989183,5454,1148994637,0,2,1,13824,33,3362042161
9800,1149214121,6278,1149220399,0,2,1,6656,33,189952872
9801,1149950361,1994,1149952355,0,2,1,2048,33,8181340058
9802,1150874109,47288,1150921397,0,2,0,1536,33,344662697
9803,1151009785,3898,1151013683,0,3,1,4096,41,9391990099
9804,1151793599,11016,1151804615,0,3,1,17920,41,10025963794
9805,1151852524,111644,1151964168,0,2,0,66560,33,10444536731
9806,1152383876,105404,1152489280,0,2,0,46080,33,1876713394
9807,1152473242,43904,1152517146,0,2,0,512,33,7573907943
9808,1152532769,81752,1152614521,0,2,0,13824,33,5849812026
9809,1152638499,109772,1152748271,0,2,0,60416,33,8597776431
9810,1152829085,566,1152829651,0,2,1,512,33,8601615190
9811,1153181366,5802,1153187168,0,3,1,6144,41,10506545703
9812,1154120982,566,1154121548,0,2,1,512,33,3282032181
9813,1154555479,1042,1154556521,0,3,1,1024,41,9027644785
9814,1154588930,1042,1154589972,0,3,1,1024,41,360531266
9815,1155465681,4374,1155470055,0,3,1,4608,41,8937680390
9816,1156427485,105560,1156533045,0,2,0,46592,33,3121956734
9817,1156941403,86204,1157027607,0,2,0,13312,33,8333494687
9818,1157035610,1518,1157037128,0,3,1,1536,41,9433019358
9819,1157051763,3422,1157055185,0,2,1,3584,33,3168884103
9820,1157290358,64208,1157354566,0,2,0,6656,33,507716495
9821,1157463448,6754,1157470202,0,3,1,7168,41,8674468027
9822,1157510094,3387,1157513481,0,3,1,9728,41,10575993107
9823,1157943896,2946,1157946842,0,2,1,3072,33,5054726820
9824,1158165987,75296,1158241283,0,2,0,12800,33,9169961654
9825,1158419670,566,1158420236,0,2,1,512,33,9434349648
9826,1158450463,50672,1158501135,0,2,0,2560,33,2605592152
9827,1158504927,73916,1158578843,0,2,0,13312,33,6847722059
9828,1158626021,7230,1158633251,0,2,1,7680,33,314503121
9829,1159103367,103376,1159206743,0,2,0,39424,33,7355796178
9830,1159712184,100724,1159812908,0,2,0,30720,33,1465121991
9831,1160028394,101816,1160130210,0,2,0,34304,33,5942349892
9832,1160448651,5971,1160454622,0,2,1,14848,33,1459968653
9833,1160992412,4162,1160996574,0,2,1,11264,33,1203795633
9834,1161719592,101816,1161821408,0,2,0,34304,33,4341434963
9835,1161786007,1042,1161787049,0,3,1,1024,41,5822472693
9836,1162370248,3422,1162373670,0,3,1,3584,41,6830624976
9837,1162559247,5802,1162565049,0,3,1,6144,41,6935810292
9838,1162835478,4374,1162839852,0,2,1,4608,33,5220139122
9839,1163236927,1518,1163238445,0,2,1,1536,33,4076576904
9840,1166257929,190904,1166448833,0,2,0,165376,33,10511166524
9841,1167406239,2946,1167409185,0,3,1,3072,41,8977837658
9842,1167760941,4850,1167765791,0,3,1,5120,41,8589321328
9843,1167798588,121160,1167919748,0,2,0,97792,33,7542719662
9844,1168727410,2946,1168730356,0,3,1,3072,41,1939357092
9845,1169069660,1042,1169070702,0,2,1,1024,33,10346025049
9846,1169168759,1994,1169170753,0,3,1,2048,41,4968160189
9847,1169291926,6488,1169298414,0,3,1,15872,41,2457804414
9848,1169313748,2946,1169316694,0,3,1,3072,41,3522225509
9849,1169349725,3898,1169353623,0,3,1,4096,41,4792446536
9850,1169648861,5802,1169654663,0,3,1,6144,41,4997130487
9851,1169925822,45596,1169971418,0,2,0,1024,33,3432039249
9852,1169994437,1994,1169996431,0,3,1,2048,41,9845818020
9853,1170515352,5326,1170520678,0,3,1,5632,41,2710800256
9854,1170710291,93596,1170803887,0,2,0,17408,33,2834072603
9855,1170724796,2470,1170727266,0,2,1,2560,33,8426277238
9856,1170850010,5326,1170855336,0,2,1,5632,33,6270257349
9857,1170909155,72824,1170981979,0,2,0,9728,33,8907105339
9858,1171156249,3387,1171159636,0,2,1,9728,33,193957076
9859,1171276259,1518,1171277777,0,3,1,1536,41,4862356333
9860,1171360065,3422,1171363487,0,3,1,3584,41,1192952342
9861,1171475475,6754,1171482229,0,3,1,7168,41,6453850209
9862,1171741727,2470,1171744197,0,2,1,2560,33,1385461289
9863,1172303171,3128,1172306299,0,2,1,9216,33,10638255374
9864,1173775824,72668,1173848492,0,2,0,9216,33,9655629161
9865,1174120528,4937,1174125465,0,2,1,12800,33,9768693071
9866,1174279599,3904,1174283503,0,2,1,10752,33,4447012886
9867,1175219164,102752,1175321916,0,2,0,37376,33,2129421645
9868,1175587554,566,1175588120,0,3,1,512,41,3498146942
9869,1175703249,59912,1175763161,0,2,0,7680,33,6022865363
9870,1176127794,98696,1176226490,0,2,0,24064,33,1310346545
9871,1176486166,121784,1176607950,0,2,0,99840,33,1179492173
9872,1176653664,5802,1176659466,0,3,1,6144,41,4211493309
9873,1177308805,67592,1177376397,0,2,0,7680,33,8488645859
9874,1177342395,56528,1177398923,0,2,0,6656,33,6164427093
9875,1177394053,104290,1177498343,0,2,0,33280,33,944410632
9876,1177518671,196052,1177714723,0,2,0,182272,33,2609893367
9877,1178006408,4850,1178011258,0,2,1,5120,33,6850387784
9878,1178209171,2946,1178212117,0,2,1,3072,33,8312836874
9879,1179433499,1994,1179435493,0,3,1,2048,41,25058962
9880,1179677075,109616,1179786691,0,2,0,59904,33,9638113361
9881,1179710893,566,1179711459,0,3,1,512,41,4913062543
9882,1179843731,566,1179844297,0,3,1,512,41,1783615660
9883,1179857708,3422,1179861130,0,2,1,3584,33,7902579813
9884,1179875063,4850,1179879913,0,2,1,5120,33,8854367680
9885,1179978835,101036,1180079871,0,2,0,31744,33,550135706
9886,1180013218,139547,1180152765,0,2,0,43008,33,2005715081
9887,1180066023,102596,1180168619,0,2,0,36864,33,4963904023
9888,1180422747,4374,1180427121,0,3,1,4608,41,1234061598
9889,1180709612,5802,1180715414,0,3,1,6144,41,10297912122
9890,1181052639,108056,1181160695,0,2,0,54784,33,2744191529
9891,1181239105,6278,1181245383,0,2,1,6656,33,10607545525
9892,1181652482,12566,1181665048,0,2,1,20992,33,4477108452
9893,1181791986,3645,1181795631,0,3,1,10240,41,5090033814
9894,1181888803,1042,1181889845,0,3,1,1024,41,7285614501
9895,1182014136,117884,1182132020,0,2,0,87040,33,7067983040
9896,1182523678,1994,1182525672,0,3,1,2048,41,6259727431
9897,1183144269,5802,1183150071,0,3,1,6144,41,9040316681
9898,1183757289,79436,1183836725,0,2,0,11264,33,9519707164
9899,1183801194,5802,1183806996,0,2,1,6144,33,723754377
9900,1183892056,6278,1183898334,0,3,1,6656,41,8346575207
9901,1184226739,4420,1184231159,0,3,1,11776,41,312079310
9902,1184772856,4374,1184777230,0,3,1,4608,41,412466756
9903,1184931062,89768,1185020830,0,2,0,19968,33,7842531266
9904,1186085177,6278,1186091455,0,2,1,6656,33,4294297557
9905,1186096513,3422,1186099935,0,2,1,3584,33,3869164117
9906,1186179154,154018,1186333172,0,2,0,60928,33,4500655045
9907,1186211525,3904,1186215429,0,3,1,10752,41,216728924
9908,1187030139,4679,1187034818,0,2,1,12288,33,998571681
9909,1187331899,1042,1187332941,0,2,1,1024,33,3841660208
9910,1187347140,1518,1187348658,0,2,1,1536,33,7346081240
9911,1187991050,7230,1187998280,0,2,1,7680,33,10440948369
9912,1188693204,2946,1188696150,0,2,1,3072,33,7528792407
9913,1188927739,109304,1189037043,0,2,0,58880,33,8809975506
9914,1188939010,73448,1189012458,0,2,0,11776,33,10303439254
9915,1189561459,10499,1189571958,0,2,1,16896,33,1256346843
9916,1189640920,76388,1189717308,0,2,0,16384,33,682928045
9917,1190109312,2946,1190112258,0,2,1,3072,33,937854154
9918,1190394538,566,1190395104,0,2,1,512,33,5880324124
9919,1190727084,1994,1190729078,0,2,1,2048,33,1045134784
9920,1190995093,84692,1191079785,0,2,0,18432,33,9124172144
9921,1191333605,4374,1191337979,0,3,1,4608,41,5292530054
9922,1191616714,566,1191617280,0,2,1,512,33,1703235023
9923,1192861331,566,1192861897,0,3,1,512,41,3606426819
9924,1193085835,10241,1193096076,0,3,1,16384,41,6592849550
9925,1193223027,1994,1193225021,0,2,1,2048,33,9645138454
9926,1193562889,97448,1193660337,0,2,0,19968,33,7415730134
9927,1193715660,5802,1193721462,0,2,1,6144,33,1537393658
9928,1194255500,7706,1194263206,0,2,1,8192,33,3150454057
9929,1194720840,1518,1194722358,0,3,1,1536,41,6631932553
9930,1194835409,104312,1194939721,0,2,0,42496,33,1732300028
9931,1195324197,59600,1195383797,0,2,0,6656,33,1544161053
9932,1195332815,566,1195333381,0,3,1,512,41,7142895556
9933,1195376178,5326,1195381504,0,3,1,5632,41,6162319826
9934,1195863785,566,1195864351,0,2,1,512,33,4449557286
9935,1196369603,2870,1196372473,0,3,1,8704,41,5361900640
9936,1196497175,13341,1196510516,0,2,1,22528,33,5602593768
9937,1197088368,4374,1197092742,0,2,1,4608,33,2136598947
9938,1197151704,54056,1197205760,0,2,0,3584,33,2906775427
9939,1197660274,73760,1197734034,0,2,0,12800,33,9047395114
9940,1197751940,1042,1197752982,0,3,1,1024,41,4583101573
9941,1197872570,6278,1197878848,0,3,1,6656,41,6923215708
9942,1197879465,2946,1197882411,0,2,1,3072,33,8150375712
9943,1198433579,54212,1198487791,0,2,0,4096,33,4811839069
9944,1199010437,1042,1199011479,0,2,1,1024,33,4821505479
9945,1199146595,3898,1199150493,0,3,1,4096,41,3241452579
9946,1200442941,4374,1200447315,0,3,1,4608,41,1308914027
9947,1200988328,45596,1201033924,0,2,0,1024,33,2739823559
9948,1201014952,99476,1201114428,0,2,0,26624,33,6592991305
9949,1201074457,109433,1201183890,0,2,0,26624,33,7322607437
9950,1201212977,126620,1201339597,0,2,0,115712,33,7736249726
9951,1201701880,566,1201702446,0,2,1,512,33,6643576977
9952,1201703816,6229,1201710045,0,2,1,15360,33,3815359554
9953,1202019513,5971,1202025484,0,2,1,14848,33,2458970359
9954,1202224993,1042,1202226035,0,3,1,1024,41,1898727526
9955,1202377305,3422,1202380727,0,3,1,3584,41,2573189959
9956,1202582937,99476,1202682413,0,2,0,26624,33,9140808172
9957,1202771522,102128,1202873650,0,2,0,35328,33,5033713224
9958,1203407742,110084,1203517826,0,2,0,61440,33,6313657843
9959,1203491781,3898,1203495679,0,2,1,4096,33,5663812163
9960,1204256734,3904,1204260638,0,2,1,10752,33,1552653262
9961,1204388534,2870,1204391404,0,2,1,8704,33,6985831340
9962,1205197064,47288,1205244352,0,2,0,1536,33,1888349672
9963,1205226141,100880,1205327021,0,2,0,31232,33,2927302617
9964,1205277644,4850,1205282494,0,2,1,5120,33,2089860123
9965,1205362438,101036,1205463474,0,2,0,31744,33,942675275
9966,1205696369,147620,1205843989,0,2,0,139264,33,6283286582
9967,1205802841,3387,1205806228,0,3,1,9728,41,8277786953
9968,1205934982,2946,1205937928,0,2,1,3072,33,4544254248
9969,1206268118,99944,1206368062,0,2,0,28160,33,8967676403
9970,1206288341,105872,1206394213,0,2,0,47616,33,969331856
9971,1206754885,3645,1206758530,0,2,1,10240,33,9696424267
9972,1207045891,57440,1207103331,0,2,0,4608,33,4294210919
9973,1207158074,1042,1207159116,0,3,1,1024,41,8871138910
9974,1207294705,6278,1207300983,0,3,1,6656,41,9786789577
9975,1207354249,102284,1207456533,0,2,0,35840,33,1843024410
9976,1207728255,2470,1207730725,0,3,1,2560,41,4978544888
9977,1207906983,566,1207907549,0,3,1,512,41,8744900743
9978,1208341677,84512,1208426189,0,2,0,12800,33,10303928769
9979,1208590770,43904,1208634674,0,2,0,512,33,1669634527
9980,1209297532,1042,1209298574,0,3,1,1024,41,8270464544
9981,1209561534,3904,1209565438,0,3,1,10752,41,1650691653
9982,1209884767,2870,1209887637,0,2,1,8704,33,1855575944
9983,1209886356,566,1209886922,0,3,1,512,41,4925049464
9984,1210317852,2470,1210320322,0,3,1,2560,41,10494911983
9985,1210397869,48980,1210446849,0,2,0,2048,33,7431377802
9986,1210422382,5196,1210427578,0,2,1,13312,33,2708690715
9987,1212358567,7706,1212366273,0,3,1,8192,41,4069833814
9988,1212558864,2946,1212561810,0,3,1,3072,41,8695828835
9989,1213405458,566,1213406024,0,3,1,512,41,8751660039
9990,1215420784,7706,1215428490,0,3,1,8192,41,5782958607
9991,1216816371,1518,1216817889,0,3,1,1536,41,7035941852
9992,1217856904,5454,1217862358,0,3,1,13824,41,6327726452
9993,1218194882,1994,1218196876,0,3,1,2048,41,6231486473
9994,1222336301,1518,1222337819,0,3,1,1536,41,4738214941
9995,1223187397,7230,1223194627,0,3,1,7680,41,696200220
9996,1225129547,5326,1225134873,0,3,1,5632,41,5298334020
9997,1227358656,5454,1227364110,0,3,1,13824,41,5058699102
9998,1227706320,1042,1227707362,0,3,1,1024,41,5138342458
9999,1228737709,3422,1228741131,0,3,1,3584,41,5982626726
