RequestID,ArrivalTime,DelayTime,FinishTime,InitiatorID,TargetID,IOType,Size,VolumeID,Offset
0,0,100568,100568,0,0,0,30208,41,2566402667
1,1,6229,6230,0,8,1,15360,28,4295789294
2,2,7706,7708,0,7,1,8192,26,6803345863
3,3,2470,2473,0,6,1,2560,8,2764503071
4,4,3422,3426,0,5,1,3584,16,3931004031
5,5,43904,43909,0,4,0,512,35,605233506
6,6,566,572,0,3,1,512,42,1194053205
7,7,5712,5719,0,2,1,14336,12,1285366466
8,8,2946,2954,0,1,1,3072,19,6738518450
9,9,98228,98237,0,9,0,22528,46,4040139571
10,6389,6229,12618,0,3,1,15360,42,2217039656
11,23910,5454,29364,0,1,1,13824,19,7163469058
12,27268,43904,71172,0,4,0,512,35,4935881083
13,38010,1994,40004,0,7,1,2048,26,6719140813
14,82200,54056,136256,0,1,0,3584,19,4423781477
15,102759,1042,103801,0,8,1,1024,28,7538649504
16,106848,10241,117089,0,4,1,16384,35,5608595907
17,160532,6278,166810,0,9,1,6656,46,9578682965
18,170238,121316,291554,0,5,0,98304,16,9137993676
19,175409,1994,177403,0,6,1,2048,8,3478558526
20,178728,120447,299175,0,4,0,4608,35,9846653803
21,193784,15062,208846,0,9,1,29184,46,9213609100
22,235508,75164,310672,0,0,0,17408,41,3180839791
23,250520,3898,254418,0,1,1,4096,19,1056319843
24,282000,54056,336056,0,3,0,3584,42,9312133311
25,318445,1042,319487,0,5,1,1024,16,6974330814
26,354251,209000,563251,0,9,0,224768,46,8603088251
27,376676,4374,381050,0,2,1,4608,12,2842912498
28,397405,43904,441309,0,4,0,512,35,7822940700
29,414142,77744,491886,0,3,0,10752,42,9522038111
30,438696,5802,444498,0,0,1,6144,41,10223659511
31,466029,43904,509933,0,1,0,512,19,1489769647
32,503381,1518,504899,0,7,1,1536,26,8657216684
33,524557,21916,546473,0,2,1,35840,12,6537200661
34,561065,43904,604969,0,3,0,512,42,7654115612
35,579570,4937,584507,0,7,1,12800,26,3051720533
36,586374,52832,639206,0,4,0,4608,35,5693310200
37,593570,59132,652702,0,4,0,5120,35,2663294353
38,608929,5712,614641,0,8,1,14336,28,2155828019
39,609241,47288,656529,0,0,0,1536,41,9283221653
40,642634,4850,647484,0,5,1,5120,16,6163111877
41,647367,12049,659416,0,8,1,19968,28,659133298
42,651720,95780,747500,0,5,0,24576,16,9315926410
43,662992,16613,679605,0,2,1,32256,12,6658446183
44,665338,24670,690008,0,5,1,44544,16,7881490237
45,691019,3422,694441,0,4,1,3584,35,946857100
46,707597,5971,713568,0,1,1,14848,19,17001549
47,720555,5326,725881,0,5,1,5632,16,5522121318
48,750304,12825,763129,0,6,1,21504,8,1264990004
49,775535,5326,780861,0,2,1,5632,12,4379080419
50,789892,106340,896232,0,5,0,49152,16,1175695551
51,796044,32299,828343,0,8,1,52736,28,6708953322
52,802214,1994,804208,0,1,1,2048,19,7852698055
53,853925,4937,858862,0,8,1,12800,28,6343758292
54,880047,16200,896247,0,5,1,6144,16,1604091524
55,946829,47288,994117,0,0,0,1536,41,1682469539
56,957972,43904,1001876,0,1,0,512,19,3058428600
57,981429,3898,985327,0,1,1,4096,19,2201991899
58,997974,14804,1012778,0,3,1,28672,42,6619849495
59,1005833,4850,1010683,0,6,1,5120,8,4697885603
60,1006929,6229,1013158,0,8,1,15360,28,8265973437
61,1014171,62516,1076687,0,4,0,6144,35,10331643964
62,1066184,1518,1067702,0,5,1,1536,16,5556911188
63,1122861,2470,1125331,0,8,1,2560,28,8988447551
64,1131555,4679,1136234,0,7,1,12288,26,4795776408
65,1131692,1994,1133686,0,6,1,2048,8,742212939
66,1135613,3645,1139258,0,7,1,10240,26,2767912141
67,1180808,2470,1183278,0,9,1,2560,46,1944740385
68,1185091,110396,1295487,0,7,0,62464,26,2447576338
69,1223702,2946,1226648,0,4,1,3072,35,7516859172
70,1226337,1042,1227379,0,7,1,1024,26,8374846957
71,1229840,2946,1232786,0,9,1,3072,46,2956756567
72,1275030,12049,1287079,0,9,1,19968,46,9605455374
73,1318944,3128,1322072,0,8,1,9216,28,9647176176
74,1325929,5971,1331900,0,4,1,14848,35,3228784596
75,1330398,45596,1375994,0,1,0,1024,19,5796468094
76,1330851,31266,1362117,0,7,1,50688,26,747215754
77,1381052,47288,1428340,0,1,0,1536,19,7292641461
78,1387853,145779,1533632,0,4,0,1536,35,4095173830
79,1400509,14029,1414538,0,2,1,27136,12,1778291066
80,1416966,47288,1464254,0,5,0,1536,16,3268430529
81,1424811,23725,1448536,0,4,1,39424,35,633319836
82,1449721,11016,1460737,0,7,1,17920,26,7532299225
83,1470900,6754,1477654,0,8,1,7168,28,1857118303
84,1475855,5326,1481181,0,2,1,5632,12,592536926
85,1479362,13083,1492445,0,7,1,22016,26,608752049
86,1490286,15062,1505348,0,9,1,29184,46,3448934807
87,1518357,50828,1569185,0,4,0,3072,35,7035467672
88,1656738,1518,1658256,0,3,1,1536,42,9006367624
89,1679910,72668,1752578,0,9,0,9216,46,10068358688
90,1730145,5712,1735857,0,7,1,14336,26,4897944919
91,1746263,47288,1793551,0,4,0,1536,35,3011948247
92,1768633,2470,1771103,0,1,1,2560,19,4086494342
93,1797679,5802,1803481,0,4,1,6144,35,3126191767
94,1804299,5196,1809495,0,7,1,13312,26,7991026183
95,1875189,52364,1927553,0,0,0,3072,41,38866478
96,1925618,5802,1931420,0,8,1,6144,28,7542737531
97,1936120,5326,1941446,0,6,1,5632,8,3679380400
98,2051288,3898,2055186,0,3,1,4096,42,8792677816
99,2052726,3387,2056113,0,5,1,9728,16,9311915250
100,2074415,4420,2078835,0,4,1,11776,35,2351696329
101,2101395,1518,2102913,0,3,1,1536,42,2784114588
102,2118263,95180,2213443,0,9,0,27648,46,5411560673
103,2123310,6278,2129588,0,7,1,6656,26,8168823907
104,2133666,5971,2139637,0,3,1,14848,42,2032859480
105,2176612,1042,2177654,0,7,1,1024,26,9010523296
106,2227888,105716,2333604,0,7,0,47104,26,7722337655
107,2265270,4420,2269690,0,3,1,11776,42,2177617049
108,2287350,43904,2331254,0,4,0,512,35,3562950151
109,2330223,13600,2343823,0,1,1,23040,19,1111516129
110,2357100,48980,2406080,0,9,0,2048,46,2435560527
111,2392117,47288,2439405,0,4,0,1536,35,7781556575
112,2420371,5454,2425825,0,3,1,13824,42,4437391201
113,2427655,48980,2476635,0,3,0,2048,42,5123364624
114,2447397,89504,2536901,0,9,0,16384,46,4339107699
115,2457441,177626,2635067,0,9,0,110592,46,2708880979
116,2612247,43904,2656151,0,0,0,512,41,7041158390
117,2641417,45596,2687013,0,1,0,1024,19,1247302926
118,2705208,5196,2710404,0,5,1,13312,16,8943825640
119,2722954,43904,2766858,0,0,0,512,41,114091522
120,2745569,52364,2797933,0,1,0,3072,19,7116352580
121,2747502,14287,2761789,0,3,1,27648,42,10028717278
122,2762938,50672,2813610,0,0,0,2560,41,6373810544
123,2774667,112112,2886779,0,7,0,68096,26,5787681797
124,2777913,1518,2779431,0,8,1,1536,28,8215051800
125,2780074,142921,2922995,0,7,0,60928,26,9247148199
126,2816086,4374,2820460,0,1,1,4608,19,4392183336
127,2816835,50672,2867507,0,0,0,2560,41,1303099075
128,2879926,3422,2883348,0,8,1,3584,28,1420207367
129,2882903,123656,3006559,0,9,0,105984,46,5463144366
130,2919446,3422,2922868,0,3,1,3584,42,6320479099
131,3001791,259016,3260807,0,5,0,278016,16,9270506067
132,3008574,12825,3021399,0,5,1,21504,16,5652833620
133,3083035,52364,3135399,0,4,0,3072,35,6192032771
134,3089484,53753,3143237,0,7,1,91136,26,3122965129
135,3199407,71633,3271040,0,5,1,16384,16,503009520
136,3226317,125404,3351721,0,7,1,207360,26,631627228
137,3324087,91952,3416039,0,9,0,27136,46,5874362468
138,3324780,3422,3328202,0,1,1,3584,19,5701586029
139,3345143,3645,3348788,0,5,1,10240,16,7455340416
140,3373247,54358,3427605,0,7,1,89088,26,9871941782
141,3404844,43904,3448748,0,0,0,512,41,2265849950
142,3452827,196676,3649503,0,9,0,184320,46,1725372359
143,3557632,84387,3642019,0,7,1,140800,26,2270941931
144,3557762,47288,3605050,0,1,0,1536,19,1016503995
145,3633843,127920,3761763,0,9,0,68608,46,1598611804
146,3683202,52033,3735235,0,7,1,84480,26,1749478270
147,3728382,1518,3729900,0,1,1,1536,19,4305024096
148,3785865,5802,3791667,0,3,1,6144,42,10557947872
149,3830133,73628,3903761,0,5,0,17408,16,6769676748
150,3843653,86454,3930107,0,7,1,144896,26,844954379
151,4028249,117416,4145665,0,5,0,85504,16,1511980955
152,4041253,43904,4085157,0,1,0,512,19,1482381747
153,4058798,14029,4072827,0,3,1,27136,42,5938355881
154,4071372,48980,4120352,0,0,0,2048,41,1154213032
155,4076589,33245,4109834,0,7,1,57856,26,10330956729
156,4100487,6278,4106765,0,1,1,6656,19,3699037316
157,4170960,61899,4232859,0,7,1,100352,26,3307347498
158,4196711,50672,4247383,0,3,0,2560,42,4626442287
159,4245118,2470,4247588,0,5,1,2560,16,6149352419
160,4311060,105092,4416152,0,9,0,45056,46,10676983110
161,4362281,45596,4407877,0,3,0,1024,42,6589331669
162,4388776,50672,4439448,0,4,0,2560,35,5456573528
163,4447577,5802,4453379,0,1,1,6144,19,1426027480
164,4460671,24412,4485083,0,1,1,44032,19,8766300567
165,4466654,4937,4471591,0,3,1,12800,42,4200607648
166,4485151,1042,4486193,0,5,1,1024,16,10161845357
167,4498404,94083,4592487,0,7,1,153088,26,3242802526
168,4553712,106028,4659740,0,5,0,48128,16,8819646722
169,4571542,66524,4638066,0,5,0,9216,16,5646984304
170,4572763,48949,4621712,0,1,0,512,19,2521435048
171,4585613,134373,4719986,0,5,0,48128,16,3105400256
172,4604268,188864,4793132,0,5,0,80384,16,1386249988
173,4625191,50672,4675863,0,1,0,2560,19,10120514598
174,4672252,3898,4676150,0,7,1,4096,26,6723070233
175,4775907,45596,4821503,0,4,0,1024,35,3641350949
176,4795751,3898,4799649,0,5,1,4096,16,6275938973
177,4836637,5326,4841963,0,1,1,5632,19,757345121
178,4989172,10241,4999413,0,1,1,16384,19,5710021747
179,5061477,108212,5169689,0,7,0,55296,26,7648151532
180,5071253,7230,5078483,0,1,1,7680,19,1710381458
181,5135992,100412,5236404,0,5,0,29696,16,10013404174
182,5155065,6278,5161343,0,3,1,6656,42,577504943
183,5225022,14804,5239826,0,5,1,28672,16,9977430405
184,5269357,52364,5321721,0,0,0,3072,41,5428277078
185,5285830,45596,5331426,0,1,0,1024,19,8111782604
186,5294922,121478,5416400,0,5,0,96256,16,10121871302
187,5296185,13858,5310043,0,5,1,23552,16,2600043684
188,5406236,11533,5417769,0,7,1,18944,26,1710973541
189,5515331,45752,5561083,0,4,0,1536,35,2047355934
190,5660446,69284,5729730,0,1,0,8192,19,9028953856
191,5674144,93800,5767944,0,9,0,28160,46,3730761091
192,5695885,43904,5739789,0,4,0,512,35,1406296061
193,5720979,98072,5819051,0,7,0,22016,26,1166470976
194,5787804,52364,5840168,0,5,0,3072,16,1279642967
195,5859147,3904,5863051,0,5,1,10752,16,3439138382
196,5901484,43904,5945388,0,9,0,512,46,3436232208
197,5919036,194180,6113216,0,5,0,176128,16,1563766541
198,5924810,234753,6159563,0,5,0,152064,16,5391823759
199,5945085,43904,5988989,0,4,0,512,35,3248743202
200,5961160,7706,5968866,0,5,1,8192,16,6806977071
201,6007052,229639,6236691,0,5,0,120320,16,6857382142
202,6084048,68084,6152132,0,7,0,14336,26,2892396241
203,6086655,7230,6093885,0,9,1,7680,46,6878708143
204,6105378,14029,6119407,0,3,1,27136,42,6148372931
205,6124715,566,6125281,0,3,1,512,42,9837242464
206,6210249,189500,6399749,0,7,0,160768,26,895806505
207,6257865,54056,6311921,0,4,0,3584,35,3225004836
208,6315674,2470,6318144,0,9,1,2560,46,6563246518
209,6321630,1518,6323148,0,5,1,1536,16,2842764076
210,6363065,43904,6406969,0,0,0,512,41,1230182069
211,6414393,43904,6458297,0,9,0,512,46,5841440978
212,6474777,90680,6565457,0,5,0,17920,16,5732099959
213,6485714,47288,6533002,0,9,0,1536,46,2877995686
214,6494917,43904,6538821,0,4,0,512,35,9551842806
215,6504409,87896,6592305,0,7,0,13824,26,10325686752
216,6524230,43904,6568134,0,4,0,512,35,8382775821
217,6542686,21399,6564085,0,9,1,34816,46,8755602049
218,6555891,43904,6599795,0,4,0,512,35,2134711371
219,6581186,43904,6625090,0,1,0,512,19,2091053371
220,6585168,55748,6640916,0,9,0,4096,46,337618157
221,6609624,211496,6821120,0,5,0,232960,16,10118218814
222,6611033,6278,6617311,0,5,1,6656,16,3240285248
223,6698659,3128,6701787,0,3,1,9216,42,8771555304
224,6807040,47288,6854328,0,3,0,1536,42,9824251366
225,6885417,50672,6936089,0,0,0,2560,41,5205483846
226,6913538,43904,6957442,0,4,0,512,35,7104707431
227,6933520,3645,6937165,0,9,1,10240,46,8100713026
228,6983757,7706,6991463,0,9,1,8192,46,4984139799
229,7021199,4679,7025878,0,5,1,12288,16,10301930427
230,7159920,69152,7229072,0,7,0,12800,26,6044209971
231,7160548,47288,7207836,0,3,0,1536,42,7931179509
232,7160561,48980,7209541,0,4,0,2048,35,5929198436
233,7175303,117104,7292407,0,5,0,84480,16,2777796224
234,7259968,47288,7307256,0,4,0,1536,35,9943687311
235,7378868,92708,7471576,0,5,0,24576,16,1879055500
236,7394961,2470,7397431,0,3,1,2560,42,6292177957
237,7442897,43904,7486801,0,0,0,512,41,3123597745
238,7445326,35312,7480638,0,5,1,61952,16,4755764499
239,7529293,50672,7579965,0,0,0,2560,41,2128059331
240,7532298,566,7532864,0,5,1,512,16,9042039884
241,7557722,1994,7559716,0,5,1,2048,16,35032269
242,7558637,131102,7689739,0,5,0,104960,16,452855362
243,7565950,73069,7639019,0,3,0,1024,42,499106066
244,7570298,45596,7615894,0,4,0,1024,35,9682267685
245,7579212,4162,7583374,0,3,1,11264,42,7971323643
246,7756985,43904,7800889,0,9,0,512,46,7323317342
247,7801057,121004,7922061,0,7,0,97280,26,5246400747
248,7812578,6278,7818856,0,5,1,6656,16,2740866889
249,7884131,205690,8089821,0,7,0,186880,26,10066080821
250,7886077,45596,7931673,0,1,0,1024,19,3605695914
251,7886934,112736,7999670,0,5,0,70144,16,2230941974
252,7891586,50672,7942258,0,0,0,2560,41,8892456585
253,8032605,5196,8037801,0,5,1,13312,16,1390091563
254,8064716,2946,8067662,0,9,1,3072,46,3693851042
255,8077441,365630,8443071,0,5,0,404992,16,10647952454
256,8169771,284882,8454653,0,5,0,37888,16,6427495998
257,8188100,45596,8233696,0,3,0,1024,42,7092920807
258,8194419,1042,8195461,0,5,1,1024,16,2715452600
259,8264133,218006,8482139,0,5,0,90112,16,5240421948
260,8296862,146224,8443086,0,5,1,50688,16,1898879893
261,8303199,151469,8454668,0,5,1,175104,16,7945936109
262,8334333,5712,8340045,0,8,1,14336,28,3662534569
263,8373046,47288,8420334,0,3,0,1536,42,3849102508
264,8373444,13512,8386956,0,3,1,26112,42,5972938533
265,8375864,110913,8486777,0,5,1,12288,16,740407113
266,8442131,43904,8486035,0,1,0,512,19,124421644
267,8508862,11274,8520136,0,3,1,18432,42,3446451281
268,8582810,10241,8593051,0,3,1,16384,42,9778003484
269,8599444,55748,8655192,0,3,0,4096,42,627430885
270,8774517,3387,8777904,0,9,1,9728,46,2071221559
271,8792016,57440,8849456,0,4,0,4608,35,8435036864
272,8847331,203228,9050559,0,5,0,205824,16,60053554
273,8881126,101036,8982162,0,7,0,31744,26,8420767754
274,8935181,49136,8984317,0,0,0,2560,41,784355612
275,8958155,113662,9071817,0,5,0,47616,16,2807127961
276,8971550,45596,9017146,0,0,0,1024,41,936924559
277,8998962,194230,9193192,0,5,1,230912,16,6509498718
278,9006423,2870,9009293,0,3,1,8704,42,381220091
279,9023689,5196,9028885,0,9,1,13312,46,8244461388
280,9057000,43904,9100904,0,1,0,512,19,6497566014
281,9099860,93793,9193653,0,5,1,10240,16,7345141610
282,9103535,139760,9243295,0,3,0,133632,42,5473110087
283,9170850,43904,9214754,0,4,0,512,35,10693076888
284,9255084,115076,9370160,0,7,0,77824,26,8863730103
285,9292631,61382,9354013,0,5,1,99328,16,4295887322
286,9351609,4679,9356288,0,3,1,12288,42,3592054914
287,9374760,130210,9504970,0,5,0,63488,16,4182670222
288,9449907,3898,9453805,0,9,1,4096,46,888993759
289,9461524,75295,9536819,0,5,1,126464,16,10360820158
290,9602909,100880,9703789,0,5,0,31232,16,10334965066
291,9647080,105248,9752328,0,7,0,45568,26,3974322898
292,9690701,1042,9691743,0,9,1,1024,46,5491718168
293,9729844,47288,9777132,0,9,0,1536,46,3354430947
294,9770272,54056,9824328,0,9,0,3584,46,384541588
295,9801190,4420,9805610,0,3,1,11776,42,7563034902
296,9928074,43628,9971702,0,5,1,74752,16,4682335881
297,10027879,116792,10144671,0,7,0,83456,26,6705223579
298,10079891,48980,10128871,0,0,0,2048,41,10308160064
299,10180444,4420,10184864,0,5,1,11776,16,3206988925
300,10337625,45596,10383221,0,5,0,1024,16,3460274929
301,10364819,6278,10371097,0,5,1,6656,16,2216403402
302,10428982,1994,10430976,0,9,1,2048,46,4346666416
303,10482326,100256,10582582,0,7,0,29184,26,7611027012
304,10484027,107432,10591459,0,3,0,52736,42,7137079033
305,10509442,43904,10553346,0,4,0,512,35,3766384750
306,10512906,3898,10516804,0,9,1,4096,46,4909606230
307,10582018,43904,10625922,0,4,0,512,35,10734093879
308,10583746,57440,10641186,0,1,0,4608,19,8122328143
309,10612418,7230,10619648,0,5,1,7680,16,7811356749
310,10616402,71525,10687927,0,5,0,4608,16,7290765880
311,10740043,50672,10790715,0,0,0,2560,41,4608872057
312,10760900,3645,10764545,0,3,1,10240,42,1696175845
313,10765903,336308,11102211,0,5,1,544768,16,1298561317
314,10941019,47288,10988307,0,4,0,1536,35,3670975956
315,10956497,5196,10961693,0,2,1,13312,12,2513066183
316,10971125,157622,11128747,0,5,1,94208,16,2034800427
317,10990259,179604,11169863,0,5,1,131072,16,1247132426
318,11016363,104468,11120831,0,7,0,43008,26,7854601199
319,11048876,1042,11049918,0,3,1,1024,42,5091091125
320,11164367,302545,11466912,0,5,0,17408,16,5973977371
321,11189858,6278,11196136,0,3,1,6656,42,3793620825
322,11212973,101660,11314633,0,7,0,33792,26,1222002869
323,11316869,48980,11365849,0,4,0,2048,35,909202455
324,11333313,45596,11378909,0,0,0,1024,41,10495706612
325,11519883,126152,11646035,0,5,0,114176,16,8113213222
326,11527290,1042,11528332,0,3,1,1024,42,914789666
327,11583782,43904,11627686,0,0,0,512,41,4713917573
328,11671830,6488,11678318,0,3,1,15872,42,1784509180
329,11681791,26479,11708270,0,5,1,48128,16,7542113622
330,11701754,142906,11844660,0,5,0,54272,16,8765546764
331,11724868,48980,11773848,0,1,0,2048,19,3531392994
332,11736630,2946,11739576,0,9,1,3072,46,3026946951
333,11815894,7230,11823124,0,9,1,7680,46,7576955458
334,11896062,47288,11943350,0,0,0,1536,41,7144495726
335,11997554,43904,12041458,0,4,0,512,35,335073068
336,12130028,1994,12132022,0,3,1,2048,42,2005223582
337,12160757,55748,12216505,0,7,0,4096,26,5036663509
338,12172260,48980,12221240,0,0,0,2048,41,316137393
339,12207117,43904,12251021,0,4,0,512,35,876995092
340,12390769,119756,12510525,0,3,0,93184,42,7086780163
341,12390979,14029,12405008,0,3,1,27136,42,6790338437
342,12480902,43904,12524806,0,0,0,512,41,8202640931
343,12561196,117604,12678800,0,5,1,195584,16,5245361911
344,12592167,43904,12636071,0,0,0,512,41,8097505489
345,12598469,2470,12600939,0,9,1,2560,46,2154405795
346,12772302,48980,12821282,0,1,0,2048,19,6087729639
347,12772780,160064,12932844,0,7,0,139776,26,7231623978
348,12788922,10757,12799679,0,9,1,17408,46,6507631976
349,12803186,47288,12850474,0,1,0,1536,19,9129291306
350,12837076,2946,12840022,0,4,1,3072,35,8351053444
351,12858941,112579,12971520,0,7,0,52736,26,6566485934
352,12867029,43904,12910933,0,4,0,512,35,1526626749
353,12870634,43904,12914538,0,0,0,512,41,487639269
354,12971057,47288,13018345,0,0,0,1536,41,3475822035
355,12987779,6754,12994533,0,3,1,7168,42,1571362196
356,13086787,51140,13137927,0,4,0,4096,35,3701994332
357,13130972,43904,13174876,0,0,0,512,41,9221794390
358,13155642,4937,13160579,0,9,1,12800,46,8639655280
359,13264642,43904,13308546,0,4,0,512,35,4888176525
360,13289896,43904,13333800,0,1,0,512,19,67448324
361,13320216,11016,13331232,0,0,1,17920,41,3461549484
362,13398043,23208,13421251,0,3,1,38400,42,7876234565
363,13439159,155645,13594804,0,3,0,18432,42,4325941401
364,13491084,74852,13565936,0,5,0,16384,16,6265566827
365,13507042,106340,13613382,0,7,0,49152,26,8977108658
366,13519102,72224,13591326,0,5,0,12800,16,9077709108
367,13588316,43904,13632220,0,4,0,512,35,5965405372
368,13612366,125600,13737966,0,7,0,109056,26,2657400042
369,13718757,99476,13818233,0,5,0,26624,16,9240287192
370,13734150,47288,13781438,0,0,0,1536,41,10569860081
371,13744421,48980,13793401,0,4,0,2048,35,3934073524
372,13755515,106496,13862011,0,3,0,49664,42,333282354
373,13818580,137079,13955659,0,3,0,57344,42,1898156950
374,13840144,201980,14042124,0,5,0,201728,16,4827483720
375,13846611,114920,13961531,0,7,0,77312,26,872673876
376,13852387,45596,13897983,0,0,0,1024,41,7649725957
377,13861947,22691,13884638,0,0,1,37376,41,8796502816
378,13899800,43904,13943704,0,1,0,512,19,3994145257
379,13950989,7608,13958597,0,3,1,3072,42,1821304272
380,13951650,2470,13954120,0,9,1,2560,46,4744256723
381,13979004,47288,14026292,0,4,0,1536,35,10432182449
382,13998811,43904,14042715,0,0,0,512,41,3180372758
383,14042739,62516,14105255,0,3,0,6144,42,6969208353
384,14110911,45908,14156819,0,0,0,2048,41,5037566908
385,14116428,6278,14122706,0,9,1,6656,46,5191471099
386,14122158,33591,14155749,0,0,1,55296,41,3416332660
387,14148063,47288,14195351,0,4,0,1536,35,3320702159
388,14225804,14545,14240349,0,0,1,28160,41,9518060756
389,14242767,47288,14290055,0,4,0,1536,35,6405693894
390,14280291,7706,14287997,0,3,1,8192,42,4087923052
391,14301762,5196,14306958,0,0,1,13312,41,7329530333
392,14328501,55748,14384249,0,4,0,4096,35,1651811281
393,14384097,3898,14387995,0,0,1,4096,41,4741443788
394,14458887,134684,14593571,0,3,0,132096,42,5583930899
395,14563594,47288,14610882,0,0,0,1536,41,312754603
396,14564222,13770,14577992,0,5,1,26624,16,9615808040
397,14635752,3898,14639650,0,9,1,4096,46,3064238188
398,14679465,47288,14726753,0,4,0,1536,35,1869822391
399,14720484,58064,14778548,0,7,0,6656,26,308707068
400,14757353,60824,14818177,0,7,0,5632,26,8275279086
401,14835494,292784,15128278,0,3,0,338432,42,2229516027
402,14887386,6278,14893664,0,3,1,6656,42,6613058164
403,14923158,54368,14977526,0,7,0,4608,26,6931719766
404,14946420,20366,14966786,0,5,1,32768,16,7549199711
405,14969643,15321,14984964,0,5,1,29696,16,860697909
406,15024563,106538,15131101,0,3,0,9216,42,6465110455
407,15076229,43904,15120133,0,4,0,512,35,3942915425
408,15115443,116168,15231611,0,7,0,81408,26,1709916443
409,15153743,43904,15197647,0,0,0,512,41,1950829218
410,15162437,48980,15211417,0,0,0,2048,41,8034982895
411,15231063,123188,15354251,0,3,0,104448,42,5060658991
412,15243014,3904,15246918,0,9,1,10752,46,4886813207
413,15249449,48980,15298429,0,0,0,2048,41,9400919084
414,15251347,48980,15300327,0,4,0,2048,35,7593641512
415,15311987,5326,15317313,0,3,1,5632,42,732591188
416,15337392,4374,15341766,0,0,1,4608,41,8316432420
417,15362935,6754,15369689,0,3,1,7168,42,8127592055
418,15376013,43904,15419917,0,4,0,512,35,4779163974
419,15380372,2946,15383318,0,3,1,3072,42,7426119076
420,15441200,3128,15444328,0,3,1,9216,42,5652202841
421,15453011,566,15453577,0,9,1,512,46,8217530446
422,15453888,3422,15457310,0,3,1,3584,42,9934900925
423,15589752,105872,15695624,0,5,0,47616,16,5691261755
424,15661160,11533,15672693,0,3,1,18944,42,6425614544
425,15694479,2946,15697425,0,0,1,3072,41,795496636
426,15697880,108971,15806851,0,3,0,15872,42,2965506025
427,15737274,4162,15741436,0,9,1,11264,46,5475968028
428,15766205,130544,15896749,0,3,0,82944,42,6972581743
429,15768444,6229,15774673,0,9,1,15360,46,8127612369
430,15795006,25962,15820968,0,5,1,47104,16,2118437322
431,15808981,43904,15852885,0,4,0,512,35,5333586437
432,15887095,41908,15929003,0,5,1,68096,16,9831511495
433,15905666,14804,15920470,0,1,1,28672,19,6374779882
434,15908116,2470,15910586,0,0,1,2560,41,9703077181
435,16212241,6278,16218519,0,0,1,6656,41,9112350702
436,16218479,70307,16288786,0,1,0,1536,19,1703942856
437,16219139,4937,16224076,0,1,1,12800,19,7748360895
438,16222519,6278,16228797,0,3,1,6656,42,6615405132
439,16289179,3128,16292307,0,1,1,9216,19,2825774082
440,16324742,61292,16386034,0,7,0,7168,26,7715001522
441,16328601,3898,16332499,0,1,1,4096,19,4800696811
442,16383025,44673,16427698,0,7,0,512,26,7911785390
443,16491813,47288,16539101,0,1,0,1536,19,6179189918
444,16552802,118664,16671466,0,5,0,89600,16,7846886275
445,16560583,1518,16562101,0,9,1,1536,46,4405545521
446,16621894,223104,16844998,0,5,0,198144,16,1039541783
447,16625122,1518,16626640,0,9,1,1536,46,1798477851
448,16658776,43904,16702680,0,1,0,512,19,1275945613
449,16722193,1042,16723235,0,9,1,1024,46,2684297102
450,16725697,1042,16726739,0,0,1,1024,41,3297529043
451,16737956,2946,16740902,0,3,1,3072,42,2851972032
452,16752146,6278,16758424,0,7,1,6656,26,7550889071
453,16752512,12049,16764561,0,3,1,19968,42,1580920884
454,16779352,52520,16831872,0,0,0,3584,41,7714667996
455,16866344,2870,16869214,0,9,1,8704,46,426896265
456,16897522,21658,16919180,0,5,1,35328,16,10575525813
457,16916325,6278,16922603,0,0,1,6656,41,10252107343
458,16984255,24929,17009184,0,5,1,45056,16,6066053099
459,17020723,5971,17026694,0,0,1,14848,41,7178480280
460,17067413,5802,17073215,0,3,1,6144,42,8081159184
461,17103099,78992,17182091,0,7,0,14848,26,2236642871
462,17122992,45596,17168588,0,3,0,1024,42,2996046793
463,17137015,62158,17199173,0,5,1,100864,16,9595851751
464,17219362,45596,17264958,0,4,0,1024,35,10333424981
465,17297606,111956,17409562,0,3,0,67584,42,10097742575
466,17357521,108680,17466201,0,5,0,56832,16,3436715602
467,17380650,1042,17381692,0,0,1,1024,41,9992479002
468,17396539,105242,17501781,0,5,1,171520,16,7378011820
469,17403866,14545,17418411,0,0,1,28160,41,1881842280
470,17416459,4850,17421309,0,2,1,5120,12,6698992599
471,17419116,5326,17424442,0,8,1,5632,28,6873449478
472,17524870,184691,17709561,0,7,1,299520,26,10564285848
473,17579151,218132,17797283,0,7,1,288768,26,3898147504
474,17596826,103688,17700514,0,5,0,40448,16,3618997197
475,17617612,2946,17620558,0,0,1,3072,41,9054436714
476,17630918,3645,17634563,0,0,1,10240,41,9234710946
477,17675697,4374,17680071,0,8,1,4608,28,4886867610
478,17781689,5802,17787491,0,3,1,6144,42,8213954188
479,17791651,50672,17842323,0,0,0,2560,41,5490783493
480,17795929,49292,17845221,0,1,0,3072,19,304324988
481,17811187,2470,17813657,0,2,1,2560,12,1507475039
482,17833487,54358,17887845,0,7,1,89088,26,9021617091
483,17859026,75229,17934255,0,7,1,119808,26,3128322745
484,17939292,43904,17983196,0,0,0,512,41,4408476821
485,18007326,59132,18066458,0,1,0,5120,19,7790776770
486,18022168,5326,18027494,0,0,1,5632,41,1238779943
487,18022284,47288,18069572,0,1,0,1536,19,8456198784
488,18058975,6229,18065204,0,8,1,15360,28,1991143090
489,18210215,131300,18341515,0,3,0,131072,42,2151757008
490,18219670,81908,18301578,0,7,0,14336,26,3077412090
491,18263004,45596,18308600,0,0,0,1024,41,9766098461
492,18316133,3422,18319555,0,0,1,3584,41,6156539568
493,18318624,55748,18374372,0,0,0,4096,41,6408272867
494,18344225,14117,18358342,0,7,1,24064,26,2585721410
495,18350676,47288,18397964,0,1,0,1536,19,10253641876
496,18411620,2946,18414566,0,8,1,3072,28,5089173893
497,18457169,45596,18502765,0,4,0,1024,35,3209636792
498,18543924,5454,18549378,0,0,1,13824,41,5753239468
499,18568267,218828,18787095,0,7,0,257024,26,8844229661
500,18706183,125576,18831759,0,7,0,103936,26,4683539626
501,18717115,5326,18722441,0,3,1,5632,42,10391680155
502,18722856,16096,18738952,0,8,1,31232,28,8585219486
503,18727905,28411,18756316,0,8,1,43008,28,740037439
504,18750613,48980,18799593,0,5,0,2048,16,6186397170
505,18751101,50984,18802085,0,0,0,3584,41,597280347
506,18770537,6229,18776766,0,2,1,15360,12,7011072993
507,18798100,107495,18905595,0,7,0,46592,26,3227781320
508,18812896,3898,18816794,0,0,1,4096,41,2356606776
509,18895009,1994,18897003,0,0,1,2048,41,657824116
510,18926522,203648,19130170,0,0,0,120320,41,1235738778
511,19009844,132992,19142836,0,7,0,131584,26,944355591
512,19106440,4374,19110814,0,8,1,4608,28,4617916957
513,19151332,52808,19204140,0,7,1,86016,26,796936380
514,19270115,55748,19325863,0,3,0,4096,42,4007103178
515,19287650,1518,19289168,0,8,1,1536,28,5470636166
516,19309604,122252,19431856,0,5,0,101376,16,10262724882
517,19376183,4850,19381033,0,7,1,5120,26,6446152274
518,19446352,64208,19510560,0,5,0,6656,16,7830982078
519,19507662,128024,19635686,0,0,0,120320,41,277051365
520,19533343,47288,19580631,0,1,0,1536,19,10554437988
521,19554245,216787,19771032,0,7,1,355328,26,6571986637
522,19562094,214225,19776319,0,7,1,25088,26,4718242149
523,19578612,208229,19786841,0,7,1,41984,26,8207999777
524,19578763,1994,19580757,0,0,1,2048,41,9033096912
525,19635111,35829,19670940,0,2,1,62976,12,5625435552
526,19673318,2470,19675788,0,1,1,2560,19,6673917628
527,19714294,20882,19735176,0,2,1,33792,12,3212819820
528,19736140,2946,19739086,0,0,1,3072,41,10690799728
529,19787936,3422,19791358,0,0,1,3584,41,10008668579
530,19814020,6754,19820774,0,2,1,7168,12,8433539442
531,19916490,102752,20019242,0,0,0,37376,41,9642413779
532,19976927,181796,20158723,0,7,0,155648,26,10170506463
533,20001988,52364,20054352,0,4,0,3072,35,53752402
534,20045064,4850,20049914,0,2,1,5120,12,418414255
535,20065435,2470,20067905,0,1,1,2560,19,1771186827
536,20120441,77104,20197545,0,5,1,130048,16,4922436563
537,20172079,11791,20183870,0,8,1,19456,28,4170961112
538,20184469,124904,20309373,0,0,0,110080,41,3586005340
539,20228733,63079,20291812,0,5,0,9216,16,9390333714
540,20283303,1994,20285297,0,8,1,2048,28,7064925104
541,20370040,1518,20371558,0,0,1,1536,41,6212794059
542,20400831,12308,20413139,0,2,1,20480,12,10011842864
543,20459933,4374,20464307,0,2,1,4608,12,2153020726
544,20514827,3387,20518214,0,5,1,9728,16,9597384807
545,20617259,48980,20666239,0,4,0,2048,35,2107840031
546,20743414,77104,20820518,0,7,1,130048,26,5735447267
547,20762151,2946,20765097,0,8,1,3072,28,282013454
548,20806950,1518,20808468,0,0,1,1536,41,748281446
549,20818400,3645,20822045,0,0,1,10240,41,10092048597
550,20822594,112268,20934862,0,3,0,68608,42,5902738359
551,20877781,2470,20880251,0,0,1,2560,41,2297958161
552,20889726,5802,20895528,0,0,1,6144,41,3115195198
553,20914353,10757,20925110,0,8,1,17408,28,5335402671
554,20968638,43904,21012542,0,4,0,512,35,2624143238
555,20968838,45596,21014434,0,1,0,1024,19,3331850951
556,20979660,3128,20982788,0,2,1,9216,12,364674444
557,21032398,107432,21139830,0,5,0,52736,16,3997617660
558,21043407,106964,21150371,0,3,0,51200,42,8852957853
559,21060008,108056,21168064,0,0,0,54784,41,904878058
560,21081098,3898,21084996,0,1,1,4096,19,7737489231
561,21346750,11533,21358283,0,5,1,18944,16,3761460842
562,21350152,9437,21359589,0,5,1,2048,16,1223389838
563,21364765,5326,21370091,0,0,1,5632,41,753402481
564,21469094,6278,21475372,0,2,1,6656,12,10189234041
565,21483792,59132,21542924,0,1,0,5120,19,1003121154
566,21572451,2946,21575397,0,0,1,3072,41,3045915355
567,21590454,107120,21697574,0,3,0,51712,42,1184146922
568,21604712,6278,21610990,0,5,1,6656,16,2612039141
569,21707550,6754,21714304,0,8,1,7168,28,4868107737
570,21725506,156037,21881543,0,5,1,257024,16,2115260433
571,21770768,114296,21885064,0,0,0,75264,41,287641275
572,21783478,182576,21966054,0,7,0,158208,26,6637274849
573,21806006,48980,21854986,0,4,0,2048,35,3570258828
574,21860755,24324,21885079,0,0,1,7168,41,8294283371
575,21883499,4420,21887919,0,8,1,11776,28,2875821356
576,21921910,5454,21927364,0,8,1,13824,28,2798427595
577,22047578,144191,22191769,0,5,1,233984,16,6480289314
578,22050997,6754,22057751,0,0,1,7168,41,616720001
579,22055695,3362,22059057,0,0,1,2048,41,3196859580
580,22087051,47288,22134339,0,1,0,1536,19,9929103417
581,22130368,2470,22132838,0,0,1,2560,41,8228669201
582,22162006,10241,22172247,0,0,1,16384,41,7536016121
583,22165774,5802,22171576,0,9,1,6144,46,5890959882
584,22167738,45596,22213334,0,7,0,1024,26,9475609905
585,22214060,4420,22218480,0,1,1,11776,19,3560512148
586,22271538,109616,22381154,0,3,0,59904,42,9323363370
587,22297830,566,22298396,0,0,1,512,41,342131779
588,22392052,10757,22402809,0,8,1,17408,28,4828152089
589,22472375,4420,22476795,0,5,1,11776,16,7923705569
590,22509606,98852,22608458,0,7,0,24576,26,10362168876
591,22525779,43904,22569683,0,1,0,512,19,3796041488
592,22528138,3422,22531560,0,0,1,3584,41,3338328388
593,22574825,7230,22582055,0,8,1,7680,28,4682932278
594,22591407,101504,22692911,0,3,0,33280,42,702885541
595,22650217,48980,22699197,0,1,0,2048,19,3573089292
596,22716691,103064,22819755,0,0,0,38400,41,9651050883
597,22725082,43904,22768986,0,4,0,512,35,7595799207
598,22789119,6754,22795873,0,0,1,7168,41,4208852108
599,22985542,43904,23029446,0,1,0,512,19,4354052759
600,23015548,107588,23123136,0,5,0,53248,16,4161015808
601,23108839,100724,23209563,0,3,0,30720,42,8806298255
602,23230259,121472,23351731,0,5,0,98816,16,4165895199
603,23278346,57440,23335786,0,4,0,4608,35,8489059549
604,23294824,11016,23305840,0,0,1,17920,41,2841710009
605,23296548,111997,23408545,0,0,0,55296,41,5251609053
606,23522106,45752,23567858,0,4,0,1536,35,5821409501
607,23525776,41391,23567167,0,5,1,67072,16,3207099165
608,23540416,47444,23587860,0,4,0,2048,35,2274847806
609,23542716,128492,23671208,0,0,0,121856,41,5948884998
610,23550057,155448,23705505,0,5,0,60416,16,6706500428
611,23562543,119600,23682143,0,0,0,35840,41,6339924701
612,23596287,111417,23707704,0,5,0,7168,16,722965683
613,23612412,47288,23659700,0,4,0,1536,35,9222060824
614,23801831,294257,24096088,0,5,1,476160,16,6239558354
615,23809326,62516,23871842,0,1,0,6144,19,7118402047
616,23823013,13600,23836613,0,4,1,23040,35,5721248815
617,23848131,2470,23850601,0,4,1,2560,35,7780313748
618,23893272,5196,23898468,0,1,1,13312,19,8822285910
619,23938667,281552,24220219,0,3,0,301568,42,6074173597
620,23978781,254557,24233338,0,3,0,43008,42,3933107427
621,23982904,43904,24026808,0,4,0,512,35,4101904742
622,24095496,1042,24096538,0,4,1,1024,35,2831768264
623,24113379,3645,24117024,0,4,1,10240,35,9838157279
624,24154895,5326,24160221,0,5,1,5632,16,7085983523
625,24223187,202292,24425479,0,0,0,202752,41,6208283937
626,24265485,58626,24324111,0,1,0,512,19,8608342188
627,24272296,3904,24276200,0,1,1,10752,19,9033092780
628,24288161,3422,24291583,0,2,1,3584,12,1678718918
629,24296939,3898,24300837,0,4,1,4096,35,3072609311
630,24325751,1042,24326793,0,4,1,1024,35,10416704700
631,24357225,45596,24402821,0,4,0,1024,35,6793089858
632,24371685,52364,24424049,0,5,0,3072,16,6180312458
633,24450045,23895,24473940,0,5,1,43008,16,7173177120
634,24531853,62516,24594369,0,1,0,6144,19,1949747124
635,24615336,12737,24628073,0,4,1,24576,35,2625394699
636,24761711,110864,24872575,0,0,0,64000,41,5567109567
637,24831924,117416,24949340,0,5,0,85504,16,9186439955
638,24854697,43904,24898601,0,1,0,512,19,2273412311
639,24921025,205112,25126137,0,5,1,335872,16,9758710645
640,24946975,101660,25048635,0,3,0,33792,42,9280358253
641,24982201,385072,25367273,0,5,0,103936,16,9584677731
642,25007344,60824,25068168,0,4,0,5632,35,5367231875
643,25075496,1994,25077490,0,7,1,2048,26,5128182206
644,25080016,94253,25174269,0,5,1,156672,16,5577554211
645,25109983,566,25110549,0,6,1,512,8,6599639503
646,25206580,5971,25212551,0,4,1,14848,35,1470489804
647,25215652,7706,25223358,0,6,1,8192,8,3125773380
648,25217731,21141,25238872,0,5,1,34304,16,5410823812
649,25363066,26632,25389698,0,5,1,36864,16,9344229184
650,25363606,5196,25368802,0,1,1,13312,19,6065709421
651,25391292,45596,25436888,0,4,0,1024,35,1985922885
652,25414022,51103,25465125,0,1,0,2560,19,5410108240
653,25426893,5971,25432864,0,6,1,14848,8,7702416245
654,25432777,5802,25438579,0,6,1,6144,8,5748687686
655,25473139,7706,25480845,0,1,1,8192,19,9336689259
656,25482787,44145,25526932,0,5,1,75776,16,10736282014
657,25508246,7230,25515476,0,2,1,7680,12,5554097410
658,25509985,205880,25715865,0,3,0,214528,42,9693962720
659,25547172,12308,25559480,0,1,1,20480,19,10668717705
660,25561928,6278,25568206,0,1,1,6656,19,8799207229
661,25562484,6229,25568713,0,4,1,15360,35,597121083
662,25692009,30749,25722758,0,2,1,49664,12,7402266965
663,25738872,4420,25743292,0,6,1,11776,8,10388057685
664,25757770,99320,25857090,0,3,0,26112,42,6148945501
665,25796618,102908,25899526,0,7,0,37888,26,8759472740
666,25809895,189968,25999863,0,0,0,162304,41,7264671335
667,25871717,13600,25885317,0,2,1,23040,12,10542621827
668,25876907,3904,25880811,0,6,1,10752,8,6295649677
669,25973254,113048,26086302,0,7,0,71168,26,2954487272
670,26093903,4850,26098753,0,2,1,5120,12,6786549051
671,26096561,6488,26103049,0,2,1,15872,12,6838483043
672,26290214,2470,26292684,0,2,1,2560,12,1114407107
673,26315526,47288,26362814,0,1,0,1536,19,644290389
674,26325116,45596,26370712,0,4,0,1024,35,7282182028
675,26349340,91328,26440668,0,7,0,25088,26,9782731425
676,26394831,234541,26629372,0,5,1,379904,16,8780184760
677,26430093,11016,26441109,0,2,1,17920,12,5003853687
678,26454969,2870,26457839,0,8,1,8704,28,4695938568
679,26465052,124280,26589332,0,7,0,108032,26,7714520615
680,26484580,145970,26630550,0,5,1,13824,16,10380625102
681,26499829,2946,26502775,0,4,1,3072,35,1007412173
682,26584911,1042,26585953,0,4,1,1024,35,8205424024
683,26605044,109304,26714348,0,0,0,58880,41,5660228048
684,26631947,10499,26642446,0,6,1,16896,8,300677068
685,26679757,43904,26723661,0,4,0,512,35,9172708497
686,26709881,43904,26753785,0,1,0,512,19,6087780488
687,26722872,43904,26766776,0,1,0,512,19,8878617444
688,26782788,107588,26890376,0,5,0,53248,16,6274134238
689,26873655,281084,27154739,0,5,0,300032,16,1816129427
690,26995991,63966,27059957,0,5,1,104448,16,4685424778
691,27092002,566,27092568,0,6,1,512,8,5821857817
692,27109739,12825,27122564,0,6,1,21504,8,6303154794
693,27139362,1042,27140404,0,1,1,1024,19,932376372
694,27179936,1518,27181454,0,4,1,1536,35,10528923179
695,27259897,23378,27283275,0,5,1,41984,16,9125490070
696,27268171,5712,27273883,0,6,1,14336,8,601437053
697,27356161,5326,27361487,0,4,1,5632,35,1870044943
698,27391719,1518,27393237,0,2,1,1536,12,5070813653
699,27409639,4374,27414013,0,4,1,4608,35,4599740818
700,27416966,1994,27418960,0,5,1,2048,16,6349407733
701,27556342,286700,27843042,0,5,0,318464,16,2635863906
702,27605948,256305,27862253,0,5,0,62976,16,116825772
703,27607180,7706,27614886,0,4,1,8192,35,10053961511
704,27709602,57440,27767042,0,1,0,4608,19,4087112904
705,27730605,66275,27796880,0,1,0,5632,19,4654030040
706,27745422,116846,27862268,0,5,1,122880,16,2866769813
707,27748024,23120,27771144,0,6,1,41472,8,8754625279
708,27798560,85841,27884401,0,5,1,36352,16,10183532152
709,27798599,3128,27801727,0,6,1,9216,8,930862386
710,27802471,7706,27810177,0,2,1,8192,12,1331717262
711,27815138,5802,27820940,0,3,1,6144,42,5628577600
712,27826998,33245,27860243,0,7,1,57856,26,2695341903
713,27830286,3422,27833708,0,3,1,3584,42,10285305636
714,27845442,215507,28060949,0,5,0,75776,16,341623630
715,27858168,11791,27869959,0,2,1,19456,12,5073354732
716,27864763,126776,27991539,0,0,0,116224,41,2215473354
717,27994242,5326,27999568,0,4,1,5632,35,10290749759
718,28062589,64208,28126797,0,4,0,6656,35,5730143052
719,28226743,99500,28326243,0,7,0,31744,26,7864908958
720,28232838,5326,28238164,0,2,1,5632,12,2617710711
721,28241431,111800,28353231,0,0,0,67072,41,8261586579
722,28261811,127558,28389369,0,0,0,68608,41,10270656799
723,28311219,111176,28422395,0,3,0,65024,42,10232501585
724,28330230,12049,28342279,0,5,1,19968,16,2085009388
725,28363593,3645,28367238,0,4,1,10240,35,6088535205
726,28364189,54937,28419126,0,4,0,3072,35,510021493
727,28379732,48980,28428712,0,4,0,2048,35,6317801229
728,28429386,108524,28537910,0,3,0,56320,42,4699357092
729,28473942,67592,28541534,0,5,0,7680,16,6224878753
730,28532090,111491,28643581,0,5,1,180224,16,7866428669
731,28547534,4374,28551908,0,4,1,4608,35,10661366040
732,28570866,191840,28762706,0,3,0,168448,42,2710486223
733,28697877,88769,28786646,0,3,0,17920,42,10533126378
734,28770389,116012,28886401,0,7,0,80896,26,1842148444
735,28782120,6754,28788874,0,4,1,7168,35,8627784311
736,28870322,201044,29071366,0,3,0,198656,42,2623786576
737,28956409,13253,28969662,0,4,1,25600,35,4930413569
738,29026555,159879,29186434,0,3,0,77824,42,8198181041
739,29054454,43904,29098358,0,1,0,512,19,10303196814
740,29076566,4937,29081503,0,5,1,12800,16,3646983448
741,29293486,23725,29317211,0,4,1,39424,35,7437262513
742,29307608,45596,29353204,0,4,0,1024,35,2431568928
743,29356241,48980,29405221,0,1,0,2048,19,7941033248
744,29382560,16613,29399173,0,2,1,32256,12,6958809321
745,29446789,104000,29550789,0,0,0,41472,41,9749044571
746,29581378,59132,29640510,0,5,0,5120,16,6247993682
747,29627613,109460,29737073,0,0,0,59392,41,8348016079
748,29695886,122720,29818606,0,5,0,102912,16,12422516
749,29729667,11016,29740683,0,4,1,17920,35,5088691000
750,29737952,3717,29741669,0,4,1,1536,35,7296088870
751,29786186,43904,29830090,0,1,0,512,19,4968972958
752,29935042,566,29935608,0,6,1,512,8,9543769600
753,30010206,4162,30014368,0,4,1,11264,35,10202502007
754,30047808,4679,30052487,0,9,1,12288,46,10139435207
755,30051103,98252,30149355,0,0,0,27648,41,9476045021
756,30182340,53066,30235406,0,5,1,86528,16,4873552233
757,30198060,107744,30305804,0,3,0,53760,42,5408084440
758,30202807,51257,30254064,0,7,1,82944,26,2781482763
759,30288950,23637,30312587,0,2,1,42496,12,9875186436
760,30327574,283112,30610686,0,0,0,306688,41,7684044255
761,30329096,45696,30374792,0,5,1,78848,16,6974033553
762,30329774,289503,30619277,0,5,0,82944,16,4321812891
763,30345776,43904,30389680,0,1,0,512,19,7794768295
764,30368221,15321,30383542,0,7,1,29696,26,7287710874
765,30369137,1994,30371131,0,2,1,2048,12,2532668834
766,30383978,5326,30389304,0,2,1,5632,12,8115720838
767,30387867,4679,30392546,0,2,1,12288,12,5711771092
768,30436951,73160,30510111,0,7,0,15872,26,9780238414
769,30482881,45596,30528477,0,1,0,1024,19,9571397155
770,30718567,43904,30762471,0,1,0,512,19,9908681837
771,30741321,45596,30786917,0,4,0,1024,35,2756096970
772,30816324,22862,30839186,0,5,1,40960,16,2573951241
773,30860923,104780,30965703,0,7,0,44032,26,7796938755
774,30884232,91616,30975848,0,7,0,20992,26,2502550162
775,30894260,50828,30945088,0,4,0,3072,35,3634529946
776,30898877,7230,30906107,0,2,1,7680,12,2189981122
777,30941247,4850,30946097,0,9,1,5120,46,6564518586
778,30956020,119132,31075152,0,3,0,91136,42,9442638553
779,30998324,138802,31137126,0,3,0,66560,42,2685832380
780,31038799,3904,31042703,0,4,1,10752,35,5702407073
781,31044572,5454,31050026,0,2,1,13824,12,9987228776
782,31097076,47288,31144364,0,4,0,1536,35,6781342856
783,31125159,73316,31198475,0,5,1,119296,16,8344862338
784,31160048,155292,31315340,0,5,0,42496,16,9830212761
785,31212101,5454,31217555,0,1,1,13824,19,2649600780
786,31226588,12737,31239325,0,9,1,24576,46,10315583554
787,31278582,566,31279148,0,4,1,512,35,199154186
788,31350028,172088,31522116,0,3,0,148992,42,7660604102
789,31356546,7230,31363776,0,1,1,7680,19,2067998595
790,31359232,234799,31594031,0,5,1,380416,16,5189879071
791,31418237,49136,31467373,0,1,0,2560,19,6097966041
792,31571148,47288,31618436,0,4,0,1536,35,3048109691
793,31646790,50672,31697462,0,4,0,2560,35,9689066726
794,31715130,52364,31767494,0,1,0,3072,19,1781474583
795,31720900,5326,31726226,0,4,1,5632,35,3467328038
796,31771160,102908,31874068,0,5,0,37888,16,10285961730
797,31840870,43904,31884774,0,4,0,512,35,2365557845
798,31915726,110552,32026278,0,0,0,62976,41,3612672974
799,31972922,106028,32078950,0,7,0,48128,26,5298028945
800,31994276,2870,31997146,0,9,1,8704,46,8513582313
801,32001511,43904,32045415,0,1,0,512,19,2778805208
802,32018429,1518,32019947,0,2,1,1536,12,6479760213
803,32077707,43904,32121611,0,4,0,512,35,8258458168
804,32217586,3904,32221490,0,9,1,10752,46,9818762090
805,32326595,45596,32372191,0,1,0,1024,19,8687796737
806,32375364,48980,32424344,0,1,0,2048,19,387441721
807,32398601,43904,32442505,0,7,0,512,26,9891648261
808,32548031,98072,32646103,0,3,0,22016,42,2858599604
809,32568969,10499,32579468,0,4,1,16896,35,5210469379
810,32575407,54056,32629463,0,3,0,3584,42,5227610925
811,32609191,1518,32610709,0,9,1,1536,46,1242219233
812,32615457,1994,32617451,0,4,1,2048,35,9416377746
813,32626654,57440,32684094,0,7,0,4608,26,6958199266
814,32735089,45596,32780685,0,7,0,1024,26,2026366955
815,32736434,13770,32750204,0,9,1,26624,46,3248776344
816,32754255,566,32754821,0,4,1,512,35,4379879358
817,32794901,187160,32982061,0,3,0,153088,42,5478464060
818,32803185,4850,32808035,0,9,1,5120,46,1344620553
819,32816002,47288,32863290,0,4,0,1536,35,6435521993
820,32835399,6278,32841677,0,2,1,6656,12,3223712025
821,32903698,194960,33098658,0,5,0,178688,16,8651122285
822,32955209,47288,33002497,0,0,0,1536,41,10065253856
823,32959284,43904,33003188,0,1,0,512,19,5017034632
824,33016682,47288,33063970,0,1,0,1536,19,7720429205
825,33042976,108680,33151656,0,0,0,56832,41,453611850
826,33085203,13083,33098286,0,0,1,22016,41,2516472131
827,33113753,108836,33222589,0,5,0,57344,16,6725041452
828,33176365,3422,33179787,0,2,1,3584,12,8858471876
829,33177655,45596,33223251,0,4,0,1024,35,489441196
830,33245030,47288,33292318,0,1,0,1536,19,7497832318
831,33298858,52364,33351222,0,7,0,3072,26,4367260647
832,33301410,76052,33377462,0,5,0,10240,16,2220716289
833,33435361,147152,33582513,0,3,0,137728,42,4747077269
834,33450543,1042,33451585,0,4,1,1024,35,7740084434
835,33467317,52364,33519681,0,1,0,3072,19,5096639302
836,33480385,43904,33524289,0,7,0,512,26,6181012544
837,33522591,7230,33529821,0,4,1,7680,35,3970176699
838,33538815,1994,33540809,0,9,1,2048,46,6165918584
839,33555583,43904,33599487,0,7,0,512,26,6586889907
840,33587064,45596,33632660,0,7,0,1024,26,9555321398
841,33605770,5326,33611096,0,4,1,5632,35,8163490242
842,33809557,54212,33863769,0,4,0,4096,35,8868456341
843,33865788,48980,33914768,0,1,0,2048,19,4823061325
844,33904256,5802,33910058,0,9,1,6144,46,9482081532
845,33918089,12566,33930655,0,0,1,20992,41,1148124335
846,33937135,45596,33982731,0,7,0,1024,26,9551629260
847,33949909,279992,34229901,0,3,0,296448,42,7285270185
848,33951523,43904,33995427,0,1,0,512,19,8971032872
849,33979378,3898,33983276,0,0,1,4096,41,4936933671
850,34063261,84512,34147773,0,0,0,12800,41,2249371650
851,34173286,11791,34185077,0,9,1,19456,46,7208931911
852,34248134,14029,34262163,0,4,1,27136,35,523601658
853,34253284,255995,34509279,0,7,1,418304,26,10554763251
854,34290294,196520,34486814,0,5,0,183808,16,7120145201
855,34309627,5454,34315081,0,6,1,13824,8,8320948597
856,34375936,48980,34424916,0,1,0,2048,19,5271229672
857,34420741,129769,34550510,0,5,0,93184,16,3997134655
858,34426092,87373,34513465,0,7,1,6656,26,2254082250
859,34466253,47288,34513541,0,4,0,1536,35,1673725639
860,34503440,1042,34504482,0,2,1,1024,12,4476544035
861,34508766,5454,34514220,0,6,1,13824,8,4355883104
862,34536057,23725,34559782,0,7,1,39424,26,4775754938
863,34566337,2470,34568807,0,2,1,2560,12,4537534921
864,34577257,83444,34660701,0,3,0,14336,42,7893361189
865,34579681,48980,34628661,0,4,0,2048,35,1048495505
866,34656379,92216,34748595,0,5,0,17920,16,2005662466
867,34661691,43904,34705595,0,4,0,512,35,4484179442
868,34894998,81632,34976630,0,7,1,132096,26,6191807995
869,35013465,3387,35016852,0,6,1,9728,8,3574699835
870,35100799,11016,35111815,0,0,1,17920,41,2744344753
871,35101962,207596,35309558,0,3,0,220160,42,8141173584
872,35306445,3645,35310090,0,6,1,10240,8,2628467437
873,35329068,1042,35330110,0,6,1,1024,8,661369696
874,35339312,72024,35411336,0,7,1,116736,26,10142078963
875,35342297,74326,35416623,0,7,1,25088,26,7789818592
876,35396313,97760,35494073,0,3,0,20992,42,8256837525
877,35420326,3128,35423454,0,0,1,9216,41,4303924673
878,35448925,64208,35513133,0,9,0,6656,46,4506617392
879,35467452,80060,35547512,0,0,0,13312,41,7156398617
880,35624004,43904,35667908,0,9,0,512,46,8361435731
881,35657467,2870,35660337,0,2,1,8704,12,9939221634
882,35688667,45596,35734263,0,7,0,1024,26,3755480244
883,35720536,114608,35835144,0,0,0,76288,41,10706015759
884,35743639,2470,35746109,0,6,1,2560,8,539291020
885,35785962,1994,35787956,0,8,1,2048,28,889174857
886,35801326,56596,35857922,0,7,1,96768,26,10433514715
887,35820937,13253,35834190,0,9,1,25600,46,5644124530
888,35827047,10757,35837804,0,2,1,17408,12,9369234241
889,35830441,14696,35845137,0,2,1,24576,12,8412052261
890,35887021,48980,35936001,0,1,0,2048,19,8100860523
891,35892248,104624,35996872,0,0,0,43520,41,4496535286
892,35892677,129272,36021949,0,3,0,124416,42,4213979142
893,35917072,11274,35928346,0,9,1,18432,46,9915455110
894,35927020,2946,35929966,0,6,1,3072,8,4966084109
895,35931363,1518,35932881,0,4,1,1536,35,8593821368
896,35956753,12308,35969061,0,7,1,20480,26,1997994808
897,35967647,10757,35978404,0,4,1,17408,35,3424361416
898,35969781,6754,35976535,0,7,1,7168,26,2830915780
899,36000820,3645,36004465,0,2,1,10240,12,10449522967
900,36017414,21658,36039072,0,7,1,35328,26,10104485734
901,36022097,10241,36032338,0,4,1,16384,35,1090476874
902,36026248,5454,36031702,0,0,1,13824,41,2672438173
903,36028457,11016,36039473,0,8,1,17920,28,2482921878
904,36049812,59288,36109100,0,1,0,5632,19,9710365490
905,36064319,4850,36069169,0,2,1,5120,12,1852532602
906,36083858,3387,36087245,0,4,1,9728,35,4085952566
907,36086447,3898,36090345,0,2,1,4096,12,7165126327
908,36100480,6754,36107234,0,9,1,7168,46,9407596741
909,36115887,5712,36121599,0,4,1,14336,35,8025980731
910,36134840,4850,36139690,0,9,1,5120,46,3213150827
911,36145350,43904,36189254,0,4,0,512,35,6911629333
912,36148514,1042,36149556,0,4,1,1024,35,9814440700
913,36158560,6754,36165314,0,0,1,7168,41,5160766171
914,36217939,23120,36241059,0,7,1,41472,26,4937121181
915,36242073,94600,36336673,0,7,1,154112,26,10001369981
916,36259205,43904,36303109,0,9,0,512,46,8954886610
917,36261184,4420,36265604,0,4,1,11776,35,4114139920
918,36272332,105764,36378096,0,7,1,140800,26,10273944041
919,36281222,3898,36285120,0,9,1,4096,46,800347957
920,36283499,3898,36287397,0,2,1,4096,12,6439730047
921,36304736,43904,36348640,0,9,0,512,46,5200232704
922,36313951,65131,36379082,0,7,1,1536,26,4052075048
923,36314491,47288,36361779,0,4,0,1536,35,2981448966
924,36319152,33591,36352743,0,0,1,55296,41,6907555867
925,36359801,108921,36468722,0,7,0,2048,26,5005416267
926,36375181,7230,36382411,0,8,1,7680,28,3036238090
927,36387975,4850,36392825,0,4,1,5120,35,6354170275
928,36445222,7706,36452928,0,4,1,8192,35,482117836
929,36457969,121784,36579753,0,3,0,99840,42,10171374398
930,36458818,13341,36472159,0,6,1,22528,8,6742491181
931,36497187,4850,36502037,0,6,1,5120,8,2963281970
932,36502618,566,36503184,0,0,1,512,41,1365847486
933,36519183,3898,36523081,0,8,1,4096,28,7369407821
934,36522970,566,36523536,0,0,1,512,41,1800201371
935,36535240,100724,36635964,0,5,0,30720,16,9950151925
936,36543056,3128,36546184,0,6,1,9216,8,4301852841
937,36544211,5124,36549335,0,6,1,3584,8,4497757159
938,36552859,132758,36685617,0,3,0,47616,42,7451886610
939,36553643,66212,36619855,0,5,0,8192,16,9614076346
940,36582789,125853,36708642,0,5,0,61440,16,9400154528
941,36612698,180046,36792744,0,5,0,104448,16,3666533080
942,36656068,43904,36699972,0,4,0,512,35,6764067318
943,36673079,4374,36677453,0,2,1,4608,12,1692904985
944,36706788,1518,36708306,0,6,1,1536,8,6844337421
945,36753831,49136,36802967,0,7,0,2560,26,7848273404
946,36795205,62516,36857721,0,4,0,6144,35,2721839115
947,36797417,47550,36844967,0,7,0,2048,26,3415869790
948,36801157,1042,36802199,0,2,1,1024,12,8811883924
949,36852719,114333,36967052,0,7,1,185856,26,87850401
950,36867345,1994,36869339,0,2,1,2048,12,7980671542
951,36963606,92063,37055669,0,7,0,1536,26,639388624
952,37011955,23120,37035075,0,7,1,41472,26,5784040670
953,37070345,5712,37076057,0,8,1,14336,28,5902334051
954,37072111,566,37072677,0,2,1,512,12,6882645979
955,37101119,6278,37107397,0,9,1,6656,46,8048856510
956,37112696,42424,37155120,0,0,1,69120,41,2094018836
957,37113931,178494,37292425,0,0,0,58368,41,603776311
958,37219372,133916,37353288,0,0,0,50176,41,2028025468
959,37237648,100100,37337748,0,7,0,28672,26,2896895419
960,37287683,1518,37289201,0,9,1,1536,46,6868361090
961,37303356,4420,37307776,0,9,1,11776,46,5136425636
962,37367799,114764,37482563,0,7,0,76800,26,6108550116
963,37410166,1518,37411684,0,2,1,1536,12,10726111819
964,37433244,6488,37439732,0,2,1,15872,12,5659767366
965,37512430,2470,37514900,0,4,1,2560,35,1349139892
966,37556060,43904,37599964,0,9,0,512,46,9903308589
967,37568262,1042,37569304,0,0,1,1024,41,1146767041
968,37627345,43904,37671249,0,9,0,512,46,4845106846
969,37632655,5326,37637981,0,9,1,5632,46,7768347269
970,37648815,2870,37651685,0,6,1,8704,8,4645175127
971,37685565,4850,37690415,0,6,1,5120,8,7382217401
972,37727982,124887,37852869,0,7,1,206336,26,9871672829
973,37821410,566,37821976,0,6,1,512,8,6082331699
974,37847702,45596,37893298,0,9,0,1024,46,2571656985
975,37915387,1518,37916905,0,0,1,1536,41,10167546108
976,38011169,3645,38014814,0,9,1,10240,46,10727585791
977,38056812,5454,38062266,0,6,1,13824,8,7108105174
978,38142322,93644,38235966,0,7,0,27648,26,10173373409
979,38168960,84992,38253952,0,7,1,138752,26,6063097873
980,38208332,3904,38212236,0,9,1,10752,46,7609726027
981,38239241,13858,38253099,0,8,1,23552,28,2579363416
982,38259213,41649,38300862,0,7,1,67584,26,2172030601
983,38261203,1042,38262245,0,1,1,1024,19,9027281179
984,38327566,12825,38340391,0,6,1,21504,8,310467066
985,38330782,11555,38342337,0,6,1,3072,8,2264599197
986,38454632,21141,38475773,0,7,1,34304,26,8318088407
987,38503276,566,38503842,0,8,1,512,28,2121101339
988,38531953,110084,38642037,0,3,0,61440,42,9257827472
989,38535601,50672,38586273,0,9,0,2560,46,9343382213
990,38540695,4162,38544857,0,4,1,11264,35,644153701
991,38546299,43904,38590203,0,4,0,512,35,8416944042
992,38554292,10241,38564533,0,5,1,16384,16,2835690897
993,38629812,48980,38678792,0,4,0,2048,35,2056073429
994,38681430,11016,38692446,0,9,1,17920,46,332513349
995,38689357,6229,38695586,0,2,1,15360,12,9052004121
996,38721001,54056,38775057,0,4,0,3584,35,1046209697
997,38737835,14117,38751952,0,1,1,24064,19,4974089007
998,38747260,12737,38759997,0,9,1,24576,46,10145854620
999,38754514,103532,38858046,0,0,0,39936,41,8055853896
1000,38813045,5326,38818371,0,4,1,5632,35,3843982294
1001,38820126,4374,38824500,0,2,1,4608,12,6797626675
1002,38829366,118519,38947885,0,9,0,4608,46,10638474387
1003,38834946,2946,38837892,0,9,1,3072,46,9825243630
1004,38884165,3898,38888063,0,4,1,4096,35,3770651058
1005,38943831,211184,39155015,0,5,0,231936,16,2691286049
1006,38956791,1518,38958309,0,2,1,1536,12,9297879053
1007,39016783,1042,39017825,0,1,1,1024,19,2035478923
1008,39048095,3898,39051993,0,9,1,4096,46,5900435739
1009,39062248,45752,39108000,0,9,0,1536,46,121181214
1010,39092437,1994,39094431,0,1,1,2048,19,4807034896
1011,39129319,7230,39136549,0,4,1,7680,35,1805676462
1012,39159966,14029,39173995,0,7,1,27136,26,6494900508
1013,39188338,47288,39235626,0,9,0,1536,46,6867318216
1014,39214361,10241,39224602,0,4,1,16384,35,3613137409
1015,39258299,158314,39416613,0,7,0,18432,26,8002411901
1016,39293792,2870,39296662,0,4,1,8704,35,10670533350
1017,39316987,566,39317553,0,0,1,512,41,2106976038
1018,39339099,101882,39440981,0,7,1,164864,26,8224237874
1019,39434338,5326,39439664,0,2,1,5632,12,3466149611
1020,39472183,107900,39580083,0,3,0,54272,42,2659283883
1021,39498640,2946,39501586,0,8,1,3072,28,7529121571
1022,39498916,10950,39509866,0,8,1,16384,28,1926994912
1023,39505255,2470,39507725,0,0,1,2560,41,9294769725
1024,39506600,7452,39514052,0,8,1,6656,28,173093628
1025,39569189,102596,39671785,0,0,0,36864,41,5881235925
1026,39572964,3128,39576092,0,1,1,9216,19,2922298602
1027,39582629,146120,39728749,0,0,0,97792,41,9661470006
1028,39603452,195116,39798568,0,3,0,179200,42,6803556929
1029,39617291,14545,39631836,0,4,1,28160,35,9122456057
1030,39672258,4937,39677195,0,2,1,12800,12,3805351969
1031,39702264,12566,39714830,0,4,1,20992,35,9257518497
1032,39740048,2946,39742994,0,8,1,3072,28,1700760522
1033,39764203,5712,39769915,0,4,1,14336,35,7388279090
1034,39770393,7230,39777623,0,2,1,7680,12,1784120176
1035,39771882,87378,39859260,0,4,0,6656,35,6631952966
1036,39801203,43904,39845107,0,9,0,512,46,5010976907
1037,39825543,1042,39826585,0,0,1,1024,41,2879346014
1038,39869081,566,39869647,0,0,1,512,41,6664848734
1039,39879108,10757,39889865,0,0,1,17408,41,6152288989
1040,39882825,57440,39940265,0,7,0,4608,26,8861723049
1041,39892092,3128,39895220,0,4,1,9216,35,2461070627
1042,39907484,5802,39913286,0,2,1,6144,12,3817168816
1043,39964007,6278,39970285,0,1,1,6656,19,1957955946
1044,40008241,10499,40018740,0,7,1,16896,26,7283623391
1045,40016052,21141,40037193,0,8,1,34304,28,4881006836
1046,40078047,48980,40127027,0,9,0,2048,46,7194824142
1047,40092026,153296,40245322,0,3,0,137728,42,8213324041
1048,40114208,82088,40196296,0,7,0,19968,26,3607105737
1049,40121949,11016,40132965,0,1,1,17920,19,6021916642
1050,40131170,106652,40237822,0,0,0,50176,41,221539056
1051,40181412,60824,40242236,0,1,0,5632,19,8396193093
1052,40187779,117260,40305039,0,3,0,84992,42,2283398513
1053,40204985,100724,40305709,0,0,0,30720,41,10295341538
1054,40240015,65819,40305834,0,3,0,2560,42,8939351225
1055,40287905,43904,40331809,0,1,0,512,19,6462257313
1056,40295045,3128,40298173,0,7,1,9216,26,5266591216
1057,40301255,43904,40345159,0,4,0,512,35,4656059760
1058,40350843,1042,40351885,0,1,1,1024,19,1401824409
1059,40390443,11533,40401976,0,3,1,18944,42,8490959901
1060,40403601,15579,40419180,0,7,1,30208,26,6922803415
1061,40409551,50672,40460223,0,3,0,2560,42,5131448184
1062,40429311,204320,40633631,0,5,0,209408,16,4175757865
1063,40440787,4374,40445161,0,1,1,4608,19,1036684804
1064,40459978,67304,40527282,0,0,0,11776,41,10229901261
1065,40463900,108368,40572268,0,3,0,55808,42,9268795034
1066,40472250,6754,40479004,0,1,1,7168,19,143377779
1067,40475344,1994,40477338,0,3,1,2048,42,6843920493
1068,40513250,3128,40516378,0,2,1,9216,12,5886314465
1069,40537565,59132,40596697,0,7,0,5120,26,8581736483
1070,40544655,103064,40647719,0,7,0,38400,26,6373650386
1071,40575736,5971,40581707,0,1,1,14848,19,1950821099
1072,40644103,106184,40750287,0,0,0,48640,41,1774582031
1073,40703298,45596,40748894,0,7,0,1024,26,4584098672
1074,40737045,43904,40780949,0,1,0,512,19,3727391426
1075,40802067,48980,40851047,0,4,0,2048,35,9708070254
1076,40864401,186929,41051330,0,7,1,307200,26,1068947573
1077,40989733,5454,40995187,0,1,1,13824,19,8656844247
1078,41010991,1994,41012985,0,0,1,2048,41,4634941794
1079,41014032,47288,41061320,0,9,0,1536,46,10394146264
1080,41046997,7230,41054227,0,3,1,7680,42,6874474451
1081,41057868,7706,41065574,0,2,1,8192,12,2075632754
1082,41078231,98540,41176771,0,0,0,23552,41,2400003892
1083,41101833,45596,41147429,0,4,0,1024,35,6360234176
1084,41115611,45596,41161207,0,1,0,1024,19,9773290668
1085,41153871,3898,41157769,0,0,1,4096,41,4683799782
1086,41158605,43904,41202509,0,1,0,512,19,4766215615
1087,41168294,13083,41181377,0,4,1,22016,35,2043054119
1088,41179211,25446,41204657,0,7,1,46080,26,4576083422
1089,41248567,219265,41467832,0,7,0,110592,26,7399821963
1090,41255748,1042,41256790,0,0,1,1024,41,4992230374
1091,41267187,64783,41331970,0,0,0,3584,41,2669999053
1092,41395970,84404,41480374,0,3,0,22528,42,1380476683
1093,41398260,126932,41525192,0,0,0,116736,41,6204409871
1094,41440484,13083,41453567,0,1,1,22016,19,2691616781
1095,41454290,6754,41461044,0,1,1,7168,19,9567970413
1096,41528209,43904,41572113,0,4,0,512,35,7989646666
1097,41553063,117728,41670791,0,5,0,86528,16,10191879330
1098,41553080,10757,41563837,0,0,1,17408,41,3235785722
1099,41556376,120514,41676890,0,5,0,19968,16,152875569
1100,41636921,6278,41643199,0,0,1,6656,41,7577102492
1101,41647417,106187,41753604,0,7,1,176640,26,629841659
1102,41659159,566,41659725,0,2,1,512,12,4406003049
1103,41683539,118976,41802515,0,3,0,90624,42,5997138386
1104,41702713,4679,41707392,0,1,1,12288,19,2230431954
1105,41703019,113828,41816847,0,5,0,73728,16,2610125658
1106,41722833,6488,41729321,0,2,1,15872,12,184331530
1107,41726075,148066,41874141,0,5,0,33792,16,9649100216
1108,41728007,566,41728573,0,0,1,512,41,9286723293
1109,41764870,148238,41913108,0,7,1,245248,26,7570896126
1110,41987886,566,41988452,0,4,1,512,35,5472769118
1111,42027458,103220,42130678,0,5,0,38912,16,9580469842
1112,42036866,103753,42140619,0,4,0,2560,35,311320167
1113,42058994,22862,42081856,0,7,1,40960,26,1656044419
1114,42088308,95287,42183595,0,7,1,158720,26,1422286829
1115,42100434,12566,42113000,0,0,1,20992,41,6357641884
1116,42133105,207752,42340857,0,3,0,220672,42,4919047898
1117,42144682,237245,42381927,0,3,0,127488,42,8564103672
1118,42159082,3128,42162210,0,1,1,9216,19,9280415133
1119,42225312,1994,42227306,0,7,1,2048,26,6402473478
1120,42324734,1994,42326728,0,7,1,2048,26,2801007119
1121,42394220,11274,42405494,0,2,1,18432,12,6373327107
1122,42423603,145692,42569295,0,7,0,117248,26,3221884361
1123,42442986,192308,42635294,0,9,0,169984,46,9180090386
1124,42480820,242384,42723204,0,3,0,268800,42,5313774829
1125,42494322,146429,42640751,0,7,0,113152,26,1154988493
1126,42545130,5802,42550932,0,1,1,6144,19,7274807516
1127,42591531,60824,42652355,0,4,0,5632,35,8097115312
1128,42603815,35369,42639184,0,9,1,4096,46,9250997699
1129,42648967,43904,42692871,0,1,0,512,19,2856755900
1130,42706853,2470,42709323,0,0,1,2560,41,9515188858
1131,42718094,59132,42777226,0,1,0,5120,19,7877264050
1132,42737408,103844,42841252,0,7,0,40960,26,192278375
1133,42761940,43904,42805844,0,4,0,512,35,2047834461
1134,42824936,4374,42829310,0,4,1,4608,35,7657909115
1135,42827895,13372,42841267,0,7,1,13312,26,10048117562
1136,42874615,101504,42976119,0,0,0,33280,41,2765872424
1137,42925912,6754,42932666,0,4,1,7168,35,3070548206
1138,42949328,5196,42954524,0,4,1,13312,35,5246685567
1139,42949504,14117,42963621,0,0,1,24064,41,7560568105
1140,43070321,99632,43169953,0,3,0,27136,42,2660941807
1141,43093555,79748,43173303,0,9,0,12288,46,1635820478
1142,43099202,47288,43146490,0,1,0,1536,19,2840648688
1143,43138689,84668,43223357,0,0,0,13312,41,1480089127
1144,43159799,6278,43166077,0,2,1,6656,12,6494591565
1145,43196158,50672,43246830,0,1,0,2560,19,9058833709
1146,43235082,566,43235648,0,9,1,512,46,6559501605
1147,43312774,5971,43318745,0,7,1,14848,26,4628201866
1148,43322541,47288,43369829,0,4,0,1536,35,7131691310
1149,43393655,43904,43437559,0,1,0,512,19,10527208119
1150,43417455,5802,43423257,0,0,1,6144,41,7835428306
1151,43452566,566,43453132,0,7,1,512,26,10318064865
1152,43457348,1518,43458866,0,9,1,1536,46,1089883397
1153,43478054,7230,43485284,0,9,1,7680,46,8583766582
1154,43479863,48980,43528843,0,4,0,2048,35,839421729
1155,43507100,199484,43706584,0,3,0,193536,42,2298005325
1156,43556791,4420,43561211,0,8,1,11776,28,10454023084
1157,43556986,50672,43607658,0,4,0,2560,35,2193563114
1158,43571522,34020,43605542,0,5,1,59392,16,4608305897
1159,43574708,5712,43580420,0,4,1,14336,35,715300069
1160,43583872,13600,43597472,0,0,1,23040,41,4851769531
1161,43588667,43904,43632571,0,9,0,512,46,4860753217
1162,43607258,5326,43612584,0,7,1,5632,26,2327487264
1163,43636217,2470,43638687,0,9,1,2560,46,1956143799
1164,43638080,119905,43757985,0,0,0,86016,41,4745814348
1165,43674633,155350,43829983,0,5,1,252416,16,10509202589
1166,43691734,45596,43737330,0,4,0,1024,35,1624630828
1167,43731350,113516,43844866,0,0,0,72704,41,790482085
1168,43746829,1042,43747871,0,2,1,1024,12,2609728605
1169,43810379,55748,43866127,0,1,0,4096,19,5479993491
1170,43811841,6278,43818119,0,7,1,6656,26,2811770617
1171,43848386,4420,43852806,0,7,1,11776,26,3817470810
1172,43905808,117104,44022912,0,7,0,84480,26,7180488439
1173,43921669,23378,43945047,0,5,1,41984,16,6279753702
1174,43955694,43904,43999598,0,1,0,512,19,6995372005
1175,43956725,146429,44103154,0,5,1,241664,16,1768021865
1176,43977580,22174,43999754,0,2,1,36352,12,6523799341
1177,43978165,123500,44101665,0,0,0,105472,41,2426657325
1178,44023638,47288,44070926,0,1,0,1536,19,895642499
1179,44029346,3387,44032733,0,0,1,9728,41,5706975425
1180,44036904,11274,44048178,0,2,1,18432,12,9231491073
1181,44105006,45696,44150702,0,5,1,78848,16,1049318888
1182,44120554,4850,44125404,0,7,1,5120,26,7420969399
1183,44131747,43904,44175651,0,1,0,512,19,5512122648
1184,44140480,1994,44142474,0,4,1,2048,35,8992318182
1185,44143023,43904,44186927,0,1,0,512,19,9415260972
1186,44222889,22433,44245322,0,0,1,36864,41,7614542361
1187,44301691,54270,44355961,0,5,1,92160,16,3763416211
1188,44329296,13770,44343066,0,0,1,26624,41,8484176346
1189,44339837,265288,44605125,0,0,0,88064,41,9523691988
1190,44359464,129428,44488892,0,7,0,124928,26,3920910962
1191,44360892,566,44361458,0,4,1,512,35,5968714042
1192,44378861,2870,44381731,0,9,1,8704,46,8585469989
1193,44412545,50672,44463217,0,1,0,2560,19,944298018
1194,44478292,56188,44534480,0,7,0,1024,26,9148847034
1195,44517984,47288,44565272,0,1,0,1536,19,6880446055
1196,44631331,54056,44685387,0,4,0,3584,35,4339571309
1197,44632596,102440,44735036,0,3,0,36352,42,6333096184
1198,44658236,191684,44849920,0,7,0,167936,26,2916825972
1199,44660198,197571,44857769,0,5,1,324608,16,9451931553
1200,44674934,2946,44677880,0,9,1,3072,46,10292704533
1201,44691020,11016,44702036,0,9,1,17920,46,3216800356
1202,44703149,7706,44710855,0,2,1,8192,12,7468355115
1203,44711728,3898,44715626,0,4,1,4096,35,7821374284
1204,44770499,109190,44879689,0,4,0,3584,35,7122153284
1205,44781301,7706,44789007,0,8,1,8192,28,5513279204
1206,44787482,106340,44893822,0,0,0,49152,41,5134667146
1207,44793860,48980,44842840,0,4,0,2048,35,1471726871
1208,44816110,6488,44822598,0,9,1,15872,46,6868512567
1209,44836138,84475,44920613,0,5,1,137728,16,1673238265
1210,44858002,5802,44863804,0,0,1,6144,41,7465503523
1211,44881302,1518,44882820,0,9,1,1536,46,7495284082
1212,44928236,3898,44932134,0,6,1,4096,8,3215893588
1213,44953436,2470,44955906,0,6,1,2560,8,3842254307
1214,44963496,43628,45007124,0,5,1,74752,16,5872445770
1215,44982967,43904,45026871,0,4,0,512,35,2622650882
1216,44985619,2946,44988565,0,6,1,3072,8,8084307920
1217,44993961,6229,45000190,0,9,1,15360,46,9021111697
1218,45011185,117104,45128289,0,0,0,84480,41,2336263993
1219,45059886,12825,45072711,0,9,1,21504,46,8404840507
1220,45109391,103376,45212767,0,5,0,39424,16,8248047702
1221,45118866,129426,45248292,0,5,0,8192,16,9512346471
1222,45120304,1994,45122298,0,6,1,2048,8,5552602736
1223,45148281,44060,45192341,0,7,0,1024,26,9770860027
1224,45177255,566,45177821,0,4,1,512,35,1496094217
1225,45178105,158525,45336630,0,5,0,70144,16,487471442
1226,45187128,2870,45189998,0,0,1,8704,41,10047411180
1227,45196248,52364,45248612,0,3,0,3072,42,9364388208
1228,45217241,1518,45218759,0,8,1,1536,28,386095519
1229,45265730,5326,45271056,0,6,1,5632,8,6820903488
1230,45276291,5802,45282093,0,2,1,6144,12,10214189257
1231,45303234,111332,45414566,0,7,0,65536,26,2673186118
1232,45309764,3422,45313186,0,6,1,3584,8,6420219744
1233,45327090,4850,45331940,0,0,1,5120,41,556118496
1234,45358528,48980,45407508,0,1,0,2048,19,9174944849
1235,45406477,47288,45453765,0,9,0,1536,46,2864607585
1236,45478673,43904,45522577,0,1,0,512,19,6486767784
1237,45563927,52364,45616291,0,4,0,3072,35,465837569
1238,45566546,7230,45573776,0,4,1,7680,35,1077182567
1239,45590861,68342,45659203,0,4,0,512,35,10706228956
1240,45665299,13512,45678811,0,8,1,26112,28,5861635371
1241,45668970,98072,45767042,0,4,0,22016,35,1397685883
1242,45696402,105404,45801806,0,3,0,46080,42,846503913
1243,45707424,1042,45708466,0,6,1,1024,8,8161183448
1244,45746005,52364,45798369,0,9,0,3072,46,5116367286
1245,45773739,1994,45775733,0,4,1,2048,35,6560850421
1246,45789703,315955,46105658,0,3,0,374784,42,8639097836
1247,45809096,47288,45856384,0,9,0,1536,46,6856081335
1248,45813597,115232,45928829,0,0,0,78336,41,9660621961
1249,45872521,252248,46124769,0,5,0,275968,16,4645130316
1250,45895459,2870,45898329,0,2,1,8704,12,9574158212
1251,45962418,1994,45964412,0,9,1,2048,46,4810137029
1252,45989056,1042,45990098,0,8,1,1024,28,3346864369
1253,46031167,110864,46142031,0,7,0,64000,26,1854382823
1254,46041004,11016,46052020,0,4,1,17920,35,8962842997
1255,46042559,158014,46200573,0,5,1,127488,16,9965356464
1256,46042560,62979,46105539,0,9,0,512,46,2031298089
1257,46057888,6754,46064642,0,9,1,7168,46,3730212639
1258,46135420,6754,46142174,0,8,1,7168,28,9691624283
1259,46152478,64365,46216843,0,5,1,61440,16,522976295
1260,46205027,13083,46218110,0,8,1,22016,28,9554014671
1261,46223162,99320,46322482,0,0,0,26112,41,3252280534
1262,46244145,98540,46342685,0,7,0,23552,26,4234153778
1263,46307343,4420,46311763,0,8,1,11776,28,6507473666
1264,46322836,13858,46336694,0,9,1,23552,46,5571267244
1265,46348851,102128,46450979,0,3,0,35328,42,2777544248
1266,46353151,111020,46464171,0,0,0,64512,41,10496152498
1267,46393440,5802,46399242,0,4,1,6144,35,7664667229
1268,46421047,7230,46428277,0,9,1,7680,46,1736715136
1269,46439390,13253,46452643,0,4,1,25600,35,4655414833
1270,46461294,1994,46463288,0,6,1,2048,8,7100064343
1271,46475462,102284,46577746,0,3,0,35840,42,497171766
1272,46546803,10499,46557302,0,6,1,16896,8,747220054
1273,46592845,174848,46767693,0,3,0,147968,42,10341961939
1274,46605057,12308,46617365,0,5,1,20480,16,1915637761
1275,46616164,33075,46649239,0,5,1,54272,16,3331360519
1276,46685753,210092,46895845,0,0,0,228352,41,8340611990
1277,46710579,124124,46834703,0,6,0,107520,8,789376078
1278,46770136,1994,46772130,0,4,1,2048,35,6602371679
1279,46774728,155797,46930525,0,0,0,42496,41,5773134301
1280,46785045,4162,46789207,0,6,1,11264,8,2022631233
1281,46841865,97940,46939805,0,3,0,26624,42,273566369
1282,46883493,69464,46952957,0,4,0,13824,35,1572497
1283,46910596,81620,46992216,0,5,0,18432,16,4425718672
1284,46924714,5196,46929910,0,6,1,13312,8,2407258865
1285,46954427,45596,47000023,0,9,0,1024,46,6082714160
1286,46963347,4679,46968026,0,4,1,12288,35,6812835837
1287,47026537,48980,47075517,0,1,0,2048,19,7742376177
1288,47031896,181616,47213512,0,4,0,150016,35,4140268854
1289,47046425,13083,47059508,0,6,1,22016,8,8611458396
1290,47060658,118976,47179634,0,3,0,90624,42,1879864884
1291,47115587,121784,47237371,0,7,0,99840,26,7302064159
1292,47174570,222168,47396738,0,3,0,251392,42,2287515919
1293,47181063,1518,47182581,0,9,1,1536,46,3056275674
1294,47313475,6229,47319704,0,9,1,15360,46,8285113616
1295,47358205,48980,47407185,0,9,0,2048,46,7202744798
1296,47387580,106184,47493764,0,5,0,48640,16,7894069187
1297,47411199,54056,47465255,0,1,0,3584,19,7478316455
1298,47437212,50645,47487857,0,1,0,1024,19,5324168625
1299,47488118,45596,47533714,0,9,0,1024,46,9317933045
1300,47518663,6488,47525151,0,4,1,15872,35,4728830029
1301,47577776,48980,47626756,0,9,0,2048,46,1028454467
1302,47615799,43904,47659703,0,9,0,512,46,7760699868
1303,47626409,106028,47732437,0,7,0,48128,26,9359350476
1304,47656076,189812,47845888,0,0,0,161792,41,8918359776
1305,47746472,1042,47747514,0,6,1,1024,8,7748558227
1306,47759388,1042,47760430,0,4,1,1024,35,9227121858
1307,47851993,43904,47895897,0,1,0,512,19,3184631905
1308,47856020,47288,47903308,0,1,0,1536,19,842598436
1309,47865471,52364,47917835,0,1,0,3072,19,1321210985
1310,47969314,97448,48066762,0,0,0,19968,41,1906612701
1311,48009919,5712,48015631,0,6,1,14336,8,8796087887
1312,48050242,108680,48158922,0,4,0,56832,35,7044672202
1313,48088541,47288,48135829,0,9,0,1536,46,1857456828
1314,48135262,3422,48138684,0,7,1,3584,26,7483963713
1315,48371287,119756,48491043,0,4,0,93184,35,8976117548
1316,48497996,122252,48620248,0,5,0,101376,16,281602177
1317,48579185,10757,48589942,0,4,1,17408,35,10645072496
1318,48607945,118976,48726921,0,3,0,90624,42,7382657963
1319,48651046,130208,48781254,0,4,0,127488,35,8833108572
1320,48655970,135211,48791181,0,3,0,22016,42,9437782368
1321,48686236,6754,48692990,0,4,1,7168,35,1213801325
1322,48753165,6754,48759919,0,7,1,7168,26,9553178071
1323,48777933,43904,48821837,0,9,0,512,46,10516246390
1324,48792073,226549,49018622,0,7,0,114176,26,10204821829
1325,48823008,101660,48924668,0,7,0,33792,26,8315431264
1326,48969401,196208,49165609,0,3,0,182784,42,545462848
1327,48982291,7230,48989521,0,6,1,7680,8,695573882
1328,49142202,3904,49146106,0,6,1,10752,8,5523281563
1329,49145464,23271,49168735,0,6,1,38400,8,8839636575
1330,49217677,102440,49320117,0,5,0,36352,16,6491775158
1331,49260608,2470,49263078,0,4,1,2560,35,10469207150
1332,49317098,104936,49422034,0,4,0,44544,35,5965097415
1333,49343981,5196,49349177,0,6,1,13312,8,6640475869
1334,49417164,6754,49423918,0,6,1,7168,8,8310370585
1335,49516903,11533,49528436,0,4,1,18944,35,4466500626
1336,49637965,566,49638531,0,4,1,512,35,1608949348
1337,49664373,57440,49721813,0,9,0,4608,46,2354040881
1338,49677974,106808,49784782,0,4,0,50688,35,650848973
1339,49689418,70976,49760394,0,5,0,8704,16,2323204069
1340,49738509,43904,49782413,0,1,0,512,19,4273082548
1341,49756835,74540,49831375,0,7,0,15360,26,3208905747
1342,49823913,45596,49869509,0,3,0,1024,42,7711806501
1343,49866398,2870,49869268,0,4,1,8704,35,4765270698
1344,49936803,13858,49950661,0,4,1,23552,35,1494367287
1345,49984916,47444,50032360,0,5,0,2048,16,5560736477
1346,50096999,566,50097565,0,3,1,512,42,3948463198
1347,50103322,48980,50152302,0,1,0,2048,19,9485850316
1348,50149306,43904,50193210,0,9,0,512,46,2229857720
1349,50166838,124592,50291430,0,7,0,109056,26,3786683179
1350,50206867,7230,50214097,0,4,1,7680,35,6834811991
1351,50233737,47288,50281025,0,9,0,1536,46,7018522185
1352,50301236,1994,50303230,0,4,1,2048,35,9461109258
1353,50338901,104000,50442901,0,3,0,41472,42,5188090556
1354,50352683,43904,50396587,0,1,0,512,19,2229525910
1355,50407805,143416,50551221,0,5,1,232448,16,6994254732
1356,50521959,99164,50621123,0,7,0,25600,26,5784261629
1357,50528830,6278,50535108,0,4,1,6656,35,5915455497
1358,50553316,144499,50697815,0,7,0,53248,26,2153516941
1359,50603122,209435,50812557,0,5,0,71168,16,5871838383
1360,50614239,114920,50729159,0,8,0,77312,28,5242716733
1361,50628643,225085,50853728,0,7,0,68096,26,653322590
1362,50632022,115219,50747241,0,7,0,2560,26,5196482397
1363,50644463,188502,50832965,0,7,0,107520,26,594290304
1364,50657094,47288,50704382,0,1,0,1536,19,3926784109
1365,50812639,101660,50914299,0,5,0,33792,16,9973353554
1366,50843191,91213,50934404,0,7,0,15360,26,438844824
1367,50891802,4420,50896222,0,5,1,11776,16,2363283865
1368,50974537,32041,51006578,0,5,1,52224,16,7599959596
1369,50998160,216176,51214336,0,7,0,248320,26,743292769
1370,51202844,43904,51246748,0,9,0,512,46,4339269881
1371,51383149,101192,51484341,0,3,0,32256,42,398204066
1372,51425200,50672,51475872,0,9,0,2560,46,10331268777
1373,51429435,47288,51476723,0,1,0,1536,19,495686749
1374,51487646,43904,51531550,0,1,0,512,19,7145744747
1375,51501608,53480,51555088,0,1,0,1024,19,2432740209
1376,51562716,2946,51565662,0,4,1,3072,35,8711202819
1377,51573224,74867,51648091,0,5,1,122368,16,8863375144
1378,51723548,13512,51737060,0,5,1,26112,16,4639166359
1379,51761784,68060,51829844,0,7,0,9216,26,4184721307
1380,51877646,87320,51964966,0,3,0,22016,42,432695271
1381,51888648,158074,52046722,0,3,0,129024,42,7949616427
1382,51938095,43904,51981999,0,9,0,512,46,2898045806
1383,51989199,48980,52038179,0,7,0,2048,26,1245261992
1384,52003434,110864,52114298,0,1,0,64000,19,1812151034
1385,52025345,5454,52030799,0,2,1,13824,12,2229885669
1386,52031988,10241,52042229,0,4,1,16384,35,5832703536
1387,52139910,182264,52322174,0,1,0,157184,19,3575556680
1388,52160278,23120,52183398,0,4,1,41472,35,9590618487
1389,52180158,179594,52359752,0,1,0,72704,19,3317972957
1390,52202745,66680,52269425,0,5,0,9728,16,1179485330
1391,52268454,203255,52471709,0,5,0,202752,16,3288218809
1392,52388448,85304,52473752,0,5,0,6656,16,7535152914
1393,52505262,45596,52550858,0,9,0,1024,46,387517364
1394,52514305,72824,52587129,0,5,0,9728,16,8242425403
1395,52518034,96092,52614126,0,3,0,25600,42,6530786953
1396,52540523,3904,52544427,0,7,1,10752,26,5675055914
1397,52543254,1042,52544296,0,4,1,1024,35,8178024874
1398,52681022,113672,52794694,0,5,0,73216,16,7938935928
1399,53004049,43904,53047953,0,1,0,512,19,484641119
1400,53038425,43904,53082329,0,3,0,512,42,7895883266
1401,53380351,3422,53383773,0,7,1,3584,26,4886158683
1402,53431082,4374,53435456,0,3,1,4608,42,5108338629
1403,53463902,566,53464468,0,3,1,512,42,10718174686
1404,53499973,3904,53503877,0,4,1,10752,35,4712549499
1405,53615865,83600,53699465,0,1,0,14848,19,10189159990
1406,53646079,3422,53649501,0,4,1,3584,35,4783198612
1407,53683464,34020,53717484,0,5,1,59392,16,9589876012
1408,53702830,257555,53960385,0,5,0,58880,16,2475182676
1409,53736779,55748,53792527,0,1,0,4096,19,5804782540
1410,53822324,3904,53826228,0,4,1,10752,35,508914712
1411,53913180,43904,53957084,0,9,0,512,46,9545110124
1412,53951973,10757,53962730,0,3,1,17408,42,5603973328
1413,54018839,5802,54024641,0,3,1,6144,42,8701257750
1414,54021563,91592,54113155,0,7,0,15872,26,549356158
1415,54082763,118976,54201739,0,1,0,90624,19,3549047556
1416,54133829,209468,54343297,0,7,0,226304,26,4601092821
1417,54220843,43904,54264747,0,9,0,512,46,5109539852
1418,54293588,104000,54397588,0,5,0,41472,16,3648229899
1419,54435694,106808,54542502,0,3,0,50688,42,8433467804
1420,54463767,108056,54571823,0,5,0,54784,16,3814551462
1421,54532384,183908,54716292,0,7,0,147456,26,1435132703
1422,54629499,2946,54632445,0,4,1,3072,35,5015902476
1423,54695100,112112,54807212,0,3,0,68096,42,3209800458
1424,54748741,1518,54750259,0,4,1,1536,35,9541843576
1425,54868950,4850,54873800,0,2,1,5120,12,784850067
1426,55008827,4374,55013201,0,2,1,4608,12,3019847482
1427,55173491,6229,55179720,0,3,1,15360,42,4914473944
1428,55222770,106964,55329734,0,5,0,51200,16,4421663183
1429,55233759,195584,55429343,0,7,0,180736,26,7606693379
1430,55255959,100481,55356440,0,5,0,6656,16,114781343
1431,55327313,116792,55444105,0,1,0,83456,19,7856737501
1432,55339345,95785,55435130,0,7,0,18944,26,6237888198
1433,55407209,2946,55410155,0,2,1,3072,12,4018212693
1434,55498152,3422,55501574,0,2,1,3584,12,6843179157
1435,55499711,60068,55559779,0,1,0,8192,19,1915458774
1436,55619008,1518,55620526,0,2,1,1536,12,6869431466
1437,55626250,101192,55727442,0,1,0,32256,19,5108239290
1438,55663274,123500,55786774,0,7,0,105472,26,2718982628
1439,55664850,7230,55672080,0,2,1,7680,12,4566876641
1440,55723847,1042,55724889,0,3,1,1024,42,7448922173
1441,55739035,208376,55947411,0,1,0,222720,19,3572412430
1442,55844266,12737,55857003,0,2,1,24576,12,3325470807
1443,55867166,14287,55881453,0,3,1,27648,42,2763775819
1444,55966442,14117,55980559,0,2,1,24064,12,6587402024
1445,55970543,15917,55986460,0,2,1,19968,12,4665895755
1446,56160592,59132,56219724,0,9,0,5120,46,4531291297
1447,56277121,2870,56279991,0,2,1,8704,12,8012594576
1448,56342605,4937,56347542,0,3,1,12800,42,1034928108
1449,56366202,67592,56433794,0,7,0,7680,26,9997882566
1450,56372103,1994,56374097,0,3,1,2048,42,4731992196
1451,56392371,81440,56473811,0,5,0,12800,16,9211669765
1452,56412566,566,56413132,0,2,1,512,12,5558596107
1453,56438454,100880,56539334,0,7,0,31232,26,8748112942
1454,56494656,178832,56673488,0,5,0,145920,16,1430230276
1455,56559038,318165,56877203,0,5,0,69120,16,5756972747
1456,56565113,291015,56856128,0,5,0,264192,16,5760827259
1457,56694515,107900,56802415,0,7,0,54272,26,5323123418
1458,56841485,13083,56854568,0,3,1,22016,42,1252109644
1459,56890259,4420,56894679,0,3,1,11776,42,8435204797
1460,56987735,102596,57090331,0,1,0,36864,19,5523096144
1461,57003934,101972,57105906,0,5,0,34816,16,4089623031
1462,57013424,100880,57114304,0,7,0,31232,26,10655770805
1463,57035206,106184,57141390,0,3,0,48640,42,2796120759
1464,57061306,10757,57072063,0,2,1,17408,12,5800785117
1465,57130480,15339,57145819,0,3,1,11776,42,8216956782
1466,57135215,23372,57158587,0,3,1,23040,42,1030353472
1467,57186331,90236,57276567,0,7,0,21504,26,2743844816
1468,57189070,173183,57362253,0,7,0,74752,26,2903367534
1469,57193449,3387,57196836,0,2,1,9728,12,3630288604
1470,57256298,43904,57300202,0,9,0,512,46,1943115170
1471,57514369,1518,57515887,0,3,1,1536,42,2731756960
1472,57519003,43904,57562907,0,9,0,512,46,5128407509
1473,57553759,108368,57662127,0,1,0,55808,19,2461519271
1474,57627319,60824,57688143,0,1,0,5632,19,1418865006
1475,57911460,126464,58037924,0,7,0,115200,26,3801806871
1476,58117149,282332,58399481,0,5,0,304128,16,9896146196
1477,58131122,97136,58228258,0,1,0,18944,19,5596965724
1478,58302969,60824,58363793,0,7,0,5632,26,1273419907
1479,58372401,47288,58419689,0,3,0,1536,42,7422640410
1480,58629274,13083,58642357,0,8,1,22016,28,1556663029
1481,58647855,54056,58701911,0,9,0,3584,46,8099383885
1482,58672752,126932,58799684,0,7,0,116736,26,8845970843
1483,58731791,98072,58829863,0,3,0,22016,42,6036574968
1484,58783337,1994,58785331,0,3,1,2048,42,4164851528
1485,58814215,47288,58861503,0,9,0,1536,46,10407009024
1486,58921913,113984,59035897,0,3,0,74240,42,9820620744
1487,58987731,84016,59071747,0,3,0,14336,42,248359722
1488,59084326,67592,59151918,0,1,0,7680,19,3651329003
1489,59242781,1042,59243823,0,8,1,1024,28,10647539643
1490,59245503,111644,59357147,0,7,0,66560,26,8041642967
1491,59245693,47288,59292981,0,9,0,1536,46,156500933
1492,59359537,12566,59372103,0,8,1,20992,28,1077624854
1493,59406887,47288,59454175,0,9,0,1536,46,3989360969
1494,59411648,43904,59455552,0,9,0,512,46,5525783760
1495,59451966,3898,59455864,0,8,1,4096,28,1422850176
1496,59674776,47288,59722064,0,9,0,1536,46,2867277287
1497,59676171,108368,59784539,0,1,0,55808,19,6260344875
1498,59733452,566,59734018,0,8,1,512,28,8223207167
1499,59791937,12995,59804932,0,3,1,25088,42,8084638288
1500,59898818,76544,59975362,0,3,0,16896,42,10730708424
1501,59986159,95444,60081603,0,7,0,18432,26,234410849
1502,60159026,6754,60165780,0,3,1,7168,42,5625442459
1503,60221427,107276,60328703,0,7,0,52224,26,646434419
1504,60312633,103376,60416009,0,3,0,39424,42,1261890982
1505,60314355,14804,60329159,0,8,1,28672,28,5690365484
1506,60327930,165029,60492959,0,3,0,64000,42,3204429432
1507,60464573,1042,60465615,0,3,1,1024,42,1742869938
1508,60511553,5326,60516879,0,5,1,5632,16,5828393729
1509,60536420,11016,60547436,0,8,1,17920,28,5222017705
1510,60539727,3387,60543114,0,5,1,9728,16,6313969662
1511,60584402,123188,60707590,0,1,0,104448,19,7502001692
1512,60733224,2946,60736170,0,3,1,3072,42,5231360141
1513,60812258,85160,60897418,0,7,0,19968,26,4415437862
1514,60831232,117260,60948492,0,3,0,84992,42,4085906735
1515,60834159,10499,60844658,0,3,1,16896,42,7771217672
1516,60950827,110490,61061317,0,3,0,43520,42,5969346408
1517,61062255,1042,61063297,0,3,1,1024,42,3021189935
1518,61131050,3422,61134472,0,3,1,3584,42,4820380598
1519,61143294,50672,61193966,0,7,0,2560,26,6435200517
1520,61168173,3128,61171301,0,8,1,9216,28,10626366031
1521,61204137,124748,61328885,0,5,0,109568,16,737799206
1522,61225064,6278,61231342,0,2,1,6656,12,9556871672
1523,61440200,45596,61485796,0,9,0,1024,46,6272253017
1524,61459012,15837,61474849,0,8,1,30720,28,3704658051
1525,61553901,5454,61559355,0,8,1,13824,28,4088631057
1526,61584175,196520,61780695,0,1,0,183808,19,4222904095
1527,61683886,113516,61797402,0,5,0,72704,16,670779073
1528,61854139,80708,61934847,0,7,0,20480,26,5434072203
1529,61941041,2470,61943511,0,3,1,2560,42,673443564
1530,61943796,99008,62042804,0,3,0,25088,42,3272080243
1531,62038775,64208,62102983,0,9,0,6656,46,4335718691
1532,62198330,13770,62212100,0,5,1,26624,16,397127341
1533,62324728,156763,62481491,0,5,0,112128,16,6347736475
1534,62356985,151812,62508797,0,5,0,64512,16,5834094139
1535,62526768,4850,62531618,0,3,1,5120,42,6152482778
1536,62535721,98072,62633793,0,5,0,22016,16,8497680211
1537,62633061,3898,62636959,0,3,1,4096,42,9583595266
1538,62849215,12308,62861523,0,3,1,20480,42,8160257588
1539,62880741,1994,62882735,0,3,1,2048,42,3161869384
1540,62914085,60824,62974909,0,7,0,5632,26,7383203211
1541,62918777,48980,62967757,0,9,0,2048,46,7711641373
1542,62929145,66056,62995201,0,1,0,7680,19,2980544254
1543,63113600,106340,63219940,0,5,0,49152,16,7023873757
1544,63179151,188564,63367715,0,1,0,157696,19,4396962557
1545,63314304,100256,63414560,0,7,0,29184,26,5043795698
1546,63519082,14117,63533199,0,1,1,24064,19,3875051109
1547,63586191,110084,63696275,0,1,0,61440,19,894047662
1548,63654627,47288,63701915,0,9,0,1536,46,1000158064
1549,63711469,136376,63847845,0,7,0,132608,26,3621101064
1550,63945899,104780,64050679,0,5,0,44032,16,9028867350
1551,63979301,207752,64187053,0,1,0,220672,19,5922894642
1552,63998034,106496,64104530,0,7,0,49664,26,3680988790
1553,64001420,48980,64050400,0,9,0,2048,46,9470112498
1554,64019714,161922,64181636,0,7,0,74752,26,5099027233
1555,64126563,3904,64130467,0,3,1,10752,42,8497862323
1556,64177517,16016,64193533,0,1,1,15872,19,2096808681
1557,64357607,101036,64458643,0,1,0,31744,19,6768508825
1558,64361538,5802,64367340,0,1,1,6144,19,428917455
1559,64499160,106340,64605500,0,7,0,49152,26,10331310254
1560,64527103,3422,64530525,0,0,1,3584,41,8966516890
1561,64530343,4850,64535193,0,1,1,5120,19,4231165432
1562,64643302,284048,64927350,0,5,0,309760,16,9616122863
1563,64776555,4374,64780929,0,0,1,4608,41,5185706885
1564,64811426,80840,64892266,0,1,0,15872,19,2501971318
1565,64844210,5326,64849536,0,0,1,5632,41,5840935619
1566,64876303,51140,64927443,0,9,0,4096,46,4760500729
1567,64907049,47288,64954337,0,9,0,1536,46,7738317189
1568,64918890,118352,65037242,0,7,0,88576,26,4769058376
1569,64959486,43904,65003390,0,9,0,512,46,4007327142
1570,64986682,142526,65129208,0,3,0,103424,42,10590752833
1571,64998577,3645,65002222,0,3,1,10240,42,10526575255
1572,65165637,86096,65251733,0,1,0,23040,19,1517599880
1573,65190422,162441,65352863,0,1,0,126976,19,4935049075
1574,65246158,50672,65296830,0,9,0,2560,46,1871124584
1575,65254550,114296,65368846,0,5,0,75264,16,9125118824
1576,65270547,145584,65416131,0,3,0,107008,42,7706534009
1577,65290907,3898,65294805,0,3,1,4096,42,9784596248
1578,65598650,21399,65620049,0,5,1,34816,16,10024775542
1579,65603550,100880,65704430,0,3,0,31232,42,5776418178
1580,65642234,2470,65644704,0,7,1,2560,26,885327403
1581,65740652,4420,65745072,0,3,1,11776,42,5252402220
1582,65743649,7870,65751519,0,3,1,7680,42,9831543429
1583,65824798,118196,65942994,0,7,0,88064,26,2453579436
1584,65837693,45596,65883289,0,9,0,1024,46,3096624769
1585,65872664,1042,65873706,0,5,1,1024,16,9671284972
1586,65902442,71780,65974222,0,3,0,16384,42,7111418253
1587,65940113,33075,65973188,0,5,1,54272,16,8656014878
1588,66047645,5712,66053357,0,7,1,14336,26,2715875503
1589,66071925,83912,66155837,0,1,0,15872,19,721693337
1590,66117185,6229,66123414,0,3,1,15360,42,3931702254
1591,66156907,122720,66279627,0,5,0,102912,16,3701908585
1592,66177551,97916,66275467,0,1,0,21504,19,1846461056
1593,66257684,43904,66301588,0,9,0,512,46,3863173937
1594,66347423,5326,66352749,0,7,1,5632,26,2509291270
1595,66369494,566,66370060,0,6,1,512,8,10294539628
1596,66468015,105716,66573731,0,1,0,47104,19,5680321879
1597,66521462,2470,66523932,0,5,1,2560,16,9948227703
1598,66547593,7230,66554823,0,7,1,7680,26,1807958135
1599,66627458,48980,66676438,0,9,0,2048,46,9473051772
1600,66672864,7706,66680570,0,5,1,8192,16,10199667045
1601,66675447,566,66676013,0,7,1,512,26,9427890203
1602,66706964,64832,66771796,0,1,0,8704,19,8810668792
1603,66793594,43904,66837498,0,9,0,512,46,7134365967
1604,66845341,3422,66848763,0,7,1,3584,26,10681602632
1605,66845826,22862,66868688,0,3,1,40960,42,6860156509
1606,66883176,12308,66895484,0,6,1,20480,8,4487859928
1607,66889171,5196,66894367,0,5,1,13312,16,10136630462
1608,66923609,168530,67092139,0,7,0,136192,26,9518204988
1609,66980100,50672,67030772,0,3,0,2560,42,2319433176
1610,67010971,90774,67101745,0,7,0,15360,26,6779971747
1611,67138033,110864,67248897,0,1,0,64000,19,9244669751
1612,67245005,102908,67347913,0,7,0,37888,26,6813477837
1613,67341996,100568,67442564,0,3,0,30208,42,773026933
1614,67372780,1518,67374298,0,3,1,1536,42,10682431772
1615,67372783,3645,67376428,0,2,1,10240,12,9666596643
1616,67408709,6754,67415463,0,3,1,7168,42,2550577150
1617,67426434,16145,67442579,0,3,1,27648,42,5943267232
1618,67534084,4850,67538934,0,5,1,5120,16,4031621857
1619,67799649,62516,67862165,0,7,0,6144,26,4479652367
1620,67803211,1518,67804729,0,3,1,1536,42,2525095315
1621,67832498,6754,67839252,0,3,1,7168,42,10415317632
1622,67835662,214304,68049966,0,5,0,242176,16,1876625172
1623,68067990,92060,68160050,0,1,0,17408,19,4364808057
1624,68097500,3904,68101404,0,3,1,10752,42,7033399063
1625,68137263,161606,68298869,0,3,0,46080,42,10296131887
1626,68321520,127712,68449232,0,7,0,119296,26,4263547169
1627,68361334,47288,68408622,0,3,0,1536,42,2596135335
1628,68424004,102128,68526132,0,1,0,35328,19,7299092560
1629,68465867,43904,68509771,0,9,0,512,46,2306786221
1630,68532071,61448,68593519,0,7,0,7680,26,1549741500
1631,68580532,77744,68658276,0,1,0,10752,19,2609293156
1632,68611358,48980,68660338,0,9,0,2048,46,2858664824
1633,68640480,107276,68747756,0,3,0,52224,42,8696152363
1634,68645072,66836,68711908,0,7,0,10240,26,8619502030
1635,68648730,48980,68697710,0,9,0,2048,46,8094738916
1636,68734643,18907,68753550,0,3,1,6144,42,9374685029
1637,68785478,102128,68887606,0,3,0,35328,42,6236664922
1638,68796287,98696,68894983,0,5,0,24064,16,274933054
1639,68922781,99008,69021789,0,1,0,25088,19,2031546003
1640,68934046,250319,69184365,0,1,0,236032,19,2492083055
1641,68961091,196832,69157923,0,7,0,184832,26,4049622870
1642,69004541,215240,69219781,0,5,0,245248,16,291225571
1643,69081821,2870,69084691,0,3,1,8704,42,8828996442
1644,69115996,44865,69160861,0,7,1,3072,26,7245928680
1645,69207174,4850,69212024,0,7,1,5120,26,7865402134
1646,69240450,88052,69328502,0,7,0,14336,26,1935229093
1647,69270616,3898,69274514,0,0,1,4096,41,6357946459
1648,69273529,1042,69274571,0,7,1,1024,26,337526188
1649,69274651,75164,69349815,0,1,0,17408,19,6007023339
1650,69296225,91796,69388021,0,3,0,26624,42,5589926307
1651,69329608,2946,69332554,0,3,1,3072,42,3881648477
1652,69410023,99164,69509187,0,1,0,25600,19,8301937653
1653,69422276,4850,69427126,0,0,1,5120,41,6762022095
1654,69482345,99164,69581509,0,3,0,25600,42,2661784082
1655,69526620,4850,69531470,0,3,1,5120,42,7568662722
1656,69625901,82400,69708301,0,7,0,20992,26,1193467053
1657,69630094,43904,69673998,0,9,0,512,46,316497087
1658,69682437,104936,69787373,0,3,0,44544,42,7661891472
1659,69705885,81440,69787325,0,5,0,12800,16,9770709882
1660,69720451,14117,69734568,0,3,1,24064,42,6331568500
1661,69748797,2870,69751667,0,3,1,8704,42,5955837909
1662,70006534,264536,70271070,0,5,0,275968,16,3772490565
1663,70011676,96380,70108056,0,7,0,21504,26,1328126177
1664,70100581,2946,70103527,0,0,1,3072,41,5874246269
1665,70182892,1994,70184886,0,5,1,2048,16,6620200489
1666,70284744,10757,70295501,0,0,1,17408,41,9718022754
1667,70301106,2470,70303576,0,3,1,2560,42,977845634
1668,70470230,4162,70474392,0,0,1,11264,41,9100128800
1669,70482078,102128,70584206,0,5,0,35328,16,6457598283
1670,70546567,12825,70559392,0,7,1,21504,26,3721497745
1671,70591379,100412,70691791,0,7,0,29696,26,7559259973
1672,70627267,23725,70650992,0,3,1,39424,42,9868542518
1673,70637222,2870,70640092,0,7,1,8704,26,4867536995
1674,70646394,83936,70730330,0,1,0,20992,19,7613122566
1675,70687301,43904,70731205,0,9,0,512,46,8666411718
1676,71026849,3898,71030747,0,3,1,4096,42,3137993774
1677,71063157,116636,71179793,0,5,0,82944,16,3267822440
1678,71073643,5454,71079097,0,0,1,13824,41,2210225116
1679,71079874,22950,71102824,0,3,1,37888,42,10128995786
1680,71163371,6754,71170125,0,3,1,7168,42,3496660276
1681,71168449,107744,71276193,0,7,0,53760,26,3096923701
1682,71193612,2870,71196482,0,3,1,8704,42,8887719974
1683,71339921,566,71340487,0,0,1,512,41,9016439761
1684,71350455,45596,71396051,0,9,0,1024,46,2678801232
1685,71467916,266072,71733988,0,1,0,275968,19,1722585317
1686,71474869,11274,71486143,0,3,1,18432,42,10139324526
1687,71639051,216488,71855539,0,1,0,249344,19,5990908304
1688,71681100,120536,71801636,0,5,0,95744,16,4247798732
1689,71705923,6488,71712411,0,3,1,15872,42,7262224898
1690,71891239,5802,71897041,0,3,1,6144,42,9810782173
1691,71925108,47288,71972396,0,9,0,1536,46,3334401792
1692,72026455,6488,72032943,0,9,1,15872,46,8840668562
1693,72058146,566,72058712,0,3,1,512,42,8103145748
1694,72069145,2470,72071615,0,0,1,2560,41,8739863027
1695,72137097,103688,72240785,0,1,0,40448,19,4191729108
1696,72227873,1042,72228915,0,7,1,1024,26,7689708559
1697,72340740,108836,72449576,0,3,0,57344,42,6992262376
1698,72349516,50672,72400188,0,9,0,2560,46,4995307106
1699,72475229,125060,72600289,0,1,0,110592,19,7320081753
1700,72486241,3898,72490139,0,0,1,4096,41,3877436246
1701,72506194,13858,72520052,0,0,1,23552,41,7332591382
1702,72521757,12825,72534582,0,5,1,21504,16,7031401601
1703,72658047,124904,72782951,0,5,0,110080,16,1709397177
1704,72710996,48980,72759976,0,3,0,2048,42,7997573184
1705,73086453,47288,73133741,0,9,0,1536,46,9232923240
1706,73191793,196208,73388001,0,1,0,182784,19,4846684915
1707,73198226,114140,73312366,0,7,0,74752,26,9192056220
1708,73226454,3128,73229582,0,0,1,9216,41,7942796242
1709,73378502,48980,73427482,0,9,0,2048,46,2650651679
1710,73447573,11274,73458847,0,3,1,18432,42,7825372584
1711,73623978,6754,73630732,0,3,1,7168,42,3251894542
1712,73669912,4374,73674286,0,0,1,4608,41,3373671239
1713,73741230,102440,73843670,0,1,0,36352,19,8714188349
1714,73779648,116948,73896596,0,7,0,83968,26,7439790403
1715,73812537,111644,73924181,0,1,0,66560,19,7906763456
1716,73855870,48980,73904850,0,9,0,2048,46,4359186579
1717,73858489,184244,74042733,0,7,0,153600,26,3363921857
1718,73874243,226434,74100677,0,1,0,184832,19,201963353
1719,73887852,100412,73988264,0,3,0,29696,42,5710031631
1720,73890329,43904,73934233,0,9,0,512,46,640096465
1721,73939959,212714,74152673,0,1,0,55808,19,2725085171
1722,73944284,129584,74073868,0,5,0,125440,16,9406110431
1723,73978466,133820,74112286,0,5,0,23552,16,2564897016
1724,74268472,50672,74319144,0,9,0,2560,46,4512406932
1725,74309010,33245,74342255,0,0,1,57856,41,6094983317
1726,74314921,78392,74393313,0,5,0,17920,16,1588721100
1727,74401134,4420,74405554,0,3,1,11776,42,1581509313
1728,74520999,50672,74571671,0,9,0,2560,46,10152382569
1729,74521535,1042,74522577,0,0,1,1024,41,1384825019
1730,74552872,1518,74554390,0,8,1,1536,28,1625774249
1731,74554867,73472,74628339,0,6,0,16896,8,9391182412
1732,74590536,6754,74597290,0,0,1,7168,41,492040816
1733,74625731,14804,74640535,0,8,1,28672,28,5759210696
1734,74675760,47288,74723048,0,9,0,1536,46,3172163744
1735,74693500,114452,74807952,0,3,0,75776,42,8134271306
1736,74764929,193035,74957964,0,3,0,147456,42,2480240855
1737,74779318,3422,74782740,0,8,1,3584,28,1216309457
1738,74794465,3387,74797852,0,8,1,9728,28,9348253723
1739,74834339,112892,74947231,0,1,0,70656,19,5331861828
1740,74949530,20217,74969747,0,3,1,19456,42,2993889450
1741,74961623,5454,74967077,0,8,1,13824,28,940645854
1742,75116923,3645,75120568,0,8,1,10240,28,10409448370
1743,75167436,242384,75409820,0,5,0,268800,16,4480958048
1744,75173182,4420,75177602,0,8,1,11776,28,6698766943
1745,75194038,388892,75582930,0,3,0,492544,42,336215357
1746,75198224,417325,75615549,0,3,0,107008,42,3122569622
1747,75217565,6229,75223794,0,3,1,15360,42,3150922174
1748,75230265,3904,75234169,0,3,1,10752,42,932538910
1749,75283045,5802,75288847,0,8,1,6144,28,9446950257
1750,75297689,197768,75495457,0,7,0,187904,26,2688298006
1751,75378292,235611,75613903,0,7,0,217600,26,7243391331
1752,75692401,13858,75706259,0,8,1,23552,28,3654263926
1753,75720829,56684,75777513,0,5,0,7168,16,3171628567
1754,75916076,109928,76026004,0,7,0,60928,26,3816919346
1755,76107243,124436,76231679,0,5,0,108544,16,5711815152
1756,76155507,45596,76201103,0,9,0,1024,46,2771061224
1757,76245058,106184,76351242,0,7,0,48640,26,5387421165
1758,76408230,45596,76453826,0,9,0,1024,46,432796283
1759,76461979,123812,76585791,0,1,0,106496,19,4042758263
1760,76507537,85136,76592673,0,5,0,14848,16,9852849347
1761,76515112,47288,76562400,0,9,0,1536,46,4277695192
1762,76533347,102596,76635943,0,3,0,36864,42,6063014104
1763,76593766,165008,76758774,0,7,0,145920,26,7064572179
1764,76638918,258392,76897310,0,1,0,275968,19,6689271719
1765,76864119,202136,77066255,0,7,0,202240,26,5561720001
1766,76869428,96207,76965635,0,7,0,3072,26,10070674353
1767,76977623,13341,76990964,0,3,1,22528,42,4620977439
1768,77095904,167868,77263772,0,3,0,131072,42,1008309
1769,77128010,127556,77255566,0,5,0,118784,16,3323004482
1770,77149711,116416,77266127,0,3,0,7680,42,10017363586
1771,77175374,4679,77180053,0,3,1,12288,42,353823020
1772,77213791,91328,77305119,0,7,0,25088,26,6158328578
1773,77427460,180368,77607828,0,3,0,145920,42,6825635679
1774,77440156,3422,77443578,0,1,1,3584,19,6457699242
1775,77440806,10990,77451796,0,1,1,16896,19,3907873321
1776,77446185,187242,77633427,0,3,0,83968,42,2789211049
1777,77643112,45596,77688708,0,9,0,1024,46,9709709902
1778,77690854,3422,77694276,0,3,1,3584,42,2875262538
1779,77750394,121628,77872022,0,4,0,99328,35,6678099929
1780,77760391,98852,77859243,0,1,0,24576,19,6981384407
1781,77801838,3645,77805483,0,1,1,10240,19,4318918462
1782,77813613,2870,77816483,0,3,1,8704,42,822513473
1783,77821571,202760,78024331,0,7,0,204288,26,3894869664
1784,77917242,102908,78020150,0,3,0,37888,42,1754777631
1785,77920447,61448,77981895,0,1,0,7680,19,1618550741
1786,77938290,273044,78211334,0,5,0,288768,16,10412064382
1787,77938891,11016,77949907,0,3,1,17920,42,5578046082
1788,78096632,72668,78169300,0,7,0,9216,26,2988437737
1789,78141952,1042,78142994,0,3,1,1024,42,3018217249
1790,78151496,222054,78373550,0,5,0,141824,16,8186596618
1791,78249032,12049,78261081,0,3,1,19968,42,10567410095
1792,78372413,52364,78424777,0,9,0,3072,46,8338437631
1793,78477703,43904,78521607,0,9,0,512,46,1292898274
1794,78486837,163784,78650621,0,5,0,146944,16,6541198704
1795,78493075,1518,78494593,0,2,1,1536,12,2804115911
1796,78530780,3898,78534678,0,2,1,4096,12,583277150
1797,78743255,1042,78744297,0,2,1,1024,12,8397108763
1798,78787502,59444,78846946,0,7,0,6144,26,4186698012
1799,78872684,5326,78878010,0,2,1,5632,12,1689450695
1800,78916253,108836,79025089,0,5,0,57344,16,2585663652
1801,78919171,2470,78921641,0,2,1,2560,12,3195572737
1802,78981589,11791,78993380,0,2,1,19456,12,3322939981
1803,79083605,21399,79105004,0,2,1,34816,12,5729519378
1804,79165779,113984,79279763,0,5,0,74240,16,6822493556
1805,79225174,113048,79338222,0,8,0,71168,28,6014844258
1806,79362053,1042,79363095,0,0,1,1024,41,9499625498
1807,79394954,5326,79400280,0,3,1,5632,42,9864023787
1808,79454384,84380,79538764,0,3,0,17408,42,666078102
1809,79468330,107744,79576074,0,7,0,53760,26,4992933662
1810,79548610,43904,79592514,0,9,0,512,46,1037581745
1811,79560886,4850,79565736,0,3,1,5120,42,3040979115
1812,79582696,5802,79588498,0,3,1,6144,42,3283026427
1813,79615003,43904,79658907,0,9,0,512,46,2357497818
1814,79709068,98228,79807296,0,3,0,22528,42,3032775901
1815,79749500,4850,79754350,0,3,1,5120,42,3051681173
1816,79763243,122096,79885339,0,5,0,100864,16,2980784518
1817,79822755,105092,79927847,0,3,0,45056,42,5153665773
1818,79906665,1518,79908183,0,5,1,1536,16,1576444990
1819,79937591,3904,79941495,0,0,1,10752,41,89756611
1820,80065651,47288,80112939,0,1,0,1536,19,908398243
1821,80077700,1518,80079218,0,4,1,1536,35,1881113365
1822,80169936,10757,80180693,0,0,1,17408,41,4628290331
1823,80184893,2470,80187363,0,0,1,2560,41,4607398484
1824,80229021,4850,80233871,0,5,1,5120,16,3987554764
1825,80239252,3898,80243150,0,4,1,4096,35,1015273814
1826,80373413,5454,80378867,0,4,1,13824,35,2633015985
1827,80379444,20366,80399810,0,5,1,32768,16,921773623
1828,80426982,6278,80433260,0,9,1,6656,46,5811775372
1829,80453414,7230,80460644,0,4,1,7680,35,4468958704
1830,80506258,2870,80509128,0,4,1,8704,35,9445643874
1831,80519104,1518,80520622,0,8,1,1536,28,9440470328
1832,80569545,247460,80817005,0,3,0,270336,42,5464116993
1833,80610762,63608,80674370,0,1,0,9728,19,10138063956
1834,80611970,15062,80627032,0,8,1,29184,28,7765283309
1835,80683392,54056,80737448,0,9,0,3584,46,3614930541
1836,80693841,159248,80853089,0,3,0,89088,42,1472228897
1837,80721499,11016,80732515,0,8,1,17920,28,4090274379
1838,80855120,2870,80857990,0,0,1,8704,41,7723996133
1839,81050830,174872,81225702,0,3,0,153088,42,2649495175
1840,81124077,158084,81282161,0,7,0,143360,26,10408474546
1841,81128989,170705,81299694,0,3,0,96256,42,6378165061
1842,81145139,12566,81157705,0,0,1,20992,41,10189057315
1843,81207171,1518,81208689,0,5,1,1536,16,1467042882
1844,81235538,5326,81240864,0,8,1,5632,28,4085847875
1845,81241712,4937,81246649,0,8,1,12800,28,9684133516
1846,81245508,2946,81248454,0,9,1,3072,46,1102745818
1847,81268742,12308,81281050,0,0,1,20480,41,6029800863
1848,81282913,3422,81286335,0,4,1,3584,35,5389357332
1849,81319480,1518,81320998,0,5,1,1536,16,3989070479
1850,81362921,105560,81468481,0,1,0,46592,19,7783094426
1851,81367612,2946,81370558,0,4,1,3072,35,4768075973
1852,81385361,4374,81389735,0,0,1,4608,41,5949677144
1853,81432547,47288,81479835,0,9,0,1536,46,7930599467
1854,81454561,1994,81456555,0,4,1,2048,35,5591121482
1855,81584138,3898,81588036,0,9,1,4096,46,8909152263
1856,81617459,566,81618025,0,4,1,512,35,7490326412
1857,81641381,106028,81747409,0,5,0,48128,16,209984202
1858,81643614,12825,81656439,0,9,1,21504,46,5182684328
1859,81652029,47288,81699317,0,9,0,1536,46,3554995862
1860,81665169,3898,81669067,0,4,1,4096,35,7672624652
1861,81722246,112268,81834514,0,1,0,68608,19,2017908483
1862,81760251,89144,81849395,0,3,0,17920,42,9882097089
1863,81884808,2470,81887278,0,4,1,2560,35,2753660234
1864,81924300,206972,82131272,0,1,0,218112,19,393618841
1865,81937216,3422,81940638,0,5,1,3584,16,1730425539
1866,81969724,200440,82170164,0,1,0,46080,19,529617020
1867,81974767,5802,81980569,0,0,1,6144,41,9442883815
1868,81976125,12049,81988174,0,8,1,19968,28,1109847250
1869,82034873,4374,82039247,0,0,1,4608,41,1302525638
1870,82095604,146296,82241900,0,1,0,32256,19,127831962
1871,82146324,23637,82169961,0,8,1,42496,28,8859527593
1872,82222674,7230,82229904,0,8,1,7680,28,453408590
1873,82247981,11274,82259255,0,8,1,18432,28,1185371949
1874,82326994,2470,82329464,0,8,1,2560,28,557785430
1875,82379966,2470,82382436,0,8,1,2560,28,170597416
1876,82435111,2946,82438057,0,5,1,3072,16,2403595500
1877,82553978,3387,82557365,0,5,1,9728,16,6478866258
1878,82568433,1518,82569951,0,8,1,1536,28,9482642334
1879,82645847,4679,82650526,0,4,1,12288,35,9264755549
1880,82676460,5326,82681786,0,6,1,5632,8,8616321211
1881,82732244,5326,82737570,0,8,1,5632,28,5566796756
1882,82798751,6754,82805505,0,8,1,7168,28,7158132204
1883,82805909,2470,82808379,0,9,1,2560,46,7710670508
1884,82813484,3645,82817129,0,2,1,10240,12,9207459794
1885,82820161,6278,82826439,0,9,1,6656,46,25115890
1886,82871391,5326,82876717,0,4,1,5632,35,278861686
1887,82938746,3422,82942168,0,2,1,3584,12,3738302020
1888,82961113,566,82961679,0,4,1,512,35,1316487783
1889,82987454,5454,82992908,0,9,1,13824,46,6250630938
1890,83046233,3128,83049361,0,5,1,9216,16,8974254125
1891,83054706,10499,83065205,0,5,1,16896,16,67889045
1892,83070941,294812,83365753,0,3,0,345088,42,5340021186
1893,83155419,3128,83158547,0,6,1,9216,8,10246657098
1894,83200757,3387,83204144,0,9,1,9728,46,10603277606
1895,83263540,2470,83266010,0,5,1,2560,16,5404659417
1896,83278650,1994,83280644,0,4,1,2048,35,8467934053
1897,83281739,193310,83475049,0,3,0,58880,42,6349370067
1898,83284588,238209,83522797,0,3,0,54272,42,6749508875
1899,83315590,2470,83318060,0,5,1,2560,16,510486149
1900,83351298,12825,83364123,0,8,1,21504,28,7440371331
1901,83462070,188564,83650634,0,7,0,157696,26,9241498477
1902,83532579,109148,83641727,0,1,0,58368,19,6287003640
1903,83537113,2470,83539583,0,9,1,2560,46,3135080700
1904,83545851,4374,83550225,0,2,1,4608,12,2736083609
1905,83546383,100256,83646639,0,3,0,29184,42,1706709977
1906,83549063,254334,83803397,0,1,0,199680,19,5835697585
1907,83591116,4420,83595536,0,5,1,11776,16,9718942758
1908,83591122,156647,83747769,0,3,0,133120,42,2488546262
1909,83641660,4850,83646510,0,6,1,5120,8,9542997495
1910,83692944,57596,83750540,0,7,0,5120,26,2508810646
1911,83723219,4374,83727593,0,6,1,4608,8,5435216645
1912,83726258,113048,83839306,0,7,0,71168,26,590307812
1913,83877895,99944,83977839,0,3,0,28160,42,1093174649
1914,83936551,117104,84053655,0,7,0,84480,26,2582490355
1915,83979061,1994,83981055,0,9,1,2048,46,3281689193
1916,84062208,102284,84164492,0,5,0,35840,16,1645304054
1917,84084843,3904,84088747,0,4,1,10752,35,10062984901
1918,84115821,113360,84229181,0,1,0,72192,19,9824207390
1919,84165862,45596,84211458,0,9,0,1024,46,728076060
1920,84193075,113984,84307059,0,1,0,74240,19,10318626223
1921,84268580,566,84269146,0,6,1,512,8,7114909415
1922,84339313,1042,84340355,0,4,1,1024,35,6727136166
1923,84359001,1994,84360995,0,5,1,2048,16,4675342724
1924,84383131,124379,84507510,0,1,0,106496,19,9401326335
1925,84383698,142829,84526527,0,1,0,24576,19,10416555756
1926,84397725,4162,84401887,0,4,1,11264,35,2064330036
1927,84414033,3387,84417420,0,5,1,9728,16,3604195862
1928,84444086,117193,84561279,0,1,0,50688,19,1388735520
1929,84448972,566,84449538,0,7,1,512,26,10676153097
1930,84511097,52364,84563461,0,9,0,3072,46,8296379133
1931,84538965,47288,84586253,0,7,0,1536,26,3438931193
1932,84645312,1042,84646354,0,4,1,1024,35,3941965745
1933,84679859,2946,84682805,0,7,1,3072,26,9785901375
1934,84714128,3898,84718026,0,1,1,4096,19,9646602792
1935,84746961,5712,84752673,0,7,1,14336,26,2311315226
1936,84747977,1994,84749971,0,2,1,2048,12,1174385890
1937,84756586,5326,84761912,0,5,1,5632,16,3966848902
1938,84792043,12825,84804868,0,7,1,21504,26,3368646078
1939,84834249,22433,84856682,0,3,1,36864,42,2401392902
1940,84841648,1518,84843166,0,5,1,1536,16,3006386827
1941,84849357,10757,84860114,0,9,1,17408,46,8255800555
1942,84849814,21658,84871472,0,2,1,35328,12,2850805996
1943,84859681,6278,84865959,0,7,1,6656,26,8051590899
1944,84903654,5196,84908850,0,4,1,13312,35,8261275591
1945,84955431,3898,84959329,0,2,1,4096,12,8071593670
1946,85072225,2470,85074695,0,5,1,2560,16,4880594578
1947,85093808,5326,85099134,0,3,1,5632,42,432947518
1948,85189843,43904,85233747,0,9,0,512,46,1465593456
1949,85217439,33333,85250772,0,5,1,54784,16,2262015484
1950,85341103,566,85341669,0,4,1,512,35,4229291823
1951,85378621,3898,85382519,0,3,1,4096,42,9157811912
1952,85422736,103064,85525800,0,7,0,38400,26,9096099157
1953,85450389,4937,85455326,0,3,1,12800,42,428681191
1954,85453726,78380,85532106,0,3,0,15872,42,9482412881
1955,85480431,43904,85524335,0,2,0,512,12,212883920
1956,85502341,98228,85600569,0,1,0,22528,19,9222837587
1957,85527560,101107,85628667,0,1,0,12800,19,8830500213
1958,85528057,5083,85533140,0,3,1,1024,42,9517927297
1959,85630566,5326,85635892,0,3,1,5632,42,1078776779
1960,85637816,566,85638382,0,2,1,512,12,2875466917
1961,85638394,4420,85642814,0,5,1,11776,16,1532988523
1962,85704942,3904,85708846,0,2,1,10752,12,516227803
1963,85734879,3422,85738301,0,2,1,3584,12,8715449282
1964,85747266,4162,85751428,0,4,1,11264,35,4551067322
1965,85749877,1994,85751871,0,3,1,2048,42,3406135984
1966,85818169,5326,85823495,0,3,1,5632,42,1828446257
1967,85838018,70976,85908994,0,2,0,8704,12,4823358497
1968,85896354,114920,86011274,0,1,0,77312,19,10687524436
1969,85936184,13770,85949954,0,4,1,26624,35,5996711011
1970,85953703,3387,85957090,0,3,1,9728,42,7444586776
1971,85972815,115232,86088047,0,5,0,78336,16,5920681663
1972,86002507,198259,86200766,0,1,0,160768,19,4505156782
1973,86019056,5326,86024382,0,2,1,5632,12,6213811446
1974,86022566,6754,86029320,0,4,1,7168,35,8389019095
1975,86091849,100568,86192417,0,5,0,30208,16,9261403634
1976,86144613,6229,86150842,0,5,1,15360,16,5503860650
1977,86157640,566,86158206,0,7,1,512,26,1565837626
1978,86270483,4420,86274903,0,7,1,11776,26,6930148645
1979,86371438,106028,86477466,0,2,0,48128,12,9597513461
1980,86372906,15837,86388743,0,3,1,30720,42,493103051
1981,86453570,6229,86459799,0,4,1,15360,35,7081329086
1982,86462849,178710,86641559,0,3,0,60416,42,7409388203
1983,86467252,20705,86487957,0,2,1,16896,12,6266511278
1984,86469644,2470,86472114,0,5,1,2560,16,1479108448
1985,86503207,5712,86508919,0,4,1,14336,35,6342065449
1986,86509525,12995,86522520,0,5,1,25088,16,4705814396
1987,86561438,59756,86621194,0,3,0,7168,42,4030159738
1988,86586856,120336,86707192,0,3,0,61440,42,9573699425
1989,86694167,13600,86707767,0,5,1,23040,16,1107399491
1990,86703823,7706,86711529,0,7,1,8192,26,10239907233
1991,86759823,1518,86761341,0,5,1,1536,16,7950052875
1992,86770490,5326,86775816,0,7,1,5632,26,4585777562
1993,86771382,130988,86902370,0,3,0,130048,42,8529711745
1994,86880273,3422,86883695,0,2,1,3584,12,1813975655
1995,86965077,45596,87010673,0,9,0,1024,46,5699319167
1996,86973236,175652,87148888,0,1,0,155648,19,9050898468
1997,86974110,4937,86979047,0,3,1,12800,42,1208221540
1998,86994455,4679,86999134,0,7,1,12288,26,164105306
1999,87041399,3387,87044786,0,3,1,9728,42,3753227375
2000,87053193,566,87053759,0,2,1,512,12,1996892307
2001,87062923,6488,87069411,0,3,1,15872,42,1901211758
2002,87120172,4850,87125022,0,2,1,5120,12,4750104699
2003,87174333,14029,87188362,0,5,1,27136,16,10386264131
2004,87186864,205100,87391964,0,2,0,211968,12,7279303841
2005,87247395,6229,87253624,0,4,1,15360,35,6859692954
2006,87313043,5326,87318369,0,4,1,5632,35,8198817101
2007,87336840,43904,87380744,0,9,0,512,46,3120597713
2008,87417917,99632,87517549,0,7,0,27136,26,5071264010
2009,87431051,3898,87434949,0,1,1,4096,19,8855658090
2010,87443907,6278,87450185,0,0,1,6656,41,3435022574
2011,87453718,112424,87566142,0,1,0,69120,19,756606645
2012,87464969,3904,87468873,0,3,1,10752,42,4017657693
2013,87478706,120317,87599023,0,7,0,66560,26,9734297050
2014,87528552,6754,87535306,0,3,1,7168,42,3675298509
2015,87662696,45596,87708292,0,9,0,1024,46,8806526183
2016,87736178,11016,87747194,0,4,1,17920,35,790349191
2017,87740939,6754,87747693,0,3,1,7168,42,10484483384
2018,87799094,103064,87902158,0,3,0,38400,42,9472385494
2019,87911406,111800,88023206,0,1,0,67072,19,9868565741
2020,87943907,11533,87955440,0,1,1,18944,19,4860030743
2021,87950399,12049,87962448,0,4,1,19968,35,7536396844
2022,87951893,2470,87954363,0,3,1,2560,42,8622241598
2023,87981194,105872,88087066,0,7,0,47616,26,7524526679
2024,88076551,4374,88080925,0,1,1,4608,19,9697267871
2025,88084801,3645,88088446,0,0,1,10240,41,1858907763
2026,88110818,112424,88223242,0,5,0,69120,16,3322856296
2027,88118347,10499,88128846,0,5,1,16896,16,9324804692
2028,88182407,110396,88292803,0,3,0,62464,42,7173611254
2029,88211423,5802,88217225,0,3,1,6144,42,7713644752
2030,88275429,192932,88468361,0,5,0,172032,16,5865422829
2031,88374882,196676,88571558,0,9,0,184320,46,1824280381
2032,88405234,267154,88672388,0,9,0,125952,46,2528215915
2033,88407854,60522,88468376,0,5,1,19456,16,1507393083
2034,88408618,60980,88469598,0,7,0,6144,26,938654463
2035,88435056,6488,88441544,0,1,1,15872,19,668149482
2036,88435379,34048,88469427,0,5,1,1024,16,6215107664
2037,88451972,136021,88587993,0,5,0,91648,16,6061263391
2038,88453693,140215,88593908,0,9,0,29696,46,2615118447
2039,88519169,1042,88520211,0,3,1,1024,42,4754564849
2040,88555885,4679,88560564,0,1,1,12288,19,4378163440
2041,88575602,23637,88599239,0,4,1,42496,35,90067420
2042,88598982,11016,88609998,0,4,1,17920,35,5987078398
2043,88652862,4162,88657024,0,1,1,11264,19,6229093849
2044,88689435,103532,88792967,0,2,0,39936,12,3321418749
2045,88691550,10499,88702049,0,0,1,16896,41,8279459332
2046,88703392,2470,88705862,0,5,1,2560,16,5112165638
2047,88731004,12308,88743312,0,7,1,20480,26,6164187185
2048,88813295,566,88813861,0,2,1,512,12,1007244243
2049,88857433,2470,88859903,0,2,1,2560,12,7275382042
2050,88870348,70220,88940568,0,5,0,11264,16,810105264
2051,88940558,47288,88987846,0,9,0,1536,46,3375570348
2052,89011918,184532,89196450,0,5,0,149504,16,10352647446
2053,89079779,6278,89086057,0,2,1,6656,12,1455869805
2054,89093373,2870,89096243,0,3,1,8704,42,9839220277
2055,89107388,12049,89119437,0,2,1,19968,12,2342424453
2056,89120478,4420,89124898,0,4,1,11776,35,2990928162
2057,89130098,127868,89257966,0,9,0,119808,46,2822411012
2058,89181455,2946,89184401,0,2,1,3072,12,1062106837
2059,89183169,1042,89184211,0,1,1,1024,19,4826779961
2060,89238753,6278,89245031,0,2,1,6656,12,2245547840
2061,89243746,12308,89256054,0,3,1,20480,42,4141065571
2062,89259047,182240,89441287,0,5,0,152064,16,2089616819
2063,89296068,187472,89483540,0,2,0,154112,12,9732006167
2064,89325794,170241,89496035,0,2,0,40960,12,6938581135
2065,89342622,1994,89344616,0,3,1,2048,42,5463861602
2066,89346830,154565,89501395,0,5,0,49664,16,404653908
2067,89375580,74672,89450252,0,1,0,10752,19,1409471245
2068,89416257,246496,89662753,0,5,0,189952,16,2800999003
2069,89432735,2946,89435681,0,1,1,3072,19,8800401000
2070,89447802,3484,89451286,0,1,1,1024,19,8791533418
2071,89810632,21141,89831773,0,0,1,34304,41,6923396047
2072,89852481,130208,89982689,0,1,0,127488,19,4730325240
2073,89883801,566,89884367,0,0,1,512,41,3160075034
2074,89889646,124436,90014082,0,2,0,108544,12,7863092631
2075,89896158,215240,90111398,0,9,0,245248,46,7780747508
2076,89955115,40561,89995676,0,1,1,25088,19,8911472787
2077,90079564,2870,90082434,0,1,1,8704,19,942307330
2078,90178105,70220,90248325,0,9,0,11264,46,750077050
2079,90192314,7706,90200020,0,4,1,8192,35,4491317727
2080,90248746,566,90249312,0,7,1,512,26,5998020296
2081,90254586,2470,90257056,0,4,1,2560,35,10163306134
2082,90256536,13858,90270394,0,4,1,23552,35,1347429614
2083,90259982,15579,90275561,0,1,1,30208,19,2453199968
2084,90477360,131300,90608660,0,9,0,131072,46,8094188320
2085,90498047,147161,90645208,0,5,0,110080,16,4860777477
2086,90503408,148679,90652087,0,5,0,22528,16,116701279
2087,90504224,175184,90679408,0,7,0,154112,26,1374075336
2088,90548749,3422,90552171,0,0,1,3584,41,4145399433
2089,90611685,6278,90617963,0,4,1,6656,35,4463608637
2090,90631994,6278,90638272,0,3,1,6656,42,7142392676
2091,90674130,566,90674696,0,3,1,512,42,5999993951
2092,90683296,92972,90776268,0,3,0,15360,42,10472470747
2093,90686418,5454,90691872,0,1,1,13824,19,1568097172
2094,90728406,136181,90864587,0,1,0,114176,19,7942900468
2095,90744840,3898,90748738,0,1,1,4096,19,616069935
2096,90777565,129584,90907149,0,9,0,125440,46,2323874287
2097,90818634,7706,90826340,0,4,1,8192,35,6718838783
2098,90837169,5326,90842495,0,0,1,5632,41,8480031095
2099,90925176,2946,90928122,0,4,1,3072,35,5276208603
2100,90960441,113204,91073645,0,7,0,71680,26,2149777599
2101,91099089,12566,91111655,0,0,1,20992,41,8181541157
2102,91166558,1042,91167600,0,3,1,1024,42,9241044033
2103,91184649,111956,91296605,0,2,0,67584,12,2209122074
2104,91190959,7230,91198189,0,4,1,7680,35,275714995
2105,91195961,52364,91248325,0,1,0,3072,19,514271852
2106,91291832,3904,91295736,0,0,1,10752,41,9491089561
2107,91314542,22950,91337492,0,4,1,37888,35,563961890
2108,91329924,566,91330490,0,0,1,512,41,3061203441
2109,91431472,2870,91434342,0,4,1,8704,35,3290918379
2110,91467269,101036,91568305,0,7,0,31744,26,4867197532
2111,91474772,2946,91477718,0,3,1,3072,42,4784669189
2112,91475243,2946,91478189,0,1,1,3072,19,8683947517
2113,91683257,6754,91690011,0,4,1,7168,35,345043691
2114,91780415,3645,91784060,0,4,1,10240,35,4146183660
2115,91811147,1042,91812189,0,0,1,1024,41,1184171367
2116,91827273,3904,91831177,0,4,1,10752,35,5119273515
2117,91888086,5802,91893888,0,1,1,6144,19,5432788073
2118,91914721,4162,91918883,0,1,1,11264,19,473671718
2119,91985653,197612,92183265,0,3,0,187392,42,9129501061
2120,91995578,1994,91997572,0,1,1,2048,19,9135888899
2121,92026130,71766,92097896,0,3,1,116224,42,8890801271
2122,92029751,191465,92221216,0,3,0,7168,42,4438781137
2123,92043371,3645,92047016,0,1,1,10240,19,5982116057
2124,92083287,101241,92184528,0,3,0,4096,42,3417012847
2125,92107807,208729,92316536,0,3,1,343040,42,5393632718
2126,92161353,45596,92206949,0,9,0,1024,46,2691356023
2127,92173097,124124,92297221,0,1,0,107520,19,3192209585
2128,92223139,6754,92229893,0,1,1,7168,19,2753048976
2129,92235483,106340,92341823,0,9,0,49152,46,3043254328
2130,92332018,126152,92458170,0,5,0,114176,16,863828756
2131,92348333,92240,92440573,0,2,0,23040,12,5572438733
2132,92432823,114140,92546963,0,7,0,74752,26,3028196839
2133,92442479,33075,92475554,0,3,1,54272,42,67690965
2134,92498907,102284,92601191,0,5,0,35840,16,5952625705
2135,92576916,566,92577482,0,1,1,512,19,6747354768
2136,92578626,100256,92678882,0,2,0,29184,12,7781396872
2137,92647598,5971,92653569,0,1,1,14848,19,5189905836
2138,92666920,111956,92778876,0,3,0,67584,42,751991999
2139,92754509,1994,92756503,0,4,1,2048,35,9103384535
2140,92815455,48980,92864435,0,1,0,2048,19,4829037687
2141,92827541,98384,92925925,0,2,0,23040,12,10519529969
2142,92829940,99008,92928948,0,9,0,25088,46,2170141435
2143,92925020,101348,93026368,0,3,0,32768,42,4675523767
2144,92948342,12308,92960650,0,3,1,20480,42,5295459729
2145,92955625,258130,93213755,0,3,0,242176,42,8002528381
2146,92972363,4850,92977213,0,0,1,5120,41,2343492147
2147,93100461,118925,93219386,0,3,0,18432,42,3288661468
2148,93140056,47288,93187344,0,1,0,1536,19,6234746534
2149,93159453,11274,93170727,0,4,1,18432,35,7332346262
2150,93164524,298400,93462924,0,2,0,356864,12,1595300778
2151,93167324,312635,93479959,0,2,0,55808,12,5807343762
2152,93241616,257390,93499006,0,2,0,62464,12,4482238875
2153,93282109,23208,93305317,0,3,1,38400,42,6470092907
2154,93361946,273814,93635760,0,2,0,146432,12,423309128
2155,93382162,262973,93645135,0,2,0,30720,12,10632373364
2156,93523292,3422,93526714,0,0,1,3584,41,3685133598
2157,93548119,108212,93656331,0,9,0,55296,46,5609323805
2158,93554662,169571,93724233,0,9,0,50176,46,9978963730
2159,93565380,45596,93610976,0,1,0,1024,19,4113414931
2160,93606965,121472,93728437,0,3,0,98816,42,4029098800
2161,93690781,6488,93697269,0,4,1,15872,35,5763914734
2162,93759200,12825,93772025,0,3,1,21504,42,8532881934
2163,93794402,107738,93902140,0,3,1,179712,42,5149056705
2164,93836872,105716,93942588,0,9,0,47104,46,8274276067
2165,93876170,114850,93991020,0,3,1,186880,42,10559417475
2166,93947707,1042,93948749,0,0,1,1024,41,5153964445
2167,93963760,47288,94011048,0,3,0,1536,42,4122560781
2168,93992280,127712,94119992,0,9,0,119296,46,3152062721
2169,93992999,30749,94023748,0,3,1,49664,42,10507001272
2170,93998837,237867,94236704,0,9,0,179712,46,9921931938
2171,94085469,208070,94293539,0,3,0,28672,42,2638135390
2172,94090863,3898,94094761,0,4,1,4096,35,4691594970
2173,94115551,129428,94244979,0,7,0,124928,26,10597930494
2174,94375741,32041,94407782,0,0,1,52224,41,6359661701
2175,94454110,109148,94563258,0,2,0,58368,12,731554021
2176,94461676,2946,94464622,0,8,1,3072,28,4666734086
2177,94472892,140814,94613706,0,2,0,72704,12,7876974221
2178,94536122,1042,94537164,0,4,1,1024,35,5700883791
2179,94548308,2470,94550778,0,0,1,2560,41,427617094
2180,94549699,10241,94559940,0,0,1,16384,41,4155038948
2181,94569429,4850,94574279,0,0,1,5120,41,3823663237
2182,94612378,3645,94616023,0,0,1,10240,41,1450833132
2183,94618142,209468,94827610,0,9,0,226304,46,3596224288
2184,94708153,11016,94719169,0,4,1,17920,35,1997766747
2185,94866710,50672,94917382,0,2,0,2560,12,1662550485
2186,94989831,5971,94995802,0,2,1,14848,12,2708549720
2187,95003614,97448,95101062,0,3,0,19968,42,6470750330
2188,95070831,10499,95081330,0,4,1,16896,35,3848025414
2189,95111145,5326,95116471,0,4,1,5632,35,5294273341
2190,95129254,121472,95250726,0,9,0,98816,46,4115494091
2191,95186994,54056,95241050,0,1,0,3584,19,10325912838
2192,95227675,89612,95317287,0,3,0,19456,42,5044321923
2193,95239808,217821,95457629,0,3,1,357376,42,5632201689
2194,95267866,45596,95313462,0,1,0,1024,19,6793829921
2195,95302507,3387,95305894,0,4,1,9728,35,7774443655
2196,95362226,45596,95407822,0,1,0,1024,19,3777804056
2197,95374780,1042,95375822,0,0,1,1024,41,3955305549
2198,95463355,2470,95465825,0,4,1,2560,35,6075382492
2199,95492721,1994,95494715,0,0,1,2048,41,7118723422
2200,95807438,43904,95851342,0,1,0,512,19,9048557738
2201,95949222,126776,96075998,0,5,0,116224,16,88729112
2202,95951355,54012,96005367,0,3,1,91648,42,6052845365
2203,96017164,4937,96022101,0,0,1,12800,41,6570632197
2204,96069286,43904,96113190,0,1,0,512,19,7415922762
2205,96085876,94940,96180816,0,3,0,27136,42,6905520897
2206,96096716,3128,96099844,0,0,1,9216,41,1205098400
2207,96113974,58376,96172350,0,7,0,7680,26,7798204628
2208,96295826,113360,96409186,0,5,0,72192,16,3223744791
2209,96416914,2946,96419860,0,2,1,3072,12,10205291122
2210,96477125,120224,96597349,0,7,0,94720,26,3638043252
2211,96498727,50828,96549555,0,3,0,3072,42,1030771803
2212,96513415,89636,96603051,0,9,0,24576,46,2090129609
2213,96513467,102596,96616063,0,3,0,36864,42,8860695319
2214,96557330,21141,96578471,0,3,1,34304,42,6472447405
2215,96599411,4374,96603785,0,4,1,4608,35,2906738273
2216,96631825,72668,96704493,0,2,0,9216,12,7908302469
2217,96666104,1994,96668098,0,4,1,2048,35,1633686978
2218,96696665,7843,96704508,0,2,1,8192,12,9668553173
2219,96802534,3645,96806179,0,8,1,10240,28,896633240
2220,96806698,237554,97044252,0,3,1,389120,42,7191608363
2221,96945456,171017,97116473,0,3,1,230912,42,7930133272
2222,96960620,166478,97127098,0,3,1,42496,42,9292803590
2223,97034725,2470,97037195,0,8,1,2560,28,9015420433
2224,97095890,1994,97097884,0,0,1,2048,41,4842271464
2225,97099438,3387,97102825,0,4,1,9728,35,7450893319
2226,97105350,245422,97350772,0,3,0,56832,42,7017462194
2227,97106954,3387,97110341,0,0,1,9728,41,9586915922
2228,97115009,223772,97338781,0,2,0,263168,12,3045513867
2229,97242851,106496,97349347,0,9,0,49664,46,863472515
2230,97365465,6278,97371743,0,0,1,6656,41,4312437454
2231,97398794,12995,97411789,0,0,1,25088,41,7543390602
2232,97413087,5196,97418283,0,2,1,13312,12,9005308860
2233,97423183,2870,97426053,0,2,1,8704,12,7912504136
2234,97425146,138346,97563492,0,2,0,65024,12,6141955297
2235,97446799,54524,97501323,0,9,0,5120,46,3500912476
2236,97466736,56337,97523073,0,3,1,96256,42,5080270792
2237,97492254,13341,97505595,0,8,1,22528,28,3921008210
2238,97570808,102986,97673794,0,2,0,27136,12,10527059688
2239,97599827,2470,97602297,0,0,1,2560,41,5653343238
2240,97646177,5802,97651979,0,0,1,6144,41,5553092268
2241,97716593,10241,97726834,0,0,1,16384,41,9505826561
2242,97726126,4850,97730976,0,8,1,5120,28,9850817770
2243,97751578,43904,97795482,0,5,0,512,16,7423197187
2244,97865638,108368,97974006,0,7,0,55808,26,315809884
2245,97905094,132266,98037360,0,7,0,30720,26,6236622281
2246,97927370,1042,97928412,0,8,1,1024,28,490985912
2247,97936646,54056,97990702,0,5,0,3584,16,1870040135
2248,97956675,165140,98121815,0,9,0,141312,46,4707961343
2249,97964409,126805,98091214,0,5,0,33792,16,2158793493
2250,97982541,254030,98236571,0,9,0,162816,46,5890478911
2251,97988394,5326,97993720,0,8,1,5632,28,891545324
2252,98033010,10241,98043251,0,4,1,16384,35,6394324651
2253,98070527,15062,98085589,0,4,1,29184,35,7392663245
2254,98080014,209327,98289341,0,9,0,108032,46,4987064850
2255,98086861,65900,98152761,0,2,0,7168,12,10187854057
2256,98143382,2470,98145852,0,4,1,2560,35,42942962
2257,98339703,16096,98355799,0,0,1,31232,41,8403383800
2258,98356592,2946,98359538,0,8,1,3072,28,4063103077
2259,98439982,106964,98546946,0,2,0,51200,12,10306675533
2260,98477461,65900,98543361,0,7,0,7168,26,38354690
2261,98480499,49136,98529635,0,1,0,2560,19,10502096919
2262,98505687,113516,98619203,0,9,0,72704,46,5391599165
2263,98569107,114245,98683352,0,0,1,188928,41,8804202629
2264,98578200,110708,98688908,0,9,0,63488,46,6122956651
2265,98632247,13253,98645500,0,8,1,25600,28,8187956864
2266,98688331,128336,98816667,0,3,0,121344,42,6748022088
2267,98694225,2470,98696695,0,8,1,2560,28,4204255503
2268,98793039,6278,98799317,0,8,1,6656,28,175757572
2269,98822104,7230,98829334,0,8,1,7680,28,3405611040
2270,98941815,202136,99143951,0,2,0,202240,12,7867149692
2271,99044368,14287,99058655,0,4,1,27648,35,6435785880
2272,99073659,85160,99158819,0,9,0,19968,46,3022119952
2273,99173182,7706,99180888,0,6,1,8192,8,1740984963
2274,99238251,122408,99360659,0,5,0,101888,16,9545098339
2275,99250027,5196,99255223,0,8,1,13312,28,4046483556
2276,99271544,4850,99276394,0,8,1,5120,28,10042830538
2277,99275909,97704,99373613,0,5,0,7168,16,1244394162
2278,99279754,77744,99357498,0,2,0,10752,12,2429924098
2279,99293175,1518,99294693,0,4,1,1536,35,3206267533
2280,99330354,102596,99432950,0,9,0,36864,46,10690617529
2281,99411771,43904,99455675,0,1,0,512,19,6718999611
2282,99436355,44920,99481275,0,0,1,77312,41,5850820617
2283,99457981,1518,99459499,0,4,1,1536,35,3484735297
2284,99525127,132992,99658119,0,7,0,131584,26,6906412070
2285,99554220,147621,99701841,0,7,0,47104,26,1939056218
2286,99564338,6278,99570616,0,4,1,6656,35,1684718087
2287,99573956,118820,99692776,0,5,0,90112,16,8155916930
2288,99663052,124904,99787956,0,3,0,110080,42,8788668907
2289,99686169,3898,99690067,0,8,1,4096,28,5503330344
2290,99734918,5802,99740720,0,2,1,6144,12,9889858416
2291,99747964,232232,99980196,0,9,0,265728,46,6986643926
2292,99749358,2470,99751828,0,4,1,2560,35,8688204971
2293,99750702,120121,99870823,0,2,0,78336,12,2084179766
2294,99778561,6754,99785315,0,9,1,7168,46,2966567698
2295,99920798,43904,99964702,0,1,0,512,19,2984973972
2296,99933249,34795,99968044,0,0,1,60928,41,594279235
2297,99949882,36584,99986466,0,9,1,6656,46,592332866
2298,100036858,3387,100040245,0,8,1,9728,28,1491127989
2299,100067514,105560,100173074,0,5,0,46592,16,157283261
2300,100091555,97604,100189159,0,7,0,20480,26,8099769339
2301,100184450,2470,100186920,0,8,1,2560,28,2544974616
2302,100191242,97096,100288338,0,0,1,162304,41,10128428867
2303,100252308,36594,100288902,0,0,1,10752,41,10330222049
2304,100325633,47288,100372921,0,1,0,1536,19,4998019923
2305,100356431,72668,100429099,0,5,0,9216,16,1743364426
2306,100425509,1994,100427503,0,4,1,2048,35,9952599803
2307,100436501,2470,100438971,0,9,1,2560,46,195146011
2308,100484503,117260,100601763,0,9,0,84992,46,2037378306
2309,100564203,2946,100567149,0,8,1,3072,28,6890417085
2310,100595794,3898,100599692,0,4,1,4096,35,1850411401
2311,100605965,103688,100709653,0,7,0,40448,26,6119596268
2312,100658820,106340,100765160,0,9,0,49152,46,5826543306
2313,100757582,8612,100766194,0,9,1,1024,46,7167557228
2314,100772302,5196,100777498,0,9,1,13312,46,6776346706
2315,100773444,99632,100873076,0,2,0,27136,12,8233368972
2316,100810467,3898,100814365,0,8,1,4096,28,1039132967
2317,100989080,2870,100991950,0,9,1,8704,46,1068984611
2318,101007127,82820,101089947,0,2,0,12288,12,10612190331
2319,101014555,1518,101016073,0,9,1,1536,46,7266410549
2320,101172607,5326,101177933,0,4,1,5632,35,7667364981
2321,101203716,47288,101251004,0,1,0,1536,19,4106549794
2322,101208617,5326,101213943,0,4,1,5632,35,1297336270
2323,101336252,55748,101392000,0,2,0,4096,12,2624132852
2324,101364433,1042,101365475,0,9,1,1024,46,2799358772
2325,101379959,120380,101500339,0,5,0,95232,16,9415043932
2326,101385490,235149,101620639,0,5,0,167424,16,1529383379
2327,101426794,2470,101429264,0,8,1,2560,28,9154570176
2328,101477909,79616,101557525,0,9,0,16896,46,7333736657
2329,101570502,2946,101573448,0,9,1,3072,46,7638735573
2330,101604736,48980,101653716,0,3,0,2048,42,834670165
2331,101607200,103688,101710888,0,2,0,40448,12,6876332349
2332,101652246,131380,101783626,0,2,0,51200,12,5948982355
2333,101725874,12566,101738440,0,8,1,20992,28,7436238810
2334,101731431,7230,101738661,0,9,1,7680,46,9725990917
2335,101758987,192932,101951919,0,9,0,172032,46,502956630
2336,101766998,23983,101790981,0,5,1,39936,16,8076945173
2337,101771346,4420,101775766,0,8,1,11776,28,168436260
2338,101859809,566,101860375,0,9,1,512,46,4949147374
2339,101903159,104936,102008095,0,2,0,44544,12,300268482
2340,102061094,138068,102199162,0,2,0,133120,12,6025321792
2341,102144541,566,102145107,0,8,1,512,28,4212091594
2342,102146370,104780,102251150,0,9,0,44032,46,9271708256
2343,102183219,50672,102233891,0,1,0,2560,19,6018942122
2344,102202433,11791,102214224,0,9,1,19456,46,5700769536
2345,102249870,72536,102322406,0,7,0,13824,26,8282424971
2346,102281307,105872,102387179,0,7,0,47616,26,1035631119
2347,102355596,206192,102561788,0,3,0,215552,42,10262127143
2348,102402498,6754,102409252,0,4,1,7168,35,1050932521
2349,102516448,100412,102616860,0,5,0,29696,16,1056283483
2350,102616425,52364,102668789,0,1,0,3072,19,8920811893
2351,102617783,3898,102621681,0,4,1,4096,35,848109332
2352,102666917,3128,102670045,0,4,1,9216,35,1298656838
2353,102706481,104936,102811417,0,3,0,44544,42,8905818564
2354,102797844,119600,102917444,0,9,0,92672,46,9745332417
2355,102837460,4937,102842397,0,9,1,12800,46,7847893701
2356,102909698,2470,102912168,0,4,1,2560,35,10559177922
2357,102928204,200108,103128312,0,2,0,195584,12,5072253550
2358,102951197,3128,102954325,0,9,1,9216,46,5123968343
2359,102974901,45596,103020497,0,1,0,1024,19,5149213695
2360,103002065,10499,103012564,0,8,1,16896,28,3161650409
2361,103025376,4374,103029750,0,8,1,4608,28,5620215523
2362,103251839,43904,103295743,0,1,0,512,19,5761969313
2363,103287081,125840,103412921,0,5,0,113152,16,2327572813
2364,103288520,77456,103365976,0,7,0,14848,26,2331064459
2365,103527988,102128,103630116,0,5,0,35328,16,8868490414
2366,103587898,111020,103698918,0,2,0,64512,12,9535632732
2367,103637125,108524,103745649,0,5,0,56320,16,7809730826
2368,103668318,71624,103739942,0,3,0,15872,42,1935605329
2369,103714960,116012,103830972,0,7,0,80896,26,6642743208
2370,103828306,60098,103888404,0,7,0,4608,26,1801968167
2371,103881142,2946,103884088,0,8,1,3072,28,1283735326
2372,103895354,158372,104053726,0,9,0,139264,46,3453194223
2373,103908177,4374,103912551,0,8,1,4608,28,9126321060
2374,103968736,1994,103970730,0,4,1,2048,35,3889620041
2375,103982349,2470,103984819,0,8,1,2560,28,7538222505
2376,103988514,116480,104104994,0,7,0,82432,26,5767250262
2377,104042751,113828,104156579,0,5,0,73728,16,1227734792
2378,104056434,122408,104178842,0,2,0,101888,12,8249080678
2379,104099570,100569,104200139,0,5,0,12800,16,2146669298
2380,104100432,23725,104124157,0,4,1,39424,35,2648309244
2381,104222498,13858,104236356,0,9,1,23552,46,10308216834
2382,104226138,48980,104275118,0,1,0,2048,19,4454851639
2383,104252335,101036,104353371,0,5,0,31744,16,3190698274
2384,104364225,6229,104370454,0,4,1,15360,35,3267855214
2385,104372935,116948,104489883,0,3,0,83968,42,1924443532
2386,104411513,10241,104421754,0,9,1,16384,46,1288092176
2387,104474046,3422,104477468,0,8,1,3584,28,679887554
2388,104483225,6278,104489503,0,8,1,6656,28,2790223979
2389,104538712,81152,104619864,0,3,0,16896,42,2493865428
2390,104563219,13858,104577077,0,9,1,23552,46,2408987367
2391,104624715,1042,104625757,0,9,1,1024,46,6289916199
2392,104636957,281708,104918665,0,2,0,302080,12,4036092473
2393,104709419,89744,104799163,0,9,0,14848,46,8266073083
2394,104914512,105560,105020072,0,5,0,46592,16,6704474964
2395,104916262,47288,104963550,0,1,0,1536,19,7117285952
2396,104929444,128336,105057780,0,3,0,121344,42,325355497
2397,104976485,45596,105022081,0,1,0,1024,19,2373379256
2398,105102780,2470,105105250,0,4,1,2560,35,8302704818
2399,105213783,11533,105225316,0,4,1,18944,35,4376804645
2400,105270439,5326,105275765,0,9,1,5632,46,484825260
2401,105272488,4374,105276862,0,4,1,4608,35,10095731312
2402,105346810,90080,105436890,0,2,0,20992,12,7022694402
2403,105596100,24929,105621029,0,9,1,45056,46,926738689
2404,105652147,6278,105658425,0,4,1,6656,35,5627960404
2405,105721119,3898,105725017,0,4,1,4096,35,8953068467
2406,105741314,48980,105790294,0,1,0,2048,19,2999041410
2407,105807186,4374,105811560,0,9,1,4608,46,3728135460
2408,105921429,50672,105972101,0,9,0,2560,46,10666132491
2409,106015593,3422,106019015,0,4,1,3584,35,6868115018
2410,106029189,106340,106135529,0,9,0,49152,46,9008738994
2411,106072016,5326,106077342,0,4,1,5632,35,8970633716
2412,106152469,11016,106163485,0,4,1,17920,35,10000072416
2413,106165366,3387,106168753,0,7,1,9728,26,83991431
2414,106236973,26738,106263711,0,7,1,48640,26,2172701290
2415,106263263,177032,106440295,0,3,0,155136,42,315382471
2416,106284596,45596,106330192,0,1,0,1024,19,5979046762
2417,106317018,52364,106369382,0,1,0,3072,19,8564142177
2418,106331497,6229,106337726,0,4,1,15360,35,9674027234
2419,106550591,22950,106573541,0,5,1,37888,16,4375852280
2420,106584899,116792,106701691,0,9,0,83456,46,1146929587
2421,106610451,1042,106611493,0,7,1,1024,26,5498571180
2422,106653082,14545,106667627,0,1,1,28160,19,3269785529
2423,106673122,4420,106677542,0,7,1,11776,26,4384064510
2424,106723480,100724,106824204,0,7,0,30720,26,443674327
2425,106812302,23637,106835939,0,4,1,42496,35,2681690197
2426,106815632,20973,106836605,0,4,1,1024,35,10480344639
2427,106836576,129272,106965848,0,3,0,124416,42,4987453443
2428,106914419,197541,107111960,0,3,0,183296,42,735566048
2429,106998801,7706,107006507,0,1,1,8192,19,7645377066
2430,107007306,1994,107009300,0,8,1,2048,28,5831600725
2431,107093745,12825,107106570,0,8,1,21504,28,6220011168
2432,107151027,5802,107156829,0,7,1,6144,26,7521283293
2433,107249083,74828,107323911,0,9,0,11264,46,9767531721
2434,107260651,101504,107362155,0,3,0,33280,42,5090732686
2435,107271031,4374,107275405,0,8,1,4608,28,8015990269
2436,107461676,2470,107464146,0,7,1,2560,26,9677566684
2437,107600173,1994,107602167,0,8,1,2048,28,7139907060
2438,107657328,104780,107762108,0,3,0,44032,42,610502493
2439,107664116,1042,107665158,0,8,1,1024,28,1702872808
2440,107680955,5326,107686281,0,7,1,5632,26,9202158209
2441,107699104,118196,107817300,0,5,0,88064,16,10192892177
2442,107809606,6229,107815835,0,9,1,15360,46,6288009117
2443,107810318,95468,107905786,0,2,0,23552,12,3179630113
2444,107813982,267913,108081895,0,9,0,97792,46,9741727865
2445,107883379,4420,107887799,0,7,1,11776,26,3114168544
2446,107938639,1994,107940633,0,7,1,2048,26,193707057
2447,107975420,5326,107980746,0,4,1,5632,35,9243127020
2448,108085628,70376,108156004,0,3,0,11776,42,4489403767
2449,108121697,43904,108165601,0,1,0,512,19,486733893
2450,108174035,566,108174601,0,9,1,512,46,10176753809
2451,108186149,122720,108308869,0,7,0,102912,26,4033472103
2452,108336573,82064,108418637,0,3,0,14848,42,404626138
2453,108367943,101856,108469799,0,3,0,10240,42,8703725506
2454,108444245,1518,108445763,0,7,1,1536,26,2103227640
2455,108450409,43904,108494313,0,1,0,512,19,5745601240
2456,108490338,118040,108608378,0,3,0,87552,42,5833670273
2457,108538307,87632,108625939,0,7,0,23040,26,1409926604
2458,108665483,2870,108668353,0,9,1,8704,46,10197055554
2459,108676201,105092,108781293,0,3,0,45056,42,2643831873
2460,108722558,56528,108779086,0,5,0,6656,16,414847227
2461,108733068,114400,108847468,0,5,0,38400,16,7983439711
2462,108745256,55748,108801004,0,1,0,4096,19,5883059519
2463,108751958,347480,109099438,0,3,0,407040,42,2640357370
2464,108802532,6278,108808810,0,7,1,6656,26,614864764
2465,108809531,190748,109000279,0,9,0,164864,46,3832906179
2466,108833418,284155,109117573,0,3,0,59392,42,1424767581
2467,108840319,52364,108892683,0,1,0,3072,19,8565753743
2468,108845916,326515,109172431,0,3,0,56320,42,7953147638
2469,108866029,71766,108937795,0,3,1,116224,42,1222965012
2470,109001580,521779,109523359,0,3,0,424448,42,1096893928
2471,109003162,118790,109121952,0,3,1,11776,42,643987927
2472,109031231,115537,109146768,0,3,0,1536,42,8517889955
2473,109094369,7706,109102075,0,7,1,8192,26,4132401397
2474,109304438,242180,109546618,0,3,0,76288,42,10461081506
2475,109340678,104780,109445458,0,2,0,44032,12,3192432815
2476,109525210,192464,109717674,0,2,0,170496,12,6494324060
2477,109624607,128336,109752943,0,3,0,121344,42,8843880069
2478,109692674,210328,109903002,0,2,0,157184,12,2807691306
2479,109703354,16807,109720161,0,2,1,2560,12,1287670225
2480,109726291,3387,109729678,0,9,1,9728,46,1717849517
2481,109740968,16096,109757064,0,7,1,31232,26,9435119371
2482,109746788,12542,109759330,0,7,1,3584,26,7070507896
2483,109847750,45596,109893346,0,1,0,1024,19,136701218
2484,109877261,99008,109976269,0,3,0,25088,42,9860282260
2485,109975344,104936,110080280,0,9,0,44544,46,5932736605
2486,110044967,123656,110168623,0,2,0,105984,12,943205552
2487,110109096,112892,110221988,0,3,0,70656,42,5008815733
2488,110196666,209624,110406290,0,2,0,226816,12,1433760603
2489,110289991,13083,110303074,0,6,1,22016,8,2387169325
2490,110312446,4679,110317125,0,4,1,12288,35,6399199271
2491,110319651,48980,110368631,0,1,0,2048,19,8034728010
2492,110400759,96668,110497427,0,7,0,17408,26,4483906813
2493,110411152,1994,110413146,0,9,1,2048,46,4305421429
2494,110416936,52364,110469300,0,2,0,3072,12,7895795523
2495,110482558,2946,110485504,0,6,1,3072,8,5501726524
2496,110494584,109616,110604200,0,9,0,59904,46,10298359678
2497,110517689,1994,110519683,0,2,1,2048,12,7512404463
2498,110540183,73136,110613319,0,5,0,10752,16,6800426155
2499,110590415,45596,110636011,0,1,0,1024,19,758260109
2500,110686275,5326,110691601,0,6,1,5632,8,2134598098
2501,110699097,48980,110748077,0,1,0,2048,19,810850572
2502,110752847,64208,110817055,0,5,0,6656,16,9281192493
2503,110827552,111800,110939352,0,3,0,67072,42,3358176573
2504,110856431,134684,110991115,0,2,0,132096,12,9823060384
2505,111033450,1042,111034492,0,2,1,1024,12,9977911519
2506,111066896,101504,111168400,0,9,0,33280,46,4194298405
2507,111121428,3387,111124815,0,9,1,9728,46,7324614767
2508,111142131,112970,111255101,0,9,0,57344,46,4284131354
2509,111216654,1518,111218172,0,9,1,1536,46,3233604965
2510,111228507,4679,111233186,0,7,1,12288,26,9118719990
2511,111235195,11274,111246469,0,8,1,18432,28,4935205347
2512,111265370,111020,111376390,0,2,0,64512,12,6983234750
2513,111277880,3387,111281267,0,8,1,9728,28,7630200704
2514,111280549,130364,111410913,0,3,0,128000,42,2733397374
2515,111282056,16613,111298669,0,6,1,32256,8,4403287813
2516,111284204,10499,111294703,0,9,1,16896,46,2484564989
2517,111287141,117155,111404296,0,2,0,13824,12,8004027852
2518,111298148,3128,111301276,0,6,1,9216,8,5950415784
2519,111354470,4850,111359320,0,9,1,5120,46,5365163318
2520,111381598,4420,111386018,0,6,1,11776,8,1035566712
2521,111472678,47288,111519966,0,2,0,1536,12,10337087606
2522,111633519,13770,111647289,0,6,1,26624,8,2501074
2523,111636502,7230,111643732,0,7,1,7680,26,5093031831
2524,111702018,3645,111705663,0,9,1,10240,46,1785810243
2525,111822823,4850,111827673,0,8,1,5120,28,7870868203
2526,111853509,4850,111858359,0,9,1,5120,46,6854218982
2527,111913271,1994,111915265,0,6,1,2048,8,1589057548
2528,111976076,50672,112026748,0,2,0,2560,12,5625293266
2529,112058126,4162,112062288,0,7,1,11264,26,7268884145
2530,112064732,225363,112290095,0,7,0,85504,26,2610152467
2531,112076593,122408,112199001,0,3,0,101888,42,7652886380
2532,112257493,5712,112263205,0,8,1,14336,28,1692938853
2533,112289298,80864,112370162,0,3,0,20992,42,8876422600
2534,112437524,112268,112549792,0,2,0,68608,12,245485349
2535,112486132,34367,112520499,0,0,1,56832,41,7987878084
2536,112525921,4679,112530600,0,0,1,12288,41,9621885718
2537,112530311,4420,112534731,0,7,1,11776,26,3080349161
2538,112551973,143933,112695906,0,0,1,233472,41,10249543465
2539,112565159,48980,112614139,0,2,0,2048,12,8959777641
2540,112577449,72068,112649517,0,2,0,12288,12,8539278379
2541,112605460,3128,112608588,0,9,1,9216,46,4652972181
2542,112607975,959,112608934,0,9,1,512,46,5782852658
2543,112623396,103688,112727084,0,3,0,40448,42,6374500079
2544,112652782,66212,112718994,0,9,0,8192,46,7442600155
2545,112672223,1994,112674217,0,8,1,2048,28,9188140127
2546,112673512,4937,112678449,0,8,1,12800,28,5400676698
2547,112740508,62516,112803024,0,2,0,6144,12,3994901768
2548,112752606,190748,112943354,0,7,0,164864,26,8694358419
2549,112872494,91757,112964251,0,0,1,148480,41,1235774552
2550,112883036,86502,112969538,0,0,1,25088,41,4431228846
2551,112949111,1994,112951105,0,8,1,2048,28,3732304634
2552,112973934,2946,112976880,0,6,1,3072,8,10669921643
2553,113007841,3645,113011486,0,6,1,10240,8,5219493894
2554,113071065,1042,113072107,0,5,1,1024,16,3940621931
2555,113086209,5802,113092011,0,5,1,6144,16,895981709
2556,113107802,5712,113113514,0,2,1,14336,12,9344083684
2557,113121825,4162,113125987,0,7,1,11264,26,705351599
2558,113139935,5326,113145261,0,7,1,5632,26,6211391263
2559,113161236,5802,113167038,0,7,1,6144,26,4120146038
2560,113171005,21399,113192404,0,7,1,34816,26,10300277456
2561,113186241,6727,113192968,0,7,1,10752,26,477628624
2562,113220492,3904,113224396,0,8,1,10752,28,7286800971
2563,113249415,6278,113255693,0,6,1,6656,8,4754512169
2564,113251041,107900,113358941,0,2,0,54272,12,6792267456
2565,113287938,4374,113292312,0,7,1,4608,26,9345292324
2566,113379925,6278,113386203,0,6,1,6656,8,8915152205
2567,113394886,1994,113396880,0,9,1,2048,46,1095312570
2568,113427370,113987,113541357,0,0,1,188416,41,2018249583
2569,113428512,1994,113430506,0,9,1,2048,46,679532611
2570,113459768,81948,113541716,0,0,1,9728,41,6014253492
2571,113466210,3128,113469338,0,6,1,9216,8,3368401439
2572,113482120,3898,113486018,0,9,1,4096,46,9800696474
2573,113516693,4850,113521543,0,8,1,5120,28,89664094
2574,113555126,13083,113568209,0,9,1,22016,46,10061882186
2575,113582825,5326,113588151,0,9,1,5632,46,218051571
2576,113608632,106184,113714816,0,7,0,48640,26,10016777620
2577,113680139,48980,113729119,0,9,0,2048,46,1987170957
2578,113725243,2470,113727713,0,6,1,2560,8,1845155662
2579,113732371,1042,113733413,0,7,1,1024,26,7021641817
2580,113817901,12825,113830726,0,6,1,21504,8,1143417105
2581,113896040,7230,113903270,0,8,1,7680,28,5806091537
2582,113904826,11791,113916617,0,5,1,19456,16,6969050089
2583,113949206,5454,113954660,0,7,1,13824,26,2084884638
2584,113970366,5454,113975820,0,2,1,13824,12,9710340228
2585,114002991,1994,114004985,0,2,1,2048,12,10259734096
2586,114014406,1994,114016400,0,9,1,2048,46,1144000405
2587,114022555,12566,114035121,0,0,1,20992,41,4649034286
2588,114045223,203696,114248919,0,7,0,207360,26,6729618165
2589,114152730,1518,114154248,0,6,1,1536,8,3186676980
2590,114169187,10241,114179428,0,7,1,16384,26,5499304896
2591,114182734,2946,114185680,0,6,1,3072,8,766075374
2592,114293841,11274,114305115,0,5,1,18432,16,3548349029
2593,114310452,112580,114423032,0,2,0,69632,12,8039603654
2594,114350084,3387,114353471,0,5,1,9728,16,8281262650
2595,114397495,5196,114402691,0,9,1,13312,46,5194044361
2596,114405214,70220,114475434,0,9,0,11264,46,1653300368
2597,114416313,2470,114418783,0,5,1,2560,16,6604299386
2598,114429569,11791,114441360,0,9,1,19456,46,7586805863
2599,114490745,3387,114494132,0,0,1,9728,41,3631121004
2600,114500839,10757,114511596,0,8,1,17408,28,5918195518
2601,114512864,79172,114592036,0,5,0,20480,16,193053836
2602,114541206,3387,114544593,0,9,1,9728,46,9787562223
2603,114634392,6278,114640670,0,5,1,6656,16,5847745122
2604,114840415,94376,114934791,0,9,0,19968,46,7784975156
2605,114863500,3898,114867398,0,6,1,4096,8,4567370974
2606,114902922,106496,115009418,0,9,0,49664,46,3854134981
2607,114925411,1994,114927405,0,7,1,2048,26,8775602480
2608,114927414,295549,115222963,0,0,1,478720,41,6562673623
2609,115029835,205100,115234935,0,2,0,211968,12,6128437378
2610,115041589,566,115042155,0,6,1,512,8,8509218533
2611,115098437,2946,115101383,0,7,1,3072,26,9431694269
2612,115114974,67460,115182434,0,9,0,12288,46,8655168978
2613,115138794,106964,115245758,0,3,0,51200,42,7059634591
2614,115177616,2470,115180086,0,5,1,2560,16,5439611704
2615,115222990,2946,115225936,0,6,1,3072,8,7542440921
2616,115323192,4374,115327566,0,7,1,4608,26,2070926708
2617,115332182,1518,115333700,0,6,1,1536,8,8037602484
2618,115348957,122408,115471365,0,9,0,101888,46,4233374397
2619,115394197,1518,115395715,0,7,1,1536,26,5740681720
2620,115427175,64225,115491400,0,0,1,104960,41,633730800
2621,115458175,126932,115585107,0,2,0,116736,12,178309671
2622,115461810,1042,115462852,0,2,1,1024,12,3665284248
2623,115502609,3422,115506031,0,5,1,3584,16,8327613306
2624,115518414,11274,115529688,0,5,1,18432,16,6031856565
2625,115528413,95804,115624217,0,0,1,159744,41,7459613542
2626,115544286,12825,115557111,0,6,1,21504,8,5198202523
2627,115550977,79756,115630733,0,0,1,23040,41,4696980968
2628,115676261,12825,115689086,0,7,1,21504,26,8408784878
2629,115693492,566,115694058,0,7,1,512,26,983172199
2630,115700857,105242,115806099,0,0,1,171520,41,3866358304
2631,115706694,11016,115717710,0,6,1,17920,8,614866309
2632,115755013,54358,115809371,0,3,1,89088,42,5638451097
2633,115873731,3645,115877376,0,5,1,10240,16,1229865159
2634,115912187,1518,115913705,0,6,1,1536,8,1802246721
2635,115934067,2946,115937013,0,4,1,3072,35,2466427000
2636,115954876,6278,115961154,0,0,1,6656,41,6988597289
2637,115994673,4374,115999047,0,2,1,4608,12,3411662641
2638,116004739,15837,116020576,0,4,1,30720,35,1013444106
2639,116005362,4679,116010041,0,7,1,12288,26,2848039249
2640,116018456,3746,116022202,0,4,1,2560,35,8794215341
2641,116028185,47288,116075473,0,9,0,1536,46,2637938495
2642,116071313,1518,116072831,0,7,1,1536,26,3012886211
2643,116110390,22950,116133340,0,0,1,37888,41,6039043150
2644,116137887,7706,116145593,0,7,1,8192,26,8425597700
2645,116145143,6229,116151372,0,2,1,15360,12,1184509338
2646,116150691,119912,116270603,0,5,0,93696,16,774214074
2647,116160154,4679,116164833,0,7,1,12288,26,4617837683
2648,116169432,143144,116312576,0,3,0,134656,42,3176110519
2649,116193655,48980,116242635,0,9,0,2048,46,8526079857
2650,116222988,3128,116226116,0,7,1,9216,26,5638279808
2651,116253653,1994,116255647,0,6,1,2048,8,2204816478
2652,116267390,4420,116271810,0,7,1,11776,26,10513342312
2653,116268364,6229,116274593,0,4,1,15360,35,8763755485
2654,116330988,4679,116335667,0,2,1,12288,12,7259504876
2655,116396596,3128,116399724,0,8,1,9216,28,47840768
2656,116432162,2946,116435108,0,7,1,3072,26,3506499510
2657,116450411,11791,116462202,0,2,1,19456,12,1413079365
2658,116487081,11791,116498872,0,5,1,19456,16,8260663988
2659,116503705,4420,116508125,0,7,1,11776,26,8711083757
2660,116509438,150868,116660306,0,5,0,96768,16,9501048924
2661,116510696,102596,116613292,0,9,0,36864,46,6306015595
2662,116518527,111421,116629948,0,9,0,51200,46,6043954703
2663,116706907,3645,116710552,0,4,1,10240,35,5924192297
2664,116859589,55045,116914634,0,3,1,93696,42,10619979592
2665,116913408,11274,116924682,0,3,1,18432,42,4985303877
2666,116967230,6754,116973984,0,4,1,7168,35,1105613970
2667,116968454,86637,117055091,0,3,0,13312,42,6884522870
2668,117029648,54012,117083660,0,3,1,91648,42,9823286811
2669,117072580,1042,117073622,0,2,1,1024,12,763195927
2670,117072603,34279,117106882,0,6,1,59904,8,1593694306
2671,117115750,5802,117121552,0,5,1,6144,16,9844352463
2672,117187906,21399,117209305,0,5,1,34816,16,3235366377
2673,117236291,14804,117251095,0,2,1,28672,12,10329470451
2674,117243944,63608,117307552,0,3,0,9728,42,6316997521
2675,117272142,6278,117278420,0,2,1,6656,12,3259653305
2676,117275183,4850,117280033,0,5,1,5120,16,10252047423
2677,117319799,6754,117326553,0,6,1,7168,8,1676928914
2678,117383396,7706,117391102,0,5,1,8192,16,8333051409
2679,117421018,3422,117424440,0,6,1,3584,8,1503659468
2680,117423114,2470,117425584,0,2,1,2560,12,189290911
2681,117503766,3904,117507670,0,4,1,10752,35,9669986858
2682,117509591,10757,117520348,0,4,1,17408,35,2863632681
2683,117525771,100568,117626339,0,5,0,30208,16,1661401989
2684,117670091,152696,117822787,0,2,0,140800,12,10307246063
2685,117770096,184688,117954784,0,3,0,150016,42,9072288413
2686,117787476,71600,117859076,0,9,0,10752,46,2107106651
2687,117803598,1042,117804640,0,5,1,1024,16,8558023030
2688,117838637,116162,117954799,0,3,1,130560,42,4447231430
2689,117853997,5094,117859091,0,9,1,11264,46,321223268
2690,117863749,11016,117874765,0,7,1,17920,26,7624630276
2691,117950141,5326,117955467,0,5,1,5632,16,2317074451
2692,117951047,186238,118137285,0,3,0,16384,42,1258191749
2693,117967652,12308,117979960,0,4,1,20480,35,9589708906
2694,118078820,5971,118084791,0,2,1,14848,12,654395165
2695,118103105,566,118103671,0,2,1,512,12,4127509201
2696,118112807,224955,118337762,0,2,0,14336,12,7765242102
2697,118243017,5326,118248343,0,2,1,5632,12,1204054807
2698,118293681,3645,118297326,0,6,1,10240,8,3216465826
2699,118304780,4162,118308942,0,2,1,11264,12,3798843855
2700,118319209,6754,118325963,0,4,1,7168,35,6550718531
2701,118339523,5712,118345235,0,4,1,14336,35,75800621
2702,118374272,566,118374838,0,8,1,512,28,6128866376
2703,118403233,3128,118406361,0,2,1,9216,12,9851609712
2704,118443280,107900,118551180,0,3,0,54272,42,8911551661
2705,118511768,4850,118516618,0,4,1,5120,35,6671104087
2706,118514069,103376,118617445,0,2,0,39424,12,6826862370
2707,118562265,203072,118765337,0,5,0,205312,16,8909652188
2708,118791014,3645,118794659,0,4,1,10240,35,3216969981
2709,118792360,7149,118799509,0,4,1,5632,35,3511811519
2710,118796473,56337,118852810,0,3,1,96256,42,7507038930
2711,118864503,3422,118867925,0,4,1,3584,35,3823189690
2712,118973432,566,118973998,0,2,1,512,12,5498958579
2713,118982898,5802,118988700,0,7,1,6144,26,8962971179
2714,119106501,3387,119109888,0,6,1,9728,8,5374105774
2715,119172150,52033,119224183,0,3,1,84480,42,6485454375
2716,119186330,1042,119187372,0,6,1,1024,8,7933678885
2717,119205248,3898,119209146,0,7,1,4096,26,5039898045
2718,119211697,110240,119321937,0,5,0,61952,16,6222298974
2719,119221032,102012,119323044,0,5,0,3584,16,5478386135
2720,119271804,3645,119275449,0,4,1,10240,35,9139248387
2721,119296379,104000,119400379,0,2,0,41472,12,9042540850
2722,119360485,3387,119363872,0,7,1,9728,26,2644967775
2723,119479375,71312,119550687,0,2,0,14848,12,3575930610
2724,119481154,1042,119482196,0,7,1,1024,26,1786879910
2725,119487497,4679,119492176,0,4,1,12288,35,995784877
2726,119626090,216800,119842890,0,9,0,250368,46,8331809169
2727,119631761,115076,119746837,0,2,0,77824,12,330474786
2728,119649292,4420,119653712,0,6,1,11776,8,10277343952
2729,119727415,92108,119819523,0,3,0,27648,42,5403360451
2730,119785686,7230,119792916,0,6,1,7680,8,9016785540
2731,119795064,4679,119799743,0,7,1,12288,26,6151047360
2732,119839590,211184,120050774,0,2,0,231936,12,1450561764
2733,119865576,204565,120070141,0,2,0,63488,12,7230885895
2734,120016302,145640,120161942,0,2,0,65024,12,9670591149
2735,120026430,104936,120131366,0,3,0,44544,42,335781340
2736,120058822,263317,120322139,0,2,0,88576,12,8835917965
2737,120072559,2946,120075505,0,4,1,3072,35,3920835373
2738,120091626,3422,120095048,0,2,1,3584,12,9522031917
2739,120106759,99944,120206703,0,3,0,28160,42,6257435951
2740,120149339,117789,120267128,0,2,0,3584,12,3071379430
2741,120172676,2946,120175622,0,2,1,3072,12,5207567166
2742,120185291,11274,120196565,0,3,1,18432,42,10424496187
2743,120285585,10241,120295826,0,3,1,16384,42,6517569206
2744,120312390,115232,120427622,0,5,0,78336,16,3521213945
2745,120514885,176852,120691737,0,2,0,149504,12,9706668802
2746,120566323,1042,120567365,0,6,1,1024,8,5670372032
2747,120573080,6754,120579834,0,3,1,7168,42,3702070027
2748,120649666,4937,120654603,0,7,1,12800,26,6761568658
2749,120691392,14804,120706196,0,7,1,28672,26,10568330474
2750,120694620,566,120695186,0,6,1,512,8,2539229128
2751,120718085,3387,120721472,0,2,1,9728,12,7246874727
2752,120745525,101348,120846873,0,5,0,32768,16,954883400
2753,120754439,4420,120758859,0,7,1,11776,26,3983409430
2754,120919286,3904,120923190,0,2,1,10752,12,8397537402
2755,120931282,115789,121047071,0,3,0,75776,42,2385188189
2756,120932619,146979,121079598,0,3,0,25600,42,4452430738
2757,121018472,166977,121185449,0,2,0,66048,12,5749931557
2758,121041471,103352,121144823,0,3,0,20992,42,4197145528
2759,121165951,497500,121663451,0,2,0,557056,12,9204433231
2760,121248833,4162,121252995,0,7,1,11264,26,2043872101
2761,121274587,108368,121382955,0,5,0,55808,16,9014432446
2762,121288208,6229,121294437,0,2,1,15360,12,8283671105
2763,121305058,3898,121308956,0,2,1,4096,12,8538724566
2764,121362097,69284,121431381,0,5,0,8192,16,2402198977
2765,121562703,215972,121778675,0,2,0,78336,12,5084943029
2766,121647570,4374,121651944,0,1,1,4608,19,1119309440
2767,121698145,13341,121711486,0,2,1,22528,12,4196149580
2768,121722608,143144,121865752,0,5,0,134656,16,10570220713
2769,121767076,12566,121779642,0,7,1,20992,26,4954830667
2770,121875079,187784,122062863,0,9,0,155136,46,7222051546
2771,121995870,3898,121999768,0,9,1,4096,46,8490775596
2772,122166897,3904,122170801,0,2,1,10752,12,9211353528
2773,122179630,382652,122562282,0,5,0,472064,16,7990946584
2774,122262813,31783,122294596,0,2,1,51712,12,5911500900
2775,122262981,5326,122268307,0,7,1,5632,26,810227442
2776,122285751,566,122286317,0,7,1,512,26,2659658518
2777,122323997,206401,122530398,0,2,0,106496,12,3769248685
2778,122336760,115076,122451836,0,9,0,77824,46,7421618710
2779,122367980,129708,122497688,0,9,0,14336,46,4887507249
2780,122425514,100256,122525770,0,3,0,29184,42,6844254313
2781,122484381,2946,122487327,0,7,1,3072,26,8201012604
2782,122502248,254518,122756766,0,5,0,177152,16,4110624344
2783,122593933,71600,122665533,0,2,0,10752,12,9865271499
2784,122637842,1994,122639836,0,7,1,2048,26,7717036879
2785,122682060,36863,122718923,0,9,1,65024,46,5146806501
2786,122708389,4850,122713239,0,7,1,5120,26,884348422
2787,122811562,174995,122986557,0,2,1,287232,12,1763848605
2788,122841987,211760,123053747,0,2,1,215040,12,5628525542
2789,122869847,199658,123069505,0,2,1,50688,12,5121219325
2790,122944081,167256,123111337,0,2,1,134656,12,4362958388
2791,122946726,115232,123061958,0,5,0,78336,16,9056553407
2792,122992834,335572,123328406,0,2,0,62464,12,6241282046
2793,123004913,107900,123112813,0,9,0,54272,46,7728663540
2794,123046925,66998,123113923,0,2,1,4096,12,1144624568
2795,123094765,21424,123116189,0,2,1,3584,12,3791777790
2796,123314043,245806,123559849,0,2,0,86016,12,4894607205
2797,123347861,15321,123363182,0,7,1,29696,26,7024549948
2798,123373416,3898,123377314,0,7,1,4096,26,10564944265
2799,123382797,14804,123397601,0,2,1,28672,12,6110368586
2800,123485458,293720,123779178,0,5,0,341504,16,4325412890
2801,123497588,566,123498154,0,5,1,512,16,2798432171
2802,123668584,74228,123742812,0,2,0,14336,12,2934843565
2803,123742093,91640,123833733,0,3,0,26112,42,7116573669
2804,123863892,65170,123929062,0,2,1,110080,12,8862930010
2805,123870664,281321,124151985,0,2,0,65024,12,6719209441
2806,123879886,102752,123982638,0,3,0,37376,42,394104504
2807,123959646,194492,124154138,0,9,0,177152,46,7569139552
2808,124092009,89144,124181153,0,9,0,17920,46,7618976898
2809,124208182,169616,124377798,0,5,0,145920,16,4357432919
2810,124267015,66721,124333736,0,2,1,113152,12,1965512325
2811,124331614,5326,124336940,0,8,1,5632,28,266595510
2812,124365230,53325,124418555,0,2,1,87040,12,523765610
2813,124366923,22691,124389614,0,7,1,37376,26,9727325823
2814,124451012,113048,124564060,0,3,0,71168,42,1787468671
2815,124460186,113204,124573390,0,5,0,71680,16,5327979996
2816,124474192,86454,124560646,0,2,1,144896,12,2292059449
2817,124523875,145199,124669074,0,2,0,23040,12,7145807107
2818,124539831,107744,124647575,0,5,0,53760,16,4909933185
2819,124645516,96980,124742496,0,9,0,18432,46,10555183193
2820,124679577,196364,124875941,0,3,0,183296,42,8585371283
2821,124685215,55821,124741036,0,0,1,95232,41,515783065
2822,124737110,12308,124749418,0,7,1,20480,26,5938118612
2823,124741097,111943,124853040,0,9,0,62976,46,7383796539
2824,124760523,125060,124885583,0,2,0,110592,12,1034688829
2825,124761766,1042,124762808,0,7,1,1024,26,745106710
2826,124911231,123812,125035043,0,5,0,106496,16,9396216173
2827,124962559,79772,125042331,0,9,0,17408,46,3631440914
2828,124993363,14287,125007650,0,9,1,27648,46,9637012303
2829,125031215,3898,125035113,0,0,1,4096,41,8204645719
2830,125041878,60824,125102702,0,5,0,5632,16,7734084658
2831,125072582,6754,125079336,0,7,1,7168,26,9183179507
2832,125087457,2946,125090403,0,7,1,3072,26,6666122074
2833,125201129,196795,125397924,0,0,1,323072,41,10256154693
2834,125240055,82844,125322899,0,5,0,17408,16,9118001553
2835,125529622,127868,125657490,0,5,0,119808,16,9415658591
2836,125756439,6754,125763193,0,7,1,7168,26,10009870298
2837,125759034,1994,125761028,0,0,1,2048,41,5313282435
2838,125999820,47444,126047264,0,2,0,2048,12,354911005
2839,126085232,4420,126089652,0,7,1,11776,26,5474191429
2840,126145516,84733,126230249,0,0,1,138240,41,3412977253
2841,126192885,65900,126258785,0,5,0,7168,16,8519306749
2842,126245434,5712,126251146,0,7,1,14336,26,1446170642
2843,126277095,127419,126404514,0,9,0,94720,46,6643870147
2844,126279682,146029,126425711,0,9,0,56832,46,3630261875
2845,126442940,2470,126445410,0,0,1,2560,41,4194436846
2846,126446684,97340,126544024,0,2,0,29696,12,3241983107
2847,126519754,62516,126582270,0,9,0,6144,46,9516817166
2848,126571712,126776,126698488,0,5,0,116224,16,6923502614
2849,126589818,2946,126592764,0,7,1,3072,26,1564090047
2850,126742422,104312,126846734,0,3,0,42496,42,10592040855
2851,126801363,2470,126803833,0,2,1,2560,12,5105838143
2852,126872505,14804,126887309,0,7,1,28672,26,8891709790
2853,126884937,4850,126889787,0,0,1,5120,41,7065626308
2854,127019182,99476,127118658,0,9,0,26624,46,3599928216
2855,127043446,201980,127245426,0,3,0,201728,42,8264906499
2856,127063518,62828,127126346,0,5,0,7168,16,754849054
2857,127301444,4679,127306123,0,6,1,12288,8,8600284424
2858,127371433,112736,127484169,0,9,0,70144,46,4223658804
2859,127374684,4374,127379058,0,8,1,4608,28,8430858585
2860,127391512,206145,127597657,0,0,1,337920,41,611416979
2861,127392484,3422,127395906,0,8,1,3584,28,4629671472
2862,127552425,94868,127647293,0,9,0,26624,46,7767210144
2863,127567003,188720,127755723,0,5,0,158208,16,758055867
2864,127604082,2946,127607028,0,2,1,3072,12,3429719453
2865,127692988,56372,127749360,0,9,0,6144,46,7442024249
2866,127698797,33762,127732559,0,0,1,58880,41,9211924459
2867,127716578,98228,127814806,0,3,0,22528,42,370724252
2868,127732572,55748,127788320,0,2,0,4096,12,497628943
2869,127751583,165109,127916692,0,3,0,123904,42,8168859792
2870,127776791,20624,127797415,0,0,1,33280,41,819739886
2871,127814824,106340,127921164,0,2,0,49152,12,3369025411
2872,127817772,31783,127849555,0,0,1,51712,41,8651789576
2873,127821464,2470,127823934,0,3,1,2560,42,1604274559
2874,127938882,54012,127992894,0,2,1,91648,12,9769839234
2875,128044697,103844,128148541,0,2,0,40960,12,10253107373
2876,128062932,177681,128240613,0,2,0,36352,12,5512061325
2877,128063190,21399,128084589,0,7,1,34816,26,1407771936
2878,128104214,106184,128210398,0,5,0,48640,16,10089609425
2879,128107701,5712,128113413,0,7,1,14336,26,7269640373
2880,128173717,113828,128287545,0,9,0,73728,46,2840719335
2881,128183080,45437,128228517,0,2,1,78336,12,1454356991
2882,128194468,76407,128270875,0,2,1,107520,12,983812677
2883,128216372,117604,128333976,0,0,1,195584,41,7706799183
2884,128244856,95029,128339885,0,2,1,158208,12,7686843853
2885,128504348,217580,128721928,0,5,0,252928,16,1385053420
2886,128589865,81632,128671497,0,0,1,132096,41,6108792448
2887,128637746,6754,128644500,0,7,1,7168,26,9832420335
2888,128653836,566,128654402,0,7,1,512,26,8551767164
2889,128664513,48980,128713493,0,2,0,2048,12,6500504649
2890,128746308,180992,128927300,0,9,0,147968,46,10696670583
2891,128772970,202448,128975418,0,3,0,203264,42,441707938
2892,128894183,47288,128941471,0,2,0,1536,12,550371704
2893,129037431,47288,129084719,0,2,0,1536,12,4084159783
2894,129383551,15579,129399130,0,0,1,30208,41,4288005400
2895,129423664,6488,129430152,0,7,1,15872,26,4040589544
2896,129578687,4420,129583107,0,7,1,11776,26,5442682426
2897,129578803,52364,129631167,0,9,0,3072,46,3713467308
2898,129586726,23120,129609846,0,2,1,41472,12,9727645359
2899,129629775,1042,129630817,0,0,1,1024,41,1018870407
2900,129716269,13858,129730127,0,7,1,23552,26,10004567898
2901,129733330,50672,129784002,0,2,0,2560,12,5827788207
2902,129734168,3422,129737590,0,0,1,3584,41,2362559173
2903,129736281,111488,129847769,0,5,0,66048,16,6572614514
2904,129762949,7230,129770179,0,0,1,7680,41,7767112054
2905,129863524,3128,129866652,0,0,1,9216,41,6890122127
2906,130185692,47288,130232980,0,2,0,1536,12,8859853735
2907,130238891,5196,130244087,0,0,1,13312,41,9229186453
2908,130329396,217424,130546820,0,3,0,252416,42,5333419302
2909,130377439,43904,130421343,0,2,0,512,12,7397111765
2910,130463430,21399,130484829,0,0,1,34816,41,10677922078
2911,130469280,16727,130486007,0,0,1,13824,41,4708585223
2912,130704817,57440,130762257,0,2,0,4608,12,4550320780
2913,130714514,14029,130728543,0,0,1,27136,41,1315260283
2914,130761372,198080,130959452,0,3,0,188928,42,10636532468
2915,130889426,189188,131078614,0,3,0,159744,42,9609645417
2916,130967740,77324,131045064,0,5,0,19456,16,10677745768
2917,131078904,70220,131149124,0,3,0,11264,42,7168498413
2918,131138527,6488,131145015,0,1,1,15872,19,6336081289
2919,131352316,84692,131437008,0,5,0,18432,16,2728386995
2920,131375750,43904,131419654,0,2,0,512,12,4713705236
2921,131424909,6278,131431187,0,0,1,6656,41,4999283000
2922,131439528,1518,131441046,0,1,1,1536,19,8013303224
2923,131489730,5326,131495056,0,0,1,5632,41,2926532562
2924,131534685,52364,131587049,0,5,0,3072,16,2743577039
2925,131570159,62516,131632675,0,2,0,6144,12,4260107180
2926,131615139,566,131615705,0,0,1,512,41,5832357400
2927,131793360,6754,131800114,0,1,1,7168,19,2519070870
2928,131965529,96512,132062041,0,5,0,16896,16,4957257150
2929,132209668,116948,132326616,0,3,0,83968,42,9450980047
2930,132255039,4850,132259889,0,0,1,5120,41,5021883624
2931,132303074,43904,132346978,0,2,0,512,12,1093444078
2932,132698773,106028,132804801,0,3,0,48128,42,6170617129
2933,132711039,2946,132713985,0,0,1,3072,41,5218143116
2934,132717482,1994,132719476,0,1,1,2048,19,448823108
2935,132747818,6754,132754572,0,1,1,7168,19,4844791008
2936,132855241,113984,132969225,0,5,0,74240,16,6121514058
2937,132857102,21141,132878243,0,0,1,34304,41,2506067364
2938,132915106,101192,133016298,0,3,0,32256,42,2065625671
2939,132970928,6278,132977206,0,0,1,6656,41,7063964650
2940,132994151,128336,133122487,0,3,0,121344,42,9007871726
2941,133123646,2870,133126516,0,0,1,8704,41,1264327482
2942,133139160,3128,133142288,0,1,1,9216,19,402767918
2943,133178228,81128,133259356,0,5,0,11776,16,9779923998
2944,133349259,30491,133379750,0,0,1,49152,41,1643083596
2945,133446784,45596,133492380,0,2,0,1024,12,5006076348
2946,133480011,1994,133482005,0,1,1,2048,19,976858272
2947,133481201,50672,133531873,0,2,0,2560,12,7125598974
2948,133493841,162848,133656689,0,3,0,143872,42,1025668078
2949,133503903,43904,133547807,0,2,0,512,12,10605602022
2950,133528448,1042,133529490,0,0,1,1024,41,5507527960
2951,133733279,93020,133826299,0,5,0,25600,16,6526165383
2952,133770718,43904,133814622,0,2,0,512,12,3382223324
2953,133873252,22950,133896202,0,0,1,37888,41,1066824131
2954,133919675,1042,133920717,0,0,1,1024,41,4035985861
2955,134229821,84380,134314201,0,3,0,17408,42,1920222088
2956,134297584,76520,134374104,0,5,0,11776,16,10563954183
2957,134380691,12825,134393516,0,0,1,21504,41,2978915113
2958,134398242,107432,134505674,0,5,0,52736,16,4907063326
2959,134408177,45596,134453773,0,2,0,1024,12,8731304879
2960,134413496,86096,134499592,0,6,0,23040,8,9092074567
2961,134487418,5712,134493130,0,0,1,14336,41,3179096731
2962,134496721,9987,134506708,0,5,1,1024,16,251311355
2963,134553043,121160,134674203,0,3,0,97792,42,9905969486
2964,134608837,45596,134654433,0,2,0,1024,12,7319030067
2965,134632715,56840,134689555,0,3,0,7680,42,10322045235
2966,134785563,3387,134788950,0,0,1,9728,41,1574886282
2967,134813414,6754,134820168,0,1,1,7168,19,4029966560
2968,134884127,129740,135013867,0,5,0,125952,16,2446735839
2969,135095973,190904,135286877,0,3,0,165376,42,173351493
2970,135105527,23208,135128735,0,0,1,38400,41,3199362114
2971,135149337,6488,135155825,0,0,1,15872,41,7839200249
2972,135192586,3422,135196008,0,0,1,3584,41,4979672116
2973,135245411,566,135245977,0,1,1,512,19,4030295625
2974,135475967,43904,135519871,0,2,0,512,12,8476334662
2975,135509820,125684,135635504,0,2,0,112640,12,1555841182
2976,135607718,85916,135693634,0,5,0,17408,16,5743515397
2977,135620770,68782,135689552,0,2,0,3584,12,5785356149
2978,135788723,1042,135789765,0,5,1,1024,16,6050887227
2979,136041917,80084,136122001,0,3,0,18432,42,4731061225
2980,136123994,2946,136126940,0,1,1,3072,19,9663050540
2981,136169755,47288,136217043,0,2,0,1536,12,573470641
2982,136310137,85448,136395585,0,0,0,15872,41,10680389589
2983,136378486,63296,136441782,0,5,0,8704,16,7258695217
2984,136536120,190592,136726712,0,5,0,164352,16,1007657838
2985,136541502,43904,136585406,0,2,0,512,12,8683176155
2986,137026480,6754,137033234,0,5,1,7168,16,9816031000
2987,137193714,6229,137199943,0,5,1,15360,16,4688754926
2988,137243674,2946,137246620,0,5,1,3072,16,34233297
2989,137307371,57440,137364811,0,2,0,4608,12,9340167139
2990,137464408,47288,137511696,0,2,0,1536,12,3910477133
2991,137581708,566,137582274,0,1,1,512,19,4574599623
2992,137586012,69596,137655608,0,5,0,9216,16,8867625996
2993,137593890,43904,137637794,0,2,0,512,12,5946238897
2994,137620287,3645,137623932,0,1,1,10240,19,10053369769
2995,137645425,52364,137697789,0,2,0,3072,12,708425350
2996,137766904,3422,137770326,0,1,1,3584,19,10213539335
2997,137933954,4850,137938804,0,1,1,5120,19,10000809596
2998,137942270,12995,137955265,0,5,1,25088,16,10518444963
2999,138045498,193244,138238742,0,3,0,173056,42,7672706869
3000,138127899,219275,138347174,0,3,0,188928,42,8952880860
3001,138274898,23725,138298623,0,1,1,39424,19,9570948366
3002,138692518,107276,138799794,0,5,0,52224,16,8005155866
3003,138776526,43904,138820430,0,3,0,512,42,4716193431
3004,138805297,48980,138854277,0,2,0,2048,12,10258530686
3005,138906626,3128,138909754,0,1,1,9216,19,9371499926
3006,138933414,2470,138935884,0,1,1,2560,19,6103597920
3007,138949813,106028,139055841,0,5,0,48128,16,6692221378
3008,138955307,45596,139000903,0,2,0,1024,12,9766062090
3009,139015804,122876,139138680,0,3,0,103424,42,2570697939
3010,139249633,114608,139364241,0,3,0,76288,42,6747027199
3011,139304227,7706,139311933,0,1,1,8192,19,3333182957
3012,139502651,119132,139621783,0,5,0,91136,16,758173854
3013,139697696,2470,139700166,0,1,1,2560,19,5226788636
3014,140018979,3422,140022401,0,1,1,3584,19,4502654599
3015,140078900,11274,140090174,0,1,1,18432,19,744251293
3016,140145087,279524,140424611,0,5,0,294912,16,2045326608
3017,140271135,70976,140342111,0,3,0,8704,42,9327774783
3018,140626706,194336,140821042,0,5,0,176640,16,1185571482
3019,140658023,110396,140768419,0,3,0,62464,42,85613808
3020,140741626,204857,140946483,0,3,0,209920,42,2216754039
3021,140752377,130131,140882508,0,3,0,5120,42,3665532277
3022,140771244,154570,140925814,0,5,0,44032,16,7455235882
3023,141020432,45596,141066028,0,2,0,1024,12,2809076515
3024,141028166,43904,141072070,0,2,0,512,12,2541976427
3025,141049180,125060,141174240,0,5,0,110592,16,10292481878
3026,141325321,47288,141372609,0,2,0,1536,12,9160349218
3027,141864641,92791,141957432,0,3,1,150528,42,10489142814
3028,142068923,145018,142213941,0,3,0,87040,42,9415890983
3029,142339202,13770,142352972,0,1,1,26624,19,7656338938
3030,142374010,6278,142380288,0,9,1,6656,46,3043223312
3031,142419881,54056,142473937,0,2,0,3584,12,928341090
3032,142628107,131999,142760106,0,3,1,213504,42,652026396
3033,142821448,90524,142911972,0,5,0,17408,16,2958942745
3034,143039538,158528,143198066,0,5,0,139776,16,5062546685
3035,143165440,43112,143208552,0,3,1,73728,42,10646393528
3036,143199834,43904,143243738,0,2,0,512,12,10032732731
3037,143292625,86454,143379079,0,3,1,144896,42,3287652640
3038,143421331,13253,143434584,0,3,1,25600,42,4607626753
3039,143441213,113828,143555041,0,5,0,73728,16,1901851146
3040,143540696,52364,143593060,0,2,0,3072,12,4874775874
3041,143617978,125216,143743194,0,5,0,111104,16,5237747337
3042,143782306,180728,143963034,0,3,0,157184,42,4376255875
3043,143808638,50672,143859310,0,2,0,2560,12,5609458417
3044,143909139,53841,143962980,0,2,1,88064,12,4806669510
3045,144103658,93737,144197395,0,2,1,155648,12,9341953646
3046,144114304,64225,144178529,0,3,1,104960,42,350576027
3047,144256595,7706,144264301,0,0,1,8192,41,10107888970
3048,144305920,2470,144308390,0,0,1,2560,41,7587000509
3049,144394320,112424,144506744,0,3,0,69120,42,4369697364
3050,144396100,116012,144512112,0,5,0,80896,16,1126403055
3051,144424151,2470,144426621,0,0,1,2560,41,5792329027
3052,144509846,5326,144515172,0,0,1,5632,41,2721068239
3053,144527085,2946,144530031,0,0,1,3072,41,8130504048
3054,144542519,1042,144543561,0,6,1,1024,8,7148405269
3055,144653568,43904,144697472,0,2,0,512,12,4243032530
3056,144655908,64208,144720116,0,2,0,6656,12,686385929
3057,144767184,14287,144781471,0,2,1,27648,12,9049201282
3058,144913605,119912,145033517,0,5,0,93696,16,8337575273
3059,144991688,6278,144997966,0,6,1,6656,8,6295171589
3060,144992763,12825,145005588,0,0,1,21504,41,10714756181
3061,145113235,175292,145288527,0,5,0,144384,16,6972136994
3062,145124069,50672,145174741,0,2,0,2560,12,4107759434
3063,145181349,21658,145203007,0,5,1,35328,16,7492052073
3064,145438195,12566,145450761,0,6,1,20992,8,8182663341
3065,145561989,1994,145563983,0,5,1,2048,16,7681562640
3066,145580447,33333,145613780,0,2,1,54784,12,9352445275
3067,145594916,97340,145692256,0,2,0,1024,12,5479714918
3068,145635365,47288,145682653,0,2,0,1536,12,1721415248
3069,145648625,14117,145662742,0,5,1,24064,16,10542054715
3070,145698863,130208,145829071,0,3,0,127488,42,1470728117
3071,145725227,4850,145730077,0,5,1,5120,16,5740343410
3072,145736371,86852,145823223,0,5,0,20480,16,2778007472
3073,145756184,23895,145780079,0,2,1,43008,12,1806856735
3074,145816543,7230,145823773,0,5,1,7680,16,1146534494
3075,145830182,5326,145835508,0,4,1,5632,35,3163364794
3076,145836226,100412,145936638,0,5,0,29696,16,6586081007
3077,145844676,43904,145888580,0,2,0,512,12,4432566580
3078,145899880,7706,145907586,0,9,1,8192,46,7736391111
3079,146008353,13083,146021436,0,2,1,22016,12,2482404815
3080,146100176,10241,146110417,0,9,1,16384,46,9146026985
3081,146159258,75764,146235022,0,5,0,14336,16,1473889837
3082,146164905,4374,146169279,0,8,1,4608,28,5919335310
3083,146207369,43904,146251273,0,2,0,512,12,6449816381
3084,146215307,3645,146218952,0,0,1,10240,41,239621476
3085,146241507,48980,146290487,0,2,0,2048,12,5644014670
3086,146320555,53753,146374308,0,2,1,91136,12,10088190775
3087,146332446,5326,146337772,0,9,1,5632,46,7009608673
3088,146334813,49915,146384728,0,2,1,33280,12,6818591478
3089,146360194,12737,146372931,0,3,1,24576,42,6890031000
3090,146385581,23466,146409047,0,0,1,38912,41,3543921034
3091,146445846,4850,146450696,0,2,1,5120,12,3057914450
3092,146579013,34795,146613808,0,2,1,60928,12,3163862351
3093,146597378,13600,146610978,0,9,1,23040,46,9022352638
3094,146625771,100880,146726651,0,3,0,31232,42,8998882789
3095,146677443,6278,146683721,0,9,1,6656,46,9157568550
3096,146729562,208471,146938033,0,3,1,342528,42,4576437938
3097,146750043,5326,146755369,0,6,1,5632,8,8656150190
3098,146802854,167411,146970265,0,3,0,4096,42,9738227716
3099,146819572,119639,146939211,0,3,1,13824,42,7055816421
3100,146876491,194253,147070744,0,3,0,5632,42,6808675392
3101,146922853,13253,146936106,0,0,1,25600,41,10644150272
3102,146999831,6278,147006109,0,9,1,6656,46,5582026685
3103,147058219,2470,147060689,0,9,1,2560,46,6469524952
3104,147199152,54100,147253252,0,3,1,88576,42,6722967892
3105,147214748,112112,147326860,0,6,0,68096,8,7272034895
3106,147244971,4850,147249821,0,0,1,5120,41,3592383626
3107,147295088,43904,147338992,0,2,0,512,12,8570279189
3108,147298643,207388,147506031,0,3,0,56320,42,8138861972
3109,147358074,1994,147360068,0,9,1,2048,46,2750438640
3110,147360411,5971,147366382,0,0,1,14848,41,8246577618
3111,147373202,15837,147389039,0,9,1,30720,46,125587564
3112,147468439,143158,147611597,0,2,1,231936,12,3211362335
3113,147481517,46729,147528246,0,3,1,80896,42,1680021536
3114,147530833,211851,147742684,0,2,0,3584,12,1741303860
3115,147541511,3387,147544898,0,0,1,9728,41,4236631759
3116,147550140,7706,147557846,0,8,1,8192,28,5276342182
3117,147564071,2946,147567017,0,6,1,3072,8,879217112
3118,147583265,204495,147787760,0,2,0,2048,12,4327233203
3119,147612910,566,147613476,0,8,1,512,28,3464452337
3120,147630633,156488,147787121,0,2,0,2048,12,10188407862
3121,147664176,2946,147667122,0,8,1,3072,28,5752343045
3122,147673313,1518,147674831,0,9,1,1536,46,8934296694
3123,147710941,62805,147773746,0,2,0,3584,12,6271980596
3124,147722251,6278,147728529,0,9,1,6656,46,7683961321
3125,147722366,23208,147745574,0,6,1,38400,8,2301778404
3126,147737464,6488,147743952,0,0,1,15872,41,2334741314
3127,147746663,11533,147758196,0,6,1,18944,8,7983493403
3128,147761350,4374,147765724,0,6,1,4608,8,9407162251
3129,147795108,7706,147802814,0,8,1,8192,28,6343869524
3130,147797758,49448,147847206,0,2,0,3584,12,6998365114
3131,147945839,73487,148019326,0,2,1,122880,12,10135512867
3132,147981642,189854,148171496,0,2,0,3584,12,8561013527
3133,148036474,13253,148049727,0,6,1,25600,8,178676395
3134,148081020,121874,148202894,0,3,1,197120,42,175421651
3135,148123397,4850,148128247,0,0,1,5120,41,234560591
3136,148138024,76109,148214133,0,3,1,37376,42,8345389247
3137,148143653,3422,148147075,0,6,1,3584,8,563647495
3138,148146617,82967,148229584,0,3,1,49152,42,9483777953
3139,148199598,1994,148201592,0,2,1,2048,12,9818104174
3140,148202310,2470,148204780,0,8,1,2560,28,5242891544
3141,148225201,43904,148269105,0,2,0,512,12,7084061458
3142,148258842,81632,148340474,0,3,1,132096,42,1247030005
3143,148328856,2946,148331802,0,8,1,3072,28,4737078321
3144,148351297,133703,148485000,0,3,0,57344,42,7498005819
3145,148385632,4679,148390311,0,8,1,12288,28,1736203741
3146,148394827,15579,148410406,0,8,1,30208,28,5069836566
3147,148515419,3387,148518806,0,8,1,9728,28,2164404028
3148,148520510,5802,148526312,0,2,1,6144,12,9732762209
3149,148523427,3898,148527325,0,6,1,4096,8,2432333056
3150,148680082,110708,148790790,0,3,0,63488,42,1937019077
3151,148743317,566,148743883,0,0,1,512,41,3350942663
3152,148760393,6229,148766622,0,0,1,15360,41,2016603456
3153,148840729,45596,148886325,0,2,0,1024,12,9353948597
3154,148859381,566,148859947,0,0,1,512,41,9875237167
3155,148861107,146946,149008053,0,3,1,242688,42,3351689863
3156,148863794,56854,148920648,0,2,1,97280,12,4778836816
3157,148871082,10241,148881323,0,4,1,16384,35,6657980298
3158,148889014,6488,148895502,0,8,1,15872,28,1985467446
3159,149044564,14029,149058593,0,3,1,27136,42,4783046475
3160,149074361,3128,149077489,0,0,1,9216,41,7253706041
3161,149266474,5326,149271800,0,8,1,5632,28,753261968
3162,149379504,566,149380070,0,0,1,512,41,3162941777
3163,149422899,3387,149426286,0,0,1,9728,41,3811188449
3164,149456051,86204,149542255,0,9,0,13312,46,6666527392
3165,149458010,3645,149461655,0,0,1,10240,41,1833161697
3166,149837880,43904,149881784,0,2,0,512,12,10532469422
3167,149866655,86454,149953109,0,2,1,144896,12,3372520111
3168,149891436,4850,149896286,0,1,1,5120,19,4496213332
3169,150001635,22691,150024326,0,0,1,37376,41,3382404745
3170,150190794,4374,150195168,0,9,1,4608,46,9086689853
3171,150318416,209000,150527416,0,3,0,224768,42,6819916259
3172,150354975,5454,150360429,0,0,1,13824,41,10607402297
3173,150489206,1042,150490248,0,6,1,1024,8,1386094622
3174,150497861,22691,150520552,0,0,1,37376,41,3529399520
3175,150514598,49292,150563890,0,2,0,3072,12,4409881212
3176,150612653,47288,150659941,0,2,0,1536,12,10650496568
3177,150646545,3645,150650190,0,9,1,10240,46,2931084573
3178,150672864,566,150673430,0,6,1,512,8,1472720115
3179,150795499,2946,150798445,0,9,1,3072,46,1024468376
3180,150857852,1994,150859846,0,6,1,2048,8,678214128
3181,150993662,182864,151176526,0,3,0,154112,42,1157540144
3182,151007489,53237,151060726,0,2,1,90112,12,5528840444
3183,151066974,86626,151153600,0,2,0,1536,12,2429341178
3184,151076355,3387,151079742,0,9,1,9728,46,5331815547
3185,151085447,1518,151086965,0,0,1,1536,41,283345139
3186,151121728,5454,151127182,0,6,1,13824,8,2724790749
3187,151124982,46212,151171194,0,2,1,79872,12,6515451100
3188,151214624,3422,151218046,0,9,1,3584,46,10150174862
3189,151283170,13083,151296253,0,6,1,22016,8,7865516042
3190,151301487,43904,151345391,0,3,0,512,42,10357262736
3191,151373308,76052,151449360,0,3,0,10240,42,9718352516
3192,151417252,4937,151422189,0,6,1,12800,8,8257035206
3193,151533451,4679,151538130,0,6,1,12288,8,9424422624
3194,151605161,52033,151657194,0,2,1,84480,12,2292229669
3195,151623487,54291,151677778,0,2,1,65536,12,6020360875
3196,151636223,2870,151639093,0,0,1,8704,41,6671400207
3197,151820734,16613,151837347,0,6,1,32256,8,1622019486
3198,151900772,45596,151946368,0,2,0,1024,12,6406035139
3199,151956535,2946,151959481,0,0,1,3072,41,2003768937
3200,152131539,10241,152141780,0,0,1,16384,41,4852333578
3201,152133409,84387,152217796,0,3,1,140800,42,1651283386
3202,152202892,10241,152213133,0,9,1,16384,46,8904007130
3203,152286618,2870,152289488,0,0,1,8704,41,824875862
3204,152305638,52832,152358470,0,2,0,4608,12,7140494042
3205,152351528,20882,152372410,0,3,1,33792,42,1524527236
3206,152367973,45596,152413569,0,2,0,1024,12,3723290612
3207,152531210,3898,152535108,0,0,1,4096,41,10023821688
3208,152583387,566,152583953,0,4,1,512,35,5902283599
3209,152595343,6278,152601621,0,4,1,6656,35,7286034935
3210,152747803,5712,152753515,0,4,1,14336,35,9175390157
3211,152944564,5326,152949890,0,0,1,5632,41,246335144
3212,153019050,3898,153022948,0,0,1,4096,41,6041032945
3213,153062725,34279,153097004,0,3,1,59904,42,982762988
3214,153129117,92274,153221391,0,3,1,149504,42,6606026423
3215,153211981,55748,153267729,0,2,0,4096,12,9482227282
3216,153242613,2946,153245559,0,5,1,3072,16,9352152210
3217,153249540,5971,153255511,0,0,1,14848,41,6884128907
3218,153357459,566,153358025,0,5,1,512,16,9954729768
3219,153452517,75554,153528071,0,3,1,126976,42,2619202045
3220,153632410,20624,153653034,0,5,1,33280,16,8261663121
3221,153704309,1042,153705351,0,5,1,1024,16,3585943765
3222,153773976,3645,153777621,0,5,1,10240,16,1329944172
3223,153792168,48980,153841148,0,2,0,2048,12,6940290196
3224,153828392,102596,153930988,0,3,0,36864,42,701055906
3225,153935220,30491,153965711,0,3,1,49152,42,8542814704
3226,154041582,74608,154116190,0,3,1,121856,42,312131979
3227,154118560,57440,154176000,0,2,0,4608,12,4856831825
3228,154224237,23208,154247445,0,0,1,38400,41,3075319518
3229,154526917,105092,154632009,0,3,0,45056,42,10045946973
3230,154717069,219452,154936521,0,3,0,259072,42,3051205113
3231,154828457,10241,154838698,0,0,1,16384,41,8468498709
3232,154926120,47288,154973408,0,2,0,1536,12,4006326669
3233,155192152,31524,155223676,0,3,1,51200,42,3618702797
3234,155347442,3898,155351340,0,3,1,4096,42,6254575023
3235,155463939,5326,155469265,0,0,1,5632,41,4865016539
3236,155565923,45596,155611519,0,2,0,1024,12,347112432
3237,155800094,12825,155812919,0,0,1,21504,41,421047162
3238,155854458,3898,155858356,0,0,1,4096,41,4762371153
3239,155928040,3904,155931944,0,0,1,10752,41,21409313
3240,155994937,52808,156047745,0,3,1,86016,42,7503564686
3241,156132447,43904,156176351,0,2,0,512,12,10179500601
3242,156320769,2870,156323639,0,0,1,8704,41,8959862695
3243,156895783,220232,157116015,0,3,0,261632,42,2620578948
3244,156900311,239431,157139742,0,3,0,77824,42,3962355815
3245,157051911,48980,157100891,0,2,0,2048,12,1390181811
3246,157052305,51814,157104119,0,2,0,2560,12,1007459635
3247,157308418,56079,157364497,0,2,1,95744,12,8355275822
3248,157348313,183658,157531971,0,2,1,297472,12,10004984874
3249,157467808,75095,157542903,0,2,1,44032,12,8869174053
3250,157592672,23725,157616397,0,2,1,39424,12,6663484681
3251,157597783,29034,157626817,0,2,1,33280,12,7230049588
3252,157669227,6229,157675456,0,0,1,15360,41,10133018357
3253,157759379,1042,157760421,0,0,1,1024,41,4753569369
3254,157803150,3898,157807048,0,1,1,4096,19,7380691117
3255,158093760,5802,158099562,0,1,1,6144,19,8761478463
3256,158193876,43904,158237780,0,2,0,512,12,8176289386
3257,158234304,566,158234870,0,1,1,512,19,4337072129
3258,158376081,122252,158498333,0,3,0,101376,42,2927289787
3259,158516992,6229,158523221,0,0,1,15360,41,8490126928
3260,158909018,5326,158914344,0,6,1,5632,8,3501517543
3261,158956499,45596,159002095,0,2,0,1024,12,4614044382
3262,159154215,5196,159159411,0,0,1,13312,41,5750381053
3263,159273782,3645,159277427,0,0,1,10240,41,3761429334
3264,159327020,51296,159378316,0,2,0,4608,12,2275586330
3265,159379509,3422,159382931,0,1,1,3584,19,9477884100
3266,159572446,566,159573012,0,1,1,512,19,6480655807
3267,159601997,1518,159603515,0,7,1,1536,26,4693823258
3268,159643438,20366,159663804,0,1,1,32768,19,5518225061
3269,159651453,16354,159667807,0,7,1,31744,26,5871909098
3270,159678479,25446,159703925,0,6,1,46080,8,6253744268
3271,159769273,70206,159839479,0,1,0,1536,19,7155946423
3272,159787636,93284,159880920,0,3,0,16384,42,6340652319
3273,159803651,4374,159808025,0,7,1,4608,26,7029571737
3274,159976420,5802,159982222,0,8,1,6144,28,5386280718
3275,160063336,2946,160066282,0,7,1,3072,26,2576161834
3276,160073713,4374,160078087,0,7,1,4608,26,1298300576
3277,160105115,23725,160128840,0,0,1,39424,41,1068879577
3278,160251278,43904,160295182,0,2,0,512,12,7119960838
3279,160297629,2870,160300499,0,7,1,8704,26,5621008643
3280,160312728,1042,160313770,0,0,1,1024,41,9597305981
3281,160402994,12049,160415043,0,7,1,19968,26,9369209200
3282,160439278,45596,160484874,0,2,0,1024,12,7959212023
3283,160443829,5326,160449155,0,5,1,5632,16,3948033486
3284,160484704,306512,160791216,0,3,0,383488,42,2370104718
3285,160537500,13083,160550583,0,7,1,22016,26,9655202704
3286,160651406,54056,160705462,0,2,0,3584,12,647356047
3287,160778973,118107,160897080,0,3,0,47616,42,10611157416
3288,160810334,10757,160821091,0,7,1,17408,26,6550928218
3289,160855293,4679,160859972,0,0,1,12288,41,3462476909
3290,160968058,22691,160990749,0,7,1,37376,26,23095785
3291,160996625,95024,161091649,0,3,0,27136,42,2427865767
3292,161101800,1042,161102842,0,0,1,1024,41,1479331911
3293,161104885,566,161105451,0,7,1,512,26,9140150514
3294,161149053,5326,161154379,0,0,1,5632,41,1086036389
3295,161271802,4679,161276481,0,1,1,12288,19,3454297802
3296,161367505,216332,161583837,0,3,0,248832,42,6466465543
3297,161447861,566,161448427,0,1,1,512,19,9509245072
3298,161495002,3422,161498424,0,0,1,3584,41,7422370693
3299,161530731,1994,161532725,0,7,1,2048,26,2264963461
3300,161670844,15837,161686681,0,2,1,30720,12,353759183
3301,161751239,2870,161754109,0,5,1,8704,16,7171148606
3302,161795045,3128,161798173,0,1,1,9216,19,2177159413
3303,161796847,41649,161838496,0,2,1,67584,12,7145058962
3304,161826433,43904,161870337,0,2,0,512,12,8633468513
3305,161842518,198652,162041170,0,2,0,3072,12,4411481316
3306,161974972,15062,161990034,0,7,1,29184,26,2825762296
3307,162048830,22950,162071780,0,0,1,37888,41,6067205126
3308,162085748,21399,162107147,0,0,1,34816,41,4881204081
3309,162087383,6229,162093612,0,7,1,15360,26,3864325658
3310,162091117,45908,162137025,0,2,0,2048,12,4513786108
3311,162119246,3898,162123144,0,0,1,4096,41,5631371850
3312,162202104,566,162202670,0,2,1,512,12,9450468968
3313,162232543,21141,162253684,0,2,1,34304,12,4480385696
3314,162252509,5971,162258480,0,2,1,14848,12,10012680946
3315,162349305,1518,162350823,0,1,1,1536,19,6563012389
3316,162489386,6278,162495664,0,0,1,6656,41,7520447211
3317,162618620,566,162619186,0,1,1,512,19,3848956309
3318,162669279,93128,162762407,0,3,0,15872,42,6499498015
3319,162769991,69152,162839143,0,4,0,12800,35,4452492591
3320,162776362,50672,162827034,0,2,0,2560,12,10021185386
3321,162783750,96062,162879812,0,2,1,160256,12,9556237836
3322,162856178,2470,162858648,0,1,1,2560,19,1806991192
3323,162870189,13489,162883678,0,2,1,6144,12,7240246493
3324,162897275,204788,163102063,0,3,0,210944,42,2065941125
3325,162934941,5454,162940395,0,1,1,13824,19,1985548701
3326,163007771,55562,163063333,0,2,1,94720,12,8763288094
3327,163110838,2946,163113784,0,1,1,3072,19,8901836555
3328,163121179,44662,163165841,0,2,1,76800,12,9663796553
3329,163137339,3422,163140761,0,0,1,3584,41,3737450128
3330,163348500,1994,163350494,0,1,1,2048,19,6060424247
3331,163419919,61136,163481055,0,2,0,6656,12,4252940915
3332,163471400,45596,163516996,0,2,0,1024,12,4518358299
3333,163646465,91436,163737901,0,4,0,15360,35,10213781534
3334,163667577,11791,163679368,0,0,1,19456,41,6949487246
3335,163695052,5196,163700248,0,8,1,13312,28,4377174325
3336,163742433,1042,163743475,0,1,1,1024,19,2308756678
3337,163748750,1994,163750744,0,1,1,2048,19,4249649077
3338,163784710,11016,163795726,0,1,1,17920,19,1203996760
3339,163862768,3898,163866666,0,1,1,4096,19,3422009201
3340,163869398,48980,163918378,0,2,0,2048,12,10026055968
3341,163870750,78080,163948830,0,4,0,16896,35,6910123977
3342,163902111,96356,163998467,0,3,0,16384,42,10531984155
3343,163946702,4420,163951122,0,0,1,11776,41,5923860428
3344,163990346,4850,163995196,0,8,1,5120,28,7606617099
3345,164069580,124748,164194328,0,3,0,109568,42,3892653560
3346,164123814,20882,164144696,0,0,1,33792,41,4610933221
3347,164161199,5712,164166911,0,8,1,14336,28,7624391642
3348,164225024,51516,164276540,0,1,1,83456,19,3831660438
3349,164277175,3645,164280820,0,8,1,10240,28,424699130
3350,164334901,3645,164338546,0,0,1,10240,41,4620893362
3351,164335815,5201,164341016,0,0,1,3072,41,5836799192
3352,164547540,34108,164581648,0,1,1,56320,19,6421640405
3353,164610911,54529,164665440,0,1,1,92672,19,5206886499
3354,164658822,104208,164763030,0,1,1,169472,19,10036148019
3355,164877243,43904,164921147,0,3,0,512,42,6503268995
3356,164967237,21141,164988378,0,0,1,34304,41,9103141057
3357,165260853,11016,165271869,0,1,1,17920,19,4185761216
3358,165290328,6229,165296557,0,1,1,15360,19,10146024187
3359,165300469,23208,165323677,0,4,1,38400,35,9887352179
3360,165374589,3422,165378011,0,0,1,3584,41,3551558628
3361,165528460,45596,165574056,0,2,0,1024,12,1768885221
3362,165541121,226654,165767775,0,1,1,371200,19,9291769725
3363,165553420,45596,165599016,0,2,0,1024,12,2847626451
3364,165625931,97916,165723847,0,4,0,21504,35,5472031291
3365,165636801,5326,165642127,0,4,1,5632,35,6594548278
3366,165647062,43904,165690966,0,3,0,512,42,7985250195
3367,165722305,5802,165728107,0,0,1,6144,41,7976566210
3368,165861330,1994,165863324,0,4,1,2048,35,6533503105
3369,165967399,7706,165975105,0,4,1,8192,35,6223044657
3370,166009168,2870,166012038,0,4,1,8704,35,2641179162
3371,166073990,52364,166126354,0,2,0,3072,12,4012531813
3372,166088330,45596,166133926,0,2,0,1024,12,10134591631
3373,166215614,4162,166219776,0,1,1,11264,19,10141840066
3374,166223139,50828,166273967,0,2,0,3072,12,8229353687
3375,166247104,47288,166294392,0,2,0,1536,12,7170753801
3376,166263465,74360,166337825,0,4,0,9728,35,7149395337
3377,166433388,10241,166443629,0,9,1,16384,46,7501478501
3378,166493148,47288,166540436,0,3,0,1536,42,8104911179
3379,166510872,6754,166517626,0,0,1,7168,41,384905857
3380,166514958,118508,166633466,0,4,0,89088,35,9566733439
3381,166518087,71507,166589594,0,1,1,115712,19,2487159673
3382,166548563,52364,166600927,0,2,0,3072,12,8082978639
3383,166560810,2470,166563280,0,0,1,2560,41,10335881284
3384,166591145,1994,166593139,0,1,1,2048,19,7293412376
3385,166603572,1042,166604614,0,0,1,1024,41,7380738617
3386,166784932,2870,166787802,0,4,1,8704,35,2488018560
3387,166792958,4850,166797808,0,1,1,5120,19,8525565503
3388,166803747,107221,166910968,0,1,1,178688,19,8032018206
3389,166887889,67238,166955127,0,1,1,114176,19,9652876883
3390,166995917,6278,167002195,0,4,1,6656,35,3822606858
3391,167004568,2470,167007038,0,1,1,2560,19,4890067793
3392,167060436,55748,167116184,0,4,0,4096,35,3513244501
3393,167062027,94600,167156627,0,1,1,154112,19,219941595
3394,167175378,47288,167222666,0,3,0,1536,42,8721014225
3395,167384526,4850,167389376,0,8,1,5120,28,1191168099
3396,167488958,3387,167492345,0,5,1,9728,16,4859261199
3397,167565283,43904,167609187,0,3,0,512,42,570827523
3398,167643648,50672,167694320,0,3,0,2560,42,840497604
3399,167699812,57440,167757252,0,2,0,4608,12,601921394
3400,167706164,64395,167770559,0,1,1,108544,19,1095216944
3401,167707220,166302,167873522,0,1,1,221184,19,5089413297
3402,167746654,120848,167867502,0,4,0,96768,35,5964103514
3403,167808328,82078,167890406,0,1,1,56320,19,1725223855
3404,167871066,108368,167979434,0,4,0,55808,35,301730323
3405,167997184,4850,168002034,0,0,1,5120,41,4038176188
3406,168004775,45596,168050371,0,3,0,1024,42,9707062909
3407,168058373,64208,168122581,0,2,0,6656,12,929977323
3408,168155232,164870,168320102,0,1,1,270848,19,8910260081
3409,168224667,1994,168226661,0,8,1,2048,28,81703058
3410,168238893,53841,168292734,0,3,1,88064,42,4382957089
3411,168268360,45596,168313956,0,2,0,1024,12,800377437
3412,168388108,1518,168389626,0,0,1,1536,41,10574646664
3413,168427709,50672,168478381,0,2,0,2560,12,999029378
3414,168432830,44145,168476975,0,1,1,75776,19,8052639474
3415,168435901,12308,168448209,0,4,1,20480,35,2810033544
3416,168436368,1042,168437410,0,0,1,1024,41,5413744448
3417,168445501,6894,168452395,0,4,1,6656,35,9690192504
3418,168458955,73160,168532115,0,4,0,15872,35,10193056298
3419,168481395,3898,168485293,0,4,1,4096,35,10236825178
3420,168505155,201476,168706631,0,4,0,76288,35,2197875503
3421,168560601,5326,168565927,0,4,1,5632,35,5618344784
3422,168612920,47288,168660208,0,2,0,1536,12,7911075372
3423,168636024,43904,168679928,0,2,0,512,12,4193381484
3424,168661345,2946,168664291,0,8,1,3072,28,8033279518
3425,168661832,4937,168666769,0,0,1,12800,41,1172385313
3426,168682127,59132,168741259,0,4,0,5120,35,1428111042
3427,168682551,50672,168733223,0,3,0,2560,42,73876411
3428,168700273,5196,168705469,0,8,1,13312,28,3572836401
3429,168762331,566,168762897,0,0,1,512,41,300501272
3430,168800944,43904,168844848,0,3,0,512,42,8747625182
3431,168850273,566,168850839,0,0,1,512,41,8895806809
3432,168864379,12308,168876687,0,8,1,20480,28,8343749692
3433,168945770,40874,168986644,0,1,1,66048,19,25895124
3434,168946359,45596,168991955,0,2,0,1024,12,6571625667
3435,169008527,48980,169057507,0,3,0,2048,42,4029153792
3436,169034641,47288,169081929,0,2,0,1536,12,6236648015
3437,169092327,54056,169146383,0,3,0,3584,42,9616257920
3438,169529942,5802,169535744,0,8,1,6144,28,2138019772
3439,169565714,14117,169579831,0,8,1,24064,28,1699454861
3440,169621395,173274,169794669,0,1,1,280576,19,3559915351
3441,169656424,43904,169700328,0,2,0,512,12,964344789
3442,169666585,133985,169800570,0,1,1,19968,19,3651919418
3443,169903434,76846,169980280,0,1,1,129536,19,2638052247
3444,169957147,29444,169986591,0,1,1,22016,19,5864133817
3445,170002161,5326,170007487,0,8,1,5632,28,4419088897
3446,170062349,12737,170075086,0,2,1,24576,12,9119253000
3447,170091734,1518,170093252,0,8,1,1536,28,4097771641
3448,170215747,566,170216313,0,0,1,512,41,5231426536
3449,170280871,7230,170288101,0,1,1,7680,19,1295095341
3450,170306843,11016,170317859,0,0,1,17920,41,3298901121
3451,170334526,11533,170346059,0,8,1,18944,28,8228222497
3452,170433998,6754,170440752,0,4,1,7168,35,9992629425
3453,170445212,6278,170451490,0,4,1,6656,35,3048691146
3454,170744044,4679,170748723,0,4,1,12288,35,9694825331
3455,170769290,13512,170782802,0,7,1,26112,26,6708189255
3456,170779643,5326,170784969,0,8,1,5632,28,9718943162
3457,170813221,5802,170819023,0,7,1,6144,26,1469910425
3458,170814631,4679,170819310,0,8,1,12288,28,2876858494
3459,170839266,1994,170841260,0,8,1,2048,28,4682609970
3460,170846053,3387,170849440,0,7,1,9728,26,4957306993
3461,170870970,3898,170874868,0,0,1,4096,41,9315014909
3462,170914301,3645,170917946,0,4,1,10240,35,6881448760
3463,170933787,43904,170977691,0,3,0,512,42,1572601029
3464,170981044,1518,170982562,0,0,1,1536,41,10542202094
3465,170999886,52364,171052250,0,2,0,3072,12,8135153842
3466,171005677,99476,171105153,0,2,0,26624,12,7468824821
3467,171016715,10241,171026956,0,7,1,16384,26,7145468999
3468,171024821,6754,171031575,0,4,1,7168,35,8853175750
3469,171070447,111644,171182091,0,4,0,66560,35,2934373144
3470,171116818,1042,171117860,0,0,1,1024,41,6902465654
3471,171120596,11016,171131612,0,4,1,17920,35,2172442841
3472,171277395,2470,171279865,0,8,1,2560,28,9166477686
3473,171360759,7230,171367989,0,0,1,7680,41,9430737035
3474,171464425,50672,171515097,0,3,0,2560,42,2170419533
3475,171541884,99320,171641204,0,2,0,26112,12,7873511380
3476,171703928,1994,171705922,0,8,1,2048,28,10254308978
3477,171711018,11016,171722034,0,8,1,17920,28,5274629095
3478,171740872,210560,171951432,0,2,0,229888,12,8160205485
3479,171791291,2946,171794237,0,8,1,3072,28,4774018353
3480,171838612,3645,171842257,0,5,1,10240,16,4376819009
3481,171878377,10757,171889134,0,8,1,17408,28,5167994058
3482,171881734,259502,172141236,0,2,0,161792,12,5574822804
3483,171905400,263562,172168962,0,2,0,39936,12,7342681171
3484,171933160,15321,171948481,0,4,1,29696,35,1913928771
3485,171942769,3422,171946191,0,8,1,3584,28,2323249971
3486,171954972,3898,171958870,0,8,1,4096,28,1223092541
3487,171994883,306565,172301448,0,2,0,246784,12,4404939429
3488,172011389,10241,172021630,0,4,1,16384,35,652306417
3489,172047818,13600,172061418,0,5,1,23040,16,1384395840
3490,172050509,2470,172052979,0,4,1,2560,35,8694879043
3491,172082000,11533,172093533,0,0,1,18944,41,3823239514
3492,172116798,5802,172122600,0,4,1,6144,35,9430549133
3493,172218094,3898,172221992,0,5,1,4096,16,5969711489
3494,172237437,21916,172259353,0,8,1,35840,28,9325500610
3495,172280663,3645,172284308,0,8,1,10240,28,6391677900
3496,172393472,3387,172396859,0,3,1,9728,42,5201488849
3497,172403541,115388,172518929,0,4,0,78848,35,48632516
3498,172447930,152479,172600409,0,4,0,46592,35,2474309871
3499,172570038,1042,172571080,0,8,1,1024,28,1685827270
3500,172582709,5802,172588511,0,8,1,6144,28,3436790866
3501,172776979,21141,172798120,0,4,1,34304,35,8426377576
3502,173056287,43904,173100191,0,3,0,512,42,7326194200
3503,173159592,5971,173165563,0,4,1,14848,35,2812640756
3504,173293656,6488,173300144,0,1,1,15872,19,9749654194
3505,173331003,566,173331569,0,4,1,512,35,442269217
3506,173398429,96321,173494750,0,3,1,160768,42,5375863331
3507,173461294,123968,173585262,0,4,0,107008,35,8999743934
3508,173491734,1518,173493252,0,8,1,1536,28,495598390
3509,173501524,1042,173502566,0,6,1,1024,8,6478478587
3510,173551885,3898,173555783,0,8,1,4096,28,4524215761
3511,173557039,45954,173602993,0,2,1,79360,12,8360331357
3512,173564815,2870,173567685,0,5,1,8704,16,9480187883
3513,173591850,46212,173638062,0,2,1,79872,12,9433919401
3514,173594040,24412,173618452,0,3,1,44032,42,8626950548
3515,173632762,50672,173683434,0,3,0,2560,42,4905620707
3516,173761850,13858,173775708,0,5,1,23552,16,7321470700
3517,173772226,2470,173774696,0,4,1,2560,35,689979134
3518,173813455,235076,174048531,0,2,0,180736,12,10424520634
3519,173881642,21399,173903041,0,5,1,34816,16,1963059548
3520,173945910,23466,173969376,0,3,1,38912,42,9152188052
3521,174002522,2470,174004992,0,5,1,2560,16,7746006257
3522,174003373,24929,174028302,0,4,1,45056,35,6505684549
3523,174093216,4850,174098066,0,4,1,5120,35,1747795800
3524,174223492,47288,174270780,0,3,0,1536,42,1432682266
3525,174285730,3422,174289152,0,5,1,3584,16,9650117566
3526,174286218,23120,174309338,0,2,1,41472,12,8037894970
3527,174311071,1518,174312589,0,4,1,1536,35,55436138
3528,174439598,32299,174471897,0,3,1,52736,42,3673283879
3529,174486413,216787,174703200,0,3,1,355328,42,5651048192
3530,174494484,3904,174498388,0,5,1,10752,16,6629786119
3531,174527112,257918,174785030,0,3,0,512,42,2730966536
3532,174530872,92016,174622888,0,2,1,148992,12,721948874
3533,174564067,64825,174628892,0,2,1,28672,12,491653069
3534,174621979,118330,174740309,0,3,1,128512,42,7819357141
3535,174640682,5971,174646653,0,2,1,14848,12,9394102682
3536,174673397,5326,174678723,0,4,1,5632,35,7433023375
3537,174684487,4420,174688907,0,4,1,11776,35,3375114180
3538,174811107,566,174811673,0,4,1,512,35,1049536347
3539,174922775,100724,175023499,0,2,0,30720,12,1550704992
3540,174949156,99164,175048320,0,2,0,25600,12,7491338770
3541,175126888,45596,175172484,0,3,0,1024,42,1992191032
3542,175209221,3387,175212608,0,4,1,9728,35,10257735887
3543,175211925,4850,175216775,0,5,1,5120,16,185923432
3544,175243203,289988,175533191,0,3,1,474624,42,9196519639
3545,175260840,47288,175308128,0,4,0,1536,35,3856872709
3546,175277926,191335,175469261,0,3,0,512,42,3240382160
3547,175290664,1994,175292658,0,5,1,2048,16,3203296869
3548,175345215,127868,175473083,0,2,0,119808,12,10287265942
3549,175387976,163935,175551911,0,2,0,78848,12,5611228468
3550,175532685,7230,175539915,0,4,1,7680,35,6034195281
3551,175642013,3904,175645917,0,4,1,10752,35,9602727482
3552,175655980,6488,175662468,0,5,1,15872,16,6382807423
3553,175676042,13341,175689383,0,4,1,22528,35,9643301324
3554,175740067,23725,175763792,0,4,1,39424,35,9936728303
3555,175891602,1042,175892644,0,5,1,1024,16,3094193887
3556,175952442,4374,175956816,0,4,1,4608,35,9394684087
3557,176030262,100412,176130674,0,4,0,29696,35,1286661871
3558,176127354,15062,176142416,0,5,1,29184,16,35580688
3559,176172323,116324,176288647,0,4,0,81920,35,3680703800
3560,176197877,2870,176200747,0,4,1,8704,35,7222392255
3561,176436836,116480,176553316,0,2,0,82432,12,2488837755
3562,176835550,45596,176881146,0,2,0,1024,12,7966456845
3563,176884705,4937,176889642,0,8,1,12800,28,4062363127
3564,177084395,4374,177088769,0,5,1,4608,16,10629922662
3565,177183601,85628,177269229,0,4,0,21504,35,9703971684
3566,177212657,197924,177410581,0,2,0,188416,12,3438460363
3567,177237454,70913,177308367,0,4,0,7680,35,7508360806
3568,177304445,45596,177350041,0,4,0,1024,35,5166419200
3569,177325846,3645,177329491,0,4,1,10240,35,2912381754
3570,177505820,1042,177506862,0,4,1,1024,35,9252306950
3571,177557092,5971,177563063,0,5,1,14848,16,7549590040
3572,177598627,97340,177695967,0,2,0,29696,12,1657677954
3573,177696067,112268,177808335,0,2,0,68608,12,2334814861
3574,177707254,5802,177713056,0,4,1,6144,35,7104130104
3575,177734802,566,177735368,0,5,1,512,16,5754832198
3576,177760589,126258,177886847,0,2,0,94208,12,2778095441
3577,177766779,163164,177929943,0,2,0,77312,12,1928543397
3578,177860341,102284,177962625,0,4,0,35840,35,3524899860
3579,177907398,1994,177909392,0,4,1,2048,35,2373118667
3580,177939018,1994,177941012,0,5,1,2048,16,7154607785
3581,178002197,4420,178006617,0,4,1,11776,35,1504799143
3582,178009052,12825,178021877,0,4,1,21504,35,8485160087
3583,178094041,11791,178105832,0,4,1,19456,35,2852138773
3584,178102234,7784,178110018,0,4,1,6656,35,6867535784
3585,178124000,2870,178126870,0,8,1,8704,28,1016574826
3586,178217804,101348,178319152,0,2,0,32768,12,3412711397
3587,178393212,69932,178463144,0,4,0,15360,35,6049442958
3588,178403889,44404,178448293,0,5,1,76288,16,269171449
3589,178542075,1042,178543117,0,8,1,1024,28,9812178659
3590,178725008,70064,178795072,0,2,0,10752,12,3764419418
3591,178733706,54056,178787762,0,3,0,3584,42,964418569
3592,178788266,144836,178933102,0,4,0,135168,35,10434790417
3593,178810872,127078,178937950,0,4,0,7680,35,7077398615
3594,178954382,45596,178999978,0,3,0,1024,42,4480097897
3595,178970548,101192,179071740,0,4,0,32256,35,5042976639
3596,178992119,12995,179005114,0,6,1,25088,8,7131361123
3597,179084410,4850,179089260,0,4,1,5120,35,2866026966
3598,179182444,11533,179193977,0,5,1,18944,16,3207935410
3599,179236130,1518,179237648,0,6,1,1536,8,1712792825
3600,179378835,50672,179429507,0,3,0,2560,42,5932994057
3601,179684369,56596,179740965,0,2,1,96768,12,2379893578
3602,179687966,6278,179694244,0,8,1,6656,28,3436332299
3603,179791617,3128,179794745,0,8,1,9216,28,1969565518
3604,179811848,1994,179813842,0,6,1,2048,8,8949856669
3605,179859691,48980,179908671,0,3,0,2048,42,5266473062
3606,180040970,47288,180088258,0,3,0,1536,42,6779938388
3607,180145040,1042,180146082,0,0,1,1024,41,9804883267
3608,180163444,5196,180168640,0,0,1,13312,41,3472397155
3609,180255602,7706,180263308,0,0,1,8192,41,5063531201
3610,180260533,54056,180314589,0,2,0,3584,12,3890547592
3611,180273819,140384,180414203,0,4,0,135680,35,9279382456
3612,180315592,47288,180362880,0,3,0,1536,42,8254083139
3613,180390220,2470,180392690,0,9,1,2560,46,2331117499
3614,180395616,2946,180398562,0,8,1,3072,28,3248539876
3615,180489952,47288,180537240,0,3,0,1536,42,2356852939
3616,180654910,95912,180750822,0,4,0,19968,35,8199694109
3617,180768971,3422,180772393,0,0,1,3584,41,9360795117
3618,180817471,4374,180821845,0,9,1,4608,46,7537644897
3619,180882489,82408,180964897,0,3,1,133632,42,2007902951
3620,180899914,125176,181025090,0,3,0,3072,42,2536309928
3621,180964721,7706,180972427,0,4,1,8192,35,1782982741
3622,180968555,81440,181049995,0,4,0,12800,35,7233622470
3623,181028450,1518,181029968,0,9,1,1536,46,4136759184
3624,181119532,1518,181121050,0,6,1,1536,8,5908502205
3625,181167919,101348,181269267,0,2,0,32768,12,9169687016
3626,181273771,4937,181278708,0,9,1,12800,46,2827980861
3627,181281406,4374,181285780,0,9,1,4608,46,3030656199
3628,181300964,111020,181411984,0,4,0,64512,35,1445737933
3629,181340397,5326,181345723,0,9,1,5632,46,8652302489
3630,181352751,14029,181366780,0,7,1,27136,26,10020268944
3631,181432249,5326,181437575,0,7,1,5632,26,8546587258
3632,181503040,4850,181507890,0,6,1,5120,8,899519402
3633,181551479,7706,181559185,0,6,1,8192,8,6525933056
3634,181633569,2470,181636039,0,4,1,2560,35,9196484820
3635,181685197,2470,181687667,0,4,1,2560,35,8137219882
3636,181685367,20882,181706249,0,7,1,33792,26,992850186
3637,181723917,47288,181771205,0,3,0,1536,42,9017850149
3638,181731081,1042,181732123,0,4,1,1024,35,9046309520
3639,181810807,95492,181906299,0,2,0,28672,12,10370256864
3640,181891444,5196,181896640,0,9,1,13312,46,7996816748
3641,182032777,2870,182035647,0,6,1,8704,8,5747828408
3642,182247628,3128,182250756,0,6,1,9216,8,3964432178
3643,182297345,4679,182302024,0,0,1,12288,41,5810321336
3644,182422594,206660,182629254,0,4,0,217088,35,8999898227
3645,182434622,213999,182648621,0,4,0,63488,35,4455503926
3646,182561582,14117,182575699,0,6,1,24064,8,2957004252
3647,182567583,92530,182660113,0,4,1,18944,35,7462146803
3648,182628788,2470,182631258,0,9,1,2560,46,4417452805
3649,182682742,11016,182693758,0,4,1,17920,35,3902370173
3650,182736973,5802,182742775,0,9,1,6144,46,7331136660
3651,182741064,26738,182767802,0,6,1,48640,8,6423464563
3652,182788071,50672,182838743,0,3,0,2560,42,2018137633
3653,182820519,177788,182998307,0,4,0,152576,35,10712132385
3654,183036850,5326,183042176,0,8,1,5632,28,6539808602
3655,183047183,128024,183175207,0,2,0,120320,12,6601168113
3656,183070184,3645,183073829,0,9,1,10240,46,8003669772
3657,183130419,5802,183136221,0,9,1,6144,46,1320177889
3658,183142973,1994,183144967,0,4,1,2048,35,1386285734
3659,183267696,5712,183273408,0,4,1,14336,35,2030813807
3660,183403042,50672,183453714,0,3,0,2560,42,3044282850
3661,183524809,5326,183530135,0,4,1,5632,35,5340513413
3662,183870515,13858,183884373,0,3,1,23552,42,10306800450
3663,183918136,4162,183922298,0,4,1,11264,35,5611506770
3664,184008652,214616,184223268,0,2,0,243200,12,2272280423
3665,184069262,5196,184074458,0,4,1,13312,35,7677752248
3666,184095206,150466,184245672,0,2,0,27136,12,9070706885
3667,184110517,12825,184123342,0,6,1,21504,8,10624766277
3668,184269457,5454,184274911,0,6,1,13824,8,6235797133
3669,184275803,4850,184280653,0,4,1,5120,35,2443297231
3670,184391457,106964,184498421,0,2,0,51200,12,65584607
3671,184509729,45752,184555481,0,3,0,1536,42,7838307388
3672,184592158,7230,184599388,0,6,1,7680,8,1667437871
3673,184623709,103532,184727241,0,9,0,39936,46,763906369
3674,184698053,110708,184808761,0,2,0,63488,12,8623474071
3675,184745189,7230,184752419,0,6,1,7680,8,639555719
3676,184794817,105404,184900221,0,9,0,46080,46,4746772502
3677,184803786,102883,184906669,0,2,0,21504,12,3053762074
3678,184861636,50828,184912464,0,3,0,3072,42,10303178938
3679,184933755,144836,185078591,0,2,0,135168,12,1371363910
3680,184969568,154317,185123885,0,2,0,91136,12,7023242066
3681,185031372,11016,185042388,0,4,1,17920,35,8096333963
3682,185078179,48980,185127159,0,3,0,2048,42,4885309489
3683,185106908,1518,185108426,0,4,1,1536,35,4744351924
3684,185373940,4374,185378314,0,6,1,4608,8,4715188034
3685,185401022,2470,185403492,0,4,1,2560,35,3884222112
3686,185604653,74360,185679013,0,4,0,9728,35,9433692416
3687,185605912,43904,185649816,0,3,0,512,42,4261074558
3688,185611059,566,185611625,0,4,1,512,35,9576173864
3689,185820383,106184,185926567,0,9,0,48640,46,7515092663
3690,185998672,45908,186044580,0,3,0,2048,42,4853087612
3691,186040964,125216,186166180,0,2,0,111104,12,2437266638
3692,186068504,2946,186071450,0,4,1,3072,35,9429509442
3693,186105727,208966,186314693,0,4,0,145408,35,5148670727
3694,186151200,116008,186267208,0,2,0,31744,12,10105657721
3695,186190319,150635,186340954,0,2,0,60928,12,418738684
3696,186199524,1994,186201518,0,6,1,2048,8,1109712794
3697,186267173,13083,186280256,0,6,1,22016,8,774921552
3698,186298655,76052,186374707,0,9,0,10240,46,10475158719
3699,186299146,43904,186343050,0,3,0,512,42,4679317442
3700,186304126,135787,186439913,0,2,1,224256,12,1021345469
3701,186397949,5454,186403403,0,6,1,13824,8,494074000
3702,186402565,3645,186406210,0,6,1,10240,8,4604386204
3703,186533358,197924,186731282,0,9,0,188416,46,9864716139
3704,186655179,78926,186734105,0,9,0,9216,46,10701163755
3705,186725770,102284,186828054,0,4,0,35840,35,6855523134
3706,186895958,43904,186939862,0,3,0,512,42,9289611240
3707,186938593,51774,186990367,0,3,1,83968,42,9701720022
3708,186998994,10757,187009751,0,6,1,17408,8,4294111899
3709,187039048,3128,187042176,0,6,1,9216,8,6265468960
3710,187179556,110396,187289952,0,4,0,62464,35,4130050999
3711,187183184,3422,187186606,0,7,1,3584,26,469158007
3712,187287740,4937,187292677,0,7,1,12800,26,6326365919
3713,187300846,278120,187578966,0,9,0,290304,46,2634737835
3714,187303911,108368,187412279,0,4,0,55808,35,3197368269
3715,187367740,1994,187369734,0,6,1,2048,8,10271290297
3716,187400041,56337,187456378,0,3,1,96256,42,7111549598
3717,187458281,163063,187621344,0,3,0,111104,42,2688349637
3718,187501298,121472,187622770,0,2,0,98816,12,2292949698
3719,187558860,123006,187681866,0,9,0,37888,46,5257249398
3720,187764142,84128,187848270,0,3,1,140288,42,3616935865
3721,187791391,61136,187852527,0,9,0,6656,46,7357425275
3722,187797920,80372,187878292,0,4,0,14336,35,5850846968
3723,188040342,128024,188168366,0,2,0,120320,12,4975628343
3724,188154599,67592,188222191,0,3,0,7680,42,7947049547
3725,188157887,3645,188161532,0,5,1,10240,16,10067161518
3726,188184917,2946,188187863,0,5,1,3072,16,5376352946
3727,188207369,11274,188218643,0,6,1,18432,8,3016396926
3728,188239077,125216,188364293,0,4,0,111104,35,6141227399
3729,188286023,23725,188309748,0,6,1,39424,8,2060933730
3730,188315927,136866,188452793,0,4,0,101888,35,8521940715
3731,188350460,1994,188352454,0,5,1,2048,16,8321288465
3732,188462073,84512,188546585,0,4,0,12800,35,9321250044
3733,188502301,2946,188505247,0,1,1,3072,19,7154070281
3734,188573235,1518,188574753,0,6,1,1536,8,6563361017
3735,188615323,3422,188618745,0,7,1,3584,26,4456771543
3736,188663072,12566,188675638,0,1,1,20992,19,2723528587
3737,188717676,14117,188731793,0,6,1,24064,8,4763052200
3738,188735382,131144,188866526,0,4,0,130560,35,9285463428
3739,188756582,1518,188758100,0,7,1,1536,26,2349399300
3740,188780932,2470,188783402,0,9,1,2560,46,5075596508
3741,188815598,11274,188826872,0,6,1,18432,8,3660776208
3742,188837863,16096,188853959,0,3,1,31232,42,9423030013
3743,188906060,6754,188912814,0,9,1,7168,46,3526475124
3744,188944947,2946,188947893,0,9,1,3072,46,9214492017
3745,189082403,2470,189084873,0,6,1,2560,8,7454953102
3746,189132179,3422,189135601,0,5,1,3584,16,8181860002
3747,189144609,3645,189148254,0,7,1,10240,26,1500582545
3748,189289795,3898,189293693,0,6,1,4096,8,1353325241
3749,189350912,3645,189354557,0,1,1,10240,19,2778856664
3750,189353867,4118,189357985,0,1,1,10752,19,1049282687
3751,189417524,3387,189420911,0,6,1,9728,8,7016908087
3752,189440634,101348,189541982,0,3,0,32768,42,9442630235
3753,189529825,1518,189531343,0,9,1,1536,46,1769663037
3754,189584933,5326,189590259,0,2,1,5632,12,8004335027
3755,189688974,111176,189800150,0,3,0,65024,42,1545511695
3756,189730607,224674,189955281,0,3,1,364032,42,10546351269
3757,189749265,57596,189806861,0,9,0,5120,46,7557257908
3758,189786234,266100,190052334,0,3,0,50688,42,7033693
3759,189816995,153941,189970936,0,3,1,58368,42,370986242
3760,189821317,11533,189832850,0,6,1,18944,8,10126198570
3761,190137788,5802,190143590,0,9,1,6144,46,2795715096
3762,190157029,92972,190250001,0,4,0,15360,35,2235895872
3763,190211989,23208,190235197,0,9,1,38400,46,5295877563
3764,190287407,5196,190292603,0,9,1,13312,46,1716483110
3765,190332341,97340,190429681,0,4,0,29696,35,7835887711
3766,190362360,4162,190366522,0,6,1,11264,8,2991630281
3767,190509838,566,190510404,0,7,1,512,26,483490077
3768,190514670,1994,190516664,0,9,1,2048,46,4065974353
3769,190603405,131534,190734939,0,2,0,101888,12,576298679
3770,190612531,201854,190814385,0,2,0,134656,12,7987442084
3771,190614580,33503,190648083,0,6,1,58368,8,1774921105
3772,190638835,43904,190682739,0,3,0,512,42,9143323412
3773,190658408,4420,190662828,0,6,1,11776,8,7668615013
3774,190661152,5326,190666478,0,9,1,5632,46,10328271975
3775,190782101,100724,190882825,0,3,0,30720,42,4236321518
3776,190829004,11533,190840537,0,6,1,18944,8,7325281889
3777,190887478,121628,191009106,0,4,0,99328,35,10503741467
3778,191038919,1518,191040437,0,6,1,1536,8,10058107825
3779,191142018,131144,191273162,0,4,0,130560,35,4612829693
3780,191200302,126308,191326610,0,9,0,114688,46,5389688001
3781,191232008,227312,191459320,0,4,0,264704,35,7832774716
3782,191248927,5196,191254123,0,5,1,13312,16,4572972580
3783,191263061,4850,191267911,0,5,1,5120,16,1605449288
3784,191313708,4420,191318128,0,7,1,11776,26,9508906607
3785,191337168,113516,191450684,0,2,0,72704,12,1811553303
3786,191337172,193712,191530884,0,9,0,174592,46,507435610
3787,191374928,5454,191380382,0,5,1,13824,16,9895317694
3788,191462502,190904,191653406,0,9,0,165376,46,4045078658
3789,191520908,110708,191631616,0,2,0,63488,12,6887631865
3790,191637905,210297,191848202,0,9,0,178176,46,3789271171
3791,191670184,5454,191675638,0,5,1,13824,16,4281607728
3792,191705105,3645,191708750,0,5,1,10240,16,3526244892
3793,191848847,6754,191855601,0,1,1,7168,19,1075909536
3794,191979082,48980,192028062,0,9,0,2048,46,7316658762
3795,192168904,112736,192281640,0,9,0,70144,46,636470624
3796,192408543,93596,192502139,0,9,0,17408,46,7998972574
3797,192446558,3422,192449980,0,9,1,3584,46,3848476774
3798,192660248,119600,192779848,0,3,0,92672,42,4101862929
3799,192668038,133254,192801292,0,3,0,47104,42,6543748312
3800,192678199,2870,192681069,0,5,1,8704,16,6754626791
3801,192865415,2870,192868285,0,9,1,8704,46,1913320441
3802,192905088,67904,192972992,0,3,0,8704,42,5646096188
3803,192908532,13770,192922302,0,5,1,26624,16,4156455736
3804,193057263,110708,193167971,0,4,0,63488,35,1652987715
3805,193108130,566,193108696,0,5,1,512,16,1374388044
3806,193414880,4850,193419730,0,9,1,5120,46,4503432911
3807,193583532,566,193584098,0,9,1,512,46,2082532234
3808,193660570,23120,193683690,0,9,1,41472,46,4984574084
3809,193744490,11274,193755764,0,9,1,18432,46,8949566461
3810,193906790,3387,193910177,0,9,1,9728,46,3546899834
3811,194045324,111176,194156500,0,4,0,65024,35,5528500661
3812,194053876,13600,194067476,0,0,1,23040,41,9328438840
3813,194130906,100256,194231162,0,9,0,29184,46,234974262
3814,194245327,4420,194249747,0,9,1,11776,46,8872826927
3815,194252346,108212,194360558,0,4,0,55296,35,7178662100
3816,194261441,7706,194269147,0,5,1,8192,16,9108849557
3817,194359301,3387,194362688,0,9,1,9728,46,365078550
3818,194392376,110240,194502616,0,4,0,61952,35,8286573358
3819,194414699,7230,194421929,0,9,1,7680,46,1755698790
3820,194434698,157348,194592046,0,4,0,127488,35,7880542970
3821,194449537,3422,194452959,0,5,1,3584,16,3107371819
3822,194527233,11533,194538766,0,5,1,18944,16,1007829820
3823,194599417,1518,194600935,0,9,1,1536,46,4452617978
3824,194674813,104624,194779437,0,3,0,43520,42,7387914220
3825,194868635,2870,194871505,0,5,1,8704,16,6399219515
3826,194914534,114452,195028986,0,9,0,75776,46,10051818180
3827,194938376,162634,195101010,0,9,0,57856,46,8536597124
3828,194951698,44662,194996360,0,2,1,76800,12,3140404198
3829,194964285,4374,194968659,0,9,1,4608,46,7972956137
3830,194966274,221982,195188256,0,9,0,116224,46,9835603614
3831,195061510,13512,195075022,0,2,1,26112,12,1465404321
3832,195113787,146277,195260064,0,9,0,52224,46,3840470742
3833,195134683,118820,195253503,0,3,0,90112,42,9823157641
3834,195159583,33762,195193345,0,2,1,58880,12,4508079263
3835,195169051,7230,195176281,0,5,1,7680,16,1575576300
3836,195224140,6754,195230894,0,5,1,7168,16,506915989
3837,195246425,78670,195325095,0,3,0,10752,42,7111648588
3838,195333243,21916,195355159,0,7,1,35840,26,8143710997
3839,195353300,6488,195359788,0,2,1,15872,12,4436666582
3840,195371151,3422,195374573,0,0,1,3584,41,10035110954
3841,195475210,1994,195477204,0,7,1,2048,26,6334487435
3842,195690759,43887,195734646,0,2,1,75264,12,8945124802
3843,195814241,12825,195827066,0,7,1,21504,26,10292969671
3844,195874868,15837,195890705,0,7,1,30720,26,4717615192
3845,195905791,209624,196115415,0,4,0,226816,35,3882098496
3846,195960263,87860,196048123,0,9,0,21504,46,5364285573
3847,195964507,2870,195967377,0,9,1,8704,46,10130078039
3848,195974720,66836,196041556,0,9,0,10240,46,3331900177
3849,195986581,134309,196120890,0,4,0,17920,35,6797434216
3850,195997369,126776,196124145,0,3,0,116224,42,2744219643
3851,196144180,151604,196295784,0,9,0,137216,46,230322382
3852,196171634,12308,196183942,0,2,1,20480,12,9614063175
3853,196195487,566,196196053,0,5,1,512,16,9411005737
3854,196228309,1042,196229351,0,5,1,1024,16,5296654362
3855,196241490,99008,196340498,0,9,0,25088,46,67798996
3856,196243035,118508,196361543,0,3,0,89088,42,5411149035
3857,196475439,3387,196478826,0,7,1,9728,26,7203277164
3858,196582535,78524,196661059,0,9,0,13312,46,3440311658
3859,196600990,4850,196605840,0,9,1,5120,46,8217414869
3860,196616435,102284,196718719,0,9,0,35840,46,9149599594
3861,196656993,153196,196810189,0,9,0,10752,46,7816434491
3862,196661475,3422,196664897,0,9,1,3584,46,10506969899
3863,196815101,99008,196914109,0,9,0,25088,46,1658499068
3864,196852685,3422,196856107,0,7,1,3584,26,6171573939
3865,196945898,104468,197050366,0,3,0,43008,42,3187969645
3866,196958568,95468,197054036,0,9,0,23552,46,4446748928
3867,197042251,11533,197053784,0,8,1,18944,28,6753880065
3868,197346796,11016,197357812,0,5,1,17920,16,4669397645
3869,197377554,101504,197479058,0,3,0,33280,42,8745782615
3870,197414316,5196,197419512,0,7,1,13312,26,9427420639
3871,197425997,15321,197441318,0,8,1,29696,28,9084449658
3872,197457844,84248,197542092,0,9,0,22016,46,9350071656
3873,197510881,43904,197554785,0,9,0,512,46,8459453813
3874,197591618,7706,197599324,0,5,1,8192,16,6630888011
3875,197597610,100100,197697710,0,4,0,28672,35,10381396840
3876,197649499,128180,197777679,0,3,0,120832,42,8136654199
3877,197687106,7706,197694812,0,9,1,8192,46,10452905777
3878,197999971,566,198000537,0,7,1,512,26,7938920490
3879,198048007,95780,198143787,0,9,0,24576,46,3335202945
3880,198199081,4850,198203931,0,8,1,5120,28,7874686141
3881,198254488,2946,198257434,0,7,1,3072,26,8367648744
3882,198315200,103220,198418420,0,4,0,38912,35,5721137874
3883,198334462,104780,198439242,0,4,0,44032,35,6091277700
3884,198356340,102284,198458624,0,3,0,35840,42,8774181454
3885,198393552,1518,198395070,0,1,1,1536,19,7120366990
3886,198420367,6278,198426645,0,7,1,6656,26,4890657721
3887,198435594,6278,198441872,0,5,1,6656,16,7220185675
3888,198494116,4937,198499053,0,7,1,12800,26,8625478969
3889,198501398,80060,198581458,0,3,0,13312,42,5045615688
3890,198711923,110084,198822007,0,9,0,61440,46,6719795671
3891,198742138,230540,198972678,0,4,0,265216,35,8074540146
3892,198794585,14287,198808872,0,1,1,27648,19,5539558174
3893,198844344,128505,198972849,0,4,0,512,35,802097686
3894,199004097,2946,199007043,0,5,1,3072,16,6617558152
3895,199024403,10241,199034644,0,5,1,16384,16,8839828531
3896,199029387,100100,199129487,0,4,0,28672,35,5959866165
3897,199073436,74852,199148288,0,3,0,16384,42,10684113257
3898,199116340,5454,199121794,0,7,1,13824,26,9842616903
3899,199155155,12566,199167721,0,5,1,20992,16,1130797833
3900,199182603,4679,199187282,0,9,1,12288,46,2102083060
3901,199188302,5454,199193756,0,1,1,13824,19,1143945178
3902,199225308,6278,199231586,0,8,1,6656,28,3089410937
3903,199247688,120380,199368068,0,9,0,95232,46,2780303301
3904,199369644,205412,199575056,0,4,0,212992,35,9992477014
3905,199382412,6754,199389166,0,8,1,7168,28,10027721800
3906,199394215,3898,199398113,0,7,1,4096,26,9734724673
3907,199416941,4162,199421103,0,1,1,11264,19,4537377483
3908,199453500,5326,199458826,0,5,1,5632,16,250733149
3909,199521698,23725,199545423,0,7,1,39424,26,6932578208
3910,199600312,20366,199620678,0,1,1,32768,19,2832650345
3911,199621205,108836,199730041,0,3,0,57344,42,9198108436
3912,199686976,66207,199753183,0,3,0,6144,42,1851714674
3913,199703637,1518,199705155,0,5,1,1536,16,8117522761
3914,199714749,59188,199773937,0,3,0,512,42,7609553743
3915,199817756,10499,199828255,0,7,1,16896,26,10296812198
3916,199874865,7230,199882095,0,7,1,7680,26,5017145509
3917,199988576,5802,199994378,0,5,1,6144,16,6737501801
3918,199995487,4374,199999861,0,5,1,4608,16,3684408446
3919,200018252,7230,200025482,0,7,1,7680,26,8710005090
3920,200052985,176252,200229237,0,4,0,152576,35,1801375111
3921,200152929,13858,200166787,0,7,1,23552,26,5812960646
3922,200182521,1518,200184039,0,8,1,1536,28,9118778152
3923,200290171,6754,200296925,0,5,1,7168,16,5216061296
3924,200433851,4420,200438271,0,7,1,11776,26,8770846298
3925,200440622,88520,200529142,0,3,0,15872,42,1223922620
3926,200592831,127088,200719919,0,3,0,117248,42,1048834745
3927,200631887,100256,200732143,0,4,0,29184,35,3867397896
3928,200643351,2870,200646221,0,7,1,8704,26,3543416825
3929,200727935,93788,200821723,0,4,0,14336,35,7314954175
3930,200727988,211071,200939059,0,4,0,142336,35,5657093307
3931,200779558,2470,200782028,0,4,1,2560,35,3090809701
3932,200790534,14117,200804651,0,5,1,24064,16,9527435725
3933,200815121,6488,200821609,0,1,1,15872,19,105046988
3934,200834523,2870,200837393,0,8,1,8704,28,9473166757
3935,200853584,1518,200855102,0,1,1,1536,19,8524856237
3936,200866226,5712,200871938,0,5,1,14336,16,8383706138
3937,200963551,13858,200977409,0,5,1,23552,16,333656222
3938,200987218,45596,201032814,0,3,0,1024,42,5681627991
3939,201146078,5802,201151880,0,4,1,6144,35,9582258810
3940,201253559,12825,201266384,0,1,1,21504,19,3582036687
3941,201283094,6278,201289372,0,4,1,6656,35,2399857734
3942,201283435,43904,201327339,0,3,0,512,42,479964180
3943,201305799,13341,201319140,0,1,1,22528,19,9163380821
3944,201342600,3128,201345728,0,1,1,9216,19,5206004495
3945,201375173,87920,201463093,0,4,0,18944,35,3429950484
3946,201449297,3387,201452684,0,4,1,9728,35,10605329532
3947,201472776,10757,201483533,0,1,1,17408,19,5471707479
3948,201528922,1042,201529964,0,5,1,1024,16,395794036
3949,201609109,5802,201614911,0,5,1,6144,16,2156230928
3950,201624541,2470,201627011,0,5,1,2560,16,2361681754
3951,201641336,1042,201642378,0,4,1,1024,35,946590700
3952,201703495,109772,201813267,0,4,0,60416,35,10272609739
3953,201765134,13083,201778217,0,1,1,22016,19,5376317312
3954,201857067,50672,201907739,0,3,0,2560,42,9920224774
3955,201861176,43904,201905080,0,3,0,512,42,1400394715
3956,201863568,11274,201874842,0,0,1,18432,41,255632883
3957,201943294,45596,201988890,0,3,0,1024,42,1971408904
3958,201979326,7230,201986556,0,1,1,7680,19,7551730380
3959,202009848,43904,202053752,0,3,0,512,42,5653002852
3960,202028371,5712,202034083,0,4,1,14336,35,5290314647
3961,202039838,4850,202044688,0,5,1,5120,16,3318538270
3962,202079903,212861,202292764,0,4,0,118272,35,3258806825
3963,202156219,5712,202161931,0,5,1,14336,16,7854733651
3964,202179388,12825,202192213,0,3,1,21504,42,10425646704
3965,202243292,49487,202292779,0,4,1,30720,35,7195632022
3966,202275334,4850,202280184,0,1,1,5120,19,9142043447
3967,202341076,1042,202342118,0,1,1,1024,19,5858091406
3968,202373272,52364,202425636,0,3,0,3072,42,9059367204
3969,202405358,99476,202504834,0,7,0,26624,26,5144810906
3970,202429662,128180,202557842,0,4,0,120832,35,4785258129
3971,202600474,48980,202649454,0,3,0,2048,42,8955900935
3972,202638975,5454,202644429,0,7,1,13824,26,7127189578
3973,202675731,2470,202678201,0,5,1,2560,16,3545145751
3974,202690257,74262,202764519,0,3,1,124416,42,7016410417
3975,202697676,193400,202891076,0,4,0,173568,35,9855630936
3976,202717871,48914,202766785,0,3,1,3584,42,1508335652
3977,202849727,14804,202864531,0,5,1,28672,16,7517930301
3978,202898005,21658,202919663,0,7,1,35328,26,2144209661
3979,202903300,17541,202920841,0,7,1,13824,26,7361294173
3980,203077612,190124,203267736,0,3,0,162816,42,8127067842
3981,203133093,3898,203136991,0,7,1,4096,26,10364419279
3982,203281932,130676,203412608,0,4,0,129024,35,5344743951
3983,203319719,95336,203415055,0,7,0,28160,26,6020746851
3984,203457952,82064,203540016,0,4,0,14848,35,1161085449
3985,203467522,566,203468088,0,7,1,512,26,7749879369
3986,203479695,4850,203484545,0,2,1,5120,12,1674081027
3987,203481313,272969,203754282,0,4,0,268288,35,7869616646
3988,203532432,242384,203774816,0,3,0,268800,42,5639025871
3989,203611387,10499,203621886,0,6,1,16896,8,5408486608
3990,203611405,3422,203614827,0,5,1,3584,16,6905804941
3991,203650914,183324,203834238,0,4,0,140288,35,5517422921
3992,203744027,3422,203747449,0,5,1,3584,16,5864926486
3993,203820232,84904,203905136,0,2,1,141824,12,925206079
3994,203840130,280304,204120434,0,4,0,297472,35,555689101
3995,203920995,24154,203945149,0,5,1,43520,16,3120550594
3996,203999723,10241,204009964,0,2,1,16384,12,2330849162
3997,204011228,122391,204133619,0,3,1,198144,42,4190334467
3998,204171000,2870,204173870,0,7,1,8704,26,1658676289
3999,204217683,99632,204317315,0,4,0,27136,35,3840442618
4000,204224198,64742,204288940,0,3,1,105984,42,2742443915
4001,204366320,72848,204439168,0,4,0,14848,35,3741982126
4002,204576243,2946,204579189,0,0,1,3072,41,6710912114
4003,204623621,4937,204628558,0,7,1,12800,26,5946117709
4004,204636181,132117,204768298,0,7,0,75264,26,2866003488
4005,204777770,1994,204779764,0,3,1,2048,42,8913702459
4006,204826049,112580,204938629,0,7,0,69632,26,8002417413
4007,204843227,43904,204887131,0,4,0,512,35,8363768964
4008,204867414,103844,204971258,0,4,0,40960,35,5046850679
4009,204867737,10499,204878236,0,5,1,16896,16,4543521457
4010,204891370,3898,204895268,0,3,1,4096,42,7500030614
4011,204892316,5802,204898118,0,7,1,6144,26,3649540272
4012,204940401,13083,204953484,0,7,1,22016,26,4070493275
4013,204973939,132151,205106090,0,7,0,59392,26,6708592431
4014,204987810,99476,205087286,0,4,0,26624,35,810492221
4015,205111489,110396,205221885,0,7,0,62464,26,8847693605
4016,205255597,13858,205269455,0,5,1,23552,16,5087304526
4017,205276435,71766,205348201,0,7,1,116224,26,7558278162
4018,205468187,5971,205474158,0,5,1,14848,16,2812647857
4019,205558902,65900,205624802,0,3,0,7168,42,10371541730
4020,205692555,56684,205749239,0,4,0,7168,35,10539189779
4021,205767745,3898,205771643,0,7,1,4096,26,4289965946
4022,205894374,4374,205898748,0,6,1,4608,8,10576762365
4023,205947766,120536,206068302,0,4,0,95744,35,9074448818
4024,205988791,292316,206281107,0,3,0,336896,42,2391898751
4025,206001391,4374,206005765,0,7,1,4608,26,7766533679
4026,206211443,110240,206321683,0,4,0,61952,35,1491515943
4027,206281433,60824,206342257,0,3,0,5632,42,8574266001
4028,206451878,106028,206557906,0,3,0,48128,42,6598369243
4029,206480292,22950,206503242,0,6,1,37888,8,5598204651
4030,207122775,1994,207124769,0,6,1,2048,8,6253553910
4031,207360219,106184,207466403,0,7,0,48640,26,7229581297
4032,207450512,15906,207466418,0,7,1,23040,26,8838788920
4033,207481572,110071,207591643,0,7,0,22016,26,7951496538
4034,207759235,16354,207775589,0,6,1,31744,8,6532542879
4035,207792982,5712,207798694,0,9,1,14336,46,7729124180
4036,207864758,126308,207991066,0,4,0,114688,35,7215739152
4037,207922419,121784,208044203,0,7,0,99840,26,2216595201
4038,208387247,82220,208469467,0,4,0,15360,35,8876862821
4039,208585659,108368,208694027,0,4,0,55808,35,4064269688
4040,208686013,99008,208785021,0,3,0,25088,42,9972627994
4041,209386064,107432,209493496,0,7,0,52736,26,10384691328
4042,209604893,123344,209728237,0,4,0,104960,35,9833221745
4043,209649886,188876,209838762,0,7,0,158720,26,9876800050
4044,210091420,93152,210184572,0,4,0,20992,35,4247886802
4045,210118862,195412,210314274,0,4,0,158208,35,2299035171
4046,210483617,6229,210489846,0,7,1,15360,26,1828522835
4047,210705419,203072,210908491,0,3,0,205312,42,8333125752
4048,210787123,124280,210911403,0,7,0,108032,26,3454337420
4049,210837583,71079,210908662,0,3,0,512,42,665974600
4050,210947863,198704,211146567,0,7,0,190976,26,6989404212
4051,211020906,158409,211179315,0,7,0,18944,26,239895
4052,211223200,43904,211267104,0,0,0,512,41,9808148218
4053,211230205,194180,211424385,0,0,0,176128,41,7112265303
4054,211546650,2470,211549120,0,7,1,2560,26,6245929484
4055,211598346,77144,211675490,0,7,0,13824,26,4790631178
4056,211650508,47288,211697796,0,3,0,1536,42,1563470180
4057,211685263,199016,211884279,0,4,0,192000,35,2023477485
4058,211761030,48980,211810010,0,3,0,2048,42,2462011121
4059,211820208,101036,211921244,0,7,0,31744,26,8936919019
4060,212068764,12566,212081330,0,7,1,20992,26,541823254
4061,212109344,131144,212240488,0,0,0,130560,41,4867268162
4062,212111044,10499,212121543,0,7,1,16896,26,9743683119
4063,212184819,101192,212286011,0,7,0,32256,26,1196471751
4064,212321003,109928,212430931,0,7,0,60928,26,3529075598
4065,212492230,218360,212710590,0,0,0,255488,41,10459666126
4066,212501687,47288,212548975,0,3,0,1536,42,6809404650
4067,212619957,90656,212710613,0,0,1,70656,41,73864549
4068,212660600,229084,212889684,0,0,0,12800,41,2113452026
4069,212761469,43904,212805373,0,3,0,512,42,2341005423
4070,212833394,2470,212835864,0,7,1,2560,26,8757454377
4071,212910753,113828,213024581,0,0,0,73728,41,3332408830
4072,213061373,3387,213064760,0,7,1,9728,26,435848767
4073,213293272,4162,213297434,0,7,1,11264,26,666990821
4074,213338318,43904,213382222,0,3,0,512,42,7452270558
4075,213441749,45596,213487345,0,3,0,1024,42,8759076884
4076,213453671,5802,213459473,0,7,1,6144,26,10264465995
4077,213484037,202292,213686329,0,3,0,202752,42,6820992009
4078,213662848,63608,213726456,0,7,0,9728,26,5046779191
4079,213665569,193556,213859125,0,0,0,174080,41,9788244320
4080,213876851,4850,213881701,0,7,1,5120,26,1378373291
4081,214004737,15062,214019799,0,7,1,29184,26,3329935219
4082,214101213,97916,214199129,0,0,0,21504,41,9546821817
4083,214290012,7230,214297242,0,7,1,7680,26,9610813732
4084,214543827,118508,214662335,0,7,0,89088,26,3452702680
4085,214856304,131300,214987604,0,0,0,131072,41,19457411
4086,214876949,5326,214882275,0,7,1,5632,26,8810236578
4087,214957715,77324,215035039,0,4,0,19456,35,2016936108
4088,214995710,4850,215000560,0,7,1,5120,26,3317003043
4089,215027220,141920,215169140,0,4,0,135680,35,2164209881
4090,215375818,7230,215383048,0,7,1,7680,26,10458337688
4091,215443033,127244,215570277,0,0,0,117760,41,3245942570
4092,215502438,101343,215603781,0,0,0,8704,41,7230692301
4093,215509846,6278,215516124,0,9,1,6656,46,526309457
4094,215704123,7706,215711829,0,9,1,8192,46,10169081300
4095,215923674,6754,215930428,0,7,1,7168,26,2990107172
4096,216215693,147721,216363414,0,6,1,244224,8,393105464
4097,216218049,156297,216374346,0,6,1,35840,8,9717007350
4098,216237135,106808,216343943,0,7,0,50688,26,4784682640
4099,216459142,566,216459708,0,9,1,512,46,4043574251
4100,216479838,16613,216496451,0,0,1,32256,41,4576964057
4101,216517211,119288,216636499,0,7,0,91648,26,8370900285
4102,216566395,101192,216667587,0,0,0,32256,41,271232696
4103,216616655,104468,216721123,0,4,0,43008,35,8776737658
4104,216628652,47288,216675940,0,4,0,1536,35,410444551
4105,216652130,10499,216662629,0,9,1,16896,46,7758874162
4106,216673206,1994,216675200,0,0,1,2048,41,6224718468
4107,216682403,56684,216739087,0,0,0,7168,41,9296250230
4108,216769036,105716,216874752,0,0,0,47104,41,1491424810
4109,216810190,14287,216824477,0,9,1,27648,46,10223416958
4110,216882570,5802,216888372,0,7,1,6144,26,2445572156
4111,216883402,116893,217000295,0,7,0,33792,26,1728868652
4112,216949572,5712,216955284,0,9,1,14336,46,3058924849
4113,217002053,42683,217044736,0,6,1,69632,8,4292015057
4114,217021570,74360,217095930,0,0,0,9728,41,8639728583
4115,217048463,1042,217049505,0,9,1,1024,46,3998443420
4116,217150684,5802,217156486,0,7,1,6144,26,654745804
4117,217195061,4937,217199998,0,0,1,12800,41,1137435785
4118,217213446,6488,217219934,0,7,1,15872,26,250520647
4119,217299451,10499,217309950,0,7,1,16896,26,8895838549
4120,217326517,13600,217340117,0,7,1,23040,26,7800541418
4121,217412216,4374,217416590,0,0,1,4608,41,10112875702
4122,217423102,4374,217427476,0,0,1,4608,41,7317829967
4123,217519573,3387,217522960,0,7,1,9728,26,6217151258
4124,217522427,13242,217535669,0,7,1,22016,26,7851579138
4125,217525197,11138,217536335,0,7,1,1024,26,7495536857
4126,217581295,94688,217675983,0,0,0,20992,41,6437345759
4127,217598544,7230,217605774,0,0,1,7680,41,6074009954
4128,217599821,106964,217706785,0,4,0,51200,35,6240897410
4129,217657087,11274,217668361,0,6,1,18432,8,1225407640
4130,217680795,140006,217820801,0,7,0,104960,26,9500944658
4131,217692572,138641,217831213,0,4,0,108544,35,4063840282
4132,217695426,13341,217708767,0,6,1,22528,8,7625329142
4133,217697457,135866,217833323,0,7,0,39424,26,9774185028
4134,217716492,12995,217729487,0,7,1,25088,26,6669492115
4135,217968476,108680,218077156,0,0,0,56832,41,3868684493
4136,218019865,2946,218022811,0,0,1,3072,41,1768602719
4137,218183659,45596,218229255,0,4,0,1024,35,8469917701
4138,218291802,3387,218295189,0,7,1,9728,26,4713779264
4139,218302977,566,218303543,0,1,1,512,19,9995128463
4140,218852689,2946,218855635,0,5,1,3072,16,8914972083
4141,218899396,195740,219095136,0,4,0,181248,35,2257388524
4142,218963585,22174,218985759,0,7,1,36352,26,834098170
4143,219022664,6278,219028942,0,7,1,6656,26,9753476227
4144,219242312,281708,219524020,0,7,0,302080,26,5603729657
4145,219300861,217112,219517973,0,0,0,251392,41,1225192162
4146,219612991,14117,219627108,0,4,1,24064,35,6965901924
4147,219712463,4420,219716883,0,4,1,11776,35,693520942
4148,219817926,3645,219821571,0,4,1,10240,35,6563469652
4149,219821067,11302,219832369,0,4,1,18432,35,2808161505
4150,219844276,99320,219943596,0,0,0,26112,41,10706408559
4151,219968642,3422,219972064,0,4,1,3584,35,378015516
4152,220009816,1042,220010858,0,4,1,1024,35,7027992470
4153,220122916,102596,220225512,0,0,0,36864,41,9311596549
4154,220174338,3422,220177760,0,4,1,3584,35,156474217
4155,220342252,69152,220411404,0,7,0,12800,26,750825014
4156,220367994,116792,220484786,0,0,0,83456,41,10107374284
4157,220500232,566,220500798,0,4,1,512,35,7484962061
4158,220558856,7706,220566562,0,4,1,8192,35,1876823389
4159,220625415,106340,220731755,0,4,0,49152,35,1573290859
4160,220683479,211964,220895443,0,7,0,234496,26,638640773
4161,220736305,1518,220737823,0,4,1,1536,35,7240244182
4162,220798995,52364,220851359,0,0,0,3072,41,836667818
4163,220856953,99944,220956897,0,0,0,28160,41,3059892368
4164,220984110,118664,221102774,0,4,0,89600,35,6411679417
4165,221261325,124436,221385761,0,7,0,108544,26,6589636941
4166,221328948,3645,221332593,0,4,1,10240,35,10285677338
4167,221659037,7706,221666743,0,4,1,8192,35,1645169910
4168,221720775,2470,221723245,0,4,1,2560,35,5211730143
4169,221769428,4420,221773848,0,4,1,11776,35,8609458686
4170,222103757,190124,222293881,0,7,0,162816,26,9446895667
4171,222144714,14287,222159001,0,7,1,27648,26,5589795390
4172,222149879,80684,222230563,0,0,0,15360,41,8724081446
4173,222214384,186154,222400538,0,2,1,305664,12,291970674
4174,222264814,6278,222271092,0,5,1,6656,16,3828494708
4175,222302431,5712,222308143,0,4,1,14336,35,10517443548
4176,222562589,7706,222570295,0,5,1,8192,16,4319162867
4177,222609385,5326,222614711,0,5,1,5632,16,3404483511
4178,222853597,10499,222864096,0,1,1,16896,19,3874863750
4179,222870236,106964,222977200,0,0,0,51200,41,6069033386
4180,223084105,4937,223089042,0,1,1,12800,19,8261835989
4181,223086324,3898,223090222,0,7,1,4096,26,5186039255
4182,223195143,22433,223217576,0,1,1,36864,19,157033002
4183,223341827,102128,223443955,0,0,0,35328,41,1426744202
4184,223420586,125404,223545990,0,2,1,207360,12,8466219773
4185,223484383,6229,223490612,0,4,1,15360,35,2457626040
4186,223583907,106652,223690559,0,7,0,50176,26,8034832875
4187,223635079,119600,223754679,0,9,0,92672,46,4250527995
4188,223690463,14205,223704668,0,7,1,24064,26,10409451177
4189,223704860,5326,223710186,0,7,1,5632,26,3232246570
4190,223894618,2946,223897564,0,7,1,3072,26,5455015191
4191,224004085,36604,224040689,0,2,1,64512,12,327797517
4192,224028787,12995,224041782,0,1,1,25088,19,10298348281
4193,224094879,64208,224159087,0,9,0,6656,46,2279565283
4194,224187963,3422,224191385,0,7,1,3584,26,8204301739
4195,224240118,3387,224243505,0,7,1,9728,26,8606789475
4196,224287160,21141,224308301,0,7,1,34304,26,5314692948
4197,224291329,1994,224293323,0,2,1,2048,12,4802609692
4198,224318628,83600,224402228,0,7,0,14848,26,5548431289
4199,224397714,102596,224500310,0,0,0,36864,41,6379679252
4200,224437992,46212,224484204,0,2,1,79872,12,8283778956
4201,224458528,7230,224465758,0,3,1,7680,42,5191572682
4202,224505008,3898,224508906,0,9,1,4096,46,3947322644
4203,224517628,98852,224616480,0,9,0,24576,46,9289357020
4204,224524215,12825,224537040,0,9,1,21504,46,8905723269
4205,224641275,2946,224644221,0,9,1,3072,46,1480492798
4206,224665777,179507,224845284,0,9,0,27136,46,507756244
4207,224711188,99788,224810976,0,7,0,27648,26,1738507475
4208,224716912,4937,224721849,0,9,1,12800,46,7569406882
4209,225071355,15579,225086934,0,2,1,30208,12,6365977418
4210,225150175,1994,225152169,0,9,1,2048,46,4393926534
4211,225217090,10757,225227847,0,9,1,17408,46,1024301201
4212,225256334,15321,225271655,0,9,1,29696,46,3187172630
4213,225404864,56060,225460924,0,9,0,5120,46,4582484764
4214,225501856,89300,225591156,0,0,0,18432,41,4754048725
4215,225644251,12737,225656988,0,1,1,24576,19,9282377160
4216,225700035,101660,225801695,0,7,0,33792,26,4672135361
4217,225897172,79148,225976320,0,9,0,15360,46,7957979944
4218,225920117,5971,225926088,0,1,1,14848,19,5950281988
4219,225974379,5061,225979440,0,9,1,9216,46,8787974897
4220,226231890,5712,226237602,0,1,1,14336,19,1088662580
4221,226312044,123032,226435076,0,7,0,103936,26,2526754663
4222,226359465,88052,226447517,0,0,0,14336,41,8923727681
4223,226392021,566,226392587,0,2,1,512,12,1614518251
4224,226409766,112736,226522502,0,9,0,70144,46,5598932570
4225,226437001,12737,226449738,0,2,1,24576,12,9766066862
4226,226475629,6229,226481858,0,9,1,15360,46,517727167
4227,226566255,3387,226569642,0,1,1,9728,19,677138332
4228,226567250,198017,226765267,0,9,0,91648,46,5090976161
4229,226803834,4850,226808684,0,1,1,5120,19,2875740078
4230,226951653,76052,227027705,0,0,0,10240,41,8916987238
4231,226980680,97448,227078128,0,0,0,19968,41,5139531031
4232,227008078,353568,227361646,0,0,0,399872,41,426823073
4233,227028976,20366,227049342,0,2,1,32768,12,8438137244
4234,227043924,88232,227132156,0,7,0,19968,26,9577652354
4235,227108918,351584,227460502,0,0,0,273408,41,10701926750
4236,227206029,3387,227209416,0,1,1,9728,19,3746524468
4237,227451702,5454,227457156,0,1,1,13824,19,10012601633
4238,227648143,131144,227779287,0,9,0,130560,46,9592911882
4239,227690123,149740,227839863,0,9,0,29696,46,5854946236
4240,227839449,4374,227843823,0,1,1,4608,19,5171099086
4241,227854522,566,227855088,0,2,1,512,12,10157831185
4242,228303973,10241,228314214,0,2,1,16384,12,8766704782
4243,228355649,5326,228360975,0,2,1,5632,12,4790481199
4244,228397756,3422,228401178,0,5,1,3584,16,8048636402
4245,228511275,127712,228638987,0,0,0,119296,41,4609526643
4246,228808615,4374,228812989,0,9,1,4608,46,844863388
4247,228990915,122876,229113791,0,7,0,103424,26,2860538168
4248,229019745,163796,229183541,0,7,0,99328,26,5314773841
4249,229023442,45596,229069038,0,9,0,1024,46,8850314599
4250,229444462,4850,229449312,0,9,1,5120,46,7001189167
4251,229449370,126932,229576302,0,7,0,116736,26,4637062810
4252,229488970,1994,229490964,0,9,1,2048,46,604646433
4253,229694772,4374,229699146,0,9,1,4608,46,3978497139
4254,229754435,6278,229760713,0,9,1,6656,46,1557557867
4255,229926279,43904,229970183,0,9,0,512,46,8576223483
4256,229976182,54056,230030238,0,9,0,3584,46,6844984365
4257,229985293,25962,230011255,0,8,1,47104,28,10279271656
4258,230026270,12825,230039095,0,9,1,21504,46,2824768421
4259,230178319,101036,230279355,0,9,0,31744,46,5368313536
4260,230266618,110552,230377170,0,9,0,62976,46,8766048485
4261,230301676,10499,230312175,0,8,1,16896,28,10075378775
4262,230310317,111800,230422117,0,7,0,67072,26,6814311422
4263,230396362,4162,230400524,0,8,1,11264,28,2143779979
4264,230474679,12049,230486728,0,8,1,19968,28,4544917473
4265,230653125,36346,230689471,0,6,1,64000,8,5778111357
4266,230677946,1042,230678988,0,8,1,1024,28,8307766206
4267,230746189,98384,230844573,0,0,0,23040,41,9173668243
4268,230817174,64988,230882162,0,0,0,9216,41,262809203
4269,230851220,99008,230950228,0,0,0,25088,41,7515135216
4270,230957127,62516,231019643,0,0,0,6144,41,4312076098
4271,231132049,5454,231137503,0,9,1,13824,46,1886919916
4272,231188648,99788,231288436,0,7,0,27648,26,8613912301
4273,231230782,566,231231348,0,8,1,512,28,2254195816
4274,231291659,2946,231294605,0,9,1,3072,46,4037056423
4275,231297727,33245,231330972,0,6,1,57856,8,4289430322
4276,231335084,129740,231464824,0,7,0,125952,26,7498374193
4277,231338885,273257,231612142,0,7,0,220160,26,7564473240
4278,231408490,43458,231451948,0,6,1,71168,8,232435206
4279,231420745,269211,231689956,0,7,0,166912,26,4264639336
4280,231423851,2946,231426797,0,9,1,3072,46,3557146338
4281,231482672,3422,231486094,0,4,1,3584,35,8997206955
4282,231541938,1518,231543456,0,4,1,1536,35,6215597260
4283,231549144,14545,231563689,0,9,1,28160,46,6509115707
4284,231607880,280928,231888808,0,9,0,299520,46,9218466475
4285,231615951,2470,231618421,0,8,1,2560,28,3780289433
4286,231733463,566,231734029,0,4,1,512,35,9924245441
4287,231754742,7706,231762448,0,3,1,8192,42,3126419039
4288,231774439,85628,231860067,0,7,0,21504,26,9532012202
4289,231780253,14545,231794798,0,8,1,28160,28,10404995248
4290,231858127,100628,231958755,0,7,0,24064,26,2805398423
4291,231874603,98733,231973336,0,9,0,17920,46,10620904912
4292,231960593,195428,232156021,0,0,0,180224,41,7291752070
4293,231979969,237558,232217527,0,0,0,154112,41,4199732497
4294,232057247,32816,232090063,0,0,1,53760,41,7287787482
4295,232094317,4374,232098691,0,3,1,4608,42,7746293435
4296,232110549,314253,232424802,0,0,0,115712,41,5179931244
4297,232117552,6278,232123830,0,8,1,6656,28,8618855548
4298,232175472,69284,232244756,0,7,0,8192,26,7950280652
4299,232212471,78212,232290683,0,7,0,12288,26,2343661226
4300,232279640,5802,232285442,0,8,1,6144,28,5772281300
4301,232365524,6488,232372012,0,3,1,15872,42,9411462760
4302,232377527,566,232378093,0,7,1,512,26,8593433155
4303,232389673,13341,232403014,0,8,1,22528,28,8388478037
4304,232455855,1518,232457373,0,7,1,1536,26,9585611527
4305,232491858,2470,232494328,0,3,1,2560,42,8228496407
4306,232509243,83624,232592867,0,9,0,19968,46,10221479844
4307,232651971,118820,232770791,0,0,0,90112,41,8042729163
4308,232709286,2870,232712156,0,3,1,8704,42,6399783834
4309,232738270,5326,232743596,0,4,1,5632,35,8626831107
4310,232755346,205249,232960595,0,0,0,161792,41,7870606440
4311,232937634,3422,232941056,0,7,1,3584,26,2926606386
4312,232956824,6278,232963102,0,4,1,6656,35,3103711121
4313,232966426,169148,233135574,0,9,0,144384,46,4244539432
4314,233018162,5802,233023964,0,4,1,6144,35,8558642028
4315,233044556,25962,233070518,0,4,1,47104,35,6417386247
4316,233142869,3387,233146256,0,9,1,9728,46,283575328
4317,233172504,4162,233176666,0,7,1,11264,26,7335162630
4318,233174263,4592,233178855,0,7,1,8704,26,4491861956
4319,233322588,3904,233326492,0,4,1,10752,35,777157812
4320,233360870,1518,233362388,0,9,1,1536,46,3955636278
4321,233418218,10241,233428459,0,4,1,16384,35,1306286583
4322,233501593,128180,233629773,0,9,0,120832,46,8197976003
4323,233554138,1042,233555180,0,7,1,1024,26,10419677686
4324,233596499,15321,233611820,0,7,1,29696,26,572834991
4325,233623632,1518,233625150,0,5,1,1536,16,488301890
4326,233834841,6229,233841070,0,8,1,15360,28,6613154624
4327,233932711,5712,233938423,0,3,1,14336,42,5337621482
4328,233967184,4420,233971604,0,7,1,11776,26,5460095734
4329,233999259,4420,234003679,0,8,1,11776,28,10524799647
4330,234026557,4937,234031494,0,3,1,12800,42,3684367393
4331,234058265,2946,234061211,0,9,1,3072,46,4651551747
4332,234078669,2870,234081539,0,8,1,8704,28,3697083791
4333,234131841,2946,234134787,0,8,1,3072,28,2599184423
4334,234132489,108992,234241481,0,7,0,57856,26,1146122271
4335,234140645,566,234141211,0,3,1,512,42,2408803417
4336,234175343,129582,234304925,0,7,0,11776,26,9418018397
4337,234184440,4850,234189290,0,8,1,5120,28,148276330
4338,234204080,7706,234211786,0,3,1,8192,42,9138915025
4339,234213650,2470,234216120,0,3,1,2560,42,447737534
4340,234325164,3387,234328551,0,7,1,9728,26,3008842778
4341,234374674,2946,234377620,0,8,1,3072,28,7540266034
4342,234512905,119444,234632349,0,7,0,92160,26,5910151190
4343,234526297,25704,234552001,0,8,1,46592,28,5204868585
4344,234541800,23725,234565525,0,3,1,39424,42,4745325557
4345,234542771,100412,234643183,0,9,0,29696,46,847225641
4346,234548715,4679,234553394,0,7,1,12288,26,25132970
4347,234653473,7230,234660703,0,5,1,7680,16,608948561
4348,234663151,118820,234781971,0,0,0,90112,41,9357043022
4349,234679609,2470,234682079,0,8,1,2560,28,10127490034
4350,234787953,2946,234790899,0,8,1,3072,28,2981589579
4351,234844555,107120,234951675,0,9,0,51712,46,5049032799
4352,234869345,13600,234882945,0,3,1,23040,42,7631981573
4353,234923517,3904,234927421,0,9,1,10752,46,7900844051
4354,234987273,108056,235095329,0,7,0,54784,26,5678555593
4355,235036090,143059,235179149,0,7,0,30208,26,3574773630
4356,235108805,156836,235265641,0,9,0,139264,46,5715541167
4357,235178340,7289,235185629,0,7,1,15872,26,4518866159
4358,235226129,297116,235523245,0,9,0,273408,46,7666654877
4359,235264134,3898,235268032,0,7,1,4096,26,7323256247
4360,235290848,240524,235531372,0,9,0,26624,46,9602194489
4361,235312285,44920,235357205,0,6,1,77312,8,7692777902
4362,235328519,282488,235611007,0,0,0,304640,41,3958650305
4363,235347260,92016,235439276,0,6,1,148992,8,3006058264
4364,235456292,33850,235490142,0,6,1,55808,8,4192526265
4365,235484750,98540,235583290,0,7,0,23552,26,6915405273
4366,235500711,566,235501277,0,3,1,512,42,4660802510
4367,235506367,13770,235520137,0,8,1,26624,28,342540035
4368,235507196,115020,235622216,0,6,1,190464,8,10234168171
4369,235540068,11274,235551342,0,7,1,18432,26,9633776595
4370,235540411,12557,235552968,0,7,1,2560,26,10383192332
4371,235562696,3387,235566083,0,7,1,9728,26,10082980384
4372,235566720,33591,235600311,0,5,1,55296,16,7815059903
4373,235640765,97316,235738081,0,9,0,24576,46,6122933342
4374,235758618,6754,235765372,0,3,1,7168,42,9461993321
4375,235826551,4374,235830925,0,5,1,4608,16,514419481
4376,235829945,6278,235836223,0,8,1,6656,28,5264966256
4377,235850330,120380,235970710,0,0,0,95232,41,3737438828
4378,235918901,5326,235924227,0,3,1,5632,42,3400354264
4379,235957697,1518,235959215,0,3,1,1536,42,7494069011
4380,236020694,70976,236091670,0,0,0,8704,41,5875804481
4381,236107764,4162,236111926,0,8,1,11264,28,3850492910
4382,236116060,566,236116626,0,7,1,512,26,9433207476
4383,236272161,4937,236277098,0,3,1,12800,42,1158974181
4384,236366516,12049,236378565,0,3,1,19968,42,7918635385
4385,236382447,3645,236386092,0,6,1,10240,8,2631285674
4386,236439407,175292,236614699,0,9,0,144384,46,9911546434
4387,236467713,98852,236566565,0,7,0,24576,26,5400471198
4388,236581932,4937,236586869,0,7,1,12800,26,10223385125
4389,236602527,6278,236608805,0,8,1,6656,28,466358275
4390,236614172,227755,236841927,0,7,0,124416,26,3606357797
4391,236637999,1994,236639993,0,1,1,2048,19,8201783183
4392,236721008,7230,236728238,0,2,1,7680,12,3828469935
4393,236765929,199796,236965725,0,0,0,194560,41,6558465383
4394,236863030,143855,237006885,0,0,0,80384,41,566977376
4395,236889020,7706,236896726,0,8,1,8192,28,678835138
4396,236913841,4937,236918778,0,8,1,12800,28,8882607971
4397,236983086,40404,237023490,0,0,1,32256,41,1871534454
4398,236991987,104936,237096923,0,9,0,44544,46,6451256986
4399,237048636,128180,237176816,0,7,0,120832,26,383329530
4400,237086151,7706,237093857,0,7,1,8192,26,2476499597
4401,237133218,7230,237140448,0,2,1,7680,12,1094086019
4402,237138497,3645,237142142,0,0,1,10240,41,1850583860
4403,237267917,51452,237319369,0,9,0,5120,46,8853281879
4404,237354461,203540,237558001,0,9,0,206848,46,6643733733
4405,237403363,42424,237445787,0,0,1,69120,41,2341953385
4406,237485952,5196,237491148,0,7,1,13312,26,4186457990
4407,237715539,110864,237826403,0,7,0,64000,26,9001138740
4408,237727205,2470,237729675,0,8,1,2560,28,8436721889
4409,237800428,25990,237826418,0,7,1,25600,26,2040056476
4410,237979791,125840,238105631,0,9,0,113152,46,4936828600
4411,238010227,6278,238016505,0,1,1,6656,19,4373510754
4412,238021624,6754,238028378,0,8,1,7168,28,1334359210
4413,238029731,6278,238036009,0,0,1,6656,41,5387132774
4414,238322384,199796,238522180,0,7,0,194560,26,10324874594
4415,238419078,5971,238425049,0,1,1,14848,19,4100001184
4416,238470975,3645,238474620,0,0,1,10240,41,3356357926
4417,238473736,182761,238656497,0,7,0,50176,26,4426548396
4418,238515687,242773,238758460,0,7,0,213504,26,7416878057
4419,238579485,2870,238582355,0,0,1,8704,41,9585281594
4420,238647163,566,238647729,0,8,1,512,28,1337140029
4421,238689233,69242,238758475,0,7,1,12800,26,2220663957
4422,238701649,68867,238770516,0,7,1,19968,26,3327430869
4423,238714763,2946,238717709,0,8,1,3072,28,7953377658
4424,238757989,13253,238771242,0,1,1,25600,19,1288563266
4425,238837733,2470,238840203,0,8,1,2560,28,10501907199
4426,238857047,3898,238860945,0,8,1,4096,28,103879825
4427,238942527,73004,239015531,0,7,0,15360,26,3226769038
4428,239152863,16096,239168959,0,8,1,31232,28,4205190835
4429,239196182,66524,239262706,0,7,0,9216,26,8523794126
4430,239197058,6754,239203812,0,7,1,7168,26,7093131881
4431,239220164,79280,239299444,0,7,0,7680,26,4605559321
4432,239243194,2946,239246140,0,0,1,3072,41,2447876324
4433,239296375,5971,239302346,0,7,1,14848,26,10308675536
4434,239328228,6229,239334457,0,7,1,15360,26,422627927
4435,239390230,12737,239402967,0,0,1,24576,41,988821291
4436,239401543,156992,239558535,0,0,0,90624,41,10709227059
4437,239488318,566,239488884,0,1,1,512,19,1668120485
4438,239496142,1042,239497184,0,8,1,1024,28,4401403926
4439,239645475,7706,239653181,0,0,1,8192,41,8827264059
4440,239772904,7706,239780610,0,1,1,8192,19,4490748854
4441,239826785,6754,239833539,0,1,1,7168,19,6645233392
4442,239863683,7706,239871389,0,8,1,8192,28,2548582989
4443,239928734,16613,239945347,0,8,1,32256,28,5573827577
4444,239935454,10499,239945953,0,1,1,16896,19,660873758
4445,239950552,5326,239955878,0,1,1,5632,19,7319264465
4446,240083593,7706,240091299,0,1,1,8192,19,2711204325
4447,240147717,153296,240301013,0,9,0,137728,46,7639158304
4448,240195151,43904,240239055,0,0,0,512,41,3138890459
4449,240222770,10241,240233011,0,1,1,16384,19,259166503
4450,240256913,128336,240385249,0,0,0,121344,41,10304178653
4451,240258342,7230,240265572,0,1,1,7680,19,6337486185
4452,240258870,5196,240264066,0,2,1,13312,12,4095427734
4453,240294882,218243,240513125,0,9,0,235008,46,4973645403
4454,240358789,261152,240619941,0,7,0,274944,26,133311272
4455,240382295,4850,240387145,0,8,1,5120,28,1634412477
4456,240472247,7706,240479953,0,1,1,8192,19,3405819947
4457,240491584,217273,240708857,0,9,0,181248,46,9963188983
4458,240587229,566,240587795,0,4,1,512,35,10013161514
4459,240628026,5454,240633480,0,1,1,13824,19,107680883
4460,240682220,108056,240790276,0,0,0,54784,41,10479031887
4461,240742570,4850,240747420,0,7,1,5120,26,7048036965
4462,240770221,11533,240781754,0,2,1,18944,12,1350773540
4463,240848722,118976,240967698,0,0,0,90624,41,4522623631
4464,240878185,192932,241071117,0,9,0,172032,46,7293093761
4465,240897001,3387,240900388,0,2,1,9728,12,4524247479
4466,240910548,4374,240914922,0,2,1,4608,12,100593134
4467,240985365,3898,240989263,0,7,1,4096,26,1148967603
4468,241040308,4420,241044728,0,8,1,11776,28,7540237013
4469,241077461,7230,241084691,0,1,1,7680,19,8986207132
4470,241345147,11791,241356938,0,1,1,19456,19,10385758658
4471,241420946,14545,241435491,0,1,1,28160,19,5532660960
4472,241434461,151916,241586377,0,9,0,138240,46,6930882043
4473,241435731,3898,241439629,0,2,1,4096,12,91598313
4474,241461242,12995,241474237,0,1,1,25088,19,10384763077
4475,241720682,193556,241914238,0,0,0,174080,41,6472584441
4476,241901919,16354,241918273,0,2,1,31744,12,757086033
4477,241973662,6278,241979940,0,9,1,6656,46,4913561547
4478,241986424,4850,241991274,0,7,1,5120,26,3092375101
4479,242099196,4374,242103570,0,9,1,4608,46,7703548443
4480,242103243,6488,242109731,0,7,1,15872,26,7528165743
4481,242214107,114688,242328795,0,9,0,37888,46,6295045943
4482,242462543,5326,242467869,0,9,1,5632,46,9717526813
4483,242546781,11533,242558314,0,2,1,18944,12,5543575470
4484,242622856,3422,242626278,0,1,1,3584,19,3718629251
4485,242700055,22174,242722229,0,9,1,36352,46,9328898071
4486,242758246,3422,242761668,0,2,1,3584,12,3286480670
4487,242768145,5802,242773947,0,3,1,6144,42,10492743580
4488,242774374,1518,242775892,0,1,1,1536,19,9175184576
4489,242804313,4850,242809163,0,3,1,5120,42,7142345276
4490,242868780,7706,242876486,0,7,1,8192,26,417259082
4491,242929089,76208,243005297,0,0,0,10752,41,6797774089
4492,242951924,566,242952490,0,1,1,512,19,10568211985
4493,242966123,6754,242972877,0,7,1,7168,26,60127162
4494,243012045,2470,243014515,0,2,1,2560,12,1248038765
4495,243162821,4679,243167500,0,2,1,12288,12,2656466670
4496,243215161,566,243215727,0,1,1,512,19,1317252832
4497,243240645,2870,243243515,0,1,1,8704,19,6749072959
4498,243296749,4374,243301123,0,2,1,4608,12,290351665
4499,243304812,88700,243393512,0,0,0,21504,41,5738841380
4500,243334358,161352,243495710,0,0,0,123904,41,1352734810
4501,243435034,6754,243441788,0,9,1,7168,46,728519717
4502,243605096,3904,243609000,0,7,1,10752,26,2912240549
4503,243670894,3387,243674281,0,4,1,9728,35,6612873106
4504,243773685,199328,243973013,0,0,0,193024,41,4584467651
4505,243920974,81620,244002594,0,9,0,18432,46,9150709006
4506,244217160,21399,244238559,0,9,1,34816,46,5268032667
4507,244281867,566,244282433,0,2,1,512,12,5815137168
4508,244342602,4162,244346764,0,2,1,11264,12,6623966
4509,244355766,22862,244378628,0,6,1,40960,8,4952937880
4510,244397570,101504,244499074,0,9,0,33280,46,2484164491
4511,244497258,1042,244498300,0,2,1,1024,12,2294092642
4512,244525982,1042,244527024,0,2,1,1024,12,2867203574
4513,244528214,64742,244592956,0,6,1,105984,8,2060021678
4514,244540752,12825,244553577,0,9,1,21504,46,5172962154
4515,244594865,3904,244598769,0,7,1,10752,26,3136364938
4516,244596115,6488,244602603,0,4,1,15872,35,10001883860
4517,244599706,4850,244604556,0,8,1,5120,28,1270072149
4518,244652080,6754,244658834,0,4,1,7168,35,3674308379
4519,244678749,3387,244682136,0,2,1,9728,12,9012851893
4520,244679874,2470,244682344,0,9,1,2560,46,6497789802
4521,244701496,4850,244706346,0,2,1,5120,12,4387957896
4522,244754873,5712,244760585,0,2,1,14336,12,1676122287
4523,244755420,51774,244807194,0,6,1,83968,8,9673552266
4524,244791104,1994,244793098,0,8,1,2048,28,7502571441
4525,244798649,125920,244924569,0,6,1,208384,8,5698985528
4526,244801888,3128,244805016,0,8,1,9216,28,9719459435
4527,244828407,193400,245021807,0,9,0,173568,46,3240929876
4528,244875059,2870,244877929,0,1,1,8704,19,4996542381
4529,244959161,3898,244963059,0,8,1,4096,28,10024075104
4530,244965204,5802,244971006,0,2,1,6144,12,8930915192
4531,244971524,4679,244976203,0,7,1,12288,26,6551071718
4532,245064757,195584,245260341,0,0,0,180736,41,6194108383
4533,245115453,5712,245121165,0,4,1,14336,35,6399863394
4534,245165586,1042,245166628,0,9,1,1024,46,8286237736
4535,245235075,160416,245395491,0,9,0,114176,46,7663803092
4536,245281857,16613,245298470,0,7,1,32256,26,1986732484
4537,245317445,62540,245379985,0,0,0,11264,41,3354337428
4538,245414467,1518,245415985,0,1,1,1536,19,9281291477
4539,245461835,21399,245483234,0,7,1,34816,26,9051303552
4540,245473532,4679,245478211,0,2,1,12288,12,5571877207
4541,245479326,72668,245551994,0,0,0,9216,41,9315814332
4542,245488557,4937,245493494,0,1,1,12800,19,9254786855
4543,245625551,119756,245745307,0,0,0,93184,41,2214936592
4544,245687655,5454,245693109,0,2,1,13824,12,3097731481
4545,245721954,1042,245722996,0,9,1,1024,46,5017266817
4546,245772403,3898,245776301,0,4,1,4096,35,2678003121
4547,245838422,2870,245841292,0,9,1,8704,46,336405472
4548,246066884,23637,246090521,0,7,1,42496,26,3937326558
4549,246103821,566,246104387,0,1,1,512,19,3062545792
4550,246342889,194960,246537849,0,0,0,178688,41,3796936181
4551,246366744,83624,246450368,0,9,0,19968,46,7371764998
4552,246371601,300930,246672531,0,0,0,231424,41,6241524376
4553,246389786,6278,246396064,0,7,1,6656,26,5970212632
4554,246559752,3898,246563650,0,7,1,4096,26,3281870460
4555,246589689,5454,246595143,0,9,1,13824,46,5986668691
4556,246691750,1518,246693268,0,9,1,1536,46,7654481623
4557,246748338,5712,246754050,0,7,1,14336,26,6573058268
4558,246794226,5971,246800197,0,1,1,14848,19,3133879638
4559,246899602,22950,246922552,0,7,1,37888,26,5826769915
4560,246950091,76052,247026143,0,0,0,10240,41,6772155389
4561,246960870,148220,247109090,0,9,0,136192,46,9219381041
4562,247020483,4679,247025162,0,1,1,12288,19,3233888306
4563,247083808,4374,247088182,0,7,1,4608,26,6709442796
4564,247125968,14287,247140255,0,7,1,27648,26,10441486608
4565,247210048,5802,247215850,0,1,1,6144,19,8417045857
4566,247306718,4374,247311092,0,4,1,4608,35,8710543285
4567,247349931,187316,247537247,0,0,0,153600,41,5795574519
4568,247409612,10757,247420369,0,1,1,17408,19,3795355294
4569,247491337,5196,247496533,0,1,1,13312,19,5008913363
4570,247619472,4679,247624151,0,1,1,12288,19,5369911280
4571,247619771,89792,247709563,0,0,0,25088,41,6367000643
4572,247647353,7706,247655059,0,9,1,8192,46,5973135692
4573,247654989,21916,247676905,0,9,1,35840,46,10598230986
4574,247798655,10499,247809154,0,9,1,16896,46,740232704
4575,247869910,99164,247969074,0,0,0,25600,41,3478203102
4576,247872183,54056,247926239,0,0,0,3584,41,3642210675
4577,247937582,566,247938148,0,9,1,512,46,7429595097
4578,248124386,117884,248242270,0,9,0,87040,46,10279127408
4579,248200012,4374,248204386,0,4,1,4608,35,5839470001
4580,248230060,14196,248244256,0,9,1,2048,46,1725525166
4581,248296078,12308,248308386,0,4,1,20480,35,159100636
4582,248325774,2946,248328720,0,3,1,3072,42,8412516110
4583,248425973,123188,248549161,0,2,0,104448,12,1953491413
4584,248524773,3898,248528671,0,1,1,4096,19,1831165108
4585,248559536,7230,248566766,0,3,1,7680,42,2533145582
4586,248575143,120380,248695523,0,0,0,95232,41,1677684098
4587,248600103,126308,248726411,0,9,0,114688,46,3972984887
4588,248632141,106747,248738888,0,9,0,512,46,1516723302
4589,248634527,104190,248738717,0,9,0,12800,46,5243747183
4590,248641419,3387,248644806,0,9,1,9728,46,8417867864
4591,248644722,14287,248659009,0,6,1,27648,8,9397429856
4592,248647237,12049,248659286,0,4,1,19968,35,5863183390
4593,248660632,1518,248662150,0,4,1,1536,35,5823393457
4594,248841029,4162,248845191,0,9,1,11264,46,9404859739
4595,248854822,566,248855388,0,7,1,512,26,3111723204
4596,248869340,6278,248875618,0,3,1,6656,42,4718212290
4597,248883436,7706,248891142,0,1,1,8192,19,8830051579
4598,248918526,3645,248922171,0,1,1,10240,19,7932474192
4599,248935751,2870,248938621,0,3,1,8704,42,3092501587
4600,248977907,10241,248988148,0,4,1,16384,35,10476801670
4601,249067220,13083,249080303,0,4,1,22016,35,6784809959
4602,249217511,104312,249321823,0,9,0,42496,46,1369682666
4603,249377424,7706,249385130,0,2,1,8192,12,1035501344
4604,249436144,3898,249440042,0,2,1,4096,12,8312265271
4605,249548337,4374,249552711,0,4,1,4608,35,4381650556
4606,249663987,2870,249666857,0,7,1,8704,26,6073195752
4607,249678084,15321,249693405,0,7,1,29696,26,8542755285
4608,249714075,5196,249719271,0,2,1,13312,12,10114365341
4609,249738514,10757,249749271,0,4,1,17408,35,6350048930
4610,249854153,126932,249981085,0,9,0,116736,46,9234910900
4611,249862961,3898,249866859,0,3,1,4096,42,10734614267
4612,249892294,45596,249937890,0,0,0,1024,41,7671033047
4613,250069201,3898,250073099,0,4,1,4096,35,3403632057
4614,250090705,3898,250094603,0,3,1,4096,42,3889239354
4615,250129890,1518,250131408,0,3,1,1536,42,2808207459
4616,250187488,5802,250193290,0,4,1,6144,35,9151428585
4617,250223141,6278,250229419,0,4,1,6656,35,4848860831
4618,250283552,6229,250289781,0,9,1,15360,46,713089673
4619,250334584,1994,250336578,0,9,1,2048,46,1092465148
4620,250437665,3645,250441310,0,4,1,10240,35,4350008011
4621,250470019,4162,250474181,0,2,1,11264,12,6463578496
4622,250567628,566,250568194,0,7,1,512,26,3257310729
4623,250586283,1994,250588277,0,4,1,2048,35,7896101659
4624,250637849,55748,250693597,0,0,0,4096,41,755271
4625,250677597,10499,250688096,0,2,1,16896,12,7800199560
4626,250767753,75764,250843517,0,9,0,14336,46,4816089269
4627,250832713,4420,250837133,0,4,1,11776,35,5062485118
4628,250891353,50672,250942025,0,0,0,2560,41,10624369826
4629,250959998,108368,251068366,0,9,0,55808,46,1702456306
4630,251112991,1994,251114985,0,3,1,2048,42,6401832327
4631,251206008,12308,251218316,0,7,1,20480,26,6115968077
4632,251236400,23466,251259866,0,4,1,38912,35,2862120092
4633,251242262,4937,251247199,0,9,1,12800,46,4300082654
4634,251254726,6488,251261214,0,3,1,15872,42,594809065
4635,251257289,119414,251376703,0,9,0,21504,46,1063748977
4636,251259136,15279,251274415,0,3,1,28672,42,287544341
4637,251269492,12049,251281541,0,3,1,19968,42,7271070940
4638,251357137,22950,251380087,0,4,1,37888,35,4284802793
4639,251440279,2470,251442749,0,9,1,2560,46,8610054605
4640,251451496,43904,251495400,0,0,0,512,41,2715117101
4641,251485333,10241,251495574,0,8,1,16384,28,5294861731
4642,251515143,16096,251531239,0,3,1,31232,42,9032871606
4643,251566305,22174,251588479,0,3,1,36352,42,1567047271
4644,251659033,3898,251662931,0,9,1,4096,46,1257690896
4645,251820454,24670,251845124,0,8,1,44544,28,6436317607
4646,251837350,4374,251841724,0,9,1,4608,46,8278559975
4647,251918499,2946,251921445,0,9,1,3072,46,4807929801
4648,251958713,15062,251973775,0,7,1,29184,26,2892743474
4649,252058651,4937,252063588,0,3,1,12800,42,3800747334
4650,252135549,6754,252142303,0,9,1,7168,46,8337338971
4651,252192715,62672,252255387,0,0,0,6656,41,1962380415
4652,252206087,190615,252396702,0,9,0,155136,46,292541826
4653,252253710,5573,252259283,0,0,1,10752,41,5957590293
4654,252293556,43904,252337460,0,0,0,512,41,3505161166
4655,252310816,47444,252358260,0,0,0,2048,41,7164868730
4656,252375084,11016,252386100,0,7,1,17920,26,5221775809
4657,252435134,48980,252484114,0,0,0,2048,41,367478244
4658,252522024,20624,252542648,0,7,1,33280,26,9856344026
4659,252528624,278120,252806744,0,9,0,290304,46,553545659
4660,252654202,3904,252658106,0,7,1,10752,26,2632529093
4661,252999713,566,253000279,0,2,1,512,12,203719614
4662,253041760,191840,253233600,0,9,0,168448,46,4475315075
4663,253182305,73720,253256025,0,9,1,36864,46,2309552093
4664,253193149,10241,253203390,0,3,1,16384,42,7609085919
4665,253453287,3387,253456674,0,3,1,9728,42,5831761093
4666,253480199,10499,253490698,0,9,1,16896,46,4720466499
4667,253552326,7706,253560032,0,7,1,8192,26,1316114733
4668,253617237,7706,253624943,0,3,1,8192,42,5575521034
4669,253729168,11016,253740184,0,2,1,17920,12,3737136954
4670,253826809,2946,253829755,0,2,1,3072,12,8344143276
4671,253845097,2470,253847567,0,9,1,2560,46,9562785353
4672,253882810,21916,253904726,0,6,1,35840,8,7028357543
4673,253882881,3387,253886268,0,2,1,9728,12,1568983100
4674,254014985,2470,254017455,0,9,1,2560,46,6251658710
4675,254097882,1994,254099876,0,3,1,2048,42,5345693617
4676,254119950,12995,254132945,0,2,1,25088,12,2274307331
4677,254134712,3128,254137840,0,2,1,9216,12,3634299635
4678,254309082,4374,254313456,0,9,1,4608,46,4778141750
4679,254356524,2946,254359470,0,2,1,3072,12,10396177243
4680,254445935,566,254446501,0,3,1,512,42,1438169212
4681,254464001,1042,254465043,0,3,1,1024,42,4088885721
4682,254528001,25962,254553963,0,7,1,47104,26,772429947
4683,254760800,7706,254768506,0,2,1,8192,12,46518673
4684,254813044,566,254813610,0,3,1,512,42,2401389963
4685,254901959,3128,254905087,0,3,1,9216,42,6209259624
4686,254919853,1042,254920895,0,3,1,1024,42,4688132406
4687,254920278,3645,254923923,0,2,1,10240,12,6595692708
4688,254960339,4374,254964713,0,7,1,4608,26,6093768133
4689,254961902,5326,254967228,0,2,1,5632,12,7641782010
4690,255025793,207440,255233233,0,9,0,219648,46,762758495
4691,255045591,3128,255048719,0,7,1,9216,26,3409961957
4692,255204020,3128,255207148,0,2,1,9216,12,5795690078
4693,255291471,109616,255401087,0,9,0,59904,46,86612592
4694,255363193,2470,255365663,0,7,1,2560,26,5470500805
4695,255429435,43904,255473339,0,1,0,512,19,4141542304
4696,255608810,7230,255616040,0,7,1,7680,26,8976494697
4697,255913786,6754,255920540,0,3,1,7168,42,7417766243
4698,256060253,5712,256065965,0,7,1,14336,26,8885593469
4699,256148079,3422,256151501,0,3,1,3584,42,8177910083
4700,256179837,4162,256183999,0,3,1,11264,42,8973714815
4701,256254511,11016,256265527,0,7,1,17920,26,9986420370
4702,256392296,1042,256393338,0,7,1,1024,26,536922121
4703,256512618,1518,256514136,0,7,1,1536,26,7838190179
4704,256687493,108992,256796485,0,9,0,57856,46,6267204966
4705,256741680,45596,256787276,0,0,0,1024,41,8044188430
4706,256811113,4374,256815487,0,7,1,4608,26,10002884268
4707,256841406,12566,256853972,0,2,1,20992,12,4392422337
4708,256998557,4374,257002931,0,7,1,4608,26,5096648698
4709,257029015,3128,257032143,0,3,1,9216,42,5805213450
4710,257119360,3898,257123258,0,7,1,4096,26,4232847120
4711,257259577,6229,257265806,0,1,1,15360,19,8845601646
4712,257426007,3898,257429905,0,7,1,4096,26,4468598605
4713,257451240,1518,257452758,0,1,1,1536,19,3108328120
4714,257509832,2946,257512778,0,3,1,3072,42,7359168781
4715,257577871,3422,257581293,0,7,1,3584,26,5200871191
4716,257594943,12737,257607680,0,7,1,24576,26,8621634009
4717,257650465,1518,257651983,0,1,1,1536,19,2943274861
4718,257692941,2870,257695811,0,3,1,8704,42,1836428635
4719,257728304,233924,257962228,0,9,0,266240,46,1886362667
4720,257901702,10757,257912459,0,7,1,17408,26,3858424429
4721,257952331,3422,257955753,0,3,1,3584,42,5330757656
4722,258030692,4374,258035066,0,3,1,4608,42,8961038379
4723,258091941,35571,258127512,0,1,1,62464,19,5340317910
4724,258121179,9879,258131058,0,1,1,5632,19,2067152971
4725,258237794,186872,258424666,0,9,0,157184,46,3784071883
4726,258439102,5326,258444428,0,7,1,5632,26,2428810361
4727,258511152,3422,258514574,0,7,1,3584,26,2601140314
4728,258547131,2946,258550077,0,3,1,3072,42,4589548605
4729,258551926,13083,258565009,0,3,1,22016,42,502254075
4730,258613353,1042,258614395,0,1,1,1024,19,9524883269
4731,258726194,21141,258747335,0,7,1,34304,26,9565730312
4732,258756836,217268,258974104,0,9,0,251904,46,4850624660
4733,258783881,1994,258785875,0,1,1,2048,19,3603475313
4734,258902992,5196,258908188,0,3,1,13312,42,229276368
4735,259036614,3422,259040036,0,3,1,3584,42,599261239
4736,259106914,45596,259152510,0,0,0,1024,41,9804706014
4737,259223683,1994,259225677,0,3,1,2048,42,10074305865
4738,259256892,7706,259264598,0,4,1,8192,35,4972000312
4739,259462038,13770,259475808,0,1,1,26624,19,6064087381
4740,259676953,1994,259678947,0,3,1,2048,42,438520724
4741,259774561,2470,259777031,0,3,1,2560,42,4343587227
4742,259794249,50672,259844921,0,0,0,2560,41,3122787692
4743,259878395,6278,259884673,0,4,1,6656,35,10446139551
4744,259902018,105716,260007734,0,9,0,47104,46,107501037
4745,259925621,229365,260154986,0,9,0,185344,46,10274308746
4746,259962509,47288,260009797,0,0,0,1536,41,7285116501
4747,259985007,1518,259986525,0,3,1,1536,42,5929788334
4748,260122463,47288,260169751,0,0,0,1536,41,7101094567
4749,260297931,47288,260345219,0,0,0,1536,41,4104898866
4750,260367347,2470,260369817,0,8,1,2560,28,5097740973
4751,260516695,1042,260517737,0,3,1,1024,42,7761639123
4752,260764979,23208,260788187,0,4,1,38400,35,10463353864
4753,260849852,216176,261066028,0,9,0,248320,46,6047376127
4754,260931533,47288,260978821,0,0,0,1536,41,3085158985
4755,261480895,14545,261495440,0,1,1,28160,19,8182660936
4756,261565680,16613,261582293,0,4,1,32256,35,6606366689
4757,261602734,3422,261606156,0,4,1,3584,35,10673858834
4758,261616058,566,261616624,0,3,1,512,42,2641077689
4759,261663626,7230,261670856,0,3,1,7680,42,10331467379
4760,261892398,1518,261893916,0,4,1,1536,35,7144117071
4761,261894609,107900,262002509,0,9,0,54272,46,665701294
4762,261980338,43904,262024242,0,0,0,512,41,1934251344
4763,262039785,45596,262085381,0,9,0,1024,46,3183356648
4764,262063179,2946,262066125,0,6,1,3072,8,712098477
4765,262159441,64137,262223578,0,6,1,108032,8,5271001406
4766,262228031,5326,262233357,0,4,1,5632,35,2718008583
4767,262483203,43200,262526403,0,6,1,70656,8,8150173227
4768,262522713,10757,262533470,0,4,1,17408,35,6519903459
4769,262573147,2470,262575617,0,3,1,2560,42,2358809152
4770,262778339,4420,262782759,0,3,1,11776,42,8480422166
4771,262857494,52033,262909527,0,6,1,84480,8,2080380085
4772,262866999,11016,262878015,0,4,1,17920,35,8969994597
4773,262897940,45596,262943536,0,0,0,1024,41,5604438366
4774,262959332,20624,262979956,0,7,1,33280,26,4862932920
4775,263111847,14287,263126134,0,4,1,27648,35,4003253585
4776,263142899,7706,263150605,0,3,1,8192,42,9842627020
4777,263187665,43904,263231569,0,0,0,512,41,5232232036
4778,263193510,2946,263196456,0,3,1,3072,42,6608562838
4779,263348294,4420,263352714,0,3,1,11776,42,6035477471
4780,263350957,4850,263355807,0,7,1,5120,26,10047131713
4781,263425186,7230,263432416,0,7,1,7680,26,5191861854
4782,263569498,1042,263570540,0,4,1,1024,35,10315568209
4783,263698667,4679,263703346,0,7,1,12288,26,2868296330
4784,263748586,4679,263753265,0,5,1,12288,16,8226526075
4785,263912113,1518,263913631,0,1,1,1536,19,4177837647
4786,264068203,1518,264069721,0,1,1,1536,19,883600927
4787,264162008,12825,264174833,0,5,1,21504,16,2837612356
4788,264175364,6278,264181642,0,5,1,6656,16,7903267687
4789,264413996,32816,264446812,0,4,1,53760,35,9200629315
4790,264446158,6278,264452436,0,1,1,6656,19,9478803707
4791,264524572,43904,264568476,0,0,0,512,41,6405733301
4792,264572974,5971,264578945,0,4,1,14848,35,1953989482
4793,264595838,3128,264598966,0,4,1,9216,35,10219377938
4794,264652632,1994,264654626,0,7,1,2048,26,10352814790
4795,264706009,43904,264749913,0,0,0,512,41,8949714101
4796,264771000,5196,264776196,0,1,1,13312,19,5890515317
4797,264995708,5196,265000904,0,5,1,13312,16,1449387522
4798,265026186,45596,265071782,0,0,0,1024,41,192352867
4799,265043516,1518,265045034,0,4,1,1536,35,6910130498
4800,265056230,6488,265062718,0,7,1,15872,26,2226204411
4801,265097679,3898,265101577,0,3,1,4096,42,9470831217
4802,265264382,5326,265269708,0,5,1,5632,16,10506233126
4803,265270992,15579,265286571,0,1,1,30208,19,6925311229
4804,265289967,16613,265306580,0,4,1,32256,35,4914935309
4805,265300464,5326,265305790,0,7,1,5632,26,7909881792
4806,265349289,1994,265351283,0,4,1,2048,35,8102899209
4807,265525039,16096,265541135,0,1,1,31232,19,9116447010
4808,265614064,5196,265619260,0,4,1,13312,35,2962908363
4809,265629213,24154,265653367,0,1,1,43520,19,8666904966
4810,265667434,12825,265680259,0,1,1,21504,19,3339479468
4811,265690726,2870,265693596,0,5,1,8704,16,2800842677
4812,265741777,2870,265744647,0,1,1,8704,19,1116535578
4813,265792328,52364,265844692,0,0,0,3072,41,4445308113
4814,265859021,4420,265863441,0,1,1,11776,19,1891807262
4815,265907443,59132,265966575,0,0,0,5120,41,9000128450
4816,265937032,3898,265940930,0,5,1,4096,16,10372350045
4817,265952294,2470,265954764,0,5,1,2560,16,3069567615
4818,266047500,45596,266093096,0,0,0,1024,41,8191540374
4819,266078338,6229,266084567,0,3,1,15360,42,3835362743
4820,266129143,4374,266133517,0,1,1,4608,19,1466618290
4821,266239787,7706,266247493,0,4,1,8192,35,5709201408
4822,266274625,7706,266282331,0,4,1,8192,35,10611098126
4823,266309546,12308,266321854,0,3,1,20480,42,4499259239
4824,266329255,4374,266333629,0,9,1,4608,46,10514107604
4825,266539482,1042,266540524,0,0,1,1024,41,6193604158
4826,266584885,11274,266596159,0,4,1,18432,35,8398676197
4827,266685005,2946,266687951,0,4,1,3072,35,5618914109
4828,266782304,6278,266788582,0,3,1,6656,42,778548448
4829,266799246,5326,266804572,0,2,1,5632,12,8050235600
4830,266801735,2946,266804681,0,4,1,3072,35,8756631425
4831,266954517,2870,266957387,0,2,1,8704,12,4217685842
4832,267014071,2470,267016541,0,3,1,2560,42,4044971483
4833,267073445,3422,267076867,0,4,1,3584,35,2597370873
4834,267160165,4850,267165015,0,2,1,5120,12,7698706334
4835,267455151,2946,267458097,0,3,1,3072,42,3835339992
4836,267463611,4850,267468461,0,5,1,5120,16,5084139222
4837,267489158,5326,267494484,0,3,1,5632,42,3500949896
4838,267489993,13083,267503076,0,5,1,22016,16,8415492049
4839,267538996,43904,267582900,0,0,0,512,41,7170805175
4840,267599442,5196,267604638,0,3,1,13312,42,5485970707
4841,267603285,3299,267606584,0,3,1,3072,42,6478000084
4842,267703974,4679,267708653,0,4,1,12288,35,4571085491
4843,267745514,15321,267760835,0,4,1,29696,35,9295721884
4844,267874694,2946,267877640,0,4,1,3072,35,6670382697
4845,267975577,4374,267979951,0,5,1,4608,16,8818817100
4846,268075638,25446,268101084,0,8,1,46080,28,1065298721
4847,268101268,47288,268148556,0,0,0,1536,41,273978710
4848,268107500,1994,268109494,0,8,1,2048,28,8538828468
4849,268149314,3422,268152736,0,2,1,3584,12,3105715348
4850,268150340,50672,268201012,0,0,0,2560,41,7727470893
4851,268177810,5326,268183136,0,8,1,5632,28,10066842225
4852,268184812,6754,268191566,0,8,1,7168,28,10105683770
4853,268242328,47288,268289616,0,0,0,1536,41,7601854072
4854,268250521,23725,268274246,0,8,1,39424,28,4285659052
4855,268271625,11791,268283416,0,5,1,19456,16,2697257076
4856,268287215,5196,268292411,0,3,1,13312,42,6845123635
4857,268331636,6754,268338390,0,8,1,7168,28,2046492982
4858,268366193,3645,268369838,0,1,1,10240,19,5944647074
4859,268377065,1042,268378107,0,1,1,1024,19,392215620
4860,268382791,5326,268388117,0,2,1,5632,12,2108981050
4861,268481023,3387,268484410,0,4,1,9728,35,9319406467
4862,268505329,3645,268508974,0,1,1,10240,19,4654593037
4863,268506661,3128,268509789,0,3,1,9216,42,6291376326
4864,268524974,3422,268528396,0,5,1,3584,16,1187965223
4865,268533359,566,268533925,0,1,1,512,19,8639498461
4866,268562737,7706,268570443,0,8,1,8192,28,8332417463
4867,268570634,23378,268594012,0,3,1,41984,42,7354644552
4868,268595179,3898,268599077,0,3,1,4096,42,10719576957
4869,268621677,6754,268628431,0,3,1,7168,42,9826741898
4870,268636634,6229,268642863,0,3,1,15360,42,6370242462
4871,268709486,5326,268714812,0,4,1,5632,35,6744049664
4872,268722514,50672,268773186,0,0,0,2560,41,5986793713
4873,268757878,1518,268759396,0,2,1,1536,12,29368507
4874,268782641,13600,268796241,0,5,1,23040,16,4150261904
4875,268833969,22950,268856919,0,5,1,37888,16,2962527019
4876,268919267,7706,268926973,0,5,1,8192,16,3781271254
4877,268955495,7230,268962725,0,2,1,7680,12,2203807397
4878,269144306,13770,269158076,0,1,1,26624,19,1539782398
4879,269365173,1994,269367167,0,8,1,2048,28,598428982
4880,269377831,3898,269381729,0,3,1,4096,42,629155008
4881,269395352,48980,269444332,0,0,0,2048,41,1986349962
4882,269445955,4850,269450805,0,8,1,5120,28,9342524992
4883,269514066,6488,269520554,0,3,1,15872,42,10639336400
4884,269567603,4420,269572023,0,1,1,11776,19,509942359
4885,269568098,1042,269569140,0,8,1,1024,28,6071678874
4886,269569612,3077,269572689,0,1,1,1024,19,1030598219
4887,269577833,2870,269580703,0,3,1,8704,42,6817642536
4888,269624499,4937,269629436,0,2,1,12800,12,7499922725
4889,269637542,5196,269642738,0,2,1,13312,12,2896132144
4890,269717532,3128,269720660,0,3,1,9216,42,7446239770
4891,269773969,50672,269824641,0,0,0,2560,41,6098634953
4892,269775162,3422,269778584,0,2,1,3584,12,7314062490
4893,269788861,6229,269795090,0,2,1,15360,12,1510218794
4894,269791235,8633,269799868,0,2,1,6656,12,7468273601
4895,269816577,5326,269821903,0,3,1,5632,42,7497298526
4896,269870522,4374,269874896,0,8,1,4608,28,1034088159
4897,269877828,12566,269890394,0,1,1,20992,19,3078219967
4898,269931593,3387,269934980,0,5,1,9728,16,455970805
4899,269987504,4937,269992441,0,8,1,12800,28,6810091082
4900,269989982,566,269990548,0,5,1,512,16,4936015965
4901,269996616,48980,270045596,0,0,0,2048,41,3265921329
4902,270001419,3128,270004547,0,8,1,9216,28,7533540563
4903,270086640,3898,270090538,0,2,1,4096,12,6041207955
4904,270108557,5326,270113883,0,2,1,5632,12,8902561573
4905,270213072,2870,270215942,0,8,1,8704,28,6456846790
4906,270289536,3387,270292923,0,8,1,9728,28,2145332552
4907,270349279,1994,270351273,0,5,1,2048,16,835778141
4908,270400749,566,270401315,0,2,1,512,12,6011908289
4909,270414082,6754,270420836,0,3,1,7168,42,8260263378
4910,270431303,6754,270438057,0,3,1,7168,42,6535277588
4911,270433229,11533,270444762,0,5,1,18944,16,6982654869
4912,270435492,11536,270447028,0,5,1,3584,16,8664654138
4913,270496255,3387,270499642,0,3,1,9728,42,10665136400
4914,270581914,5802,270587716,0,2,1,6144,12,6849802402
4915,270603194,4850,270608044,0,2,1,5120,12,3267995637
4916,270629246,1042,270630288,0,2,1,1024,12,5390806028
4917,270684190,43904,270728094,0,0,0,512,41,4430136831
4918,270744798,11791,270756589,0,3,1,19456,42,5308652724
4919,270777512,3904,270781416,0,1,1,10752,19,3383534274
4920,270778976,3422,270782398,0,3,1,3584,42,2038532333
4921,270857441,50672,270908113,0,0,0,2560,41,5556498832
4922,270927304,116012,271043316,0,5,0,80896,16,129356552
4923,270936796,50672,270987468,0,0,0,2560,41,1904304672
4924,271002091,3645,271005736,0,2,1,10240,12,7316232623
4925,271064009,6488,271070497,0,3,1,15872,42,7017251447
4926,271152311,45596,271197907,0,0,0,1024,41,7807186278
4927,271202170,2470,271204640,0,2,1,2560,12,10161144428
4928,271432884,47288,271480172,0,0,0,1536,41,10016150335
4929,271478487,12737,271491224,0,5,1,24576,16,2628446133
4930,271604813,3387,271608200,0,1,1,9728,19,2359483693
4931,271610726,23725,271634451,0,5,1,39424,16,2179927514
4932,271646174,2470,271648644,0,5,1,2560,16,10708214658
4933,271753649,12825,271766474,0,3,1,21504,42,8494296900
4934,271830906,4374,271835280,0,1,1,4608,19,3542944914
4935,271911596,6278,271917874,0,1,1,6656,19,8275011885
4936,271947611,4679,271952290,0,5,1,12288,16,2551117469
4937,272097598,1518,272099116,0,1,1,1536,19,9442481390
4938,272162630,4937,272167567,0,2,1,12800,12,6403815890
4939,272208886,3645,272212531,0,2,1,10240,12,7965510396
4940,272266421,78080,272344501,0,5,0,16896,16,4524217585
4941,272269363,47288,272316651,0,0,0,1536,41,1215059801
4942,272331633,123656,272455289,0,5,0,105984,16,626336888
4943,272372034,2946,272374980,0,1,1,3072,19,9348290403
4944,272449534,218959,272668493,0,5,0,238592,16,5705614552
4945,272462852,6278,272469130,0,1,1,6656,19,9835651963
4946,272474117,4374,272478491,0,1,1,4608,19,905588764
4947,272501102,2946,272504048,0,5,1,3072,16,9189590650
4948,272526563,4850,272531413,0,1,1,5120,19,2249146874
4949,272629643,206215,272835858,0,5,0,88064,16,10429690581
4950,272663650,232375,272896025,0,5,0,149504,16,4092297461
4951,272840689,566,272841255,0,1,1,512,19,7403963115
4952,272893766,2946,272896712,0,1,1,3072,19,2141146768
4953,272956299,13341,272969640,0,2,1,22528,12,9319601452
4954,273315203,43904,273359107,0,0,0,512,41,291761499
4955,273543220,43904,273587124,0,0,0,512,41,2276873793
4956,273602698,47288,273649986,0,0,0,1536,41,7759215180
4957,273971125,3898,273975023,0,1,1,4096,19,1110280546
4958,274065719,129074,274194793,0,5,0,69120,16,378610902
4959,274082369,133226,274215595,0,5,0,30720,16,10661581825
4960,274155495,1042,274156537,0,2,1,1024,12,512494468
4961,274169078,43904,274212982,0,0,0,512,41,819991682
4962,274200720,3898,274204618,0,2,1,4096,12,483121587
4963,274229800,1042,274230842,0,2,1,1024,12,5340515791
4964,274277173,22174,274299347,0,1,1,36352,19,1833013005
4965,274365468,45596,274411064,0,0,0,1024,41,6301684110
4966,274520064,54056,274574120,0,0,0,3584,41,8124344939
4967,274631903,1042,274632945,0,1,1,1024,19,8157218700
4968,274758565,10757,274769322,0,2,1,17408,12,5574648634
4969,274890354,4850,274895204,0,2,1,5120,12,4471107053
4970,274992461,5802,274998263,0,1,1,6144,19,10463431667
4971,275000186,2870,275003056,0,8,1,8704,28,4655986729
4972,275009778,12566,275022344,0,8,1,20992,28,9575086508
4973,275272914,88100,275361014,0,5,0,24576,16,6804901220
4974,275342934,98228,275441162,0,5,0,22528,16,5745534072
4975,275369812,170764,275540576,0,5,0,120832,16,9341815352
4976,275704498,120068,275824566,0,5,0,94208,16,881145377
4977,275746091,7230,275753321,0,2,1,7680,12,218180734
4978,275767865,1042,275768907,0,1,1,1024,19,2964835375
4979,275796404,5196,275801600,0,8,1,13312,28,1048453887
4980,275815042,70340,275885382,0,5,0,5632,16,3881296077
4981,275990102,22433,276012535,0,8,1,36864,28,1892992562
4982,276032485,101504,276133989,0,5,0,33280,16,3581772148
4983,276038084,2946,276041030,0,8,1,3072,28,2732857116
4984,276087469,6229,276093698,0,8,1,15360,28,3215184330
4985,276088987,97292,276186279,0,5,0,19456,16,1026139611
4986,276145890,43904,276189794,0,0,0,512,41,2398608761
4987,276166626,5454,276172080,0,8,1,13824,28,1796144702
4988,276176881,6754,276183635,0,1,1,7168,19,8185070530
4989,276227326,55748,276283074,0,0,0,4096,41,1948364469
4990,276243264,5802,276249066,0,2,1,6144,12,1188856944
4991,276245532,5196,276250728,0,8,1,13312,28,10484434579
4992,276344658,43904,276388562,0,0,0,512,41,7588453560
4993,276415662,12825,276428487,0,2,1,21504,12,6190462364
4994,276418325,2870,276421195,0,8,1,8704,28,839664944
4995,276452362,3128,276455490,0,2,1,9216,12,8588237210
4996,276456788,4162,276460950,0,1,1,11264,19,2099382370
4997,276765885,1042,276766927,0,2,1,1024,12,3382379660
4998,276769659,2946,276772605,0,2,1,3072,12,1280729773
4999,276864999,6488,276871487,0,1,1,15872,19,6161662050
5000,277033012,7706,277040718,0,2,1,8192,12,8096244313
5001,277064440,45596,277110036,0,0,0,1024,41,6859075850
5002,277235462,1042,277236504,0,0,1,1024,41,2731714245
5003,277291933,123032,277414965,0,5,0,103936,16,2902287942
5004,277359518,13083,277372601,0,1,1,22016,19,9228959547
5005,277418322,1994,277420316,0,9,1,2048,46,7851342141
5006,277437969,4850,277442819,0,2,1,5120,12,9265046715
5007,277532252,6278,277538530,0,8,1,6656,28,9350714629
5008,277553713,22862,277576575,0,9,1,40960,46,1400293583
5009,277581397,6278,277587675,0,2,1,6656,12,7187891932
5010,277649944,111800,277761744,0,5,0,67072,16,9492091805
5011,277703201,142855,277846056,0,5,0,49152,16,4192854403
5012,277729060,20366,277749426,0,2,1,32768,12,6575561714
5013,277810828,2470,277813298,0,9,1,2560,46,9382804742
5014,277840062,566,277840628,0,1,1,512,19,8611072537
5015,277891101,107900,277999001,0,5,0,54272,16,4726801614
5016,277942565,78680,278021245,0,5,0,13824,16,4171729289
5017,277948406,1994,277950400,0,1,1,2048,19,10403324176
5018,277958453,11274,277969727,0,2,1,18432,12,7537738598
5019,278007439,1518,278008957,0,7,1,1536,26,2894345010
5020,278013973,13083,278027056,0,2,1,22016,12,931277298
5021,278041477,11016,278052493,0,2,1,17920,12,6394991336
5022,278072734,79460,278152194,0,5,0,16384,16,1824697621
5023,278079577,84692,278164269,0,5,0,18432,16,5702491110
5024,278181781,11533,278193314,0,7,1,18944,26,5184452911
5025,278329595,3422,278333017,0,7,1,3584,26,6834744231
5026,278440240,3387,278443627,0,8,1,9728,28,3176959823
5027,278495315,4679,278499994,0,8,1,12288,28,1096724766
5028,278503868,5196,278509064,0,9,1,13312,46,4284787082
5029,278544579,2946,278547525,0,8,1,3072,28,2820777513
5030,278636548,2946,278639494,0,1,1,3072,19,7037817060
5031,278703528,78524,278782052,0,5,0,13312,16,3780508586
5032,278712727,1994,278714721,0,8,1,2048,28,5680460102
5033,278736082,3898,278739980,0,1,1,4096,19,817914459
5034,278743552,3387,278746939,0,8,1,9728,28,10341623313
5035,278790288,5196,278795484,0,1,1,13312,19,8327554006
5036,278796743,355808,279152551,0,5,0,414208,16,437320678
5037,278851299,1994,278853293,0,8,1,2048,28,1742666298
5038,278957276,341669,279298945,0,5,0,344064,16,6414416790
5039,278981150,3898,278985048,0,8,1,4096,28,8615795074
5040,279024385,2946,279027331,0,7,1,3072,26,8127076253
5041,279084133,1518,279085651,0,9,1,1536,46,6869334053
5042,279301512,55748,279357260,0,5,0,4096,16,1234653934
5043,279342762,47288,279390050,0,0,0,1536,41,5818457010
5044,279427633,5802,279433435,0,8,1,6144,28,2849420772
5045,279445816,15062,279460878,0,7,1,29184,26,5527908491
5046,279455137,22950,279478087,0,8,1,37888,28,10397237255
5047,279750363,50672,279801035,0,0,0,2560,41,756681802
5048,279777585,45596,279823181,0,0,0,1024,41,9633156445
5049,279790569,2946,279793515,0,8,1,3072,28,710889578
5050,279892054,103376,279995430,0,2,0,39424,12,3492025111
5051,279916558,2470,279919028,0,9,1,2560,46,7415200938
5052,279943595,4937,279948532,0,1,1,12800,19,9440980060
5053,279962356,69776,280032132,0,5,0,14848,16,6217758190
5054,280025765,52364,280078129,0,0,0,3072,41,7446765964
5055,280089917,4679,280094596,0,2,1,12288,12,648796605
5056,280109612,2870,280112482,0,0,1,8704,41,2094961656
5057,280122571,3904,280126475,0,1,1,10752,19,8754019506
5058,280139717,54494,280194211,0,0,0,2048,41,6857567870
5059,280179371,11274,280190645,0,9,1,18432,46,6654800169
5060,280574800,5712,280580512,0,0,1,14336,41,10299684418
5061,280973265,44145,281017410,0,6,1,75776,8,1533132984
5062,280995680,12995,281008675,0,8,1,25088,28,8598206716
5063,281010213,6229,281016442,0,9,1,15360,46,8938301469
5064,281016261,43904,281060165,0,0,0,512,41,8680761755
5065,281020429,11791,281032220,0,9,1,19456,46,596087863
5066,281100731,13341,281114072,0,0,1,22528,41,2399119837
5067,281100843,51774,281152617,0,6,1,83968,8,9599936634
5068,281222420,1042,281223462,0,8,1,1024,28,1796668623
5069,281223393,36604,281259997,0,6,1,64512,8,4314138126
5070,281236949,166076,281403025,0,5,0,144384,16,5690991178
5071,281310943,1042,281311985,0,0,1,1024,41,1755374971
5072,281409178,13083,281422261,0,8,1,22016,28,1819662026
5073,281429793,103532,281533325,0,2,0,39936,12,3568167312
5074,281482927,45596,281528523,0,0,0,1024,41,4483925243
5075,281498394,4374,281502768,0,0,1,4608,41,1070831177
5076,281587517,35571,281623088,0,6,1,62464,8,6291527985
5077,281589982,3904,281593886,0,8,1,10752,28,315309058
5078,281598207,5326,281603533,0,8,1,5632,28,5255279458
5079,281615085,72668,281687753,0,5,0,9216,16,2115576422
5080,281616688,44145,281660833,0,6,1,75776,8,10235578923
5081,281641912,116480,281758392,0,5,0,82432,16,2147194489
5082,281709408,74796,281784204,0,5,0,3584,16,8180361559
5083,281717312,4374,281721686,0,9,1,4608,46,6279165789
5084,281782309,114452,281896761,0,5,0,75776,16,3651183850
5085,281801027,59132,281860159,0,0,0,5120,41,2522423758
5086,281823081,24412,281847493,0,9,1,44032,46,5137973000
5087,281826904,36604,281863508,0,6,1,64512,8,10435313952
5088,281833723,189344,282023067,0,2,0,160256,12,6877517299
5089,282008588,7706,282016294,0,8,1,8192,28,9516653750
5090,282029671,1518,282031189,0,7,1,1536,26,661485564
5091,282055793,45596,282101389,0,0,0,1024,41,3851405157
5092,282252063,2870,282254933,0,3,1,8704,42,136886366
5093,282254531,83441,282337972,0,6,1,135680,8,6276869839
5094,282292406,4420,282296826,0,3,1,11776,42,84483903
5095,282340506,52520,282393026,0,5,0,3584,16,10356530773
5096,282380440,6278,282386718,0,3,1,6656,42,2999039093
5097,282384374,81284,282465658,0,2,0,12288,12,9583616315
5098,282390772,13512,282404284,0,6,1,26112,8,7802647596
5099,282400954,1042,282401996,0,8,1,1024,28,7352990905
5100,282479112,12049,282491161,0,0,1,19968,41,583063443
5101,282578732,195116,282773848,0,2,0,179200,12,7650408477
5102,282665766,1994,282667760,0,3,1,2048,42,691051690
5103,282666105,4708,282670813,0,3,1,4608,42,7719539579
5104,282765151,59132,282824283,0,0,0,5120,41,363737063
5105,282792384,45596,282837980,0,0,0,1024,41,3870294350
5106,282859523,6488,282866011,0,7,1,15872,26,5669066760
5107,282870475,4679,282875154,0,7,1,12288,26,1415833386
5108,282871635,4937,282876572,0,3,1,12800,42,5162354851
5109,282921068,566,282921634,0,7,1,512,26,8856496245
5110,282935338,246475,283181813,0,6,1,399872,8,3061394122
5111,282952940,2946,282955886,0,7,1,3072,26,3411228047
5112,283037902,45596,283083498,0,0,0,1024,41,5734277881
5113,283089811,103844,283193655,0,2,0,40960,12,9549522374
5114,283112245,101237,283213482,0,6,1,110592,8,1793759188
5115,283117804,11791,283129595,0,2,1,19456,12,10380056454
5116,283255549,5802,283261351,0,7,1,6144,26,4383463549
5117,283296614,43904,283340518,0,0,0,512,41,2876189666
5118,283300029,566,283300595,0,7,1,512,26,8316613313
5119,283440078,1042,283441120,0,8,1,1024,28,8044109337
5120,283462722,34795,283497517,0,6,1,60928,8,7444792342
5121,283505251,566,283505817,0,8,1,512,28,4938330491
5122,283789779,21141,283810920,0,7,1,34304,26,928433824
5123,283836459,75554,283912013,0,6,1,126976,8,1923660206
5124,283947234,124280,284071514,0,2,0,108032,12,7807103678
5125,283956636,13253,283969889,0,6,1,25600,8,3517729547
5126,284110107,113048,284223155,0,2,0,71168,12,9127789995
5127,284141572,45752,284187324,0,0,0,1536,41,8931277339
5128,284162784,174566,284337350,0,6,1,283136,8,4162220711
5129,284213339,7230,284220569,0,8,1,7680,28,4125435237
5130,284386612,105404,284492016,0,2,0,46080,12,9331129947
5131,284518611,110864,284629475,0,5,0,64000,16,2074560760
5132,284526837,72614,284599451,0,5,0,15872,16,6978220493
5133,284532317,10757,284543074,0,8,1,17408,28,10209109322
5134,284552032,81374,284633406,0,6,1,131584,8,6409023881
5135,284559341,45596,284604937,0,0,0,1024,41,2927579336
5136,284625986,4850,284630836,0,7,1,5120,26,1230235668
5137,284652064,4850,284656914,0,7,1,5120,26,4074848604
5138,284668116,3128,284671244,0,8,1,9216,28,9572607768
5139,284686329,5712,284692041,0,8,1,14336,28,8522651387
5140,284736440,43904,284780344,0,0,0,512,41,8264951663
5141,284760428,16096,284776524,0,7,1,31232,26,3908829573
5142,284761192,89900,284851092,0,5,0,15360,16,4567680706
5143,284772357,6113,284778470,0,7,1,3072,26,1616363307
5144,284802770,43904,284846674,0,0,0,512,41,7464790086
5145,284812784,44662,284857446,0,6,1,76800,8,6025362368
5146,284851881,128960,284980841,0,5,0,123392,16,2612724146
5147,284973746,3422,284977168,0,7,1,3584,26,5789504644
5148,285031941,12995,285044936,0,6,1,25088,8,6412330310
5149,285091126,5454,285096580,0,5,1,13824,16,2732535152
5150,285096916,26479,285123395,0,6,1,48128,8,3105456946
5151,285148113,47756,285195869,0,5,0,3072,16,4819061019
5152,285200435,3645,285204080,0,5,1,10240,16,6380526876
5153,285232754,1994,285234748,0,5,1,2048,16,4806199827
5154,285240533,125662,285366195,0,6,1,207872,8,9708990982
5155,285276080,1042,285277122,0,8,1,1024,28,7925754062
5156,285278554,241004,285519558,0,2,0,269312,12,41078942
5157,285415478,3422,285418900,0,8,1,3584,28,4438219594
5158,285478677,103844,285582521,0,5,0,40960,16,10266435823
5159,285502201,12737,285514938,0,7,1,24576,26,5403551342
5160,285523088,104120,285627208,0,6,1,172544,8,7481660435
5161,285671877,1042,285672919,0,7,1,1024,26,8887463748
5162,285891425,13083,285904508,0,8,1,22016,28,5403759750
5163,285937820,2946,285940766,0,7,1,3072,26,8981441900
5164,285954630,31783,285986413,0,6,1,51712,8,1399318290
5165,286021622,14117,286035739,0,6,1,24064,8,2787844473
5166,286022904,4679,286027583,0,8,1,12288,28,1941138486
5167,286088847,65900,286154747,0,0,0,7168,41,3418268166
5168,286293520,64395,286357915,0,6,1,108544,8,4303349092
5169,286329921,33245,286363166,0,5,1,57856,16,7597003376
5170,286566774,1994,286568768,0,8,1,2048,28,490949779
5171,286632290,3387,286635677,0,7,1,9728,26,9253458321
5172,286659764,566,286660330,0,5,1,512,16,1454594351
5173,286719434,4850,286724284,0,8,1,5120,28,8911881838
5174,286724064,4850,286728914,0,8,1,5120,28,2226283931
5175,286735326,2946,286738272,0,8,1,3072,28,10258305189
5176,286736687,10757,286747444,0,7,1,17408,26,5153480344
5177,286784734,67592,286852326,0,0,0,7680,41,5775929507
5178,286942282,50672,286992954,0,0,0,2560,41,7253531405
5179,286966635,7230,286973865,0,7,1,7680,26,8765510675
5180,286995281,130988,287126269,0,5,0,130048,16,10583293347
5181,286998483,3422,287001905,0,7,1,3584,26,1527541119
5182,287034064,54056,287088120,0,0,0,3584,41,3210666857
5183,287065458,1994,287067452,0,8,1,2048,28,7096971411
5184,287107979,3904,287111883,0,7,1,10752,26,521233495
5185,287152689,1042,287153731,0,1,1,1024,19,3674401539
5186,287177416,48980,287226396,0,0,0,2048,41,55525609
5187,287182384,7706,287190090,0,7,1,8192,26,4081398291
5188,287274993,3898,287278891,0,8,1,4096,28,6167732507
5189,287278198,5326,287283524,0,1,1,5632,19,9762921988
5190,287324264,4937,287329201,0,1,1,12800,19,5413291387
5191,287398210,14117,287412327,0,8,1,24064,28,1101141128
5192,287583038,566,287583604,0,5,1,512,16,6877481228
5193,287604850,3422,287608272,0,5,1,3584,16,486122519
5194,287673672,108407,287782079,0,5,0,18432,16,8049303034
5195,287692492,2470,287694962,0,8,1,2560,28,2116061428
5196,287758889,12049,287770938,0,7,1,19968,26,3862935768
5197,287819531,119444,287938975,0,2,0,92160,12,942026148
5198,287914193,566,287914759,0,5,1,512,16,9328263462
5199,287970406,5196,287975602,0,8,1,13312,28,9037351258
5200,287973370,2470,287975840,0,7,1,2560,26,2683568524
5201,287982133,12049,287994182,0,7,1,19968,26,8128030934
5202,288048220,5326,288053546,0,6,1,5632,8,7167785713
5203,288116348,32558,288148906,0,6,1,53248,8,10107588251
5204,288138821,43904,288182725,0,0,0,512,41,9562282796
5205,288143591,2470,288146061,0,7,1,2560,26,4734948767
5206,288206688,94512,288301200,0,6,1,157184,8,10206065705
5207,288236630,45596,288282226,0,0,0,1024,41,9263114241
5208,288248117,4374,288252491,0,1,1,4608,19,9210887894
5209,288349370,5196,288354566,0,5,1,13312,16,7914297499
5210,288403408,54529,288457937,0,6,1,92672,8,4160789619
5211,288464193,3898,288468091,0,5,1,4096,16,6779089797
5212,288508937,7230,288516167,0,5,1,7680,16,10061892298
5213,288511294,45596,288556890,0,0,0,1024,41,8528430933
5214,288557591,2946,288560537,0,8,1,3072,28,9558712403
5215,288565938,1042,288566980,0,7,1,1024,26,9056227180
5216,288643786,23725,288667511,0,8,1,39424,28,1897501280
5217,288653923,143416,288797339,0,6,1,232448,8,2313739733
5218,288685216,10757,288695973,0,8,1,17408,28,5646944954
5219,288819918,94868,288914786,0,2,0,26624,12,6909057158
5220,288850236,4679,288854915,0,5,1,12288,16,7501358249
5221,288873486,6754,288880240,0,1,1,7168,19,6155446377
5222,288893266,55748,288949014,0,0,0,4096,41,3051078594
5223,288959051,4162,288963213,0,5,1,11264,16,7354257946
5224,288974890,23983,288998873,0,8,1,39936,28,7888158886
5225,288996518,163916,289160434,0,0,0,142336,41,7225680010
5226,289033764,64676,289098440,0,5,0,8192,16,1112620371
5227,289049295,54270,289103565,0,6,1,92160,8,1975264144
5228,289087800,2870,289090670,0,8,1,8704,28,7767605020
5229,289109586,42424,289152010,0,6,1,69120,8,5544504275
5230,289163139,4850,289167989,0,1,1,5120,19,1932673872
5231,289174075,7706,289181781,0,1,1,8192,19,10607545433
5232,289238406,4374,289242780,0,7,1,4608,26,5397504266
5233,289327471,71624,289399095,0,2,0,15872,12,8489096237
5234,289366721,33245,289399966,0,6,1,57856,8,1531267320
5235,289371138,13083,289384221,0,5,1,22016,16,10034880771
5236,289399255,387176,289786431,0,2,0,486912,12,6269187084
5237,289432068,59132,289491200,0,5,0,5120,16,5515882547
5238,289443653,358081,289801734,0,2,0,50176,12,3766715424
5239,289446570,61604,289508174,0,5,0,8192,16,1119207675
5240,289460001,54012,289514013,0,6,1,91648,8,386256714
5241,289528103,2870,289530973,0,6,1,8704,8,7549288331
5242,289529266,44996,289574262,0,6,1,71168,8,7335276456
5243,289534194,126464,289660658,0,5,0,115200,16,2818962130
5244,289617442,57440,289674882,0,5,0,4608,16,8500760640
5245,289627926,5326,289633252,0,7,1,5632,26,630577156
5246,289631768,81714,289713482,0,5,0,4608,16,3202541308
5247,289721641,1994,289723635,0,3,1,2048,42,5536957767
5248,289739423,4850,289744273,0,1,1,5120,19,489562923
5249,289745389,214808,289960197,0,6,1,348160,8,7725854313
5250,289779547,3422,289782969,0,5,1,3584,16,4726694239
5251,289823164,11274,289834438,0,5,1,18432,16,3320877016
5252,289964584,100100,290064684,0,2,0,28672,12,5410258428
5253,289995529,13341,290008870,0,7,1,22528,26,254852728
5254,290017618,5326,290022944,0,5,1,5632,16,1151686230
5255,290052844,4374,290057218,0,1,1,4608,19,1710599980
5256,290054025,2470,290056495,0,7,1,2560,26,5017946404
5257,290143944,2870,290146814,0,7,1,8704,26,2453895701
5258,290149446,1518,290150964,0,1,1,1536,19,2364055600
5259,290168673,61124,290229797,0,6,1,98816,8,8269774650
5260,290192403,216956,290409359,0,2,0,250880,12,2933939502
5261,290205292,5454,290210746,0,7,1,13824,26,1803085042
5262,290227702,4162,290231864,0,5,1,11264,16,5429931902
5263,290324461,2870,290327331,0,3,1,8704,42,4139832037
5264,290329997,2470,290332467,0,7,1,2560,26,9121360595
5265,290376919,7230,290384149,0,6,1,7680,8,3550058458
5266,290391758,12308,290404066,0,5,1,20480,16,5257075874
5267,290501600,1994,290503594,0,8,1,2048,28,2629467030
5268,290527184,1042,290528226,0,5,1,1024,16,6110500998
5269,290535970,2946,290538916,0,5,1,3072,16,7017949197
5270,290643375,207284,290850659,0,2,0,219136,12,2707213840
5271,290713159,3645,290716804,0,7,1,10240,26,5123537289
5272,290774276,5971,290780247,0,8,1,14848,28,882565786
5273,290815814,109460,290925274,0,0,0,59392,41,7508981
5274,290819649,14545,290834194,0,1,1,28160,19,6837254646
5275,290871254,3422,290874676,0,1,1,3584,19,5744820847
5276,290907402,61768,290969170,0,0,0,512,41,8228133088
5277,290918942,1518,290920460,0,1,1,1536,19,981727002
5278,290954918,105929,291060847,0,6,1,176128,8,9879904080
5279,290995273,10499,291005772,0,5,1,16896,16,1521529709
5280,291044440,69284,291113724,0,2,0,8192,12,8915234533
5281,291056285,12737,291069022,0,5,1,24576,16,253764674
5282,291139138,566,291139704,0,5,1,512,16,1918462611
5283,291295426,3898,291299324,0,1,1,4096,19,4836011422
5284,291356415,48980,291405395,0,2,0,2048,12,527948560
5285,291451782,123656,291575438,0,2,0,105984,12,10212974201
5286,291527260,4850,291532110,0,3,1,5120,42,5631686629
5287,291534692,3387,291538079,0,5,1,9728,16,8343531308
5288,291604780,129896,291734676,0,0,0,126464,41,3067596499
5289,291628346,149092,291777438,0,0,0,33792,41,5915255837
5290,291750011,102440,291852451,0,2,0,36352,12,8075043309
5291,291810265,13858,291824123,0,3,1,23552,42,6506263651
5292,292204206,103532,292307738,0,0,0,39936,41,9016296581
5293,292347180,6278,292353458,0,3,1,6656,42,1797263679
5294,292654957,566,292655523,0,3,1,512,42,5849910528
5295,292658027,12995,292671022,0,5,1,25088,16,6169070351
5296,292960000,98228,293058228,0,0,0,22528,41,9495147608
5297,292974614,1994,292976608,0,3,1,2048,42,10077385750
5298,293000628,12825,293013453,0,3,1,21504,42,1686516038
5299,293022153,195503,293217656,0,6,1,320512,8,9983356614
5300,293056515,200108,293256623,0,2,0,195584,12,1923822357
5301,293099790,115232,293215022,0,0,0,78336,41,3315693199
5302,293102857,125731,293228588,0,6,1,35840,8,1154144986
5303,293110982,14287,293125269,0,3,1,27648,42,10204943164
5304,293144500,95942,293240442,0,6,1,40448,8,25579624
5305,293155255,121477,293276732,0,6,1,116224,8,666647996
5306,293193241,89188,293282429,0,6,1,18944,8,812087610
5307,293380857,33762,293414619,0,6,1,58880,8,5279137820
5308,293546302,12995,293559297,0,5,1,25088,16,1186231378
5309,293663169,112892,293776061,0,2,0,70656,12,4248417232
5310,293697999,91304,293789303,0,0,0,19968,41,2136072436
5311,293703464,105872,293809336,0,0,0,47616,41,3053836329
5312,293790805,112736,293903541,0,0,0,70144,41,10131446954
5313,294019875,74608,294094483,0,6,1,121856,8,8302611500
5314,294291578,174092,294465670,0,2,0,150528,12,1781668584
5315,294514173,153296,294667469,0,2,0,137728,12,10616023081
5316,294525842,119288,294645130,0,0,0,91648,41,317208312
5317,294546749,3422,294550171,0,1,1,3584,19,8917148465
5318,294580002,1042,294581044,0,1,1,1024,19,306904043
5319,294632266,4850,294637116,0,1,1,5120,19,357208553
5320,294720089,1042,294721131,0,1,1,1024,19,10489473066
5321,294858351,12308,294870659,0,1,1,20480,19,1329364209
5322,294964124,1042,294965166,0,1,1,1024,19,2197646658
5323,294983729,5712,294989441,0,2,1,14336,12,4965239767
5324,295032828,1994,295034822,0,9,1,2048,46,6880654468
5325,295070253,1042,295071295,0,9,1,1024,46,5091199445
5326,295121995,104468,295226463,0,2,0,43008,12,6675591521
5327,295283748,2870,295286618,0,4,1,8704,35,5358298143
5328,295353818,103376,295457194,0,0,0,39424,41,10102640365
5329,295389948,5454,295395402,0,9,1,13824,46,5465223607
5330,295479134,5971,295485105,0,9,1,14848,46,7610867587
5331,295481365,118508,295599873,0,0,0,89088,41,10195260600
5332,295521840,4374,295526214,0,9,1,4608,46,8113107086
5333,295560778,5971,295566749,0,1,1,14848,19,5991567212
5334,295659793,171620,295831413,0,2,0,147456,12,3925141064
5335,295687733,12825,295700558,0,1,1,21504,19,3583692311
5336,295754418,2470,295756888,0,7,1,2560,26,6157971621
5337,295837887,4162,295842049,0,9,1,11264,46,6864041471
5338,296009428,3422,296012850,0,9,1,3584,46,3733403044
5339,296109625,4420,296114045,0,2,1,11776,12,9638681826
5340,296261182,4937,296266119,0,2,1,12800,12,718925567
5341,296309340,11533,296320873,0,2,1,18944,12,5166618671
5342,296342005,4162,296346167,0,2,1,11264,12,34556440
5343,296381818,1518,296383336,0,1,1,1536,19,7893132149
5344,296385893,163916,296549809,0,0,0,142336,41,8470427993
5345,296472731,3904,296476635,0,5,1,10752,16,4016873979
5346,296541542,2470,296544012,0,2,1,2560,12,7666394879
5347,296559384,14117,296573501,0,2,1,24064,12,9678464678
5348,296770611,14545,296785156,0,1,1,28160,19,8545686287
5349,296806668,1518,296808186,0,2,1,1536,12,1716122120
5350,296859845,1518,296861363,0,1,1,1536,19,1398546189
5351,296927650,54056,296981706,0,0,0,3584,41,5383411553
5352,296980912,3422,296984334,0,2,1,3584,12,4128703321
5353,297018254,123812,297142066,0,0,0,106496,41,2277975908
5354,297055515,221233,297276748,0,0,0,159232,41,8782080173
5355,297067401,12308,297079709,0,5,1,20480,16,2256594775
5356,297072831,206660,297279491,0,2,0,217088,12,5218162779
5357,297113749,1518,297115267,0,5,1,1536,16,8774502915
5358,297243802,5802,297249604,0,1,1,6144,19,5955210450
5359,297350927,13858,297364785,0,2,1,23552,12,10046566417
5360,297479944,11016,297490960,0,1,1,17920,19,147072542
5361,297528083,2470,297530553,0,1,1,2560,19,1240420072
5362,297544636,361196,297905832,0,2,0,416768,12,5250038765
5363,297625602,62516,297688118,0,0,0,6144,41,2978220870
5364,297653446,110240,297763686,0,0,0,61952,41,1618017397
5365,297860569,1042,297861611,0,1,1,1024,19,1337703479
5366,298102706,77744,298180450,0,5,0,10752,16,9031794594
5367,298108339,2470,298110809,0,1,1,2560,19,9422076981
5368,298226099,23466,298249565,0,1,1,38912,19,7447009861
5369,298357297,112268,298469565,0,0,0,68608,41,4186048679
5370,298386870,34108,298420978,0,2,1,56320,12,2100961946
5371,298428826,287405,298716231,0,2,0,239104,12,3396162272
5372,298626987,96824,298723811,0,2,0,17920,12,2016042495
5373,298676853,5326,298682179,0,1,1,5632,19,7572223634
5374,298723255,4937,298728192,0,1,1,12800,19,8382682574
5375,298730542,3387,298733929,0,1,1,9728,19,8913721987
5376,298863876,1042,298864918,0,2,1,1024,12,1643190701
5377,298885650,185043,299070693,0,2,0,38400,12,6898037901
5378,298898754,154232,299052986,0,0,0,140800,41,2466184921
5379,298946425,110929,299057354,0,2,0,19456,12,2518187109
5380,298954595,5326,298959921,0,2,1,5632,12,9489071663
5381,298997335,3387,299000722,0,5,1,9728,16,1329072516
5382,299009948,2470,299012418,0,1,1,2560,19,3333808224
5383,299054784,2470,299057254,0,1,1,2560,19,75287591
5384,299069571,6278,299075849,0,5,1,6656,16,9567097449
5385,299099791,220232,299320023,0,0,0,261632,41,1765373524
5386,299285822,91460,299377282,0,2,0,20480,12,1774000836
5387,299368584,8713,299377297,0,2,1,4608,12,5467600381
5388,299614189,1994,299616183,0,1,1,2048,19,7729820040
5389,299671607,346862,300018469,0,6,1,565248,8,1164855242
5390,300105737,2870,300108607,0,4,1,8704,35,9277256214
5391,300264399,2946,300267345,0,4,1,3072,35,7558690884
5392,300324609,169952,300494561,0,0,0,152064,41,8695225831
5393,300363929,4374,300368303,0,5,1,4608,16,7988113858
5394,300388120,4850,300392970,0,5,1,5120,16,6067613492
5395,300457490,3128,300460618,0,5,1,9216,16,766725370
5396,300462608,189632,300652240,0,2,0,156160,12,1340574523
5397,300494568,180307,300674875,0,2,0,74240,12,5542713945
5398,300524769,3422,300528191,0,1,1,3584,19,5112674413
5399,300539965,3128,300543093,0,5,1,9216,16,3541587181
5400,300680061,3645,300683706,0,5,1,10240,16,3657003855
5401,300742941,3645,300746586,0,5,1,10240,16,5618987495
5402,300802171,198080,301000251,0,2,0,188928,12,4769502448
5403,300839387,5802,300845189,0,1,1,6144,19,6419382917
5404,300877690,14804,300892494,0,7,1,28672,26,8441873023
5405,300881416,104000,300985416,0,0,0,41472,41,1941086170
5406,301431325,1042,301432367,0,9,1,1024,46,6635726839
5407,301555025,101036,301656061,0,0,0,31744,41,1957633202
5408,301612109,11016,301623125,0,9,1,17920,46,2249265228
5409,301667361,3387,301670748,0,5,1,9728,16,9258180992
5410,301774407,15062,301789469,0,9,1,29184,46,2657989587
5411,301797003,102284,301899287,0,0,0,35840,41,2353218550
5412,301831820,164391,301996211,0,0,0,54272,41,3525497684
5413,301867776,4679,301872455,0,1,1,12288,19,7980614211
5414,301920689,2870,301923559,0,9,1,8704,46,5566469608
5415,301924107,3422,301927529,0,5,1,3584,16,940421838
5416,301987121,7706,301994827,0,1,1,8192,19,7739155745
5417,301993634,100017,302093651,0,0,0,19968,41,4766952348
5418,302037557,1518,302039075,0,9,1,1536,46,7496482911
5419,302077101,7706,302084807,0,9,1,8192,46,6650640939
5420,302140337,3128,302143465,0,9,1,9216,46,1197272692
5421,302140893,3904,302144797,0,8,1,10752,28,7223342712
5422,302204847,1042,302205889,0,9,1,1024,46,7289313322
5423,302311650,93488,302405138,0,2,0,27136,12,5626334626
5424,302359103,3645,302362748,0,1,1,10240,19,8222959752
5425,302534621,101504,302636125,0,2,0,33280,12,1264765157
5426,302646522,6229,302652751,0,0,1,15360,41,3547426087
5427,302703236,566,302703802,0,9,1,512,46,9958530053
5428,302745667,11016,302756683,0,5,1,17920,16,41258434
5429,302800815,216620,303017435,0,0,0,244736,41,5336079709
5430,302828164,228031,303056195,0,0,0,77312,41,7433309721
5431,302885402,176268,303061670,0,0,0,17920,41,4532960404
5432,302964691,3422,302968113,0,5,1,3584,16,4992312093
5433,302969340,12995,302982335,0,5,1,25088,16,5888402130
5434,303124440,7706,303132146,0,1,1,8192,19,3021734622
5435,303364254,80084,303444338,0,0,0,18432,41,10575555180
5436,303372982,4420,303377402,0,1,1,11776,19,10687616113
5437,303375593,6997,303382590,0,1,1,14848,19,9327071156
5438,303396470,125372,303521842,0,2,0,111616,12,10298341247
5439,303507885,5712,303513597,0,5,1,14336,16,1493953490
5440,303544187,2946,303547133,0,1,1,3072,19,10622416804
5441,303549557,3645,303553202,0,1,1,10240,19,8998741611
5442,303566235,106184,303672419,0,2,0,48640,12,7937253202
5443,303569887,6229,303576116,0,5,1,15360,16,5975313023
5444,303674290,1518,303675808,0,5,1,1536,16,5231787044
5445,303677580,4420,303682000,0,9,1,11776,46,2502823235
5446,303762135,16613,303778748,0,5,1,32256,16,7044565330
5447,303820514,2946,303823460,0,9,1,3072,46,4381451708
5448,304000441,4374,304004815,0,9,1,4608,46,6004698064
5449,304063810,117260,304181070,0,0,0,84992,41,9731938900
5450,304136146,4850,304140996,0,1,1,5120,19,6695974849
5451,304229728,1994,304231722,0,9,1,2048,46,9233871707
5452,304309648,1042,304310690,0,9,1,1024,46,1308350490
5453,304332193,14029,304346222,0,5,1,27136,16,9898584750
5454,304494253,2470,304496723,0,5,1,2560,16,4991098912
5455,304632948,3904,304636852,0,9,1,10752,46,4692589188
5456,304743150,5454,304748604,0,9,1,13824,46,5824317427
5457,304916712,4850,304921562,0,5,1,5120,16,8916875713
5458,304962326,52364,305014690,0,2,0,3072,12,9575228903
5459,305057340,3898,305061238,0,5,1,4096,16,1604797139
5460,305070732,3422,305074154,0,7,1,3584,26,8259527666
5461,305100267,33762,305134029,0,5,1,58880,16,4826275979
5462,305176154,88100,305264254,0,2,0,24576,12,6729940358
5463,305232535,7230,305239765,0,1,1,7680,19,3004060588
5464,305450863,3128,305453991,0,3,1,9216,42,605162888
5465,305632509,1994,305634503,0,3,1,2048,42,8296256283
5466,305779867,190748,305970615,0,2,0,164864,12,1229831310
5467,305785229,566,305785795,0,3,1,512,42,4583986165
5468,305989981,3898,305993879,0,1,1,4096,19,3190367752
5469,306091817,14029,306105846,0,5,1,27136,16,1389103402
5470,306136290,1042,306137332,0,3,1,1024,42,7711343026
5471,306183387,4162,306187549,0,3,1,11264,42,5834456864
5472,306235751,15579,306251330,0,1,1,30208,19,7472801428
5473,306417658,10499,306428157,0,5,1,16896,16,5277026146
5474,306468743,566,306469309,0,1,1,512,19,123137468
5475,306524367,14117,306538484,0,5,1,24064,16,9767380278
5476,306552649,2470,306555119,0,2,1,2560,12,6559260499
5477,306590040,4850,306594890,0,1,1,5120,19,5410599636
5478,306838565,123656,306962221,0,2,0,105984,12,6238933264
5479,307337785,2470,307340255,0,1,1,2560,19,6003875864
5480,307366048,1994,307368042,0,2,1,2048,12,2898708064
5481,307373769,1994,307375763,0,2,1,2048,12,4299136277
5482,307459124,235706,307694830,0,2,0,245760,12,4378976692
5483,307591084,105009,307696093,0,2,0,4096,12,9189667007
5484,307785976,2470,307788446,0,1,1,2560,19,7329062234
5485,308048061,5196,308053257,0,1,1,13312,19,4212050140
5486,308108661,52364,308161025,0,2,0,3072,12,1096928558
5487,308253062,13770,308266832,0,1,1,26624,19,10005291310
5488,308415435,2470,308417905,0,5,1,2560,16,9070766743
5489,308424590,3387,308427977,0,1,1,9728,19,10147525850
5490,308458207,1042,308459249,0,5,1,1024,16,5312680362
5491,308474400,7230,308481630,0,1,1,7680,19,9959014103
5492,308519993,111800,308631793,0,9,0,67072,46,1152271156
5493,308589445,12049,308601494,0,5,1,19968,16,5350832228
5494,308600715,566,308601281,0,4,1,512,35,5323124797
5495,308632563,2470,308635033,0,1,1,2560,19,6800519574
5496,308655913,1042,308656955,0,8,1,1024,28,7308963529
5497,308771323,1994,308773317,0,8,1,2048,28,3322126187
5498,308861981,6488,308868469,0,8,1,15872,28,5280581575
5499,308867479,6278,308873757,0,5,1,6656,16,2479468187
5500,308880021,2470,308882491,0,2,1,2560,12,10171318840
5501,308897087,50672,308947759,0,2,0,2560,12,415367918
5502,309063044,13770,309076814,0,2,1,26624,12,742625556
5503,309102907,5712,309108619,0,7,1,14336,26,3941013426
5504,309152533,13512,309166045,0,2,1,26112,12,4770149727
5505,309329620,5802,309335422,0,8,1,6144,28,8602874037
5506,309337634,45596,309383230,0,2,0,1024,12,8513502370
5507,309375986,54056,309430042,0,2,0,3584,12,6938927315
5508,309438141,5326,309443467,0,1,1,5632,19,4806138267
5509,309495969,12566,309508535,0,1,1,20992,19,6930003897
5510,309594812,1042,309595854,0,8,1,1024,28,1904215636
5511,309753371,7230,309760601,0,8,1,7680,28,3580570415
5512,309870057,1518,309871575,0,1,1,1536,19,3388313759
5513,309896509,6278,309902787,0,9,1,6656,46,764732353
5514,309945839,3422,309949261,0,9,1,3584,46,4170663974
5515,309948840,4937,309953777,0,8,1,12800,28,883131239
5516,309966578,2870,309969448,0,9,1,8704,46,9944725973
5517,309972207,5326,309977533,0,9,1,5632,46,4672016544
5518,310000925,45596,310046521,0,2,0,1024,12,833459625
5519,310117777,566,310118343,0,2,1,512,12,3282818237
5520,310175321,5326,310180647,0,2,1,5632,12,359761331
5521,310205514,1994,310207508,0,9,1,2048,46,9985087276
5522,310320412,1994,310322406,0,1,1,2048,19,9138999866
5523,310527680,2946,310530626,0,1,1,3072,19,4752652496
5524,310541657,566,310542223,0,2,1,512,12,1632224944
5525,310736240,92864,310829104,0,4,0,25088,35,2871596963
5526,310769660,566,310770226,0,2,1,512,12,5444501046
5527,310780849,3904,310784753,0,1,1,10752,19,9684709891
5528,310791294,116944,310908238,0,4,0,56832,35,10661395291
5529,310865424,2470,310867894,0,1,1,2560,19,8687361178
5530,310896248,12825,310909073,0,2,1,21504,12,8444080082
5531,310934121,108836,311042957,0,4,0,57344,35,6139993096
5532,310976821,128848,311105669,0,4,0,18944,35,9598260089
5533,311069339,1042,311070381,0,2,1,1024,12,7680130933
5534,311175077,3898,311178975,0,2,1,4096,12,9408818247
5535,311192544,23466,311216010,0,2,1,38912,12,4442943952
5536,311261380,3904,311265284,0,8,1,10752,28,6839358461
5537,311559469,566,311560035,0,8,1,512,28,588832973
5538,311689710,4374,311694084,0,8,1,4608,28,3525282249
5539,311732895,3422,311736317,0,8,1,3584,28,564059936
5540,311820283,11533,311831816,0,8,1,18944,28,8765113818
5541,311841641,13253,311854894,0,8,1,25600,28,3627717482
5542,311896074,3645,311899719,0,8,1,10240,28,10514984131
5543,312066183,48980,312115163,0,2,0,2048,12,6673912834
5544,312246321,55748,312302069,0,2,0,4096,12,322750082
5545,312296863,112268,312409131,0,4,0,68608,35,1073610760
5546,312467910,5326,312473236,0,2,1,5632,12,306228319
5547,312748723,99008,312847731,0,4,0,25088,35,6641950547
5548,312808793,14804,312823597,0,5,1,28672,16,9337643332
5549,312929614,5971,312935585,0,9,1,14848,46,2002814363
5550,312944750,12737,312957487,0,6,1,24576,8,7084338286
5551,313059520,1994,313061514,0,8,1,2048,28,655423270
5552,313300245,3387,313303632,0,8,1,9728,28,9230447463
5553,313386282,3422,313389704,0,9,1,3584,46,6256675529
5554,313613928,15837,313629765,0,9,1,30720,46,10241322458
5555,313834575,43904,313878479,0,2,0,512,12,2700590954
5556,313870026,113516,313983542,0,4,0,72704,35,8989273699
5557,314061162,52832,314113994,0,2,0,4608,12,7215913626
5558,314080565,54056,314134621,0,4,0,3584,35,7845329541
5559,314100740,5712,314106452,0,9,1,14336,46,4744087421
5560,314217807,2946,314220753,0,1,1,3072,19,8238102962
5561,314393411,6278,314399689,0,8,1,6656,28,6585644597
5562,314405091,62516,314467607,0,4,0,6144,35,3452270800
5563,314522553,1994,314524547,0,8,1,2048,28,10157152996
5564,314542760,6754,314549514,0,8,1,7168,28,723930244
5565,314602475,7230,314609705,0,8,1,7680,28,5770127886
5566,314642731,2470,314645201,0,8,1,2560,28,8769206770
5567,314664390,52364,314716754,0,2,0,3072,12,6182665651
5568,314751868,2470,314754338,0,1,1,2560,19,9057476351
5569,314868479,3898,314872377,0,1,1,4096,19,3527331265
5570,314967227,3898,314971125,0,7,1,4096,26,1104325630
5571,315025879,3645,315029524,0,8,1,10240,28,7711674118
5572,315165216,5454,315170670,0,7,1,13824,26,8625974552
5573,315237429,50672,315288101,0,2,0,2560,12,7288333896
5574,315253008,13341,315266349,0,7,1,22528,26,6871768541
5575,315433728,62228,315495956,0,4,0,10240,35,7043975988
5576,315445228,3128,315448356,0,9,1,9216,46,7532953884
5577,315488269,12049,315500318,0,8,1,19968,28,3231492652
5578,315524268,6278,315530546,0,8,1,6656,28,704159398
5579,315637820,1518,315639338,0,7,1,1536,26,9926855856
5580,315710177,23637,315733814,0,9,1,42496,46,3795891317
5581,315728443,10241,315738684,0,7,1,16384,26,8634829200
5582,315783456,4374,315787830,0,8,1,4608,28,8331352866
5583,315828103,43904,315872007,0,2,0,512,12,3628115254
5584,315849774,2470,315852244,0,9,1,2560,46,1661166383
5585,315951096,4162,315955258,0,9,1,11264,46,354727045
5586,315975298,3898,315979196,0,1,1,4096,19,4783017768
5587,316082665,1994,316084659,0,9,1,2048,46,4123197300
5588,316134848,1518,316136366,0,8,1,1536,28,6932339213
5589,316197840,6278,316204118,0,7,1,6656,26,7459253398
5590,316516671,1042,316517713,0,7,1,1024,26,8741733944
5591,316575857,5802,316581659,0,7,1,6144,26,8180275174
5592,316606528,3904,316610432,0,8,1,10752,28,4294290859
5593,316607088,57752,316664840,0,2,0,5632,12,9574928154
5594,316626194,4937,316631131,0,9,1,12800,46,9900326399
5595,316630644,6278,316636922,0,9,1,6656,46,6944089054
5596,316727620,5712,316733332,0,7,1,14336,26,5088135315
5597,316819545,4937,316824482,0,8,1,12800,28,4810495124
5598,316887754,2870,316890624,0,0,1,8704,41,6572851473
5599,316971655,15321,316986976,0,7,1,29696,26,6562625002
5600,317040007,121316,317161323,0,4,0,98304,35,10306508915
5601,317230360,2470,317232830,0,7,1,2560,26,7258891284
5602,317300137,1994,317302131,0,7,1,2048,26,2513401770
5603,317308818,10499,317319317,0,7,1,16896,26,3102995845
5604,317700538,110864,317811402,0,4,0,64000,35,6139251430
5605,317738709,4679,317743388,0,0,1,12288,41,1803891623
5606,318106523,45596,318152119,0,2,0,1024,12,4539515624
5607,318156597,4850,318161447,0,0,1,5120,41,3196983881
5608,318262158,189968,318452126,0,4,0,162304,35,4679130973
5609,318302333,3645,318305978,0,0,1,10240,41,7445311512
5610,318607073,1042,318608115,0,9,1,1024,46,2807995537
5611,318640405,79016,318719421,0,4,0,19968,35,3229247212
5612,319147928,25446,319173374,0,0,1,46080,41,26041572
5613,319218597,3128,319221725,0,8,1,9216,28,7718137009
5614,319773550,47288,319820838,0,2,0,1536,12,4792126418
5615,320050639,3645,320054284,0,9,1,10240,46,5892570624
5616,320130411,66056,320196467,0,2,0,7680,12,5668205629
5617,320211469,6278,320217747,0,8,1,6656,28,595143627
5618,320292593,48980,320341573,0,2,0,2048,12,5120587532
5619,320297273,6754,320304027,0,4,1,7168,35,1857097340
5620,320596850,48980,320645830,0,4,0,2048,35,1865472140
5621,320847729,11274,320859003,0,8,1,18432,28,3901772128
5622,320903626,191060,321094686,0,4,0,165888,35,6991473659
5623,321056509,140921,321197430,0,4,0,37376,35,9913813505
5624,321140939,13770,321154709,0,8,1,26624,28,6568169043
5625,321183721,1518,321185239,0,1,1,1536,19,4424652376
5626,321284528,4679,321289207,0,1,1,12288,19,3186746139
5627,321476902,3645,321480547,0,1,1,10240,19,3250863991
5628,321553472,203852,321757324,0,4,0,207872,35,8314024890
5629,321723828,2946,321726774,0,1,1,3072,19,8754770608
5630,321876104,22433,321898537,0,1,1,36864,19,5823154447
5631,322558665,7706,322566371,0,1,1,8192,19,10530970988
5632,322672454,2470,322674924,0,1,1,2560,19,3506366816
5633,322877311,3128,322880439,0,1,1,9216,19,2527389225
5634,322964668,45596,323010264,0,2,0,1024,12,7806798135
5635,323097955,82820,323180775,0,4,0,12288,35,9404332801
5636,323627567,49136,323676703,0,2,0,2560,12,9051020123
5637,324041950,5326,324047276,0,1,1,5632,19,7248636225
5638,324099625,3645,324103270,0,1,1,10240,19,8811921008
5639,324352018,61382,324413400,0,6,1,99328,8,5305515693
5640,324379138,5196,324384334,0,4,1,13312,35,3738978917
5641,324463753,566,324464319,0,7,1,512,26,9347769028
5642,324492198,189812,324682010,0,4,0,161792,35,4596840728
5643,324623663,58362,324682025,0,4,1,28672,35,6642378887
5644,325061739,105716,325167455,0,4,0,47104,35,807567030
5645,325086728,130689,325217417,0,4,0,48640,35,9670672361
5646,325121277,143726,325265003,0,4,0,67584,35,3540048475
5647,325270360,43904,325314264,0,2,0,512,12,4455394155
5648,325391651,4374,325396025,0,4,1,4608,35,6531128185
5649,325404424,48980,325453404,0,2,0,2048,12,5225626767
5650,325439575,566,325440141,0,4,1,512,35,3950050181
5651,325551917,4162,325556079,0,7,1,11264,26,9482815380
5652,325731024,6229,325737253,0,4,1,15360,35,2606656883
5653,325831453,47288,325878741,0,2,0,1536,12,2109015083
5654,325836342,48980,325885322,0,2,0,2048,12,4937543270
5655,325868334,5712,325874046,0,4,1,14336,35,5934510635
5656,326149298,3128,326152426,0,7,1,9216,26,6585200324
5657,326219299,5326,326224625,0,7,1,5632,26,354814472
5658,326331931,1042,326332973,0,7,1,1024,26,6121008911
5659,326437790,43904,326481694,0,2,0,512,12,5802888256
5660,326468633,3898,326472531,0,7,1,4096,26,8876679472
5661,326619706,23725,326643431,0,5,1,39424,16,10451593603
5662,326655747,3128,326658875,0,7,1,9216,26,4799524319
5663,326751333,48980,326800313,0,2,0,2048,12,7925174912
5664,326847016,95600,326942616,0,4,0,18944,35,9036693398
5665,326880146,14545,326894691,0,7,1,28160,26,894110877
5666,326991887,43904,327035791,0,2,0,512,12,8956534770
5667,327019919,43904,327063823,0,2,0,512,12,3150896810
5668,327049519,1518,327051037,0,6,1,1536,8,9421847024
5669,327139570,1518,327141088,0,7,1,1536,26,4782373586
5670,327159950,103844,327263794,0,4,0,40960,35,8774260194
5671,327167848,150960,327318808,0,4,0,38912,35,10627418796
5672,327384884,6754,327391638,0,7,1,7168,26,6207457261
5673,327453296,50672,327503968,0,2,0,2560,12,8914707556
5674,327528369,1518,327529887,0,5,1,1536,16,4437881285
5675,327587590,5802,327593392,0,7,1,6144,26,7641119265
5676,327653324,43904,327697228,0,2,0,512,12,723532410
5677,327657284,12308,327669592,0,0,1,20480,41,2253138742
5678,327696497,60824,327757321,0,2,0,5632,12,3233957388
5679,327868468,109772,327978240,0,4,0,60416,35,3282306268
5680,327928207,1994,327930201,0,4,1,2048,35,3569596463
5681,328087591,12825,328100416,0,7,1,21504,26,7580496799
5682,328125135,45596,328170731,0,2,0,1024,12,10015267927
5683,328138371,43904,328182275,0,2,0,512,12,5696313778
5684,328145860,47288,328193148,0,2,0,1536,12,4170013336
5685,328206155,43904,328250059,0,2,0,512,12,5124029560
5686,328547100,55748,328602848,0,2,0,4096,12,9966711174
5687,328550537,119132,328669669,0,4,0,91136,35,6686303471
5688,328631945,15321,328647266,0,7,1,29696,26,4736198536
5689,328753295,43904,328797199,0,2,0,512,12,7737780086
5690,328814434,48980,328863414,0,2,0,2048,12,5159582719
5691,328877109,85760,328962869,0,4,0,16896,35,7270506244
5692,328946155,1994,328948149,0,7,1,2048,26,7670871599
5693,329001984,43904,329045888,0,2,0,512,12,10349812644
5694,329090666,43904,329134570,0,2,0,512,12,5575529394
5695,329315730,98852,329414582,0,4,0,24576,35,8757294764
5696,329718503,5454,329723957,0,7,1,13824,26,4562204669
5697,329768398,2870,329771268,0,7,1,8704,26,8119193131
5698,329868570,45596,329914166,0,2,0,1024,12,2775271950
5699,329974658,11016,329985674,0,6,1,17920,8,10177449745
5700,330019269,3898,330023167,0,7,1,4096,26,6874226981
5701,330131452,3128,330134580,0,7,1,9216,26,10730787582
5702,330267994,12995,330280989,0,7,1,25088,26,860091505
5703,330293674,43628,330337302,0,6,1,74752,8,6018268365
5704,330441009,64912,330505921,0,6,1,109568,8,8141312411
5705,330544964,4937,330549901,0,7,1,12800,26,2929219651
5706,330564880,2870,330567750,0,8,1,8704,28,6347057859
5707,330581272,22174,330603446,0,6,1,36352,8,8027216675
5708,330766211,21916,330788127,0,6,1,35840,8,3162153667
5709,330948150,74779,331022929,0,6,1,125440,8,1762368756
5710,330990880,12566,331003446,0,9,1,20992,46,1158739222
5711,331076438,114140,331190578,0,4,0,74752,35,3034741310
5712,331174014,4374,331178388,0,6,1,4608,8,7039977920
5713,331186762,96048,331282810,0,4,0,23040,35,881028292
5714,331217399,74867,331292266,0,6,1,122368,8,865671582
5715,331265392,4374,331269766,0,7,1,4608,26,2244369306
5716,331422101,2470,331424571,0,7,1,2560,26,1052742725
5717,331484627,123344,331607971,0,4,0,104960,35,10479233582
5718,331525571,2870,331528441,0,7,1,8704,26,7162114456
5719,331659026,119444,331778470,0,4,0,92160,35,2932077222
5720,331673881,43628,331717509,0,6,1,74752,8,3669330036
5721,331675257,160195,331835452,0,4,0,51200,35,9725462964
5722,331943454,43904,331987358,0,2,0,512,12,1779402736
5723,332165012,2870,332167882,0,6,1,8704,8,8361362512
5724,332265032,47600,332312632,0,2,0,2560,12,4857991291
5725,332440437,99164,332539601,0,6,0,25600,8,2156515605
5726,332559557,5326,332564883,0,6,1,5632,8,5906815693
5727,332601205,1042,332602247,0,7,1,1024,26,8582630495
5728,332694260,108368,332802628,0,6,0,55808,8,2870292537
5729,332726689,47288,332773977,0,2,0,1536,12,10386751036
5730,332808149,47288,332855437,0,2,0,1536,12,9574758334
5731,332833367,54368,332887735,0,2,0,4608,12,5415415388
5732,332939029,102128,333041157,0,6,0,35328,8,2697699996
5733,332995375,125228,333120603,0,6,0,68096,8,10548357511
5734,333017705,110084,333127789,0,4,0,61440,35,5569311852
5735,333095262,2470,333097732,0,7,1,2560,26,1231978144
5736,333160269,48980,333209249,0,2,0,2048,12,2402465830
5737,333257307,87896,333345203,0,4,0,13824,35,3690931330
5738,333319383,93020,333412403,0,6,0,25600,8,10604330341
5739,333394486,2470,333396956,0,6,1,2560,8,8981534351
5740,333432135,5196,333437331,0,6,1,13312,8,4616874405
5741,333437393,11274,333448667,0,6,1,18432,8,2831303181
5742,333671492,43904,333715396,0,2,0,512,12,8449230730
5743,333672995,4374,333677369,0,1,1,4608,19,6272870590
5744,333724438,3128,333727566,0,1,1,9216,19,6786388985
5745,333786256,117416,333903672,0,6,0,85504,8,4742363029
5746,333788201,3128,333791329,0,1,1,9216,19,6575836466
5747,333910025,115700,334025725,0,6,0,79872,8,3230113433
5748,334098501,96716,334195217,0,6,0,27648,8,3422272161
5749,334148639,103688,334252327,0,4,0,40448,35,2799853179
5750,334189568,104961,334294529,0,6,0,26112,8,3616403806
5751,334484456,104312,334588768,0,4,0,42496,35,1723562370
5752,334518892,165476,334684368,0,2,0,147456,12,7389895402
5753,334594985,5802,334600787,0,6,1,6144,8,9678815516
5754,334610198,5326,334615524,0,7,1,5632,26,618388896
5755,334611821,12308,334624129,0,1,1,20480,19,1166531755
5756,334685170,116636,334801806,0,4,0,82944,35,3677169319
5757,334741908,121472,334863380,0,2,0,98816,12,2259056135
5758,334750392,124974,334875366,0,4,0,65024,35,7582015222
5759,334763197,157943,334921140,0,4,0,57856,35,2149727589
5760,334839396,5802,334845198,0,6,1,6144,8,8155339900
5761,334844307,110507,334954814,0,6,0,48640,8,2851439128
5762,334855035,3898,334858933,0,6,1,4096,8,8942345041
5763,334926085,234614,335160699,0,6,0,242176,8,2289923377
5764,335058067,121784,335179851,0,2,0,99840,12,6718972632
5765,335064015,1518,335065533,0,7,1,1536,26,4808370930
5766,335099537,185590,335285127,0,6,0,108544,8,7001818689
5767,335133154,5971,335139125,0,7,1,14848,26,8269963852
5768,335158619,3898,335162517,0,7,1,4096,26,10509046130
5769,335172436,260009,335432445,0,6,0,202752,8,8979102213
5770,335178714,12049,335190763,0,6,1,19968,8,7718469412
5771,335211944,2946,335214890,0,6,1,3072,8,9856775255
5772,335214402,3645,335218047,0,6,1,10240,8,10416052134
5773,335294743,113672,335408415,0,2,0,73216,12,2269952836
5774,335298801,7706,335306507,0,7,1,8192,26,690684017
5775,335340517,12737,335353254,0,6,1,24576,8,2615876868
5776,335394896,40963,335435859,0,6,1,3584,8,2132199248
5777,335448736,1994,335450730,0,6,1,2048,8,3184612886
5778,335462871,10499,335473370,0,6,1,16896,8,1324885773
5779,335522192,57440,335579632,0,6,0,4608,8,5335409793
5780,335550805,108368,335659173,0,8,0,55808,28,1450962733
5781,335555929,2870,335558799,0,7,1,8704,26,556589749
5782,335559582,81620,335641202,0,4,0,18432,35,8200677582
5783,335643928,6278,335650206,0,1,1,6656,19,10341915081
5784,335666086,11274,335677360,0,6,1,18432,8,1301071753
5785,335682860,130411,335813271,0,6,0,47616,8,7916739426
5786,335714185,127868,335842053,0,2,0,119808,12,1850946209
5787,335771286,4850,335776136,0,1,1,5120,19,2527555764
5788,335783309,104936,335888245,0,4,0,44544,35,703231253
5789,335903475,78392,335981867,0,4,0,17920,35,8220037197
5790,335918079,113048,336031127,0,6,0,71168,8,6210102350
5791,335956002,3128,335959130,0,7,1,9216,26,7198569361
5792,335994192,36950,336031142,0,6,1,34304,8,3704790213
5793,336090889,3898,336094787,0,7,1,4096,26,9125983651
5794,336099749,1042,336100791,0,6,1,1024,8,1378209936
5795,336189029,2470,336191499,0,6,1,2560,8,9401492066
5796,336208830,191996,336400826,0,4,0,168960,35,213647960
5797,336263564,566,336264130,0,7,1,512,26,6951777481
5798,336469406,6754,336476160,0,1,1,7168,19,2724625998
5799,336507733,4937,336512670,0,7,1,12800,26,2905863923
5800,336534668,566,336535234,0,1,1,512,19,1198575709
5801,336595630,121004,336716634,0,4,0,97280,35,5954857882
5802,336821491,105716,336927207,0,4,0,47104,35,10655779384
5803,336949667,117728,337067395,0,4,0,86528,35,6044167172
5804,337029869,105560,337135429,0,6,0,46592,8,9889715229
5805,337133536,2470,337136006,0,9,1,2560,46,7922263856
5806,337256963,7230,337264193,0,1,1,7680,19,2523551708
5807,337406300,1994,337408294,0,7,1,2048,26,4045049252
5808,337442627,12049,337454676,0,9,1,19968,46,2760552107
5809,337522688,361664,337884352,0,6,0,418304,8,6566559529
5810,337526752,14029,337540781,0,9,1,27136,46,1855701388
5811,337590478,12308,337602786,0,1,1,20480,19,6703774405
5812,337690009,4162,337694171,0,9,1,11264,46,3825276396
5813,337729117,13770,337742887,0,1,1,26624,19,4061425611
5814,337852267,7706,337859973,0,1,1,8192,19,1539505930
5815,338024155,69284,338093439,0,4,0,8192,35,9114908925
5816,338192728,23895,338216623,0,9,1,43008,46,9480511886
5817,338194484,27528,338222012,0,9,1,17408,46,4405974239
5818,338195325,6754,338202079,0,1,1,7168,19,69429337
5819,338244088,11791,338255879,0,7,1,19456,26,744527787
5820,338306071,4937,338311008,0,1,1,12800,19,3035004960
5821,338322617,2870,338325487,0,9,1,8704,46,8752155746
5822,338351438,3387,338354825,0,7,1,9728,26,2867187454
5823,338361900,116324,338478224,0,4,0,81920,35,5943204530
5824,338430626,40874,338471500,0,7,1,66048,26,9018030714
5825,338566856,198860,338765716,0,4,0,191488,35,8833372365
5826,338605596,2946,338608542,0,1,1,3072,19,3412078966
5827,338734712,120848,338855560,0,2,0,96768,12,1883105388
5828,338740601,3898,338744499,0,9,1,4096,46,9467300175
5829,338846385,5454,338851839,0,9,1,13824,46,8676853293
5830,339034361,70844,339105205,0,6,0,13312,8,231766102
5831,339271538,5326,339276864,0,7,1,5632,26,887655167
5832,339287616,4679,339292295,0,7,1,12288,26,707106909
5833,339434012,85472,339519484,0,6,0,20992,8,5296921549
5834,339529529,214148,339743677,0,2,0,241664,12,888085562
5835,339557352,187588,339744940,0,2,0,4096,12,4818007945
5836,339675398,109148,339784546,0,6,0,58368,8,8257425655
5837,339835426,4679,339840105,0,2,1,12288,12,10672901020
5838,339922117,131300,340053417,0,4,0,131072,35,3420142875
5839,339937319,245008,340182327,0,4,0,164864,35,3368521039
5840,339979053,108680,340087733,0,6,0,56832,8,6237203152
5841,340255564,114608,340370172,0,4,0,76288,35,4527128801
5842,340296542,170084,340466626,0,6,0,147456,8,7339836467
5843,340413642,105404,340519046,0,6,0,46080,8,5576886169
5844,340493778,4374,340498152,0,9,1,4608,46,6336854012
5845,340511875,109291,340621166,0,6,0,35328,8,587172122
5846,340640664,108368,340749032,0,4,0,55808,35,3980144361
5847,340748953,92179,340841132,0,4,0,27648,35,10678415456
5848,340799521,102908,340902429,0,4,0,37888,35,3579537045
5849,340997939,2946,341000885,0,3,1,3072,42,10318149330
5850,341042116,2946,341045062,0,3,1,3072,42,2045122777
5851,341331104,131144,341462248,0,6,0,130560,8,1236748276
5852,341423667,243361,341667028,0,6,0,210944,8,9576901873
5853,341446337,102752,341549089,0,2,0,37376,12,4306361323
5854,341448527,2946,341451473,0,3,1,3072,42,2914963782
5855,341710859,103376,341814235,0,2,0,39424,12,4757085133
5856,341730055,156108,341886163,0,2,0,114176,12,3160874839
5857,341869391,102284,341971675,0,6,0,35840,8,7026112816
5858,341940994,4374,341945368,0,5,1,4608,16,10731461406
5859,342134092,109304,342243396,0,6,0,58880,8,3690428641
5860,342238549,7230,342245779,0,5,1,7680,16,1351027973
5861,342266972,6754,342273726,0,2,1,7168,12,6474431384
5862,342483208,24154,342507362,0,3,1,43520,42,2396777636
5863,342487563,15062,342502625,0,5,1,29184,16,5309388460
5864,342554041,297308,342851349,0,4,0,353280,35,7678648263
5865,342630326,4374,342634700,0,2,1,4608,12,7477099444
5866,342658812,4850,342663662,0,3,1,5120,42,8036162643
5867,342784009,167900,342951909,0,4,0,30208,35,4435623619
5868,342849227,191528,343040755,0,2,0,167424,12,5745919958
5869,342926738,114968,343041706,0,2,0,3072,12,8926141215
5870,342929996,197387,343127383,0,2,0,152064,12,6486813100
5871,342984554,122252,343106806,0,6,0,101376,8,3313695632
5872,343008046,6754,343014800,0,5,1,7168,16,7893650365
5873,343044658,3898,343048556,0,5,1,4096,16,6595922394
5874,343170922,57440,343228362,0,2,0,4608,12,7095369105
5875,343171802,109616,343281418,0,4,0,59904,35,4557241239
5876,343258981,2946,343261927,0,2,1,3072,12,4510943059
5877,343334086,72980,343407066,0,2,0,10240,12,3374264269
5878,343349057,566,343349623,0,5,1,512,16,2810286832
5879,343372426,70976,343443402,0,6,0,8704,8,8505795777
5880,343558743,117572,343676315,0,4,0,86016,35,1461043169
5881,343659827,62516,343722343,0,2,0,6144,12,422321805
5882,343717619,3898,343721517,0,3,1,4096,42,788456202
5883,343728615,102440,343831055,0,2,0,36352,12,8823088374
5884,343747108,5196,343752304,0,3,1,13312,42,261326296
5885,343750795,209912,343960707,0,2,0,19456,12,5425155900
5886,343793953,102868,343896821,0,2,0,34304,12,8846796830
5887,343819644,3645,343823289,0,5,1,10240,16,2991868281
5888,343888016,117260,344005276,0,4,0,84992,35,7849885354
5889,343994168,68996,344063164,0,2,0,12288,12,7157891956
5890,344006693,13600,344020293,0,2,1,23040,12,894373427
5891,344032955,1518,344034473,0,3,1,1536,42,6256436996
5892,344113160,2470,344115630,0,2,1,2560,12,5742528556
5893,344116435,5802,344122237,0,3,1,6144,42,4312985160
5894,344248229,10499,344258728,0,2,1,16896,12,4308572725
5895,344318526,196988,344515514,0,4,0,185344,35,8159681101
5896,344351303,3645,344354948,0,5,1,10240,16,3185810313
5897,344392598,99476,344492074,0,2,0,26624,12,6261666040
5898,344403262,3128,344406390,0,5,1,9216,16,2050099708
5899,344474848,17241,344492089,0,2,1,18432,12,7044909648
5900,344576898,78392,344655290,0,4,0,17920,35,9616691368
5901,344621547,196052,344817599,0,4,0,182272,35,4186966246
5902,344650823,112580,344763403,0,2,0,69632,12,1499763056
5903,344657414,1042,344658456,0,2,1,1024,12,1756590092
5904,344662219,176767,344838986,0,4,0,70144,35,10188505419
5905,344707585,14287,344721872,0,2,1,27648,12,6119828427
5906,344874109,11791,344885900,0,2,1,19456,12,1410160518
5907,344908769,167144,345075913,0,6,0,142848,8,7989514458
5908,344992842,87295,345080137,0,6,0,13312,8,6946973351
5909,345017239,6278,345023517,0,2,1,6656,12,4738430540
5910,345181158,7230,345188388,0,5,1,7680,16,1354065550
5911,345258685,10241,345268926,0,2,1,16384,12,2017948751
5912,345366093,10499,345376592,0,2,1,16896,12,758819462
5913,345427168,3904,345431072,0,5,1,10752,16,2285464772
5914,345555553,3128,345558681,0,5,1,9216,16,3131360731
5915,345608390,286388,345894778,0,6,0,317440,8,6926848177
5916,345625518,2946,345628464,0,2,1,3072,12,1378228097
5917,345696382,6229,345702611,0,5,1,15360,16,416920764
5918,345777932,4420,345782352,0,0,1,11776,41,8411609665
5919,345882320,111770,345994090,0,6,0,26112,8,5477627723
5920,345895803,3422,345899225,0,2,1,3584,12,4958104692
5921,346005886,70688,346076574,0,6,0,12800,8,9585302540
5922,346196645,1994,346198639,0,2,1,2048,12,54616872
5923,346211322,7706,346219028,0,5,1,8192,16,4402130673
5924,346248443,12566,346261009,0,5,1,20992,16,699989455
5925,346307594,1518,346309112,0,2,1,1536,12,3346683959
5926,346316998,119132,346436130,0,2,0,91136,12,4759285834
5927,346367061,6229,346373290,0,4,1,15360,35,1219033808
5928,346461360,566,346461926,0,2,1,512,12,7168372415
5929,346574699,3422,346578121,0,6,1,3584,8,2235658407
5930,346577011,5802,346582813,0,5,1,6144,16,3432243645
5931,346654615,13858,346668473,0,5,1,23552,16,1749273170
5932,346702083,1518,346703601,0,4,1,1536,35,2818086218
5933,346829967,3898,346833865,0,4,1,4096,35,2816423143
5934,346865143,6229,346871372,0,6,1,15360,8,53172381
5935,346880425,5712,346886137,0,9,1,14336,46,1496247240
5936,347021123,1518,347022641,0,4,1,1536,35,1638462135
5937,347026710,12825,347039535,0,2,1,21504,12,10553820916
5938,347114117,566,347114683,0,5,1,512,16,5552140632
5939,347136514,4937,347141451,0,4,1,12800,35,210665424
5940,347225195,4679,347229874,0,5,1,12288,16,4475908308
5941,347230801,21399,347252200,0,4,1,34816,35,10226286628
5942,347301528,12566,347314094,0,5,1,20992,16,10468692979
5943,347316229,12566,347328795,0,4,1,20992,35,2743172465
5944,347360765,12825,347373590,0,4,1,21504,35,3776960845
5945,347398618,20624,347419242,0,2,1,33280,12,8036082403
5946,347570371,1042,347571413,0,2,1,1024,12,3312267961
5947,347587105,1518,347588623,0,2,1,1536,12,9593111580
5948,347741258,99500,347840758,0,2,0,31744,12,6442416478
5949,347941496,120692,348062188,0,2,0,96256,12,9618538226
5950,348197648,3128,348200776,0,2,1,9216,12,5922465548
5951,348563599,1518,348565117,0,5,1,1536,16,1937894375
5952,348661329,1042,348662371,0,2,1,1024,12,5399782960
5953,348696666,59132,348755798,0,6,0,5120,8,2935080257
5954,348780741,4420,348785161,0,5,1,11776,16,8421758811
5955,348801679,4374,348806053,0,5,1,4608,16,2044377917
5956,348866941,566,348867507,0,6,1,512,8,4690556463
5957,348988284,2946,348991230,0,5,1,3072,16,6478738321
5958,349088132,4850,349092982,0,2,1,5120,12,9854458416
5959,349218636,13083,349231719,0,6,1,22016,8,3741883329
5960,349339176,15579,349354755,0,4,1,30208,35,2762979806
5961,349518906,5802,349524708,0,2,1,6144,12,2772525327
5962,349579808,5971,349585779,0,2,1,14848,12,886891300
5963,349651343,102284,349753627,0,2,0,35840,12,2708794958
5964,349704770,248712,349953482,0,2,0,250880,12,8975461495
5965,349713995,4937,349718932,0,2,1,12800,12,5124345350
5966,349718193,296372,350014565,0,6,0,350208,8,3556098011
5967,349843406,116012,349959418,0,7,0,80896,26,3783393643
5968,350237881,1994,350239875,0,2,1,2048,12,5017080366
5969,350280568,116636,350397204,0,7,0,82944,26,3423129243
5970,350282637,11016,350293653,0,6,1,17920,8,6824033776
5971,350719069,206816,350925885,0,6,0,217600,8,3323771983
5972,350812599,6754,350819353,0,8,1,7168,28,2521928086
5973,350934666,1994,350936660,0,0,1,2048,41,6820919014
5974,350949819,69284,351019103,0,2,0,8192,12,1254319908
5975,351115996,104156,351220152,0,6,0,41984,8,3519251421
5976,351251893,113672,351365565,0,6,0,73216,8,1805504626
5977,351254643,5802,351260445,0,0,1,6144,41,691212622
5978,351351201,135048,351486249,0,6,0,96256,8,829350004
5979,351384832,14117,351398949,0,6,1,24064,8,998416327
5980,351419522,204040,351623562,0,6,0,145408,8,9280087209
5981,351513639,21658,351535297,0,8,1,35328,28,1389104830
5982,351578564,13083,351591647,0,8,1,22016,28,4298458115
5983,351634557,6278,351640835,0,7,1,6656,26,964774091
5984,351640551,1042,351641593,0,8,1,1024,28,4598396124
5985,351653873,13600,351667473,0,6,1,23040,8,1753580739
5986,351713742,10757,351724499,0,2,1,17408,12,565836613
5987,351782028,230714,352012742,0,2,0,229376,12,403258207
5988,351783968,20366,351804334,0,8,1,32768,28,1866143122
5989,351818290,15579,351833869,0,2,1,30208,12,4929395735
5990,351833289,5196,351838485,0,0,1,13312,41,200093445
5991,351859593,1042,351860635,0,2,1,1024,12,2988393464
5992,351883740,10241,351893981,0,8,1,16384,28,5491667459
5993,351929580,1994,351931574,0,0,1,2048,41,10321964747
5994,351943059,126776,352069835,0,6,0,116224,8,5802427255
5995,352056835,16414,352073249,0,6,1,3584,8,5329973586
5996,352202152,1994,352204146,0,6,1,2048,8,7778036663
5997,352258904,3422,352262326,0,8,1,3584,28,6969712486
5998,352269034,6754,352275788,0,8,1,7168,28,6164095377
5999,352273746,1518,352275264,0,2,1,1536,12,2935761959
6000,352341083,5326,352346409,0,2,1,5632,12,3405511547
6001,352358711,14029,352372740,0,2,1,27136,12,7843184275
6002,352360008,1042,352361050,0,8,1,1024,28,460341778
6003,352527732,15321,352543053,0,6,1,29696,8,9091127125
6004,352555486,10499,352565985,0,6,1,16896,8,7465811708
6005,352681378,2946,352684324,0,2,1,3072,12,7064589094
6006,352712104,3904,352716008,0,6,1,10752,8,6052354005
6007,352925024,2870,352927894,0,2,1,8704,12,9239834223
6008,352960669,4162,352964831,0,2,1,11264,12,6743761300
6009,353000302,52364,353052666,0,6,0,3072,8,6130692212
6010,353009068,5802,353014870,0,0,1,6144,41,2784051818
6011,353100095,43904,353143999,0,6,0,512,8,190134840
6012,353124862,5802,353130664,0,2,1,6144,12,2348421715
6013,353165302,1518,353166820,0,1,1,1536,19,2124569315
6014,353170347,16096,353186443,0,6,1,31232,8,2477215075
6015,353199229,1994,353201223,0,0,1,2048,41,3555133625
6016,353243205,1042,353244247,0,6,1,1024,8,7161031040
6017,353263822,3904,353267726,0,8,1,10752,28,501720790
6018,353312430,14804,353327234,0,0,1,28672,41,4097162517
6019,353333076,4374,353337450,0,6,1,4608,8,2412525203
6020,353549190,10241,353559431,0,8,1,16384,28,3368149772
6021,353570266,2470,353572736,0,1,1,2560,19,7005526059
6022,353576645,3898,353580543,0,2,1,4096,12,9988142819
6023,353703590,2946,353706536,0,6,1,3072,8,1050068078
6024,353829672,1042,353830714,0,8,1,1024,28,8327383221
6025,353887976,5196,353893172,0,1,1,13312,19,10392031904
6026,353967024,2470,353969494,0,6,1,2560,8,6919306342
6027,354009256,4374,354013630,0,6,1,4608,8,6404865360
6028,354016710,1042,354017752,0,0,1,1024,41,681853886
6029,354028955,1994,354030949,0,0,1,2048,41,344028467
6030,354067415,55748,354123163,0,2,0,4096,12,3917476823
6031,354105144,128024,354233168,0,2,0,120320,12,6480364031
6032,354133475,12825,354146300,0,7,1,21504,26,10015907822
6033,354191103,566,354191669,0,1,1,512,19,3589011299
6034,354215877,50672,354266549,0,6,0,2560,8,1235350167
6035,354232117,3898,354236015,0,6,1,4096,8,4030648640
6036,354304764,86360,354391124,0,2,0,13824,12,9861248546
6037,354323592,4937,354328529,0,2,1,12800,12,1540805933
6038,354342387,120212,354462599,0,2,0,49664,12,1328835539
6039,354408447,11274,354419721,0,1,1,18432,19,6750744070
6040,354411087,12825,354423912,0,2,1,21504,12,2421781031
6041,354420031,25704,354445735,0,8,1,46592,28,8413864463
6042,354494603,7230,354501833,0,0,1,7680,41,9398281024
6043,354536988,45596,354582584,0,6,0,1024,8,1811766470
6044,354632409,1994,354634403,0,1,1,2048,19,5580799551
6045,354646317,12308,354658625,0,2,1,20480,12,2797164416
6046,354693243,4679,354697922,0,2,1,12288,12,4555710919
6047,354803537,109460,354912997,0,2,0,59392,12,6890940216
6048,354857820,23466,354881286,0,8,1,38912,28,4416715021
6049,355056426,12566,355068992,0,1,1,20992,19,5587787273
6050,355145466,2870,355148336,0,6,1,8704,8,4854328706
6051,355161372,60515,355221887,0,6,0,1536,8,7112404378
6052,355278390,5454,355283844,0,8,1,13824,28,618267957
6053,355299345,1518,355300863,0,2,1,1536,12,9476373733
6054,355325012,2946,355327958,0,6,1,3072,8,4777320301
6055,355358540,4162,355362702,0,8,1,11264,28,5190961562
6056,355388597,50672,355439269,0,6,0,2560,8,4507514111
6057,355399926,13512,355413438,0,7,1,26112,26,588169581
6058,355438473,4937,355443410,0,0,1,12800,41,5171998102
6059,355546307,7230,355553537,0,7,1,7680,26,5608005578
6060,355587703,3898,355591601,0,1,1,4096,19,9479275006
6061,355602681,3128,355605809,0,6,1,9216,8,4769631124
6062,355648152,2870,355651022,0,0,1,8704,41,6067304317
6063,355681505,5802,355687307,0,1,1,6144,19,581284178
6064,355694828,3904,355698732,0,8,1,10752,28,7858924597
6065,355699506,3387,355702893,0,6,1,9728,8,1483215426
6066,355750707,6754,355757461,0,8,1,7168,28,78907181
6067,355764763,11016,355775779,0,9,1,17920,46,2117874700
6068,355816071,15579,355831650,0,1,1,30208,19,2341086316
6069,355975675,6754,355982429,0,0,1,7168,41,10339461925
6070,355986082,55748,356041830,0,2,0,4096,12,7404559915
6071,356059488,3898,356063386,0,7,1,4096,26,6421081399
6072,356109906,3387,356113293,0,7,1,9728,26,8878003881
6073,356207136,3898,356211034,0,5,1,4096,16,262706563
6074,356213159,6229,356219388,0,6,1,15360,8,7826246759
6075,356274877,6754,356281631,0,9,1,7168,46,1118964300
6076,356297782,4420,356302202,0,7,1,11776,26,6937100770
6077,356306617,5326,356311943,0,9,1,5632,46,8461996242
6078,356340990,6754,356347744,0,0,1,7168,41,7366392514
6079,356379898,32558,356412456,0,6,1,53248,8,10388939084
6080,356459530,4420,356463950,0,9,1,11776,46,387042192
6081,356459809,3387,356463196,0,8,1,9728,28,619457966
6082,356520824,12308,356533132,0,8,1,20480,28,3782812298
6083,356547638,7706,356555344,0,0,1,8192,41,6391727027
6084,356559741,57440,356617181,0,6,0,4608,8,7077866241
6085,356566581,45596,356612177,0,6,0,1024,8,2988217809
6086,356627372,123968,356751340,0,2,0,107008,12,5978708813
6087,356685279,566,356685845,0,5,1,512,16,842240124
6088,356719727,2946,356722673,0,0,1,3072,41,10152011986
6089,356727021,5326,356732347,0,6,1,5632,8,6612301054
6090,356736206,3422,356739628,0,7,1,3584,26,5287164489
6091,356750135,4679,356754814,0,7,1,12288,26,998959577
6092,356812933,15579,356828512,0,8,1,30208,28,8035769270
6093,356818542,106808,356925350,0,2,0,50688,12,2733839511
6094,356857252,43904,356901156,0,6,0,512,8,7083174761
6095,356929924,64208,356994132,0,6,0,6656,8,6312014574
6096,356941109,566,356941675,0,9,1,512,46,3998521537
6097,356957849,10757,356968606,0,7,1,17408,26,7924149487
6098,356977308,15321,356992629,0,8,1,29696,28,814249070
6099,357021116,13341,357034457,0,5,1,22528,16,2007109999
6100,357087153,1994,357089147,0,8,1,2048,28,9768154661
6101,357146088,272576,357418664,0,2,0,287232,12,5278746570
6102,357163326,3128,357166454,0,6,1,9216,8,1220830911
6103,357177506,1994,357179500,0,5,1,2048,16,3159215061
6104,357252406,2870,357255276,0,0,1,8704,41,4772526889
6105,357305198,11791,357316989,0,0,1,19456,41,10131341325
6106,357412292,1994,357414286,0,0,1,2048,41,5155497483
6107,357464466,5802,357470268,0,5,1,6144,16,9316892736
6108,357514786,7706,357522492,0,7,1,8192,26,1664748497
6109,357536999,2946,357539945,0,8,1,3072,28,8998636007
6110,357573747,103433,357677180,0,9,1,167936,46,8037549711
6111,357621448,6229,357627677,0,7,1,15360,26,6841819211
6112,357647984,4374,357652358,0,6,1,4608,8,6765909938
6113,357660424,20624,357681048,0,0,1,33280,41,4950905097
6114,357673802,2470,357676272,0,6,1,2560,8,6712830799
6115,357854691,7230,357861921,0,0,1,7680,41,5220700973
6116,357890492,4374,357894866,0,0,1,4608,41,221018176
6117,357927605,11274,357938879,0,7,1,18432,26,457382642
6118,357961651,1994,357963645,0,8,1,2048,28,5010488659
6119,358022233,5802,358028035,0,8,1,6144,28,8391697945
6120,358110352,5326,358115678,0,8,1,5632,28,10131506491
6121,358181116,1518,358182634,0,0,1,1536,41,228339049
6122,358207821,1518,358209339,0,6,1,1536,8,7329575179
6123,358236755,45596,358282351,0,6,0,1024,8,3416847419
6124,358247090,7230,358254320,0,6,1,7680,8,810302966
6125,358256915,3128,358260043,0,0,1,9216,41,2046557285
6126,358303773,1994,358305767,0,8,1,2048,28,9305850697
6127,358312007,4420,358316427,0,6,1,11776,8,6725373095
6128,358312902,3904,358316806,0,0,1,10752,41,10358728025
6129,358318026,47288,358365314,0,2,0,1536,12,7334451130
6130,358369995,5971,358375966,0,6,1,14848,8,10369984422
6131,358390779,4162,358394941,0,8,1,11264,28,5447883455
6132,358434555,48980,358483535,0,6,0,2048,8,7363162262
6133,358451579,102284,358553863,0,2,0,35840,12,5160016788
6134,358513497,107120,358620617,0,2,0,51712,12,7457350612
6135,358566601,45596,358612197,0,6,0,1024,8,7439267221
6136,358600470,182108,358782578,0,7,0,156672,26,3058804259
6137,358680165,7230,358687395,0,0,1,7680,41,9302979611
6138,358713262,66979,358780241,0,9,1,113664,46,5063597682
6139,359035366,45596,359080962,0,6,0,1024,8,686069261
6140,359180488,45596,359226084,0,6,0,1024,8,5120788211
6141,359192542,45752,359238294,0,6,0,1536,8,363223710
6142,359202354,5454,359207808,0,9,1,13824,46,9160438708
6143,359357118,2870,359359988,0,7,1,8704,26,10275681156
6144,359422927,54617,359477544,0,9,1,89600,46,9604397489
6145,359510524,112424,359622948,0,2,0,69120,12,6651916106
6146,359552689,4937,359557626,0,0,1,12800,41,9952840845
6147,359700568,12049,359712617,0,6,1,19968,8,10374963281
6148,359730574,4679,359735253,0,7,1,12288,26,1455353750
6149,359792637,4850,359797487,0,7,1,5120,26,4259645347
6150,359799336,5454,359804790,0,6,1,13824,8,5429589516
6151,359823350,32558,359855908,0,0,1,53248,41,5185655139
6152,360085751,45752,360131503,0,6,0,1536,8,8535555322
6153,360475655,566,360476221,0,4,1,512,35,6354016640
6154,360530738,566,360531304,0,7,1,512,26,446412551
6155,360558193,1518,360559711,0,4,1,1536,35,3394144574
6156,360787605,6754,360794359,0,7,1,7168,26,2034317690
6157,360815301,12049,360827350,0,7,1,19968,26,5696398067
6158,360929123,2870,360931993,0,7,1,8704,26,2024740323
6159,361012130,45596,361057726,0,6,0,1024,8,9423604491
6160,361055561,60824,361116385,0,2,0,5632,12,563110240
6161,361086856,15321,361102177,0,4,1,29696,35,8766424026
6162,361096193,566,361096759,0,6,1,512,8,2216604050
6163,361224009,10499,361234508,0,8,1,16896,28,3078565827
6164,361241369,4850,361246219,0,4,1,5120,35,7335676232
6165,361307873,2946,361310819,0,6,1,3072,8,1856596782
6166,361427765,21658,361449423,0,6,1,35328,8,1994606728
6167,361503219,3898,361507117,0,8,1,4096,28,1122401634
6168,361615761,566,361616327,0,4,1,512,35,5285198108
6169,361619435,7706,361627141,0,4,1,8192,35,5228681448
6170,361685244,57440,361742684,0,6,0,4608,8,8603375458
6171,361833707,1042,361834749,0,4,1,1024,35,8170854101
6172,361866223,23466,361889689,0,6,1,38912,8,567866659
6173,361955419,5196,361960615,0,8,1,13312,28,168368264
6174,361974972,3128,361978100,0,7,1,9216,26,8969401054
6175,361975810,66056,362041866,0,2,0,7680,12,789143263
6176,361988625,1994,361990619,0,6,1,2048,8,5980345544
6177,362019447,3128,362022575,0,8,1,9216,28,10723943330
6178,362166369,5971,362172340,0,6,1,14848,8,9959541453
6179,362194743,47288,362242031,0,6,0,1536,8,5852955576
6180,362197466,7230,362204696,0,7,1,7680,26,857842089
6181,362275846,566,362276412,0,7,1,512,26,5405598972
6182,362284968,3904,362288872,0,7,1,10752,26,751113231
6183,362369444,22174,362391618,0,6,1,36352,8,2737150664
6184,362439071,3645,362442716,0,4,1,10240,35,9641943804
6185,362470019,2870,362472889,0,7,1,8704,26,10135064740
6186,362529944,1518,362531462,0,6,1,1536,8,8832825425
6187,362558534,16613,362575147,0,6,1,32256,8,8565811204
6188,362602842,12995,362615837,0,8,1,25088,28,7891057786
6189,362621850,23983,362645833,0,8,1,39936,28,412868627
6190,362857236,3898,362861134,0,0,1,4096,41,4546631369
6191,362882191,15062,362897253,0,4,1,29184,35,4953155836
6192,362939189,7230,362946419,0,4,1,7680,35,7075174146
6193,363066928,566,363067494,0,4,1,512,35,7763228289
6194,363126167,101348,363227515,0,2,0,32768,12,8364025996
6195,363140875,3387,363144262,0,0,1,9728,41,8888616
6196,363253411,7706,363261117,0,0,1,8192,41,355060568
6197,363270715,3898,363274613,0,0,1,4096,41,5352236084
6198,363304450,14287,363318737,0,0,1,27648,41,8422528522
6199,363335992,1994,363337986,0,0,1,2048,41,10596570461
6200,363380812,2470,363383282,0,0,1,2560,41,8971063069
6201,363399194,6754,363405948,0,4,1,7168,35,7349999363
6202,363412433,15062,363427495,0,7,1,29184,26,6862390246
6203,363711062,5971,363717033,0,0,1,14848,41,9145734400
6204,363721614,45596,363767210,0,6,0,1024,8,2005025813
6205,363740997,1994,363742991,0,6,1,2048,8,4096264395
6206,363753346,2870,363756216,0,3,1,8704,42,496530876
6207,363823199,2870,363826069,0,6,1,8704,8,3477556577
6208,363917265,1994,363919259,0,4,1,2048,35,7743997974
6209,363980215,11016,363991231,0,6,1,17920,8,5624752327
6210,364087952,13858,364101810,0,3,1,23552,42,5274381353
6211,364159767,52364,364212131,0,6,0,3072,8,7486384268
6212,364203746,15579,364219325,0,3,1,30208,42,8951782340
6213,364260524,1518,364262042,0,4,1,1536,35,8962979579
6214,364343824,4420,364348244,0,0,1,11776,41,455978719
6215,364393142,2470,364395612,0,6,1,2560,8,8368642809
6216,364393881,166832,364560713,0,2,0,141824,12,3231900577
6217,364436191,6754,364442945,0,1,1,7168,19,10062107818
6218,364455642,45596,364501238,0,6,0,1024,8,5551568866
6219,364516918,52807,364569725,0,6,0,2048,8,194452025
6220,364559762,47288,364607050,0,6,0,1536,8,9966275078
6221,364569579,89744,364659323,0,2,0,14848,12,1822743199
6222,364576740,4162,364580902,0,1,1,11264,19,10584678261
6223,364595663,3387,364599050,0,0,1,9728,41,8055595067
6224,364607021,4162,364611183,0,4,1,11264,35,1058128334
6225,364654451,13083,364667534,0,6,1,22016,8,3264653996
6226,364744968,2870,364747838,0,1,1,8704,19,6235148714
6227,364777121,13253,364790374,0,3,1,25600,42,3401164744
6228,364844207,5802,364850009,0,1,1,6144,19,5758720875
6229,364849462,97160,364946622,0,2,0,24064,12,4940995071
6230,364999565,3387,365002952,0,1,1,9728,19,6303248398
6231,365032797,117260,365150057,0,2,0,84992,12,953997172
6232,365075193,12308,365087501,0,6,1,20480,8,7518103659
6233,365078688,50238,365128926,0,6,0,2048,8,5940224795
6234,365118865,5326,365124191,0,4,1,5632,35,1072104236
6235,365137620,3422,365141042,0,6,1,3584,8,3547719235
6236,365156808,4162,365160970,0,3,1,11264,42,3242034112
6237,365250828,6229,365257057,0,1,1,15360,19,7214409517
6238,365307344,3898,365311242,0,6,1,4096,8,5938898850
6239,365366577,12049,365378626,0,1,1,19968,19,7098029345
6240,365376490,1042,365377532,0,3,1,1024,42,3183125965
6241,365411922,7230,365419152,0,1,1,7680,19,8373413048
6242,365442299,10499,365452798,0,3,1,16896,42,6642195686
6243,365490546,15062,365505608,0,4,1,29184,35,2174425511
6244,365603000,107588,365710588,0,2,0,53248,12,5691839671
6245,365767484,5326,365772810,0,3,1,5632,42,3279577841
6246,365881392,21658,365903050,0,4,1,35328,35,8701179640
6247,366040731,2870,366043601,0,6,1,8704,8,488291109
6248,366155171,128492,366283663,0,2,0,121856,12,1607245910
6249,366224475,10499,366234974,0,4,1,16896,35,6270970654
6250,366325105,109460,366434565,0,2,0,59392,12,10339889775
6251,366471453,45596,366517049,0,6,0,1024,8,6268488513
6252,366510812,1042,366511854,0,4,1,1024,35,7545441298
6253,366569611,3387,366572998,0,1,1,9728,19,6840644332
6254,366696046,4850,366700896,0,4,1,5120,35,2458545027
6255,366825598,48980,366874578,0,6,0,2048,8,10482186784
6256,366829833,50672,366880505,0,6,0,2560,8,7511974217
6257,366917023,15321,366932344,0,4,1,29696,35,2721658347
6258,366992271,47288,367039559,0,6,0,1536,8,1131814490
6259,367158913,6278,367165191,0,4,1,6656,35,3077405854
6260,367709183,16096,367725279,0,4,1,31232,35,9612087200
6261,367730224,3422,367733646,0,4,1,3584,35,9114420673
6262,367750630,6488,367757118,0,4,1,15872,35,3192848274
6263,367993546,13341,368006887,0,4,1,22528,35,501239434
6264,368007473,43904,368051377,0,6,0,512,8,5743635158
6265,368198738,64208,368262946,0,6,0,6656,8,9616611999
6266,368232785,1518,368234303,0,4,1,1536,35,7557601049
6267,368487662,47288,368534950,0,6,0,1536,8,10248062186
6268,368620977,52364,368673341,0,6,0,3072,8,6242316560
6269,368851349,1042,368852391,0,4,1,1024,35,6421242400
6270,369184773,47288,369232061,0,6,0,1536,8,1423487315
6271,369265835,43904,369309739,0,6,0,512,8,6334751795
6272,369270671,4850,369275521,0,4,1,5120,35,2661815029
6273,369274866,4374,369279240,0,2,1,4608,12,6193650610
6274,369373436,2870,369376306,0,1,1,8704,19,629149664
6275,369635013,4679,369639692,0,4,1,12288,35,1606123661
6276,369693915,14117,369708032,0,3,1,24064,42,2654897811
6277,369716475,5971,369722446,0,1,1,14848,19,3617781206
6278,369817663,2470,369820133,0,8,1,2560,28,7476805893
6279,369840450,4420,369844870,0,1,1,11776,19,4033243991
6280,369884237,45596,369929833,0,6,0,1024,8,2045438540
6281,369936463,1042,369937505,0,4,1,1024,35,9572633799
6282,369969447,1518,369970965,0,4,1,1536,35,4466175254
6283,370082744,4162,370086906,0,4,1,11264,35,8052540070
6284,370120697,1518,370122215,0,4,1,1536,35,2186674145
6285,370125014,13600,370138614,0,4,1,23040,35,2303996457
6286,370138735,7706,370146441,0,4,1,8192,35,2761610570
6287,370142406,2946,370145352,0,1,1,3072,19,3777356150
6288,370182257,15837,370198094,0,4,1,30720,35,891418348
6289,370191224,4374,370195598,0,8,1,4608,28,4723455636
6290,370255034,1518,370256552,0,8,1,1536,28,126811555
6291,370392951,2470,370395421,0,3,1,2560,42,8821257237
6292,370440770,6488,370447258,0,6,1,15872,8,6972771785
6293,370676874,11274,370688148,0,8,1,18432,28,4394578507
6294,370739954,3904,370743858,0,1,1,10752,19,10268098882
6295,370754893,10499,370765392,0,1,1,16896,19,489946401
6296,370849947,3898,370853845,0,1,1,4096,19,172913185
6297,370877486,6278,370883764,0,8,1,6656,28,903194849
6298,370925769,4850,370930619,0,8,1,5120,28,6814513639
6299,370967412,3422,370970834,0,4,1,3584,35,917873965
6300,371109324,566,371109890,0,8,1,512,28,7610916543
6301,371184923,48980,371233903,0,6,0,2048,8,2324365427
6302,371239049,3904,371242953,0,1,1,10752,19,10113496087
6303,371256921,11791,371268712,0,1,1,19456,19,9529907945
6304,371303349,5802,371309151,0,4,1,6144,35,7166730689
6305,371426673,1518,371428191,0,8,1,1536,28,2922793796
6306,371536415,43904,371580319,0,6,0,512,8,6176672350
6307,371551128,47288,371598416,0,6,0,1536,8,8550798387
6308,371584593,3128,371587721,0,8,1,9216,28,3542245776
6309,371655376,3387,371658763,0,4,1,9728,35,4737524135
6310,371693599,3904,371697503,0,1,1,10752,19,2741582218
6311,371733990,5326,371739316,0,1,1,5632,19,9792920897
6312,371759117,45596,371804713,0,6,0,1024,8,8274395954
6313,371793100,3387,371796487,0,8,1,9728,28,2134451356
6314,371862687,7230,371869917,0,9,1,7680,46,8061693579
6315,371943811,43975,371987786,0,8,1,72192,28,4085076826
6316,371970000,7230,371977230,0,4,1,7680,35,3841433437
6317,372013178,130045,372143223,0,4,0,1024,35,6946884877
6318,372067699,1042,372068741,0,4,1,1024,35,467535673
6319,372236347,1994,372238341,0,1,1,2048,19,7836375511
6320,372380265,47600,372427865,0,6,0,2560,8,9454277881
6321,372444621,566,372445187,0,5,1,512,16,4156856199
6322,372467406,3422,372470828,0,5,1,3584,16,8164101024
6323,372468818,5326,372474144,0,4,1,5632,35,9862101951
6324,372625519,1042,372626561,0,4,1,1024,35,3273336928
6325,372642653,5802,372648455,0,1,1,6144,19,8318418878
6326,372815606,4420,372820026,0,5,1,11776,16,5893298234
6327,372855278,2870,372858148,0,1,1,8704,19,10245319986
6328,372858000,1994,372859994,0,4,1,2048,35,5788117795
6329,372863013,1994,372865007,0,4,1,2048,35,7143771638
6330,372985949,2946,372988895,0,4,1,3072,35,3478353049
6331,373039250,6229,373045479,0,5,1,15360,16,10004983800
6332,373218918,3422,373222340,0,4,1,3584,35,9915083565
6333,373573006,2946,373575952,0,4,1,3072,35,8251085070
6334,373625622,6278,373631900,0,5,1,6656,16,5709014396
6335,373743845,45596,373789441,0,6,0,1024,8,9452945849
6336,373788535,3128,373791663,0,1,1,9216,19,5189809904
6337,373955126,1042,373956168,0,4,1,1024,35,820223777
6338,374063682,3128,374066810,0,1,1,9216,19,2794989390
6339,374089435,5802,374095237,0,5,1,6144,16,5013845057
6340,374249377,3422,374252799,0,5,1,3584,16,215039861
6341,374497734,5326,374503060,0,1,1,5632,19,10654532940
6342,374509651,12737,374522388,0,9,1,24576,46,10637048382
6343,374775967,3898,374779865,0,5,1,4096,16,10553069198
6344,374895659,2870,374898529,0,4,1,8704,35,1100305725
6345,374929355,2946,374932301,0,3,1,3072,42,9986462799
6346,374961997,5712,374967709,0,9,1,14336,46,3040912852
6347,374998430,7706,375006136,0,1,1,8192,19,9736587611
6348,375048498,15837,375064335,0,5,1,30720,16,5795567283
6349,375057700,1994,375059694,0,4,1,2048,35,8352670825
6350,375201634,23466,375225100,0,9,1,38912,46,275618488
6351,375205241,1518,375206759,0,3,1,1536,42,7606503391
6352,375312687,41391,375354078,0,9,1,67072,46,8625044161
6353,375370577,2946,375373523,0,1,1,3072,19,2022741880
6354,375380622,57440,375438062,0,6,0,4608,8,8525759406
6355,375491534,14029,375505563,0,9,1,27136,46,9700776479
6356,375529850,135100,375664950,0,9,1,219648,46,5814348541
6357,375539319,126092,375665411,0,9,1,10240,46,6416021328
6358,375677329,4374,375681703,0,5,1,4608,16,6292325482
6359,375704197,1518,375705715,0,1,1,1536,19,7924817198
6360,375892788,237812,376130600,0,9,1,389632,46,7072630909
6361,375961738,3898,375965636,0,3,1,4096,42,5874898651
6362,375974096,3128,375977224,0,5,1,9216,16,5329520886
6363,376030439,5802,376036241,0,4,1,6144,35,4388725557
6364,376049802,20366,376070168,0,3,1,32768,42,6410922743
6365,376077975,1994,376079969,0,3,1,2048,42,2791953582
6366,376230742,3128,376233870,0,5,1,9216,16,2305792418
6367,376274011,1518,376275529,0,5,1,1536,16,8289370775
6368,376408648,1518,376410166,0,5,1,1536,16,331814081
6369,376473148,43904,376517052,0,6,0,512,8,2172961891
6370,376492940,23895,376516835,0,9,1,43008,46,7649531463
6371,376520083,10757,376530840,0,9,1,17408,46,9678065431
6372,376576447,5802,376582249,0,3,1,6144,42,7216029986
6373,376684975,2946,376687921,0,5,1,3072,16,2269274686
6374,376684998,4074,376689072,0,5,1,9216,16,5559638750
6375,376700344,5326,376705670,0,1,1,5632,19,10454833897
6376,376714272,6278,376720550,0,6,1,6656,8,7770230401
6377,376759380,5802,376765182,0,1,1,6144,19,8060206330
6378,376870393,5712,376876105,0,3,1,14336,42,870650783
6379,376873412,43904,376917316,0,6,0,512,8,785359860
6380,376905867,3898,376909765,0,5,1,4096,16,3165649744
6381,376924534,566,376925100,0,1,1,512,19,5548004257
6382,376950225,12308,376962533,0,4,1,20480,35,4939711494
6383,377016335,11016,377027351,0,3,1,17920,42,2287945021
6384,377035142,3898,377039040,0,5,1,4096,16,4281134201
6385,377180744,62516,377243260,0,6,0,6144,8,2334546017
6386,377250509,6229,377256738,0,5,1,15360,16,9638879513
6387,377370998,566,377371564,0,1,1,512,19,10284707681
6388,377380050,43904,377423954,0,6,0,512,8,8579798101
6389,377415534,1994,377417528,0,3,1,2048,42,965693239
6390,377473976,23208,377497184,0,5,1,38400,16,1320921259
6391,377521324,566,377521890,0,1,1,512,19,8408880499
6392,377707739,43904,377751643,0,1,0,512,19,1012428300
6393,377709461,2870,377712331,0,5,1,8704,16,9141763631
6394,377720039,12566,377732605,0,3,1,20992,42,9898487875
6395,377733569,63458,377797027,0,1,0,1024,19,6386830960
6396,377779725,50672,377830397,0,1,0,2560,19,7255478031
6397,377997444,3904,378001348,0,5,1,10752,16,5938109566
6398,378037920,3387,378041307,0,1,1,9728,19,9270978611
6399,378113975,566,378114541,0,4,1,512,35,1747320687
6400,378225317,45596,378270913,0,6,0,1024,8,7176505168
6401,378429150,1042,378430192,0,1,1,1024,19,8952708084
6402,378439899,57440,378497339,0,1,0,4608,19,8608864008
6403,378442825,4420,378447245,0,5,1,11776,16,7632445009
6404,378455613,45596,378501209,0,6,0,1024,8,8218939046
6405,378512941,13770,378526711,0,4,1,26624,35,9849103774
6406,378586961,43904,378630865,0,1,0,512,19,10056325190
6407,378632122,2946,378635068,0,3,1,3072,42,5590671955
6408,378760893,11016,378771909,0,4,1,17920,35,6717523933
6409,378810890,4162,378815052,0,1,1,11264,19,6189587190
6410,378844131,47062,378891193,0,1,0,512,19,8131738956
6411,378907854,7230,378915084,0,3,1,7680,42,2281337062
6412,378920577,54056,378974633,0,6,0,3584,8,647405672
6413,378928441,1042,378929483,0,3,1,1024,42,8852868695
6414,379011253,2470,379013723,0,7,1,2560,26,7654647121
6415,379029823,7230,379037053,0,7,1,7680,26,2939213056
6416,379079990,6229,379086219,0,1,1,15360,19,1828807182
6417,379107365,43904,379151269,0,6,0,512,8,6318260620
6418,379133034,5196,379138230,0,3,1,13312,42,2984515544
6419,379281639,52988,379334627,0,6,0,5120,8,1095585114
6420,379281671,54780,379336451,0,6,0,1024,8,3608759132
6421,379336853,1518,379338371,0,1,1,1536,19,1466809574
6422,379463729,99944,379563673,0,8,0,28160,28,2937400819
6423,379562390,1518,379563908,0,5,1,1536,16,2335203575
6424,379575046,55748,379630794,0,1,0,4096,19,4413495438
6425,379707830,1042,379708872,0,5,1,1024,16,1741099949
6426,379772907,12308,379785215,0,3,1,20480,42,4499084794
6427,379847758,5454,379853212,0,3,1,13824,42,1419064833
6428,379871862,1994,379873856,0,1,1,2048,19,5750981214
6429,379890878,1994,379892872,0,1,1,2048,19,7677416605
6430,379896181,3904,379900085,0,5,1,10752,16,3496318791
6431,379927127,5971,379933098,0,4,1,14848,35,8459314750
6432,380028228,3422,380031650,0,7,1,3584,26,1290312087
6433,380044330,5712,380050042,0,3,1,14336,42,2063142949
6434,380057113,3898,380061011,0,4,1,4096,35,6923137645
6435,380099652,52520,380152172,0,1,0,3584,19,8605475414
6436,380125396,48980,380174376,0,1,0,2048,19,1265660847
6437,380198131,43904,380242035,0,6,0,512,8,3310609369
6438,380235738,2946,380238684,0,4,1,3072,35,1427025212
6439,380247800,2470,380250270,0,3,1,2560,42,6748774201
6440,380254879,1994,380256873,0,5,1,2048,16,8151299660
6441,380267199,1042,380268241,0,3,1,1024,42,8326090752
6442,380693549,49136,380742685,0,6,0,2560,8,9426417403
6443,380796291,6754,380803045,0,5,1,7168,16,7081670484
6444,380935510,16613,380952123,0,4,1,32256,35,7577137440
6445,380979951,47288,381027239,0,1,0,1536,19,5692290804
6446,381160994,1518,381162512,0,1,1,1536,19,8620762032
6447,381215650,3645,381219295,0,1,1,10240,19,784098670
6448,381242733,6754,381249487,0,5,1,7168,16,9520454884
6449,381261447,132628,381394075,0,1,0,1536,19,795848032
6450,381479682,3904,381483586,0,1,1,10752,19,8884096082
6451,381516916,5196,381522112,0,5,1,13312,16,1518699183
6452,381518646,5092,381523738,0,5,1,2560,16,6778909978
6453,381564805,237308,381802113,0,8,0,267264,28,8780256393
6454,381627095,199246,381826341,0,8,0,47104,28,5270751746
6455,381716957,47288,381764245,0,1,0,1536,19,8481422316
6456,381750230,179899,381930129,0,8,0,120320,28,3248580806
6457,381945611,566,381946177,0,1,1,512,19,1001870471
6458,381978703,3422,381982125,0,4,1,3584,35,4679742752
6459,381989158,52364,382041522,0,6,0,3072,8,5075535317
6460,382057730,106184,382163914,0,1,0,48640,19,3618164768
6461,382169064,110084,382279148,0,1,0,61440,19,274321366
6462,382180704,566,382181270,0,4,1,512,35,5852349509
6463,382216192,127868,382344060,0,8,0,119808,28,2922284100
6464,382218424,5326,382223750,0,4,1,5632,35,36137177
6465,382429301,113516,382542817,0,1,0,72704,19,8383763905
6466,382434981,4162,382439143,0,1,1,11264,19,5754736429
6467,382521697,23120,382544817,0,4,1,41472,35,6622417004
6468,382541657,3645,382545302,0,4,1,10240,35,7858889683
6469,382706059,4420,382710479,0,1,1,11776,19,8965675059
6470,382895931,7706,382903637,0,8,1,8192,28,2594941917
6471,383020574,79172,383099746,0,1,0,20480,19,151944300
6472,383124375,50672,383175047,0,6,0,2560,8,2037033217
6473,383498051,6278,383504329,0,4,1,6656,35,3827531091
6474,383588380,60536,383648916,0,8,0,9728,28,3962507925
6475,383596620,149838,383746458,0,8,0,101888,28,4257235809
6476,383678847,108524,383787371,0,1,0,56320,19,1022124053
6477,384010518,45596,384056114,0,8,0,1024,28,10311124457
6478,384159247,3898,384163145,0,1,1,4096,19,8918800639
6479,384190329,3128,384193457,0,1,1,9216,19,7268414858
6480,384341866,45752,384387618,0,8,0,1536,28,1948040383
6481,384416473,10241,384426714,0,4,1,16384,35,4973481612
6482,384640556,12566,384653122,0,4,1,20992,35,4540267134
6483,384707877,22950,384730827,0,1,1,37888,19,7381385389
6484,384745621,6278,384751899,0,1,1,6656,19,2453123445
6485,385104954,33075,385138029,0,9,1,54272,46,2434371523
6486,385156864,199016,385355880,0,8,0,192000,28,5551576358
6487,385192281,5326,385197607,0,9,1,5632,46,2764437492
6488,385222599,11016,385233615,0,4,1,17920,35,10658218266
6489,385230128,4162,385234290,0,9,1,11264,46,662230487
6490,385315489,6229,385321718,0,4,1,15360,35,3715084271
6491,385326454,10241,385336695,0,4,1,16384,35,6310045783
6492,385352896,48980,385401876,0,6,0,2048,8,10092931180
6493,385353103,5196,385358299,0,4,1,13312,35,7749465476
6494,385434539,6754,385441293,0,4,1,7168,35,5549725449
6495,385481909,191684,385673593,0,8,0,167936,28,9404837647
6496,385568370,6754,385575124,0,4,1,7168,35,1768431127
6497,385592555,118208,385710763,0,8,0,61952,28,6108943367
6498,385597518,65687,385663205,0,9,1,111104,46,7095970952
6499,385666975,3904,385670879,0,4,1,10752,35,3869509075
6500,385938961,45596,385984557,0,6,0,1024,8,7902928757
6501,385960601,54056,386014657,0,6,0,3584,8,639115733
6502,386022929,43904,386066833,0,6,0,512,8,9885730405
6503,386163852,48980,386212832,0,6,0,2048,8,6525192621
6504,386192517,106184,386298701,0,1,0,48640,19,1740347377
6505,386265863,6278,386272141,0,4,1,6656,35,4003275729
6506,386268213,16096,386284309,0,4,1,31232,35,8299752074
6507,386283601,47288,386330889,0,6,0,1536,8,1437551758
6508,386287737,30491,386318228,0,4,1,49152,35,9439178139
6509,386289860,101816,386391676,0,8,0,34304,28,5605067103
6510,386407251,107432,386514683,0,1,0,52736,19,10217365185
6511,386447188,52364,386499552,0,8,0,3072,28,3118412200
6512,386580683,1042,386581725,0,4,1,1024,35,3151912149
6513,386586687,5971,386592658,0,4,1,14848,35,9189792368
6514,386766953,3422,386770375,0,5,1,3584,16,5328823405
6515,386816150,6229,386822379,0,4,1,15360,35,8127223967
6516,386877284,107588,386984872,0,8,0,53248,28,7704793707
6517,386894003,566,386894569,0,5,1,512,16,6379854463
6518,386919176,3898,386923074,0,4,1,4096,35,2938062151
6519,386985852,4679,386990531,0,4,1,12288,35,1112715318
6520,386999033,6754,387005787,0,8,1,7168,28,141328104
6521,387001401,11533,387012934,0,0,1,18944,41,3190549933
6522,387119385,57440,387176825,0,6,0,4608,8,2789196235
6523,387147024,1518,387148542,0,5,1,1536,16,184943525
6524,387187163,3422,387190585,0,5,1,3584,16,1580628377
6525,387198162,566,387198728,0,5,1,512,16,3271298379
6526,387226466,4162,387230628,0,5,1,11264,16,9634628200
6527,387232354,121940,387354294,0,1,0,100352,19,8786700514
6528,387319057,7706,387326763,0,4,1,8192,35,1912972595
6529,387446782,121472,387568254,0,1,0,98816,19,5845897833
6530,387576951,57440,387634391,0,6,0,4608,8,1475398543
6531,387593406,50984,387644390,0,8,0,3584,28,581073851
6532,387655706,72980,387728686,0,8,0,10240,28,9306186122
6533,387687373,566,387687939,0,8,1,512,28,4305965941
6534,387707410,205200,387912610,0,9,1,332800,46,3801772145
6535,387750934,62984,387813918,0,6,0,7680,8,7684551377
6536,387889868,70976,387960844,0,1,0,8704,19,7913946850
6537,387919306,120084,388039390,0,1,0,78848,19,3870206045
6538,387920809,43904,387964713,0,6,0,512,8,10327998187
6539,387939283,1042,387940325,0,4,1,1024,35,4764869047
6540,387946324,7230,387953554,0,7,1,7680,26,8987866923
6541,387958263,47288,388005551,0,6,0,1536,8,8942812855
6542,388087312,6754,388094066,0,8,1,7168,28,9225889874
6543,388158728,2946,388161674,0,7,1,3072,26,232553252
6544,388219314,5971,388225285,0,5,1,14848,16,1989267348
6545,388285037,3645,388288682,0,4,1,10240,35,8400782127
6546,388335102,2470,388337572,0,5,1,2560,16,8402761414
6547,388350310,1994,388352304,0,8,1,2048,28,1545902876
6548,388366889,119288,388486177,0,1,0,91648,19,8805791135
6549,388403050,3128,388406178,0,5,1,9216,16,2171139672
6550,388421186,45596,388466782,0,6,0,1024,8,4604551718
6551,388423697,3898,388427595,0,8,1,4096,28,7118592148
6552,388432759,5802,388438561,0,5,1,6144,16,2502146067
6553,388434077,6110,388440187,0,5,1,2560,16,5255065090
6554,388476487,4162,388480649,0,8,1,11264,28,8053924871
6555,388504838,50672,388555510,0,6,0,2560,8,6274322212
6556,388870299,5326,388875625,0,4,1,5632,35,6838354542
6557,388910002,1994,388911996,0,4,1,2048,35,9952413580
6558,389158707,10241,389168948,0,4,1,16384,35,8197901410
6559,389215051,45596,389260647,0,6,0,1024,8,3619867569
6560,389282494,3422,389285916,0,4,1,3584,35,3950929339
6561,389387219,3645,389390864,0,4,1,10240,35,7539290348
6562,389567125,4162,389571287,0,5,1,11264,16,4389320232
6563,389594217,1518,389595735,0,4,1,1536,35,5979989182
6564,389628580,4679,389633259,0,4,1,12288,35,9596452570
6565,389710920,6754,389717674,0,5,1,7168,16,4266624229
6566,389786189,43904,389830093,0,6,0,512,8,10355348668
6567,389818978,207128,390026106,0,8,0,218624,28,8733728504
6568,389845519,211652,390057171,0,1,0,233472,19,10057498999
6569,390136345,1994,390138339,0,4,1,2048,35,8923424591
6570,390154024,94976,390249000,0,8,0,16896,28,3238876925
6571,390222690,7706,390230396,0,4,1,8192,35,7587233455
6572,390346994,5196,390352190,0,5,1,13312,16,6664078396
6573,390403661,5326,390408987,0,4,1,5632,35,5086095856
6574,390428224,99788,390528012,0,8,0,27648,28,1576754742
6575,390463276,45596,390508872,0,6,0,1024,8,10104573393
6576,390566016,16354,390582370,0,4,1,31744,35,5991287365
6577,390727521,195272,390922793,0,1,0,179712,19,12015709
6578,390830113,6754,390836867,0,8,1,7168,28,4648023928
6579,390846218,5454,390851672,0,5,1,13824,16,17102807
6580,390905667,13341,390919008,0,4,1,22528,35,6043719282
6581,390955601,52364,391007965,0,6,0,3072,8,6290161249
6582,390972362,4374,390976736,0,6,1,4608,8,2988194939
6583,391076801,97604,391174405,0,8,0,20480,28,2507679068
6584,391079263,86228,391165491,0,8,0,18432,28,9729402769
6585,391082922,48980,391131902,0,6,0,2048,8,7703045539
6586,391096940,43904,391140844,0,6,0,512,8,1809044858
6587,391127446,6754,391134200,0,9,1,7168,46,8245439439
6588,391133013,2946,391135959,0,4,1,3072,35,2752970299
6589,391198770,1994,391200764,0,9,1,2048,46,9094186132
6590,391309218,124280,391433498,0,8,0,108032,28,8526545332
6591,391357319,11533,391368852,0,4,1,18944,35,4743152178
6592,391479066,48980,391528046,0,6,0,2048,8,8495540303
6593,391523986,4075,391528061,0,6,1,4096,8,3802238065
6594,391648697,6754,391655451,0,4,1,7168,35,2698940729
6595,391654837,960,391655797,0,4,1,512,35,7153439647
6596,391655013,2470,391657483,0,6,1,2560,8,10619189158
6597,391688610,566,391689176,0,8,1,512,28,10143896504
6598,391760385,4162,391764547,0,6,1,11264,8,10213560144
6599,391800680,5326,391806006,0,6,1,5632,8,951733778
6600,392129496,103844,392233340,0,8,0,40960,28,9352590453
6601,392155222,4937,392160159,0,4,1,12800,35,9819624777
6602,392214223,113828,392328051,0,1,0,73728,19,7780474160
6603,392342716,3128,392345844,0,6,1,9216,8,10598164776
6604,392434263,12995,392447258,0,1,1,25088,19,7806988777
6605,392874840,7230,392882070,0,4,1,7680,35,8410108970
6606,393088489,100880,393189369,0,8,0,31232,28,5881320021
6607,393093643,45752,393139395,0,6,0,1536,8,1518377726
6608,393121236,7230,393128466,0,8,1,7680,28,4472552705
6609,393127871,45596,393173467,0,6,0,1024,8,849403181
6610,393209724,5802,393215526,0,4,1,6144,35,9530506303
6611,393211272,8440,393219712,0,4,1,6656,35,5875067880
6612,393309019,115700,393424719,0,6,0,79872,8,6312679810
6613,393327233,16354,393343587,0,6,1,31744,8,4267142070
6614,393387021,275237,393662258,0,6,0,140800,8,2772333214
6615,393424297,108368,393532665,0,8,0,55808,28,5812505517
6616,393860128,6229,393866357,0,4,1,15360,35,4896171242
6617,393870019,3387,393873406,0,8,1,9728,28,2178993867
6618,393946117,111956,394058073,0,6,0,67584,8,5537168234
6619,394066821,197768,394264589,0,1,0,187904,19,6160869061
6620,394090014,1994,394092008,0,7,1,2048,26,8751032367
6621,394166439,2946,394169385,0,4,1,3072,35,3686854285
6622,394262147,12825,394274972,0,8,1,21504,28,6240856031
6623,394378276,106652,394484928,0,6,0,50176,8,8261301609
6624,394420558,2470,394423028,0,0,1,2560,41,2229761876
6625,394447959,3387,394451346,0,8,1,9728,28,2227145722
6626,394579066,6754,394585820,0,3,1,7168,42,8424154499
6627,394618090,13253,394631343,0,7,1,25600,26,9168706969
6628,394623375,116480,394739855,0,8,0,82432,28,4560066427
6629,394646711,566,394647277,0,8,1,512,28,7082077351
6630,394765642,3422,394769064,0,8,1,3584,28,1359737795
6631,394775915,6754,394782669,0,2,1,7168,12,3954476697
6632,394810558,103064,394913622,0,6,0,38400,8,1669516353
6633,394856825,4374,394861199,0,4,1,4608,35,9002195860
6634,394901673,6278,394907951,0,0,1,6656,41,5846946809
6635,394934730,4374,394939104,0,8,1,4608,28,322405541
6636,394986417,1518,394987935,0,8,1,1536,28,2421263339
6637,395056882,5971,395062853,0,0,1,14848,41,393933048
6638,395148435,123968,395272403,0,8,0,107008,28,2645240163
6639,395163727,55748,395219475,0,6,0,4096,8,3611113074
6640,395385462,1042,395386504,0,0,1,1024,41,4288132388
6641,395418367,13253,395431620,0,8,1,25600,28,10604531514
6642,395444454,76878,395521332,0,8,0,11264,28,5066174870
6643,395449211,10499,395459710,0,8,1,16896,28,9851574195
6644,395804547,52364,395856911,0,8,0,3072,28,7451475988
6645,396013150,566,396013716,0,0,1,512,41,7892363339
6646,396130564,286700,396417264,0,8,0,318464,28,9890970705
6647,396155280,119912,396275192,0,6,0,93696,8,8463304494
6648,396288923,1518,396290441,0,0,1,1536,41,3412376590
6649,396529275,110396,396639671,0,8,0,62464,28,4571663181
6650,396660007,7230,396667237,0,0,1,7680,41,3091250447
6651,396694717,196676,396891393,0,1,0,184320,19,7840800159
6652,396743609,47288,396790897,0,6,0,1536,8,4652576935
6653,396780578,100880,396881458,0,8,0,31232,28,3560739455
6654,396791346,169216,396960562,0,8,0,129536,28,8892762803
6655,396890863,6488,396897351,0,0,1,15872,41,8447274482
6656,396900232,136376,397036608,0,1,0,132608,19,9173825084
6657,396968716,86540,397055256,0,6,0,19456,8,5891286149
6658,397022609,80996,397103605,0,8,0,16384,28,2678041109
6659,397038241,191684,397229925,0,6,0,167936,8,3013047828
6660,397435892,189968,397625860,0,6,0,162304,8,7387457817
6661,397520283,65900,397586183,0,8,0,7168,28,4931699944
6662,397538111,130301,397668412,0,6,0,17408,8,2298174426
6663,397660986,116636,397777622,0,8,0,82944,28,5865232062
6664,397671125,67616,397738741,0,6,0,12800,8,1028410357
6665,397687565,3422,397690987,0,0,1,3584,41,1710487546
6666,397753274,71628,397824902,0,8,0,1536,28,9269394462
6667,397778421,48980,397827401,0,8,0,2048,28,222575781
6668,398083038,47288,398130326,0,1,0,1536,19,6789755535
6669,398106160,210092,398316252,0,8,0,228352,28,5914957197
6670,398236719,82200,398318919,0,8,0,8704,28,202440693
6671,398309828,115856,398425684,0,1,0,80384,19,5239882266
6672,398351850,118820,398470670,0,8,0,90112,28,6890769305
6673,398366214,21399,398387613,0,1,1,34816,19,4904144713
6674,398426855,45596,398472451,0,6,0,1024,8,1362292367
6675,398554439,98540,398652979,0,8,0,23552,28,2762273429
6676,398662165,566,398662731,0,1,1,512,19,3821252659
6677,398709584,190436,398900020,0,1,0,163840,19,1267913627
6678,399086191,5802,399091993,0,0,1,6144,41,4023106356
6679,399114543,3422,399117965,0,0,1,3584,41,7424406333
6680,399161413,2470,399163883,0,1,1,2560,19,10059707088
6681,399198294,4850,399203144,0,1,1,5120,19,7646637833
6682,399233560,16613,399250173,0,1,1,32256,19,2765777794
6683,399304402,54056,399358458,0,6,0,3584,8,936535794
6684,399367197,127712,399494909,0,8,0,119296,28,7734044040
6685,399415661,566,399416227,0,3,1,512,42,9270146569
6686,399476489,43200,399519689,0,9,1,70656,46,858751867
6687,399519714,7706,399527420,0,7,1,8192,26,3441880011
6688,399522116,2470,399524586,0,0,1,2560,41,5372708728
6689,399545380,54056,399599436,0,6,0,3584,8,2888978102
6690,399613310,64654,399677964,0,9,1,109056,46,10422986634
6691,399654261,24267,399678528,0,9,1,10752,46,1404390310
6692,399658436,47288,399705724,0,6,0,1536,8,3103875135
6693,399717644,118040,399835684,0,1,0,87552,19,1848738380
6694,399877278,21141,399898419,0,3,1,34304,42,1844249491
6695,399948527,43904,399992431,0,6,0,512,8,9619430802
6696,399957883,118664,400076547,0,1,0,89600,19,8978794905
6697,399993736,42941,400036677,0,9,1,70144,46,7327008571
6698,400001287,3422,400004709,0,7,1,3584,26,3280964358
6699,400025801,189178,400214979,0,1,0,148480,19,683213965
6700,400114468,159209,400273677,0,1,0,113152,19,7182770990
6701,400124715,92533,400217248,0,9,1,150016,46,1080242491
6702,400169806,46683,400216489,0,1,1,1536,19,3537796819
6703,400221577,4937,400226514,0,3,1,12800,42,8822163885
6704,400297660,5196,400302856,0,3,1,13312,42,2001024796
6705,400350574,83870,400434444,0,9,1,139776,46,7900709254
6706,400352497,5454,400357951,0,3,1,13824,42,5642179047
6707,400359891,4679,400364570,0,7,1,12288,26,4137811391
6708,400387858,3128,400390986,0,1,1,9216,19,10362331740
6709,400436257,108992,400545249,0,8,0,57856,28,103456772
6710,400508325,95472,400603797,0,8,0,15872,28,771461279
6711,400565758,4420,400570178,0,6,1,11776,8,936887245
6712,400590185,111800,400701985,0,8,0,67072,28,6393481161
6713,400601304,110396,400711700,0,1,0,62464,19,8965000373
6714,400757941,124904,400882845,0,1,0,110080,19,10294078619
6715,400811889,6229,400818118,0,1,1,15360,19,3968011842
6716,400831069,5802,400836871,0,3,1,6144,42,4391934102
6717,400841460,3904,400845364,0,0,1,10752,41,5577829864
6718,400858878,22433,400881311,0,9,1,36864,46,4382494956
6719,400863134,4374,400867508,0,3,1,4608,42,2346174248
6720,400887624,4374,400891998,0,3,1,4608,42,1948083907
6721,400944466,99788,401044254,0,8,0,27648,28,4760076940
6722,400976569,3128,400979697,0,1,1,9216,19,1864274574
6723,401006776,5712,401012488,0,3,1,14336,42,2206182076
6724,401114687,100724,401215411,0,8,0,30720,28,8352184131
6725,401116635,2870,401119505,0,6,1,8704,8,5209289890
6726,401248995,5802,401254797,0,6,1,6144,8,6920319122
6727,401292443,1042,401293485,0,3,1,1024,42,4412357588
6728,401313733,16613,401330346,0,6,1,32256,8,10013776946
6729,401332496,12737,401345233,0,3,1,24576,42,652118398
6730,401342602,113558,401456160,0,9,1,184320,46,10012948979
6731,401375202,61604,401436806,0,1,0,8192,19,5945678681
6732,401400772,125233,401526005,0,9,1,203776,46,3278058208
6733,401466078,107276,401573354,0,8,0,52224,28,4958098253
6734,401502088,22691,401524779,0,7,1,37376,26,6219595819
6735,401506412,13341,401519753,0,3,1,22528,42,6079453898
6736,401591262,43904,401635166,0,6,0,512,8,2626675393
6737,401641198,197456,401838654,0,1,0,186880,19,302626765
6738,401706037,168860,401874897,0,8,0,148480,28,10068404046
6739,401770673,119288,401889961,0,1,0,91648,19,1782869606
6740,401807215,205484,402012699,0,8,0,211456,28,5271390708
6741,401902570,3422,401905992,0,1,1,3584,19,10067942842
6742,401961677,4374,401966051,0,7,1,4608,26,4850789840
6743,402184064,4850,402188914,0,1,1,5120,19,10625533613
6744,402227656,16354,402244010,0,3,1,31744,42,9331498876
6745,402251452,44662,402296114,0,9,1,76800,46,947689528
6746,402276611,3898,402280509,0,0,1,4096,41,4012764135
6747,402295925,3898,402299823,0,3,1,4096,42,155743389
6748,402305042,65768,402370810,0,1,0,11776,19,10560572113
6749,402309303,12737,402322040,0,0,1,24576,41,2560880383
6750,402333184,5326,402338510,0,1,1,5632,19,57618872
6751,402378706,3898,402382604,0,0,1,4096,41,8043859418
6752,402454804,5712,402460516,0,9,1,14336,46,2360954116
6753,402485396,1994,402487390,0,1,1,2048,19,6490645766
6754,402492607,1994,402494601,0,3,1,2048,42,5875524706
6755,402500600,1042,402501642,0,0,1,1024,41,4722123355
6756,402538780,125372,402664152,0,1,0,111616,19,821022678
6757,402675117,566,402675683,0,3,1,512,42,4147048954
6758,402735974,148238,402884212,0,9,1,245248,46,2378734038
6759,402736108,52988,402789096,0,8,0,5120,28,10662079799
6760,402753108,4374,402757482,0,2,1,4608,12,1909418211
6761,402760952,149693,402910645,0,9,1,93696,46,2658524372
6762,402779622,10241,402789863,0,6,1,16384,8,4224750139
6763,402839797,1518,402841315,0,3,1,1536,42,8284209638
6764,402876095,1994,402878089,0,2,1,2048,12,9233613369
6765,402959313,100256,403059569,0,8,0,29184,28,6278948469
6766,402975851,5326,402981177,0,0,1,5632,41,5874507568
6767,402987067,5196,402992263,0,5,1,13312,16,10653317467
6768,403029849,5802,403035651,0,6,1,6144,8,1224650916
6769,403066419,191372,403257791,0,1,0,166912,19,9743242661
6770,403140245,3898,403144143,0,1,1,4096,19,6545552500
6771,403308270,101192,403409462,0,1,0,32256,19,9556577639
6772,403356347,20366,403376713,0,0,1,32768,41,2410238271
6773,403372444,103220,403475664,0,8,0,38912,28,9825140552
6774,403386267,7706,403393973,0,1,1,8192,19,2896947393
6775,403416247,47288,403463535,0,6,0,1536,8,10648481204
6776,403452186,1042,403453228,0,1,1,1024,19,5964383614
6777,403510798,21658,403532456,0,6,1,35328,8,5451793464
6778,403517151,4374,403521525,0,2,1,4608,12,10350592494
6779,403534077,3898,403537975,0,1,1,4096,19,2207568209
6780,403560124,6278,403566402,0,2,1,6656,12,3846438991
6781,403564942,6278,403571220,0,5,1,6656,16,635232245
6782,403584046,6278,403590324,0,2,1,6656,12,9728208821
6783,403635599,11016,403646615,0,3,1,17920,42,1303124085
6784,403673949,4937,403678886,0,2,1,12800,12,2788262813
6785,403679218,3904,403683122,0,5,1,10752,16,1249936366
6786,403682418,4679,403687097,0,0,1,12288,41,4154414194
6787,403733418,7230,403740648,0,5,1,7680,16,1666512444
6788,403759841,106446,403866287,0,9,1,177152,46,2189618809
6789,403771526,3422,403774948,0,8,1,3584,28,6532260871
6790,403795173,3128,403798301,0,5,1,9216,16,9899088793
6791,403810541,5454,403815995,0,2,1,13824,12,8098845622
6792,403820114,73016,403893130,0,9,1,95744,46,6501514777
6793,403833459,5326,403838785,0,8,1,5632,28,5546632291
6794,403901996,10241,403912237,0,5,1,16384,16,5748597362
6795,403936518,3898,403940416,0,5,1,4096,16,7535891321
6796,403958215,55748,404013963,0,8,0,4096,28,3202721169
6797,403961833,174737,404136570,0,9,1,286720,46,7772297501
6798,404045865,116012,404161877,0,8,0,80896,28,8671176640
6799,404087617,132778,404220395,0,8,0,39936,28,9302140422
6800,404090843,4162,404095005,0,6,1,11264,8,5833615863
6801,404122760,6754,404129514,0,1,1,7168,19,10186468527
6802,404179218,14287,404193505,0,9,1,27648,46,4473090324
6803,404185870,3422,404189292,0,5,1,3584,16,5367069676
6804,404203293,5712,404209005,0,0,1,14336,41,6767595965
6805,404234518,2470,404236988,0,3,1,2560,42,10461574434
6806,404241076,58064,404299140,0,8,0,6656,28,1843434716
6807,404257028,6754,404263782,0,5,1,7168,16,2749382660
6808,404301453,99788,404401241,0,8,0,27648,28,7824177431
6809,404321044,88052,404409096,0,1,0,14336,19,4661706947
6810,404328552,3387,404331939,0,5,1,9728,16,3851779143
6811,404345258,6754,404352012,0,6,1,7168,8,6493544066
6812,404492142,3387,404495529,0,4,1,9728,35,4333894936
6813,404527741,11791,404539532,0,6,1,19456,8,5053239906
6814,404536023,6095,404542118,0,6,1,4096,8,8377070955
6815,404567549,184691,404752240,0,9,1,299520,46,10627769952
6816,404571018,566,404571584,0,0,1,512,41,9035674331
6817,404629097,2870,404631967,0,6,1,8704,8,10414345781
6818,404643940,21141,404665081,0,3,1,34304,42,2601338699
6819,404855239,3904,404859143,0,9,1,10752,46,9806137445
6820,404947058,5802,404952860,0,3,1,6144,42,2505181820
6821,405217563,116792,405334355,0,1,0,83456,19,8576591440
6822,405292377,31266,405323643,0,9,1,50688,46,10384833658
6823,405333821,3904,405337725,0,6,1,10752,8,6476102629
6824,405346717,3645,405350362,0,1,1,10240,19,10209654077
6825,405480654,5971,405486625,0,6,1,14848,8,5143062487
6826,405521081,1518,405522599,0,6,1,1536,8,8039713853
6827,405754626,95156,405849782,0,1,0,22528,19,7116477919
6828,405760921,65946,405826867,0,9,1,111616,46,1155672860
6829,405771238,56615,405827853,0,9,1,1536,46,1051391226
6830,405797127,4679,405801806,0,6,1,12288,8,7013313754
6831,405832883,3422,405836305,0,6,1,3584,8,6061289933
6832,405880261,102284,405982545,0,8,0,35840,28,9603618074
6833,405892145,10757,405902902,0,0,1,17408,41,6328258681
6834,405972170,2470,405974640,0,0,1,2560,41,6702957611
6835,406056239,4162,406060401,0,6,1,11264,8,2313629142
6836,406080018,47600,406127618,0,6,0,2560,8,2952434396
6837,406124865,5971,406130836,0,6,1,14848,8,6717442343
6838,406183320,185378,406368698,0,9,1,304128,46,3870127965
6839,406186452,50672,406237124,0,6,0,2560,8,7619765266
6840,406206641,3387,406210028,0,6,1,9728,8,3538324047
6841,406225780,128180,406353960,0,8,0,120832,28,5916109140
6842,406245259,141107,406386366,0,8,0,14336,28,6820647069
6843,406280832,191372,406472204,0,1,0,166912,19,10688619320
6844,406331416,45596,406377012,0,6,0,1024,8,4468097225
6845,406337001,3904,406340905,0,6,1,10752,8,9712641294
6846,406338612,152810,406491422,0,1,0,32256,19,9712073314
6847,406396379,4850,406401229,0,6,1,5120,8,10024212958
6848,406402665,226225,406628890,0,9,1,367104,46,2069695764
6849,406440496,37412,406477908,0,1,1,14336,19,8179135193
6850,406516710,43904,406560614,0,6,0,512,8,7728893832
6851,406557637,2946,406560583,0,1,1,3072,19,5084357921
6852,406562805,3904,406566709,0,3,1,10752,42,543049404
6853,406600474,40167,406640641,0,9,1,39936,46,9910698786
6854,406681010,45596,406726606,0,6,0,1024,8,7791604148
6855,406692444,3422,406695866,0,6,1,3584,8,690571223
6856,406837845,42424,406880269,0,9,1,69120,46,7552276862
6857,406906592,2946,406909538,0,2,1,3072,12,991249264
6858,406963874,16096,406979970,0,6,1,31232,8,2263711842
6859,406991236,4374,406995610,0,0,1,4608,41,8034870433
6860,407085520,1518,407087038,0,1,1,1536,19,6059205041
6861,407165978,566,407166544,0,2,1,512,12,1978755881
6862,407174979,125840,407300819,0,1,0,113152,19,6371325792
6863,407180041,15579,407195620,0,7,1,30208,26,6516641764
6864,407352914,1994,407354908,0,3,1,2048,42,10304383579
6865,407356566,43975,407400541,0,9,1,72192,46,5889407111
6866,407357322,566,407357888,0,7,1,512,26,7765420923
6867,407439683,3422,407443105,0,7,1,3584,26,2532368160
6868,407439870,11970,407451840,0,7,1,17920,26,3830063339
6869,407445218,15837,407461055,0,6,1,30720,8,9194842236
6870,407452946,8775,407461721,0,6,1,11264,8,9086252558
6871,407464271,6278,407470549,0,6,1,6656,8,373338171
6872,407606611,1042,407607653,0,7,1,1024,26,2133902717
6873,407692710,13253,407705963,0,3,1,25600,42,5673074530
6874,407725436,22174,407747610,0,3,1,36352,42,1203752081
6875,407861506,87476,407948982,0,1,0,22528,19,904812237
6876,407895410,11016,407906426,0,8,1,17920,28,1493372060
6877,407978774,47288,408026062,0,6,0,1536,8,2141966587
6878,408051264,566,408051830,0,1,1,512,19,8667249974
6879,408179858,4679,408184537,0,7,1,12288,26,1543634579
6880,408389548,1994,408391542,0,7,1,2048,26,6364958575
6881,408436790,1994,408438784,0,3,1,2048,42,9432143853
6882,408446459,44060,408490519,0,6,0,1024,8,3555049758
6883,408499773,7230,408507003,0,2,1,7680,12,548741727
6884,408524451,4850,408529301,0,9,1,5120,46,4264750546
6885,408559168,1042,408560210,0,1,1,1024,19,5568205662
6886,408581904,3422,408585326,0,7,1,3584,26,4707334036
6887,408750047,215240,408965287,0,8,0,245248,28,4142608211
6888,408781276,2470,408783746,0,1,1,2560,19,3304189369
6889,408810057,3898,408813955,0,1,1,4096,19,2211884328
6890,408820621,10757,408831378,0,2,1,17408,12,7360487733
6891,408840672,3904,408844576,0,3,1,10752,42,10140896352
6892,408872432,4850,408877282,0,2,1,5120,12,2296477935
6893,408897056,471204,409368260,0,9,1,767488,46,10270907523
6894,408902729,4850,408907579,0,1,1,5120,19,1730356847
6895,408919883,48342,408968225,0,8,1,3072,28,6692695130
6896,408971538,403238,409374776,0,9,1,23040,46,5494604663
6897,408982410,1994,408984404,0,1,1,2048,19,66153853
6898,409047040,125528,409172568,0,8,0,112128,28,5253136808
6899,409054032,10499,409064531,0,1,1,16896,19,5428634094
6900,409142149,47288,409189437,0,6,0,1536,8,9973789189
6901,409158756,2946,409161702,0,3,1,3072,42,6608917547
6902,409249413,23895,409273308,0,2,1,43008,12,7758514536
6903,409323288,5712,409329000,0,1,1,14336,19,4626207680
6904,409372621,3422,409376043,0,3,1,3584,42,2369664424
6905,409405042,106184,409511226,0,6,0,48640,8,1877731082
6906,409455624,69284,409524908,0,8,0,8192,28,4864715532
6907,409477321,566,409477887,0,3,1,512,42,4304890213
6908,409491623,103064,409594687,0,6,0,38400,8,8109233252
6909,409496034,4850,409500884,0,2,1,5120,12,1460624977
6910,409512672,1994,409514666,0,2,1,2048,12,5838153141
6911,409526157,3128,409529285,0,2,1,9216,12,3466354659
6912,409583049,101348,409684397,0,8,0,32768,28,1351771601
6913,409714817,109772,409824589,0,1,0,60416,19,1138149095
6914,409725515,5196,409730711,0,1,1,13312,19,9058477196
6915,409742266,5326,409747592,0,7,1,5632,26,10733923012
6916,409775758,126717,409902475,0,1,0,88064,19,5804047528
6917,409780378,113048,409893426,0,8,0,71168,28,4461761160
6918,409817158,16096,409833254,0,3,1,31232,42,6677144875
6919,409841084,123968,409965052,0,6,0,107008,8,5050017310
6920,409875711,118587,409994298,0,8,0,31232,28,1870503910
6921,409893579,2946,409896525,0,3,1,3072,42,948023711
6922,409943590,4162,409947752,0,7,1,11264,26,9833915983
6923,409997526,1518,409999044,0,2,1,1536,12,3120628316
6924,410179168,3904,410183072,0,3,1,10752,42,6409927120
6925,410247292,84824,410332116,0,6,0,13824,8,8498531235
6926,410251129,33075,410284204,0,7,1,54272,26,7264270915
6927,410269329,43904,410313233,0,1,0,512,19,4373396999
6928,410270504,23725,410294229,0,3,1,39424,42,3351340581
6929,410359157,4937,410364094,0,3,1,12800,42,8271599911
6930,410487487,2470,410489957,0,2,1,2560,12,35535202
6931,410514737,11016,410525753,0,1,1,17920,19,6249553352
6932,410589686,76587,410666273,0,9,1,129024,46,2310041517
6933,410704191,1042,410705233,0,1,1,1024,19,2333869165
6934,410713545,103844,410817389,0,6,0,40960,8,8889281230
6935,410757098,1994,410759092,0,1,1,2048,19,5594143678
6936,410780978,5971,410786949,0,1,1,14848,19,10375446933
6937,410899954,2946,410902900,0,1,1,3072,19,3110499037
6938,410952416,7230,410959646,0,4,1,7680,35,7928025579
6939,410954304,1042,410955346,0,2,1,1024,12,10659822183
6940,410974090,7230,410981320,0,1,1,7680,19,6818797972
6941,411020308,13341,411033649,0,7,1,22528,26,2894429179
6942,411059196,4374,411063570,0,4,1,4608,35,1719538369
6943,411171313,6754,411178067,0,1,1,7168,19,4222716190
6944,411178781,108992,411287773,0,8,0,57856,28,4498454428
6945,411232353,21141,411253494,0,3,1,34304,42,10355303769
6946,411236661,6754,411243415,0,4,1,7168,35,9507478809
6947,411268281,10241,411278522,0,3,1,16384,42,5274026791
6948,411297964,2870,411300834,0,4,1,8704,35,1746084997
6949,411346961,14545,411361506,0,7,1,28160,26,1713211051
6950,411434765,110084,411544849,0,1,0,61440,19,3061269765
6951,411553743,3898,411557641,0,1,1,4096,19,8728209344
6952,411558538,3387,411561925,0,2,1,9728,12,5844215694
6953,411563380,3387,411566767,0,7,1,9728,26,28330201
6954,411584652,3128,411587780,0,1,1,9216,19,9292857948
6955,411631236,10757,411641993,0,2,1,17408,12,7551439266
6956,411784007,3422,411787429,0,7,1,3584,26,6829773488
6957,411786861,6229,411793090,0,7,1,15360,26,8653427372
6958,411815223,111332,411926555,0,6,0,65536,8,3429778430
6959,411816034,4374,411820408,0,7,1,4608,26,9833311480
6960,412058787,174848,412233635,0,1,0,147968,19,5091192854
6961,412139616,204971,412344587,0,1,0,177152,19,4958706520
6962,412142655,5326,412147981,0,3,1,5632,42,7338928611
6963,412154124,14804,412168928,0,1,1,28672,19,6864852318
6964,412278241,6754,412284995,0,7,1,7168,26,9875889956
6965,412318606,102284,412420890,0,8,0,35840,28,7565896115
6966,412382047,10499,412392546,0,3,1,16896,42,1469955677
6967,412427745,1518,412429263,0,2,1,1536,12,1625897722
6968,412439756,22862,412462618,0,1,1,40960,19,5571033713
6969,412567441,11791,412579232,0,7,1,19456,26,7178123309
6970,412720209,7706,412727915,0,2,1,8192,12,7614369648
6971,412878964,3904,412882868,0,3,1,10752,42,5719776778
6972,412906021,112736,413018757,0,8,0,70144,28,3690233922
6973,413190961,119756,413310717,0,6,0,93184,8,5315230277
6974,413266903,2946,413269849,0,1,1,3072,19,8235452787
6975,413339716,80060,413419776,0,1,0,13312,19,3593520649
6976,413410792,122408,413533200,0,6,0,101888,8,684627590
6977,413489367,10499,413499866,0,2,1,16896,12,176546383
6978,413631154,4937,413636091,0,2,1,12800,12,9017696175
6979,413681477,6278,413687755,0,2,1,6656,12,4609657914
6980,413717338,3422,413720760,0,2,1,3584,12,6236614927
6981,413743223,74360,413817583,0,8,0,9728,28,1369693165
6982,413750289,3645,413753934,0,1,1,10240,19,6763267476
6983,413916756,118664,414035420,0,1,0,89600,19,10714056534
6984,413933295,165473,414098768,0,1,0,136192,19,5517324807
6985,413973989,103532,414077521,0,6,0,39936,8,6385979265
6986,414143694,225464,414369158,0,1,0,263680,19,9541515056
6987,414151505,224844,414376349,0,1,0,23552,19,249517934
6988,414152977,107276,414260253,0,6,0,52224,8,9130810104
6989,414235525,265417,414500942,0,1,0,149504,19,7741618290
6990,414236016,2870,414238886,0,2,1,8704,12,6435188561
6991,414337007,65612,414402619,0,8,0,11264,28,8453801327
6992,414445769,5802,414451571,0,0,1,6144,41,8823388676
6993,414529854,4679,414534533,0,0,1,12288,41,2888543361
6994,414610205,2946,414613151,0,2,1,3072,12,5924929425
6995,414771364,187316,414958680,0,1,0,153600,19,10424524123
6996,414829967,133252,414963219,0,1,0,14848,19,1566990902
6997,414833139,1518,414834657,0,2,1,1536,12,8902974926
6998,414869300,16354,414885654,0,1,1,31744,19,743705189
6999,414907422,87476,414994898,0,6,0,22528,8,8606605897
7000,414964009,102908,415066917,0,8,0,37888,28,3159279329
7001,414979835,109304,415089139,0,1,0,58880,19,529142049
7002,414992166,1042,414993208,0,0,1,1024,41,6546295144
7003,415018129,4374,415022503,0,2,1,4608,12,4655622013
7004,415108668,188408,415297076,0,6,0,157184,8,5114414971
7005,415123336,5196,415128532,0,0,1,13312,41,1795181774
7006,415201233,31783,415233016,0,4,1,51712,35,893981268
7007,415340044,100412,415440456,0,1,0,29696,19,1350323594
7008,415489976,3387,415493363,0,2,1,9728,12,5204254417
7009,415491146,1518,415492664,0,0,1,1536,41,9997570958
7010,415511566,12737,415524303,0,0,1,24576,41,2686584494
7011,415563104,6754,415569858,0,1,1,7168,19,3840486510
7012,415569183,3387,415572570,0,2,1,9728,12,8935959026
7013,415617057,14117,415631174,0,2,1,24064,12,9259912310
7014,415742359,47288,415789647,0,6,0,1536,8,7428648268
7015,415768336,4420,415772756,0,0,1,11776,41,10323603267
7016,415958786,103220,416062006,0,6,0,38912,8,7637298444
7017,415980961,3387,415984348,0,4,1,9728,35,9505192531
7018,416018470,1994,416020464,0,0,1,2048,41,3117006332
7019,416150234,105560,416255794,0,1,0,46592,19,3849748997
7020,416198452,4162,416202614,0,4,1,11264,35,9947397223
7021,416294015,134237,416428252,0,9,1,221184,46,1325444463
7022,416301911,6278,416308189,0,1,1,6656,19,8879305769
7023,416316657,4374,416321031,0,1,1,4608,19,4078169169
7024,416402835,4850,416407685,0,1,1,5120,19,5095213867
7025,416451299,65900,416517199,0,8,0,7168,28,6526561055
7026,416462115,13770,416475885,0,1,1,26624,19,5217906349
7027,416549198,105716,416654914,0,1,0,47104,19,7918139541
7028,416573343,24929,416598272,0,1,1,45056,19,9812546780
7029,416618195,154080,416772275,0,1,0,103424,19,2862278750
7030,416653364,88232,416741596,0,6,0,19968,8,8257891919
7031,416682903,7230,416690133,0,5,1,7680,16,9595781730
7032,416706188,123500,416829688,0,8,0,105472,28,57397405
7033,416728186,2946,416731132,0,4,1,3072,35,904235761
7034,416778836,4679,416783515,0,4,1,12288,35,10033174979
7035,416847207,205724,417052931,0,1,0,214016,19,7661091667
7036,416850489,288380,417138869,0,1,0,157184,19,9979689023
7037,417005727,22174,417027901,0,4,1,36352,35,4050610750
7038,417095266,125840,417221106,0,8,0,113152,28,5397439419
7039,417104054,3422,417107476,0,2,1,3584,12,5497691041
7040,417174480,6229,417180709,0,2,1,15360,12,4348626904
7041,417224855,2870,417227725,0,2,1,8704,12,2371047545
7042,417267343,104624,417371967,0,1,0,43520,19,5386836109
7043,417301467,103220,417404687,0,8,0,38912,28,10698650054
7044,417403171,3904,417407075,0,4,1,10752,35,6589867400
7045,417669628,76388,417746016,0,8,0,16384,28,5016055345
7046,417749203,109928,417859131,0,1,0,60928,19,379283747
7047,417756381,109772,417866153,0,6,0,60416,8,6856909327
7048,417756607,1518,417758125,0,2,1,1536,12,720479111
7049,417785446,126899,417912345,0,1,0,68096,19,6710252419
7050,418140505,105872,418246377,0,1,0,47616,19,142447033
7051,418252761,14545,418267306,0,2,1,28160,12,8933360437
7052,418258906,9168,418268074,0,2,1,11776,12,7905833039
7053,418260266,106184,418366450,0,1,0,48640,19,8916991857
7054,418293539,99188,418392727,0,6,0,30720,8,3371571872
7055,418338077,100568,418438645,0,8,0,30208,28,10614547312
7056,418528053,3904,418531957,0,2,1,10752,12,2237173415
7057,418783936,108680,418892616,0,1,0,56832,19,7921641684
7058,418796018,566,418796584,0,2,1,512,12,7709737004
7059,419011334,566,419011900,0,2,1,512,12,2923942231
7060,419045164,125528,419170692,0,1,0,112128,19,3562266776
7061,419049940,149000,419198940,0,1,0,43520,19,7096152331
7062,419109472,114452,419223924,0,6,0,75776,8,3574208512
7063,419233509,6229,419239738,0,2,1,15360,12,6408097580
7064,419295138,13858,419308996,0,2,1,23552,12,5753850283
7065,419567353,3898,419571251,0,2,1,4096,12,5982272765
7066,419600999,218048,419819047,0,8,0,254464,28,1106237279
7067,419766616,105716,419872332,0,1,0,47104,19,9968333481
7068,419786852,7706,419794558,0,2,1,8192,12,2948712007
7069,419858285,5326,419863611,0,2,1,5632,12,3288491979
7070,419970959,108680,420079639,0,1,0,56832,19,3631757872
7071,420072098,98696,420170794,0,8,0,24064,28,602640502
7072,420166435,3387,420169822,0,2,1,9728,12,2270790655
7073,420207684,1518,420209202,0,2,1,1536,12,7986719811
7074,420407732,4850,420412582,0,2,1,5120,12,388171907
7075,420458504,56216,420514720,0,8,0,5632,28,3297240663
7076,420488929,225464,420714393,0,1,0,263680,19,6024626640
7077,420563780,101660,420665440,0,8,0,33792,28,989908802
7078,420583698,10241,420593939,0,4,1,16384,35,6116301999
7079,420614593,2946,420617539,0,2,1,3072,12,2413225398
7080,420635828,193633,420829461,0,1,0,77824,19,10735691094
7081,420732882,2946,420735828,0,2,1,3072,12,10161785878
7082,420835798,193712,421029510,0,1,0,174592,19,367217268
7083,420852710,3898,420856608,0,2,1,4096,12,3738114485
7084,420872965,12566,420885531,0,2,1,20992,12,9156640405
7085,420907012,3898,420910910,0,2,1,4096,12,3267609585
7086,421075076,1994,421077070,0,3,1,2048,42,5805901707
7087,421218134,5802,421223936,0,3,1,6144,42,4288893422
7088,421234465,5971,421240436,0,2,1,14848,12,9373496257
7089,421246431,101504,421347935,0,1,0,33280,19,3372350799
7090,421415926,3645,421419571,0,3,1,10240,42,6112434034
7091,421453775,1042,421454817,0,3,1,1024,42,4902674127
7092,421804711,100256,421904967,0,8,0,29184,28,4170847710
7093,421816979,122252,421939231,0,6,0,101376,8,3927259249
7094,421988645,102440,422091085,0,1,0,36352,19,8827004868
7095,422058284,5802,422064086,0,2,1,6144,12,5009862547
7096,422059510,80864,422140374,0,6,0,20992,8,8433623208
7097,422131147,101348,422232495,0,8,0,32768,28,2752938299
7098,422138398,5196,422143594,0,2,1,13312,12,3515398230
7099,422337296,3898,422341194,0,2,1,4096,12,937292956
7100,422348628,99944,422448572,0,6,0,28160,8,7898161355
7101,422404567,4850,422409417,0,2,1,5120,12,2388793396
7102,422553310,213524,422766834,0,6,0,239616,8,9645746870
7103,422691551,130399,422821950,0,6,0,120832,8,4765223532
7104,422795309,48980,422844289,0,1,0,2048,19,6744567924
7105,423032607,63140,423095747,0,6,0,8192,8,6351865977
7106,423122280,7230,423129510,0,2,1,7680,12,1482033652
7107,423177237,3898,423181135,0,4,1,4096,35,3592246705
7108,423324961,76544,423401505,0,1,0,16896,19,2246069169
7109,423365948,566,423366514,0,2,1,512,12,9077743400
7110,423478068,67304,423545372,0,6,0,11776,8,7180456591
7111,423544861,286891,423831752,0,6,0,317440,8,9540548797
7112,423668542,2946,423671488,0,2,1,3072,12,3302393483
7113,423670045,184498,423854543,0,6,0,74752,8,6439657526
7114,423734793,113828,423848621,0,8,0,73728,28,5894650293
7115,423760392,1042,423761434,0,2,1,1024,12,8508924185
7116,424022530,299336,424321866,0,8,0,359936,28,8502406898
7117,424025413,1042,424026455,0,4,1,1024,35,5825780993
7118,424124712,566,424125278,0,4,1,512,35,5092813587
7119,424164902,1518,424166420,0,4,1,1536,35,7853851782
7120,424166280,14117,424180397,0,2,1,24064,12,96347877
7121,424177213,1994,424179207,0,5,1,2048,16,5326654222
7122,424223265,216945,424440210,0,8,0,88576,28,4422199631
7123,424522762,91616,424614378,0,8,0,20992,28,10465048814
7124,424684934,566,424685500,0,2,1,512,12,4637357204
7125,424686345,11791,424698136,0,2,1,19456,12,338364493
7126,424715052,5454,424720506,0,2,1,13824,12,5282555502
7127,424727419,2946,424730365,0,4,1,3072,35,7025385809
7128,424729728,1042,424730770,0,2,1,1024,12,53679869
7129,424733146,14545,424747691,0,2,1,28160,12,4955756739
7130,424972755,102596,425075351,0,1,0,36864,19,1237393555
7131,425231966,1042,425233008,0,4,1,1024,35,5840905744
7132,425346311,192152,425538463,0,8,0,169472,28,10158075447
7133,425450264,3128,425453392,0,0,1,9216,41,10289086937
7134,425468132,105404,425573536,0,6,0,46080,8,4136933653
7135,425514053,11016,425525069,0,0,1,17920,41,9084706435
7136,425560468,1994,425562462,0,0,1,2048,41,1686357210
7137,425608571,5326,425613897,0,2,1,5632,12,2225009898
7138,425787690,566,425788256,0,1,1,512,19,9507268337
7139,425917339,5326,425922665,0,1,1,5632,19,2914297584
7140,425938112,2946,425941058,0,5,1,3072,16,2995112915
7141,425972126,566,425972692,0,4,1,512,35,7036999835
7142,425974774,10241,425985015,0,2,1,16384,12,4898451188
7143,425991484,3128,425994612,0,4,1,9216,35,5811076669
7144,426028483,3422,426031905,0,2,1,3584,12,3281888520
7145,426051446,6754,426058200,0,1,1,7168,19,3929807031
7146,426080915,2946,426083861,0,2,1,3072,12,7206119847
7147,426081586,4850,426086436,0,5,1,5120,16,2077665151
7148,426116003,2870,426118873,0,0,1,8704,41,10384676971
7149,426235498,127868,426363366,0,1,0,119808,19,10499808401
7150,426240907,135653,426376560,0,1,0,10752,19,5698947597
7151,426244995,1518,426246513,0,0,1,1536,41,9426482746
7152,426361484,113674,426475158,0,1,0,67072,19,9751634892
7153,426519085,20624,426539709,0,5,1,33280,16,1485752743
7154,426620494,3898,426624392,0,1,1,4096,19,4732725020
7155,426791758,566,426792324,0,4,1,512,35,2675397506
7156,426854275,45596,426899871,0,1,0,1024,19,6043712953
7157,426870716,566,426871282,0,0,1,512,41,9245039019
7158,426884469,21141,426905610,0,0,1,34304,41,2512973378
7159,427240932,3904,427244836,0,1,1,10752,19,5462405277
7160,427317419,12825,427330244,0,1,1,21504,19,9087923776
7161,427403183,12737,427415920,0,0,1,24576,41,2743763273
7162,427482765,4937,427487702,0,1,1,12800,19,4164944351
7163,427509496,13858,427523354,0,7,1,23552,26,10201635086
7164,427533778,5326,427539104,0,1,1,5632,19,4730555019
7165,427558278,108836,427667114,0,8,0,57344,28,8028115789
7166,427564373,99008,427663381,0,6,0,25088,8,3223933071
7167,427667461,3645,427671106,0,6,1,10240,8,6263210832
7168,427677211,12049,427689260,0,6,1,19968,8,537508665
7169,427756432,3904,427760336,0,6,1,10752,8,8791588026
7170,427802717,7706,427810423,0,1,1,8192,19,2108007694
7171,427819309,5802,427825111,0,1,1,6144,19,2525024694
7172,427865685,1994,427867679,0,0,1,2048,41,7500112222
7173,427890787,20366,427911153,0,0,1,32768,41,9092341432
7174,427984784,11016,427995800,0,1,1,17920,19,6140816811
7175,428009690,2870,428012560,0,0,1,8704,41,9173134466
7176,428106506,47444,428153950,0,8,0,2048,28,8911749115
7177,428111154,97940,428209094,0,8,0,26624,28,8341811965
7178,428183441,5196,428188637,0,6,1,13312,8,491786312
7179,428224806,6278,428231084,0,0,1,6656,41,1576051786
7180,428264972,10499,428275471,0,0,1,16896,41,10563077864
7181,428363227,64208,428427435,0,1,0,6656,19,7947325057
7182,428372484,54056,428426540,0,6,0,3584,8,4445473613
7183,428449284,59132,428508416,0,8,0,5120,28,3127132327
7184,428473158,236608,428709766,0,9,1,384000,46,3055836033
7185,428479769,2946,428482715,0,1,1,3072,19,7524549579
7186,428545950,6754,428552704,0,0,1,7168,41,3159168635
7187,428550705,6278,428556983,0,0,1,6656,41,4293182044
7188,428579256,12995,428592251,0,8,1,25088,28,2640967250
7189,428599042,1994,428601036,0,8,1,2048,28,10122555624
7190,428646722,97760,428744482,0,1,0,20992,19,5243821496
7191,428649383,32987,428682370,0,8,1,57344,28,4562305059
7192,428812734,5712,428818446,0,8,1,14336,28,9127107578
7193,428869170,566,428869736,0,1,1,512,19,3984595956
7194,428913826,6754,428920580,0,6,1,7168,8,4575761820
7195,428934483,4679,428939162,0,8,1,12288,28,2663597721
7196,428997879,136119,429133998,0,8,0,2048,28,363704222
7197,429012079,11016,429023095,0,1,1,17920,19,5410537346
7198,429025648,3898,429029546,0,0,1,4096,41,7703629259
7199,429046737,23208,429069945,0,1,1,38400,19,1092116417
7200,429084398,14804,429099202,0,1,1,28672,19,9267918781
7201,429103025,1042,429104067,0,0,1,1024,41,6715839707
7202,429103807,1518,429105325,0,6,1,1536,8,303521732
7203,429164907,50672,429215579,0,6,0,2560,8,5786011187
7204,429176717,6754,429183471,0,6,1,7168,8,8062915633
7205,429418678,3898,429422576,0,0,1,4096,41,9133628407
7206,429423539,11533,429435072,0,6,1,18944,8,60378963
7207,429427030,3904,429430934,0,1,1,10752,19,3381000184
7208,429479540,5326,429484866,0,8,1,5632,28,1691624033
7209,429509350,2470,429511820,0,0,1,2560,41,819441999
7210,429545688,6754,429552442,0,1,1,7168,19,6069580661
7211,429662331,1042,429663373,0,0,1,1024,41,2979667791
7212,429664285,83288,429747573,0,6,0,13824,8,6694000410
7213,429709407,11274,429720681,0,0,1,18432,41,4681596311
7214,429977982,4374,429982356,0,0,1,4608,41,9124989364
7215,430077911,15321,430093232,0,8,1,29696,28,9951814717
7216,430097392,2870,430100262,0,0,1,8704,41,5355668469
7217,430103672,6229,430109901,0,8,1,15360,28,7674564352
7218,430121579,5802,430127381,0,6,1,6144,8,2802322607
7219,430151403,30491,430181894,0,1,1,49152,19,1495151565
7220,430200928,59132,430260060,0,8,0,5120,28,6728927779
7221,430290176,100256,430390432,0,6,0,29184,8,6017864082
7222,430319933,3645,430323578,0,0,1,10240,41,3216240921
7223,430458704,104936,430563640,0,1,0,44544,19,900106816
7224,430522291,6278,430528569,0,1,1,6656,19,9273915726
7225,430566938,45596,430612534,0,8,0,1024,28,8140408263
7226,430622985,1042,430624027,0,1,1,1024,19,5327280564
7227,430747363,3422,430750785,0,7,1,3584,26,6848648477
7228,430814089,3387,430817476,0,8,1,9728,28,9754157101
7229,430825438,22862,430848300,0,0,1,40960,41,1092454438
7230,431005920,1518,431007438,0,6,1,1536,8,5675435088
7231,431011980,190869,431202849,0,6,0,25600,8,4972129347
7232,431050064,56060,431106124,0,8,0,5120,28,5564161398
7233,431068963,1042,431070005,0,8,1,1024,28,1206146817
7234,431084752,4162,431088914,0,0,1,11264,41,1280201772
7235,431130643,5712,431136355,0,0,1,14336,41,8539425561
7236,431260906,45596,431306502,0,8,0,1024,28,8800540278
7237,431435673,4679,431440352,0,1,1,12288,19,6015882117
7238,431517489,6229,431523718,0,8,1,15360,28,8730975501
7239,431533555,4162,431537717,0,4,1,11264,35,9782620679
7240,431682092,1042,431683134,0,0,1,1024,41,7147621390
7241,431709778,106184,431815962,0,6,0,48640,8,4677321154
7242,431792190,1994,431794184,0,1,1,2048,19,8023476981
7243,431872260,47288,431919548,0,8,0,1536,28,6122007684
7244,431897921,12049,431909970,0,1,1,19968,19,1883418573
7245,431977773,4850,431982623,0,1,1,5120,19,802591381
7246,431992533,134684,432127217,0,6,0,132096,8,1641815290
7247,432001227,152570,432153797,0,6,0,68096,8,9678538471
7248,432010045,321050,432331095,0,1,0,364544,19,7537784457
7249,432041109,3422,432044531,0,0,1,3584,41,7274638020
7250,432053482,185695,432239177,0,6,0,48640,8,3045235509
7251,432184171,4420,432188591,0,1,1,11776,19,3109233305
7252,432239074,11533,432250607,0,0,1,18944,41,2665673972
7253,432330853,6754,432337607,0,0,1,7168,41,115551272
7254,432363188,102908,432466096,0,1,0,37888,19,824647854
7255,432461351,9933,432471284,0,1,1,13312,19,3558064082
7256,432543444,5454,432548898,0,1,1,13824,19,8863278479
7257,432613833,3422,432617255,0,8,1,3584,28,8723668789
7258,432667697,5802,432673499,0,0,1,6144,41,5845752431
7259,432710771,1042,432711813,0,5,1,1024,16,9520984710
7260,432868260,3904,432872164,0,0,1,10752,41,5450532972
7261,432888268,105092,432993360,0,6,0,45056,8,10097263493
7262,432889561,101192,432990753,0,1,0,32256,19,1359214390
7263,432914459,22433,432936892,0,0,1,36864,41,9286547688
7264,432939682,47288,432986970,0,8,0,1536,28,2590906402
7265,432986131,10241,432996372,0,8,1,16384,28,2706515115
7266,433035277,4850,433040127,0,0,1,5120,41,7330006231
7267,433103091,23208,433126299,0,0,1,38400,41,8986194825
7268,433153648,1994,433155642,0,4,1,2048,35,2015153176
7269,433233481,101816,433335297,0,6,0,34304,8,4276157314
7270,433445788,5802,433451590,0,8,1,6144,28,5752833731
7271,433480987,1994,433482981,0,0,1,2048,41,10586834341
7272,433539279,57440,433596719,0,8,0,4608,28,1953880097
7273,433566140,141452,433707592,0,1,0,134144,19,7498859871
7274,433788042,2470,433790512,0,5,1,2560,16,730589118
7275,433833330,109616,433942946,0,6,0,59904,8,589871444
7276,433847101,11533,433858634,0,5,1,18944,16,1748605164
7277,434011820,12566,434024386,0,5,1,20992,16,7000584324
7278,434012405,7706,434020111,0,8,1,8192,28,10669320609
7279,434041255,7706,434048961,0,8,1,8192,28,5319241409
7280,434076974,106340,434183314,0,1,0,49152,19,48173029
7281,434110249,108212,434218461,0,6,0,55296,8,9274350914
7282,434210146,12566,434222712,0,5,1,20992,16,10012157439
7283,434223583,20366,434243949,0,0,1,32768,41,4347729650
7284,434276166,104780,434380946,0,1,0,44032,19,3277123048
7285,434545800,6754,434552554,0,5,1,7168,16,7918603453
7286,434942086,11533,434953619,0,5,1,18944,16,349531756
7287,434960535,2870,434963405,0,0,1,8704,41,6177893807
7288,435048675,124748,435173423,0,6,0,109568,8,9180305997
7289,435071190,104156,435175346,0,1,0,41984,19,3108326013
7290,435151569,3898,435155467,0,0,1,4096,41,9993315090
7291,435193676,3422,435197098,0,0,1,3584,41,2470734597
7292,435264764,45596,435310360,0,8,0,1024,28,7120654452
7293,435289327,103064,435392391,0,1,0,38400,19,1064473595
7294,435452411,1518,435453929,0,4,1,1536,35,3233923437
7295,435497356,207128,435704484,0,1,0,218624,19,8479531498
7296,435568940,159004,435727944,0,1,0,31232,19,10660832227
7297,435626857,47288,435674145,0,8,0,1536,28,4634188535
7298,435674940,87452,435762392,0,6,0,17408,8,9751060916
7299,435827571,92708,435920279,0,6,0,24576,8,541364556
7300,436075646,188096,436263742,0,1,0,156160,19,6602535864
7301,436180505,5971,436186476,0,0,1,14848,41,7885802829
7302,436407434,43904,436451338,0,8,0,512,28,7743442679
7303,436492589,124436,436617025,0,6,0,108544,8,6516191957
7304,436539925,209000,436748925,0,1,0,224768,19,7022026021
7305,436606238,12737,436618975,0,7,1,24576,26,8442707382
7306,436730914,16096,436747010,0,0,1,31232,41,1971627716
7307,436832577,101036,436933613,0,6,0,31744,8,4173479337
7308,436860543,100880,436961423,0,1,0,31232,19,449974459
7309,436922208,4374,436926582,0,7,1,4608,26,3117581882
7310,436944882,4420,436949302,0,7,1,11776,26,6581932809
7311,437012370,50672,437063042,0,8,0,2560,28,5789960691
7312,437169937,204944,437374881,0,1,0,211456,19,4693500786
7313,437230206,3898,437234104,0,0,1,4096,41,10249368873
7314,437271379,109148,437380527,0,2,0,58368,12,9836365096
7315,437437550,2946,437440496,0,0,1,3072,41,10572837100
7316,437500686,47288,437547974,0,8,0,1536,28,4369480950
7317,437653027,1518,437654545,0,0,1,1536,41,6341836684
7318,437763149,98720,437861869,0,7,0,29184,26,3911598565
7319,437795666,118664,437914330,0,2,0,89600,12,4647854197
7320,437827713,4850,437832563,0,7,1,5120,26,3466347372
7321,437932262,3904,437936166,0,7,1,10752,26,4687253844
7322,437950306,118976,438069282,0,2,0,90624,12,9984651647
7323,438006350,6488,438012838,0,7,1,15872,26,9460123354
7324,438193258,61916,438255174,0,7,0,9216,26,2121506904
7325,438223925,6754,438230679,0,6,1,7168,8,6848746810
7326,438305800,2870,438308670,0,8,1,8704,28,1194120144
7327,438338295,202292,438540587,0,7,0,202752,26,573175237
7328,438347050,7230,438354280,0,7,1,7680,26,5692464467
7329,438408376,3422,438411798,0,7,1,3584,26,4379827570
7330,438440672,55748,438496420,0,8,0,4096,28,1187329559
7331,438505092,89543,438594635,0,7,0,3584,26,6725352878
7332,438517554,291951,438809505,0,7,0,77824,26,18550502
7333,438577351,200108,438777459,0,7,0,195584,26,5280954687
7334,438684041,50672,438734713,0,6,0,2560,8,2435574101
7335,438687391,45596,438732987,0,8,0,1024,28,10095447218
7336,438723270,52364,438775634,0,8,0,3072,28,3550154287
7337,438805638,151916,438957554,0,1,0,138240,19,7927498321
7338,438874268,131466,439005734,0,1,0,47104,19,2375900276
7339,438905554,54056,438959610,0,8,0,3584,28,3188875320
7340,438956265,4679,438960944,0,0,1,12288,41,9517946259
7341,438980620,43904,439024524,0,8,0,512,28,6847531118
7342,439136762,81932,439218694,0,2,0,19456,12,733824880
7343,439220905,151628,439372533,0,6,0,142336,8,7301247442
7344,439231058,57752,439288810,0,2,0,5632,12,8446022835
7345,439257650,148309,439405959,0,6,0,24064,8,8050230742
7346,439278610,1518,439280128,0,0,1,1536,41,811937104
7347,439478759,2946,439481705,0,5,1,3072,16,2115564079
7348,439544694,169148,439713842,0,1,0,144384,19,4249130458
7349,439661615,55748,439717363,0,1,0,4096,19,9416565203
7350,439738670,12737,439751407,0,0,1,24576,41,8326514925
7351,439824784,6488,439831272,0,0,1,15872,41,6132773524
7352,439943020,95492,440038512,0,1,0,28672,19,8856374623
7353,439957126,115700,440072826,0,2,0,79872,12,10249132144
7354,440130860,43904,440174764,0,8,0,512,28,8123447625
7355,440169558,6754,440176312,0,0,1,7168,41,10344767781
7356,440196903,128804,440325707,0,7,0,122880,26,9952907267
7357,440466223,13858,440480081,0,0,1,23552,41,4607524262
7358,440658320,1518,440659838,0,0,1,1536,41,8840323353
7359,440705681,43904,440749585,0,8,0,512,28,5785519901
7360,440755105,97496,440852601,0,1,0,30208,19,8527347870
7361,440821811,111488,440933299,0,2,0,66048,12,5025604269
7362,440872548,1042,440873590,0,0,1,1024,41,6266376112
7363,440935398,7230,440942628,0,2,1,7680,12,2477456617
7364,440944554,160376,441104930,0,6,0,140800,8,485510575
7365,441021315,116792,441138107,0,7,0,83456,26,2477645955
7366,441049562,106184,441155746,0,1,0,48640,19,2366676956
7367,441063066,12308,441075374,0,0,1,20480,41,853820022
7368,441071206,220734,441291940,0,1,0,161792,19,4340281527
7369,441088496,5712,441094208,0,7,1,14336,26,5602524117
7370,441325911,1042,441326953,0,8,1,1024,28,1710800034
7371,441392933,4162,441397095,0,7,1,11264,26,7907961667
7372,441395660,4176,441399836,0,7,1,3584,26,10012619565
7373,441418127,116792,441534919,0,1,0,83456,19,2504861009
7374,441419482,43904,441463386,0,8,0,512,28,9210493038
7375,441664620,4937,441669557,0,8,1,12800,28,7942104803
7376,441758298,105872,441864170,0,2,0,47616,12,9077548866
7377,441799709,5326,441805035,0,8,1,5632,28,6652546183
7378,441871546,103844,441975390,0,6,0,40960,8,5885888345
7379,441990643,1518,441992161,0,3,1,1536,42,3114861190
7380,442000986,131144,442132130,0,7,0,130560,26,5061515880
7381,442009493,142239,442151732,0,7,0,12288,26,1049906275
7382,442044417,11016,442055433,0,8,1,17920,28,9016432696
7383,442148022,43904,442191926,0,8,0,512,28,5175937982
7384,442299053,104624,442403677,0,1,0,43520,19,9023636253
7385,442307074,103326,442410400,0,1,0,22016,19,6935843454
7386,442331399,3422,442334821,0,4,1,3584,35,1723310496
7387,442429424,125528,442554952,0,6,0,112128,8,288897652
7388,442491833,45596,442537429,0,8,0,1024,28,1152698394
7389,442508826,14287,442523113,0,7,1,27648,26,8424998365
7390,442657354,72068,442729422,0,1,0,12288,19,3887849528
7391,442715429,6278,442721707,0,7,1,6656,26,2604879247
7392,442737741,12825,442750566,0,2,1,21504,12,8372094066
7393,442774620,290756,443065376,0,4,0,331776,35,8153425938
7394,442839174,242597,443081771,0,4,0,53760,35,2192372605
7395,442841195,4374,442845569,0,8,1,4608,28,10151520129
7396,442988229,118352,443106581,0,7,0,88576,26,2897721759
7397,443068188,121472,443189660,0,2,0,98816,12,1248271823
7398,443076672,1518,443078190,0,3,1,1536,42,9859126931
7399,443166666,108524,443275190,0,7,0,56320,26,221078991
7400,443179258,566,443179824,0,3,1,512,42,1069500320
7401,443188825,47288,443236113,0,8,0,1536,28,2173381335
7402,443208039,4374,443212413,0,7,1,4608,26,5458192749
7403,443252925,3387,443256312,0,9,1,9728,46,4527222364
7404,443288019,45596,443333615,0,4,0,1024,35,4154659552
7405,443301974,77012,443378986,0,1,0,18432,19,1802296941
7406,443303467,125996,443429463,0,4,0,113664,35,1223856540
7407,443409500,217736,443627236,0,6,0,253440,8,3060388810
7408,443414096,11791,443425887,0,7,1,19456,26,3531985377
7409,443611151,47288,443658439,0,8,0,1536,28,5080330048
7410,443625431,122262,443747693,0,7,0,48128,26,1294077620
7411,443632842,2870,443635712,0,7,1,8704,26,9378304961
7412,443675071,145200,443820271,0,7,0,39936,26,3137458460
7413,443677265,2470,443679735,0,8,1,2560,28,10313760735
7414,443737816,6754,443744570,0,2,1,7168,12,8017328249
7415,443738356,163545,443901901,0,7,0,79872,26,4036254967
7416,443830156,109148,443939304,0,4,0,58368,35,2752000193
7417,443958745,4162,443962907,0,8,1,11264,28,8235307940
7418,444093363,107276,444200639,0,4,0,52224,35,1954261283
7419,444184002,1994,444185996,0,7,1,2048,26,9735876735
7420,444186492,2946,444189438,0,8,1,3072,28,6176187548
7421,444299086,106028,444405114,0,4,0,48128,35,10648160306
7422,444311408,4420,444315828,0,8,1,11776,28,1348087974
7423,444379879,119912,444499791,0,2,0,93696,12,2873083814
7424,444413687,189032,444602719,0,7,0,159232,26,6479841742
7425,444449039,1518,444450557,0,8,1,1536,28,9006261377
7426,444500197,1994,444502191,0,8,1,2048,28,5449781950
7427,444587288,5802,444593090,0,8,1,6144,28,8963357928
7428,444594761,98852,444693613,0,2,0,24576,12,3633980626
7429,444672718,186068,444858786,0,4,0,149504,35,1993919423
7430,444857912,1042,444858954,0,3,1,1024,42,93603529
7431,444918216,101972,445020188,0,7,0,34816,26,9351057494
7432,444989003,566,444989569,0,7,1,512,26,5957097815
7433,445038253,7230,445045483,0,3,1,7680,42,967600934
7434,445072696,4374,445077070,0,7,1,4608,26,1364581165
7435,445084327,13341,445097668,0,3,1,22528,42,5963452081
7436,445091580,4850,445096430,0,8,1,5120,28,855782897
7437,445110337,122252,445232589,0,2,0,101376,12,2343447997
7438,445127905,101504,445229409,0,7,0,33280,26,449461394
7439,445158475,167138,445325613,0,2,0,107008,12,589464413
7440,445198378,123032,445321410,0,1,0,103936,19,4642104083
7441,445256308,249152,445505460,0,6,0,270848,8,2627921922
7442,445277843,45596,445323439,0,8,0,1024,28,2510848087
7443,445321922,93620,445415542,0,7,0,22528,26,9690907967
7444,445325982,45596,445371578,0,8,0,1024,28,1287037831
7445,445428608,10241,445438849,0,5,1,16384,16,6869332205
7446,445667710,110708,445778418,0,7,0,63488,26,2435405131
7447,445783941,10241,445794182,0,3,1,16384,42,2566830954
7448,445823976,12049,445836025,0,7,1,19968,26,5434797589
7449,445901018,7230,445908248,0,3,1,7680,42,6967019596
7450,445903975,7179,445911154,0,3,1,4608,42,1345315338
7451,445943251,45596,445988847,0,8,0,1024,28,245954780
7452,445968748,43904,446012652,0,6,0,512,8,4174803838
7453,446018959,5712,446024671,0,7,1,14336,26,7890962817
7454,446027440,3904,446031344,0,7,1,10752,26,10197733853
7455,446062718,47288,446110006,0,6,0,1536,8,10257827976
7456,446157469,82376,446239845,0,1,0,15872,19,1021531480
7457,446194119,6278,446200397,0,3,1,6656,42,1131940359
7458,446258687,120380,446379067,0,7,0,95232,26,9219510159
7459,446358075,7706,446365781,0,8,1,8192,28,6524353706
7460,446367370,1518,446368888,0,8,1,1536,28,7534629802
7461,446384339,4679,446389018,0,8,1,12288,28,8639444148
7462,446405600,11016,446416616,0,7,1,17920,26,3436647594
7463,446436916,3645,446440561,0,7,1,10240,26,262532109
7464,446437493,50672,446488165,0,6,0,2560,8,9858866184
7465,446449823,3422,446453245,0,7,1,3584,26,4394706273
7466,446457850,43904,446501754,0,8,0,512,28,4987253798
7467,446572241,125216,446697457,0,4,0,111104,35,811073854
7468,446613306,3128,446616434,0,7,1,9216,26,7184398712
7469,446735005,3904,446738909,0,7,1,10752,26,7482162768
7470,446784731,43904,446828635,0,8,0,512,28,2745676318
7471,446797077,152384,446949461,0,4,0,139776,35,8984722167
7472,446937476,167121,447104597,0,4,0,138752,35,6525520412
7473,446965321,1994,446967315,0,8,1,2048,28,1575098631
7474,446998108,11274,447009382,0,7,1,18432,26,8476004407
7475,447045703,1994,447047697,0,7,1,2048,26,8476577020
7476,447081817,13858,447095675,0,3,1,23552,42,1788550560
7477,447143611,2470,447146081,0,8,1,2560,28,9702462821
7478,447168125,201980,447370105,0,4,0,201728,35,6379477001
7479,447183335,205505,447388840,0,4,0,61440,35,7448879265
7480,447219392,54056,447273448,0,8,0,3584,28,9948391312
7481,447266593,100880,447367473,0,7,0,31232,26,8810431238
7482,447279913,114432,447394345,0,4,0,16896,35,4601591510
7483,447293182,4937,447298119,0,7,1,12800,26,7432547329
7484,447396588,196514,447593102,0,7,0,67072,26,9255880761
7485,447463790,125996,447589786,0,4,0,113664,35,6504813920
7486,447588524,46988,447635512,0,9,1,81408,46,145254251
7487,447679367,45596,447724963,0,8,0,1024,28,5754826753
7488,447695945,3422,447699367,0,8,1,3584,28,457918665
7489,447707602,99164,447806766,0,1,0,25600,19,9452216026
7490,447714987,47288,447762275,0,6,0,1536,8,9780292702
7491,447807203,49448,447856651,0,8,0,3584,28,7536137785
7492,447822631,566,447823197,0,8,1,512,28,8548937403
7493,447844518,47288,447891806,0,8,0,1536,28,2635827883
7494,447863386,180836,448044222,0,1,0,147456,19,1880498877
7495,447873315,47288,447920603,0,6,0,1536,8,8172652048
7496,447894188,47288,447941476,0,8,0,1536,28,7518652867
7497,447911013,109148,448020161,0,5,0,58368,16,5626800779
7498,448252425,24670,448277095,0,9,1,44544,46,9698411933
7499,448264255,43904,448308159,0,8,0,512,28,9358321438
7500,448376518,113828,448490346,0,0,0,73728,41,10247058987
7501,448407235,5326,448412561,0,1,1,5632,19,2244311521
7502,448516992,209132,448726124,0,7,0,220160,26,2883703385
7503,448547059,5326,448552385,0,7,1,5632,26,4858808837
7504,448566247,45752,448611999,0,8,0,1536,28,10450439066
7505,448589830,166450,448756280,0,7,0,19456,26,483913503
7506,448671771,15579,448687350,0,3,1,30208,42,9052502699
7507,448764768,47288,448812056,0,6,0,1536,8,8573831294
7508,448862011,115076,448977087,0,4,0,77824,35,5588579273
7509,449084510,1042,449085552,0,7,1,1024,26,7131472201
7510,449121667,2870,449124537,0,1,1,8704,19,8460176684
7511,449210207,50828,449261035,0,6,0,3072,8,1441082111
7512,449332884,119756,449452640,0,0,0,93184,41,4774156968
7513,449372276,48980,449421256,0,6,0,2048,8,3080448174
7514,449385223,119912,449505135,0,5,0,93696,16,8609525134
7515,449400346,2470,449402816,0,7,1,2560,26,1345705217
7516,449430238,5196,449435434,0,9,1,13312,46,6067955257
7517,449442793,67772,449510565,0,7,0,13312,26,6711448815
7518,449503615,94858,449598473,0,9,1,154624,46,3379492775
7519,449514077,220388,449734465,0,0,0,262144,41,891064239
7520,449648509,6278,449654787,0,7,1,6656,26,9115547456
7521,449846985,52520,449899505,0,6,0,3584,8,1571700479
7522,450003092,42941,450046033,0,7,1,70144,26,9955742732
7523,450009726,57440,450067166,0,5,0,4608,16,2229256178
7524,450020076,124436,450144512,0,4,0,108544,35,5325818084
7525,450040077,566,450040643,0,0,1,512,41,6161513400
7526,450065390,1042,450066432,0,0,1,1024,41,2958979039
7527,450097558,225634,450323192,0,4,0,233984,35,17516619
7528,450151904,12995,450164899,0,7,1,25088,26,6863307480
7529,450181197,2470,450183667,0,7,1,2560,26,3441373761
7530,450328305,6754,450335059,0,7,1,7168,26,5811440418
7531,450405281,62933,450468214,0,9,1,102400,46,6055117630
7532,450519507,3898,450523405,0,7,1,4096,26,9028908805
7533,450539810,45596,450585406,0,6,0,1024,8,9097078306
7534,450551220,566,450551786,0,7,1,512,26,1673973517
7535,450662902,77300,450740202,0,5,0,14336,16,8774767796
7536,450680883,2470,450683353,0,9,1,2560,46,8704387325
7537,450790490,45596,450836086,0,6,0,1024,8,1128693320
7538,450883012,126932,451009944,0,4,0,116736,35,1517206012
7539,450891029,12308,450903337,0,0,1,20480,41,9518380973
7540,450916548,5326,450921874,0,7,1,5632,26,8906240649
7541,450951809,47288,450999097,0,6,0,1536,8,8126862082
7542,450955184,92972,451048156,0,5,0,15360,16,10684626300
7543,450955803,3904,450959707,0,7,1,10752,26,7024702230
7544,450963367,10241,450973608,0,3,1,16384,42,8591391673
7545,451068693,21916,451090609,0,7,1,35840,26,3603732453
7546,451087940,55748,451143688,0,6,0,4096,8,2687246803
7547,451136547,183843,451320390,0,7,0,75264,26,3883822094
7548,451156328,99500,451255828,0,4,0,31744,35,1200202913
7549,451234081,43112,451277193,0,9,1,73728,46,10701919587
7550,451238256,144696,451382952,0,7,0,77824,26,2065313296
7551,451252134,57440,451309574,0,1,0,4608,19,8016632551
7552,451278314,2946,451281260,0,3,1,3072,42,7815302447
7553,451288543,43904,451332447,0,6,0,512,8,10735861660
7554,451330293,121160,451451453,0,1,0,97792,19,10470326066
7555,451342237,127088,451469325,0,4,0,117248,35,7803245974
7556,451352306,253729,451606035,0,4,0,176640,35,6906430928
7557,451374740,207437,451582177,0,9,1,340480,46,493316034
7558,451421677,3387,451425064,0,0,1,9728,41,4663327697
7559,451429040,205645,451634685,0,9,1,177664,46,9166715588
7560,451445721,189732,451635453,0,9,1,11776,46,9790092638
7561,451480978,21399,451502377,0,3,1,34816,42,7491331253
7562,451502338,48980,451551318,0,6,0,2048,8,3686680950
7563,451510978,108680,451619658,0,5,0,56832,16,10488522648
7564,451513420,92840,451606260,0,0,0,19968,41,5188780596
7565,451523059,148684,451671743,0,9,1,116224,46,3350366393
7566,451528572,153591,451682163,0,9,1,41472,46,7525768790
7567,451533948,3422,451537370,0,0,1,3584,41,447895660
7568,451571428,3422,451574850,0,7,1,3584,26,4572223010
7569,451578060,109595,451687655,0,9,1,17920,46,2428189518
7570,451646298,3898,451650196,0,3,1,4096,42,7219640391
7571,451758726,182732,451941458,0,5,0,158720,16,7066739203
7572,451800995,3898,451804893,0,7,1,4096,26,10411817546
7573,451872754,22691,451895445,0,9,1,37376,46,1904967605
7574,451938861,113984,452052845,0,4,0,74240,35,1889231676
7575,451951276,11274,451962550,0,0,1,18432,41,10000098619
7576,451977219,157686,452134905,0,0,0,121856,41,874350195
7577,451979771,1518,451981289,0,5,1,1536,16,6911975156
7578,451985543,4162,451989705,0,5,1,11264,16,3162760273
7579,452007733,20882,452028615,0,9,1,33792,46,1171799177
7580,452062091,101192,452163283,0,1,0,32256,19,2984028470
7581,452105146,106340,452211486,0,1,0,49152,19,3891229324
7582,452142370,7706,452150076,0,3,1,8192,42,3211378958
7583,452178212,3898,452182110,0,0,1,4096,41,6891275446
7584,452182612,102128,452284740,0,0,0,35328,41,9669386762
7585,452184061,45596,452229657,0,6,0,1024,8,9035767090
7586,452193964,6229,452200193,0,0,1,15360,41,3751989944
7587,452244943,85136,452330079,0,7,0,14848,26,417889820
7588,452269547,2946,452272493,0,2,1,3072,12,7282333525
7589,452303083,53583,452356666,0,9,1,87552,46,7848960654
7590,452311147,1042,452312189,0,3,1,1024,42,9839466662
7591,452360656,190748,452551404,0,7,0,164864,26,2780085800
7592,452363588,188299,452551887,0,7,0,1536,26,7051521348
7593,452449038,6229,452455267,0,2,1,15360,12,7266027470
7594,452452098,3128,452455226,0,3,1,9216,42,931437003
7595,452488731,69284,452558015,0,0,0,8192,41,6375541504
7596,452571889,104936,452676825,0,0,0,44544,41,7338582711
7597,452725460,50828,452776288,0,0,0,3072,41,5415021853
7598,452740115,14029,452754144,0,9,1,27136,46,8459581325
7599,452793530,50672,452844202,0,6,0,2560,8,4239210262
7600,452843342,1518,452844860,0,3,1,1536,42,7247391185
7601,452933537,11533,452945070,0,2,1,18944,12,2427210170
7602,452959387,50828,453010215,0,4,0,3072,35,1153706139
7603,452999525,7230,453006755,0,6,1,7680,8,7522801811
7604,453012709,112892,453125601,0,7,0,70656,26,701339563
7605,453055264,43904,453099168,0,6,0,512,8,3850769778
7606,453090375,102596,453192971,0,4,0,36864,35,8448616977
7607,453112736,106701,453219437,0,4,0,6656,35,8619738434
7608,453133314,305933,453439247,0,9,1,495616,46,5064890362
7609,453191100,190904,453382004,0,0,0,165376,41,2110602031
7610,453281814,47288,453329102,0,8,0,1536,28,10346345288
7611,453386604,236240,453622844,0,1,0,268800,19,2516502811
7612,453416086,54056,453470142,0,4,0,3584,35,6686613334
7613,453466777,73160,453539937,0,5,0,15872,16,190363183
7614,453474508,4850,453479358,0,2,1,5120,12,10086869473
7615,453525358,23637,453548995,0,9,1,42496,46,5683489226
7616,453563764,128336,453692100,0,5,0,121344,16,10016965887
7617,453598202,120068,453718270,0,7,0,94208,26,8716682590
7618,453598759,5802,453604561,0,6,1,6144,8,8328669952
7619,453647725,50984,453698709,0,8,0,3584,28,2801988125
7620,453687014,31271,453718285,0,7,1,12288,26,5702265663
7621,453705335,10499,453715834,0,8,1,16896,28,6803660961
7622,453719333,143103,453862436,0,8,0,512,28,1140005338
7623,453721483,5326,453726809,0,2,1,5632,12,5032543891
7624,453749754,4850,453754604,0,7,1,5120,26,851064007
7625,453852265,43904,453896169,0,6,0,512,8,8608122587
7626,453918169,2470,453920639,0,7,1,2560,26,9399082379
7627,453957453,4374,453961827,0,9,1,4608,46,1137068886
7628,454026576,54056,454080632,0,8,0,3584,28,2197134853
7629,454043269,2946,454046215,0,8,1,3072,28,5148741320
7630,454074940,191372,454266312,0,5,0,166912,16,9395892037
7631,454075555,124592,454200147,0,0,0,109056,41,4071678372
7632,454160939,107104,454268043,0,5,0,5632,16,5314466431
7633,454225905,10499,454236404,0,2,1,16896,12,10301812770
7634,454230134,11416,454241550,0,2,1,8192,12,9894483313
7635,454383254,103376,454486630,0,7,0,39424,26,8581730238
7636,454384846,6278,454391124,0,9,1,6656,46,3629435308
7637,454418063,13341,454431404,0,9,1,22528,46,7551588104
7638,454452133,111488,454563621,0,1,0,66048,19,6089247244
7639,454464975,124716,454589691,0,9,1,202752,46,333659935
7640,454475589,124420,454600009,0,9,1,32768,46,8212918689
7641,454487180,6754,454493934,0,8,1,7168,28,5035053565
7642,454543796,113984,454657780,0,5,0,74240,16,3415778885
7643,454643723,40874,454684597,0,9,1,66048,46,5732482041
7644,454724100,4374,454728474,0,2,1,4608,12,9872550210
7645,454743330,1042,454744372,0,6,1,1024,8,3091395542
7646,454743996,6488,454750484,0,2,1,15872,12,7872806972
7647,454972823,48980,455021803,0,8,0,2048,28,4082065694
7648,455067739,6229,455073968,0,3,1,15360,42,6268931046
7649,455177973,1994,455179967,0,8,1,2048,28,9037649357
7650,455252084,5196,455257280,0,8,1,13312,28,9616412337
7651,455259924,67238,455327162,0,9,1,114176,46,9873880210
7652,455262476,6754,455269230,0,2,1,7168,12,68838280
7653,455322239,10241,455332480,0,6,1,16384,8,2186151562
7654,455398356,56337,455454693,0,9,1,96256,46,9959717795
7655,455401067,2946,455404013,0,8,1,3072,28,5671743387
7656,455479095,3898,455482993,0,7,1,4096,26,2740874237
7657,455536423,5971,455542394,0,8,1,14848,28,4223078189
7658,455551507,54524,455606031,0,0,0,5120,41,10044910936
7659,455553906,110864,455664770,0,0,0,64000,41,3988864719
7660,455556874,1042,455557916,0,8,1,1024,28,6265449389
7661,455568248,15321,455583569,0,8,1,29696,28,6238213491
7662,455589022,7706,455596728,0,8,1,8192,28,1970939808
7663,455594620,7230,455601850,0,8,1,7680,28,361809516
7664,455632655,43904,455676559,0,8,0,512,28,218205734
7665,455729351,2470,455731821,0,6,1,2560,8,814070537
7666,455760667,45596,455806263,0,8,0,1024,28,7535771
7667,455788890,105872,455894762,0,4,0,47616,35,8713281357
7668,455836880,3898,455840778,0,2,1,4096,12,7647751802
7669,455837067,3128,455840195,0,5,1,9216,16,7973869973
7670,455964828,7230,455972058,0,6,1,7680,8,2745866212
7671,455969123,4937,455974060,0,2,1,12800,12,4568526326
7672,455969976,86542,456056518,0,6,0,1024,8,5159892384
7673,455978069,6488,455984557,0,6,1,15872,8,475909550
7674,455990911,43904,456034815,0,8,0,512,28,7316447120
7675,456029901,5802,456035703,0,4,1,6144,35,2343113265
7676,456032472,6754,456039226,0,7,1,7168,26,6984970906
7677,456054077,195136,456249213,0,7,0,19456,26,72655770
7678,456073681,3898,456077579,0,7,1,4096,26,9579832601
7679,456074072,60824,456134896,0,1,0,5632,19,1057057796
7680,456074603,11533,456086136,0,6,1,18944,8,8752426817
7681,456094263,98696,456192959,0,4,0,24064,35,3538976375
7682,456102892,7706,456110598,0,8,1,8192,28,1642799153
7683,456123335,3422,456126757,0,6,1,3584,8,7495220475
7684,456132526,2470,456134996,0,7,1,2560,26,5284373169
7685,456152045,4679,456156724,0,6,1,12288,8,2509355628
7686,456160514,2870,456163384,0,2,1,8704,12,1035975552
7687,456202690,11533,456214223,0,4,1,18944,35,7118334481
7688,456206391,92708,456299099,0,7,0,24576,26,5612470026
7689,456250395,3645,456254040,0,7,1,10240,26,737792990
7690,456309114,5326,456314440,0,6,1,5632,8,2174220698
7691,456357234,4679,456361913,0,7,1,12288,26,6542745399
7692,456389117,100568,456489685,0,4,0,30208,35,240069916
7693,456389669,31007,456420676,0,9,1,50176,46,7201554972
7694,456404907,43904,456448811,0,8,0,512,28,5786311479
7695,456406253,113299,456519552,0,9,1,183808,46,5206246054
7696,456476667,43346,456520013,0,9,1,10240,46,136102132
7697,456520152,109928,456630080,0,0,0,60928,41,3110485234
7698,456550027,15837,456565864,0,4,1,30720,35,5652269068
7699,456577348,108212,456685560,0,7,0,55296,26,7276918067
7700,456585638,106964,456692602,0,1,0,51200,19,6631465332
7701,456601503,14117,456615620,0,8,1,24064,28,7831367400
7702,456662722,52364,456715086,0,6,0,3072,8,3014870283
7703,456674745,11016,456685761,0,6,1,17920,8,5304755626
7704,456771860,2470,456774330,0,2,1,2560,12,9861535650
7705,456783178,103532,456886710,0,0,0,39936,41,1971742197
7706,456786351,103532,456889883,0,4,0,39936,35,8210075365
7707,456815475,45596,456861071,0,8,0,1024,28,9862799230
7708,456819484,104624,456924108,0,7,0,43520,26,7245576155
7709,456835579,59132,456894711,0,8,0,5120,28,8904200974
7710,456881138,18995,456900133,0,4,1,16384,35,7183194743
7711,456885583,16496,456902079,0,4,1,3072,35,7521883221
7712,456933206,4850,456938056,0,7,1,5120,26,2347093470
7713,456957760,45752,457003512,0,6,0,1536,8,3618101886
7714,456964452,6488,456970940,0,4,1,15872,35,5347419410
7715,456973485,6754,456980239,0,4,1,7168,35,1485493192
7716,457019671,151688,457171359,0,4,0,2560,35,4971151107
7717,457040756,14545,457055301,0,7,1,28160,26,9496695781
7718,457057688,1994,457059682,0,2,1,2048,12,9459893313
7719,457063139,13341,457076480,0,6,1,22528,8,2349364225
7720,457064913,11274,457076187,0,2,1,18432,12,3599586215
7721,457079059,90212,457169271,0,0,0,16384,41,6187527449
7722,457095351,60824,457156175,0,8,0,5632,28,4980759699
7723,457100683,1518,457102201,0,4,1,1536,35,3442296360
7724,457160209,43904,457204113,0,8,0,512,28,8774726282
7725,457177284,163916,457341200,0,1,0,142336,19,8173967593
7726,457212678,11791,457224469,0,6,1,19456,8,2916814225
7727,457226632,2946,457229578,0,2,1,3072,12,8568936266
7728,457251624,6278,457257902,0,6,1,6656,8,5829274860
7729,457362910,211808,457574718,0,0,0,233984,41,3729723553
7730,457373549,71468,457445017,0,4,0,15360,35,8005586540
7731,457419341,23725,457443066,0,0,1,39424,41,6245601523
7732,457436537,47288,457483825,0,8,0,1536,28,8456111618
7733,457453299,5454,457458753,0,4,1,13824,35,6723857300
7734,457504130,10241,457514371,0,4,1,16384,35,10192055942
7735,457574374,22950,457597324,0,2,1,37888,12,5381467571
7736,457667850,3387,457671237,0,2,1,9728,12,10416454501
7737,457670292,45596,457715888,0,8,0,1024,28,5127871372
7738,457683036,47288,457730324,0,5,0,1536,16,2949235644
7739,457830763,2870,457833633,0,6,1,8704,8,6284932784
7740,457880209,3387,457883596,0,2,1,9728,12,5822863988
7741,457963493,110240,458073733,0,4,0,61952,35,3146167965
7742,457968473,5802,457974275,0,7,1,6144,26,5425381236
7743,457971103,4374,457975477,0,6,1,4608,8,6539040871
7744,457979353,1042,457980395,0,2,1,1024,12,568046055
7745,457981742,6229,457987971,0,6,1,15360,8,6674848933
7746,458017023,4162,458021185,0,6,1,11264,8,5770585762
7747,458034049,123656,458157705,0,0,0,105984,41,3881902844
7748,458074106,13512,458087618,0,0,1,26112,41,4724382830
7749,458148880,43904,458192784,0,8,0,512,28,7717295431
7750,458234885,58220,458293105,0,1,0,7168,19,7774978840
7751,458312876,6754,458319630,0,7,1,7168,26,2153334402
7752,458515763,76071,458591834,0,4,1,128000,35,5969824432
7753,458577090,101036,458678126,0,0,0,31744,41,4080537609
7754,458582384,1042,458583426,0,7,1,1024,26,3178449138
7755,458610578,1042,458611620,0,7,1,1024,26,142766505
7756,458618122,6278,458624400,0,8,1,6656,28,9366697111
7757,458633637,10757,458644394,0,2,1,17408,12,3481169961
7758,458688262,111176,458799438,0,0,0,65024,41,3881483450
7759,458815221,1518,458816739,0,6,1,1536,8,7755363519
7760,458851361,4374,458855735,0,0,1,4608,41,6659611554
7761,458870412,249152,459119564,0,6,0,270848,8,5728347904
7762,458895788,13600,458909388,0,0,1,23040,41,4256097232
7763,458923215,13083,458936298,0,2,1,22016,12,7868034713
7764,458936882,103220,459040102,0,1,0,38912,19,6084345022
7765,458951731,5196,458956927,0,7,1,13312,26,3443848990
7766,458998084,1518,458999602,0,6,1,1536,8,3483421401
7767,459066520,14804,459081324,0,4,1,28672,35,8091827545
7768,459070523,110030,459180553,0,4,0,45568,35,5527694289
7769,459105664,32816,459138480,0,4,1,53760,35,8765169928
7770,459209816,87296,459297112,0,1,0,16896,19,1751999846
7771,459257053,89636,459346689,0,0,0,24576,41,5311493416
7772,459265995,23120,459289115,0,6,1,41472,8,7057653196
7773,459272581,43716,459316297,0,4,1,71680,35,2947122974
7774,459341489,1518,459343007,0,7,1,1536,26,10087461564
7775,459420231,45596,459465827,0,4,0,1024,35,2603471542
7776,459426335,147151,459573486,0,6,0,135680,8,3607147968
7777,459436253,58361,459494614,0,4,0,2560,35,1069697581
7778,459439209,10241,459449450,0,7,1,16384,26,9780839446
7779,459442474,7322,459449796,0,7,1,512,26,3799273265
7780,459494544,116636,459611180,0,7,0,82944,26,1970159299
7781,459532344,105872,459638216,0,5,0,47616,16,5331245450
7782,459597913,40318,459638231,0,5,1,57344,16,6926713804
7783,459619033,10757,459629790,0,8,1,17408,28,6650420085
7784,459653831,7706,459661537,0,5,1,8192,16,7839374686
7785,459657887,205958,459863845,0,5,0,83456,16,5393979961
7786,459687173,52291,459739464,0,4,1,84992,35,4700346840
7787,459753804,10499,459764303,0,8,1,16896,28,1280456753
7788,459796892,104983,459901875,0,4,1,171008,35,3186175680
7789,459797863,118242,459916105,0,5,0,10752,16,7543791744
7790,459802128,101504,459903632,0,6,0,33280,8,4283813879
7791,459871078,50672,459921750,0,0,0,2560,41,8041291189
7792,459883904,23975,459907879,0,4,1,20480,35,708969707
7793,459918765,215708,460134473,0,6,0,246784,8,9097836383
7794,459949965,190295,460140260,0,6,0,18944,8,7611688841
7795,459972691,191002,460163693,0,6,0,43008,8,6435633603
7796,460070860,82820,460153680,0,5,0,12288,16,2946503271
7797,460097899,82064,460179963,0,7,0,14848,26,3722141497
7798,460106063,3898,460109961,0,1,1,4096,19,4867058766
7799,460184980,50672,460235652,0,5,0,2560,16,3654738370
7800,460212956,108212,460321168,0,1,0,55296,19,1489363104
7801,460234108,25962,460260070,0,4,1,47104,35,4511309176
7802,460250712,43200,460293912,0,6,1,70656,8,1899597339
7803,460263537,20882,460284419,0,1,1,33792,19,3787043567
7804,460267171,108338,460375509,0,6,0,38912,8,10402261445
7805,460290712,3422,460294134,0,5,1,3584,16,8623106167
7806,460310452,23445,460333897,0,1,1,24576,19,9478394641
7807,460357449,43904,460401353,0,7,0,512,26,9673092509
7808,460407747,566,460408313,0,5,1,512,16,5366951713
7809,460420576,57869,460478445,0,6,0,7168,8,2503031703
7810,460432875,4420,460437295,0,6,1,11776,8,2868518363
7811,460477180,1518,460478698,0,1,1,1536,19,7135652101
7812,460534042,69440,460603482,0,1,0,8704,19,9017363660
7813,460596612,93308,460689920,0,0,0,21504,41,9599188527
7814,460684311,3422,460687733,0,8,1,3584,28,3574028743
7815,460722478,3422,460725900,0,5,1,3584,16,2820647236
7816,460779252,192776,460972028,0,6,0,171520,8,10655375320
7817,460803964,114296,460918260,0,0,0,75264,41,3636821638
7818,460824549,3422,460827971,0,6,1,3584,8,9288239266
7819,460828115,278120,461106235,0,1,0,290304,19,7346375668
7820,460835722,4679,460840401,0,8,1,12288,28,4702829139
7821,460847589,3898,460851487,0,5,1,4096,16,1768825082
7822,460891145,4679,460895824,0,1,1,12288,19,10598836309
7823,460929703,117104,461046807,0,0,0,84480,41,3820401666
7824,460965950,9968,460975918,0,6,1,4096,8,7561082922
7825,460966894,142944,461109838,0,1,0,11776,19,697768322
7826,460978283,10757,460989040,0,8,1,17408,28,7278756398
7827,460987658,5326,460992984,0,5,1,5632,16,721582879
7828,461020315,3128,461023443,0,2,1,9216,12,1445421455
7829,461045049,43904,461088953,0,8,0,512,28,10545592977
7830,461082571,76052,461158623,0,8,0,10240,28,7893727841
7831,461087665,3128,461090793,0,8,1,9216,28,9208480615
7832,461089852,24915,461114767,0,1,1,12800,19,3253352992
7833,461126648,4420,461131068,0,4,1,11776,35,7834462157
7834,461173768,13600,461187368,0,9,1,23040,46,7036884326
7835,461177007,52364,461229371,0,5,0,3072,16,4524725015
7836,461181977,11791,461193768,0,3,1,19456,42,819683121
7837,461187641,3904,461191545,0,6,1,10752,8,8905811818
7838,461206410,4937,461211347,0,5,1,12800,16,10660224006
7839,461216042,143889,461359931,0,1,0,52736,19,7691495387
7840,461243613,47288,461290901,0,8,0,1536,28,1621682914
7841,461255793,117416,461373209,0,8,0,85504,28,1465255334
7842,461258483,104312,461362795,0,6,0,42496,8,2240928287
7843,461277244,1518,461278762,0,4,1,1536,35,7926752759
7844,461291165,4420,461295585,0,5,1,11776,16,1694081310
7845,461410595,2870,461413465,0,1,1,8704,19,7001998284
7846,461415148,20366,461435514,0,4,1,32768,35,6627669735
7847,461426687,14012,461440699,0,4,1,16384,35,10416777753
7848,461466028,1518,461467546,0,6,1,1536,8,2880963684
7849,461521637,50672,461572309,0,5,0,2560,16,5276781285
7850,461537103,54100,461591203,0,4,1,88576,35,7092331433
7851,461540347,6488,461546835,0,1,1,15872,19,3775903122
7852,461572239,100880,461673119,0,1,0,31232,19,4743548461
7853,461572866,23726,461596592,0,4,1,25600,35,6002352838
7854,461662820,47288,461710108,0,7,0,1536,26,4332965172
7855,461672627,43904,461716531,0,5,0,512,16,8656185166
7856,461768986,358108,462127094,0,4,1,580608,35,4710797271
7857,461776734,4850,461781584,0,5,1,5120,16,7322660448
7858,461822053,1994,461824047,0,5,1,2048,16,6583888463
7859,461845371,191996,462037367,0,6,0,168960,8,3006089710
7860,461893248,5196,461898444,0,8,1,13312,28,6522439009
7861,461939278,566,461939844,0,1,1,512,19,4123609104
7862,461945643,4679,461950322,0,1,1,12288,19,1059931704
7863,461949666,187848,462137514,0,4,1,33280,35,6366631385
7864,461955293,10499,461965792,0,6,1,16896,8,6268733736
7865,461977624,4850,461982474,0,8,1,5120,28,615342767
7866,461992757,145828,462138585,0,8,0,3072,28,6370978163
7867,462002900,214123,462217023,0,8,0,196096,28,5605311138
7868,462041443,293367,462334810,0,4,0,23552,35,4796407435
7869,462049368,1994,462051362,0,5,1,2048,16,9526375824
7870,462058121,52364,462110485,0,7,0,3072,26,2614649826
7871,462069029,3904,462072933,0,1,1,10752,19,6480733261
7872,462078917,106279,462185196,0,4,1,154624,35,1831682353
7873,462091527,191688,462283215,0,8,0,113664,28,88560744
7874,462106028,90714,462196742,0,4,1,38912,35,170178037
7875,462147528,3898,462151426,0,5,1,4096,16,6166120316
7876,462183512,89588,462273100,0,1,0,14336,19,8930216478
7877,462195763,3904,462199667,0,5,1,10752,16,5106292748
7878,462260578,3422,462264000,0,5,1,3584,16,3118436126
7879,462323631,12825,462336456,0,8,1,21504,28,4071379133
7880,462495630,1994,462497624,0,5,1,2048,16,2074941263
7881,462567501,43904,462611405,0,7,0,512,26,999993712
7882,462579515,10757,462590272,0,5,1,17408,16,8792296780
7883,462579835,64742,462644577,0,4,1,105984,35,68777854
7884,462586791,112892,462699683,0,1,0,70656,19,6109486541
7885,462593699,108056,462701755,0,8,0,54784,28,1182630615
7886,462599278,47288,462646566,0,5,0,1536,16,4228659851
7887,462666121,87547,462753668,0,5,0,512,16,6034268251
7888,462681477,84098,462765575,0,1,0,7168,19,3551334727
7889,462720037,139083,462859120,0,4,0,25088,35,6355094174
7890,462731665,43904,462775569,0,5,0,512,16,10600208009
7891,462770723,131517,462902240,0,4,0,74240,35,8533902557
7892,462773584,26479,462800063,0,4,1,48128,35,1275659113
7893,462807139,5326,462812465,0,8,1,5632,28,622090177
7894,462814545,1042,462815587,0,8,1,1024,28,5905573469
7895,462880918,44434,462925352,0,4,1,41472,35,5314376826
7896,462891041,116579,463007620,0,8,0,26112,28,9448267118
7897,462892517,31783,462924300,0,8,1,51712,28,6135801111
7898,462926100,48980,462975080,0,5,0,2048,16,5930423972
7899,462929583,5802,462935385,0,1,1,6144,19,6331736588
7900,463104215,45179,463149394,0,4,1,77824,35,6223358345
7901,463153813,1518,463155331,0,8,1,1536,28,9459835389
7902,463158279,183053,463341332,0,4,0,35840,35,2773756748
7903,463162794,47288,463210082,0,5,0,1536,16,1852833730
7904,463175447,123188,463298635,0,6,0,104448,8,6420954761
7905,463203847,112424,463316271,0,8,0,69120,28,8488207127
7906,463289219,126855,463416074,0,4,0,48128,35,9630993214
7907,463438080,59132,463497212,0,7,0,5120,26,3107414227
7908,463507715,112736,463620451,0,1,0,70144,19,8332759750
7909,463510959,2870,463513829,0,1,1,8704,19,6415844038
7910,463515849,43904,463559753,0,7,0,512,26,588526523
7911,463519223,14117,463533340,0,1,1,24064,19,853543051
7912,463534965,265433,463800398,0,4,1,430080,35,5425778532
7913,463599106,47288,463646394,0,5,0,1536,16,1664284866
7914,463609963,205886,463815849,0,4,1,57344,35,2956056055
7915,463625549,206877,463832426,0,4,1,62976,35,8127045640
7916,463764401,101972,463866373,0,8,0,34816,28,7989687408
7917,463776339,6278,463782617,0,8,1,6656,28,7401481316
7918,463787767,1994,463789761,0,8,1,2048,28,1981341114
7919,463809544,45596,463855140,0,5,0,1024,16,2811020869
7920,463811817,12566,463824383,0,1,1,20992,19,6620394017
7921,463817671,340212,464157883,0,1,0,125952,19,120873649
7922,463895278,3645,463898923,0,0,1,10240,41,5642270935
7923,463910722,115731,464026453,0,1,0,78848,19,6794034974
7924,463923063,135718,464058781,0,1,0,28672,19,6020800795
7925,463940357,150796,464091153,0,4,0,117248,35,1894775172
7926,464080267,50672,464130939,0,5,0,2560,16,5577771448
7927,464098338,89612,464187950,0,0,0,19456,41,6032442450
7928,464128647,122408,464251055,0,6,0,101888,8,3907105087
7929,464268881,30749,464299630,0,1,1,49664,19,667199572
7930,464347241,44060,464391301,0,7,0,1024,26,5307474877
7931,464435012,1042,464436054,0,7,1,1024,26,10128831995
7932,464478983,191684,464670667,0,1,0,167936,19,9519505825
7933,464501204,45596,464546800,0,7,0,1024,26,3996597481
7934,464613477,77768,464691245,0,8,0,15872,28,6289326418
7935,464630942,112424,464743366,0,6,0,69120,8,7928039702
7936,464764214,3387,464767601,0,1,1,9728,19,3633710062
7937,464768388,57489,464825877,0,1,0,3584,19,5614413310
7938,464809009,4420,464813429,0,8,1,11776,28,2665882751
7939,464903298,1994,464905292,0,8,1,2048,28,446550702
7940,464934955,189656,465124611,0,1,0,161280,19,8319356762
7941,464975163,187062,465162225,0,1,0,117248,19,9756630657
7942,465042498,52549,465095047,0,9,1,85504,46,2207794823
7943,465051909,54070,465105979,0,9,1,44032,46,3651906920
7944,465051988,13341,465065329,0,8,1,22528,28,7488566761
7945,465053833,73136,465126969,0,4,0,10752,35,8419899306
7946,465055621,121928,465177549,0,4,0,20480,35,8706022035
7947,465111770,145654,465257424,0,4,1,240128,35,9477744417
7948,465133283,43904,465177187,0,7,0,512,26,7311581771
7949,465136826,10757,465147583,0,9,1,17408,46,286019931
7950,465148021,150723,465298744,0,4,1,132096,35,3949759414
7951,465205452,286232,465491684,0,8,0,316928,28,6657661434
7952,465214245,6229,465220474,0,8,1,15360,28,1549067474
7953,465290057,7230,465297287,0,7,1,7680,26,1405668831
7954,465310493,144966,465455459,0,1,1,235520,19,6567607563
7955,465347659,376207,465723866,0,1,0,171520,19,9208842745
7956,465368565,144125,465512690,0,1,1,192000,19,10022252664
7957,465395468,50672,465446140,0,6,0,2560,8,2828014055
7958,465402219,94687,465496906,0,6,0,11776,8,5672431869
7959,465499475,481530,465981005,0,1,0,241152,19,7373223375
7960,465503042,6278,465509320,0,9,1,6656,46,7595968811
7961,465593219,73058,465666277,0,1,1,118784,19,4715033068
7962,465596677,84128,465680805,0,4,1,140288,35,4906437267
7963,465597340,425964,466023304,0,1,0,138752,19,7429253565
7964,465605183,1042,465606225,0,8,1,1024,28,90495461
7965,465646358,566,465646924,0,7,1,512,26,8582884638
7966,465657722,43904,465701626,0,7,0,512,26,9276533094
7967,465715908,1518,465717426,0,0,1,1536,41,2299246863
7968,465823465,117416,465940881,0,8,0,85504,28,3016712201
7969,465920951,85316,466006267,0,6,0,20480,8,9159410604
7970,465933323,143523,466076846,0,1,1,87552,19,8871125367
7971,465951982,47288,465999270,0,7,0,1536,26,1594111185
7972,465966685,4374,465971059,0,7,1,4608,26,1938114868
7973,465990480,87672,466078152,0,1,1,2048,19,1388577555
7974,466004095,7230,466011325,0,9,1,7680,46,8212009923
7975,466024202,5802,466030004,0,8,1,6144,28,6466268039
7976,466047859,4850,466052709,0,4,1,5120,35,8942075541
7977,466064943,14545,466079488,0,7,1,28160,26,3418603210
7978,466069956,88537,466158493,0,1,0,7680,19,735364984
7979,466080085,221035,466301120,0,1,0,33792,19,8019432951
7980,466115631,2946,466118577,0,7,1,3072,26,8260615975
7981,466123721,75296,466199017,0,6,0,12800,8,9124645449
7982,466193242,6278,466199520,0,8,1,6656,28,1849944672
7983,466249431,62416,466311847,0,1,1,101376,19,2036576017
7984,466293412,4679,466298091,0,7,1,12288,26,8267673472
7985,466339595,45596,466385191,0,5,0,1024,16,6487675594
7986,466426149,4374,466430523,0,5,1,4608,16,449557948
7987,466502469,50672,466553141,0,5,0,2560,16,538183176
7988,466621167,1518,466622685,0,7,1,1536,26,6862006790
7989,466674312,183141,466857453,0,1,1,296448,19,5032186460
7990,466686125,5326,466691451,0,9,1,5632,46,3420926764
7991,466695531,140211,466835742,0,4,0,70144,35,3308670234
7992,466697263,5454,466702717,0,4,1,13824,35,120243780
7993,466727654,12308,466739962,0,7,1,20480,26,5624076335
7994,466763784,22862,466786646,0,5,1,40960,16,2988355817
7995,466766769,47288,466814057,0,8,0,1536,28,25595507
7996,466798950,115325,466914275,0,1,1,181760,19,3559279211
7997,466807195,175124,466982319,0,5,0,512,16,3351996375
7998,466811823,100256,466912079,0,0,0,29184,41,7420536490
7999,466832984,147765,466980749,0,0,0,56832,41,1761410758
8000,466868724,107738,466976462,0,4,1,179712,35,4868510210
8001,466881102,1042,466882144,0,8,1,1024,28,5463286558
8002,466928231,1994,466930225,0,5,1,2048,16,1052765270
8003,466944382,222080,467166462,0,6,0,262656,8,3830494448
8004,466947535,45811,466993346,0,4,1,56320,35,2888862837
8005,466960500,12737,466973237,0,7,1,24576,26,9327945277
8006,467002339,72541,467074880,0,4,1,117760,35,610333780
8007,467024078,124904,467148982,0,7,0,110080,26,2440443156
8008,467026207,7706,467033913,0,8,1,8192,28,4753590618
8009,467121821,3645,467125466,0,8,1,10240,28,3406259711
8010,467146984,191060,467338044,0,0,0,165888,41,3911941665
8011,467178023,59132,467237155,0,6,0,5120,8,4679430563
8012,467201221,101348,467302569,0,6,0,32768,8,6196018358
8013,467208060,188268,467396328,0,0,0,67584,41,672746552
8014,467226752,165008,467391760,0,4,0,145920,35,6322221171
8015,467265384,5712,467271096,0,4,1,14336,35,5075802679
8016,467280952,2946,467283898,0,2,1,3072,12,8908361225
8017,467290699,366116,467656815,0,8,0,417792,28,8169346837
8018,467307030,5326,467312356,0,2,1,5632,12,316036810
8019,467314256,12737,467326993,0,1,1,24576,19,96021735
8020,467345395,4937,467350332,0,7,1,12800,26,3074224153
8021,467349011,14103,467363114,0,7,1,26624,26,1994962320
8022,467353197,21399,467374596,0,1,1,34816,19,9706591234
8023,467376816,130992,467507808,0,0,0,66048,41,7328950856
8024,467389033,83612,467472645,0,1,1,139264,19,7459595248
8025,467393482,267872,467661354,0,8,0,14848,28,6443664790
8026,467399411,2946,467402357,0,2,1,3072,12,3556378003
8027,467412623,2946,467415569,0,9,1,3072,46,9440903038
8028,467435464,54056,467489520,0,5,0,3584,16,10275444204
8029,467436504,5326,467441830,0,6,1,5632,8,7810458239
8030,467461975,4679,467466654,0,2,1,12288,12,6269844262
8031,467468888,3898,467472786,0,5,1,4096,16,1042843238
8032,467527790,140119,467667909,0,6,0,69120,8,4969131300
8033,467542982,114608,467657590,0,4,0,76288,35,6259498682
8034,467576321,12308,467588629,0,1,1,20480,19,3940273786
8035,467604129,59228,467663357,0,8,1,2048,28,7817305846
8036,467611518,284346,467895864,0,1,0,92672,19,6069591899
8037,467627815,233522,467861337,0,1,0,238592,19,3146242807
8038,467634020,3422,467637442,0,6,1,3584,8,1016145355
8039,467642453,26479,467668932,0,1,1,48128,19,319793619
8040,467653612,11051,467664663,0,8,1,2048,28,6310622833
8041,467658136,32299,467690435,0,2,1,52736,12,4042338633
8042,467730665,54992,467785657,0,5,0,6656,16,6541783382
8043,467740074,110084,467850158,0,0,0,61440,41,9461072817
8044,467786104,47288,467833392,0,6,0,1536,8,5688526446
8045,467858770,7706,467866476,0,7,1,8192,26,252232533
8046,467908267,4162,467912429,0,1,1,11264,19,1890506596
8047,467928224,103844,468032068,0,8,0,40960,28,9512049021
8048,467959459,2470,467961929,0,6,1,2560,8,6294522789
8049,468015765,43904,468059669,0,5,0,512,16,5309201547
8050,468058770,15321,468074091,0,1,1,29696,19,7090074070
8051,468066157,20882,468087039,0,5,1,33792,16,366702093
8052,468113091,102596,468215687,0,1,0,36864,19,8130419196
8053,468115875,7706,468123581,0,6,1,8192,8,6373335611
8054,468118694,34537,468153231,0,9,1,60416,46,9358841461
8055,468120905,107120,468228025,0,7,0,51712,26,9736705742
8056,468142850,3898,468146748,0,6,1,4096,8,8893718955
8057,468184559,4374,468188933,0,2,1,4608,12,1077540048
8058,468221157,45596,468266753,0,5,0,1024,16,743906461
8059,468264150,12737,468276887,0,8,1,24576,28,7912337596
8060,468326566,153283,468479849,0,1,1,248320,19,3138748322
8061,468358288,13600,468371888,0,5,1,23040,16,1284595893
8062,468387752,20882,468408634,0,9,1,33792,46,352252893
8063,468494576,50672,468545248,0,5,0,2560,16,8486860350
8064,468495267,2946,468498213,0,1,1,3072,19,5396052319
8065,468570540,15579,468586119,0,6,1,30208,8,472136400
8066,468592007,60824,468652831,0,0,0,5632,41,596168371
8067,468613528,1518,468615046,0,8,1,1536,28,2603734991
8068,468615094,5326,468620420,0,2,1,5632,12,2284457847
8069,468651348,114140,468765488,0,1,0,74752,19,3396109442
8070,468667064,107432,468774496,0,8,0,52736,28,10470617639
8071,468672393,198548,468870941,0,4,0,190464,35,10364806338
8072,468689363,137475,468826838,0,1,0,48128,19,6361326739
8073,468741083,148532,468889615,0,7,0,137216,26,8863550002
8074,468775614,566,468776180,0,0,1,512,41,276296605
8075,468792451,14029,468806480,0,1,1,27136,19,8533169701
8076,468930714,103844,469034558,0,6,0,40960,8,2080836776
8077,469032862,111020,469143882,0,7,0,64512,26,1529315655
8078,469056700,106808,469163508,0,4,0,50688,35,2673723692
8079,469078382,4162,469082544,0,0,1,11264,41,8599241059
8080,469132300,6278,469138578,0,2,1,6656,12,9237478310
8081,469138122,14804,469152926,0,6,1,28672,8,5567012789
8082,469277329,7230,469284559,0,0,1,7680,41,3862348252
8083,469335384,566,469335950,0,0,1,512,41,5556032826
8084,469402060,55748,469457808,0,5,0,4096,16,9975574268
8085,469461262,172088,469633350,0,4,0,148992,35,5488621095
8086,469471970,12308,469484278,0,6,1,20480,8,5674697042
8087,469500547,5196,469505743,0,6,1,13312,8,5064323746
8088,469513436,3422,469516858,0,6,1,3584,8,429906457
8089,469528488,1042,469529530,0,0,1,1024,41,910675445
8090,469528794,13567,469542361,0,0,1,26112,41,7827007608
8091,469540968,70976,469611944,0,7,0,8704,26,8105802045
8092,469602688,114452,469717140,0,0,0,75776,41,6265623473
8093,469616053,43904,469659957,0,5,0,512,16,2446552409
8094,469666505,201824,469868329,0,4,0,201216,35,8529881889
8095,469759500,11791,469771291,0,0,1,19456,41,1571029555
8096,469856117,143144,469999261,0,7,0,134656,26,9271772977
8097,469874561,113516,469988077,0,4,0,72704,35,4960432783
8098,469915282,90368,470005650,0,6,0,16896,8,2186345667
8099,469987117,5454,469992571,0,2,1,13824,12,5147485157
8100,469996589,197624,470194213,0,7,0,178688,26,6098259034
8101,470025183,50672,470075855,0,5,0,2560,16,6712532588
8102,470051896,59132,470111028,0,5,0,5120,16,3914408978
8103,470115461,6278,470121739,0,2,1,6656,12,3187301846
8104,470182205,2470,470184675,0,2,1,2560,12,3648821272
8105,470207835,97292,470305127,0,7,0,19456,26,2593171388
8106,470210399,77924,470288323,0,8,0,16384,28,4077996330
8107,470223232,1518,470224750,0,6,1,1536,8,1071098473
8108,470255324,71132,470326456,0,1,0,9216,19,8999482027
8109,470410276,12566,470422842,0,0,1,20992,41,8468277821
8110,470422309,11274,470433583,0,6,1,18432,8,9071465934
8111,470429613,47288,470476901,0,5,0,1536,16,3264850108
8112,470466611,103220,470569831,0,6,0,38912,8,4467276172
8113,470498917,60824,470559741,0,9,0,5632,46,8305825570
8114,470534905,3422,470538327,0,0,1,3584,41,2024852478
8115,470538249,151000,470689249,0,0,0,109056,41,5450373125
8116,470558522,159677,470718199,0,6,0,136704,8,8651447602
8117,470634803,101036,470735839,0,4,0,31744,35,2865879164
8118,470647328,52364,470699692,0,0,0,3072,41,1598044996
8119,470832670,43904,470876574,0,5,0,512,16,5980517897
8120,470838288,63764,470902052,0,4,0,10240,35,3249836851
8121,470877041,1518,470878559,0,6,1,1536,8,10471029576
8122,470884970,73136,470958106,0,0,0,10752,41,5420143308
8123,471060798,6754,471067552,0,6,1,7168,8,3207004330
8124,471073291,12995,471086286,0,2,1,25088,12,9940845508
8125,471093014,3128,471096142,0,2,1,9216,12,8573941358
8126,471103824,112736,471216560,0,1,0,70144,19,7449672529
8127,471105150,278276,471383426,0,4,0,290816,35,9299329066
8128,471123721,1042,471124763,0,2,1,1024,12,9033511031
8129,471142106,4850,471146956,0,2,1,5120,12,6590318317
8130,471278607,145862,471424469,0,4,0,134656,35,5784820349
8131,471293423,10241,471303664,0,0,1,16384,41,2623329473
8132,471342945,3898,471346843,0,2,1,4096,12,6045938040
8133,471516140,3898,471520038,0,0,1,4096,41,9632813701
8134,471517965,7706,471525671,0,2,1,8192,12,1546132220
8135,471520386,292160,471812546,0,6,0,336384,8,1313405725
8136,471543951,3898,471547849,0,0,1,4096,41,3436565829
8137,471563576,101660,471665236,0,4,0,33792,35,1210682982
8138,471594912,43904,471638816,0,5,0,512,16,7903890466
8139,471598336,229521,471827857,0,6,0,50176,8,185209699
8140,471644677,78836,471723513,0,8,0,14336,28,9000902677
8141,471680793,43904,471724697,0,5,0,512,16,7966019024
8142,471709686,107276,471816962,0,7,0,52224,26,7037305960
8143,471733574,2870,471736444,0,0,1,8704,41,4846515408
8144,471800642,37415,471838057,0,6,1,16384,8,3754645893
8145,471844431,11274,471855705,0,0,1,18432,41,7676396687
8146,471879967,107432,471987399,0,4,0,52736,35,1844994792
8147,471959629,2470,471962099,0,6,1,2560,8,10286918958
8148,471965597,290600,472256197,0,0,0,331264,41,7264240074
8149,471987378,6754,471994132,0,2,1,7168,12,2088574028
8150,472023849,34537,472058386,0,0,1,60416,41,8009919088
8151,472055251,5196,472060447,0,2,1,13312,12,1555114149
8152,472168671,43904,472212575,0,5,0,512,16,1597951977
8153,472219196,44716,472263912,0,0,1,8192,41,6436946643
8154,472221685,102128,472323813,0,7,0,35328,26,6527523700
8155,472225638,67431,472293069,0,0,1,56832,41,10594499738
8156,472230345,193556,472423901,0,6,0,174080,8,6218950268
8157,472356736,105716,472462452,0,9,0,47104,46,6668095455
8158,472456464,83600,472540064,0,1,0,14848,19,1138460731
8159,472622592,34108,472656700,0,4,1,56320,35,10472760429
8160,472637064,89324,472726388,0,9,0,23552,46,4002535012
8161,472695426,101972,472797398,0,8,0,34816,28,9379282690
8162,472789917,105404,472895321,0,4,0,46080,35,9583566170
8163,472792407,126620,472919027,0,7,0,115712,26,7912481326
8164,472808243,12737,472820980,0,2,1,24576,12,8275452727
8165,472822985,64364,472887349,0,6,0,7168,8,10506421882
8166,472828093,95117,472923210,0,0,1,155136,41,7350784914
8167,472880346,2870,472883216,0,6,1,8704,8,4498937800
8168,472929391,69701,472999092,0,0,0,3072,41,7351668498
8169,473013945,65900,473079845,0,1,0,7168,19,10327263305
8170,473128422,216332,473344754,0,1,0,248832,19,3114619834
8171,473184699,90368,473275067,0,0,0,16896,41,4346358498
8172,473258083,113828,473371911,0,6,0,73728,8,10688836005
8173,473265940,118289,473384229,0,6,0,7168,8,2873819686
8174,473275290,97784,473373074,0,4,0,26112,35,5898742954
8175,473319087,566,473319653,0,8,1,512,28,8411297615
8176,473324086,21399,473345485,0,2,1,34816,12,1353155413
8177,473346630,25296,473371926,0,6,1,3072,8,4094315268
8178,473371953,118685,473490638,0,4,0,86016,35,2901762008
8179,473382265,101900,473484165,0,6,0,28160,8,8473534967
8180,473395568,23725,473419293,0,8,1,39424,28,3100830
8181,473398734,12737,473411471,0,2,1,24576,12,681831158
8182,473398803,23822,473422625,0,2,1,31744,12,1965599492
8183,473427100,1994,473429094,0,6,1,2048,8,3130796207
8184,473476917,97916,473574833,0,1,0,21504,19,6998179606
8185,473496478,104208,473600686,0,4,1,169472,35,1477884600
8186,473501801,120800,473622601,0,4,1,72192,35,8845052588
8187,473571345,43904,473615249,0,9,0,512,46,869995474
8188,473659663,100724,473760387,0,7,0,30720,26,3396736490
8189,473782689,132992,473915681,0,1,0,131584,19,3767619048
8190,473802470,59941,473862411,0,4,0,512,35,8389160882
8191,473826822,4374,473831196,0,8,1,4608,28,6434607517
8192,473895042,199460,474094502,0,7,0,188416,26,10629599950
8193,473920302,77104,473997406,0,4,1,130048,35,8190081398
8194,473925357,93332,474018689,0,0,0,26624,41,3941745607
8195,473926037,172848,474098885,0,7,0,14336,26,7413945523
8196,474059193,33850,474093043,0,4,1,55808,35,9126781688
8197,474080676,12828,474093504,0,4,1,10240,35,8694824008
8198,474120193,50672,474170865,0,8,0,2560,28,2475238576
8199,474211946,122876,474334822,0,0,0,103424,41,7498821579
8200,474249655,100256,474349911,0,6,0,29184,8,9704682396
8201,474261164,104312,474365476,0,1,0,42496,19,5488056430
8202,474378613,43904,474422517,0,9,0,512,46,5369268574
8203,474414521,110396,474524917,0,4,0,62464,35,4852061461
8204,474422843,202136,474624979,0,0,0,202240,41,5023816602
8205,474619485,156680,474776165,0,8,0,138752,28,8086895526
8206,474642299,5454,474647753,0,2,1,13824,12,5388988356
8207,474755128,32303,474787431,0,8,1,18432,28,5324898483
8208,474958824,10499,474969323,0,8,1,16896,28,8627895387
8209,474961111,103688,475064799,0,7,0,40448,26,1924715066
8210,475026923,3387,475030310,0,8,1,9728,28,10144880161
8211,475031513,67592,475099105,0,5,0,7680,16,8894666829
8212,475040501,47288,475087789,0,5,0,1536,16,8079309951
8213,475044253,105716,475149969,0,6,0,47104,8,10557441662
8214,475206914,106964,475313878,0,8,0,51200,28,3335335916
8215,475210452,110084,475320536,0,1,0,61440,19,9708681668
8216,475244684,152802,475397486,0,1,0,86016,19,737530115
8217,475258820,45596,475304416,0,9,0,1024,46,4921723287
8218,475263432,13600,475277032,0,4,1,23040,35,7455601694
8219,475331489,3645,475335134,0,8,1,10240,28,8411203899
8220,475335095,151163,475486258,0,8,0,100864,28,8445351351
8221,475454315,77363,475531678,0,4,1,130560,35,5979979925
8222,475457984,255422,475713406,0,8,0,264192,28,10078582884
8223,475484414,103844,475588258,0,6,0,40960,8,5953507328
8224,475501129,50672,475551801,0,9,0,2560,46,1788040462
8225,475558269,6754,475565023,0,8,1,7168,28,1179210358
8226,475617947,226756,475844703,0,8,0,66048,28,7964011887
8227,475686996,45596,475732592,0,5,0,1024,16,7242310229
8228,475704876,64225,475769101,0,4,1,104960,35,8708962531
8229,475756738,1042,475757780,0,8,1,1024,28,7963955422
8230,475853319,5326,475858645,0,2,1,5632,12,5705046808
8231,475874101,2470,475876571,0,8,1,2560,28,5506785481
8232,475886937,104312,475991249,0,1,0,42496,19,2970387160
8233,475929548,13858,475943406,0,8,1,23552,28,7500651507
8234,476070463,3422,476073885,0,2,1,3584,12,668532899
8235,476076453,71600,476148053,0,4,0,10752,35,7566536153
8236,476097761,98852,476196613,0,7,0,24576,26,1074811703
8237,476141322,3422,476144744,0,2,1,3584,12,2176143141
8238,476164621,91748,476256369,0,4,0,16384,35,8973253209
8239,476221450,328440,476549890,0,4,0,205824,35,5409595310
8240,476228048,198548,476426596,0,4,0,190464,35,9012758930
8241,476250226,286856,476537082,0,0,0,318976,41,9389704740
8242,476339440,20624,476360064,0,8,1,33280,28,5369746300
8243,476352643,214148,476566791,0,1,0,241664,19,6606848242
8244,476378713,226333,476605046,0,4,0,52224,35,9218090668
8245,476389151,52364,476441515,0,9,0,3072,46,5704806789
8246,476439184,6754,476445938,0,8,1,7168,28,10672947598
8247,476442921,106984,476549905,0,4,1,88064,35,10720946209
8248,476460317,47600,476507917,0,9,0,2560,46,10114867736
8249,476522672,45596,476568268,0,5,0,1024,16,7097707884
8250,476525888,253951,476779839,0,1,0,238080,19,8040372781
8251,476552605,43904,476596509,0,9,0,512,46,3253884058
8252,476569698,116792,476686490,0,6,0,83456,8,4481844262
8253,476580108,123680,476703788,0,9,0,1536,46,8160372962
8254,476585926,202760,476788686,0,0,0,204288,41,717188180
8255,476586981,116324,476703305,0,9,0,81920,46,3967609444
8256,476637620,108680,476746300,0,8,0,56832,28,3005105132
8257,476653030,566,476653596,0,8,1,512,28,8051497590
8258,476696707,24242,476720949,0,2,1,40448,12,10286042698
8259,476751517,294656,477046173,0,9,0,344576,46,9020522229
8260,476843741,54270,476898011,0,2,1,92160,12,10640212816
8261,476850488,53753,476904241,0,4,1,91136,35,9547721185
8262,476883552,54056,476937608,0,6,0,3584,8,6763596681
8263,476921734,43904,476965638,0,5,0,512,16,1180530131
8264,476956672,192932,477149604,0,7,0,172032,26,2258758272
8265,476987616,16613,477004229,0,2,1,32256,12,4424248676
8266,476990849,156196,477147045,0,9,0,31232,46,175978560
8267,477105462,107276,477212738,0,8,0,52224,28,4003608840
8268,477124346,48980,477173326,0,5,0,2048,16,4731646754
8269,477169834,1994,477171828,0,3,1,2048,42,9145664385
8270,477201550,14126,477215676,0,8,1,3072,28,1000075949
8271,477228323,47288,477275611,0,5,0,1536,16,5310505889
8272,477241357,43904,477285261,0,5,0,512,16,8224542996
8273,477245968,211028,477456996,0,0,0,231424,41,10634176384
8274,477246567,61899,477308466,0,4,1,100352,35,9676288423
8275,477246621,34537,477281158,0,2,1,60416,12,8945252396
8276,477263597,70688,477334285,0,4,1,82432,35,3203436588
8277,477313139,117416,477430555,0,9,0,85504,46,3650166004
8278,477373378,77900,477451278,0,1,0,11264,19,3963173630
8279,477384704,100724,477485428,0,1,0,30720,19,2747528041
8280,477389557,35312,477424869,0,2,1,61952,12,2494207459
8281,477393871,138068,477531939,0,7,0,133120,26,3188763892
8282,477525963,12308,477538271,0,4,1,20480,35,4506731345
8283,477598643,92240,477690883,0,8,0,23040,28,1519006788
8284,477599583,65687,477665270,0,4,1,111104,35,5723224962
8285,477625934,47288,477673222,0,5,0,1536,16,3528661825
8286,477678144,43904,477722048,0,9,0,512,46,2900090565
8287,477721005,103950,477824955,0,4,1,168960,35,9470166167
8288,477735412,99320,477834732,0,9,0,26112,46,7858248653
8289,477779795,2946,477782741,0,3,1,3072,42,9704987527
8290,477861280,57440,477918720,0,5,0,4608,16,5205727332
8291,477871096,125216,477996312,0,7,0,111104,26,7531842334
8292,477878432,116324,477994756,0,6,0,81920,8,9308166781
8293,477937498,6278,477943776,0,8,1,6656,28,9330985344
8294,477941442,43904,477985346,0,5,0,512,16,3699511349
8295,478035514,123032,478158546,0,0,0,103936,41,5207457219
8296,478093626,108680,478202306,0,1,0,56832,19,2685435793
8297,478105035,130832,478235867,0,6,0,129536,8,5982699413
8298,478123481,4374,478127855,0,8,1,4608,28,5655458125
8299,478341295,13512,478354807,0,3,1,26112,42,9388992661
8300,478430055,64225,478494280,0,4,1,104960,35,7072876965
8301,478526031,108056,478634087,0,1,0,54784,19,819800788
8302,478540671,3387,478544058,0,3,1,9728,42,1303901971
8303,478559739,15062,478574801,0,4,1,29184,35,8302450193
8304,478570549,114764,478685313,0,6,0,76800,8,8227588179
8305,478602325,141686,478744011,0,6,0,41472,8,7162265705
8306,478665383,104624,478770007,0,7,0,43520,26,7203785103
8307,478670331,294401,478964732,0,6,0,222208,8,1234966180
8308,478687050,103064,478790114,0,6,0,38400,8,7745267203
8309,478739465,220298,478959763,0,7,0,205312,26,3565677425
8310,478798034,124904,478922938,0,1,0,110080,19,6109084998
8311,479003809,11791,479015600,0,8,1,19456,28,3554970485
8312,479070861,110396,479181257,0,8,0,62464,28,4493342985
8313,479189451,45596,479235047,0,0,0,1024,41,9795212238
8314,479274260,5196,479279456,0,4,1,13312,35,934436437
8315,479298285,15062,479313347,0,8,1,29184,28,113839910
8316,479339435,103844,479443279,0,0,0,40960,41,964520883
8317,479400094,1042,479401136,0,8,1,1024,28,1286635187
8318,479421895,43904,479465799,0,4,0,512,35,7015361800
8319,479453516,1994,479455510,0,8,1,2048,28,28745844
8320,479481797,103220,479585017,0,9,0,38912,46,734720119
8321,479519008,111644,479630652,0,0,0,66560,41,1650020170
8322,479586713,1042,479587755,0,8,1,1024,28,2633748356
8323,479639593,102284,479741877,0,9,0,35840,46,8640246159
8324,479644430,208212,479852642,0,4,1,342016,35,7986122843
8325,479661966,124280,479786246,0,6,0,108032,8,9819628344
8326,479693245,3422,479696667,0,3,1,3584,42,9497316230
8327,479751432,107316,479858748,0,4,1,29184,35,6582121424
8328,479805309,302225,480107534,0,4,0,106496,35,971734010
8329,479868167,108056,479976223,0,1,0,54784,19,1955231285
8330,479902169,5196,479907365,0,3,1,13312,42,6553098023
8331,479981778,234283,480216061,0,4,1,379392,35,8570957567
8332,480000767,3422,480004189,0,3,1,3584,42,957388590
8333,480016231,6229,480022460,0,3,1,15360,42,5441175439
8334,480063728,205100,480268828,0,9,0,211968,46,7450296177
8335,480068380,184844,480253224,0,8,0,150528,28,6450477046
8336,480129996,6754,480136750,0,3,1,7168,42,9056376496
8337,480131426,242414,480373840,0,4,0,75264,35,3623551693
8338,480140596,76131,480216727,0,4,1,1024,35,10655646267
8339,480226398,93464,480319862,0,1,0,22016,19,3074907426
8340,480272405,23208,480295613,0,1,1,38400,19,1500228197
8341,480336286,60824,480397110,0,1,0,5632,19,9668825104
8342,480398244,123968,480522212,0,4,0,107008,35,5055275767
8343,480473191,48980,480522171,0,5,0,2048,16,214841702
8344,480487125,43904,480531029,0,5,0,512,16,2876372741
8345,480573128,20624,480593752,0,8,1,33280,28,4654274463
8346,480575239,23659,480598898,0,8,1,8192,28,3373325765
8347,480586957,14207,480601164,0,8,1,3584,28,9948618855
8348,480611537,45596,480657133,0,5,0,1024,16,2469524363
8349,480644753,110552,480755305,0,9,0,62976,46,3129757167
8350,480659240,146777,480806017,0,9,0,68096,46,3920266298
8351,480746917,47288,480794205,0,6,0,1536,8,5834553220
8352,480768749,2946,480771695,0,3,1,3072,42,2260855736
8353,480861750,14117,480875867,0,8,1,24064,28,8830968991
8354,480889463,107744,480997207,0,7,0,53760,26,4610134520
8355,480901327,5196,480906523,0,8,1,13312,28,4841837053
8356,480984249,15321,480999570,0,3,1,29696,42,6970618845
8357,481031803,103064,481134867,0,6,0,38400,8,4156133473
8358,481074255,79374,481153629,0,6,0,3072,8,2842433678
8359,481178721,4420,481183141,0,8,1,11776,28,1268561884
8360,481200580,48980,481249560,0,5,0,2048,16,6365677928
8361,481433394,3898,481437292,0,3,1,4096,42,7105166407
8362,481455501,108992,481564493,0,1,0,57856,19,2688667440
8363,481498923,189188,481688111,0,4,0,159744,35,7381962939
8364,481567062,129116,481696178,0,6,0,123904,8,8044008518
8365,481600257,139844,481740101,0,4,0,102400,35,1875413071
8366,481669099,4420,481673519,0,9,1,11776,46,7391814138
8367,481674724,104000,481778724,0,8,0,41472,28,7806524958
8368,481676972,59288,481736260,0,8,0,5632,28,10146419354
8369,481788873,2946,481791819,0,8,1,3072,28,4656545039
8370,481794160,106808,481900968,0,4,0,50688,35,10234319271
8371,481817020,11533,481828553,0,8,1,18944,28,1914362172
8372,481893636,3898,481897534,0,8,1,4096,28,8782035824
8373,481937095,115388,482052483,0,9,0,78848,46,7867977320
8374,481961396,111176,482072572,0,6,0,65024,8,6767235092
8375,481982089,94220,482076309,0,1,0,19456,19,10189531389
8376,482032583,73004,482105587,0,8,0,15360,28,8982658347
8377,482046206,82688,482128894,0,6,0,16896,8,2768722965
8378,482055144,188876,482244020,0,4,0,158720,35,3960285342
8379,482084782,43904,482128686,0,5,0,512,16,4791291201
8380,482147479,81908,482229387,0,9,0,14336,46,8768330533
8381,482203192,102128,482305320,0,7,0,35328,26,5461041809
8382,482203277,96321,482299598,0,1,1,160768,19,5850338083
8383,482229083,65284,482294367,0,9,0,9216,46,1588645427
8384,482442546,198236,482640782,0,6,0,189440,8,10683031570
8385,482473907,5454,482479361,0,8,1,13824,28,6214556268
8386,482485566,43904,482529470,0,5,0,512,16,2911185891
8387,482503117,5326,482508443,0,8,1,5632,28,667274971
8388,482506320,144321,482650641,0,6,0,32256,8,6552964063
8389,482522516,21399,482543915,0,4,1,34816,35,7998468527
8390,482579443,481130,483060573,0,4,0,567296,35,251783452
8391,482602993,138661,482741654,0,6,0,31232,8,1501151349
8392,482611665,43309,482654974,0,6,1,4608,8,1418431319
8393,482652684,206036,482858720,0,8,0,215040,28,1658499819
8394,482681026,118352,482799378,0,7,0,88576,26,8932256682
8395,482792363,4420,482796783,0,9,1,11776,46,7764435774
8396,482793762,167390,482961152,0,8,0,36352,28,6446485630
8397,482811997,218516,483030513,0,6,0,256000,8,3596251505
8398,482817469,126932,482944401,0,7,0,116736,26,9208100335
8399,482884877,45596,482930473,0,5,0,1024,16,5615934179
8400,482991444,248712,483240156,0,2,1,407552,12,7619933444
8401,483124495,4850,483129345,0,9,1,5120,46,3200428990
8402,483151541,193868,483345409,0,4,0,175104,35,8184489060
8403,483478827,1518,483480345,0,9,1,1536,46,261366567
8404,483527289,212432,483739721,0,4,0,236032,35,1523199295
8405,483560526,197612,483758138,0,8,0,187392,28,10076333617
8406,483645433,100231,483745664,0,4,0,19456,35,6521020918
8407,483690160,129896,483820056,0,0,0,126464,41,8167660479
8408,483701686,45752,483747438,0,7,0,1536,26,2765416317
8409,483717862,71132,483788994,0,1,0,9216,19,9575243899
8410,483837446,21399,483858845,0,7,1,34816,26,6039311690
8411,484077936,48980,484126916,0,5,0,2048,16,10448138018
8412,484165457,52520,484217977,0,5,0,3584,16,3964113145
8413,484165789,5326,484171115,0,9,1,5632,46,876755788
8414,484173581,206504,484380085,0,8,0,216576,28,3014704528
8415,484182889,122564,484305453,0,4,0,102400,35,4416718648
8416,484276615,113360,484389975,0,1,0,72192,19,3341688563
8417,484340925,89900,484430825,0,9,0,15360,46,4171382044
8418,484378400,54212,484432612,0,5,0,4096,16,9212758453
8419,484512517,59600,484572117,0,7,0,6656,26,10099366104
8420,484546778,566,484547344,0,9,1,512,46,10241387260
8421,484634615,5326,484639941,0,9,1,5632,46,7484009454
8422,484718443,138068,484856511,0,4,0,133120,35,4775842424
8423,484743282,111488,484854770,0,7,0,66048,26,9551976700
8424,484838020,114764,484952784,0,1,0,76800,19,5102705128
8425,484875195,5326,484880521,0,1,1,5632,19,6553865488
8426,485023246,127400,485150646,0,0,0,118272,41,573741597
8427,485034042,45596,485079638,0,5,0,1024,16,2750617252
8428,485035276,225998,485261274,0,0,0,158720,41,3823388777
8429,485045623,247937,485293560,0,1,1,406016,19,10298257360
8430,485085273,127400,485212673,0,6,0,118272,8,3009545654
8431,485134992,48980,485183972,0,5,0,2048,16,1088142286
8432,485146929,43904,485190833,0,5,0,512,16,5253561580
8433,485282185,16969,485299154,0,1,1,18432,19,4287532504
8434,485299035,214928,485513963,0,8,0,244224,28,7167683723
8435,485334275,1518,485335793,0,7,1,1536,26,6606899428
8436,485342894,84512,485427406,0,4,0,12800,35,5843656484
8437,485403181,138130,485541311,0,8,0,34304,28,8187330944
8438,485465356,297617,485762973,0,1,1,482816,19,10282807387
8439,485477588,107432,485585020,0,7,0,52736,26,7251650133
8440,485477906,386891,485864797,0,1,0,82944,19,1922616393
8441,485497077,122408,485619485,0,4,0,101888,35,8842059659
8442,485618958,122391,485741349,0,2,1,198144,12,6696255612
8443,485638811,118976,485757787,0,6,0,90624,8,2074926432
8444,485665056,101660,485766716,0,8,0,33792,28,6224797685
8445,485665720,3422,485669142,0,9,1,3584,46,6004597594
8446,485730040,80084,485810124,0,6,0,18432,8,4323758217
8447,485797327,130676,485928003,0,0,0,129024,41,1410216612
8448,485798010,62672,485860682,0,4,0,6656,35,4489313490
8449,485820137,43904,485864041,0,5,0,512,16,2083479184
8450,485834773,45596,485880369,0,5,0,1024,16,2580786433
8451,485838502,1042,485839544,0,9,1,1024,46,6363521762
8452,485842141,7230,485849371,0,9,1,7680,46,2518519508
8453,485842448,61746,485904194,0,4,0,1024,35,5973440383
8454,485959374,5712,485965086,0,9,1,14336,46,8334631027
8455,485996483,43904,486040387,0,8,0,512,28,8678017186
8456,486033317,106652,486139969,0,9,0,50176,46,4264267061
8457,486105688,24412,486130100,0,1,1,44032,19,9068138272
8458,486161298,566,486161864,0,9,1,512,46,245814467
8459,486240819,3645,486244464,0,8,1,10240,28,5154262327
8460,486327192,16354,486343546,0,1,1,31744,19,3412714494
8461,486452885,79592,486532477,0,8,0,11776,28,7679052636
8462,486517525,1994,486519519,0,1,1,2048,19,8028608592
8463,486584384,47288,486631672,0,5,0,1536,16,6878676561
8464,486704970,126932,486831902,0,6,0,116736,8,8258175000
8465,486745273,91280,486836553,0,1,0,14848,19,6100374464
8466,486750704,148638,486899342,0,6,0,38400,8,1551640526
8467,486809018,70976,486879994,0,9,0,8704,46,6353413342
8468,486834231,193712,487027943,0,9,0,174592,46,7326462194
8469,486836151,66856,486903007,0,1,1,112640,19,9433958195
8470,486914314,245172,487159486,0,1,0,156672,19,56826644
8471,486944866,299180,487244046,0,4,0,359424,35,8798752154
8472,487014178,43904,487058082,0,5,0,512,16,9481524146
8473,487043637,77744,487121381,0,6,0,10752,8,1198565156
8474,487113396,73316,487186712,0,8,0,16384,28,7651719724
8475,487186121,107235,487293356,0,8,0,50176,28,3487652494
8476,487192881,117650,487310531,0,8,0,56320,28,4110293004
8477,487193936,97136,487291072,0,7,0,18944,26,4570346206
8478,487221682,26221,487247903,0,1,1,47616,19,3555956841
8479,487279081,110084,487389165,0,6,0,61440,8,7426351809
8480,487423617,2946,487426563,0,5,1,3072,16,719181830
8481,487446676,67748,487514424,0,4,0,8192,35,6137735982
8482,487468138,43904,487512042,0,5,0,512,16,9492576812
8483,487474179,105716,487579895,0,8,0,47104,28,6459096361
8484,487556357,100256,487656613,0,8,0,29184,28,10527885720
8485,487776658,118664,487895322,0,0,0,89600,41,5252585151
8486,488035765,112736,488148501,0,0,0,70144,41,6627995415
8487,488050834,103844,488154678,0,4,0,40960,35,4397190420
8488,488159821,69776,488229597,0,6,0,14848,8,7014477743
8489,488166517,89588,488256105,0,8,0,14336,28,7850217536
8490,488433279,179300,488612579,0,8,0,147456,28,649896740
8491,488450316,117884,488568200,0,0,0,87040,41,10404166612
8492,488639463,121940,488761403,0,1,0,100352,19,4534319678
8493,488641126,122564,488763690,0,9,0,102400,46,5198597451
8494,488672583,45596,488718179,0,5,0,1024,16,4103157499
8495,488725763,54056,488779819,0,5,0,3584,16,3218506200
8496,488778989,123812,488902801,0,1,0,106496,19,7990159822
8497,488781091,43904,488824995,0,5,0,512,16,2430102045
8498,488807880,215240,489023120,0,0,0,245248,41,4916132024
8499,488867857,43904,488911761,0,5,0,512,16,4743692033
8500,488899753,124124,489023877,0,6,0,107520,8,8426556483
8501,489141810,66212,489208022,0,4,0,8192,35,8079432942
8502,489161756,77744,489239500,0,9,0,10752,46,250152458
8503,489177651,85162,489262813,0,2,1,142336,12,1160764502
8504,489178608,48980,489227588,0,5,0,2048,16,4172692239
8505,489202561,117884,489320445,0,9,0,87040,46,9715288876
8506,489230389,106028,489336417,0,1,0,48128,19,7871355561
8507,489261498,200420,489461918,0,0,0,196608,41,240104776
8508,489279612,149049,489428661,0,1,0,51200,19,120541208
8509,489314386,43370,489357756,0,2,1,74240,12,2892919605
8510,489426822,100100,489526922,0,8,0,28672,28,9076363782
8511,489553579,111332,489664911,0,1,0,65536,19,186450704
8512,489560319,187160,489747479,0,8,0,153088,28,2834341338
8513,489627378,3422,489630800,0,8,1,3584,28,8395834480
8514,489641511,68084,489709595,0,9,0,14336,46,10349697421
8515,489641561,5802,489647363,0,2,1,6144,12,10280312407
8516,489674902,113672,489788574,0,1,0,73216,19,2682830737
8517,489708792,168575,489877367,0,8,0,126464,28,5040789709
8518,489804416,73760,489878176,0,7,0,12800,26,6064620310
8519,489930366,110552,490040918,0,0,0,62976,41,806349211
8520,489977052,119912,490096964,0,1,0,93696,19,939006636
8521,490034229,107276,490141505,0,6,0,52224,8,8331233264
8522,490103730,12049,490115779,0,0,1,19968,41,1918618364
8523,490137021,70976,490207997,0,8,0,8704,28,3078442278
8524,490182881,96837,490279718,0,2,1,161792,12,10600441780
8525,490249563,33701,490283264,0,2,1,5632,12,1371269752
8526,490363622,107906,490471528,0,7,0,53760,26,7421691922
8527,490383804,143632,490527436,0,7,0,86016,26,3799738197
8528,490411632,1042,490412674,0,2,1,1024,12,4669265556
8529,490540375,86852,490627227,0,8,0,20480,28,3286377520
8530,490616561,1518,490618079,0,5,1,1536,16,9041797628
8531,490723664,4374,490728038,0,2,1,4608,12,820208207
8532,490756116,43904,490800020,0,5,0,512,16,8184195517
8533,490760661,130208,490890869,0,8,0,127488,28,9089915832
8534,490798067,108680,490906747,0,0,0,56832,41,4374147585
8535,490807499,43904,490851403,0,5,0,512,16,7620880699
8536,490879422,4679,490884101,0,2,1,12288,12,1360945064
8537,490879673,106652,490986325,0,6,0,50176,8,3532070526
8538,491059972,63452,491123424,0,0,0,9216,41,10382845909
8539,491122649,115999,491238648,0,0,0,78336,41,1565550272
8540,491178918,64676,491243594,0,8,0,8192,28,5899427291
8541,491225759,109148,491334907,0,4,0,58368,35,9252356167
8542,491336544,197612,491534156,0,4,0,187392,35,9938881926
8543,491340289,81116,491421405,0,1,1,131072,19,3829627873
8544,491389603,45596,491435199,0,5,0,1024,16,1584039166
8545,491410036,16758,491426794,0,1,1,25600,19,67365340
8546,491422757,107900,491530657,0,8,0,54272,28,5787461684
8547,491464107,113828,491577935,0,6,0,73728,8,7322042455
8548,491518247,114764,491633011,0,9,0,76800,46,9548720562
8549,491526962,151031,491677993,0,9,0,31744,46,3939804826
8550,491567611,4937,491572548,0,2,1,12800,12,4590703139
8551,491596763,1994,491598757,0,2,1,2048,12,7310003990
8552,491736030,73058,491809088,0,0,1,118784,41,2651753294
8553,491761453,5712,491767165,0,9,1,14336,46,8899319823
8554,491785786,152749,491938535,0,0,0,83456,41,7443850831
8555,491854324,118664,491972988,0,8,0,89600,28,8442448910
8556,491898144,81128,491979272,0,0,0,11776,41,1580227113
8557,491976779,48081,492024860,0,0,0,1024,41,4307668290
8558,491992249,21141,492013390,0,3,1,34304,42,9375723080
8559,492068145,98252,492166397,0,0,0,27648,41,8458880029
8560,492079461,67592,492147053,0,6,0,7680,8,10175035075
8561,492110902,112736,492223638,0,4,0,70144,35,9782277379
8562,492116950,112903,492229853,0,0,0,16896,41,10715802130
8563,492200911,108524,492309435,0,7,0,56320,26,7713161968
8564,492341314,108056,492449370,0,4,0,54784,35,1280065185
8565,492349760,173936,492523696,0,7,0,150016,26,5821347697
8566,492536887,192776,492729663,0,4,0,171520,35,656356132
8567,492633053,81932,492714985,0,0,0,19456,41,5750785390
8568,492673823,2870,492676693,0,7,1,8704,26,10228061832
8569,492748111,111332,492859443,0,0,0,65536,41,9766712694
8570,492752552,47288,492799840,0,5,0,1536,16,8912350326
8571,492758892,104936,492863828,0,8,0,44544,28,5507400490
8572,492827360,107900,492935260,0,0,0,54272,41,532341747
8573,492934938,204010,493138948,0,0,0,207360,41,8182835950
8574,492952528,105248,493057776,0,8,0,45568,28,8794078577
8575,492992749,43904,493036653,0,5,0,512,16,2754689588
8576,493125940,102596,493228536,0,6,0,36864,8,5739414007
8577,493165945,87896,493253841,0,9,0,13824,46,4543404802
8578,493266600,107432,493374032,0,0,0,52736,41,8862864377
8579,493308801,121784,493430585,0,4,0,99840,35,9727591962
8580,493416133,94088,493510221,0,1,0,24064,19,4536992257
8581,493475064,99788,493574852,0,7,0,27648,26,5085131162
8582,493492895,5326,493498221,0,6,1,5632,8,8337696959
8583,493568180,17938,493586118,0,7,1,18432,26,120646139
8584,493616659,198080,493814739,0,9,0,188928,46,4981659977
8585,493687573,117572,493805145,0,6,0,86016,8,159984280
8586,493778178,43904,493822082,0,5,0,512,16,1979232225
8587,493839814,74360,493914174,0,7,0,9728,26,6369598589
8588,493900727,97496,493998223,0,8,0,30208,28,6660538143
8589,493925339,20366,493945705,0,3,1,32768,42,9191664664
8590,493977147,2870,493980017,0,3,1,8704,42,3256106377
8591,493981198,50672,494031870,0,8,0,2560,28,2570176953
8592,494021084,111488,494132572,0,1,0,66048,19,1215994498
8593,494033168,151364,494184532,0,1,0,75264,19,5380908480
8594,494038892,96512,494135404,0,9,0,16896,46,3609666687
8595,494091860,3387,494095247,0,3,1,9728,42,9550548123
8596,494134565,123239,494257804,0,9,0,101888,46,9724954769
8597,494198318,113192,494311510,0,9,0,50176,46,2432572435
8598,494220141,94712,494314853,0,7,0,26112,26,9814015807
8599,494279148,161756,494440904,0,1,0,140288,19,1704519370
8600,494318058,1042,494319100,0,3,1,1024,42,1716433888
8601,494343322,3422,494346744,0,3,1,3584,42,10132798723
8602,494394403,10241,494404644,0,3,1,16384,42,2030800774
8603,494421812,3898,494425710,0,7,1,4096,26,4320397468
8604,494460652,3898,494464550,0,7,1,4096,26,8338875120
8605,494468745,115856,494584601,0,8,0,80384,28,876649068
8606,494495855,2470,494498325,0,3,1,2560,42,7556449267
8607,494568794,102440,494671234,0,9,0,36352,46,3702538349
8608,494624372,196208,494820580,0,1,0,182784,19,2590369098
8609,494627653,75608,494703261,0,0,0,13824,41,678542413
8610,494636438,99788,494736226,0,4,0,27648,35,4216045962
8611,494733198,87397,494820595,0,1,1,61440,19,7552503453
8612,494741795,5326,494747121,0,7,1,5632,26,10144117302
8613,494748045,113582,494861627,0,1,0,7680,19,1707514545
8614,494860874,3645,494864519,0,3,1,10240,42,56125535
8615,494883165,2470,494885635,0,7,1,2560,26,387358970
8616,494898318,48980,494947298,0,5,0,2048,16,8342360469
8617,494946034,83441,495029475,0,1,1,135680,19,2547173065
8618,494954991,4420,494959411,0,3,1,11776,42,878104181
8619,494977219,59132,495036351,0,5,0,5120,16,2238981509
8620,495048759,56216,495104975,0,0,0,5632,41,1555102232
8621,495063561,116168,495179729,0,7,0,81408,26,233899457
8622,495087348,2470,495089818,0,7,1,2560,26,4666030417
8623,495097171,74091,495171262,0,1,1,120832,19,4188918273
8624,495114649,54056,495168705,0,6,0,3584,8,565515648
8625,495119901,7230,495127131,0,7,1,7680,26,279862041
8626,495137364,97292,495234656,0,0,0,19456,41,8816284664
8627,495176866,5325,495182191,0,7,1,2560,26,4873307698
8628,495210570,109928,495320498,0,1,0,60928,19,7439471815
8629,495237592,5326,495242918,0,7,1,5632,26,3849342305
8630,495248437,246655,495495092,0,1,0,239616,19,4747810722
8631,495268622,1994,495270616,0,8,1,2048,28,3821702002
8632,495311212,103531,495414743,0,1,1,156672,19,6918403589
8633,495361237,13600,495374837,0,7,1,23040,26,3980583166
8634,495415552,113516,495529068,0,9,0,72704,46,747550819
8635,495455389,45596,495500985,0,5,0,1024,16,10484181785
8636,495515982,109616,495625598,0,7,0,59904,26,2835194528
8637,495573122,70976,495644098,0,6,0,8704,8,10330846334
8638,495629016,76988,495706004,0,9,0,13312,46,2488376761
8639,495691669,6754,495698423,0,7,1,7168,26,7558973802
8640,495897248,110396,496007644,0,1,0,62464,19,8213767707
8641,495972843,52364,496025207,0,5,0,3072,16,3094048688
8642,495975300,99788,496075088,0,7,0,27648,26,2950378330
8643,495993204,12737,496005941,0,7,1,24576,26,421087831
8644,495999514,10499,496010013,0,3,1,16896,42,9583385744
8645,496003712,15803,496019515,0,3,1,28672,42,6973239832
8646,496025600,7230,496032830,0,7,1,7680,26,9191387278
8647,496075109,228363,496303472,0,7,0,188416,26,5086269780
8648,496088225,82556,496170781,0,4,0,21504,35,7483486215
8649,496090890,1994,496092884,0,3,1,2048,42,10026506244
8650,496098089,57440,496155529,0,1,0,4608,19,6935537357
8651,496107682,33245,496140927,0,1,1,57856,19,3505443138
8652,496115238,198248,496313486,0,7,0,3584,26,6200401287
8653,496119399,192980,496312379,0,7,0,29184,26,2303757494
8654,496148111,4937,496153048,0,1,1,12800,19,8822141131
8655,496337581,5971,496343552,0,7,1,14848,26,10463376241
8656,496415135,45596,496460731,0,5,0,1024,16,8685916748
8657,496548912,14804,496563716,0,7,1,28672,26,765402722
8658,496564108,2470,496566578,0,7,1,2560,26,4799906258
8659,496748303,3128,496751431,0,3,1,9216,42,7408542992
8660,496771631,1994,496773625,0,7,1,2048,26,831785917
8661,496771971,86712,496858683,0,1,1,145408,19,5756537607
8662,496791040,107120,496898160,0,7,0,51712,26,2574454263
8663,496807474,85292,496892766,0,9,0,15360,46,5006444613
8664,496878706,255164,497133870,0,0,0,275456,41,6810188567
8665,496894913,76052,496970965,0,9,0,10240,46,6851193929
8666,496907659,116324,497023983,0,6,0,81920,8,3152116482
8667,496924672,12566,496937238,0,6,1,20992,8,889629307
8668,497002336,1024475,498026811,0,6,0,1062400,8,7527961068
8669,497012442,166832,497179274,0,9,0,141824,46,5282734755
8670,497027773,5971,497033744,0,6,1,14848,8,10263409890
8671,497085067,402512,497487579,0,6,0,237568,8,8955018763
8672,497103326,23637,497126963,0,4,1,42496,35,203775760
8673,497137228,6488,497143716,0,7,1,15872,26,7938656776
8674,497146842,4937,497151779,0,7,1,12800,26,9977211403
8675,497157220,110079,497267299,0,4,0,33280,35,6795516174
8676,497196490,5712,497202202,0,6,1,14336,8,1673403114
8677,497212250,3422,497215672,0,7,1,3584,26,6463989621
8678,497212923,3387,497216310,0,6,1,9728,8,9815297325
8679,497232740,14287,497247027,0,7,1,27648,26,10110965945
8680,497290420,115700,497406120,0,7,0,79872,26,1650046257
8681,497345383,119132,497464515,0,8,0,91136,28,6028691894
8682,497360313,47288,497407601,0,5,0,1536,16,304984337
8683,497361407,46521,497407928,0,5,0,1024,16,10140314965
8684,497363211,104312,497467523,0,4,0,42496,35,5681722157
8685,497403456,98852,497502308,0,1,0,24576,19,5629023958
8686,497409115,3422,497412537,0,3,1,3584,42,6951306342
8687,497411857,2946,497414803,0,6,1,3072,8,138286945
8688,497451604,40904,497492508,0,6,1,12800,8,8193950493
8689,497464833,3898,497468731,0,7,1,4096,26,165655420
8690,497485213,96321,497581534,0,4,1,160768,35,7998469008
8691,497587449,105560,497693009,0,8,0,46592,28,233438873
8692,497589583,112524,497702107,0,4,1,182272,35,4887563428
8693,497589932,135753,497725685,0,8,0,37888,28,12122221
8694,497647646,2946,497650592,0,6,1,3072,8,4266734282
8695,497664103,2470,497666573,0,6,1,2560,8,3821258158
8696,497719891,196846,497916737,0,8,0,165888,28,6469656245
8697,497768051,107900,497875951,0,1,0,54272,19,4823955376
8698,497769720,5326,497775046,0,3,1,5632,42,2452077967
8699,497792923,6754,497799677,0,7,1,7168,26,5886380454
8700,497844306,566,497844872,0,3,1,512,42,7472305165
8701,497879709,98696,497978405,0,9,0,24064,46,4932210769
8702,497887910,343213,498231123,0,6,0,209408,8,7530902557
8703,497931372,24412,497955784,0,4,1,44032,35,5245005404
8704,497946814,3898,497950712,0,7,1,4096,26,1555285465
8705,497997983,177032,498175015,0,8,0,155136,28,9426627686
8706,498039725,50672,498090397,0,5,0,2560,16,6101904871
8707,498050097,106964,498157061,0,4,0,51200,35,7880153332
8708,498066446,45173,498111619,0,5,0,512,16,2279308537
8709,498069640,217565,498287205,0,6,0,27136,8,10005276070
8710,498086934,184947,498271881,0,6,0,115200,8,10641739328
8711,498100820,3422,498104242,0,3,1,3584,42,6987283000
8712,498120714,64208,498184922,0,7,0,6656,26,7862311390
8713,498144726,141457,498286183,0,8,0,65024,28,10735033404
8714,498148701,145902,498294603,0,6,0,7168,8,10326585494
8715,498153036,2946,498155982,0,7,1,3072,26,6881871157
8716,498158489,219348,498377837,0,7,0,237056,26,1319210048
8717,498158736,6229,498164965,0,3,1,15360,42,2566925452
8718,498187683,50672,498238355,0,5,0,2560,16,394049542
8719,498211194,167282,498378476,0,7,0,2048,26,7861352945
8720,498299170,108056,498407226,0,9,0,54784,46,7920267229
8721,498316095,20882,498336977,0,4,1,33792,35,2241410227
8722,498397828,71249,498469077,0,4,1,115200,35,2953868544
8723,498404015,43904,498447919,0,5,0,512,16,7448667585
8724,498435015,43904,498478919,0,5,0,512,16,6821636418
8725,498458222,5454,498463676,0,7,1,13824,26,9022135509
8726,498509628,46729,498556357,0,4,1,80896,35,2927661645
8727,498546249,5326,498551575,0,9,1,5632,46,6440780836
8728,498653402,43904,498697306,0,5,0,512,16,8782970292
8729,498699368,122391,498821759,0,4,1,198144,35,3342352355
8730,498740611,6278,498746889,0,3,1,6656,42,1709993074
8731,498740925,43904,498784829,0,5,0,512,16,10535839268
8732,498743360,119515,498862875,0,4,1,131072,35,3799514233
8733,498769360,4937,498774297,0,6,1,12800,8,6821370102
8734,498772448,6754,498779202,0,7,1,7168,26,6528533757
8735,498802054,32041,498834095,0,3,1,52224,42,8413129359
8736,498802144,117348,498919492,0,4,1,188928,35,1660292722
8737,498914072,3128,498917200,0,3,1,9216,42,10038165250
8738,499064790,101660,499166450,0,8,0,33792,28,5946751517
8739,499085521,50672,499136193,0,5,0,2560,16,9541392575
8740,499097284,11791,499109075,0,9,1,19456,46,2241541059
8741,499134696,139137,499273833,0,9,0,117760,46,9733527909
8742,499274881,1518,499276399,0,7,1,1536,26,9066054973
8743,499286669,113984,499400653,0,6,0,74240,8,9296448183
8744,499300919,2470,499303389,0,3,1,2560,42,305601878
8745,499306303,4420,499310723,0,7,1,11776,26,2698233740
8746,499308798,12308,499321106,0,3,1,20480,42,5570335176
8747,499364391,7230,499371621,0,9,1,7680,46,6092676188
8748,499467778,3904,499471682,0,9,1,10752,46,1690843500
8749,499474107,55748,499529855,0,6,0,4096,8,936834217
8750,499528894,14545,499543439,0,3,1,28160,42,4429370260
8751,499544132,284984,499829116,0,6,0,312832,8,1652477596
8752,499633104,1994,499635098,0,7,1,2048,26,9939028819
8753,499641297,104468,499745765,0,0,0,43008,41,4458864441
8754,499688436,43904,499732340,0,5,0,512,16,4867097799
8755,499698451,119288,499817739,0,9,0,91648,46,10616693837
8756,499757113,74983,499832096,0,6,1,3072,8,2201738987
8757,499786582,45860,499832442,0,6,1,512,8,1978754677
8758,499815427,100871,499916298,0,6,0,16384,8,4403199460
8759,499852107,3128,499855235,0,7,1,9216,26,4132406763
8760,499858089,6278,499864367,0,3,1,6656,42,702083769
8761,499886000,5196,499891196,0,3,1,13312,42,10313156256
8762,499990068,5802,499995870,0,9,1,6144,46,10490088214
8763,500001798,4374,500006172,0,3,1,4608,42,9964991472
8764,500042263,1518,500043781,0,7,1,1536,26,3189941675
8765,500068071,45596,500113667,0,5,0,1024,16,3540977669
8766,500091038,118820,500209858,0,8,0,90112,28,5115593474
8767,500092996,1994,500094990,0,9,1,2048,46,7684980775
8768,500094037,6754,500100791,0,3,1,7168,42,10070782483
8769,500096845,4612,500101457,0,3,1,1024,42,1207821156
8770,500151373,3898,500155271,0,3,1,4096,42,8794012097
8771,500178250,119756,500298006,0,4,0,93184,35,5604907370
8772,500187327,3422,500190749,0,6,1,3584,8,8374369290
8773,500213501,1042,500214543,0,3,1,1024,42,4794992711
8774,500235341,48980,500284321,0,5,0,2048,16,881250523
8775,500260404,111956,500372360,0,7,0,67584,26,9331493366
8776,500295418,566,500295984,0,6,1,512,8,7565905614
8777,500297195,16354,500313549,0,5,1,31744,16,4315445517
8778,500477156,79172,500556328,0,0,0,20480,41,492369548
8779,500485466,150308,500635774,0,0,0,53248,41,1806175903
8780,500528945,4162,500533107,0,6,1,11264,8,868501038
8781,500628597,258884,500887481,0,6,0,282624,8,10369280424
8782,500653279,1994,500655273,0,7,1,2048,26,2275567082
8783,500660989,225464,500886453,0,4,0,263680,35,597431063
8784,500661039,1042,500662081,0,6,1,1024,8,7940230110
8785,500666696,297633,500964329,0,6,0,179712,8,10265269814
8786,500722642,2946,500725588,0,8,1,3072,28,9576578867
8787,500723756,108212,500831968,0,7,0,55296,26,1485389833
8788,500735013,245924,500980937,0,9,0,270336,46,9690703867
8789,500754319,4374,500758693,0,7,1,4608,26,9871198414
8790,500759834,248743,501008577,0,4,0,218624,35,4624791985
8791,500828706,16249,500844955,0,7,1,25088,26,7411274035
8792,500873844,90500,500964344,0,6,1,38912,8,6851253881
8793,500933500,93620,501027120,0,8,0,22528,28,6274376302
8794,500986315,188720,501175035,0,7,0,158208,26,182884081
8795,501111422,101348,501212770,0,0,0,32768,41,1333565103
8796,501170859,10397,501181256,0,7,1,15360,26,2862050194
8797,501204871,47288,501252159,0,5,0,1536,16,10636578101
8798,501205343,12049,501217392,0,2,1,19968,12,2248343848
8799,501227121,125996,501353117,0,9,0,113664,46,4381477844
8800,501291980,3422,501295402,0,2,1,3584,12,932221001
8801,501295137,89636,501384773,0,8,0,24576,28,4938527560
8802,501401432,1518,501402950,0,2,1,1536,12,5284501602
8803,501522028,6754,501528782,0,8,1,7168,28,7651133616
8804,501527926,101348,501629274,0,9,0,32768,46,7198405981
8805,501531147,6278,501537425,0,8,1,6656,28,4801712498
8806,501546673,1994,501548667,0,8,1,2048,28,1845276675
8807,501564962,101660,501666622,0,0,0,33792,41,756891514
8808,501575158,5326,501580484,0,2,1,5632,12,2076256122
8809,501626808,3898,501630706,0,3,1,4096,42,4883137942
8810,501646458,1518,501647976,0,2,1,1536,12,1307705091
8811,501673702,5802,501679504,0,8,1,6144,28,3924264323
8812,501695790,97292,501793082,0,6,0,19456,8,9176439131
8813,501739490,130770,501870260,0,6,0,59904,8,9361149700
8814,501799318,43904,501843222,0,5,0,512,16,6328447782
8815,501805084,6754,501811838,0,6,1,7168,8,6928188132
8816,501812093,6754,501818847,0,2,1,7168,12,5460557933
8817,501849362,4374,501853736,0,8,1,4608,28,8196855683
8818,501882677,13858,501896535,0,2,1,23552,12,3096772011
8819,501927327,3422,501930749,0,6,1,3584,8,10630417388
8820,501931715,186536,502118251,0,9,0,151040,46,1102893659
8821,502012049,6278,502018327,0,3,1,6656,42,3404175861
8822,502021136,5971,502027107,0,2,1,14848,12,4368788277
8823,502106785,43904,502150689,0,5,0,512,16,9251391097
8824,502156621,47288,502203909,0,5,0,1536,16,4397648556
8825,502221281,99788,502321069,0,0,0,27648,41,8162845820
8826,502275672,187628,502463300,0,6,0,154624,8,10502535186
8827,502326568,106652,502433220,0,0,0,50176,41,8316511258
8828,502340310,7706,502348016,0,8,1,8192,28,9693835150
8829,502357320,6278,502363598,0,3,1,6656,42,1922140678
8830,502363216,23895,502387111,0,2,1,43008,12,1324670106
8831,502385204,10757,502395961,0,3,1,17408,42,9546713469
8832,502451657,117572,502569229,0,4,0,86016,35,3711373180
8833,502560611,124280,502684891,0,9,0,108032,46,8767456647
8834,502609937,1518,502611455,0,3,1,1536,42,4730781668
8835,502644627,78680,502723307,0,6,0,13824,8,4604166776
8836,502808220,6754,502814974,0,2,1,7168,12,3455705104
8837,502824043,115232,502939275,0,4,0,78336,35,2810268631
8838,502852256,10499,502862755,0,8,1,16896,28,9550509402
8839,502866198,2946,502869144,0,3,1,3072,42,9412529254
8840,502881450,3898,502885348,0,3,1,4096,42,9388220412
8841,502893036,106340,502999376,0,0,0,49152,41,11411310
8842,502921719,223931,503145650,0,0,0,150016,41,6985827605
8843,502958316,111332,503069648,0,6,0,65536,8,9818418457
8844,503035888,188408,503224296,0,4,0,157184,35,4798250635
8845,503046943,106939,503153882,0,0,0,23552,41,3337010647
8846,503064364,9650,503074014,0,6,1,4608,8,5738271128
8847,503153689,4374,503158063,0,3,1,4608,42,10274049401
8848,503199085,6278,503205363,0,6,1,6656,8,4035850359
8849,503212943,175316,503388259,0,8,0,149504,28,3123962740
8850,503346454,43904,503390358,0,5,0,512,16,3279198798
8851,503349971,45596,503395567,0,5,0,1024,16,5109312301
8852,503355470,35668,503391138,0,8,1,8704,28,1780768594
8853,503382202,87202,503469404,0,8,0,11776,28,440627202
8854,503452417,123032,503575449,0,8,0,103936,28,491214145
8855,503480843,45596,503526439,0,5,0,1024,16,9556073362
8856,503509765,7706,503517471,0,2,1,8192,12,9286039779
8857,503534895,122096,503656991,0,6,0,100864,8,5513208664
8858,503599640,79436,503679076,0,8,0,11264,28,820973413
8859,503738378,194804,503933182,0,8,0,178176,28,1532984576
8860,503813793,1994,503815787,0,2,1,2048,12,299775485
8861,503836391,116636,503953027,0,0,0,82944,41,5341151633
8862,503872484,1518,503874002,0,2,1,1536,12,9424185534
8863,504020327,1042,504021369,0,6,1,1024,8,2059409016
8864,504081160,109304,504190464,0,9,0,58880,46,9787947842
8865,504167081,128804,504295885,0,8,0,122880,28,5800043965
8866,504267721,43904,504311625,0,9,0,512,46,9521669134
8867,504271741,45596,504317337,0,9,0,1024,46,8457089711
8868,504449721,110864,504560585,0,4,0,64000,35,4418134354
8869,504524277,43904,504568181,0,9,0,512,46,591446437
8870,504632694,1042,504633736,0,6,1,1024,8,2461157531
8871,504654833,3128,504657961,0,2,1,9216,12,8275333150
8872,504656152,2946,504659098,0,3,1,3072,42,9756149198
8873,504691647,13600,504705247,0,6,1,23040,8,4817529106
8874,504702815,278233,504981048,0,6,0,136192,8,2339551073
8875,504717060,50672,504767732,0,8,0,2560,28,7826408390
8876,504818506,5802,504824308,0,3,1,6144,42,3215875973
8877,504864836,115232,504980068,0,0,0,78336,41,1518334760
8878,504892376,1042,504893418,0,2,1,1024,12,9147798444
8879,504937852,3904,504941756,0,2,1,10752,12,4131836152
8880,504988433,4374,504992807,0,2,1,4608,12,3562800941
8881,505111826,1518,505113344,0,3,1,1536,42,8176997239
8882,505115291,191528,505306819,0,0,0,167424,41,8546208368
8883,505171908,111488,505283396,0,6,0,66048,8,8825366728
8884,505249772,3422,505253194,0,2,1,3584,12,4845653338
8885,505271467,101504,505372971,0,8,0,33280,28,10029774735
8886,505286579,99320,505385899,0,8,0,26112,28,3865965133
8887,505289894,48980,505338874,0,9,0,2048,46,983921189
8888,505405541,5196,505410737,0,3,1,13312,42,2691232338
8889,505468163,45596,505513759,0,5,0,1024,16,8156022937
8890,505480266,45596,505525862,0,5,0,1024,16,10499036621
8891,505492979,118664,505611643,0,4,0,89600,35,3505121731
8892,505544916,126464,505671380,0,6,0,115200,8,6206240188
8893,505602994,7706,505610700,0,3,1,8192,42,9382871142
8894,505625826,138890,505764716,0,6,0,121856,8,859823111
8895,505636565,22950,505659515,0,2,1,37888,12,7904206785
8896,505653993,247097,505901090,0,6,0,175104,8,3217261165
8897,505693745,102440,505796185,0,0,0,36352,41,8337329738
8898,505698111,1518,505699629,0,6,1,1536,8,2456169400
8899,505730785,36869,505767654,0,6,1,3072,8,5639734644
8900,505833877,2870,505836747,0,3,1,8704,42,7139082333
8901,505921474,5196,505926670,0,2,1,13312,12,9320971557
8902,505953493,110396,506063889,0,8,0,62464,28,2804153921
8903,505976512,2470,505978982,0,2,1,2560,12,1989461817
8904,506008216,99632,506107848,0,0,0,27136,41,4000279381
8905,506097670,47288,506144958,0,4,0,1536,35,965179847
8906,506105677,566,506106243,0,6,1,512,8,1066443756
8907,506105801,45596,506151397,0,9,0,1024,46,3541253500
8908,506194208,11533,506205741,0,2,1,18944,12,4646907092
8909,506237594,566,506238160,0,6,1,512,8,3811519397
8910,506404184,65900,506470084,0,4,0,7168,35,5885144327
8911,506431991,1518,506433509,0,2,1,1536,12,6103115173
8912,506436779,110708,506547487,0,4,0,63488,35,5632277571
8913,506461106,2470,506463576,0,3,1,2560,42,7271458108
8914,506461216,100568,506561784,0,0,0,30208,41,6093377019
8915,506477069,47288,506524357,0,9,0,1536,46,2450733386
8916,506613007,13858,506626865,0,2,1,23552,12,6478092736
8917,506654773,43904,506698677,0,9,0,512,46,3098676574
8918,506662689,1518,506664207,0,6,1,1536,8,4956974418
8919,506683142,3898,506687040,0,2,1,4096,12,7357794011
8920,506731124,179036,506910160,0,4,0,156672,35,6779197477
8921,506797199,43904,506841103,0,6,0,512,8,6355501496
8922,506890056,134236,507024292,0,4,0,74752,35,1660315549
8923,507020556,23983,507044539,0,2,1,39936,12,2553076515
8924,507208165,11016,507219181,0,2,1,17920,12,9766696512
8925,507248587,13512,507262099,0,6,1,26112,8,3140311507
8926,507251955,6278,507258233,0,3,1,6656,42,2894594272
8927,507265669,43904,507309573,0,6,0,512,8,10076169281
8928,507302233,12566,507314799,0,2,1,20992,12,2217726688
8929,507379161,223382,507602543,0,6,0,205312,8,120506523
8930,507402091,6754,507408845,0,6,1,7168,8,9588833301
8931,507437652,43904,507481556,0,9,0,512,46,5910516681
8932,507479613,11791,507491404,0,2,1,19456,12,1058068326
8933,507491723,566,507492289,0,6,1,512,8,7179416258
8934,507614376,48980,507663356,0,9,0,2048,46,8800991535
8935,507620894,101036,507721930,0,8,0,31744,28,1165446260
8936,507625292,1518,507626810,0,6,1,1536,8,3187374087
8937,507642584,178916,507821500,0,8,0,130560,28,4881818834
8938,507663232,127556,507790788,0,4,0,118784,35,859541405
8939,507673581,143115,507816696,0,4,0,42496,35,8499140099
8940,507684091,48980,507733071,0,9,0,2048,46,5864482558
8941,507691490,1994,507693484,0,6,1,2048,8,536540304
8942,507692240,103688,507795928,0,0,0,40448,41,780528710
8943,507891967,43904,507935871,0,9,0,512,46,2193204667
8944,507946940,105092,508052032,0,8,0,45056,28,4099503474
8945,508003756,1518,508005274,0,6,1,1536,8,7375011328
8946,508012343,1994,508014337,0,2,1,2048,12,1940060342
8947,508046111,101816,508147927,0,0,0,34304,41,9286668295
8948,508106211,203852,508310063,0,6,0,207872,8,9416894486
8949,508275659,107588,508383247,0,0,0,53248,41,602012838
8950,508298122,7706,508305828,0,2,1,8192,12,3904913888
8951,508348717,296994,508645711,0,0,0,292352,41,10490092602
8952,508409462,5454,508414916,0,6,1,13824,8,8975742610
8953,508447899,2946,508450845,0,6,1,3072,8,5160772221
8954,508533756,3904,508537660,0,6,1,10752,8,4448889760
8955,508571819,1042,508572861,0,3,1,1024,42,7273253495
8956,508573075,45596,508618671,0,5,0,1024,16,4663029881
8957,508653835,7706,508661541,0,3,1,8192,42,6352380068
8958,508820168,111332,508931500,0,6,0,65536,8,9444614553
8959,508827048,43904,508870952,0,5,0,512,16,4144099279
8960,508911469,7230,508918699,0,3,1,7680,42,10692735925
8961,508945908,43904,508989812,0,9,0,512,46,2866268301
8962,508989483,4937,508994420,0,9,1,12800,46,1254688245
8963,509157913,107120,509265033,0,0,0,51712,41,10066729713
8964,509165460,48980,509214440,0,6,0,2048,8,3809675249
8965,509245879,5326,509251205,0,6,1,5632,8,276786839
8966,509257021,566,509257587,0,5,1,512,16,8998886048
8967,509293141,11016,509304157,0,6,1,17920,8,6388214678
8968,509448752,100100,509548852,0,6,0,28672,8,4839509334
8969,509495162,43904,509539066,0,5,0,512,16,1528510184
8970,509619923,45596,509665519,0,5,0,1024,16,8260938738
8971,509638949,209312,509848261,0,6,0,225792,8,3553562976
8972,509639184,147152,509786336,0,0,0,137728,41,4442613685
8973,509698908,3422,509702330,0,5,1,3584,16,9113484585
8974,509730598,47756,509778354,0,5,0,3072,16,7518687482
8975,509745103,4374,509749477,0,3,1,4608,42,1539942803
8976,510005581,89792,510095373,0,0,0,25088,41,5010331495
8977,510015335,5196,510020531,0,5,1,13312,16,7954377973
8978,510024080,4420,510028500,0,2,1,11776,12,5471472039
8979,510028758,11791,510040549,0,2,1,19456,12,282081434
8980,510064548,84512,510149060,0,0,0,12800,41,4123795493
8981,510071202,5712,510076914,0,2,1,14336,12,8506751156
8982,510131265,112424,510243689,0,0,0,69120,41,1785908
8983,510161906,5326,510167232,0,6,1,5632,8,4278275075
8984,510275336,114920,510390256,0,0,0,77312,41,8526623871
8985,510415756,108212,510523968,0,6,0,55296,8,6935913693
8986,510427425,4420,510431845,0,3,1,11776,42,4027538861
8987,510450920,2470,510453390,0,3,1,2560,42,9595600837
8988,510482812,1994,510484806,0,5,1,2048,16,726863621
8989,510540654,7230,510547884,0,2,1,7680,12,5226067178
8990,510554414,45596,510600010,0,5,0,1024,16,1579732079
8991,510629564,10499,510640063,0,6,1,16896,8,5972453895
8992,510680224,43904,510724128,0,5,0,512,16,7712767835
8993,510708947,20624,510729571,0,6,1,33280,8,5595049116
8994,510714161,43904,510758065,0,9,0,512,46,9748619543
8995,510787772,1042,510788814,0,2,1,1024,12,6732394991
8996,510960972,103220,511064192,0,0,0,38912,41,5302809679
8997,510970234,120380,511090614,0,6,0,95232,8,3860958394
8998,511072673,54056,511126729,0,9,0,3584,46,276028788
8999,511124328,43904,511168232,0,9,0,512,46,9269961803
9000,511147395,65900,511213295,0,6,0,7168,8,4283135134
9001,511213126,97297,511310423,0,6,0,18944,8,9612963415
9002,511251060,4679,511255739,0,5,1,12288,16,802529736
9003,511276240,13858,511290098,0,0,1,23552,41,5940704000
9004,511277287,4162,511281449,0,5,1,11264,16,10674917684
9005,511277829,3645,511281474,0,9,1,10240,46,2344509739
9006,511331810,12308,511344118,0,5,1,20480,16,7507794674
9007,511356420,1518,511357938,0,2,1,1536,12,5250138135
9008,511405800,119756,511525556,0,0,0,93184,41,9416526715
9009,511447481,1042,511448523,0,9,1,1024,46,9083504509
9010,511466102,51140,511517242,0,8,0,4096,28,3860406236
9011,511553607,41908,511595515,0,5,1,68096,16,9670663926
9012,511604553,45596,511650149,0,9,0,1024,46,2328303274
9013,511624244,5326,511629570,0,9,1,5632,46,9460016674
9014,511654453,151472,511805925,0,0,0,141824,41,2013194549
9015,511656996,3387,511660383,0,9,1,9728,46,7055193055
9016,511693211,45596,511738807,0,9,0,1024,46,4680910870
9017,511768109,11791,511779900,0,3,1,19456,42,7514120793
9018,511787936,13770,511801706,0,2,1,26624,12,10552301804
9019,511853592,3645,511857237,0,2,1,10240,12,10065426163
9020,511867755,6488,511874243,0,9,1,15872,46,1884844965
9021,511872620,2870,511875490,0,5,1,8704,16,214268620
9022,511976288,5802,511982090,0,9,1,6144,46,9363026308
9023,511979934,1518,511981452,0,5,1,1536,16,1339824649
9024,512014762,7230,512021992,0,6,1,7680,8,2357248732
9025,512038023,3422,512041445,0,6,1,3584,8,7829311156
9026,512114751,10241,512124992,0,9,1,16384,46,260071468
9027,512121394,13083,512134477,0,5,1,22016,16,720778678
9028,512124969,2485,512127454,0,9,1,2560,46,563859973
9029,512177603,55748,512233351,0,8,0,4096,28,8024245895
9030,512200187,3387,512203574,0,9,1,9728,46,7568960504
9031,512239304,11791,512251095,0,5,1,19456,16,211667162
9032,512265532,1518,512267050,0,2,1,1536,12,3817904999
9033,512349560,1994,512351554,0,3,1,2048,42,7168675139
9034,512383329,108524,512491853,0,0,0,56320,41,454515112
9035,512406926,2470,512409396,0,9,1,2560,46,1873718543
9036,512461170,11274,512472444,0,5,1,18432,16,5045712094
9037,512497483,43904,512541387,0,5,0,512,16,6905497198
9038,512564294,5196,512569490,0,8,1,13312,28,1821880948
9039,512566349,99632,512665981,0,0,0,27136,41,2703468405
9040,512569107,5326,512574433,0,2,1,5632,12,4634021872
9041,512666155,11274,512677429,0,6,1,18432,8,59279355
9042,512671972,1042,512673014,0,9,1,1024,46,9146407953
9043,512697808,105560,512803368,0,8,0,46592,28,5438368447
9044,512779081,67304,512846385,0,6,0,11776,8,9818259950
9045,512916957,5196,512922153,0,2,1,13312,12,6225447053
9046,512983812,3387,512987199,0,3,1,9728,42,435928278
9047,513085036,10757,513095793,0,5,1,17408,16,7301042407
9048,513116459,12737,513129196,0,3,1,24576,42,9340936122
9049,513118858,12284,513131142,0,3,1,3072,42,10058692371
9050,513140678,4374,513145052,0,9,1,4608,46,8771028392
9051,513174908,199796,513374704,0,8,0,194560,28,7504364665
9052,513189639,47288,513236927,0,5,0,1536,16,6526677952
9053,513261135,151675,513412810,0,8,0,91648,28,9331050658
9054,513283936,103220,513387156,0,0,0,38912,41,3968468872
9055,513304621,5802,513310423,0,2,1,6144,12,10373240166
9056,513328906,566,513329472,0,3,1,512,42,9937030932
9057,513339932,65900,513405832,0,9,0,7168,46,5261163177
9058,513419204,2470,513421674,0,5,1,2560,16,4048164829
9059,513428714,5802,513434516,0,5,1,6144,16,9452681538
9060,513483177,5802,513488979,0,9,1,6144,46,6999785534
9061,513509276,43904,513553180,0,9,0,512,46,4060323782
9062,513530439,15321,513545760,0,6,1,29696,8,10369896738
9063,513560805,188283,513749088,0,6,0,43520,8,10398230736
9064,513593486,566,513594052,0,3,1,512,42,3767377226
9065,513648887,3904,513652791,0,9,1,10752,46,8360583132
9066,513656347,4850,513661197,0,6,1,5120,8,1210952751
9067,513698099,1518,513699617,0,2,1,1536,12,5122232254
9068,513706141,4374,513710515,0,2,1,4608,12,6791544702
9069,513894264,190124,514084388,0,8,0,162816,28,9464755818
9070,513926313,48980,513975293,0,5,0,2048,16,9401905296
9071,513938479,3898,513942377,0,5,1,4096,16,10553685037
9072,514011421,5196,514016617,0,2,1,13312,12,10018064027
9073,514024963,10757,514035720,0,2,1,17408,12,6315545128
9074,514029655,48980,514078635,0,9,0,2048,46,1263293196
9075,514134048,12737,514146785,0,5,1,24576,16,10482683554
9076,514180505,43904,514224409,0,5,0,512,16,6594975424
9077,514210618,3645,514214263,0,5,1,10240,16,9265265055
9078,514378282,11791,514390073,0,5,1,19456,16,7311352810
9079,514438794,43904,514482698,0,9,0,512,46,5221925409
9080,514499523,97354,514596877,0,0,1,162816,41,7526686625
9081,514621519,97760,514719279,0,8,0,20992,28,4825597717
9082,514738738,43904,514782642,0,9,0,512,46,8410110859
9083,514744624,3898,514748522,0,9,1,4096,46,10264142747
9084,514838679,1994,514840673,0,3,1,2048,42,5301343907
9085,514853177,7230,514860407,0,3,1,7680,42,3634857563
9086,514858109,12995,514871104,0,0,1,25088,41,6302769832
9087,514864845,6278,514871123,0,6,1,6656,8,1267753186
9088,514868378,3128,514871506,0,6,1,9216,8,4813779857
9089,514882394,3904,514886298,0,5,1,10752,16,5888981901
9090,514901664,2946,514904610,0,3,1,3072,42,3043136847
9091,514949190,120848,515070038,0,6,0,96768,8,1735685751
9092,514954009,4937,514958946,0,3,1,12800,42,1398908363
9093,514972376,372747,515345123,0,0,0,371712,41,1394332553
9094,514985922,54358,515040280,0,0,1,89088,41,5791238255
9095,515011038,566,515011604,0,6,1,512,8,5310953055
9096,515013681,192464,515206145,0,8,0,170496,28,5062732300
9097,515033888,12737,515046625,0,5,1,24576,16,680941583
9098,515061348,145023,515206371,0,6,0,46592,8,3048158567
9099,515076869,51257,515128126,0,0,1,82944,41,3366600479
9100,515088043,7230,515095273,0,5,1,7680,16,4471716254
9101,515211336,3645,515214981,0,9,1,10240,46,9050601012
9102,515226939,3645,515230584,0,5,1,10240,16,7162299771
9103,515247075,55316,515302391,0,9,0,1536,46,5854119190
9104,515256292,67534,515323826,0,5,0,512,16,8768582101
9105,515260941,1518,515262459,0,3,1,1536,42,7047822087
9106,515273992,3645,515277637,0,9,1,10240,46,9329228537
9107,515506526,3128,515509654,0,5,1,9216,16,6476539999
9108,515597613,6278,515603891,0,0,1,6656,41,6938288904
9109,515614005,50672,515664677,0,5,0,2560,16,5067833478
9110,515620817,45596,515666413,0,9,0,1024,46,6912985482
9111,515624320,106184,515730504,0,8,0,48640,28,8171973626
9112,515633987,24242,515658229,0,2,1,40448,12,9343782981
9113,515683748,2470,515686218,0,6,1,2560,8,4161109896
9114,515727139,4850,515731989,0,6,1,5120,8,6050341995
9115,515754222,6278,515760500,0,5,1,6656,16,8581035639
9116,515754580,188564,515943144,0,8,0,157696,28,5333393356
9117,515805761,2470,515808231,0,5,1,2560,16,7341522875
9118,515814818,86984,515901802,0,6,0,15872,8,9323844674
9119,515832643,1042,515833685,0,3,1,1024,42,5323494988
9120,515882522,52603,515935125,0,5,0,2048,16,1651733624
9121,515982825,102284,516085109,0,8,0,35840,28,10213246893
9122,516001808,4162,516005970,0,9,1,11264,46,9250606942
9123,516028407,5712,516034119,0,6,1,14336,8,7520993941
9124,516051701,3422,516055123,0,5,1,3584,16,2085512074
9125,516187739,2470,516190209,0,6,1,2560,8,2947406908
9126,516229693,1042,516230735,0,5,1,1024,16,881165032
9127,516237918,108836,516346754,0,8,0,57344,28,9670093354
9128,516315090,7706,516322796,0,3,1,8192,42,10046468589
9129,516406985,122876,516529861,0,6,0,103424,8,2850868785
9130,516547272,4162,516551434,0,6,1,11264,8,3948854675
9131,516667967,43904,516711871,0,9,0,512,46,2157322486
9132,516721823,50672,516772495,0,6,0,2560,8,5840308821
9133,516787148,4850,516791998,0,3,1,5120,42,3565508918
9134,516910056,47288,516957344,0,9,0,1536,46,410617917
9135,516993044,2470,516995514,0,3,1,2560,42,4272705988
9136,517029513,59288,517088801,0,5,0,5632,16,5388299421
9137,517057086,1994,517059080,0,6,1,2048,8,1885277934
9138,517123428,43904,517167332,0,9,0,512,46,7849499632
9139,517130960,88856,517219816,0,0,0,22016,41,5740333901
9140,517197395,175940,517373335,0,8,0,151552,28,8278889699
9141,517211977,13341,517225318,0,5,1,22528,16,5863498640
9142,517331175,1042,517332217,0,3,1,1024,42,8709021109
9143,517345532,1042,517346574,0,3,1,1024,42,1898748314
9144,517350741,14545,517365286,0,0,1,28160,41,6137792749
9145,517426549,45596,517472145,0,9,0,1024,46,5538916967
9146,517520193,106652,517626845,0,6,0,50176,8,10024264169
9147,517554075,208724,517762799,0,6,0,177664,8,5556868003
9148,517576723,104312,517681035,0,0,0,42496,41,2009165125
9149,517581347,50672,517632019,0,5,0,2560,16,9015363052
9150,517637693,1994,517639687,0,5,1,2048,16,9157799162
9151,517685889,47288,517733177,0,9,0,1536,46,5257275784
9152,517747212,6278,517753490,0,3,1,6656,42,1112294564
9153,517890019,47288,517937307,0,5,0,1536,16,1434110196
9154,517908664,50672,517959336,0,9,0,2560,46,9780616855
9155,517950857,1042,517951899,0,6,1,1024,8,1627126342
9156,517953732,3904,517957636,0,3,1,10752,42,10336545737
9157,517962042,73604,518035646,0,6,0,12288,8,6683772951
9158,518034082,2946,518037028,0,3,1,3072,42,8071415609
9159,518075261,45596,518120857,0,9,0,1024,46,9971660872
9160,518168861,3387,518172248,0,3,1,9728,42,420117936
9161,518174303,70220,518244523,0,8,0,11264,28,2947875055
9162,518219453,97760,518317213,0,6,0,20992,8,8092754524
9163,518242588,23208,518265796,0,6,1,38400,8,6361548239
9164,518251586,102695,518354281,0,6,0,28160,8,1493176864
9165,518399632,104936,518504568,0,8,0,44544,28,3069599506
9166,518449791,11274,518461065,0,6,1,18432,8,8467315483
9167,518452246,13512,518465758,0,5,1,26112,16,1239292160
9168,518467642,125732,518593374,0,8,0,108032,28,3391777915
9169,518529625,3128,518532753,0,3,1,9216,42,10286122333
9170,518576786,90563,518667349,0,5,0,4096,16,2163468362
9171,518577133,49448,518626581,0,5,0,3584,16,7650159994
9172,518611036,4162,518615198,0,6,1,11264,8,595965796
9173,518695004,362756,519057760,0,8,0,421888,28,9315207935
9174,518707686,4937,518712623,0,6,1,12800,8,7795283012
9175,518789958,566,518790524,0,6,1,512,8,7022453195
9176,519017963,5712,519023675,0,6,1,14336,8,8314306982
9177,519065587,128336,519193923,0,0,0,121344,41,9180975375
9178,519200830,25446,519226276,0,6,1,46080,8,8005567808
9179,519284513,48980,519333493,0,5,0,2048,16,6815035857
9180,519419879,101504,519521383,0,0,0,33280,41,672048761
9181,519476629,55748,519532377,0,5,0,4096,16,8490608028
9182,519545299,1994,519547293,0,5,1,2048,16,5711355879
9183,519597668,117728,519715396,0,6,0,86528,8,10366927549
9184,519677970,2946,519680916,0,5,1,3072,16,2216744808
9185,519722486,45596,519768082,0,5,0,1024,16,4237524120
9186,519821475,3422,519824897,0,5,1,3584,16,2575727475
9187,519929544,106184,520035728,0,8,0,48640,28,9382516635
9188,519975004,13770,519988774,0,6,1,26624,8,8779483050
9189,520048845,4162,520053007,0,3,1,11264,42,10656006249
9190,520120382,52364,520172746,0,5,0,3072,16,2366148643
9191,520133358,11016,520144374,0,3,1,17920,42,8332245401
9192,520161783,5454,520167237,0,6,1,13824,8,1140176138
9193,520252536,55748,520308284,0,9,0,4096,46,7527135471
9194,520268480,1518,520269998,0,5,1,1536,16,5876795613
9195,520292537,345500,520638037,0,0,0,410624,41,7208315721
9196,520295203,93020,520388223,0,6,0,25600,8,9712134694
9197,520477416,5326,520482742,0,3,1,5632,42,4555611748
9198,520520733,3387,520524120,0,5,1,9728,16,3009185542
9199,520544557,311676,520856233,0,0,0,254976,41,1111585577
9200,520571152,374523,520945675,0,0,0,159232,41,1597574745
9201,520617827,43904,520661731,0,5,0,512,16,10111381798
9202,520668835,48980,520717815,0,5,0,2048,16,10505005883
9203,520708039,36346,520744385,0,9,1,64000,46,8878819375
9204,520714855,5712,520720567,0,5,1,14336,16,1474213046
9205,520747326,4162,520751488,0,5,1,11264,16,139235103
9206,520837476,105334,520942810,0,9,0,512,46,6702735782
9207,520840149,43904,520884053,0,9,0,512,46,3374753511
9208,520959025,50672,521009697,0,5,0,2560,16,3209624105
9209,521024569,5971,521030540,0,3,1,14848,42,2672261251
9210,521040265,52364,521092629,0,5,0,3072,16,9943638032
9211,521044394,73604,521117998,0,0,0,12288,41,831051502
9212,521207165,48980,521256145,0,5,0,2048,16,2963462721
9213,521221598,91796,521313394,0,0,0,26624,41,3668808678
9214,521618634,108992,521727626,0,8,0,57856,28,8826451095
9215,521619003,3128,521622131,0,6,1,9216,8,754987524
9216,521676809,127244,521804053,0,6,0,117760,8,2698221999
9217,521694954,1042,521695996,0,2,1,1024,12,2918903188
9218,521740745,7706,521748451,0,3,1,8192,42,5549013690
9219,521781714,3645,521785359,0,3,1,10240,42,9545494119
9220,521811411,4679,521816090,0,3,1,12288,42,8263431142
9221,521922208,2470,521924678,0,3,1,2560,42,5105480221
9222,521950061,566,521950627,0,3,1,512,42,9457630157
9223,521974062,43904,522017966,0,5,0,512,16,10735279095
9224,522003709,57440,522061149,0,9,0,4608,46,4930511519
9225,522025104,47288,522072392,0,9,0,1536,46,8057377428
9226,522061446,5712,522067158,0,3,1,14336,42,10025013929
9227,522075845,14029,522089874,0,3,1,27136,42,5638084322
9228,522095845,193712,522289557,0,8,0,174592,28,7864334358
9229,522225534,43904,522269438,0,0,0,512,41,2615709610
9230,522233757,6278,522240035,0,6,1,6656,8,7299266436
9231,522236455,47288,522283743,0,9,0,1536,46,5038544177
9232,522256233,142620,522398853,0,8,0,58880,28,9473042973
9233,522415557,45596,522461153,0,9,0,1024,46,6018776679
9234,522444019,52364,522496383,0,5,0,3072,16,1935341320
9235,522584675,89480,522674155,0,6,0,24064,8,1014648966
9236,522629973,7706,522637679,0,3,1,8192,42,8385832763
9237,522653077,4374,522657451,0,3,1,4608,42,450592592
9238,522702298,1042,522703340,0,2,1,1024,12,6942550657
9239,522714463,3645,522718108,0,6,1,10240,8,2245802542
9240,522769484,78056,522847540,0,0,0,11776,41,4971690793
9241,523089063,1994,523091057,0,3,1,2048,42,9000559016
9242,523099367,10757,523110124,0,6,1,17408,8,5553340815
9243,523272480,4162,523276642,0,6,1,11264,8,1180994854
9244,523284788,60824,523345612,0,6,0,5632,8,8318778607
9245,523311710,14804,523326514,0,3,1,28672,42,5482197929
9246,523351270,11274,523362544,0,6,1,18432,8,10301120028
9247,523453301,3128,523456429,0,5,1,9216,16,514296775
9248,523455989,100256,523556245,0,6,0,29184,8,6795240586
9249,523508838,60980,523569818,0,5,0,6144,16,5817088499
9250,523526381,43904,523570285,0,5,0,512,16,4523025830
9251,523618853,70844,523689697,0,8,0,13312,28,2267755701
9252,523717005,1042,523718047,0,6,1,1024,8,1026499553
9253,523768213,4420,523772633,0,3,1,11776,42,1840465592
9254,523791129,1994,523793123,0,5,1,2048,16,5200310750
9255,523856046,6488,523862534,0,5,1,15872,16,3363553342
9256,523873363,47288,523920651,0,5,0,1536,16,4439256975
9257,523944607,6754,523951361,0,5,1,7168,16,3291913012
9258,524020269,1042,524021311,0,3,1,1024,42,5536965336
9259,524025852,121940,524147792,0,0,0,100352,41,10353918678
9260,524079862,5196,524085058,0,6,1,13312,8,3001706187
9261,524081494,2470,524083964,0,5,1,2560,16,6846079710
9262,524124284,48980,524173264,0,9,0,2048,46,7723422114
9263,524433710,566,524434276,0,5,1,512,16,6630687085
9264,524480222,57440,524537662,0,5,0,4608,16,6557446867
9265,524480244,4439,524484683,0,5,1,11776,16,10283419345
9266,524573072,113204,524686276,0,6,0,71680,8,6015968584
9267,524587747,566,524588313,0,6,1,512,8,9145097239
9268,524664259,2870,524667129,0,5,1,8704,16,1347727096
9269,524720372,3422,524723794,0,3,1,3584,42,8774321381
9270,524737891,2946,524740837,0,2,1,3072,12,595196528
9271,524787056,120848,524907904,0,6,0,96768,8,906949200
9272,524796260,142388,524938648,0,6,0,36352,8,201120977
9273,524932903,100880,525033783,0,9,0,31232,46,2947586621
9274,524947406,1518,524948924,0,3,1,1536,42,4425314291
9275,525034534,45596,525080130,0,5,0,1024,16,3232000629
9276,525055857,10499,525066356,0,2,1,16896,12,3946772610
9277,525094242,1042,525095284,0,3,1,1024,42,4434629775
9278,525191396,122564,525313960,0,6,0,102400,8,8412610288
9279,525224595,1518,525226113,0,5,1,1536,16,2626189787
9280,525300015,6278,525306293,0,5,1,6656,16,5581300229
9281,525340094,6754,525346848,0,6,1,7168,8,9403107406
9282,525455904,127712,525583616,0,8,0,119296,28,2291329550
9283,525592780,117416,525710196,0,8,0,85504,28,2258070378
9284,525637977,100256,525738233,0,6,0,29184,8,10337525101
9285,525660080,114764,525774844,0,0,0,76800,41,2079971500
9286,525669020,4374,525673394,0,6,1,4608,8,6853890153
9287,525730685,5326,525736011,0,5,1,5632,16,4397368943
9288,525763584,3422,525767006,0,5,1,3584,16,4244412576
9289,525789098,13083,525802181,0,2,1,22016,12,9629004527
9290,525918437,566,525919003,0,6,1,512,8,3832870794
9291,526092725,6754,526099479,0,5,1,7168,16,5303660676
9292,526115929,97628,526213557,0,8,0,25600,28,7621039690
9293,526136180,4374,526140554,0,5,1,4608,16,3276400797
9294,526167185,4162,526171347,0,5,1,11264,16,3799478873
9295,526174161,309320,526483481,0,0,0,392704,41,3937825004
9296,526223128,22862,526245990,0,5,1,40960,16,8290327978
9297,526246622,13770,526260392,0,2,1,26624,12,5301705448
9298,526329159,34537,526363696,0,6,1,60416,8,1360749918
9299,526377027,5326,526382353,0,2,1,5632,12,5227452664
9300,526677485,65900,526743385,0,0,0,7168,41,8580840965
9301,526762973,63620,526826593,0,6,0,2560,8,10304183605
9302,526775921,92684,526868605,0,6,0,19456,8,3215691126
9303,526789199,105092,526894291,0,8,0,45056,28,6068567419
9304,526813292,102908,526916200,0,6,0,37888,8,6054247417
9305,526917531,74779,526992310,0,0,1,125440,41,793419167
9306,526932697,64900,526997597,0,0,1,16896,41,9939880588
9307,527010021,93995,527104016,0,0,1,156160,41,7950072836
9308,527078709,5712,527084421,0,9,1,14336,46,8997722826
9309,527093525,122193,527215718,0,9,0,43520,46,7956706204
9310,527094013,245745,527339758,0,9,0,107008,46,6074349833
9311,527107983,22950,527130933,0,6,1,37888,8,8876644107
9312,527124970,123166,527248136,0,0,1,199680,41,10580970889
9313,527192063,115076,527307139,0,9,0,77824,46,9386976783
9314,527320479,3898,527324377,0,5,1,4096,16,3109952858
9315,527321435,118040,527439475,0,8,0,87552,28,10273732690
9316,527334797,47444,527382241,0,5,0,2048,16,9117276987
9317,527339822,116792,527456614,0,9,0,83456,46,3300908365
9318,527477475,6278,527483753,0,6,1,6656,8,2284502193
9319,527525422,14117,527539539,0,6,1,24064,8,3846670584
9320,527530795,4679,527535474,0,3,1,12288,42,6474671584
9321,527538918,190904,527729822,0,6,0,165376,8,4283618308
9322,527553670,104312,527657982,0,8,0,42496,28,1424121723
9323,527558642,1994,527560636,0,5,1,2048,16,3785797830
9324,527632103,197456,527829559,0,9,0,186880,46,9911955880
9325,527808507,4850,527813357,0,6,1,5120,8,10716614956
9326,527873182,78524,527951706,0,6,0,13312,8,5263079145
9327,527996201,10499,528006700,0,5,1,16896,16,2465127651
9328,528099795,48980,528148775,0,5,0,2048,16,10048292006
9329,528123119,70220,528193339,0,9,0,11264,46,8520203436
9330,528196552,1042,528197594,0,8,1,1024,28,1040685551
9331,528227592,114764,528342356,0,9,0,76800,46,2117472757
9332,528291856,47600,528339456,0,5,0,2560,16,10018725625
9333,528329666,566,528330232,0,8,1,512,28,1811479437
9334,528346844,3387,528350231,0,6,1,9728,8,1329252903
9335,528361254,102908,528464162,0,9,0,37888,46,892538911
9336,528479144,120224,528599368,0,8,0,94720,28,8879643554
9337,528500863,98988,528599851,0,8,0,1536,28,3228991281
9338,528501133,13253,528514386,0,6,1,25600,8,7867180995
9339,528727650,3128,528730778,0,8,1,9216,28,9995740700
9340,528729353,5052,528734405,0,8,1,4096,28,9801806718
9341,528770857,4374,528775231,0,5,1,4608,16,1268680353
9342,528772139,99788,528871927,0,0,0,27648,41,3265763228
9343,528867829,3645,528871474,0,8,1,10240,28,9013605609
9344,528934062,103064,529037126,0,9,0,38400,46,9365372076
9345,528951858,3904,528955762,0,6,1,10752,8,5047806538
9346,528978392,15579,528993971,0,8,1,30208,28,1848304502
9347,528978593,10499,528989092,0,6,1,16896,8,9885204559
9348,529039413,4850,529044263,0,6,1,5120,8,2099203834
9349,529068397,12825,529081222,0,6,1,21504,8,1996490490
9350,529252627,566,529253193,0,6,1,512,8,2828209025
9351,529303443,566,529304009,0,6,1,512,8,7193026743
9352,529309919,121472,529431391,0,9,0,98816,46,7007207352
9353,529323198,113200,529436398,0,9,0,16384,46,2707558049
9354,529340307,3898,529344205,0,5,1,4096,16,3342777271
9355,529350915,2870,529353785,0,5,1,8704,16,6586501992
9356,529485329,213836,529699165,0,6,0,240640,8,5989894964
9357,529542544,103532,529646076,0,0,0,39936,41,4218152226
9358,529609357,7230,529616587,0,5,1,7680,16,8749063753
9359,529656203,101816,529758019,0,8,0,34304,28,3651834919
9360,529770023,101504,529871527,0,8,0,33280,28,8933665385
9361,529784663,45596,529830259,0,5,0,1024,16,6791313841
9362,529801060,7230,529808290,0,5,1,7680,16,6352260989
9363,529850870,54836,529905706,0,0,0,6144,41,705963577
9364,529889408,84689,529974097,0,5,0,1536,16,2585747857
9365,529941850,130364,530072214,0,9,0,128000,46,2178716437
9366,529952518,76052,530028570,0,8,0,10240,28,4630800421
9367,529958380,114629,530073009,0,9,0,2560,46,4674855485
9368,529973894,47483,530021377,0,5,0,1536,16,3454754875
9369,530042516,89588,530132104,0,0,0,14336,41,9489992542
9370,530130174,115750,530245924,0,0,0,73728,41,10202327437
9371,530130312,82149,530212461,0,8,1,133120,28,2177106086
9372,530222825,1994,530224819,0,9,1,2048,46,4927817310
9373,530243326,1994,530245320,0,5,1,2048,16,2374344091
9374,530301403,3128,530304531,0,6,1,9216,8,8322575643
9375,530318623,151016,530469639,0,8,0,118272,28,2970430898
9376,530330920,6229,530337149,0,6,1,15360,8,364255758
9377,530433355,191372,530624727,0,9,0,166912,46,3972818992
9378,530524776,13341,530538117,0,6,1,22528,8,8580964262
9379,530589107,6754,530595861,0,6,1,7168,8,7995922573
9380,530673725,99944,530773669,0,6,0,28160,8,473147597
9381,530724891,5196,530730087,0,8,1,13312,28,4475560368
9382,530776109,153296,530929405,0,0,0,137728,41,5420656391
9383,530807975,4850,530812825,0,6,1,5120,8,3912629898
9384,530837995,3904,530841899,0,6,1,10752,8,3323775656
9385,530850223,4937,530855160,0,6,1,12800,8,5498229578
9386,530923585,112424,531036009,0,9,0,69120,46,9059767294
9387,530935335,11533,530946868,0,6,1,18944,8,4919517881
9388,531051068,3904,531054972,0,6,1,10752,8,10012450778
9389,531159535,1994,531161529,0,5,1,2048,16,8387007567
9390,531207640,1042,531208682,0,6,1,1024,8,3505128668
9391,531218645,104780,531323425,0,6,0,44032,8,7349536836
9392,531319414,70844,531390258,0,0,0,13312,41,225310992
9393,531425543,13083,531438626,0,6,1,22016,8,4784579311
9394,531433615,279836,531713451,0,8,0,295936,28,9103984626
9395,531582364,1042,531583406,0,6,1,1024,8,7611167763
9396,531638623,110708,531749331,0,6,0,63488,8,340696540
9397,531667736,2470,531670206,0,5,1,2560,16,1617495555
9398,531715410,199640,531915050,0,8,0,194048,28,8841713396
9399,531736190,43904,531780094,0,5,0,512,16,6548755647
9400,531837696,5971,531843667,0,3,1,14848,42,7630344416
9401,531928484,3904,531932388,0,6,1,10752,8,6023542798
9402,531965190,12995,531978185,0,5,1,25088,16,9076315580
9403,531993487,108368,532101855,0,8,0,55808,28,2101119205
9404,532138146,65900,532204046,0,9,0,7168,46,7656270249
9405,532167543,4374,532171917,0,6,1,4608,8,6450059356
9406,532185585,5454,532191039,0,5,1,13824,16,3147838088
9407,532281537,92240,532373777,0,0,0,23040,41,5158477410
9408,532318543,11274,532329817,0,5,1,18432,16,4882821092
9409,532318914,91460,532410374,0,0,0,20480,41,673287684
9410,532341276,2946,532344222,0,5,1,3072,16,10035492572
9411,532341287,103532,532444819,0,8,0,39936,28,9282055711
9412,532467784,108992,532576776,0,0,0,57856,41,1415038101
9413,532495550,45933,532541483,0,5,0,1024,16,9167206806
9414,532643669,121004,532764673,0,9,0,97280,46,3050468381
9415,532690066,87896,532777962,0,0,0,13824,41,9232019008
9416,532747707,83638,532831345,0,9,0,9728,46,1780614011
9417,532834614,192308,533026922,0,0,0,169984,41,712330207
9418,532870262,185406,533055668,0,0,0,36352,41,10545464816
9419,532965283,108979,533074262,0,0,0,30720,41,2929816448
9420,533089191,108680,533197871,0,9,0,56832,46,3999821506
9421,533115865,5712,533121577,0,6,1,14336,8,9937651450
9422,533232240,133033,533365273,0,0,1,215552,41,7936348306
9423,533605804,111800,533717604,0,0,0,67072,41,5212926590
9424,533672379,103532,533775911,0,6,0,39936,8,5758306174
9425,533716403,3898,533720301,0,6,1,4096,8,9874303744
9426,533762456,211496,533973952,0,6,0,232960,8,153079759
9427,533788568,194180,533982748,0,0,0,176128,41,8868664032
9428,533846451,11533,533857984,0,2,1,18944,12,2360373897
9429,533936251,110552,534046803,0,8,0,62976,28,4187850896
9430,534014068,32750,534046818,0,8,1,28672,28,2825357380
9431,534064860,166988,534231848,0,9,0,142336,46,2006030878
9432,534078023,106815,534184838,0,9,0,2048,46,1390189058
9433,534124880,105248,534230128,0,6,0,45568,8,7575547118
9434,534236485,109304,534345789,0,0,0,58880,41,8440182428
9435,534259265,169328,534428593,0,8,0,150016,28,353774635
9436,534512032,215753,534727785,0,0,1,353280,41,10136735569
9437,534625482,107276,534732758,0,9,0,52224,46,6712647147
9438,534661479,6278,534667757,0,6,1,6656,8,2224252747
9439,534664548,101660,534766208,0,9,0,33792,46,5086845110
9440,534995877,4937,535000814,0,3,1,12800,42,7184400611
9441,535044471,103376,535147847,0,6,0,39424,8,8878700847
9442,535081652,68996,535150648,0,9,0,12288,46,1780608919
9443,535096938,134567,535231505,0,6,0,86016,8,8370099694
9444,535179176,2870,535182046,0,3,1,8704,42,3768064214
9445,535237824,4162,535241986,0,6,1,11264,8,3446840344
9446,535482135,4850,535486985,0,6,1,5120,8,7277472412
9447,535753024,15062,535768086,0,3,1,29184,42,2733579916
9448,535821350,89636,535910986,0,2,0,24576,12,6999624615
9449,535921213,282020,536203233,0,0,0,303104,41,2392449765
9450,535954068,430227,536384295,0,0,0,339456,41,7014791217
9451,535991466,212718,536204184,0,0,0,3072,41,6613478821
9452,536132427,89588,536222015,0,6,0,14336,8,136185536
9453,536356301,215084,536571385,0,8,0,244736,28,8393189263
9454,536389961,227156,536617117,0,6,0,264192,8,2756769335
9455,536406307,65900,536472207,0,9,0,7168,46,1670913091
9456,536424947,3387,536428334,0,6,1,9728,8,105862493
9457,536514434,2470,536516904,0,6,1,2560,8,2096015945
9458,536534883,142678,536677561,0,8,0,48640,28,4886563995
9459,536893007,566,536893573,0,6,1,512,8,8932044258
9460,537100398,98072,537198470,0,9,0,22016,46,4335149661
9461,537420539,126152,537546691,0,6,0,114176,8,21208513
9462,537443270,104780,537548050,0,8,0,44032,28,9284364747
9463,537469853,6278,537476131,0,6,1,6656,8,2135926817
9464,537506480,3898,537510378,0,6,1,4096,8,6375920079
9465,537773343,125684,537899027,0,8,0,112640,28,4126518437
9466,537929983,3898,537933881,0,6,1,4096,8,6962070062
9467,537932840,104312,538037152,0,8,0,42496,28,10271059873
9468,537967017,134749,538101766,0,8,0,56832,28,8007448023
9469,537972020,183176,538155196,0,9,0,155136,46,2121364674
9470,538029119,1042,538030161,0,6,1,1024,8,9327756365
9471,538030333,135789,538166122,0,8,0,74240,28,3266867035
9472,538096452,128524,538224976,0,8,0,39424,28,9940654184
9473,538142972,50672,538193644,0,0,0,2560,41,10733069895
9474,538318214,56528,538374742,0,8,0,6656,28,5950190777
9475,538520182,45596,538565778,0,0,0,1024,41,1236436113
9476,538545952,43904,538589856,0,0,0,512,41,7975421449
9477,538557593,43904,538601497,0,0,0,512,41,2033998440
9478,538583964,45596,538629560,0,0,0,1024,41,4149795588
9479,538802469,107276,538909745,0,8,0,52224,28,3383304267
9480,538962419,100100,539062519,0,9,0,28672,46,5553676047
9481,539001276,109429,539110705,0,9,0,44544,46,4048810451
9482,539154028,99008,539253036,0,8,0,25088,28,9581844535
9483,539169861,88364,539258225,0,6,0,15360,8,2423342940
9484,539235988,114296,539350284,0,8,0,75264,28,6551546012
9485,539244166,5802,539249968,0,6,1,6144,8,4193618329
9486,539259595,95600,539355195,0,9,0,18944,46,1670086273
9487,539306182,107744,539413926,0,8,0,53760,28,5307322858
9488,539343135,50672,539393807,0,0,0,2560,41,5727539853
9489,539350544,110359,539460903,0,9,0,47104,46,6111455331
9490,539492923,1518,539494441,0,3,1,1536,42,6375198854
9491,539499537,3645,539503182,0,3,1,10240,42,8549315315
9492,539664964,23637,539688601,0,3,1,42496,42,6235552920
9493,539801479,63920,539865399,0,8,0,10752,28,6462117844
9494,539812360,10241,539822601,0,0,1,16384,41,8262194789
9495,539981946,566,539982512,0,6,1,512,8,4068932698
9496,540056549,112424,540168973,0,6,0,69120,8,9375934357
9497,540124637,54836,540179473,0,0,0,6144,41,8709109845
9498,540267236,45596,540312832,0,0,0,1024,41,3430221391
9499,540297552,124280,540421832,0,8,0,108032,28,7243865228
9500,540464460,104624,540569084,0,8,0,43520,28,5102133882
9501,540468343,13253,540481596,0,6,1,25600,8,10321704392
9502,540527056,101816,540628872,0,9,0,34304,46,6937779994
9503,540616161,76388,540692549,0,8,0,16384,28,8490481193
9504,540690961,43904,540734865,0,9,0,512,46,10359195096
9505,540706739,43904,540750643,0,0,0,512,41,8793699284
9506,540723347,113516,540836863,0,9,0,72704,46,8174251048
9507,540725560,55748,540781308,0,9,0,4096,46,5444215272
9508,540750615,13620,540764235,0,0,1,23040,41,3751982611
9509,540954194,117416,541071610,0,8,0,85504,28,10164089937
9510,540965397,141169,541106566,0,8,0,38912,28,2507195965
9511,541023161,119288,541142449,0,9,0,91648,46,6953838668
9512,541040904,77924,541118828,0,8,0,16384,28,9460824040
9513,541422593,112424,541535017,0,6,0,69120,8,1800774251
9514,541700835,45596,541746431,0,0,0,1024,41,4222205555
9515,541755786,109460,541865246,0,9,0,59392,46,4906185860
9516,541867804,109148,541976952,0,9,0,58368,46,6696096985
9517,541985503,5326,541990829,0,6,1,5632,8,7062658823
9518,542086830,75320,542162150,0,8,0,17920,28,138207535
9519,542352853,104780,542457633,0,6,0,44032,8,3861790827
9520,542419756,43904,542463660,0,8,0,512,28,8437854835
9521,542466615,58376,542524991,0,9,0,7680,46,9503360051
9522,542587277,98852,542686129,0,6,0,24576,8,1164453247
9523,542659972,79772,542739744,0,6,0,17408,8,3772837898
9524,543140510,98228,543238738,0,8,0,22528,28,7110932436
9525,543298499,104624,543403123,0,9,0,43520,46,818584472
9526,543349406,196052,543545458,0,6,0,182272,8,9271652321
9527,544021207,103220,544124427,0,9,0,38912,46,9283433855
9528,544023695,23637,544047332,0,9,1,42496,46,2670251297
9529,544137275,4420,544141695,0,9,1,11776,46,7531014454
9530,544225471,3422,544228893,0,9,1,3584,46,462229846
9531,544335985,5326,544341311,0,9,1,5632,46,9771654495
9532,544366176,103064,544469240,0,6,0,38400,8,4334782618
9533,544570226,5454,544575680,0,2,1,13824,12,966383853
9534,544721203,3904,544725107,0,9,1,10752,46,3965411874
9535,544789700,120848,544910548,0,8,0,96768,28,2069155477
9536,545018264,3387,545021651,0,9,1,9728,46,4897059742
9537,545039838,1042,545040880,0,9,1,1024,46,6367529862
9538,545375922,188408,545564330,0,6,0,157184,8,2572986224
9539,545505780,5454,545511234,0,2,1,13824,12,5354812786
9540,545561372,1042,545562414,0,9,1,1024,46,1154367201
9541,545564218,12995,545577213,0,8,1,25088,28,7937764690
9542,545587608,16096,545603704,0,9,1,31232,46,6744276040
9543,545749447,4850,545754297,0,2,1,5120,12,8422985460
9544,545766352,21399,545787751,0,9,1,34816,46,8049970215
9545,545789929,113816,545903745,0,8,1,184832,28,4341228544
9546,545841228,12995,545854223,0,9,1,25088,46,7123789662
9547,546014783,2870,546017653,0,9,1,8704,46,5405906417
9548,546027165,5326,546032491,0,2,1,5632,12,7715461158
9549,546045895,1518,546047413,0,6,1,1536,8,723371214
9550,546048437,3387,546051824,0,9,1,9728,46,1313051468
9551,546174394,209780,546384174,0,8,0,227328,28,8641672420
9552,546176808,1994,546178802,0,2,1,2048,12,10444307560
9553,546184422,104637,546289059,0,8,1,173568,28,3314890720
9554,546311253,98852,546410105,0,3,0,24576,42,2327648689
9555,546364377,139443,546503820,0,6,0,98304,8,4502684375
9556,546371752,149365,546521117,0,6,0,53248,8,7206184601
9557,546418142,159405,546577547,0,6,0,91136,8,10140256825
9558,546446254,212588,546658842,0,9,0,236544,46,891747992
9559,546501760,26221,546527981,0,8,1,47616,28,4150926641
9560,546515688,99169,546614857,0,8,0,23552,28,4731454654
9561,546698222,50984,546749206,0,9,0,3584,46,9024663671
9562,546730668,106028,546836696,0,3,0,48128,42,2362860872
9563,546755815,6229,546762044,0,3,1,15360,42,159450098
9564,546772869,66680,546839549,0,9,0,9728,46,3986438906
9565,546982983,23983,547006966,0,9,1,39936,46,1897728962
9566,547033037,35829,547068866,0,8,1,62976,28,4489718454
9567,547128598,21916,547150514,0,8,1,35840,28,6265887515
9568,547133159,196520,547329679,0,6,0,183808,8,7958082539
9569,547202584,158996,547361580,0,9,0,141312,46,3391820815
9570,547467558,112580,547580138,0,9,0,69632,46,2244102028
9571,547478878,134066,547612944,0,0,1,217600,41,9073248940
9572,547509294,51296,547560590,0,8,0,4608,28,3635927355
9573,547578571,104936,547683507,0,8,0,44544,28,10205267590
9574,547690622,380780,548071402,0,8,0,465920,28,10565862371
9575,547709131,414755,548123886,0,8,0,80384,28,4759664802
9576,547781600,298108,548079708,0,8,0,27136,28,8211685003
9577,547803231,1994,547805225,0,9,1,2048,46,232960949
9578,547880729,190688,548071417,0,8,1,110080,28,7320034085
9579,547883395,215984,548099379,0,8,0,64512,28,7444278199
9580,547884014,100724,547984738,0,3,0,30720,42,4936147235
9581,547949022,112112,548061134,0,6,0,68096,8,3386623904
9582,547949304,349461,548298765,0,8,0,77824,28,4154422933
9583,548001192,5326,548006518,0,9,1,5632,46,2170061937
9584,548071103,86672,548157775,0,9,0,14848,46,10689979800
9585,548123799,13253,548137052,0,2,1,25600,12,2175521466
9586,548151312,325408,548476720,0,8,1,526848,28,10688068638
9587,548467048,79616,548546664,0,6,0,16896,8,1027421588
9588,548544152,247360,548791512,0,6,0,271872,8,7457326255
9589,548638432,1994,548640426,0,2,1,2048,12,8682157363
9590,548704318,13600,548717918,0,9,1,23040,46,3904597443
9591,549072475,26479,549098954,0,8,1,48128,28,6261913732
9592,549288486,13770,549302256,0,8,1,26624,28,10661659972
9593,549330733,74262,549404995,0,8,1,124416,28,2772147722
9594,549333217,190904,549524121,0,3,0,165376,42,9535456143
9595,549354486,68372,549422858,0,6,0,10240,8,2948893722
9596,549369847,6278,549376125,0,2,1,6656,12,980615330
9597,549406473,3387,549409860,0,2,1,9728,12,1793215262
9598,549514043,65612,549579655,0,9,0,11264,46,6208930032
9599,549522025,1518,549523543,0,9,1,1536,46,10391122924
9600,549532404,201824,549734228,0,8,0,201216,28,10614682705
9601,549556558,6278,549562836,0,8,1,6656,28,8424339063
9602,549589518,2946,549592464,0,9,1,3072,46,9026066846
9603,549636471,24412,549660883,0,8,1,44032,28,4941105102
9604,549637667,196520,549834187,0,6,0,183808,8,6468388093
9605,549649859,4679,549654538,0,9,1,12288,46,3587534322
9606,549693360,3898,549697258,0,2,1,4096,12,4626331432
9607,549819619,102752,549922371,0,8,0,37376,28,8543617712
9608,549852220,2870,549855090,0,2,1,8704,12,5770365212
9609,549861706,116885,549978591,0,8,0,23040,28,7188280826
9610,549945286,5326,549950612,0,2,1,5632,12,109329102
9611,549969149,119288,550088437,0,6,0,91648,8,3919364298
9612,549977695,63046,550040741,0,8,1,100864,28,3246557230
9613,550123521,33245,550156766,0,8,1,57856,28,10446443169
9614,550201157,128804,550329961,0,9,0,122880,46,7525793297
9615,550270529,10241,550280770,0,9,1,16384,46,8580150959
9616,550351060,4420,550355480,0,9,1,11776,46,6703581625
9617,550352208,71468,550423676,0,3,0,15360,42,1875443568
9618,550356735,183399,550540134,0,8,1,296960,28,9860437003
9619,550447141,220571,550667712,0,8,0,8704,28,2256944552
9620,550448754,166779,550615533,0,8,0,8192,28,4391417035
9621,550518215,214928,550733143,0,3,0,244224,42,3445706578
9622,550593228,34279,550627507,0,8,1,59904,28,4061942320
9623,550726296,5712,550732008,0,9,1,14336,46,1629826189
9624,550793313,24154,550817467,0,8,1,43520,28,8790058080
9625,550835375,106503,550941878,0,8,0,22016,28,3014675536
9626,550876952,118976,550995928,0,9,0,90624,46,4701688060
9627,550899856,5802,550905658,0,9,1,6144,46,3878768343
9628,550902037,194960,551096997,0,3,0,178688,42,6739605642
9629,550983686,13858,550997544,0,8,1,23552,28,8588652605
9630,551095278,99783,551195061,0,3,0,22016,42,2412414295
9631,551166043,566,551166609,0,9,1,512,46,2723352064
9632,551260269,125372,551385641,0,9,0,111616,46,2912990211
9633,551263878,195740,551459618,0,8,0,181248,28,6990859281
9634,551288016,52364,551340380,0,3,0,3072,42,9634384833
9635,551336882,114774,551451656,0,3,0,68608,42,8684796080
9636,551378512,135769,551514281,0,9,0,122368,46,44617301
9637,551726406,79436,551805842,0,8,0,11264,28,2228446377
9638,551729561,107432,551836993,0,3,0,52736,42,3307530939
9639,551849952,128648,551978600,0,8,0,122368,28,2935247142
9640,551965709,88700,552054409,0,9,0,21504,46,3880266383
9641,551974367,6229,551980596,0,9,1,15360,46,3742446218
9642,551984585,7706,551992291,0,9,1,8192,46,5933318779
9643,552034815,566,552035381,0,9,1,512,46,4146521221
9644,552038118,6754,552044872,0,9,1,7168,46,156655792
9645,552099495,105560,552205055,0,9,0,46592,46,10437658557
9646,552255174,42941,552298115,0,8,1,70144,28,6545197447
9647,552266097,117572,552383669,0,9,0,86016,46,6046150570
9648,552365458,741536,553106994,0,8,0,931840,28,577335928
9649,552397215,2870,552400085,0,9,1,8704,46,1408456181
9650,552414427,1042,552415469,0,3,1,1024,42,7046551155
9651,552473924,104780,552578704,0,9,0,44032,46,3824390970
9652,552532493,2946,552535439,0,3,1,3072,42,4472079752
9653,552553682,6754,552560436,0,9,1,7168,46,4190912244
9654,552965195,265628,553230823,0,8,0,106496,28,568589145
9655,553027447,241895,553269342,0,8,0,71680,28,4015773423
9656,553045194,2870,553048064,0,9,1,8704,46,6382223273
9657,553061011,5454,553066465,0,9,1,13824,46,5426955801
9658,553146604,183308,553329912,0,8,0,42496,28,9348523230
9659,553272160,99944,553372104,0,3,0,28160,42,5626919131
9660,553316201,136753,553452954,0,3,0,65536,42,6952672426
9661,553331465,3898,553335363,0,3,1,4096,42,4674667975
9662,553335371,34795,553370166,0,8,1,60928,28,3094548016
9663,553347590,34327,553381917,0,8,1,48128,28,10058570077
9664,553668770,106808,553775578,0,3,0,50688,42,10697569465
9665,553688831,174929,553863760,0,3,0,112128,42,7420932679
9666,553794611,252692,554047303,0,8,0,272384,28,2873174284
9667,553829884,117884,553947768,0,9,0,87040,46,8739647879
9668,553937487,224577,554162064,0,9,0,242176,46,7600361236
9669,554104485,203487,554307972,0,9,0,103424,46,2153010563
9670,554160606,161109,554321715,0,9,0,45056,46,2848259360
9671,554273721,4679,554278400,0,3,1,12288,42,1888954848
9672,554287683,4420,554292103,0,8,1,11776,28,5277635473
9673,554357108,196642,554553750,0,8,0,110080,28,3879161608
9674,554384651,216020,554600671,0,3,0,247808,42,647995986
9675,554471114,243280,554714394,0,8,0,221696,28,7407633008
9676,554589173,119756,554708929,0,9,0,93184,46,4307810267
9677,554674164,209857,554884021,0,9,0,206848,46,5365478905
9678,554832193,154884,554987077,0,9,0,38400,46,9445652910
9679,554842271,118442,554960713,0,9,0,17408,46,583570286
9680,554872664,103064,554975728,0,3,0,38400,42,2052508163
9681,555003921,119756,555123677,0,8,0,93184,28,8890305180
9682,555019827,11274,555031101,0,3,1,18432,42,5927731611
9683,555039450,3128,555042578,0,3,1,9216,42,1808454591
9684,555187781,196364,555384145,0,9,0,183296,46,10446683285
9685,555195440,5454,555200894,0,8,1,13824,28,1799879845
9686,555246527,2470,555248997,0,8,1,2560,28,544480567
9687,555264859,445242,555710101,0,8,0,80384,28,3817839947
9688,555271691,14029,555285720,0,8,1,27136,28,5459970643
9689,555278768,156502,555435270,0,8,1,255488,28,2017754246
9690,555352484,157017,555509501,0,8,0,35328,28,3841121728
9691,555418164,32864,555451028,0,8,1,50688,28,7945827064
9692,555457547,228039,555685586,0,8,0,65536,28,2480725111
9693,555491054,7230,555498284,0,3,1,7680,42,2072168559
9694,555627687,6278,555633965,0,3,1,6656,42,5366099803
9695,555667551,131855,555799406,0,8,0,73728,28,126957353
9696,555695771,103376,555799147,0,9,0,39424,46,3117195811
9697,555723835,75586,555799421,0,8,1,91648,28,2360131979
9698,555833574,200420,556033994,0,8,0,196608,28,10201591439
9699,555894035,23725,555917760,0,3,1,39424,42,1971579412
9700,555956820,121316,556078136,0,9,0,98304,46,7719533488
9701,555981545,60824,556042369,0,3,0,5632,42,656584629
9702,556073905,162463,556236368,0,9,0,143872,46,740938102
9703,556094672,12995,556107667,0,3,1,25088,42,7719478772
9704,556130644,10499,556141143,0,3,1,16896,42,2413979142
9705,556132229,261303,556393532,0,9,0,168448,46,1032823259
9706,556167216,109964,556277180,0,9,0,53760,46,10623156486
9707,556197795,5712,556203507,0,8,1,14336,28,6882422674
9708,556287172,97868,556385040,0,8,0,11264,28,5828113079
9709,556416698,118040,556534738,0,9,0,87552,46,9993481712
9710,556546642,97916,556644558,0,9,0,21504,46,7212314836
9711,556561992,32816,556594808,0,8,1,53760,28,5680714630
9712,556645179,12049,556657228,0,3,1,19968,42,7158238630
9713,556770092,287948,557058040,0,9,0,322560,46,7405151374
9714,556878173,174049,557052222,0,8,1,282112,28,8369888181
9715,557142167,2946,557145113,0,6,1,3072,8,6587466317
9716,557247836,12825,557260661,0,9,1,21504,46,6626799091
9717,557777385,43904,557821289,0,3,0,512,42,724739154
9718,557890716,7706,557898422,0,8,1,8192,28,7749314662
9719,558080298,99320,558179618,0,8,0,26112,28,9529380696
9720,558131913,76329,558208242,0,8,1,128512,28,1322911849
9721,558279066,55748,558334814,0,3,0,4096,42,10718714303
9722,558350563,43904,558394467,0,3,0,512,42,6294152685
9723,558361406,104051,558465457,0,9,0,37888,46,9571251911
9724,558379445,43904,558423349,0,9,0,512,46,6546629472
9725,558386807,34795,558421602,0,8,1,60928,28,10730965094
9726,558429581,43458,558473039,0,8,1,71168,28,6563817686
9727,558648799,261726,558910525,0,8,0,154624,28,7148963017
9728,558697724,46988,558744712,0,8,1,81408,28,10283724659
9729,558730467,203391,558933858,0,8,1,329216,28,6806186233
9730,558794251,150744,558944995,0,8,1,45056,28,2798121888
9731,559036185,84733,559120918,0,8,1,138240,28,3153614344
9732,559172082,172674,559344756,0,8,0,136192,28,5770852494
9733,559317030,155118,559472148,0,8,0,118272,28,358331175
9734,559353585,43904,559397489,0,3,0,512,42,1114028287
9735,559445271,131025,559576296,0,8,0,41984,28,4800552431
9736,559536637,3645,559540282,0,9,1,10240,46,1765647172
9737,559660881,5802,559666683,0,9,1,6144,46,5324788386
9738,559726813,72668,559799481,0,8,0,9216,28,10110805694
9739,559731924,138081,559870005,0,8,0,79360,28,7984493501
9740,559769519,181180,559950699,0,8,0,116224,28,3380806508
9741,559774428,3898,559778326,0,9,1,4096,46,9357189018
9742,559895387,88676,559984063,0,8,0,16384,28,1809530853
9743,559909872,114762,560024634,0,8,1,189952,28,3951387864
9744,559933289,236104,560169393,0,8,0,82944,28,4761172267
9745,560126477,125840,560252317,0,9,0,113152,46,112397293
9746,560174773,5712,560180485,0,9,1,14336,46,5764419833
9747,560175890,54056,560229946,0,3,0,3584,42,6948770577
9748,560209647,42685,560252332,0,9,1,16896,46,1427737408
9749,560442417,143675,560586092,0,8,0,80896,28,4907757068
9750,560451476,1994,560453470,0,9,1,2048,46,1170154804
9751,560459328,95849,560555177,0,8,0,9728,28,975381369
9752,560552361,276557,560828918,0,8,1,442880,28,8864772869
9753,560597096,87320,560684416,0,9,0,22016,46,5836609797
9754,560644060,382224,561026284,0,8,0,154624,28,5719125524
9755,560648734,2946,560651680,0,9,1,3072,46,6536470940
9756,560705351,54056,560759407,0,3,0,3584,42,10732612136
9757,560891305,6278,560897583,0,9,1,6656,46,10350230257
9758,560914001,4420,560918421,0,9,1,11776,46,4772642127
9759,561082660,117572,561200232,0,9,0,86016,46,567365311
9760,561121577,93776,561215353,0,9,0,23040,46,2915455375
9761,561141671,43904,561185575,0,3,0,512,42,5539867686
9762,561297735,109772,561407507,0,9,0,60416,46,4223316551
9763,561668722,106808,561775530,0,8,0,50688,28,9856259263
9764,561724174,48980,561773154,0,3,0,2048,42,9783412181
9765,561752988,50672,561803660,0,3,0,2560,42,5761916839
9766,561781093,74608,561855701,0,8,1,121856,28,258647131
9767,561857575,33850,561891425,0,8,1,55808,28,10693162138
9768,561883190,48980,561932170,0,3,0,2048,42,2621682965
9769,561916710,69341,561986051,0,8,0,1024,28,4914116429
9770,562043906,5196,562049102,0,9,1,13312,46,497499309
9771,562081494,47288,562128782,0,3,0,1536,42,104341104
9772,562205418,47444,562252862,0,8,0,2048,28,1787039869
9773,562206984,43904,562250888,0,3,0,512,42,3830695329
9774,562412593,193088,562605681,0,9,0,172544,46,7779484737
9775,562444718,16613,562461331,0,8,1,32256,28,5265866048
9776,562579069,43904,562622973,0,3,0,512,42,9236382598
9777,562615447,14287,562629734,0,9,1,27648,46,8095256775
9778,563054238,2946,563057184,0,9,1,3072,46,6476257023
9779,563073217,6754,563079971,0,9,1,7168,46,10475201942
9780,563395261,5971,563401232,0,9,1,14848,46,9517816631
9781,563459494,11016,563470510,0,9,1,17920,46,5019896622
9782,563513287,196676,563709963,0,9,0,184320,46,9903015367
9783,563608535,3898,563612433,0,9,1,4096,46,9702285832
9784,563741922,43904,563785826,0,3,0,512,42,8366781296
9785,563745290,310146,564055436,0,9,0,326144,46,8407050283
9786,563795608,5196,563800804,0,3,1,13312,42,2527530807
9787,563849917,54056,563903973,0,8,0,3584,28,1689574937
9788,564041969,103227,564145196,0,9,0,19968,46,3521995187
9789,564187843,3128,564190971,0,9,1,9216,46,6981620534
9790,564207716,5326,564213042,0,3,1,5632,42,9427626558
9791,564273341,55748,564329089,0,3,0,4096,42,2143235399
9792,564316124,89859,564405983,0,3,0,4608,42,234012196
9793,564342797,294032,564636829,0,9,0,342528,46,4710876104
9794,564400962,48980,564449942,0,8,0,2048,28,7826781061
9795,564409951,78860,564488811,0,8,0,19456,28,4916177484
9796,564414344,20882,564435226,0,9,1,33792,46,3586133838
9797,564493747,2946,564496693,0,3,1,3072,42,2120571407
9798,564757551,12737,564770288,0,3,1,24576,42,2915424449
9799,564789087,2946,564792033,0,9,1,3072,46,7071472183
9800,564848170,47288,564895458,0,3,0,1536,42,4269355111
9801,564950003,1042,564951045,0,9,1,1024,46,8975889089
9802,565011846,163260,565175106,0,9,0,73728,46,780929547
9803,565025203,13341,565038544,0,9,1,22528,46,6047898424
9804,565060293,5196,565065489,0,3,1,13312,42,7776875205
9805,565132086,4850,565136936,0,9,1,5120,46,577483581
9806,565238144,100568,565338712,0,8,0,30208,28,2281152046
9807,565382420,87896,565470316,0,9,0,13824,46,3959274559
9808,565396806,4850,565401656,0,9,1,5120,46,5733708069
9809,565529594,147464,565677058,0,8,0,138752,28,847810551
9810,565941955,162848,566104803,0,8,0,143872,28,3244324461
9811,566211764,4162,566215926,0,3,1,11264,42,6976771086
9812,566222388,4374,566226762,0,3,1,4608,42,608751081
9813,566578230,106184,566684414,0,8,0,48640,28,9950357633
9814,566844198,12308,566856506,0,3,1,20480,42,7182232096
9815,567238765,12995,567251760,0,3,1,25088,42,246061025
9816,567247680,62516,567310196,0,8,0,6144,28,9949775876
9817,567416270,86971,567503241,0,8,1,145920,28,8717160777
9818,567894818,4937,567899755,0,3,1,12800,42,7512449957
9819,568093267,47288,568140555,0,3,0,1536,42,3472533113
9820,568330716,41649,568372365,0,3,1,67584,42,5351450990
9821,568483657,24242,568507899,0,8,1,40448,28,8365854027
9822,568494718,164768,568659486,0,8,0,74240,28,9312103429
9823,568584564,26479,568611043,0,8,1,48128,28,925933200
9824,568766558,94858,568861416,0,8,1,154624,28,5795008102
9825,568823439,144362,568967801,0,8,1,237568,28,4198483473
9826,568992327,66204,569058531,0,8,1,112128,28,4395421714
9827,569093227,4420,569097647,0,8,1,11776,28,8333487533
9828,569165750,124383,569290133,0,8,0,16896,28,6034019333
9829,569449914,44233,569494147,0,8,1,72704,28,4626767932
9830,569821508,26738,569848246,0,8,1,48640,28,8410809632
9831,569931931,35312,569967243,0,0,1,61952,41,542873787
9832,570307720,99632,570407352,0,8,0,27136,28,9769610320
9833,570373818,108368,570482186,0,8,0,55808,28,9014839463
9834,571116838,101660,571218498,0,8,0,33792,28,3891983943
9835,571146417,105716,571252133,0,8,0,47104,28,9906834882
9836,571412795,104312,571517107,0,8,0,42496,28,1429632905
9837,572612678,1994,572614672,0,6,1,2048,8,2062674754
9838,573047575,1042,573048617,0,6,1,1024,8,3992090390
9839,573276073,3422,573279495,0,6,1,3584,8,9634222921
9840,573286538,44233,573330771,0,0,1,72704,41,7377052152
9841,573440939,26479,573467418,0,0,1,48128,41,9910237283
9842,573517493,4850,573522343,0,0,1,5120,41,7831621487
9843,573710201,23466,573733667,0,0,1,38912,41,7341174796
9844,573766710,32987,573799697,0,0,1,57344,41,9982492432
9845,573807936,83870,573891806,0,0,1,139776,41,8742761556
9846,574001299,103220,574104519,0,8,0,38912,28,10635730008
9847,574002527,7230,574009757,0,0,1,7680,41,531870183
9848,574036537,141320,574177857,0,8,0,46592,28,7488043901
9849,574147065,111768,574258833,0,8,0,37888,28,1446953483
9850,574234111,129896,574364007,0,8,0,126464,28,2997963850
9851,574455139,104637,574559776,0,0,1,173568,41,553699927
9852,574538540,43200,574581740,0,0,1,70656,41,7371875593
9853,574599287,5802,574605089,0,6,1,6144,8,1383316582
9854,574651405,2946,574654351,0,6,1,3072,8,10528220303
9855,574679728,160064,574839792,0,8,0,139776,28,7705621893
9856,574807626,163146,574970772,0,8,0,130048,28,8727216691
9857,574829585,3898,574833483,0,6,1,4096,8,1498995231
9858,574959514,1042,574960556,0,6,1,1024,8,9031267407
9859,575101967,114608,575216575,0,8,0,76288,28,7914037985
9860,575131624,243789,575375413,0,8,0,203264,28,6361630842
9861,575150853,93049,575243902,0,0,1,151040,41,7925084902
9862,575307943,5326,575313269,0,6,1,5632,8,4282698663
9863,575342730,6754,575349484,0,6,1,7168,8,6959734511
9864,575741602,3422,575745024,0,6,1,3584,8,8038151458
9865,575950779,11533,575962312,0,6,1,18944,8,541550244
9866,576140690,51516,576192206,0,8,1,83456,28,6735946652
9867,576201955,54787,576256742,0,8,1,93184,28,8210667213
9868,576411042,104780,576515822,0,8,0,44032,28,8281314927
9869,576692224,35312,576727536,0,0,1,61952,41,2874489716
9870,576845760,84645,576930405,0,0,1,141312,41,7870744868
9871,576904825,110552,577015377,0,8,0,62976,28,1330757289
9872,576939246,95029,577034275,0,0,1,158208,41,4105360289
9873,577145479,92533,577238012,0,8,1,150016,28,8472590646
9874,577194413,22691,577217104,0,0,1,37376,41,4480799666
9875,577254769,111161,577365930,0,8,0,39424,28,3050476704
9876,577271704,201931,577473635,0,8,0,33280,28,8916741056
9877,577513916,109928,577623844,0,8,0,60928,28,7069137350
9878,577536995,53325,577590320,0,0,1,87040,41,10148905839
9879,577636446,34537,577670983,0,8,1,60416,28,8315971757
9880,577734214,230652,577964866,0,8,0,30208,28,2400272780
9881,577801859,64654,577866513,0,8,1,109056,28,7865074740
9882,577858542,124408,577982950,0,8,0,6656,28,5375751721
9883,577884480,82666,577967146,0,8,1,134144,28,10366429326
9884,577959917,23120,577983037,0,0,1,41472,41,5895127861
9885,578082741,81374,578164115,0,8,1,131584,28,837504793
9886,578204430,3422,578207852,0,6,1,3584,8,9949535930
9887,578222602,34795,578257397,0,8,1,60928,28,7439161006
9888,578292372,22691,578315063,0,8,1,37376,28,6652234603
9889,578362521,53325,578415846,0,8,1,87040,28,5475074643
9890,578521586,162891,578684477,0,8,1,263680,28,8654142788
9891,578543885,238407,578782292,0,8,0,22528,28,5214394090
9892,578557684,137418,578695102,0,8,1,42496,28,5368554751
9893,578642256,300619,578942875,0,8,0,64000,28,8760354459
9894,579259211,145137,579404348,0,0,1,239104,41,452506888
9895,579423363,34279,579457642,0,8,1,59904,28,4718827647
9896,579504210,70991,579575201,0,8,1,114688,28,2914461996
9897,579635201,32558,579667759,0,0,1,53248,41,9341719393
9898,579878660,184950,580063610,0,0,1,300032,41,9428335738
9899,580251672,104637,580356309,0,8,1,173568,28,3627724214
9900,580548590,245700,580794290,0,0,1,398336,41,8152555279
9901,580590542,236031,580826573,0,0,1,105472,41,9342851861
9902,580618351,25704,580644055,0,8,1,46592,28,5980637118
9903,580662806,210630,580873436,0,0,1,158720,41,5401507707
9904,580847540,53325,580900865,0,0,1,87040,41,909124962
9905,580867378,140968,581008346,0,0,1,221184,41,3325337254
9906,581081471,23725,581105196,0,0,1,39424,41,784106582
9907,582025850,25446,582051296,0,0,1,46080,41,5688764041
9908,582208606,566,582209172,0,0,1,512,41,8798083645
9909,582361387,5326,582366713,0,0,1,5632,41,8787774986
9910,582540521,14029,582554550,0,0,1,27136,41,5931653738
9911,583129666,5802,583135468,0,6,1,6144,8,7379465470
9912,583254579,3898,583258477,0,6,1,4096,8,573277206
9913,583498701,1042,583499743,0,0,1,1024,41,282010872
9914,583589883,3128,583593011,0,0,1,9216,41,4098461002
9915,583930978,2946,583933924,0,0,1,3072,41,968458086
9916,584283134,1518,584284652,0,0,1,1536,41,2953108257
9917,584325884,3128,584329012,0,0,1,9216,41,4176600309
9918,584526924,11533,584538457,0,0,1,18944,41,4704794995
9919,584889789,5712,584895501,0,0,1,14336,41,2083976905
9920,584949394,16354,584965748,0,0,1,31744,41,3879395669
9921,585051527,4420,585055947,0,0,1,11776,41,9511240467
9922,585592149,5326,585597475,0,6,1,5632,8,10032745171
9923,585769238,1042,585770280,0,0,1,1024,41,9303142500
9924,585994509,3387,585997896,0,0,1,9728,41,63191901
9925,586606478,3128,586609606,0,0,1,9216,41,8855846144
9926,586760708,3128,586763836,0,0,1,9216,41,1331907403
9927,586854792,6754,586861546,0,0,1,7168,41,9732239956
9928,586960578,1994,586962572,0,0,1,2048,41,6874297794
9929,587076815,1518,587078333,0,0,1,1536,41,1365368320
9930,587397818,3904,587401722,0,0,1,10752,41,2011395857
9931,587778761,2470,587781231,0,0,1,2560,41,2490568240
9932,587815862,6754,587822616,0,0,1,7168,41,8697943797
9933,588656524,6229,588662753,0,0,1,15360,41,7879756031
9934,588799017,4679,588803696,0,0,1,12288,41,1095731450
9935,588961187,5802,588966989,0,6,1,6144,8,523220636
9936,589098870,4420,589103290,0,6,1,11776,8,2098726252
9937,589167780,7230,589175010,0,6,1,7680,8,5076766806
9938,589175747,2470,589178217,0,6,1,2560,8,370825909
9939,589245815,3422,589249237,0,0,1,3584,41,289372471
9940,589368823,3128,589371951,0,6,1,9216,8,3421040007
9941,589765269,3898,589769167,0,6,1,4096,8,5034359685
9942,589793102,12049,589805151,0,6,1,19968,8,1381420541
9943,589958346,6754,589965100,0,6,1,7168,8,3604550385
9944,590730407,1042,590731449,0,6,1,1024,8,4955655813
9945,590849527,3128,590852655,0,6,1,9216,8,1805698630
9946,590944520,5971,590950491,0,6,1,14848,8,6874755756
9947,591603191,7706,591610897,0,6,1,8192,8,9382542588
9948,592567208,2470,592569678,0,6,1,2560,8,2491791673
9949,592650612,1518,592652130,0,6,1,1536,8,10473075421
9950,592730084,1518,592731602,0,6,1,1536,8,10035788629
9951,592929628,3645,592933273,0,6,1,10240,8,6255584620
9952,593266476,6754,593273230,0,6,1,7168,8,9282439806
9953,593624521,5712,593630233,0,6,1,14336,8,3577812843
9954,593991803,10757,594002560,0,6,1,17408,8,9604874375
9955,594550850,7706,594558556,0,6,1,8192,8,8212379558
9956,594839070,6278,594845348,0,6,1,6656,8,3841122022
9957,594946081,2870,594948951,0,6,1,8704,8,7201619633
9958,595188459,2870,595191329,0,6,1,8704,8,2332628007
9959,595365922,5326,595371248,0,6,1,5632,8,7485302974
9960,595375522,4420,595379942,0,6,1,11776,8,1929068141
9961,595377517,5546,595383063,0,6,1,10752,8,7158470563
9962,595564710,4850,595569560,0,6,1,5120,8,4500412093
9963,595612694,13341,595626035,0,6,1,22528,8,3769457917
9964,595774528,1994,595776522,0,6,1,2048,8,10155318218
9965,595809493,4850,595814343,0,6,1,5120,8,8425916425
9966,597128939,1042,597129981,0,6,1,1024,8,8067171269
9967,597212846,4850,597217696,0,6,1,5120,8,2922538447
9968,597363569,566,597364135,0,0,1,512,41,10196678712
9969,597510335,4679,597515014,0,0,1,12288,41,8126684033
9970,597951842,4420,597956262,0,0,1,11776,41,10398062707
9971,598052803,566,598053369,0,0,1,512,41,2091632787
9972,598265134,3904,598269038,0,0,1,10752,41,4809446868
9973,598295009,13253,598308262,0,0,1,25600,41,6423830417
9974,598437631,6754,598444385,0,6,1,7168,8,9598460673
9975,598752264,3904,598756168,0,6,1,10752,8,9461099035
9976,599218317,5802,599224119,0,6,1,6144,8,555318752
9977,599259269,10241,599269510,0,6,1,16384,8,1712259946
9978,599264874,4162,599269036,0,0,1,11264,41,3992956656
9979,599491727,1042,599492769,0,0,1,1024,41,6083199266
9980,599715415,11016,599726431,0,6,1,17920,8,4781223100
9981,600049082,3422,600052504,0,6,1,3584,8,5364879966
9982,600226700,5326,600232026,0,0,1,5632,41,1083041921
9983,600245231,10499,600255730,0,6,1,16896,8,1482662483
9984,600764030,1042,600765072,0,6,1,1024,8,9408837859
9985,600793051,4937,600797988,0,0,1,12800,41,1753859394
9986,600878210,3904,600882114,0,6,1,10752,8,3706555497
9987,600903842,3898,600907740,0,0,1,4096,41,3592860227
9988,601050759,3422,601054181,0,0,1,3584,41,8637803365
9989,601119987,1042,601121029,0,0,1,1024,41,2307731946
9990,601833044,13770,601846814,0,6,1,26624,8,5463804514
9991,601884136,3645,601887781,0,0,1,10240,41,1737706052
9992,601927723,11016,601938739,0,6,1,17920,8,5462194318
9993,602160987,2870,602163857,0,6,1,8704,8,8318876509
9994,602229828,1518,602231346,0,6,1,1536,8,7528898990
9995,602528829,11791,602540620,0,6,1,19456,8,3695629036
9996,602732357,5802,602738159,0,6,1,6144,8,2492368460
9997,602809458,2470,602811928,0,0,1,2560,41,5848185487
9998,603111658,11791,603123449,0,0,1,19456,41,6418071962
9999,603190748,566,603191314,0,6,1,512,8,6850018106
