RequestID,ArrivalTime,DelayTime,FinishTime,InitiatorID,TargetID,IOType,Size,VolumeID,Offset
0,0,43904,43904,0,0,0,512,17,3309535870
1,1,3422,3423,0,6,1,3584,42,1919605064
2,2,111800,111802,0,5,0,67072,19,4037679053
3,3,10241,10244,0,4,1,16384,44,5401597722
4,4,54787,54791,0,3,1,93184,11,9582538587
5,5,113516,113521,0,7,0,72704,33,1241559983
6,6,2870,2876,0,2,1,8704,23,4601422922
7,7,3422,3429,0,9,1,3584,32,3049671290
8,8,99944,99952,0,1,0,28160,36,5066397097
9,9,14545,14554,0,8,1,28160,3,4144370059
10,5895,3422,9317,0,2,1,3584,23,10306978677
11,21381,45596,66977,0,0,0,1024,17,1201636646
12,37625,78062,115687,0,7,0,3072,33,3589583133
13,46691,2470,49161,0,2,1,2560,23,4114750696
14,54966,185467,240433,0,3,0,6144,11,5974948323
15,55681,45596,101277,0,0,0,1024,17,502783377
16,66293,47829,114122,0,4,0,512,44,4163236404
17,74728,50672,125400,0,4,0,2560,44,6518275435
18,92816,117884,210700,0,9,0,87040,32,3544397029
19,104454,117728,222182,0,1,0,86528,36,4790976498
20,115577,119412,234989,0,1,0,41984,36,2298010020
21,116931,84536,201467,0,3,0,17920,11,6969051109
22,143663,33850,177513,0,8,1,55808,3,5674008215
23,162975,14794,177769,0,8,1,9216,3,1348242589
24,163467,4937,168404,0,0,1,12800,17,6019614586
25,170988,1518,172506,0,3,1,1536,11,7900275652
26,171845,2870,174715,0,4,1,8704,44,730583307
27,172914,102094,275008,0,9,0,28672,32,218050094
28,180668,7230,187898,0,8,1,7680,3,6715380883
29,191167,11791,202958,0,0,1,19456,17,2876784638
30,199391,1042,200433,0,6,1,1024,42,10559615885
31,203557,5326,208883,0,2,1,5632,23,2212375086
32,203785,35829,239614,0,5,1,62976,19,10495074399
33,203994,43716,247710,0,3,1,71680,11,5449933651
34,210411,147764,358175,0,3,0,12288,11,598810725
35,217640,98696,316336,0,7,0,24064,33,1952827090
36,224659,3898,228557,0,9,1,4096,32,2167022668
37,231396,71766,303162,0,5,1,116224,19,3793694198
38,248722,21141,269863,0,6,1,34304,42,1663956021
39,309022,35054,344076,0,6,1,61440,42,293569597
40,340640,13341,353981,0,3,1,22528,11,2130868118
41,341779,54358,396137,0,8,1,89088,3,5307520668
42,345026,12049,357075,0,4,1,19968,44,6645216904
43,389508,7230,396738,0,2,1,7680,23,10691296417
44,439533,43904,483437,0,0,0,512,17,8408284831
45,489985,2470,492455,0,5,1,2560,19,7758337998
46,494627,131044,625671,0,8,0,18432,3,5278108886
47,497050,164612,661662,0,3,1,270336,11,7568447097
48,503736,43904,547640,0,0,0,512,17,8295501949
49,542488,1042,543530,0,4,1,1024,44,6758460342
50,545566,71312,616878,0,7,0,14848,33,8102694991
51,547202,75320,622522,0,1,0,17920,36,576361358
52,594355,3898,598253,0,4,1,4096,44,6584572870
53,609869,3422,613291,0,4,1,3584,44,7657189711
54,642585,566,643151,0,5,1,512,19,2672103068
55,650880,158622,809502,0,5,0,13824,19,4923619218
56,655596,99320,754916,0,8,0,26112,3,7019879195
57,666893,1994,668887,0,5,1,2048,19,10620094950
58,667969,5971,673940,0,9,1,14848,32,5522125682
59,690452,3128,693580,0,2,1,9216,23,6193961421
60,710005,43904,753909,0,0,0,512,17,9481570973
61,728582,6278,734860,0,2,1,6656,23,615329107
62,753383,103185,856568,0,8,0,33792,3,6486424068
63,768894,1042,769936,0,2,1,1024,23,7952770185
64,773155,48980,822135,0,4,0,2048,44,3360291352
65,780054,43904,823958,0,0,0,512,17,8316372030
66,788370,4937,793307,0,4,1,12800,44,5961557348
67,800034,1042,801076,0,4,1,1024,44,10168697710
68,809233,5326,814559,0,9,1,5632,32,8386933254
69,826084,3422,829506,0,5,1,3584,19,4459597436
70,830679,69494,900173,0,4,0,1536,44,2697809056
71,913744,49448,963192,0,3,0,3584,11,9090116280
72,922071,33591,955662,0,3,1,55296,11,6307638546
73,934398,2870,937268,0,2,1,8704,23,7225925441
74,934499,43904,978403,0,0,0,512,17,5691191471
75,989480,2470,991950,0,2,1,2560,23,1306429389
76,996708,214304,1211012,0,9,0,242176,32,9485391307
77,1010938,96980,1107918,0,1,0,18432,36,964110814
78,1029404,2946,1032350,0,4,1,3072,44,5691581030
79,1030392,102128,1132520,0,8,0,35328,3,1013803835
80,1048111,11274,1059385,0,2,1,18432,23,6822143680
81,1067465,2870,1070335,0,9,1,8704,32,5670064050
82,1118954,2870,1121824,0,3,1,8704,11,5795285626
83,1131571,4679,1136250,0,9,1,12288,32,467576308
84,1132277,4319,1136596,0,9,1,512,32,118853164
85,1161924,122876,1284800,0,1,0,103424,36,6488185920
86,1165537,50359,1215896,0,9,1,5120,32,10011368527
87,1183421,126460,1309881,0,9,0,24576,32,2428361269
88,1191380,3898,1195278,0,4,1,4096,44,9578735635
89,1204623,14499,1219122,0,9,1,5120,32,9597238288
90,1209345,64483,1273828,0,3,1,105472,11,416002931
91,1223673,163617,1387290,0,3,0,512,11,4276966988
92,1237155,566,1237721,0,9,1,512,32,3847298624
93,1238488,47444,1285932,0,0,0,2048,17,9086357371
94,1261470,1518,1262988,0,9,1,1536,32,218417411
95,1261523,4850,1266373,0,2,1,5120,23,9803236383
96,1303700,1994,1305694,0,5,1,2048,19,1279685480
97,1310413,5454,1315867,0,2,1,13824,23,6621971755
98,1349842,43904,1393746,0,0,0,512,17,3218526222
99,1396497,97448,1493945,0,8,0,19968,3,8498661371
100,1400843,43904,1444747,0,0,0,512,17,74941617
101,1401517,102128,1503645,0,7,0,35328,33,7053140171
102,1407644,106808,1514452,0,3,0,50688,11,6415509071
103,1419464,33075,1452539,0,3,1,54272,11,8890832055
104,1450124,119600,1569724,0,5,0,92672,19,2353351099
105,1456861,2470,1459331,0,4,1,2560,44,2955557120
106,1479423,50672,1530095,0,4,0,2560,44,2249130228
107,1489129,43904,1533033,0,4,0,512,44,2654480565
108,1534140,15579,1549719,0,3,1,30208,11,1891520936
109,1552187,4374,1556561,0,0,1,4608,17,858061998
110,1559858,91904,1651762,0,7,0,16896,33,9162184728
111,1603068,45596,1648664,0,4,0,1024,44,9332308917
112,1631777,74867,1706644,0,8,1,122368,3,8305027566
113,1680651,101192,1781843,0,7,0,32256,33,7440741923
114,1682977,3422,1686399,0,4,1,3584,44,6462713933
115,1686791,566,1687357,0,4,1,512,44,5577280607
116,1744311,99632,1843943,0,5,0,27136,19,4916788061
117,1749506,1994,1751500,0,1,1,2048,36,3230459541
118,1752896,88364,1841260,0,8,0,15360,3,478041117
119,1761136,14287,1775423,0,3,1,27648,11,9623014234
120,1776618,6229,1782847,0,4,1,15360,44,2695184316
121,1796037,104208,1900245,0,3,1,169472,11,7380339679
122,1806101,13083,1819184,0,9,1,22016,32,1884421363
123,1808806,12324,1821130,0,9,1,3072,32,9057978217
124,1838026,9813,1847839,0,5,1,10752,19,2893458345
125,1848438,4850,1853288,0,1,1,5120,36,9131197801
126,1857007,5326,1862333,0,5,1,5632,19,6516468636
127,1862876,1994,1864870,0,4,1,2048,44,2160275005
128,1885186,5802,1890988,0,4,1,6144,44,8672861238
129,1948354,70846,2019200,0,9,0,6656,32,7558545449
130,1972526,45596,2018122,0,0,0,1024,17,10181565625
131,1980621,95912,2076533,0,7,0,19968,33,1990333953
132,2007839,60824,2068663,0,9,0,5632,32,4513318144
133,2017754,106769,2124523,0,9,0,27648,32,6896665831
134,2020369,43904,2064273,0,0,0,512,17,6054044798
135,2031244,186615,2217859,0,9,0,34304,32,1970801091
136,2045313,99476,2144789,0,1,0,26624,36,3243571822
137,2065025,49272,2114297,0,7,0,512,33,6341218781
138,2073902,3645,2077547,0,9,1,10240,32,4323735730
139,2096262,79436,2175698,0,9,0,11264,32,155058344
140,2161139,45596,2206735,0,4,0,1024,44,7998301960
141,2187787,100858,2288645,0,9,0,8704,32,5606331945
142,2212017,5802,2217819,0,4,1,6144,44,9062616142
143,2214318,22950,2237268,0,3,1,37888,11,246286040
144,2243655,43904,2287559,0,0,0,512,17,9748668739
145,2279774,101660,2381434,0,7,0,33792,33,1525508663
146,2296548,211496,2508044,0,8,0,232960,3,1555232765
147,2305895,123032,2428927,0,5,0,103936,19,4571532295
148,2314764,3128,2317892,0,9,1,9216,32,1342870565
149,2316863,45596,2362459,0,4,0,1024,44,1954257296
150,2362226,216853,2579079,0,9,0,66560,32,9431554855
151,2374888,3898,2378786,0,9,1,4096,32,9186449453
152,2386573,4374,2390947,0,9,1,4608,32,8966387228
153,2392935,113416,2506351,0,5,0,58368,19,1923695237
154,2450646,80252,2530898,0,8,1,40960,3,3664782361
155,2460615,122908,2583523,0,5,0,57344,19,6984948335
156,2467499,99944,2567443,0,1,0,28160,36,5610405582
157,2494272,2946,2497218,0,4,1,3072,44,1148623666
158,2495451,86763,2582214,0,9,0,10240,32,6349080557
159,2523467,33245,2556712,0,3,1,57856,11,1755388882
160,2536787,1518,2538305,0,9,1,1536,32,9393866025
161,2541301,47288,2588589,0,0,0,1536,17,7320351264
162,2588826,86712,2675538,0,3,1,145408,11,629751229
163,2600341,156175,2756516,0,3,0,7168,11,1360184352
164,2635596,2470,2638066,0,4,1,2560,44,10609148763
165,2646459,79016,2725475,0,8,0,19968,3,6460004777
166,2699957,103532,2803489,0,1,0,39936,36,8550878200
167,2701703,2870,2704573,0,4,1,8704,44,5488239926
168,2708563,1994,2710557,0,9,1,2048,32,3418546531
169,2729254,22433,2751687,0,3,1,36864,11,539941394
170,2747957,5454,2753411,0,3,1,13824,11,7721724038
171,2755857,113204,2869061,0,8,0,71680,3,9768899408
172,2760976,57440,2818416,0,5,0,4608,19,3085817862
173,2769228,1042,2770270,0,1,1,1024,36,3040683657
174,2787304,93776,2881080,0,7,0,23040,33,501913443
175,2815377,5326,2820703,0,9,1,5632,32,2101860166
176,2834352,4374,2838726,0,8,1,4608,3,2465784275
177,2844515,102596,2947111,0,8,0,36864,3,9459891376
178,2862286,144620,3006906,0,3,1,238080,11,7626667826
179,2865328,107588,2972916,0,5,0,53248,19,5499939937
180,2876546,106810,2983356,0,7,0,35840,33,10370655463
181,2907549,48980,2956529,0,4,0,2048,44,6494885396
182,2931592,43904,2975496,0,0,0,512,17,9789866834
183,2981962,3898,2985860,0,9,1,4096,32,6562744591
184,3012931,65900,3078831,0,7,0,7168,33,9394372494
185,3023626,99164,3122790,0,7,0,25600,33,7661607355
186,3030007,114608,3144615,0,1,0,76288,36,5472007685
187,3042291,93152,3135443,0,7,0,20992,33,8049029520
188,3071911,1518,3073429,0,4,1,1536,44,747933197
189,3088397,12566,3100963,0,8,1,20992,3,7872338262
190,3091136,114689,3205825,0,3,0,27136,11,9534551754
191,3125676,80944,3206620,0,3,0,2560,11,9423082937
192,3154705,43904,3198609,0,9,0,512,32,10345002403
193,3168395,32987,3201382,0,6,1,57344,42,2590311706
194,3170775,47288,3218063,0,4,0,1536,44,8996506480
195,3183981,85160,3269141,0,3,0,19968,11,3293873575
196,3195953,114920,3310873,0,5,0,77312,19,813148015
197,3208615,43904,3252519,0,9,0,512,32,1916091805
198,3210717,103376,3314093,0,1,0,39424,36,9465456488
199,3210903,3904,3214807,0,9,1,10752,32,5149865232
200,3222531,112268,3334799,0,8,0,68608,3,807660800
201,3232274,84224,3316498,0,7,0,16896,33,2224504167
202,3234935,67592,3302527,0,7,0,7680,33,4467588362
203,3243220,3128,3246348,0,6,1,9216,42,3807668389
204,3272010,16354,3288364,0,6,1,31744,42,8225954992
205,3275186,105404,3380590,0,1,0,46080,36,10049701887
206,3315625,76296,3391921,0,8,1,97792,3,4477260911
207,3322786,75856,3398642,0,8,1,24064,3,8194895316
208,3411745,43904,3455649,0,4,0,512,44,3223395644
209,3453532,104000,3557532,0,7,0,41472,33,10327806343
210,3465311,43904,3509215,0,4,0,512,44,4906899480
211,3467730,43904,3511634,0,9,0,512,32,6623517715
212,3485022,149040,3634062,0,8,0,22016,3,6750935279
213,3485946,94151,3580097,0,8,0,22528,3,6816867874
214,3508813,3898,3512711,0,9,1,4096,32,4535476343
215,3527254,43904,3571158,0,0,0,512,17,6436685207
216,3543894,566,3544460,0,6,1,512,42,8333101746
217,3553577,566,3554143,0,4,1,512,44,3696170871
218,3558930,7230,3566160,0,6,1,7680,42,8683574160
219,3562581,97760,3660341,0,8,0,20992,3,636754330
220,3565006,43904,3608910,0,9,0,512,32,4263090819
221,3572904,43975,3616879,0,8,1,72192,3,2848068514
222,3577181,1042,3578223,0,9,1,1024,32,7681543215
223,3585428,138808,3724236,0,8,0,1536,3,2724948652
224,3589848,113828,3703676,0,3,0,73728,11,5275165759
225,3600103,82820,3682923,0,1,0,12288,36,1960698752
226,3601116,57440,3658556,0,1,0,4608,36,8562377244
227,3607792,69440,3677232,0,5,0,8704,19,7871404700
228,3616066,1994,3618060,0,9,1,2048,32,2673358656
229,3674726,55748,3730474,0,7,0,4096,33,1530210671
230,3678536,54368,3732904,0,4,0,4608,44,152569017
231,3693263,43904,3737167,0,9,0,512,32,5310222443
232,3693370,1042,3694412,0,9,1,1024,32,9788707696
233,3711573,3128,3714701,0,9,1,9216,32,6096740142
234,3739330,101660,3840990,0,8,0,33792,3,9832525712
235,3759949,7706,3767655,0,9,1,8192,32,6857804500
236,3766835,15579,3782414,0,6,1,30208,42,1485038516
237,3768803,147889,3916692,0,8,0,54272,3,1587739752
238,3784953,124904,3909857,0,3,0,110080,11,8947999063
239,3788021,24412,3812433,0,6,1,44032,42,9198831944
240,3831541,14895,3846436,0,8,1,13824,3,4628441090
241,3850045,43904,3893949,0,0,0,512,17,6748362865
242,3863794,124280,3988074,0,5,0,108032,19,1266680049
243,3867676,1518,3869194,0,0,1,1536,17,8474067203
244,3883178,108031,3991209,0,5,0,10240,19,6281937353
245,3895035,43904,3938939,0,9,0,512,32,5792898374
246,3931040,2946,3933986,0,9,1,3072,32,4711548841
247,3936138,13600,3949738,0,8,1,23040,3,5186050533
248,3937576,47288,3984864,0,0,0,1536,17,2997557026
249,3947743,129299,4077042,0,5,0,100352,19,6070722456
250,3956947,45954,4002901,0,8,1,79360,3,9667478540
251,3978305,101972,4080277,0,3,0,34816,11,2292766099
252,3982161,566,3982727,0,4,1,512,44,3169124073
253,3998897,23983,4022880,0,8,1,39936,3,6411541388
254,4006283,146779,4153062,0,5,0,50176,19,10179301989
255,4006909,46379,4053288,0,8,1,68608,3,612971417
256,4039877,4420,4044297,0,6,1,11776,42,797291992
257,4042562,4162,4046724,0,4,1,11264,44,10482428679
258,4057490,43904,4101394,0,0,0,512,17,7609124996
259,4063934,67592,4131526,0,3,0,7680,11,3062963467
260,4065185,43904,4109089,0,4,0,512,44,10367587643
261,4084024,136004,4220028,0,5,0,41984,19,1393460638
262,4088661,102440,4191101,0,7,0,36352,33,6581160874
263,4090097,47444,4137541,0,9,0,2048,32,2890936060
264,4144864,65900,4210764,0,1,0,7168,36,10148970365
265,4147233,45596,4192829,0,3,0,1024,11,3599443377
266,4147425,44145,4191570,0,6,1,75776,42,8018865315
267,4158196,79616,4237812,0,1,0,16896,36,1919977515
268,4166694,65900,4232594,0,7,0,7168,33,3018834691
269,4181338,566,4181904,0,9,1,512,32,3141524393
270,4195562,42941,4238503,0,8,1,70144,3,8550911271
271,4196272,92016,4288288,0,6,1,148992,42,8951394154
272,4197643,1042,4198685,0,9,1,1024,32,7215179296
273,4234335,74639,4308974,0,6,1,66048,42,3268327916
274,4242188,66524,4308712,0,8,0,9216,3,6434467311
275,4270831,63962,4334793,0,6,1,82432,42,2965155665
276,4277150,2946,4280096,0,8,1,3072,3,8824651305
277,4284401,566,4284967,0,9,1,512,32,1748040003
278,4316016,1042,4317058,0,4,1,1024,44,4209074737
279,4321984,76052,4398036,0,7,0,10240,33,3624705994
280,4336622,47288,4383910,0,0,0,1536,17,9643486940
281,4341091,24154,4365245,0,6,1,43520,42,6982339432
282,4342778,55748,4398526,0,1,0,4096,36,8747744513
283,4344147,10499,4354646,0,9,1,16896,32,1108234849
284,4365558,82820,4448378,0,5,0,12288,19,3769661797
285,4419457,5196,4424653,0,9,1,13312,32,6174664398
286,4419542,8394,4427936,0,9,1,4608,32,10040690065
287,4439025,47288,4486313,0,0,0,1536,17,8767193156
288,4467299,59132,4526431,0,4,0,5120,44,1377360307
289,4491861,45752,4537613,0,9,0,1536,32,2470118493
290,4499802,81752,4581554,0,5,0,13824,19,3671926344
291,4501093,73604,4574697,0,7,0,12288,33,6371417879
292,4525414,100724,4626138,0,3,0,30720,11,5575982676
293,4533219,1518,4534737,0,4,1,1536,44,1657310619
294,4566070,6278,4572348,0,4,1,6656,44,3478380679
295,4583225,45596,4628821,0,9,0,1024,32,9070391545
296,4597360,83714,4681074,0,5,0,46592,19,9985793869
297,4602963,1042,4604005,0,4,1,1024,44,3427831496
298,4619952,3898,4623850,0,9,1,4096,32,7589925133
299,4628954,2870,4631824,0,4,1,8704,44,6324941893
300,4641937,94674,4736611,0,4,0,13312,44,8342479687
301,4659440,3422,4662862,0,9,1,3584,32,9118257449
302,4712005,98540,4810545,0,5,0,23552,19,7818288438
303,4718908,2870,4721778,0,4,1,8704,44,6679900831
304,4741528,179825,4921353,0,5,0,87552,19,7771044431
305,4744975,43904,4788879,0,0,0,512,17,728329618
306,4783959,129428,4913387,0,8,0,124928,3,3070016136
307,4792035,12566,4804601,0,4,1,20992,44,4602173970
308,4805791,2470,4808261,0,4,1,2560,44,5057324770
309,4823174,566,4823740,0,4,1,512,44,6959494507
310,4830551,97604,4928155,0,7,0,20480,33,8096876727
311,4846254,128309,4974563,0,8,0,20992,3,2832319321
312,4848733,13512,4862245,0,8,1,26112,3,4583072470
313,4853656,12825,4866481,0,6,1,21504,42,6129251991
314,4864431,1518,4865949,0,9,1,1536,32,204666321
315,4872616,1994,4874610,0,4,1,2048,44,5966842051
316,4879781,566,4880347,0,4,1,512,44,2347521235
317,4879828,131775,5011603,0,7,0,14848,33,7450239169
318,4889027,138236,5027263,0,7,0,46080,33,5180181481
319,4898291,2470,4900761,0,4,1,2560,44,764681087
320,4941170,10241,4951411,0,6,1,16384,42,1510586260
321,4953776,175253,5129029,0,6,1,287744,42,3243797587
322,4957392,34367,4991759,0,8,1,56832,3,5743982477
323,4960079,170256,5130335,0,6,1,2048,42,4056403892
324,4987513,1042,4988555,0,4,1,1024,44,10258141546
325,4990788,4420,4995208,0,8,1,11776,3,10027114921
326,5074384,102440,5176824,0,5,0,36352,19,3275422471
327,5189896,14804,5204700,0,6,1,28672,42,186213265
328,5192425,3898,5196323,0,4,1,4096,44,7779368429
329,5193030,167636,5360666,0,7,0,149504,33,8516480748
330,5204849,104000,5308849,0,3,0,41472,11,576293602
331,5210961,47288,5258249,0,0,0,1536,17,4245689129
332,5221910,10241,5232151,0,4,1,16384,44,5516485338
333,5238850,151048,5389898,0,7,0,46592,33,7647773284
334,5263185,13770,5276955,0,8,1,26624,3,8976948411
335,5283489,105127,5388616,0,3,0,33792,11,5845673855
336,5293365,566,5293931,0,8,1,512,3,23626776
337,5303591,74714,5378305,0,3,0,13824,11,10557736271
338,5306242,50672,5356914,0,8,0,2560,3,4740992311
339,5360326,32816,5393142,0,6,1,53760,42,5966009042
340,5399530,5454,5404984,0,2,1,13824,23,8178503539
341,5413449,72541,5485990,0,6,1,117760,42,7128386561
342,5416318,2470,5418788,0,2,1,2560,23,5239336004
343,5431379,50672,5482051,0,1,0,2560,36,342497078
344,5448822,105248,5554070,0,8,0,45568,3,135690741
345,5463659,112424,5576083,0,3,0,69120,11,2486130411
346,5516645,121874,5638519,0,6,1,197120,42,3253831190
347,5617059,5802,5622861,0,4,1,6144,44,8761254906
348,5620998,6754,5627752,0,4,1,7168,44,6128598881
349,5632831,78080,5710911,0,8,0,16896,3,3859389035
350,5698391,115338,5813729,0,4,0,5632,44,10482351470
351,5711658,41132,5752790,0,6,1,66560,42,6187791603
352,5728398,33591,5761989,0,8,1,55296,3,3520811679
353,5748277,45596,5793873,0,0,0,1024,17,3356734767
354,5749158,6754,5755912,0,4,1,7168,44,7919317100
355,5752978,108836,5861814,0,4,0,57344,44,5631266202
356,5757044,3422,5760466,0,2,1,3584,23,6637790731
357,5762771,268600,6031371,0,8,0,148480,3,10004334164
358,5770151,43904,5814055,0,9,0,512,32,4131648889
359,5787384,43904,5831288,0,0,0,512,17,1645902663
360,5809747,35312,5845059,0,8,1,61952,3,1103434785
361,5830216,566,5830782,0,0,1,512,17,7308040299
362,5843284,80060,5923344,0,1,0,13312,36,7263332601
363,5897453,133148,6030601,0,1,0,132096,36,9048933627
364,5905452,12308,5917760,0,8,1,20480,3,2275207015
365,5915804,45596,5961400,0,0,0,1024,17,5986878637
366,5923156,78680,6001836,0,3,0,13824,11,1020917306
367,5953107,1042,5954149,0,4,1,1024,44,4633625829
368,5953438,162099,6115537,0,1,0,116224,36,6386399864
369,6016761,566,6017327,0,4,1,512,44,4413917057
370,6021722,105716,6127438,0,3,0,47104,11,7847292124
371,6043834,566,6044400,0,2,1,512,23,2527208643
372,6046855,1994,6048849,0,4,1,2048,44,9546305642
373,6090320,1518,6091838,0,2,1,1536,23,4691364756
374,6107533,43904,6151437,0,0,0,512,17,8196771628
375,6114210,566,6114776,0,4,1,512,44,6494561868
376,6138040,64654,6202694,0,6,1,109056,42,9277630174
377,6140406,68599,6209005,0,6,1,22016,42,4493472662
378,6162909,5454,6168363,0,4,1,13824,44,7692946617
379,6177893,2470,6180363,0,2,1,2560,23,4599245418
380,6179597,1042,6180639,0,4,1,1024,44,3956908771
381,6188792,52364,6241156,0,4,0,3072,44,10110010128
382,6192625,219593,6412218,0,4,0,79360,44,6117044417
383,6221401,50672,6272073,0,9,0,2560,32,8442338154
384,6233524,6754,6240278,0,6,1,7168,42,5374616158
385,6236722,1518,6238240,0,2,1,1536,23,2338892469
386,6260106,2470,6262576,0,4,1,2560,44,8091456220
387,6282771,7230,6290001,0,2,1,7680,23,1403967398
388,6316294,43904,6360198,0,0,0,512,17,7408362913
389,6319501,4937,6324438,0,9,1,12800,32,343003387
390,6320204,105560,6425764,0,1,0,46592,36,5940116813
391,6365272,43904,6409176,0,9,0,512,32,3457462241
392,6391193,43904,6435097,0,0,0,512,17,7094274894
393,6399451,10757,6410208,0,9,1,17408,32,9139959198
394,6410555,116636,6527191,0,1,0,82944,36,8303103060
395,6444267,78704,6522971,0,4,0,18944,44,9835753835
396,6492961,7230,6500191,0,9,1,7680,32,6229017313
397,6525032,566,6525598,0,9,1,512,32,308378944
398,6530490,4679,6535169,0,8,1,12288,3,4794399032
399,6564249,67592,6631841,0,3,0,7680,11,6688355394
400,6579479,47288,6626767,0,0,0,1536,17,1862734965
401,6593674,43904,6637578,0,9,0,512,32,2002516052
402,6607588,20882,6628470,0,3,1,33792,11,3737417610
403,6612764,132715,6745479,0,8,0,33792,3,3415990289
404,6636412,1994,6638406,0,6,1,2048,42,3173548055
405,6663652,76052,6739704,0,1,0,10240,36,9562897310
406,6675956,170029,6845985,0,8,0,135680,3,7179783021
407,6683423,45752,6729175,0,9,0,1536,32,2508471038
408,6714782,16613,6731395,0,3,1,32256,11,10371138851
409,6752394,10499,6762893,0,6,1,16896,42,750733808
410,6768396,1042,6769438,0,9,1,1024,32,6538599952
411,6772906,145807,6918713,0,3,0,6656,11,4787271548
412,6783923,3422,6787345,0,4,1,3584,44,7783430091
413,6825413,12308,6837721,0,3,1,20480,11,6572881631
414,6866621,72848,6939469,0,4,0,14848,44,9303462320
415,7024103,3387,7027490,0,9,1,9728,32,5020569623
416,7065604,1994,7067598,0,9,1,2048,32,8738870011
417,7072035,5196,7077231,0,9,1,13312,32,1197578783
418,7076693,112736,7189429,0,3,0,70144,11,5211709568
419,7083328,566,7083894,0,9,1,512,32,8447813241
420,7090002,3422,7093424,0,0,1,3584,17,6539566837
421,7097620,3387,7101007,0,0,1,9728,17,5176010483
422,7104268,45954,7150222,0,3,1,79360,11,6782674417
423,7113383,42740,7156123,0,3,1,19968,11,796216481
424,7119638,3422,7123060,0,6,1,3584,42,9039206813
425,7140363,112580,7252943,0,1,0,69632,36,2627011522
426,7145357,153930,7299287,0,1,0,60416,36,10337105118
427,7210781,43904,7254685,0,0,0,512,17,801940633
428,7253567,5454,7259021,0,3,1,13824,11,5209231157
429,7266419,5326,7271745,0,0,1,5632,17,4535221389
430,7290620,15837,7306457,0,8,1,30720,3,9459122950
431,7291402,31007,7322409,0,6,1,50176,42,5316643300
432,7339913,44492,7384405,0,3,1,73216,11,2645061184
433,7354720,174750,7529470,0,3,0,86528,11,10573563014
434,7356471,12566,7369037,0,6,1,20992,42,4495285052
435,7362913,44236,7407149,0,6,1,72704,42,8166763628
436,7389088,41132,7430220,0,6,1,66560,42,1397928264
437,7394100,130079,7524179,0,6,1,189952,42,2884300801
438,7413247,4850,7418097,0,9,1,5120,32,1184521653
439,7422389,43904,7466293,0,0,0,512,17,5891732287
440,7451292,50984,7502276,0,1,0,3584,36,2307572058
441,7482732,111332,7594064,0,4,0,65536,44,891880440
442,7490227,5712,7495939,0,3,1,14336,11,4628283848
443,7501435,4850,7506285,0,9,1,5120,32,2541464195
444,7506977,5971,7512948,0,8,1,14848,3,7490359843
445,7543863,50984,7594847,0,9,0,3584,32,8422231351
446,7553922,59132,7613054,0,8,0,5120,3,7591443251
447,7563775,43904,7607679,0,0,0,512,17,5433634431
448,7581865,11016,7592881,0,0,1,17920,17,10675302208
449,7582292,13495,7595787,0,0,1,4608,17,4590962524
450,7593284,96396,7689680,0,4,0,24064,44,166869186
451,7602105,23895,7626000,0,3,1,43008,11,8257555798
452,7625453,1042,7626495,0,6,1,1024,42,5392640481
453,7647395,21916,7669311,0,8,1,35840,3,5308571713
454,7802701,43904,7846605,0,9,0,512,32,825682862
455,7851259,4162,7855421,0,4,1,11264,44,1971171937
456,7862125,3422,7865547,0,0,1,3584,17,9371150710
457,7890018,3387,7893405,0,9,1,9728,32,7279020920
458,7898620,1042,7899662,0,0,1,1024,17,2024032214
459,7899606,2961,7902567,0,0,1,3072,17,9411164937
460,7923166,566,7923732,0,0,1,512,17,2883021069
461,7929759,80060,8009819,0,4,0,13312,44,8351773592
462,7934927,43904,7978831,0,9,0,512,32,9789814158
463,7955109,71132,8026241,0,8,0,9216,3,1921130607
464,7972476,76052,8048528,0,3,0,10240,11,5329058019
465,7991820,43904,8035724,0,9,0,512,32,840520357
466,8002886,1518,8004404,0,6,1,1536,42,4866191703
467,8076522,1994,8078516,0,6,1,2048,42,5295986876
468,8087683,1518,8089201,0,2,1,1536,23,3487946643
469,8151849,104780,8256629,0,4,0,44032,44,4129403098
470,8163713,43904,8207617,0,9,0,512,32,3902885284
471,8190346,6229,8196575,0,6,1,15360,42,6068666549
472,8190753,48980,8239733,0,0,0,2048,17,395381513
473,8193363,119852,8313215,0,4,0,16896,44,8934312671
474,8247550,6278,8253828,0,0,1,6656,17,1163843747
475,8263229,1042,8264271,0,2,1,1024,23,6793118291
476,8275299,101972,8377271,0,3,0,34816,11,569247007
477,8276661,6754,8283415,0,0,1,7168,17,6911994491
478,8296259,48980,8345239,0,0,0,2048,17,3896616676
479,8344925,2470,8347395,0,2,1,2560,23,3411636195
480,8385189,1994,8387183,0,6,1,2048,42,3754303199
481,8391312,114140,8505452,0,1,0,74752,36,3963896795
482,8454861,45596,8500457,0,9,0,1024,32,369739847
483,8463623,105716,8569339,0,3,0,47104,11,9225857072
484,8476549,106028,8582577,0,8,0,48128,3,5738007181
485,8516587,1518,8518105,0,2,1,1536,23,5453072352
486,8543693,5326,8549019,0,9,1,5632,32,5405150178
487,8559636,165619,8725255,0,3,0,141312,11,2622197361
488,8578479,4850,8583329,0,9,1,5120,32,8069604317
489,8662786,112736,8775522,0,4,0,70144,44,8905701102
490,8663623,43904,8707527,0,0,0,512,17,2130287775
491,8667598,7230,8674828,0,6,1,7680,42,3566873681
492,8671929,53341,8725270,0,3,1,24576,11,6369678630
493,8740939,106964,8847903,0,1,0,51200,36,5904415108
494,8751476,100568,8852044,0,8,0,30208,3,2005704782
495,8768517,5326,8773843,0,6,1,5632,42,518696723
496,8784199,103844,8888043,0,4,0,40960,44,1662632447
497,8791150,4420,8795570,0,2,1,11776,23,7876067794
498,8813212,116183,8929395,0,4,0,33280,44,9503784543
499,8828236,107120,8935356,0,3,0,51712,11,5930791924
500,8855467,107276,8962743,0,1,0,52224,36,1412104986
501,8901599,4162,8905761,0,6,1,11264,42,6491272128
502,8937637,128648,9066285,0,3,0,122368,11,2018327855
503,8996758,3387,9000145,0,9,1,9728,32,9174114149
504,8997356,2946,9000302,0,2,1,3072,23,3072385245
505,9021083,120536,9141619,0,1,0,95744,36,7342216819
506,9091477,114764,9206241,0,4,0,76800,44,2907921311
507,9100776,123727,9224503,0,1,0,68096,36,6757987097
508,9116917,147866,9264783,0,4,0,40960,44,7150986234
509,9117241,177062,9294303,0,8,1,291328,3,209985644
510,9146582,231305,9377887,0,8,0,14848,3,2164260115
511,9169627,48980,9218607,0,0,0,2048,17,6770922452
512,9181320,144836,9326156,0,3,0,135168,11,6172048609
513,9218002,44501,9262503,0,0,0,512,17,45349638
514,9237788,125528,9363316,0,4,0,112128,44,3160994826
515,9244882,43904,9288786,0,9,0,512,32,7447607409
516,9253279,45596,9298875,0,9,0,1024,32,5758511008
517,9274867,566,9275433,0,9,1,512,32,9725199678
518,9275561,2946,9278507,0,7,1,3072,33,9525175593
519,9310062,112892,9422954,0,1,0,70656,36,1408965858
520,9398013,45596,9443609,0,9,0,1024,32,6692764600
521,9429260,43904,9473164,0,0,0,512,17,128719225
522,9442938,55748,9498686,0,4,0,4096,44,9642782411
523,9452295,69284,9521579,0,4,0,8192,44,2353879592
524,9480715,117416,9598131,0,1,0,85504,36,740935237
525,9489634,115856,9605490,0,3,0,80384,11,7668027162
526,9568817,3128,9571945,0,9,1,9216,32,3460402482
527,9651993,47288,9699281,0,9,0,1536,32,1149155868
528,9655492,66080,9721572,0,1,0,12800,36,696477044
529,9661039,83000,9744039,0,3,0,17920,11,5771851154
530,9682745,101660,9784405,0,8,0,33792,3,5990261166
531,9738677,2870,9741547,0,0,1,8704,17,7945144495
532,9779073,566,9779639,0,9,1,512,32,4008451776
533,9835755,1518,9837273,0,1,1,1536,36,7257023689
534,9846735,43904,9890639,0,9,0,512,32,9659985186
535,9852476,50672,9903148,0,9,0,2560,32,2118954229
536,9877060,98564,9975624,0,4,0,28672,44,5136968869
537,9915466,100568,10016034,0,3,0,30208,11,7210185660
538,9925965,11791,9937756,0,9,1,19456,32,605526246
539,9937868,6488,9944356,0,1,1,15872,36,860729704
540,9943523,50672,9994195,0,4,0,2560,44,6135737974
541,9951224,96092,10047316,0,8,0,25600,3,4247040362
542,9954686,6278,9960964,0,4,1,6656,44,927315373
543,9957880,4390,9962270,0,4,1,2048,44,5009921921
544,9959629,43904,10003533,0,9,0,512,32,10360896674
545,9960726,3422,9964148,0,1,1,3584,36,10294221359
546,10001322,44060,10045382,0,9,0,1024,32,2192603358
547,10007606,43904,10051510,0,9,0,512,32,8384573645
548,10010817,2470,10013287,0,9,1,2560,32,4098666883
549,10018892,43904,10062796,0,0,0,512,17,9712636432
550,10038951,138068,10177019,0,4,0,133120,44,7754355333
551,10061437,102440,10163877,0,8,0,36352,3,1642963276
552,10070927,50672,10121599,0,0,0,2560,17,2943805803
553,10089297,2946,10092243,0,1,1,3072,36,3172490367
554,10093182,6278,10099460,0,2,1,6656,23,4539439112
555,10136937,43904,10180841,0,9,0,512,32,9941934923
556,10185649,3422,10189071,0,1,1,3584,36,3276918064
557,10191868,43904,10235772,0,0,0,512,17,4472973975
558,10195488,2870,10198358,0,9,1,8704,32,6816706099
559,10196784,53066,10249850,0,3,1,86528,11,10314049256
560,10218703,2946,10221649,0,0,1,3072,17,8141653739
561,10250912,120453,10371365,0,3,0,24064,11,2576374776
562,10268354,1518,10269872,0,4,1,1536,44,10089260845
563,10279001,2946,10281947,0,1,1,3072,36,7416301643
564,10364613,1042,10365655,0,1,1,1024,36,1320711279
565,10376363,74360,10450723,0,8,0,9728,3,7768690410
566,10382833,2870,10385703,0,4,1,8704,44,9972434118
567,10385873,43904,10429777,0,0,0,512,17,6467876572
568,10393598,108992,10502590,0,3,0,57856,11,2530329807
569,10407092,66212,10473304,0,4,0,8192,44,7892871663
570,10415871,45372,10461243,0,0,0,512,17,7266085929
571,10417168,43904,10461072,0,0,0,512,17,1965115413
572,10422580,6488,10429068,0,9,1,15872,32,2585805234
573,10423067,79538,10502605,0,3,1,108032,11,2120246037
574,10461927,1994,10463921,0,9,1,2048,32,5658449315
575,10465023,37597,10502620,0,3,1,5632,11,10407780767
576,10497986,93440,10591426,0,1,0,16896,36,3172934748
577,10501120,5326,10506446,0,0,1,5632,17,7615688554
578,10523256,3128,10526384,0,9,1,9216,32,9700231383
579,10550340,3904,10554244,0,4,1,10752,44,8432686368
580,10561755,2946,10564701,0,9,1,3072,32,5904796168
581,10604748,6754,10611502,0,1,1,7168,36,141330163
582,10614491,48980,10663471,0,4,0,2048,44,8919970640
583,10636436,3422,10639858,0,9,1,3584,32,4930889845
584,10657028,68060,10725088,0,3,0,9216,11,5337582927
585,10726559,117502,10844061,0,1,0,83456,36,443980442
586,10734152,10757,10744909,0,4,1,17408,44,777498484
587,10774243,55748,10829991,0,3,0,4096,11,8967032808
588,10813266,119912,10933178,0,8,0,93696,3,6641583538
589,10831153,16545,10847698,0,1,1,10240,36,3759471404
590,10849368,3422,10852790,0,0,1,3584,17,10281468144
591,10856775,181651,11038426,0,1,0,94208,36,4663015506
592,10859072,3645,10862717,0,1,1,10240,36,169892046
593,10860718,6278,10866996,0,2,1,6656,23,10610221466
594,10923345,49292,10972637,0,3,0,3072,11,7923093563
595,10939196,7706,10946902,0,1,1,8192,36,6067001342
596,10940065,566,10940631,0,9,1,512,32,9675477000
597,10988214,116437,11104651,0,1,0,81408,36,1368400300
598,10990370,54056,11044426,0,9,0,3584,32,2335120810
599,10997670,47288,11044958,0,9,0,1536,32,6161029384
600,11012211,28677,11040888,0,1,1,2560,36,4523428543
601,11068789,74610,11143399,0,1,0,9728,36,3767567096
602,11120868,5802,11126670,0,4,1,6144,44,8805783451
603,11169039,1994,11171033,0,1,1,2048,36,4588335824
604,11169852,5326,11175178,0,9,1,5632,32,225239179
605,11242721,3128,11245849,0,0,1,9216,17,7940068807
606,11243866,1518,11245384,0,1,1,1536,36,10627253386
607,11251033,52364,11303397,0,4,0,3072,44,3248323941
608,11259868,189203,11449071,0,3,0,41984,11,8611900057
609,11267595,6754,11274349,0,4,1,7168,44,4576094148
610,11274534,161730,11436264,0,3,0,117760,11,513196808
611,11281721,3898,11285619,0,9,1,4096,32,5491963892
612,11310002,47288,11357290,0,9,0,1536,32,6788350727
613,11325424,5802,11331226,0,1,1,6144,36,2329263541
614,11350930,2470,11353400,0,0,1,2560,17,2513690449
615,11353757,96092,11449849,0,4,0,25600,44,8032797320
616,11355577,61891,11417468,0,0,0,512,17,1802056747
617,11363596,1518,11365114,0,0,1,1536,17,4946290790
618,11381209,4162,11385371,0,4,1,11264,44,2589124154
619,11407908,5326,11413234,0,1,1,5632,36,4532532200
620,11418315,5326,11423641,0,9,1,5632,32,9096028727
621,11445537,1518,11447055,0,2,1,1536,23,4545076313
622,11465226,116792,11582018,0,8,0,83456,3,1814857127
623,11465902,47288,11513190,0,9,0,1536,32,8116251651
624,11482220,1518,11483738,0,4,1,1536,44,9539213794
625,11491113,90920,11582033,0,8,1,111104,3,3398878870
626,11514358,10757,11525115,0,1,1,17408,36,1319822724
627,11595013,1042,11596055,0,4,1,1024,44,7546860005
628,11601295,10241,11611536,0,4,1,16384,44,4009699274
629,11611078,45596,11656674,0,0,0,1024,17,3465588467
630,11633221,173913,11807134,0,4,0,55808,44,2234057671
631,11643849,66056,11709905,0,8,0,7680,3,4781033648
632,11647969,45596,11693565,0,1,0,1024,36,2695108136
633,11658354,119910,11778264,0,8,0,84992,3,10267637944
634,11667383,45596,11712979,0,9,0,1024,32,1745753457
635,11672254,105248,11777502,0,1,0,45568,36,2393374218
636,11708507,43904,11752411,0,0,0,512,17,6020715701
637,11770564,7706,11778270,0,4,1,8192,44,6203610143
638,11780060,136141,11916201,0,4,0,88064,44,2903611658
639,11780468,1042,11781510,0,2,1,1024,23,4551758079
640,11789221,109148,11898369,0,3,0,58368,11,7425996671
641,11789801,17348,11807149,0,4,1,1024,44,2171532026
642,11800869,6754,11807623,0,2,1,7168,23,280194549
643,11839089,2946,11842035,0,2,1,3072,23,5855269261
644,11851197,4374,11855571,0,0,1,4608,17,3511049549
645,11869360,1042,11870402,0,0,1,1024,17,6736721461
646,11902260,566,11902826,0,9,1,512,32,527861535
647,11904093,5196,11909289,0,9,1,13312,32,2826376458
648,11964134,4850,11968984,0,4,1,5120,44,2362433462
649,11979552,7706,11987258,0,0,1,8192,17,3126223792
650,12005914,5326,12011240,0,2,1,5632,23,2824101985
651,12012161,6278,12018439,0,9,1,6656,32,5689033843
652,12020728,566,12021294,0,0,1,512,17,6683377392
653,12058608,108680,12167288,0,8,0,56832,3,7014405540
654,12072671,7706,12080377,0,2,1,8192,23,2699019941
655,12073888,1042,12074930,0,9,1,1024,32,6748484466
656,12074078,10165,12084243,0,2,1,6144,23,2334373954
657,12092243,4374,12096617,0,1,1,4608,36,6299450725
658,12144454,3898,12148352,0,9,1,4096,32,9995793422
659,12199611,168836,12368447,0,3,0,143360,11,9581093798
660,12242533,132516,12375049,0,3,1,214528,11,1041394755
661,12256598,45596,12302194,0,9,0,1024,32,9434283733
662,12272457,78392,12350849,0,1,0,17920,36,8220718376
663,12302280,74075,12376355,0,3,1,2048,11,9408216556
664,12305609,6754,12312363,0,9,1,7168,32,4916794913
665,12316079,1518,12317597,0,1,1,1536,36,2135367514
666,12341337,3645,12344982,0,4,1,10240,44,8201782891
667,12356001,91748,12447749,0,4,0,16384,44,9958810431
668,12386022,144737,12530759,0,4,0,55808,44,3511494620
669,12400249,84475,12484724,0,3,1,137728,11,10596050670
670,12430785,60250,12491035,0,3,1,22016,11,5936078254
671,12436725,115544,12552269,0,1,0,79360,36,727069180
672,12460880,1042,12461922,0,9,1,1024,32,7637624428
673,12486446,5454,12491900,0,9,1,13824,32,4018635938
674,12540404,20366,12560770,0,3,1,32768,11,4775250462
675,12544361,29196,12573557,0,3,1,41472,11,1426343873
676,12572044,43904,12615948,0,9,0,512,32,2834610975
677,12608187,105872,12714059,0,8,0,47616,3,10278201392
678,12619196,4374,12623570,0,9,1,4608,32,5759917242
679,12641290,76619,12717909,0,3,0,8192,11,8637176696
680,12645905,145236,12791141,0,8,0,67584,3,10279597569
681,12661387,4850,12666237,0,4,1,5120,44,2334881135
682,12673196,2470,12675666,0,0,1,2560,17,1888075690
683,12677626,3898,12681524,0,4,1,4096,44,6528670730
684,12699425,3898,12703323,0,9,1,4096,32,6033616712
685,12710428,5802,12716230,0,0,1,6144,17,8723119049
686,12736609,33075,12769684,0,4,1,54272,44,3445021004
687,12738661,13600,12752261,0,3,1,23040,11,8139328963
688,12773413,117377,12890790,0,4,0,29696,44,5876348309
689,12802405,41132,12843537,0,3,1,66560,11,6008391228
690,12867399,7230,12874629,0,1,1,7680,36,8929223545
691,12901517,566,12902083,0,1,1,512,36,10009470953
692,12903870,3422,12907292,0,9,1,3584,32,4373504602
693,12911900,5802,12917702,0,9,1,6144,32,6475122409
694,12946820,3422,12950242,0,4,1,3584,44,6470662610
695,12977751,6754,12984505,0,0,1,7168,17,10233162301
696,12983235,76676,13059911,0,4,0,12288,44,4984113242
697,13024274,52951,13077225,0,9,0,512,32,6318790369
698,13038243,3898,13042141,0,0,1,4096,17,689012343
699,13038929,57908,13096837,0,3,0,6144,11,757660311
700,13070760,10241,13081001,0,6,1,16384,42,4380483106
701,13077705,43904,13121609,0,8,0,512,3,5520655932
702,13104240,3422,13107662,0,8,1,3584,3,10694377427
703,13109337,64232,13173569,0,1,0,11776,36,2434003955
704,13125450,41391,13166841,0,8,1,67072,3,10021424789
705,13131696,79071,13210767,0,8,0,8704,3,332548956
706,13134204,44491,13178695,0,8,1,48640,3,6396266532
707,13161417,45596,13207013,0,4,0,1024,44,8538603870
708,13203901,2470,13206371,0,0,1,2560,17,9625772553
709,13229455,43904,13273359,0,9,0,512,32,4752187119
710,13249040,215650,13464690,0,8,0,12288,3,10682813183
711,13259537,566,13260103,0,9,1,512,32,2881488797
712,13312511,178741,13491252,0,8,0,50176,3,1487063376
713,13315138,125481,13440619,0,8,0,39936,3,1366534768
714,13333317,65612,13398929,0,4,0,11264,44,10033807634
715,13341419,102440,13443859,0,3,0,36352,11,7355278937
716,13370224,142473,13512697,0,3,0,34304,11,3411662656
717,13390847,49787,13440634,0,8,1,75264,3,8110425399
718,13409239,1042,13410281,0,6,1,1024,42,9696226706
719,13429303,7230,13436533,0,0,1,7680,17,8593812271
720,13439326,79928,13519254,0,4,0,17920,44,9293223758
721,13472992,83600,13556592,0,4,0,14848,44,10028211715
722,13487993,47288,13535281,0,9,0,1536,32,198963424
723,13497378,3898,13501276,0,4,1,4096,44,6467955552
724,13503380,5712,13509092,0,6,1,14336,42,2041302194
725,13539907,69284,13609191,0,3,0,8192,11,9968733149
726,13584312,111020,13695332,0,8,0,64512,3,9315539998
727,13601873,1042,13602915,0,0,1,1024,17,4894635466
728,13611865,4374,13616239,0,6,1,4608,42,9011308800
729,13622911,4374,13627285,0,0,1,4608,17,934737592
730,13664087,112725,13776812,0,8,0,32256,3,4272940048
731,13692493,26726,13719219,0,8,1,43008,3,8504800455
732,13708594,5802,13714396,0,0,1,6144,17,8872480828
733,13711584,1042,13712626,0,6,1,1024,42,7203808359
734,13721483,15579,13737062,0,8,1,30208,3,7460526429
735,13746301,86516,13832817,0,3,0,14336,11,6826959771
736,13762007,103993,13866000,0,8,0,2048,3,5696687773
737,13763117,1042,13764159,0,0,1,1024,17,3633086607
738,13789754,72668,13862422,0,8,0,9216,3,4174659107
739,13803779,91484,13895263,0,4,0,25600,44,3085356392
740,13863832,53753,13917585,0,8,1,91136,3,4881061294
741,13896221,62540,13958761,0,4,0,11264,44,2812977972
742,13912271,2946,13915217,0,6,1,3072,42,1249319788
743,13922775,43904,13966679,0,9,0,512,32,5909837456
744,13930420,2870,13933290,0,6,1,8704,42,3762357438
745,13978911,109772,14088683,0,4,0,60416,44,9112405108
746,13983910,109928,14093838,0,3,0,60928,11,2247343535
747,14019055,198236,14217291,0,1,0,189440,36,8568800749
748,14038711,7230,14045941,0,6,1,7680,42,3171526980
749,14060848,115867,14176715,0,4,0,49664,44,6836988514
750,14107359,2946,14110305,0,0,1,3072,17,8588513711
751,14126310,98072,14224382,0,8,0,22016,3,4522537816
752,14184955,2470,14187425,0,4,1,2560,44,7836708271
753,14190169,23466,14213635,0,0,1,38912,17,7506773046
754,14212732,1042,14213774,0,4,1,1024,44,2956264842
755,14226750,2470,14229220,0,4,1,2560,44,7799728917
756,14233054,566,14233620,0,4,1,512,44,4388441078
757,14255846,12566,14268412,0,6,1,20992,42,3203719051
758,14278133,2470,14280603,0,0,1,2560,17,8887987804
759,14368492,62516,14431008,0,3,0,6144,11,3244614111
760,14384387,101816,14486203,0,4,0,34304,44,9287677760
761,14495899,45752,14541651,0,8,0,1536,3,3322176606
762,14524123,566,14524689,0,7,1,512,33,968117900
763,14582119,3422,14585541,0,7,1,3584,33,7727742359
764,14595896,4374,14600270,0,0,1,4608,17,2640892236
765,14661283,3645,14664928,0,6,1,10240,42,1030849724
766,14706371,5196,14711567,0,6,1,13312,42,6158375479
767,14732950,100724,14833674,0,4,0,30720,44,4941759209
768,14774036,1994,14776030,0,4,1,2048,44,5291855374
769,14785697,66368,14852065,0,3,0,8704,11,5433794299
770,14795446,103844,14899290,0,7,0,40960,33,3451226714
771,14885577,4850,14890427,0,4,1,5120,44,2873734633
772,14907534,120068,15027602,0,3,0,94208,11,10351451755
773,14909462,3904,14913366,0,7,1,10752,33,1365699738
774,14917464,7706,14925170,0,0,1,8192,17,5285162804
775,14925899,566,14926465,0,6,1,512,42,5773551994
776,14956245,91772,15048017,0,3,0,21504,11,2974043939
777,14964167,3898,14968065,0,0,1,4096,17,7382159721
778,14967756,98540,15066296,0,8,0,23552,3,2608551866
779,14984978,5326,14990304,0,1,1,5632,36,965588909
780,15021466,109660,15131126,0,3,0,39936,11,1114404450
781,15071844,5326,15077170,0,0,1,5632,17,10625781946
782,15080880,5802,15086682,0,7,1,6144,33,8562353011
783,15085953,6278,15092231,0,0,1,6656,17,6289823888
784,15140300,48980,15189280,0,9,0,2048,32,8256238015
785,15152032,1994,15154026,0,0,1,2048,17,885120812
786,15155520,97916,15253436,0,1,0,21504,36,3138867934
787,15164565,72536,15237101,0,7,0,13824,33,2081806613
788,15185988,1994,15187982,0,6,1,2048,42,5378657544
789,15203583,12049,15215632,0,0,1,19968,17,2921092977
790,15218622,12566,15231188,0,7,1,20992,33,10283845612
791,15282917,203384,15486301,0,7,0,206336,33,1771694937
792,15283545,54056,15337601,0,1,0,3584,36,6909077927
793,15306796,67928,15374724,0,3,0,13824,11,8462807087
794,15327522,74516,15402038,0,3,0,10240,11,734560159
795,15355578,34020,15389598,0,6,1,59392,42,2318433945
796,15359568,1042,15360610,0,0,1,1024,17,2770091452
797,15509913,3645,15513558,0,0,1,10240,17,8317356037
798,15548466,3422,15551888,0,6,1,3584,42,9065045501
799,15627715,55748,15683463,0,9,0,4096,32,7339725893
800,15666977,2870,15669847,0,6,1,8704,42,8856233930
801,15702221,73916,15776137,0,1,0,13312,36,10495196947
802,15705914,44920,15750834,0,3,1,77312,11,724151781
803,15760824,11791,15772615,0,7,1,19456,33,2558402028
804,15868764,45596,15914360,0,9,0,1024,32,7952397548
805,15912913,41132,15954045,0,3,1,66560,11,8428892153
806,15962702,43904,16006606,0,1,0,512,36,10286192092
807,15969589,566,15970155,0,7,1,512,33,7127463234
808,16035915,566,16036481,0,3,1,512,11,4000682279
809,16069023,1042,16070065,0,7,1,1024,33,8977846589
810,16120211,3898,16124109,0,1,1,4096,36,593479845
811,16142134,2870,16145004,0,7,1,8704,33,1266147501
812,16146053,5454,16151507,0,7,1,13824,33,5865734049
813,16176890,72283,16249173,0,3,1,117248,11,3362603993
814,16198124,97160,16295284,0,1,0,24064,36,5625426926
815,16219186,283667,16502853,0,3,0,19456,11,858323735
816,16239732,124126,16363858,0,1,0,96768,36,6505068365
817,16250836,4162,16254998,0,7,1,11264,33,5842860743
818,16274076,155504,16429580,0,1,0,23552,36,3782222747
819,16335818,6488,16342306,0,7,1,15872,33,8167007266
820,16340707,118820,16459527,0,3,0,90112,11,7231024380
821,16376921,6278,16383199,0,3,1,6656,11,8304103167
822,16440415,120452,16560867,0,3,0,32768,11,10086672772
823,16515375,26221,16541596,0,3,1,47616,11,4308219681
824,16542743,43904,16586647,0,2,0,512,23,9259481878
825,16547215,78524,16625739,0,3,0,13312,11,4735722345
826,16579552,204008,16783560,0,1,0,208384,36,4159374182
827,16592252,4850,16597102,0,2,1,5120,23,7200550914
828,16605294,43904,16649198,0,9,0,512,32,8906614291
829,16610469,5326,16615795,0,7,1,5632,33,10489030011
830,16680264,566,16680830,0,1,1,512,36,8775559613
831,16693099,1518,16694617,0,3,1,1536,11,5951792822
832,16702371,91623,16793994,0,7,0,12800,33,7970894737
833,16710806,12049,16722855,0,3,1,19968,11,1771830577
834,16712379,3645,16716024,0,7,1,10240,33,6204748950
835,16733975,153421,16887396,0,1,0,40960,36,3875467036
836,16765692,54056,16819748,0,9,0,3584,32,9308823452
837,16824747,20882,16845629,0,3,1,33792,11,8774002452
838,16836093,10919,16847012,0,3,1,14848,11,10099244672
839,16838443,43904,16882347,0,9,0,512,32,3325636383
840,16897195,57440,16954635,0,1,0,4608,36,4187603213
841,16942510,123812,17066322,0,1,0,106496,36,7863140277
842,16948209,5326,16953535,0,7,1,5632,33,4927203426
843,16987420,12049,16999469,0,1,1,19968,36,2193699011
844,17027101,45596,17072697,0,9,0,1024,32,2934030399
845,17034585,2870,17037455,0,7,1,8704,33,6313700765
846,17049149,128749,17177898,0,7,0,63488,33,10684555028
847,17053519,36261,17089780,0,1,1,38912,36,2129534988
848,17055554,91016,17146570,0,4,0,24064,44,1555472780
849,17099622,32558,17132180,0,3,1,53248,11,3071438561
850,17123936,57440,17181376,0,1,0,4608,36,6100940560
851,17127729,22862,17150591,0,1,1,40960,36,451867945
852,17142521,8838,17151359,0,1,1,11776,36,5188057551
853,17158804,34108,17192912,0,1,1,56320,36,5017941067
854,17161823,188408,17350231,0,4,0,157184,44,1880560975
855,17242652,2470,17245122,0,1,1,2560,36,6730668352
856,17253821,14804,17268625,0,3,1,28672,11,7278188393
857,17266941,116948,17383889,0,4,0,83968,44,3527384994
858,17280396,11533,17291929,0,1,1,18944,36,10221764935
859,17286221,140892,17427113,0,4,0,64512,44,6090064660
860,17294577,4850,17299427,0,3,1,5120,11,3982129731
861,17300459,274083,17574542,0,1,0,179200,36,3878007057
862,17309480,180600,17490080,0,3,0,10240,11,4640597835
863,17321525,23378,17344903,0,3,1,41984,11,3667543234
864,17334862,125671,17460533,0,4,0,35840,44,235390171
865,17360962,66056,17427018,0,7,0,7680,33,9913654619
866,17382250,137677,17519927,0,1,0,46592,36,5344120791
867,17422144,50672,17472816,0,7,0,2560,33,2608089383
868,17426417,5802,17432219,0,9,1,6144,32,3850992160
869,17463422,12995,17476417,0,1,1,25088,36,5913396824
870,17484567,115544,17600111,0,3,0,79360,11,5784099451
871,17612680,129735,17742415,0,1,0,9216,36,5970020100
872,17614710,2946,17617656,0,7,1,3072,33,6029443717
873,17620595,118508,17739103,0,1,0,89088,36,6483016094
874,17647744,31783,17679527,0,1,1,51712,36,6277680624
875,17678593,43904,17722497,0,9,0,512,32,7368163635
876,17720461,1518,17721979,0,7,1,1536,33,434409603
877,17765107,97354,17862461,0,1,1,162816,36,9047249802
878,17805937,93326,17899263,0,1,1,118784,36,9366729734
879,17816507,103532,17920039,0,7,0,39936,33,754905849
880,17825538,2470,17828008,0,0,1,2560,17,8503488760
881,17871794,215235,18087029,0,1,0,54784,36,4110442190
882,17888148,14117,17902265,0,3,1,24064,11,768830987
883,17957389,11791,17969180,0,1,1,19456,36,534476785
884,17963574,170871,18134445,0,3,0,49152,11,9645033919
885,17972532,59132,18031664,0,4,0,5120,44,6114665341
886,18007404,54270,18061674,0,1,1,92160,36,5618904071
887,18075611,36604,18112215,0,3,1,64512,11,3166880185
888,18093584,221288,18314872,0,1,0,8704,36,9589771228
889,18108496,1042,18109538,0,1,1,1024,36,2749846074
890,18148980,117844,18266824,0,3,0,10240,11,8067731975
891,18202985,23208,18226193,0,1,1,38400,36,8642694587
892,18237393,102596,18339989,0,4,0,36864,44,6469070020
893,18277277,43904,18321181,0,9,0,512,32,8100338814
894,18282506,2870,18285376,0,3,1,8704,11,6693017599
895,18329228,4420,18333648,0,8,1,11776,3,7120891153
896,18372724,88076,18460800,0,1,0,19456,36,8837894512
897,18436649,102284,18538933,0,4,0,35840,44,8951602214
898,18447974,96071,18544045,0,4,0,12288,44,8943831906
899,18464914,56216,18521130,0,4,0,5632,44,3826458775
900,18470928,100568,18571496,0,7,0,30208,33,6040144341
901,18525303,43904,18569207,0,9,0,512,32,6441093473
902,18537245,64208,18601453,0,7,0,6656,33,6061443743
903,18559612,121419,18681031,0,7,0,34816,33,1875246097
904,18611751,54270,18666021,0,1,1,92160,36,7531085949
905,18630995,45651,18676646,0,1,1,34304,36,8525466116
906,18633097,50984,18684081,0,7,0,3584,33,3401515517
907,18669304,2946,18672250,0,4,1,3072,44,9984444497
908,18687799,106028,18793827,0,4,0,48128,44,2907016670
909,18772875,35312,18808187,0,3,1,61952,11,6597794893
910,18808222,97628,18905850,0,4,0,25600,44,422378477
911,18841512,118555,18960067,0,1,0,66560,36,7344730807
912,18883544,43904,18927448,0,9,0,512,32,8005721970
913,18908290,113984,19022274,0,1,0,74240,36,8891707448
914,18919927,5802,18925729,0,8,1,6144,3,779246328
915,18974054,566,18974620,0,4,1,512,44,5788807631
916,18987008,2870,18989878,0,3,1,8704,11,8869266581
917,19035734,45596,19081330,0,4,0,1024,44,339705021
918,19049476,81116,19130592,0,3,1,131072,11,9031830611
919,19086228,108680,19194908,0,7,0,56832,33,10297246858
920,19256264,11533,19267797,0,3,1,18944,11,10170690317
921,19278024,12049,19290073,0,3,1,19968,11,293203471
922,19317220,94770,19411990,0,3,1,157696,11,6839712684
923,19365480,5196,19370676,0,4,1,13312,44,3255760854
924,19371176,43904,19415080,0,9,0,512,32,983883967
925,19372393,1518,19373911,0,4,1,1536,44,5593298338
926,19398438,14423,19412861,0,3,1,12288,11,3938899480
927,19482781,3128,19485909,0,5,1,9216,19,3663017092
928,19512082,30491,19542573,0,3,1,49152,11,2155871379
929,19609857,66992,19676849,0,7,0,10752,33,506047161
930,19665148,2470,19667618,0,5,1,2560,19,9799399561
931,19739662,107432,19847094,0,3,0,52736,11,5922221127
932,19853876,93596,19947472,0,1,0,17408,36,3542011073
933,19875205,15321,19890526,0,3,1,29696,11,7342218109
934,19875809,96857,19972666,0,3,0,15360,11,8937592281
935,19894687,77994,19972681,0,3,1,124928,11,4214120942
936,19937449,101660,20039109,0,7,0,33792,33,5238433603
937,19990841,90460,20081301,0,7,0,8704,33,3145002389
938,20039416,95371,20134787,0,3,0,15360,11,1368049335
939,20068105,1042,20069147,0,2,1,1024,23,3626533730
940,20080381,51584,20131965,0,7,0,2560,33,1496772105
941,20085564,107744,20193308,0,4,0,53760,44,5690828481
942,20116502,3422,20119924,0,2,1,3584,23,1157517264
943,20185045,87296,20272341,0,7,0,16896,33,2884784600
944,20187697,2470,20190167,0,2,1,2560,23,216495820
945,20207242,4679,20211921,0,2,1,12288,23,2944753410
946,20222982,10241,20233223,0,3,1,16384,11,7108251614
947,20278506,47288,20325794,0,4,0,1536,44,3055227072
948,20283270,82844,20366114,0,1,0,17408,36,2651220424
949,20325415,52988,20378403,0,7,0,5120,33,5583320602
950,20362237,4374,20366611,0,2,1,4608,23,2169346153
951,20414128,118040,20532168,0,1,0,87552,36,5476478846
952,20468786,7706,20476492,0,7,1,8192,33,4011277293
953,20510497,48980,20559477,0,4,0,2048,44,10545387373
954,20525953,3128,20529081,0,2,1,9216,23,2119018462
955,20580537,103376,20683913,0,7,0,39424,33,9174895792
956,20662066,4850,20666916,0,2,1,5120,23,811153007
957,20669394,43904,20713298,0,4,0,512,44,7072412080
958,20750549,108680,20859229,0,1,0,56832,36,6805056829
959,20771679,47288,20818967,0,4,0,1536,44,4078114357
960,20798901,45596,20844497,0,9,0,1024,32,7737868065
961,20842947,45596,20888543,0,4,0,1024,44,6537675449
962,21065813,4850,21070663,0,5,1,5120,19,2970527989
963,21080074,45596,21125670,0,9,0,1024,32,7928523179
964,21127400,95624,21223024,0,1,0,24064,36,2507537646
965,21154162,14117,21168279,0,8,1,24064,3,8365324708
966,21261443,13253,21274696,0,2,1,25600,23,6705241683
967,21262822,12220,21275042,0,2,1,512,23,3653766935
968,21358670,54056,21412726,0,9,0,3584,32,8221060433
969,21381041,5712,21386753,0,6,1,14336,42,308520806
970,21423151,43904,21467055,0,9,0,512,32,10527464625
971,21525558,4850,21530408,0,6,1,5120,42,8057971791
972,21580792,43904,21624696,0,9,0,512,32,9616815558
973,21773548,43904,21817452,0,4,0,512,44,1383407379
974,21809802,105092,21914894,0,7,0,45056,33,10219354649
975,21828455,2870,21831325,0,5,1,8704,19,1209644407
976,21892388,102128,21994516,0,7,0,35328,33,1935910873
977,21907052,566,21907618,0,6,1,512,42,6614926767
978,21943599,2870,21946469,0,5,1,8704,19,1136251685
979,21957253,98564,22055817,0,1,0,28672,36,9985485501
980,21998393,10499,22008892,0,6,1,16896,42,1282502987
981,22031669,95000,22126669,0,1,0,22016,36,168682018
982,22081254,43904,22125158,0,4,0,512,44,3594870538
983,22157063,3387,22160450,0,4,1,9728,44,2046543294
984,22169365,1518,22170883,0,6,1,1536,42,3679719124
985,22189634,566,22190200,0,5,1,512,19,8347693170
986,22205252,101972,22307224,0,1,0,34816,36,2023654001
987,22236456,45596,22282052,0,9,0,1024,32,9400764512
988,22258186,99320,22357506,0,7,0,26112,33,1609964480
989,22265348,7706,22273054,0,6,1,8192,42,10489543402
990,22276542,47288,22323830,0,9,0,1536,32,9269430948
991,22295716,2470,22298186,0,6,1,2560,42,1362239206
992,22349357,2870,22352227,0,6,1,8704,42,4437008434
993,22350132,45596,22395728,0,9,0,1024,32,2991994198
994,22353914,2946,22356860,0,5,1,3072,19,3734138141
995,22355407,7230,22362637,0,6,1,7680,42,3066545106
996,22357198,98228,22455426,0,1,0,22528,36,5440548985
997,22435308,43904,22479212,0,4,0,512,44,7176443117
998,22446844,45596,22492440,0,4,0,1024,44,4487529855
999,22476375,54524,22530899,0,7,0,5120,33,5084458171
1000,22503739,100412,22604151,0,7,0,29696,33,7904136428
1001,22504004,2470,22506474,0,6,1,2560,42,10397252214
1002,22505835,1042,22506877,0,7,1,1024,33,10145140047
1003,22506195,566,22506761,0,5,1,512,19,1731061465
1004,22522212,2870,22525082,0,5,1,8704,19,270250672
1005,22546821,2470,22549291,0,5,1,2560,19,9574788846
1006,22549878,71468,22621346,0,1,0,15360,36,8778513612
1007,22565985,6278,22572263,0,5,1,6656,19,3944325906
1008,22577517,4679,22582196,0,5,1,12288,19,8872272480
1009,22691558,4850,22696408,0,5,1,5120,19,4616392184
1010,22707582,108836,22816418,0,7,0,57344,33,7348096508
1011,22733987,1518,22735505,0,6,1,1536,42,10242854839
1012,22749531,4374,22753905,0,7,1,4608,33,5326937812
1013,22831878,54056,22885934,0,1,0,3584,36,9549414453
1014,22843627,2470,22846097,0,6,1,2560,42,943827078
1015,22868944,5971,22874915,0,6,1,14848,42,5784807915
1016,22890733,1994,22892727,0,7,1,2048,33,2293452422
1017,22892253,820,22893073,0,7,1,512,33,7586127415
1018,22900280,3422,22903702,0,6,1,3584,42,8330644058
1019,22923923,3898,22927821,0,7,1,4096,33,9636040234
1020,22924252,3915,22928167,0,7,1,512,33,5439274529
1021,22978266,68837,23047103,0,4,0,2048,44,2576889671
1022,22990534,4850,22995384,0,5,1,5120,19,6007246425
1023,22998123,43904,23042027,0,4,0,512,44,632486645
1024,23012075,45596,23057671,0,4,0,1024,44,5959143466
1025,23019576,6754,23026330,0,9,1,7168,32,9119092603
1026,23065485,6229,23071714,0,6,1,15360,42,9072727586
1027,23099895,122908,23222803,0,1,1,199168,36,10576578794
1028,23103574,4420,23107994,0,6,1,11776,42,5776680956
1029,23107329,110552,23217881,0,7,0,62976,33,9243532894
1030,23132784,110807,23243591,0,1,1,74752,36,5254433658
1031,23141538,3422,23144960,0,9,1,3584,32,7925548121
1032,23161395,91760,23253155,0,7,0,11264,33,5722473372
1033,23179022,1994,23181016,0,6,1,2048,42,6106473588
1034,23202768,1042,23203810,0,6,1,1024,42,8338962659
1035,23234683,111956,23346639,0,7,0,67584,33,8094248726
1036,23235177,98852,23334029,0,1,0,24576,36,175547285
1037,23241996,3904,23245900,0,5,1,10752,19,10402040018
1038,23257589,32299,23289888,0,1,1,52736,36,3617953281
1039,23281713,1518,23283231,0,7,1,1536,33,7979107307
1040,23284728,146043,23430771,0,7,0,44032,33,7267680803
1041,23298555,48980,23347535,0,9,0,2048,32,2087776307
1042,23329113,18084,23347197,0,7,1,512,33,10276693489
1043,23355627,1994,23357621,0,7,1,2048,33,3104151388
1044,23371426,60764,23432190,0,7,0,4608,33,4492236719
1045,23373819,151475,23525294,0,1,0,81408,36,3805297884
1046,23432620,43904,23476524,0,9,0,512,32,9641403553
1047,23439976,6229,23446205,0,3,1,15360,11,2980294617
1048,23443386,3898,23447284,0,7,1,4096,33,3866958742
1049,23463290,140832,23604122,0,1,0,40448,36,2017269033
1050,23466346,99944,23566290,0,7,0,28160,33,8150643835
1051,23497957,27352,23525309,0,1,1,43008,36,9887586397
1052,23552623,16354,23568977,0,1,1,31744,36,3871321559
1053,23562149,115933,23678082,0,7,0,67072,33,6289859085
1054,23650656,99632,23750288,0,1,0,27136,36,7579802796
1055,23692466,118803,23811269,0,1,0,20992,36,2713690581
1056,23705263,3128,23708391,0,5,1,9216,19,6807977896
1057,23745305,86360,23831665,0,7,0,13824,33,10170135866
1058,23791190,34795,23825985,0,1,1,60928,36,3935970873
1059,23827013,3904,23830917,0,1,1,10752,36,5736074394
1060,23860070,54836,23914906,0,7,0,6144,33,4722963097
1061,23892489,3387,23895876,0,1,1,9728,36,3339024279
1062,23904912,67238,23972150,0,1,1,114176,36,5123343682
1063,23910166,3422,23913588,0,5,1,3584,19,3020134555
1064,23978691,1518,23980209,0,5,1,1536,19,2048658856
1065,23995400,1994,23997394,0,5,1,2048,19,4645817109
1066,24020772,2946,24023718,0,5,1,3072,19,8497254312
1067,24021303,3422,24024725,0,7,1,3584,33,10441009467
1068,24022205,5746,24027951,0,7,1,5120,33,3052972067
1069,24069337,5326,24074663,0,5,1,5632,19,143248725
1070,24078673,127863,24206536,0,1,0,3584,36,2449997493
1071,24091295,1042,24092337,0,5,1,1024,19,8846279583
1072,24103931,45596,24149527,0,9,0,1024,32,8970954883
1073,24123967,14545,24138512,0,1,1,28160,36,7718935862
1074,24135232,1042,24136274,0,7,1,1024,33,399867197
1075,24138146,2946,24141092,0,7,1,3072,33,6157919453
1076,24169071,566,24169637,0,7,1,512,33,6936994401
1077,24226726,47288,24274014,0,9,0,1536,32,3077569175
1078,24306506,1518,24308024,0,5,1,1536,19,58092579
1079,24316175,24670,24340845,0,1,1,44544,36,8582787765
1080,24321209,1994,24323203,0,5,1,2048,19,4710296528
1081,24345149,43904,24389053,0,9,0,512,32,4881991729
1082,24417781,45596,24463377,0,9,0,1024,32,7283204242
1083,24431929,6278,24438207,0,5,1,6656,19,8709564527
1084,24478502,126450,24604952,0,1,0,112640,36,6362263854
1085,24495421,1518,24496939,0,5,1,1536,19,59983841
1086,24506910,43904,24550814,0,9,0,512,32,6906811384
1087,24530376,5802,24536178,0,5,1,6144,19,1737223862
1088,24544144,15579,24559723,0,5,1,30208,19,6065223736
1089,24565721,45596,24611317,0,4,0,1024,44,5189673698
1090,24624593,1518,24626111,0,5,1,1536,19,2225842021
1091,24682517,129896,24812413,0,1,0,126464,36,8192612315
1092,24724333,149904,24874237,0,1,0,29696,36,2414485907
1093,24891419,100100,24991519,0,7,0,28672,33,5039483950
1094,24920425,7230,24927655,0,7,1,7680,33,4768120590
1095,24938301,2946,24941247,0,2,1,3072,23,9675917132
1096,24950634,108368,25059002,0,1,0,55808,36,1279883049
1097,25004487,43904,25048391,0,4,0,512,44,1756136175
1098,25031049,1518,25032567,0,5,1,1536,19,7526430226
1099,25034994,84692,25119686,0,7,0,18432,33,5611648678
1100,25046535,45596,25092131,0,4,0,1024,44,10498962511
1101,25077749,1994,25079743,0,5,1,2048,19,5476805509
1102,25079203,45596,25124799,0,9,0,1024,32,3928963697
1103,25229168,43904,25273072,0,9,0,512,32,10266886894
1104,25311222,114688,25425910,0,1,0,59392,36,4767464600
1105,25327559,80240,25407799,0,1,0,18944,36,6553311528
1106,25339421,104780,25444201,0,7,0,44032,33,3572617572
1107,25355836,566,25356402,0,5,1,512,19,10158755220
1108,25373417,64778,25438195,0,1,0,512,36,9021682211
1109,25431710,62158,25493868,0,1,1,100864,36,2405858990
1110,25526397,7230,25533627,0,5,1,7680,19,10567481869
1111,25540594,48980,25589574,0,4,0,2048,44,2220070343
1112,25568767,43904,25612671,0,4,0,512,44,2274543076
1113,25741234,77744,25818978,0,7,0,10752,33,168637578
1114,25828716,115544,25944260,0,7,0,79360,33,1009339548
1115,25832777,103688,25936465,0,1,0,40448,36,220109784
1116,25843283,1994,25845277,0,5,1,2048,19,4459197887
1117,25845451,48980,25894431,0,7,0,2048,33,2109396590
1118,25993680,43904,26037584,0,4,0,512,44,9587300957
1119,26049214,7230,26056444,0,5,1,7680,19,431829375
1120,26058097,64520,26122617,0,7,0,7680,33,9481939151
1121,26060100,3422,26063522,0,5,1,3584,19,1411809660
1122,26074800,5196,26079996,0,9,1,13312,32,3219672024
1123,26075269,8315,26083584,0,9,1,12288,32,6971345523
1124,26100676,47288,26147964,0,9,0,1536,32,4922074430
1125,26134893,3422,26138315,0,9,1,3584,32,6159879186
1126,26275073,76208,26351281,0,1,0,10752,36,667820735
1127,26292697,43904,26336601,0,9,0,512,32,6405694356
1128,26318182,62111,26380293,0,9,0,512,32,10256613659
1129,26348943,47288,26396231,0,4,0,1536,44,8281415252
1130,26410219,106652,26516871,0,1,0,50176,36,557057064
1131,26469468,88988,26558456,0,4,0,17408,44,2911821336
1132,26536219,106652,26642871,0,4,0,50176,44,4693152801
1133,26558200,75764,26633964,0,7,0,14336,33,1996174381
1134,26559807,81033,26640840,0,7,0,6656,33,6562314518
1135,26598966,45596,26644562,0,6,0,1024,42,9165669611
1136,26600027,135706,26735733,0,4,0,126976,44,494687408
1137,26608793,45596,26654389,0,9,0,1024,32,4127007224
1138,26669414,133135,26802549,0,4,0,46592,44,4592188739
1139,26679450,43904,26723354,0,9,0,512,32,9571835738
1140,26734762,104936,26839698,0,1,0,44544,36,280014664
1141,26798198,2946,26801144,0,9,1,3072,32,403993226
1142,26823004,106028,26929032,0,7,0,48128,33,2467377906
1143,26900729,87452,26988181,0,9,0,17408,32,2453330007
1144,26930038,5326,26935364,0,1,1,5632,36,6968970045
1145,27008792,101192,27109984,0,4,0,32256,44,5709053153
1146,27084998,107588,27192586,0,7,0,53248,33,10010795022
1147,27089130,106028,27195158,0,9,0,48128,32,6408188335
1148,27108027,103595,27211622,0,9,0,21504,32,6153998317
1149,27151704,50672,27202376,0,4,0,2560,44,6567171376
1150,27173829,5802,27179631,0,0,1,6144,17,642110006
1151,27188342,121340,27309682,0,7,0,84480,33,7389631802
1152,27229147,114920,27344067,0,4,0,77312,44,2880811561
1153,27289414,1518,27290932,0,0,1,1536,17,7527709082
1154,27330943,54368,27385311,0,1,0,4608,36,6669136411
1155,27339014,71624,27410638,0,1,0,15872,36,103280528
1156,27452669,2470,27455139,0,0,1,2560,17,6242506302
1157,27462751,98072,27560823,0,1,0,22016,36,5766026556
1158,27537145,2470,27539615,0,6,1,2560,42,5079436745
1159,27548728,1518,27550246,0,0,1,1536,17,5265577886
1160,27644472,64208,27708680,0,1,0,6656,36,8801934477
1161,27684685,111020,27795705,0,7,0,64512,33,4200068298
1162,27709954,110240,27820194,0,9,0,61952,32,6090886388
1163,27737518,79928,27817446,0,1,0,17920,36,6827188303
1164,27747003,115077,27862080,0,9,0,11776,32,5923891486
1165,27827380,76232,27903612,0,1,0,15872,36,9647234416
1166,27827498,88520,27916018,0,4,0,15872,44,1886742949
1167,27833844,175504,28009348,0,4,0,94208,44,6471824527
1168,27835941,566,27836507,0,0,1,512,17,8436391001
1169,27843726,127508,27971234,0,4,0,13824,44,1369383410
1170,27902098,1518,27903616,0,0,1,1536,17,4493531126
1171,27950445,45596,27996041,0,2,0,1024,23,5260397264
1172,27969527,57440,28026967,0,9,0,4608,32,5130111241
1173,27971636,121316,28092952,0,1,0,98304,36,5773703582
1174,27998072,106916,28104988,0,4,0,29184,44,631429572
1175,28006500,104624,28111124,0,9,0,43520,32,9607737662
1176,28233332,2870,28236202,0,1,1,8704,36,2617210467
1177,28270730,50672,28321402,0,2,0,2560,23,7338770205
1178,28331565,166106,28497671,0,1,0,72192,36,5098201349
1179,28342931,43904,28386835,0,7,0,512,33,5801818899
1180,28357212,6754,28363966,0,1,1,7168,36,7288975425
1181,28398519,84512,28483031,0,4,0,12800,44,7173917409
1182,28416383,131300,28547683,0,7,0,131072,33,3165648361
1183,28525060,2470,28527530,0,0,1,2560,17,7604753836
1184,28543516,56523,28600039,0,7,0,3072,33,9251310244
1185,28602893,86204,28689097,0,9,0,13312,32,1631981445
1186,28675932,110708,28786640,0,9,0,63488,32,7700828095
1187,28676329,4420,28680749,0,0,1,11776,17,3190948181
1188,28720213,45596,28765809,0,2,0,1024,23,4811135503
1189,28761031,65900,28826931,0,4,0,7168,44,10117744125
1190,28837083,64676,28901759,0,9,0,8192,32,4331880689
1191,28874517,48980,28923497,0,2,0,2048,23,272596632
1192,28884997,6278,28891275,0,0,1,6656,17,6209579776
1193,28886896,112268,28999164,0,9,0,68608,32,5975875656
1194,28918263,142875,29061138,0,9,0,44032,32,5380516931
1195,28951885,105404,29057289,0,4,0,46080,44,9252811281
1196,28998968,48980,29047948,0,1,0,2048,36,7178922774
1197,29027531,3645,29031176,0,0,1,10240,17,3339289239
1198,29103539,43904,29147443,0,2,0,512,23,10072838672
1199,29168370,45596,29213966,0,9,0,1024,32,6104197075
1200,29223403,139760,29363163,0,7,0,133632,33,317991130
1201,29249989,3645,29253634,0,0,1,10240,17,9334303910
1202,29268121,103220,29371341,0,4,0,38912,44,9073367078
1203,29300886,566,29301452,0,0,1,512,17,124382838
1204,29360274,100100,29460374,0,9,0,28672,32,2036038567
1205,29364321,3422,29367743,0,5,1,3584,19,2291943200
1206,29373058,3898,29376956,0,5,1,4096,19,4077360677
1207,29455643,48980,29504623,0,2,0,2048,23,901961806
1208,29460176,1042,29461218,0,0,1,1024,17,9901328906
1209,29626911,111956,29738867,0,4,0,67584,44,4529891909
1210,29633141,43904,29677045,0,2,0,512,23,3275078916
1211,29668993,101972,29770965,0,1,0,34816,36,1719564088
1212,29681822,7230,29689052,0,2,1,7680,23,7377040023
1213,29697466,3898,29701364,0,5,1,4096,19,5544335227
1214,29716338,2470,29718808,0,5,1,2560,19,238566320
1215,29760565,1994,29762559,0,5,1,2048,19,4089529704
1216,29764078,43904,29807982,0,2,0,512,23,2833970168
1217,29780890,110864,29891754,0,7,0,64000,33,1718179993
1218,29798322,66836,29865158,0,9,0,10240,32,3969145873
1219,29798545,239123,30037668,0,7,0,153600,33,9717947313
1220,29882223,2470,29884693,0,0,1,2560,17,3309602560
1221,29883975,43904,29927879,0,2,0,512,23,2131846737
1222,29938363,133799,30072162,0,7,0,33792,33,4069740595
1223,29980550,224422,30204972,0,7,0,145920,33,437202253
1224,30101484,73004,30174488,0,9,0,15360,32,5838632877
1225,30174642,83000,30257642,0,9,0,17920,32,2993841256
1226,30223151,43904,30267055,0,2,0,512,23,1863687414
1227,30246878,43904,30290782,0,2,0,512,23,6029511494
1228,30265512,109616,30375128,0,1,0,59904,36,3743095408
1229,30307800,1042,30308842,0,4,1,1024,44,5197428312
1230,30379716,100412,30480128,0,9,0,29696,32,1384846441
1231,30385183,43904,30429087,0,2,0,512,23,2222327425
1232,30414922,1994,30416916,0,4,1,2048,44,981104189
1233,30470929,43904,30514833,0,4,0,512,44,756981686
1234,30473524,7706,30481230,0,4,1,8192,44,1027542859
1235,30505114,5802,30510916,0,0,1,6144,17,3943986990
1236,30530901,48980,30579881,0,2,0,2048,23,1074847809
1237,30538837,566,30539403,0,0,1,512,17,2677127884
1238,30603765,1518,30605283,0,0,1,1536,17,10543477986
1239,30622643,177920,30800563,0,7,0,147968,33,10335639648
1240,30637397,3422,30640819,0,4,1,3584,44,8762354113
1241,30641958,108212,30750170,0,1,0,55296,36,1703061264
1242,30684981,67592,30752573,0,9,0,7680,32,5964738596
1243,30725382,3898,30729280,0,0,1,4096,17,8893719884
1244,30749218,1042,30750260,0,4,1,1024,44,4945542377
1245,30768061,101036,30869097,0,9,0,31744,32,2019218072
1246,30824318,1042,30825360,0,4,1,1024,44,10189225297
1247,30834985,3387,30838372,0,3,1,9728,11,9478612748
1248,30860371,125198,30985569,0,9,0,82432,32,5397372221
1249,30864221,101816,30966037,0,7,0,34304,33,2954206654
1250,30894771,3387,30898158,0,4,1,9728,44,5322940915
1251,30937824,103844,31041668,0,4,0,40960,44,8696510253
1252,30937940,566,30938506,0,0,1,512,17,10377054196
1253,30968259,5971,30974230,0,3,1,14848,11,10140460499
1254,30978281,43904,31022185,0,2,0,512,23,6515121497
1255,31013829,6278,31020107,0,0,1,6656,17,6657498043
1256,31031820,3422,31035242,0,3,1,3584,11,4428566819
1257,31059718,566,31060284,0,3,1,512,11,4595927891
1258,31074830,4374,31079204,0,3,1,4608,11,8691922458
1259,31100587,76052,31176639,0,7,0,10240,33,6963837408
1260,31118308,1518,31119826,0,0,1,1536,17,8539457812
1261,31141390,84224,31225614,0,9,0,16896,32,3820055990
1262,31182159,43904,31226063,0,2,0,512,23,6703838715
1263,31241255,2870,31244125,0,3,1,8704,11,10059154896
1264,31300835,95132,31395967,0,7,0,17408,33,7397376730
1265,31431324,109772,31541096,0,1,0,60416,36,5113056155
1266,31438738,143924,31582662,0,7,0,137216,33,1751493529
1267,31470546,1042,31471588,0,3,1,1024,11,3136243239
1268,31473195,2946,31476141,0,3,1,3072,11,2347684037
1269,31474757,14287,31489044,0,3,1,27648,11,10688516777
1270,31506233,52364,31558597,0,2,0,3072,23,679702818
1271,31623348,105872,31729220,0,7,0,47616,33,5128172105
1272,31669569,53144,31722713,0,4,0,5632,44,10573992662
1273,31682299,144196,31826495,0,4,0,118272,44,8166439281
1274,31693784,85316,31779100,0,1,0,20480,36,6622647149
1275,31722694,3387,31726081,0,3,1,9728,11,1161388536
1276,31767030,67592,31834622,0,9,0,7680,32,6254308135
1277,31769446,104936,31874382,0,2,0,44544,23,10590752933
1278,31798431,57752,31856183,0,7,0,5632,33,5310086933
1279,31891605,1518,31893123,0,3,1,1536,11,9084448379
1280,31947364,52364,31999728,0,9,0,3072,32,4590481603
1281,31985766,103376,32089142,0,7,0,39424,33,7537389450
1282,32065569,5802,32071371,0,3,1,6144,11,7759178020
1283,32101669,86672,32188341,0,7,0,14848,33,3451953052
1284,32113209,102908,32216117,0,2,0,37888,23,10620412325
1285,32156540,5802,32162342,0,3,1,6144,11,7388175733
1286,32185233,74120,32259353,0,2,0,6144,23,2949169496
1287,32205184,5971,32211155,0,3,1,14848,11,1490545459
1288,32239710,103220,32342930,0,1,0,38912,36,1129513282
1289,32354191,117884,32472075,0,1,0,87040,36,9997961600
1290,32381483,68840,32450323,0,4,0,11776,44,1410615729
1291,32394189,6278,32400467,0,3,1,6656,11,3897849116
1292,32546427,97475,32643902,0,9,0,20480,32,10077175369
1293,32561658,110741,32672399,0,9,0,43008,32,1017854472
1294,32562310,566,32562876,0,2,1,512,23,1598259322
1295,32585629,190436,32776065,0,4,0,163840,44,7936026564
1296,32595296,74360,32669656,0,2,0,9728,23,1031156612
1297,32614194,195297,32809491,0,4,0,45568,44,5754190015
1298,32648387,11791,32660178,0,7,1,19456,33,116312184
1299,32660977,2946,32663923,0,2,1,3072,23,8729133170
1300,32691483,123990,32815473,0,4,0,3584,44,9071083212
1301,32743459,1042,32744501,0,7,1,1024,33,9944881802
1302,32751373,104000,32855373,0,9,0,41472,32,9411864841
1303,32761732,98072,32859804,0,7,0,22016,33,9875509145
1304,32838529,3898,32842427,0,7,1,4096,33,6770290494
1305,32843991,2470,32846461,0,7,1,2560,33,8232068664
1306,32861961,3128,32865089,0,7,1,9216,33,4318999908
1307,32865653,1994,32867647,0,7,1,2048,33,8263316067
1308,32873310,101192,32974502,0,4,0,32256,44,5010260894
1309,32874614,86672,32961286,0,9,0,14848,32,1529983741
1310,32880945,3904,32884849,0,7,1,10752,33,9199015551
1311,32908817,10757,32919574,0,2,1,17408,23,6088307793
1312,33212905,113984,33326889,0,9,0,74240,32,6106814219
1313,33242193,16354,33258547,0,7,1,31744,33,1880466532
1314,33255360,6093,33261453,0,7,1,4608,33,3042810345
1315,33279832,52364,33332196,0,2,0,3072,23,9239830096
1316,33390699,120848,33511547,0,2,0,96768,23,363306980
1317,33455167,566,33455733,0,4,1,512,44,5675365580
1318,33464462,103688,33568150,0,7,0,40448,33,6750739521
1319,33548166,74828,33622994,0,4,0,11264,44,3204982380
1320,33692365,51230,33743595,0,7,0,3584,33,9896450423
1321,33693508,48980,33742488,0,7,0,2048,33,6905691293
1322,33732712,85784,33818496,0,9,0,22016,32,1060288296
1323,33767698,101660,33869358,0,4,0,33792,44,788777714
1324,33790292,109616,33899908,0,1,0,59904,36,4393997814
1325,33863039,100724,33963763,0,2,0,30720,23,9687261877
1326,33923168,4162,33927330,0,8,1,11264,3,8833456248
1327,33925667,94496,34020163,0,2,0,22016,23,6245757255
1328,33941669,106652,34048321,0,1,0,50176,36,8568209415
1329,34094079,99632,34193711,0,4,0,27136,44,3525480623
1330,34149153,60380,34209533,0,7,0,9216,33,10287142323
1331,34159409,114296,34273705,0,9,0,75264,32,8569471462
1332,34238929,3422,34242351,0,3,1,3584,11,10646082130
1333,34240447,55748,34296195,0,2,0,4096,23,863148216
1334,34313364,52364,34365728,0,4,0,3072,44,9177214013
1335,34336561,81908,34418469,0,1,0,14336,36,8636066967
1336,34343584,14545,34358129,0,8,1,28160,3,5092665135
1337,34355039,81596,34436635,0,4,0,13312,44,4910021863
1338,34359673,24929,34384602,0,8,1,45056,3,1154521803
1339,34369177,21019,34390196,0,8,1,18432,3,466977194
1340,34406043,3387,34409430,0,8,1,9728,3,1212072183
1341,34412273,4374,34416647,0,7,1,4608,33,5771832121
1342,34452830,47288,34500118,0,4,0,1536,44,7266936641
1343,34500009,45697,34545706,0,4,0,1024,44,543598581
1344,34525530,103688,34629218,0,2,0,40448,23,5645822159
1345,34559692,14117,34573809,0,8,1,24064,3,6431603501
1346,34789360,61382,34850742,0,8,1,99328,3,9429565997
1347,34830356,104468,34934824,0,2,0,43008,23,105594719
1348,34850031,1518,34851549,0,7,1,1536,33,3708469657
1349,34868627,3422,34872049,0,3,1,3584,11,10112347509
1350,34869129,21141,34890270,0,2,1,34304,23,1244477452
1351,34926870,121628,35048498,0,4,0,99328,44,4370347147
1352,34950400,153808,35104208,0,4,0,49152,44,975629874
1353,34969140,88988,35058128,0,7,0,17408,33,974096005
1354,35056068,120848,35176916,0,1,0,96768,36,4397381581
1355,35095772,115080,35210852,0,4,0,50176,44,9628337634
1356,35102526,52364,35154890,0,7,0,3072,33,7615156129
1357,35126655,3128,35129783,0,9,1,9216,32,8852491921
1358,35203131,83468,35286599,0,7,0,19456,33,5075573703
1359,35290693,89792,35380485,0,7,0,25088,33,10026488900
1360,35291301,117572,35408873,0,1,0,86016,36,4357251992
1361,35307236,103532,35410768,0,9,0,39936,32,5714604465
1362,35315273,154638,35469911,0,1,0,58368,36,3459641370
1363,35348083,65900,35413983,0,2,0,7168,23,5275545006
1364,35371117,186664,35557781,0,1,0,118784,36,5561966197
1365,35393302,106964,35500266,0,7,0,51200,33,4666415174
1366,35394107,16354,35410461,0,8,1,31744,3,10721926392
1367,35499741,193496,35693237,0,1,0,102400,36,720475357
1368,35501211,212789,35714000,0,1,0,68096,36,9960735185
1369,35631631,25704,35657335,0,8,1,46592,3,9513012946
1370,35660137,92224,35752361,0,1,0,16896,36,3635652515
1371,35708076,4420,35712496,0,8,1,11776,3,2497976955
1372,35714990,22950,35737940,0,8,1,37888,3,9590331789
1373,35722646,111813,35834459,0,1,0,58368,36,7892826730
1374,35749525,110084,35859609,0,7,0,61440,33,9606894593
1375,35763040,4374,35767414,0,9,1,4608,32,2858959860
1376,35824909,566,35825475,0,7,1,512,33,1415369527
1377,35845208,48980,35894188,0,4,0,2048,44,8923191293
1378,35852052,1042,35853094,0,6,1,1024,42,3004540565
1379,35868714,102128,35970842,0,2,0,35328,23,10506835817
1380,35924239,100412,36024651,0,7,0,29696,33,4922833956
1381,35958261,67592,36025853,0,4,0,7680,44,10072707400
1382,35962183,211490,36173673,0,7,0,159744,33,9855459351
1383,35982043,104000,36086043,0,9,0,41472,32,2467640779
1384,36034346,104624,36138970,0,2,0,43520,23,2423729264
1385,36073396,18441,36091837,0,9,1,6144,32,8989236242
1386,36094127,3387,36097514,0,8,1,9728,3,4271121292
1387,36105485,61136,36166621,0,4,0,6656,44,4839612828
1388,36121977,16096,36138073,0,8,1,31232,3,6201207398
1389,36174439,3422,36177861,0,9,1,3584,32,1401344899
1390,36225437,115700,36341137,0,7,0,79872,33,5873165963
1391,36231126,99788,36330914,0,1,0,27648,36,10385152890
1392,36275998,11791,36287789,0,8,1,19456,3,620208179
1393,36296637,5454,36302091,0,9,1,13824,32,177795841
1394,36344937,103844,36448781,0,4,0,40960,44,718290992
1395,36369840,102752,36472592,0,1,0,37376,36,2431749563
1396,36407557,66056,36473613,0,7,0,7680,33,3504409329
1397,36435000,64520,36499520,0,2,0,7680,23,4043643921
1398,36447866,69284,36517150,0,9,0,8192,32,15092034
1399,36453400,7706,36461106,0,9,1,8192,32,623635777
1400,36458388,5944,36464332,0,9,1,5120,32,9998356575
1401,36462203,5326,36467529,0,6,1,5632,42,10528230340
1402,36463341,4342,36467683,0,6,1,8704,42,8502411789
1403,36467108,4374,36471482,0,6,1,4608,42,3360351879
1404,36484143,108992,36593135,0,2,0,57856,23,796700373
1405,36518157,112004,36630161,0,2,0,52224,23,5490514302
1406,36558125,232770,36790895,0,2,0,77312,23,1786672670
1407,36592348,113329,36705677,0,2,0,25600,23,8629236261
1408,36597616,97916,36695532,0,7,0,21504,33,10605656280
1409,36694131,13341,36707472,0,9,1,22528,32,9694385633
1410,36713961,76076,36790037,0,9,0,15360,32,1467078517
1411,36761576,60824,36822400,0,4,0,5632,44,611950768
1412,36780922,2470,36783392,0,9,1,2560,32,1209459761
1413,36802975,3422,36806397,0,9,1,3584,32,3167523646
1414,36928259,82844,37011103,0,7,0,17408,33,10238849648
1415,37026952,99320,37126272,0,4,0,26112,44,8101682490
1416,37028881,59132,37088013,0,2,0,5120,23,3438645132
1417,37185341,98540,37283881,0,1,0,23552,36,7403049275
1418,37194548,5326,37199874,0,2,1,5632,23,7767512159
1419,37222357,566,37222923,0,9,1,512,32,5403865412
1420,37263977,58220,37322197,0,7,0,7168,33,6946432404
1421,37365221,84512,37449733,0,2,0,12800,23,9109118529
1422,37429917,45596,37475513,0,8,0,1024,3,6370644243
1423,37447498,101192,37548690,0,7,0,32256,33,6578338173
1424,37460979,4937,37465916,0,9,1,12800,32,467079212
1425,37570797,51296,37622093,0,7,0,4608,33,7781439608
1426,37597556,65900,37663456,0,1,0,7168,36,8042735556
1427,37616797,77744,37694541,0,7,0,10752,33,5546540137
1428,37629344,98072,37727416,0,2,0,22016,23,3635719834
1429,37646195,2870,37649065,0,7,1,8704,33,8785425766
1430,37689526,97604,37787130,0,1,0,20480,36,5472200156
1431,37709722,5802,37715524,0,7,1,6144,33,9889624928
1432,37709829,566,37710395,0,6,1,512,42,8064267115
1433,37726806,1518,37728324,0,6,1,1536,42,5371944875
1434,37751222,107774,37858996,0,9,0,34304,32,6553907892
1435,37753685,94844,37848529,0,9,0,21504,32,1663352962
1436,37758437,4374,37762811,0,7,1,4608,33,5601155198
1437,37796287,3898,37800185,0,6,1,4096,42,2122658223
1438,37904699,11533,37916232,0,6,1,18944,42,10226809074
1439,37920638,87764,38008402,0,4,0,18432,44,8188236978
1440,37934130,3128,37937258,0,7,1,9216,33,9463800885
1441,37969392,566,37969958,0,6,1,512,42,10595057453
1442,37975830,4850,37980680,0,7,1,5120,33,1064112734
1443,37985737,10757,37996494,0,6,1,17408,42,9217970294
1444,38024296,99320,38123616,0,1,0,26112,36,10025788394
1445,38032949,5326,38038275,0,6,1,5632,42,2893047478
1446,38108912,3898,38112810,0,7,1,4096,33,8270254637
1447,38132197,3422,38135619,0,7,1,3584,33,3687588971
1448,38173573,54524,38228097,0,1,0,5120,36,8862262393
1449,38246846,65900,38312746,0,9,0,7168,32,8720783075
1450,38269759,103376,38373135,0,9,0,39424,32,4927695418
1451,38316421,7706,38324127,0,7,1,8192,33,1486514715
1452,38325612,1042,38326654,0,6,1,1024,42,541458921
1453,38329079,141448,38470527,0,9,0,59392,32,9149107894
1454,38332615,1518,38334133,0,6,1,1536,42,2374898687
1455,38367062,3904,38370966,0,7,1,10752,33,3726981462
1456,38429535,71444,38500979,0,1,0,10240,36,8696632555
1457,38489597,55748,38545345,0,2,0,4096,23,4178528329
1458,38520168,111956,38632124,0,1,0,67584,36,8415726045
1459,38533118,113672,38646790,0,9,0,73216,32,1447311164
1460,38551967,114920,38666887,0,2,0,77312,23,8352060890
1461,38580894,147214,38728108,0,9,0,112128,32,5709691759
1462,38605813,105404,38711217,0,4,0,46080,44,9538354562
1463,38640809,1518,38642327,0,6,1,1536,42,4528695162
1464,38647961,68840,38716801,0,1,0,11776,36,4326538159
1465,38663626,114117,38777743,0,2,0,64000,23,9162468217
1466,38673447,150376,38823823,0,2,0,64000,23,5789801247
1467,38693125,126384,38819509,0,1,0,84480,36,6494158292
1468,38803476,99320,38902796,0,4,0,26112,44,9807884205
1469,38806549,108680,38915229,0,9,0,56832,32,5346374006
1470,38847465,14804,38862269,0,2,1,28672,23,1855900076
1471,38873982,3128,38877110,0,6,1,9216,42,3188922945
1472,38882990,6229,38889219,0,6,1,15360,42,2870781355
1473,39039632,103220,39142852,0,7,0,38912,33,565999385
1474,39126180,6754,39132934,0,2,1,7168,23,9452113004
1475,39127289,6278,39133567,0,6,1,6656,42,4643418602
1476,39189478,110084,39299562,0,1,0,61440,36,10620299090
1477,39243781,102128,39345909,0,9,0,35328,32,6731932143
1478,39244277,139729,39384006,0,1,0,38912,36,2286853826
1479,39334835,119132,39453967,0,4,0,91136,44,851914575
1480,39396679,91484,39488163,0,1,0,25600,36,656455973
1481,39524304,81752,39606056,0,9,0,13824,32,4333385626
1482,39524527,101660,39626187,0,4,0,33792,44,6444423119
1483,39646156,107900,39754056,0,4,0,54272,44,10408071485
1484,39736237,109148,39845385,0,1,0,58368,36,9710909565
1485,39738945,115700,39854645,0,9,0,79872,32,8802885253
1486,39781860,87764,39869624,0,9,0,18432,32,8928911922
1487,39795515,5454,39800969,0,6,1,13824,42,4732424786
1488,39825032,111176,39936208,0,9,0,65024,32,4119374427
1489,39881507,94064,39975571,0,4,0,18944,44,1890570457
1490,39973859,57440,40031299,0,1,0,4608,36,9157733929
1491,40215117,45596,40260713,0,2,0,1024,23,10273852061
1492,40248788,107588,40356376,0,7,0,53248,33,5348224859
1493,40277132,1518,40278650,0,2,1,1536,23,5606913806
1494,40312223,2470,40314693,0,6,1,2560,42,4995910203
1495,40381156,97448,40478604,0,1,0,19968,36,1159325209
1496,40415185,78680,40493865,0,2,0,13824,23,4521777801
1497,40440439,116636,40557075,0,7,0,82944,33,2220814722
1498,40447903,106184,40554087,0,4,0,48640,44,2044634222
1499,40466574,6229,40472803,0,6,1,15360,42,8727426186
1500,40467116,46231,40513347,0,2,0,1024,23,5611431310
1501,40514724,47444,40562168,0,2,0,2048,23,6458864218
1502,40578603,105092,40683695,0,1,0,45056,36,8312164341
1503,40601569,65900,40667469,0,9,0,7168,32,3969729258
1504,40670644,2946,40673590,0,6,1,3072,42,6908534056
1505,40679427,75676,40755103,0,1,0,9728,36,393470735
1506,40703545,164154,40867699,0,1,0,142336,36,7755061006
1507,40757558,109148,40866706,0,7,0,58368,33,748486920
1508,40765359,1042,40766401,0,3,1,1024,11,5202760023
1509,40767511,54056,40821567,0,2,0,3584,23,2471691220
1510,40787124,1994,40789118,0,6,1,2048,42,3071190083
1511,40817831,52364,40870195,0,2,0,3072,23,5382467072
1512,40824400,1042,40825442,0,2,1,1024,23,7945904934
1513,40887924,71249,40959173,0,8,1,115200,3,9224993462
1514,40894217,566,40894783,0,3,1,512,11,1212805114
1515,40934368,7706,40942074,0,2,1,8192,23,3824600470
1516,40957124,6278,40963402,0,6,1,6656,42,9822755124
1517,40981843,3422,40985265,0,3,1,3584,11,8705307073
1518,41032523,81128,41113651,0,7,0,11776,33,5655905958
1519,41067803,3645,41071448,0,6,1,10240,42,9182131270
1520,41072690,2470,41075160,0,6,1,2560,42,7642953934
1521,41111612,66239,41177851,0,7,0,6656,33,2932780010
1522,41158688,95288,41253976,0,1,0,17920,36,7420057662
1523,41211215,48980,41260195,0,2,0,2048,23,5388795630
1524,41224383,47288,41271671,0,2,0,1536,23,8972323827
1525,41225750,78548,41304298,0,1,0,18432,36,7381827689
1526,41321299,566,41321865,0,7,1,512,33,7156686257
1527,41329608,101504,41431112,0,1,0,33280,36,6890673988
1528,41335972,78368,41414340,0,9,0,12800,32,8823244120
1529,41338031,133929,41471960,0,1,0,31232,36,6242734178
1530,41344767,65900,41410667,0,7,0,7168,33,5595631809
1531,41349749,93128,41442877,0,9,0,15872,32,3240018209
1532,41353217,6488,41359705,0,1,1,15872,36,8355762156
1533,41367869,566,41368435,0,7,1,512,33,3069624994
1534,41426255,95156,41521411,0,7,0,22528,33,4367502656
1535,41451972,1042,41453014,0,7,1,1024,33,7078631727
1536,41516162,4850,41521012,0,6,1,5120,42,5139471054
1537,41524154,4850,41529004,0,5,1,5120,19,9505581447
1538,41543453,81440,41624893,0,9,0,12800,32,2840606525
1539,41543504,2946,41546450,0,1,1,3072,36,6031723718
1540,41543613,13184,41556797,0,1,1,20480,36,4534373973
1541,41596033,1518,41597551,0,2,1,1536,23,2562354424
1542,41597292,4850,41602142,0,1,1,5120,36,2884969849
1543,41663976,1518,41665494,0,1,1,1536,36,6400048017
1544,41668384,4850,41673234,0,6,1,5120,42,7796791372
1545,41696739,174443,41871182,0,1,0,58880,36,7628475524
1546,41709630,2870,41712500,0,6,1,8704,42,4009892660
1547,41712726,110069,41822795,0,1,0,28160,36,971939520
1548,41719555,1042,41720597,0,7,1,1024,33,8383109012
1549,41720678,6754,41727432,0,7,1,7168,33,1238942395
1550,41746151,43904,41790055,0,2,0,512,23,2458727256
1551,41755436,566,41756002,0,1,1,512,36,5771255884
1552,41767431,2946,41770377,0,6,1,3072,42,1134791498
1553,41810911,43904,41854815,0,2,0,512,23,8014748650
1554,41897579,101660,41999239,0,4,0,33792,44,3136552125
1555,41909458,47288,41956746,0,7,0,1536,33,5039120894
1556,41943892,45596,41989488,0,2,0,1024,23,6578270005
1557,42048868,4937,42053805,0,8,1,12800,3,1430477518
1558,42056561,43904,42100465,0,2,0,512,23,3631879790
1559,42110600,117572,42228172,0,4,0,86016,44,9314061394
1560,42112133,14029,42126162,0,6,1,27136,42,8315351392
1561,42175148,128732,42303880,0,4,0,34816,44,575051982
1562,42184673,1518,42186191,0,6,1,1536,42,7107387962
1563,42221249,4374,42225623,0,6,1,4608,42,8063021502
1564,42235021,55748,42290769,0,1,0,4096,36,644175311
1565,42259744,1518,42261262,0,1,1,1536,36,5808563558
1566,42280120,47288,42327408,0,2,0,1536,23,7137354753
1567,42286394,43904,42330298,0,2,0,512,23,3332175974
1568,42313767,109772,42423539,0,9,0,60416,32,5233453959
1569,42327888,48980,42376868,0,7,0,2048,33,10428989123
1570,42349561,2946,42352507,0,1,1,3072,36,8982410814
1571,42398989,43904,42442893,0,7,0,512,33,3577562257
1572,42399255,1042,42400297,0,6,1,1024,42,4503057404
1573,42409159,127108,42536267,0,9,0,70144,32,5952137478
1574,42417002,1042,42418044,0,6,1,1024,42,4845561266
1575,42430448,43904,42474352,0,7,0,512,33,6496573166
1576,42464641,72733,42537374,0,9,0,3584,32,795795657
1577,42477494,48980,42526474,0,7,0,2048,33,1153613744
1578,42490436,43904,42534340,0,7,0,512,33,2782572817
1579,42496328,4374,42500702,0,6,1,4608,42,497835103
1580,42516687,2946,42519633,0,1,1,3072,36,1422054565
1581,42518628,93122,42611750,0,9,0,14848,32,10642381737
1582,42575259,5802,42581061,0,1,1,6144,36,9558618703
1583,42596433,43904,42640337,0,2,0,512,23,3997942928
1584,42626040,2470,42628510,0,1,1,2560,36,2660640585
1585,42632857,3898,42636755,0,6,1,4096,42,5279610663
1586,42633740,55748,42689488,0,4,0,4096,44,3317784046
1587,42770206,566,42770772,0,6,1,512,42,7862598793
1588,42855973,196052,43052025,0,9,0,182272,32,264551992
1589,42859701,66056,42925757,0,4,0,7680,44,10322249293
1590,42941211,3422,42944633,0,9,1,3584,32,9579205264
1591,42957967,47288,43005255,0,2,0,1536,23,2294900715
1592,42966752,117157,43083909,0,9,0,22528,32,7162870724
1593,42980956,43904,43024860,0,7,0,512,33,8382562453
1594,42999338,7706,43007044,0,1,1,8192,36,2596387046
1595,43006283,43904,43050187,0,7,0,512,33,3887827694
1596,43032556,5802,43038358,0,6,1,6144,42,6338917782
1597,43033123,101660,43134783,0,4,0,33792,44,3083969456
1598,43033573,6754,43040327,0,2,1,7168,23,2505791272
1599,43046724,1518,43048242,0,1,1,1536,36,10167974804
1600,43072536,1518,43074054,0,6,1,1536,42,363913343
1601,43090251,43904,43134155,0,7,0,512,33,5670246337
1602,43097218,4162,43101380,0,9,1,11264,32,8131968485
1603,43104208,2946,43107154,0,6,1,3072,42,7323147837
1604,43112718,3387,43116105,0,9,1,9728,32,1847023776
1605,43144409,43904,43188313,0,4,0,512,44,1147500970
1606,43156321,187794,43344115,0,9,0,58880,32,3686333088
1607,43192849,7230,43200079,0,7,1,7680,33,5716873263
1608,43201764,111332,43313096,0,4,0,65536,44,6704702073
1609,43204606,5326,43209932,0,6,1,5632,42,9864398728
1610,43222504,45596,43268100,0,2,0,1024,23,9175911216
1611,43321474,50672,43372146,0,9,0,2560,32,6851116288
1612,43352061,566,43352627,0,9,1,512,32,4576364083
1613,43370653,89768,43460421,0,1,0,19968,36,214064645
1614,43394498,89881,43484379,0,1,0,11776,36,9060107049
1615,43470445,1994,43472439,0,9,1,2048,32,108438352
1616,43484977,6754,43491731,0,9,1,7168,32,6329576176
1617,43491712,6765,43498477,0,9,1,7168,32,5965938585
1618,43513253,128648,43641901,0,4,0,122368,44,1892343059
1619,43538826,7230,43546056,0,3,1,7680,11,8997106920
1620,43542173,52520,43594693,0,9,0,3584,32,8716530939
1621,43573671,1994,43575665,0,1,1,2048,36,856730153
1622,43601157,45596,43646753,0,2,0,1024,23,1748356355
1623,43601845,99476,43701321,0,1,0,26624,36,1249914101
1624,43664029,6754,43670783,0,7,1,7168,33,10119250058
1625,43715207,2870,43718077,0,9,1,8704,32,9016022837
1626,43826834,102752,43929586,0,1,0,37376,36,7271820097
1627,43829447,4374,43833821,0,0,1,4608,17,2780320415
1628,43835020,566,43835586,0,0,1,512,17,9115100267
1629,43885538,6278,43891816,0,9,1,6656,32,10127804286
1630,43898698,81464,43980162,0,1,0,17920,36,6753831184
1631,43898752,108056,44006808,0,1,0,54784,36,6044724595
1632,43903285,3645,43906930,0,1,1,10240,36,480638435
1633,43933481,45596,43979077,0,7,0,1024,33,2624644576
1634,43959253,566,43959819,0,3,1,512,11,6390855792
1635,43998033,43904,44041937,0,2,0,512,23,7853215867
1636,44019822,3128,44022950,0,0,1,9216,17,2410193427
1637,44020728,566,44021294,0,3,1,512,11,5924383860
1638,44031693,104000,44135693,0,9,0,41472,32,6031572815
1639,44046874,1994,44048868,0,0,1,2048,17,5172813816
1640,44053398,49136,44102534,0,2,0,2560,23,8941550139
1641,44076785,2870,44079655,0,3,1,8704,11,7063585239
1642,44091022,185312,44276334,0,1,0,152064,36,4126326164
1643,44099250,3387,44102637,0,3,1,9728,11,8806558404
1644,44117468,45596,44163064,0,7,0,1024,33,4578631681
1645,44143559,43904,44187463,0,2,0,512,23,8380139675
1646,44172012,4374,44176386,0,1,1,4608,36,10404978069
1647,44174947,75164,44250111,0,4,0,17408,44,7742408013
1648,44194062,60903,44254965,0,6,0,512,42,10595140001
1649,44198454,43904,44242358,0,6,0,512,42,6606266486
1650,44208635,4937,44213572,0,0,1,12800,17,2313967917
1651,44209029,4374,44213403,0,1,1,4608,36,4112610241
1652,44210890,43904,44254794,0,6,0,512,42,5112468781
1653,44232982,46290,44279272,0,1,1,3072,36,7025835775
1654,44241471,45596,44287067,0,7,0,1024,33,1672216258
1655,44251154,4374,44255528,0,0,1,4608,17,4953979239
1656,44272012,43904,44315916,0,2,0,512,23,9526888130
1657,44298875,45596,44344471,0,2,0,1024,23,215157724
1658,44310045,43904,44353949,0,6,0,512,42,2287490198
1659,44318518,1042,44319560,0,9,1,1024,32,2963262261
1660,44373431,86852,44460283,0,4,0,20480,44,3887665520
1661,44374025,43904,44417929,0,2,0,512,23,10647499484
1662,44384816,45596,44430412,0,7,0,1024,33,1609946501
1663,44391463,2470,44393933,0,3,1,2560,11,7939269521
1664,44393947,124124,44518071,0,9,0,107520,32,4607014392
1665,44408218,2470,44410688,0,0,1,2560,17,5495782693
1666,44412493,136304,44548797,0,2,1,225280,23,7438661875
1667,44418539,109304,44527843,0,4,0,58880,44,5157187723
1668,44419149,3422,44422571,0,0,1,3584,17,6796824560
1669,44436205,140045,44576250,0,2,0,1024,23,492681039
1670,44439874,1042,44440916,0,0,1,1024,17,8726509550
1671,44474656,43904,44518560,0,6,0,512,42,3403064455
1672,44500624,1042,44501666,0,1,1,1024,36,7545958222
1673,44514357,43904,44558261,0,6,0,512,42,8623099112
1674,44537877,279212,44817089,0,9,0,293888,32,3299780622
1675,44569726,6278,44576004,0,1,1,6656,36,922899652
1676,44586090,83600,44669690,0,4,0,14848,44,8438428791
1677,44629182,126038,44755220,0,4,0,67584,44,2785080441
1678,44634534,48980,44683514,0,6,0,2048,42,8775222972
1679,44657823,3422,44661245,0,9,1,3584,32,2391364924
1680,44659728,47288,44707016,0,7,0,1536,33,2508873803
1681,44675377,172793,44848170,0,1,0,17408,36,4235948689
1682,44676268,5802,44682070,0,9,1,6144,32,663289456
1683,44695236,50681,44745917,0,2,0,512,23,4129833242
1684,44818226,3898,44822124,0,0,1,4096,17,2122457254
1685,44853966,566,44854532,0,0,1,512,17,7485084086
1686,44855455,3422,44858877,0,1,1,3584,36,2981658619
1687,44867888,3898,44871786,0,1,1,4096,36,8920826119
1688,44868641,92016,44960657,0,8,1,148992,3,7254419430
1689,44875281,1042,44876323,0,0,1,1024,17,906832005
1690,44882871,1518,44884389,0,0,1,1536,17,873625660
1691,44894735,52364,44947099,0,6,0,3072,42,5302935271
1692,44912036,45596,44957632,0,2,0,1024,23,6999393418
1693,44933188,120865,45054053,0,1,0,53248,36,4661106453
1694,44981711,105872,45087583,0,9,0,47616,32,2996287880
1695,44984308,5712,44990020,0,0,1,14336,17,586037722
1696,44988112,166905,45155017,0,9,0,40960,32,8954145942
1697,45028061,4850,45032911,0,1,1,5120,36,1562201085
1698,45032524,45596,45078120,0,2,0,1024,23,1607291849
1699,45037882,45752,45083634,0,2,0,1536,23,1939695006
1700,45044757,10806,45055563,0,1,1,1536,36,9404235371
1701,45077712,43904,45121616,0,6,0,512,42,10041079629
1702,45105378,57440,45162818,0,4,0,4608,44,7635026692
1703,45126565,47288,45173853,0,6,0,1536,42,4118650882
1704,45142090,124592,45266682,0,4,0,109056,44,4347165383
1705,45187110,45596,45232706,0,7,0,1024,33,7992666541
1706,45187501,10241,45197742,0,1,1,16384,36,3427154679
1707,45192781,43904,45236685,0,6,0,512,42,9690078247
1708,45196462,43904,45240366,0,6,0,512,42,10039001999
1709,45230239,43904,45274143,0,6,0,512,42,3763632320
1710,45239164,47288,45286452,0,6,0,1536,42,9094827789
1711,45258997,83132,45342129,0,9,0,13312,32,9177035706
1712,45338841,50672,45389513,0,7,0,2560,33,5244711585
1713,45355235,121316,45476551,0,4,0,98304,44,202114708
1714,45396856,3422,45400278,0,0,1,3584,17,7660753043
1715,45402696,2470,45405166,0,1,1,2560,36,9509715871
1716,45436351,100880,45537231,0,4,0,31232,44,6290599381
1717,45437587,120470,45558057,0,1,0,4096,36,10418563257
1718,45455268,184749,45640017,0,4,0,29696,44,10580384488
1719,45487114,124259,45611373,0,4,0,46592,44,6606549724
1720,45525341,52988,45578329,0,4,0,5120,44,8183447414
1721,45543363,65429,45608792,0,8,1,110592,3,9703065564
1722,45550629,5454,45556083,0,0,1,13824,17,4977893431
1723,45556019,7706,45563725,0,0,1,8192,17,6288153654
1724,45565217,99164,45664381,0,4,0,25600,44,10309687354
1725,45574412,151133,45725545,0,4,0,65024,44,5671319062
1726,45578308,1994,45580302,0,0,1,2048,17,6055588150
1727,45610107,15837,45625944,0,2,1,30720,23,8915841073
1728,45610964,171587,45782551,0,4,0,29184,44,7013907518
1729,45611163,7706,45618869,0,0,1,8192,17,1357401592
1730,45621587,5196,45626783,0,0,1,13312,17,957662423
1731,45652769,44060,45696829,0,7,0,1024,33,5199725021
1732,45664126,45596,45709722,0,7,0,1024,33,6066511220
1733,45669380,12566,45681946,0,2,1,20992,23,1318340481
1734,45683828,102752,45786580,0,1,0,37376,36,2170778070
1735,45689916,4374,45694290,0,1,1,4608,36,5808794016
1736,45691373,47288,45738661,0,2,0,1536,23,5264777076
1737,45696601,215876,45912477,0,1,0,51200,36,4875116918
1738,45714880,101192,45816072,0,9,0,32256,32,8491444540
1739,45724310,51774,45776084,0,8,1,83968,3,6612430516
1740,45757845,3904,45761749,0,2,1,10752,23,3491458949
1741,45763027,48980,45812007,0,1,0,2048,36,10651459077
1742,45763971,43904,45807875,0,2,0,512,23,5671373035
1743,45795374,34537,45829911,0,2,1,60416,23,8070485294
1744,45809074,113387,45922461,0,1,0,18432,36,3117495944
1745,45828873,21658,45850531,0,2,1,35328,23,388703141
1746,45838707,12170,45850877,0,2,1,512,23,904277005
1747,45873064,2946,45876010,0,1,1,3072,36,5528809098
1748,45879625,52364,45931989,0,6,0,3072,42,4159419082
1749,45898280,45596,45943876,0,6,0,1024,42,6380325181
1750,45901815,43904,45945719,0,7,0,512,33,5364525083
1751,45940757,112266,46053023,0,2,1,181760,23,10291359034
1752,45941727,1042,45942769,0,0,1,1024,17,3147903704
1753,45949312,1994,45951306,0,1,1,2048,36,7681995290
1754,45963606,94243,46057849,0,2,1,7680,23,9247376985
1755,45966014,5326,45971340,0,1,1,5632,36,4311451815
1756,45974128,100503,46074631,0,2,1,55808,23,8012119782
1757,45990460,5971,45996431,0,1,1,14848,36,5093275501
1758,45996764,4420,46001184,0,8,1,11776,3,1230151772
1759,46001031,107276,46108307,0,4,0,52224,44,2766175054
1760,46047072,2870,46049942,0,8,1,8704,3,2510762610
1761,46054652,174963,46229615,0,2,0,512,23,195563620
1762,46107924,10499,46118423,0,8,1,16896,3,7810358032
1763,46113427,2946,46116373,0,1,1,3072,36,5531987311
1764,46153219,109928,46263147,0,4,0,60928,44,2632476685
1765,46162179,6754,46168933,0,0,1,7168,17,10589033478
1766,46165103,98995,46264098,0,4,0,3072,44,9518397757
1767,46171922,13253,46185175,0,0,1,25600,17,3459670621
1768,46195182,1994,46197176,0,6,1,2048,42,2755205777
1769,46203464,31783,46235247,0,8,1,51712,3,8489108215
1770,46207557,43904,46251461,0,7,0,512,33,5738859587
1771,46237360,65667,46303027,0,2,0,1024,23,2927840606
1772,46293565,566,46294131,0,6,1,512,42,8932604138
1773,46294015,7230,46301245,0,1,1,7680,36,2723562813
1774,46297573,5971,46303544,0,6,1,14848,42,5125939402
1775,46307041,105248,46412289,0,9,0,45568,32,8352216012
1776,46309515,1042,46310557,0,0,1,1024,17,4862816342
1777,46310755,2870,46313625,0,0,1,8704,17,2602694587
1778,46313772,4850,46318622,0,8,1,5120,3,3852811313
1779,46345999,10241,46356240,0,2,1,16384,23,6042760563
1780,46484009,88364,46572373,0,9,0,15360,32,2936696068
1781,46485201,2870,46488071,0,0,1,8704,17,9452361153
1782,46549149,566,46549715,0,1,1,512,36,5178413895
1783,46562804,36863,46599667,0,2,1,65024,23,6220542842
1784,46563028,3898,46566926,0,0,1,4096,17,10275852816
1785,46570948,6488,46577436,0,8,1,15872,3,5193756853
1786,46623934,4850,46628784,0,1,1,5120,36,3304987509
1787,46632624,107120,46739744,0,9,0,51712,32,1433752475
1788,46636581,4374,46640955,0,6,1,4608,42,8338007580
1789,46638765,13253,46652018,0,2,1,25600,23,633050750
1790,46642789,47712,46690501,0,2,1,75264,23,405361101
1791,46655942,54056,46709998,0,4,0,3584,44,10419827205
1792,46656039,43904,46699943,0,7,0,512,33,1559472702
1793,46705739,180770,46886509,0,2,0,1024,23,10068589980
1794,46729382,98852,46828234,0,1,0,24576,36,2700493118
1795,46739944,3422,46743366,0,6,1,3584,42,1030323958
1796,46743909,2870,46746779,0,0,1,8704,17,3341221456
1797,46747543,45596,46793139,0,7,0,1024,33,3435119681
1798,46752070,1042,46753112,0,1,1,1024,36,1358791836
1799,46766415,5712,46772127,0,6,1,14336,42,9952931716
1800,46781740,126459,46908199,0,2,0,512,23,8425883052
1801,46806696,43904,46850600,0,4,0,512,44,1959923751
1802,46808012,2470,46810482,0,0,1,2560,17,10044025415
1803,46815213,2470,46817683,0,6,1,2560,42,249643210
1804,46853248,5802,46859050,0,6,1,6144,42,965203453
1805,46867288,4374,46871662,0,1,1,4608,36,4730354577
1806,46876233,23895,46900128,0,2,1,43008,23,8496893444
1807,46888371,95336,46983707,0,1,0,28160,36,2495929861
1808,46894600,566,46895166,0,0,1,512,17,871141780
1809,46896969,50672,46947641,0,2,0,2560,23,738167504
1810,46940318,57440,46997758,0,4,0,4608,44,675874530
1811,46948308,1042,46949350,0,6,1,1024,42,2342644196
1812,46951463,3645,46955108,0,0,1,10240,17,1424357015
1813,46956829,81620,47038449,0,9,0,18432,32,4360356776
1814,47024818,124124,47148942,0,1,0,107520,36,10596861487
1815,47031853,4374,47036227,0,1,1,4608,36,8866353440
1816,47036541,3904,47040445,0,6,1,10752,42,713973186
1817,47064794,1042,47065836,0,9,1,1024,32,1700315283
1818,47084410,1994,47086404,0,9,1,2048,32,3100555000
1819,47088473,47288,47135761,0,7,0,1536,33,7310189783
1820,47107446,566,47108012,0,1,1,512,36,6938660711
1821,47117041,5196,47122237,0,8,1,13312,3,105317600
1822,47134055,154833,47288888,0,8,1,251392,3,9070568862
1823,47199152,43904,47243056,0,7,0,512,33,10031125987
1824,47223282,1994,47225276,0,6,1,2048,42,2200304253
1825,47229361,63393,47292754,0,8,1,6144,3,5870904532
1826,47242867,4162,47247029,0,1,1,11264,36,1834823246
1827,47270151,92060,47362211,0,9,0,17408,32,8911615831
1828,47290174,3898,47294072,0,0,1,4096,17,6025297150
1829,47298563,102752,47401315,0,9,0,37376,32,3238100435
1830,47318386,108680,47427066,0,1,0,56832,36,7412216377
1831,47331891,73316,47405207,0,8,1,119296,3,8114570866
1832,47335116,3904,47339020,0,1,1,10752,36,8924288933
1833,47462410,4374,47466784,0,9,1,4608,32,7387405102
1834,47478202,1994,47480196,0,1,1,2048,36,4643251994
1835,47490793,50672,47541465,0,2,0,2560,23,2082485229
1836,47518018,45596,47563614,0,7,0,1024,33,6886979625
1837,47525754,43904,47569658,0,7,0,512,33,8092155672
1838,47528885,6488,47535373,0,9,1,15872,32,4288149861
1839,47544951,5454,47550405,0,0,1,13824,17,9535006725
1840,47574351,106808,47681159,0,1,0,50688,36,3428759315
1841,47673350,2470,47675820,0,9,1,2560,32,5339790478
1842,47674080,566,47674646,0,0,1,512,17,427213465
1843,47715080,116480,47831560,0,4,0,82432,44,9933643194
1844,47736056,10757,47746813,0,2,1,17408,23,2516304430
1845,47763090,106340,47869430,0,1,0,49152,36,9024630263
1846,47787878,164118,47951996,0,1,0,92160,36,10161907391
1847,47802731,1518,47804249,0,9,1,1536,32,8290091632
1848,47845933,107014,47952947,0,1,0,3072,36,2585399503
1849,47935403,48980,47984383,0,9,0,2048,32,405508763
1850,47956315,2870,47959185,0,0,1,8704,17,5792571967
1851,47989956,7230,47997186,0,9,1,7680,32,8630060232
1852,47996484,82088,48078572,0,4,0,19968,44,2640565129
1853,48051512,101972,48153484,0,4,0,34816,44,8151866968
1854,48076404,3422,48079826,0,9,1,3584,32,9593138801
1855,48087498,7706,48095204,0,0,1,8192,17,2142238485
1856,48088329,118772,48207101,0,9,0,83968,32,2716212790
1857,48123250,22691,48145941,0,2,1,37376,23,1380429751
1858,48184174,12737,48196911,0,2,1,24576,23,2411881902
1859,48208497,2470,48210967,0,9,1,2560,32,4146459856
1860,48235188,5802,48240990,0,3,1,6144,11,7227290533
1861,48251892,23378,48275270,0,2,1,41984,23,323191926
1862,48271583,43904,48315487,0,2,0,512,23,5364363341
1863,48294389,76832,48371221,0,4,0,12800,44,795455628
1864,48338360,43904,48382264,0,4,0,512,44,9696722252
1865,48354059,47288,48401347,0,2,0,1536,23,7049501201
1866,48371247,99632,48470879,0,9,0,27136,32,4383219379
1867,48417795,15321,48433116,0,9,1,29696,32,1652620434
1868,48437906,4374,48442280,0,6,1,4608,42,10648421574
1869,48443091,54056,48497147,0,2,0,3584,23,6539554474
1870,48509114,111800,48620914,0,4,0,67072,44,9400716348
1871,48523370,15579,48538949,0,8,1,30208,3,1511372610
1872,48525234,47288,48572522,0,9,0,1536,32,2734242158
1873,48533251,89229,48622480,0,4,0,512,44,6979368113
1874,48555438,14287,48569725,0,8,1,27648,3,6332082877
1875,48572717,4679,48577396,0,0,1,12288,17,10671260364
1876,48583017,31266,48614283,0,8,1,50688,3,1850185971
1877,48628954,1994,48630948,0,0,1,2048,17,2126960864
1878,48654750,6754,48661504,0,6,1,7168,42,1257362787
1879,48693884,43904,48737788,0,2,0,512,23,595147998
1880,48720137,62933,48783070,0,8,1,102400,3,8108813803
1881,48738491,4374,48742865,0,6,1,4608,42,4753056144
1882,48758464,4850,48763314,0,0,1,5120,17,7604907711
1883,48781103,1994,48783097,0,0,1,2048,17,10451797982
1884,48792593,20882,48813475,0,9,1,33792,32,5576672796
1885,48804278,88364,48892642,0,9,0,15360,32,5633863331
1886,48808214,103064,48911278,0,1,0,38400,36,805371224
1887,48811728,23208,48834936,0,8,1,38400,3,7812132750
1888,48885850,566,48886416,0,9,1,512,32,3901273223
1889,48887359,4850,48892209,0,8,1,5120,3,9789590044
1890,48895922,118208,49014130,0,1,0,76288,36,3743806245
1891,48906335,172703,49079038,0,1,0,128000,36,807318335
1892,48928770,204130,49132900,0,1,0,76800,36,4104937464
1893,48974359,2946,48977305,0,9,1,3072,32,1696607245
1894,49051181,30749,49081930,0,8,1,49664,3,9515506308
1895,49053871,56895,49110766,0,8,1,76288,3,3583285862
1896,49054839,6229,49061068,0,0,1,15360,17,2969302879
1897,49059864,1550,49061414,0,0,1,512,17,8634540909
1898,49060217,79775,49139992,0,1,0,2048,36,4844814330
1899,49117958,116906,49234864,0,1,0,34816,36,10576259040
1900,49150757,108056,49258813,0,9,0,54784,32,8261932715
1901,49185976,11274,49197250,0,0,1,18432,17,10345683300
1902,49224506,6488,49230994,0,0,1,15872,17,10423528156
1903,49225863,2470,49228333,0,6,1,2560,42,7495901022
1904,49269239,1042,49270281,0,5,1,1024,19,4893241003
1905,49332768,1518,49334286,0,5,1,1536,19,6303478288
1906,49500639,2470,49503109,0,5,1,2560,19,4089144022
1907,49536106,2946,49539052,0,5,1,3072,19,8015265461
1908,49560386,566,49560952,0,6,1,512,42,7758031320
1909,49566587,1042,49567629,0,6,1,1024,42,1708239401
1910,49579153,1042,49580195,0,0,1,1024,17,4564586917
1911,49612490,3645,49616135,0,2,1,10240,23,7604720820
1912,49649085,115076,49764161,0,9,0,77824,32,1866373694
1913,49661640,45596,49707236,0,2,0,1024,23,7254454685
1914,49672541,1994,49674535,0,0,1,2048,17,1329300697
1915,49794291,2470,49796761,0,0,1,2560,17,7889279451
1916,49824649,45596,49870245,0,2,0,1024,23,9393325798
1917,49909367,97448,50006815,0,9,0,19968,32,8310554108
1918,49911488,2470,49913958,0,6,1,2560,42,7624307420
1919,49920239,7230,49927469,0,0,1,7680,17,4271028762
1920,49921798,151017,50072815,0,9,0,75264,32,586817467
1921,49931398,32041,49963439,0,8,1,52224,3,10583432774
1922,49962592,3422,49966014,0,6,1,3584,42,7587648411
1923,50027063,1042,50028105,0,6,1,1024,42,5111881448
1924,50048353,4679,50053032,0,0,1,12288,17,10627645225
1925,50060122,1042,50061164,0,6,1,1024,42,6303908603
1926,50125844,100412,50226256,0,1,0,29696,36,267101341
1927,50139244,110708,50249952,0,9,0,63488,32,8814238392
1928,50139803,50741,50190544,0,2,1,81920,23,10231977840
1929,50158328,50388,50208716,0,2,0,512,23,3710073633
1930,50178157,3904,50182061,0,0,1,10752,17,3379928882
1931,50273390,566,50273956,0,7,1,512,33,19189972
1932,50318115,1518,50319633,0,0,1,1536,17,7604208124
1933,50319913,6754,50326667,0,0,1,7168,17,2516599736
1934,50325921,4374,50330295,0,8,1,4608,3,9004469283
1935,50343356,104156,50447512,0,1,0,41984,36,284201923
1936,50419485,103844,50523329,0,1,0,40960,36,9072356695
1937,50480949,54100,50535049,0,2,1,88576,23,4566396254
1938,50484958,118137,50603095,0,2,0,1024,23,6673296240
1939,50517368,6278,50523646,0,0,1,6656,17,6510204277
1940,50611705,101192,50712897,0,1,0,32256,36,6482132298
1941,50678312,6278,50684590,0,0,1,6656,17,9111032198
1942,50706223,52549,50758772,0,2,1,85504,23,7022702218
1943,50740377,2870,50743247,0,7,1,8704,33,2724131776
1944,50747179,6488,50753667,0,0,1,15872,17,3848296641
1945,50748888,10038,50758926,0,2,1,8704,23,8556696221
1946,50754629,7230,50761859,0,7,1,7680,33,5569181525
1947,50770108,111176,50881284,0,1,0,65024,36,5859966059
1948,50777195,1518,50778713,0,7,1,1536,33,8165281562
1949,50887523,1042,50888565,0,7,1,1024,33,10735023036
1950,50896129,109148,51005277,0,9,0,58368,32,3972422696
1951,50915769,99788,51015557,0,1,0,27648,36,6853291561
1952,50924704,3387,50928091,0,0,1,9728,17,7035360689
1953,50982174,1042,50983216,0,2,1,1024,23,5877271720
1954,50999704,2870,51002574,0,0,1,8704,17,3553372751
1955,51026776,45596,51072372,0,2,0,1024,23,2568250583
1956,51051080,3422,51054502,0,0,1,3584,17,5397632459
1957,51064875,7706,51072581,0,0,1,8192,17,5108876494
1958,51149169,55748,51204917,0,2,0,4096,23,8204512109
1959,51163326,51593,51214919,0,2,0,512,23,4600236967
1960,51207917,59132,51267049,0,9,0,5120,32,402743691
1961,51252452,1518,51253970,0,7,1,1536,33,5339430741
1962,51282946,3898,51286844,0,4,1,4096,44,718224157
1963,51327086,43904,51370990,0,2,0,512,23,900282545
1964,51330065,4374,51334439,0,9,1,4608,32,1100422259
1965,51370421,1518,51371939,0,7,1,1536,33,2322284752
1966,51385742,6278,51392020,0,7,1,6656,33,2146362009
1967,51424980,566,51425546,0,2,1,512,23,9274184791
1968,51459600,93566,51553166,0,2,1,152064,23,8876183480
1969,51460340,6278,51466618,0,0,1,6656,17,47264171
1970,51460860,4162,51465022,0,7,1,11264,33,8264437567
1971,51488825,85539,51574364,0,2,1,76800,23,2084227650
1972,51502980,86937,51589917,0,2,1,49664,23,9135291450
1973,51504083,5326,51509409,0,4,1,5632,44,2209845322
1974,51521438,74483,51595921,0,2,1,28672,23,1218023329
1975,51587619,9480,51597099,0,2,1,13824,23,7056004506
1976,51596478,45596,51642074,0,9,0,1024,32,9692701229
1977,51624323,145648,51769971,0,2,0,512,23,1028690250
1978,51674384,2946,51677330,0,7,1,3072,33,5208500645
1979,51680542,123032,51803574,0,1,0,103936,36,1530635732
1980,51701277,6754,51708031,0,7,1,7168,33,3118740450
1981,51766281,98696,51864977,0,9,0,24064,32,5327198610
1982,51787447,43904,51831351,0,2,0,512,23,6165072472
1983,51852097,15837,51867934,0,2,1,30720,23,1389816339
1984,51860152,110084,51970236,0,1,0,61440,36,1030114544
1985,51923742,73487,51997229,0,2,1,122880,23,4898631916
1986,51978597,15062,51993659,0,7,1,29184,33,5714170
1987,52001955,3422,52005377,0,7,1,3584,33,6712628996
1988,52012024,22862,52034886,0,2,1,40960,23,2963233218
1989,52053563,25446,52079009,0,2,1,46080,23,4286489473
1990,52069280,5802,52075082,0,3,1,6144,11,2195711033
1991,52164196,113360,52277556,0,1,0,72192,36,3491645095
1992,52355191,4937,52360128,0,7,1,12800,33,1160289277
1993,52360275,70991,52431266,0,8,1,114688,3,298411968
1994,52372324,110552,52482876,0,1,0,62976,36,7667899789
1995,52395378,43904,52439282,0,2,0,512,23,4948059288
1996,52406569,196211,52602780,0,1,0,35840,36,9680959419
1997,52420623,1042,52421665,0,7,1,1024,33,1223589693
1998,52450920,165396,52616316,0,1,0,39936,36,8592561830
1999,52452383,3904,52456287,0,0,1,10752,17,2476019148
2000,52458175,13600,52471775,0,7,1,23040,33,1409578889
2001,52540622,3128,52543750,0,2,1,9216,23,8399744546
2002,52634888,3898,52638786,0,7,1,4096,33,10426005585
2003,52672439,91772,52764211,0,9,0,21504,32,8502830350
2004,52734846,2470,52737316,0,6,1,2560,42,9472047859
2005,52747105,101504,52848609,0,1,0,33280,36,2689426482
2006,52812417,103844,52916261,0,9,0,40960,32,3656241090
2007,52830328,43904,52874232,0,2,0,512,23,3190928915
2008,52834144,45596,52879740,0,2,0,1024,23,9149329778
2009,52854717,145718,53000435,0,9,0,33792,32,6479750368
2010,52869202,147889,53017091,0,9,0,48128,32,3282395377
2011,52882550,566,52883116,0,5,1,512,19,2209030969
2012,52911775,1042,52912817,0,0,1,1024,17,2436065955
2013,52975418,5712,52981130,0,0,1,14336,17,1605583855
2014,52999832,99915,53099747,0,9,0,26112,32,8418879250
2015,53049424,43904,53093328,0,2,0,512,23,2934545021
2016,53093771,96716,53190487,0,1,0,27648,36,4700914624
2017,53134700,144437,53279137,0,1,0,90624,36,2828005011
2018,53243644,7706,53251350,0,0,1,8192,17,4788178656
2019,53271878,1042,53272920,0,0,1,1024,17,6897251169
2020,53276343,43904,53320247,0,2,0,512,23,5491506872
2021,53398132,45596,53443728,0,2,0,1024,23,8615941323
2022,53412091,70620,53482711,0,9,0,11776,32,7052973005
2023,53412335,178838,53591173,0,9,0,139776,32,6899417883
2024,53425111,3898,53429009,0,0,1,4096,17,4380496219
2025,53486202,107014,53593216,0,9,0,6656,32,4037696282
2026,53486491,6278,53492769,0,1,1,6656,36,1271542207
2027,53561334,50672,53612006,0,1,0,2560,36,6649843608
2028,53573893,2470,53576363,0,0,1,2560,17,9186834480
2029,53626570,43904,53670474,0,9,0,512,32,8251140201
2030,53704681,43904,53748585,0,6,0,512,42,6164648093
2031,53710728,45596,53756324,0,2,0,1024,23,4614156560
2032,53762200,43904,53806104,0,9,0,512,32,7717552083
2033,53802103,43904,53846007,0,2,0,512,23,4330465900
2034,53840235,566,53840801,0,1,1,512,36,9426096433
2035,53845440,6229,53851669,0,0,1,15360,17,4000286301
2036,53876438,140218,54016656,0,1,0,9728,36,7910851614
2037,53943126,47444,53990570,0,2,0,2048,23,1878602557
2038,53981659,4374,53986033,0,0,1,4608,17,5183436349
2039,54062517,25446,54087963,0,2,1,46080,23,3602333098
2040,54103722,12825,54116547,0,6,1,21504,42,9722907466
2041,54147377,6754,54154131,0,0,1,7168,17,8474809518
2042,54219115,100724,54319839,0,1,0,30720,36,613103398
2043,54220861,70967,54291828,0,2,0,512,23,7940199775
2044,54275203,47288,54322491,0,9,0,1536,32,3578445545
2045,54300216,48980,54349196,0,2,0,2048,23,4747230218
2046,54432370,21916,54454286,0,2,1,35840,23,5362549207
2047,54453011,45596,54498607,0,9,0,1024,32,1326253647
2048,54467977,43904,54511881,0,9,0,512,32,7892781604
2049,54475490,67592,54543082,0,1,0,7680,36,9349730504
2050,54500315,47288,54547603,0,9,0,1536,32,2471044447
2051,54529804,42424,54572228,0,2,1,69120,23,5637620319
2052,54546122,7230,54553352,0,7,1,7680,33,535195097
2053,54559367,18660,54578027,0,2,1,19456,23,4350107436
2054,54580096,4162,54584258,0,1,1,11264,36,3087023668
2055,54592555,4850,54597405,0,1,1,5120,36,507192442
2056,54664891,45596,54710487,0,9,0,1024,32,6495022419
2057,54741184,43904,54785088,0,2,0,512,23,9963333771
2058,54800503,3422,54803925,0,6,1,3584,42,8330579020
2059,54807858,3387,54811245,0,1,1,9728,36,8288939260
2060,54850259,3898,54854157,0,1,1,4096,36,8393866063
2061,54896593,1518,54898111,0,1,1,1536,36,4915332112
2062,54898107,23983,54922090,0,8,1,39936,3,10097467046
2063,54949746,112363,55062109,0,1,0,62976,36,3559699926
2064,54951557,87452,55039009,0,1,0,17408,36,4745613156
2065,54953712,24242,54977954,0,8,1,40448,3,8630830005
2066,55063326,566,55063892,0,8,1,512,3,353397167
2067,55082483,1518,55084001,0,7,1,1536,33,2537850978
2068,55088518,43904,55132422,0,9,0,512,32,3224972651
2069,55102090,12737,55114827,0,8,1,24576,3,7353046422
2070,55106816,100568,55207384,0,1,0,30208,36,7014947117
2071,55144603,1994,55146597,0,7,1,2048,33,1961723544
2072,55169384,2946,55172330,0,7,1,3072,33,9259836452
2073,55202772,3898,55206670,0,8,1,4096,3,3917259145
2074,55203931,51140,55255071,0,2,0,4096,23,8749038839
2075,55241591,59132,55300723,0,1,0,5120,36,3569147733
2076,55317756,566,55318322,0,8,1,512,3,7324516345
2077,55337485,2470,55339955,0,1,1,2560,36,2827053893
2078,55341660,47288,55388948,0,2,0,1536,23,5848286818
2079,55365058,6278,55371336,0,8,1,6656,3,4665542767
2080,55403211,45596,55448807,0,9,0,1024,32,9902175678
2081,55550887,100724,55651611,0,1,0,30720,36,8389635981
2082,55569956,1042,55570998,0,7,1,1024,33,1243240628
2083,55674403,7230,55681633,0,7,1,7680,33,5691179371
2084,55758788,90056,55848844,0,1,0,15872,36,9629231968
2085,55788307,1994,55790301,0,7,1,2048,33,3231920909
2086,55823739,1518,55825257,0,0,1,1536,17,3878366380
2087,55851130,45596,55896726,0,9,0,1024,32,3824144815
2088,55851977,47821,55899798,0,9,0,1024,32,3553270710
2089,55858137,1518,55859655,0,0,1,1536,17,3278538219
2090,55891195,91772,55982967,0,1,0,21504,36,3533141827
2091,55894491,4850,55899341,0,7,1,5120,33,5424911810
2092,55981601,43904,56025505,0,2,0,512,23,6392090356
2093,56067737,43904,56111641,0,2,0,512,23,6252628065
2094,56074331,7230,56081561,0,7,1,7680,33,6418967747
2095,56128869,4374,56133243,0,0,1,4608,17,3264445411
2096,56169802,48980,56218782,0,9,0,2048,32,2235642293
2097,56206922,4374,56211296,0,9,1,4608,32,1662659148
2098,56278087,1042,56279129,0,8,1,1024,3,751459979
2099,56286798,1994,56288792,0,9,1,2048,32,10062027396
2100,56310183,566,56310749,0,0,1,512,17,4742885046
2101,56312049,1518,56313567,0,7,1,1536,33,101599187
2102,56397288,5712,56403000,0,0,1,14336,17,6890147715
2103,56401448,47288,56448736,0,3,0,1536,11,7037048131
2104,56448710,11533,56460243,0,0,1,18944,17,9438404140
2105,56455969,48980,56504949,0,9,0,2048,32,8705966408
2106,56459233,7230,56466463,0,7,1,7680,33,4776790336
2107,56470905,65298,56536203,0,9,0,512,32,8300214412
2108,56492299,45596,56537895,0,9,0,1024,32,3077468844
2109,56497369,3387,56500756,0,0,1,9728,17,3023413656
2110,56503645,48980,56552625,0,2,0,2048,23,496278491
2111,56532505,1518,56534023,0,9,1,1536,32,8490202332
2112,56540771,3898,56544669,0,0,1,4096,17,7872156
2113,56568438,70976,56639414,0,1,0,8704,36,4298795967
2114,56571693,45596,56617289,0,9,0,1024,32,6296901171
2115,56574543,77744,56652287,0,3,0,10752,11,6564038749
2116,56626368,1518,56627886,0,9,1,1536,32,8748284199
2117,56627823,45596,56673419,0,2,0,1024,23,10325222472
2118,56640691,45596,56686287,0,2,0,1024,23,9417191736
2119,56645615,3898,56649513,0,7,1,4096,33,2351618316
2120,56697199,1518,56698717,0,0,1,1536,17,4743876017
2121,56729709,48980,56778689,0,2,0,2048,23,6254279295
2122,56831244,566,56831810,0,9,1,512,32,3095477958
2123,56846053,4850,56850903,0,9,1,5120,32,366224751
2124,56848121,55748,56903869,0,3,0,4096,11,2366708021
2125,57000741,119444,57120185,0,3,0,92160,11,3654503701
2126,57053911,7230,57061141,0,9,1,7680,32,6382302633
2127,57074347,15837,57090184,0,2,1,30720,23,6929774959
2128,57084718,43904,57128622,0,2,0,512,23,5958814781
2129,57101282,4850,57106132,0,9,1,5120,32,6193998781
2130,57117059,43904,57160963,0,2,0,512,23,6919011442
2131,57233301,12825,57246126,0,2,1,21504,23,4156538091
2132,57238275,1994,57240269,0,9,1,2048,32,1397401532
2133,57283217,48980,57332197,0,9,0,2048,32,6152015882
2134,57295779,45596,57341375,0,9,0,1024,32,4982417045
2135,57313677,1042,57314719,0,2,1,1024,23,8614766603
2136,57337961,566,57338527,0,0,1,512,17,2898400594
2137,57447907,102284,57550191,0,3,0,35840,11,6039182062
2138,57497500,142277,57639777,0,3,0,101888,11,7277960356
2139,57509121,25962,57535083,0,2,1,47104,23,2497258302
2140,57512315,4374,57516689,0,0,1,4608,17,6524812622
2141,57521364,566,57521930,0,0,1,512,17,5188394580
2142,57537493,43904,57581397,0,9,0,512,32,4231486103
2143,57559784,64742,57624526,0,2,1,105984,23,4845091834
2144,57662138,1518,57663656,0,0,1,1536,17,1152578963
2145,57666881,105560,57772441,0,1,0,46592,36,9872229824
2146,57722345,43904,57766249,0,9,0,512,32,4096717213
2147,57780295,566,57780861,0,3,1,512,11,4396113295
2148,57795386,43904,57839290,0,9,0,512,32,5549909997
2149,57799950,125216,57925166,0,3,0,111104,11,3410182809
2150,57804939,83318,57888257,0,2,0,512,23,8671446288
2151,57805561,110708,57916269,0,1,0,63488,36,7652571532
2152,57848332,45596,57893928,0,2,0,1024,23,86433397
2153,57850045,3387,57853432,0,2,1,9728,23,2179239377
2154,57905174,70219,57975393,0,1,0,5120,36,8698459719
2155,57972622,43904,58016526,0,2,0,512,23,4265844918
2156,58007875,86196,58094071,0,2,1,144384,23,5623997401
2157,58111624,43904,58155528,0,9,0,512,32,8183387883
2158,58112487,1518,58114005,0,2,1,1536,23,5007562030
2159,58149051,64208,58213259,0,3,0,6656,11,2991742544
2160,58189314,61285,58250599,0,2,0,512,23,10147408564
2161,58203879,3128,58207007,0,2,1,9216,23,9283493285
2162,58215316,101972,58317288,0,1,0,34816,36,9416151753
2163,58280792,5971,58286763,0,2,1,14848,23,2898283815
2164,58349174,113204,58462378,0,3,0,71680,11,1331165876
2165,58481755,84380,58566135,0,1,0,17408,36,612928264
2166,58510869,4374,58515243,0,3,1,4608,11,2872059609
2167,58547912,45596,58593508,0,2,0,1024,23,7050471104
2168,58584986,43904,58628890,0,9,0,512,32,7723657530
2169,58633380,48980,58682360,0,9,0,2048,32,5531929138
2170,58751954,16354,58768308,0,2,1,31744,23,10696227535
2171,58754414,54056,58808470,0,9,0,3584,32,8639122085
2172,58777098,43904,58821002,0,9,0,512,32,7446159842
2173,58812426,98384,58910810,0,3,0,23040,11,6365639541
2174,59004736,24242,59028978,0,2,1,40448,23,7496238392
2175,59017660,1518,59019178,0,0,1,1536,17,10418210753
2176,59043530,66955,59110485,0,2,0,512,23,1299557207
2177,59052369,2870,59055239,0,0,1,8704,17,8470113320
2178,59061232,72635,59133867,0,2,0,512,23,5869340221
2179,59091623,43904,59135527,0,2,0,512,23,4001023440
2180,59177592,43904,59221496,0,2,0,512,23,4734491053
2181,59200255,128336,59328591,0,3,0,121344,11,2181140585
2182,59251280,74360,59325640,0,9,0,9728,32,5385836995
2183,59273264,103747,59377011,0,3,0,15872,11,2981818918
2184,59280608,45596,59326204,0,2,0,1024,23,3043176732
2185,59288242,43904,59332146,0,2,0,512,23,2861063725
2186,59312639,100100,59412739,0,1,0,28672,36,9056281271
2187,59338819,4374,59343193,0,4,1,4608,44,2827945278
2188,59385654,52364,59438018,0,2,0,3072,23,8404733166
2189,59445085,113048,59558133,0,3,0,71168,11,4150624598
2190,59455195,10241,59465436,0,7,1,16384,33,7875026420
2191,59467211,45596,59512807,0,2,0,1024,23,9175415608
2192,59475430,4374,59479804,0,4,1,4608,44,5126641592
2193,59482883,1042,59483925,0,4,1,1024,44,1455560393
2194,59582030,130676,59712706,0,9,0,129024,32,306257970
2195,59653296,42166,59695462,0,4,1,68608,44,9009997864
2196,59689015,3422,59692437,0,7,1,3584,33,6043872248
2197,59700748,110958,59811706,0,9,0,25088,32,8824385964
2198,59731680,4374,59736054,0,7,1,4608,33,9898484893
2199,59749691,12995,59762686,0,4,1,25088,44,2991311038
2200,59904256,20882,59925138,0,4,1,33792,44,9196854826
2201,59906729,2946,59909675,0,7,1,3072,33,8378186160
2202,59925535,80996,60006531,0,3,0,16384,11,8029599730
2203,59946499,3387,59949886,0,4,1,9728,44,8255117619
2204,59967103,2470,59969573,0,7,1,2560,33,3940400229
2205,59977249,2946,59980195,0,7,1,3072,33,7444529397
2206,60039397,104000,60143397,0,1,0,41472,36,6750725621
2207,60055795,24154,60079949,0,4,1,43520,44,3302388810
2208,60079892,98228,60178120,0,1,0,22528,36,6066816978
2209,60108147,125528,60233675,0,3,0,112128,11,8747230395
2210,60110704,47288,60157992,0,2,0,1536,23,5745672184
2211,60127823,43904,60171727,0,2,0,512,23,9811006640
2212,60156657,126980,60283637,0,3,0,48128,11,6396597593
2213,60174268,5712,60179980,0,7,1,14336,33,2407828058
2214,60245588,43904,60289492,0,2,0,512,23,1888010991
2215,60256987,1518,60258505,0,7,1,1536,33,2042384333
2216,60274354,76587,60350941,0,4,1,129024,44,10518467533
2217,60359864,193244,60553108,0,1,0,173056,36,8932738011
2218,60359916,4850,60364766,0,0,1,5120,17,3953023249
2219,60387012,103844,60490856,0,3,0,40960,11,1048334958
2220,60406915,3898,60410813,0,0,1,4096,17,1371902510
2221,60455146,22862,60478008,0,4,1,40960,44,1670391930
2222,60485883,128648,60614531,0,9,0,122368,32,10279701490
2223,60509594,52364,60561958,0,2,0,3072,23,5661501395
2224,60518223,110396,60628619,0,3,0,62464,11,6365663653
2225,60542262,45596,60587858,0,2,0,1024,23,7885919321
2226,60559733,3645,60563378,0,0,1,10240,17,5105362601
2227,60576761,4162,60580923,0,7,1,11264,33,5867335924
2228,60617179,45596,60662775,0,2,0,1024,23,6242783177
2229,60625450,65900,60691350,0,1,0,7168,36,1602871657
2230,60628619,104468,60733087,0,1,0,43008,36,2449975809
2231,60633720,106028,60739748,0,3,0,48128,11,10034042354
2232,60648039,60866,60708905,0,4,1,98304,44,4563712803
2233,60687365,3128,60690493,0,0,1,9216,17,8054840286
2234,60689114,2626,60691740,0,0,1,1536,17,10263740684
2235,60729844,1518,60731362,0,0,1,1536,17,1524753387
2236,60744997,2946,60747943,0,0,1,3072,17,6223831011
2237,60760185,4420,60764605,0,0,1,11776,17,7987309094
2238,60815234,57440,60872674,0,1,0,4608,36,10577667428
2239,60853330,115232,60968562,0,1,0,78336,36,2305547825
2240,60965859,1994,60967853,0,0,1,2048,17,1980573129
2241,60989186,4850,60994036,0,7,1,5120,33,2623907039
2242,60998838,102908,61101746,0,9,0,37888,32,1179293429
2243,61049674,97760,61147434,0,9,0,20992,32,8604540115
2244,61165423,3422,61168845,0,0,1,3584,17,4898414670
2245,61223669,4850,61228519,0,0,1,5120,17,6781931083
2246,61240670,49292,61289962,0,2,0,3072,23,7371696441
2247,61283081,6754,61289835,0,7,1,7168,33,6444237540
2248,61296979,5326,61302305,0,7,1,5632,33,6740423507
2249,61309243,115700,61424943,0,9,0,79872,32,8473953187
2250,61357676,2946,61360622,0,5,1,3072,19,2587539061
2251,61413629,6278,61419907,0,0,1,6656,17,3003191370
2252,61426576,195896,61622472,0,9,0,181760,32,9447539991
2253,61441481,4850,61446331,0,7,1,5120,33,1169761470
2254,61456911,34537,61491448,0,4,1,60416,44,7420919240
2255,61544123,111020,61655143,0,3,0,64512,11,7404500748
2256,61640194,120033,61760227,0,3,0,45056,11,9026565802
2257,61769276,73575,61842851,0,4,1,119808,44,7373697968
2258,61840450,22691,61863141,0,4,1,37376,44,9188552549
2259,61845026,18883,61863909,0,4,1,11776,44,3763620535
2260,61856168,64395,61920563,0,4,1,108544,44,5478994834
2261,61908636,75608,61984244,0,1,0,13824,36,10480611208
2262,61990684,5802,61996486,0,0,1,6144,17,9538338450
2263,62010065,5802,62015867,0,0,1,6144,17,8859273070
2264,62035128,100568,62135696,0,3,0,30208,11,8405606314
2265,62111428,566,62111994,0,0,1,512,17,5311214045
2266,62145621,58532,62204153,0,9,0,8192,32,8546992211
2267,62158597,45596,62204193,0,2,0,1024,23,9323455149
2268,62195005,34279,62229284,0,4,1,59904,44,8524803914
2269,62253068,13512,62266580,0,4,1,26112,44,8994523621
2270,62254406,21988,62276394,0,4,1,29696,44,6380845828
2271,62300370,23466,62323836,0,4,1,38912,44,1659196255
2272,62346360,113360,62459720,0,3,0,72192,11,401291750
2273,62462635,64208,62526843,0,3,0,6656,11,10491121860
2274,62481530,3422,62484952,0,5,1,3584,19,8556764837
2275,62500629,67460,62568089,0,9,0,12288,32,2166853265
2276,62514366,100100,62614466,0,9,0,28672,32,2531988221
2277,62541325,7230,62548555,0,4,1,7680,44,9165883792
2278,62659961,40874,62700835,0,4,1,66048,44,9179676127
2279,62676710,7706,62684416,0,0,1,8192,17,5733392642
2280,62684097,1518,62685615,0,7,1,1536,33,3420545478
2281,62690580,3645,62694225,0,7,1,10240,33,2015885652
2282,62706974,1042,62708016,0,0,1,1024,17,3112122793
2283,62721716,54787,62776503,0,4,1,93184,44,4364113010
2284,62724003,54056,62778059,0,1,0,3584,36,10732247597
2285,62742267,5802,62748069,0,7,1,6144,33,1921090680
2286,62763338,3898,62767236,0,0,1,4096,17,5569800592
2287,62778701,25446,62804147,0,2,1,46080,23,3156409876
2288,62850410,22174,62872584,0,2,1,36352,23,7636051971
2289,62869362,2870,62872232,0,7,1,8704,33,2805927165
2290,62908443,100724,63009167,0,9,0,30720,32,7941164859
2291,62943830,65893,63009723,0,2,0,1024,23,8260354776
2292,62966387,190280,63156667,0,1,0,163328,36,3714897268
2293,62997482,4850,63002332,0,0,1,5120,17,9508149082
2294,63093492,98384,63191876,0,1,0,23040,36,10158361847
2295,63102668,46988,63149656,0,2,1,81408,23,9634610506
2296,63124355,95780,63220135,0,3,0,24576,11,9651192874
2297,63162558,4850,63167408,0,7,1,5120,33,9963693192
2298,63206943,50741,63257684,0,2,1,81920,23,4943368408
2299,63247673,1042,63248715,0,0,1,1024,17,10572866
2300,63254568,5326,63259894,0,4,1,5632,44,1484581062
2301,63267556,2470,63270026,0,8,1,2560,3,5014250000
2302,63309096,14804,63323900,0,2,1,28672,23,1087721200
2303,63322593,3387,63325980,0,7,1,9728,33,1285707816
2304,63325403,1042,63326445,0,0,1,1024,17,4190846390
2305,63341175,1518,63342693,0,8,1,1536,3,10472827850
2306,63392584,1042,63393626,0,4,1,1024,44,83133829
2307,63407858,6754,63414612,0,8,1,7168,3,6447667655
2308,63418370,43904,63462274,0,2,0,512,23,6311572309
2309,63434590,3904,63438494,0,2,1,10752,23,7915576974
2310,63439920,3898,63443818,0,0,1,4096,17,8634118261
2311,63451685,42424,63494109,0,2,1,69120,23,4118772932
2312,63455116,2470,63457586,0,8,1,2560,3,119907764
2313,63480489,4374,63484863,0,8,1,4608,3,1872526740
2314,63500601,3422,63504023,0,0,1,3584,17,453503919
2315,63567466,2470,63569936,0,7,1,2560,33,3153231895
2316,63583782,6278,63590060,0,5,1,6656,19,6640977415
2317,63614707,1518,63616225,0,8,1,1536,3,3331071790
2318,63636635,120692,63757327,0,1,0,96256,36,1426435879
2319,63639917,3422,63643339,0,7,1,3584,33,471929092
2320,63648090,566,63648656,0,7,1,512,33,6726289258
2321,63652697,14545,63667242,0,2,1,28160,23,5847071431
2322,63654300,566,63654866,0,7,1,512,33,1751093336
2323,63787374,4850,63792224,0,7,1,5120,33,3074951987
2324,63795728,7230,63802958,0,7,1,7680,33,2161252409
2325,63798202,101036,63899238,0,1,0,31744,36,10130400052
2326,63837172,1518,63838690,0,0,1,1536,17,8132112712
2327,63867893,56840,63924733,0,3,0,7680,11,570585784
2328,63882595,6488,63889083,0,0,1,15872,17,8555571433
2329,63902649,1518,63904167,0,7,1,1536,33,4155622972
2330,63910950,113984,64024934,0,9,0,74240,32,8169980073
2331,63928290,4679,63932969,0,0,1,12288,17,7693867098
2332,63932626,1042,63933668,0,7,1,1024,33,2789015642
2333,63936465,45596,63982061,0,2,0,1024,23,5801025604
2334,63993971,3904,63997875,0,4,1,10752,44,9793069547
2335,64025356,1518,64026874,0,0,1,1536,17,4508716573
2336,64130683,1042,64131725,0,0,1,1024,17,1784914443
2337,64164152,53583,64217735,0,2,1,87552,23,1726898578
2338,64166048,68469,64234517,0,2,1,55808,23,6140803453
2339,64186955,149883,64336838,0,2,0,512,23,9116325057
2340,64206921,101504,64308425,0,9,0,33280,32,3727556946
2341,64210482,117728,64328210,0,3,0,86528,11,6482700759
2342,64231931,52291,64284222,0,2,1,84992,23,1807645206
2343,64266266,152472,64418738,0,3,0,83968,11,2186894686
2344,64354836,3422,64358258,0,7,1,3584,33,5211456616
2345,64386084,2946,64389030,0,0,1,3072,17,9757648911
2346,64389730,1518,64391248,0,4,1,1536,44,5944230800
2347,64410222,45596,64455818,0,2,0,1024,23,9998917224
2348,64423758,110396,64534154,0,1,0,62464,36,3782066018
2349,64453994,7706,64461700,0,7,1,8192,33,8755091625
2350,64470375,4679,64475054,0,4,1,12288,44,1733961942
2351,64477673,126228,64603901,0,2,0,1536,23,9713892673
2352,64484505,43904,64528409,0,2,0,512,23,2480564828
2353,64546080,3422,64549502,0,0,1,3584,17,7903632992
2354,64610794,43904,64654698,0,3,0,512,11,3475115870
2355,64662885,1518,64664403,0,0,1,1536,17,10233625569
2356,64683023,4420,64687443,0,0,1,11776,17,1964373264
2357,64806079,46988,64853067,0,2,1,81408,23,3179196716
2358,64841392,91148,64932540,0,3,0,19456,11,1042751652
2359,64876899,41908,64918807,0,4,1,68096,44,6224948113
2360,64894839,97496,64992335,0,9,0,30208,32,3892010050
2361,64953989,24670,64978659,0,2,1,44544,23,2044725216
2362,65125861,6754,65132615,0,5,1,7168,19,2494260468
2363,65139784,12737,65152521,0,2,1,24576,23,3714281997
2364,65163697,53495,65217192,0,2,1,90624,23,8147353138
2365,65172314,15062,65187376,0,4,1,29184,44,1570399579
2366,65203651,84311,65287962,0,2,0,1024,23,377341950
2367,65204950,329297,65534247,0,2,0,512,23,1393113691
2368,65211379,67304,65278683,0,9,0,11776,32,8310305555
2369,65215436,54617,65270053,0,2,1,89600,23,6320969979
2370,65223970,67588,65291558,0,2,1,78336,23,92503565
2371,65284701,103844,65388545,0,3,0,40960,11,3552042001
2372,65303884,14117,65318001,0,2,1,24064,23,2249239448
2373,65345391,69386,65414777,0,2,0,1024,23,5645248499
2374,65383931,4420,65388351,0,0,1,11776,17,7746293015
2375,65406355,49738,65456093,0,2,0,512,23,7312985674
2376,65425842,1042,65426884,0,0,1,1024,17,6652815938
2377,65441532,80084,65521616,0,9,0,18432,32,10452814918
2378,65442809,1042,65443851,0,0,1,1024,17,4131829545
2379,65446331,78441,65524772,0,9,0,3584,32,1252646974
2380,65507479,5802,65513281,0,2,1,6144,23,5801560442
2381,65561419,127868,65689287,0,1,0,119808,36,5962308328
2382,65613225,3128,65616353,0,0,1,9216,17,6500115416
2383,65626761,33245,65660006,0,2,1,57856,23,4139773695
2384,65645048,110396,65755444,0,3,0,62464,11,9720988521
2385,65674664,33503,65708167,0,2,1,58368,23,1675045640
2386,65826445,11791,65838236,0,2,1,19456,23,10080504316
2387,65844855,4850,65849705,0,0,1,5120,17,8669949856
2388,65847454,107432,65954886,0,1,0,52736,36,2035708464
2389,65914651,43904,65958555,0,2,0,512,23,107056466
2390,65940166,69284,66009450,0,3,0,8192,11,10220458020
2391,65951224,7230,65958454,0,0,1,7680,17,8078789001
2392,65982897,208688,66191585,0,9,0,223744,32,9167061241
2393,66027510,13083,66040593,0,2,1,22016,23,4882598410
2394,66033723,47635,66081358,0,2,0,1024,23,2571445204
2395,66041425,7230,66048655,0,0,1,7680,17,6474779462
2396,66041890,8071,66049961,0,0,1,2048,17,207654925
2397,66113715,1518,66115233,0,0,1,1536,17,10015240896
2398,66143871,2946,66146817,0,2,1,3072,23,4496447174
2399,66144837,2946,66147783,0,0,1,3072,17,1867535237
2400,66189304,14117,66203421,0,2,1,24064,23,4111046015
2401,66190364,50225,66240589,0,2,0,512,23,1711985940
2402,66213792,4679,66218471,0,0,1,12288,17,7161187980
2403,66242630,72824,66315454,0,9,0,9728,32,6438214652
2404,66301309,5712,66307021,0,2,1,14336,23,841405529
2405,66314444,4420,66318864,0,2,1,11776,23,931225457
2406,66331218,56061,66387279,0,2,0,1024,23,8962361712
2407,66351275,105092,66456367,0,1,0,45056,36,7852918267
2408,66395951,44060,66440011,0,3,0,1024,11,6714537852
2409,66470195,50828,66521023,0,9,0,3072,32,6024054972
2410,66498962,119756,66618718,0,9,0,93184,32,6011049454
2411,66499568,4420,66503988,0,8,1,11776,3,3528073066
2412,66533374,101660,66635034,0,1,0,33792,36,2334284474
2413,66600334,7706,66608040,0,0,1,8192,17,5335482008
2414,66644186,45596,66689782,0,3,0,1024,11,8920370294
2415,66667897,74228,66742125,0,9,0,14336,32,4685110964
2416,66756067,57596,66813663,0,1,0,5120,36,8821263611
2417,66796992,115232,66912224,0,9,0,78336,32,9996089469
2418,66809266,107809,66917075,0,9,0,15872,32,2713179930
2419,66821724,43904,66865628,0,2,0,512,23,837538491
2420,66860271,1994,66862265,0,1,1,2048,36,7041923555
2421,66874136,65900,66940036,0,1,0,7168,36,3605733893
2422,66874483,45596,66920079,0,3,0,1024,11,9334617786
2423,67085170,83756,67168926,0,1,0,15360,36,2583260903
2424,67120096,43904,67164000,0,2,0,512,23,2414304439
2425,67350045,111800,67461845,0,1,0,67072,36,6303268244
2426,67422798,116012,67538810,0,9,0,80896,32,361945314
2427,67430212,7706,67437918,0,6,1,8192,42,2398143759
2428,67517326,43904,67561230,0,1,0,512,36,9270400641
2429,67570757,118040,67688797,0,9,0,87552,32,9584145900
2430,67600973,43904,67644877,0,2,0,512,23,4953491803
2431,67636004,75920,67711924,0,1,0,14848,36,10575250696
2432,67638795,54056,67692851,0,3,0,3584,11,3064836180
2433,67679712,84373,67764085,0,9,0,12800,32,863660218
2434,67753515,111488,67865003,0,4,0,66048,44,10720478774
2435,67771442,43904,67815346,0,2,0,512,23,3229765346
2436,67789443,84692,67874135,0,1,0,18432,36,6144794993
2437,67793025,43904,67836929,0,2,0,512,23,7596011539
2438,67796592,4374,67800966,0,6,1,4608,42,6385429882
2439,67833183,134672,67967855,0,4,0,103936,44,3409267917
2440,67845877,43904,67889781,0,3,0,512,11,8322706253
2441,67845909,1994,67847903,0,0,1,2048,17,4248589112
2442,67867919,43904,67911823,0,2,0,512,23,511304269
2443,67876150,54787,67930937,0,4,1,93184,44,2334183384
2444,67896959,324071,68221030,0,4,0,143360,44,10023015302
2445,67936498,100880,68037378,0,1,0,31232,36,4621246604
2446,67938979,3387,67942366,0,6,1,9728,42,7076878205
2447,67986745,108836,68095581,0,1,0,57344,36,1329721300
2448,68013816,1042,68014858,0,0,1,1024,17,3702283027
2449,68015815,52364,68068179,0,9,0,3072,32,2224374356
2450,68027110,566,68027676,0,4,1,512,44,2825161100
2451,68058227,2946,68061173,0,6,1,3072,42,6267945640
2452,68121214,43904,68165118,0,3,0,512,11,2505500929
2453,68126344,5802,68132146,0,6,1,6144,42,8052125863
2454,68138007,99788,68237795,0,9,0,27648,32,7395541396
2455,68155271,65774,68221045,0,4,1,57856,44,4438863078
2456,68197534,43904,68241438,0,3,0,512,11,1873651755
2457,68200912,43904,68244816,0,2,0,512,23,10687049980
2458,68227589,109148,68336737,0,9,0,58368,32,1834439970
2459,68241310,1518,68242828,0,6,1,1536,42,1604299165
2460,68325120,80372,68405492,0,4,0,14336,44,1496571050
2461,68341347,114359,68455706,0,4,0,36864,44,1706291137
2462,68373754,5326,68379080,0,6,1,5632,42,1323395409
2463,68391526,4850,68396376,0,6,1,5120,42,5567192504
2464,68411874,2870,68414744,0,6,1,8704,42,282305346
2465,68438227,566,68438793,0,6,1,512,42,5323708574
2466,68480092,6754,68486846,0,1,1,7168,36,2702915074
2467,68564952,64208,68629160,0,9,0,6656,32,573304960
2468,68570531,566,68571097,0,4,1,512,44,8214548372
2469,68596521,3898,68600419,0,7,1,4096,33,1461400632
2470,68641516,107900,68749416,0,9,0,54272,32,10332670872
2471,68647493,16613,68664106,0,4,1,32256,44,29983847
2472,68651012,42187,68693199,0,4,1,62976,44,4600569147
2473,68672841,1042,68673883,0,6,1,1024,42,2465601513
2474,68760340,7706,68768046,0,6,1,8192,42,1908306756
2475,68795212,3422,68798634,0,1,1,3584,36,4489336128
2476,68830587,5802,68836389,0,6,1,6144,42,2728760952
2477,68872017,101192,68973209,0,1,0,32256,36,4293483192
2478,68875221,43904,68919125,0,2,0,512,23,3162485252
2479,68876814,1042,68877856,0,1,1,1024,36,4884396631
2480,68889563,12566,68902129,0,4,1,20992,44,6159310395
2481,68897822,140033,69037855,0,4,0,93184,44,3060026019
2482,68899045,84824,68983869,0,9,0,13824,32,5895227676
2483,68901267,4937,68906204,0,4,1,12800,44,3664382105
2484,68925243,3898,68929141,0,6,1,4096,42,1621765203
2485,68937467,1994,68939461,0,0,1,2048,17,2401746461
2486,68986693,2470,68989163,0,1,1,2560,36,1620804147
2487,69008834,45596,69054430,0,2,0,1024,23,24701784
2488,69039217,2870,69042087,0,0,1,8704,17,6227367721
2489,69053765,5326,69059091,0,0,1,5632,17,1797201057
2490,69072847,76988,69149835,0,9,0,13312,32,8916136374
2491,69127642,566,69128208,0,1,1,512,36,445706563
2492,69157606,6278,69163884,0,6,1,6656,42,1452629922
2493,69169072,5712,69174784,0,8,1,14336,3,3018316555
2494,69178464,5802,69184266,0,0,1,6144,17,770352829
2495,69179734,7230,69186964,0,8,1,7680,3,274200654
2496,69186412,7230,69193642,0,6,1,7680,42,1843585449
2497,69188053,6255,69194308,0,6,1,11264,42,10309484179
2498,69197948,2470,69200418,0,0,1,2560,17,4698984634
2499,69221252,566,69221818,0,1,1,512,36,5752138443
2500,69234678,566,69235244,0,0,1,512,17,128508668
2501,69235391,10757,69246148,0,1,1,17408,36,9575933980
2502,69324163,3898,69328061,0,4,1,4096,44,193372810
2503,69327201,76587,69403788,0,4,1,129024,44,6804947896
2504,69328759,128200,69456959,0,1,0,67072,36,4200279703
2505,69373856,4850,69378706,0,6,1,5120,42,7692101667
2506,69378754,144376,69523130,0,4,0,46592,44,1706129231
2507,69413682,208422,69622104,0,4,0,16896,44,600367543
2508,69473546,68216,69541762,0,1,0,9728,36,9010692632
2509,69501485,84743,69586228,0,1,0,18432,36,10436164975
2510,69519375,3645,69523020,0,3,1,10240,11,9691890850
2511,69624405,116012,69740417,0,1,0,80896,36,1250867109
2512,69662724,101504,69764228,0,9,0,33280,32,10382108726
2513,69667971,5326,69673297,0,7,1,5632,33,6075570175
2514,69679190,11274,69690464,0,0,1,18432,17,4660190676
2515,69685568,103532,69789100,0,4,0,39936,44,3109771982
2516,69715046,132684,69847730,0,9,0,79360,32,263702523
2517,69733679,1042,69734721,0,6,1,1024,42,1136029870
2518,69767011,94737,69861748,0,4,0,24064,44,187709803
2519,69772167,1518,69773685,0,6,1,1536,42,10150018477
2520,69797104,96716,69893820,0,1,0,27648,36,9304875236
2521,69809387,101504,69910891,0,9,0,33280,32,2007971293
2522,69886577,43904,69930481,0,2,0,512,23,9326517188
2523,69898331,2946,69901277,0,7,1,3072,33,4352295324
2524,69904389,2946,69907335,0,1,1,3072,36,6070366606
2525,69944559,45596,69990155,0,2,0,1024,23,8393895791
2526,69944706,91172,70035878,0,1,0,24576,36,4392433097
2527,69985651,1042,69986693,0,7,1,1024,33,8611547930
2528,69995921,1042,69996963,0,1,1,1024,36,7457075943
2529,70010294,3898,70014192,0,6,1,4096,42,9761756503
2530,70039165,4850,70044015,0,0,1,5120,17,3060149332
2531,70040130,5511,70045641,0,0,1,2560,17,8174138885
2532,70067204,4679,70071883,0,1,1,12288,36,9636036297
2533,70080223,10241,70090464,0,6,1,16384,42,6698710164
2534,70084441,2946,70087387,0,1,1,3072,36,2007936833
2535,70117198,4850,70122048,0,6,1,5120,42,2196091790
2536,70140851,45596,70186447,0,2,0,1024,23,7871850816
2537,70150125,47288,70197413,0,2,0,1536,23,9346270305
2538,70168344,133913,70302257,0,1,0,54272,36,8908556992
2539,70173909,5326,70179235,0,1,1,5632,36,8901785678
2540,70210327,7706,70218033,0,0,1,8192,17,6883799707
2541,70216113,7230,70223343,0,0,1,7680,17,10078813776
2542,70223303,135607,70358910,0,1,0,32768,36,2964727048
2543,70264744,10241,70274985,0,1,1,16384,36,10278015208
2544,70301269,126932,70428201,0,9,0,116736,32,6143329103
2545,70304682,7706,70312388,0,0,1,8192,17,4581274483
2546,70371239,43904,70415143,0,2,0,512,23,685517279
2547,70372525,2470,70374995,0,0,1,2560,17,7790837407
2548,70406604,4850,70411454,0,0,1,5120,17,10389071708
2549,70438880,107276,70546156,0,1,0,52224,36,9623754617
2550,70512298,566,70512864,0,6,1,512,42,193930165
2551,70573296,45596,70618892,0,2,0,1024,23,3992325115
2552,70576182,99632,70675814,0,1,0,27136,36,7988004700
2553,70580864,1994,70582858,0,0,1,2048,17,10682517145
2554,70680242,99944,70780186,0,1,0,28160,36,2722065045
2555,70684913,566,70685479,0,0,1,512,17,7855996008
2556,70716031,1042,70717073,0,1,1,1024,36,5437284728
2557,70804722,5326,70810048,0,1,1,5632,36,10686553247
2558,70807000,43904,70850904,0,2,0,512,23,7962213445
2559,70864584,99632,70964216,0,1,0,27136,36,6493661977
2560,70893991,100100,70994091,0,4,0,28672,44,4635576445
2561,70902002,101972,71003974,0,9,0,34816,32,9290772259
2562,70932395,1994,70934389,0,1,1,2048,36,743757455
2563,70982177,566,70982743,0,0,1,512,17,8394489003
2564,70990885,45596,71036481,0,2,0,1024,23,140430640
2565,71005389,128960,71134349,0,1,0,123392,36,5061631444
2566,71022324,1042,71023366,0,0,1,1024,17,9438051127
2567,71040937,47288,71088225,0,2,0,1536,23,5215926372
2568,71068012,2470,71070482,0,1,1,2560,36,185691295
2569,71146541,43904,71190445,0,2,0,512,23,1781125653
2570,71244416,54836,71299252,0,1,0,6144,36,5858072633
2571,71275896,45596,71321492,0,3,0,1024,11,4287635552
2572,71371824,99788,71471612,0,9,0,27648,32,2980585034
2573,71375383,43904,71419287,0,2,0,512,23,4673644370
2574,71376292,43904,71420196,0,2,0,512,23,4889201037
2575,71383402,3128,71386530,0,1,1,9216,36,9370377931
2576,71403641,4850,71408491,0,9,1,5120,32,5071880109
2577,71412519,43904,71456423,0,3,0,512,11,10570192004
2578,71439064,86252,71525316,0,1,0,23552,36,5417282438
2579,71484147,84248,71568395,0,4,0,22016,44,1273849836
2580,71563464,3422,71566886,0,1,1,3584,36,9596973314
2581,71563968,10697,71574665,0,4,1,6656,44,8447726380
2582,71567984,47288,71615272,0,2,0,1536,23,10399743328
2583,71615680,43904,71659584,0,3,0,512,11,683858520
2584,71659365,45596,71704961,0,2,0,1024,23,3623714461
2585,71665203,566,71665769,0,1,1,512,36,10498992770
2586,71701520,48980,71750500,0,2,0,2048,23,7839799090
2587,71732604,2470,71735074,0,1,1,2560,36,2684852362
2588,71736792,43904,71780696,0,2,0,512,23,1309977409
2589,71781697,45596,71827293,0,2,0,1024,23,9364009487
2590,71786049,6278,71792327,0,8,1,6656,3,28291494
2591,71813707,5802,71819509,0,1,1,6144,36,7954948198
2592,71823821,43904,71867725,0,3,0,512,11,7316973598
2593,71871370,48980,71920350,0,3,0,2048,11,4552128159
2594,71929649,566,71930215,0,1,1,512,36,101664982
2595,71988575,107211,72095786,0,1,0,11264,36,8444566736
2596,72000316,61916,72062232,0,4,0,9216,44,7806470198
2597,72064798,1994,72066792,0,8,1,2048,3,6319817683
2598,72146297,105872,72252169,0,4,0,47616,44,3553088432
2599,72165463,1042,72166505,0,8,1,1024,3,10143812669
2600,72178475,96416,72274891,0,4,0,5120,44,8776916969
2601,72193622,47288,72240910,0,1,0,1536,36,8465408940
2602,72241053,112112,72353165,0,9,0,68096,32,2141534905
2603,72257780,3898,72261678,0,7,1,4096,33,196622568
2604,72271606,48980,72320586,0,4,0,2048,44,5119600335
2605,72350451,2870,72353321,0,7,1,8704,33,4699366058
2606,72363665,47288,72410953,0,1,0,1536,36,2966866062
2607,72383886,6278,72390164,0,8,1,6656,3,8817695630
2608,72386005,1994,72387999,0,7,1,2048,33,3559154638
2609,72399123,1518,72400641,0,1,1,1536,36,5932024379
2610,72435342,3645,72438987,0,8,1,10240,3,4769992021
2611,72473506,45596,72519102,0,2,0,1024,23,9731055766
2612,72532911,43904,72576815,0,0,0,512,17,8470714827
2613,72537516,4374,72541890,0,6,1,4608,42,133283061
2614,72541466,45596,72587062,0,3,0,1024,11,6391158457
2615,72573803,566,72574369,0,1,1,512,36,2267258981
2616,72592721,2470,72595191,0,1,1,2560,36,352596578
2617,72606156,566,72606722,0,6,1,512,42,10113506512
2618,72656213,48980,72705193,0,1,0,2048,36,4348816130
2619,72714313,1994,72716307,0,7,1,2048,33,7856823230
2620,72717581,45596,72763177,0,2,0,1024,23,5115854693
2621,72717649,43904,72761553,0,2,0,512,23,9124276125
2622,72721907,24412,72746319,0,8,1,44032,3,5611790354
2623,72744544,43904,72788448,0,2,0,512,23,1498836412
2624,72788701,4374,72793075,0,1,1,4608,36,9041725210
2625,72791680,71156,72862836,0,8,0,14336,3,538735632
2626,72861523,45596,72907119,0,2,0,1024,23,10350713971
2627,72905100,48980,72954080,0,2,0,2048,23,6956435855
2628,72911732,101504,73013236,0,9,0,33280,32,8344908477
2629,72959848,47288,73007136,0,2,0,1536,23,3538744441
2630,72982045,47288,73029333,0,2,0,1536,23,9805176528
2631,73003506,2470,73005976,0,6,1,2560,42,6205614152
2632,73011090,7706,73018796,0,7,1,8192,33,5845024284
2633,73017805,1042,73018847,0,1,1,1024,36,6144864519
2634,73030843,3422,73034265,0,6,1,3584,42,7564747438
2635,73103409,4374,73107783,0,7,1,4608,33,9973161321
2636,73157597,4374,73161971,0,6,1,4608,42,4136203897
2637,73160039,1518,73161557,0,1,1,1536,36,7632009451
2638,73189915,3128,73193043,0,6,1,9216,42,7317524550
2639,73197860,43904,73241764,0,2,0,512,23,3697156952
2640,73205841,3387,73209228,0,3,1,9728,11,5864983007
2641,73231301,3128,73234429,0,6,1,9216,42,2479665788
2642,73240217,5326,73245543,0,3,1,5632,11,9852267741
2643,73255760,566,73256326,0,6,1,512,42,4681349620
2644,73270791,3898,73274689,0,6,1,4096,42,10525794197
2645,73293969,1518,73295487,0,1,1,1536,36,9575184938
2646,73341848,2470,73344318,0,6,1,2560,42,3365603140
2647,73366229,566,73366795,0,1,1,512,36,1416279458
2648,73366979,124904,73491883,0,4,0,110080,44,1290671307
2649,73371453,43904,73415357,0,1,0,512,36,8778391176
2650,73388343,45596,73433939,0,2,0,1024,23,9910564789
2651,73395820,13770,73409590,0,6,1,26624,42,10422860028
2652,73400940,43904,73444844,0,2,0,512,23,2790268594
2653,73414551,47288,73461839,0,1,0,1536,36,3226349927
2654,73423373,3128,73426501,0,1,1,9216,36,2386908732
2655,73453720,76587,73530307,0,2,1,129024,23,319005606
2656,73529832,72799,73602631,0,2,1,118272,23,1528363628
2657,73542370,109460,73651830,0,9,0,59392,32,5356611480
2658,73551046,4374,73555420,0,8,1,4608,3,10600885948
2659,73566916,75637,73642553,0,2,0,1024,23,2051098748
2660,73595681,3422,73599103,0,8,1,3584,3,3461196764
2661,73601367,5971,73607338,0,1,1,14848,36,5714899195
2662,73637844,56337,73694181,0,2,1,96256,23,6468242666
2663,73651361,2470,73653831,0,6,1,2560,42,9165762237
2664,73660532,102128,73762660,0,4,0,35328,44,7636912979
2665,73668023,7230,73675253,0,6,1,7680,42,10089141606
2666,73719144,3422,73722566,0,6,1,3584,42,7561671774
2667,73730851,4850,73735701,0,6,1,5120,42,3768147462
2668,73844264,5196,73849460,0,2,1,13312,23,8935423485
2669,73884664,45596,73930260,0,1,0,1024,36,8492551031
2670,73932307,3128,73935435,0,1,1,9216,36,6027487041
2671,73935110,49034,73984144,0,1,0,2048,36,2741246472
2672,73960483,3898,73964381,0,1,1,4096,36,1149247305
2673,73972257,106028,74078285,0,4,0,48128,44,3723626477
2674,74024806,95057,74119863,0,1,0,1024,36,957306719
2675,74031066,20882,74051948,0,2,1,33792,23,8564527077
2676,74036630,89007,74125637,0,4,0,9728,44,5255356403
2677,74046815,1518,74048333,0,8,1,1536,3,9506733792
2678,74064706,1518,74066224,0,8,1,1536,3,6959607058
2679,74095306,47288,74142594,0,1,0,1536,36,7676628146
2680,74120439,48609,74169048,0,1,0,1536,36,3880236553
2681,74120555,102908,74223463,0,4,0,37888,44,1963514433
2682,74185875,4679,74190554,0,1,1,12288,36,7960456710
2683,74218104,1042,74219146,0,8,1,1024,3,1778720387
2684,74257317,48980,74306297,0,4,0,2048,44,8191758787
2685,74344241,12566,74356807,0,2,1,20992,23,2012481527
2686,74411286,2946,74414232,0,8,1,3072,3,3318667570
2687,74412994,1584,74414578,0,8,1,512,3,5840851980
2688,74414896,115856,74530752,0,4,0,80384,44,6486213219
2689,74525299,98236,74623535,0,4,1,150528,44,5560548622
2690,74536708,5802,74542510,0,2,1,6144,23,4959631017
2691,74578773,566,74579339,0,8,1,512,3,9478675726
2692,74608722,43904,74652626,0,1,0,512,36,4680603738
2693,74612336,43904,74656240,0,2,0,512,23,5946241731
2694,74620244,1518,74621762,0,1,1,1536,36,8977749555
2695,74639997,81891,74721888,0,2,1,132608,23,9539427702
2696,74688821,43904,74732725,0,1,0,512,36,7030558988
2697,74693234,2946,74696180,0,1,1,3072,36,10400981384
2698,74712073,44034,74756107,0,1,0,512,36,10078093680
2699,74764748,3645,74768393,0,2,1,10240,23,499296389
2700,74770922,43904,74814826,0,1,0,512,36,1204733509
2701,74803202,61382,74864584,0,4,1,99328,44,508895812
2702,74821488,3904,74825392,0,2,1,10752,23,1314014571
2703,74825546,264093,75089639,0,4,0,50176,44,1173390941
2704,74906952,45596,74952548,0,1,0,1024,36,9584191362
2705,74973796,4162,74977958,0,1,1,11264,36,3659434647
2706,74984766,43904,75028670,0,2,0,512,23,5325559769
2707,75001257,3898,75005155,0,1,1,4096,36,9843750201
2708,75048141,4850,75052991,0,1,1,5120,36,7112873723
2709,75086849,2470,75089319,0,0,1,2560,17,9610610332
2710,75101745,6278,75108023,0,2,1,6656,23,7716789318
2711,75135071,1042,75136113,0,0,1,1024,17,10516782755
2712,75158244,1042,75159286,0,2,1,1024,23,4885635379
2713,75185649,2870,75188519,0,1,1,8704,36,7306730077
2714,75185902,1518,75187420,0,0,1,1536,17,6916649403
2715,75204709,11274,75215983,0,1,1,18432,36,7014209777
2716,75211559,3422,75214981,0,0,1,3584,17,3231769608
2717,75228540,7706,75236246,0,1,1,8192,36,535135692
2718,75236531,1994,75238525,0,0,1,2048,17,4057605881
2719,75250608,1518,75252126,0,2,1,1536,23,4994409235
2720,75258114,1042,75259156,0,2,1,1024,23,5055720650
2721,75316333,12566,75328899,0,0,1,20992,17,8448516650
2722,75320052,5326,75325378,0,7,1,5632,33,6692498011
2723,75333076,5196,75338272,0,4,1,13312,44,716091258
2724,75346819,1994,75348813,0,0,1,2048,17,7877571501
2725,75382896,1994,75384890,0,7,1,2048,33,9111680239
2726,75475740,47288,75523028,0,2,0,1536,23,7298331686
2727,75511554,45596,75557150,0,1,0,1024,36,6707025272
2728,75552963,166162,75719125,0,4,1,273408,44,3149472598
2729,75561849,4850,75566699,0,7,1,5120,33,1451259690
2730,75585628,134061,75719689,0,4,1,10752,44,1029342406
2731,75600178,156927,75757105,0,4,1,121856,44,6690431779
2732,75602319,50672,75652991,0,2,0,2560,23,9155861175
2733,75617340,155216,75772556,0,4,1,49152,44,1442002339
2734,75683718,5196,75688914,0,0,1,13312,17,3056719269
2735,75716881,2946,75719827,0,0,1,3072,17,1981687207
2736,75728723,6278,75735001,0,8,1,6656,3,9385828756
2737,75734795,45596,75780391,0,2,0,1024,23,7533793655
2738,75750577,2946,75753523,0,0,1,3072,17,6366015643
2739,75763944,6278,75770222,0,3,1,6656,11,8666028619
2740,75889101,47288,75936389,0,2,0,1536,23,8108542537
2741,75893478,1518,75894996,0,9,1,1536,32,9574116581
2742,75955431,5196,75960627,0,0,1,13312,17,2170993059
2743,75974651,43904,76018555,0,4,0,512,44,352163837
2744,76017088,14545,76031633,0,0,1,28160,17,7381500594
2745,76061535,107900,76169435,0,4,0,54272,44,4989473470
2746,76091231,1994,76093225,0,2,1,2048,23,10381498631
2747,76138172,125223,76263395,0,4,0,62976,44,6129329995
2748,76170884,3128,76174012,0,9,1,9216,32,5750545138
2749,76227284,3422,76230706,0,0,1,3584,17,2076506205
2750,76250058,35503,76285561,0,4,1,36352,44,4000768192
2751,76269004,43904,76312908,0,2,0,512,23,5311136013
2752,76292414,73938,76366352,0,4,0,512,44,6487349054
2753,76331103,1518,76332621,0,4,1,1536,44,6269349676
2754,76353857,6754,76360611,0,9,1,7168,32,2504278269
2755,76405217,58532,76463749,0,4,0,8192,44,3476750360
2756,76429465,6229,76435694,0,0,1,15360,17,9320703473
2757,76481182,1042,76482224,0,9,1,1024,32,460508702
2758,76486307,83444,76569751,0,4,0,14336,44,2629618747
2759,76575355,566,76575921,0,3,1,512,11,3800877831
2760,76623657,566,76624223,0,9,1,512,32,6926327147
2761,76665790,566,76666356,0,0,1,512,17,7259211407
2762,76685877,45752,76731629,0,1,0,1536,36,7803908731
2763,76753163,78524,76831687,0,4,0,13312,44,5784266201
2764,76754648,2946,76757594,0,0,1,3072,17,5947914269
2765,76777262,43904,76821166,0,2,0,512,23,8802559470
2766,76819400,45596,76864996,0,1,0,1024,36,9943691592
2767,76867516,47288,76914804,0,1,0,1536,36,2241218630
2768,76882318,43904,76926222,0,2,0,512,23,8363993266
2769,76902928,43904,76946832,0,1,0,512,36,9880527368
2770,76918793,3898,76922691,0,0,1,4096,17,9603168944
2771,77058097,1042,77059139,0,1,1,1024,36,8239479731
2772,77072592,109148,77181740,0,4,0,58368,44,6380766245
2773,77135057,43904,77178961,0,2,0,512,23,10177323621
2774,77189353,1994,77191347,0,1,1,2048,36,10034202396
2775,77249557,5326,77254883,0,4,1,5632,44,4264012466
2776,77256753,3904,77260657,0,4,1,10752,44,7463017991
2777,77280916,1518,77282434,0,4,1,1536,44,7110521153
2778,77327745,1518,77329263,0,1,1,1536,36,5583222173
2779,77425303,10241,77435544,0,4,1,16384,44,5749883181
2780,77483530,6278,77489808,0,0,1,6656,17,2864467885
2781,77545685,45596,77591281,0,2,0,1024,23,743376593
2782,77546850,47288,77594138,0,1,0,1536,36,4238523083
2783,77580979,1994,77582973,0,0,1,2048,17,1041103965
2784,77589764,43904,77633668,0,2,0,512,23,4820181848
2785,77598722,1518,77600240,0,1,1,1536,36,10544116482
2786,77614516,43904,77658420,0,1,0,512,36,8123450808
2787,77713786,10241,77724027,0,5,1,16384,19,7667315881
2788,77751113,5712,77756825,0,0,1,14336,17,2102927357
2789,77849194,6278,77855472,0,0,1,6656,17,3441974151
2790,77902066,112268,78014334,0,4,0,68608,44,10237526708
2791,77912263,148259,78060522,0,4,0,58880,44,7808170
2792,77940173,3645,77943818,0,0,1,10240,17,5533415687
2793,77993484,21425,78014909,0,4,1,512,44,5090395926
2794,77993762,156664,78150426,0,4,0,54272,44,643241548
2795,78074652,43904,78118556,0,2,0,512,23,1050458339
2796,78090184,43904,78134088,0,1,0,512,36,6370588857
2797,78097774,5454,78103228,0,1,1,13824,36,6298418644
2798,78108371,107744,78216115,0,4,0,53760,44,2790345477
2799,78137061,3898,78140959,0,0,1,4096,17,5212806202
2800,78188074,43904,78231978,0,2,0,512,23,7040219427
2801,78386523,43904,78430427,0,2,0,512,23,5587468908
2802,78414713,45596,78460309,0,2,0,1024,23,3259790231
2803,78480291,10757,78491048,0,5,1,17408,19,6643884591
2804,78494284,12049,78506333,0,0,1,19968,17,5488240580
2805,78526586,12995,78539581,0,4,1,25088,44,9418508825
2806,78533674,43904,78577578,0,1,0,512,36,1955591520
2807,78544479,47288,78591767,0,1,0,1536,36,2755064803
2808,78606450,47288,78653738,0,2,0,1536,23,2672881275
2809,78649372,566,78649938,0,0,1,512,17,139804024
2810,78653417,101349,78754766,0,2,0,31744,23,8715032081
2811,78689340,1042,78690382,0,0,1,1024,17,107027942
2812,78775149,106028,78881177,0,2,0,48128,23,4302214717
2813,78775184,566,78775750,0,0,1,512,17,205032993
2814,78776661,54524,78831185,0,4,0,5120,44,81237305
2815,78826166,59506,78885672,0,1,0,512,36,118715613
2816,78839106,126277,78965383,0,2,0,24064,23,4255104879
2817,78841768,45596,78887364,0,1,0,1024,36,7761932766
2818,78853991,1042,78855033,0,2,1,1024,23,5446936360
2819,78857471,81908,78939379,0,2,0,14336,23,1179193435
2820,78893317,4374,78897691,0,5,1,4608,19,427490760
2821,78956501,98384,79054885,0,4,0,23040,44,5632128598
2822,79008396,1994,79010390,0,0,1,2048,17,1933573124
2823,79009888,2946,79012834,0,5,1,3072,19,7700787635
2824,79045307,47288,79092595,0,1,0,1536,36,1767389114
2825,79116703,1994,79118697,0,2,1,2048,23,928104279
2826,79122797,43904,79166701,0,1,0,512,36,3405308543
2827,79174136,1518,79175654,0,2,1,1536,23,3604572291
2828,79194666,43904,79238570,0,1,0,512,36,10503572169
2829,79212295,5802,79218097,0,0,1,6144,17,461736734
2830,79235716,566,79236282,0,0,1,512,17,4040463423
2831,79289745,86228,79375973,0,4,0,18432,44,2430904276
2832,79298732,125493,79424225,0,4,0,55808,44,1103612043
2833,79358744,3904,79362648,0,0,1,10752,17,2771042878
2834,79398183,6754,79404937,0,0,1,7168,17,1809814907
2835,79434777,100568,79535345,0,4,0,30208,44,1860148975
2836,79452641,91616,79544257,0,2,0,20992,23,4123223217
2837,79497037,52364,79549401,0,1,0,3072,36,8464636814
2838,79535867,45596,79581463,0,1,0,1024,36,8500001291
2839,79591438,2470,79593908,0,5,1,2560,19,640236520
2840,79603853,55748,79659601,0,4,0,4096,44,5079463913
2841,79644496,4374,79648870,0,2,1,4608,23,8495325886
2842,79700385,5326,79705711,0,3,1,5632,11,3950305979
2843,79752034,1518,79753552,0,5,1,1536,19,1380377133
2844,79794359,1518,79795877,0,2,1,1536,23,3519643960
2845,79814914,4679,79819593,0,2,1,12288,23,10294196443
2846,79924588,4850,79929438,0,0,1,5120,17,5046102715
2847,79948149,6278,79954427,0,2,1,6656,23,1231897173
2848,79954949,47288,80002237,0,1,0,1536,36,2934990678
2849,79972114,43904,80016018,0,1,0,512,36,8263332573
2850,79984402,3422,79987824,0,2,1,3584,23,9869962378
2851,79986314,59303,80045617,0,1,0,512,36,8994363176
2852,79992575,1518,79994093,0,3,1,1536,11,7631198263
2853,80033818,104000,80137818,0,2,0,41472,23,10620643588
2854,80046768,4850,80051618,0,3,1,5120,11,8472070254
2855,80070603,94688,80165291,0,4,0,20992,44,8969205329
2856,80097823,108368,80206191,0,2,0,55808,23,4556144951
2857,80136540,7548,80144088,0,2,1,6656,23,2716444020
2858,80173170,6278,80179448,0,3,1,6656,11,8677865213
2859,80175521,99788,80275309,0,4,0,27648,44,892550615
2860,80230171,43904,80274075,0,1,0,512,36,4861711057
2861,80230484,3422,80233906,0,2,1,3584,23,2139352133
2862,80284573,4162,80288735,0,2,1,11264,23,1959679651
2863,80289242,5802,80295044,0,0,1,6144,17,9947039778
2864,80314303,43904,80358207,0,1,0,512,36,6523632563
2865,80315097,3422,80318519,0,0,1,3584,17,1250936565
2866,80343492,5326,80348818,0,5,1,5632,19,8799720648
2867,80361407,3645,80365052,0,0,1,10240,17,6848436956
2868,80401673,43904,80445577,0,1,0,512,36,10137741175
2869,80445298,1994,80447292,0,5,1,2048,19,1958546230
2870,80460366,2470,80462836,0,0,1,2560,17,10009847288
2871,80462128,1518,80463646,0,5,1,1536,19,9704796062
2872,80492740,1042,80493782,0,5,1,1024,19,10258284375
2873,80669833,3422,80673255,0,5,1,3584,19,4784822000
2874,80684077,1518,80685595,0,3,1,1536,11,7436461226
2875,80698394,51140,80749534,0,2,0,4096,23,299790971
2876,80736930,43904,80780834,0,1,0,512,36,10012618790
2877,80741554,1518,80743072,0,5,1,1536,19,3732018890
2878,80753581,2946,80756527,0,5,1,3072,19,8773548992
2879,80754421,3904,80758325,0,3,1,10752,11,9377882308
2880,80785793,2470,80788263,0,5,1,2560,19,3081895833
2881,80852009,1994,80854003,0,3,1,2048,11,5072346607
2882,80964661,1042,80965703,0,0,1,1024,17,7801111065
2883,80987659,95180,81082839,0,2,0,27648,23,8769905443
2884,80990318,2946,80993264,0,3,1,3072,11,1576042582
2885,81012255,566,81012821,0,0,1,512,17,9578065581
2886,81033415,45596,81079011,0,1,0,1024,36,4904695912
2887,81045582,5326,81050908,0,3,1,5632,11,6356693157
2888,81098322,3387,81101709,0,3,1,9728,11,8680956252
2889,81118983,3898,81122881,0,3,1,4096,11,3637877375
2890,81139320,5326,81144646,0,5,1,5632,19,3625889495
2891,81218298,3422,81221720,0,9,1,3584,32,1396281593
2892,81275292,109460,81384752,0,4,0,59392,44,1220572747
2893,81288202,47288,81335490,0,1,0,1536,36,2132103921
2894,81315221,1042,81316263,0,3,1,1024,11,7223350224
2895,81379740,3422,81383162,0,0,1,3584,17,7807020754
2896,81460363,3422,81463785,0,3,1,3584,11,127958572
2897,81472227,1042,81473269,0,5,1,1024,19,5096369240
2898,81479830,5454,81485284,0,5,1,13824,19,7185955357
2899,81496979,2470,81499449,0,5,1,2560,19,10346857625
2900,81501237,1518,81502755,0,3,1,1536,11,8118929649
2901,81510499,102596,81613095,0,4,0,36864,44,4014372559
2902,81549776,85292,81635068,0,4,0,15360,44,419647271
2903,81562645,2946,81565591,0,9,1,3072,32,8246488516
2904,81570214,11533,81581747,0,9,1,18944,32,860827754
2905,81605766,10499,81616265,0,5,1,16896,19,592199547
2906,81632645,4374,81637019,0,9,1,4608,32,8245964989
2907,81649689,2470,81652159,0,9,1,2560,32,3687413791
2908,81673680,102284,81775964,0,4,0,35840,44,9964763049
2909,81691362,43904,81735266,0,1,0,512,36,10436231670
2910,81716401,108524,81824925,0,2,0,56320,23,4735406190
2911,81735262,3422,81738684,0,0,1,3584,17,2991020852
2912,81746177,68996,81815173,0,4,0,12288,44,8425058157
2913,81760817,62516,81823333,0,4,0,6144,44,9678405408
2914,81843695,4679,81848374,0,3,1,12288,11,4532304630
2915,81850393,1042,81851435,0,8,1,1024,3,9770024665
2916,81851065,1994,81853059,0,3,1,2048,11,6480819863
2917,81853730,3898,81857628,0,9,1,4096,32,5335363936
2918,81870002,2470,81872472,0,9,1,2560,32,3900754287
2919,81891459,118352,82009811,0,4,0,88576,44,9115242563
2920,81904884,145499,82050383,0,4,0,60416,44,1331258244
2921,81906160,63452,81969612,0,2,0,9216,23,7076623697
2922,81921897,1518,81923415,0,5,1,1536,19,9650272290
2923,81923287,3898,81927185,0,9,1,4096,32,5798706110
2924,81941929,566,81942495,0,3,1,512,11,7002600960
2925,81948347,142008,82090355,0,4,0,53248,44,9421752348
2926,81992959,75764,82068723,0,2,0,14336,23,6858194452
2927,82023073,1994,82025067,0,5,1,2048,19,994743932
2928,82029715,3898,82033613,0,5,1,4096,19,10426557130
2929,82055424,4937,82060361,0,0,1,12800,17,666935288
2930,82082089,67592,82149681,0,2,0,7680,23,3000705456
2931,82090368,3645,82094013,0,8,1,10240,3,5739992531
2932,82095513,5326,82100839,0,8,1,5632,3,10076916134
2933,82098356,45596,82143952,0,1,0,1024,36,7103455767
2934,82103680,53144,82156824,0,2,0,5632,23,3695259482
2935,82128217,4374,82132591,0,9,1,4608,32,4518346139
2936,82220196,1994,82222190,0,0,1,2048,17,10288282095
2937,82223862,1994,82225856,0,5,1,2048,19,9456763221
2938,82264793,43904,82308697,0,1,0,512,36,8605673335
2939,82266706,100412,82367118,0,2,0,29696,23,5356156525
2940,82283841,1042,82284883,0,9,1,1024,32,7108990680
2941,82296342,2470,82298812,0,3,1,2560,11,558561619
2942,82366616,45596,82412212,0,1,0,1024,36,5836414696
2943,82372496,109928,82482424,0,2,0,60928,23,4492394401
2944,82385396,6488,82391884,0,0,1,15872,17,10303688740
2945,82387613,52364,82439977,0,1,0,3072,36,5020594734
2946,82398044,1994,82400038,0,9,1,2048,32,6833688524
2947,82452250,566,82452816,0,8,1,512,3,9898873755
2948,82458927,2470,82461397,0,8,1,2560,3,9880507774
2949,82516015,43904,82559919,0,1,0,512,36,1766882943
2950,82552004,4850,82556854,0,0,1,5120,17,4731776448
2951,82589434,1042,82590476,0,0,1,1024,17,1964119998
2952,82592677,1518,82594195,0,3,1,1536,11,1831487369
2953,82654767,1518,82656285,0,9,1,1536,32,6973542741
2954,82681059,3128,82684187,0,0,1,9216,17,773059131
2955,82709140,1042,82710182,0,0,1,1024,17,9652718954
2956,82710497,43904,82754401,0,1,0,512,36,4811771016
2957,82747573,3422,82750995,0,8,1,3584,3,2394504489
2958,82773623,5326,82778949,0,3,1,5632,11,7677275087
2959,82814915,1042,82815957,0,8,1,1024,3,8735160743
2960,82850896,2870,82853766,0,9,1,8704,32,8722065976
2961,82863640,4850,82868490,0,0,1,5120,17,248894520
2962,82888763,49136,82937899,0,1,0,2560,36,3848271579
2963,82930706,4679,82935385,0,8,1,12288,3,4292621920
2964,82943731,2946,82946677,0,3,1,3072,11,2235282440
2965,82946117,43904,82990021,0,1,0,512,36,8730903217
2966,82976405,110864,83087269,0,4,0,64000,44,4932855418
2967,82990720,64208,83054928,0,4,0,6656,44,4518643974
2968,83046557,101348,83147905,0,2,0,32768,23,9188080540
2969,83129198,3645,83132843,0,0,1,10240,17,2440195362
2970,83146753,5326,83152079,0,3,1,5632,11,2307154229
2971,83157732,43904,83201636,0,1,0,512,36,5551158023
2972,83161540,3645,83165185,0,0,1,10240,17,5706134744
2973,83168305,6754,83175059,0,3,1,7168,11,5849752658
2974,83181240,566,83181806,0,3,1,512,11,1258339642
2975,83191407,5802,83197209,0,0,1,6144,17,4416056639
2976,83248169,1518,83249687,0,0,1,1536,17,9558606738
2977,83281886,6278,83288164,0,3,1,6656,11,10241734495
2978,83330269,1518,83331787,0,9,1,1536,32,10222703376
2979,83331946,1042,83332988,0,8,1,1024,3,2528053052
2980,83342719,14117,83356836,0,0,1,24064,17,6063337406
2981,83345734,13368,83359102,0,0,1,3584,17,3260562569
2982,83360621,6278,83366899,0,9,1,6656,32,6088251878
2983,83365519,99320,83464839,0,2,0,26112,23,9279787498
2984,83420065,15321,83435386,0,9,1,29696,32,1662400894
2985,83438374,566,83438940,0,0,1,512,17,4611949782
2986,83443117,7230,83450347,0,3,1,7680,11,62172640
2987,83452018,100256,83552274,0,2,0,29184,23,4984249521
2988,83452596,3128,83455724,0,3,1,9216,11,481357324
2989,83454482,45179,83499661,0,9,1,77824,32,60419289
2990,83496890,107588,83604478,0,4,0,53248,44,2278223813
2991,83544459,566,83545025,0,8,1,512,3,697592757
2992,83620969,66979,83687948,0,9,1,113664,32,9627198673
2993,83677688,36087,83713775,0,9,1,63488,32,852679000
2994,83735462,4850,83740312,0,5,1,5120,19,6693978411
2995,83745402,566,83745968,0,9,1,512,32,672278154
2996,83758085,190124,83948209,0,2,0,162816,23,5258270998
2997,83791311,3898,83795209,0,8,1,4096,3,4692544949
2998,83841922,7706,83849628,0,8,1,8192,3,8198853048
2999,83851324,1518,83852842,0,3,1,1536,11,7360687735
3000,83865163,46471,83911634,0,9,1,80384,32,5138303174
3001,83873454,98252,83971706,0,4,0,27648,44,8386946877
3002,83902088,1518,83903606,0,3,1,1536,11,10710251910
3003,83934138,104000,84038138,0,4,0,41472,44,10440137325
3004,83935386,566,83935952,0,3,1,512,11,5088292725
3005,83942985,3422,83946407,0,8,1,3584,3,7212908610
3006,83971012,106184,84077196,0,2,0,48640,23,9541905154
3007,84012177,114296,84126473,0,4,0,75264,44,10384158955
3008,84038956,6754,84045710,0,3,1,7168,11,6614917925
3009,84090837,3387,84094224,0,9,1,9728,32,1906154533
3010,84098934,2946,84101880,0,7,1,3072,33,8162640484
3011,84099095,88364,84187459,0,4,0,15360,44,7233392794
3012,84131863,5802,84137665,0,7,1,6144,33,8656154747
3013,84189671,3898,84193569,0,8,1,4096,3,4232685600
3014,84218172,1518,84219690,0,7,1,1536,33,2985436238
3015,84228942,2946,84231888,0,7,1,3072,33,7183554482
3016,84232239,94770,84327009,0,9,1,157696,32,3068369923
3017,84250370,97004,84347374,0,2,0,23552,23,8702148605
3018,84289045,566,84289611,0,7,1,512,33,10721036958
3019,84318287,45596,84363883,0,4,0,1024,44,942124296
3020,84331851,1042,84332893,0,8,1,1024,3,10510313914
3021,84460540,2946,84463486,0,7,1,3072,33,7476101524
3022,84505216,43904,84549120,0,1,0,512,36,6220905516
3023,84570765,104000,84674765,0,2,0,41472,23,10147514099
3024,84592692,1518,84594210,0,7,1,1536,33,9714640227
3025,84656320,566,84656886,0,3,1,512,11,7153385969
3026,84693218,3422,84696640,0,7,1,3584,33,8593779317
3027,84699708,1518,84701226,0,8,1,1536,3,726856985
3028,84706879,1042,84707921,0,8,1,1024,3,6577042661
3029,84725132,113828,84838960,0,4,0,73728,44,10619949390
3030,84733549,3645,84737194,0,7,1,10240,33,3318230323
3031,84743371,3422,84746793,0,3,1,3584,11,6796109864
3032,84771997,45596,84817593,0,1,0,1024,36,4875789126
3033,84800688,1518,84802206,0,0,1,1536,17,7357136579
3034,84904676,43716,84948392,0,9,1,71680,32,6591729317
3035,84932065,101972,85034037,0,4,0,34816,44,9618758414
3036,84937921,1518,84939439,0,3,1,1536,11,10389672584
3037,84987169,4374,84991543,0,8,1,4608,3,461090166
3038,84992251,3904,84996155,0,8,1,10752,3,3303600923
3039,85017213,107744,85124957,0,4,0,53760,44,7465389413
3040,85056912,115076,85171988,0,4,0,77824,44,6863848909
3041,85063448,5971,85069419,0,8,1,14848,3,1124996931
3042,85088997,130988,85219985,0,2,0,130048,23,8355098104
3043,85101826,43628,85145454,0,9,1,74752,32,8542472138
3044,85117980,3422,85121402,0,3,1,3584,11,6540493080
3045,85124352,43904,85168256,0,1,0,512,36,257099353
3046,85144021,3898,85147919,0,3,1,4096,11,6698977666
3047,85163344,1042,85164386,0,8,1,1024,3,6351357908
3048,85232194,6278,85238472,0,3,1,6656,11,7255191087
3049,85251309,1994,85253303,0,8,1,2048,3,7919102143
3050,85273008,4850,85277858,0,3,1,5120,11,1828956811
3051,85422745,45596,85468341,0,1,0,1024,36,4874414747
3052,85446693,45596,85492289,0,1,0,1024,36,2498262505
3053,85521977,53237,85575214,0,9,1,90112,32,5316719399
3054,85540995,45596,85586591,0,1,0,1024,36,5498373282
3055,85549657,43904,85593561,0,1,0,512,36,6368193450
3056,85600736,53066,85653802,0,9,1,86528,32,9898290563
3057,85690771,1994,85692765,0,7,1,2048,33,1021796281
3058,85709792,6754,85716546,0,7,1,7168,33,499997066
3059,85712572,1994,85714566,0,0,1,2048,17,6318602584
3060,85801121,22950,85824071,0,9,1,37888,32,1910720957
3061,85810688,566,85811254,0,7,1,512,33,280916719
3062,85817574,24412,85841986,0,9,1,44032,32,2240614426
3063,85829803,4162,85833965,0,3,1,11264,11,5952126203
3064,85832048,16556,85848604,0,9,1,23552,32,4763782520
3065,85835936,14051,85849987,0,9,1,14848,32,7564226288
3066,85878179,1994,85880173,0,8,1,2048,3,3529049765
3067,85881127,12566,85893693,0,9,1,20992,32,6677983403
3068,85920005,50741,85970746,0,9,1,81920,32,6788903418
3069,85932669,45596,85978265,0,1,0,1024,36,8522066200
3070,86040761,3128,86043889,0,6,1,9216,42,4517249022
3071,86100452,1518,86101970,0,9,1,1536,32,6083560308
3072,86106940,53495,86160435,0,9,1,90624,32,2259068637
3073,86211895,4374,86216269,0,7,1,4608,33,3382474759
3074,86227821,6278,86234099,0,3,1,6656,11,7173139145
3075,86302806,45596,86348402,0,1,0,1024,36,5529143811
3076,86348983,10757,86359740,0,9,1,17408,32,596818442
3077,86390966,108368,86499334,0,4,0,55808,44,1078269828
3078,86442066,3422,86445488,0,3,1,3584,11,2265741937
3079,86449969,141609,86591578,0,4,0,58880,44,9989816931
3080,86461211,3645,86464856,0,3,1,10240,11,3105494188
3081,86466867,1518,86468385,0,3,1,1536,11,954933599
3082,86476091,6278,86482369,0,5,1,6656,19,673719019
3083,86494336,3904,86498240,0,3,1,10752,11,9659303686
3084,86584218,67238,86651456,0,9,1,114176,32,6664607744
3085,86586630,62380,86649010,0,4,0,4608,44,1077597641
3086,86610254,7706,86617960,0,5,1,8192,19,4406687822
3087,86621709,15837,86637546,0,7,1,30720,33,5012160493
3088,86658108,23466,86681574,0,9,1,38912,32,4631430854
3089,86689213,22174,86711387,0,9,1,36352,32,7730147115
3090,86699270,42717,86741987,0,9,1,67584,32,3970282239
3091,86737156,43904,86781060,0,1,0,512,36,5725771958
3092,86756545,31266,86787811,0,9,1,50688,32,7817700469
3093,86825783,566,86826349,0,8,1,512,3,9985396099
3094,86832946,56079,86889025,0,9,1,95744,32,8230914030
3095,86874738,101816,86976554,0,4,0,34304,44,6194214712
3096,86886606,43904,86930510,0,1,0,512,36,5982085213
3097,86894700,1042,86895742,0,5,1,1024,19,10422014802
3098,86966896,10499,86977395,0,5,1,16896,19,1144145521
3099,86988026,43904,87031930,0,1,0,512,36,6110326141
3100,87046593,21916,87068509,0,9,1,35840,32,9199750297
3101,87279384,6278,87285662,0,5,1,6656,19,8222585314
3102,87379562,22433,87401995,0,9,1,36864,32,9158601464
3103,87424014,1518,87425532,0,5,1,1536,19,5450885348
3104,87445420,15062,87460482,0,9,1,29184,32,6199046928
3105,87538294,43904,87582198,0,1,0,512,36,8342561849
3106,87552287,92108,87644395,0,4,0,27648,44,3274729284
3107,87666475,2946,87669421,0,5,1,3072,19,297451794
3108,87666538,45596,87712134,0,1,0,1024,36,2455935876
3109,87689963,45596,87735559,0,1,0,1024,36,5243662442
3110,87742388,2946,87745334,0,5,1,3072,19,3848397864
3111,87744138,112892,87857030,0,4,0,70656,44,1691733837
3112,87805963,90307,87896270,0,4,0,5632,44,66845289
3113,87818789,43904,87862693,0,1,0,512,36,8060326764
3114,87851146,23725,87874871,0,9,1,39424,32,2936234225
3115,87862668,17900,87880568,0,9,1,18944,32,7089167116
3116,87912877,45596,87958473,0,1,0,1024,36,8327256975
3117,87960161,47288,88007449,0,1,0,1536,36,945999136
3118,87969993,5712,87975705,0,4,1,14336,44,6999316653
3119,87971610,2470,87974080,0,0,1,2560,17,7343535103
3120,87979352,176326,88155678,0,4,0,6144,44,7009462471
3121,87994226,63450,88057676,0,9,1,103424,32,6801289242
3122,88055051,204097,88259148,0,4,0,117760,44,5014090625
3123,88087225,1042,88088267,0,5,1,1024,19,3684664400
3124,88094106,13083,88107189,0,5,1,22016,19,5838957626
3125,88096217,45596,88141813,0,0,0,1024,17,8342943798
3126,88139512,45596,88185108,0,1,0,1024,36,1486908506
3127,88193505,2946,88196451,0,5,1,3072,19,3044413788
3128,88221199,23725,88244924,0,9,1,39424,32,4471030481
3129,88343004,35829,88378833,0,9,1,62976,32,7191172479
3130,88348858,566,88349424,0,5,1,512,19,5311223875
3131,88406485,50741,88457226,0,9,1,81920,32,3110949373
3132,88472902,2470,88475372,0,6,1,2560,42,7397411951
3133,88494705,566,88495271,0,5,1,512,19,1946931641
3134,88538474,103532,88642006,0,4,0,39936,44,10391558716
3135,88668822,69284,88738106,0,4,0,8192,44,1150242177
3136,88733797,23725,88757522,0,9,1,39424,32,7749698782
3137,88823554,53583,88877137,0,9,1,87552,32,8002932448
3138,88880555,4679,88885234,0,9,1,12288,32,7607062277
3139,88924784,16096,88940880,0,9,1,31232,32,2289475017
3140,89034953,63620,89098573,0,9,1,107008,32,1684015066
3141,89095584,99788,89195372,0,4,0,27648,44,4576583696
3142,89185577,6754,89192331,0,5,1,7168,19,3311659590
3143,89218559,7706,89226265,0,5,1,8192,19,2723823277
3144,89219410,90080,89309490,0,2,0,20992,23,4667184176
3145,89233017,115076,89348093,0,4,0,77824,44,4068340700
3146,89277124,40616,89317740,0,9,1,65536,32,4023570363
3147,89323639,1994,89325633,0,9,1,2048,32,6334439676
3148,89331892,4937,89336829,0,9,1,12800,32,9247285655
3149,89332571,125598,89458169,0,4,0,61440,44,6359903920
3150,89354149,2946,89357095,0,9,1,3072,32,4601201271
3151,89368486,2470,89370956,0,7,1,2560,33,207365047
3152,89380883,2946,89383829,0,5,1,3072,19,71565116
3153,89419673,1518,89421191,0,7,1,1536,33,2249230168
3154,89511067,52364,89563431,0,4,0,3072,44,5839954825
3155,89541507,5326,89546833,0,7,1,5632,33,127061917
3156,89607340,10499,89617839,0,7,1,16896,33,1584437776
3157,89612738,95545,89708283,0,9,1,159232,32,10701403824
3158,89635382,89480,89724862,0,4,0,24064,44,8053452674
3159,89754953,98540,89853493,0,4,0,23552,44,1000307224
3160,89766664,4162,89770826,0,0,1,11264,17,7325518696
3161,89773474,4420,89777894,0,9,1,11776,32,8274516397
3162,89830980,6278,89837258,0,5,1,6656,19,2425448603
3163,89859810,81116,89940926,0,9,1,131072,32,2119125614
3164,89883675,3387,89887062,0,5,1,9728,19,7546968074
3165,89925547,1518,89927065,0,5,1,1536,19,2156062381
3166,89932413,110864,90043277,0,4,0,64000,44,180522611
3167,89967293,7706,89974999,0,7,1,8192,33,7582155563
3168,90009410,1994,90011404,0,0,1,2048,17,9107154962
3169,90029571,7706,90037277,0,7,1,8192,33,3183709372
3170,90076778,1994,90078772,0,4,1,2048,44,10488569199
3171,90102262,53495,90155757,0,9,1,90624,32,5961460458
3172,90236816,566,90237382,0,7,1,512,33,9480252872
3173,90374633,2870,90377503,0,9,1,8704,32,7825725093
3174,90377946,7230,90385176,0,5,1,7680,19,9545849269
3175,90387952,1042,90388994,0,5,1,1024,19,1370073193
3176,90516960,1042,90518002,0,7,1,1024,33,590055338
3177,90539353,566,90539919,0,5,1,512,19,8385840248
3178,90571488,12049,90583537,0,5,1,19968,19,3878498297
3179,90581158,71249,90652407,0,9,1,115200,32,9690086905
3180,90611437,566,90612003,0,7,1,512,33,8096913936
3181,90649285,104983,90754268,0,9,1,171008,32,6569602702
3182,90670752,55748,90726500,0,4,0,4096,44,472928526
3183,90738087,21327,90759414,0,9,1,8192,32,3509856142
3184,90754259,566,90754825,0,5,1,512,19,5508648888
3185,90782524,3422,90785946,0,5,1,3584,19,653997209
3186,90897231,4420,90901651,0,7,1,11776,33,3852683704
3187,90924044,1518,90925562,0,5,1,1536,19,3503303319
3188,90970161,10499,90980660,0,7,1,16896,33,4061969512
3189,90994916,2946,90997862,0,7,1,3072,33,8529004274
3190,91004837,5802,91010639,0,7,1,6144,33,8763792796
3191,91036796,6229,91043025,0,9,1,15360,32,564921870
3192,91045036,86252,91131288,0,5,0,23552,19,556636746
3193,91066074,5802,91071876,0,7,1,6144,33,1239442433
3194,91093089,1518,91094607,0,7,1,1536,33,4774203036
3195,91120544,10759,91131303,0,5,1,4608,19,5607879652
3196,91125691,6488,91132179,0,9,1,15872,32,5107985054
3197,91152851,3898,91156749,0,8,1,4096,3,8603862796
3198,91268334,70844,91339178,0,4,0,13312,44,5099729076
3199,91292987,1518,91294505,0,5,1,1536,19,3603630775
3200,91323762,1042,91324804,0,5,1,1024,19,9983079134
3201,91438809,7706,91446515,0,5,1,8192,19,2947404005
3202,91455027,96380,91551407,0,5,0,21504,19,2080253492
3203,91483585,98852,91582437,0,5,0,24576,19,707514271
3204,91524425,71046,91595471,0,5,0,2560,19,7865996760
3205,91570469,22950,91593419,0,9,1,37888,32,3488706866
3206,91576067,59350,91635417,0,5,0,5120,19,6518424153
3207,91592332,5802,91598134,0,7,1,6144,33,8393376144
3208,91751786,47288,91799074,0,4,0,1536,44,10541485315
3209,91824855,25446,91850301,0,9,1,46080,32,6930734525
3210,91835054,88232,91923286,0,4,0,19968,44,6787573923
3211,91889152,1518,91890670,0,3,1,1536,11,1978487010
3212,91990487,12825,92003312,0,9,1,21504,32,4040936477
3213,91997992,9186,92007178,0,9,1,6144,32,1037719655
3214,92026125,5454,92031579,0,4,1,13824,44,3928303813
3215,92030898,1042,92031940,0,6,1,1024,42,5334456022
3216,92111186,2946,92114132,0,2,1,3072,23,10536679251
3217,92113776,47288,92161064,0,5,0,1536,19,331890915
3218,92163511,4850,92168361,0,9,1,5120,32,10182167087
3219,92255877,7230,92263107,0,3,1,7680,11,3811788548
3220,92260136,3637,92263773,0,3,1,1024,11,224035228
3221,92263068,12049,92275117,0,6,1,19968,42,3461784810
3222,92275122,114764,92389886,0,4,0,76800,44,5889747053
3223,92306017,1518,92307535,0,3,1,1536,11,9205209696
3224,92316582,223118,92539700,0,4,0,179200,44,531275138
3225,92354206,6278,92360484,0,8,1,6656,3,5857341784
3226,92416366,4850,92421216,0,6,1,5120,42,5225316029
3227,92448717,1518,92450235,0,6,1,1536,42,9414018936
3228,92509722,36248,92545970,0,4,1,6656,44,7487933603
3229,92511341,11016,92522357,0,6,1,17920,42,4365995854
3230,92554918,3387,92558305,0,1,1,9728,36,790586073
3231,92561968,24412,92586380,0,9,1,44032,32,3104838401
3232,92569587,98072,92667659,0,4,0,22016,44,2170363197
3233,92580787,1518,92582305,0,3,1,1536,11,4926895919
3234,92614863,101660,92716523,0,5,0,33792,19,5703449217
3235,92682987,2946,92685933,0,6,1,3072,42,8310788470
3236,92699021,1518,92700539,0,6,1,1536,42,8921459637
3237,92707582,6488,92714070,0,9,1,15872,32,4771764023
3238,92721829,103220,92825049,0,4,0,38912,44,8331700349
3239,92811006,1518,92812524,0,5,1,1536,19,568015965
3240,92893389,101660,92995049,0,4,0,33792,44,5341720779
3241,92931283,1518,92932801,0,9,1,1536,32,633512381
3242,92952315,2946,92955261,0,3,1,3072,11,1323638723
3243,92979237,64520,93043757,0,4,0,7680,44,8487501338
3244,93006170,7230,93013400,0,1,1,7680,36,2798327753
3245,93034455,3645,93038100,0,5,1,10240,19,211636094
3246,93066037,229036,93295073,0,5,0,47616,19,6102829672
3247,93066923,6278,93073201,0,5,1,6656,19,4855725078
3248,93148224,4679,93152903,0,5,1,12288,19,9869426303
3249,93160675,2946,93163621,0,3,1,3072,11,3337560981
3250,93208751,2870,93211621,0,6,1,8704,42,6777500156
3251,93226438,566,93227004,0,3,1,512,11,2286455341
3252,93247390,102908,93350298,0,4,0,37888,44,4435928722
3253,93276632,1042,93277674,0,1,1,1024,36,4982721370
3254,93327922,22691,93350613,0,9,1,37376,32,3333027907
3255,93333250,7706,93340956,0,5,1,8192,19,10298771810
3256,93415360,33333,93448693,0,9,1,54784,32,4118003845
3257,93433428,4850,93438278,0,5,1,5120,19,8555636747
3258,93497196,1042,93498238,0,4,1,1024,44,8235233147
3259,93511267,3422,93514689,0,1,1,3584,36,3252208177
3260,93515301,2946,93518247,0,3,1,3072,11,3712949136
3261,93524239,1042,93525281,0,3,1,1024,11,7582833403
3262,93549635,65768,93615403,0,5,0,11776,19,5262124945
3263,93625159,3904,93629063,0,9,1,10752,32,4413095753
3264,93659655,98540,93758195,0,4,0,23552,44,3261701718
3265,93733047,118952,93851999,0,4,0,31744,44,8367376923
3266,93752293,1994,93754287,0,3,1,2048,11,10107165446
3267,93773395,32558,93805953,0,9,1,53248,32,5339228059
3268,93812060,131403,93943463,0,4,0,32256,44,8226757215
3269,93828852,566,93829418,0,1,1,512,36,9922593343
3270,93834479,50672,93885151,0,5,0,2560,19,3730406423
3271,93942638,45437,93988075,0,9,1,78336,32,669195879
3272,93949648,1518,93951166,0,1,1,1536,36,4299099429
3273,94018638,2870,94021508,0,7,1,8704,33,3631013186
3274,94020648,5326,94025974,0,1,1,5632,36,8104632973
3275,94026106,104780,94130886,0,4,0,44032,44,117262818
3276,94029371,61899,94091270,0,9,1,100352,32,5631191877
3277,94075645,1518,94077163,0,1,1,1536,36,9785199713
3278,94082807,86839,94169646,0,4,0,7680,44,9177819866
3279,94094932,4679,94099611,0,6,1,12288,42,3763514868
3280,94152494,6754,94159248,0,5,1,7168,19,1816675732
3281,94173828,6278,94180106,0,3,1,6656,11,8434111120
3282,94186057,1994,94188051,0,3,1,2048,11,5002447667
3283,94196357,3898,94200255,0,5,1,4096,19,7347595329
3284,94223950,2870,94226820,0,3,1,8704,11,4310186300
3285,94274075,2870,94276945,0,6,1,8704,42,9597723978
3286,94322871,566,94323437,0,3,1,512,11,5053533495
3287,94324088,51257,94375345,0,9,1,82944,32,1287619499
3288,94344641,97136,94441777,0,5,0,18944,19,6205428058
3289,94345291,1042,94346333,0,6,1,1024,42,5265269602
3290,94362154,566,94362720,0,6,1,512,42,1481777229
3291,94369777,6644,94376421,0,9,1,13312,32,4223226347
3292,94374317,14029,94388346,0,9,1,27136,32,5756889814
3293,94429566,7706,94437272,0,6,1,8192,42,2778880122
3294,94444313,11533,94455846,0,9,1,18944,32,4205919882
3295,94444554,566,94445120,0,1,1,512,36,8297122568
3296,94486676,55748,94542424,0,5,0,4096,19,5041753939
3297,94522540,4937,94527477,0,9,1,12800,32,5892573148
3298,94540146,5802,94545948,0,1,1,6144,36,5000383549
3299,94554839,2470,94557309,0,3,1,2560,11,3768888188
3300,94557278,82820,94640098,0,4,0,12288,44,6697324612
3301,94561819,59132,94620951,0,5,0,5120,19,5757403850
3302,94584756,4374,94589130,0,1,1,4608,36,2904773948
3303,94587989,5802,94593791,0,1,1,6144,36,5030083795
3304,94621504,4850,94626354,0,3,1,5120,11,5594408
3305,94643254,149624,94792878,0,5,0,140800,19,6233015027
3306,94654147,6278,94660425,0,1,1,6656,36,930248806
3307,94676197,2470,94678667,0,1,1,2560,36,7733154154
3308,94770942,1042,94771984,0,3,1,1024,11,3108599187
3309,94872802,104624,94977426,0,4,0,43520,44,2868562118
3310,94909422,123210,95032632,0,4,0,16896,44,784115711
3311,95002649,92684,95095333,0,4,0,19456,44,7959314048
3312,95042833,114140,95156973,0,4,0,74752,44,2554406616
3313,95057446,248971,95306417,0,9,1,408064,32,4111119612
3314,95069070,1994,95071064,0,3,1,2048,11,2429349965
3315,95090078,233121,95323199,0,9,1,55808,32,5632265256
3316,95107504,96233,95203737,0,4,0,9216,44,2391516655
3317,95173503,1518,95175021,0,3,1,1536,11,7051369340
3318,95191623,2870,95194493,0,7,1,8704,33,10153012951
3319,95244094,1042,95245136,0,3,1,1024,11,6970122817
3320,95349288,2470,95351758,0,3,1,2560,11,8796827331
3321,95354570,1042,95355612,0,7,1,1024,33,8497013124
3322,95506975,67460,95574435,0,5,0,12288,19,9623532206
3323,95525420,11016,95536436,0,1,1,17920,36,9990569583
3324,95526997,35829,95562826,0,9,1,62976,32,7615075340
3325,95546607,2946,95549553,0,1,1,3072,36,2606035725
3326,95560484,23208,95583692,0,9,1,38400,32,3601387204
3327,95581408,125060,95706468,0,5,0,110592,19,3442232701
3328,95611892,26221,95638113,0,9,1,47616,32,6757057465
3329,95639796,46471,95686267,0,9,1,80384,32,9332967725
3330,95733243,15837,95749080,0,9,1,30720,32,2486907713
3331,95742387,2946,95745333,0,3,1,3072,11,718676690
3332,95753799,82820,95836619,0,4,0,12288,44,10471799297
3333,95822086,3898,95825984,0,7,1,4096,33,7135111281
3334,95913661,63764,95977425,0,5,0,10240,19,2196402675
3335,95939811,7230,95947041,0,1,1,7680,36,1339162598
3336,95950983,2470,95953453,0,7,1,2560,33,8800445453
3337,95992586,126932,96119518,0,5,0,116736,19,8764322494
3338,96010081,1994,96012075,0,6,1,2048,42,7269417876
3339,96026777,4850,96031627,0,6,1,5120,42,8868363949
3340,96056351,566,96056917,0,7,1,512,33,9553620554
3341,96067284,105560,96172844,0,4,0,46592,44,10712107641
3342,96091078,4850,96095928,0,7,1,5120,33,7481333907
3343,96126343,2946,96129289,0,1,1,3072,36,8963833587
3344,96133159,98540,96231699,0,4,0,23552,44,6762400243
3345,96152090,1994,96154084,0,7,1,2048,33,4591224618
3346,96168568,1994,96170562,0,6,1,2048,42,1203614969
3347,96171227,4420,96175647,0,2,1,11776,23,7774087605
3348,96241822,2946,96244768,0,7,1,3072,33,1909191499
3349,96243372,1042,96244414,0,1,1,1024,36,8119946217
3350,96270456,1994,96272450,0,6,1,2048,42,5745475748
3351,96271313,12825,96284138,0,2,1,21504,23,9738709111
3352,96297392,4374,96301766,0,2,1,4608,23,9644412222
3353,96359017,4937,96363954,0,2,1,12800,23,4372643039
3354,96419512,1518,96421030,0,2,1,1536,23,2535653977
3355,96438591,2470,96441061,0,1,1,2560,36,8978787636
3356,96461310,10241,96471551,0,2,1,16384,23,9160008890
3357,96468465,96980,96565445,0,4,0,18432,44,8604791769
3358,96492449,5326,96497775,0,1,1,5632,36,7808156076
3359,96499483,6278,96505761,0,1,1,6656,36,1656822713
3360,96516237,119132,96635369,0,4,0,91136,44,4897837810
3361,96518434,120390,96638824,0,4,0,11264,44,3211818070
3362,96609134,77679,96686813,0,4,0,5120,44,1284604667
3363,96617349,5802,96623151,0,2,1,6144,23,2766056680
3364,96624609,104000,96728609,0,5,0,41472,19,1391506212
3365,96666018,109853,96775871,0,5,0,24064,19,6184987229
3366,96685354,4374,96689728,0,6,1,4608,42,2262292342
3367,96689077,566,96689643,0,7,1,512,33,2004436975
3368,96713388,6488,96719876,0,7,1,15872,33,7304644821
3369,96759142,6488,96765630,0,7,1,15872,33,8352597420
3370,96759506,7706,96767212,0,1,1,8192,36,9039621287
3371,96860044,5326,96865370,0,2,1,5632,23,8674290092
3372,96972607,2870,96975477,0,1,1,8704,36,10662615308
3373,96993532,2470,96996002,0,7,1,2560,33,6620725455
3374,97014512,3422,97017934,0,6,1,3584,42,4709158880
3375,97101974,4374,97106348,0,6,1,4608,42,1650251948
3376,97103633,4937,97108570,0,6,1,12800,42,3527482492
3377,97124401,566,97124967,0,2,1,512,23,1902706753
3378,97130609,5802,97136411,0,6,1,6144,42,2740067878
3379,97134263,4420,97138683,0,6,1,11776,42,7611827186
3380,97148333,72668,97221001,0,4,0,9216,44,7764747272
3381,97184543,80528,97265071,0,5,0,14848,19,1607724298
3382,97202067,1042,97203109,0,2,1,1024,23,1955200577
3383,97321527,97004,97418531,0,4,0,23552,44,9313239117
3384,97341900,566,97342466,0,2,1,512,23,10423694517
3385,97358634,3645,97362279,0,6,1,10240,42,7433543461
3386,97367652,3422,97371074,0,7,1,3584,33,4306807912
3387,97383998,3422,97387420,0,2,1,3584,23,1314649224
3388,97510139,7230,97517369,0,6,1,7680,42,1164378635
3389,97572106,1518,97573624,0,2,1,1536,23,10091066391
3390,97611340,13253,97624593,0,6,1,25600,42,2502247870
3391,97620006,6533,97626539,0,6,1,3072,42,4167252302
3392,97701792,4679,97706471,0,6,1,12288,42,7289374948
3393,97815384,10499,97825883,0,2,1,16896,23,5622856919
3394,97844151,566,97844717,0,2,1,512,23,2203639182
3395,97954181,566,97954747,0,7,1,512,33,4724163508
3396,98013580,1042,98014622,0,6,1,1024,42,1743558480
3397,98182104,98072,98280176,0,5,0,22016,19,9173351223
3398,98232389,7230,98239619,0,7,1,7680,33,2679894223
3399,98239263,7706,98246969,0,7,1,8192,33,657447693
3400,98250440,103376,98353816,0,4,0,39424,44,8557461613
3401,98266895,1042,98267937,0,6,1,1024,42,2391000713
3402,98267846,1518,98269364,0,7,1,1536,33,82427798
3403,98270776,109772,98380548,0,5,0,60416,19,5470309666
3404,98368027,4374,98372401,0,7,1,4608,33,1150465349
3405,98436199,6229,98442428,0,2,1,15360,23,10498207878
3406,98471482,3904,98475386,0,8,1,10752,3,9178389264
3407,98498526,1994,98500520,0,7,1,2048,33,3662531238
3408,98525992,5802,98531794,0,8,1,6144,3,2621732402
3409,98527841,68060,98595901,0,5,0,9216,19,352167485
3410,98535294,7230,98542524,0,8,1,7680,3,4204444502
3411,98579453,6229,98585682,0,8,1,15360,3,10160794395
3412,98613944,3422,98617366,0,6,1,3584,42,1591158525
3413,98636024,566,98636590,0,6,1,512,42,4223675849
3414,98661274,566,98661840,0,8,1,512,3,9974763167
3415,98676071,4850,98680921,0,2,1,5120,23,2396684711
3416,98679411,70976,98750387,0,4,0,8704,44,9211018635
3417,98680000,566,98680566,0,7,1,512,33,8173104692
3418,98690453,3422,98693875,0,2,1,3584,23,6149668009
3419,98716209,86204,98802413,0,5,0,13312,19,5896977412
3420,98734341,4850,98739191,0,8,1,5120,3,4777385414
3421,98761977,99164,98861141,0,5,0,25600,19,1033734559
3422,98795211,4374,98799585,0,2,1,4608,23,10660081571
3423,98835226,98852,98934078,0,5,0,24576,19,6612880562
3424,98871631,5326,98876957,0,8,1,5632,3,309605315
3425,98902455,2470,98904925,0,8,1,2560,3,9328146095
3426,98909016,2946,98911962,0,2,1,3072,23,1194960349
3427,99167289,1518,99168807,0,7,1,1536,33,1478958080
3428,99170332,2946,99173278,0,8,1,3072,3,9042118858
3429,99203533,101348,99304881,0,4,0,32768,44,10197006526
3430,99264865,11016,99275881,0,2,1,17920,23,5307921669
3431,99288613,1994,99290607,0,8,1,2048,3,632320752
3432,99309889,5326,99315215,0,8,1,5632,3,9593708219
3433,99352699,6278,99358977,0,2,1,6656,23,7157721305
3434,99359735,1518,99361253,0,7,1,1536,33,5222087363
3435,99383625,145460,99529085,0,4,0,137216,44,6827733721
3436,99391600,98228,99489828,0,5,0,22528,19,8648909620
3437,99513243,1042,99514285,0,8,1,1024,3,8428948054
3438,99526686,1042,99527728,0,7,1,1024,33,734508221
3439,99552280,4850,99557130,0,8,1,5120,3,3800848838
3440,99572364,84692,99657056,0,5,0,18432,19,3095427219
3441,99603067,100256,99703323,0,5,0,29184,19,4684157173
3442,99723737,2470,99726207,0,8,1,2560,3,2370349407
3443,99732142,1042,99733184,0,7,1,1024,33,2125819925
3444,99772354,79436,99851790,0,9,0,11264,32,2122594788
3445,99806736,112112,99918848,0,4,0,68096,44,1032527747
3446,99849604,1042,99850646,0,7,1,1024,33,8629865161
3447,99888024,5802,99893826,0,8,1,6144,3,2857225105
3448,99930451,107900,100038351,0,4,0,54272,44,8159187204
3449,99944608,2946,99947554,0,8,1,3072,3,2258090953
3450,99995055,4374,99999429,0,2,1,4608,23,4220053377
3451,100021015,78524,100099539,0,5,0,13312,19,2804124234
3452,100025600,6754,100032354,0,2,1,7168,23,9014292459
3453,100040282,3422,100043704,0,7,1,3584,33,4896389750
3454,100127306,101504,100228810,0,9,0,33280,32,3911376517
3455,100147719,3898,100151617,0,8,1,4096,3,4144811394
3456,100221027,3898,100224925,0,2,1,4096,23,2495249885
3457,100261232,100412,100361644,0,9,0,29696,32,7547712658
3458,100264998,7706,100272704,0,7,1,8192,33,2274744582
3459,100289908,4420,100294328,0,7,1,11776,33,1706695308
3460,100310380,2946,100313326,0,8,1,3072,3,5592556473
3461,100368840,4420,100373260,0,7,1,11776,33,7328808765
3462,100484815,64208,100549023,0,5,0,6656,19,2201391073
3463,100575091,4374,100579465,0,7,1,4608,33,5197869685
3464,100673479,45596,100719075,0,5,0,1024,19,8627104970
3465,100687093,5802,100692895,0,6,1,6144,42,2791856453
3466,100755112,5971,100761083,0,3,1,14848,11,3022087765
3467,100757655,3898,100761553,0,7,1,4096,33,1123272245
3468,100792827,101816,100894643,0,9,0,34304,32,6490633418
3469,100813937,3904,100817841,0,7,1,10752,33,7123283141
3470,100819751,52364,100872115,0,5,0,3072,19,7262168333
3471,100880715,57596,100938311,0,5,0,5120,19,6134724380
3472,100883181,1994,100885175,0,7,1,2048,33,7360094069
3473,100900909,1518,100902427,0,6,1,1536,42,3300138134
3474,100951505,98852,101050357,0,9,0,24576,32,8952000720
3475,101013538,5802,101019340,0,6,1,6144,42,7788005896
3476,101084082,55821,101139903,0,9,1,95232,32,8929064804
3477,101112384,1042,101113426,0,7,1,1024,33,3795142945
3478,101222267,57752,101280019,0,4,0,5632,44,6236321435
3479,101263797,6754,101270551,0,3,1,7168,11,330442279
3480,101275079,121316,101396395,0,9,0,98304,32,3784058654
3481,101292757,6278,101299035,0,7,1,6656,33,6625681424
3482,101312248,4850,101317098,0,6,1,5120,42,5638351855
3483,101352210,6229,101358439,0,4,1,15360,44,5724862297
3484,101376589,90836,101467425,0,4,0,18432,44,3421254403
3485,101465658,4705,101470363,0,4,1,3072,44,7905645021
3486,101488868,84559,101573427,0,4,0,15872,44,7486140498
3487,101497391,71600,101568991,0,5,0,10752,19,9402268344
3488,101533394,118820,101652214,0,9,0,90112,32,2285843885
3489,101624086,7230,101631316,0,7,1,7680,33,810623072
3490,101677963,2946,101680909,0,4,1,3072,44,1807924106
3491,101722303,4850,101727153,0,4,1,5120,44,8448318859
3492,101724799,101036,101825835,0,9,0,31744,32,10133658383
3493,101742317,4374,101746691,0,4,1,4608,44,3240295497
3494,101752649,100256,101852905,0,9,0,29184,32,4395336818
3495,101814326,106028,101920354,0,9,0,48128,32,6453247148
3496,101910469,4937,101915406,0,7,1,12800,33,10610424179
3497,101913086,93284,102006370,0,5,0,16384,19,5825670784
3498,101918093,1042,101919135,0,4,1,1024,44,10504992190
3499,101919466,47288,101966754,0,1,0,1536,36,378409315
3500,102009529,123656,102133185,0,5,0,105984,19,692879530
3501,102044288,140419,102184707,0,5,0,47104,19,9274994713
3502,102067063,1994,102069057,0,4,1,2048,44,9732742842
3503,102076766,89744,102166510,0,4,0,14848,44,5676370813
3504,102098919,3387,102102306,0,4,1,9728,44,9197653360
3505,102110297,98384,102208681,0,9,0,23040,32,9717665327
3506,102148749,115926,102264675,0,5,0,19968,19,2981392737
3507,102199282,7706,102206988,0,4,1,8192,44,5707092061
3508,102246931,4162,102251093,0,7,1,11264,33,4387233384
3509,102296288,1518,102297806,0,7,1,1536,33,6582665391
3510,102315201,1042,102316243,0,7,1,1024,33,1882107990
3511,102414509,5802,102420311,0,7,1,6144,33,3394567080
3512,102450526,67904,102518430,0,4,0,8704,44,6208337787
3513,102545146,2946,102548092,0,6,1,3072,42,9353638163
3514,102647715,1042,102648757,0,3,1,1024,11,10263177551
3515,102677476,4162,102681638,0,6,1,11264,42,6557649147
3516,102680677,566,102681243,0,7,1,512,33,242630959
3517,102781320,7230,102788550,0,5,1,7680,19,8840492556
3518,102794123,48980,102843103,0,9,0,2048,32,5498009972
3519,102813742,4850,102818592,0,5,1,5120,19,3253426254
3520,102814013,8125,102822138,0,5,1,5632,19,6364605701
3521,102821322,113984,102935306,0,9,0,74240,32,805867907
3522,102849114,110354,102959468,0,9,0,11264,32,4650763191
3523,102863145,98072,102961217,0,4,0,22016,44,30895894
3524,102877954,99944,102977898,0,4,0,28160,44,9627430965
3525,102882987,14545,102897532,0,5,1,28160,19,104108030
3526,102886186,112550,102998736,0,5,0,51712,19,10493742930
3527,102953522,88848,103042370,0,5,0,11264,19,8776178403
3528,103000333,177438,103177771,0,5,0,80896,19,194880012
3529,103009410,141579,103150989,0,5,0,33280,19,1573758823
3530,103078029,3422,103081451,0,2,1,3584,23,3498146318
3531,103113669,3645,103117314,0,7,1,10240,33,6571367623
3532,103135239,4850,103140089,0,7,1,5120,33,7348466570
3533,103219951,1042,103220993,0,6,1,1024,42,138885375
3534,103270225,102908,103373133,0,4,0,37888,44,5321962804
3535,103313703,5326,103319029,0,6,1,5632,42,4599825436
3536,103385460,3387,103388847,0,7,1,9728,33,7430446087
3537,103398585,60824,103459409,0,4,0,5632,44,250685665
3538,103406537,108212,103514749,0,9,0,55296,32,8174218820
3539,103442367,4850,103447217,0,7,1,5120,33,3304155939
3540,103460658,97760,103558418,0,5,0,20992,19,10082388306
3541,103514988,2870,103517858,0,7,1,8704,33,2948754917
3542,103525011,7706,103532717,0,4,1,8192,44,412650074
3543,103578836,60824,103639660,0,5,0,5632,19,5785053470
3544,103600987,50672,103651659,0,5,0,2560,19,10639927774
3545,103650092,54056,103704148,0,9,0,3584,32,7727433263
3546,103776495,70844,103847339,0,9,0,13312,32,4955103214
3547,103806334,4374,103810708,0,3,1,4608,11,1427044865
3548,103876500,5802,103882302,0,7,1,6144,33,9621635188
3549,103885123,99788,103984911,0,4,0,27648,44,382574323
3550,103901688,1518,103903206,0,7,1,1536,33,214057833
3551,103971373,1518,103972891,0,6,1,1536,42,9305674932
3552,103991454,45596,104037050,0,0,0,1024,17,5953325380
3553,104027967,11274,104039241,0,7,1,18432,33,7549901515
3554,104043463,6754,104050217,0,7,1,7168,33,6644792651
3555,104101043,74360,104175403,0,4,0,9728,44,5419236903
3556,104162512,55748,104218260,0,9,0,4096,32,8207761963
3557,104167695,2470,104170165,0,6,1,2560,42,596576686
3558,104168047,4704,104172751,0,6,1,4096,42,9084090028
3559,104239293,3898,104243191,0,7,1,4096,33,10456212340
3560,104346570,2946,104349516,0,7,1,3072,33,4656665854
3561,104347710,13341,104361051,0,8,1,22528,3,8438050187
3562,104355284,6843,104362127,0,8,1,13312,3,8985230154
3563,104405825,1518,104407343,0,7,1,1536,33,329651585
3564,104417710,97496,104515206,0,9,0,30208,32,5709898113
3565,104434857,1994,104436851,0,6,1,2048,42,6546025640
3566,104501603,102752,104604355,0,9,0,37376,32,8278553698
3567,104503580,1042,104504622,0,6,1,1024,42,5080262215
3568,104560947,566,104561513,0,6,1,512,42,637135988
3569,104571965,106964,104678929,0,9,0,51200,32,893471530
3570,104586916,109148,104696064,0,5,0,58368,19,6522119106
3571,104589463,123152,104712615,0,5,0,54272,19,363792452
3572,104592854,51296,104644150,0,0,0,4608,17,3018717947
3573,104593966,6754,104600720,0,7,1,7168,33,1578447361
3574,104620381,14117,104634498,0,9,1,24064,32,6679157574
3575,104625141,9703,104634844,0,9,1,512,32,1076838529
3576,104635719,159569,104795288,0,9,0,82944,32,9118508790
3577,104668745,4850,104673595,0,5,1,5120,19,4931100525
3578,104683333,7706,104691039,0,8,1,8192,3,4669576089
3579,104725596,4679,104730275,0,9,1,12288,32,4711613492
3580,104733638,91748,104825386,0,4,0,16384,44,8248809881
3581,104762381,50672,104813053,0,4,0,2560,44,3247624463
3582,104909490,108524,105018014,0,9,0,56320,32,5179365515
3583,104919916,7706,104927622,0,7,1,8192,33,4607244338
3584,104921263,104000,105025263,0,5,0,41472,19,5343062549
3585,104925957,6488,104932445,0,5,1,15872,19,7986285194
3586,104956895,566,104957461,0,5,1,512,19,9965986684
3587,104987577,4374,104991951,0,5,1,4608,19,1804183869
3588,105016766,3234,105020000,0,9,1,2048,32,7425609610
3589,105022247,3128,105025375,0,8,1,9216,3,2390710720
3590,105036684,4850,105041534,0,8,1,5120,3,6024591238
3591,105051334,12566,105063900,0,7,1,20992,33,94513341
3592,105062833,109460,105172293,0,4,0,59392,44,3091443063
3593,105081920,5712,105087632,0,7,1,14336,33,1509218825
3594,105093590,12566,105106156,0,7,1,20992,33,7364743712
3595,105101415,6754,105108169,0,6,1,7168,42,10614950598
3596,105120658,108368,105229026,0,5,0,55808,19,3524024144
3597,105142536,43904,105186440,0,0,0,512,17,9890419817
3598,105162855,5326,105168181,0,7,1,5632,33,4203338085
3599,105163150,3422,105166572,0,6,1,3584,42,2082735673
3600,105167531,1994,105169525,0,7,1,2048,33,3445260804
3601,105185049,4162,105189211,0,8,1,11264,3,3103663231
3602,105214637,7706,105222343,0,8,1,8192,3,5901298944
3603,105334569,1042,105335611,0,7,1,1024,33,10078671268
3604,105361075,60824,105421899,0,4,0,5632,44,82930629
3605,105364990,1518,105366508,0,9,1,1536,32,6380836197
3606,105367060,45596,105412656,0,0,0,1024,17,10494957999
3607,105378089,2470,105380559,0,9,1,2560,32,5400555251
3608,105400441,43904,105444345,0,0,0,512,17,2974552412
3609,105401074,105560,105506634,0,4,0,46592,44,983814825
3610,105433006,43904,105476910,0,0,0,512,17,10234851552
3611,105482215,1042,105483257,0,9,1,1024,32,6917916146
3612,105496352,48980,105545332,0,0,0,2048,17,8638538510
3613,105649176,102752,105751928,0,5,0,37376,19,2311369685
3614,105666038,47288,105713326,0,0,0,1536,17,2880527541
3615,105675596,3387,105678983,0,5,1,9728,19,182389975
3616,105731522,1518,105733040,0,7,1,1536,33,2658824690
3617,105803345,175496,105978841,0,5,0,155136,19,2359229063
3618,105813536,566,105814102,0,6,1,512,42,9693217246
3619,105873701,6754,105880455,0,9,1,7168,32,8288789998
3620,105910291,566,105910857,0,8,1,512,3,1600917033
3621,105953834,62984,106016818,0,9,0,7680,32,3382262716
3622,106014762,48980,106063742,0,7,0,2048,33,431137931
3623,106015586,6550,106022136,0,9,1,5632,32,3797554
3624,106041884,6754,106048638,0,6,1,7168,42,7768847637
3625,106050842,2946,106053788,0,2,1,3072,23,3189610888
3626,106053697,4374,106058071,0,9,1,4608,32,57582370
3627,106061674,1042,106062716,0,8,1,1024,3,2352486279
3628,106072255,3128,106075383,0,6,1,9216,42,7819403243
3629,106079929,45596,106125525,0,7,0,1024,33,1401827126
3630,106084200,2946,106087146,0,5,1,3072,19,81124477
3631,106085025,1994,106087019,0,8,1,2048,3,9577916601
3632,106088177,43904,106132081,0,0,0,512,17,4840267346
3633,106091207,3422,106094629,0,6,1,3584,42,4015594688
3634,106133119,45596,106178715,0,7,0,1024,33,2780615867
3635,106148566,66680,106215246,0,4,0,9728,44,3309028401
3636,106157517,4374,106161891,0,5,1,4608,19,5188017687
3637,106212097,101660,106313757,0,4,0,33792,44,3212178743
3638,106212575,45596,106258171,0,9,0,1024,32,2073765101
3639,106281686,7706,106289392,0,5,1,8192,19,1439380711
3640,106294947,6278,106301225,0,9,1,6656,32,461666781
3641,106317720,1994,106319714,0,9,1,2048,32,154644051
3642,106338459,2470,106340929,0,6,1,2560,42,1728057819
3643,106352815,48980,106401795,0,4,0,2048,44,7325088301
3644,106357198,5326,106362524,0,7,1,5632,33,1054566428
3645,106398805,12825,106411630,0,5,1,21504,19,1164112630
3646,106503292,82400,106585692,0,4,0,20992,44,7328447946
3647,106529582,45596,106575178,0,0,0,1024,17,787965697
3648,106540409,60824,106601233,0,4,0,5632,44,3093102096
3649,106564748,52364,106617112,0,4,0,3072,44,5540108978
3650,106572588,82688,106655276,0,5,0,16896,19,8845810098
3651,106577261,67148,106644409,0,5,0,11264,19,1103801400
3652,106585025,99320,106684345,0,9,0,26112,32,810033714
3653,106586744,45596,106632340,0,0,0,1024,17,6522988895
3654,106605961,48069,106654030,0,0,0,512,17,4858476650
3655,106672637,6278,106678915,0,5,1,6656,19,4387386059
3656,106699581,5712,106705293,0,6,1,14336,42,7453853195
3657,106716751,45596,106762347,0,7,0,1024,33,2019878547
3658,106720292,5802,106726094,0,5,1,6144,19,3423380537
3659,106753536,113360,106866896,0,4,0,72192,44,3618670798
3660,106757200,3898,106761098,0,9,1,4096,32,9080922755
3661,106805154,4374,106809528,0,2,1,4608,23,5848097502
3662,106809803,5971,106815774,0,8,1,14848,3,9361802574
3663,106844706,1042,106845748,0,9,1,1024,32,6403890485
3664,106850100,566,106850666,0,7,1,512,33,9525256008
3665,106860148,7706,106867854,0,5,1,8192,19,8229203899
3666,106887092,99008,106986100,0,4,0,25088,44,8301576886
3667,106900281,1518,106901799,0,5,1,1536,19,1919540627
3668,106940758,100412,107041170,0,9,0,29696,32,9981643651
3669,106944068,43904,106987972,0,7,0,512,33,1839796071
3670,106947437,45596,106993033,0,7,0,1024,33,1465352213
3671,106961918,4850,106966768,0,8,1,5120,3,6875387052
3672,106962976,4937,106967913,0,5,1,12800,19,9240186514
3673,106968004,43904,107011908,0,0,0,512,17,8855182510
3674,106985693,1518,106987211,0,5,1,1536,19,4892983995
3675,106996329,1518,106997847,0,9,1,1536,32,2076313670
3676,107028762,12423,107041185,0,9,1,18944,32,844021808
3677,107028927,566,107029493,0,5,1,512,19,7583263696
3678,107065377,67592,107132969,0,5,0,7680,19,2759260368
3679,107170399,43904,107214303,0,0,0,512,17,5927609806
3680,107170843,130832,107301675,0,5,0,129536,19,6642995867
3681,107171453,3422,107174875,0,8,1,3584,3,662346962
3682,107190162,2470,107192632,0,2,1,2560,23,8405302190
3683,107195173,47288,107242461,0,0,0,1536,17,2335130774
3684,107195233,1518,107196751,0,9,1,1536,32,3372471735
3685,107197464,7706,107205170,0,8,1,8192,3,10053845321
3686,107201865,55904,107257769,0,7,0,4608,33,3158953886
3687,107314533,6754,107321287,0,5,1,7168,19,1117488624
3688,107323151,3422,107326573,0,8,1,3584,3,1949909697
3689,107377894,107744,107485638,0,4,0,53760,44,10181388271
3690,107490783,64076,107554859,0,4,0,11264,44,5414402066
3691,107523665,2946,107526611,0,8,1,3072,3,2077596559
3692,107547524,4850,107552374,0,9,1,5120,32,2166638709
3693,107567209,5454,107572663,0,8,1,13824,3,5993676205
3694,107595980,154988,107750968,0,4,0,138240,44,611063782
3695,107604723,43904,107648627,0,7,0,512,33,5543787479
3696,107628309,3898,107632207,0,6,1,4096,42,6550302664
3697,107628673,1042,107629715,0,0,1,1024,17,8556288959
3698,107637243,4850,107642093,0,0,1,5120,17,3151262268
3699,107660145,1042,107661187,0,2,1,1024,23,4797714761
3700,107685685,4374,107690059,0,8,1,4608,3,6995136719
3701,107689403,1518,107690921,0,6,1,1536,42,529690890
3702,107709481,6229,107715710,0,5,1,15360,19,9169330950
3703,107716036,92708,107808744,0,9,0,24576,32,709772068
3704,107733599,12825,107746424,0,8,1,21504,3,10130377379
3705,107759110,207564,107966674,0,5,0,88576,19,5851318490
3706,107831249,566,107831815,0,6,1,512,42,8685324314
3707,107840296,566,107840862,0,2,1,512,23,4509195209
3708,107841180,47288,107888468,0,7,0,1536,33,2360101880
3709,107853354,55748,107909102,0,4,0,4096,44,6152340447
3710,107857946,142466,108000412,0,5,0,36864,19,2108172044
3711,107873237,1042,107874279,0,2,1,1024,23,576276557
3712,107895054,4679,107899733,0,6,1,12288,42,9945334480
3713,107899488,47288,107946776,0,0,0,1536,17,2478529544
3714,107910557,171797,108082354,0,5,0,77824,19,854162363
3715,107927594,54056,107981650,0,7,0,3584,33,6125529574
3716,107950591,566,107951157,0,2,1,512,23,4476919316
3717,108024610,3422,108028032,0,2,1,3584,23,4632957801
3718,108075725,58073,108133798,0,5,0,5120,19,9132348887
3719,108084043,74489,108158532,0,5,0,9728,19,1308001034
3720,108202721,4937,108207658,0,5,1,12800,19,10198827454
3721,108220443,43904,108264347,0,7,0,512,33,8747753566
3722,108223219,2946,108226165,0,5,1,3072,19,2497376238
3723,108235625,6278,108241903,0,6,1,6656,42,6956580950
3724,108267656,43904,108311560,0,7,0,512,33,9695196818
3725,108276501,4374,108280875,0,5,1,4608,19,2029254794
3726,108281026,1518,108282544,0,8,1,1536,3,2390071784
3727,108284113,566,108284679,0,5,1,512,19,7985811200
3728,108288232,1042,108289274,0,8,1,1024,3,5778714661
3729,108289695,13341,108303036,0,2,1,22528,23,5053454048
3730,108300194,3128,108303322,0,6,1,9216,42,5793740112
3731,108308636,2946,108311582,0,6,1,3072,42,1335939889
3732,108319436,97136,108416572,0,4,0,18944,44,4986482523
3733,108386898,45596,108432494,0,0,0,1024,17,9312562694
3734,108483207,101036,108584243,0,5,0,31744,19,5518696379
3735,108517883,1994,108519877,0,5,1,2048,19,3351558967
3736,108539020,7706,108546726,0,6,1,8192,42,9204014620
3737,108544581,45596,108590177,0,0,0,1024,17,6076471181
3738,108573184,43904,108617088,0,0,0,512,17,472526617
3739,108584640,43904,108628544,0,5,0,512,19,4818452275
3740,108625524,2470,108627994,0,8,1,2560,3,5818109515
3741,108652179,6754,108658933,0,1,1,7168,36,2026653304
3742,108692904,43904,108736808,0,0,0,512,17,7790788958
3743,108708001,5454,108713455,0,5,1,13824,19,8618827819
3744,108723576,110552,108834128,0,9,0,62976,32,4556969073
3745,108731688,111347,108843035,0,9,0,29184,32,9837842948
3746,108736155,1994,108738149,0,8,1,2048,3,10543548231
3747,108792314,53547,108845861,0,5,0,512,19,10349058246
3748,108797586,3128,108800714,0,5,1,9216,19,1429490898
3749,108877450,50672,108928122,0,9,0,2560,32,34152935
3750,108919832,43904,108963736,0,0,0,512,17,6593248647
3751,108946870,43904,108990774,0,0,0,512,17,3377973883
3752,108962436,3898,108966334,0,5,1,4096,19,6770007678
3753,108972656,1042,108973698,0,5,1,1024,19,1411824175
3754,109003200,7230,109010430,0,8,1,7680,3,8112206489
3755,109016287,122564,109138851,0,4,0,102400,44,2605029401
3756,109029676,104000,109133676,0,9,0,41472,32,7806650691
3757,109031612,45752,109077364,0,0,0,1536,17,3326960413
3758,109060110,43904,109104014,0,7,0,512,33,207838188
3759,109071063,55748,109126811,0,5,0,4096,19,4037953128
3760,109161658,1518,109163176,0,8,1,1536,3,49238368
3761,109203508,45596,109249104,0,0,0,1024,17,10554996600
3762,109211923,3128,109215051,0,5,1,9216,19,9614681129
3763,109248747,76364,109325111,0,4,0,11264,44,5092571228
3764,109295469,1042,109296511,0,5,1,1024,19,4184659282
3765,109295697,5587,109301284,0,5,1,13824,19,7108790410
3766,109323655,1994,109325649,0,5,1,2048,19,10004711827
3767,109358387,6278,109364665,0,5,1,6656,19,485676921
3768,109391717,47288,109439005,0,7,0,1536,33,5209749553
3769,109496527,4850,109501377,0,5,1,5120,19,1964164236
3770,109520509,106184,109626693,0,7,0,48640,33,7279754500
3771,109523214,2470,109525684,0,1,1,2560,36,5133100861
3772,109604011,101036,109705047,0,9,0,31744,32,2272667723
3773,109711348,108992,109820340,0,4,0,57856,44,1009585460
3774,109715770,1042,109716812,0,5,1,1024,19,2237391172
3775,109729161,97340,109826501,0,7,0,29696,33,10578463647
3776,109729872,6754,109736626,0,5,1,7168,19,4963613054
3777,109795988,114296,109910284,0,0,0,75264,17,6912459090
3778,109804299,47288,109851587,0,5,0,1536,19,1998460834
3779,109814819,43904,109858723,0,5,0,512,19,8796427783
3780,109822001,1042,109823043,0,5,1,1024,19,7860550590
3781,109823102,1518,109824620,0,8,1,1536,3,5999632434
3782,109831698,2470,109834168,0,5,1,2560,19,10224827949
3783,109836537,79436,109915973,0,7,0,11264,33,1783461896
3784,109855089,83508,109938597,0,9,0,15872,32,5159244807
3785,109863526,70220,109933746,0,9,0,11264,32,2010706287
3786,109884558,6754,109891312,0,5,1,7168,19,7971583575
3787,109908624,118895,110027519,0,9,0,83456,32,9888131035
3788,109910765,140146,110050911,0,5,0,91648,19,9453193302
3789,109930835,2470,109933305,0,5,1,2560,19,7795372668
3790,109973783,120210,110093993,0,5,0,12800,19,1490293385
3791,110005715,92108,110097823,0,4,0,27648,44,5082695555
3792,110011101,4850,110015951,0,8,1,5120,3,790444618
3793,110069366,1518,110070884,0,2,1,1536,23,2864655755
3794,110127135,116168,110243303,0,5,0,81408,19,8224589868
3795,110162347,566,110162913,0,8,1,512,3,6060868262
3796,110165530,3387,110168917,0,8,1,9728,3,7321953714
3797,110254300,4374,110258674,0,6,1,4608,42,7178182856
3798,110274585,107120,110381705,0,7,0,51712,33,3000129135
3799,110318309,4162,110322471,0,8,1,11264,3,3662447808
3800,110349937,114608,110464545,0,4,0,76288,44,4539117565
3801,110405821,5802,110411623,0,2,1,6144,23,9430661712
3802,110407265,6624,110413889,0,2,1,3584,23,2370035833
3803,110433294,75699,110508993,0,4,0,8192,44,9153086875
3804,110437706,566,110438272,0,2,1,512,23,1322859836
3805,110445863,5802,110451665,0,1,1,6144,36,4308425161
3806,110458190,94976,110553166,0,0,0,16896,17,3834591776
3807,110463692,59132,110522824,0,5,0,5120,19,6762283302
3808,110555869,1518,110557387,0,2,1,1536,23,3017575694
3809,110566128,172220,110738348,0,4,0,144384,44,1487021278
3810,110569344,62228,110631572,0,7,0,10240,33,4436363827
3811,110571037,2470,110573507,0,2,1,2560,23,4793943465
3812,110586287,2946,110589233,0,2,1,3072,23,9486639783
3813,110630762,191996,110822758,0,0,0,168960,17,7554072998
3814,110662913,58064,110720977,0,7,0,6656,33,8363933715
3815,110694392,99944,110794336,0,7,0,28160,33,6646529140
3816,110714595,141473,110856068,0,4,0,86528,44,7942087462
3817,110797778,121472,110919250,0,7,0,98816,33,4128660884
3818,110812687,111099,110923786,0,0,0,31744,17,9965414728
3819,110827508,3422,110830930,0,2,1,3584,23,4874588819
3820,110836371,103532,110939903,0,9,0,39936,32,10479938760
3821,110861635,96536,110958171,0,5,0,22016,19,7489770577
3822,110870250,2470,110872720,0,2,1,2560,23,3170515668
3823,110908146,11533,110919679,0,9,1,18944,32,6888477665
3824,110910644,80840,110991484,0,5,0,15872,19,10309149061
3825,110911558,65900,110977458,0,4,0,7168,44,7133191405
3826,110945957,1994,110947951,0,9,1,2048,32,7827084266
3827,110946909,3898,110950807,0,8,1,4096,3,9731228789
3828,111009043,2470,111011513,0,2,1,2560,23,9152467714
3829,111044168,129116,111173284,0,5,0,123904,19,391398148
3830,111124743,2870,111127613,0,4,1,8704,44,9185223621
3831,111144923,95189,111240112,0,5,0,10240,19,2003491441
3832,111202726,102128,111304854,0,0,0,35328,17,6290243395
3833,111221410,6754,111228164,0,9,1,7168,32,835037998
3834,111261267,47288,111308555,0,4,0,1536,44,5925513400
3835,111272726,54056,111326782,0,0,0,3584,17,9262108390
3836,111298163,3898,111302061,0,2,1,4096,23,7454443809
3837,111359339,5802,111365141,0,9,1,6144,32,3558165608
3838,111391837,103532,111495369,0,4,0,39936,44,2658544270
3839,111437352,127707,111565059,0,4,0,55808,44,2325565115
3840,111438494,74540,111513034,0,5,0,15360,19,8376079850
3841,111480458,1518,111481976,0,2,1,1536,23,3836437164
3842,111544589,2946,111547535,0,2,1,3072,23,776230534
3843,111549788,66992,111616780,0,9,0,10752,32,9463017077
3844,111560037,74360,111634397,0,7,0,9728,33,2820919361
3845,111581750,47288,111629038,0,4,0,1536,44,2745703875
3846,111585833,1518,111587351,0,2,1,1536,23,10712994553
3847,111638585,103064,111741649,0,0,0,38400,17,5348004247
3848,111678589,3898,111682487,0,0,1,4096,17,9565697106
3849,111703584,82976,111786560,0,7,0,12800,33,10657544538
3850,111710695,1518,111712213,0,4,1,1536,44,2494795043
3851,111729189,4850,111734039,0,9,1,5120,32,5033871691
3852,111755536,72692,111828228,0,0,0,14336,17,9431280881
3853,111791513,111020,111902533,0,4,0,64512,44,4363403208
3854,111801275,5326,111806601,0,9,1,5632,32,10570254353
3855,111819063,85448,111904511,0,9,0,15872,32,5768484421
3856,111826009,57440,111883449,0,5,0,4608,19,10124387297
3857,111893451,1994,111895445,0,2,1,2048,23,3427189121
3858,111898675,6720,111905395,0,4,1,8704,44,10216995474
3859,111940708,3422,111944130,0,9,1,3584,32,8601574517
3860,112037911,2470,112040381,0,2,1,2560,23,490290250
3861,112044311,109460,112153771,0,4,0,59392,44,3272361875
3862,112121789,105716,112227505,0,7,0,47104,33,7110664098
3863,112177653,1994,112179647,0,4,1,2048,44,9747647578
3864,112246421,7706,112254127,0,9,1,8192,32,816315215
3865,112287026,105560,112392586,0,5,0,46592,19,486157408
3866,112299295,566,112299861,0,4,1,512,44,391154925
3867,112314320,83912,112398232,0,5,0,15872,19,10113657844
3868,112354880,4374,112359254,0,4,1,4608,44,1213090051
3869,112376199,3898,112380097,0,4,1,4096,44,5782384127
3870,112379516,64208,112443724,0,7,0,6656,33,7094697674
3871,112400105,92708,112492813,0,7,0,24576,33,1970134028
3872,112402690,1042,112403732,0,4,1,1024,44,1395054074
3873,112420649,88832,112509481,0,5,0,16896,19,5665752547
3874,112447145,4162,112451307,0,9,1,11264,32,7920323763
3875,112463987,4850,112468837,0,4,1,5120,44,9988863175
3876,112475195,5326,112480521,0,2,1,5632,23,8916977436
3877,112499954,75296,112575250,0,0,0,12800,17,4358022328
3878,112520023,1994,112522017,0,2,1,2048,23,200188656
3879,112521871,190280,112712151,0,7,0,163328,33,392059375
3880,112527751,4374,112532125,0,2,1,4608,23,4506151449
3881,112533413,199969,112733382,0,7,0,69632,33,10083006777
3882,112587739,1994,112589733,0,4,1,2048,44,5408760007
3883,112594995,566,112595561,0,2,1,512,23,6127080680
3884,112609484,87140,112696624,0,9,0,16384,32,603243770
3885,112614656,3898,112618554,0,2,1,4096,23,5759160320
3886,112633987,1518,112635505,0,8,1,1536,3,575416242
3887,112641879,89456,112731335,0,5,0,18944,19,9262041874
3888,112690276,4850,112695126,0,4,1,5120,44,2459889660
3889,112766946,83132,112850078,0,4,0,13312,44,762220510
3890,112853038,2946,112855984,0,2,1,3072,23,6287964380
3891,112897921,52364,112950285,0,5,0,3072,19,6297143938
3892,112943627,566,112944193,0,1,1,512,36,1265822298
3893,112993162,4850,112998012,0,4,1,5120,44,3554738229
3894,113025338,5326,113030664,0,2,1,5632,23,9686122290
3895,113037744,113984,113151728,0,7,0,74240,33,1452040783
3896,113062085,566,113062651,0,4,1,512,44,7407587533
3897,113121873,6754,113128627,0,2,1,7168,23,6721520755
3898,113124423,45596,113170019,0,0,0,1024,17,4919899484
3899,113201592,5802,113207394,0,1,1,6144,36,1077989847
3900,113260722,7230,113267952,0,3,1,7680,11,7040819983
3901,113270361,6278,113276639,0,1,1,6656,36,381884863
3902,113306562,98696,113405258,0,5,0,24064,19,1894177111
3903,113312973,4374,113317347,0,2,1,4608,23,6514967634
3904,113336718,59288,113396006,0,0,0,5632,17,5128350260
3905,113339327,99788,113439115,0,9,0,27648,32,10612057202
3906,113368277,88544,113456821,0,7,0,20992,33,6082843982
3907,113380993,3898,113384891,0,2,1,4096,23,7471265474
3908,113414553,5196,113419749,0,2,1,13312,23,5971188576
3909,113436194,194024,113630218,0,0,0,175616,17,5648016868
3910,113452701,1994,113454695,0,2,1,2048,23,6360776031
3911,113501714,1518,113503232,0,3,1,1536,11,8584825347
3912,113543259,106028,113649287,0,4,0,48128,44,9380730083
3913,113642484,1994,113644478,0,2,1,2048,23,7381545148
3914,113678019,3128,113681147,0,5,1,9216,19,2046386991
3915,113716573,1042,113717615,0,2,1,1024,23,1875713920
3916,113735477,1042,113736519,0,2,1,1024,23,9293113948
3917,113766578,45596,113812174,0,5,0,1024,19,4726960028
3918,113814546,91796,113906342,0,4,0,26624,44,4739421475
3919,113818640,4850,113823490,0,1,1,5120,36,9108316843
3920,113845709,2870,113848579,0,6,1,8704,42,4521747809
3921,113846592,123512,113970104,0,4,0,88576,44,8146868042
3922,113854904,566,113855470,0,0,1,512,17,4875596680
3923,113878867,62516,113941383,0,5,0,6144,19,8661965661
3924,113901542,99944,114001486,0,0,0,28160,17,6311645530
3925,114015306,1994,114017300,0,3,1,2048,11,2141304374
3926,114022517,91172,114113689,0,0,0,24576,17,5708000323
3927,114051341,1042,114052383,0,2,1,1024,23,4474211910
3928,114080596,100256,114180852,0,4,0,29184,44,917315286
3929,114082031,104608,114186639,0,4,0,18944,44,3872346491
3930,114090338,79436,114169774,0,7,0,11264,33,5511323047
3931,114120619,76052,114196671,0,9,0,10240,32,8284761372
3932,114130345,1994,114132339,0,2,1,2048,23,10266980534
3933,114142740,110084,114252824,0,0,0,61440,17,10062950611
3934,114146908,1518,114148426,0,5,1,1536,19,164453052
3935,114156914,146134,114303048,0,4,0,130560,44,3953797236
3936,114182719,7706,114190425,0,0,1,8192,17,8169956490
3937,114200042,5802,114205844,0,5,1,6144,19,2714028809
3938,114205861,5712,114211573,0,5,1,14336,19,4074167252
3939,114206410,8547,114214957,0,5,1,12288,19,280033903
3940,114229921,566,114230487,0,3,1,512,11,9165614620
3941,114232727,198704,114431431,0,9,0,190976,32,8691416108
3942,114243966,5326,114249292,0,6,1,5632,42,4542841899
3943,114273292,155744,114429036,0,4,0,113664,44,4321971041
3944,114274073,14117,114288190,0,3,1,24064,11,6682560032
3945,114387926,6754,114394680,0,5,1,7168,19,10031875391
3946,114389719,7867,114397586,0,5,1,4608,19,2822152211
3947,114471188,101660,114572848,0,7,0,33792,33,6890224095
3948,114484681,566,114485247,0,0,1,512,17,9378171947
3949,114565839,5326,114571165,0,3,1,5632,11,10485270892
3950,114591204,60824,114652028,0,9,0,5632,32,10636908353
3951,114599457,2946,114602403,0,0,1,3072,17,7114108918
3952,114606158,114920,114721078,0,9,0,77312,32,3423408196
3953,114622808,98096,114720904,0,7,0,27136,33,4379868127
3954,114631242,174718,114805960,0,9,0,122880,32,3757770725
3955,114644164,164471,114808635,0,9,0,8704,32,5234652562
3956,114666409,79016,114745425,0,0,0,19968,17,6493492266
3957,114697590,15579,114713169,0,2,1,30208,23,5348228362
3958,114699728,19445,114719173,0,2,1,20480,23,5399501727
3959,114733313,2470,114735783,0,0,1,2560,17,4793152278
3960,114782804,90740,114873544,0,9,0,7680,32,7088126376
3961,114795228,1042,114796270,0,8,1,1024,3,8711085200
3962,114804770,112892,114917662,0,7,0,70656,33,8722774545
3963,114815675,100724,114916399,0,9,0,30720,32,5638201261
3964,114824635,25446,114850081,0,3,1,46080,11,4947556871
3965,114831129,76700,114907829,0,4,0,17408,44,1858999341
3966,114846564,189656,115036220,0,9,0,161280,32,5085941288
3967,114854618,92438,114947056,0,7,0,9728,33,1078373230
3968,114856422,148613,115005035,0,4,0,103424,44,5432540602
3969,114885075,2470,114887545,0,0,1,2560,17,3149233577
3970,114889728,173210,115062938,0,9,0,20992,32,4901744188
3971,114920214,100568,115020782,0,7,0,30208,33,6902179972
3972,114982033,3128,114985161,0,0,1,9216,17,6191091037
3973,115001823,113828,115115651,0,5,0,73728,19,7821232351
3974,115019685,90178,115109863,0,0,0,17920,17,10609471044
3975,115124967,90392,115215359,0,5,0,22016,19,3887748164
3976,115156944,121628,115278572,0,0,0,99328,17,1895453882
3977,115212160,2870,115215030,0,0,1,8704,17,1103193062
3978,115231541,103532,115335073,0,4,0,39936,44,3372787578
3979,115267811,70976,115338787,0,9,0,8704,32,2021733927
3980,115456073,7230,115463303,0,0,1,7680,17,5009633649
3981,115469214,99772,115568986,0,0,0,21504,17,4612179822
3982,115499242,106184,115605426,0,5,0,48640,19,6079021581
3983,115502158,99788,115601946,0,9,0,27648,32,3259428890
3984,115559169,50672,115609841,0,4,0,2560,44,9145282723
3985,115576382,109460,115685842,0,4,0,59392,44,6619199605
3986,115588337,5802,115594139,0,3,1,6144,11,1485403159
3987,115592623,43904,115636527,0,7,0,512,33,8536908499
3988,115683528,4850,115688378,0,0,1,5120,17,6043165056
3989,115766862,2946,115769808,0,3,1,3072,11,4425407296
3990,115848649,49448,115898097,0,9,0,3584,32,9716308568
3991,115860358,1518,115861876,0,3,1,1536,11,7997951232
3992,116022231,71756,116093987,0,9,0,11264,32,1218295803
3993,116075320,1518,116076838,0,3,1,1536,11,9220340248
3994,116109620,111332,116220952,0,5,0,65536,19,10407389141
3995,116112521,57440,116169961,0,9,0,4608,32,8213746672
3996,116177270,76052,116253322,0,5,0,10240,19,755422922
3997,116190266,5802,116196068,0,3,1,6144,11,2622205309
3998,116192756,74360,116267116,0,0,0,9728,17,5636040255
3999,116234199,99944,116334143,0,7,0,28160,33,5140450488
4000,116277200,127868,116405068,0,0,0,119808,17,8987787207
4001,116287736,3904,116291640,0,8,1,10752,3,9257497412
4002,116387530,3898,116391428,0,3,1,4096,11,8243291178
4003,116402470,4162,116406632,0,8,1,11264,3,8408539235
4004,116440924,101192,116542116,0,5,0,32256,19,5634951741
4005,116472485,6754,116479239,0,8,1,7168,3,3539790738
4006,116480881,10241,116491122,0,8,1,16384,3,10002061109
4007,116558700,566,116559266,0,8,1,512,3,10556254618
4008,116587735,566,116588301,0,8,1,512,3,1527369034
4009,116589204,106028,116695232,0,5,0,48128,19,2579756988
4010,116596421,1042,116597463,0,8,1,1024,3,8923814431
4011,116625932,99164,116725096,0,4,0,25600,44,10059649081
4012,116627263,102752,116730015,0,0,0,37376,17,8459564723
4013,116642694,104936,116747630,0,9,0,44544,32,2716044379
4014,116694885,121343,116816228,0,5,0,97280,19,3263046572
4015,116789384,107588,116896972,0,4,0,53248,44,5807958749
4016,116807389,101660,116909049,0,7,0,33792,33,6475551644
4017,116832375,49604,116881979,0,9,0,4096,32,1111438492
4018,116934768,4374,116939142,0,0,1,4608,17,7071709810
4019,116970231,75008,117045239,0,9,0,16896,32,10264025609
4020,117001977,2946,117004923,0,5,1,3072,19,9495423956
4021,117004693,47288,117051981,0,0,0,1536,17,4856694412
4022,117030859,1518,117032377,0,0,1,1536,17,10582275896
4023,117052082,1518,117053600,0,0,1,1536,17,5367099267
4024,117068100,100100,117168200,0,5,0,28672,19,6319298119
4025,117143719,85448,117229167,0,5,0,15872,19,4327094680
4026,117144467,57440,117201907,0,4,0,4608,44,10004451684
4027,117177814,55904,117233718,0,9,0,4608,32,1178059096
4028,117193042,82547,117275589,0,5,0,15872,19,6529014415
4029,117214224,93752,117307976,0,9,0,17920,32,6090198968
4030,117249015,566,117249581,0,0,1,512,17,7776134603
4031,117300970,96224,117397194,0,0,0,20992,17,6696925982
4032,117355779,101192,117456971,0,7,0,32256,33,6180887736
4033,117356446,84560,117441006,0,0,0,14336,17,9774792814
4034,117357737,117282,117475019,0,7,0,15872,33,8850837735
4035,117452216,48807,117501023,0,7,0,1024,33,7611803388
4036,117455175,48980,117504155,0,4,0,2048,44,4188409982
4037,117485982,91796,117577778,0,0,0,26624,17,8902215297
4038,117489492,3422,117492914,0,2,1,3584,23,5085928734
4039,117494798,52832,117547630,0,7,0,4608,33,5270333627
4040,117536035,2946,117538981,0,0,1,3072,17,2610544376
4041,117536465,100724,117637189,0,9,0,30720,32,2302723642
4042,117578847,566,117579413,0,2,1,512,23,6172338224
4043,117659928,89924,117749852,0,5,0,20480,19,5524616369
4044,117683125,67592,117750717,0,9,0,7680,32,9190510941
4045,117701268,5196,117706464,0,1,1,13312,36,5594875835
4046,117713209,7230,117720439,0,1,1,7680,36,1601140807
4047,117720847,6278,117727125,0,1,1,6656,36,9559810911
4048,117740039,2946,117742985,0,0,1,3072,17,4671694277
4049,117751782,73448,117825230,0,0,0,11776,17,4562746764
4050,117793110,106964,117900074,0,9,0,51200,32,6098018981
4051,117798119,45596,117843715,0,4,0,1024,44,7527680958
4052,117798890,6488,117805378,0,1,1,15872,36,4240485012
4053,117813718,43904,117857622,0,4,0,512,44,8778706426
4054,117832125,43904,117876029,0,4,0,512,44,7054638270
4055,117844125,105716,117949841,0,7,0,47104,33,5074154864
4056,117850077,100724,117950801,0,0,0,30720,17,2134440039
4057,117855074,1042,117856116,0,2,1,1024,23,9948236328
4058,117858445,4679,117863124,0,2,1,12288,23,7836736312
4059,117945182,47444,117992626,0,5,0,2048,19,7354511258
4060,118001497,116792,118118289,0,0,0,83456,17,8530889111
4061,118027149,158496,118185645,0,0,0,19968,17,8985929981
4062,118049178,67592,118116770,0,5,0,7680,19,8633844712
4063,118063895,2470,118066365,0,2,1,2560,23,3788536793
4064,118068441,4420,118072861,0,2,1,11776,23,8725265778
4065,118091468,6754,118098222,0,2,1,7168,23,8316204273
4066,118097188,201668,118298856,0,7,0,200704,33,9917563433
4067,118105434,3898,118109332,0,1,1,4096,36,374561535
4068,118125754,63296,118189050,0,9,0,8704,32,10600629494
4069,118192949,6754,118199703,0,1,1,7168,36,6878108861
4070,118214853,1518,118216371,0,6,1,1536,42,119695384
4071,118217157,566,118217723,0,1,1,512,36,2891252374
4072,118267234,149966,118417200,0,7,0,88576,33,208102438
4073,118274952,94400,118369352,0,0,0,25088,17,6304910729
4074,118292493,1994,118294487,0,1,1,2048,36,7816814044
4075,118369473,115700,118485173,0,5,0,79872,19,2769037344
4076,118421537,4850,118426387,0,6,1,5120,42,7112270682
4077,118431190,5971,118437161,0,8,1,14848,3,8344890669
4078,118445107,65900,118511007,0,9,0,7168,32,10736418878
4079,118490221,81440,118571661,0,5,0,12800,19,5505744359
4080,118545096,566,118545662,0,6,1,512,42,3631386927
4081,118567068,44060,118611128,0,4,0,1024,44,9324332187
4082,118615646,566,118616212,0,8,1,512,3,7116578465
4083,118633665,5326,118638991,0,1,1,5632,36,6293447869
4084,118641084,24242,118665326,0,0,1,40448,17,5237246047
4085,118664039,3904,118667943,0,6,1,10752,42,4988481053
4086,118683943,2470,118686413,0,8,1,2560,3,6290160562
4087,118697001,3898,118700899,0,8,1,4096,3,2364588445
4088,118710324,3422,118713746,0,8,1,3584,3,4755518390
4089,118733745,1994,118735739,0,8,1,2048,3,2762007191
4090,118740996,57596,118798592,0,5,0,5120,19,686396439
4091,118751745,102908,118854653,0,0,0,37888,17,9893064649
4092,118764439,2870,118767309,0,6,1,8704,42,4457511331
4093,118765428,43904,118809332,0,4,0,512,44,7854262006
4094,118774509,1042,118775551,0,2,1,1024,23,7097567814
4095,118803109,4420,118807529,0,1,1,11776,36,6514714837
4096,118804673,3128,118807801,0,8,1,9216,3,8539980691
4097,118822571,2946,118825517,0,8,1,3072,3,5213729985
4098,118860147,119444,118979591,0,9,0,92160,32,4793032351
4099,118868750,142677,119011427,0,9,0,35328,32,10375663593
4100,118898604,4850,118903454,0,1,1,5120,36,8024990416
4101,118900099,4981,118905080,0,1,1,2560,36,7402029013
4102,118901780,2946,118904726,0,8,1,3072,3,2305929656
4103,118970709,110552,119081261,0,0,0,62976,17,3056285714
4104,118986215,45596,119031811,0,4,0,1024,44,1219944958
4105,118989628,22433,119012061,0,0,1,36864,17,5035696785
4106,119015557,10757,119026314,0,2,1,17408,23,2846280536
4107,119042497,7706,119050203,0,1,1,8192,36,8280066196
4108,119046013,74828,119120841,0,5,0,11264,19,2916211980
4109,119186472,1994,119188466,0,6,1,2048,42,10236622831
4110,119192236,67592,119259828,0,9,0,7680,32,3236373903
4111,119199827,3898,119203725,0,2,1,4096,23,8473321814
4112,119300914,93128,119394042,0,0,0,15872,17,6976082527
4113,119313962,106496,119420458,0,7,0,49664,33,3499605147
4114,119333787,45596,119379383,0,4,0,1024,44,6387716951
4115,119337588,4420,119342008,0,3,1,11776,11,4438688934
4116,119345325,48980,119394305,0,4,0,2048,44,2797526162
4117,119368942,6278,119375220,0,2,1,6656,23,4169900100
4118,119370091,6754,119376845,0,6,1,7168,42,4458414813
4119,119379711,3898,119383609,0,2,1,4096,23,4657284085
4120,119400795,4850,119405645,0,3,1,5120,11,2051062267
4121,119402536,2470,119405006,0,2,1,2560,23,10678207518
4122,119408367,43904,119452271,0,4,0,512,44,9310104472
4123,119412763,7230,119419993,0,0,1,7680,17,6113241392
4124,119423606,86454,119510060,0,0,1,144896,17,4459962249
4125,119438238,72488,119510726,0,0,1,11264,17,3887562419
4126,119562308,2946,119565254,0,1,1,3072,36,330965014
4127,119576960,121029,119697989,0,0,0,14336,17,5802884651
4128,119639259,10241,119649500,0,0,1,16384,17,9587106622
4129,119649369,6488,119655857,0,2,1,15872,23,5281236369
4130,119658353,3898,119662251,0,2,1,4096,23,4099515750
4131,119686888,52364,119739252,0,7,0,3072,33,6629067805
4132,119705775,98384,119804159,0,5,0,23040,19,3857370650
4133,119730712,12566,119743278,0,1,1,20992,36,1660272109
4134,119761159,73160,119834319,0,7,0,15872,33,1112506927
4135,119764650,100100,119864750,0,5,0,28672,19,5954695472
4136,119775330,101348,119876678,0,5,0,32768,19,9425705431
4137,119807273,113204,119920477,0,9,0,71680,32,3221854957
4138,119811633,2946,119814579,0,1,1,3072,36,9132810847
4139,119826657,1042,119827699,0,3,1,1024,11,3265749527
4140,119842102,7706,119849808,0,3,1,8192,11,4922964666
4141,119867722,4374,119872096,0,2,1,4608,23,894530951
4142,119868758,41132,119909890,0,0,1,66560,17,1585591635
4143,119877795,1042,119878837,0,1,1,1024,36,10618961367
4144,119909700,92216,120001916,0,5,0,17920,19,9871454111
4145,119942441,43904,119986345,0,4,0,512,44,4693362673
4146,119967783,95600,120063383,0,9,0,18944,32,3514023968
4147,119987150,6278,119993428,0,8,1,6656,3,3631509804
4148,120047288,124904,120172192,0,9,0,110080,32,6487667142
4149,120048139,1518,120049657,0,8,1,1536,3,8986812674
4150,120055499,3898,120059397,0,2,1,4096,23,10169833871
4151,120069930,1518,120071448,0,3,1,1536,11,4084765099
4152,120148874,7230,120156104,0,5,1,7680,19,7773805777
4153,120175524,47288,120222812,0,3,0,1536,11,7547355831
4154,120206729,2870,120209599,0,3,1,8704,11,3069364894
4155,120223900,48980,120272880,0,4,0,2048,44,1085044535
4156,120231125,32041,120263166,0,0,1,52224,17,3427150442
4157,120255220,1994,120257214,0,3,1,2048,11,1196699737
4158,120270336,566,120270902,0,8,1,512,3,3744043285
4159,120281254,105872,120387126,0,9,0,47616,32,6414996429
4160,120297787,83624,120381411,0,0,0,19968,17,2720863087
4161,120324469,74360,120398829,0,7,0,9728,33,5692981572
4162,120328182,134646,120462828,0,9,0,68096,32,9350326171
4163,120344025,1994,120346019,0,3,1,2048,11,4871695760
4164,120359655,114408,120474063,0,7,0,28672,33,3922863412
4165,120374628,105716,120480344,0,0,0,47104,17,4116991700
4166,120408358,6754,120415112,0,3,1,7168,11,2423072051
4167,120424662,21916,120446578,0,1,1,35840,36,7269120200
4168,120430420,13600,120444020,0,3,1,23040,11,2737371027
4169,120446581,33778,120480359,0,0,1,45568,17,218884007
4170,120457266,2470,120459736,0,3,1,2560,11,5207469416
4171,120499311,6754,120506065,0,0,1,7168,17,4897062772
4172,120528312,100412,120628724,0,9,0,29696,32,4521442201
4173,120542375,1518,120543893,0,5,1,1536,19,3587584097
4174,120548045,45596,120593641,0,4,0,1024,44,568491433
4175,120565910,7706,120573616,0,2,1,8192,23,8678930062
4176,120578451,1518,120579969,0,1,1,1536,36,5910218532
4177,120603588,2470,120606058,0,3,1,2560,11,2634976998
4178,120626635,1518,120628153,0,2,1,1536,23,938672718
4179,120649618,2946,120652564,0,2,1,3072,23,9828453279
4180,120673397,106340,120779737,0,0,0,49152,17,5507270822
4181,120676054,106028,120782082,0,9,0,48128,32,8551234013
4182,120686226,72668,120758894,0,9,0,9216,32,4270232681
4183,120689412,138570,120827982,0,9,0,42496,32,1596038343
4184,120702922,1042,120703964,0,6,1,1024,42,3780806628
4185,120706336,43904,120750240,0,4,0,512,44,8988570507
4186,120710602,4679,120715281,0,2,1,12288,23,9228443089
4187,120710762,2470,120713232,0,3,1,2560,11,1121633514
4188,120735701,2870,120738571,0,7,1,8704,33,2114569188
4189,120755005,1994,120756999,0,5,1,2048,19,7610013879
4190,120777691,4850,120782541,0,5,1,5120,19,4894059023
4191,120777971,3128,120781099,0,3,1,9216,11,8382195594
4192,120782112,3422,120785534,0,5,1,3584,19,1130221107
4193,120784801,2470,120787271,0,6,1,2560,42,7771261335
4194,120794367,110240,120904607,0,0,0,61952,17,2739973495
4195,120799237,6754,120805991,0,3,1,7168,11,5738096859
4196,120810016,566,120810582,0,5,1,512,19,433365827
4197,120810655,45596,120856251,0,4,0,1024,44,10640548352
4198,120835793,185024,121020817,0,7,0,156160,33,7131935903
4199,120839452,59600,120899052,0,5,0,6656,19,4213956283
4200,120866392,43200,120909592,0,0,1,70656,17,1507430585
4201,120879892,99476,120979368,0,9,0,26624,32,9532261748
4202,120883026,4850,120887876,0,9,1,5120,32,10445416049
4203,120944194,128301,121072495,0,7,0,97792,33,4526459708
4204,120964018,6754,120970772,0,5,1,7168,19,2549821663
4205,121045621,2870,121048491,0,6,1,8704,42,1651728966
4206,121070466,5196,121075662,0,5,1,13312,19,5072233293
4207,121079165,26738,121105903,0,0,1,48640,17,110415873
4208,121164620,1518,121166138,0,3,1,1536,11,5997029241
4209,121169044,6754,121175798,0,1,1,7168,36,8296693979
4210,121178722,171290,121350012,0,5,0,21504,19,1267373380
4211,121190252,566,121190818,0,1,1,512,36,9708933844
4212,121219139,47288,121266427,0,4,0,1536,44,3488347187
4213,121238875,3387,121242262,0,3,1,9728,11,1233956881
4214,121257506,1518,121259024,0,6,1,1536,42,7450133194
4215,121282437,114140,121396577,0,9,0,74752,32,8033849481
4216,121289592,123812,121413404,0,0,0,106496,17,4339977827
4217,121291315,4850,121296165,0,1,1,5120,36,3669901266
4218,121394408,5802,121400210,0,3,1,6144,11,5773870098
4219,121420141,4850,121424991,0,3,1,5120,11,5473033665
4220,121430691,1518,121432209,0,6,1,1536,42,3038311733
4221,121443591,1042,121444633,0,6,1,1024,42,1014582287
4222,121459907,43904,121503811,0,4,0,512,44,7667420912
4223,121518099,1518,121519617,0,1,1,1536,36,4231808304
4224,121526346,213524,121739870,0,7,0,239616,33,5813772236
4225,121579936,43904,121623840,0,4,0,512,44,5376903300
4226,121600287,1042,121601329,0,6,1,1024,42,5131935858
4227,121663787,566,121664353,0,6,1,512,42,4352657815
4228,121695088,82220,121777308,0,0,0,15360,17,417620361
4229,121717099,566,121717665,0,3,1,512,11,10502342853
4230,121724889,45908,121770797,0,5,0,2048,19,4686567036
4231,121752277,74828,121827105,0,5,0,11264,19,9616156681
4232,121766538,6278,121772816,0,1,1,6656,36,2268370213
4233,121823592,45596,121869188,0,7,0,1024,33,6327420308
4234,121869589,54056,121923645,0,5,0,3584,19,5892690129
4235,121913006,566,121913572,0,1,1,512,36,3811498817
4236,121924204,4374,121928578,0,6,1,4608,42,7794749225
4237,121925025,3899,121928924,0,6,1,512,42,7346216398
4238,121944580,11016,121955596,0,1,1,17920,36,7635440424
4239,121957238,1042,121958280,0,1,1,1024,36,6466178453
4240,121958485,5326,121963811,0,6,1,5632,42,4565396254
4241,121999075,43904,122042979,0,4,0,512,44,6901405357
4242,122009032,120380,122129412,0,0,0,95232,17,8919009085
4243,122010379,102128,122112507,0,9,0,35328,32,5791621917
4244,122037696,2946,122040642,0,8,1,3072,3,3884957403
4245,122069692,45596,122115288,0,4,0,1024,44,4780651887
4246,122074466,1042,122075508,0,3,1,1024,11,9234608032
4247,122077761,43904,122121665,0,4,0,512,44,6451331243
4248,122114466,6754,122121220,0,6,1,7168,42,5224861034
4249,122118291,57440,122175731,0,5,0,4608,19,2409278097
4250,122119438,4374,122123812,0,3,1,4608,11,6841703444
4251,122136433,4420,122140853,0,3,1,11776,11,9491390628
4252,122143075,6278,122149353,0,6,1,6656,42,4507097507
4253,122147371,5208,122152579,0,6,1,5120,42,6621713356
4254,122198359,1994,122200353,0,1,1,2048,36,2571327471
4255,122210595,3128,122213723,0,6,1,9216,42,9300265818
4256,122220756,13600,122234356,0,3,1,23040,11,9057775412
4257,122243985,2470,122246455,0,3,1,2560,11,4786806574
4258,122256598,1042,122257640,0,3,1,1024,11,1269528490
4259,122277619,2946,122280565,0,6,1,3072,42,9076946338
4260,122292338,5802,122298140,0,3,1,6144,11,2325807011
4261,122320404,3645,122324049,0,3,1,10240,11,468288112
4262,122325738,2946,122328684,0,1,1,3072,36,9820918718
4263,122332425,1042,122333467,0,6,1,1024,42,4453134745
4264,122341935,3422,122345357,0,4,1,3584,44,9947851413
4265,122344596,90368,122434964,0,9,0,16896,32,4717125273
4266,122459156,2470,122461626,0,1,1,2560,36,7064526011
4267,122497650,6754,122504404,0,1,1,7168,36,10369689764
4268,122519588,3898,122523486,0,1,1,4096,36,7829974575
4269,122575232,566,122575798,0,3,1,512,11,6444409717
4270,122579234,3422,122582656,0,1,1,3584,36,5017816078
4271,122602212,3898,122606110,0,6,1,4096,42,7410846624
4272,122616521,91328,122707849,0,5,0,25088,19,5922537576
4273,122652836,3422,122656258,0,1,1,3584,36,4698943085
4274,122654466,6754,122661220,0,1,1,7168,36,6273576743
4275,122666334,566,122666900,0,6,1,512,42,5065609825
4276,122675360,110552,122785912,0,9,0,62976,32,3424642785
4277,122695200,159082,122854282,0,9,0,59392,32,10669891336
4278,122698271,7706,122705977,0,1,1,8192,36,2963050901
4279,122740158,5196,122745354,0,6,1,13312,42,9357565549
4280,122748077,6278,122754355,0,3,1,6656,11,3989765883
4281,122804124,198420,123002544,0,9,0,7680,32,8433911206
4282,122804386,192308,122996694,0,7,0,169984,33,8182713527
4283,122806625,193556,123000181,0,9,0,174080,32,5789443451
4284,122813050,2470,122815520,0,3,1,2560,11,1377834425
4285,122824019,2470,122826489,0,6,1,2560,42,7696578131
4286,122874583,75296,122949879,0,0,0,12800,17,10119732360
4287,122902281,150285,123052566,0,7,0,48640,33,6468051887
4288,122912170,120572,123032742,0,7,0,13824,33,5721785984
4289,122921870,5802,122927672,0,6,1,6144,42,1759416277
4290,122948149,7230,122955379,0,1,1,7680,36,9372813469
4291,122988102,98323,123086425,0,9,0,23552,32,8886363142
4292,123008822,3898,123012720,0,3,1,4096,11,6961649704
4293,123010942,106964,123117906,0,9,0,51200,32,2849099074
4294,123072571,4162,123076733,0,3,1,11264,11,270816283
4295,123101929,82820,123184749,0,5,0,12288,19,7497016770
4296,123128534,80840,123209374,0,9,0,15872,32,190589783
4297,123134977,11016,123145993,0,1,1,17920,36,6895786775
4298,123151499,3128,123154627,0,3,1,9216,11,4201595530
4299,123194381,1994,123196375,0,6,1,2048,42,2006719308
4300,123195436,5454,123200890,0,1,1,13824,36,5358469447
4301,123204619,1994,123206613,0,4,1,2048,44,9527789958
4302,123273737,2470,123276207,0,6,1,2560,42,1858381754
4303,123274218,79436,123353654,0,7,0,11264,33,3435747428
4304,123376014,92528,123468542,0,0,0,18944,17,2633939639
4305,123417225,3422,123420647,0,1,1,3584,36,8081386300
4306,123417754,4162,123421916,0,4,1,11264,44,337373142
4307,123426136,3387,123429523,0,1,1,9728,36,5115460988
4308,123471481,4679,123476160,0,4,1,12288,44,9920441719
4309,123551870,65900,123617770,0,0,0,7168,17,9980313442
4310,123561618,47288,123608906,0,4,0,1536,44,10663259879
4311,123577130,71156,123648286,0,9,0,14336,32,2203809555
4312,123580433,3387,123583820,0,8,1,9728,3,521816900
4313,123629782,98384,123728166,0,9,0,23040,32,3805640948
4314,123641858,45596,123687454,0,7,0,1024,33,9757512887
4315,123646922,1518,123648440,0,1,1,1536,36,8639149965
4316,123664693,5712,123670405,0,3,1,14336,11,2283770895
4317,123671336,98852,123770188,0,0,0,24576,17,10302338995
4318,123682899,89900,123772799,0,5,0,15360,19,347639966
4319,123714510,2470,123716980,0,4,1,2560,44,3706680773
4320,123718968,5326,123724294,0,1,1,5632,36,10459200020
4321,123719865,5735,123725600,0,1,1,2048,36,5923528720
4322,123755436,48980,123804416,0,4,0,2048,44,5396740959
4323,123762321,113360,123875681,0,9,0,72192,32,10333400960
4324,123792576,3387,123795963,0,8,1,9728,3,200849275
4325,123806507,4162,123810669,0,6,1,11264,42,3530222614
4326,123839528,111045,123950573,0,9,0,43520,32,9386681718
4327,123844430,43904,123888334,0,7,0,512,33,4955655848
4328,123851841,1042,123852883,0,8,1,1024,3,8567302842
4329,123874481,100412,123974893,0,0,0,29696,17,3468108351
4330,123916491,108836,124025327,0,0,0,57344,17,779134898
4331,123919753,120108,124039861,0,0,0,13824,17,4268210235
4332,123986828,5802,123992630,0,4,1,6144,44,6206887266
4333,123999636,64208,124063844,0,9,0,6656,32,8892953053
4334,124001611,2470,124004081,0,6,1,2560,42,3027439849
4335,124008351,1994,124010345,0,6,1,2048,42,3980939474
4336,124079653,1994,124081647,0,6,1,2048,42,8385427501
4337,124128152,1518,124129670,0,8,1,1536,3,10466840802
4338,124194645,104936,124299581,0,5,0,44544,19,5084245384
4339,124205978,7230,124213208,0,1,1,7680,36,799290782
4340,124212788,566,124213354,0,9,1,512,32,3746465500
4341,124214398,4850,124219248,0,1,1,5120,36,2054522291
4342,124229649,2470,124232119,0,3,1,2560,11,8237716053
4343,124232541,3904,124236445,0,8,1,10752,3,2853849358
4344,124278779,566,124279345,0,1,1,512,36,4252635208
4345,124301121,7230,124308351,0,8,1,7680,3,400988271
4346,124312236,6754,124318990,0,8,1,7168,3,846800275
4347,124332379,105404,124437783,0,9,0,46080,32,7654543983
4348,124341388,43904,124385292,0,4,0,512,44,560325587
4349,124347792,3422,124351214,0,8,1,3584,3,1213300469
4350,124368811,103688,124472499,0,5,0,40448,19,6119558907
4351,124372249,110552,124482801,0,0,0,62976,17,9915951720
4352,124372710,7230,124379940,0,6,1,7680,42,7839095686
4353,124373351,7575,124380926,0,6,1,1536,42,2594918658
4354,124440673,566,124441239,0,8,1,512,3,3378798636
4355,124467787,2470,124470257,0,6,1,2560,42,10140631393
4356,124556712,86852,124643564,0,0,0,20480,17,5648429413
4357,124626840,48980,124675820,0,7,0,2048,33,2989705543
4358,124646743,59132,124705875,0,0,0,5120,17,4423866592
4359,124668292,45596,124713888,0,4,0,1024,44,2386931138
4360,124698370,5802,124704172,0,8,1,6144,3,3163126125
4361,124755864,2946,124758810,0,8,1,3072,3,9060957658
4362,124786757,5326,124792083,0,1,1,5632,36,5366524690
4363,124847694,73004,124920698,0,4,0,15360,44,349803599
4364,124870749,43904,124914653,0,7,0,512,33,4820771570
4365,124873333,3898,124877231,0,1,1,4096,36,4359590234
4366,124874223,62276,124936499,0,7,0,512,33,5402860254
4367,124887300,113984,125001284,0,9,0,74240,32,2003419966
4368,124888271,4374,124892645,0,1,1,4608,36,7467765525
4369,124902707,4679,124907386,0,2,1,12288,23,9813352955
4370,124903499,1042,124904541,0,6,1,1024,42,929431063
4371,124905012,4434,124909446,0,2,1,3072,23,5397521794
4372,124906766,3986,124910752,0,2,1,2048,23,437234985
4373,125009875,2470,125012345,0,8,1,2560,3,7238740814
4374,125041183,2470,125043653,0,2,1,2560,23,727998320
4375,125052366,3904,125056270,0,1,1,10752,36,8160425816
4376,125094009,1518,125095527,0,6,1,1536,42,6345469085
4377,125094752,56372,125151124,0,4,0,6144,44,6695352729
4378,125173522,3422,125176944,0,1,1,3584,36,10208986357
4379,125173676,2470,125176146,0,6,1,2560,42,4947564947
4380,125190833,99320,125290153,0,5,0,26112,19,1521417935
4381,125193754,1994,125195748,0,8,1,2048,3,198616734
4382,125234233,102908,125337141,0,5,0,37888,19,958480776
4383,125248968,3128,125252096,0,6,1,9216,42,7548844579
4384,125264232,1518,125265750,0,8,1,1536,3,4037974353
4385,125288086,1042,125289128,0,1,1,1024,36,8208621308
4386,125315806,124592,125440398,0,4,0,109056,44,6926767042
4387,125334379,4374,125338753,0,1,1,4608,36,9747742207
4388,125374605,96980,125471585,0,5,0,18432,19,9950083192
4389,125375111,10241,125385352,0,6,1,16384,42,6710031318
4390,125380083,99476,125479559,0,0,0,26624,17,5267193483
4391,125383649,2470,125386119,0,8,1,2560,3,8425691273
4392,125417637,56684,125474321,0,7,0,7168,33,6159663445
4393,125429773,2470,125432243,0,1,1,2560,36,5361280165
4394,125447306,3904,125451210,0,2,1,10752,23,1742862483
4395,125459163,44284,125503447,0,1,0,512,36,5147768954
4396,125460560,6278,125466838,0,1,1,6656,36,4132947548
4397,125465327,3898,125469225,0,6,1,4096,42,3502383569
4398,125471925,120362,125592287,0,0,0,70144,17,9344074945
4399,125498942,566,125499508,0,7,1,512,33,6114773841
4400,125529295,5326,125534621,0,8,1,5632,3,9735750534
4401,125534588,7706,125542294,0,2,1,8192,23,5797616551
4402,125548982,3898,125552880,0,1,1,4096,36,2493777738
4403,125571302,4850,125576152,0,6,1,5120,42,4634807874
4404,125582015,566,125582581,0,6,1,512,42,9390921668
4405,125592965,7706,125600671,0,6,1,8192,42,5032853355
4406,125614478,5326,125619804,0,2,1,5632,23,9206410668
4407,125658701,1042,125659743,0,6,1,1024,42,10222800994
4408,125689604,1994,125691598,0,2,1,2048,23,5827158593
4409,125691690,59600,125751290,0,0,0,6656,17,7479272467
4410,125710237,4374,125714611,0,1,1,4608,36,5266649305
4411,125722555,98072,125820627,0,0,0,22016,17,7896984026
4412,125726015,6278,125732293,0,2,1,6656,23,801654951
4413,125742082,1994,125744076,0,6,1,2048,42,1950781305
4414,125755681,102596,125858277,0,9,0,36864,32,5401789137
4415,125766651,3422,125770073,0,7,1,3584,33,1685704770
4416,125769590,104468,125874058,0,4,0,43008,44,7343491504
4417,125785190,1994,125787184,0,7,1,2048,33,6484085370
4418,125802585,4162,125806747,0,6,1,11264,42,679307745
4419,125811410,6278,125817688,0,6,1,6656,42,4778954773
4420,125812462,43904,125856366,0,5,0,512,19,8948905207
4421,125816436,1994,125818430,0,7,1,2048,33,989611599
4422,125835701,1042,125836743,0,6,1,1024,42,9016781664
4423,125845564,101660,125947224,0,0,0,33792,17,806667630
4424,125859057,4850,125863907,0,1,1,5120,36,3026914169
4425,125888763,5196,125893959,0,7,1,13312,33,5798249669
4426,125933093,2946,125936039,0,7,1,3072,33,4969918435
4427,125935143,1518,125936661,0,1,1,1536,36,4534674631
4428,125953399,566,125953965,0,2,1,512,23,5566638841
4429,126036472,1518,126037990,0,2,1,1536,23,10443752335
4430,126041971,60536,126102507,0,0,0,9728,17,5616074261
4431,126082609,71600,126154209,0,9,0,10752,32,300269148
4432,126130698,1042,126131740,0,4,1,1024,44,5639469002
4433,126155721,120176,126275897,0,4,0,92672,44,3228103147
4434,126215563,566,126216129,0,7,1,512,33,294030161
4435,126329754,1994,126331748,0,2,1,2048,23,3982190640
4436,126347271,104312,126451583,0,4,0,42496,44,6681232097
4437,126368264,5196,126373460,0,7,1,13312,33,7021307163
4438,126416019,89900,126505919,0,5,0,15360,19,9926469824
4439,126433120,1042,126434162,0,4,1,1024,44,9170677787
4440,126477628,100724,126578352,0,9,0,30720,32,7217190853
4441,126550013,4374,126554387,0,3,1,4608,11,6167718902
4442,126550706,566,126551272,0,4,1,512,44,5662059081
4443,126555355,88208,126643563,0,9,0,14848,32,7302557947
4444,126582068,10241,126592309,0,2,1,16384,23,5713172191
4445,126678127,5196,126683323,0,4,1,13312,44,1462975473
4446,126707116,77744,126784860,0,0,0,10752,17,772491619
4447,126742752,1042,126743794,0,4,1,1024,44,10494596060
4448,126757003,84512,126841515,0,0,0,12800,17,2579933955
4449,126758866,87032,126845898,0,0,0,14336,17,5633381702
4450,126784033,1042,126785075,0,4,1,1024,44,4737690488
4451,126840139,45752,126885891,0,6,0,1536,42,4206305693
4452,126844578,65900,126910478,0,5,0,7168,19,6579295684
4453,126845286,171020,127016306,0,4,0,150528,44,4157700430
4454,126891296,2946,126894242,0,4,1,3072,44,2822925688
4455,126902080,1042,126903122,0,3,1,1024,11,6273895851
4456,126905989,4374,126910363,0,4,1,4608,44,8795404
4457,126946951,106652,127053603,0,9,0,50176,32,2095177044
4458,127036289,3422,127039711,0,4,1,3584,44,4393195238
4459,127043564,86516,127130080,0,0,0,14336,17,2539775717
4460,127051665,1994,127053659,0,4,1,2048,44,5121875522
4461,127058980,90992,127149972,0,7,0,18944,33,4116858421
4462,127138640,566,127139206,0,1,1,512,36,2625233793
4463,127151195,4850,127156045,0,3,1,5120,11,5110540927
4464,127154503,3898,127158401,0,2,1,4096,23,3251626903
4465,127170526,98252,127268778,0,4,0,27648,44,9760445477
4466,127196290,99476,127295766,0,5,0,26624,19,8747422167
4467,127196294,89168,127285462,0,7,0,23040,33,9723826889
4468,127227668,62158,127289826,0,0,1,100864,17,7872069369
4469,127263031,2470,127265501,0,3,1,2560,11,103167268
4470,127271517,566,127272083,0,4,1,512,44,6281715786
4471,127279327,1994,127281321,0,2,1,2048,23,3859930721
4472,127309849,119132,127428981,0,4,0,91136,44,5197274177
4473,127323615,99476,127423091,0,5,0,26624,19,8255754709
4474,127368662,566,127369228,0,2,1,512,23,3101894684
4475,127372862,89115,127461977,0,0,0,3584,17,8325669025
4476,127384740,97667,127482407,0,5,0,17408,19,8212002844
4477,127398938,566,127399504,0,3,1,512,11,8951979409
4478,127424113,108680,127532793,0,7,0,56832,33,4035168983
4479,127445153,2946,127448099,0,2,1,3072,23,1749869767
4480,127470250,1518,127471768,0,3,1,1536,11,5170978433
4481,127521003,4374,127525377,0,1,1,4608,36,10057693473
4482,127617266,4850,127622116,0,2,1,5120,23,6117810374
4483,127623840,5454,127629294,0,1,1,13824,36,925691411
4484,127626694,52364,127679058,0,4,0,3072,44,3790740449
4485,127648112,3387,127651499,0,7,1,9728,33,6892084242
4486,127651914,5802,127657716,0,2,1,6144,23,1859652999
4487,127656247,1815,127658062,0,2,1,512,23,3635880593
4488,127657124,88700,127745824,0,7,0,21504,33,3809612143
4489,127692974,4374,127697348,0,2,1,4608,23,2180947380
4490,127698294,6278,127704572,0,2,1,6656,23,7461892970
4491,127708873,122564,127831437,0,5,0,102400,19,8044905144
4492,127719371,118196,127837567,0,0,0,88064,17,3107829846
4493,127780907,123032,127903939,0,7,0,103936,33,3979980509
4494,127800006,4850,127804856,0,2,1,5120,23,2153238727
4495,127811585,10241,127821826,0,2,1,16384,23,6922177826
4496,127814157,1994,127816151,0,1,1,2048,36,3170503016
4497,127834991,60476,127895467,0,0,0,6144,17,7193686644
4498,127907893,77924,127985817,0,0,0,16384,17,6019281257
4499,128004705,566,128005271,0,1,1,512,36,3370600914
4500,128028516,6754,128035270,0,7,1,7168,33,4269423143
4501,128046432,58220,128104652,0,9,0,7168,32,10241389042
4502,128053874,5802,128059676,0,2,1,6144,23,9950992696
4503,128058685,3904,128062589,0,2,1,10752,23,3780299432
4504,128058918,119813,128178731,0,7,0,42496,33,9468770740
4505,128121247,6754,128128001,0,2,1,7168,23,500141555
4506,128127332,1655,128128987,0,2,1,1536,23,2111994459
4507,128135285,100412,128235697,0,5,0,29696,19,1487787719
4508,128300781,72668,128373449,0,5,0,9216,19,9599516714
4509,128347758,60824,128408582,0,9,0,5632,32,4120316161
4510,128410179,1518,128411697,0,1,1,1536,36,4555327953
4511,128482074,566,128482640,0,2,1,512,23,638245048
4512,128515240,92216,128607456,0,0,0,17920,17,1900194650
4513,128609785,3904,128613689,0,2,1,10752,23,1507716142
4514,128610957,111800,128722757,0,5,0,67072,19,4450453694
4515,128620868,66836,128687704,0,7,0,10240,33,4506981272
4516,128718177,3422,128721599,0,6,1,3584,42,1876849093
4517,128726381,16096,128742477,0,8,1,31232,3,8123406617
4518,128811404,97760,128909164,0,0,0,20992,17,5213432798
4519,128822692,2470,128825162,0,6,1,2560,42,7823481564
4520,128836364,72668,128909032,0,5,0,9216,19,10193417639
4521,128837384,100568,128937952,0,7,0,30208,33,5638223978
4522,128867084,1994,128869078,0,2,1,2048,23,5024173973
4523,128940366,5326,128945692,0,2,1,5632,23,3384015173
4524,128948973,566,128949539,0,8,1,512,3,4285092340
4525,128962312,45596,129007908,0,0,0,1024,17,9294610853
4526,128997364,81128,129078492,0,0,0,11776,17,7686004899
4527,129006231,2470,129008701,0,8,1,2560,3,2405051400
4528,129083873,96872,129180745,0,5,0,28160,19,8978651971
4529,129170416,100100,129270516,0,7,0,28672,33,5441534093
4530,129243409,3387,129246796,0,8,1,9728,3,5613427433
4531,129254661,4850,129259511,0,2,1,5120,23,1085751527
4532,129281945,4162,129286107,0,9,1,11264,32,4751519816
4533,129493760,7230,129500990,0,8,1,7680,3,6481962252
4534,129525668,74072,129599740,0,5,0,13824,19,1392588343
4535,129546632,2470,129549102,0,9,1,2560,32,707559638
4536,129564048,1518,129565566,0,2,1,1536,23,4999611967
4537,129591519,3898,129595417,0,8,1,4096,3,7056961029
4538,129610006,67592,129677598,0,0,0,7680,17,1365022096
4539,129714042,3904,129717946,0,2,1,10752,23,1337237292
4540,129762682,5802,129768484,0,8,1,6144,3,5865522102
4541,129805773,3898,129809671,0,8,1,4096,3,1538047124
4542,129846242,6278,129852520,0,6,1,6656,42,1419970222
4543,129882306,1042,129883348,0,6,1,1024,42,5287861607
4544,129899143,1042,129900185,0,2,1,1024,23,9443256380
4545,129906255,97028,130003283,0,9,0,28672,32,1589223170
4546,129910858,1042,129911900,0,8,1,1024,3,8834723660
4547,129912962,2470,129915432,0,7,1,2560,33,7732503093
4548,130020883,1518,130022401,0,2,1,1536,23,5113869176
4549,130037735,104000,130141735,0,0,0,41472,17,2957085939
4550,130046112,4850,130050962,0,2,1,5120,23,6517128257
4551,130046610,104780,130151390,0,5,0,44032,19,3222860752
4552,130080916,108056,130188972,0,0,0,54784,17,5058405173
4553,130110071,5326,130115397,0,2,1,5632,23,3165135645
4554,130110812,5326,130116138,0,4,1,5632,44,2944598807
4555,130152870,7706,130160576,0,8,1,8192,3,1589564019
4556,130156281,2946,130159227,0,6,1,3072,42,7446131087
4557,130158780,11274,130170054,0,2,1,18432,23,4519233622
4558,130199681,72068,130271749,0,9,0,12288,32,8187507093
4559,130203884,135023,130338907,0,9,0,45056,32,4706437982
4560,130209281,111020,130320301,0,0,0,64512,17,3257937618
4561,130227784,138165,130365949,0,9,0,6656,32,3891806899
4562,130232413,3422,130235835,0,2,1,3584,23,9885597311
4563,130234315,3466,130237781,0,2,1,3072,23,3189290347
4564,130278970,10757,130289727,0,2,1,17408,23,8677857128
4565,130286652,4374,130291026,0,4,1,4608,44,10695278415
4566,130288151,8021,130296172,0,4,1,8192,44,2458759244
4567,130294299,200264,130494563,0,5,0,196096,19,6337009359
4568,130333813,106340,130440153,0,0,0,49152,17,7868415944
4569,130345484,3387,130348871,0,8,1,9728,3,5491507418
4570,130345860,1518,130347378,0,2,1,1536,23,10155074081
4571,130357186,67592,130424778,0,9,0,7680,32,7912724677
4572,130446405,5802,130452207,0,2,1,6144,23,9634088995
4573,130505037,4850,130509887,0,7,1,5120,33,472119911
4574,130517490,566,130518056,0,2,1,512,23,9620486716
4575,130565405,96404,130661809,0,7,0,26624,33,232164842
4576,130616372,106340,130722712,0,5,0,49152,19,954695902
4577,130616770,5802,130622572,0,8,1,6144,3,2372853992
4578,130655777,2470,130658247,0,8,1,2560,3,6697921960
4579,130665463,116168,130781631,0,0,0,81408,17,9103905853
4580,130682500,3904,130686404,0,4,1,10752,44,8390664869
4581,130698631,1042,130699673,0,2,1,1024,23,1467878842
4582,130706439,75920,130782359,0,5,0,14848,19,1256906093
4583,130756681,2470,130759151,0,8,1,2560,3,1353062748
4584,130798224,3422,130801646,0,8,1,3584,3,4351030505
4585,130804820,1994,130806814,0,8,1,2048,3,2189351308
4586,130827126,6754,130833880,0,8,1,7168,3,3056710079
4587,130855666,6278,130861944,0,6,1,6656,42,2143770199
4588,130869623,1518,130871141,0,2,1,1536,23,9303849470
4589,130876155,101192,130977347,0,9,0,32256,32,2652427836
4590,130898261,103688,131001949,0,5,0,40448,19,4202564313
4591,130953756,6754,130960510,0,4,1,7168,44,8178953216
4592,130966185,83468,131049653,0,0,0,19456,17,5476018351
4593,131006107,3898,131010005,0,6,1,4096,42,476162334
4594,131008397,2470,131010867,0,2,1,2560,23,7572598528
4595,131009372,3898,131013270,0,8,1,4096,3,1091327166
4596,131044999,71312,131116311,0,7,0,14848,33,5147370350
4597,131078862,4374,131083236,0,4,1,4608,44,10481886733
4598,131079895,566,131080461,0,2,1,512,23,1775351983
4599,131083626,59132,131142758,0,2,0,5120,23,1020162021
4600,131089247,4420,131093667,0,7,1,11776,33,6393409044
4601,131109550,2946,131112496,0,6,1,3072,42,9584129404
4602,131122431,4850,131127281,0,7,1,5120,33,10265832225
4603,131144709,3898,131148607,0,8,1,4096,3,3583807372
4604,131159541,115076,131274617,0,0,0,77824,17,3879191308
4605,131167600,59288,131226888,0,5,0,5632,19,202174806
4606,131176961,1518,131178479,0,4,1,1536,44,7045190434
4607,131197020,82196,131279216,0,7,0,6144,33,2306892822
4608,131202783,118508,131321291,0,9,0,89088,32,184991737
4609,131206419,123032,131329451,0,5,0,103936,19,7055001035
4610,131214462,6278,131220740,0,7,1,6656,33,2150729970
4611,131226696,145565,131372261,0,5,0,21504,19,7765020754
4612,131237089,111776,131348865,0,7,0,41984,33,9265096189
4613,131254629,1042,131255671,0,4,1,1024,44,6451170408
4614,131291828,4374,131296202,0,8,1,4608,3,499771609
4615,131338701,1994,131340695,0,2,1,2048,23,10717070880
4616,131425032,105716,131530748,0,0,0,47104,17,6749458558
4617,131457610,4850,131462460,0,1,1,5120,36,3005515808
4618,131466724,117104,131583828,0,7,0,84480,33,8579919086
4619,131471147,2470,131473617,0,2,1,2560,23,10673009149
4620,131473175,7230,131480405,0,6,1,7680,42,2080217840
4621,131485809,3898,131489707,0,8,1,4096,3,508817570
4622,131499626,4374,131504000,0,1,1,4608,36,1175171174
4623,131553297,1994,131555291,0,2,1,2048,23,6664484744
4624,131567162,116168,131683330,0,9,0,81408,32,439559715
4625,131618083,5326,131623409,0,6,1,5632,42,5681420607
4626,131626755,5326,131632081,0,1,1,5632,36,8142426115
4627,131656270,1518,131657788,0,4,1,1536,44,10248446658
4628,131660467,105092,131765559,0,7,0,45056,33,2024592202
4629,131703636,3898,131707534,0,3,1,4096,11,9463247922
4630,131710217,4850,131715067,0,1,1,5120,36,10728213994
4631,131733614,101036,131834650,0,0,0,31744,17,4088857863
4632,131750082,95000,131845082,0,7,0,22016,33,10377816558
4633,131753940,6754,131760694,0,8,1,7168,3,8268506907
4634,131825845,6754,131832599,0,9,1,7168,32,2440527780
4635,131841420,1994,131843414,0,6,1,2048,42,10347575767
4636,131873411,1518,131874929,0,9,1,1536,32,4768388901
4637,131886649,118976,132005625,0,9,0,90624,32,2902329322
4638,131910613,97991,132008604,0,9,0,9728,32,8482956440
4639,131989177,7706,131996883,0,1,1,8192,36,4010791201
4640,132010446,6278,132016724,0,9,1,6656,32,10634103296
4641,132017862,3422,132021284,0,8,1,3584,3,5480624176
4642,132044851,566,132045417,0,3,1,512,11,9409510640
4643,132086792,1994,132088786,0,8,1,2048,3,891690634
4644,132107191,2470,132109661,0,8,1,2560,3,6149319146
4645,132127162,5454,132132616,0,9,1,13824,32,6194623057
4646,132127437,4374,132131811,0,1,1,4608,36,8658162739
4647,132142284,84824,132227108,0,0,0,13824,17,616624775
4648,132146571,43716,132190287,0,1,1,71680,36,7154850035
4649,132159274,2946,132162220,0,9,1,3072,32,1398575860
4650,132170542,2946,132173488,0,9,1,3072,32,6258616450
4651,132296470,4374,132300844,0,2,1,4608,23,3033629321
4652,132320704,3422,132324126,0,9,1,3584,32,2784906797
4653,132321032,71189,132392221,0,9,0,11776,32,578373721
4654,132344329,566,132344895,0,8,1,512,3,10184861795
4655,132359746,1042,132360788,0,8,1,1024,3,5005052
4656,132374645,2870,132377515,0,3,1,8704,11,8896239671
4657,132374891,6353,132381244,0,3,1,4096,11,136641642
4658,132404562,5454,132410016,0,2,1,13824,23,6040445825
4659,132421986,6278,132428264,0,2,1,6656,23,2536610180
4660,132426404,5712,132432116,0,9,1,14336,32,9069288714
4661,132499978,4850,132504828,0,2,1,5120,23,802528297
4662,132569959,13253,132583212,0,1,1,25600,36,8528710002
4663,132581787,1518,132583305,0,2,1,1536,23,566567601
4664,132590532,6754,132597286,0,3,1,7168,11,1661621572
4665,132596506,3422,132599928,0,2,1,3584,23,1340577712
4666,132654343,35054,132689397,0,1,1,61440,36,10303439609
4667,132663507,90979,132754486,0,1,1,131584,36,9592504383
4668,132714421,54836,132769257,0,7,0,6144,33,1999964248
4669,132754229,16613,132770842,0,1,1,32256,36,636098216
4670,132763640,1994,132765634,0,4,1,2048,44,8620862393
4671,132775902,3422,132779324,0,3,1,3584,11,6003118027
4672,132783714,6278,132789992,0,3,1,6656,11,10690872247
4673,132866395,5712,132872107,0,1,1,14336,36,5702788493
4674,132873874,1994,132875868,0,8,1,2048,3,2743016978
4675,132894401,32299,132926700,0,1,1,52736,36,5919840544
4676,132896132,1994,132898126,0,8,1,2048,3,3954556870
4677,132936938,4937,132941875,0,8,1,12800,3,9589288318
4678,132944366,3422,132947788,0,3,1,3584,11,5014365698
4679,132967076,3422,132970498,0,3,1,3584,11,10559871706
4680,132967567,13341,132980908,0,5,1,22528,19,3140418080
4681,132990716,35571,133026287,0,1,1,62464,36,898209509
4682,132995248,1042,132996290,0,4,1,1024,44,1419771645
4683,133008222,81464,133089686,0,9,0,17920,32,8080524111
4684,133043397,15837,133059234,0,1,1,30720,36,1609301875
4685,133076231,566,133076797,0,3,1,512,11,10686054521
4686,133078053,12049,133090102,0,1,1,19968,36,7038853096
4687,133078406,6278,133084684,0,2,1,6656,23,940844109
4688,133115643,106028,133221671,0,9,0,48128,32,5103729591
4689,133115894,566,133116460,0,3,1,512,11,1698378554
4690,133126826,98696,133225522,0,0,0,24064,17,5657033972
4691,133140602,13770,133154372,0,3,1,26624,11,4851226920
4692,133147595,566,133148161,0,2,1,512,23,2974879146
4693,133149761,140280,133290041,0,9,0,44544,32,2820667795
4694,133218964,3898,133222862,0,7,1,4096,33,3094505794
4695,133256081,1042,133257123,0,7,1,1024,33,3603720400
4696,133256910,74360,133331270,0,0,0,9728,17,7262919937
4697,133262309,97604,133359913,0,9,0,20480,32,509279165
4698,133282321,4374,133286695,0,7,1,4608,33,4625599291
4699,133352571,1518,133354089,0,8,1,1536,3,2448243321
4700,133357948,10241,133368189,0,3,1,16384,11,1460419197
4701,133366227,99788,133466015,0,9,0,27648,32,5443464440
4702,133408435,1042,133409477,0,3,1,1024,11,8893030198
4703,133444320,48980,133493300,0,7,0,2048,33,10473068340
4704,133455396,2946,133458342,0,7,1,3072,33,5540035047
4705,133478393,108836,133587229,0,9,0,57344,32,4523342861
4706,133523492,7230,133530722,0,8,1,7680,3,5332079911
4707,133560476,5802,133566278,0,8,1,6144,3,1911209269
4708,133582781,1518,133584299,0,8,1,1536,3,245478585
4709,133656223,4374,133660597,0,2,1,4608,23,3449343071
4710,133667344,1042,133668386,0,8,1,1024,3,2809562653
4711,133669636,3128,133672764,0,8,1,9216,3,611546209
4712,133699266,3904,133703170,0,8,1,10752,3,124859049
4713,133712387,45596,133757983,0,7,0,1024,33,5456157783
4714,133744978,89168,133834146,0,7,0,23040,33,9070058921
4715,133751531,3898,133755429,0,2,1,4096,23,6406059383
4716,133752976,100880,133853856,0,9,0,31232,32,969368716
4717,133758842,114762,133873604,0,0,1,189952,17,4401421129
4718,133800520,1518,133802038,0,3,1,1536,11,7982463414
4719,133803570,566,133804136,0,7,1,512,33,8531503039
4720,133803644,1042,133804686,0,3,1,1024,11,3817231803
4721,133810294,3422,133813716,0,3,1,3584,11,6998531785
4722,133811128,200173,134011301,0,7,0,47104,33,7256974976
4723,133811149,2870,133814019,0,4,1,8704,44,5974226229
4724,133819012,151383,133970395,0,0,0,41984,17,4056254596
4725,133839569,4937,133844506,0,8,1,12800,3,4680094363
4726,133881815,2470,133884285,0,7,1,2560,33,9423118560
4727,133923590,1042,133924632,0,8,1,1024,3,7839746739
4728,133950093,3898,133953991,0,8,1,4096,3,8513462000
4729,133963276,2470,133965746,0,7,1,2560,33,1665097306
4730,133964121,94868,134058989,0,9,0,26624,32,7715165638
4731,133976131,2946,133979077,0,4,1,3072,44,7750707629
4732,134029242,1042,134030284,0,4,1,1024,44,4123667335
4733,134100532,2470,134103002,0,8,1,2560,3,6531154663
4734,134130910,1042,134131952,0,2,1,1024,23,5713445670
4735,134140767,2470,134143237,0,8,1,2560,3,7586815779
4736,134215557,4850,134220407,0,8,1,5120,3,4009337793
4737,134236177,2946,134239123,0,7,1,3072,33,9405532088
4738,134282870,106808,134389678,0,9,0,50688,32,3747794588
4739,134310021,7706,134317727,0,4,1,8192,44,3843898400
4740,134312209,7230,134319439,0,8,1,7680,3,1632358780
4741,134336500,99008,134435508,0,7,0,25088,33,960959197
4742,134349314,5802,134355116,0,8,1,6144,3,2245298104
4743,134396172,2470,134398642,0,4,1,2560,44,6703222936
4744,134421403,1042,134422445,0,7,1,1024,33,7636471936
4745,134423044,2946,134425990,0,4,1,3072,44,3092533358
4746,134491316,3904,134495220,0,4,1,10752,44,3567275739
4747,134495090,3898,134498988,0,3,1,4096,11,9236837513
4748,134511165,5326,134516491,0,7,1,5632,33,818576643
4749,134512317,52676,134564993,0,9,0,4096,32,6306403671
4750,134513076,13253,134526329,0,2,1,25600,23,9869072312
4751,134525046,6278,134531324,0,4,1,6656,44,8091900465
4752,134536124,7706,134543830,0,7,1,8192,33,1250047042
4753,134569822,2946,134572768,0,7,1,3072,33,1353984431
4754,134576617,107900,134684517,0,9,0,54272,32,2222704690
4755,134582133,1518,134583651,0,7,1,1536,33,4004029117
4756,134596529,1518,134598047,0,7,1,1536,33,5295629415
4757,134611094,117985,134729079,0,9,0,17920,32,5677509585
4758,134671027,43904,134714931,0,6,0,512,42,2225349970
4759,134671167,4850,134676017,0,7,1,5120,33,2946605691
4760,134693747,104780,134798527,0,0,0,44032,17,10258674964
4761,134733844,89324,134823168,0,9,0,23552,32,6091114025
4762,134742597,106184,134848781,0,7,0,48640,33,4742706129
4763,134826956,1518,134828474,0,7,1,1536,33,7540593958
4764,134830539,189812,135020351,0,9,0,161792,32,3435904099
4765,134835728,3898,134839626,0,2,1,4096,23,9032905084
4766,134964578,92240,135056818,0,9,0,23040,32,6688915041
4767,134968616,2470,134971086,0,2,1,2560,23,7557010324
4768,134993958,4850,134998808,0,3,1,5120,11,6856959451
4769,135016221,77161,135093382,0,9,0,9728,32,7754420628
4770,135045184,6229,135051413,0,3,1,15360,11,9971139715
4771,135056315,116324,135172639,0,7,0,81920,33,9207628158
4772,135056661,3128,135059789,0,4,1,9216,44,2944298417
4773,135083146,68372,135151518,0,0,0,10240,17,5495748879
4774,135092651,3422,135096073,0,3,1,3584,11,8555912456
4775,135100037,1518,135101555,0,2,1,1536,23,1585874512
4776,135108787,104156,135212943,0,0,0,41984,17,7434183776
4777,135141830,2470,135144300,0,3,1,2560,11,7149750110
4778,135143712,74540,135218252,0,7,0,15360,33,9105485386
4779,135146456,566,135147022,0,4,1,512,44,1621817856
4780,135211594,125372,135336966,0,7,0,111616,33,8967432028
4781,135216760,6754,135223514,0,3,1,7168,11,4202658740
4782,135241195,4679,135245874,0,2,1,12288,23,7099810438
4783,135387925,2946,135390871,0,2,1,3072,23,1464316418
4784,135474761,101972,135576733,0,7,0,34816,33,8450834115
4785,135476707,45596,135522303,0,6,0,1024,42,2523711438
4786,135553393,77744,135631137,0,0,0,10752,17,984106282
4787,135685066,115544,135800610,0,9,0,79360,32,6325002828
4788,135696020,3645,135699665,0,2,1,10240,23,3124179738
4789,135707116,2870,135709986,0,4,1,8704,44,5320347786
4790,135720342,81464,135801806,0,7,0,17920,33,2001307625
4791,135785762,566,135786328,0,3,1,512,11,8552367812
4792,135801098,4679,135805777,0,2,1,12288,23,8442003670
4793,135867352,47288,135914640,0,6,0,1536,42,3754395522
4794,135893302,3128,135896430,0,4,1,9216,44,6461397417
4795,135983611,5326,135988937,0,2,1,5632,23,4733796375
4796,136003242,126464,136129706,0,0,0,115200,17,1121474220
4797,136025998,103220,136129218,0,7,0,38912,33,9173516574
4798,136039403,2470,136041873,0,2,1,2560,23,8312586653
4799,136145471,6754,136152225,0,2,1,7168,23,3866344273
4800,136163009,1994,136165003,0,3,1,2048,11,3247266149
4801,136173444,112424,136285868,0,8,0,69120,3,9905823214
4802,136185935,1042,136186977,0,3,1,1024,11,1528917918
4803,136250003,3645,136253648,0,3,1,10240,11,2959804745
4804,136275525,5196,136280721,0,2,1,13312,23,6303826666
4805,136307082,1994,136309076,0,2,1,2048,23,4608156757
4806,136327898,2946,136330844,0,3,1,3072,11,7123568372
4807,136400930,1518,136402448,0,3,1,1536,11,10301243700
4808,136423073,104312,136527385,0,6,0,42496,42,1705880430
4809,136463860,91952,136555812,0,9,0,27136,32,3869066596
4810,136499382,3898,136503280,0,8,1,4096,3,8598178594
4811,136561450,55748,136617198,0,0,0,4096,17,2669355617
4812,136562595,109928,136672523,0,7,0,60928,33,8000135888
4813,136589699,126620,136716319,0,6,0,115712,42,10470771483
4814,136611990,7230,136619220,0,8,1,7680,3,888224949
4815,136686028,98384,136784412,0,7,0,23040,33,7986563957
4816,136703978,3898,136707876,0,2,1,4096,23,6460245033
4817,136706902,4679,136711581,0,8,1,12288,3,4027127109
4818,136742014,54056,136796070,0,6,0,3584,42,7558026065
4819,136758232,2470,136760702,0,3,1,2560,11,4826882875
4820,136763886,60824,136824710,0,7,0,5632,33,10200292462
4821,136769613,2470,136772083,0,7,1,2560,33,2631628696
4822,136786311,5196,136791507,0,3,1,13312,11,8145140652
4823,136791491,57440,136848931,0,0,0,4608,17,4558717679
4824,136820187,1042,136821229,0,3,1,1024,11,3321413151
4825,136832712,108836,136941548,0,7,0,57344,33,4696564736
4826,136866334,5326,136871660,0,8,1,5632,3,3337527833
4827,136918416,3422,136921838,0,7,1,3584,33,655655647
4828,136942739,71156,137013895,0,0,0,14336,17,2058808783
4829,136997509,1518,136999027,0,2,1,1536,23,9933534182
4830,137090374,104936,137195310,0,8,0,44544,3,10096398574
4831,137092296,104156,137196452,0,7,0,41984,33,8599018181
4832,137100272,2470,137102742,0,8,1,2560,3,6628538507
4833,137183557,17088,137200645,0,8,1,5632,3,8662290759
4834,137186943,16288,137203231,0,8,1,4096,3,3898227904
4835,137191243,4850,137196093,0,2,1,5120,23,2723248796
4836,137222364,103688,137326052,0,7,0,40448,33,7146525729
4837,137230667,115388,137346055,0,0,0,78848,17,10155376188
4838,137369418,7706,137377124,0,2,1,8192,23,2385278335
4839,137385230,1994,137387224,0,3,1,2048,11,32702072
4840,137403071,1042,137404113,0,3,1,1024,11,6727947477
4841,137404450,102284,137506734,0,6,0,35840,42,665977195
4842,137440123,92684,137532807,0,6,0,19456,42,10143216062
4843,137553527,3898,137557425,0,8,1,4096,3,865651034
4844,137590136,87632,137677768,0,8,0,23040,3,4586890597
4845,137591690,126932,137718622,0,6,0,116736,42,5761206158
4846,137597895,1518,137599413,0,2,1,1536,23,9999250940
4847,137598683,142571,137741254,0,6,0,29696,42,4312798492
4848,137674797,73916,137748713,0,0,0,13312,17,6861028651
4849,137688422,2470,137690892,0,2,1,2560,23,2979634620
4850,137706759,57908,137764667,0,8,0,6144,3,8035460147
4851,137708906,1518,137710424,0,2,1,1536,23,572626769
4852,137720385,2870,137723255,0,3,1,8704,11,6046132417
4853,137751641,106496,137858137,0,8,0,49664,3,8313414678
4854,137777018,107120,137884138,0,0,0,51712,17,3168075285
4855,137783264,1042,137784306,0,8,1,1024,3,1062188233
4856,137794266,4850,137799116,0,3,1,5120,11,7653164579
4857,137801261,4850,137806111,0,2,1,5120,23,8354079815
4858,137904316,13341,137917657,0,2,1,22528,23,4465234416
4859,137914778,106340,138021118,0,8,0,49152,3,8525770432
4860,137951895,566,137952461,0,2,1,512,23,412063832
4861,137959759,99164,138058923,0,0,0,25600,17,2219191862
4862,137961040,74360,138035400,0,8,0,9728,3,6065024326
4863,137974457,100256,138074713,0,6,0,29184,42,6813960025
4864,138005765,148087,138153852,0,8,0,98816,3,5732480008
4865,138052794,3422,138056216,0,2,1,3584,23,4355627064
4866,138131460,5802,138137262,0,2,1,6144,23,6246926414
4867,138196292,2870,138199162,0,4,1,8704,44,2196728579
4868,138217593,4850,138222443,0,2,1,5120,23,2512860047
4869,138220270,2519,138222789,0,2,1,512,23,4218747333
4870,138255661,566,138256227,0,8,1,512,3,1538020850
4871,138332171,2946,138335117,0,8,1,3072,3,3229440375
4872,138353505,4374,138357879,0,2,1,4608,23,8147595475
4873,138362000,92840,138454840,0,0,0,19968,17,7322363744
4874,138393785,7706,138401491,0,8,1,8192,3,8039662660
4875,138395291,6661,138401952,0,8,1,10240,3,1635172833
4876,138404340,3898,138408238,0,8,1,4096,3,2550275484
4877,138410140,2470,138412610,0,2,1,2560,23,3648803812
4878,138414594,4850,138419444,0,6,1,5120,42,569523587
4879,138505032,4850,138509882,0,2,1,5120,23,9239925766
4880,138531850,80060,138611910,0,8,0,13312,3,7803879687
4881,138569286,5196,138574482,0,9,1,13312,32,10724766755
4882,138575725,106085,138681810,0,8,0,33792,3,4620418894
4883,138591023,6278,138597301,0,2,1,6656,23,346288944
4884,138603989,128167,138732156,0,8,0,51712,3,9009313799
4885,138627977,54524,138682501,0,0,0,5120,17,6378482806
4886,138657858,54992,138712850,0,0,0,6656,17,2021601240
4887,138663168,2470,138665638,0,9,1,2560,32,4355199688
4888,138717214,118934,138836148,0,8,0,41472,3,2649435501
4889,138749659,1994,138751653,0,6,1,2048,42,9484158483
4890,138759358,1518,138760876,0,6,1,1536,42,645090600
4891,138837378,58376,138895754,0,0,0,7680,17,7921293972
4892,138841850,5326,138847176,0,2,1,5632,23,9393034353
4893,138902306,10757,138913063,0,2,1,17408,23,2160866670
4894,138918728,1042,138919770,0,9,1,1024,32,10606420007
4895,138925561,5196,138930757,0,2,1,13312,23,4852370143
4896,138929890,45596,138975486,0,6,0,1024,42,988633747
4897,138962404,47288,139009692,0,8,0,1536,3,8207016108
4898,138973847,2870,138976717,0,9,1,8704,32,7479220950
4899,138987748,100256,139088004,0,0,0,29184,17,4014736884
4900,138998536,1042,138999578,0,6,1,1024,42,6624629204
4901,139001678,100880,139102558,0,6,0,31232,42,4976086494
4902,139054354,102284,139156638,0,0,0,35840,17,8320337864
4903,139088512,14061,139102573,0,6,1,8192,42,4376454903
4904,139110111,135183,139245294,0,0,0,27136,17,7612024279
4905,139114058,5802,139119860,0,6,1,6144,42,8224621870
4906,139114550,3898,139118448,0,8,1,4096,3,9863070890
4907,139162735,43904,139206639,0,8,0,512,3,8791044690
4908,139191045,1518,139192563,0,8,1,1536,3,5066717489
4909,139218922,33075,139251997,0,0,1,54272,17,8698350672
4910,139231882,5326,139237208,0,6,1,5632,42,9412639967
4911,139252307,11274,139263581,0,0,1,18432,17,10086281713
4912,139254377,2470,139256847,0,6,1,2560,42,6713376640
4913,139265885,35312,139301197,0,0,1,61952,17,1112266187
4914,139273199,566,139273765,0,8,1,512,3,9616677017
4915,139305552,3898,139309450,0,9,1,4096,32,2815491190
4916,139332080,43904,139375984,0,8,0,512,3,4349439555
4917,139334288,13341,139347629,0,0,1,22528,17,9207125652
4918,139369084,104000,139473084,0,6,0,41472,42,4553183836
4919,139434916,12995,139447911,0,6,1,25088,42,9040150494
4920,139448811,7230,139456041,0,6,1,7680,42,1124297338
4921,139471022,1042,139472064,0,8,1,1024,3,9858409980
4922,139481492,55748,139537240,0,8,0,4096,3,8992490184
4923,139644041,43904,139687945,0,8,0,512,3,2898652979
4924,139661376,3898,139665274,0,6,1,4096,42,4492813447
4925,139763130,77168,139840298,0,6,0,18944,42,5222928620
4926,139815498,2870,139818368,0,8,1,8704,3,8712031405
4927,139838999,13858,139852857,0,0,1,23552,17,2211547742
4928,139959519,14804,139974323,0,0,1,28672,17,3252214710
4929,139977334,106642,140083976,0,0,0,38400,17,6697456357
4930,139985937,6278,139992215,0,0,1,6656,17,8171572647
4931,140034599,136639,140171238,0,0,0,36864,17,6543042809
4932,140046128,1518,140047646,0,7,1,1536,33,3042699441
4933,140069787,98696,140168483,0,6,0,24064,42,468686745
4934,140086372,45596,140131968,0,8,0,1024,3,9868805971
4935,140128647,13600,140142247,0,0,1,23040,17,10600128141
4936,140258323,4374,140262697,0,7,1,4608,33,235497480
4937,140264964,55748,140320712,0,6,0,4096,42,10615678491
4938,140276790,31783,140308573,0,0,1,51712,17,3510189160
4939,140283116,21141,140304257,0,6,1,34304,42,7892938942
4940,140329506,7706,140337212,0,6,1,8192,42,2457142780
4941,140340167,43904,140384071,0,8,0,512,3,7532869477
4942,140357914,2470,140360384,0,7,1,2560,33,3958816579
4943,140409376,42683,140452059,0,0,1,69632,17,3915671947
4944,140431798,566,140432364,0,6,1,512,42,1642080279
4945,140451922,1042,140452964,0,2,1,1024,23,8515782535
4946,140496959,113368,140610327,0,0,0,55808,17,8699419155
4947,140554949,7706,140562655,0,3,1,8192,11,10635590245
4948,140600220,43904,140644124,0,8,0,512,3,9342809714
4949,140611047,108992,140720039,0,6,0,57856,42,7759509
4950,140637555,7230,140644785,0,5,1,7680,19,4518826629
4951,140665403,97292,140762695,0,6,0,19456,42,2695085305
4952,140672281,1994,140674275,0,7,1,2048,33,2703207000
4953,140692767,73487,140766254,0,0,1,122880,17,749610027
4954,140726841,5326,140732167,0,6,1,5632,42,8108086280
4955,140730047,54056,140784103,0,6,0,3584,42,5513790518
4956,140737096,43904,140781000,0,8,0,512,3,6118715321
4957,140744612,1042,140745654,0,5,1,1024,19,1400312971
4958,140759783,167167,140926950,0,6,0,11264,42,4560682507
4959,140775954,4850,140780804,0,5,1,5120,19,6803478616
4960,140828289,5802,140834091,0,5,1,6144,19,10112928263
4961,140905717,1994,140907711,0,6,1,2048,42,5733419040
4962,140918434,8531,140926965,0,6,1,6656,42,7422041113
4963,140959383,2470,140961853,0,5,1,2560,19,2861766463
4964,140965557,99320,141064877,0,0,0,26112,17,4364502347
4965,140967398,145001,141112399,0,6,0,10752,42,2682210849
4966,140976930,4374,140981304,0,5,1,4608,19,5431967995
4967,141001201,3422,141004623,0,6,1,3584,42,3257079930
4968,141003469,2470,141005939,0,7,1,2560,33,2353066572
4969,141028033,136414,141164447,0,0,0,124928,17,6645307699
4970,141091302,45596,141136898,0,8,0,1024,3,1395379492
4971,141117832,3904,141121736,0,7,1,10752,33,7241834905
4972,141132916,99607,141232523,0,0,0,14336,17,3527265841
4973,141180575,2946,141183521,0,6,1,3072,42,5696066428
4974,141231742,43904,141275646,0,8,0,512,3,7172254204
4975,141231782,5454,141237236,0,7,1,13824,33,3254382697
4976,141239719,43904,141283623,0,8,0,512,3,1174859332
4977,141306564,45596,141352160,0,8,0,1024,3,2223031242
4978,141319081,3645,141322726,0,7,1,10240,33,1932904100
4979,141324364,20882,141345246,0,1,1,33792,36,6932958870
4980,141355705,106496,141462201,0,6,0,49664,42,10490736295
4981,141380008,43904,141423912,0,8,0,512,3,1001434924
4982,141383770,2946,141386716,0,7,1,3072,33,9592757804
4983,141397025,1518,141398543,0,5,1,1536,19,7515924691
4984,141429959,2946,141432905,0,5,1,3072,19,8274194923
4985,141441556,566,141442122,0,7,1,512,33,10382642006
4986,141449907,43904,141493811,0,8,0,512,3,8805321223
4987,141565521,63452,141628973,0,0,0,9216,17,4765083736
4988,141618964,3898,141622862,0,7,1,4096,33,5348331058
4989,141638854,48980,141687834,0,6,0,2048,42,4932862533
4990,141688817,3898,141692715,0,5,1,4096,19,4228874886
4991,141711038,103064,141814102,0,0,0,38400,17,1323268352
4992,141834932,4850,141839782,0,7,1,5120,33,10521969205
4993,141859879,2870,141862749,0,5,1,8704,19,9950445153
4994,141883380,566,141883946,0,7,1,512,33,9837712169
4995,141899191,5802,141904993,0,2,1,6144,23,2238150985
4996,141945101,43904,141989005,0,8,0,512,3,2252100719
4997,142154699,24929,142179628,0,0,1,45056,17,10694377586
4998,142155969,3904,142159873,0,5,1,10752,19,9595702388
4999,142157670,25824,142183494,0,0,1,6144,17,78967934
5000,142182993,1042,142184035,0,5,1,1024,19,1639424124
5001,142203194,2870,142206064,0,7,1,8704,33,8902833184
5002,142329844,7230,142337074,0,7,1,7680,33,5909535817
5003,142355428,99632,142455060,0,6,0,27136,42,9821806696
5004,142403301,10241,142413542,0,0,1,16384,17,2892477852
5005,142436601,70976,142507577,0,6,0,8704,42,5170660576
5006,142525339,45596,142570935,0,8,0,1024,3,1050054355
5007,142591531,176852,142768383,0,6,0,149504,42,401101030
5008,142678425,43904,142722329,0,8,0,512,3,9931585820
5009,142746894,75537,142822431,0,6,0,3584,42,8733473831
5010,142798167,4420,142802587,0,7,1,11776,33,721905062
5011,142800978,97916,142898894,0,0,0,21504,17,580468703
5012,142845073,118387,142963460,0,0,0,25600,17,9696553670
5013,142883983,2946,142886929,0,7,1,3072,33,2526960938
5014,142902173,96980,142999153,0,0,0,18432,17,10240631032
5015,142949432,164700,143114132,0,0,0,139776,17,3401158194
5016,143146892,45596,143192488,0,8,0,1024,3,8757316581
5017,143151425,45596,143197021,0,8,0,1024,3,7763190984
5018,143183817,90212,143274029,0,6,0,16384,42,6049359809
5019,143198442,3422,143201864,0,7,1,3584,33,260628586
5020,143377292,52364,143429656,0,8,0,3072,3,460097140
5021,143393733,108992,143502725,0,0,0,57856,17,559721924
5022,143411219,3422,143414641,0,7,1,3584,33,1090298144
5023,143428022,61459,143489481,0,8,0,1536,3,3993982335
5024,143442193,48980,143491173,0,8,0,2048,3,4925741539
5025,143458031,119444,143577475,0,6,0,92160,42,6073278555
5026,143464863,87014,143551877,0,0,0,10240,17,5950457240
5027,143490601,136708,143627309,0,0,0,109056,17,1463535058
5028,143492423,1042,143493465,0,4,1,1024,44,8436633830
5029,143641811,43904,143685715,0,0,0,512,17,8658250169
5030,143671054,5196,143676250,0,3,1,13312,11,2731295603
5031,143674238,566,143674804,0,7,1,512,33,2045323188
5032,143696919,3422,143700341,0,7,1,3584,33,5557736467
5033,143742532,43904,143786436,0,8,0,512,3,1471020019
5034,143746057,45596,143791653,0,8,0,1024,3,3405107671
5035,143758848,57908,143816756,0,6,0,6144,42,1702166487
5036,143793499,109585,143903084,0,6,0,25088,42,4237497030
5037,143888358,4937,143893295,0,3,1,12800,11,2365339105
5038,143931586,3422,143935008,0,7,1,3584,33,2457466404
5039,143948123,4420,143952543,0,7,1,11776,33,9791068681
5040,143961024,3904,143964928,0,7,1,10752,33,7866722890
5041,144010061,99320,144109381,0,6,0,26112,42,6897483097
5042,144093341,102908,144196249,0,0,0,37888,17,3161272478
5043,144126952,64208,144191160,0,6,0,6656,42,4927475616
5044,144147845,116713,144264558,0,6,0,59904,42,5443921217
5045,144189829,43904,144233733,0,8,0,512,3,9344847096
5046,144235244,101825,144337069,0,6,0,21504,42,342592895
5047,144283978,4679,144288657,0,2,1,12288,23,5238455406
5048,144311064,566,144311630,0,6,1,512,42,5432383608
5049,144347979,1042,144349021,0,2,1,1024,23,9152530616
5050,144383176,12825,144396001,0,6,1,21504,42,6699074087
5051,144414869,62516,144477385,0,6,0,6144,42,7279934461
5052,144418234,224481,144642715,0,6,0,18432,42,10065056184
5053,144532922,5454,144538376,0,6,1,13824,42,2644844173
5054,144605004,4374,144609378,0,6,1,4608,42,3799821326
5055,144611309,1994,144613303,0,2,1,2048,23,6457101316
5056,144639757,4850,144644607,0,3,1,5120,11,10376226408
5057,144647666,3898,144651564,0,3,1,4096,11,2084635384
5058,144697719,104000,144801719,0,0,0,41472,17,6577881047
5059,144703949,43904,144747853,0,8,0,512,3,9451873627
5060,144811616,88364,144899980,0,6,0,15360,42,1774618245
5061,144880117,1518,144881635,0,3,1,1536,11,3058713475
5062,144921553,45596,144967149,0,8,0,1024,3,4072073441
5063,144991155,105404,145096559,0,0,0,46080,17,7469345006
5064,145126631,54056,145180687,0,8,0,3584,3,8837624690
5065,145130010,48980,145178990,0,8,0,2048,3,3187434840
5066,145133997,2946,145136943,0,6,1,3072,42,3437487224
5067,145172177,1518,145173695,0,6,1,1536,42,2012389327
5068,145194920,47288,145242208,0,8,0,1536,3,2474903127
5069,145205592,1994,145207586,0,6,1,2048,42,4652027058
5070,145240978,98228,145339206,0,0,0,22528,17,6431877881
5071,145284140,104000,145388140,0,8,0,41472,3,1080216932
5072,145303681,2470,145306151,0,6,1,2560,42,7469290081
5073,145341952,23120,145365072,0,0,1,41472,17,3317707409
5074,145359631,154070,145513701,0,0,0,54784,17,10182330298
5075,145401178,3898,145405076,0,8,1,4096,3,7739664816
5076,145403935,6229,145410164,0,0,1,15360,17,7851966104
5077,145504302,10499,145514801,0,6,1,16896,42,6842365393
5078,145517343,90680,145608023,0,8,0,17920,3,10630381855
5079,145578804,118820,145697624,0,0,0,90112,17,3944177054
5080,145582835,5712,145588547,0,6,1,14336,42,1752587659
5081,145640380,112552,145752932,0,0,0,12288,17,2948731269
5082,145766117,121221,145887338,0,6,0,43520,42,5508074346
5083,145773455,95180,145868635,0,0,0,27648,17,455888391
5084,145830882,2470,145833352,0,6,1,2560,42,9350226715
5085,145846663,154184,146000847,0,6,0,6656,42,10065353775
5086,145895888,10499,145906387,0,0,1,16896,17,10337982024
5087,145955351,64520,146019871,0,8,0,7680,3,5058053169
5088,146013316,2870,146016186,0,6,1,8704,42,9257067933
5089,146024500,3128,146027628,0,0,1,9216,17,7233553821
5090,146032634,47288,146079922,0,8,0,1536,3,8483093157
5091,146037082,120839,146157921,0,0,0,36864,17,6135660663
5092,146240947,3898,146244845,0,6,1,4096,42,2366654484
5093,146310637,1994,146312631,0,6,1,2048,42,829494820
5094,146312994,105092,146418086,0,0,0,45056,17,10485680214
5095,146330376,107900,146438276,0,8,0,54272,3,8452733608
5096,146381957,13083,146395040,0,6,1,22016,42,7450030918
5097,146407277,58401,146465678,0,0,0,2560,17,3381344124
5098,146464462,5326,146469788,0,6,1,5632,42,6917807167
5099,146480191,1042,146481233,0,7,1,1024,33,8793725589
5100,146483118,109772,146592890,0,8,0,60416,3,8766680804
5101,146488230,2470,146490700,0,5,1,2560,19,7320521016
5102,146504245,103315,146607560,0,8,0,36864,3,1070033248
5103,146512854,2470,146515324,0,6,1,2560,42,2564485604
5104,146561094,1518,146562612,0,6,1,1536,42,703751448
5105,146609699,3898,146613597,0,6,1,4096,42,1093244720
5106,146624311,4162,146628473,0,0,1,11264,17,1346627772
5107,146628550,15062,146643612,0,0,1,29184,17,3697729909
5108,146686538,11791,146698329,0,0,1,19456,17,5997625463
5109,146695776,126607,146822383,0,0,0,19456,17,1769394031
5110,146705089,112117,146817206,0,6,0,11264,42,1245303663
5111,146726483,97760,146824243,0,8,0,20992,3,5592919549
5112,146756321,5712,146762033,0,0,1,14336,17,9782290695
5113,146823202,95312,146918514,0,6,0,23040,42,9440889566
5114,146888556,16613,146905169,0,0,1,32256,17,3580892299
5115,146973429,10241,146983670,0,7,1,16384,33,7924287400
5116,146989671,5971,146995642,0,3,1,14848,11,8589423348
5117,146989848,5196,146995044,0,7,1,13312,33,4945352791
5118,147075058,47288,147122346,0,6,0,1536,42,245481846
5119,147077037,2470,147079507,0,3,1,2560,11,6442934289
5120,147086525,103844,147190369,0,8,0,40960,3,4346504755
5121,147100056,1994,147102050,0,3,1,2048,11,396663323
5122,147179882,122279,147302161,0,8,0,67072,3,5124913833
5123,147193091,4850,147197941,0,7,1,5120,33,7470382817
5124,147328515,1518,147330033,0,4,1,1536,44,4809325531
5125,147347743,1042,147348785,0,3,1,1024,11,1936852464
5126,147361226,81308,147442534,0,8,0,17408,3,9778815430
5127,147364516,140364,147504880,0,8,0,39424,3,7004966086
5128,147393408,32558,147425966,0,1,1,53248,36,3434730326
5129,147567903,2946,147570849,0,3,1,3072,11,7692461121
5130,147569667,104624,147674291,0,6,0,43520,42,4813290265
5131,147579198,58688,147637886,0,0,0,8704,17,3648868215
5132,147583395,107255,147690650,0,0,0,25600,17,8004472138
5133,147599594,163638,147763232,0,0,0,35840,17,2452581448
5134,147667813,43904,147711717,0,0,0,512,17,3035840326
5135,147678200,100880,147779080,0,8,0,31232,3,7560104087
5136,147695832,100209,147796041,0,0,0,17920,17,8224723601
5137,147751692,98228,147849920,0,0,0,22528,17,8939699674
5138,147793537,43904,147837441,0,3,0,512,11,10221541000
5139,147816255,104780,147921035,0,8,0,44032,3,10636288720
5140,147854868,15579,147870447,0,1,1,30208,36,9236385831
5141,147870793,3128,147873921,0,4,1,9216,44,4646386297
5142,147960415,12995,147973410,0,3,1,25088,11,6998430276
5143,147977168,3422,147980590,0,4,1,3584,44,10498543632
5144,148042647,5802,148048449,0,4,1,6144,44,4627807419
5145,148098424,69284,148167708,0,0,0,8192,17,9439251839
5146,148116416,48980,148165396,0,3,0,2048,11,4106907375
5147,148130344,43904,148174248,0,3,0,512,11,9733903209
5148,148200700,86228,148286928,0,8,0,18432,3,10357222242
5149,148210930,7706,148218636,0,1,1,8192,36,5694208620
5150,148238368,13770,148252138,0,4,1,26624,44,10179734782
5151,148239354,110552,148349906,0,0,0,62976,17,7874147109
5152,148272474,53495,148325969,0,1,1,90624,36,528835288
5153,148425270,42424,148467694,0,1,1,69120,36,7511543045
5154,148488213,4679,148492892,0,4,1,12288,44,1858143227
5155,148506427,4420,148510847,0,3,1,11776,11,460784116
5156,148564449,3645,148568094,0,3,1,10240,11,2100791375
5157,148631894,2946,148634840,0,6,1,3072,42,6552188164
5158,148640047,1994,148642041,0,4,1,2048,44,9679656846
5159,148647703,11274,148658977,0,3,1,18432,11,7691497937
5160,148731775,3387,148735162,0,3,1,9728,11,1741630433
5161,148762156,100412,148862568,0,8,0,29696,3,5262431729
5162,148770434,59608,148830042,0,3,0,512,11,5723413297
5163,148781148,4374,148785522,0,3,1,4608,11,9786537442
5164,148781269,89588,148870857,0,0,0,14336,17,9877354110
5165,148852426,98852,148951278,0,6,0,24576,42,1199549622
5166,148863707,7706,148871413,0,8,1,8192,3,9061551673
5167,148891114,75320,148966434,0,6,0,17920,42,9966384683
5168,148891273,78524,148969797,0,8,0,13312,3,1848639291
5169,148912141,117023,149029164,0,6,0,52224,42,1787689652
5170,148913505,566,148914071,0,6,1,512,42,4103122721
5171,148924125,2470,148926595,0,3,1,2560,11,8805480170
5172,148958273,14287,148972560,0,1,1,27648,36,125220630
5173,148961608,3898,148965506,0,8,1,4096,3,2318553655
5174,148965977,7716,148973693,0,8,1,10752,3,4661702144
5175,148971139,137584,149108723,0,6,0,2048,42,5425186747
5176,148989928,566,148990494,0,1,1,512,36,3727240383
5177,148990139,4850,148994989,0,4,1,5120,44,8514764013
5178,148994791,566,148995357,0,4,1,512,44,4862947346
5179,149005534,5326,149010860,0,6,1,5632,42,5277816060
5180,149014690,18840,149033530,0,6,1,4608,42,417161714
5181,149053962,4679,149058641,0,1,1,12288,36,3203004727
5182,149063895,63140,149127035,0,8,0,8192,3,2917289915
5183,149080022,5802,149085824,0,6,1,6144,42,3068430749
5184,149094671,566,149095237,0,6,1,512,42,9154043401
5185,149114205,104936,149219141,0,0,0,44544,17,10172940682
5186,149123108,65144,149188252,0,8,0,9728,3,9954356879
5187,149148453,2946,149151399,0,4,1,3072,44,1090027443
5188,149198916,79616,149278532,0,3,0,16896,11,9936665200
5189,149204720,566,149205286,0,4,1,512,44,3134475372
5190,149210393,5971,149216364,0,6,1,14848,42,5694638044
5191,149232633,70532,149303165,0,6,0,12288,42,6407862189
5192,149235511,56372,149291883,0,8,0,6144,3,7921229145
5193,149243227,3128,149246355,0,8,1,9216,3,4847714478
5194,149325013,2946,149327959,0,8,1,3072,3,6860611503
5195,149354647,157455,149512102,0,8,0,22016,3,9205880963
5196,149403172,50672,149453844,0,6,0,2560,42,1945052490
5197,149472312,6754,149479066,0,6,1,7168,42,1710057008
5198,149489917,3422,149493339,0,6,1,3584,42,6259987977
5199,149656815,1042,149657857,0,8,1,1024,3,765002659
5200,149676297,1042,149677339,0,6,1,1024,42,3561938207
5201,149714963,5802,149720765,0,6,1,6144,42,8730599202
5202,149728968,6278,149735246,0,9,1,6656,32,4882901747
5203,149754907,196052,149950959,0,8,0,182272,3,5687585000
5204,149761659,139709,149901368,0,6,0,36864,42,1047781176
5205,149765219,1042,149766261,0,6,1,1024,42,4905487042
5206,149781730,177824,149959554,0,8,0,28160,3,3879796361
5207,149794949,45596,149840545,0,3,0,1024,11,9461174418
5208,149817333,2470,149819803,0,8,1,2560,3,373683820
5209,149819910,120536,149940446,0,3,0,95744,11,1206027555
5210,149843554,174940,150018494,0,3,0,52224,11,7800105556
5211,149871085,4937,149876022,0,8,1,12800,3,6262020998
5212,149874884,101036,149975920,0,0,0,31744,17,8441650883
5213,149886683,2470,149889153,0,9,1,2560,32,1918808094
5214,149958697,104000,150062697,0,0,0,41472,17,5255873775
5215,149987221,50672,150037893,0,6,0,2560,42,8671847437
5216,149987485,3422,149990907,0,9,1,3584,32,1884742815
5217,150001370,77363,150078733,0,1,1,130560,36,4839380236
5218,150019121,65104,150084225,0,1,1,26112,36,7424849272
5219,150078778,566,150079344,0,6,1,512,42,707857984
5220,150098465,30749,150129214,0,1,1,49664,36,2269697376
5221,150118451,4850,150123301,0,3,1,5120,11,1968532250
5222,150125143,566,150125709,0,4,1,512,44,9554131329
5223,150127779,21399,150149178,0,0,1,34816,17,2749022242
5224,150225824,99476,150325300,0,6,0,26624,42,4851221364
5225,150236977,24154,150261131,0,0,1,43520,17,5949259699
5226,150319590,119842,150439432,0,6,0,74752,42,9505281181
5227,150322104,36604,150358708,0,1,1,64512,36,9979505378
5228,150342146,103064,150445210,0,8,0,38400,3,765330541
5229,150392413,33075,150425488,0,1,1,54272,36,3908981194
5230,150399092,95444,150494536,0,3,0,18432,11,6253246872
5231,150417720,98696,150516416,0,0,0,24064,17,3244823984
5232,150447017,12308,150459325,0,0,1,20480,17,593087502
5233,150447046,7230,150454276,0,4,1,7680,44,8361403210
5234,150448665,2946,150451611,0,6,1,3072,42,5492062726
5235,150464774,566,150465340,0,0,1,512,17,8309272950
5236,150470236,107900,150578136,0,3,0,54272,11,3577337075
5237,150497994,76846,150574840,0,1,1,129536,36,5180719588
5238,150509215,11567,150520782,0,0,1,4608,17,5626832087
5239,150536407,6488,150542895,0,0,1,15872,17,6775507660
5240,150549395,2470,150551865,0,6,1,2560,42,66811448
5241,150581785,2470,150584255,0,6,1,2560,42,8800186208
5242,150605525,5326,150610851,0,6,1,5632,42,1168067114
5243,150619939,1994,150621933,0,6,1,2048,42,8901566370
5244,150621168,24670,150645838,0,1,1,44544,36,1898842004
5245,150635249,2870,150638119,0,4,1,8704,44,9785033293
5246,150652221,1518,150653739,0,6,1,1536,42,8252365255
5247,150655799,6278,150662077,0,0,1,6656,17,2036804867
5248,150690111,3898,150694009,0,6,1,4096,42,6900935539
5249,150690790,197442,150888232,0,6,0,10240,42,4456501867
5250,150725013,160084,150885097,0,6,0,59904,42,2288801491
5251,150766997,4850,150771847,0,4,1,5120,44,4741137804
5252,150768671,4162,150772833,0,4,1,1536,44,9224575038
5253,150780897,101348,150882245,0,0,0,32768,17,10631355570
5254,150796414,5196,150801610,0,1,1,13312,36,2680338697
5255,150843815,22691,150866506,0,1,1,37376,36,7313241951
5256,150868131,82220,150950351,0,8,0,15360,3,6303053798
5257,150880702,1994,150882696,0,4,1,2048,44,1091554225
5258,150920928,83700,151004628,0,1,1,136192,36,5452681500
5259,150978272,42933,151021205,0,1,1,54784,36,738653396
5260,150990561,51228,151041789,0,1,1,73728,36,8495559073
5261,151006360,36300,151042660,0,1,1,12288,36,9877752900
5262,151008680,3422,151012102,0,6,1,3584,42,1215888277
5263,151039840,12825,151052665,0,1,1,21504,36,10285776423
5264,151044910,105404,151150314,0,0,0,46080,17,7191437302
5265,151070820,223070,151293890,0,6,0,204288,42,10676564839
5266,151093230,109616,151202846,0,8,0,59904,3,9502880048
5267,151137617,43975,151181592,0,1,1,72192,36,3297008897
5268,151158814,4162,151162976,0,5,1,11264,19,150351054
5269,151175599,2470,151178069,0,5,1,2560,19,4233105517
5270,151228311,101348,151329659,0,6,0,32768,42,3156595599
5271,151236054,162764,151398818,0,6,0,44544,42,1772650178
5272,151276137,110084,151386221,0,0,0,61440,17,6934221918
5273,151276651,16613,151293264,0,1,1,32256,36,1389505723
5274,151287398,115232,151402630,0,3,0,78336,11,8202894349
5275,151297097,566,151297663,0,4,1,512,44,2072411062
5276,151338653,53495,151392148,0,1,1,90624,36,1650080284
5277,151351397,3422,151354819,0,6,1,3584,42,1647713025
5278,151376718,6754,151383472,0,6,1,7168,42,6340406108
5279,151384979,13854,151398833,0,6,1,4608,42,2658193668
5280,151413488,5971,151419459,0,4,1,14848,44,8341842702
5281,151422241,2470,151424711,0,2,1,2560,23,8215342839
5282,151439752,5802,151445554,0,2,1,6144,23,9556879663
5283,151450106,2946,151453052,0,2,1,3072,23,6741600142
5284,151454706,123968,151578674,0,8,0,107008,3,7725105171
5285,151487939,97604,151585543,0,3,0,20480,11,746452443
5286,151514321,120068,151634389,0,0,0,94208,17,2047904095
5287,151534431,3422,151537853,0,6,1,3584,42,7928350487
5288,151597852,80864,151678716,0,3,0,20992,11,6539349992
5289,151598057,566,151598623,0,4,1,512,44,5367068599
5290,151607551,1994,151609545,0,1,1,2048,36,852745132
5291,151612499,135242,151747741,0,0,0,72192,17,9529293380
5292,151614553,1042,151615595,0,4,1,1024,44,899800908
5293,151631614,6229,151637843,0,6,1,15360,42,8178624353
5294,151644650,116012,151760662,0,3,0,80896,11,7239985467
5295,151679977,133527,151813504,0,3,0,41472,11,5001893059
5296,151731180,1994,151733174,0,2,1,2048,23,9589338411
5297,151749311,16613,151765924,0,5,1,32256,19,2018817536
5298,151756135,11735,151767870,0,5,1,3072,19,692901594
5299,151840491,566,151841057,0,1,1,512,36,6897571344
5300,151859801,24670,151884471,0,0,1,44544,17,6075084744
5301,151905898,7230,151913128,0,6,1,7680,42,7953116411
5302,151941810,1042,151942852,0,5,1,1024,19,4131501394
5303,151982133,59132,152041265,0,3,0,5120,11,309706340
5304,152043729,54056,152097785,0,8,0,3584,3,9596059721
5305,152050117,2946,152053063,0,1,1,3072,36,10263810452
5306,152187020,4374,152191394,0,1,1,4608,36,4667761691
5307,152195301,57908,152253209,0,3,0,6144,11,10040334482
5308,152261628,566,152262194,0,5,1,512,19,10271659461
5309,152284094,89853,152373947,0,6,0,12288,42,4023840364
5310,152286888,5454,152292342,0,6,1,13824,42,10241700456
5311,152335795,5326,152341121,0,1,1,5632,36,8627003300
5312,152339578,7706,152347284,0,1,1,8192,36,2578964683
5313,152369599,2470,152372069,0,1,1,2560,36,5056860638
5314,152422344,59132,152481476,0,8,0,5120,3,10624066949
5315,152455344,96824,152552168,0,8,0,17920,3,8217235803
5316,152463238,1994,152465232,0,5,1,2048,19,3967961529
5317,152478621,4374,152482995,0,5,1,4608,19,9533521787
5318,152479894,5802,152485696,0,2,1,6144,23,5236087025
5319,152540472,3422,152543894,0,7,1,3584,33,3184264435
5320,152554702,87296,152641998,0,0,0,16896,17,3170219256
5321,152569903,67592,152637495,0,8,0,7680,3,3132537001
5322,152579299,74360,152653659,0,8,0,9728,3,4231583941
5323,152630649,3422,152634071,0,5,1,3584,19,8275137663
5324,152648765,50672,152699437,0,6,0,2560,42,8370362571
5325,152732768,99320,152832088,0,6,0,26112,42,9397798446
5326,152737285,116792,152854077,0,8,0,83456,3,8988376772
5327,152762027,150568,152912595,0,8,0,42496,3,4095135571
5328,152780554,7706,152788260,0,5,1,8192,19,8317642047
5329,152801629,5802,152807431,0,5,1,6144,19,5420893085
5330,152813188,2946,152816134,0,5,1,3072,19,4763018865
5331,152821477,4162,152825639,0,5,1,11264,19,9376460287
5332,152821762,14029,152835791,0,0,1,27136,17,9317695458
5333,152879221,1042,152880263,0,3,1,1024,11,3017167911
5334,152887583,1994,152889577,0,1,1,2048,36,6893862503
5335,152909060,108992,153018052,0,6,0,57856,42,9241237458
5336,152926089,566,152926655,0,3,1,512,11,5599101272
5337,153004052,6488,153010540,0,1,1,15872,36,10724202198
5338,153010605,566,153011171,0,1,1,512,36,1085924294
5339,153044888,5326,153050214,0,5,1,5632,19,8323469916
5340,153072593,100412,153173005,0,8,0,29696,3,2704436762
5341,153129010,1994,153131004,0,5,1,2048,19,2618020272
5342,153159171,5326,153164497,0,1,1,5632,36,4000094068
5343,153181145,2470,153183615,0,1,1,2560,36,10681089828
5344,153197217,4374,153201591,0,9,1,4608,32,10496174668
5345,153241773,4850,153246623,0,6,1,5120,42,6655971992
5346,153254549,11016,153265565,0,0,1,17920,17,2928347549
5347,153348239,2470,153350709,0,9,1,2560,32,8948832035
5348,153348498,113048,153461546,0,8,0,71168,3,8898482687
5349,153399775,13600,153413375,0,0,1,23040,17,5971799801
5350,153410041,4850,153414891,0,6,1,5120,42,10354687485
5351,153431626,99033,153530659,0,6,0,15872,42,4024986471
5352,153443675,106028,153549703,0,6,0,48128,42,9205811338
5353,153500860,14804,153515664,0,0,1,28672,17,7310749634
5354,153532018,4850,153536868,0,3,1,5120,11,8915991726
5355,153546242,5802,153552044,0,2,1,6144,23,8448816721
5356,153566153,7706,153573859,0,9,1,8192,32,5986478353
5357,153582653,73745,153656398,0,0,1,123392,17,4322253249
5358,153586481,1042,153587523,0,9,1,1024,32,9003108376
5359,153634568,23315,153657883,0,0,1,15360,17,6033882556
5360,153678578,205382,153883960,0,0,0,31744,17,2279135610
5361,153682227,292554,153974781,0,0,0,108544,17,1713843713
5362,153725198,1042,153726240,0,3,1,1024,11,10031242813
5363,153770775,35312,153806087,0,0,1,61952,17,4790939556
5364,153785486,98489,153883975,0,0,1,152064,17,9445351030
5365,153804188,7230,153811418,0,8,1,7680,3,6485092562
5366,153841136,1518,153842654,0,9,1,1536,32,9202867287
5367,153852477,97760,153950237,0,8,0,20992,3,721212185
5368,153859008,163104,154022112,0,0,0,512,17,7280077908
5369,153866561,12737,153879298,0,9,1,24576,32,9957493082
5370,153874841,7363,153882204,0,9,1,4608,32,4992988711
5371,153899223,1042,153900265,0,9,1,1024,32,2754013639
5372,153905269,121520,154026789,0,0,0,14848,17,1612001543
5373,153912429,11016,153923445,0,1,1,17920,36,5205296080
5374,153967650,70573,154038223,0,0,1,103424,17,8472967194
5375,153994611,7230,154001841,0,3,1,7680,11,5648017136
5376,154025712,6278,154031990,0,8,1,6656,3,3760747978
5377,154038146,1518,154039664,0,8,1,1536,3,10704332936
5378,154091847,1994,154093841,0,6,1,2048,42,6255766437
5379,154096711,80060,154176771,0,6,0,13312,42,6141010215
5380,154104104,11016,154115120,0,3,1,17920,11,5161191392
5381,154135911,4850,154140761,0,1,1,5120,36,6503124173
5382,154176853,34279,154211132,0,0,1,59904,17,5247574343
5383,154213153,22691,154235844,0,0,1,37376,17,5068620726
5384,154218575,566,154219141,0,8,1,512,3,4287485634
5385,154221596,19740,154241336,0,0,1,26112,17,5872605820
5386,154222332,54118,154276450,0,0,1,75264,17,2408285549
5387,154274769,1042,154275811,0,6,1,1024,42,8673701150
5388,154279290,1518,154280808,0,8,1,1536,3,2040459488
5389,154282713,6754,154289467,0,8,1,7168,3,5991972276
5390,154303325,52808,154356133,0,0,1,86016,17,585593547
5391,154307209,1042,154308251,0,8,1,1024,3,2234157242
5392,154329883,566,154330449,0,1,1,512,36,7363584609
5393,154330581,2946,154333527,0,1,1,3072,36,9982866488
5394,154399589,44662,154444251,0,0,1,76800,17,1892610062
5395,154411693,5326,154417019,0,3,1,5632,11,1621751605
5396,154442721,5712,154448433,0,8,1,14336,3,6544158441
5397,154447880,3422,154451302,0,6,1,3584,42,10446006558
5398,154475082,3128,154478210,0,3,1,9216,11,4557668988
5399,154476030,214242,154690272,0,8,0,56832,3,1088458959
5400,154485835,5712,154491547,0,3,1,14336,11,2905755750
5401,154488774,2470,154491244,0,8,1,2560,3,627880544
5402,154502083,206657,154708740,0,8,0,31744,3,914903987
5403,154553557,566,154554123,0,1,1,512,36,6235356787
5404,154560123,6278,154566401,0,9,1,6656,32,3957795888
5405,154562535,186951,154749486,0,8,0,33280,3,6721259528
5406,154575873,1994,154577867,0,6,1,2048,42,5423931825
5407,154582417,12049,154594466,0,9,1,19968,32,207799395
5408,154592619,5802,154598421,0,6,1,6144,42,3461167410
5409,154604536,1042,154605578,0,3,1,1024,11,2789157045
5410,154617758,3898,154621656,0,6,1,4096,42,9865483518
5411,154684353,71523,154755876,0,8,0,11264,3,10182859662
5412,154684866,46471,154731337,0,0,1,80384,17,8366625671
5413,154704818,126464,154831282,0,6,0,115200,42,1041084790
5414,154711389,106622,154818011,0,0,0,5120,17,10369203628
5415,154746797,128987,154875784,0,6,0,33280,42,7289312980
5416,154752108,105412,154857520,0,0,1,175104,17,292105204
5417,154782752,566,154783318,0,7,1,512,33,4174282240
5418,154839728,2470,154842198,0,3,1,2560,11,2297709394
5419,154843792,5802,154849594,0,7,1,6144,33,7250603315
5420,154855489,59600,154915089,0,6,0,6656,42,3354650652
5421,154892396,11274,154903670,0,6,1,18432,42,1191224911
5422,154906678,7230,154913908,0,7,1,7680,33,4888106294
5423,154924235,566,154924801,0,3,1,512,11,2083745788
5424,154934196,1518,154935714,0,3,1,1536,11,6788878346
5425,154987936,2946,154990882,0,7,1,3072,33,9268052425
5426,154992152,7230,154999382,0,2,1,7680,23,8180757321
5427,155025729,3904,155029633,0,1,1,10752,36,4941719492
5428,155028118,112580,155140698,0,6,0,69632,42,6764694899
5429,155105979,3422,155109401,0,8,1,3584,3,3358882834
5430,155149302,1518,155150820,0,6,1,1536,42,2576186788
5431,155175526,1994,155177520,0,3,1,2048,11,9145597580
5432,155180944,74516,155255460,0,0,0,10240,17,6838258716
5433,155181360,5454,155186814,0,2,1,13824,23,4657304207
5434,155195237,1518,155196755,0,8,1,1536,3,10610599840
5435,155266707,1518,155268225,0,3,1,1536,11,9146442494
5436,155309894,2470,155312364,0,3,1,2560,11,894525819
5437,155337971,1994,155339965,0,7,1,2048,33,2214817476
5438,155356307,15321,155371628,0,6,1,29696,42,6425033422
5439,155361927,1042,155362969,0,7,1,1024,33,5814596786
5440,155378671,114296,155492967,0,0,0,75264,17,8796861150
5441,155378691,4374,155383065,0,2,1,4608,23,4410086522
5442,155382091,2470,155384561,0,1,1,2560,36,9178820250
5443,155476312,566,155476878,0,7,1,512,33,3111931154
5444,155502993,43904,155546897,0,0,0,512,17,5033627738
5445,155532131,3422,155535553,0,3,1,3584,11,5333875874
5446,155546795,60474,155607269,0,0,0,9216,17,883350870
5447,155557555,106558,155664113,0,0,0,44544,17,9963448922
5448,155561489,99320,155660809,0,8,0,26112,3,9240446030
5449,155579963,96404,155676367,0,0,0,26624,17,8039381534
5450,155591435,1518,155592953,0,2,1,1536,23,4933594856
5451,155603907,110240,155714147,0,6,0,61952,42,2028909974
5452,155635674,4162,155639836,0,2,1,11264,23,9682172415
5453,155647937,5326,155653263,0,4,1,5632,44,9101959132
5454,155723029,10757,155733786,0,9,1,17408,32,10616011918
5455,155725989,1994,155727983,0,3,1,2048,11,4464193701
5456,155748800,2470,155751270,0,8,1,2560,3,6353438197
5457,155768926,4850,155773776,0,7,1,5120,33,1723394507
5458,155781056,2946,155784002,0,8,1,3072,3,2235091630
5459,155915740,1994,155917734,0,2,1,2048,23,7953821846
5460,155918314,1518,155919832,0,1,1,1536,36,3821310259
5461,155945539,2470,155948009,0,3,1,2560,11,1505026859
5462,155957401,4374,155961775,0,8,1,4608,3,602703282
5463,155979533,7706,155987239,0,4,1,8192,44,10599196187
5464,155986229,3422,155989651,0,2,1,3584,23,229071283
5465,156008785,1994,156010779,0,6,1,2048,42,4963130118
5466,156050973,5802,156056775,0,3,1,6144,11,6429823839
5467,156055505,1518,156057023,0,6,1,1536,42,3695351566
5468,156069611,4850,156074461,0,4,1,5120,44,4622186793
5469,156081677,2946,156084623,0,7,1,3072,33,9348597534
5470,156118338,3387,156121725,0,8,1,9728,3,7679412188
5471,156130193,90860,156221053,0,6,0,23552,42,6345940418
5472,156146192,1994,156148186,0,3,1,2048,11,3087350123
5473,156146391,54056,156200447,0,0,0,3584,17,1156954155
5474,156154910,76052,156230962,0,8,0,10240,3,838130048
5475,156209800,3898,156213698,0,2,1,4096,23,5996725615
5476,156226481,110084,156336565,0,6,0,61440,42,8296286732
5477,156256545,13341,156269886,0,2,1,22528,23,8075889151
5478,156258865,15847,156274712,0,2,1,7680,23,5552897638
5479,156267712,1994,156269706,0,4,1,2048,44,5595858987
5480,156284068,4850,156288918,0,8,1,5120,3,8024792061
5481,156290712,5196,156295908,0,4,1,13312,44,9253624401
5482,156407993,3898,156411891,0,8,1,4096,3,8852247788
5483,156440106,7706,156447812,0,2,1,8192,23,8217415147
5484,156473344,58844,156532188,0,0,0,9216,17,124905879
5485,156500776,3422,156504198,0,2,1,3584,23,36137313
5486,156503296,566,156503862,0,9,1,512,32,5649896643
5487,156508936,77168,156586104,0,0,0,18944,17,6765969835
5488,156520148,6278,156526426,0,9,1,6656,32,9602464527
5489,156551861,1518,156553379,0,9,1,1536,32,8836398529
5490,156559212,4937,156564149,0,8,1,12800,3,7556312212
5491,156605020,1994,156607014,0,4,1,2048,44,1466322480
5492,156660482,105872,156766354,0,8,0,47616,3,1552603963
5493,156667265,104936,156772201,0,6,0,44544,42,5571659103
5494,156687726,3645,156691371,0,4,1,10240,44,8367976862
5495,156708818,4850,156713668,0,2,1,5120,23,504731768
5496,156714082,118458,156832540,0,8,0,36864,3,3275845425
5497,156718259,6754,156725013,0,3,1,7168,11,1157830453
5498,156774926,4374,156779300,0,2,1,4608,23,25937120
5499,156791029,3422,156794451,0,2,1,3584,23,7455609934
5500,156793382,106028,156899410,0,6,0,48128,42,10025513921
5501,156817275,6754,156824029,0,9,1,7168,32,494721829
5502,156829519,4679,156834198,0,3,1,12288,11,4194591440
5503,156897110,59912,156957022,0,8,0,7680,3,1745394518
5504,156929411,5326,156934737,0,8,1,5632,3,10260941866
5505,157109550,1518,157111068,0,8,1,1536,3,4384294543
5506,157161179,3387,157164566,0,7,1,9728,33,6756436220
5507,157232353,10499,157242852,0,3,1,16896,11,9929555128
5508,157242543,5802,157248345,0,5,1,6144,19,6252962328
5509,157243789,101504,157345293,0,0,0,33280,17,1976601429
5510,157270330,4374,157274704,0,3,1,4608,11,865800579
5511,157310842,6754,157317596,0,9,1,7168,32,2276210089
5512,157320724,115700,157436424,0,6,0,79872,42,10397478003
5513,157401511,64208,157465719,0,0,0,6656,17,6417322544
5514,157424414,4679,157429093,0,3,1,12288,11,3074582740
5515,157440125,5712,157445837,0,9,1,14336,32,2598914279
5516,157455207,82064,157537271,0,6,0,14848,42,6806039127
5517,157509677,75378,157585055,0,6,0,3072,42,1311462354
5518,157557952,1994,157559946,0,9,1,2048,32,10045575805
5519,157660429,4850,157665279,0,4,1,5120,44,10506628569
5520,157679237,5326,157684563,0,2,1,5632,23,5311513568
5521,157697459,6278,157703737,0,9,1,6656,32,74289514
5522,157722863,2946,157725809,0,9,1,3072,32,1213198042
5523,157778229,2470,157780699,0,3,1,2560,11,5742768476
5524,157837602,6229,157843831,0,3,1,15360,11,6785283801
5525,157917853,12308,157930161,0,3,1,20480,11,6496476055
5526,157927128,13253,157940381,0,9,1,25600,32,7817014171
5527,157968466,119444,158087910,0,6,0,92160,42,1177463279
5528,157981413,112596,158094009,0,6,0,19968,42,217989798
5529,158080990,1042,158082032,0,3,1,1024,11,1547626913
5530,158123805,110708,158234513,0,0,0,63488,17,1306283489
5531,158238938,4374,158243312,0,3,1,4608,11,10528412090
5532,158241417,96404,158337821,0,6,0,26624,42,904887946
5533,158256786,86042,158342828,0,6,0,16384,42,7591252997
5534,158280810,1042,158281852,0,2,1,1024,23,6526905841
5535,158288656,3422,158292078,0,9,1,3584,32,2749676773
5536,158315834,566,158316400,0,2,1,512,23,2067643618
5537,158407372,10499,158417871,0,3,1,16896,11,1479037598
5538,158420938,72668,158493606,0,5,0,9216,19,392432291
5539,158429332,64988,158494320,0,0,0,9216,17,3116239258
5540,158450783,2946,158453729,0,9,1,3072,32,10204570467
5541,158510192,566,158510758,0,3,1,512,11,9456646828
5542,158510693,69284,158579977,0,6,0,8192,42,2145564844
5543,158536079,3904,158539983,0,9,1,10752,32,10107680282
5544,158574912,98540,158673452,0,0,0,23552,17,4427777494
5545,158665135,78212,158743347,0,6,0,12288,42,9207488281
5546,158671214,15579,158686793,0,9,1,30208,32,6188976580
5547,158710654,47288,158757942,0,5,0,1536,19,7229938740
5548,158735988,1518,158737506,0,9,1,1536,32,7665133467
5549,158750202,104468,158854670,0,0,0,43008,17,6245106663
5550,158798127,104624,158902751,0,2,0,43520,23,6658251585
5551,158798175,10241,158808416,0,2,1,16384,23,7105979199
5552,158802728,6754,158809482,0,9,1,7168,32,4214311625
5553,158816213,125996,158942209,0,6,0,113664,42,7134482836
5554,158829570,25115,158854685,0,0,1,34816,17,1749645044
5555,158937582,107683,159045265,0,6,0,38400,42,9723658553
5556,158950989,87008,159037997,0,5,0,20992,19,10287335074
5557,158975490,176767,159152257,0,6,0,9216,42,4626242268
5558,158980731,3645,158984376,0,9,1,10240,32,10247350868
5559,159009771,115564,159125335,0,6,0,73216,42,8501230360
5560,159035427,14029,159049456,0,3,1,27136,11,9958555185
5561,159041963,6754,159048717,0,2,1,7168,23,1888362868
5562,159130328,99476,159229804,0,0,0,26624,17,8771613260
5563,159192967,3387,159196354,0,2,1,9728,23,3189327385
5564,159243392,1042,159244434,0,9,1,1024,32,5448191339
5565,159246464,1042,159247506,0,4,1,1024,44,9358023077
5566,159269342,74360,159343702,0,5,0,9728,19,5802272159
5567,159316673,2470,159319143,0,9,1,2560,32,9008077585
5568,159364937,3904,159368841,0,2,1,10752,23,8331762426
5569,159388911,99944,159488855,0,6,0,28160,42,202539870
5570,159405990,1994,159407984,0,4,1,2048,44,7739813733
5571,159430891,566,159431457,0,9,1,512,32,2793717224
5572,159434973,62516,159497489,0,0,0,6144,17,5475879787
5573,159441804,1042,159442846,0,4,1,1024,44,4753816826
5574,159442241,1042,159443283,0,9,1,1024,32,7084911084
5575,159445060,1042,159446102,0,9,1,1024,32,6691511011
5576,159466021,566,159466587,0,4,1,512,44,7873163429
5577,159478221,4850,159483071,0,2,1,5120,23,5095554665
5578,159479567,54992,159534559,0,6,0,6656,42,4711887864
5579,159512802,3645,159516447,0,3,1,10240,11,7552031351
5580,159564106,99476,159663582,0,0,0,26624,17,8054466413
5581,159578093,5802,159583895,0,3,1,6144,11,9108028477
5582,159589297,1518,159590815,0,1,1,1536,36,3607594968
5583,159596838,47288,159644126,0,6,0,1536,42,6356529932
5584,159622559,104767,159727326,0,0,0,11776,17,4340635629
5585,159659409,566,159659975,0,4,1,512,44,3442196775
5586,159701678,81020,159782698,0,5,0,21504,19,8842848743
5587,159794052,6754,159800806,0,4,1,7168,44,6047845031
5588,159880411,1994,159882405,0,1,1,2048,36,6620139708
5589,159888395,1994,159890389,0,4,1,2048,44,3574853980
5590,159930307,3422,159933729,0,2,1,3584,23,580053406
5591,159979309,7706,159987015,0,4,1,8192,44,5224078668
5592,159993892,102752,160096644,0,5,0,37376,19,10274270816
5593,160021984,566,160022550,0,1,1,512,36,10715024982
5594,160053969,76856,160130825,0,6,0,17920,42,7008093290
5595,160070927,2946,160073873,0,8,1,3072,3,1623350244
5596,160080727,3898,160084625,0,1,1,4096,36,8834472111
5597,160085734,4850,160090584,0,4,1,5120,44,4792070407
5598,160103222,10241,160113463,0,4,1,16384,44,7074425811
5599,160127307,6488,160133795,0,1,1,15872,36,6116809217
5600,160129088,109772,160238860,0,0,0,60416,17,5350826521
5601,160143929,93596,160237525,0,6,0,17408,42,7419283327
5602,160174098,6754,160180852,0,9,1,7168,32,10387422423
5603,160248954,4850,160253804,0,6,1,5120,42,8297094314
5604,160272927,4850,160277777,0,8,1,5120,3,5064678513
5605,160309724,10757,160320481,0,6,1,17408,42,1251060208
5606,160311295,566,160311861,0,1,1,512,36,5949362963
5607,160311460,114608,160426068,0,5,0,76288,19,5217890674
5608,160333590,1042,160334632,0,2,1,1024,23,1788572592
5609,160346799,10499,160357298,0,8,1,16896,3,2463343091
5610,160371843,6754,160378597,0,6,1,7168,42,9807339179
5611,160373348,5915,160379263,0,6,1,1024,42,4213575972
5612,160437470,51296,160488766,0,0,0,4608,17,9748568119
5613,160449797,2470,160452267,0,2,1,2560,23,9001795652
5614,160491617,43904,160535521,0,5,0,512,19,311839641
5615,160525351,566,160525917,0,4,1,512,44,6544712974
5616,160532083,2946,160535029,0,9,1,3072,32,6852479464
5617,160564533,54368,160618901,0,0,0,4608,17,9001536757
5618,160566193,5326,160571519,0,8,1,5632,3,2584453734
5619,160566965,4679,160571644,0,6,1,12288,42,8758554985
5620,160592819,1042,160593861,0,6,1,1024,42,9070073500
5621,160593269,116598,160709867,0,0,0,70144,17,10608620072
5622,160617709,4374,160622083,0,6,1,4608,42,5318202700
5623,160641305,4679,160645984,0,6,1,12288,42,4876103276
5624,160689757,566,160690323,0,6,1,512,42,7019564
5625,160711444,104312,160815756,0,6,0,42496,42,4429773023
5626,160718240,6278,160724518,0,8,1,6656,3,1033997338
5627,160728230,5712,160733942,0,2,1,14336,23,7901688364
5628,160730868,3128,160733996,0,4,1,9216,44,2674087910
5629,160773138,5971,160779109,0,7,1,14848,33,9641939084
5630,160805320,116324,160921644,0,0,0,81920,17,7364084329
5631,160831856,57908,160889764,0,5,0,6144,19,7767138132
5632,160898782,114452,161013234,0,5,0,75776,19,71974446
5633,160902895,6278,160909173,0,4,1,6656,44,10041662212
5634,160904608,16096,160920704,0,6,1,31232,42,1399776063
5635,160949464,1994,160951458,0,8,1,2048,3,4968155444
5636,160972217,126308,161098525,0,0,0,114688,17,5200676008
5637,160982023,4850,160986873,0,4,1,5120,44,7616217733
5638,160990255,5802,160996057,0,1,1,6144,36,10532844888
5639,161055671,3422,161059093,0,2,1,3584,23,5929220994
5640,161081891,7706,161089597,0,1,1,8192,36,6203021919
5641,161093885,96980,161190865,0,5,0,18432,19,4882285630
5642,161096628,73448,161170076,0,6,0,11776,42,1669607630
5643,161143468,4679,161148147,0,6,1,12288,42,9655908701
5644,161143991,10500,161154491,0,6,1,7680,42,5475549012
5645,161148667,6754,161155421,0,2,1,7168,23,9926314614
5646,161164551,105560,161270111,0,0,0,46592,17,385170434
5647,161173719,2946,161176665,0,8,1,3072,3,4898009833
5648,161173930,5001,161178931,0,8,1,3584,3,4077105844
5649,161204135,95600,161299735,0,5,0,18944,19,10550959996
5650,161222323,1042,161223365,0,2,1,1024,23,4048664200
5651,161224242,3904,161228146,0,8,1,10752,3,186609643
5652,161233284,109789,161343073,0,5,0,49152,19,9672072083
5653,161286055,2470,161288525,0,8,1,2560,3,857292427
5654,161305503,3904,161309407,0,2,1,10752,23,5787400499
5655,161309925,108212,161418137,0,0,0,55296,17,3065455731
5656,161326944,2470,161329414,0,2,1,2560,23,3129892730
5657,161336160,124789,161460949,0,5,0,87040,19,10523312993
5658,161357038,106422,161463460,0,5,0,8192,19,4895841681
5659,161359188,101177,161460365,0,0,0,5120,17,4040261856
5660,161428992,3422,161432414,0,2,1,3584,23,6566475641
5661,161482989,105872,161588861,0,6,0,47616,42,850096903
5662,161629568,566,161630134,0,6,1,512,42,2502715048
5663,161629885,91280,161721165,0,6,0,14848,42,843609985
5664,161630459,3898,161634357,0,4,1,4096,44,9225856810
5665,161668111,2870,161670981,0,2,1,8704,23,9583541630
5666,161713210,2470,161715680,0,6,1,2560,42,2666098482
5667,161724391,4374,161728765,0,8,1,4608,3,1148560928
5668,161743065,1518,161744583,0,6,1,1536,42,1481205604
5669,161744621,7706,161752327,0,7,1,8192,33,1332095767
5670,161800400,3422,161803822,0,6,1,3584,42,4382875179
5671,161836153,1518,161837671,0,6,1,1536,42,9261362790
5672,161841409,43904,161885313,0,5,0,512,19,2790303040
5673,161841931,4374,161846305,0,8,1,4608,3,1483627666
5674,161859659,89168,161948827,0,0,0,23040,17,10444520833
5675,161861043,1042,161862085,0,1,1,1024,36,10228651492
5676,161939522,3422,161942944,0,4,1,3584,44,8807639837
5677,161984556,1518,161986074,0,1,1,1536,36,382464329
5678,162005506,126932,162132438,0,6,0,116736,42,2149254122
5679,162006546,108836,162115382,0,0,0,57344,17,6271200427
5680,162047070,86319,162133389,0,6,0,3072,42,7221204897
5681,162147774,43904,162191678,0,6,0,512,42,7979502947
5682,162302711,43904,162346615,0,6,0,512,42,7557594072
5683,162321308,43904,162365212,0,6,0,512,42,2777907824
5684,162377578,163448,162541026,0,5,0,140800,19,7326605322
5685,162396177,566,162396743,0,8,1,512,3,7412335136
5686,162449085,89948,162539033,0,0,0,25600,17,9405503138
5687,162451857,47288,162499145,0,6,0,1536,42,10294463153
5688,162511708,7230,162518938,0,8,1,7680,3,10182853452
5689,162660304,566,162660870,0,3,1,512,11,10469562479
5690,162721536,4937,162726473,0,8,1,12800,3,6323061406
5691,162747881,6229,162754110,0,2,1,15360,23,2008448645
5692,162783968,64208,162848176,0,5,0,6656,19,10681021473
5693,162901436,2946,162904382,0,3,1,3072,11,7796807192
5694,162912822,43904,162956726,0,5,0,512,19,6804004856
5695,162956432,6278,162962710,0,3,1,6656,11,10206276262
5696,162960349,43904,163004253,0,6,0,512,42,10727593076
5697,162999331,54056,163053387,0,0,0,3584,17,3838916568
5698,163056416,98540,163154956,0,5,0,23552,19,10162072379
5699,163087363,2870,163090233,0,7,1,8704,33,9200411909
5700,163115343,2946,163118289,0,7,1,3072,33,4813370448
5701,163119703,1994,163121697,0,7,1,2048,33,4639278199
5702,163130064,3387,163133451,0,7,1,9728,33,2595510695
5703,163140635,1042,163141677,0,2,1,1024,23,1387569950
5704,163159113,4850,163163963,0,8,1,5120,3,6573823336
5705,163175366,2470,163177836,0,3,1,2560,11,3169675773
5706,163257722,108680,163366402,0,2,0,56832,23,1816709876
5707,163257858,5802,163263660,0,3,1,6144,11,10252366008
5708,163315659,48980,163364639,0,6,0,2048,42,9167419441
5709,163342510,106808,163449318,0,5,0,50688,19,3393064930
5710,163469099,113816,163582915,0,0,1,184832,17,7824131852
5711,163494243,249557,163743800,0,0,0,16896,17,2525244748
5712,163520937,62228,163583165,0,5,0,10240,19,4841841941
5713,163535961,89612,163625573,0,5,0,19456,19,5919842307
5714,163538819,566,163539385,0,8,1,512,3,3785069891
5715,163572807,45752,163618559,0,6,0,1536,42,6817231548
5716,163637072,47444,163684516,0,6,0,2048,42,4364997595
5717,163697648,47288,163744936,0,6,0,1536,42,855454280
5718,163867617,121940,163989557,0,0,0,100352,17,5614285039
5719,163935690,13512,163949202,0,2,1,26112,23,5791041905
5720,163940695,5802,163946497,0,3,1,6144,11,7837589306
5721,164007166,98072,164105238,0,0,0,22016,17,7829852661
5722,164076730,125060,164201790,0,5,0,110592,19,4861137101
5723,164321579,106028,164427607,0,0,0,48128,17,5251145055
5724,164321720,13600,164335320,0,9,1,23040,32,10244701347
5725,164337278,53325,164390603,0,0,1,87040,17,3705889892
5726,164341046,45596,164386642,0,6,0,1024,42,10497356100
5727,164372888,150620,164523508,0,0,0,11776,17,9723784613
5728,164385659,5405,164391064,0,0,1,10240,17,10237602123
5729,164389753,1994,164391747,0,3,1,2048,11,9133510738
5730,164391946,166969,164558915,0,0,0,1024,17,9611156444
5731,164450393,5196,164455589,0,7,1,13312,33,771787964
5732,164458396,2870,164461266,0,8,1,8704,3,10701479382
5733,164472836,1518,164474354,0,8,1,1536,3,10699297132
5734,164494483,6754,164501237,0,7,1,7168,33,7501164780
5735,164510752,43904,164554656,0,6,0,512,42,55759549
5736,164546507,4850,164551357,0,8,1,5120,3,2187378524
5737,164558170,106184,164664354,0,5,0,48640,19,2872361731
5738,164558916,103227,164662143,0,0,0,38912,17,8892934992
5739,164572634,6754,164579388,0,3,1,7168,11,3478874500
5740,164605112,11274,164616386,0,7,1,18432,33,2302798210
5741,164702423,3904,164706327,0,4,1,10752,44,521703920
5742,164759248,104312,164863560,0,5,0,42496,19,3857950528
5743,164765416,10499,164775915,0,3,1,16896,11,8534636129
5744,164812582,49136,164861718,0,6,0,2560,42,2692361374
5745,164815408,52364,164867772,0,0,0,3072,17,5974293319
5746,164866071,1716,164867787,0,0,1,1536,17,5544478952
5747,164983634,6278,164989912,0,0,1,6656,17,8222535948
5748,164992894,45596,165038490,0,6,0,1024,42,4517677717
5749,165025218,11533,165036751,0,0,1,18944,17,9533548956
5750,165114319,1994,165116313,0,0,1,2048,17,7157197742
5751,165340772,2470,165343242,0,0,1,2560,17,8147985330
5752,165439925,566,165440491,0,3,1,512,11,6885459967
5753,165443803,5802,165449605,0,4,1,6144,44,4384377906
5754,165495083,43904,165538987,0,6,0,512,42,2460922433
5755,165511664,6278,165517942,0,0,1,6656,17,8013258554
5756,165536741,566,165537307,0,0,1,512,17,3944308775
5757,165664793,6754,165671547,0,3,1,7168,11,10289131954
5758,165675965,566,165676531,0,1,1,512,36,5647585249
5759,165726783,2470,165729253,0,3,1,2560,11,9381705855
5760,165782325,3645,165785970,0,4,1,10240,44,4259631259
5761,165794800,4374,165799174,0,3,1,4608,11,2748600435
5762,165850141,566,165850707,0,0,1,512,17,4862818587
5763,165880614,5802,165886416,0,0,1,6144,17,7979700024
5764,165919031,43904,165962935,0,6,0,512,42,7285971551
5765,165927697,5802,165933499,0,3,1,6144,11,10393600992
5766,166043754,2946,166046700,0,0,1,3072,17,7803292697
5767,166217229,7230,166224459,0,3,1,7680,11,3038791540
5768,166245422,45596,166291018,0,6,0,1024,42,8059653634
5769,166261935,43904,166305839,0,6,0,512,42,2139567705
5770,166293608,2946,166296554,0,1,1,3072,36,4814726659
5771,166449702,43904,166493606,0,6,0,512,42,3696135466
5772,166453032,5326,166458358,0,0,1,5632,17,3538091998
5773,166462680,2946,166465626,0,4,1,3072,44,7256119315
5774,166627751,1042,166628793,0,4,1,1024,44,1785383195
5775,166629421,3898,166633319,0,3,1,4096,11,6657863494
5776,166702834,5802,166708636,0,5,1,6144,19,4865765374
5777,166759564,4420,166763984,0,3,1,11776,11,7720846845
5778,166780148,566,166780714,0,3,1,512,11,6657729880
5779,166849071,43904,166892975,0,6,0,512,42,9041541821
5780,166907925,4374,166912299,0,0,1,4608,17,3322295151
5781,166943428,1042,166944470,0,4,1,1024,44,2223081738
5782,167080509,1994,167082503,0,6,1,2048,42,9836283418
5783,167106646,6754,167113400,0,4,1,7168,44,7619283201
5784,167180080,45596,167225676,0,6,0,1024,42,4637764130
5785,167192956,3904,167196860,0,4,1,10752,44,1173993688
5786,167225370,3128,167228498,0,3,1,9216,11,3166487927
5787,167244426,6278,167250704,0,4,1,6656,44,8349328443
5788,167305439,10241,167315680,0,0,1,16384,17,8040700052
5789,167333806,3898,167337704,0,0,1,4096,17,6983597012
5790,167382941,5802,167388743,0,3,1,6144,11,5121806407
5791,167413010,4374,167417384,0,0,1,4608,17,7425662221
5792,167425227,566,167425793,0,0,1,512,17,1465634725
5793,167432768,5196,167437964,0,3,1,13312,11,2300358039
5794,167464472,1042,167465514,0,7,1,1024,33,10639918438
5795,167621485,3898,167625383,0,3,1,4096,11,3311987202
5796,167641457,6278,167647735,0,0,1,6656,17,2152590010
5797,167673929,13512,167687441,0,3,1,26112,11,1287928197
5798,167756938,12049,167768987,0,4,1,19968,44,9333615846
5799,167779323,2470,167781793,0,3,1,2560,11,7155350625
5800,167833668,12308,167845976,0,3,1,20480,11,9513436199
5801,167941605,6278,167947883,0,3,1,6656,11,7038882352
5802,167968049,4850,167972899,0,3,1,5120,11,7627128645
5803,167997605,6229,168003834,0,4,1,15360,44,8732214759
5804,168043489,5326,168048815,0,3,1,5632,11,558020196
5805,168183808,1518,168185326,0,3,1,1536,11,2430046773
5806,168186726,2470,168189196,0,6,1,2560,42,7934439087
5807,168200512,4420,168204932,0,6,1,11776,42,7856817175
5808,168202575,4374,168206949,0,9,1,4608,32,245958095
5809,168283108,5802,168288910,0,3,1,6144,11,1391769602
5810,168286515,7706,168294221,0,6,1,8192,42,7000029250
5811,168394394,1994,168396388,0,3,1,2048,11,7747421661
5812,168440076,2946,168443022,0,9,1,3072,32,10062855428
5813,168536573,50672,168587245,0,6,0,2560,42,6490851764
5814,168662093,5326,168667419,0,3,1,5632,11,9565850895
5815,168699208,1042,168700250,0,9,1,1024,32,1192346377
5816,168734844,3422,168738266,0,6,1,3584,42,2452659766
5817,168790248,2946,168793194,0,3,1,3072,11,537270507
5818,168813410,566,168813976,0,3,1,512,11,9897179843
5819,168860646,2470,168863116,0,4,1,2560,44,9780905179
5820,168870841,3422,168874263,0,6,1,3584,42,9696271216
5821,168871657,1042,168872699,0,4,1,1024,44,3851932666
5822,168922513,7706,168930219,0,3,1,8192,11,341441883
5823,168960783,3422,168964205,0,3,1,3584,11,7702505976
5824,169044683,50672,169095355,0,6,0,2560,42,3916608336
5825,169120824,47288,169168112,0,6,0,1536,42,2980702567
5826,169142047,45596,169187643,0,6,0,1024,42,5604260835
5827,169153085,1518,169154603,0,4,1,1536,44,2071925329
5828,169171812,6278,169178090,0,3,1,6656,11,8640870025
5829,169191879,1518,169193397,0,9,1,1536,32,6340966133
5830,169239603,43904,169283507,0,6,0,512,42,7527505784
5831,169243895,4420,169248315,0,6,1,11776,42,5743174081
5832,169249340,43904,169293244,0,6,0,512,42,5570650875
5833,169266296,6754,169273050,0,9,1,7168,32,7093749667
5834,169275414,5196,169280610,0,6,1,13312,42,6634985610
5835,169344033,4679,169348712,0,6,1,12288,42,8890072621
5836,169534019,43904,169577923,0,6,0,512,42,4152214285
5837,169568450,7706,169576156,0,6,1,8192,42,1744725525
5838,169570994,6033,169577027,0,6,1,12288,42,8264732150
5839,169603766,4374,169608140,0,3,1,4608,11,661762417
5840,169690071,1518,169691589,0,3,1,1536,11,6749786197
5841,169694544,3645,169698189,0,6,1,10240,42,4606582151
5842,169750449,1042,169751491,0,6,1,1024,42,3171011731
5843,169761731,43904,169805635,0,6,0,512,42,7947984057
5844,169775120,1518,169776638,0,3,1,1536,11,6188268923
5845,169807701,1042,169808743,0,4,1,1024,44,7650236922
5846,169877509,45596,169923105,0,6,0,1024,42,4033205718
5847,169905044,566,169905610,0,6,1,512,42,2942268645
5848,169931139,1518,169932657,0,3,1,1536,11,6158946256
5849,169945058,6229,169951287,0,2,1,15360,23,9351387240
5850,170041127,43904,170085031,0,6,0,512,42,8575254761
5851,170041999,1518,170043517,0,3,1,1536,11,1378690004
5852,170088711,2470,170091181,0,6,1,2560,42,4348771266
5853,170098583,4374,170102957,0,4,1,4608,44,5447731512
5854,170105619,4850,170110469,0,6,1,5120,42,8811951246
5855,170128082,5802,170133884,0,3,1,6144,11,8905999268
5856,170154186,1518,170155704,0,3,1,1536,11,3790751621
5857,170281571,1042,170282613,0,6,1,1024,42,10694829451
5858,170318375,6229,170324604,0,6,1,15360,42,8165739019
5859,170348197,4850,170353047,0,3,1,5120,11,7185769316
5860,170442346,3898,170446244,0,3,1,4096,11,9751919352
5861,170462403,1042,170463445,0,6,1,1024,42,679209867
5862,170467486,3128,170470614,0,6,1,9216,42,6977136302
5863,170483000,5326,170488326,0,4,1,5632,44,7765558201
5864,170488102,2470,170490572,0,4,1,2560,44,7475464740
5865,170523794,11533,170535327,0,4,1,18944,44,10445047208
5866,170606887,5802,170612689,0,4,1,6144,44,3057160587
5867,170642065,43904,170685969,0,6,0,512,42,8614680661
5868,170654948,55148,170710096,0,2,0,7168,23,442661465
5869,170673854,566,170674420,0,6,1,512,42,6333331333
5870,170675652,1518,170677170,0,3,1,1536,11,1422975840
5871,170699044,3898,170702942,0,4,1,4096,44,7068828770
5872,170731732,5326,170737058,0,6,1,5632,42,7615093917
5873,170740552,2946,170743498,0,6,1,3072,42,414927049
5874,170740871,1042,170741913,0,3,1,1024,11,2386492628
5875,170783325,5802,170789127,0,3,1,6144,11,286534282
5876,170898640,5802,170904442,0,3,1,6144,11,7369124665
5877,170899611,8697,170908308,0,3,1,6144,11,260601837
5878,170935578,2870,170938448,0,9,1,8704,32,1258083901
5879,171033518,6754,171040272,0,3,1,7168,11,4546528615
5880,171143231,47288,171190519,0,6,0,1536,42,7542063121
5881,171146043,4850,171150893,0,4,1,5120,44,6286758607
5882,171153256,47288,171200544,0,6,0,1536,42,1870895180
5883,171208550,566,171209116,0,8,1,512,3,3054450123
5884,171298346,101036,171399382,0,8,0,31744,3,3337784562
5885,171566986,45596,171612582,0,6,0,1024,42,5043712821
5886,171656237,86696,171742933,0,6,0,19968,42,1989395399
5887,171705993,83756,171789749,0,8,0,15360,3,1964362248
5888,171844751,81752,171926503,0,6,0,13824,42,3781464891
5889,171848585,104468,171953053,0,8,0,43008,3,4297075984
5890,171856888,2470,171859358,0,8,1,2560,3,4685561649
5891,171874817,147608,172022425,0,6,0,120832,42,5357279810
5892,171926541,3387,171929928,0,8,1,9728,3,5721051729
5893,171948612,9283,171957895,0,8,1,5120,3,2877934803
5894,172110772,1042,172111814,0,8,1,1024,3,6480497739
5895,172122090,2946,172125036,0,8,1,3072,3,4746972899
5896,172219712,106184,172325896,0,8,0,48640,3,4541708215
5897,172300482,116948,172417430,0,6,0,83968,42,5401957415
5898,172304424,4374,172308798,0,7,1,4608,33,6593397264
5899,172371108,6229,172377337,0,8,1,15360,3,283018
5900,172402384,4374,172406758,0,5,1,4608,19,1568214103
5901,172441063,4679,172445742,0,8,1,12288,3,10704964231
5902,172505385,2470,172507855,0,8,1,2560,3,9593723437
5903,172574048,5802,172579850,0,5,1,6144,19,8180194884
5904,172655115,101504,172756619,0,6,0,33280,42,7802406111
5905,172657042,175717,172832759,0,6,0,121856,42,7277865443
5906,172707227,65612,172772839,0,8,0,11264,3,10718687090
5907,172825140,1518,172826658,0,7,1,1536,33,2002812282
5908,172870951,1994,172872945,0,7,1,2048,33,6713822579
5909,172922524,119004,173041528,0,8,0,59904,3,2306453247
5910,172929876,6278,172936154,0,8,1,6656,3,10276431515
5911,173084088,1042,173085130,0,8,1,1024,3,10659652664
5912,173116401,7230,173123631,0,5,1,7680,19,3528384381
5913,173158054,4937,173162991,0,5,1,12800,19,6970910124
5914,173221333,103844,173325177,0,6,0,40960,42,10647362053
5915,173249023,103244,173352267,0,6,0,12800,42,974494715
5916,173270773,2470,173273243,0,7,1,2560,33,10376092303
5917,173272971,5326,173278297,0,8,1,5632,3,9624800845
5918,173300444,6754,173307198,0,7,1,7168,33,1780214574
5919,173405576,4850,173410426,0,5,1,5120,19,3005447621
5920,173405697,1518,173407215,0,1,1,1536,36,5612819298
5921,173436137,5802,173441939,0,8,1,6144,3,8589027987
5922,173437559,3422,173440981,0,5,1,3584,19,4241159201
5923,173515705,10241,173525946,0,7,1,16384,33,5621255992
5924,173519705,81908,173601613,0,6,0,14336,42,9304704485
5925,173708679,143144,173851823,0,6,0,134656,42,4391139788
5926,173711409,107120,173818529,0,8,0,51712,3,8855295167
5927,173859854,2470,173862324,0,5,1,2560,19,6501075655
5928,173905468,2470,173907938,0,8,1,2560,3,445902748
5929,173906952,6488,173913440,0,5,1,15872,19,1706570880
5930,173909449,4374,173913823,0,8,1,4608,3,1365623132
5931,174153521,5326,174158847,0,8,1,5632,3,4962485645
5932,174199692,1518,174201210,0,7,1,1536,33,6410996191
5933,174226573,1042,174227615,0,4,1,1024,44,1964620043
5934,174243238,7706,174250944,0,4,1,8192,44,3545418931
5935,174247131,4159,174251290,0,4,1,512,44,9979832045
5936,174251829,79436,174331265,0,6,0,11264,42,9965267934
5937,174359147,74360,174433507,0,8,0,9728,3,10583397886
5938,174370676,6754,174377430,0,7,1,7168,33,4590053101
5939,174432972,2470,174435442,0,5,1,2560,19,2252788514
5940,174515622,86516,174602138,0,6,0,14336,42,3794909021
5941,174540072,4420,174544492,0,4,1,11776,44,10470691361
5942,174553209,120003,174673212,0,8,0,38912,3,10652922116
5943,174559559,10241,174569800,0,7,1,16384,33,10131990627
5944,174569992,62761,174632753,0,8,0,1536,3,5330295804
5945,174599757,4420,174604177,0,5,1,11776,19,3511125970
5946,174606453,566,174607019,0,5,1,512,19,8169417363
5947,174620829,1518,174622347,0,4,1,1536,44,9249420489
5948,174722628,129584,174852212,0,8,0,125440,3,984407305
5949,174722635,3898,174726533,0,7,1,4096,33,10300652586
5950,174726657,5454,174732111,0,7,1,13824,33,5506976104
5951,174729624,3153,174732777,0,7,1,1024,33,3577630621
5952,174729667,4096,174733763,0,7,1,1536,33,9311248110
5953,174737950,6754,174744704,0,5,1,7168,19,673628347
5954,174741798,4374,174746172,0,7,1,4608,33,2051538245
5955,174846940,107392,174954332,0,8,0,35328,3,1559785598
5956,174848043,1042,174849085,0,7,1,1024,33,7256589107
5957,174850631,123393,174974024,0,8,0,9216,3,8112820093
5958,174859981,6754,174866735,0,0,1,7168,17,590419059
5959,174864931,11533,174876464,0,7,1,18944,33,2952472907
5960,174874642,6278,174880920,0,7,1,6656,33,6465009533
5961,174943525,3645,174947170,0,5,1,10240,19,322851271
5962,174952734,108680,175061414,0,6,0,56832,42,6013206843
5963,174963130,3898,174967028,0,7,1,4096,33,5761797772
5964,174965544,1518,174967062,0,3,1,1536,11,6556288668
5965,175039033,2946,175041979,0,5,1,3072,19,9035209020
5966,175085343,2470,175087813,0,5,1,2560,19,2291878830
5967,175085823,101192,175187015,0,6,0,32256,42,5173439577
5968,175127059,77168,175204227,0,6,0,18944,42,3034064621
5969,175179175,3128,175182303,0,5,1,9216,19,7304937245
5970,175229125,110396,175339521,0,8,0,62464,3,5558145198
5971,175254503,6754,175261257,0,5,1,7168,19,9395578863
5972,175276420,107120,175383540,0,6,0,51712,42,2850519998
5973,175335574,2470,175338044,0,5,1,2560,19,10052491770
5974,175337765,133339,175471104,0,6,0,39424,42,5782667546
5975,175568575,1042,175569617,0,5,1,1024,19,1017721380
5976,175649454,75920,175725374,0,8,0,14848,3,1713888470
5977,175687019,87632,175774651,0,6,0,23040,42,9481776835
5978,175696976,64208,175761184,0,6,0,6656,42,4421688577
5979,175776465,566,175777031,0,7,1,512,33,87933393
5980,175789283,71468,175860751,0,6,0,15360,42,3277970481
5981,175798634,122720,175921354,0,8,0,102912,3,8963027555
5982,175820168,7706,175827874,0,7,1,8192,33,6909438514
5983,175859809,2946,175862755,0,7,1,3072,33,8205049147
5984,175861309,74516,175935825,0,6,0,10240,42,9314425435
5985,175884281,155956,176040237,0,6,0,53248,42,2141055801
5986,176058999,54056,176113055,0,8,0,3584,3,2128283926
5987,176227417,3898,176231315,0,5,1,4096,19,10073047641
5988,176263887,99632,176363519,0,6,0,27136,42,7027889422
5989,176293337,4374,176297711,0,5,1,4608,19,3053736723
5990,176317276,58532,176375808,0,4,0,8192,44,9681366325
5991,176374751,117884,176492635,0,8,0,87040,3,688351665
5992,176379748,566,176380314,0,5,1,512,19,3907098462
5993,176380757,3898,176384655,0,5,1,4096,19,6044930038
5994,176408759,566,176409325,0,7,1,512,33,2238440669
5995,176591699,566,176592265,0,7,1,512,33,8858743702
5996,176631852,4420,176636272,0,5,1,11776,19,9108030487
5997,176638308,4937,176643245,0,5,1,12800,19,6022263927
5998,176672684,100880,176773564,0,6,0,31232,42,7556985820
5999,176680824,2946,176683770,0,7,1,3072,33,1287817819
6000,176700147,2470,176702617,0,5,1,2560,19,4251337349
6001,176772276,2946,176775222,0,8,1,3072,3,6609946284
6002,176775207,3422,176778629,0,5,1,3584,19,2563163313
6003,176817924,186039,177003963,0,8,0,26112,3,1893549138
6004,176984533,10499,176995032,0,7,1,16896,33,1003352692
6005,176986808,2870,176989678,0,5,1,8704,19,5106977071
6006,177052235,4374,177056609,0,7,1,4608,33,10263939245
6007,177090108,5454,177095562,0,7,1,13824,33,7281205924
6008,177203072,5326,177208398,0,1,1,5632,36,10437517983
6009,177305854,566,177306420,0,7,1,512,33,7399174925
6010,177385285,2946,177388231,0,8,1,3072,3,8335792365
6011,177391042,566,177391608,0,5,1,512,19,6746732350
6012,177433226,7230,177440456,0,1,1,7680,36,208404537
6013,177548047,4850,177552897,0,8,1,5120,3,2920116749
6014,177588564,5802,177594366,0,5,1,6144,19,5844955752
6015,177628704,1042,177629746,0,1,1,1024,36,1159335525
6016,177687106,4850,177691956,0,1,1,5120,36,396288529
6017,177689352,1518,177690870,0,0,1,1536,17,1604892895
6018,177698167,5326,177703493,0,6,1,5632,42,7536387852
6019,177698761,1042,177699803,0,5,1,1024,19,1571704198
6020,177735902,15837,177751739,0,7,1,30720,33,8838704511
6021,177749076,6529,177755605,0,7,1,6144,33,117988472
6022,177789412,4679,177794091,0,1,1,12288,36,6014388254
6023,177795213,1042,177796255,0,1,1,1024,36,7124333060
6024,177798437,3898,177802335,0,8,1,4096,3,2113416899
6025,177805763,194180,177999943,0,6,0,176128,42,2066765069
6026,177812306,216047,178028353,0,6,0,36352,42,496732153
6027,177820778,123905,177944683,0,6,0,19968,42,10551463855
6028,177857918,243797,178101715,0,6,0,49152,42,1932651795
6029,177953227,2470,177955697,0,4,1,2560,44,6684210660
6030,177976022,1518,177977540,0,1,1,1536,36,9012498728
6031,178058491,6278,178064769,0,5,1,6656,19,2763287320
6032,178114568,3898,178118466,0,5,1,4096,19,9643090950
6033,178116192,101660,178217852,0,6,0,33792,42,9617887980
6034,178118596,2946,178121542,0,8,1,3072,3,569314784
6035,178194323,1994,178196317,0,5,1,2048,19,1679814746
6036,178238346,3422,178241768,0,8,1,3584,3,3754586915
6037,178291414,6754,178298168,0,8,1,7168,3,9394739023
6038,178296990,54056,178351046,0,8,0,3584,3,9344345713
6039,178334085,2946,178337031,0,5,1,3072,19,10454110340
6040,178386405,5454,178391859,0,5,1,13824,19,8249705299
6041,178389524,3128,178392652,0,8,1,9216,3,10332580427
6042,178411952,6754,178418706,0,4,1,7168,44,2810740065
6043,178414982,43904,178458886,0,6,0,512,42,6011508597
6044,178436163,1042,178437205,0,8,1,1024,3,920599410
6045,178438002,5454,178443456,0,8,1,13824,3,8614115322
6046,178443677,3422,178447099,0,8,1,3584,3,3478667466
6047,178450204,5802,178456006,0,5,1,6144,19,5673971132
6048,178636119,1518,178637637,0,5,1,1536,19,10216834131
6049,178658789,1994,178660783,0,8,1,2048,3,7050797967
6050,178667770,101972,178769742,0,6,0,34816,42,1238454551
6051,178716084,6278,178722362,0,8,1,6656,3,4986156355
6052,178723145,2946,178726091,0,0,1,3072,17,1059013804
6053,178723873,106697,178830570,0,6,0,20480,42,10244421607
6054,178730972,5971,178736943,0,0,1,14848,17,1185808378
6055,178731821,120405,178852226,0,8,0,33792,3,4489142866
6056,178735368,1042,178736410,0,3,1,1024,11,247944380
6057,178743640,2470,178746110,0,5,1,2560,19,3453855595
6058,178754533,1042,178755575,0,5,1,1024,19,3140438319
6059,178755156,5712,178760868,0,0,1,14336,17,9715174908
6060,178780265,3898,178784163,0,0,1,4096,17,3116499846
6061,178784513,566,178785079,0,5,1,512,19,4722447842
6062,178809369,3128,178812497,0,0,1,9216,17,3640863664
6063,178857027,2470,178859497,0,4,1,2560,44,376162078
6064,178876765,6278,178883043,0,4,1,6656,44,8050790936
6065,178910342,4374,178914716,0,0,1,4608,17,9725080301
6066,178934953,1518,178936471,0,8,1,1536,3,8339341978
6067,178961285,3898,178965183,0,0,1,4096,17,373270515
6068,178977489,1042,178978531,0,4,1,1024,44,10687252697
6069,179001557,1994,179003551,0,7,1,2048,33,6120721706
6070,179004052,3645,179007697,0,4,1,10240,44,2453431929
6071,179007718,566,179008284,0,5,1,512,19,6376983195
6072,179019321,1042,179020363,0,5,1,1024,19,6793572001
6073,179027738,6278,179034016,0,8,1,6656,3,8294632802
6074,179089041,124436,179213477,0,8,0,108544,3,7709606690
6075,179100673,111800,179212473,0,6,0,67072,42,7840479637
6076,179114418,5802,179120220,0,5,1,6144,19,2056341425
6077,179132308,151261,179283569,0,8,0,38912,3,9849586518
6078,179160044,1042,179161086,0,0,1,1024,17,7209826667
6079,179176101,1042,179177143,0,8,1,1024,3,4122743522
6080,179265626,116792,179382418,0,8,0,83456,3,5695135156
6081,179275701,4420,179280121,0,0,1,11776,17,765149734
6082,179281379,3422,179284801,0,5,1,3584,19,5091109783
6083,179281844,5802,179287646,0,4,1,6144,44,8740130736
6084,179294497,2946,179297443,0,4,1,3072,44,2550868516
6085,179308071,1518,179309589,0,0,1,1536,17,702704403
6086,179343371,7230,179350601,0,4,1,7680,44,6405327547
6087,179396219,566,179396785,0,4,1,512,44,6724018764
6088,179426143,146528,179572671,0,6,0,135680,42,2728852228
6089,179516071,2470,179518541,0,5,1,2560,19,6708956875
6090,179518788,566,179519354,0,4,1,512,44,9961786083
6091,179565663,3898,179569561,0,8,1,4096,3,3139236966
6092,179726907,5454,179732361,0,8,1,13824,3,2440496916
6093,179789136,566,179789702,0,4,1,512,44,8372808364
6094,179796424,98540,179894964,0,6,0,23552,42,4989135248
6095,179810991,4850,179815841,0,8,1,5120,3,1642176234
6096,179815161,4937,179820098,0,5,1,12800,19,4787007419
6097,179822996,2946,179825942,0,5,1,3072,19,537157068
6098,179884854,3898,179888752,0,4,1,4096,44,3312564456
6099,179904703,4374,179909077,0,4,1,4608,44,5552035970
6100,179911026,3898,179914924,0,8,1,4096,3,1492006765
6101,179911823,120692,180032515,0,6,0,96256,42,1251945769
6102,179919187,3898,179923085,0,5,1,4096,19,9126745130
6103,179957214,2470,179959684,0,4,1,2560,44,7183637812
6104,179981232,4937,179986169,0,4,1,12800,44,4879111043
6105,180084275,3645,180087920,0,0,1,10240,17,7470108350
6106,180151794,100100,180251894,0,6,0,28672,42,9424815878
6107,180164653,3422,180168075,0,0,1,3584,17,5957065110
6108,180198812,1994,180200806,0,4,1,2048,44,5388574073
6109,180205779,5712,180211491,0,5,1,14336,19,2206051599
6110,180267018,89612,180356630,0,8,0,19456,3,306174949
6111,180270899,1994,180272893,0,4,1,2048,44,173735561
6112,180277640,5454,180283094,0,5,1,13824,19,2948705591
6113,180293286,3898,180297184,0,8,1,4096,3,8408638501
6114,180310545,2946,180313491,0,5,1,3072,19,2524265617
6115,180382332,1518,180383850,0,8,1,1536,3,5164128232
6116,180415436,5326,180420762,0,8,1,5632,3,4896826590
6117,180454326,566,180454892,0,5,1,512,19,3169762326
6118,180525311,2470,180527781,0,0,1,2560,17,2933946056
6119,180555232,117524,180672756,0,8,0,85504,3,8962893878
6120,180573926,5326,180579252,0,8,1,5632,3,8852469956
6121,180599527,7706,180607233,0,4,1,8192,44,10493907266
6122,180623344,2470,180625814,0,0,1,2560,17,9084868865
6123,180639481,5454,180644935,0,5,1,13824,19,7154476794
6124,180693494,158373,180851867,0,8,0,91136,3,9056627748
6125,180708471,4374,180712845,0,8,1,4608,3,6976562264
6126,180768741,3387,180772128,0,0,1,9728,17,3905109492
6127,180819388,6754,180826142,0,0,1,7168,17,489791421
6128,180820094,1042,180821136,0,5,1,1024,19,2935956317
6129,180852911,4374,180857285,0,8,1,4608,3,9139715438
6130,180861107,566,180861673,0,5,1,512,19,4930675933
6131,180901493,3422,180904915,0,9,1,3584,32,1335746246
6132,181014790,3422,181018212,0,0,1,3584,17,8444947720
6133,181027180,118976,181146156,0,6,0,90624,42,3033061435
6134,181035118,566,181035684,0,5,1,512,19,4033244982
6135,181083715,5454,181089169,0,5,1,13824,19,2576304632
6136,181131057,63191,181194248,0,5,1,102912,19,9190645657
6137,181164178,41207,181205385,0,5,1,36864,19,614108671
6138,181170646,84824,181255470,0,8,0,13824,3,8526744995
6139,181172910,88052,181260962,0,6,0,14336,42,1859810271
6140,181183456,140386,181323842,0,6,0,59392,42,4485688204
6141,181419320,100256,181519576,0,8,0,29184,3,9932388210
6142,181448174,102128,181550302,0,9,0,35328,32,151620083
6143,181465765,108524,181574289,0,6,0,56320,42,5965537482
6144,181534721,110404,181645125,0,6,0,14336,42,7929220764
6145,181714898,99944,181814842,0,6,0,28160,42,10090507865
6146,181725155,86408,181811563,0,4,0,24064,44,8065641253
6147,181939279,57440,181996719,0,6,0,4608,42,7026525480
6148,181952367,71444,182023811,0,8,0,10240,3,329054735
6149,182461380,1042,182462422,0,0,1,1024,17,2410381820
6150,182728706,110084,182838790,0,8,0,61440,3,10569508066
6151,182782672,3422,182786094,0,2,1,3584,23,7957764584
6152,182805610,3898,182809508,0,0,1,4096,17,1739388592
6153,182979656,3128,182982784,0,0,1,9216,17,4024700210
6154,183204184,64076,183268260,0,6,0,11264,42,5434237076
6155,183224871,3128,183227999,0,3,1,9216,11,997708517
6156,183252753,566,183253319,0,0,1,512,17,4365649773
6157,183314722,13341,183328063,0,0,1,22528,17,3820419303
6158,183322692,9237,183331929,0,0,1,6144,17,6444277467
6159,183336482,47288,183383770,0,8,0,1536,3,466940385
6160,183400260,80084,183480344,0,6,0,18432,42,4787942857
6161,183425032,566,183425598,0,0,1,512,17,5876843834
6162,183526464,122408,183648872,0,6,0,101888,42,5803566186
6163,183538560,6754,183545314,0,0,1,7168,17,300767431
6164,183695845,7230,183703075,0,0,1,7680,17,6578438547
6165,183699860,8041,183707901,0,0,1,7680,17,6818494584
6166,183711787,1042,183712829,0,0,1,1024,17,3049629357
6167,183778517,2870,183781387,0,8,1,8704,3,164796596
6168,183807790,114452,183922242,0,6,0,75776,42,7632555356
6169,183843789,76052,183919841,0,8,0,10240,3,9705070146
6170,183888560,142245,184030805,0,8,0,74752,3,10205647027
6171,183897169,67928,183965097,0,6,0,13824,42,6449347248
6172,183916033,6754,183922787,0,9,1,7168,32,4921234458
6173,183977447,51257,184028704,0,5,1,82944,19,5455841832
6174,183989109,2946,183992055,0,9,1,3072,32,4675362787
6175,184057015,3904,184060919,0,9,1,10752,32,8819798233
6176,184058645,3422,184062067,0,8,1,3584,3,6064704605
6177,184171140,56337,184227477,0,5,1,96256,19,6294285687
6178,184197232,11016,184208248,0,7,1,17920,33,10534897026
6179,184213532,1042,184214574,0,8,1,1024,3,8474820604
6180,184226104,4374,184230478,0,9,1,4608,32,7739370668
6181,184264184,5712,184269896,0,8,1,14336,3,3200784718
6182,184266524,3422,184269946,0,7,1,3584,33,5396751013
6183,184276464,566,184277030,0,9,1,512,32,6456873470
6184,184302712,566,184303278,0,0,1,512,17,3123125615
6185,184311570,98228,184409798,0,6,0,22528,42,7325636082
6186,184313511,3898,184317409,0,7,1,4096,33,5478254306
6187,184373570,1994,184375564,0,8,1,2048,3,4733295207
6188,184406633,112617,184519250,0,6,0,59392,42,7197390818
6189,184435312,6278,184441590,0,0,1,6656,17,1102677195
6190,184440026,86384,184526410,0,8,0,18944,3,2871547334
6191,184453348,1042,184454390,0,8,1,1024,3,2332598543
6192,184455661,71288,184526949,0,6,0,9728,42,4992921197
6193,184504447,128467,184632914,0,6,0,73216,42,9499030436
6194,184524879,5802,184530681,0,9,1,6144,32,5612405784
6195,184613807,12825,184626632,0,0,1,21504,17,9509959697
6196,184629300,122582,184751882,0,6,0,90624,42,3748989957
6197,184633176,104156,184737332,0,8,0,41984,3,1621223880
6198,184702006,3898,184705904,0,8,1,4096,3,8999034199
6199,184712839,2946,184715785,0,0,1,3072,17,1477649639
6200,184779713,6229,184785942,0,7,1,15360,33,6267759785
6201,184800121,52549,184852670,0,5,1,85504,19,4291514719
6202,184810093,47966,184858059,0,5,1,25600,19,2220683799
6203,184822618,1518,184824136,0,8,1,1536,3,2758360350
6204,184860895,3898,184864793,0,8,1,4096,3,10415046118
6205,184879388,2470,184881858,0,7,1,2560,33,7814522699
6206,184915905,10499,184926404,0,8,1,16896,3,6748306787
6207,184960784,146170,185106954,0,8,0,1024,3,4223501433
6208,184970125,43904,185014029,0,8,0,512,3,3518759004
6209,184980154,3422,184983576,0,7,1,3584,33,7542948638
6210,184987116,43904,185031020,0,8,0,512,3,8032992041
6211,184993134,47416,185040550,0,8,0,512,3,5127277848
6212,185003611,111956,185115567,0,6,0,67584,42,9548446761
6213,185084588,45596,185130184,0,8,0,1024,3,2555278221
6214,185092521,2470,185094991,0,0,1,2560,17,2776365208
6215,185134397,1518,185135915,0,8,1,1536,3,9358175946
6216,185157392,566,185157958,0,0,1,512,17,7732538182
6217,185158532,4850,185163382,0,0,1,5120,17,9877731304
6218,185192410,55748,185248158,0,6,0,4096,42,9974731028
6219,185251051,43904,185294955,0,8,0,512,3,4896106143
6220,185257682,1994,185259676,0,8,1,2048,3,2883252681
6221,185292824,1518,185294342,0,0,1,1536,17,8412663790
6222,185307332,4850,185312182,0,8,1,5120,3,449384328
6223,185324290,54056,185378346,0,6,0,3584,42,4182228553
6224,185365874,3898,185369772,0,8,1,4096,3,3443368385
6225,185377076,15579,185392655,0,5,1,30208,19,6033917020
6226,185392108,36346,185428454,0,7,1,64000,33,5669980265
6227,185421937,33333,185455270,0,7,1,54784,33,5533050912
6228,185471763,6278,185478041,0,0,1,6656,17,10181596620
6229,185498878,61604,185560482,0,6,0,8192,42,787827061
6230,185520555,6754,185527309,0,0,1,7168,17,796840346
6231,185590910,93128,185684038,0,6,0,15872,42,8528298654
6232,185634591,94341,185728932,0,7,1,153600,33,8395196477
6233,185698941,50672,185749613,0,8,0,2560,3,2940706050
6234,185761442,6488,185767930,0,8,1,15872,3,3989302133
6235,185797905,61448,185859353,0,6,0,7680,42,6696567641
6236,185898564,2470,185901034,0,8,1,2560,3,5167949737
6237,185940660,51452,185992112,0,6,0,5120,42,1795405371
6238,186098564,3898,186102462,0,1,1,4096,36,7201626860
6239,186121691,3904,186125595,0,8,1,10752,3,946307897
6240,186159264,1994,186161258,0,8,1,2048,3,48536510
6241,186248794,105872,186354666,0,2,0,47616,23,2731540881
6242,186340950,7706,186348656,0,8,1,8192,3,1497138201
6243,186434537,3422,186437959,0,8,1,3584,3,6293563509
6244,186468908,2946,186471854,0,8,1,3072,3,9682718593
6245,186496303,97028,186593331,0,6,0,28672,42,1450365286
6246,186605346,1994,186607340,0,1,1,2048,36,2939884447
6247,186688797,2470,186691267,0,1,1,2560,36,10257309294
6248,186783299,84092,186867391,0,6,0,21504,42,7661570214
6249,186882661,153011,187035672,0,6,0,140800,42,4078398100
6250,186897661,6754,186904415,0,6,1,7168,42,8765686311
6251,186925554,7706,186933260,0,1,1,8192,36,9187299181
6252,186927718,6848,186934566,0,1,1,2048,36,7714978436
6253,186959349,2470,186961819,0,0,1,2560,17,8918899621
6254,186991221,70976,187062197,0,2,0,8704,23,4518768870
6255,187010374,26332,187036706,0,6,1,1024,42,10167777400
6256,187043224,5802,187049026,0,6,1,6144,42,6599819712
6257,187046680,5892,187052572,0,6,1,5632,42,2559531888
6258,187184358,43904,187228262,0,8,0,512,3,7730377811
6259,187185631,5326,187190957,0,1,1,5632,36,509201944
6260,187227121,4850,187231971,0,1,1,5120,36,7604014536
6261,187328895,3898,187332793,0,1,1,4096,36,9493396837
6262,187347132,45596,187392728,0,6,0,1024,42,1393152179
6263,187385738,100880,187486618,0,6,0,31232,42,2323393258
6264,187391902,34020,187425922,0,5,1,59392,19,4371600106
6265,187455093,55748,187510841,0,2,0,4096,23,756043022
6266,187474967,566,187475533,0,6,1,512,42,711666001
6267,187516267,50672,187566939,0,8,0,2560,3,2790039766
6268,187516929,24670,187541599,0,7,1,44544,33,8679357731
6269,187519911,3422,187523333,0,6,1,3584,42,2918072462
6270,187561006,63310,187624316,0,6,0,1536,42,4855092037
6271,187587094,43904,187630998,0,8,0,512,3,7966215096
6272,187718182,3387,187721569,0,1,1,9728,36,1969918508
6273,187736121,1042,187737163,0,6,1,1024,42,8153664258
6274,187750979,16354,187767333,0,6,1,31744,42,9422800741
6275,187812476,2870,187815346,0,1,1,8704,36,5324374299
6276,187824134,5326,187829460,0,6,1,5632,42,4655252493
6277,187841294,75295,187916589,0,7,1,126464,33,9451268630
6278,187841441,6754,187848195,0,1,1,7168,36,3975750325
6279,187851845,65820,187917665,0,7,1,13312,33,6351810865
6280,187880499,54050,187934549,0,7,1,56320,33,9484901524
6281,187909931,2946,187912877,0,6,1,3072,42,4419702490
6282,187923950,100724,188024674,0,2,0,30720,23,1622428978
6283,187925467,6754,187932221,0,1,1,7168,36,1154256023
6284,187933679,97604,188031283,0,6,0,20480,42,8353665143
6285,187936151,13083,187949234,0,7,1,22016,33,1642962562
6286,187942627,4679,187947306,0,1,1,12288,36,3504469841
6287,188024689,6609,188031298,0,6,1,14336,42,6560677308
6288,188025553,3128,188028681,0,1,1,9216,36,2611960518
6289,188046990,566,188047556,0,3,1,512,11,3733742815
6290,188053435,43904,188097339,0,8,0,512,3,10304065284
6291,188061630,100412,188162042,0,2,0,29696,23,1870113983
6292,188084589,3645,188088234,0,1,1,10240,36,6227282461
6293,188127142,45596,188172738,0,8,0,1024,3,8496395993
6294,188169330,3422,188172752,0,9,1,3584,32,751874947
6295,188203461,3645,188207106,0,3,1,10240,11,3151377901
6296,188356091,1994,188358085,0,6,1,2048,42,9738613212
6297,188365553,1994,188367547,0,1,1,2048,36,879540317
6298,188369821,1042,188370863,0,1,1,1024,36,9293960330
6299,188380387,50672,188431059,0,6,0,2560,42,3438508012
6300,188380540,7230,188387770,0,1,1,7680,36,4826374974
6301,188385224,97784,188483008,0,2,0,26112,23,10582454055
6302,188490771,43904,188534675,0,8,0,512,3,4750535576
6303,188494548,7706,188502254,0,6,1,8192,42,9927858437
6304,188523168,7230,188530398,0,6,1,7680,42,3818664995
6305,188526081,120068,188646149,0,6,0,39424,42,8280532256
6306,188567896,3387,188571283,0,3,1,9728,11,5340264667
6307,188570589,4374,188574963,0,9,1,4608,32,9890107951
6308,188645628,85073,188730701,0,6,0,23040,42,5224887175
6309,188649112,3422,188652534,0,9,1,3584,32,8099650947
6310,188657075,3422,188660497,0,3,1,3584,11,5156319726
6311,188720870,53753,188774623,0,7,1,91136,33,406562152
6312,188724605,5802,188730407,0,1,1,6144,36,3743263132
6313,188737571,80552,188818123,0,2,0,19968,23,7906670
6314,188739928,6754,188746682,0,6,1,7168,42,255825634
6315,188770252,566,188770818,0,1,1,512,36,9399660465
6316,188839238,88544,188927782,0,2,0,20992,23,8239906466
6317,188858076,45596,188903672,0,8,0,1024,3,6749678781
6318,188861412,43904,188905316,0,2,0,512,23,6801029752
6319,188868882,3128,188872010,0,1,1,9216,36,8239109392
6320,188888355,43904,188932259,0,8,0,512,3,10543440424
6321,188940043,1994,188942037,0,8,1,2048,3,1392685109
6322,188948146,1518,188949664,0,1,1,1536,36,4061861066
6323,189032555,1042,189033597,0,9,1,1024,32,3273558039
6324,189039854,1518,189041372,0,8,1,1536,3,6231547015
6325,189073153,2470,189075623,0,6,1,2560,42,8283413561
6326,189117763,119235,189236998,0,6,0,11776,42,8615602259
6327,189182009,43904,189225913,0,8,0,512,3,9498312189
6328,189193821,2470,189196291,0,8,1,2560,3,6422165299
6329,189198041,52291,189250332,0,7,1,84992,33,10417718819
6330,189210726,2946,189213672,0,9,1,3072,32,9432674786
6331,189276889,6278,189283167,0,8,1,6656,3,253323638
6332,189290791,87140,189377931,0,2,0,16384,23,10206685973
6333,189304856,12049,189316905,0,9,1,19968,32,4001566312
6334,189452298,4679,189456977,0,6,1,12288,42,7920655784
6335,189529628,566,189530194,0,6,1,512,42,2094550691
6336,189549951,87896,189637847,0,6,0,13824,42,5081195330
6337,189561412,45596,189607008,0,8,0,1024,3,1032888980
6338,189647572,115700,189763272,0,6,0,79872,42,5856377328
6339,189680919,84708,189765627,0,6,0,7680,42,1854281153
6340,189771698,57440,189829138,0,2,0,4608,23,9088623968
6341,189891727,110084,190001811,0,2,0,61440,23,6385109976
6342,189895951,566,189896517,0,1,1,512,36,8578752608
6343,189900450,7706,189908156,0,1,1,8192,36,4824549532
6344,189984877,3898,189988775,0,1,1,4096,36,131167648
6345,190061399,114764,190176163,0,6,0,76800,42,8060757383
6346,190095969,6754,190102723,0,9,1,7168,32,2344579704
6347,190115185,121278,190236463,0,6,0,15360,42,2395131993
6348,190146612,45596,190192208,0,8,0,1024,3,10236637829
6349,190184756,43904,190228660,0,8,0,512,3,562972162
6350,190218069,101036,190319105,0,2,0,31744,23,6928263189
6351,190226393,4850,190231243,0,1,1,5120,36,8284414255
6352,190305334,106184,190411518,0,6,0,48640,42,6444722610
6353,190349438,47132,190396570,0,8,0,1024,3,8045554828
6354,190350614,47648,190398262,0,8,0,1536,3,4952476273
6355,190357082,54100,190411182,0,5,1,88576,19,259710727
6356,190392407,115856,190508263,0,2,0,80384,23,3701086666
6357,190408105,53841,190461946,0,5,1,88064,19,3411721742
6358,190489611,1994,190491605,0,5,1,2048,19,7987687779
6359,190510508,5802,190516310,0,1,1,6144,36,1626202688
6360,190615757,55748,190671505,0,6,0,4096,42,3881682697
6361,190653232,7706,190660938,0,1,1,8192,36,8603131255
6362,190666598,3898,190670496,0,8,1,4096,3,5020012368
6363,190720386,45596,190765982,0,8,0,1024,3,6789158395
6364,190763047,4850,190767897,0,6,1,5120,42,3098383630
6365,190763630,47288,190810918,0,8,0,1536,3,5106569773
6366,190812327,4679,190817006,0,7,1,12288,33,10032055910
6367,190823849,101504,190925353,0,6,0,33280,42,10061784386
6368,190855763,143264,190999027,0,6,0,47104,42,9637273406
6369,190894082,35312,190929394,0,7,1,61952,33,10056132394
6370,190926166,3645,190929811,0,5,1,10240,19,8862906352
6371,190947165,7706,190954871,0,5,1,8192,19,85549112
6372,190962854,5802,190968656,0,7,1,6144,33,3580094921
6373,191002767,3898,191006665,0,8,1,4096,3,7459663025
6374,191038313,1994,191040307,0,6,1,2048,42,768122532
6375,191163452,1042,191164494,0,8,1,1024,3,10519818915
6376,191174035,2470,191176505,0,6,1,2560,42,4752572309
6377,191174416,85604,191260020,0,3,0,16384,11,3402678118
6378,191193443,142591,191336034,0,3,0,37888,11,1470540355
6379,191206261,60068,191266329,0,6,0,8192,42,7346801683
6380,191228081,6754,191234835,0,9,1,7168,32,8861147476
6381,191229143,4374,191233517,0,1,1,4608,36,10733149223
6382,191229728,71959,191301687,0,6,0,7168,42,8958691663
6383,191243761,4937,191248698,0,1,1,12800,36,7514444544
6384,191252031,1518,191253549,0,6,1,1536,42,6172857531
6385,191262466,7706,191270172,0,6,1,8192,42,9761425462
6386,191267281,4162,191271443,0,9,1,11264,32,5572044147
6387,191273887,43904,191317791,0,8,0,512,3,4677594976
6388,191274787,43904,191318691,0,8,0,512,3,1040618762
6389,191304205,94899,191399104,0,6,0,20992,42,36300465
6390,191306506,194180,191500686,0,3,0,176128,11,719676222
6391,191398624,16613,191415237,0,7,1,32256,33,9539064669
6392,191482854,74091,191556945,0,5,1,120832,19,2514849736
6393,191516044,81908,191597952,0,2,0,14336,23,308109147
6394,191536595,1042,191537637,0,1,1,1024,36,3975144217
6395,191550758,91499,191642257,0,5,1,147968,19,7071707916
6396,191581153,67005,191648158,0,5,1,28160,19,7774424398
6397,191584123,3645,191587768,0,1,1,10240,36,6485926371
6398,191591711,2870,191594581,0,1,1,8704,36,3650102785
6399,191601852,95936,191697788,0,3,0,25088,11,9248268489
6400,191607382,46473,191653855,0,5,1,27136,19,2512828275
6401,191624116,98852,191722968,0,2,0,24576,23,3977256405
6402,191631214,81128,191712342,0,6,0,11776,42,3636315301
6403,191662865,108212,191771077,0,6,0,55296,42,8592124634
6404,191686704,42166,191728870,0,7,1,68608,33,231010218
6405,191755772,106962,191862734,0,7,1,178176,33,5485061286
6406,191763857,8730,191772587,0,6,1,1536,42,6707842442
6407,191775293,88676,191863969,0,3,0,16384,11,116492389
6408,191783648,4850,191788498,0,6,1,5120,42,1889714712
6409,191790730,109460,191900190,0,3,0,59392,11,10580496088
6410,191804373,62516,191866889,0,6,0,6144,42,256876114
6411,191806227,67337,191873564,0,7,1,35328,33,657067111
6412,191896694,10241,191906935,0,5,1,16384,19,9639857664
6413,191920557,75554,191996111,0,5,1,126976,19,4567092159
6414,191948993,58050,192007043,0,5,1,44032,19,1150142822
6415,191962354,45867,192008221,0,5,1,13824,19,9707875900
6416,192010812,3898,192014710,0,0,1,4096,17,1138733313
6417,192032718,103220,192135938,0,2,0,38912,23,7082827757
6418,192050443,1994,192052437,0,1,1,2048,36,4343045922
6419,192067966,1518,192069484,0,6,1,1536,42,9352394044
6420,192084616,7706,192092322,0,1,1,8192,36,7184801224
6421,192109233,25187,192134420,0,7,1,45568,33,7854358910
6422,192117207,122096,192239303,0,2,0,100864,23,4713086812
6423,192236567,101192,192337759,0,6,0,32256,42,6477868913
6424,192255190,6278,192261468,0,1,1,6656,36,4624655429
6425,192266866,25704,192292570,0,5,1,46592,19,7667396189
6426,192294088,1994,192296082,0,1,1,2048,36,6945651844
6427,192324484,16613,192341097,0,7,1,32256,33,3688767219
6428,192324620,64742,192389362,0,5,1,105984,19,2307351237
6429,192352842,101504,192454346,0,3,0,33280,11,9062054724
6430,192357439,4850,192362289,0,7,1,5120,33,4491302630
6431,192382643,201437,192584080,0,2,0,195072,23,6416665392
6432,192384128,210731,192594859,0,2,0,35328,23,4458502639
6433,192396871,215631,192612502,0,2,0,57856,23,9213683794
6434,192407693,54836,192462529,0,3,0,6144,11,4663693049
6435,192409476,123343,192532819,0,3,0,18944,11,3403336156
6436,192416990,2870,192419860,0,6,1,8704,42,4649811655
6437,192426449,152690,192579139,0,6,0,136704,42,1393320234
6438,192437619,1994,192439613,0,1,1,2048,36,8740723834
6439,192459685,188640,192648325,0,6,0,73216,42,7378343173
6440,192462565,156816,192619381,0,2,0,22528,23,9060080417
6441,192515569,2470,192518039,0,0,1,2560,17,5273088876
6442,192535122,2470,192537592,0,0,1,2560,17,8154182528
6443,192591692,64208,192655900,0,3,0,6656,11,4539320844
6444,192610865,88364,192699229,0,6,0,15360,42,3047205828
6445,192657292,111488,192768780,0,3,0,66048,11,7695539212
6446,192676938,75452,192752390,0,2,0,13312,23,9724270517
6447,192697215,2946,192700161,0,3,1,3072,11,8072197396
6448,192742034,43904,192785938,0,8,0,512,3,7583480700
6449,192770705,3904,192774609,0,7,1,10752,33,569221347
6450,192773622,3422,192777044,0,5,1,3584,19,8027883130
6451,192779929,3128,192783057,0,0,1,9216,17,3963800986
6452,192790492,5802,192796294,0,1,1,6144,36,3110408748
6453,192800763,107432,192908195,0,3,0,52736,11,9256879551
6454,192801249,3387,192804636,0,0,1,9728,17,9939932828
6455,192861945,52364,192914309,0,8,0,3072,3,560594612
6456,192862018,6278,192868296,0,0,1,6656,17,2182518458
6457,192871893,13341,192885234,0,1,1,22528,36,4144280108
6458,192904042,123344,193027386,0,2,0,104960,23,5628557972
6459,192907194,12566,192919760,0,0,1,20992,17,7079003522
6460,192940385,67592,193007977,0,6,0,7680,42,8729171626
6461,192962124,23983,192986107,0,5,1,39936,19,557541442
6462,192965442,43904,193009346,0,8,0,512,3,4346723730
6463,193033072,5802,193038874,0,5,1,6144,19,6913721546
6464,193037150,10241,193047391,0,7,1,16384,33,1950795026
6465,193045009,13858,193058867,0,5,1,23552,19,1419121341
6466,193073695,13253,193086948,0,9,1,25600,32,2505451650
6467,193115923,51296,193167219,0,6,0,4608,42,9466520984
6468,193115936,43904,193159840,0,8,0,512,3,8655880088
6469,193166376,50672,193217048,0,2,0,2560,23,4276898213
6470,193176726,98696,193275422,0,3,0,24064,11,8600454011
6471,193192617,3898,193196515,0,0,1,4096,17,9914801497
6472,193201259,24670,193225929,0,7,1,44544,33,8804054560
6473,193224408,54270,193278678,0,7,1,92160,33,3009975278
6474,193266907,23378,193290285,0,5,1,41984,19,5918588142
6475,193279478,105248,193384726,0,2,0,45568,23,3083039663
6476,193282704,2470,193285174,0,1,1,2560,36,1769184789
6477,193318471,126776,193445247,0,3,0,116224,11,8146746980
6478,193348728,6278,193355006,0,9,1,6656,32,6204107054
6479,193352706,74072,193426778,0,2,0,13824,23,3360418006
6480,193395089,566,193395655,0,0,1,512,17,66276308
6481,193498777,4374,193503151,0,0,1,4608,17,9928525462
6482,193634230,60380,193694610,0,6,0,9216,42,5457582068
6483,193638692,4374,193643066,0,7,1,4608,33,9650386575
6484,193645717,111956,193757673,0,3,0,67584,11,2308537065
6485,193648365,1994,193650359,0,1,1,2048,36,3638813993
6486,193697799,105872,193803671,0,6,0,47616,42,298218220
6487,193703489,54100,193757589,0,5,1,88576,19,10197584424
6488,193714566,7230,193721796,0,0,1,7680,17,6796743182
6489,193766592,4374,193770966,0,0,1,4608,17,2568227713
6490,193768194,11274,193779468,0,0,1,18432,17,10208433059
6491,193800675,14029,193814704,0,7,1,27136,33,6766792417
6492,193827630,43904,193871534,0,8,0,512,3,5274679239
6493,193907070,43904,193950974,0,8,0,512,3,10327460321
6494,193911115,1042,193912157,0,4,1,1024,44,5571294222
6495,193919682,3898,193923580,0,1,1,4096,36,1941111803
6496,193977290,3128,193980418,0,7,1,9216,33,4844773998
6497,193992968,1518,193994486,0,4,1,1536,44,10460073873
6498,193995041,1042,193996083,0,4,1,1024,44,6475418575
6499,194010625,103220,194113845,0,3,0,38912,11,4553347778
6500,194058289,99944,194158233,0,6,0,28160,42,5279696023
6501,194070049,2946,194072995,0,4,1,3072,44,7479863304
6502,194100807,6754,194107561,0,8,1,7168,3,3857329250
6503,194105801,126856,194232657,0,3,0,90112,11,5427549982
6504,194120412,2946,194123358,0,0,1,3072,17,9731818164
6505,194168175,4162,194172337,0,7,1,11264,33,183249500
6506,194196621,79592,194276213,0,3,0,11776,11,1783536735
6507,194208653,69752,194278405,0,6,0,9728,42,9842302841
6508,194241112,73819,194314931,0,3,0,6656,11,2430119533
6509,194327217,4374,194331591,0,4,1,4608,44,8340541391
6510,194345088,2870,194347958,0,1,1,8704,36,9640922428
6511,194367342,1042,194368384,0,0,1,1024,17,10675087891
6512,194370368,15579,194385947,0,7,1,30208,33,6505327583
6513,194402428,115856,194518284,0,2,0,80384,23,4215628241
6514,194410808,3898,194414706,0,0,1,4096,17,661768305
6515,194431390,115556,194546946,0,2,0,27136,23,372161112
6516,194434282,1518,194435800,0,4,1,1536,44,1786506536
6517,194511786,3904,194515690,0,3,1,10752,11,3575262002
6518,194513278,3645,194516923,0,0,1,10240,17,5734795339
6519,194514876,100256,194615132,0,6,0,29184,42,2284854151
6520,194551632,4374,194556006,0,4,1,4608,44,2203467231
6521,194564581,6278,194570859,0,1,1,6656,36,9577416808
6522,194589160,6488,194595648,0,1,1,15872,36,4489832808
6523,194615251,1994,194617245,0,4,1,2048,44,3354392126
6524,194615577,2974,194618551,0,4,1,2048,44,6344514795
6525,194626171,107144,194733315,0,3,0,21504,11,7360249117
6526,194633379,2946,194636325,0,1,1,3072,36,8467917583
6527,194635169,47288,194682457,0,2,0,1536,23,4653336408
6528,194638354,32558,194670912,0,7,1,53248,33,6913848071
6529,194640300,1518,194641818,0,4,1,1536,44,5205062015
6530,194689563,5326,194694889,0,1,1,5632,36,2677780577
6531,194728076,86984,194815060,0,6,0,15872,42,9916517858
6532,194746901,3387,194750288,0,1,1,9728,36,2252939433
6533,194756804,73604,194830408,0,3,0,12288,11,5943192760
6534,194770815,100256,194871071,0,2,0,29184,23,9602341937
6535,194773488,138706,194912194,0,3,0,52736,11,9467532953
6536,194819299,45596,194864895,0,8,0,1024,3,6864656074
6537,194822304,3898,194826202,0,7,1,4096,33,6968337896
6538,194834544,7706,194842250,0,7,1,8192,33,3991114380
6539,194873275,7706,194880981,0,4,1,8192,44,6132479014
6540,194879877,53495,194933372,0,7,1,90624,33,9662175543
6541,194894463,17746,194912209,0,3,1,3072,11,2331299326
6542,194905995,5802,194911797,0,4,1,6144,44,9815247154
6543,194952230,4374,194956604,0,1,1,4608,36,3387153203
6544,194986966,71132,195058098,0,2,0,9216,23,1265785119
6545,195077266,3422,195080688,0,7,1,3584,33,3799521913
6546,195094427,107744,195202171,0,6,0,53760,42,5826516418
6547,195120694,99788,195220482,0,6,0,27648,42,7109610318
6548,195156392,118976,195275368,0,2,0,90624,23,2848258843
6549,195176875,3128,195180003,0,3,1,9216,11,4379061578
6550,195183598,47288,195230886,0,8,0,1536,3,1320218067
6551,195195856,117630,195313486,0,2,0,23040,23,3625629227
6552,195206432,566,195206998,0,4,1,512,44,10074303601
6553,195211108,3387,195214495,0,4,1,9728,44,6161391826
6554,195340337,2470,195342807,0,3,1,2560,11,9873039128
6555,195368391,99632,195468023,0,6,0,27136,42,2092269234
6556,195392961,3904,195396865,0,7,1,10752,33,343078884
6557,195399605,566,195400171,0,4,1,512,44,3225439879
6558,195451270,98540,195549810,0,6,0,23552,42,6123040559
6559,195464610,107717,195572327,0,6,0,42496,42,3868341417
6560,195470519,12825,195483344,0,7,1,21504,33,4558013665
6561,195556096,4162,195560258,0,1,1,11264,36,5049630284
6562,195556619,94770,195651389,0,7,1,157696,33,1842037284
6563,195565596,102575,195668171,0,7,1,64000,33,2729094452
6564,195778163,6278,195784441,0,3,1,6656,11,9412114092
6565,195786707,3645,195790352,0,7,1,10240,33,5372449566
6566,195803949,3898,195807847,0,4,1,4096,44,7429234849
6567,195838398,5326,195843724,0,1,1,5632,36,7324992464
6568,195838419,6611,195845030,0,1,1,2048,36,8430251403
6569,195866107,3422,195869529,0,4,1,3584,44,5561736903
6570,195896290,3898,195900188,0,1,1,4096,36,5238340678
6571,195902566,2946,195905512,0,2,1,3072,23,7734966679
6572,195965629,2946,195968575,0,9,1,3072,32,10243608732
6573,195974178,45596,196019774,0,8,0,1024,3,8348078128
6574,196025756,2946,196028702,0,1,1,3072,36,1789582919
6575,196068661,5326,196073987,0,1,1,5632,36,1645770083
6576,196156579,45596,196202175,0,8,0,1024,3,1778738444
6577,196160678,48980,196209658,0,8,0,2048,3,5579699871
6578,196169494,1994,196171488,0,1,1,2048,36,1734246360
6579,196184594,67592,196252186,0,2,0,7680,23,3777467113
6580,196211195,5326,196216521,0,9,1,5632,32,5002557860
6581,196219672,218048,196437720,0,3,0,254464,11,5373106843
6582,196248587,12049,196260636,0,9,1,19968,32,8391234991
6583,196275509,22433,196297942,0,7,1,36864,33,393088112
6584,196275960,105716,196381676,0,6,0,47104,42,1833135808
6585,196292733,166832,196459565,0,2,0,141824,23,8254701223
6586,196317706,2470,196320176,0,9,1,2560,32,1940720085
6587,196346272,1994,196348266,0,4,1,2048,44,2742442127
6588,196356384,6278,196362662,0,9,1,6656,32,7063472670
6589,196373441,4937,196378378,0,9,1,12800,32,6315422608
6590,196399401,126363,196525764,0,3,0,14336,11,10438475008
6591,196434043,1994,196436037,0,9,1,2048,32,2893577493
6592,196461956,2946,196464902,0,2,1,3072,23,9372521862
6593,196493869,101348,196595217,0,6,0,32768,42,9067075367
6594,196522014,11791,196533805,0,9,1,19456,32,8367637504
6595,196604830,76208,196681038,0,3,0,10752,11,7679757564
6596,196670399,74360,196744759,0,2,0,9728,23,3921882728
6597,196682635,2470,196685105,0,4,1,2560,44,1472585950
6598,196706876,79436,196786312,0,3,0,11264,11,7019510306
6599,196707259,70220,196777479,0,2,0,11264,23,1791570352
6600,196776690,22950,196799640,0,7,1,37888,33,363731311
6601,196783151,82589,196865740,0,3,0,11264,11,3009652840
6602,196848754,50672,196899426,0,2,0,2560,23,7985051064
6603,196854285,2946,196857231,0,4,1,3072,44,7921941638
6604,196857577,11533,196869110,0,7,1,18944,33,9597708821
6605,196880541,43628,196924169,0,7,1,74752,33,387058016
6606,196946205,5454,196951659,0,7,1,13824,33,7961045203
6607,196982766,3128,196985894,0,9,1,9216,32,6087542909
6608,196996257,4850,197001107,0,4,1,5120,44,5197770193
6609,196999933,5326,197005259,0,9,1,5632,32,8287090794
6610,197005153,566,197005719,0,4,1,512,44,5609056868
6611,197007654,100412,197108066,0,2,0,29696,23,7900967852
6612,197044481,78524,197123005,0,6,0,13312,42,4284971257
6613,197046518,1042,197047560,0,9,1,1024,32,4015199796
6614,197147198,2470,197149668,0,4,1,2560,44,8704073402
6615,197189361,1042,197190403,0,8,1,1024,3,5927505482
6616,197206364,116792,197323156,0,6,0,83456,42,8707244589
6617,197266386,101804,197368190,0,2,0,11776,23,4641752641
6618,197287062,173930,197460992,0,2,0,108544,23,6071359297
6619,197373436,7230,197380666,0,9,1,7680,32,4976015221
6620,197408120,4679,197412799,0,9,1,12288,32,5444874409
6621,197471743,23208,197494951,0,7,1,38400,33,2184327931
6622,197532707,16096,197548803,0,7,1,31232,33,4045129594
6623,197550192,94532,197644724,0,2,0,20480,23,10416027357
6624,197585200,110240,197695440,0,2,0,61952,23,6425288745
6625,197603158,97913,197701071,0,2,0,18432,23,9117317050
6626,197626606,78680,197705286,0,6,0,13824,42,4350667800
6627,197666977,65144,197732121,0,6,0,9728,42,8869346038
6628,197686200,25704,197711904,0,7,1,46592,33,9338467069
6629,197722543,5802,197728345,0,8,1,6144,3,4934027360
6630,197734497,2946,197737443,0,8,1,3072,3,287485158
6631,197748021,1518,197749539,0,9,1,1536,32,4728959785
6632,197840202,4374,197844576,0,9,1,4608,32,4665990248
6633,197871377,2470,197873847,0,8,1,2560,3,5193536617
6634,197879128,43904,197923032,0,8,0,512,3,8846274041
6635,197882674,103532,197986206,0,2,0,39936,23,7385516531
6636,197903464,36087,197939551,0,7,1,63488,33,3690575012
6637,197953081,57440,198010521,0,6,0,4608,42,2443511981
6638,197978927,103912,198082839,0,6,0,24064,42,1346841743
6639,197985889,101036,198086925,0,3,0,31744,11,7390318783
6640,197998398,45596,198043994,0,8,0,1024,3,2494778455
6641,198027328,1518,198028846,0,8,1,1536,3,3206288821
6642,198041426,43904,198085330,0,8,0,512,3,9761018270
6643,198087724,43904,198131628,0,8,0,512,3,8159764546
6644,198233792,566,198234358,0,8,1,512,3,5712379229
6645,198234643,96224,198330867,0,2,0,20992,23,5836343647
6646,198238820,1518,198240338,0,9,1,1536,32,2204596665
6647,198277789,25187,198302976,0,7,1,45568,33,2256387410
6648,198288086,2470,198290556,0,8,1,2560,3,3229988806
6649,198303850,75907,198379757,0,8,0,512,3,3303934044
6650,198334515,566,198335081,0,6,1,512,42,7291486591
6651,198372027,2946,198374973,0,9,1,3072,32,8632990215
6652,198379361,114296,198493657,0,6,0,75264,42,4827480385
6653,198396493,566,198397059,0,8,1,512,3,6223091719
6654,198435785,58199,198493984,0,6,0,1024,42,10553053430
6655,198487146,43904,198531050,0,8,0,512,3,5472912693
6656,198501412,43904,198545316,0,8,0,512,3,86297334
6657,198503108,110396,198613504,0,3,0,62464,11,5986248388
6658,198509041,4420,198513461,0,9,1,11776,32,4700950356
6659,198612980,43200,198656180,0,7,1,70656,33,8995094795
6660,198618598,104780,198723378,0,3,0,44032,11,1482395101
6661,198665214,69690,198734904,0,3,0,5120,11,2039001374
6662,198669702,84108,198753810,0,3,0,512,11,6970337769
6663,198700129,566,198700695,0,8,1,512,3,6832747321
6664,198770247,43904,198814151,0,8,0,512,3,1591002600
6665,198796081,36087,198832168,0,7,1,63488,33,1530219355
6666,198823531,1042,198824573,0,9,1,1024,32,9860144240
6667,198832560,10499,198843059,0,9,1,16896,32,6260563182
6668,198837118,58220,198895338,0,2,0,7168,23,7140143128
6669,198839980,3904,198843884,0,6,1,10752,42,9372523317
6670,198847693,2870,198850563,0,6,1,8704,42,3906228775
6671,198862612,3422,198866034,0,6,1,3584,42,8527110107
6672,198893723,1042,198894765,0,6,1,1024,42,9537201486
6673,199001403,4162,199005565,0,6,1,11264,42,2387228138
6674,199018673,2946,199021619,0,9,1,3072,32,2096151768
6675,199050092,1518,199051610,0,9,1,1536,32,888943495
6676,199083577,47288,199130865,0,3,0,1536,11,10016200816
6677,199136854,1042,199137896,0,6,1,1024,42,1414366398
6678,199158064,7230,199165294,0,9,1,7680,32,5153060387
6679,199170506,45179,199215685,0,7,1,77824,33,6157897546
6680,199194946,2470,199197416,0,6,1,2560,42,8278771709
6681,199252604,4937,199257541,0,6,1,12800,42,8454564729
6682,199270124,65456,199335580,0,2,0,10752,23,10583377998
6683,199342713,3422,199346135,0,9,1,3584,32,3575685212
6684,199352413,43904,199396317,0,8,0,512,3,2532208573
6685,199362949,87293,199450242,0,6,0,12288,42,8745861980
6686,199369322,1042,199370364,0,6,1,1024,42,5891381504
6687,199395899,26221,199422120,0,7,1,47616,33,3345900613
6688,199396086,26802,199422888,0,7,1,11776,33,3421779243
6689,199466082,1518,199467600,0,6,1,1536,42,6219054060
6690,199497279,11533,199508812,0,9,1,18944,32,7406343701
6691,199544910,95132,199640042,0,6,0,17408,42,498403069
6692,199571023,93673,199664696,0,6,0,26624,42,5521013606
6693,199578993,3898,199582891,0,9,1,4096,32,5882990655
6694,199628526,5971,199634497,0,7,1,14848,33,8376100039
6695,199698447,43904,199742351,0,3,0,512,11,6954176602
6696,199814363,43904,199858267,0,3,0,512,11,1599892279
6697,199841959,3898,199845857,0,0,1,4096,17,8976195468
6698,199866262,3422,199869684,0,9,1,3584,32,1518771164
6699,199883289,2470,199885759,0,9,1,2560,32,8387394988
6700,199937869,98384,200036253,0,6,0,23040,42,380715635
6701,199938769,104780,200043549,0,2,0,44032,23,6051245467
6702,199974815,43904,200018719,0,3,0,512,11,2755372500
6703,200010789,2470,200013259,0,5,1,2560,19,7330620442
6704,200023694,6278,200029972,0,0,1,6656,17,6337542632
6705,200035816,14287,200050103,0,5,1,27648,19,2373809054
6706,200056930,4679,200061609,0,0,1,12288,17,9937287334
6707,200072424,6278,200078702,0,6,1,6656,42,2031598717
6708,200085867,101816,200187683,0,4,0,34304,44,1316173870
6709,200103082,5802,200108884,0,0,1,6144,17,5822325214
6710,200169660,1042,200170702,0,6,1,1024,42,9874335485
6711,200172478,45596,200218074,0,8,0,1024,3,10286084589
6712,200173820,54056,200227876,0,3,0,3584,11,2674069343
6713,200179685,4374,200184059,0,0,1,4608,17,4551468645
6714,200192755,48980,200241735,0,8,0,2048,3,9683218503
6715,200241011,45596,200286607,0,8,0,1024,3,7445953610
6716,200310298,6278,200316576,0,6,1,6656,42,6038378658
6717,200356713,33333,200390046,0,5,1,54784,19,4934961223
6718,200394478,2946,200397424,0,0,1,3072,17,3481823409
6719,200399247,566,200399813,0,6,1,512,42,8920229129
6720,200417254,2870,200420124,0,5,1,8704,19,3658340899
6721,200438741,2470,200441211,0,9,1,2560,32,3739237307
6722,200448119,1042,200449161,0,0,1,1024,17,6794707129
6723,200458361,4850,200463211,0,6,1,5120,42,801103217
6724,200461667,43904,200505571,0,3,0,512,11,2958067578
6725,200463923,12737,200476660,0,0,1,24576,17,1004832264
6726,200464444,1518,200465962,0,6,1,1536,42,10698933265
6727,200496749,6278,200503027,0,6,1,6656,42,6107700344
6728,200578996,85760,200664756,0,2,0,16896,23,2734610679
6729,200609816,92840,200702656,0,2,0,19968,23,9911131250
6730,200640621,23983,200664604,0,5,1,39936,19,4218378956
6731,200652778,3422,200656200,0,0,1,3584,17,6259149932
6732,200658995,10115,200669110,0,5,1,7168,19,10411022912
6733,200697177,86311,200783488,0,2,0,15872,23,4034775733
6734,200759752,4374,200764126,0,5,1,4608,19,4009083115
6735,200782831,33503,200816334,0,7,1,58368,33,4643890859
6736,200803046,131043,200934089,0,6,0,8192,42,4867613759
6737,200821797,108056,200929853,0,6,0,54784,42,2365390403
6738,200832745,64742,200897487,0,7,1,105984,33,4969115248
6739,200836028,47288,200883316,0,8,0,1536,3,4798720366
6740,200864924,46212,200911136,0,5,1,79872,19,9478536246
6741,200930376,122876,201053252,0,2,0,103424,23,1996769474
6742,200953936,3422,200957358,0,1,1,3584,36,7380831930
6743,200976945,35312,201012257,0,5,1,61952,19,623070480
6744,200994856,47288,201042144,0,3,0,1536,11,8134418465
6745,201050567,6278,201056845,0,6,1,6656,42,3470338521
6746,201066195,5326,201071521,0,1,1,5632,36,7676121318
6747,201067494,1994,201069488,0,5,1,2048,19,10407927583
6748,201106901,1042,201107943,0,1,1,1024,36,674335296
6749,201140718,107900,201248618,0,2,0,54272,23,5120872158
6750,201152951,109254,201262205,0,2,0,44544,23,6250941048
6751,201173669,566,201174235,0,1,1,512,36,349304325
6752,201176093,2946,201179039,0,6,1,3072,42,3337674745
6753,201180386,43904,201224290,0,3,0,512,11,6946965031
6754,201210422,43904,201254326,0,3,0,512,11,10292306675
6755,201210874,1994,201212868,0,1,1,2048,36,4546048307
6756,201257103,45596,201302699,0,3,0,1024,11,921193096
6757,201278378,23983,201302361,0,7,1,39936,33,6171106768
6758,201291452,3904,201295356,0,6,1,10752,42,1271410192
6759,201300041,54056,201354097,0,8,0,3584,3,7167652645
6760,201313196,101816,201415012,0,6,0,34304,42,9917334340
6761,201373853,115108,201488961,0,5,1,187392,19,6495622802
6762,201375449,2946,201378395,0,6,1,3072,42,6955098819
6763,201383222,566,201383788,0,9,1,512,32,6798833143
6764,201400667,3387,201404054,0,7,1,9728,33,7943506957
6765,201423007,66620,201489627,0,5,1,1024,19,6613722431
6766,201426663,43904,201470567,0,8,0,512,3,4761868997
6767,201464849,45596,201510445,0,8,0,1024,3,10469379525
6768,201510043,82408,201592451,0,7,1,133632,33,8533159450
6769,201524473,43904,201568377,0,3,0,512,11,116652874
6770,201631669,4162,201635831,0,6,1,11264,42,8882129457
6771,201696125,5802,201701927,0,6,1,6144,42,1761779471
6772,201712139,566,201712705,0,6,1,512,42,4105803137
6773,201753886,43904,201797790,0,6,0,512,42,7827753961
6774,201768913,73472,201842385,0,6,0,16896,42,9914025035
6775,201819683,76052,201895735,0,2,0,10240,23,10188651515
6776,201830889,3898,201834787,0,6,1,4096,42,2677535719
6777,201893360,56079,201949439,0,7,1,95744,33,5316050073
6778,201909385,103844,202013229,0,6,0,40960,42,7023287279
6779,201938669,16262,201954931,0,7,1,17920,33,2823901433
6780,201975334,243632,202218966,0,7,1,394240,33,10290683338
6781,201995299,3422,201998721,0,1,1,3584,36,2707431641
6782,202006180,1994,202008174,0,1,1,2048,36,8043576506
6783,202011856,223482,202235338,0,7,1,61952,33,1200677774
6784,202018344,47288,202065632,0,3,0,1536,11,5388730345
6785,202021754,6754,202028508,0,0,1,7168,17,6428886335
6786,202035596,103220,202138816,0,5,0,38912,19,7351161628
6787,202043635,4679,202048314,0,6,1,12288,42,5927632833
6788,202055007,98252,202153259,0,6,0,27648,42,432146569
6789,202080364,50672,202131036,0,2,0,2560,23,898279173
6790,202087301,1994,202089295,0,0,1,2048,17,1633393941
6791,202112792,5326,202118118,0,6,1,5632,42,10058759699
6792,202121341,115303,202236644,0,7,1,2048,33,3322569166
6793,202151791,100256,202252047,0,2,0,29184,23,9553552475
6794,202183485,45596,202229081,0,8,0,1024,3,9825609931
6795,202184257,5971,202190228,0,0,1,14848,17,7854870618
6796,202260167,3904,202264071,0,0,1,10752,17,2002067822
6797,202281320,1042,202282362,0,7,1,1024,33,7039163773
6798,202290740,1994,202292734,0,1,1,2048,36,5571227164
6799,202308519,79148,202387667,0,5,0,15360,19,2343152150
6800,202314755,7230,202321985,0,1,1,7680,36,319582640
6801,202323436,2470,202325906,0,0,1,2560,17,9530674957
6802,202330055,45596,202375651,0,3,0,1024,11,1098565420
6803,202374284,1518,202375802,0,6,1,1536,42,9280896525
6804,202393313,45596,202438909,0,8,0,1024,3,2481050540
6805,202403427,4162,202407589,0,7,1,11264,33,521986169
6806,202404928,7230,202412158,0,6,1,7680,42,4951797797
6807,202415615,96980,202512595,0,2,0,18432,23,2884504508
6808,202460282,1994,202462276,0,0,1,2048,17,8097294502
6809,202466820,45596,202512416,0,3,0,1024,11,4237494287
6810,202520723,12825,202533548,0,6,1,21504,42,7118468729
6811,202522953,3422,202526375,0,0,1,3584,17,3663849103
6812,202536262,85974,202622236,0,6,0,512,42,4424512178
6813,202564651,566,202565217,0,0,1,512,17,4801975945
6814,202594511,11274,202605785,0,0,1,18432,17,6701980878
6815,202628964,566,202629530,0,6,1,512,42,6351842725
6816,202654681,566,202655247,0,7,1,512,33,8169567391
6817,202686398,1994,202688392,0,0,1,2048,17,4207433569
6818,202776897,1518,202778415,0,4,1,1536,44,422727362
6819,202852718,43904,202896622,0,3,0,512,11,7597718064
6820,202882716,3422,202886138,0,1,1,3584,36,970193130
6821,202899900,7706,202907606,0,1,1,8192,36,9549095391
6822,202914430,47600,202962030,0,2,0,2560,23,1564444029
6823,202915610,7230,202922840,0,1,1,7680,36,656622798
6824,202917270,7706,202924976,0,4,1,8192,44,1399261665
6825,202939717,106496,203046213,0,5,0,49664,19,2756680809
6826,202959481,566,202960047,0,4,1,512,44,4863584541
6827,202984443,2870,202987313,0,0,1,8704,17,4965106972
6828,203040394,48980,203089374,0,3,0,2048,11,3788744038
6829,203093934,60824,203154758,0,2,0,5632,23,3544568356
6830,203117266,7230,203124496,0,1,1,7680,36,64539878
6831,203139860,5326,203145186,0,0,1,5632,17,1065199197
6832,203218871,70976,203289847,0,6,0,8704,42,7798726724
6833,203226759,15062,203241821,0,6,1,29184,42,5347022432
6834,203267989,35571,203303560,0,5,1,62464,19,9948985477
6835,203295233,163069,203458302,0,5,0,94720,19,27218320
6836,203324779,4374,203329153,0,7,1,4608,33,3282694278
6837,203394369,1994,203396363,0,7,1,2048,33,9490021362
6838,203400072,47288,203447360,0,8,0,1536,3,5754605491
6839,203400259,48980,203449239,0,3,0,2048,11,9255087926
6840,203413571,126932,203540503,0,6,0,116736,42,5416333999
6841,203478760,81128,203559888,0,5,0,11776,19,9529882143
6842,203491197,1518,203492715,0,4,1,1536,44,6706105489
6843,203540829,15321,203556150,0,0,1,29696,17,931068041
6844,203566211,2946,203569157,0,0,1,3072,17,2856895820
6845,203574968,93488,203668456,0,6,0,27136,42,765546340
6846,203602247,7706,203609953,0,4,1,8192,44,3439913351
6847,203636108,7706,203643814,0,4,1,8192,44,576720114
6848,203638456,45596,203684052,0,8,0,1024,3,4426635203
6849,203661721,2470,203664191,0,4,1,2560,44,6150834928
6850,203677523,43904,203721427,0,8,0,512,3,7451451839
6851,203678215,43904,203722119,0,6,0,512,42,2527381198
6852,203680204,3898,203684102,0,6,1,4096,42,8231356741
6853,203689052,1518,203690570,0,7,1,1536,33,186321579
6854,203696247,126464,203822711,0,6,0,115200,42,6501238589
6855,203748340,45596,203793936,0,8,0,1024,3,1336907937
6856,203754728,1518,203756246,0,6,1,1536,42,10086531097
6857,203825976,2870,203828846,0,0,1,8704,17,2985025616
6858,203836063,11791,203847854,0,7,1,19456,33,3684214828
6859,203876963,95600,203972563,0,2,0,18944,23,8151445533
6860,203877412,1994,203879406,0,4,1,2048,44,98841766
6861,203909571,49448,203959019,0,8,0,3584,3,6480069529
6862,203923567,45596,203969163,0,8,0,1024,3,1560705623
6863,203940329,2470,203942799,0,0,1,2560,17,5533878823
6864,203955926,3898,203959824,0,0,1,4096,17,4338864024
6865,204032266,43904,204076170,0,8,0,512,3,7210014975
6866,204041581,6278,204047859,0,4,1,6656,44,2639677233
6867,204063743,3904,204067647,0,7,1,10752,33,3625273149
6868,204075360,3645,204079005,0,6,1,10240,42,2012305867
6869,204096170,43904,204140074,0,3,0,512,11,10422557097
6870,204101369,566,204101935,0,0,1,512,17,305675445
6871,204125636,118352,204243988,0,5,0,88576,19,1647776456
6872,204155858,47444,204203302,0,8,0,2048,3,6109940572
6873,204199061,48980,204248041,0,8,0,2048,3,7192443506
6874,204200770,11274,204212044,0,4,1,18432,44,7258235817
6875,204216785,191840,204408625,0,5,0,168448,19,7414597779
6876,204222209,1518,204223727,0,6,1,1536,42,9617967711
6877,204250670,7706,204258376,0,6,1,8192,42,2397392110
6878,204329234,109460,204438694,0,2,0,59392,23,3877897385
6879,204338162,12995,204351157,0,6,1,25088,42,8345580192
6880,204364227,99476,204463703,0,6,0,26624,42,7772573546
6881,204364336,43904,204408240,0,3,0,512,11,5232321429
6882,204372603,1994,204374597,0,4,1,2048,44,8910213236
6883,204382779,1994,204384773,0,6,1,2048,42,3078014206
6884,204429085,6754,204435839,0,7,1,7168,33,5404404475
6885,204450986,1518,204452504,0,7,1,1536,33,7638164380
6886,204461202,566,204461768,0,4,1,512,44,1844714463
6887,204527441,3422,204530863,0,6,1,3584,42,9637227502
6888,204562131,43904,204606035,0,8,0,512,3,5639471381
6889,204571834,2470,204574304,0,4,1,2560,44,4187648326
6890,204633814,6754,204640568,0,0,1,7168,17,9696601
6891,204640864,3387,204644251,0,7,1,9728,33,8650229503
6892,204675408,50672,204726080,0,3,0,2560,11,10533194662
6893,204680505,1518,204682023,0,6,1,1536,42,6571701961
6894,204733150,74360,204807510,0,6,0,9728,42,7280267905
6895,204734333,5326,204739659,0,7,1,5632,33,6975924258
6896,204772168,91280,204863448,0,5,0,14848,19,3463042784
6897,204787292,45596,204832888,0,3,0,1024,11,5173325383
6898,204835291,45596,204880887,0,8,0,1024,3,2748448963
6899,204866024,86828,204952852,0,6,0,15360,42,8243625154
6900,204900143,6754,204906897,0,1,1,7168,36,7089098448
6901,204906654,7706,204914360,0,4,1,8192,44,2373091515
6902,204909026,6000,204915026,0,4,1,1024,44,3415957563
6903,204939162,43904,204983066,0,8,0,512,3,2067670432
6904,204956175,105248,205061423,0,2,0,45568,23,7042488408
6905,204957352,43904,205001256,0,3,0,512,11,3323539442
6906,204959383,3898,204963281,0,4,1,4096,44,2370981292
6907,204991840,566,204992406,0,4,1,512,44,4010261366
6908,205052168,104936,205157104,0,5,0,44544,19,10166438387
6909,205064051,169928,205233979,0,3,0,146944,11,1319232055
6910,205108029,6278,205114307,0,4,1,6656,44,9538694485
6911,205141129,7230,205148359,0,4,1,7680,44,5292035781
6912,205148197,1994,205150191,0,1,1,2048,36,4413000791
6913,205176205,3898,205180103,0,1,1,4096,36,2049559672
6914,205193382,2470,205195852,0,1,1,2560,36,1110939911
6915,205196369,60224,205256593,0,5,0,8704,19,819287481
6916,205202755,83652,205286407,0,5,0,4608,19,7507026751
6917,205213845,106340,205320185,0,6,0,49152,42,2136157115
6918,205219618,7230,205226848,0,1,1,7680,36,5719446648
6919,205235250,43904,205279154,0,8,0,512,3,10166070572
6920,205247615,124436,205372051,0,2,0,108544,23,2670598516
6921,205311709,4850,205316559,0,4,1,5120,44,6342433842
6922,205339002,109928,205448930,0,6,0,60928,42,914423699
6923,205421084,2470,205423554,0,3,1,2560,11,10541632156
6924,205427175,6278,205433453,0,3,1,6656,11,6322288740
6925,205450172,5326,205455498,0,1,1,5632,36,1667147068
6926,205482114,566,205482680,0,1,1,512,36,913434785
6927,205567894,101036,205668930,0,2,0,31744,23,9448310362
6928,205585604,117728,205703332,0,3,0,86528,11,10709879650
6929,205620423,15579,205636002,0,4,1,30208,44,6802776568
6930,205645522,14804,205660326,0,3,1,28672,11,10600691814
6931,205692117,47288,205739405,0,6,0,1536,42,4596022562
6932,205707318,3645,205710963,0,1,1,10240,36,5684892525
6933,205714914,4162,205719076,0,4,1,11264,44,2279247129
6934,205723585,5712,205729297,0,1,1,14336,36,4496427843
6935,205723894,566,205724460,0,3,1,512,11,6284806468
6936,205740380,45596,205785976,0,2,0,1024,23,6165071097
6937,205747227,1518,205748745,0,4,1,1536,44,8229342071
6938,205829097,140604,205969701,0,3,0,82432,11,4597974227
6939,205847860,100880,205948740,0,5,0,31232,19,5853796380
6940,205915082,48980,205964062,0,8,0,2048,3,9782876373
6941,205920241,139760,206060001,0,2,0,133632,23,7718808387
6942,205930042,43904,205973946,0,8,0,512,3,3054049098
6943,205943493,43904,205987397,0,8,0,512,3,6663360757
6944,205947093,45596,205992689,0,6,0,1024,42,325399917
6945,206038345,566,206038911,0,1,1,512,36,2103242457
6946,206077211,4937,206082148,0,4,1,12800,44,8741341778
6947,206104558,3898,206108456,0,1,1,4096,36,9697727718
6948,206141510,1518,206143028,0,1,1,1536,36,3529788314
6949,206154442,113672,206268114,0,2,0,73216,23,9444579445
6950,206198670,2870,206201540,0,1,1,8704,36,5943899172
6951,206216544,43904,206260448,0,8,0,512,3,8191707439
6952,206222906,5971,206228877,0,1,1,14848,36,2502387411
6953,206271262,43904,206315166,0,8,0,512,3,5300699533
6954,206302458,2946,206305404,0,0,1,3072,17,1370892249
6955,206411865,3128,206414993,0,3,1,9216,11,3680250249
6956,206428500,4850,206433350,0,1,1,5120,36,238232984
6957,206430339,6877,206437216,0,1,1,6144,36,1283288808
6958,206436673,3128,206439801,0,1,1,9216,36,7616836599
6959,206472930,1994,206474924,0,4,1,2048,44,9948931073
6960,206506429,89612,206596041,0,3,0,19456,11,2793791476
6961,206548706,5326,206554032,0,4,1,5632,44,7257532639
6962,206558845,45596,206604441,0,6,0,1024,42,6969411541
6963,206562312,3898,206566210,0,4,1,4096,44,4765335478
6964,206582449,45596,206628045,0,6,0,1024,42,5066848982
6965,206584524,118976,206703500,0,2,0,90624,23,3492791064
6966,206604434,111800,206716234,0,3,0,67072,11,6412303394
6967,206616779,128960,206745739,0,5,0,123392,19,6238305859
6968,206621871,7230,206629101,0,3,1,7680,11,9997874349
6969,206628683,566,206629249,0,4,1,512,44,3101919631
6970,206646458,45596,206692054,0,8,0,1024,3,6385655527
6971,206686754,3422,206690176,0,3,1,3584,11,2959173616
6972,206698817,45596,206744413,0,8,0,1024,3,7919352638
6973,206753470,43904,206797374,0,6,0,512,42,947566016
6974,206770475,3898,206774373,0,1,1,4096,36,1081635893
6975,206798373,12566,206810939,0,3,1,20992,11,899298995
6976,206807684,4679,206812363,0,3,1,12288,11,3104327652
6977,206819965,114608,206934573,0,2,0,76288,23,8216926669
6978,206827962,4162,206832124,0,4,1,11264,44,9366848462
6979,206833762,81250,206915012,0,3,0,9216,11,5057397295
6980,206864811,43904,206908715,0,6,0,512,42,83825766
6981,206865938,81752,206947690,0,5,0,13824,19,3824969192
6982,206867406,122996,206990402,0,3,0,28672,11,8649112076
6983,206958799,94088,207052887,0,5,0,24064,19,418982755
6984,206959175,108212,207067387,0,3,0,55296,11,5929806756
6985,206968626,62516,207031142,0,5,0,6144,19,4619267522
6986,206984271,2946,206987217,0,4,1,3072,44,4499411060
6987,207004684,115511,207120195,0,5,0,15872,19,7905937952
6988,207021299,43904,207065203,0,8,0,512,3,7121429893
6989,207049715,117460,207167175,0,5,0,75264,19,10188896084
6990,207054225,16576,207070801,0,3,1,3584,11,6504714204
6991,207070370,224790,207295160,0,3,0,84480,11,1628766376
6992,207082628,94556,207177184,0,2,0,25600,23,7764147176
6993,207098339,4850,207103189,0,3,1,5120,11,5256631564
6994,207119061,43904,207162965,0,6,0,512,42,1110245237
6995,207219893,45596,207265489,0,8,0,1024,3,7387905036
6996,207233081,142234,207375315,0,3,0,21504,11,10366987603
6997,207251161,43904,207295065,0,6,0,512,42,3100394647
6998,207319355,50672,207370027,0,2,0,2560,23,9389961765
6999,207405315,50672,207455987,0,6,0,2560,42,6301884872
7000,207406149,45596,207451745,0,8,0,1024,3,7557859237
7001,207426129,43904,207470033,0,8,0,512,3,2435785975
7002,207431520,95132,207526652,0,2,0,17408,23,2786587104
7003,207503540,89144,207592684,0,5,0,17920,19,4345718422
7004,207516356,121004,207637360,0,3,0,97280,11,10708575014
7005,207532418,43904,207576322,0,8,0,512,3,3753375395
7006,207544848,112580,207657428,0,5,0,69632,19,6191473887
7007,207562772,45596,207608368,0,6,0,1024,42,7312457073
7008,207574343,566,207574909,0,3,1,512,11,4640144958
7009,207626079,105404,207731483,0,2,0,46080,23,5365494420
7010,207688314,110447,207798761,0,2,0,38912,23,31482809
7011,207726640,99632,207826272,0,5,0,27136,19,7404447225
7012,207745248,12049,207757297,0,1,1,19968,36,4285554756
7013,207747666,2946,207750612,0,3,1,3072,11,993081123
7014,207781465,7230,207788695,0,3,1,7680,11,8648554175
7015,207823902,101348,207925250,0,2,0,32768,23,1858980454
7016,207856182,43904,207900086,0,6,0,512,42,1275763722
7017,207873054,43904,207916958,0,6,0,512,42,6574783751
7018,207924578,43904,207968482,0,8,0,512,3,10101552685
7019,207935563,55748,207991311,0,6,0,4096,42,208198120
7020,207948846,105404,208054250,0,2,0,46080,23,6048626384
7021,207958308,1994,207960302,0,1,1,2048,36,5679101849
7022,207972863,76520,208049383,0,3,0,11776,11,6136224730
7023,208010461,2470,208012931,0,0,1,2560,17,3081157336
7024,208032174,6278,208038452,0,1,1,6656,36,9622324169
7025,208037095,86072,208123167,0,5,0,17920,19,7016759428
7026,208152967,45596,208198563,0,5,0,1024,19,3338941740
7027,208169771,4850,208174621,0,1,1,5120,36,9178305842
7028,208194452,7706,208202158,0,9,1,8192,32,10089259002
7029,208222645,87296,208309941,0,3,0,16896,11,8767263029
7030,208266556,43904,208310460,0,8,0,512,3,5986492934
7031,208274610,3898,208278508,0,1,1,4096,36,7798557535
7032,208275478,165608,208441086,0,5,0,142848,19,10574106616
7033,208292537,1042,208293579,0,2,1,1024,23,1664152023
7034,208311738,2946,208314684,0,1,1,3072,36,6781160485
7035,208324884,1042,208325926,0,2,1,1024,23,8413229388
7036,208376553,3387,208379940,0,2,1,9728,23,7142207170
7037,208385598,45596,208431194,0,8,0,1024,3,4417903298
7038,208408194,125436,208533630,0,5,0,24064,19,1586791492
7039,208408903,106652,208515555,0,3,0,50176,11,8257038241
7040,208409577,45596,208455173,0,8,0,1024,3,9426255004
7041,208434683,90524,208525207,0,2,0,17408,23,5456280152
7042,208490672,3422,208494094,0,2,1,3584,23,18587326
7043,208495331,52364,208547695,0,3,0,3072,11,212572015
7044,208508172,43904,208552076,0,8,0,512,3,265777665
7045,208542686,45596,208588282,0,6,0,1024,42,528072442
7046,208543082,6278,208549360,0,6,1,6656,42,4559862641
7047,208549409,566,208549975,0,3,1,512,11,3540120682
7048,208553027,4420,208557447,0,3,1,11776,11,9488683452
7049,208577874,1518,208579392,0,2,1,1536,23,2271680195
7050,208584022,3422,208587444,0,3,1,3584,11,4503499538
7051,208620232,6754,208626986,0,2,1,7168,23,5910750395
7052,208647600,86360,208733960,0,3,0,13824,11,9784808642
7053,208652275,67592,208719867,0,5,0,7680,19,10600605606
7054,208666713,7706,208674419,0,2,1,8192,23,2824788753
7055,208669384,43904,208713288,0,6,0,512,42,8308962871
7056,208689291,43904,208733195,0,8,0,512,3,5738612935
7057,208694661,2870,208697531,0,6,1,8704,42,6543179415
7058,208712971,2946,208715917,0,2,1,3072,23,8989071883
7059,208718237,566,208718803,0,6,1,512,42,6581306242
7060,208722708,6488,208729196,0,3,1,15872,11,1078524918
7061,208727334,98043,208825377,0,3,0,26112,11,8020565661
7062,208735717,105248,208840965,0,2,0,45568,23,1210206409
7063,208770426,3898,208774324,0,3,1,4096,11,7507274640
7064,208828112,98564,208926676,0,5,0,28672,19,3500274240
7065,208830750,20448,208851198,0,2,1,16384,23,9562958761
7066,208874802,45596,208920398,0,8,0,1024,3,572539469
7067,208906469,43904,208950373,0,6,0,512,42,8593744968
7068,208965296,5326,208970622,0,2,1,5632,23,2692005683
7069,209027070,43904,209070974,0,8,0,512,3,1139242520
7070,209035341,5326,209040667,0,9,1,5632,32,7800282100
7071,209054933,43904,209098837,0,8,0,512,3,473354296
7072,209061159,109772,209170931,0,5,0,60416,19,1195215323
7073,209097656,139905,209237561,0,5,0,46080,19,799492431
7074,209165115,103574,209268689,0,5,0,19968,19,1783459758
7075,209169121,43904,209213025,0,8,0,512,3,6625190564
7076,209197626,1994,209199620,0,2,1,2048,23,3339820544
7077,209207108,108836,209315944,0,3,0,57344,11,1855763663
7078,209219902,100087,209319989,0,5,0,4608,19,4705165928
7079,209255727,102440,209358167,0,2,0,36352,23,9711247076
7080,209278406,6754,209285160,0,9,1,7168,32,6727110127
7081,209296225,108992,209405217,0,2,0,57856,23,2274296869
7082,209303730,72541,209376271,0,5,1,117760,19,6729911287
7083,209315891,3422,209319313,0,9,1,3584,32,4594106123
7084,209324769,127170,209451939,0,2,0,23552,23,3600756410
7085,209352445,22691,209375136,0,0,1,37376,17,3206133260
7086,209489444,2946,209492390,0,9,1,3072,32,2436696183
7087,209509371,63452,209572823,0,5,0,9216,19,10479936751
7088,209534737,2470,209537207,0,6,1,2560,42,7835340354
7089,209574603,5454,209580057,0,2,1,13824,23,5962485629
7090,209601482,43904,209645386,0,6,0,512,42,3287388723
7091,209641237,4420,209645657,0,9,1,11776,32,6259053682
7092,209660962,3898,209664860,0,9,1,4096,32,4134943201
7093,209667984,102752,209770736,0,5,0,37376,19,4541631038
7094,209668381,48980,209717361,0,6,0,2048,42,6066309985
7095,209685954,4162,209690116,0,2,1,11264,23,10398511119
7096,209687427,4420,209691847,0,9,1,11776,32,7685316613
7097,209731464,3422,209734886,0,6,1,3584,42,7134508047
7098,209737792,85420,209823212,0,5,0,10752,19,10023721615
7099,209774598,3422,209778020,0,5,1,3584,19,6493636803
7100,209799802,43904,209843706,0,8,0,512,3,9207866504
7101,209815201,2946,209818147,0,2,1,3072,23,1557345576
7102,209862934,98384,209961318,0,3,0,23040,11,2793724348
7103,209907740,134365,210042105,0,5,0,57856,19,6876515539
7104,209907790,13341,209921131,0,5,1,22528,19,5501461285
7105,209909941,115232,210025173,0,2,0,78336,23,9100326292
7106,209933799,3422,209937221,0,6,1,3584,42,5730743139
7107,209948246,1042,209949288,0,9,1,1024,32,4197461892
7108,209976410,3898,209980308,0,2,1,4096,23,6564147223
7109,210023123,45596,210068719,0,6,0,1024,42,778966229
7110,210048545,26738,210075283,0,5,1,48640,19,2231888559
7111,210078911,14545,210093456,0,5,1,28160,19,4912835916
7112,210104692,43904,210148596,0,8,0,512,3,118011542
7113,210107427,43904,210151331,0,6,0,512,42,4423317240
7114,210110778,1042,210111820,0,2,1,1024,23,6531352776
7115,210123384,3898,210127282,0,9,1,4096,32,3913804595
7116,210128112,69932,210198044,0,2,0,15360,23,9937630253
7117,210180367,1518,210181885,0,4,1,1536,44,8486597634
7118,210183483,1518,210185001,0,9,1,1536,32,3540387064
7119,210188996,120068,210309064,0,5,0,94208,19,8737702414
7120,210211166,111020,210322186,0,3,0,64512,11,8886805693
7121,210228579,2470,210231049,0,2,1,2560,23,1711347629
7122,210247961,1042,210249003,0,6,1,1024,42,10314101699
7123,210259014,6278,210265292,0,4,1,6656,44,9313542259
7124,210303835,1042,210304877,0,6,1,1024,42,6577457091
7125,210335077,2470,210337547,0,6,1,2560,42,4690385100
7126,210336411,43904,210380315,0,8,0,512,3,4923419201
7127,210383598,5196,210388794,0,6,1,13312,42,1067187085
7128,210386327,46972,210433299,0,6,0,1024,42,6601199095
7129,210392370,1518,210393888,0,1,1,1536,36,10484116389
7130,210408829,3422,210412251,0,6,1,3584,42,7230384144
7131,210423638,3422,210427060,0,1,1,3584,36,1601155638
7132,210439596,21141,210460737,0,5,1,34304,19,4020438731
7133,210457504,102440,210559944,0,2,0,36352,23,6547195549
7134,210500713,566,210501279,0,5,1,512,19,6363787851
7135,210510697,3422,210514119,0,2,1,3584,23,7035698126
7136,210515429,109928,210625357,0,3,0,60928,11,7919019436
7137,210569007,53237,210622244,0,5,1,90112,19,1941217935
7138,210590649,2946,210593595,0,6,1,3072,42,9700288780
7139,210601308,43904,210645212,0,6,0,512,42,5879585919
7140,210605867,101906,210707773,0,3,0,31744,11,5578133890
7141,210640568,566,210641134,0,2,1,512,23,5982824321
7142,210667442,2470,210669912,0,9,1,2560,32,8503482187
7143,210674378,6754,210681132,0,6,1,7168,42,297106695
7144,210696032,5802,210701834,0,5,1,6144,19,2538119098
7145,210705467,3422,210708889,0,9,1,3584,32,5766724769
7146,210713993,113204,210827197,0,5,0,71680,19,457036235
7147,210716114,2470,210718584,0,9,1,2560,32,5582795870
7148,210740239,12566,210752805,0,5,1,20992,19,6255205569
7149,210743559,255165,210998724,0,5,0,107520,19,9771690504
7150,210762279,1994,210764273,0,9,1,2048,32,9951377608
7151,210775609,43904,210819513,0,8,0,512,3,7011532856
7152,210793698,84560,210878258,0,2,0,23040,23,8221665509
7153,210801011,7706,210808717,0,2,1,8192,23,9252663149
7154,210806014,3904,210809918,0,2,1,10752,23,126055085
7155,210810504,30714,210841218,0,5,1,27136,19,1490494532
7156,210811410,104177,210915587,0,2,0,11264,23,8983364775
7157,210816476,45596,210862072,0,6,0,1024,42,2428328969
7158,210823062,1994,210825056,0,2,1,2048,23,1083634968
7159,210863865,100724,210964589,0,3,0,30720,11,7368176258
7160,210884126,1042,210885168,0,8,1,1024,3,9889016855
7161,210933676,50672,210984348,0,8,0,2560,3,3021947061
7162,210974572,43904,211018476,0,8,0,512,3,10318290558
7163,210975688,1994,210977682,0,6,1,2048,42,10407945906
7164,211050569,43904,211094473,0,6,0,512,42,2439341212
7165,211118419,5971,211124390,0,2,1,14848,23,9759594620
7166,211179469,102440,211281909,0,3,0,36352,11,10605411209
7167,211256334,1994,211258328,0,2,1,2048,23,6935913661
7168,211279953,10757,211290710,0,2,1,17408,23,2007024941
7169,211297318,3387,211300705,0,5,1,9728,19,6304156266
7170,211314902,11274,211326176,0,6,1,18432,42,1743823706
7171,211342791,102596,211445387,0,2,0,36864,23,4047343749
7172,211353798,110980,211464778,0,2,0,5120,23,5375964697
7173,211386150,2946,211389096,0,2,1,3072,23,6502628086
7174,211395575,99797,211495372,0,2,0,3584,23,6482050081
7175,211399406,128648,211528054,0,8,0,122368,3,10543442450
7176,211406288,50672,211456960,0,3,0,2560,11,5837824581
7177,211411830,43904,211455734,0,6,0,512,42,9049763209
7178,211534700,5196,211539896,0,2,1,13312,23,10341883802
7179,211560922,2470,211563392,0,2,1,2560,23,1306745081
7180,211583210,3898,211587108,0,2,1,4096,23,4739615650
7181,211634961,12049,211647010,0,6,1,19968,42,747184221
7182,211706737,130208,211836945,0,3,0,127488,11,4767925033
7183,211735515,3898,211739413,0,6,1,4096,42,1277602838
7184,211804870,93284,211898154,0,2,0,16384,23,5778464860
7185,211831684,54056,211885740,0,8,0,3584,3,9192933809
7186,211835916,59100,211895016,0,6,0,1024,42,6481656576
7187,211870896,100724,211971620,0,3,0,30720,11,8726960256
7188,212005412,99320,212104732,0,3,0,26112,11,4096671855
7189,212039303,566,212039869,0,6,1,512,42,6061364380
7190,212054325,54056,212108381,0,8,0,3584,3,6098274891
7191,212083203,104000,212187203,0,2,0,41472,23,5190125267
7192,212158304,85004,212243308,0,8,0,19456,3,3479280519
7193,212240394,103532,212343926,0,2,0,39936,23,7806799970
7194,212260359,7706,212268065,0,9,1,8192,32,8959252093
7195,212294903,147761,212442664,0,2,0,84480,23,1816335976
7196,212309963,4374,212314337,0,2,1,4608,23,8513646828
7197,212355336,47288,212402624,0,6,0,1536,42,3527291807
7198,212367039,76700,212443739,0,3,0,17408,11,4314222671
7199,212446630,115856,212562486,0,2,0,80384,23,7293963616
7200,212447797,2870,212450667,0,6,1,8704,42,171164685
7201,212488144,1518,212489662,0,9,1,1536,32,5360624289
7202,212530664,54992,212585656,0,8,0,6656,3,347891385
7203,212547363,120207,212667570,0,2,0,45056,23,1939185335
7204,212583590,2470,212586060,0,9,1,2560,32,9947437105
7205,212603936,45596,212649532,0,6,0,1024,42,7468919413
7206,212711619,4850,212716469,0,6,1,5120,42,6017115676
7207,212819380,110396,212929776,0,8,0,62464,3,3924484959
7208,212841040,5326,212846366,0,6,1,5632,42,5450426918
7209,212851092,50672,212901764,0,6,0,2560,42,2030452819
7210,212856945,2470,212859415,0,6,1,2560,42,8126620264
7211,212910197,96739,213006936,0,8,0,26112,3,9356352286
7212,212958831,3645,212962476,0,9,1,10240,32,4246926843
7213,212960523,3387,212963910,0,6,1,9728,42,1358032249
7214,212982642,11533,212994175,0,9,1,18944,32,8443895388
7215,213010856,4850,213015706,0,6,1,5120,42,10118869585
7216,213081366,45596,213126962,0,6,0,1024,42,401534266
7217,213107233,1994,213109227,0,9,1,2048,32,453326108
7218,213126395,10499,213136894,0,9,1,16896,32,5333236698
7219,213139998,123812,213263810,0,7,0,106496,33,6733989954
7220,213151626,43904,213195530,0,6,0,512,42,1003733400
7221,213225664,566,213226230,0,9,1,512,32,4534865342
7222,213237533,43904,213281437,0,6,0,512,42,3076344625
7223,213253590,2470,213256060,0,0,1,2560,17,8876792949
7224,213264820,45596,213310416,0,8,0,1024,3,1896538131
7225,213299153,50672,213349825,0,6,0,2560,42,363947119
7226,213314777,11533,213326310,0,6,1,18944,42,8171765763
7227,213321316,7230,213328546,0,7,1,7680,33,3305590251
7228,213355430,5326,213360756,0,0,1,5632,17,2409980776
7229,213374730,4420,213379150,0,9,1,11776,32,4497962481
7230,213391007,94532,213485539,0,2,0,20480,23,10532264529
7231,213438160,46729,213484889,0,5,1,80896,19,707106878
7232,213469360,3128,213472488,0,7,1,9216,33,1844676883
7233,213471117,121316,213592433,0,8,0,98304,3,6012671798
7234,213487145,6278,213493423,0,0,1,6656,17,550920280
7235,213536237,2946,213539183,0,9,1,3072,32,9621058793
7236,213582909,47288,213630197,0,6,0,1536,42,5628093087
7237,213601145,12049,213613194,0,5,1,19968,19,385734516
7238,213617993,566,213618559,0,9,1,512,32,8797401480
7239,213619996,92274,213712270,0,5,1,149504,19,7569258148
7240,213620083,5454,213625537,0,0,1,13824,17,9017598999
7241,213634270,1994,213636264,0,6,1,2048,42,2104055627
7242,213660979,4374,213665353,0,0,1,4608,17,5732581668
7243,213674675,88544,213763219,0,8,0,20992,3,7853713422
7244,213688523,4850,213693373,0,0,1,5120,17,4229158660
7245,213702840,3898,213706738,0,7,1,4096,33,1587033145
7246,213732641,1042,213733683,0,9,1,1024,32,8274316539
7247,213814007,11274,213825281,0,7,1,18432,33,7076365576
7248,213838037,2470,213840507,0,0,1,2560,17,3599205400
7249,213855368,2470,213857838,0,5,1,2560,19,10624488857
7250,213865239,117572,213982811,0,2,0,86016,23,6556555317
7251,213901882,6754,213908636,0,9,1,7168,32,4011197274
7252,213943654,1042,213944696,0,9,1,1024,32,833342389
7253,213952107,105404,214057511,0,2,0,46080,23,9233350488
7254,214016262,81128,214097390,0,2,0,11776,23,3093322564
7255,214056904,3904,214060808,0,9,1,10752,32,6232476603
7256,214100370,566,214100936,0,9,1,512,32,5376467752
7257,214130174,2946,214133120,0,8,1,3072,3,1693935380
7258,214152785,101504,214254289,0,8,0,33280,3,7144578716
7259,214162973,100100,214263073,0,8,0,28672,3,1293519662
7260,214168740,54056,214222796,0,3,0,3584,11,8226311012
7261,214180240,5802,214186042,0,9,1,6144,32,2636751312
7262,214200599,2946,214203545,0,5,1,3072,19,5878491727
7263,214211949,3898,214215847,0,7,1,4096,33,5562878936
7264,214361208,45596,214406804,0,6,0,1024,42,8526541848
7265,214362233,3422,214365655,0,9,1,3584,32,10442068214
7266,214387834,6488,214394322,0,5,1,15872,19,321105893
7267,214388986,1994,214390980,0,8,1,2048,3,7874381020
7268,214391089,3898,214394987,0,9,1,4096,32,3667039038
7269,214462663,4679,214467342,0,5,1,12288,19,567697390
7270,214471369,117104,214588473,0,3,0,84480,11,5199610536
7271,214497469,128024,214625493,0,2,0,120320,23,1626156989
7272,214501349,99464,214600813,0,8,0,17408,3,7020094355
7273,214506645,5802,214512447,0,7,1,6144,33,556937411
7274,214532238,117117,214649355,0,3,0,56320,11,5213420729
7275,214547149,3898,214551047,0,7,1,4096,33,6076991292
7276,214548689,12566,214561255,0,9,1,20992,32,2446637759
7277,214561899,118048,214679947,0,8,0,49152,3,1159659917
7278,214620133,80532,214700665,0,8,0,5120,3,6194555292
7279,214666377,62072,214728449,0,2,0,9728,23,2172544404
7280,214669774,45596,214715370,0,3,0,1024,11,5881086640
7281,214689061,6488,214695549,0,9,1,15872,32,4205908521
7282,214698858,1518,214700376,0,9,1,1536,32,75253567
7283,214739248,3645,214742893,0,5,1,10240,19,9437967961
7284,214748422,3387,214751809,0,5,1,9728,19,10212918304
7285,214780637,52988,214833625,0,3,0,5120,11,3191865433
7286,214788439,1994,214790433,0,8,1,2048,3,5553971935
7287,214807681,3645,214811326,0,8,1,10240,3,782958356
7288,214816818,1994,214818812,0,5,1,2048,19,5013946821
7289,214854120,5971,214860091,0,8,1,14848,3,2792724296
7290,214878949,60197,214939146,0,8,0,2560,3,572765279
7291,214895491,5196,214900687,0,7,1,13312,33,7139903501
7292,214900473,52364,214952837,0,3,0,3072,11,7182770930
7293,214909288,3422,214912710,0,7,1,3584,33,8070355683
7294,214980484,4374,214984858,0,3,1,4608,11,2063553825
7295,214990115,4679,214994794,0,5,1,12288,19,6086383570
7296,215009026,2946,215011972,0,8,1,3072,3,8494781995
7297,215013485,3904,215017389,0,7,1,10752,33,2927026568
7298,215022076,3422,215025498,0,3,1,3584,11,3045248306
7299,215041954,110708,215152662,0,2,0,63488,23,2222355018
7300,215081748,3128,215084876,0,8,1,9216,3,5364896286
7301,215087020,1042,215088062,0,3,1,1024,11,3407026377
7302,215098097,1994,215100091,0,9,1,2048,32,207901398
7303,215103913,110240,215214153,0,2,0,61952,23,8856850648
7304,215118289,3645,215121934,0,5,1,10240,19,1920941092
7305,215140975,4374,215145349,0,8,1,4608,3,7669370848
7306,215277507,74984,215352491,0,2,0,11776,23,7756138489
7307,215278125,43904,215322029,0,6,0,512,42,8150624940
7308,215303776,5326,215309102,0,5,1,5632,19,9903501204
7309,215320141,57908,215378049,0,3,0,6144,11,7550144756
7310,215327534,3387,215330921,0,2,1,9728,23,4584869747
7311,215357536,108368,215465904,0,8,0,55808,3,9656468527
7312,215389982,4850,215394832,0,3,1,5120,11,2200826528
7313,215400991,2946,215403937,0,9,1,3072,32,10413098843
7314,215415557,3422,215418979,0,8,1,3584,3,2282451829
7315,215419728,106808,215526536,0,2,0,50688,23,6889060553
7316,215439539,81020,215520559,0,3,0,21504,11,10252539878
7317,215598424,6229,215604653,0,9,1,15360,32,10455734424
7318,215620257,7706,215627963,0,3,1,8192,11,3824501655
7319,215644193,52364,215696557,0,8,0,3072,3,4382094704
7320,215656157,7230,215663387,0,8,1,7680,3,7495757108
7321,215663724,43904,215707628,0,6,0,512,42,160943009
7322,215688353,6754,215695107,0,3,1,7168,11,8934156118
7323,215763339,3387,215766726,0,3,1,9728,11,5562856495
7324,215768979,79436,215848415,0,8,0,11264,3,8122627045
7325,215821843,5326,215827169,0,9,1,5632,32,3402934372
7326,215821942,108836,215930778,0,8,0,57344,3,8196303181
7327,215823480,5315,215828795,0,9,1,2560,32,3805599057
7328,215826795,109460,215936255,0,2,0,59392,23,9849318871
7329,215890573,64889,215955462,0,3,0,512,11,3833318188
7330,215911687,566,215912253,0,9,1,512,32,819807278
7331,215918759,48470,215967229,0,3,0,1536,11,5267872607
7332,215919465,1518,215920983,0,3,1,1536,11,5325200298
7333,215943954,566,215944520,0,8,1,512,3,5561733813
7334,215944531,43904,215988435,0,6,0,512,42,1949001644
7335,215951616,6278,215957894,0,9,1,6656,32,3886814024
7336,215951919,48980,216000899,0,2,0,2048,23,7438122344
7337,215961379,97292,216058671,0,2,0,19456,23,7321734265
7338,215984160,2470,215986630,0,9,1,2560,32,5209054039
7339,216042382,2470,216044852,0,9,1,2560,32,374402846
7340,216087009,4850,216091859,0,3,1,5120,11,6304694288
7341,216125800,56216,216182016,0,2,0,5632,23,328411256
7342,216154944,10241,216165185,0,1,1,16384,36,8186424123
7343,216159762,47288,216207050,0,6,0,1536,42,2811704001
7344,216169593,3387,216172980,0,4,1,9728,44,2557404289
7345,216174983,2870,216177853,0,9,1,8704,32,9597832727
7346,216224744,3898,216228642,0,4,1,4096,44,620058797
7347,216236786,64208,216300994,0,8,0,6656,3,6765004908
7348,216237763,4374,216242137,0,4,1,4608,44,4267273845
7349,216243723,4850,216248573,0,3,1,5120,11,2473475067
7350,216257364,1994,216259358,0,4,1,2048,44,8977375859
7351,216292188,3904,216296092,0,7,1,10752,33,9309671751
7352,216308661,2946,216311607,0,7,1,3072,33,807568951
7353,216392314,1042,216393356,0,9,1,1024,32,10189364051
7354,216405402,87608,216493010,0,8,0,17920,3,158198167
7355,216407522,43904,216451426,0,6,0,512,42,3713188953
7356,216413684,3422,216417106,0,9,1,3584,32,3646003808
7357,216453980,5454,216459434,0,7,1,13824,33,7746507021
7358,216479398,85316,216564714,0,3,0,20480,11,10730253227
7359,216483521,2946,216486467,0,2,1,3072,23,5483474589
7360,216488224,56046,216544270,0,2,0,6144,23,3120717720
7361,216547293,3128,216550421,0,4,1,9216,44,5734684506
7362,216584381,1042,216585423,0,1,1,1024,36,2225139593
7363,216622470,69752,216692222,0,2,0,9728,23,1555595133
7364,216624154,1994,216626148,0,4,1,2048,44,2185471263
7365,216633916,2470,216636386,0,9,1,2560,32,579463853
7366,216715196,4679,216719875,0,7,1,12288,33,3614550559
7367,216722705,7706,216730411,0,9,1,8192,32,5196250212
7368,216766388,4937,216771325,0,1,1,12800,36,10650131514
7369,216787795,47288,216835083,0,6,0,1536,42,6983427440
7370,216819393,43904,216863297,0,6,0,512,42,43623960
7371,216837942,1042,216838984,0,9,1,1024,32,2426038755
7372,216860092,103844,216963936,0,2,0,40960,23,5960934258
7373,216879851,5196,216885047,0,1,1,13312,36,3907454699
7374,216929417,1042,216930459,0,9,1,1024,32,1175484204
7375,217091709,1518,217093227,0,9,1,1536,32,3154294090
7376,217106137,95107,217201244,0,3,0,24576,11,4973590379
7377,217127310,43904,217171214,0,3,0,512,11,8407871144
7378,217159183,89168,217248351,0,3,0,23040,11,247987629
7379,217177879,4374,217182253,0,9,1,4608,32,10227932151
7380,217226038,101972,217328010,0,2,0,34816,23,5394191054
7381,217270652,2470,217273122,0,9,1,2560,32,9022490569
7382,217271044,100256,217371300,0,3,0,29184,11,5444332359
7383,217303129,1042,217304171,0,1,1,1024,36,6362633105
7384,217318890,1042,217319932,0,1,1,1024,36,5504016647
7385,217360544,10771,217371315,0,3,1,7168,11,4000098198
7386,217366303,113048,217479351,0,2,0,71168,23,3671264678
7387,217372787,7706,217380493,0,9,1,8192,32,6014855317
7388,217428587,102596,217531183,0,8,0,36864,3,5351056330
7389,217499718,7230,217506948,0,1,1,7680,36,5112438040
7390,217541404,43904,217585308,0,6,0,512,42,8585525134
7391,217553279,102752,217656031,0,2,0,37376,23,7170821327
7392,217576129,43904,217620033,0,6,0,512,42,10546871921
7393,217599679,43904,217643583,0,6,0,512,42,4614861950
7394,217613247,1994,217615241,0,9,1,2048,32,5408103788
7395,217696544,69152,217765696,0,2,0,12800,23,8759723410
7396,217699712,199484,217899196,0,3,0,193536,11,5013668131
7397,217715103,2946,217718049,0,0,1,3072,17,1682857172
7398,217716706,3128,217719834,0,0,1,9216,17,6159655843
7399,217722844,4420,217727264,0,9,1,11776,32,6368990542
7400,217748007,1994,217750001,0,0,1,2048,17,7099207083
7401,217753548,13600,217767148,0,0,1,23040,17,2491923564
7402,217769956,129116,217899072,0,2,0,123904,23,3436861816
7403,217821968,4374,217826342,0,0,1,4608,17,9290643640
7404,217849711,47288,217896999,0,6,0,1536,42,10413038754
7405,217882433,12308,217894741,0,0,1,20480,17,3185100313
7406,217893348,1518,217894866,0,9,1,1536,32,5033284642
7407,217902741,45596,217948337,0,6,0,1024,42,9822590800
7408,217907344,21141,217928485,0,0,1,34304,17,4637684161
7409,218034522,101348,218135870,0,3,0,32768,11,6760376180
7410,218071585,1518,218073103,0,0,1,1536,17,2902826308
7411,218101301,43904,218145205,0,6,0,512,42,1078638421
7412,218138111,3898,218142009,0,0,1,4096,17,5387784110
7413,218216573,117728,218334301,0,3,0,86528,11,3173355249
7414,218291607,115700,218407307,0,3,0,79872,11,10238419900
7415,218308122,1518,218309640,0,9,1,1536,32,2940918510
7416,218361096,112112,218473208,0,2,0,68096,23,4735238506
7417,218369751,1042,218370793,0,4,1,1024,44,9909784930
7418,218411790,122408,218534198,0,8,0,101888,3,4787457378
7419,218444080,566,218444646,0,9,1,512,32,9630774951
7420,218504006,2870,218506876,0,0,1,8704,17,7368065867
7421,218524116,120536,218644652,0,3,0,95744,11,8749686462
7422,218585145,2470,218587615,0,4,1,2560,44,8221640257
7423,218661422,566,218661988,0,4,1,512,44,525071780
7424,218732577,124124,218856701,0,3,0,107520,11,4626444170
7425,218749472,7230,218756702,0,4,1,7680,44,534766405
7426,218823150,101348,218924498,0,2,0,32768,23,4239601440
7427,218888434,106652,218995086,0,5,0,50176,19,7182818538
7428,218908224,4374,218912598,0,3,1,4608,11,10690524632
7429,218916035,3422,218919457,0,0,1,3584,17,8682410168
7430,218983916,124630,219108546,0,3,0,46080,11,7833995505
7431,219000326,3128,219003454,0,3,1,9216,11,517014690
7432,219018367,1042,219019409,0,4,1,1024,44,4991983976
7433,219052005,3422,219055427,0,9,1,3584,32,3187332644
7434,219101426,14342,219115768,0,3,1,7680,11,6141513363
7435,219137751,189032,219326783,0,3,0,159232,11,10359663062
7436,219174821,3898,219178719,0,4,1,4096,44,8561804466
7437,219221309,45752,219267061,0,8,0,1536,3,4340736029
7438,219222746,1994,219224740,0,0,1,2048,17,9352603572
7439,219239159,89355,219328514,0,3,0,5632,11,5789754809
7440,219290332,3898,219294230,0,6,1,4096,42,2171865569
7441,219356760,1042,219357802,0,3,1,1024,11,4843290205
7442,219387204,82556,219469760,0,3,0,21504,11,1891420716
7443,219400830,1518,219402348,0,6,1,1536,42,3111288929
7444,219421988,98228,219520216,0,2,0,22528,23,765520415
7445,219434619,105560,219540179,0,3,0,46592,11,6595723696
7446,219458776,3645,219462421,0,0,1,10240,17,1186874548
7447,219488695,3387,219492082,0,3,1,9728,11,7546248261
7448,219577700,3904,219581604,0,6,1,10752,42,6286544648
7449,219589950,2470,219592420,0,6,1,2560,42,893705478
7450,219641378,2946,219644324,0,4,1,3072,44,735450103
7451,219663398,4374,219667772,0,0,1,4608,17,5463697908
7452,219675139,5326,219680465,0,4,1,5632,44,2569358825
7453,219683810,99788,219783598,0,2,0,27648,23,5548469960
7454,219765034,1042,219766076,0,3,1,1024,11,7732229132
7455,219783156,3645,219786801,0,0,1,10240,17,3631106496
7456,219846343,1042,219847385,0,4,1,1024,44,1922121160
7457,219862922,5712,219868634,0,0,1,14336,17,2145958212
7458,219938571,10499,219949070,0,4,1,16896,44,2683669627
7459,219942051,7685,219949736,0,4,1,1024,44,7931500239
7460,219985384,167168,220152552,0,8,0,147968,3,9544398095
7461,219986682,101816,220088498,0,2,0,34304,23,2540314402
7462,220043599,1042,220044641,0,0,1,1024,17,6691610855
7463,220105227,98696,220203923,0,2,0,24064,23,8970276371
7464,220153294,3898,220157192,0,0,1,4096,17,5884323760
7465,220161537,67304,220228841,0,2,0,11776,23,3144009425
7466,220205221,107900,220313121,0,3,0,54272,11,9497607516
7467,220279736,3422,220283158,0,0,1,3584,17,4613602353
7468,220300067,566,220300633,0,4,1,512,44,6256407002
7469,220310378,108607,220418985,0,3,0,47616,11,5342903062
7470,220339270,566,220339836,0,3,1,512,11,5705630996
7471,220371173,6754,220377927,0,0,1,7168,17,3313917434
7472,220374545,3741,220378286,0,0,1,9728,17,5935766277
7473,220382964,90548,220473512,0,2,0,22528,23,8605137003
7474,220400131,1042,220401173,0,3,1,1024,11,5761162457
7475,220406111,82976,220489087,0,2,0,12800,23,590008319
7476,220435171,1994,220437165,0,3,1,2048,11,5387884971
7477,220461094,48980,220510074,0,2,0,2048,23,8022024655
7478,220480852,45596,220526448,0,2,0,1024,23,7649671649
7479,220683796,92372,220776168,0,3,0,18432,11,2961567938
7480,220691562,1518,220693080,0,3,1,1536,11,3573948857
7481,220729668,5326,220734994,0,0,1,5632,17,5545786706
7482,220805115,1994,220807109,0,8,1,2048,3,6587245596
7483,220821144,56216,220877360,0,3,0,5632,11,797917336
7484,220822108,566,220822674,0,4,1,512,44,10182073894
7485,220840978,2946,220843924,0,4,1,3072,44,2215505711
7486,220861075,13858,220874933,0,3,1,23552,11,7329721894
7487,220870132,86204,220956336,0,3,0,13312,11,1231021731
7488,220877022,1518,220878540,0,5,1,1536,19,9166658250
7489,220940972,75164,221016136,0,3,0,17408,11,7843988971
7490,220959632,45596,221005228,0,2,0,1024,23,8652638991
7491,221019992,1518,221021510,0,3,1,1536,11,4754829376
7492,221046251,3422,221049673,0,8,1,3584,3,8249760747
7493,221073256,566,221073822,0,3,1,512,11,5413457224
7494,221121682,72668,221194350,0,3,0,9216,11,5570940105
7495,221124661,1042,221125703,0,3,1,1024,11,3147622800
7496,221140210,5802,221146012,0,0,1,6144,17,2898432915
7497,221140609,6069,221146678,0,0,1,1024,17,3768613300
7498,221175937,43904,221219841,0,2,0,512,23,1409162822
7499,221176254,3898,221180152,0,8,1,4096,3,9307137460
7500,221184571,94244,221278815,0,3,0,24576,11,9901063967
7501,221186098,4374,221190472,0,0,1,4608,17,6178713035
7502,221220155,1042,221221197,0,5,1,1024,19,5903044165
7503,221232361,3898,221236259,0,8,1,4096,3,1675785695
7504,221237208,1994,221239202,0,0,1,2048,17,102993493
7505,221277468,3333,221280801,0,3,1,2048,11,6201832986
7506,221301872,82064,221383936,0,3,0,14848,11,1880550921
7507,221319178,5326,221324504,0,3,1,5632,11,7545455423
7508,221325377,3422,221328799,0,3,1,3584,11,1455759599
7509,221325901,78704,221404605,0,8,0,18944,3,2538597646
7510,221335406,3422,221338828,0,1,1,3584,36,4813774859
7511,221363171,4850,221368021,0,0,1,5120,17,9868224137
7512,221383815,4275,221388090,0,3,1,11264,11,6226359032
7513,221410207,98778,221508985,0,3,0,2048,11,6906020485
7514,221410674,7706,221418380,0,3,1,8192,11,4459021146
7515,221430329,2470,221432799,0,5,1,2560,19,10010262699
7516,221447225,2470,221449695,0,1,1,2560,36,1550943727
7517,221451257,6754,221458011,0,1,1,7168,36,3582310340
7518,221452125,7192,221459317,0,1,1,2048,36,6724842211
7519,221515810,3422,221519232,0,8,1,3584,3,1462216793
7520,221516956,5971,221522927,0,0,1,14848,17,2223000616
7521,221524745,2946,221527691,0,1,1,3072,36,1919226411
7522,221609549,566,221610115,0,0,1,512,17,8517542951
7523,221615243,43904,221659147,0,2,0,512,23,9440678592
7524,221645234,202292,221847526,0,8,0,202752,3,2075197796
7525,221674924,1994,221676918,0,1,1,2048,36,8790386941
7526,221688380,52364,221740744,0,2,0,3072,23,10330855892
7527,221700897,1042,221701939,0,8,1,1024,3,1825162164
7528,221746145,566,221746711,0,8,1,512,3,6868302126
7529,221775485,4850,221780335,0,1,1,5120,36,5378515666
7530,221806936,46860,221853796,0,8,1,6656,3,8207868448
7531,221866698,566,221867264,0,3,1,512,11,9591010573
7532,221921242,2470,221923712,0,4,1,2560,44,5277233119
7533,221926151,245331,222171482,0,8,0,190464,3,2087772839
7534,221962894,59132,222022026,0,0,0,5120,17,493921716
7535,222068551,2946,222071497,0,0,1,3072,17,5523901480
7536,222081079,5326,222086405,0,4,1,5632,44,9457735828
7537,222092838,108524,222201362,0,8,0,56320,3,4454684642
7538,222105434,43904,222149338,0,2,0,512,23,328622078
7539,222130672,1042,222131714,0,5,1,1024,19,7730623064
7540,222157123,6754,222163877,0,5,1,7168,19,1174077813
7541,222220717,54056,222274773,0,8,0,3584,3,9345470290
7542,222280439,566,222281005,0,1,1,512,36,1389172339
7543,222289869,3904,222293773,0,0,1,10752,17,10241065843
7544,222308438,4162,222312600,0,4,1,11264,44,7442220210
7545,222339084,45596,222384680,0,2,0,1024,23,6604238125
7546,222341621,99476,222441097,0,0,0,26624,17,2515392076
7547,222350913,101192,222452105,0,0,0,32256,17,8395843728
7548,222417193,58688,222475881,0,3,0,8704,11,2134699990
7549,222419823,3422,222423245,0,0,1,3584,17,3779466511
7550,222427968,14287,222442255,0,1,1,27648,36,5875037231
7551,222444726,566,222445292,0,4,1,512,44,10494158707
7552,222507882,106808,222614690,0,8,0,50688,3,5638994927
7553,222510991,43904,222554895,0,2,0,512,23,3380771113
7554,222551181,2470,222553651,0,3,1,2560,11,8965018802
7555,222555976,4850,222560826,0,4,1,5120,44,2685526870
7556,222618982,2946,222621928,0,0,1,3072,17,8718574115
7557,222621964,103376,222725340,0,0,0,39424,17,1151218821
7558,222637934,2946,222640880,0,4,1,3072,44,9560134511
7559,222650643,5326,222655969,0,4,1,5632,44,353570140
7560,222656917,129740,222786657,0,3,0,125952,11,5187341757
7561,222660323,3422,222663745,0,0,1,3584,17,1125862618
7562,222666910,3898,222670808,0,4,1,4096,44,556443197
7563,222784095,2946,222787041,0,5,1,3072,19,8380009786
7564,222792237,1518,222793755,0,0,1,1536,17,10402485697
7565,222860007,1518,222861525,0,5,1,1536,19,2727549199
7566,222863523,2946,222866469,0,7,1,3072,33,7505239446
7567,222880470,93464,222973934,0,8,0,22016,3,3172245297
7568,222921427,73136,222994563,0,0,0,10752,17,4607524219
7569,222938248,5802,222944050,0,1,1,6144,36,8694051220
7570,223045691,1994,223047685,0,5,1,2048,19,4401209365
7571,223049787,167612,223217399,0,0,0,144384,17,7025436648
7572,223089178,127088,223216266,0,3,0,117248,11,2688091292
7573,223142567,6278,223148845,0,1,1,6656,36,3387369129
7574,223168481,43904,223212385,0,2,0,512,23,4529778553
7575,223230918,1994,223232912,0,5,1,2048,19,7279364965
7576,223245058,5196,223250254,0,4,1,13312,44,7747642010
7577,223245226,45596,223290822,0,2,0,1024,23,9562090270
7578,223247522,5196,223252718,0,1,1,13312,36,3503847658
7579,223323212,4162,223327374,0,5,1,11264,19,6004951205
7580,223330134,13858,223343992,0,1,1,23552,36,3326297088
7581,223345975,4374,223350349,0,0,1,4608,17,6036550635
7582,223350600,13341,223363941,0,5,1,22528,19,6113075435
7583,223474482,1994,223476476,0,1,1,2048,36,5473967547
7584,223522994,1518,223524512,0,1,1,1536,36,8247973661
7585,223541969,3898,223545867,0,1,1,4096,36,8425468764
7586,223542963,1042,223544005,0,4,1,1024,44,3696361319
7587,223548985,68684,223617669,0,0,0,11264,17,1285302425
7588,223554392,1518,223555910,0,1,1,1536,36,7391291251
7589,223559773,1042,223560815,0,5,1,1024,19,109164888
7590,223561919,5802,223567721,0,4,1,6144,44,3007512151
7591,223565054,5893,223570947,0,4,1,5120,44,918384226
7592,223610658,2946,223613604,0,0,1,3072,17,8548374132
7593,223621213,5802,223627015,0,4,1,6144,44,3020833025
7594,223628298,13341,223641639,0,0,1,22528,17,7349956974
7595,223657345,2946,223660291,0,0,1,3072,17,1927376183
7596,223676261,58688,223734949,0,0,0,8704,17,1509522871
7597,223688891,114920,223803811,0,8,0,77312,3,1774979396
7598,223691995,1518,223693513,0,0,1,1536,17,1015557561
7599,223761303,1994,223763297,0,5,1,2048,19,2328036514
7600,223801051,59132,223860183,0,3,0,5120,11,5412767729
7601,223802881,2470,223805351,0,0,1,2560,17,1106469197
7602,223807049,1518,223808567,0,1,1,1536,36,2729624705
7603,223811029,1042,223812071,0,5,1,1024,19,9517607747
7604,223851950,3422,223855372,0,1,1,3584,36,5884144318
7605,223856918,2470,223859388,0,5,1,2560,19,7307299325
7606,223866779,43904,223910683,0,2,0,512,23,10180484192
7607,223869676,5326,223875002,0,0,1,5632,17,3497431825
7608,224008663,566,224009229,0,5,1,512,19,4961419835
7609,224041207,67592,224108799,0,3,0,7680,11,8658755274
7610,224044473,1518,224045991,0,0,1,1536,17,9856724922
7611,224065737,66080,224131817,0,0,0,12800,17,2888344371
7612,224072083,2946,224075029,0,2,1,3072,23,3870970830
7613,224117617,1042,224118659,0,5,1,1024,19,3288853144
7614,224185872,108836,224294708,0,0,0,57344,17,8193195851
7615,224200093,566,224200659,0,5,1,512,19,3141295446
7616,224202242,5196,224207438,0,5,1,13312,19,981339312
7617,224257359,87452,224344811,0,3,0,17408,11,10619026881
7618,224344488,1994,224346482,0,1,1,2048,36,7617841380
7619,224386239,5326,224391565,0,0,1,5632,17,6223618361
7620,224416519,128180,224544699,0,8,0,120832,3,9850803836
7621,224451391,110084,224561475,0,3,0,61440,11,7232644718
7622,224475928,4937,224480865,0,1,1,12800,36,5011956806
7623,224497537,1518,224499055,0,1,1,1536,36,7765172061
7624,224553553,4850,224558403,0,1,1,5120,36,4405795579
7625,224573422,1994,224575416,0,0,1,2048,17,1718745314
7626,224625397,101972,224727369,0,3,0,34816,11,4724977152
7627,224631233,114764,224745997,0,0,0,76800,17,10228146829
7628,224631992,1042,224633034,0,1,1,1024,36,3090484286
7629,224688330,3898,224692228,0,0,1,4096,17,9927934480
7630,224699515,1994,224701509,0,0,1,2048,17,2067008459
7631,224725841,3898,224729739,0,1,1,4096,36,4850068572
7632,224727824,18731,224746555,0,0,1,512,17,5919787440
7633,224783660,566,224784226,0,1,1,512,36,2228185558
7634,224835770,45596,224881366,0,2,0,1024,23,1659684393
7635,224932419,106808,225039227,0,8,0,50688,3,2939166595
7636,224955052,4374,224959426,0,0,1,4608,17,9667351239
7637,224963468,6278,224969746,0,0,1,6656,17,9016813403
7638,224967520,2946,224970466,0,1,1,3072,36,4130972737
7639,224999960,67616,225067576,0,8,0,12800,3,3974989684
7640,225015400,3898,225019298,0,0,1,4096,17,10614729053
7641,225062574,566,225063140,0,0,1,512,17,6179613994
7642,225066512,2470,225068982,0,6,1,2560,42,6158833197
7643,225086521,3128,225089649,0,1,1,9216,36,125720919
7644,225087772,3422,225091194,0,6,1,3584,42,9968093099
7645,225092616,3898,225096514,0,0,1,4096,17,10117328831
7646,225142481,5802,225148283,0,6,1,6144,42,3403137730
7647,225170551,3898,225174449,0,0,1,4096,17,7366618914
7648,225189225,107120,225296345,0,2,0,51712,23,4248620658
7649,225206514,60536,225267050,0,2,0,9728,23,410550070
7650,225226663,69284,225295947,0,8,0,8192,3,2496194432
7651,225257684,4374,225262058,0,7,1,4608,33,8741429141
7652,225409657,1042,225410699,0,0,1,1024,17,1827284839
7653,225410952,5802,225416754,0,1,1,6144,36,3811704218
7654,225413952,4428,225418380,0,1,1,2560,36,3032050798
7655,225444420,107900,225552320,0,2,0,54272,23,8857672270
7656,225520419,64208,225584627,0,3,0,6656,11,8356356143
7657,225542169,3898,225546067,0,0,1,4096,17,7921960116
7658,225546713,10499,225557212,0,0,1,16896,17,7877883269
7659,225579493,121316,225700809,0,8,0,98304,3,6427015160
7660,225585446,72668,225658114,0,0,0,9216,17,6536574049
7661,225649132,4850,225653982,0,0,1,5120,17,2927581618
7662,225657171,2929,225660100,0,0,1,2048,17,2223433394
7663,225660716,11533,225672249,0,6,1,18944,42,9235604788
7664,225722596,3128,225725724,0,1,1,9216,36,6148419718
7665,225752843,4679,225757522,0,6,1,12288,42,5945091077
7666,225765359,13512,225778871,0,0,1,26112,17,9775230768
7667,225803071,12737,225815808,0,1,1,24576,36,4330730823
7668,225845500,7230,225852730,0,7,1,7680,33,8278051439
7669,225890150,99632,225989782,0,2,0,27136,23,2915284569
7670,225926130,98408,226024538,0,0,0,28160,17,10447415612
7671,225930993,1042,225932035,0,5,1,1024,19,433438148
7672,225958105,14117,225972222,0,7,1,24064,33,8276130598
7673,225962682,16316,225978998,0,7,1,26112,33,10365767477
7674,225990804,100724,226091528,0,8,0,30720,3,3159448012
7675,226003353,86360,226089713,0,3,0,13824,11,878941798
7676,226005395,566,226005961,0,6,1,512,42,9960342592
7677,226028634,4850,226033484,0,7,1,5120,33,1741716651
7678,226070794,2946,226073740,0,1,1,3072,36,2103323577
7679,226088467,1518,226089985,0,5,1,1536,19,2321263617
7680,226143439,566,226144005,0,5,1,512,19,1894096504
7681,226166976,566,226167542,0,0,1,512,17,9393217207
7682,226221486,3422,226224908,0,6,1,3584,42,1572731265
7683,226226487,5802,226232289,0,4,1,6144,44,6990793321
7684,226245625,101504,226347129,0,2,0,33280,23,9510147247
7685,226279966,3645,226283611,0,7,1,10240,33,710817870
7686,226301039,2946,226303985,0,5,1,3072,19,9109019308
7687,226309276,108056,226417332,0,3,0,54784,11,5052234670
7688,226393893,112563,226506456,0,3,0,47616,11,2074747254
7689,226417121,2470,226419591,0,1,1,2560,36,1980175871
7690,226463008,86516,226549524,0,0,0,14336,17,4610531428
7691,226467402,127400,226594802,0,2,0,118272,23,3458908598
7692,226485353,106028,226591381,0,3,0,48128,11,5465002627
7693,226487428,2946,226490374,0,0,1,3072,17,8841486760
7694,226500950,2870,226503820,0,1,1,8704,36,8723217344
7695,226505386,4162,226509548,0,6,1,11264,42,5043075814
7696,226524854,129401,226654255,0,3,0,51712,11,7945962067
7697,226573456,79772,226653228,0,0,0,17408,17,6995867560
7698,226629051,1518,226630569,0,7,1,1536,33,1211899311
7699,226649840,97604,226747444,0,8,0,20480,3,8631662682
7700,226665294,4937,226670231,0,7,1,12800,33,5601154194
7701,226687564,12308,226699872,0,7,1,20480,33,8545573162
7702,226703071,6754,226709825,0,1,1,7168,36,5564063153
7703,226721351,106028,226827379,0,2,0,48128,23,10707406258
7704,226738394,78548,226816942,0,0,0,18432,17,2915315663
7705,226744950,4679,226749629,0,7,1,12288,33,1970518559
7706,226766439,3898,226770337,0,4,1,4096,44,8276803352
7707,226783835,7706,226791541,0,4,1,8192,44,2337984691
7708,226839650,107744,226947394,0,2,0,53760,23,9579346972
7709,226877199,96512,226973711,0,3,0,16896,11,8277686396
7710,226936595,124830,227061425,0,3,0,76800,11,6950451469
7711,227021092,71019,227092111,0,3,0,6656,11,10118661166
7712,227021379,108836,227130215,0,8,0,57344,3,3588685635
7713,227031446,566,227032012,0,6,1,512,42,5301810297
7714,227119107,6278,227125385,0,6,1,6656,42,1269723620
7715,227133686,1042,227134728,0,7,1,1024,33,8200068423
7716,227152274,110396,227262670,0,0,0,62464,17,562229483
7717,227155027,566,227155593,0,9,1,512,32,1303411891
7718,227180834,114422,227295256,0,0,0,27136,17,8759104961
7719,227215295,101036,227316331,0,8,0,31744,3,10247670864
7720,227217696,2946,227220642,0,4,1,3072,44,7125754195
7721,227284436,1518,227285954,0,4,1,1536,44,1686829129
7722,227303185,118196,227421381,0,3,0,88064,11,2116592361
7723,227349534,105404,227454938,0,0,0,46080,17,6947917604
7724,227388989,3898,227392887,0,2,1,4096,23,3392805737
7725,227416208,1042,227417250,0,6,1,1024,42,7198992207
7726,227426589,5802,227432391,0,4,1,6144,44,1340231312
7727,227463080,1994,227465074,0,1,1,2048,36,7230252093
7728,227491127,566,227491693,0,9,1,512,32,1933698202
7729,227497031,3898,227500929,0,9,1,4096,32,8418731442
7730,227552105,5326,227557431,0,6,1,5632,42,1174998704
7731,227553576,6278,227559854,0,1,1,6656,36,6811550586
7732,227562047,7706,227569753,0,6,1,8192,42,5716127965
7733,227568083,200108,227768191,0,3,0,195584,11,9804897121
7734,227618323,6229,227624552,0,6,1,15360,42,8511892043
7735,227629322,3898,227633220,0,6,1,4096,42,4153393367
7736,227656600,112268,227768868,0,2,0,68608,23,4196611184
7737,227713787,1042,227714829,0,1,1,1024,36,6286214947
7738,227741462,3422,227744884,0,6,1,3584,42,7333902614
7739,227768671,3422,227772093,0,1,1,3584,36,156308369
7740,227788383,3645,227792028,0,6,1,10240,42,10084040496
7741,227795948,6754,227802702,0,6,1,7168,42,8393633225
7742,227804270,11791,227816061,0,6,1,19456,42,10167847236
7743,227810328,6706,227817034,0,6,1,12800,42,8044227772
7744,227818657,4937,227823594,0,6,1,12800,42,8298287785
7745,227837545,7230,227844775,0,6,1,7680,42,6740493000
7746,227910371,5802,227916173,0,1,1,6144,36,8955371887
7747,227938047,49292,227987339,0,2,0,3072,23,1662403262
7748,227946264,566,227946830,0,2,1,512,23,10193193670
7749,227950768,124648,228075416,0,1,0,2048,36,6189018236
7750,227951069,1042,227952111,0,1,1,1024,36,3183343839
7751,227998463,7706,228006169,0,2,1,8192,23,4056702367
7752,228060085,3898,228063983,0,1,1,4096,36,2094948155
7753,228128921,92206,228221127,0,0,0,14848,17,585456544
7754,228142228,74360,228216588,0,0,0,9728,17,3199256360
7755,228151829,110552,228262381,0,7,0,62976,33,8811395673
7756,228241530,83936,228325466,0,0,0,20992,17,2216340296
7757,228271368,2946,228274314,0,9,1,3072,32,2506836061
7758,228289050,4374,228293424,0,9,1,4608,32,10695124159
7759,228313181,1042,228314223,0,2,1,1024,23,4307709682
7760,228394356,4374,228398730,0,1,1,4608,36,6393975058
7761,228440488,108056,228548544,0,0,0,54784,17,520846694
7762,228450827,2946,228453773,0,2,1,3072,23,317425793
7763,228488861,2946,228491807,0,9,1,3072,32,665870739
7764,228503102,87920,228591022,0,3,0,18944,11,7964812306
7765,228585736,121914,228707650,0,3,0,82944,11,1803523480
7766,228597281,117560,228714841,0,3,0,23552,11,3504558124
7767,228613518,10241,228623759,0,1,1,16384,36,8509258939
7768,228631530,4374,228635904,0,9,1,4608,32,8206304961
7769,228667848,3898,228671746,0,2,1,4096,23,8788475546
7770,228688700,4850,228693550,0,2,1,5120,23,3812784842
7771,228726724,3645,228730369,0,9,1,10240,32,3689709824
7772,228729718,81128,228810846,0,0,0,11776,17,349708520
7773,228743365,91460,228834825,0,3,0,20480,11,8002741360
7774,228759477,2946,228762423,0,7,1,3072,33,5452411425
7775,228766809,101348,228868157,0,2,0,32768,23,5498355414
7776,228770214,78392,228848606,0,2,0,17920,23,8015357320
7777,228812639,4374,228817013,0,7,1,4608,33,6731252033
7778,228813234,7005,228820239,0,7,1,5120,33,3233577757
7779,228840111,1994,228842105,0,2,1,2048,23,8289853809
7780,228910083,1518,228911601,0,1,1,1536,36,2565672996
7781,228938216,1042,228939258,0,2,1,1024,23,10534945820
7782,228950893,5326,228956219,0,7,1,5632,33,1195910518
7783,229011826,7230,229019056,0,1,1,7680,36,9568128288
7784,229013181,8141,229021322,0,1,1,3584,36,10163643053
7785,229021095,1994,229023089,0,9,1,2048,32,6832185191
7786,229021770,5326,229027096,0,7,1,5632,33,9049039573
7787,229092001,14287,229106288,0,1,1,27648,36,8542118093
7788,229093705,1518,229095223,0,7,1,1536,33,4460462737
7789,229154100,102752,229256852,0,3,0,37376,11,7197138800
7790,229164042,89612,229253654,0,0,0,19456,17,3828478308
7791,229173224,4850,229178074,0,7,1,5120,33,8565308903
7792,229199117,57440,229256557,0,7,0,4608,33,9440427403
7793,229201822,1042,229202864,0,7,1,1024,33,10144905243
7794,229204647,112268,229316915,0,2,0,68608,23,4981033075
7795,229234067,4850,229238917,0,7,1,5120,33,10734556399
7796,229251618,3422,229255040,0,7,1,3584,33,7835641677
7797,229264471,1042,229265513,0,7,1,1024,33,2989960398
7798,229267223,2470,229269693,0,9,1,2560,32,4545576709
7799,229272847,102440,229375287,0,3,0,36352,11,4392839892
7800,229341051,35054,229376105,0,5,1,61440,19,10689177957
7801,229353194,103376,229456570,0,0,0,39424,17,853884453
7802,229353842,6754,229360596,0,7,1,7168,33,6711170758
7803,229354785,98384,229453169,0,3,0,23040,11,2046168701
7804,229359255,105560,229464815,0,2,0,46592,23,5821052843
7805,229378157,87297,229465454,0,2,0,2048,23,4187166174
7806,229430838,12566,229443404,0,9,1,20992,32,3385345333
7807,229466406,15579,229481985,0,5,1,30208,19,9648752199
7808,229471575,3645,229475220,0,7,1,10240,33,915420130
7809,229485438,566,229486004,0,8,1,512,3,1287500002
7810,229521327,4162,229525489,0,8,1,11264,3,9666223350
7811,229556290,4374,229560664,0,9,1,4608,32,5090171942
7812,229602419,2470,229604889,0,8,1,2560,3,7093971269
7813,229631850,72668,229704518,0,0,0,9216,17,4838939463
7814,229633151,140019,229773170,0,0,0,73216,17,7915829027
7815,229643296,1518,229644814,0,3,1,1536,11,1360800515
7816,229659164,99320,229758484,0,2,0,26112,23,4600083805
7817,229700054,186068,229886122,0,2,0,149504,23,7507768794
7818,229721079,3422,229724501,0,1,1,3584,36,7203028561
7819,229726229,2946,229729175,0,6,1,3072,42,9318706052
7820,229759109,1518,229760627,0,8,1,1536,3,9022869975
7821,229775160,109304,229884464,0,7,0,58880,33,10530472973
7822,229818397,2470,229820867,0,7,1,2560,33,1787575185
7823,229844714,95545,229940259,0,5,1,159232,19,3473876293
7824,229866182,207151,230073333,0,7,0,151040,33,5947979970
7825,229876325,566,229876891,0,1,1,512,36,2514535038
7826,229886651,7230,229893881,0,7,1,7680,33,5879772283
7827,229892541,3645,229896186,0,3,1,10240,11,5313080093
7828,229930647,1042,229931689,0,1,1,1024,36,4708047645
7829,229939110,1994,229941104,0,8,1,2048,3,8923164144
7830,229980235,79460,230059695,0,3,0,16384,11,1429922005
7831,229994633,6278,230000911,0,7,1,6656,33,8857951824
7832,230006407,130238,230136645,0,3,0,40960,11,8498961861
7833,230007273,57440,230064713,0,0,0,4608,17,9015046018
7834,230014652,72668,230087320,0,0,0,9216,17,3244429733
7835,230028326,4850,230033176,0,1,1,5120,36,6019259240
7836,230028401,47394,230075795,0,7,1,2560,33,6473885856
7837,230043130,1518,230044648,0,8,1,1536,3,4794090890
7838,230079597,2470,230082067,0,8,1,2560,3,9192915870
7839,230088132,1994,230090126,0,7,1,2048,33,1377019759
7840,230104379,75320,230179699,0,3,0,17920,11,4058355277
7841,230106265,1994,230108259,0,7,1,2048,33,9922822768
7842,230126764,54212,230180976,0,0,0,4096,17,3929352760
7843,230159213,4850,230164063,0,1,1,5120,36,8452471912
7844,230161638,1994,230163632,0,8,1,2048,3,721382525
7845,230169854,1518,230171372,0,7,1,1536,33,10432847702
7846,230172481,100880,230273361,0,7,0,31232,33,8453148658
7847,230195602,77744,230273346,0,0,0,10752,17,4575525186
7848,230218599,1994,230220593,0,8,1,2048,3,4736789218
7849,230259711,1042,230260753,0,1,1,1024,36,4745100669
7850,230264498,57880,230322378,0,0,0,3072,17,7630024317
7851,230271113,45596,230316709,0,2,0,1024,23,4710167848
7852,230308725,50672,230359397,0,3,0,2560,11,5684377399
7853,230353142,113984,230467126,0,0,0,74240,17,4518303244
7854,230448876,2946,230451822,0,8,1,3072,3,7669493830
7855,230450519,4850,230455369,0,1,1,5120,36,5647115212
7856,230460275,40616,230500891,0,5,1,65536,19,4455556203
7857,230485345,27400,230512745,0,5,1,40448,19,7733684573
7858,230496670,67928,230564598,0,2,0,13824,23,4647107121
7859,230500902,23725,230524627,0,5,1,39424,19,6070743066
7860,230562841,566,230563407,0,8,1,512,3,6002847271
7861,230572779,103844,230676623,0,2,0,40960,23,616887202
7862,230606362,1042,230607404,0,1,1,1024,36,10199283721
7863,230625049,10757,230635806,0,5,1,17408,19,9394840951
7864,230657343,566,230657909,0,7,1,512,33,6923828574
7865,230695036,3645,230698681,0,1,1,10240,36,8901982773
7866,230723594,43716,230767310,0,5,1,71680,19,102717400
7867,230728315,566,230728881,0,8,1,512,3,9416605859
7868,230738289,4420,230742709,0,8,1,11776,3,4286677437
7869,230769511,102284,230871795,0,7,0,35840,33,8518127809
7870,230776423,4850,230781273,0,7,1,5120,33,9460867270
7871,230813679,3387,230817066,0,7,1,9728,33,2412154663
7872,230823158,4850,230828008,0,1,1,5120,36,8034471653
7873,230867736,1994,230869730,0,8,1,2048,3,3444548817
7874,230880139,85448,230965587,0,3,0,15872,11,2451044953
7875,230934264,6754,230941018,0,7,1,7168,33,52173434
7876,230955462,1518,230956980,0,1,1,1536,36,10630769697
7877,230976154,119132,231095286,0,3,0,91136,11,9381894375
7878,230999414,45752,231045166,0,2,0,1536,23,3436702781
7879,231005377,4162,231009539,0,7,1,11264,33,2868302873
7880,231024862,6488,231031350,0,7,1,15872,33,9951908580
7881,231026988,1042,231028030,0,8,1,1024,3,2339587372
7882,231096911,102752,231199663,0,0,0,37376,17,9864328374
7883,231106764,1994,231108758,0,1,1,2048,36,7919382393
7884,231130283,566,231130849,0,7,1,512,33,4305362677
7885,231218559,2470,231221029,0,7,1,2560,33,3404740838
7886,231235070,65900,231300970,0,0,0,7168,17,7791431880
7887,231252656,1994,231254650,0,1,1,2048,36,8221124859
7888,231268540,4850,231273390,0,7,1,5120,33,5191465308
7889,231330824,2470,231333294,0,4,1,2560,44,5525082362
7890,231338107,72668,231410775,0,2,0,9216,23,5391851553
7891,231344387,2870,231347257,0,1,1,8704,36,4221677887
7892,231377316,110396,231487712,0,7,0,62464,33,8850069410
7893,231382393,4937,231387330,0,1,1,12800,36,4636759746
7894,231486433,4420,231490853,0,4,1,11776,44,10104870538
7895,231494112,4374,231498486,0,1,1,4608,36,9019398950
7896,231495274,59132,231554406,0,2,0,5120,23,8323363105
7897,231496564,5971,231502535,0,1,1,14848,36,4836719800
7898,231511382,69752,231581134,0,7,0,9728,33,2894184815
7899,231517359,83431,231600790,0,7,0,8704,33,117109363
7900,231524682,6754,231531436,0,1,1,7168,36,8613409368
7901,231529430,54056,231583486,0,3,0,3584,11,10323229995
7902,231552019,1518,231553537,0,1,1,1536,36,1105493877
7903,231578900,111374,231690274,0,7,0,58368,33,7316390070
7904,231601748,7706,231609454,0,7,1,8192,33,4867332184
7905,231610382,2470,231612852,0,2,1,2560,23,8011262014
7906,231622479,3387,231625866,0,8,1,9728,3,9734777792
7907,231632395,45596,231677991,0,0,0,1024,17,8220718932
7908,231653111,3422,231656533,0,7,1,3584,33,6861533930
7909,231693129,566,231693695,0,8,1,512,3,5540556991
7910,231714598,106028,231820626,0,7,0,48128,33,5128656779
7911,231718102,566,231718668,0,4,1,512,44,4058898123
7912,231728630,2470,231731100,0,7,1,2560,33,194362721
7913,231756038,1518,231757556,0,1,1,1536,36,4942818145
7914,231771800,6754,231778554,0,4,1,7168,44,9594594684
7915,231773786,65900,231839686,0,7,0,7168,33,5025694853
7916,231793365,2946,231796311,0,1,1,3072,36,10000243911
7917,231876701,566,231877267,0,4,1,512,44,8073199863
7918,231878361,4850,231883211,0,4,1,5120,44,10111723488
7919,231892047,4162,231896209,0,7,1,11264,33,374244215
7920,231900169,4374,231904543,0,7,1,4608,33,10641367168
7921,231907917,48980,231956897,0,2,0,2048,23,5889737738
7922,231939025,1994,231941019,0,4,1,2048,44,1712612953
7923,231954800,91328,232046128,0,3,0,25088,11,7668036674
7924,231966872,3422,231970294,0,1,1,3584,36,107373993
7925,231977872,105872,232083744,0,0,0,47616,17,3356568231
7926,232007838,2470,232010308,0,7,1,2560,33,9391549005
7927,232039989,4374,232044363,0,4,1,4608,44,9631471346
7928,232116987,97136,232214123,0,7,0,18944,33,9509107895
7929,232336092,110708,232446800,0,3,0,63488,11,8566639737
7930,232360321,1042,232361363,0,4,1,1024,44,2001963228
7931,232375498,4850,232380348,0,1,1,5120,36,2875660764
7932,232467935,6278,232474213,0,4,1,6656,44,1103121827
7933,232537177,1994,232539171,0,7,1,2048,33,9069100966
7934,232555888,3898,232559786,0,4,1,4096,44,5015066083
7935,232697579,3422,232701001,0,1,1,3584,36,6849448166
7936,232730037,62072,232792109,0,3,0,9728,11,513174069
7937,232842802,3904,232846706,0,4,1,10752,44,3270839253
7938,232907171,94376,233001547,0,3,0,19968,11,6239864852
7939,232927657,3422,232931079,0,4,1,3584,44,6972759613
7940,232955709,1518,232957227,0,4,1,1536,44,7408865523
7941,232991261,7706,232998967,0,4,1,8192,44,8133902431
7942,233017187,76052,233093239,0,0,0,10240,17,9828904552
7943,233041483,149772,233191255,0,0,0,32256,17,9181107673
7944,233052304,107588,233159892,0,2,0,53248,23,1339113029
7945,233059495,2870,233062365,0,7,1,8704,33,4867962985
7946,233101873,2946,233104819,0,3,1,3072,11,8940354053
7947,233103437,3898,233107335,0,7,1,4096,33,97760211
7948,233122858,1042,233123900,0,4,1,1024,44,9453663826
7949,233199456,6754,233206210,0,7,1,7168,33,10120782446
7950,233237422,2946,233240368,0,7,1,3072,33,1045547739
7951,233250121,43904,233294025,0,1,0,512,36,8845435150
7952,233331659,105872,233437531,0,0,0,47616,17,1904840499
7953,233355351,48980,233404331,0,3,0,2048,11,10677924236
7954,233381723,115232,233496955,0,7,0,78336,33,1848044765
7955,233382542,3422,233385964,0,1,1,3584,36,204438190
7956,233450485,102630,233553115,0,7,0,18432,33,7505824184
7957,233495697,43904,233539601,0,2,0,512,23,7334403297
7958,233627037,2470,233629507,0,7,1,2560,33,1765276506
7959,233628538,1955,233630493,0,7,1,1536,33,4324546430
7960,233630990,116480,233747470,0,0,0,82432,17,5306295488
7961,233712565,2946,233715511,0,7,1,3072,33,2541676799
7962,233746547,13083,233759630,0,7,1,22016,33,5313325070
7963,233751110,44145,233795255,0,5,1,75776,19,1300274108
7964,233793066,59132,233852198,0,2,0,5120,23,10607562281
7965,233855463,93152,233948615,0,0,0,20992,17,2490562690
7966,233881466,52364,233933830,0,2,0,3072,23,10730970566
7967,233896157,126564,234022721,0,0,0,61440,17,3840945442
7968,233901612,12308,233913920,0,5,1,20480,19,9608317398
7969,233917900,2470,233920370,0,4,1,2560,44,10048994661
7970,234022032,101816,234123848,0,7,0,34304,33,7030769069
7971,234047009,24412,234071421,0,5,1,44032,19,7042819830
7972,234083456,75942,234159398,0,7,0,8704,33,7560689851
7973,234107745,4850,234112595,0,7,1,5120,33,1483600946
7974,234111032,101660,234212692,0,3,0,33792,11,10560655962
7975,234115085,5712,234120797,0,5,1,14336,19,5739902483
7976,234173238,4679,234177917,0,5,1,12288,19,3149681047
7977,234174340,7706,234182046,0,7,1,8192,33,5805843655
7978,234213127,1518,234214645,0,6,1,1536,42,8634189142
7979,234235175,61248,234296423,0,3,0,6656,11,6450682066
7980,234252626,2946,234255572,0,6,1,3072,42,4640190683
7981,234254115,102908,234357023,0,3,0,37888,11,7721800325
7982,234255307,161476,234416783,0,3,0,72704,11,1182367392
7983,234277606,118508,234396114,0,2,0,89088,23,739777812
7984,234297790,6278,234304068,0,7,1,6656,33,2367813883
7985,234328880,11533,234340413,0,0,1,18944,17,1344402435
7986,234335711,4850,234340561,0,6,1,5120,42,953411218
7987,234362922,5326,234368248,0,7,1,5632,33,2402176007
7988,234440255,108368,234548623,0,3,0,55808,11,7122136055
7989,234580132,6754,234586886,0,4,1,7168,44,9946558099
7990,234649946,123032,234772978,0,0,0,103936,17,5656558868
7991,234660834,5802,234666636,0,4,1,6144,44,8707499401
7992,234674294,4850,234679144,0,7,1,5120,33,1003502858
7993,234675438,90860,234766298,0,2,0,23552,23,611846277
7994,234678886,2870,234681756,0,7,1,8704,33,8674034321
7995,234738555,1042,234739597,0,4,1,1024,44,4882916748
7996,234753734,109136,234862870,0,0,0,15360,17,3662602557
7997,234846238,566,234846804,0,7,1,512,33,8864864247
7998,234870762,1518,234872280,0,6,1,1536,42,3343401309
7999,234901493,2470,234903963,0,7,1,2560,33,525571935
8000,234911627,99008,235010635,0,7,0,25088,33,10222688667
8001,234920976,25704,234946680,0,5,1,46592,19,415633251
8002,234927096,47288,234974384,0,2,0,1536,23,5256521319
8003,234947660,33245,234980905,0,5,1,57856,19,1139358008
8004,234956826,73423,235030249,0,5,1,109568,19,5333386421
8005,234967230,7706,234974936,0,7,1,8192,33,8421612965
8006,234990055,99788,235089843,0,3,0,27648,11,3779619791
8007,235002475,29720,235032195,0,5,1,3072,19,8722002152
8008,235018048,119132,235137180,0,0,0,91136,17,3392246640
8009,235065091,6754,235071845,0,6,1,7168,42,2398070287
8010,235102256,100256,235202512,0,3,0,29184,11,8571037081
8011,235121319,4162,235125481,0,7,1,11264,33,2373870423
8012,235174724,7706,235182430,0,4,1,8192,44,2393879560
8013,235226140,4679,235230819,0,3,1,12288,11,8589345814
8014,235239772,5326,235245098,0,8,1,5632,3,10496422308
8015,235249419,2470,235251889,0,7,1,2560,33,104095497
8016,235326063,7230,235333293,0,4,1,7680,44,4296499339
8017,235383251,161756,235545007,0,3,0,140288,11,10570445371
8018,235389393,57113,235446506,0,5,1,97792,19,10073281623
8019,235391268,566,235391834,0,3,1,512,11,7704932504
8020,235407994,2470,235410464,0,8,1,2560,3,1077845162
8021,235414678,4374,235419052,0,7,1,4608,33,6350972307
8022,235414898,6100,235420998,0,7,1,3072,33,3272603717
8023,235426204,48980,235475184,0,0,0,2048,17,1074668626
8024,235501099,3898,235504997,0,6,1,4096,42,9004853410
8025,235508768,83468,235592236,0,2,0,19456,23,6817756390
8026,235511684,133571,235645255,0,3,0,29184,11,2610597055
8027,235577706,14804,235592510,0,3,1,28672,11,7572718741
8028,235602148,5326,235607474,0,6,1,5632,42,8382751791
8029,235672435,77456,235749891,0,0,0,14848,17,7025159284
8030,235727713,4850,235732563,0,4,1,5120,44,9193071349
8031,235755236,106496,235861732,0,2,0,49664,23,2511543923
8032,235756623,1042,235757665,0,6,1,1024,42,225530553
8033,235770128,102908,235873036,0,0,0,37888,17,9627127389
8034,235771787,137519,235909306,0,0,0,34816,17,4319830170
8035,235773353,6754,235780107,0,3,1,7168,11,7965902475
8036,235823324,5712,235829036,0,3,1,14336,11,6346215465
8037,235875974,1042,235877016,0,9,1,1024,32,10694437268
8038,235880067,94820,235974887,0,2,0,16384,23,9250408125
8039,235908138,1042,235909180,0,4,1,1024,44,4857000036
8040,235945340,61292,236006632,0,2,0,7168,23,156519605
8041,235991472,32041,236023513,0,5,1,52224,19,3248154743
8042,236027541,1518,236029059,0,7,1,1536,33,1014831191
8043,236071483,4162,236075645,0,9,1,11264,32,6696924091
8044,236081637,3645,236085282,0,9,1,10240,32,10018671359
8045,236137402,5802,236143204,0,6,1,6144,42,4327116610
8046,236137835,111176,236249011,0,3,0,65024,11,7924833858
8047,236141511,115388,236256899,0,0,0,78848,17,1361235381
8048,236164755,5712,236170467,0,5,1,14336,19,3167083581
8049,236174780,73316,236248096,0,5,1,119296,19,6105371237
8050,236185659,12995,236198654,0,7,1,25088,33,6174361256
8051,236240505,100256,236340761,0,7,0,29184,33,808116669
8052,236309236,5802,236315038,0,4,1,6144,44,3325445255
8053,236317038,102596,236419634,0,7,0,36864,33,10351041756
8054,236347180,3128,236350308,0,6,1,9216,42,2048031234
8055,236362944,1518,236364462,0,4,1,1536,44,5890484827
8056,236393169,101348,236494517,0,3,0,32768,11,4135958522
8057,236481135,1518,236482653,0,7,1,1536,33,8329749411
8058,236511288,4374,236515662,0,4,1,4608,44,7243974509
8059,236513680,6754,236520434,0,7,1,7168,33,3586575127
8060,236535614,100100,236635714,0,7,0,28672,33,4464041128
8061,236565175,91484,236656659,0,2,0,25600,23,7838047878
8062,236641928,2946,236644874,0,7,1,3072,33,9853156472
8063,236665297,566,236665863,0,4,1,512,44,8488764650
8064,236676493,2470,236678963,0,6,1,2560,42,7537986277
8065,236745983,1042,236747025,0,6,1,1024,42,9182326103
8066,236771680,54056,236825736,0,3,0,3584,11,9144361125
8067,236774075,1994,236776069,0,6,1,2048,42,2731696202
8068,236864001,2470,236866471,0,7,1,2560,33,7391734206
8069,236867983,2470,236870453,0,6,1,2560,42,1492185232
8070,236908363,6754,236915117,0,6,1,7168,42,3515368107
8071,236914118,72668,236986786,0,2,0,9216,23,9881282465
8072,236958439,111956,237070395,0,3,0,67584,11,9100925431
8073,236958739,56360,237015099,0,3,0,2048,11,7086543865
8074,236998088,129001,237127089,0,3,0,30720,11,83880272
8075,237045219,107900,237153119,0,7,0,54272,33,4566570303
8076,237103464,97754,237201218,0,7,0,8192,33,10682333870
8077,237148888,49819,237198707,0,7,0,1024,33,3971588361
8078,237154000,2470,237156470,0,2,1,2560,23,6243882735
8079,237158552,112112,237270664,0,3,0,68096,11,9629559277
8080,237175142,566,237175708,0,2,1,512,23,7550585175
8081,237195418,4850,237200268,0,2,1,5120,23,3006485250
8082,237265683,76052,237341735,0,2,0,10240,23,9243738464
8083,237334688,83000,237417688,0,2,0,17920,23,9279772560
8084,237420453,65900,237486353,0,2,0,7168,23,5292448450
8085,237426878,1042,237427920,0,2,1,1024,23,2973850449
8086,237433527,21916,237455443,0,5,1,35840,19,3579216896
8087,237477003,105560,237582563,0,0,0,46592,17,5970531549
8088,237506149,105772,237611921,0,0,0,10752,17,6552613915
8089,237534351,1518,237535869,0,2,1,1536,23,1380820111
8090,237534483,77744,237612227,0,3,0,10752,11,938719947
8091,237563156,69284,237632440,0,7,0,8192,33,9671652031
8092,237609174,210872,237820046,0,7,0,230912,33,8512562340
8093,237725675,5326,237731001,0,2,1,5632,23,970159099
8094,237822754,109148,237931902,0,5,0,58368,19,4943008164
8095,237873698,82868,237956566,0,7,0,22528,33,7010074567
8096,237921370,96380,238017750,0,0,0,21504,17,351661153
8097,237993167,102596,238095763,0,2,0,36864,23,9476746077
8098,238001590,12995,238014585,0,7,1,25088,33,5089354693
8099,238037544,3128,238040672,0,2,1,9216,23,7941534590
8100,238059283,7706,238066989,0,1,1,8192,36,4827002637
8101,238064477,1994,238066471,0,7,1,2048,33,641758237
8102,238070573,5802,238076375,0,2,1,6144,23,684274883
8103,238089225,20130,238109355,0,2,1,23040,23,166743800
8104,238149853,2946,238152799,0,1,1,3072,36,7263720246
8105,238215928,74360,238290288,0,2,0,9728,23,9126417021
8106,238225121,566,238225687,0,7,1,512,33,2898957435
8107,238236499,566,238237065,0,1,1,512,36,3019059066
8108,238264622,4374,238268996,0,7,1,4608,33,5435680764
8109,238338441,3422,238341863,0,1,1,3584,36,3791578381
8110,238345563,97604,238443167,0,5,0,20480,19,9079575124
8111,238370504,4850,238375354,0,2,1,5120,23,3141894356
8112,238430391,7230,238437621,0,2,1,7680,23,4781319598
8113,238470377,101972,238572349,0,3,0,34816,11,9282535701
8114,238474983,2470,238477453,0,7,1,2560,33,5012041560
8115,238477342,67592,238544934,0,5,0,7680,19,7900281829
8116,238488626,566,238489192,0,7,1,512,33,1321374789
8117,238507452,98696,238606148,0,2,0,24064,23,4258288594
8118,238559366,110375,238669741,0,3,0,54784,11,7556059171
8119,238567391,75926,238643317,0,3,0,8704,11,4050399169
8120,238578006,47288,238625294,0,7,0,1536,33,8256321425
8121,238612898,6754,238619652,0,2,1,7168,23,9697459940
8122,238614894,54524,238669418,0,5,0,5120,19,9462289077
8123,238622166,1518,238623684,0,7,1,1536,33,8275712152
8124,238676304,4420,238680724,0,7,1,11776,33,3139914203
8125,238763147,93020,238856167,0,3,0,25600,11,6387648711
8126,238765419,4374,238769793,0,1,1,4608,36,9092272686
8127,238832915,3422,238836337,0,1,1,3584,36,2428912800
8128,238839777,1518,238841295,0,7,1,1536,33,10430324490
8129,238864160,3422,238867582,0,7,1,3584,33,7389397340
8130,238864571,3898,238868469,0,1,1,4096,36,9269645432
8131,238869103,6278,238875381,0,2,1,6656,23,2470579909
8132,238883152,7706,238890858,0,7,1,8192,33,344908907
8133,238943002,5712,238948714,0,2,1,14336,23,2979474222
8134,238944460,43904,238988364,0,7,0,512,33,3017740335
8135,238963768,186994,239150762,0,2,0,2560,23,1588524632
8136,239000431,4850,239005281,0,1,1,5120,36,9376796526
8137,239021315,7230,239028545,0,7,1,7680,33,5020968569
8138,239046591,103376,239149967,0,2,0,39424,23,7580401682
8139,239050991,566,239051557,0,1,1,512,36,5628920128
8140,239058592,1518,239060110,0,1,1,1536,36,663523654
8141,239130975,108524,239239499,0,3,0,56320,11,10433616016
8142,239161696,3422,239165118,0,2,1,3584,23,4654561791
8143,239179107,146708,239325815,0,3,0,39936,11,1983800334
8144,239180587,2470,239183057,0,9,1,2560,32,1492467462
8145,239187661,1518,239189179,0,1,1,1536,36,6394344207
8146,239235937,5326,239241263,0,7,1,5632,33,4882307988
8147,239278398,4374,239282772,0,9,1,4608,32,9075832856
8148,239307179,5326,239312505,0,9,1,5632,32,2781779893
8149,239340930,83912,239424842,0,3,0,15872,11,3334091751
8150,239341200,108524,239449724,0,2,0,56320,23,7646436432
8151,239371795,65900,239437695,0,0,0,7168,17,6521243074
8152,239400362,3128,239403490,0,1,1,9216,36,4123299563
8153,239430229,133250,239563479,0,0,0,120320,17,1247705275
8154,239434473,98687,239533160,0,2,0,14336,23,4402380230
8155,239461551,5802,239467353,0,9,1,6144,32,9306336919
8156,239476241,131716,239607957,0,0,0,33280,17,8154063424
8157,239483235,2470,239485705,0,9,1,2560,32,4793297126
8158,239487510,1994,239489504,0,7,1,2048,33,4844142701
8159,239496567,5712,239502279,0,9,1,14336,32,8886762548
8160,239509717,43904,239553621,0,7,0,512,33,6819185781
8161,239517387,3898,239521285,0,3,1,4096,11,10217986951
8162,239700844,566,239701410,0,9,1,512,32,7249471784
8163,239709543,4374,239713917,0,3,1,4608,11,10444364280
8164,239781074,1994,239783068,0,3,1,2048,11,1451238520
8165,239799399,2946,239802345,0,6,1,3072,42,2069678234
8166,239811878,1518,239813396,0,4,1,1536,44,6580456236
8167,239816644,43904,239860548,0,7,0,512,33,6961794566
8168,239826522,45596,239872118,0,7,0,1024,33,4265957063
8169,239852337,1518,239853855,0,3,1,1536,11,7163214522
8170,239884139,99476,239983615,0,0,0,26624,17,5205369713
8171,239884726,13341,239898067,0,7,1,22528,33,745209831
8172,239897778,6229,239904007,0,4,1,15360,44,5219253431
8173,239898501,3422,239901923,0,3,1,3584,11,6467767120
8174,239902955,70976,239973931,0,2,0,8704,23,957867116
8175,239934378,1518,239935896,0,3,1,1536,11,2715896333
8176,239973101,2470,239975571,0,8,1,2560,3,7439895420
8177,240016544,109460,240126004,0,0,0,59392,17,2128703367
8178,240054814,3645,240058459,0,3,1,10240,11,8844505857
8179,240058009,1994,240060003,0,9,1,2048,32,1118981727
8180,240080010,566,240080576,0,3,1,512,11,9818519964
8181,240089733,124280,240214013,0,2,0,108032,23,5457960387
8182,240126821,111800,240238621,0,5,0,67072,19,9417602848
8183,240163856,2470,240166326,0,4,1,2560,44,3952005918
8184,240170694,3422,240174116,0,7,1,3584,33,5991057728
8185,240187014,2946,240189960,0,7,1,3072,33,4853052469
8186,240206013,194336,240400349,0,3,0,176640,11,5210043049
8187,240261076,1994,240263070,0,3,1,2048,11,3596803043
8188,240271022,5802,240276824,0,7,1,6144,33,1257557244
8189,240272416,72407,240344823,0,7,0,1536,33,249407027
8190,240287468,4374,240291842,0,9,1,4608,32,1316974454
8191,240321210,566,240321776,0,3,1,512,11,10517358703
8192,240331917,70343,240402260,0,3,0,6144,11,2538672250
8193,240337701,74384,240412085,0,0,0,14848,17,9596983985
8194,240353851,49886,240403737,0,3,1,1536,11,10081481169
8195,240382465,154779,240537244,0,3,0,98816,11,3352078132
8196,240395336,18108,240413444,0,3,1,17408,11,1406847678
8197,240395989,52364,240448353,0,7,0,3072,33,977082504
8198,240416452,3422,240419874,0,4,1,3584,44,5490349875
8199,240427399,76052,240503451,0,2,0,10240,23,2928244522
8200,240458066,1042,240459108,0,3,1,1024,11,4047007559
8201,240470513,92732,240563245,0,3,0,512,11,6846016476
8202,240486957,1042,240487999,0,7,1,1024,33,4163194371
8203,240487689,113204,240600893,0,0,0,71680,17,472510299
8204,240515422,24284,240539706,0,3,1,2560,11,8000025887
8205,240518557,3898,240522455,0,4,1,4096,44,7993925146
8206,240579070,67411,240646481,0,0,0,1024,17,71823941
8207,240646028,84536,240730564,0,0,0,17920,17,3129689716
8208,240661931,1518,240663449,0,7,1,1536,33,1486525306
8209,240674932,566,240675498,0,3,1,512,11,24633061
8210,240675071,1994,240677065,0,6,1,2048,42,10736124204
8211,240773304,97448,240870752,0,3,0,19968,11,8433591574
8212,240780129,4850,240784979,0,3,1,5120,11,2292673406
8213,240863140,7627,240870767,0,3,1,2560,11,6304137810
8214,240882292,100412,240982704,0,2,0,29696,23,2815293588
8215,240906181,3422,240909603,0,7,1,3584,33,1713238383
8216,240993879,1518,240995397,0,3,1,1536,11,7331707769
8217,241057762,110240,241168002,0,3,0,61952,11,2387242714
8218,241135538,73472,241209010,0,0,0,16896,17,10321945163
8219,241153975,3904,241157879,0,7,1,10752,33,10581175561
8220,241245771,1518,241247289,0,3,1,1536,11,5351572210
8221,241275205,2470,241277675,0,7,1,2560,33,9871000928
8222,241290293,64208,241354501,0,0,0,6656,17,1505725190
8223,241452771,4374,241457145,0,3,1,4608,11,3342838252
8224,241455876,113516,241569392,0,2,0,72704,23,1149547455
8225,241482807,210003,241692810,0,3,0,36864,11,10426696254
8226,241569310,79772,241649082,0,5,0,17408,19,395667891
8227,241586140,1994,241588134,0,3,1,2048,11,3172512817
8228,241589330,60068,241649398,0,2,0,8192,23,5598399316
8229,241630980,59132,241690112,0,5,0,5120,19,5393319057
8230,241670159,1518,241671677,0,9,1,1536,32,1706079681
8231,241760011,62828,241822839,0,3,0,7168,11,6425740209
8232,241772027,67748,241839775,0,0,0,8192,17,8492436045
8233,241802527,566,241803093,0,7,1,512,33,5217550019
8234,241834350,1518,241835868,0,3,1,1536,11,10676464477
8235,241838526,56861,241895387,0,3,0,3584,11,5553282790
8236,241845775,4937,241850712,0,3,1,12800,11,6743874691
8237,241864321,2946,241867267,0,3,1,3072,11,2342792650
8238,241889049,1042,241890091,0,3,1,1024,11,8179799468
8239,241924262,118664,242042926,0,5,0,89600,19,6349613997
8240,241924664,99164,242023828,0,0,0,25600,17,8806345044
8241,241940556,4374,241944930,0,9,1,4608,32,6601884894
8242,241970372,566,241970938,0,9,1,512,32,4605305923
8243,241987673,64208,242051881,0,2,0,6656,23,3852441680
8244,242012068,50672,242062740,0,3,0,2560,11,9486951720
8245,242031494,122756,242154250,0,5,0,65536,19,1885896034
8246,242037688,43904,242081592,0,7,0,512,33,3916595236
8247,242076781,1042,242077823,0,8,1,1024,3,8009268322
8248,242084026,77324,242161350,0,0,0,19456,17,10576966440
8249,242085795,5802,242091597,0,9,1,6144,32,6877170057
8250,242147910,67592,242215502,0,0,0,7680,17,4941174444
8251,242148919,2470,242151389,0,8,1,2560,3,2423517028
8252,242220737,87920,242308657,0,3,0,18944,11,9521565681
8253,242230940,100880,242331820,0,5,0,31232,19,1117600508
8254,242254667,45752,242300419,0,7,0,1536,33,5540501565
8255,242261068,111488,242372556,0,2,0,66048,23,4112690377
8256,242307344,71444,242378788,0,5,0,10240,19,4051302253
8257,242328589,566,242329155,0,8,1,512,3,6807793991
8258,242335004,1042,242336046,0,8,1,1024,3,603782764
8259,242345123,1994,242347117,0,3,1,2048,11,9462418667
8260,242379262,101972,242481234,0,5,0,34816,19,8194524273
8261,242396726,6278,242403004,0,9,1,6656,32,8631304041
8262,242422562,2470,242425032,0,9,1,2560,32,8385006729
8263,242433734,1518,242435252,0,8,1,1536,3,1956902934
8264,242498349,104780,242603129,0,2,0,44032,23,2472873593
8265,242508423,3898,242512321,0,7,1,4096,33,10633225612
8266,242522347,113984,242636331,0,5,0,74240,19,450681868
8267,242523009,4374,242527383,0,9,1,4608,32,2666356426
8268,242542367,90260,242632627,0,3,0,26624,11,522742086
8269,242557172,4850,242562022,0,7,1,5120,33,7998768485
8270,242604071,50672,242654743,0,7,0,2560,33,4659010945
8271,242605620,5802,242611422,0,8,1,6144,3,1710278248
8272,242609356,55748,242665104,0,3,0,4096,11,5302434304
8273,242632258,3904,242636162,0,9,1,10752,32,2432870000
8274,242644848,98384,242743232,0,3,0,23040,11,8757486868
8275,242659421,72536,242731957,0,5,0,13824,19,1248511951
8276,242686236,83000,242769236,0,2,0,17920,23,9904929317
8277,242734578,566,242735144,0,9,1,512,32,296708160
8278,242737556,43904,242781460,0,7,0,512,33,10076332717
8279,242747818,6278,242754096,0,3,1,6656,11,8295839865
8280,242775291,43904,242819195,0,7,0,512,33,7639592876
8281,242787007,1518,242788525,0,9,1,1536,32,7355965207
8282,242790358,111020,242901378,0,3,0,64512,11,7245361765
8283,242800501,4374,242804875,0,9,1,4608,32,6869400979
8284,242813957,1042,242814999,0,9,1,1024,32,7862575068
8285,242846595,69284,242915879,0,2,0,8192,23,8553296197
8286,242876547,50715,242927262,0,3,0,1024,11,3256333844
8287,242908074,47288,242955362,0,7,0,1536,33,4654210682
8288,242915458,566,242916024,0,9,1,512,32,4647797459
8289,242938040,1042,242939082,0,9,1,1024,32,9755024195
8290,242967984,76520,243044504,0,0,0,11776,17,4841728059
8291,243004463,106964,243111427,0,2,0,51200,23,6566093672
8292,243014174,61604,243075778,0,0,0,8192,17,6344530354
8293,243020360,2946,243023306,0,4,1,3072,44,3735132349
8294,243085384,3645,243089029,0,6,1,10240,42,3149234545
8295,243095055,1994,243097049,0,3,1,2048,11,8828000021
8296,243102844,2870,243105714,0,4,1,8704,44,3044570582
8297,243146640,81128,243227768,0,2,0,11776,23,8025402530
8298,243171652,54056,243225708,0,0,0,3584,17,5117956448
8299,243185926,43904,243229830,0,3,0,512,11,1226965075
8300,243189348,102752,243292100,0,5,0,37376,19,10332472076
8301,243195092,88164,243283256,0,2,0,5120,23,6093047600
8302,243217037,1042,243218079,0,3,1,1024,11,4790221214
8303,243220276,4937,243225213,0,4,1,12800,44,6529920972
8304,243254944,45596,243300540,0,3,0,1024,11,1761634101
8305,243255188,1518,243256706,0,3,1,1536,11,2265562840
8306,243273379,72668,243346047,0,5,0,9216,19,5976172427
8307,243278734,6278,243285012,0,4,1,6656,44,6267101807
8308,243279273,85421,243364694,0,3,0,512,11,1778121637
8309,243301955,45596,243347551,0,5,0,1024,19,6060635078
8310,243307408,1042,243308450,0,3,1,1024,11,2367002796
8311,243325760,77477,243403237,0,5,0,11264,19,7716832841
8312,243349452,138199,243487651,0,5,0,55296,19,10275344329
8313,243363353,6754,243370107,0,4,1,7168,44,2439233562
8314,243381804,1994,243383798,0,4,1,2048,44,5334932524
8315,243394270,2470,243396740,0,3,1,2560,11,6842157872
8316,243424830,50672,243475502,0,7,0,2560,33,441867537
8317,243438304,48980,243487284,0,7,0,2048,33,469519541
8318,243454991,566,243455557,0,6,1,512,42,6374398216
8319,243477856,7706,243485562,0,4,1,8192,44,6270616485
8320,243482358,7706,243490064,0,6,1,8192,42,1082341799
8321,243518032,4374,243522406,0,3,1,4608,11,3673553788
8322,243527188,3422,243530610,0,6,1,3584,42,1314174758
8323,243549702,94376,243644078,0,0,0,19968,17,1010277527
8324,243578064,566,243578630,0,1,1,512,36,3040781140
8325,243581526,106028,243687554,0,8,0,48128,3,2747225924
8326,243584115,101348,243685463,0,0,0,32768,17,15132218
8327,243602116,14117,243616233,0,1,1,24064,36,3261763424
8328,243603419,98852,243702271,0,8,0,24576,3,1307648181
8329,243633183,79436,243712619,0,5,0,11264,19,3550685731
8330,243650222,43904,243694126,0,7,0,512,33,9722392911
8331,243657262,5196,243662458,0,4,1,13312,44,206298543
8332,243670309,1042,243671351,0,6,1,1024,42,5389519662
8333,243696184,6278,243702462,0,4,1,6656,44,2944101201
8334,243736923,1518,243738441,0,4,1,1536,44,383159599
8335,243737234,130052,243867286,0,0,0,126976,17,1926863488
8336,243751344,102596,243853940,0,5,0,36864,19,5475083534
8337,243772726,3422,243776148,0,1,1,3584,36,2568322009
8338,243776544,566,243777110,0,4,1,512,44,3317089376
8339,243778201,151689,243929890,0,0,0,32768,17,7763206906
8340,243790543,64660,243855203,0,5,0,4096,19,7091758038
8341,243823462,6754,243830216,0,4,1,7168,44,7377553993
8342,243870494,3422,243873916,0,3,1,3584,11,3045577393
8343,243878071,10499,243888570,0,4,1,16896,44,1400350759
8344,243934939,43904,243978843,0,7,0,512,33,230426457
8345,243944597,80684,244025281,0,5,0,15360,19,4771722742
8346,243958026,67592,244025618,0,0,0,7680,17,4338387598
8347,244048404,100412,244148816,0,0,0,29696,17,1290915856
8348,244057508,100568,244158076,0,0,0,30208,17,7992656083
8349,244087899,45596,244133495,0,3,0,1024,11,4309502779
8350,244093706,100100,244193806,0,5,0,28672,19,1322182702
8351,244105175,95756,244200931,0,2,0,19456,23,2756880896
8352,244177190,7230,244184420,0,3,1,7680,11,4062537061
8353,244196124,85039,244281163,0,2,0,18944,23,5178366894
8354,244200015,4420,244204435,0,3,1,11776,11,2418320342
8355,244212364,189812,244402176,0,5,0,161792,19,10675311057
8356,244218724,112268,244330992,0,8,0,68608,3,3871110082
8357,244229808,185963,244415771,0,5,0,44544,19,3421226975
8358,244275197,95180,244370377,0,0,0,27648,17,10446267810
8359,244362971,43904,244406875,0,8,0,512,3,6230112370
8360,244368191,128197,244496388,0,5,0,19456,19,1479777848
8361,244376706,118508,244495214,0,0,0,89088,17,5447671297
8362,244381666,45596,244427262,0,2,0,1024,23,5531317506
8363,244419337,102128,244521465,0,2,0,35328,23,9135380866
8364,244437047,42683,244479730,0,5,1,69632,19,7231215478
8365,244453162,566,244453728,0,1,1,512,36,730311696
8366,244460803,41132,244501935,0,5,1,66560,19,10673117690
8367,244509918,1994,244511912,0,3,1,2048,11,4187160
8368,244516987,76846,244593833,0,5,1,129536,19,7056171732
8369,244538078,45596,244583674,0,3,0,1024,11,5056744623
8370,244539404,47288,244586692,0,7,0,1536,33,8590253487
8371,244566639,45596,244612235,0,3,0,1024,11,8367654425
8372,244625618,2870,244628488,0,6,1,8704,42,9078040053
8373,244651556,50672,244702228,0,7,0,2560,33,2311676225
8374,244660654,166368,244827022,0,5,0,11776,19,4606827754
8375,244680826,98540,244779366,0,2,0,23552,23,2557681020
8376,244705753,50672,244756425,0,2,0,2560,23,4864758604
8377,244775417,100568,244875985,0,0,0,30208,17,6097812201
8378,244812747,43904,244856651,0,3,0,512,11,2980008160
8379,244933692,64208,244997900,0,8,0,6656,3,5717057729
8380,244963535,104936,245068471,0,2,0,44544,23,5405803065
8381,244963770,7230,244971000,0,0,1,7680,17,4000750978
8382,244967464,6278,244973742,0,6,1,6656,42,406527990
8383,244993709,50672,245044381,0,8,0,2560,3,7675212688
8384,245001969,1518,245003487,0,3,1,1536,11,9759705571
8385,245004416,48438,245052854,0,3,0,512,11,1273476384
8386,245085718,43904,245129622,0,3,0,512,11,6412590148
8387,245095465,116012,245211477,0,5,0,80896,19,7659851961
8388,245130445,566,245131011,0,1,1,512,36,3759941967
8389,245134614,55904,245190518,0,0,0,4608,17,1569993528
8390,245196342,2946,245199288,0,6,1,3072,42,4173972787
8391,245216011,106808,245322819,0,0,0,50688,17,6541551862
8392,245237676,45596,245283272,0,3,0,1024,11,5148011025
8393,245241083,207908,245448991,0,8,0,221184,3,1635211410
8394,245263494,11016,245274510,0,6,1,17920,42,10735032268
8395,245301069,151845,245452914,0,8,0,12800,3,5515417387
8396,245312818,2470,245315288,0,1,1,2560,36,3751018924
8397,245380146,74655,245454801,0,8,0,6144,3,8231555540
8398,245391454,155445,245546899,0,8,0,21504,3,7397070326
8399,245458792,126987,245585779,0,8,0,58368,3,552554400
8400,245460474,3422,245463896,0,6,1,3584,42,322798458
8401,245473132,86852,245559984,0,2,0,20480,23,6038822286
8402,245482227,43904,245526131,0,7,0,512,33,164561858
8403,245521955,45596,245567551,0,7,0,1024,33,6664813649
8404,245533515,1042,245534557,0,8,1,1024,3,10368173660
8405,245617423,45596,245663019,0,3,0,1024,11,2485490553
8406,245629540,3422,245632962,0,1,1,3584,36,753564744
8407,245646046,3898,245649944,0,8,1,4096,3,10565336410
8408,245659775,159588,245819363,0,8,0,2560,3,4879957597
8409,245693575,43904,245737479,0,7,0,512,33,277133805
8410,245795930,59132,245855062,0,0,0,5120,17,928783152
8411,245846376,2870,245849246,0,6,1,8704,42,9294622243
8412,245946244,3422,245949666,0,8,1,3584,3,3297164632
8413,245953834,1518,245955352,0,8,1,1536,3,4836175237
8414,246007296,566,246007862,0,8,1,512,3,1887653779
8415,246055465,6754,246062219,0,8,1,7168,3,759259180
8416,246063910,77744,246141654,0,8,0,10752,3,2042713985
8417,246090409,115355,246205764,0,8,0,48640,3,2350547508
8418,246093173,4937,246098110,0,8,1,12800,3,7864535142
8419,246128396,185600,246313996,0,0,0,147968,17,7854132701
8420,246138983,7989,246146972,0,8,1,5632,3,10083999145
8421,246168838,13600,246182438,0,1,1,23040,36,6666611242
8422,246191539,43904,246235443,0,7,0,512,33,7141084098
8423,246208051,1518,246209569,0,0,1,1536,17,2214257319
8424,246233147,3128,246236275,0,6,1,9216,42,3064794076
8425,246244418,3422,246247840,0,6,1,3584,42,45242972
8426,246261966,90022,246351988,0,0,0,13312,17,10242661603
8427,246268215,43904,246312119,0,7,0,512,33,8632381376
8428,246270244,566,246270810,0,1,1,512,36,6035058960
8429,246320863,2470,246323333,0,8,1,2560,3,6505125887
8430,246335441,1518,246336959,0,6,1,1536,42,2585636207
8431,246361901,5712,246367613,0,8,1,14336,3,6494803946
8432,246374177,101192,246475369,0,0,0,32256,17,9554568229
8433,246379369,2946,246382315,0,6,1,3072,42,1873211390
8434,246444848,79772,246524620,0,2,0,17408,23,4616798257
8435,246448016,94376,246542392,0,8,0,19968,3,509813751
8436,246459368,13512,246472880,0,8,1,26112,3,6381250439
8437,246583022,47288,246630310,0,7,0,1536,33,7307335396
8438,246593847,6278,246600125,0,8,1,6656,3,4123508947
8439,246601541,566,246602107,0,8,1,512,3,4987485666
8440,246620548,118196,246738744,0,2,0,88064,23,2999223512
8441,246626256,43904,246670160,0,7,0,512,33,10669639540
8442,246630342,566,246630908,0,1,1,512,36,7955298872
8443,246649639,3898,246653537,0,6,1,4096,42,5465992440
8444,246721664,77924,246799588,0,8,0,16384,3,2504819059
8445,246739903,43904,246783807,0,7,0,512,33,28723345
8446,246879502,103844,246983346,0,0,0,40960,17,8002754897
8447,246974296,4850,246979146,0,1,1,5120,36,5766258232
8448,246994092,154988,247149080,0,0,0,138240,17,6605973187
8449,247159034,48980,247208014,0,3,0,2048,11,3127087247
8450,247186291,47288,247233579,0,7,0,1536,33,303255590
8451,247259301,105248,247364549,0,2,0,45568,23,9241698863
8452,247287721,152374,247440095,0,2,0,65536,23,8420046875
8453,247309955,35312,247345267,0,5,1,61952,19,9389972205
8454,247334020,43904,247377924,0,7,0,512,33,6834948639
8455,247337684,70976,247408660,0,0,0,8704,17,979090497
8456,247337777,182856,247520633,0,2,0,101888,23,919138358
8457,247339178,45596,247384774,0,3,0,1024,11,6519625974
8458,247434216,4850,247439066,0,7,1,5120,33,6214655977
8459,247459866,65774,247525640,0,5,0,1536,19,4896622872
8460,247531445,45596,247577041,0,3,0,1024,11,1342281134
8461,247549386,5454,247554840,0,7,1,13824,33,5757931405
8462,247569277,144708,247713985,0,5,1,235008,19,9681588097
8463,247583350,3898,247587248,0,2,1,4096,23,5268020953
8464,247588454,148315,247736769,0,7,0,1024,33,3612872183
8465,247605612,51296,247656908,0,0,0,4608,17,4233404378
8466,247616465,99466,247715931,0,5,1,3072,19,9172875533
8467,247627572,99164,247726736,0,8,0,25600,3,583669299
8468,247636717,43904,247680621,0,7,0,512,33,56629123
8469,247669700,46487,247716187,0,5,1,9216,19,3813574219
8470,247685070,566,247685636,0,1,1,512,36,2531548497
8471,247751059,566,247751625,0,7,1,512,33,9747982942
8472,247761836,50672,247812508,0,3,0,2560,11,6976582864
8473,247786017,155558,247941575,0,5,0,33792,19,10126207374
8474,247786215,48980,247835195,0,3,0,2048,11,1205998616
8475,247799684,47288,247846972,0,3,0,1536,11,7167069225
8476,247837796,7230,247845026,0,1,1,7680,36,6502573760
8477,247861204,2870,247864074,0,7,1,8704,33,4211502977
8478,247862503,161873,248024376,0,5,0,32768,19,7804830063
8479,247923028,107293,248030321,0,5,0,4096,19,741667438
8480,247952101,3128,247955229,0,5,1,9216,19,1944347605
8481,247964237,5802,247970039,0,5,1,6144,19,5260177529
8482,248060211,2870,248063081,0,3,1,8704,11,8725161403
8483,248061517,100256,248161773,0,2,0,29184,23,4355725674
8484,248070919,104000,248174919,0,8,0,41472,3,1737683146
8485,248090641,43904,248134545,0,3,0,512,11,2347068287
8486,248094084,144021,248238105,0,8,0,46080,3,109437693
8487,248108738,5802,248114540,0,3,1,6144,11,5882471481
8488,248112118,2946,248115064,0,1,1,3072,36,86975766
8489,248116064,196747,248312811,0,8,0,17920,3,4368425181
8490,248151434,45596,248197030,0,7,0,1024,33,10261326701
8491,248158444,106619,248265063,0,8,0,22528,3,4462447572
8492,248168971,94976,248263947,0,0,0,16896,17,7500042430
8493,248188426,45596,248234022,0,3,0,1024,11,5661521608
8494,248228012,179065,248407077,0,8,0,99328,3,1743514460
8495,248230006,57440,248287446,0,5,0,4608,19,2328753551
8496,248237568,76052,248313620,0,0,0,10240,17,3465542849
8497,248239908,12995,248252903,0,3,1,25088,11,4939120052
8498,248258931,75072,248334003,0,0,0,10752,17,3177497135
8499,248287770,2470,248290240,0,3,1,2560,11,9570143061
8500,248319863,86096,248405959,0,0,0,23040,17,5911657129
8501,248320214,2870,248323084,0,3,1,8704,11,1478418858
8502,248332732,4374,248337106,0,1,1,4608,36,6095227239
8503,248365104,50672,248415776,0,3,0,2560,11,3646577151
8504,248381858,43904,248425762,0,7,0,512,33,3245487150
8505,248399633,1994,248401627,0,1,1,2048,36,2356546674
8506,248404884,107875,248512759,0,0,0,50688,17,4742590069
8507,248411174,90056,248501230,0,8,0,15872,3,9268478745
8508,248425173,114772,248539945,0,2,0,55296,23,2795527825
8509,248431475,6754,248438229,0,3,1,7168,11,3945866867
8510,248431733,86280,248518013,0,2,0,19968,23,3264759911
8511,248434773,4162,248438935,0,3,1,11264,11,7645231202
8512,248574534,5971,248580505,0,0,1,14848,17,1326301039
8513,248592950,43904,248636854,0,3,0,512,11,3792706868
8514,248618755,4374,248623129,0,1,1,4608,36,1658748239
8515,248646465,45596,248692061,0,7,0,1024,33,4930260201
8516,248669723,122428,248792151,0,0,0,55296,17,8552280276
8517,248673187,162480,248835667,0,0,0,83456,17,5011949047
8518,248689204,105146,248794350,0,0,0,7168,17,8210262604
8519,248811203,45596,248856799,0,7,0,1024,33,7912728186
8520,248871016,43904,248914920,0,3,0,512,11,1772107214
8521,248887565,5326,248892891,0,7,1,5632,33,5360578393
8522,248892178,11791,248903969,0,1,1,19456,36,9824689581
8523,248894250,1994,248896244,0,7,1,2048,33,8883531462
8524,248898249,10546,248908795,0,1,1,7680,36,9916760818
8525,248960085,3128,248963213,0,7,1,9216,33,9155463520
8526,248962468,45873,249008341,0,7,0,512,33,9397714690
8527,248992978,30518,249023496,0,3,0,3072,11,5885740087
8528,249026213,108056,249134269,0,5,0,54784,19,4116068052
8529,249034003,6754,249040757,0,7,1,7168,33,2891347000
8530,249071675,111644,249183319,0,8,0,66560,3,4154986243
8531,249075695,2470,249078165,0,6,1,2560,42,6652943743
8532,249085667,43904,249129571,0,3,0,512,11,5495203134
8533,249092198,48980,249141178,0,7,0,2048,33,3630003405
8534,249132242,566,249132808,0,7,1,512,33,1726391687
8535,249176006,4850,249180856,0,1,1,5120,36,7880342656
8536,249203995,4374,249208369,0,7,1,4608,33,3734732821
8537,249215170,97292,249312462,0,0,0,19456,17,4657871547
8538,249216869,2470,249219339,0,1,1,2560,36,9226976117
8539,249221782,43904,249265686,0,3,0,512,11,6759158335
8540,249239486,136918,249376404,0,0,0,21504,17,339623409
8541,249247464,1994,249249458,0,7,1,2048,33,9644808322
8542,249270097,5802,249275899,0,1,1,6144,36,5749998070
8543,249311219,1518,249312737,0,6,1,1536,42,9883897252
8544,249333982,4850,249338832,0,4,1,5120,44,5070069160
8545,249346666,4374,249351040,0,1,1,4608,36,6905311221
8546,249374354,1042,249375396,0,6,1,1024,42,3315333194
8547,249401249,1042,249402291,0,5,1,1024,19,10415040917
8548,249418206,3422,249421628,0,6,1,3584,42,2790051678
8549,249431081,1518,249432599,0,1,1,1536,36,9724482523
8550,249457276,4374,249461650,0,3,1,4608,11,6412895204
8551,249474234,99008,249573242,0,5,0,14848,19,1307535506
8552,249527321,113984,249641305,0,8,0,74240,3,2115865469
8553,249582588,2870,249585458,0,1,1,8704,36,7231070413
8554,249613810,3387,249617197,0,6,1,9728,42,6808353375
8555,249649692,71756,249721448,0,2,0,11264,23,7569884568
8556,249663106,115856,249778962,0,5,0,80384,19,9719336810
8557,249714436,3422,249717858,0,6,1,3584,42,7014645106
8558,249744874,4850,249749724,0,1,1,5120,36,6732051111
8559,249754458,4850,249759308,0,4,1,5120,44,7109577286
8560,249784808,4374,249789182,0,6,1,4608,42,3624082467
8561,249809467,48980,249858447,0,0,0,2048,17,10559205149
8562,249811292,100880,249912172,0,0,0,31232,17,1371811432
8563,249933498,566,249934064,0,2,1,512,23,2075768176
8564,249982045,1042,249983087,0,3,1,1024,11,9561624137
8565,249994345,67592,250061937,0,2,0,7680,23,480039456
8566,250014291,3422,250017713,0,1,1,3584,36,2528786003
8567,250110385,48980,250159365,0,7,0,2048,33,1914082126
8568,250111327,50672,250161999,0,7,0,2560,33,4728112288
8569,250132645,6278,250138923,0,6,1,6656,42,2545824949
8570,250139669,69440,250209109,0,5,0,8704,19,7144126765
8571,250236160,43904,250280064,0,7,0,512,33,6235678395
8572,250243090,5971,250249061,0,1,1,14848,36,2269223969
8573,250261630,47288,250308918,0,0,0,1536,17,8801665214
8574,250271647,6278,250277925,0,3,1,6656,11,2194755445
8575,250304193,82820,250387013,0,5,0,12288,19,6893209573
8576,250349549,4374,250353923,0,3,1,4608,11,8110604312
8577,250406866,4937,250411803,0,1,1,12800,36,257050972
8578,250420199,5326,250425525,0,1,1,5632,36,8309520404
8579,250432247,43904,250476151,0,7,0,512,33,5485002438
8580,250438973,109772,250548745,0,2,0,60416,23,8582330251
8581,250460224,108680,250568904,0,0,0,56832,17,5883359577
8582,250470353,3422,250473775,0,3,1,3584,11,8309846214
8583,250497340,45596,250542936,0,3,0,1024,11,1285937378
8584,250498825,566,250499391,0,9,1,512,32,10077149785
8585,250527994,5802,250533796,0,9,1,6144,32,4191365918
8586,250530323,93284,250623607,0,8,0,16384,3,8900903966
8587,250535381,43904,250579285,0,7,0,512,33,7216566908
8588,250571165,5802,250576967,0,3,1,6144,11,9558809601
8589,250639334,6278,250645612,0,6,1,6656,42,1931943698
8590,250644889,43904,250688793,0,3,0,512,11,6176460780
8591,250654773,1994,250656767,0,3,1,2048,11,3388817768
8592,250659636,3128,250662764,0,0,1,9216,17,4890287027
8593,250660056,45596,250705652,0,7,0,1024,33,4669482697
8594,250672275,109261,250781536,0,0,0,39424,17,3773615169
8595,250673508,105248,250778756,0,2,0,45568,23,4057448758
8596,250680869,5802,250686671,0,0,1,6144,17,3947253063
8597,250682584,4374,250686958,0,8,1,4608,3,9108674896
8598,250686601,98072,250784673,0,5,0,22016,19,10310577649
8599,250691871,43904,250735775,0,3,0,512,11,129357377
8600,250708365,1994,250710359,0,1,1,2048,36,9868944757
8601,250745336,3904,250749240,0,0,1,10752,17,9405028421
8602,250795848,11274,250807122,0,0,1,18432,17,6149866826
8603,250853017,99320,250952337,0,5,0,26112,19,6781148818
8604,250865409,5196,250870605,0,1,1,13312,36,9622759085
8605,250870338,47288,250917626,0,3,0,1536,11,6181657968
8606,250870464,116948,250987412,0,0,0,83968,17,2448544129
8607,250925775,1518,250927293,0,0,1,1536,17,96237588
8608,250933422,83624,251017046,0,5,0,19968,19,6789588653
8609,250945431,3422,250948853,0,0,1,3584,17,7222787836
8610,250998149,43904,251042053,0,7,0,512,33,9437018533
8611,251107407,1042,251108449,0,0,1,1024,17,3751214187
8612,251108829,3422,251112251,0,1,1,3584,36,5460500480
8613,251109552,102908,251212460,0,5,0,37888,19,4164072111
8614,251112508,100412,251212920,0,8,0,29696,3,67762739
8615,251158279,174068,251332347,0,2,0,145408,23,10183561058
8616,251222195,47288,251269483,0,3,0,1536,11,8424738434
8617,251226223,4679,251230902,0,1,1,12288,36,2442468716
8618,251235891,54056,251289947,0,8,0,3584,3,2382606415
8619,251308450,2470,251310920,0,5,1,2560,19,10274442218
8620,251345900,45596,251391496,0,7,0,1024,33,1851877303
8621,251383736,43904,251427640,0,3,0,512,11,8477133805
8622,251388576,4162,251392738,0,0,1,11264,17,10508353392
8623,251418304,224609,251642913,0,0,0,138752,17,7028088029
8624,251462065,3422,251465487,0,1,1,3584,36,704713704
8625,251496113,45596,251541709,0,3,0,1024,11,7806389355
8626,251504339,566,251504905,0,1,1,512,36,1900883600
8627,251520944,103220,251624164,0,8,0,38912,3,5914815261
8628,251532000,3898,251535898,0,0,1,4096,17,9689887159
8629,251579039,1994,251581033,0,5,1,2048,19,1952287064
8630,251612558,116324,251728882,0,5,0,81920,19,6988607582
8631,251620811,50672,251671483,0,3,0,2560,11,4235818470
8632,251662206,98228,251760434,0,2,0,22528,23,1918847608
8633,251684860,3128,251687988,0,1,1,9216,36,7285292992
8634,251716277,3422,251719699,0,0,1,3584,17,3955104048
8635,251725007,43904,251768911,0,3,0,512,11,959979897
8636,251735915,10757,251746672,0,1,1,17408,36,957934190
8637,251759556,566,251760122,0,0,1,512,17,1427270673
8638,251800160,2946,251803106,0,5,1,3072,19,3180169648
8639,251801549,3387,251804936,0,0,1,9728,17,8228512230
8640,251824003,82088,251906091,0,2,0,19968,23,3560349102
8641,251825658,566,251826224,0,1,1,512,36,4796386468
8642,251842473,1994,251844467,0,0,1,2048,17,9557222568
8643,251935046,129428,252064474,0,5,0,124928,19,6653989740
8644,251968393,3387,251971780,0,4,1,9728,44,8641303313
8645,251970980,94844,252065824,0,2,0,21504,23,7099090943
8646,251996949,104629,252101578,0,2,0,6656,23,8681782224
8647,251999796,4850,252004646,0,5,1,5120,19,6576521441
8648,252006144,4374,252010518,0,0,1,4608,17,7632500157
8649,252010536,71156,252081692,0,8,0,14336,3,7447757393
8650,252022771,5712,252028483,0,2,1,14336,23,2982193469
8651,252038394,47288,252085682,0,7,0,1536,33,8738448209
8652,252089208,45596,252134804,0,7,0,1024,33,9457064490
8653,252099599,1994,252101593,0,4,1,2048,44,4647390274
8654,252122039,1994,252124033,0,5,1,2048,19,8300195550
8655,252127927,6754,252134681,0,5,1,7168,19,9417278796
8656,252137355,6754,252144109,0,5,1,7168,19,3984086833
8657,252180037,2946,252182983,0,0,1,3072,17,5363579232
8658,252222303,6754,252229057,0,0,1,7168,17,9902744638
8659,252223145,43904,252267049,0,7,0,512,33,4226912891
8660,252224260,5454,252229714,0,5,1,13824,19,6876956991
8661,252236508,72212,252308720,0,0,0,5632,17,5320427525
8662,252248186,43904,252292090,0,7,0,512,33,5898025150
8663,252251454,43904,252295358,0,7,0,512,33,9164935031
8664,252253931,5326,252259257,0,5,1,5632,19,299920678
8665,252272190,4374,252276564,0,1,1,4608,36,6396084238
8666,252272226,108368,252380594,0,2,0,55808,23,8139189756
8667,252391931,100880,252492811,0,2,0,31232,23,3647648932
8668,252415340,108212,252523552,0,5,0,55296,19,1728459610
8669,252436982,1994,252438976,0,0,1,2048,17,841326924
8670,252490781,566,252491347,0,0,1,512,17,5780887589
8671,252502476,111956,252614432,0,8,0,67584,3,346665769
8672,252525801,7706,252533507,0,5,1,8192,19,4178835715
8673,252565208,47756,252612964,0,3,0,3072,11,4094592507
8674,252576793,3904,252580697,0,0,1,10752,17,972382816
8675,252588911,1042,252589953,0,5,1,1024,19,1349423342
8676,252592368,98546,252690914,0,0,0,22016,17,3572464408
8677,252598251,3128,252601379,0,6,1,9216,42,6950975144
8678,252604787,48980,252653767,0,0,0,2048,17,6595609682
8679,252607368,5326,252612694,0,5,1,5632,19,4462258963
8680,252616417,1042,252617459,0,5,1,1024,19,8235832644
8681,252664691,566,252665257,0,6,1,512,42,7208572488
8682,252709029,1042,252710071,0,0,1,1024,17,5009837200
8683,252718324,1518,252719842,0,5,1,1536,19,4933138509
8684,252743668,104780,252848448,0,8,0,44032,3,9643641067
8685,252749519,3645,252753164,0,5,1,10240,19,3415891935
8686,252757236,566,252757802,0,9,1,512,32,1612482525
8687,252770416,91172,252861588,0,0,0,24576,17,8501337057
8688,252792048,100880,252892928,0,5,0,31232,19,3563286
8689,252796870,1042,252797912,0,9,1,1024,32,7381568159
8690,252819011,106028,252925039,0,2,0,48128,23,634680278
8691,252822642,6278,252828920,0,1,1,6656,36,5292671436
8692,252850740,3904,252854644,0,9,1,10752,32,8129324664
8693,252861240,566,252861806,0,5,1,512,19,6555099721
8694,252869382,3904,252873286,0,0,1,10752,17,3774486867
8695,252874412,77324,252951736,0,2,0,19456,23,9481461897
8696,252877111,100256,252977367,0,8,0,29184,3,1357071376
8697,252880842,1994,252882836,0,0,1,2048,17,4236579432
8698,252884624,2946,252887570,0,4,1,3072,44,9647247366
8699,252884907,6209,252891116,0,4,1,5632,44,7437364180
8700,252935885,43904,252979789,0,7,0,512,33,3966724534
8701,252940701,102440,253043141,0,0,0,36352,17,2235996110
8702,253029471,93932,253123403,0,5,0,23552,19,10170182410
8703,253054455,1518,253055973,0,9,1,1536,32,1541574450
8704,253069526,74360,253143886,0,8,0,9728,3,271443170
8705,253082084,86852,253168936,0,2,0,20480,23,2374386822
8706,253225181,3128,253228309,0,4,1,9216,44,9450244952
8707,253231438,100568,253332006,0,2,0,30208,23,8413195587
8708,253234099,47288,253281387,0,0,0,1536,17,3061198723
8709,253242406,7230,253249636,0,9,1,7680,32,9853890817
8710,253262162,54680,253316842,0,8,0,5632,3,6031138265
8711,253275003,1994,253276997,0,9,1,2048,32,2349870406
8712,253338911,1518,253340429,0,9,1,1536,32,10116630370
8713,253346073,158836,253504909,0,0,0,32256,17,2583068812
8714,253354565,127656,253482221,0,0,0,51200,17,9961915999
8715,253361505,1042,253362547,0,0,1,1024,17,61405017
8716,253401186,2470,253403656,0,0,1,2560,17,8525372754
8717,253407384,43904,253451288,0,7,0,512,33,2885029534
8718,253421392,99944,253521336,0,2,0,28160,23,1597877146
8719,253445463,566,253446029,0,4,1,512,44,4562917984
8720,253468063,17795,253485858,0,0,1,10240,17,911730576
8721,253475486,4850,253480336,0,1,1,5120,36,8199799016
8722,253477537,3898,253481435,0,4,1,4096,44,4555570103
8723,253488259,2470,253490729,0,1,1,2560,36,7240078709
8724,253507900,4374,253512274,0,1,1,4608,36,1657693629
8725,253510363,3422,253513785,0,3,1,3584,11,3754119431
8726,253583219,10241,253593460,0,4,1,16384,44,1404107763
8727,253583435,176358,253759793,0,0,0,19456,17,7562093178
8728,253606060,84824,253690884,0,2,0,13824,23,3327964061
8729,253613349,207767,253821116,0,0,0,201216,17,1075290534
8730,253629768,566,253630334,0,1,1,512,36,1950588213
8731,253644496,1994,253646490,0,3,1,2048,11,8228079599
8732,253652964,4850,253657814,0,1,1,5120,36,9107957200
8733,253654978,4850,253659828,0,4,1,5120,44,10515075767
8734,253750934,566,253751500,0,1,1,512,36,3558991531
8735,253756322,5326,253761648,0,4,1,5632,44,2637020426
8736,253766124,4162,253770286,0,4,1,11264,44,4903223510
8737,253789281,100724,253890005,0,8,0,30720,3,7268375447
8738,253819035,1994,253821029,0,1,1,2048,36,9953299857
8739,253828559,1042,253829601,0,4,1,1024,44,2614880493
8740,253869081,52364,253921445,0,7,0,3072,33,5994469474
8741,253877882,4850,253882732,0,1,1,5120,36,1442094217
8742,253892566,1042,253893608,0,1,1,1024,36,4421392637
8743,253930154,3898,253934052,0,1,1,4096,36,2891763651
8744,253943695,103532,254047227,0,0,0,39936,17,9474008117
8745,253947263,43904,253991167,0,7,0,512,33,9163195744
8746,253954962,2946,253957908,0,0,1,3072,17,4003662508
8747,253959733,126620,254086353,0,2,0,115712,23,1945743506
8748,253967711,101686,254069397,0,0,0,10752,17,6321082415
8749,253988249,5454,253993703,0,0,1,13824,17,8882555148
8750,254021071,3898,254024969,0,1,1,4096,36,4311941953
8751,254038504,102440,254140944,0,7,0,36352,33,10393693107
8752,254040639,6278,254046917,0,3,1,6656,11,10027285148
8753,254045901,3128,254049029,0,3,1,9216,11,5052069051
8754,254075094,107910,254183004,0,0,0,47104,17,4571209353
8755,254101804,109304,254211108,0,8,0,58880,3,6055895257
8756,254117984,70376,254188360,0,5,0,11776,19,2825151928
8757,254133928,1042,254134970,0,3,1,1024,11,6041216128
8758,254158302,81834,254240136,0,8,0,10752,3,8332713881
8759,254173890,566,254174456,0,4,1,512,44,8287502386
8760,254194416,1042,254195458,0,4,1,1024,44,3452037749
8761,254210231,138068,254348299,0,7,0,133120,33,8388713791
8762,254242084,107276,254349360,0,2,0,52224,23,9441252519
8763,254303666,103532,254407198,0,5,0,39936,19,5459445673
8764,254334533,100724,254435257,0,0,0,30720,17,1275726935
8765,254340927,3904,254344831,0,0,1,10752,17,1491920374
8766,254374698,566,254375264,0,3,1,512,11,6847331788
8767,254393925,1518,254395443,0,4,1,1536,44,1088434241
8768,254397176,74360,254471536,0,8,0,9728,3,6357409053
8769,254424110,47288,254471398,0,3,0,1536,11,9522568222
8770,254432166,43904,254476070,0,3,0,512,11,5204931562
8771,254482376,98540,254580916,0,8,0,23552,3,9800662512
8772,254508367,77744,254586111,0,0,0,10752,17,1771891786
8773,254518292,4850,254523142,0,4,1,5120,44,4437067613
8774,254533382,5712,254539094,0,4,1,14336,44,5039987392
8775,254625936,189047,254814983,0,5,0,52736,19,8326106327
8776,254629845,169055,254798900,0,5,0,106496,19,2874269402
8777,254645033,5326,254650359,0,4,1,5632,44,2970253663
8778,254733821,108680,254842501,0,2,0,56832,23,5797155258
8779,254757502,1994,254759496,0,1,1,2048,36,7568225847
8780,254776646,4374,254781020,0,1,1,4608,36,5682405368
8781,254847754,566,254848320,0,0,1,512,17,7398078923
8782,254852077,43904,254895981,0,1,0,512,36,2130416256
8783,254866058,1518,254867576,0,0,1,1536,17,9190951798
8784,254869270,80684,254949954,0,8,0,15360,3,2857434775
8785,254903744,1042,254904786,0,4,1,1024,44,7024463219
8786,254909516,43904,254953420,0,3,0,512,11,9043355426
8787,254948708,79450,255028158,0,8,0,12288,3,1474473341
8788,254979541,4850,254984391,0,1,1,5120,36,5371077242
8789,254984093,3422,254987515,0,0,1,3584,17,10167166896
8790,254991261,104000,255095261,0,5,0,41472,19,6420461775
8791,255015291,123788,255139079,0,5,0,43008,19,4829426329
8792,255027123,70220,255097343,0,2,0,11264,23,10041230219
8793,255055770,4850,255060620,0,1,1,5120,36,9101702067
8794,255127400,99008,255226408,0,0,0,25088,17,5000585103
8795,255137097,1518,255138615,0,1,1,1536,36,609902258
8796,255149308,80391,255229699,0,0,0,10752,17,8169046019
8797,255150735,2870,255153605,0,0,1,8704,17,2101217471
8798,255200544,57752,255258296,0,5,0,5632,19,9623606138
8799,255226207,43904,255270111,0,3,0,512,11,10556121158
8800,255229600,101036,255330636,0,2,0,31744,23,4340743141
8801,255234304,3128,255237432,0,1,1,9216,36,1660649740
8802,255235622,1042,255236664,0,4,1,1024,44,4320692627
8803,255253907,116168,255370075,0,0,0,81408,17,10096420055
8804,255264060,69308,255333368,0,5,0,13312,19,4514766063
8805,255276295,116168,255392463,0,8,0,81408,3,8344271243
8806,255341616,103376,255444992,0,7,0,39424,33,6546663486
8807,255345860,1518,255347378,0,4,1,1536,44,10698368053
8808,255361996,146840,255508836,0,5,0,136704,19,5721689180
8809,255384878,149308,255534186,0,5,0,32256,19,5494419193
8810,255386803,1994,255388797,0,4,1,2048,44,976982055
8811,255406900,155504,255562404,0,5,0,48128,19,3798806345
8812,255421655,566,255422221,0,4,1,512,44,4815182519
8813,255439234,123010,255562244,0,7,0,84992,33,5579623164
8814,255459831,566,255460397,0,1,1,512,36,10575190186
8815,255480876,4374,255485250,0,0,1,4608,17,2696290233
8816,255496431,115232,255611663,0,0,0,78336,17,6311386175
8817,255684561,154988,255839549,0,0,0,138240,17,6412849063
8818,255691764,167231,255858995,0,0,0,19456,17,2548263336
8819,255717322,6278,255723600,0,1,1,6656,36,3785060183
8820,255721394,1042,255722436,0,5,1,1024,19,524611312
8821,255837677,6714,255844391,0,0,1,5120,17,7793108865
8822,255849358,111176,255960534,0,7,0,65024,33,1353338538
8823,255854949,6984,255861933,0,0,1,3072,17,8923453637
8824,255912021,3387,255915408,0,3,1,9728,11,10032786025
8825,255928704,123344,256052048,0,8,0,104960,3,9789074794
8826,255951113,1994,255953107,0,4,1,2048,44,9585710883
8827,255958613,55969,256014582,0,7,0,3584,33,3204083460
8828,255984459,43904,256028363,0,3,0,512,11,9180855275
8829,255997056,566,255997622,0,4,1,512,44,7173496057
8830,256046332,97448,256143780,0,7,0,19968,33,6741270843
8831,256074583,110552,256185135,0,5,0,62976,19,425710978
8832,256105207,3904,256109111,0,1,1,10752,36,8982469187
8833,256132981,144329,256277310,0,5,0,36352,19,8204941951
8834,256146724,119495,256266219,0,5,0,44544,19,9037209051
8835,256238223,2470,256240693,0,9,1,2560,32,7207718405
8836,256249037,566,256249603,0,1,1,512,36,4254402393
8837,256249448,88076,256337524,0,7,0,19456,33,6623203459
8838,256262324,5802,256268126,0,4,1,6144,44,10126211029
8839,256289061,114140,256403201,0,2,0,74752,23,1630718288
8840,256319289,102752,256422041,0,8,0,37376,3,1058312213
8841,256328423,1042,256329465,0,0,1,1024,17,6632363301
8842,256331896,5971,256337867,0,0,1,14848,17,10672624082
8843,256331999,43904,256375903,0,1,0,512,36,6882558990
8844,256339138,43904,256383042,0,3,0,512,11,1988663115
8845,256346390,98493,256444883,0,2,0,13824,23,6737499516
8846,256401832,47288,256449120,0,3,0,1536,11,10159055813
8847,256423351,104624,256527975,0,8,0,43520,3,4629791399
8848,256428527,3422,256431949,0,1,1,3584,36,7392540584
8849,256502398,50672,256553070,0,1,0,2560,36,9163587582
8850,256516178,2946,256519124,0,3,1,3072,11,1528997298
8851,256523355,3422,256526777,0,1,1,3584,36,2059445384
8852,256574701,111332,256686033,0,7,0,65536,33,5534962683
8853,256592205,116324,256708529,0,5,0,81920,19,594640884
8854,256602641,83132,256685773,0,0,0,13312,17,6120285989
8855,256603596,169845,256773441,0,7,0,52736,33,4320531399
8856,256629168,229463,256858631,0,5,0,180224,19,10536561322
8857,256664929,45596,256710525,0,1,0,1024,36,8683369153
8858,256667035,1994,256669029,0,1,1,2048,36,9917314708
8859,256689358,102128,256791486,0,0,0,35328,17,10094874556
8860,256700766,102440,256803206,0,1,0,36352,36,5041705451
8861,256702539,1518,256704057,0,1,1,1536,36,10564610400
8862,256716592,166507,256883099,0,5,0,11264,19,1085191622
8863,256717557,1042,256718599,0,0,1,1024,17,10565170823
8864,256736199,56996,256793195,0,8,0,8192,3,4952568918
8865,256769335,3422,256772757,0,3,1,3584,11,10021082963
8866,256787507,1518,256789025,0,3,1,1536,11,9861204004
8867,256816732,1994,256818726,0,0,1,2048,17,931979166
8868,256846376,1042,256847418,0,0,1,1024,17,3334982356
8869,256852236,1042,256853278,0,0,1,1024,17,1827923039
8870,256891513,139760,257031273,0,8,0,133632,3,8796196878
8871,256970455,64208,257034663,0,5,0,6656,19,5401153103
8872,256973700,43904,257017604,0,3,0,512,11,5859071113
8873,257009534,26105,257035639,0,8,1,4608,3,2116034434
8874,257016465,1994,257018459,0,1,1,2048,36,6001854124
8875,257027375,47288,257074663,0,3,0,1536,11,7585368072
8876,257048684,3422,257052106,0,3,1,3584,11,210018466
8877,257054191,83288,257137479,0,7,0,13824,33,6584533797
8878,257084745,82712,257167457,0,0,0,22016,17,630092075
8879,257086151,3898,257090049,0,1,1,4096,36,1106435511
8880,257090533,122252,257212785,0,5,0,101376,19,2150159678
8881,257121762,110552,257232314,0,7,0,62976,33,4353187359
8882,257180211,43904,257224115,0,3,0,512,11,462635502
8883,257191530,131643,257323173,0,5,0,62464,19,8367212017
8884,257221405,7706,257229111,0,3,1,8192,11,2463777240
8885,257240672,1042,257241714,0,1,1,1024,36,8478521753
8886,257269399,128696,257398095,0,5,0,80384,19,5773034957
8887,257270788,4374,257275162,0,8,1,4608,3,4522473921
8888,257284771,4374,257289145,0,1,1,4608,36,1375326180
8889,257290070,116480,257406550,0,0,0,82432,17,3092622535
8890,257347666,1518,257349184,0,5,1,1536,19,6989047377
8891,257358507,566,257359073,0,3,1,512,11,7367648456
8892,257370331,121316,257491647,0,7,0,98304,33,743569024
8893,257377616,85448,257463064,0,1,0,15872,36,486840647
8894,257378271,7706,257385977,0,3,1,8192,11,8628493016
8895,257383597,4937,257388534,0,8,1,12800,3,8369047698
8896,257412425,5326,257417751,0,1,1,5632,36,4558578483
8897,257413993,7624,257421617,0,1,1,6144,36,6531429778
8898,257426075,77693,257503768,0,1,0,1024,36,6546873233
8899,257428172,103598,257531770,0,1,0,18432,36,1701086274
8900,257452570,48980,257501550,0,3,0,2048,11,6171977591
8901,257477295,1518,257478813,0,0,1,1536,17,608707299
8902,257478223,1994,257480217,0,8,1,2048,3,336294321
8903,257481179,91748,257572927,0,8,0,16384,3,10659641310
8904,257494911,70407,257565318,0,3,0,512,11,2124515519
8905,257496952,3898,257500850,0,0,1,4096,17,1395070584
8906,257497893,115232,257613125,0,7,0,78336,33,10017824540
8907,257530404,566,257530970,0,5,1,512,19,1927020748
8908,257544575,93025,257637600,0,0,0,11264,17,6101099981
8909,257546197,3422,257549619,0,3,1,3584,11,7654037215
8910,257564601,45596,257610197,0,3,0,1024,11,2404279990
8911,257570513,106340,257676853,0,5,0,49152,19,3454646471
8912,257576896,103688,257680584,0,0,0,40448,17,1373163586
8913,257631180,4374,257635554,0,1,1,4608,36,10156442764
8914,257633409,43904,257677313,0,3,0,512,11,9805592950
8915,257657122,45596,257702718,0,3,0,1024,11,7982282448
8916,257685270,115232,257800502,0,7,0,78336,33,3929943832
8917,257708288,45596,257753884,0,3,0,1024,11,1493417622
8918,257711721,4420,257716141,0,8,1,11776,3,6549265092
8919,257712251,43904,257756155,0,3,0,512,11,3216836178
8920,257712903,105557,257818460,0,7,0,35328,33,1855966173
8921,257744596,109772,257854368,0,2,0,60416,23,10123861444
8922,257750160,3422,257753582,0,7,1,3584,33,8442379994
8923,257778493,43904,257822397,0,3,0,512,11,1526945266
8924,257779853,101192,257881045,0,1,0,32256,36,2995577253
8925,257782629,103064,257885693,0,5,0,38400,19,6112836854
8926,257815682,110242,257925924,0,2,0,40960,23,10045980055
8927,257834905,98852,257933757,0,2,0,24576,23,1825159959
8928,257917592,4374,257921966,0,0,1,4608,17,9280253206
8929,257933647,68528,258002175,0,7,0,10752,33,466930961
8930,257935168,4850,257940018,0,8,1,5120,3,9484040022
8931,257940904,3422,257944326,0,8,1,3584,3,9775345844
8932,257942955,64232,258007187,0,0,0,11776,17,5816972563
8933,257988704,4850,257993554,0,7,1,5120,33,9708802803
8934,258033143,2470,258035613,0,3,1,2560,11,4080945128
8935,258043646,45596,258089242,0,3,0,1024,11,2927695098
8936,258053477,45596,258099073,0,3,0,1024,11,4293119765
8937,258061367,95312,258156679,0,8,0,23040,3,1028724130
8938,258067865,2946,258070811,0,5,1,3072,19,4993677257
8939,258068436,83312,258151748,0,7,0,18944,33,1845150994
8940,258099007,1042,258100049,0,1,1,1024,36,3096991296
8941,258110190,1994,258112184,0,9,1,2048,32,3654989812
8942,258111469,107432,258218901,0,2,0,52736,23,7118564574
8943,258132248,103532,258235780,0,7,0,39936,33,2818026054
8944,258168731,64208,258232939,0,5,0,6656,19,428424748
8945,258170747,4937,258175684,0,8,1,12800,3,9149887347
8946,258185089,112868,258297957,0,2,0,27648,23,1334262824
8947,258197970,194114,258392084,0,8,0,44032,3,9364703013
8948,258199777,91328,258291105,0,0,0,25088,17,9474709505
8949,258204563,1518,258206081,0,9,1,1536,32,7545609341
8950,258214885,1994,258216879,0,1,1,2048,36,6162980593
8951,258248651,1994,258250645,0,5,1,2048,19,3979279256
8952,258253214,80654,258333868,0,5,0,16896,19,2486244722
8953,258266412,5196,258271608,0,9,1,13312,32,4693120595
8954,258271319,3422,258274741,0,5,1,3584,19,6833042245
8955,258277863,6278,258284141,0,8,1,6656,3,4840635793
8956,258280227,2946,258283173,0,0,1,3072,17,3437069559
8957,258285069,9450,258294519,0,0,1,3584,17,1890496612
8958,258334806,79449,258414255,0,1,0,7168,36,95258073
8959,258340490,3128,258343618,0,9,1,9216,32,6582513542
8960,258347622,7706,258355328,0,3,1,8192,11,7355937024
8961,258348232,12308,258360540,0,1,1,20480,36,5496659438
8962,258366338,118664,258485002,0,8,0,89600,3,8197313930
8963,258370743,566,258371309,0,5,1,512,19,3151354
8964,258378574,13525,258392099,0,8,1,3584,3,9225237076
8965,258403973,3387,258407360,0,8,1,9728,3,10119817836
8966,258419228,4374,258423602,0,4,1,4608,44,7355814015
8967,258443338,43904,258487242,0,3,0,512,11,3655224897
8968,258464921,108905,258573826,0,8,0,16896,3,6921568866
8969,258490321,2946,258493267,0,3,1,3072,11,5736485120
8970,258491827,2946,258494773,0,8,1,3072,3,9912743621
8971,258536670,566,258537236,0,3,1,512,11,7184003448
8972,258565733,1042,258566775,0,3,1,1024,11,3780357854
8973,258567986,95132,258663118,0,7,0,17408,33,3494327936
8974,258584917,3387,258588304,0,5,1,9728,19,9626621983
8975,258597711,3422,258601133,0,3,1,3584,11,1019411470
8976,258619446,1042,258620488,0,8,1,1024,3,2619570704
8977,258635154,7706,258642860,0,2,1,8192,23,4940884336
8978,258648411,1994,258650405,0,2,1,2048,23,5691021695
8979,258655323,55148,258710471,0,7,0,7168,33,7172572406
8980,258663192,103532,258766724,0,1,0,39936,36,94035289
8981,258672407,7230,258679637,0,8,1,7680,3,6104026691
8982,258736318,5802,258742120,0,3,1,6144,11,4443563359
8983,258736666,5326,258741992,0,8,1,5632,3,9864160521
8984,258763746,1518,258765264,0,8,1,1536,3,4382913252
8985,258768406,43904,258812310,0,3,0,512,11,3114235263
8986,258776020,566,258776586,0,3,1,512,11,8792817529
8987,258804244,43904,258848148,0,3,0,512,11,6133367945
8988,258806500,98072,258904572,0,1,0,22016,36,3423606580
8989,258809593,566,258810159,0,2,1,512,23,10288995068
8990,258812539,43904,258856443,0,3,0,512,11,8418716239
8991,258837430,107900,258945330,0,7,0,54272,33,7430162657
8992,258876637,3128,258879765,0,3,1,9216,11,2933018834
8993,258914542,100880,259015422,0,5,0,31232,19,8326164109
8994,258938736,73578,259012314,0,7,0,10752,33,1498416729
8995,258943431,2470,258945901,0,2,1,2560,23,4192870110
8996,258944932,2470,258947402,0,8,1,2560,3,6720638815
8997,258951948,89910,259041858,0,7,0,22016,33,8322492201
8998,259002575,4850,259007425,0,2,1,5120,23,743345376
8999,259089102,2470,259091572,0,2,1,2560,23,8058335537
9000,259093556,71000,259164556,0,7,0,13824,33,5827204014
9001,259164905,191060,259355965,0,8,0,165888,3,6313955702
9002,259184802,100412,259285214,0,7,0,29696,33,8416795350
9003,259195413,1518,259196931,0,2,1,1536,23,5831630802
9004,259202826,106964,259309790,0,7,0,51200,33,5126919472
9005,259218686,109928,259328614,0,1,0,60928,36,3112825138
9006,259264404,100412,259364816,0,1,0,29696,36,4390146264
9007,259289475,5802,259295277,0,2,1,6144,23,6096503822
9008,259298677,43904,259342581,0,3,0,512,11,5873348625
9009,259312523,5802,259318325,0,2,1,6144,23,7754596957
9010,259312776,140161,259452937,0,8,0,18432,3,5959072190
9011,259339701,118352,259458053,0,5,0,88576,19,5151466817
9012,259384965,190124,259575089,0,8,0,162816,3,1407396909
9013,259396256,7706,259403962,0,2,1,8192,23,5967876707
9014,259397794,89900,259487694,0,7,0,15360,33,677151422
9015,259403458,117939,259521397,0,2,0,40960,23,7332769121
9016,259462072,115536,259577608,0,8,0,8192,3,2461577312
9017,259511065,66714,259577779,0,8,0,512,3,4554481521
9018,259534094,5326,259539420,0,2,1,5632,23,435133303
9019,259560961,18295,259579256,0,8,1,1536,3,4142003098
9020,259577271,3904,259581175,0,3,1,10752,11,1594706910
9021,259578945,3898,259582843,0,2,1,4096,23,5158460962
9022,259579160,98095,259677255,0,3,0,1024,11,9788895516
9023,259589250,43904,259633154,0,3,0,512,11,2661841514
9024,259617754,3898,259621652,0,3,1,4096,11,8299615795
9025,259621700,59132,259680832,0,2,0,5120,23,4534764419
9026,259655450,105248,259760698,0,7,0,45568,33,401973934
9027,259662049,3904,259665953,0,2,1,10752,23,8895889192
9028,259693017,2870,259695887,0,8,1,8704,3,8229757561
9029,259704785,109148,259813933,0,7,0,58368,33,1282683681
9030,259721608,68060,259789668,0,1,0,9216,36,6002821338
9031,259729256,54524,259783780,0,9,0,5120,32,9558127509
9032,259731217,1042,259732259,0,2,1,1024,23,5096227430
9033,259753033,114357,259867390,0,2,0,8704,23,9313226535
9034,259902787,1518,259904305,0,8,1,1536,3,1418022775
9035,259928189,47288,259975477,0,5,0,1536,19,4835746519
9036,259945320,101348,260046668,0,7,0,32768,33,5693951660
9037,259951408,3898,259955306,0,8,1,4096,3,5296843124
9038,259987621,1042,259988663,0,3,1,1024,11,7095722127
9039,260044925,5326,260050251,0,2,1,5632,23,10005886507
9040,260058959,100412,260159371,0,1,0,29696,36,2810214448
9041,260062303,111020,260173323,0,7,0,64512,33,4914510287
9042,260077526,2470,260079996,0,2,1,2560,23,4752741869
9043,260104201,2470,260106671,0,8,1,2560,3,7293970670
9044,260104785,111800,260216585,0,2,0,67072,23,6476363120
9045,260137555,3387,260140942,0,2,1,9728,23,5844894513
9046,260184931,1042,260185973,0,2,1,1024,23,2902826581
9047,260209577,57672,260267249,0,2,0,2560,23,3517460553
9048,260258343,15062,260273405,0,8,1,29184,3,7431339724
9049,260306175,566,260306741,0,3,1,512,11,8853946858
9050,260324978,65900,260390878,0,7,0,7168,33,4269794400
9051,260331100,110864,260441964,0,1,0,64000,36,9452214635
9052,260353379,4850,260358229,0,3,1,5120,11,6249127120
9053,260388640,43904,260432544,0,5,0,512,19,9435973631
9054,260403230,48980,260452210,0,3,0,2048,11,5090644737
9055,260407577,6754,260414331,0,8,1,7168,3,1444160784
9056,260464914,47288,260512202,0,3,0,1536,11,3542390712
9057,260474132,60824,260534956,0,7,0,5632,33,348960754
9058,260502776,1042,260503818,0,2,1,1024,23,3126977091
9059,260543197,566,260543763,0,2,1,512,23,1576709189
9060,260569097,75164,260644261,0,8,0,17408,3,2645508461
9061,260571447,1042,260572489,0,8,1,1024,3,2317575960
9062,260604548,566,260605114,0,2,1,512,23,4549910424
9063,260606327,4937,260611264,0,8,1,12800,3,9941240428
9064,260633666,112268,260745934,0,5,0,68608,19,2652833668
9065,260648599,96716,260745315,0,2,0,27648,23,728011336
9066,260702525,47288,260749813,0,3,0,1536,11,5034384459
9067,260708008,100880,260808888,0,2,0,31232,23,2650507277
9068,260750818,157401,260908219,0,2,0,20992,23,1360644857
9069,260785314,3898,260789212,0,2,1,4096,23,9628649621
9070,260816864,3898,260820762,0,2,1,4096,23,8806726142
9071,260829947,166790,260996737,0,2,0,88576,23,367422066
9072,260833843,5712,260839555,0,2,1,14336,23,3183377977
9073,260838737,3645,260842382,0,2,1,10240,23,9551133970
9074,260883589,3128,260886717,0,5,1,9216,19,8834843527
9075,260951026,1994,260953020,0,3,1,2048,11,5869775938
9076,260973805,91748,261065553,0,5,0,16384,19,3356859324
9077,260974252,68528,261042780,0,1,0,10752,36,680885786
9078,261025310,116324,261141634,0,5,0,81920,19,8210650098
9079,261094248,47288,261141536,0,1,0,1536,36,7632507311
9080,261102554,118272,261220826,0,1,0,33792,36,9495494019
9081,261317805,1994,261319799,0,3,1,2048,11,7473765348
9082,261355763,104312,261460075,0,5,0,42496,19,3104391683
9083,261377251,43904,261421155,0,3,0,512,11,10335088628
9084,261411880,91640,261503520,0,2,0,26112,23,3023222628
9085,261434434,77168,261511602,0,2,0,18944,23,2644603437
9086,261457214,50672,261507886,0,1,0,2560,36,3129267118
9087,261475985,3422,261479407,0,3,1,3584,11,8602756441
9088,261546493,104624,261651117,0,1,0,43520,36,4508852737
9089,261554432,86828,261641260,0,8,0,15360,3,2797436891
9090,261579832,43904,261623736,0,1,0,512,36,9645338786
9091,261606396,103220,261709616,0,8,0,38912,3,1128704099
9092,261640584,45596,261686180,0,3,0,1024,11,3996125980
9093,261698625,3645,261702270,0,2,1,10240,23,8022648599
9094,261698764,6158,261704922,0,2,1,9216,23,5566215371
9095,261702922,63920,261766842,0,5,0,10752,19,5815791829
9096,261717907,4374,261722281,0,3,1,4608,11,4114773785
9097,261725024,3898,261728922,0,1,1,4096,36,2291331433
9098,261740203,111611,261851814,0,1,0,40448,36,4760333658
9099,261777443,5802,261783245,0,2,1,6144,23,1417166972
9100,261790197,1994,261792191,0,1,1,2048,36,6105619897
9101,261804324,1042,261805366,0,1,1,1024,36,6695906364
9102,261840855,77794,261918649,0,2,0,9728,23,10297078652
9103,261884909,6278,261891187,0,1,1,6656,36,3406421075
9104,261936994,88388,262025382,0,5,0,20480,19,3287942705
9105,261951541,3422,261954963,0,3,1,3584,11,10448382427
9106,261977356,134804,262112160,0,5,0,77312,19,6335418316
9107,261980952,115347,262096299,0,1,0,63488,36,4269091664
9108,261985591,89869,262075460,0,1,0,15360,36,5511322829
9109,261992018,2470,261994488,0,3,1,2560,11,6172811074
9110,262001383,120848,262122231,0,7,0,96768,33,8565249364
9111,262055241,43904,262099145,0,3,0,512,11,3975405978
9112,262073825,1994,262075819,0,2,1,2048,23,7725902346
9113,262084324,1518,262085842,0,3,1,1536,11,6722065179
9114,262098687,80301,262178988,0,5,0,10240,19,5136402136
9115,262106738,72925,262179663,0,7,0,4608,33,5045233965
9116,262114258,45596,262159854,0,3,0,1024,11,497751185
9117,262119836,55748,262175584,0,2,0,4096,23,5097161266
9118,262120828,7230,262128058,0,3,1,7680,11,1124300711
9119,262169422,5802,262175224,0,1,1,6144,36,1027003022
9120,262176835,6754,262183589,0,3,1,7168,11,9181116308
9121,262204462,43904,262248366,0,3,0,512,11,1880129309
9122,262285413,566,262285979,0,3,1,512,11,9854955481
9123,262312543,112268,262424811,0,8,0,68608,3,2250120081
9124,262372944,115076,262488020,0,7,0,77824,33,266988442
9125,262391416,3422,262394838,0,2,1,3584,23,2842734664
9126,262399334,65900,262465234,0,8,0,7168,3,4553404066
9127,262399942,6278,262406220,0,1,1,6656,36,3519723987
9128,262447220,104780,262552000,0,2,0,44032,23,8391533530
9129,262477570,78345,262555915,0,2,0,12800,23,6028537994
9130,262491078,90104,262581182,0,8,0,26112,3,8182799170
9131,262500140,3898,262504038,0,3,1,4096,11,6994221976
9132,262507861,160844,262668705,0,7,0,142336,33,3910982734
9133,262514527,102596,262617123,0,5,0,36864,19,7873012584
9134,262517757,5454,262523211,0,3,1,13824,11,10559352389
9135,262542704,73604,262616308,0,8,0,12288,3,4424765164
9136,262640081,3422,262643503,0,2,1,3584,23,6893928306
9137,262713788,5802,262719590,0,4,1,6144,44,1345184958
9138,262725891,99632,262825523,0,8,0,27136,3,4730373808
9139,262770874,155155,262926029,0,8,0,129024,3,8810735291
9140,262867474,48980,262916454,0,3,0,2048,11,7879049483
9141,262890332,4850,262895182,0,3,1,5120,11,8217948217
9142,262892967,1042,262894009,0,7,1,1024,33,4219988697
9143,262895066,54011,262949077,0,3,0,2560,11,9069325681
9144,262943593,566,262944159,0,3,1,512,11,9407082566
9145,262975797,6754,262982551,0,7,1,7168,33,3685824788
9146,263011356,117260,263128616,0,1,0,84992,36,1474135566
9147,263034812,7706,263042518,0,3,1,8192,11,4926471637
9148,263081150,105248,263186398,0,2,0,45568,23,650995045
9149,263096290,132992,263229282,0,8,0,131584,3,1692960752
9150,263154133,88676,263242809,0,2,0,16384,23,9293487233
9151,263162632,121628,263284260,0,5,0,99328,19,7249914421
9152,263167622,3422,263171044,0,4,1,3584,44,324319131
9153,263196290,3898,263200188,0,4,1,4096,44,3693037620
9154,263295102,72668,263367770,0,1,0,9216,36,272861419
9155,263312601,3904,263316505,0,3,1,10752,11,8145188809
9156,263375735,73916,263449651,0,5,0,13312,19,1847140472
9157,263387334,1042,263388376,0,6,1,1024,42,2971467884
9158,263387495,107744,263495239,0,1,0,53760,36,9627480883
9159,263397133,76052,263473185,0,1,0,10240,36,148921258
9160,263412513,1994,263414507,0,6,1,2048,42,9533484594
9161,263486201,5326,263491527,0,6,1,5632,42,9648135587
9162,263557936,100412,263658348,0,8,0,29696,3,1012365554
9163,263587847,3645,263591492,0,4,1,10240,44,10098950847
9164,263599364,6488,263605852,0,6,1,15872,42,4076173931
9165,263613443,1042,263614485,0,7,1,1024,33,7471672579
9166,263674736,1042,263675778,0,4,1,1024,44,4192840921
9167,263701991,6278,263708269,0,3,1,6656,11,4030867690
9168,263721697,1994,263723691,0,4,1,2048,44,3513690010
9169,263725987,5802,263731789,0,3,1,6144,11,4588727083
9170,263742442,566,263743008,0,3,1,512,11,4369024309
9171,263755345,104624,263859969,0,7,0,43520,33,7403954929
9172,263765071,91280,263856351,0,1,0,14848,36,5115952895
9173,263814702,73316,263888018,0,8,0,16384,3,7826212590
9174,263825453,103532,263928985,0,1,0,39936,36,10174703206
9175,263896871,3422,263900293,0,3,1,3584,11,1353517832
9176,263900692,120848,264021540,0,5,0,96768,19,4544886555
9177,263920243,144521,264064764,0,5,0,77312,19,2452656384
9178,263942377,101504,264043881,0,1,0,33280,36,601002661
9179,264053125,5326,264058451,0,3,1,5632,11,6462888067
9180,264067828,66212,264134040,0,7,0,8192,33,5583798608
9181,264096075,5802,264101877,0,3,1,6144,11,8967274456
9182,264161730,6754,264168484,0,4,1,7168,44,8571009448
9183,264271789,63140,264334929,0,5,0,8192,19,9408934672
9184,264272637,566,264273203,0,6,1,512,42,3416375728
9185,264318394,1518,264319912,0,6,1,1536,42,6893586377
9186,264338138,3422,264341560,0,3,1,3584,11,2649270359
9187,264352938,566,264353504,0,3,1,512,11,9034783018
9188,264365905,103688,264469593,0,5,0,40448,19,2087223828
9189,264366609,62828,264429437,0,8,0,7168,3,5125290268
9190,264376205,43904,264420109,0,3,0,512,11,7556327946
9191,264404464,1042,264405506,0,3,1,1024,11,9935375972
9192,264435395,4374,264439769,0,3,1,4608,11,3832197540
9193,264454728,108368,264563096,0,1,0,55808,36,10705104965
9194,264457720,2470,264460190,0,6,1,2560,42,7241579640
9195,264504125,5326,264509451,0,6,1,5632,42,674922213
9196,264520616,43904,264564520,0,3,0,512,11,8876562968
9197,264524258,2470,264526728,0,1,1,2560,36,10441246718
9198,264571749,2946,264574695,0,3,1,3072,11,4445872461
9199,264573855,4374,264578229,0,3,1,4608,11,95991880
9200,264627607,3898,264631505,0,3,1,4096,11,8454986913
9201,264647755,1042,264648797,0,3,1,1024,11,1323854675
9202,264657725,3422,264661147,0,4,1,3584,44,9291163093
9203,264672289,86204,264758493,0,5,0,13312,19,4670173472
9204,264703308,3422,264706730,0,4,1,3584,44,254269802
9205,264746268,3422,264749690,0,3,1,3584,11,8927820641
9206,264799365,566,264799931,0,3,1,512,11,4794310411
9207,264836900,102284,264939184,0,8,0,35840,3,2055777653
9208,264838783,3128,264841911,0,6,1,9216,42,595001566
9209,264844025,7230,264851255,0,6,1,7680,42,3862282306
9210,264875274,67592,264942866,0,7,0,7680,33,8697962013
9211,264878395,70976,264949371,0,7,0,8704,33,1077278571
9212,264920607,62228,264982835,0,7,0,10240,33,5440269525
9213,264929045,3898,264932943,0,4,1,4096,44,523900407
9214,264948040,7706,264955746,0,6,1,8192,42,5800246376
9215,264957093,106808,265063901,0,1,0,50688,36,4520142246
9216,264973955,4374,264978329,0,4,1,4608,44,971542612
9217,265028715,1518,265030233,0,6,1,1536,42,9102046245
9218,265060434,1042,265061476,0,3,1,1024,11,1077493727
9219,265128184,106652,265234836,0,5,0,50176,19,7207898060
9220,265131403,7706,265139109,0,3,1,8192,11,9258609025
9221,265143774,2946,265146720,0,3,1,3072,11,3991995635
9222,265152926,5802,265158728,0,3,1,6144,11,6557854532
9223,265168260,4374,265172634,0,3,1,4608,11,4572313696
9224,265178171,48980,265227151,0,3,0,2048,11,42555021
9225,265214274,109304,265323578,0,5,0,58880,19,1023228938
9226,265242286,97448,265339734,0,8,0,19968,3,9944294679
9227,265256625,100724,265357349,0,7,0,30720,33,4245721982
9228,265266745,43904,265310649,0,3,0,512,11,4442768709
9229,265331919,70064,265401983,0,1,0,10752,36,8208853804
9230,265336283,191563,265527846,0,8,0,161280,3,3846589283
9231,265568916,102284,265671200,0,1,0,35840,36,736581511
9232,265644827,2470,265647297,0,3,1,2560,11,8291084781
9233,265662199,566,265662765,0,7,1,512,33,6096290736
9234,265667067,102440,265769507,0,8,0,36352,3,1148826662
9235,265675544,4850,265680394,0,4,1,5120,44,7489483322
9236,265709218,104000,265813218,0,8,0,41472,3,2691794130
9237,265719005,105560,265824565,0,1,0,46592,36,7687492585
9238,265823171,188408,266011579,0,5,0,157184,19,5799058678
9239,265874408,143910,266018318,0,5,0,22016,19,5210760264
9240,265882056,1042,265883098,0,4,1,1024,44,1511740824
9241,265911278,99008,266010286,0,8,0,25088,3,9959635763
9242,265928606,1518,265930124,0,4,1,1536,44,923542066
9243,265949951,108836,266058787,0,1,0,57344,36,1594296418
9244,265990981,30242,266021223,0,5,1,3072,19,10013095511
9245,266002365,19976,266022341,0,5,1,9216,19,8289251027
9246,266038512,104875,266143387,0,1,0,35328,36,7228557428
9247,266071202,90836,266162038,0,5,0,18432,19,9529356916
9248,266083479,5802,266089281,0,5,1,6144,19,1113797188
9249,266136446,106496,266242942,0,5,0,49664,19,2092603410
9250,266187646,57440,266245086,0,1,0,4608,36,9454830697
9251,266217536,2946,266220482,0,4,1,3072,44,8262531376
9252,266245422,5196,266250618,0,5,1,13312,19,5610989353
9253,266268461,3422,266271883,0,6,1,3584,42,6361346725
9254,266277225,1518,266278743,0,6,1,1536,42,7233339440
9255,266290296,1994,266292290,0,4,1,2048,44,4314566093
9256,266299830,5802,266305632,0,5,1,6144,19,8799925139
9257,266318330,3898,266322228,0,5,1,4096,19,4861923171
9258,266322370,130988,266453358,0,8,0,130048,3,2839052619
9259,266433004,102434,266535438,0,8,0,19968,3,1213676751
9260,266439733,7230,266446963,0,4,1,7680,44,4022778259
9261,266442152,4679,266446831,0,6,1,12288,42,10617439752
9262,266499258,3422,266502680,0,6,1,3584,42,3651301974
9263,266501837,6278,266508115,0,5,1,6656,19,6265805492
9264,266564135,128648,266692783,0,8,0,122368,3,9005728175
9265,266598314,45596,266643910,0,3,0,1024,11,8276129770
9266,266606660,99788,266706448,0,7,0,27648,33,8843667240
9267,266618272,43904,266662176,0,5,0,512,19,3082525904
9268,266625047,566,266625613,0,4,1,512,44,9399443946
9269,266625494,1042,266626536,0,6,1,1024,42,9060522241
9270,266669172,3387,266672559,0,6,1,9728,42,8585101182
9271,266689341,43904,266733245,0,5,0,512,19,3896707802
9272,266723644,1042,266724686,0,5,1,1024,19,424395373
9273,266751651,7706,266759357,0,6,1,8192,42,7481024463
9274,266794883,102752,266897635,0,8,0,37376,3,9681705412
9275,266806928,2470,266809398,0,5,1,2560,19,9499071364
9276,266857368,2470,266859838,0,4,1,2560,44,7519674293
9277,266858432,69908,266928340,0,8,0,10240,3,10120296555
9278,266869114,6754,266875868,0,6,1,7168,42,403852445
9279,266899955,4850,266904805,0,4,1,5120,44,4029582899
9280,266934291,90212,267024503,0,1,0,16384,36,438242812
9281,267017793,1994,267019787,0,9,1,2048,32,1367370998
9282,267057548,43904,267101452,0,5,0,512,19,5195119678
9283,267066387,3422,267069809,0,4,1,3584,44,1075389758
9284,267073795,1994,267075789,0,6,1,2048,42,10467967507
9285,267088570,1042,267089612,0,9,1,1024,32,4298069104
9286,267088585,10499,267099084,0,5,1,16896,19,6036347600
9287,267104940,83756,267188696,0,7,0,15360,33,2375955559
9288,267137391,107588,267244979,0,1,0,53248,36,10653694471
9289,267162300,43904,267206204,0,3,0,512,11,10548025036
9290,267185801,112971,267298772,0,7,0,61440,33,4662658978
9291,267189587,1042,267190629,0,4,1,1024,44,6445627426
9292,267249975,45596,267295571,0,3,0,1024,11,36582846
9293,267271006,1042,267272048,0,4,1,1024,44,4888845699
9294,267273836,48980,267322816,0,5,0,2048,19,9946525628
9295,267276762,109304,267386066,0,1,0,58880,36,4058734056
9296,267285424,6278,267291702,0,4,1,6656,44,4696806698
9297,267365701,1994,267367695,0,5,1,2048,19,7811898413
9298,267367529,1042,267368571,0,4,1,1024,44,4674631123
9299,267368627,14287,267382914,0,6,1,27648,42,2550494685
9300,267378187,3422,267381609,0,9,1,3584,32,4758388368
9301,267393877,98696,267492573,0,7,0,24064,33,1365627729
9302,267396121,3904,267400025,0,9,1,10752,32,556194829
9303,267408886,45596,267454482,0,5,0,1024,19,9988316187
9304,267421127,4679,267425806,0,5,1,12288,19,3209591321
9305,267433683,3898,267437581,0,9,1,4096,32,5455418806
9306,267435296,1518,267436814,0,5,1,1536,19,3473776018
9307,267455255,1994,267457249,0,5,1,2048,19,157367139
9308,267456136,4679,267460815,0,9,1,12288,32,3858478493
9309,267491926,104468,267596394,0,8,0,43008,3,5688644403
9310,267522272,89295,267611567,0,5,0,2048,19,354704174
9311,267546359,3904,267550263,0,6,1,10752,42,958783821
9312,267641141,43904,267685045,0,5,0,512,19,1066147778
9313,267649664,3387,267653051,0,9,1,9728,32,1347394961
9314,267656750,566,267657316,0,4,1,512,44,10168999325
9315,267676436,87008,267763444,0,1,0,20992,36,9406832620
9316,267676844,13770,267690614,0,5,1,26624,19,7233849112
9317,267677447,3387,267680834,0,9,1,9728,32,10379405950
9318,267679155,18707,267697862,0,5,1,21504,19,2693021622
9319,267705226,47288,267752514,0,3,0,1536,11,8788570972
9320,267731709,43904,267775613,0,5,0,512,19,5899273645
9321,267735757,105327,267841084,0,1,0,21504,36,2429137727
9322,267778529,77173,267855702,0,5,0,512,19,6990183931
9323,267797661,566,267798227,0,9,1,512,32,1194199155
9324,267812625,2946,267815571,0,8,1,3072,3,1503537236
9325,267832787,5326,267838113,0,4,1,5632,44,2975732431
9326,267848980,101504,267950484,0,7,0,33280,33,10281746182
9327,267855696,118508,267974204,0,8,0,89088,3,950724080
9328,267886343,43904,267930247,0,5,0,512,19,6882922761
9329,267892258,45752,267938010,0,5,0,1536,19,759204511
9330,267926976,3645,267930621,0,9,1,10240,32,1993557828
9331,267953148,147512,268100660,0,8,0,115200,3,8516276840
9332,268009239,133115,268142354,0,8,0,24064,3,5486159321
9333,268020015,126722,268146737,0,8,0,14336,3,2975259826
9334,268020103,101036,268121139,0,1,0,31744,36,9375322740
9335,268033195,43904,268077099,0,5,0,512,19,4940283461
9336,268044753,4374,268049127,0,4,1,4608,44,5200121065
9337,268067854,4374,268072228,0,4,1,4608,44,6134918747
9338,268101695,6278,268107973,0,8,1,6656,3,1859105440
9339,268130216,7230,268137446,0,4,1,7680,44,9172828746
9340,268137410,3898,268141308,0,5,1,4096,19,9586687569
9341,268140592,11591,268152183,0,8,1,13824,3,4109487633
9342,268156018,47288,268203306,0,3,0,1536,11,5431822142
9343,268159006,2946,268161952,0,5,1,3072,19,2765434333
9344,268177623,1518,268179141,0,8,1,1536,3,1247776072
9345,268197259,566,268197825,0,9,1,512,32,5106037128
9346,268249960,43904,268293864,0,5,0,512,19,4245190052
9347,268329675,3422,268333097,0,5,1,3584,19,9432893072
9348,268332458,1625,268334083,0,5,1,1536,19,7230494920
9349,268342852,3904,268346756,0,7,1,10752,33,5856741277
9350,268347316,2470,268349786,0,3,1,2560,11,9410887281
9351,268388497,4374,268392871,0,5,1,4608,19,3998500163
9352,268401670,181887,268583557,0,7,0,49152,33,6996003979
9353,268418714,104624,268523338,0,8,0,43520,3,300758132
9354,268435945,100256,268536201,0,7,0,29184,33,6049988112
9355,268439284,55748,268495032,0,1,0,4096,36,6377619331
9356,268453330,12566,268465896,0,3,1,20992,11,2183647022
9357,268470811,566,268471377,0,5,1,512,19,4693121510
9358,268472420,12566,268484986,0,9,1,20992,32,4269172917
9359,268473418,12825,268486243,0,3,1,21504,11,4613672056
9360,268494251,64208,268558459,0,8,0,6656,3,3476936079
9361,268499495,43904,268543399,0,5,0,512,19,6945543858
9362,268530814,67592,268598406,0,8,0,7680,3,6009291209
9363,268582050,3898,268585948,0,3,1,4096,11,272384956
9364,268584401,2853,268587254,0,3,1,2048,11,5281452459
9365,268664364,103121,268767485,0,8,0,36864,3,1670336401
9366,268671937,1042,268672979,0,6,1,1024,42,4142655858
9367,268677253,3898,268681151,0,6,1,4096,42,8408370486
9368,268683088,3904,268686992,0,7,1,10752,33,3252536876
9369,268697736,4679,268702415,0,5,1,12288,19,3072915776
9370,268699398,56840,268756238,0,8,0,7680,3,8781535797
9371,268708374,4850,268713224,0,5,1,5120,19,7609761955
9372,268716941,1518,268718459,0,6,1,1536,42,10593928593
9373,268732135,137365,268869500,0,8,0,73728,3,6017556106
9374,268734205,3387,268737592,0,6,1,9728,42,10544006440
9375,268757809,45596,268803405,0,3,0,1024,11,5318592485
9376,268767292,1042,268768334,0,7,1,1024,33,10580966375
9377,268777039,99184,268876223,0,8,0,22016,3,2592423477
9378,268846427,4850,268851277,0,3,1,5120,11,3773482556
9379,268883907,100880,268984787,0,7,0,31232,33,3244893733
9380,268889969,4374,268894343,0,9,1,4608,32,43749112
9381,268901529,3898,268905427,0,5,1,4096,19,9156344694
9382,268912107,2470,268914577,0,3,1,2560,11,2237576265
9383,268916668,97604,269014272,0,1,0,20480,36,4109725751
9384,268940126,45190,268985316,0,3,0,512,11,6045068267
9385,268940780,1994,268942774,0,3,1,2048,11,8562676290
9386,269006969,2470,269009439,0,3,1,2560,11,4849468091
9387,269033226,4850,269038076,0,6,1,5120,42,2452030197
9388,269048897,1518,269050415,0,5,1,1536,19,8786760958
9389,269059332,99788,269159120,0,7,0,27648,33,859546363
9390,269060199,2870,269063069,0,3,1,8704,11,7808885953
9391,269064977,90117,269155094,0,3,0,512,11,4407961303
9392,269163338,56996,269220334,0,7,0,8192,33,2170629431
9393,269209737,99788,269309525,0,8,0,27648,3,2436076
9394,269221931,3422,269225353,0,9,1,3584,32,9254261839
9395,269245441,5712,269251153,0,5,1,14336,19,5624637647
9396,269250269,43904,269294173,0,3,0,512,11,331400989
9397,269296178,121160,269417338,0,1,0,97792,36,5581693495
9398,269332360,12566,269344926,0,6,1,20992,42,868082728
9399,269343031,3201,269346232,0,6,1,2048,42,967782928
9400,269355589,5802,269361391,0,6,1,6144,42,1449999191
9401,269367701,566,269368267,0,3,1,512,11,1133071975
9402,269372234,1042,269373276,0,5,1,1024,19,77796879
9403,269396689,1518,269398207,0,9,1,1536,32,3501057508
9404,269482746,6754,269489500,0,3,1,7168,11,10015820412
9405,269505510,1042,269506552,0,7,1,1024,33,6195360963
9406,269522952,43904,269566856,0,1,0,512,36,5880253091
9407,269537125,1994,269539119,0,3,1,2048,11,7880132558
9408,269569171,1518,269570689,0,7,1,1536,33,2420254747
9409,269576690,47288,269623978,0,1,0,1536,36,1544497376
9410,269610636,4374,269615010,0,6,1,4608,42,5245139859
9411,269610756,124748,269735504,0,8,0,109568,3,2058169572
9412,269618938,47288,269666226,0,5,0,1536,19,6909101727
9413,269623459,1042,269624501,0,6,1,1024,42,2932979784
9414,269623974,133070,269757044,0,8,0,18944,3,7738923513
9415,269638002,43904,269681906,0,3,0,512,11,4598464834
9416,269668850,43904,269712754,0,5,0,512,19,4049335612
9417,269676850,43904,269720754,0,3,0,512,11,6635538960
9418,269700376,2470,269702846,0,7,1,2560,33,8799630671
9419,269735882,89480,269825362,0,8,0,24064,3,2811898890
9420,269802413,4374,269806787,0,5,1,4608,19,2950387468
9421,269804221,47288,269851509,0,1,0,1536,36,4083822841
9422,269827048,104468,269931516,0,8,0,43008,3,2997368110
9423,269828900,1042,269829942,0,3,1,1024,11,52129651
9424,269840460,1518,269841978,0,9,1,1536,32,9691364798
9425,269867680,566,269868246,0,9,1,512,32,9561536354
9426,269868398,3422,269871820,0,3,1,3584,11,4147795095
9427,269887350,6754,269894104,0,3,1,7168,11,7788827391
9428,269898067,56754,269954821,0,3,0,3072,11,10462670479
9429,269968002,43904,270011906,0,1,0,512,36,5950494728
9430,269986011,43904,270029915,0,5,0,512,19,1618930561
9431,270007461,2870,270010331,0,5,1,8704,19,7873695196
9432,270069300,4679,270073979,0,7,1,12288,33,3027462822
9433,270074053,3128,270077181,0,9,1,9216,32,8865027082
9434,270133089,2470,270135559,0,5,1,2560,19,9217192389
9435,270138513,43904,270182417,0,3,0,512,11,3249787944
9436,270205154,1518,270206672,0,8,1,1536,3,9629808796
9437,270228992,7230,270236222,0,1,1,7680,36,3878720882
9438,270248955,1518,270250473,0,6,1,1536,42,2484909736
9439,270256535,99164,270355699,0,7,0,25600,33,4270572888
9440,270277476,1042,270278518,0,9,1,1024,32,7493679824
9441,270278116,2870,270280986,0,3,1,8704,11,6655057566
9442,270279062,6278,270285340,0,5,1,6656,19,7539083260
9443,270288289,6278,270294567,0,9,1,6656,32,2469857081
9444,270313217,566,270313783,0,1,1,512,36,1580112513
9445,270316621,5196,270321817,0,8,1,13312,3,8440522489
9446,270325524,1042,270326566,0,5,1,1024,19,2967676207
9447,270325606,4374,270329980,0,8,1,4608,3,4719550248
9448,270335918,3128,270339046,0,8,1,9216,3,10150050031
9449,270344059,43904,270387963,0,1,0,512,36,3640308142
9450,270382420,4850,270387270,0,9,1,5120,32,8622201916
9451,270428243,1994,270430237,0,7,1,2048,33,5685348996
9452,270440198,2946,270443144,0,6,1,3072,42,7030543939
9453,270467882,3898,270471780,0,1,1,4096,36,10030077027
9454,270515873,97916,270613789,0,8,0,21504,3,9709980147
9455,270516083,566,270516649,0,7,1,512,33,3436022711
9456,270523774,2870,270526644,0,6,1,8704,42,5301705123
9457,270532618,3645,270536263,0,7,1,10240,33,5405160289
9458,270572680,43904,270616584,0,7,0,512,33,10223206723
9459,270590033,47288,270637321,0,1,0,1536,36,10310843827
9460,270592931,1518,270594449,0,9,1,1536,32,2978363602
9461,270599691,1042,270600733,0,6,1,1024,42,3744248581
9462,270631333,566,270631899,0,9,1,512,32,2559472831
9463,270636923,3898,270640821,0,7,1,4096,33,7272432320
9464,270651539,1518,270653057,0,7,1,1536,33,7741939956
9465,270661571,1042,270662613,0,9,1,1024,32,10015869572
9466,270672126,6754,270678880,0,1,1,7168,36,287177485
9467,270694234,566,270694800,0,1,1,512,36,7850230086
9468,270710193,10241,270720434,0,8,1,16384,3,9246113064
9469,270737867,203611,270941478,0,8,0,32768,3,4900172538
9470,270742511,1042,270743553,0,7,1,1024,33,4150781054
9471,270767167,4162,270771329,0,1,1,11264,36,2726381746
9472,270782739,52364,270835103,0,5,0,3072,19,10068155655
9473,270799682,4374,270804056,0,8,1,4608,3,1270330232
9474,270806193,4374,270810567,0,5,1,4608,19,1582299755
9475,270817384,2470,270819854,0,6,1,2560,42,4383461960
9476,270827914,31007,270858921,0,6,1,50176,42,4863054956
9477,270832252,31175,270863427,0,6,1,7168,42,10202845995
9478,270865006,3422,270868428,0,5,1,3584,19,8954222785
9479,270883482,64832,270948314,0,7,0,8704,33,6994562457
9480,270888205,56060,270944265,0,7,0,5120,33,8659961818
9481,270890158,566,270890724,0,9,1,512,32,83492196
9482,270970242,5712,270975954,0,9,1,14336,32,8920795686
9483,270987338,124748,271112086,0,8,0,109568,3,6555859216
9484,270987737,1518,270989255,0,9,1,1536,32,1850122003
9485,271091390,34279,271125669,0,6,1,59904,42,3448929530
9486,271154921,6488,271161409,0,6,1,15872,42,9323559574
9487,271160629,16096,271176725,0,6,1,31232,42,8852929770
9488,271165013,74984,271239997,0,8,0,11776,3,499849325
9489,271166107,104156,271270263,0,7,0,41984,33,10557223031
9490,271193186,43904,271237090,0,5,0,512,19,2593812405
9491,271204713,47288,271252001,0,5,0,1536,19,3578769531
9492,271213312,54100,271267412,0,6,1,88576,42,1346392707
9493,271329898,5802,271335700,0,5,1,6144,19,7877332176
9494,271335147,47288,271382435,0,5,0,1536,19,9346873917
9495,271369149,41132,271410281,0,6,1,66560,42,5207450549
9496,271381149,3645,271384794,0,5,1,10240,19,8646796405
9497,271400694,4679,271405373,0,9,1,12288,32,5377182078
9498,271405541,43904,271449445,0,5,0,512,19,9425079691
9499,271414486,4850,271419336,0,8,1,5120,3,8726091493
9500,271488323,6229,271494552,0,8,1,15360,3,4747517091
9501,271496715,7230,271503945,0,8,1,7680,3,7057743977
9502,271521206,200881,271722087,0,8,0,19456,3,487553667
9503,271524053,147881,271671934,0,8,0,48640,3,5411747675
9504,271545102,1042,271546144,0,8,1,1024,3,6380426495
9505,271561767,3898,271565665,0,5,1,4096,19,1836787996
9506,271569674,1994,271571668,0,8,1,2048,3,2107662620
9507,271598360,124054,271722414,0,8,0,1024,3,7351750325
9508,271622461,45596,271668057,0,5,0,1024,19,6297592209
9509,271642717,4374,271647091,0,8,1,4608,3,9747431573
9510,271654598,85937,271740535,0,6,1,143872,42,1020822399
9511,271657327,83567,271740894,0,6,1,9728,42,5411464577
9512,271664795,77482,271742277,0,6,1,14848,42,5874443006
9513,271665956,566,271666522,0,7,1,512,33,1310836290
9514,271712144,2470,271714614,0,7,1,2560,33,832394765
9515,271763374,83780,271847154,0,7,0,20480,33,2420159726
9516,272003272,110084,272113356,0,7,0,61440,33,4568342299
9517,272048128,45596,272093724,0,8,0,1024,3,6115593677
9518,272084401,107588,272191989,0,8,0,53248,3,5619872656
9519,272122149,72541,272194690,0,6,1,117760,42,3705785976
9520,272125977,1518,272127495,0,8,1,1536,3,3447267446
9521,272145831,6278,272152109,0,8,1,6656,3,6944857403
9522,272262009,82712,272344721,0,7,0,22016,33,647701834
9523,272295692,1994,272297686,0,8,1,2048,3,4761364756
9524,272308460,100880,272409340,0,8,0,31232,3,8374856716
9525,272368394,4850,272373244,0,7,1,5120,33,10042604658
9526,272400605,12566,272413171,0,6,1,20992,42,1940160758
9527,272403670,124124,272527794,0,7,0,107520,33,2489222001
9528,272419368,33245,272452613,0,6,1,57856,42,45751690
9529,272454493,4374,272458867,0,7,1,4608,33,6400509617
9530,272461428,45596,272507024,0,5,0,1024,19,7853057287
9531,272627979,6488,272634467,0,6,1,15872,42,6427389952
9532,272804506,6229,272810735,0,8,1,15360,3,3767563504
9533,272905908,5326,272911234,0,7,1,5632,33,8744447703
9534,272993192,33503,273026695,0,6,1,58368,42,7805032370
9535,273001539,94064,273095603,0,7,0,18944,33,239966370
9536,273017817,1042,273018859,0,8,1,1024,3,9793469337
9537,273026498,43112,273069610,0,6,1,73728,42,9006138903
9538,273064746,6278,273071024,0,8,1,6656,3,5036003622
9539,273096127,2470,273098597,0,7,1,2560,33,9072563767
9540,273131976,5326,273137302,0,6,1,5632,42,10139551852
9541,273192712,124124,273316836,0,7,0,107520,33,6050879438
9542,273208027,6488,273214515,0,6,1,15872,42,6222176343
9543,273244535,43904,273288439,0,5,0,512,19,3518465129
9544,273250534,102440,273352974,0,8,0,36352,3,1936709111
9545,273300852,7230,273308082,0,8,1,7680,3,1803397518
9546,273312999,9155,273322154,0,7,1,5632,33,8469225889
9547,273333037,117070,273450107,0,8,0,33792,3,5098746522
9548,273379301,4374,273383675,0,8,1,4608,3,1124046602
9549,273413653,6278,273419931,0,8,1,6656,3,4893027730
9550,273453074,4850,273457924,0,7,1,5120,33,5165779487
9551,273489684,45596,273535280,0,5,0,1024,19,8316430293
9552,273548576,54056,273602632,0,7,0,3584,33,1862314965
9553,273566805,3898,273570703,0,8,1,4096,3,6099122401
9554,273615876,102596,273718472,0,7,0,36864,33,7528049628
9555,273619731,3645,273623376,0,8,1,10240,3,4697352243
9556,273649694,2870,273652564,0,7,1,8704,33,9121053460
9557,273672085,20882,273692967,0,6,1,33792,42,6428053311
9558,273677259,201856,273879115,0,7,0,11776,33,6096285224
9559,273692498,3898,273696396,0,7,1,4096,33,8045224280
9560,273698862,45596,273744458,0,5,0,1024,19,9429750801
9561,273719347,99944,273819291,0,7,0,28160,33,4699965084
9562,273812410,5326,273817736,0,8,1,5632,3,3637195761
9563,273856839,4374,273861213,0,6,1,4608,42,9611707806
9564,273911203,74072,273985275,0,8,0,13824,3,4202770229
9565,273947989,50762,273998751,0,5,0,1024,19,6658005886
9566,273953155,47288,274000443,0,5,0,1536,19,6962756528
9567,273982357,3952,273986309,0,8,1,1024,3,3574388082
9568,274014076,11533,274025609,0,6,1,18944,42,5313823198
9569,274134754,44492,274179246,0,6,1,73216,42,7565962556
9570,274151287,103532,274254819,0,8,0,39936,3,9762885145
9571,274169676,2470,274172146,0,7,1,2560,33,10310417427
9572,274223430,45596,274269026,0,5,0,1024,19,10099355138
9573,274243555,95768,274339323,0,8,0,12800,3,6799480928
9574,274247940,4937,274252877,0,7,1,12800,33,4698312657
9575,274266311,14804,274281115,0,6,1,28672,42,1721239708
9576,274340961,104312,274445273,0,8,0,42496,3,5554764606
9577,274441983,3904,274445887,0,6,1,10752,42,6709198859
9578,274461085,1042,274462127,0,8,1,1024,3,6443157882
9579,274548306,2470,274550776,0,7,1,2560,33,4204582997
9580,274550570,99008,274649578,0,8,0,25088,3,950269817
9581,274591342,47288,274638630,0,5,0,1536,19,4221501562
9582,274599269,45596,274644865,0,5,0,1024,19,1305386795
9583,274601322,4374,274605696,0,8,1,4608,3,3738805984
9584,274618422,1518,274619940,0,8,1,1536,3,2288936918
9585,274631490,5712,274637202,0,8,1,14336,3,1445047826
9586,274689596,118976,274808572,0,7,0,90624,33,3491279473
9587,274715173,114333,274829506,0,7,0,27136,33,5712073489
9588,274787284,26992,274814276,0,7,1,14336,33,4183574829
9589,274835704,48980,274884684,0,5,0,2048,19,6622175270
9590,274907753,1994,274909747,0,8,1,2048,3,2962511337
9591,274937454,66680,275004134,0,7,0,9728,33,5684568080
9592,274961860,83912,275045772,0,7,0,15872,33,9788151364
9593,275119545,43904,275163449,0,5,0,512,19,9619740550
9594,275137544,96716,275234260,0,7,0,27648,33,7908321119
9595,275200833,45596,275246429,0,5,0,1024,19,2542358389
9596,275229640,129428,275359068,0,9,0,124928,32,4996900460
9597,275270953,4679,275275632,0,8,1,12288,3,2326378356
9598,275293851,103220,275397071,0,7,0,38912,33,2525575620
9599,275307030,1042,275308072,0,7,1,1024,33,7395227037
9600,275315188,106334,275421522,0,7,0,7680,33,935863547
9601,275329753,81472,275411225,0,7,0,3584,33,9959859302
9602,275376716,13512,275390228,0,8,1,26112,3,10488107277
9603,275378529,15245,275393774,0,8,1,5632,3,9615601191
9604,275443083,45596,275488679,0,5,0,1024,19,1038840208
9605,275466359,3128,275469487,0,8,1,9216,3,8952102767
9606,275529031,2470,275531501,0,8,1,2560,3,6374569244
9607,275553418,1518,275554936,0,5,1,1536,19,4355049552
9608,275661466,108032,275769498,0,8,0,49664,3,9030173037
9609,275662117,2470,275664587,0,8,1,2560,3,8959364621
9610,275668089,4374,275672463,0,9,1,4608,32,6417222379
9611,275676235,2946,275679181,0,5,1,3072,19,5046368910
9612,275676562,2946,275679508,0,7,1,3072,33,5124585269
9613,275698060,43904,275741964,0,5,0,512,19,3936393891
9614,275762828,4162,275766990,0,9,1,11264,32,405224153
9615,275772411,109054,275881465,0,9,0,26624,32,6911189218
9616,275814615,566,275815181,0,8,1,512,3,5466185447
9617,275860921,566,275861487,0,5,1,512,19,409190672
9618,275870351,13512,275883863,0,8,1,26112,3,6325495725
9619,275893551,5196,275898747,0,5,1,13312,19,5137951641
9620,275941619,47288,275988907,0,9,0,1536,32,5488153740
9621,276011567,5326,276016893,0,4,1,5632,44,1778080891
9622,276022904,3898,276026802,0,8,1,4096,3,8173788068
9623,276037622,6278,276043900,0,5,1,6656,19,8451790156
9624,276048315,99632,276147947,0,9,0,27136,32,516862933
9625,276086460,3387,276089847,0,5,1,9728,19,5647568983
9626,276106443,166664,276273107,0,8,0,75776,3,4566688635
9627,276109715,1994,276111709,0,7,1,2048,33,5936592100
9628,276114465,2870,276117335,0,4,1,8704,44,657944417
9629,276129488,5326,276134814,0,5,1,5632,19,4352903817
9630,276133219,2901,276136120,0,5,1,2048,19,4244123149
9631,276172332,7706,276180038,0,7,1,8192,33,6911472020
9632,276172425,221688,276394113,0,7,0,45056,33,1806555769
9633,276185944,2946,276188890,0,4,1,3072,44,2573081136
9634,276207144,1518,276208662,0,4,1,1536,44,5489957165
9635,276230124,566,276230690,0,8,1,512,3,1738963958
9636,276254630,118352,276372982,0,9,0,88576,32,3679158274
9637,276263272,123354,276386626,0,9,0,17408,32,5401527059
9638,276303373,4374,276307747,0,4,1,4608,44,8734324918
9639,276304913,3820,276308733,0,4,1,1536,44,4083969381
9640,276307445,566,276308011,0,5,1,512,19,5345687841
9641,276314213,566,276314779,0,4,1,512,44,3136165182
9642,276326368,4374,276330742,0,5,1,4608,19,622393969
9643,276335112,5326,276340438,0,5,1,5632,19,4886425045
9644,276387058,102908,276489966,0,9,0,37888,32,737133448
9645,276392370,133356,276525726,0,9,0,64512,32,6967574961
9646,276399661,205192,276604853,0,9,0,33280,32,1649365415
9647,276403541,189344,276592885,0,8,0,160256,3,2324008856
9648,276425697,6278,276431975,0,4,1,6656,44,3368132313
9649,276428825,4679,276433504,0,8,1,12288,3,3004946174
9650,276444463,83196,276527659,0,8,0,512,3,5318570903
9651,276469003,125695,276594698,0,9,0,64512,32,3506616856
9652,276516850,2470,276519320,0,8,1,2560,3,7158130078
9653,276539863,6488,276546351,0,5,1,15872,19,1955794831
9654,276586428,45596,276632024,0,5,0,1024,19,9637242902
9655,276592466,4309,276596775,0,8,1,4096,3,1035216074
9656,276594896,43904,276638800,0,5,0,512,19,4991838856
9657,276607576,2470,276610046,0,4,1,2560,44,9058080269
9658,276632505,4850,276637355,0,4,1,5120,44,3503421348
9659,276672969,114452,276787421,0,9,0,75776,32,10452485970
9660,276680933,160662,276841595,0,9,0,25600,32,9507337870
9661,276695143,62320,276757463,0,9,0,1536,32,5135815930
9662,276710902,566,276711468,0,4,1,512,44,2399279643
9663,276727754,4420,276732174,0,5,1,11776,19,8399965811
9664,276760608,69101,276829709,0,9,0,5632,32,4661224657
9665,276805019,48980,276853999,0,5,0,2048,19,1255036579
9666,276829275,52714,276881989,0,5,0,2048,19,6387669041
9667,276833603,69501,276903104,0,8,0,3072,3,5505184871
9668,276844941,11533,276856474,0,8,1,18944,3,7169172037
9669,276859281,6278,276865559,0,4,1,6656,44,8866575814
9670,276861400,77998,276939398,0,8,0,5120,3,2320018799
9671,276874549,43904,276918453,0,5,0,512,19,8205408364
9672,276882855,3422,276886277,0,5,1,3584,19,1328256542
9673,276992087,43904,277035991,0,5,0,512,19,7590919288
9674,277048914,71756,277120670,0,9,0,11264,32,264335759
9675,277077977,123519,277201496,0,9,0,43520,32,4307116384
9676,277091946,2470,277094416,0,5,1,2560,19,1988301963
9677,277096293,6278,277102571,0,5,1,6656,19,4828407944
9678,277144198,3422,277147620,0,4,1,3584,44,3427048788
9679,277176335,66836,277243171,0,8,0,10240,3,3256977105
9680,277179553,4679,277184232,0,5,1,12288,19,7255711739
9681,277186084,189552,277375636,0,5,0,512,19,1587665161
9682,277279997,60380,277340377,0,8,0,9216,3,9543345586
9683,277281370,566,277281936,0,8,1,512,3,7131890297
9684,277286599,80396,277366995,0,9,0,19456,32,1966077259
9685,277307495,4937,277312432,0,5,1,12800,19,2247561459
9686,277325320,7230,277332550,0,5,1,7680,19,6173218361
9687,277346103,53227,277399330,0,5,0,1536,19,2310120780
9688,277347878,53144,277401022,0,5,0,2048,19,1884629222
9689,277356878,160565,277517443,0,5,0,2560,19,494579782
9690,277408529,79016,277487545,0,8,0,19968,3,9097525129
9691,277530254,3904,277534158,0,5,1,10752,19,1583070432
9692,277727596,100100,277827696,0,9,0,28672,32,1643746141
9693,277728112,43904,277772016,0,5,0,512,19,2149135468
9694,278026991,50672,278077663,0,5,0,2560,19,7872853357
9695,278068957,12308,278081265,0,5,1,20480,19,8918853739
9696,278152978,6278,278159256,0,5,1,6656,19,9175588848
9697,278179103,2946,278182049,0,5,1,3072,19,9182239973
9698,278237383,84824,278322207,0,9,0,13824,32,3143930269
9699,278292171,69596,278361767,0,9,0,9216,32,10060250635
9700,278612058,43904,278655962,0,5,0,512,19,7241706736
9701,278688190,566,278688756,0,5,1,512,19,5386386914
9702,278705301,1518,278706819,0,5,1,1536,19,8207543402
9703,278727545,2470,278730015,0,5,1,2560,19,8382772241
9704,278740841,141129,278881970,0,5,0,1024,19,6428200726
9705,278769994,66236,278836230,0,9,0,13312,32,9927082799
9706,278793514,1994,278795508,0,5,1,2048,19,8425431988
9707,278816789,566,278817355,0,5,1,512,19,8430234946
9708,278843080,79304,278922384,0,9,0,15872,32,662588214
9709,278988948,45596,279034544,0,5,0,1024,19,1462789197
9710,279295721,102596,279398317,0,9,0,36864,32,10668908857
9711,279418935,102284,279521219,0,9,0,35840,32,3389729992
9712,279464567,6754,279471321,0,5,1,7168,19,10110032036
9713,279569933,11533,279581466,0,5,1,18944,19,6058263137
9714,279697091,101816,279798907,0,9,0,34304,32,8891456689
9715,279726575,144134,279870709,0,9,0,41984,32,6699296145
9716,279867439,2946,279870385,0,5,1,3072,19,6366762554
9717,279958139,125528,280083667,0,9,0,112128,32,5360920081
9718,279988617,3422,279992039,0,5,1,3584,19,4356554308
9719,279990489,93817,280084306,0,9,0,2048,32,7621799596
9720,280124230,1042,280125272,0,5,1,1024,19,10130998546
9721,280137473,99188,280236661,0,9,0,30720,32,626150499
9722,280189195,5802,280194997,0,5,1,6144,19,7106173283
9723,280190417,4926,280195343,0,5,1,512,19,8577785426
9724,280218106,1042,280219148,0,5,1,1024,19,4029231075
9725,280335106,45596,280380702,0,4,0,1024,44,9272699263
9726,280375052,1042,280376094,0,5,1,1024,19,8861209040
9727,280571908,7706,280579614,0,5,1,8192,19,2870812484
9728,280573758,118352,280692110,0,9,0,88576,32,3678529934
9729,280580381,1042,280581423,0,5,1,1024,19,3797413538
9730,280613076,22950,280636026,0,6,1,37888,42,6323366244
9731,280856908,6754,280863662,0,5,1,7168,19,10055406383
9732,281075972,69284,281145256,0,9,0,8192,32,38488393
9733,281100962,3904,281104866,0,4,1,10752,44,8323794384
9734,281116833,6283,281123116,0,4,1,6656,44,2673436165
9735,281123085,5802,281128887,0,4,1,6144,44,7741963630
9736,281270296,76232,281346528,0,9,0,15872,32,1536531885
9737,281286609,566,281287175,0,4,1,512,44,6659389042
9738,281378853,566,281379419,0,5,1,512,19,7928429173
9739,281381159,3898,281385057,0,5,1,4096,19,7684590235
9740,281441481,7230,281448711,0,5,1,7680,19,9692395069
9741,281482328,14804,281497132,0,5,1,28672,19,5983504115
9742,281512058,4374,281516432,0,4,1,4608,44,1808385585
9743,281534172,566,281534738,0,4,1,512,44,3594968729
9744,281555244,6278,281561522,0,4,1,6656,44,107720567
9745,281601432,2946,281604378,0,4,1,3072,44,2573836869
9746,281668011,7230,281675241,0,5,1,7680,19,3199368051
9747,281675302,216660,281891962,0,9,0,58880,32,3623822973
9748,281685911,188096,281874007,0,9,0,156160,32,1359896091
9749,281770510,12049,281782559,0,4,1,19968,44,9940439332
9750,281796095,6278,281802373,0,4,1,6656,44,4847103065
9751,281808872,83893,281892765,0,9,0,2560,32,8229251288
9752,281818493,3387,281821880,0,5,1,9728,19,3416383283
9753,281830443,107107,281937550,0,9,0,1024,32,4824345483
9754,281867573,1518,281869091,0,5,1,1536,19,1862142929
9755,281898012,6229,281904241,0,5,1,15360,19,9303081535
9756,281901340,3898,281905238,0,4,1,4096,44,5030626565
9757,281906567,43904,281950471,0,9,0,512,32,8578721994
9758,281908125,3898,281912023,0,5,1,4096,19,10529884342
9759,281968693,5454,281974147,0,5,1,13824,19,5641834145
9760,282052524,1042,282053566,0,5,1,1024,19,8814702835
9761,282269111,1042,282270153,0,4,1,1024,44,4716830768
9762,282322991,47288,282370279,0,9,0,1536,32,10018259207
9763,282368324,7706,282376030,0,4,1,8192,44,9719973190
9764,282393189,2470,282395659,0,9,1,2560,32,8806648421
9765,282438031,1994,282440025,0,4,1,2048,44,10026855542
9766,282449791,47288,282497079,0,9,0,1536,32,10261376983
9767,282651068,7230,282658298,0,9,1,7680,32,132801085
9768,282689962,3128,282693090,0,9,1,9216,32,2548870923
9769,282710205,1518,282711723,0,4,1,1536,44,8404456271
9770,282828719,4420,282833139,0,9,1,11776,32,9271149412
9771,282864198,566,282864764,0,9,1,512,32,4990877401
9772,283042568,6754,283049322,0,5,1,7168,19,17407422
9773,283046328,4162,283050490,0,9,1,11264,32,1468426141
9774,283098244,43904,283142148,0,9,0,512,32,8710795305
9775,283139857,11533,283151390,0,9,1,18944,32,10636207898
9776,283181370,87990,283269360,0,9,0,3072,32,3504556287
9777,283220719,566,283221285,0,9,1,512,32,4999398186
9778,283237907,54055,283291962,0,9,0,512,32,7833312029
9779,283253798,5971,283259769,0,4,1,14848,44,4069269241
9780,283272537,1994,283274531,0,5,1,2048,19,10518282567
9781,283335376,43904,283379280,0,9,0,512,32,8464822228
9782,283380635,11016,283391651,0,4,1,17920,44,6522388414
9783,283384999,7230,283392229,0,5,1,7680,19,6185528592
9784,283388327,566,283388893,0,9,1,512,32,5536537420
9785,283447215,45752,283492967,0,9,0,1536,32,10634387577
9786,283453765,566,283454331,0,9,1,512,32,972589514
9787,283498510,3387,283501897,0,4,1,9728,44,9811474181
9788,283500741,45596,283546337,0,9,0,1024,32,9180724116
9789,283542885,7706,283550591,0,9,1,8192,32,8511413350
9790,283547841,1994,283549835,0,5,1,2048,19,6768764785
9791,283610078,4374,283614452,0,4,1,4608,44,1003069718
9792,283669715,7230,283676945,0,5,1,7680,19,9225192600
9793,283671924,566,283672490,0,4,1,512,44,2426754082
9794,283677463,3898,283681361,0,5,1,4096,19,1726691867
9795,283714210,4374,283718584,0,5,1,4608,19,6312915940
9796,283715468,5391,283720859,0,5,1,13312,19,8902912317
9797,283767601,5326,283772927,0,5,1,5632,19,10137371122
9798,283858411,2470,283860881,0,5,1,2560,19,3104937658
9799,283884706,13512,283898218,0,4,1,26112,44,2376191016
9800,283905511,45596,283951107,0,9,0,1024,32,10126261177
9801,283927611,3898,283931509,0,4,1,4096,44,6767503292
9802,284022588,2470,284025058,0,4,1,2560,44,4444486596
9803,284024406,3422,284027828,0,5,1,3584,19,10545196888
9804,284132151,6278,284138429,0,4,1,6656,44,3335977408
9805,284144998,43904,284188902,0,9,0,512,32,2918134859
9806,284257272,2470,284259742,0,4,1,2560,44,4573725485
9807,284291434,48980,284340414,0,9,0,2048,32,8291304097
9808,284301543,1994,284303537,0,5,1,2048,19,5214697480
9809,284351379,45596,284396975,0,9,0,1024,32,10295918009
9810,284386504,2946,284389450,0,5,1,3072,19,10222776817
9811,284396645,2946,284399591,0,5,1,3072,19,2738657518
9812,284400917,6278,284407195,0,4,1,6656,44,1642632032
9813,284413289,2470,284415759,0,5,1,2560,19,220419369
9814,284461046,4679,284465725,0,5,1,12288,19,8030558573
9815,284478539,48980,284527519,0,9,0,2048,32,1465958136
9816,284649852,1518,284651370,0,5,1,1536,19,1650469416
9817,284763685,13253,284776938,0,4,1,25600,44,1714198461
9818,284769657,3904,284773561,0,5,1,10752,19,1824436165
9819,284791564,1518,284793082,0,4,1,1536,44,7733547561
9820,284797872,2470,284800342,0,5,1,2560,19,3248277456
9821,284803912,6229,284810141,0,4,1,15360,44,2792760372
9822,284939162,6278,284945440,0,4,1,6656,44,1347181952
9823,285002477,5802,285008279,0,4,1,6144,44,3376840585
9824,285013731,4850,285018581,0,4,1,5120,44,3873348534
9825,285093449,1994,285095443,0,5,1,2048,19,8321052920
9826,285219725,2470,285222195,0,4,1,2560,44,2123551457
9827,285282826,5712,285288538,0,4,1,14336,44,5289198542
9828,285336046,13253,285349299,0,4,1,25600,44,8932227483
9829,285469902,43904,285513806,0,9,0,512,32,4767186622
9830,285525026,3898,285528924,0,4,1,4096,44,3087036570
9831,285571810,12566,285584376,0,5,1,20992,19,4318537951
9832,285590982,566,285591548,0,5,1,512,19,4338756448
9833,285651346,1042,285652388,0,5,1,1024,19,7383199538
9834,285676271,1994,285678265,0,5,1,2048,19,1533976704
9835,285697436,1518,285698954,0,4,1,1536,44,6817823869
9836,285754354,43904,285798258,0,9,0,512,32,10620379883
9837,285762518,566,285763084,0,5,1,512,19,1447085718
9838,285775119,3898,285779017,0,5,1,4096,19,10711520627
9839,285882588,43904,285926492,0,9,0,512,32,7113343448
9840,285897715,1994,285899709,0,4,1,2048,44,10568834560
9841,285901203,4850,285906053,0,4,1,5120,44,8646321933
9842,285933392,6754,285940146,0,5,1,7168,19,980508882
9843,285965411,3387,285968798,0,5,1,9728,19,10614235425
9844,285979379,3128,285982507,0,4,1,9216,44,1810411181
9845,286138323,5326,286143649,0,4,1,5632,44,4912323897
9846,286212364,7706,286220070,0,4,1,8192,44,3721945715
9847,286302834,1042,286303876,0,9,1,1024,32,1725766135
9848,286424764,566,286425330,0,5,1,512,19,2778893325
9849,286496801,47288,286544089,0,9,0,1536,32,231685698
9850,286529243,43904,286573147,0,9,0,512,32,7908936642
9851,286600797,5326,286606123,0,5,1,5632,19,5599284109
9852,286632433,1994,286634427,0,4,1,2048,44,9958540564
9853,286685200,4420,286689620,0,5,1,11776,19,2041107455
9854,286776356,1994,286778350,0,5,1,2048,19,3624716705
9855,286786632,5802,286792434,0,4,1,6144,44,10197585808
9856,286821534,3898,286825432,0,4,1,4096,44,2597761355
9857,286858785,6278,286865063,0,4,1,6656,44,3474407807
9858,286946036,4679,286950715,0,4,1,12288,44,5029347674
9859,287018410,43904,287062314,0,9,0,512,32,5682973582
9860,287129851,59132,287188983,0,9,0,5120,32,540282981
9861,287236595,4374,287240969,0,4,1,4608,44,7945783969
9862,287261183,48980,287310163,0,9,0,2048,32,29433627
9863,287264598,2470,287267068,0,4,1,2560,44,626346135
9864,287448232,566,287448798,0,4,1,512,44,3562695232
9865,287516968,43904,287560872,0,9,0,512,32,98919947
9866,287528488,45596,287574084,0,9,0,1024,32,5315528262
9867,287593634,45596,287639230,0,9,0,1024,32,328799085
9868,287632203,43904,287676107,0,9,0,512,32,3587526387
9869,287654079,6278,287660357,0,5,1,6656,19,5263997299
9870,287780595,5712,287786307,0,4,1,14336,44,4623698640
9871,287873722,1042,287874764,0,5,1,1024,19,9604518026
9872,287948252,48980,287997232,0,9,0,2048,32,8378291173
9873,287971952,6754,287978706,0,4,1,7168,44,4406022487
9874,288031822,2470,288034292,0,5,1,2560,19,9793724798
9875,288051230,43904,288095134,0,9,0,512,32,7934928744
9876,288082797,4374,288087171,0,9,1,4608,32,7389444282
9877,288116383,3898,288120281,0,9,1,4096,32,4764160809
9878,288213160,7230,288220390,0,9,1,7680,32,6571833765
9879,288220094,2470,288222564,0,4,1,2560,44,7458924600
9880,288243289,1042,288244331,0,5,1,1024,19,8473837583
9881,288249432,54368,288303800,0,9,0,4608,32,6910114550
9882,288267536,4850,288272386,0,5,1,5120,19,9637169011
9883,288448327,4850,288453177,0,5,1,5120,19,9595231540
9884,288450946,4374,288455320,0,4,1,4608,44,8051438612
9885,288506248,3898,288510146,0,9,1,4096,32,10582012568
9886,288599992,3898,288603890,0,5,1,4096,19,4836251185
9887,288604877,6229,288611106,0,9,1,15360,32,3921460863
9888,288628713,26738,288655451,0,9,1,48640,32,9399503877
9889,288630882,1518,288632400,0,5,1,1536,19,4643453567
9890,288659730,3898,288663628,0,5,1,4096,19,10389018416
9891,288690202,5326,288695528,0,9,1,5632,32,4615125746
9892,288718334,2870,288721204,0,9,1,8704,32,214476664
9893,288803119,4937,288808056,0,5,1,12800,19,6425339641
9894,288805688,5326,288811014,0,4,1,5632,44,6998857926
9895,288897935,5971,288903906,0,5,1,14848,19,9724221141
9896,288903023,5712,288908735,0,9,1,14336,32,705118643
9897,288993248,2946,288996194,0,9,1,3072,32,5601574935
9898,289052335,6278,289058613,0,5,1,6656,19,781882414
9899,289101497,7706,289109203,0,5,1,8192,19,5559398076
9900,289188545,43904,289232449,0,9,0,512,32,10127950588
9901,289211997,5802,289217799,0,5,1,6144,19,5705090844
9902,289439419,43904,289483323,0,9,0,512,32,7086056423
9903,289729765,48980,289778745,0,9,0,2048,32,5273835184
9904,289757021,43904,289800925,0,9,0,512,32,9495131988
9905,289795299,48980,289844279,0,9,0,2048,32,8179216263
9906,289814248,566,289814814,0,9,1,512,32,8796906141
9907,289954984,566,289955550,0,4,1,512,44,4167037104
9908,290015209,7230,290022439,0,5,1,7680,19,3403072392
9909,290039834,1994,290041828,0,5,1,2048,19,1257920678
9910,290094400,11274,290105674,0,5,1,18432,19,7502581077
9911,290122128,12566,290134694,0,5,1,20992,19,214741012
9912,290140007,6278,290146285,0,4,1,6656,44,5337597487
9913,290161901,1518,290163419,0,4,1,1536,44,7565978928
9914,290224486,4937,290229423,0,5,1,12800,19,1314805081
9915,290285993,1042,290287035,0,5,1,1024,19,9026163361
9916,290391405,4679,290396084,0,4,1,12288,44,3342385469
9917,290432743,5326,290438069,0,4,1,5632,44,4899360208
9918,290550207,2946,290553153,0,5,1,3072,19,1635567205
9919,290573123,3904,290577027,0,5,1,10752,19,1922725708
9920,290751644,1994,290753638,0,4,1,2048,44,2505799481
9921,290807957,6754,290814711,0,5,1,7168,19,9338206468
9922,290837013,32558,290869571,0,4,1,53248,44,323786143
9923,290968984,4850,290973834,0,5,1,5120,19,500552777
9924,290973340,144966,291118306,0,4,1,235520,44,2549659033
9925,291083827,61117,291144944,0,4,1,86528,44,9704848605
9926,291085089,75715,291160804,0,4,1,59392,44,4518559802
9927,291088834,3128,291091962,0,5,1,9216,19,2513145758
9928,291121917,45300,291167217,0,4,1,30720,44,8893198271
9929,291207874,566,291208440,0,5,1,512,19,7859567894
9930,291266970,114333,291381303,0,4,1,185856,44,2568759827
9931,291306531,1042,291307573,0,5,1,1024,19,9107546438
9932,291358099,29720,291387819,0,4,1,31232,44,6178025081
9933,291422297,12049,291434346,0,4,1,19968,44,5921338766
9934,291527761,6278,291534039,0,5,1,6656,19,5163768057
9935,291640701,13512,291654213,0,4,1,26112,44,4716280092
9936,291909805,22862,291932667,0,4,1,40960,44,1345818651
9937,291961372,3387,291964759,0,4,1,9728,44,6874095975
9938,291980912,35829,292016741,0,4,1,62976,44,3948925552
9939,292146953,4374,292151327,0,5,1,4608,19,18856169
9940,292347306,566,292347872,0,5,1,512,19,5938717477
9941,292408920,1518,292410438,0,5,1,1536,19,6098630195
9942,292865485,1042,292866527,0,5,1,1024,19,5183888648
9943,292930349,2870,292933219,0,5,1,8704,19,3941111231
9944,293081882,1994,293083876,0,5,1,2048,19,8143794153
9945,293263430,3898,293267328,0,5,1,4096,19,9668617551
9946,293282288,1042,293283330,0,5,1,1024,19,10689787927
9947,293413122,6278,293419400,0,5,1,6656,19,10239378030
9948,293496378,4374,293500752,0,5,1,4608,19,9454113834
9949,293693570,3898,293697468,0,5,1,4096,19,8267662088
9950,293815290,1994,293817284,0,5,1,2048,19,9831811552
9951,293861464,2946,293864410,0,5,1,3072,19,406385260
9952,297078580,14287,297092867,0,4,1,27648,44,8887631886
9953,297209097,3128,297212225,0,4,1,9216,44,3923266760
9954,297230709,13083,297243792,0,4,1,22016,44,214558311
9955,297233053,49075,297282128,0,4,1,76800,44,1432233163
9956,297419122,186154,297605276,0,4,1,305664,44,3309453538
9957,297420193,196425,297616618,0,4,1,37888,44,2075679681
9958,297627734,103691,297731425,0,4,1,168448,44,692302458
9959,297660113,86865,297746978,0,4,1,49664,44,7615161432
9960,303256417,4374,303260791,0,5,1,4608,19,7045616372
9961,303514919,3422,303518341,0,5,1,3584,19,6851640065
9962,303601435,5326,303606761,0,5,1,5632,19,10578519437
9963,303715929,1042,303716971,0,5,1,1024,19,2759900372
9964,304048624,12049,304060673,0,5,1,19968,19,2904191951
9965,304071300,4937,304076237,0,5,1,12800,19,4577441015
9966,304154580,2470,304157050,0,5,1,2560,19,8549644467
9967,304170463,3645,304174108,0,5,1,10240,19,4394211038
9968,304255317,1042,304256359,0,5,1,1024,19,2051971206
9969,304263637,3898,304267535,0,5,1,4096,19,3131220794
9970,304367575,6229,304373804,0,5,1,15360,19,9219299415
9971,304421294,1061,304422355,0,5,1,1024,19,10249124522
9972,304421304,3267,304424571,0,5,1,3072,19,3187874332
9973,304448078,1994,304450072,0,5,1,2048,19,6390991799
9974,304463030,1042,304464072,0,5,1,1024,19,10363137407
9975,304562753,6754,304569507,0,5,1,7168,19,6411020258
9976,304635214,1994,304637208,0,5,1,2048,19,2316288805
9977,305017055,5326,305022381,0,5,1,5632,19,10292402027
9978,305471551,7230,305478781,0,5,1,7680,19,8546461085
9979,305648168,3898,305652066,0,5,1,4096,19,5445809485
9980,305934541,5802,305940343,0,5,1,6144,19,2669487881
9981,306015962,2470,306018432,0,5,1,2560,19,2256200020
9982,306156038,566,306156604,0,5,1,512,19,9254351308
9983,306538118,2470,306540588,0,5,1,2560,19,4457865382
9984,306646419,3422,306649841,0,5,1,3584,19,8690054958
9985,306674921,3898,306678819,0,5,1,4096,19,2339289925
9986,306856078,3128,306859206,0,5,1,9216,19,7198809081
9987,306897945,2946,306900891,0,5,1,3072,19,8149258315
9988,307044444,3422,307047866,0,5,1,3584,19,2796084209
9989,307646282,566,307646848,0,5,1,512,19,7007616010
9990,307648370,1994,307650364,0,5,1,2048,19,2795285874
9991,307659428,2870,307662298,0,5,1,8704,19,8333108093
9992,307695561,6278,307701839,0,5,1,6656,19,1541833711
9993,307822154,1518,307823672,0,5,1,1536,19,10670073360
9994,307853785,6754,307860539,0,5,1,7168,19,9795286765
9995,307932292,3422,307935714,0,5,1,3584,19,4760108458
9996,307946260,1994,307948254,0,5,1,2048,19,6158503239
9997,307996050,3422,307999472,0,5,1,3584,19,2075707041
9998,308067884,6754,308074638,0,5,1,7168,19,7589990143
9999,308466947,5326,308472273,0,5,1,5632,19,878889774
