RequestID,ArrivalTime,DelayTime,FinishTime,InitiatorID,TargetID,IOType,Size,VolumeID,Offset
0,74324616,89144,74413760,17,0,0,17920,17,3147874852
1,74335850,86828,74422678,53,0,0,15360,53,2716925435
2,74343636,89588,74433224,7,0,0,14336,7,8903098268
3,74345451,69572,74415023,56,0,0,4096,56,834193239
4,74349681,11016,74360697,30,0,1,17920,30,3003988123
5,74356436,186017,74542453,72,0,0,47104,72,9546313839
6,74374834,62110,74436944,43,0,0,1024,43,5757922640
7,74424022,92469,74516491,15,0,0,6144,15,4050234876
8,74451374,22433,74473807,18,0,1,36864,18,6650344371
9,74460296,97468,74557764,5,0,0,7168,5,3897256155
10,74462384,84936,74547320,8,0,0,15872,8,913334478
11,74463377,15256,74478633,23,0,1,7680,23,2855156505
12,74464172,153176,74617348,10,0,0,2560,10,8355417880
13,74465225,268508,74733733,3,0,0,42496,3,10555766164
14,74476839,128671,74605510,89,0,0,40448,89,10222128113
15,74480692,161842,74642534,47,0,0,35328,47,8088744503
16,74481641,149435,74631076,14,0,0,37376,14,240756362
17,74487295,320093,74807388,24,0,0,75264,24,9018261318
18,74504649,127098,74631747,18,0,0,2048,18,8036580225
19,74506363,108442,74614805,15,0,0,5632,15,2358743111
20,74514348,464402,74978750,32,0,0,8192,32,10148802263
21,74521838,304317,74826155,78,0,0,61440,78,1867840124
22,74526707,306234,74832941,84,0,0,20480,84,8864699735
23,74532681,431308,74963989,57,0,0,48128,57,8908500363
24,74533505,308516,74842021,46,0,0,4608,46,3261015020
25,74539904,9895,74549799,21,0,1,2560,21,6267103297
26,74546850,168911,74715761,64,0,0,32256,64,6451797512
27,74549192,1122777,75671969,96,0,0,30720,96,760680640
28,74563884,275484,74839368,85,0,0,20992,85,9900062985
29,74569198,148762,74717960,65,0,0,7168,65,1347002663
30,74570037,328510,74898547,90,0,0,2560,90,6564018333
31,74585249,20276,74605525,43,0,1,16896,43,9090635808
32,74591265,656561,75247826,66,0,0,11776,66,4606379731
33,74600969,2378935,76979904,54,0,0,29696,54,5604222623
34,74608205,923345,75531550,50,0,0,3072,50,221973742
35,74617231,118696,74735927,32,0,0,1536,32,4067726674
36,74618852,287786,74906638,73,0,0,15872,73,209140845
37,74620755,380892,75001647,41,0,0,55296,41,5523801747
38,74621219,436988,75058207,54,0,0,35328,54,1087562135
39,74621679,620914,75242593,53,0,0,74752,53,6971909525
40,74625098,894956,75520054,25,0,0,32768,25,6277384120
41,74629673,583285,75212958,88,0,0,17408,88,228651392
42,74637429,613376,75250805,82,0,0,9728,82,9155838578
43,74639614,2113849,76753463,89,0,0,15872,89,4365206221
44,74651577,386166,75037743,91,0,0,22528,91,5898723041
45,74653343,1469999,76123342,43,0,0,32768,43,9892749431
46,74661933,287377,74949310,4,0,0,9728,4,5978385793
47,74663609,2224573,76888182,18,0,0,32256,18,2584832404
48,74669462,170873,74840335,87,0,0,3072,87,8506800128
49,74671346,500096,75171442,54,0,0,42496,54,1775300480
50,74671412,652559,75323971,54,0,0,1024,54,7588744634
51,74674587,152051,74826638,31,0,0,1536,31,1988873219
52,74677366,95287,74772653,76,0,1,158720,76,3260989247
53,74681530,509148,75190678,19,0,0,50176,19,4553240935
54,74701570,1560540,76262110,32,0,0,47616,32,1895063620
55,74704051,540140,75244191,72,0,0,512,72,1833438593
56,74709768,399541,75109309,89,0,0,27648,89,4517647676
57,74716487,67610,74784097,95,0,1,38400,95,2734530482
58,74717319,266594,74983913,92,0,0,16896,92,10566196789
59,74740154,2436486,77176640,77,0,0,26112,77,6259305426
60,74763412,385463,75148875,64,0,0,15872,64,3050426971
61,74764004,152477,74916481,88,0,0,32256,88,5781030909
62,74774667,337637,75112304,67,0,0,9728,67,210046466
63,74783822,539822,75323644,37,0,0,7680,37,2586036851
64,74785492,337683,75123175,40,0,0,20480,40,7971317059
65,74791116,58247,74849363,59,0,1,37376,59,2272223474
66,74791126,64138,74855264,77,0,1,19968,77,3552713618
67,74792883,728122,75521005,21,0,0,3072,21,7548014550
68,74803737,609605,75413342,52,0,0,40960,52,2488146453
69,74804378,439642,75244020,45,0,0,4608,45,10586992918
70,74804466,561671,75366137,61,0,0,8704,61,5668891470
71,74813505,1377983,76191488,4,0,0,2048,4,6808465382
72,74814198,1012692,75826890,12,0,0,16896,12,3467629511
73,74817353,445325,75262678,3,0,0,27136,3,9542338260
74,74825723,530141,75355864,86,0,0,32768,86,7411728713
75,74826231,783679,75609910,95,0,0,154624,95,4270732145
76,74826876,1184714,76011590,45,0,0,15872,45,8222825121
77,74826991,444936,75271927,92,0,0,10752,92,3837047403
78,74836800,99423,74936223,96,0,1,148480,96,8680607986
79,74838643,247875,75086518,72,0,0,4096,72,3133656208
80,74840683,1555111,76395794,17,0,0,31232,17,7857575906
81,74855657,624287,75479944,13,0,0,11264,13,6525659338
82,74861793,644081,75505874,7,0,0,43008,7,7398278760
83,74862555,438533,75301088,86,0,0,21504,86,513434626
84,74862697,310352,75173049,28,0,0,5120,28,1302131744
85,74878525,649759,75528284,77,0,0,22528,77,7715975921
86,74883265,886087,75769352,74,0,0,32256,74,8505331349
87,74887842,893973,75781815,68,0,0,12288,68,1881947500
88,74898092,531957,75430049,34,0,0,54784,34,9738533272
89,74918211,1256407,76174618,13,0,0,12800,13,7053386877
90,74919640,17863,74937503,72,0,1,14336,72,5267234032
91,74921126,21664,74942790,89,0,1,16896,89,5967452528
92,74928535,759874,75688409,92,0,0,25600,92,4732328781
93,74931444,731150,75662594,21,0,0,71168,21,2274573371
94,74933382,30622,74964004,92,0,1,17920,92,7617051014
95,74934734,740526,75675260,98,0,0,10752,98,8787725265
96,74940827,1065912,76006739,88,0,0,22016,88,9574024490
97,74954841,486782,75441623,45,0,0,11776,45,4458527843
98,74960138,247501,75207639,10,0,0,5120,10,5869205803
99,74971503,12425,74983928,81,0,1,18432,81,631778155
100,74985504,344720,75330224,90,0,0,11264,90,7010221320
101,74991600,35627,75027227,52,0,1,46080,52,3826359743
102,74993534,870173,75863707,40,0,0,13312,40,10403079291
103,74996415,1660452,76656867,43,0,0,31744,43,4332954444
104,74998697,677670,75676367,86,0,0,3584,86,6887303032
105,74998734,1484416,76483150,25,0,0,34816,25,215579771
106,74999920,617352,75617272,78,0,0,17408,78,680170949
107,75003673,542461,75546134,91,0,0,13824,91,7659868064
108,75003954,439868,75443822,65,0,0,7168,65,1815407442
109,75006129,771919,75778048,47,0,0,22528,47,9231104394
110,75006717,785147,75791864,28,0,0,29696,28,7043788014
111,75007693,1274825,76282518,75,0,0,12800,75,8433765546
112,75008576,429444,75438020,59,0,0,26112,59,2627348488
113,75021161,675079,75696240,12,0,0,25600,12,3038469357
114,75026458,1006874,76033332,84,0,0,40960,84,9838262312
115,75034266,1228959,76263225,31,0,0,3584,31,7315130371
116,75038685,1179138,76217823,0,0,0,16384,0,1360774821
117,75040195,466318,75506513,76,0,0,2048,76,3998299377
118,75047506,11735,75059241,80,0,1,1024,80,8138472785
119,75068949,1537393,76606342,18,0,0,29184,18,10369197657
120,75087542,772094,75859636,34,0,0,10752,34,1543860515
121,75101964,21226,75123190,45,0,1,7168,45,4640659800
122,75102333,1220614,76322947,43,0,0,46080,43,8991365353
123,75112708,1419048,76531756,33,0,0,17920,33,2831334790
124,75126422,492581,75619003,22,0,0,5632,22,5088866083
125,75132120,548474,75680594,86,0,0,13824,86,6869999381
126,75132652,3387,75136039,13,0,1,9728,13,10086988479
127,75133413,17056,75150469,81,0,1,28672,81,5376335302
128,75138908,825956,75964864,21,0,0,33792,21,1257337558
129,75141084,607246,75748330,29,0,0,29696,29,1109801264
130,75142102,469851,75611953,27,0,0,6656,27,8082924402
131,75143699,494133,75637832,91,0,0,13824,91,6839777844
132,75155500,1071698,76227198,57,0,0,30720,57,6286290013
133,75156295,465063,75621358,93,0,0,7680,93,3703621888
134,75160401,30300,75190701,30,0,1,7168,30,237850635
135,75161771,773688,75935459,4,0,0,19968,4,2485998652
136,75164759,977907,76142666,56,0,0,14336,56,3883683822
137,75168718,1205257,76373975,42,0,0,25088,42,4170897834
138,75168979,367206,75536185,9,0,0,2560,9,3548373862
139,75172450,957171,76129621,79,0,0,20480,79,2096371921
140,75175743,21230,75196973,67,0,1,6656,67,7592317680
141,75181770,1728891,76910661,76,0,0,73728,76,3055688212
142,75192208,7991,75200199,34,0,1,5120,34,8616967339
143,75198817,906220,76105037,92,0,0,46080,92,3078760479
144,75224229,1273771,76498000,41,0,0,48128,41,3764888855
145,75230838,1000743,76231581,19,0,0,14336,19,9834065859
146,75232710,323806,75556516,81,0,0,5120,81,9211585985
147,75239078,2766433,78005511,15,0,0,75264,15,1381907356
148,75242212,665328,75907540,25,0,0,18432,25,4680224200
149,75272507,2506337,77778844,74,0,0,33792,74,10336064676
150,75274659,1946884,77221543,79,0,0,19968,79,6403576780
151,75276416,902940,76179356,12,0,0,2560,12,8634433241
152,75277129,1652253,76929382,15,0,0,28672,15,55605267
153,75296878,451467,75748345,52,0,1,717824,52,7719190526
154,75306821,1720845,77027666,12,0,0,11264,12,9119661290
155,75309823,459552,75769375,52,0,1,66560,52,3671396413
156,75311882,1140419,76452301,19,0,0,10752,19,1123545422
157,75312066,2102414,77414480,44,0,0,12288,44,2995119399
158,75321904,469975,75791879,33,0,1,77312,33,7822072830
159,75328659,481616,75810275,29,0,1,86016,29,9429029870
160,75329966,1278903,76608869,21,0,0,8192,21,5440684698
161,75334683,2734878,78069561,50,0,0,70144,50,1909478215
162,75338962,568593,75907555,32,0,1,295424,32,5243703633
163,75339919,613963,75953882,97,0,0,60416,97,2130864799
164,75343740,939269,76283009,40,0,0,1536,40,7867126968
165,75347841,1341731,76689572,24,0,0,29184,24,218982338
166,75351656,555914,75907570,92,0,1,512,92,8551593192
167,75355579,757117,76112696,51,0,0,25088,51,3470716618
168,75357054,950929,76307983,51,0,0,32256,51,6231971406
169,75366940,1188694,76555634,31,0,0,4096,31,9016355823
170,75371661,3042736,78414397,93,0,0,38400,93,7111833244
171,75372647,905948,76278595,83,0,0,21504,83,661227291
172,75374103,1546504,76920607,3,0,0,21504,3,6256477528
173,75374589,1130446,76505035,3,0,0,23040,3,6708252015
174,75375783,3049308,78425091,90,0,0,3072,90,10646845640
175,75390571,517022,75907593,9,0,1,5632,9,823683705
176,75401850,3146185,78548035,9,0,0,32256,9,3305532625
177,75406015,609646,76015661,76,0,0,13312,76,1899474053
178,75408417,1189018,76597435,41,0,0,25088,41,5397166175
179,75412163,498098,75910261,87,0,1,5632,87,3283073297
180,75412670,338456,75751126,51,0,0,3584,51,2110890802
181,75420857,1226315,76647172,60,0,0,512,60,1462111562
182,75428328,1154940,76583268,52,0,0,6144,52,10365736102
183,75432605,896317,76328922,25,0,0,19456,25,95924995
184,75443826,1357381,76801207,41,0,0,29184,41,9993345547
185,75446866,909328,76356194,44,0,0,37376,44,8043341771
186,75448674,2127893,77576567,65,0,0,82944,65,7957760877
187,75465382,2451117,77916499,8,0,0,15872,8,5700610546
188,75466120,449633,75915753,27,0,1,26112,27,4111032795
189,75469964,448055,75918019,34,0,1,3584,34,5156111695
190,75477736,443509,75921245,56,0,1,5120,56,9575701200
191,75485550,1319892,76805442,60,0,0,13824,60,562945642
192,75485773,2750860,78236633,5,0,0,43008,5,9547366350
193,75493983,1713001,77206984,90,0,0,1024,90,1241505161
194,75495176,459361,75954537,55,0,0,2048,55,6027204169
195,75498906,2382954,77881860,39,0,0,47104,39,5401601646
196,75500675,1955906,77456581,5,0,0,102400,5,9406530631
197,75516987,1556297,77073284,12,0,0,3584,12,2974565599
198,75517985,930897,76448882,50,0,0,18944,50,4143096791
199,75522091,1146836,76668927,84,0,0,9728,84,949322168
200,75523085,1192814,76715899,33,0,0,16384,33,5220077838
201,75531165,1421984,76953149,15,0,0,77824,15,1657267969
202,75531362,1933050,77464412,61,0,0,25600,61,7907014742
203,75540645,2057091,77597736,83,0,0,24576,83,1325169888
204,75540899,1627770,77168669,15,0,0,11776,15,141816387
205,75544247,377152,75921399,35,0,1,8704,35,6788826816
206,75549916,847926,76397842,56,0,0,2560,56,4214633991
207,75555609,1732144,77287753,4,0,0,31744,4,6893654885
208,75558555,882340,76440895,97,0,0,2560,97,2433434219
209,75560899,2705890,78266789,0,0,0,20992,0,5946105286
210,75570073,3558171,79128244,81,0,0,90112,81,2275326340
211,75581720,1442303,77024023,93,0,0,2048,93,2466789912
212,75592778,1548019,77140797,57,0,0,37376,57,9857359411
213,75609438,1639709,77249147,39,0,0,20480,39,4229893771
214,75615336,311452,75926788,12,0,1,25600,12,7409034612
215,75616950,799566,76416516,73,0,0,15872,73,8888796956
216,75617082,1296950,76914032,0,0,0,10752,0,8443317493
217,75617647,3063271,78680918,78,0,0,37888,78,10013886020
218,75621111,3048248,78669359,83,0,0,13824,83,7707475641
219,75623116,1855835,77478951,9,0,0,47616,9,1995290731
220,75627463,1961171,77588634,75,0,0,39424,75,850393936
221,75632429,335202,75967631,86,0,0,8704,86,9901124673
222,75646292,1017301,76663593,46,0,0,15360,46,8664508715
223,75652720,830601,76483321,34,0,0,512,34,3302630071
224,75657972,1845580,77503552,43,0,0,48128,43,1588414780
225,75667016,2361598,78028614,68,0,0,75776,68,1912312871
226,75670567,848055,76518622,14,0,0,44544,14,9973998231
227,75676217,970784,76647001,26,0,0,38400,26,3698850778
228,75676503,288408,75964911,81,0,1,97792,81,3902179448
229,75686321,278605,75964926,13,0,1,1024,13,8321361353
230,75687022,2007720,77694742,28,0,0,14336,28,10150252203
231,75699381,1692381,77391762,87,0,0,4608,87,9498539641
232,75700365,1636179,77336544,98,0,0,17408,98,8511718175
233,75702627,510189,76212816,65,0,0,25088,65,5947148
234,75706655,829796,76536451,57,0,0,15360,57,2417708288
235,75709193,1823430,77532623,87,0,0,95232,87,1608596014
236,75724499,388836,76113335,79,0,0,2048,79,4431685843
237,75732271,232670,75964941,34,0,1,512,34,2725389582
238,75735253,2907158,78642411,83,0,0,96768,83,35065660
239,75738507,1405737,77144244,92,0,0,11264,92,3014081307
240,75742742,1562105,77304847,90,0,0,1024,90,7143921330
241,75745242,3645230,79390472,11,0,0,2560,11,3163745945
242,75747504,3283295,79030799,15,0,0,21504,15,7407377084
243,75755082,209882,75964964,52,0,1,22528,52,7389898868
244,75757424,210222,75967646,56,0,1,1024,56,9098563535
245,75768260,897688,76665948,0,0,0,7680,0,365619762
246,75771927,1552879,77324806,46,0,0,28672,46,7435523152
247,75791711,1413155,77204866,68,0,0,8192,68,3913502065
248,75804582,1042999,76847581,88,0,0,18944,88,4363892237
249,75805654,2473603,78279257,96,0,0,26624,96,6049114000
250,75805658,3109837,78915495,24,0,0,12800,24,9371388867
251,75806316,1321892,77128208,30,0,0,1536,30,10202622446
252,75824732,3505859,79330591,21,0,0,15360,21,7859209945
253,75833384,134293,75967677,30,0,1,4608,30,3058955600
254,75835938,401076,76237014,81,0,0,2560,81,9879289135
255,75839577,2027916,77867493,22,0,0,4608,22,10293246372
256,75848890,2936022,78784912,60,0,0,29696,60,8689434967
257,75859494,1383382,77242876,40,0,0,23040,40,3488297612
258,75860766,1097406,76958172,55,0,0,16384,55,9460688700
259,75861456,406926,76268382,44,0,0,9728,44,3966590502
260,75862728,3276990,79139718,76,0,0,32256,76,6531408579
261,75865819,499385,76365204,61,0,0,13824,61,4707272480
262,75870719,2250187,78120906,29,0,0,34816,29,8674713759
263,75876119,650162,76526281,13,0,0,25088,13,10136488897
264,75881275,1747346,77628621,79,0,0,5632,79,8337219929
265,75889799,2538115,78427914,92,0,0,9216,92,2267127405
266,75893301,2029609,77922910,41,0,0,20992,41,5999834433
267,75894927,1749102,77644029,84,0,0,15872,84,3904610935
268,75901876,3390002,79291878,71,0,0,34816,71,6240572099
269,75903520,1835416,77738936,33,0,0,29184,33,8145118287
270,75909043,3035115,78944158,37,0,0,16384,37,1199426550
271,75919121,2593930,78513051,26,0,0,4608,26,9552233841
272,75919857,2176625,78096482,60,0,0,39424,60,1377213460
273,75935116,845114,76780230,32,0,0,56832,32,397774532
274,75935393,3528941,79464334,60,0,0,36352,60,2599269872
275,75937370,2611320,78548690,76,0,0,2048,76,4735731563
276,75938954,2303630,78242584,26,0,0,19456,26,4779036174
277,75946227,909013,76855240,0,0,0,25088,0,10595038909
278,75946706,2032794,77979500,54,0,0,5120,54,6101116503
279,75949456,1949931,77899387,44,0,0,57344,44,1793476160
280,75950919,29423,75980342,90,0,1,24576,90,1826980915
281,75960915,19773,75980688,34,0,1,512,34,6171758254
282,75967224,3404237,79371461,12,0,0,17408,12,2391881945
283,75984105,1057049,77041154,75,0,0,5120,75,10031049435
284,75987279,566,75987845,91,0,1,512,91,974936883
285,75991254,1912368,77903622,90,0,0,13824,90,9207541004
286,76008061,1851914,77859975,22,0,0,4608,22,3918618881
287,76035724,1654635,77690359,51,0,0,12288,51,3954003223
288,76038198,3760909,79799107,32,0,0,14848,32,2213830083
289,76045214,3427645,79472859,17,0,0,15872,17,1368389575
290,76046014,1931911,77977925,57,0,0,22016,57,5424209964
291,76047797,2946,76050743,87,0,1,3072,87,5341719970
292,76077962,2108179,78186141,7,0,0,49152,7,8254828356
293,76081810,1188915,77270725,26,0,0,10752,26,3542056500
294,76083676,1208729,77292405,23,0,0,5632,23,6362627930
295,76085261,897466,76982727,50,0,0,9216,50,7117458639
296,76089136,1273497,77362633,2,0,0,15872,2,9831512879
297,76089484,3427108,79516592,48,0,0,5632,48,1561763035
298,76089850,894920,76984770,31,0,0,6656,31,8306149690
299,76092777,40707,76133484,21,0,1,10752,21,9050050907
300,76102760,1024949,77127709,64,0,0,28672,64,6437383167
301,76108025,1380792,77488817,73,0,0,25088,73,10531898885
302,76110055,2655494,78765549,68,0,0,46080,68,8859777240
303,76115015,1964857,78079872,58,0,0,33792,58,1403449113
304,76117780,2171172,78288952,40,0,0,31744,40,8945017658
305,76119216,1068679,77187895,0,0,0,36864,0,6438271183
306,76131699,11811087,87942786,4,0,1,348672,4,5308987962
307,76142744,2001011,78143755,21,0,0,8704,21,10646125079
308,76145072,1953172,78098244,98,0,0,2560,98,560717405
309,76159680,1706394,77866074,51,0,0,19968,51,6301292393
310,76161470,1770035,77931505,4,0,0,28160,4,1793556741
311,76163202,2334181,78497383,30,0,0,20480,30,6303130649
312,76167555,4363821,80531376,55,0,0,30208,55,4357631721
313,76169051,3731774,79900825,67,0,0,12800,67,10077929954
314,76170811,1480898,77651709,45,0,0,3584,45,4536753577
315,76179705,1731943,77911648,55,0,0,10240,55,10264667190
316,76179722,3000747,79180469,73,0,0,38400,73,5016776111
317,76190029,2318601,78508630,30,0,0,36864,30,688037693
318,76195550,1560576,77756126,50,0,0,13312,50,7148782106
319,76198893,3520981,79719874,76,0,0,30720,76,921878903
320,76220850,2383377,78604227,44,0,0,9216,44,2930413649
321,76228122,1129652,77357774,2,0,0,13824,2,9568154380
322,76231350,11860217,88091567,62,0,1,6656,62,10452784405
323,76236708,11856018,88092726,90,0,1,7680,90,1191936639
324,76243476,11850876,88094352,25,0,1,2560,25,7113668322
325,76244866,11849832,88094698,87,0,1,512,87,6192282291
326,76245286,317990,76563276,5,0,0,1024,5,6386783653
327,76248355,3795925,80044280,4,0,0,26624,4,4372701900
328,76269376,1278893,77548269,57,0,0,40960,57,2052137937
329,76269663,4106197,80375860,55,0,0,18944,55,6958176363
330,76274154,3227124,79501278,8,0,0,7168,8,1886754802
331,76275942,5204324,81480266,14,0,0,3584,14,4275238651
332,76281634,11817250,88098884,21,0,1,6656,21,10725015411
333,76297861,12679488,88977349,32,0,1,42496,32,8662897122
334,76301120,1467413,77768533,51,0,0,35840,51,2061716205
335,76308425,474636,76783061,96,0,0,9216,96,2871190211
336,76314414,1236842,77551256,13,0,0,9728,13,93230920
337,76317093,2386428,78703521,27,0,0,16384,27,8324769623
338,76321567,12986937,89308504,34,0,1,13824,34,5914640967
339,76325717,13108600,89434317,56,0,1,7680,56,3990884988
340,76326479,13179120,89505599,80,0,1,22016,80,1087245834
341,76335186,2260615,78595801,4,0,0,70144,4,8135340563
342,76337363,993854,77331217,57,0,0,20992,57,3803363020
343,76338441,3665035,80003476,31,0,0,20480,31,4222434151
344,76342706,13306255,89648961,49,0,1,1024,49,8601130667
345,76357735,1726720,78084455,79,0,0,14336,79,2692741907
346,76359403,13289581,89648984,8,0,1,5120,8,3899504517
347,76374245,13274762,89649007,74,0,1,2560,74,5884941222
348,76377514,1724957,78102471,45,0,0,13824,45,5250953622
349,76392830,13443323,89836153,7,0,1,7168,7,1164672027
350,76396659,13441412,89838071,90,0,1,2560,90,10518322316
351,76415320,1551527,77966847,25,0,0,1024,25,1353559409
352,76415935,2405661,78821596,66,0,0,24064,66,4344278917
353,76418941,1516011,77934952,76,0,0,11264,76,275487038
354,76423400,4454164,80877564,96,0,0,46080,96,10003590618
355,76425146,3250096,79675242,24,0,0,11264,24,82203615
356,76435835,1773028,78208863,91,0,0,56320,91,58577703
357,76442705,2629990,79072695,95,0,0,9728,95,9441897313
358,76444725,395799,76840524,64,0,0,1536,64,9564130099
359,76445053,379126,76824179,67,0,0,8704,67,6397298498
360,76446973,4794320,81241293,60,0,0,23040,60,5134945000
361,76450036,13388058,89838094,35,0,1,2560,35,10706596095
362,76454766,1791288,78246054,82,0,0,512,82,179043381
363,76460168,13442445,89902613,45,0,1,1536,45,1337724460
364,76460310,16618408,93078718,96,0,1,222720,96,8820253916
365,76466254,1823353,78289607,86,0,0,2048,86,5540644912
366,76470016,1578158,78048174,40,0,0,15360,40,4636127876
367,76472666,3822397,80295063,85,0,0,38912,85,5409072589
368,76476400,2206873,78683273,66,0,0,7680,66,5024148574
369,76484260,3310244,79794504,51,0,0,149504,51,10289712104
370,76485528,2815957,79301485,59,0,0,6656,59,9863186387
371,76486030,16646591,93132621,25,0,1,1024,25,9700090582
372,76490730,1933394,78424124,67,0,0,31744,67,9937182209
373,76496392,2377631,78874023,27,0,0,10240,27,5032079720
374,76509499,2145610,78655109,66,0,0,34304,66,181596592
375,76513141,1345407,77858548,62,0,0,55296,62,3368612815
376,76513258,16620029,93133287,27,0,1,1024,27,7118177638
377,76513623,2939620,79453243,26,0,0,19456,26,2952525448
378,76513773,1152072,77665845,77,0,0,4608,77,2053081250
379,76516001,1867583,78383584,77,0,0,32768,77,6813394756
380,76525112,17582193,94107305,12,0,1,171008,12,4979783832
381,76534153,3310300,79844453,54,0,0,44544,54,245298703
382,76539612,3034143,79573755,37,0,0,16384,37,2258305110
383,76540923,6251599,82792522,33,0,0,20480,33,1314790616
384,76551836,2113280,78665116,25,0,0,32768,25,7429581142
385,76554201,926949,77481150,41,0,0,7168,41,4225193963
386,76566352,5459572,82025924,73,0,0,94720,73,9468974174
387,76566776,968982,77535758,28,0,0,10240,28,7705327998
388,76569996,2931461,79501457,95,0,0,512,95,6076511973
389,76583368,17523960,94107328,13,0,1,4096,13,9294522649
390,76597612,17513350,94110962,54,0,1,17920,54,438956184
391,76610642,4623608,81234250,7,0,0,65536,7,2165664300
392,76612145,1485304,78097449,40,0,0,3072,40,8150094117
393,76615141,2640056,79255197,41,0,0,73216,41,129171222
394,76622338,3871318,80493656,45,0,0,28160,45,8760657302
395,76623438,2753061,79376499,75,0,0,5632,75,4284540765
396,76632473,6328208,82960681,93,0,0,64000,93,9655764103
397,76633758,17612476,94246234,53,0,1,2048,53,8159200311
398,76639460,1606423,78245883,27,0,0,10752,27,3858208623
399,76649726,17747568,94397294,63,0,1,19456,63,5672964728
400,76650118,310899,76961017,54,0,0,5120,54,10378831975
401,76660957,5058833,81719790,41,0,0,51200,41,5535632202
402,76661002,534404,77195406,9,0,0,24576,9,409295501
403,76664672,537683,77202355,97,0,0,20480,97,3230901251
404,76667763,1111884,77779647,66,0,0,2560,66,796640058
405,76674754,17845887,94520641,25,0,1,12288,25,6946191092
406,76701888,3042973,79744861,66,0,0,63488,66,9473308527
407,76719606,976087,77695693,7,0,0,3072,7,4847358577
408,76730160,1058722,77788882,27,0,0,30208,27,8996621002
409,76731983,2474174,79206157,33,0,0,14848,33,6950911211
410,76733018,2714274,79447292,97,0,0,78336,97,3356623634
411,76735374,2683105,79418479,24,0,0,2560,24,1469544636
412,76752398,2387827,79140225,73,0,0,1536,73,3106483608
413,76755070,17766032,94521102,53,0,1,10240,53,9313297092
414,76767252,5440716,82207968,38,0,0,42496,38,9830998239
415,76788075,4719154,81507229,29,0,0,43520,29,3213771356
416,76791580,18049619,94841199,17,0,1,1536,17,3709559467
417,76792749,18052636,94845385,87,0,1,6656,87,893587740
418,76807895,2373852,79181747,23,0,0,1536,23,688227494
419,76813707,4478943,81292650,65,0,0,52224,65,9158895984
420,76815131,1613118,78428249,40,0,0,1024,40,6998257762
421,76816660,2440923,79257583,0,0,0,1536,0,4890646841
422,76817354,20057989,96875343,39,0,1,231936,39,5135615668
423,76828892,1614499,78443391,81,0,0,23040,81,9512687489
424,76836573,3827395,80663968,21,0,0,74240,21,884619120
425,76847550,1584302,78431852,99,0,0,11776,99,856700027
426,76848080,1087355,77935435,26,0,0,1536,26,8975981991
427,76849381,2161171,79010552,52,0,0,9216,52,5803628047
428,76869518,5573172,82442690,68,0,0,17408,68,468876502
429,76886140,3590622,80476762,46,0,0,55808,46,4703146445
430,76886600,20040444,96927044,26,0,1,3584,26,560995339
431,76890258,20328999,97219257,83,0,1,79872,83,186287598
432,76891380,2414956,79306336,61,0,0,15872,61,3885188499
433,76892632,2466311,79358943,76,0,0,14336,76,3229072227
434,76899934,3078849,79978783,32,0,0,13312,32,1475222119
435,76909026,20479649,97388675,68,0,1,4096,68,2529093138
436,76909979,1031998,77941977,1,0,0,11264,1,9085491289
437,76917003,3019386,79936389,32,0,0,4608,32,9526275500
438,76918466,444502,77362968,47,0,0,1024,47,2216103251
439,76926121,3148512,80074633,8,0,0,8192,8,261002686
440,76927862,20460836,97388698,49,0,1,12800,49,3464947006
441,76936512,20452209,97388721,95,0,1,11776,95,6705686053
442,76941120,2208028,79149148,50,0,0,29184,50,3766652398
443,76945765,962732,77908497,88,0,0,15872,88,5497768154
444,76961751,794674,77756425,65,0,0,512,65,301745732
445,76978604,2202660,79181264,2,0,0,2560,2,7208689278
446,76984733,3070420,80055153,78,0,0,17920,78,5299630749
447,76986563,2840981,79827544,38,0,0,79872,38,8119762970
448,76988547,954537,77943084,4,0,0,3584,4,10613899820
449,76990393,2488744,79479137,70,0,0,512,70,8194864328
450,76992613,2486353,79478966,23,0,0,19968,23,2128596124
451,76995188,3915227,80910415,51,0,0,25088,51,5408453499
452,77000180,4171997,81172177,66,0,0,21504,66,8487189464
453,77003838,1765533,78769371,10,0,0,4608,10,5558205743
454,77007434,3942339,80949773,41,0,0,50688,41,512445350
455,77012347,20481558,97493905,99,0,1,28672,99,8345527776
456,77029197,2394204,79423401,53,0,0,512,53,3516390708
457,77040388,349955,77390343,13,0,0,6144,13,3331124158
458,77041676,4049886,81091562,40,0,0,26112,40,10514838704
459,77045454,20501992,97547446,68,0,1,1024,68,6733951058
460,77046011,20599141,97645152,90,0,1,18432,90,10048325325
461,77068291,4343634,81411925,52,0,0,43520,52,3495355838
462,77083880,2553733,79637613,40,0,0,33280,40,3450415207
463,77091328,2805582,79896910,74,0,0,37376,74,4526279662
464,77091969,2325388,79417357,90,0,0,13824,90,6105905849
465,77096958,20734373,97831331,80,0,1,5120,80,2928262453
466,77098077,1230343,78328420,96,0,0,8704,96,4120448787
467,77100292,934265,78034557,39,0,0,19456,39,3014351806
468,77101598,2179649,79281247,30,0,0,3072,30,7157182218
469,77102733,530404,77633137,78,0,0,4096,78,2981463749
470,77102856,841179,77944035,5,0,0,3072,5,4615829764
471,77102915,2263219,79366134,18,0,0,23552,18,7723839076
472,77109273,3196163,80305436,19,0,0,23552,19,980622910
473,77111976,1098774,78210750,46,0,0,6144,46,10681115744
474,77117497,20714705,97832202,49,0,1,12288,49,2426654582
475,77119066,5950542,83069608,57,0,0,61952,57,10498400684
476,77121069,1361124,78482193,32,0,0,3072,32,8740154279
477,77127000,1702723,78829723,61,0,0,26624,61,6415962176
478,77145500,2979009,80124509,11,0,0,32768,11,7928694827
479,77174284,4675150,81849434,84,0,0,24064,84,9194998143
480,77178648,2927955,80106603,84,0,0,34304,84,4701454366
481,77178726,411483,77590209,84,0,0,5120,84,120866257
482,77196074,2681618,79877692,91,0,0,38400,91,4821505379
483,77203034,1146541,78349575,25,0,0,9728,25,4755525220
484,77236597,3061632,80298229,83,0,0,8704,83,3099234722
485,77237770,3915783,81153553,55,0,0,50688,55,5097305188
486,77243888,2641619,79885507,50,0,0,25600,50,4619729521
487,77263496,1822931,79086427,64,0,0,6144,64,8925382661
488,77265048,1128033,78393081,56,0,0,10240,56,3841525106
489,77270313,404170,77674483,8,0,0,512,8,10114039825
490,77270888,770704,78041592,89,0,0,23040,89,2268797856
491,77271532,3213521,80485053,4,0,0,27136,4,1424371263
492,77273575,2557283,79830858,42,0,0,1024,42,8302746498
493,77283912,1884842,79168754,42,0,0,9216,42,4378652278
494,77284196,20554727,97838923,59,0,1,24064,59,4825193359
495,77309737,20547514,97857251,67,0,1,2560,67,7462555620
496,77312029,2374320,79686349,52,0,0,36352,52,9126517787
497,77313023,2268586,79581609,87,0,0,7168,87,5798967372
498,77321310,4873687,82194997,77,0,0,18432,77,1853280439
499,77328125,503114,77831239,30,0,0,3584,30,563871505
500,77329613,20527661,97857274,45,0,1,9216,45,2026685217
501,77335954,3998995,81334949,18,0,0,138752,18,1699794544
502,77342828,1726430,79069258,18,0,0,2560,18,2509001903
503,77345394,5399567,82744961,64,0,0,7680,64,1576181957
504,77353126,2060004,79413130,88,0,0,50688,88,6236180975
505,77353653,3146586,80500239,8,0,0,21504,8,5409778119
506,77354874,2863649,80218523,27,0,0,27648,27,5059684170
507,77358953,5754161,83113114,96,0,0,3584,96,5468338907
508,77368244,5117272,82485516,53,0,0,39936,53,2385662410
509,77373593,1135528,78509121,97,0,0,1536,97,4946444657
510,77392564,3541742,80934306,30,0,0,78336,30,9611825656
511,77397941,927812,78325753,98,0,0,8704,98,1502967345
512,77406255,20698304,98104559,62,0,1,7680,62,4023756492
513,77408990,20695592,98104582,90,0,1,3584,90,1538033099
514,77417349,2997330,80414679,60,0,0,12800,60,1358948695
515,77427880,5779619,83207499,33,0,0,46080,33,9019134153
516,77428828,20721595,98150423,67,0,1,8192,67,4813866996
517,77430298,2635374,80065672,11,0,0,17920,11,10145607827
518,77430489,1540776,78971265,42,0,0,5632,42,7014604649
519,77445462,20704984,98150446,74,0,1,1536,74,9630643036
520,77455314,736318,78191632,92,0,0,17920,92,4673627079
521,77462439,2461863,79924302,88,0,0,45056,88,9288256750
522,77462786,5642170,83104956,31,0,0,52224,31,8857385147
523,77465099,895588,78360687,61,0,0,8704,61,9750247590
524,77465110,1179516,78644626,73,0,0,7168,73,5303951592
525,77467115,2604999,80072114,24,0,0,6144,24,3278515627
526,77474648,1799623,79274271,96,0,0,8704,96,3108733093
527,77477449,1059179,78536628,66,0,0,29696,66,8252079827
528,77480571,3059416,80539987,56,0,0,28160,56,1823517574
529,77488275,555204,78043479,40,0,0,6144,40,6748061142
530,77502948,3346297,80849245,90,0,0,17920,90,10590436751
531,77512798,3009351,80522149,29,0,0,15360,29,8424491148
532,77514656,3614328,81128984,31,0,0,10240,31,7482536469
533,77516262,4599187,82115449,18,0,0,100864,18,7067648066
534,77516923,3930327,81447250,71,0,0,31744,71,1526844137
535,77521305,4182862,81704167,77,0,0,72704,77,8170855909
536,77533502,1723598,79257100,19,0,0,6144,19,3167913342
537,77537074,20613403,98150477,13,0,1,10240,13,7400642308
538,77537518,3888002,81425520,72,0,0,44544,72,2403924173
539,77538658,4684161,82222819,42,0,0,48640,42,5571559278
540,77543976,3629904,81173880,44,0,0,3072,44,115997675
541,77547601,2580995,80128596,79,0,0,13312,79,7709537816
542,77551644,1829612,79381256,38,0,0,2560,38,8061728890
543,77555727,4570064,82125791,5,0,0,18944,5,10046747457
544,77592425,2342545,79934970,25,0,0,24064,25,9146771390
545,77604850,20682144,98286994,99,0,1,2560,99,8466795129
546,77607472,2488313,80095785,95,0,0,33792,95,7329885210
547,77617946,5805445,83423391,99,0,0,41984,99,7907027872
548,77620007,1147945,78767952,25,0,0,7680,25,4798576855
549,77622519,4699279,82321798,82,0,0,11264,82,9653111167
550,77626535,2469585,80096120,39,0,0,1024,39,10674966024
551,77628812,1664361,79293173,90,0,0,4096,90,8341917038
552,77635836,20651181,98287017,35,0,1,12288,35,7435182638
553,77637473,4186544,81824017,73,0,0,41472,73,3089289067
554,77638145,2505551,80143696,45,0,0,17920,45,10141892975
555,77654307,3298453,80952760,27,0,0,9728,27,9759051548
556,77673109,1068945,78742054,96,0,0,5632,96,486356721
557,77677338,786111,78463449,74,0,0,2048,74,83044020
558,77677934,4099056,81776990,23,0,0,14848,23,7415935715
559,77680996,769521,78450517,92,0,0,10752,92,3918905024
560,77681876,2367351,80049227,19,0,0,3584,19,902606944
561,77681918,2292794,79974712,73,0,0,11776,73,2085807477
562,77684913,20605740,98290653,52,0,1,22016,52,9224775530
563,77695381,22452226,100147607,37,0,1,186368,37,5492304795
564,77696273,1455566,79151839,59,0,0,8704,59,9775134001
565,77696390,3163018,80859408,6,0,0,33280,6,10566605904
566,77698854,2867583,80566437,68,0,0,5632,68,3027673431
567,77704652,4198302,81902954,23,0,0,38400,23,772529515
568,77709785,2602373,80312158,97,0,0,16896,97,10471613672
569,77710324,3648984,81359308,99,0,0,79872,99,10277126735
570,77711150,22517907,100229057,28,0,1,7168,28,4441175285
571,77712364,3264991,80977355,7,0,0,31744,7,2579878038
572,77712641,2475992,80188633,9,0,0,3072,9,9985289365
573,77720466,2948517,80668983,31,0,0,16384,31,1347574635
574,77727381,996884,78724265,50,0,0,12288,50,2891612482
575,77730959,1783894,79514853,96,0,0,19968,96,1942757689
576,77736095,2189626,79925721,93,0,0,4608,93,7167834789
577,77740959,3376545,81117504,30,0,0,19968,30,733661715
578,77748660,3715484,81464144,23,0,0,4608,23,3914107288
579,77749178,3333914,81083092,43,0,0,79360,43,4244352514
580,77757535,3244402,81001937,71,0,0,69632,71,8111685072
581,77765679,1217459,78983138,40,0,0,1024,40,10145314849
582,77766065,3606581,81372646,31,0,0,24576,31,9036688860
583,77776720,3603281,81380001,59,0,0,24064,59,2102214815
584,77783221,3955959,81739180,30,0,0,1024,30,1419842506
585,77791669,3797991,81589660,68,0,0,14336,68,9059875622
586,77805020,22424962,100229982,54,0,1,1024,54,3010789160
587,77828343,1546409,79374752,91,0,0,10752,91,9973627176
588,77832434,3815378,81647812,52,0,0,42496,52,7964702757
589,77832825,3278572,81111397,21,0,0,65024,21,5226113344
590,77834686,881663,78716349,34,0,0,3072,34,1903037103
591,77843003,4092358,81935361,6,0,0,17408,6,7893316334
592,77850065,3331512,81181577,17,0,0,2560,17,6674209892
593,77850717,22379992,100230709,59,0,1,1536,59,9035010185
594,77852918,3910823,81763741,93,0,0,5120,93,5213077797
595,77857725,4279055,82136780,51,0,0,26624,51,996469696
596,77859225,23561016,101420241,38,0,1,423424,38,1336416102
597,77862479,3624876,81487355,19,0,0,14336,19,6086624527
598,77879211,4651264,82530475,25,0,0,147456,25,7313412470
599,77897981,2299885,80197866,96,0,0,1536,96,313271580
600,77900458,3496133,81396591,82,0,0,44544,82,3868040469
601,77909634,1220241,79129875,41,0,0,5120,41,2526028618
602,77910581,4635852,82546433,50,0,0,30208,50,6445394042
603,77918715,3716126,81634841,81,0,0,56832,81,10205354303
604,77918977,4000403,81919380,93,0,0,17408,93,5893148359
605,77920720,3848059,81768779,33,0,0,9728,33,2903629412
606,77929241,4818239,82747480,85,0,0,8192,85,144511598
607,77937977,5377085,83315062,58,0,0,7168,58,239100153
608,77939873,23481648,101421521,11,0,1,14336,11,9080835156
609,77941382,2880943,80822325,53,0,0,7680,53,7850905356
610,77941787,2255596,80197383,45,0,0,18944,45,2522362927
611,77977173,619111,78596284,25,0,0,1536,25,9641930027
612,77984334,3957914,81942248,26,0,0,22528,26,4003084689
613,77990126,3999019,81989145,14,0,0,5632,14,2618458310
614,78001356,4696313,82697669,67,0,0,74752,67,3395860216
615,78001569,4170076,82171645,57,0,0,70656,57,1769761192
616,78001787,1066676,79068463,5,0,0,7680,5,2042899462
617,78007809,1629975,79637784,29,0,0,512,29,3531235445
618,78016833,23477816,101494649,49,0,1,3072,49,5786232494
619,78020395,4029489,82049884,53,0,0,8704,53,2359469484
620,78026158,1777035,79803193,44,0,0,9216,44,3011776610
621,78027564,4697052,82724616,81,0,0,2048,81,5568869684
622,78028029,23475090,101503119,92,0,1,8192,92,206200101
623,78032174,4286169,82318343,24,0,0,23040,24,6411496103
624,78040643,2242541,80283184,45,0,0,15872,45,5129941049
625,78042003,23489928,101531931,90,0,1,6656,90,1341465426
626,78051881,3815360,81867241,67,0,0,32256,67,4450098568
627,78062706,1354978,79417684,70,0,0,1024,70,5013863741
628,78071144,5180491,83251635,6,0,0,73216,6,1905110497
629,78073657,23477414,101551071,92,0,1,1024,92,4193914255
630,78084639,3681153,81765792,32,0,0,6656,32,5660163668
631,78115854,1367510,79483364,23,0,0,13824,23,8045651635
632,78130984,2496461,80627445,17,0,0,44544,17,10219679016
633,78138157,4695777,82833934,96,0,0,128000,96,6408046652
634,78148303,1557497,79705800,34,0,0,8704,34,10002202917
635,78156351,3773683,81930034,14,0,0,27648,14,6543202357
636,78159055,23397210,101556265,27,0,1,16896,27,6266088183
637,78160959,1262247,79423206,11,0,0,15360,11,7323360545
638,78163916,5503304,83667220,84,0,0,47616,84,7185128710
639,78165204,4183206,82348410,0,0,0,5120,0,7031185977
640,78170459,3072573,81243032,67,0,0,5632,67,14224225
641,78173351,5585424,83758775,22,0,0,28160,22,4841328271
642,78176369,3500376,81676745,30,0,0,17920,30,4936776635
643,78178000,5340913,83518913,23,0,0,20480,23,6505083225
644,78183068,670597,78853665,65,0,0,2560,65,8789078742
645,78183552,5713114,83896666,70,0,0,10752,70,8654721249
646,78183589,4784888,82968477,37,0,0,6144,37,7168432252
647,78183865,2094460,80278325,2,0,0,41472,2,3298100249
648,78185216,4211673,82396889,98,0,0,41984,98,5676043896
649,78188991,3996132,82185123,31,0,0,18432,31,5771918949
650,78191046,4215226,82406272,12,0,0,30720,12,7816138968
651,78206002,1721621,79927623,56,0,0,1536,56,8725216741
652,78212133,1872398,80084531,28,0,0,6144,28,7492418777
653,78212288,2960068,81172356,66,0,0,512,66,2044103888
654,78219432,23355433,101574865,21,0,1,3072,21,1830298923
655,78222663,1244230,79466893,0,0,0,8192,0,2638267937
656,78228791,2657474,80886265,12,0,0,18432,12,1771795604
657,78233992,5504001,83737993,24,0,0,26112,24,90760348
658,78236546,4059115,82295661,34,0,0,5632,34,8790573010
659,78237419,1798726,80036145,12,0,0,17408,12,4396151388
660,78238832,5374407,83613239,39,0,0,92160,39,167821381
661,78244610,2102703,80347313,58,0,0,35328,58,10611214850
662,78246585,2568411,80814996,34,0,0,2048,34,2191388923
663,78253416,5367958,83621374,95,0,0,26624,95,904169689
664,78257517,4480370,82737887,99,0,0,32256,99,6898811763
665,78258637,1915815,80174452,88,0,0,512,88,8367342881
666,78259621,4050318,82309939,43,0,0,4608,43,8341353558
667,78262957,3887129,82150086,66,0,0,26112,66,1059952516
668,78274596,1416916,79691512,19,0,0,16896,19,7404376256
669,78279920,3462559,81742479,3,0,0,10752,3,8014964296
670,78281464,23293424,101574888,11,0,1,7168,11,9289358380
671,78328342,4264072,82592414,97,0,0,41472,97,4948908312
672,78355539,668693,79024232,66,0,0,2048,66,281104012
673,78360293,5697851,84058144,89,0,0,9216,89,2111254010
674,78374620,1187009,79561629,7,0,0,46080,7,3346827196
675,78377917,2782429,81160346,5,0,0,9728,5,8902777857
676,78402055,1215554,79617609,78,0,0,19456,78,1883485743
677,78403087,5925029,84328116,37,0,0,33792,37,4048897700
678,78404007,23636056,102040063,25,0,1,74752,25,1482190100
679,78406203,23665753,102071956,49,0,1,8192,49,4820549570
680,78406210,1500870,79907080,77,0,0,20480,77,3258577850
681,78410697,1419826,79830523,64,0,0,9728,64,6520895879
682,78417917,5019092,83437009,33,0,0,24576,33,6125714534
683,78435657,4784836,83220493,70,0,0,12800,70,7232972927
684,78438397,5691911,84130308,4,0,0,59904,4,7010806678
685,78438888,1488252,79927140,6,0,0,4608,6,7419924580
686,78441730,1696483,80138213,23,0,0,7168,23,4973646698
687,78444739,23691591,102136330,8,0,1,512,8,921511685
688,78451523,3979322,82430845,68,0,0,2048,68,4797304424
689,78455882,3897516,82353398,22,0,0,6656,22,5962098144
690,78456991,1536701,79993692,83,0,0,29696,83,1368134355
691,78462992,4375489,82838481,65,0,0,14848,65,3623477997
692,78465264,23672654,102137918,9,0,1,15872,9,2838043641
693,78476710,3811417,82288127,73,0,0,57856,73,2809417376
694,78477805,990203,79468008,8,0,0,3584,8,5316001111
695,78478592,4610094,83088686,70,0,0,43520,70,3625963140
696,78478849,4737721,83216570,22,0,0,29696,22,8053594288
697,78479105,23660759,102139864,90,0,1,3072,90,6309993051
698,78479494,4124799,82604293,73,0,0,38912,73,9394252195
699,78480655,23659875,102140530,34,0,1,1024,34,4861818815
700,78496128,23651175,102147303,31,0,1,2560,31,1516450
701,78498113,3732887,82231000,72,0,0,17408,72,2736022007
702,78499517,2777198,81276715,5,0,0,44544,5,5547466228
703,78502471,2507624,81010095,61,0,0,2560,61,5561759057
704,78505094,2520156,81025250,80,0,0,49664,80,5638212852
705,78512521,4366480,82879001,10,0,0,15360,10,7440846754
706,78518973,1432884,79951857,86,0,0,1536,86,9372834485
707,78520766,23626560,102147326,23,0,1,11264,23,5840906447
708,78525358,4363985,82889343,15,0,0,28672,15,224198090
709,78525449,5656265,84181714,39,0,0,3072,39,1605064315
710,78535268,4773765,83309033,43,0,0,23040,43,9502227580
711,78538093,23621603,102159696,45,0,1,2048,45,7400989031
712,78538126,4248133,82786259,61,0,0,29696,61,4875402909
713,78541484,6459367,85000851,75,0,0,61952,75,816681050
714,78544166,23627143,102171309,74,0,1,3072,74,8434594286
715,78560459,1627215,80187674,70,0,0,36864,70,6298746343
716,78564554,23836967,102401521,11,0,1,7680,11,10527156275
717,78564980,2952519,81517499,2,0,0,9728,2,4077024581
718,78566646,5017956,83584602,81,0,0,24576,81,137373039
719,78570080,23831464,102401544,67,0,1,1536,67,7160089071
720,78589702,23923332,102513034,97,0,1,30208,97,5915344622
721,78600973,2524221,81125194,32,0,0,5632,32,7457351969
722,78602702,2879147,81481849,57,0,0,5120,57,1323774089
723,78607415,1462804,80070219,6,0,0,14848,6,6582792050
724,78612698,2525388,81138086,91,0,0,2560,91,7293745717
725,78620330,3325701,81946031,72,0,0,12288,72,4108047415
726,78624998,4221797,82846795,89,0,0,16896,89,9134411551
727,78632140,1413403,80045543,96,0,0,4096,96,6743129700
728,78636235,1753868,80390103,76,0,0,12800,76,3170762875
729,78637506,1584324,80221830,28,0,0,10752,28,1340760704
730,78645659,3738415,82384074,41,0,0,18432,41,77948824
731,78646467,24676501,103322968,81,0,1,221696,81,4912624608
732,78658180,2495552,81153732,14,0,0,512,14,5371309164
733,78671638,24684992,103356630,53,0,1,4608,53,6198708806
734,78673419,4578551,83251970,11,0,0,1024,11,5215002633
735,78686321,25041565,103727886,25,0,1,173056,25,3902768567
736,78711342,4461113,83172455,17,0,0,5120,17,7824462099
737,78713531,25014378,103727909,87,0,1,2560,87,6685556965
738,78730679,3316530,82047209,90,0,0,8704,90,4346414532
739,78734197,3612346,82346543,46,0,0,9728,46,7001277121
740,78737803,24990129,103727932,45,0,1,5120,45,3745787088
741,78740429,2516538,81256967,4,0,0,4608,4,3656501976
742,78743884,5602694,84346578,79,0,0,50688,79,2841027380
743,78753475,4676023,83429498,55,0,0,19968,55,5833086613
744,78754509,3374136,82128645,55,0,0,1536,55,2177281104
745,78754531,2902040,81656571,98,0,0,28672,98,1028430255
746,78761528,5800297,84561825,12,0,0,5120,12,7718325619
747,78762867,4381393,83144260,37,0,0,61440,37,2520308774
748,78765634,5647713,84413347,64,0,0,6144,64,4341852261
749,78781207,3687727,82468934,99,0,0,12800,99,6820592598
750,78782445,2033042,80815487,79,0,0,1536,79,1051066003
751,78784296,1812181,80596477,7,0,0,3584,7,8837072187
752,78785510,3250265,82035775,67,0,0,32256,67,5936674394
753,78789211,1893590,80682801,77,0,0,24576,77,7043575861
754,78790264,3838255,82628519,3,0,0,21504,3,1977055020
755,78791917,3397441,82189358,34,0,0,13824,34,10598966068
756,78819949,5432619,84252568,75,0,0,10240,75,3255975416
757,78822491,2080257,80902748,47,0,0,15360,47,9368090264
758,78824858,24988991,103813849,54,0,1,15360,54,8395555110
759,78834129,1895326,80729455,96,0,0,20480,96,2658925091
760,78853524,2640406,81493930,99,0,0,21504,99,758144466
761,78858432,6828280,85686712,60,0,0,30720,60,1303875745
762,78868895,3668311,82537206,95,0,0,22016,95,466002548
763,78872176,5641379,84513555,33,0,0,4096,33,10148227933
764,78883402,4595917,83479319,85,0,0,36352,85,3757724061
765,78886975,2356236,81243211,90,0,0,512,90,8301291588
766,78892941,24920931,103813872,93,0,1,3072,93,3738706296
767,78894158,906212,79800370,30,0,0,4096,30,2688558677
768,78895098,2584053,81479151,23,0,0,49152,23,9852344297
769,78915406,4407323,83322729,28,0,0,25088,28,2331137747
770,78922265,1325574,80247839,25,0,0,22528,25,889142528
771,78932570,6414403,85346973,92,0,0,5632,92,9263939782
772,78933900,5431467,84365367,84,0,0,44544,84,8423667848
773,78936916,3787053,82723969,4,0,0,50176,4,5113465972
774,78947500,5015917,83963417,18,0,0,3584,18,8474425499
775,78957025,6204256,85161281,45,0,0,22016,45,3800857040
776,78958543,6877534,85836077,98,0,0,73728,98,6736902046
777,78959670,5868478,84828148,96,0,0,3072,96,5828642544
778,78959754,4080043,83039797,8,0,0,57856,8,3456100922
779,78961638,2777207,81738845,45,0,0,62464,45,2209796612
780,78966010,2611003,81577013,6,0,0,8192,6,6491551142
781,78970999,1386354,80357353,57,0,0,18944,57,1870270128
782,78982490,2779668,81762158,66,0,0,64512,66,9918621283
783,79000034,2509714,81509748,4,0,0,8192,4,9854356477
784,79005171,5763151,84768322,96,0,0,50688,96,4788510775
785,79009576,1664578,80674154,15,0,0,16896,15,3949784307
786,79020552,24793343,103813895,91,0,1,17408,91,7757260429
787,79022764,2891289,81914053,51,0,0,36352,51,10561413018
788,79027435,1732634,80760069,95,0,0,33792,95,1749543645
789,79031322,6250436,85281758,78,0,0,184832,78,7590457386
790,79033179,2222361,81255540,81,0,0,24064,81,3744130542
791,79052970,695913,79748883,97,0,0,9216,97,5514002858
792,79061453,5249270,84310723,75,0,0,55296,75,9058987087
793,79063732,24961406,104025138,25,0,1,135680,25,4940138984
794,79068139,4678136,83746275,95,0,0,17408,95,351196719
795,79070035,4749775,83819810,39,0,0,117760,39,7634675726
796,79077117,4661835,83738952,6,0,0,3072,6,1193471485
797,79080655,24972784,104053439,92,0,1,12288,92,1693130580
798,79081232,4210669,83291901,39,0,0,11776,39,197532637
799,79096799,3358550,82455349,41,0,0,41472,41,6476855929
800,79104981,24970523,104075504,11,0,1,4096,11,2377582018
801,79115816,3679095,82794911,77,0,0,7680,77,1822962102
802,79118105,24957422,104075527,40,0,1,4096,40,5127033581
803,79120986,5848744,84969730,11,0,0,22016,11,770464328
804,79140090,4543579,83683669,88,0,0,18432,88,9458406201
805,79145300,4114025,83259325,59,0,0,24064,59,875970321
806,79153599,25199012,104352611,58,0,1,168448,58,1941458260
807,79155191,25251533,104406724,21,0,1,1536,21,9174165137
808,79159302,2727391,81886693,26,0,0,10240,26,8292965486
809,79161873,5470973,84632846,48,0,0,19456,48,5450183297
810,79164925,25242145,104407070,11,0,1,512,11,5637966872
811,79166492,25314383,104480875,54,0,1,11776,54,8294800110
812,79171610,25313546,104485156,28,0,1,18944,28,6322047637
813,79176578,4336064,83512642,73,0,0,48640,73,5332009441
814,79178206,3372150,82550356,64,0,0,12800,64,3587040367
815,79180147,2257408,81437555,52,0,0,39424,52,707101513
816,79181253,1181906,80363159,74,0,0,512,74,6091372043
817,79183521,3289804,82473325,0,0,0,14336,0,3819970087
818,79194440,3039095,82233535,65,0,0,8192,65,1681299941
819,79195302,5280593,84475895,56,0,0,28672,56,1351357561
820,79197513,3026265,82223778,72,0,0,3072,72,1639925597
821,79198843,2263874,81462717,55,0,0,50688,55,8037177136
822,79200477,1925364,81125841,78,0,0,2048,78,2736460371
823,79205833,4894789,84100622,45,0,0,112128,45,4283195183
824,79215458,25269721,104485179,45,0,1,1024,45,420726002
825,79217460,4644223,83861683,81,0,0,4096,81,1054546451
826,79235519,5836592,85072111,97,0,0,38912,97,5824058427
827,79242116,3928756,83170872,72,0,0,57856,72,1965614073
828,79253144,6109140,85362284,9,0,0,50176,9,2595010385
829,79255696,4574300,83829996,60,0,0,15872,60,5336671710
830,79257060,2108051,81365111,89,0,0,18944,89,4654989112
831,79269186,3578256,82847442,31,0,0,2048,31,750182515
832,79273919,25211283,104485202,11,0,1,3584,11,5593434657
833,79280687,2102301,81382988,22,0,0,9728,22,6940298872
834,79281236,1728056,81009292,71,0,0,24064,71,7877809624
835,79285489,5159921,84445410,95,0,0,88064,95,6994406421
836,79286102,1342458,80628560,82,0,0,3584,82,9670531104
837,79289823,25373615,104663438,25,0,1,84992,25,2796659032
838,79297371,4552107,83849478,85,0,0,17920,85,5010966783
839,79298975,25370304,104669279,30,0,1,512,30,5484125903
840,79302979,2507514,81810493,5,0,0,4096,5,8194003007
841,79309877,5402370,84712247,50,0,0,5632,50,731113662
842,79322848,2721686,82044534,48,0,0,28672,48,7118194450
843,79326374,1732515,81058889,50,0,0,29696,50,2919429091
844,79329843,4388706,83718549,50,0,0,13312,50,7870763760
845,79331670,25360521,104692191,34,0,1,6656,34,2253042067
846,79335890,6941202,86277092,2,0,0,38400,2,410217626
847,79353683,3584800,82938483,38,0,0,23552,38,4715018036
848,79360042,25334553,104694595,87,0,1,6144,87,6924294433
849,79365844,4667138,84032982,87,0,0,7680,87,6121287955
850,79379002,7186842,86565844,58,0,0,200704,58,174862340
851,79388906,3577676,82966582,31,0,0,12288,31,4196891619
852,79390062,3451562,82841624,31,0,0,10240,31,8964731348
853,79392539,2727457,82119996,29,0,0,14848,29,1232313897
854,79393528,25303333,104696861,67,0,1,3584,67,3053125028
855,79406589,25493978,104900567,81,0,1,67072,81,4102021543
856,79411451,3701998,83113449,9,0,0,1024,9,7406708973
857,79414241,25486357,104900598,34,0,1,6656,34,6280545510
858,79416152,2369441,81785593,90,0,0,28160,90,9625528782
859,79420246,2805427,82225673,99,0,0,6144,99,3719553282
860,79421199,4754541,84175740,52,0,0,3072,52,804890590
861,79422425,1714858,81137283,78,0,0,27136,78,4917480671
862,79423854,4730266,84154120,48,0,0,32256,48,1670434168
863,79425834,2118146,81543980,57,0,0,26112,57,2532451977
864,79426580,5392149,84818729,87,0,0,6144,87,1267165365
865,79438883,5517495,84956378,50,0,0,49664,50,729388422
866,79439302,3998354,83437656,81,0,0,2048,81,5038335888
867,79456279,25447017,104903296,91,0,1,2560,91,8325440081
868,79458903,1698448,81157351,41,0,0,11776,41,10309151676
869,79470976,3470182,82941158,86,0,0,8704,86,9033441199
870,79484444,5316060,84800504,46,0,0,53248,46,6575828081
871,79497996,3429365,82927361,27,0,0,34816,27,4177481137
872,79499684,3122260,82621944,21,0,0,57856,21,8484291430
873,79500896,1622559,81123455,61,0,0,19456,61,7598341781
874,79509488,3579533,83089021,61,0,0,1024,61,2185537604
875,79525556,2396031,81921587,21,0,0,7168,21,10374759343
876,79528047,3027035,82555082,70,0,0,4608,70,3062163389
877,79528545,25486867,105015412,74,0,1,9216,74,1695025268
878,79536043,25480035,105016078,87,0,1,11264,87,5084618801
879,79545423,4772366,84317789,75,0,0,17920,75,8673257000
880,79546347,1537236,81083583,38,0,0,1536,38,7421021990
881,79551650,25504128,105055778,34,0,1,9728,34,747650878
882,79551719,25504082,105055801,31,0,1,1536,31,4757007138
883,79559745,3554203,83113948,22,0,0,1536,22,7807661767
884,79561674,1991622,81553296,81,0,0,26112,81,1893167843
885,79565758,6091501,85657259,75,0,0,110592,75,8916445724
886,79574814,5954924,85529738,80,0,0,50176,80,5093200906
887,79583727,4528306,84112033,88,0,0,37376,88,720375566
888,79585317,25547474,105132791,99,0,1,20992,99,6410218904
889,79604079,4790404,84394483,32,0,0,2560,32,3154253566
890,79619288,4524022,84143310,81,0,0,33792,81,6480389502
891,79622608,4549654,84172262,92,0,0,57856,92,1672959232
892,79622729,742956,80365685,97,0,0,512,97,10390833726
893,79634595,4016199,83650794,38,0,0,46592,38,8931656085
894,79638743,6112434,85751177,83,0,0,19456,83,4746454088
895,79647356,7656711,87304067,97,0,0,18944,97,2598075867
896,79650545,2727890,82378435,90,0,0,68096,90,9545526288
897,79656287,2983548,82639835,65,0,0,29184,65,7697373972
898,79657202,25476895,105134097,95,0,1,2048,95,3155320608
899,79657209,3840590,83497799,48,0,0,40960,48,7831722661
900,79658816,3682382,83341198,24,0,0,12288,24,4891941846
901,79662537,4528021,84190558,37,0,0,13312,37,2382398669
902,79663058,4066956,83730014,70,0,0,5632,70,1357255789
903,79664107,25485954,105150061,87,0,1,25088,87,4455466269
904,79667416,3967888,83635304,65,0,0,36864,65,5341932091
905,79671046,2288043,81959089,80,0,0,31232,80,5283595468
906,79685701,7820992,87506693,5,0,0,17408,5,5322238654
907,79706953,3001705,82708658,7,0,0,15360,7,9446152670
908,79718839,2423268,82142107,52,0,0,17408,52,9281014432
909,79721562,391553,80113115,30,0,0,9216,30,7862023370
910,79722330,1760634,81482964,87,0,0,3584,87,5330194977
911,79724570,5028285,84752855,46,0,0,17920,46,1359676841
912,79725831,25517907,105243738,54,0,1,23040,54,465120966
913,79729865,4563987,84293852,46,0,0,17920,46,8527212476
914,79731714,3461722,83193436,97,0,0,58368,97,1308452639
915,79731933,5250019,84981952,75,0,0,6656,75,5826372259
916,79747703,5403236,85150939,11,0,0,43520,11,2092376408
917,79749371,25527171,105276542,21,0,1,1536,21,5185285653
918,79759140,2325554,82084694,4,0,0,9216,4,720005873
919,79770997,4085680,83856677,77,0,0,23552,77,4654292411
920,79772278,4402503,84174781,91,0,0,8192,91,890403486
921,79774761,3156523,82931284,33,0,0,12800,33,4369079867
922,79775358,3075547,82850905,8,0,0,11264,8,10082846431
923,79777229,3846820,83624049,93,0,0,8704,93,2401951522
924,79789868,3064812,82854680,96,0,0,8192,96,5732935041
925,79803388,25474780,105278168,89,0,1,2560,89,2899582575
926,79803528,26540152,106343680,18,0,1,534016,18,8108127167
927,79806004,5278922,85084926,71,0,0,41984,71,7544691811
928,79806110,26586270,106392380,93,0,1,5632,93,5103429327
929,79815214,5350731,85165945,97,0,0,7680,97,4466511561
930,79825399,230861,80056260,70,0,0,3584,70,9580154163
931,79827301,3037038,82864339,86,0,0,1536,86,9989009985
932,79827663,26564740,106392403,90,0,1,13312,90,9096633001
933,79840117,4060948,83901065,87,0,0,14336,87,6881202877
934,79847796,1688205,81536001,29,0,0,24064,29,711047454
935,79848387,5022646,84871033,81,0,0,39424,81,8715770453
936,79848670,5646656,85495326,44,0,0,79872,44,8149600528
937,79853405,4498367,84351772,86,0,0,6656,86,4218463376
938,79853682,4607998,84461680,56,0,0,31232,56,1784605692
939,79854381,2896398,82750779,0,0,0,10752,0,3446970748
940,79855479,1543163,81398642,1,0,0,6656,1,9925099563
941,79867020,4537158,84404178,82,0,0,31744,82,7693953228
942,79867126,7779306,87646432,70,0,0,13312,70,303629524
943,79868485,4132448,84000933,38,0,0,74240,38,2535923926
944,79879992,26523221,106403213,89,0,1,8192,89,4364083783
945,79887518,408036,80295554,84,0,0,1536,84,6783180248
946,79888206,3400084,83288290,38,0,0,44032,38,3637797850
947,79889497,3838778,83728275,11,0,0,24576,11,1828964793
948,79890207,2378466,82268673,10,0,0,5120,10,9191115843
949,79904067,26499169,106403236,93,0,1,6144,93,6302474563
950,79906206,2836384,82742590,8,0,0,15360,8,4929470670
951,79914716,26488551,106403267,30,0,1,3072,30,9919702453
952,79917397,2376525,82293922,17,0,0,18944,17,880804584
953,79917969,6128901,86046870,31,0,0,28672,31,1739749954
954,79918318,2785637,82703955,48,0,0,12800,48,3740379391
955,79926675,4013494,83940169,72,0,0,4096,72,10385110205
956,79929588,2718303,82647891,50,0,0,9216,50,6656533968
957,79949125,4252316,84201441,83,0,0,8192,83,3310058810
958,79952277,26451013,106403290,45,0,1,512,45,7969857611
959,79952449,1819629,81772078,76,0,0,10752,76,7210810023
960,79971813,7751006,87722819,9,0,0,19968,9,979143902
961,79973216,5390807,85364023,51,0,0,5632,51,4874129088
962,79978084,655023,80633107,97,0,0,14848,97,7572348981
963,79978929,2901655,82880584,32,0,0,5120,32,5724992755
964,79986636,26555232,106541868,58,0,1,31744,58,2924988358
965,80009553,2549196,82558749,38,0,0,10240,38,4828955218
966,80013305,2838247,82851552,84,0,0,2048,84,8050122431
967,80017657,3133178,83150835,59,0,0,21504,59,1827814423
968,80021317,3693153,83714470,54,0,0,25088,54,6064573450
969,80034171,2093983,82128154,56,0,0,7680,56,3444392058
970,80038398,5556220,85594618,59,0,0,56320,59,685388158
971,80047422,4932479,84979901,95,0,0,33280,95,3411875693
972,80048545,4453182,84501727,7,0,0,19456,7,692429417
973,80059653,3618377,83678030,56,0,0,6144,56,277178926
974,80061532,26480675,106542207,74,0,1,3584,74,8147213946
975,80068332,26557373,106625705,13,0,1,24576,13,6372418521
976,80075181,1977222,82052403,84,0,0,8192,84,8520532240
977,80082945,3399361,83482306,73,0,0,9728,73,3634213260
978,80087940,3024059,83111999,50,0,0,23040,50,9927490287
979,80088989,1971861,82060850,13,0,0,27648,13,4360049379
980,80089335,2911825,83001160,58,0,0,8704,58,3013211125
981,80094831,3960482,84055313,43,0,0,73216,43,9182068775
982,80096590,4291763,84388353,27,0,0,16896,27,8888341595
983,80097933,4154814,84252747,15,0,0,512,15,8885931505
984,80103141,4391052,84494193,66,0,0,53248,66,4068139936
985,80104994,4122701,84227695,23,0,0,76288,23,6197873395
986,80105138,4027845,84132983,11,0,0,8704,11,3632222565
987,80105661,4533136,84638797,80,0,0,19456,80,9731402651
988,80109130,3567005,83676135,38,0,0,29184,38,10111191314
989,80120237,3910382,84030619,44,0,0,38400,44,6070997768
990,80121296,3585507,83706803,81,0,0,52736,81,6183963076
991,80130444,3694693,83825137,46,0,0,17408,46,2204754696
992,80133418,2566614,82700032,56,0,0,7680,56,534548128
993,80136009,242222,80378231,45,0,0,4608,45,4034081028
994,80140039,7471050,87611089,58,0,0,24064,58,7922242468
995,80145482,6151655,86297137,96,0,0,33280,96,3634192782
996,80155333,26484406,106639739,47,0,1,33792,47,2902452568
997,80158141,4130228,84288369,13,0,0,38912,13,2625753231
998,80159492,7687849,87847341,72,0,0,26624,72,7246515110
999,80160725,2990601,83151326,70,0,0,1536,70,1087241108
1000,80166084,26473678,106639762,53,0,1,4608,53,2120398103
1001,80167838,2385817,82553655,41,0,0,10752,41,4087931838
1002,80168588,26475452,106644040,30,0,1,17920,30,981525049
1003,80168674,6135350,86304024,50,0,0,22528,50,7974395867
1004,80171428,4455467,84626895,84,0,0,17408,84,8073838571
1005,80172751,7551027,87723778,6,0,0,3072,6,6696537048
1006,80176528,5168706,85345234,4,0,0,80384,4,6762027299
1007,80202978,7703993,87906971,68,0,0,61440,68,8868454578
1008,80203013,4951537,85154550,80,0,0,11776,80,3263685201
1009,80208574,4316801,84525375,86,0,0,2560,86,7028124002
1010,80209560,5527555,85737115,85,0,0,20480,85,7865896843
1011,80210190,26434311,106644501,87,0,1,10240,87,4626347302
1012,80213152,5001590,85214742,39,0,0,50176,39,7312012693
1013,80215166,26434982,106650148,17,0,1,3584,17,7112353607
1014,80216727,4114376,84331103,43,0,0,9728,43,3010153864
1015,80225277,5273192,85498469,66,0,0,10240,66,1462204594
1016,80233833,5497019,85730852,14,0,0,5120,14,9501242759
1017,80236009,26597987,106833996,52,0,1,93184,52,10227152028
1018,80248899,26585353,106834252,89,0,1,9216,89,9256564732
1019,80285445,4894982,85180427,59,0,0,27648,59,8649656865
1020,80297765,4210849,84508614,7,0,0,22528,7,3551067860
1021,80305975,3943450,84249425,78,0,0,55296,78,4237939967
1022,80320859,26673578,106994437,19,0,1,58368,19,8327887120
1023,80322193,1934766,82256959,41,0,0,7168,41,7970122351
1024,80328432,2824789,83153221,31,0,0,6144,31,1752438523
1025,80333873,4366255,84700128,37,0,0,15872,37,2015332978
1026,80338271,5414333,85752604,23,0,0,4608,23,3500823198
1027,80341645,27104426,107446071,25,0,1,323584,25,2925687028
1028,80343966,27102128,107446094,45,0,1,13824,45,7484188711
1029,80345549,2917410,83262959,29,0,0,6144,29,6308631733
1030,80370784,1886666,82257450,92,0,0,1536,92,6394957270
1031,80377291,27076926,107454217,17,0,1,11264,17,9004265773
1032,80380507,7746108,88126615,67,0,0,46592,67,12197066
1033,80382855,27087960,107470815,49,0,1,5120,49,3883375906
1034,80384054,4578945,84962999,60,0,0,3072,60,2697266984
1035,80386435,2688968,83075403,2,0,0,18944,2,10115341840
1036,80399048,3128103,83527151,74,0,0,16896,74,5380782011
1037,80401579,27070686,107472265,80,0,1,4096,80,8227971229
1038,80412528,5802627,86215155,40,0,0,92160,40,9139899822
1039,80418818,3600078,84018896,44,0,0,58880,44,10045656137
1040,80422907,27049381,107472288,80,0,1,12800,80,2859515227
1041,80424338,4628728,85053066,79,0,0,91136,79,3012622517
1042,80439389,5534958,85974347,13,0,0,9728,13,7899061351
1043,80441397,3952283,84393680,42,0,0,17408,42,10288203460
1044,80443114,8077443,88520557,44,0,0,15360,44,5056318128
1045,80444071,4370831,84814902,56,0,0,25088,56,9445049257
1046,80456204,1341533,81797737,0,0,0,2560,0,1678452550
1047,80461449,4230966,84692415,9,0,0,43520,9,6455535247
1048,80468811,4693920,85162731,88,0,0,2048,88,4141501492
1049,80469895,3913287,84383182,18,0,0,58368,18,6066116043
1050,80480585,2969261,83449846,37,0,0,8704,37,4060179691
1051,80498275,3435977,83934252,93,0,0,7680,93,873003325
1052,80506697,26973040,107479737,55,0,1,5632,55,8382697868
1053,80523888,8459701,88983589,74,0,0,3072,74,8863171771
1054,80527135,3109440,83636575,75,0,0,4096,75,8305736604
1055,80541725,5637325,86179050,23,0,0,75776,23,7688886315
1056,80542712,5675898,86218610,84,0,0,11264,84,285697360
1057,80550071,26931612,107481683,67,0,1,3072,67,5853746197
1058,80576793,4350344,84927137,27,0,0,83968,27,4489463623
1059,80580011,5669088,86249099,86,0,0,32256,86,6744902948
1060,80587018,5726435,86313453,58,0,0,19456,58,2918022732
1061,80600476,3307095,83907571,97,0,0,4096,97,9290067656
1062,80600930,26892332,107493262,67,0,1,4096,67,6350458400
1063,80602622,4500735,85103357,24,0,0,60416,24,3310513372
1064,80604244,4583093,85187337,56,0,0,19456,56,6569755880
1065,80610505,6079722,86690227,37,0,0,5120,37,7550319729
1066,80612763,2562858,83175621,64,0,0,6656,64,630689099
1067,80614694,1813595,82428289,41,0,0,13824,41,8660980573
1068,80615887,2557683,83173570,98,0,0,3584,98,6888339977
1069,80616398,5446330,86062728,72,0,0,22528,72,6156793993
1070,80616537,4897890,85514427,18,0,0,44544,18,2038652709
1071,80619937,7572687,88192624,55,0,0,60416,55,1382757530
1072,80625125,26871896,107497021,99,0,1,22528,99,3529415472
1073,80629959,5553482,86183441,18,0,0,14336,18,4029594712
1074,80630987,27857777,108488764,88,0,1,477696,88,6689034482
1075,80632822,4268708,84901530,39,0,0,4608,39,1670398936
1076,80648507,27872841,108521348,58,0,1,25600,58,3409313892
1077,80651310,2396059,83047369,96,0,0,6144,96,6128403979
1078,80652329,27905630,108557959,59,0,1,5120,59,4043615855
1079,80677653,6151933,86829586,38,0,0,2048,38,2143946363
1080,80680181,27992604,108672785,1,0,1,31232,1,10684440876
1081,80684241,4539260,85223501,42,0,0,28672,42,6940700404
1082,80686917,27985891,108672808,91,0,1,512,91,3956410739
1083,80690825,2423948,83114773,89,0,0,512,89,7817196567
1084,80695280,2995432,83690712,17,0,0,23040,17,2700144706
1085,80699659,4084598,84784257,77,0,0,52224,77,8992725034
1086,80715765,27957066,108672831,67,0,1,3072,67,4713688331
1087,80722853,4294120,85016973,74,0,0,13312,74,608160012
1088,80733246,3411023,84144269,95,0,0,3072,95,3289479323
1089,80738162,4576138,85314300,4,0,0,40448,4,9427693524
1090,80751769,4985681,85737450,72,0,0,1024,72,4358370432
1091,80755843,5828969,86584812,91,0,0,10752,91,7100226880
1092,80756969,27915885,108672854,25,0,1,10752,25,10421152400
1093,80757362,3738414,84495776,64,0,0,5120,64,1675382584
1094,80760383,5628641,86389024,34,0,0,35840,34,7369900356
1095,80766962,3413793,84180755,13,0,0,16384,13,10698095544
1096,80775872,4106424,84882296,87,0,0,36864,87,2398355944
1097,80779338,8466457,89245795,95,0,0,15360,95,2303795630
1098,80783007,5663111,86446118,54,0,0,21504,54,3909935950
1099,80796286,27914488,108710774,89,0,1,24576,89,7708035197
1100,80807444,4131884,84939328,83,0,0,39936,83,7886676612
1101,80815420,1364056,82179476,48,0,0,25600,48,1443313484
1102,80826690,4632242,85458932,54,0,0,12800,54,5822390738
1103,80827371,6235479,87062850,97,0,0,46080,97,1067713850
1104,80828162,8773884,89602046,13,0,0,47616,13,7683367781
1105,80838492,3810636,84649128,51,0,0,15360,51,4191383333
1106,80841533,27938406,108779939,95,0,1,9728,95,260689938
1107,80844100,6708277,87552377,91,0,0,34816,91,9770245475
1108,80851141,6083452,86934593,17,0,0,6144,17,5892139772
1109,80854754,27925208,108779962,68,0,1,1024,68,10460285461
1110,80855750,8366073,89221823,21,0,0,11264,21,4392560309
1111,80856178,2404886,83261064,86,0,0,5632,86,1648047881
1112,80867562,3724343,84591905,85,0,0,30208,85,3840022635
1113,80868886,1771284,82640170,6,0,0,1024,6,9608338475
1114,80871539,27908446,108779985,56,0,1,512,56,1350034873
1115,80882326,3322102,84204428,85,0,0,9728,85,9189016475
1116,80887539,27892469,108780008,11,0,1,1024,11,10701989271
1117,80892322,5735854,86628176,66,0,0,41472,66,2123639572
1118,80900449,5915941,86816390,86,0,0,183808,86,5135659955
1119,80901709,3410597,84312306,53,0,0,5120,53,2099533071
1120,80906569,5119164,86025733,71,0,0,80896,71,4913923610
1121,80919369,27860662,108780031,89,0,1,8704,89,5039474130
1122,80919509,6734769,87654278,10,0,0,10752,10,23442783
1123,80920106,27860923,108781029,87,0,1,6144,87,1928832248
1124,80921136,4939635,85860771,50,0,0,74752,50,914955201
1125,80922945,6874619,87797564,78,0,0,53760,78,5018291974
1126,80940164,5992526,86932690,7,0,0,33280,7,5902585881
1127,80942232,3535714,84477946,15,0,0,6656,15,9136451868
1128,80944284,4984686,85928970,33,0,0,3072,33,9642995335
1129,80970912,5307927,86278839,44,0,0,5632,44,6167880965
1130,80986588,3634980,84621568,73,0,0,97280,73,4084313246
1131,80987996,5083202,86071198,59,0,0,15360,59,1102027264
1132,81005987,3686607,84692594,15,0,0,512,15,7944981717
1133,81011747,5726390,86738137,78,0,0,19968,78,2125975941
1134,81013971,4974323,85988294,50,0,0,20480,50,3141011703
1135,81026900,6021887,87048787,8,0,0,6144,8,492948037
1136,81044461,4456371,85500832,68,0,0,7680,68,65408978
1137,81048956,2671808,83720764,4,0,0,7168,4,3054463506
1138,81049721,8864170,89913891,17,0,0,32768,17,5655808652
1139,81054149,8809169,89863318,22,0,0,9216,22,2410641866
1140,81057841,3842262,84900103,59,0,0,58368,59,7009748497
1141,81061502,3633767,84695269,39,0,0,8704,39,559116079
1142,81063254,4162165,85225419,81,0,0,2048,81,10639695576
1143,81066809,3665252,84732061,33,0,0,34816,33,7404271347
1144,81074878,27706919,108781797,31,0,1,11776,31,4450877661
1145,81083841,4329968,85413809,18,0,0,17408,18,9401353271
1146,81091032,27699766,108790798,92,0,1,2560,92,4397220
1147,81097939,4981760,86079699,82,0,0,3072,82,10656720777
1148,81099297,27769937,108869234,53,0,1,18944,53,1829162943
1149,81114240,6805904,87920144,97,0,0,32768,97,5841507125
1150,81114538,4723434,85837972,5,0,0,6144,5,5058927579
1151,81124657,5182845,86307502,47,0,0,1024,47,3026751278
1152,81127341,4450094,85577435,83,0,0,18944,83,9941819451
1153,81135224,5684800,86820024,78,0,0,9728,78,9906800057
1154,81138008,2417547,83555555,61,0,0,13824,61,7401454195
1155,81141589,27746973,108888562,92,0,1,10240,92,5532328205
1156,81149169,8566051,89715220,37,0,0,174080,37,2465329539
1157,81156211,6251199,87407410,67,0,0,93184,67,8872225348
1158,81158429,6876597,88035026,12,0,0,51200,12,8829774199
1159,81162896,6478810,87641706,26,0,0,86016,26,2904383141
1160,81164774,4124035,85288809,5,0,0,23040,5,3381599770
1161,81165475,8837292,90002767,29,0,0,10752,29,4912637635
1162,81166337,4433296,85599633,95,0,0,16384,95,4129589687
1163,81167535,27740537,108908072,95,0,1,25600,95,9007961769
1164,81192030,3820856,85012886,22,0,0,39424,22,5158586642
1165,81199573,27723710,108923283,31,0,1,512,31,8985794491
1166,81203814,7084104,88287918,66,0,0,11264,66,2698163836
1167,81214480,27709149,108923629,99,0,1,512,99,1330486370
1168,81220218,6516559,87736777,92,0,0,32768,92,771572230
1169,81230552,5089632,86320184,83,0,0,22016,83,8103012806
1170,81235088,4478379,85713467,24,0,0,1024,24,4303608253
1171,81243083,4480391,85723474,14,0,0,32768,14,8327257501
1172,81247647,27801170,109048817,27,0,1,13824,27,10580199330
1173,81248591,4072128,85320719,55,0,0,20992,55,6460013261
1174,81248883,27799957,109048840,99,0,1,6144,99,9068776682
1175,81257220,27791643,109048863,53,0,1,8704,53,1589665767
1176,81263785,9110562,90374347,71,0,0,14848,71,1553633490
1177,81266584,4626946,85893530,96,0,0,4096,96,2421923551
1178,81270398,4150948,85421346,2,0,0,5120,2,10684016003
1179,81289236,8881747,90170983,45,0,0,1024,45,9955127494
1180,81289596,2603771,83893367,67,0,0,41984,67,6367637091
1181,81310492,5732321,87042813,20,0,0,33280,20,8084580470
1182,81313766,7046405,88360171,61,0,0,17408,61,10406516321
1183,81314176,27881237,109195413,0,0,1,80384,0,6071576871
1184,81316076,5258238,86574314,74,0,0,15360,74,2901936814
1185,81320608,3620615,84941223,93,0,0,6144,93,7487274220
1186,81322681,27936658,109259339,8,0,1,3584,8,9697031506
1187,81331325,3492314,84823639,70,0,0,1536,70,8003359758
1188,81334531,5656664,86991195,23,0,0,71680,23,2979113659
1189,81336662,4902586,86239248,20,0,0,60416,20,710163359
1190,81338844,2937638,84276482,73,0,0,77824,73,9214602002
1191,81349343,4601541,85950884,93,0,0,9728,93,5534696424
1192,81349872,4188157,85538029,87,0,0,27136,87,10394554758
1193,81354940,5511554,86866494,0,0,0,41984,0,5937095618
1194,81359134,27921730,109280864,41,0,1,67584,41,7100109982
1195,81360279,4968196,86328475,65,0,0,27136,65,8282549890
1196,81365514,4001028,85366542,74,0,0,8192,74,10176325779
1197,81371910,4815142,86187052,53,0,0,11776,53,1554595741
1198,81391814,2488540,83880354,20,0,0,18432,20,4326031658
1199,81394521,2838033,84232554,56,0,0,15872,56,10497464665
1200,81394522,27886492,109281014,91,0,1,4608,91,7299315554
1201,81399961,6070090,87470051,81,0,0,2560,81,3647861155
1202,81405663,2556025,83961688,73,0,0,19456,73,8198324334
1203,81405672,6536701,87942373,58,0,0,24576,58,9640912398
1204,81406540,27992449,109398989,91,0,1,3584,91,6417099334
1205,81406901,7142258,88549159,24,0,0,52224,24,10205111854
1206,81408434,6067395,87475829,93,0,0,7168,93,2643860224
1207,81411146,6405473,87816619,71,0,0,62464,71,4469043808
1208,81412611,4292823,85705434,13,0,0,7680,13,8414082189
1209,81415013,6361669,87776682,32,0,0,22016,32,4866705392
1210,81419260,5691291,87110551,99,0,0,13312,99,7620994393
1211,81431834,2752898,84184732,15,0,0,4096,15,7886996977
1212,81440312,27958700,109399012,30,0,1,14848,30,6273170398
1213,81450055,5188908,86638963,89,0,0,35328,89,9097943968
1214,81462740,2723739,84186479,20,0,0,5632,20,2187712601
1215,81473960,4924923,86398883,67,0,0,32256,67,2866557820
1216,81475925,9012730,90488655,6,0,0,12800,6,8440153270
1217,81481533,6031973,87513506,59,0,0,6656,59,6720456678
1218,81484300,5932033,87416333,76,0,0,11776,76,1666842207
1219,81492783,4545328,86038111,95,0,0,18432,95,7637006228
1220,81499186,4765848,86265034,5,0,0,52224,5,5870313822
1221,81511933,27938518,109450451,87,0,1,11264,87,4603560983
1222,81518251,27932223,109450474,68,0,1,2560,68,9160206926
1223,81520161,2931980,84452141,33,0,0,22016,33,4776644810
1224,81521084,7187392,88708476,10,0,0,50688,10,8950568186
1225,81525194,3583053,85108247,96,0,0,10752,96,8174475272
1226,81526239,3280996,84807235,0,0,0,22016,0,978195276
1227,81531068,27919429,109450497,8,0,1,9728,8,10262178811
1228,81552404,4603535,86155939,28,0,0,63488,28,7620606386
1229,81554006,2512429,84066435,17,0,0,27136,17,8886032210
1230,81555942,2627511,84183453,39,0,0,5632,39,7443135061
1231,81564199,27934617,109498816,77,0,1,1024,77,1716745029
1232,81571456,3653316,85224772,93,0,0,4096,93,2407974159
1233,81575305,3529635,85104940,29,0,0,5120,29,5302887343
1234,81582571,3804395,85386966,31,0,0,31744,31,1145039630
1235,81584160,27915170,109499330,65,0,1,7680,65,1651414755
1236,81586366,27912987,109499353,89,0,1,9728,89,5544885593
1237,81599838,5335870,86935708,47,0,0,3584,47,7691206871
1238,81605070,4740299,86345369,49,0,0,12800,49,10540508080
1239,81607499,6475263,88082762,39,0,0,8192,39,4020789313
1240,81616556,6952673,88569229,38,0,0,32256,38,3519092492
1241,81625293,7182463,88807756,48,0,0,9728,48,3828170365
1242,81630563,3048569,84679132,20,0,0,45568,20,3387442172
1243,81642041,27858049,109500090,53,0,1,4608,53,2828465922
1244,81666999,27833757,109500756,91,0,1,1024,91,3433522329
1245,81686516,5652414,87338930,70,0,0,35840,70,2516658860
1246,81692072,3479908,85171980,51,0,0,17920,51,7773157939
1247,81693535,3263958,84957493,28,0,0,3584,28,7695147476
1248,81696097,6141050,87837147,97,0,0,8704,97,1793985009
1249,81702133,6224898,87927031,85,0,0,22528,85,1160843506
1250,81705371,8189692,89895063,2,0,0,34816,2,1273824458
1251,81707509,5210128,86917637,89,0,0,52224,89,1043036105
1252,81716430,3690941,85407371,33,0,0,64000,33,9580366602
1253,81724778,8942033,90666811,81,0,0,40448,81,9329504427
1254,81733853,1918836,83652689,20,0,0,6144,20,7573327372
1255,81735847,5794243,87530090,86,0,0,5632,86,6973513956
1256,81738524,27792628,109531152,95,0,1,8704,95,2258376662
1257,81740836,4337904,86078740,79,0,0,24064,79,6986474551
1258,81744360,27786903,109531263,9,0,1,12800,9,9510070482
1259,81759646,7435713,89195359,25,0,0,9728,25,5131732732
1260,81760124,3927555,85687679,65,0,0,3072,65,4288705226
1261,81766724,6722476,88489200,23,0,0,27648,23,10535789022
1262,81768667,6890184,88658851,48,0,0,7680,48,10153734899
1263,81771928,9174401,90946329,47,0,0,3584,47,6682224600
1264,81772650,4682790,86455440,4,0,0,16384,4,3520630653
1265,81773727,4031884,85805611,26,0,0,53760,26,7752304374
1266,81776288,4317562,86093850,22,0,0,2560,22,8300969108
1267,81780317,27791198,109571515,89,0,1,15872,89,9079099808
1268,81783726,6050746,87834472,88,0,0,36864,88,6629955415
1269,81787499,7049991,88837490,40,0,0,14336,40,2366051807
1270,81787693,7017076,88804769,22,0,0,54784,22,2920466149
1271,81796105,5212608,87008713,61,0,0,27136,61,6624050923
1272,81798674,4233798,86032472,60,0,0,22016,60,326708314
1273,81814577,27797747,109612324,80,0,1,10752,80,5157475661
1274,81844338,3117702,84962040,33,0,0,14848,33,1146445225
1275,81859070,4427904,86286974,59,0,0,26624,59,7249099566
1276,81863371,6761825,88625196,88,0,0,23040,88,4197645051
1277,81867602,4268419,86136021,12,0,0,34816,12,9587691597
1278,81876485,4085172,85961657,93,0,0,16896,93,3759713533
1279,81879135,3146140,85025275,71,0,0,10752,71,6286636537
1280,81883940,3845329,85729269,10,0,0,18944,10,1535678466
1281,81901717,7061881,88963598,60,0,0,53248,60,7129829457
1282,81906857,3510108,85416965,14,0,0,8192,14,4898145537
1283,81915842,5150471,87066313,52,0,0,11264,52,1612518857
1284,81916645,27732656,109649301,74,0,1,13824,74,2704992077
1285,81921628,7004201,88925829,8,0,0,22528,8,9260700159
1286,81930339,7495795,89426134,76,0,0,18944,76,8407469265
1287,81933405,6459783,88393188,43,0,0,11264,43,3273798452
1288,81939884,4463546,86403430,9,0,0,14848,9,3861444906
1289,81965460,2579730,84545190,31,0,0,33280,31,8626645761
1290,81966885,4918992,86885877,6,0,0,63488,6,1999404928
1291,81967038,4793325,86760363,97,0,0,21504,97,8435230798
1292,81980824,27747979,109728803,0,0,1,47104,0,10099052517
1293,81980943,4397138,86378081,12,0,0,37376,12,9130087305
1294,81983758,2365963,84349721,95,0,0,10240,95,5155373640
1295,81996228,4070267,86066495,81,0,0,12288,81,2683604518
1296,82001016,9026593,91027609,14,0,0,3072,14,4551427791
1297,82003002,3178384,85181386,87,0,0,3072,87,6990431551
1298,82004981,4476418,86481399,48,0,0,2560,48,9716410266
1299,82005930,3655096,85661026,52,0,0,12288,52,10337711210
1300,82010834,5465954,87476788,70,0,0,3072,70,10274417300
1301,82018561,3540922,85559483,86,0,0,27648,86,8094137181
1302,82024433,5882717,87907150,96,0,0,512,96,311554217
1303,82026633,3650696,85677329,0,0,0,28672,0,8666281676
1304,82028876,4625005,86653881,6,0,0,20992,6,3526520142
1305,82029768,5905086,87934854,87,0,0,25600,87,8742386852
1306,82032240,4666897,86699137,82,0,0,23040,82,640278422
1307,82040160,4364853,86405013,46,0,0,5120,46,3616312914
1308,82050902,27678567,109729469,49,0,1,1024,49,1423746726
1309,82057478,2097133,84154611,15,0,0,1536,15,5148585517
1310,82059505,7415787,89475292,53,0,0,12800,53,9752681682
1311,82059947,7588991,89648938,12,0,0,56320,12,4083057691
1312,82067237,7520278,89587515,77,0,0,57856,77,9560979957
1313,82083035,4867204,86950239,74,0,0,47616,74,4038786202
1314,82094528,3456508,85551036,52,0,0,29696,52,5777863969
1315,82095265,4474346,86569611,60,0,0,12288,60,4554657504
1316,82097561,7125689,89223250,8,0,0,4608,8,4331098141
1317,82101607,27628208,109729815,25,0,1,512,25,5477188183
1318,82108170,5107467,87215637,9,0,0,13824,9,3647402667
1319,82108182,8630136,90738318,72,0,0,2048,72,1167322329
1320,82108665,6061886,88170551,52,0,0,3072,52,9562766489
1321,82112994,4901358,87014352,58,0,0,18432,58,446100528
1322,82116793,5075612,87192405,48,0,0,38400,48,8062570393
1323,82118820,4734859,86853679,33,0,0,51712,33,10498464695
1324,82139700,27590461,109730161,87,0,1,512,87,1045828162
1325,82142980,9191530,91334510,3,0,0,12800,3,4352879298
1326,82150873,27579954,109730827,20,0,1,11264,20,2417023488
1327,82152922,27653519,109806441,93,0,1,4608,93,9043675070
1328,82163933,27642531,109806464,99,0,1,7680,99,7884707421
1329,82165576,6880137,89045713,74,0,0,3584,74,3036493408
1330,82169795,4936677,87106472,66,0,0,45568,66,1975127130
1331,82171275,4730427,86901702,4,0,0,7168,4,719941568
1332,82172081,27665590,109837671,96,0,1,40448,96,8163934347
1333,82178666,9367983,91546649,40,0,0,64000,40,1457819822
1334,82187240,27711796,109899036,13,0,1,4608,13,5160288706
1335,82188239,5190756,87378995,88,0,0,12800,88,3782639300
1336,82196807,4757667,86954474,27,0,0,13824,27,1871543468
1337,82205290,5564661,87769951,32,0,0,101376,32,4385396126
1338,82219067,6102205,88321272,30,0,0,53248,30,5352267796
1339,82247086,2880309,85127395,65,0,0,3584,65,3853945205
1340,82249784,27654078,109903862,95,0,1,7680,95,248692877
1341,82252264,6955442,89207706,27,0,0,40448,27,3996696432
1342,82261446,4087378,86348824,61,0,0,11264,61,6388564752
1343,82268698,3202269,85470967,18,0,0,39424,18,1613761585
1344,82273505,3286313,85559818,68,0,0,1024,68,5898361194
1345,82287565,7566932,89854497,66,0,0,53760,66,5919222687
1346,82300633,5107112,87407745,61,0,0,1024,61,4131447273
1347,82306930,3406202,85713132,73,0,0,25088,73,548768546
1348,82307459,27598029,109905488,1,0,1,2560,1,1761377259
1349,82321424,4118111,86439535,52,0,0,1536,52,155820186
1350,82324841,4722051,87046892,72,0,0,13312,72,982846602
1351,82325857,6977118,89302975,47,0,0,87552,47,3072673572
1352,82326249,2374876,84701125,11,0,0,1024,11,1828203355
1353,82328495,27609366,109937861,87,0,1,14848,87,7957362513
1354,82336074,7843222,90179296,12,0,0,12800,12,10299902458
1355,82342090,4024572,86366662,84,0,0,23552,84,1735009776
1356,82344738,4369375,86714113,72,0,0,6656,72,4320162223
1357,82344937,4094107,86439044,63,0,0,111616,63,5956997378
1358,82365775,3447815,85813590,93,0,0,26112,93,10694083652
1359,82379731,9460113,91839844,7,0,0,71680,7,3394914770
1360,82391644,4916190,87307834,33,0,0,12288,33,5166235107
1361,82397496,27637717,110035213,76,0,1,78848,76,8781733678
1362,82398830,5283129,87681959,40,0,0,12800,40,7912972714
1363,82406608,7701432,90108040,43,0,0,76800,43,7822764173
1364,82407905,4072691,86480596,92,0,0,26112,92,6369339136
1365,82408196,5466759,87874955,44,0,0,35328,44,1397813109
1366,82427508,27668630,110096138,74,0,1,22528,74,989092308
1367,82429890,7473994,89903884,10,0,0,4096,10,3555531536
1368,82439014,4697135,87136149,87,0,0,22016,87,3992020481
1369,82445615,5019432,87465047,21,0,0,16384,21,956499589
1370,82451255,5433518,87884773,8,0,0,13312,8,7448477333
1371,82456343,27685407,110141750,59,0,1,3584,59,4019710290
1372,82458457,4441038,86899495,65,0,0,41472,65,3590701544
1373,82459903,5450234,87910137,59,0,0,9728,59,4203094920
1374,82466251,5704643,88170894,12,0,0,1024,12,2680924014
1375,82467580,4885334,87352914,7,0,0,3584,7,226700952
1376,82474027,27714025,110188052,72,0,1,14848,72,7351831155
1377,82481890,3783479,86265369,8,0,0,1024,8,7713049440
1378,82482298,5852877,88335175,78,0,0,1024,78,4984914613
1379,82492563,27700315,110192878,25,0,1,7680,25,2325382200
1380,82494968,4164552,86659520,34,0,0,18432,34,5223166724
1381,82508108,3941153,86449261,65,0,0,10240,65,5347418484
1382,82512785,7523870,90036655,13,0,0,31232,13,7207095243
1383,82518463,6363176,88881639,79,0,0,12288,79,4946863251
1384,82528699,4288338,86817037,83,0,0,2048,83,5192223077
1385,82550951,3520426,86071377,24,0,0,512,24,7188264452
1386,82551768,2816981,85368749,13,0,0,7168,13,9495569226
1387,82572979,3899638,86472617,2,0,0,36352,2,7594251813
1388,82581628,3329479,85911107,73,0,0,18944,73,5241842005
1389,82589345,5449292,88038637,76,0,0,11776,76,5502827934
1390,82590928,3716239,86307167,30,0,0,10240,30,10003479891
1391,82591818,5990116,88581934,5,0,0,8192,5,5674544072
1392,82592954,3748492,86341446,12,0,0,42496,12,9172430533
1393,82595017,6665948,89260965,52,0,0,8704,52,5641084084
1394,82598299,4672028,87270327,81,0,0,32768,81,13718793
1395,82610813,4353403,86964216,95,0,0,4096,95,10098017820
1396,82624298,5239870,87864168,30,0,0,2560,30,1782782506
1397,82624801,5381691,88006492,81,0,0,5632,81,6272723236
1398,82626559,6583510,89210069,46,0,0,7680,46,5284036347
1399,82643850,7320599,89964449,52,0,0,67584,52,5339520754
1400,82647746,9263252,91910998,91,0,0,6656,91,10326965709
1401,82663083,6968672,89631755,76,0,0,59904,76,10500933416
1402,82667068,3914445,86581513,42,0,0,23552,42,257895248
1403,82671806,5529109,88200915,0,0,0,27136,0,6023234708
1404,82674658,3546159,86220817,11,0,0,7168,11,2756004932
1405,82692669,6864802,89557471,99,0,0,126464,99,8091171084
1406,82694983,27550164,110245147,56,0,1,11776,56,2914958029
1407,82701901,4324642,87026543,5,0,0,39936,5,3229626297
1408,82709707,4783519,87493226,29,0,0,5632,29,8599844848
1409,82710313,27535192,110245505,68,0,1,10752,68,1725311080
1410,82715017,7630942,90345959,65,0,0,28160,65,444548293
1411,82718208,7165725,89883933,4,0,0,67584,4,10640758579
1412,82720543,4704046,87424589,78,0,0,3584,78,2959582068
1413,82721266,3894251,86615517,9,0,0,61952,9,4353988806
1414,82734320,3770349,86504669,77,0,0,25600,77,10667080000
1415,82749961,2412123,85162084,24,0,0,2560,24,8020255018
1416,82757537,7001900,89759437,24,0,0,77824,24,4606195831
1417,82762783,5960692,88723475,52,0,0,49152,52,463320474
1418,82766751,27826435,110593186,4,0,1,119808,4,4091869796
1419,82786657,27806552,110593209,56,0,1,512,56,9877154985
1420,82789408,7798867,90588275,80,0,0,36864,80,9033497840
1421,82796214,5292343,88088557,56,0,0,18944,56,986783666
1422,82806821,4115698,86922519,43,0,0,2048,43,10125610235
1423,82828206,9272853,92101059,88,0,0,74752,88,10407235969
1424,82851010,5629743,88480753,28,0,0,18944,28,10466523567
1425,82877004,27727350,110604354,73,0,1,4608,73,1552304491
1426,82879273,5711420,88590693,44,0,0,28672,44,10483763838
1427,82898439,5402606,88301045,42,0,0,43008,42,7129455233
1428,82901162,3458301,86359463,31,0,0,34816,31,3305645059
1429,82901968,4790622,87692590,4,0,0,34816,4,2461696210
1430,82905981,3801243,86707224,13,0,0,8704,13,10543275144
1431,82919396,4432060,87351456,30,0,0,23552,30,1210173498
1432,82921425,6354851,89276276,79,0,0,50176,79,2226565840
1433,82924637,27679740,110604377,75,0,1,1024,75,212690339
1434,82927073,5741289,88668362,61,0,0,25600,61,9982546318
1435,82929819,5841911,88771730,97,0,0,4608,97,1485284757
1436,82954488,7202580,90157068,34,0,0,4608,34,5098165266
1437,82957011,6967355,89924366,7,0,0,34304,7,4773146671
1438,82962407,4621495,87583902,2,0,0,42496,2,5246103069
1439,82962538,4151936,87114474,34,0,0,12800,34,5589676250
1440,82984408,27636982,110621390,21,0,1,35840,21,9946719849
1441,82988355,6747347,89735702,60,0,0,19456,60,2577572643
1442,82989291,4011131,87000422,14,0,0,30208,14,3462371390
1443,82992219,9224455,92216674,8,0,0,11264,8,1043017905
1444,82993221,4845977,87839198,15,0,0,6656,15,10328515808
1445,82995527,5579185,88574712,50,0,0,17920,50,1876667285
1446,83000950,4714647,87715597,44,0,0,69120,44,10625257739
1447,83007185,3821754,86828939,33,0,0,29184,33,1607128881
1448,83023061,3080872,86103933,40,0,0,5120,40,4982653262
1449,83024781,5364952,88389733,0,0,0,25600,0,5117679716
1450,83033930,5135662,88169592,43,0,0,111104,43,4036956559
1451,83035666,6779156,89814822,33,0,0,67584,33,7848271044
1452,83044701,2919319,85964020,77,0,0,7680,77,2962930505
1453,83055636,5458196,88513832,67,0,0,4096,67,5895228325
1454,83056901,27564512,110621413,21,0,1,2048,21,8978872985
1455,83058347,4987305,88045652,53,0,0,18432,53,9016657881
1456,83058479,4499354,87557833,59,0,0,512,59,10465324250
1457,83058748,4764469,87823217,4,0,0,20480,4,6044862286
1458,83060803,27562041,110622844,54,0,1,3072,54,4985261062
1459,83065266,3574500,86639766,55,0,0,2560,55,6187658704
1460,83067564,27771980,110839544,47,0,1,63488,47,6742438433
1461,83070996,5283848,88354844,74,0,0,43520,74,8988587659
1462,83072621,4602116,87674737,65,0,0,67072,65,1269942281
1463,83073376,7218337,90291713,0,0,0,24064,0,2742722293
1464,83078138,3758647,86836785,97,0,0,23552,97,8995508289
1465,83079093,27787114,110866207,95,0,1,5632,95,4482807323
1466,83084966,7065325,90150291,33,0,0,25088,33,3890393818
1467,83087693,27829384,110917077,53,0,1,39936,53,8715181790
1468,83095416,3791420,86886836,39,0,0,3072,39,7150508464
1469,83096278,27827517,110923795,45,0,1,4608,45,5837421989
1470,83104234,5650221,88754455,79,0,0,3584,79,515761641
1471,83110079,4567957,87678036,66,0,0,10752,66,1353878208
1472,83116773,5665010,88781783,97,0,0,3584,97,1783211180
1473,83116987,4771241,87888228,68,0,0,11264,68,924823607
1474,83127645,5465263,88592908,79,0,0,7168,79,8898849947
1475,83133384,7616875,90750259,21,0,0,22528,21,1879831766
1476,83142129,7227336,90369465,26,0,0,33280,26,3669625332
1477,83147766,7082840,90230606,48,0,0,1536,48,2611736282
1478,83152452,5021741,88174193,41,0,0,10752,41,1437998363
1479,83154505,7601486,90755991,9,0,0,12288,9,540524996
1480,83164155,9178240,92342395,20,0,0,49664,20,10271944093
1481,83179338,5748542,88927880,97,0,0,6656,97,5969182365
1482,83184892,3736980,86921872,86,0,0,13824,86,1781635842
1483,83184917,7289964,90474881,13,0,0,58368,13,3969256092
1484,83193151,3899414,87092565,78,0,0,30208,78,8974282511
1485,83197638,6532113,89729751,3,0,0,47616,3,7184955432
1486,83202362,4149437,87351799,34,0,0,1024,34,4587380566
1487,83203221,5349393,88552614,48,0,0,11264,48,5887516791
1488,83206615,4073586,87280201,52,0,0,3584,52,7836520066
1489,83207611,9328253,92535864,61,0,0,77312,61,5487291015
1490,83209585,27714233,110923818,59,0,1,1024,59,953737857
1491,83210320,7939195,91149515,13,0,0,32256,13,9669512390
1492,83215838,6668586,89884424,57,0,0,1536,57,2793077667
1493,83217891,5559010,88776901,28,0,0,16896,28,10720070820
1494,83221449,4914268,88135717,26,0,0,18944,26,4541611816
1495,83222039,4782714,88004753,72,0,0,24064,72,6837815742
1496,83244028,7434194,90678222,33,0,0,37376,33,8126340595
1497,83249592,4203141,87452733,52,0,0,4608,52,10472866385
1498,83256975,3953292,87210267,41,0,0,32256,41,411131618
1499,83274915,27649386,110924301,91,0,1,4096,91,10552021573
1500,83276680,4067577,87344257,27,0,0,17408,27,2176940017
1501,83282731,27667326,110950057,21,0,1,8704,21,3184192356
1502,83285277,6550853,89836130,26,0,0,6144,26,9298515307
1503,83287620,4996843,88284463,74,0,0,35328,74,1719452375
1504,83289572,3669769,86959341,78,0,0,15872,78,8481876728
1505,83293174,7977260,91270434,46,0,0,512,46,8988514540
1506,83294879,4919007,88213886,20,0,0,19968,20,1561805785
1507,83295087,27654993,110950080,62,0,1,3072,62,8721683278
1508,83301276,5448297,88749573,44,0,0,82944,44,8124641121
1509,83304224,3435652,86739876,71,0,0,5632,71,10031686943
1510,83307824,6696682,90004506,15,0,0,5632,15,7222950205
1511,83308665,28131803,111440468,0,0,1,206336,0,1212648653
1512,83311051,7552443,90863494,76,0,0,69120,76,7716160658
1513,83313532,5511469,88825001,23,0,0,15360,23,119625611
1514,83315288,28209656,111524944,95,0,1,2560,95,7978241443
1515,83318656,3138679,86457335,19,0,0,6144,19,1705355207
1516,83322397,4733730,88056127,52,0,0,16896,52,9909986264
1517,83326749,7605471,90932220,42,0,0,80384,42,2384193090
1518,83335691,3502209,86837900,18,0,0,3584,18,4540191264
1519,83352659,6942509,90295168,81,0,0,11264,81,7924426862
1520,83354569,28198157,111552726,29,0,1,28160,29,440337290
1521,83356395,3922691,87279086,87,0,0,28672,87,10063303728
1522,83357689,7381432,90739121,88,0,0,2560,88,303805649
1523,83360515,7587553,90948068,90,0,0,5632,90,6853646596
1524,83363270,5361008,88724278,30,0,0,2560,30,10025359212
1525,83363884,5399018,88762902,21,0,0,27648,21,2239898122
1526,83365796,7874952,91240748,61,0,0,38912,61,289495464
1527,83375964,4753950,88129914,60,0,0,10752,60,2914299133
1528,83378104,4272875,87650979,67,0,0,14848,67,8338933532
1529,83383228,4397439,87780667,92,0,0,5120,92,229470969
1530,83391074,3723587,87114661,74,0,0,512,74,8405651171
1531,83396208,9279184,92675392,11,0,0,9728,11,7617262519
1532,83405324,3627326,87032650,84,0,0,19968,84,8666599452
1533,83421273,6065659,89486932,8,0,0,5632,8,5634057180
1534,83425438,6739057,90164495,10,0,0,13312,10,9477534269
1535,83426192,28180451,111606643,53,0,1,14848,53,6722027304
1536,83426817,6990757,90417574,76,0,0,14336,76,2826591836
1537,83428389,5616209,89044598,93,0,0,12800,93,6597509050
1538,83429302,5403797,88833099,24,0,0,6656,24,7904487087
1539,83432026,7610820,91042846,11,0,0,10240,11,1907055100
1540,83434643,7874282,91308925,79,0,0,24576,79,7392491640
1541,83438155,7918264,91356419,39,0,0,18432,39,9136594152
1542,83439155,5464120,88903275,83,0,0,7680,83,8119239574
1543,83439551,7854820,91294371,53,0,0,9728,53,6865613818
1544,83442939,7848445,91291384,98,0,0,59392,98,3522424368
1545,83452671,28153995,111606666,28,0,1,10240,28,5509117225
1546,83453783,6610530,90064313,87,0,0,3584,87,7272811936
1547,83461062,6872707,90333769,2,0,0,99328,2,608953941
1548,83476979,7923519,91400498,3,0,0,32768,3,4628643776
1549,83477713,7939679,91417392,98,0,0,19456,98,9107310935
1550,83482725,3673164,87155889,15,0,0,512,15,2784600132
1551,83485690,28125440,111611130,80,0,1,1536,80,7753663112
1552,83496060,28206821,111702881,1,0,1,47104,1,7563815930
1553,83497228,7115616,90612844,70,0,0,50688,70,2299787062
1554,83500237,7944212,91444449,95,0,0,43520,95,4986890989
1555,83500294,4363071,87863365,43,0,0,43520,43,2576801793
1556,83506391,8004301,91510692,89,0,0,37376,89,6349305840
1557,83508744,6699001,90207745,20,0,0,47616,20,4655210645
1558,83513215,28222885,111736100,9,0,1,8192,9,8397014272
1559,83515613,5254511,88770124,15,0,0,9216,15,10155702204
1560,83525912,28531269,112057181,0,0,1,111616,0,7831723349
1561,83537671,7161197,90698868,21,0,0,54272,21,9046907482
1562,83545047,5268356,88813403,91,0,0,18432,91,6262468299
1563,83545437,9351139,92896576,74,0,0,72192,74,8922117216
1564,83548517,4093836,87642353,45,0,0,2048,45,4334147815
1565,83551532,6600810,90152342,11,0,0,6656,11,4584200033
1566,83553582,7254869,90808451,6,0,0,32768,6,9528728132
1567,83569054,8065745,91634799,42,0,0,60928,42,3821470151
1568,83569783,5648585,89218368,38,0,0,27136,38,1079285903
1569,83572477,3787544,87360021,33,0,0,6656,33,2573580384
1570,83575917,6414552,89990469,92,0,0,26624,92,1993985705
1571,83583800,7370086,90953886,68,0,0,15872,68,7013712169
1572,83592546,6777254,90369800,60,0,0,1024,60,8779662840
1573,83593847,5856502,89450349,43,0,0,20480,43,5277602574
1574,83598792,8142751,91741543,31,0,0,42496,31,3385877011
1575,83604701,28452503,112057204,30,0,1,1024,30,10439363434
1576,83610318,28456924,112067242,90,0,1,2048,90,9839164032
1577,83611739,6156682,89768421,88,0,0,2048,88,5878185859
1578,83621905,5611744,89233649,87,0,0,11776,87,2569233192
1579,83643196,8203535,91846731,58,0,0,22528,58,1956902129
1580,83647863,5544509,89192372,32,0,0,27136,32,3548669124
1581,83653769,28423815,112077584,72,0,1,7680,72,3157895707
1582,83654676,28422931,112077607,25,0,1,1536,25,2707105274
1583,83656889,6937961,90594850,73,0,0,21504,73,10217355137
1584,83669528,28655891,112325419,52,0,1,166912,52,1173832111
1585,83672489,4281854,87954343,26,0,0,13312,26,782070542
1586,83675542,8073044,91748586,13,0,0,23040,13,4343222230
1587,83681395,5544842,89226237,34,0,0,9728,34,6270080916
1588,83689019,4027693,87716712,38,0,0,3584,38,8393787349
1589,83689652,4300632,87990284,56,0,0,13312,56,3998976572
1590,83693443,9242655,92936098,95,0,0,9216,95,9950763181
1591,83693478,6231239,89924717,53,0,0,1024,53,350137622
1592,83695446,5689660,89385106,75,0,0,15360,75,10661765345
1593,83697789,4079384,87777173,47,0,0,1536,47,6964055908
1594,83705431,28699530,112404961,89,0,1,27136,89,5915612351
1595,83706183,28699854,112406037,68,0,1,13312,68,4430198688
1596,83729744,8301556,92031300,26,0,0,52736,26,5159911101
1597,83732351,5112026,88844377,29,0,0,22528,29,1620431535
1598,83733280,28739551,112472831,95,0,1,8704,95,411567453
1599,83735531,4638981,88374512,85,0,0,12288,85,1387405179
1600,83738888,28735569,112474457,72,0,1,2560,72,9252830442
1601,83742917,6499021,90241938,97,0,0,21504,97,4521943817
1602,83753320,5633057,89386377,61,0,0,4096,61,8464712224
1603,83756336,7859876,91616212,47,0,0,66560,47,1056563476
1604,83759037,4302105,88061142,40,0,0,16384,40,6445557582
1605,83760247,4512492,88272739,37,0,0,10752,37,3613074769
1606,83760384,5084796,88845180,33,0,0,2560,33,6857402542
1607,83767483,28712120,112479603,28,0,1,8192,28,2531410204
1608,83781560,5321412,89102972,78,0,0,4608,78,610022045
1609,83782806,6042647,89825453,7,0,0,34816,7,9391076449
1610,83793031,6230533,90023564,87,0,0,10240,87,3623882396
1611,83809991,3646977,87456968,67,0,0,13824,67,9442970452
1612,83820605,4680921,88501526,20,0,0,34816,20,1986337608
1613,83820729,6891266,90711995,15,0,0,43008,15,5123110045
1614,83826852,5832162,89659014,73,0,0,32768,73,890214350
1615,83829238,6326403,90155641,77,0,0,10752,77,2813464204
1616,83831477,7579964,91411441,97,0,0,35840,97,6042560793
1617,83831579,9279375,93110954,38,0,0,26112,38,5314198198
1618,83832317,5472241,89304558,33,0,0,5120,33,9793686156
1619,83837775,28747924,112585699,52,0,1,60928,52,9468886591
1620,83839794,4778359,88618153,84,0,0,28160,84,2779691984
1621,83848911,6381188,90230099,82,0,0,33792,82,4795753352
1622,83850810,9346477,93197287,99,0,0,17408,99,5670717140
1623,83868552,5969496,89838048,93,0,0,6144,93,2356102716
1624,83871076,28727062,112598138,25,0,1,2560,25,742702311
1625,83881447,28717971,112599418,93,0,1,7168,93,6724396400
1626,83897571,8062051,91959622,68,0,0,25088,68,505872810
1627,83901906,4403119,88305025,91,0,0,9728,91,6500263758
1628,83904622,28814442,112719064,30,0,1,15872,30,5669026624
1629,83904676,28890824,112795500,35,0,1,10240,35,9000673685
1630,83906644,3910310,87816954,33,0,0,1024,33,1706910684
1631,83906920,6496690,90403610,45,0,0,29184,45,6402300031
1632,83931423,4033476,87964899,42,0,0,4096,42,2922229798
1633,83933414,6663955,90597369,24,0,0,8192,24,7148709901
1634,83934402,4853652,88788054,4,0,0,20480,4,581748849
1635,83938151,7535561,91473712,89,0,0,24576,89,141756929
1636,83954984,5809803,89764787,96,0,0,13312,96,8938825315
1637,83966628,29054435,113021063,35,0,1,49152,35,5606458618
1638,83974922,7688588,91663510,24,0,0,6144,24,9703982598
1639,83975370,6898763,90874133,93,0,0,34816,93,4154884250
1640,83975984,4717025,88693009,41,0,0,25600,41,6459459401
1641,83979483,4967280,88946763,67,0,0,44544,67,2881050961
1642,83980330,29273143,113253473,0,0,1,70656,0,174295966
1643,83982774,4550450,88533224,57,0,0,6656,57,7181481863
1644,83988672,29300160,113288832,96,0,1,26624,96,4265684538
1645,83996791,5905799,89902590,39,0,0,24576,39,3963785056
1646,84002006,7550282,91552288,30,0,0,18432,30,2298546984
1647,84006251,8145358,92151609,40,0,0,58880,40,10312766059
1648,84013194,6997047,91010241,10,0,0,24576,10,7557222838
1649,84015449,4737891,88753340,34,0,0,12288,34,9911697290
1650,84018693,7066376,91085069,44,0,0,14848,44,7708057001
1651,84024158,5026340,89050498,3,0,0,11264,3,9716939073
1652,84026737,6782517,90809254,92,0,0,2560,92,10464632340
1653,84027571,7910825,91938396,17,0,0,50176,17,6264192054
1654,84028678,29272980,113301658,9,0,1,3072,9,4644865193
1655,84032252,7823128,91855380,50,0,0,9728,50,315509996
1656,84034479,7645514,91679993,72,0,0,1536,72,1382542928
1657,84047480,8444573,92492053,68,0,0,27136,68,83437809
1658,84052811,4979097,89031908,48,0,0,4096,48,8241763439
1659,84059044,4353790,88412834,5,0,0,8192,5,4030536239
1660,84064452,8175824,92240276,65,0,0,61440,65,2086137561
1661,84071530,3707538,87779068,0,0,0,6144,0,10233339965
1662,84075324,3935636,88010960,5,0,0,512,5,627851103
1663,84080158,4960509,89040667,40,0,0,28672,40,6998115976
1664,84080979,4245620,88326599,27,0,0,17408,27,6041930243
1665,84081288,4689015,88770303,93,0,0,512,93,2873023448
1666,84087133,5745675,89832808,29,0,0,24064,29,9160138715
1667,84089326,4156101,88245427,24,0,0,51712,24,656470754
1668,84091657,5971155,90062812,47,0,0,15872,47,7829056249
1669,84095168,6045062,90140230,3,0,0,77824,3,3764263851
1670,84102756,8336899,92439655,76,0,0,187392,76,9436685619
1671,84119177,8454040,92573217,85,0,0,67072,85,6708039815
1672,84139632,3951912,88091544,86,0,0,9728,86,9927639798
1673,84141793,4678505,88820298,32,0,0,22528,32,5427287448
1674,84148268,29157896,113306164,31,0,1,7168,31,4200220343
1675,84149941,29156991,113306932,67,0,1,11776,67,9321556446
1676,84150316,29205770,113356086,77,0,1,2048,77,4873559392
1677,84160777,5022805,89183582,9,0,0,40960,9,4195926578
1678,84170594,29185515,113356109,11,0,1,11264,11,5140875385
1679,84172429,4406986,88579415,47,0,0,15360,47,10041726948
1680,84177722,8072615,92250337,55,0,0,10752,55,9821957716
1681,84178536,5433361,89611897,7,0,0,32256,7,671453239
1682,84181768,4989311,89171079,81,0,0,42496,81,6334284425
1683,84186419,5054673,89241092,73,0,0,17920,73,9610818665
1684,84188631,29179068,113367699,67,0,1,2560,67,5938122688
1685,84197322,8355436,92552758,51,0,0,29184,51,2297347577
1686,84198262,5268822,89467084,24,0,0,45568,24,9834178571
1687,84206010,5936606,90142616,53,0,0,5632,53,10506388703
1688,84212378,4300183,88512561,54,0,0,16384,54,362148643
1689,84219150,5089331,89308481,7,0,0,12800,7,3474983900
1690,84220378,8058642,92279020,17,0,0,27136,17,8880576878
1691,84233322,9047249,93280571,75,0,0,39936,75,8129081557
1692,84234035,8979499,93213534,31,0,0,53248,31,2432678503
1693,84241868,8568125,92809993,89,0,0,19968,89,4872435729
1694,84242230,6476028,90718258,24,0,0,20480,24,10448235003
1695,84250125,8762549,93012674,57,0,0,2560,57,2801784586
1696,84256962,7174204,91431166,50,0,0,32768,50,5870043297
1697,84262158,4382899,88645057,79,0,0,19456,79,2569902166
1698,84264535,29103187,113367722,1,0,1,4096,1,9185994193
1699,84266795,8394012,92660807,30,0,0,58880,30,9798590973
1700,84271481,4559567,88831048,66,0,0,10240,66,9956284208
1701,84272846,7712400,91985246,47,0,0,27136,47,401138056
1702,84278360,29089385,113367745,49,0,1,1024,49,6889601189
1703,84281178,5662648,89943826,64,0,0,9728,64,2117377930
1704,84293033,6482583,90775616,22,0,0,2560,22,4813321256
1705,84312504,8359901,92672405,39,0,0,28160,39,10136369609
1706,84329400,4437893,88767293,5,0,0,14336,5,3257841984
1707,84339225,4984128,89323353,97,0,0,47104,97,3032131714
1708,84352372,8247567,92599939,5,0,0,87040,5,2591140392
1709,84371587,4274897,88646484,15,0,0,4608,15,655623974
1710,84373816,4301573,88675389,5,0,0,4096,5,456809518
1711,84384081,29008326,113392407,35,0,1,61952,35,10253484477
1712,84389330,29003100,113392430,92,0,1,1536,92,4119646514
1713,84392893,4387775,88780668,33,0,0,12288,33,6858724962
1714,84427419,5960293,90387712,10,0,0,7168,10,5161276111
1715,84430215,8280400,92710615,0,0,0,9728,0,778839263
1716,84433313,6095746,90529059,6,0,0,54272,6,2222793023
1717,84436059,9009428,93445487,88,0,0,75264,88,5587376816
1718,84438568,28959212,113397780,31,0,1,2560,31,3014601334
1719,84439869,8488391,92928260,0,0,0,32768,0,3268163346
1720,84443960,4234416,88678376,2,0,0,9728,2,9359978228
1721,84446865,28950938,113397803,27,0,1,7680,27,8193955873
1722,84450842,6040488,90491330,86,0,0,8704,86,3314107147
1723,84451685,28946141,113397826,68,0,1,2560,68,8706351854
1724,84456602,4727471,89184073,12,0,0,1536,12,5375329872
1725,84457017,4415509,88872526,18,0,0,4096,18,5021073722
1726,84475992,7077099,91553091,25,0,0,2560,25,8300837545
1727,84476984,9062354,93539338,28,0,0,65024,28,2375756330
1728,84479409,6550750,91030159,32,0,0,1536,32,9690551711
1729,84482916,5081130,89564046,84,0,0,21504,84,9424867218
1730,84501708,8192271,92693979,79,0,0,60928,79,3092290107
1731,84511923,5757272,90269195,20,0,0,4096,20,5246311025
1732,84515728,4827299,89343027,13,0,0,4096,13,8566038600
1733,84525116,9101183,93626299,67,0,0,4608,67,2112953803
1734,84525541,7203031,91728572,76,0,0,3072,76,9645451936
1735,84531496,28870571,113402067,8,0,1,11264,8,3800013069
1736,84534854,9033109,93567963,44,0,0,59904,44,9779228884
1737,84541534,8122260,92663794,74,0,0,9728,74,4003301259
1738,84543560,4535124,89078684,18,0,0,512,18,3386960262
1739,84546287,4422170,88968457,27,0,0,15872,27,7427122671
1740,84549986,28852104,113402090,31,0,1,2048,31,5159732722
1741,84550907,8756895,93307802,25,0,0,31232,25,1373450574
1742,84551505,8347278,92898783,92,0,0,7168,92,9853557167
1743,84553921,5484317,90038238,81,0,0,5120,81,7662619008
1744,84555041,29233335,113788376,73,0,1,192000,73,10078483983
1745,84557223,9049265,93606488,18,0,0,5632,18,4386392970
1746,84561318,7941568,92502886,33,0,0,13824,33,8024382036
1747,84567482,4924223,89491705,75,0,0,7680,75,2760299462
1748,84578302,7313571,91891873,90,0,0,89088,90,1456429679
1749,84580562,8671685,93252247,2,0,0,54784,2,7495409840
1750,84602436,29428241,114030677,8,0,1,38400,8,2296081376
1751,84604493,7939350,92543843,80,0,0,26112,80,5533614168
1752,84610165,5892625,90502790,52,0,0,4608,52,7458814336
1753,84614772,5243352,89858124,87,0,0,11776,87,3991578955
1754,84635865,29394835,114030700,94,0,1,8704,94,8238853683
1755,84639959,5297573,89937532,90,0,0,41984,90,4877624538
1756,84647248,8738221,93385469,8,0,0,20480,8,8899239139
1757,84667820,6091337,90759157,93,0,0,4096,93,10619606420
1758,84673283,29360892,114034175,27,0,1,11776,27,5906979259
1759,84724102,29339059,114063161,75,0,1,24576,75,6935324013
1760,84728708,29486701,114215409,62,0,1,3072,62,3599416461
1761,84743669,4918488,89662157,8,0,0,10240,8,7583401488
1762,84767934,5406238,90174172,81,0,0,1024,81,7676111604
1763,84769700,5450080,90219780,65,0,0,39424,65,10563469240
1764,84778724,7224973,92003697,66,0,0,9216,66,10422623126
1765,84779215,5773111,90552326,15,0,0,76288,15,6126133976
1766,84782705,29432727,114215432,67,0,1,5120,67,2257711736
1767,84784998,8629808,93414806,11,0,0,46592,11,10362420975
1768,84789349,4661647,89450996,99,0,0,2048,99,9573363439
1769,84798834,6367887,91166721,58,0,0,24064,58,3054454629
1770,84809573,8903445,93713018,68,0,0,32256,68,10247389571
1771,84821584,4748280,89569864,0,0,0,6144,0,3723623508
1772,84822283,7041857,91864140,25,0,0,4096,25,1779187976
1773,84825911,5477571,90303482,76,0,0,20992,76,7876061911
1774,84826028,7230346,92056374,25,0,0,13824,25,9350654215
1775,84835792,5523510,90359302,96,0,0,34816,96,10735662385
1776,84836394,8578591,93414985,9,0,0,512,9,4925758194
1777,84839943,4678973,89518916,41,0,0,39424,41,7887206975
1778,84840179,5660159,90500338,73,0,0,7680,73,10719340986
1779,84848864,5605477,90454341,6,0,0,9216,6,9343402044
1780,84856124,29588666,114444790,94,0,1,50176,94,6897071978
1781,84866187,8363172,93229359,9,0,0,15360,9,10342560469
1782,84872363,29861344,114733707,88,0,1,103424,88,3652669215
1783,84877510,5357853,90235363,13,0,0,5632,13,1094191553
1784,84878242,29858616,114736858,95,0,1,1536,95,5057655649
1785,84883170,5860194,90743364,89,0,0,13824,89,6075405139
1786,84894159,4900048,89794207,82,0,0,64512,82,3821656132
1787,84900151,9120716,94020867,74,0,0,70656,74,1811026178
1788,84913840,8915907,93829747,19,0,0,39936,19,9661895837
1789,84914505,29832521,114747026,56,0,1,14848,56,7655207660
1790,84920784,4853744,89774528,32,0,0,19968,32,8717285273
1791,84927311,5947781,90875092,83,0,0,3072,83,1732936327
1792,84930531,8916815,93847346,96,0,0,23040,96,8848407924
1793,84932511,4901724,89834235,70,0,0,4608,70,9052809999
1794,84949801,5191076,90140877,79,0,0,2048,79,3598215358
1795,84950410,8381461,93331871,81,0,0,6656,81,9035199956
1796,84976733,5582012,90558745,74,0,0,20992,74,1503380567
1797,84978887,8476084,93454971,61,0,0,2560,61,9382552804
1798,84983902,4984782,89968684,11,0,0,13824,11,3922530313
1799,84984733,6436426,91421159,55,0,0,12288,55,5946039415
1800,84984897,8958308,93943205,73,0,0,90624,73,5768937025
1801,84985862,4774846,89760708,90,0,0,4096,90,5328713153
1802,84989844,8696874,93686718,82,0,0,9216,82,7712545753
1803,85004725,29763776,114768501,53,0,1,18944,53,10482489188
1804,85010570,4757204,89767774,20,0,0,9728,20,6866630120
1805,85017700,29766527,114784227,78,0,1,12288,78,7746881020
1806,85035364,6601650,91637014,70,0,0,7168,70,7450064238
1807,85035646,5080849,90116495,54,0,0,27648,54,4918934737
1808,85047560,4261279,89308839,73,0,0,1024,73,7565224836
1809,85048697,5219227,90267924,24,0,0,34816,24,10626700550
1810,85057501,8547248,93604749,46,0,0,8192,46,7668953343
1811,85057520,29799273,114856793,94,0,1,3072,94,4732629024
1812,85062812,29845772,114908584,95,0,1,11776,95,6289392982
1813,85069588,5875626,90945214,46,0,0,25600,46,6473497423
1814,85073857,6849228,91923085,68,0,0,30208,68,10253153158
1815,85075621,5752426,90828047,58,0,0,17920,58,4924522971
1816,85078441,29870725,114949166,69,0,1,15360,69,2323853227
1817,85090246,9017036,94107282,83,0,0,64000,83,6354638781
1818,85100908,5156385,90257293,79,0,0,33792,79,3882923148
1819,85102299,9279170,94381469,67,0,0,27648,67,660135125
1820,85104070,4463899,89567969,88,0,0,12800,88,1220316870
1821,85104745,4869110,89973855,73,0,0,16896,73,9171300207
1822,85110073,29839116,114949189,27,0,1,3584,27,6447082732
1823,85115039,30632822,115747861,32,0,1,336384,32,5419335366
1824,85125980,6945081,92071061,80,0,0,48128,80,2166013820
1825,85138530,4474950,89613480,29,0,0,5120,29,5842850122
1826,85140199,8461852,93602051,11,0,0,14336,11,9270434230
1827,85143263,30873704,116016967,32,0,1,172544,32,517263503
1828,85146262,5338470,90484732,33,0,0,32256,33,6708893261
1829,85147946,30958207,116106153,74,0,1,12288,74,5662947916
1830,85153060,5035711,90188771,88,0,0,25088,88,578898668
1831,85155336,30950840,116106176,56,0,1,7168,56,10370564173
1832,85160877,5215822,90376699,67,0,0,6144,67,1646441378
1833,85162092,30944107,116106199,77,0,1,5120,77,6757811437
1834,85167773,8170704,93338477,0,0,0,5632,0,8751895908
1835,85168650,5801402,90970052,24,0,0,9728,24,1166559431
1836,85178030,8979780,94157810,58,0,0,147456,58,8041026917
1837,85181380,4759451,89940831,70,0,0,10752,70,1389480768
1838,85182910,7006029,92188939,74,0,0,79872,74,6554206617
1839,85184835,30921387,116106222,87,0,1,4096,87,6136461493
1840,85187638,9547799,94735437,79,0,0,24576,79,2602064472
1841,85192340,8201043,93393383,77,0,0,13312,77,1087698256
1842,85210453,7002758,92213211,12,0,0,20480,12,4736994461
1843,85220187,8996448,94216635,5,0,0,17408,5,2541813395
1844,85222442,4790894,90013336,40,0,0,11776,40,6844793418
1845,85230488,9256347,94486835,79,0,0,39424,79,9048511616
1846,85231773,8927464,94159237,37,0,0,4608,37,2248531556
1847,85236379,6065035,91301414,25,0,0,23040,25,10266042672
1848,85245898,4614589,89860487,5,0,0,7680,5,968077324
1849,85248649,5489022,90737671,73,0,0,36352,73,1759954778
1850,85252248,9142192,94394440,30,0,0,42496,30,10538658258
1851,85254276,5944648,91198924,51,0,0,7168,51,8553905250
1852,85255599,4829018,90084617,75,0,0,19456,75,7696648756
1853,85258661,8636350,93895011,38,0,0,114688,38,9454846453
1854,85259515,6962018,92221533,87,0,0,15872,87,7742290276
1855,85260061,8655501,93915562,51,0,0,25088,51,6619243573
1856,85265363,5761287,91026650,58,0,0,25600,58,1337462623
1857,85271108,5835437,91106545,8,0,0,33792,8,6608007962
1858,85295327,7711966,93007293,93,0,0,29696,93,3090341688
1859,85297896,6065745,91363641,8,0,0,9728,8,4046978684
1860,85312403,5846963,91159366,81,0,0,32256,81,10735440972
1861,85312449,5369852,90682301,0,0,0,13312,0,8697674569
1862,85315769,6405737,91721506,99,0,0,108544,99,720937926
1863,85338532,7457514,92796046,83,0,0,5120,83,7650457598
1864,85346776,8032430,93379206,78,0,0,72704,78,1204515364
1865,85359331,30746914,116106245,30,0,1,10240,30,5781185217
1866,85386939,30719329,116106268,11,0,1,2560,11,6170498746
1867,85398299,9100438,94498737,89,0,0,27648,89,7045386206
1868,85402496,9490106,94892602,29,0,0,38912,29,1619941699
1869,85403485,8427533,93831018,35,0,0,4096,35,1256252892
1870,85404393,8584136,93988529,58,0,0,90624,58,4700873746
1871,85411842,5165178,90577020,26,0,0,59904,26,7772082629
1872,85416951,30689340,116106291,77,0,1,3072,77,3954028442
1873,85418194,6689908,92108102,82,0,0,23040,82,147781780
1874,85430595,5839660,91270255,10,0,0,96768,10,8106880988
1875,85437563,9419535,94857098,59,0,0,9216,59,6820081618
1876,85440818,9866436,95307254,21,0,0,52224,21,7225695302
1877,85441415,30664899,116106314,92,0,1,5120,92,1140511171
1878,85441850,4731498,90173348,75,0,0,512,75,7973653399
1879,85443506,5314380,90757886,79,0,0,6144,79,10173186197
1880,85460969,30645368,116106337,94,0,1,2048,94,7353056726
1881,85461497,5746186,91207683,91,0,0,28672,91,9815411602
1882,85484198,9481081,94965279,61,0,0,15360,61,3469526493
1883,85489299,9575436,95064735,75,0,0,65024,75,1897002301
1884,85493713,9919540,95413253,20,0,0,8192,20,3670923902
1885,85499103,10001463,95500566,29,0,0,5120,29,6879070299
1886,85499855,7294608,92794463,23,0,0,12288,23,4543528943
1887,85505929,5217656,90723585,24,0,0,17408,24,4372309260
1888,85507816,30598544,116106360,90,0,1,6144,90,9128330915
1889,85519622,30586761,116106383,21,0,1,512,21,8326264274
1890,85533303,8496635,94029938,79,0,0,29696,79,9478787504
1891,85554942,30551464,116106406,91,0,1,512,91,1548104530
1892,85562137,30550304,116112441,94,0,1,42496,94,9580188228
1893,85562142,6194446,91756588,78,0,0,16896,78,8719449133
1894,85563732,4848659,90412391,86,0,0,5632,86,4945017371
1895,85572687,10147923,95720610,57,0,0,32256,57,4825382707
1896,85577083,10058011,95635094,51,0,0,213504,51,6389076723
1897,85586745,6265648,91852393,5,0,0,8192,5,9593946769
1898,85589072,7328999,92918071,25,0,0,17920,25,6428024174
1899,85589261,30523641,116112902,80,0,1,10240,80,3599902861
1900,85595736,9489938,95085674,57,0,0,31232,57,381458666
1901,85598216,7023967,92622183,4,0,0,20992,4,2169750060
1902,85609700,6163504,91773204,76,0,0,16384,76,606681192
1903,85614644,8562267,94176911,28,0,0,30720,28,8414817762
1904,85615681,6184997,91800678,46,0,0,12800,46,1668916196
1905,85624036,7384840,93008876,71,0,0,5120,71,4076644111
1906,85630720,4666343,90297063,85,0,0,6144,85,5518365349
1907,85636503,8600770,94237273,28,0,0,55808,28,6355328203
1908,85665896,5283131,90949027,89,0,0,3072,89,5256816232
1909,85668211,30464699,116132910,90,0,1,22528,90,9645779189
1910,85673011,30947607,116620618,69,0,1,217600,69,3949675706
1911,85679015,5839968,91518983,92,0,0,27136,92,3313946725
1912,85679764,7822868,93502632,58,0,0,83456,58,2535619368
1913,85683591,9515849,95199440,15,0,0,45568,15,2313497045
1914,85692451,7905209,93597660,99,0,0,50176,99,5081265259
1915,85693000,8552876,94245876,12,0,0,28160,12,10557520646
1916,85701554,8001613,93703167,67,0,0,18944,67,8344314440
1917,85705150,8057089,93762239,54,0,0,11776,54,10624217911
1918,85707695,30919521,116627216,67,0,1,3072,67,4928477035
1919,85713819,6528040,92241859,83,0,0,5120,83,7212932956
1920,85725465,30939328,116664793,74,0,1,14336,74,3923487113
1921,85726811,5922885,91649696,2,0,0,4608,2,6759964684
1922,85731490,4995082,90726572,6,0,0,9728,6,4402563388
1923,85739614,10266645,96006259,84,0,0,12800,84,4319931234
1924,85750305,6383341,92133646,60,0,0,17920,60,8061718585
1925,85756729,5272931,91029660,38,0,0,6656,38,7435658918
1926,85758023,5890246,91648269,3,0,0,36864,3,9939375989
1927,85761835,5051053,90812888,91,0,0,3072,91,4473003352
1928,85762193,7067578,92829771,98,0,0,10240,98,4973812881
1929,85764423,5423413,91187836,67,0,0,1024,67,4760835331
1930,85764654,5296024,91060678,87,0,0,13312,87,10723094508
1931,85773167,5227025,91000192,67,0,0,27648,67,1455588080
1932,85773290,7329685,93102975,99,0,0,17408,99,1721436580
1933,85775018,30906201,116681219,29,0,1,20992,29,10634866650
1934,85776869,6187456,91964325,27,0,0,15360,27,5911079555
1935,85777469,8130426,93907895,27,0,0,17408,27,7972165967
1936,85784683,9670120,95454803,83,0,0,33280,83,6254548980
1937,85788300,6407682,92195982,93,0,0,23040,93,9291707499
1938,85791621,7119532,92911153,84,0,0,25088,84,10214699560
1939,85792542,8453669,94246211,42,0,0,1024,42,8024308155
1940,85793451,9569874,95363325,76,0,0,26112,76,4588628664
1941,85794555,30886687,116681242,91,0,1,7168,91,3756928174
1942,85798394,10374659,96173053,66,0,0,34816,66,7602899018
1943,85803973,30993281,116797254,35,0,1,67584,35,5772308214
1944,85807929,9576863,95384792,29,0,0,21504,29,10142517735
1945,85812410,30984867,116797277,40,0,1,2560,40,8871601690
1946,85813448,5359247,91172695,78,0,0,1536,78,4063826565
1947,85814708,5506720,91321428,60,0,0,40960,60,5584566532
1948,85815739,30981561,116797300,9,0,1,10752,9,5961272640
1949,85817243,6466792,92284035,71,0,0,16384,71,10115572042
1950,85818476,5353728,91172204,60,0,0,17920,60,9565517608
1951,85828364,10859565,96687929,71,0,0,57344,71,6805895156
1952,85838538,5434727,91273265,40,0,0,9216,40,1837474865
1953,85842777,10494987,96337764,40,0,0,9216,40,3589886568
1954,85846183,7846018,93692201,21,0,0,17920,21,3367869960
1955,85858001,30958331,116816332,8,0,1,10752,8,8927228859
1956,85865643,6602785,92468428,87,0,0,45568,87,9108663373
1957,85867615,8781897,94649512,90,0,0,67584,90,5502131102
1958,85868053,6970946,92838999,11,0,0,8192,11,6962745784
1959,85868681,5658445,91527126,0,0,0,26624,0,2015568898
1960,85869734,30951104,116820838,34,0,1,17920,34,1707045787
1961,85875762,6603921,92479683,79,0,0,36864,79,3939031966
1962,85879567,5057824,90937391,83,0,0,16896,83,603769552
1963,85889938,6747891,92637829,53,0,0,36864,53,461881421
1964,85890301,30943005,116833306,94,0,1,11776,94,2488703818
1965,85895427,4916502,90811929,60,0,0,8704,60,2994665503
1966,85899080,7141627,93040707,91,0,0,4608,91,1320003242
1967,85900507,8310801,94211308,29,0,0,102912,29,10574952174
1968,85917268,5531260,91448528,93,0,0,13312,93,10519083970
1969,85917383,30915946,116833329,77,0,1,2048,77,8256397154
1970,85920311,9873732,95794043,46,0,0,21504,46,6315205616
1971,85924108,5803505,91727613,46,0,0,19968,46,2368993259
1972,85930320,8797606,94727926,26,0,0,11264,26,5288011726
1973,85942748,30965368,116908116,87,0,1,32768,87,6762241960
1974,85955438,9802359,95757797,10,0,0,9216,10,4489676496
1975,85981381,30932272,116913653,21,0,1,3072,21,1210715797
1976,85991091,6651753,92642844,87,0,0,16384,87,8209595561
1977,85993202,30921437,116914639,21,0,1,1536,21,9303843246
1978,85997182,5460885,91458067,32,0,0,31232,32,8266916637
1979,86000729,30917456,116918185,90,0,1,5632,90,43114409
1980,86011351,30911980,116923331,77,0,1,8192,77,5814428100
1981,86018730,5061586,91080316,17,0,0,1024,17,9152500736
1982,86023005,9238067,95261072,33,0,0,86528,33,8566327472
1983,86025885,31011683,117037568,35,0,1,111104,35,6882285507
1984,86036956,9979154,96016110,95,0,0,32256,95,1075891400
1985,86037027,31005367,117042394,86,0,1,7680,86,3581229385
1986,86037364,7923530,93960894,28,0,0,54272,28,1216890464
1987,86038018,31013408,117051426,34,0,1,7680,34,5242771352
1988,86038087,5727895,91765982,90,0,0,25600,90,9686464411
1989,86039060,10778019,96817079,2,0,0,11264,2,2563265110
1990,86058083,10863923,96922006,27,0,0,20480,27,3111729746
1991,86060745,6775735,92836480,4,0,0,7168,4,2895577427
1992,86063413,6143535,92206948,64,0,0,34816,64,5594778035
1993,86066627,8392082,94458709,71,0,0,44032,71,3310226147
1994,86069548,5838728,91908276,86,0,0,53760,86,1319903080
1995,86070081,6428391,92498472,41,0,0,20992,41,2958262665
1996,86070729,8299774,94370503,41,0,0,88064,41,4563869749
1997,86076390,9634369,95710759,57,0,0,32256,57,7731055591
1998,86098239,5751635,91849874,58,0,0,10240,58,7069056532
1999,86098317,6266120,92364437,83,0,0,50688,83,8145096653
2000,86106333,30949599,117055932,11,0,1,7168,11,8845782404
2001,86108409,6342969,92451378,35,0,0,38400,35,7918072545
2002,86112248,30955787,117068035,68,0,1,18432,68,4436058579
2003,86120628,5240026,91360654,47,0,0,13824,47,9304175452
2004,86141235,10256162,96397397,79,0,0,27648,79,9638249691
2005,86155671,6091367,92247038,24,0,0,16896,24,7423651494
2006,86157254,7567175,93724429,46,0,0,37376,46,3008439018
2007,86164775,6184195,92348970,66,0,0,21504,66,2555874439
2008,86176286,5901974,92078260,48,0,0,23552,48,3051703431
2009,86181086,5930315,92111401,56,0,0,10752,56,8142809008
2010,86189238,9718258,95907496,39,0,0,25600,39,121410946
2011,86189971,6569448,92759419,51,0,0,24576,51,9211856002
2012,86192693,7382405,93575098,10,0,0,3584,10,5835783988
2013,86209104,6802767,93011871,22,0,0,9728,22,524229153
2014,86217947,9964204,96182151,86,0,0,15360,86,10326580702
2015,86229960,5571521,91801481,72,0,0,2560,72,2131467468
2016,86235412,6912642,93148054,29,0,0,33280,29,5783984717
2017,86238308,6835352,93073660,28,0,0,62464,28,6688015100
2018,86262599,5865556,92128155,97,0,0,46080,97,7762112061
2019,86281191,6697517,92978708,23,0,0,3072,23,526571155
2020,86284519,10761724,97046243,73,0,0,14336,73,2982292092
2021,86287401,6167120,92454521,77,0,0,10240,77,9531205527
2022,86294624,30793442,117088066,54,0,1,1536,54,4766393214
2023,86301398,6182364,92483762,38,0,0,13312,38,7168758372
2024,86304096,8025021,94329117,55,0,0,62464,55,4546795630
2025,86308056,6318518,92626574,68,0,0,14336,68,4357363168
2026,86308505,10867737,97176242,91,0,0,12288,91,4458588027
2027,86309272,9495254,95804526,32,0,0,34304,32,4656959148
2028,86310176,30863933,117174109,52,0,1,49152,52,7529344209
2029,86318470,9715192,96033662,87,0,0,14848,87,1431520650
2030,86318879,5449310,91768189,97,0,0,7168,97,3998817512
2031,86329478,7367894,93697372,5,0,0,16896,5,1675849006
2032,86329489,5421928,91751417,99,0,0,9216,99,8340940577
2033,86333767,6740696,93074463,14,0,0,2560,14,5034070848
2034,86335126,8282871,94617997,95,0,0,30208,95,2066774810
2035,86349461,5815119,92164580,19,0,0,42496,19,1785474853
2036,86350614,30825761,117176375,97,0,1,3584,97,5084342778
2037,86359100,30818043,117177143,55,0,1,11776,55,3359398277
2038,86381647,30806960,117188607,56,0,1,18944,56,3799374132
2039,86385724,8035039,94420763,64,0,0,65024,64,1457218174
2040,86403792,10860618,97264410,60,0,0,5632,60,2209380957
2041,86405942,7352686,93758628,34,0,0,7168,34,6776774075
2042,86415162,8149897,94565059,72,0,0,8704,72,10518148929
2043,86426547,7572769,93999316,90,0,0,35328,90,2443827074
2044,86431195,30767801,117198996,49,0,1,10752,49,10293468895
2045,86435418,6521540,92956958,50,0,0,2048,50,9185069039
2046,86448975,9885958,96334933,98,0,0,16384,98,9487031683
2047,86450176,5325711,91775887,32,0,0,8704,32,9247813672
2048,86465879,6142842,92608721,90,0,0,26624,90,2647870547
2049,86485348,30902140,117387488,83,0,1,44032,83,5376983998
2050,86485896,6114690,92600586,71,0,0,2048,71,9350651747
2051,86489930,8217841,94707771,14,0,0,15872,14,3379165041
2052,86492412,7081080,93573492,59,0,0,2560,59,1301251285
2053,86496291,8089383,94585674,26,0,0,67584,26,9355385436
2054,86499586,5999065,92498651,11,0,0,512,11,4661236376
2055,86500151,6285678,92785829,2,0,0,44032,2,5271477630
2056,86510528,10402384,96912912,11,0,0,36864,11,7629235118
2057,86512009,6061387,92573396,28,0,0,512,28,9019134610
2058,86517859,30870923,117388782,67,0,1,4608,67,3913729660
2059,86521132,6739281,93260413,74,0,0,22528,74,2365305224
2060,86531674,7811974,94343648,47,0,0,47616,47,7857642902
2061,86537702,30851103,117388805,92,0,1,3072,92,6016085590
2062,86539096,6233294,92772390,84,0,0,42496,84,2262302665
2063,86539864,7079145,93619009,5,0,0,13312,5,3809483160
2064,86547314,9407845,95955159,76,0,0,3584,76,10162554350
2065,86551393,10664987,97216380,92,0,0,62976,92,6216975277
2066,86554774,7883507,94438281,43,0,0,36352,43,6257334647
2067,86557361,8229831,94787192,54,0,0,6656,54,992114182
2068,86559489,8040302,94599791,18,0,0,9216,18,8506786356
2069,86562454,8333025,94895479,51,0,0,2048,51,4023940217
2070,86575424,5620893,92196317,85,0,0,1024,85,1074562090
2071,86575546,30912242,117487788,6,0,1,77824,6,5678191485
2072,86579531,30909563,117489094,1,0,1,2048,1,7740370872
2073,86580812,31092943,117673755,81,0,1,93696,81,1172001938
2074,86585007,6987682,93572689,50,0,0,3584,50,2442950076
2075,86589341,31247235,117836576,51,0,1,1536,51,6869764011
2076,86590180,5523904,92114084,79,0,0,8704,79,8390456329
2077,86593910,6761313,93355223,18,0,0,7680,18,10200701883
2078,86599931,31249229,117849160,21,0,1,40448,21,1024026836
2079,86600191,6624465,93224656,59,0,0,2048,59,6923107390
2080,86600567,10799783,97400350,73,0,0,2048,73,4626631543
2081,86613646,6227297,92840943,65,0,0,1536,65,7290385078
2082,86617787,31232359,117850146,87,0,1,1536,87,7911047564
2083,86618555,31439360,118057915,70,0,1,49664,70,8797499107
2084,86620593,6701012,93321605,0,0,0,10752,0,10535123306
2085,86632383,31432188,118064571,59,0,1,19456,59,10294129507
2086,86635560,6155136,92790696,45,0,0,15872,45,10135191851
2087,86637085,8125511,94762596,31,0,0,21504,31,1083540095
2088,86640038,8240685,94880723,51,0,0,18944,51,6000130072
2089,86652223,9879275,96531498,46,0,0,59904,46,1476108674
2090,86652401,9728209,96380610,87,0,0,5632,87,7392003214
2091,86657554,8284701,94942255,82,0,0,108032,82,4034865130
2092,86659293,31405739,118065032,87,0,1,10240,87,8239288506
2093,86673578,7225223,93898801,64,0,0,11264,64,1840363139
2094,86690324,6213162,92903486,68,0,0,15360,68,8602043004
2095,86693186,6219402,92912588,32,0,0,4608,32,3997208970
2096,86701900,10943229,97645129,45,0,0,147456,45,7104490551
2097,86704672,31437059,118141731,35,0,1,36352,35,9739909680
2098,86717208,5898556,92615764,84,0,0,23040,84,6029106959
2099,86718647,5793630,92512277,80,0,0,30720,80,236036870
2100,86726753,6660463,93387216,18,0,0,5632,18,7846697832
2101,86733298,7693884,94427182,31,0,0,20992,31,2906612136
2102,86750630,11033631,97784261,11,0,0,35328,11,6994443326
2103,86751374,10674532,97425906,73,0,0,26624,73,52007103
2104,86758526,9984228,96742754,85,0,0,46592,85,5931703192
2105,86761904,31401447,118163351,27,0,1,1024,27,3810322046
2106,86763524,10163497,96927021,51,0,0,16384,51,9625517440
2107,86782202,10745000,97527202,28,0,0,79872,28,10399973759
2108,86790669,6728834,93519503,5,0,0,55296,5,6914925319
2109,86791824,10751084,97542908,23,0,0,7168,23,1787636919
2110,86808030,31355344,118163374,56,0,1,11264,56,244716178
2111,86817958,6753616,93571574,68,0,0,11776,68,9113341028
2112,86824349,10882428,97706777,40,0,0,90112,40,6565566311
2113,86827389,31336008,118163397,68,0,1,512,68,4558476449
2114,86836050,11268486,98104536,43,0,0,29696,43,1519049035
2115,86836242,11125990,97962232,22,0,0,36864,22,7756778567
2116,86836938,10562765,97399703,56,0,0,19968,56,6270993540
2117,86841549,8312926,95154475,2,0,0,15872,2,3969068816
2118,86847660,8016481,94864141,0,0,0,23040,0,783979100
2119,86852113,6878045,93730158,10,0,0,5120,10,9574213970
2120,86863867,8110818,94974685,13,0,0,21504,13,3718491009
2121,86866132,6364654,93230786,52,0,0,4608,52,3298226575
2122,86885961,6044818,92930779,93,0,0,8192,93,4019460558
2123,86890436,8153661,95044097,12,0,0,4096,12,5141283801
2124,86901922,6290038,93191960,22,0,0,91648,22,2256800859
2125,86903394,11512060,98415454,9,0,0,52736,9,1626352921
2126,86919756,8040820,94960576,31,0,0,17408,31,4046114484
2127,86936658,7464270,94400928,29,0,0,8704,29,7806381105
2128,86941421,31221999,118163420,72,0,1,2560,72,7125669232
2129,86944412,6868120,93812532,92,0,0,7168,92,7451331646
2130,86946966,10191014,97137980,53,0,0,56832,53,6561080288
2131,86948181,8127832,95076013,78,0,0,10752,78,8916114090
2132,86948665,6502305,93450970,28,0,0,17920,28,8250496898
2133,86962313,6127073,93089386,24,0,0,2048,24,9671588697
2134,86988936,7485864,94474800,34,0,0,52736,34,9746878125
2135,86989562,6234447,93224009,39,0,0,34304,39,1163283203
2136,86999316,10441459,97440775,20,0,0,4096,20,2293337758
2137,87001116,5997106,92998222,99,0,0,32768,99,8073141028
2138,87006362,31192043,118198405,0,0,1,11264,0,7751861945
2139,87006770,7172348,94179118,53,0,0,7168,53,3059072912
2140,87008749,7985136,94993885,78,0,0,26624,78,7756457262
2141,87023674,6229844,93253518,46,0,0,4096,46,2700975303
2142,87025144,7264330,94289474,10,0,0,3584,10,1849681235
2143,87025490,9211385,96236875,38,0,0,27136,38,121992416
2144,87035764,6764696,93800460,32,0,0,12800,32,4791429751
2145,87043168,10246929,97290097,72,0,0,22528,72,8204846324
2146,87059946,6068700,93128646,29,0,0,13824,29,8471489577
2147,87064878,6619009,93683887,87,0,0,67584,87,1054807753
2148,87066163,7976663,95042826,84,0,0,45568,84,1785677942
2149,87068142,6505841,93573983,66,0,0,1536,66,1808703123
2150,87069086,31395496,118464582,0,0,1,88064,0,9094948809
2151,87069484,31395252,118464736,8,0,1,8704,8,5147313737
2152,87072874,9304235,96377109,59,0,0,114688,59,3639329100
2153,87077058,6713828,93790886,10,0,0,4096,10,7586814868
2154,87082494,6467186,93549680,51,0,0,13824,51,9392994364
2155,87087974,11061935,98149909,0,0,0,30720,0,4150736555
2156,87109594,6920523,94030117,85,0,0,512,85,4688856458
2157,87109658,7935242,95044900,54,0,0,2560,54,1230742948
2158,87110892,8121123,95232015,26,0,0,4608,26,2599508676
2159,87118339,31352406,118470745,53,0,1,6656,53,5890338994
2160,87119313,31352610,118471923,93,0,1,13824,93,9512842878
2161,87127621,31370194,118497815,92,0,1,4096,92,6437025493
2162,87127838,6134938,93262776,28,0,0,7680,28,6122575694
2163,87136269,31400800,118537069,0,0,1,28160,0,5528031040
2164,87138781,7259472,94398253,38,0,0,3072,38,4671474665
2165,87142670,31436104,118578774,53,0,1,7168,53,3259827984
2166,87147534,31486510,118634044,35,0,1,18432,35,4694241916
2167,87171405,8029774,95201179,51,0,0,5632,51,6515782976
2168,87184882,6237650,93422532,87,0,0,2048,87,9409620911
2169,87186601,6844319,94030920,64,0,0,2560,64,6929935812
2170,87191532,6353913,93545445,28,0,0,19968,28,8379959236
2171,87192424,8252216,95444640,40,0,0,55296,40,1674863165
2172,87193702,8080029,95273731,77,0,0,41472,77,5282817793
2173,87195990,32157692,119353682,35,0,1,338944,35,912042738
2174,87199568,6252681,93452249,18,0,0,4096,18,1042283378
2175,87207049,8692624,95899673,20,0,0,22528,20,1791128859
2176,87210167,10440000,97650167,73,0,0,16384,73,3133123058
2177,87218320,7725206,94943526,81,0,0,4096,81,4641758010
2178,87225071,8315395,95540466,54,0,0,10752,54,874373277
2179,87249758,6917770,94167528,86,0,0,27136,86,2410047781
2180,87252868,8534600,95787468,29,0,0,97280,29,8587718636
2181,87258803,32096818,119355621,35,0,1,12288,35,5942433254
2182,87258975,8139256,95398231,7,0,0,44032,7,6004704088
2183,87262062,8460287,95722349,7,0,0,5632,7,5338011835
2184,87264979,32148864,119413843,33,0,1,4096,33,7215078128
2185,87270755,11163754,98434509,97,0,0,62464,97,9608641694
2186,87271588,32424590,119696178,35,0,1,305664,35,4691639690
2187,87288191,7930472,95218663,10,0,0,5632,10,3505288045
2188,87290733,32413725,119704458,55,0,1,16896,55,5689233071
2189,87298134,8227259,95525393,92,0,0,81408,92,1027226042
2190,87304761,8007040,95311801,40,0,0,14848,40,10717978167
2191,87308054,6294176,93602230,66,0,0,512,66,6946427602
2192,87327484,32480189,119807673,12,0,1,66560,12,8764817245
2193,87328760,8170223,95498983,66,0,0,30208,66,2397101823
2194,87333075,8780734,96113809,55,0,0,36864,55,9501984006
2195,87333341,6941415,94274756,51,0,0,37888,51,790415040
2196,87339614,8077318,95416932,84,0,0,9728,84,10284997280
2197,87350489,8377366,95727855,5,0,0,16896,5,3629473604
2198,87354246,7613864,94968110,74,0,0,9216,74,8330574151
2199,87366591,32470675,119837266,31,0,1,11776,31,6224542865
2200,87376051,6734888,94110939,53,0,0,11776,53,6653596510
2201,87387171,8140741,95527912,88,0,0,8192,88,969418340
2202,87394059,6826187,94220246,95,0,0,11776,95,3110366066
2203,87394192,6508376,93902568,88,0,0,12288,88,7678979875
2204,87403387,8484532,95887919,4,0,0,55296,4,4491467335
2205,87425392,32413180,119838572,68,0,1,2048,68,5632216991
2206,87426849,6468497,93895346,90,0,0,1024,90,9812171277
2207,87430799,8907924,96338723,42,0,0,3072,42,711857417
2208,87438007,7149258,94587265,37,0,0,5120,37,5078460522
2209,87456908,8616798,96073706,65,0,0,9216,65,2620858182
2210,87457502,8383464,95840966,92,0,0,36352,92,10642708323
2211,87462714,7359257,94821971,97,0,0,14848,97,5555455567
2212,87470399,8741409,96211808,75,0,0,37888,75,5444474948
2213,87472763,8344422,95817185,31,0,0,41472,31,2451901253
2214,87475492,6309116,93784608,84,0,0,6144,84,857700209
2215,87476915,6896107,94373022,22,0,0,8192,22,8465071154
2216,87480419,10022424,97502843,48,0,0,2560,48,3851191939
2217,87487741,32351177,119838918,27,0,1,512,27,7436109077
2218,87493898,8207010,95700908,65,0,0,17408,65,6889822471
2219,87498468,10417409,97915877,83,0,0,19456,83,1519303926
2220,87499740,32593857,120093597,52,0,1,173568,52,9302766777
2221,87503560,6676361,94179921,42,0,0,2560,42,7885037091
2222,87506110,8415339,95921449,39,0,0,26624,39,109117101
2223,87508667,8869557,96378224,10,0,0,3584,10,6598456330
2224,87509639,7230033,94739672,29,0,0,13824,29,5327991349
2225,87513403,6883868,94397271,28,0,0,9216,28,5087398320
2226,87517663,8353385,95871048,45,0,0,2560,45,5820334204
2227,87520120,8499765,96019885,73,0,0,12288,73,1490211448
2228,87521335,11059319,98580654,91,0,0,49152,91,2401059347
2229,87523190,7039194,94562384,32,0,0,90624,32,10669094987
2230,87524172,8894384,96418556,22,0,0,23552,22,8515578397
2231,87544532,8731732,96276264,25,0,0,56832,25,9078472774
2232,87546074,7277792,94823866,73,0,0,6144,73,1744299087
2233,87547846,8430782,95978628,98,0,0,14336,98,8477453444
2234,87554475,8275392,95829867,92,0,0,19456,92,7334007011
2235,87562470,10984964,98547434,80,0,0,23040,80,8913064098
2236,87584173,6704178,94288351,76,0,0,44544,76,7994000125
2237,87598721,8693445,96292166,74,0,0,10240,74,4411611224
2238,87601095,8937134,96538229,82,0,0,22016,82,6065809272
2239,87601299,11172219,98773518,75,0,0,81408,75,2738645578
2240,87604698,8850973,96455671,64,0,0,7168,64,138805398
2241,87605860,32487760,120093620,80,0,1,1536,80,8754392147
2242,87614461,8515618,96130079,12,0,0,25088,12,8642483875
2243,87615314,6678395,94293709,82,0,0,13824,82,118968018
2244,87618895,11272451,98891346,57,0,0,58368,57,3109011959
2245,87621143,10991073,98612216,10,0,0,7680,10,5130717898
2246,87626786,7033513,94660299,74,0,0,35328,74,5074327913
2247,87630945,7146587,94777532,97,0,0,33280,97,6872682131
2248,87631210,32462433,120093643,49,0,1,5120,49,8606699594
2249,87631218,32462448,120093666,69,0,1,3584,69,4347537029
2250,87632248,32676882,120309130,14,0,1,81920,14,5613545121
2251,87639584,8832562,96472146,87,0,0,13824,87,2611466695
2252,87646874,10275036,97921910,65,0,0,6656,65,6627427460
2253,87652214,9056128,96708342,27,0,0,34304,27,7155826706
2254,87652920,8895518,96548438,91,0,0,5632,91,2323251024
2255,87656605,7237112,94893717,14,0,0,3584,14,9124059629
2256,87671877,10088554,97760431,14,0,0,25088,14,7441779858
2257,87680780,32628373,120309153,58,0,1,8704,58,2268373773
2258,87685928,8944163,96630091,81,0,0,43008,81,9196017752
2259,87692857,7117357,94810214,87,0,0,18432,87,3773840535
2260,87694544,11300268,98994812,98,0,0,27648,98,4917843758
2261,87702068,7973990,95676058,72,0,0,30208,72,6386284334
2262,87705432,11399455,99104887,77,0,0,39936,77,6820670512
2263,87705748,9054266,96760014,68,0,0,27648,68,3669434733
2264,87707054,9251515,96958569,84,0,0,5632,84,4779000629
2265,87711641,7825257,95536898,93,0,0,7168,93,6281610126
2266,87715564,7076339,94791903,18,0,0,15360,18,9956282025
2267,87722061,7735417,95457478,47,0,0,8704,47,6017868188
2268,87724050,6802642,94526692,57,0,0,15360,57,2241961761
2269,87727862,6975050,94702912,52,0,0,41984,52,5106526499
2270,87728085,32581091,120309176,67,0,1,4096,67,2065633454
2271,87732043,32726590,120458633,96,0,1,91136,96,2448696103
2272,87738838,6751452,94490290,11,0,0,11264,11,9081301780
2273,87743174,8170140,95913314,0,0,0,9728,0,2397064036
2274,87747740,8980795,96728535,27,0,0,28160,27,2953188148
2275,87751542,6845418,94596960,71,0,0,31744,71,6432064997
2276,87759130,7405040,95164170,47,0,0,31744,47,4017562029
2277,87763814,9084980,96848794,93,0,0,38400,93,3625446186
2278,87768343,9684912,97453255,10,0,0,22528,10,4391288549
2279,87770877,7184372,94955249,96,0,0,38400,96,455881581
2280,87776895,7098033,94874928,13,0,0,35328,13,4339311838
2281,87780748,6904080,94684828,40,0,0,32256,40,6147215050
2282,87782923,8669791,96452714,21,0,0,13824,21,5983309949
2283,87783432,8086813,95870245,81,0,0,36352,81,4241977932
2284,87784201,10293107,98077308,23,0,0,1024,23,10171020942
2285,87785155,9196772,96981927,6,0,0,512,6,10480931406
2286,87785666,8336746,96122412,64,0,0,28160,64,2413955789
2287,87787455,7107377,94894832,82,0,0,3584,82,5122174085
2288,87795017,8487891,96282908,40,0,0,1024,40,10657330077
2289,87795867,7334337,95130204,87,0,0,33792,87,6250835570
2290,87799841,8633113,96432954,43,0,0,20480,43,1183219333
2291,87805373,7267341,95072714,8,0,0,26112,8,157782766
2292,87816584,7605871,95422455,67,0,0,17408,67,2678648006
2293,87825377,32633279,120458656,27,0,1,1536,27,6739085385
2294,87829331,32629348,120458679,90,0,1,3584,90,3636031836
2295,87837546,32621156,120458702,31,0,1,14336,31,4769976288
2296,87840457,8138818,95979275,76,0,0,2048,76,5862793143
2297,87856102,6929039,94785141,83,0,0,16384,83,9713584150
2298,87859809,7452483,95312292,37,0,0,1536,37,1404633043
2299,87862517,7361571,95224088,60,0,0,12288,60,1206746999
2300,87884375,32586902,120471277,77,0,1,1024,77,10481788156
2301,87885498,7525236,95410734,50,0,0,40960,50,7022664426
2302,87886195,8190810,96077005,5,0,0,10752,5,2748683957
2303,87891510,8034508,95926018,72,0,0,14848,72,1079392716
2304,87899519,8383054,96282573,25,0,0,5632,25,6036956319
2305,87909688,9210953,97120641,83,0,0,126976,83,8066236855
2306,87912142,7842816,95754958,87,0,0,11776,87,8349667272
2307,87915442,9097949,97013391,90,0,0,28160,90,4745925712
2308,87926278,9270891,97197169,0,0,0,68608,0,4534465627
2309,87928422,10358549,98286971,98,0,0,14336,98,7486161049
2310,87936334,7180168,95116502,61,0,0,21504,61,1732627148
2311,87941472,11298068,99239540,68,0,0,10240,68,6222613592
2312,87943143,32530080,120473223,27,0,1,3072,27,303866725
2313,87945891,7588588,95534479,80,0,0,5632,80,356551745
2314,87949122,7717709,95666831,33,0,0,61952,33,1356525543
2315,87982172,8298171,96280343,19,0,0,13312,19,845167731
2316,87995753,8724179,96719932,4,0,0,32256,4,2554979237
2317,87998338,7724346,95722684,43,0,0,1024,43,5428476421
2318,87998638,10785979,98784617,3,0,0,36352,3,4050163354
2319,88004944,32497910,120502854,90,0,1,7680,90,8454509998
2320,88008170,8566965,96575135,91,0,0,20992,91,5717282923
2321,88011944,7835441,95847385,72,0,0,20992,72,9179374485
2322,88016392,8885265,96901657,28,0,0,26624,28,5983430827
2323,88028017,7708955,95736972,45,0,0,22016,45,7776005897
2324,88028654,8731539,96760193,87,0,0,512,87,7744604599
2325,88034465,9182094,97216559,43,0,0,512,43,8477292200
2326,88036688,32467792,120504480,27,0,1,2560,27,3693845311
2327,88040136,7928150,95968286,55,0,0,43008,55,9002822442
2328,88040789,9103633,97144422,32,0,0,17920,32,4051931287
2329,88043285,7652296,95695581,27,0,0,64000,27,6102556166
2330,88046497,7777419,95823916,34,0,0,22016,34,6123924087
2331,88051512,7491057,95542569,2,0,0,1536,2,952838909
2332,88057092,32448374,120505466,56,0,1,1536,56,8748634775
2333,88059322,11439556,99498878,97,0,0,73216,97,5661637474
2334,88060031,7930426,95990457,51,0,0,6656,51,4303585064
2335,88063544,32469865,120533409,91,0,1,5120,91,4674433025
2336,88067685,7574920,95642605,21,0,0,24576,21,1082970940
2337,88069931,9102544,97172475,8,0,0,3584,8,7660104781
2338,88084226,7260593,95344819,37,0,0,8192,37,1249214218
2339,88087302,7886935,95974237,14,0,0,19456,14,9719772070
2340,88088818,7821509,95910327,18,0,0,9216,18,6654869192
2341,88093946,8386491,96480437,84,0,0,27136,84,3096958727
2342,88101345,10722347,98823692,2,0,0,18944,2,3637372324
2343,88101693,32431739,120533432,72,0,1,4096,72,8041944568
2344,88101696,10804645,98906341,12,0,0,2048,12,5928567485
2345,88133731,8834785,96968516,58,0,0,6656,58,2796470802
2346,88137264,10600016,98737280,85,0,0,96768,85,4675331971
2347,88163341,32370114,120533455,11,0,1,5120,11,633901424
2348,88163974,7887197,96051171,32,0,0,8192,32,3342443052
2349,88170552,32364117,120534669,95,0,1,2048,95,5962425163
2350,88190763,32347132,120537895,99,0,1,5120,99,9491688627
2351,88192050,7455882,95647932,82,0,0,17408,82,1740630953
2352,88192808,7558539,95751347,73,0,0,47104,73,2208722896
2353,88194401,32343648,120538049,90,0,1,8704,90,3208427452
2354,88211756,9169073,97380829,23,0,0,44032,23,2834579790
2355,88217491,7914639,96132130,59,0,0,6656,59,4843061041
2356,88217810,32321007,120538817,93,0,1,11776,93,1148360720
2357,88219852,11353072,99572924,74,0,0,2560,74,4835486578
2358,88220732,9458566,97679298,50,0,0,23040,50,5778120419
2359,88224086,11433875,99657961,54,0,0,10240,54,510549331
2360,88248710,7481531,95730241,31,0,0,5632,31,6429124895
2361,88252298,8610426,96862724,90,0,0,31744,90,4458454978
2362,88253169,7475333,95728502,57,0,0,2048,57,6473722440
2363,88258415,8806326,97064741,45,0,0,2560,45,4743646233
2364,88273286,9156006,97429292,9,0,0,9216,9,8398109859
2365,88275864,7826690,96102554,15,0,0,64512,15,2836418588
2366,88287535,7605243,95892778,20,0,0,15872,20,10272158970
2367,88295480,32245283,120540763,90,0,1,3072,90,7440253563
2368,88298360,8150119,96448479,98,0,0,16896,98,5839680087
2369,88305773,11468075,99773848,76,0,0,30208,76,10373663281
2370,88321177,32232040,120553217,95,0,1,1536,95,4027072108
2371,88326769,32230954,120557723,31,0,1,7168,31,6113006635
2372,88334592,9828700,98163292,83,0,0,41984,83,10310537721
2373,88341072,11563475,99904547,22,0,0,20992,22,4001606473
2374,88349345,8692507,97041852,65,0,0,30208,65,9866465693
2375,88351304,9042276,97393580,55,0,0,15872,55,4981644347
2376,88351901,9188800,97540701,56,0,0,24064,56,9904795198
2377,88352316,10664132,99016448,8,0,0,34304,8,5438466723
2378,88354064,9596913,97950977,58,0,0,29696,58,7731148812
2379,88373468,9589255,97962723,51,0,0,1536,51,5660310181
2380,88376603,10105890,98482493,15,0,0,2560,15,8703511781
2381,88380236,8535507,96915743,54,0,0,9216,54,8766924245
2382,88383090,8630792,97013882,18,0,0,1536,18,10436311741
2383,88398257,9317287,97715544,50,0,0,28672,50,7732879693
2384,88403350,9675229,98078579,8,0,0,4096,8,9785145496
2385,88404465,7639031,96043496,86,0,0,22016,86,8842021641
2386,88411278,32150155,120561433,49,0,1,10752,49,2447887936
2387,88412412,8014279,96426691,81,0,0,26624,81,9896182608
2388,88418014,32148565,120566579,10,0,1,8192,10,3740085607
2389,88420401,7838516,96258917,65,0,0,71168,65,9367228247
2390,88421780,8904258,97326038,54,0,0,37376,54,6799332594
2391,88427108,11779661,100206769,76,0,0,119296,76,6575478846
2392,88430330,32155180,120585510,45,0,1,4096,45,9579348332
2393,88441383,7787201,96228584,92,0,0,7168,92,5381200153
2394,88447978,7832856,96280834,8,0,0,1536,8,2444919016
2395,88453140,8298427,96751567,82,0,0,10240,82,6691147811
2396,88455477,11577166,100032643,73,0,0,7680,73,8480977236
2397,88456916,7679137,96136053,23,0,0,12800,23,5651557646
2398,88459932,8533542,96993474,73,0,0,28672,73,9002798960
2399,88461703,7688515,96150218,79,0,0,8192,79,1776491523
2400,88472029,32157870,120629899,95,0,1,18432,95,4801941568
2401,88473517,8072535,96546052,44,0,0,25600,44,6871313199
2402,88484189,32220151,120704340,1,0,1,15872,1,1256578414
2403,88487622,9322225,97809847,83,0,0,10752,83,9129452105
2404,88489015,7685153,96174168,0,0,0,3584,0,9793568474
2405,88493894,7884977,96378871,4,0,0,2048,4,5165565577
2406,88496165,7792850,96289015,20,0,0,19968,20,225379371
2407,88500624,9639902,98140526,47,0,0,7680,47,10167215520
2408,88504226,10361389,98865615,81,0,0,18432,81,8133591265
2409,88505159,8883493,97388652,25,0,0,25600,25,7540656567
2410,88509048,8273577,96782625,27,0,0,2560,27,9637123990
2411,88529145,8910359,97439504,20,0,0,20480,20,7551948047
2412,88550492,10604934,99155426,57,0,0,20480,57,7380937679
2413,88551090,8016153,96567243,44,0,0,11264,44,1280296719
2414,88553598,8422764,96976362,74,0,0,2560,74,303326500
2415,88558574,8186551,96745125,4,0,0,7680,4,8744592208
2416,88567791,32139775,120707566,99,0,1,5120,99,2741899648
2417,88571407,9924945,98496352,3,0,0,7680,3,5932460770
2418,88571564,32141148,120712712,49,0,1,8192,49,2659493252
2419,88576778,7822826,96399604,99,0,0,7168,99,5110709766
2420,88581167,32212683,120793850,93,0,1,12800,93,6519048499
2421,88590727,8903155,97493882,37,0,0,48128,37,1724896148
2422,88601909,32209303,120811212,62,0,1,6656,62,8304035105
2423,88609934,7627276,96237210,57,0,0,1024,57,6233901841
2424,88613689,10718945,99332634,80,0,0,57344,80,10419486141
2425,88633705,7916160,96549865,24,0,0,4608,24,6629696351
2426,88653778,8199251,96853029,50,0,0,13824,50,3455383622
2427,88657748,8179323,96837071,15,0,0,16384,15,9794828099
2428,88686141,9639573,98325714,59,0,0,71680,59,8326388779
2429,88698329,8973926,97672255,28,0,0,3584,28,4889594881
2430,88705856,7840843,96546699,89,0,0,2048,89,8096242688
2431,88714683,7599042,96313725,33,0,0,29696,33,4573057277
2432,88716339,8441701,97158040,98,0,0,34304,98,9919089546
2433,88720553,7949647,96670200,19,0,0,31232,19,9300470810
2434,88726971,10679215,99406186,66,0,0,39936,66,2255646124
2435,88728072,11622679,100350751,76,0,0,91648,76,4596243292
2436,88740950,9821242,98562192,81,0,0,2560,81,1524326567
2437,88746424,7949328,96695752,6,0,0,25600,6,717677349
2438,88751419,7812353,96563772,8,0,0,45568,8,3796074438
2439,88757171,32054064,120811235,72,0,1,3584,72,4637639939
2440,88764222,10571243,99335465,29,0,0,9216,29,6558600328
2441,88766034,32060022,120826056,90,0,1,19968,90,8350622745
2442,88766208,32174320,120940528,97,0,1,16384,97,10658917080
2443,88768423,8450811,97219234,68,0,0,8704,68,9137510278
2444,88773973,7936108,96710081,89,0,0,5632,89,810261542
2445,88789115,32170187,120959302,69,0,1,4608,69,6846804628
2446,88789449,32187573,120977022,0,0,1,3072,0,9827772369
2447,88796148,32237651,121033799,31,0,1,15872,31,9763202400
2448,88797628,8135523,96933151,74,0,0,19968,74,720817155
2449,88809549,8692491,97502040,27,0,0,26624,27,6417048997
2450,88814890,8011273,96826163,85,0,0,15872,85,4749183097
2451,88835663,32230154,121065817,95,0,1,13312,95,1898748753
2452,88839628,7936018,96775646,96,0,0,5632,96,4657672478
2453,88845916,32222167,121068083,67,0,1,3584,67,8803827604
2454,88849186,32221163,121070349,65,0,1,3584,65,7345396171
2455,88857148,10401176,99258324,46,0,0,1024,46,6431597698
2456,88863997,7884427,96748424,60,0,0,10752,60,5584986372
2457,88865695,8109864,96975559,77,0,0,23040,77,9735375667
2458,88867507,8026015,96893522,70,0,0,38912,70,4878253264
2459,88868724,9917008,98785732,71,0,0,3584,71,10571335063
2460,88869411,32288755,121158166,59,0,1,40448,59,340641520
2461,88883168,9157501,98040669,71,0,0,27136,71,9991120660
2462,88888380,10575620,99464000,28,0,0,61952,28,2426383700
2463,88889566,10785754,99675320,18,0,0,7168,18,9369701591
2464,88894480,8763510,97657990,41,0,0,25600,41,5100304756
2465,88895163,8137462,97032625,26,0,0,61440,26,8447711133
2466,88903967,8337848,97241815,44,0,0,17408,44,8544405424
2467,88912222,8151716,97063938,9,0,0,15360,9,10196474726
2468,88927783,8219782,97147565,96,0,0,10240,96,7964641815
2469,88933214,7879500,96812714,58,0,0,16384,58,10148728101
2470,88938632,32304238,121242870,17,0,1,12288,17,10234402023
2471,88944127,32310676,121254803,1,0,1,1024,1,3686073554
2472,88946814,32442766,121389580,52,0,1,101376,52,4447844625
2473,88949697,11754057,100703754,29,0,0,163328,29,5662033661
2474,88958688,11920544,100879232,50,0,0,71168,50,7235011616
2475,88964951,9698038,98662989,80,0,0,1024,80,2962941520
2476,88966567,10624807,99591374,22,0,0,30208,22,8918535336
2477,88967422,8193449,97160871,92,0,0,9216,92,8333013110
2478,88970463,32486811,121457274,86,0,1,1024,86,3864160568
2479,88970833,9978426,98949259,81,0,0,15360,81,5497818772
2480,88987076,9188430,98175506,58,0,0,32768,58,5477693487
2481,88988245,32498426,121486671,42,0,1,2560,42,3609224268
2482,88996841,8229734,97226575,56,0,0,7168,56,7075495817
2483,89008973,8728434,97737407,31,0,0,71680,31,3772625046
2484,89016960,8840268,97857228,26,0,0,25088,26,236468944
2485,89041794,9260571,98302365,15,0,0,36864,15,5967520842
2486,89044335,8213685,97258020,4,0,0,1024,4,887892958
2487,89046988,8700917,97747905,86,0,0,10752,86,4539197637
2488,89049823,32436871,121486694,80,0,1,2560,80,5636115459
2489,89055876,8505255,97561131,2,0,0,1024,2,2095632307
2490,89060179,10027781,99087960,37,0,0,22528,37,4996833936
2491,89068712,32418496,121487208,67,0,1,17408,67,3332154468
2492,89071829,9932865,99004694,89,0,0,20992,89,4949005950
2493,89072511,32414720,121487231,97,0,1,5120,97,2227920116
2494,89075900,8524278,97600178,95,0,0,47616,95,1839650588
2495,89076381,9110525,98186906,53,0,0,30720,53,10050140871
2496,89081644,9068756,98150400,81,0,0,1536,81,6261583325
2497,89086839,8990134,98076973,74,0,0,72704,74,4539459769
2498,89096774,10599910,99696684,54,0,0,33792,54,8355988881
2499,89100478,8427847,97528325,80,0,0,3584,80,601744331
2500,89106597,8193858,97300455,4,0,0,28160,4,7195227950
2501,89112256,11949816,101062072,89,0,0,5120,89,9939324249
2502,89117790,8021149,97138939,77,0,0,3072,77,4056405043
2503,89119799,8551341,97671140,89,0,0,11776,89,8268793110
2504,89127315,10807831,99935146,31,0,0,100352,31,6388652946
2505,89129182,8812724,97941906,43,0,0,59904,43,3837108141
2506,89141816,10596427,99738243,74,0,0,10752,74,4166122219
2507,89142743,8524786,97667529,38,0,0,31232,38,1903658052
2508,89149861,10614760,99764621,95,0,0,6656,95,805175690
2509,89150557,33561095,122711652,35,0,1,604160,35,4793335315
2510,89157618,8615856,97773474,76,0,0,23552,76,6963965128
2511,89161757,8384049,97545806,58,0,0,1536,58,2687134773
2512,89167549,8617827,97785376,40,0,0,3584,40,8619503392
2513,89174864,12141340,101316204,96,0,0,17408,96,6085165162
2514,89179358,8700859,97880217,31,0,0,28160,31,6083131935
2515,89183156,10714972,99898128,30,0,0,26624,30,4216968093
2516,89191947,9137557,98329504,52,0,0,11264,52,8325696485
2517,89204065,8548699,97752764,31,0,0,15872,31,5058150850
2518,89211724,12291372,101503096,4,0,0,27648,4,10200116823
2519,89228123,8516483,97744606,14,0,0,23552,14,1586892394
2520,89230567,33490791,122721358,59,0,1,16384,59,6249056423
2521,89235944,8570604,97806548,89,0,0,12288,89,1675756404
2522,89240441,10585633,99826074,73,0,0,4608,73,53580183
2523,89245347,33478277,122723624,21,0,1,3584,21,2785633459
2524,89250752,8191762,97442514,11,0,0,5632,11,832372017
2525,89250979,8979294,98230273,5,0,0,59392,5,10375807937
2526,89260508,33715294,122975802,35,0,1,338944,35,8279561771
2527,89268040,8707028,97975068,86,0,0,16384,86,1250871763
2528,89274975,8631184,97906159,25,0,0,77824,25,4715282905
2529,89280939,10700255,99981194,12,0,0,29696,12,7924461508
2530,89286526,12249172,101535698,73,0,0,12288,73,364948813
2531,89289543,8738274,98027817,74,0,0,11264,74,7163881227
2532,89305244,10903576,100208820,80,0,0,6656,80,7826484150
2533,89321736,9023511,98345247,15,0,0,32768,15,8032796102
2534,89322786,9076577,98399363,68,0,0,54272,68,6848467494
2535,89327690,8907754,98235444,46,0,0,16896,46,525179404
2536,89335018,33641770,122976788,90,0,1,1536,90,573675226
2537,89352290,12203952,101556242,89,0,0,16896,89,4666385276
2538,89352907,9136051,98488958,74,0,0,1024,74,8955477520
2539,89354385,9088103,98442488,66,0,0,26112,66,5311453740
2540,89354637,8783526,98138163,6,0,0,49664,6,7822198572
2541,89361197,8453821,97815018,81,0,0,16896,81,2550242150
2542,89362167,10902058,100264225,98,0,0,24576,98,4966271702
2543,89363623,33613831,122977454,77,0,1,1024,77,8076953996
2544,89368503,8983475,98351978,87,0,0,22016,87,659812409
2545,89374648,33609962,122984610,74,0,1,12800,74,8971882824
2546,89390848,10707818,100098666,5,0,0,43520,5,9607936155
2547,89402438,33622203,123024641,96,0,1,51200,96,9053683606
2548,89402660,8507266,97909926,64,0,0,12288,64,9744474780
2549,89406143,8882301,98288444,60,0,0,4608,60,5395940914
2550,89418380,9063310,98481690,71,0,0,75264,71,2432831355
2551,89439274,9121599,98560873,53,0,0,44032,53,2480681234
2552,89441871,8840709,98282580,97,0,0,35328,97,1672958394
2553,89449807,10327248,99777055,75,0,0,2048,75,8559032483
2554,89463435,8995300,98458735,82,0,0,53248,82,2025885488
2555,89465891,8860158,98326049,34,0,0,1024,34,1190392926
2556,89466420,9173242,98639662,95,0,0,24064,95,4330531835
2557,89484868,10955710,100440578,96,0,0,35328,96,6989324175
2558,89485596,33681027,123166623,73,0,1,118272,73,8085197664
2559,89490663,33675983,123166646,74,0,1,5632,74,5577659770
2560,89493723,9093974,98587697,87,0,0,23040,87,5981071395
2561,89503207,8662292,98165499,22,0,0,7168,22,5065823349
2562,89518324,8835237,98353561,82,0,0,5120,82,4672054247
2563,89532944,33977770,123510714,58,0,1,200704,58,6705739656
2564,89537136,9095171,98632307,74,0,0,25088,74,7151652602
2565,89559452,33951285,123510737,93,0,1,12288,93,6393358926
2566,89560138,12133588,101693726,97,0,0,14848,97,9580286301
2567,89563639,8933984,98497623,39,0,0,4096,39,6729053737
2568,89567195,9181496,98748691,53,0,0,37376,53,3873234
2569,89607711,8602632,98210343,40,0,0,73728,40,2544971847
2570,89609757,8438836,98048593,17,0,0,19968,17,8024527768
2571,89609974,33911307,123521281,25,0,1,3072,25,6530416593
2572,89622344,9312361,98934705,59,0,0,82944,59,3692710628
2573,89624700,9449945,99074645,13,0,0,5632,13,3323160390
2574,89644963,8959132,98604095,18,0,0,3072,18,7219375672
2575,89656568,9130279,98786847,85,0,0,3584,85,9895741943
2576,89657096,9329269,98986365,77,0,0,61952,77,7074058529
2577,89659672,10869012,100528684,11,0,0,8192,11,2219541968
2578,89661003,9297348,98958351,55,0,0,8192,55,2732393227
2579,89665678,33855626,123521304,8,0,1,25600,8,4643454431
2580,89668151,9039622,98707773,53,0,0,52224,53,7042534730
2581,89671032,8839374,98510406,3,0,0,5120,3,9135559339
2582,89675664,8912680,98588344,7,0,0,2048,7,9133220469
2583,89684879,8809094,98493973,22,0,0,16384,22,7996952512
2584,89694238,11045667,100739905,10,0,0,9728,10,1814651083
2585,89701744,8781240,98482984,82,0,0,1536,82,2712309748
2586,89702063,9253326,98955389,40,0,0,7168,40,9592476338
2587,89707126,10816676,100523802,98,0,0,40960,98,7116587146
2588,89707400,33833744,123541144,94,0,1,11264,94,5126467219
2589,89716340,8532226,98248566,20,0,0,4096,20,4467033492
2590,89728374,8887651,98616025,58,0,0,10240,58,5720220111
2591,89738928,9490403,99229331,64,0,0,164352,64,7189080391
2592,89740939,9203617,98944556,83,0,0,32256,83,1503827987
2593,89744489,33797641,123542130,9,0,1,1536,9,241906764
2594,89751366,9201816,98953182,17,0,0,12800,17,9004271047
2595,89754315,9314066,99068381,86,0,0,25088,86,4481076414
2596,89756202,8732421,98488623,0,0,0,18432,0,517215100
2597,89760697,33781779,123542476,1,0,1,512,1,9708816067
2598,89763909,9551230,99315139,53,0,0,39424,53,8978061827
2599,89768989,10542634,100311623,23,0,0,25088,23,3263095442
2600,89773390,10109872,99883262,34,0,0,44032,34,7043854158
2601,89778825,9559939,99338764,96,0,0,10752,96,506810074
2602,89780495,33763287,123543782,9,0,1,2048,9,9749634478
2603,89791423,10512187,100303610,99,0,0,14336,99,4132374265
2604,89796028,9433638,99229666,5,0,0,1024,5,7978619704
2605,89805526,9562167,99367693,23,0,0,4096,23,5802811464
2606,89809177,9697212,99506389,54,0,0,24576,54,4334116128
2607,89812988,33732740,123545728,59,0,1,3072,59,3016004595
2608,89816741,9554780,99371521,40,0,0,1536,40,9361202007
2609,89821578,9036342,98857920,8,0,0,37376,8,3066967122
2610,89822419,9143328,98965747,70,0,0,1536,70,1402978994
2611,89826337,9295343,99121680,15,0,0,28672,15,6862706292
2612,89829011,9306400,99135411,82,0,0,17408,82,6363073808
2613,89831667,33815333,123647000,69,0,1,62464,69,6140409927
2614,89836404,10935086,100771490,99,0,0,17920,99,2670815659
2615,89838217,8839820,98678037,61,0,0,18944,61,10334501876
2616,89838908,9574812,99413720,19,0,0,15360,19,5561131939
2617,89839789,9628446,99468235,74,0,0,13824,74,3609155248
2618,89843881,9216833,99060714,37,0,0,71680,37,1015807859
2619,89857741,12079609,101937350,60,0,0,80384,60,4544668501
2620,89860924,8655766,98516690,97,0,0,17920,97,599516080
2621,89863810,10559213,100423023,53,0,0,38400,53,6299190254
2622,89871793,33793820,123665613,9,0,1,2560,9,5629617675
2623,89873179,9655753,99528932,87,0,0,53248,87,2773437322
2624,89875938,9193714,99069652,86,0,0,4096,86,1111804660
2625,89887458,9361340,99248798,0,0,0,21504,0,8302576130
2626,89888118,10862046,100750164,78,0,0,9216,78,7526229127
2627,89893287,10192088,100085375,27,0,0,80384,27,2452098307
2628,89896175,10814957,100711132,95,0,0,15360,95,1449463191
2629,89900139,9397119,99297258,91,0,0,2560,91,1219591850
2630,89905680,33777630,123683310,96,0,1,47104,96,1077794377
2631,89935914,10896084,100831998,86,0,0,6144,86,1763738015
2632,89937122,33748089,123685211,80,0,1,4608,80,2689398602
2633,89948888,9705930,99654818,42,0,0,31744,42,6996154836
2634,89949200,9287197,99236397,27,0,0,22016,27,3028567143
2635,89956928,11034385,100991313,97,0,0,35840,97,10444869264
2636,89960956,9661581,99622537,53,0,0,26624,53,9044276015
2637,89961332,10816326,100777658,74,0,0,6144,74,5547426534
2638,89965271,9505327,99470598,68,0,0,7680,68,98792011
2639,89968130,10136244,100104374,40,0,0,1024,40,8948108443
2640,89972089,9164593,99136682,76,0,0,4096,76,1039049503
2641,89973117,8992131,98965248,86,0,0,22528,86,2319271249
2642,89975835,12001909,101977744,17,0,0,6656,17,81177978
2643,89977204,9375935,99353139,87,0,0,47104,87,7395867423
2644,89995966,11060705,101056671,93,0,0,2560,93,9302159751
2645,90005505,9724692,99730197,89,0,0,8704,89,9222607688
2646,90007661,8990606,98998267,80,0,0,11264,80,8579343325
2647,90010072,11458456,101468528,47,0,0,64512,47,4926485145
2648,90017384,33852785,123870169,83,0,1,52736,83,3167634784
2649,90032916,34074262,124107178,21,0,1,17408,21,1984581899
2650,90042054,10910101,100952155,86,0,0,69632,86,9105269813
2651,90055151,11041737,101096888,30,0,0,44032,30,7663383479
2652,90057189,9812634,99869823,59,0,0,67584,59,4392564966
2653,90057388,9512380,99569768,30,0,0,17408,30,5438105172
2654,90060743,9763904,99824647,76,0,0,39936,76,4138369072
2655,90061906,10419418,100481324,42,0,0,48640,42,7380314946
2656,90063061,8842633,98905694,22,0,0,39936,22,7006503613
2657,90063166,9922731,99985897,37,0,0,15360,37,8037483935
2658,90068502,9713324,99781826,74,0,0,12800,74,8589006526
2659,90069656,9099417,99169073,86,0,0,16896,86,393825251
2660,90082295,10209062,100291357,8,0,0,33792,8,3878849349
2661,90086365,9456299,99542664,70,0,0,24576,70,9450890858
2662,90092672,12010272,102102944,65,0,0,66560,65,2900060653
2663,90100395,10032612,100133007,75,0,0,29696,75,1461030413
2664,90103813,12217293,102321106,18,0,0,66560,18,2957047324
2665,90105024,12107464,102212488,41,0,0,3584,41,9263579490
2666,90107627,33999574,124107201,92,0,1,9216,92,816864639
2667,90112888,8995142,99108030,82,0,0,10240,82,9075052152
2668,90114565,9127658,99242223,4,0,0,8704,4,882525474
2669,90130136,9138467,99268603,2,0,0,7680,2,3695155536
2670,90130436,10375518,100505954,44,0,0,52736,44,9381706806
2671,90131101,12336651,102467752,21,0,0,82944,21,5577168645
2672,90133744,10092159,100225903,55,0,0,15872,55,10477826755
2673,90137039,9829696,99966735,87,0,0,13824,87,7354241455
2674,90148730,33958494,124107224,43,0,1,3584,43,8429619673
2675,90149827,9598111,99747938,28,0,0,31744,28,7404574503
2676,90156637,10483392,100640029,26,0,0,35840,26,8479464713
2677,90169070,9621671,99790741,68,0,0,29184,68,10682624245
2678,90172112,9796697,99968809,3,0,0,4096,3,4787998013
2679,90179186,9394650,99573836,13,0,0,512,13,9378657891
2680,90181048,10401916,100582964,28,0,0,27648,28,8934557099
2681,90181524,12537424,102718948,61,0,0,113664,61,5290579708
2682,90189121,9237104,99426225,79,0,0,5632,79,7204457754
2683,90190047,10109156,100299203,70,0,0,14336,70,1186352938
2684,90195178,9315232,99510410,33,0,0,10240,33,8625516136
2685,90195659,10256019,100451678,17,0,0,11264,17,8035770832
2686,90196630,9762251,99958881,33,0,0,77824,33,3306473638
2687,90200447,33906800,124107247,16,0,1,15360,16,10261906642
2688,90205312,11369530,101574842,37,0,0,29184,37,5951991446
2689,90208744,9753748,99962492,26,0,0,11776,26,1175084952
2690,90212909,33896591,124109500,70,0,1,17408,70,3427210405
2691,90213978,9909950,100123928,29,0,0,59904,29,371848178
2692,90214297,9598159,99812456,60,0,0,71168,60,10381430933
2693,90219574,10364817,100584391,93,0,0,4608,93,3023170975
2694,90221340,9926244,100147584,92,0,0,5632,92,381958982
2695,90221475,9342471,99563946,51,0,0,2560,51,9151289483
2696,90223228,33908165,124131393,53,0,1,5120,53,10512382880
2697,90226130,9198114,99424244,91,0,0,2048,91,1335899100
2698,90233765,9793586,100027351,7,0,0,25600,7,2025289059
2699,90235146,33896270,124131416,56,0,1,5120,56,269864325
2700,90257518,33873921,124131439,0,0,1,512,0,6501746227
2701,90259275,9493397,99752672,98,0,0,512,98,5618496077
2702,90259717,33872987,124132704,71,0,1,7680,71,9449375437
2703,90264427,9144590,99409017,92,0,0,9216,92,9112349430
2704,90267998,9125997,99393995,83,0,0,5632,83,10211507177
2705,90282196,34174005,124456201,50,0,1,138240,50,3251566410
2706,90283522,34234273,124517795,77,0,1,2560,77,6288523824
2707,90284231,11659226,101943457,87,0,0,19968,87,3868565941
2708,90286864,10450054,100736918,93,0,0,81408,93,1741979650
2709,90287449,10341637,100629086,6,0,0,61952,6,5722488791
2710,90297574,9551567,99849141,14,0,0,14336,14,3141583900
2711,90300136,11495016,101795152,89,0,0,12288,89,190993613
2712,90302103,9450382,99752485,3,0,0,14848,3,6836382214
2713,90308250,9791375,100099625,54,0,0,3072,54,7172477975
2714,90310835,10070675,100381510,23,0,0,61440,23,2497316636
2715,90313593,10080169,100393762,30,0,0,20992,30,387711783
2716,90314213,12523997,102838210,91,0,0,55296,91,10696662540
2717,90322088,34195730,124517818,92,0,1,512,92,7876310035
2718,90324844,9565149,99889993,8,0,0,22016,8,10003717345
2719,90333751,10320216,100653967,79,0,0,25088,79,7086769487
2720,90333922,10721946,101055868,74,0,0,1536,74,9337791805
2721,90346056,34171785,124517841,0,0,1,12288,0,9238870772
2722,90353146,34220457,124573603,92,0,1,6144,92,3402303759
2723,90353604,10390848,100744452,22,0,0,14848,22,8200511906
2724,90354807,34359259,124714066,35,0,1,36864,35,83718719
2725,90371991,10334438,100706429,90,0,0,8704,90,5926475075
2726,90380575,10475302,100855877,93,0,0,28160,93,8949251650
2727,90394775,10631985,101026760,81,0,0,31744,81,8059684636
2728,90395008,34760945,125155953,52,0,1,196608,52,4041479284
2729,90396675,9749170,100145845,37,0,0,40960,37,2890348468
2730,90397956,10205931,100603887,0,0,0,512,0,8270895390
2731,90400599,9877912,100278511,71,0,0,15872,71,1323809879
2732,90400812,10345387,100746199,5,0,0,5632,5,6816342045
2733,90407774,9836001,100243775,90,0,0,34304,90,10635028628
2734,90423073,9578797,100001870,47,0,0,16896,47,4545448144
2735,90424824,9708518,100133342,68,0,0,1024,68,4893383037
2736,90426387,9854643,100281030,14,0,0,8192,14,4069128431
2737,90439843,10539124,100978967,71,0,0,32768,71,652895757
2738,90449637,9600840,100050477,29,0,0,13824,29,6331898077
2739,90454570,10384727,100839297,72,0,0,10752,72,2202533285
2740,90455356,10667942,101123298,68,0,0,4096,68,359205715
2741,90462700,9640848,100103548,38,0,0,12800,38,9228988124
2742,90465156,11058734,101523890,54,0,0,68096,54,4386785152
2743,90489566,9935820,100425386,33,0,0,7680,33,713431163
2744,90491176,10560099,101051275,93,0,0,80384,93,3687768329
2745,90492894,9567966,100060860,9,0,0,5632,9,1560047285
2746,90503713,34652263,125155976,13,0,1,2560,13,2360200570
2747,90513596,34654906,125168502,72,0,1,7680,72,7293952893
2748,90515405,10809246,101324651,19,0,0,27648,19,2906209335
2749,90517906,34681619,125199525,91,0,1,21504,91,4477719927
2750,90521161,34678387,125199548,96,0,1,3072,96,8926369511
2751,90522145,34677426,125199571,0,0,1,4608,0,8693850237
2752,90522393,10822513,101344906,58,0,0,7168,58,5743330649
2753,90523746,9443792,99967538,0,0,0,2560,0,402440055
2754,90543257,9899528,100442785,54,0,0,7168,54,3611187500
2755,90545322,34654272,125199594,8,0,1,512,8,640821648
2756,90547332,10055365,100602697,77,0,0,12800,77,556934236
2757,90561938,9543707,100105645,84,0,0,4096,84,9944803310
2758,90563439,11714520,102277959,61,0,0,44544,61,9198579902
2759,90566171,11925674,102491845,21,0,0,64512,21,72680576
2760,90568571,10719952,101288523,18,0,0,12800,18,3127421324
2761,90574989,9780621,100355610,58,0,0,15872,58,528354807
2762,90579490,9715322,100294812,22,0,0,11264,22,9386533876
2763,90583433,9520606,100104039,96,0,0,1536,96,5504013499
2764,90592045,10529982,101122027,54,0,0,82432,54,5329825756
2765,90597380,34615224,125212604,67,0,1,2048,67,1002138112
2766,90605849,11974921,102580770,26,0,0,34304,26,2731689421
2767,90608003,34604624,125212627,77,0,1,2048,77,712977001
2768,90608862,34603788,125212650,72,0,1,2560,72,8647305769
2769,90610008,12167891,102777899,51,0,0,26624,51,7698445223
2770,90613858,12040450,102654308,68,0,0,5632,68,4973251262
2771,90614787,10712235,101327022,54,0,0,7680,54,3092190773
2772,90620186,10903883,101524069,51,0,0,512,51,1510897035
2773,90620910,10536425,101157335,19,0,0,1536,19,6750064668
2774,90621102,10910806,101531908,32,0,0,25600,32,561832735
2775,90622432,12424087,103046519,40,0,0,34816,40,2567122464
2776,90626169,10390896,101017065,93,0,0,9728,93,1298984380
2777,90658780,9867385,100526165,76,0,0,7680,76,5984944282
2778,90667418,34545255,125212673,30,0,1,1024,30,8892437619
2779,90679375,10251541,100930916,13,0,0,40960,13,3808995509
2780,90681584,34532227,125213811,69,0,1,2560,69,3488173173
2781,90686023,10139377,100825400,4,0,0,55808,4,9023499301
2782,90705176,34508658,125213834,59,0,1,7168,59,1072000161
2783,90705465,10538078,101243543,96,0,0,59392,96,934314522
2784,90707148,10635543,101342691,98,0,0,8704,98,8899929676
2785,90707201,10478325,101185526,95,0,0,6144,95,3672496836
2786,90716936,10687419,101404355,37,0,0,3584,37,1205765420
2787,90716977,10414144,101131121,57,0,0,25600,57,5338982348
2788,90726977,9502982,100229959,82,0,0,1536,82,6779816631
2789,90732070,10818978,101551048,93,0,0,45056,93,5804134641
2790,90735608,12394035,103129643,14,0,0,31232,14,5883392804
2791,90736498,10277580,101014078,98,0,0,30208,98,10303782209
2792,90748281,10407020,101155301,0,0,0,5632,0,8849399580
2793,90753113,9833329,100586442,87,0,0,6656,87,7688823036
2794,90757561,34456296,125213857,44,0,1,1024,44,3305010824
2795,90758813,10552064,101310877,89,0,0,3072,89,10364280358
2796,90765427,10857004,101622431,83,0,0,60928,83,7065995735
2797,90767662,10290436,101058098,29,0,0,4608,29,121530491
2798,90780391,34558976,125339367,72,0,1,31232,72,8402379960
2799,90783003,10173886,100956889,7,0,0,512,7,4549099281
2800,90786005,10483573,101269578,15,0,0,58368,15,9345907399
2801,90805264,34540568,125345832,62,0,1,30720,62,1659341304
2802,90813126,9833174,100646300,85,0,0,20480,85,59834210
2803,90815414,34633534,125448948,49,0,1,1024,49,2674587330
2804,90815769,34666441,125482210,57,0,1,11264,57,5600998177
2805,90829661,34674068,125503729,92,0,1,3584,92,3311797223
2806,90834657,9995446,100830103,87,0,0,15360,87,9057830364
2807,90839706,10153190,100992896,82,0,0,5120,82,8944249788
2808,90840129,10654497,101494626,31,0,0,83968,31,2547075778
2809,90840515,9642080,100482595,72,0,0,4096,72,6330793744
2810,90845981,10489488,101335469,30,0,0,27648,30,1304133055
2811,90848165,34655587,125503752,56,0,1,5632,56,5235423538
2812,90852211,34651564,125503775,9,0,1,3584,9,8971913569
2813,90856510,10804028,101660538,46,0,0,21504,46,9274739070
2814,90863617,11176423,102040040,99,0,0,17920,99,7882985459
2815,90866008,9846083,100712091,78,0,0,3072,78,2895330462
2816,90871362,10184015,101055377,10,0,0,9216,10,9864844207
2817,90873859,10301035,101174894,89,0,0,31744,89,560361438
2818,90874450,34791715,125666165,6,0,1,67584,6,9168182933
2819,90877441,11000495,101877936,80,0,0,10752,80,7660115075
2820,90880786,11318461,102199247,46,0,0,47616,46,669496559
2821,90883283,10744787,101628070,96,0,0,18432,96,402517378
2822,90887934,9994909,100882843,70,0,0,11776,70,4952070344
2823,90889349,10902036,101791385,6,0,0,84992,6,8360655607
2824,90904048,34762140,125666188,54,0,1,512,54,9088078426
2825,90919591,10549428,101469019,34,0,0,1536,34,1610505677
2826,90923410,10816520,101739930,17,0,0,2560,17,6661948548
2827,90930308,10026402,100956710,21,0,0,14848,21,4850243504
2828,90939346,34726865,125666211,97,0,1,1536,97,2461549642
2829,90943696,12072857,103016553,29,0,0,29184,29,276416661
2830,90948351,10588938,101537289,67,0,0,5120,67,7614558544
2831,90952531,10748706,101701237,71,0,0,24576,71,7645610197
2832,90961639,10090907,101052546,44,0,0,4096,44,8244470180
2833,90969538,11016341,101985879,70,0,0,26624,70,9161958842
2834,90971971,10311826,101283797,14,0,0,46592,14,3148585261
2835,90973822,9929317,100903139,46,0,0,10752,46,9477236796
2836,90974002,34692232,125666234,11,0,1,2560,11,7292753101
2837,90978573,10174989,101153562,33,0,0,30720,33,4084606068
2838,90993104,11114387,102107491,26,0,0,14848,26,304869782
2839,90998989,11035568,102034557,92,0,0,33280,92,9441489291
2840,90999957,11078293,102078250,29,0,0,18432,29,3310217915
2841,91000839,34665837,125666676,45,0,1,10240,45,6225962302
2842,91009259,10300659,101309918,27,0,0,70144,27,9270488965
2843,91011909,12038689,103050598,72,0,0,13312,72,1871991976
2844,91017502,10662270,101679772,4,0,0,36864,4,9971289156
2845,91018040,12098453,103116493,72,0,0,3072,72,7867413458
2846,91024124,10985240,102009364,17,0,0,31744,17,6180999676
2847,91026091,12354817,103380908,5,0,0,37888,5,9241043293
2848,91032051,11219545,102251596,22,0,0,9216,22,1008286093
2849,91034667,10190757,101225424,73,0,0,18432,73,6578429297
2850,91038746,10596400,101635146,53,0,0,9728,53,547665335
2851,91045729,34662355,125708084,94,0,1,14848,94,2180103248
2852,91046277,12220545,103266822,66,0,0,29696,66,3774034345
2853,91052017,10111561,101163578,10,0,0,9728,10,5842054342
2854,91052693,10231907,101284600,86,0,0,2560,86,3503938868
2855,91066627,34663888,125730515,93,0,1,6656,93,7991780909
2856,91069121,34876380,125945501,52,0,1,90624,52,10437315397
2857,91070046,10108380,101178426,38,0,0,9216,38,10070184869
2858,91070648,10269368,101340016,57,0,0,14848,57,2155172721
2859,91071128,12285479,103356607,22,0,0,49152,22,7398721417
2860,91087352,12336509,103423861,32,0,0,36864,32,7466867607
2861,91089769,12469075,103558844,32,0,0,61952,32,2769583512
2862,91093603,12392387,103485990,57,0,0,9216,57,7246403673
2863,91097034,11062639,102159673,71,0,0,40448,71,4112901068
2864,91105999,10141779,101247778,25,0,0,13824,25,7908374955
2865,91106818,10481857,101588675,66,0,0,35840,66,10172844879
2866,91108176,35061620,126169796,96,0,1,62464,96,2674518401
2867,91108978,10636976,101745954,91,0,0,9216,91,958826778
2868,91111747,10291493,101403240,20,0,0,25088,20,3902453887
2869,91115907,35053912,126169819,77,0,1,1536,77,8688302506
2870,91120215,10847312,101967527,19,0,0,6656,19,10428680751
2871,91120570,10844906,101965476,11,0,0,72192,11,1843457992
2872,91131822,10214823,101346645,81,0,0,5632,81,3452638386
2873,91135054,10581907,101716961,53,0,0,2048,53,2739323726
2874,91136158,35033684,126169842,56,0,1,3072,56,6038711228
2875,91144398,35025467,126169865,92,0,1,512,92,9660206264
2876,91150008,10441498,101591506,41,0,0,9216,41,224578588
2877,91154240,10550951,101705191,93,0,0,11264,93,5901367406
2878,91160315,10911618,102071933,15,0,0,73728,15,3759702196
2879,91162020,10202308,101364328,90,0,0,5120,90,9494399735
2880,91184588,11741050,102925638,77,0,0,10752,77,3380240864
2881,91194577,34975311,126169888,72,0,1,3072,72,152826092
2882,91204081,10497647,101701728,75,0,0,1536,75,3374949524
2883,91221548,34969620,126191168,69,0,1,6144,69,3846212666
2884,91223305,10612786,101836091,75,0,0,17408,75,8429441579
2885,91242844,10924831,102167675,83,0,0,26112,83,2198671356
2886,91247186,10441969,101689155,13,0,0,30720,13,10551900413
2887,91253590,10795856,102049446,61,0,0,30720,61,5245121025
2888,91257312,11032728,102290040,54,0,0,7168,54,3840261836
2889,91260017,10408500,101668517,66,0,0,26112,66,2586634419
2890,91261074,35036744,126297818,45,0,1,23040,45,6247962226
2891,91265160,10565604,101830764,97,0,0,72704,97,2026548336
2892,91266020,10751323,102017343,19,0,0,26112,19,1101161924
2893,91274501,35025399,126299900,11,0,1,3072,11,5033010902
2894,91276717,10570055,101846772,88,0,0,14336,88,9613748342
2895,91286431,10608670,101895101,27,0,0,45056,27,6412246261
2896,91297115,10259641,101556756,41,0,0,1536,41,6007815527
2897,91306217,11095281,102401498,20,0,0,49664,20,3354894656
2898,91307391,10419925,101727316,77,0,0,13312,77,10671068909
2899,91312249,34996950,126309199,52,0,1,25600,52,7836388844
2900,91315955,10659738,101975693,10,0,0,22528,10,4950408665
2901,91318563,34992262,126310825,92,0,1,2560,92,3736783420
2902,91337665,34973506,126311171,49,0,1,512,49,6141248232
2903,91354651,10645018,101999669,71,0,0,17920,71,2142527239
2904,91363397,12176548,103539945,53,0,0,57344,53,5043347202
2905,91365042,10535230,101900272,92,0,0,16896,92,3959115869
2906,91370820,34948875,126319695,69,0,1,5120,69,3489019855
2907,91377427,10837774,102215201,47,0,0,3072,47,1663133163
2908,91380911,10643483,102024394,5,0,0,23040,5,6753750597
2909,91391751,10755529,102147280,37,0,0,20992,37,5487891423
2910,91395860,35716857,127112717,18,0,1,433664,18,987702420
2911,91402717,12265680,103668397,71,0,0,44032,71,8287406204
2912,91415292,10949073,102364365,51,0,0,15360,51,1632391570
2913,91430480,10799316,102229796,48,0,0,43520,48,1276959391
2914,91434566,10559620,101994186,30,0,0,27136,30,5199603785
2915,91437002,35684012,127121014,72,0,1,9216,72,3892078582
2916,91446671,10635970,102082641,86,0,0,14336,86,8663225986
2917,91449884,35671489,127121373,9,0,1,9728,9,9052261534
2918,91455390,10872908,102328298,56,0,0,12800,56,6177694162
2919,91456663,12271200,103727863,70,0,0,53248,70,10088745336
2920,91460794,10508004,101968798,91,0,0,4096,91,4689253429
2921,91470687,10700599,102171286,98,0,0,11776,98,2645750994
2922,91481840,10805993,102287833,29,0,0,16384,29,1841433625
2923,91487966,35701296,127189262,62,0,1,36864,62,6329855122
2924,91497264,10638176,102135440,15,0,0,1536,15,4975093937
2925,91501252,10747513,102248765,48,0,0,31744,48,1442560003
2926,91512567,12135481,103648048,99,0,0,20480,99,6648429679
2927,91518644,11542498,103061142,4,0,0,11776,4,5579761400
2928,91528708,10807902,102336610,91,0,0,2048,91,5900170185
2929,91529296,35661870,127191166,25,0,1,15360,25,9573456307
2930,91542304,10740514,102282818,15,0,0,15872,15,5172293060
2931,91542784,10886797,102429581,48,0,0,23040,48,1036569667
2932,91545152,10686874,102232026,87,0,0,5120,87,8487169960
2933,91550702,11790575,103341277,99,0,0,4096,99,7841496050
2934,91552239,11743216,103295455,38,0,0,1024,38,4273943266
2935,91552919,10519692,102072611,59,0,0,2048,59,1962584659
2936,91556477,10779486,102335963,75,0,0,14336,75,1772300327
2937,91557299,10702019,102259318,54,0,0,25088,54,2481960052
2938,91597917,11182217,102780134,9,0,0,4096,9,7417293776
2939,91601807,10968309,102570116,24,0,0,64512,24,8777502381
2940,91603103,35594577,127197680,45,0,1,5120,45,5910323794
2941,91605378,11826553,103431931,87,0,0,3072,87,2499465694
2942,91607101,11037799,102644900,0,0,0,30208,0,2527711450
2943,91610016,11135030,102745046,74,0,0,53760,74,8260941573
2944,91623526,12216140,103839666,59,0,0,84480,59,4854442530
2945,91626501,10727315,102353816,55,0,0,10240,55,2168959138
2946,91635667,11255229,102890896,86,0,0,45568,86,4592423222
2947,91638083,35560903,127198986,89,0,1,2048,89,1396317574
2948,91660404,35553571,127213975,87,0,1,20992,87,7242702103
2949,91669232,10678995,102348227,93,0,0,9216,93,7710899507
2950,91677505,35538096,127215601,71,0,1,2560,71,255006461
2951,91683410,11066495,102749905,45,0,0,15872,45,8413997009
2952,91689208,11165147,102854355,59,0,0,11776,59,6530762658
2953,91695158,10569198,102264356,19,0,0,5632,19,3192123981
2954,91697298,35523449,127220747,77,0,1,8192,77,3208320365
2955,91697854,10532589,102230443,52,0,0,2048,52,7304747064
2956,91700822,10977039,102677861,25,0,0,54272,25,9117657608
2957,91700941,10771225,102472166,20,0,0,8704,20,9820921417
2958,91703502,10559115,102262617,14,0,0,10752,14,3991285492
2959,91717400,11011243,102728643,30,0,0,31744,30,9829434976
2960,91722944,35498149,127221093,27,0,1,512,27,2994451026
2961,91729269,10654805,102384074,64,0,0,2560,64,6007402147
2962,91731955,10862194,102594149,41,0,0,21504,41,2642907472
2963,91734236,10764964,102499200,19,0,0,24064,19,3767420617
2964,91738043,10702571,102440614,99,0,0,8192,99,5551654304
2965,91743631,12013023,103756654,77,0,0,24064,77,10671268429
2966,91747910,35475232,127223142,9,0,1,26112,9,5122828296
2967,91751092,11236122,102987214,32,0,0,8192,32,6895862289
2968,91755614,12311264,104066878,23,0,0,44032,23,9977278617
2969,91756680,35477376,127234056,45,0,1,8704,45,8770156761
2970,91760283,35582068,127342351,58,0,1,102400,58,2933727010
2971,91762138,11524424,103286562,5,0,0,41472,5,3166183414
2972,91763466,35645640,127409106,21,0,1,43520,21,3823824812
2973,91772095,10746738,102518833,9,0,0,7680,9,6094139139
2974,91772601,35662566,127435167,17,0,1,25088,17,1085830270
2975,91779720,11409756,103189476,79,0,0,46592,79,6878139871
2976,91785493,10622782,102408275,29,0,0,22016,29,9124619529
2977,91787822,10981942,102769764,4,0,0,32256,4,7637189413
2978,91790064,10738448,102528512,61,0,0,3584,61,5627145241
2979,91793918,10675573,102469491,19,0,0,5632,19,924417281
2980,91795056,10964857,102759913,71,0,0,5120,71,138970499
2981,91798866,11652523,103451389,60,0,0,25600,60,871865102
2982,91806478,11201160,103007638,9,0,0,9728,9,1240763120
2983,91809117,10945023,102754140,8,0,0,13824,8,3433621175
2984,91820728,11757951,103578679,95,0,0,65024,95,1987516115
2985,91821852,12084345,103906197,78,0,0,9728,78,3491213903
2986,91822070,11182581,103004651,38,0,0,49664,38,6797953326
2987,91824852,11022273,102847125,72,0,0,29184,72,10720422655
2988,91855669,12357079,104212748,0,0,0,89600,0,1649052796
2989,91861441,35589895,127451336,87,0,1,1024,87,1758646723
2990,91868810,35582549,127451359,30,0,1,9728,30,7953047211
2991,91869772,10980964,102850736,34,0,0,11776,34,1715803712
2992,91876559,35574823,127451382,91,0,1,12288,91,9202567800
2993,91880154,10996835,102876989,98,0,0,19968,98,4289543705
2994,91894795,11248474,103143269,95,0,0,40448,95,6321146094
2995,91907176,11453566,103360742,19,0,0,10240,19,1096276105
2996,91907661,11014678,102922339,34,0,0,78336,34,123326879
2997,91913416,35561189,127474605,27,0,1,7680,27,4500651581
2998,91913481,35570815,127484296,31,0,1,15872,31,10411958079
2999,91926722,11138366,103065088,96,0,0,1536,96,10159535779
3000,91929008,35555634,127484642,1,0,1,512,1,4345009735
3001,91941160,11146524,103087684,42,0,0,17920,42,954862059
3002,91955968,11099364,103055332,17,0,0,11264,17,8318621524
3003,91973732,11284019,103257751,34,0,0,12288,34,4059701292
3004,91977892,35517238,127495130,21,0,1,4096,21,358752300
3005,91988632,10581663,102570295,5,0,0,512,5,3123821821
3006,91995483,11069114,103064597,68,0,0,11264,68,10414985622
3007,92000074,12050511,104050585,7,0,0,66048,7,4513500938
3008,92013515,35564203,127577718,72,0,1,4608,72,7742617060
3009,92013704,11062532,103076236,50,0,0,14336,50,991833137
3010,92019327,11564725,103584052,78,0,0,11264,78,4952951101
3011,92019680,11295650,103315330,60,0,0,12800,60,9810718742
3012,92020803,11099301,103120104,86,0,0,11776,86,5668640410
3013,92021685,11232299,103253984,3,0,0,98304,3,8694636513
3014,92029092,11038770,103067862,96,0,0,3584,96,9774717174
3015,92030422,11257099,103287521,45,0,0,3072,45,9910533694
3016,92030942,11457879,103488821,90,0,0,9216,90,4898184700
3017,92062504,12465803,104528307,20,0,0,102400,20,2605577490
3018,92064200,11728318,103792518,23,0,0,115200,23,3376445113
3019,92066285,11615746,103682031,40,0,0,32768,40,156641060
3020,92068691,10916004,102984695,42,0,0,18432,42,3892043894
3021,92074012,35599634,127673646,54,0,1,2048,54,1627888736
3022,92075700,11579258,103654958,18,0,0,11776,18,7398882032
3023,92082644,35591025,127673669,84,0,1,8192,84,2054751305
3024,92090839,11549987,103640826,86,0,0,28160,86,3304676329
3025,92095212,11521935,103617147,23,0,0,108544,23,8045652541
3026,92099113,10918875,103017988,46,0,0,4608,46,4021198269
3027,92104131,11709695,103813826,28,0,0,30208,28,3577187319
3028,92107615,11023307,103130922,90,0,0,4096,90,8136136898
3029,92110411,35567360,127677771,59,0,1,5632,59,4182255088
3030,92113393,35564401,127677794,74,0,1,3584,74,2336065727
3031,92114505,12131095,104245600,44,0,0,13824,44,6176758904
3032,92118161,10836348,102954509,58,0,0,8704,58,5087805239
3033,92118533,11501445,103619978,32,0,0,9216,32,3382492314
3034,92123756,11587593,103711349,62,0,0,16896,62,10040041596
3035,92128563,35551461,127680024,66,0,1,6144,66,8650868271
3036,92138768,11607076,103745844,13,0,0,1536,13,5221156376
3037,92145025,35550200,127695225,89,0,1,6144,89,5062695100
3038,92149724,12446128,104595852,78,0,0,13312,78,7587868593
3039,92158664,11304309,103462973,13,0,0,23552,13,10734671582
3040,92159577,11932852,104092429,26,0,0,25088,26,6319547982
3041,92167638,11464585,103632223,95,0,0,28672,95,8615039579
3042,92175351,11706697,103882048,66,0,0,31744,66,3411696764
3043,92176159,35519097,127695256,23,0,1,7168,23,634989304
3044,92183690,11488326,103672016,80,0,0,11776,80,4870051473
3045,92200535,35494752,127695287,54,0,1,5632,54,836359909
3046,92206242,11593943,103800185,14,0,0,25088,14,2729181017
3047,92209365,35485945,127695310,89,0,1,9216,89,9386084444
3048,92211274,11440073,103651347,23,0,0,10752,23,3083491635
3049,92211410,36228464,128439874,3,0,1,285696,3,6471371184
3050,92211465,11411999,103623464,86,0,0,9728,86,2900258130
3051,92229648,36210249,128439897,9,0,1,1536,9,357499757
3052,92256922,11601411,103858333,4,0,0,19456,4,4036008464
3053,92257475,11687883,103945358,9,0,0,19456,9,8942035516
3054,92265059,11861969,104127028,38,0,0,11776,38,2068595550
3055,92270456,11834195,104104651,5,0,0,18944,5,8210773817
3056,92270950,11198286,103469236,88,0,0,20480,88,2396296355
3057,92273064,11237615,103510679,10,0,0,2560,10,3398503168
3058,92279995,11520837,103800832,84,0,0,2048,84,923281425
3059,92290024,11290573,103580597,80,0,0,5120,80,8104712819
3060,92290174,36155840,128446014,93,0,1,4608,93,9568002329
3061,92295055,11577298,103872353,14,0,0,39424,14,581223100
3062,92301760,11181383,103483143,43,0,0,45568,43,2354278031
3063,92304539,11840528,104145067,43,0,0,9216,43,8351215509
3064,92311569,11308900,103620469,21,0,0,1536,21,10427156453
3065,92317162,11261852,103579014,27,0,0,1024,27,4899638218
3066,92321042,11981111,104302153,90,0,0,9728,90,3477125250
3067,92321518,11952870,104274388,57,0,0,1024,57,8495893863
3068,92322326,12479322,104801648,30,0,0,72704,30,10703741282
3069,92334167,12335089,104669256,17,0,0,2560,17,8897547448
3070,92339407,11934646,104274053,57,0,0,60416,57,2559477519
3071,92343422,36109417,128452839,10,0,1,512,10,3876449248
3072,92343484,11298301,103641785,85,0,0,3072,85,571718492
3073,92351733,11497119,103848852,9,0,0,1536,9,1901137451
3074,92367818,11381481,103749299,33,0,0,11264,33,6766911682
3075,92374512,11866853,104241365,5,0,0,22016,5,4775860736
3076,92379482,11870977,104250459,98,0,0,15872,98,3576490138
3077,92379496,11673920,104053416,99,0,0,9216,99,5569925244
3078,92382706,11647732,104030438,47,0,0,16384,47,3184221509
3079,92391872,11633243,104025115,17,0,0,51712,17,2126250298
3080,92403426,11440639,103844065,72,0,0,14336,72,4917456609
3081,92415352,11708065,104123417,59,0,0,51200,59,10310329568
3082,92432154,36020708,128452862,92,0,1,6144,92,2466231028
3083,92435844,36017041,128452885,91,0,1,11776,91,10710389760
3084,92446501,11638253,104084754,44,0,0,30208,44,2409338777
3085,92454120,36060135,128514255,96,0,1,1536,96,7387548819
3086,92455721,11778913,104234634,42,0,0,70144,42,2364260646
3087,92459946,11429019,103888965,2,0,0,3584,2,6411862631
3088,92473155,11956657,104429812,50,0,0,5632,50,6015135356
3089,92476385,11328214,103804599,9,0,0,12288,9,2100449441
3090,92488612,11610244,104098856,25,0,0,20992,25,7462760878
3091,92494605,11503421,103998026,5,0,0,1024,5,8502514651
3092,92499534,11713705,104213239,41,0,0,1536,41,8392953854
3093,92501022,36023608,128524630,0,0,1,4608,0,5011984592
3094,92505088,11679316,104184404,59,0,0,26624,59,8963042086
3095,92507759,12077225,104584984,18,0,0,12288,18,1165653889
3096,92511655,12095584,104607239,41,0,0,9216,41,3671316863
3097,92519287,11327297,103846584,12,0,0,8192,12,4827778001
3098,92520565,11957144,104477709,43,0,0,44544,43,9539884122
3099,92520879,36061339,128582218,87,0,1,52736,87,4645630237
3100,92522071,12124354,104646425,31,0,0,5632,31,3433968005
3101,92527049,11406538,103933587,32,0,0,12800,32,6503155272
3102,92527130,11580664,104107794,41,0,0,10240,41,5223931830
3103,92528712,36058879,128587591,92,0,1,1536,92,4834125413
3104,92543727,11531754,104075481,93,0,0,28160,93,8550410516
3105,92545676,36041938,128587614,54,0,1,4608,54,7525015010
3106,92552780,12409042,104961822,29,0,0,13312,29,6498883509
3107,92577065,11954697,104531762,64,0,0,11264,64,1380702294
3108,92577810,36009827,128587637,9,0,1,512,9,10335384552
3109,92588072,11766278,104354350,75,0,0,5632,75,10271595549
3110,92598731,12069722,104668453,2,0,0,16384,2,4847404204
3111,92608459,11872393,104480852,15,0,0,10240,15,4286384563
3112,92613497,11703054,104316551,41,0,0,5632,41,4867600927
3113,92619754,11865379,104485133,46,0,0,4096,46,3356547005
3114,92621149,11773868,104395017,91,0,0,18944,91,10569324726
3115,92621440,12435640,105057080,88,0,0,4096,88,405953733
3116,92630775,12082101,104712876,27,0,0,512,27,981990048
3117,92634980,11664186,104299166,57,0,0,24064,57,8215291648
3118,92636846,35969717,128606563,98,0,1,51200,98,6525261830
3119,92639654,11310304,103949958,38,0,0,5120,38,2422084237
3120,92640097,11674715,104314812,33,0,0,41472,33,3408376750
3121,92641183,11785986,104427169,0,0,0,65536,0,4254717058
3122,92649125,35960386,128609511,9,0,1,14848,9,6736906643
3123,92657147,12093936,104751083,26,0,0,75776,26,1996344170
3124,92664167,12160124,104824291,78,0,0,74240,78,2475096339
3125,92673716,11668900,104342616,33,0,0,12800,33,6792915188
3126,92683922,11590957,104274879,34,0,0,1536,34,4639492120
3127,92697450,11859978,104557428,95,0,0,55296,95,8613105315
3128,92702865,11878344,104581209,51,0,0,4608,51,2620291011
3129,92717477,35893660,128611137,9,0,1,2560,9,7369408033
3130,92723928,12130745,104854673,54,0,0,16384,54,3280465027
3131,92725549,11846566,104572115,48,0,0,48128,48,9074253116
3132,92738242,11600145,104338387,20,0,0,7168,20,6198976427
3133,92769469,11561263,104330732,17,0,0,512,17,3674022436
3134,92774454,35911937,128686391,45,0,1,2560,45,7073498850
3135,92809277,11948404,104757681,29,0,0,1536,29,10609313803
3136,92816920,12015194,104832114,95,0,0,25600,95,3937822639
3137,92829338,35977038,128806376,56,0,1,3072,56,8139171186
3138,92829717,11787165,104616882,96,0,0,16896,96,1394409831
3139,92835324,11517264,104352588,38,0,0,10240,38,472932338
3140,92839988,11624126,104464114,13,0,0,53760,13,3762243362
3141,92844060,12111936,104955996,8,0,0,45056,8,6517169519
3142,92850665,35958297,128808962,49,0,1,4096,49,849356304
3143,92855090,11915562,104770652,55,0,0,42496,55,826686975
3144,92861670,35947638,128809308,92,0,1,512,92,5540274900
3145,92864419,12115180,104979599,17,0,0,52224,17,2251211829
3146,92866911,11616951,104483862,78,0,0,9728,78,8220586416
3147,92870769,11907425,104778194,96,0,0,20992,96,9683331401
3148,92871819,35955708,128827527,34,0,1,4096,34,7025230596
3149,92872058,12183697,105055755,11,0,0,53760,11,8098108868
3150,92887175,11692607,104579782,43,0,0,25088,43,10101789428
3151,92893278,12038665,104931943,44,0,0,25600,44,3828487962
3152,92895712,11939709,104835421,92,0,0,10752,92,8987275779
3153,92898228,12364365,105262593,20,0,0,26112,20,5517024947
3154,92900267,35941513,128841780,8,0,1,18944,8,5430558597
3155,92915958,12185220,105101178,52,0,0,27648,52,3086482903
3156,92917931,12350618,105268549,59,0,0,3584,59,5397397337
3157,92924523,11854950,104779473,50,0,0,4096,50,8446578775
3158,92925058,11795565,104720623,72,0,0,6656,72,7377648453
3159,92927766,11961367,104889133,29,0,0,42496,29,8844554975
3160,92949330,12298214,105247544,81,0,0,7168,81,8187386359
3161,92954747,35887056,128841803,0,0,1,4608,0,9596578860
3162,92971522,11711223,104682745,26,0,0,2560,26,3024733706
3163,92978813,35863013,128841826,32,0,1,3072,32,4958486666
3164,92986528,11914016,104900544,78,0,0,37376,78,6128961518
3165,92992636,12370115,105362751,93,0,0,20992,93,5882839726
3166,92998338,12033347,105031685,92,0,0,15360,92,7026047601
3167,93009614,11626109,104635723,82,0,0,5632,82,4704364296
3168,93015930,35858836,128874766,13,0,1,23040,13,2040506211
3169,93016307,11755460,104771767,97,0,0,3584,97,9052357442
3170,93020384,35912328,128932712,25,0,1,2560,25,5683506744
3171,93023917,35908818,128932735,69,0,1,5632,69,4297083982
3172,93041076,12450574,105491650,44,0,0,2048,44,6957512657
3173,93043654,12083269,105126923,29,0,0,9216,29,5818387585
3174,93047521,35885237,128932758,7,0,1,14336,7,10241254131
3175,93072347,35963131,129035478,94,0,1,10752,94,5232716666
3176,93076759,11926678,105003437,71,0,0,18432,71,103904868
3177,93082447,12156451,105238898,13,0,0,7168,13,374916321
3178,93091183,11572232,104663415,91,0,0,29184,91,6858515193
3179,93093168,11903504,104996672,38,0,0,8192,38,1374562574
3180,93102731,11833069,104935800,75,0,0,10240,75,4094810393
3181,93102853,11654337,104757190,42,0,0,19968,42,3447828709
3182,93109881,11884272,104994153,77,0,0,5120,77,2993384237
3183,93110801,12552894,105663695,65,0,0,68608,65,360149121
3184,93113767,35923977,129037744,97,0,1,3584,97,1456716329
3185,93117847,12158524,105276371,80,0,0,20992,80,9466186422
3186,93123869,12174260,105298129,54,0,0,22016,54,4215895405
3187,93124626,11867944,104992570,58,0,0,42496,58,5800440364
3188,93126639,11776634,104903273,21,0,0,8704,21,2890538647
3189,93132911,11972034,105104945,8,0,0,12288,8,7873935831
3190,93134203,12006208,105140411,97,0,0,3072,97,8494760318
3191,93134286,35937837,129072123,93,0,1,3584,93,9611145489
3192,93142905,12422477,105565382,86,0,0,97280,86,6991477323
3193,93144994,12221212,105366206,39,0,0,11264,39,8859342171
3194,93163011,11876341,105039352,61,0,0,25088,61,9779344792
3195,93164043,35910986,129075029,95,0,1,4608,95,4002445664
3196,93165443,11526725,104692168,0,0,0,14848,0,4324888534
3197,93176814,12241181,105417995,34,0,0,31232,34,522842810
3198,93184203,12521654,105705857,29,0,0,44544,29,4443974264
3199,93197676,35878121,129075797,30,0,1,11776,30,2040877686
3200,93198657,11860318,105058975,73,0,0,6144,73,584050271
3201,93225347,11732388,104957735,43,0,0,5632,43,4697086500
3202,93225863,12108914,105334777,41,0,0,33280,41,9408223749
3203,93232490,12232217,105464707,96,0,0,19968,96,783268492
3204,93234471,11875489,105109960,29,0,0,16384,29,8202593346
3205,93234666,11998586,105233252,99,0,0,5632,99,1506452763
3206,93236893,35930616,129167509,97,0,1,15360,97,1202854344
3207,93238393,35938208,129176601,40,0,1,7680,40,7718471220
3208,93240117,11975561,105215678,17,0,0,1536,17,237806579
3209,93241922,11850809,105092731,83,0,0,36864,83,8951785479
3210,93250558,12172499,105423057,31,0,0,1024,31,8621219777
3211,93252392,11961075,105213467,43,0,0,23552,43,1717062582
3212,93272373,35904251,129176624,34,0,1,5120,34,1334225452
3213,93273552,12357389,105630941,56,0,0,49664,56,7575603259
3214,93278217,36021194,129299411,8,0,1,3584,8,6097077759
3215,93280505,12111762,105392267,44,0,0,28672,44,2800597857
3216,93288746,12589249,105877995,13,0,0,2048,13,4801561496
3217,93292679,12584669,105877348,42,0,0,14848,42,2192847307
3218,93295022,12024591,105319613,83,0,0,3072,83,5940543620
3219,93297996,12216609,105514605,12,0,0,75264,12,9703314687
3220,93315034,36097256,129412290,90,0,1,9216,90,5518391320
3221,93320446,12438672,105759118,48,0,0,28672,48,6201740897
3222,93327557,36109770,129437327,48,0,1,1536,48,2242050029
3223,93337909,11868359,105206268,61,0,0,23552,61,5434368259
3224,93339701,36097649,129437350,96,0,1,9216,96,8200865986
3225,93349253,12536877,105886130,95,0,0,26624,95,8954935654
3226,93349577,11781150,105130727,39,0,0,1536,39,7625030528
3227,93359852,12170540,105530392,86,0,0,51712,86,8858900061
3228,93360422,11906459,105266881,2,0,0,8192,2,4485860968
3229,93381156,11623084,105004240,71,0,0,2560,71,7849575976
3230,93390964,11850434,105241398,30,0,0,6656,30,10147938328
3231,93391680,12194519,105586199,67,0,0,43520,67,5125746633
3232,93398355,36045680,129444035,83,0,1,32768,83,2652685618
3233,93404983,12002208,105407191,17,0,0,7680,17,9337880054
3234,93407546,12544454,105952000,43,0,0,27136,43,6343621678
3235,93413544,11877854,105291398,22,0,0,33280,22,9529971128
3236,93416286,12156630,105572916,2,0,0,22528,2,10691555647
3237,93426201,12109518,105535719,54,0,0,17408,54,3219273205
3238,93431471,11832237,105263708,19,0,0,3584,19,5120424994
3239,93432600,11816144,105248744,34,0,0,1024,34,10011090954
3240,93434851,12164322,105599173,59,0,0,26624,59,10387251105
3241,93447408,12195199,105642607,38,0,0,11776,38,10504714162
3242,93455458,36073560,129529018,67,0,1,1536,67,2558784080
3243,93457153,36071888,129529041,99,0,1,11776,99,4271235287
3244,93467267,12011668,105478935,15,0,0,5120,15,8884482544
3245,93472895,12255940,105728835,44,0,0,65536,44,10467861270
3246,93475989,12778237,106254226,55,0,0,57856,55,7783206957
3247,93479438,12586804,106066242,46,0,0,39936,46,4864032587
3248,93484136,12403889,105888025,7,0,0,6144,7,7243548055
3249,93496501,12240625,105737126,41,0,0,27136,41,5141689301
3250,93506445,12815302,106321747,9,0,0,29184,9,4447988547
3251,93506932,12867119,106374051,22,0,0,38912,22,1862863128
3252,93520076,36788158,130308234,35,0,1,352256,35,4210611995
3253,93520163,12093010,105613173,15,0,0,3584,15,2149548558
3254,93521776,13117940,106639716,84,0,0,13824,84,9730108757
3255,93522898,13299947,106822845,71,0,0,80384,71,10181123519
3256,93526095,11964908,105491003,83,0,0,26112,83,8635907634
3257,93529323,12704355,106233678,83,0,0,10752,83,3033948710
3258,93529649,12495228,106024877,96,0,0,1024,96,8404464850
3259,93539670,11929556,105469226,40,0,0,2560,40,3720938292
3260,93544368,12021661,105566029,97,0,0,2048,97,9132169939
3261,93571963,11871486,105443449,18,0,0,10752,18,10667505011
3262,93573956,13045134,106619090,81,0,0,4608,81,3721091641
3263,93586075,12493306,106079381,42,0,0,5632,42,875119238
3264,93593638,36714619,130308257,67,0,1,6144,67,5119804730
3265,93600263,12446400,106046663,93,0,0,23040,93,7660143854
3266,93602056,13323011,106925067,97,0,0,12288,97,464305486
3267,93611493,11868257,105479750,54,0,0,1536,54,9994193166
3268,93612982,12382453,105995435,9,0,0,117248,9,2751916812
3269,93618767,12090077,105708844,86,0,0,9728,86,2253951038
3270,93621049,12702749,106323798,7,0,0,6656,7,513091873
3271,93626424,12161520,105787944,87,0,0,512,87,1385504254
3272,93626991,36688800,130315791,46,0,1,16896,46,9848585037
3273,93629013,36702166,130331179,80,0,1,13824,80,306370426
3274,93632078,12240723,105872801,75,0,0,91136,75,8288936934
3275,93632611,11999757,105632368,77,0,0,4608,77,8706006186
3276,93640771,12164002,105804773,10,0,0,29184,10,10385264684
3277,93658953,13449031,107107984,14,0,0,14336,14,6816316462
3278,93670743,12771340,106442083,65,0,0,10752,65,4516157221
3279,93678680,36830727,130509407,57,0,1,89600,57,7796264864
3280,93684649,12392993,106077642,71,0,0,26624,71,5436330011
3281,93695619,13588459,107284078,71,0,0,21504,71,8191958331
3282,93699687,12260001,105959688,91,0,0,3584,91,9317903016
3283,93701868,36858094,130559962,74,0,1,5632,74,3097991639
3284,93702029,12122406,105824435,60,0,0,4096,60,1931721685
3285,93707186,12185542,105892728,82,0,0,15360,82,6465825515
3286,93711781,12110506,105822287,52,0,0,37376,52,6623373999
3287,93720168,12385938,106106106,14,0,0,14848,14,9856086719
3288,93729256,13399967,107129223,64,0,0,69632,64,1142951283
3289,93746089,36837507,130583596,0,0,1,1024,0,5221605097
3290,93753645,36830617,130584262,17,0,1,1024,17,6607980181
3291,93755628,12450964,106206592,33,0,0,1024,33,7574204133
3292,93759831,37017302,130777133,12,0,1,69120,12,4448872371
3293,93770386,12369686,106140072,13,0,0,33792,13,5865126934
3294,93772537,13451704,107224241,74,0,0,20480,74,7092693112
3295,93780590,12243952,106024542,78,0,0,61952,78,1836695372
3296,93785766,12481922,106267688,82,0,0,36864,82,7539775873
3297,93788262,12592840,106381102,42,0,0,23040,42,4142281919
3298,93789587,12247609,106037196,78,0,0,1536,78,7052182474
3299,93800453,12825229,106625682,77,0,0,20992,77,9996183717
3300,93805202,12148849,105954051,72,0,0,6656,72,9971634602
3301,93813004,12293281,106106285,59,0,0,512,59,4789872066
3302,93822346,12580844,106403190,22,0,0,35328,22,6448237933
3303,93826874,12177632,106004506,40,0,0,29696,40,4106861284
3304,93829541,12376716,106206257,2,0,0,33792,2,7888079138
3305,93831991,12467435,106299426,15,0,0,8704,15,462481969
3306,93832651,12363287,106195938,30,0,0,42496,30,9321888946
3307,93833643,12250287,106083930,29,0,0,12288,29,6027403627
3308,93838436,12494557,106332993,97,0,0,20480,97,2397180107
3309,93838444,12642308,106480752,49,0,0,5632,49,2946960284
3310,93840050,12552307,106392357,57,0,0,36864,57,5139735622
3311,93846271,37014671,130860942,22,0,1,11776,22,1838609201
3312,93853793,12879979,106733772,3,0,0,36864,3,5739480467
3313,93860073,12610509,106470582,56,0,0,3584,56,9539150396
3314,93868842,12162444,106031286,88,0,0,512,88,4549643182
3315,93873328,12952824,106826152,96,0,0,10752,96,2082498777
3316,93878713,13442434,107321147,58,0,0,9728,58,8824823135
3317,93880420,12726279,106606699,46,0,0,36864,46,4157300815
3318,93882379,37059010,130941389,1,0,1,5632,1,9247287476
3319,93885418,37063349,130948767,90,0,1,3584,90,383206181
3320,93889638,37059152,130948790,72,0,1,4096,72,4883088151
3321,93889989,37058824,130948813,91,0,1,7168,91,2508152043
3322,93891040,12377615,106268655,17,0,0,3072,17,8070658201
3323,93892060,12515270,106407330,68,0,0,12800,68,6612108912
3324,93893976,12447018,106340994,83,0,0,16896,83,4327497612
3325,93894245,13022924,106917169,58,0,0,28672,58,9109650390
3326,93895969,37085790,130981759,99,0,1,8704,99,1502308151
3327,93897971,37151596,131049567,96,0,1,4608,96,8023002388
3328,93898156,12358277,106256433,91,0,0,7168,91,10161821193
3329,93911527,12591473,106503000,38,0,0,33280,38,3072598087
3330,93919660,12660662,106580322,59,0,0,73728,59,3406680731
3331,93928174,12858699,106786873,59,0,0,119296,59,4872682439
3332,93936169,12426003,106362172,46,0,0,49664,46,5815393958
3333,93937651,12476410,106414061,68,0,0,22016,68,1563930643
3334,93942993,12524863,106467856,53,0,0,20480,53,6125822927
3335,93951544,12590301,106541845,15,0,0,19456,15,8280039468
3336,93953621,12639601,106593222,47,0,0,10240,47,3045427136
3337,93957504,12875558,106833062,37,0,0,4096,37,2290876150
3338,93963364,12594471,106557835,32,0,0,15360,32,3710433638
3339,93967332,13109251,107076583,80,0,0,30208,80,5875972201
3340,93977140,12910646,106887786,84,0,0,2048,84,5228994715
3341,93980754,12815837,106796591,77,0,0,25088,77,4790919368
3342,93983676,13016971,107000647,70,0,0,4096,70,5024223696
3343,93990721,37058869,131049590,74,0,1,512,74,9415619133
3344,93991475,13599030,107590505,71,0,0,19456,71,679746892
3345,94003843,12675436,106679279,57,0,0,5120,57,882186513
3346,94004489,37045124,131049613,0,0,1,1536,0,7019736733
3347,94006948,12824843,106831791,65,0,0,18432,65,6539527150
3348,94007597,12604901,106612498,88,0,0,6144,88,2782417152
3349,94012994,37066549,131079543,9,0,1,4096,9,3552950714
3350,94049294,12585095,106634389,59,0,0,5632,59,4836738691
3351,94051733,37028796,131080529,91,0,1,1536,91,10635566713
3352,94055265,37030756,131086021,37,0,1,17920,37,1944541242
3353,94069949,12997407,107067356,99,0,0,16896,99,8708521556
3354,94070429,12923985,106994414,18,0,0,38400,18,2039145103
3355,94073663,13559202,107632865,22,0,0,1024,22,6093796466
3356,94073843,37155183,131229026,95,0,1,14336,95,2257609486
3357,94076205,13068797,107145002,33,0,0,51712,33,3105550126
3358,94082343,37147349,131229692,34,0,1,1024,34,8442304601
3359,94084798,12818007,106902805,34,0,0,11776,34,9324195542
3360,94087185,12711145,106798330,33,0,0,5632,33,1853803654
3361,94090066,13178076,107268142,66,0,0,9216,66,8890943475
3362,94102229,13047054,107149283,9,0,0,6656,9,7092340413
3363,94105560,12956625,107062185,33,0,0,72704,33,930456506
3364,94108456,37475970,131584426,32,0,1,135680,32,914495465
3365,94108572,12874119,106982691,71,0,0,50176,71,7213246712
3366,94110511,37482296,131592807,0,0,1,4608,0,4603021585
3367,94111376,37482470,131593846,62,0,1,12288,62,8461808448
3368,94111588,13152236,107263824,56,0,0,47104,56,7170042519
3369,94113224,13136225,107249449,28,0,0,19968,28,9612819076
3370,94118521,37478884,131597405,74,0,1,16896,74,3118411767
3371,94119347,13503705,107623052,7,0,0,94208,7,10515837022
3372,94123266,12665658,106788924,63,0,0,6656,63,9174126459
3373,94123766,13262502,107386268,26,0,0,76800,26,4663713779
3374,94125406,13295157,107420563,67,0,0,37376,67,8459891676
3375,94128035,13221218,107349253,58,0,0,36352,58,9434681252
3376,94131496,13705426,107836922,65,0,0,16896,65,348243903
3377,94137052,13598549,107735601,85,0,0,26624,85,589706142
3378,94138351,13008881,107147232,72,0,0,6144,72,2779912231
3379,94151446,13146634,107298080,71,0,0,30208,71,9046894361
3380,94152419,37474824,131627243,9,0,1,2048,9,2511772102
3381,94153379,12855819,107009198,90,0,0,7680,90,8962025144
3382,94155455,13633247,107788702,71,0,0,15360,71,2204244547
3383,94159439,13523906,107683345,12,0,0,4608,12,8586281918
3384,94174838,37508488,131683326,8,0,1,21504,8,10548393620
3385,94212998,37470351,131683349,13,0,1,6656,13,5489259781
3386,94217392,37470538,131687930,11,0,1,6656,11,10092394128
3387,94218182,13190007,107408189,59,0,0,3072,59,5732855880
3388,94219663,12776669,106996332,3,0,0,6144,3,602842363
3389,94221103,37916727,132137830,70,0,1,114176,70,2462441151
3390,94223012,38330984,132553996,87,0,1,166400,87,7661737001
3391,94226256,12873153,107099409,79,0,0,24064,79,5678395134
3392,94228318,13264921,107493239,24,0,0,18944,24,8450974274
3393,94231388,12845998,107077386,53,0,0,2560,53,646041756
3394,94235640,13218554,107454194,59,0,0,11264,59,6972550545
3395,94251684,13578659,107830343,78,0,0,59392,78,2063932214
3396,94254342,12929398,107183740,52,0,0,20992,52,10709252171
3397,94256777,12918958,107175735,50,0,0,46592,50,8817561649
3398,94259573,13367714,107627287,47,0,0,13824,47,9191215697
3399,94259736,13263734,107523470,87,0,0,77312,87,6333083157
3400,94260997,38323647,132584644,67,0,1,2560,67,10664323356
3401,94267718,12877619,107145337,89,0,0,1024,89,5596150793
3402,94276129,13860244,108136373,54,0,0,82432,54,10244420179
3403,94276786,13029585,107306371,55,0,0,27136,55,6395572859
3404,94277212,12933837,107211049,18,0,0,19968,18,10254619263
3405,94288688,13743337,108032025,20,0,0,46592,20,217592160
3406,94293512,13388406,107681918,20,0,0,15360,20,912779148
3407,94300466,13226326,107526792,11,0,0,7680,11,8767969484
3408,94311137,38273530,132584667,91,0,1,5632,91,5274019597
3409,94312587,13089938,107402525,30,0,0,16896,30,6643512111
3410,94315454,13489578,107805032,9,0,0,25088,9,8014340961
3411,94316731,38283866,132600597,77,0,1,1536,77,2322103767
3412,94320395,38280225,132600620,17,0,1,11264,17,949688585
3413,94324703,13578844,107903547,66,0,0,512,66,5332352474
3414,94336814,13059243,107396057,78,0,0,10752,78,5196271359
3415,94337374,13108674,107446048,12,0,0,17920,12,6827302830
3416,94337970,13399671,107737641,91,0,0,3072,91,8129615055
3417,94346051,13013762,107359813,82,0,0,2560,82,6741394356
3418,94347725,13123051,107470776,17,0,0,54272,17,8404447966
3419,94348989,38255332,132604321,99,0,1,14336,99,9525405287
3420,94350267,13527398,107877665,21,0,0,38400,21,5040004417
3421,94359194,13706440,108065634,39,0,0,70144,39,9382988812
3422,94360945,13111297,107472242,97,0,0,4608,97,5105876655
3423,94361870,13888257,108250127,93,0,0,61440,93,2917688877
3424,94374372,13787163,108161535,22,0,0,64000,22,4050243957
3425,94377197,13147232,107524429,40,0,0,3072,40,4162309557
3426,94377808,13635451,108013259,3,0,0,89088,3,8773970678
3427,94382854,13634952,108017806,56,0,0,14848,56,6317216253
3428,94392986,13538043,107931029,54,0,0,52224,54,105653312
3429,94395359,13823140,108218499,17,0,0,44544,17,886088520
3430,94403247,13880160,108283407,33,0,0,96256,33,9725357130
3431,94403953,13955512,108359465,84,0,0,15872,84,9198995521
3432,94416318,13441382,107857700,67,0,0,4096,67,9704042461
3433,94417921,13745509,108163430,23,0,0,6144,23,6723440503
3434,94418111,13209511,107627622,28,0,0,1024,28,2253188127
3435,94421446,13522243,107943689,92,0,0,16896,92,10459173681
3436,94421949,13515950,107937899,79,0,0,3072,79,301712031
3437,94423161,13121501,107544662,53,0,0,1536,53,3444853484
3438,94427967,38177532,132605499,95,0,1,13824,95,4664099100
3439,94428648,13294193,107722841,29,0,0,22016,29,1202552850
3440,94431013,13407960,107838973,6,0,0,6656,6,1748973388
3441,94431852,14204948,108636800,77,0,0,9216,77,6790781587
3442,94433165,38245890,132679055,90,0,1,4096,90,8946853867
3443,94439077,38240324,132679401,11,0,1,512,11,6840728825
3444,94439925,13236911,107676836,82,0,0,20480,82,3435159809
3445,94442402,13699610,108142012,14,0,0,18432,14,8146663330
3446,94443438,14196840,108640278,3,0,0,6656,3,2593305451
3447,94453114,14179116,108632230,4,0,0,40448,4,10586451064
3448,94458588,13488712,107947300,93,0,0,11776,93,7411669954
3449,94460641,13715783,108176424,37,0,0,16384,37,6024363493
3450,94468548,13953814,108422362,9,0,0,37376,9,363952449
3451,94468592,13830438,108299030,95,0,0,51200,95,3534358266
3452,94487737,13976167,108463904,65,0,0,32256,65,1442354330
3453,94491193,13412175,107903368,19,0,0,9216,19,5509069562
3454,94491646,13289225,107780871,59,0,0,9216,59,5323896992
3455,94493259,13960794,108454053,47,0,0,103936,47,1086709484
3456,94495564,14371752,108867316,4,0,0,49664,4,7222882859
3457,94496241,38187026,132683267,26,0,1,6144,26,704347022
3458,94498776,38229493,132728269,13,0,1,17408,13,3010219914
3459,94499193,38271067,132770260,62,0,1,1024,62,491727370
3460,94508910,38265536,132774446,91,0,1,6656,91,2114719749
3461,94514321,38263351,132777672,84,0,1,5120,84,6243074384
3462,94518049,14015266,108533315,33,0,0,35840,33,10649525546
3463,94519017,13525222,108044239,29,0,0,28160,29,1320257025
3464,94523087,14128336,108651423,54,0,0,13312,54,3804610864
3465,94529944,13701237,108231181,85,0,0,17920,85,9669328665
3466,94537439,38314175,132851614,45,0,1,9728,45,7501750691
3467,94538418,13528019,108066437,73,0,0,2560,73,3910116584
3468,94549317,13622092,108171409,90,0,0,26112,90,8115430648
3469,94550082,14229834,108779916,32,0,0,38912,32,10214684526
3470,94558338,13741183,108299521,86,0,0,1536,86,9623019277
3471,94559116,13476520,108035636,69,0,0,11776,69,322225843
3472,94564840,14365827,108930667,78,0,0,4608,78,6503231127
3473,94582071,38270209,132852280,17,0,1,1024,17,8894511113
3474,94585161,13640537,108225698,7,0,0,23552,7,1875891430
3475,94590198,14065202,108655400,3,0,0,2560,3,10206351169
3476,94592953,38260313,132853266,88,0,1,1536,88,10457013606
3477,94600144,38255388,132855532,25,0,1,3584,25,7770799920
3478,94609493,38294889,132904382,94,0,1,20480,94,6540405039
3479,94618780,13682168,108300948,26,0,0,4608,26,4368858440
3480,94657218,13711457,108368675,24,0,0,9728,24,3772066209
3481,94663448,13536099,108199547,96,0,0,38912,96,2139017894
3482,94678083,13968302,108646385,30,0,0,19968,30,3539775883
3483,94680962,14337267,109018229,12,0,0,12288,12,10668501366
3484,94702407,13917476,108619883,46,0,0,153600,46,7281598405
3485,94710174,14193355,108903529,10,0,0,22528,10,3401486458
3486,94713697,13697254,108410951,7,0,0,26624,7,6942688450
3487,94714665,13939589,108654254,39,0,0,9216,39,10173597269
3488,94730471,14340122,109070593,40,0,0,38400,40,5222291864
3489,94733630,13603701,108337331,32,0,0,7680,32,1688339370
3490,94734859,14313935,109048794,15,0,0,52224,15,8288245244
3491,94736064,14240354,108976418,83,0,0,44032,83,4336318765
3492,94755774,13985093,108740867,29,0,0,29184,29,4056230462
3493,94756258,13916504,108672762,2,0,0,34816,2,7087113147
3494,94764042,13912579,108676621,85,0,0,12288,85,6571390513
3495,94764048,13738067,108502115,38,0,0,8192,38,7638158632
3496,94764351,14435331,109199682,13,0,0,7680,13,9830011446
3497,94773255,38343161,133116416,55,0,1,8192,55,1336366889
3498,94784320,13753230,108537550,11,0,0,13824,11,6468112773
3499,94787284,38557534,133344818,3,0,1,64000,3,2050474320
3500,94800733,14324418,109125151,73,0,0,60928,73,5098669687
3501,94821638,13840493,108662131,92,0,0,22016,92,8753240513
3502,94822442,38522399,133344841,45,0,1,1536,45,451658302
3503,94832467,13958308,108790775,65,0,0,26624,65,716002625
3504,94844837,13789132,108633969,13,0,0,5632,13,3877086288
3505,94858670,13993491,108852161,19,0,0,40448,19,3478888010
3506,94859931,13778296,108638227,18,0,0,4608,18,8694981663
3507,94865038,13789559,108654597,83,0,0,1024,83,5504503556
3508,94867184,13840744,108707928,22,0,0,33280,22,4697214138
3509,94874986,13958216,108833202,78,0,0,45056,78,9740977828
3510,94887671,14346866,109234537,2,0,0,25600,2,7717829239
3511,94889640,13979571,108869211,23,0,0,6144,23,7409733533
3512,94900112,14158758,109058870,90,0,0,32768,90,3494860236
3513,94911850,13735494,108647344,90,0,0,3072,90,1918398883
3514,94914079,13781836,108695915,93,0,0,16896,93,3220011012
3515,94915450,13958705,108874155,47,0,0,4096,47,8597630484
3516,94917207,14494780,109411987,34,0,0,27136,34,3375783038
3517,94924739,14089723,109014462,2,0,0,100864,2,6298651659
3518,94935792,14000132,108935924,21,0,0,16384,21,4706180523
3519,94942418,14216207,109158625,57,0,0,40448,57,10613146521
3520,94943447,14127949,109071396,81,0,0,2560,81,4190304698
3521,94945596,38399268,133344864,72,0,1,1024,72,3118495688
3522,94946946,14212950,109159896,81,0,0,4096,81,7150338038
3523,94959471,14147038,109106509,66,0,0,30720,66,2930159282
3524,94984229,14296612,109280841,32,0,0,14336,32,1943326966
3525,94985681,14259198,109244879,48,0,0,22528,48,6076588428
3526,94985860,14504018,109489878,75,0,0,19968,75,1830478693
3527,94986768,13818204,108804972,70,0,0,10240,70,9837269608
3528,95000181,13794791,108794972,83,0,0,4608,83,7272586036
3529,95001254,14586005,109587259,4,0,0,15360,4,8081808244
3530,95005969,14326477,109332446,69,0,0,61952,69,6847394220
3531,95006936,13881603,108888539,64,0,0,27648,64,798512151
3532,95009597,38335290,133344887,1,0,1,2048,1,9660808637
3533,95017593,38328972,133346565,49,0,1,3584,49,10458582509
3534,95019371,13928458,108947829,46,0,0,17920,46,4602200059
3535,95027992,13933396,108961388,61,0,0,9216,61,8227940515
3536,95028039,14279877,109307916,30,0,0,15360,30,10447043379
3537,95029450,14054004,109083454,96,0,0,28160,96,2881119236
3538,95030599,14363664,109394263,93,0,0,54272,93,7979279214
3539,95030830,38355075,133385905,35,0,1,16384,35,9639207511
3540,95033474,14596643,109630117,9,0,0,8704,9,7881776762
3541,95036253,13943776,108980029,72,0,0,6656,72,9082656876
3542,95037148,14565903,109603051,79,0,0,50688,79,1133863702
3543,95038122,13851833,108889955,82,0,0,2048,82,843243329
3544,95047904,15015563,110063467,23,0,0,13824,23,3278231429
3545,95050374,38362064,133412438,77,0,1,3072,77,7523617808
3546,95053401,14430035,109483436,98,0,0,22016,98,1125845915
3547,95063360,14011491,109074851,90,0,0,11264,90,9178169823
3548,95065074,14154007,109219081,39,0,0,12288,39,8745370962
3549,95066112,14633608,109699720,56,0,0,12800,56,1274520761
3550,95072584,14165408,109237992,62,0,0,11264,62,1293002524
3551,95072660,14733758,109806418,23,0,0,124928,23,6646358966
3552,95074391,14487416,109561807,57,0,0,32256,57,5007321766
3553,95082096,13880875,108962971,61,0,0,5120,61,2507459853
3554,95082154,14360108,109442262,50,0,0,36352,50,1477885556
3555,95082568,38333416,133415984,69,0,1,5632,69,3509978704
3556,95084698,38395498,133480196,24,0,1,45568,24,8500977316
3557,95102426,14296540,109398966,83,0,0,15360,83,5161225492
3558,95108001,14343767,109451768,9,0,0,4096,9,6388977188
3559,95114675,14384118,109498793,54,0,0,29184,54,4907994547
3560,95117558,13969671,109087229,51,0,0,12288,51,1573856284
3561,95119949,13903250,109023199,59,0,0,3584,59,140774807
3562,95127033,14481969,109609002,59,0,0,19456,59,4669537448
3563,95132052,14204317,109336369,32,0,0,12800,32,10388787154
3564,95137097,38348337,133485434,77,0,1,7680,77,539187606
3565,95138190,14680846,109819036,10,0,0,5632,10,6773548536
3566,95140569,14676728,109817297,21,0,0,16384,21,6596212321
3567,95141828,14536219,109678047,70,0,0,2560,70,4166230441
3568,95145358,14305070,109450428,79,0,0,17408,79,3290186495
3569,95153066,38597559,133750625,87,0,1,94208,87,7396687468
3570,95161465,14350639,109512104,10,0,0,10240,10,2348289708
3571,95185707,14621872,109807579,89,0,0,3584,89,6259878308
3572,95187422,14278595,109466017,80,0,0,11776,80,9508942229
3573,95200402,14230761,109431163,13,0,0,29184,13,380402115
3574,95203401,14271331,109474732,8,0,0,21504,8,3067426119
3575,95204791,14302986,109507777,81,0,0,7680,81,10421861503
3576,95217020,14450442,109667462,47,0,0,2560,47,1995812520
3577,95227723,14777103,110004826,92,0,0,512,92,9514217236
3578,95230898,15099051,110329949,17,0,0,8192,17,50565561
3579,95236988,14946195,110183183,86,0,0,14848,86,3725994439
3580,95264188,14495289,109759477,27,0,0,32768,27,1663666543
3581,95270549,14418568,109689117,73,0,0,25088,73,2762577682
3582,95274481,38478415,133752896,0,0,1,6144,0,7883839473
3583,95278452,14365388,109643840,89,0,0,16896,89,7101623967
3584,95284095,14019118,109303213,39,0,0,3584,39,9412276684
3585,95289702,14241427,109531129,68,0,0,17408,68,2051754345
3586,95292467,14976778,110269245,18,0,0,6656,18,321518789
3587,95299146,38454416,133753562,97,0,1,1024,97,1835036321
3588,95303001,14142100,109445101,55,0,0,9216,55,9962198145
3589,95311986,14841376,110153362,67,0,0,26112,67,2461792209
3590,95315522,14183785,109499307,7,0,0,1536,7,8369566531
3591,95335446,14148325,109483771,20,0,0,1024,20,9104463012
3592,95335504,14424152,109759656,93,0,0,512,93,31618945
3593,95346802,14794925,110141727,37,0,0,12800,37,8564396715
3594,95348759,14167268,109516027,95,0,0,12800,95,6075288879
3595,95352503,14259798,109612301,54,0,0,10752,54,3703841844
3596,95358030,38411319,133769349,92,0,1,4608,92,3172725418
3597,95381953,14945477,110327430,21,0,0,11776,21,8565375601
3598,95384425,14882769,110267194,84,0,0,22528,84,4346051824
3599,95395103,15030851,110425954,25,0,0,3584,25,1478166172
3600,95401004,14421175,109822179,54,0,0,10240,54,8395102176
3601,95402304,14493050,109895354,89,0,0,21504,89,7150809779
3602,95411607,14951581,110363188,17,0,0,24576,17,8333012970
3603,95419238,14718566,110137804,23,0,0,62464,23,1754826690
3604,95425977,38359486,133785463,0,0,1,12288,0,2109679337
3605,95431468,14245776,109677244,22,0,0,23040,22,6909387802
3606,95432002,14713381,110145383,14,0,0,11776,14,8614599603
3607,95435042,38350452,133785494,25,0,1,7680,25,10256071960
3608,95447997,15021757,110469754,39,0,0,50176,39,2390927761
3609,95451987,38395891,133847878,84,0,1,11776,84,4495181805
3610,95454974,14790508,110245482,58,0,0,1024,58,2960317644
3611,95466526,15007151,110473677,6,0,0,12800,6,3893184731
3612,95482597,14488110,109970707,23,0,0,16896,23,2750008588
3613,95483798,14612317,110096115,65,0,0,29184,65,5871360850
3614,95485066,38377998,133863064,97,0,1,33792,97,1197375984
3615,95487144,14500033,109987177,45,0,0,31744,45,7191412316
3616,95493244,14744057,110237301,39,0,0,27648,39,7084222538
3617,95494775,14137081,109631856,80,0,0,5632,80,232699493
3618,95497754,14268888,109766642,71,0,0,9216,71,7063104071
3619,95506725,14371438,109878163,22,0,0,2560,22,10059552002
3620,95513283,14298999,109812282,74,0,0,15360,74,7538557184
3621,95513843,14841335,110355178,15,0,0,14848,15,6707521037
3622,95514209,15040150,110554359,52,0,0,2048,52,9811900040
3623,95517201,14371578,109888779,64,0,0,16384,64,9711503961
3624,95523504,15221890,110745394,41,0,0,85504,41,7508177795
3625,95525890,15017155,110543045,63,0,0,4096,63,6365087690
3626,95526939,38416079,133943018,90,0,1,12288,90,4180011895
3627,95540443,14407431,109947874,65,0,0,19968,65,1071034820
3628,95558203,14943963,110502166,12,0,0,17920,12,3770717167
3629,95561173,14861124,110422297,31,0,0,55808,31,63799610
3630,95565376,15048408,110613784,80,0,0,30720,80,9166749280
3631,95565905,14280746,109846651,81,0,0,10240,81,7961386110
3632,95569982,38399586,133969568,80,0,1,12800,80,9724266468
3633,95575416,38396738,133972154,25,0,1,4096,25,631649637
3634,95576833,15191383,110768216,55,0,0,56320,55,5935981684
3635,95577340,15075459,110652799,2,0,0,44032,2,4814445021
3636,95583166,15021165,110604331,39,0,0,17920,39,6436170899
3637,95598770,14420863,110019633,70,0,0,6144,70,4772584818
3638,95600459,14719324,110319783,13,0,0,19968,13,10671044211
3639,95605868,15467992,111073860,52,0,0,6144,52,1619280077
3640,95606847,38406018,134012865,92,0,1,5120,92,4307081929
3641,95608752,38408215,134016967,15,0,1,3072,15,6133079112
3642,95612495,14926136,110538631,88,0,0,93696,88,1329158470
3643,95623353,14488513,110111866,56,0,0,29184,56,4282947306
3644,95624926,14238597,109863523,37,0,0,5120,37,262959243
3645,95629153,14297040,109926193,8,0,0,17920,8,5021919247
3646,95634968,14736043,110371011,13,0,0,25600,13,1602967557
3647,95648422,38377639,134026061,94,0,1,16896,94,2455676600
3648,95657526,14587598,110245124,84,0,0,25600,84,1946089322
3649,95661663,15166260,110827923,51,0,0,98304,51,2418311336
3650,95667576,15008890,110676466,85,0,0,28160,85,8755151592
3651,95677856,14615101,110292957,21,0,0,38912,21,3263795251
3652,95682937,14430813,110113750,54,0,0,5120,54,6441290775
3653,95683123,38342961,134026084,97,0,1,1536,97,1932550109
3654,95692449,14610044,110302493,86,0,0,1536,86,5871435593
3655,95702414,14722425,110424839,74,0,0,4096,74,8150985470
3656,95706214,38319893,134026107,84,0,1,512,84,10138777458
3657,95707197,38318933,134026130,15,0,1,7168,15,4638860222
3658,95712362,14714863,110427225,79,0,0,4096,79,8858511390
3659,95727005,14814769,110541774,86,0,0,10240,86,10375954630
3660,95734093,15517705,111251798,17,0,0,1536,17,3479229897
3661,95734513,38300430,134034943,30,0,1,8192,30,821502499
3662,95744406,14637189,110381595,84,0,0,1024,84,6240272248
3663,95758585,14592046,110350631,72,0,0,7168,72,10525222221
3664,95759430,15436844,111196274,27,0,0,14848,27,4401754799
3665,95763169,15034779,110797948,64,0,0,28672,64,8015199624
3666,95764206,14899903,110664109,38,0,0,3072,38,1696558510
3667,95765899,14688503,110454402,92,0,0,17920,92,2268444782
3668,95774464,38418757,134193221,42,0,1,20480,42,2915047006
3669,95774723,15398637,111173360,30,0,0,100864,30,3955378594
3670,95780737,15601855,111382592,48,0,0,11264,48,9727583417
3671,95781062,38437344,134218406,11,0,1,17408,11,7002489211
3672,95781347,14428559,110209906,60,0,0,27648,60,1391313466
3673,95784981,15004208,110789189,71,0,0,34816,71,3664142327
3674,95789224,38429205,134218429,95,0,1,8704,95,5915894921
3675,95793872,14799291,110593163,66,0,0,42496,66,2320340254
3676,95796892,14824475,110621367,59,0,0,10240,59,6073425555
3677,95802978,14507555,110310533,77,0,0,12800,77,2621434665
3678,95809157,15102646,110911803,34,0,0,25088,34,8679511651
3679,95811228,39124178,134935406,52,0,1,269312,52,6914547148
3680,95818765,14780083,110598848,33,0,0,18432,33,1089021660
3681,95830105,14525572,110355677,45,0,0,1536,45,4386511696
3682,95842148,39148375,134990523,9,0,1,1536,9,9146155519
3683,95861741,14889292,110751033,41,0,0,18432,41,768453327
3684,95866743,14790291,110657034,13,0,0,13824,13,1341135982
3685,95875632,15251951,111127583,92,0,0,69120,92,10556510882
3686,95877322,15014668,110891990,72,0,0,17920,72,10301919198
3687,95878840,14959098,110837938,61,0,0,32768,61,6379208726
3688,95881980,15548954,111430934,59,0,0,27648,59,2021536215
3689,95897193,14661783,110558976,14,0,0,2560,14,2599695453
3690,95900622,14872609,110773231,25,0,0,16384,25,9042857301
3691,95910079,15133558,111043637,0,0,0,26624,0,2465728233
3692,95910503,14929018,110839521,52,0,0,5120,52,6440062468
3693,95913706,15036328,110950034,58,0,0,47104,58,8326871973
3694,95919552,15043947,110963499,97,0,0,43520,97,4508992583
3695,95920063,14400055,110320118,96,0,0,1024,96,6568156071
3696,95933995,39111678,135045673,99,0,1,19968,99,7759254595
3697,95951123,14734015,110685138,90,0,0,7168,90,2985324106
3698,95953468,15181470,111134938,25,0,0,24064,25,1034361461
3699,95955660,14467908,110423568,17,0,0,4096,17,2986344486
3700,95955948,15068816,111024764,10,0,0,24064,10,3532569594
3701,95960828,14732031,110692859,54,0,0,2560,54,2119360814
3702,95962605,39114660,135077265,22,0,1,23552,22,7978851181
3703,95967249,14612943,110580192,50,0,0,6656,50,5199608386
3704,95972632,39120747,135093379,53,0,1,6656,53,10267746345
3705,95973369,15098105,111071474,9,0,0,66048,9,616580378
3706,95977504,15231818,111209322,98,0,0,6144,98,6314446931
3707,95982272,39132065,135114337,8,0,1,512,8,3261196722
3708,95983633,15327359,111310992,21,0,0,12800,21,187120937
3709,95991665,14786893,110778558,20,0,0,17408,20,9061895015
3710,95995264,14928508,110923772,82,0,0,10752,82,5882289070
3711,95996952,14716782,110713734,39,0,0,1536,39,3279954338
3712,96004558,39109802,135114360,54,0,1,9728,54,1744936321
3713,96020364,14908812,110929176,47,0,0,11776,47,7480086308
3714,96020432,15550884,111571316,50,0,0,18432,50,4465146547
3715,96023089,14592286,110615375,85,0,0,5120,85,7439230632
3716,96038763,15033202,111071965,83,0,0,1536,83,5092513013
3717,96042274,14954475,110996749,65,0,0,10240,65,5706562455
3718,96057727,39099949,135157676,35,0,1,79872,35,4853197759
3719,96059851,39337300,135397151,5,0,1,117248,5,8396724669
3720,96062438,15124228,111186666,62,0,0,9216,62,595604108
3721,96065402,15166128,111231530,45,0,0,38912,45,5487310269
3722,96068935,15114900,111183835,58,0,0,34304,58,7457868084
3723,96071858,15115611,111187469,56,0,0,2560,56,2004640763
3724,96073566,39327131,135400697,11,0,1,5632,11,4876822907
3725,96076998,14905088,110982086,32,0,0,60928,32,10434065417
3726,96077253,15390980,111468233,12,0,0,29184,12,9133281622
3727,96087828,14941192,111029020,70,0,0,2560,70,1214242416
3728,96090971,15116456,111207427,81,0,0,13312,81,4583756053
3729,96107217,15510684,111617901,52,0,0,4608,52,2916646887
3730,96125575,39360280,135485855,91,0,1,10752,91,2280946838
3731,96128268,14962486,111090754,21,0,0,25088,21,9832468716
3732,96142475,14940612,111083087,69,0,0,30208,69,7024377955
3733,96144793,39341085,135485878,0,0,1,8704,0,7535871590
3734,96145777,15055668,111201445,10,0,0,16896,10,4120476691
3735,96153035,39460198,135613233,59,0,1,39424,59,4667008381
3736,96157953,39456906,135614859,97,0,1,2560,97,3978358623
3737,96159237,15095844,111255081,42,0,0,4096,42,5868881270
3738,96179765,15009287,111189052,38,0,0,5120,38,7185795682
3739,96179910,39754596,135934506,83,0,1,43008,83,8887503524
3740,96184587,14823029,111007616,85,0,0,3072,85,1267114485
3741,96186957,14864191,111051148,51,0,0,24576,51,9406862370
3742,96212834,14773487,110986321,38,0,0,13824,38,8743087326
3743,96214410,14836917,111051327,42,0,0,512,42,8398695931
3744,96227782,40355654,136583436,5,0,1,217088,5,2554664552
3745,96232183,40378388,136610571,92,0,1,4096,92,78635832
3746,96242742,14899863,111142605,72,0,0,25088,72,8013911457
3747,96247378,40462594,136709972,34,0,1,16384,34,10448872287
3748,96259164,15287484,111546648,78,0,0,37888,78,5999172649
3749,96262951,14952896,111215847,93,0,0,10240,93,3136327307
3750,96265847,15081621,111347468,21,0,0,25088,21,7602155211
3751,96267876,15095584,111363460,69,0,0,17408,69,10245725032
3752,96275348,15731258,112006606,28,0,0,4608,28,8388491604
3753,96286885,15553746,111840631,73,0,0,24064,73,7909452885
3754,96288026,15635123,111923149,98,0,0,2560,98,5804834647
3755,96288916,15017491,111306407,1,0,0,28672,1,2372902675
3756,96296074,15734986,112031060,7,0,0,52736,7,10264881108
3757,96296129,15213822,111509951,80,0,0,22016,80,10327398261
3758,96298384,40721422,137019806,5,0,1,130560,5,5923829981
3759,96303375,14899965,111203340,13,0,0,6144,13,10186274490
3760,96308447,15496984,111805431,38,0,0,56832,38,4681707173
3761,96341810,14906307,111248117,59,0,0,19968,59,2928139519
3762,96348623,15744147,112092770,2,0,0,49664,2,5392877331
3763,96356347,14835380,111191727,58,0,0,8704,58,7376304787
3764,96363137,40670415,137033552,95,0,1,11264,95,3583088188
3765,96365962,15156638,111522600,72,0,0,37376,72,1296967118
3766,96366063,14897104,111263167,51,0,0,22016,51,1249161126
3767,96372264,40711487,137083751,77,0,1,8704,77,231161376
3768,96374633,40711504,137086137,72,0,1,1024,72,6817669268
3769,96375693,15457575,111833268,82,0,0,512,82,2825347125
3770,96379001,40708442,137087443,54,0,1,2048,54,10369512621
3771,96380603,15097169,111477772,60,0,0,31232,60,2200164404
3772,96384097,15570973,111955070,31,0,0,75776,31,6053236244
3773,96385642,15220978,111606620,68,0,0,16896,68,6771349045
3774,96393630,14961499,111355129,98,0,0,7680,98,3768494396
3775,96399516,15015638,111415154,89,0,0,39424,89,5734954412
3776,96408150,15692131,112100281,86,0,0,24576,86,6984885185
3777,96409819,15667742,112077561,88,0,0,33792,88,368161537
3778,96413526,15040877,111454403,55,0,0,1024,55,2397667984
3779,96415181,40677408,137092589,92,0,1,8192,92,2831060564
3780,96426177,15033141,111459318,87,0,0,12288,87,862747669
3781,96429939,15756721,112186660,93,0,0,6144,93,1099294903
3782,96430870,15790850,112221720,60,0,0,53248,60,3222631248
3783,96436694,15906641,112343335,30,0,0,36352,30,8821972570
3784,96445645,15153886,111599531,72,0,0,9216,72,9878444488
3785,96459009,15019098,111478107,54,0,0,1024,54,14921547
3786,96467595,15193047,111660642,63,0,0,5120,63,4845177982
3787,96472527,40656757,137129284,22,0,1,14848,22,6683918122
3788,96478971,15108696,111587667,32,0,0,17408,32,10379961833
3789,96483013,40731190,137214203,55,0,1,6144,55,9907880757
3790,96488799,15689859,112178658,9,0,0,98304,9,6778121716
3791,96490065,14994305,111484370,85,0,0,20480,85,565903797
3792,96490506,14858857,111349363,71,0,0,6144,71,4240539687
3793,96494219,15159021,111653240,79,0,0,15872,79,9546061198
3794,96495623,15001893,111497516,75,0,0,3072,75,8072345277
3795,96498929,15184764,111683693,4,0,0,42496,4,932823062
3796,96516911,15710832,112227743,14,0,0,5632,14,4568397080
3797,96523752,15072948,111596700,28,0,0,18432,28,10078804204
3798,96525476,15723107,112248583,33,0,0,12288,33,1823254736
3799,96534242,40681587,137215829,72,0,1,2560,72,3723122272
3800,96536540,15436337,111972877,2,0,0,58368,2,10727950415
3801,96554722,40664141,137218863,1,0,1,15360,1,10533474948
3802,96557760,15496879,112054639,95,0,0,77312,95,10167649445
3803,96568270,40699669,137267939,54,0,1,16896,54,8768809661
3804,96580568,15067813,111648381,67,0,0,18944,67,191645644
3805,96586469,14900241,111486710,61,0,0,2560,61,4056920880
3806,96589633,15342326,111931959,44,0,0,3072,44,7688106500
3807,96591470,15104893,111696363,56,0,0,21504,56,4833414322
3808,96605454,15516417,112121871,39,0,0,59904,39,2171480138
3809,96606083,15064639,111670722,79,0,0,8192,79,5035451404
3810,96619118,14946442,111565560,21,0,0,9216,21,785677892
3811,96625279,15819942,112445221,52,0,0,6656,52,5421951104
3812,96638141,15546624,112184765,82,0,0,19968,82,1417146668
3813,96638608,15707402,112346010,17,0,0,8704,17,4455240412
3814,96638652,15606164,112244816,51,0,0,17920,51,7028580855
3815,96638774,15464814,112103588,88,0,0,10752,88,6090250109
3816,96642922,15174232,111817154,5,0,0,38400,5,6112716576
3817,96643586,15856831,112500417,40,0,0,5120,40,836211437
3818,96650137,14991845,111641982,40,0,0,4608,40,10615985679
3819,96652408,15015464,111667872,79,0,0,4096,79,8784606375
3820,96653588,40827108,137480696,36,0,1,30208,36,2237431543
3821,96655792,15349387,112005179,59,0,0,40448,59,2940558670
3822,96659174,16009207,112668381,10,0,0,39936,10,7799267835
3823,96664027,15934088,112598115,42,0,0,26624,42,9226875585
3824,96664532,15346933,112011465,89,0,0,15872,89,4050482716
3825,96665270,40827663,137492933,49,0,1,3072,49,9773511839
3826,96667330,41563190,138230520,78,0,1,229376,78,6073101835
3827,96679421,15153668,111833089,24,0,0,52224,24,2859795188
3828,96683265,15698020,112381285,82,0,0,12288,82,10361051208
3829,96697083,15528412,112225495,97,0,0,12288,97,8667964087
3830,96705550,15267506,111973056,93,0,0,512,93,7781046304
3831,96706657,15276886,111983543,10,0,0,28160,10,3406765746
3832,96716943,41526682,138243625,77,0,1,17408,77,8895356606
3833,96726586,15744465,112471051,37,0,0,18432,37,1546254183
3834,96733139,15259693,111992832,62,0,0,10752,62,9696864929
3835,96737948,15656811,112394759,39,0,0,2048,39,4874939706
3836,96739675,15401334,112141009,57,0,0,15872,57,2399384921
3837,96747772,15319439,112067211,51,0,0,32768,51,9292791140
3838,96751473,16175271,112926744,11,0,0,2560,11,1298541432
3839,96755993,15301165,112057158,31,0,0,8192,31,2033400337
3840,96759282,16127778,112887060,58,0,0,124928,58,10626959120
3841,96763109,15167382,111930491,46,0,0,15360,46,1015027664
3842,96769915,41474696,138244611,90,0,1,1536,90,9801667484
3843,96777674,15547722,112325396,85,0,0,20992,85,7514575265
3844,96782849,15932714,112715563,48,0,0,32256,48,2409949228
3845,96786569,16030891,112817460,93,0,0,27136,93,2131625820
3846,96787888,15928946,112716834,91,0,0,4096,91,4737197181
3847,96789226,15412768,112201994,87,0,0,37888,87,4301834631
3848,96793683,15627419,112421102,96,0,0,16384,96,7701696180
3849,96814546,15570818,112385364,84,0,0,13312,84,5877881665
3850,96821461,15445151,112266612,45,0,0,2048,45,2275327943
3851,96824338,15414995,112239333,69,0,0,36352,69,1424608
3852,96829760,41484433,138314193,62,0,1,31232,62,6912720144
3853,96830344,15375113,112205457,70,0,0,11264,70,3164523819
3854,96832423,15358004,112190427,12,0,0,12288,12,1460178283
3855,96836532,42000590,138837122,39,0,1,304128,39,3947369735
3856,96841954,42018793,138860747,13,0,1,9728,13,1116224083
3857,96845354,15828363,112673717,77,0,0,16896,77,9895014189
3858,96850069,15739264,112589333,28,0,0,10752,28,6800633793
3859,96856541,42004229,138860770,9,0,1,4096,9,9189783887
3860,96857112,16068821,112925933,84,0,0,11776,84,7599371641
3861,96867484,15642844,112510328,81,0,0,15360,81,9064316421
3862,96872203,15439183,112311386,91,0,0,15360,91,988275784
3863,96874417,15353817,112228234,58,0,0,1536,58,3602444649
3864,96876520,41984281,138860801,27,0,1,4096,27,890273653
3865,96877158,15712822,112589980,78,0,0,2048,78,975164895
3866,96877367,15708309,112585676,11,0,0,76800,11,4028887934
3867,96879519,15448419,112327938,9,0,0,8192,9,696643843
3868,96882293,15544208,112426501,54,0,0,10752,54,5886322577
3869,96893109,41967715,138860824,11,0,1,2560,11,10426213266
3870,96897990,41972396,138870386,53,0,1,20992,53,10307599554
3871,96905233,16137995,113043228,73,0,0,39936,73,7821324666
3872,96907184,15486267,112393451,60,0,0,17920,60,9214877221
3873,96912781,41957628,138870409,50,0,1,7680,50,9207185651
3874,96919463,15718281,112637744,70,0,0,17920,70,3268529921
3875,96927337,15799238,112726575,99,0,0,24576,99,8986603008
3876,96929880,41940552,138870432,53,0,1,7168,53,2085837357
3877,96936466,15859011,112795477,97,0,0,73216,97,9015962717
3878,96939138,16072575,113011713,90,0,0,17920,90,6378620411
3879,96952826,15581888,112534714,9,0,0,32768,9,3347549486
3880,96959623,41924123,138883746,51,0,1,12288,51,4083856177
3881,96969134,15377367,112346501,66,0,0,1536,66,7649552104
3882,96969391,15592862,112562253,7,0,0,28672,7,9818071978
3883,96975281,41908488,138883769,56,0,1,15872,56,3300516635
3884,96978760,15943211,112921971,56,0,0,35328,56,6636357852
3885,96978773,41919253,138898026,45,0,1,31744,45,2719675437
3886,96987077,41931156,138918233,97,0,1,18944,97,6315962826
3887,96990948,41941616,138932564,5,0,1,15872,5,9394285255
3888,96993850,15750110,112743960,23,0,0,8192,23,2616259619
3889,96993952,41941518,138935470,9,0,1,4608,9,6156589373
3890,96999911,15628264,112628175,10,0,0,50176,10,10710291697
3891,97008293,15893953,112902246,12,0,0,7168,12,287685849
3892,97012446,41928449,138940895,27,0,1,12288,27,8167025462
3893,97029504,16110650,113140154,77,0,0,123904,77,4516664603
3894,97033319,15866712,112900031,9,0,0,42496,9,780550175
3895,97036849,15576015,112612864,91,0,0,26112,91,2109291647
3896,97037099,15870006,112907105,93,0,0,15872,93,6505200472
3897,97044290,41928480,138972770,9,0,1,14336,9,6776255407
3898,97052136,15859048,112911184,37,0,0,13312,37,6345086611
3899,97053739,41923217,138976956,40,0,1,6656,40,6798676474
3900,97057286,15661755,112719041,39,0,0,7168,39,3218775887
3901,97070622,16218187,113288809,62,0,0,53248,62,1621479589
3902,97079343,16174107,113253450,86,0,0,53248,86,6032885071
3903,97090275,41888064,138978339,27,0,1,14848,27,5506210758
3904,97095256,41900717,138995973,13,0,1,14336,13,1419967249
3905,97098142,41992328,139090470,14,0,1,56832,14,9243210249
3906,97100396,15848249,112948645,13,0,0,12800,13,2831832517
3907,97100988,15747985,112848973,24,0,0,82432,24,1847186760
3908,97103584,16046109,113149693,15,0,0,31232,15,8947968166
3909,97112266,42019540,139131806,54,0,1,2560,54,246783806
3910,97114735,15851822,112966557,4,0,0,46080,4,10474409146
3911,97121505,42010647,139132152,13,0,1,512,13,1863018653
3912,97131836,16160295,113292131,17,0,0,10752,17,10264397675
3913,97147286,15797436,112944722,22,0,0,13824,22,3209342225
3914,97158587,15427447,112586034,17,0,0,1024,17,4907037440
3915,97164828,41972422,139137250,21,0,1,4608,21,1880678462
3916,97183511,15860988,113044499,33,0,0,4096,33,5451457274
3917,97188182,41964142,139152324,25,0,1,3072,25,4340305132
3918,97188270,15864364,113052634,61,0,0,26624,61,4061791124
3919,97197173,15730914,112928087,27,0,0,2048,27,6264728917
3920,97200582,16302346,113502928,83,0,0,45568,83,6363571522
3921,97203110,16391812,113594922,56,0,0,63488,56,9265989763
3922,97206211,15746283,112952494,40,0,0,8192,40,10619878301
3923,97212253,15793561,113005814,56,0,0,5632,56,445759854
3924,97212585,16143478,113356063,81,0,0,140288,81,1988755972
3925,97219734,16156247,113375981,64,0,0,14848,64,5406107661
3926,97222384,15532616,112755000,2,0,0,4096,2,2790065695
3927,97226493,16758863,113985356,29,0,0,6656,29,9360962744
3928,97229308,16568295,113797603,24,0,0,30208,24,338374221
3929,97231115,16297810,113528925,79,0,0,11776,79,410655332
3930,97234707,15687599,112922306,31,0,0,1024,31,7465159734
3931,97245040,15915151,113160191,61,0,0,15360,61,4287531770
3932,97252890,16395264,113648154,20,0,0,34304,20,1840811109
3933,97269364,41882983,139152347,80,0,1,13312,80,4581939508
3934,97284461,16107923,113392384,37,0,0,53760,37,2049822358
3935,97286254,15976625,113262879,37,0,0,27648,37,9644354960
3936,97290080,15964352,113254432,31,0,0,3072,31,2615493009
3937,97291264,15918340,113209604,80,0,0,23040,80,471757670
3938,97295829,16140547,113436376,96,0,0,3584,96,1390929283
3939,97304035,15755233,113059268,46,0,0,5120,46,2262182110
3940,97305169,16635448,113940617,56,0,0,30720,56,8139931198
3941,97312684,16119559,113432243,32,0,0,16896,32,463007259
3942,97317732,15837756,113155488,52,0,0,18944,52,5524018591
3943,97319872,16047804,113367676,41,0,0,37888,41,2250260548
3944,97328514,41993945,139322459,77,0,1,31232,77,5418812264
3945,97340676,41995112,139335788,74,0,1,16384,74,3185217187
3946,97341525,41998129,139339654,11,0,1,6144,11,10557427049
3947,97343003,15893862,113236865,51,0,0,47616,51,452580337
3948,97354777,41994967,139349744,69,0,1,3072,69,1634451904
3949,97370033,15793933,113163966,58,0,0,12288,58,9915473249
3950,97377547,16363906,113741453,41,0,0,17408,41,594678375
3951,97379522,41972527,139352049,68,0,1,4608,68,1577771518
3952,97381727,16789532,114171259,56,0,0,61952,56,5706076788
3953,97385411,41977370,139362781,45,0,1,5632,45,3426852221
3954,97386707,16012506,113399213,82,0,0,1024,82,6700644532
3955,97397752,16632902,114030654,27,0,0,19456,27,9566788808
3956,97400533,15780004,113180537,17,0,0,24064,17,9578386176
3957,97404421,16747939,114152360,78,0,0,20992,78,4936628291
3958,97406332,15995712,113402044,46,0,0,9216,46,9837471749
3959,97406582,16796808,114203390,31,0,0,20992,31,1348219431
3960,97415549,16073472,113489021,46,0,0,26624,46,1088773111
3961,97416655,16209844,113626499,48,0,0,5120,48,5391892107
3962,97433898,16013015,113446913,5,0,0,11264,5,665127904
3963,97440188,16276659,113716847,84,0,0,1536,84,5708938381
3964,97449118,16774328,114223446,86,0,0,9728,86,10555830716
3965,97452456,15945301,113397757,0,0,0,17408,0,6413159019
3966,97453341,16525721,113979062,7,0,0,10752,7,6940941671
3967,97453628,41910459,139364087,49,0,1,2048,49,10190073499
3968,97454852,41909696,139364548,10,0,1,10240,10,3506066731
3969,97474445,16933625,114408070,44,0,0,142848,44,1322461555
3970,97477035,16307551,113784586,75,0,0,23040,75,4213805644
3971,97477317,16147599,113624916,17,0,0,54272,17,7182324926
3972,97479516,15955745,113435261,8,0,0,5120,8,9996494407
3973,97489656,15928402,113418058,66,0,0,6656,66,1988149323
3974,97489859,16046455,113536314,47,0,0,1536,47,8753100548
3975,97493805,16408138,113901943,10,0,0,3584,10,1251184743
3976,97494997,15938673,113433670,11,0,0,4608,11,6223372916
3977,97524834,16004426,113529260,19,0,0,1024,19,10663093623
3978,97539207,16196919,113736126,3,0,0,25600,3,5395489956
3979,97546540,16321638,113868178,24,0,0,3584,24,2717740986
3980,97547328,41825408,139372736,54,0,1,9728,54,1394009455
3981,97557574,41852540,139410114,88,0,1,18432,88,5420774804
3982,97557651,16343177,113900828,98,0,0,87552,98,2499572695
3983,97567724,16084197,113651921,26,0,0,12288,26,6840060491
3984,97572373,16289831,113862204,11,0,0,45056,11,2933678743
3985,97579001,41831472,139410473,5,0,1,9728,5,1128841609
3986,97579778,16373654,113953432,54,0,0,41984,54,6109302201
3987,97588397,15892489,113480886,31,0,0,10752,31,8033313310
3988,97595174,16672222,114267396,78,0,0,6656,78,1605961927
3989,97597990,15956880,113554870,30,0,0,14848,30,3132523053
3990,97615556,16296598,113912154,10,0,0,11264,10,6867387292
3991,97642323,16548472,114190795,47,0,0,9216,47,8333950738
3992,97643266,16358292,114001558,84,0,0,27136,84,10549771609
3993,97645447,16793018,114438465,5,0,0,16384,5,10733399866
3994,97645492,16478712,114124204,98,0,0,35328,98,4881063480
3995,97648268,16056838,113705106,60,0,0,59904,60,4139335536
3996,97651415,41802012,139453427,45,0,1,11776,45,7563434445
3997,97651788,16859663,114511451,0,0,0,43008,0,6138956012
3998,97655960,16132393,113788353,98,0,0,12288,98,5199645218
3999,97657567,16209496,113867063,70,0,0,15872,70,6282639481
4000,97665716,16325458,113991174,24,0,0,7168,24,1481085397
4001,97666627,16264607,113931234,19,0,0,18432,19,1819331975
4002,97680966,16510476,114191442,29,0,0,2048,29,10289577821
4003,97682492,16123119,113805611,73,0,0,16384,73,357730752
4004,97685547,16896265,114581812,23,0,0,56320,23,2499792630
4005,97690892,16292405,113983297,87,0,0,13824,87,8276858695
4006,97698891,42578097,140276988,73,0,1,239616,73,418847291
4007,97702406,16305415,114007821,53,0,0,20480,53,7364576397
4008,97704727,16659796,114364523,62,0,0,32256,62,9954126897
4009,97722632,16253131,113975763,7,0,0,73216,7,5787638204
4010,97736293,16137836,113874129,74,0,0,19456,74,9759513907
4011,97744292,16471094,114215386,28,0,0,15872,28,314428239
4012,97745136,16243831,113988967,38,0,0,11776,38,4363358982
4013,97748098,16671851,114419949,74,0,0,38912,74,8858744978
4014,97751894,15990206,113742100,30,0,0,2048,30,6901159972
4015,97755643,16677807,114433450,60,0,0,4608,60,6475783164
4016,97756217,16356020,114112237,50,0,0,34816,50,882968032
4017,97759845,16289265,114049110,7,0,0,35840,7,3315397876
4018,97763468,16681291,114444759,4,0,0,10752,4,7318682864
4019,97765817,16775655,114541472,79,0,0,62464,79,8932660397
4020,97766812,16437693,114204505,41,0,0,3584,41,1907809291
4021,97767113,17001365,114768478,2,0,0,31232,2,5370338300
4022,97770012,42558415,140328427,90,0,1,15360,90,5859946089
4023,97790798,17049139,114839937,68,0,0,52736,68,409679964
4024,97793714,16757039,114550753,74,0,0,6144,74,7283892248
4025,97798557,16699767,114498324,70,0,0,31232,70,273680390
4026,97802913,16812746,114615659,53,0,0,17408,53,9053764656
4027,97812999,17286342,115099341,37,0,0,6656,37,5014290422
4028,97833523,16358410,114191933,62,0,0,1536,62,3166648538
4029,97839863,17109280,114949143,73,0,0,132096,73,2929263284
4030,97841513,16904610,114746123,72,0,0,17920,72,3425315681
4031,97842240,17452921,115295161,27,0,0,55296,27,8854542817
4032,97843103,42650917,140494020,52,0,1,92672,52,3674289529
4033,97843980,16678437,114522417,4,0,0,27648,4,1976917863
4034,97851708,16569980,114421688,93,0,0,5632,93,2836075216
4035,97857591,17039957,114897548,23,0,0,80896,23,5260967774
4036,97864448,16397236,114261684,92,0,0,512,92,2944327855
4037,97865581,16821876,114687457,90,0,0,96256,90,4404858637
4038,97870043,16826641,114696684,13,0,0,30208,13,1998344263
4039,97877052,16451754,114328806,59,0,0,25600,59,7460241048
4040,97881067,16464885,114345952,60,0,0,9728,60,6157512281
4041,97885467,16933832,114819299,84,0,0,96768,84,3219228692
4042,97885790,42608486,140494276,99,0,1,9216,99,4390652288
4043,97887458,16580266,114467724,21,0,0,31744,21,1245333428
4044,97900956,16196616,114097572,93,0,0,1024,93,3757521874
4045,97902344,16995539,114897883,88,0,0,1024,88,2653136711
4046,97905628,17825818,115731446,79,0,0,9216,79,9651358191
4047,97913715,16527745,114441460,99,0,0,9728,99,6691430023
4048,97918016,18041181,115959197,19,0,0,41984,19,8285738427
4049,97920956,16701122,114622078,82,0,0,20992,82,5319836015
4050,97922963,16591007,114513970,37,0,0,8192,37,3880988918
4051,97924220,42655036,140579256,8,0,1,7168,8,2324049930
4052,97926432,17329831,115256263,52,0,0,59904,52,574282292
4053,97929450,17422327,115351777,79,0,0,40960,79,9617105493
4054,97934259,16906169,114840428,73,0,0,1536,73,9455632283
4055,97934844,16611807,114546651,73,0,0,16896,73,8288442767
4056,97935037,18171093,116106130,31,0,0,49152,31,10733175572
4057,97948738,42636299,140585037,49,0,1,2048,49,892074797
4058,97950094,16751137,114701231,71,0,0,14848,71,7403130521
4059,97952520,16479487,114432007,46,0,0,33792,46,5662496980
4060,97959729,16529056,114488785,13,0,0,20992,13,9870336763
4061,97965029,17175020,115140049,84,0,0,12288,84,7351901115
4062,97966552,17020279,114986831,40,0,0,36352,40,8325145948
4063,97967084,16581774,114548858,46,0,0,7168,46,8422960412
4064,97973867,17516348,115490215,64,0,0,49152,64,5195911240
4065,97979748,17319492,115299240,99,0,0,13312,99,10610940332
4066,97982002,42609165,140591167,90,0,1,6144,90,2022428259
4067,97984450,17012697,114997147,4,0,0,8192,4,7888152263
4068,97989426,18185548,116174974,20,0,0,49152,20,3599549123
4069,97990835,16833011,114823846,11,0,0,14848,11,7806052033
4070,97997203,16978529,114975732,32,0,0,87040,32,8422329980
4071,98003978,17013780,115017758,85,0,0,13312,85,5175192506
4072,98005593,42594356,140599949,90,0,1,6656,90,5763272811
4073,98006150,42787608,140793758,87,0,1,45056,87,8202695268
4074,98018878,42853850,140872728,36,0,1,25600,36,5019985821
4075,98023812,17082289,115106101,17,0,0,11776,17,4775920070
4076,98030733,42842018,140872751,87,0,1,3584,87,3211493310
4077,98041397,42869903,140911300,80,0,1,3072,80,7918692350
4078,98042148,16659730,114701878,72,0,0,2048,72,3076187411
4079,98045862,42887191,140933053,80,0,1,3584,80,9381623815
4080,98046230,16806857,114853087,64,0,0,41472,64,2669169906
4081,98047355,42885721,140933076,9,0,1,1024,9,8276476146
4082,98060856,42872243,140933099,8,0,1,512,8,5017320925
4083,98077225,17396272,115473497,83,0,0,22016,83,3980529522
4084,98077310,17200972,115278282,99,0,0,72192,99,1687535440
4085,98081546,16786467,114868013,56,0,0,28672,56,3970474323
4086,98084091,17075669,115159760,83,0,0,54784,83,9971528004
4087,98086402,16811660,114898062,13,0,0,512,13,2425611613
4088,98091199,42841923,140933122,17,0,1,1024,17,3315871576
4089,98092110,18152443,116244553,90,0,0,7680,90,9172795892
4090,98101777,17429672,115531449,24,0,0,23040,24,6189916539
4091,98115690,17473283,115588973,86,0,0,512,86,10116251487
4092,98119309,42831643,140950952,5,0,1,6144,5,1344630306
4093,98121384,18088279,116209663,12,0,0,10240,12,1993332235
4094,98121432,16611024,114732456,62,0,0,1024,62,2355728323
4095,98123004,42827971,140950975,99,0,1,1536,99,5219873033
4096,98127220,17173603,115300823,70,0,0,5120,70,489079454
4097,98131131,16932056,115063187,24,0,0,4096,24,1330463207
4098,98141354,16920562,115061916,73,0,0,22528,73,4392472197
4099,98153788,17158290,115312078,55,0,0,36864,55,1511081766
4100,98159796,17398577,115558373,56,0,0,6144,56,6779615562
4101,98170325,16994762,115165087,17,0,0,17408,17,4605122271
4102,98174790,42894672,141069462,0,0,1,14336,0,5499248461
4103,98183762,17550826,115734588,92,0,0,512,92,627340909
4104,98203457,17009173,115212630,13,0,0,22016,13,3762962824
4105,98203813,16698340,114902153,90,0,0,7680,90,5544482285
4106,98204829,17124407,115329236,46,0,0,38912,46,4100865561
4107,98210176,17119863,115330039,21,0,0,2560,21,3206876119
4108,98221823,17152957,115374780,81,0,0,3584,81,7809016214
4109,98222628,17550437,115773065,32,0,0,18944,32,8343514677
4110,98224486,18234273,116458759,8,0,0,84480,8,5879554928
4111,98227298,17657551,115884849,90,0,0,71168,90,4494324853
4112,98227473,17111793,115339266,6,0,0,30208,6,3763292687
4113,98227873,16898678,115126551,62,0,0,4096,62,4651156985
4114,98228622,17785137,116013759,44,0,0,60416,44,574254674
4115,98245579,42829029,141074608,67,0,1,8192,67,6087235274
4116,98246275,42853071,141099346,56,0,1,16896,56,480924296
4117,98248023,17189974,115437997,5,0,0,10752,5,3258657276
4118,98251634,17191534,115443168,82,0,0,16896,82,743823525
4119,98252275,17109162,115361437,18,0,0,10752,18,4094077263
4120,98264081,17356564,115620645,4,0,0,32256,4,7532991937
4121,98270733,17162850,115433583,95,0,0,96768,95,10351342828
4122,98271645,17357915,115629560,45,0,0,29184,45,4880921067
4123,98278304,17274563,115552867,0,0,0,62976,0,333665175
4124,98279841,17253815,115533656,78,0,0,7168,78,4662381814
4125,98280128,17244278,115524406,37,0,0,54784,37,6383002312
4126,98282075,17176560,115458635,68,0,0,50688,68,7038557199
4127,98286426,17177068,115463494,25,0,0,15872,25,550863214
4128,98291272,17723758,116015030,34,0,0,4096,34,4299090072
4129,98297104,17137594,115434698,39,0,0,3584,39,1705503665
4130,98299864,17417850,115717714,37,0,0,5632,37,10353584408
4131,98301936,42809598,141111534,72,0,1,10752,72,1021824802
4132,98307956,18312631,116620587,12,0,0,80896,12,4954348565
4133,98308328,17621963,115930291,44,0,0,27136,44,8139142160
4134,98322344,42835728,141158072,97,0,1,3072,97,8620502877
4135,98328233,17386159,115714392,89,0,0,17920,89,4271563201
4136,98335062,17221416,115556478,96,0,0,11776,96,6349812823
4137,98338610,17312345,115650955,15,0,0,70144,15,4168141596
4138,98354275,42803820,141158095,72,0,1,13312,72,8618337730
4139,98359098,17562902,115922000,2,0,0,121856,2,8950103201
4140,98367333,17495809,115863142,78,0,0,16384,78,2164485837
4141,98374444,17392826,115767270,99,0,0,18944,99,9336417256
4142,98379425,17753462,116132887,8,0,0,2560,8,7153919291
4143,98381751,17605040,115986791,29,0,0,12800,29,10536707339
4144,98382904,17274158,115657062,68,0,0,19968,68,2085576807
4145,98392496,42854315,141246811,17,0,1,512,17,4266935495
4146,98394731,17209314,115604045,96,0,0,4608,96,7641438066
4147,98400102,17321168,115721270,11,0,0,9728,11,7162770480
4148,98403259,17568822,115972081,47,0,0,20992,47,8523769055
4149,98406229,43221568,141627797,35,0,1,154112,35,3591687600
4150,98408857,17423535,115832392,68,0,0,17920,68,1624175397
4151,98441912,17748477,116190389,74,0,0,10240,74,142597683
4152,98441957,17380682,115822639,38,0,0,7168,38,3945909911
4153,98445377,17914781,116360158,9,0,0,50176,9,2259521385
4154,98454364,17492018,115946382,37,0,0,52736,37,9129680771
4155,98455873,17676211,116132084,42,0,0,38912,42,9782190380
4156,98459442,43311855,141771297,5,0,1,35840,5,5364380472
4157,98464909,43327085,141791994,94,0,1,1024,94,2968134914
4158,98470178,17495484,115965662,38,0,0,18944,38,4377181487
4159,98475727,17615404,116091131,66,0,0,125952,66,9161108528
4160,98476430,17482946,115959376,48,0,0,512,48,5238468290
4161,98476596,17683379,116159975,2,0,0,27648,2,6090024490
4162,98482330,43309687,141792017,97,0,1,512,97,870060254
4163,98492761,17924683,116417444,65,0,0,9216,65,4778887303
4164,98494342,17465525,115959867,53,0,0,1536,53,6771647706
4165,98495134,43296906,141792040,96,0,1,2560,96,1256395919
4166,98498779,17721111,116219890,14,0,0,20992,14,9478534188
4167,98499596,17896678,116396274,75,0,0,7168,75,8324475477
4168,98519130,17739620,116258750,27,0,0,14336,27,6620950947
4169,98520194,17495639,116015833,58,0,0,2560,58,342956578
4170,98527765,43269157,141796922,74,0,1,3584,74,5397083527
4171,98528679,17454189,115982868,66,0,0,35328,66,6559823974
4172,98528708,17503868,116032576,99,0,0,4096,99,7759569800
4173,98530811,17932495,116463306,91,0,0,14848,91,7295140634
4174,98536050,17797854,116333904,17,0,0,45568,17,1624989478
4175,98537005,43286077,141823082,99,0,1,1024,99,2451366090
4176,98538762,43287226,141825988,25,0,1,4608,25,5352751812
4177,98544249,17756008,116300257,67,0,0,16896,67,1251459382
4178,98544378,43302606,141846984,69,0,1,6144,69,4831693886
4179,98548856,18135872,116684728,32,0,0,3072,32,1427850284
4180,98551230,17644982,116196212,17,0,0,16896,17,2687826858
4181,98551275,18334789,116886064,71,0,0,92672,71,9365186417
4182,98563228,18117968,116681196,65,0,0,53760,65,4109312207
4183,98570621,17834090,116404711,64,0,0,23040,64,6472572933
4184,98574704,17720382,116295086,50,0,0,32768,50,9228984232
4185,98576145,43270862,141847007,49,0,1,1024,49,9114883971
4186,98581097,17889408,116470505,75,0,0,23552,75,4089611117
4187,98581985,43265045,141847030,11,0,1,4608,11,4723371135
4188,98595068,17749779,116344847,69,0,0,35840,69,8714107615
4189,98614712,43241428,141856140,74,0,1,6656,74,1783578880
4190,98618041,17756700,116374741,81,0,0,21504,81,3923861966
4191,98621994,18098683,116720677,51,0,0,68608,51,1876235791
4192,98623931,17741445,116365376,62,0,0,12288,62,4249610398
4193,98626217,18221399,116847616,48,0,0,16896,48,2365511703
4194,98628757,17795262,116424019,58,0,0,21504,58,5291283095
4195,98629269,17997924,116627193,72,0,0,21504,72,5906692832
4196,98630432,43260809,141891241,92,0,1,13312,92,4295300640
4197,98631910,18471081,117102991,26,0,0,47616,26,4105073225
4198,98633294,17898379,116531673,87,0,0,8192,87,6575861674
4199,98633655,18589775,117223430,96,0,0,7680,96,10520154508
4200,98634589,17726996,116361585,28,0,0,4608,28,6917932762
4201,98638652,18303098,116941750,34,0,0,37376,34,10123014426
4202,98639149,18084203,116723352,93,0,0,8704,93,10034415999
4203,98642102,17790096,116432198,44,0,0,6656,44,2455597749
4204,98649633,43456319,142105952,58,0,1,102400,58,1572795198
4205,98658740,18107705,116766445,50,0,0,37376,50,1585151515
4206,98661383,17767807,116429190,18,0,0,16896,18,3767869796
4207,98664586,17874753,116539339,16,0,0,12800,16,8538118522
4208,98666277,17966601,116632878,59,0,0,8192,59,275496140
4209,98672514,43469536,142142050,67,0,1,512,67,6380592761
4210,98672799,18222850,116895649,13,0,0,5120,13,8020654221
4211,98679177,43510563,142189740,9,0,1,13312,9,8809026506
4212,98687186,17853679,116540865,42,0,0,3072,42,10138338985
4213,98690298,18130517,116820815,66,0,0,9728,66,1641662716
4214,98692582,43814025,142506607,4,0,1,76800,4,638709082
4215,98703000,17961770,116664770,78,0,0,79360,78,8248865356
4216,98703362,17880605,116583967,0,0,0,9216,0,400592893
4217,98704616,18306916,117011532,33,0,0,40448,33,8799832447
4218,98720515,18898063,117618578,22,0,0,18432,22,5990403931
4219,98731581,17862197,116593778,8,0,0,7680,8,7355531349
4220,98735475,18047997,116783472,87,0,0,55808,87,10323875288
4221,98736711,44732607,143469318,35,0,1,386560,35,9766877408
4222,98744395,44740565,143484960,53,0,1,2048,53,783803640
4223,98747100,44740126,143487226,49,0,1,3584,49,4794585729
4224,98749759,17846157,116595916,88,0,0,4096,88,7103102153
4225,98759251,17977578,116736829,51,0,0,12800,51,7552225356
4226,98762706,17921063,116683769,50,0,0,8192,50,9698226989
4227,98771645,44715735,143487380,13,0,1,8704,13,7306443937
4228,98774121,44716899,143491020,27,0,1,10752,27,3124631390
4229,98776789,18020434,116797223,79,0,0,45056,79,4080516202
4230,98784473,18048810,116833283,53,0,0,39424,53,8659069854
4231,98785754,18108312,116894066,83,0,0,12288,83,820232730
4232,98796910,44694469,143491379,26,0,1,9728,26,1097926694
4233,98805470,18084829,116890299,3,0,0,13824,3,836905218
4234,98813469,18573996,117387465,4,0,0,11776,4,8901985420
4235,98813771,18274272,117088043,62,0,0,25088,62,425817114
4236,98822745,17807614,116630359,20,0,0,10240,20,7427936419
4237,98823228,18136352,116959580,9,0,0,29184,9,3759083844
4238,98823804,18103699,116927503,74,0,0,9728,74,9742350735
4239,98824273,18997033,117821306,0,0,0,31232,0,9215419745
4240,98832541,18198795,117031336,97,0,0,1536,97,7298565419
4241,98838244,44700922,143539166,90,0,1,4096,90,4465383529
4242,98842914,17973395,116816309,26,0,0,17408,26,3186665899
4243,98843842,18306330,117150172,88,0,0,6656,88,9349445032
4244,98845455,44715715,143561170,31,0,1,20992,31,1689188933
4245,98850085,19094779,117944864,64,0,0,37376,64,2595309132
4246,98852287,44709754,143562041,89,0,1,12288,89,238299449
4247,98856948,18173897,117030845,97,0,0,8704,97,8327506500
4248,98860100,44702927,143563027,69,0,1,1536,69,4571082826
4249,98862050,19165180,118027230,29,0,0,22528,29,4425090941
4250,98863620,18064985,116928605,6,0,0,3072,6,10489033275
4251,98865314,18085351,116950665,51,0,0,29184,51,7107202395
4252,98882090,44739740,143621830,95,0,1,38400,95,5552978756
4253,98883079,18305170,117188249,93,0,0,30208,93,279617278
4254,98884987,45235154,144120141,29,0,1,228864,29,5844219527
4255,98888852,18495002,117383854,98,0,0,62976,98,8427743967
4256,98899940,18162034,117061974,27,0,0,13312,27,2496736678
4257,98905288,19250974,118156262,72,0,0,47616,72,705379703
4258,98912065,45209561,144121626,43,0,1,15360,43,1743253984
4259,98926727,45232770,144159497,17,0,1,2048,17,499234809
4260,98928129,45259208,144187337,54,0,1,9728,54,3787314515
4261,98932399,17920870,116853269,96,0,0,3072,96,2226662600
4262,98932600,18170752,117103352,18,0,0,1024,18,3090616280
4263,98941447,45246447,144187894,96,0,1,1536,96,6406790614
4264,98955063,18316352,117271415,62,0,0,4608,62,9047674667
4265,98957107,18035274,116992381,27,0,0,14848,27,9066402273
4266,98958932,18276966,117235898,90,0,0,5120,90,9205718263
4267,98961695,18259372,117221067,7,0,0,4096,7,7667902899
4268,98967722,18168310,117136032,90,0,0,43520,90,1171841191
4269,98991945,45196935,144188880,77,0,1,1536,77,2141914171
4270,98997135,18258049,117255184,11,0,0,13824,11,1094279268
4271,99012701,18261440,117274141,66,0,0,1024,66,9344125830
4272,99035148,18292127,117327275,78,0,0,26624,78,9801484313
4273,99041490,45147749,144189239,5,0,1,9728,5,3653307988
4274,99041521,18261389,117302910,15,0,0,15872,15,2144708290
4275,99046509,18389855,117436364,6,0,0,16384,6,6969554509
4276,99046735,45143170,144189905,44,0,1,11264,44,487529880
4277,99046996,18097350,117144346,31,0,0,18432,31,3627052133
4278,99049352,18494992,117544344,92,0,0,30208,92,3590421769
4279,99052595,18310621,117363216,68,0,0,47616,68,2064549306
4280,99061049,18087072,117148121,31,0,0,12288,31,5850420254
4281,99062062,45130749,144192811,90,0,1,4608,90,2426818006
4282,99079517,45113448,144192965,87,0,1,8704,87,5331896065
4283,99083528,18526718,117610246,67,0,0,41472,67,1121911811
4284,99088430,45105099,144193529,8,0,1,10752,8,3540948053
4285,99092421,45160722,144253143,21,0,1,5632,21,2890531877
4286,99093513,18066147,117159660,69,0,0,5120,69,7766891935
4287,99096222,18042485,117138707,29,0,0,8704,29,513950421
4288,99106394,18333581,117439975,48,0,0,11776,48,4800209631
4289,99110587,18077997,117188584,41,0,0,1024,41,4092450232
4290,99110994,18146709,117257703,25,0,0,8192,25,1566380875
4291,99116284,18892102,118008386,86,0,0,48128,86,1366026094
4292,99117492,18102304,117219796,18,0,0,33792,18,3458197579
4293,99117939,18180112,117298051,55,0,0,15360,55,119646188
4294,99118406,18357737,117476143,93,0,0,62976,93,6379338334
4295,99118939,18139411,117258350,3,0,0,2048,3,1516727848
4296,99127280,18573083,117700363,77,0,0,25600,77,6589356028
4297,99129632,18499419,117629051,44,0,0,25088,44,10701119136
4298,99133518,18390968,117524486,0,0,0,32256,0,8626381665
4299,99141010,45112852,144253862,90,0,1,2560,90,8710581263
4300,99146156,18333286,117479442,38,0,0,10752,38,1719154386
4301,99149350,45195249,144344599,30,0,1,11776,30,9602171634
4302,99151133,18082833,117233966,47,0,0,5120,47,3928266187
4303,99156907,18770035,117926942,15,0,0,11264,15,415860768
4304,99157749,18206894,117364643,80,0,0,4608,80,9406617125
4305,99160780,45194715,144355495,99,0,1,2560,99,5078755495
4306,99162416,45196945,144359361,8,0,1,6144,8,575730404
4307,99170761,19165382,118336143,95,0,0,81920,95,1978120424
4308,99172685,18230624,117403309,21,0,0,16896,21,10181613809
4309,99173437,18687171,117860608,42,0,0,23552,42,5046500745
4310,99178065,45245810,144423875,76,0,1,17408,76,3117650625
4311,99187491,18221404,117408895,46,0,0,3584,46,2623441788
4312,99192705,45239803,144432508,82,0,1,26112,82,571469316
4313,99212357,18334997,117547354,54,0,0,5632,54,3746859281
4314,99215657,18329958,117545615,77,0,0,4096,77,6148130328
4315,99220255,19413766,118634021,26,0,0,181248,26,3602212108
4316,99236583,18220037,117456620,44,0,0,12288,44,4961650259
4317,99242090,18587039,117829129,43,0,0,25600,43,2442199330
4318,99242296,19285037,118527333,15,0,0,32768,15,5506273104
4319,99246732,18288385,117535117,11,0,0,34816,11,6514561266
4320,99249111,18441334,117690445,78,0,0,14336,78,1863290114
4321,99251913,45241349,144493262,92,0,1,3584,92,6014158014
4322,99255610,45244188,144499798,65,0,1,17408,65,4823434298
4323,99258621,45276755,144535376,43,0,1,2560,43,7198149088
4324,99265454,18457084,117722538,90,0,0,72704,90,9988548942
4325,99268135,18120624,117388759,31,0,0,4096,31,7895759338
4326,99270474,45267808,144538282,84,0,1,4608,84,6086711192
4327,99272765,46910200,146182965,39,0,1,582144,39,264146036
4328,99275703,18334878,117610581,50,0,0,1024,50,382199329
4329,99282555,19111583,118394138,15,0,0,2560,15,7552762912
4330,99289327,18452620,117741947,64,0,0,10240,64,3686737591
4331,99290225,47221496,146511721,32,0,1,266752,32,4874673107
4332,99296769,18609484,117906253,85,0,0,32256,85,10244677440
4333,99330612,18397175,117727787,41,0,0,4096,41,5160652472
4334,99335366,18549426,117884792,93,0,0,1536,93,8020732014
4335,99335995,18974546,118310541,20,0,0,5120,20,7709641371
4336,99336539,18873657,118210196,93,0,0,22016,93,4722703804
4337,99337061,18861321,118198382,62,0,0,65024,62,2946230333
4338,99352887,18413915,117766802,97,0,0,3584,97,3983621983
4339,99354777,18224260,117579037,63,0,0,9216,63,5694202092
4340,99360295,18734394,118094689,97,0,0,43520,97,5608405659
4341,99374665,47150564,146525229,17,0,1,3584,17,3093690669
4342,99375000,47156233,146531233,84,0,1,20480,84,3083235636
4343,99376217,18644126,118020343,79,0,0,17408,79,3677815165
4344,99382271,18587974,117970245,70,0,0,3584,70,9581392044
4345,99382551,18862632,118245183,62,0,0,28672,62,2590783672
4346,99383910,18888825,118272735,37,0,0,55296,37,5818352938
4347,99385063,19655654,119040717,60,0,0,79872,60,10412422629
4348,99388368,19037595,118425963,57,0,0,16896,57,3878031447
4349,99390370,18406657,117797027,58,0,0,29696,58,7219408285
4350,99391952,18640872,118032824,81,0,0,16384,81,8403106394
4351,99394909,19309124,118704033,55,0,0,30720,55,287021890
4352,99395120,19034526,118429646,42,0,0,9728,42,734770257
4353,99395711,18381765,117777476,55,0,0,15872,55,5241452822
4354,99397574,18482376,117879950,82,0,0,12800,82,4060650755
4355,99399371,18742337,118141708,59,0,0,38912,59,9048004637
4356,99408888,18947155,118356043,32,0,0,5632,32,6479887505
4357,99410173,18839089,118249262,95,0,0,13312,95,7434404717
4358,99420621,19000171,118420792,20,0,0,30208,20,7316689548
4359,99424678,47145267,146569945,97,0,1,15360,97,6114871611
4360,99425105,18849681,118274786,3,0,0,6656,3,4777649534
4361,99433317,47176241,146609558,34,0,1,4608,34,1768901403
4362,99438667,19069215,118507882,94,0,0,22528,94,3252062355
4363,99441314,18732360,118173674,18,0,0,8704,18,9200783933
4364,99442150,18568599,118010749,46,0,0,7680,46,2904372149
4365,99446795,19754914,119201709,56,0,0,36352,56,7885851673
4366,99448545,47161036,146609581,97,0,1,8704,97,5341849343
4367,99453547,19033651,118487198,45,0,0,15360,45,119397775
4368,99458237,18948861,118407098,39,0,0,16384,39,9394146884
4369,99461400,47361761,146823161,82,0,1,118272,82,458106082
4370,99465898,18697430,118163328,90,0,0,14336,90,9720697826
4371,99467034,18662795,118129829,0,0,0,25600,0,2805993914
4372,99474232,19677995,119152227,9,0,0,71680,9,10636239338
4373,99480346,19318085,118798431,79,0,0,41984,79,392960812
4374,99488608,18575386,118063994,86,0,0,5120,86,5177539617
4375,99489566,19146685,118636251,13,0,0,7168,13,4131805629
4376,99490009,18668928,118158937,4,0,0,8704,4,1900371679
4377,99494571,19238333,118732904,56,0,0,64000,56,2454205200
4378,99498439,19963576,119462015,0,0,0,72704,0,6236821468
4379,99512001,19048739,118560740,66,0,0,50688,66,767699516
4380,99515244,19256014,118771258,15,0,0,12800,15,935863226
4381,99518805,19788435,119307240,59,0,0,11776,59,6114501662
4382,99529954,19252936,118782890,7,0,0,5120,7,1328063065
4383,99536058,18855329,118391387,66,0,0,20992,66,3666649090
4384,99540867,18737389,118278256,6,0,0,9728,6,3269636300
4385,99560124,19607537,119167661,57,0,0,39936,57,4248118027
4386,99564418,47259614,146824032,25,0,1,12288,25,2226672698
4387,99567339,47296048,146863387,53,0,1,9728,53,5593290461
4388,99573134,19188936,118762070,41,0,0,48640,41,9463767125
4389,99582674,19281313,118863987,28,0,0,34304,28,6660738712
4390,99586868,18849398,118436266,45,0,0,14336,45,5769146066
4391,99589359,19354169,118943528,46,0,0,64000,46,4387633155
4392,99589876,19956568,119546444,3,0,0,13824,3,6413656160
4393,99590515,18952989,118543504,1,0,0,512,1,3185177539
4394,99592367,19206867,118799234,39,0,0,2560,39,8709569019
4395,99594768,18798567,118393335,85,0,0,5120,85,2598809540
4396,99595429,18978307,118573736,90,0,0,36864,90,8898070234
4397,99595749,18983002,118578751,9,0,0,16384,9,6699967389
4398,99598531,47267762,146866293,84,0,1,4608,84,9139812371
4399,99599257,19168078,118767335,22,0,0,10240,22,7053033994
4400,99601491,19343776,118945267,89,0,0,5632,89,5811800468
4401,99602726,20020696,119623422,83,0,0,58368,83,1273871743
4402,99603533,19320472,118924005,58,0,0,19456,58,4591440203
4403,99605207,18937541,118542748,69,0,0,3072,69,4779557831
4404,99610127,19137100,118747227,90,0,0,30208,90,6806585710
4405,99617992,19397671,119015663,70,0,0,4608,70,1720056403
4406,99623359,19139202,118762561,55,0,0,1536,55,1057441110
4407,99627557,19060811,118688368,65,0,0,1536,65,6623618984
4408,99632203,19554536,119186739,26,0,0,34816,26,158251570
4409,99634327,47252201,146886528,56,0,1,17920,56,5771565752
4410,99637944,19175165,118813109,38,0,0,3072,38,7786291751
4411,99640229,19337898,118978127,35,0,0,10752,35,9354761005
4412,99640843,19256024,118896867,3,0,0,12288,3,10436084468
4413,99653430,20132022,119785452,5,0,0,46592,5,3022179853
4414,99653626,19083466,118737092,51,0,0,7168,51,7137162822
4415,99658708,19807854,119466562,64,0,0,14848,64,5203794743
4416,99661377,19141780,118803157,87,0,0,12800,87,9883453557
4417,99663280,19734980,119398260,97,0,0,89088,97,6882462364
4418,99663700,47234800,146898500,34,0,1,6144,34,1126467347
4419,99674414,19217418,118891832,71,0,0,11264,71,5799894943
4420,99677794,18971988,118649782,39,0,0,2048,39,2035170735
4421,99682488,18993608,118676096,74,0,0,34304,74,8430665342
4422,99683776,19363204,119046980,4,0,0,20480,4,9820610068
4423,99687623,47211223,146898846,96,0,1,512,96,9221740185
4424,99687770,18989597,118677367,73,0,0,4096,73,845274809
4425,99690382,19265212,118955594,32,0,0,33792,32,8521603514
4426,99695603,47203397,146899000,89,0,1,8704,89,5956288513
4427,99697017,19191360,118888377,83,0,0,14336,83,7952409009
4428,99697209,19151520,118848729,8,0,0,6656,8,328359930
4429,99706141,19584925,119291066,96,0,0,24064,96,2500240227
4430,99720315,18987271,118707586,64,0,0,8704,64,4677820642
4431,99721111,19388635,119109746,2,0,0,31232,2,3511374572
4432,99725198,19241495,118966693,6,0,0,36352,6,7974028123
4433,99725399,19395157,119120556,64,0,0,9216,64,6343884862
4434,99729594,19773169,119502763,95,0,0,8704,95,6455732260
4435,99741420,19233408,118974828,29,0,0,26624,29,5941958874
4436,99758796,19248605,119007401,21,0,0,18432,21,112170753
4437,99762946,19231471,118994417,82,0,0,1024,82,5375719458
4438,99763069,19354656,119117725,44,0,0,26112,44,5263930786
4439,99767291,19439520,119206811,60,0,0,4608,60,9520714312
4440,99773042,19445520,119218562,17,0,0,35328,17,10125109960
4441,99775467,19277308,119052775,71,0,0,18944,71,4446974875
4442,99778053,19207871,118985924,6,0,0,3072,6,1935117811
4443,99784050,19311215,119095265,89,0,0,37888,89,4920480308
4444,99784135,19821480,119605615,52,0,0,46592,52,3379103205
4445,99785655,47114971,146900626,13,0,1,2560,13,992070923
4446,99789598,19841491,119631089,53,0,0,25088,53,6824602243
4447,99791777,47394246,147186023,19,0,1,182784,19,4493878724
4448,99800631,19353294,119153925,78,0,0,512,78,6707241567
4449,99802296,19474399,119276695,29,0,0,26624,29,8351330390
4450,99810481,19259853,119070334,47,0,0,5120,47,6049130276
4451,99819975,47367674,147187649,54,0,1,2560,54,578912799
4452,99829067,47359607,147188674,30,0,1,20992,30,6163771466
4453,99829886,47392617,147222503,49,0,1,6144,49,7835312674
4454,99832782,19435778,119268560,20,0,0,48128,20,5564983471
4455,99835389,19340719,119176108,19,0,0,27648,19,9756285333
4456,99841567,19829137,119670704,50,0,0,34816,50,2221037704
4457,99843855,19343531,119187386,89,0,0,2048,89,109671831
4458,99847633,47381322,147228955,25,0,1,10240,25,9098504846
4459,99852892,47379609,147232501,92,0,1,5632,92,4056855954
4460,99853101,19462274,119315375,84,0,0,26624,84,6579960242
4461,99853831,47382216,147236047,1,0,1,5632,1,9499560752
4462,99862041,19830940,119692981,45,0,0,65024,45,7023566758
4463,99863207,19576201,119439408,82,0,0,14848,82,9810824731
4464,99869381,19544439,119413820,86,0,0,36352,86,5133726934
4465,99873777,19973362,119847139,32,0,0,14848,32,2069824094
4466,99873834,19450464,119324298,59,0,0,29184,59,7521817448
4467,99874773,19829662,119704435,12,0,0,10752,12,6272234553
4468,99876916,19840007,119716923,73,0,0,12800,73,5692330386
4469,99879720,19555141,119434861,82,0,0,30208,82,2079301091
4470,99885204,47355349,147240553,76,0,1,7168,76,4142378783
4471,99885373,19990527,119875900,8,0,0,9216,8,8522029963
4472,99887941,20065775,119953716,12,0,0,38912,12,10263080490
4473,99890853,47359721,147250574,69,0,1,5120,69,10571721067
4474,99897231,19451479,119348710,65,0,0,10240,65,5114889120
4475,99907322,47430062,147337384,12,0,1,81408,12,10450597348
4476,99915571,19484896,119400467,75,0,0,7168,75,6692469347
4477,99916981,19453067,119370048,26,0,0,1536,26,327436697
4478,99917033,19558619,119475652,56,0,0,9216,56,10208259498
4479,99922167,19839487,119761654,83,0,0,23552,83,5878864217
4480,99929827,19425771,119355598,12,0,0,6144,12,1838949188
4481,99936449,19788533,119724982,11,0,0,5632,11,3493520973
4482,99936733,19990374,119927107,18,0,0,18432,18,3735538187
4483,99944930,47398129,147343059,92,0,1,3584,92,7531537998
4484,99945753,19634718,119580471,91,0,0,2560,91,6111036332
4485,99945841,19456872,119402713,71,0,0,5120,71,3987835234
4486,99953972,47390073,147344045,77,0,1,1536,77,5637388123
4487,99954982,19446132,119401114,18,0,0,2048,18,3189054284
4488,99955515,47710302,147665817,19,0,1,190464,19,7602898493
4489,99961837,20147651,120109488,80,0,0,28672,80,7970386019
4490,99962763,47703077,147665840,99,0,1,3072,99,3447890230
4491,99975378,19445254,119420632,66,0,0,11776,66,696994632
4492,99977773,47984518,147962291,81,0,1,222208,81,8738896559
4493,99983841,19994937,119978778,82,0,0,4096,82,10229774950
4494,99992069,19704078,119696147,77,0,0,7168,77,6470870891
4495,100004375,47958802,147963177,21,0,1,16896,21,9289100604
4496,100004722,20057371,120062093,22,0,0,44544,22,3343266962
4497,100008019,19821017,119829036,3,0,0,3072,3,1336148997
4498,100021432,47945931,147967363,43,0,1,6656,43,5162563111
4499,100026826,19780824,119807650,14,0,0,60416,14,3496241432
4500,100033007,47938862,147971869,99,0,1,7168,99,253376355
4501,100035396,19636579,119671975,52,0,0,4096,52,3016680382
4502,100037822,20033186,120071008,37,0,0,29184,37,1420139631
4503,100038189,19619168,119657357,10,0,0,13824,10,4505707521
4504,100062623,47927256,147989879,30,0,1,34816,30,123467277
4505,100068134,47954227,148022361,82,0,1,1536,82,6221359326
4506,100072914,19558978,119631892,41,0,0,2560,41,1951357099
4507,100076708,19617232,119693940,47,0,0,3072,47,6322216981
4508,100081556,19831009,119912565,50,0,0,2048,50,8726652233
4509,100088054,20000973,120089027,43,0,0,36864,43,1628570634
4510,100091131,20205941,120297072,23,0,0,22016,23,6164068436
4511,100099724,20152252,120251976,57,0,0,35328,57,230527058
4512,100105840,20554907,120660747,98,0,0,26624,98,2399044934
4513,100108256,19629480,119737736,77,0,0,512,77,4121058514
4514,100111621,20046326,120157947,7,0,0,7680,7,10468903189
4515,100116525,19651750,119768275,8,0,0,7680,8,8659844566
4516,100129906,20328704,120458610,46,0,0,102400,46,10134723068
4517,100148295,19640924,119789219,51,0,0,12288,51,8463786945
4518,100158203,19705376,119863579,93,0,0,48640,93,8030900737
4519,100159077,47863407,148022484,43,0,1,21504,43,5598218598
4520,100159828,19747984,119907812,30,0,0,13312,30,5304475051
4521,100160361,20038932,120199293,51,0,0,6144,51,3255810334
4522,100163944,19739789,119903733,93,0,0,2048,93,3444038061
4523,100178762,47931608,148110370,73,0,1,78336,73,4609112584
4524,100185910,47924806,148110716,85,0,1,512,85,7069526744
4525,100190229,48551100,148741329,60,0,1,539648,60,10459270075
4526,100192910,19793976,119986886,63,0,0,9728,63,7149453478
4527,100197307,19830914,120028221,18,0,0,4096,18,2997746907
4528,100202277,19949564,120151841,8,0,0,19968,8,5118349865
4529,100204032,20081261,120285293,53,0,0,33792,53,5092693132
4530,100213541,20105486,120319027,39,0,0,32256,39,3043296175
4531,100220882,48525888,148746770,21,0,1,22016,21,8519631815
4532,100224319,20084788,120309107,51,0,0,39424,51,2258599321
4533,100226237,19867337,120093574,9,0,0,14848,9,2513724204
4534,100228728,20231713,120460441,25,0,0,5632,25,1600126647
4535,100228967,20642239,120871206,53,0,0,45568,53,9446874417
4536,100231464,19806984,120038448,70,0,0,12288,70,305026919
4537,100236853,48530400,148767253,77,0,1,3072,77,2979392981
4538,100240750,19893092,120133842,3,0,0,6656,3,3538604889
4539,100240986,20185008,120425994,1,0,0,8192,1,5199490444
4540,100247887,20239925,120487812,82,0,0,512,82,4424031090
4541,100253524,19892210,120145734,87,0,0,20480,87,4973615417
4542,100259557,20135884,120395441,87,0,0,4096,87,592785395
4543,100262158,19955389,120217547,59,0,0,39424,59,990002031
4544,100263545,20130625,120394170,93,0,0,52224,93,6765326877
4545,100266318,20553832,120820150,97,0,0,29184,97,7328683834
4546,100267570,20760373,121027943,6,0,0,1024,6,2098521721
4547,100269932,20541257,120811189,24,0,0,56832,24,4971594036
4548,100274941,20425175,120700116,78,0,0,24576,78,8952132976
4549,100275817,19898402,120174219,37,0,0,5632,37,2800026625
4550,100277457,20224287,120501744,89,0,0,26624,89,3357648813
4551,100280346,19886226,120166572,69,0,0,2048,69,1832982116
4552,100281912,19990743,120272655,3,0,0,18944,3,1833046526
4553,100282855,48485064,148767919,89,0,1,1024,89,300965997
4554,100283862,20047338,120331200,30,0,0,10752,30,8680324248
4555,100284462,20217461,120501923,60,0,0,512,60,8259938391
4556,100287058,20922564,121209622,2,0,0,69632,2,5260980977
4557,100287173,19986909,120274082,66,0,0,4608,66,4092793289
4558,100287351,20740249,121027600,11,0,0,40448,11,10387454249
4559,100289075,20244303,120533378,12,0,0,19968,12,4712504527
4560,100291017,20847335,121138352,53,0,0,5120,53,9196098917
4561,100292092,20360520,120652612,82,0,0,32256,82,5560859751
4562,100293411,48509418,148802829,80,0,1,13824,80,4042580197
4563,100294299,48539322,148833621,60,0,1,56832,60,77715612
4564,100295458,20080572,120376030,81,0,0,8192,81,7619397567
4565,100298593,20589075,120887668,74,0,0,14336,74,8809239440
4566,100306369,20279118,120585487,84,0,0,47104,84,1445899893
4567,100306695,20575550,120882245,12,0,0,29184,12,2282943534
4568,100306973,20445786,120752759,24,0,0,3584,24,1291214937
4569,100310246,20217025,120527271,57,0,0,35328,57,6626876623
4570,100311412,20626195,120937607,42,0,0,3072,42,1027135565
4571,100317742,20231249,120548991,12,0,0,15872,12,335616782
4572,100318290,48520793,148839083,89,0,1,6144,89,153253397
4573,100319398,21160051,121479449,51,0,0,72704,51,10464201190
4574,100329933,20413128,120743061,78,0,0,23552,78,7337650570
4575,100332404,48662007,148994411,14,0,1,129024,14,6802107322
4576,100337487,20249138,120586625,93,0,0,3584,93,5336773538
4577,100349017,20399895,120748912,95,0,0,8192,95,7172830218
4578,100360170,20766413,121126583,61,0,0,39424,61,9651755062
4579,100361172,48697616,149058788,11,0,1,12288,11,8590813595
4580,100364622,20584776,120949398,3,0,0,20992,3,9141835024
4581,100373591,20641662,121015253,82,0,0,45056,82,5789434968
4582,100374795,48688819,149063614,17,0,1,7680,17,8766211048
4583,100377635,21052582,121430217,44,0,0,74752,44,3523627006
4584,100378480,20758289,121136769,68,0,0,17920,68,6703926904
4585,100379260,48684700,149063960,94,0,1,512,94,4162971735
4586,100379525,20289513,120669038,39,0,0,27136,39,6862529011
4587,100381354,20763549,121144903,93,0,0,512,93,4938416483
4588,100385343,20777881,121163224,67,0,0,8704,67,8030245748
4589,100389809,21111537,121501346,5,0,0,43520,5,853670159
4590,100392968,20839127,121232095,55,0,0,43008,55,3655643650
4591,100400962,48666224,149067186,91,0,1,5120,91,4029563012
4592,100407780,20763367,121171147,84,0,0,25088,84,2144234418
4593,100429436,48640336,149069772,45,0,1,4096,45,9914248555
4594,100433361,20277302,120710663,86,0,0,8704,86,4546356178
4595,100434422,20553627,120988049,76,0,0,10240,76,6442794385
4596,100441141,48629399,149070540,95,0,1,11776,95,9497841036
4597,100458135,48630398,149088533,87,0,1,22016,87,69612650
4598,100461463,20778166,121239629,78,0,0,2048,78,1641615251
4599,100477205,48631206,149108411,96,0,1,5120,96,7749279774
4600,100480741,48627693,149108434,54,0,1,11264,54,3019585159
4601,100492867,48642742,149135609,1,0,1,2560,1,7902043672
4602,100494295,20620253,121114548,74,0,0,52736,74,10595451368
4603,100497826,20822613,121320439,70,0,0,74240,70,9691234865
4604,100503723,48641079,149144802,8,0,1,22016,8,10707230611
4605,100512135,48633231,149145366,21,0,1,10752,21,1802268985
4606,100529520,48622221,149151741,56,0,1,18944,56,7257403099
4607,100531378,21204225,121735603,13,0,0,28160,13,5755061115
4608,100534477,20180146,120714623,14,0,0,1536,14,3323599340
4609,100537184,20920067,121457251,41,0,0,48128,41,3029822305
4610,100538950,20242937,120781887,25,0,0,8704,25,2148572828
4611,100556425,20189853,120746278,52,0,0,5120,52,5454746758
4612,100573046,20747728,121320774,18,0,0,1024,18,4379495807
4613,100577973,21472019,122049992,55,0,0,27136,55,5268368202
4614,100580807,20256645,120837452,78,0,0,8704,78,1195460288
4615,100583422,20491577,121074999,40,0,0,14848,40,7462689986
4616,100585476,20321489,120906965,63,0,0,2048,63,9624433183
4617,100587473,20341182,120928655,85,0,0,28160,85,6276104356
4618,100588590,48601867,149190457,67,0,1,2048,67,2820414604
4619,100589343,21092583,121681926,92,0,0,93696,92,6445131729
4620,100591144,20375546,120966690,74,0,0,7168,74,5848383504
4621,100597224,48593256,149190480,84,0,1,512,84,6440683478
4622,100607685,48582818,149190503,95,0,1,11776,95,5362897743
4623,100607968,20799450,121407418,54,0,0,31232,54,2793632539
4624,100614790,20681499,121296289,68,0,0,512,68,1284204042
4625,100617613,20910426,121528039,33,0,0,12288,33,2063158191
4626,100625374,48616107,149241481,21,0,1,16896,21,10453127292
4627,100628001,20503285,121131286,42,0,0,15360,42,8938102468
4628,100629100,20609882,121238982,54,0,0,22528,54,5762780118
4629,100634153,20461341,121095494,97,0,0,11776,97,2998909093
4630,100634821,48609046,149243867,1,0,1,4096,1,10534292495
4631,100635960,20851225,121487185,63,0,0,1536,63,1919813497
4632,100656175,20982493,121638668,97,0,0,17408,97,3524041836
4633,100656211,48649438,149305649,29,0,1,38400,29,8937849209
4634,100665725,20393436,121059161,19,0,0,15360,19,7620590355
4635,100672072,21459106,122131178,7,0,0,70656,7,4521219806
4636,100683360,21085632,121768992,41,0,0,81920,41,686835339
4637,100687986,21209773,121897759,59,0,0,8192,59,5332091028
4638,100702109,20452519,121154628,47,0,0,17920,47,3801933826
4639,100702371,20818954,121521325,70,0,0,20992,70,1544304142
4640,100704295,20738269,121442564,69,0,0,40448,69,10389588690
4641,100716702,49026367,149743069,35,0,1,157696,35,8597033357
4642,100721466,21319164,122040630,49,0,0,7680,49,7618763167
4643,100727416,20541468,121268884,79,0,0,19968,79,2862086822
4644,100738871,49004864,149743735,95,0,1,1024,95,6840471957
4645,100750098,20422787,121172885,20,0,0,2048,20,4677829250
4646,100752905,20594429,121347334,23,0,0,4096,23,5605339077
4647,100758783,20796721,121555504,87,0,0,1024,87,4343837751
4648,100769942,20442511,121212453,26,0,0,9216,26,8394420260
4649,100771082,20955910,121726992,97,0,0,21504,97,8890687315
4650,100777595,48985491,149763086,90,0,1,30208,90,6649432900
4651,100794551,48968558,149763109,91,0,1,3072,91,7563327513
4652,100794700,48968432,149763132,11,0,1,12288,11,1523845550
4653,100798614,21558822,122357436,95,0,0,61440,95,243194133
4654,100799403,48973880,149773283,28,0,1,2560,28,2252954045
4655,100802140,48974369,149776509,64,0,1,5120,64,3335744538
4656,100812561,20886236,121698797,72,0,0,55296,72,10055849620
4657,100816724,21007212,121823936,31,0,0,8192,31,4938423698
4658,100833863,48948915,149782778,8,0,1,6144,8,10385426429
4659,100836645,20672659,121509304,32,0,0,1536,32,10430657364
4660,100839430,20813925,121653355,73,0,0,48128,73,6178730155
4661,100853723,21613648,122467371,29,0,0,40448,29,8536836376
4662,100857040,20698129,121555169,1,0,0,25600,1,9869345822
4663,100871159,20933477,121804636,9,0,0,10752,9,5966000195
4664,100877541,20500838,121378379,25,0,0,1024,25,861571897
4665,100878422,20608226,121486648,88,0,0,23552,88,5426013479
4666,100882136,48946198,149828334,94,0,1,20992,94,10555127609
4667,100884071,21324137,122208208,8,0,0,99328,8,8020197032
4668,100888526,48944314,149832840,30,0,1,7168,30,6555131936
4669,100894266,48961890,149856156,60,0,1,29184,60,4773550369
4670,100896336,20893302,121789638,57,0,0,37888,57,7437202214
4671,100913984,20900182,121814166,89,0,0,27648,89,3006360059
4672,100915853,21016728,121932581,62,0,0,3584,62,4645975940
4673,100916794,21375094,122291888,4,0,0,121344,4,5765502140
4674,100917540,48967613,149885153,64,0,1,12288,64,9983888969
4675,100918044,20643723,121561767,11,0,0,20480,11,7663335340
4676,100920904,21415894,122336798,77,0,0,1024,77,3612048950
4677,100923013,48962163,149885176,43,0,1,15872,43,4836459924
4678,100924064,20785075,121709139,76,0,0,14336,76,2613579963
4679,100929583,48970669,149900252,75,0,1,9216,75,8581268913
4680,100937393,48996308,149933701,0,0,1,2048,0,10192763765
4681,100940254,49017769,149958023,99,0,1,22016,99,8767083516
4682,100941563,49016483,149958046,77,0,1,8704,77,1139960137
4683,100944020,21209980,122154000,95,0,0,44032,95,4294676798
4684,100946162,20763468,121709630,54,0,0,1536,54,8422498460
4685,100967291,49087251,150054542,99,0,1,3584,99,6783437933
4686,100969816,20750601,121720417,7,0,0,35328,7,9431660675
4687,100971978,21426088,122398066,28,0,0,28160,28,422148738
4688,100972267,20732481,121704748,66,0,0,19456,66,2541130727
4689,100974665,20937727,121912392,63,0,0,36352,63,2576815349
4690,100995064,20824117,121819181,15,0,0,16384,15,4908454353
4691,100996180,49058385,150054565,45,0,1,3072,45,2385710994
4692,100996867,20990808,121987675,76,0,0,56320,76,9145338781
4693,100998971,21339722,122338693,31,0,0,6144,31,9766290703
4694,101010034,49044554,150054588,64,0,1,10240,64,9943491862
4695,101010636,21619626,122630262,69,0,0,105984,69,6794218432
4696,101039169,20802753,121841922,65,0,0,17920,65,8732428813
4697,101039785,21100776,122140561,37,0,0,30720,37,7184386829
4698,101050658,21468023,122518681,97,0,0,69120,97,258851395
4699,101064444,21044279,122108723,0,0,0,20992,0,6821330582
4700,101070475,21236100,122306575,41,0,0,48128,41,9331332268
4701,101081039,20984373,122065412,86,0,0,7168,86,8391885660
4702,101083520,48971099,150054619,45,0,1,5120,45,7905426582
4703,101093866,48960776,150054642,87,0,1,9728,87,988692032
4704,101100837,20864859,121965696,66,0,0,4608,66,5929716771
4705,101106475,20864017,121970492,56,0,0,4096,56,443497440
4706,101109097,20850712,121959809,4,0,0,12288,4,3263480695
4707,101119852,21214560,122334412,88,0,0,40960,88,71182227
4708,101131697,20883546,122015243,33,0,0,1536,33,1493174418
4709,101135814,21265395,122401209,82,0,0,10240,82,3806221562
4710,101139688,21563810,122703498,57,0,0,1024,57,6889840395
4711,101141104,49157587,150298691,60,0,1,137216,60,1643349132
4712,101144707,21033035,122177742,41,0,0,37376,41,5458580146
4713,101146365,21441305,122587670,6,0,0,52224,6,7357028731
4714,101150504,20787078,121937582,43,0,0,3072,43,3426158059
4715,101151476,20946118,122097594,51,0,0,3072,51,8171860125
4716,101156347,21021574,122177921,65,0,0,512,65,6832420241
4717,101170469,49186324,150356793,84,0,1,8192,84,8464398647
4718,101182778,21272246,122455024,58,0,0,13824,58,2224110698
4719,101190765,20801207,121991972,14,0,0,3072,14,6869072739
4720,101192201,21216207,122408408,87,0,0,23552,87,6254880725
4721,101210671,49148068,150358739,67,0,1,3072,67,5806759666
4722,101210873,21022971,122233844,45,0,0,25088,45,5878099575
4723,101224627,21585600,122810227,55,0,0,35328,55,5299277328
4724,101226119,21563744,122789863,43,0,0,117248,43,3379671770
4725,101229121,21342614,122571735,69,0,0,8704,69,7380479068
4726,101230489,21201587,122432076,86,0,0,18432,86,5235013676
4727,101241255,21071271,122312526,65,0,0,19456,65,8904419153
4728,101243451,21093012,122336463,61,0,0,6656,61,10287948186
4729,101244689,49119109,150363798,16,0,1,2048,16,2855424527
4730,101245358,21323702,122569060,67,0,0,25600,67,4916827506
4731,101248327,21006566,122254893,3,0,0,15872,3,6790515879
4732,101249978,21439379,122689357,4,0,0,10752,4,4378576686
4733,101251325,21138138,122389463,77,0,0,60416,77,8912020190
4734,101252390,21069519,122321909,23,0,0,30720,23,8668408510
4735,101252643,21858253,123110896,90,0,0,18944,90,9707376665
4736,101253629,21644011,122897640,54,0,0,40448,54,950878206
4737,101254168,21196621,122450789,93,0,0,28672,93,2673533901
4738,101256544,21104703,122361247,91,0,0,1024,91,6029974471
4739,101262695,21335252,122597947,92,0,0,33280,92,9244300040
4740,101263019,21557619,122820638,11,0,0,21504,11,3039703937
4741,101278045,21974277,123252322,79,0,0,3072,79,5988603395
4742,101283885,21576766,122860651,33,0,0,42496,33,753251591
4743,101286263,21467853,122754116,25,0,0,14336,25,2192823328
4744,101290400,21634926,122925326,52,0,0,25600,52,7137795056
4745,101300982,21251730,122552712,9,0,0,37888,9,2730479573
4746,101307620,21324077,122631697,39,0,0,4608,39,5879237667
4747,101309399,22094069,123403468,55,0,0,29184,55,5777233432
4748,101316912,21594206,122911118,24,0,0,9216,24,8491806483
4749,101322738,21310698,122633436,40,0,0,5632,40,991856347
4750,101323306,21145336,122468642,25,0,0,4096,25,2974710985
4751,101324032,49667499,150991531,96,0,1,226304,96,4138064769
4752,101328726,49716340,151045066,13,0,1,10240,13,7573960002
4753,101334074,21374474,122708548,99,0,0,10752,99,7258667155
4754,101339974,22530148,123870122,41,0,0,53760,41,2067674355
4755,101345307,21444899,122790206,26,0,0,1024,26,3835839492
4756,101349964,49728681,151078645,54,0,1,16896,54,513356414
4757,101358375,21662477,123020852,38,0,0,15360,38,7008237583
4758,101381241,21368484,122749725,37,0,0,2048,37,286876866
4759,101392835,49686156,151078991,34,0,1,512,34,8063302151
4760,101394260,21417238,122811498,8,0,0,4096,8,4042059971
4761,101396979,21237728,122634707,79,0,0,4096,79,626490949
4762,101397189,49696142,151093331,34,0,1,7680,34,9784644736
4763,101399794,21275524,122675318,40,0,0,7168,40,7802113742
4764,101400667,21553333,122954000,63,0,0,7680,63,3620270105
4765,101406211,21299038,122705249,82,0,0,4096,82,6159348578
4766,101425005,21559051,122984056,27,0,0,13824,27,1551718568
4767,101433823,49664406,151098229,90,0,1,512,90,8647683243
4768,101438416,49660159,151098575,19,0,1,512,19,10220011374
4769,101453580,49646621,151100201,8,0,1,2560,8,6696284772
4770,101454108,49651790,151105898,90,0,1,18944,90,1507147159
4771,101464814,49641340,151106154,77,0,1,9216,77,2595721610
4772,101468877,21499611,122968488,11,0,0,27136,11,4155490111
4773,101471428,49669757,151141185,8,0,1,17920,8,7778441030
4774,101482437,21713744,123196181,46,0,0,45568,46,6683462923
4775,101504641,21519977,123024618,71,0,0,9728,71,10660172505
4776,101508157,21406627,122914784,71,0,0,1536,71,2401168849
4777,101515357,21454558,122969915,22,0,0,4608,22,8288355917
4778,101523193,21527075,123050268,60,0,0,2048,60,7385917637
4779,101530964,21710485,123241449,82,0,0,78848,82,4053349668
4780,101532567,21402665,122935232,77,0,0,1536,77,52539889
4781,101532760,22459080,123991840,64,0,0,1536,64,10732354827
4782,101537689,22089235,123626924,23,0,0,12800,23,4831925593
4783,101538477,49602731,151141208,87,0,1,512,87,1122348529
4784,101540693,21907772,123448465,91,0,0,15360,91,5843302746
4785,101541483,21454169,122995652,41,0,0,13312,41,4852588064
4786,101543449,21806306,123349755,96,0,0,37888,96,7309165500
4787,101552481,21614119,123166600,13,0,0,40448,13,5261934055
4788,101555443,21908451,123463894,52,0,0,32256,52,2047502523
4789,101559967,22160943,123720910,85,0,0,41984,85,10698053743
4790,101560178,21827210,123387388,34,0,0,6656,34,9700152057
4791,101562130,21620144,123182274,9,0,0,40960,9,2983721627
4792,101563449,21947242,123510691,6,0,0,40448,6,8882732156
4793,101570856,21941932,123512788,58,0,0,6656,58,6592967343
4794,101572984,49568247,151141231,92,0,1,1024,92,10138497016
4795,101573116,21705473,123278589,70,0,0,10240,70,7545303276
4796,101573180,21627361,123200541,73,0,0,8192,73,2991092384
4797,101576423,22097481,123673904,54,0,0,27136,54,2275853726
4798,101576958,21914008,123490966,32,0,0,86016,32,7941084545
4799,101601005,21897339,123498344,41,0,0,20992,41,1597731049
4800,101611256,21714018,123325274,31,0,0,1536,31,6365199517
4801,101612638,21770466,123383104,77,0,0,43008,77,8727608827
4802,101613676,21711107,123324783,22,0,0,23552,22,1025549060
4803,101623476,22059811,123683287,31,0,0,30720,31,4560799477
4804,101623543,22135421,123758964,0,0,0,35840,0,10286941654
4805,101629916,21500778,123130694,92,0,0,1024,92,8977468142
4806,101646392,49494862,151141254,89,0,1,3072,89,7271683780
4807,101652498,22091523,123744021,61,0,0,66560,61,102941200
4808,101652835,49489072,151141907,1,0,1,12288,1,2503618270
4809,101673853,22117348,123791201,37,0,0,13824,37,1885180494
4810,101674835,21846423,123521258,53,0,0,5632,53,8462677816
4811,101678648,21840871,123519519,78,0,0,22016,78,1251733197
4812,101696744,21795181,123491925,66,0,0,3072,66,7110667414
4813,101705617,22359761,124065378,46,0,0,9728,46,6756558
4814,101716625,22254787,123971412,78,0,0,25088,78,2592099787
4815,101717928,49424952,151142880,94,0,1,12800,94,987601150
4816,101728343,22125376,123853719,2,0,0,3072,2,4883229771
4817,101729280,22095222,123824502,38,0,0,17920,38,9252863174
4818,101736335,21858221,123594556,54,0,0,44544,54,5838943161
4819,101739637,22111072,123850709,85,0,0,57344,85,9926425376
4820,101744399,21921191,123665590,40,0,0,59904,40,1420195905
4821,101749947,22018705,123768652,24,0,0,9216,24,9187301170
4822,101752124,49414157,151166281,11,0,1,16896,11,7794062771
4823,101758980,21864021,123623001,43,0,0,18432,43,6996395513
4824,101761703,22480849,124242552,85,0,0,79360,85,7002352249
4825,101762863,49412230,151175093,72,0,1,2560,72,9125226367
4826,101764116,22324452,124088568,38,0,0,48640,38,2433581859
4827,101768851,22391363,124160214,26,0,0,52224,26,9591786346
4828,101771561,22081199,123852760,24,0,0,6656,24,6187050105
4829,101776382,22021370,123797752,3,0,0,3072,3,10338560999
4830,101781315,22632987,124414302,92,0,0,159744,92,9218446486
4831,101781938,22005028,123786966,33,0,0,5632,33,7963707069
4832,101785766,22157201,123942967,34,0,0,18944,34,3647978627
4833,101787298,49414995,151202293,21,0,1,11264,21,5807894474
4834,101788265,22243961,124032226,62,0,0,45568,62,9621453248
4835,101790381,22660839,124451220,2,0,0,17408,2,10254410297
4836,101793023,21982672,123775695,43,0,0,14336,43,10485646067
4837,101794751,22528967,124323718,87,0,0,2048,87,7003154666
4838,101802907,22171648,123974555,76,0,0,10240,76,3577658028
4839,101803014,22642879,124445893,74,0,0,80896,74,3935584553
4840,101803632,22116647,123920279,29,0,0,47616,29,7987814994
4841,101810660,22760557,124571217,31,0,0,23552,31,6535464177
4842,101816527,22159923,123976450,33,0,0,6144,33,2861900450
4843,101817565,22068609,123886174,52,0,0,5632,52,9335612196
4844,101818618,22348015,124166633,2,0,0,20992,2,10651977681
4845,101821556,22309814,124131370,90,0,0,39936,90,1307508709
4846,101823969,22285017,124108986,42,0,0,5632,42,7778370358
4847,101824208,22495408,124319616,81,0,0,14848,81,4418725789
4848,101834784,22272371,124107155,40,0,0,60928,40,10480164714
4849,101835645,22707106,124542751,78,0,0,48640,78,9812102378
4850,101851106,22802341,124653447,77,0,0,16384,77,1537462734
4851,101851481,22514126,124365607,37,0,0,35840,37,2354720836
4852,101852386,22101729,123954115,1,0,0,5120,1,1831128225
4853,101854541,22390218,124244759,62,0,0,7168,62,7779408997
4854,101859115,50202924,152062039,35,0,1,362496,35,2245958648
4855,101860495,22650546,124511041,87,0,0,23040,87,8288341891
4856,101879215,22193019,124072234,74,0,0,7168,74,10104684546
4857,101880048,50235174,152115222,59,0,1,30720,59,10467469664
4858,101884977,50230591,152115568,27,0,1,512,27,9575399091
4859,101906175,22408894,124315069,88,0,0,108032,88,5126088763
4860,101909272,22200205,124109477,37,0,0,1536,37,8378285108
4861,101909663,50210411,152120074,56,0,1,7168,56,1070718555
4862,101926488,22617690,124544178,98,0,0,4608,98,2181453757
4863,101935587,22562713,124498300,85,0,0,51712,85,2403009801
4864,101938458,22308040,124246498,92,0,0,5632,92,1349343845
4865,101941026,22475951,124416977,63,0,0,8704,63,228532834
4866,101941652,22386227,124327879,41,0,0,1024,41,10548314438
4867,101945724,22377347,124323071,38,0,0,11264,38,498652559
4868,101959518,22495937,124455455,74,0,0,13824,74,7575852166
4869,101960277,50195622,152155899,84,0,1,13312,84,5533495511
4870,101961912,22502892,124464804,58,0,0,14848,58,2253722665
4871,101969886,22843269,124813155,79,0,0,40960,79,9641974204
4872,101975517,50180405,152155922,94,0,1,2048,94,3563341395
4873,101978947,22731054,124710001,19,0,0,18432,19,4745517406
4874,101980169,22441053,124421222,21,0,0,13824,21,1420686562
4875,101981004,22640839,124621843,80,0,0,93184,80,4548503866
4876,101983088,23122775,125105863,79,0,0,40448,79,6879172850
4877,101999262,22460995,124460257,86,0,0,8704,86,3556741890
4878,102000261,22789893,124790154,7,0,0,70656,7,2029013521
4879,102018620,22663230,124681850,21,0,0,27136,21,7112903074
4880,102021477,22542541,124564018,96,0,0,39424,96,4453701238
4881,102023138,22777514,124800652,7,0,0,22016,7,7460123403
4882,102025806,22742797,124768603,12,0,0,7680,12,196551883
4883,102032176,22604375,124636551,14,0,0,17920,14,6698567628
4884,102037206,22756715,124793921,53,0,0,12288,53,916119391
4885,102038384,50117561,152155945,69,0,1,1536,69,5264229235
4886,102049871,22428686,124478557,47,0,0,13312,47,9228845073
4887,102051914,22473110,124525024,56,0,0,18432,56,5989694544
4888,102057482,50098486,152155968,17,0,1,15360,17,5785325236
4889,102068648,22560431,124629079,3,0,0,2048,3,4208489544
4890,102068741,22697499,124766240,71,0,0,66048,71,954545804
4891,102069281,22448491,124517772,56,0,0,22016,56,1055797301
4892,102077483,22901936,124979419,99,0,0,39936,99,4761413523
4893,102084516,22867981,124952497,95,0,0,13824,95,9497459010
4894,102086579,22487001,124573580,42,0,0,7680,42,1565495209
4895,102089618,22824863,124914481,89,0,0,5632,89,6240444012
4896,102096016,22811074,124907090,40,0,0,1536,40,8406919638
4897,102104271,23086784,125191055,29,0,0,17920,29,2555036364
4898,102110442,22354853,124465295,59,0,0,1536,59,7270929806
4899,102117640,50056506,152174146,13,0,1,6656,13,1833264892
4900,102119231,22744004,124863235,59,0,0,25088,59,3806713166
4901,102122914,50053818,152176732,87,0,1,4096,87,6043042457
4902,102125202,22868124,124993326,44,0,0,45568,44,2543020296
4903,102127593,50356714,152484307,52,0,1,104960,52,2290863242
4904,102139767,22743771,124883538,1,0,0,66560,1,10037811130
4905,102144050,22748091,124892141,89,0,0,28160,89,4047348007
4906,102148982,23050520,125199502,13,0,0,27648,13,89691455
4907,102156161,23154786,125310947,44,0,0,59392,44,4726942458
4908,102157613,22748986,124906599,86,0,0,39936,86,8625265802
4909,102160273,22836040,124996313,37,0,0,9728,37,5607366339
4910,102160979,22992120,125153099,91,0,0,15360,91,3360439183
4911,102163064,22892647,125055711,42,0,0,36864,42,8140732034
4912,102163800,22984596,125148396,18,0,0,53760,18,277125142
4913,102167575,22925941,125093516,15,0,0,75776,15,7701752267
4914,102170121,50360161,152530282,35,0,1,32768,35,2614337499
4915,102174799,23240868,125415667,10,0,0,27648,10,3517098661
4916,102177256,50362431,152539687,60,0,1,4608,60,6964995379
4917,102178202,50361831,152540033,54,0,1,512,54,10676335303
4918,102196815,50372598,152569413,80,0,1,4608,80,8965286797
4919,102203974,23008591,125212565,28,0,0,42496,28,3432591205
4920,102219124,22949355,125168479,62,0,0,40960,62,247969652
4921,102220273,23049716,125269989,45,0,0,15872,45,4315260833
4922,102221756,50350563,152572319,53,0,1,4608,53,6313409015
4923,102225480,23181740,125407220,45,0,0,71168,45,2699522764
4924,102228819,22503726,124732545,22,0,0,9216,22,5877500363
4925,102238135,22828051,125066186,89,0,0,34304,89,1875766169
4926,102238742,23358619,125597361,7,0,0,25600,7,3390520741
4927,102241207,22764948,125006155,86,0,0,17408,86,8544709191
4928,102244320,50329235,152573555,21,0,1,1024,21,2263736445
4929,102245101,50377036,152622137,64,0,1,13824,64,4929534096
4930,102245820,50412578,152658398,78,0,1,15872,78,4587992524
4931,102249341,22765309,125014650,21,0,0,4096,21,1805399335
4932,102249521,22936051,125185572,46,0,0,54784,46,5697192651
4933,102252951,23038645,125291596,23,0,0,18432,23,8941884082
4934,102253211,22861995,125115206,9,0,0,9728,9,7512434680
4935,102253428,23028138,125281566,17,0,0,10240,17,5066684639
4936,102254350,23058336,125312686,80,0,0,5632,80,6282338969
4937,102268584,22855131,125123715,11,0,0,5120,11,9423971955
4938,102269854,23151015,125420869,65,0,0,6656,65,8089439917
4939,102271586,22837599,125109185,8,0,0,2560,8,6627909184
4940,102279424,22828958,125108382,30,0,0,8192,30,10255611068
4941,102284485,50416767,152701252,95,0,1,12800,95,1400477765
4942,102293016,22862914,125155930,89,0,0,9216,89,791265802
4943,102294631,50416819,152711450,60,0,1,5632,60,2758833512
4944,102298306,23075652,125373958,54,0,0,17408,54,1600945405
4945,102298627,23070004,125368631,39,0,0,74752,39,4474682576
4946,102301248,22984709,125285957,46,0,0,14336,46,10360860022
4947,102302854,50408619,152711473,74,0,1,2048,74,10581258199
4948,102303135,22910653,125213788,91,0,0,3584,91,8793379942
4949,102306387,23614545,125920932,70,0,0,26624,70,50611369
4950,102306892,23078621,125385513,85,0,0,14848,85,4681961253
4951,102312008,22966415,125278423,80,0,0,20480,80,10496268141
4952,102317278,23186428,125503706,99,0,0,37888,99,4507903374
4953,102321273,23324201,125645474,50,0,0,102400,50,3961568911
4954,102322401,23102966,125425367,59,0,0,9216,59,4970502458
4955,102322402,23257777,125580179,81,0,0,18432,81,5741353323
4956,102325820,23398713,125724533,99,0,0,20480,99,2920783258
4957,102331795,23117130,125448925,19,0,0,40960,19,3188038793
4958,102336746,23177862,125514608,12,0,0,11776,12,6858689995
4959,102336959,23611373,125948332,29,0,0,9216,29,9587079130
4960,102346546,23163960,125510506,72,0,0,22016,72,7532484828
4961,102360863,23334851,125695714,75,0,0,34816,75,5146005852
4962,102364326,23623758,125988084,74,0,0,22016,74,6860485267
4963,102364724,23320359,125685083,11,0,0,17408,11,2372488956
4964,102365763,23283166,125648929,14,0,0,11264,14,8484852752
4965,102367673,23371885,125739558,6,0,0,11264,6,6151282585
4966,102367749,22895880,125263629,83,0,0,512,83,5998400009
4967,102378153,50355293,152733446,55,0,1,17408,55,7611246598
4968,102379111,23039699,125418810,27,0,0,10240,27,4804057174
4969,102381810,23090603,125472413,57,0,0,11264,57,6182840618
4970,102386515,23049907,125436422,88,0,0,18432,88,7020842462
4971,102401637,23306424,125708061,68,0,0,40448,68,2379204628
4972,102402235,50386886,152789121,35,0,1,34816,35,8908661297
4973,102409895,23373330,125783225,8,0,0,40960,8,175939573
4974,102414972,50460681,152875653,32,0,1,64000,32,1071965691
4975,102423434,22914504,125337938,43,0,0,12800,43,2355568097
4976,102426979,23798047,126225026,75,0,0,71680,75,1793456833
4977,102450647,23310781,125761428,80,0,0,42496,80,9533795024
4978,102456224,50598505,153054729,47,0,1,39936,47,4972642462
4979,102483358,22982887,125466245,86,0,0,6144,86,6157729867
4980,102490701,23175441,125666142,18,0,0,10240,18,6176024927
4981,102500238,23214577,125714815,69,0,0,22016,69,3653923631
4982,102509874,50544878,153054752,99,0,1,4608,99,7998244044
4983,102514836,23290559,125805395,94,0,0,11776,94,6729970122
4984,102517290,23637428,126154718,44,0,0,14336,44,9992065981
4985,102520153,23525216,126045369,14,0,0,10752,14,7201066517
4986,102521006,23211872,125732878,8,0,0,7680,8,4233033001
4987,102527135,23418343,125945478,71,0,0,18432,71,2446725583
4988,102531102,23230661,125761763,37,0,0,1024,37,2533799196
4989,102543989,23576074,126120063,79,0,0,15872,79,9824065405
4990,102546250,23362289,125908539,39,0,0,11776,39,5913430270
4991,102547502,23109346,125656848,59,0,0,8704,59,8406641183
4992,102553675,23057033,125610708,99,0,0,20992,99,7492750427
4993,102558841,23696518,126255359,23,0,0,7680,23,702946768
4994,102559645,23335936,125895581,26,0,0,74752,26,10161447590
4995,102559795,23097629,125657424,8,0,0,512,8,8411320375
4996,102570664,50484111,153054775,13,0,1,1536,13,9694047156
4997,102579427,23072333,125651760,57,0,0,9216,57,7442897278
4998,102586444,50468354,153054798,80,0,1,1536,80,3105038953
4999,102595949,23134535,125730484,60,0,0,19456,60,2002113876
5000,102615881,23323950,125939831,48,0,0,61952,48,9188055676
5001,102642901,23075369,125718270,44,0,0,11264,44,3538178245
5002,102649181,23183040,125832221,12,0,0,6656,12,5562505079
5003,102658499,23160868,125819367,9,0,0,2560,9,10069960779
5004,102665265,23105355,125770620,12,0,0,9216,12,9477367900
5005,102672599,23162908,125835507,70,0,0,5120,70,5574581835
5006,102673845,23182020,125855865,20,0,0,21504,20,7033185031
5007,102675067,23124245,125799312,13,0,0,4608,13,1579913914
5008,102693067,23657094,126350161,48,0,0,26112,48,6669725866
5009,102696267,50358554,153054821,77,0,1,4608,77,8229163968
5010,102696519,50358325,153054844,43,0,1,3584,43,3087044740
5011,102703077,23041071,125744148,32,0,0,8704,32,3208169093
5012,102705903,23346786,126052689,50,0,0,19968,50,10228959506
5013,102722592,50332275,153054867,9,0,1,9216,9,3768329285
5014,102727754,23087989,125815743,46,0,0,15872,46,9389487686
5015,102728795,50334230,153063025,21,0,1,6144,21,6969585396
5016,102738475,23171335,125909810,95,0,0,4096,95,1007415234
5017,102744757,23341991,126086748,22,0,0,14336,22,6114973360
5018,102754652,23395675,126150327,5,0,0,34816,5,8474952777
5019,102763672,23528172,126291844,51,0,0,50176,51,2182044683
5020,102766798,23489988,126256786,97,0,0,4608,97,2878465978
5021,102774085,23844678,126618763,26,0,0,24064,26,1265444555
5022,102777660,24692176,127469836,12,0,0,32256,12,5205838332
5023,102792164,23550018,126342182,96,0,0,15360,96,7796939247
5024,102795980,23373793,126169773,17,0,0,23552,17,6258550913
5025,102797936,23114861,125912797,5,0,0,9728,5,3674344814
5026,102809872,50356488,153166360,77,0,1,13824,77,899257466
5027,102812623,23485172,126297795,93,0,0,19456,93,725209139
5028,102816765,50351541,153168306,25,0,1,3072,25,2687532166
5029,102849673,23450196,126299869,14,0,0,6656,14,3256415735
5030,102852864,23692328,126545192,58,0,0,48128,58,434185169
5031,102858307,23994719,126853026,68,0,0,22528,68,4762740924
5032,102858762,23533995,126392757,43,0,0,2048,43,36444973
5033,102864657,50343993,153208650,46,0,1,9216,46,4365911962
5034,102865173,23411360,126276533,27,0,0,20480,27,4793973193
5035,102866119,23563512,126429631,72,0,0,23040,72,5812370486
5036,102867713,50340968,153208681,25,0,1,3584,25,4047461810
5037,102904611,23831709,126736320,12,0,0,3584,12,3437776854
5038,102909200,23654605,126563805,79,0,0,6656,79,8017542174
5039,102910807,24070946,126981753,19,0,0,98304,19,3750998844
5040,102915638,23448289,126363927,59,0,0,19456,59,524496654
5041,102917293,23600890,126518183,23,0,0,38912,23,8710537084
5042,102935706,23173148,126108854,50,0,0,10240,50,2968429043
5043,102941694,24353842,127295536,56,0,0,50176,56,3492391126
5044,102952262,24698071,127650333,50,0,0,77824,50,4110532966
5045,102958738,23542885,126501623,58,0,0,45056,58,1367036375
5046,102959386,23039387,125998773,84,0,0,2048,84,650555793
5047,102961407,23290942,126252349,13,0,0,89600,13,8257888767
5048,102961553,23343838,126305391,14,0,0,17920,14,8170395912
5049,102965163,23287833,126252996,83,0,0,2048,83,6659911674
5050,102965690,23438773,126404463,23,0,0,6144,23,2963966843
5051,102966521,23196053,126162574,72,0,0,11776,72,4134090619
5052,102968633,23551913,126520546,12,0,0,7680,12,6276484129
5053,102969383,24061427,127030810,99,0,0,35840,99,3403690935
5054,102969756,24845793,127815549,44,0,0,17920,44,77663226
5055,102973669,23616203,126589872,14,0,0,37376,14,8939027883
5056,102978921,50708625,153687546,78,0,1,181248,78,7092611633
5057,102980653,50869567,153850220,25,0,1,13312,25,10041624170
5058,102990132,23648972,126639104,47,0,0,9728,47,10649145254
5059,102993247,24897093,127890340,11,0,0,29184,11,1855863802
5060,102997179,50930836,153928015,40,0,1,36864,40,486323236
5061,103001010,51008550,154009560,69,0,1,11776,69,7014489043
5062,103005526,24501087,127506613,89,0,0,26624,89,2223637419
5063,103013937,24152541,127166478,90,0,0,79360,90,628265617
5064,103015320,51001962,154017282,5,0,1,12288,5,1576303758
5065,103020882,23174810,126195692,56,0,0,9216,56,7983247426
5066,103020978,23457329,126478307,2,0,0,18944,2,6895030205
5067,103021893,51010850,154032743,94,0,1,18944,94,5274943764
5068,103024440,23704988,126729428,25,0,0,5120,25,5005146069
5069,103026637,23287069,126313706,43,0,0,2560,43,5730783209
5070,103026646,23630576,126657222,86,0,0,19456,86,5651262821
5071,103037643,50998006,154035649,27,0,1,4608,27,9406222046
5072,103043081,51017127,154060208,31,0,1,512,31,10397131179
5073,103044914,51099584,154144498,32,0,1,19968,32,10327864244
5074,103049779,51105092,154154871,67,0,1,9728,67,10552937622
5075,103051071,23332314,126383385,60,0,0,1536,60,9762249267
5076,103059965,51097783,154157748,89,0,1,6144,89,3497818354
5077,103071346,23552861,126624207,87,0,0,7168,87,5870669850
5078,103080514,51077257,154157771,30,0,1,1024,30,4764067464
5079,103086545,23641300,126727845,23,0,0,23552,23,819129405
5080,103092242,23310326,126402568,43,0,0,14336,43,9349327079
5081,103101061,23445402,126546463,38,0,0,4096,38,8800704313
5082,103110104,23624027,126734131,32,0,0,15360,32,7597991293
5083,103111568,23880075,126991643,24,0,0,29184,24,8320694753
5084,103115548,23867164,126982712,5,0,0,3072,5,116827964
5085,103123362,51034767,154158129,97,0,1,3072,97,8147502651
5086,103124513,51033639,154158152,7,0,1,5632,7,9403048141
5087,103126795,23451666,126578461,50,0,0,34816,50,3777850995
5088,103140987,23565977,126706964,63,0,0,7168,63,4025756653
5089,103150367,23604253,126754620,78,0,0,15360,78,1617937254
5090,103162799,23428344,126591143,89,0,0,4096,89,6527260755
5091,103163192,24145003,127308195,20,0,0,41472,20,6521734108
5092,103166928,24506695,127673623,62,0,0,29184,62,8781054964
5093,103167886,23443522,126611408,4,0,0,11264,4,10672310064
5094,103178811,23424745,126603556,62,0,0,16384,62,3142776291
5095,103178899,23428367,126607266,11,0,0,11776,11,5139450980
5096,103179390,23701841,126881231,61,0,0,10240,61,3526414382
5097,103189463,23499124,126688587,79,0,0,20992,79,6116148057
5098,103193633,23523549,126717182,21,0,0,24576,21,1953442358
5099,103198255,50959920,154158175,95,0,1,2560,95,1309383785
5100,103199577,23614517,126814094,22,0,0,14848,22,1668786666
5101,103208264,23616606,126824870,79,0,0,5632,79,10494474644
5102,103219553,24182140,127401693,75,0,0,33280,75,7948400656
5103,103237451,50920747,154158198,90,0,1,14848,90,3543494785
5104,103249574,23645408,126894982,21,0,0,45056,21,9123496448
5105,103252748,23816368,127069116,41,0,0,23552,41,1834511178
5106,103265390,50908368,154173758,60,0,1,3584,60,8983656471
5107,103267891,24247424,127515315,86,0,0,16896,86,6762450938
5108,103272092,23679686,126951778,50,0,0,3584,50,6750266789
5109,103281961,23778933,127060894,51,0,0,39424,51,112839723
5110,103282722,24315904,127598626,40,0,0,4096,40,5819376409
5111,103289996,23708534,126998530,92,0,0,22528,92,2440294693
5112,103291597,23797088,127088685,70,0,0,11264,70,3838987809
5113,103294967,23655696,126950663,40,0,0,25600,40,2551220846
5114,103296235,23749127,127045362,13,0,0,2048,13,3183491057
5115,103303391,23639449,126942840,88,0,0,21504,88,2519009712
5116,103303702,50871982,154175684,91,0,1,6144,91,2334739750
5117,103308895,50870655,154179550,5,0,1,6144,5,8459796066
5118,103311450,50895434,154206884,75,0,1,1536,75,4848659988
5119,103312458,23510673,126823131,95,0,0,25088,95,10224073582
5120,103312732,23770759,127083491,78,0,0,47104,78,2853140318
5121,103318573,23684847,127003420,92,0,0,12800,92,6966347381
5122,103321406,51315706,154637112,3,0,1,144896,3,2806858706
5123,103330237,23850772,127181009,68,0,0,47616,68,5561171786
5124,103341733,23657764,126999497,69,0,0,3072,69,5539955822
5125,103343848,23689801,127033649,87,0,0,9216,87,543358540
5126,103351177,23734053,127085230,28,0,0,5632,28,2849182609
5127,103355052,24217622,127572674,12,0,0,4608,12,1441287000
5128,103361941,51278077,154640018,94,0,1,4608,94,6439475704
5129,103362201,24026471,127388672,40,0,0,29184,40,7352435216
5130,103364906,23958334,127323240,95,0,0,8704,95,8508707330
5131,103383961,51259603,154643564,0,0,1,5632,0,8280410069
5132,103388260,51683049,155071309,77,0,1,348160,77,8443907120
5133,103390885,51792889,155183774,52,0,1,113152,52,4186892522
5134,103391849,24068136,127459985,56,0,0,28160,56,4712037640
5135,103391905,24339176,127731081,82,0,0,28160,82,2233193522
5136,103399600,24381413,127781013,98,0,0,84480,98,7722419122
5137,103399750,51784280,155184030,94,0,1,9216,94,778748104
5138,103404218,51803467,155207685,43,0,1,7680,43,4906258645
5139,103405924,23909626,127315550,69,0,0,24064,69,10586926794
5140,103409548,23914339,127323887,85,0,0,2048,85,5132339801
5141,103413416,24618957,128032373,17,0,0,33280,17,7176958484
5142,103417569,23902996,127320565,34,0,0,16384,34,1501139027
5143,103432881,51777088,155209969,8,0,1,3584,8,5245099875
5144,103435323,24015990,127451313,61,0,0,34816,61,9148843500
5145,103451477,24243725,127695202,74,0,0,36352,74,4074638475
5146,103454740,23896832,127351572,42,0,0,23040,42,606326106
5147,103456285,24227818,127684103,97,0,0,13312,97,7296367918
5148,103456385,24110553,127566938,51,0,0,26112,51,3933001506
5149,103457899,51761191,155219090,8,0,1,9728,8,7447844263
5150,103458541,24036566,127495107,29,0,0,33280,29,8420274353
5151,103468858,24144955,127613813,13,0,0,49664,13,5065957429
5152,103471823,25126738,128598561,5,0,0,28672,5,6689389106
5153,103472302,51747454,155219756,59,0,1,11264,59,8430402324
5154,103473317,24764063,128237380,3,0,0,17408,3,6012910594
5155,103475950,24233242,127709192,66,0,0,21504,66,1956446941
5156,103479632,24200369,127680001,51,0,0,7168,51,5979971708
5157,103485505,24055305,127540810,63,0,0,1536,63,4238970934
5158,103486132,24178576,127664708,86,0,0,47104,86,8546114908
5159,103498431,51723106,155221537,1,0,1,512,1,3263039028
5160,103506151,51744875,155251026,52,0,1,27648,52,6712678880
5161,103506824,24679651,128186475,82,0,0,50688,82,4608838338
5162,103509025,24428919,127937944,71,0,0,74752,71,9423073616
5163,103512832,51738217,155251049,54,0,1,1536,54,4165272724
5164,103520168,24157580,127677748,89,0,0,13312,89,10672176491
5165,103536145,24299772,127835917,93,0,0,18944,93,6047004683
5166,103538472,24058883,127597355,73,0,0,41984,73,10226326869
5167,103544247,24237101,127781348,2,0,0,1024,2,632883388
5168,103549767,23975497,127525264,34,0,0,31232,34,8716898192
5169,103550523,24279599,127830122,0,0,0,24064,0,8073176756
5170,103550663,24583955,128134618,31,0,0,66048,31,1393869184
5171,103556304,24358833,127915137,41,0,0,31232,41,3458850339
5172,103556860,24385919,127942779,75,0,0,12288,75,2224504744
5173,103557779,24459875,128017654,70,0,0,17408,70,651368936
5174,103561972,51691730,155253702,27,0,1,5120,27,3322922162
5175,103562728,24292395,127855123,0,0,0,13312,0,2986910549
5176,103563229,24132260,127695489,83,0,0,512,83,2992699754
5177,103570847,24250341,127821188,65,0,0,18432,65,3728979851
5178,103572005,51682773,155254778,53,0,1,13312,53,4053094963
5179,103576587,24532363,128108950,60,0,0,45056,60,853671571
5180,103578067,24766182,128344249,91,0,0,55296,91,5367601892
5181,103579619,51676145,155255764,91,0,1,1536,91,4268037164
5182,103580819,24642674,128223493,82,0,0,40448,82,2058707828
5183,103585570,24320028,127905598,22,0,0,7680,22,4955508805
5184,103588135,24293278,127881413,98,0,0,28160,98,2916743559
5185,103600534,52340497,155941031,32,0,1,392192,32,8697925822
5186,103608329,52336648,155944977,97,0,1,24064,97,10163435688
5187,103616651,24419021,128035672,15,0,0,10752,15,10690552670
5188,103617604,52333191,155950795,87,0,1,2048,87,304859712
5189,103618990,52384103,156003093,45,0,1,27648,45,10599464413
5190,103626072,24779981,128406053,38,0,0,28160,38,5187157774
5191,103626657,24450229,128076886,33,0,0,37888,33,8018592870
5192,103628070,24540107,128168177,27,0,0,30208,27,10319190743
5193,103630316,24809535,128439851,2,0,0,22016,2,480693466
5194,103631803,24943640,128575443,0,0,0,49152,0,5188468415
5195,103644019,24356531,128000550,43,0,0,27648,43,1965579571
5196,103650709,24618440,128269149,50,0,0,27648,50,9520427344
5197,103657665,52359327,156016992,90,0,1,4608,90,3591697561
5198,103663766,24693142,128356908,41,0,0,41472,41,3278893467
5199,103675489,24535657,128211146,96,0,0,80896,96,10008906492
5200,103682030,24749229,128431259,78,0,0,512,78,3871708605
5201,103693375,24728176,128421551,45,0,0,11776,45,2367917496
5202,103699680,24662087,128361767,40,0,0,15872,40,7452082242
5203,103711536,24253030,127964566,93,0,0,29696,93,3629796599
5204,103716748,24232441,127949189,22,0,0,3584,22,27831168
5205,103730846,52399075,156129921,32,0,1,98816,32,7845557111
5206,103734456,25198233,128932689,52,0,0,21504,52,8822942515
5207,103736152,24494548,128230700,59,0,0,23552,59,2329536871
5208,103740615,24624295,128364910,63,0,0,10240,63,1823345075
5209,103749737,24867339,128617076,3,0,0,1024,3,8709926713
5210,103753273,52403651,156156924,49,0,1,22016,49,5332787422
5211,103767007,24997331,128764338,55,0,0,38912,55,6730808264
5212,103780607,24520812,128301419,6,0,0,30720,6,9097599260
5213,103788172,52432392,156220564,1,0,1,19968,1,7077004922
5214,103798424,25043325,128841749,2,0,0,31744,2,10266272789
5215,103802532,24524846,128327378,14,0,0,44544,14,1479223866
5216,103810174,24607758,128417932,39,0,0,38912,39,1717282200
5217,103812389,24568763,128381152,0,0,0,14848,0,7851184468
5218,103815789,24279410,128095199,37,0,0,48128,37,8441009002
5219,103826258,24698349,128524607,47,0,0,24576,47,4888760454
5220,103826913,25328870,129155783,24,0,0,25600,24,7319560764
5221,103834424,52386163,156220587,53,0,1,13312,53,9069445191
5222,103865660,24587156,128452816,70,0,0,22016,70,8800641710
5223,103868212,24269081,128137293,28,0,0,8704,28,6529749701
5224,103872190,24298818,128171008,17,0,0,9216,17,9810131869
5225,103873843,52350972,156224815,67,0,1,14848,67,869525674
5226,103876947,24710442,128587389,30,0,0,16896,30,8559619223
5227,103893621,24682937,128576558,73,0,0,3584,73,3830644878
5228,103903317,52322484,156225801,49,0,1,1536,49,3496355794
5229,103903390,24589804,128493194,96,0,0,6144,96,591399150
5230,103913311,24514812,128428123,81,0,0,512,81,2425760379
5231,103923354,24191079,128114433,11,0,0,17920,11,1823789126
5232,103925352,25034826,128960178,36,0,0,13312,36,3894411775
5233,103926214,24977390,128903604,31,0,0,86528,31,1514128551
5234,103928287,24619629,128547916,97,0,0,47616,97,7587196007
5235,103931485,52296706,156228191,30,0,1,2048,30,5383443685
5236,103932747,52298670,156231417,80,0,1,5120,80,6852526889
5237,103941658,25343705,129285363,50,0,0,9728,50,10702667685
5238,103943947,24634818,128578765,11,0,0,7168,11,9967274429
5239,103949342,52304820,156254162,74,0,1,512,74,10585406564
5240,103951054,24361458,128312512,29,0,0,5120,29,5248789541
5241,103960296,24694138,128654434,65,0,0,17920,65,891060073
5242,103970353,24501560,128471913,58,0,0,26112,58,9355378200
5243,103977050,24979049,128956099,31,0,0,26112,31,8420325549
5244,103986656,24678409,128665065,7,0,0,34816,7,7732720844
5245,103994393,24584963,128579356,12,0,0,1536,12,9450067659
5246,104004185,24556259,128560444,37,0,0,30208,37,593579978
5247,104007925,52418524,156426449,79,0,1,117760,79,2262192369
5248,104013020,24913094,128926114,34,0,0,24064,34,73132573
5249,104026338,24555849,128582187,54,0,0,9216,54,3267833070
5250,104029495,24953501,128982996,55,0,0,2048,55,6221708296
5251,104043896,24453709,128497605,56,0,0,2048,56,5145758540
5252,104047449,25006396,129053845,29,0,0,11264,29,4579320773
5253,104049489,24623243,128672732,14,0,0,25088,14,2107115151
5254,104053011,25077071,129130082,62,0,0,7680,62,2709575142
5255,104073204,24986038,129059242,47,0,0,6144,47,9805378713
5256,104074389,25141786,129216175,90,0,0,64000,90,220601744
5257,104075119,24637549,128712668,10,0,0,12288,10,6402066653
5258,104075942,24530598,128606540,3,0,0,26112,3,9667764966
5259,104090964,24897983,128988947,20,0,0,19456,20,323364975
5260,104091729,52341671,156433400,94,0,1,9728,94,9637560135
5261,104097239,24587471,128684710,28,0,0,21504,28,3203672936
5262,104097911,24667230,128765141,67,0,0,2560,67,9713918158
5263,104102858,25194323,129297181,20,0,0,36352,20,6264825996
5264,104105098,24722406,128827504,12,0,0,55296,12,9402756813
5265,104107470,52352031,156459501,45,0,1,3072,45,2118736285
5266,104107869,25265142,129373011,55,0,0,55296,55,10419882408
5267,104109512,24809247,128918759,40,0,0,49664,40,839843855
5268,104112680,25011248,129123928,90,0,0,19456,90,9942787342
5269,104117184,24470384,128587568,55,0,0,512,55,1085791381
5270,104120369,24827751,128948120,60,0,0,26624,60,867538887
5271,104127330,24880901,129008231,25,0,0,11264,25,6788600475
5272,104131376,24543095,128674471,21,0,0,5632,21,7554328659
5273,104132187,25124006,129256193,14,0,0,41472,14,9109161760
5274,104137926,52335502,156473428,0,0,1,20480,0,7164702938
5275,104138158,25292563,129430721,37,0,0,60416,37,5236588701
5276,104149006,25067816,129216822,9,0,0,2048,9,7201110506
5277,104165139,24898875,129064014,2,0,0,9728,2,8010099216
5278,104171877,24946092,129117969,10,0,0,22528,10,935212166
5279,104176832,25178349,129355181,84,0,0,47616,84,723714091
5280,104183437,25274227,129457664,82,0,0,40960,82,8334368983
5281,104184334,25665127,129849461,34,0,0,35840,34,4655527096
5282,104186342,52288712,156475054,21,0,1,2560,21,9143064186
5283,104192553,25298328,129490881,24,0,0,1536,24,8310759086
5284,104195454,52279946,156475400,45,0,1,512,45,8960227705
5285,104205227,24669516,128874743,10,0,0,24064,10,10109823595
5286,104207154,24969424,129176578,71,0,0,20992,71,4632479375
5287,104209114,52628103,156837217,82,0,1,193536,82,1424449103
5288,104209673,25089715,129299388,90,0,0,7168,90,6296406340
5289,104211453,24572337,128783790,44,0,0,1536,44,1570418296
5290,104211851,52625389,156837240,1,0,1,1024,1,9949715102
5291,104221837,52727354,156949191,38,0,1,51712,38,6630045157
5292,104226000,24936693,129162693,90,0,0,8192,90,6992012154
5293,104235417,24870806,129106223,60,0,0,10240,60,1898066562
5294,104239839,52711300,156951139,8,0,1,1024,8,10469180756
5295,104241301,24773569,129014870,81,0,0,3072,81,4098830954
5296,104246506,52709779,156956285,55,0,1,8192,55,2797695204
5297,104247415,52735723,156983138,27,0,1,6144,27,3283858903
5298,104249817,24887132,129136949,4,0,0,4096,4,10294952077
5299,104251802,25265915,129517717,97,0,0,35840,97,8856027580
5300,104252413,25723861,129976274,82,0,0,44032,82,232175181
5301,104255221,25339570,129594791,39,0,0,1536,39,9164002819
5302,104256179,25563433,129819612,51,0,0,31744,51,819601885
5303,104258323,24852759,129111082,0,0,0,15872,0,6174907107
5304,104263923,25860402,130124325,25,0,0,28160,25,793412088
5305,104264109,25764985,130029094,21,0,0,97792,21,2560621186
5306,104270136,52719288,156989424,80,0,1,14336,80,3168908768
5307,104272226,24799137,129071363,65,0,0,5632,65,4826227519
5308,104292554,52696893,156989447,87,0,1,5632,87,496034316
5309,104301042,52879045,157180087,30,0,1,79360,30,5854751771
5310,104309623,24782825,129092448,19,0,0,6144,19,9177601814
5311,104311567,25094117,129405684,84,0,0,24576,84,8485541710
5312,104312051,53076098,157388149,29,0,1,73728,29,7539904043
5313,104314491,25097776,129412267,78,0,0,21504,78,6920137460
5314,104322015,25468934,129790949,67,0,0,5120,67,10449048295
5315,104327223,26001726,130328949,53,0,0,14336,53,4524630016
5316,104328996,24932836,129261832,43,0,0,18432,43,4653911398
5317,104343099,24959926,129303025,70,0,0,5120,70,4905836742
5318,104352304,24732967,129085271,60,0,0,8192,60,3960904243
5319,104361221,24859524,129220745,80,0,0,12800,80,8399716968
5320,104365247,53122141,157487388,69,0,1,17920,69,5750810982
5321,104369527,53117884,157487411,75,0,1,6144,75,3199146091
5322,104370268,25784302,130154570,41,0,0,22016,41,1115791998
5323,104376710,25669590,130046300,54,0,0,25088,54,8214106790
5324,104378244,24781930,129160174,60,0,0,14336,60,4482361617
5325,104378286,25019887,129398173,8,0,0,80384,8,2816232655
5326,104382875,25841765,130224640,78,0,0,12288,78,337648137
5327,104383298,53104136,157487434,1,0,1,7680,1,6251428679
5328,104400439,25036857,129437296,51,0,0,21504,51,9081359303
5329,104402571,25091297,129493868,67,0,0,9728,67,9774377980
5330,104409976,25796992,130206968,71,0,0,51712,71,5678162106
5331,104418204,24955454,129373658,67,0,0,2048,67,2599493277
5332,104421077,25069313,129490390,89,0,0,78848,89,8964950277
5333,104424335,25096993,129521328,69,0,0,11776,69,6209600511
5334,104425252,25563860,129989112,43,0,0,21504,43,3829384889
5335,104425384,26008587,130433971,95,0,0,49664,95,2647101208
5336,104427937,53059520,157487457,31,0,1,7680,31,5259030593
5337,104430513,25251741,129682254,43,0,0,30720,43,4689946129
5338,104438362,25155938,129594300,50,0,0,50688,50,3463137471
5339,104441522,25874246,130315768,8,0,0,24576,8,7057472925
5340,104448371,25550904,129999275,31,0,0,33280,31,6062111897
5341,104448372,24907768,129356140,25,0,0,3072,25,4282506609
5342,104450232,25317060,129767292,66,0,0,11264,66,9167899665
5343,104462166,25618393,130080559,77,0,0,1536,77,3954821859
5344,104469104,26077061,130546165,68,0,0,32768,68,1652791905
5345,104470798,53016682,157487480,53,0,1,512,53,2683483211
5346,104476153,53011350,157487503,64,0,1,5632,64,7328186072
5347,104484927,53040721,157525648,9,0,1,12288,9,9409528221
5348,104490097,24973050,129463147,57,0,0,17920,57,2689701000
5349,104492708,25036287,129528995,23,0,0,25088,23,6558370632
5350,104497372,53028942,157526314,87,0,1,1024,87,4074955706
5351,104504669,25002105,129506774,34,0,0,7680,34,430626606
5352,104509377,26063468,130572845,78,0,0,33792,78,1526621917
5353,104524165,26242669,130766834,73,0,0,13312,73,9444805275
5354,104536549,53063512,157600061,75,0,1,17920,75,3882468479
5355,104537088,25186122,129723210,47,0,0,25600,47,857972271
5356,104544116,26136864,130680980,34,0,0,55296,34,6629293446
5357,104551712,25744620,130296332,49,0,0,65024,49,5657024370
5358,104598205,25384332,129982537,45,0,0,20480,45,5073785913
5359,104604808,53000061,157604869,69,0,1,7680,69,8752509625
5360,104612126,25097284,129709410,23,0,0,24064,23,10385363423
5361,104618462,53014840,157633302,27,0,1,15360,27,6781421114
5362,104621639,25686572,130308211,28,0,0,38912,28,4102247312
5363,104623014,53205475,157828489,96,0,1,133120,96,3737084467
5364,104623021,53255250,157878271,67,0,1,3584,67,3076121787
5365,104632872,24916916,129549788,99,0,0,11264,99,3418205623
5366,104635539,25288223,129923762,18,0,0,48128,18,53913765
5367,104636958,26374487,131011445,24,0,0,77824,24,6636797361
5368,104644740,25914864,130559604,91,0,0,44032,91,3670113916
5369,104645843,53232889,157878732,62,0,1,10240,62,6617024151
5370,104653463,25087724,129741187,33,0,0,15360,33,9449830768
5371,104654094,25123991,129778085,56,0,0,13312,56,1406532828
5372,104657116,53287128,157944244,50,0,1,6656,50,3965474947
5373,104665182,25273446,129938628,73,0,0,19968,73,10461297182
5374,104674216,25861942,130536158,27,0,0,39936,27,5624853494
5375,104675570,26144286,130819856,47,0,0,45056,47,2592942007
5376,104686198,25276466,129962664,20,0,0,16896,20,8795584732
5377,104688179,25965562,130653741,41,0,0,25088,41,10141660889
5378,104689203,24962969,129652172,13,0,0,36864,13,3918723229
5379,104696347,53257674,157954021,8,0,1,8704,8,5061418034
5380,104701372,26075030,130776402,73,0,0,6144,73,4830192869
5381,104725840,25898371,130624211,71,0,0,39936,71,1025142149
5382,104740303,25316316,130056619,93,0,0,33792,93,6724858979
5383,104744030,25345224,130089254,32,0,0,14336,32,9009261734
5384,104744888,25075371,129820259,48,0,0,2048,48,3914346645
5385,104762331,25316622,130078953,32,0,0,11264,32,514600161
5386,104762737,25275896,130038633,17,0,0,31232,17,5496227224
5387,104772733,53182876,157955609,34,0,1,15872,34,8579959412
5388,104772803,53198251,157971054,80,0,1,11264,80,6178937397
5389,104786995,26344492,131131487,57,0,0,7680,57,8973278918
5390,104788747,25143774,129932521,44,0,0,28672,44,5348348322
5391,104789200,25036550,129825750,91,0,0,17920,91,8954141478
5392,104797839,53175161,157973000,11,0,1,3072,11,8275738513
5393,104803423,25339827,130143250,75,0,0,5632,75,2731053904
5394,104805687,25682752,130488439,95,0,0,51200,95,6333397825
5395,104809838,25251484,130061322,39,0,0,15360,39,9797032759
5396,104809945,25270123,130080068,32,0,0,3584,32,8809254236
5397,104825262,25360327,130185589,75,0,0,66048,75,930261267
5398,104827097,25430547,130257644,3,0,0,17920,3,1171313052
5399,104836903,26374606,131211509,73,0,0,32256,73,949383888
5400,104837184,25902023,130739207,75,0,0,17408,75,4184523707
5401,104851706,25252934,130104640,98,0,0,1024,98,2938054719
5402,104853345,53164459,158017804,13,0,1,9728,13,8935862291
5403,104853383,26522580,131375963,50,0,0,46592,50,6914565566
5404,104856738,25218760,130075498,22,0,0,17408,22,4509732432
5405,104863733,53155057,158018790,91,0,1,1536,91,10714433718
5406,104870596,26111140,130981736,82,0,0,59904,82,10414034730
5407,104880361,25306655,130187016,20,0,0,4608,20,9111974121
5408,104881858,25851375,130733233,63,0,0,52736,63,9523155462
5409,104882509,25531956,130414465,50,0,0,45568,50,3939899973
5410,104884500,25446656,130331156,5,0,0,7168,5,5181585232
5411,104884760,25361210,130245970,38,0,0,512,38,10036245768
5412,104888158,26223190,131111348,52,0,0,39424,52,7935561062
5413,104890201,25993430,130883631,57,0,0,60416,57,7830901832
5414,104895369,25605193,130500562,84,0,0,31232,84,9647367467
5415,104897951,25310444,130208395,74,0,0,4608,74,6324761256
5416,104903245,25421313,130324558,55,0,0,28672,55,5289092521
5417,104904484,25568332,130472816,13,0,0,29696,13,8229510053
5418,104906594,25369903,130276497,37,0,0,24576,37,4141316429
5419,104910770,25787081,130697851,95,0,0,55296,95,2079926840
5420,104919569,25683530,130603099,45,0,0,19968,45,4941147957
5421,104924816,25407790,130332606,74,0,0,4608,74,6037596975
5422,104927262,25441522,130368784,11,0,0,8192,11,6090778477
5423,104935235,53096061,158031296,54,0,1,4608,54,6613769045
5424,104937132,25668954,130606086,22,0,0,9728,22,3580511386
5425,104939606,25706468,130646074,11,0,0,71680,11,582216852
5426,104940115,26487622,131427737,4,0,0,8704,4,7206047185
5427,104940138,25793742,130733880,92,0,0,2048,92,4336333733
5428,104944963,25990140,130935103,12,0,0,45056,12,1377902925
5429,104974389,25735341,130709730,59,0,0,38912,59,4618063274
5430,104982339,25966405,130948744,23,0,0,24064,23,175253951
5431,104992168,25509041,130501209,33,0,0,2048,33,4544855079
5432,105005181,25554758,130559939,23,0,0,1024,23,6647022958
5433,105005894,26150112,131156006,67,0,0,23552,67,5966821499
5434,105021426,25841411,130862837,0,0,0,6144,0,6727241333
5435,105054721,26092336,131147057,81,0,0,31744,81,2763837019
5436,105055486,25809714,130865200,63,0,0,7680,63,6500432037
5437,105059172,26215740,131274912,62,0,0,1536,62,4543754482
5438,105064347,52966972,158031319,69,0,1,1536,69,4644382937
5439,105067155,25949648,131016803,32,0,0,15360,32,1009381529
5440,105071942,26259737,131331679,7,0,0,34304,7,4515871986
5441,105074378,26002265,131076643,97,0,0,29184,97,10332944766
5442,105079970,25501183,130581153,84,0,0,17408,84,7219836732
5443,105089870,25771049,130860919,56,0,0,87552,56,3315873506
5444,105090438,25818774,130909212,93,0,0,5120,93,3783388579
5445,105092605,25516312,130608917,87,0,0,9216,87,5540900154
5446,105097666,25890044,130987710,83,0,0,19456,83,3900465262
5447,105101128,25806501,130907629,58,0,0,17920,58,9352490808
5448,105103203,52928139,158031342,5,0,1,1536,5,3388855821
5449,105105577,26082886,131188463,68,0,0,10240,68,2343140946
5450,105107570,52926775,158034345,81,0,1,25088,81,5267546034
5451,105111798,26509803,131621601,24,0,0,44544,24,5844732023
5452,105113003,25912382,131025385,90,0,0,12288,90,10022516840
5453,105115471,25825895,130941366,8,0,0,20480,8,3353682768
5454,105118159,26429780,131547939,86,0,0,512,86,1673008845
5455,105126949,26187867,131314816,6,0,0,58880,6,3217333863
5456,105132236,25651280,130783516,24,0,0,13824,24,9401043025
5457,105133314,26050496,131183810,11,0,0,24064,11,8980523903
5458,105148083,26067840,131215923,27,0,0,10752,27,7763926651
5459,105149103,26249971,131399074,87,0,0,75776,87,5833899793
5460,105155259,52884680,158039939,72,0,1,18432,72,9000826897
5461,105164140,25847960,131012100,97,0,0,2048,97,29629020
5462,105166348,25661955,130828303,84,0,0,27648,84,3401826799
5463,105171766,26148706,131320472,30,0,0,7680,30,5489550752
5464,105177501,26335283,131512784,30,0,0,2048,30,9033775233
5465,105190760,26304072,131494832,72,0,0,63488,72,1371344429
5466,105194243,26588571,131782814,47,0,0,5632,47,3282488703
5467,105194752,25854792,131049544,17,0,0,7680,17,9261192356
5468,105194876,25938818,131133694,54,0,0,7168,54,3079134648
5469,105195034,52990574,158185608,99,0,1,10752,99,8808415077
5470,105201737,25916654,131118391,44,0,0,23040,44,10333756875
5471,105205385,25841796,131047181,60,0,0,19456,60,7922615817
5472,105212142,25671996,130884138,89,0,0,1536,89,2182745458
5473,105224287,25697065,130921352,8,0,0,23552,8,5575861747
5474,105225815,25945545,131171360,25,0,0,16896,25,10118252079
5475,105229905,25954084,131183989,4,0,0,512,4,6974039239
5476,105232104,26302052,131534156,59,0,0,31232,59,7503015563
5477,105238404,25934227,131172631,70,0,0,4096,70,3050488634
5478,105242474,25825254,131067728,72,0,0,7168,72,6168368288
5479,105246008,26420245,131666253,1,0,0,91136,1,641538255
5480,105255435,26381796,131637231,47,0,0,14336,47,9347053211
5481,105259483,25759215,131018698,73,0,0,6144,73,1190142059
5482,105261730,52945007,158206737,21,0,1,15360,21,792059367
5483,105267338,26013108,131280446,70,0,0,15872,70,3088504635
5484,105268755,25970999,131239754,17,0,0,18432,17,9266965804
5485,105269837,52944746,158214583,55,0,1,6144,55,1061663542
5486,105279437,26231954,131511391,99,0,0,54272,99,6179741697
5487,105284114,25890100,131174214,97,0,0,5120,97,7327555978
5488,105287812,26159296,131447108,56,0,0,512,56,4261986664
5489,105290430,52924176,158214606,0,0,1,2048,0,3744484831
5490,105304368,25871289,131175657,47,0,0,4608,47,10048726382
5491,105307573,26126328,131433901,27,0,0,2560,27,9523161980
5492,105309690,26022480,131332170,74,0,0,1536,74,8783637051
5493,105313209,26105076,131418285,28,0,0,62976,28,713205153
5494,105313761,52900868,158214629,92,0,1,25088,92,678018470
5495,105317575,52984505,158302080,53,0,1,17920,53,673360536
5496,105321363,25941145,131262508,38,0,0,8192,38,8420220012
5497,105323514,25889110,131212624,22,0,0,3584,22,3603440705
5498,105327479,25895227,131222706,47,0,0,12800,47,4783054327
5499,105328138,26516472,131844610,78,0,0,3584,78,561750337
5500,105346581,52963443,158310024,20,0,1,1024,20,3377542673
5501,105348622,26642152,131990774,34,0,0,72704,34,5831131467
5502,105363979,26417096,131781075,1,0,0,68608,1,3617236484
5503,105366669,52995975,158362644,99,0,1,19456,99,8197681469
5504,105377514,52986436,158363950,8,0,1,2048,8,5320441647
5505,105378992,26643542,132022534,89,0,0,5120,89,8231633738
5506,105380172,53006685,158386857,87,0,1,3072,87,10273200616
5507,105381937,26403147,131785084,17,0,0,7168,17,2780010396
5508,105386683,25881797,131268480,21,0,0,5632,21,10609644770
5509,105386817,26205967,131592784,68,0,0,18944,68,7898098284
5510,105391113,26143378,131534491,68,0,0,1024,68,193856817
5511,105393072,26340621,131733693,84,0,0,7168,84,2878094255
5512,105396287,26041883,131438170,22,0,0,6656,22,4640409694
5513,105401717,26410827,131812544,90,0,0,23552,90,1545865373
5514,105402518,26267190,131669708,75,0,0,11264,75,231306965
5515,105403464,26418820,131822284,3,0,0,8704,3,10554680933
5516,105404054,26638627,132042681,67,0,0,66048,67,6664962095
5517,105407818,26039111,131446929,37,0,0,28672,37,2404008231
5518,105408441,26274862,131683303,96,0,0,44544,96,8179872216
5519,105409485,26427583,131837068,57,0,0,21504,57,9580396433
5520,105422893,52963987,158386880,16,0,1,15872,16,5449754869
5521,105431316,26633484,132064800,33,0,0,19968,33,5666854532
5522,105433365,52991400,158424765,17,0,1,6656,17,7663087586
5523,105435755,53007160,158442915,5,0,1,2560,5,5554244696
5524,105436903,26531696,131968599,1,0,0,124928,1,8047857162
5525,105441536,27026356,132467892,44,0,0,72704,44,6676053499
5526,105441616,26601712,132043328,70,0,0,2048,70,10712791633
5527,105444440,26681583,132126023,26,0,0,23040,26,4081288518
5528,105446233,26123930,131570163,27,0,0,23040,27,8209079250
5529,105449845,26021673,131471518,2,0,0,10240,2,2440722786
5530,105468305,53235412,158703717,35,0,1,66048,35,286898464
5531,105470937,26103032,131573969,54,0,0,2560,54,6744290834
5532,105473051,53230689,158703740,80,0,1,1024,80,2922765097
5533,105475236,53228527,158703763,60,0,1,9728,60,5774028502
5534,105482788,26217660,131700448,17,0,0,3584,17,1587865120
5535,105485209,26746377,132231586,20,0,0,40960,20,4874937933
5536,105489515,26337855,131827370,25,0,0,13824,25,1603209918
5537,105499047,27479875,132978922,39,0,0,14848,39,6526164590
5538,105499251,27163417,132662668,25,0,0,47616,25,5529666856
5539,105501884,26186015,131687899,6,0,0,8704,6,8875733829
5540,105506473,26247033,131753506,3,0,0,10240,3,9256061724
5541,105509653,26013943,131523596,37,0,0,8704,37,10538633703
5542,105520590,26483490,132004080,93,0,0,41984,93,3267665152
5543,105521843,53186669,158708512,87,0,1,11264,87,5208527981
5544,105524137,26319350,131843487,79,0,0,20992,79,6902780731
5545,105526236,53182299,158708535,67,0,1,28160,67,10548288474
5546,105539123,26390865,131929988,10,0,0,37376,10,5884424142
5547,105540827,53315502,158856329,97,0,1,61440,97,8878555272
5548,105543281,26347104,131890385,45,0,0,28672,45,8895641843
5549,105549451,26818630,132368081,0,0,0,8192,0,3326524987
5550,105549567,53321327,158870894,52,0,1,24064,52,5498305825
5551,105550598,53403157,158953755,11,0,1,12800,11,1090383101
5552,105551249,26469702,132020951,29,0,0,55296,29,4047001558
5553,105560418,26693588,132254006,27,0,0,41984,27,7158370267
5554,105561091,26253036,131814127,96,0,0,5120,96,5492004358
5555,105561980,53400975,158962955,8,0,1,9728,8,7390832160
5556,105579198,26479487,132058685,3,0,0,12800,3,5484204533
5557,105591540,26457739,132049279,74,0,0,19456,74,9518796410
5558,105592596,26149304,131741900,58,0,0,2048,58,10519569395
5559,105599141,26869710,132468851,65,0,0,3072,65,6433102926
5560,105608991,26491859,132100850,92,0,0,37888,92,453330484
5561,105619119,26286971,131906090,73,0,0,16896,73,8537590157
5562,105625105,26060119,131685224,86,0,0,2560,86,7228864245
5563,105626098,26270101,131896199,19,0,0,8192,19,180629252
5564,105645933,53331244,158977177,27,0,1,3584,27,8375048628
5565,105646593,26408169,132054762,15,0,0,17920,15,376407242
5566,105655655,26841041,132496696,18,0,0,29696,18,8705684325
5567,105656329,26334936,131991265,44,0,0,1536,44,7664704375
5568,105660347,26682029,132342376,5,0,0,10240,5,6543151994
5569,105663652,26782065,132445717,55,0,0,14336,55,3621471594
5570,105666891,26469341,132136232,11,0,0,10240,11,5949416941
5571,105667044,26760027,132427071,84,0,0,16384,84,8694809872
5572,105680426,27555255,133235681,60,0,0,32256,60,6479588933
5573,105699011,26378315,132077326,87,0,0,14336,87,1439536824
5574,105714547,26416491,132131038,15,0,0,16384,15,9342666941
5575,105717195,53271059,158988254,91,0,1,512,91,5709851393
5576,105718925,26535572,132254497,89,0,0,1536,89,2675767090
5577,105722044,53797599,159519643,3,0,1,246272,3,3431450469
5578,105730169,26356941,132087110,98,0,0,15360,98,2083601671
5579,105737540,26764177,132501717,88,0,0,8192,88,153607452
5580,105750337,53770643,159520980,84,0,1,3072,84,6338041168
5581,105752311,27829316,133581627,8,0,0,68096,8,10596365311
5582,105753400,26379689,132133089,26,0,0,6656,26,3116847118
5583,105759408,26313527,132072935,4,0,0,26624,4,3469116064
5584,105761186,26600586,132361772,24,0,0,21504,24,5641156637
5585,105780775,53741511,159522286,11,0,1,2048,11,6008411795
5586,105789522,26407206,132196728,39,0,0,16896,39,5810895550
5587,105792607,26488479,132281086,77,0,0,32256,77,2614049716
5588,105793576,26587472,132381048,98,0,0,34816,98,2965279161
5589,105808370,53714262,159522632,69,0,1,512,69,9244409633
5590,105808506,26822363,132630869,23,0,0,13312,23,9798326424
5591,105810380,26460855,132271235,65,0,0,16896,65,5696710798
5592,105819604,26780970,132600574,90,0,0,8704,90,9187812600
5593,105828275,27053316,132881591,65,0,0,66560,65,5592482010
5594,105834572,26968991,132803563,90,0,0,50688,90,4173327207
5595,105837504,26864306,132701810,2,0,0,7168,2,3234016985
5596,105841235,27102808,132944043,39,0,0,27648,39,9040820507
5597,105842867,26423197,132266064,0,0,0,37888,0,759823399
5598,105846684,26594642,132441326,25,0,0,44544,25,7334400303
5599,105846821,26634065,132480886,57,0,0,39424,57,4909246679
5600,105847713,26435112,132282825,60,0,0,5632,60,6751346937
5601,105856640,54180502,160037142,52,0,1,110592,52,10153115921
5602,105861406,27952416,133813822,74,0,0,32256,74,4748942646
5603,105862552,26957015,132819567,69,0,0,4096,69,4917770970
5604,105865899,26645831,132511730,72,0,0,5632,72,7940906957
5605,105867911,26547433,132415344,87,0,0,11264,87,6774656709
5606,105875986,27192767,133068753,98,0,0,82944,98,2636179984
5607,105895626,26927407,132823033,91,0,0,2560,91,7897696444
5608,105896268,26688353,132584621,51,0,0,43008,51,6123293030
5609,105898727,54154061,160052788,35,0,1,2048,35,8754124706
5610,105904008,27019987,132923995,71,0,0,5120,71,7233899718
5611,105908835,54143976,160052811,16,0,1,2560,16,4813575977
5612,105910907,26422652,132333559,17,0,0,15872,17,1139312584
5613,105913526,26620020,132533546,38,0,0,6656,38,8930829512
5614,105915656,27215683,133131339,6,0,0,25088,6,5733324498
5615,105922892,26564733,132487625,6,0,0,22016,6,6443130531
5616,105923638,26781471,132705109,18,0,0,10752,18,6707063678
5617,105926611,26676528,132603139,10,0,0,8192,10,4444870763
5618,105927199,54125635,160052834,54,0,1,1536,54,9572028035
5619,105932815,27386917,133319732,43,0,0,5120,43,4195812089
5620,105938251,27904745,133842996,61,0,0,55296,61,1842624246
5621,105940028,26874189,132814217,50,0,0,25088,50,5082595135
5622,105945755,27023293,132969048,20,0,0,61952,20,5740217516
5623,105946621,26651278,132597899,83,0,0,40960,83,3084892395
5624,105946684,54288107,160234791,30,0,1,106496,30,7309221681
5625,105950358,27394437,133344795,97,0,0,15360,97,6032586956
5626,105950951,27477329,133428280,69,0,0,38400,69,9978012451
5627,105952810,27265975,133218785,30,0,0,151552,30,2450594821
5628,105954072,54281705,160235777,60,0,1,1536,60,3445025163
5629,105959684,27014691,132974375,13,0,0,17408,13,8080627749
5630,105963608,27907443,133871051,26,0,0,26112,26,1844823934
5631,105973994,27315744,133289738,24,0,0,33792,24,2753824793
5632,105978879,26716267,132695146,92,0,0,9728,92,10617510799
5633,105986830,27535573,133522403,9,0,0,6656,9,1539774289
5634,105995302,54242101,160237403,91,0,1,2560,91,2420631412
5635,105998252,27638089,133636341,0,0,0,61440,0,600161688
5636,106001474,26945712,132947186,97,0,0,10240,97,6737576217
5637,106002094,26723027,132725121,99,0,0,8192,99,2834646276
5638,106002471,27782969,133785440,40,0,0,52736,40,2178694815
5639,106003964,28078843,134082807,98,0,0,44544,98,1357319604
5640,106012011,26794539,132806550,69,0,0,9728,69,3622095796
5641,106015033,26877778,132892811,61,0,0,2560,61,4170897546
5642,106025717,27280639,133306356,5,0,0,7168,5,2994424630
5643,106028894,27418974,133447868,32,0,0,17408,32,2761112303
5644,106029442,27510456,133539898,77,0,0,57344,77,4585238193
5645,106030260,27910029,133940289,74,0,0,122368,74,8206521775
5646,106031248,26975591,133006839,8,0,0,22016,8,7331707627
5647,106035269,26783027,132818296,56,0,0,13312,56,5591166604
5648,106037792,26844134,132881926,19,0,0,1024,19,1829971273
5649,106043122,54260646,160303768,35,0,1,45568,35,4153578573
5650,106047566,27815467,133863033,25,0,0,49664,25,2371689471
5651,106049184,27312638,133361822,46,0,0,18432,46,10577435384
5652,106055277,27111127,133166404,5,0,0,8192,5,9522887349
5653,106062207,27320509,133382716,8,0,0,50176,8,6482754888
5654,106069396,28148028,134217424,11,0,0,79360,11,6355773529
5655,106072016,27379528,133451544,11,0,0,4608,11,6661753488
5656,106073298,28242513,134315811,83,0,0,60928,83,4581227446
5657,106073363,27230786,133304149,25,0,0,33280,25,3035009160
5658,106090788,27580182,133670970,99,0,0,512,99,6700861077
5659,106092942,27186477,133279419,3,0,0,27136,3,1651610613
5660,106093020,26978096,133071116,74,0,0,7680,74,118329419
5661,106096608,27916234,134012842,7,0,0,32768,7,8978528046
5662,106099638,27577343,133676981,53,0,0,7680,53,5921384417
5663,106112681,28035736,134148417,91,0,0,111616,91,8622445378
5664,106113866,28000520,134114386,2,0,0,21504,2,9552990063
5665,106114676,26801884,132916560,21,0,0,5632,21,8859009315
5666,106129791,27090421,133220212,31,0,0,4608,31,7136806617
5667,106134969,26998577,133133546,55,0,0,7168,55,8222640232
5668,106135979,26984461,133120440,91,0,0,2048,91,8053427504
5669,106140303,26936920,133077223,27,0,0,19968,27,9120022686
5670,106146829,27187666,133334495,50,0,0,2560,50,9261353588
5671,106158954,27592162,133751116,57,0,0,1536,57,9572918776
5672,106162424,27297608,133460032,96,0,0,8192,96,451201384
5673,106163008,54143026,160306034,1,0,1,3584,1,9455147076
5674,106164022,54146838,160310860,55,0,1,7680,55,8172831934
5675,106183628,27373297,133556925,30,0,0,55808,30,9889364295
5676,106190065,27406280,133596345,15,0,0,43008,15,2338310743
5677,106190702,26805292,132995994,69,0,0,3072,69,2704740902
5678,106194026,27031045,133225071,84,0,0,15872,84,10673883599
5679,106194352,27189947,133384299,13,0,0,5120,13,4847592985
5680,106196371,27502681,133699052,81,0,0,21504,81,4303848192
5681,106199548,28531795,134731343,49,0,0,45568,49,6695474370
5682,106210693,54118913,160329606,27,0,1,4096,27,8491878060
5683,106221057,27437930,133658987,99,0,0,23552,99,10555192555
5684,106223294,27546032,133769326,10,0,0,44032,10,2414862513
5685,106227163,27714553,133941716,60,0,0,4608,60,8329627122
5686,106235117,27198646,133433763,89,0,0,17920,89,10356517075
5687,106236912,28016742,134253654,88,0,0,24064,88,3449357887
5688,106242863,54138986,160381849,62,0,1,1536,62,6376388739
5689,106243272,27317584,133560856,10,0,0,12800,10,6012787607
5690,106249604,27240820,133490424,73,0,0,6656,73,4919997995
5691,106251502,27268850,133520352,89,0,0,69120,89,5287303759
5692,106257498,54125598,160383096,27,0,1,16896,27,3730279852
5693,106261700,27174114,133435814,57,0,0,6656,57,3815677377
5694,106262733,27030928,133293661,23,0,0,12800,23,4790088478
5695,106287623,27098259,133385882,92,0,0,5120,92,3656847558
5696,106293534,27554321,133847855,90,0,0,15872,90,2263228776
5697,106304361,54083241,160387602,7,0,1,7168,7,4882619189
5698,106307576,54084212,160391788,83,0,1,6656,83,1549730338
5699,106318750,28073570,134392320,1,0,0,9216,1,6566846565
5700,106320891,27429711,133750602,49,0,0,14848,49,3810875235
5701,106324156,27327632,133651788,38,0,0,44544,38,7612324672
5702,106327543,54079888,160407431,74,0,1,4608,74,897989842
5703,106329465,27375249,133704714,39,0,0,8192,39,2649655687
5704,106330046,27468263,133798309,19,0,0,41984,19,7220838331
5705,106330768,27612219,133942987,48,0,0,4096,48,6176581390
5706,106333233,27412507,133745740,86,0,0,2048,86,5771510876
5707,106338398,27540788,133879186,12,0,0,26624,12,5500823427
5708,106345708,54063106,160408814,52,0,1,14848,52,703100253
5709,106345859,27343163,133689022,70,0,0,28672,70,4874000535
5710,106351757,27650431,134002188,1,0,0,55808,1,5779353988
5711,106352221,27340256,133692477,13,0,0,11264,13,7347720228
5712,106353027,27840171,134193198,40,0,0,37376,40,997381979
5713,106353779,28249999,134603778,61,0,0,56832,61,8596937008
5714,106363514,27722124,134085638,15,0,0,9216,15,7677636830
5715,106364920,54063567,160428487,91,0,1,3584,91,7543967527
5716,106370597,27655441,134026038,8,0,0,29696,8,7389470416
5717,106372378,27429386,133801764,12,0,0,11264,12,6778287147
5718,106374521,27509699,133884220,0,0,0,5632,0,8202321494
5719,106380671,27321524,133702195,8,0,0,10240,8,5265303581
5720,106384481,27198729,133583210,94,0,0,5120,94,10539433137
5721,106390287,27413684,133803971,86,0,0,7168,86,7441208650
5722,106394785,54033725,160428510,32,0,1,1536,32,7689060474
5723,106411378,28439724,134851102,96,0,0,12800,96,3733850825
5724,106419344,27613681,134033025,91,0,0,22528,91,8479308899
5725,106428197,27925771,134353968,20,0,0,19456,20,6812868172
5726,106432662,53998995,160431657,99,0,1,6656,99,1302667391
5727,106435562,27599358,134034920,8,0,0,6144,8,1734279231
5728,106436481,28325486,134761967,13,0,0,27136,13,7619664987
5729,106436486,27319179,133755665,63,0,0,6144,63,7204440862
5730,106448516,28644840,135093356,62,0,0,52736,62,4117098326
5731,106460570,54000946,160461516,21,0,1,7680,21,8911725880
5732,106461195,27810957,134272152,83,0,0,27136,83,2735071361
5733,106463957,27489362,133953319,14,0,0,15872,14,8864884019
5734,106478207,53983332,160461539,55,0,1,1024,55,4188053111
5735,106478587,27745169,134223756,91,0,0,17408,91,8801419657
5736,106489219,27576666,134065885,22,0,0,8704,22,4916770725
5737,106500944,27501891,134002835,12,0,0,2048,12,881222586
5738,106507266,28688134,135195400,83,0,0,80896,83,5782842176
5739,106510507,53951055,160461562,10,0,1,11776,10,3922510591
5740,106511931,27653544,134165475,83,0,0,41984,83,4640865727
5741,106527852,28855174,135383026,27,0,0,68096,27,6276382827
5742,106528160,27573856,134102016,96,0,0,20480,96,5947528329
5743,106531327,28037183,134568510,25,0,0,18432,25,8320887909
5744,106531456,28419276,134950732,5,0,0,26112,5,7317589147
5745,106532371,27620289,134152660,75,0,0,13824,75,816288776
5746,106536047,28808718,135344765,25,0,0,21504,25,8263309666
5747,106536732,53934587,160471319,77,0,1,5632,77,5107405509
5748,106542182,27987112,134529294,58,0,0,41984,58,9032874674
5749,106543183,53929122,160472305,84,0,1,1536,84,8259854452
5750,106544219,28987817,135532036,20,0,0,31744,20,3953444554
5751,106556274,27899532,134455806,61,0,0,17920,61,6030201280
5752,106561976,27454968,134016944,19,0,0,13312,19,2461367073
5753,106563335,53912196,160475531,80,0,1,5120,80,2632034659
5754,106567581,27985173,134552754,32,0,0,32256,32,1585532773
5755,106571243,28637353,135208596,92,0,0,20480,92,5581694562
5756,106572465,53905413,160477878,25,0,1,10752,25,784483333
5757,106572971,27926419,134499390,83,0,0,36864,83,1105527661
5758,106600579,28044723,134645302,81,0,0,37376,81,3066755983
5759,106600771,27617612,134218383,62,0,0,3072,62,4217393999
5760,106607261,28824282,135431543,37,0,0,12800,37,7128009808
5761,106608512,29095212,135703724,7,0,0,19456,7,9282877898
5762,106610054,28626392,135236446,86,0,0,39424,86,2752511376
5763,106612237,29260690,135872927,11,0,0,100864,11,9150544191
5764,106626051,54043666,160669717,63,0,1,116736,63,8447439957
5765,106627131,54437195,161064326,32,0,1,36352,32,151600772
5766,106632709,28926844,135559553,44,0,0,26112,44,7848880205
5767,106648052,27388178,134036230,98,0,0,4096,98,1337245997
5768,106650481,27457330,134107811,88,0,0,18944,88,9697939690
5769,106651219,27587380,134238599,2,0,0,48640,2,2125831412
5770,106653586,54410763,161064349,64,0,1,1536,64,2826937251
5771,106658827,27701872,134360699,14,0,0,22016,14,5247827665
5772,106661334,27577756,134239090,33,0,0,1536,33,906261268
5773,106669106,54395266,161064372,1,0,1,9216,1,8351552095
5774,106669437,54441129,161110566,72,0,1,512,72,9449407538
5775,106669570,28167414,134836984,38,0,0,12800,38,1459033771
5776,106673656,29260827,135934483,25,0,0,36352,25,4228217807
5777,106686814,28172423,134859237,64,0,0,26624,64,558120834
5778,106687400,27795447,134482847,8,0,0,3072,8,7704774408
5779,106694775,29355290,136050065,50,0,0,35840,50,2433760812
5780,106698483,28716217,135414700,57,0,0,22016,57,8274766963
5781,106713119,54397470,161110589,3,0,1,25600,3,9914017057
5782,106721476,27941188,134662664,88,0,0,16896,88,5415746
5783,106721811,27790737,134512548,72,0,0,26624,72,1579884816
5784,106723280,27994156,134717436,22,0,0,62464,22,7736498821
5785,106735297,27997005,134732302,87,0,0,3072,87,8983057064
5786,106757807,54382613,161140420,87,0,1,3072,87,4026897189
5787,106758673,29267408,136026081,63,0,0,25600,63,6857705654
5788,106763902,27616346,134380248,73,0,0,28160,73,2414547162
5789,106766807,54655659,161422466,95,0,1,19456,95,4402222855
5790,106771245,54662022,161433267,21,0,1,6144,21,10112183900
5791,106781443,27996339,134777782,97,0,0,6144,97,10415012768
5792,106785793,27696095,134481888,92,0,0,27648,92,10314583899
5793,106789259,54712189,161501448,27,0,1,10752,27,7518463790
5794,106798599,27952238,134750837,6,0,0,42496,6,6420615685
5795,106802903,27983888,134786791,87,0,0,13824,87,7498623557
5796,106806697,29411403,136218100,23,0,0,38400,23,2350618301
5797,106807662,27708809,134516471,76,0,0,12800,76,4368796409
5798,106809717,27802508,134612225,74,0,0,27648,74,8956939294
5799,106810344,54805032,161615376,78,0,1,35840,78,1018502112
5800,106821583,29237466,136059049,64,0,0,512,64,806512080
5801,106823124,28783789,135606913,23,0,0,89600,23,1163954239
5802,106823672,54791727,161615399,92,0,1,3584,92,9246299154
5803,106824741,27797136,134621877,12,0,0,4096,12,2324279838
5804,106825789,27831704,134657493,70,0,0,39936,70,4613955014
5805,106848602,28265712,135114314,42,0,0,68608,42,2404112155
5806,106853992,28108897,134962889,78,0,0,2560,78,7575859826
5807,106857707,27759533,134617240,10,0,0,16384,10,7672987098
5808,106863313,27890355,134753668,25,0,0,9216,25,955431217
5809,106868989,28037457,134906446,90,0,0,12800,90,10328813448
5810,106884606,54734271,161618877,51,0,1,12288,51,793258809
5811,106886203,54836978,161723181,35,0,1,61952,35,5838408899
5812,106888766,28802432,135691198,42,0,0,30208,42,1288630348
5813,106901140,28224342,135125482,11,0,0,20992,11,1026995944
5814,106904624,54890723,161795347,69,0,1,4096,69,8428759174
5815,106905378,29236523,136141901,35,0,0,17408,35,4742660945
5816,106910942,28399186,135310128,65,0,0,31232,65,7034562018
5817,106917491,27876213,134793704,25,0,0,14336,25,1863190325
5818,106921164,27816702,134737866,65,0,0,13824,65,6240830158
5819,106921976,28155266,135077242,26,0,0,73216,26,9137684661
5820,106940755,27938198,134878953,75,0,0,9216,75,3099005240
5821,106944691,28320689,135265380,52,0,0,20480,52,3614393080
5822,106946670,27977181,134923851,62,0,0,5632,62,125195069
5823,106954509,54883808,161838317,5,0,1,512,5,2772196298
5824,106959941,27872791,134832732,91,0,0,26624,91,7556663025
5825,106961599,27973784,134935383,10,0,0,8192,10,4870776373
5826,106972172,27903250,134875422,82,0,0,11264,82,6345322749
5827,106985462,28254127,135239589,66,0,0,10240,66,10713649814
5828,106990200,27876129,134866329,19,0,0,3072,19,9494235681
5829,106994368,54848135,161842503,99,0,1,6656,99,8626412959
5830,106996540,28199351,135195891,19,0,0,1536,19,903027376
5831,106996872,54848857,161845729,80,0,1,5120,80,8293387620
5832,107004383,29389787,136394170,45,0,0,60416,45,7739962491
5833,107011442,27990470,135001912,20,0,0,32768,20,6312784572
5834,107012436,28442454,135454890,2,0,0,71680,2,4817409164
5835,107013599,29178665,136192264,14,0,0,2048,14,5937069929
5836,107018541,54827854,161846395,25,0,1,1024,25,3226345362
5837,107019100,28904284,135923384,70,0,0,45056,70,9771459663
5838,107023912,27998838,135022750,31,0,0,14336,31,3518345691
5839,107024938,54821803,161846741,11,0,1,512,11,7600390885
5840,107027486,29470202,136497688,90,0,0,96768,90,4384073498
5841,107029149,28522425,135551574,87,0,0,38912,87,6243863795
5842,107039865,28079198,135119063,9,0,0,15360,9,10706642786
5843,107042937,54804931,161847868,90,0,1,21504,90,3278894823
5844,107047386,54861848,161909234,99,0,1,19968,99,2295588513
5845,107058549,54884569,161943118,62,0,1,11264,62,3436849301
5846,107059084,28142914,135201998,19,0,0,19968,19,1034470615
5847,107059765,28408559,135468324,38,0,0,13824,38,5603766472
5848,107072440,28182505,135254945,57,0,0,1536,57,697689300
5849,107075314,28082339,135157653,53,0,0,66560,53,1579178173
5850,107086632,28039973,135126605,96,0,0,3584,96,8951762005
5851,107102397,28290792,135393189,40,0,0,33280,40,3735058685
5852,107107288,28590485,135697773,51,0,0,21504,51,10595909
5853,107108315,29261887,136370202,98,0,0,68096,98,8821463147
5854,107111982,28462593,135574575,73,0,0,38400,73,9052115747
5855,107121164,28133290,135254454,39,0,0,19456,39,6246933035
5856,107123743,28078590,135202333,93,0,0,1024,93,10358945971
5857,107124163,28894095,136018258,3,0,0,57856,3,76952689
5858,107139720,29435007,136574727,55,0,0,29696,55,9700159849
5859,107144763,28434827,135579590,19,0,0,16384,19,2920208373
5860,107156016,29372805,136528821,53,0,0,41472,53,6823016465
5861,107163196,28543827,135707023,12,0,0,10752,12,10578016625
5862,107166556,54790267,161956823,49,0,1,6144,49,4835453723
5863,107168299,28317533,135485832,80,0,0,46080,80,2791996554
5864,107178971,28463893,135642864,20,0,0,9728,20,4290621656
5865,107179122,28577302,135756424,26,0,0,11264,26,5211340930
5866,107180897,28756440,135937337,13,0,0,9216,13,601880716
5867,107182231,28470952,135653183,1,0,0,33792,1,4898106662
5868,107188485,54771019,161959504,60,0,1,4608,60,1686545289
5869,107188546,28347881,135536427,72,0,0,14336,72,947121387
5870,107191062,54798286,161989348,8,0,1,2560,8,4006796951
5871,107191739,28610196,135801935,79,0,0,29184,79,1598156868
5872,107203320,55193035,162396355,52,0,1,132096,52,6152756165
5873,107225533,28492743,135718276,56,0,0,512,56,6886936532
5874,107228042,28680476,135908518,67,0,0,116736,67,7581454863
5875,107233373,28427633,135661006,67,0,0,11776,67,5536691350
5876,107240783,28486830,135727613,66,0,0,8192,66,7635955557
5877,107242687,29514032,136756719,96,0,0,9728,96,4369537879
5878,107252107,29307203,136559310,39,0,0,5120,39,6767453384
5879,107254863,28153106,135407969,98,0,0,10240,98,7828279586
5880,107254983,29859205,137114188,67,0,0,41472,67,256961941
5881,107266427,29413966,136680393,61,0,0,52736,61,7317309546
5882,107267967,28850461,136118428,13,0,0,34304,13,7934633382
5883,107270550,28292302,135562852,82,0,0,10752,82,2219590586
5884,107271513,29013991,136285504,11,0,0,98304,11,6036592987
5885,107277224,28544504,135821728,86,0,0,17408,86,5318539707
5886,107288591,28621042,135909633,99,0,0,3584,99,6152179378
5887,107291668,28345392,135637060,30,0,0,17408,30,1624345876
5888,107302797,28677005,135979802,8,0,0,3584,8,5722532349
5889,107306628,28414969,135721597,87,0,0,2048,87,6845497013
5890,107319812,55173832,162493644,34,0,1,12800,34,5323835885
5891,107335950,29077922,136413872,14,0,0,57856,14,3611162967
5892,107336075,28744908,136080983,51,0,0,5120,51,5597591147
5893,107344566,29161615,136506181,15,0,0,7168,15,5249653391
5894,107345056,28626335,135971391,50,0,0,31744,50,9413328710
5895,107351794,29076505,136428299,13,0,0,1536,13,4166432381
5896,107376635,28757884,136134519,33,0,0,52736,33,5728361526
5897,107388932,28397255,135786187,51,0,0,40960,51,3556104700
5898,107394232,29943768,137338000,30,0,0,62976,30,1337964955
5899,107399293,28579394,135978687,32,0,0,22528,32,4529054218
5900,107409078,29007157,136416235,73,0,0,7680,73,4521292692
5901,107410363,28378499,135788862,76,0,0,8704,76,5664447245
5902,107425265,28682688,136107953,79,0,0,16896,79,2917216382
5903,107425724,28518656,135944380,20,0,0,23040,20,836064259
5904,107426253,29385228,136811481,48,0,0,18944,48,10323333741
5905,107451311,55042356,162493667,90,0,1,3072,90,10271470127
5906,107474977,28282250,135757227,9,0,0,2560,9,4766650887
5907,107493980,28455111,135949091,14,0,0,15360,14,2107904030
5908,107494754,28812659,136307413,80,0,0,14336,80,9998344399
5909,107495795,28475931,135971726,9,0,0,1024,9,7688163601
5910,107502927,28553580,136056507,85,0,0,9728,85,6158650633
5911,107503523,28458173,135961696,62,0,0,10752,62,10442703279
5912,107503541,29542706,137046247,45,0,0,20480,45,4241267574
5913,107503635,28845796,136349431,7,0,0,125952,7,474745637
5914,107508470,54985220,162493690,95,0,1,7680,95,652995377
5915,107515040,28881181,136396221,64,0,0,6656,64,991936216
5916,107519966,29459275,136979241,60,0,0,10752,60,658448732
5917,107524239,29914603,137438842,66,0,0,39936,66,9950528940
5918,107568263,28664836,136233099,42,0,0,49152,42,6056019657
5919,107581273,28972687,136553960,79,0,0,82432,79,7911840400
5920,107589839,29020007,136609846,12,0,0,30208,12,3325561794
5921,107598814,55091991,162690805,63,0,1,110592,63,8008358515
5922,107606621,28842515,136449136,24,0,0,39936,24,10488855262
5923,107607470,28629240,136236710,45,0,0,11776,45,4560520498
5924,107609320,28449550,136058870,90,0,0,7680,90,2214257104
5925,107610816,29944792,137555608,44,0,0,38912,44,5820025810
5926,107611134,28585490,136196624,58,0,0,3072,58,9357803070
5927,107613538,28697486,136311024,58,0,0,11776,58,2377271076
5928,107642494,28411026,136053520,33,0,0,11264,33,10073778731
5929,107646289,55141845,162788134,52,0,1,31232,52,418989360
5930,107648016,29060896,136708912,98,0,0,21504,98,3673778107
5931,107648256,28930082,136578338,55,0,0,11776,55,2580949749
5932,107650635,29492681,137143316,71,0,0,5632,71,290624865
5933,107656070,28719669,136375739,59,0,0,7680,59,7641070170
5934,107658510,55130610,162789120,11,0,1,1536,11,7408229537
5935,107666314,28636708,136303022,95,0,0,5632,95,722693367
5936,107667205,28706171,136373376,34,0,0,9728,34,5394879562
5937,107667347,28836448,136503795,32,0,0,19968,32,818178803
5938,107674127,28788869,136462996,54,0,0,14848,54,10462677005
5939,107677421,28415270,136092691,26,0,0,8192,26,6100703300
5940,107695169,29030687,136725856,50,0,0,31744,50,6714198484
5941,107707744,29176278,136884022,62,0,0,35328,62,7833773611
5942,107710891,28846836,136557727,91,0,0,12288,91,461823812
5943,107718484,28582799,136301283,5,0,0,51712,5,10066644805
5944,107719173,28906334,136625507,72,0,0,41984,72,6529259503
5945,107728571,29054081,136782652,53,0,0,56832,53,8080103308
5946,107732222,28919406,136651628,24,0,0,24064,24,7172718077
5947,107737527,29096076,136833603,28,0,0,33792,28,5950718625
5948,107738393,28698540,136436933,64,0,0,12288,64,9330591029
5949,107741304,28893118,136634422,43,0,0,29184,43,496158496
5950,107742960,28627429,136370389,45,0,0,512,45,8963550836
5951,107759020,28971250,136730270,57,0,0,8704,57,9931672473
5952,107766638,29138935,136905573,82,0,0,70656,82,9599757149
5953,107768643,29072806,136841449,63,0,0,16384,63,4382708931
5954,107771915,30309328,138081243,27,0,0,19456,27,9135656374
5955,107772614,55092486,162865100,75,0,1,22016,75,4335180762
5956,107785290,55083444,162868734,16,0,1,11776,16,6745543181
5957,107786463,55082294,162868757,72,0,1,2048,72,9990248373
5958,107787251,55155198,162942449,25,0,1,29696,25,1158616540
5959,107787277,29737370,137524647,73,0,0,25088,73,4850446128
5960,107791426,29126838,136918264,96,0,0,5632,96,7416105935
5961,107793015,28710959,136503974,46,0,0,512,46,974533727
5962,107793884,29491405,137285289,56,0,0,7680,56,8175798098
5963,107795361,29277342,137072703,37,0,0,36352,37,6713303593
5964,107797559,29861700,137659259,13,0,0,33792,13,9746961756
5965,107798465,29548623,137347088,83,0,0,11776,83,2518569577
5966,107799108,29407623,137206731,12,0,0,33280,12,7125961227
5967,107814665,29121647,136936312,85,0,0,9216,85,6677317177
5968,107815215,28829058,136644273,88,0,0,32256,88,10503562069
5969,107816203,28837320,136653523,46,0,0,6144,46,8583147578
5970,107817866,28866138,136684004,70,0,0,11776,70,1175607564
5971,107818241,29341600,137159841,49,0,0,31744,49,3888998928
5972,107825905,29654768,137480673,18,0,0,137216,18,7985296830
5973,107831433,29025248,136856681,73,0,0,17408,73,3203463038
5974,107837572,28898025,136735597,93,0,0,17408,93,800051788
5975,107837839,30415721,138253560,25,0,0,13824,25,5770942393
5976,107847126,29281315,137128441,61,0,0,16896,61,10388049011
5977,107850232,28877363,136727595,62,0,0,5632,62,10364959908
5978,107855829,55736117,163591946,4,0,1,437248,4,6094604309
5979,107861432,29499884,137361316,71,0,0,23552,71,8968429477
5980,107862714,29043818,136906532,74,0,0,3072,74,1786077801
5981,107863218,29198386,137061604,14,0,0,30208,14,751265938
5982,107863396,28973038,136836434,39,0,0,9216,39,6006775101
5983,107873335,29305139,137178474,85,0,0,9728,85,7419212472
5984,107876566,29665973,137542539,82,0,0,11776,82,4931479873
5985,107878878,28926808,136805686,66,0,0,35328,66,6036337429
5986,107879271,29797542,137676813,44,0,0,43008,44,10347222074
5987,107882975,28965860,136848835,53,0,0,2048,53,6652713244
5988,107883565,29198107,137081672,99,0,0,14336,99,3671645924
5989,107886218,30505961,138392179,76,0,0,43008,76,8618635713
5990,107898252,29627042,137525294,43,0,0,2048,43,3264351314
5991,107902571,28945617,136848188,92,0,0,22016,92,8589984015
5992,107914707,55682385,163597092,0,0,1,8192,0,7532666867
5993,107929958,29245529,137175487,14,0,0,32768,14,2200556477
5994,107931917,29143461,137075378,44,0,0,8704,44,4034958104
5995,107940675,29040366,136981041,89,0,0,1536,89,3997135971
5996,107942814,28970638,136913452,67,0,0,14848,67,310980694
5997,107949583,29086347,137035930,59,0,0,7680,59,1833890815
5998,107953348,29077507,137030855,49,0,0,512,49,7799895469
5999,107960070,28891284,136851354,89,0,0,8192,89,64162575
6000,107961932,29065992,137027924,38,0,0,13824,38,3988521707
6001,107966401,29110872,137077273,60,0,0,6144,60,7360858783
6002,107970282,55673317,163643599,27,0,1,7680,27,3818422425
6003,107973529,55670093,163643622,86,0,1,2560,86,5814412183
6004,107974415,29044473,137018888,39,0,0,19456,39,5197196038
6005,107976761,55690074,163666835,1,0,1,17920,1,1767307923
6006,107980868,29296148,137277016,87,0,0,29184,87,9159923900
6007,107997779,29726819,137724598,61,0,0,37888,61,1109609150
6008,108005869,29401590,137407459,38,0,0,11776,38,4968376723
6009,108006666,29928712,137935378,53,0,0,31744,53,99277463
6010,108007880,55658978,163666858,60,0,1,2048,60,9095513220
6011,108014620,29080250,137094870,40,0,0,6656,40,1217894560
6012,108019420,55650833,163670253,90,0,1,1536,90,799648876
6013,108019887,29512645,137532532,82,0,0,9216,82,1420181710
6014,108028467,29322544,137351011,48,0,0,12800,48,7518495342
6015,108030715,29333432,137364147,99,0,0,9216,99,7257566282
6016,108037278,29097283,137134561,32,0,0,11776,32,9559578730
6017,108046486,29720861,137767347,77,0,0,16384,77,6015303992
6018,108046560,29118920,137165480,1,0,0,18432,1,8170970167
6019,108054419,29578611,137633030,99,0,0,48128,99,1203359281
6020,108069166,30022374,138091540,65,0,0,13824,65,328903378
6021,108077321,55814328,163891649,67,0,1,176640,67,380266264
6022,108079225,30631190,138710415,12,0,0,34816,12,9667586484
6023,108083233,30524501,138607734,22,0,0,75264,22,6537915487
6024,108085976,29576010,137661986,68,0,0,2560,68,7174680495
6025,108087252,29404543,137491795,86,0,0,36352,86,7126708464
6026,108096442,55796513,163892955,87,0,1,2048,87,838355999
6027,108098231,29202993,137301224,76,0,0,52224,76,2897733922
6028,108101137,29493006,137594143,68,0,0,1024,68,6525124602
6029,108113405,29582494,137695899,82,0,0,8192,82,5681658781
6030,108120150,29498193,137618343,33,0,0,16896,33,8145930374
6031,108124658,29368252,137492910,1,0,0,3584,1,8870937334
6032,108127682,55839539,163967221,27,0,1,19456,27,5086290925
6033,108130760,29386220,137516980,10,0,0,78848,10,3597094175
6034,108137668,29251491,137389159,13,0,0,7168,13,2208345982
6035,108141420,29743226,137884646,71,0,0,2048,71,3783311453
6036,108142705,29770753,137913458,51,0,0,84992,51,4026900080
6037,108151988,29200762,137352750,7,0,0,5632,7,1829477170
6038,108154521,55812723,163967244,95,0,1,1024,95,8520889900
6039,108156409,29536963,137693372,11,0,0,54272,11,3542844643
6040,108170092,29423716,137593808,44,0,0,68608,44,7486326401
6041,108180392,29432780,137613172,32,0,0,35328,32,2499241712
6042,108184086,29687402,137871488,31,0,0,18432,31,5612807770
6043,108190377,29836343,138026720,50,0,0,57344,50,4611794322
6044,108194821,29334872,137529693,52,0,0,14336,52,6947509500
6045,108197306,29627388,137824694,26,0,0,30208,26,2942374757
6046,108198216,29644678,137842894,56,0,0,37376,56,1214492664
6047,108200360,29868513,138068873,48,0,0,7680,48,746560616
6048,108204092,55763175,163967267,89,0,1,3584,89,9188485812
6049,108206589,29361455,137568044,40,0,0,23040,40,4403392630
6050,108215646,29840366,138056012,77,0,0,47616,77,2877095306
6051,108215756,29850754,138066510,39,0,0,27136,39,4266284448
6052,108225034,29640815,137865849,81,0,0,75264,81,10536355869
6053,108226854,55758920,163985774,74,0,1,5632,74,5823318312
6054,108229585,55761015,163990600,95,0,1,7680,95,5975417546
6055,108239366,29644625,137883991,47,0,0,40960,47,6511999304
6056,108243179,55810508,164053687,17,0,1,11264,17,1070538615
6057,108250644,29445590,137696234,88,0,0,1024,88,122711545
6058,108274918,29496196,137771114,69,0,0,12288,69,1126009918
6059,108276390,55785459,164061849,92,0,1,2048,92,10605421166
6060,108277821,29895422,138173243,58,0,0,10752,58,4772324537
6061,108279969,29685985,137965954,90,0,0,24576,90,430535006
6062,108281817,29518535,137800352,46,0,0,22016,46,3536983692
6063,108286789,30596934,138883723,14,0,0,43520,14,4318953875
6064,108293250,29782042,138075292,88,0,0,20992,88,6348289082
6065,108296002,56229721,164525723,19,0,1,325632,19,2740768999
6066,108296310,30152982,138449292,42,0,0,102912,42,5554617779
6067,108309734,29826881,138136615,90,0,0,17920,90,7478937413
6068,108310372,56217937,164528309,97,0,1,4096,97,2520854732
6069,108327828,29984424,138312252,3,0,0,50176,3,6345641338
6070,108329197,30005299,138334496,90,0,0,66560,90,10662019288
6071,108333436,30120091,138453527,39,0,0,13824,39,366954175
6072,108337025,29608071,137945096,31,0,0,11264,31,10294219387
6073,108337963,30283857,138621820,13,0,0,11264,13,6178831789
6074,108340545,29576680,137917225,57,0,0,12288,57,6233297139
6075,108341444,30639635,138981079,4,0,0,1536,4,6948438701
6076,108345055,29798996,138144051,47,0,0,19968,47,5318594432
6077,108347624,56185511,164533135,55,0,1,7680,55,10686592865
6078,108347877,29610566,137958443,60,0,0,4608,60,6034844849
6079,108350229,29567331,137917560,61,0,0,1024,61,5058684637
6080,108355556,29874941,138230497,43,0,0,17408,43,4579529532
6081,108357336,30513027,138870363,99,0,0,31232,99,5151527072
6082,108357969,29955710,138313679,20,0,0,4608,20,9590362750
6083,108358820,56187871,164546691,63,0,1,25088,63,453394
6084,108372627,29660200,138032827,11,0,0,19968,11,8103132366
6085,108378076,30730513,139108589,34,0,0,59392,34,7265374792
6086,108382417,29675802,138058219,13,0,0,7168,13,8512309792
6087,108401181,29840868,138242049,27,0,0,9216,27,5281698942
6088,108436983,56138576,164575559,74,0,1,2560,74,4314108557
6089,108449595,29507421,137957016,47,0,0,26624,47,9368510980
6090,108452398,29861772,138314170,55,0,0,1536,55,6210478742
6091,108453457,30193416,138646873,62,0,0,27136,62,2567782505
6092,108465947,29801912,138267859,39,0,0,17920,39,2372729885
6093,108474287,56334739,164809026,32,0,1,175104,32,7323196101
6094,108475864,29802297,138278161,76,0,0,27648,76,4969095023
6095,108478016,29989285,138467301,64,0,0,14848,64,7035348810
6096,108487337,29633985,138121322,68,0,0,6144,68,10713244075
6097,108500566,30589881,139090447,38,0,0,29696,38,9900580518
6098,108505722,30314350,138820072,48,0,0,68096,48,1897168655
6099,108520575,56295757,164816332,89,0,1,512,89,1695106571
6100,108523061,30629240,139152301,38,0,0,45056,38,6124086740
6101,108525496,29713722,138239218,33,0,0,16384,33,1506508811
6102,108529908,30108658,138638566,42,0,0,12288,42,55302914
6103,108539384,30045395,138584779,55,0,0,77824,55,1903967475
6104,108540752,56275603,164816355,55,0,1,2560,55,4261727729
6105,108546731,29870389,138417120,92,0,0,9216,92,8803960542
6106,108553588,30146196,138699784,27,0,0,27136,27,579767646
6107,108554181,30305116,138859297,57,0,0,72704,57,1342504260
6108,108555699,30669382,139225081,81,0,0,62976,81,855118658
6109,108559376,56703949,165263325,30,0,1,278528,30,9282295546
6110,108561790,30073001,138634791,86,0,0,42496,86,1251659350
6111,108585335,30251764,138837099,79,0,0,55808,79,9033446128
6112,108601224,29689034,138290258,70,0,0,5632,70,8560007407
6113,108603497,29616633,138220130,83,0,0,512,83,1270269118
6114,108633470,30775319,139408789,33,0,0,7168,33,2741698488
6115,108635098,29758040,138393138,24,0,0,3072,24,1804199027
6116,108636098,29982267,138618365,57,0,0,34816,57,5930540785
6117,108640090,30665283,139305373,78,0,0,15872,78,9682110123
6118,108640727,29822027,138462754,57,0,0,30208,57,185203244
6119,108641442,30345591,138987033,88,0,0,15872,88,1067156353
6120,108642118,29906041,138548159,13,0,0,1536,13,5419842034
6121,108651438,31088534,139739972,37,0,0,10752,37,4026097510
6122,108652991,56646152,165299143,45,0,1,7680,45,5422125688
6123,108653263,29843471,138496734,6,0,0,12288,6,9075716836
6124,108656734,31250749,139907483,66,0,0,84992,66,3193056836
6125,108671522,29849909,138521431,8,0,0,31232,8,3079747941
6126,108684430,30558614,139243044,15,0,0,58880,15,5448940355
6127,108686740,56614953,165301693,84,0,1,4608,84,4944720239
6128,108689068,30377963,139067031,9,0,0,9216,9,4131969329
6129,108692345,29959231,138651576,23,0,0,15360,23,6288833538
6130,108692690,30713884,139406574,91,0,0,29696,91,6622204057
6131,108694617,30076447,138771064,99,0,0,16896,99,5730825856
6132,108699286,31269776,139969062,0,0,0,23552,0,2294613609
6133,108701233,56604992,165306225,13,0,1,7168,13,3509282418
6134,108701937,30553477,139255414,73,0,0,24576,73,2407342270
6135,108703842,29984333,138688175,26,0,0,5120,26,1307537417
6136,108704831,30617605,139322436,8,0,0,45568,8,5194695043
6137,108709658,30024624,138734282,29,0,0,3072,29,626110997
6138,108712692,30412251,139124943,69,0,0,3584,69,6053129088
6139,108714987,56592544,165307531,1,0,1,2048,1,9986170890
6140,108718466,30142258,138860724,81,0,0,4608,81,2607078267
6141,108724869,56583942,165308811,36,0,1,14336,36,493242555
6142,108726670,30044885,138771555,95,0,0,1536,95,7744082883
6143,108727606,30854044,139581650,61,0,0,23040,61,1571603152
6144,108734526,56574631,165309157,95,0,1,512,95,432611992
6145,108737350,56572575,165309925,60,0,1,11776,60,8149215548
6146,108737509,30255342,138992851,86,0,0,6144,86,8053860948
6147,108738141,56573730,165311871,75,0,1,3072,75,8408043615
6148,108744449,30366191,139110640,89,0,0,6656,89,6152720062
6149,108745258,30750679,139495937,98,0,0,92672,98,6326270494
6150,108752702,56573211,165325913,80,0,1,7168,80,8696990807
6151,108757349,56568587,165325936,74,0,1,1024,74,7303741493
6152,108775560,30173895,138949455,54,0,0,9728,54,2642041366
6153,108776234,56549725,165325959,16,0,1,6656,16,9595185342
6154,108778953,30247260,139026213,34,0,0,18432,34,1528680583
6155,108782247,56543735,165325982,17,0,1,1024,17,2713279826
6156,108785070,30782166,139567236,24,0,0,55296,24,8183114588
6157,108796935,30221243,139018178,77,0,0,9216,77,8564788713
6158,108801294,31057159,139858453,88,0,0,87040,88,7082465688
6159,108801956,30748409,139550365,91,0,0,10752,91,7917437879
6160,108808009,56517996,165326005,25,0,1,5632,25,4940470617
6161,108809846,30764753,139574599,85,0,0,24064,85,8520926324
6162,108812410,30463977,139276387,64,0,0,54272,64,3608594926
6163,108820864,56507803,165328667,1,0,1,5120,1,3746143412
6164,108831600,30428228,139259828,64,0,0,3072,64,2931142682
6165,108837448,31175352,140012800,39,0,0,56832,39,3863792214
6166,108838925,30152031,138990956,39,0,0,12800,39,7094899231
6167,108839036,30080284,138919320,27,0,0,2048,27,8420707336
6168,108839070,30510651,139349721,83,0,0,12288,83,4980390449
6169,108840541,30223659,139064200,31,0,0,15872,31,2598122861
6170,108843169,30404734,139247903,60,0,0,15872,60,6962335094
6171,108844111,56485862,165329973,75,0,1,2048,75,2819585085
6172,108848167,57121774,165969941,82,0,1,368640,82,403451957
6173,108849767,30813380,139663147,6,0,0,11776,6,5229626559
6174,108854632,57235506,166090138,3,0,1,69632,3,6871708991
6175,108857010,57235714,166092724,99,0,1,4096,99,4778296282
6176,108866836,30742368,139609204,25,0,0,10240,25,9637643186
6177,108870790,57222293,166093083,84,0,1,9728,84,9339983649
6178,108874568,30501715,139376283,77,0,0,2560,77,2227953444
6179,108874647,30456690,139331337,6,0,0,22528,6,10655722263
6180,108880985,30320667,139201652,23,0,0,20480,23,8857331199
6181,108883727,30700442,139584169,20,0,0,8192,20,2378909054
6182,108888174,30401149,139289323,65,0,0,1024,65,5347009303
6183,108888663,30872202,139760865,17,0,0,3072,17,2057231773
6184,108889238,30854145,139743383,90,0,0,4096,90,6538132143
6185,108912823,57180926,166093749,45,0,1,1024,45,2417686260
6186,108913110,57186015,166099125,81,0,1,6144,81,2261911879
6187,108915616,30581124,139496740,11,0,0,2560,11,5569437864
6188,108917843,30771676,139689519,88,0,0,27136,88,7777889114
6189,108925895,57370976,166296871,38,0,1,131072,38,6278111211
6190,108928100,30330769,139258869,15,0,0,11264,15,10204680984
6191,108934978,30671083,139606061,19,0,0,4096,19,5516149580
6192,108947320,31123315,140070635,10,0,0,37376,10,7322654127
6193,108954872,31029524,139984396,51,0,0,15872,51,9867960701
6194,108964134,30765269,139729403,92,0,0,3584,92,1245779626
6195,108964370,31196966,140161336,15,0,0,23040,15,3446896605
6196,108975080,30651359,139626439,7,0,0,12288,7,123098316
6197,108978480,31155932,140134412,65,0,0,11776,65,2977259681
6198,108979165,30418338,139397503,50,0,0,34816,50,1455024569
6199,108984909,30338353,139323262,86,0,0,2560,86,6061087747
6200,108985175,30834174,139819349,59,0,0,15360,59,10348876671
6201,108986850,31091053,140077903,54,0,0,13824,54,3561880174
6202,109003509,30958354,139961863,71,0,0,30208,71,5546950212
6203,109009032,30347604,139356636,50,0,0,2048,50,4186994403
6204,109016214,57280680,166296894,11,0,1,512,11,3737690217
6205,109018950,30862614,139881564,39,0,0,75776,39,2075992329
6206,109022653,30927776,139950429,39,0,0,91648,39,2655231980
6207,109026848,31289600,140316448,9,0,0,10240,9,8610073488
6208,109032602,30889880,139922482,82,0,0,49152,82,8062101364
6209,109034388,31175879,140210267,6,0,0,9728,6,4026838887
6210,109035625,30760655,139796280,89,0,0,3072,89,8911624082
6211,109043153,30750421,139793574,82,0,0,15872,82,1636178340
6212,109047333,30987844,140035177,2,0,0,49152,2,2963123984
6213,109049003,31131590,140180593,57,0,0,35328,57,634908976
6214,109050726,31516775,140567501,51,0,0,29184,51,393367427
6215,109064146,31181954,140246100,88,0,0,4608,88,6604492217
6216,109069871,57227046,166296917,60,0,1,1024,60,9726535117
6217,109093586,31037215,140130801,92,0,0,53248,92,8355017882
6218,109095325,30894833,139990158,58,0,0,6656,58,417737445
6219,109103529,30696830,139800359,76,0,0,13312,76,8746971648
6220,109107027,30637471,139744498,59,0,0,3584,59,3198443387
6221,109108931,31036603,140145534,76,0,0,19456,76,8900385311
6222,109112161,30598387,139710548,14,0,0,25088,14,3948377408
6223,109113891,31344296,140458187,24,0,0,79872,24,4548765081
6224,109116622,57180318,166296940,80,0,1,2560,80,8150848863
6225,109119208,31299332,140418540,65,0,0,32768,65,1448804649
6226,109119288,30676025,139795313,5,0,0,5632,5,10238197061
6227,109121903,57177736,166299639,72,0,1,4608,72,5604238578
6228,109149924,57158539,166308463,83,0,1,1024,83,8545580989
6229,109153540,57156306,166309846,94,0,1,14848,94,1189357271
6230,109154286,30825251,139979537,87,0,0,34304,87,6248138694
6231,109157046,31142976,140300022,77,0,0,55296,77,49310191
6232,109158612,30995681,140154293,50,0,0,28672,50,8080144786
6233,109164567,30921950,140086517,5,0,0,12800,5,7581588888
6234,109169937,30889287,140059224,40,0,0,78848,40,9098960289
6235,109197269,30591446,139788715,80,0,0,23040,80,968615713
6236,109207151,57140462,166347613,34,0,1,512,34,9520644982
6237,109214709,57133890,166348599,69,0,1,1536,69,9448106514
6238,109216742,57132113,166348855,96,0,1,9216,96,3093426946
6239,109217171,30856497,140073668,67,0,0,4608,67,9437710555
6240,109226281,31244877,140471158,92,0,0,42496,92,9161802903
6241,109233869,31137677,140371546,72,0,0,38400,72,4832691830
6242,109234006,30786172,140020178,97,0,0,23040,97,10658454586
6243,109237921,30775214,140013135,79,0,0,1024,79,4939202670
6244,109243098,30987492,140230590,89,0,0,45568,89,6688930777
6245,109245478,30826763,140072241,68,0,0,2048,68,2684974651
6246,109247359,30705277,139952636,59,0,0,7168,59,10564695078
6247,109248668,31101729,140350397,70,0,0,1024,70,3484594128
6248,109256280,30815314,140071594,66,0,0,3072,66,9167749157
6249,109286636,30852947,140139583,76,0,0,16896,76,4086639906
6250,109294186,31128589,140422775,17,0,0,13824,17,1468015809
6251,109295331,31326261,140621592,51,0,0,16384,51,6772940921
6252,109298833,30870973,140169806,10,0,0,4608,10,2000959412
6253,109311558,57043864,166355422,19,0,1,29184,19,876517353
6254,109320241,31109733,140429974,2,0,0,23552,2,2055838538
6255,109325175,30930908,140256083,39,0,0,18944,39,180151908
6256,109328472,31403729,140732201,90,0,0,59904,90,2580003673
6257,109333531,31237425,140570956,10,0,0,11264,10,4576712902
6258,109338877,31091604,140430481,55,0,0,1536,55,2982028431
6259,109350642,30970041,140320683,68,0,0,13824,68,10315151821
6260,109352200,30974613,140326813,59,0,0,16896,59,370169365
6261,109354839,31499245,140854084,32,0,0,32256,32,5878536392
6262,109363418,31038728,140402146,56,0,0,12800,56,4835580800
6263,109371534,30796845,140168379,39,0,0,23040,39,1079944685
6264,109388044,30925261,140313305,20,0,0,43520,20,5396927775
6265,109394998,31213944,140608942,84,0,0,8704,84,389526664
6266,109397825,31289280,140687105,57,0,0,19968,57,8658159156
6267,109405351,31247966,140653317,50,0,0,1536,50,7406172058
6268,109416040,31168974,140585014,90,0,0,15872,90,7392866941
6269,109416735,31461522,140878257,4,0,0,8704,4,7233921496
6270,109417184,31275560,140692744,58,0,0,18432,58,1817879477
6271,109418614,30909790,140328404,81,0,0,5120,81,3658181949
6272,109419249,31054748,140473997,0,0,0,9216,0,7314126973
6273,109425719,30809262,140234981,79,0,0,14336,79,2199722481
6274,109425822,30847638,140273460,30,0,0,8704,30,8746252224
6275,109427170,31544311,140971481,68,0,0,29184,68,10160450472
6276,109436339,31399090,140835429,95,0,0,24064,95,5841059190
6277,109446989,31325058,140772047,20,0,0,19968,20,2514077531
6278,109447108,56956132,166403240,53,0,1,5120,53,1043177720
6279,109453219,31161362,140614581,17,0,0,18432,17,4057098141
6280,109455527,31334639,140790166,86,0,0,59392,86,1392724011
6281,109458504,31141422,140599926,5,0,0,28672,5,3133247483
6282,109459465,31353251,140812716,50,0,0,11264,50,5215050608
6283,109459938,31235489,140695427,80,0,0,8704,80,3845249478
6284,109462038,31488891,140950929,19,0,0,58368,19,10315337092
6285,109467389,30854253,140321642,47,0,0,3072,47,8099574588
6286,109472128,31198551,140670679,3,0,0,45568,3,6876032936
6287,109473293,31183479,140656772,79,0,0,11264,79,4360747255
6288,109475880,57016092,166491972,32,0,1,96256,32,5679472978
6289,109481215,57014623,166495838,64,0,1,6144,64,8884561910
6290,109485260,57013209,166498469,97,0,1,2048,97,7554036748
6291,109488081,57056435,166544516,12,0,1,22016,12,5529558591
6292,109488431,31164395,140652826,43,0,0,74240,43,5343545259
6293,109494140,31097004,140591144,60,0,0,19968,60,7520005366
6294,109498268,57118822,166617090,52,0,1,87552,52,4177496614
6295,109502965,31427546,140930511,80,0,0,62976,80,3789157431
6296,109507933,31173065,140680998,74,0,0,33792,74,10676653931
6297,109523001,57167229,166690230,74,0,1,15360,74,1463468692
6298,109527349,31435217,140962566,0,0,0,37888,0,6241251444
6299,109535697,31683520,141219217,31,0,0,86016,31,6668447525
6300,109547280,31489464,141036744,21,0,0,13312,21,8478239568
6301,109557301,31509777,141067078,93,0,0,66048,93,9247535139
6302,109562916,31756266,141319182,33,0,0,49664,33,4625473368
6303,109572530,57122114,166694644,7,0,1,12800,7,8873107113
6304,109578675,31575287,141153962,99,0,0,54784,99,3815109127
6305,109599301,31661729,141261030,26,0,0,46592,26,7965071091
6306,109602300,57092367,166694667,90,0,1,3584,90,7456187278
6307,109609181,57102723,166711904,7,0,1,19968,7,4231010273
6308,109621237,57099372,166720609,99,0,1,9728,99,9081422079
6309,109625067,57097808,166722875,49,0,1,3584,49,3759212764
6310,109644041,31514000,141158041,77,0,0,13312,77,7747572294
6311,109644172,31595082,141239254,76,0,0,15360,76,2862049379
6312,109666714,57154824,166821538,7,0,1,8704,7,6228021616
6313,109670214,31087581,140757795,11,0,0,14336,11,7393700065
6314,109687055,31593810,141280865,91,0,0,65024,91,1238475353
6315,109687140,57135384,166822524,63,0,1,1536,63,1903187045
6316,109688715,31436750,141125465,96,0,0,41984,96,8632425130
6317,109689787,31151714,140841501,60,0,0,5632,60,431268334
6318,109694137,31238893,140933030,23,0,0,8192,23,10522553330
6319,109695732,31547289,141243021,18,0,0,12288,18,3562590882
6320,109698992,31181873,140880865,47,0,0,5632,47,676979759
6321,109702973,31208304,140911277,27,0,0,27136,27,5957214996
6322,109709933,31162772,140872705,20,0,0,34304,20,304599796
6323,109725709,31600048,141325757,92,0,0,21504,92,8003561056
6324,109730678,31290259,141020937,37,0,0,512,37,8188855
6325,109746107,31547448,141293555,90,0,0,4096,90,6744609673
6326,109752452,31622729,141375181,14,0,0,13824,14,7567488119
6327,109762063,31639151,141401214,60,0,0,4096,60,8860494709
6328,109771148,31527377,141298525,22,0,0,4608,22,9153260942
6329,109773604,31459208,141232812,23,0,0,44544,23,4496908013
6330,109783696,31677410,141461106,55,0,0,34304,55,1518361934
6331,109788972,31743918,141532890,91,0,0,17408,91,3078979503
6332,109794591,31795101,141589692,55,0,0,162816,55,1069425199
6333,109796404,31693883,141490287,81,0,0,17920,81,9633677727
6334,109796834,57026996,166823830,49,0,1,2048,49,9634340269
6335,109802333,57054476,166856809,33,0,1,30720,33,3015442671
6336,109802727,31072855,140875582,22,0,0,9216,22,1685655299
6337,109803974,31333273,141137247,50,0,0,33280,50,7127432103
6338,109809521,31383465,141192986,91,0,0,31232,91,10356228089
6339,109811858,31587281,141399139,99,0,0,31232,99,3217388893
6340,109821182,31935863,141757045,21,0,0,12800,21,685043852
6341,109828308,57031693,166860001,74,0,1,7680,74,9759315266
6342,109830531,31327922,141158453,98,0,0,512,98,72480894
6343,109832134,57036889,166869023,90,0,1,11264,90,10461041639
6344,109833323,57158800,166992123,64,0,1,2048,64,8162257244
6345,109838156,57154428,166992584,65,0,1,10240,65,10573435481
6346,109855724,57139766,166995490,72,0,1,4608,72,2788405393
6347,109858188,31300086,141158274,9,0,0,512,9,3431482552
6348,109858466,31868324,141726790,13,0,0,20992,13,293678423
6349,109867961,31175002,141042963,3,0,0,3072,3,5580494323
6350,109868010,31229797,141097807,54,0,0,28672,54,6523225089
6351,109873468,31794410,141667878,81,0,0,4608,81,1258457211
6352,109873855,31482334,141356189,29,0,0,30720,29,4186891678
6353,109874722,31791729,141666451,41,0,0,59392,41,7946282858
6354,109875637,57137599,167013236,95,0,1,9728,95,2258735907
6355,109875771,57140371,167016142,88,0,1,4608,88,1874356227
6356,109888532,57129236,167017768,16,0,1,2560,16,5162269898
6357,109896061,31350727,141246788,10,0,0,12288,10,9070806033
6358,109901739,31390537,141292276,30,0,0,37376,30,7675517416
6359,109909956,31324595,141234551,41,0,0,5632,41,10153659067
6360,109913486,31463902,141377388,66,0,0,7168,66,5601780889
6361,109928513,31374566,141303079,22,0,0,2048,22,4065437425
6362,109930227,31697547,141627774,95,0,0,14848,95,1229818585
6363,109932319,57087395,167019714,92,0,1,3072,92,8013445586
6364,109934343,31710135,141644478,6,0,0,13824,6,7784634991
6365,109935063,57091540,167026603,64,0,1,3072,64,9941316594
6366,109938380,31432566,141370946,32,0,0,20992,32,4139790848
6367,109938927,31730690,141669617,21,0,0,5632,21,5771310282
6368,109940340,31476321,141416661,22,0,0,14336,22,9852049310
6369,109968450,31712734,141681184,80,0,0,37888,80,9348732963
6370,109979482,31557799,141537281,97,0,0,14336,97,8687372904
6371,109984161,31824663,141808824,19,0,0,33792,19,3753368984
6372,109987821,57050035,167037856,0,0,1,4096,0,6334730846
6373,109991363,31692028,141683391,72,0,0,7168,72,5401978744
6374,109995870,57042009,167037879,25,0,1,11264,25,10097584622
6375,109997366,57080830,167078196,45,0,1,12288,45,1717288807
6376,109998479,31474028,141472507,82,0,0,9728,82,7507620619
6377,110004073,31619154,141623227,15,0,0,78848,15,6194629246
6378,110006502,31706269,141712771,77,0,0,45056,77,2114567980
6379,110011745,31797258,141809003,57,0,0,512,57,10241353610
6380,110013315,57064904,167078219,35,0,1,12288,35,3197427906
6381,110014022,57461390,167475412,58,0,1,129024,58,5898027999
6382,110021229,31825732,141846961,51,0,0,25088,51,1622541630
6383,110025432,31621565,141646997,3,0,0,8192,3,9483923636
6384,110026513,32444503,142471016,79,0,0,17920,79,1613376172
6385,110037321,31754650,141791971,21,0,0,30720,21,7748908494
6386,110037940,31720844,141758784,19,0,0,5632,19,5570134940
6387,110039235,31794255,141833490,27,0,0,16896,27,3921764168
6388,110047143,31431515,141478658,41,0,0,4096,41,1443049956
6389,110049579,32562456,142612035,63,0,0,14848,63,3588442070
6390,110053238,31644053,141697291,44,0,0,19456,44,4630733702
6391,110071181,57404254,167475435,54,0,1,1024,54,1195980918
6392,110087975,31829702,141917677,65,0,0,10752,65,8383118741
6393,110093853,32431885,142525738,97,0,0,25088,97,1731990211
6394,110099644,57499079,167598723,0,0,1,6656,0,4112057187
6395,110102494,57496252,167598746,89,0,1,3072,89,8067280137
6396,110102596,32566561,142669157,4,0,0,2560,4,9110159062
6397,110106653,31674950,141781603,68,0,0,1536,68,9682343805
6398,110112367,31707479,141819846,92,0,0,22528,92,4896022068
6399,110112762,31788277,141901039,72,0,0,19968,72,9284960539
6400,110113050,32214168,142327218,52,0,0,30208,52,5094516102
6401,110113563,32095962,142209525,15,0,0,34304,15,8352837458
6402,110113789,32052408,142166197,4,0,0,7680,4,3324309103
6403,110113905,31955679,142069584,51,0,0,13312,51,10118520958
6404,110115773,31695928,141811701,29,0,0,5120,29,7992494957
6405,110135234,31720867,141856101,62,0,0,29696,62,8866647980
6406,110140603,57458166,167598769,9,0,1,3584,9,4638642323
6407,110142698,31546105,141688803,86,0,0,16896,86,4696706803
6408,110154227,57444565,167598792,5,0,1,8192,5,8026707839
6409,110156725,31585442,141742167,52,0,0,30720,52,1003694569
6410,110157092,31620183,141777275,97,0,0,16896,97,3390905131
6411,110162860,31697983,141860843,59,0,0,15360,59,9307518494
6412,110166677,31630222,141796899,42,0,0,15872,42,4124382985
6413,110177430,31815841,141993271,99,0,0,33792,99,4974111448
6414,110185186,31880319,142065505,89,0,0,68096,89,5220344771
6415,110191229,31910260,142101489,1,0,0,512,1,9411965229
6416,110202085,31596420,141798505,80,0,0,5120,80,8382151664
6417,110209831,31800840,142010671,67,0,0,29696,67,2591659075
6418,110211058,32105194,142316252,40,0,0,150016,40,2853030223
6419,110212722,31668445,141881167,0,0,0,20992,0,7721025473
6420,110212736,31597382,141810118,32,0,0,3584,32,10256302331
6421,110216607,31724720,141941327,74,0,0,3584,74,3950519334
6422,110217845,57392467,167610312,7,0,1,3072,7,3759439482
6423,110221908,57390261,167612169,7,0,1,13824,7,903698120
6424,110223745,31728378,141952123,57,0,0,4608,57,4168049888
6425,110227232,32290056,142517288,2,0,0,31232,2,4183819064
6426,110237275,31922643,142159918,10,0,0,30720,10,315399083
6427,110243876,32100290,142344166,47,0,0,16384,47,4043473319
6428,110244536,31882469,142127005,31,0,0,2048,31,2204877907
6429,110245566,32192593,142438159,67,0,0,37888,67,10538955917
6430,110255743,31823898,142079641,44,0,0,8704,44,4791978626
6431,110259129,32080022,142339151,90,0,0,18944,90,7717493784
6432,110267070,31762501,142029571,34,0,0,11776,34,6665460973
6433,110271760,31917957,142189717,14,0,0,44544,14,3466468112
6434,110273649,32071811,142345460,91,0,0,3584,91,1128687831
6435,110276147,31720759,141996906,17,0,0,8192,17,5638120702
6436,110280578,32304180,142584758,85,0,0,17408,85,6631382663
6437,110284439,32139322,142423761,21,0,0,40448,21,2214651386
6438,110288579,32043966,142332545,42,0,0,17408,42,5499449402
6439,110297962,32515065,142813027,78,0,0,55808,78,5305625695
6440,110306425,31913107,142219532,91,0,0,32768,91,3436776089
6441,110309813,32358533,142668346,70,0,0,41984,70,4461362131
6442,110317636,32165259,142482895,36,0,0,38912,36,10291395987
6443,110318531,57295904,167614435,15,0,1,3584,15,7448044839
6444,110321075,32453811,142774886,68,0,0,3072,68,1392813420
6445,110324040,57414054,167738094,42,0,1,24576,42,6166804032
6446,110329018,31842194,142171212,30,0,0,16384,30,10703417088
6447,110329311,57969478,168298789,32,0,1,114176,32,7054526818
6448,110340901,32426584,142767485,78,0,0,68608,78,4705639974
6449,110349509,31895643,142245152,82,0,0,22528,82,6898210628
6450,110351514,57947298,168298812,95,0,1,3584,95,1576957770
6451,110361219,32244842,142606061,68,0,0,19968,68,5968439944
6452,110361321,31956670,142317991,56,0,0,5632,56,4917210231
6453,110367209,57976474,168343683,54,0,1,19456,54,4408191426
6454,110371375,31961973,142333348,93,0,0,2560,93,6700465739
6455,110379061,32228427,142607488,32,0,0,4608,32,7952104538
6456,110380691,31818359,142199050,72,0,0,23040,72,182440933
6457,110387887,32499511,142887398,79,0,0,512,79,4059684905
6458,110388883,32076650,142465533,5,0,0,71680,5,5226674217
6459,110408535,32246996,142655531,38,0,0,14848,38,2017927573
6460,110416979,31843869,142260848,70,0,0,1536,70,10524745397
6461,110417913,57978393,168396306,69,0,1,6656,69,2730165972
6462,110418802,32375771,142794573,2,0,0,64512,2,5661292567
6463,110425481,31941249,142366730,44,0,0,5120,44,9191760305
6464,110427638,32416627,142844265,20,0,0,33280,20,8338426147
6465,110430602,32216605,142647207,70,0,0,9216,70,10441005613
6466,110436686,32151631,142588317,66,0,0,3584,66,7108761638
6467,110441327,32536758,142978085,98,0,0,57344,98,6952235398
6468,110447054,32374942,142821996,1,0,0,13312,1,2237611424
6469,110448533,31959685,142408218,37,0,0,14336,37,753240043
6470,110460584,57939588,168400172,87,0,1,6144,87,7163950992
6471,110465657,31960935,142426592,42,0,0,9216,42,9420892066
6472,110468713,57934365,168403078,21,0,1,4608,21,5494897995
6473,110469133,32326867,142796000,82,0,0,4608,82,2074768237
6474,110471530,32035054,142506584,70,0,0,14336,70,5886756773
6475,110473120,32625231,143098351,13,0,0,71168,13,5670074931
6476,110476720,31867625,142344345,92,0,0,512,92,1597408277
6477,110481452,32645951,143127403,14,0,0,25088,14,4496995972
6478,110483749,57920315,168404064,80,0,1,1536,80,3581603024
6479,110483863,32398220,142882083,21,0,0,4096,21,7134133909
6480,110486519,32546345,143032864,46,0,0,179712,46,4452271883
6481,110488610,32555509,143044119,92,0,0,36864,92,8237735965
6482,110522025,57885905,168407930,13,0,1,6144,13,8870519132
6483,110529181,32547455,143076636,14,0,0,52736,14,1774761317
6484,110529389,32585153,143114542,42,0,0,13824,42,5955705972
6485,110534654,32569827,143104481,52,0,0,12800,52,9317734484
6486,110535644,32604210,143139854,67,0,0,8704,67,10133977026
6487,110537513,32523032,143060545,82,0,0,45056,82,8126960121
6488,110539968,32420622,142960590,9,0,0,48640,9,1374980529
6489,110555414,31927660,142483074,0,0,0,512,0,704007980
6490,110573794,57838401,168412195,55,0,1,14336,55,7685684318
6491,110586107,31943157,142529264,40,0,0,2048,40,2402886915
6492,110595945,32172811,142768756,23,0,0,4096,23,9242911852
6493,110599093,32115640,142714733,72,0,0,1024,72,3927808994
6494,110602246,33129173,143731419,68,0,0,100352,68,371603302
6495,110606241,57805977,168412218,69,0,1,512,69,6591088406
6496,110629301,32048047,142677348,19,0,0,7168,19,6601085517
6497,110629506,32486931,143116437,22,0,0,6144,22,2792093833
6498,110636099,32526012,143162111,32,0,0,22528,32,277299748
6499,110641305,32132622,142773927,90,0,0,16896,90,3143746786
6500,110646731,32295520,142942251,39,0,0,6656,39,7813089879
6501,110658017,32191575,142849592,84,0,0,17408,84,2374790171
6502,110659490,32227729,142887219,92,0,0,13312,92,1444709649
6503,110660502,32690313,143350815,9,0,0,18432,9,3822587761
6504,110667822,32687852,143355674,68,0,0,15872,68,7485856587
6505,110682962,32547675,143230637,4,0,0,19456,4,5513435163
6506,110685022,32521230,143206252,25,0,0,19456,25,8514876558
6507,110688710,32505254,143193964,67,0,0,22016,67,2235521862
6508,110694967,32559322,143254289,56,0,0,33280,56,7173089068
6509,110718975,57700161,168419136,94,0,1,9728,94,10535813879
6510,110719673,57699486,168419159,90,0,1,2048,90,6949866780
6511,110722186,32140916,142863102,37,0,0,5632,37,7812829959
6512,110729029,32405562,143134591,14,0,0,16384,14,3379114634
6513,110729530,32561291,143290821,48,0,0,17920,48,7296353704
6514,110734986,57684196,168419182,99,0,1,11776,99,4821565476
6515,110737227,58811798,169549025,67,0,1,412672,67,8675997888
6516,110737985,32308809,143046794,40,0,0,8704,40,5895658437
6517,110738448,33424140,144162588,49,0,0,7680,49,5797340597
6518,110744012,32427950,143171962,48,0,0,32256,48,2599386195
6519,110747081,32353477,143100558,78,0,0,7168,78,6652953321
6520,110749350,58799698,169549048,77,0,1,10752,77,447067522
6521,110750497,32732626,143483123,17,0,0,23040,17,529937954
6522,110753448,32581698,143335146,18,0,0,6656,18,437664347
6523,110753613,58823427,169577040,21,0,1,24064,21,6765790915
6524,110754809,32640833,143395642,69,0,0,5632,69,2111374296
6525,110755805,32351975,143107780,32,0,0,10752,32,6572677839
6526,110758111,32508710,143266821,23,0,0,9728,23,4660564936
6527,110758672,32657246,143415918,9,0,0,15872,9,8427252815
6528,110767889,32351847,143119736,5,0,0,10752,5,10309703364
6529,110771896,32428405,143200301,99,0,0,17408,99,2165994553
6530,110775514,32798839,143574353,49,0,0,13824,49,4206429202
6531,110780828,32329479,143110307,47,0,0,8192,47,7906761688
6532,110785777,32675230,143461007,91,0,0,26624,91,475280783
6533,110788543,58788520,169577063,63,0,1,3584,63,8420344233
6534,110811058,32844767,143655825,33,0,0,22528,33,3973775663
6535,110819586,32696901,143516487,9,0,0,25088,9,6785989196
6536,110823674,58753412,169577086,63,0,1,3072,63,6658483312
6537,110832871,32636424,143469295,22,0,0,7168,22,3635504056
6538,110845367,32765653,143611020,99,0,0,16896,99,301487776
6539,110852080,32481015,143333095,32,0,0,45568,32,4051767943
6540,110858719,32645001,143503720,13,0,0,14848,13,5568754592
6541,110859984,32592888,143452872,18,0,0,36352,18,9005394165
6542,110866205,32401731,143267936,29,0,0,3584,29,5879119879
6543,110882052,32509554,143391606,60,0,0,6656,60,3432923987
6544,110889129,58702242,169591371,94,0,1,9216,94,7934701138
6545,110891133,32454043,143345176,53,0,0,23040,53,4822536909
6546,110894812,58696918,169591730,25,0,1,9728,25,5400895954
6547,110907447,32430686,143338133,13,0,0,9728,13,199007251
6548,110920382,32775686,143696068,63,0,0,15872,63,283869729
6549,110924840,32743321,143668161,27,0,0,32768,27,6737435735
6550,110933068,32508705,143441773,45,0,0,40960,45,3458796515
6551,110934971,32686836,143621807,89,0,0,35328,89,4945492268
6552,110949617,32823467,143773084,7,0,0,16896,7,7044972352
6553,110951300,32640991,143592291,51,0,0,24064,51,5740659828
6554,110977165,58619711,169596876,25,0,1,8192,25,9838115402
6555,110978692,32560451,143539143,72,0,0,8704,72,9100080452
6556,110979066,32698317,143677383,90,0,0,10752,90,5480237253
6557,110979868,58640716,169620584,13,0,1,7168,13,8241565468
6558,110981678,32883728,143865406,1,0,0,11264,1,8508361800
6559,110990150,32743164,143733314,40,0,0,6144,40,7783155271
6560,110995896,33017656,144013552,78,0,0,52736,78,44815393
6561,111003295,32546517,143549812,32,0,0,2560,32,9596486631
6562,111004216,32696057,143700273,8,0,0,4096,8,8442561206
6563,111004594,58646167,169650761,89,0,1,6656,89,677309360
6564,111013618,32817703,143831321,48,0,0,19456,48,5795706734
6565,111014478,58636306,169650784,9,0,1,3072,9,8879084513
6566,111018673,33299633,144318306,72,0,0,58880,72,10237631551
6567,111019357,33404495,144423852,40,0,0,56320,40,4579259709
6568,111024953,32810759,143835712,44,0,0,14336,44,668592959
6569,111028316,58622491,169650807,95,0,1,9216,95,9077573992
6570,111031357,33403793,144435150,74,0,0,1536,74,8750776228
6571,111034634,32767878,143802512,33,0,0,16384,33,658312329
6572,111035382,33102412,144137794,0,0,0,40960,0,7762947888
6573,111046848,33165026,144211874,62,0,0,5632,62,6570628694
6574,111051086,32712601,143763687,79,0,0,24576,79,1376274632
6575,111054779,33024696,144079475,15,0,0,36864,15,9665770907
6576,111059369,32913579,143972948,24,0,0,19456,24,9207700115
6577,111062924,33026870,144089794,9,0,0,33792,9,7450562968
6578,111065210,32557557,143622767,77,0,0,1536,77,9260353022
6579,111066035,33141918,144207953,74,0,0,44032,74,1235649907
6580,111084226,58611686,169695912,52,0,1,48128,52,2406538092
6581,111090341,58605594,169695935,49,0,1,8704,49,10695669695
6582,111090709,32706788,143797497,20,0,0,23040,20,5006536719
6583,111093800,58602158,169695958,55,0,1,2048,55,9889344818
6584,111095098,33157375,144252473,19,0,0,38912,19,3346331473
6585,111096568,32997461,144094029,21,0,0,13824,21,2668934953
6586,111100032,58670378,169770410,19,0,1,53248,19,3194097714
6587,111100353,32861115,143961468,94,0,0,33280,94,5739999872
6588,111108728,33319694,144428422,57,0,0,14848,57,6561765184
6589,111117829,33165219,144283048,62,0,0,88064,62,9525300249
6590,111126227,32745549,143871776,46,0,0,3584,46,8778128877
6591,111130116,32806832,143936948,78,0,0,7680,78,9687017246
6592,111141123,32825874,143966997,53,0,0,3072,53,7463515359
6593,111149198,33139801,144288999,47,0,0,19456,47,477878975
6594,111159857,33018519,144178376,10,0,0,43008,10,5611824740
6595,111166363,33020951,144187314,9,0,0,25088,9,8612110905
6596,111170950,33205272,144376222,30,0,0,34816,30,1707719446
6597,111172436,33219592,144392028,43,0,0,17408,43,7202232709
6598,111180767,33434090,144614857,55,0,0,32768,55,4071269811
6599,111181624,33412905,144594529,17,0,0,21504,17,356195979
6600,111191561,33148140,144339701,93,0,0,70144,93,80804104
6601,111196160,59339769,170535929,4,0,1,113152,4,9837636951
6602,111196586,33056534,144253120,10,0,0,2048,10,6869593720
6603,111198803,33232614,144431417,21,0,0,9728,21,7452709972
6604,111208414,33268831,144477245,60,0,0,36864,60,910874001
6605,111210073,32969574,144179647,74,0,0,4096,74,4517336028
6606,111212638,59335496,170548134,63,0,1,4096,63,7225744533
6607,111215262,33225995,144441257,39,0,0,19968,39,7472671005
6608,111216615,33231373,144447988,39,0,0,22016,39,39288972
6609,111216856,33305088,144521944,51,0,0,17920,51,2384547127
6610,111219705,33566132,144785837,68,0,0,28160,68,3180942725
6611,111222035,33381097,144603132,73,0,0,28160,73,4578322218
6612,111237464,33228526,144465990,18,0,0,27136,18,3927100848
6613,111238676,33107934,144346610,49,0,0,1536,49,2468341464
6614,111258768,33465035,144723803,68,0,0,52736,68,355724852
6615,111260323,59320400,170580723,97,0,1,38912,97,2542016987
6616,111266741,33288833,144555574,54,0,0,41472,54,4086189552
6617,111270116,33489839,144759955,5,0,0,31744,5,7536165987
6618,111281364,59301305,170582669,90,0,1,3072,90,6845820921
6619,111285332,33409904,144695236,39,0,0,9728,39,1963325513
6620,111291069,33457063,144748132,97,0,0,22016,97,4707856190
6621,111291808,33436854,144728662,11,0,0,15872,11,9753976452
6622,111297685,33762479,145060164,24,0,0,17408,24,8350303912
6623,111298258,33664534,144962792,73,0,0,63488,73,1188067970
6624,111305107,33468360,144773467,21,0,0,30720,21,3243896758
6625,111306370,33172793,144479163,33,0,0,5632,33,9334440779
6626,111313814,33163610,144477424,20,0,0,512,20,5542959083
6627,111340154,33581986,144922140,76,0,0,35328,76,5042087710
6628,111345795,59242491,170588286,60,0,1,17920,60,4287342641
6629,111346568,33822202,145168770,43,0,0,45056,43,4781656239
6630,111350262,33026139,144376401,17,0,0,512,17,9204771601
6631,111353929,59352155,170706084,63,0,1,5120,63,9369595275
6632,111358362,59347745,170706107,87,0,1,11776,87,4445756645
6633,111359930,33869316,145229246,54,0,0,25600,54,4409844520
6634,111362227,33401339,144763566,9,0,0,11776,9,5308250194
6635,111369697,34340533,145710230,85,0,0,41984,85,8229907746
6636,111372438,33137760,144510198,89,0,0,20992,89,9487088798
6637,111385834,33251250,144637084,31,0,0,3584,31,9285838268
6638,111388319,33441157,144829476,32,0,0,58880,32,839208799
6639,111398697,33544728,144943425,46,0,0,40448,46,10202213688
6640,111400790,33385382,144786172,80,0,0,1024,80,4617681809
6641,111401856,33735629,145137485,55,0,0,32768,55,2074123306
6642,111403083,59347958,170751041,92,0,1,3584,92,8383560201
6643,111411591,34413647,145825238,44,0,0,10752,44,5547118414
6644,111417368,33506199,144923567,24,0,0,4608,24,8956312768
6645,111422136,33867828,145289964,15,0,0,38400,15,9143256720
6646,111426121,33596957,145023078,8,0,0,32768,8,6221925185
6647,111434485,33365122,144799607,26,0,0,20480,26,225828056
6648,111441210,59312722,170753932,27,0,1,6144,27,7763101288
6649,111443978,33389577,144833555,18,0,0,13312,18,688441127
6650,111452221,34173998,145626219,48,0,0,69632,48,1770277449
6651,111478330,33189996,144668326,25,0,0,26624,25,287966952
6652,111485875,33767406,145253281,86,0,0,36352,86,9937807422
6653,111487254,33443824,144931078,28,0,0,24576,28,4507162974
6654,111490599,33286635,144777234,97,0,0,12288,97,50753816
6655,111503532,34380299,145883831,2,0,0,7680,2,7311906194
6656,111509954,33635822,145145776,18,0,0,27136,18,10547558415
6657,111511325,33391824,144903149,26,0,0,16384,26,7942958790
6658,111515725,33955817,145471542,96,0,0,14848,96,9566641811
6659,111540063,33484130,145024193,40,0,0,3584,40,1435618722
6660,111542417,33541178,145083595,92,0,0,5632,92,1265593499
6661,111565589,33670099,145235688,39,0,0,4608,39,5259301735
6662,111567729,33710482,145278211,91,0,0,6144,91,903154839
6663,111572064,33838801,145410865,14,0,0,52224,14,5323100795
6664,111575331,33321961,144897292,66,0,0,18944,66,10220154632
6665,111580567,33387084,144967651,81,0,0,15872,81,2943976268
6666,111580750,33392076,144972826,53,0,0,3584,53,4074296681
6667,111582866,33251492,144834358,29,0,0,2560,29,3317984683
6668,111604706,59237531,170842237,23,0,1,2560,23,8397419115
6669,111607726,59370021,170977747,52,0,1,103424,52,4036302010
6670,111613595,33911612,145525207,0,0,0,58368,0,9810796679
6671,111614629,33236087,144850716,8,0,0,2048,8,9478381974
6672,111618278,33247442,144865720,78,0,0,1024,78,8648308994
6673,111635792,33228026,144863818,38,0,0,13824,38,5098479855
6674,111636655,59757523,171394178,32,0,1,192000,32,6600679189
6675,111642717,33480994,145123711,89,0,0,31744,89,9752415726
6676,111655174,34263761,145918935,48,0,0,18432,48,1813835063
6677,111657695,33809300,145466995,85,0,0,18432,85,2926498005
6678,111658130,59736071,171394201,72,0,1,512,72,3943063420
6679,111680025,33657551,145337576,19,0,0,27136,19,2684016675
6680,111681870,33465356,145147226,1,0,0,2560,1,10288549659
6681,111684100,33283730,144967830,88,0,0,512,88,8631370719
6682,111692113,33938520,145630633,83,0,0,5632,83,6227288982
6683,111693082,33631509,145324591,3,0,0,37376,3,5305817990
6684,111704420,33442003,145146423,26,0,0,2048,26,3430290409
6685,111706097,33421381,145127478,81,0,0,12288,81,7987809500
6686,111724044,33574211,145298255,46,0,0,27136,46,8131943977
6687,111727586,33506675,145234261,47,0,0,16384,47,10539405106
6688,111743886,33341773,145085659,77,0,0,4096,77,4035341831
6689,111760324,33666343,145426667,51,0,0,24064,51,2777152961
6690,111761307,33317752,145079059,64,0,0,20992,64,8765132651
6691,111768814,33733486,145502300,6,0,0,26112,6,6416872972
6692,111771479,33647833,145419312,5,0,0,27648,5,3121670977
6693,111771511,34220162,145991673,18,0,0,2048,18,10173275055
6694,111787182,34284090,146071272,98,0,0,29184,98,931033789
6695,111787561,34262605,146050166,69,0,0,98304,69,1054374026
6696,111793770,33532716,145326486,43,0,0,6144,43,633071129
6697,111803800,34346831,146150631,91,0,0,55296,91,2755749449
6698,111804117,33729381,145533498,55,0,0,27136,55,7417406396
6699,111812086,59582138,171394224,71,0,1,8704,71,6850438401
6700,111812285,33578925,145391210,97,0,0,1536,97,2553731069
6701,111813113,33542250,145355363,58,0,0,12288,58,2248268114
6702,111814194,33864453,145678647,43,0,0,58880,43,472584372
6703,111815823,59593119,171408942,99,0,1,10752,99,7423331082
6704,111819961,33561369,145381330,32,0,0,7168,32,3951566693
6705,111825825,33834859,145660684,51,0,0,55808,51,5911797058
6706,111836227,33510822,145347049,64,0,0,4096,64,7960735370
6707,111837271,34164721,146001992,61,0,0,33792,61,4166946371
6708,111858786,34098682,145957468,46,0,0,4096,46,1145062357
6709,111866699,33484897,145351596,78,0,0,14848,78,2993655009
6710,111872624,33700163,145572787,19,0,0,43008,19,3010961048
6711,111875368,33603387,145478755,84,0,0,11776,84,9556152171
6712,111884092,33759513,145643605,70,0,0,12288,70,9432804718
6713,111887934,34275277,146163211,69,0,0,14336,69,8442541740
6714,111890099,34015595,145905694,79,0,0,71680,79,7362346775
6715,111894361,33580783,145475144,77,0,0,8704,77,3500401400
6716,111898880,59510085,171408965,68,0,1,4608,68,9036607787
6717,111903676,33701304,145604980,50,0,0,34304,50,1230574158
6718,111910783,33875389,145786172,27,0,0,39936,27,9694835525
6719,111921625,33991671,145913296,97,0,0,23040,97,10710811019
6720,111923869,33613788,145537657,34,0,0,4096,34,6478019560
6721,111925532,33760722,145686254,52,0,0,14848,52,6008771768
6722,111931370,33871673,145803043,73,0,0,55296,73,2294601339
6723,111934111,33802966,145737077,95,0,0,1024,95,750225313
6724,111934615,34318020,146252635,28,0,0,26112,28,3094615379
6725,111934813,34024791,145959604,22,0,0,1024,22,6787437519
6726,111938424,59470564,171408988,32,0,1,4608,32,1584793290
6727,111939483,34163179,146102662,14,0,0,71168,14,7156397996
6728,111942612,59466407,171409019,72,0,1,17408,72,9176391827
6729,111942743,33686151,145628894,84,0,0,8704,84,5483988252
6730,111942974,33869608,145812582,25,0,0,31232,25,4622669813
6731,111943222,34047804,145991026,7,0,0,50176,7,5767837020
6732,111948726,34244186,146192912,85,0,0,19456,85,6354141230
6733,111960401,59448641,171409042,69,0,1,1024,69,1444921904
6734,111967335,34251172,146218507,33,0,0,29696,33,1488412855
6735,111973025,33842388,145815413,20,0,0,9216,20,3432844981
6736,111974064,34539838,146513902,69,0,0,512,69,1677052053
6737,111975748,59438823,171414571,1,0,1,8192,1,6140237752
6738,111985658,33703115,145688773,76,0,0,8192,76,3296312582
6739,111986190,34382102,146368292,89,0,0,8704,89,9552325549
6740,111989607,34513971,146503578,56,0,0,10752,56,5651788440
6741,111994477,33840792,145835269,55,0,0,8704,55,7388589588
6742,111998332,34064025,146062357,42,0,0,39936,42,7692618863
6743,112006331,33945702,145952033,8,0,0,8192,8,8771703009
6744,112006726,34127034,146133760,44,0,0,74240,44,7937964151
6745,112030524,33942837,145973361,78,0,0,35840,78,6819651887
6746,112041650,34451118,146492768,54,0,0,56832,54,8379437705
6747,112047479,59367115,171414594,64,0,1,512,64,3608842879
6748,112053433,34287073,146340506,81,0,0,22016,81,8475587238
6749,112055460,33953381,146008841,63,0,0,3072,63,10485698527
6750,112058617,34098300,146156917,80,0,0,13824,80,2003901943
6751,112069223,33853791,145923014,82,0,0,13312,82,9390109729
6752,112087997,34472074,146560071,69,0,0,43520,69,954327231
6753,112088544,59326073,171414617,27,0,1,8192,27,9838842757
6754,112089925,34068887,146158812,0,0,0,6144,0,6375649462
6755,112091319,34183412,146274731,61,0,0,15360,61,1245867235
6756,112097342,34320663,146418005,81,0,0,66048,81,6085245039
6757,112098814,34070504,146169318,4,0,0,19968,4,4771971054
6758,112116498,34241948,146358446,22,0,0,3072,22,9727441280
6759,112122944,34029738,146152682,56,0,0,6656,56,655645995
6760,112128940,59305743,171434683,97,0,1,34304,97,7398094154
6761,112140092,59330482,171470574,89,0,1,14848,89,3141515129
6762,112146229,59376537,171522766,67,0,1,5632,67,4183769389
6763,112146568,33964541,146111109,96,0,0,27648,96,605065714
6764,112148226,34673352,146821578,48,0,0,62464,48,5252362939
6765,112152611,34226753,146379364,60,0,0,27648,60,5083972891
6766,112154353,59368436,171522789,74,0,1,2560,74,3209438687
6767,112162905,34454655,146617560,1,0,0,26112,1,27845267
6768,112172445,34333028,146505473,86,0,0,6144,86,10195337584
6769,112184376,34093979,146278355,74,0,0,2048,74,7386438136
6770,112186490,34255374,146441864,7,0,0,8192,7,4018995138
6771,112203016,34404624,146607640,73,0,0,100352,73,6839470805
6772,112204476,59318336,171522812,17,0,1,7168,17,511749676
6773,112217075,34293257,146510332,65,0,0,15872,65,8474697782
6774,112224485,34441927,146666412,97,0,0,29696,97,6402800172
6775,112224554,59312327,171536881,75,0,1,24064,75,7038717258
6776,112236287,34160025,146396312,22,0,0,7168,22,443562064
6777,112249741,34320181,146569922,38,0,0,32256,38,7441945743
6778,112251474,34129473,146380947,0,0,0,5120,0,5719187604
6779,112260371,34132143,146392514,3,0,0,37888,3,5167443440
6780,112270934,59307231,171578165,27,0,1,7168,27,6069684501
6781,112275405,34118700,146394105,45,0,0,5120,45,233232911
6782,112278510,34221769,146500279,85,0,0,24576,85,6472678153
6783,112287734,34462239,146749973,51,0,0,13312,51,3998837291
6784,112288046,59290142,171578188,34,0,1,1024,34,1739404880
6785,112292425,34279415,146571840,19,0,0,6144,19,2036135761
6786,112295401,34640582,146935983,80,0,0,41472,80,8326827135
6787,112296292,59281919,171578211,77,0,1,12288,77,10460703736
6788,112296592,34492404,146788996,12,0,0,128000,12,3150901980
6789,112302299,34398061,146700360,79,0,0,30208,79,9144760311
6790,112319273,59325971,171645244,7,0,1,3072,7,880583176
6791,112325828,34283707,146609535,92,0,0,6144,92,1511034689
6792,112331795,59313472,171645267,80,0,1,14336,80,2385261846
6793,112333311,59350553,171683864,8,0,1,8704,8,1463753386
6794,112334728,34576028,146910756,38,0,0,7680,38,2029383699
6795,112338888,59444786,171783674,97,0,1,49664,97,658370299
6796,112345917,34290275,146636192,12,0,0,3072,12,4766571896
6797,112347931,34627978,146975909,73,0,0,83456,73,5784339903
6798,112348656,34500581,146849237,39,0,0,3072,39,5335256311
6799,112355739,34697301,147053040,17,0,0,3584,17,4659213613
6800,112386638,34595534,146982172,56,0,0,20480,56,84027052
6801,112390246,34697349,147087595,43,0,0,61440,43,7148110570
6802,112393973,59429145,171823118,17,0,1,6144,17,6312437129
6803,112394245,34349098,146743343,17,0,0,29696,17,3582821861
6804,112411659,34791747,147203406,11,0,0,27136,11,9844549397
6805,112414017,34314495,146728512,87,0,0,3072,87,6337668474
6806,112418518,35033507,147452025,24,0,0,37888,24,3428936923
6807,112434714,34566045,147000759,76,0,0,60928,76,2796505820
6808,112438925,34811626,147250551,86,0,0,13824,86,8785158538
6809,112444269,34983299,147427568,74,0,0,19968,74,7914907135
6810,112446287,34800029,147246316,91,0,0,16384,91,1039969365
6811,112455117,34395121,146850238,22,0,0,1536,22,10183599952
6812,112459996,34436179,146896175,86,0,0,14848,86,3932871152
6813,112463049,34423456,146886505,39,0,0,29184,39,10353891886
6814,112468656,34860318,147328974,17,0,0,22016,17,1760933833
6815,112487347,34463111,146950458,14,0,0,15872,14,10092545537
6816,112488604,34806612,147295216,76,0,0,106496,76,5934782369
6817,112499804,34611631,147111435,1,0,0,8704,1,9092208896
6818,112501058,34705951,147207009,79,0,0,8704,79,9690845961
6819,112511893,34784282,147296175,22,0,0,3072,22,3357729118
6820,112512248,34805813,147318061,60,0,0,21504,60,4828973826
6821,112514459,34581271,147095730,0,0,0,26624,0,884727708
6822,112514989,34510192,147025181,21,0,0,3584,21,5354110191
6823,112516685,34898842,147415527,64,0,0,51712,64,10198484715
6824,112518926,35037604,147556530,66,0,0,29696,66,2255101401
6825,112524774,35094972,147619746,82,0,0,41472,82,5605147079
6826,112526495,34784991,147311486,17,0,0,50176,17,8789404978
6827,112528288,35179476,147707764,51,0,0,15360,51,5088600591
6828,112529067,59334102,171863169,89,0,1,2048,89,6754814017
6829,112536431,34785108,147321539,95,0,0,7680,95,6586273019
6830,112560642,59302550,171863192,27,0,1,8192,27,6625116945
6831,112560656,59335515,171896171,92,0,1,14848,92,7201412273
6832,112563088,59363349,171926437,11,0,1,17920,11,6410098254
6833,112566196,35570213,148136409,80,0,0,4608,80,2599353335
6834,112587548,35223528,147811076,67,0,0,44032,67,7872948138
6835,112587788,34844449,147432237,83,0,0,4608,83,7556719864
6836,112596746,34733967,147330713,63,0,0,5632,63,970932069
6837,112598448,35197294,147795742,76,0,0,66048,76,1502301209
6838,112601306,34755289,147356595,20,0,0,29696,20,3101674450
6839,112606450,34792686,147399136,21,0,0,11776,21,6388433085
6840,112613699,59328644,171942343,60,0,1,10240,60,7113254424
6841,112618654,34700522,147319176,4,0,0,3584,4,7069271763
6842,112623886,34816572,147440458,54,0,0,12288,54,3446749065
6843,112636967,35083217,147720184,90,0,0,10752,90,6058554353
6844,112645817,34988160,147633977,24,0,0,28160,24,6041504233
6845,112651827,35269032,147920859,52,0,0,39936,52,5220371724
6846,112656585,35175776,147832361,78,0,0,45056,78,7694615050
6847,112658985,34702203,147361188,4,0,0,5632,4,5279828717
6848,112664646,35181029,147845675,61,0,0,26112,61,10109930927
6849,112688275,59254091,171942366,34,0,1,5120,34,5263956228
6850,112696041,34996639,147692680,70,0,0,16896,70,10084759427
6851,112707100,35565979,148273079,91,0,0,37376,91,7859738071
6852,112714558,35146763,147861321,88,0,0,39936,88,1405668287
6853,112715372,34866271,147581643,7,0,0,19968,7,1226574325
6854,112715951,59254146,171970097,63,0,1,5120,63,2894936822
6855,112720383,34929369,147649752,67,0,0,12800,67,6070192840
6856,112726506,34848537,147575043,26,0,0,7168,26,6213373135
6857,112727828,60100924,172828752,52,0,1,250880,52,8041043713
6858,112730405,34890924,147621329,67,0,0,5120,67,8174595490
6859,112732282,34655536,147387818,91,0,0,1536,91,4711587384
6860,112750990,34972390,147723380,89,0,0,1536,89,7777605791
6861,112761348,35260990,148022338,79,0,0,54272,79,4271702800
6862,112764581,34808255,147572836,74,0,0,41984,74,5491409253
6863,112764642,35144026,147908668,81,0,0,31232,81,9561020586
6864,112776754,35748345,148525099,3,0,0,12288,3,569238293
6865,112781995,35180273,147962268,96,0,0,37888,96,8937473283
6866,112795593,34870201,147665794,79,0,0,19456,79,2390975108
6867,112796143,34863700,147659843,95,0,0,32768,95,9538466350
6868,112803638,35140956,147944594,82,0,0,77824,82,4185235974
6869,112806685,35056859,147863544,49,0,0,7168,49,1054452997
6870,112811435,35026253,147837688,90,0,0,17408,90,3039465619
6871,112838554,59990221,172828775,90,0,1,1024,90,7785442033
6872,112846608,35002522,147849130,43,0,0,11264,43,7951958610
6873,112856159,59972639,172828798,16,0,1,512,16,9338943766
6874,112860886,34903128,147764014,57,0,0,23040,57,1796534134
6875,112862101,34832942,147695043,22,0,0,7680,22,9982661064
6876,112864619,59977579,172842198,17,0,1,4608,17,4073906186
6877,112870024,59974039,172844063,81,0,1,5120,81,4381229832
6878,112873146,35616129,148489275,19,0,0,20992,19,635988115
6879,112874987,34943623,147818610,72,0,0,9728,72,41237482
6880,112880989,35677296,148558285,96,0,0,16384,96,9133124378
6881,112885296,34912341,147797637,81,0,0,6144,81,8706562175
6882,112887631,34927992,147815623,67,0,0,14848,67,1382027807
6883,112887657,35107897,147995554,88,0,0,12800,88,3197682887
6884,112922195,35062577,147984772,39,0,0,38912,39,150218366
6885,112927014,35035924,147962938,11,0,0,2048,11,1860514894
6886,112930075,35121927,148052002,87,0,0,7680,87,6340547643
6887,112935598,59995641,172931239,7,0,1,21504,7,8583926120
6888,112935712,60017444,172953156,81,0,1,5632,81,6876493508
6889,112936280,60016899,172953179,90,0,1,5632,90,4566841730
6890,112938032,60016575,172954607,94,0,1,11776,94,9834512650
6891,112949942,35520869,148470811,4,0,0,13824,4,2102390864
6892,112951037,35303744,148254781,47,0,0,27136,47,1223782033
6893,112952323,35248440,148200763,20,0,0,68608,20,5755039852
6894,112968229,35553103,148521332,25,0,0,81408,25,4447436085
6895,112982453,59974420,172956873,69,0,1,3584,69,5015032711
6896,112996395,34954306,147950701,43,0,0,19968,43,2840708564
6897,113007907,59965522,172973429,30,0,1,8192,30,7902783899
6898,113010976,35168860,148179836,99,0,0,41984,99,4915131398
6899,113011525,35346545,148358070,58,0,0,40448,58,9115399459
6900,113019687,35212056,148231743,34,0,0,1024,34,2026467926
6901,113026130,35667452,148693582,84,0,0,28672,84,6045874667
6902,113026912,59946540,172973452,67,0,1,2560,67,10040894307
6903,113029983,35562503,148592486,17,0,0,46592,17,2883236271
6904,113030930,59959260,172990190,53,0,1,2560,53,3364982646
6905,113034739,35539212,148573951,40,0,0,29696,40,3082159669
6906,113035775,59957893,172993668,67,0,1,512,67,8224779627
6907,113037492,35208998,148246490,24,0,0,32768,24,7127693595
6908,113039454,59954237,172993691,5,0,1,8192,5,10176822582
6909,113063114,35358155,148421269,57,0,0,3584,57,4335683931
6910,113063605,35140613,148204218,50,0,0,11264,50,2097642851
6911,113066672,35194996,148261668,33,0,0,22528,33,6413210799
6912,113078950,35746201,148825151,13,0,0,41984,13,7229430872
6913,113088126,59905596,172993722,27,0,1,4096,27,4586925351
6914,113091481,35742117,148833598,98,0,0,27648,98,7564679675
6915,113095903,35311431,148407334,23,0,0,21504,23,1414353929
6916,113099963,35395107,148495070,45,0,0,18944,45,6855254224
6917,113100945,59918743,173019688,86,0,1,4096,86,7428235769
6918,113107312,35368649,148475961,95,0,0,15872,95,10412999800
6919,113115510,36105774,149221284,93,0,0,30720,93,7725548032
6920,113120411,35247065,148367476,29,0,0,27136,29,10050741927
6921,113128504,35507002,148635506,84,0,0,2560,84,7460485706
6922,113136273,36166796,149303069,58,0,0,51712,58,3292060697
6923,113139477,35230986,148370463,32,0,0,9728,32,2710867409
6924,113140284,35387646,148527930,70,0,0,9216,70,3488606101
6925,113150583,35460050,148610633,3,0,0,56832,3,3032774948
6926,113153298,59871165,173024463,32,0,1,7680,32,3135114591
6927,113158013,35284983,148442996,34,0,0,16384,34,5194942174
6928,113158694,35231406,148390100,39,0,0,4096,39,5567975906
6929,113160683,35556152,148716835,99,0,0,32768,99,2525514111
6930,113162132,35367069,148529201,72,0,0,4096,72,4939736977
6931,113166451,35279688,148446139,50,0,0,10240,50,3297707188
6932,113171297,35187888,148359185,89,0,0,3584,89,4378147304
6933,113173760,35322745,148496505,57,0,0,4608,57,2211739880
6934,113182956,35430398,148613354,60,0,0,3584,60,763636598
6935,113192253,36140908,149333161,21,0,0,16384,21,2079905816
6936,113196768,35508693,148705461,37,0,0,38912,37,4512468505
6937,113202557,35408411,148610968,40,0,0,1024,40,3268788093
6938,113203610,59823759,173027369,89,0,1,4608,89,6044543386
6939,113208365,36324997,149533362,57,0,0,47616,57,345960148
6940,113225115,35689478,148914593,57,0,0,11776,57,4722301750
6941,113232250,35379989,148612239,90,0,0,4096,90,2806122734
6942,113236225,59792770,173028995,63,0,1,2560,63,1632036593
6943,113238282,35522884,148761166,90,0,0,28672,90,1910956246
6944,113244459,59832371,173076830,69,0,1,2048,69,8445819538
6945,113245928,35306009,148551937,78,0,0,5632,78,7241348351
6946,113248074,35412277,148660351,97,0,0,8704,97,387794833
6947,113251310,36380446,149631756,7,0,0,26624,7,4977345799
6948,113257701,59822035,173079736,95,0,1,4608,95,2994470621
6949,113266062,35613936,148879998,62,0,0,20992,62,1282012286
6950,113267318,35657713,148925031,80,0,0,18944,80,6239972312
6951,113281523,36603607,149885130,0,0,0,70656,0,4184055014
6952,113286414,35565476,148851890,10,0,0,23040,10,7271267771
6953,113291590,59789132,173080722,32,0,1,1536,32,8171278215
6954,113291678,35638056,148929734,56,0,0,15360,56,2482477455
6955,113297643,35511959,148809602,80,0,0,15872,80,3342519828
6956,113314623,35540254,148854877,78,0,0,9728,78,1063975947
6957,113315563,35675958,148991521,73,0,0,28672,73,7666284625
6958,113315658,59899442,173215100,7,0,1,13824,7,6325022099
6959,113324484,36378934,149703418,34,0,0,14336,34,8175608635
6960,113328909,35615631,148944540,31,0,0,19968,31,6518886802
6961,113334959,35773429,149108388,71,0,0,45568,71,5538079174
6962,113343037,59974258,173317295,76,0,1,1024,76,512497436
6963,113353787,59965454,173319241,21,0,1,3072,21,4023549254
6964,113354540,35886918,149241458,93,0,0,37376,93,3839569691
6965,113356583,35786347,149142930,41,0,0,1536,41,6258951943
6966,113356699,36342328,149699027,82,0,0,3072,82,436540967
6967,113360456,35525304,148885760,62,0,0,2560,62,3646976557
6968,113365805,35616957,148982762,32,0,0,12288,32,9595934757
6969,113369732,35638549,149008281,89,0,0,19456,89,1080825761
6970,113370293,59954094,173324387,90,0,1,8192,90,600511178
6971,113378720,35636136,149014856,9,0,0,21504,9,3841785351
6972,113393605,36304463,149698068,64,0,0,82944,64,6851010251
6973,113400968,35760569,149161537,65,0,0,13312,65,6791766425
6974,113401275,35721208,149122483,96,0,0,1024,96,6592741085
6975,113403472,36338567,149742039,71,0,0,15360,71,606496293
6976,113403748,35731838,149135586,81,0,0,30720,81,5034178477
6977,113407558,36344297,149751855,3,0,0,12288,3,9165930293
6978,113419741,35860818,149280559,57,0,0,34816,57,5711370357
6979,113430552,35759882,149190434,87,0,0,31232,87,6965800969
6980,113435801,36479785,149915586,3,0,0,28672,3,10682537741
6981,113440259,36483618,149923877,43,0,0,27136,43,3584650500
6982,113445317,35547064,148992381,92,0,0,2560,92,1742122710
6983,113445734,35798110,149243844,15,0,0,7680,15,2326257006
6984,113455712,35848035,149303747,57,0,0,512,57,10604039603
6985,113456619,35798503,149255122,0,0,0,36864,0,2891269261
6986,113481472,35741844,149223316,5,0,0,1024,5,5886909168
6987,113489244,35938327,149427571,56,0,0,20992,56,9951245134
6988,113499932,35787358,149287290,22,0,0,22016,22,4806517700
6989,113518528,59836208,173354736,52,0,1,13312,52,5126054119
6990,113524336,35732237,149256573,0,0,0,4608,0,8418014598
6991,113526741,35943871,149470612,15,0,0,18944,15,8635386096
6992,113527138,35956726,149483864,47,0,0,10752,47,4431418071
6993,113536844,35882693,149419537,70,0,0,69120,70,10232126091
6994,113545302,35997443,149542745,48,0,0,30720,48,59272606
6995,113551125,35951338,149502463,65,0,0,2048,65,256088454
6996,113554541,36635342,150189883,31,0,0,31744,31,9720991455
6997,113555304,35839956,149395260,25,0,0,39936,25,2055273768
6998,113574404,59784838,173359242,95,0,1,7168,95,2727157818
6999,113575983,36391677,149967660,69,0,0,7680,69,5974297076
7000,113579402,36029639,149609041,55,0,0,23040,55,6330632330
7001,113579503,35801964,149381467,63,0,0,15872,63,9877593436
7002,113581155,35768898,149350053,20,0,0,10752,20,2227725704
7003,113586314,36347364,149933678,53,0,0,25088,53,4336370990
7004,113589869,35726623,149316492,91,0,0,13312,91,5052652624
7005,113599680,35703888,149303568,56,0,0,1536,56,7032385179
7006,113600276,36211290,149811566,42,0,0,79360,42,3360025758
7007,113600581,59850197,173450778,4,0,1,53760,4,3257050991
7008,113602454,36434079,150036533,3,0,0,68096,3,5542566266
7009,113603277,36451242,150054519,42,0,0,22528,42,9586979614
7010,113628401,35690298,149318699,22,0,0,7168,22,4453370673
7011,113629645,36669023,150298668,10,0,0,59904,10,4570103067
7012,113632911,35798499,149431410,43,0,0,11264,43,1040027962
7013,113635542,36137667,149773209,90,0,0,9216,90,4434276042
7014,113636392,36003187,149639579,29,0,0,25600,29,5158924995
7015,113638254,35862118,149500372,33,0,0,10752,33,5656669407
7016,113657620,36390012,150047632,7,0,0,36352,7,3038770304
7017,113661871,36237547,149899418,52,0,0,44032,52,4469116539
7018,113664950,59891657,173556607,63,0,1,1024,63,9998540736
7019,113672602,59884028,173556630,8,0,1,14336,8,4328473047
7020,113677945,59886083,173564028,0,0,1,2048,0,6086334349
7021,113686990,36024407,149711397,9,0,0,26112,9,10365394085
7022,113687235,36095520,149782755,64,0,0,17920,64,219279632
7023,113687889,59941052,173628941,77,0,1,16384,77,686876070
7024,113689730,35970111,149659841,1,0,0,3072,1,4652890485
7025,113690852,36391585,150082437,82,0,0,15360,82,2615086286
7026,113701359,36147101,149848460,3,0,0,12800,3,2257534089
7027,113702291,36060772,149763063,6,0,0,24576,6,2640526714
7028,113714735,36275961,149990696,67,0,0,24576,67,8692221423
7029,113722294,35998413,149720707,10,0,0,15360,10,9666161018
7030,113730429,36097125,149827554,41,0,0,43008,41,4069618633
7031,113734015,36688365,150422380,31,0,0,23040,31,5304230153
7032,113739285,35766615,149505900,65,0,0,2560,65,4489550407
7033,113741267,59927522,173668789,60,0,1,19968,60,7795473362
7034,113745474,36154747,149900221,41,0,0,2560,41,236668062
7035,113749297,59960050,173709347,0,0,1,3072,0,8403786765
7036,113757334,36258428,150015762,52,0,0,38400,52,6910336188
7037,113771111,36135716,149906827,45,0,0,21504,45,3993333374
7038,113777855,36331791,150109646,60,0,0,30720,60,775354912
7039,113789118,36168882,149958000,26,0,0,11264,26,5625498363
7040,113791150,59918220,173709370,75,0,1,2560,75,670464243
7041,113791884,36305942,150097826,41,0,0,6144,41,3414617231
7042,113792691,36478421,150271112,98,0,0,30208,98,2696246019
7043,113794898,36410475,150205373,28,0,0,10240,28,6000595578
7044,113804814,59904579,173709393,55,0,1,11776,55,1680638868
7045,113816657,36069322,149885979,12,0,0,2560,12,2290410410
7046,113821461,36458932,150280393,33,0,0,3584,33,1774337947
7047,113821960,36261592,150083552,65,0,0,3584,65,9767385289
7048,113824742,36648824,150473566,54,0,0,23552,54,9567121120
7049,113832847,36369383,150202230,23,0,0,40448,23,6602478371
7050,113852116,36213761,150065877,79,0,0,34304,79,1113218131
7051,113852745,59858566,173711311,87,0,1,3072,87,1143746131
7052,113854954,36222780,150077734,58,0,0,23552,58,2723073579
7053,113859888,36469431,150329319,17,0,0,76288,17,2398529111
7054,113865374,36498401,150363775,53,0,0,14848,53,1843750456
7055,113877217,59835230,173712447,74,0,1,17408,74,2557054224
7056,113882961,59840162,173723123,60,0,1,512,60,5601240979
7057,113883437,36603256,150486693,53,0,0,43008,53,4847505821
7058,113890696,59847452,173738148,96,0,1,22016,96,4315915938
7059,113907710,59935986,173843696,89,0,1,3584,89,956198202
7060,113908811,36339501,150248312,87,0,0,55296,87,9486742660
7061,113910679,59933040,173843719,80,0,1,1024,80,7672832748
7062,113929547,36442746,150372293,64,0,0,15872,64,2275944676
7063,113930390,36627925,150558315,39,0,0,11264,39,7086064126
7064,113931841,59914576,173846417,92,0,1,7680,92,5021157586
7065,113936355,36779071,150715426,21,0,0,40448,21,856500925
7066,113948226,36481197,150429423,45,0,0,23040,45,979578808
7067,113952706,59970156,173922862,53,0,1,4608,53,1213327896
7068,113954121,59972893,173927014,22,0,1,6656,22,5586915767
7069,113956871,36349181,150306052,82,0,0,18944,82,5890408141
7070,113976999,36714201,150691200,80,0,0,70656,80,7128956592
7071,113985459,36604182,150589641,98,0,0,2048,98,4941861129
7072,113989270,36747672,150736942,70,0,0,8192,70,7377802744
7073,113993945,36507957,150501902,76,0,0,10752,76,131267277
7074,113997649,36734671,150732320,38,0,0,14848,38,3019859774
7075,114000184,36093037,150093221,89,0,0,5632,89,8460667038
7076,114007106,59920062,173927168,69,0,1,8704,69,7328308550
7077,114014445,36484158,150498603,52,0,0,15360,52,873706522
7078,114020632,36200815,150221447,51,0,0,20992,51,9360891358
7079,114021208,36491645,150512853,76,0,0,35840,76,5954635622
7080,114028589,59945728,173974317,75,0,1,2560,75,10142656105
7081,114029774,60149755,174179529,82,0,1,59392,82,7293310047
7082,114032740,36098002,150130742,70,0,0,7168,70,1603071598
7083,114036449,36236090,150272539,43,0,0,4608,43,9416026764
7084,114043885,36739242,150783127,33,0,0,45056,33,2910614128
7085,114048260,36409553,150457813,34,0,0,65536,34,3216159373
7086,114048283,36721093,150769376,7,0,0,36864,7,6159123047
7087,114049471,36793613,150843084,22,0,0,12288,22,3520347162
7088,114050501,36528104,150578605,45,0,0,37888,45,8302725144
7089,114051655,36227615,150279270,15,0,0,22016,15,7715814981
7090,114072941,36814005,150886946,9,0,0,7168,9,359798509
7091,114081311,36588338,150669649,28,0,0,22528,28,6535410815
7092,114081389,60527555,174608944,19,0,1,124928,19,9752201821
7093,114089563,60519404,174608967,56,0,1,3072,56,10225716665
7094,114095776,36423192,150518968,41,0,0,19968,41,6840772515
7095,114096042,36269377,150365419,72,0,0,5120,72,3087402332
7096,114108254,36517317,150625571,72,0,0,24576,72,5280769219
7097,114122455,60567833,174690288,78,0,1,512,78,4485487459
7098,114122698,36282952,150405650,32,0,0,2560,32,5249054570
7099,114139218,60553016,174692234,86,0,1,3072,86,9898177627
7100,114164852,60528355,174693207,99,0,1,12800,99,10500250713
7101,114174855,36165389,150340244,43,0,0,15872,43,4156642133
7102,114178912,36524167,150703079,43,0,0,38912,43,4514340472
7103,114178957,60547114,174726071,55,0,1,2560,55,8887239905
7104,114178998,60596527,174775525,74,0,1,5120,74,2245923079
7105,114184264,36309636,150493900,55,0,0,23552,55,217684605
7106,114187461,36248537,150435998,81,0,0,21504,81,6327127876
7107,114188578,36450261,150638839,26,0,0,7168,26,3933356256
7108,114209438,60614111,174823549,17,0,1,22528,17,5913905793
7109,114215772,36662864,150878636,99,0,0,49664,99,10100493383
7110,114219102,36682764,150901866,70,0,0,31744,70,3188902333
7111,114222505,60605302,174827807,0,0,1,14848,0,3504020465
7112,114223228,36359144,150582372,1,0,0,12288,1,2940885884
7113,114224151,60649420,174873571,3,0,1,23552,3,1842916845
7114,114226864,36364918,150591782,77,0,0,4608,77,8886243473
7115,114243768,36490455,150734223,30,0,0,6144,30,102256796
7116,114247409,36480364,150727773,65,0,0,40448,65,3276849414
7117,114249187,36494952,150744139,26,0,0,14848,26,7307663124
7118,114256290,36583027,150839317,19,0,0,93184,19,10040929060
7119,114260483,36526411,150786894,18,0,0,12288,18,6847467624
7120,114264343,36691383,150955726,82,0,0,1024,82,3945028601
7121,114268408,36782724,151051132,23,0,0,5120,23,3258256849
7122,114281153,37268005,151549158,85,0,0,22528,85,3754619704
7123,114284632,36314668,150599300,32,0,0,4608,32,5864786521
7124,114285308,36281730,150567038,4,0,0,10752,4,865094760
7125,114286027,36669364,150955391,38,0,0,24576,38,8119231071
7126,114287366,36757677,151045043,0,0,0,20480,0,2286480152
7127,114288718,36719707,151008425,88,0,0,17408,88,4992116918
7128,114306816,36481661,150788477,50,0,0,5120,50,6931779130
7129,114317889,36493013,150810902,92,0,0,17408,92,8591206733
7130,114322657,36470843,150793500,46,0,0,16384,46,2875580767
7131,114324797,36666711,150991508,23,0,0,93184,23,6376312427
7132,114324963,60548631,174873594,7,0,1,6144,7,1309875910
7133,114340010,36671861,151011871,71,0,0,7168,71,6014332245
7134,114344873,36707842,151052715,42,0,0,5120,42,1999857078
7135,114352773,61039764,175392537,50,0,1,121856,50,9482764389
7136,114367249,61034029,175401278,55,0,1,4608,55,3729838371
7137,114390072,61011667,175401739,13,0,1,10240,13,4592064101
7138,114396740,36776422,151173162,66,0,0,7168,66,9206516628
7139,114398041,36518223,150916264,70,0,0,7168,70,8430990988
7140,114398322,36694986,151093308,68,0,0,17408,68,2296135504
7141,114414133,61040769,175454902,97,0,1,2048,97,1731694850
7142,114422082,36441399,150863481,5,0,0,24064,5,6331876907
7143,114424811,36489246,150914057,90,0,0,39936,90,7702177589
7144,114426205,61028720,175454925,1,0,1,3072,1,3914424617
7145,114431083,36710079,151141162,34,0,0,67584,34,8480909991
7146,114436671,61018277,175454948,62,0,1,11776,62,8301743418
7147,114437943,36571721,151009664,65,0,0,1536,65,10527857043
7148,114441906,37224930,151666836,24,0,0,19456,24,7685085462
7149,114445904,36756092,151201996,40,0,0,29184,40,2955594191
7150,114447579,61104906,175552485,30,0,1,53248,30,5095881320
7151,114449887,36861809,151311696,93,0,0,34816,93,562835589
7152,114454221,36573965,151028186,23,0,0,7168,23,4119794602
7153,114456618,36546480,151003098,2,0,0,37888,2,69819367
7154,114464514,61137284,175601798,60,0,1,5632,60,5217596751
7155,114472610,36777082,151249692,92,0,0,1536,92,1343907496
7156,114482455,36617393,151099848,34,0,0,3584,34,5371142497
7157,114491382,61110439,175601821,35,0,1,2048,35,4749348568
7158,114495928,36796332,151292260,13,0,0,35840,13,844811973
7159,114501728,36667292,151169020,9,0,0,6656,9,4406323662
7160,114503484,36795975,151299459,43,0,0,23552,43,946464643
7161,114509434,36984986,151494420,88,0,0,75776,88,798031189
7162,114520753,36903620,151424373,48,0,0,14848,48,9482900215
7163,114530940,61225423,175756363,52,0,1,6656,52,860560424
7164,114532039,36646687,151178726,13,0,0,1024,13,9864130129
7165,114540977,36894651,151435628,66,0,0,36864,66,10204631425
7166,114543261,36683120,151226381,2,0,0,17408,2,1138071857
7167,114558923,36588413,151147336,58,0,0,1024,58,1527724752
7168,114559106,37017771,151576877,85,0,0,512,85,10114226249
7169,114559884,36900134,151460018,24,0,0,29696,24,4165843227
7170,114571887,61185142,175757029,11,0,1,1024,11,7165408384
7171,114576204,37243866,151820070,44,0,0,32256,44,6127042815
7172,114576746,61181871,175758617,0,0,1,15872,0,9902428855
7173,114584870,61248091,175832961,98,0,1,16896,98,6851576968
7174,114597899,36821927,151419826,39,0,0,2048,39,3647402514
7175,114602351,36697287,151299638,42,0,0,512,42,3425064702
7176,114609613,36600951,151210564,67,0,0,2048,67,1684447202
7177,114612473,37428437,152040910,61,0,0,66560,61,9252241644
7178,114623294,36795885,151419179,34,0,0,69120,34,1388210215
7179,114628894,36722444,151351338,19,0,0,25088,19,9098649441
7180,114635178,36863633,151498811,67,0,0,14336,67,6498630504
7181,114661216,37272717,151933933,79,0,0,17408,79,3538504283
7182,114661944,36719191,151381135,71,0,0,7168,71,4923981227
7183,114667927,37091184,151759111,89,0,0,61440,89,9188487432
7184,114671095,37401777,152072872,67,0,0,23040,67,5861729327
7185,114675409,37330667,152006076,61,0,0,35328,61,4899361760
7186,114678141,36622924,151301065,81,0,0,4608,81,4736427128
7187,114678223,37116810,151795033,38,0,0,20480,38,3370588775
7188,114678308,37464129,152142437,42,0,0,26624,42,10087431039
7189,114692854,37367423,152060277,21,0,0,63488,21,4133517129
7190,114694996,37066931,151761927,59,0,0,6656,59,5329261741
7191,114701417,36848232,151549649,30,0,0,1536,30,9646681534
7192,114705889,61946093,176651982,82,0,1,158720,82,10467221607
7193,114706988,36855431,151562419,67,0,0,38912,67,2645420432
7194,114713065,36912634,151625699,15,0,0,12288,15,5044046401
7195,114716086,61936242,176652328,8,0,1,512,8,3762071825
7196,114718246,36679850,151398096,38,0,0,32256,38,5362214399
7197,114728318,37335304,152063622,95,0,0,5120,95,3957543619
7198,114742017,36898684,151640701,42,0,0,6656,42,3263144722
7199,114745856,37381155,152127011,78,0,0,8704,78,4324071445
7200,114745920,61908354,176654274,25,0,1,3072,25,6488060268
7201,114748538,36967175,151715713,4,0,0,31744,4,3877736790
7202,114759771,37302245,152062016,21,0,0,5632,21,291945993
7203,114763450,37185661,151949111,19,0,0,25600,19,5426569325
7204,114766954,37131989,151898943,43,0,0,23552,43,3416316807
7205,114780942,61921163,176702105,9,0,1,512,9,1983562654
7206,114787868,36736546,151524414,45,0,0,37376,45,7668617972
7207,114798028,37037654,151835682,3,0,0,4608,3,7378742474
7208,114815106,61887022,176702128,11,0,1,7168,11,6048799961
7209,114822002,62059680,176881682,24,0,1,68096,24,7645902719
7210,114835028,36699960,151534988,48,0,0,7168,48,6572382038
7211,114846237,62699837,177546074,82,0,1,348160,82,687989896
7212,114846583,62707025,177553608,27,0,1,5120,27,7349289729
7213,114854574,37573139,152427713,11,0,0,140288,11,1903740190
7214,114855867,37139414,151995281,91,0,0,90112,91,6785260147
7215,114861471,36921660,151783131,82,0,0,40960,82,5262658985
7216,114865640,37100579,151966219,57,0,0,53760,57,9651286020
7217,114868094,37060512,151928606,62,0,0,97280,62,10487723202
7218,114868697,37287179,152155876,23,0,0,44032,23,4242324225
7219,114873179,37218918,152092097,95,0,0,2560,95,1713962377
7220,114873877,36914893,151788770,76,0,0,18432,76,1595277712
7221,114875402,36811077,151686479,2,0,0,11264,2,3889382228
7222,114886240,37134367,152020607,2,0,0,47616,2,1536872101
7223,114888291,36733641,151621932,32,0,0,33280,32,8774006951
7224,114899857,62697663,177597520,89,0,1,9728,89,9808829621
7225,114906317,37034971,151941288,64,0,0,24064,64,2889361457
7226,114914705,37352985,152267690,18,0,0,15872,18,7286796532
7227,114916844,62704364,177621208,21,0,1,8192,21,3334675584
7228,114933561,37178822,152112383,99,0,0,1024,99,1924118834
7229,114933902,62753043,177686945,5,0,1,19456,5,4019056546
7230,114938139,37495236,152433375,51,0,0,3584,51,3690298970
7231,114940095,37282205,152222300,34,0,0,4608,34,1158463978
7232,114941223,37124606,152065829,81,0,0,7168,81,4966371943
7233,114948307,37785116,152733423,82,0,0,44544,82,3143572001
7234,114948505,36932925,151881430,71,0,0,6656,71,5655479979
7235,114950297,37530376,152480673,63,0,0,39936,63,8193086640
7236,114960334,37007468,151967802,72,0,0,5120,72,4190355940
7237,114960716,37170539,152131255,96,0,0,6656,96,8928748704
7238,114981662,37281169,152262831,74,0,0,59392,74,8411971205
7239,114982836,37728591,152711427,21,0,0,27648,21,2382226945
7240,114989291,62701520,177690811,89,0,1,6144,89,8162973630
7241,115017499,62673658,177691157,25,0,1,512,25,8404042161
7242,115019982,62671521,177691503,78,0,1,512,78,1409009431
7243,115021805,37634020,152655825,48,0,0,68096,48,1701231817
7244,115024271,37075569,152099840,65,0,0,17408,65,8899776268
7245,115027759,37265727,152293486,62,0,0,17408,62,4129364603
7246,115032735,62663594,177696329,67,0,1,7680,67,1007275301
7247,115040583,37816536,152857119,24,0,0,29696,24,2417029611
7248,115045046,37299606,152344652,11,0,0,62464,11,8192922285
7249,115050577,37996104,153046681,42,0,0,46080,42,10563024438
7250,115053269,37611236,152664505,4,0,0,19968,4,7132017715
7251,115065036,37099606,152164642,85,0,0,5120,85,7086820181
7252,115076142,62634076,177710218,5,0,1,17920,5,3791594197
7253,115077886,37294553,152372439,66,0,0,9216,66,5304121308
7254,115078342,37239815,152318157,61,0,0,3584,61,1696365249
7255,115080526,37153314,152233840,33,0,0,14336,33,10451975516
7256,115083347,37373112,152456459,64,0,0,12800,64,10112367630
7257,115099278,37469196,152568474,66,0,0,20992,66,3796000486
7258,115102693,37178010,152280703,67,0,0,11776,67,9600814499
7259,115103561,37265631,152369192,33,0,0,512,33,6451386605
7260,115112333,37174789,152287122,41,0,0,20992,41,2002022218
7261,115115626,37332051,152447677,98,0,0,30720,98,1976650591
7262,115115999,37446056,152562055,52,0,0,11776,52,111643452
7263,115118006,37474933,152592939,57,0,0,16384,57,4041241733
7264,115120302,37156790,152277092,85,0,0,2048,85,4982904842
7265,115122237,37408022,152530259,11,0,0,87552,11,6713945343
7266,115122459,62598746,177721205,63,0,1,5120,63,6590160621
7267,115124036,37328500,152452536,67,0,0,15872,67,4654742060
7268,115124339,37562203,152686542,73,0,0,36352,73,5217426480
7269,115127112,37332334,152459446,61,0,0,9728,61,10109241533
7270,115128769,37303491,152432260,30,0,0,14848,30,7628644201
7271,115129395,62594076,177723471,45,0,1,3584,45,795758459
7272,115136962,37351319,152488281,68,0,0,11776,68,3446842494
7273,115137150,37612886,152750036,7,0,0,3584,7,9685763908
7274,115140409,37396208,152536617,90,0,0,7168,90,3011829157
7275,115148003,37553226,152701229,56,0,0,48128,56,6329922896
7276,115149106,62574711,177723817,94,0,1,512,94,6165259568
7277,115150057,37507975,152658032,41,0,0,7168,41,6358325872
7278,115152411,37880207,153032618,9,0,0,30208,9,6553192396
7279,115162143,37496224,152658367,37,0,0,1024,37,3686088991
7280,115167983,37718698,152886681,12,0,0,4608,12,4980016912
7281,115170706,37917785,153088491,84,0,0,35840,84,963518839
7282,115200235,37823156,153023391,77,0,0,144896,77,117272206
7283,115212876,62512247,177725123,67,0,1,2048,67,5216407063
7284,115213203,37387697,152600900,12,0,0,2560,12,84596207
7285,115218641,37530272,152748913,84,0,0,50688,84,8395413110
7286,115222998,37261286,152484284,28,0,0,11776,28,5283628519
7287,115226107,37550828,152776935,26,0,0,3584,26,6183789924
7288,115227718,38034145,153261863,93,0,0,77312,93,4189350606
7289,115241918,38231986,153473904,96,0,0,33792,96,8594442544
7290,115245841,37365806,152611647,92,0,0,15360,92,10194193791
7291,115247016,62485859,177732875,63,0,1,2048,63,1169351541
7292,115251495,38053433,153304928,57,0,0,40448,57,9010200823
7293,115252096,62481752,177733848,35,0,1,12800,35,4864746164
7294,115253828,37799139,153052967,62,0,0,19968,62,6814682471
7295,115256071,37628217,152884288,13,0,0,16384,13,10063294582
7296,115264529,38326850,153591379,93,0,0,8704,93,675324275
7297,115273380,37634491,152907871,48,0,0,8704,48,1054859222
7298,115275820,37500000,152775820,51,0,0,16896,51,6386541011
7299,115322603,37810450,153133053,69,0,0,111104,69,3126704033
7300,115325184,62447134,177772318,10,0,1,7680,10,2490249122
7301,115351938,37461401,152813339,79,0,0,6144,79,3745204919
7302,115356519,38068104,153424623,40,0,0,17408,40,10023373354
7303,115358312,37688548,153046860,62,0,0,512,62,8256310946
7304,115358917,38018673,153377590,53,0,0,14848,53,8141186275
7305,115367066,62405918,177772984,54,0,1,1024,54,5415289772
7306,115370005,62407165,177777170,99,0,1,6656,99,3665539616
7307,115370589,37573496,152944085,96,0,0,6144,96,2446554867
7308,115373018,37777885,153150903,11,0,0,12288,11,10574761001
7309,115379378,38116287,153495665,45,0,0,13824,45,10034431877
7310,115381396,38079744,153461140,81,0,0,5632,81,7110003727
7311,115389885,37877773,153267658,91,0,0,18944,91,7445508695
7312,115399699,38219248,153618947,64,0,0,32256,64,1650580710
7313,115411493,62375593,177787086,1,0,1,18432,1,8729821916
7314,115413953,37649049,153063002,95,0,0,26624,95,3622353695
7315,115422570,62429364,177851934,3,0,1,15872,3,2984893142
7316,115423677,37645143,153068820,74,0,0,18944,74,1126305655
7317,115431727,37761254,153192981,39,0,0,75264,39,755021423
7318,115438206,62567959,178006165,25,0,1,13312,25,7480140432
7319,115439780,38335274,153775054,64,0,0,30208,64,8693867813
7320,115440338,38442906,153883244,34,0,0,36864,34,7787994159
7321,115447574,37949760,153397334,88,0,0,37376,88,1601200849
7322,115449318,38199136,153648454,21,0,0,96768,21,9838145104
7323,115450122,37604584,153054706,14,0,0,5632,14,9082852297
7324,115451157,37841424,153292581,39,0,0,17408,39,606305331
7325,115453286,62628195,178081481,21,0,1,3072,21,6591557126
7326,115454638,37963379,153418017,12,0,0,19968,12,4057956945
7327,115457129,38053691,153510820,65,0,0,49664,65,5637309672
7328,115459324,38054951,153514275,87,0,0,11264,87,7075324356
7329,115469764,63391527,178861291,3,0,1,274432,3,9153456935
7330,115472126,37975674,153447800,54,0,0,15360,54,8520237767
7331,115473266,37839641,153312907,43,0,0,26112,43,2502815496
7332,115473740,63388857,178862597,23,0,1,2048,23,7683157952
7333,115484966,38095542,153580508,9,0,0,30208,9,4552653405
7334,115488265,63376894,178865159,55,0,1,9728,55,9238319807
7335,115490851,38265418,153756269,6,0,0,36864,6,9599417106
7336,115491617,38079329,153570946,56,0,0,83968,56,6103494460
7337,115494596,37638792,153133388,24,0,0,1024,24,5505532280
7338,115497759,38314741,153812500,67,0,0,16384,67,3467093037
7339,115499951,37843673,153343624,20,0,0,5120,20,7912523671
7340,115501355,38331533,153832888,69,0,0,7680,69,9964378187
7341,115521766,63371457,178893223,80,0,1,8192,80,3086901208
7342,115523196,38456711,153979907,79,0,0,14848,79,6153551930
7343,115526798,37683778,153210576,1,0,0,6144,1,5227581861
7344,115537631,37881665,153419296,62,0,0,4096,62,6047607517
7345,115562335,37849575,153411910,30,0,0,16384,30,3071097230
7346,115563850,38034873,153598723,92,0,0,2560,92,5911988583
7347,115569651,38117872,153687523,32,0,0,79360,32,10248893208
7348,115570062,37638565,153208627,58,0,0,43520,58,466195886
7349,115572103,38165556,153737659,97,0,0,103424,97,4935617453
7350,115574399,37740715,153315114,23,0,0,7168,23,10563080472
7351,115580809,38409908,153990717,84,0,0,30208,84,9926508364
7352,115584929,38233366,153818295,22,0,0,18944,22,4098940018
7353,115587477,38115256,153702733,48,0,0,19968,48,352828587
7354,115589053,63306756,178895809,67,0,1,4096,67,6480277955
7355,115592218,37995645,153587863,95,0,0,24064,95,3353963260
7356,115593361,38316168,153909529,95,0,0,27648,95,658105971
7357,115599798,63307804,178907602,65,0,1,10240,65,508399202
7358,115601047,37594297,153195344,51,0,0,7680,51,4526306862
7359,115610632,38398905,154009537,2,0,0,6656,2,878505026
7360,115612930,37658183,153271113,17,0,0,11264,17,231850417
7361,115613728,38555257,154168985,0,0,0,35328,0,5026101571
7362,115617394,38637006,154254400,33,0,0,7680,33,8206686028
7363,115623384,37918142,153541526,39,0,0,14336,39,460610504
7364,115623635,38357855,153981490,5,0,0,5120,5,26851186
7365,115628584,63295550,178924134,17,0,1,6144,17,2951215939
7366,115629118,38437713,154066831,73,0,0,9728,73,3707931501
7367,115635506,63289934,178925440,60,0,1,2048,60,5844094737
7368,115636130,38108884,153745014,59,0,0,24064,59,2819264630
7369,115649449,38110431,153759880,48,0,0,11776,48,2097075460
7370,115661355,38651023,154312378,97,0,0,7168,97,767976265
7371,115665519,38483846,154149365,57,0,0,15872,57,18548992
7372,115668670,38475805,154144475,65,0,0,173568,65,3293961732
7373,115680629,37982691,153663320,15,0,0,9728,15,4293829811
7374,115684860,38406700,154091560,11,0,0,41984,11,7483594480
7375,115686150,38075313,153761463,79,0,0,5120,79,2335755226
7376,115689393,37970940,153660333,98,0,0,38912,98,7108696253
7377,115695002,38459846,154154848,5,0,0,17920,5,3298225255
7378,115713546,37857735,153571281,20,0,0,1024,20,10589689757
7379,115718838,63225890,178944728,7,0,1,4096,7,8455457044
7380,115719714,38107363,153827077,41,0,0,15360,41,5259873202
7381,115726028,63219046,178945074,77,0,1,512,77,653997961
7382,115747856,38153226,153901082,18,0,0,9216,18,4550664221
7383,115749872,38271927,154021799,32,0,0,7680,32,9597850957
7384,115751009,38053670,153804679,30,0,0,35840,30,8020436098
7385,115762949,38016278,153779227,65,0,0,12800,65,7427130021
7386,115763524,38026171,153789695,99,0,0,5632,99,3681025783
7387,115768364,38199641,153968005,76,0,0,36352,76,4612593138
7388,115777665,38274253,154051918,21,0,0,1024,21,9906688957
7389,115784061,38166280,153950341,62,0,0,38912,62,8730616719
7390,115797858,38279898,154077756,18,0,0,5120,18,3568539277
7391,115805311,63140109,178945420,72,0,1,512,72,9702210910
7392,115805855,38066134,153871989,97,0,0,12288,97,5515528675
7393,115805973,38092270,153898243,29,0,0,49152,29,5634258092
7394,115809048,38220391,154029439,1,0,0,1024,1,3802881450
7395,115822028,38382626,154204654,9,0,0,44032,9,5864687123
7396,115826414,38331692,154158106,55,0,0,1024,55,7001008761
7397,115830392,37991982,153822374,23,0,0,13312,23,10170490863
7398,115834650,38140710,153975360,53,0,0,24064,53,1072183788
7399,115845557,38328170,154173727,34,0,0,14848,34,7621843100
7400,115846902,38724616,154571518,84,0,0,28672,84,6854248262
7401,115851493,38577407,154428900,81,0,0,16384,81,1938967373
7402,115855608,38384706,154240314,58,0,0,42496,58,9696253148
7403,115856026,63092940,178948966,89,0,1,5632,89,8578160592
7404,115863852,38140616,154004468,69,0,0,45056,69,10667091320
7405,115865494,38290492,154155986,9,0,0,3584,9,9781704349
7406,115865582,38550316,154415898,99,0,0,7680,99,3260940567
7407,115869685,38137622,154007307,90,0,0,9216,90,9093641949
7408,115872444,38334417,154206861,84,0,0,7168,84,7030710980
7409,115872809,38846587,154719396,87,0,0,37376,87,8994732118
7410,115883208,38813811,154697019,4,0,0,1024,4,4438289751
7411,115891317,38508779,154400096,38,0,0,56320,38,6773034418
7412,115891645,38405735,154297380,19,0,0,24064,19,6793555277
7413,115900714,63069286,178970000,77,0,1,28672,77,2722843978
7414,115900949,38268215,154169164,47,0,0,512,47,932139688
7415,115908454,38428676,154337130,97,0,0,5120,97,3709877258
7416,115912113,38095373,154007486,90,0,0,512,90,2591694331
7417,115919414,63051892,178971306,95,0,1,2048,95,2801139515
7418,115924714,39055359,154980073,54,0,0,5632,54,3642067225
7419,115925679,38364346,154290025,39,0,0,18432,39,7385831805
7420,115934553,63041259,178975812,97,0,1,7168,97,6788112652
7421,115937326,38314711,154252037,34,0,0,38400,34,6515744891
7422,115944194,38479683,154423877,90,0,0,26112,90,8596702596
7423,115949990,63029509,178979499,89,0,1,15360,89,7775731945
7424,115951978,39252172,155204150,54,0,0,28160,54,8181013539
7425,115956856,38347723,154304579,8,0,0,23552,8,7003768833
7426,115965420,38561971,154527391,92,0,0,7680,92,5301113751
7427,115971574,38499305,154470879,63,0,0,23040,63,3175318415
7428,115972173,39273971,155246144,88,0,0,33792,88,2460025097
7429,115976458,38181267,154157725,10,0,0,5632,10,6258763751
7430,115980054,38719796,154699850,93,0,0,9216,93,4564870921
7431,115996391,63471438,179467829,30,0,1,212992,30,7290929131
7432,115996408,38332604,154329012,70,0,0,3584,70,10083981499
7433,116000078,38619931,154620009,37,0,0,12288,37,8502724267
7434,116013902,63453950,179467852,71,0,1,4608,71,7818595001
7435,116014440,38349309,154363749,13,0,0,15360,13,10379488173
7436,116018328,38395207,154413535,97,0,0,44032,97,8538949146
7437,116020574,38747981,154768555,86,0,0,21504,86,6059861576
7438,116030946,38677039,154707985,2,0,0,26624,2,5035384668
7439,116032154,38932390,154964544,79,0,0,17920,79,5497126369
7440,116033729,63434146,179467875,12,0,1,8704,12,8889434435
7441,116047557,39270694,155318251,50,0,0,51712,50,5922345417
7442,116053419,39320807,155374226,78,0,0,54784,78,5824251383
7443,116054396,38284724,154339120,98,0,0,3072,98,3499392574
7444,116055117,63421610,179476727,16,0,1,21504,16,6289281509
7445,116067737,63419543,179487280,13,0,1,10240,13,98272818
7446,116081850,63431426,179513276,67,0,1,1536,67,10477168051
7447,116083664,38678316,154761980,62,0,0,6144,62,3741773294
7448,116085636,38406705,154492341,26,0,0,32256,26,10237444793
7449,116088111,38830221,154918332,49,0,0,34816,49,10698713455
7450,116088832,38453754,154542586,8,0,0,49664,8,157466104
7451,116094981,63450117,179545098,63,0,1,19968,63,5583496616
7452,116105650,38591034,154696684,95,0,0,50176,95,1086538254
7453,116118784,38542006,154660790,43,0,0,23040,43,3882047599
7454,116125588,38852746,154978334,79,0,0,27136,79,6247672786
7455,116127372,38593919,154721291,88,0,0,6144,88,6055465224
7456,116129300,38365404,154494704,25,0,0,7680,25,6146407079
7457,116134303,38535055,154669358,69,0,0,15872,69,3120050584
7458,116142910,38467742,154610652,18,0,0,3584,18,4961421799
7459,116148423,63397661,179546084,80,0,1,1536,80,2492855346
7460,116158259,39360339,155518598,55,0,0,37376,55,7558206226
7461,116160564,63387786,179548350,69,0,1,3584,69,6603535332
7462,116165379,39103259,155268638,84,0,0,2560,84,5412141830
7463,116172681,39078322,155251003,5,0,0,15872,5,8081006873
7464,116175900,38783161,154959061,44,0,0,14848,44,5054887048
7465,116178312,63410557,179588869,5,0,1,24576,5,8265529043
7466,116183163,38762858,154946021,70,0,0,38912,70,6941333734
7467,116185469,38560773,154746242,8,0,0,35328,8,5637378168
7468,116203998,63388097,179592095,11,0,1,5120,11,5308734751
7469,116209421,38686526,154895947,63,0,0,79872,63,5758081744
7470,116211867,38537518,154749385,24,0,0,10240,24,7159845580
7471,116215983,38754044,154970027,50,0,0,17920,50,2643618168
7472,116225329,38837826,155063155,6,0,0,31744,6,942547055
7473,116231770,38694853,154926623,49,0,0,27136,49,2879933482
7474,116232955,38492776,154725731,63,0,0,2048,63,6344011100
7475,116234580,38426701,154661281,80,0,0,1536,80,60741066
7476,116237139,39457547,155694686,70,0,0,3072,70,349653067
7477,116246949,63362373,179609322,87,0,1,2560,87,3439483771
7478,116247822,38805638,155053460,70,0,0,3584,70,1884242959
7479,116251388,38651134,154902522,78,0,0,21504,78,7677237963
7480,116254242,39048230,155302472,58,0,0,36864,58,3829872158
7481,116258108,39641803,155899911,42,0,0,96768,42,3325181169
7482,116273007,63363860,179636867,90,0,1,61952,90,1638786375
7483,116273913,38486172,154760085,61,0,0,18944,61,1507287449
7484,116284880,38669634,154954514,48,0,0,17408,48,7767861849
7485,116287683,38620010,154907693,65,0,0,16896,65,684713357
7486,116301415,63335802,179637217,3,0,1,512,3,5698045469
7487,116303336,38431318,154734654,96,0,0,6144,96,9128871664
7488,116306708,38627426,154934134,7,0,0,24576,7,585221573
7489,116320020,38961368,155281388,37,0,0,512,37,6470494056
7490,116322200,39025866,155348066,34,0,0,24064,34,9123821536
7491,116325164,38449894,154775058,1,0,0,7680,1,10654150359
7492,116328794,39925859,156254653,39,0,0,1536,39,10441136446
7493,116332130,63372868,179704998,5,0,1,14848,5,2270196612
7494,116344560,63361104,179705664,32,0,1,1024,32,2553770542
7495,116354786,38651748,155006534,78,0,0,7680,78,8032813974
7496,116355279,63352651,179707930,3,0,1,3584,3,10195985170
7497,116372973,38654404,155027377,77,0,0,30208,77,9371081211
7498,116376441,63366962,179743403,97,0,1,23040,97,5643086354
7499,116378443,38569629,154948072,90,0,0,6656,90,1532281709
7500,116380357,40040384,156420741,63,0,0,88064,63,8686891076
7501,116385251,38628654,155013905,13,0,0,512,13,1573092166
7502,116387572,38743689,155131261,26,0,0,7680,26,3089057497
7503,116389794,38559393,154949187,30,0,0,3584,30,7133592923
7504,116394173,38728934,155123107,8,0,0,8192,8,3795675621
7505,116394185,38706651,155100836,5,0,0,17920,5,3264337668
7506,116394407,38726181,155120588,8,0,0,30208,8,8443518650
7507,116399255,40053694,156452949,49,0,0,33280,49,3537943892
7508,116401919,63347078,179748997,64,0,1,18432,64,6787288906
7509,116415224,38650450,155065674,60,0,0,8192,60,7653926077
7510,116415387,63352385,179767772,69,0,1,14336,69,6934695988
7511,116424233,63379577,179803810,5,0,1,2048,5,5283059592
7512,116443029,38575121,155018150,17,0,0,7680,17,9792359883
7513,116446644,38740852,155187496,13,0,0,3584,13,9949015002
7514,116449623,63354210,179803833,87,0,1,3072,87,5875568541
7515,116453358,40309043,156762401,25,0,0,6656,25,9138484312
7516,116459273,39271719,155730992,79,0,0,6144,79,8271892633
7517,116465801,63338055,179803856,16,0,1,2048,16,4074742417
7518,116470832,38739114,155209946,10,0,0,4096,10,531162467
7519,116473009,39015463,155488472,3,0,0,19968,3,6362919655
7520,116473741,38997373,155471114,48,0,0,32768,48,8269074233
7521,116501876,39112050,155613926,40,0,0,37376,40,890379201
7522,116503154,40164192,156667346,47,0,0,3584,47,8097535051
7523,116509297,38809133,155318430,37,0,0,512,37,3337130531
7524,116512345,63291534,179803879,59,0,1,9216,59,6824498762
7525,116517611,63331040,179848651,34,0,1,30208,34,7638383510
7526,116520439,38812990,155333429,51,0,0,49152,51,2551241532
7527,116522168,39014838,155537006,14,0,0,41472,14,2178109274
7528,116522692,38965959,155488651,2,0,0,512,2,1075282899
7529,116524475,40146513,156670988,37,0,0,2560,37,10455156026
7530,116530737,39026813,155557550,71,0,0,5120,71,631525256
7531,116531302,39040573,155571875,89,0,0,3072,89,4319784163
7532,116535811,63338064,179873875,11,0,1,3584,11,6512103893
7533,116547185,38855826,155403011,71,0,0,5632,71,5555145969
7534,116550489,39279951,155830440,34,0,0,8704,34,4128787089
7535,116560295,39173528,155733823,4,0,0,9216,4,5254030891
7536,116564940,63411060,179976000,60,0,1,27136,60,6660563487
7537,116567836,63419488,179987324,81,0,1,4096,81,256079004
7538,116569489,39159608,155729097,76,0,0,46592,76,5084895626
7539,116572684,38696445,155269129,90,0,0,1536,90,8478070564
7540,116583316,38982575,155565891,6,0,0,18944,6,4251000538
7541,116590035,38745609,155335644,92,0,0,7168,92,7889712293
7542,116595190,39041032,155636222,33,0,0,41472,33,3056325122
7543,116597799,38777698,155375497,98,0,0,4096,98,10727612881
7544,116599169,39341839,155941008,25,0,0,44032,25,6460869326
7545,116615005,63420170,180035175,3,0,1,21504,3,2139554477
7546,116618490,39306248,155924738,70,0,0,81408,70,5775026159
7547,116625444,39473761,156099205,39,0,0,14336,39,1859675335
7548,116627224,39571720,156198944,91,0,0,137216,91,6951351815
7549,116632421,38933805,155566226,84,0,0,1024,84,1784644170
7550,116634713,39177543,155812256,61,0,0,21504,61,10464001168
7551,116647853,38743486,155391339,34,0,0,9728,34,4568333470
7552,116648325,40334790,156983115,21,0,0,76288,21,7188128578
7553,116657298,39095222,155752520,8,0,0,39936,8,1677901987
7554,116657404,39345666,156003070,21,0,0,15360,21,641480718
7555,116662167,63387562,180049729,48,0,1,512,48,10669184794
7556,116666090,39360722,156026812,80,0,0,17408,80,2891200701
7557,116674181,38872065,155546246,15,0,0,18432,15,695907731
7558,116678781,39271991,155950772,5,0,0,18944,5,9924650922
7559,116679886,63522617,180202503,6,0,1,65024,6,485334793
7560,116680666,39146608,155827274,8,0,0,12288,8,6868784036
7561,116684238,39536303,156220541,5,0,0,17920,5,7721893515
7562,116685832,63552733,180238565,25,0,1,36864,25,3588878432
7563,116689398,39381072,156070470,74,0,0,13312,74,8720006259
7564,116690053,63552378,180242431,99,0,1,6144,99,8821844707
7565,116698881,39087064,155785945,96,0,0,29184,96,8881170937
7566,116703662,63543275,180246937,8,0,1,7168,8,1125395204
7567,116707962,39236992,155944954,85,0,0,12800,85,2713461332
7568,116713205,63830485,180543690,96,0,1,84992,96,115518912
7569,116715466,39710625,156426091,70,0,0,7168,70,4979635897
7570,116718260,39242282,155960542,6,0,0,12800,6,2429848370
7571,116724402,63819311,180543713,72,0,1,512,72,404028336
7572,116739094,40379279,157118373,18,0,0,120832,18,9790450659
7573,116742799,39034231,155777030,33,0,0,15360,33,9632993627
7574,116747225,39080540,155827765,19,0,0,1536,19,6698772028
7575,116751904,63791832,180543736,56,0,1,8704,56,1706942649
7576,116753325,39332827,156086152,61,0,0,30720,61,3736724234
7577,116754706,39068801,155823507,88,0,0,17408,88,5936755801
7578,116756964,63832508,180589472,36,0,1,14336,36,5047935288
7579,116772457,39720529,156492986,73,0,0,5120,73,3133673934
7580,116772857,39154712,155927569,1,0,0,9216,1,9947568907
7581,116780135,38973188,155753323,11,0,0,2560,11,2327160921
7582,116784730,63809644,180594374,69,0,1,14336,69,7235474692
7583,116790941,39463198,156254139,72,0,0,73728,72,3500912435
7584,116800745,63798916,180599661,56,0,1,16896,56,8260375728
7585,116807755,39307229,156114984,33,0,0,51712,33,6561606626
7586,116808216,39714921,156523137,3,0,0,52736,3,8472874483
7587,116813553,39629225,156442778,38,0,0,19968,38,1666290213
7588,116814925,39528513,156343438,29,0,0,1536,29,355323963
7589,116817708,39505557,156323265,14,0,0,11776,14,1672882217
7590,116818232,39807919,156626151,46,0,0,1536,46,2326807336
7591,116821843,39252254,156074097,87,0,0,1536,87,3652013126
7592,116824456,39480511,156304967,31,0,0,33280,31,7421882006
7593,116828524,64208755,181037279,96,0,1,268288,96,2775892137
7594,116829066,64223738,181052804,56,0,1,512,56,1404626883
7595,116838712,39376346,156215058,18,0,0,32768,18,93269739
7596,116838810,39383828,156222638,6,0,0,6656,6,8316256249
7597,116841316,64214714,181056030,32,0,1,5120,32,4911810694
7598,116844883,39479809,156324692,3,0,0,4608,3,6119363912
7599,116853326,39441478,156294804,56,0,0,38912,56,7973258949
7600,116865961,39557923,156423884,50,0,0,10240,50,3238070175
7601,116867463,39890969,156758432,31,0,0,20992,31,3824538026
7602,116879147,64177229,181056376,55,0,1,512,55,1675286110
7603,116882044,39385343,156267387,73,0,0,16384,73,2676816915
7604,116883089,39321962,156205051,56,0,0,19968,56,6973025447
7605,116883651,39445908,156329559,41,0,0,15872,41,7293567893
7606,116885800,39433854,156319654,54,0,0,48128,54,585290399
7607,116886776,39695704,156582480,33,0,0,1536,33,6813298597
7608,116894791,64166731,181061522,63,0,1,8192,63,9573514114
7609,116907557,64157191,181064748,75,0,1,5120,75,3790239919
7610,116918440,39567008,156485448,7,0,0,31232,7,10130906981
7611,116923785,64143869,181067654,97,0,1,4608,97,2301098362
7612,116931939,39504732,156436671,6,0,0,2560,6,9288017811
7613,116935407,39646582,156581989,91,0,0,22016,91,8534155865
7614,116945730,39669206,156614936,41,0,0,16896,41,5649535618
7615,116950117,39427609,156377726,8,0,0,7168,8,8384232390
7616,116950635,64117365,181068000,0,0,1,512,0,5823978258
7617,116951308,39718869,156670177,5,0,0,9216,5,9161996920
7618,116954509,39409353,156363862,95,0,0,6144,95,8576027045
7619,116956003,39781964,156737967,2,0,0,15872,2,172688750
7620,116973057,39586997,156560054,79,0,0,16384,79,6320310721
7621,116981763,39713615,156695378,71,0,0,56832,71,7083539958
7622,116983727,39442699,156426426,50,0,0,1024,50,1365669327
7623,116985525,39638382,156623907,97,0,0,14336,97,5543675422
7624,116999280,39678759,156678039,31,0,0,23040,31,5772334201
7625,117000228,39526052,156526280,5,0,0,10240,5,931590587
7626,117004183,39498602,156502785,44,0,0,12288,44,1104733764
7627,117007593,39658638,156666231,18,0,0,103424,18,8404159199
7628,117009715,39451550,156461265,85,0,0,2048,85,1350316383
7629,117010706,64063965,181074671,53,0,1,17920,53,7651636977
7630,117016633,39820561,156837194,89,0,0,6144,89,3136594391
7631,117029589,39769693,156799282,1,0,0,53248,1,7099116753
7632,117029897,39603261,156633158,51,0,0,9216,51,3213180887
7633,117033017,39664880,156697897,87,0,0,8192,87,3197863592
7634,117034470,64046651,181081121,97,0,1,2560,97,1104799996
7635,117038996,64054366,181093362,80,0,1,16896,80,9759890002
7636,117039674,39767587,156807261,65,0,0,26112,65,5311953380
7637,117043988,39699618,156743606,52,0,0,18432,52,1371297018
7638,117047562,39780112,156827674,39,0,0,15360,39,2412015653
7639,117053226,40087033,157140259,14,0,0,17408,14,6204097966
7640,117055562,39872142,156927704,79,0,0,39936,79,6773172161
7641,117059103,40075829,157134932,15,0,0,54272,15,1680212371
7642,117064293,39825056,156889349,5,0,0,13824,5,10481691151
7643,117075257,39914144,156989401,64,0,0,20480,64,4512284577
7644,117077431,39871737,156949168,46,0,0,26624,46,8041205139
7645,117083399,64033327,181116726,16,0,1,7168,16,1062891033
7646,117097083,39923732,157020815,77,0,0,35840,77,5903569155
7647,117101318,64019300,181120618,77,0,1,6144,77,1131163382
7648,117102814,64019750,181122564,80,0,1,3072,80,9798986604
7649,117122694,39926522,157049216,65,0,0,28160,65,10668271019
7650,117124330,39719173,156843503,21,0,0,20480,21,708252360
7651,117124876,40115477,157240353,95,0,0,5120,95,2234776271
7652,117132873,40065440,157198313,14,0,0,38400,14,539366038
7653,117133278,39482929,156616207,22,0,0,4096,22,1593004567
7654,117133608,39726435,156860043,28,0,0,19456,28,1984663492
7655,117146191,39622096,156768287,78,0,0,7168,78,938658654
7656,117146855,39665919,156812774,13,0,0,2560,13,8229034493
7657,117151229,39989529,157140758,60,0,0,1536,60,1522486689
7658,117151833,40086929,157238762,13,0,0,92160,13,4083595935
7659,117156371,40054288,157210659,92,0,0,9216,92,10062193986
7660,117158633,39782400,156941033,60,0,0,9216,60,7267510755
7661,117167134,39765897,156933031,4,0,0,17408,4,5853122191
7662,117176978,63949027,181126005,81,0,1,1024,81,7126548963
7663,117179521,39969206,157148727,60,0,0,14336,60,9772653795
7664,117190963,63936028,181126991,89,0,1,1536,89,2889462736
7665,117193540,39979451,157172991,86,0,0,13312,86,112700117
7666,117198684,63932173,181130857,11,0,1,6144,11,6302726158
7667,117200898,39807612,157008510,69,0,0,4608,69,10232095592
7668,117202304,39827763,157030067,44,0,0,1536,44,10001899932
7669,117205419,63926424,181131843,52,0,1,1536,52,772031291
7670,117208214,63928775,181136989,77,0,1,8192,77,268258147
7671,117216003,40038560,157254563,37,0,0,5120,37,957698741
7672,117216121,40033254,157249375,85,0,0,14848,85,6409132682
7673,117219266,40083455,157302721,30,0,0,17408,30,2511224945
7674,117220938,64049154,181270092,89,0,1,19456,89,2172979702
7675,117225744,40336037,157561781,28,0,0,44544,28,891514367
7676,117226674,64072443,181299117,49,0,1,4096,49,3270654925
7677,117231982,39706220,156938202,96,0,0,16896,96,3069615932
7678,117233127,39920771,157153898,55,0,0,16896,55,6085405761
7679,117238751,40248614,157487365,13,0,0,77312,13,1960625957
7680,117252151,40286657,157538808,69,0,0,6656,69,7671074459
7681,117268562,40165717,157434279,67,0,0,55296,67,2152520699
7682,117269606,64050931,181320537,57,0,1,22016,57,3483963757
7683,117278424,64224648,181503072,21,0,1,12800,21,5897308377
7684,117288097,40042867,157330964,15,0,0,46080,15,585577548
7685,117301570,64288289,181589859,11,0,1,512,11,5318734679
7686,117302288,40195378,157497666,54,0,0,33280,54,2570202426
7687,117310353,39739822,157050175,69,0,0,3072,69,3348406815
7688,117311209,40052846,157364055,81,0,0,16384,81,6057556043
7689,117314363,40463316,157777679,33,0,0,19456,33,2466355526
7690,117321816,40141970,157463786,91,0,0,96768,91,8418976303
7691,117323008,40448720,157771728,74,0,0,38400,74,2951402234
7692,117323643,40388088,157711731,93,0,0,4096,93,2842069794
7693,117327400,39874524,157201924,12,0,0,11776,12,5174633242
7694,117331777,40378683,157710460,84,0,0,1024,84,5634079439
7695,117334955,40265083,157600038,5,0,0,19968,5,8161783686
7696,117335547,40592895,157928442,0,0,0,88064,0,8684575715
7697,117339283,40293996,157633279,82,0,0,54272,82,7548585679
7698,117342250,40191768,157534018,53,0,0,2560,53,5231891150
7699,117352686,64237532,181590218,83,0,1,9728,83,4872789435
7700,117354722,40022848,157377570,26,0,0,5632,26,8377715891
7701,117361808,64370521,181732329,74,0,1,512,74,8877275007
7702,117366418,40336774,157703192,79,0,0,122880,79,6993768820
7703,117373018,40163051,157536069,99,0,0,6656,99,8720243340
7704,117375324,40258157,157633481,20,0,0,512,20,9051778242
7705,117378237,41478053,158856290,69,0,0,11264,69,8194051689
7706,117395044,39980787,157375831,64,0,0,9728,64,6223511699
7707,117396297,40190828,157587125,88,0,0,11776,88,211442472
7708,117399465,64416880,181816345,34,0,1,19968,34,403411163
7709,117400053,40631220,158031273,34,0,0,32768,34,5581420407
7710,117406427,41403574,158810001,50,0,0,9216,50,6696160653
7711,117411409,40296486,157707895,5,0,0,15360,5,9910300656
7712,117413854,40530367,157944221,85,0,0,51712,85,2941381407
7713,117415847,41257514,158673361,12,0,0,231936,12,8665164044
7714,117419033,40482554,157901587,34,0,0,33792,34,5375528241
7715,117419616,40194301,157613917,31,0,0,9728,31,5020947690
7716,117424352,64392016,181816368,81,0,1,9728,81,6576652922
7717,117435459,41268235,158703694,2,0,0,40448,2,9853430353
7718,117436441,64462343,181898784,97,0,1,9728,97,4290058189
7719,117436810,40273315,157710125,50,0,0,5632,50,5161708370
7720,117437859,40356124,157793983,62,0,0,14848,62,9518063865
7721,117443113,40368661,157811774,3,0,0,29184,3,10503815336
7722,117445098,40354311,157799409,13,0,0,5120,13,5181842238
7723,117453361,40184043,157637404,10,0,0,12800,10,10587605379
7724,117481903,40226483,157708386,83,0,0,1536,83,3943475930
7725,117486622,41259088,158745710,13,0,0,45568,13,3867740064
7726,117494846,40299472,157794318,91,0,0,1024,91,6995618665
7727,117498852,64399955,181898807,3,0,1,3072,3,1670458485
7728,117501504,40622798,158124302,21,0,0,50176,21,4081057029
7729,117507868,40246491,157754359,87,0,0,15872,87,6879983348
7730,117509410,40694473,158203883,39,0,0,59904,39,6619092571
7731,117510849,40301728,157812577,9,0,0,2560,9,319540966
7732,117511043,40829139,158340182,43,0,0,31232,43,10257427146
7733,117522433,41296652,158819085,64,0,0,16384,64,1932691107
7734,117535080,40334427,157869507,12,0,0,2048,12,1352655993
7735,117536655,40342662,157879317,95,0,0,1536,95,3666890971
7736,117548724,40665836,158214560,10,0,0,25600,10,8826957311
7737,117550186,40558805,158108991,39,0,0,24576,39,509499717
7738,117551529,40167790,157719319,61,0,0,11776,61,7672659446
7739,117555043,40457222,158012265,74,0,0,28672,74,5830685153
7740,117561646,40453762,158015408,74,0,0,10240,74,5044592430
7741,117567952,40818882,158386834,42,0,0,59904,42,1154783016
7742,117569228,40898324,158467552,11,0,0,33792,11,4809127928
7743,117570388,40591439,158161827,12,0,0,31744,12,8787032104
7744,117581730,40603855,158185585,49,0,0,41472,49,9514962162
7745,117589238,40706522,158295760,66,0,0,4096,66,8038901577
7746,117592697,64306133,181898830,41,0,1,2048,41,6534374738
7747,117594935,64303918,181898853,25,0,1,8704,25,7353091731
7748,117599148,40418155,158017303,86,0,0,6144,86,9465866341
7749,117610175,40444768,158054943,68,0,0,3584,68,5475304529
7750,117630444,40511220,158141664,84,0,0,18944,84,64583571
7751,117632398,40385240,158017638,14,0,0,1024,14,7523152724
7752,117634587,40719520,158354107,97,0,0,7168,97,4656782368
7753,117634753,40501116,158135869,57,0,0,37888,57,836402368
7754,117634928,40571786,158206714,85,0,0,9216,85,5139002122
7755,117640833,65369231,183010064,82,0,1,247808,82,6619396029
7756,117648295,41389886,159038181,54,0,0,12288,54,3282672534
7757,117652302,41291078,158943380,72,0,0,20480,72,3012187004
7758,117652736,40578460,158231196,49,0,0,54272,49,2524090602
7759,117661722,40648279,158310001,18,0,0,9728,18,2868965395
7760,117664372,65698983,183363355,96,0,1,147456,96,3717335205
7761,117666158,41470135,159136293,44,0,0,13312,44,9910428304
7762,117691487,65671891,183363378,89,0,1,3072,89,3824582841
7763,117692034,40480892,158172926,84,0,0,36352,84,7324280739
7764,117695654,65667747,183363401,81,0,1,6656,81,4238120434
7765,117698233,40979207,158677440,77,0,0,13312,77,4540062732
7766,117706855,41019198,158726053,22,0,0,29184,22,3236739799
7767,117707145,40770414,158477559,97,0,0,32768,97,8223990533
7768,117713391,41058978,158772369,44,0,0,22528,44,1682979089
7769,117719361,41199792,158919153,39,0,0,23552,39,7594603954
7770,117726070,40759008,158485078,31,0,0,24576,31,8684146537
7771,117741156,40854437,158595593,13,0,0,29696,13,5100857916
7772,117759551,65603873,183363424,74,0,1,3072,74,1024047497
7773,117769695,40621420,158391115,66,0,0,13824,66,8195611548
7774,117787796,40498444,158286240,2,0,0,11776,2,5127100068
7775,117789141,40767334,158556475,44,0,0,74240,44,3227667631
7776,117798037,40612236,158410273,82,0,0,56320,82,2626143343
7777,117800906,41025239,158826145,18,0,0,8192,18,3103427111
7778,117807363,40451677,158259040,33,0,0,512,33,9649427688
7779,117823354,65575471,183398825,32,0,1,9728,32,6477007125
7780,117828066,40733603,158561669,93,0,0,11776,93,9973873004
7781,117828409,40888729,158717138,74,0,0,28160,74,3090133037
7782,117835979,40730260,158566239,80,0,0,1536,80,7411585758
7783,117849880,40607353,158457233,25,0,0,29696,25,468651119
7784,117857454,40590586,158448040,6,0,0,2560,6,4522825809
7785,117857825,41340786,159198611,79,0,0,14848,79,5920598171
7786,117860999,40904483,158765482,87,0,0,32768,87,359849417
7787,117861629,40637933,158499562,54,0,0,26112,54,7276378065
7788,117861910,41408059,159269969,12,0,0,26112,12,7758695806
7789,117877039,40565853,158442892,55,0,0,16896,55,522919885
7790,117878363,41357037,159235400,27,0,0,31232,27,623561299
7791,117883700,40963964,158847664,71,0,0,59392,71,5482481140
7792,117885234,41109127,158994361,83,0,0,19968,83,3225430788
7793,117889487,41158529,159048016,33,0,0,24064,33,3133055717
7794,117909183,40782164,158691347,88,0,0,45568,88,2721922489
7795,117914886,40899184,158814070,90,0,0,8192,90,9144932527
7796,117925255,41592470,159517725,9,0,0,5120,9,9334277792
7797,117927997,65473669,183401666,63,0,1,8192,63,8198616732
7798,117930232,41190228,159120460,66,0,0,52736,66,3526099489
7799,117931002,41094154,159025156,81,0,0,56832,81,8357195843
7800,117936229,40772260,158708489,38,0,0,3584,38,4840205621
7801,117939929,41015351,158955280,78,0,0,3584,78,3729508811
7802,117946578,40545005,158491583,38,0,0,11264,38,3919083694
7803,117963305,40744069,158707374,61,0,0,11776,61,62933594
7804,117973922,40938032,158911954,45,0,0,37376,45,9193591777
7805,117975126,65451988,183427114,17,0,1,8704,17,3483769309
7806,117988060,65439069,183427129,8,0,1,8704,8,6398422975
7807,117990135,65437009,183427144,7,0,1,4096,7,5878880036
7808,117991972,41139899,159131871,4,0,0,37376,4,9782292992
7809,117993315,40564743,158558058,81,0,0,5120,81,8256170584
7810,118000728,40852107,158852835,58,0,0,16896,58,5712709201
7811,118010899,41160969,159171868,76,0,0,19968,76,686409695
7812,118019090,65456525,183475615,89,0,1,17408,89,7451681734
7813,118021703,40985112,159006815,38,0,0,34304,38,2811010516
7814,118025104,65450526,183475630,10,0,1,2048,10,4633734401
7815,118040472,41133172,159173644,21,0,0,5632,21,2953513755
7816,118047351,65470368,183517719,96,0,1,27648,96,3701746497
7817,118049432,40723584,158773016,25,0,0,2048,25,10129781934
7818,118082532,41012750,159095282,76,0,0,25088,76,7985919910
7819,118088327,41055329,159143656,73,0,0,24064,73,5708696624
7820,118093224,65432637,183525861,84,0,1,9216,84,30641987
7821,118098676,65447065,183545741,53,0,1,15360,53,7618569342
7822,118102454,65531222,183633676,32,0,1,28672,32,9981739828
7823,118108393,65575306,183683699,35,0,1,32768,35,7553815874
7824,118128102,40437646,158565748,44,0,0,13312,44,9599848889
7825,118141090,65547435,183688525,52,0,1,7680,52,1776987857
7826,118141575,40892839,159034414,38,0,0,16384,38,863862097
7827,118155680,40624691,158780371,39,0,0,24064,39,3042155191
7828,118158447,65560822,183719269,81,0,1,6144,81,2073751939
7829,118158875,40700909,158859784,32,0,0,11264,32,6414085107
7830,118167593,40936760,159104353,41,0,0,29696,41,2746447468
7831,118173716,65545568,183719284,75,0,1,1536,75,12343534
7832,118186456,40893522,159079978,97,0,0,52224,97,1700791070
7833,118197315,65521984,183719299,3,0,1,9728,3,2315089981
7834,118198414,41264699,159463113,45,0,0,10240,45,4644081708
7835,118210740,40777491,158988231,86,0,0,28672,86,6730410976
7836,118229241,40827924,159057165,63,0,0,5632,63,6976198804
7837,118238496,65513112,183751608,80,0,1,2560,80,1157529826
7838,118244667,41271475,159516142,76,0,0,42496,76,9097797860
7839,118248459,41136313,159384772,99,0,0,40960,99,8120024298
7840,118253328,41360944,159614272,56,0,0,115712,56,7273755835
7841,118255342,40642420,158897762,31,0,0,28160,31,656701880
7842,118257592,41264514,159522106,20,0,0,2048,20,5993068930
7843,118258549,40988012,159246561,32,0,0,1024,32,6511843831
7844,118258648,40946767,159205415,50,0,0,10240,50,4560004039
7845,118284368,40956226,159240594,0,0,0,13312,0,820540421
7846,118287269,65467750,183755019,97,0,1,22016,97,6568747473
7847,118289414,41264861,159554275,72,0,0,27648,72,6160778765
7848,118301855,41438562,159740417,90,0,0,78336,90,8107288809
7849,118303631,41082568,159386199,49,0,0,4608,49,1226330649
7850,118313649,40715742,159029391,62,0,0,13824,62,6070699917
7851,118317148,65478256,183795404,55,0,1,10240,55,4035963741
7852,118320173,65722724,184042897,82,0,1,317952,82,7225180231
7853,118330909,40618611,158949520,20,0,0,19968,20,9174638497
7854,118332061,40952889,159284950,68,0,0,13824,68,10737292606
7855,118333681,41165982,159499663,33,0,0,9728,33,8826116643
7856,118335950,65717960,184053910,80,0,1,18432,80,10472166307
7857,118338396,41240597,159578993,3,0,0,29696,3,9957382087
7858,118340331,40872368,159212699,18,0,0,5632,18,8468922528
7859,118350663,41095906,159446569,24,0,0,28160,24,92879667
7860,118353651,65904915,184258566,18,0,1,346112,18,9089087426
7861,118356201,41110558,159466759,19,0,0,2560,19,1172986145
7862,118357070,40967630,159324700,2,0,0,5120,2,6441178885
7863,118360356,41159264,159519620,16,0,0,6144,16,4836082677
7864,118363516,41262213,159625729,2,0,0,22528,2,869452416
7865,118370397,40637065,159007462,73,0,0,2048,73,9548775534
7866,118371942,41376298,159748240,22,0,0,25600,22,7576185132
7867,118376945,41314654,159691599,85,0,0,18432,85,8106452270
7868,118379335,41080635,159459970,24,0,0,19456,24,6909188858
7869,118383614,40841125,159224739,69,0,0,6144,69,8229165533
7870,118390121,41226202,159616323,95,0,0,6656,95,5681123374
7871,118390892,41295068,159685960,97,0,0,6656,97,3956544446
7872,118393747,41448702,159842449,72,0,0,42496,72,2590833693
7873,118394651,65864479,184259130,84,0,1,10752,84,1797558985
7874,118399673,41661764,160061437,90,0,0,28160,90,5186205815
7875,118400344,65863577,184263921,99,0,1,16384,99,2503389697
7876,118403266,40728940,159132206,76,0,0,1024,76,5424424889
7877,118412617,65852610,184265227,55,0,1,2048,55,177992805
7878,118420300,41004455,159424755,4,0,0,27648,4,8164248164
7879,118424988,40901811,159326799,63,0,0,6144,63,2689805289
7880,118427605,40859516,159287121,57,0,0,3072,57,8551472614
7881,118428014,41255895,159683909,4,0,0,33792,4,6120570593
7882,118431844,40804671,159236515,49,0,0,3584,49,4113157587
7883,118441589,65829130,184270719,72,0,1,17920,72,135272142
7884,118446243,65825339,184271582,67,0,1,1024,67,5922037833
7885,118449453,41549735,159999188,8,0,0,65536,8,5203508295
7886,118451795,65913122,184364917,56,0,1,185344,56,6904006903
7887,118453741,41165101,159618842,64,0,0,8192,64,6328706742
7888,118464558,41633047,160097605,17,0,0,40960,17,860680991
7889,118471480,40976516,159447996,38,0,0,4608,38,9840975568
7890,118472820,65893083,184365903,75,0,1,1536,75,4953346004
7891,118476903,65890946,184367849,35,0,1,3072,35,9279142546
7892,118479852,41401355,159881207,43,0,0,25088,43,2084933870
7893,118481996,65887479,184369475,64,0,1,2560,64,1268153570
7894,118486476,65929281,184415757,82,0,1,107008,82,7888441949
7895,118488569,40828836,159317405,46,0,0,20480,46,2802631072
7896,118505167,41311325,159816492,75,0,0,86528,75,3766283904
7897,118509068,41281037,159790105,26,0,0,82432,26,6706123823
7898,118512982,41646882,160159864,70,0,0,21504,70,1766067564
7899,118519935,41365472,159885407,22,0,0,3584,22,4570410753
7900,118520592,41588603,160109195,5,0,0,12800,5,2942968427
7901,118533369,41730135,160263504,61,0,0,24064,61,1795023528
7902,118534928,65895002,184429930,67,0,1,6656,67,66705347
7903,118536668,41029509,159566177,58,0,0,10752,58,3668589240
7904,118537194,41733758,160270952,68,0,0,19456,68,1166108229
7905,118537621,40931033,159468654,55,0,0,6144,55,9942492300
7906,118538332,40954088,159492420,11,0,0,18944,11,5495423656
7907,118539883,41662092,160201975,14,0,0,38912,14,7461311837
7908,118540643,41100356,159640999,23,0,0,1024,23,7493000060
7909,118541523,42174382,160715905,79,0,0,27648,79,8839928151
7910,118542700,41839126,160381826,1,0,0,39424,1,3472407353
7911,118544330,41129260,159673590,79,0,0,27648,79,7299797946
7912,118554716,65876520,184431236,72,0,1,2048,72,6091495287
7913,118558532,41478587,160037119,70,0,0,124416,70,9540906819
7914,118559488,65883091,184442579,1,0,1,43520,1,8491090825
7915,118563017,42074126,160637143,26,0,0,20480,26,6902354706
7916,118570055,41792719,160362774,52,0,0,26112,52,10547926925
7917,118577647,42399595,160977242,81,0,0,40960,81,9859061260
7918,118579927,42024527,160604454,31,0,0,129536,31,5307996565
7919,118581091,41504003,160085094,80,0,0,19968,80,2845805903
7920,118591724,42436645,161028369,23,0,0,83968,23,2537177681
7921,118607811,41471144,160078955,93,0,0,22016,93,6353650678
7922,118608717,42014956,160623673,70,0,0,62976,70,4024061083
7923,118609540,41819461,160429001,6,0,0,1536,6,183899598
7924,118619781,41923383,160543164,85,0,0,69120,85,2460855005
7925,118621966,42586740,161208706,12,0,0,27136,12,6296486006
7926,118630957,42258940,160889897,45,0,0,57856,45,4231828381
7927,118633077,42050145,160683222,60,0,0,16896,60,1038923778
7928,118637146,41114081,159751227,17,0,0,9728,17,1859151707
7929,118637408,65807041,184444449,8,0,1,12800,8,3504614282
7930,118654514,41498775,160153289,15,0,0,7168,15,9725041618
7931,118657924,65789431,184447355,63,0,1,4608,63,1662368339
7932,118659873,41392892,160052765,26,0,0,51200,26,3845403257
7933,118660320,42077222,160737542,25,0,0,37888,25,1264616964
7934,118667746,41437526,160105272,19,0,0,25088,19,10638504091
7935,118671595,41400629,160072224,1,0,0,35328,1,456233807
7936,118695264,41510026,160205290,41,0,0,6144,41,5659821267
7937,118698941,65749080,184448021,14,0,1,1024,14,2656965070
7938,118708818,42161689,160870507,15,0,0,98816,15,9109580816
7939,118721438,41727851,160449289,67,0,0,8192,67,5269705572
7940,118731547,65717460,184449007,26,0,1,1536,26,3345098739
7941,118735569,41179513,159915082,38,0,0,8704,38,4726425301
7942,118745909,41715584,160461493,98,0,0,30208,98,9354711980
7943,118753199,65697754,184450953,7,0,1,3072,7,8913076247
7944,118754460,65699399,184453859,16,0,1,4608,16,1216497240
7945,118769463,41985285,160754748,81,0,0,6144,81,9050977296
7946,118770417,65687308,184457725,64,0,1,6144,64,3491270443
7947,118782454,41782509,160564963,37,0,0,14336,37,9656162767
7948,118803468,41976138,160779606,34,0,0,59904,34,5006969785
7949,118804711,41385385,160190096,19,0,0,19456,19,6425859879
7950,118807322,41532684,160340006,69,0,0,11264,69,2602078243
7951,118808043,42508477,161316520,23,0,0,92672,23,7338693623
7952,118808336,41560857,160369193,29,0,0,20992,29,9449456348
7953,118817318,41828272,160645590,62,0,0,27648,62,7023256203
7954,118818566,42682859,161501425,14,0,0,109056,14,2676459050
7955,118818629,65642763,184461392,34,0,1,1024,34,8096313841
7956,118833312,65628644,184461956,5,0,1,10752,5,2357219866
7957,118839200,41504417,160343617,69,0,0,11776,69,9278999610
7958,118842262,65623560,184465822,8,0,1,6144,8,5104752455
7959,118843114,65644991,184488105,9,0,1,18944,9,4809722990
7960,118847787,42108340,160956127,45,0,0,2560,45,3813602557
7961,118850752,41695407,160546159,76,0,0,9728,76,378827728
7962,118853340,65638612,184491952,68,0,1,512,68,1049850084
7963,118866139,41655942,160522081,57,0,0,15872,57,2391425997
7964,118869107,41883746,160752853,79,0,0,50176,79,5501052019
7965,118869993,41599247,160469240,0,0,0,15872,0,963393569
7966,118871929,41889402,160761331,61,0,0,21504,61,3071699124
7967,118881103,41402795,160283898,6,0,0,9216,6,5425732283
7968,118885239,41745633,160630872,26,0,0,23552,26,2515005499
7969,118885765,41542699,160428464,96,0,0,19968,96,313934924
7970,118886153,65606465,184492618,34,0,1,1024,34,8819002249
7971,118886547,65607697,184494244,89,0,1,2560,89,3897858905
7972,118886711,41820747,160707458,71,0,0,9728,71,1440684082
7973,118893867,42170428,161064295,47,0,0,13824,47,1062896067
7974,118898522,42026916,160925438,45,0,0,32256,45,5792250665
7975,118898779,42285307,161184086,47,0,0,47104,47,1082192150
7976,118901267,65605198,184506465,46,0,1,4096,46,6518771733
7977,118901450,65610161,184511611,60,0,1,8192,60,5873752620
7978,118903369,65609459,184512828,25,0,1,12800,25,3017823527
7979,118904100,42384153,161288253,38,0,0,86528,38,5786846588
7980,118906128,42170353,161076481,35,0,0,31232,35,2605022369
7981,118923700,41871717,160795417,59,0,0,18432,59,8378111956
7982,118939467,41932779,160872246,50,0,0,5632,50,1259706913
7983,118940160,41746985,160687145,63,0,0,12800,63,10108702363
7984,118941054,42454968,161396022,12,0,0,10752,12,6068101185
7985,118950429,65563385,184513814,34,0,1,1536,34,9748618196
7986,118950608,65575061,184525669,1,0,1,48128,1,1777869175
7987,118954211,42512068,161466279,87,0,0,79872,87,8320570574
7988,118956230,42305636,161261866,33,0,0,60928,33,4695260232
7989,118958867,42202877,161161744,52,0,0,40960,52,5571956053
7990,118970969,42237916,161208885,61,0,0,512,61,2602962472
7991,118973255,42494919,161468174,18,0,0,6144,18,1644966876
7992,118976685,41986375,160963060,58,0,0,6144,58,4663286452
7993,118985164,65541846,184527010,0,0,1,12288,0,6932391004
7994,118985796,41927572,160913368,1,0,0,54784,1,5500038246
7995,118988160,42356376,161344536,15,0,0,6656,15,1231550774
7996,118991153,42343174,161334327,3,0,0,58368,3,2188334504
7997,118994075,42091945,161086020,68,0,0,31232,68,8591339647
7998,118997722,42165940,161163662,67,0,0,2048,67,7819459107
7999,119001538,42356803,161358341,24,0,0,35328,24,8595419139
8000,119015808,42169393,161185201,96,0,0,3584,96,7582328130
8001,119016918,42043142,161060060,18,0,0,103936,18,1648231082
8002,119018154,41701830,160719984,69,0,0,13312,69,2293822555
8003,119018417,42374306,161392723,6,0,0,101888,6,2916337518
8004,119018601,42500856,161519457,90,0,0,11776,90,7682465422
8005,119029956,42136092,161166048,59,0,0,5632,59,4316871794
8006,119039149,65503224,184542373,7,0,1,3584,7,1942526188
8007,119039419,41743494,160782913,55,0,0,10752,55,7467345767
8008,119045645,41890623,160936268,50,0,0,16384,50,5605561025
8009,119047179,65520358,184567537,95,0,1,32768,95,4811422147
8010,119057029,42051931,161108960,96,0,0,40960,96,363922232
8011,119064176,42459539,161523715,81,0,0,5120,81,6179664568
8012,119065311,65515778,184581089,87,0,1,24064,87,5748094865
8013,119065939,65523311,184589250,99,0,1,15872,99,10726220079
8014,119083384,42331247,161414631,84,0,0,21504,84,1498760219
8015,119087762,41807315,160895077,87,0,0,11776,87,4208957012
8016,119091215,65501581,184592796,80,0,1,5632,80,2168182317
8017,119092648,65507334,184599982,53,0,1,5632,53,6642654400
8018,119097052,42446077,161543129,0,0,0,47104,0,678591894
8019,119103634,42232276,161335910,85,0,0,5120,85,5754309718
8020,119116337,42047972,161164309,47,0,0,2048,47,1493832866
8021,119118389,42229157,161347546,80,0,0,1536,80,3911749443
8022,119124875,41830449,160955324,46,0,0,18432,46,298802677
8023,119134025,42506605,161640630,26,0,0,25600,26,3595768978
8024,119138618,65462670,184601288,27,0,1,2048,27,9426430652
8025,119139586,42373273,161512859,5,0,0,37376,5,5092439213
8026,119142338,42520958,161663296,11,0,0,63488,11,7713545774
8027,119142689,65581108,184723797,16,0,1,225792,16,5175683625
8028,119148134,42754190,161902324,95,0,0,26624,95,9935336393
8029,119150879,42191606,161342485,25,0,0,21504,25,62431440
8030,119175370,42223639,161399009,32,0,0,9728,32,3888904898
8031,119176419,41934124,161110543,96,0,0,5120,96,1503110287
8032,119182636,42415971,161598607,88,0,0,33792,88,10124250189
8033,119185588,42483659,161669247,44,0,0,19456,44,4258723715
8034,119186606,42361070,161547676,29,0,0,14848,29,773196787
8035,119188945,42333187,161522132,43,0,0,8704,43,4718496499
8036,119193484,41969531,161163015,53,0,0,4096,53,2176209283
8037,119199077,42204635,161403712,29,0,0,15360,29,4041328162
8038,119199857,42388431,161588288,4,0,0,13824,4,9248851235
8039,119202656,42412697,161615353,68,0,0,51200,68,1384587719
8040,119209844,42137211,161347055,66,0,0,8192,66,1558291213
8041,119213414,42370639,161584053,21,0,0,72704,21,10070196513
8042,119214819,65583838,184798657,70,0,1,144896,70,3512750421
8043,119225729,42135927,161361656,25,0,0,10752,25,3085806640
8044,119232964,43410331,162643295,56,0,0,36352,56,8989063038
8045,119238134,43580629,162818763,20,0,0,54784,20,9016811332
8046,119268230,42353322,161621552,39,0,0,8704,39,4585855750
8047,119268684,42674403,161943087,25,0,0,14336,25,1541261170
8048,119274679,42153109,161427788,90,0,0,4608,90,2077634032
8049,119278101,42365828,161643929,99,0,0,10752,99,4131160099
8050,119278508,43192283,162470791,92,0,0,52224,92,6921888353
8051,119281780,42964784,162246564,65,0,0,55808,65,307211118
8052,119281959,65521870,184803829,53,0,1,8192,53,8301836912
8053,119282320,42609882,161892202,72,0,0,10240,72,873764244
8054,119285261,42396663,161681924,95,0,0,26112,95,7772640748
8055,119286230,42943307,162229537,27,0,0,10240,27,4275527072
8056,119294887,42690368,161985255,87,0,0,48640,87,10669071214
8057,119297823,42230907,161528730,36,0,0,16384,36,2125358457
8058,119302076,42418346,161720422,28,0,0,7680,28,4680467281
8059,119308003,42463557,161771560,87,0,0,69120,87,10535002739
8060,119309550,42206296,161515846,5,0,0,9728,5,9984583144
8061,119309578,42894449,162204027,92,0,0,43520,92,5807611026
8062,119309991,42322816,161632807,43,0,0,36864,43,3837240272
8063,119318037,42377326,161695363,61,0,0,44032,61,3932557059
8064,119323644,65484371,184808015,32,0,1,6656,32,1343269586
8065,119324346,65485820,184810166,97,0,1,16384,97,3491825665
8066,119327251,42395907,161723158,52,0,0,1536,52,7285859665
8067,119329158,42289696,161618854,37,0,0,11264,37,9378633853
8068,119333927,42780550,162114477,21,0,0,17920,21,6761387394
8069,119346211,65469242,184815453,91,0,1,16896,91,5357979001
8070,119351502,65477827,184829329,0,0,1,512,0,1531754093
8071,119363492,42236238,161599730,79,0,0,3584,79,10073343396
8072,119369332,42994308,162363640,77,0,0,24576,77,316453496
8073,119385033,42524178,161909211,72,0,0,22528,72,1416502767
8074,119385887,42566343,161952230,81,0,0,9728,81,2315048438
8075,119390099,42566701,161956800,12,0,0,2048,12,3931733760
8076,119390519,42565634,161956153,7,0,0,12800,7,5088590640
8077,119400666,43106486,162507152,19,0,0,40960,19,236428907
8078,119409580,42420785,161830365,30,0,0,9728,30,4307951625
8079,119409963,42398730,161808693,30,0,0,39424,30,706980041
8080,119410436,42137887,161548323,88,0,0,2048,88,8978961157
8081,119437017,42357139,161794156,52,0,0,1536,52,7474745663
8082,119445120,42259036,161704156,13,0,0,9216,13,1764789383
8083,119446165,42631788,162077953,76,0,0,15872,76,5375638358
8084,119453587,43167747,162621334,52,0,0,55808,52,2155742109
8085,119454642,43447299,162901941,41,0,0,64512,41,10178776182
8086,119457215,42491693,161948908,90,0,0,8704,90,8446051443
8087,119458938,65373937,184832875,26,0,1,5632,26,7786549892
8088,119459688,65373751,184833439,13,0,1,10752,13,10080475462
8089,119468067,42316536,161784603,92,0,0,23040,92,7519576613
8090,119486013,65353096,184839109,60,0,1,18432,60,7881307111
8091,119496458,42854024,162350482,10,0,0,32768,10,6305387598
8092,119500211,42241624,161741835,89,0,0,8704,89,6306445597
8093,119501951,43077593,162579544,79,0,0,19968,79,6985434456
8094,119504522,65341082,184845604,45,0,1,9216,45,5763316530
8095,119505530,42711936,162217466,40,0,0,44032,40,296731976
8096,119506934,42406223,161913157,45,0,0,12800,45,5186678087
8097,119513922,65339511,184853433,94,0,1,5632,94,9883295046
8098,119518143,42554943,162073086,6,0,0,39424,6,10671550803
8099,119524620,42559292,162083912,91,0,0,19456,91,8592237373
8100,119526108,42700286,162226394,68,0,0,25088,68,8179847646
8101,119535059,42387160,161922219,87,0,0,3072,87,5098800054
8102,119550010,42575878,162125888,95,0,0,37376,95,10178835938
8103,119554369,42779830,162334199,22,0,0,17408,22,4769242746
8104,119558878,43149657,162708535,51,0,0,17408,51,9282067062
8105,119561873,42376823,161938696,42,0,0,19968,42,5910353495
8106,119566585,43609677,163176262,97,0,0,99328,97,4616672466
8107,119571442,42488962,162060404,92,0,0,22016,92,6521813494
8108,119573248,43290870,162864118,60,0,0,32768,60,1381483450
8109,119575112,65279704,184854816,44,0,1,14848,44,4813085728
8110,119577306,43458399,163035705,38,0,0,35328,38,4710967716
8111,119589292,42471759,162061051,53,0,0,2048,53,675597507
8112,119591745,65349640,184941385,56,0,1,182272,56,5117794207
8113,119594189,42891601,162485790,13,0,0,49152,13,2124423694
8114,119596282,42493906,162090188,2,0,0,7680,2,4649091063
8115,119599320,42776363,162375683,81,0,0,39424,81,7311162914
8116,119607369,42822949,162430318,83,0,0,33792,83,6640000256
8117,119611036,65337903,184948939,95,0,1,10240,95,5235386554
8118,119612737,42952423,162565160,77,0,0,11776,77,1078765938
8119,119614594,43778484,163393078,15,0,0,18432,15,5045789138
8120,119626972,65331556,184958528,17,0,1,17408,17,3395224101
8121,119633063,42860550,162493613,79,0,0,25600,79,1819565438
8122,119635911,43310749,162946660,76,0,0,1024,76,572367799
8123,119638735,42651944,162290679,29,0,0,1536,29,9004543310
8124,119641416,42681394,162322810,72,0,0,27648,72,7107333019
8125,119652377,42909172,162561549,9,0,0,22016,9,3836020548
8126,119652654,42879574,162532228,76,0,0,9216,76,10616509171
8127,119658254,42635724,162293978,61,0,0,10752,61,865189149
8128,119667751,43613444,163281195,57,0,0,12800,57,2389227696
8129,119676381,42738552,162414933,19,0,0,25088,19,6390448939
8130,119678319,43024889,162703208,61,0,0,12800,61,2003478576
8131,119679310,42966504,162645814,18,0,0,8192,18,8500097168
8132,119679575,42875243,162554818,58,0,0,60928,58,3286098253
8133,119680569,43664929,163345498,52,0,0,8704,52,497201096
8134,119695815,42447048,162142863,60,0,0,4096,60,113602976
8135,119697726,65271720,184969446,31,0,1,5120,31,7791295522
8136,119697905,65274447,184972352,95,0,1,4608,95,2204339217
8137,119702753,43162324,162865077,53,0,0,3072,53,5637507219
8138,119706399,43123463,162829862,92,0,0,36352,92,6207323630
8139,119709799,42784850,162494649,29,0,0,3072,29,7627301366
8140,119714112,43758008,163472120,28,0,0,4096,28,4463287700
8141,119718550,42637571,162356121,42,0,0,18432,42,2040821775
8142,119721981,43702507,163424488,5,0,0,84992,5,6704437732
8143,119722095,43540466,163262561,30,0,0,12288,30,939238283
8144,119733316,42792959,162526275,60,0,0,28672,60,8453820388
8145,119739690,43017597,162757287,15,0,0,14336,15,8732248723
8146,119740661,42768098,162508759,78,0,0,5120,78,7950090145
8147,119743543,42955200,162698743,18,0,0,10752,18,4701223192
8148,119764922,65276262,185041184,6,0,1,120320,6,8125312434
8149,119769830,65272020,185041850,5,0,1,1024,5,983856089
8150,119772221,43570602,163342823,80,0,0,48128,80,7321477246
8151,119772386,43891907,163664293,56,0,0,50688,56,4178044722
8152,119776714,43668957,163445671,20,0,0,8192,20,4172525001
8153,119785261,42732255,162517516,13,0,0,16384,13,5207772909
8154,119791630,42659057,162450687,98,0,0,24064,98,2632825525
8155,119805419,43039621,162845040,30,0,0,44032,30,10119926796
8156,119806792,42815785,162622577,25,0,0,1024,25,3370709220
8157,119811183,43209120,163020303,17,0,0,36864,17,4521018495
8158,119822891,43889144,163712035,19,0,0,70144,19,7350418576
8159,119841516,42761029,162602545,81,0,0,8704,81,10602139944
8160,119842845,65275086,185117931,82,0,1,184832,82,8227793092
8161,119842959,65279691,185122650,77,0,1,17920,77,4131701970
8162,119843970,43024741,162868711,78,0,0,11776,78,9828858372
8163,119855508,65277383,185132891,94,0,1,6656,94,3651477980
8164,119858087,43699320,163557407,48,0,0,74240,48,7467683456
8165,119862776,65306656,185169432,30,0,1,38400,30,5861951904
8166,119871419,65313254,185184673,75,0,1,2560,75,4984159559
8167,119872697,43887944,163760641,46,0,0,3584,46,706857362
8168,119877150,43471335,163348485,80,0,0,9728,80,2564403368
8169,119879860,42901414,162781274,26,0,0,46080,26,10539493888
8170,119892831,42938770,162831601,78,0,0,5632,78,3845661201
8171,119898209,65289996,185188205,27,0,1,13824,27,4251483946
8172,119901214,42952897,162854111,43,0,0,29696,43,5730613742
8173,119901705,65286859,185188564,54,0,1,9728,54,2925953995
8174,119905354,44057586,163962940,66,0,0,3072,66,8242570639
8175,119906213,65291054,185197267,97,0,1,512,97,8948875366
8176,119910367,65288206,185198573,94,0,1,2048,94,4965731589
8177,119917884,43124320,163042204,98,0,0,18432,98,697004658
8178,119921194,65281885,185203079,89,0,1,7168,89,10051171735
8179,119943997,43065051,163009048,78,0,0,22016,78,7776687620
8180,119968654,43014311,162982965,33,0,0,23552,33,5976493248
8181,119970589,65237675,185208264,63,0,1,16384,63,5532104219
8182,119970801,43882188,163852989,2,0,0,71680,2,6833485822
8183,119972196,43270924,163243120,20,0,0,21504,20,5133333493
8184,119974962,42960867,162935829,49,0,0,1536,49,9434615620
8185,119975213,43170762,163145975,63,0,0,69120,63,10695724002
8186,119975425,43147113,163122538,48,0,0,44032,48,2373669730
8187,119975905,43109062,163084967,13,0,0,30208,13,9401913614
8188,119983586,44198423,164182009,83,0,0,33792,83,8993278306
8189,119984267,44495624,164479891,67,0,0,55296,67,5494506383
8190,119987416,65226852,185214268,35,0,1,20480,35,2652304725
8191,119989495,43481354,163470849,63,0,0,74240,63,5668162491
8192,119996586,42906481,162903067,19,0,0,3584,19,641217582
8193,120000299,65217835,185218134,26,0,1,6144,26,7474461804
8194,120001598,65216882,185218480,8,0,1,512,8,3510148965
8195,120003453,42924004,162927457,14,0,0,4096,14,1789683567
8196,120004593,43231952,163236545,88,0,0,32768,88,10096976787
8197,120009723,65212099,185221822,13,0,1,16896,13,4999307127
8198,120010802,43010000,163020802,5,0,0,1536,5,6697645024
8199,120014212,43167253,163181465,47,0,0,13824,47,4952408666
8200,120019385,43368054,163387439,78,0,0,37888,78,4102314082
8201,120027107,65195381,185222488,9,0,1,1024,9,9846736322
8202,120028173,43831235,163859408,65,0,0,20992,65,5226107234
8203,120040847,43145312,163186159,91,0,0,14848,91,2706837588
8204,120045819,43039483,163085302,57,0,0,1024,57,7928996929
8205,120057142,43341419,163398561,69,0,0,17920,69,5957440179
8206,120070217,43873154,163943371,96,0,0,35328,96,6173829725
8207,120073391,43130167,163203558,2,0,0,13312,2,5283230646
8208,120075363,43237743,163313106,45,0,0,4096,45,8173066940
8209,120087172,43352814,163439986,70,0,0,40960,70,4818686174
8210,120096169,65130185,185226354,54,0,1,6144,54,9520598857
8211,120098273,44540732,164639005,12,0,0,11776,12,8106335604
8212,120104930,43206905,163311835,72,0,0,6656,72,2688081510
8213,120106066,43496232,163602298,80,0,0,11264,80,1817205268
8214,120108011,65322361,185430372,21,0,1,300032,21,8190873616
8215,120119980,43204849,163324829,47,0,0,38400,47,1137392853
8216,120126648,43093082,163219730,14,0,0,4096,14,5257626151
8217,120133534,65300812,185434346,26,0,1,6144,26,4768124028
8218,120139280,43188848,163328128,29,0,0,10752,29,3199307572
8219,120155436,44568427,164723863,77,0,0,52224,77,3361140257
8220,120156222,65285856,185442078,23,0,1,12288,23,4035842933
8221,120165529,43867716,164033245,27,0,0,31744,27,2785983567
8222,120171561,65272783,185444344,52,0,1,3584,52,8762385800
8223,120172279,43345563,163517842,84,0,0,16384,84,6296295930
8224,120172622,65274449,185447071,55,0,1,13824,55,2125022296
8225,120175548,43272642,163448190,38,0,0,8192,38,10130145675
8226,120178166,65269981,185448147,21,0,1,13312,21,3950125978
8227,120179729,65269084,185448813,32,0,1,11264,32,4684866845
8228,120180967,43262185,163443152,53,0,0,512,53,2162569564
8229,120191112,43367566,163558678,91,0,0,4096,91,8079018333
8230,120196579,43294312,163490891,47,0,0,7168,47,1504962683
8231,120199896,43243077,163442973,44,0,0,9728,44,5906225372
8232,120200661,43226822,163427483,59,0,0,9728,59,264884472
8233,120207489,43317025,163524514,31,0,0,4608,31,4003954018
8234,120208913,43267606,163476519,46,0,0,14336,46,4523853620
8235,120213414,43453398,163666812,74,0,0,8192,74,4814710601
8236,120219833,43423743,163643576,22,0,0,43520,22,6327212189
8237,120220493,43409800,163630293,55,0,0,25600,55,4994024618
8238,120223109,43337152,163560261,43,0,0,5120,43,1733479984
8239,120230836,43501895,163732731,34,0,0,17920,34,6304783418
8240,120235527,65219124,185454651,90,0,1,18432,90,173100989
8241,120246451,43434711,163681162,38,0,0,1024,38,9516351218
8242,120247740,43877443,164125183,6,0,0,75264,6,5751340407
8243,120267227,43323035,163590262,12,0,0,32256,12,8928571641
8244,120268545,43562573,163831118,56,0,0,30720,56,4316028736
8245,120278930,43448318,163727248,29,0,0,13824,29,7917395668
8246,120279893,65179904,185459797,95,0,1,8192,95,8479193852
8247,120283485,65188334,185471819,89,0,1,3584,89,1723747590
8248,120286191,43520491,163806682,1,0,0,11264,1,6101435053
8249,120291250,44566539,164857789,99,0,0,41984,99,7741973656
8250,120295597,43441955,163737552,27,0,0,1536,27,8438715158
8251,120302463,65169702,185472165,27,0,1,512,27,2028220131
8252,120305914,65166597,185472511,55,0,1,512,55,9432529101
8253,120306729,43660469,163967198,11,0,0,1024,11,3600188981
8254,120318948,43643033,163961981,73,0,0,23040,73,8411033524
8255,120319744,65153126,185472870,77,0,1,9728,77,9037432065
8256,120323324,43498411,163821735,49,0,0,28672,49,404530706
8257,120325556,43884831,164210387,74,0,0,24064,74,7707271635
8258,120325970,65160613,185486583,0,0,1,15872,0,4106538588
8259,120328953,65175527,185504480,45,0,1,17408,45,9197979904
8260,120330131,43691979,164022110,41,0,0,8192,41,5742140913
8261,120334374,65171092,185505466,63,0,1,1536,63,3909562488
8262,120338031,65169381,185507412,9,0,1,3072,9,5340170977
8263,120338578,43628285,163966863,9,0,0,12800,9,2369979667
8264,120341349,44670226,165011575,58,0,0,41472,58,5802793785
8265,120343232,43984906,164328138,55,0,0,62976,55,3807593236
8266,120346182,43916863,164263045,84,0,0,52736,84,2343408726
8267,120347832,43607106,163954938,90,0,0,37888,90,9651084786
8268,120348479,65160239,185508718,63,0,1,2048,63,2892096876
8269,120363329,43772329,164135658,18,0,0,34304,18,9711876084
8270,120370622,43993815,164364437,7,0,0,36864,7,146826899
8271,120373181,43857492,164230673,17,0,0,30720,17,7549043899
8272,120375390,43791202,164166592,86,0,0,82944,86,6453846261
8273,120384905,44791867,165176772,64,0,0,86528,64,6391788618
8274,120388234,65130134,185518368,27,0,1,5120,27,9463446836
8275,120388879,44893842,165282721,10,0,0,34304,10,7138398327
8276,120397064,43493486,163890550,76,0,0,10240,76,7171645420
8277,120399726,43528114,163927840,69,0,0,10752,69,4857860388
8278,120401245,43673664,164074909,77,0,0,2560,77,3262561636
8279,120402340,43671766,164074106,70,0,0,10240,70,741976018
8280,120415938,65105656,185521594,74,0,1,5120,74,8084507206
8281,120416215,65106967,185523182,8,0,1,15872,8,10053143932
8282,120419144,45479165,165898309,53,0,0,1536,53,6251161737
8283,120421115,43676264,164097379,35,0,0,13312,35,1587483936
8284,120424838,65101250,185526088,85,0,1,4608,85,6162277877
8285,120427699,43953786,164381485,53,0,0,40960,53,9481260649
8286,120428771,65101503,185530274,30,0,1,6656,30,782763144
8287,120432601,43569982,164002583,33,0,0,11776,33,464996525
8288,120435052,43756939,164191991,22,0,0,1024,22,7915711407
8289,120438828,44237221,164676049,70,0,0,17408,70,558128778
8290,120448025,44060126,164508151,64,0,0,22016,64,4668635244
8291,120449213,43859714,164308927,87,0,0,35840,87,2667079054
8292,120461249,43773347,164234596,5,0,0,12800,5,9316574624
8293,120466737,43813748,164280485,47,0,0,8192,47,10062090011
8294,120480279,43910429,164390708,8,0,0,9728,8,1863589302
8295,120480354,45694754,166175108,70,0,0,53760,70,2082948701
8296,120484055,43849098,164333153,8,0,0,16384,8,6208330689
8297,120490412,65040848,185531260,13,0,1,1536,13,2212984311
8298,120500159,43942153,164442312,78,0,0,17920,78,8596702875
8299,120502837,43700195,164203032,62,0,0,4096,62,2728283431
8300,120516098,43911707,164427805,95,0,0,26624,95,4469342573
8301,120519266,43814230,164333496,26,0,0,1024,26,3889854173
8302,120521658,43828347,164350005,98,0,0,7680,98,5093217294
8303,120534515,44032304,164566819,50,0,0,53248,50,3903502406
8304,120536541,43632414,164168955,31,0,0,7680,31,4917162758
8305,120557903,44207696,164765599,98,0,0,43008,98,4404754503
8306,120565846,44115842,164681688,7,0,0,18432,7,9716312923
8307,120569782,45679822,166249604,98,0,0,10752,98,4875562892
8308,120582366,45845278,166427644,53,0,0,16896,53,10478235282
8309,120586588,44315985,164902573,21,0,0,27648,21,7640516988
8310,120589327,44626145,165215472,2,0,0,52224,2,4431584344
8311,120589821,64944025,185533846,60,0,1,4096,60,6674655062
8312,120594509,44731381,165325890,42,0,0,40448,42,1674815108
8313,120595198,64938802,185534000,7,0,1,8704,7,8602575585
8314,120601033,64984723,185585756,56,0,1,86016,56,3200361603
8315,120604512,45913322,166517834,71,0,0,18432,71,3659943517
8316,120605505,45996719,166602224,89,0,0,57344,89,4104120129
8317,120615491,44051614,164667105,51,0,0,39424,51,9824437011
8318,120620752,43718577,164339329,78,0,0,12288,78,4699138883
8319,120623280,44110148,164733428,51,0,0,20992,51,10282290560
8320,120627204,43764307,164391511,66,0,0,2560,66,4824067096
8321,120629777,44191598,164821375,54,0,0,14336,54,780879983
8322,120637846,43930556,164568402,82,0,0,5120,82,3068739824
8323,120639837,64947225,185587062,54,0,1,2048,54,6856643256
8324,120644327,64956612,185600939,53,0,1,30208,53,2600099124
8325,120647963,43976924,164624887,14,0,0,37888,14,7364956619
8326,120651037,44833656,165484693,97,0,0,68608,97,3490029405
8327,120655367,43887260,164542627,29,0,0,2048,29,3881105874
8328,120656467,44121479,164777946,1,0,0,40448,1,2402066881
8329,120672532,46039341,166711873,79,0,0,36864,79,4399454085
8330,120676677,44017888,164694565,74,0,0,23040,74,3664993827
8331,120692436,44391906,165084342,3,0,0,7168,3,9026453087
8332,120698244,64949185,185647429,82,0,1,75776,82,10732254634
8333,120709246,44107063,164816309,57,0,0,8704,57,5003775279
8334,120711351,44152233,164863584,19,0,0,18944,19,8479645922
8335,120715214,44226755,164941969,97,0,0,14336,97,7892588106
8336,120717334,44091669,164809003,31,0,0,29184,31,2542824576
8337,120728144,65005329,185733473,16,0,1,142336,16,4585483458
8338,120732187,44604423,165336610,74,0,0,8192,74,9732910743
8339,120745657,44276861,165022518,13,0,0,35840,13,5592076499
8340,120750068,44082085,164832153,84,0,0,9216,84,8711768057
8341,120753491,44305056,165058547,85,0,0,19968,85,4912390074
8342,120769676,46087110,166856786,19,0,0,12288,19,3992839811
8343,120775317,64958310,185733627,17,0,1,8704,17,4340873084
8344,120778666,44194947,164973613,31,0,0,44032,31,5201595966
8345,120781512,44464074,165245586,61,0,0,79360,61,6450959260
8346,120791616,46284974,167076590,93,0,0,126976,93,6256227423
8347,120792496,46337326,167129822,14,0,0,75264,14,2651329170
8348,120800266,44391227,165191493,84,0,0,15872,84,3399312692
8349,120806230,44613062,165419292,22,0,0,94720,22,1321149186
8350,120807188,64929086,185736274,7,0,1,10752,7,7655711809
8351,120807770,44274365,165082135,51,0,0,47104,51,7293445773
8352,120809795,44241485,165051280,43,0,0,1024,43,4515437860
8353,120810544,44575092,165385636,30,0,0,6656,30,4753997753
8354,120813377,44289938,165103315,91,0,0,10752,91,5574901442
8355,120813460,44300847,165114307,33,0,0,4096,33,4784636973
8356,120815301,46398578,167213879,28,0,0,31744,28,2328638043
8357,120826763,44869045,165695808,85,0,0,105472,85,9668508313
8358,120834574,64913517,185748091,7,0,1,1536,7,1606312320
8359,120836286,44412131,165248417,27,0,0,9216,27,2427194675
8360,120853421,44323998,165177419,70,0,0,2048,70,6949348722
8361,120859882,44682343,165542225,72,0,0,20992,72,9548160439
8362,120862601,44331099,165193700,58,0,0,7168,58,8249010391
8363,120865473,44271163,165136636,54,0,0,4608,54,7069936705
8364,120866426,44649833,165516259,82,0,0,4096,82,1461759795
8365,120873464,44386338,165259802,14,0,0,17920,14,247704278
8366,120873854,44375210,165249064,87,0,0,2048,87,2842456063
8367,120884166,44651640,165535806,94,0,0,25088,94,8741677942
8368,120885673,44382338,165268011,0,0,0,13824,0,2116015142
8369,120890835,44381411,165272246,52,0,0,13824,52,5065389291
8370,120899226,44666443,165565669,33,0,0,10240,33,2402120707
8371,120910067,44389053,165299120,93,0,0,9728,93,2985003473
8372,120915764,64833953,185749717,87,0,1,2560,87,7922590035
8373,120920626,44877668,165798294,56,0,0,7168,56,2970296419
8374,120925050,64830991,185756041,27,0,1,22016,27,2181316100
8375,120925113,46436312,167361425,58,0,0,76288,58,6996891717
8376,120932155,44850577,165782732,87,0,0,29184,87,4626339920
8377,120939105,44834712,165773817,55,0,0,73728,55,9816382397
8378,120941822,44477961,165419783,49,0,0,1536,49,6962943897
8379,120948057,44765656,165713713,49,0,0,47104,49,2236993443
8380,120953043,44911185,165864228,66,0,0,6656,66,7766682550
8381,120956989,44652180,165609169,47,0,0,8704,47,6534200276
8382,120965509,64790686,185756195,8,0,1,8704,8,2015539235
8383,120965584,44680655,165646239,24,0,0,29184,24,3677346080
8384,120972079,44918837,165890916,46,0,0,32768,46,9514292786
8385,120972526,45211185,166183711,46,0,0,28160,46,3518553450
8386,120973342,44860871,165834213,21,0,0,14848,21,179248677
8387,120975186,44873052,165848238,72,0,0,36864,72,8476269239
8388,120984344,45298892,166283236,96,0,0,18432,96,3151655313
8389,120984997,45051332,166036329,2,0,0,29696,2,8554331264
8390,121008913,44710127,165719040,46,0,0,17408,46,10685722642
8391,121010267,44642703,165652970,59,0,0,22016,59,5913450487
8392,121010314,44566918,165577232,46,0,0,9728,46,4030607954
8393,121015048,44879011,165894059,65,0,0,10240,65,8470482677
8394,121020245,46421526,167441771,83,0,0,6144,83,3838027386
8395,121024044,45272804,166296848,61,0,0,29696,61,7213409374
8396,121026367,44997436,166023803,43,0,0,73216,43,7670296994
8397,121031799,45126906,166158705,68,0,0,53248,68,979102782
8398,121038919,44745552,165784471,86,0,0,5632,86,9973053241
8399,121043601,44860497,165904098,98,0,0,2048,98,9390839636
8400,121044955,44395665,165440620,71,0,0,512,71,5993413605
8401,121058427,44980947,166039374,61,0,0,1536,61,5885138120
8402,121064244,64692937,185757181,63,0,1,1536,63,6534131063
8403,121069384,64689423,185758807,13,0,1,2560,13,6527597705
8404,121099785,44971109,166070894,54,0,0,25088,54,8340683805
8405,121106095,64654556,185760651,51,0,1,25088,51,225448770
8406,121106730,45295927,166402657,67,0,0,87552,67,2674914265
8407,121108169,64656901,185765070,20,0,1,4608,20,5523459886
8408,121113137,44863851,165976988,82,0,0,20480,82,6534523185
8409,121117252,46479553,167596805,38,0,0,75264,38,8656149864
8410,121121665,64656686,185778351,76,0,1,6144,76,6927930550
8411,121122236,44847310,165969546,19,0,0,5120,19,10162770500
8412,121123791,45247567,166371358,53,0,0,34304,53,5589661346
8413,121124466,45005934,166130400,4,0,0,47104,4,7358797230
8414,121131626,46606437,167738063,37,0,0,74752,37,8749288740
8415,121133717,44947242,166080959,74,0,0,1536,74,10335768476
8416,121141250,44964686,166105936,50,0,0,9216,50,5812998248
8417,121144136,45187725,166331861,11,0,0,49664,11,8594378768
8418,121150287,64632481,185782768,94,0,1,17920,94,6125462949
8419,121152438,46643159,167795597,74,0,0,34816,74,1898149186
8420,121157777,44869481,166027258,65,0,0,11264,65,295479492
8421,121158201,46756322,167914523,80,0,0,35840,80,5234670472
8422,121165065,64802731,185967796,56,0,1,353280,56,8010747500
8423,121179309,44963149,166142458,13,0,0,27136,13,9403982381
8424,121191463,45276441,166467904,41,0,0,12288,41,7045840809
8425,121197068,45219734,166416802,81,0,0,4096,81,286200888
8426,121198501,64770678,185969179,94,0,1,14848,94,9175103255
8427,121207661,44830875,166038536,66,0,0,7168,66,459376768
8428,121210714,64770525,185981239,96,0,1,49152,96,5050584955
8429,121217753,45399314,166617067,41,0,0,48640,41,21698519
8430,121219119,45054831,166273950,21,0,0,31744,21,6076475731
8431,121220291,64766991,185987282,45,0,1,6144,45,5504861713
8432,121220308,64778433,185998741,66,0,1,7168,66,2676377226
8433,121226035,45464172,166690207,15,0,0,114688,15,7781943169
8434,121235978,64775344,186011322,21,0,1,13312,21,8791554173
8435,121239704,46897354,168137058,22,0,0,43008,22,6021905461
8436,121239842,45232754,166472596,30,0,0,4608,30,4270002712
8437,121246075,45380199,166626274,83,0,0,3072,83,5444574909
8438,121250290,45202248,166452538,67,0,0,25600,67,9053985021
8439,121259661,45998451,167258112,19,0,0,5120,19,1096907259
8440,121264076,45361239,166625315,27,0,0,12800,27,5232615217
8441,121274346,45233002,166507348,31,0,0,12800,31,9380567320
8442,121275074,46982731,168257805,62,0,0,50688,62,4087535449
8443,121285495,45014121,166299616,47,0,0,6656,47,7767510175
8444,121293023,45175372,166468395,49,0,0,1536,49,1688931159
8445,121293625,45406993,166700618,66,0,0,19456,66,6752548900
8446,121294783,64729403,186024186,64,0,1,14848,64,6234002765
8447,121304474,45879664,167184138,74,0,0,7680,74,5984419869
8448,121305370,45389251,166694621,31,0,0,14336,31,10696488365
8449,121311132,46020338,167331470,12,0,0,512,12,6865464600
8450,121312353,45502506,166814859,80,0,0,25600,80,9957131514
8451,121317406,44957503,166274909,53,0,0,3072,53,9402921735
8452,121321830,45626815,166948645,37,0,0,11776,37,2665111123
8453,121324048,45459091,166783139,70,0,0,14336,70,8503683090
8454,121331374,64695078,186026452,45,0,1,3584,45,4369287960
8455,121331436,64735005,186066441,56,0,1,91648,56,6984556602
8456,121333290,45473746,166807036,17,0,0,6656,17,7263782791
8457,121333457,45750112,167083569,3,0,0,10752,3,4053662508
8458,121337326,45479008,166816334,43,0,0,512,43,5307898242
8459,121338841,46078007,167416848,31,0,0,4608,31,6104251661
8460,121346910,64720965,186067875,55,0,1,23040,55,10337378114
8461,121347280,45457705,166804985,79,0,0,54272,79,8561283180
8462,121354700,45418464,166773164,73,0,0,6144,73,3055910043
8463,121359209,64732344,186091553,22,0,1,31744,22,1683162612
8464,121359283,45613149,166972432,5,0,0,7168,5,9565968073
8465,121360510,45580969,166941479,9,0,0,67584,9,7006141856
8466,121361294,45166936,166528230,45,0,0,4096,45,8449444411
8467,121372512,45125934,166498446,8,0,0,7168,8,6381768540
8468,121377037,45517883,166894920,30,0,0,37888,30,8218329101
8469,121385352,64713507,186098859,32,0,1,6656,32,9246108560
8470,121386982,45693288,167080270,12,0,0,6656,12,8889046714
8471,121396652,45771599,167168251,56,0,0,1536,56,9802600573
8472,121399248,45153274,166552522,1,0,0,1536,1,183661998
8473,121408676,45407142,166815818,88,0,0,3072,88,1571295243
8474,121408862,47134765,168543627,45,0,0,9728,45,7666098300
8475,121413524,45624309,167037833,21,0,0,30208,21,1181154321
8476,121414449,47101988,168516437,33,0,0,101376,33,5214630735
8477,121424234,45743526,167167760,6,0,0,11776,6,20759249
8478,121428973,45720738,167149711,63,0,0,37888,63,3642419222
8479,121434891,45726484,167161375,25,0,0,20992,25,2373974631
8480,121435769,64666663,186102432,95,0,1,11264,95,4062166124
8481,121437480,45873797,167311277,81,0,0,13824,81,1931802893
8482,121443837,45401716,166845553,59,0,0,4096,59,5438916031
8483,121445269,45438076,166883345,5,0,0,11264,5,3250456227
8484,121447051,45879381,167326432,52,0,0,49664,52,4517196922
8485,121450471,45204468,166654939,32,0,0,8704,32,1351287274
8486,121455559,45450772,166906331,19,0,0,37376,19,221055157
8487,121456157,45423733,166879890,90,0,0,18432,90,3999933933
8488,121457566,64646172,186103738,45,0,1,2048,45,7160529495
8489,121470217,45960802,167431019,90,0,0,6144,90,2461926784
8490,121471209,45860082,167331291,35,0,0,15872,35,4245986510
8491,121486484,45620375,167106859,69,0,0,62976,69,9657179877
8492,121489744,64619179,186108923,34,0,1,16384,34,430033369
8493,121494464,47116550,168611014,79,0,0,2560,79,1361015194
8494,121497300,46045525,167542825,45,0,0,38912,45,3526831440
8495,121511287,46136204,167647491,79,0,0,37888,79,8793829016
8496,121516779,45310280,166827059,98,0,0,4608,98,2936917174
8497,121516866,46091763,167608629,67,0,0,12288,67,4209725684
8498,121518825,45451392,166970217,35,0,0,8704,35,10105481638
8499,121519383,64590206,186109589,64,0,1,1024,64,1227911427
8500,121529246,45996194,167525440,61,0,0,111616,61,1694901820
8501,121543209,45932180,167475389,43,0,0,54272,43,3832664551
8502,121545136,45731017,167276153,27,0,0,24576,27,2344573983
8503,121546015,46572543,168118558,23,0,0,30720,23,2350585179
8504,121547505,46342100,167889605,86,0,0,4096,86,2447292803
8505,121565613,45512560,167078173,99,0,0,5120,99,3937338175
8506,121579580,45572182,167151762,43,0,0,6656,43,4531826830
8507,121585835,46048356,167634191,52,0,0,33280,52,8926386634
8508,121590932,45798819,167389751,91,0,0,44032,91,5775280431
8509,121597440,45370102,166967542,37,0,0,1536,37,3266650612
8510,121604078,45534066,167138144,92,0,0,22528,92,6630066365
8511,121611008,64498927,186109935,13,0,1,512,13,4900667288
8512,121616263,45514994,167131257,31,0,0,4608,31,10687391957
8513,121621979,47098374,168720353,2,0,0,4608,2,2069841543
8514,121629646,45994382,167624028,77,0,0,25600,77,3944348237
8515,121631021,46077759,167708780,78,0,0,6656,78,2489555932
8516,121651671,46319218,167970889,10,0,0,34816,10,5698766991
8517,121653055,45781738,167434793,37,0,0,11776,37,1346984015
8518,121660213,46226983,167887196,88,0,0,110080,88,2433290178
8519,121662533,46798980,168461513,42,0,0,82432,42,4525848109
8520,121666616,45421032,167087648,46,0,0,13312,46,5166354162
8521,121670927,45509507,167180434,13,0,0,13312,13,100785194
8522,121675053,46213281,167888334,66,0,0,2560,66,3996713820
8523,121675720,64437761,186113481,63,0,1,5632,63,1949388883
8524,121678834,46061467,167740301,13,0,0,7168,13,9607434551
8525,121689126,64425661,186114787,35,0,1,2048,35,465794555
8526,121694666,46406351,168101017,15,0,0,91648,15,1108842037
8527,121708601,64406340,186114941,54,0,1,8704,54,2109050117
8528,121715391,45482526,167197917,56,0,0,10240,56,7087845021
8529,121718360,64397247,186115607,52,0,1,1024,52,7953158349
8530,121719975,45934091,167654066,30,0,0,21504,30,4642486612
8531,121720153,45449095,167169248,9,0,0,1536,9,4580711898
8532,121720995,45562045,167283040,80,0,0,22528,80,8508810399
8533,121723279,64393634,186116913,52,0,1,2048,52,6617317087
8534,121729342,47248059,168977401,34,0,0,43520,34,1610827058
8535,121737245,45754164,167491409,11,0,0,36864,11,2744994962
8536,121740242,45636070,167376312,46,0,0,7680,46,6309756685
8537,121740670,45974594,167715264,82,0,0,10240,82,9168467035
8538,121748049,45490185,167238234,18,0,0,3072,18,3523447522
8539,121750110,64371335,186121445,80,0,1,7168,80,4628529172
8540,121753769,46961546,168715315,53,0,0,63488,53,8511893542
8541,121754096,47131767,168885863,15,0,0,19456,15,9889351022
8542,121758405,47319657,169078062,63,0,0,71680,63,1976726843
8543,121764663,45761892,167526555,59,0,0,3584,59,10096919817
8544,121766226,64359405,186125631,54,0,1,6656,54,2926041030
8545,121768448,46473890,168242338,1,0,0,73216,1,3344102275
8546,121773473,47417528,169191001,85,0,0,16384,85,5090568083
8547,121776037,45629212,167405249,64,0,0,512,64,3986859090
8548,121782887,45748059,167530946,41,0,0,14336,41,2450843125
8549,121784280,64345781,186130061,24,0,1,16896,24,9647238224
8550,121815558,45870508,167686066,85,0,0,3584,85,602491316
8551,121818282,47633519,169451801,69,0,0,7680,69,794183051
8552,121828475,45721606,167550081,71,0,0,5632,71,7450769597
8553,121837098,46267686,168104784,7,0,0,12288,7,1836524281
8554,121845412,46052952,167898364,33,0,0,28672,33,5797800893
8555,121846644,45821651,167668295,15,0,0,16384,15,6067048076
8556,121853488,46091678,167945166,27,0,0,4096,27,8101812077
8557,121863748,46986638,168850386,50,0,0,32256,50,10720126322
8558,121874155,45979478,167853633,97,0,0,15360,97,7524655702
8559,121875080,46137987,168013067,46,0,0,35328,46,9482898650
8560,121877424,46108779,167986203,93,0,0,10752,93,6749479008
8561,121884169,45822257,167706426,60,0,0,24064,60,7481541132
8562,121888168,46026846,167915014,87,0,0,1536,87,10306160224
8563,121889415,64266020,186155435,1,0,1,56832,1,308974111
8564,121899229,45699471,167598700,83,0,0,6144,83,224348181
8565,121899262,64260039,186159301,26,0,1,6144,26,6260165513
8566,121905929,46213120,168119049,86,0,0,1536,86,5980179639
8567,121906085,46255630,168161715,74,0,0,19968,74,659195644
8568,121914281,46138947,168053228,57,0,0,6656,57,9451477078
8569,121915825,46382941,168298766,39,0,0,35840,39,7193323533
8570,121924565,46451123,168375688,63,0,0,14848,63,2316532614
8571,121932266,46589209,168521475,7,0,0,14336,7,735168172
8572,121934628,47628451,169563079,73,0,0,39424,73,3347481229
8573,121937403,45826485,167763888,82,0,0,19968,82,1385478628
8574,121951213,64218678,186169891,97,0,1,36864,97,4876570851
8575,121959117,46055533,168014650,59,0,0,5120,59,5533588755
8576,121964785,46086392,168051177,35,0,0,36352,35,9941184285
8577,121965194,46936609,168901803,84,0,0,13824,84,62063270
8578,121971916,46678848,168650764,6,0,0,41984,6,4805370990
8579,121972661,46446444,168419105,85,0,0,22528,85,4775013547
8580,121974818,64195419,186170237,35,0,1,512,35,8131231437
8581,121977058,46975107,168952165,30,0,0,1024,30,9123458200
8582,121983046,64189137,186172183,64,0,1,3072,64,4973457504
8583,122002237,46106938,168109175,79,0,0,14336,79,4997900571
8584,122005989,46337671,168343660,87,0,0,17920,87,5449397017
8585,122009403,45921658,167931061,71,0,0,25088,71,3766713798
8586,122010524,47742050,169752574,98,0,0,80384,98,1105659185
8587,122011772,47932997,169944769,10,0,0,48640,10,340347243
8588,122013756,46755922,168769678,98,0,0,73216,98,5682491569
8589,122031199,45912696,167943895,88,0,0,25088,88,2092809502
8590,122033337,46174635,168207972,27,0,0,31744,27,620831628
8591,122043371,64140257,186183628,74,0,1,46080,74,3365260411
8592,122051968,46067728,168119696,23,0,0,2048,23,1617430129
8593,122052642,45981127,168033769,50,0,0,32256,50,6429168598
8594,122064688,45780731,167845419,77,0,0,9728,77,8045454322
8595,122067670,46538454,168606124,32,0,0,27136,32,8963505416
8596,122069937,64114050,186183987,5,0,1,9728,5,8297661054
8597,122070799,64117116,186187915,67,0,1,22016,67,7460404039
8598,122075098,45812433,167887531,92,0,0,1024,92,5081728402
8599,122077261,46142746,168220007,38,0,0,39424,38,4269058011
8600,122087989,64114348,186202337,30,0,1,27648,30,3867920796
8601,122095028,46090723,168185751,18,0,0,33280,18,8878513989
8602,122104549,64099414,186203963,13,0,1,2560,13,8943727297
8603,122109397,46014534,168123931,6,0,0,13824,6,6293920467
8604,122118618,46183915,168302533,93,0,0,9728,93,2024650433
8605,122123689,45894416,168018105,27,0,0,11264,27,4802576811
8606,122125060,46155513,168280573,2,0,0,43520,2,2144572614
8607,122126042,64079201,186205243,27,0,1,14336,27,7572912798
8608,122129184,64102220,186231404,3,0,1,10240,3,682879699
8609,122129804,46042074,168171878,60,0,0,33280,60,8748164260
8610,122138232,64098318,186236550,13,0,1,8192,13,9300483941
8611,122142912,46411192,168554104,92,0,0,5632,92,8314773794
8612,122147251,46050691,168197942,81,0,0,39936,81,3937007855
8613,122154844,64088992,186243836,1,0,1,6656,1,5913130722
8614,122163700,46034577,168198277,25,0,0,1024,25,8578346063
8615,122180223,46295353,168475576,22,0,0,46080,22,3975740424
8616,122180412,46914997,169095409,53,0,0,56832,53,1389366873
8617,122199415,46120070,168319485,89,0,0,17408,89,7804206829
8618,122205363,46468356,168673719,81,0,0,75264,81,6070136426
8619,122212518,46798213,169010731,1,0,0,35840,1,10021755199
8620,122219111,46565589,168784700,81,0,0,48128,81,5784165132
8621,122223948,45841653,168065601,37,0,0,3072,37,4925362936
8622,122224762,64032824,186257586,82,0,1,46592,82,9658194603
8623,122225182,46255097,168480279,37,0,0,15360,37,8287009184
8624,122232611,46179561,168412172,27,0,0,12288,27,4849325052
8625,122240957,64103274,186344231,82,0,1,173056,82,2645767963
8626,122248166,46864971,169113137,52,0,0,5120,52,954502874
8627,122248563,46586138,168834701,38,0,0,1024,38,1687244071
8628,122249146,46469780,168718926,48,0,0,11776,48,3775143121
8629,122259828,46280812,168540640,3,0,0,16896,3,3970867515
8630,122266404,46214524,168480928,66,0,0,1536,66,2128128375
8631,122271239,64077818,186349057,32,0,1,7680,32,2221319451
8632,122272734,64078935,186351669,17,0,1,4096,17,9645857338
8633,122276923,46240161,168517084,15,0,0,2048,15,5117001574
8634,122277908,46343829,168621737,45,0,0,6144,45,734236291
8635,122285505,46344944,168630449,81,0,0,17408,81,3432091365
8636,122287036,46035904,168322940,84,0,0,11264,84,281863997
8637,122291469,47024088,169315557,92,0,0,5632,92,7180175815
8638,122299825,46437711,168737536,47,0,0,56320,47,6008697046
8639,122303233,46517717,168820950,92,0,0,64512,92,2645478119
8640,122303320,64049015,186352335,67,0,1,1024,67,6238685336
8641,122311055,64042906,186353961,7,0,1,2560,7,3745171896
8642,122322019,46861914,169183933,30,0,0,48640,30,10735924634
8643,122341820,64014087,186355907,99,0,1,3072,99,9290400573
8644,122344547,46518373,168862920,78,0,0,32256,78,2914837705
8645,122349011,46766021,169115032,74,0,0,6144,74,1595173539
8646,122351216,46340801,168692017,27,0,0,59392,27,6361361930
8647,122363347,46939632,169302979,22,0,0,9728,22,4238431880
8648,122370488,46227345,168597833,10,0,0,18432,10,6088030855
8649,122374821,46299077,168673898,41,0,0,512,41,303312768
8650,122378206,46619882,168998088,53,0,0,32768,53,6798517267
8651,122378452,46231751,168610203,7,0,0,13312,7,10400182533
8652,122378683,46501229,168879912,42,0,0,19968,42,10600247051
8653,122378962,46445911,168824873,92,0,0,12800,92,2707777368
8654,122388265,46307675,168695940,56,0,0,12800,56,545944018
8655,122391190,47038858,169430048,24,0,0,35328,24,8015509626
8656,122402733,46367280,168770013,90,0,0,1024,90,5955370771
8657,122404337,47263973,169668310,74,0,0,57344,74,7319187809
8658,122404586,46575022,168979608,77,0,0,7168,77,2569985903
8659,122405514,46694933,169100447,92,0,0,14848,92,5548855749
8660,122415194,46419172,168834366,29,0,0,10752,29,4705224212
8661,122417200,46694346,169111546,84,0,0,36352,84,4905476059
8662,122421623,47106632,169528255,66,0,0,15872,66,6249097093
8663,122428194,47414621,169842815,37,0,0,2560,37,6523276744
8664,122433130,47294929,169728059,4,0,0,46592,4,5427936382
8665,122436648,63922805,186359453,74,0,1,17920,74,3718929283
8666,122441342,46556925,168998267,7,0,0,512,7,7583235386
8667,122441988,47320327,169762315,51,0,0,4096,51,1920234195
8668,122444847,63927740,186372587,72,0,1,1536,72,6587565022
8669,122455045,47615372,170070417,88,0,0,60416,88,10533061159
8670,122470224,46785451,169255675,45,0,0,31744,45,9629008423
8671,122473283,63899650,186372933,66,0,1,512,66,10088470119
8672,122474431,46944830,169419261,19,0,0,37888,19,3124782949
8673,122478460,46883722,169362182,85,0,0,26112,85,1560554009
8674,122479861,46719994,169199855,11,0,0,7680,11,6690181053
8675,122516089,47620547,170136636,19,0,0,42496,19,1604990365
8676,122516218,63961401,186477619,30,0,1,186368,30,9723990122
8677,122527500,46486530,169014030,67,0,0,10752,67,1009132263
8678,122533410,47759177,170292587,59,0,0,6656,59,770656662
8679,122548435,47866014,170414449,82,0,0,12800,82,9695524240
8680,122549366,46913647,169463013,27,0,0,25088,27,2153918269
8681,122551258,47069303,169620561,81,0,0,62976,81,5804580776
8682,122553216,46299845,168853061,54,0,0,8704,54,2395463171
8683,122557942,63935962,186493904,54,0,1,9216,54,4591605307
8684,122559138,47988973,170548111,5,0,0,11776,5,1227417998
8685,122560102,47020907,169581009,47,0,0,12800,47,1407624827
8686,122561835,63934655,186496490,35,0,1,4096,35,6802476482
8687,122568221,63929895,186498116,1,0,1,2560,1,1286890964
8688,122583254,63954758,186538012,47,0,1,110592,47,8900153173
8689,122589424,64062879,186652303,16,0,1,211456,16,9258502537
8690,122594174,46546592,169140766,92,0,0,42496,92,6750186231
8691,122598160,46974614,169572774,24,0,0,31744,24,6625718539
8692,122601315,46947687,169549002,4,0,0,36864,4,7374878029
8693,122601859,46286367,168888226,27,0,0,7680,27,3646913734
8694,122606676,46554703,169161379,69,0,0,20480,69,7264665162
8695,122612105,47083784,169695889,55,0,0,86016,55,2986654058
8696,122615488,64039522,186655010,59,0,1,27136,59,7058318247
8697,122625552,46645147,169270699,10,0,0,4608,10,9200025491
8698,122625874,46430325,169056199,42,0,0,24576,42,1243307049
8699,122650938,46582222,169233160,49,0,0,26112,49,6741354494
8700,122651699,46573295,169224994,18,0,0,82432,18,7801327198
8701,122653839,47232418,169886257,52,0,0,17920,52,4005261917
8702,122669715,46426185,169095900,35,0,0,1536,35,5395213875
8703,122676004,46521488,169197492,90,0,0,9216,90,8969542662
8704,122678200,46609827,169288027,62,0,0,16384,62,10504869054
8705,122680568,63977667,186658235,80,0,1,512,80,6735865686
8706,122687033,47302673,169989706,48,0,0,33792,48,10018008879
8707,122689583,47071461,169761044,13,0,0,15872,13,10568501007
8708,122691557,47184647,169876204,83,0,0,10240,83,270495329
8709,122697082,46609552,169306634,83,0,0,5120,83,5983273753
8710,122700153,48168702,170868855,78,0,0,23552,78,4384789331
8711,122705708,48266845,170972553,68,0,0,19968,68,510216558
8712,122714479,47041706,169756185,55,0,0,11776,55,5757392026
8713,122715069,47250500,169965569,6,0,0,1024,6,4601930971
8714,122719232,63959475,186678707,19,0,1,28160,19,10479213996
8715,122721628,63958705,186680333,87,0,1,2560,87,4997785753
8716,122725260,46925478,169650738,21,0,0,68096,21,9429780300
8717,122734613,46548399,169283012,34,0,0,23040,34,6145700374
8718,122738839,46623678,169362517,81,0,0,1024,81,9399392152
8719,122739228,63943051,186682279,99,0,1,3072,99,9924979451
8720,122740133,46647471,169387604,62,0,0,2560,62,7915800626
8721,122744332,63939253,186683585,3,0,1,2048,3,6161299149
8722,122745076,46704362,169449438,99,0,0,33280,99,4348921276
8723,122761496,46677779,169439275,49,0,0,30208,49,6565740261
8724,122765485,46689459,169454944,88,0,0,10240,88,2226535886
8725,122771641,46453532,169225173,61,0,0,512,61,5082125895
8726,122774688,63913403,186688091,11,0,1,7168,11,4342307167
8727,122775111,47348554,170123665,98,0,0,23552,98,1914696822
8728,122777731,63915532,186693263,80,0,1,8192,80,3932597302
8729,122783848,46725561,169509409,84,0,0,6144,84,10682164686
8730,122790870,47384362,170175232,52,0,0,87040,52,2248630096
8731,122793698,47212304,170006002,84,0,0,3584,84,8405369574
8732,122797163,63899672,186696835,69,0,1,5632,69,2731795798
8733,122800747,47145316,169946063,40,0,0,3584,40,6936754674
8734,122815799,63882112,186697911,99,0,1,13312,99,2350863515
8735,122817173,47456617,170273790,7,0,0,61440,7,4364150942
8736,122818466,46731697,169550163,91,0,0,3584,91,5984900698
8737,122825118,46751899,169577017,78,0,0,13824,78,3744514530
8738,122827404,63878559,186705963,7,0,1,12800,7,10700613422
8739,122829892,63881161,186711053,90,0,1,11776,90,6242305960
8740,122846879,46783088,169629967,32,0,0,30720,32,10402531869
8741,122852545,46980579,169833124,48,0,0,9216,48,4702359787
8742,122856233,47154160,170010393,93,0,0,14336,93,4855169057
8743,122858918,47086030,169944948,13,0,0,512,13,5913716874
8744,122860695,46923061,169783756,71,0,0,22016,71,9498313522
8745,122875163,47415373,170290536,79,0,0,15872,79,9170830915
8746,122878684,47173302,170051986,67,0,0,41984,67,5402372423
8747,122879707,46720811,169600518,69,0,0,2048,69,5979537248
8748,122883548,63830091,186713639,11,0,1,4096,11,7144956648
8749,122891543,47179053,170070596,97,0,0,512,97,3370546066
8750,122891936,46987817,169879753,83,0,0,6656,83,8904490902
8751,122893464,47490048,170383512,73,0,0,32256,73,713231016
8752,122896666,63828454,186725120,7,0,1,12288,7,8934623015
8753,122899471,63825803,186725274,63,0,1,8704,63,6102874676
8754,122900633,63843820,186744453,45,0,1,20992,45,6594057051
8755,122901910,47240700,170142610,46,0,0,17408,46,5783259389
8756,122905982,63847082,186753064,1,0,1,28160,1,7009844929
8757,122918380,46915079,169833459,79,0,0,1024,79,1848219479
8758,122918917,63836413,186755330,75,0,1,3584,75,856270696
8759,122931824,63828678,186760502,48,0,1,8192,48,1394783801
8760,122940043,46867329,169807372,28,0,0,20480,28,8567567571
8761,122943502,48157884,171101386,11,0,0,51200,11,286355799
8762,122946009,46955006,169901015,68,0,0,32256,68,5816184245
8763,122954421,47251939,170206360,68,0,0,3072,68,10515138110
8764,122954553,47229750,170184303,26,0,0,29696,26,9436365334
8765,122966972,48441947,171408919,71,0,0,48128,71,1981496663
8766,122968634,46843441,169812075,47,0,0,15360,47,6332763145
8767,122982404,47471871,170454275,61,0,0,28672,61,3759130476
8768,122988394,47671455,170659849,19,0,0,139264,19,10009771983
8769,123001846,63759642,186761488,89,0,1,1536,89,2639145687
8770,123002016,47576399,170578415,57,0,0,20480,57,9113454105
8771,123002569,47533337,170535906,44,0,0,2048,44,6125654461
8772,123005727,63758347,186764074,53,0,1,4096,53,6798424870
8773,123017333,48602397,171619730,41,0,0,136192,41,4237521672
8774,123018854,47128402,170147256,53,0,0,4608,53,8236994307
8775,123020417,47265252,170285669,65,0,0,38912,65,2241262902
8776,123022684,47441910,170464594,89,0,0,33792,89,1934224819
8777,123023817,47451150,170474967,17,0,0,7168,17,4802007874
8778,123035485,46884150,169919635,57,0,0,20480,57,8568464389
8779,123042352,47342743,170385095,98,0,0,5120,98,6827049514
8780,123048022,47397494,170445516,31,0,0,101888,31,10062284829
8781,123049268,47320972,170370240,10,0,0,22016,10,6397349160
8782,123054575,47738708,170793283,22,0,0,9216,22,10471877564
8783,123061379,47683953,170745332,71,0,0,79360,71,9766176301
8784,123062003,47491263,170553266,90,0,0,10752,90,3232352820
8785,123065297,47484576,170549873,63,0,0,5632,63,4276431990
8786,123070838,63693902,186764740,99,0,1,1024,99,8536920318
8787,123072102,47649027,170721129,39,0,0,27648,39,3634756421
8788,123076079,47163727,170239806,2,0,0,14848,2,6823165456
8789,123083174,63681720,186764894,52,0,1,8704,52,4888161224
8790,123083496,47916122,170999618,88,0,0,20480,88,495824484
8791,123089738,47591974,170681712,0,0,0,71680,0,7835134687
8792,123093178,47766523,170859701,95,0,0,38400,95,3314598216
8793,123097199,47401532,170498731,30,0,0,61440,30,6997741193
8794,123097874,47855765,170953639,38,0,0,5632,38,1904542016
8795,123100765,47710922,170811687,25,0,0,19456,25,3835463252
8796,123103808,47848092,170951900,0,0,0,71680,0,7296220902
8797,123105915,48135876,171241791,50,0,0,15360,50,3524564851
8798,123110064,63666809,186776873,20,0,1,5120,20,8400908928
8799,123114061,47023222,170137283,18,0,0,2048,18,9556453623
8800,123114896,48279259,171394155,9,0,0,78336,9,1308410486
8801,123116975,47587917,170704892,73,0,0,37888,73,3528328264
8802,123132410,47573643,170706053,64,0,0,1024,64,3048034379
8803,123133720,47979389,171113109,59,0,0,38400,59,9395671722
8804,123150588,63633417,186784005,39,0,1,41984,39,5227553894
8805,123161445,63625466,186786911,34,0,1,4608,34,8027582458
8806,123169915,63621502,186791417,72,0,1,7168,72,9905296301
8807,123173469,47519209,170692678,29,0,0,23040,29,78510868
8808,123177566,47343833,170521399,85,0,0,14848,85,2791928199
8809,123190500,47894921,171085421,19,0,0,89600,19,5021809330
8810,123190677,47275508,170466185,31,0,0,5120,31,5758471012
8811,123196126,63605529,186801655,77,0,1,9216,77,4809151787
8812,123200320,63602321,186802641,0,0,1,1536,0,10285618091
8813,123201879,47491446,170693325,85,0,0,2048,85,9922442917
8814,123205982,47599754,170805736,43,0,0,37376,43,4591648117
8815,123209527,47263233,170472760,11,0,0,21504,11,533745907
8816,123210635,48312108,171522743,37,0,0,100352,37,10229274290
8817,123228662,47306597,170535259,22,0,0,44032,22,7550247101
8818,123231110,63576404,186807514,53,0,1,10240,53,2536342370
8819,123233856,47451779,170685635,86,0,0,12800,86,2240111783
8820,123239285,47941515,171180800,57,0,0,30208,57,9521364677
8821,123261434,48273436,171534870,59,0,0,24064,59,8271660659
8822,123273487,47439195,170712682,86,0,0,21504,86,1665336306
8823,123278492,47743012,171021504,49,0,0,36352,49,10029846807
8824,123297254,63518001,186815255,56,0,1,26624,56,5310039647
8825,123304388,47300610,170604998,6,0,0,4096,6,7419183939
8826,123304428,47510834,170815262,87,0,0,6144,87,3572943372
8827,123305631,63717903,187023534,24,0,1,387072,24,8595021522
8828,123308042,47440909,170748951,23,0,0,11776,23,3699861155
8829,123310492,47905256,171215748,24,0,0,20992,24,7583544372
8830,123317653,47387574,170705227,5,0,0,1024,5,4867421616
8831,123323043,47988850,171311893,8,0,0,5120,8,10585128133
8832,123323729,48562896,171886625,15,0,0,50688,15,6855430271
8833,123325755,48376875,171702630,52,0,0,52736,52,9814654334
8834,123325763,63698757,187024520,89,0,1,1536,89,7905264961
8835,123327480,47982830,171310310,93,0,0,60928,93,2956097460
8836,123328727,63696139,187024866,60,0,1,512,60,585997881
8837,123332384,48102276,171434660,82,0,0,39424,82,10594918287
8838,123344137,47666268,171010405,29,0,0,35328,29,10652646095
8839,123350595,63678457,187029052,64,0,1,6656,64,2286951101
8840,123352369,47398649,170751018,65,0,0,6656,65,2773683491
8841,123360513,47670530,171031043,28,0,0,31232,28,285417506
8842,123361339,47519333,170880672,37,0,0,20992,37,7600965328
8843,123361554,63668369,187029923,48,0,1,12288,48,772796853
8844,123364785,47340933,170705718,10,0,0,1536,10,6035972058
8845,123364795,48280386,171645181,38,0,0,83456,38,6840733975
8846,123368912,47551834,170920746,66,0,0,10240,66,7260649205
8847,123377871,47599853,170977724,53,0,0,16896,53,6762399749
8848,123386929,63758114,187145043,47,0,1,202240,47,8534544870
8849,123388983,47811424,171200407,39,0,0,25088,39,9529702899
8850,123392578,63760243,187152821,75,0,1,10752,75,6099246987
8851,123400220,48263873,171664093,13,0,0,23552,13,165581251
8852,123406495,63747709,187154204,84,0,1,14848,84,4424061025
8853,123407677,63823396,187231073,16,0,1,167936,16,10534089965
8854,123415420,47768523,171183943,30,0,0,10240,30,7597783331
8855,123425897,47735083,171160980,66,0,0,2560,66,4182382147
8856,123429730,47842421,171272151,52,0,0,4096,52,6221939550
8857,123430866,63832423,187263289,21,0,1,77824,21,3624898136
8858,123431740,47600106,171031846,83,0,0,2560,83,2359774206
8859,123432663,47718845,171151508,61,0,0,8704,61,8028550259
8860,123440639,47929625,171370264,8,0,0,12800,8,10146777677
8861,123441133,47512685,170953818,98,0,0,512,98,4920400552
8862,123446659,48123036,171569695,43,0,0,12288,43,1595776475
8863,123451939,48230296,171682235,99,0,0,50176,99,10497545156
8864,123457073,63810402,187267475,11,0,1,6656,11,2786190628
8865,123457694,47880677,171338371,90,0,0,78336,90,1523988530
8866,123460323,48297187,171757510,51,0,0,14336,51,1902397895
8867,123470166,47944382,171414548,26,0,0,12288,26,5051559075
8868,123470444,47773242,171243686,47,0,0,6144,47,1189569181
8869,123489334,48334899,171824233,0,0,0,3584,0,7207052514
8870,123492208,63779827,187272035,9,0,1,14848,9,2130055551
8871,123495303,48457840,171953143,39,0,0,27648,39,4131028949
8872,123497670,47949461,171447131,30,0,0,12800,30,8574372366
8873,123506945,47859396,171366341,53,0,0,49152,53,2118670732
8874,123513277,47750777,171264054,54,0,0,58880,54,7509924410
8875,123521508,47949043,171470551,80,0,0,10752,80,1240211100
8876,123521773,48198642,171720415,52,0,0,18944,52,10141925211
8877,123523691,47968453,171492144,93,0,0,45568,93,97362947
8878,123528244,47914964,171443208,9,0,0,26112,9,6510655032
8879,123528474,47822868,171351342,17,0,0,42496,17,43247839
8880,123534793,48458225,171993018,2,0,0,33792,2,2489322141
8881,123536923,48438128,171975051,93,0,0,6144,93,5236918454
8882,123538644,48390897,171929541,48,0,0,4096,48,9502662345
8883,123543311,47867470,171410781,52,0,0,5632,52,514593418
8884,123545708,48032434,171578142,56,0,0,27648,56,7110329243
8885,123546445,48167463,171713908,21,0,0,34304,21,9696638808
8886,123548799,48118125,171666924,0,0,0,9216,0,1665086277
8887,123554071,47913181,171467252,56,0,0,45568,56,3557407947
8888,123556389,63721917,187278306,47,0,1,16384,47,9892273463
8889,123573419,48271273,171844692,57,0,0,67072,57,3729050384
8890,123577121,48392953,171970074,15,0,0,5632,15,7786502349
8891,123587311,47940204,171527515,23,0,0,15360,23,6428714003
8892,123595165,48425600,172020765,54,0,0,18944,54,1274409693
8893,123604580,48044610,171649190,80,0,0,12800,80,6203626298
8894,123606788,63675598,187282386,84,0,1,5120,84,6543292665
8895,123612832,48090601,171703433,6,0,0,2560,6,6654902680
8896,123621711,48061951,171683662,43,0,0,4608,43,1235180475
8897,123621715,63663897,187285612,63,0,1,5120,63,10440480575
8898,123626645,63664457,187291102,25,0,1,10752,25,4585577228
8899,123638217,48097353,171735570,13,0,0,49664,13,9375688846
8900,123643788,48686821,172330609,58,0,0,35840,58,7162016156
8901,123647527,63697153,187344680,18,0,1,110592,18,769644736
8902,123648287,48209064,171857351,23,0,0,41472,23,1630431356
8903,123650149,48124244,171774393,91,0,0,12288,91,6857440517
8904,123650614,48035925,171686539,48,0,0,8704,48,3868592117
8905,123656511,63692995,187349506,54,0,1,7680,54,8561220672
8906,123668775,48154320,171823095,69,0,0,57344,69,10237715472
8907,123670131,48110700,171780831,54,0,0,14336,54,10686496983
8908,123671532,48817155,172488687,88,0,0,34816,88,5353131089
8909,123678152,48005689,171683841,47,0,0,512,47,208325593
8910,123684280,63668452,187352732,64,0,1,5120,64,10562350066
8911,123689011,63730020,187419031,21,0,1,113152,21,7296007834
8912,123691112,48528174,172219286,7,0,0,62464,7,1456118576
8913,123698943,48620723,172319666,19,0,0,9216,19,7779195022
8914,123700264,48261905,171962169,53,0,0,8704,53,7195114782
8915,123700542,63893646,187594188,19,0,1,341504,19,3420807755
8916,123701640,63932926,187634566,6,0,1,88576,6,5712748848
8917,123705458,48668203,172373661,56,0,0,46592,56,1720683101
8918,123707802,48056595,171764397,70,0,0,22528,70,1811571243
8919,123715443,48350282,172065725,92,0,0,36352,92,7784924259
8920,123719599,48355681,172075280,79,0,0,19456,79,8346334075
8921,123722957,48288832,172011789,37,0,0,4608,37,6999650512
8922,123738740,48597672,172336412,84,0,0,18944,84,6264587912
8923,123739843,48423436,172163279,31,0,0,32768,31,949028929
8924,123746971,48250594,171997565,89,0,0,14848,89,3801854302
8925,123751005,63898184,187649189,72,0,1,14848,72,10233078145
8926,123752377,63900529,187652906,45,0,1,4096,45,5041522016
8927,123754676,63907490,187662166,17,0,1,22016,17,3840121848
8928,123758677,48046923,171805600,96,0,0,9728,96,7410654946
8929,123768866,48406776,172175642,68,0,0,12288,68,2217868281
8930,123779714,63887598,187667312,77,0,1,8192,77,856762973
8931,123786269,48894177,172680446,63,0,0,4608,63,9092060776
8932,123799538,48779151,172578689,86,0,0,3584,86,5883652311
8933,123805082,48058064,171863146,40,0,0,18944,40,7097721874
8934,123811932,63995122,187807054,82,0,1,320000,82,2787891
8935,123812795,48417792,172230587,25,0,0,24576,25,3600533802
8936,123815157,48127163,171942320,34,0,0,6144,34,5430802251
8937,123816490,48860306,172676796,84,0,0,40960,84,3238818703
8938,123818116,48122309,171940425,99,0,0,23040,99,10528319998
8939,123818759,48235010,172053769,59,0,0,24064,59,5779837920
8940,123823299,64009373,187832672,74,0,1,512,74,1870275171
8941,123831164,48522854,172354018,53,0,0,3584,53,4482766382
8942,123835306,48508617,172343923,90,0,0,24576,90,6440746466
8943,123837534,48162597,172000131,84,0,0,6144,84,10674210860
8944,123843197,48513496,172356693,46,0,0,8704,46,7042455575
8945,123843416,48452336,172295752,69,0,0,37376,69,3567582737
8946,123865135,63973438,187838573,39,0,1,19968,39,9416431889
8947,123866256,48450579,172316835,71,0,0,69120,71,8302157240
8948,123870096,48480218,172350314,9,0,0,16384,9,2124049586
8949,123875945,48347131,172223076,34,0,0,11776,34,8058511375
8950,123880716,48403625,172284341,76,0,0,96256,76,8767760427
8951,123881236,63958963,187840199,1,0,1,2560,1,2228171414
8952,123887139,48553666,172440805,84,0,0,30720,84,10261121611
8953,123900439,48561867,172462306,80,0,0,36352,80,6212942098
8954,123905407,48866110,172771517,99,0,0,33280,99,5555886268
8955,123908126,48498213,172406339,52,0,0,31744,52,1586991970
8956,123913985,48068714,171982699,4,0,0,8704,4,6126733024
8957,123915000,48122597,172037597,59,0,0,1024,59,9290291780
8958,123921612,48501910,172423522,14,0,0,56320,14,2293293578
8959,123921745,48839601,172761346,33,0,0,4096,33,8719741500
8960,123924992,48886728,172811720,59,0,0,51200,59,8785033816
8961,123926587,48041748,171968335,27,0,0,4608,27,814258358
8962,123941705,48483244,172424949,28,0,0,4608,28,10074246300
8963,123949703,48741139,172690842,11,0,0,15360,11,8857308831
8964,123950078,48475830,172425908,65,0,0,3072,65,3403614598
8965,123964761,48512396,172477157,29,0,0,48640,29,2936500724
8966,123978724,63861821,187840545,8,0,1,512,8,4716065720
8967,123981548,48409323,172390871,76,0,0,7168,76,247889584
8968,123982591,48564137,172546728,27,0,0,4096,27,6487558017
8969,123983802,64012796,187996598,16,0,1,356864,16,5564382525
8970,123990877,48531927,172522804,86,0,0,57344,86,3111696834
8971,123992220,48567323,172559543,86,0,0,41984,86,5709039876
8972,123992980,48780745,172773725,27,0,0,4096,27,2019270286
8973,123995068,48434927,172429995,59,0,0,13312,59,3895622984
8974,124007071,49592282,173599353,67,0,0,68608,67,1013630551
8975,124007244,48212221,172219465,47,0,0,512,47,5092050913
8976,124007697,48439390,172447087,0,0,0,512,0,4132935906
8977,124012232,63984725,187996957,9,0,1,9728,9,9613942723
8978,124015913,48512241,172528154,84,0,0,16384,84,2456785007
8979,124019425,48546537,172565962,27,0,0,20992,27,1659911251
8980,124020439,48969728,172990167,57,0,0,54784,57,8019450458
8981,124022240,48729700,172751940,25,0,0,49664,25,3546350870
8982,124026414,49386717,173413131,2,0,0,34816,2,3447875427
8983,124031939,48653112,172685051,92,0,0,1536,92,485324167
8984,124032515,63972114,188004629,27,0,1,15360,27,1541684446
8985,124038947,48599208,172638155,6,0,0,24064,6,1658468196
8986,124040033,48496665,172536698,47,0,0,15872,47,7536516768
8987,124062526,48819260,172881786,28,0,0,39424,28,2354199806
8988,124065003,48718402,172783405,26,0,0,27136,26,9318357010
8989,124066386,63950121,188016507,99,0,1,3072,99,1659104897
8990,124067800,48864562,172932362,69,0,0,3584,69,6931812181
8991,124076939,48354483,172431422,87,0,0,4608,87,701628587
8992,124084282,48304382,172388664,66,0,0,7680,66,2503010293
8993,124103461,48826952,172930413,2,0,0,49152,2,6656667504
8994,124103600,48342064,172445664,95,0,0,15872,95,4904683214
8995,124116161,63900692,188016853,77,0,1,512,77,2726852951
8996,124116172,48620613,172736785,80,0,0,17408,80,3888750818
8997,124116278,63901241,188017519,25,0,1,11264,25,5227319293
8998,124119494,63916692,188036186,35,0,1,15872,35,2560906157
8999,124129462,63910616,188040078,0,0,1,6144,0,9881359379
9000,124141719,48403738,172545457,87,0,0,28672,87,7941883451
9001,124154769,48727664,172882433,56,0,0,2048,56,6445958247
9002,124159030,48601045,172760075,95,0,0,26624,95,4112639793
9003,124164141,48664588,172828729,26,0,0,29696,26,4221725729
9004,124173685,63869939,188043624,47,0,1,5632,47,6771871334
9005,124179123,48752093,172931216,18,0,0,2560,18,7486327906
9006,124182500,49352765,173535265,57,0,0,37888,57,1141606387
9007,124192931,48760202,172953133,65,0,0,19456,65,7239209730
9008,124193128,49002380,173195508,23,0,0,15360,23,3875266495
9009,124194360,48862500,173056860,45,0,0,53760,45,5654899048
9010,124196394,48964255,173160649,67,0,0,37888,67,6320868095
9011,124200551,48714096,172914647,76,0,0,10752,76,9445529356
9012,124200982,63849172,188050154,52,0,1,27648,52,9360178601
9013,124203415,49498398,173701813,16,0,0,45056,16,493730422
9014,124206754,48915889,173122643,85,0,0,512,85,7267388975
9015,124207894,48315245,172523139,43,0,0,1024,43,2930472416
9016,124207966,63845734,188053700,23,0,1,5632,23,1227614037
9017,124208638,63848852,188057490,97,0,1,15872,97,6561418760
9018,124216234,49445131,173661365,0,0,0,54272,0,3933999990
9019,124223777,48769868,172993645,19,0,0,11264,19,9900249343
9020,124272295,63795872,188068167,54,0,1,25088,54,921824529
9021,124272320,49491401,173763721,17,0,0,32768,17,5559151714
9022,124272774,63799579,188072353,75,0,1,6656,75,10174470605
9023,124278349,63798830,188077179,75,0,1,7680,75,7301925497
9024,124279264,49474450,173753714,74,0,0,50688,74,3044401357
9025,124281447,48510405,172791852,55,0,0,27648,55,9248632054
9026,124289999,48924431,173214430,51,0,0,35328,51,1553199870
9027,124291191,48773055,173064246,31,0,0,6656,31,8282986625
9028,124293175,49815314,174108489,43,0,0,74752,43,3280496508
9029,124294452,48767735,173062187,15,0,0,17408,15,2592977248
9030,124297505,48544670,172842175,86,0,0,14336,86,6192368889
9031,124303543,48669863,172973406,55,0,0,17920,55,2270363030
9032,124310242,49238797,173549039,99,0,0,15360,99,8879822550
9033,124316873,48904546,173221419,31,0,0,12800,31,4302666339
9034,124317724,48885919,173203643,87,0,0,26624,87,10119776740
9035,124326729,48707482,173034211,30,0,0,7168,30,3169484806
9036,124332024,63746781,188078805,82,0,1,2560,82,975640457
9037,124333828,49222756,173556584,23,0,0,17408,23,8795475171
9038,124336571,48846628,173183199,33,0,0,18432,33,1760923493
9039,124339768,63739383,188079151,53,0,1,512,53,7111771482
9040,124343256,48564505,172907761,93,0,0,6656,93,6855067139
9041,124351342,48667520,173018862,24,0,0,2048,24,9776082348
9042,124357758,48857319,173215077,43,0,0,2048,43,5457286608
9043,124363644,48654571,173018215,82,0,0,35328,82,1950923199
9044,124370687,48939074,173309761,43,0,0,15872,43,6990010336
9045,124373347,49077408,173450755,68,0,0,104448,68,1218961611
9046,124377513,48903934,173281447,66,0,0,45056,66,5124445920
9047,124382007,48906839,173288846,76,0,0,4096,76,7553529323
9048,124393763,49294299,173688062,38,0,0,3072,38,4838910725
9049,124396632,48717337,173113969,5,0,0,40960,5,2862620375
9050,124397823,49210757,173608580,48,0,0,30208,48,1041299377
9051,124398818,49418693,173817511,47,0,0,1536,47,9892212734
9052,124401216,49285879,173687095,23,0,0,11264,23,2466193707
9053,124401477,49787586,174189063,48,0,0,20480,48,2897097559
9054,124404647,48615018,173019665,74,0,0,2560,74,3920148940
9055,124411661,49479399,173891060,61,0,0,81920,61,6317736879
9056,124424432,63658931,188083363,94,0,1,6656,94,2157464823
9057,124425633,49283691,173709324,51,0,0,24576,51,9298224767
9058,124434595,63650714,188085309,27,0,1,3072,27,10715360754
9059,124445707,48678455,173124162,61,0,0,512,61,6978425421
9060,124460025,48839848,173299873,78,0,0,3584,78,5717420039
9061,124460207,63626332,188086539,9,0,1,11776,9,2787650282
9062,124463488,48821882,173285370,12,0,0,12800,12,10367995601
9063,124474927,63614838,188089765,54,0,1,5120,54,7679603914
9064,124476673,49247261,173723934,54,0,0,2560,54,64705482
9065,124487576,49310017,173797593,11,0,0,7168,11,5460211244
9066,124514265,49280318,173794583,13,0,0,52736,13,9336707245
9067,124527206,49017130,173544336,52,0,0,29696,52,2703808912
9068,124536876,49404655,173941531,7,0,0,4096,7,8963068902
9069,124540139,49367193,173907332,1,0,0,14336,1,5022031622
9070,124544203,63546228,188090431,90,0,1,1024,90,1951493684
9071,124553235,49091571,173644806,65,0,0,47616,65,688657524
9072,124558252,63538311,188096563,55,0,1,9728,55,8678601522
9073,124561189,49472137,174033326,31,0,0,48640,31,5869788957
9074,124582966,48769502,173352468,93,0,0,29184,93,2267062961
9075,124588435,49416554,174004989,91,0,0,13824,91,8087186097
9076,124596568,48880066,173476634,47,0,0,8192,47,5881670881
9077,124603728,48612331,173216059,76,0,0,3072,76,3440321340
9078,124605115,48854266,173459381,86,0,0,28160,86,430090364
9079,124607194,49455379,174062573,86,0,0,2560,86,10516368276
9080,124611564,49111536,173723100,65,0,0,31232,65,9497343667
9081,124612931,63483978,188096909,90,0,1,512,90,202762427
9082,124613193,49055573,173668766,46,0,0,2560,46,10497017802
9083,124614500,63482755,188097255,85,0,1,512,85,3979584099
9084,124617042,63482518,188099560,23,0,1,12800,23,3175418892
9085,124626655,49742942,174369597,58,0,0,13312,58,8753991287
9086,124634024,49596049,174230073,92,0,0,12800,92,7015972167
9087,124637995,49345898,173983893,46,0,0,25600,46,7661792175
9088,124647641,48821279,173468920,55,0,0,31232,55,10552466137
9089,124647908,49195765,173843673,55,0,0,20992,55,2543714208
9090,124648539,48734478,173383017,30,0,0,10752,30,9703949140
9091,124658449,48811586,173470035,24,0,0,3584,24,2620063395
9092,124661695,48584594,173246289,70,0,0,2560,70,4542671214
9093,124663685,49680979,174344664,91,0,0,13824,91,618184295
9094,124666169,48818104,173484273,15,0,0,3072,15,4090626115
9095,124673512,49453631,174127143,33,0,0,5632,33,9532060888
9096,124674814,49448441,174123255,27,0,0,28160,27,3000928437
9097,124678029,49005603,173683632,42,0,0,48640,42,498663164
9098,124678486,49763766,174442252,62,0,0,24064,62,1915168345
9099,124678983,48934300,173613283,90,0,0,15360,90,5635896350
9100,124679131,48988832,173667963,9,0,0,12800,9,8433641121
9101,124680550,63424297,188104847,1,0,1,16896,1,4752448250
9102,124686473,63419347,188105820,25,0,1,12800,25,3815691388
9103,124687620,48890806,173578426,85,0,0,8192,85,2841759900
9104,124693542,49828624,174522166,98,0,0,58368,98,3786034953
9105,124705479,49111541,173817020,56,0,0,15360,56,8226379538
9106,124715425,49433002,174148427,22,0,0,17408,22,768214062
9107,124715743,48798878,173514621,15,0,0,22016,15,6613550670
9108,124716194,49678571,174394765,64,0,0,13312,64,1018481305
9109,124716449,49557060,174273509,15,0,0,2560,15,9269021316
9110,124719304,49059188,173778492,35,0,0,29696,35,5687488807
9111,124737515,63370571,188108086,35,0,1,3584,35,3533332092
9112,124739749,49892947,174632696,82,0,0,25600,82,7285527929
9113,124749783,48914257,173664040,87,0,0,8704,87,9780422797
9114,124752742,63356970,188109712,97,0,1,2560,97,8327662304
9115,124756061,49184199,173940260,11,0,0,26624,11,10089311962
9116,124757716,48953572,173711288,47,0,0,6144,47,8341302745
9117,124761833,49033553,173795386,67,0,0,2560,67,4334692159
9118,124785107,63329994,188115101,33,0,1,17408,33,6004782472
9119,124793197,49135619,173928816,74,0,0,3584,74,7085856827
9120,124794091,49107288,173901379,66,0,0,33792,66,126552918
9121,124800820,63316227,188117047,5,0,1,3072,5,2020517055
9122,124801065,63319528,188120593,90,0,1,5632,90,2011542095
9123,124819775,63313688,188133463,96,0,1,42496,96,4628822761
9124,124821558,49757242,174578800,38,0,0,28160,38,6345654671
9125,124826800,49798065,174624865,67,0,0,4096,67,1285011086
9126,124831250,49463084,174294334,39,0,0,9728,39,5546167488
9127,124833542,49457805,174291347,64,0,0,50688,64,6297708219
9128,124840169,49383224,174223393,82,0,0,56320,82,6756902710
9129,124845454,49469969,174315423,26,0,0,16384,26,904878279
9130,124847516,49944710,174792226,26,0,0,50176,26,8061973035
9131,124861811,49362229,174224040,83,0,0,2048,83,6974074119
9132,124864119,48982275,173846394,39,0,0,8704,39,1430931245
9133,124874449,49984389,174858838,9,0,0,5632,9,7724504449
9134,124878446,49456500,174334946,39,0,0,40960,39,3664621242
9135,124878533,49230291,174108824,47,0,0,1024,47,2869092255
9136,124902451,49370255,174272706,15,0,0,25600,15,5445201680
9137,124914661,63226028,188140689,5,0,1,4608,5,3083725781
9138,124920042,63227247,188147289,74,0,1,18944,74,7368508081
9139,124923835,50085222,175009057,9,0,0,6656,9,6357197167
9140,124930033,49276177,174206210,96,0,0,18944,96,10024372735
9141,124931130,49036556,173967686,82,0,0,4608,82,6083676692
9142,124931840,49445892,174377732,88,0,0,26624,88,4568894009
9143,124934552,49122564,174057116,14,0,0,4608,14,4825926148
9144,124945706,48977133,173922839,17,0,0,1024,17,6001161852
9145,124964510,49535917,174500427,39,0,0,17920,39,1339275678
9146,124970548,49388979,174359527,27,0,0,13824,27,9858117828
9147,124974551,63173404,188147955,40,0,1,1024,40,3290555479
9148,124976789,63176312,188153101,27,0,1,8192,27,1758293005
9149,124977998,63176729,188154727,35,0,1,2560,35,2926619886
9150,124997340,49182166,174179506,13,0,0,4608,13,6460513712
9151,124999496,50181172,175180668,9,0,0,111616,9,5270743149
9152,125003261,63152030,188155291,69,0,1,10752,69,9604171908
9153,125006906,49597780,174604686,85,0,0,81408,85,8168430613
9154,125011356,49112702,174124058,92,0,0,2560,92,3486935481
9155,125026275,49699773,174726048,59,0,0,45056,59,8374252575
9156,125029576,63127661,188157237,22,0,1,3072,22,6266416760
9157,125044150,49257401,174301551,91,0,0,6144,91,2987094255
9158,125044222,63114321,188158543,94,0,1,2048,94,10096245252
9159,125055229,49895442,174950671,34,0,0,37888,34,1572687519
9160,125056538,49491780,174548318,15,0,0,9216,15,8504354012
9161,125065936,49289356,174355292,83,0,0,15872,83,1942620902
9162,125070195,49081725,174151920,32,0,0,6144,32,5153659526
9163,125075816,63092741,188168557,75,0,1,7168,75,1838645276
9164,125077923,49094121,174172044,83,0,0,6656,83,5532581771
9165,125094398,49529196,174623594,62,0,0,8192,62,9722353092
9166,125097896,49310082,174407978,92,0,0,41472,92,9837297435
9167,125099267,49794693,174893960,90,0,0,25088,90,7091563696
9168,125105195,49344458,174449653,28,0,0,5120,28,7831173548
9169,125115086,49645903,174760989,60,0,0,6144,60,7610289120
9170,125138517,49156152,174294669,77,0,0,1024,77,10498883796
9171,125139345,49322967,174462312,72,0,0,41472,72,5940156382
9172,125143849,49196580,174340429,25,0,0,17920,25,331427974
9173,125147339,50101823,175249162,69,0,0,22016,69,6504073533
9174,125157034,49388453,174545487,2,0,0,29696,2,8228994753
9175,125161674,49801449,174963123,77,0,0,15872,77,3276388813
9176,125176280,62993583,188169863,77,0,1,2048,77,5333358002
9177,125181519,49633373,174814892,51,0,0,46592,51,5020591986
9178,125197847,49186755,174384602,1,0,0,9216,1,2954840255
9179,125209712,63016475,188226187,21,0,1,131072,21,7029221046
9180,125211155,48914174,174125329,17,0,0,4096,17,1070266157
9181,125220037,63018242,188238279,89,0,1,3072,89,10457223477
9182,125235027,49130491,174365518,11,0,0,14336,11,3789079600
9183,125240279,49616820,174857099,26,0,0,72704,26,1319199699
9184,125245221,50071106,175316327,48,0,0,32256,48,7989138856
9185,125250342,49129597,174379939,23,0,0,7168,23,9353296909
9186,125254025,49573759,174827784,11,0,0,13824,11,3786771671
9187,125255763,49663922,174919685,52,0,0,14848,52,2491664670
9188,125257039,49191031,174448070,26,0,0,15360,26,2079488580
9189,125260513,49807483,175067996,43,0,0,4096,43,1085101300
9190,125262451,62976699,188239150,26,0,1,12288,26,6666077304
9191,125265861,49080074,174345935,68,0,0,4096,68,10535891685
9192,125267584,49916227,175183811,1,0,0,10240,1,8232190948
9193,125273809,49406269,174680078,63,0,0,32256,63,1701942962
9194,125276293,50362045,175638338,60,0,0,8192,60,4695688142
9195,125277641,50323331,175600972,29,0,0,63488,29,3160588987
9196,125286209,49276637,174562846,83,0,0,20480,83,4063877980
9197,125286825,49147570,174434395,82,0,0,6144,82,3575284109
9198,125294430,49416982,174711412,82,0,0,19456,82,8957580799
9199,125296794,49146573,174443367,29,0,0,3584,29,5905357112
9200,125307946,49307159,174615105,86,0,0,10752,86,5830168744
9201,125311137,62930625,188241762,9,0,1,14336,9,8510571574
9202,125324583,49314213,174638796,89,0,0,10752,89,7696140603
9203,125324681,50070999,175395680,27,0,0,10240,27,7214530916
9204,125335299,49617872,174953171,93,0,0,7680,93,2251882773
9205,125339393,49958546,175297939,58,0,0,27648,58,7263455228
9206,125340102,50390756,175730858,38,0,0,9216,38,4121921475
9207,125344482,49880408,175224890,80,0,0,44032,80,10623278558
9208,125367661,49449438,174817099,11,0,0,7168,11,947357705
9209,125368297,50536183,175904480,46,0,0,78848,46,14382539
9210,125368797,49454721,174823518,49,0,0,20992,49,2848457875
9211,125374342,49673645,175047987,90,0,0,14336,90,2699388732
9212,125397782,49474339,174872121,61,0,0,43520,61,1163134262
9213,125404974,49117371,174522345,65,0,0,512,65,5608864605
9214,125408644,49392029,174800673,93,0,0,27648,93,1327577899
9215,125412133,49877359,175289492,47,0,0,23040,47,3259350239
9216,125422599,49198309,174620908,17,0,0,13312,17,1979620704
9217,125423297,49188501,174611798,17,0,0,9216,17,7826099345
9218,125423900,49515204,174939104,77,0,0,22016,77,1181218990
9219,125424743,62817685,188242428,13,0,1,1024,13,5764975106
9220,125429517,49179404,174608921,44,0,0,13824,44,3748646960
9221,125431532,49942973,175374505,85,0,0,33280,85,4837318477
9222,125438811,49221253,174660064,21,0,0,10752,21,8236134493
9223,125444546,49791911,175236457,21,0,0,37888,21,1293787650
9224,125448194,49293258,174741452,54,0,0,10752,54,1157390027
9225,125454579,49672188,175126767,33,0,0,7168,33,8882085212
9226,125456810,50539620,175996430,54,0,0,92160,54,1658129757
9227,125457441,49648610,175106051,13,0,0,3072,13,1487096354
9228,125459411,62788776,188248187,0,0,1,4096,0,7463616762
9229,125459875,49583721,175043596,7,0,0,4608,7,6178089767
9230,125464566,50065395,175529961,90,0,0,30720,90,4812917843
9231,125467582,50680114,176147696,22,0,0,78336,22,5376124846
9232,125471254,49518823,174990077,77,0,0,19456,77,5061588841
9233,125471866,50758242,176230108,64,0,0,1536,64,7208326348
9234,125473893,62780958,188254851,67,0,1,3584,67,1454026320
9235,125478108,49976771,175454879,22,0,0,19456,22,9543601819
9236,125482134,49494389,174976523,9,0,0,17920,9,1449051392
9237,125485100,49914659,175399759,20,0,0,13312,20,6171265425
9238,125487799,62768998,188256797,17,0,1,3072,17,7960877148
9239,125496425,50151452,175647877,34,0,0,31232,34,8574282226
9240,125499129,62759614,188258743,60,0,1,3072,60,4301157505
9241,125500981,49553080,175054061,1,0,0,4096,1,7856083990
9242,125501001,49863341,175364342,2,0,0,91136,2,5695061298
9243,125506928,62753441,188260369,7,0,1,2560,7,1162225889
9244,125515542,49358006,174873548,14,0,0,4608,14,7468991302
9245,125522797,50182250,175705047,98,0,0,84992,98,5293473837
9246,125523836,49615095,175138931,14,0,0,14336,14,1003501294
9247,125526389,49480617,175007006,9,0,0,16896,9,4368301248
9248,125529591,49512578,175042169,81,0,0,24064,81,5011958083
9249,125534644,49959226,175493870,34,0,0,34304,34,4590337449
9250,125539399,62725502,188264901,26,0,1,7168,26,9200532623
9251,125549453,49843061,175392514,10,0,0,10240,10,1964107466
9252,125554010,62714437,188268447,85,0,1,5632,85,7968684587
9253,125559089,49865697,175424786,29,0,0,25600,29,4349644031
9254,125559416,62709697,188269113,77,0,1,1024,77,6832509601
9255,125564038,49577293,175141331,55,0,0,2048,55,2625868316
9256,125565091,49530520,175095611,73,0,0,4096,73,1481123891
9257,125565437,50159080,175724517,73,0,0,36864,73,5154518138
9258,125565656,49822288,175387944,99,0,0,44032,99,4361263303
9259,125570152,62700037,188270189,35,0,1,13312,35,10575909855
9260,125574440,49852397,175426837,47,0,0,6656,47,9621982575
9261,125581020,49660764,175241784,30,0,0,17408,30,3316256056
9262,125586798,49537762,175124560,24,0,0,18432,24,9780378698
9263,125599471,49982134,175581605,56,0,0,84480,56,9069335514
9264,125622354,49566628,175188982,74,0,0,16896,74,8996451492
9265,125624575,62646075,188270650,54,0,1,10240,54,3267134424
9266,125627892,50038728,175666620,3,0,0,61440,3,7941321094
9267,125632511,50179240,175811751,34,0,0,18944,34,7086598470
9268,125643711,49992108,175635819,47,0,0,29184,47,9459068219
9269,125643944,49615270,175259214,76,0,0,28160,76,4331680157
9270,125649582,49960108,175609690,14,0,0,4608,14,1769245451
9271,125660298,62610711,188271009,26,0,1,9728,26,4275349580
9272,125668219,49937993,175606212,13,0,0,14336,13,6304220624
9273,125672096,50133860,175805956,8,0,0,25088,8,9942759961
9274,125684197,49992604,175676801,59,0,0,10240,59,3720962289
9275,125686673,62585642,188272315,77,0,1,2048,77,3399724433
9276,125687731,62585250,188272981,95,0,1,1024,95,7498582932
9277,125691275,62591135,188282410,70,0,1,35328,70,642693048
9278,125694685,50127154,175821839,15,0,0,11264,15,4821262818
9279,125705396,49537035,175242431,2,0,0,2048,2,2601166295
9280,125716777,62603395,188320172,7,0,1,6656,7,8030944138
9281,125718858,62700958,188419816,56,0,1,213504,56,7964946837
9282,125730923,62692268,188423191,64,0,1,4608,64,7868008403
9283,125733365,49697707,175431072,99,0,0,13824,99,10145282176
9284,125745579,49560897,175306476,28,0,0,10752,28,1514921120
9285,125747778,50115028,175862806,96,0,0,8704,96,5690544976
9286,125751784,49804058,175555842,11,0,0,10752,11,3881918587
9287,125752364,50491651,176244015,35,0,0,45568,35,391574038
9288,125752778,49636593,175389371,80,0,0,4608,80,530377107
9289,125756792,62671468,188428260,8,0,1,5120,8,8271457305
9290,125778327,49723678,175502005,79,0,0,26624,79,3978564078
9291,125780429,49821346,175601775,67,0,0,2560,67,3662872152
9292,125784014,50812574,176596588,83,0,0,6144,83,9267442114
9293,125800264,50032674,175832938,87,0,0,36352,87,8707572393
9294,125804998,49907159,175712157,28,0,0,21504,28,3938815545
9295,125805355,49802908,175608263,63,0,0,6656,63,9050866481
9296,125812668,50238038,176050706,60,0,0,38400,60,8762941027
9297,125822721,50879361,176702082,24,0,0,26112,24,4831971253
9298,125831448,50117280,175948728,63,0,0,59392,63,8491035544
9299,125859143,50891773,176750916,47,0,0,3584,47,10065398454
9300,125860600,49654776,175515376,68,0,0,1024,68,9248325460
9301,125864471,49757497,175621968,4,0,0,19968,4,1755985055
9302,125868229,49918993,175787222,57,0,0,81408,57,5820613900
9303,125873060,62583132,188456192,23,0,1,17408,23,4381108235
9304,125873439,50281144,176154583,23,0,0,22528,23,3789558601
9305,125891486,49852343,175743829,80,0,0,42496,80,3295832455
9306,125893611,50119690,176013301,10,0,0,55296,10,5068017805
9307,125910317,50012594,175922911,77,0,0,60416,77,5751481679
9308,125919961,50154045,176074006,85,0,0,3072,85,9564417723
9309,125920087,50274921,176195008,98,0,0,57344,98,6193552400
9310,125923898,49871294,175795192,13,0,0,9728,13,5282388038
9311,125925969,50375980,176301949,3,0,0,16896,3,6336648524
9312,125928044,51029614,176957658,55,0,0,5120,55,1296293339
9313,125929280,50517262,176446542,72,0,0,64512,72,338535704
9314,125930728,49997666,175928394,56,0,0,17920,56,10180313469
9315,125935396,50221082,176156478,40,0,0,6144,40,2047882905
9316,125936071,62530809,188466880,0,0,1,5120,0,6478610234
9317,125944114,49902557,175846671,33,0,0,38400,33,4303761958
9318,125970872,49881600,175852472,52,0,0,2048,52,3936046862
9319,125971312,50341892,176313204,1,0,0,36864,1,3198526765
9320,125972694,49995113,175967807,80,0,0,39424,80,1527023615
9321,125977076,49857156,175834232,7,0,0,4096,7,8395724594
9322,125985635,50107693,176093328,50,0,0,14848,50,6941375113
9323,125987438,51066610,177054048,18,0,0,48128,18,1096719810
9324,125990136,49940465,175930601,74,0,0,7168,74,6310797321
9325,125991257,62480910,188472167,74,0,1,16896,74,6913814204
9326,126001114,50197973,176199087,70,0,0,13312,70,7482554068
9327,126003141,62470652,188473793,40,0,1,2560,40,8663207781
9328,126019813,50060660,176080473,93,0,0,20992,93,5181749527
9329,126026674,50238787,176265461,68,0,0,45056,68,2468033672
9330,126027953,51174411,177202364,71,0,0,37376,71,924169681
9331,126034346,49985062,176019408,92,0,0,19968,92,7710411215
9332,126038588,50429825,176468413,6,0,0,71680,6,9671257642
9333,126047469,50646634,176694103,50,0,0,95744,50,4819358436
9334,126050887,50671914,176722801,6,0,0,17408,6,7628128571
9335,126061708,50285283,176346991,67,0,0,17408,67,2093762160
9336,126062749,50166868,176229617,70,0,0,33280,70,2899127713
9337,126082672,50527378,176610050,29,0,0,14336,29,5825363494
9338,126085480,50341383,176426863,86,0,0,38912,86,3632776438
9339,126085841,62388938,188474779,87,0,1,1536,87,1504373128
9340,126094687,62382998,188477685,45,0,1,4608,45,4307050256
9341,126105320,62373031,188478351,3,0,1,1024,3,5670741195
9342,126106309,62376228,188482537,67,0,1,6656,67,7424897008
9343,126120314,50369444,176489758,73,0,0,5632,73,3380354695
9344,126127376,50493507,176620883,89,0,0,8192,89,9319217552
9345,126131187,50585890,176717077,82,0,0,8704,82,6870345764
9346,126131938,62356731,188488669,9,0,1,9728,9,1761603024
9347,126132817,50461876,176594693,13,0,0,175616,13,3269051331
9348,126136370,50401385,176537755,40,0,0,2048,40,648539548
9349,126142487,50663780,176806267,61,0,0,23040,61,1741514040
9350,126150160,51234712,177384872,17,0,0,94720,17,7762319549
9351,126150773,51173824,177324597,9,0,0,101376,9,2853299757
9352,126163500,62325515,188489015,32,0,1,512,32,10318225056
9353,126173750,50562334,176736084,96,0,0,43520,96,261925808
9354,126183505,50792435,176975940,14,0,0,27136,14,9318873639
9355,126190894,50224090,176414984,55,0,0,35840,55,6474335646
9356,126191572,50026260,176217832,32,0,0,10752,32,8598440715
9357,126193778,50685830,176879608,55,0,0,42496,55,8283483631
9358,126198644,51095042,177293686,23,0,0,39936,23,805633599
9359,126198813,50419551,176618364,72,0,0,17408,72,4839649704
9360,126201098,50286921,176488019,11,0,0,29184,11,9321847577
9361,126205453,50661184,176866637,28,0,0,36864,28,2448665821
9362,126211300,62278381,188489681,67,0,1,11264,67,1374250364
9363,126228445,51029632,177258077,33,0,0,42496,33,5670118374
9364,126232506,51259389,177491895,1,0,0,35328,1,2874641044
9365,126237385,50368274,176605659,88,0,0,29696,88,6722734617
9366,126241621,50026359,176267980,83,0,0,8192,83,306166279
9367,126244871,50156307,176401178,44,0,0,4096,44,4438923667
9368,126245629,50367408,176613037,91,0,0,9728,91,9892907217
9369,126257097,51697091,177954188,54,0,0,167424,54,8178598091
9370,126278674,50194442,176473116,65,0,0,15360,65,4837418124
9371,126291246,51104459,177395705,50,0,0,8704,50,4923976765
9372,126292330,50693484,176985814,8,0,0,9216,8,2735002850
9373,126293995,50105912,176399907,21,0,0,8704,21,7344446886
9374,126305068,62196170,188501238,21,0,1,9728,21,8237429695
9375,126305646,50576013,176881659,31,0,0,6656,31,6105627219
9376,126312572,50542810,176855382,2,0,0,50688,2,5258038484
9377,126317061,62186763,188503824,52,0,1,4096,52,5818677084
9378,126319485,50786969,177106454,82,0,0,50688,82,2074971711
9379,126320146,62186418,188506564,89,0,1,23552,89,140919341
9380,126322227,50615130,176937357,88,0,0,29184,88,439417568
9381,126323099,50804006,177127105,3,0,0,32768,3,10135642719
9382,126327719,62182071,188509790,15,0,1,5120,15,4269009544
9383,126328447,50808042,177136489,99,0,0,29696,99,4686883606
9384,126330060,50878122,177208182,20,0,0,12288,20,1459151143
9385,126332706,50289612,176622318,65,0,0,4608,65,1611428456
9386,126333589,51227374,177560963,18,0,0,24064,18,7070015773
9387,126344039,62226140,188570179,30,0,1,120832,30,7242749910
9388,126352059,50727596,177079655,38,0,0,83968,38,374135700
9389,126364231,62208534,188572765,75,0,1,4096,75,5549688380
9390,126365832,62207599,188573431,4,0,1,11264,4,1955734817
9391,126366596,51128442,177495038,21,0,0,10240,21,8677396044
9392,126389692,62217520,188607212,16,0,1,45568,16,9245826097
9393,126393121,51599223,177992344,86,0,0,25600,86,8691934623
9394,126395147,62216571,188611718,76,0,1,7168,76,9961315071
9395,126399507,51781699,178181206,78,0,0,34304,78,3691204223
9396,126408019,62204045,188612064,78,0,1,512,78,7387368384
9397,126410883,50534522,176945405,12,0,0,1024,12,6712194455
9398,126413560,50672514,177086074,91,0,0,20992,91,6397473178
9399,126434004,50450977,176884981,63,0,0,10752,63,10522196916
9400,126454723,62159607,188614330,63,0,1,3584,63,2891104233
9401,126458967,50469475,176928442,30,0,0,86016,30,10164625730
9402,126465708,51073277,177538985,48,0,0,87040,48,4820931845
9403,126478827,50504156,176982983,31,0,0,23040,31,8424477393
9404,126479708,50610936,177090644,38,0,0,10240,38,6341736009
9405,126483925,62136204,188620129,94,0,1,19456,94,3599901908
9406,126487442,50603537,177090979,33,0,0,1024,33,3142702398
9407,126491054,50451653,176942707,84,0,0,13824,84,4483817282
9408,126509746,50577755,177087501,96,0,0,4608,96,9205886716
9409,126511271,62112724,188623995,54,0,1,6144,54,2466545559
9410,126519418,50419054,176938472,34,0,0,3584,34,6050375089
9411,126525674,50825306,177350980,51,0,0,27136,51,2418086530
9412,126532222,51223122,177755344,39,0,0,61952,39,6206585450
9413,126536605,50690203,177226808,39,0,0,41984,39,7177283022
9414,126550263,51037227,177587490,52,0,0,6144,52,1139791749
9415,126551081,62074220,188625301,11,0,1,2048,11,8851629427
9416,126555487,50389583,176945070,60,0,0,7680,60,3766119147
9417,126555515,50607741,177163256,77,0,0,11264,77,9501652583
9418,126564386,62148698,188713084,67,0,1,176128,67,4380667825
9419,126564562,50621734,177186296,25,0,0,3072,25,8397364201
9420,126566454,50601289,177167743,30,0,0,5120,30,7095119665
9421,126570247,50876566,177446813,29,0,0,3584,29,4287114114
9422,126573668,62145280,188718948,94,0,1,16896,94,4859693249
9423,126573694,50692004,177265698,10,0,0,6656,10,8126159877
9424,126575046,62146808,188721854,34,0,1,4608,34,2626684682
9425,126575601,50669505,177245106,49,0,0,4608,49,3274053637
9426,126582381,62139819,188722200,55,0,1,512,55,1871092004
9427,126587550,62157569,188745119,30,0,1,43008,30,7547460294
9428,126591310,50761097,177352407,56,0,0,4608,56,9092493076
9429,126591350,51913334,178504684,62,0,0,146944,62,7340453993
9430,126599934,62156377,188756311,90,0,1,3584,90,1157144343
9431,126601126,50876636,177477762,85,0,0,45056,85,6354482701
9432,126607801,50596614,177204415,53,0,0,6656,53,5845701260
9433,126610218,51050653,177660871,43,0,0,56320,43,7899069674
9434,126613856,62145041,188758897,87,0,1,4096,87,7436107436
9435,126615250,50788460,177403710,77,0,0,8704,77,6046480369
9436,126620629,62145680,188766309,26,0,1,11776,26,3165246872
9437,126624763,50928822,177553585,5,0,0,24576,5,8128960906
9438,126633667,50759363,177393030,13,0,0,2048,13,10495187243
9439,126639249,50753134,177392383,63,0,0,24576,63,10304405571
9440,126646647,62120021,188766668,8,0,1,9728,8,7334824297
9441,126650394,50935193,177585587,41,0,0,10752,41,2010122221
9442,126660978,51149968,177810946,80,0,0,21504,80,9259203965
9443,126674166,51680401,178354567,58,0,0,18432,58,577105312
9444,126674534,51309987,177984521,45,0,0,36864,45,7365048672
9445,126683363,50991770,177675133,91,0,0,11264,91,3112582413
9446,126685262,50860789,177546051,21,0,0,19456,21,290816803
9447,126690243,50887654,177577897,99,0,0,41984,99,5863501556
9448,126694436,50903061,177597497,3,0,0,32768,3,9473164441
9449,126706090,50739608,177445698,17,0,0,20480,17,2810761967
9450,126710611,50871677,177582288,30,0,0,14336,30,726429995
9451,126711877,51174561,177886438,69,0,0,102912,69,5265604909
9452,126721010,50941444,177662454,85,0,0,5120,85,4959408464
9453,126725982,50876397,177602379,86,0,0,15872,86,3238995537
9454,126728384,50811716,177540100,46,0,0,3584,46,9695733055
9455,126745439,51066154,177811593,79,0,0,2048,79,463755056
9456,126745828,62061607,188807435,96,0,1,63488,96,2101129325
9457,126753407,51240676,177994083,62,0,0,5632,62,1303447340
9458,126767531,51780465,178547996,66,0,0,28672,66,4719243160
9459,126774179,50832764,177606943,20,0,0,5120,20,8583500038
9460,126779384,51123769,177903153,93,0,0,54784,93,4274659841
9461,126780017,51870561,178650578,91,0,0,36352,91,9796544089
9462,126791294,50967973,177759267,50,0,0,12800,50,9455512886
9463,126794121,51271045,178065166,3,0,0,38912,3,10503885730
9464,126795747,50825438,177621185,60,0,0,9216,60,2581231719
9465,126795946,50973384,177769330,53,0,0,16384,53,512064346
9466,126797766,51198992,177996758,88,0,0,8704,88,8686268239
9467,126812550,50950336,177762886,85,0,0,11776,85,729470987
9468,126814264,51771295,178585559,17,0,0,14848,17,10144734918
9469,126817114,50893081,177710195,39,0,0,17920,39,10246467913
9470,126829263,51009021,177838284,2,0,0,29696,2,2319402171
9471,126832854,51290076,178122930,45,0,0,12800,45,7106431960
9472,126835249,51170893,178006142,95,0,0,21504,95,7035491092
9473,126838087,51414506,178252593,12,0,0,18944,12,2477413244
9474,126840344,51527329,178367673,46,0,0,24064,46,641060486
9475,126842249,62004710,188846959,30,0,1,96256,30,493101207
9476,126848904,51690333,178539237,18,0,0,93184,18,6898872745
9477,126849749,51397049,178246798,71,0,0,52224,71,8601985721
9478,126856701,61994021,188850722,27,0,1,10752,27,378486725
9479,126860919,51207257,178068176,87,0,0,8704,87,1102042445
9480,126867407,51105859,177973266,37,0,0,43520,37,111674652
9481,126867609,51206519,178074128,35,0,0,1536,35,1190747690
9482,126870843,51201724,178072567,81,0,0,14336,81,8400359570
9483,126875115,51084868,177959983,87,0,0,18944,87,3483174895
9484,126884552,61970041,188854593,80,0,1,12288,80,9304288660
9485,126884783,51868636,178753419,11,0,0,5632,11,2684116639
9486,126889792,51861880,178751672,13,0,0,108032,13,6080670713
9487,126896162,61962617,188858779,3,0,1,6656,3,1549779723
9488,126896744,52241850,179138594,79,0,0,71168,79,1303787989
9489,126914367,51151134,178065501,52,0,0,1024,52,1272388331
9490,126917250,51313613,178230863,76,0,0,31232,76,6700947941
9491,126927453,51282384,178209837,49,0,0,28672,49,9803085678
9492,126930800,51907381,178838181,93,0,0,28160,93,8260396610
9493,126932716,61926729,188859445,77,0,1,1024,77,2488770215
9494,126933754,51637064,178570818,25,0,0,18432,25,2664547170
9495,126947916,51770817,178718733,21,0,0,20480,21,4476633162
9496,126954516,52358824,179313340,35,0,0,5120,35,1465056690
9497,126960745,51322976,178283721,31,0,0,37376,31,9911786825
9498,126974031,51117555,178091586,47,0,0,10752,47,9598499808
9499,126981017,61880054,188861071,1,0,1,2560,1,8141501319
9500,126981968,61898038,188880006,97,0,1,15360,97,7135283362
9501,126982971,61898341,188881312,11,0,1,2048,11,10681937322
9502,126988793,61904097,188892890,77,0,1,7680,77,3547589289
9503,126991683,52051885,179043568,42,0,0,17408,42,8493562317
9504,127005647,50992538,177998185,41,0,0,4608,41,830988293
9505,127007929,51398726,178406655,59,0,0,41472,59,5669104395
9506,127010831,61885925,188896756,84,0,1,6144,84,7338608174
9507,127024167,51279364,178303531,34,0,0,4096,34,2584907889
9508,127024410,61874932,188899342,74,0,1,4096,74,789600367
9509,127026828,51237818,178264646,53,0,0,5632,53,3069797915
9510,127031618,51428271,178459889,41,0,0,47616,41,704945215
9511,127038327,51925618,178963945,64,0,0,19456,64,5397971862
9512,127050173,51150905,178201078,25,0,0,1024,25,10480251345
9513,127050943,51168790,178219733,17,0,0,1536,17,4445594133
9514,127058788,51290140,178348928,45,0,0,54272,45,8958611649
9515,127072454,51128289,178200743,8,0,0,23040,8,3106362512
9516,127075394,51435428,178510822,38,0,0,13824,38,4154647275
9517,127075777,61823924,188899701,81,0,1,9728,81,3789537507
9518,127091348,51222684,178314032,53,0,0,15360,53,10458562828
9519,127093995,52491281,179585276,56,0,0,33280,56,5599506339
9520,127104447,52562568,179667015,25,0,0,52224,25,2843012743
9521,127117218,51541339,178658557,93,0,0,26112,93,8333868859
9522,127118186,52169725,179287911,45,0,0,16896,45,5062751175
9523,127119090,51050325,178169415,91,0,0,6144,91,5160747346
9524,127120337,61780030,188900367,97,0,1,1024,97,6521707866
9525,127121044,51657661,178778705,54,0,0,24576,54,6009067096
9526,127139237,51151070,178290307,42,0,0,1024,42,2020093804
9527,127154269,51206049,178360318,5,0,0,9216,5,5093474154
9528,127155904,51556566,178712470,27,0,0,54784,27,284329708
9529,127156776,51481432,178638208,74,0,0,79360,74,1971490559
9530,127172134,51423379,178595513,92,0,0,9728,92,3744978921
9531,127179147,51386032,178565179,14,0,0,56320,14,6894461651
9532,127179695,51815623,178995318,21,0,0,3584,21,6601878868
9533,127181993,51394160,178576153,57,0,0,17408,57,3038979485
9534,127184840,51640191,178825031,80,0,0,59392,80,1471789767
9535,127197351,51383661,178581012,7,0,0,15872,7,4321106643
9536,127220996,51444496,178665492,63,0,0,10240,63,4465688552
9537,127224987,51220371,178445358,99,0,0,18432,99,948154550
9538,127229922,51276665,178506587,3,0,0,6144,3,913406305
9539,127234318,51604042,178838360,63,0,0,512,63,5827515735
9540,127234436,51536758,178771194,5,0,0,47104,5,1759030916
9541,127240338,51147896,178388234,32,0,0,10752,32,5662321701
9542,127241104,51541256,178782360,47,0,0,512,47,8102762137
9543,127250007,51435423,178685430,23,0,0,2560,23,5217154772
9544,127250561,52723030,179973591,14,0,0,175616,14,6128420713
9545,127253896,51385583,178639479,56,0,0,4096,56,1603406093
9546,127260093,51777033,179037126,56,0,0,75264,56,2114852946
9547,127267453,61638406,188905859,9,0,1,18944,9,678069361
9548,127272065,61634460,188906525,63,0,1,1024,63,1754183574
9549,127273592,52239211,179512803,81,0,0,51712,81,6499152216
9550,127286261,51830626,179116887,78,0,0,34304,78,4089571336
9551,127287458,61623893,188911351,87,0,1,7680,87,9412463006
9552,127326428,52684007,180010435,52,0,0,62464,52,210700590
9553,127350925,61563012,188913937,69,0,1,4096,69,8240898041
9554,127356932,51320005,178676937,3,0,0,7680,3,5004212799
9555,127359186,52701688,180060874,59,0,0,17408,59,8517792175
9556,127359655,61557188,188916843,1,0,1,4608,1,7053501926
9557,127359889,52267558,179627447,97,0,0,7680,97,9505532362
9558,127367564,51583064,178950628,97,0,0,2048,97,8706560358
9559,127369360,51540048,178909408,38,0,0,512,38,10587003628
9560,127371156,51924110,179295266,93,0,0,24064,93,6029932819
9561,127382899,61537170,188920069,45,0,1,5120,45,4318533309
9562,127388715,51752562,179141277,25,0,0,8704,25,2198969615
9563,127388780,52056352,179445132,18,0,0,6144,18,1369060204
9564,127389676,51439902,178829578,95,0,0,14848,95,10270461105
9565,127396590,61523940,188920530,93,0,1,10240,93,9322544199
9566,127397331,51587703,178985034,0,0,0,5120,0,6333816895
9567,127400807,52466587,179867394,68,0,0,61440,68,4458139594
9568,127412134,51626107,179038241,82,0,0,3584,82,2186441767
9569,127416820,51689592,179106412,63,0,0,27136,63,2238347870
9570,127434701,51714867,179149568,47,0,0,27136,47,1389257192
9571,127435404,52540394,179975798,93,0,0,7168,93,5714326471
9572,127457238,52457339,179914577,8,0,0,88064,8,810841602
9573,127460964,61467674,188928638,3,0,1,6144,3,8345462489
9574,127473506,52330281,179803787,37,0,0,53248,37,1418839659
9575,127483250,51527479,179010729,85,0,0,2048,85,10286153088
9576,127483443,52719037,180202480,13,0,0,112640,13,2071541550
9577,127487126,51730179,179217305,29,0,0,5120,29,1492002992
9578,127497606,51600158,179097764,38,0,0,7680,38,3574254343
9579,127502985,52819057,180322042,29,0,0,14848,29,5130621834
9580,127504594,51570442,179075036,35,0,0,8704,35,627552537
9581,127534173,61408541,188942714,13,0,1,19456,13,230585271
9582,127537480,52130494,179667974,37,0,0,3072,37,4899988839
9583,127538640,51614426,179153066,98,0,0,1536,98,8136500742
9584,127544439,51907736,179452175,62,0,0,23040,62,6589979385
9585,127546308,51842893,179389201,87,0,0,1024,87,742741520
9586,127550691,51936566,179487257,67,0,0,23552,67,6008295158
9587,127554844,51660878,179215722,77,0,0,18944,77,2368392774
9588,127562649,52273133,179835782,18,0,0,70656,18,8729432926
9589,127568498,51802851,179371349,69,0,0,18432,69,5627942455
9590,127571946,52045690,179617636,33,0,0,7168,33,5856503507
9591,127575218,51707522,179282740,98,0,0,33280,98,5387217340
9592,127579849,51863388,179443237,11,0,0,25088,11,7730877464
9593,127581144,52507266,180088410,19,0,0,36352,19,1709597818
9594,127585949,51686628,179272577,27,0,0,13824,27,2350290052
9595,127586923,51741014,179327937,49,0,0,8704,49,5335303379
9596,127590920,52053827,179644747,32,0,0,14848,32,4240599103
9597,127598797,51709740,179308537,31,0,0,8704,31,627545919
9598,127602862,51864936,179467798,77,0,0,51200,77,8057571392
9599,127604177,51864189,179468366,44,0,0,1536,44,3908712711
9600,127612680,61341742,188954422,87,0,1,29696,87,5589775899
9601,127628086,51591236,179219322,25,0,0,512,25,3693132891
9602,127633098,51789148,179422246,50,0,0,11776,50,1736548963
9603,127635672,52572782,180208454,7,0,0,19456,7,6012150712
9604,127640845,51509058,179149903,79,0,0,1024,79,7096978558
9605,127646683,52403023,180049706,77,0,0,47616,77,10109179263
9606,127647987,61409050,189057037,67,0,1,202752,67,4354936380
9607,127652969,61417698,189070667,21,0,1,12800,21,10352072969
9608,127670358,52054648,179725006,73,0,0,24064,73,2085730893
9609,127690747,51918552,179609299,64,0,0,54784,64,8848676112
9610,127700483,52219577,179920060,54,0,0,17920,54,736209736
9611,127703423,51706302,179409725,37,0,0,13312,37,9943897634
9612,127707994,61363339,189071333,17,0,1,1024,17,6468225763
9613,127723845,52675583,180399428,2,0,0,5632,2,7667587017
9614,127730115,51668764,179398879,82,0,0,6656,82,5518499141
9615,127737024,61335180,189072204,97,0,1,12288,97,2881137700
9616,127738481,51876948,179615429,74,0,0,19968,74,8056405243
9617,127746496,61332139,189078635,89,0,1,8192,89,1313448954
9618,127756685,61322296,189078981,94,0,1,512,94,9276288474
9619,127757844,52026808,179784652,30,0,0,27136,30,9381124421
9620,127761736,61398627,189160363,73,0,1,138752,73,1687208667
9621,127767679,52442670,180210349,99,0,0,6144,99,8325090936
9622,127769062,61420162,189189224,82,0,1,88064,82,788258829
9623,127776352,52639791,180416143,20,0,0,54784,20,2486199881
9624,127783349,61414096,189197445,84,0,1,1536,84,2496707792
9625,127790981,61407450,189198431,17,0,1,1536,17,8326959458
9626,127793500,51901776,179695276,65,0,0,12800,65,1877537813
9627,127795922,51951223,179747145,5,0,0,10240,5,6430683155
9628,127796461,61405516,189201977,52,0,1,5632,52,2044173483
9629,127801573,52185728,179987301,56,0,0,3072,56,304543190
9630,127805901,52042719,179848620,85,0,0,37376,85,4048986628
9631,127807590,52168387,179975977,76,0,0,512,76,4275938659
9632,127818686,52401522,180220208,56,0,0,32256,56,8539420700
9633,127819529,52052412,179871941,99,0,0,14848,99,8109277212
9634,127830420,52644132,180474552,51,0,0,45056,51,6901256059
9635,127832889,61371034,189203923,55,0,1,3072,55,10269482257
9636,127836315,61373190,189209505,28,0,1,20480,28,904634150
9637,127842645,52208511,180051156,47,0,0,4608,47,10323873858
9638,127849191,52180478,180029669,31,0,0,49664,31,8706018999
9639,127858765,51909721,179768486,73,0,0,1024,73,9131079278
9640,127860048,52415111,180275159,58,0,0,46080,58,3731393428
9641,127861984,52785297,180647281,98,0,0,64512,98,262307217
9642,127866510,52195011,180061521,65,0,0,2048,65,1640048704
9643,127868123,51905100,179773223,71,0,0,9216,71,3130407206
9644,127869617,52014323,179883940,84,0,0,5632,84,9635471599
9645,127879579,52096756,179976335,25,0,0,1024,25,7721265827
9646,127880040,52193125,180073165,11,0,0,10752,11,5973675476
9647,127880308,52134206,180014514,72,0,0,13312,72,8124374123
9648,127893755,52173405,180067160,87,0,0,18432,87,5180823926
9649,127894662,52592260,180486922,70,0,0,17920,70,8704174500
9650,127894751,51979085,179873836,82,0,0,6144,82,4183331603
9651,127901408,61309403,189210811,27,0,1,2048,27,7878178217
9652,127905093,61306064,189211157,42,0,1,512,42,543020389
9653,127912677,52219478,180132155,91,0,0,4096,91,1131205871
9654,127919970,51917239,179837209,83,0,0,4608,83,2003225978
9655,127926027,52060315,179986342,51,0,0,32768,51,1313764657
9656,127926636,61290013,189216649,35,0,1,17920,35,7960218842
9657,127937673,61282849,189220522,90,0,1,11776,90,7990976040
9658,127940148,61282000,189222148,72,0,1,2560,72,5685095519
9659,127940853,52094299,180035152,92,0,0,17920,92,4278438365
9660,127944847,52110700,180055547,1,0,0,14336,1,6072707383
9661,127945243,52124615,180069858,78,0,0,7168,78,4584105818
9662,127945478,52569507,180514985,93,0,0,4608,93,2021349262
9663,127950568,61305552,189256120,35,0,1,41984,35,7794702392
9664,127952334,52804069,180756403,58,0,0,65536,58,1867873492
9665,127955059,52491689,180446748,61,0,0,9216,61,6680886934
9666,127956838,52482434,180439272,48,0,0,19968,48,1576828538
9667,127957994,52565739,180523733,67,0,0,3072,67,10243146901
9668,127965694,52419804,180385498,50,0,0,104960,50,4790599144
9669,127973854,52720345,180694199,12,0,0,93184,12,4925471667
9670,127975468,52837926,180813394,61,0,0,24064,61,7530187717
9671,127978673,52889156,180867829,21,0,0,72192,21,5054556071
9672,127982718,52108679,180091397,14,0,0,9728,14,10629270331
9673,127986375,61270923,189257298,77,0,1,13824,77,3652909114
9674,127998118,52227946,180226064,72,0,0,512,72,4121486606
9675,128000221,52881798,180882019,66,0,0,8192,66,3145983634
9676,128007777,52483536,180491313,37,0,0,14336,37,2697557710
9677,128011375,52056276,180067651,62,0,0,1536,62,5095377087
9678,128022892,61237904,189260796,7,0,1,1536,7,6298656550
9679,128029073,52591830,180620903,47,0,0,48640,47,1117923935
9680,128032454,61232528,189264982,74,0,1,6656,74,5298036390
9681,128048919,61221526,189270445,26,0,1,13824,26,7896698730
9682,128051188,61223123,189274311,75,0,1,6144,75,34103873
9683,128067911,61213694,189281605,13,0,1,6656,13,10051900370
9684,128074433,61209118,189283551,0,0,1,3072,0,5925718020
9685,128079390,52459574,180538964,25,0,0,23552,25,4941516809
9686,128089661,61195516,189285177,85,0,1,2560,85,8575220926
9687,128109822,52816297,180926119,50,0,0,15360,50,3390108381
9688,128111974,52056163,180168137,71,0,0,5120,71,9506528998
9689,128117719,52324323,180442042,60,0,0,8192,60,9716456616
9690,128118013,52180558,180298571,95,0,0,3584,95,2630089703
9691,128120458,52978977,181099435,18,0,0,12288,18,3368924845
9692,128124524,52152431,180276955,72,0,0,5120,72,1620040867
9693,128127644,52499958,180627602,3,0,0,10240,3,5808148548
9694,128128280,52297425,180425705,82,0,0,10240,82,8328178789
9695,128133140,52448504,180581644,34,0,0,14848,34,1171802613
9696,128133952,52161622,180295574,15,0,0,10752,15,7348676608
9697,128142602,52663437,180806039,35,0,0,35840,35,1865171606
9698,128144576,52517709,180662285,57,0,0,36864,57,6518364446
9699,128149406,52583229,180732635,8,0,0,29696,8,5555475989
9700,128154385,52804141,180958526,81,0,0,512,81,9606054330
9701,128159809,52147756,180307565,39,0,0,5120,39,8253128072
9702,128160812,52865802,181026614,11,0,0,7168,11,3892971222
9703,128174889,52646172,180821061,2,0,0,25088,2,8297967098
9704,128192454,52508164,180700618,37,0,0,20992,37,2116477928
9705,128196106,52824667,181020773,49,0,0,1536,49,10202983086
9706,128197883,52224679,180422562,21,0,0,20992,21,1173520750
9707,128204148,61082655,189286803,35,0,1,2560,35,2140381824
9708,128205032,52276407,180481439,77,0,0,22528,77,6689554884
9709,128208361,52749986,180958347,50,0,0,33792,50,5232686617
9710,128210323,52523271,180733594,69,0,0,3072,69,7482620736
9711,128212692,52678242,180890934,49,0,0,29184,49,10692509000
9712,128216061,61089960,189306021,55,0,1,2048,55,8331791178
9713,128216384,52181305,180397689,56,0,0,39936,56,1074901767
9714,128222367,52003120,180225487,35,0,0,2560,35,2630856620
9715,128225764,52317903,180543667,69,0,0,15360,69,7317682882
9716,128228047,53071047,181299094,39,0,0,17920,39,4017228733
9717,128234708,61071774,189306482,55,0,1,10240,55,1239220537
9718,128241826,52628834,180870660,1,0,0,9216,1,7654367532
9719,128245557,61063895,189309452,99,0,1,13824,99,2800882623
9720,128247069,61081571,189328640,9,0,1,9728,9,2075070581
9721,128252065,61076729,189328794,59,0,1,8704,59,3485989535
9722,128261065,52750279,181011344,80,0,0,172032,80,2146445149
9723,128263291,52493915,180757206,65,0,0,2560,65,1198452460
9724,128264479,52757877,181022356,7,0,0,5120,7,1336016357
9725,128284949,61049049,189333998,97,0,1,6656,97,10301354410
9726,128298324,52877406,181175730,96,0,0,40960,96,348438542
9727,128301108,61033556,189334664,52,0,1,1024,52,10447215752
9728,128306518,61087866,189394384,30,0,1,128512,30,8750753691
9729,128317027,52250773,180567800,52,0,0,9216,52,129974632
9730,128319347,52601048,180920395,83,0,0,6656,83,7053381587
9731,128328571,53014595,181343166,71,0,0,24064,71,8540285331
9732,128329614,52988066,181317680,60,0,0,23552,60,8972312160
9733,128333521,52714045,181047566,51,0,0,27648,51,6133074271
9734,128348000,61052285,189400285,82,0,1,28160,82,6189070626
9735,128356066,53079290,181435356,53,0,0,23040,53,9773884798
9736,128359443,61070635,189430078,35,0,1,12288,35,714949429
9737,128361523,53140723,181502246,78,0,0,68608,78,864115241
9738,128363640,61067923,189431563,47,0,1,15360,47,2413922679
9739,128364320,52284076,180648396,21,0,0,3584,21,9222599697
9740,128365227,52651288,181016515,90,0,0,16896,90,4325097479
9741,128365267,52429067,180794334,35,0,0,9216,35,850268267
9742,128365450,53354798,181720248,79,0,0,51200,79,726308283
9743,128368486,52350580,180719066,3,0,0,10752,3,7312703056
9744,128381043,53228811,181609854,61,0,0,2560,61,3035646652
9745,128386568,52637839,181024407,20,0,0,6656,20,2596435407
9746,128388626,52844976,181233602,8,0,0,51200,8,8030046785
9747,128389284,52513084,180902368,76,0,0,16896,76,10603606954
9748,128390909,52690181,181081090,20,0,0,20992,20,5561950572
9749,128396006,52443795,180839801,95,0,0,12288,95,2339215923
9750,128415301,61024222,189439523,80,0,1,15872,80,5028147424
9751,128416857,52676482,181093339,18,0,0,22528,18,5830293179
9752,128417707,53355747,181773454,23,0,0,54272,23,215569952
9753,128420707,53325996,181746703,10,0,0,39936,10,5244778429
9754,128422143,52598139,181020282,82,0,0,12288,82,5410824385
9755,128426574,61019592,189446166,11,0,1,13824,11,4882259144
9756,128432182,52514677,180946859,70,0,0,4608,70,8195882271
9757,128433305,52776858,181210163,43,0,0,29696,43,5988100856
9758,128437920,52827322,181265242,12,0,0,69120,12,2521898172
9759,128443557,52463350,180906907,60,0,0,12800,60,607104984
9760,128447546,60999606,189447152,34,0,1,1536,34,5771494968
9761,128453173,61022961,189476134,70,0,1,48640,70,2202284950
9762,128455056,52442141,180897197,37,0,0,20480,37,6959949696
9763,128459124,53357198,181816322,7,0,0,29184,7,3953672893
9764,128468701,53595019,182063720,35,0,0,61440,35,9136507323
9765,128476434,52712625,181189059,56,0,0,7168,56,305985511
9766,128487110,52699742,181186852,30,0,0,10752,30,10324315425
9767,128488916,53285185,181774101,77,0,0,2048,77,7502637446
9768,128494953,61186088,189681041,30,0,1,368640,30,9202742754
9769,128503706,52679847,181183553,49,0,0,25600,49,8321249201
9770,128503806,61205902,189709708,64,0,1,24576,64,7204329439
9771,128506118,53197120,181703238,10,0,0,1024,10,3658492655
9772,128508705,61203909,189712614,11,0,1,4608,11,4667147752
9773,128513201,61202319,189715520,53,0,1,4608,53,3935151806
9774,128527398,52547250,181074648,7,0,0,10240,7,541728120
9775,128551462,52733266,181284728,84,0,0,6144,84,2738056850
9776,128551636,52804033,181355669,91,0,0,40960,91,4568870716
9777,128563986,52840430,181404416,0,0,0,12800,0,10036451624
9778,128569678,61149068,189718746,61,0,1,5120,61,10359646880
9779,128574379,52825311,181399690,13,0,0,33280,13,8871388889
9780,128579259,52865058,181444317,66,0,0,3584,66,3347869740
9781,128582780,52859931,181442711,64,0,0,24064,64,7849430005
9782,128587662,52720751,181308413,78,0,0,8192,78,2313131016
9783,128590915,52797975,181388890,6,0,0,23040,6,4606971592
9784,128594919,52854421,181449340,63,0,0,16384,63,5449313796
9785,128599842,53265668,181865510,39,0,0,62976,39,7880387091
9786,128602450,61117781,189720231,85,0,1,15360,85,9091300341
9787,128603889,53501915,182105804,56,0,0,14848,56,1226230623
9788,128607573,53291188,181898761,48,0,0,109056,48,2602583398
9789,128617881,61102696,189720577,95,0,1,512,95,9053961173
9790,128622692,53221556,181844248,65,0,0,43520,65,2884046611
9791,128632204,52730851,181363055,41,0,0,14848,41,7981001338
9792,128632600,52611559,181244159,74,0,0,24064,74,10466268554
9793,128635574,53305857,181941431,11,0,0,53760,11,3112782594
9794,128636384,52764109,181400493,14,0,0,2560,14,8269267307
9795,128638735,53064168,181702903,61,0,0,37376,61,3009009118
9796,128641674,52716826,181358500,97,0,0,9216,97,756078142
9797,128647242,52937135,181584377,32,0,0,14336,32,4007781899
9798,128647447,52901464,181548911,82,0,0,20992,82,9262093052
9799,128650377,61074706,189725083,95,0,1,7168,95,3531662846
9800,128655668,52787534,181443202,19,0,0,1536,19,2993017772
9801,128661020,52619565,181280585,63,0,0,2560,63,5735404304
9802,128663160,52869637,181532797,20,0,0,29696,20,396917944
9803,128670334,53061972,181732306,15,0,0,17920,15,1104663597
9804,128671697,61055012,189726709,35,0,1,2560,35,7939762674
9805,128673425,52787094,181460519,98,0,0,30208,98,3554118202
9806,128677728,52927878,181605606,50,0,0,512,50,765033547
9807,128679784,53414799,182094583,27,0,0,5120,27,1962145047
9808,128687599,53573857,182261456,82,0,0,57856,82,193645977
9809,128696588,53210556,181907144,58,0,0,27136,58,6694121868
9810,128705951,53736251,182442202,33,0,0,87552,33,10503371382
9811,128715236,52912450,181627686,85,0,0,5632,85,3216008115
9812,128717903,61012672,189730575,55,0,1,6144,55,7266180631
9813,128725333,53437313,182162646,5,0,0,61952,5,5926440587
9814,128728410,53350332,182078742,76,0,0,30720,76,3141512054
9815,128733150,53298427,182031577,51,0,0,74240,51,9969814739
9816,128738032,60994809,189732841,74,0,1,3584,74,757072790
9817,128743707,52899456,181643163,76,0,0,10240,76,6849962885
9818,128761557,60986902,189748459,5,0,1,41472,5,1602299135
9819,128778526,53146494,181925020,97,0,0,30720,97,6114173369
9820,128780335,52762157,181542492,95,0,0,31744,95,885394308
9821,128826031,52970728,181796759,11,0,0,17408,11,9774804514
9822,128835090,52988032,181823122,90,0,0,16896,90,4181094016
9823,128849345,53420269,182269614,60,0,0,19456,60,9479937564
9824,128854076,60905405,189759481,72,0,1,3072,72,10218551446
9825,128858014,60905653,189763667,31,0,1,6656,31,6742144879
9826,128862844,52741778,181604622,39,0,0,512,39,627104948
9827,128865357,52838840,181704197,25,0,0,3072,25,790560774
9828,128874817,60889414,189764231,32,0,1,10752,32,6726041146
9829,128892900,53487995,182380895,5,0,0,37376,5,1448795689
9830,128894602,53206201,182100803,42,0,0,2560,42,1392502069
9831,128902648,60865129,189767777,55,0,1,5632,55,10537765858
9832,128909016,52817807,181726823,73,0,0,21504,73,6952966228
9833,128909132,52593917,181503049,58,0,0,2560,58,6542068447
9834,128919900,60849503,189769403,64,0,1,2560,64,7082293533
9835,128937726,53333742,182271468,8,0,0,4608,8,2397999576
9836,128941219,60828850,189770069,77,0,1,1024,77,5659577537
9837,128942268,60828262,189770530,7,0,1,10240,7,6477714497
9838,128945589,52900710,181846299,41,0,0,6656,41,9514525729
9839,128951390,53222501,182173891,76,0,0,3584,76,5294698228
9840,128958413,53074591,182033004,10,0,0,4608,10,10117545068
9841,128960498,53268264,182228762,69,0,0,89600,69,5578253473
9842,128987502,60783182,189770684,54,0,1,8704,54,1169466766
9843,129000301,53452532,182452833,85,0,0,34816,85,8961021077
9844,129014268,52896822,181911090,76,0,0,10752,76,9272310111
9845,129018593,60786803,189805396,51,0,1,96768,51,10591957222
9846,129033847,53197746,182231593,17,0,0,9216,17,6695322659
9847,129040601,52599419,181640020,3,0,0,5632,3,7894506077
9848,129044091,52871546,181915637,91,0,0,14848,91,427124594
9849,129060451,53585728,182646179,68,0,0,58880,68,3250779889
9850,129062662,52939142,182001804,54,0,0,21504,54,10270883650
9851,129067883,53432934,182500817,29,0,0,21504,29,3259710249
9852,129068590,53166458,182235048,79,0,0,11264,79,6514584966
9853,129086367,53218722,182305089,11,0,0,35328,11,6013924860
9854,129087393,53500274,182587667,10,0,0,28160,10,8392852757
9855,129089298,53262301,182351599,49,0,0,19968,49,3822180084
9856,129093244,60713138,189806382,52,0,1,1536,52,1837485815
9857,129098760,52857841,181956601,34,0,0,2048,34,6387136398
9858,129099338,53238117,182337455,64,0,0,10752,64,8965177617
9859,129105396,60703252,189808648,19,0,1,3584,19,1829189376
9860,129106140,53557188,182663328,31,0,0,5632,31,5554248615
9861,129129288,52778503,181907791,62,0,0,2048,62,718431153
9862,129145140,60669320,189814460,63,0,1,19456,63,4440174670
9863,129145240,53603905,182749145,6,0,0,128512,6,9120441778
9864,129149060,52668891,181817951,52,0,0,5120,52,7044627308
9865,129151479,60665286,189816765,85,0,1,12800,85,10007547144
9866,129155617,52913742,182069359,9,0,0,18432,9,6277878855
9867,129157008,53404266,182561274,71,0,0,23040,71,1480370825
9868,129161239,53796527,182957766,91,0,0,43520,91,6825867557
9869,129170383,53153631,182324014,34,0,0,8704,34,62601980
9870,129172418,52919919,182092337,67,0,0,44544,67,4916645289
9871,129175432,52920266,182095698,38,0,0,3584,38,4427312588
9872,129177536,53372702,182550238,29,0,0,5120,29,8711214582
9873,129187761,53472063,182659824,18,0,0,2560,18,6139831695
9874,129194740,53220763,182415503,23,0,0,38912,23,1010436860
9875,129198160,53143842,182342002,65,0,0,14848,65,2488018513
9876,129206443,53497880,182704323,89,0,0,51712,89,4568558885
9877,129206636,52961980,182168616,24,0,0,7168,24,2475742812
9878,129215480,53258349,182473829,42,0,0,36352,42,10395601147
9879,129229534,52863458,182092992,99,0,0,2048,99,8742849602
9880,129236028,53582495,182818523,73,0,0,77824,73,10680992135
9881,129236488,53828946,183065434,13,0,0,1536,13,4810701861
9882,129241480,53162144,182403624,96,0,0,37376,96,2959252419
9883,129247145,53428504,182675649,83,0,0,23040,83,6598295780
9884,129249130,60568915,189818045,13,0,1,14336,13,4870398997
9885,129259725,53579147,182838872,93,0,0,7680,93,5273526234
9886,129267907,53792489,183060396,23,0,0,41472,23,3179757097
9887,129268689,53653113,182921802,72,0,0,32256,72,2740996618
9888,129269317,53279338,182548655,86,0,0,61440,86,4643080757
9889,129274714,53091710,182366424,14,0,0,18944,14,5836795511
9890,129282538,60553680,189836218,39,0,1,2560,39,8675787652
9891,129285587,52978076,182263663,50,0,0,7168,50,7941073553
9892,129286907,60549657,189836564,13,0,1,512,13,4653621294
9893,129290288,53546221,182836509,90,0,0,58368,90,1646679799
9894,129294994,60547369,189842363,0,0,1,19456,0,143915961
9895,129307982,53853976,183161958,14,0,0,106496,14,5397413846
9896,129308778,53785643,183094421,39,0,0,24064,39,2892752711
9897,129311185,60533764,189844949,95,0,1,4096,95,374117952
9898,129312785,60533150,189845935,63,0,1,1536,63,8496425841
9899,129315162,52954631,182269793,5,0,0,512,5,6890305241
9900,129316684,60530877,189847561,55,0,1,2560,55,8715283710
9901,129321853,53137367,182459220,26,0,0,16896,26,8945968257
9902,129323886,53982180,183306066,66,0,0,32768,66,7059593445
9903,129325956,53462422,182788378,64,0,0,16384,64,9662402976
9904,129327613,53529887,182857500,81,0,0,24064,81,1676657019
9905,129339328,53766036,183105364,8,0,0,35840,8,9151505872
9906,129343210,53256182,182599392,49,0,0,7168,49,2546695198
9907,129357032,52964307,182321339,11,0,0,13312,11,9104788252
9908,129357999,53540184,182898183,54,0,0,40448,54,1396089166
9909,129358716,53706227,183064943,21,0,0,14848,21,8540364103
9910,129359495,52997437,182356932,91,0,0,5120,91,10400163078
9911,129363624,53099106,182462730,68,0,0,11264,68,8726655078
9912,129364241,60490706,189854947,50,0,1,35328,50,4025392117
9913,129365688,53417667,182783355,37,0,0,49664,37,164178608
9914,129366820,53643221,183010041,5,0,0,23040,5,9201229624
9915,129368976,60486957,189855933,84,0,1,1536,84,1233187759
9916,129373228,53476917,182850145,33,0,0,36352,33,4620316217
9917,129373694,60484185,189857879,1,0,1,3072,1,3918789924
9918,129374014,53394186,182768200,87,0,0,62464,87,7362721594
9919,129381735,53180979,182562714,98,0,0,2560,98,261344155
9920,129388252,53493872,182882124,66,0,0,15360,66,672150250
9921,129390190,54004385,183394575,57,0,0,14848,57,1026998795
9922,129398007,53689059,183087066,21,0,0,22016,21,5172589302
9923,129398015,60461170,189859185,9,0,1,2048,9,9043344698
9924,129398987,60628843,190027830,82,0,1,278016,82,9028422540
9925,129400155,53834744,183234899,2,0,0,23552,2,1160444247
9926,129413789,53608291,183022080,14,0,0,26624,14,6953753371
9927,129414691,54087939,183502630,59,0,0,22528,59,6390621397
9928,129419308,53609659,183028967,85,0,0,22528,85,4824374883
9929,129430363,53429812,182860175,12,0,0,8704,12,1375055227
9930,129439549,53828027,183267576,41,0,0,512,41,8351404566
9931,129447626,60748634,190196260,89,0,1,351232,89,432646030
9932,129452821,53416901,182869722,37,0,0,31232,37,5087173114
9933,129466642,53897897,183364539,25,0,0,3584,25,6681978446
9934,129470855,60727671,190198526,50,0,1,3584,50,9484414534
9935,129474664,53454326,182928990,96,0,0,11776,96,6768606968
9936,129488355,53513528,183001883,69,0,0,38912,69,3112594266
9937,129488632,53330070,182818702,78,0,0,512,78,7919640990
9938,129493519,60712434,190205953,60,0,1,5120,60,6021746362
9939,129495805,53711912,183207717,2,0,0,137728,2,7086819792
9940,129504173,54063395,183567568,20,0,0,60928,20,10527184640
9941,129507594,53404357,182911951,19,0,0,40960,19,9610745511
9942,129508138,53479971,182988109,40,0,0,27648,40,8646216357
9943,129515864,53487134,183002998,87,0,0,3584,87,1024766877
9944,129520019,60693153,190213172,14,0,1,3584,14,9617334389
9945,129523243,60700398,190223641,40,0,1,4608,40,4919317638
9946,129531141,53498317,183029458,6,0,0,1536,6,2528240970
9947,129542822,60685965,190228787,8,0,1,8192,8,4523565146
9948,129552077,60678016,190230093,86,0,1,2048,86,6086667171
9949,129554358,53673342,183227700,63,0,0,33792,63,1846408436
9950,129559236,54236153,183795389,0,0,0,108544,0,9740207183
9951,129560393,53650467,183210860,32,0,0,10240,32,4879313444
9952,129561552,54157702,183719254,90,0,0,38400,90,10204185348
9953,129562676,60668403,190231079,94,0,1,1536,94,641184167
9954,129566233,53717212,183283445,56,0,0,4608,56,9128921875
9955,129570075,60665830,190235905,92,0,1,7680,92,754346257
9956,129575140,53414864,182990004,26,0,0,6144,26,4023456416
9957,129583663,53532100,183115763,71,0,0,3584,71,8981693385
9958,129585833,53725109,183310942,11,0,0,5632,11,6784142695
9959,129585957,53625550,183211507,17,0,0,2048,17,1180185290
9960,129605162,53970065,183575227,74,0,0,25088,74,1106978035
9961,129613989,60622582,190236571,63,0,1,1024,63,8596969697
9962,129619346,53730391,183349737,68,0,0,11776,68,336931158
9963,129627842,53847758,183475600,63,0,0,41984,63,1285864482
9964,129629183,53652835,183282018,38,0,0,14336,38,6712925979
9965,129629228,54288736,183917964,47,0,0,33792,47,4141640349
9966,129635019,60602538,190237557,99,0,1,1536,99,3771023977
9967,129635896,53744780,183380676,37,0,0,49664,37,2002191608
9968,129638368,53751660,183390028,76,0,0,27136,76,3746295646
9969,129639566,53878138,183517704,38,0,0,2560,38,4865942857
9970,129640103,54175683,183815786,10,0,0,8192,10,6198601694
9971,129672973,53829984,183502957,67,0,0,1024,67,5860389685
9972,129681569,53936885,183618454,61,0,0,30208,61,5707342373
9973,129685203,54053273,183738476,30,0,0,10752,30,3588704519
9974,129686392,53676940,183363332,34,0,0,44544,34,7988991939
9975,129687208,53821290,183508498,2,0,0,7680,2,6539976010
9976,129692134,53734965,183427099,83,0,0,40448,83,6147199140
9977,129695342,53764723,183460065,13,0,0,22528,13,10354465924
9978,129697049,53701753,183398802,32,0,0,13824,32,8279458442
9979,129701398,54111712,183813110,22,0,0,32768,22,703052764
9980,129702194,53823652,183525846,70,0,0,26624,70,9477330646
9981,129702419,60549260,190251679,9,0,1,13824,9,2027087110
9982,129712553,53922887,183635440,50,0,0,3584,50,3506926607
9983,129714878,54192775,183907653,20,0,0,63488,20,1033383935
9984,129719007,53797902,183516909,48,0,0,10240,48,3442297750
9985,129733324,60526407,190259731,94,0,1,12800,94,435523281
9986,129741128,53840510,183581638,61,0,0,20992,61,5500106942
9987,129745543,54016759,183762302,93,0,0,7168,93,9962868505
9988,129746311,53687636,183433947,32,0,0,7680,32,6195116396
9989,129746403,60515594,190261997,55,0,1,3584,55,6786967151
9990,129747836,53934528,183682364,70,0,0,60416,70,5302482050
9991,129759918,53991675,183751593,60,0,0,20992,60,3876265873
9992,129762549,54094498,183857047,7,0,0,12800,7,4613035189
9993,129769103,54222080,183991183,17,0,0,89088,17,3046398131
9994,129770222,60492441,190262663,74,0,1,1024,74,7646868229
9995,129772751,53862860,183635611,86,0,0,512,86,7355415498
9996,129773099,54190925,183964024,42,0,0,71680,42,10152588782
9997,129779248,54016639,183795887,27,0,0,1536,27,4822013174
9998,129779947,60487222,190267169,87,0,1,7168,87,5660785489
9999,129786418,53934768,183721186,67,0,0,6144,67,7861959114
