RequestID,ArrivalTime,DelayTime,FinishTime,InitiatorID,TargetID,IOType,Size,VolumeID,Offset
0,300093364,78836,300172200,17,0,0,14336,17,8232827125
1,300112023,106496,300218519,15,0,0,49664,15,5911940270
2,300150951,4850,300155801,19,0,1,5120,19,3549767900
3,300221766,311554,300533320,5,0,0,32768,5,7522308580
4,300223192,55904,300279096,0,0,0,4608,0,1531122392
5,300248276,45596,300293872,1,0,0,1024,1,10448283111
6,300253613,154967,300408580,6,0,0,34304,6,9585907645
7,300275810,226233,300502043,13,0,0,96768,13,5403417889
8,300276158,142109,300418267,3,0,0,31744,3,6825465324
9,300305483,136145,300441628,8,0,0,16384,8,861223210
10,300347196,1518,300348714,19,0,1,1536,19,8688059857
11,300369992,152206,300522198,7,0,0,66048,7,10093593125
12,300370849,188776,300559625,8,0,0,11264,8,3506663114
13,300453700,128772,300582472,1,0,0,32768,1,10671752715
14,300479223,106072,300585295,5,0,0,9216,5,1155460598
15,300491505,42210,300533715,7,0,1,18944,7,7889315739
16,300496029,55650,300551679,7,0,1,39424,7,10356011260
17,300537731,74051,300611782,5,0,0,4608,5,3366663016
18,300559226,185571,300744797,7,0,0,98304,7,10293776067
19,300635535,4420,300639955,5,0,1,11776,5,9669085898
20,300638934,156509,300795443,11,0,0,5632,11,4270299646
21,300646307,133668,300779975,1,0,0,26112,1,6372057381
22,300700410,3645,300704055,12,0,1,10240,12,1796039424
23,300733537,77308,300810845,16,0,0,7680,16,687191519
24,300826004,58376,300884380,3,0,0,7680,3,7863004439
25,300852958,61136,300914094,14,0,0,6656,14,4113137139
26,300881286,106496,300987782,12,0,0,49664,12,10167585403
27,300890925,50672,300941597,8,0,0,2560,8,8637912326
28,300915181,138113,301053294,13,0,1,228864,13,7831718305
29,300958112,95438,301053550,19,0,1,9216,19,1334664545
30,300964788,223603,301188391,2,0,0,37888,2,10567834065
31,300971153,85623,301056776,19,0,1,5120,19,9531027453
32,300994231,269133,301263364,9,0,0,11264,9,192950104
33,300999805,160044,301159849,3,0,0,3584,3,9147166013
34,301030272,356566,301386838,2,0,0,32256,2,7190713421
35,301045865,253883,301299748,6,0,0,105472,6,236364089
36,301052600,5162,301057762,15,0,1,1536,15,4506742307
37,301120966,179749,301300715,15,0,0,3072,15,10069568047
38,301122845,319175,301442020,19,0,0,512,19,4478274685
39,301128151,188272,301316423,13,0,0,24576,13,8383375224
40,301133829,413941,301547770,14,0,0,8704,14,333587512
41,301135301,118479,301253780,12,0,0,2048,12,4805342998
42,301150424,281096,301431520,4,0,0,21504,4,5406271037
43,301168419,155507,301323926,9,0,0,24576,9,8176124473
44,301261397,211511,301472908,17,0,0,36352,17,3102723600
45,301269430,96210,301365640,13,0,0,7168,13,7554281406
46,301282600,41341,301323941,0,0,1,22528,0,2780028949
47,301299835,241287,301541122,7,0,0,32256,7,1987307324
48,301306931,90371,301397302,6,0,0,4096,6,233868491
49,301324606,48980,301373586,14,0,0,2048,14,6531463181
50,301348439,105450,301453889,14,0,0,33792,14,2804871311
51,301378349,63785,301442134,13,0,1,94208,13,4925926713
52,301424512,159594,301584106,16,0,0,27136,16,5669983050
53,301444255,198214,301642469,2,0,0,39936,2,5411313239
54,301548633,74696,301623329,0,0,0,15872,0,6502662352
55,301672830,227492,301900322,2,0,0,16896,2,7841867327
56,301715746,71646,301787392,2,0,0,3584,2,7694516063
57,301751809,99933,301851742,5,0,0,27136,5,2541531898
58,301784704,4162,301788866,13,0,1,11264,13,602285696
59,301858186,69284,301927470,9,0,0,8192,9,7669712829
60,301863498,136597,302000095,14,0,0,86016,14,3115316494
61,301882523,137109,302019632,3,0,0,34304,3,4464398104
62,301934662,117183,302051845,13,0,0,43008,13,4599161729
63,301955651,148112,302103763,6,0,0,40448,6,10526051185
64,301969419,121997,302091416,13,0,0,58880,13,1086360793
65,302021177,117332,302138509,11,0,0,2560,11,7068147977
66,302087663,21861,302109524,9,0,1,6144,9,6685599534
67,302100202,239607,302339809,4,0,0,76800,4,930047009
68,302138028,11747,302149775,1,0,1,18432,1,3235820861
69,302178088,128841,302306929,4,0,0,10752,4,8676165820
70,302183311,195078,302378389,15,0,0,83968,15,6023025001
71,302268827,11274,302280101,19,0,1,18432,19,5347187516
72,302271895,176743,302448638,5,0,0,11776,5,384413708
73,302301311,134960,302436271,16,0,0,22016,16,4675172308
74,302303305,3639,302306944,1,0,1,1536,1,4402125564
75,302318926,148252,302467178,16,0,0,10240,16,6176309503
76,302331518,131406,302462924,17,0,0,27648,17,2654807428
77,302395693,204217,302599910,11,0,0,57344,11,789153417
78,302398997,108357,302507354,11,0,0,53248,11,3976398625
79,302459528,55752,302515280,5,0,0,3072,5,7772386839
80,302552584,97720,302650304,8,0,0,19968,8,9542881217
81,302588973,113213,302702186,8,0,0,35840,8,122279685
82,302654236,80608,302734844,7,0,0,15872,7,7030006577
83,302660415,137903,302798318,3,0,0,16384,3,6630182754
84,302670981,66605,302737586,9,0,0,3584,9,5101123521
85,302698161,63149,302761310,8,0,0,5120,8,10709032607
86,302753275,3904,302757179,0,0,1,10752,0,8075418598
87,302764677,60824,302825501,15,0,0,5632,15,6253004416
88,302791921,99164,302891085,10,0,0,25600,10,4347239579
89,302826915,70976,302897891,13,0,0,8704,13,6227943009
90,302855932,102128,302958060,13,0,0,35328,13,9909793226
91,302885983,112265,302998248,6,0,0,8704,6,5104790079
92,302922375,47288,302969663,13,0,0,1536,13,960068630
93,303009507,102596,303112103,16,0,0,36864,16,89499822
94,303010034,105828,303115862,1,0,0,12288,1,1703090845
95,303021367,62933,303084300,2,0,1,102400,2,4461334936
96,303029563,171958,303201521,3,0,0,67072,3,7936268359
97,303047148,203327,303250475,2,0,0,50176,2,2542479940
98,303064853,352687,303417540,18,0,0,45568,18,595490738
99,303149095,5802,303154897,7,0,1,6144,7,5513258022
100,303154269,293885,303448154,15,0,0,28160,15,7628672904
101,303158107,215999,303374106,9,0,0,60416,9,8218439313
102,303169257,127703,303296960,9,0,0,23040,9,9403269338
103,303248005,243461,303491466,3,0,0,14848,3,9353782170
104,303254499,194138,303448637,12,0,0,1536,12,1875202288
105,303278437,161114,303439551,10,0,0,72192,10,8170355722
106,303313025,137655,303450680,15,0,0,6656,15,7098875350
107,303316637,184897,303501534,17,0,0,32768,17,2190754146
108,303339405,225062,303564467,7,0,0,85504,7,7230379734
109,303409826,183219,303593045,7,0,0,47104,7,7597021965
110,303447381,124620,303572001,13,0,0,19456,13,7012635820
111,303451057,1994,303453051,19,0,1,2048,19,8762135734
112,303482705,83345,303566050,6,0,0,5120,6,1221377813
113,303485907,145448,303631355,9,0,0,20480,9,3487972369
114,303509989,22862,303532851,19,0,1,40960,19,111677883
115,303515123,130188,303645311,19,0,0,15872,19,5000797018
116,303549199,85342,303634541,2,0,0,4608,2,9440808451
117,303560642,112061,303672703,6,0,0,4096,6,1494185154
118,303627381,85804,303713185,16,0,0,14848,16,7656491539
119,303669510,3208,303672718,5,0,1,3072,5,6512153184
120,303683379,7706,303691085,0,0,1,8192,0,1345670130
121,303697707,141374,303839081,16,0,0,34304,16,7529639269
122,303728319,84404,303812723,8,0,0,22528,8,1132888809
123,303779723,101364,303881087,3,0,0,9728,3,2079114377
124,303780683,113058,303893741,5,0,0,14848,5,4414996682
125,303806267,93105,303899372,6,0,0,18432,6,564561907
126,303831833,142836,303974669,17,0,0,44032,17,7066887634
127,303851052,2470,303853522,19,0,1,2560,19,8811824913
128,303863974,115939,303979913,10,0,0,15872,10,8278683923
129,303892785,58868,303951653,15,0,0,1024,15,6176159687
130,303895078,7439,303902517,10,0,1,9216,10,1220466181
131,303903863,55748,303959611,12,0,0,4096,12,10198512465
132,303953040,235264,304188304,18,0,0,51712,18,4446935037
133,304004495,79022,304083517,2,0,0,4096,2,10416476197
134,304020397,67592,304087989,5,0,0,7680,5,442544292
135,304057717,2946,304060663,13,0,1,3072,13,9674598410
136,304078116,90789,304168905,11,0,0,18944,11,1351448881
137,304099370,92537,304191907,16,0,0,11776,16,8439671680
138,304202414,45596,304248010,13,0,0,1024,13,522920083
139,304222498,82976,304305474,12,0,0,12800,12,10113467450
140,304228786,106496,304335282,9,0,0,49664,9,3506001240
141,304231803,119506,304351309,13,0,0,9728,13,3797909136
142,304232903,115411,304348314,4,0,0,42496,4,2325020410
143,304237337,161479,304398816,6,0,0,30208,6,9146968648
144,304273246,271319,304544565,6,0,0,27136,6,10023850137
145,304289901,246381,304536282,7,0,0,87040,7,2072766296
146,304312940,90883,304403823,1,0,0,16384,1,7045636342
147,304340220,235872,304576092,16,0,0,103424,16,5133139145
148,304341286,249976,304591262,7,0,0,38912,7,3280270514
149,304382287,213670,304595957,7,0,0,15360,7,2736083599
150,304401927,177464,304579391,17,0,0,10752,17,6874696033
151,304420592,195580,304616172,16,0,0,3072,16,9747519486
152,304423725,83343,304507068,8,0,0,5632,8,5386409808
153,304454085,156147,304610232,8,0,0,13824,8,4291045388
154,304484328,119598,304603926,8,0,0,19456,8,9962974946
155,304490898,4374,304495272,10,0,1,4608,10,10654526930
156,304552897,217637,304770534,3,0,0,60928,3,842663055
157,304570352,78250,304648602,10,0,0,2560,10,4277105107
158,304576537,91757,304668294,15,0,0,6656,15,9625579271
159,304585873,126569,304712442,4,0,0,20480,4,4280309232
160,304592799,181182,304773981,13,0,0,11264,13,8486466796
161,304612292,108952,304721244,3,0,0,23040,3,10402086957
162,304701359,48691,304750050,17,0,0,512,17,6937870432
163,304703333,9124,304712457,10,0,1,8192,10,5962317025
164,304741338,59132,304800470,6,0,0,5120,6,5283928615
165,304780321,87476,304867797,10,0,0,22528,10,3741069894
166,304846047,22950,304868997,7,0,1,37888,7,4259893464
167,304850885,24116,304875001,1,0,1,28672,1,7820216189
168,304896811,84944,304981755,15,0,0,512,15,3491771538
169,305066084,56372,305122456,1,0,0,6144,1,9517607192
170,305080041,120119,305200160,15,0,0,21504,15,2857445274
171,305087239,106354,305193593,18,0,0,47616,18,7857266615
172,305096974,192117,305289091,9,0,0,56832,9,2760421557
173,305098333,57633,305155966,1,0,0,4096,1,5545285214
174,305114150,239847,305353997,13,0,0,42496,13,4222780839
175,305118182,153578,305271760,14,0,0,25088,14,5395324174
176,305122434,131199,305253633,11,0,0,8192,11,2171368913
177,305129761,194606,305324367,14,0,0,17408,14,7389182015
178,305193977,107146,305301123,18,0,0,6656,18,1928016818
179,305285084,7127,305292211,11,0,1,9216,11,175014010
180,305298145,108148,305406293,18,0,0,10240,18,9863889583
181,305306618,5712,305312330,10,0,1,14336,10,8135470330
182,305327481,86204,305413685,11,0,0,13312,11,7649365057
183,305359376,3645,305363021,5,0,1,10240,5,10249121363
184,305369628,106961,305476589,6,0,0,16896,6,4150978995
185,305377014,68671,305445685,1,0,0,12288,1,8572601200
186,305430456,212781,305643237,13,0,0,4096,13,367739987
187,305431189,105772,305536961,5,0,0,8704,5,7046083930
188,305432040,13660,305445700,16,0,1,19456,16,4311509560
189,305532526,139793,305672319,18,0,0,7680,18,2029777205
190,305582329,1994,305584323,10,0,1,2048,10,374828107
191,305584103,64676,305648779,3,0,0,8192,3,3260480530
192,305622836,69284,305692120,8,0,0,8192,8,10096800188
193,305680666,52364,305733030,15,0,0,3072,15,3273735891
194,305707648,4420,305712068,0,0,1,11776,0,1021192116
195,305733072,116888,305849960,19,0,0,30208,19,2209634772
196,305749392,80192,305829584,0,0,0,16896,0,6872778161
197,305782635,15579,305798214,19,0,1,30208,19,9010047380
198,305847360,6507,305853867,1,0,1,4096,1,6227107657
199,305847649,101960,305949609,0,0,0,27136,0,6217700052
200,305872302,144006,306016308,12,0,0,36864,12,1771571558
201,305872733,160054,306032787,18,0,0,36864,18,7005069995
202,305882317,108434,305990751,14,0,0,14848,14,698255571
203,305897983,135863,306033846,4,0,0,2560,4,2704892329
204,306013829,56995,306070824,17,0,0,5120,17,3261294236
205,306068092,100568,306168660,6,0,0,30208,6,7311137274
206,306078069,96222,306174291,15,0,0,18432,15,5907266616
207,306112615,98072,306210687,9,0,0,22016,9,2580386139
208,306123443,6754,306130197,7,0,1,7168,7,199634311
209,306138227,120437,306258664,14,0,0,29696,14,4875993211
210,306175908,159832,306335740,5,0,0,121344,5,4878218717
211,306186338,189555,306375893,1,0,0,73216,1,1296191455
212,306249794,172626,306422420,4,0,0,53248,4,6571984533
213,306264379,566,306264945,16,0,1,512,16,259907898
214,306357183,22124,306379307,5,0,1,3584,5,5832650570
215,306385519,64525,306450044,5,0,0,512,5,4262171794
216,306391244,106652,306497896,19,0,0,50176,19,8141371829
217,306428607,118147,306546754,18,0,0,12800,18,3552688453
218,306455004,98005,306553009,15,0,0,20480,15,3696177022
219,306469615,110485,306580100,0,0,0,19968,0,8505924967
220,306486643,117870,306604513,16,0,0,1536,16,2343928092
221,306555122,10499,306565621,16,0,1,16896,16,5346542867
222,306563786,101504,306665290,1,0,0,33280,1,5248071342
223,306581892,84037,306665929,0,0,0,2048,0,5419022542
224,306702716,64208,306766924,11,0,0,6656,11,1056321322
225,306742020,56528,306798548,18,0,0,6656,18,7195812664
226,306791390,75140,306866530,10,0,0,12288,10,7754866666
227,306826226,55748,306881974,2,0,0,4096,2,6178756230
228,306841717,104624,306946341,3,0,0,43520,3,10391860095
229,306842238,52832,306895070,10,0,0,4608,10,9737047382
230,306895931,142960,307038891,12,0,0,119296,12,9104056614
231,306965799,73747,307039546,7,0,0,2048,7,8453831272
232,307003737,135558,307139295,6,0,0,29696,6,2302493142
233,307014397,100119,307114516,19,0,0,13824,19,5971046475
234,307046493,566,307047059,11,0,1,512,11,5324461007
235,307119505,105248,307224753,10,0,0,45568,10,5651809095
236,307128766,111446,307240212,9,0,0,50688,9,8849372865
237,307174639,131186,307305825,15,0,0,57344,15,4021225983
238,307208718,97754,307306472,14,0,0,2048,14,5061701634
239,307234617,8550,307243167,10,0,1,3072,10,262648296
240,307237596,11267,307248863,12,0,1,8192,12,5052602218
241,307244339,165622,307409961,15,0,0,8704,15,7736323390
242,307273104,175029,307448133,14,0,0,58368,14,3461659792
243,307284513,199751,307484264,16,0,0,111616,16,4775703053
244,307292919,17441,307310360,7,0,1,10752,7,9203296750
245,307295344,234802,307530146,5,0,0,29184,5,5139225268
246,307431037,124293,307555330,10,0,0,31744,10,4643291159
247,307432307,80207,307512514,16,0,0,7168,16,9567571259
248,307468848,118628,307587476,16,0,0,38912,16,10267130208
249,307472658,125996,307598654,12,0,0,14848,12,8251193129
250,307509454,3128,307512582,1,0,1,9216,1,6481579637
251,307520269,9900,307530169,0,0,1,4096,0,4481252486
252,307520644,152209,307672853,4,0,0,50176,4,5009425234
253,307566320,91230,307657550,5,0,0,14336,5,9600446963
254,307575809,115869,307691678,12,0,0,20480,12,1352214464
255,307595941,120865,307716806,12,0,0,16384,12,8482750439
256,307600365,4420,307604785,10,0,1,11776,10,3884882717
257,307700816,113070,307813886,6,0,0,35328,6,5336457646
258,307805285,93597,307898882,0,0,0,19456,0,5747602758
259,307846580,85760,307932340,11,0,0,16896,11,9683970179
260,307906834,48980,307955814,18,0,0,2048,18,9082325671
261,307954885,2946,307957831,16,0,1,3072,16,7529217525
262,307981658,47600,308029258,5,0,0,2560,5,133991709
263,308012659,58064,308070723,9,0,0,6656,9,8200006611
264,308023088,126427,308149515,10,0,0,103936,10,8935801140
265,308096568,67120,308163688,13,0,0,3072,13,9819827354
266,308108914,69690,308178604,10,0,0,6656,10,10088799203
267,308109245,81053,308190298,9,0,0,3584,9,5483501943
268,308169372,163448,308332820,9,0,0,140800,9,7621634949
269,308171828,166311,308338139,2,0,0,17408,2,10711213415
270,308188223,204842,308393065,13,0,0,7168,13,7689873257
271,308216257,174601,308390858,13,0,0,62976,13,2424593950
272,308269641,132643,308402284,15,0,0,30208,15,4126358679
273,308287765,115790,308403555,6,0,0,4096,6,8431994747
274,308337138,97177,308434315,12,0,0,28160,12,7429088963
275,308338979,135294,308474273,5,0,0,9728,5,5667303870
276,308348945,109917,308458862,1,0,0,6656,1,7754402943
277,308371285,121980,308493265,9,0,0,13824,9,5918172383
278,308374509,93617,308468126,17,0,0,16896,17,4349588751
279,308388268,71950,308460218,9,0,0,1024,9,9502878865
280,308393820,133928,308527748,7,0,0,14848,7,1168379268
281,308395776,8838,308404614,1,0,1,1024,1,9363737112
282,308419252,90339,308509591,6,0,0,15872,6,4368604838
283,308440719,125206,308565925,9,0,0,26112,9,2905227304
284,308446553,111393,308557946,9,0,0,27136,9,6554766412
285,308518935,122926,308641861,15,0,0,41472,15,7135702446
286,308527715,80960,308608675,10,0,0,14336,10,8773610315
287,308553505,103128,308656633,16,0,0,14336,16,8139387954
288,308586850,90392,308677242,3,0,0,22016,3,4241005454
289,308592455,90116,308682571,8,0,0,2560,8,5026005845
290,308615525,89011,308704536,2,0,0,4608,2,347970622
291,308621660,76173,308697833,14,0,0,4608,14,10263304592
292,308622705,93855,308716560,2,0,0,13824,2,6559036133
293,308639339,100603,308739942,13,0,0,13824,13,10472087821
294,308640506,6222,308646728,12,0,1,5120,12,9020839548
295,308644189,135095,308779284,7,0,0,58368,7,2061210268
296,308710861,113237,308824098,8,0,0,43008,8,2179370654
297,308712412,112949,308825361,1,0,0,4096,1,10467488686
298,308764652,137296,308901948,14,0,0,30208,14,93558678
299,308837056,47600,308884656,15,0,0,2560,15,9442674714
300,308916289,1994,308918283,0,0,1,2048,0,5025589112
301,308930905,83914,309014819,6,0,0,10240,6,6439713342
302,309051349,100880,309152229,4,0,0,31232,4,7785620694
303,309099207,1042,309100249,0,0,1,1024,0,3929462893
304,309120239,101192,309221431,6,0,0,32256,6,6537983662
305,309173611,152204,309325815,10,0,0,3584,10,9781593459
306,309182737,132440,309315177,2,0,0,37888,2,6850028096
307,309184702,115271,309299973,5,0,0,14336,5,5514091059
308,309199425,64364,309263789,1,0,0,7168,1,3807648734
309,309209285,115423,309324708,11,0,0,31232,11,8448699327
310,309220909,3460,309224369,10,0,1,3072,10,6536249194
311,309224182,79436,309303618,1,0,0,11264,1,4122259880
312,309240480,143539,309384019,7,0,0,5120,7,8942277922
313,309255425,181584,309437009,6,0,0,114688,6,3656617920
314,309316108,246138,309562246,3,0,0,29696,3,3894765927
315,309334571,129425,309463996,2,0,0,15872,2,306908279
316,309339532,100308,309439840,11,0,0,9216,11,232801495
317,309357174,5326,309362500,11,0,1,5632,11,7051689137
318,309363973,1994,309365967,7,0,1,2048,7,1341832501
319,309375897,90031,309465928,4,0,0,2048,4,3676352143
320,309380994,5454,309386448,7,0,1,13824,7,5215740632
321,309383087,125373,309508460,15,0,0,35328,15,3975745350
322,309384345,113336,309497681,14,0,0,34304,14,10427020716
323,309411869,303058,309714927,10,0,0,13824,10,435407923
324,309468712,12566,309481278,16,0,1,20992,16,6056334541
325,309486553,115136,309601689,7,0,0,28672,7,3460327701
326,309510274,152693,309662967,0,0,0,52224,0,6071214933
327,309531169,304051,309835220,10,0,0,86528,10,2492947919
328,309543380,179682,309723062,14,0,0,22016,14,9024896426
329,309558170,127076,309685246,12,0,0,7680,12,5949815418
330,309575023,266452,309841475,17,0,0,20480,17,9129977381
331,309579363,369482,309948845,4,0,0,27136,4,7518946472
332,309626651,216243,309842894,12,0,0,4608,12,1830725881
333,309631889,140607,309772496,10,0,0,41984,10,5445733583
334,309643835,278413,309922248,1,0,0,31232,1,6930084799
335,309647095,131656,309778751,7,0,0,20480,7,9627890734
336,309663257,328978,309992235,15,0,0,27648,15,5313271708
337,309672121,3387,309675508,0,0,1,9728,0,10587533163
338,309676913,3645,309680558,7,0,1,10240,7,5169677002
339,309697079,201130,309898209,11,0,0,32256,11,5882946615
340,309730574,133057,309863631,10,0,0,1024,10,1289055953
341,309751632,188930,309940562,7,0,0,25600,7,254687486
342,309758437,104630,309863067,13,0,0,13824,13,3415451787
343,309798312,5326,309803638,4,0,1,5632,4,7200567948
344,309802684,110033,309912717,4,0,0,14336,4,1583348109
345,309970370,99164,310069534,3,0,0,25600,3,8031848627
346,309989529,143455,310132984,11,0,0,20992,11,5795677969
347,310096362,88544,310184906,19,0,0,20992,19,4229697892
348,310133754,52259,310186013,15,0,0,3584,15,6636204536
349,310156710,113606,310270316,18,0,0,66560,18,3029496949
350,310176889,129631,310306520,6,0,0,24064,6,5327380634
351,310272299,73136,310345435,13,0,0,10752,13,636654909
352,310276422,7706,310284128,11,0,1,8192,11,4336650105
353,310283288,276202,310559490,7,0,0,17920,7,10683292702
354,310290188,191185,310481373,12,0,0,18944,12,8492539207
355,310309073,4850,310313923,16,0,1,5120,16,8098795310
356,310315874,155323,310471197,2,0,0,10752,2,4508846292
357,310317895,50672,310368567,2,0,0,2560,2,1775467416
358,310375073,146176,310521249,15,0,0,38912,15,9763624955
359,310387245,3128,310390373,19,0,1,9216,19,2248116803
360,310421909,121959,310543868,15,0,0,31232,15,3204882759
361,310444030,109985,310554015,0,0,0,9216,0,7009983225
362,310520821,99740,310620561,11,0,0,26112,11,8775068250
363,310567053,125154,310692207,14,0,0,33280,14,6812421953
364,310589435,109807,310699242,2,0,0,23040,2,4576028118
365,310601109,65900,310667009,18,0,0,7168,18,7941384333
366,310607080,130877,310737957,19,0,0,20992,19,994117075
367,310621567,149175,310770742,2,0,0,9216,2,130900843
368,310630671,3387,310634058,16,0,1,9728,16,8469839193
369,310672716,151863,310824579,0,0,0,77312,0,5877292658
370,310701598,137532,310839130,1,0,0,16896,1,7222389145
371,310721430,138250,310859680,2,0,0,2560,2,8533550234
372,310772402,139718,310912120,14,0,0,48640,14,8698145187
373,310836965,77510,310914475,18,0,0,7680,18,10227656033
374,310880750,84512,310965262,10,0,0,12800,10,692632518
375,310905191,66716,310971907,5,0,0,4608,5,3257745744
376,310915796,95855,311011651,14,0,0,29184,14,2315080194
377,310946332,112266,311058598,7,0,0,19456,7,10018205013
378,310954400,93152,311047552,9,0,0,20992,9,2465306803
379,311020206,125950,311146156,8,0,0,78848,8,1178032213
380,311027456,236082,311263538,16,0,0,62976,16,251115715
381,311076957,115037,311191994,17,0,0,4608,17,94991589
382,311091882,65228,311157110,13,0,0,1024,13,1212079293
383,311098725,107945,311206670,3,0,0,22528,3,9985521069
384,311160769,113704,311274473,10,0,0,35840,10,10272551457
385,311232515,70473,311302988,17,0,0,2560,17,3971730898
386,311235065,83156,311318221,19,0,0,18432,19,1575445075
387,311273140,214676,311487816,13,0,0,26112,13,614683624
388,311274379,105559,311379938,12,0,0,27136,12,8233581336
389,311279462,150988,311430450,19,0,0,50688,19,9419204570
390,311280443,3422,311283865,13,0,1,3584,13,9792537305
391,311287258,4162,311291420,11,0,1,11264,11,1014642272
392,311330802,109335,311440137,11,0,0,31744,11,9895908676
393,311336827,186884,311523711,10,0,0,117760,10,3293543425
394,311346599,210531,311557130,18,0,0,31744,18,30872890
395,311371674,154548,311526222,15,0,0,8192,15,2507758059
396,311403308,185082,311588390,13,0,0,48640,13,1108248306
397,311414685,121076,311535761,14,0,0,31232,14,296506512
398,311502284,86277,311588561,7,0,0,512,7,7380310951
399,311571043,74360,311645403,12,0,0,9728,12,10136547108
400,311591855,3898,311595753,19,0,1,4096,19,3775343187
401,311616973,101036,311718009,19,0,0,31744,19,8889226622
402,311665928,159930,311825858,2,0,0,58880,2,6783534491
403,311679348,62540,311741888,12,0,0,11264,12,780078549
404,311737031,102284,311839315,10,0,0,35840,10,9086125836
405,311738357,101285,311839642,17,0,0,1024,17,517906795
406,311786899,96900,311883799,5,0,0,8192,5,3099407524
407,311790462,99332,311889794,11,0,0,19456,11,3670635567
408,311791984,1994,311793978,16,0,1,2048,16,10732549903
409,311800559,146409,311946968,6,0,0,19456,6,2900965399
410,311813469,171461,311984930,17,0,0,16896,17,3715613704
411,311841038,4850,311845888,0,0,1,5120,0,5845777116
412,311842769,87458,311930227,0,0,0,2048,0,4411480249
413,311886187,91207,311977394,11,0,0,17920,11,4397657205
414,311907074,4850,311911924,13,0,1,5120,13,1073185203
415,311918105,12825,311930930,16,0,1,21504,16,10591982859
416,311933611,148492,312082103,11,0,0,35840,11,684796349
417,311939629,7354,311946983,11,0,1,2560,11,1656391883
418,311942626,94642,312037268,1,0,0,1024,1,6429493740
419,312049593,7230,312056823,11,0,1,7680,11,315043646
420,312051978,49140,312101118,17,0,0,2560,17,8537714296
421,312084409,3422,312087831,0,0,1,3584,0,6819500893
422,312085495,12621,312098116,6,0,1,20992,6,6713543584
423,312088362,120588,312208950,1,0,0,21504,1,5109488228
424,312098316,96966,312195282,12,0,0,22016,12,9863718206
425,312099603,138333,312237936,5,0,0,4608,5,9939155040
426,312123073,168875,312291948,17,0,0,34304,17,4972753162
427,312140980,117749,312258729,11,0,0,44544,11,1723254761
428,312172611,174020,312346631,13,0,0,60416,13,6607269768
429,312216615,226580,312443195,12,0,0,52224,12,5463663201
430,312216825,1518,312218343,0,0,1,1536,0,2119918033
431,312233378,192315,312425693,11,0,0,29184,11,845557959
432,312269200,113881,312383081,3,0,0,24576,3,4583239513
433,312364198,63070,312427268,6,0,0,5120,6,9484566593
434,312364335,136293,312500628,2,0,0,13824,2,5374230128
435,312378579,113480,312492059,5,0,0,24064,5,3549687007
436,312383459,207451,312590910,6,0,0,31744,6,2656106869
437,312385930,92726,312478656,13,0,0,12288,13,6511890026
438,312394276,155203,312549479,4,0,0,51200,4,6030416803
439,312427028,228040,312655068,1,0,0,17920,1,511124301
440,312432101,78703,312510804,6,0,0,7680,6,8313780488
441,312436331,183031,312619362,6,0,0,80896,6,8766758185
442,312503559,139251,312642810,13,0,0,5120,13,7451462858
443,312519222,105615,312624837,13,0,0,17920,13,2854246410
444,312520106,52364,312572470,6,0,0,3072,6,3973760237
445,312521850,179718,312701568,16,0,0,15360,16,3325067529
446,312526527,160983,312687510,12,0,0,13824,12,2983196013
447,312536688,152865,312689553,4,0,0,6656,4,6137911857
448,312551358,5326,312556684,16,0,1,5632,16,10693998311
449,312559152,68664,312627816,17,0,0,512,17,5921220207
450,312577792,89360,312667152,9,0,0,7168,9,2756095573
451,312605001,156249,312761250,16,0,0,58880,16,2265585821
452,312607740,191304,312799044,4,0,0,14336,4,9299322680
453,312618182,149947,312768129,2,0,0,22528,2,8492795764
454,312623921,253870,312877791,6,0,0,78336,6,264610785
455,312627616,110042,312737658,0,0,0,512,0,3130055238
456,312630015,49333,312679348,12,0,0,1024,12,5181006623
457,312670361,147280,312817641,14,0,0,33280,14,6323706029
458,312705258,208371,312913629,14,0,0,48640,14,3301727065
459,312707243,228865,312936108,7,0,0,73728,7,1337939952
460,312831828,109763,312941591,15,0,0,17920,15,9669335726
461,312872793,75054,312947847,15,0,0,10752,15,6355434509
462,312898086,89744,312987830,19,0,0,14848,19,3142523171
463,312903374,117786,313021160,12,0,0,7168,12,4096261146
464,312997566,7230,313004796,1,0,1,7680,1,7086870304
465,313016182,4993,313021175,7,0,1,10752,7,9316015760
466,313037064,80528,313117592,16,0,0,14848,16,7819018983
467,313087437,13253,313100690,1,0,1,25600,1,3679398064
468,313091207,130539,313221746,19,0,0,13312,19,10504854197
469,313095078,192530,313287608,2,0,0,31744,2,10347853463
470,313171144,2470,313173614,19,0,1,2560,19,7920437252
471,313242563,119829,313362392,15,0,0,12800,15,1466829376
472,313274281,102540,313376821,14,0,0,23040,14,8750684413
473,313279090,145108,313424198,19,0,0,17920,19,4222442549
474,313316087,206697,313522784,4,0,0,37888,4,109573713
475,313354644,143485,313498129,13,0,0,69632,13,1253670943
476,313404747,97453,313502200,2,0,0,13312,2,4561115078
477,313418176,178408,313596584,18,0,0,118784,18,6007591581
478,313436946,180623,313617569,1,0,0,2048,1,5638398024
479,313452259,152452,313604711,14,0,0,26624,14,4473468393
480,313499011,7085,313506096,19,0,1,10752,19,7906764920
481,313510427,118542,313628969,17,0,0,9216,17,417220451
482,313532074,4679,313536753,7,0,1,12288,7,4196221007
483,313533515,138978,313672493,0,0,0,20992,0,7655761716
484,313543345,92260,313635605,1,0,0,15872,1,8049859878
485,313552964,90036,313643000,11,0,0,11776,11,2485435780
486,313610335,1994,313612329,7,0,1,2048,7,8342584256
487,313614930,180696,313795626,0,0,0,48640,0,10436730893
488,313616863,134353,313751216,12,0,0,40448,12,5090970825
489,313620152,243820,313863972,15,0,0,39936,15,1381666388
490,313630959,6632,313637591,10,0,1,2048,10,6898484060
491,313716082,154145,313870227,3,0,0,20480,3,4163689290
492,313742895,129787,313872682,10,0,0,3584,10,2077235048
493,313743533,19233,313762766,16,0,1,18944,16,7136534023
494,313773180,152634,313925814,0,0,0,19968,0,277000257
495,313835551,107120,313942671,4,0,0,51712,4,2930275990
496,313930930,14861,313945791,10,0,1,9216,10,74282840
497,313949934,115242,314065176,0,0,0,36352,0,6423705046
498,313954361,59132,314013493,9,0,0,5120,9,9635868705
499,313975912,4679,313980591,10,0,1,12288,10,2267045475
500,313982112,59132,314041244,3,0,0,5120,3,9213932419
501,313990248,1518,313991766,0,0,1,1536,0,1786192310
502,314033445,4937,314038382,16,0,1,12800,16,5483842848
503,314049088,106028,314155116,10,0,0,48128,10,1699520386
504,314061903,163923,314225826,12,0,0,52224,12,5400008794
505,314142601,13073,314155674,16,0,1,512,16,7874228104
506,314168669,5802,314174471,4,0,1,6144,4,8098250735
507,314183231,109166,314292397,19,0,0,46592,19,5309224802
508,314278870,66859,314345729,12,0,0,3072,12,6274835712
509,314288774,56004,314344778,4,0,0,3072,4,1396707270
510,314359333,106808,314466141,8,0,0,50688,8,2081665052
511,314440042,106340,314546382,7,0,0,49152,7,396695095
512,314449984,109361,314559345,10,0,0,42496,10,678504638
513,314543796,116290,314660086,5,0,0,30720,5,1601328598
514,314547430,79631,314627061,13,0,0,3072,13,3012675020
515,314606766,78236,314685002,18,0,0,17408,18,10610078573
516,314621833,50672,314672505,15,0,0,2560,15,9207696654
517,314625402,140678,314766080,7,0,0,5120,7,2895839123
518,314641483,151399,314792882,1,0,0,46592,1,6277688408
519,314653577,91233,314744810,5,0,0,14848,5,5544856652
520,314654022,49985,314704007,5,0,0,512,5,5063962353
521,314715276,117770,314833046,14,0,0,14848,14,1523726272
522,314732495,85035,314817530,1,0,0,14336,1,1736594424
523,314767051,106009,314873060,4,0,0,24064,4,8390729101
524,314830355,3249,314833604,12,0,1,512,12,10669805668
525,314863248,45596,314908844,19,0,0,1024,19,1997859848
526,314917093,4374,314921467,4,0,1,4608,4,9196504206
527,314960399,104780,315065179,0,0,0,44032,0,5954948772
528,314972791,47288,315020079,9,0,0,1536,9,2214731576
529,314982781,154956,315137737,7,0,0,49152,7,5360546096
530,315023760,50672,315074432,17,0,0,2560,17,92370416
531,315024837,119926,315144763,16,0,0,512,16,3256380538
532,315031208,78288,315109496,19,0,0,11776,19,7250823643
533,315062894,14326,315077220,3,0,1,19968,3,1127504514
534,315095463,1994,315097457,1,0,1,2048,1,2005406034
535,315107391,88325,315195716,9,0,0,18432,9,5337600275
536,315120106,105766,315225872,7,0,0,23552,7,45674866
537,315150288,4374,315154662,4,0,1,4608,4,1706658694
538,315164434,70004,315234438,13,0,0,2560,13,5967475527
539,315171753,135942,315307695,10,0,0,27648,10,802674266
540,315196794,120965,315317759,18,0,0,16896,18,5213827691
541,315220067,19914,315239981,13,0,1,24064,13,3989378748
542,315242235,2946,315245181,0,0,1,3072,0,1134352711
543,315243004,174045,315417049,13,0,0,16896,13,8268190596
544,315266673,236118,315502791,4,0,0,22528,4,9019270640
545,315273377,122062,315395439,7,0,0,20992,7,657238977
546,315339863,95780,315435643,4,0,0,24576,4,2069768717
547,315380051,5712,315385763,19,0,1,14336,19,9963236836
548,315434540,2137,315436677,0,0,1,1024,0,6464686483
549,315480835,61136,315541971,1,0,0,6656,1,9142759578
550,315510207,141821,315652028,10,0,0,14336,10,9315208642
551,315521451,157968,315679419,9,0,0,512,9,10393682283
552,315530725,210449,315741174,3,0,0,103936,3,7250050573
553,315552396,157095,315709491,2,0,0,58880,2,880455158
554,315556983,191873,315748856,15,0,0,8704,15,6687712858
555,315602473,5196,315607669,10,0,1,13312,10,4088502243
556,315626596,179165,315805761,4,0,0,16384,4,1085396692
557,315636145,110044,315746189,8,0,0,16384,8,5554589135
558,315704426,88036,315792462,4,0,0,4608,4,85127516
559,315794788,101348,315896136,9,0,0,32768,9,5310476047
560,315802218,103167,315905385,18,0,0,27136,18,1947787863
561,315837025,100412,315937437,14,0,0,29696,14,5374597292
562,315852242,195829,316048071,12,0,0,116224,12,287585712
563,315870771,123606,315994377,3,0,0,24576,3,9356510025
564,315874229,84466,315958695,16,0,0,2560,16,10695599306
565,315878562,236579,316115141,6,0,0,44544,6,969756244
566,315885782,162928,316048710,10,0,0,2048,10,1406094449
567,315902425,227924,316130349,0,0,0,32256,0,4105941353
568,315903985,146144,316050129,4,0,0,4608,4,1089160866
569,315935493,71136,316006629,10,0,0,2048,10,10680050225
570,315996150,105404,316101554,5,0,0,46080,5,2191213054
571,316046124,98774,316144898,17,0,0,4608,17,4409105840
572,316048054,189038,316237092,2,0,0,41984,2,6459372673
573,316049558,234331,316283889,8,0,0,70144,8,8375200523
574,316060437,163848,316224285,11,0,0,35840,11,10425549145
575,316063267,3422,316066689,3,0,1,3584,3,6251263730
576,316079710,76052,316155762,1,0,0,10240,1,9973890334
577,316092669,206999,316299668,18,0,0,51712,18,1112478952
578,316100276,235075,316335351,17,0,0,31232,17,245756004
579,316151435,336585,316488020,17,0,0,33792,17,3701832001
580,316260250,118307,316378557,2,0,0,512,2,1967069024
581,316269575,65947,316335522,10,0,0,512,10,3935843599
582,316295446,105718,316401164,3,0,0,33280,3,1899071597
583,316317821,118155,316435976,11,0,0,21504,11,4640430469
584,316401986,89481,316491467,2,0,0,11264,2,4273161767
585,316417358,92216,316509574,10,0,0,17920,10,9463382239
586,316420475,172589,316593064,9,0,0,28672,9,155506863
587,316424665,244017,316668682,9,0,0,164864,9,1616984858
588,316482258,219226,316701484,0,0,0,44544,0,9426883568
589,316573681,96444,316670125,9,0,0,4608,9,2744960415
590,316627711,117039,316744750,3,0,0,15360,3,9282895177
591,316658717,57270,316715987,9,0,0,1536,9,10654280426
592,316660049,131417,316791466,13,0,0,52736,13,431326960
593,316712877,91059,316803936,17,0,0,512,17,4989955686
594,316720623,125695,316846318,11,0,0,8704,11,10705306277
595,316732903,64576,316797479,9,0,0,4608,9,1584873258
596,316748619,94669,316843288,14,0,0,25088,14,6895282213
597,316763948,1994,316765942,13,0,1,2048,13,8296125209
598,316764331,6778,316771109,19,0,1,15872,19,3068705781
599,316800460,117816,316918276,10,0,0,16896,10,1071908256
600,316898760,75136,316973896,5,0,0,5632,5,7744533708
601,316912834,177432,317090266,9,0,0,24576,9,2287821800
602,316989154,1994,316991148,19,0,1,2048,19,7036000270
603,317044622,106340,317150962,17,0,0,49152,17,1006204773
604,317067637,109899,317177536,3,0,0,9216,3,5495867512
605,317118901,118353,317237254,5,0,0,27648,5,4196882526
606,317204386,101816,317306202,15,0,0,34304,15,2074220419
607,317211671,124499,317336170,1,0,0,34304,1,5617350404
608,317219708,167765,317387473,1,0,0,14848,1,379143412
609,317220530,160517,317381047,12,0,0,94720,12,5504941323
610,317228247,154687,317382934,3,0,0,6144,3,468949365
611,317239309,1042,317240351,4,0,1,1024,4,8928061922
612,317278571,224792,317503363,10,0,0,25088,10,977887530
613,317285870,115192,317401062,3,0,0,5632,3,2049932951
614,317286684,104425,317391109,13,0,0,5632,13,1996885031
615,317337814,139893,317477707,17,0,0,56832,17,121256928
616,317388036,3898,317391934,0,0,1,4096,0,3661291438
617,317395185,158396,317553581,19,0,0,47104,19,9801744706
618,317441142,98072,317539214,1,0,0,22016,1,8284043442
619,317457539,127269,317584808,5,0,0,9216,5,10262327175
620,317489693,64527,317554220,7,0,0,2048,7,58546666
621,317579839,100880,317680719,12,0,0,31232,12,2789385163
622,317604906,4420,317609326,11,0,1,11776,11,10142759166
623,317630039,109354,317739393,14,0,0,56320,14,676628085
624,317683477,143792,317827269,19,0,0,45056,19,4168799857
625,317725310,19029,317744339,4,0,1,12800,4,9699924885
626,317737067,53795,317790862,0,0,0,5120,0,3197840122
627,317760791,5326,317766117,11,0,1,5632,11,89943602
628,317778428,566,317778994,16,0,1,512,16,7377307766
629,317802779,155304,317958083,9,0,0,4096,9,8805154979
630,317807062,20230,317827292,1,0,1,24064,1,4622528059
631,317812245,70764,317883009,15,0,0,4096,15,10486407596
632,317850128,248581,318098709,2,0,0,2560,2,3015476484
633,317872444,134405,318006849,9,0,0,15872,9,9889326328
634,317882272,82349,317964621,11,0,0,18432,11,7816848111
635,317919130,156449,318075579,17,0,0,23552,17,2864890350
636,317922874,3422,317926296,5,0,1,3584,5,2481130156
637,317946039,129711,318075750,18,0,0,512,18,5724515773
638,317963029,6004,317969033,1,0,1,11776,1,9137435121
639,317976044,119701,318095745,19,0,0,58368,19,6406698055
640,317980576,1518,317982094,4,0,1,1536,4,2495610427
641,317981365,150062,318131427,10,0,0,28160,10,9572847814
642,317983082,239437,318222519,5,0,0,29696,5,3592588404
643,318051689,184683,318236372,19,0,0,23040,19,7407603840
644,318091654,80759,318172413,7,0,0,12288,7,8699402472
645,318142701,121315,318264016,10,0,0,38400,10,1472025662
646,318157529,3898,318161427,4,0,1,4096,4,4533271883
647,318190549,117757,318308306,1,0,0,26112,1,54361340
648,318212513,115138,318327651,15,0,0,29696,15,6807025795
649,318212963,83182,318296145,4,0,0,512,4,6698985458
650,318249361,156800,318406161,2,0,0,59392,2,1000257615
651,318249891,217069,318466960,12,0,0,34816,12,1158607975
652,318257162,154630,318411792,8,0,0,18432,8,9307771374
653,318259458,153441,318412899,2,0,0,3584,2,4383398221
654,318270951,2470,318273421,1,0,1,2560,1,5263545736
655,318304607,71656,318376263,9,0,0,4608,9,1107840612
656,318308393,22433,318330826,1,0,1,36864,1,863544596
657,318364660,136907,318501567,4,0,0,15360,4,6880360770
658,318365747,163614,318529361,5,0,0,7168,5,3715912218
659,318408429,7884,318416313,3,0,1,3584,3,9573429707
660,318414002,141553,318555555,12,0,0,31232,12,1748960310
661,318417220,5802,318423022,13,0,1,6144,13,8880381152
662,318465997,5375,318471372,10,0,1,11776,10,5432336285
663,318477546,3898,318481444,5,0,1,4096,5,6574472478
664,318492642,93037,318585679,12,0,0,5120,12,9097568158
665,318492645,181362,318674007,19,0,0,54784,19,5396781382
666,318500228,143227,318643455,19,0,0,25088,19,5551097004
667,318501676,144290,318645966,0,0,0,8192,0,2575777381
668,318509155,113816,318622971,11,0,0,13312,11,10721568072
669,318520803,221700,318742503,16,0,0,5120,16,7619770059
670,318565138,139789,318704927,13,0,0,14848,13,7155176036
671,318568704,131661,318700365,0,0,0,34304,0,2698279171
672,318583988,1706,318585694,10,0,1,512,10,2091733182
673,318592456,183599,318776055,3,0,0,88576,3,5830120253
674,318603502,176484,318779986,19,0,0,12800,19,10658591962
675,318685409,14971,318700380,0,0,1,8192,0,4136224338
676,318697709,96184,318793893,18,0,0,19968,18,7649356657
677,318705685,75728,318781413,15,0,0,4608,15,6847619286
678,318749989,44073,318794062,4,0,1,24064,4,7788157538
679,318752692,123324,318876016,15,0,0,28160,15,9919094428
680,318818034,10499,318828533,8,0,1,16896,8,6956544846
681,318846902,64232,318911134,1,0,0,11776,1,2773170163
682,318885831,105404,318991235,5,0,0,46080,5,3549694713
683,318891177,143750,319034927,14,0,0,28160,14,5092823280
684,318924386,68112,318992498,12,0,0,4096,12,4034642073
685,319007512,104624,319112136,16,0,0,43520,16,5861395238
686,319042102,73256,319115358,5,0,0,2560,5,5431889967
687,319060490,69752,319130242,7,0,0,9728,7,6286710509
688,319061972,106375,319168347,3,0,0,28160,3,6984766895
689,319067459,2946,319070405,10,0,1,3072,10,362203754
690,319092809,87787,319180596,5,0,0,18944,5,7351133966
691,319142005,157041,319299046,7,0,0,64512,7,1796087617
692,319153850,14512,319168362,11,0,1,8192,11,7888401346
693,319158500,68684,319227184,2,0,0,11264,2,5215676719
694,319169238,148863,319318101,13,0,0,62464,13,4205166732
695,319224753,128497,319353250,15,0,0,13312,15,8157967690
696,319251574,153910,319405484,1,0,0,11264,1,10286360674
697,319251978,223707,319475685,4,0,0,77824,4,9731079265
698,319295083,156860,319451943,9,0,0,41984,9,8840513948
699,319316112,202025,319518137,16,0,0,26624,16,6790301124
700,319331611,1994,319333605,16,0,1,2048,16,9553322702
701,319351311,193382,319544693,18,0,0,23040,18,617177253
702,319360523,240841,319601364,0,0,0,35328,0,7873639305
703,319431440,20518,319451958,8,0,1,22528,8,4018239845
704,319527468,136145,319663613,4,0,0,19456,4,8187337571
705,319564574,3898,319568472,0,0,1,4096,0,5851106625
706,319590549,266119,319856668,6,0,0,50176,6,7708703246
707,319594272,203918,319798190,1,0,0,512,1,3072644337
708,319643923,2870,319646793,6,0,1,8704,6,3441071165
709,319648000,82297,319730297,17,0,0,9216,17,131300971
710,319714536,125120,319839656,15,0,0,39936,15,2386670417
711,319719003,79016,319798019,15,0,0,19968,15,4327782090
712,319733370,191239,319924609,4,0,0,10240,4,4190159197
713,319744469,1042,319745511,7,0,1,1024,7,712959782
714,319745064,82409,319827473,13,0,0,4608,13,6342692106
715,319758540,1994,319760534,13,0,1,2048,13,1778208801
716,319787492,133982,319921474,4,0,0,39936,4,9817769453
717,319798964,86247,319885211,19,0,0,5120,19,9680771185
718,319812206,138980,319951186,14,0,0,21504,14,3344047144
719,319843856,185758,320029614,5,0,0,5120,5,1287227896
720,319854988,179209,320034197,8,0,0,12800,8,6892773186
721,319857974,104523,319962497,14,0,0,35840,14,3607087992
722,319870838,148298,320019136,6,0,0,26624,6,5862756143
723,319883437,183898,320067335,12,0,0,46080,12,10002936653
724,319895508,156700,320052208,5,0,0,49152,5,5802542732
725,319905114,3422,319908536,11,0,1,3584,11,6041809492
726,319906095,236733,320142828,11,0,0,34304,11,5909976624
727,319973554,191534,320165088,14,0,0,31744,14,3782838800
728,320030232,121815,320152047,16,0,0,30208,16,5793940928
729,320035193,566,320035759,7,0,1,512,7,5282878194
730,320040789,79315,320120104,14,0,0,8704,14,4241621884
731,320069498,146837,320216335,6,0,0,25600,6,2387861931
732,320083138,125382,320208520,19,0,0,28672,19,5365924462
733,320102294,171993,320274287,9,0,0,15360,9,10014568600
734,320118620,143906,320262526,16,0,0,35328,16,1523677111
735,320131189,177165,320308354,7,0,0,32256,7,7787121370
736,320158989,11417,320170406,7,0,1,5632,7,7152386199
737,320188230,125614,320313844,5,0,0,3072,5,5766326062
738,320204202,108691,320312893,15,0,0,14848,15,394368837
739,320217943,125301,320343244,9,0,0,16896,9,1714983397
740,320220051,3422,320223473,14,0,1,3584,14,5296358506
741,320309284,106212,320415496,13,0,0,33792,13,8517276527
742,320399602,47288,320446890,13,0,0,1536,13,1314649059
743,320399721,3128,320402849,7,0,1,9216,7,2097202766
744,320417045,128913,320545958,13,0,0,83968,13,10357345507
745,320436450,218151,320654601,0,0,0,32768,0,4299096371
746,320447543,11274,320458817,13,0,1,18432,13,1969226100
747,320462421,143403,320605824,15,0,0,35840,15,1700743534
748,320473296,135195,320608491,16,0,0,8704,16,4263350444
749,320484304,108682,320592986,11,0,0,9216,11,3586950344
750,320522517,176991,320699508,14,0,0,18432,14,2843176155
751,320525714,192226,320717940,15,0,0,18432,15,1227643038
752,320544736,69136,320613872,1,0,0,1024,1,4405376730
753,320548982,76266,320625248,5,0,0,3072,5,9110265532
754,320550536,94066,320644602,13,0,0,10752,13,1593904764
755,320588477,86833,320675310,9,0,0,6656,9,5449642087
756,320610679,6278,320616957,19,0,1,6656,19,2584161990
757,320641289,115231,320756520,5,0,0,7680,5,8996005745
758,320650653,176073,320826726,5,0,0,35328,5,3002702901
759,320669665,131891,320801556,17,0,0,48640,17,4207422150
760,320680934,84310,320765244,16,0,0,1024,16,1629969461
761,320747570,1994,320749564,16,0,1,2048,16,6875329379
762,320766977,98696,320865673,18,0,0,24064,18,5428078617
763,320836692,64208,320900900,11,0,0,6656,11,10193333570
764,320841178,57440,320898618,5,0,0,4608,5,9441996786
765,320883386,196130,321079516,8,0,0,62464,8,4718096993
766,320883749,5326,320889075,4,0,1,5632,4,1013542513
767,320900835,87353,320988188,5,0,0,16896,5,8526419765
768,320903610,102160,321005770,17,0,0,33280,17,297513123
769,320916800,73431,320990231,15,0,0,6656,15,10238267891
770,321019954,175801,321195755,2,0,0,20480,2,8473487408
771,321034833,105248,321140081,7,0,0,45568,7,9943294216
772,321035335,106009,321141344,9,0,0,4096,9,9087237931
773,321117959,107120,321225079,19,0,0,51712,19,1852236953
774,321178020,82532,321260552,9,0,0,16384,9,502832713
775,321209283,70307,321279590,0,0,0,7168,0,8154087471
776,321222834,102181,321325015,13,0,0,28160,13,6869252530
777,321283434,7706,321291140,3,0,1,8192,3,5023042244
778,321296608,104624,321401232,2,0,0,43520,2,1150325067
779,321366137,172529,321538666,5,0,0,31744,5,734198627
780,321368168,133372,321501540,16,0,0,128512,16,2294418540
781,321418130,205286,321623416,7,0,0,81920,7,2210454895
782,321440018,3898,321443916,4,0,1,4096,4,9124816354
783,321463000,208110,321671110,9,0,0,25600,9,6358337920
784,321500476,79752,321580228,4,0,0,10752,4,3880509523
785,321505579,182361,321687940,10,0,0,4096,10,7487995292
786,321518228,133183,321651411,0,0,0,4608,0,632270095
787,321598988,183967,321782955,19,0,0,35840,19,3695654127
788,321623911,107588,321731499,10,0,0,53248,10,3123533740
789,321704777,5326,321710103,19,0,1,5632,19,5995447712
790,321718636,317780,322036416,19,0,0,49664,19,8577236049
791,321777864,91911,321869775,11,0,0,15360,11,3767814565
792,321778871,9903,321788774,2,0,1,6144,2,4170713418
793,321785769,169044,321954813,16,0,0,61440,16,2292032840
794,321796731,101972,321898703,12,0,0,34816,12,1949420513
795,321798528,184601,321983129,9,0,0,21504,9,3005443147
796,321832406,126025,321958431,6,0,0,6656,6,403870832
797,321875596,5326,321880922,3,0,1,5632,3,5461796598
798,321882532,73856,321956388,13,0,0,5120,13,4201532919
799,321888498,105147,321993645,8,0,0,21504,8,9696675776
800,321892664,9954,321902618,4,0,1,4096,4,2184301257
801,321955666,155442,322111108,7,0,0,28672,7,6320859484
802,321977075,103010,322080085,9,0,0,12288,9,4861116116
803,321977799,76898,322054697,10,0,0,5632,10,817469373
804,321981287,12373,321993660,7,0,1,5120,7,612692342
805,322046014,74683,322120697,5,0,0,13312,5,3773885171
806,322073874,50672,322124546,14,0,0,2560,14,8399314128
807,322083906,130433,322214339,0,0,0,92672,0,9189520781
808,322099240,118078,322217318,8,0,0,9728,8,570567473
809,322104559,227851,322332410,2,0,0,19456,2,6997474733
810,322123561,114246,322237807,17,0,0,17408,17,3509416910
811,322128342,185137,322313479,2,0,0,104448,2,8005901126
812,322211364,11658,322223022,5,0,1,14336,5,2421916672
813,322266178,101872,322368050,7,0,0,20480,7,3137587656
814,322272464,162576,322435040,14,0,0,17408,14,3369376444
815,322273943,3422,322277365,8,0,1,3584,8,7289873163
816,322302767,102476,322405243,10,0,0,21504,10,1577435684
817,322305232,63613,322368845,19,0,0,2560,19,6217708392
818,322306982,11218,322318200,11,0,1,12288,11,8398659647
819,322322884,70976,322393860,14,0,0,8704,14,8245821063
820,322340794,7706,322348500,4,0,1,8192,4,7210463535
821,322352402,31266,322383668,18,0,1,50688,18,9142221699
822,322367433,84305,322451738,14,0,0,512,14,2732682459
823,322368053,16588,322384641,1,0,1,12800,1,9098232793
824,322387343,265833,322653176,8,0,0,58368,8,5948606927
825,322395045,110403,322505448,10,0,0,9728,10,361570554
826,322478003,82542,322560545,1,0,0,512,1,3539896000
827,322489235,102777,322592012,11,0,0,18944,11,2202582751
828,322491074,81159,322572233,10,0,0,3584,10,5249224528
829,322570578,100256,322670834,0,0,0,29184,0,4958867
830,322571386,141502,322712888,1,0,0,14848,1,4314036653
831,322575014,240816,322815830,5,0,0,79360,5,508634025
832,322589553,102565,322692118,4,0,0,18944,4,6259190021
833,322596492,254564,322851056,1,0,0,17408,1,2162878633
834,322615858,122962,322738820,12,0,0,9216,12,9372815007
835,322618514,111680,322730194,0,0,0,512,0,5082336659
836,322647851,9215,322657066,14,0,1,4096,14,1810824234
837,322725070,142899,322867969,8,0,0,40960,8,2504812843
838,322744809,125359,322870168,13,0,0,7168,13,2315839045
839,322849326,106190,322955516,19,0,0,43008,19,1200503541
840,322861166,13931,322875097,11,0,1,12800,11,4833082120
841,322878092,205227,323083319,1,0,0,4096,1,6469161910
842,322900880,4374,322905254,10,0,1,4608,10,8236988616
843,322949052,8450,322957502,5,0,1,2048,5,2765606483
844,322960600,116623,323077223,10,0,0,59392,10,3455863071
845,322968843,200162,323169005,5,0,0,57344,5,1097172112
846,322984659,96428,323081087,19,0,0,2048,19,8907481465
847,322987363,2870,322990233,4,0,1,8704,4,8125374709
848,323014854,131000,323145854,8,0,0,11776,8,3575903912
849,323035483,3387,323038870,5,0,1,9728,5,428151667
850,323082783,4426,323087209,7,0,1,4096,7,4078504562
851,323090258,127113,323217371,0,0,0,13312,0,4328547774
852,323133059,105372,323238431,7,0,0,16896,7,2801119659
853,323142327,218359,323360686,5,0,0,66048,5,5537210095
854,323149223,122250,323271473,16,0,0,13312,16,6039844564
855,323172856,164499,323337355,1,0,0,17920,1,7809202107
856,323174056,98056,323272112,17,0,0,2048,17,10710511677
857,323175588,255230,323430818,16,0,0,13824,16,6909099420
858,323179423,261573,323440996,17,0,0,6656,17,7704350709
859,323179736,246855,323426591,0,0,0,133120,0,8417279905
860,323198026,1518,323199544,15,0,1,1536,15,5227734181
861,323212583,296639,323509222,10,0,0,12288,10,8734461181
862,323237340,350591,323587931,8,0,0,148992,8,4328425961
863,323271154,330208,323601362,8,0,0,44032,8,8345524376
864,323274005,231458,323505463,7,0,0,17920,7,8307396558
865,323276508,162437,323438945,12,0,0,26624,12,5803991915
866,323326132,190560,323516692,18,0,0,6144,18,4556109934
867,323353077,143125,323496202,3,0,0,66048,3,1006713863
868,323410825,193875,323604700,3,0,0,7168,3,4468719348
869,323516528,85957,323602485,4,0,0,3584,4,5132075003
870,323536777,141486,323678263,12,0,0,134144,12,704730998
871,323538944,144350,323683294,13,0,0,16384,13,9964840612
872,323568966,36259,323605225,10,0,1,512,10,8913329057
873,323569483,151208,323720691,19,0,0,10240,19,5268591787
874,323581802,24089,323605891,13,0,1,1024,13,9935693589
875,323583373,127688,323711061,12,0,0,12800,12,7515782389
876,323646635,134663,323781298,9,0,0,10240,9,8763560118
877,323654571,30676,323685247,4,0,1,2048,4,2461873292
878,323661850,108384,323770234,19,0,0,9216,19,2980626089
879,323692883,206188,323899071,3,0,0,40448,3,381017960
880,323748961,70220,323819181,12,0,0,11264,12,3113429903
881,323753826,73276,323827102,12,0,0,2048,12,8723544787
882,323781587,117819,323899406,8,0,0,1024,8,866963361
883,323857143,5802,323862945,11,0,1,6144,11,372280377
884,323873687,193789,324067476,14,0,0,29696,14,8960292922
885,323896694,73969,323970663,17,0,0,10752,17,2909740174
886,323912522,97789,324010311,14,0,0,14848,14,9616695939
887,323945952,94820,324040772,5,0,0,16384,5,4379144351
888,323975394,68357,324043751,14,0,0,9728,14,10160499662
889,324004942,5384,324010326,7,0,1,11776,7,1259054879
890,324013740,97011,324110751,3,0,0,9216,3,8406957101
891,324119072,104156,324223228,1,0,0,41984,1,4728906845
892,324122123,162269,324284392,9,0,0,81408,9,9897489465
893,324128834,176991,324305825,14,0,0,16384,14,1084599364
894,324159542,182837,324342379,13,0,0,22528,13,3505426476
895,324164672,157064,324321736,11,0,0,5120,11,8770110657
896,324166558,134229,324300787,0,0,0,53760,0,5258982861
897,324216314,8900,324225214,11,0,1,2048,11,2235806358
898,324243779,118505,324362284,9,0,0,37376,9,3204272349
899,324256247,127058,324383305,13,0,0,29696,13,3918031956
900,324256305,44497,324300802,16,0,1,18432,16,5367257797
901,324271292,38390,324309682,0,0,1,4096,0,3685500913
902,324274215,140564,324414779,15,0,0,10752,15,5020888260
903,324342051,198249,324540300,7,0,0,78336,7,5234056278
904,324348080,105959,324454039,9,0,0,6144,9,7373533037
905,324376252,302884,324679136,2,0,0,100352,2,5734921412
906,324423150,3422,324426572,16,0,1,3584,16,2789418175
907,324432406,214720,324647126,0,0,0,98816,0,5842570065
908,324472226,122609,324594835,16,0,0,23040,16,7228322320
909,324551144,97401,324648545,1,0,0,4608,1,4859749755
910,324553790,131601,324685391,4,0,0,20480,4,10602361182
911,324662395,27684,324690079,0,0,1,12288,0,8951860000
912,324681584,102208,324783792,3,0,0,23040,3,8447515091
913,324779952,7730,324787682,15,0,1,4096,15,7073084746
914,324784580,98982,324883562,1,0,0,12288,1,5533039802
915,324826297,59875,324886172,12,0,0,4608,12,2294416971
916,324855324,152744,325008068,10,0,0,44544,10,10235261373
917,324858516,10499,324869015,10,0,1,16896,10,7275957344
918,324876740,172461,325049201,4,0,0,6144,4,3116071572
919,324882141,131963,325014104,13,0,0,18944,13,8282467595
920,324890844,156470,325047314,16,0,0,98816,16,6128312612
921,324922734,187487,325110221,19,0,0,16896,19,4495795557
922,324930353,122139,325052492,6,0,0,10752,6,683695962
923,324938210,138918,325077128,19,0,0,29184,19,7864410008
924,325074347,79137,325153484,4,0,0,11264,4,524939020
925,325099631,62516,325162147,9,0,0,6144,9,6583591555
926,325106423,95226,325201649,19,0,0,15360,19,2326119490
927,325178004,48980,325226984,14,0,0,2048,14,10330259910
928,325202773,102128,325304901,12,0,0,35328,12,1960176667
929,325208062,10241,325218303,16,0,1,16384,16,1896080538
930,325213822,130685,325344507,18,0,0,19456,18,9808613280
931,325217577,4162,325221739,4,0,1,11264,4,1742004140
932,325321511,59132,325380643,1,0,0,5120,1,3511440748
933,325333639,95622,325429261,3,0,0,3584,3,8148409742
934,325354360,1994,325356354,10,0,1,2048,10,5400863714
935,325371774,188169,325559943,4,0,0,12800,4,6234605599
936,325421116,55977,325477093,16,0,0,2048,16,8006261468
937,325422865,80864,325503729,15,0,0,20992,15,10095786790
938,325441972,566,325442538,16,0,1,512,16,1556749490
939,325487993,3422,325491415,0,0,1,3584,0,8667331142
940,325520001,81776,325601777,14,0,0,18944,14,4343406831
941,325562583,88358,325650941,19,0,0,6656,19,2456484985
942,325583313,57440,325640753,14,0,0,4608,14,1572962735
943,325588891,83912,325672803,16,0,0,15872,16,697258489
944,325696977,68372,325765349,2,0,0,10240,2,4334103993
945,325704663,71444,325776107,12,0,0,10240,12,5522410541
946,325723294,117889,325841183,12,0,0,26112,12,9587122584
947,325756104,9260,325765364,10,0,1,6656,10,6131356592
948,325774640,7430,325782070,12,0,1,14848,12,7429285637
949,325776854,104854,325881708,2,0,0,31744,2,10222265394
950,325930512,59444,325989956,16,0,0,6144,16,9952896378
951,325952853,2470,325955323,7,0,1,2560,7,5552221420
952,326054108,4850,326058958,7,0,1,5120,7,3321854120
953,326082744,116792,326199536,17,0,0,83456,17,3943969280
954,326163483,1994,326165477,1,0,1,2048,1,10071951149
955,326203337,7706,326211043,19,0,1,8192,19,3536873847
956,326207247,197124,326404371,5,0,0,512,5,9660179577
957,326213554,119381,326332935,1,0,0,45568,1,8886635827
958,326239233,4374,326243607,13,0,1,4608,13,4151303889
959,326262809,81832,326344641,5,0,0,12288,5,5850074894
960,326270932,1518,326272450,13,0,1,1536,13,6118914638
961,326293216,94769,326387985,13,0,0,18432,13,10730280543
962,326324186,135253,326459439,2,0,0,2560,2,2008072747
963,326329295,162478,326491773,2,0,0,59392,2,7766718238
964,326348194,92216,326440410,13,0,0,17920,13,1819143930
965,326368404,98115,326466519,9,0,0,5632,9,1755835736
966,326387806,65816,326453622,6,0,0,3584,6,716684714
967,326452817,98182,326550999,14,0,0,23552,14,1821976708
968,326461117,59378,326520495,8,0,0,4096,8,6294656499
969,326479704,59193,326538897,3,0,0,1024,3,5107389209
970,326486704,65246,326551950,19,0,0,3072,19,1600129539
971,326492718,129261,326621979,3,0,0,12288,3,342100285
972,326528658,69620,326598278,10,0,0,14336,10,7043734800
973,326549935,4001,326553936,13,0,1,2048,13,8520903976
974,326557470,188343,326745813,13,0,0,44544,13,404301324
975,326558928,106964,326665892,10,0,0,51200,10,4106310748
976,326561261,194551,326755812,16,0,0,32768,16,3254901786
977,326623208,87852,326711060,7,0,0,5632,7,2185652875
978,326651034,109161,326760195,12,0,0,14336,12,1787352790
979,326687090,98964,326786054,0,0,0,1024,0,7750013785
980,326796344,67592,326863936,7,0,0,7680,7,1234803435
981,326796980,135968,326932948,7,0,0,82944,7,9888277726
982,326812909,126294,326939203,7,0,0,20480,7,3011661104
983,326885487,1518,326887005,10,0,1,1536,10,3725768418
984,326891560,93702,326985262,14,0,0,24576,14,7356766281
985,326958632,132446,327091078,11,0,0,72192,11,9849004191
986,326991934,106692,327098626,18,0,0,11264,18,3634131962
987,327037831,111087,327148918,1,0,0,43008,1,4711101051
988,327044118,55459,327099577,12,0,0,3072,12,7467143717
989,327044630,2470,327047100,10,0,1,2560,10,180558716
990,327060729,94009,327154738,12,0,0,6656,12,2956189364
991,327064851,114049,327178900,11,0,0,9216,11,6919444923
992,327070322,145173,327215495,8,0,0,34816,8,8518386463
993,327076509,16104,327092613,1,0,1,1536,1,4417392667
994,327161146,1042,327162188,4,0,1,1024,4,5525261986
995,327226055,71156,327297211,2,0,0,14336,2,6780209901
996,327228328,129936,327358264,6,0,0,9728,6,6839961043
997,327239253,116032,327355285,12,0,0,42496,12,1058450327
998,327254022,4374,327258396,8,0,1,4608,8,9569175245
999,327255384,117325,327372709,19,0,0,24064,19,234136817
1000,327309922,5196,327315118,3,0,1,13312,3,1349003506
1001,327321981,91682,327413663,19,0,0,14336,19,811243714
1002,327349409,125990,327475399,10,0,0,19968,10,5322375704
1003,327407043,6635,327413678,10,0,1,2560,10,10615871204
1004,327428113,72068,327500181,18,0,0,12288,18,3512143864
1005,327434950,115839,327550789,6,0,0,39424,6,2583989513
1006,327450434,107858,327558292,14,0,0,24576,14,3322772059
1007,327460708,101039,327561747,2,0,0,11264,2,10192514228
1008,327507289,91944,327599233,15,0,0,4608,15,7486857624
1009,327519387,124312,327643699,13,0,0,13312,13,7461398641
1010,327527532,66181,327593713,11,0,0,6656,11,7615850647
1011,327543859,20317,327564176,11,0,1,2560,11,6214778362
1012,327572444,100342,327672786,0,0,0,22528,0,4114099755
1013,327577037,146954,327723991,0,0,0,6656,0,4285212949
1014,327590781,127089,327717870,15,0,0,39424,15,5107514117
1015,327627959,15755,327643714,10,0,1,22016,10,2441867201
1016,327649684,153285,327802969,10,0,0,37888,10,1128194803
1017,327730792,163599,327894391,8,0,0,20480,8,4853726140
1018,327772822,2946,327775768,8,0,1,3072,8,4518187167
1019,327806280,164251,327970531,12,0,0,109056,12,1999887702
1020,327864514,178324,328042838,11,0,0,19456,11,806280307
1021,327892869,113162,328006031,10,0,0,31232,10,10063884162
1022,327900253,178741,328078994,2,0,0,32256,2,9517097554
1023,327908068,203248,328111316,18,0,0,6144,18,4643267469
1024,327925759,95336,328021095,3,0,0,28160,3,1610647747
1025,327953633,103198,328056831,1,0,0,2048,1,229593575
1026,327999151,93836,328092987,18,0,0,14848,18,10557715763
1027,328045320,3898,328049218,1,0,1,4096,1,350433917
1028,328066220,112506,328178726,13,0,0,59904,13,8022460627
1029,328111540,10499,328122039,1,0,1,16896,1,9151901057
1030,328113100,104758,328217858,13,0,0,4608,13,7290755328
1031,328121620,198125,328319745,10,0,0,7680,10,9520812463
1032,328162181,116637,328278818,12,0,0,28672,12,10676121066
1033,328193443,89758,328283201,18,0,0,14336,18,4680158883
1034,328206819,125814,328332633,8,0,0,4608,8,7438316452
1035,328292933,96668,328389601,10,0,0,17408,10,4307256380
1036,328305821,4162,328309983,19,0,1,11264,19,10714148738
1037,328308816,147565,328456381,15,0,0,75264,15,527477750
1038,328359077,162212,328521289,11,0,0,13824,11,6069734018
1039,328377035,172214,328549249,1,0,0,80384,1,6340557764
1040,328494466,6754,328501220,16,0,1,7168,16,8026006481
1041,328540793,83120,328623913,1,0,0,10752,1,4873378716
1042,328544050,87231,328631281,8,0,0,9728,8,4419494073
1043,328558172,135551,328693723,10,0,0,52224,10,7872306346
1044,328660115,103376,328763491,11,0,0,39424,11,8246746148
1045,328714470,85472,328799942,0,0,0,20992,0,7308435180
1046,328724879,130052,328854931,14,0,0,34816,14,10724157569
1047,328740950,93390,328834340,9,0,0,11776,9,4412845273
1048,328744211,4679,328748890,13,0,1,12288,13,9719581786
1049,328781771,277477,329059248,0,0,0,46080,0,6501344553
1050,328804235,85514,328889749,19,0,0,16896,19,5377413297
1051,328821757,210649,329032406,5,0,0,46080,5,7802339090
1052,328826764,139526,328966290,3,0,0,14336,3,3219978628
1053,328841545,142057,328983602,9,0,0,14336,9,9724443172
1054,328930660,1518,328932178,11,0,1,1536,11,1625784357
1055,328937225,102840,329040065,18,0,0,25088,18,9238581407
1056,328981576,156537,329138113,9,0,0,24576,9,7062608684
1057,329025268,99301,329124569,18,0,0,12800,18,6851288925
1058,329027328,63426,329090754,8,0,0,2560,8,8418571917
1059,329103842,57440,329161282,18,0,0,4608,18,4184935280
1060,329111835,129985,329241820,9,0,0,40960,9,4543435570
1061,329116397,101691,329218088,2,0,0,6144,2,10074136920
1062,329123774,92427,329216201,6,0,0,26112,6,10655249795
1063,329126144,120292,329246436,13,0,0,5632,13,7876383804
1064,329165968,126158,329292126,16,0,0,13312,16,2716648561
1065,329169062,92552,329261614,19,0,0,24064,19,1657294349
1066,329188740,120017,329308757,6,0,0,30208,6,8195585738
1067,329201713,110045,329311758,9,0,0,7168,9,9860922973
1068,329211154,105143,329316297,18,0,0,14848,18,3183656339
1069,329215722,135691,329351413,0,0,1,216064,0,3650192665
1070,329216154,219189,329435343,17,0,0,7680,17,7028738388
1071,329233502,250469,329483971,19,0,0,15872,19,5618781221
1072,329250226,137726,329387952,3,0,0,30720,3,8111235543
1073,329280163,127565,329407728,13,0,0,10240,13,153148653
1074,329284279,275862,329560141,15,0,0,37888,15,2114800912
1075,329298951,151815,329450766,12,0,0,9216,12,6787840238
1076,329326467,264668,329591135,2,0,0,20480,2,9383966584
1077,329349247,180554,329529801,18,0,0,19456,18,1530303946
1078,329356376,176560,329532936,16,0,0,10240,16,1386108283
1079,329361420,1042,329362462,10,0,1,1024,10,4446130927
1080,329389695,3898,329393593,16,0,1,4096,16,4361805132
1081,329393245,1518,329394763,1,0,1,1536,1,3727748231
1082,329402529,10757,329413286,0,0,1,17408,0,1776876273
1083,329423653,161227,329584880,4,0,0,20992,4,7261231020
1084,329454032,124000,329578032,1,0,0,15360,1,898794440
1085,329488669,209817,329698486,5,0,0,62976,5,4925768073
1086,329507844,143382,329651226,14,0,0,57856,14,10712442389
1087,329527265,126628,329653893,18,0,0,8704,18,8157816460
1088,329595737,104644,329700381,18,0,0,6144,18,9072492142
1089,329605708,143831,329749539,18,0,0,15872,18,8575677692
1090,329618126,112070,329730196,2,0,0,4608,2,8961702794
1091,329623620,5196,329628816,10,0,1,13312,10,6961193645
1092,329626047,118641,329744688,19,0,0,18432,19,2523207574
1093,329691592,16454,329708046,10,0,1,8192,10,4700994593
1094,329727166,1518,329728684,1,0,1,1536,1,8183006494
1095,329735485,76052,329811537,2,0,0,10240,2,7379471361
1096,329735706,111135,329846841,8,0,0,15872,8,10700920665
1097,329755249,81980,329837229,7,0,0,18944,7,5291647503
1098,329778920,126631,329905551,12,0,0,15872,12,8211143701
1099,329782350,156422,329938772,19,0,0,24576,19,2110615430
1100,329782609,97921,329880530,3,0,0,26112,3,547548807
1101,329784282,124191,329908473,4,0,0,9216,4,6947000176
1102,329785901,6278,329792179,11,0,1,6656,11,1478498769
1103,329791674,173016,329964690,0,0,1,280064,0,9205925749
1104,329818291,227739,330046030,9,0,0,81408,9,3064293483
1105,329861405,264675,330126080,15,0,0,49152,15,3613399961
1106,329880635,90571,329971206,16,0,1,31232,16,2954575564
1107,329946399,237329,330183728,2,0,0,4608,2,10673540819
1108,329979684,209933,330189617,8,0,0,8704,8,9199862424
1109,329996578,254956,330251534,16,0,0,14848,16,5973418300
1110,330023652,326604,330350256,6,0,0,49664,6,965885826
1111,330024230,203235,330227465,16,0,0,22016,16,4659645864
1112,330027521,169131,330196652,13,0,0,12288,13,6734701325
1113,330050162,247257,330297419,11,0,0,28672,11,8529251361
1114,330112727,194582,330307309,15,0,0,11776,15,10105974733
1115,330127416,263012,330390428,3,0,0,15872,3,406492441
1116,330139719,1042,330140761,1,0,1,1024,1,1674001702
1117,330162174,272180,330434354,18,0,0,7680,18,10513197598
1118,330166639,188468,330355107,7,0,0,15872,7,10154715174
1119,330198191,133902,330332093,18,0,0,45568,18,3225602796
1120,330242030,9519,330251549,5,0,1,6656,5,8641420556
1121,330265076,163144,330428220,18,0,0,20992,18,5833918849
1122,330308171,209537,330517708,6,0,0,53760,6,4733681311
1123,330352016,119194,330471210,16,0,0,9728,16,4721318268
1124,330366975,269369,330636344,11,0,0,74240,11,10520645024
1125,330377366,74360,330451726,12,0,0,9728,12,6088446117
1126,330377653,63765,330441418,18,0,0,6144,18,6706055427
1127,330402637,85983,330488620,11,0,0,8704,11,3098943234
1128,330473074,136773,330609847,12,0,0,34816,12,2963804197
1129,330473675,247731,330721406,13,0,0,125440,13,3603960831
1130,330479352,119864,330599216,1,0,0,61440,1,2739762768
1131,330481059,241298,330722357,7,0,0,3072,7,2303204798
1132,330493119,566,330493685,16,0,1,512,16,2614943731
1133,330554308,123018,330677326,6,0,0,4608,6,3835897075
1134,330570159,158609,330728768,2,0,0,20992,2,9055831921
1135,330590177,139698,330729875,11,0,0,3584,11,7768143563
1136,330643110,111896,330755006,0,0,0,36864,0,8925048616
1137,330727054,106033,330833087,5,0,0,38912,5,10366408713
1138,330769311,1994,330771305,5,0,1,2048,5,4119168450
1139,330775421,126915,330902336,2,0,0,512,2,5978344260
1140,330795594,54749,330850343,15,0,0,2560,15,8303268074
1141,330817455,15647,330833102,16,0,1,12288,16,1364435521
1142,330828931,81907,330910838,18,0,0,10752,18,3821730081
1143,330903167,68903,330972070,8,0,0,13312,8,2579550385
1144,330909868,1528,330911396,14,0,1,512,14,603202181
1145,330916639,149883,331066522,16,0,0,41984,16,9094612485
1146,330932115,142378,331074493,14,0,0,26112,14,4791512598
1147,331004286,566,331004852,3,0,1,512,3,7166038305
1148,331040783,73160,331113943,14,0,0,15872,14,1924142834
1149,331044600,74984,331119584,6,0,0,11776,6,5359947883
1150,331057630,17421,331075051,13,0,1,512,13,6000672992
1151,331074658,99664,331174322,8,0,0,27136,8,2176871990
1152,331089026,132180,331221206,1,0,0,50176,1,7555045722
1153,331136431,69464,331205895,10,0,0,13824,10,9376445645
1154,331149729,119664,331269393,15,0,0,19456,15,5739852227
1155,331154238,193947,331348185,15,0,0,116736,15,5927162896
1156,331203438,96836,331300274,9,0,0,1536,9,7325002210
1157,331223400,129176,331352576,2,0,0,14336,2,5108677262
1158,331246296,5326,331251622,8,0,1,5632,8,5008249173
1159,331272421,100826,331373247,14,0,0,16384,14,1235874999
1160,331282760,7230,331289990,17,0,1,7680,17,2796257819
1161,331307114,209549,331516663,1,0,0,13824,1,4017931085
1162,331307593,1042,331308635,16,0,1,1024,16,9456711718
1163,331320356,95131,331415487,11,0,0,1536,11,10191214050
1164,331338098,60066,331398164,9,0,0,1024,9,1163703202
1165,331355071,141276,331496347,18,0,0,37888,18,7457067554
1166,331377070,2946,331380016,2,0,1,3072,2,3817870877
1167,331404796,162681,331567477,9,0,0,33280,9,1128416080
1168,331412854,566,331413420,11,0,1,512,11,2097963911
1169,331484572,103220,331587792,18,0,0,38912,18,10342658992
1170,331509908,103973,331613881,4,0,0,4608,4,2723516390
1171,331522488,65490,331587978,8,0,0,512,8,7969239676
1172,331527099,1994,331529093,11,0,1,2048,11,3681943584
1173,331541323,111095,331652418,10,0,0,23040,10,10602563247
1174,331549322,63140,331612462,14,0,0,8192,14,3214153811
1175,331575034,97760,331672794,17,0,0,20992,17,7918270556
1176,331575805,12002,331587807,17,0,1,4608,17,8127236639
1177,331602749,151771,331754520,18,0,0,81408,18,2421893987
1178,331613202,261658,331874860,10,0,0,72704,10,9176285793
1179,331652203,200490,331852693,16,0,0,64512,16,959907659
1180,331779642,121991,331901633,17,0,0,11264,17,4800473293
1181,331825681,2870,331828551,13,0,1,8704,13,2915069792
1182,331829331,57986,331887317,15,0,0,4608,15,260992039
1183,331876846,99788,331976634,17,0,0,27648,17,5848046807
1184,331885094,102735,331987829,8,0,0,34816,8,5154688847
1185,331909617,140451,332050068,19,0,0,55808,19,6763309024
1186,331916958,137961,332054919,0,0,0,15872,0,9146513500
1187,332008121,132007,332140128,9,0,0,87040,9,5044477626
1188,332022244,147452,332169696,15,0,0,68096,15,9281019966
1189,332053067,137884,332190951,16,0,0,18432,16,7582276197
1190,332065350,127337,332192687,7,0,0,3072,7,4777040485
1191,332068071,117249,332185320,6,0,0,11264,6,10382227866
1192,332163770,51514,332215284,10,0,0,1024,10,4064174425
1193,332172619,177302,332349921,3,0,0,38400,3,2435178237
1194,332177395,102284,332279679,6,0,0,35840,6,9604414956
1195,332262675,222018,332484693,14,0,0,70144,14,4508189625
1196,332285514,88245,332373759,17,0,0,4608,17,2616790289
1197,332296854,144747,332441601,0,0,0,19456,0,7904618114
1198,332312376,180140,332492516,10,0,0,25600,10,3995451147
1199,332345088,52113,332397201,14,0,0,1536,14,1525370483
1200,332354181,5802,332359983,13,0,1,6144,13,7329834744
1201,332355072,94629,332449701,1,0,0,10752,1,233105124
1202,332384623,48980,332433603,16,0,0,2048,16,6696817261
1203,332413080,166684,332579764,13,0,0,26624,13,4333549005
1204,332447777,95824,332543601,6,0,0,18432,6,1644888418
1205,332477622,160504,332638126,7,0,0,50688,7,8158584832
1206,332504414,102399,332606813,0,0,1,165888,0,10518940329
1207,332528635,109974,332638609,0,0,0,1536,0,739703469
1208,332560118,194248,332754366,7,0,0,45568,7,9461706966
1209,332575485,36615,332612100,4,0,1,16896,4,207122462
1210,332587122,247217,332834339,4,0,0,15360,4,1601871368
1211,332590163,149271,332739434,19,0,0,16896,19,5536678321
1212,332602845,239161,332842006,19,0,0,25088,19,8027674293
1213,332620528,282682,332903210,14,0,0,43008,14,10552264456
1214,332727828,116229,332844057,1,0,0,6656,1,6642900013
1215,332749305,6095,332755400,3,0,1,1024,3,7393163128
1216,332775193,149468,332924661,18,0,0,63488,18,8990964580
1217,332788653,7706,332796359,1,0,1,8192,1,5969455714
1218,332806468,119612,332926080,13,0,0,4608,13,7719016607
1219,332819974,115822,332935796,18,0,0,7680,18,2845972268
1220,332828155,208784,333036939,6,0,0,4608,6,7033922871
1221,332833767,12572,332846339,4,0,1,4608,4,2637859345
1222,332847414,155318,333002732,11,0,0,66048,11,3347748031
1223,332927429,13253,332940682,8,0,1,25600,8,2212326908
1224,332930273,191013,333121286,12,0,0,39424,12,8269871527
1225,333029311,55748,333085059,6,0,0,4096,6,8926724942
1226,333058404,106184,333164588,3,0,0,48640,3,499396688
1227,333071894,5971,333077865,16,0,1,14848,16,3966905314
1228,333087712,3422,333091134,16,0,1,3584,16,8257268886
1229,333094319,265221,333359540,13,0,0,26624,13,3305507181
1230,333202135,83760,333285895,5,0,0,1024,5,6708103676
1231,333211105,105432,333316537,3,0,0,9728,3,6334413263
1232,333216125,74884,333291009,1,0,0,12800,1,2804650158
1233,333220773,120784,333341557,15,0,0,26112,15,4603033498
1234,333236737,76315,333313052,1,0,0,5120,1,3956167001
1235,333289500,72551,333362051,1,0,0,8192,1,9482814222
1236,333309193,53497,333362690,11,0,0,2048,11,4529144907
1237,333391200,45596,333436796,9,0,0,1024,9,4760896484
1238,333395261,67592,333462853,7,0,0,7680,7,9525536044
1239,333429170,109073,333538243,13,0,0,27136,13,9861024020
1240,333475583,144374,333619957,7,0,0,117760,7,4448913448
1241,333521212,142762,333663974,1,0,0,11776,1,1489948210
1242,333532496,9637,333542133,17,0,1,4096,17,7779414829
1243,333586045,115368,333701413,12,0,0,17920,12,3428444562
1244,333586372,116616,333702988,19,0,0,5120,19,10497541919
1245,333606233,108224,333714457,2,0,0,15360,2,9165101491
1246,333608964,140077,333749041,2,0,0,2560,2,6097159983
1247,333609669,162147,333771816,13,0,0,6144,13,2582892861
1248,333615571,132675,333748246,0,0,0,24064,0,1625706602
1249,333690055,141045,333831100,1,0,0,62976,1,1930208328
1250,333732241,136623,333868864,3,0,0,25600,3,3456811866
1251,333747819,164872,333912691,15,0,0,9728,15,265456511
1252,333804035,27080,333831115,1,0,1,18944,1,2082594657
1253,333806030,131186,333937216,15,0,0,10752,15,8578246567
1254,333817540,18246,333835786,5,0,1,12288,5,9542556435
1255,333838620,71092,333909712,11,0,0,5120,11,1095256138
1256,333906709,88988,333995697,17,0,0,17408,17,281327033
1257,333909511,140996,334050507,3,0,0,4608,3,9639145922
1258,333939556,98843,334038399,14,0,0,10240,14,5220872634
1259,333959356,2470,333961826,5,0,1,2560,5,8467403578
1260,334036219,88688,334124907,19,0,0,14336,19,6636314595
1261,334076637,100724,334177361,16,0,0,30720,16,1485389626
1262,334079115,105618,334184733,1,0,0,23040,1,1914659754
1263,334186910,133222,334320132,5,0,0,22016,5,51767030
1264,334200301,6488,334206789,0,0,1,15872,0,5456781815
1265,334202139,173596,334375735,17,0,0,35840,17,6239675662
1266,334223109,2470,334225579,5,0,1,2560,5,7833222143
1267,334235798,4374,334240172,4,0,1,4608,4,4736766350
1268,334263305,196298,334459603,13,0,0,21504,13,10176375037
1269,334274964,115138,334390102,11,0,0,47104,11,6405520715
1270,334292364,135554,334427918,7,0,0,24576,7,9614827586
1271,334297187,121992,334419179,17,0,0,31232,17,4837478846
1272,334348608,202094,334550702,10,0,0,55808,10,9038784473
1273,334359816,162308,334522124,7,0,0,3072,7,2286973246
1274,334369740,163943,334533683,7,0,0,37888,7,8959001714
1275,334412192,151427,334563619,14,0,0,12800,14,1124202738
1276,334426276,94897,334521173,19,0,0,9728,19,4724928097
1277,334430633,153729,334584362,7,0,0,32768,7,3769631084
1278,334481692,163281,334644973,12,0,0,38400,12,6312305562
1279,334499065,75298,334574363,14,0,0,11776,14,626638908
1280,334528298,125453,334653751,19,0,0,24064,19,1101023502
1281,334534585,20049,334554634,16,0,1,4096,16,8147323039
1282,334539235,158004,334697239,2,0,0,60928,2,2113236667
1283,334560886,103201,334664087,6,0,0,1536,6,9468048613
1284,334563814,68197,334632011,1,0,0,7168,1,7322639475
1285,334629132,116238,334745370,15,0,0,37888,15,2721934269
1286,334673771,109337,334783108,9,0,0,8192,9,9220686254
1287,334685069,16582,334701651,10,0,1,11776,10,4566904502
1288,334755348,104936,334860284,14,0,0,44544,14,6363662809
1289,334757243,145155,334902398,15,0,0,10240,15,4867746150
1290,334831544,3128,334834672,16,0,1,9216,16,9241567691
1291,334871085,63958,334935043,4,0,0,3072,4,496386699
1292,334885613,160824,335046437,12,0,0,16384,12,3192677062
1293,334950275,7230,334957505,4,0,1,7680,4,1853646006
1294,334981204,48980,335030184,0,0,0,2048,0,7921099760
1295,334981434,206128,335187562,9,0,0,64000,9,9065238644
1296,335022596,81308,335103904,16,0,0,17408,16,4405914034
1297,335025399,79300,335104699,2,0,0,2560,2,3789849214
1298,335053735,94235,335147970,16,0,0,7168,16,9333915454
1299,335073995,64291,335138286,6,0,0,5632,6,9046099704
1300,335114803,130965,335245768,16,0,0,22016,16,3516454168
1301,335135984,87770,335223754,10,0,0,4096,10,5878013815
1302,335193608,11791,335205399,16,0,1,19456,16,8280135267
1303,335194162,15103,335209265,14,0,1,6144,14,7709545321
1304,335201497,120639,335322136,17,0,0,13312,17,2465441031
1305,335223707,80989,335304696,2,0,0,1536,2,6791641017
1306,335231830,288306,335520136,14,0,0,11776,14,2254279147
1307,335239628,17165,335256793,18,0,1,17920,18,9626626698
1308,335244153,256609,335500762,11,0,0,16384,11,3151880978
1309,335250234,77688,335327922,19,0,0,1024,19,6801298098
1310,335265301,116663,335381964,11,0,0,20992,11,539642799
1311,335284223,22691,335306914,3,0,1,37376,3,590170414
1312,335318427,149061,335467488,12,0,0,20992,12,10707365539
1313,335322988,96518,335419506,4,0,0,15872,4,373036748
1314,335334130,6754,335340884,17,0,1,7168,17,934587603
1315,335347776,194922,335542698,13,0,0,34816,13,3378545029
1316,335348946,3128,335352074,1,0,1,9216,1,3556992447
1317,335354912,130217,335485129,6,0,0,48640,6,3176288027
1318,335442826,171506,335614332,8,0,0,6656,8,2483053742
1319,335454788,122698,335577486,1,0,0,17920,1,2607461014
1320,335489099,92458,335581557,15,0,0,13312,15,9760241863
1321,335493931,6846,335500777,8,0,1,10752,8,5135728167
1322,335639924,5454,335645378,3,0,1,13824,3,1983192995
1323,335643769,124500,335768269,13,0,0,30720,13,10045504167
1324,335679863,105716,335785579,19,0,0,47104,19,7362653677
1325,335734692,5326,335740018,11,0,1,5632,11,5147337479
1326,335742064,103376,335845440,11,0,0,39424,11,8310702460
1327,335770953,76234,335847187,18,0,0,5632,18,5445564697
1328,335777888,143425,335921313,15,0,0,33280,15,3607313850
1329,335786874,124284,335911158,5,0,0,27136,5,3950861204
1330,335792273,131239,335923512,15,0,0,7168,15,9570171275
1331,335837752,10912,335848664,0,0,1,1536,0,9466182374
1332,335840495,163767,336004262,6,0,0,79360,6,10016440784
1333,335875433,97721,335973154,12,0,0,3584,12,6800113219
1334,335883300,88747,335972047,14,0,0,3584,14,786075609
1335,335926834,46647,335973481,16,0,0,1024,16,155428662
1336,335941722,143078,336084800,12,0,0,115712,12,6508164258
1337,335958383,137625,336096008,3,0,0,16384,3,4178096377
1338,335979827,179547,336159374,2,0,0,26624,2,5918547428
1339,335984491,25131,336009622,4,0,1,5632,4,8347637757
1340,335991742,107245,336098987,1,0,0,9728,1,5526000695
1341,335993471,91976,336085447,15,0,0,2048,15,6920875627
1342,336072046,26956,336099002,3,0,1,24576,3,214463942
1343,336114219,2470,336116689,8,0,1,2560,8,1263904417
1344,336119774,229362,336349136,16,0,0,14336,16,5772969101
1345,336124890,117532,336242422,4,0,0,22016,4,5539541631
1346,336146767,65900,336212667,18,0,0,7168,18,6567327691
1347,336150246,170215,336320461,5,0,0,47616,5,3854108246
1348,336153129,152801,336305930,18,0,0,45056,18,4056066274
1349,336153180,12699,336165879,4,0,1,15872,4,7758364051
1350,336170256,233927,336404183,12,0,0,51712,12,3306858049
1351,336175726,109072,336284798,15,0,0,26112,15,8337630254
1352,336190792,150931,336341723,17,0,0,1536,17,2150765244
1353,336203576,137656,336341232,15,0,0,52736,15,2668796322
1354,336205323,260556,336465879,13,0,0,62464,13,9487030767
1355,336209173,5802,336214975,1,0,1,6144,1,6539938342
1356,336209517,176797,336386314,2,0,0,33280,2,4319653882
1357,336300427,117737,336418164,2,0,0,512,2,2224369228
1358,336310155,14196,336324351,11,0,1,4096,11,5223925799
1359,336326599,283517,336610116,10,0,0,24064,10,1698383525
1360,336356514,12825,336369339,13,0,1,21504,13,9033666818
1361,336370681,98965,336469646,16,0,0,12288,16,2410042074
1362,336389570,213199,336602769,1,0,0,30720,1,5490207570
1363,336394933,123011,336517944,2,0,0,40960,2,4497564278
1364,336413914,284279,336698193,3,0,0,29696,3,5056030559
1365,336421773,171621,336593394,11,0,0,40448,11,5862892099
1366,336444781,166598,336611379,2,0,0,4096,2,7422066891
1367,336453482,220462,336673944,15,0,0,46592,15,9078438033
1368,336543237,167193,336710430,5,0,0,24064,5,8079595538
1369,336570296,145609,336715905,11,0,0,17920,11,5127186074
1370,336579471,109659,336689130,7,0,0,34816,7,3769511915
1371,336614681,145615,336760296,11,0,0,5120,11,4824386812
1372,336680446,78275,336758721,15,0,0,9728,15,3483674037
1373,336726167,108862,336835029,17,0,0,20992,17,1929786923
1374,336751877,134800,336886677,0,0,0,29184,0,2659705351
1375,336754626,566,336755192,1,0,1,512,1,10370363109
1376,336763581,45596,336809177,5,0,0,1024,5,1797962671
1377,336800403,55748,336856151,17,0,0,4096,17,9680779235
1378,336871674,59223,336930897,5,0,0,3072,5,4704188877
1379,336938924,94664,337033588,1,0,0,15872,1,1030327104
1380,336945913,96375,337042288,0,0,0,4096,0,4250516045
1381,336958503,128479,337086982,6,0,0,28672,6,2629765460
1382,336966854,93596,337060450,4,0,0,17408,4,10159767223
1383,336979002,134812,337113814,6,0,0,31232,6,613124276
1384,337031396,63008,337094404,18,0,0,5632,18,3643729907
1385,337036774,59049,337095823,5,0,0,4608,5,6472802666
1386,337051044,9421,337060465,4,0,1,7168,4,9855247892
1387,337071441,129151,337200592,3,0,0,88064,3,10502764103
1388,337137710,101091,337238801,11,0,0,10240,11,4769060260
1389,337184974,21339,337206313,0,0,1,14336,0,2336448967
1390,337189051,20292,337209343,7,0,1,4608,7,10412585694
1391,337209408,6278,337215686,16,0,1,6656,16,4722561134
1392,337211143,93784,337304927,3,0,0,19456,3,2128015509
1393,337214478,96636,337311114,14,0,0,8192,14,5482540217
1394,337233646,74957,337308603,16,0,0,7680,16,3971915797
1395,337235378,332819,337568197,17,0,0,37376,17,9686264360
1396,337244567,157738,337402305,8,0,0,12288,8,4819631214
1397,337246805,566,337247371,3,0,1,512,3,1566121265
1398,337260582,96863,337357445,10,0,0,9216,10,6603503008
1399,337262549,158986,337421535,11,0,0,5632,11,1678159353
1400,337280872,237506,337518378,18,0,0,77824,18,7162199584
1401,337321552,98252,337419804,19,0,0,27648,19,5399468327
1402,337377396,144616,337522012,11,0,0,4608,11,4576422761
1403,337377521,5712,337383233,6,0,1,14336,6,5129761371
1404,337426222,348097,337774319,16,0,0,83456,16,6590743407
1405,337456335,1518,337457853,16,0,1,1536,16,5458671570
1406,337470851,156763,337627614,1,0,0,61440,1,1155280578
1407,337493294,25099,337518393,11,0,1,4096,11,4186651290
1408,337503167,224782,337727949,10,0,0,67072,10,5646141254
1409,337524797,182701,337707498,14,0,0,49152,14,4955436318
1410,337549706,242911,337792617,0,0,0,41472,0,8986425093
1411,337550752,198116,337748868,2,0,0,68608,2,4172580204
1412,337598326,198252,337796578,16,0,0,9216,16,8429166431
1413,337612696,260396,337873092,7,0,0,29696,7,1662970349
1414,337623296,156654,337779950,2,0,0,18432,2,4373370574
1415,337636967,2470,337639437,16,0,1,2560,16,7062882490
1416,337645126,196616,337841742,4,0,0,33792,4,5600151566
1417,337659880,1042,337660922,9,0,1,1024,9,8202017888
1418,337676105,117619,337793724,3,0,0,3584,3,8799121787
1419,337738803,54952,337793755,0,0,1,16384,0,8655082004
1420,337749897,229570,337979467,13,0,0,28672,13,754980639
1421,337765365,264238,338029603,12,0,0,41984,12,10033017063
1422,337779459,80032,337859491,18,0,0,512,18,1824902332
1423,337803892,1518,337805410,4,0,1,1536,4,7245915180
1424,337857121,107783,337964904,7,0,0,6144,7,4773242370
1425,337914178,1042,337915220,5,0,1,1024,5,3185894684
1426,337932041,226316,338158357,16,0,0,75264,16,4685203946
1427,337944661,270210,338214871,1,0,0,32768,1,7148336913
1428,337948434,149851,338098285,3,0,0,39424,3,8470173964
1429,337985011,14117,337999128,1,0,1,24064,1,5488761366
1430,337997698,167648,338165346,19,0,0,15360,19,2287140445
1431,338025073,11010,338036083,13,0,1,15872,13,9739429623
1432,338074282,144348,338218630,1,0,0,12288,1,7157106027
1433,338094899,5372,338100271,0,0,1,2048,0,5625556720
1434,338106761,1042,338107803,17,0,1,1024,17,10114581055
1435,338108274,211379,338319653,0,0,0,14848,0,1429753641
1436,338110548,110289,338220837,12,0,0,7168,12,9748428615
1437,338111711,14545,338126256,8,0,1,28160,8,7241812771
1438,338112022,194197,338306219,11,0,0,8704,11,7329762393
1439,338150397,95560,338245957,18,0,0,17920,18,6635097236
1440,338154365,15542,338169907,16,0,1,18944,16,7713863371
1441,338209429,347698,338557127,13,0,0,52224,13,5915327964
1442,338220692,75748,338296440,15,0,0,8704,15,7697715886
1443,338223639,4374,338228013,17,0,1,4608,17,9952091920
1444,338243151,5926,338249077,13,0,1,9216,13,2320771319
1445,338274661,219049,338493710,2,0,0,20480,2,10567112992
1446,338275361,89023,338364384,2,0,0,3072,2,5030880594
1447,338305203,83518,338388721,0,0,0,6144,0,2428585229
1448,338321852,56372,338378224,4,0,0,6144,4,7590625941
1449,338334703,96824,338431527,7,0,0,17920,7,3842335839
1450,338368156,216229,338584385,10,0,0,23552,10,4606092051
1451,338384145,157055,338541200,12,0,0,93696,12,8017993818
1452,338389024,566,338389590,14,0,1,512,14,5342689373
1453,338390535,13083,338403618,13,0,1,22016,13,6091620479
1454,338401252,161522,338562774,3,0,0,18432,3,5527986073
1455,338410285,165995,338576280,17,0,0,512,17,5458705377
1456,338414316,161793,338576109,4,0,0,16384,4,6781080525
1457,338431667,253386,338685053,10,0,0,54272,10,7568339433
1458,338491634,281527,338773161,4,0,0,30720,4,3482478795
1459,338508714,138360,338647074,1,0,0,34304,1,8073933902
1460,338511910,191175,338703085,10,0,0,7168,10,2843971568
1461,338527432,173454,338700886,0,0,0,44032,0,961758655
1462,338537694,172285,338709979,8,0,0,16896,8,5798237353
1463,338545253,170825,338716078,18,0,0,19968,18,8423279451
1464,338553423,12797,338566220,16,0,1,9728,16,6774528136
1465,338554555,12011,338566566,11,0,1,512,11,2512702536
1466,338562394,55433,338617827,17,0,0,2560,17,2599975748
1467,338581383,86280,338667663,15,0,0,2560,15,10073500543
1468,338610182,146431,338756613,12,0,0,31232,12,4435054115
1469,338612813,92003,338704816,13,0,0,5632,13,4956663115
1470,338656195,162215,338818410,1,0,0,59392,1,10475797842
1471,338671462,199086,338870548,13,0,0,14336,13,1457842567
1472,338792280,99476,338891756,14,0,0,26624,14,10417767097
1473,338903528,111800,339015328,3,0,0,67072,3,5974860435
1474,338945053,122649,339067702,13,0,0,26112,13,9596810911
1475,338952263,68039,339020302,13,0,0,6656,13,6920253971
1476,338988804,172780,339161584,12,0,0,68608,12,2166915053
1477,339036442,45596,339082038,14,0,0,1024,14,7926903486
1478,339037265,3128,339040393,16,0,1,9216,16,9489732937
1479,339045154,73608,339118762,0,0,0,2560,0,722614207
1480,339046996,11533,339058529,14,0,1,18944,14,4091518747
1481,339059853,10311,339070164,8,0,1,2560,8,10551526
1482,339083591,102215,339185806,3,0,0,8192,3,7601891099
1483,339091954,125523,339217477,10,0,0,38400,10,10463337948
1484,339104298,101464,339205762,15,0,0,15872,15,2520713029
1485,339114376,171300,339285676,4,0,0,50176,4,1109089582
1486,339133282,2946,339136228,16,0,1,3072,16,7358033012
1487,339135858,82258,339218116,14,0,0,2048,14,9090787045
1488,339173239,71354,339244593,3,0,0,6144,3,7429394696
1489,339184110,116782,339300892,2,0,0,19456,2,4077094990
1490,339190309,2870,339193179,13,0,1,8704,13,7126778480
1491,339226309,141579,339367888,1,0,0,19968,1,4277772012
1492,339273626,85490,339359116,0,0,0,11776,0,10291935433
1493,339281474,10497,339291971,8,0,1,6656,8,515473006
1494,339301376,81534,339382910,10,0,0,16384,10,3014515054
1495,339352690,74477,339427167,4,0,0,2560,4,2232841794
1496,339365618,130596,339496214,4,0,0,88576,4,4027583875
1497,339390241,106612,339496853,14,0,0,2048,14,3873575651
1498,339409845,195668,339605513,15,0,0,2560,15,10057220023
1499,339413843,566,339414409,17,0,1,512,17,5058263273
1500,339416960,120088,339537048,18,0,0,2048,18,7211770686
1501,339418606,186112,339604718,7,0,0,54272,7,9428040202
1502,339424541,150969,339575510,16,0,0,49152,16,2474263745
1503,339506577,2870,339509447,3,0,1,8704,3,7619703760
1504,339555024,50816,339605840,12,0,0,1024,12,5805326747
1505,339560133,15392,339575525,17,0,1,2560,17,5906928061
1506,339570980,92071,339663051,8,0,0,20480,8,432116168
1507,339665363,5712,339671075,17,0,1,14336,17,686952528
1508,339682343,109148,339791491,5,0,0,58368,5,8286221773
1509,339700294,92148,339792442,14,0,0,3072,14,3144210089
1510,339712054,170517,339882571,19,0,0,42496,19,6528848315
1511,339739040,127667,339866707,7,0,0,512,7,171437002
1512,339759025,74815,339833840,18,0,0,5120,18,1966045311
1513,339759179,221858,339981037,8,0,0,54784,8,2020402422
1514,339790883,67856,339858739,18,0,0,4608,18,94944163
1515,339796331,128786,339925117,2,0,0,34816,2,457677297
1516,339804939,3387,339808326,10,0,1,9728,10,7093336633
1517,339812543,87848,339900391,19,0,0,10240,19,7495976899
1518,339840799,87900,339928699,6,0,0,5120,6,692028557
1519,339847406,97247,339944653,12,0,0,8192,12,5466609351
1520,339861682,208778,340070460,5,0,0,76800,5,6704144920
1521,339907943,74669,339982612,2,0,0,5120,2,3350610847
1522,339922610,107579,340030189,10,0,0,7168,10,241294285
1523,339950251,1518,339951769,5,0,1,1536,5,3035996979
1524,339958604,310132,340268736,8,0,0,42496,8,226619219
1525,339968756,195925,340164681,15,0,0,2560,15,9026816836
1526,339971655,99132,340070787,15,0,0,1024,15,10480938477
1527,339980624,144568,340125192,13,0,0,31744,13,4821426351
1528,339995544,254784,340250328,0,0,0,72192,0,6564293952
1529,340014687,4374,340019061,3,0,1,4608,3,8608690038
1530,340018493,15321,340033814,1,0,1,29696,1,6952832782
1531,340020922,142964,340163886,0,0,0,21504,0,414788239
1532,340078925,225229,340304154,3,0,0,46080,3,8366146998
1533,340088063,389803,340477866,15,0,0,70144,15,5038818820
1534,340100253,126171,340226424,4,0,0,18944,4,3428531654
1535,340112933,102014,340214947,12,0,0,9216,12,8270919971
1536,340118880,100596,340219476,10,0,0,11264,10,7586243135
1537,340137047,149545,340286592,13,0,0,9728,13,5733236539
1538,340145052,172541,340317593,17,0,0,44032,17,5088536642
1539,340147681,80630,340228311,2,0,0,6144,2,10183916010
1540,340230418,363422,340593840,3,0,0,96768,3,3397429660
1541,340233409,315328,340548737,4,0,0,4096,4,1685853116
1542,340239138,86736,340325874,2,0,0,2048,2,2358108815
1543,340241541,113648,340355189,7,0,0,16384,7,4660415923
1544,340245413,243232,340488645,12,0,0,35328,12,10273392706
1545,340259022,236412,340495434,5,0,0,16896,5,4921018248
1546,340260274,183931,340444205,19,0,0,41984,19,1594327564
1547,340283503,416239,340699742,10,0,0,204800,10,5865246848
1548,340291990,28032,340320022,16,0,1,2560,16,4515896868
1549,340316890,304510,340621400,11,0,0,27648,11,6710616569
1550,340344517,265918,340610435,14,0,0,24064,14,10580507735
1551,340345113,292214,340637327,11,0,0,52224,11,6602539927
1552,340479515,116860,340596375,15,0,0,8192,15,1046706987
1553,340519285,93676,340612961,2,0,0,8192,2,179813368
1554,340522020,180857,340702877,14,0,0,10240,14,8361457886
1555,340542896,6754,340549650,3,0,1,7168,3,7479170864
1556,340558070,147794,340705864,14,0,0,9728,14,7974503931
1557,340571785,31303,340603088,3,0,1,7168,3,283383991
1558,340575334,139749,340715083,4,0,0,30208,4,8576677747
1559,340580839,29611,340610450,11,0,1,512,11,6289396436
1560,340661901,86564,340748465,8,0,0,1024,8,8136328488
1561,340772918,5802,340778720,3,0,1,6144,3,2422759042
1562,340805004,48980,340853984,12,0,0,2048,12,4410120555
1563,340846893,43904,340890797,10,0,0,512,10,6732244314
1564,340896196,89300,340985496,2,0,0,18432,2,8111724307
1565,340906345,64499,340970844,0,0,0,5632,0,8495595017
1566,340918353,215248,341133601,14,0,0,6144,14,9141664028
1567,340965640,1518,340967158,10,0,1,1536,10,4449059618
1568,341018874,48980,341067854,14,0,0,2048,14,5749960109
1569,341034324,57440,341091764,10,0,0,4608,10,178759844
1570,341057042,72824,341129866,6,0,0,9728,6,8345266826
1571,341072367,3898,341076265,8,0,1,4096,8,4832886886
1572,341093105,62516,341155621,16,0,0,6144,16,8537052908
1573,341098635,68437,341167072,3,0,0,9728,3,4257950582
1574,341105946,64930,341170876,12,0,0,2048,12,9716685444
1575,341108809,107358,341216167,18,0,0,49152,18,7138477831
1576,341136096,223963,341360059,19,0,0,28672,19,2191298286
1577,341141819,170866,341312685,0,0,0,34304,0,5759289602
1578,341178209,77924,341256133,1,0,0,16384,1,3296281323
1579,341195872,2470,341198342,5,0,1,2560,5,6525555936
1580,341223650,99944,341323594,17,0,0,28160,17,9221922990
1581,341239778,4679,341244457,3,0,1,12288,3,584854142
1582,341255511,232724,341488235,19,0,0,62976,19,10144363308
1583,341282465,15062,341297527,5,0,1,29184,5,1161424227
1584,341366731,200086,341566817,1,0,0,42496,1,2136178532
1585,341379918,78432,341458350,3,0,0,5632,3,3952190180
1586,341390976,132405,341523381,11,0,0,26624,11,1029621654
1587,341395785,258674,341654459,6,0,0,9728,6,2293691594
1588,341432701,56173,341488874,19,0,0,2048,19,5398013179
1589,341459159,66265,341525424,3,0,0,6656,3,9641897706
1590,341462679,120783,341583462,12,0,0,40960,12,2224820432
1591,341491203,3898,341495101,4,0,1,4096,4,4778694934
1592,341491846,135182,341627028,1,0,0,21504,1,4316137414
1593,341508331,95230,341603561,14,0,0,5120,14,1465559750
1594,341522468,69117,341591585,6,0,0,6144,6,8357445138
1595,341536638,142812,341679450,1,0,0,56320,1,5714474016
1596,341548823,112267,341661090,2,0,0,6144,2,8878424541
1597,341624714,78658,341703372,11,0,0,7680,11,9671441488
1598,341659619,131935,341791554,10,0,0,69120,10,3814651182
1599,341674617,11103,341685720,13,0,1,6656,13,775163401
1600,341699703,94674,341794377,15,0,0,9216,15,5470695078
1601,341709638,4374,341714012,9,0,1,4608,9,3584277499
1602,341721190,107480,341828670,19,0,0,26112,19,2784025615
1603,341743722,67304,341811026,11,0,0,11776,11,5613251189
1604,341791046,3889,341794935,5,0,1,512,5,4343988612
1605,341797502,100724,341898226,17,0,0,30720,17,9859781579
1606,341799242,4850,341804092,0,0,1,5120,0,9943800974
1607,341839230,72668,341911898,5,0,0,9216,5,6375372358
1608,341841188,178360,342019548,11,0,0,11776,11,172100716
1609,341842204,144156,341986360,7,0,0,75776,7,2275126032
1610,341842516,118069,341960585,17,0,0,14848,17,9324327171
1611,341861530,216577,342078107,2,0,0,29184,2,5567680749
1612,341881956,115794,341997750,17,0,0,22016,17,9896793477
1613,341900495,3422,341903917,3,0,1,3584,3,1578657681
1614,341916442,127309,342043751,12,0,0,7168,12,4776066408
1615,341928277,83965,342012242,18,0,0,3584,18,3115130688
1616,341978156,120831,342098987,11,0,0,27136,11,9098165205
1617,342089431,106636,342196067,9,0,0,46080,9,5916377649
1618,342120156,43904,342164060,17,0,0,512,17,9846247375
1619,342120932,83613,342204545,8,0,0,12288,8,316256687
1620,342124350,81926,342206276,14,0,0,5632,14,5735862721
1621,342136735,100558,342237293,15,0,0,18944,15,829908014
1622,342209645,126288,342335933,16,0,0,43008,16,4429642183
1623,342257518,78750,342336268,17,0,0,1024,17,4767208666
1624,342260474,179067,342439541,2,0,0,12800,2,1665153987
1625,342266888,115839,342382727,8,0,0,24064,8,9239905193
1626,342299839,114532,342414371,1,0,0,9728,1,2471120673
1627,342331479,8195,342339674,16,0,1,3584,16,2414107242
1628,342334519,182752,342517271,12,0,0,39936,12,8423718312
1629,342386721,27665,342414386,18,0,1,46592,18,3206390256
1630,342391694,25916,342417610,8,0,1,16384,8,7432468652
1631,342416054,10499,342426553,8,0,1,16896,8,9020241062
1632,342421221,111197,342532418,6,0,0,49664,6,2844156245
1633,342465782,1994,342467776,12,0,1,2048,12,335086375
1634,342531446,194229,342725675,0,0,0,34304,0,750910888
1635,342575553,3387,342578940,1,0,1,9728,1,9788877913
1636,342592789,137269,342730058,16,0,0,14336,16,3217356105
1637,342606754,93800,342700554,2,0,0,28160,2,2888588868
1638,342618543,124010,342742553,17,0,0,40960,17,6066885223
1639,342630057,114539,342744596,8,0,0,6656,8,1511231713
1640,342646895,181305,342828200,19,0,0,61440,19,2582531944
1641,342670268,267826,342938094,4,0,0,28160,4,4945259669
1642,342675003,5802,342680805,3,0,1,6144,3,2898079638
1643,342684315,98852,342783167,12,0,0,24576,12,2815068413
1644,342697430,112035,342809465,19,0,0,10752,19,9469881268
1645,342710850,218183,342929033,2,0,0,24064,2,6949311323
1646,342791217,179801,342971018,16,0,0,11776,16,9901959827
1647,342795936,192695,342988631,5,0,0,16896,5,6286586711
1648,342796532,90680,342887212,5,0,0,17920,5,3460954307
1649,342842398,4850,342847248,9,0,1,5120,9,7064834287
1650,342868399,99016,342967415,5,0,0,18944,5,5980681991
1651,342942982,106078,343049060,6,0,0,24576,6,9415351411
1652,342957799,83758,343041557,16,0,0,4096,16,3491625964
1653,342967807,72487,343040294,6,0,0,8192,6,918618319
1654,342972915,59288,343032203,3,0,0,5632,3,6328517628
1655,343016925,122075,343139000,16,0,0,25600,16,2262719023
1656,343041352,108598,343149950,18,0,0,30720,18,3876825069
1657,343044977,5142,343050119,17,0,1,1024,17,7354759615
1658,343058903,161369,343220272,18,0,0,1024,18,1167996635
1659,343074518,66057,343140575,18,0,0,5120,18,119215297
1660,343083852,14029,343097881,4,0,1,27136,4,1819869999
1661,343084249,15578,343099827,9,0,1,3072,9,343575609
1662,343099150,161184,343260334,10,0,0,20480,10,7435251102
1663,343108122,93320,343201442,13,0,0,2560,13,3914617364
1664,343111814,126997,343238811,11,0,0,33280,11,872217611
1665,343115809,5196,343121005,12,0,1,13312,12,8820394
1666,343155042,109995,343265037,14,0,0,15360,14,5503182072
1667,343170948,69750,343240698,6,0,0,6144,6,9571396222
1668,343172184,179810,343351994,7,0,0,25600,7,9571080956
1669,343191376,85072,343276448,11,0,0,5632,11,6300775435
1670,343256967,52339,343309306,18,0,0,2048,18,2249480591
1671,343296450,118970,343415420,0,0,0,15872,0,8782668027
1672,343305424,4850,343310274,17,0,1,5120,17,5782859381
1673,343333927,3387,343337314,0,0,1,9728,0,6603464874
1674,343338997,107714,343446711,13,0,0,40448,13,1353936421
1675,343393724,54385,343448109,9,0,0,3584,9,424120692
1676,343394998,124235,343519233,0,0,0,70656,0,9090439886
1677,343398228,123836,343522064,1,0,0,9216,1,7520828123
1678,343411151,143818,343554969,4,0,0,26624,4,1302827318
1679,343422120,4937,343427057,3,0,1,12800,3,10356285854
1680,343460653,153962,343614615,15,0,0,29696,15,10497246274
1681,343502484,120570,343623054,0,0,0,27648,0,7955961472
1682,343514352,11126,343525478,5,0,1,3584,5,9892160171
1683,343527139,47288,343574427,2,0,0,1536,2,5268923431
1684,343595972,1518,343597490,13,0,1,1536,13,7870074008
1685,343599654,3422,343603076,4,0,1,3584,4,5806626615
1686,343603491,237654,343841145,0,0,0,52736,0,5319842575
1687,343621315,159442,343780757,17,0,0,16384,17,4654442318
1688,343624762,283817,343908579,15,0,0,46080,15,1690563830
1689,343641935,111906,343753841,16,0,0,8704,16,6488340044
1690,343644810,3898,343648708,10,0,1,4096,10,8962334970
1691,343651359,83780,343735139,5,0,0,20480,5,7270612422
1692,343713446,159471,343872917,17,0,0,34304,17,6343406672
1693,343718454,143922,343862376,4,0,0,69632,4,8023158389
1694,343721547,1994,343723541,0,0,1,2048,0,9711334242
1695,343757472,135833,343893305,12,0,0,22016,12,5937475777
1696,343777899,8562,343786461,10,0,1,14336,10,10617462612
1697,343855106,98278,343953384,0,0,0,24064,0,3269967524
1698,343920990,1518,343922508,17,0,1,1536,17,10385124315
1699,343926544,96267,344022811,12,0,0,12800,12,207275653
1700,343929164,3387,343932551,10,0,1,9728,10,3217855869
1701,343947105,116863,344063968,1,0,0,11264,1,5334295633
1702,343949145,111376,344060521,6,0,0,51712,6,574589867
1703,343965301,108168,344073469,8,0,0,28672,8,3999478017
1704,343987884,108531,344096415,9,0,0,18432,9,2550512177
1705,344077318,5326,344082644,9,0,1,5632,9,1564556867
1706,344157681,106219,344263900,6,0,0,26624,6,5733657891
1707,344158317,97448,344255765,13,0,0,19968,13,1236894208
1708,344159333,74880,344234213,0,0,0,9728,0,4991099045
1709,344202480,88469,344290949,14,0,0,7168,14,4393641018
1710,344209302,2946,344212248,13,0,1,3072,13,9698637747
1711,344213708,7230,344220938,10,0,1,7680,10,6469556465
1712,344239426,104131,344343557,8,0,0,23552,8,5952535873
1713,344250304,147619,344397923,1,0,0,14336,1,34977609
1714,344261247,48241,344309488,10,0,0,1024,10,4924297748
1715,344268792,11016,344279808,15,0,1,17920,15,8504002579
1716,344271611,171562,344443173,3,0,0,33280,3,7251712355
1717,344287494,120377,344407871,2,0,0,6656,2,9768244534
1718,344317053,7706,344324759,17,0,1,8192,17,1242910936
1719,344330545,13027,344343572,1,0,1,7168,1,6182502237
1720,344342330,4104,344346434,1,0,1,8704,1,5868672882
1721,344400584,173131,344573715,0,0,0,20480,0,10596909304
1722,344405175,66780,344471955,10,0,0,5632,10,10165669774
1723,344431411,11777,344443188,18,0,1,4096,18,1397389086
1724,344446290,45908,344492198,12,0,0,2048,12,4508310556
1725,344457411,47823,344505234,17,0,0,1536,17,3091917999
1726,344459548,106652,344566200,7,0,0,50176,7,1781067585
1727,344467763,6278,344474041,13,0,1,6656,13,3236666397
1728,344475894,165564,344641458,19,0,0,8704,19,5416516985
1729,344499030,136632,344635662,3,0,0,50176,3,354487373
1730,344517686,82876,344600562,2,0,0,512,2,1207039323
1731,344522734,1994,344524728,1,0,1,2048,1,2693814631
1732,344557654,147561,344705215,10,0,0,17920,10,2052991818
1733,344582570,1518,344584088,3,0,1,1536,3,4924737214
1734,344604589,90211,344694800,16,0,0,18432,16,5978358288
1735,344613155,118976,344732131,19,0,0,25600,19,10677057927
1736,344613155,137439,344750594,5,0,0,18944,5,7186935591
1737,344649711,137254,344786965,16,0,0,17920,16,8553400465
1738,344666050,6754,344672804,3,0,1,7168,3,7313208546
1739,344707610,1042,344708652,3,0,1,1024,3,8807144885
1740,344730708,91495,344822203,2,0,0,20992,2,7581184578
1741,344741490,82288,344823778,1,0,0,5120,1,6518736009
1742,344837730,44060,344881790,4,0,0,1024,4,9727774011
1743,344843640,106340,344949980,17,0,0,49152,17,9733687360
1744,344871192,3422,344874614,5,0,1,3584,5,6415806287
1745,344890112,122736,345012848,18,0,0,11264,18,1946484235
1746,344892168,95144,344987312,19,0,0,3072,19,8387323300
1747,344961394,70976,345032370,2,0,0,8704,2,4025217060
1748,344986816,90604,345077420,13,0,0,9216,13,4243889691
1749,345001991,78720,345080711,14,0,0,10752,14,3968272063
1750,345006737,43904,345050641,0,0,0,512,0,3416814306
1751,345040606,2470,345043076,1,0,1,2560,1,3706022419
1752,345061389,77530,345138919,16,0,0,6144,16,8448840414
1753,345073105,21141,345094246,0,0,1,34304,0,3998961783
1754,345113481,65900,345179381,5,0,0,7168,5,4145387973
1755,345131747,128408,345260155,18,0,0,6144,18,3433359663
1756,345136658,208370,345345028,10,0,0,26112,10,8979847715
1757,345148487,101504,345249991,11,0,0,33280,11,7784609819
1758,345264737,104780,345369517,18,0,0,44032,18,5271766451
1759,345345974,6754,345352728,8,0,1,7168,8,2112050677
1760,345351691,84570,345436261,5,0,0,13824,5,2192082057
1761,345360831,70438,345431269,3,0,0,8704,3,2822555641
1762,345424329,6955,345431284,8,0,1,13312,8,6208760480
1763,345466155,6278,345472433,16,0,1,6656,16,4126045372
1764,345596545,82688,345679233,7,0,0,16896,7,2339339029
1765,345597268,4374,345601642,8,0,1,4608,8,8612937616
1766,345600235,147806,345748041,3,0,0,81408,3,8865074920
1767,345605706,160914,345766620,11,0,0,60928,11,1185272428
1768,345620899,89498,345710397,18,0,0,5120,18,9964903911
1769,345635549,180742,345816291,18,0,0,74240,18,2154653268
1770,345706908,4679,345711587,0,0,1,12288,0,8583826305
1771,345732270,106023,345838293,0,0,0,5120,0,10525221422
1772,345761372,176463,345937835,10,0,0,56320,10,2022647372
1773,345802238,83413,345885651,19,0,0,8192,19,9813254177
1774,345896782,177524,346074306,16,0,0,12800,16,4492721149
1775,345897196,144527,346041723,13,0,0,31232,13,9189617443
1776,345900612,107045,346007657,6,0,0,19968,6,1887810184
1777,345903801,5196,345908997,11,0,1,13312,11,266475986
1778,345913345,5802,345919147,10,0,1,6144,10,5867041593
1779,345917703,45596,345963299,0,0,0,1024,0,10238093403
1780,345954691,2870,345957561,10,0,1,8704,10,8407154452
1781,345982625,101844,346084469,7,0,0,7680,7,9689543301
1782,346014878,62140,346077018,15,0,0,1536,15,8454525398
1783,346016069,3645,346019714,9,0,1,10240,9,5169925066
1784,346075563,104270,346179833,10,0,0,20992,10,1267530745
1785,346086060,94256,346180316,16,0,0,1536,16,5729209943
1786,346087779,69260,346157039,18,0,0,512,18,10139762914
1787,346092548,14117,346106665,16,0,1,24064,16,1916504635
1788,346108387,101646,346210033,16,0,0,30208,16,4319993204
1789,346140964,121563,346262527,12,0,0,14848,12,5168000679
1790,346171801,97605,346269406,5,0,0,22528,5,6715682818
1791,346206584,127689,346334273,8,0,0,24064,8,5592996902
1792,346230684,120281,346350965,17,0,0,13312,17,4025085265
1793,346241915,3645,346245560,5,0,1,10240,5,8419164407
1794,346277779,99476,346377255,6,0,0,26624,6,6538639324
1795,346280124,5326,346285450,18,0,1,5632,18,4161055146
1796,346344859,49282,346394141,11,0,0,1536,11,6930659480
1797,346348422,103883,346452305,8,0,0,32768,8,7015532875
1798,346367313,135432,346502745,4,0,0,95744,4,999139243
1799,346384575,118653,346503228,13,0,0,1536,13,9284407047
1800,346398746,110547,346509293,0,0,0,2560,0,3815839796
1801,346410866,153049,346563915,14,0,0,63488,14,3575650404
1802,346432861,1042,346433903,4,0,1,1024,4,6689422267
1803,346436733,566,346437299,1,0,1,512,1,729154160
1804,346436988,145169,346582157,5,0,0,14848,5,9517821931
1805,346437813,295525,346733338,10,0,0,136192,10,3615761
1806,346496917,185737,346682654,11,0,0,34304,11,5577196781
1807,346497439,174748,346672187,6,0,0,60416,6,4306543447
1808,346510898,238063,346748961,6,0,0,51200,6,8326797858
1809,346513522,91243,346604765,12,0,0,6144,12,7147191608
1810,346603998,159701,346763699,6,0,0,5632,6,2308276495
1811,346609997,4162,346614159,17,0,1,11264,17,6892351278
1812,346691701,133120,346824821,14,0,0,28672,14,238762335
1813,346713141,92684,346805825,12,0,0,6656,12,6567683357
1814,346752232,75259,346827491,4,0,0,1024,4,4669875962
1815,346795109,60536,346855645,5,0,0,9728,5,2364692629
1816,346822841,3490,346826331,3,0,1,1536,3,6642934651
1817,346875787,102100,346977887,9,0,0,13824,9,9657931734
1818,346885338,70647,346955985,12,0,0,2560,12,10373767876
1819,346891128,82532,346973660,4,0,0,16384,4,7222302324
1820,346907642,11791,346919433,5,0,1,19456,5,3182090345
1821,346924995,123312,347048307,7,0,0,62464,7,6924256229
1822,346947248,5802,346953050,7,0,1,6144,7,9227813945
1823,347008629,3387,347012016,4,0,1,9728,4,10687113312
1824,347025481,60536,347086017,19,0,0,9728,19,8087810611
1825,347028608,103688,347132296,2,0,0,40448,2,554072715
1826,347055034,12566,347067600,13,0,1,20992,13,9214782328
1827,347068312,2470,347070782,10,0,1,2560,10,3103837188
1828,347093283,97628,347190911,18,0,0,25600,18,1413952705
1829,347147010,55748,347202758,1,0,0,4096,1,5305221635
1830,347148800,168923,347317723,4,0,0,66560,4,2962553045
1831,347148805,148623,347297428,0,0,0,26624,0,9267011087
1832,347167234,94684,347261918,9,0,0,9216,9,10455801958
1833,347189222,129148,347318370,19,0,0,2048,19,7130142216
1834,347209434,5326,347214760,3,0,1,5632,3,5606793443
1835,347233876,114755,347348631,14,0,0,19456,14,1807712154
1836,347237286,121184,347358470,9,0,0,13824,9,5153666555
1837,347283562,113410,347396972,2,0,0,28160,2,10664157715
1838,347287118,144378,347431496,2,0,0,20480,2,8920362424
1839,347293396,25499,347318895,17,0,1,512,17,3063111865
1840,347356284,3696,347359980,1,0,1,1536,1,6891546489
1841,347386570,51140,347437710,9,0,0,4096,9,1222238715
1842,347388198,173167,347561365,15,0,0,9216,15,4711742498
1843,347400575,6488,347407063,11,0,1,15872,11,3072574445
1844,347460010,566,347460576,16,0,1,512,16,1191567762
1845,347462682,4937,347467619,11,0,1,12800,11,6316218821
1846,347498353,12566,347510919,8,0,1,20992,8,5815285145
1847,347499282,13122,347512404,0,0,1,15360,0,5903371114
1848,347517634,63775,347581409,7,0,0,4096,7,4800038735
1849,347527827,163058,347690885,18,0,0,22016,18,6076166558
1850,347534081,228343,347762424,12,0,0,20992,12,6207040608
1851,347557662,6754,347564416,12,0,1,7168,12,5528356984
1852,347582316,10241,347592557,16,0,1,16384,16,5082907364
1853,347604952,3898,347608850,9,0,1,4096,9,5278003471
1854,347614929,57014,347671943,14,0,0,4096,14,579110999
1855,347681305,118715,347800020,10,0,0,13312,10,7869111905
1856,347688940,76463,347765403,14,0,0,9728,14,2848627075
1857,347773576,77612,347851188,13,0,0,15360,13,10659899089
1858,347813037,117123,347930160,2,0,0,5120,2,784418266
1859,347843869,102839,347946708,12,0,0,29184,12,1777289962
1860,347857988,122746,347980734,3,0,0,38912,3,5141295263
1861,347907851,155486,348063337,13,0,0,18944,13,6462653978
1862,347932427,117569,348049996,18,0,0,25600,18,1491073599
1863,347956888,70976,348027864,10,0,0,8704,10,6561656256
1864,347966201,185162,348151363,1,0,0,79872,1,3508795376
1865,347975280,181722,348157002,15,0,0,18432,15,492789069
1866,348060419,6808,348067227,12,0,1,4096,12,6336006620
1867,348119308,102128,348221436,15,0,0,35328,15,6983658004
1868,348130343,31493,348161836,10,0,1,5120,10,3995334121
1869,348144032,91870,348235902,17,0,0,1024,17,8928784589
1870,348193086,119584,348312670,16,0,0,34816,16,6288914733
1871,348195759,104205,348299964,12,0,0,28672,12,798156227
1872,348210779,136164,348346943,4,0,0,9216,4,1236644834
1873,348210942,22044,348232986,11,0,1,18944,11,9006910775
1874,348234277,1042,348235319,4,0,1,1024,4,4337602346
1875,348234972,119023,348353995,7,0,0,2048,7,6219729778
1876,348235481,165744,348401225,11,0,0,14848,11,5922612713
1877,348237373,205711,348443084,15,0,0,33280,15,9901910412
1878,348246207,11274,348257481,3,0,1,18432,3,5187866464
1879,348262139,122728,348384867,11,0,0,12800,11,7479431992
1880,348290204,98962,348389166,19,0,0,12800,19,8574824130
1881,348305819,127110,348432929,6,0,0,28160,6,682827502
1882,348314124,257117,348571241,8,0,0,23552,8,9210145954
1883,348367911,119996,348487907,14,0,0,51200,14,8688296074
1884,348368305,128353,348496658,19,0,0,28672,19,7273975117
1885,348394199,136638,348530837,18,0,0,22016,18,806610834
1886,348417891,226419,348644310,4,0,0,53248,4,4271346389
1887,348438227,121773,348560000,5,0,0,20992,5,3644403251
1888,348443466,74360,348517826,12,0,0,9728,12,8866952483
1889,348468865,135726,348604591,19,0,0,15360,19,9449604845
1890,348499295,61196,348560491,12,0,0,1536,12,1029486203
1891,348520702,10150,348530852,10,0,1,4096,10,9076675116
1892,348555311,92446,348647757,5,0,0,11264,5,3869076314
1893,348571852,83854,348655706,12,0,0,3072,12,2462123899
1894,348616493,100724,348717217,18,0,0,30720,18,602409709
1895,348630101,30385,348660486,16,0,1,24576,16,8486062417
1896,348653193,51485,348704678,4,0,0,2048,4,9930260804
1897,348662408,144401,348806809,4,0,0,25088,4,2078956879
1898,348778997,279985,349058982,0,0,0,38400,0,6625554534
1899,348779301,100568,348879869,5,0,0,30208,5,4013737010
1900,348782805,3128,348785933,3,0,1,9216,3,1255076054
1901,348799803,104708,348904511,9,0,0,4096,9,2844098133
1902,348804445,6801,348811246,13,0,1,11776,13,9271652734
1903,348809354,5483,348814837,5,0,1,4608,5,71509530
1904,348841477,183879,349025356,6,0,0,15872,6,5883238395
1905,348866239,196510,349062749,7,0,0,12288,7,7646140523
1906,348889519,208635,349098154,10,0,0,6656,10,5808154614
1907,348897163,180021,349077184,5,0,0,29696,5,4842711807
1908,348986743,219092,349205835,12,0,0,4096,12,8330377751
1909,349001476,14804,349016280,17,0,1,28672,17,10653198916
1910,349006272,148210,349154482,4,0,0,30208,4,8653007609
1911,349048924,128117,349177041,13,0,1,185856,13,5292333206
1912,349075469,102238,349177707,16,0,1,1024,16,4898201278
1913,349092500,230281,349322781,6,0,0,8192,6,8342332278
1914,349106037,192613,349298650,2,0,0,59392,2,10121965299
1915,349118051,101478,349219529,0,0,0,2560,0,4817311603
1916,349142049,314164,349456213,9,0,0,27136,9,7256904322
1917,349191259,383789,349575048,5,0,0,103936,5,4217169267
1918,349218693,159253,349377946,10,0,0,19968,10,9721441369
1919,349234747,3128,349237875,12,0,1,9216,12,3909287422
1920,349261953,228247,349490200,3,0,0,20992,3,3899136950
1921,349281495,166435,349447930,11,0,0,25600,11,2829791283
1922,349289547,10162,349299709,9,0,1,1024,9,4702838103
1923,349312050,104320,349416370,13,0,0,6656,13,5184030644
1924,349353386,172884,349526270,7,0,0,25088,7,2086974533
1925,349365004,6278,349371282,5,0,1,6656,5,9517074204
1926,349375728,3728,349379456,7,0,1,1536,7,1323132074
1927,349426184,68824,349495008,5,0,0,2560,5,5247192220
1928,349482896,13083,349495979,0,0,1,22016,0,2212724795
1929,349500051,105248,349605299,3,0,0,45568,3,801206471
1930,349561477,115655,349677132,13,0,0,24576,13,3547730107
1931,349573589,96032,349669621,2,0,0,25600,2,8711981127
1932,349577524,240095,349817619,13,0,0,28672,13,2118404192
1933,349633882,155552,349789434,2,0,0,52224,2,4706460455
1934,349643022,54992,349698014,6,0,0,6656,6,1016976538
1935,349665970,99482,349765452,15,0,0,7680,15,700598228
1936,349723066,74564,349797630,15,0,0,16384,15,1364724977
1937,349727256,6229,349733485,8,0,1,15360,8,4536071404
1938,349808904,113643,349922547,11,0,0,44544,11,10673836373
1939,349850567,137276,349987843,11,0,0,26624,11,1241497426
1940,349853464,94433,349947897,17,0,0,5632,17,486928776
1941,349871030,90104,349961134,15,0,0,26112,15,6814094756
1942,349874404,5326,349879730,12,0,1,5632,12,8135651353
1943,349883750,95795,349979545,5,0,0,21504,5,2004607278
1944,349886403,93313,349979716,8,0,0,512,8,7094004769
1945,349902003,88522,349990525,15,0,0,5120,15,5679925416
1946,349919917,69033,349988950,4,0,0,3584,4,9043992763
1947,350017402,566,350017968,4,0,1,512,4,7689855183
1948,350022124,86081,350108205,2,0,0,10240,2,6396143914
1949,350030293,195042,350225335,10,0,0,47616,10,7104338051
1950,350033689,171434,350205123,14,0,0,100352,14,3762037012
1951,350056264,303839,350360103,13,0,0,5120,13,2599321161
1952,350058482,189380,350247862,13,0,0,56832,13,7102432556
1953,350066652,21141,350087793,13,0,1,34304,13,7929843445
1954,350067460,228186,350295646,4,0,0,27136,4,5285182677
1955,350067879,275364,350343243,10,0,0,27136,10,4247263310
1956,350111451,4937,350116388,16,0,1,12800,16,5732876603
1957,350119385,196252,350315637,2,0,0,61952,2,5705405207
1958,350152112,3422,350155534,15,0,1,3584,15,4216891397
1959,350154747,212314,350367061,16,0,0,17408,16,4290137110
1960,350228424,341265,350569689,5,0,0,16896,5,2040350157
1961,350241741,199149,350440890,4,0,0,34816,4,343178313
1962,350244100,132107,350376207,2,0,0,3072,2,943868061
1963,350265906,255732,350521638,8,0,0,38400,8,1835793560
1964,350270390,1518,350271908,4,0,1,1536,4,2331682480
1965,350274059,267250,350541309,15,0,0,64512,15,1446189075
1966,350293249,216674,350509923,16,0,0,66048,16,3404582597
1967,350316686,113581,350430267,8,0,0,34304,8,1235007154
1968,350325857,221247,350547104,7,0,0,18944,7,8294208906
1969,350340998,209241,350550239,5,0,0,10240,5,8746077143
1970,350445796,212819,350658615,1,0,0,76288,1,9064191240
1971,350450957,148834,350599791,15,0,0,26624,15,3908569731
1972,350517141,144929,350662070,0,0,0,11264,0,6503274796
1973,350542733,13300,350556033,16,0,1,6144,16,3600265953
1974,350576322,90154,350666476,5,0,0,6656,5,1006806242
1975,350576491,87942,350664433,6,0,0,7680,6,1938230587
1976,350617321,6278,350623599,9,0,1,6656,9,1410767323
1977,350638545,31327,350669872,11,0,1,9728,11,9185953581
1978,350641787,119907,350761694,1,0,0,27136,1,1092692527
1979,350652350,145786,350798136,12,0,0,26624,12,2738334223
1980,350656030,77635,350733665,5,0,0,6656,5,5376747944
1981,350686075,7706,350693781,16,0,1,8192,16,9935984810
1982,350695763,105726,350801489,0,0,0,10240,0,5648832622
1983,350749671,173795,350923466,6,0,0,4096,6,4052638257
1984,350752289,126855,350879144,17,0,0,26112,17,1450323201
1985,350753230,253240,351006470,18,0,0,115200,18,5843130618
1986,350788795,242190,351030985,0,0,0,80384,0,5198193192
1987,350789261,45596,350834857,19,0,0,1024,19,9662878534
1988,350794771,99233,350894004,2,0,0,16384,2,5948576665
1989,350985288,66770,351052058,18,0,0,1024,18,3507941080
1990,351013759,23037,351036796,9,0,1,6144,9,41560655
1991,351029534,53832,351083366,8,0,0,3072,8,1070304866
1992,351071235,82376,351153611,18,0,0,15872,18,7819588614
1993,351174486,105716,351280202,14,0,0,47104,14,10706441666
1994,351182933,130965,351313898,6,0,0,26624,6,5738803716
1995,351182946,97739,351280685,5,0,0,1536,5,3938718269
1996,351190895,4374,351195269,10,0,1,4608,10,9090745763
1997,351191928,145573,351337501,16,0,0,34816,16,3206357543
1998,351198722,3128,351201850,16,0,1,9216,16,5040456700
1999,351226741,178679,351405420,19,0,0,4096,19,7159680904
2000,351240843,2470,351243313,0,0,1,2560,0,4746500734
2001,351268197,200637,351468834,0,0,0,24576,0,2299622791
2002,351269502,213218,351482720,2,0,0,9216,2,4917300191
2003,351310261,229732,351539993,16,0,0,22528,16,8218258029
2004,351332881,56976,351389857,3,0,0,3072,3,8851797636
2005,351335388,110966,351446354,18,0,0,57344,18,258568396
2006,351386405,146709,351533114,2,0,0,37376,2,2241963789
2007,351440192,145365,351585557,10,0,0,6656,10,6604833265
2008,351442097,141417,351583514,2,0,0,41472,2,8740110065
2009,351558270,96716,351654986,7,0,0,27648,7,1697636680
2010,351605546,79436,351684982,8,0,0,11264,8,7329399074
2011,351621587,117227,351738814,14,0,0,26624,14,3710090520
2012,351637296,1042,351638338,5,0,1,1024,5,9203394970
2013,351640971,45674,351686645,18,0,0,1024,18,6159197074
2014,351692129,65651,351757780,16,0,0,2048,16,10495573810
2015,351699037,173208,351872245,11,0,0,56320,11,8016693310
2016,351746695,147890,351894585,0,0,0,10240,0,9331608818
2017,351782775,3898,351786673,12,0,1,4096,12,10724733281
2018,351812245,190161,352002406,18,0,0,30208,18,1627104545
2019,351819727,257086,352076813,14,0,0,26112,14,10590095129
2020,351827221,156704,351983925,8,0,0,31232,8,5155773398
2021,351837113,7230,351844343,5,0,1,7680,5,1253330513
2022,351843982,224860,352068842,12,0,0,71680,12,4143197672
2023,351887765,306652,352194417,6,0,0,7680,6,8226780271
2024,351888460,72668,351961128,13,0,0,9216,13,9155492801
2025,351906144,111565,352017709,18,0,0,50176,18,480539235
2026,351915852,102340,352018192,10,0,0,1536,10,3553101827
2027,352000546,138790,352139336,7,0,0,29696,7,9269978155
2028,352018882,4679,352023561,1,0,1,12288,1,6540801668
2029,352019503,165212,352184715,3,0,0,99840,3,4138391636
2030,352031394,160668,352192062,18,0,0,24064,18,861447377
2031,352077683,120059,352197742,0,0,0,1024,0,7320728878
2032,352102469,132225,352234694,11,0,0,49152,11,4466710308
2033,352109154,105739,352214893,8,0,0,12288,8,1297527258
2034,352173545,149648,352323193,10,0,0,37376,10,8614632349
2035,352181195,130587,352311782,17,0,0,56320,17,4107221722
2036,352238629,138691,352377320,18,0,0,38400,18,3194080108
2037,352260233,169262,352429495,5,0,0,2560,5,9477181594
2038,352302853,255019,352557872,9,0,0,27136,9,4070841736
2039,352320455,65558,352386013,14,0,0,7168,14,9368166938
2040,352328191,141211,352469402,15,0,0,47104,15,2314323850
2041,352330004,98696,352428700,6,0,0,24064,6,3757850928
2042,352332830,13341,352346171,8,0,1,22528,8,10700758670
2043,352393914,4162,352398076,9,0,1,11264,9,6434478549
2044,352401917,94820,352496737,14,0,0,16384,14,2331679552
2045,352405150,143859,352549009,19,0,0,26624,19,3099665460
2046,352412401,62516,352474917,8,0,0,6144,8,5462374096
2047,352470013,91930,352561943,9,0,0,13312,9,7134999843
2048,352489034,100100,352589134,2,0,0,28672,2,8277629934
2049,352528418,64520,352592938,6,0,0,7680,6,7508129467
2050,352564804,121469,352686273,16,0,0,35328,16,9755021336
2051,352567249,81152,352648401,1,0,0,16896,1,2749331540
2052,352593192,98556,352691748,9,0,0,17920,9,8501172470
2053,352623454,3898,352627352,1,0,1,4096,1,4627274177
2054,352642790,113101,352755891,14,0,0,35840,14,4091258685
2055,352650063,6754,352656817,9,0,1,7168,9,9401637172
2056,352682580,90578,352773158,1,0,0,5120,1,2636396642
2057,352687691,89056,352776747,7,0,0,5632,7,6636954142
2058,352695594,48980,352744574,2,0,0,2048,2,8766436835
2059,352711030,72132,352783162,16,0,0,2048,16,246955586
2060,352720618,80780,352801398,0,0,0,512,0,5375262337
2061,352725238,100724,352825962,3,0,0,30720,3,6921344136
2062,352791425,566,352791991,5,0,1,512,5,7403495472
2063,352815780,108666,352924446,14,0,0,54272,14,2271217996
2064,352826339,71708,352898047,7,0,0,3584,7,4988370128
2065,352839401,95299,352934700,3,0,0,6144,3,4808019110
2066,352841578,125894,352967472,4,0,0,17920,4,1122754354
2067,352843991,147973,352991964,17,0,0,32768,17,10358488443
2068,352920296,6136,352926432,8,0,1,2048,8,2982196765
2069,352961725,104624,353066349,3,0,0,43520,3,3556629205
2070,352999783,2946,353002729,1,0,1,3072,1,4164522770
2071,353015639,59132,353074771,6,0,0,5120,6,5250761253
2072,353073889,79890,353153779,16,0,0,19968,16,8620584361
2073,353087978,86951,353174929,3,0,0,2560,3,8603147694
2074,353126585,101504,353228089,9,0,0,33280,9,2905320826
2075,353142053,1042,353143095,3,0,1,1024,3,9439907865
2076,353189966,78392,353268358,2,0,0,17920,2,6695596078
2077,353269430,70688,353340118,6,0,0,12800,6,7067313517
2078,353288838,82688,353371526,7,0,0,16896,7,7849128870
2079,353292076,124680,353416756,12,0,0,36352,12,7635251262
2080,353313193,14287,353327480,4,0,1,27648,4,8941718973
2081,353316765,177569,353494334,8,0,0,19456,8,5601210199
2082,353340698,118327,353459025,12,0,0,19456,12,10208185517
2083,353340735,145811,353486546,15,0,0,29184,15,9478710310
2084,353348364,80918,353429282,10,0,0,2560,10,8837051214
2085,353350397,2946,353353343,18,0,1,3072,18,9587586916
2086,353388278,134293,353522571,1,0,0,35328,1,732256148
2087,353422823,151221,353574044,4,0,0,43008,4,617905234
2088,353443484,99852,353543336,10,0,0,12800,10,6466779448
2089,353505320,116844,353622164,0,0,0,37376,0,1076627919
2090,353555639,236831,353792470,9,0,0,97792,9,7652415944
2091,353561048,152633,353713681,1,0,0,3584,1,1815812020
2092,353561546,151020,353712566,13,0,0,15360,13,4624958928
2093,353563558,12539,353576097,1,0,1,2048,1,7442511166
2094,353569972,165796,353735768,3,0,0,9728,3,1028127557
2095,353609618,1042,353610660,4,0,1,1024,4,6627096984
2096,353648565,2470,353651035,5,0,1,2560,5,9064584695
2097,353654414,60998,353715412,15,0,0,5632,15,9876799853
2098,353658294,183514,353841808,15,0,0,31744,15,9378112580
2099,353659742,4850,353664592,17,0,1,5120,17,1329130188
2100,353670790,128559,353799349,14,0,0,22528,14,661302169
2101,353693327,113369,353806696,19,0,0,24064,19,9914626258
2102,353707868,186853,353894721,1,0,0,21504,1,2066553984
2103,353728094,146101,353874195,10,0,0,63488,10,6706733738
2104,353759417,566,353759983,11,0,1,512,11,6890380565
2105,353811750,3387,353815137,1,0,1,9728,1,3207009821
2106,353815568,208169,354023737,19,0,0,26112,19,1740580145
2107,353819780,5802,353825582,10,0,1,6144,10,3280432923
2108,353823006,174640,353997646,3,0,0,12288,3,6157584649
2109,353855813,62278,353918091,19,0,0,512,19,5787075252
2110,353860659,21259,353881918,4,0,1,8192,4,6465142280
2111,353888228,95161,353983389,16,0,0,16384,16,7192534210
2112,353913584,4162,353917746,1,0,1,11264,1,6149738326
2113,353918704,1994,353920698,17,0,1,2048,17,693067320
2114,353984513,201279,354185792,0,0,0,2048,0,10498520832
2115,354010016,50672,354060688,15,0,0,2560,15,9726085384
2116,354030818,180431,354211249,15,0,0,5120,15,7137605106
2117,354056201,100256,354156457,0,0,0,29184,0,9133535451
2118,354059804,105404,354165208,12,0,0,28672,12,6964189763
2119,354083485,101660,354185145,2,0,0,33792,2,5832891551
2120,354142034,61741,354203775,12,0,0,3072,12,4231986345
2121,354143185,125657,354268842,16,0,0,19968,16,3185159758
2122,354149626,20578,354170204,11,0,1,12800,11,624138434
2123,354156085,140503,354296588,14,0,0,70144,14,5277734219
2124,354158937,116264,354275201,19,0,0,5632,19,8058515590
2125,354164199,267375,354431574,6,0,0,46592,6,5748461949
2126,354175149,51476,354226625,13,0,1,66048,13,1218934072
2127,354187413,40198,354227611,4,0,1,1536,4,6959566815
2128,354196853,281287,354478140,19,0,0,11776,19,10696485244
2129,354211127,193958,354405085,7,0,0,44544,7,5357096433
2130,354213551,196237,354409788,13,0,0,15360,13,8424090183
2131,354218732,172766,354391498,1,0,0,3584,1,10382427869
2132,354275162,240362,354515524,16,0,0,44032,16,5537212615
2133,354282545,21783,354304328,4,0,1,8192,4,1530931496
2134,354292891,149717,354442608,8,0,0,1024,8,2488179746
2135,354351307,4374,354355681,5,0,1,4608,5,1096330633
2136,354384089,1994,354386083,16,0,1,2048,16,2817906721
2137,354389074,94430,354483504,16,0,0,9216,16,1806765724
2138,354398992,126843,354525835,4,0,0,33792,4,865621799
2139,354403384,77111,354480495,11,0,0,7680,11,10529918750
2140,354473012,7506,354480518,17,0,1,11264,17,3880303835
2141,354473833,151764,354625597,10,0,0,92672,10,2075273586
2142,354486468,73760,354560228,12,0,0,12800,12,9951861322
2143,354532421,1042,354533463,9,0,1,1024,9,4510285785
2144,354561066,183726,354744792,2,0,0,7168,2,802646469
2145,354611295,162447,354773742,4,0,0,15360,4,1878267302
2146,354612100,98107,354710207,13,0,0,22016,13,7400935177
2147,354623383,3298,354626681,16,0,1,1024,16,8341042896
2148,354659984,87163,354747147,3,0,0,7680,3,1949340773
2149,354665180,134580,354799760,18,0,0,23552,18,6932950357
2150,354666474,110247,354776721,18,0,0,9728,18,8611308791
2151,354720331,4937,354725268,2,0,1,12800,2,7928585290
2152,354744364,87287,354831651,9,0,0,12800,9,601876609
2153,354775616,191239,354966855,15,0,0,512,15,8329077640
2154,354783086,67592,354850678,10,0,0,7680,10,8121643168
2155,354802693,115253,354917946,17,0,0,8704,17,5802356398
2156,354803620,95756,354899376,1,0,0,19456,1,1028631745
2157,354831445,99830,354931275,8,0,0,27136,8,5705340202
2158,354834441,80286,354914727,1,0,0,3072,1,2370830635
2159,354882833,102691,354985524,15,0,0,3072,15,8679752707
2160,354897664,108824,355006488,9,0,0,51712,9,4386474158
2161,354926541,141165,355067706,16,0,0,29696,16,59301541
2162,354978778,100412,355079190,14,0,0,29696,14,2095338224
2163,355025459,60824,355086283,15,0,0,5632,15,664600388
2164,355037918,43904,355081822,16,0,0,512,16,4673978797
2165,355084631,60776,355145407,17,0,0,5120,17,10528370702
2166,355099826,45908,355145734,13,0,0,1024,13,2728304240
2167,355123385,98696,355222081,13,0,0,24064,13,7170476336
2168,355134596,102251,355236847,13,0,0,20992,13,4052587619
2169,355178965,95328,355274293,8,0,0,6656,8,360383593
2170,355188234,92359,355280593,7,0,0,7168,7,7481701381
2171,355218381,109795,355328176,8,0,0,48128,8,9075245699
2172,355218391,142896,355361287,12,0,0,44032,12,8937341155
2173,355219665,6120,355225785,17,0,1,10240,17,5358167218
2174,355221564,154753,355376317,0,0,0,45056,0,227435885
2175,355242131,2470,355244601,12,0,1,2560,12,1472653958
2176,355307214,2870,355310084,9,0,1,8704,9,7752549199
2177,355435865,1994,355437859,16,0,1,2048,16,8506466478
2178,355437527,2470,355439997,17,0,1,2560,17,5209502436
2179,355444313,3898,355448211,9,0,1,4096,9,5320971192
2180,355463819,136683,355600502,11,0,0,15360,11,4482593755
2181,355519985,113049,355633034,9,0,0,8704,9,7791313913
2182,355546070,56372,355602442,14,0,0,6144,14,4963621430
2183,355566011,106269,355672280,18,0,0,17920,18,7623955934
2184,355607585,142787,355750372,2,0,0,17408,2,4294178849
2185,355633394,47288,355680682,3,0,0,1536,3,6914550046
2186,355635628,57440,355693068,2,0,0,4608,2,6990607933
2187,355638374,99686,355738060,1,0,0,27136,1,7133707382
2188,355640868,218007,355858875,17,0,0,15872,17,2404920089
2189,355649909,2470,355652379,15,0,1,2560,15,1933738128
2190,355665261,103297,355768558,16,0,0,5120,16,150764909
2191,355673165,15579,355688744,13,0,1,30208,13,666804107
2192,355673709,208811,355882520,18,0,0,59904,18,10010974592
2193,355678544,144878,355823422,2,0,0,29184,2,6240477958
2194,355707108,12049,355719157,9,0,1,19968,9,1065259736
2195,355740871,102737,355843608,9,0,0,10240,9,6181745611
2196,355747023,107001,355854024,10,0,0,4096,10,2265890514
2197,355858090,77297,355935387,8,0,0,11776,8,6181381946
2198,355936730,3422,355940152,0,0,1,3584,0,5259491420
2199,356047197,72668,356119865,18,0,0,9216,18,6801961030
2200,356065223,90392,356155615,3,0,0,22016,3,863129264
2201,356077036,5326,356082362,4,0,1,5632,4,3496438611
2202,356094399,122013,356216412,3,0,0,41472,3,2251022638
2203,356111317,12995,356124312,9,0,1,25088,9,3892867933
2204,356122656,119489,356242145,18,0,0,27648,18,1815164887
2205,356168079,125636,356293715,8,0,0,44544,8,8705193366
2206,356200421,240667,356441088,14,0,0,16896,14,2891878629
2207,356211248,105256,356316504,0,0,0,28672,0,8170070776
2208,356218768,7706,356226474,10,0,1,8192,10,9389627730
2209,356219049,190524,356409573,5,0,0,9728,5,7108407563
2210,356241073,238799,356479872,1,0,0,33280,1,917270027
2211,356270402,115564,356385966,7,0,0,28672,7,7962705645
2212,356309833,144401,356454234,18,0,0,28672,18,6706242336
2213,356333926,72668,356406594,3,0,0,9216,3,6543847368
2214,356357845,206777,356564622,15,0,0,83456,15,814420387
2215,356358010,164984,356522994,4,0,0,20992,4,1177076646
2216,356359137,60824,356419961,14,0,0,5632,14,7243843423
2217,356380314,10494,356390808,8,0,1,5120,8,8022310787
2218,356445277,135491,356580768,13,0,0,17920,13,7518660402
2219,356484804,3898,356488702,12,0,1,4096,12,7543705264
2220,356499943,3898,356503841,1,0,1,4096,1,5406185890
2221,356523856,95678,356619534,19,0,0,23040,19,1227955721
2222,356563284,195917,356759201,3,0,0,41472,3,8401347403
2223,356573412,207311,356780723,10,0,0,5120,10,1927029657
2224,356577715,91421,356669136,11,0,0,13312,11,9891461927
2225,356610718,102440,356713158,11,0,0,36352,11,5653639311
2226,356614241,106501,356720742,14,0,0,5120,14,7213277288
2227,356637603,1518,356639121,16,0,1,1536,16,1601199116
2228,356640923,88081,356729004,13,0,0,1536,13,9950363583
2229,356683187,118620,356801807,9,0,0,13824,9,9482097961
2230,356685352,162901,356848253,1,0,0,18944,1,1283776342
2231,356793630,1518,356795148,12,0,1,1536,12,4058064116
2232,356800648,55207,356855855,19,0,0,3584,19,9880808269
2233,356830835,152496,356983331,5,0,0,10240,5,5024801645
2234,356836419,110474,356946893,18,0,0,43008,18,6473896017
2235,356873533,1994,356875527,17,0,1,2048,17,4087803981
2236,356885561,65760,356951321,17,0,0,512,17,1737592972
2237,356902924,85627,356988551,8,0,0,5632,8,3414608554
2238,356947063,53144,357000207,6,0,0,5632,6,3423093305
2239,357050267,101715,357151982,8,0,0,30720,8,8483853143
2240,357051258,183739,357234997,11,0,0,118784,11,1179364680
2241,357072125,189936,357262061,14,0,0,1024,14,9197405571
2242,357117677,131703,357249380,19,0,0,47104,19,382136562
2243,357126000,135734,357261734,14,0,0,30208,14,5743385742
2244,357127978,151095,357279073,2,0,0,4096,2,6354245014
2245,357133393,119122,357252515,16,0,0,10240,16,7426329942
2246,357204449,144699,357349148,4,0,0,47104,4,7751235639
2247,357208267,123571,357331838,14,0,0,17920,14,5018265854
2248,357286792,3898,357290690,8,0,1,4096,8,8564704023
2249,357312866,1042,357313908,12,0,1,1024,12,4227194719
2250,357320934,79616,357400550,11,0,0,14336,11,8370859498
2251,357359567,97760,357457327,5,0,0,20992,5,7776556983
2252,357362692,77073,357439765,9,0,0,2560,9,7549374376
2253,357363442,4937,357368379,11,0,1,12800,11,10008958226
2254,357378863,89116,357467979,17,0,0,12288,17,3713916953
2255,357395608,348154,357743762,8,0,1,567808,8,4336501638
2256,357424171,294494,357718665,8,0,0,7168,8,7434406724
2257,357432440,368144,357800584,0,0,1,181760,0,7979187015
2258,357499817,305273,357805090,13,0,1,7168,13,8747017206
2259,357559376,260441,357819817,4,0,0,20992,4,6216486370
2260,357560686,155780,357716466,0,0,0,11776,0,9184249549
2261,357561777,244939,357806716,10,0,1,2560,10,6754122373
2262,357596872,282258,357879130,4,0,0,10752,4,4126283600
2263,357665618,141764,357807382,17,0,1,1024,17,6945521847
2264,357696886,114682,357811568,11,0,1,6656,11,9153283102
2265,357713664,325601,358039265,12,0,0,5632,12,10642457735
2266,357726526,203079,357929605,16,0,0,7168,16,3406609972
2267,357744811,136945,357881756,1,0,0,2560,1,6768354920
2268,357827059,193741,358020800,6,0,0,11776,6,4864166164
2269,357862794,351640,358214434,8,0,0,61440,8,9612282924
2270,357889321,213853,358103174,8,0,0,13824,8,8222150423
2271,357900485,149211,358049696,10,0,0,15872,10,10464941353
2272,357933535,5454,357938989,11,0,1,13824,11,10008562860
2273,357939507,123160,358062667,3,0,0,42496,3,9868908180
2274,357946246,290557,358236803,17,0,0,25600,17,3366946480
2275,357947050,170454,358117504,0,0,0,2048,0,2905584559
2276,358045444,183536,358228980,5,0,0,37888,5,2661672115
2277,358082201,135212,358217413,16,0,0,9728,16,2331856293
2278,358175086,74828,358249914,4,0,0,11264,4,8576356873
2279,358194348,69784,358264132,16,0,0,7168,16,5501556920
2280,358203318,33500,358236818,16,0,1,512,16,2693697622
2281,358239528,96980,358336508,8,0,0,18432,8,1970007518
2282,358271027,129749,358400776,18,0,0,14848,18,6566634062
2283,358275719,71756,358347475,2,0,0,11264,2,7029293580
2284,358288464,177321,358465785,0,0,1,291840,0,3707364373
2285,358294801,339373,358634174,0,0,0,4096,0,10607226043
2286,358341124,168493,358509617,0,0,0,22016,0,854848715
2287,358343014,209306,358552320,1,0,0,3584,1,1012492674
2288,358343621,264072,358607693,6,0,0,24064,6,10420021754
2289,358351753,232498,358584251,17,0,0,44032,17,6477840285
2290,358401866,191794,358593660,5,0,0,8192,5,8832494062
2291,358519171,178606,358697777,14,0,0,10240,14,897879079
2292,358556068,103148,358659216,5,0,0,4608,5,7762744405
2293,358604081,87860,358691941,2,0,0,7168,2,8053169318
2294,358620274,566,358620840,16,0,1,512,16,8806622022
2295,358692095,110296,358802391,4,0,0,43008,4,2640171958
2296,358694700,179322,358874022,3,0,0,20480,3,2041301000
2297,358697923,201112,358899035,19,0,0,6144,19,502708990
2298,358708579,159188,358867767,19,0,0,96256,19,8547036576
2299,358709273,187867,358897140,6,0,0,11776,6,5700550703
2300,358724534,169003,358893537,9,0,0,48640,9,5829622892
2301,358725525,198154,358923679,0,0,0,14336,0,8872699613
2302,358776138,182937,358959075,8,0,0,30720,8,8639722061
2303,358860131,18257,358878388,1,0,1,4608,1,8313502801
2304,358891072,81945,358973017,5,0,0,13824,5,427372760
2305,358893070,155753,359048823,18,0,0,25600,18,4662483574
2306,358902431,192041,359094472,2,0,0,45056,2,5605512905
2307,358912704,250638,359163342,12,0,0,9216,12,3597436714
2308,358921346,159383,359080729,5,0,0,57344,5,1948716797
2309,358929679,52106,358981785,9,0,0,1536,9,4813439415
2310,358932655,227808,359160463,14,0,0,86016,14,10149960737
2311,358955748,260171,359215919,10,0,0,3072,10,5168861750
2312,358967300,157025,359124325,17,0,0,34304,17,2088294607
2313,358980805,427881,359408686,16,0,0,37888,16,5263270191
2314,359030180,139319,359169499,8,0,0,14848,8,10711331666
2315,359040432,187446,359227878,0,0,1,308224,0,2361038157
2316,359048502,505964,359554466,9,0,0,34816,9,3591702475
2317,359048972,487443,359536415,4,0,0,36864,4,3812833370
2318,359066000,595929,359661929,11,0,0,46592,11,9006448921
2319,359080231,306287,359386518,2,0,0,24064,2,5828148949
2320,359111054,319342,359430396,17,0,0,5632,17,8361251000
2321,359120809,361214,359482023,10,0,0,22016,10,9946833268
2322,359143973,141174,359285147,19,0,0,11264,19,3646384833
2323,359174866,350302,359525168,18,0,0,23040,18,5126481052
2324,359175506,54318,359229824,9,0,1,3072,9,4443494998
2325,359194203,131999,359326202,0,0,1,213504,0,8051927503
2326,359241015,261550,359502565,8,0,0,36864,8,6033261182
2327,359255622,437889,359693511,15,0,0,3072,15,2259463798
2328,359263109,321458,359584567,15,0,0,2048,15,5814165076
2329,359327776,415589,359743365,11,0,0,32768,11,2741822382
2330,359343065,257223,359600288,15,0,0,2048,15,3909644362
2331,359359120,4162,359363282,9,0,1,11264,9,7318872455
2332,359367241,2470,359369711,11,0,1,2560,11,5871111917
2333,359416016,258096,359674112,16,0,0,39936,16,1410678947
2334,359419710,1994,359421704,10,0,1,2048,10,2689674653
2335,359435462,3387,359438849,10,0,1,9728,10,1558519076
2336,359466216,181502,359647718,12,0,0,86016,12,2318053470
2337,359524564,244027,359768591,7,0,0,44032,7,6711840360
2338,359541261,299132,359840393,8,0,0,51712,8,9537184661
2339,359682341,92458,359774799,3,0,0,13824,3,754509264
2340,359789110,1518,359790628,1,0,1,1536,1,9872088162
2341,359801952,76685,359878637,4,0,0,3584,4,7217598216
2342,359837485,129481,359966966,14,0,0,23552,14,5033136376
2343,359857061,102714,359959775,9,0,0,36864,9,4425854838
2344,359909099,79950,359989049,9,0,0,15872,9,2043198826
2345,359963819,102927,360066746,4,0,0,27648,4,4215438934
2346,360026324,23725,360050049,17,0,1,39424,17,2271941109
2347,360056446,77007,360133453,19,0,0,1024,19,3491796276
2348,360060835,6469,360067304,10,0,1,512,10,2696976326
2349,360108542,60824,360169366,10,0,0,5632,10,4332248591
2350,360111545,45596,360157141,18,0,0,1024,18,3143553841
2351,360141893,108368,360250261,14,0,0,55808,14,8357688100
2352,360219123,113984,360333107,1,0,0,74240,1,4843440529
2353,360226798,57889,360284687,10,0,0,1024,10,2624545407
2354,360263222,74343,360337565,2,0,0,2048,2,6217646288
2355,360281310,2470,360283780,4,0,1,2560,4,367903828
2356,360290276,120658,360410934,1,0,0,9216,1,5300317453
2357,360290650,104468,360395118,12,0,0,43008,12,10057863630
2358,360312163,144128,360456291,12,0,0,29696,12,2867020375
2359,360315897,131331,360447228,15,0,0,11264,15,3048188401
2360,360363602,68218,360431820,16,0,0,1024,16,2176682242
2361,360399695,139464,360539159,0,0,0,78336,0,3414616912
2362,360402313,70618,360472931,3,0,0,7168,3,8740629307
2363,360431250,25056,360456306,0,0,1,29184,0,4606559756
2364,360443238,96108,360539346,7,0,0,512,7,4961286007
2365,360460105,144592,360604697,11,0,0,60416,11,9149114578
2366,360503128,57703,360560831,17,0,0,1024,17,5237696939
2367,360522244,89329,360611573,2,0,0,5120,2,6643625600
2368,360537404,25279,360562683,0,0,1,41984,0,1505467630
2369,360539225,163650,360702875,16,0,0,76800,16,3174948916
2370,360571243,86561,360657804,2,0,0,512,2,7369037582
2371,360609711,138854,360748565,17,0,0,18944,17,8152101747
2372,360632807,81128,360713935,1,0,0,11776,1,7823819491
2373,360700490,103569,360804059,3,0,0,32256,3,7813735369
2374,360759746,4162,360763908,9,0,1,11264,9,8270132430
2375,360762228,102815,360865043,4,0,0,34304,4,4137642662
2376,360765384,107786,360873170,3,0,0,26624,3,1414610714
2377,360772558,59482,360832040,9,0,0,4608,9,4270348052
2378,360773205,126860,360900065,9,0,0,11264,9,8827346133
2379,360845413,1994,360847407,14,0,1,2048,14,3158747275
2380,360861355,168878,361030233,8,0,1,259072,8,2393449561
2381,360934395,100024,361034419,16,0,1,6656,16,1631551303
2382,360948407,262600,361211007,17,0,0,4096,17,3714564491
2383,360958773,301431,361260204,7,0,0,61440,7,7680178214
2384,360973262,71475,361044737,16,0,1,40960,16,3815768927
2385,361001824,237228,361239052,14,0,0,18944,14,4584410399
2386,361026357,356337,361382694,17,0,0,69120,17,5579366164
2387,361044289,165455,361209744,12,0,0,11776,12,4671725590
2388,361053511,333087,361386598,10,0,0,6144,10,2869280629
2389,361069063,284049,361353112,1,0,0,13312,1,10614928229
2390,361086171,339165,361425336,2,0,0,16384,2,4511090469
2391,361131269,151525,361282794,19,0,0,13824,19,4071822754
2392,361135068,200553,361335621,17,0,0,70656,17,8796810681
2393,361146149,1042,361147191,18,0,1,1024,18,7992649859
2394,361183134,109734,361292868,8,0,0,7680,8,10176462951
2395,361258260,79608,361337868,14,0,0,1536,14,1751249681
2396,361357546,69989,361427535,14,0,0,7168,14,7480202252
2397,361396862,1518,361398380,12,0,1,1536,12,5574578867
2398,361419797,47288,361467085,14,0,0,1536,14,1590610845
2399,361427073,101178,361528251,0,0,0,30720,0,5738258242
2400,361452830,48980,361501810,1,0,0,2048,1,9346855656
2401,361459487,150550,361610037,18,0,0,71168,18,8671896884
2402,361487115,5971,361493086,1,0,1,14848,1,7905514295
2403,361518109,95687,361613796,13,0,0,12288,13,2323389371
2404,361544520,122836,361667356,11,0,0,9728,11,4711416488
2405,361549646,85885,361635531,0,0,0,13824,0,7765151918
2406,361596377,150737,361747114,15,0,0,43520,15,1173586828
2407,361622980,6754,361629734,16,0,1,7168,16,9413020001
2408,361645451,114257,361759708,2,0,0,3072,2,3141358748
2409,361646385,138687,361785072,10,0,0,28160,10,3031481445
2410,361720800,78836,361799636,14,0,0,14336,14,6098992104
2411,361834382,3422,361837804,5,0,1,3584,5,4746115967
2412,361839021,76988,361916009,18,0,0,13312,18,5015565482
2413,361925829,76232,362002061,14,0,0,15872,14,5629969995
2414,361957471,91792,362049263,0,0,0,18432,0,7541742437
2415,361969361,2946,361972307,16,0,1,3072,16,4023466888
2416,362028044,6278,362034322,17,0,1,6656,17,6686179175
2417,362068902,2870,362071772,9,0,1,8704,9,7186829643
2418,362078013,182538,362260551,8,0,0,6144,8,9872179788
2419,362092743,5802,362098545,1,0,1,6144,1,3536559870
2420,362094270,243452,362337722,11,0,0,38912,11,3687482177
2421,362126964,115127,362242091,8,0,0,43008,8,7449505147
2422,362145011,83961,362228972,18,0,0,9728,18,990255556
2423,362145024,583,362145607,1,0,1,512,1,8880510543
2424,362157046,57908,362214954,9,0,0,6144,9,1495375959
2425,362186701,1518,362188219,2,0,1,1536,2,6515440171
2426,362193051,117707,362310758,18,0,0,50176,18,4705981839
2427,362251564,59833,362311397,11,0,0,2048,11,8724941450
2428,362260681,88082,362348763,2,0,0,1024,2,576957254
2429,362269791,56060,362325851,3,0,0,5120,3,9691586810
2430,362270421,126809,362397230,8,0,0,34304,8,3039373070
2431,362310381,142980,362453361,2,0,0,25600,2,1081905728
2432,362338547,67932,362406479,15,0,0,1024,15,8657838541
2433,362380497,111161,362491658,12,0,0,44544,12,7520934257
2434,362391257,7007,362398264,17,0,1,1024,17,3086186410
2435,362415695,208620,362624315,16,0,0,79360,16,2209330353
2436,362418666,93266,362511932,10,0,0,4096,10,295292546
2437,362457486,142634,362600120,13,0,0,59392,13,8316197513
2438,362483422,98338,362581760,0,0,0,9216,0,5467894109
2439,362495517,306730,362802247,8,0,0,17408,8,10390348
2440,362509163,117351,362626514,6,0,0,7168,6,4240789532
2441,362546174,22174,362568348,13,0,1,36352,13,3341242410
2442,362560603,199783,362760386,4,0,0,82944,4,7791621251
2443,362573810,199383,362773193,8,0,0,41984,8,5539158107
2444,362628125,145239,362773364,4,0,0,512,4,4739148063
2445,362641608,177632,362819240,13,0,0,48128,13,9354153074
2446,362661427,20366,362681793,4,0,1,32768,4,962635971
2447,362681429,115499,362796928,3,0,0,6144,3,9885623224
2448,362726381,2946,362729327,2,0,1,3072,2,8580205370
2449,362776893,90775,362867668,18,0,0,9216,18,10114109376
2450,362787802,92800,362880602,9,0,0,22016,9,7048102758
2451,362805929,124272,362930201,3,0,0,11264,3,8838545736
2452,362807922,38073,362845995,18,0,1,48640,18,4898723412
2453,362879036,159321,363038357,12,0,0,66560,12,5627705217
2454,362920855,74984,362995839,9,0,0,11776,9,7251256842
2455,362930245,151901,363082146,1,0,0,5120,1,232953898
2456,362940922,136051,363076973,11,0,0,47104,11,9114559042
2457,363011864,210770,363222634,13,0,0,3584,13,3922669323
2458,363013170,107165,363120335,2,0,0,16896,2,4640756105
2459,363028132,95978,363124110,16,0,0,11776,16,3659907768
2460,363035992,146263,363182255,7,0,0,53760,7,4170865723
2461,363051284,107002,363158286,9,0,0,28160,9,4225879527
2462,363061441,15547,363076988,3,0,1,2048,3,6937264393
2463,363073036,117206,363190242,2,0,0,26112,2,7181729708
2464,363078646,80123,363158769,11,0,0,1536,11,708972899
2465,363098112,33591,363131703,8,0,1,55296,8,7733013150
2466,363169632,99133,363268765,7,0,0,3072,7,3213874041
2467,363170221,119946,363290167,17,0,0,6656,17,2326826435
2468,363189661,241455,363431116,11,0,0,12288,11,6419615467
2469,363189661,188565,363378226,18,0,0,46592,18,6929244639
2470,363197593,133476,363331069,3,0,0,8704,3,1808076969
2471,363224194,138321,363362515,11,0,0,25088,11,10666126446
2472,363232730,89480,363322210,11,0,0,24064,11,9721483522
2473,363263890,117783,363381673,1,0,0,11264,1,2330245760
2474,363282182,41908,363324090,0,0,1,68096,0,4769737637
2475,363300817,81659,363382476,17,0,0,2560,17,6924710699
2476,363352867,95491,363448358,16,0,0,2048,16,8213467331
2477,363372917,12940,363385857,16,0,1,3584,16,5664685057
2478,363387759,85136,363472895,4,0,0,14848,4,5814336581
2479,363416672,100436,363517108,14,0,0,25088,14,9996760161
2480,363430234,136916,363567150,9,0,0,13312,9,158222738
2481,363455775,101864,363557639,8,0,0,23552,8,10397516257
2482,363561993,99788,363661781,9,0,0,27648,9,82990832
2483,363563991,121520,363685511,9,0,0,3584,9,7570853390
2484,363592201,72091,363664292,3,0,0,8192,3,10339951975
2485,363687175,123731,363810906,8,0,0,9728,8,9309630403
2486,363688753,62516,363751269,8,0,0,6144,8,5455935558
2487,363696103,22433,363718536,8,0,1,36864,8,9997628327
2488,363738185,45596,363783781,2,0,0,1024,2,8831908610
2489,363745156,58532,363803688,10,0,0,8192,10,6220642196
2490,363770949,227888,363998837,7,0,0,11264,7,6699616267
2491,363806198,79436,363885634,6,0,0,11264,6,7170940574
2492,363810040,133080,363943120,18,0,0,12288,18,5494899119
2493,363811533,84829,363896362,17,0,0,6144,17,6103575705
2494,363839094,78797,363917891,14,0,0,12800,14,5173245645
2495,363865299,86540,363951839,10,0,0,19456,10,5916957189
2496,363899509,118882,364018391,10,0,0,13824,10,6428463139
2497,363903021,3422,363906443,7,0,1,3584,7,5715593669
2498,363906319,3387,363909706,17,0,1,9728,17,6416288433
2499,363943402,84068,364027470,12,0,0,16384,12,5903011654
2500,363974472,3422,363977894,9,0,1,3584,9,10377281269
2501,364028470,6754,364035224,5,0,1,7168,5,7787651211
2502,364060423,145421,364205844,14,0,0,4608,14,2109334645
2503,364068069,136356,364204425,19,0,0,60416,19,3328037969
2504,364081806,179469,364261275,4,0,0,24064,4,5206274478
2505,364083734,82467,364166201,5,0,0,2048,5,6457114994
2506,364087350,92588,364179938,13,0,0,2048,13,9605924220
2507,364123783,60224,364184007,16,0,0,8704,16,410585910
2508,364145009,142434,364287443,14,0,0,49152,14,9425484255
2509,364216277,93358,364309635,10,0,0,4096,10,8391716681
2510,364229663,74360,364304023,0,0,0,9728,0,1506626188
2511,364243932,138421,364382353,15,0,0,33792,15,4130492519
2512,364246960,115126,364362086,6,0,0,6144,6,1775821920
2513,364282296,228439,364510735,9,0,0,151552,9,2038900410
2514,364314920,108474,364423394,1,0,0,10752,1,10111222900
2515,364360906,2690,364363596,4,0,1,1536,4,10714341044
2516,364364382,150144,364514526,17,0,0,12288,17,410182869
2517,364371555,179470,364551025,4,0,0,55808,4,4351614291
2518,364431082,190005,364621087,5,0,0,52736,5,10136212598
2519,364441327,73230,364514557,8,0,1,94720,8,3050737809
2520,364452052,114473,364566525,13,0,0,4096,13,696817634
2521,364454342,342904,364797246,8,0,0,75776,8,10761957
2522,364476323,102195,364578518,0,0,0,11264,0,1526168660
2523,364478320,142782,364621102,8,0,1,174592,8,6086269047
2524,364484737,213997,364698734,0,0,0,17920,0,4609696938
2525,364495738,310571,364806309,3,0,0,29696,3,10487588512
2526,364503894,118094,364621988,9,0,1,3584,9,10088073734
2527,364567974,54270,364622244,13,0,1,9216,13,2198007536
2528,364573441,269551,364842992,15,0,0,8192,15,4089585101
2529,364574297,296481,364870778,11,0,0,77824,11,454760830
2530,364623307,1518,364624825,14,0,1,1536,14,1357606908
2531,364640884,267755,364908639,9,0,0,7680,9,142657017
2532,364681056,3898,364684954,10,0,1,4096,10,4414087687
2533,364885881,116641,365002522,3,0,0,61440,3,3094425833
2534,364904910,1042,364905952,5,0,1,1024,5,6307305924
2535,364947962,109027,365056989,11,0,0,15360,11,9733445870
2536,364967774,84512,365052286,8,0,0,12800,8,331775905
2537,364995376,86130,365081506,2,0,0,14848,2,4954941046
2538,365006243,88295,365094538,7,0,0,1024,7,9153107547
2539,365014661,113081,365127742,5,0,0,15360,5,9365734270
2540,365049748,136045,365185793,4,0,0,32768,4,1290309425
2541,365069766,106028,365175794,18,0,0,48128,18,1961977810
2542,365084098,566,365084664,16,0,1,512,16,3097950566
2543,365107382,5971,365113353,4,0,1,14848,4,7116151370
2544,365141430,48980,365190410,6,0,0,2048,6,5542466443
2545,365157986,155767,365313753,8,0,0,4608,8,2928018984
2546,365168203,78406,365246609,17,0,0,5632,17,5993105835
2547,365229695,3645,365233340,11,0,1,10240,11,4834623304
2548,365297237,50672,365347909,15,0,0,2560,15,3880474951
2549,365310656,71288,365381944,12,0,0,9728,12,8319654906
2550,365311810,161756,365473566,2,0,0,140288,2,4598013003
2551,365312695,199133,365511828,17,0,0,37888,17,10522005533
2552,365382254,199504,365581758,11,0,0,39424,11,9584155431
2553,365456743,62411,365519154,6,0,0,1024,6,9189840846
2554,365473651,114370,365588021,5,0,0,20480,5,5756008095
2555,365558983,100256,365659239,13,0,0,29184,13,7658431976
2556,365575410,107376,365682786,3,0,0,31744,3,7881428349
2557,365584184,107821,365692005,4,0,0,30208,4,1092435484
2558,365649128,125902,365775030,13,0,0,34816,13,1065125877
2559,365670066,72824,365742890,7,0,0,9728,7,179720639
2560,365686601,104299,365790900,14,0,0,5120,14,3277584672
2561,365704752,145596,365850348,18,0,0,38912,18,5148685086
2562,365753641,59132,365812773,16,0,0,5120,16,3845211336
2563,365807771,3422,365811193,16,0,1,3584,16,5928738298
2564,365817284,120224,365937508,1,0,0,94720,1,593853556
2565,365870601,6754,365877355,5,0,1,7168,5,8519698103
2566,365966506,137079,366103585,8,0,1,226816,8,9995346376
2567,365986402,210990,366197392,9,0,0,22016,9,5411120774
2568,366012340,145692,366158032,17,0,0,13824,17,5710573932
2569,366022254,161010,366183264,19,0,0,22016,19,9114542644
2570,366033894,184890,366218784,7,0,0,41984,7,1032755160
2571,366043107,312814,366355921,4,0,0,9728,4,7966177333
2572,366062095,358085,366420180,16,0,0,17920,16,7229479655
2573,366082235,290731,366372966,12,0,0,45568,12,5990472094
2574,366088770,236592,366325362,0,0,0,15360,0,6804510698
2575,366115378,196524,366311902,8,0,0,16384,8,5961903279
2576,366135251,470842,366606093,5,0,0,80384,5,6588014584
2577,366138624,308250,366446874,3,0,0,3584,3,6813095910
2578,366139556,143020,366282576,1,0,0,37376,1,10687406241
2579,366155974,278679,366434653,6,0,0,13824,6,5878270098
2580,366160173,130923,366291096,4,0,0,19968,4,10470190435
2581,366169221,2870,366172091,4,0,1,8704,4,2465125804
2582,366221283,30491,366251774,18,0,1,49152,18,9986522156
2583,366235263,57641,366292904,8,0,1,96768,8,8924368654
2584,366264679,127068,366391747,4,0,0,10240,4,6101623144
2585,366267658,237507,366505165,0,0,0,1024,0,286091021
2586,366306738,5187,366311925,1,0,1,10240,1,8811458746
2587,366308613,241401,366550014,0,0,0,19456,0,10135213273
2588,366313274,225706,366538980,6,0,0,48128,6,6508138716
2589,366324806,3676,366328482,11,0,1,9216,11,4978293212
2590,366370716,7696,366378412,4,0,1,13824,4,8376766185
2591,366428440,234840,366663280,2,0,0,38912,2,9756040352
2592,366667380,1994,366669374,13,0,1,2048,13,4974783118
2593,366699856,1042,366700898,16,0,1,1024,16,5206020211
2594,366738582,54056,366792638,14,0,0,3584,14,5044992391
2595,366740841,6754,366747595,4,0,1,7168,4,9032942491
2596,366759098,103688,366862786,11,0,0,40448,11,638484474
2597,366764427,6278,366770705,17,0,1,6656,17,7435456151
2598,366780581,85496,366866077,9,0,0,10752,9,7575341762
2599,366806140,60732,366866872,10,0,0,2560,10,9987195540
2600,366830812,54056,366884868,19,0,0,3584,19,2341853798
2601,366833615,173579,367007194,17,0,0,63488,17,1417766198
2602,366841967,217541,367059508,18,0,0,42496,18,7383998532
2603,366846879,108775,366955654,1,0,0,45568,1,3669673220
2604,366865494,92827,366958321,19,0,0,8704,19,2263067383
2605,366905680,106989,367012669,4,0,0,17920,4,8122278026
2606,366911898,59554,366971452,8,0,0,512,8,7024808977
2607,366921574,99698,367021272,13,0,0,28160,13,4782809029
2608,366957998,147368,367105366,11,0,0,20480,11,2283899722
2609,366965225,58090,367023315,11,0,0,6656,11,4975810070
2610,367006072,141980,367148052,11,0,0,20992,11,1716824151
2611,367027629,98696,367126325,7,0,0,24064,7,1706109139
2612,367047938,110702,367158640,18,0,0,7680,18,9552487743
2613,367055019,131667,367186686,4,0,0,20480,4,9600272141
2614,367085971,145583,367231554,3,0,0,67072,3,2152131650
2615,367088261,92170,367180431,2,0,0,5120,2,10470252474
2616,367117157,161374,367278531,2,0,0,12288,2,5680235259
2617,367128017,5326,367133343,17,0,1,5632,17,5024675752
2618,367132487,120355,367252842,15,0,0,22528,15,8579447180
2619,367149484,194441,367343925,4,0,0,29184,4,9366289627
2620,367154981,90982,367245963,3,0,0,11264,3,852287225
2621,367200418,150386,367350804,11,0,0,22528,11,4292453500
2622,367240613,157675,367398288,0,0,0,28672,0,4696393657
2623,367341417,193626,367535043,19,0,0,113664,19,1255833316
2624,367343779,119708,367463487,5,0,0,19968,5,6602200797
2625,367356077,118231,367474308,9,0,0,9728,9,6700701024
2626,367372563,105915,367478478,7,0,0,7168,7,2147611190
2627,367389439,190820,367580259,0,0,0,12800,0,9851850982
2628,367467504,139035,367606539,15,0,0,48640,15,9159341153
2629,367532372,120577,367652949,4,0,0,13312,4,9526750105
2630,367655779,69284,367725063,2,0,0,8192,2,2099384559
2631,367722786,68169,367790955,13,0,0,7168,13,1641071275
2632,367729150,121265,367850415,5,0,0,76288,5,859226916
2633,367771913,143125,367915038,9,0,0,30720,9,5655350663
2634,367819796,49486,367869282,10,0,0,1536,10,1909075140
2635,367826295,47288,367873583,7,0,0,1536,7,7395223392
2636,367830918,151733,367982651,8,0,0,54784,8,9175866378
2637,367843611,8339,367851950,9,0,1,1536,9,9825419152
2638,367881288,123863,368005151,11,0,0,37888,11,1150313959
2639,368003586,72533,368076119,17,0,0,8704,17,4295711652
2640,368051828,83655,368135483,7,0,0,9728,7,7361286581
2641,368095938,48980,368144918,7,0,0,2048,7,6405382421
2642,368131472,99999,368231471,19,0,0,25088,19,9438752597
2643,368135199,69560,368204759,15,0,0,8192,15,1105525967
2644,368151955,69284,368221239,18,0,0,8192,18,300572329
2645,368154112,105415,368259527,16,0,0,26624,16,3458885805
2646,368215752,566,368216318,11,0,1,512,11,10570533021
2647,368223522,7972,368231494,11,0,1,9216,11,4466938097
2648,368225121,73622,368298743,2,0,0,7168,2,7179697876
2649,368264353,328810,368593163,12,0,0,97280,12,2047357953
2650,368271540,106652,368378192,11,0,0,50176,11,7128255334
2651,368304473,5326,368309799,10,0,1,5632,10,9119138173
2652,368304900,146474,368451374,2,0,0,57344,2,8383726899
2653,368332957,98072,368431029,11,0,0,22016,11,1871582715
2654,368364061,199447,368563508,4,0,0,51200,4,5208209175
2655,368417249,184353,368601602,2,0,0,27648,2,1106289311
2656,368430983,45734,368476717,18,0,1,78848,18,3829069243
2657,368511037,141651,368652688,11,0,0,24064,11,10080224978
2658,368562198,123040,368685238,1,0,0,13824,1,1516488694
2659,368596198,162684,368758882,5,0,0,94208,5,1341929912
2660,368609857,150912,368760769,7,0,0,6144,7,10227564634
2661,368634270,3387,368637657,16,0,1,9728,16,9092311215
2662,368646486,236406,368882892,18,0,0,44032,18,2106128396
2663,368649202,162191,368811393,14,0,0,7168,14,5510569522
2664,368673207,119592,368792799,2,0,0,12800,2,7089770598
2665,368713979,155482,368869461,3,0,0,41472,3,3847252833
2666,368721537,55728,368777265,13,0,0,1024,13,4057469146
2667,368767719,147864,368915583,17,0,0,10240,17,5884588126
2668,368768693,137342,368906035,14,0,0,75776,14,4190418877
2669,368780214,127911,368908125,1,0,0,6656,1,4636077031
2670,368825502,80580,368906082,0,0,1,121856,0,1701343583
2671,368830619,304852,369135471,10,0,0,48640,10,8089044079
2672,368834044,310646,369144690,18,0,0,30208,18,4996971606
2673,368853023,267613,369120636,2,0,0,125440,2,3878828061
2674,368868204,41952,368910156,1,0,1,11264,1,4586392156
2675,368876674,149485,369026159,15,0,0,53248,15,7834200806
2676,368895670,252623,369148293,17,0,0,11776,17,2148783826
2677,368895807,295034,369190841,8,0,0,35840,8,2628308707
2678,368896140,19458,368915598,10,0,1,4608,10,7724410927
2679,368989458,163850,369153308,3,0,0,16384,3,7533057681
2680,368999155,196537,369195692,5,0,0,15872,5,2704631695
2681,369009776,245124,369254900,2,0,0,43008,2,3142479157
2682,369040387,114824,369155211,5,0,0,6144,5,717724836
2683,369068131,222872,369291003,11,0,0,12800,11,5634677538
2684,369120951,106926,369227877,0,0,0,5120,0,1380823762
2685,369127363,30753,369158116,17,0,1,3072,17,2857585367
2686,369137847,103934,369241781,2,0,0,9216,2,10496972788
2687,369156261,69284,369225545,10,0,0,8192,10,1949371559
2688,369226627,7996,369234623,5,0,1,7168,5,2501569545
2689,369247557,123035,369370592,12,0,0,5120,12,1192075709
2690,369262007,102496,369364503,15,0,0,14848,15,2675190678
2691,369271595,50672,369322267,8,0,0,2560,8,7744865758
2692,369288336,91882,369380218,7,0,0,14848,7,7308865799
2693,369295319,3128,369298447,16,0,1,9216,16,4043874064
2694,369329140,138792,369467932,7,0,0,74752,7,6296591025
2695,369360404,109103,369469507,2,0,0,5120,2,6233112287
2696,369373639,146443,369520082,15,0,0,17408,15,10420520317
2697,369396651,86313,369482964,12,0,0,6144,12,10094949148
2698,369469857,64208,369534065,7,0,0,6656,7,10411129838
2699,369488156,64083,369552239,9,0,0,9728,9,9158463155
2700,369505798,103477,369609275,10,0,0,20480,10,7440585628
2701,369527168,7706,369534874,5,0,1,8192,5,3922526415
2702,369536322,12308,369548630,9,0,1,20480,9,3138918985
2703,369573797,56004,369629801,6,0,0,1024,6,988507562
2704,369576117,112929,369689046,7,0,0,12800,7,5313235561
2705,369612073,10757,369622830,5,0,1,17408,5,6745353122
2706,369638375,174817,369813192,9,0,0,12800,9,1497084326
2707,369642670,119144,369761814,7,0,0,36864,7,9252785538
2708,369656271,123219,369779490,0,0,0,25088,0,7063346664
2709,369670613,10757,369681370,4,0,1,17408,4,3783202765
2710,369699548,101972,369801520,18,0,0,34816,18,9148518439
2711,369733215,135303,369868518,4,0,0,11776,4,9241098396
2712,369758347,10213,369768560,9,0,1,7168,9,9441946046
2713,369831266,112954,369944220,3,0,0,32256,3,4781153930
2714,369845662,110429,369956091,18,0,0,38912,18,6727480009
2715,369920299,74861,369995160,0,0,0,5632,0,4915852159
2716,369951537,75522,370027059,15,0,0,8704,15,9609448482
2717,369972599,34020,370006619,0,0,1,59392,0,7952887664
2718,370001989,52549,370054538,8,0,1,85504,8,9313598745
2719,370045692,207413,370253105,0,0,0,12288,0,8003640309
2720,370061374,182244,370243618,10,0,0,7680,10,5863023453
2721,370076964,129089,370206053,0,0,0,81920,0,4238662940
2722,370166257,47288,370213545,12,0,0,1536,12,9077587519
2723,370255615,4679,370260294,19,0,1,12288,19,2308814483
2724,370268590,84566,370353156,11,0,0,12800,11,2098671860
2725,370272596,113171,370385767,3,0,0,23040,3,2624879481
2726,370283816,5326,370289142,11,0,1,5632,11,2320153126
2727,370296123,104103,370400226,12,0,0,19968,12,2639022351
2728,370304137,157810,370461947,14,0,0,20480,14,6459066508
2729,370331557,81464,370413021,3,0,0,17920,3,9714967366
2730,370407732,91485,370499217,2,0,0,13312,2,4974246402
2731,370463875,101504,370565379,16,0,0,33280,16,2956054359
2732,370465436,113893,370579329,2,0,0,16896,2,6346979813
2733,370468093,4374,370472467,4,0,1,4608,4,10450213588
2734,370471915,196359,370668274,11,0,0,28160,11,2258798240
2735,370504148,136850,370640998,12,0,0,9216,12,2322886384
2736,370525986,87561,370613547,0,0,0,2048,0,3217712807
2737,370535593,58610,370594203,19,0,0,4096,19,1921536263
2738,370609709,2470,370612179,16,0,1,2560,16,1317513037
2739,370622661,104312,370726973,19,0,0,42496,19,6599461629
2740,370628109,59132,370687241,19,0,0,5120,19,7307678564
2741,370669051,566,370669617,10,0,1,512,10,1442873143
2742,370676048,1994,370678042,2,0,1,2048,2,9411551909
2743,370765036,47288,370812324,2,0,0,1536,2,1815984439
2744,370770597,52520,370823117,3,0,0,3584,3,4240912765
2745,370783351,145719,370929070,18,0,0,71680,18,3593010174
2746,370830432,101149,370931581,5,0,0,8192,5,7724143114
2747,370987645,99164,371086809,12,0,0,25600,12,8603315961
2748,370989681,67592,371057273,17,0,0,7680,17,7566487405
2749,371000128,1994,371002122,17,0,1,2048,17,1207191666
2750,371041959,98540,371140499,1,0,0,23552,1,8553037367
2751,371125616,105248,371230864,1,0,0,45568,1,2493003537
2752,371198485,82376,371280861,9,0,0,15872,9,2941705704
2753,371203985,84248,371288233,11,0,0,22016,11,8629007400
2754,371206418,92207,371298625,19,0,0,10752,19,2131922774
2755,371293052,107588,371400640,12,0,0,53248,12,1763539141
2756,371329487,100619,371430106,12,0,0,7680,12,1088784897
2757,371357891,75194,371433085,13,0,0,9728,13,2695300967
2758,371384874,73183,371458057,7,0,0,2560,7,6377657717
2759,371404439,67592,371472031,14,0,0,7680,14,6364171554
2760,371432654,89387,371522041,6,0,0,19456,6,4099841581
2761,371436578,106652,371543230,18,0,0,50176,18,3569956515
2762,371445859,102378,371548237,15,0,0,16384,15,3519654235
2763,371449816,185208,371635024,0,0,1,300544,0,5589682043
2764,371474926,447686,371922612,1,0,0,24064,1,5246957938
2765,371490575,146075,371636650,9,0,1,2560,9,8256349128
2766,371536562,102674,371639236,17,0,1,4096,17,7948861896
2767,371587291,55491,371642782,1,0,1,5632,1,805776582
2768,371593233,209677,371802910,19,0,0,67072,19,10624973099
2769,371593783,49345,371643128,16,0,1,512,16,2750919582
2770,371605589,269153,371874742,0,0,0,8192,0,3551619432
2771,371619101,196304,371815405,4,0,0,40960,4,10647383928
2772,371626030,289235,371915265,6,0,0,103936,6,6195941621
2773,371642189,81552,371723741,8,0,0,1536,8,2555401733
2774,371648447,441100,372089547,13,0,0,2560,13,3262591643
2775,371652094,451111,372103205,12,0,0,17920,12,820878339
2776,371652865,228169,371881034,11,0,0,20480,11,8440261632
2777,371670073,295808,371965881,0,0,1,479232,0,7413986309
2778,371676062,369817,372045879,2,0,0,6656,2,2306132087
2779,371735469,280033,372015502,5,0,0,2048,5,1385262465
2780,371745922,220318,371966240,16,0,1,9728,16,3455591956
2781,371801508,429700,372231208,3,0,0,9728,3,6041351945
2782,371806153,247604,372053757,0,0,1,287744,0,5833968393
2783,371869961,173875,372043836,6,0,0,8704,6,4717969862
2784,371871935,182488,372054423,13,0,1,1024,13,3431771511
2785,371877232,354155,372231387,5,0,0,512,5,1549749346
2786,371891249,422279,372313528,3,0,0,48640,3,318189544
2787,371903355,466603,372369958,16,0,0,20992,16,6453598959
2788,371912422,529653,372442075,8,0,0,40960,8,10063554074
2789,371959877,268352,372228229,2,0,0,114176,2,3337628288
2790,371965025,89859,372054884,13,0,1,10240,13,8907237784
2791,372015925,326582,372342507,15,0,0,2560,15,4112296126
2792,372035714,336599,372372313,8,0,0,7680,8,854993282
2793,372058346,13600,372071946,13,0,1,23040,13,10263175881
2794,372079278,1994,372081272,10,0,1,2048,10,5505889014
2795,372121904,10241,372132145,11,0,1,16384,11,5556988840
2796,372129766,314976,372444742,4,0,0,8704,4,8835058219
2797,372150469,197163,372347632,6,0,0,2048,6,7597388659
2798,372161514,153277,372314791,11,0,0,4096,11,1073292256
2799,372165789,2870,372168659,11,0,1,8704,11,3772982307
2800,372207005,222575,372429580,7,0,0,18944,7,6512280324
2801,372240614,239609,372480223,18,0,0,1536,18,6132996634
2802,372261211,158725,372419936,16,0,0,10240,16,4109247370
2803,372329882,274766,372604648,5,0,0,63488,5,6984314410
2804,372367626,241093,372608719,1,0,0,13312,1,5567724541
2805,372404597,3387,372407984,18,0,1,9728,18,53294777
2806,372435635,247238,372682873,1,0,0,14848,1,10395278602
2807,372447928,187587,372635515,15,0,0,11776,15,6206769944
2808,372461604,98858,372560462,14,0,0,28160,14,6017129918
2809,372482364,129022,372611386,8,0,0,8704,8,7258054734
2810,372535583,107670,372643253,14,0,0,15360,14,8524040033
2811,372544745,237602,372782347,12,0,0,26624,12,8206598951
2812,372552772,122186,372674958,9,0,0,8704,9,7356515747
2813,372555518,187769,372743287,2,0,0,9216,2,1073149643
2814,372563825,73472,372637297,1,0,0,512,1,980065195
2815,372578664,5802,372584466,17,0,1,6144,17,7660547654
2816,372583371,190849,372774220,2,0,0,76288,2,2999226577
2817,372596577,187813,372784390,5,0,0,6656,5,3768531177
2818,372653256,5196,372658452,5,0,1,13312,5,2129025529
2819,372659151,91810,372750961,0,0,0,9216,0,2075862375
2820,372680277,108251,372788528,12,0,0,512,12,4980920929
2821,372682353,3007,372685360,17,0,1,2560,17,8816995968
2822,372685415,138410,372823825,11,0,0,45568,11,7597798803
2823,372688426,11016,372699442,17,0,1,17920,17,8527275598
2824,372710150,178997,372889147,17,0,0,25088,17,3820643945
2825,372738698,88730,372827428,11,0,0,11776,11,2278783377
2826,372837979,109219,372947198,16,0,0,47104,16,8634552316
2827,372841482,62516,372903998,0,0,0,6144,0,2578124399
2828,372862308,2470,372864778,16,0,1,2560,16,10613470865
2829,372866625,151717,373018342,10,0,0,27648,10,5594049146
2830,372871434,58993,372930427,3,0,0,2048,3,10004972901
2831,372874167,184872,373059039,8,0,0,30208,8,3458901144
2832,372931083,93229,373024312,8,0,0,15872,8,2845754182
2833,372991856,71566,373063422,19,0,0,14336,19,3356837327
2834,373004624,133716,373138340,14,0,0,26624,14,9824465463
2835,373004632,95718,373100350,13,0,0,9728,13,9440150965
2836,373060587,99581,373160168,1,0,0,10752,1,10718173029
2837,373067172,1994,373069166,4,0,1,2048,4,9521450222
2838,373078213,224004,373302217,0,0,0,1024,0,6158382734
2839,373124290,62752,373187042,15,0,0,2048,15,7489082726
2840,373128257,101816,373230073,2,0,0,34304,2,4760691051
2841,373130269,171621,373301890,19,0,0,6144,19,8522509479
2842,373134847,49106,373183953,13,0,0,1024,13,4099871181
2843,373142900,157103,373300003,9,0,0,35840,9,7007233404
2844,373144303,59202,373203505,16,0,0,2560,16,6640906162
2845,373183530,87188,373270718,12,0,0,12288,12,6485243074
2846,373234729,74551,373309280,6,0,0,6656,6,1016575953
2847,373260757,95418,373356175,5,0,0,11264,5,7774332019
2848,373279670,104780,373384450,7,0,0,44032,7,4490443742
2849,373334280,66007,373400287,4,0,0,2560,4,4535586265
2850,373367784,67592,373435376,17,0,0,7680,17,6912823271
2851,373389731,566,373390297,11,0,1,512,11,3058588956
2852,373391984,6754,373398738,13,0,1,7168,13,994660367
2853,373408749,97673,373506422,10,0,0,17920,10,3138424539
2854,373428447,94511,373522958,18,0,0,6656,18,2642757607
2855,373434528,215930,373650458,7,0,0,125440,7,6509362198
2856,373445847,119816,373565663,17,0,0,17408,17,10614469646
2857,373464591,115415,373580006,1,0,0,5120,1,2449089461
2858,373498534,160215,373658749,3,0,0,27136,3,4773436530
2859,373501533,188929,373690462,3,0,0,46080,3,4165125542
2860,373518593,71970,373590563,19,0,0,6144,19,10736238666
2861,373521313,6963,373528276,1,0,1,5632,1,5190273557
2862,373525418,7684,373533102,1,0,1,7680,1,2339890484
2863,373578545,187881,373766426,6,0,0,45056,6,7649777176
2864,373581680,166464,373748144,13,0,0,51712,13,1101314970
2865,373615087,48558,373663645,11,0,1,12800,11,1904735645
2866,373685479,238447,373923926,16,0,0,28160,16,9833274375
2867,373703865,145367,373849232,0,0,0,73728,0,395024886
2868,373710182,83671,373793853,15,0,0,11776,15,9862729905
2869,373764485,191283,373955768,11,0,0,12800,11,8219410508
2870,373764540,253322,374017862,9,0,0,13824,9,4552298051
2871,373771341,110201,373881542,2,0,0,12288,2,4377462603
2872,373787767,96799,373884566,13,0,0,2048,13,3826890579
2873,373826689,109420,373936109,13,0,0,39936,13,6253888670
2874,373836819,145013,373981832,16,0,0,20480,16,6831145508
2875,373892351,4850,373897201,1,0,1,5120,1,10631594728
2876,373900754,174030,374074784,13,0,0,58368,13,1896136788
2877,373914664,127162,374041826,18,0,0,65024,18,603046834
2878,373951025,146149,374097174,12,0,0,20480,12,6242336226
2879,373974255,195939,374170194,3,0,0,33280,3,9321594863
2880,373980951,151869,374132820,18,0,0,15360,18,8840773479
2881,373985030,195475,374180505,19,0,0,33792,19,10325343698
2882,373988829,138469,374127298,17,0,0,5632,17,9030541153
2883,374001981,240859,374242840,15,0,0,5632,15,6489708572
2884,374007250,105504,374112754,12,0,0,30720,12,3317798018
2885,374026394,212638,374239032,12,0,0,31232,12,4681688023
2886,374091466,57966,374149432,13,0,0,1536,13,10627620395
2887,374113996,212282,374326278,18,0,0,9216,18,9754987765
2888,374123824,170472,374294296,3,0,0,38400,3,8982394369
2889,374205254,118186,374323440,4,0,0,33792,4,897172659
2890,374227862,15579,374243441,13,0,1,30208,13,3343330627
2891,374252151,237222,374489373,7,0,0,37376,7,10634794327
2892,374270645,115688,374386333,14,0,0,11264,14,8524674846
2893,374298903,24552,374323455,16,0,1,33280,16,5542339968
2894,374300627,258051,374558678,4,0,0,10752,4,8141704054
2895,374366629,163970,374530599,6,0,0,10240,6,8031231579
2896,374378941,114385,374493326,17,0,0,10240,17,837877371
2897,374401850,184236,374586086,13,0,0,25088,13,4518394827
2898,374491150,80548,374571698,1,0,0,3072,1,5960547543
2899,374511703,88832,374600535,10,0,0,16896,10,9197152065
2900,374547804,98660,374646464,10,0,0,20480,10,7728127925
2901,374682276,111800,374794076,17,0,0,67072,17,3168625197
2902,374688373,216134,374904507,12,0,0,24576,12,8284337530
2903,374718987,225414,374944401,12,0,0,8192,12,774645648
2904,374746608,82976,374829584,16,0,0,12800,16,3386522567
2905,374756503,97760,374854263,11,0,0,20992,11,3820238966
2906,374768336,1994,374770330,17,0,1,2048,17,8120967361
2907,374786462,14836,374801298,1,0,1,7680,1,10609561772
2908,374799059,79436,374878495,6,0,0,11264,6,9628055044
2909,374813252,171681,374984933,4,0,0,40960,4,2423835177
2910,374830401,101348,374931749,3,0,0,32768,3,7291396913
2911,374842791,194252,375037043,4,0,0,74752,4,5214413400
2912,374863142,178611,375041753,18,0,0,11776,18,1402611261
2913,374877039,223394,375100433,4,0,0,24576,4,3535818080
2914,374893681,158695,375052376,4,0,0,34816,4,337721035
2915,374922382,115768,375038150,19,0,0,3584,19,4421846404
2916,374933612,186021,375119633,2,0,0,57344,2,9484894707
2917,374977926,234461,375212387,8,0,0,12800,8,3711125840
2918,374982888,211475,375194363,8,0,0,34304,8,4465545296
2919,375006520,281413,375287933,15,0,0,32768,15,1672913237
2920,375036833,133742,375170575,3,0,0,43008,3,4277864305
2921,375066745,129661,375196406,9,0,0,6656,9,597799801
2922,375104255,133352,375237607,1,0,0,8704,1,6566901156
2923,375135511,112719,375248230,15,0,0,34816,15,3811002059
2924,375219859,88076,375307935,2,0,0,19456,2,5520089252
2925,375229842,129581,375359423,4,0,0,39424,4,3657172041
2926,375261018,34795,375295813,10,0,1,60928,10,4088928840
2927,375310334,103220,375413554,15,0,0,38912,15,1283406070
2928,375330482,149726,375480208,5,0,0,29696,5,4622261514
2929,375345432,135100,375480532,0,0,1,219648,0,6462344402
2930,375348216,376905,375725121,14,0,0,54784,14,5110155961
2931,375350553,357861,375708414,18,0,0,48128,18,4819783247
2932,375368082,295176,375663258,14,0,0,15872,14,2922004180
2933,375410471,153846,375564317,5,0,0,37376,5,1535574848
2934,375438505,173879,375612384,4,0,0,16384,4,7882164199
2935,375471366,315810,375787176,11,0,0,33280,11,8308482244
2936,375484725,6278,375491003,11,0,1,6656,11,10717497439
2937,375503031,222581,375725612,16,0,0,1536,16,2397975679
2938,375628126,164369,375792495,7,0,0,17408,7,6211912560
2939,375646178,161908,375808086,13,0,0,30208,13,10393884154
2940,375671490,2870,375674360,4,0,1,8704,4,6556348608
2941,375671863,9082,375680945,11,0,1,7168,11,7694543868
2942,375716888,214281,375931169,19,0,0,35328,19,2137075055
2943,375751557,339146,376090703,9,0,0,146944,9,17727384
2944,375757113,287384,376044497,16,0,0,47104,16,9255634292
2945,375803742,200087,376003829,3,0,0,54784,3,5490903751
2946,375928336,204661,376132997,11,0,0,37888,11,4835208275
2947,375929342,248127,376177469,15,0,0,22528,15,9941138772
2948,375933332,179421,376112753,14,0,0,11776,14,4233940532
2949,375939775,106141,376045916,17,0,0,4608,17,6333937744
2950,375944864,1042,375945906,0,0,1,1024,0,7816441125
2951,375984235,117328,376101563,1,0,0,9216,1,7516071666
2952,375984697,1042,375985739,16,0,1,1024,16,7586231148
2953,375987452,103742,376091194,16,0,0,1536,16,3732278351
2954,375988750,18224,376006974,0,0,1,9216,0,2152218910
2955,376039700,212691,376252391,7,0,0,40448,7,2668589380
2956,376078349,159504,376237853,14,0,0,11776,14,208417250
2957,376132499,252570,376385069,13,0,0,74752,13,4160316912
2958,376167265,119039,376286304,1,0,0,7168,1,4483735267
2959,376171897,91760,376263657,18,0,1,144384,18,10143676218
2960,376229672,35291,376264963,11,0,1,2048,11,8013755893
2961,376258204,23378,376281582,10,0,1,41984,10,6324124408
2962,376336169,1994,376338163,5,0,1,2048,5,5467887680
2963,376364691,33365,376398056,5,0,1,25088,5,9573315652
2964,376447069,237122,376684191,11,0,0,69120,11,190911009
2965,376481686,86228,376567914,4,0,0,18432,4,8909512963
2966,376503248,108193,376611441,1,0,0,23040,1,9191029065
2967,376506213,1042,376507255,13,0,1,1024,13,5016571051
2968,376522121,187294,376709415,11,0,0,10752,11,4866336103
2969,376568261,227758,376796019,15,0,0,55808,15,8504842264
2970,376568466,389109,376957575,10,0,0,16384,10,9079338317
2971,376581082,165083,376746165,8,0,0,23552,8,4966005668
2972,376595944,50672,376646616,19,0,0,2560,19,5948897214
2973,376601302,10154,376611456,11,0,1,4608,11,3099471192
2974,376608193,283436,376891629,6,0,0,30720,6,3493315898
2975,376615027,102998,376718025,3,0,0,28160,3,4167886282
2976,376685120,172957,376858077,7,0,0,81920,7,7707934283
2977,376685582,120511,376806093,8,0,0,2048,8,7968562509
2978,376693719,211282,376905001,4,0,0,12288,4,5830127712
2979,376702164,7266,376709430,12,0,1,11264,12,7124214794
2980,376707227,38953,376746180,11,0,1,39424,11,9551767345
2981,376727907,239460,376967367,17,0,0,8192,17,8713519700
2982,376751265,181602,376932867,6,0,0,20992,6,1856429948
2983,376820430,80812,376901242,11,0,0,5632,11,1523186717
2984,376823049,47444,376870493,8,0,0,2048,8,5113080507
2985,376835348,116185,376951533,1,0,0,22016,1,6810279584
2986,376836312,187824,377024136,7,0,0,10752,7,8040677234
2987,376838736,197788,377036524,10,0,0,7680,10,1987690720
2988,376873125,106939,376980064,3,0,0,36352,3,6212250635
2989,376892314,128531,377020845,7,0,0,15360,7,3173520556
2990,376909283,251152,377160435,3,0,0,105984,3,7923551315
2991,376922472,244694,377167166,1,0,0,22016,1,9978928983
2992,376928228,264679,377192907,15,0,0,70656,15,9520854575
2993,376971224,156896,377128120,5,0,0,51200,5,3229207789
2994,377012853,211279,377224132,6,0,0,71680,6,8970327193
2995,377040138,270315,377310453,19,0,0,33792,19,1800208554
2996,377048069,229117,377277186,13,0,0,5120,13,10431249719
2997,377070944,272552,377343496,9,0,0,27648,9,2497544429
2998,377084666,163129,377247795,2,0,0,10752,2,5706082968
2999,377088061,138270,377226331,11,0,0,7168,11,4201828359
3000,377090588,319879,377410467,9,0,0,18432,9,5610030193
3001,377120374,131968,377252342,14,0,0,14848,14,7478546143
3002,377137241,228695,377365936,5,0,0,30720,5,857726739
3003,377163783,214680,377378463,4,0,0,18944,4,6920578200
3004,377244335,268031,377512366,13,0,0,12800,13,6706667101
3005,377245549,185837,377431386,17,0,0,68608,17,6722234129
3006,377266207,1518,377267725,0,0,1,1536,0,6208902633
3007,377274735,6229,377280964,4,0,1,15360,4,2210051934
3008,377275888,7480,377283368,1,0,1,10752,1,3361057374
3009,377490027,2946,377492973,5,0,1,3072,5,7961046211
3010,377506525,67592,377574117,6,0,0,7680,6,9245631754
3011,377526139,3422,377529561,11,0,1,3584,11,8220637118
3012,377545402,207442,377752844,1,0,0,72192,1,6450522718
3013,377572216,147560,377719776,16,0,0,39424,16,2199289850
3014,377666603,5326,377671929,11,0,1,5632,11,2159656897
3015,377667119,97731,377764850,19,0,0,4608,19,1324748250
3016,377668200,201282,377869482,9,0,0,38400,9,3009967926
3017,377683355,117349,377800704,2,0,0,20480,2,3357279362
3018,377748817,206612,377955429,0,0,0,60928,0,8861894138
3019,377765724,168630,377934354,11,0,0,2048,11,2002193018
3020,377769081,109152,377878233,8,0,0,28672,8,4470982277
3021,377780979,6754,377787733,1,0,1,7168,1,6351894274
3022,377789385,214291,378003676,8,0,1,347136,8,1444507473
3023,377800152,333673,378133825,9,0,0,34816,9,9692734418
3024,377801543,213782,378015325,18,0,1,39424,18,9353029907
3025,377801610,418525,378220135,15,0,0,90112,15,4483522932
3026,377854207,163064,378017271,17,0,1,3072,17,500969224
3027,377860654,131048,377991702,5,0,0,13824,5,5459640351
3028,377884857,181141,378065998,6,0,0,62464,6,1420103826
3029,377897970,210452,378108422,17,0,0,18944,17,18153579
3030,377948251,339315,378287566,2,0,0,16896,2,4564059863
3031,377966098,327723,378293821,2,0,0,20480,2,999218719
3032,378002306,291998,378294304,4,0,0,1536,4,6466921071
3033,378014119,212545,378226664,8,0,0,8704,8,2262486381
3034,378014224,4993,378019217,0,0,1,3072,0,9862921849
3035,378070818,3422,378074240,1,0,1,3584,1,9202141244
3036,378074909,188025,378262934,0,0,0,5632,0,2949113201
3037,378096382,296986,378393368,16,0,0,34816,16,6455328402
3038,378129834,177730,378307564,12,0,0,7168,12,4188323409
3039,378130671,8497,378139168,1,0,1,5632,1,5781941541
3040,378190532,29618,378220150,1,0,1,24576,1,881679095
3041,378230185,174869,378405054,2,0,0,33792,2,9876668773
3042,378249136,101772,378350908,1,0,0,22016,1,2497249231
3043,378307113,194792,378501905,2,0,0,74752,2,3443604851
3044,378310857,66212,378377069,2,0,0,8192,2,5484463120
3045,378353052,21141,378374193,10,0,1,34304,10,5328345604
3046,378355547,188396,378543943,19,0,0,17408,19,6392852795
3047,378380120,158504,378538624,4,0,0,50688,4,6809645566
3048,378426628,220776,378647404,5,0,0,30208,5,4132801770
3049,378431384,216815,378648199,7,0,0,2560,7,3969294611
3050,378437419,231699,378669118,6,0,0,68608,6,8423152659
3051,378448970,96212,378545182,4,0,0,512,4,2216137787
3052,378465756,236262,378702018,10,0,1,386560,10,8870918833
3053,378497424,284033,378781457,11,0,0,10752,11,167660478
3054,378510118,202934,378713052,2,0,1,36352,2,1625899238
3055,378534697,219760,378754457,9,0,0,17920,9,6819578318
3056,378546884,306553,378853437,9,0,0,11776,9,10530216267
3057,378557199,186110,378743309,19,0,0,23552,19,1017390521
3058,378585644,361304,378946948,7,0,0,18944,7,7675736235
3059,378597467,118811,378716278,19,0,1,5120,19,997899161
3060,378634528,181012,378815540,2,0,0,29184,2,2729557799
3061,378636027,281845,378917872,4,0,0,26624,4,229875459
3062,378668064,63972,378732036,5,0,1,50688,5,4190260533
3063,378693042,41580,378734622,1,0,1,4096,1,5092049604
3064,378706085,37239,378743324,11,0,1,16384,11,1414897304
3065,378732893,138952,378871845,8,0,0,6656,8,2482235983
3066,378741667,230026,378971693,0,0,0,34304,0,7251823881
3067,378855790,211538,379067328,17,0,0,12800,17,6027748892
3068,378999750,12049,379011799,10,0,1,19968,10,8903455187
3069,379043635,89021,379132656,6,0,0,8192,6,106560936
3070,379085886,166282,379252168,10,0,0,58880,10,8467696401
3071,379096442,134461,379230903,11,0,0,33792,11,2784703214
3072,379121973,181213,379303186,11,0,0,23552,11,6734932215
3073,379139128,47288,379186416,10,0,0,1536,10,6407986159
3074,379242419,12687,379255106,4,0,1,3072,4,8897202099
3075,379256401,99008,379355409,5,0,0,25088,5,5374045718
3076,379412824,103064,379515888,5,0,0,38400,5,1797477442
3077,379422158,65300,379487458,15,0,0,10240,15,9728794101
3078,379471216,99426,379570642,12,0,0,13824,12,236482175
3079,379498744,60824,379559568,6,0,0,5632,6,6333765421
3080,379539197,98795,379637992,16,0,0,22016,16,8223548287
3081,379550190,111550,379661740,6,0,0,9216,6,10671238530
3082,379602510,121888,379724398,2,0,0,32256,2,5173302102
3083,379646688,165466,379812154,7,0,0,48640,7,9516622237
3084,379647714,126709,379774423,0,0,0,30208,0,4843521878
3085,379705970,84512,379790482,9,0,0,12800,9,4439946046
3086,379713681,222167,379935848,11,0,0,19968,11,10641414838
3087,379730636,140093,379870729,15,0,0,40448,15,5055383396
3088,379742027,167495,379909522,1,0,0,63488,1,6587939034
3089,379770583,155970,379926553,15,0,0,22016,15,10395438208
3090,379788741,151334,379940075,6,0,0,13824,6,823448103
3091,379838392,7706,379846098,13,0,1,8192,13,3418629282
3092,379855608,1042,379856650,1,0,1,1024,1,1173827016
3093,379884024,128761,380012785,19,0,0,20480,19,9763480155
3094,379958917,81152,380040069,6,0,0,16896,6,10702448432
3095,379976735,92996,380069731,16,0,0,20480,16,647775171
3096,379977307,113988,380091295,4,0,0,50176,4,5026766412
3097,380010336,132577,380142913,16,0,0,27648,16,8325125136
3098,380091932,1042,380092974,13,0,1,1024,13,3916712933
3099,380152244,105872,380258116,13,0,0,47616,13,9674460344
3100,380223775,60824,380284599,19,0,0,5632,19,1238146120
3101,380224780,45596,380270376,3,0,0,1024,3,829496218
3102,380228073,104994,380333067,12,0,0,23552,12,10412385833
3103,380264762,2470,380267232,5,0,1,2560,5,7576898061
3104,380301177,2946,380304123,4,0,1,3072,4,3252905128
3105,380318569,104624,380423193,9,0,0,43520,9,4647464698
3106,380382525,50946,380433471,15,0,0,512,15,7468603401
3107,380387423,86374,380473797,9,0,0,10752,9,3619317331
3108,380390887,144646,380535533,3,0,0,36864,3,8333167129
3109,380402301,121977,380524278,7,0,0,69632,7,2809577592
3110,380431967,141276,380573243,15,0,0,28160,15,881843155
3111,380453127,219488,380672615,16,0,0,44544,16,8654715301
3112,380458699,42424,380501123,10,0,1,69120,10,3986275157
3113,380464609,132178,380596787,16,0,0,22528,16,5591559257
3114,380480756,174717,380655473,8,0,0,17408,8,3270292325
3115,380490332,115518,380605850,6,0,0,29696,6,3260549654
3116,380510798,165888,380676686,14,0,0,13312,14,1676632500
3117,380544338,3898,380548236,4,0,1,4096,4,9027188638
3118,380572941,191499,380764440,12,0,0,27136,12,9305461957
3119,380621753,102308,380724061,2,0,0,25088,2,3841108385
3120,380744791,65900,380810691,19,0,0,7168,19,5329176959
3121,380759854,102806,380862660,10,0,0,22528,10,3284479487
3122,380798831,126505,380925336,18,0,0,9216,18,5964082204
3123,380803201,103064,380906265,4,0,0,38400,4,4300906625
3124,380819865,97632,380917497,9,0,0,9728,9,2071456946
3125,380854538,149464,381004002,7,0,0,39424,7,7144309499
3126,380861196,66027,380927223,0,0,0,6144,0,3880042835
3127,380907496,117218,381024714,19,0,0,3072,19,4516924095
3128,380909220,146328,381055548,7,0,0,83968,7,2446385975
3129,380957538,186985,381144523,7,0,0,40960,7,9392277527
3130,380972997,82566,381055563,18,0,1,103424,18,9678883463
3131,380991984,343896,381335880,1,0,0,28672,1,7515244955
3132,380995081,60497,381055578,0,0,1,10752,0,5592317963
3133,380996481,248882,381245363,19,0,0,10240,19,3981573029
3134,381003738,234403,381238141,8,0,0,115200,8,1899957652
3135,381027723,229823,381257546,16,0,0,39936,16,3156650067
3136,381042678,199542,381242220,1,0,0,13312,1,4148401621
3137,381068655,209152,381277807,13,0,0,17408,13,2759938891
3138,381164342,1518,381165860,17,0,1,1536,17,4095076324
3139,381171695,178070,381349765,9,0,0,25600,9,4453388596
3140,381179727,102009,381281736,12,0,0,12288,12,791205036
3141,381179944,231141,381411085,10,0,0,65536,10,8255621169
3142,381211875,224685,381436560,14,0,0,29184,14,8680068213
3143,381224543,131162,381355705,11,0,0,4608,11,10509079743
3144,381291254,210340,381501594,12,0,0,34816,12,5071269540
3145,381298684,3898,381302582,2,0,1,4096,2,2251737306
3146,381299097,119069,381418166,4,0,0,16384,4,5590820706
3147,381303587,180801,381484388,12,0,0,46080,12,2419468569
3148,381327981,124629,381452610,17,0,0,5120,17,8810514324
3149,381329681,110883,381440564,6,0,0,3072,6,4598538107
3150,381467995,57440,381525435,3,0,0,4608,3,9783709450
3151,381494392,57866,381552258,18,0,0,2560,18,7541239658
3152,381516231,102908,381619139,5,0,0,37888,5,9919016349
3153,381530675,5971,381536646,2,0,1,14848,2,9737830384
3154,381557188,118800,381675988,13,0,0,45056,13,3147013596
3155,381562190,3898,381566088,19,0,1,4096,19,1104477003
3156,381589474,94334,381683808,6,0,0,2560,6,8748417350
3157,381629816,148095,381777911,0,0,0,34304,0,2953574430
3158,381640190,80084,381720274,8,0,0,18432,8,2705285008
3159,381665358,130871,381796229,2,0,0,2560,2,4161391184
3160,381691504,205112,381896616,10,0,1,335872,10,3285183970
3161,381723426,325027,382048453,16,0,0,45056,16,7346976714
3162,381763125,154071,381917196,12,0,0,512,12,10059684131
3163,381783985,356274,382140259,4,0,0,27648,4,1926584541
3164,381792906,198040,381990946,13,0,0,22016,13,3044795580
3165,381878896,248175,382127071,3,0,0,44544,3,5264951295
3166,381909916,3387,381913303,2,0,1,9728,2,2567054592
3167,381922969,155589,382078558,9,0,0,2048,9,10516978152
3168,381923568,272053,382195621,6,0,0,46592,6,3470474528
3169,381933210,144709,382077919,7,0,0,44544,7,975536175
3170,381948411,161174,382109585,3,0,0,15872,3,3427522902
3171,381965803,82821,382048624,7,0,0,512,7,8656800652
3172,382020351,223325,382243676,1,0,0,2560,1,5527588429
3173,382128581,198397,382326978,4,0,0,27648,4,4067267078
3174,382139110,103771,382242881,1,0,0,27648,1,7524886083
3175,382192544,4587,382197131,0,0,1,1536,0,9698889459
3176,382200219,147304,382347523,13,0,0,22528,13,6381708315
3177,382232030,197541,382429571,9,0,0,24576,9,1839807199
3178,382244734,4937,382249671,15,0,1,12800,15,1881459133
3179,382261195,126846,382388041,10,0,0,8192,10,2283293216
3180,382266191,43904,382310095,11,0,0,512,11,5285889512
3181,382297822,60380,382358202,16,0,0,9216,16,4664071606
3182,382307192,114876,382422068,2,0,0,25600,2,6945116748
3183,382317131,91687,382408818,10,0,0,6656,10,4729901231
3184,382400290,4162,382404452,17,0,1,11264,17,3756787193
3185,382403279,144832,382548111,3,0,0,92160,3,5947248055
3186,382415173,133421,382548594,13,0,0,1536,13,10077169423
3187,382435979,130515,382566494,5,0,0,12288,5,2885073892
3188,382486869,79640,382566509,10,0,1,128000,10,2455087299
3189,382493639,272871,382766510,2,0,0,32768,2,5814255588
3190,382510494,135722,382646216,0,0,0,2048,0,1005905691
3191,382525406,167430,382692836,12,0,0,18944,12,9335678870
3192,382526022,171041,382697063,11,0,0,13824,11,7800501501
3193,382550495,263301,382813796,8,0,0,20480,8,9486332875
3194,382557430,303700,382861130,3,0,0,18432,3,4543948798
3195,382567046,355756,382922802,15,0,0,81408,15,3830235704
3196,382626111,166025,382792136,7,0,0,19968,7,6212892890
3197,382641888,79098,382720986,10,0,0,1024,10,1150685230
3198,382651434,118679,382770113,8,0,0,11776,8,10449781629
3199,382654482,126986,382781468,8,0,0,5120,8,4707192604
3200,382681664,112827,382794491,13,0,0,7680,13,832820419
3201,382724082,212775,382936857,7,0,0,46080,7,2812324014
3202,382753587,193463,382947050,11,0,0,7168,11,3092271067
3203,382770509,171667,382942176,8,0,0,17408,8,86666782
3204,382782412,164809,382947221,6,0,0,512,6,2529819887
3205,382818210,126641,382944851,14,0,0,8704,14,5760682831
3206,382916470,149354,383065824,3,0,0,105984,3,2512987332
3207,383015626,104156,383119782,4,0,0,41984,4,1737774803
3208,383030794,92903,383123697,3,0,0,12800,3,5693575259
3209,383055207,15952,383071159,17,0,1,5632,17,2798094921
3210,383060902,123356,383184258,11,0,0,19456,11,3549081900
3211,383078698,45014,383123712,10,0,1,60928,10,3318633035
3212,383082473,287410,383369883,7,0,0,4608,7,9740167553
3213,383098928,137911,383236839,1,0,0,15872,1,8734451809
3214,383123817,115221,383239038,4,0,0,7168,4,9725406986
3215,383158664,183376,383342040,3,0,0,36352,3,921942147
3216,383166350,106027,383272377,0,0,0,20480,0,7733287914
3217,383176624,72668,383249292,3,0,0,9216,3,10366401672
3218,383180710,111326,383292036,0,0,0,18432,0,6959508851
3219,383215502,100100,383315602,16,0,0,28672,16,10035178769
3220,383219653,407270,383626923,12,0,0,22016,12,6333638525
3221,383237124,257415,383494539,19,0,0,73728,19,1592762436
3222,383269708,91325,383361033,15,0,0,11776,15,5798066176
3223,383283078,8973,383292051,11,0,1,7680,11,3214743440
3224,383283924,271821,383555745,13,0,0,16384,13,1943656579
3225,383290610,113875,383404485,10,0,0,6144,10,7581592725
3226,383331845,176392,383508237,11,0,0,6656,11,3711291259
3227,383462104,50672,383512776,7,0,0,2560,7,7073177354
3228,383468998,91286,383560284,4,0,0,14848,4,4118448094
3229,383493142,224303,383717445,17,0,0,91136,17,6948821096
3230,383498171,250636,383748807,17,0,0,36352,17,7160185673
3231,383619426,118290,383737716,3,0,0,64512,3,485596593
3232,383625687,174183,383799870,12,0,0,45568,12,9535685312
3233,383647065,165336,383812401,0,0,0,17408,0,7362231615
3234,383673980,148390,383822370,4,0,0,28672,4,4544031494
3235,383685197,3645,383688842,5,0,1,10240,5,1904135540
3236,383736497,139333,383875830,16,0,0,15360,16,3025160032
3237,383745247,208097,383953344,7,0,0,6144,7,7479416014
3238,383776837,146033,383922870,14,0,0,33280,14,2164422069
3239,383795134,70628,383865762,6,0,0,7168,6,9861373379
3240,383807609,269183,384076792,10,0,1,428032,10,818065017
3241,383826290,251488,384077778,13,0,1,1536,13,8100110208
3242,383827238,251923,384079161,4,0,1,14848,4,1679943911
3243,383857761,272520,384130281,13,0,0,19456,13,2749981519
3244,383903471,176970,384080441,16,0,1,14336,16,242447592
3245,383908007,311310,384219317,8,0,0,10752,8,2755802956
3246,383917265,416142,384333407,6,0,0,41472,6,1429638345
3247,383918326,118223,384036549,9,0,0,6144,9,6599457502
3248,383920606,165224,384085830,2,0,1,25600,2,7011311159
3249,383923490,232805,384156295,19,0,0,75776,19,9865172627
3250,383939189,360421,384299610,9,0,0,32768,9,2454595106
3251,383950618,137798,384088416,4,0,1,4096,4,1492256686
3252,383967690,270927,384238617,4,0,0,5120,4,8142594442
3253,383975629,399488,384375117,3,0,0,11264,3,5054509629
3254,383981920,419831,384401751,19,0,0,16896,19,10631658841
3255,383997294,177086,384174380,9,0,0,5632,9,9750930917
3256,384002013,275684,384277697,4,0,0,66048,4,4124099790
3257,384092856,207081,384299937,7,0,0,1024,7,1405284475
3258,384098563,136541,384235104,12,0,0,1536,12,8228413364
3259,384108746,566,384109312,17,0,1,512,17,5494611468
3260,384170676,143054,384313730,6,0,0,8192,6,1767413131
3261,384234811,213020,384447831,16,0,0,10240,16,8428676893
3262,384236238,83456,384319694,4,0,0,2560,4,1059355542
3263,384279686,173776,384453462,16,0,0,18432,16,1032268877
3264,384391799,107588,384499387,10,0,0,53248,10,4748568505
3265,384442428,145342,384587770,9,0,0,58880,9,2840846536
3266,384459913,156726,384616639,13,0,0,17408,13,7670828549
3267,384478723,110310,384589033,19,0,0,4096,19,10475172049
3268,384487396,118479,384605875,5,0,0,49664,5,9463796317
3269,384512234,77438,384589672,4,0,0,2048,4,155799000
3270,384515209,2470,384517679,17,0,1,2560,17,1724307206
3271,384533011,166968,384699979,2,0,0,21504,2,5682306020
3272,384588510,81901,384670411,11,0,0,5120,11,2616874505
3273,384637105,119791,384756896,0,0,0,5120,0,5741795595
3274,384644768,21399,384666167,1,0,1,34816,1,993033585
3275,384646835,57570,384704405,14,0,0,2048,14,10285416364
3276,384677303,103376,384780679,16,0,0,39424,16,6334457963
3277,384717210,64108,384781318,16,0,0,2048,16,7250017514
3278,384724045,101497,384825542,14,0,0,8192,14,4556951211
3279,384741797,139083,384880880,15,0,0,57344,15,10212492999
3280,384791270,138214,384929484,18,0,0,4608,18,1552672803
3281,384808501,147905,384956406,13,0,0,6144,13,8324939460
3282,384818865,91775,384910640,17,0,0,1536,17,1695543314
3283,384836948,80640,384917588,6,0,0,9216,6,1511426728
3284,384967142,105872,385073014,12,0,0,47616,12,1729860741
3285,385003915,98720,385102635,15,0,0,29184,15,9883965757
3286,385115094,104423,385219517,3,0,0,37888,3,2835527313
3287,385126386,80684,385207070,5,0,0,15360,5,4372428310
3288,385134571,7230,385141801,2,0,1,7680,2,3276288835
3289,385136179,124885,385261064,13,0,0,41984,13,6016662351
3290,385268003,103688,385371691,14,0,0,40448,14,3839518073
3291,385329487,98852,385428339,12,0,0,24576,12,7752074191
3292,385340801,69634,385410435,0,0,0,6144,0,7013483707
3293,385341340,160109,385501449,18,0,0,16384,18,38119362
3294,385379991,103376,385483367,3,0,0,39424,3,1449803393
3295,385392094,36260,385428354,10,0,1,60416,10,8330995275
3296,385393902,34467,385428369,13,0,1,1536,13,6627668980
3297,385414103,116966,385531069,11,0,0,11776,11,758998768
3298,385460693,123051,385583744,3,0,0,21504,3,9256883448
3299,385470482,133207,385603689,5,0,0,8704,5,9131147530
3300,385533562,67460,385601022,4,0,0,12288,4,10619854189
3301,385587558,60824,385648382,9,0,0,5632,9,5306007632
3302,385593138,101660,385694798,4,0,0,33792,4,562412623
3303,385596991,77744,385674735,11,0,0,10752,11,7985958916
3304,385618987,82561,385701548,4,0,0,2560,4,7810508352
3305,385633886,2946,385636832,11,0,1,3072,11,10293301386
3306,385638857,221096,385859953,9,0,0,53760,9,2083340359
3307,385678674,100880,385779554,18,0,0,31232,18,9588791827
3308,385712411,67470,385779881,16,0,0,1024,16,5746765727
3309,385713659,169973,385883632,18,0,0,44544,18,9972922877
3310,385731080,99476,385830556,16,0,0,26624,16,10085879019
3311,385736393,199706,385936099,8,0,0,70656,8,980620092
3312,385781469,163389,385944858,9,0,0,28672,9,3407206618
3313,385791220,2470,385793690,16,0,1,2560,16,7173517427
3314,385791322,281919,386073241,9,0,0,109056,9,1516836008
3315,385797230,201782,385999012,4,0,0,2560,4,2329369868
3316,385874239,16615,385890854,17,0,1,7680,17,10249217187
3317,385901952,100912,386002864,17,0,0,5120,17,1914322206
3318,385916340,157088,386073428,6,0,0,512,6,8520845689
3319,385927872,272452,386200324,15,0,0,43520,15,4457619997
3320,385930332,96422,386026754,19,0,0,5632,19,10541190561
3321,385978885,2470,385981355,15,0,1,2560,15,5797247475
3322,386001513,118447,386119960,11,0,0,84480,11,3258257085
3323,386028187,212079,386240266,7,0,0,37376,7,4148587203
3324,386028593,157899,386186492,7,0,0,5120,7,7084070281
3325,386045423,216779,386262202,3,0,0,64000,3,4545946197
3326,386065371,89663,386155034,7,0,0,18944,7,5987878536
3327,386107169,160664,386267833,19,0,0,18432,19,10420091724
3328,386118526,167345,386285871,2,0,0,36352,2,7972045281
3329,386157674,152268,386309942,13,0,0,20992,13,9812999028
3330,386183620,91152,386274772,16,0,0,18432,16,8948606373
3331,386270532,67684,386338216,3,0,0,9216,3,2773542681
3332,386279388,7993,386287381,17,0,1,1536,17,1110929986
3333,386337900,47596,386385496,10,0,0,1536,10,10371972969
3334,386353482,47600,386401082,7,0,0,2560,7,1705047325
3335,386369573,57963,386427536,11,0,0,2560,11,8999261493
3336,386384682,75320,386460002,16,0,0,17920,16,4590874956
3337,386412714,101348,386514062,1,0,0,32768,1,634310070
3338,386501946,117884,386619830,2,0,0,87040,2,7073419916
3339,386524906,137626,386662532,19,0,0,14336,19,3748705569
3340,386525328,141899,386667227,14,0,0,15360,14,5503092099
3341,386596981,36975,386633956,13,0,1,24064,13,4131548461
3342,386605506,189133,386794639,18,0,0,25088,18,2015779968
3343,386626046,80478,386706524,18,0,0,15872,18,5984437748
3344,386635385,101972,386737357,4,0,0,34816,4,8584960921
3345,386656687,103908,386760595,19,0,0,4096,19,2784906163
3346,386657858,9384,386667242,4,0,1,15872,4,6666329906
3347,386760314,54953,386815267,8,0,0,5632,8,9696734261
3348,386790625,111438,386902063,1,0,0,52736,1,3898128525
3349,386820102,180229,387000331,8,0,0,30208,8,1172684420
3350,386834184,195583,387029767,15,0,0,3584,15,7212199932
3351,386838958,364160,387203118,11,0,0,35328,11,3515647818
3352,386859247,149991,387009238,12,0,0,29184,12,7200222643
3353,386859687,94000,386953687,13,0,0,8192,13,257315423
3354,386880088,21998,386902086,16,0,1,28160,16,7968621888
3355,386885237,170409,387055646,1,0,0,48128,1,1370936575
3356,386917962,108751,387026713,19,0,0,14848,19,4723859336
3357,386985773,5326,386991099,17,0,1,5632,17,4995328263
3358,387009094,134438,387143532,10,0,0,12288,10,5404698664
3359,387022503,116241,387138744,6,0,0,6656,6,10312055116
3360,387032424,48980,387081404,0,0,0,2048,0,7581357496
3361,387032535,79175,387111710,11,0,0,4608,11,9423323326
3362,387092839,6754,387099593,13,0,1,7168,13,9972644257
3363,387094286,66686,387160972,8,0,0,7168,8,6592324142
3364,387112460,91765,387204225,2,0,0,3584,2,4062185054
3365,387201965,101416,387303381,5,0,0,25600,5,9029021275
3366,387242490,63870,387306360,7,0,0,9728,7,6115016949
3367,387361390,47288,387408678,13,0,0,1536,13,1165690184
3368,387370603,88676,387459279,11,0,0,16384,11,6748004376
3369,387411516,97656,387509172,16,0,0,20992,16,881091265
3370,387411890,90871,387502761,10,0,0,11776,10,10205055596
3371,387421398,2946,387424344,5,0,1,3072,5,7988827838
3372,387446891,111831,387558722,3,0,0,10752,3,6646227520
3373,387489745,75020,387564765,17,0,0,3072,17,8827411496
3374,387548903,111176,387660079,5,0,0,65024,5,8793179638
3375,387564330,109957,387674287,7,0,0,15872,7,8941469794
3376,387574810,2946,387577756,1,0,1,3072,1,6209760939
3377,387634083,84512,387718595,12,0,0,12800,12,4857192383
3378,387642677,84854,387727531,0,0,0,12288,0,10057058637
3379,387651869,112178,387764047,14,0,0,36352,14,4007918337
3380,387655292,90277,387745569,14,0,0,15872,14,3947516550
3381,387667161,157725,387824886,7,0,0,43520,7,9229554594
3382,387669353,122252,387791605,17,0,0,9728,17,38894913
3383,387712522,95953,387808475,0,0,0,3072,0,5714576871
3384,387723230,109869,387833099,11,0,0,13312,11,3326251700
3385,387740179,155789,387895968,15,0,0,28672,15,8089861795
3386,387790584,222419,388013003,11,0,0,27136,11,2677007147
3387,387801158,3422,387804580,17,0,1,3584,17,9091302993
3388,387843099,175379,388018478,2,0,0,17920,2,1208937346
3389,387845322,145440,387990762,2,0,0,26112,2,2381961381
3390,387853391,92911,387946302,6,0,0,11264,6,1714197927
3391,387968095,138832,388106927,13,0,0,40448,13,670833439
3392,387994298,76520,388070818,10,0,0,11776,10,10267174663
3393,388037239,104746,388141985,1,0,0,8192,1,4422526013
3394,388041477,89588,388131065,10,0,0,14336,10,9065802718
3395,388055696,179067,388234763,2,0,0,34304,2,6102799110
3396,388092393,86666,388179059,6,0,0,12800,6,4904760356
3397,388092914,100412,388193326,0,0,0,29696,0,4790581104
3398,388143125,131051,388274176,11,0,0,67072,11,5393571686
3399,388201277,114062,388315339,17,0,0,37376,17,6830909835
3400,388256746,21813,388278559,4,0,1,4608,4,5238465492
3401,388273126,173782,388446908,4,0,0,15360,4,8826781239
3402,388278376,61113,388339489,4,0,0,4608,4,3282822835
3403,388292154,98696,388390850,12,0,0,24064,12,6308828732
3404,388294998,54056,388349054,18,0,0,3584,18,534351058
3405,388303257,12097,388315354,3,0,1,2560,3,565507892
3406,388323134,70071,388393205,18,0,0,7680,18,1020269822
3407,388327110,278061,388605171,8,0,0,8192,8,469384011
3408,388332627,191269,388523896,4,0,0,68608,4,7068183722
3409,388356020,212755,388568775,10,0,0,75264,10,3243383279
3410,388374694,18542,388393236,2,0,1,26112,2,8742470727
3411,388386627,194748,388581375,6,0,0,10752,6,167289418
3412,388387914,184799,388572713,8,0,0,11776,8,4354036091
3413,388390093,7536,388397629,13,0,1,4608,13,188294533
3414,388449829,136865,388586694,1,0,0,17408,1,4276939531
3415,388460182,108920,388569102,11,0,0,1024,11,6375382210
3416,388522111,123026,388645137,5,0,0,7168,5,9851914063
3417,388532166,566,388532732,2,0,1,512,2,5736563018
3418,388550595,140715,388691310,16,0,0,43520,16,5979724743
3419,388569816,69136,388638952,17,0,0,5120,17,3768248176
3420,388575788,74360,388650148,11,0,0,9728,11,9968851069
3421,388578364,62378,388640742,14,0,0,3584,14,2807684133
3422,388595110,74430,388669540,5,0,0,9728,5,3319794272
3423,388652914,134242,388787156,7,0,0,6656,7,10546949181
3424,388730504,3422,388733926,2,0,1,3584,2,5907747073
3425,388742723,2870,388745593,1,0,1,8704,1,9176112554
3426,388775549,65900,388841449,2,0,0,7168,2,4122218472
3427,388828010,123714,388951724,10,0,0,37888,10,3946347110
3428,388843806,146884,388990690,16,0,0,108032,16,7775296702
3429,388947719,54981,389002700,13,0,0,3584,13,3315929821
3430,388959172,77106,389036278,18,0,0,1024,18,5660677626
3431,389034633,2946,389037579,16,0,1,3072,16,8779179478
3432,389061942,43904,389105846,9,0,0,512,9,5128631839
3433,389076098,152080,389228178,1,0,0,88576,1,4899603413
3434,389086191,153866,389240057,3,0,0,38912,3,484043763
3435,389113445,156563,389270008,18,0,0,12800,18,4422087160
3436,389132556,1518,389134074,11,0,1,1536,11,5015404591
3437,389179343,62445,389241788,2,0,0,5632,2,4130778801
3438,389185422,71962,389257384,0,0,0,6656,0,542810406
3439,389210314,121700,389332014,15,0,0,40960,15,4478976601
3440,389255905,2513,389258418,16,0,1,1024,16,4033695418
3441,389257574,117874,389375448,13,0,0,26112,13,6116417340
3442,389272357,78436,389350793,4,0,0,512,4,5781654347
3443,389310188,5196,389315384,1,0,1,13312,1,6092218592
3444,389337172,174373,389511545,15,0,0,8192,15,2915377911
3445,389339766,148193,389487959,17,0,0,44032,17,7594211793
3446,389370693,70647,389441340,16,0,0,7168,16,3170161452
3447,389376482,162534,389539016,3,0,0,90112,3,5904529159
3448,389462054,161657,389623711,6,0,0,10752,6,6042110262
3449,389485625,134795,389620420,11,0,0,53760,11,2566650370
3450,389503425,51775,389555200,5,0,0,1024,5,10486438204
3451,389507635,86228,389593863,2,0,0,18432,2,3840626598
3452,389508723,69776,389578499,1,0,0,11264,1,1960837753
3453,389568936,111430,389680366,0,0,0,22528,0,7872522290
3454,389583770,4374,389588144,11,0,1,4608,11,5484909777
3455,389593125,144193,389737318,19,0,0,48128,19,2089940232
3456,389608184,222427,389830611,18,0,0,9728,18,191533138
3457,389664479,57752,389722231,4,0,0,5632,4,6064740859
3458,389671933,114288,389786221,3,0,0,17920,3,2733326582
3459,389682247,55250,389737497,15,0,0,512,15,9437531569
3460,389692553,55848,389748401,4,0,0,512,4,5546619076
3461,389711356,86325,389797681,13,0,0,5120,13,552937217
3462,389714779,109148,389823927,2,0,0,58368,2,1364422451
3463,389723177,132580,389855757,3,0,0,25600,3,6611314611
3464,389738492,154447,389892939,2,0,0,20480,2,1923852451
3465,389801120,120253,389921373,13,0,0,16896,13,578691568
3466,389806829,18174,389825003,16,0,1,1024,16,3457633075
3467,389808083,127078,389935161,19,0,0,6144,19,6242481523
3468,389816644,200615,390017259,14,0,0,47616,14,9841278552
3469,389850264,73152,389923416,1,0,0,6656,1,1045943145
3470,389859734,124483,389984217,12,0,0,3072,12,625340106
3471,389878954,104312,389983266,4,0,0,42496,4,971783436
3472,389893272,3898,389897170,11,0,1,4096,11,6598067009
3473,389930567,134300,390064867,1,0,0,24576,1,4963857667
3474,389946835,153048,390099883,12,0,0,23552,12,7120784416
3475,389996199,181615,390177814,0,0,0,38912,0,4188224740
3476,390016357,105518,390121875,13,0,0,43520,13,7468209516
3477,390020476,145467,390165943,6,0,0,11264,6,9225513034
3478,390031577,162028,390193605,12,0,0,35840,12,10721511517
3479,390036596,70976,390107572,11,0,0,8704,11,8872518463
3480,390037595,255184,390292779,18,0,0,17408,18,8752390016
3481,390039873,3422,390043295,16,0,1,3584,16,6080879875
3482,390044226,178673,390222899,12,0,0,53760,12,9886355375
3483,390053857,87100,390140957,0,0,0,12800,0,3476892901
3484,390072601,183893,390256494,11,0,0,1536,11,5213047229
3485,390121086,134925,390256011,5,0,0,37888,5,10263814476
3486,390129763,197750,390327513,5,0,0,14336,5,2766654829
3487,390133516,253616,390387132,3,0,0,17408,3,3724195047
3488,390160405,17424,390177829,12,0,1,5120,12,7934152414
3489,390174206,19414,390193620,11,0,1,8192,11,3329023644
3490,390187227,221556,390408783,7,0,0,43008,7,1829161065
3491,390189852,140172,390330024,8,0,0,8192,8,9591323130
3492,390196880,73136,390270016,4,0,0,10752,4,6881811915
3493,390201944,128563,390330507,5,0,0,1536,5,8911420058
3494,390238380,413579,390651959,0,0,0,19456,0,4351701457
3495,390256739,4679,390261418,12,0,1,12288,12,8977117297
3496,390265790,151991,390417781,10,0,1,245760,10,9746592591
3497,390292351,170051,390462402,11,0,0,5120,11,1314594189
3498,390312310,230475,390542785,1,0,0,29696,1,5484345177
3499,390364462,221743,390586205,15,0,0,51200,15,9671289476
3500,390392446,101002,390493448,13,0,0,2560,13,3036416692
3501,390402551,16216,390418767,0,0,1,1536,0,5083175834
3502,390406529,18651,390425180,14,0,1,22528,14,9489097884
3503,390410113,286415,390696528,19,0,0,54784,19,6917733722
3504,390411023,159567,390570590,12,0,0,2560,12,7110557878
3505,390494337,161225,390655562,16,0,0,11776,16,1010782928
3506,390516943,264278,390781221,18,0,0,22016,18,2588495970
3507,390584553,254547,390839100,10,0,0,29696,10,2355600218
3508,390612751,1518,390614269,17,0,1,1536,17,6633261169
3509,390619757,4850,390624607,16,0,1,5120,16,3945570583
3510,390651171,123327,390774498,12,0,0,50688,12,3891898218
3511,390657741,161513,390819254,5,0,0,48640,5,6961655219
3512,390734292,265716,391000008,6,0,0,66560,6,4876648461
3513,390741979,166151,390908130,12,0,0,3072,12,2151692137
3514,390748999,4374,390753373,10,0,1,4608,10,237180752
3515,390786840,119250,390906090,15,0,0,26624,15,3115430240
3516,390807439,150779,390958218,10,0,0,23040,10,7598411899
3517,390819275,315021,391134296,13,0,0,45056,13,4626022413
3518,390825366,222866,391048232,2,0,1,360448,2,1272748766
3519,390861138,185731,391046869,9,0,0,9216,9,1899495836
3520,390893231,313861,391207092,10,0,0,26112,10,9334501038
3521,390907013,203895,391110908,1,0,0,3584,1,3535604324
3522,390922775,130838,391053613,14,0,0,6144,14,2865513402
3523,390995292,222735,391218027,1,0,0,35840,1,4053720028
3524,390996515,202606,391199121,4,0,0,4096,4,7011640983
3525,391020209,28689,391048898,16,0,1,11264,16,7687846449
3526,391022812,256068,391278880,5,0,0,26624,5,3183011108
3527,391042508,11120,391053628,13,0,1,5632,13,10554964363
3528,391101575,225677,391327252,10,0,0,24064,10,4231025430
3529,391111302,5712,391117014,2,0,1,14336,2,6943103933
3530,391132551,89235,391221786,18,0,0,12288,18,4139926580
3531,391135454,144697,391280151,14,0,0,4096,14,4231775348
3532,391145860,98684,391244544,13,0,0,19968,13,3611847026
3533,391174922,248451,391423373,14,0,0,23552,14,430019598
3534,391176366,158389,391334755,11,0,0,24576,11,1960608466
3535,391185184,76838,391262022,0,0,0,5632,0,4040809646
3536,391194575,97879,391292454,8,0,0,9728,8,2650663337
3537,391227477,4850,391232327,0,0,1,5120,0,3799803560
3538,391244112,3370,391247482,0,0,1,3072,0,5134188342
3539,391261877,166503,391428380,8,0,0,16384,8,9006444999
3540,391274017,141533,391415550,8,0,0,7168,8,5440209252
3541,391289404,88076,391377480,1,0,0,19456,1,1262005094
3542,391290812,79767,391370579,14,0,0,7680,14,9795470029
3543,391313285,147838,391461123,1,0,0,30208,1,308369286
3544,391323713,110789,391434502,6,0,0,3584,6,6097358283
3545,391331849,185405,391517254,1,0,0,34304,1,10296750738
3546,391337171,96216,391433387,12,0,0,16384,12,794324538
3547,391337207,13517,391350724,1,0,1,26112,1,10610781566
3548,391358763,235420,391594183,15,0,0,11776,15,3591512472
3549,391362206,286127,391648333,5,0,0,56832,5,4543321933
3550,391431607,223301,391654908,7,0,0,21504,7,546135781
3551,391440842,20296,391461138,17,0,1,24064,17,8797649511
3552,391488943,221962,391710905,19,0,0,3584,19,8316623601
3553,391501402,83685,391585087,7,0,0,6656,7,3208618729
3554,391559401,97238,391656639,4,0,0,5632,4,7270080156
3555,391568153,12049,391580202,8,0,1,19968,8,5725123209
3556,391569786,109912,391679698,2,0,1,175104,2,3110445632
3557,391581586,192478,391774064,7,0,0,17920,7,10355479801
3558,391595870,167967,391763837,11,0,0,8704,11,9137535952
3559,391602980,317985,391920965,14,0,0,4096,14,4466472986
3560,391605508,215554,391821062,16,0,0,9728,16,8975718144
3561,391637259,245973,391883232,11,0,0,31232,11,3134515825
3562,391649739,200439,391850178,8,0,0,33792,8,7531012020
3563,391679749,5454,391685203,10,0,1,13824,10,7878185329
3564,391685012,5326,391690338,13,0,1,5632,13,1178497623
3565,391686528,70157,391756685,6,0,0,4096,6,2857674783
3566,391753626,133521,391887147,10,0,0,12800,10,6021219541
3567,391808480,111222,391919702,8,0,0,33792,8,10509074405
3568,391953617,50984,392004601,0,0,0,3584,0,3843400861
3569,391966636,82976,392049612,16,0,0,12800,16,1138095048
3570,391981460,149284,392130744,3,0,0,117760,3,9983378527
3571,392036342,209513,392245855,12,0,0,26624,12,9232658656
3572,392056203,121563,392177766,4,0,0,49152,4,7168665724
3573,392069271,129548,392198819,16,0,0,22016,16,4779917473
3574,392081525,199995,392281520,13,0,0,87040,13,5057749207
3575,392088396,232034,392320430,13,0,0,57344,13,783483490
3576,392091177,156455,392247632,13,0,0,1024,13,595215782
3577,392108642,312904,392421546,3,0,0,20992,3,607325948
3578,392116349,82485,392198834,10,0,1,113152,10,1893711930
3579,392209447,120314,392329761,3,0,0,12288,3,6812001913
3580,392214718,12825,392227543,13,0,1,21504,13,862642505
3581,392246467,168668,392415135,17,0,0,64512,17,6905484551
3582,392255025,198930,392453955,15,0,0,8192,15,4606840840
3583,392390902,57440,392448342,7,0,0,4608,7,120367681
3584,392395014,127962,392522976,0,0,0,26624,0,4449673257
3585,392508385,94064,392602449,13,0,0,18944,13,5290277888
3586,392510292,61934,392572226,16,0,0,3072,16,3868135988
3587,392529420,81020,392610440,14,0,0,21504,14,6618092712
3588,392530167,98688,392628855,5,0,0,8704,5,4575939352
3589,392531836,178649,392710485,10,0,0,48640,10,6948576204
3590,392610673,111157,392721830,7,0,0,23040,7,3854649210
3591,392658592,105092,392763684,8,0,0,45056,8,635542544
3592,392696735,140935,392837670,14,0,0,59904,14,7234583011
3593,392736371,135928,392872299,3,0,0,41984,3,4840930468
3594,392751448,133377,392884825,14,0,0,14848,14,7974498978
3595,392779554,132483,392912037,3,0,0,25088,3,3308930292
3596,392811072,128257,392939329,12,0,0,42496,12,10271587686
3597,392821398,164001,392985399,19,0,0,37888,19,6052048138
3598,392888268,61807,392950075,18,0,0,1024,18,10594183335
3599,392891903,52042,392943945,14,0,0,1536,14,9901234886
3600,392907434,83440,392990874,9,0,0,17920,9,8511054281
3601,392925549,66900,392992449,16,0,0,5120,16,5538245209
3602,392934706,90113,393024819,6,0,0,8704,6,9272447450
3603,392967218,67592,393034810,13,0,0,7680,13,5837000358
3604,392994537,64704,393059241,12,0,0,4608,12,2452239077
3605,392998541,195466,393194007,18,0,0,42496,18,1262424795
3606,393009442,127007,393136449,0,0,0,91648,0,2548339058
3607,393033598,204266,393237864,8,0,0,35328,8,6902845354
3608,393037123,258636,393295759,11,0,0,37888,11,4756256692
3609,393037603,246597,393284200,3,0,0,24064,3,5351251592
3610,393061340,202990,393264330,10,0,0,5120,10,317446596
3611,393075380,277540,393352920,17,0,0,16896,17,8247613598
3612,393076882,89900,393166782,10,0,0,15360,10,3886331997
3613,393093433,74475,393167908,16,0,0,2560,16,5674456484
3614,393096279,70830,393167109,10,0,0,1024,10,8022548302
3615,393097525,101825,393199350,9,0,0,3584,9,6735935000
3616,393114517,233240,393347757,9,0,0,67072,9,2968528831
3617,393150351,4850,393155201,16,0,1,5120,16,4950228369
3618,393219932,245264,393465196,1,0,0,20992,1,3076156833
3619,393257951,102685,393360636,2,0,0,15360,2,8780465661
3620,393264481,171927,393436408,4,0,0,76288,4,5029432703
3621,393321264,3422,393324686,11,0,1,3584,11,1977001010
3622,393364169,48980,393413149,17,0,0,2048,17,2112628585
3623,393370158,115338,393485496,17,0,0,11776,17,745414535
3624,393375058,161628,393536686,8,0,0,27648,8,2729192351
3625,393398088,246016,393644104,14,0,0,27648,14,1272803435
3626,393434257,12642,393446899,4,0,1,16896,4,1684476521
3627,393463471,3711,393467182,4,0,1,2048,4,3084656618
3628,393495164,125756,393620920,19,0,0,66048,19,4340400490
3629,393609466,99702,393709168,17,0,0,25088,17,2519171046
3630,393628463,117641,393746104,3,0,0,40448,3,2850277797
3631,393664531,170857,393835388,17,0,0,33280,17,5587067509
3632,393672828,100843,393773671,6,0,0,3072,6,10222671011
3633,393682902,11274,393694176,16,0,1,18432,16,145366014
3634,393683686,91833,393775519,2,0,0,4096,2,6529273408
3635,393730416,48980,393779396,1,0,0,2048,1,7054536566
3636,393741383,17966,393759349,13,0,1,25600,13,10356467419
3637,393758687,92254,393850941,16,0,0,6144,16,3532838957
3638,393769376,112547,393881923,19,0,0,2048,19,6889175547
3639,393780891,87779,393868670,4,0,0,15360,4,2540017005
3640,393788425,295334,394083759,17,0,0,40960,17,626619852
3641,393821754,123837,393945591,7,0,0,38400,7,945257628
3642,393828541,11706,393840247,4,0,1,5120,4,6694968933
3643,393829797,165288,393995085,18,0,0,38400,18,8321982409
3644,393846045,109545,393955590,12,0,0,32768,12,8699214660
3645,393901362,129143,394030505,2,0,0,20992,2,3311752051
3646,393903385,165568,394068953,19,0,0,47104,19,2643630544
3647,393943922,151708,394095630,8,0,0,38912,8,710029964
3648,393951079,6522,393957601,0,0,1,2048,0,5205098743
3649,394044103,61919,394106022,9,0,0,5120,9,4541491152
3650,394047097,120808,394167905,4,0,0,72192,4,3899831860
3651,394112175,80966,394193141,17,0,0,1536,17,4988298566
3652,394114452,102377,394216829,3,0,0,8704,3,7805178278
3653,394151297,127026,394278323,5,0,0,12800,5,6407591038
3654,394193959,100724,394294683,3,0,0,30720,3,3774542891
3655,394197076,151127,394348203,8,0,0,45056,8,8233187854
3656,394197436,195669,394393105,10,0,0,23040,10,5074066714
3657,394287265,134732,394421997,12,0,0,18944,12,943094798
3658,394303689,82381,394386070,6,0,0,6656,6,3233427426
3659,394314011,147136,394461147,9,0,0,17408,9,493950376
3660,394321862,155089,394476951,13,0,0,36864,13,4083926059
3661,394333388,66529,394399917,14,0,0,4096,14,774926502
3662,394344342,6799,394351141,16,0,1,3072,16,9508944692
3663,394353111,74617,394427728,17,0,0,6144,17,4533106296
3664,394406002,108359,394514361,6,0,0,24576,6,816339116
3665,394430875,13341,394444216,16,0,1,22528,16,6621318366
3666,394446536,96472,394543008,6,0,0,4096,6,884976630
3667,394456982,76813,394533795,3,0,0,1536,3,7897106483
3668,394492676,114465,394607141,9,0,0,32768,9,5193260848
3669,394493505,150451,394643956,16,0,0,35328,16,8270416685
3670,394529809,13214,394543023,0,0,1,24576,0,217361254
3671,394583073,98852,394681925,1,0,0,24576,1,1671338686
3672,394595619,11545,394607164,1,0,1,18432,1,428174477
3673,394605334,85927,394691261,10,0,1,140288,10,3139022190
3674,394649948,119538,394769486,4,0,0,15872,4,8760033228
3675,394665229,135895,394801124,10,0,0,3072,10,10095784173
3676,394754189,172779,394926968,17,0,0,27136,17,1980313982
3677,394775722,224132,394999854,0,0,0,58368,0,2299586889
3678,394775783,187377,394963160,6,0,0,23040,6,10672008425
3679,394801050,95954,394897004,15,0,0,24576,15,10378923933
3680,394810147,99375,394909522,11,0,0,25088,11,8051596043
3681,394816871,5712,394822583,4,0,1,14336,4,5184428856
3682,394889076,112197,395001273,14,0,0,4608,14,7236895772
3683,395012001,6488,395018489,16,0,1,15872,16,5457486261
3684,395015802,124304,395140106,3,0,0,43008,3,7541542015
3685,395028881,54056,395082937,9,0,0,3584,9,8730065134
3686,395038470,174998,395213468,1,0,0,55808,1,2449946553
3687,395047564,54056,395101620,16,0,0,3584,16,6139376659
3688,395104976,279690,395384666,9,0,0,84992,9,8718293025
3689,395107599,111407,395219006,8,0,0,17408,8,2580956056
3690,395118096,160130,395278226,3,0,0,35328,3,2950219072
3691,395201809,241435,395443244,8,0,0,24064,8,2012082554
3692,395252656,48980,395301636,9,0,0,2048,9,9730764527
3693,395278699,148291,395426990,8,0,0,37376,8,1490952818
3694,395306591,175290,395481881,19,0,0,13824,19,2941809010
3695,395332805,98235,395431040,15,0,0,9216,15,2041366624
3696,395363438,114216,395477654,14,0,0,20480,14,2994520994
3697,395433399,73421,395506820,18,0,0,9216,18,9479179410
3698,395461820,1994,395463814,13,0,1,2048,13,3240028280
3699,395488354,98540,395586894,0,0,0,23552,0,10108708634
3700,395492349,151653,395644002,9,0,0,49664,9,1797502969
3701,395669677,108836,395778513,0,0,0,57344,0,8192803592
3702,395719471,104030,395823501,11,0,0,6144,11,1294047051
3703,395767614,127191,395894805,8,0,0,78848,8,5310198247
3704,395806495,167114,395973609,10,0,0,32768,10,6748214059
3705,395824519,176246,396000765,1,0,0,24064,1,1082738639
3706,395831284,125288,395956572,11,0,0,12288,11,3289688450
3707,395851590,101223,395952813,13,0,0,17920,13,4619313874
3708,395899262,121453,396020715,18,0,0,12800,18,3183647997
3709,396184290,91640,396275930,1,0,0,26112,1,2495256007
3710,396224872,108524,396333396,2,0,0,56320,2,3585484290
3711,396251273,82918,396334191,2,0,0,2560,2,4737033313
3712,396253910,147520,396401430,5,0,0,46592,5,3245075579
3713,396273116,189592,396462708,13,0,0,4608,13,10463013048
3714,396279252,176322,396455574,19,0,0,62976,19,2552918872
3715,396290334,239286,396529620,19,0,0,57856,19,904528989
3716,396309698,115138,396424836,10,0,0,51712,10,5974029286
3717,396334156,12335,396346491,5,0,1,20480,5,5290980411
3718,396387334,228762,396616096,4,0,0,17920,4,10267067130
3719,396402562,5454,396408016,11,0,1,13824,11,7219737351
3720,396417679,332557,396750236,12,0,0,104960,12,3606850111
3721,396428166,329261,396757427,3,0,0,23552,3,4410019903
3722,396449897,160724,396610621,8,0,0,43008,8,9326868245
3723,396478310,351773,396830083,1,0,0,13824,1,701460034
3724,396483983,3422,396487405,0,0,1,3584,0,7037344909
3725,396571452,215816,396787268,3,0,0,49152,3,3555122479
3726,396577677,194600,396772277,9,0,0,44032,9,4897712784
3727,396600776,15895,396616671,10,0,1,512,10,2666648857
3728,396611650,106591,396718241,5,0,0,35328,5,6043227560
3729,396626756,132090,396758846,2,0,0,4608,2,2541051117
3730,396637488,238357,396875845,8,0,0,36864,8,9411037696
3731,396646280,142563,396788843,3,0,0,5120,3,10362890647
3732,396675052,138988,396814040,15,0,0,5120,15,3229825069
3733,396683835,338020,397021855,17,0,0,99328,17,3384086151
3734,396686948,256487,396943435,19,0,0,30720,19,9403792939
3735,396811601,4850,396816451,12,0,1,5120,12,1442628565
3736,396822099,129931,396952030,13,0,0,28160,13,3764380289
3737,396823582,140631,396964213,2,0,0,39936,2,268420074
3738,396880324,151560,397031884,0,0,0,2048,0,2212682415
3739,396891257,139661,397030918,17,0,0,29696,17,10037685925
3740,396894542,88637,396983179,9,0,0,7680,9,7096445017
3741,396912344,5712,396918056,5,0,1,14336,5,3005008157
3742,396913208,118037,397031245,17,0,0,1024,17,10654857002
3743,396932238,141181,397073419,12,0,0,9216,12,4750230696
3744,396961020,104525,397065545,17,0,0,6144,17,8066853339
3745,397077154,61136,397138290,12,0,0,6656,12,4018652659
3746,397107744,107028,397214772,14,0,0,29696,14,5154829274
3747,397138507,48980,397187487,11,0,0,2048,11,692434370
3748,397140735,2470,397143205,0,0,1,2560,0,6005797906
3749,397142174,105900,397248074,8,0,0,18432,8,218152724
3750,397179082,1994,397181076,16,0,1,2048,16,7226542299
3751,397214122,81482,397295604,1,0,0,15872,1,7339214951
3752,397223229,64208,397287437,3,0,0,6656,3,6571553256
3753,397254737,129936,397384673,9,0,0,26112,9,8583661513
3754,397265271,73557,397338828,5,0,0,14336,5,2167869713
3755,397297974,101660,397399634,6,0,0,33792,6,1694246972
3756,397408462,21658,397430120,5,0,1,35328,5,7850658513
3757,397428848,128419,397557267,19,0,0,15872,19,6284257753
3758,397507907,73294,397581201,14,0,0,2560,14,9025976812
3759,397543674,40616,397584290,8,0,1,65536,8,7625223522
3760,397557845,53454,397611299,1,0,0,2560,1,7531433402
3761,397580343,234053,397814396,2,0,0,54272,2,8723380886
3762,397581301,196567,397777868,6,0,0,30208,6,9986380383
3763,397590940,290750,397881690,5,0,0,16384,5,3592408673
3764,397596616,172009,397768625,9,0,0,134656,9,7122759409
3765,397656212,129154,397785366,13,0,0,12800,13,1428115018
3766,397698522,165182,397863704,2,0,0,54784,2,8486130768
3767,397744451,218629,397963080,14,0,0,5120,14,6894493799
3768,397750445,37881,397788326,13,0,1,16896,13,2473280604
3769,397753228,300537,398053765,14,0,0,88576,14,1690480358
3770,397792417,294084,398086501,6,0,0,12288,6,138769201
3771,397826741,131636,397958377,8,0,0,33792,8,6932970920
3772,397848577,49139,397897716,2,0,1,59392,2,1336495411
3773,397868243,31419,397899662,0,0,1,3072,0,5131695777
3774,397881223,23828,397905051,17,0,1,17408,17,6765175337
3775,397917447,3904,397921351,10,0,1,10752,10,8013198269
3776,397928507,126833,398055340,19,0,0,5120,19,1146846930
3777,397959036,4059,397963095,1,0,1,3584,1,2762282386
3778,398017657,147227,398164884,15,0,0,16896,15,9229738642
3779,398080110,186349,398266459,14,0,0,8192,14,4837678021
3780,398149559,109304,398258863,14,0,0,58880,14,2488709312
3781,398156256,143335,398299591,12,0,0,31232,12,4301379806
3782,398163244,211221,398374465,6,0,0,38912,6,8677855959
3783,398178019,280512,398458531,1,0,0,107008,1,2762589431
3784,398184507,131794,398316301,10,0,0,49664,10,913016097
3785,398198193,267685,398465878,14,0,0,24064,14,6970487835
3786,398207497,328062,398535559,15,0,0,9728,15,466594845
3787,398236973,254498,398491471,19,0,0,23552,19,7564038631
3788,398280013,224265,398504278,5,0,0,41984,5,10049296925
3789,398303504,169736,398473240,8,0,0,24064,8,465495517
3790,398334673,321937,398656610,15,0,0,26624,15,1352760380
3791,398356333,18147,398374480,10,0,1,17408,10,622604189
3792,398393186,7230,398400416,4,0,1,7680,4,10067446079
3793,398396880,4522,398401402,11,0,1,1536,11,1924049168
3794,398424646,41247,398465893,10,0,1,12800,10,4037721515
3795,398464319,179349,398643668,11,0,0,35328,11,4346080015
3796,398535922,6754,398542676,17,0,1,7168,17,9123719444
3797,398550411,5196,398555607,17,0,1,13312,17,4162536737
3798,398630730,59132,398689862,14,0,0,5120,14,9042331078
3799,398648994,166068,398815062,14,0,0,77312,14,2053539870
3800,398682764,159312,398842076,19,0,0,80896,19,998270032
3801,398846479,48980,398895459,17,0,0,2048,17,7722903029
3802,398855222,59132,398914354,4,0,0,5120,4,326428910
3803,398894671,122108,399016779,16,0,0,26112,16,8162185624
3804,398899215,3128,398902343,10,0,1,9216,10,10391537069
3805,398935416,214631,399150047,10,0,0,11776,10,7445248921
3806,398941348,67460,399008808,14,0,0,12288,14,9725122830
3807,398971460,159085,399130545,14,0,0,73216,14,10540061324
3808,398972497,135725,399108222,12,0,0,48640,12,5839725324
3809,398983057,5326,398988383,11,0,1,5632,11,8331476786
3810,398993777,137563,399131340,19,0,0,2560,19,8090180060
3811,399044537,147037,399191574,8,0,0,22528,8,2222021947
3812,399068104,86510,399154614,11,0,0,2048,11,6343166304
3813,399071953,98831,399170784,6,0,0,3584,6,5868544972
3814,399181364,107900,399289264,3,0,0,54272,3,6203835312
3815,399181389,1534,399182923,13,0,1,1536,13,7961356664
3816,399264260,84824,399349084,13,0,0,13824,13,259834622
3817,399295907,104637,399400544,18,0,1,173568,18,5992603694
3818,399315830,231315,399547145,15,0,0,26112,15,5396082236
3819,399343724,102153,399445877,11,0,0,1536,11,5685969316
3820,399384538,211714,399596252,3,0,0,26624,3,1600426411
3821,399447787,6488,399454275,16,0,1,15872,16,9231513472
3822,399458843,48980,399507823,18,0,0,2048,18,8388535491
3823,399495774,100805,399596579,14,0,0,1024,14,9699598930
3824,399580557,73448,399654005,7,0,0,11776,7,4858697772
3825,399585171,103064,399688235,5,0,0,38400,5,3778178413
3826,399634656,103688,399738344,0,0,0,40448,0,6667250870
3827,399700876,5326,399706202,0,0,1,5632,0,2018758697
3828,399717991,59306,399777297,9,0,0,4608,9,8142598182
3829,399721154,53790,399774944,12,0,0,2048,12,9289303540
3830,399741491,380247,400121738,12,0,0,22016,12,3078868546
3831,399750656,145225,399895881,2,0,1,236032,2,9008472808
3832,399767932,135998,399903930,4,0,0,5120,4,5814855769
3833,399774004,282495,400056499,5,0,0,25088,5,4268268592
3834,399790411,324433,400114844,13,0,0,66048,13,1315090134
3835,399833130,197432,400030562,19,0,0,17408,19,7787206889
3836,399851553,270356,400121909,3,0,0,512,3,2242901838
3837,399851627,197205,400048832,17,0,0,40960,17,1657355458
3838,399857673,198997,400056670,4,0,0,512,4,7407624489
3839,399891447,4780,399896227,11,0,1,512,11,6969461843
3840,399898054,267781,400165835,11,0,0,22528,11,3565000011
3841,399919683,232779,400152462,16,0,0,21504,16,9750417559
3842,399924700,132609,400057309,15,0,0,2048,15,121490356
3843,399938014,177001,400115015,18,0,0,512,18,348485690
3844,400037078,279825,400316903,12,0,0,25088,12,3960029746
3845,400073857,264172,400338029,0,0,0,2560,0,3882999370
3846,400090992,95057,400186049,10,0,0,2048,10,7366826301
3847,400152314,114015,400266329,5,0,0,56832,5,7952929988
3848,400175022,266165,400441187,18,0,0,113152,18,8178696416
3849,400177959,92441,400270400,19,0,0,13312,19,8502487104
3850,400302336,67592,400369928,13,0,0,7680,13,2680645217
3851,400327142,72283,400399425,18,0,1,117248,18,1878040937
3852,400331394,68185,400399579,17,0,1,8704,17,4735668726
3853,400372587,194310,400566897,6,0,0,88576,6,9095546553
3854,400490411,88264,400578675,12,0,0,5120,12,9903862959
3855,400507003,87185,400594188,14,0,0,9728,14,7063301630
3856,400507063,60317,400567380,11,0,0,1536,11,7687360189
3857,400611520,113516,400725036,3,0,0,72704,3,2696913988
3858,400642222,117488,400759710,10,0,0,24064,10,487556794
3859,400652986,86696,400739682,13,0,0,19968,13,3566939377
3860,400690210,144890,400835100,2,0,0,43520,2,9732255671
3861,400734563,106861,400841424,2,0,0,1536,2,8979385831
3862,400772828,65212,400838040,8,0,0,512,8,7062012048
3863,400793524,1518,400795042,0,0,1,1536,0,2767142875
3864,400835030,103282,400938312,4,0,0,38912,4,1940392382
3865,400865606,84693,400950299,3,0,0,22016,3,9359845767
3866,400866588,76988,400943576,10,0,0,13312,10,4031360088
3867,400897362,99276,400996638,5,0,0,22528,5,6540421601
3868,400903311,7706,400911017,1,0,1,8192,1,4039835516
3869,400908923,29412,400938335,2,0,1,40960,2,10214985745
3870,400927295,161403,401088698,5,0,0,3584,5,1336047324
3871,400952306,11533,400963839,4,0,1,18944,4,1394827239
3872,400970431,13858,400984289,4,0,1,23552,4,1592944072
3873,401007906,137228,401145134,2,0,0,3072,2,3125044736
3874,401043754,54676,401098430,9,0,0,1024,9,3003523504
3875,401068371,137474,401205845,12,0,0,51712,12,7675513606
3876,401084184,26221,401110405,2,0,1,47616,2,9976957844
3877,401114286,116573,401230859,17,0,0,6656,17,9708800594
3878,401116829,143248,401260077,17,0,0,36352,17,3141826042
3879,401128913,136639,401265552,9,0,0,17920,9,3847193016
3880,401200131,11032,401211163,13,0,1,5632,13,5606182796
3881,401212069,107020,401319089,9,0,0,12800,9,6991923143
3882,401243660,5326,401248986,13,0,1,5632,13,6001223961
3883,401276091,104804,401380895,16,0,0,17920,16,8912729523
3884,401315599,112006,401427605,15,0,0,56320,15,8731015949
3885,401375905,148468,401524373,3,0,0,74240,3,1050776763
3886,401437826,4374,401442200,4,0,1,4608,4,4405637686
3887,401447425,112954,401560379,14,0,0,14848,14,9062177031
3888,401448802,78394,401527196,16,0,0,9216,16,9615757737
3889,401492068,103856,401595924,1,0,0,25600,1,5987439509
3890,401497862,103849,401601711,13,0,0,18944,13,4221894850
3891,401553770,54529,401608299,2,0,1,92672,2,9001016473
3892,401559120,96384,401655504,0,0,0,512,0,4576452696
3893,401586382,27306,401613688,11,0,1,25600,11,10171406280
3894,401588847,191660,401780507,7,0,0,2048,7,9593106601
3895,401634082,5326,401639408,15,0,1,5632,15,8595578038
3896,401731879,60824,401792703,8,0,0,5632,8,10322384934
3897,401735221,192695,401927916,18,0,0,64000,18,2797324619
3898,401755697,5802,401761499,14,0,1,6144,14,1496774998
3899,401760944,118330,401879274,3,0,0,16384,3,4671175871
3900,401800345,102285,401902630,0,0,0,9216,0,2293072941
3901,401834470,191094,402025564,3,0,0,86528,3,3096622339
3902,401961672,4850,401966522,5,0,1,5120,5,5829040348
3903,401962887,77990,402040877,14,0,0,9216,14,7457494256
3904,401964077,76815,402040892,2,0,1,128000,2,6202987998
3905,401979030,200818,402179848,0,0,0,46080,0,8962409554
3906,402006363,213751,402220114,19,0,0,10752,19,1976414316
3907,402028765,276387,402305152,1,0,0,56832,1,1900968795
3908,402095118,148329,402243447,12,0,0,5120,12,9758385966
3909,402111997,149750,402261747,1,0,0,9728,1,6238627634
3910,402160933,45596,402206529,18,0,0,1024,18,10184046631
3911,402210293,96902,402307195,10,0,0,6656,10,7781292080
3912,402235869,13253,402249122,13,0,1,25600,13,3426458827
3913,402261288,105656,402366944,7,0,0,32256,7,10013343879
3914,402269848,60824,402330672,9,0,0,5632,9,817761862
3915,402321879,80777,402402656,9,0,0,1024,9,949823705
3916,402357308,55224,402412532,11,0,0,1024,11,9357049194
3917,402410144,84560,402494704,3,0,0,23040,3,9945697574
3918,402418153,6229,402424382,13,0,1,15360,13,5687095012
3919,402436983,150271,402587254,14,0,0,98816,14,5167158276
3920,402446512,167971,402614483,18,0,1,276992,18,9560795531
3921,402475842,215604,402691446,11,0,0,17408,11,1675465865
3922,402486200,130869,402617069,5,0,1,4096,5,5395151176
3923,402487010,125595,402612605,18,0,0,1536,18,9578339107
3924,402491207,206160,402697367,18,0,0,512,18,6844804873
3925,402513292,312205,402825497,17,0,0,31744,17,7997040619
3926,402523706,223913,402747619,9,0,0,27648,9,1453917371
3927,402530826,184928,402715754,13,0,0,33280,13,7792635707
3928,402549738,265630,402815368,12,0,0,70656,12,3981637046
3929,402561473,293826,402855299,6,0,0,20992,6,8189314513
3930,402565684,171022,402736706,5,0,0,4096,5,6727377257
3931,402587550,252899,402840449,12,0,0,10240,12,5404231952
3932,402599234,331348,402930582,15,0,0,2560,15,3269395964
3933,402606409,299781,402906190,7,0,0,39936,7,8303602852
3934,402615210,242296,402857506,16,0,0,7168,16,540205993
3935,402660141,3128,402663269,5,0,1,9216,5,3323402385
3936,402742281,106607,402848888,2,0,0,27648,2,595760470
3937,402753186,176593,402929779,0,0,0,23552,0,3245138532
3938,402803627,106322,402909949,14,0,0,12288,14,406430757
3939,402806054,19458,402825512,16,0,1,512,16,4983670216
3940,402812367,13160,402825527,0,0,1,15360,0,2530866493
3941,402813930,97438,402911368,13,0,0,4608,13,5655992660
3942,402846742,73080,402919822,9,0,0,1536,9,3890587685
3943,402854130,103156,402957286,10,0,0,27648,10,5762772472
3944,402899793,90346,402990139,17,0,0,7680,17,10094016102
3945,402910790,56678,402967468,15,0,0,512,15,9956764720
3946,402928758,98088,403026846,1,0,0,1536,1,3529954217
3947,402930461,2983,402933444,16,0,1,8704,16,67956898
3948,402938431,97503,403035934,9,0,0,17408,9,9446782527
3949,402956852,99782,403056634,4,0,0,9728,4,9531358520
3950,402960802,155514,403116316,0,0,0,53248,0,9890289125
3951,403060084,74360,403134444,4,0,0,9728,4,4240661280
3952,403101281,107999,403209280,2,0,0,15360,2,9316479101
3953,403168793,103943,403272736,9,0,0,28160,9,2917481256
3954,403186616,128207,403314823,4,0,0,22016,4,3986424654
3955,403189662,13341,403203003,4,0,1,22528,4,6113826232
3956,403205625,163652,403369277,18,0,0,18944,18,9144806705
3957,403208079,126644,403334723,9,0,0,27648,9,6005035003
3958,403216458,32816,403249274,2,0,1,53760,2,5737991224
3959,403224153,27707,403251860,4,0,1,4096,4,4581193523
3960,403268001,197411,403465412,7,0,0,8704,7,4163805488
3961,403345873,181389,403527262,19,0,0,22016,19,6572354999
3962,403348161,11533,403359694,18,0,1,18944,18,9593799289
3963,403359728,198966,403558694,13,0,0,11264,13,8848861461
3964,403364873,202416,403567289,0,0,0,28160,0,4329114655
3965,403380038,104780,403484818,12,0,0,44032,12,8229830024
3966,403426577,257958,403684535,10,0,0,35328,10,919385701
3967,403469036,275440,403744476,16,0,0,31744,16,6664738122
3968,403484890,164638,403649528,2,0,0,81408,2,44729606
3969,403569761,123847,403693608,8,0,0,26112,8,5791856970
3970,403607252,48980,403656232,8,0,0,2048,8,7761508541
3971,403655391,161307,403816698,18,0,0,30720,18,3043797832
3972,403668697,223407,403892104,15,0,0,33280,15,7812574968
3973,403686592,155196,403841788,1,0,0,14336,1,790869528
3974,403704242,226043,403930285,1,0,0,100864,1,4981048868
3975,403725054,111166,403836220,9,0,0,6144,9,1101364162
3976,403756748,91166,403847914,4,0,0,3072,4,2538540257
3977,403779707,185291,403964998,0,0,0,44544,0,9194895348
3978,403790234,109304,403899538,8,0,0,6144,8,5555224384
3979,403792127,149405,403941532,2,0,0,36864,2,7999330210
3980,403813338,81121,403894459,1,0,0,7680,1,6771909002
3981,403842840,100758,403943598,12,0,0,2048,12,42209554
3982,403858927,84024,403942951,1,0,0,4608,1,8933383286
3983,403876967,158763,404035730,11,0,0,39424,11,10024545043
3984,403930003,93700,404023703,7,0,0,9728,7,926297830
3985,403937751,27262,403965013,1,0,1,31232,1,8155943847
3986,403938242,103431,404041673,9,0,0,19456,9,7307497065
3987,403973586,68110,404041696,18,0,1,102912,18,780720250
3988,404036020,144421,404180441,5,0,0,36864,5,6471320127
3989,404067423,11016,404078439,14,0,1,17920,14,6618952683
3990,404070730,156173,404226903,18,0,0,23552,18,8011597465
3991,404073167,6578,404079745,4,0,1,2048,4,9178868783
3992,404076479,151843,404228322,14,0,0,4608,14,866034562
3993,404089296,3898,404093194,5,0,1,4096,5,2548884098
3994,404108999,153863,404262862,9,0,0,8192,9,1879530462
3995,404116372,64084,404180456,18,0,1,107520,18,841362867
3996,404186375,16354,404202729,14,0,1,31744,14,8933850410
3997,404215233,214607,404429840,4,0,0,27136,4,4263067423
3998,404304103,131212,404435315,4,0,0,17920,4,10321918426
3999,404358532,135052,404493584,3,0,0,20480,3,1119557607
4000,404364142,6488,404370630,14,0,1,15872,14,9848210175
4001,404465567,98228,404563795,18,0,0,22528,18,8458321459
4002,404467741,74540,404542281,18,0,0,15360,18,2959817933
4003,404469646,1518,404471164,16,0,1,1536,16,149900205
4004,404492923,62540,404555463,3,0,0,2048,3,4928110308
4005,404501470,5712,404507182,4,0,1,14336,4,5479389709
4006,404516894,112027,404628921,15,0,0,35328,15,5214012085
4007,404554430,106808,404661238,0,0,0,50688,0,5967982914
4008,404581044,566,404581610,10,0,1,512,10,75609148
4009,404608254,155521,404763775,0,0,0,18432,0,8150247322
4010,404622829,125004,404747833,7,0,0,32768,7,759463695
4011,404725806,99127,404824933,8,0,0,16384,8,7434465698
4012,404729520,141936,404871456,2,0,0,7168,2,7237927735
4013,404738986,128385,404867371,7,0,0,18432,7,936650419
4014,404817902,96647,404914549,9,0,0,15872,9,481138656
4015,404819557,111192,404930749,13,0,0,28672,13,9506636851
4016,404829684,201600,405031284,10,0,0,4096,10,9743284277
4017,404836793,161188,404997981,16,0,0,124416,16,8226962992
4018,404838049,238329,405076378,2,0,1,390656,2,7557648655
4019,404865386,297080,405162466,4,0,0,11776,4,2525406350
4020,404873586,347034,405220620,1,0,0,11776,1,3395902226
4021,404917534,299483,405217017,5,0,0,23040,5,888069212
4022,404927939,241698,405169637,12,0,0,22528,12,5689375957
4023,405018332,58200,405076532,14,0,1,8704,14,3961009320
4024,405018651,372606,405391257,8,0,0,91136,8,7470979952
4025,405036723,274991,405311714,16,0,0,40960,16,670890972
4026,405044481,298271,405342752,12,0,0,35840,12,9611512474
4027,405077147,240354,405317501,11,0,0,18944,11,3676113597
4028,405096022,428287,405524309,2,0,0,35328,2,10188937593
4029,405172126,276239,405448365,16,0,0,117248,16,5175601024
4030,405175859,283627,405459486,8,0,0,30720,8,2138135548
4031,405184475,265621,405450096,9,0,0,5632,9,8520968860
4032,405197754,278495,405476249,18,0,0,38912,18,1397993352
4033,405205976,389145,405595121,4,0,0,93696,4,5301218994
4034,405270261,87898,405358159,1,0,0,2560,1,5366004557
4035,405279034,182503,405461537,13,0,0,6656,13,9020508134
4036,405281527,5454,405286981,2,0,1,13824,2,10635053494
4037,405284180,6458,405290638,5,0,1,5120,5,9259275813
4038,405336905,209187,405546092,19,0,0,15360,19,9704378335
4039,405350001,215606,405565607,0,0,0,64000,0,2612150312
4040,405381138,185420,405566558,1,0,0,3072,1,1753526754
4041,405397529,2470,405399999,5,0,1,2560,5,6809096652
4042,405411646,38465,405450111,0,0,1,4608,0,2791409499
4043,405424644,51620,405476264,17,0,1,4096,17,7183626175
4044,405439076,158883,405597959,19,0,0,5120,19,5954497213
4045,405485746,182930,405668676,19,0,0,12288,19,3187611474
4046,405492753,103631,405596384,4,0,0,4096,4,1265801877
4047,405520828,4991,405525819,5,0,1,1536,5,6126423341
4048,405639237,111582,405750819,5,0,0,33280,5,7913916632
4049,405641019,57440,405698459,4,0,0,4608,4,5896527918
4050,405646792,7706,405654498,11,0,1,8192,11,8361486575
4051,405660199,3898,405664097,3,0,1,4096,3,2709802223
4052,405673854,191137,405864991,13,0,0,42496,13,3262559741
4053,405726499,97916,405824415,3,0,0,21504,3,3184194167
4054,405748603,182564,405931167,19,0,0,72192,19,4266669338
4055,405748701,103327,405852028,1,0,0,32256,1,50206385
4056,405785308,7706,405793014,13,0,1,8192,13,10723734186
4057,405887853,133893,406021746,8,0,0,22528,8,8398903845
4058,405891262,105872,405997134,13,0,0,47616,13,10216529185
4059,405952204,5326,405957530,5,0,1,5632,5,10584355249
4060,405986758,72596,406059354,12,0,0,2560,12,239154961
4061,406015223,108356,406123579,19,0,0,34304,19,4297631733
4062,406015808,135184,406150992,15,0,0,47616,15,4256507958
4063,406168857,73745,406242602,18,0,1,123392,18,2862146879
4064,406169326,167620,406336946,3,0,0,11264,3,6596569501
4065,406183077,64031,406247108,11,0,1,7168,11,5159092867
4066,406185894,64440,406250334,1,0,1,5120,1,7870264916
4067,406193975,250707,406444682,7,0,0,9728,7,2711008155
4068,406204317,123706,406328023,8,0,0,16896,8,4416369882
4069,406212156,222485,406434641,16,0,0,12288,16,6365357032
4070,406257593,165297,406422890,16,0,0,13824,16,3336061090
4071,406292609,12566,406305175,13,0,1,20992,13,6443785910
4072,406302614,164105,406466719,2,0,0,28672,2,3540590092
4073,406315838,204596,406520434,7,0,0,31232,7,7532739197
4074,406332522,228506,406561028,17,0,0,17408,17,5859822749
4075,406346440,130122,406476562,8,0,0,32256,8,8829676581
4076,406385123,148438,406533561,1,0,0,43008,1,5029248061
4077,406397514,113389,406510903,9,0,0,17408,9,7184284922
4078,406401317,135358,406536675,18,0,1,220160,18,10106341175
4079,406459123,232802,406691925,3,0,0,10240,3,9873030030
4080,406477174,310263,406787437,16,0,0,11264,16,4716117481
4081,406516617,258139,406774756,10,0,0,28672,10,5864378217
4082,406567269,44404,406611673,18,0,1,76288,18,5405297817
4083,406571374,117416,406688790,18,0,0,22528,18,8633039315
4084,406655882,140267,406796149,17,0,0,5632,17,3222625398
4085,406657116,80032,406737148,5,0,0,1024,5,6856238141
4086,406670902,5802,406676704,14,0,1,6144,14,4019263699
4087,406675633,46212,406721845,2,0,1,79872,2,7220256490
4088,406760352,216797,406977149,14,0,0,2048,14,5669453410
4089,406805111,211734,407016845,18,0,0,16384,18,9568020942
4090,406834135,209836,407043971,13,0,0,28672,13,8011173949
4091,406859843,1042,406860885,10,0,1,1024,10,1895325793
4092,406860277,130432,406990709,0,0,0,11264,0,8968056050
4093,406889937,58754,406948691,18,0,0,512,18,3551421610
4094,406924980,2870,406927850,5,0,1,8704,5,3988613069
4095,406992042,106115,407098157,9,0,0,13824,9,8799122971
4096,407003936,3128,407007064,14,0,1,9216,14,6680953040
4097,407067851,5454,407073305,4,0,1,13824,4,2652143696
4098,407081369,76052,407157421,10,0,0,10240,10,822879392
4099,407123372,55748,407179120,4,0,0,4096,4,8142922632
4100,407130480,72772,407203252,13,0,0,7680,13,10310066822
4101,407150732,93932,407244664,15,0,0,23552,15,9508521291
4102,407217505,101907,407319412,13,0,0,29696,13,9227172946
4103,407259977,70976,407330953,4,0,0,8704,4,5249837100
4104,407290904,122147,407413051,5,0,0,50176,5,6601798111
4105,407340207,143245,407483452,0,0,0,42496,0,3639700070
4106,407340728,86204,407426932,18,0,0,13312,18,7221077952
4107,407400318,110980,407511298,13,0,0,11776,13,1546808986
4108,407431032,2946,407433978,3,0,1,3072,3,1658356684
4109,407461776,63764,407525540,6,0,0,10240,6,6586581077
4110,407461876,82700,407544576,17,0,0,16896,17,1537217397
4111,407480315,113775,407594090,17,0,0,12288,17,9774849384
4112,407506372,91173,407597545,0,0,0,11264,0,9677537730
4113,407520330,121874,407642204,6,0,0,12800,6,187075951
4114,407524294,74046,407598340,5,0,0,2560,5,7464468403
4115,407524868,145944,407670812,7,0,0,20992,7,7515825772
4116,407590714,121670,407712384,13,0,0,69120,13,710149587
4117,407612825,164317,407777142,0,0,0,48640,0,970649883
4118,407634240,107070,407741310,5,0,0,6656,5,2362691601
4119,407717667,231692,407949359,15,0,0,62976,15,2785218553
4120,407723385,84041,407807426,11,0,0,12288,11,4346351744
4121,407727012,107256,407834268,7,0,0,38400,7,7277844003
4122,407729309,52364,407781673,16,0,0,3072,16,4139965891
4123,407756261,218031,407974292,0,0,0,20480,0,9107018851
4124,407772147,158009,407930156,0,0,0,41984,0,1933242795
4125,407781074,82860,407863934,18,0,0,12288,18,1172113784
4126,407790017,125721,407915738,11,0,0,20992,11,7649237848
4127,407821243,130323,407951566,18,0,0,7168,18,693606163
4128,407849368,334723,408184091,10,0,0,53248,10,333981739
4129,407850069,101668,407951737,18,0,0,512,18,3161464368
4130,407864215,195475,408059690,5,0,0,77824,5,9720814883
4131,407897003,84355,407981358,3,0,0,3584,3,2086313252
4132,407946212,294786,408240998,11,0,0,75776,11,3985174759
4133,407968413,102755,408071168,19,0,0,10240,19,6709559429
4134,407979214,188638,408167852,8,0,0,43520,8,7145173030
4135,407986829,203688,408190517,19,0,0,6656,19,2498924839
4136,408019084,111187,408130271,8,0,0,19456,8,6939978449
4137,408074895,113579,408188474,1,0,0,14336,1,5356824570
4138,408076567,140485,408217052,14,0,0,6144,14,2793698257
4139,408127047,15265,408142312,16,0,1,19968,16,6974028701
4140,408201039,44060,408245099,3,0,0,1024,3,175439839
4141,408203102,84714,408287816,8,0,0,14336,8,26630671
4142,408217714,114094,408331808,15,0,0,27648,15,451162387
4143,408226696,18668,408245364,13,0,1,4608,13,7060046169
4144,408253164,153542,408406706,19,0,0,40448,19,10309512174
4145,408308686,67361,408376047,12,0,0,9216,12,9488377711
4146,408327547,145501,408473048,18,0,0,30208,18,7499272975
4147,408345465,138206,408483671,7,0,0,34816,7,1883478124
4148,408359867,161146,408521013,1,0,0,12800,1,929784427
4149,408372588,152808,408525396,1,0,0,14336,1,3236115060
4150,408404238,265387,408669625,2,0,0,61440,2,5283326401
4151,408416294,124093,408540387,18,0,0,9728,18,7470294074
4152,408432819,111015,408543834,10,0,0,11264,10,5579862242
4153,408455247,1042,408456289,5,0,1,1024,5,6844366628
4154,408589353,107134,408696487,16,0,0,17408,16,829901875
4155,408596762,155779,408752541,2,0,1,256512,2,9750741931
4156,408621405,132442,408753847,18,0,1,2048,18,5233770348
4157,408622566,132357,408754923,1,0,1,13312,1,2983208007
4158,408638247,153784,408792031,3,0,0,7680,3,6306074596
4159,408653252,169694,408822946,11,0,0,23040,11,9887289072
4160,408655541,264070,408919611,9,0,0,27136,9,5146491489
4161,408726234,29355,408755589,4,0,1,1024,4,3276366876
4162,408759014,6278,408765292,0,0,1,6656,0,1315363098
4163,408810645,178800,408989445,8,0,0,2048,8,1548734495
4164,408862178,105429,408967607,2,0,0,26624,2,8867781110
4165,408923640,15062,408938702,18,0,1,29184,18,2814323962
4166,408980552,80967,409061519,2,0,0,10240,2,9376034084
4167,408994338,140578,409134916,2,0,0,83968,2,7959110779
4168,408998940,90146,409089086,8,0,0,1024,8,10313285038
4169,409015146,127132,409142278,1,0,0,23552,1,166252875
4170,409018760,214804,409233564,17,0,0,14336,17,9353849412
4171,409019357,3128,409022485,16,0,1,9216,16,1923851442
4172,409026429,5712,409032141,5,0,1,14336,5,5446544501
4173,409044188,90899,409135087,0,0,0,512,0,2593383123
4174,409096470,59132,409155602,15,0,0,5120,15,9290041134
4175,409103421,164184,409267605,18,0,0,7680,18,1943155070
4176,409104229,95503,409199732,10,0,0,7680,10,5548522527
4177,409105693,123488,409229181,3,0,0,52736,3,5554585419
4178,409125811,121202,409247013,7,0,0,5632,7,6416830096
4179,409128733,127036,409255769,12,0,0,11776,12,763284784
4180,409134805,117361,409252166,12,0,0,12288,12,5496991754
4181,409153658,134028,409287686,16,0,0,53248,16,3313627334
4182,409226991,161273,409388264,10,0,0,39424,10,7809949415
4183,409229118,183029,409412147,1,0,0,78336,1,9054488424
4184,409239984,113888,409353872,10,0,0,42496,10,7564684312
4185,409247642,125912,409373554,1,0,0,11264,1,5198484097
4186,409275602,23867,409299469,1,0,1,19456,1,3031359243
4187,409299794,183366,409483160,1,0,0,14848,1,4931661406
4188,409301903,33075,409334978,2,0,1,54272,2,4496043175
4189,409326598,104262,409430860,3,0,0,9728,3,10122315122
4190,409368996,5326,409374322,13,0,1,5632,13,10262546753
4191,409374748,85036,409459784,13,0,0,8704,13,5932291453
4192,409398073,115372,409513445,13,0,0,14848,13,3265520896
4193,409429111,284868,409713979,9,0,0,14848,9,1177983423
4194,409431324,102454,409533778,0,0,0,31232,0,3357110810
4195,409462330,118222,409580552,9,0,0,34816,9,6374956738
4196,409485777,253487,409739264,10,0,0,29184,10,505991839
4197,409489256,66816,409556072,7,0,0,9216,7,2775714710
4198,409509256,176334,409685590,10,0,0,71168,10,4762548817
4199,409512858,137531,409650389,12,0,0,58880,12,6610888252
4200,409569353,140087,409709440,8,0,0,7168,8,9800109439
4201,409596181,91920,409688101,13,0,0,8192,13,421614413
4202,409626815,23589,409650404,0,0,1,8192,0,7992980204
4203,409648154,116054,409764208,14,0,0,25600,14,6622167918
4204,409677384,15129,409692513,4,0,1,11776,4,7464598687
4205,409696461,6488,409702949,4,0,1,15872,4,10198872115
4206,409702141,180156,409882297,8,0,0,3584,8,9538728754
4207,409714223,107813,409822036,5,0,0,26624,5,2449857877
4208,409750001,74080,409824081,10,0,0,4608,10,10083205950
4209,409803187,45596,409848783,19,0,0,1024,19,6399760675
4210,409813686,193131,410006817,5,0,0,38400,5,9630201205
4211,409839114,3387,409842501,4,0,1,9728,4,4295370319
4212,409845043,107588,409952631,8,0,0,53248,8,7854191269
4213,409879661,102568,409982229,19,0,0,3072,19,7002380484
4214,409885726,139763,410025489,1,0,0,24064,1,7779868029
4215,409906826,171700,410078526,15,0,0,43008,15,6515463956
4216,409911026,154381,410065407,18,0,0,12800,18,5679026863
4217,409914038,6754,409920792,2,0,1,7168,2,1772453724
4218,409927986,219339,410147325,11,0,0,48640,11,8859853435
4219,409957659,89478,410047137,19,0,0,7168,19,506887202
4220,410003366,76111,410079477,7,0,0,3072,7,7420264411
4221,410033109,178979,410212088,8,0,0,25088,8,1931629940
4222,410051738,111670,410163408,7,0,0,52736,7,9626488576
4223,410083686,120735,410204421,5,0,0,9728,5,4327491332
4224,410112167,241288,410353455,16,0,0,91648,16,5759975778
4225,410148796,139607,410288403,3,0,0,9216,3,1615193919
4226,410164603,138500,410303103,2,0,0,32256,2,2500266581
4227,410201499,201810,410403309,9,0,0,38400,9,9940915353
4228,410210532,6874,410217406,13,0,1,5632,13,8269809031
4229,410241343,115403,410356746,19,0,0,10752,19,3787562569
4230,410251093,112844,410363937,17,0,0,23552,17,2987444918
4231,410253614,7230,410260844,14,0,1,7680,14,6737160776
4232,410305655,4374,410310029,10,0,1,4608,10,8435152798
4233,410308358,83156,410391514,3,0,0,18432,3,6820893702
4234,410371919,143764,410515683,15,0,0,35840,15,8002143651
4235,410407408,88367,410495775,2,0,0,15872,2,9633784404
4236,410415211,108599,410523810,1,0,0,26624,1,5432847895
4237,410430739,143234,410573973,15,0,0,44544,15,530881993
4238,410454038,79629,410533667,7,0,0,2048,7,8950951472
4239,410474080,566,410474646,1,0,1,512,1,10244473439
4240,410519688,39426,410559114,18,0,1,61952,18,659300353
4241,410536207,138175,410674382,13,0,0,7168,13,5211439157
4242,410541867,101148,410643015,19,0,0,5632,19,4527224260
4243,410547108,55748,410602856,10,0,0,4096,10,5361817996
4244,410547358,128599,410675957,18,0,0,5120,18,9597065572
4245,410572053,5810,410577863,2,0,1,4096,2,274603085
4246,410622129,71156,410693285,3,0,0,14336,3,1783122832
4247,410733498,103064,410836562,1,0,0,38400,1,8536816174
4248,410739637,122743,410862380,3,0,0,1024,3,3168012618
4249,410763479,47288,410810767,9,0,0,1536,9,7581099135
4250,410778401,118857,410897258,11,0,0,28672,11,1244252689
4251,410805303,69016,410874319,1,0,0,11264,1,4624293492
4252,410837328,136568,410973896,14,0,0,52224,14,8923796483
4253,410843529,99431,410942960,17,0,0,6144,17,2952263685
4254,410872074,111500,410983574,18,0,0,12288,18,6695075744
4255,410900829,4162,410904991,6,0,1,11264,6,1387391208
4256,410912318,109056,411021374,9,0,0,15360,9,10266483167
4257,410950507,54056,411004563,16,0,0,3584,16,7008834114
4258,411037998,121629,411159627,4,0,0,57344,4,6788362790
4259,411047853,86882,411134735,4,0,0,12800,4,6577156773
4260,411052908,4162,411057070,4,0,1,11264,4,9411239090
4261,411063186,113675,411176861,5,0,0,13824,5,1634617266
4262,411085974,108483,411194457,10,0,0,9216,10,464730472
4263,411114733,212590,411327323,4,0,0,96768,4,10016414089
4264,411144208,50264,411194472,8,0,1,57856,8,3645179539
4265,411157479,39588,411197067,5,0,1,6656,5,9664063507
4266,411181978,198427,411380405,13,0,0,43008,13,9187283832
4267,411254259,150020,411404279,3,0,0,49664,3,6184349232
4268,411262374,10499,411272873,6,0,1,16896,6,9746435356
4269,411311029,274584,411585613,5,0,0,16896,5,9252874110
4270,411315109,156005,411471114,11,0,0,34816,11,1596508734
4271,411317217,11666,411328883,5,0,1,1536,5,8098311704
4272,411329130,20882,411350012,13,0,1,33792,13,5255693727
4273,411396076,283448,411679524,14,0,0,8704,14,1059702270
4274,411420885,4162,411425047,13,0,1,11264,13,3399797595
4275,411471863,199480,411671343,17,0,0,101376,17,1290259626
4276,411484217,151364,411635581,3,0,0,25600,3,4657012311
4277,411511739,91190,411602929,7,0,0,8192,7,1206105787
4278,411518073,158776,411676849,1,0,0,6656,1,2107274611
4279,411522795,117637,411640432,3,0,0,15872,3,6610740992
4280,411581609,93197,411674806,10,0,0,11264,10,800531655
4281,411632905,104856,411737761,3,0,0,19968,3,3570755313
4282,411654505,25042,411679547,9,0,1,1536,9,2511023316
4283,411659971,85017,411744988,9,0,0,17408,9,5568961869
4284,411676918,81302,411758220,8,0,0,18944,8,9464917419
4285,411714059,149401,411863460,11,0,0,9216,11,988613841
4286,411715331,117439,411832770,16,0,0,55808,16,4199407952
4287,411733729,164042,411897771,16,0,0,18432,16,8285184031
4288,411760513,76655,411837168,16,0,0,14336,16,3645980179
4289,411811617,21168,411832785,4,0,1,5120,4,1187307272
4290,411868777,3422,411872199,16,0,1,3584,16,7613753997
4291,411894123,100464,411994587,8,0,0,17920,8,8097072313
4292,411964118,132691,412096809,18,0,0,125440,18,6530536356
4293,411968305,129619,412097924,18,0,0,3584,18,9322239162
4294,412003778,102320,412106098,19,0,0,2560,19,10285877514
4295,412004001,122172,412126173,10,0,0,17920,10,3758057687
4296,412040524,171179,412211703,15,0,0,70656,15,6003969701
4297,412045535,72407,412117942,9,0,0,6144,9,10401036961
4298,412082355,23758,412106113,10,0,1,8192,10,4301832562
4299,412109264,165268,412274532,10,0,0,17920,10,10185244814
4300,412148508,70532,412219040,3,0,0,12288,3,8767932204
4301,412187273,70438,412257711,4,0,0,7680,4,5838131141
4302,412210204,12248,412222452,13,0,1,17408,13,3589855419
4303,412216640,130813,412347453,1,0,0,74240,1,8288372857
4304,412335116,69769,412404885,10,0,0,4608,10,8615100293
4305,412355753,98540,412454293,3,0,0,23552,3,2249604338
4306,412360598,66836,412427434,2,0,0,10240,2,288455026
4307,412382689,105090,412487779,2,0,0,16384,2,1217339044
4308,412398059,93635,412491694,13,0,0,12800,13,10658149953
4309,412430903,145320,412576223,11,0,0,6144,11,2867349644
4310,412438974,70891,412509865,15,0,0,2048,15,29377715
4311,412443002,55045,412498047,18,0,1,93696,18,2806295281
4312,412445646,55627,412501273,11,0,1,5120,11,7298158301
4313,412498591,148198,412646789,16,0,0,45056,16,3457813568
4314,412526512,219697,412746209,1,0,0,15360,1,7332383874
4315,412542298,7706,412550004,10,0,1,8192,10,9437204752
4316,412544606,195949,412740555,4,0,0,83968,4,5219246473
4317,412613300,3128,412616428,4,0,1,9216,4,3909717856
4318,412654226,3645,412657871,13,0,1,10240,13,3244542742
4319,412673352,68154,412741506,9,0,0,3072,9,8115688556
4320,412687110,224044,412911154,4,0,0,79360,4,10275097225
4321,412726105,160846,412886951,1,0,0,26112,1,7607790512
4322,412781075,69152,412850227,11,0,0,12800,11,1841949526
4323,412795149,161858,412957007,3,0,0,94720,3,2823615030
4324,412816299,164060,412980359,11,0,0,11776,11,970597669
4325,412879612,115582,412995194,12,0,0,48640,12,5628114486
4326,412906361,144420,413050781,14,0,0,19968,14,9420812820
4327,412920080,279045,413199125,13,0,0,30720,13,5055505679
4328,412925302,137634,413062936,9,0,0,5632,9,4334348533
4329,412929795,31691,412961486,4,0,1,11776,4,6646743122
4330,412935269,29283,412964552,4,0,1,4096,4,5950410602
4331,412939086,349985,413289071,6,0,0,108032,6,10719403877
4332,412939854,29844,412969698,2,0,1,8192,2,5722770509
4333,412961077,154096,413115173,3,0,0,59904,3,2020103375
4334,412962530,129087,413091617,17,0,0,512,17,7531394016
4335,412995626,248289,413243915,15,0,0,10240,15,9408059103
4336,413062616,93381,413155997,16,0,0,5120,16,6992474690
4337,413067193,256168,413323361,17,0,0,43008,17,3968016344
4338,413073846,153560,413227406,9,0,0,8704,9,8786455807
4339,413087473,137266,413224739,16,0,0,48128,16,7589058744
4340,413113693,85447,413199140,18,0,1,125440,18,806429361
4341,413240465,3645,413244110,5,0,1,10240,5,7535404668
4342,413278936,168336,413447272,4,0,0,13312,4,796147526
4343,413317028,168962,413485990,9,0,0,8192,9,8422781753
4344,413327270,145304,413472574,10,0,0,49152,10,7857606545
4345,413352068,105515,413457583,11,0,0,33792,11,3764042999
4346,413372068,10499,413382567,0,0,1,16896,0,4643842808
4347,413387112,143505,413530617,7,0,0,11776,7,3320660170
4348,413410713,62546,413473259,7,0,0,512,7,5359864732
4349,413417211,168129,413585340,7,0,0,23040,7,10187129623
4350,413419672,3128,413422800,13,0,1,9216,13,3072869438
4351,413421891,504074,413925965,3,0,0,123904,3,9580388619
4352,413441470,31119,413472589,7,0,1,17920,7,4990106450
4353,413462236,116069,413578305,9,0,0,27136,9,2721543875
4354,413478182,10757,413488939,0,0,1,17408,0,1287921018
4355,413482488,151196,413633684,14,0,0,26112,14,4883007435
4356,413490340,120070,413610410,5,0,0,7680,5,4438330948
4357,413495283,566,413495849,13,0,1,512,13,846723059
4358,413513819,123476,413637295,19,0,0,11776,19,239392354
4359,413547152,122801,413669953,9,0,0,23040,9,5137228275
4360,413559436,200669,413760105,17,0,0,25600,17,3343279142
4361,413579311,8491,413587802,1,0,1,2560,1,4230207788
4362,413614926,185588,413800514,4,0,0,33792,4,6648686429
4363,413625697,11613,413637310,10,0,1,512,10,10141796893
4364,413662589,127614,413790203,13,0,0,37376,13,557321109
4365,413703942,149531,413853473,3,0,0,27136,3,7166157664
4366,413707976,231363,413939339,3,0,0,20480,3,1030495644
4367,413713344,145448,413858792,16,0,0,17408,16,444464954
4368,413820416,150500,413970916,9,0,0,58880,9,6753518870
4369,413861612,90129,413951741,16,0,0,4608,16,8197467166
4370,413875435,51349,413926784,5,0,0,2560,5,7605930686
4371,413881469,3422,413884891,16,0,1,3584,16,7726901790
4372,413890084,146418,414036502,9,0,0,51200,9,1315417594
4373,413892782,155619,414048401,16,0,0,11264,16,7472403979
4374,413897236,144429,414041665,1,0,0,16896,1,7178659270
4375,413971010,142803,414113813,12,0,0,60416,12,7507043341
4376,413995696,3422,413999118,2,0,1,3584,2,5289503041
4377,414001545,122579,414124124,12,0,0,33792,12,423783022
4378,414080385,100729,414181114,16,0,0,19456,16,7275140833
4379,414091637,2470,414094107,11,0,1,2560,11,7078074918
4380,414163298,60824,414224122,7,0,0,5632,7,143187598
4381,414213786,4420,414218206,13,0,1,11776,13,3006203642
4382,414226899,99164,414326063,16,0,0,25600,16,7109430316
4383,414240852,87878,414328730,5,0,0,8704,5,2252580904
4384,414277069,51988,414329057,5,0,0,1024,5,10713416896
4385,414289169,4374,414293543,9,0,1,4608,9,9013121711
4386,414345369,110552,414455921,5,0,0,62976,5,8038115496
4387,414349446,106802,414456248,8,0,0,1024,8,4310670298
4388,414411857,116286,414528143,18,0,0,61952,18,2341922718
4389,414415309,168052,414583361,4,0,0,5120,4,6311202117
4390,414416532,43904,414460436,12,0,0,512,12,5809473574
4391,414454495,92158,414546653,18,0,0,5632,18,6624781963
4392,414454542,123443,414577985,14,0,0,37888,14,543707443
4393,414538680,135896,414674576,17,0,0,15360,17,8893257631
4394,414558763,68060,414626823,3,0,0,9216,3,2624584028
4395,414569415,100466,414669881,3,0,0,16896,3,10627630878
4396,414572667,79196,414651863,19,0,0,14848,19,9362138062
4397,414616913,316164,414933077,17,0,0,34816,17,8385618161
4398,414619252,1994,414621246,0,0,1,2048,0,2597700196
4399,414625456,65676,414691132,9,0,0,5120,9,8494313700
4400,414642425,95118,414737543,16,0,0,26112,16,6800644102
4401,414678210,2870,414681080,13,0,1,8704,13,8224502549
4402,414685460,104637,414790097,18,0,1,173568,18,4888336677
4403,414690595,123628,414814223,7,0,0,9216,7,9301710796
4404,414690960,112330,414803290,3,0,0,8704,3,7241215152
4405,414707072,195765,414902837,8,0,0,31744,8,9626930068
4406,414720052,192501,414912553,10,0,0,12288,10,7779625143
4407,414726104,181116,414907220,15,0,0,14336,15,8354175717
4408,414851479,170766,415022245,15,0,0,67584,15,5417615074
4409,414898388,172838,415071226,5,0,0,5632,5,168663004
4410,414910187,113165,415023352,3,0,0,3584,3,1191300653
4411,414941783,262187,415203970,5,0,0,45568,5,7304239758
4412,414960244,109251,415069495,11,0,0,14848,11,9200154938
4413,414973246,5971,414979217,18,0,1,14848,18,3357555640
4414,414975563,208721,415184284,5,0,0,93184,5,4425697270
4415,414987877,102497,415090374,7,0,0,5120,7,1057101201
4416,414993752,210389,415204141,10,0,0,512,10,5558923477
4417,414999341,156536,415155877,3,0,0,19968,3,1991817237
4418,415043571,146500,415190071,18,0,0,18944,18,1709073244
4419,415078471,148287,415226758,5,0,0,50176,5,7133876938
4420,415102224,153336,415255560,18,0,0,30208,18,293176094
4421,415102405,143936,415246341,7,0,0,28160,7,5557741284
4422,415116145,111260,415227405,12,0,0,2048,12,4623408020
4423,415215836,16879,415232715,11,0,1,5632,11,763279033
4424,415220673,67548,415288221,10,0,0,5632,10,8155532541
4425,415251966,79785,415331751,11,0,0,11264,11,6610296591
4426,415325216,54368,415379584,19,0,0,4608,19,9688191802
4427,415338160,103566,415441726,11,0,0,15872,11,5593115933
4428,415420593,6754,415427347,10,0,1,7168,10,3593920330
4429,415441148,118866,415560014,19,0,0,73728,19,4705926287
4430,415441911,7706,415449617,14,0,1,8192,14,2100640326
4431,415493800,2470,415496270,5,0,1,2560,5,1230245593
4432,415512990,101510,415614500,17,0,0,24576,17,9252265169
4433,415513900,195958,415709858,4,0,0,109568,4,4175781469
4434,415625529,89671,415715200,16,0,0,11264,16,4542758219
4435,415642675,69078,415711753,11,0,0,6144,11,6330308565
4436,415694020,80038,415774058,8,0,0,6656,8,976255888
4437,415715650,104156,415819806,18,0,0,41984,18,1782522661
4438,415733113,103811,415836924,18,0,0,16384,18,870423412
4439,415786773,70976,415857749,4,0,0,8704,4,6621620030
4440,415826999,109728,415936727,4,0,0,39936,4,387276309
4441,415874621,89588,415964209,9,0,0,14336,9,2699007874
4442,415877905,103824,415981729,1,0,0,16384,1,3748596116
4443,415904847,92324,415997171,5,0,0,9216,5,8588034304
4444,415925477,139910,416065387,13,0,0,62976,13,1483754540
4445,415984539,168272,416152811,14,0,0,18944,14,1082251161
4446,415994750,235066,416229816,17,0,0,61952,17,5699058826
4447,415995735,3447,415999182,2,0,1,2048,2,9250846962
4448,416002757,249702,416252459,8,0,0,74240,8,1794293976
4449,416010014,566,416010580,13,0,1,512,13,8149405301
4450,416013828,290890,416304718,8,0,0,30720,8,4302848706
4451,416018884,252128,416271012,17,0,0,35840,17,2918503816
4452,416030275,331569,416361844,17,0,0,20480,17,944125137
4453,416036181,108284,416144465,17,0,0,512,17,8287146063
4454,416038837,157880,416196717,10,0,0,18432,10,10099398304
4455,416050593,22016,416072609,13,0,1,7680,13,10371811568
4456,416126880,5326,416132206,0,0,1,5632,0,2765456167
4457,416178534,74096,416252630,16,0,0,512,16,6665096256
4458,416191983,9100,416201083,5,0,1,4608,5,854252706
4459,416217212,78052,416295264,17,0,0,10752,17,7836491797
4460,416246657,7483,416254140,1,0,1,1536,1,7587864099
4461,416254154,4162,416258316,4,0,1,11264,4,8367429976
4462,416257004,227862,416484866,9,0,0,40448,9,7842208255
4463,416282736,213533,416496269,10,0,0,37376,10,2640181841
4464,416289059,25704,416314763,5,0,1,46592,5,4851060302
4465,416293327,256279,416549606,14,0,0,11776,14,10417745271
4466,416384698,159154,416543852,11,0,0,66560,11,10448495532
4467,416411106,4420,416415526,5,0,1,11776,5,9442791092
4468,416433015,178367,416611382,7,0,0,14848,7,6038511127
4469,416435929,313207,416749136,18,0,0,67584,18,5370678496
4470,416462436,116066,416578502,5,0,0,12800,5,1646527534
4471,416510458,178156,416688614,2,0,0,107008,2,6357239666
4472,416534280,265743,416800023,2,0,0,28672,2,2220636590
4473,416565305,202440,416767745,1,0,0,2560,1,6865727033
4474,416568011,124674,416692685,12,0,0,13312,12,9012256464
4475,416582880,348573,416931453,14,0,0,75776,14,9287395442
4476,416638446,114605,416753051,17,0,0,12800,17,3731035979
4477,416648327,118623,416766950,3,0,0,45568,3,3790637212
4478,416675892,184929,416860821,15,0,0,15360,15,5721153473
4479,416680888,126984,416807872,8,0,0,22528,8,6016257845
4480,416758855,176300,416935155,11,0,0,6144,11,5617232859
4481,416775583,234146,417009729,11,0,0,1536,11,1615593686
4482,416790104,9934,416800038,5,0,1,1536,5,2160142066
4483,416790482,191137,416981619,12,0,0,40448,12,7151136775
4484,416798166,9721,416807887,2,0,1,2560,2,291963827
4485,416802557,284285,417086842,16,0,0,37888,16,9283456915
4486,416806000,203246,417009246,17,0,0,90624,17,2726423493
4487,416832205,2870,416835075,4,0,1,8704,4,2435182272
4488,416835357,256336,417091693,14,0,0,15872,14,3322464733
4489,416838039,173109,417011148,13,0,0,4608,13,8477474117
4490,416854077,175326,417029403,5,0,0,10752,5,4494839802
4491,417022731,70537,417093268,12,0,0,5120,12,211362975
4492,417029812,1994,417031806,13,0,1,2048,13,10685757503
4493,417031006,1786,417032792,16,0,1,1536,16,5547243065
4494,417041665,3387,417045052,1,0,1,9728,1,5434978866
4495,417045238,102625,417147863,12,0,0,12800,12,4732873999
4496,417046037,7230,417053267,4,0,1,7680,4,8991705977
4497,417096918,190065,417286983,10,0,0,75776,10,2049509706
4498,417112059,196221,417308280,10,0,0,15360,10,3557118213
4499,417210983,78355,417289338,13,0,0,7680,13,8275280589
4500,417288426,5278,417293704,18,0,1,4608,18,5296639168
4501,417303110,107377,417410487,5,0,0,46592,5,10009707963
4502,417355095,5802,417360897,5,0,1,6144,5,10578474143
4503,417395651,14859,417410510,4,0,1,19456,4,9756524058
4504,417400022,188470,417588492,18,0,0,100352,18,6282687139
4505,417460428,71877,417532305,5,0,0,3072,5,4516104512
4506,417498845,158839,417657684,2,0,0,2560,2,6827800222
4507,417501500,218219,417719719,1,0,0,82432,1,9472221016
4508,417521660,109961,417631621,13,0,0,6144,13,900973809
4509,417527012,62595,417589607,11,0,0,3584,11,7492446466
4510,417533777,89792,417623569,5,0,0,25088,5,6457508547
4511,417568042,26978,417595020,1,0,1,13824,1,278480239
4512,417670220,99032,417769252,14,0,0,30208,14,2686276288
4513,417676291,100160,417776451,16,0,0,23552,16,4824056119
4514,417698526,167145,417865671,18,0,0,22016,18,3208451096
4515,417711607,12044,417723651,10,0,1,4096,10,10255894316
4516,417716962,61931,417778893,17,0,0,5120,17,6247867664
4517,417755732,171414,417927146,8,0,0,9216,8,9334063734
4518,417756069,157507,417913576,2,0,0,93184,2,927311704
4519,417764696,90309,417855005,13,0,0,9728,13,337577437
4520,417775629,222637,417998266,1,0,0,50176,1,5009529832
4521,417847140,86968,417934108,17,0,0,2048,17,5572389304
4522,417871707,84247,417955954,1,0,0,2048,1,5144556622
4523,417944303,57440,418001743,14,0,0,4608,14,6131696556
4524,417970235,55748,418025983,8,0,0,4096,8,7347503460
4525,418006265,1518,418007783,5,0,1,1536,5,7754811701
4526,418008751,104127,418112878,9,0,0,27136,9,10331403478
4527,418045313,50672,418095985,17,0,0,2560,17,5797414354
4528,418068824,178152,418246976,18,0,0,29696,18,7307530760
4529,418069037,4374,418073411,1,0,1,4608,1,10393984735
4530,418074333,70891,418145224,7,0,0,6144,7,4454828780
4531,418093998,103264,418197262,12,0,0,24576,12,726201584
4532,418142802,168560,418311362,2,0,0,28160,2,2924098519
4533,418147574,117474,418265048,9,0,0,18432,9,8192144654
4534,418185804,11473,418197277,19,0,1,5120,19,10474110074
4535,418204441,1994,418206435,14,0,1,2048,14,6752443393
4536,418212877,85281,418298158,8,0,0,5632,8,5427507424
4537,418257279,1994,418259273,4,0,1,2048,4,5792275365
4538,418297768,105006,418402774,17,0,0,43520,17,2000190774
4539,418306925,62489,418369414,6,0,0,4608,6,5307825454
4540,418357497,102284,418459781,12,0,0,35840,12,9288296122
4541,418396799,96894,418493693,15,0,0,13824,15,3064123263
4542,418409479,153160,418562639,12,0,0,67584,12,4896566031
4543,418441658,57440,418499098,7,0,0,4608,7,9263942667
4544,418592518,98696,418691214,1,0,0,24064,1,9000262285
4545,418605818,93055,418698873,2,0,0,25088,2,9300602881
4546,418614683,122843,418737526,16,0,0,21504,16,4926482204
4547,418663363,110595,418773958,18,0,0,12800,18,8116592389
4548,418705143,85213,418790356,5,0,0,12288,5,684657693
4549,418707775,194085,418901860,4,0,0,28160,4,2678158320
4550,418711072,97628,418808700,13,0,0,25600,13,1153305761
4551,418730168,153206,418883374,4,0,0,89600,4,1859985902
4552,418845074,4420,418849494,10,0,1,11776,10,2171336838
4553,418852241,57440,418909681,6,0,0,4608,6,6487970661
4554,418862327,258109,419120436,18,0,0,3584,18,1010061080
4555,418869604,19656,418889260,10,0,1,6144,10,10281822481
4556,418871287,166219,419037506,3,0,0,99840,3,10230675021
4557,418874621,15305,418889926,13,0,1,1024,13,10467026963
4558,418878192,204089,419082281,10,0,0,22016,10,6247214471
4559,418889632,229697,419119329,8,0,0,90112,8,2153679325
4560,418921259,133542,419054801,13,0,0,1536,13,4210765751
4561,418944758,109560,419054318,17,0,0,1536,17,690816986
4562,418994416,2870,418997286,16,0,1,8704,16,10336528121
4563,419032008,112793,419144801,7,0,0,8192,7,3057015659
4564,419113938,7073,419121011,2,0,1,512,2,10726116849
4565,419118564,7233,419125797,14,0,1,13312,14,4818578077
4566,419196802,47288,419244090,17,0,0,1536,17,968260108
4567,419213609,97604,419311213,6,0,0,20480,6,6870001334
4568,419219444,176831,419396275,2,0,0,71680,2,5457871290
4569,419236561,166644,419403205,7,0,0,2560,7,709962719
4570,419266576,1042,419267618,0,0,1,1024,0,5662706240
4571,419339475,62038,419401513,7,0,0,2048,7,7279766473
4572,419385742,102321,419488063,18,0,0,26624,18,10112660706
4573,419405085,54212,419459297,7,0,0,4096,7,1940102457
4574,419459711,70976,419530687,19,0,0,8704,19,179912486
4575,419505841,74072,419579913,6,0,0,13824,6,8610448755
4576,419510691,128203,419638894,0,0,0,37888,0,364529237
4577,419512300,105777,419618077,4,0,0,46592,4,1946388177
4578,419526371,4331,419530702,4,0,1,2048,4,590185351
4579,419535353,91982,419627335,13,0,0,15360,13,1207869233
4580,419575110,4818,419579928,14,0,1,1024,14,266724035
4581,419710639,1994,419712633,4,0,1,2048,4,8335729901
4582,419714392,76052,419790444,6,0,0,10240,6,5780659368
4583,419734302,102162,419836464,14,0,0,30208,14,5324000676
4584,419742664,66784,419809448,4,0,0,6144,4,1661598714
4585,419752778,179830,419932608,19,0,0,46080,19,535838310
4586,419778617,94183,419872800,13,0,0,1024,13,2476730085
4587,419881883,55904,419937787,4,0,0,4608,4,10733910067
4588,419896011,47756,419943767,5,0,0,3072,5,10279574744
4589,420019692,3422,420023114,1,0,1,3584,1,2241244095
4590,420044097,55210,420099307,13,0,0,3584,13,2554728028
4591,420061184,2946,420064130,16,0,1,3072,16,2158901321
4592,420122490,4374,420126864,0,0,1,4608,0,1999340473
4593,420155587,172676,420328263,12,0,0,41472,12,6506144102
4594,420185906,5971,420191877,14,0,1,14848,14,4145573635
4595,420221402,89413,420310815,14,0,0,10752,14,5234001493
4596,420229382,103567,420332949,2,0,0,6656,2,885316738
4597,420277017,99008,420376025,14,0,0,25088,14,1735824160
4598,420349552,110521,420460073,15,0,0,16384,15,842073501
4599,420393581,129366,420522947,8,0,0,19968,8,1653958726
4600,420438405,60536,420498941,1,0,0,9728,1,1129827094
4601,420458183,8653,420466836,11,0,1,7168,11,8494758352
4602,420459221,92310,420551531,8,0,0,14848,8,4417804021
4603,420513723,9239,420522962,10,0,1,5632,10,7063256755
4604,420586438,124529,420710967,4,0,0,30208,4,4401466268
4605,420592435,97916,420690351,1,0,0,21504,1,2621711838
4606,420607599,94149,420701748,19,0,0,22016,19,856480035
4607,420618347,111961,420730308,7,0,0,19968,7,6406923017
4608,420651266,162232,420813498,2,0,0,65024,2,4504285976
4609,420683573,6793,420690366,14,0,1,5120,14,9940492351
4610,420696139,20808,420716947,11,0,1,14848,11,3900766208
4611,420698372,151588,420849960,15,0,0,37376,15,3105908556
4612,420713646,3967,420717613,9,0,1,1024,9,9788327813
4613,420723676,101168,420824844,9,0,0,20480,9,8920741016
4614,420728179,165613,420893792,7,0,0,2560,7,9862117439
4615,420734919,80769,420815688,6,0,0,512,6,5905812282
4616,420736030,3422,420739452,0,0,1,3584,0,755998432
4617,420738971,112720,420851691,10,0,0,5632,10,4909381404
4618,420757009,4374,420761383,9,0,1,4608,9,4096389064
4619,420783081,182822,420965903,3,0,0,36352,3,3880585095
4620,420785566,27947,420813513,11,0,1,16384,11,5018225457
4621,420801827,108996,420910823,16,0,0,16896,16,10523232421
4622,420815259,233498,421048757,12,0,0,75264,12,3490113933
4623,420850936,159271,421010207,12,0,0,3072,12,6679210200
4624,420860909,3898,420864807,1,0,1,4096,1,1511549380
4625,420862141,83353,420945494,1,0,0,13824,1,4503607366
4626,420868029,106499,420974528,7,0,0,7168,7,3558191960
4627,420890387,226668,421117055,14,0,0,8704,14,5317456182
4628,420926617,159580,421086197,5,0,0,19456,5,1858519872
4629,421034923,74650,421109573,2,0,0,5632,2,10258381992
4630,421051765,92674,421144439,9,0,0,17920,9,4584049172
4631,421067054,60729,421127783,12,0,0,3584,12,55903558
4632,421078173,107324,421185497,4,0,0,20480,4,8048889641
4633,421089409,161296,421250705,15,0,0,37888,15,5448873755
4634,421098024,197276,421295300,15,0,0,17408,15,3408650196
4635,421147394,185725,421333119,4,0,0,14336,4,6439256921
4636,421149748,106128,421255876,7,0,0,16896,7,5350161061
4637,421152833,181861,421334694,10,0,0,5120,10,6845188699
4638,421154877,2870,421157747,4,0,1,8704,4,5797981193
4639,421172160,133288,421305448,1,0,0,31232,1,671066693
4640,421174514,115467,421289981,9,0,0,13312,9,4880352774
4641,421182655,146081,421328736,7,0,0,19456,7,1993847792
4642,421209376,4679,421214055,11,0,1,12288,11,7005970868
4643,421212419,130246,421342665,1,0,0,26112,1,1327073176
4644,421224038,85013,421309051,11,0,0,11776,11,5938666112
4645,421228724,147903,421376627,14,0,0,9216,14,6279486382
4646,421243611,158288,421401899,13,0,0,26624,13,4687098410
4647,421280078,334399,421614477,12,0,0,34816,12,1423994160
4648,421303529,102102,421405631,2,0,0,3584,2,10575018067
4649,421322564,224977,421547541,9,0,0,56832,9,10320551712
4650,421352738,219962,421572700,13,0,0,20992,13,1728724368
4651,421357960,172250,421530210,5,0,0,52224,5,10242180407
4652,421415207,51140,421466347,14,0,0,4096,14,883232731
4653,421444226,110925,421555151,9,0,0,3072,9,7088592719
4654,421445484,3387,421448871,5,0,1,9728,5,3264227247
4655,421454389,143116,421597505,1,0,0,19968,1,3406752607
4656,421491941,4374,421496315,18,0,1,4608,18,1315029944
4657,421510678,93176,421603854,6,0,0,19456,6,9794496785
4658,421526397,146810,421673207,19,0,0,40448,19,4700833619
4659,421540158,9394,421549552,2,0,1,2048,2,1707990825
4660,421616751,90038,421706789,18,0,0,6144,18,9783753866
4661,421628711,73002,421701713,12,0,0,4608,12,5554926253
4662,421632946,49136,421682082,17,0,0,2560,17,9376313304
4663,421656186,57440,421713626,8,0,0,4608,8,5445686279
4664,421661129,66126,421727255,15,0,0,3584,15,4373388659
4665,421673832,88712,421762544,17,0,0,14336,17,4154692419
4666,421697203,60958,421758161,1,0,0,3072,1,9280312182
4667,421708897,79436,421788333,10,0,0,11264,10,3240996580
4668,421729544,135000,421864544,2,0,0,76800,2,3197893956
4669,421733233,47288,421780521,5,0,0,1536,5,3698224177
4670,421740680,158769,421899449,8,0,0,15872,8,2217511261
4671,421780687,94747,421875434,11,0,0,512,11,5388090890
4672,421787281,7798,421795079,1,0,1,7168,1,6383344790
4673,421788699,119375,421908074,2,0,0,16896,2,9815914005
4674,421841759,111774,421953533,3,0,0,4608,3,6794400395
4675,421883330,116163,421999493,6,0,0,44544,6,8620603938
4676,421891721,109035,422000756,9,0,0,4096,9,1659071351
4677,421940600,130371,422070971,15,0,0,81408,15,10408901812
4678,421943856,131046,422074902,16,0,0,12800,16,658560604
4679,421968021,135439,422103460,12,0,0,9728,12,5667066941
4680,421974956,101373,422076329,7,0,0,4608,7,5251872981
4681,421996881,103592,422100473,3,0,0,10752,3,3602141087
4682,422009773,145444,422155217,6,0,0,24064,6,4345622839
4683,422022845,277497,422300342,10,0,0,9216,10,8459185734
4684,422039276,3904,422043180,1,0,1,10752,1,6450838918
4685,422046864,84635,422131499,12,0,0,9728,12,8409545203
4686,422048324,29006,422077330,10,0,1,1024,10,533158910
4687,422063216,192044,422255260,1,0,0,14336,1,4103545834
4688,422097737,9586,422107323,11,0,1,10752,11,3550046553
4689,422101267,135819,422237086,3,0,0,11264,3,10283389600
4690,422108498,189021,422297519,18,0,0,114688,18,3226960798
4691,422115941,195336,422311277,6,0,0,35840,6,1452447589
4692,422205257,126163,422331420,16,0,0,28160,16,4400803731
4693,422209213,109419,422318632,1,0,0,24064,1,6111971079
4694,422222199,148147,422370346,5,0,0,15360,5,8966603816
4695,422283751,142611,422426362,10,0,0,37888,10,4868243482
4696,422318772,232228,422551000,7,0,0,12288,7,4455137348
4697,422318867,79016,422397883,6,0,0,19968,6,8068541897
4698,422332237,172947,422505184,6,0,0,68608,6,2984453086
4699,422334036,182596,422516632,2,0,0,20480,2,9396032587
4700,422388536,49136,422437672,16,0,0,2560,16,802504607
4701,422404036,126353,422530389,2,0,0,8704,2,2725526114
4702,422501996,8030,422510026,10,0,1,5120,10,4122381965
4703,422557434,100256,422657690,18,0,0,29184,18,294290996
4704,422561314,81128,422642442,19,0,0,11776,19,6916277695
4705,422579465,7706,422587171,14,0,1,8192,14,5075553579
4706,422615141,2470,422617611,18,0,1,2560,18,3783050960
4707,422642085,105843,422747928,5,0,0,9728,5,10009338695
4708,422660263,6754,422667017,2,0,1,7168,2,10322422101
4709,422664462,118689,422783151,16,0,0,23040,16,7904354649
4710,422672996,11533,422684529,10,0,1,18944,10,10564514785
4711,422783845,1994,422785839,16,0,1,2048,16,5762230586
4712,422855718,78548,422934266,11,0,0,18432,11,9280634792
4713,422914490,566,422915056,11,0,1,512,11,9863227053
4714,422931518,188253,423119771,4,0,0,38912,4,2309631891
4715,422949135,2870,422952005,5,0,1,8704,5,3879477724
4716,422963836,58300,423022136,10,0,0,2560,10,5353548444
4717,422974487,60824,423035311,10,0,0,5632,10,7889483271
4718,422988150,74360,423062510,16,0,0,9728,16,10007416935
4719,423005276,99006,423104282,10,0,0,11776,10,3502802187
4720,423049880,129636,423179516,7,0,0,30720,7,8942929131
4721,423051253,566,423051819,16,0,1,512,16,9750949948
4722,423168012,98228,423266240,6,0,0,22528,6,9478819222
4723,423168454,52364,423220818,18,0,0,3072,18,4350727895
4724,423168969,10562,423179531,13,0,1,10752,13,3814675520
4725,423185870,106808,423292678,15,0,0,50688,15,1939404748
4726,423202593,7230,423209823,5,0,1,7680,5,4366093162
4727,423220100,4872,423224972,13,0,1,11264,13,3152721278
4728,423234637,126825,423361462,6,0,0,62464,6,10455165782
4729,423280625,110429,423391054,8,0,0,23040,8,8099289337
4730,423294884,131375,423426259,12,0,0,9728,12,1975807614
4731,423321245,82781,423404026,7,0,0,18432,7,4919580746
4732,423337613,168116,423505729,4,0,0,47616,4,9592557949
4733,423356656,132744,423489400,10,0,0,70656,10,4430098663
4734,423431448,4679,423436127,6,0,1,12288,6,6556229484
4735,423445635,124358,423569993,16,0,0,26112,16,542830723
4736,423449918,110870,423560788,18,0,0,19968,18,7050047483
4737,423473049,218418,423691467,1,0,0,27136,1,7680642898
4738,423513305,107621,423620926,2,0,0,25088,2,2836103829
4739,423514187,566,423514753,11,0,1,512,11,10135965758
4740,423535789,90768,423626557,8,0,0,18432,8,6226086502
4741,423561438,151108,423712546,10,0,0,26112,10,9200316311
4742,423563170,19381,423582551,13,0,1,20992,13,2728775841
4743,423572151,11386,423583537,16,0,1,1536,16,9563419158
4744,423579962,10241,423590203,11,0,1,16384,11,6933599718
4745,423580699,16878,423597577,2,0,1,20992,2,3526511721
4746,423591315,6608,423597923,18,0,1,512,18,6798871257
4747,423721795,12049,423733844,0,0,1,19968,0,3427462398
4748,423769189,77345,423846534,7,0,0,1536,7,3247616814
4749,423828609,3422,423832031,4,0,1,3584,4,8420003894
4750,423836096,154294,423990390,16,0,0,29184,16,8335191048
4751,423928826,103743,424032569,5,0,0,19456,5,2012483255
4752,423937232,5802,423943034,16,0,1,6144,16,5184583197
4753,423961464,1042,423962506,9,0,1,1024,9,9486000200
4754,423966579,189792,424156371,8,0,0,10752,8,3484093146
4755,424012026,129387,424141413,1,0,0,38400,1,2752242321
4756,424035129,53300,424088429,9,0,0,6144,9,2176339321
4757,424083265,1518,424084783,18,0,1,1536,18,4476969759
4758,424085896,208972,424294868,1,0,0,85504,1,7323265343
4759,424120401,54992,424175393,10,0,0,6656,10,6351895446
4760,424205208,190832,424396040,17,0,0,27136,17,1733119644
4761,424225507,4162,424229669,9,0,1,11264,9,6114607074
4762,424242224,164907,424407131,8,0,0,36352,8,5420416926
4763,424247014,2946,424249960,18,0,1,3072,18,348043980
4764,424281468,134732,424416200,5,0,0,2560,5,2113616798
4765,424297097,74984,424372081,6,0,0,11776,6,2211719419
4766,424342094,3422,424345516,0,0,1,3584,0,6071239240
4767,424374106,123207,424497313,1,0,0,97792,1,9330988056
4768,424394738,157193,424551931,16,0,0,44032,16,2244456540
4769,424428680,4374,424433054,5,0,1,4608,5,5096449230
4770,424466443,88779,424555222,15,0,0,10752,15,3856230066
4771,424469069,36017,424505086,5,0,1,8192,5,9140657880
4772,424474220,117938,424592158,2,0,0,16384,2,6954155516
4773,424477219,90607,424567826,6,0,0,1024,6,8756118587
4774,424497108,161740,424658848,7,0,0,47616,7,5364578310
4775,424497323,10349,424507672,13,0,1,4096,13,7149987815
4776,424596151,64272,424660423,14,0,0,5120,14,5955520660
4777,424603234,3898,424607132,5,0,1,4096,5,1681724181
4778,424609414,101575,424710989,17,0,0,3584,17,1489528544
4779,424627322,49939,424677261,18,0,0,512,18,4072219629
4780,424642777,111800,424754577,7,0,0,67072,7,3406432535
4781,424696298,3422,424699720,9,0,1,3584,9,4899383176
4782,424754400,49617,424804017,19,0,0,3584,19,2167504796
4783,424771796,147335,424919131,1,0,0,57344,1,6045455375
4784,424783225,118419,424901644,1,0,0,50688,1,5724709066
4785,424822274,205303,425027577,10,0,0,116736,10,3901933414
4786,424838936,193828,425032764,19,0,0,16896,19,2640009337
4787,424859632,85877,424945509,6,0,0,8704,6,1209524429
4788,424914248,168608,425082856,13,0,0,46080,13,6989883150
4789,424937204,110468,425047672,11,0,0,11264,11,5019867065
4790,424948052,3422,424951474,5,0,1,3584,5,6836788994
4791,424966260,204184,425170444,16,0,0,38912,16,9341390260
4792,424994302,151932,425146234,6,0,0,26112,6,4861906958
4793,425002447,109017,425111464,3,0,0,6656,3,1611579601
4794,425003284,280193,425283477,13,0,0,4608,13,6429180138
4795,425017695,445614,425463309,7,0,0,98816,7,10547200732
4796,425020070,17561,425037631,18,0,1,5120,18,8255199840
4797,425033322,49549,425082871,9,0,1,66560,9,1717700024
4798,425049590,134420,425184010,5,0,0,24064,5,904528650
4799,425057238,159747,425216985,2,0,0,2048,2,4453966528
4800,425084774,229837,425314611,11,0,0,19968,11,8885209592
4801,425121080,4850,425125930,5,0,1,5120,5,1538227867
4802,425165339,150223,425315562,15,0,0,3072,15,3637569092
4803,425223213,98772,425321985,13,0,0,6656,13,7922677404
4804,425223479,247645,425471124,8,0,0,25600,8,934406802
4805,425231315,162916,425394231,12,0,0,10752,12,881996206
4806,425241581,173590,425415171,9,0,0,54272,9,5145886383
4807,425291166,136578,425427744,16,0,0,17920,16,6629038914
4808,425296786,91772,425388558,18,0,0,21504,18,5935627088
4809,425359988,121309,425481297,12,0,0,4096,12,2346828160
4810,425382792,113421,425496213,5,0,0,7680,5,3962694125
4811,425382995,142396,425525391,8,0,0,25600,8,3470346152
4812,425407804,103229,425511033,13,0,0,2560,13,6872655185
4813,425471855,67592,425539447,5,0,0,7680,5,4395134529
4814,425491196,79945,425571141,14,0,0,13312,14,5305328299
4815,425495617,130940,425626557,9,0,0,38912,9,10380668572
4816,425542938,47288,425590226,19,0,0,1536,19,6387396966
4817,425561831,77021,425638852,16,0,0,1024,16,6087319803
4818,425573364,99788,425673152,2,0,0,27648,2,757783732
4819,425587916,4162,425592078,9,0,1,11264,9,7967027596
4820,425596777,97298,425694075,1,0,0,6656,1,5766576666
4821,425600716,12049,425612765,4,0,1,19968,4,2173006365
4822,425615084,95184,425710268,14,0,0,1024,14,1520848496
4823,425632236,1994,425634230,14,0,1,2048,14,3336994409
4824,425731450,1518,425732968,9,0,1,1536,9,7958745096
4825,425746552,99476,425846028,17,0,0,26624,17,6915197785
4826,425782414,4420,425786834,11,0,1,11776,11,4478750233
4827,425786061,62790,425848851,6,0,0,9216,6,4445311445
4828,425814332,81915,425896247,16,0,0,10240,16,6856326373
4829,425828746,1042,425829788,18,0,1,1024,18,8100117120
4830,425904754,43904,425948658,4,0,0,512,4,7968156219
4831,425956174,50672,426006846,17,0,0,2560,17,3303742592
4832,425965563,104000,426069563,13,0,0,41472,13,4070328414
4833,425968097,109437,426077534,15,0,0,26112,15,1521941530
4834,425989023,166856,426155879,7,0,0,25088,7,6259087408
4835,426001899,164714,426166613,18,0,0,13824,18,4874397542
4836,426086570,1042,426087612,10,0,1,1024,10,1530368290
4837,426086877,12791,426099668,5,0,1,24576,5,10561346074
4838,426107538,229861,426337399,8,0,0,20480,8,5312925483
4839,426133970,5326,426139296,2,0,1,5632,2,9857241861
4840,426154431,176112,426330543,15,0,0,27136,15,663907416
4841,426173405,203507,426376912,17,0,0,103424,17,5179478226
4842,426183038,139199,426322237,19,0,0,37376,19,10130274013
4843,426210539,181075,426391614,8,0,0,31744,8,10174824053
4844,426216454,231732,426448186,6,0,0,26112,6,8297151107
4845,426236403,145524,426381927,11,0,0,16384,11,831036205
4846,426237481,217734,426455215,1,0,0,6656,1,8192625498
4847,426238182,566,426238748,16,0,1,512,16,7565475239
4848,426307004,15248,426322252,9,0,1,12288,9,8687819171
4849,426312435,127780,426440215,6,0,0,17920,6,7258926169
4850,426360715,120148,426480863,19,0,0,6144,19,9090941324
4851,426416954,121295,426538249,4,0,0,51200,4,369981483
4852,426508354,77223,426585577,17,0,0,7680,17,3519393491
4853,426513805,6229,426520034,7,0,1,15360,7,7343842830
4854,426528151,96679,426624830,18,0,0,14336,18,7716165897
4855,426695678,3422,426699100,14,0,1,3584,14,8846395601
4856,426695795,113071,426808866,2,0,0,62976,2,6694605623
4857,426712857,107256,426820113,6,0,0,36864,6,1100840363
4858,426814598,103003,426917601,8,0,0,30208,8,2679117250
4859,426824886,15579,426840465,14,0,1,30208,14,2198826481
4860,426891551,55748,426947299,15,0,0,4096,15,10002654371
4861,426907816,102596,427010412,12,0,0,36864,12,6873097636
4862,426955507,124171,427079678,13,0,0,8704,13,6847316986
4863,426984522,5802,426990324,13,0,1,6144,13,2131039583
4864,426998340,64520,427062860,7,0,0,7680,7,4568363217
4865,427009419,8691,427018110,16,0,1,8192,16,6642151837
4866,427021473,223729,427245202,13,0,0,36352,13,1380142792
4867,427132883,166504,427299387,8,0,0,32768,8,7493139865
4868,427139166,4420,427143586,16,0,1,11776,16,8105553964
4869,427143644,191281,427334925,8,0,0,37376,8,2636002262
4870,427149300,3645,427152945,18,0,1,10240,18,1772632110
4871,427155096,92235,427247331,17,0,0,3072,17,6735054009
4872,427162134,126103,427288237,11,0,0,14848,11,4539228588
4873,427172917,104440,427277357,3,0,0,28672,3,10668575308
4874,427214471,144320,427358791,8,0,0,18432,8,9949863767
4875,427261356,134728,427396084,16,0,0,24064,16,2217838339
4876,427277344,58064,427335408,3,0,0,1536,3,6021084090
4877,427294067,145442,427439509,4,0,0,60416,4,1741461089
4878,427348998,91462,427440460,4,0,0,3072,4,1918783461
4879,427374256,114191,427488447,4,0,0,20992,4,666660479
4880,427456862,107744,427564606,4,0,0,53760,4,3378622401
4881,427462611,178477,427641088,4,0,0,76800,4,6119517560
4882,427468539,100450,427568989,6,0,0,14336,6,1811201903
4883,427552425,90082,427642507,6,0,0,4608,6,10525641528
4884,427586563,3422,427589985,10,0,1,3584,10,966027801
4885,427592093,132688,427724781,19,0,0,70144,19,6978478382
4886,427635770,138445,427774215,17,0,0,24576,17,10458682240
4887,427650888,138770,427789658,2,0,0,4096,2,6155957522
4888,427660833,155148,427815981,15,0,0,14336,15,1517506980
4889,427664205,93167,427757372,11,0,0,5120,11,7438533883
4890,427682854,78719,427761573,16,0,0,7168,16,10382950866
4891,427688847,2870,427691717,10,0,1,8704,10,8124563220
4892,427783722,65768,427849490,7,0,0,11776,7,505523670
4893,427808506,67592,427876098,6,0,0,7680,6,6543824991
4894,427823291,149661,427972952,13,0,0,15360,13,7724773734
4895,427828023,106184,427934207,11,0,0,48640,11,7903308768
4896,427835449,6754,427842203,13,0,1,7168,13,8984458495
4897,427839314,114865,427954179,18,0,0,46080,18,3080817529
4898,427867207,166579,428033786,18,0,0,42496,18,6871660962
4899,427886460,6229,427892689,9,0,1,15360,9,5140547775
4900,427918953,142596,428061549,9,0,0,39424,9,7062419651
4901,427966517,14029,427980546,9,0,1,27136,9,8812965640
4902,427973169,158799,428131968,3,0,0,25600,3,6927321716
4903,427986382,81118,428067500,11,0,0,19456,11,4098924393
4904,428013579,162861,428176440,2,0,0,28160,2,7292969543
4905,428050752,18225,428068977,5,0,1,1536,5,8890667914
4906,428089435,142229,428231664,9,0,0,12800,9,1046262375
4907,428109966,84474,428194440,9,0,0,1536,9,3413493587
4908,428125267,197798,428323065,6,0,0,8704,6,10491924404
4909,428127338,165324,428292662,16,0,0,32768,16,612835997
4910,428153279,5802,428159081,18,0,1,6144,18,8310951783
4911,428165478,89588,428255066,8,0,0,14336,8,629792068
4912,428209637,12308,428221945,4,0,1,20480,4,10532713775
4913,428239224,1042,428240266,1,0,1,1024,1,7610584520
4914,428243722,76676,428320398,18,0,0,12288,18,8354652312
4915,428259898,47288,428307186,17,0,0,1536,17,1247836537
4916,428279459,119605,428399064,9,0,0,42496,9,7446871932
4917,428288856,35081,428323937,8,0,1,50688,8,7985519873
4918,428292159,32124,428324283,4,0,1,512,4,8887345416
4919,428353121,91193,428444314,4,0,0,8704,4,4198325379
4920,428356183,162751,428518934,18,0,0,1024,18,2350534236
4921,428385641,203146,428588787,8,0,0,47104,8,9979774604
4922,428417730,61333,428479063,7,0,0,5632,7,3825984504
4923,428444005,12092,428456097,9,0,1,19456,9,6646214025
4924,428452286,6077,428458363,10,0,1,3584,10,9250595743
4925,428494191,3422,428497613,13,0,1,3584,13,6979759320
4926,428505952,210375,428716327,5,0,0,29184,5,7645962103
4927,428541344,75452,428616796,16,0,0,13312,16,7146661974
4928,428544801,116299,428661100,11,0,0,27648,11,3979297859
4929,428560536,129088,428689624,18,0,0,3072,18,1685853523
4930,428591999,137774,428729773,2,0,0,6656,2,9631428268
4931,428681496,95167,428776663,10,0,0,8192,10,1821148455
4932,428694181,4850,428699031,14,0,1,5120,14,8949194478
4933,428714740,92837,428807577,16,0,0,16896,16,5700592546
4934,428722603,128514,428851117,15,0,0,24576,15,1781747224
4935,428728133,88406,428816539,1,0,0,6656,1,5826932854
4936,428737199,1042,428738241,14,0,1,1024,14,9047517387
4937,428758761,146443,428905204,3,0,0,5632,3,4412920866
4938,428812804,78842,428891646,7,0,0,512,7,8616816858
4939,428827447,59132,428886579,18,0,0,5120,18,1976949376
4940,428848646,54827,428903473,10,0,0,3072,10,7358741162
4941,428852692,2870,428855562,9,0,1,8704,9,32937437
4942,428878085,61448,428939533,9,0,0,7680,9,1520627932
4943,428900656,137517,429038173,15,0,0,31744,15,4015774403
4944,428905860,2946,428908806,5,0,1,3072,5,8852187157
4945,428916661,85160,429001821,15,0,0,19968,15,5821141862
4946,428927592,79436,429007028,6,0,0,11264,6,4831873574
4947,428965312,55811,429021123,8,0,0,1536,8,9911053167
4948,428969831,136785,429106616,3,0,0,73728,3,134016497
4949,429023118,86264,429109382,1,0,0,1024,1,5673887821
4950,429046957,100141,429147098,11,0,0,18944,11,6214565221
4951,429051023,97962,429148985,18,0,0,6144,18,5605128675
4952,429076504,1042,429077546,14,0,1,1024,14,6714531256
4953,429110688,99320,429210008,17,0,0,26112,17,3978103191
4954,429148942,181598,429330540,11,0,0,26624,11,4673644953
4955,429158273,140361,429298634,19,0,0,83968,19,3375015195
4956,429161621,154188,429315809,17,0,0,56320,17,6436498379
4957,429175308,208892,429384200,1,0,0,15872,1,2872132127
4958,429196357,13666,429210023,5,0,1,6144,5,1195846997
4959,429226889,5802,429232691,4,0,1,6144,4,1400040484
4960,429248798,193319,429442117,17,0,0,14848,17,4481213418
4961,429270049,52364,429322413,17,0,0,3072,17,8147232996
4962,429299687,173930,429473617,9,0,0,14848,9,10059065461
4963,429302343,18420,429320763,2,0,1,12800,2,8480406628
4964,429317583,85811,429403394,13,0,0,7168,13,9758821903
4965,429328077,7392,429335469,4,0,1,12800,4,4633439136
4966,429331399,221923,429553322,18,0,0,58368,18,8447508615
4967,429338423,248316,429586739,7,0,0,74240,7,2576946705
4968,429349077,264931,429614008,4,0,0,6144,4,8932070842
4969,429360155,130617,429490772,15,0,0,25600,15,1108850841
4970,429385926,168503,429554429,11,0,0,3584,11,2607200977
4971,429435539,170811,429606350,10,0,0,18432,10,5794958252
4972,429438241,6814,429445055,7,0,1,3072,7,2046356825
4973,429462390,101714,429564104,4,0,0,27136,4,8192545278
4974,429505245,83069,429588314,16,0,0,5120,16,4653247889
4975,429603873,85289,429689162,13,0,0,12288,13,3075416804
4976,429676194,101816,429778010,15,0,0,34304,15,8980744091
4977,429717235,1518,429718753,1,0,1,1536,1,917321713
4978,429720827,57822,429778649,2,0,0,2048,2,6890866984
4979,429732752,114672,429847424,18,0,0,24064,18,1660389276
4980,429736476,88872,429825348,4,0,0,14848,4,6562092858
4981,429744569,76232,429820801,2,0,0,15872,2,7235069802
4982,429747586,156100,429903686,1,0,0,51200,1,5222567720
4983,429778584,51971,429830555,9,0,0,12800,9,2624633325
4984,429779417,135204,429914621,4,0,0,35840,4,3851113333
4985,429797572,7230,429804802,9,0,1,7680,9,7208084391
4986,429817253,13791,429831044,13,0,1,14336,13,6698148984
4987,429820039,128023,429948062,2,0,0,6656,2,6456404314
4988,429866118,50672,429916790,10,0,0,2560,10,3947642101
4989,429944229,50672,429994901,14,0,0,2560,14,1375537073
4990,430058943,83036,430141979,11,0,0,20992,11,7049205194
4991,430062454,142423,430204877,19,0,0,29696,19,9146705327
4992,430063026,152333,430215359,10,0,0,16896,10,279763148
4993,430079725,566,430080291,13,0,1,512,13,5316514878
4994,430196697,11559,430208256,16,0,1,9728,16,10457679783
4995,430206701,89817,430296518,10,0,0,5120,10,4175185580
4996,430206719,8655,430215374,10,0,1,10752,10,3816723966
4997,430294861,114296,430409157,9,0,0,75264,9,9730122486
4998,430305629,123418,430429047,6,0,0,18432,6,13398503
4999,430318776,150213,430468989,10,0,0,12288,10,8856539839
5000,430377535,125390,430502925,19,0,0,43008,19,7034448127
5001,430398635,13918,430412553,18,0,1,9728,18,7509514264
5002,430403435,161029,430564464,4,0,0,56320,4,9065882573
5003,430434782,143774,430578556,19,0,0,23040,19,4234439033
5004,430456781,61136,430517917,12,0,0,7168,12,10496211287
5005,430478471,43904,430522375,1,0,0,512,1,5994867123
5006,430498993,146420,430645413,10,0,0,49664,10,6222216400
5007,430561017,123264,430684281,12,0,0,3584,12,6172923091
5008,430629550,15878,430645428,2,0,1,13312,2,3060240390
5009,430687305,104156,430791461,11,0,0,41984,11,9804601759
5010,430735738,5712,430741450,5,0,1,14336,5,6534246074
5011,430763458,60824,430824282,15,0,0,5632,15,8488401500
5012,430812934,106690,430919624,19,0,0,33792,19,6584372311
5013,430895792,1518,430897310,14,0,1,1536,14,3312689060
5014,430895996,62829,430958825,19,0,0,6144,19,9735236586
5015,430972403,100100,431072503,4,0,0,28672,4,1813503061
5016,430994720,3128,430997848,5,0,1,9216,5,8044689340
5017,431021564,137681,431159245,16,0,0,5632,16,531320845
5018,431022488,110843,431133331,8,0,0,22528,8,7395966729
5019,431028315,111160,431139475,17,0,0,14336,17,97778862
5020,431114242,74835,431189077,5,0,0,12800,5,126505721
5021,431170926,90680,431261606,15,0,0,17920,15,5804878071
5022,431176521,76988,431253509,12,0,0,13312,12,10673474407
5023,431199572,95312,431294884,5,0,0,23040,5,4625149888
5024,431223745,1994,431225739,14,0,1,2048,14,3029991367
5025,431243478,10046,431253524,1,0,1,7168,1,8473649494
5026,431277392,4937,431282329,10,0,1,12800,10,5708694552
5027,431311015,64208,431375223,14,0,0,6656,14,8590783487
5028,431349355,64454,431413809,3,0,0,6144,3,3066363908
5029,431402204,78524,431480728,10,0,0,13312,10,4863483241
5030,431412640,69108,431481748,16,0,0,1536,16,2895925613
5031,431420466,3422,431423888,14,0,1,3584,14,8304382020
5032,431422773,85292,431508065,5,0,0,15360,5,7743123128
5033,431432442,103618,431536060,11,0,0,6144,11,8711885461
5034,431447896,1994,431449890,11,0,1,2048,11,3280959661
5035,431457380,4850,431462230,9,0,1,5120,9,7785056963
5036,431496904,91434,431588338,4,0,0,10240,4,8362352775
5037,431500570,59132,431559702,15,0,0,5120,15,1090780941
5038,431533825,114939,431648764,18,0,0,15872,18,2332786566
5039,431537062,192852,431729914,11,0,0,18944,11,4749629562
5040,431563370,45586,431608956,2,0,0,512,2,4093095787
5041,431576429,113353,431689782,19,0,0,32768,19,3526080581
5042,431580202,1994,431582196,0,0,1,2048,0,9670245949
5043,431635562,171458,431807020,19,0,0,44032,19,4569778297
5044,431641719,146042,431787761,13,0,0,8704,13,5104922083
5045,431678407,165987,431844394,14,0,0,14336,14,7252737164
5046,431708107,131890,431839997,19,0,0,44032,19,5550293219
5047,431776035,147050,431923085,10,0,0,41472,10,109095468
5048,431778807,69284,431848091,9,0,0,8192,9,1569418080
5049,431939265,1518,431940783,0,0,1,1536,0,5473838876
5050,431982012,157170,432139182,16,0,0,40448,16,8403903688
5051,431993318,408035,432401353,2,0,0,10240,2,1980318468
5052,431994377,6754,432001131,18,0,1,7168,18,6931235814
5053,432001508,108212,432109720,14,0,0,55296,14,2779010371
5054,432004413,139011,432143424,16,0,0,13824,16,8225096034
5055,432008327,1994,432010321,4,0,1,2048,4,1496998758
5056,432017674,220471,432238145,9,0,0,73728,9,3125864637
5057,432035597,173381,432208978,3,0,0,22016,3,3855930463
5058,432037928,235216,432273144,14,0,0,70656,14,8051886519
5059,432059238,182510,432241748,2,0,0,11776,2,6427680286
5060,432080923,196292,432277215,7,0,0,13312,7,7545750216
5061,432099376,71916,432171292,10,0,0,3072,10,5266922311
5062,432121918,79478,432201396,5,0,0,1536,5,245665047
5063,432122914,16283,432139197,16,0,1,8192,16,4817536687
5064,432133315,205630,432338945,16,0,0,34304,16,7161313240
5065,432146960,251242,432398202,5,0,0,101888,5,10616530675
5066,432156364,186321,432342685,6,0,0,3072,6,7444247899
5067,432162604,12049,432174653,2,0,1,19968,2,761758775
5068,432181065,2470,432183535,11,0,1,2560,11,3072291611
5069,432311313,191925,432503238,14,0,0,55296,14,3406835698
5070,432342858,4850,432347708,9,0,1,5120,9,6068186388
5071,432353204,75476,432428680,15,0,0,18432,15,9306517354
5072,432360069,77144,432437213,19,0,0,13824,19,2089926859
5073,432374389,98314,432472703,15,0,0,8192,15,3608989882
5074,432381153,162956,432544109,6,0,0,13312,6,8523763180
5075,432408844,48037,432456881,6,0,0,512,6,1998709633
5076,432413750,144988,432558738,8,0,0,18432,8,566047532
5077,432426779,334042,432760821,18,0,0,12800,18,7736311052
5078,432440870,316036,432756906,8,0,0,154624,8,809144077
5079,432444170,118327,432562497,9,0,0,12288,9,10090811767
5080,432486597,302799,432789396,1,0,0,33280,1,7710424831
5081,432503808,401982,432905790,6,0,0,182272,6,3281522984
5082,432507667,268490,432776157,0,0,0,30720,0,3708775077
5083,432524809,271367,432796176,15,0,0,5120,15,7361589805
5084,432530401,148088,432678489,17,0,0,2560,17,3417826483
5085,432545299,413405,432958704,1,0,0,92672,1,9310016547
5086,432571154,485872,433057026,19,0,0,56320,19,5662920147
5087,432605961,201450,432807411,7,0,0,6144,7,8314437277
5088,432646808,168196,432815004,2,0,0,9216,2,10280146901
5089,432668100,2470,432670570,18,0,1,2560,18,8324110856
5090,432693903,215958,432909861,11,0,0,13312,11,2963369009
5091,432741143,22616,432763759,11,0,1,3072,11,7143667191
5092,432794955,185589,432980544,17,0,0,33280,17,3393339128
5093,432831920,159255,432991175,6,0,0,19968,6,9621614304
5094,432915292,12825,432928117,11,0,1,21504,11,5008330259
5095,432941637,152579,433094216,8,0,0,79360,8,5445728399
5096,432951403,149010,433100413,17,0,0,512,17,7567062416
5097,432961783,233438,433195221,6,0,0,28160,6,699952841
5098,433015637,6488,433022125,11,0,1,15872,11,8201783410
5099,433016076,6395,433022471,4,0,1,512,4,2455853454
5100,433035795,58919,433094714,9,0,0,1536,9,10126964016
5101,433054359,39872,433094231,2,0,1,29696,2,6495451332
5102,433059900,74431,433134331,6,0,0,9728,6,2874112656
5103,433101948,117433,433219381,11,0,0,17920,11,6525479613
5104,433137344,1042,433138386,9,0,1,1024,9,1768853206
5105,433167724,191561,433359285,5,0,0,512,5,3663230235
5106,433187930,178398,433366328,16,0,0,23040,16,4724508595
5107,433205901,3904,433209805,9,0,1,10752,9,6287647640
5108,433227637,54056,433281693,12,0,0,3584,12,7196947522
5109,433255718,5326,433261044,16,0,1,5632,16,4754976952
5110,433263958,95156,433359114,17,0,0,22528,17,6719238383
5111,433265451,125565,433391016,3,0,0,5120,3,4860682239
5112,433304046,75569,433379615,11,0,0,512,11,7098590922
5113,433313908,175649,433489557,15,0,0,11776,15,548484802
5114,433350734,54056,433404790,8,0,0,3584,8,1682059552
5115,433355201,121018,433476219,9,0,0,60416,9,6552733548
5116,433390528,92513,433483041,11,0,0,1024,11,9031987344
5117,433397406,174381,433571787,11,0,0,48640,11,2097644443
5118,433401084,6754,433407838,13,0,1,7168,13,8443473174
5119,433447609,2470,433450079,10,0,1,2560,10,8671618312
5120,433451273,94664,433545937,7,0,0,15872,7,6199660542
5121,433460061,130308,433590369,5,0,0,7680,5,6352597429
5122,433535521,85004,433620525,19,0,0,19456,19,1680647080
5123,433548077,129283,433677360,10,0,0,15872,10,3153765918
5124,433595058,91796,433686854,5,0,0,26624,5,6036726116
5125,433603536,566,433604102,1,0,1,512,1,1537270680
5126,433620147,7124,433627271,14,0,1,7168,14,956570139
5127,433637327,6754,433644081,13,0,1,7168,13,2713776174
5128,433696872,74475,433771347,13,0,0,512,13,10696524274
5129,433784665,566,433785231,4,0,1,512,4,10346557199
5130,433787062,97292,433884354,17,0,0,19456,17,4339753532
5131,433787122,110195,433897317,18,0,0,42496,18,1399329937
5132,433815110,190174,434005284,6,0,0,39936,6,6158084342
5133,433828146,566,433828712,11,0,1,512,11,3256296889
5134,433829364,156360,433985724,11,0,0,115200,11,3755175841
5135,433879706,135868,434015574,5,0,0,14336,5,3423216203
5136,433916167,103397,434019564,6,0,0,6144,6,5088655997
5137,433925566,1518,433927084,4,0,1,1536,4,9232278053
5138,433941489,168154,434109643,12,0,0,40448,12,8368872554
5139,433946263,176187,434122450,4,0,0,41984,4,887193004
5140,433947317,125845,434073162,2,0,0,29696,2,7612786408
5141,434008416,7173,434015589,9,0,1,3072,9,1932420698
5142,434014839,23692,434038531,11,0,1,37888,11,6780437852
5143,434015799,188919,434204718,16,0,0,48640,16,3835695018
5144,434054237,122169,434176406,4,0,0,10240,4,8621596519
5145,434084409,131290,434215699,7,0,0,8192,7,452409547
5146,434105920,18082,434124002,17,0,1,1536,17,970627384
5147,434113760,226978,434340738,7,0,0,22528,7,10400276438
5148,434120227,6112,434126339,14,0,1,9728,14,7973520371
5149,434131737,115516,434247253,13,0,0,14848,13,1774788009
5150,434251292,100724,434352016,18,0,0,30720,18,6513695497
5151,434368152,71000,434439152,12,0,0,13824,12,6203315442
5152,434371159,88714,434459873,12,0,0,18432,12,8283879842
5153,434378788,75438,434454226,14,0,0,15360,14,1849096786
5154,434382758,84085,434466843,3,0,0,4096,3,6749810612
5155,434401635,137453,434539088,5,0,0,16896,5,5587257292
5156,434448801,152699,434601500,6,0,0,60416,6,4969730216
5157,434448845,107609,434556454,17,0,0,51200,17,5087414045
5158,434452973,152754,434605727,1,0,0,13824,1,6118373658
5159,434453142,228031,434681173,12,0,0,41984,12,2411522809
5160,434459227,3508,434462735,4,0,1,8704,4,5999590376
5161,434474091,150220,434624311,14,0,0,43008,14,6246394189
5162,434524019,106305,434630324,2,0,0,1536,2,4588809422
5163,434527149,176770,434703919,14,0,0,4608,14,3042948902
5164,434709683,4162,434713845,5,0,1,11264,5,9915568867
5165,434713470,26738,434740208,2,0,1,48640,2,4738480921
5166,434713989,119570,434833559,12,0,0,4096,12,120314959
5167,434717998,213574,434931572,16,0,0,32256,16,10661022694
5168,434744348,14029,434758377,10,0,1,27136,10,8832167131
5169,434811849,170627,434982476,18,0,0,8192,18,8702410422
5170,434814554,84920,434899474,13,0,0,3072,13,6980499722
5171,434843834,1518,434845352,9,0,1,1536,9,853098054
5172,434852258,201697,435053955,2,0,0,3072,2,8406457207
5173,434880340,5454,434885794,9,0,1,13824,9,6229371777
5174,434887058,205060,435092118,7,0,0,9728,7,8876259385
5175,434888616,79436,434968052,16,0,0,11264,16,5979917760
5176,434901466,140164,435041630,14,0,0,3072,14,7625347089
5177,434901817,58988,434960805,13,0,0,512,13,8833916511
5178,434902680,72249,434974929,1,0,0,5632,1,6242421914
5179,434916901,151265,435068166,15,0,0,46592,15,2703071885
5180,434930274,4236,434934510,2,0,1,3072,2,8465156988
5181,434957512,95492,435053004,4,0,0,28672,4,1380039235
5182,434963321,143853,435107174,8,0,0,28160,8,6463044539
5183,434987310,173646,435160956,9,0,0,7680,9,3119439454
5184,435007598,1518,435009116,18,0,1,1536,18,4597243313
5185,435013769,129115,435142884,9,0,0,18944,9,121329753
5186,435015234,4937,435020171,9,0,1,12800,9,116340518
5187,435018109,113067,435131176,5,0,0,5632,5,2828131122
5188,435029457,5971,435035428,14,0,1,14848,14,7496127999
5189,435066158,25983,435092141,2,0,1,40960,2,9148854426
5190,435085474,142214,435227688,1,0,0,7680,1,3702928590
5191,435089374,17815,435107189,13,0,1,7168,13,7387895811
5192,435110054,213233,435323287,6,0,0,15872,6,309204127
5193,435134821,130206,435265027,3,0,0,6144,3,4580243167
5194,435135958,6941,435142899,1,0,1,11264,1,1826922895
5195,435251543,51681,435303224,1,0,0,2048,1,9927056521
5196,435426519,1042,435427561,1,0,1,1024,1,1932308005
5197,435443753,82820,435526573,17,0,0,12288,17,1199744100
5198,435526774,112316,435639090,18,0,0,68608,18,10315281611
5199,435530111,208819,435738930,10,0,0,20992,10,7911054103
5200,435533661,113743,435647404,12,0,0,26624,12,10171550348
5201,435539872,111759,435651631,13,0,0,13824,13,9978376655
5202,435544655,94614,435639269,18,0,0,512,18,4126871446
5203,435561073,11274,435572347,9,0,1,18432,9,5405808804
5204,435568688,83902,435652590,4,0,0,3072,4,3842223513
5205,435569046,155412,435724458,9,0,0,24064,9,2992899069
5206,435605221,134192,435739413,15,0,0,1536,15,3406384702
5207,435619798,180818,435800616,11,0,0,66048,11,10626689322
5208,435623294,182953,435806247,12,0,0,18432,12,6189257575
5209,435641623,113897,435755520,6,0,0,512,6,6364408895
5210,435673374,163911,435837285,14,0,0,31232,14,6996333464
5211,435682451,82778,435765229,17,0,0,9216,17,1757227991
5212,435720448,10280,435730728,16,0,1,6656,16,9699452532
5213,435851222,3645,435854867,11,0,1,10240,11,4872428953
5214,435862484,217551,436080035,13,0,0,35840,13,7051271828
5215,435864192,120532,435984724,13,0,0,66048,13,5683225556
5216,435874926,253283,436128209,1,0,0,16384,1,5466487210
5217,435958488,67592,436026080,16,0,0,7680,16,6356705390
5218,435966956,102008,436068964,10,0,0,22016,10,4629336874
5219,436040910,122203,436163113,14,0,0,6144,14,5561797329
5220,436051445,158394,436209839,15,0,0,56320,15,8346974065
5221,436058432,10547,436068979,13,0,1,6656,13,7667450934
5222,436062116,55748,436117864,9,0,0,4096,9,2803385073
5223,436077155,53544,436130699,13,0,0,2560,13,10643750114
5224,436110672,69284,436179956,16,0,0,8192,16,8091097354
5225,436139491,1042,436140533,18,0,1,1024,18,4077664895
5226,436141578,105610,436247188,2,0,0,15872,2,1279195474
5227,436197251,66636,436263887,19,0,0,3584,19,2181017828
5228,436216601,69749,436286350,11,0,0,7168,11,9895348291
5229,436223316,106652,436329968,13,0,0,50176,13,10021030537
5230,436234963,106063,436341026,3,0,0,9728,3,6169999961
5231,436255189,1518,436256707,1,0,1,1536,1,7979936414
5232,436258612,7230,436265842,4,0,1,7680,4,6441755274
5233,436300132,3128,436303260,11,0,1,9216,11,7673516678
5234,436316730,72362,436389092,16,0,0,5120,16,8323726844
5235,436346021,107744,436453765,5,0,0,53760,5,10431127752
5236,436347923,112721,436460644,7,0,0,22528,7,2136182580
5237,436398618,148767,436547385,1,0,0,58880,1,8492392864
5238,436423690,10499,436434189,11,0,1,16896,11,3696083368
5239,436463135,169786,436632921,14,0,0,39936,14,9525657594
5240,436508029,168283,436676312,1,0,0,22016,1,4286242424
5241,436510314,96224,436606538,18,0,0,20992,18,1053249142
5242,436550602,191242,436741844,15,0,0,75776,15,1748354400
5243,436567070,110357,436677427,9,0,0,3584,9,3447589637
5244,436597531,70298,436667829,17,0,0,1024,17,4045724191
5245,436613589,2470,436616059,13,0,1,2560,13,3700632905
5246,436616521,177032,436793553,15,0,0,5120,15,2426433661
5247,436617749,91606,436709355,6,0,0,5120,6,1026360141
5248,436636577,48980,436685557,11,0,0,2048,11,8686661471
5249,436670169,13019,436683188,2,0,1,6144,2,4077952641
5250,436700085,78630,436778715,12,0,0,8704,12,4271800364
5251,436758012,99164,436857176,16,0,0,25600,16,348335696
5252,436807764,50672,436858436,13,0,0,2560,13,7236933935
5253,436867646,89300,436956946,3,0,0,18432,3,8791057729
5254,436868246,102284,436970530,17,0,0,35840,17,8144266173
5255,436878233,174737,437052970,2,0,1,286720,2,7593655903
5256,436930365,123591,437053956,19,0,1,1536,19,2188192162
5257,436933428,314913,437248341,19,0,0,50688,19,4267280116
5258,436941953,290929,437232882,11,0,0,15360,11,3243810989
5259,436982648,112838,437095486,10,0,0,14336,10,5688902313
5260,436991898,256770,437248668,16,0,0,1024,16,9429141577
5261,436999706,54596,437054302,10,0,1,512,10,6250480728
5262,437041707,180693,437222400,19,0,0,65536,19,1594768919
5263,437056130,172057,437228187,4,0,0,18944,4,9709636748
5264,437065883,3904,437069787,13,0,1,10752,13,1404468473
5265,437073237,67426,437140663,7,0,0,3072,7,3642403569
5266,437103286,171758,437275044,3,0,0,9216,3,9152793277
5267,437104445,6278,437110723,9,0,1,6656,9,4138011624
5268,437156069,257299,437413368,6,0,0,22016,6,934138110
5269,437158064,14287,437172351,2,0,1,27648,2,7584470249
5270,437164908,84087,437248995,15,0,0,1024,15,5864648845
5271,437195897,364789,437560686,14,0,0,116224,14,10030587267
5272,437290501,2946,437293447,4,0,1,3072,4,5464701935
5273,437310920,177526,437488446,14,0,0,40448,14,7964747229
5274,437325265,4374,437329639,16,0,1,4608,16,1509667401
5275,437336366,1518,437337884,10,0,1,1536,10,1031605642
5276,437463014,149725,437612739,18,0,0,7168,18,640424393
5277,437495536,115004,437610540,3,0,0,61952,3,64965285
5278,437568442,115196,437683638,10,0,0,18944,10,3858218428
5279,437586168,5326,437591494,11,0,1,5632,11,2146827238
5280,437588511,49897,437638408,11,0,0,2048,11,3905796488
5281,437633972,144406,437778378,1,0,0,30208,1,6447900848
5282,437644884,135537,437780421,9,0,0,6656,9,3482914677
5283,437647979,87788,437735767,2,0,0,23552,2,5181910341
5284,437657189,90212,437747401,8,0,0,16384,8,2348962563
5285,437660366,78869,437739235,3,0,0,9728,3,5754616437
5286,437678343,151404,437829747,17,0,0,37376,17,9036656613
5287,437717437,184112,437901549,13,0,0,45056,13,8925960421
5288,437726142,110640,437836782,1,0,0,23040,1,516613689
5289,437744821,92288,437837109,2,0,0,1024,2,6243022945
5290,437801909,162862,437964771,18,0,0,24576,18,2534109693
5291,437802203,566,437802769,13,0,1,512,13,5527237167
5292,437827220,10447,437837667,13,0,1,512,13,5913592792
5293,437860473,87360,437947833,1,0,0,8192,1,10607669563
5294,437876756,62516,437939272,10,0,0,6144,10,497244290
5295,437913130,110873,438024003,14,0,0,30208,14,1175807532
5296,437977946,74887,438052833,15,0,0,12800,15,7791362388
5297,437989295,65425,438054720,14,0,0,6144,14,5579123938
5298,437992033,276856,438268889,2,0,1,452096,2,7490136267
5299,437992597,411476,438404073,5,0,0,15872,5,6578676241
5300,438018273,236276,438254549,11,0,0,13824,11,3096383828
5301,438064939,203927,438268866,1,0,0,9216,1,315922760
5302,438068309,209666,438277975,16,0,0,2048,16,8967354815
5303,438071110,406769,438477879,9,0,0,90624,9,1884863297
5304,438090290,193000,438283290,2,0,0,6144,2,4051681364
5305,438090859,412335,438503194,3,0,0,26624,3,3050198392
5306,438132508,351314,438483822,0,0,0,19456,0,3974144100
5307,438156640,422627,438579267,4,0,0,39424,4,1624066908
5308,438208491,281594,438490085,9,0,0,20480,9,2347865760
5309,438256313,275296,438531609,13,0,0,44032,13,3929357576
5310,438266677,247107,438513784,6,0,0,5632,6,10258790442
5311,438294457,295277,438589734,10,0,0,34304,10,1930137162
5312,438303085,299235,438602320,19,0,0,36864,19,5935968494
5313,438306910,3422,438310332,6,0,1,3584,6,1217266387
5314,438348824,4679,438353503,18,0,1,12288,18,7316586094
5315,438373368,4162,438377530,14,0,1,11264,14,4386888473
5316,438466482,161220,438627702,1,0,0,9728,1,2695103057
5317,438537706,4850,438542556,13,0,1,5120,13,7146631958
5318,438553966,268612,438822578,19,0,0,37888,19,3767342325
5319,438565086,64395,438629481,2,0,1,108544,2,10115354814
5320,438578713,55953,438634666,2,0,1,24576,2,1923574073
5321,438593126,44126,438637252,4,0,1,4096,4,8053575353
5322,438633637,177382,438811019,16,0,0,4608,16,5013629905
5323,438707784,101816,438809600,15,0,0,34304,15,6095211410
5324,438712880,5326,438718206,4,0,1,5632,4,1980196941
5325,438776204,6278,438782482,3,0,1,6656,3,4633249041
5326,438797148,185710,438982858,9,0,0,1536,9,549492702
5327,438806614,71704,438878318,5,0,0,4096,5,1012858855
5328,438854991,64208,438919199,8,0,0,6656,8,9172780910
5329,438868405,104190,438972595,19,0,0,29184,19,5075662440
5330,438874973,144200,439019173,7,0,0,22016,7,4350844965
5331,438884540,79148,438963688,4,0,0,15360,4,376355531
5332,438920304,116415,439036719,12,0,0,24576,12,227154291
5333,438940462,12566,438953028,13,0,1,20992,13,3315469045
5334,438957746,102292,439060038,14,0,0,17920,14,4251202784
5335,438959791,63468,439023259,1,0,0,2560,1,10374160996
5336,439060084,126932,439187016,18,0,0,116736,18,703936604
5337,439085576,150754,439236330,12,0,0,45568,12,9106288894
5338,439174812,136722,439311534,2,0,0,17920,2,974799197
5339,439223155,101999,439325154,2,0,0,16896,2,9685703713
5340,439234739,102751,439337490,16,0,0,27136,16,8711596246
5341,439245402,125682,439371084,5,0,0,10240,5,921349848
5342,439266690,130842,439397532,9,0,0,72192,9,3781721137
5343,439402055,104780,439506835,10,0,0,44032,10,1296617050
5344,439455875,100187,439556062,15,0,0,26624,15,7051520210
5345,439456586,109175,439565761,13,0,0,24576,13,10585012862
5346,439457716,72848,439530564,5,0,0,14848,5,7791942673
5347,439500154,97362,439597516,6,0,0,15360,6,2663936209
5348,439509368,91751,439601119,13,0,0,11776,13,10296573699
5349,439518320,139622,439657942,10,0,0,20992,10,3725731502
5350,439597734,36364,439634098,5,0,1,57344,5,1423606247
5351,439651705,6812,439658517,1,0,1,512,1,3349648904
5352,439653812,224709,439878521,14,0,0,8192,14,4001755019
5353,439658841,76705,439735546,2,0,0,1024,2,1851842642
5354,439701784,60824,439762608,16,0,0,5632,16,10428767329
5355,439739775,105872,439845647,4,0,0,47616,4,8917636216
5356,439755883,47288,439803171,4,0,0,1536,4,4798440740
5357,439815882,77585,439893467,6,0,0,10752,6,2631408117
5358,439871089,105404,439976493,19,0,0,46080,19,3700127448
5359,439911804,2470,439914274,18,0,1,2560,18,1028412415
5360,439955680,566,439956246,9,0,1,512,9,4193172901
5361,439958130,100880,440059010,5,0,0,31232,5,7251772656
5362,440012767,93505,440106272,13,0,0,13824,13,987357946
5363,440071566,111020,440182586,7,0,0,64512,7,2453593633
5364,440099201,101583,440200784,10,0,0,7168,10,188334198
5365,440211216,64208,440275424,1,0,0,6656,1,1520086835
5366,440223703,102221,440325924,5,0,0,28160,5,6094940621
5367,440235109,82220,440317329,1,0,0,15360,1,6729216086
5368,440266479,8960,440275439,14,0,1,8192,14,3177203864
5369,440283887,237657,440521544,15,0,0,78848,15,6106214964
5370,440285766,112959,440398725,3,0,0,46592,3,9824098768
5371,440417726,108521,440526247,6,0,0,15360,6,7491544830
5372,440429922,153908,440583830,12,0,0,55296,12,2505307799
5373,440474749,2946,440477695,11,0,1,3072,11,4907852807
5374,440476340,90260,440566600,11,0,0,26624,11,556973606
5375,440502776,213047,440715823,17,0,0,18944,17,8908626150
5376,440548876,223050,440771926,5,0,0,61952,5,482723541
5377,440557178,152858,440710036,11,0,0,137216,11,656005738
5378,440641059,3422,440644481,14,0,1,3584,14,7165707169
5379,440696778,128225,440825003,6,0,0,32768,6,7196041352
5380,440700801,114203,440815004,16,0,0,25600,16,2676457298
5381,440710905,160169,440871074,19,0,0,4608,19,4747526652
5382,440766148,82792,440848940,9,0,0,8704,9,1524258530
5383,440766864,7949,440774813,18,0,1,8704,18,2561334901
5384,440792368,95908,440888276,2,0,0,11776,2,1792785094
5385,440812164,86270,440898434,13,0,0,8704,13,6821704158
5386,440855057,110403,440965460,5,0,0,46080,5,4834266101
5387,440870764,97576,440968340,16,0,0,5120,16,4748958219
5388,440897614,108160,441005774,7,0,0,20992,7,3120935390
5389,440946270,93464,441039734,15,0,0,22016,15,10341491085
5390,440949964,130084,441080048,14,0,0,31744,14,4933336067
5391,440965357,187027,441152384,17,0,0,27648,17,1450045605
5392,440967176,228606,441195782,11,0,0,37888,11,2928925026
5393,440973456,141824,441115280,10,0,0,41984,10,10014235765
5394,441129971,6278,441136249,4,0,1,6656,4,8111844069
5395,441141573,101990,441243563,2,0,0,24064,2,6576659062
5396,441141832,94376,441236208,13,0,0,19968,13,939242274
5397,441148396,172567,441320963,12,0,0,60928,12,5579086160
5398,441232758,13634,441246392,18,0,1,8704,18,3047714159
5399,441247426,117032,441364458,1,0,0,29184,1,2620231674
5400,441271661,151591,441423252,2,0,0,14336,2,5048777986
5401,441275536,196693,441472229,3,0,0,51200,3,427271966
5402,441290053,193594,441483647,6,0,0,10752,6,1039889192
5403,441291581,188775,441480356,16,0,0,26624,16,8747806582
5404,441316614,82440,441399054,16,0,0,3584,16,7350129992
5405,441373057,83549,441456606,11,0,0,4608,11,8598192402
5406,441373126,11791,441384917,0,0,1,19456,0,2502756218
5407,441380949,74238,441455187,4,0,0,14336,4,5362554573
5408,441390645,185172,441575817,16,0,0,69120,16,4848579274
5409,441400066,198273,441598339,16,0,0,43008,16,5394347256
5410,441432049,152051,441584100,18,0,0,27136,18,7730541983
5411,441439366,91931,441531297,18,0,0,8704,18,4112246620
5412,441453583,228716,441682299,14,0,0,41472,14,2970834641
5413,441476362,140403,441616765,4,0,0,1536,4,2468177455
5414,441481985,187663,441669648,3,0,0,22016,3,7546574992
5415,441572881,136608,441709489,4,0,0,23552,4,5331030734
5416,441612619,179004,441791623,14,0,0,105472,14,720764970
5417,441614059,566,441614625,4,0,1,512,4,1067298240
5418,441715262,76376,441791638,2,0,1,107520,2,10486757074
5419,441728364,168967,441897331,12,0,0,27648,12,10728066074
5420,441730986,60667,441791653,18,0,1,512,18,2195096032
5421,441749454,220615,441970069,7,0,0,38400,7,6325628417
5422,441781634,269826,442051460,11,0,0,15872,11,2721167410
5423,441785349,62069,441847418,16,0,0,4096,16,514694305
5424,441787862,10111,441797973,4,0,1,6656,4,8310679406
5425,441794840,5719,441800559,16,0,1,4096,16,680010105
5426,441857782,65771,441923553,16,0,0,2048,16,3844951639
5427,441862585,213169,442075754,7,0,0,13824,7,7883956794
5428,441895409,43822,441939231,2,0,1,68096,2,9182236853
5429,441903009,140635,442043644,17,0,0,10240,17,5981916351
5430,441975243,233417,442208660,6,0,0,70144,6,9430717702
5431,442009388,137733,442147121,19,0,0,31232,19,8965624521
5432,442011686,108636,442120322,16,0,0,8192,16,5104099627
5433,442016532,249209,442265741,16,0,0,25088,16,1467095238
5434,442030263,212958,442243221,11,0,0,23552,11,2568061807
5435,442070869,176735,442247604,3,0,0,14336,3,10190856722
5436,442074626,82737,442157363,9,0,0,13312,9,7522670509
5437,442104403,108796,442213199,18,0,0,14848,18,10617213118
5438,442111895,206073,442317968,19,0,0,43520,19,2376907046
5439,442154521,112038,442266559,13,0,0,512,13,1237429032
5440,442162911,103477,442266388,10,0,0,2048,10,1609523768
5441,442264183,145243,442409426,5,0,0,115712,5,961835799
5442,442302766,109663,442412429,2,0,0,9728,2,1026696435
5443,442312493,145623,442458116,16,0,0,42496,16,9857321789
5444,442318173,119684,442437857,3,0,0,10752,3,3950360788
5445,442329144,158099,442487243,15,0,0,20480,15,600125380
5446,442336179,178904,442515083,19,0,0,9728,19,1113372446
5447,442339211,172893,442512104,8,0,0,58368,8,3781190166
5448,442344767,566,442345333,9,0,1,512,9,2298582517
5449,442355701,195514,442551215,15,0,0,21504,15,7584867014
5450,442366231,203287,442569518,2,0,0,44032,2,2898534244
5451,442370595,90500,442461095,2,0,0,9728,2,1805989389
5452,442378899,255656,442634555,16,0,0,7680,16,42437776
5453,442380470,98085,442478555,9,0,0,2048,9,8852012314
5454,442392150,235454,442627604,1,0,0,41984,1,115013991
5455,442462387,2946,442465333,18,0,1,3072,18,7030129745
5456,442466426,4374,442470800,4,0,1,4608,4,3018440439
5457,442491899,182741,442674640,16,0,0,26624,16,1249326590
5458,442614457,88988,442703445,9,0,0,17408,9,9291404149
5459,442614491,169120,442783611,8,0,0,7168,8,861967996
5460,442647296,127039,442774335,9,0,0,27136,9,4582434687
5461,442658511,181897,442840408,6,0,0,32768,6,9207822225
5462,442662239,83600,442745839,8,0,0,14848,8,711878619
5463,442665365,165044,442830409,4,0,0,59392,4,537034705
5464,442690317,3898,442694215,14,0,1,4096,14,2992719299
5465,442705715,31007,442736722,2,0,1,50176,2,4918614731
5466,442709821,136374,442846195,5,0,0,18944,5,4447519396
5467,442730078,162105,442892183,4,0,0,64000,4,7811386938
5468,442742230,115515,442857745,14,0,0,6656,14,8180438580
5469,442849460,175630,443025090,13,0,0,13824,13,8465337343
5470,442922038,70173,442992211,19,0,0,512,19,242656841
5471,442935184,100922,443036106,13,0,0,4608,13,5086934788
5472,442954675,113477,443068152,11,0,0,17920,11,5451544032
5473,442970341,120434,443090775,14,0,0,40960,14,8528989858
5474,442984006,148130,443132136,15,0,0,23040,15,5871767940
5475,443039102,144073,443183175,15,0,0,44544,15,6704533571
5476,443050138,74963,443125101,3,0,0,9216,3,1509798659
5477,443175234,109437,443284671,8,0,0,33280,8,6389941442
5478,443217242,125623,443342865,19,0,0,21504,19,9441219768
5479,443251864,314249,443566113,2,0,1,508416,2,8319375990
5480,443256396,470508,443726904,15,0,0,95744,15,1173348631
5481,443265997,301422,443567419,9,0,1,2048,9,4913315870
5482,443369474,265887,443635361,5,0,0,2048,5,4272223080
5483,443408124,159961,443568085,4,0,1,11264,4,3507100713
5484,443411415,161176,443572591,9,0,1,7168,9,1980049177
5485,443458703,317071,443775774,18,0,0,28160,18,10688057492
5486,443554324,23759,443578083,5,0,1,17920,5,6321899151
5487,443592404,274134,443866538,16,0,0,21504,16,8062017546
5488,443603454,343908,443947362,19,0,0,33792,19,5732811937
5489,443633642,1994,443635636,5,0,1,2048,5,1160600795
5490,443661085,105223,443766308,4,0,0,11264,4,3478024964
5491,443673607,197158,443870765,8,0,0,13824,8,1120097633
5492,443740012,282118,444022130,8,0,0,71168,8,6337753565
5493,443748225,188826,443937051,8,0,0,18432,8,5125945592
5494,443753015,178405,443931420,19,0,0,28672,19,3967018178
5495,443782921,123714,443906635,12,0,0,10240,12,2053532549
5496,443788602,12737,443801339,0,0,1,24576,0,10575472974
5497,443827771,151102,443978873,1,0,0,1024,1,5844613701
5498,443834449,149275,443983724,6,0,0,15872,6,5783953549
5499,443859629,105477,443965106,5,0,0,30208,5,10200245014
5500,443879175,148148,444027323,5,0,0,5632,5,1911707068
5501,443891345,231390,444122735,19,0,0,112128,19,7202575378
5502,443901143,243767,444144910,10,0,0,72704,10,7154266485
5503,443921565,104027,444025592,8,0,0,11264,8,5554437886
5504,443931837,17035,443948872,16,0,1,1536,16,4557358452
5505,444000349,21796,444022145,14,0,1,5632,14,5986675021
5506,444061387,11274,444072661,13,0,1,18432,13,10608238209
5507,444091132,129199,444220331,7,0,0,20480,7,10550629559
5508,444107248,140562,444247810,13,0,0,37888,13,6902194671
5509,444154793,164375,444319168,15,0,0,49152,15,5577839871
5510,444166685,90492,444257177,10,0,0,9216,10,10161771446
5511,444178474,145857,444324331,16,0,0,16896,16,1944734051
5512,444260074,147495,444407569,9,0,0,78848,9,6630428401
5513,444279055,200435,444479490,4,0,0,39936,4,633043027
5514,444283476,141128,444424604,18,0,0,55808,18,3245791383
5515,444289726,138637,444428363,19,0,0,12288,19,9225061928
5516,444321941,170287,444492228,17,0,0,30208,17,7314948758
5517,444325329,176586,444501915,14,0,0,31744,14,577270470
5518,444330383,190625,444521008,5,0,0,27136,5,8108540895
5519,444356579,156146,444512725,18,0,0,18432,18,7368829800
5520,444378346,128116,444506462,12,0,0,14848,12,385651511
5521,444387669,246969,444634638,14,0,0,27648,14,1421272786
5522,444388196,178891,444567087,9,0,0,17408,9,8294434919
5523,444444340,117428,444561768,13,0,0,21504,13,8059093426
5524,444473782,96128,444569910,8,0,0,9216,8,4060737547
5525,444492858,28173,444521031,4,0,1,13312,4,10553811324
5526,444503293,29207,444532500,4,0,1,18944,4,3823635321
5527,444531421,109316,444640737,17,0,0,19968,17,5469492824
5528,444612325,59132,444671457,11,0,0,5120,11,2912984484
5529,444635969,102700,444738669,7,0,0,26624,7,8493608711
5530,444682715,164284,444846999,7,0,0,71680,7,2973130113
5531,444695958,83391,444779349,14,0,0,6656,14,10149380129
5532,444696205,20882,444717087,0,0,1,33792,0,8693813723
5533,444699917,152245,444852162,9,0,0,16896,9,9489686460
5534,444743656,69345,444813001,13,0,0,5632,13,6229809394
5535,444745950,3898,444749848,16,0,1,4096,16,1962350248
5536,444751871,4850,444756721,9,0,1,5120,9,7689022879
5537,444848095,90747,444938842,6,0,0,2048,6,1821427056
5538,444906294,92972,444999266,9,0,0,15360,9,10432573212
5539,444949542,4937,444954479,13,0,1,12800,13,4679948247
5540,444968387,116511,445084898,14,0,0,16896,14,4891128601
5541,444981720,148796,445130516,12,0,0,9216,12,2287174182
5542,444989362,45596,445034958,18,0,0,1024,18,739262849
5543,444998674,189152,445187826,16,0,0,12288,16,38782338
5544,445005248,566,445005814,4,0,1,512,4,10681953322
5545,445075606,47288,445122894,18,0,0,1536,18,8279393250
5546,445089409,4374,445093783,16,0,1,4608,16,4948206721
5547,445116808,113360,445230168,8,0,0,72192,8,9233034421
5548,445137918,2870,445140788,4,0,1,8704,4,8280199076
5549,445146786,125688,445272474,2,0,0,13312,2,10358230561
5550,445147528,86243,445233771,13,0,0,11776,13,4145182063
5551,445174345,136523,445310868,16,0,0,37376,16,4892927674
5552,445230540,183777,445414317,12,0,0,28160,12,5150980504
5553,445237375,162353,445399728,7,0,0,39424,7,2427007804
5554,445245023,235149,445480172,7,0,0,22528,7,3600530971
5555,445268221,224766,445492987,14,0,0,25600,14,10294056706
5556,445269586,15188,445284774,16,0,1,20480,16,130963260
5557,445277473,95573,445373046,19,0,0,23552,19,2759303138
5558,445286457,186836,445473293,8,0,0,39424,8,9940051877
5559,445288214,117508,445405722,17,0,0,14848,17,10513876562
5560,445320327,5971,445326298,14,0,1,14848,14,432097575
5561,445431724,152955,445584679,1,0,0,107520,1,4898382382
5562,445451492,134606,445586098,4,0,0,4608,4,9467202910
5563,445489278,123500,445612778,10,0,0,12800,10,1312688471
5564,445498913,3422,445502335,0,0,1,3584,0,7340775050
5565,445510903,75678,445586581,6,0,0,1536,6,2193682764
5566,445572235,120834,445693069,11,0,0,49664,11,10696236002
5567,445574314,204982,445779296,12,0,0,92160,12,373514008
5568,445606431,174284,445780715,19,0,0,4608,19,6243075733
5569,445620769,83322,445704091,13,0,0,8192,13,318048340
5570,445637196,97369,445734565,19,0,0,7168,19,2527401709
5571,445639493,204881,445844374,18,0,0,10752,18,5632842050
5572,445641224,157840,445799064,9,0,0,5632,9,8551159695
5573,445653768,133529,445787297,15,0,0,8704,15,9463952213
5574,445684219,100411,445784630,8,0,0,12800,8,6041658068
5575,445695943,145140,445841083,6,0,0,48128,6,4624759504
5576,445744934,163271,445908205,10,0,0,40448,10,523531703
5577,445793945,147044,445940989,16,0,0,22016,16,8640175843
5578,445836024,84671,445920695,16,0,1,128512,16,9916605538
5579,445845228,162175,446007403,9,0,0,9728,9,1997211809
5580,445862229,249922,446112151,10,0,0,24064,10,2281758005
5581,445864157,115657,445979814,15,0,0,1024,15,6493894720
5582,445864510,62598,445927108,0,0,1,30720,0,3589016159
5583,446000094,283823,446283917,14,0,0,56832,14,1971621189
5584,446037666,1994,446039660,15,0,1,2048,15,5725312114
5585,446088322,72668,446160990,11,0,0,9216,11,5486426591
5586,446117398,3898,446121296,19,0,1,4096,19,9897209417
5587,446127684,191999,446319683,10,0,0,11776,10,4580466795
5588,446145090,155497,446300587,2,0,0,8192,2,5702094912
5589,446238949,151414,446390363,15,0,0,82432,15,4928426246
5590,446258537,220892,446479429,9,0,0,44544,9,8657039902
5591,446291345,102153,446393498,1,0,0,10240,1,8807380990
5592,446308754,265847,446574601,6,0,0,195584,6,4235825392
5593,446335512,151349,446486861,19,0,0,2560,19,9423699847
5594,446348719,152666,446501385,16,0,0,9728,16,6080735134
5595,446358631,219573,446578204,19,0,0,11776,19,810274938
5596,446435411,145632,446581043,1,0,0,9216,1,3728800171
5597,446455783,6229,446462012,13,0,1,15360,13,8919283391
5598,446459861,2817,446462678,11,0,1,1024,11,7496500780
5599,446475445,256861,446732306,6,0,0,27648,6,2048272315
5600,446512426,96144,446608570,3,0,0,10240,3,8725790146
5601,446528728,97068,446625796,5,0,0,2560,5,1866429310
5602,446542690,110983,446653673,11,0,0,13312,11,587425753
5603,446549547,108977,446658524,18,0,0,15872,18,1313472558
5604,446663352,70997,446734349,10,0,0,6656,10,9003379881
5605,446673403,138481,446811884,15,0,0,55808,15,4370230390
5606,446709140,177666,446886806,15,0,0,73728,15,8254870705
5607,446727706,90952,446818658,13,0,0,2048,13,3175942067
5608,446743809,117071,446860880,6,0,0,7680,6,9225177565
5609,446792188,149884,446942072,1,0,0,27136,1,741463232
5610,446799886,13032,446812918,5,0,1,1024,5,7129323906
5611,446825514,99322,446924836,19,0,0,2048,19,9673118879
5612,446833291,72219,446905510,12,0,0,15360,12,712647824
5613,446881235,147747,447028982,13,0,0,79360,13,7917205343
5614,446906891,215763,447122654,3,0,0,65024,3,9767997405
5615,446907446,91304,446998750,13,0,0,1536,13,6615093677
5616,446937054,164510,447101564,17,0,0,89600,17,10705785735
5617,446956136,7230,446963366,5,0,1,7680,5,5222445195
5618,446957317,145510,447102827,14,0,0,4096,14,6568463709
5619,446993658,149228,447142886,7,0,0,17408,7,2263140099
5620,447002882,26123,447029005,5,0,1,5120,5,8826731063
5621,447007306,153130,447160436,16,0,0,18432,16,5572297125
5622,447008646,114491,447123137,17,0,0,1536,17,9623620397
5623,447040653,190947,447231600,5,0,0,1024,5,7656118930
5624,447057501,151073,447208574,18,0,0,24064,18,7998043006
5625,447130347,90236,447220583,1,0,0,21504,1,447680241
5626,447143387,118855,447262242,15,0,0,9728,15,8364728174
5627,447152404,8047,447160451,18,0,1,13312,18,10424615303
5628,447189625,120397,447310022,8,0,0,57344,8,491071691
5629,447251480,102012,447353492,15,0,0,17408,15,1194503194
5630,447279013,11274,447290287,4,0,1,18432,4,240815175
5631,447316355,71444,447387799,2,0,0,10240,2,3579737308
5632,447357896,104177,447462073,6,0,0,20992,6,4619732798
5633,447358853,4850,447363703,0,0,1,5120,0,6340634776
5634,447376479,96980,447473459,10,0,0,18432,10,766883198
5635,447379132,8682,447387814,14,0,1,8192,14,5569709326
5636,447393707,82263,447475970,15,0,0,8192,15,674189820
5637,447395956,16613,447412569,14,0,1,32256,14,6204797582
5638,447397842,206823,447604665,12,0,0,31232,12,2228092319
5639,447398916,134103,447533019,7,0,0,24064,7,3345195937
5640,447403512,61933,447465445,5,0,0,4608,5,10036040689
5641,447417651,77114,447494765,17,0,0,1536,17,1140096632
5642,447431491,93726,447525217,6,0,0,9216,6,3105638127
5643,447432107,209288,447641395,9,0,0,49664,9,8805785138
5644,447490305,193470,447683775,15,0,0,57856,15,8289862795
5645,447492194,129877,447622071,1,0,0,1536,1,4934753599
5646,447510421,100846,447611267,6,0,0,7168,6,4925901854
5647,447558027,169372,447727399,11,0,0,32256,11,4338010039
5648,447563697,1994,447565691,5,0,1,2048,5,2177407517
5649,447581578,174572,447756150,11,0,0,20480,11,1210690802
5650,447627293,73226,447700519,17,0,0,5120,17,2435550783
5651,447724224,5637,447729861,15,0,1,2560,15,2081563702
5652,447727811,5276,447733087,13,0,1,5120,13,5114711721
5653,447763463,89744,447853207,12,0,0,14848,12,2302500323
5654,447781604,12566,447794170,13,0,1,20992,13,1442730828
5655,447806506,4374,447810880,0,0,1,4608,0,6120640568
5656,447853548,136367,447989915,10,0,0,2048,10,4390323040
5657,447906013,43904,447949917,2,0,0,512,2,9436887942
5658,447921539,64208,447985747,17,0,0,6656,17,1041366471
5659,447963751,2870,447966621,1,0,1,8704,1,6556502491
5660,447988497,48026,448036523,11,0,0,1536,11,6853109049
5661,447996721,196623,448193344,6,0,0,39936,6,8332254921
5662,448018892,104000,448122892,6,0,0,41472,6,8868300173
5663,448051414,157296,448208710,16,0,0,24576,16,5121242024
5664,448052379,4679,448057058,5,0,1,12288,5,2416697956
5665,448062105,135778,448197883,14,0,0,14848,14,9436923645
5666,448066866,566,448067432,5,0,1,512,5,7635554494
5667,448092288,59132,448151420,14,0,0,5120,14,10199302219
5668,448149304,188510,448337814,4,0,0,4608,4,10500541016
5669,448153282,16354,448169636,14,0,1,31744,14,693386804
5670,448153396,149544,448302940,16,0,0,37376,16,5519182682
5671,448172179,61136,448233315,7,0,0,6656,7,231949310
5672,448202366,185986,448388352,16,0,0,40960,16,4046754216
5673,448213123,103448,448316571,17,0,0,25600,17,5745378578
5674,448215046,121349,448336395,5,0,0,60416,5,1647717284
5675,448250019,182967,448432986,7,0,0,19968,7,9683482523
5676,448326442,141761,448468203,8,0,0,5632,8,2183090085
5677,448329096,12157,448341253,0,0,1,3584,0,2277030817
5678,448375106,133774,448508880,10,0,0,15872,10,9036789666
5679,448381510,55814,448437324,1,0,0,2048,1,9321834300
5680,448389460,77012,448466472,2,0,0,18432,2,6491876204
5681,448413031,168491,448581522,8,0,0,71680,8,7604289958
5682,448456281,170234,448626515,15,0,0,34304,15,3236016474
5683,448467263,170122,448637385,19,0,0,4608,19,10000509932
5684,448472754,129969,448602723,19,0,0,23040,19,8043367129
5685,448506968,98266,448605234,12,0,0,8192,12,7171825361
5686,448524699,181466,448706165,15,0,0,12288,15,1849901173
5687,448534234,162835,448697069,1,0,0,37888,1,9180792143
5688,448606351,94789,448701140,10,0,0,13312,10,4904952348
5689,448621537,279185,448900722,4,0,0,72704,4,6351776082
5690,448625614,16239,448641853,2,0,1,29696,2,5238976353
5691,448631231,186925,448818156,14,0,0,29696,14,2071551039
5692,448651300,6278,448657578,7,0,1,6656,7,5849495797
5693,448697712,345549,449043261,11,0,0,146432,11,5144642331
5694,448735701,130943,448866644,9,0,0,9216,9,2464295139
5695,448765390,176996,448942386,16,0,0,48128,16,10692503626
5696,448818927,6278,448825205,1,0,1,6656,1,3726002195
5697,448824218,77931,448902149,17,0,0,4608,17,7148757157
5698,448838823,252131,449090954,11,0,0,96768,11,3139597027
5699,448882141,116489,448998630,15,0,0,21504,15,5887130774
5700,448893718,217003,449110721,5,0,0,14848,5,269763871
5701,448946943,204615,449151558,6,0,0,1024,6,4276968406
5702,448948423,95656,449044079,6,0,0,2560,6,6249749428
5703,448968857,199564,449168421,5,0,0,2048,5,5949483550
5704,448985652,57624,449043276,9,0,1,18944,9,8200436778
5705,449004468,146763,449151231,3,0,0,45568,3,3691030668
5706,449021748,130925,449152673,18,0,0,3584,18,10692771471
5707,449037233,100099,449137332,13,0,0,18944,13,5831372900
5708,449051145,151137,449202282,2,0,0,39424,2,1420179915
5709,449053450,122305,449175755,5,0,0,7168,5,1639287313
5710,449068419,150375,449218794,12,0,0,23040,12,6182897008
5711,449140141,86848,449226989,2,0,0,17920,2,622587214
5712,449171580,4190,449175770,14,0,1,10752,14,7994133571
5713,449306391,141139,449447530,9,0,0,75264,9,8859637866
5714,449308658,69284,449377942,5,0,0,8192,5,5145067490
5715,449312776,68551,449381327,17,0,0,1536,17,3614559851
5716,449316574,200584,449517158,6,0,0,49152,6,4739100325
5717,449370238,2470,449372708,18,0,1,2560,18,4980591817
5718,449371601,81880,449453481,4,0,0,19456,4,4044259081
5719,449396592,105575,449502167,4,0,0,43008,4,10492074808
5720,449400798,12737,449413535,5,0,1,24576,5,5619031760
5721,449441670,190607,449632277,11,0,0,23040,11,1126677317
5722,449450476,129525,449580001,19,0,0,44032,19,2884043931
5723,449464792,86905,449551697,17,0,0,17920,17,474249801
5724,449478639,175337,449653976,4,0,0,71168,4,4169093969
5725,449506458,152221,449658679,3,0,0,15360,3,7303218963
5726,449628460,149091,449777551,6,0,0,70144,6,9174343228
5727,449656919,123619,449780538,18,0,0,9728,18,1540564049
5728,449713099,6754,449719853,1,0,1,7168,1,2010077433
5729,449761132,89615,449850747,12,0,0,8704,12,10250600132
5730,449780811,3645,449784456,9,0,1,10240,9,491381192
5731,449809342,51774,449861116,8,0,1,83968,8,976809235
5732,449826093,232610,450058703,17,0,0,5120,17,7102284953
5733,449889831,81128,449970959,3,0,0,11776,3,1616872073
5734,449910419,126410,450036829,4,0,0,24576,4,6785394487
5735,449912242,1518,449913760,2,0,1,1536,2,6142976819
5736,449922617,144594,450067211,2,0,0,17920,2,10021696347
5737,449941362,150547,450091909,16,0,0,44032,16,3911203908
5738,449962889,205647,450168536,12,0,0,59904,12,406104329
5739,450011277,6488,450017765,13,0,1,15872,13,5909708329
5740,450014833,232360,450247193,13,0,0,52224,13,10138748430
5741,450016611,4679,450021290,5,0,1,12288,5,7078307239
5742,450038281,248803,450287084,4,0,0,38400,4,10195077701
5743,450060680,6546,450067226,2,0,1,9728,2,7915593600
5744,450078154,13770,450091924,14,0,1,1024,14,3196410822
5745,450089875,141391,450231266,16,0,0,32768,16,1534200009
5746,450148250,118746,450266996,5,0,0,12800,5,5507746748
5747,450187797,12049,450199846,4,0,1,19968,4,90832347
5748,450188760,101459,450290219,9,0,0,10240,9,3910324908
5749,450222342,271309,450493651,9,0,0,10752,9,8935494618
5750,450254125,5454,450259579,9,0,1,13824,9,799199218
5751,450275345,65900,450341245,15,0,0,7168,15,464784271
5752,450296206,123549,450419755,17,0,0,36864,17,1098735464
5753,450299063,144066,450443129,15,0,0,9216,15,2175014620
5754,450329304,1518,450330822,13,0,1,1536,13,8113573869
5755,450329712,32150,450361862,18,0,1,52224,18,6163017565
5756,450357655,358750,450716405,9,0,0,45568,9,8494370946
5757,450359140,5308,450364448,0,0,1,4096,0,6087969577
5758,450375483,137870,450513353,5,0,0,512,5,2411276531
5759,450378301,102210,450480511,5,0,0,12800,5,857902101
5760,450385861,224620,450610481,1,0,0,53248,1,3900461397
5761,450411873,78487,450490360,7,0,0,5120,7,5388096565
5762,450447526,80455,450527981,16,0,0,8192,16,3931222040
5763,450458328,54056,450512384,8,0,0,3584,8,986573735
5764,450472377,143674,450616051,16,0,1,232960,16,6019419740
5765,450474753,534210,451008963,5,0,0,36352,5,2595809572
5766,450486168,282762,450768930,8,0,0,10240,8,2065577222
5767,450492922,307019,450799941,1,0,0,34304,1,7972995173
5768,450507630,405714,450913344,7,0,0,18944,7,893154345
5769,450513872,214941,450728813,12,0,0,5632,12,1642750651
5770,450529365,207786,450737151,4,0,0,15872,4,1845679429
5771,450531757,86880,450618637,15,0,1,4096,15,6500504544
5772,450590075,105282,450695357,15,0,0,4096,15,6334976341
5773,450591914,473224,451065138,11,0,0,184320,11,8947227187
5774,450599753,475585,451075338,7,0,0,5120,7,4365656231
5775,450614402,274748,450889150,3,0,0,36864,3,4422766969
5776,450621517,158290,450779807,9,0,0,30720,9,10154341293
5777,450634062,281637,450915699,9,0,0,7680,9,10273326766
5778,450683784,399377,451083161,17,0,0,25600,17,941206579
5779,450713298,373310,451086608,17,0,0,11264,17,3467611489
5780,450726087,444900,451170987,6,0,0,81920,6,3918738678
5781,450740022,218919,450958941,7,0,0,24576,7,1718348113
5782,450740476,4937,450745413,0,0,1,12800,0,4598878741
5783,450741873,207378,450949251,11,0,0,11776,11,2657381582
5784,450784802,122755,450907557,10,0,0,7168,10,5604666849
5785,450794810,550111,451344921,6,0,0,56832,6,5193001562
5786,450893432,87112,450980544,12,0,0,512,12,7928718010
5787,450894693,341149,451235842,4,0,0,28672,4,8516452365
5788,450911347,161294,451072641,1,0,0,24576,1,9625453513
5789,450919157,153967,451073124,17,0,0,1536,17,9169773102
5790,450924239,149524,451073763,10,0,0,2048,10,4015388779
5791,450963255,236451,451199706,5,0,0,94208,5,7174559627
5792,451061280,200758,451262038,7,0,0,79360,7,1813812825
5793,451083345,118092,451201437,4,0,0,5632,4,5244270220
5794,451090393,316226,451406619,15,0,0,6144,15,4004739675
5795,451103824,185081,451288905,15,0,0,34304,15,8236895048
5796,451133463,2470,451135933,2,0,1,2560,2,5130111536
5797,451136125,352820,451488945,5,0,0,63488,5,8670422111
5798,451189663,403198,451592861,15,0,0,43520,15,3534542093
5799,451243678,154109,451397787,12,0,0,22528,12,6668478796
5800,451305101,126604,451431705,8,0,0,41984,8,6942268639
5801,451395132,110985,451506117,11,0,0,24064,11,5744266347
5802,451397434,6082,451403516,0,0,1,14336,0,4824158925
5803,451410723,168863,451579586,4,0,0,30208,4,2482543666
5804,451443433,45854,451489287,12,0,0,1024,12,1314054579
5805,451448302,40658,451488960,13,0,1,34816,13,7153185870
5806,451465804,137524,451603328,15,0,0,34304,15,9940043647
5807,451556711,161367,451718078,16,0,0,134656,16,620476107
5808,451648925,116013,451764938,10,0,0,24064,10,4973130685
5809,451651936,82498,451734434,14,0,0,4608,14,9582868775
5810,451681038,102932,451783970,4,0,0,7168,4,2228031810
5811,451735678,113734,451849412,6,0,0,34304,6,4633740870
5812,451779560,59230,451838790,3,0,0,1024,3,1455194143
5813,451794832,98072,451892904,4,0,0,22016,4,1693348512
5814,451801884,91503,451893387,8,0,0,1536,8,7716350112
5815,451891665,45618,451937283,17,0,0,512,17,1489884967
5816,451924310,3904,451928214,13,0,1,10752,13,1096807850
5817,451955565,60824,452016389,8,0,0,5632,8,2175969547
5818,451958177,5802,451963979,18,0,1,6144,18,6100048351
5819,451958445,54017,452012462,3,0,0,3072,3,9119814344
5820,451972600,70532,452043132,11,0,0,12288,11,2694501943
5821,451979476,109000,452088476,9,0,0,24576,9,2973145519
5822,452002525,55321,452057846,4,0,0,3584,4,372509921
5823,452022494,151635,452174129,19,0,0,48128,19,18251672
5824,452023956,66204,452090160,6,0,0,3072,6,5846291581
5825,452024192,135258,452159450,14,0,0,19456,14,2661885499
5826,452046609,101192,452147801,7,0,0,32256,7,10236207602
5827,452096861,2946,452099807,16,0,1,3072,16,10134287175
5828,452102604,127397,452230001,12,0,0,22528,12,2667782275
5829,452179621,1042,452180663,5,0,1,1024,5,8554911344
5830,452197373,85679,452283052,8,0,1,143360,8,3906724398
5831,452232161,116321,452348482,16,0,0,6144,16,3749411702
5832,452286165,2470,452288635,14,0,1,2560,14,2844017739
5833,452300323,222493,452522816,17,0,0,62464,17,49158472
5834,452303770,174286,452478056,18,0,0,16384,18,8182217975
5835,452335846,190105,452525951,10,0,0,10240,10,6531077366
5836,452380012,4374,452384386,5,0,1,4608,5,1110941813
5837,452432597,167343,452599940,13,0,0,51200,13,5747592717
5838,452514333,64598,452578931,5,0,0,5120,5,3139386587
5839,452531800,5802,452537602,18,0,1,6144,18,8460286477
5840,452543309,76052,452619361,13,0,0,10240,13,8500834213
5841,452559014,63140,452622154,19,0,0,8192,19,154574580
5842,452580460,20882,452601342,4,0,1,33792,4,10076859220
5843,452607895,97878,452705773,15,0,0,14336,15,9742222497
5844,452628663,81670,452710333,12,0,0,4096,12,3187367610
5845,452629107,117274,452746381,13,0,0,26624,13,9680434857
5846,452633581,185604,452819185,4,0,0,11264,4,5483362471
5847,452662528,67867,452730395,10,0,0,5120,10,5942047741
5848,452705085,85838,452790923,15,0,0,7168,15,6000261152
5849,452710688,49583,452760271,14,0,0,512,14,8611526569
5850,452737636,57861,452795497,10,0,0,4096,10,5999202283
5851,452789618,55353,452844971,17,0,0,3584,17,4243785574
5852,452790958,1042,452792000,18,0,1,1024,18,337548673
5853,452803221,75752,452878973,10,0,0,8192,10,4016128464
5854,452803669,94297,452897966,6,0,0,9216,6,2563855900
5855,452805851,104451,452910302,9,0,0,19456,9,3629813314
5856,452806743,12457,452819200,18,0,1,20480,18,10496581923
5857,452859305,566,452859871,14,0,1,512,14,8232887391
5858,452874722,57440,452932162,19,0,0,4608,19,9370611054
5859,452896296,6082,452902378,14,0,1,11776,14,17345941
5860,452921393,151042,453072435,5,0,0,26112,5,1671513974
5861,452927574,60568,452988142,16,0,0,4608,16,4805618509
5862,452931972,91462,453023434,10,0,0,14848,10,4371247966
5863,452951269,122281,453073550,11,0,0,3584,11,9055124850
5864,452992107,66080,453058187,6,0,0,12800,6,4388545778
5865,453014001,47288,453061289,2,0,0,1536,2,9237102366
5866,453026508,55304,453081812,16,0,1,94208,16,3350325224
5867,453039267,45131,453084398,2,0,1,4096,2,10014367110
5868,453065262,183375,453248637,14,0,0,512,14,9975824238
5869,453073296,131669,453204965,16,0,0,24064,16,9933278286
5870,453099406,167843,453267249,12,0,0,6144,12,1808346948
5871,453100362,82820,453183182,5,0,0,12288,5,1226224069
5872,453203256,90245,453293501,12,0,0,20992,12,9597943714
5873,453258331,13858,453272189,9,0,1,23552,9,4378514351
5874,453270469,212229,453482698,4,0,0,17920,4,722135461
5875,453281283,105872,453387155,15,0,0,47616,15,6896345114
5876,453282936,106106,453389042,13,0,0,6144,13,6608405860
5877,453327656,129429,453457085,13,0,0,49152,13,9019143699
5878,453359185,143998,453503183,12,0,0,12800,12,4042234438
5879,453359938,1994,453361932,9,0,1,2048,9,1560134512
5880,453361135,69284,453430419,9,0,0,8192,9,2375127535
5881,453394015,3422,453397437,13,0,1,3584,13,6635278416
5882,453402082,62809,453464891,3,0,0,3072,3,5196255513
5883,453471408,4850,453476258,17,0,1,5120,17,6353937563
5884,453492128,113901,453606029,6,0,0,12800,6,3641918031
5885,453493122,108992,453602114,12,0,0,57856,12,10592815779
5886,453508000,143542,453651542,3,0,0,3072,3,190296477
5887,453547706,98346,453646052,10,0,0,19456,10,6649002670
5888,453573926,76665,453650591,11,0,0,14848,11,9147526633
5889,453637022,62924,453699946,16,0,0,5632,16,179828761
5890,453637260,1518,453638778,15,0,1,1536,15,3116340738
5891,453669974,74360,453744334,8,0,0,9728,8,2157227621
5892,453673106,12995,453686101,2,0,1,25088,2,5461814733
5893,453678976,136326,453815302,19,0,0,76288,19,681823794
5894,453693270,126883,453820153,18,0,0,15872,18,3441801673
5895,453744417,139987,453884404,2,0,0,17408,2,6484724995
5896,453759704,1518,453761222,18,0,1,1536,18,7203541397
5897,453842566,6488,453849054,1,0,1,15872,1,2134540994
5898,453844511,92528,453937039,5,0,0,14336,5,1832759587
5899,453907290,7706,453914996,4,0,1,8192,4,8878646858
5900,453954279,104468,454058747,12,0,0,43008,12,4002965742
5901,454034498,82533,454117031,8,0,0,10240,8,10132623448
5902,454052565,87302,454139867,3,0,0,11776,3,115214276
5903,454104250,1518,454105768,14,0,1,1536,14,7774557555
5904,454123716,62516,454186232,10,0,0,6144,10,4698611176
5905,454148324,566,454148890,17,0,1,512,17,8907780331
5906,454161136,82037,454243173,19,0,0,14848,19,9205385228
5907,454176149,1042,454177191,9,0,1,1024,9,5420502254
5908,454198954,48390,454247344,13,0,0,1024,13,3692692407
5909,454212402,177740,454390142,8,0,0,61952,8,5472516310
5910,454243574,166368,454409942,18,0,0,26112,18,3583237312
5911,454276538,87608,454364146,9,0,0,17920,9,7098131779
5912,454286541,115044,454401585,10,0,0,37376,10,888031572
5913,454299043,175239,454474282,10,0,0,4096,10,10591006262
5914,454307860,185952,454493812,3,0,0,53760,3,9949879575
5915,454309054,122838,454431892,19,0,0,12288,19,3940967278
5916,454335895,4420,454340315,0,0,1,11776,0,5353309115
5917,454372059,105358,454477417,7,0,0,10240,7,5392344599
5918,454373259,36698,454409957,16,0,1,14336,16,8230253958
5919,454374980,213278,454588258,14,0,0,4608,14,9960945082
5920,454378956,189034,454567990,3,0,0,39424,3,8381338977
5921,454381480,134586,454516066,2,0,0,5120,2,8478725998
5922,454427873,220967,454648840,9,0,0,76800,9,4125609567
5923,454442898,220168,454663066,7,0,0,46592,7,8539389874
5924,454514319,173737,454688056,16,0,0,6656,16,6426531603
5925,454551256,97599,454648855,16,0,1,139776,16,611227911
5926,454582733,214835,454797568,13,0,0,37888,13,140033422
5927,454590382,93552,454683934,6,0,0,18944,6,8870062734
5928,454618922,126998,454745920,19,0,0,29696,19,8465913507
5929,454657667,8519,454666186,2,0,1,9216,2,4875143238
5930,454675495,77012,454752507,19,0,0,18432,19,504619277
5931,454849777,155111,455004888,9,0,0,37376,9,2311162345
5932,454860444,100880,454961324,13,0,0,31232,13,6651327367
5933,454867740,98435,454966175,4,0,0,15872,4,8194666206
5934,454892467,50672,454943139,5,0,0,2560,5,7754825078
5935,454892920,128260,455021180,7,0,0,29184,7,6286137111
5936,454930911,182913,455113824,3,0,0,95232,3,3757243548
5937,454936466,96074,455032540,17,0,0,1536,17,10257022392
5938,454960884,188208,455149092,11,0,0,49664,11,6555203945
5939,454984464,2470,454986934,14,0,1,2560,14,3182391877
5940,455029455,121992,455151447,8,0,0,7680,8,8785707790
5941,455040285,150897,455191182,9,0,0,28160,9,2533492697
5942,455054778,183150,455237928,4,0,0,64512,4,3174459413
5943,455097021,100083,455197104,11,0,0,6144,11,4618241220
5944,455127282,111917,455239199,9,0,0,4096,9,8955769964
5945,455143828,118636,455262464,10,0,0,12800,10,5294205075
5946,455153385,124491,455277876,16,0,0,34304,16,3956935356
5947,455159293,162089,455321382,14,0,0,34816,14,91493873
5948,455180816,1042,455181858,5,0,1,1024,5,8974909851
5949,455185197,103857,455289054,3,0,0,19456,3,7050541377
5950,455197414,13858,455211272,5,0,1,23552,5,4376612173
5951,455197748,141034,455338782,17,0,0,11264,17,3904094169
5952,455198909,278347,455477256,12,0,0,152064,12,9501322347
5953,455219294,167158,455386452,5,0,0,15360,5,373200879
5954,455271908,17161,455289069,4,0,1,5632,4,7701913183
5955,455348044,2946,455350990,16,0,1,3072,16,8468180617
5956,455367125,111901,455479026,2,0,0,3072,2,2718718609
5957,455393905,84154,455478059,9,0,0,2560,9,3664489656
5958,455425331,145294,455570625,19,0,0,129024,19,7579536446
5959,455438387,167872,455606259,17,0,0,23040,17,4696612206
5960,455456406,178836,455635242,6,0,0,34816,6,141384108
5961,455457858,26077,455483935,4,0,1,5120,4,5643308823
5962,455464351,19840,455484191,2,0,1,9216,2,1482280931
5963,455464416,208513,455672929,2,0,0,42496,2,2262739936
5964,455465616,129078,455594694,2,0,0,2560,2,3361201317
5965,455469866,271532,455741398,18,0,0,46592,18,4918419277
5966,455482904,109673,455592577,9,0,0,5632,9,10315096828
5967,455533042,38617,455571659,4,0,1,1024,4,4689670559
5968,455578493,16216,455594709,14,0,1,30720,14,6968383071
5969,455603200,9539,455612739,13,0,1,15872,13,4791786890
5970,455617214,66647,455683861,16,0,0,512,16,803267101
5971,455648267,239015,455887282,17,0,0,59392,17,5879390017
5972,455665588,88692,455754280,3,0,0,2048,3,7280587882
5973,455742494,125305,455867799,16,0,0,31232,16,9663120027
5974,455768376,214019,455982395,17,0,0,33792,17,6270646175
5975,455768807,119894,455888701,15,0,0,4608,15,4691198787
5976,455794146,284549,456078695,6,0,0,50176,6,5168437868
5977,455803920,96579,455900499,16,0,1,161280,16,7630421225
5978,455824036,225974,456050010,16,0,0,21504,16,7040947191
5979,455879706,220003,456099709,1,0,0,4608,1,2823770947
5980,455896746,8579,455905325,18,0,1,7680,18,9671216901
5981,455927770,185131,456112901,5,0,0,6656,5,6855008470
5982,455976139,30677,456006816,8,0,1,44032,8,8309268542
5983,455978281,107770,456086051,15,0,0,20480,15,4825248692
5984,456002496,5626,456008122,4,0,1,2048,4,6703508314
5985,456119748,116741,456236489,4,0,0,19456,4,4538898018
5986,456128749,192247,456320996,1,0,0,38912,1,5805066833
5987,456138836,2946,456141782,1,0,1,3072,1,6403887883
5988,456142297,23466,456165763,0,0,1,38912,0,2062224916
5989,456159389,11200,456170589,0,0,1,7680,0,7270589482
5990,456179007,130118,456309125,19,0,0,33792,19,9411829907
5991,456202347,89744,456292091,3,0,0,14848,3,1032282879
5992,456221375,100884,456322259,13,0,0,4096,13,10093564892
5993,456255005,68057,456323062,8,0,0,2560,8,8780632536
5994,456260660,68499,456329159,15,0,0,7680,15,9548665528
5995,456294865,114676,456409541,18,0,0,43520,18,871158714
5996,456315771,13763,456329534,15,0,1,15872,15,4792691032
5997,456318603,148772,456467375,3,0,0,20480,3,5187926706
5998,456327931,110302,456438233,3,0,0,12288,3,6900650252
5999,456336981,93464,456430445,16,0,0,22016,16,6469422863
6000,456423028,62767,456485795,12,0,0,3072,12,6988185514
6001,456461668,6741,456468409,14,0,1,1024,14,74601445
6002,456477747,1042,456478789,5,0,1,1024,5,2383383878
6003,456525399,92528,456617927,8,0,0,18944,8,3000153175
6004,456528320,113013,456641333,12,0,0,24064,12,3692228013
6005,456550837,90823,456641660,8,0,0,1024,8,6989496950
6006,456561587,47288,456608875,2,0,0,1536,2,7564827407
6007,456564731,100218,456664949,19,0,0,15872,19,8661279406
6008,456594182,108237,456702419,14,0,0,6656,14,9869583299
6009,456612330,145949,456758279,12,0,0,28672,12,3716047539
6010,456715111,129656,456844767,19,0,0,17408,19,6026476502
6011,456737476,101972,456839448,4,0,0,34816,4,2799451906
6012,456795607,120394,456916001,2,0,0,33792,2,9236068602
6013,456799314,3645,456802959,16,0,1,10240,16,7901337453
6014,456809338,153476,456962814,9,0,0,65536,9,8556707497
6015,456835831,249375,457085206,1,0,0,25600,1,2840421197
6016,456836364,207126,457043490,5,0,0,25600,5,376967601
6017,456849113,11016,456860129,5,0,1,17920,5,1777953284
6018,456854528,128737,456983265,11,0,0,67072,11,3631649869
6019,456903340,566,456903906,9,0,1,512,9,3049345877
6020,456912896,4139,456917035,5,0,1,1024,5,8161685024
6021,456931349,204809,457136158,11,0,0,16384,11,1557708862
6022,456978111,5712,456983823,13,0,1,512,13,4635204481
6023,456987521,134077,457121598,10,0,0,58368,10,6989061584
6024,456992307,1994,456994301,1,0,1,2048,1,3099817526
6025,457017258,159378,457176636,3,0,0,30720,3,9015079102
6026,457022198,139430,457161628,19,0,0,3072,19,1345653057
6027,457027195,67592,457094787,12,0,0,7680,12,8156391837
6028,457116548,133700,457250248,7,0,0,6656,7,7227498018
6029,457154978,53144,457208122,15,0,0,5632,15,3291472953
6030,457197204,4850,457202054,9,0,1,5120,9,6403644166
6031,457334659,5326,457339985,19,0,1,5632,19,2257342632
6032,457335673,156788,457492461,16,0,1,257024,16,3046579482
6033,457358980,203638,457562618,3,0,0,6656,3,8498782010
6034,457363517,192749,457556266,3,0,0,6144,3,5330486504
6035,457444135,195649,457639784,9,0,0,35328,9,9761867619
6036,457537656,123242,457660898,16,0,0,19456,16,1948046247
6037,457592335,140959,457733294,18,0,0,95744,18,6946821506
6038,457608487,4374,457612861,5,0,1,4608,5,191163155
6039,457608734,4473,457613207,0,0,1,512,0,2087645778
6040,457619630,152028,457771658,10,0,0,7680,10,2989477358
6041,457632251,13327,457645578,1,0,1,6144,1,559177034
6042,457648982,107329,457756311,15,0,0,9216,15,8527526793
6043,457685971,92960,457778931,7,0,0,17920,7,9927591014
6044,457704512,103728,457808240,2,0,0,5632,2,3952874974
6045,457720373,13504,457733877,1,0,1,512,1,9977537066
6046,457751483,70143,457821626,5,0,0,3072,5,9867646243
6047,457765192,43904,457809096,10,0,0,512,10,3212595304
6048,457775581,203887,457979468,5,0,0,41984,5,6251655419
6049,457817083,76742,457893825,13,0,0,512,13,9319824559
6050,457848882,70688,457919570,10,0,0,12800,10,3368403830
6051,457921449,3422,457924871,2,0,1,3584,2,10494071429
6052,457933515,98228,458031743,9,0,0,22528,9,1937496988
6053,457972175,60051,458032226,17,0,0,1536,17,8775088140
6054,457996018,12566,458008584,18,0,1,20992,18,2423449709
6055,458003101,71947,458075048,13,0,0,1536,13,9548952088
6056,458026852,214191,458241043,6,0,0,51712,6,1587545909
6057,458044851,101972,458146823,13,0,0,34816,13,7042498616
6058,458110962,108176,458219138,2,0,0,47616,2,4872085975
6059,458127970,4937,458132907,13,0,1,12800,13,9892672699
6060,458140070,109494,458249564,2,0,0,10240,2,1957601018
6061,458144803,117967,458262770,19,0,0,2048,19,2810803743
6062,458191813,97916,458289729,19,0,0,21504,19,1549094335
6063,458196041,1042,458197083,5,0,1,1024,5,998062025
6064,458207837,98273,458306110,8,0,0,15872,8,3265488118
6065,458230492,70767,458301259,4,0,0,8704,4,677204537
6066,458233999,195360,458429359,14,0,0,4608,14,3174730590
6067,458252718,170908,458423626,17,0,0,67072,17,7612893414
6068,458263435,139740,458403175,5,0,0,43520,5,5314659192
6069,458306899,117062,458423961,3,0,0,1024,3,191397935
6070,458306902,121023,458427925,7,0,0,7680,7,2086396245
6071,458395557,124777,458520334,1,0,0,27648,1,10315261725
6072,458425497,2443,458427940,15,0,1,512,15,744885255
6073,458462105,143599,458605704,12,0,0,7168,12,9653722101
6074,458472221,214693,458686914,10,0,0,55808,10,7377542911
6075,458479801,4420,458484221,0,0,1,11776,0,8783482238
6076,458486896,66212,458553108,3,0,0,8192,3,8870518010
6077,458522141,97652,458619793,12,0,0,30720,12,1115078818
6078,458550387,24242,458574629,1,0,1,40448,1,7303661190
6079,458564275,101256,458665531,16,0,0,4608,16,6775905917
6080,458592948,148424,458741372,2,0,0,3072,2,7822385621
6081,458604866,135555,458740421,1,0,0,29184,1,1849480606
6082,458609584,139291,458748875,11,0,0,24576,11,6381413363
6083,458613814,248582,458862396,12,0,0,48128,12,9576202697
6084,458626697,101673,458728370,14,0,0,512,14,10643671349
6085,458671077,115530,458786607,6,0,0,23040,6,9077268698
6086,458679893,200727,458880620,10,0,0,17920,10,4740969316
6087,458713509,105929,458819438,17,0,0,14848,17,2716602465
6088,458713672,65900,458779572,5,0,0,7168,5,5039339169
6089,458746405,156725,458903130,12,0,0,14336,12,9689174228
6090,458818160,64659,458882819,3,0,0,7168,3,7996426003
6091,458879573,69138,458948711,6,0,0,7168,6,5896499211
6092,458974523,78236,459052759,7,0,0,10752,7,7897381916
6093,458975108,74360,459049468,12,0,0,9728,12,9131758500
6094,458987056,141063,459128119,14,0,0,103424,14,5857619485
6095,459023510,158939,459182449,18,0,0,53760,18,7763230966
6096,459070162,73010,459143172,16,0,0,3584,16,9242263015
6097,459103357,137023,459240380,19,0,0,63488,19,4011840371
6098,459125762,159401,459285163,17,0,0,54272,17,5503555749
6099,459128365,228981,459357346,1,0,0,45056,1,5840153853
6100,459175856,167747,459343603,10,0,0,22016,10,9219118037
6101,459269198,66629,459335827,4,0,0,2560,4,4418067224
6102,459323990,65057,459389047,14,0,0,2560,14,3922822488
6103,459345042,74812,459419854,18,0,0,6144,18,8017937505
6104,459384460,461596,459846056,16,0,1,752128,16,3425868835
6105,459384575,457938,459842513,4,0,0,33280,4,10303470845
6106,459434431,443087,459877518,17,0,0,22016,17,4679996651
6107,459439561,407468,459847029,12,0,1,12800,12,3835232212
6108,459482078,313090,459795168,18,0,0,31232,18,8128826295
6109,459565522,285693,459851215,15,0,1,6656,15,6610994495
6110,459603011,315214,459918225,2,0,0,11264,2,8897310330
6111,459655160,329895,459985055,9,0,0,33792,9,9453110199
6112,459679228,350250,460029478,14,0,0,69120,14,8100668659
6113,459701975,459003,460160978,11,0,0,22016,11,7228728751
6114,459704385,150376,459854761,13,0,1,5632,13,3400313035
6115,459733596,363800,460097396,16,0,0,31232,16,8012085954
6116,459746515,582697,460329212,16,0,0,89088,16,3374069543
6117,459760784,271205,460031989,7,0,0,8192,7,10695046376
6118,459841835,164367,460006202,12,0,0,1024,12,7854897010
6119,459847662,391707,460239369,7,0,0,48128,7,9552470869
6120,459863312,2946,459866258,19,0,1,3072,19,5433549050
6121,459889140,3387,459892527,3,0,1,9728,3,9641631522
6122,459928646,252682,460181328,4,0,0,33792,4,9040060392
6123,459941796,1994,459943790,13,0,1,2048,13,5525420695
6124,459961837,300182,460262019,6,0,0,65536,6,2493289704
6125,459972336,221019,460193355,12,0,0,39424,12,7408122714
6126,459975294,366725,460342019,2,0,0,41984,2,10492215461
6127,460035391,34795,460070186,8,0,1,60928,8,560716195
6128,460036108,205928,460242036,14,0,0,8704,14,1606858933
6129,460036937,62296,460099233,13,0,1,77824,13,1698159495
6130,460040937,230927,460271864,1,0,0,11776,1,1623240135
6131,460060076,40130,460100206,2,0,1,12800,2,9517050136
6132,460064013,342174,460406187,15,0,0,14848,15,10091809829
6133,460075049,186993,460262042,13,0,1,278528,13,7007001541
6134,460103690,158367,460262057,1,0,1,17920,1,9110257226
6135,460118610,143462,460262072,1,0,1,2560,1,9418134584
6136,460185932,78426,460264358,19,0,1,5120,19,8702214554
6137,460196290,248568,460444858,15,0,0,27136,15,3976074909
6138,460244901,369760,460614661,6,0,0,24064,6,6803487752
6139,460263987,343327,460607314,19,0,0,61440,19,6132667760
6140,460311661,36169,460347830,8,0,1,6144,8,1968700717
6141,460337680,320038,460657718,4,0,0,18944,4,7554987015
6142,460365156,94510,460459666,10,0,0,1536,10,8052546349
6143,460390536,1042,460391578,9,0,1,1024,9,2407376456
6144,460416686,257258,460673944,10,0,0,47104,10,10525118349
6145,460448435,5802,460454237,0,0,1,6144,0,9918446485
6146,460457344,194587,460651931,15,0,0,46592,15,2820800079
6147,460464648,116117,460580765,15,0,0,2048,15,6335878804
6148,460557762,63233,460620995,17,0,0,512,17,2237452457
6149,460608912,104593,460713505,7,0,0,24576,7,6198745907
6150,460660716,135712,460796428,4,0,0,16384,4,3079947403
6151,460674263,77138,460751401,1,0,0,512,1,8443874965
6152,460743226,107588,460850814,4,0,0,53248,4,382684318
6153,460811118,67320,460878438,11,0,0,512,11,1881011064
6154,460852997,78056,460931053,3,0,0,11776,3,7252041467
6155,460856157,60824,460916981,11,0,0,5632,11,5167201606
6156,460872048,86540,460958588,2,0,0,19456,2,5225614725
6157,460899274,149368,461048642,9,0,0,87040,9,7607162421
6158,460924608,87164,461011772,6,0,0,21504,6,6060873188
6159,460947457,102487,461049944,1,0,0,2560,1,8817872454
6160,460950123,99018,461049141,8,0,0,1536,8,1728544558
6161,460957342,113716,461071058,3,0,0,13312,3,7625246435
6162,460964865,85406,461050271,18,0,0,1024,18,5647965323
6163,461009642,78666,461088308,6,0,0,16896,6,3937605713
6164,461015030,86754,461101784,2,0,0,7168,2,5081575384
6165,461025193,122786,461147979,12,0,0,26112,12,9176488058
6166,461026109,208125,461234234,9,0,0,42496,9,7365938391
6167,461033774,121125,461154899,2,0,0,19456,2,3077127130
6168,461048369,100587,461148956,9,0,0,3072,9,361621364
6169,461098926,2873,461101799,15,0,1,1536,15,3719804939
6170,461121967,128269,461250236,5,0,0,8192,5,8560732152
6171,461128304,75984,461204288,9,0,0,3584,9,9876569642
6172,461131408,5712,461137120,4,0,1,14336,4,585229941
6173,461145722,96619,461242341,14,0,0,18432,14,1153431921
6174,461189280,3898,461193178,2,0,1,4096,2,6703672789
6175,461198822,108480,461307302,8,0,0,17920,8,1298603755
6176,461274444,109028,461383472,15,0,0,39936,15,6730795197
6177,461302424,126282,461428706,3,0,0,15872,3,3355571316
6178,461306091,125126,461431217,17,0,0,8192,17,1619925661
6179,461329227,121253,461450480,13,0,0,512,13,6318593681
6180,461396862,52364,461449226,18,0,0,3072,18,9851077941
6181,461412668,5802,461418470,1,0,1,6144,1,396324419
6182,461441656,93152,461534808,8,0,0,20992,8,2989948307
6183,461454032,125476,461579508,9,0,0,21504,9,6753007248
6184,461454578,3387,461457965,0,0,1,9728,0,8839638932
6185,461502566,55748,461558314,14,0,0,4096,14,8419626290
6186,461527928,74525,461602453,4,0,0,7680,4,1481948780
6187,461562694,98384,461661078,17,0,0,23040,17,10065383991
6188,461593346,1994,461595340,1,0,1,2048,1,7927942413
6189,461632226,566,461632792,4,0,1,512,4,4521252868
6190,461705309,111020,461816329,9,0,0,64512,9,3354732859
6191,461717747,106421,461824168,1,0,0,25600,1,9288035260
6192,461728498,132915,461861413,16,0,0,9216,16,9443227331
6193,461730102,219477,461949579,14,0,0,46592,14,388184027
6194,461751607,3898,461755505,5,0,1,4096,5,1374657946
6195,461768270,108216,461876486,18,0,0,2048,18,550678344
6196,461786671,37528,461824199,13,0,1,64000,13,1389237575
6197,461787526,197816,461985342,15,0,0,15360,15,1236032119
6198,461798550,27095,461825645,2,0,1,1536,2,586887971
6199,461803288,117801,461921089,8,0,0,17920,8,8435286506
6200,461816942,51590,461868532,11,0,0,512,11,8357011639
6201,461837457,3422,461840879,2,0,1,3584,2,2070800934
6202,461848544,64548,461913092,19,0,0,5120,19,3578244176
6203,461849964,250820,462100784,18,0,0,27648,18,1695321015
6204,461926053,63878,461989931,8,0,1,107520,8,1962829260
6205,461957329,207243,462164572,13,0,0,49664,13,1375481636
6206,461962070,83032,462045102,9,0,0,2560,9,8845730992
6207,461970364,119498,462089862,16,0,0,1024,16,390957091
6208,461998721,230742,462229463,19,0,0,31232,19,6424842248
6209,462002765,188017,462190782,4,0,0,31232,4,1071045046
6210,462004087,23725,462027812,18,0,1,39424,18,8611446131
6211,462008566,256544,462265110,16,0,0,14848,16,8262431382
6212,462009483,225299,462234782,17,0,0,17408,17,8046321287
6213,462058494,3898,462062392,0,0,1,4096,0,10345239991
6214,462065672,3645,462069317,15,0,1,10240,15,1079274424
6215,462147566,157146,462304712,11,0,0,2560,11,6749361742
6216,462193243,110674,462303917,15,0,0,47616,15,6130663921
6217,462218015,566,462218581,16,0,1,512,16,5605497025
6218,462232224,143651,462375875,18,0,0,55808,18,9677655023
6219,462250718,181797,462432515,13,0,0,80384,13,5346298801
6220,462252763,104534,462357297,9,0,0,512,9,8628546820
6221,462308730,194643,462503373,5,0,0,18944,5,1587671010
6222,462318829,150074,462468903,12,0,0,12800,12,457523462
6223,462361263,166578,462527841,19,0,0,28672,19,3611899409
6224,462374635,59611,462434246,8,0,0,5632,8,148155869
6225,462405148,63770,462468918,8,0,1,101888,8,9173595649
6226,462417139,55189,462472328,4,0,1,7168,4,8041201602
6227,462429523,142853,462572376,7,0,0,6656,7,4350314314
6228,462442120,35393,462477513,15,0,1,16384,15,8905166029
6229,462503429,232967,462736396,11,0,0,17920,11,944976743
6230,462538952,142517,462681469,1,0,0,53760,1,4038220189
6231,462550176,68146,462618322,19,0,0,4608,19,5238467455
6232,462568699,214539,462783238,9,0,0,9216,9,3839727686
6233,462581194,67772,462648966,2,0,0,13312,2,7821900335
6234,462646414,84414,462730828,9,0,0,9728,9,2125005202
6235,462661322,99944,462761266,17,0,0,28160,17,3083154362
6236,462681834,133462,462815296,11,0,0,12800,11,9592003521
6237,462700658,7230,462707888,4,0,1,7680,4,4507466124
6238,462714568,143347,462857915,2,0,0,74752,2,4560930355
6239,462748014,3422,462751436,9,0,1,3584,9,3525437635
6240,462756415,176708,462933123,14,0,0,28672,14,5941972357
6241,462810903,16096,462826999,0,0,1,31232,0,8443428395
6242,462835417,193835,463029252,1,0,0,10752,1,6351028564
6243,462857487,5382,462862869,0,0,1,12800,0,2093170087
6244,462858872,7429,462866301,19,0,1,11776,19,10651761452
6245,463099844,49448,463149292,5,0,0,3584,5,5613706778
6246,463193456,68372,463261828,2,0,0,10240,2,516476305
6247,463269008,67592,463336600,10,0,0,7680,10,9013220669
6248,463274675,50672,463325347,7,0,0,2560,7,1059339323
6249,463278497,4850,463283347,9,0,1,5120,9,4227391296
6250,463289889,128422,463418311,16,0,0,28160,16,1323590794
6251,463320415,45596,463366011,10,0,0,1024,10,7961207400
6252,463347162,101203,463448365,5,0,0,9728,5,8202976147
6253,463406249,86408,463492657,2,0,0,6656,2,8497987242
6254,463432648,1042,463433690,15,0,1,1024,15,5692880061
6255,463465501,7230,463472731,1,0,1,7680,1,9112673919
6256,463474699,105092,463579791,2,0,0,45056,2,10113751317
6257,463498212,150573,463648785,18,0,0,43520,18,1783362354
6258,463560891,18915,463579806,9,0,1,6144,9,7313770114
6259,463588391,98422,463686813,7,0,0,14848,7,9848909076
6260,463608477,81048,463689525,9,0,0,3584,9,6159412553
6261,463635166,229229,463864395,9,0,0,33280,9,327765351
6262,463653244,44060,463697304,5,0,0,1024,5,497724607
6263,463669195,101922,463771117,3,0,0,33792,3,7767746904
6264,463669457,153776,463823233,16,0,0,43520,16,1466680158
6265,463684951,15366,463700317,2,0,1,26112,2,280713422
6266,463726568,283272,464009840,19,0,0,45568,19,4427131921
6267,463763179,120419,463883598,15,0,0,62976,15,9140693412
6268,463809256,97083,463906339,1,0,0,11776,1,1123355180
6269,463829273,5802,463835075,4,0,1,6144,4,4589859615
6270,463841692,566,463842258,18,0,1,512,18,10319021598
6271,463887750,126005,464013755,4,0,0,12800,4,481414902
6272,463899961,80882,463980843,18,0,0,7680,18,1690550142
6273,463915036,144015,464059051,5,0,0,19968,5,10507485238
6274,463921907,101422,464023329,13,0,0,2048,13,9122735183
6275,463935674,142895,464078569,10,0,0,9728,10,1796865376
6276,463970966,104624,464075590,14,0,0,43520,14,5521908080
6277,463988577,120327,464108904,19,0,0,42496,19,5196637122
6278,463993198,132366,464125564,2,0,0,14848,2,1276766568
6279,464218146,104000,464322146,2,0,0,41472,2,3590053043
6280,464229834,101843,464331677,11,0,0,31232,11,9924566517
6281,464243737,158516,464402253,19,0,0,36864,19,3689990261
6282,464262417,7230,464269647,4,0,1,7680,4,5731918456
6283,464267980,185626,464453606,6,0,0,22016,6,512223125
6284,464283511,104438,464387949,17,0,0,3072,17,8707854821
6285,464284711,4420,464289131,15,0,1,11776,15,1200776420
6286,464326544,97699,464424243,7,0,0,5120,7,2252887014
6287,464360081,156009,464516090,11,0,0,21504,11,6205341568
6288,464434227,75296,464509523,1,0,0,12800,1,6407955799
6289,464481927,100724,464582651,5,0,0,30720,5,1355245591
6290,464521414,128359,464649773,19,0,0,23040,19,5353736210
6291,464548612,136741,464685353,2,0,0,44032,2,1404817453
6292,464551697,2946,464554643,9,0,1,3072,9,6187456890
6293,464559270,98384,464657654,16,0,0,23040,16,2949569726
6294,464621863,116909,464738772,5,0,0,24576,5,2605577775
6295,464622848,65900,464688748,7,0,0,7168,7,10222810080
6296,464626330,33075,464659405,13,0,1,54272,13,1317228722
6297,464648747,53382,464702129,19,0,0,3072,19,9720642428
6298,464653822,7728,464661550,19,0,1,10752,19,5820919282
6299,464707189,3645,464710834,14,0,1,10240,14,5171898030
6300,464712605,89599,464802204,17,0,0,8704,17,1142599117
6301,464714112,244152,464958264,11,0,0,55808,11,4636558276
6302,464789895,93464,464883359,7,0,0,22016,7,1752179506
6303,464832790,210133,465042923,2,0,0,46080,2,9118093595
6304,464843953,97292,464941245,2,0,0,19456,2,540063102
6305,464863784,158311,465022095,18,0,0,77824,18,10497568875
6306,464872202,20366,464892568,9,0,1,32768,9,9447776195
6307,464890675,3387,464894062,6,0,1,9728,6,1380506109
6308,464930799,351475,465282274,3,0,0,11776,3,9491019719
6309,464931056,95300,465026356,19,0,0,4608,19,8047062594
6310,464967588,159149,465126737,12,0,0,93184,12,4560870141
6311,464997571,24539,465022110,2,0,1,4608,2,2790873596
6312,465024667,3422,465028089,18,0,1,3584,18,1988230579
6313,465037469,283523,465320992,15,0,0,6656,15,2988489933
6314,465042820,125612,465168432,13,0,1,204288,13,7492821890
6315,465064787,260276,465325063,17,0,0,13312,17,9611783388
6316,465067766,292307,465360073,13,0,0,34816,13,1227825483
6317,465079247,238547,465317794,4,0,0,5120,4,9005417593
6318,465087921,275287,465363208,15,0,0,10240,15,5991645451
6319,465096739,155576,465252315,5,0,0,14336,5,9635692376
6320,465156726,226096,465382822,1,0,0,16896,1,8050643907
6321,465162785,6313,465169098,18,0,1,11264,18,2288461302
6322,465205332,213686,465419018,16,0,0,4096,16,3736963723
6323,465207209,75860,465283069,15,0,0,2560,15,3572616293
6324,465208866,566,465209432,19,0,1,512,19,1114161985
6325,465212260,57440,465269700,2,0,0,4608,2,1469704239
6326,465214098,230492,465444590,12,0,0,64000,12,6668327105
6327,465223157,142094,465365251,11,0,0,6656,11,1718153249
6328,465293809,161249,465455058,4,0,0,2048,4,8301417733
6329,465305898,297069,465602967,19,0,0,119808,19,10149628404
6330,465336418,296726,465633144,10,0,0,34816,10,3366488510
6331,465360289,252373,465612662,5,0,0,31744,5,1538433411
6332,465368262,5802,465374064,9,0,1,6144,9,3903432531
6333,465376741,189707,465566448,1,0,0,33792,1,6839379720
6334,465393392,7230,465400622,16,0,1,7680,16,6009186990
6335,465400622,221891,465622513,13,0,0,32256,13,5762369798
6336,465509975,144674,465654649,6,0,0,16896,6,793332208
6337,465533756,229490,465763246,15,0,0,32768,15,3610996167
6338,465581903,107308,465689211,7,0,0,23552,7,1737306152
6339,465589889,100585,465690474,12,0,0,4096,12,8735046381
6340,465598090,140022,465738112,15,0,0,21504,15,1589577216
6341,465621587,22306,465643893,0,0,1,17408,0,4873294997
6342,465647547,125292,465772839,12,0,0,23552,12,10198230400
6343,465690885,223361,465914246,4,0,0,20992,4,3478348256
6344,465710290,119350,465829640,9,0,0,1536,9,8888896428
6345,465769641,250319,466019960,3,0,0,32256,3,7103537663
6346,465787943,3128,465791071,16,0,1,9216,16,3800511530
6347,465817567,59132,465876699,12,0,0,5120,12,3001059557
6348,465847546,105844,465953390,19,0,0,1024,19,118546033
6349,465853942,3422,465857364,4,0,1,3584,4,8276692284
6350,465855448,60076,465915524,10,0,0,4096,10,10609485202
6351,465871823,57908,465929731,10,0,0,6144,10,8798328275
6352,465872035,4679,465876714,1,0,1,3584,1,9814224255
6353,465876629,208820,466085449,15,0,0,19968,15,844975418
6354,465904444,9817,465914261,18,0,1,11264,18,10142907596
6355,465943741,198660,466142401,4,0,0,45568,4,7739003440
6356,465946263,220615,466166878,5,0,0,4608,5,2976413238
6357,465947698,207042,466154740,18,0,0,40448,18,9813794470
6358,465968854,25187,465994041,16,0,1,45568,16,8568110241
6359,465998826,166633,466165459,10,0,0,9216,10,3727614518
6360,466173007,48980,466221987,10,0,0,2048,10,5910038338
6361,466205857,4162,466210019,14,0,1,11264,14,5329087217
6362,466240839,97916,466338755,19,0,0,21504,19,7668058003
6363,466307617,10241,466317858,2,0,1,16384,2,8927263226
6364,466335998,101601,466437599,13,0,0,24576,13,2337831025
6365,466339409,107253,466446662,1,0,0,29696,1,10013938601
6366,466361291,88194,466449485,16,0,0,9216,16,3401317919
6367,466374722,6754,466381476,18,0,1,7168,18,8783319891
6368,466392978,196976,466589954,10,0,0,19456,10,1391013141
6369,466422857,566,466423423,9,0,1,512,9,813955351
6370,466468034,230709,466698743,18,0,0,43520,18,2198059054
6371,466496598,257809,466754407,17,0,0,34304,17,3329653837
6372,466504793,180675,466685468,12,0,0,104960,12,5226034939
6373,466560127,147378,466707505,1,0,0,15360,1,2649185108
6374,466591155,3645,466594800,19,0,1,10240,19,10662513490
6375,466652587,109479,466762066,9,0,0,25088,9,443322654
6376,466686959,165656,466852615,16,0,0,97280,16,5356317718
6377,466689431,165703,466855134,2,0,0,8192,2,970757447
6378,466712144,225362,466937506,12,0,0,2048,12,630882992
6379,466720867,193712,466914579,19,0,0,78848,19,6405452707
6380,466727127,6229,466733356,15,0,1,15360,15,7345222064
6381,466739072,1518,466740590,12,0,1,1536,12,1030798263
6382,466757771,158851,466916622,10,0,0,6656,10,1936216123
6383,466823384,143209,466966593,6,0,0,26624,6,7033009694
6384,466871593,147617,467019210,12,0,0,36864,12,8730887105
6385,466902113,189539,467091652,9,0,0,12800,9,2867431107
6386,466907170,156534,467063704,4,0,0,47104,4,2619532689
6387,466946444,74037,467020481,9,0,0,4096,9,6667418256
6388,466968870,3422,466972292,14,0,1,3584,14,9844615617
6389,467008117,157059,467165176,5,0,0,19968,5,1150284242
6390,467015736,102965,467118701,4,0,0,22528,4,9137474614
6391,467017945,120423,467138368,6,0,0,2560,6,24047556
6392,467034411,123993,467158404,18,0,0,21504,18,1207740915
6393,467058949,76660,467135609,15,0,0,10240,15,9248759184
6394,467130878,97760,467228638,17,0,0,20992,17,1421381504
6395,467173623,76052,467249675,17,0,0,10240,17,5103645449
6396,467174652,125662,467300314,13,0,1,207872,13,6127899763
6397,467182854,324786,467507640,2,0,0,57344,2,8356717871
6398,467208182,194992,467403174,18,0,0,28160,18,1599488861
6399,467220762,85351,467306113,14,0,1,19456,14,10311682483
6400,467226263,82756,467309019,18,0,1,4608,18,3217160190
6401,467238783,164562,467403345,15,0,0,512,15,2144533505
6402,467249414,226040,467475454,16,0,0,12800,16,5313552370
6403,467281772,30793,467312565,9,0,1,5632,9,6934233322
6404,467284620,106972,467391592,8,0,0,3072,8,2280160791
6405,467294882,217149,467512031,16,0,0,14336,16,350640260
6406,467352912,112511,467465423,8,0,0,40960,8,10231208220
6407,467384289,147545,467531834,6,0,0,11776,6,569493047
6408,467400844,114642,467515486,5,0,0,11264,5,1628068264
6409,467460534,71783,467532317,15,0,0,1536,15,2357851636
6410,467490072,133173,467623245,10,0,0,18432,10,4429027523
6411,467493920,123694,467617614,11,0,0,51200,11,4854483004
6412,467504198,97801,467601999,19,0,0,11776,19,311327982
6413,467518082,143445,467661527,19,0,0,40960,19,9098504018
6414,467536827,207550,467744377,6,0,0,73728,6,7543369851
6415,467543238,123148,467666386,10,0,0,15872,10,6240956972
6416,467551774,278581,467830355,14,0,0,32256,14,8128418771
6417,467558569,233407,467791976,19,0,0,28160,19,7048168198
6418,467575766,183446,467759212,6,0,0,48640,6,7897779859
6419,467595015,126875,467721890,16,0,0,26112,16,5049565958
6420,467622139,82312,467704451,14,0,0,8192,14,2046443086
6421,467655311,144634,467799945,19,0,0,12800,19,3547450020
6422,467716450,104062,467820512,15,0,0,20992,15,650029174
6423,467794869,70254,467865123,13,0,0,1536,13,9264290863
6424,467798964,100086,467899050,6,0,0,26112,6,10088704102
6425,467813347,17023,467830370,19,0,1,5632,19,7619275672
6426,467824860,81554,467906414,15,0,0,10240,15,778012166
6427,467834652,188541,468023193,12,0,0,36352,12,6056262061
6428,467864987,100540,467965527,15,0,0,29696,15,1887050959
6429,467896339,87239,467983578,1,0,0,17920,1,6283751026
6430,467909234,337858,468247092,8,0,1,547840,8,7130547172
6431,467929240,474181,468403421,3,0,0,52736,3,9557476407
6432,467965561,420145,468385706,15,0,0,8704,15,1854183839
6433,467975105,371799,468346904,3,0,0,28672,3,3837308032
6434,467975936,500992,468476928,5,0,0,19456,5,10020285533
6435,468055757,256264,468312021,5,0,0,22016,5,5163705566
6436,468196227,247944,468444171,9,0,0,35840,9,2182969844
6437,468236767,137750,468374517,2,0,0,3072,2,3894512389
6438,468252015,198582,468450597,4,0,0,14336,4,6143623737
6439,468261965,184249,468446214,16,0,0,6656,16,253080736
6440,468305166,6870,468312036,5,0,1,2560,5,8726178208
6441,468317542,319853,468637395,9,0,0,52736,9,1524459729
6442,468326274,465112,468791386,7,0,0,108544,7,1623371498
6443,468327851,224571,468552422,6,0,0,30720,6,5485444843
6444,468397505,16149,468413654,15,0,1,16384,15,3474888724
6445,468456264,336229,468792493,9,0,0,3584,9,1250075419
6446,468460713,183873,468644586,1,0,0,23552,1,5307891603
6447,468473216,95603,468568819,11,0,0,3584,11,10398324588
6448,468526101,177321,468703422,16,0,1,291840,16,9164709564
6449,468535917,170731,468706648,5,0,1,5120,5,2478278845
6450,468559538,134234,468693772,2,0,0,1024,2,6826752673
6451,468584225,123396,468707621,15,0,1,12800,15,2893399021
6452,468602119,229949,468832068,10,0,0,1024,10,4070478601
6453,468614169,96998,468711167,2,0,1,5632,2,1846797653
6454,468676296,153046,468829342,2,0,0,17408,2,7902509387
6455,468680455,267242,468947697,8,0,1,433664,8,969091334
6456,468721743,335208,469056951,10,0,0,25088,10,10288859282
6457,468749896,299388,469049284,2,0,0,16896,2,1830167723
6458,468779708,437250,469216958,10,0,0,27136,10,6662810340
6459,468819096,150779,468969875,10,0,0,21504,10,2837806773
6460,468845615,107267,468952882,0,0,1,16384,0,5537573525
6461,468851099,169719,469020818,4,0,0,35328,4,3897224033
6462,468947783,260892,469208675,7,0,0,18944,7,4330538919
6463,469027125,3898,469031023,4,0,1,4096,4,7797312753
6464,469044185,245808,469289993,7,0,0,57856,7,6143569305
6465,469079025,223376,469302401,3,0,0,17920,3,5998609581
6466,469079034,3915,469082949,9,0,1,4096,9,10338178402
6467,469194407,212634,469407041,6,0,0,11264,6,6375749043
6468,469235302,217843,469453145,3,0,0,16384,3,932532381
6469,469237369,1042,469238411,2,0,1,1024,2,5063262216
6470,469246025,44147,469290172,2,0,0,512,2,8466453451
6471,469249467,131420,469380887,7,0,0,42496,7,3072210321
6472,469282518,112595,469395113,15,0,0,5632,15,6027284948
6473,469385442,129821,469515263,12,0,0,22528,12,9466705826
6474,469426849,5802,469432651,6,0,1,6144,6,6387341975
6475,469429598,101348,469530946,15,0,0,32768,15,5674086167
6476,469467944,157429,469625373,10,0,0,4096,10,8603577234
6477,469524097,149745,469673842,17,0,0,15872,17,1195485077
6478,469532032,4162,469536194,1,0,1,11264,1,4594722689
6479,469622189,94244,469716433,16,0,0,24576,16,1006778893
6480,469629608,190923,469820531,5,0,0,20992,5,6295886853
6481,469651926,162186,469814112,13,0,0,93696,13,4854742305
6482,469663138,54402,469717540,10,0,0,3584,10,8622481474
6483,469672636,4144,469676780,9,0,1,3072,9,8219744638
6484,469689357,177172,469866529,3,0,0,15872,3,3484041209
6485,469689816,197161,469886977,12,0,0,52736,12,2665955322
6486,469751326,6754,469758080,5,0,1,7168,5,5779579307
6487,469791537,110281,469901818,12,0,0,8704,12,4793328226
6488,469803319,18722,469822041,15,0,1,1536,15,7114028878
6489,469830842,64208,469895050,3,0,0,6656,3,3553459434
6490,469835620,112332,469947952,2,0,0,12800,2,4268135278
6491,469842417,82613,469925030,10,0,0,17920,10,4219100080
6492,469856518,69307,469925825,7,0,0,2560,7,8911554279
6493,469876610,93476,469970086,10,0,0,8704,10,6152231404
6494,469922105,121031,470043136,17,0,0,20480,17,3774308571
6495,469969507,47859,470017366,16,0,0,1536,16,6192640834
6496,470002521,118813,470121334,10,0,0,49152,10,9341123795
6497,470078841,2470,470081311,15,0,1,2560,15,6721682515
6498,470124125,79616,470203741,18,0,0,16896,18,8116950599
6499,470124635,3904,470128539,4,0,1,10752,4,9622826740
6500,470165758,47288,470213046,13,0,0,1536,13,5960201091
6501,470191970,126225,470318195,16,0,0,42496,16,9683804343
6502,470207739,48980,470256719,9,0,0,2048,9,9523357667
6503,470233782,87236,470321018,1,0,0,9216,1,6789810024
6504,470409804,131311,470541115,12,0,0,18944,12,4744101251
6505,470414795,91640,470506435,6,0,0,26112,6,3315570532
6506,470416981,11274,470428255,16,0,1,18432,16,7620734443
6507,470485870,138123,470623993,2,0,0,62976,2,2554049864
6508,470548879,4850,470553729,15,0,1,5120,15,5519492823
6509,470572559,100568,470673127,11,0,0,30208,11,6369062999
6510,470589954,34054,470624008,2,0,1,34816,2,5784310596
6511,470651883,116571,470768454,8,0,1,193536,8,7248938242
6512,470706793,157533,470864326,18,0,0,6656,18,4416303926
6513,470707016,330129,471037145,10,0,0,62976,10,1557334842
6514,470718324,174586,470892910,12,0,0,69120,12,7811492981
6515,470723743,209682,470933425,10,0,0,12288,10,3504512975
6516,470903553,67592,470971145,17,0,0,7680,17,3862126919
6517,470948998,102128,471051126,5,0,0,35328,5,722003700
6518,470987071,126739,471113810,5,0,0,31232,5,1961776153
6519,471044004,90114,471134118,13,0,0,17920,13,2540733064
6520,471060210,61455,471121665,2,0,0,2048,2,572584667
6521,471092995,100880,471193875,2,0,0,31232,2,8011629042
6522,471112192,110225,471222417,19,0,0,17920,19,10714264790
6523,471169520,215841,471385361,16,0,1,350208,16,8070798985
6524,471171811,214216,471386027,17,0,1,1024,17,7563871145
6525,471208378,303195,471511573,2,0,0,24576,2,4052079577
6526,471214325,236074,471450399,17,0,0,1024,17,4400276376
6527,471216875,185319,471402194,13,0,1,60928,13,8993646506
6528,471238658,317898,471556556,7,0,0,22016,7,2381303049
6529,471257802,153412,471411214,10,0,0,19968,10,2100336828
6530,471263261,367881,471631142,15,0,0,33792,15,2327649560
6531,471276685,208964,471485649,14,0,0,9728,14,4335563670
6532,471337540,268295,471605835,9,0,0,9216,9,3977312134
6533,471376723,184524,471561247,6,0,0,8192,6,6365549492
6534,471416583,186429,471603012,10,0,0,22528,10,10362248326
6535,471452562,188423,471640985,10,0,0,32256,10,8354585277
6536,471523628,205001,471728629,19,0,0,41472,19,3389288817
6537,471529880,77062,471606942,11,0,0,3584,11,4808626796
6538,471542283,6754,471549037,4,0,1,7168,4,9393374073
6539,471545172,11399,471556571,15,0,1,4096,15,6004063163
6540,471548110,167868,471715978,15,0,0,46080,15,286414640
6541,471578363,123560,471701923,14,0,0,32768,14,10409102064
6542,471647464,212010,471859474,19,0,0,4096,19,8742204253
6543,471647656,176792,471824448,15,0,0,9728,15,3057889489
6544,471660962,6278,471667240,4,0,1,6656,4,4755426476
6545,471662282,5944,471668226,9,0,1,1536,9,98153029
6546,471663561,75598,471739159,16,0,0,1024,16,2214555011
6547,471724081,140298,471864379,4,0,0,6656,4,6028922633
6548,471734095,171780,471905875,7,0,0,11776,7,8850230849
6549,471747727,67904,471815631,4,0,0,8704,4,4312345404
6550,471809881,5765,471815646,19,0,1,3584,19,3215255391
6551,471841195,104468,471945663,10,0,0,43008,10,4433114359
6552,471898250,80009,471978259,4,0,0,5120,4,9903999514
6553,471899042,99775,471998817,3,0,0,3584,3,8681960310
6554,471928426,69284,471997710,10,0,0,8192,10,10422382915
6555,471967020,55748,472022768,11,0,0,4096,11,5626187053
6556,471973061,1994,471975055,14,0,1,2048,14,4313414273
6557,471989977,91705,472081682,17,0,0,14848,17,5254724120
6558,472006639,155239,472161878,17,0,0,116736,17,1301255816
6559,472077808,126791,472204599,16,0,0,50176,16,7323321947
6560,472141820,215037,472356857,13,0,1,319488,13,3931523074
6561,472208102,200530,472408632,15,0,0,6656,15,2978620059
6562,472216029,244347,472460376,3,0,0,35328,3,9404598957
6563,472281835,75483,472357318,4,0,1,10240,4,8780477913
6564,472297779,61485,472359264,5,0,1,3072,5,232432547
6565,472318921,144746,472463667,6,0,0,10752,6,7981639809
6566,472325081,210779,472535860,9,0,0,15360,9,6697531251
6567,472344165,281857,472626022,15,0,0,7680,15,1354085506
6568,472353073,295032,472648105,9,0,0,15360,9,10065512457
6569,472361438,2946,472364384,0,0,1,3072,0,7209960886
6570,472363342,372306,472735648,7,0,0,89088,7,625519640
6571,472378740,130180,472508920,5,0,0,2560,5,3290605005
6572,472417138,189870,472607008,10,0,0,87552,10,1957414413
6573,472466684,283510,472750194,14,0,0,18944,14,405524232
6574,472467933,175477,472643410,1,0,0,14336,1,474186390
6575,472484879,3898,472488777,10,0,1,4096,10,6117875618
6576,472497536,110111,472607647,18,0,0,2048,18,7416359130
6577,472513142,249702,472762844,2,0,0,3584,2,3145926704
6578,472540048,123054,472663102,18,0,0,6144,18,5042007263
6579,472542876,201523,472744399,1,0,0,28672,1,2285730569
6580,472573726,4850,472578576,6,0,1,5120,6,276835604
6581,472632531,1994,472634525,1,0,1,2048,1,7437672228
6582,472686268,65985,472752253,13,0,0,6656,13,9678638150
6583,472707119,168632,472875751,9,0,0,10752,9,7413735233
6584,472712185,239364,472951549,1,0,0,4096,1,10283198528
6585,472740107,156542,472896649,13,0,0,37376,13,1150328005
6586,472742030,46786,472788816,16,0,1,64512,16,7975045341
6587,472757474,83292,472840766,2,0,0,3584,2,4795978847
6588,472757582,31900,472789482,5,0,1,1024,5,4251879111
6589,472760615,295004,473055619,1,0,0,47104,1,1872397134
6590,472765685,25103,472790788,19,0,1,2048,19,7142559537
6591,472772561,288845,473061406,14,0,0,18944,14,2186371194
6592,472779100,239511,473018611,15,0,0,16384,15,5161295938
6593,472782022,10251,472792273,15,0,1,15360,15,10159031331
6594,472798990,271011,473070001,16,0,0,28160,16,8550248660
6595,472808807,131330,472940137,19,0,0,8704,19,9723316958
6596,472818034,178731,472996765,16,0,0,63488,16,6208834170
6597,472821232,6754,472827986,5,0,1,7168,5,2857426347
6598,472869302,254147,473123449,9,0,0,8192,9,8648583118
6599,472902354,171094,473073448,4,0,0,11264,4,3528045993
6600,472905233,170258,473075491,6,0,0,6656,6,5275360379
6601,472915560,174319,473089879,6,0,0,1024,6,9614614346
6602,472957559,153116,473110675,10,0,0,43008,10,1203887537
6603,472993353,124479,473117832,5,0,0,10240,5,9655082876
6604,473019456,155671,473175127,15,0,0,15360,15,4939049548
6605,473029242,185017,473214259,12,0,0,73216,12,2112132786
6606,473114909,73358,473188267,7,0,0,4096,7,8964444682
6607,473122849,159683,473282532,4,0,0,14336,4,7830332869
6608,473201340,92371,473293711,1,0,0,16384,1,6772484690
6609,473211378,138661,473350039,5,0,0,39936,5,1075970133
6610,473219670,3128,473222798,15,0,1,9216,15,6739699875
6611,473221248,99620,473320868,4,0,0,4608,4,3624411789
6612,473245058,3128,473248186,1,0,1,9216,1,3185847687
6613,473256386,175629,473432015,16,0,0,115200,16,10572836969
6614,473283429,101845,473385274,7,0,0,5120,7,5624929312
6615,473316601,124671,473441272,6,0,0,16384,6,6698652575
6616,473323805,132521,473456326,12,0,0,9216,12,9607200519
6617,473339059,12966,473352025,2,0,1,2048,2,1948276414
6618,473433747,59132,473492879,13,0,0,5120,13,5535312136
6619,473463930,92789,473556719,1,0,0,10752,1,10033541806
6620,473517829,3387,473521216,1,0,1,9728,1,5004869119
6621,473529472,5196,473534668,9,0,1,13312,9,6825961112
6622,473533319,98798,473632117,1,0,0,23552,1,2264500410
6623,473546641,15579,473562220,9,0,1,30208,9,5462246883
6624,473563908,93811,473657719,12,0,0,5632,12,10157280183
6625,473591706,141084,473732790,17,0,0,84992,17,2467093014
6626,473611910,20222,473632132,0,0,1,27648,0,2369104506
6627,473616242,265287,473881529,1,0,0,11776,1,4847622742
6628,473619806,26823,473646629,13,0,1,47616,13,1307148850
6629,473624386,118540,473742926,5,0,0,7680,5,10146450902
6630,473642744,144261,473787005,5,0,0,57856,5,4674233599
6631,473679388,1994,473681382,18,0,1,2048,18,4304833406
6632,473700408,86612,473787020,16,0,1,130048,16,5580423009
6633,473729888,230624,473960512,5,0,0,13312,5,847788382
6634,473741744,156501,473898245,2,0,0,6144,2,9280913730
6635,473751585,138318,473889903,6,0,0,25088,6,2939291717
6636,473788424,116076,473904500,18,0,0,20480,18,8030856592
6637,473852127,95709,473947836,6,0,0,15360,6,4195576511
6638,473874693,95999,473970692,19,0,0,11264,19,8066832655
6639,473882300,94702,473977002,8,0,0,4096,8,2704362700
6640,473910707,212753,474123460,11,0,0,25600,11,2206834323
6641,473913584,131476,474045060,4,0,0,512,4,7867121354
6642,473915922,3898,473919820,19,0,1,4096,19,10186160531
6643,473917512,99574,474017086,14,0,0,16384,14,4478859061
6644,474006103,4850,474010953,9,0,1,5120,9,3497318154
6645,474073770,187323,474261093,17,0,0,66048,17,9835792870
6646,474082453,104677,474187130,15,0,0,6656,15,5732920873
6647,474110955,120558,474231513,15,0,0,14336,15,4836375239
6648,474119061,113273,474232334,10,0,0,1536,10,2068589420
6649,474242466,22540,474265006,13,0,1,10752,13,4354226757
6650,474254784,13239,474268023,15,0,1,10240,15,777779995
6651,474271838,199525,474471363,1,0,0,9728,1,3866370380
6652,474279214,106933,474386147,16,0,0,17920,16,8237478452
6653,474340837,3422,474344259,1,0,1,3584,1,7301578746
6654,474428277,126900,474555177,9,0,0,56832,9,5963379226
6655,474439884,140724,474580608,2,0,0,11264,2,3692152168
6656,474465255,1042,474466297,1,0,1,1024,1,4318799214
6657,474467907,100659,474568566,16,0,0,3072,16,8281470788
6658,474489149,122479,474611628,11,0,0,7168,11,5834930501
6659,474518755,6278,474525033,1,0,1,6656,1,5091618875
6660,474527070,4850,474531920,4,0,1,5120,4,3253806408
6661,474540168,229315,474769483,4,0,0,53760,4,2944986363
6662,474568510,101154,474669664,9,0,0,512,9,8909012515
6663,474605163,566,474605729,18,0,1,512,18,4337556621
6664,474662491,157765,474820256,15,0,0,43008,15,1311340060
6665,474685034,144924,474829958,15,0,0,6144,15,7229923681
6666,474705785,122286,474828071,12,0,0,25600,12,3145616773
6667,474706369,1994,474708363,19,0,1,2048,19,631409794
6668,474732129,75008,474807137,9,0,0,16896,9,9442940650
6669,474826568,6252,474832820,16,0,1,8704,16,10667499387
6670,474864240,105404,474969644,4,0,0,46080,4,2769080375
6671,474907335,4374,474911709,2,0,1,4608,2,7035838454
6672,474950087,97340,475047427,2,0,0,29696,2,5094217344
6673,474953403,64661,475018064,15,0,0,6144,15,5910317297
6674,474956136,225855,475181991,14,0,0,1024,14,8238666264
6675,474966651,9305,474975956,2,0,1,6656,2,3951310772
6676,474967201,139452,475106653,11,0,0,41472,11,7089883971
6677,474986358,64208,475050566,18,0,0,6656,18,3238571023
6678,474988516,4850,474993366,9,0,1,5120,9,6546636801
6679,475026151,117086,475143237,12,0,0,31232,12,567785982
6680,475072653,108450,475181103,8,0,0,8192,8,2322464007
6681,475084357,2470,475086827,2,0,1,2560,2,2544974767
6682,475096823,211138,475307961,2,0,0,30208,2,1559534849
6683,475102514,86088,475188602,10,0,0,10752,10,10353945037
6684,475105933,152228,475258161,19,0,0,23040,19,803597306
6685,475172980,99922,475272902,17,0,0,23040,17,5403034452
6686,475207518,126230,475333748,16,0,0,19968,16,9489410127
6687,475259939,48193,475308132,5,0,0,512,5,6795174364
6688,475295343,79566,475374909,16,0,0,10752,16,3724227019
6689,475303772,7298,475311070,2,0,1,3072,2,10365314638
6690,475328530,116698,475445228,10,0,0,66048,10,396371479
6691,475337565,71166,475408731,6,0,0,9728,6,1927502006
6692,475398775,148424,475547199,19,0,0,23552,19,2929489861
6693,475404080,6754,475410834,16,0,1,7168,16,2838526334
6694,475405882,118853,475524735,12,0,0,80896,12,4712065956
6695,475458931,7706,475466637,0,0,1,8192,0,3597904127
6696,475461564,155181,475616745,11,0,0,26624,11,3839070759
6697,475464522,131133,475595655,19,0,0,24064,19,1910051183
6698,475500465,142014,475642479,19,0,0,4096,19,7794277456
6699,475503627,219971,475723598,18,0,0,2560,18,1232660333
6700,475516332,12819,475529151,18,0,1,4608,18,5758499794
6701,475535569,3128,475538697,11,0,1,9216,11,7089818204
6702,475551187,13253,475564440,13,0,1,25600,13,10518299340
6703,475579970,101050,475681020,18,0,0,8704,18,10516858047
6704,475589681,103033,475692714,10,0,0,5632,10,3446793386
6705,475707381,146777,475854158,2,0,0,27648,2,4656720938
6706,475709826,105248,475815074,13,0,0,45568,13,9345665343
6707,475737737,4850,475742587,19,0,1,5120,19,5551936267
6708,475739178,176718,475915896,8,0,0,16384,8,928020575
6709,475739449,103862,475843311,8,0,1,172032,8,10514155911
6710,475784559,224467,476009026,9,0,0,17920,9,6193316912
6711,475830313,240527,476070840,11,0,0,18432,11,8241937636
6712,475832185,226452,476058637,12,0,0,22528,12,3508654638
6713,475892930,3422,475896352,0,0,1,3584,0,9988645713
6714,475959170,92588,476051758,12,0,0,9728,12,5316305552
6715,476000745,119871,476120616,6,0,0,20480,6,181595899
6716,476016838,148077,476164915,18,0,0,23040,18,6230326363
6717,476040874,104684,476145558,4,0,0,25600,4,5859170844
6718,476051154,134125,476185279,12,0,0,9216,12,7950903656
6719,476053045,6651,476059696,3,0,1,1024,3,3083305693
6720,476153140,97325,476250465,6,0,0,8192,6,9881240334
6721,476192991,88818,476281809,5,0,0,10240,5,10237178620
6722,476208486,160101,476368587,7,0,0,67072,7,6522321585
6723,476242450,171716,476414166,12,0,0,5120,12,6813411867
6724,476250477,247023,476497500,4,0,0,28160,4,748578841
6725,476267281,145310,476412591,8,0,0,50176,8,8008383733
6726,476286106,3387,476289493,9,0,1,9728,9,2098198013
6727,476323895,188752,476512647,11,0,0,49664,11,5037083659
6728,476330419,200495,476530914,9,0,0,59904,9,3546967399
6729,476375976,165402,476541378,17,0,0,9728,17,5322339337
6730,476391492,215886,476607378,7,0,0,65024,7,3241988077
6731,476445862,225736,476671598,7,0,0,94208,7,8747023173
6732,476459456,149653,476609109,15,0,0,5632,15,7378471067
6733,476463592,151928,476615520,4,0,0,20992,4,1854745662
6734,476558197,143953,476702150,11,0,0,2048,11,6714177608
6735,476635731,4420,476640151,5,0,1,11776,5,3963966526
6736,476658236,302118,476960354,14,0,0,59392,14,4386941231
6737,476663406,64844,476728250,10,0,0,2048,10,3806201779
6738,476697620,96000,476793620,4,0,0,13824,4,3875152801
6739,476710517,350101,477060618,14,0,0,81920,14,8231574105
6740,476745925,32299,476778224,8,0,1,52736,8,6643639626
6741,476754783,219161,476973944,18,0,0,2048,18,2464260163
6742,476803278,125028,476928306,19,0,0,83456,19,2355708224
6743,476823091,45596,476868687,13,0,0,1024,13,7808762133
6744,476827966,142910,476970876,4,0,0,15360,4,6323719009
6745,476830059,254309,477084368,11,0,0,64000,11,6572814477
6746,476884992,254155,477139147,6,0,0,28672,6,8278464526
6747,476898188,30133,476928321,0,0,1,7680,0,3244459253
6748,476934289,235293,477169582,10,0,0,99840,10,9736468879
6749,476951714,113131,477064845,14,0,0,13824,14,2360094279
6750,476954093,220496,477174589,12,0,0,16384,12,8951171280
6751,477019373,249336,477268709,15,0,0,28672,15,6955222878
6752,477059568,28657,477088225,9,0,1,4096,9,8755556663
6753,477070410,161673,477232083,6,0,0,13312,6,6192267893
6754,477082355,107691,477190046,18,0,0,38400,18,6428407867
6755,477095479,2470,477097949,4,0,1,2560,4,7637559173
6756,477096140,163818,477259958,18,0,0,32768,18,9649016298
6757,477175960,128261,477304221,4,0,0,27136,4,6301919796
6758,477222770,2470,477225240,16,0,1,2560,16,9801916337
6759,477246541,128593,477375134,1,0,0,36352,1,592228507
6760,477321945,105872,477427817,1,0,0,47616,1,3392575670
6761,477401174,47288,477448462,13,0,0,1536,13,8141956129
6762,477486670,121784,477608454,5,0,0,99840,5,8329417445
6763,477611111,85779,477696890,9,0,0,17920,9,8570089253
6764,477619503,71912,477691415,7,0,0,11776,7,4694103800
6765,477622058,97049,477719107,15,0,0,9216,15,6663854109
6766,477655660,108805,477764465,12,0,0,23552,12,702581633
6767,477662035,216904,477878939,15,0,0,90624,15,7388267356
6768,477668618,3898,477672516,0,0,1,4096,0,2752098592
6769,477697134,200696,477897830,2,0,0,61952,2,8805725774
6770,477717932,181161,477899093,19,0,0,4096,19,10126003887
6771,477746041,153556,477899597,11,0,0,1024,11,9220810387
6772,477747295,270193,478017488,16,0,0,39424,16,2230309906
6773,477818589,139511,477958100,6,0,0,4608,6,5928246066
6774,477830734,109460,477940194,5,0,0,59392,5,1089109985
6775,477887983,68698,477956681,12,0,0,5120,12,2997411766
6776,477910233,127815,478038048,4,0,0,39424,4,6624211031
6777,477930981,68469,477999450,13,0,0,4608,13,1652571884
6778,477950037,88650,478038687,1,0,0,2048,1,5961146605
6779,477958173,47288,478005461,3,0,0,1536,3,5029702098
6780,477959494,119197,478078691,8,0,0,18944,8,10661764277
6781,477998838,108947,478107785,1,0,0,28672,1,813959383
6782,478162941,99944,478262885,14,0,0,28160,14,2637660977
6783,478183926,566,478184492,9,0,1,512,9,2926960303
6784,478206366,60068,478266434,18,0,0,8192,18,6561413751
6785,478293310,86712,478380022,13,0,1,145408,13,1632492148
6786,478314467,207689,478522156,19,0,0,61440,19,44168259
6787,478317630,63698,478381328,15,0,1,2048,15,235428471
6788,478318297,146276,478464573,5,0,0,3584,5,1747601888
6789,478352965,173886,478526851,4,0,0,15360,4,4948519736
6790,478353519,30075,478383594,1,0,1,3584,1,6552679673
6791,478393585,139365,478532950,16,0,0,19968,16,3006884530
6792,478419026,243764,478662790,2,0,0,25600,2,9973821740
6793,478448491,171481,478619972,15,0,0,54272,15,6593541749
6794,478470801,119899,478590700,16,0,0,22016,16,2692135501
6795,478482279,147449,478629728,7,0,0,23552,7,384356843
6796,478564590,2470,478567060,16,0,1,2560,16,1890139263
6797,478575958,2946,478578904,16,0,1,3072,16,6060923573
6798,478596196,133362,478729558,5,0,0,19968,5,7562875320
6799,478614194,104913,478719107,11,0,0,20480,11,9621006098
6800,478683443,83619,478767062,11,0,0,2560,11,4290650789
6801,478694059,1994,478696053,13,0,1,2048,13,2114909114
6802,478723366,6207,478729573,14,0,1,3584,14,7630404736
6803,478783478,104780,478888258,2,0,0,44032,2,5579291375
6804,478810041,158887,478968928,19,0,0,75776,19,10658401546
6805,478835741,86333,478922074,15,0,0,1536,15,9652847070
6806,478860270,12308,478872578,1,0,1,20480,1,8024263031
6807,478921288,152155,479073443,3,0,0,103936,3,5114177106
6808,478926712,148158,479074870,14,0,0,4608,14,5678119283
6809,478929568,2946,478932514,11,0,1,3072,11,5833729151
6810,478943179,151677,479094856,2,0,0,40960,2,7642480811
6811,478944815,136154,479080969,10,0,0,19968,10,9842324514
6812,478954986,160428,479115414,18,0,0,27648,18,9325168733
6813,478962245,133094,479095339,6,0,0,1536,6,999572207
6814,478978687,163137,479141824,7,0,0,33792,7,10357103026
6815,478981432,12825,478994257,9,0,1,21504,9,1680591236
6816,478995139,4850,478999989,4,0,1,5120,4,10192152418
6817,479046129,320316,479366445,9,0,0,51200,9,1323063635
6818,479088230,13347,479101577,7,0,1,15360,7,10480028128
6819,479088837,120226,479209063,18,0,0,50688,18,6300113130
6820,479120573,107384,479227957,10,0,0,10752,10,8687249102
6821,479120669,148702,479269371,6,0,0,26112,6,1216719268
6822,479157571,113687,479271258,19,0,0,6144,19,1807298146
6823,479160030,139857,479299887,7,0,0,15360,7,8646272678
6824,479188473,92186,479280659,12,0,0,13824,12,3195348269
6825,479273507,98881,479372388,2,0,0,19456,2,2845707719
6826,479274851,107692,479382543,8,0,0,33280,8,784857125
6827,479335020,104899,479439919,18,0,0,12800,18,9904025258
6828,479341821,1042,479342863,4,0,1,1024,4,795852991
6829,479367571,119276,479486847,6,0,0,42496,6,5598210583
6830,479420744,70582,479491326,4,0,0,1536,4,6381817758
6831,479440616,79172,479519788,2,0,0,20480,2,2646047211
6832,479501296,85448,479586744,15,0,0,15872,15,6922404119
6833,479511757,104487,479616244,4,0,0,37376,4,5175482961
6834,479514822,102841,479617663,12,0,0,4608,12,7773848698
6835,479596598,150508,479747106,19,0,0,96256,19,6769235195
6836,479600259,1518,479601777,9,0,1,1536,9,4650657595
6837,479601838,157034,479758872,10,0,0,10752,10,3135974927
6838,479619571,5802,479625373,5,0,1,6144,5,5285571120
6839,479619970,128087,479748057,6,0,0,3072,6,9765624386
6840,479651884,154704,479806588,2,0,0,47616,2,6287962289
6841,479654744,1042,479655786,1,0,1,1024,1,4433303890
6842,479661546,190294,479851840,12,0,0,34816,12,7251016146
6843,479684613,65083,479749696,8,0,0,2048,8,8422014380
6844,479772683,7706,479780389,13,0,1,8192,13,7603223076
6845,479801690,178254,479979944,8,0,0,27648,8,6421684778
6846,479803200,61726,479864926,11,0,0,1024,11,1165140966
6847,479840177,11686,479851863,9,0,1,4096,9,8098997552
6848,479841166,83958,479925124,19,0,0,11264,19,9141855672
6849,479890663,101192,479991855,17,0,0,32256,17,5491950913
6850,479936786,1042,479937828,16,0,1,1024,16,9654472360
6851,480040572,81596,480122168,11,0,0,13312,11,9259726373
6852,480099745,83624,480183369,10,0,0,19968,10,4490310126
6853,480106949,152098,480259047,10,0,0,35328,10,202425278
6854,480142705,79460,480222165,2,0,0,16384,2,8653504391
6855,480204330,151641,480355971,3,0,0,53760,3,2337874973
6856,480244006,48980,480292986,15,0,0,2048,15,10381279867
6857,480279448,4679,480284127,12,0,1,12288,12,5765947179
6858,480331225,72518,480403743,13,0,0,6656,13,9846408300
6859,480331428,127083,480458511,14,0,0,25088,14,10638108761
6860,480332929,97784,480430713,2,0,0,26112,2,701520545
6861,480357149,84668,480441817,0,0,0,13312,0,6275794404
6862,480382114,96350,480478464,3,0,0,6656,3,7983553155
6863,480430255,64609,480494864,4,0,0,1536,4,9709011796
6864,480432520,99164,480531684,5,0,0,25600,5,6784609525
6865,480452089,155585,480607674,10,0,0,41984,10,3901387486
6866,480540354,1042,480541396,13,0,1,1024,13,7855322531
6867,480548970,126072,480675042,5,0,0,13824,5,9239099654
6868,480554006,55748,480609754,18,0,0,4096,18,5466742964
6869,480606852,98730,480705582,5,0,0,21504,5,3899471287
6870,480645738,100983,480746721,6,0,0,7168,6,3506702263
6871,480655094,209875,480864969,2,0,0,26624,2,7679588967
6872,480678586,100625,480779211,16,0,0,16896,16,7550990722
6873,480682207,43904,480726111,11,0,0,512,11,416416357
6874,480692977,142100,480835077,1,0,0,39424,1,976059940
6875,480703448,141472,480844920,19,0,0,32256,19,3492630080
6876,480722376,126927,480849303,4,0,0,14336,4,5113996251
6877,480729117,57596,480786713,4,0,0,5120,4,2675409630
6878,480808731,94179,480902910,1,0,0,23552,1,1789815587
6879,480818902,100550,480919452,12,0,0,6144,12,1156312895
6880,480867533,52870,480920403,10,0,0,3072,10,9525350673
6881,480935222,1994,480937216,5,0,1,2048,5,2526520695
6882,480959667,78992,481038659,5,0,0,14848,5,8724116884
6883,480965710,7230,480972940,18,0,1,7680,18,5015892872
6884,480977327,72536,481049863,16,0,0,13824,16,7643065427
6885,481072897,54056,481126953,6,0,0,3584,6,900304434
6886,481075193,99944,481175137,5,0,0,28160,5,6132073352
6887,481128273,54056,481182329,6,0,0,3584,6,6886459157
6888,481166165,76232,481242397,15,0,0,15872,15,4539652843
6889,481191084,43904,481234988,4,0,0,512,4,1948142782
6890,481192509,71374,481263883,8,0,0,4608,8,2403706133
6891,481196740,3898,481200638,2,0,1,4096,2,3324095657
6892,481210408,3128,481213536,18,0,1,9216,18,8441157199
6893,481238635,110094,481348729,14,0,0,49152,14,6354786796
6894,481242835,151836,481394671,17,0,0,12288,17,3884011552
6895,481298191,81679,481379870,8,0,0,7680,8,9872077803
6896,481303478,5326,481308804,19,0,1,5632,19,5998648262
6897,481408504,70976,481479480,14,0,0,8704,14,8804572996
6898,481427412,94064,481521476,10,0,0,18944,10,9263305566
6899,481447218,99476,481546694,16,0,0,26624,16,3943921036
6900,481453191,68456,481521647,6,0,0,512,6,7656238050
6901,481476139,126325,481602464,14,0,0,22016,14,6608454532
6902,481479843,90761,481570604,9,0,0,8192,9,10395299729
6903,481490579,57534,481548113,4,0,0,4608,4,3418143982
6904,481532977,48980,481581957,15,0,0,2048,15,7958842229
6905,481562555,67592,481630147,18,0,0,7680,18,6796855853
6906,481597951,58561,481656512,14,0,0,3584,14,1656191220
6907,481598844,6583,481605427,0,0,1,3072,0,1859265113
6908,481626904,68062,481694966,11,0,0,7680,11,5622128115
6909,481633506,3898,481637404,0,0,1,4096,0,7692772341
6910,481677801,123683,481801484,8,0,1,200704,8,4709049652
6911,481710366,304110,482014476,11,0,0,41984,11,2295303379
6912,481768673,172165,481940838,19,0,0,3072,19,929223568
6913,481779137,23973,481803110,16,0,1,2560,16,2419349690
6914,481787009,264429,482051438,10,0,0,22016,10,2852928096
6915,481802606,65934,481868540,3,0,0,7168,3,8035248407
6916,481832090,116175,481948265,2,0,0,10240,2,8359045403
6917,481834253,390231,482224484,7,0,0,34304,7,4525089117
6918,481868905,6488,481875393,4,0,1,15872,4,8230427748
6919,481890995,183062,482074057,16,0,0,12288,16,2335546573
6920,481901678,215471,482117149,16,0,0,23040,16,4317216245
6921,481925457,184649,482110106,7,0,0,53248,7,787791653
6922,481938046,300649,482238695,13,0,0,46592,13,925003782
6923,481949944,5196,481955140,5,0,1,13312,5,10680831040
6924,481950217,10586,481960803,9,0,1,7168,9,943655388
6925,481970826,203594,482174420,7,0,0,36352,7,8646082908
6926,482005186,88112,482093298,19,0,0,7168,19,3527710983
6927,482055749,11016,482066765,0,0,1,17920,0,2902312591
6928,482098815,22667,482121482,1,0,1,4608,1,4072487016
6929,482151013,204186,482355199,18,0,0,47104,18,6864520245
6930,482165068,12231,482177299,13,0,1,8704,13,7682886330
6931,482173669,70148,482243817,8,0,0,3584,8,2993085922
6932,482205636,5802,482211438,11,0,1,6144,11,4279097511
6933,482227383,134383,482361766,5,0,0,21504,5,9092417361
6934,482251065,212259,482463324,16,0,0,70656,16,9316777333
6935,482285244,156529,482441773,16,0,0,27648,16,6485549705
6936,482322414,1042,482323456,0,0,1,1024,0,5437358122
6937,482331183,168160,482499343,19,0,0,13824,19,9591121566
6938,482369874,160945,482530819,3,0,0,11264,3,6285267612
6939,482383579,5196,482388775,16,0,1,13312,16,3713405223
6940,482415978,176161,482592139,1,0,0,51200,1,9434550667
6941,482419184,174062,482593246,9,0,0,3584,9,3726784814
6942,482435425,223056,482658481,16,0,0,40960,16,8900260731
6943,482492934,115166,482608100,14,0,0,9728,14,334611417
6944,482496807,102319,482599126,14,0,0,13312,14,2374786115
6945,482550981,125875,482676856,7,0,0,40448,7,9840335419
6946,482565853,62516,482628369,2,0,0,6144,2,7064612080
6947,482592059,67233,482659292,11,0,0,2560,11,3717751283
6948,482605160,220125,482825285,12,0,0,11264,12,2200278872
6949,482609392,4850,482614242,4,0,1,5120,4,6334304509
6950,482611709,11016,482622725,19,0,1,17920,19,1787579497
6951,482622953,137254,482760207,19,0,0,7168,19,4570798202
6952,482651197,161103,482812300,8,0,0,33792,8,1634203965
6953,482653782,123809,482777591,11,0,0,2048,11,4314920725
6954,482665894,92106,482758000,18,0,0,16896,18,3254043700
6955,482715012,125681,482840693,4,0,0,21504,4,1075029225
6956,482754684,146435,482901119,2,0,0,27136,2,7673600688
6957,482758481,5105,482763586,2,0,1,9728,2,7110668441
6958,482802173,124943,482927116,6,0,0,4608,6,10611268220
6959,482851896,14287,482866183,17,0,1,27648,17,5871798525
6960,482855932,15743,482871675,16,0,1,17920,16,3517840923
6961,482874232,6278,482880510,16,0,1,6656,16,782928336
6962,482891507,252898,483144405,1,0,0,40960,1,393817069
6963,482933064,249979,483183043,6,0,0,87040,6,9444745992
6964,482948695,2946,482951641,19,0,1,3072,19,6665674668
6965,482981317,166691,483148008,19,0,0,11776,19,5197774824
6966,482990814,165694,483156508,2,0,0,19456,2,10575830427
6967,483059487,141510,483200997,9,0,0,7680,9,2640463586
6968,483092903,101855,483194758,13,0,0,12800,13,881205171
6969,483152952,105720,483258672,17,0,0,7168,17,10018139424
6970,483165769,29616,483195385,4,0,1,20480,4,9456843475
6971,483179281,77192,483256473,16,0,0,11264,16,8780087406
6972,483234672,62217,483296889,19,0,0,512,19,1372817073
6973,483247754,2946,483250700,1,0,1,3072,1,5456306374
6974,483260810,146410,483407220,7,0,0,4096,7,6137807350
6975,483281879,180417,483462296,17,0,0,23552,17,3069052898
6976,483289477,116480,483405957,6,0,0,82432,6,10208727325
6977,483290160,2870,483293030,5,0,1,8704,5,7435193181
6978,483362400,70749,483433149,12,0,0,3072,12,4534623813
6979,483401915,6356,483408271,16,0,1,1024,16,5953652335
6980,483407124,2133,483409257,19,0,1,1536,19,7663283067
6981,483410313,74669,483484982,10,0,0,6144,10,6989468118
6982,483457735,114132,483571867,5,0,0,47616,5,10336428675
6983,483484740,87142,483571882,8,0,1,129024,8,6654536019
6984,483502540,216253,483718793,4,0,0,19968,4,9605450465
6985,483509951,202735,483712686,17,0,0,57344,17,9555003985
6986,483520573,103616,483624189,1,0,0,27648,1,1282056686
6987,483522426,172765,483695191,15,0,0,61952,15,7659436675
6988,483566664,154796,483721460,12,0,0,8704,12,7821098358
6989,483576515,357670,483934185,13,0,0,39936,13,7964641696
6990,483594344,41649,483635993,8,0,1,67584,8,8846966457
6991,483650978,90888,483741866,4,0,0,6144,4,1930016070
6992,483659831,155707,483815538,4,0,0,25600,4,3982203232
6993,483678847,243155,483922002,10,0,0,5120,10,7233504658
6994,483693784,30581,483724365,2,0,1,3072,2,1320851079
6995,483727446,189378,483916824,7,0,0,130048,7,1926294555
6996,483773367,171382,483944749,14,0,0,1536,14,9082159063
6997,483784877,232370,484017247,2,0,0,2048,2,1509056299
6998,483798965,207576,484006541,5,0,0,16896,5,5942868691
6999,483809636,110791,483920427,2,0,0,11776,2,5122169834
7000,483815062,129204,483944266,3,0,0,10752,3,2287820177
7001,483944194,132925,484077119,13,0,0,25600,13,5188128715
7002,483985161,195816,484180977,8,0,0,28672,8,4654340905
7003,484028311,131818,484160129,11,0,0,65024,11,1544060102
7004,484059889,210208,484270097,8,0,0,15360,8,4690016982
7005,484063392,22174,484085566,2,0,1,36352,2,5101604672
7006,484063661,156609,484220270,12,0,0,18944,12,8107687607
7007,484075522,138961,484214483,8,0,0,20480,8,7204057055
7008,484077273,325389,484402662,1,0,0,23552,1,964665741
7009,484128987,126438,484255425,15,0,0,3584,15,2646797015
7010,484182247,4850,484187097,14,0,1,5120,14,195862895
7011,484185055,2708,484187763,2,0,1,1024,2,3166930751
7012,484200431,116054,484316485,8,0,1,192512,8,4299297224
7013,484220117,127723,484347840,5,0,0,1024,5,3054552826
7014,484255188,229416,484484604,5,0,0,4608,5,6097176400
7015,484303143,19755,484322898,16,0,1,22528,16,2858691475
7016,484329462,387706,484717168,9,0,0,11264,9,5388508225
7017,484357548,125629,484483177,19,0,0,43520,19,7142184171
7018,484365651,194992,484560643,13,0,0,14336,13,55560213
7019,484373588,473390,484846978,6,0,0,14848,6,9511711811
7020,484443497,213398,484656895,2,0,0,133632,2,4625328309
7021,484448061,138082,484586143,11,0,0,47616,11,298627606
7022,484455285,4374,484459659,14,0,1,4608,14,10094641438
7023,484475903,337178,484813081,16,0,0,7680,16,1687461934
7024,484480207,233514,484713721,1,0,0,92160,1,10487821561
7025,484512786,210341,484723127,17,0,0,19456,17,8559484756
7026,484545695,225440,484771135,1,0,0,12288,1,987338522
7027,484556571,186448,484743019,3,0,0,10752,3,1832788004
7028,484606155,2870,484609025,14,0,1,8704,14,4961140324
7029,484607029,404118,485011147,17,0,0,16384,17,8260886040
7030,484611198,392041,485003239,8,0,0,131584,8,7465178753
7031,484619308,295434,484914742,6,0,0,50688,6,10381016783
7032,484656772,94558,484751330,12,0,0,1536,12,9259226576
7033,484706016,74128,484780144,15,0,0,7680,15,3117015708
7034,484709248,15857,484725105,19,0,1,2048,19,8233399196
7035,484714355,149774,484864129,2,0,0,18944,2,4725219095
7036,484723329,154906,484878235,16,0,0,15872,16,6871855256
7037,484742919,156364,484899283,3,0,0,25088,3,10137556699
7038,484780123,93261,484873384,17,0,0,4608,17,9554125398
7039,484842761,5727,484848488,1,0,1,1536,1,359038848
7040,484888036,193007,485081043,8,0,1,312320,8,4609672574
7041,484911196,322096,485233292,6,0,0,30208,6,6764655396
7042,484992135,208805,485200940,14,0,0,9728,14,4731167375
7043,485032909,52640,485085549,18,0,1,7168,18,1308970822
7044,485033002,322436,485355438,15,0,0,43520,15,1063331940
7045,485042762,130446,485173208,9,0,0,6656,9,10010094564
7046,485051134,212231,485263365,19,0,0,11776,19,4179910087
7047,485080923,175658,485256581,11,0,0,2560,11,7043052209
7048,485128938,13858,485142796,19,0,1,23552,19,370852648
7049,485163876,174374,485338250,3,0,0,18432,3,1569419998
7050,485177957,11016,485188973,8,0,1,17920,8,138072883
7051,485223231,47288,485270519,14,0,0,1536,14,5520546313
7052,485302355,244603,485546958,1,0,0,54272,1,9430325013
7053,485326951,11322,485338273,4,0,1,6656,4,6907591225
7054,485332832,6928,485339760,1,0,1,1536,1,2304783722
7055,485339246,216406,485555652,5,0,0,19968,5,5215000848
7056,485341951,13510,485355461,5,0,1,4608,5,6938987345
7057,485345416,96218,485441634,11,0,0,13312,11,4640028226
7058,485362672,60428,485423100,17,0,0,5120,17,5420200145
7059,485390978,90442,485481420,14,0,0,6656,14,6615016585
7060,485442502,4374,485446876,1,0,1,4608,1,2958234424
7061,485455819,566,485456385,3,0,1,512,3,4882717725
7062,485477674,157940,485635614,11,0,0,45568,11,8655169333
7063,485507539,182375,485689914,2,0,0,62464,2,4719507519
7064,485555195,184429,485739624,11,0,0,43008,11,9577566976
7065,485578357,179252,485757609,3,0,0,1536,3,4365854035
7066,485579872,234343,485814215,12,0,0,11776,12,4412368411
7067,485580508,176618,485757126,11,0,0,33792,11,842298298
7068,485599280,93309,485692589,11,0,0,8704,11,10297867681
7069,485628427,148596,485777023,17,0,0,27136,17,3134090231
7070,485646329,96898,485743227,19,0,0,11776,19,3058832408
7071,485664726,3898,485668624,0,0,1,4096,0,221400690
7072,485683669,119495,485803164,10,0,0,17408,10,9990218445
7073,485780570,23466,485804036,8,0,1,38912,8,5198576467
7074,485810308,3922,485814230,19,0,1,10240,19,5616244253
7075,485871515,167207,486038722,12,0,0,10752,12,4179800406
7076,485891774,71156,485962930,5,0,0,14336,5,9595507152
7077,485900182,566,485900748,15,0,1,512,15,9289165592
7078,485913912,67171,485981083,17,0,0,512,17,964692454
7079,485935984,1518,485937502,9,0,1,1536,9,4502770294
7080,485965949,77936,486043885,15,0,0,16896,15,3197392560
7081,485992492,4162,485996654,16,0,1,11264,16,6211001731
7082,485997560,106184,486103744,7,0,0,48640,7,3094076230
7083,486006396,14029,486020425,18,0,1,27136,18,1417556930
7084,486018002,89345,486107347,13,0,0,11776,13,6067138212
7085,486021830,115700,486137530,16,0,0,11776,16,1417246278
7086,486151708,85316,486237024,4,0,0,20480,4,3623342471
7087,486161634,107900,486269534,18,0,0,54272,18,6052076788
7088,486169247,118177,486287424,8,0,0,24576,8,8972412788
7089,486176526,113580,486290106,9,0,0,4608,9,2873173772
7090,486197445,91242,486288687,12,0,0,4096,12,4029808071
7091,486228243,79535,486307778,7,0,0,6144,7,7612760920
7092,486272728,57184,486329912,16,0,0,2048,16,572309071
7093,486323170,81982,486405152,5,0,0,14848,5,5455167924
7094,486415755,124436,486540191,14,0,0,108544,14,1828423499
7095,486418883,4850,486423733,1,0,1,5120,1,4899683147
7096,486434456,111062,486545518,4,0,0,17408,4,9685437902
7097,486444950,141855,486586805,17,0,0,18432,17,5268197295
7098,486477584,166359,486643943,18,0,0,43520,18,10502215128
7099,486479850,180245,486660095,16,0,0,15872,16,6504199965
7100,486490972,96004,486586976,1,0,0,512,1,6698014143
7101,486517475,176706,486694181,12,0,0,5632,12,939012149
7102,486544355,66672,486611027,2,0,0,1024,2,5292813265
7103,486605739,82400,486688139,14,0,0,20992,14,9086147497
7104,486616493,5454,486621947,19,0,1,13824,19,3843634942
7105,486617831,50014,486667845,19,0,0,1024,19,723930195
7106,486623115,68960,486692075,9,0,0,7680,9,229675645
7107,486663925,73510,486737435,12,0,0,4096,12,8455141641
7108,486705544,1518,486707062,14,0,1,1536,14,6395390610
7109,486726047,113931,486839978,14,0,0,68096,14,1030996635
7110,486740531,128883,486869414,17,0,0,23552,17,10103305417
7111,486747680,94965,486842645,9,0,0,8704,9,9378207875
7112,486760454,252540,487012994,5,0,0,33792,5,10469604659
7113,486772461,147284,486919745,10,0,0,7680,10,5131869399
7114,486777086,2946,486780032,19,0,1,3072,19,1828202336
7115,486812877,5326,486818203,13,0,1,5632,13,996281551
7116,486837720,161008,486998728,3,0,0,32768,3,8422206243
7117,486841798,8570,486850368,5,0,1,8192,5,3086326634
7118,486858297,88520,486946817,4,0,0,15872,4,4568431011
7119,486916451,187695,487104146,17,0,0,33280,17,8790442075
7120,486921633,189293,487110926,14,0,0,5120,14,2976171112
7121,486986088,70976,487057064,13,0,0,8704,13,7647527084
7122,487010899,75067,487085966,4,0,0,10240,4,4152200732
7123,487086635,220087,487306722,9,0,0,55296,9,2050905702
7124,487091842,111956,487203798,5,0,0,67584,5,6432058393
7125,487132635,5802,487138437,9,0,1,6144,9,10106147293
7126,487181176,90830,487272006,6,0,0,22016,6,642483782
7127,487211047,6229,487217276,9,0,1,15360,9,2486067140
7128,487277580,236784,487514364,2,0,0,6144,2,2580404158
7129,487284011,5326,487289337,16,0,1,5632,16,6099805632
7130,487292449,288448,487580897,7,0,0,34304,7,2900405001
7131,487310615,47288,487357903,12,0,0,1536,12,5815362678
7132,487377165,160893,487538058,12,0,0,7168,12,5873327325
7133,487389724,64208,487453932,19,0,0,6656,19,6464612552
7134,487390425,4850,487395275,19,0,1,5120,19,4851489714
7135,487405690,264859,487670549,11,0,0,8704,11,1100407351
7136,487414227,90680,487504907,18,0,0,17920,18,8006134293
7137,487434403,5802,487440205,4,0,1,6144,4,725121290
7138,487435176,12681,487447857,5,0,1,18944,5,1403645803
7139,487441331,249366,487690697,19,0,0,14336,19,9882968843
7140,487498636,146203,487644839,13,0,0,36352,13,8306251829
7141,487516763,247013,487763776,2,0,0,83968,2,3953659790
7142,487518300,3904,487522204,3,0,1,10752,3,8193188695
7143,487527948,131407,487659355,9,0,0,16896,9,10354781592
7144,487536816,201361,487738177,5,0,0,47616,5,1151871351
7145,487584224,186983,487771207,18,0,0,8704,18,4572432668
7146,487641122,212547,487853669,17,0,0,50688,17,5305161062
7147,487648228,1518,487649746,15,0,1,1536,15,578027252
7148,487648753,59132,487707885,0,0,0,5120,0,3609294411
7149,487666884,207236,487874120,14,0,0,67072,14,1445023340
7150,487690434,233312,487923746,3,0,0,28672,3,131563161
7151,487697123,178276,487875399,19,0,0,4096,19,2944774534
7152,487740194,142552,487882746,8,0,0,24064,8,4708004863
7153,487754499,16723,487771222,0,0,1,14336,0,8427040803
7154,487758500,256914,488015414,16,0,0,46080,16,1270666273
7155,487807979,107016,487914995,10,0,0,18944,10,9571963226
7156,487816008,114149,487930157,7,0,0,20992,7,539203365
7157,487829371,7230,487836601,16,0,1,7680,16,1550597136
7158,487847585,153774,488001359,17,0,0,12800,17,5393417852
7159,487851985,166252,488018237,10,0,0,9216,10,2009472640
7160,487861736,110047,487971783,18,0,0,2048,18,5806650076
7161,487874456,12205,487886661,0,0,1,4096,0,912397852
7162,487894468,76676,487971144,13,0,0,12288,13,10532528055
7163,487922527,13851,487936378,4,0,1,15360,4,3234216972
7164,487942435,137746,488080181,9,0,0,43520,9,4790371128
7165,487955368,3904,487959272,6,0,1,10752,6,7523466096
7166,487984578,132347,488116925,4,0,0,17920,4,9816202070
7167,487989077,116994,488106071,11,0,0,5632,11,2332888607
7168,487993042,206887,488199929,1,0,0,129024,1,8710413315
7169,488004429,279458,488283887,9,0,0,28160,9,10450378054
7170,488010759,201688,488212447,13,0,0,39936,13,5031331233
7171,488026894,190951,488217845,18,0,0,4096,18,7216117101
7172,488032891,6754,488039645,13,0,1,7168,13,3506167063
7173,488037985,7230,488045215,19,0,1,7680,19,6756848507
7174,488091306,108950,488200256,9,0,0,1024,9,3355617037
7175,488101705,203807,488305512,10,0,0,26624,10,6312577455
7176,488124168,143775,488267943,17,0,0,32256,17,6269553021
7177,488138647,4374,488143021,19,0,1,4608,19,851931758
7178,488142565,5454,488148019,2,0,1,13824,2,2722695922
7179,488154805,103295,488258100,1,0,0,37376,1,817747133
7180,488171588,223516,488395104,13,0,0,20992,13,10437659547
7181,488234392,313620,488548012,2,0,0,18944,2,4434752607
7182,488259038,116644,488375682,18,0,0,29696,18,1015828713
7183,488311549,168273,488479822,17,0,0,28160,17,2930027867
7184,488323495,109307,488432802,8,0,0,27648,8,4615522742
7185,488334317,115646,488449963,12,0,0,1024,12,9275443162
7186,488336393,1518,488337911,11,0,1,1536,11,1626598345
7187,488375994,127834,488503828,3,0,0,30208,3,4623020580
7188,488391504,58132,488449636,8,0,0,3584,8,4839776229
7189,488421887,10930,488432817,0,0,1,6144,0,9733894538
7190,488447093,62370,488509463,16,0,0,1024,16,9548484486
7191,488471291,9607,488480898,4,0,1,1024,4,3011076308
7192,488472723,118912,488591635,8,0,0,48128,8,7092517296
7193,488477443,9955,488487398,12,0,1,7680,12,2973215971
7194,488480005,138076,488618081,15,0,0,31744,15,4970164484
7195,488501005,3857,488504862,16,0,1,1024,16,535392753
7196,488540188,64512,488604700,3,0,0,6144,3,2644873327
7197,488607099,10997,488618096,0,0,1,6144,0,8319511864
7198,488668126,100256,488768382,5,0,0,29184,5,10535010011
7199,488739450,59132,488798582,9,0,0,5120,9,8113841227
7200,488766235,116287,488882522,7,0,0,6144,7,2778546515
7201,488791361,73197,488864558,11,0,0,7680,11,9859489084
7202,488799977,69440,488869417,8,0,0,8704,8,6796035612
7203,488883812,96980,488980792,16,0,0,18432,16,5909027451
7204,488894936,98390,488993326,14,0,0,15360,14,8959399075
7205,488899936,122466,489022402,16,0,0,7680,16,7600837467
7206,488904962,191522,489096484,18,0,0,125952,18,5664532539
7207,488926991,291488,489218479,1,0,0,9216,1,299174545
7208,488936185,188271,489124456,18,0,0,49152,18,6663200215
7209,488939670,4937,488944607,5,0,1,12800,5,8168492967
7210,488946226,247723,489193949,12,0,0,18944,12,7839486399
7211,488950126,265522,489215648,16,0,0,71168,16,9200200759
7212,488956242,187573,489143815,13,0,0,63488,13,6779084377
7213,488959542,6278,488965820,13,0,1,6656,13,4467765883
7214,488984512,162922,489147434,18,0,0,11776,18,432779716
7215,489016423,212524,489228947,12,0,0,6656,12,2288773075
7216,489068972,32958,489101930,5,0,1,13824,5,5515435332
7217,489124948,165240,489290188,5,0,0,14336,5,42240080
7218,489134315,85131,489219446,16,0,0,3072,16,4192975247
7219,489191732,33009,489224741,13,0,1,6656,13,7592413184
7220,489212046,159951,489371997,5,0,0,5632,5,10732089729
7221,489218351,7696,489226047,1,0,1,2048,1,3514493395
7222,489219591,159422,489379013,2,0,0,14848,2,5746545316
7223,489229136,66056,489295192,18,0,0,7680,18,7674160796
7224,489238807,87519,489326326,16,0,0,15872,16,10004662598
7225,489245316,52612,489297928,15,0,0,1536,15,6177143982
7226,489252936,2470,489255406,4,0,1,2560,4,3187943113
7227,489311573,130792,489442365,10,0,0,75264,10,1846652703
7228,489327297,1042,489328339,14,0,1,1024,14,4478468688
7229,489353868,142846,489496714,13,0,0,3072,13,9300201815
7230,489359526,566,489360092,13,0,1,512,13,6053364183
7231,489373322,113480,489486802,15,0,0,33280,15,8241202951
7232,489389898,78046,489467944,19,0,0,512,19,9621099858
7233,489441684,88840,489530524,14,0,0,14336,14,6500347412
7234,489605684,6229,489611913,0,0,1,15360,0,7015882706
7235,489617755,64208,489681963,17,0,0,6656,17,2674866496
7236,489626706,81739,489708445,15,0,0,10752,15,3292660849
7237,489691691,80726,489772417,14,0,0,11776,14,7615524219
7238,489719967,2870,489722837,18,0,1,8704,18,3661593114
7239,489724133,136887,489861020,13,0,0,92672,13,409278902
7240,489756080,108402,489864482,8,0,0,9728,8,8491790769
7241,489786972,74531,489861503,1,0,0,1536,1,79892809
7242,489816328,81128,489897456,15,0,0,11776,15,723801603
7243,489866311,99476,489965787,18,0,0,26624,18,447348152
7244,489879834,137133,490016967,13,0,0,33280,13,1168185517
7245,489930538,89728,490020266,15,0,0,10752,15,82257045
7246,489969912,86696,490056608,14,0,0,19968,14,958489319
7247,489991070,1994,489993064,4,0,1,2048,4,6731967514
7248,489997150,216135,490213285,7,0,0,76800,7,9770173687
7249,490007167,213564,490220731,15,0,0,19456,15,4998572859
7250,490014234,106424,490120658,16,0,0,12288,16,5802888566
7251,490025907,130487,490156394,4,0,0,15872,4,2675922809
7252,490042083,137309,490179392,1,0,0,17408,1,9218423547
7253,490043319,186475,490229794,3,0,0,29696,3,7084278495
7254,490083161,170877,490254038,3,0,0,9216,3,9243252500
7255,490169206,3422,490172628,19,0,1,3584,19,9614474117
7256,490213064,82145,490295209,4,0,0,19456,4,4998202062
7257,490233750,115537,490349287,3,0,0,14336,3,8700536448
7258,490253819,68864,490322683,15,0,0,7680,15,1296635069
7259,490297628,3898,490301526,4,0,1,4096,4,4854829921
7260,490391101,67772,490458873,14,0,0,13312,14,6468773041
7261,490461505,112268,490573773,2,0,0,68608,2,9295339121
7262,490466247,144042,490610289,17,0,0,27136,17,2102917523
7263,490484037,1994,490486031,14,0,1,2048,14,5871978648
7264,490491783,197658,490689441,6,0,0,22528,6,4476380811
7265,490520988,148605,490669593,12,0,0,5120,12,6086179851
7266,490528370,125377,490653747,8,0,0,39936,8,4180938501
7267,490537534,4850,490542384,14,0,1,5120,14,6248597721
7268,490555181,163948,490719129,4,0,0,21504,4,6042934035
7269,490559208,139149,490698357,0,0,0,13824,0,947935076
7270,490590167,103654,490693821,8,0,0,6656,8,4653675415
7271,490617583,43904,490661487,5,0,0,512,5,10411449278
7272,490639395,14367,490653762,0,0,1,7168,0,8392445577
7273,490823192,1518,490824710,19,0,1,1536,19,7726373085
7274,490838686,59132,490897818,7,0,0,5120,7,9765362180
7275,490846302,56724,490903026,4,0,0,2048,4,3243819538
7276,490857355,55541,490912896,14,0,0,3072,14,2618322847
7277,490894578,70976,490965554,15,0,0,8704,15,6950323780
7278,490901476,3422,490904898,3,0,1,3584,3,8315475005
7279,490936921,5454,490942375,5,0,1,13824,5,1485498388
7280,490956315,69620,491025935,14,0,0,14336,14,9267055983
7281,490969959,126734,491096693,3,0,0,28672,3,527543116
7282,491173633,92240,491265873,12,0,0,23040,12,1497081327
7283,491177109,5802,491182911,2,0,1,6144,2,4579132983
7284,491222584,79170,491301754,14,0,0,16384,14,1630615217
7285,491232613,3904,491236517,18,0,1,10752,18,8186231325
7286,491246795,7706,491254501,19,0,1,8192,19,6616277146
7287,491328183,57440,491385623,15,0,0,4608,15,8351018014
7288,491413053,98852,491511905,1,0,0,24576,1,8599924763
7289,491420936,134201,491555137,9,0,0,12288,9,3783136560
7290,491454455,84512,491538967,11,0,0,12800,11,8786884285
7291,491485778,5802,491491580,19,0,1,6144,19,3081846314
7292,491560840,109423,491670263,4,0,0,20480,4,1476598070
7293,491561900,154342,491716242,10,0,0,22528,10,2954917445
7294,491590534,144858,491735392,13,0,0,40448,13,2322950043
7295,491631007,5971,491636978,13,0,1,14848,13,5255324375
7296,491661811,111642,491773453,19,0,0,11776,19,6874098093
7297,491668685,47728,491716413,18,0,0,512,18,10259491368
7298,491670458,99392,491769850,5,0,0,11264,5,8943222868
7299,491720483,90245,491810728,17,0,0,8192,17,7611466417
7300,491728175,64649,491792824,1,0,0,4608,1,911008402
7301,491758600,95280,491853880,5,0,0,6144,5,4507344062
7302,491764042,94764,491858806,11,0,0,1024,11,1756650929
7303,491888725,59132,491947857,11,0,0,5120,11,3329041839
7304,491968186,2470,491970656,1,0,1,2560,1,4520826561
7305,491968999,75000,492043999,14,0,0,11776,14,2074159707
7306,491969970,57440,492027410,4,0,0,4608,4,5705433329
7307,491984225,102908,492087133,19,0,0,37888,19,3967531145
7308,492004244,6278,492010522,19,0,1,6656,19,6833443305
7309,492015183,52364,492067547,8,0,0,3072,8,7161268788
7310,492015539,163981,492179520,19,0,0,41472,19,9589088445
7311,492087039,101709,492188748,10,0,0,11264,10,10395342513
7312,492129454,100635,492230089,13,0,0,15872,13,2481462246
7313,492132265,62516,492194781,4,0,0,6144,4,8665775212
7314,492153693,65070,492218763,10,0,0,3072,10,3218320476
7315,492166207,90056,492256263,17,0,0,15872,17,4167653275
7316,492196317,104240,492300557,14,0,0,28672,14,5441550611
7317,492220120,48980,492269100,15,0,0,2048,15,917703373
7318,492222610,34537,492257147,1,0,1,60416,1,2146726246
7319,492233124,207117,492440241,16,0,0,26112,16,2929386431
7320,492235598,142669,492378267,5,0,0,50688,5,128952247
7321,492306941,225538,492532479,8,0,0,100864,8,1790155432
7322,492308822,264691,492573513,13,0,0,32768,13,7438074264
7323,492343367,114167,492457534,19,0,0,29696,19,10345785952
7324,492372196,51684,492423880,13,0,0,1024,13,3546672426
7325,492431301,112801,492544102,12,0,0,34304,12,8015083838
7326,492492288,4679,492496967,0,0,1,12288,0,2485525549
7327,492507251,100672,492607923,4,0,0,13312,4,9020405045
7328,492542054,119993,492662047,11,0,0,2048,11,7651642529
7329,492550700,110708,492661408,14,0,0,63488,14,6694901100
7330,492564258,13684,492577942,0,0,1,11776,0,9145300438
7331,492570153,92845,492662998,3,0,0,3072,3,1249952885
7332,492578954,86648,492665602,7,0,0,512,7,5997652741
7333,492748316,6278,492754594,18,0,1,6656,18,3598446608
7334,492750472,4583,492755055,12,0,1,10240,12,7893120124
7335,492775326,108855,492884181,18,0,0,31744,18,4015775329
7336,492784373,161756,492946129,2,0,0,7680,2,1518717309
7337,492784645,126085,492910730,19,0,0,23552,19,6724951626
7338,492801960,5326,492807286,8,0,1,5632,8,8882721612
7339,492861373,101972,492963345,10,0,0,34816,10,6232102571
7340,492880851,9034,492889885,16,0,1,14336,16,5487715979
7341,492892223,168359,493060582,19,0,0,62464,19,4535474978
7342,492905159,193679,493098838,12,0,0,31744,12,10641633404
7343,492905533,275594,493181127,6,0,0,51712,6,3861203544
7344,492924922,135831,493060753,18,0,0,512,18,3403894119
7345,492931092,2946,492934038,14,0,1,3072,14,9342373344
7346,492934172,12049,492946221,4,0,1,19968,4,32814991
7347,492975167,223624,493198791,11,0,0,18944,11,4403188843
7348,493005101,1518,493006619,9,0,1,1536,9,648897240
7349,493025155,5454,493030609,10,0,1,13824,10,827140328
7350,493025918,99098,493125016,4,0,0,18944,4,4131173624
7351,493077395,52719,493130114,15,0,0,3072,15,3242981990
7352,493097970,138231,493236201,18,0,0,29696,18,1944005711
7353,493158518,22632,493181150,14,0,1,22528,14,8501341266
7354,493159083,24906,493183989,13,0,1,8704,13,9938606157
7355,493199641,4850,493204491,13,0,1,5120,13,8625741656
7356,493337840,110600,493448440,14,0,0,50176,14,9301120645
7357,493345750,5326,493351076,18,0,1,5632,18,4870599813
7358,493378503,3645,493382148,14,0,1,10240,14,5494337249
7359,493500911,59138,493560049,8,0,0,5120,8,6160766705
7360,493544464,95163,493639627,17,0,0,16896,17,9499221506
7361,493545908,12566,493558474,16,0,1,20992,16,4158607642
7362,493550183,258588,493808771,2,0,0,39936,2,7244067299
7363,493639680,178739,493818419,7,0,0,3072,7,6636949356
7364,493670713,3898,493674611,1,0,1,4096,1,4255670783
7365,493674077,117647,493791724,7,0,0,28672,7,6051794265
7366,493694777,3387,493698164,9,0,1,9728,9,7900030035
7367,493714128,6278,493720406,5,0,1,6656,5,6455736698
7368,493721188,219376,493940564,15,0,0,45568,15,6310904603
7369,493931838,67850,493999688,14,0,0,5120,14,10394964539
7370,493938521,13076,493951597,9,0,1,17920,9,3089962483
7371,493968317,94549,494062866,9,0,0,11776,9,9796741631
7372,493975703,101947,494077650,3,0,0,19968,3,1393847064
7373,493977767,11274,493989041,16,0,1,18432,16,2998846448
7374,494019170,88199,494107369,15,0,0,5120,15,4867122982
7375,494029752,62257,494092009,15,0,0,5120,15,7151370042
7376,494053539,94932,494148471,14,0,0,7168,14,8561182171
7377,494069785,83456,494153241,15,0,0,1536,15,1543559848
7378,494091927,1116,494093043,1,0,1,1024,1,4843202932
7379,494109434,101348,494210782,2,0,0,32768,2,9671400029
7380,494112434,70795,494183229,7,0,0,9216,7,3325566454
7381,494124686,135584,494260270,6,0,0,38912,6,5644804942
7382,494140135,188505,494328640,13,0,0,35328,13,5435508042
7383,494211756,134890,494346646,10,0,0,2560,10,7541484092
7384,494214515,191094,494405609,8,0,0,12288,8,1768152423
7385,494249305,80130,494329435,16,0,0,2560,16,8244072328
7386,494262194,11533,494273727,4,0,1,18944,4,9859198213
7387,494411273,72824,494484097,10,0,0,9728,10,7499248892
7388,494422714,81152,494503866,1,0,0,16896,1,8319219750
7389,494481586,70563,494552149,8,0,0,9216,8,10600995064
7390,494507779,120012,494627791,4,0,0,49664,4,5518803202
7391,494508686,134585,494643271,16,0,0,9728,16,10093454586
7392,494529546,118671,494648217,9,0,0,8704,9,332567590
7393,494537403,131569,494668972,12,0,0,48640,12,811990860
7394,494587492,149230,494736722,8,0,0,53760,8,5524489125
7395,494597024,1518,494598542,0,0,1,1536,0,5037823248
7396,494609543,135306,494744849,15,0,0,26624,15,7872114702
7397,494662754,12012,494674766,3,0,1,6144,3,1434387310
7398,494700621,113738,494814359,19,0,0,45056,19,4810485403
7399,494737504,10465,494747969,0,0,1,9216,0,6773895853
7400,494748333,7230,494755563,5,0,1,7680,5,7290593205
7401,494757529,6754,494764283,3,0,1,7168,3,7288540011
7402,494771108,3898,494775006,0,0,1,4096,0,6532475702
7403,494871840,3128,494874968,3,0,1,9216,3,6449236537
7404,494873432,140949,495014381,4,0,0,47616,4,10411178193
7405,494883968,24154,494908122,8,0,1,43520,8,9645976920
7406,494903010,96848,494999858,4,0,0,23040,4,4608511792
7407,494906739,251979,495158718,2,0,0,3072,2,5983998867
7408,494909974,199240,495109214,6,0,0,6656,6,4251816254
7409,494946442,133282,495079724,15,0,0,47104,15,6950668519
7410,494975884,3645,494979529,3,0,1,10240,3,3942259727
7411,495077855,187328,495265183,17,0,0,73216,17,8176350912
7412,495084850,67304,495152154,1,0,0,11776,1,815044242
7413,495097744,4850,495102594,19,0,1,5120,19,1270970817
7414,495106681,2946,495109627,8,0,1,3072,8,1735406111
7415,495129379,566,495129945,0,0,1,512,0,4836781414
7416,495176777,101480,495278257,10,0,0,4096,10,6016743838
7417,495268845,43904,495312749,1,0,0,512,1,7125839654
7418,495285239,4937,495290176,13,0,1,12800,13,2749137026
7419,495309784,74360,495384144,9,0,0,9728,9,6671179263
7420,495309866,79148,495389014,13,0,0,15360,13,750562871
7421,495374827,108680,495483507,17,0,0,56832,17,3593452548
7422,495405741,566,495406307,4,0,1,512,4,3124438083
7423,495410828,170342,495581170,6,0,0,32256,6,9902713073
7424,495425502,10757,495436259,8,0,1,17408,8,9472781313
7425,495474287,11206,495485493,18,0,1,2048,18,6776651583
7426,495501406,82743,495584149,18,0,0,9728,18,10389994877
7427,495508690,47696,495556386,1,0,0,512,1,5801156326
7428,495585001,82313,495667314,11,0,0,10240,11,7214414008
7429,495589986,78903,495668889,3,0,0,5120,3,9914097392
7430,495601471,4420,495605891,1,0,1,11776,1,3162325425
7431,495622901,129055,495751956,8,0,0,70144,8,10705704528
7432,495732156,76164,495808320,19,0,0,6144,19,3159890199
7433,495742244,109205,495851449,11,0,0,26624,11,305847703
7434,495775798,116733,495892531,10,0,0,34304,10,1817584957
7435,495791744,107822,495899566,14,0,0,23040,14,8559179530
7436,495797480,110213,495907693,12,0,0,26624,12,9903345274
7437,495816880,104877,495921757,6,0,0,3072,6,8290936484
7438,495865468,128924,495994392,4,0,0,22528,4,7814949881
7439,495871588,148403,496019991,10,0,0,83968,10,2146696203
7440,495930111,157479,496087590,14,0,0,34816,14,7476517830
7441,495945980,87262,496033242,17,0,0,7680,17,3035118595
7442,495966459,86204,496052663,17,0,0,13312,17,8131626013
7443,495968735,169122,496137857,8,0,0,59904,8,4201562637
7444,495979078,3422,495982500,3,0,1,3584,3,100070267
7445,496001136,25402,496026538,18,0,1,15872,18,6764178500
7446,496002612,137296,496139908,6,0,0,6656,6,6171040208
7447,496007590,187305,496194895,10,0,0,55296,10,4175296863
7448,496010935,15949,496026884,17,0,1,512,17,6743663581
7449,496109661,182245,496291906,12,0,0,12288,12,4492039179
7450,496114682,147374,496262056,6,0,0,27648,6,6965446215
7451,496116817,136800,496253617,1,0,0,25088,1,6604149723
7452,496121190,166957,496288147,3,0,0,11264,3,10450576207
7453,496176859,169938,496346797,13,0,0,31232,13,4162602533
7454,496206153,184192,496390345,15,0,0,48128,15,2539998182
7455,496228850,5802,496234652,1,0,1,6144,1,9329913319
7456,496307774,99647,496407421,1,0,0,6144,1,1600293200
7457,496322600,155933,496478533,16,0,0,37888,16,5527410335
7458,496377837,80092,496457929,19,0,0,7680,19,6322347586
7459,496419247,80552,496499799,2,0,0,19968,2,5268567564
7460,496420269,5971,496426240,4,0,1,14848,4,4292012648
7461,496442655,126498,496569153,17,0,0,29696,17,6307657371
7462,496443140,193170,496636310,12,0,0,17920,12,9390674531
7463,496449829,4374,496454203,0,0,1,4608,0,6267193129
7464,496457536,124120,496581656,16,0,0,31232,16,9140296521
7465,496457824,88973,496546797,5,0,0,11776,5,10458234087
7466,496518292,76019,496594311,13,0,0,15360,13,6742908908
7467,496590414,7787,496598201,16,0,1,4096,16,2639420846
7468,496610832,101816,496712648,15,0,0,34304,15,9483466288
7469,496621717,4850,496626567,0,0,1,5120,0,3102652893
7470,496666394,2946,496669340,8,0,1,3072,8,7098906426
7471,496691335,45596,496736931,19,0,0,1024,19,9172388140
7472,496718540,80996,496799536,14,0,0,16384,14,2891935817
7473,496736882,103088,496839970,4,0,0,16896,4,4274724197
7474,496753947,189226,496943173,18,0,0,6656,18,8819209472
7475,496787345,79631,496866976,14,0,0,3584,14,182994281
7476,496790435,60990,496851425,12,0,0,5632,12,1199000096
7477,496804895,70976,496875871,13,0,0,8704,13,7556349958
7478,496810621,91518,496902139,7,0,0,9216,7,7136306700
7479,496825408,108524,496933932,17,0,0,56320,17,8777158476
7480,496837095,191935,497029030,8,0,0,39936,8,8278004725
7481,496858254,177967,497036221,18,0,0,23552,18,8699580219
7482,496911181,105666,497016847,18,0,0,20480,18,8783382612
7483,496932800,165365,497098165,8,0,0,59392,8,10406910497
7484,496961269,115336,497076605,17,0,0,13312,17,990396129
7485,496975912,186879,497162791,14,0,0,43520,14,9164490053
7486,497028126,197472,497225598,12,0,0,80384,12,1683106282
7487,497038589,6754,497045343,4,0,1,7168,4,6394945005
7488,497058435,72668,497131103,12,0,0,9216,12,2790740391
7489,497087447,14132,497101579,3,0,1,3584,3,599615972
7490,497098491,349582,497448073,10,0,0,14848,10,6071349600
7491,497104831,128138,497232969,5,0,0,24064,5,1622609372
7492,497123896,134300,497258196,16,0,0,14848,16,9412241458
7493,497177288,3422,497180710,1,0,1,3584,1,8550473326
7494,497195990,162713,497358703,10,0,0,49664,10,2422892454
7495,497201505,34845,497236350,0,0,1,3584,0,1441484751
7496,497210128,29768,497239896,18,0,1,5632,18,7788763417
7497,497222997,111663,497334660,17,0,0,26624,17,1685656098
7498,497245305,43904,497289209,16,0,0,512,16,6806519825
7499,497273885,64208,497338093,3,0,0,6656,3,1912619182
7500,497293970,284283,497578253,15,0,0,126464,15,1324467984
7501,497296434,3898,497300332,0,0,1,4096,0,9472583088
7502,497307641,183054,497490695,18,0,0,67072,18,9857002326
7503,497423725,69185,497492910,19,0,0,7168,19,5748188910
7504,497423993,109787,497533780,10,0,0,3584,10,2174977505
7505,497441852,161009,497602861,2,0,0,56832,2,3707468319
7506,497444187,9680,497453867,0,0,1,6144,0,8218952665
7507,497453233,170502,497623735,3,0,0,20480,3,6831116575
7508,497475404,23768,497499172,0,0,1,6656,0,3568141774
7509,497476962,24156,497501118,11,0,1,3072,11,6193716142
7510,497488499,144337,497632836,12,0,0,20992,12,3610232781
7511,497493597,112243,497605840,6,0,0,9728,6,7276129462
7512,497514309,144146,497658455,4,0,0,10240,4,8733154445
7513,497577827,150841,497728668,17,0,0,35840,17,4197126074
7514,497602007,71940,497673947,10,0,0,5632,10,5609167016
7515,497607026,162112,497769138,19,0,0,11264,19,1714874639
7516,497658343,131843,497790186,14,0,0,45056,14,342112128
7517,497677137,131475,497808612,15,0,0,3584,15,8512361667
7518,497719946,109726,497829672,18,0,0,7168,18,6533636304
7519,497725783,91625,497817408,14,0,0,12288,14,10053920010
7520,497812909,4514,497817423,1,0,1,8704,1,10141523210
7521,497837981,67216,497905197,15,0,0,5632,15,5728432608
7522,497840465,4937,497845402,3,0,1,12800,3,1639949974
7523,497854520,73166,497927686,14,0,0,7680,14,9357480065
7524,497885703,566,497886269,14,0,1,512,14,510397998
7525,497987023,60824,498047847,8,0,0,5632,8,785515150
7526,497998909,59846,498058755,12,0,0,6144,12,2521550458
7527,498019491,2946,498022437,6,0,1,3072,6,10480379872
7528,498041514,92060,498133574,18,0,0,17408,18,10497510398
7529,498066615,158375,498224990,19,0,0,7680,19,3663923281
7530,498076792,69284,498146076,1,0,0,8192,1,5916519975
7531,498117590,99948,498217538,5,0,0,23552,5,6372153123
7532,498163575,126761,498290336,12,0,0,14336,12,2043138368
7533,498174794,50991,498225785,1,0,0,2560,1,10407594410
7534,498193205,129819,498323024,12,0,0,40960,12,8097155580
7535,498393805,1518,498395323,16,0,1,1536,16,3446985667
7536,498420725,300062,498720787,15,0,0,59392,15,353827473
7537,498454615,2946,498457561,18,0,1,3072,18,8375149322
7538,498458599,21658,498480257,5,0,1,35328,5,4880180576
7539,498465258,15255,498480513,13,0,1,9216,13,3707380114
7540,498469482,101922,498571404,2,0,0,3584,2,9333174308
7541,498490207,164082,498654289,2,0,0,3584,2,4116850948
7542,498497050,182331,498679381,1,0,0,15360,1,9550220558
7543,498507981,2946,498510927,3,0,1,3072,3,10401099654
7544,498517256,123440,498640696,6,0,0,27136,6,10319291886
7545,498546959,219860,498766819,6,0,0,49152,6,5481642687
7546,498589343,194174,498783517,15,0,0,32256,15,2413023262
7547,498590180,104906,498695086,19,0,0,23040,19,2247993289
7548,498619042,106908,498725950,12,0,0,16896,12,9471534460
7549,498666714,101992,498768706,2,0,0,6144,2,2273067942
7550,498720736,119022,498839758,10,0,0,36864,10,7456807556
7551,498764728,145560,498910288,12,0,0,35328,12,6392925037
7552,498775862,102335,498878197,13,0,0,20992,13,2358558932
7553,498893045,82820,498975865,7,0,0,12288,7,5204638047
7554,498929211,47288,498976499,7,0,0,1536,7,4462569159
7555,498951124,2946,498954070,7,0,1,3072,7,2128376056
7556,498963308,101036,499064344,14,0,0,31744,14,10271946881
7557,499038726,55748,499094474,5,0,0,4096,5,6341741341
7558,499046965,93961,499140926,5,0,0,14336,5,7495796346
7559,499057819,12812,499070631,3,0,1,6656,3,8433532277
7560,499060225,145297,499205522,3,0,0,65024,3,347113507
7561,499104819,102434,499207253,5,0,0,5632,5,2299857124
7562,499131671,90513,499222184,12,0,0,7680,12,846323578
7563,499134965,142923,499277888,16,0,0,29184,16,9406716265
7564,499146151,88861,499235012,17,0,0,13312,17,1866135596
7565,499160444,124011,499284455,14,0,0,21504,14,9930522912
7566,499211092,5326,499216418,0,0,1,5632,0,1873957186
7567,499213173,149465,499362638,17,0,0,79360,17,3044136556
7568,499216178,157737,499373915,6,0,0,14848,6,4191620065
7569,499241539,183237,499424776,18,0,0,3584,18,5078389588
7570,499277396,185258,499462654,15,0,0,15872,15,6071812135
7571,499327750,113946,499441696,6,0,0,8704,6,2650041634
7572,499360294,88749,499449043,18,0,0,24064,18,6041881733
7573,499380881,120675,499501556,10,0,0,13824,10,8104577400
7574,499389813,4374,499394187,16,0,1,4608,16,150708922
7575,499405437,66312,499471749,17,0,0,512,17,4142352812
7576,499428939,110017,499538956,7,0,0,33280,7,5182527443
7577,499429694,1994,499431688,13,0,1,2048,13,8905769731
7578,499436565,48980,499485545,17,0,0,2048,17,2339537453
7579,499483851,2470,499486321,8,0,1,2560,8,8156077692
7580,499546246,4937,499551183,4,0,1,12800,4,4784174701
7581,499586203,3898,499590101,13,0,1,4096,13,7288088563
7582,499588896,57440,499646336,5,0,0,4608,5,4721969923
7583,499594356,211345,499805701,12,0,0,41984,12,1534984399
7584,499599668,108524,499708192,9,0,0,56320,9,8974719873
7585,499650497,175530,499826027,4,0,0,24576,4,4843128434
7586,499719248,193964,499913212,17,0,0,53248,17,5803517509
7587,499726930,566,499727496,8,0,1,512,8,3997619243
7588,499775579,4679,499780258,13,0,1,12288,13,10218088223
7589,499780747,139594,499920341,18,0,0,3072,18,8498477146
7590,499791926,13798,499805724,0,0,1,6656,0,10509683778
7591,499795876,101097,499896973,2,0,0,14848,2,2707388095
7592,499835404,85659,499921063,15,0,0,2048,15,6028595360
7593,499870012,80761,499950773,14,0,0,7168,14,1162623924
7594,499875262,91280,499966542,14,0,0,14848,14,9735070012
7595,499911900,11803,499923703,0,0,1,16896,0,10394601623
7596,499913372,53653,499967025,1,0,0,1536,1,10132821048
7597,499978434,144046,500122480,14,0,0,1024,14,3467034891
7598,500022949,86665,500109614,17,0,0,14336,17,1122245438
7599,500023098,45596,500068694,8,0,0,1024,8,7908445442
7600,500097692,2946,500100638,14,0,1,3072,14,1804206462
7601,500108407,72667,500181074,12,0,0,15360,12,7131657997
7602,500150841,102215,500253056,2,0,0,28672,2,5689943447
7603,500160277,119887,500280164,8,0,0,11776,8,10141932966
7604,500167316,91683,500258999,12,0,0,19456,12,9723273296
7605,500284247,54056,500338303,14,0,0,3584,14,3512043490
7606,500296375,99008,500395383,10,0,0,25088,10,3277699219
7607,500306204,4679,500310883,17,0,1,12288,17,6516013596
7608,500311358,145345,500456703,7,0,0,65024,7,2185308821
7609,500395753,110552,500506305,1,0,0,62976,1,2649617973
7610,500460994,4162,500465156,1,0,1,11264,1,1003543460
7611,500533417,60824,500594241,8,0,0,5632,8,8485933253
7612,500537755,64208,500601963,15,0,0,6656,15,225878092
7613,500574160,1518,500575678,3,0,1,1536,3,9878610781
7614,500574419,89270,500663689,15,0,0,22528,15,6700668139
7615,500594998,122997,500717995,4,0,0,33280,4,2472310970
7616,500599501,195108,500794609,19,0,0,51712,19,6271996577
7617,500610837,69284,500680121,6,0,0,8192,6,432618313
7618,500656014,90919,500746933,3,0,0,6144,3,1627907702
7619,500704327,90609,500794936,19,0,0,1024,19,8537786842
7620,500707029,10989,500718018,5,0,1,3584,5,7025463336
7621,500707174,17301,500724475,1,0,1,15872,1,7843244920
7622,500736502,3898,500740400,8,0,1,4096,8,4140520839
7623,500777309,98390,500875699,5,0,0,19968,5,7654781276
7624,500788925,80675,500869600,13,0,0,10752,13,6853327419
7625,500815219,6278,500821497,14,0,1,6656,14,4009153414
7626,500831673,3422,500835095,14,0,1,3584,14,126442403
7627,500870005,96184,500966189,2,0,0,11776,2,6185772840
7628,500900950,3645,500904595,8,0,1,10240,8,636886028
7629,500904396,133721,501038117,15,0,0,17408,15,5312720277
7630,500907732,3422,500911154,13,0,1,3584,13,7035630497
7631,501084660,6754,501091414,8,0,1,7168,8,3428274693
7632,501116122,64208,501180330,8,0,0,6656,8,623179361
7633,501126139,145649,501271788,11,0,0,78848,11,7305499904
7634,501134056,2470,501136526,4,0,1,2560,4,5362708132
7635,501146647,143030,501289677,8,0,0,41472,8,7445082045
7636,501187295,155803,501343098,5,0,0,79872,5,3398175517
7637,501205815,2470,501208285,1,0,1,2560,1,2096967083
7638,501208454,173122,501381576,5,0,0,23552,5,7485387110
7639,501313918,70325,501384243,11,0,0,8704,11,5917472785
7640,501317187,164969,501482156,11,0,0,39936,11,7914703697
7641,501355242,97760,501453002,17,0,0,20992,17,4488832922
7642,501376948,106159,501483107,2,0,0,3072,2,8508416705
7643,501411644,113134,501524778,5,0,0,11264,5,10642974500
7644,501415177,163545,501578722,15,0,0,18432,15,10342712980
7645,501415997,7230,501423227,16,0,1,7680,16,9098933773
7646,501420590,64092,501484682,17,0,0,5120,17,4150176478
7647,501424242,146338,501570580,6,0,0,14848,6,1246396404
7648,501433178,120812,501553990,4,0,0,87552,4,4370286945
7649,501448378,124713,501573091,18,0,0,8192,18,5026224174
7650,501540226,101070,501641296,14,0,0,12800,14,2916206092
7651,501608658,43904,501652562,3,0,0,512,3,3510221743
7652,501614285,146384,501760669,10,0,0,42496,10,2738018550
7653,501622565,96404,501718969,11,0,0,26624,11,2786656809
7654,501623507,57440,501680947,17,0,0,4608,17,2169336554
7655,501679475,180538,501860013,19,0,0,135680,19,7806850537
7656,501682067,36917,501718984,16,0,1,51200,16,7799042490
7657,501688735,175903,501864638,9,0,0,3072,9,8896829416
7658,501696329,110483,501806812,5,0,0,11776,5,8806756491
7659,501700222,118436,501818658,12,0,0,8192,12,7748060525
7660,501767260,3904,501771164,2,0,1,10752,2,4153474687
7661,501769426,172198,501941624,4,0,0,68096,4,3638572105
7662,501775952,84880,501860832,9,0,0,2560,9,8544204103
7663,501791603,111623,501903226,14,0,0,12288,14,4654731770
7664,501825189,39464,501864653,10,0,1,3072,10,10578073966
7665,501835794,248016,502083810,4,0,0,76288,4,8866934578
7666,501845931,100331,501946262,6,0,0,1536,6,6552446078
7667,501863195,100439,501963634,18,0,0,6656,18,5397346880
7668,501888266,252507,502140773,18,0,0,81920,18,1239005526
7669,501909869,249467,502159336,5,0,0,20480,5,10467745072
7670,501916856,47919,501964775,2,0,0,1536,2,5041476051
7671,501917487,172783,502090270,5,0,0,6656,5,10724920635
7672,501918930,192429,502111359,13,0,0,512,13,10490779310
7673,501954589,291993,502246582,8,0,0,13312,8,8324344892
7674,501963658,152140,502115798,19,0,0,11264,19,4486351482
7675,501977649,133539,502111188,16,0,0,26112,16,5551190010
7676,501983709,103281,502086990,3,0,0,1024,3,7813057528
7677,501992510,152646,502145156,16,0,0,14336,16,1461597640
7678,502043246,3645,502046891,9,0,1,10240,9,8803442513
7679,502066465,28870,502095335,1,0,1,18944,1,9559321012
7680,502096103,123356,502219459,2,0,0,34816,2,7369588810
7681,502157627,110225,502267852,14,0,0,56320,14,2846312396
7682,502159083,109096,502268179,19,0,0,1024,19,3211629760
7683,502162067,181595,502343662,10,0,0,7680,10,7517079784
7684,502173966,2470,502176436,14,0,1,2560,14,999178282
7685,502191151,116133,502307284,3,0,0,20480,3,5224000398
7686,502198312,110235,502308547,17,0,0,4096,17,6317299268
7687,502281319,84382,502365701,3,0,0,6144,3,695863755
7688,502306532,97244,502403776,13,0,0,12288,13,12476645
7689,502335794,108536,502444330,2,0,0,38400,2,89607445
7690,502342456,128022,502470478,13,0,0,13312,13,5510804552
7691,502397321,2470,502399791,8,0,1,2560,8,6044526167
7692,502431173,152654,502583827,17,0,0,5120,17,7188573723
7693,502444486,105092,502549578,4,0,0,45056,4,3079616193
7694,502446559,43904,502490463,11,0,0,512,11,848586110
7695,502451535,130702,502582237,9,0,0,15872,9,6600264142
7696,502454432,122954,502577386,15,0,0,64512,15,9215512356
7697,502459468,125466,502584934,10,0,0,3584,10,755000157
7698,502488752,12737,502501489,1,0,1,24576,1,800447665
7699,502538485,136317,502674802,9,0,0,34304,9,3420391125
7700,502542885,39367,502582252,10,0,1,25600,10,3057740713
7701,502550232,246296,502796528,3,0,0,8704,3,9714059980
7702,502595131,6754,502601885,14,0,1,7168,14,6997572144
7703,502644368,2946,502647314,8,0,1,3072,8,5730905898
7704,502651139,67304,502718443,5,0,0,11776,5,4949750384
7705,502705918,6278,502712196,6,0,1,6656,6,4351378406
7706,502748759,43904,502792663,16,0,0,512,16,225775774
7707,502751998,566,502752564,0,0,1,512,0,3791950286
7708,502777526,1042,502778568,3,0,1,1024,3,6728889703
7709,502799343,45596,502844939,15,0,0,1024,15,10411116220
7710,502811454,4850,502816304,9,0,1,5120,9,3828214257
7711,502812568,46091,502858659,9,0,0,1024,9,5815174560
7712,502889472,107744,502997216,13,0,0,53760,13,5324059782
7713,502896373,153181,503049554,14,0,0,37888,14,2406051670
7714,502921767,96143,503017910,18,0,0,4608,18,9881174558
7715,502942993,3422,502946415,5,0,1,3584,5,3975747671
7716,502985002,113086,503098088,16,0,0,31232,16,4498815941
7717,503000757,104366,503105123,3,0,0,23040,3,6029643365
7718,503006797,4374,503011171,1,0,1,4608,1,5042404904
7719,503107678,6488,503114166,0,0,1,15872,0,4363034538
7720,503150269,112820,503263089,8,0,0,26624,8,6922866964
7721,503155936,14029,503169965,10,0,1,27136,10,6583233594
7722,503155991,19120,503175111,13,0,1,8192,13,2349753589
7723,503162831,123262,503286093,2,0,0,51712,2,6867548618
7724,503225991,89367,503315358,5,0,0,6144,5,6413970128
7725,503249442,114048,503363490,15,0,0,17920,15,6527888567
7726,503275911,54078,503329989,4,0,0,512,4,2908970498
7727,503320121,3422,503323543,18,0,1,3584,18,5131562289
7728,503337594,566,503338160,14,0,1,512,14,3283437729
7729,503349133,52364,503401497,17,0,0,3072,17,541398150
7730,503375093,47288,503422381,14,0,0,1536,14,9622687920
7731,503392711,59132,503451843,18,0,0,5120,18,8015430244
7732,503427341,63296,503490637,6,0,0,8704,6,3595866387
7733,503432388,117525,503549913,10,0,0,11776,10,605906785
7734,503440795,104084,503544879,2,0,0,40448,2,1291496571
7735,503458284,133419,503591703,16,0,0,72192,16,3961730003
7736,503461319,159076,503620395,1,0,0,13824,1,6400290429
7737,503501023,136758,503637781,2,0,0,25600,2,9345743115
7738,503529744,127411,503657155,2,0,0,22528,2,10388518715
7739,503593873,102848,503696721,14,0,0,36352,14,3685366908
7740,503603004,128515,503731519,11,0,0,12288,11,8475863099
7741,503603698,96158,503699856,19,0,0,10240,19,4128212182
7742,503604698,1042,503605740,4,0,1,1024,4,6012690179
7743,503605647,3898,503609545,16,0,1,4096,16,8762005817
7744,503612112,272973,503885085,2,0,0,32256,2,8371022734
7745,503619982,247187,503867169,4,0,0,44032,4,1373531743
7746,503631372,10316,503641688,9,0,1,4096,9,2610668781
7747,503634814,107333,503742147,12,0,0,9216,12,2909019278
7748,503640194,114523,503754717,7,0,0,7680,7,1412732400
7749,503641163,4850,503646013,3,0,1,5120,3,10279935422
7750,503642914,132287,503775201,19,0,0,19456,19,5471527203
7751,503673158,148291,503821449,3,0,0,55296,3,2079727216
7752,503674663,45596,503720259,16,0,0,1024,16,4733104406
7753,503683339,206762,503890101,10,0,0,9728,10,2544096927
7754,503704293,124035,503828328,18,0,0,22528,18,1599114815
7755,503768461,166958,503935419,12,0,0,36352,12,4296449971
7756,503784797,153133,503937930,16,0,0,8192,16,1310482777
7757,503802351,96692,503899043,16,0,0,22528,16,6638386704
7758,503849682,142957,503992639,7,0,0,48128,7,9868479390
7759,503912662,3898,503916560,3,0,1,4096,3,1359125455
7760,503934474,87349,504021823,7,0,0,512,7,9814093291
7761,503947828,102908,504050736,3,0,0,37888,3,5451429626
7762,503976079,101036,504077115,16,0,0,31744,16,2239768467
7763,504002392,91887,504094279,17,0,0,9216,17,6460158315
7764,504011014,89519,504100533,14,0,0,6656,14,3890624184
7765,504024670,113822,504138492,2,0,0,31232,2,556556763
7766,504045287,11736,504057023,8,0,1,6656,8,2481924348
7767,504048971,79990,504128961,11,0,0,9216,11,775059107
7768,504081742,149158,504230900,5,0,0,40448,5,6045334995
7769,504106109,566,504106675,4,0,1,512,4,4509379304
7770,504107532,89588,504197120,6,0,0,10240,6,6129408173
7771,504157011,74372,504231383,1,0,0,1536,1,4305856952
7772,504184524,121328,504305852,7,0,0,57344,7,6863285857
7773,504270077,69284,504339361,19,0,0,8192,19,7155465440
7774,504282287,50672,504332959,2,0,0,2560,2,2201789735
7775,504319380,43904,504363284,5,0,0,512,5,8942592298
7776,504330590,108680,504439270,2,0,0,56832,2,2672335634
7777,504357931,47288,504405219,3,0,0,1536,3,2109720963
7778,504385133,123599,504508732,15,0,0,56832,15,8754084691
7779,504410034,123865,504533899,1,0,0,15872,1,5263140244
7780,504476824,144037,504620861,13,0,0,68096,13,2041978680
7781,504500471,62309,504562780,16,0,0,3584,16,6731124202
7782,504503950,78042,504581992,1,0,0,6144,1,5241289451
7783,504525401,102963,504628364,9,0,0,24576,9,8428718599
7784,504529211,8102,504537313,13,0,1,3584,13,944694883
7785,504539957,155202,504695159,17,0,0,83968,17,243338329
7786,504565085,182504,504747589,5,0,0,33280,5,9554536884
7787,504590849,2470,504593319,8,0,1,2560,8,5754721522
7788,504627577,71397,504698974,7,0,0,3584,7,1879556377
7789,504653633,1994,504655627,9,0,1,2048,9,8824824918
7790,504704913,92840,504797753,1,0,0,19968,1,8011815263
7791,504744226,205945,504950171,4,0,0,4608,4,9030619290
7792,504772903,2470,504775373,0,0,1,2560,0,8231029292
7793,504781436,135686,504917122,17,0,0,88576,17,7799084476
7794,504786899,103220,504890119,13,0,0,38912,13,3110264180
7795,504800923,260639,505061562,16,0,0,25088,16,1442037922
7796,504814840,104466,504919306,8,0,1,169984,8,9024515752
7797,504867768,109343,504977111,15,0,0,17408,15,5298704877
7798,504891414,126581,505017995,8,0,0,8192,8,10552853341
7799,504935911,182969,505118880,18,0,0,55808,18,1312909487
7800,504968017,158174,505126191,17,0,0,19968,17,7635257931
7801,504986613,146031,505132644,3,0,0,10240,3,5129413812
7802,505033564,10757,505044321,14,0,1,17408,14,4873900401
7803,505062739,119585,505182324,6,0,0,9728,6,10722787502
7804,505096477,89051,505185528,1,0,0,5120,1,1194050237
7805,505120591,90473,505211064,8,0,0,13312,8,5659741900
7806,505125213,158324,505283537,8,0,1,259584,8,5304186126
7807,505147343,139420,505286763,1,0,1,5120,1,10193290513
7808,505154124,236258,505390382,5,0,0,12800,5,6478417120
7809,505178587,157674,505336261,2,0,0,12800,2,325416073
7810,505215903,76006,505291909,16,0,1,8192,16,2282877128
7811,505251069,51362,505302431,0,0,1,33792,0,2750566518
7812,505274470,28115,505302585,0,0,1,8704,0,6759000346
7813,505295639,199586,505495225,17,0,0,11264,17,7252490235
7814,505321496,107652,505429148,16,0,0,17920,16,10392043504
7815,505361443,258642,505620085,19,0,0,25600,19,5621988399
7816,505369135,149736,505518871,6,0,0,2048,6,1758368002
7817,505401981,183681,505585662,13,0,0,40960,13,7133705039
7818,505423864,169301,505593165,1,0,0,24576,1,2602575114
7819,505478420,271288,505749708,8,0,0,51712,8,206638645
7820,505490531,208736,505699267,14,0,0,67584,14,9300816414
7821,505524238,252461,505776699,17,0,0,57856,17,5328397495
7822,505539474,320911,505860385,10,0,0,43520,10,9432718881
7823,505548943,427229,505976172,18,0,0,114688,18,9975377261
7824,505617668,269557,505887225,4,0,0,36352,4,7663308250
7825,505685302,255911,505941213,4,0,0,52224,4,4016447161
7826,505711506,13770,505725276,5,0,1,26624,5,8233981043
7827,505730987,261120,505992107,17,0,0,52224,17,5615176136
7828,505738687,12548,505751235,16,0,1,1536,16,8964559222
7829,505740629,168187,505908816,16,0,0,32256,16,6499940918
7830,505774618,238835,506013453,4,0,0,14848,4,973997526
7831,505803156,224841,506027997,11,0,0,37376,11,8331939573
7832,505836915,194841,506031756,7,0,0,12288,7,9564588750
7833,505850608,274946,506125554,3,0,0,41472,3,7349941400
7834,505867716,175971,506043687,8,0,0,2048,8,4030600726
7835,505943631,169272,506112903,19,0,0,88064,19,3513678886
7836,505964331,168922,506133253,8,0,0,20480,8,2457599190
7837,505967627,187978,506155605,14,0,0,15360,14,4158071201
7838,506036540,2470,506039010,9,0,1,2560,9,3024731803
7839,506062148,2470,506064618,8,0,1,2560,8,2155101147
7840,506081447,100568,506182015,4,0,0,30208,4,7078638653
7841,506111959,21309,506133268,14,0,1,2048,14,5620467414
7842,506118336,118003,506236339,10,0,0,4608,10,5906059887
7843,506134758,136537,506271295,18,0,0,23552,18,7296992567
7844,506137548,24670,506162218,10,0,1,44544,10,6289027529
7845,506139058,25746,506164804,18,0,1,4096,18,3988271749
7846,506171027,133700,506304727,18,0,0,12288,18,8452366141
7847,506185381,6754,506192135,13,0,1,7168,13,1896593065
7848,506215383,239926,506455309,11,0,0,11776,11,7645479007
7849,506269866,122384,506392250,19,0,0,25088,19,4857620375
7850,506301865,103110,506404975,1,0,0,29184,1,7312901674
7851,506313722,110105,506423827,19,0,0,20480,19,7077812047
7852,506320880,125349,506446229,16,0,0,15872,16,9835675861
7853,506358279,177700,506535979,10,0,0,43520,10,6133292879
7854,506389422,51956,506441378,3,0,0,2560,3,2631822491
7855,506404080,3357,506407437,8,0,1,2560,8,4748220343
7856,506426924,55748,506482672,13,0,0,4096,13,6314338351
7857,506433881,135170,506569051,1,0,0,48640,1,7101882052
7858,506458539,116194,506574733,14,0,0,13312,14,4441053814
7859,506470259,7230,506477489,16,0,1,7680,16,26806702
7860,506470284,132289,506602573,11,0,0,16384,11,795515855
7861,506492049,3422,506495471,13,0,1,3584,13,9792611478
7862,506562329,65870,506628199,2,0,0,3584,2,6574660343
7863,506654444,67592,506722036,6,0,0,7680,6,7373963487
7864,506686817,102908,506789725,17,0,0,37888,17,6823815048
7865,506706709,59132,506765841,17,0,0,5120,17,4496256808
7866,506751717,43904,506795621,11,0,0,512,11,913789378
7867,506814803,92240,506907043,14,0,0,23040,14,3453496494
7868,506864247,6278,506870525,4,0,1,6656,4,10453646452
7869,506903982,89413,506993395,16,0,0,13824,16,3267116830
7870,506953174,54524,507007698,16,0,0,5120,16,597296765
7871,506971386,113418,507084804,11,0,0,30208,11,7046901347
7872,506985094,147284,507132378,10,0,0,13824,10,5105740152
7873,506987449,108446,507095895,1,0,0,36352,1,403681972
7874,507004894,164825,507169719,7,0,0,19968,7,1087071690
7875,507005306,116587,507121893,17,0,0,15360,17,1908009440
7876,507090300,111651,507201951,18,0,0,17408,18,756467384
7877,507090700,8082,507098782,9,0,1,8704,9,3225175595
7878,507100623,96009,507196632,7,0,0,16896,7,4820415362
7879,507190652,54832,507245484,14,0,0,3584,14,9212129640
7880,507233228,358795,507592023,8,0,1,585216,8,7648325692
7881,507319301,363828,507683129,12,0,0,12288,12,6279067478
7882,507340116,174735,507514851,4,0,0,5632,4,10351921730
7883,507348763,321126,507669889,8,0,1,258048,8,2644584542
7884,507354476,348808,507703284,7,0,0,512,7,1566057568
7885,507360465,409065,507769530,6,0,0,35328,6,2983411049
7886,507387073,242450,507629523,1,0,0,8704,1,4617007086
7887,507390194,281641,507671835,16,0,1,3072,16,1109748804
7888,507396896,318200,507715096,18,0,0,10752,18,6051920173
7889,507429606,625617,508055223,11,0,0,119808,11,3546536396
7890,507436860,239161,507676021,1,0,1,6656,1,5856437817
7891,507444202,339711,507783913,3,0,0,43008,3,8022280769
7892,507455480,429988,507885468,18,0,0,21504,18,2556901722
7893,507455944,220423,507676367,5,0,1,512,5,316870512
7894,507458951,327629,507786580,2,0,0,8704,2,3003908800
7895,507491400,165924,507657324,13,0,0,512,13,897614854
7896,507525929,217670,507743599,15,0,0,4096,15,6677626380
7897,507548861,612487,508161348,3,0,0,26624,3,4561009124
7898,507553853,559597,508113450,8,0,0,72192,8,3508434075
7899,507554280,464424,508018704,4,0,0,84992,4,10127773831
7900,507598460,476917,508075377,14,0,0,47104,14,8851102158
7901,507599559,76962,507676521,5,0,1,8704,5,9835575418
7902,507626286,755838,508382124,6,0,0,96256,6,8739892550
7903,507652789,169878,507822667,5,0,0,12800,5,2463486349
7904,507677130,524902,508202032,15,0,0,42496,15,1729040759
7905,507695316,428269,508123585,3,0,0,3072,3,1378359792
7906,507700322,508277,508208599,3,0,0,21504,3,4145305554
7907,507753943,3422,507757365,9,0,1,3584,9,7425635097
7908,507769651,381045,508150696,4,0,0,35328,4,2041244002
7909,507776156,457631,508233787,11,0,0,10752,11,7168824040
7910,507790006,424380,508214386,3,0,0,18944,3,8961249164
7911,507850428,378198,508228626,16,0,0,19456,16,622693371
7912,507876077,12308,507888385,9,0,1,20480,9,2077038997
7913,507881286,366335,508247621,5,0,0,11776,5,541834135
7914,507887623,11016,507898639,9,0,1,17920,9,2813107547
7915,507895077,165933,508061010,3,0,0,18944,3,3717510156
7916,507914378,206762,508121140,13,0,0,14336,13,8545690337
7917,507926392,190357,508116749,8,0,0,10752,8,6928879140
7918,507957167,566,507957733,7,0,1,512,7,10340287750
7919,508069138,252157,508321295,3,0,0,38400,3,5503858507
7920,508097760,30093,508127853,3,0,1,7168,3,6814085979
7921,508111331,57389,508168720,8,0,1,78336,8,3643165845
7922,508150626,19080,508169706,14,0,1,1536,14,3325074069
7923,508151181,158079,508309260,1,0,0,18432,1,9298159853
7924,508161026,304522,508465548,17,0,0,19968,17,5016541649
7925,508216478,348148,508564626,12,0,0,46592,12,1879328496
7926,508276771,112232,508389003,2,0,0,22528,2,3650304778
7927,508279366,200870,508480236,8,0,0,7680,8,949202653
7928,508280970,125736,508406706,4,0,0,24576,4,1584421563
7929,508288320,148178,508436498,6,0,0,18432,6,7494796479
7930,508289977,244652,508534629,12,0,0,12288,12,5424251344
7931,508308986,82380,508391366,15,0,0,7680,15,8036512576
7932,508317125,213745,508530870,8,0,0,56832,8,9042686750
7933,508320624,277016,508597640,2,0,0,66560,2,4704841231
7934,508372379,277220,508649599,15,0,0,10240,15,334511936
7935,508383409,186875,508570284,16,0,0,3584,16,5735858586
7936,508385125,261331,508646456,16,0,0,60416,16,7655372790
7937,508428564,7949,508436513,4,0,1,7168,4,8329545234
7938,508435878,3497,508439375,8,0,1,8704,8,8398935086
7939,508451923,148540,508600463,3,0,0,9216,3,6789391974
7940,508462727,205779,508668506,17,0,0,5632,17,4985502506
7941,508518012,104606,508622618,15,0,0,2560,15,4246183850
7942,508577252,163834,508741086,7,0,0,6144,7,3033221392
7943,508631726,24110,508655836,8,0,1,6656,8,4002661789
7944,508666019,6229,508672248,1,0,1,15360,1,6193723185
7945,508704422,1994,508706416,14,0,1,2048,14,9334760483
7946,508716791,147770,508864561,6,0,0,20480,6,3967727957
7947,508775831,55779,508831610,1,0,0,2560,1,5538766652
7948,508776397,132370,508908767,15,0,0,34304,15,7584005732
7949,508860904,148148,509009052,3,0,0,33792,3,350291696
7950,508882045,135721,509017766,19,0,0,17408,19,149103514
7951,508930284,6754,508937038,1,0,1,7168,1,5054755862
7952,509009954,49292,509059246,13,0,0,3072,13,7826235993
7953,509060696,136863,509197559,15,0,0,54784,15,6811612369
7954,509069801,133709,509203510,19,0,0,19456,19,1301971923
7955,509099880,14117,509113997,18,0,1,24064,18,132247624
7956,509118628,43904,509162532,11,0,0,512,11,5166863990
7957,509118653,111977,509230630,11,0,0,9728,11,9894805972
7958,509132151,76054,509208205,3,0,0,15360,3,4739090255
7959,509133451,120785,509254236,10,0,0,1024,10,10515829951
7960,509174310,97784,509272094,14,0,0,26112,14,5844454538
7961,509187200,22482,509209682,0,0,1,1536,0,1840667752
7962,509202277,77541,509279818,2,0,0,2560,2,6886400067
7963,509205455,160226,509365681,6,0,0,54784,6,246219489
7964,509210730,4374,509215104,8,0,1,4608,8,3028568731
7965,509232487,3898,509236385,18,0,1,4096,18,7575648427
7966,509234585,66368,509300953,14,0,0,8704,14,5626403856
7967,509266422,7658,509274080,8,0,1,2048,8,102796346
7968,509331665,45783,509377448,1,0,0,512,1,2925118493
7969,509406539,142027,509548566,14,0,0,56832,14,9813620140
7970,509415144,67592,509482736,1,0,0,7680,1,4380021608
7971,509458253,3422,509461675,4,0,1,3584,4,8900360341
7972,509468169,98231,509566400,2,0,0,4608,2,8993658243
7973,509481955,1339,509483294,14,0,1,512,14,2401753344
7974,509492125,112194,509604319,12,0,0,44544,12,4063553734
7975,509540179,174512,509714691,12,0,0,26624,12,3574694216
7976,509542673,62753,509605426,2,0,0,3584,2,1955953040
7977,509555750,137255,509693005,10,0,0,72192,10,162875169
7978,509557880,84725,509642605,16,0,0,2560,16,5517538485
7979,509603202,5086,509608288,3,0,1,8704,3,8850165250
7980,509610383,112435,509722818,9,0,0,26624,9,6194418941
7981,509620882,7230,509628112,0,0,1,7680,0,8874887060
7982,509654972,70357,509725329,17,0,0,8192,17,4303454370
7983,509670788,22232,509693020,4,0,1,4608,4,2669812300
7984,509701614,125026,509826640,2,0,0,44544,2,4241609788
7985,509752769,117707,509870476,9,0,0,9728,9,8252150178
7986,509781002,105248,509886250,17,0,0,45568,17,8167307958
7987,509860072,81128,509941200,19,0,0,11776,19,9825264292
7988,509864201,6290,509870491,6,0,1,4096,6,4934363376
7989,509948225,64988,510013213,3,0,0,9216,3,5600940881
7990,509955112,6488,509961600,3,0,1,15872,3,3332117623
7991,509981841,180952,510162793,2,0,0,11264,2,7100058229
7992,510007191,99476,510106667,10,0,0,26624,10,4501754575
7993,510031022,78936,510109958,3,0,0,10752,3,5903064107
7994,510109762,2182,510111944,16,0,1,2048,16,10004508087
7995,510141622,135527,510277149,12,0,0,15872,12,6683314792
7996,510148693,103532,510252225,15,0,0,39936,15,454555976
7997,510164635,129278,510293913,8,0,0,20480,8,5921767028
7998,510194428,194819,510389247,2,0,0,62976,2,7565904690
7999,510195973,123854,510319827,7,0,0,3584,7,8635572075
8000,510198586,197275,510395861,5,0,0,2560,5,2404904589
8001,510232972,162078,510395050,9,0,0,18944,9,8121568215
8002,510252871,81590,510334461,13,0,0,5120,13,3282637896
8003,510255734,204691,510460425,2,0,0,1024,2,9314862229
8004,510259149,566,510259715,16,0,1,512,16,2201722779
8005,510261813,59901,510321714,7,0,0,6144,7,9998862617
8006,510265378,63721,510329099,13,0,0,512,13,9655857158
8007,510270223,189875,510460098,11,0,0,20992,11,9847184000
8008,510273723,96321,510370044,11,0,0,12288,11,304056579
8009,510315375,2870,510318245,4,0,1,8704,4,7841456657
8010,510333354,96888,510430242,13,0,0,8704,13,2764471495
8011,510376585,449875,510826460,3,0,0,95232,3,678969352
8012,510378113,19391,510397504,0,0,1,2560,0,5052003113
8013,510385298,53648,510438946,8,0,0,512,8,4484731230
8014,510398267,92996,510491263,8,0,0,20480,8,7192774368
8015,510448814,119677,510568491,7,0,0,8704,7,6879682554
8016,510451852,42424,510494276,10,0,1,69120,10,9546896363
8017,510481736,14806,510496542,9,0,1,3584,9,3825267974
8018,510493763,5196,510498959,13,0,1,13312,13,4569541251
8019,510502808,95527,510598335,1,0,0,3584,1,8804749620
8020,510509363,566,510509929,5,0,1,512,5,9775775235
8021,510531588,298007,510829595,14,0,0,10240,14,5598830423
8022,510541842,106652,510648494,6,0,0,50176,6,2576917915
8023,510543196,48980,510592176,1,0,0,2048,1,8021635658
8024,510559307,15321,510574628,8,0,1,29696,8,4638523711
8025,510595543,186970,510782513,10,0,0,25600,10,2817161219
8026,510640707,13105,510653812,8,0,1,5632,8,7033108274
8027,510659863,253423,510913286,12,0,0,40960,12,9131969544
8028,510675666,252176,510927842,11,0,0,23552,11,217593152
8029,510692190,4679,510696869,1,0,1,12288,1,7652153655
8030,510728282,108527,510836809,6,0,0,8704,6,2111764517
8031,510747337,86805,510834142,19,0,0,14848,19,5063676334
8032,510747776,125556,510873332,1,0,0,19968,1,5069321442
8033,510757688,1994,510759682,5,0,1,2048,5,6103543699
8034,510789943,5326,510795269,16,0,1,5632,16,6519307368
8035,510811919,136803,510948722,14,0,0,39424,14,4363644597
8036,510902367,79433,510981800,10,0,0,10752,10,190938098
8037,510911976,6523,510918499,2,0,1,13312,2,6728220250
8038,510915561,62523,510978084,15,0,0,4096,15,724767055
8039,510916392,110444,511026836,4,0,0,17408,4,6404455383
8040,510958079,113360,511071439,16,0,0,72192,16,9891972148
8041,511012292,60566,511072858,19,0,0,4608,19,1841185062
8042,511021196,61260,511082456,4,0,0,6144,4,5641618419
8043,511025372,101333,511126705,8,0,0,25600,8,3422685524
8044,511046490,59324,511105814,14,0,0,1024,14,8815433013
8045,511101222,4607,511105829,9,0,1,4608,9,2855591808
8046,511128756,60536,511189292,8,0,0,9728,8,10339161522
8047,511150972,1518,511152490,14,0,1,1536,14,4664176218
8048,511151529,137183,511288712,11,0,0,36352,11,1200430945
8049,511247737,108836,511356573,6,0,0,57344,6,3576745702
8050,511249270,173930,511423200,14,0,0,41984,14,1445747665
8051,511268424,4937,511273361,18,0,1,12800,18,10033817062
8052,511320300,123671,511443971,2,0,0,12800,2,3572547670
8053,511331622,127649,511459271,14,0,0,32768,14,5929546773
8054,511331811,72692,511404503,12,0,0,14336,12,3298824750
8055,511367149,148439,511515588,4,0,0,23552,4,3607707907
8056,511395233,50672,511445905,1,0,0,2560,1,7846809294
8057,511417776,108279,511526055,6,0,0,34304,6,5686756944
8058,511446603,95703,511542306,7,0,0,14336,7,1849298067
8059,511472979,2870,511475849,13,0,1,8704,13,5144159475
8060,511502996,140446,511643442,1,0,0,46592,1,10418135745
8061,511602261,60824,511663085,10,0,0,5632,10,3253062831
8062,511613157,99540,511712697,14,0,0,22528,14,1089235508
8063,511642327,63491,511705818,17,0,0,10752,17,3735640180
8064,511654993,3422,511658415,8,0,1,3584,8,391578624
8065,511662169,101944,511764113,12,0,0,31744,12,7275372661
8066,511666639,1518,511668157,0,0,1,1536,0,10516262214
8067,511728935,107432,511836367,11,0,0,52736,11,2550880185
8068,511772066,2470,511774536,3,0,1,2560,3,455992628
8069,511772775,94756,511867531,14,0,0,1536,14,1061620979
8070,511793861,87206,511881067,9,0,0,5632,9,8007032197
8071,511882318,47600,511929918,18,0,0,2560,18,1194522846
8072,511899915,102284,512002199,9,0,0,35840,9,5569528849
8073,511903672,144247,512047919,15,0,0,90112,15,6148357699
8074,511974865,118343,512093208,1,0,0,22528,1,9821289396
8075,511980362,67736,512048098,9,0,0,512,9,9109686985
8076,512011393,87446,512098839,7,0,0,18432,7,7086256263
8077,512012439,7230,512019669,16,0,1,7680,16,3536131805
8078,512021892,28159,512050051,0,0,1,2048,0,1592705107
8079,512103183,59132,512162315,3,0,0,5120,3,6730810865
8080,512120878,50672,512171550,5,0,0,2560,5,1638727052
8081,512134910,11791,512146701,8,0,1,19456,8,6906370313
8082,512149225,199090,512348315,12,0,0,16384,12,9305680393
8083,512149596,147923,512297519,16,0,0,512,16,9222686194
8084,512161974,97937,512259911,15,0,0,20480,15,2458393530
8085,512168575,566,512169141,1,0,1,512,1,3677600094
8086,512258906,2515,512261421,18,0,1,1536,18,1565038266
8087,512269239,2470,512271709,0,0,1,2560,0,98616121
8088,512272705,122302,512395007,13,0,0,48640,13,2132904467
8089,512284744,92705,512377449,2,0,0,3584,2,10572122180
8090,512305779,97392,512403171,15,0,0,11264,15,1709421257
8091,512306449,157684,512464133,8,0,0,42496,8,6890302468
8092,512329450,86455,512415905,6,0,0,10240,6,8824835068
8093,512343627,203169,512546796,14,0,0,29184,14,7715244770
8094,512357386,11274,512368660,3,0,1,18432,3,9317632529
8095,512414024,151336,512565360,8,0,0,24576,8,4544476444
8096,512424678,11016,512435694,1,0,1,17920,1,1039119432
8097,512459943,90960,512550903,13,0,0,7680,13,5519932816
8098,512477021,157021,512634042,6,0,0,22016,6,153011993
8099,512497104,174877,512671981,2,0,0,5632,2,3895342293
8100,512531119,5196,512536315,16,0,1,13312,16,7178414414
8101,512584987,114515,512699502,1,0,0,12800,1,5384290262
8102,512586239,99008,512685247,18,0,0,25088,18,10661427342
8103,512595755,7230,512602985,16,0,1,7680,16,3249945210
8104,512622568,121020,512743588,16,0,0,19456,16,4698437730
8105,512628758,7270,512636028,8,0,1,2048,8,8480775609
8106,512675140,113516,512788656,12,0,0,72704,12,7454903940
8107,512683374,116838,512800212,17,0,0,14848,17,5143600843
8108,512744849,98491,512843340,16,0,0,5632,16,1828904369
8109,512818870,85784,512904654,1,0,0,22016,1,6809888901
8110,512895172,55748,512950920,4,0,0,4096,4,6092624998
8111,512958036,57440,513015476,17,0,0,4608,17,8934322418
8112,512983982,119444,513103426,17,0,0,92160,17,9357701691
8113,512994485,7230,513001715,0,0,1,7680,0,2314576726
8114,513006069,2470,513008539,0,0,1,2560,0,6087052493
8115,513044556,133330,513177886,11,0,0,36864,11,4246151859
8116,513060525,64057,513124582,19,0,0,3072,19,3154103645
8117,513060751,46663,513107414,17,0,0,512,17,10647429765
8118,513083086,28055,513111141,13,0,1,8192,13,1617459682
8119,513090359,145145,513235504,11,0,0,33280,11,8771146644
8120,513183879,75803,513259682,16,0,0,1536,16,10635669943
8121,513187489,4374,513191863,1,0,1,4608,1,4292469085
8122,513192168,175990,513368158,18,0,0,79360,18,8961533105
8123,513198570,111232,513309802,4,0,0,49152,4,7234056628
8124,513225523,144522,513370045,14,0,0,6144,14,7933281849
8125,513234659,8568,513243227,0,0,1,8192,0,1217653588
8126,513269671,162071,513431742,9,0,0,25600,9,433020327
8127,513273465,98371,513371836,18,0,0,4608,18,5362324153
8128,513316550,1042,513317592,1,0,1,1024,1,7646212326
8129,513326605,97322,513423927,8,0,0,21504,8,7989391940
8130,513360998,139650,513500648,7,0,0,37888,7,3023131570
8131,513362479,178704,513541183,7,0,0,29184,7,486542817
8132,513434245,4420,513438665,1,0,1,11776,1,3122505499
8133,513465274,224753,513690027,19,0,0,25088,19,4727630875
8134,513516886,99632,513616518,16,0,0,27136,16,2278101022
8135,513519899,162461,513682360,5,0,0,81408,5,7051613277
8136,513574329,118521,513692850,1,0,0,9216,1,5688542445
8137,513603143,166642,513769785,11,0,0,13824,11,8093058566
8138,513615591,235877,513851468,12,0,0,32256,12,356265721
8139,513640084,136774,513776858,17,0,0,15360,17,7240565229
8140,513648558,117000,513765558,12,0,0,55296,12,1750092815
8141,513653588,289135,513942723,3,0,0,82432,3,5327876253
8142,513673515,26048,513699563,8,0,1,7168,8,10250340934
8143,513707422,73596,513781018,18,0,0,3584,18,2963925109
8144,513762507,22849,513785356,18,0,1,30208,18,1070738972
8145,513797595,151122,513948717,18,0,0,10240,18,7636581912
8146,513809157,67928,513877085,19,0,0,13824,19,749062866
8147,513888095,151664,514039759,7,0,0,72704,7,6317333647
8148,513923077,27344,513950421,9,0,1,8192,9,7720195373
8149,513949141,121260,514070401,11,0,0,15872,11,6300254219
8150,513950160,149137,514099297,13,0,0,16896,13,1950861759
8151,513955107,171220,514126327,16,0,0,11776,16,4242849414
8152,513978425,85334,514063759,6,0,0,12288,6,506439554
8153,514099049,10481,514109530,9,0,1,16384,9,6911134765
8154,514195284,95600,514290884,5,0,0,18944,5,5293542680
8155,514202386,43904,514246290,6,0,0,512,6,9263534202
8156,514203019,50828,514253847,4,0,0,3072,4,412557563
8157,514229193,96224,514325417,15,0,0,20992,15,5681932991
8158,514286422,110794,514397216,9,0,0,49152,9,10446185788
8159,514294232,106431,514400663,17,0,0,11264,17,7240522664
8160,514324192,81946,514406138,8,0,0,17920,8,10630606605
8161,514339177,95395,514434572,9,0,0,8192,9,1437584294
8162,514356843,4374,514361217,9,0,1,4608,9,5605228555
8163,514405340,64746,514470086,15,0,0,7680,15,5003663257
8164,514439329,148117,514587446,19,0,0,93184,19,4863394138
8165,514508889,113564,514622453,3,0,0,19456,3,4225508871
8166,514515168,101342,514616510,18,0,0,19968,18,943748236
8167,514574395,25868,514600263,0,0,1,21504,0,9963940720
8168,514596323,93969,514690292,8,0,0,24064,8,8769422820
8169,514669296,61292,514730588,10,0,0,7168,10,647363925
8170,514700946,1518,514702464,13,0,1,1536,13,3691060815
8171,514704070,6754,514710824,14,0,1,7168,14,4621110158
8172,514765118,64208,514829326,3,0,0,6656,3,3763542437
8173,514803227,78897,514882124,2,0,0,7168,2,4097377108
8174,514813874,106340,514920214,6,0,0,49152,6,7301822907
8175,514842130,79815,514921945,18,0,0,5632,18,250995554
8176,514850431,158253,515008684,2,0,0,40960,2,9834512610
8177,514850942,137593,514988535,15,0,0,42496,15,3863429391
8178,514885884,138334,515024218,13,0,0,5120,13,2656712987
8179,514920269,148882,515069151,13,0,0,22528,13,6964162382
8180,514936102,105716,515041818,2,0,0,47104,2,1307415678
8181,514956552,3387,514959939,18,0,1,9728,18,6636979624
8182,515029806,16378,515046184,5,0,1,4608,5,6622446972
8183,515091866,4679,515096545,16,0,1,12288,16,10436446953
8184,515093888,3003,515096891,3,0,1,512,3,2757558546
8185,515106665,47764,515154429,15,0,0,1024,15,9487616896
8186,515130679,88208,515218887,7,0,0,14848,7,9197814849
8187,515133856,6488,515140344,5,0,1,15872,5,8283936152
8188,515140998,206647,515347645,4,0,0,36352,4,3291232856
8189,515142012,10757,515152769,19,0,1,17408,19,5155669627
8190,515154783,178964,515333747,17,0,0,29696,17,152248803
8191,515179337,6278,515185615,8,0,1,6656,8,2814578303
8192,515191521,73628,515265149,9,0,0,17408,9,10005258762
8193,515192951,174722,515367673,16,0,0,16384,16,8164281762
8194,515253216,70805,515324021,11,0,0,11776,11,9460943441
8195,515277491,123714,515401205,2,0,0,28160,2,3460466630
8196,515303008,1042,515304050,9,0,1,1024,9,4938772692
8197,515311372,110803,515422175,19,0,0,5120,19,168391379
8198,515333748,13912,515347660,0,0,1,3072,0,8152028976
8199,515338972,101602,515440574,10,0,0,10240,10,4276252185
8200,515368598,1518,515370116,4,0,1,1536,4,6609965690
8201,515379776,97916,515477692,9,0,0,21504,9,7339702173
8202,515394088,148818,515542906,1,0,0,32768,1,6775265186
8203,515416443,261878,515678321,7,0,0,18944,7,8919782559
8204,515428518,7706,515436224,14,0,1,8192,14,10553692399
8205,515434701,2189,515436890,3,0,1,1024,3,9993085936
8206,515484136,107862,515591998,15,0,0,5120,15,10527196730
8207,515520787,99911,515620698,13,0,0,11776,13,6259254522
8208,515544178,144739,515688917,10,0,0,15360,10,8765638633
8209,515548201,6229,515554430,1,0,1,15360,1,9501032081
8210,515549025,51193,515600218,18,0,0,1536,18,3044861418
8211,515572296,84560,515656856,12,0,0,23040,12,6158706727
8212,515599984,64434,515664418,11,0,0,6656,11,420269828
8213,515681340,121755,515803095,9,0,0,43520,9,7434255582
8214,515681575,63608,515745183,2,0,0,9728,2,2437614579
8215,515721315,87114,515808429,18,0,0,14848,18,10604137125
8216,515741199,62691,515803890,17,0,0,2560,17,6673744944
8217,515760588,59600,515820188,13,0,0,6656,13,7901773114
8218,515808040,67685,515875725,8,0,0,11776,8,9659902734
8219,515847130,101660,515948790,3,0,0,33792,3,8174060645
8220,515848195,63452,515911647,17,0,0,9216,17,2858275891
8221,515885118,3645,515888763,9,0,1,10240,9,4759120923
8222,515899257,116811,516016068,11,0,0,26624,11,10172953713
8223,515953449,74300,516027749,10,0,0,8704,10,8171471261
8224,515982633,64466,516047099,4,0,0,512,4,1324313018
8225,516013832,95668,516109500,12,0,0,16896,12,3722627964
8226,516025982,89835,516115817,5,0,0,19456,5,3391417861
8227,516036402,102156,516138558,9,0,0,15360,9,4840543590
8228,516040124,138219,516178343,13,0,0,47104,13,5433138953
8229,516080837,216919,516297756,8,0,0,40448,8,3082122057
8230,516095820,128939,516224759,17,0,0,5632,17,6855523848
8231,516105421,83894,516189315,14,0,0,7168,14,59652766
8232,516126487,127358,516253845,5,0,0,36352,5,4431966318
8233,516145850,1994,516147844,0,0,1,2048,0,4488729570
8234,516286678,77282,516363960,11,0,0,8192,11,4884626288
8235,516293097,73686,516366783,14,0,0,9216,14,3436765084
8236,516320043,3422,516323465,12,0,1,3584,12,10352656537
8237,516369800,93908,516463708,8,0,0,18432,8,4628243680
8238,516448771,105404,516554175,14,0,0,46080,14,6522833847
8239,516450011,2946,516452957,0,0,1,3072,0,9646355286
8240,516472579,3904,516476483,14,0,1,10752,14,3831459717
8241,516486513,7230,516493743,9,0,1,7680,9,8142949531
8242,516553211,201732,516754943,6,0,0,17408,6,5791911839
8243,516556501,59288,516615789,8,0,0,5632,8,815166431
8244,516566208,146655,516712863,6,0,0,96256,6,5175714209
8245,516591689,245337,516837026,5,0,0,86528,5,6002629105
8246,516592867,156757,516749624,5,0,0,27648,5,6340579810
8247,516608921,291478,516900399,8,0,0,13824,8,7597418965
8248,516671138,194424,516865562,1,0,0,13824,1,8132973798
8249,516693334,82624,516775958,5,0,0,2048,5,2587194528
8250,516721437,166938,516888375,14,0,0,70144,14,4811322257
8251,516743692,216119,516959811,5,0,0,25088,5,611708600
8252,516769359,68321,516837680,7,0,0,2048,7,9408043414
8253,516788618,3904,516792522,8,0,1,10752,8,8344630915
8254,516807755,29286,516837041,18,0,1,12800,18,10347172411
8255,516836421,2293,516838714,1,0,1,1024,1,6183622729
8256,516849543,1994,516851537,5,0,1,2048,5,1295933785
8257,516857334,31056,516888390,1,0,1,19968,1,3210218012
8258,516860701,27704,516888405,14,0,1,17920,14,2564916638
8259,516877659,266286,517143945,15,0,0,43520,15,7123135529
8260,516885286,177521,517062807,3,0,0,79872,3,7145196762
8261,516933213,335275,517268488,11,0,0,61440,11,7231243259
8262,516940810,3422,516944232,16,0,1,3584,16,9220815878
8263,516983291,184594,517167885,10,0,0,71680,10,6766991888
8264,517080369,99108,517179477,0,0,0,10752,0,5347754445
8265,517127155,52493,517179648,19,0,0,512,19,5443664380
8266,517189636,80115,517269751,6,0,0,4096,6,1157219048
8267,517246294,101816,517348110,9,0,0,34304,9,9798841928
8268,517365882,5454,517371336,9,0,1,13824,9,1594000953
8269,517380906,122069,517502975,12,0,0,29184,12,3919904137
8270,517416786,4420,517421206,15,0,1,11776,15,1824341091
8271,517418906,245689,517664595,12,0,0,56320,12,1640968223
8272,517436681,112626,517549307,9,0,0,2560,9,10239298964
8273,517515088,566,517515654,1,0,1,512,1,1082086135
8274,517542268,138401,517680669,16,0,0,37376,16,9599400980
8275,517629830,104312,517734142,16,0,0,42496,16,1123818816
8276,517726179,78931,517805110,18,0,0,8704,18,3870216773
8277,517767088,1042,517768130,1,0,1,1024,1,412387778
8278,517794997,122564,517917561,5,0,0,102400,5,5881834930
8279,517796839,142754,517939593,9,0,0,18432,9,710514145
8280,517915680,108369,518024049,2,0,0,49664,2,10149586415
8281,517955785,12825,517968610,13,0,1,21504,13,3550382199
8282,517957114,13442,517970556,1,0,1,3072,1,9746325888
8283,518004119,78836,518082955,19,0,0,14336,19,10068984614
8284,518010485,210030,518220515,15,0,0,40448,15,9816542080
8285,518041149,4679,518045828,18,0,1,12288,18,3715573526
8286,518048408,75223,518123631,7,0,0,10752,7,2744070829
8287,518075749,170787,518246536,4,0,0,20480,4,3673700171
8288,518098703,3128,518101831,13,0,1,9216,13,9625174552
8289,518126835,77168,518204003,11,0,0,9216,11,10378512329
8290,518132348,180476,518312824,10,0,0,71680,10,5321112131
8291,518159081,193560,518352641,19,0,0,9728,19,8125907118
8292,518195688,215462,518411150,8,0,0,22528,8,4346361856
8293,518228105,121536,518349641,10,0,0,25088,10,9291407029
8294,518238407,161970,518400377,3,0,0,17408,3,9002527566
8295,518238598,199882,518438480,15,0,0,62464,15,4182866017
8296,518255521,13512,518269033,0,0,1,26112,0,8099481496
8297,518269849,82963,518352812,4,0,0,512,4,3398662344
8298,518337453,252403,518589856,10,0,0,9216,10,5977546493
8299,518347720,169426,518517146,6,0,0,92672,6,2050799218
8300,518371463,215570,518587033,4,0,0,114176,4,5438412951
8301,518384800,140731,518525531,6,0,0,4096,6,1588162539
8302,518405039,11557,518416596,8,0,1,13824,8,8927299534
8303,518440202,193673,518633875,17,0,0,39936,17,8689603481
8304,518456769,189989,518646758,12,0,0,6656,12,935770646
8305,518533128,125701,518658829,17,0,0,14848,17,6945693320
8306,518631321,161266,518792587,11,0,0,39936,11,5276151171
8307,518637100,1518,518638618,1,0,1,1536,1,9864683652
8308,518653053,93908,518746961,14,0,0,18432,14,1290462202
8309,518676234,88805,518765039,1,0,0,1024,1,4228675607
8310,518756599,102284,518858883,8,0,0,35840,8,2092048742
8311,518863785,56528,518920313,12,0,0,6656,12,4641430393
8312,518923671,100880,519024551,6,0,0,31232,6,4601191977
8313,518932422,3422,518935844,8,0,1,3584,8,6754270565
8314,519003240,102128,519105368,9,0,0,35328,9,9613178755
8315,519048280,5196,519053476,3,0,1,13312,3,2485352578
8316,519110057,67592,519177649,7,0,0,7680,7,4374071881
8317,519173695,161934,519335629,3,0,0,55296,3,9945026248
8318,519182114,3645,519185759,9,0,1,10240,9,1013402745
8319,519262593,101192,519363785,19,0,0,32256,19,3733390448
8320,519290488,75184,519365672,12,0,0,6144,12,536046907
8321,519362852,110605,519473457,4,0,0,53248,4,9266757027
8322,519404919,3128,519408047,0,0,1,9216,0,4080728803
8323,519436290,566,519436856,8,0,1,512,8,7356222213
8324,519459603,103146,519562749,3,0,0,18432,3,1881901861
8325,519460048,77634,519537682,10,0,0,6656,10,10389644810
8326,519525671,66836,519592507,7,0,0,10240,7,9458706134
8327,519526465,99164,519625629,17,0,0,25600,17,8363885045
8328,519561173,7022,519568195,3,0,1,13824,3,8192318481
8329,519586499,67592,519654091,1,0,0,7680,1,8564759612
8330,519614522,11130,519625652,14,0,1,14848,14,2403800788
8331,519619642,63419,519683061,6,0,0,4608,6,7286705579
8332,519667870,104780,519772650,8,0,0,44032,8,3725355370
8333,519706771,98072,519804843,7,0,0,22016,7,5562896819
8334,519723254,141973,519865227,18,0,0,58880,18,643468480
8335,519763974,306546,520070520,11,0,0,74752,11,4480298277
8336,519774623,150550,519925173,14,0,0,27648,14,7538165424
8337,519786919,106028,519892947,11,0,0,48128,11,8632116769
8338,519821997,159898,519981895,4,0,0,24576,4,6618725285
8339,519836935,103076,519940011,18,0,0,13824,18,511281425
8340,519848683,125709,519974392,12,0,0,16896,12,2065175162
8341,519849197,198532,520047729,9,0,0,48640,9,5287821301
8342,519856670,14877,519871547,14,0,1,6656,14,6735735911
8343,519872186,118304,519990490,11,0,0,28160,11,10359606998
8344,519893859,123679,520017538,15,0,0,6144,15,2707538862
8345,519923598,163496,520087094,1,0,0,53760,1,3659641164
8346,519964092,106599,520070691,6,0,0,512,6,5099333442
8347,519965267,203249,520168516,7,0,0,61952,7,3215631458
8348,519967338,288526,520255864,18,0,0,3584,18,2053723033
8349,519969144,135868,520105012,19,0,0,14848,19,9954541224
8350,520017678,208930,520226608,11,0,0,15872,11,551784292
8351,520060395,126991,520187386,4,0,0,16896,4,972623032
8352,520081163,161747,520242910,14,0,0,32768,14,1017039252
8353,520099006,6021,520105027,4,0,1,2560,4,9382930213
8354,520109570,209954,520319524,16,0,0,51200,16,5402936974
8355,520153332,110242,520263574,5,0,0,2560,5,7596403704
8356,520203723,3422,520207145,14,0,1,3584,14,9974165819
8357,520251718,2946,520254664,16,0,1,3072,16,2837712986
8358,520286501,101972,520388473,5,0,0,34816,5,3445821240
8359,520289031,70738,520359769,6,0,0,6144,6,6949957162
8360,520307766,137087,520444853,12,0,0,50688,12,612901559
8361,520324360,6229,520330589,16,0,1,15360,16,7046030886
8362,520325415,10904,520336319,19,0,1,7680,19,5588354157
8363,520333674,138041,520471715,12,0,0,6656,12,7062348262
8364,520335721,2470,520338191,9,0,1,2560,9,3656510115
8365,520338001,109215,520447216,4,0,0,7680,4,6978703048
8366,520354158,53040,520407198,3,0,0,1536,3,10156044080
8367,520394590,125263,520519853,5,0,0,12288,5,8895581675
8368,520430141,20162,520450303,16,0,1,9216,16,5398632296
8369,520493593,566,520494159,8,0,1,512,8,4947925473
8370,520531244,50672,520581916,14,0,0,2560,14,10709054646
8371,520560316,89168,520649484,16,0,0,23040,16,5076060587
8372,520587263,124437,520711700,19,0,0,1024,19,8022083138
8373,520593006,117884,520710890,9,0,0,87040,9,929260252
8374,520643977,134137,520778114,12,0,0,28160,12,10113402624
8375,520650035,61338,520711373,1,0,0,1536,1,4524199333
8376,520651756,130585,520782341,14,0,0,13824,14,6515416414
8377,520682100,74882,520756982,19,0,0,9216,19,5457070976
8378,520734215,130419,520864634,12,0,0,22528,12,9317914815
8379,520837721,76364,520914085,1,0,0,11264,1,5103940444
8380,520850810,43904,520894714,8,0,0,512,8,3785134322
8381,520881010,180273,521061283,19,0,0,145408,19,4803271002
8382,520887287,5326,520892613,4,0,1,5632,4,10580784832
8383,520936823,7230,520944053,18,0,1,7680,18,2600628800
8384,520944322,121352,521065674,13,0,0,14336,13,4544683207
8385,521023226,46806,521070032,0,0,1,4608,0,8936779814
8386,521060303,110767,521171070,15,0,0,46080,15,10616485837
8387,521077761,1042,521078803,5,0,1,1024,5,10314419127
8388,521171166,55904,521227070,15,0,0,4608,15,9722234491
8389,521231185,47288,521278473,7,0,0,1536,7,5488304467
8390,521275311,98540,521373851,4,0,0,23552,4,8381645172
8391,521367120,112751,521479871,19,0,0,48128,19,3161415469
8392,521427879,59540,521487419,10,0,0,5120,10,2488710137
8393,521442930,60536,521503466,6,0,0,9728,6,5239887605
8394,521487073,66238,521553311,18,0,0,7168,18,6513485861
8395,521550526,115365,521665891,18,0,0,54272,18,6875196401
8396,521552582,6950,521559532,9,0,1,15360,9,1237856146
8397,521554566,178303,521732869,9,0,0,24064,9,5896338249
8398,521557458,14457,521571915,1,0,1,23552,1,3423979944
8399,521561139,15961,521577100,8,0,1,16384,8,2065130825
8400,521598572,159839,521758411,14,0,0,17920,14,4890404080
8401,521604842,98663,521703505,16,0,0,10240,16,2960687104
8402,521653311,115420,521768731,11,0,0,10240,11,6062006642
8403,521666782,111519,521778301,19,0,0,12800,19,865377186
8404,521672888,13083,521685971,5,0,1,22016,5,1243519614
8405,521685893,246787,521932680,8,0,0,42496,8,5885193301
8406,521742551,99164,521841715,18,0,0,25600,18,7765786805
8407,521773016,124351,521897367,15,0,0,15360,15,10070798789
8408,521791940,100724,521892664,2,0,0,30720,2,1314463759
8409,521801837,1042,521802879,13,0,1,1024,13,4436835990
8410,521810902,5971,521816873,17,0,1,14848,17,6323015971
8411,521823175,117528,521940703,6,0,0,25600,6,2141221019
8412,521823837,129477,521953314,12,0,0,13312,12,1431514700
8413,521854562,226319,522080881,1,0,0,76800,1,778971740
8414,521886122,13674,521899796,15,0,1,2560,15,402618974
8415,521907577,69036,521976613,16,0,0,11264,16,6723867600
8416,521914228,52364,521966592,11,0,0,3072,11,2981831812
8417,521951016,4284,521955300,3,0,1,2048,3,8714996686
8418,522039180,60824,522100004,9,0,0,5632,9,7866577543
8419,522040097,87236,522127333,7,0,0,10240,7,8421440888
8420,522079527,89176,522168703,10,0,0,13824,10,1430192222
8421,522082570,117501,522200071,11,0,0,20992,11,5878601851
8422,522091574,3904,522095478,11,0,1,10752,11,5796878643
8423,522112371,74360,522186731,12,0,0,9728,12,2575496098
8424,522151327,166446,522317773,17,0,0,63488,17,1802824525
8425,522206121,2946,522209067,3,0,1,3072,3,6236714267
8426,522248316,70876,522319192,15,0,0,4608,15,711475798
8427,522254914,4850,522259764,8,0,1,5120,8,9902820040
8428,522267237,108140,522375377,13,0,0,28160,13,3041534506
8429,522287551,88933,522376484,1,0,0,3584,1,6388032043
8430,522293448,155447,522448895,19,0,0,41472,19,6697296684
8431,522347047,170137,522517184,2,0,0,35840,2,1286684939
8432,522389447,160902,522550349,17,0,0,14848,17,4622051094
8433,522393785,7230,522401015,16,0,1,7680,16,10035718335
8434,522421962,84287,522506249,17,0,0,11264,17,5803374956
8435,522464498,1042,522465540,5,0,1,1024,5,3894330979
8436,522476639,193679,522670318,2,0,0,21504,2,6625520760
8437,522512087,191243,522703330,1,0,0,18944,1,4466918974
8438,522514100,105073,522619173,17,0,0,34816,17,7374362534
8439,522645505,239217,522884722,17,0,0,133120,17,5647027571
8440,522670949,59132,522730081,13,0,0,5120,13,1223126414
8441,522683534,225570,522909104,15,0,0,13824,15,2423040456
8442,522707005,197856,522904861,7,0,0,66048,7,4418322260
8443,522713392,222300,522935692,6,0,0,22016,6,3771386555
8444,522713521,198718,522912239,15,0,0,10240,15,1771769186
8445,522772000,254118,523026118,13,0,0,5120,13,7041347543
8446,522815701,3422,522819123,2,0,1,3584,2,164166867
8447,522853545,153280,523006825,13,0,0,34816,13,3924999046
8448,522871405,203916,523075321,10,0,0,98304,10,2015157321
8449,522896016,179476,523075492,3,0,0,512,3,10694438798
8450,522905120,59500,522964620,6,0,0,3072,6,9056722460
8451,522915852,3128,522918980,17,0,1,9216,17,5777455174
8452,522918816,1042,522919858,0,0,1,1024,0,878162406
8453,522941029,193650,523134679,18,0,0,57856,18,4264499347
8454,522955164,124087,523079251,10,0,0,12288,10,10533671460
8455,522957036,207153,523164189,9,0,0,12288,9,1005370085
8456,522967424,10757,522978181,3,0,1,17408,3,5069102445
8457,523008945,105122,523114067,10,0,0,15872,10,7913625661
8458,523031666,190411,523222077,8,0,0,40960,8,383369164
8459,523035886,2470,523038356,4,0,1,2560,4,3485403116
8460,523037835,3422,523041257,18,0,1,3584,18,4844147186
8461,523100425,83713,523184138,8,0,0,6144,8,6640366986
8462,523139566,234345,523373911,14,0,0,70656,14,773588369
8463,523149610,74510,523224120,3,0,0,6656,3,8787798442
8464,523168175,106585,523274760,19,0,0,24064,19,10077731458
8465,523176427,76593,523253020,8,0,0,4096,8,3892804325
8466,523183322,145523,523328845,17,0,0,65024,17,8106049814
8467,523206020,72808,523278828,8,0,0,7168,8,6432599479
8468,523240976,136538,523377514,2,0,0,11776,2,10095506961
8469,523256927,4374,523261301,0,0,1,4608,0,5428888341
8470,523265949,8826,523274775,5,0,1,3584,5,8013763750
8471,523332049,1042,523333091,0,0,1,1024,0,7974528696
8472,523334448,57331,523391779,11,0,0,1024,11,7439229697
8473,523402566,6229,523408795,16,0,1,15360,16,3527301630
8474,523403099,96592,523499691,6,0,0,23552,6,49952622
8475,523411362,142629,523553991,1,0,0,40448,1,3661849199
8476,523422890,156436,523579326,12,0,0,6144,12,6986421883
8477,523427332,1994,523429326,18,0,1,2048,18,2865440405
8478,523492656,84783,523577439,4,0,0,14336,4,4937734187
8479,523551793,126185,523677978,15,0,0,25088,15,9623612686
8480,523555859,114452,523670311,7,0,0,75776,7,10499029350
8481,523595083,83378,523678461,4,0,0,1536,4,6844934185
8482,523622267,56365,523678632,17,0,0,512,17,2357059915
8483,523629943,566,523630509,18,0,1,512,18,7142793124
8484,523630320,115879,523746199,1,0,0,30208,1,3954790550
8485,523639110,116932,523756042,0,0,0,32256,0,1354962991
8486,523658702,140940,523799642,7,0,0,28160,7,5850509157
8487,523694340,1518,523695858,0,0,1,1536,0,2932076871
8488,523700380,5326,523705706,4,0,1,5632,4,1824686502
8489,523747582,60816,523808398,13,0,0,3072,13,766633201
8490,523762165,119389,523881554,17,0,0,22528,17,174264990
8491,523800773,59132,523859905,15,0,0,5120,15,5347938088
8492,523806141,101849,523907990,14,0,0,11264,14,6800202047
8493,523823394,48980,523872374,9,0,0,2048,9,3533059554
8494,523831583,204390,524035973,4,0,0,91136,4,895347677
8495,523838944,365517,524204461,6,0,0,25088,6,7423664482
8496,523866208,4162,523870370,4,0,1,11264,4,6201343719
8497,523875006,18589,523893595,13,0,1,19968,13,1056919387
8498,523928543,62516,523991059,13,0,0,6144,13,124591812
8499,523929851,20624,523950475,10,0,1,33280,10,10073003809
8500,523943325,253469,524196794,10,0,0,135168,10,120932576
8501,523949716,360421,524310137,17,0,0,237568,17,5114745037
8502,524027531,9952,524037483,14,0,1,1536,14,6762215374
8503,524071232,3422,524074654,19,0,1,3584,19,8773399353
8504,524111827,204097,524315924,12,0,0,18944,12,6204912786
8505,524163375,162743,524326118,17,0,0,29184,17,7303155865
8506,524203419,201673,524405092,10,0,0,33792,10,5648540873
8507,524227826,89377,524317203,15,0,0,4096,15,2811872235
8508,524234998,103234,524338232,15,0,0,27136,15,8479907779
8509,524251704,76367,524328071,1,0,1,2048,1,9848915809
8510,524259105,262542,524521647,15,0,0,65024,15,2517826416
8511,524284350,300848,524585198,7,0,0,32768,7,1000387272
8512,524352223,149581,524501804,15,0,0,39936,15,257524642
8513,524405836,282204,524688040,15,0,0,40448,15,10586103248
8514,524407585,209901,524617486,13,0,0,36864,13,7730538016
8515,524412856,219309,524632165,12,0,0,48128,12,3047036384
8516,524452642,94532,524547174,17,0,0,20480,17,7605372019
8517,524465700,178180,524643880,10,0,0,38400,10,5522949740
8518,524484783,175219,524660002,3,0,0,30208,3,8167880713
8519,524492865,33591,524526456,9,0,1,5120,9,2507638465
8520,524498475,199705,524698180,2,0,0,8192,2,58070820
8521,524601231,138517,524739748,15,0,0,28672,15,3804242216
8522,524602160,116378,524718538,8,0,0,18432,8,9274456817
8523,524658857,100925,524759782,4,0,0,27648,4,5029644405
8524,524670193,4162,524674355,14,0,1,11264,14,3050633206
8525,524740294,7706,524748000,5,0,1,8192,5,2393662445
8526,524805511,105248,524910759,15,0,0,45568,15,3173692436
8527,524827915,160394,524988309,12,0,0,67072,12,2667534351
8528,524852782,566,524853348,13,0,1,512,13,8881192446
8529,524874744,185392,525060136,4,0,0,68608,4,5963891925
8530,524892647,99265,524991912,4,0,0,11776,4,1601273252
8531,524903976,9245,524913221,3,0,1,2560,3,7620445501
8532,524960817,145374,525106191,1,0,0,39936,1,10613851063
8533,525001286,566,525001852,1,0,1,512,1,1187362146
8534,525007791,142872,525150663,18,0,0,24576,18,6769286359
8535,525016287,117604,525133891,9,0,1,195584,9,8266257924
8536,525108780,114760,525223540,15,0,0,13312,15,1623591312
8537,525113959,187234,525301193,14,0,0,6656,14,4836194880
8538,525125984,161353,525287337,6,0,0,69120,6,834333907
8539,525173278,5802,525179080,17,0,1,6144,17,8036099444
8540,525187659,259470,525447129,3,0,0,49664,3,8944514116
8541,525206223,96326,525302549,11,0,0,1024,11,5458153544
8542,525217847,248770,525466617,4,0,0,12800,4,10155738742
8543,525252685,116090,525368775,13,0,0,20480,13,8397692009
8544,525261264,158275,525419539,8,0,0,17408,8,266776375
8545,525295902,45596,525341498,2,0,0,1024,2,3783095032
8546,525309565,180854,525490419,12,0,0,4096,12,5593947803
8547,525376374,72486,525448860,17,0,0,5632,17,8630925103
8548,525405793,80167,525485960,3,0,0,13312,3,3008638735
8549,525417028,146513,525563541,12,0,0,31232,12,2998840261
8550,525513150,97496,525610646,13,0,0,30208,13,1975636579
8551,525528133,47288,525575421,16,0,0,1536,16,1099964596
8552,525567405,82088,525649493,10,0,0,19968,10,2335882286
8553,525570799,50672,525621471,6,0,0,2560,6,9687807686
8554,525576086,206892,525782978,10,0,0,30720,10,4410899662
8555,525586863,5802,525592665,16,0,1,6144,16,2409592760
8556,525606966,98303,525705269,3,0,0,9216,3,2531006781
8557,525634259,108105,525742364,7,0,0,25600,7,1388573170
8558,525724675,3422,525728097,17,0,1,3584,17,10107783265
8559,525763352,100880,525864232,4,0,0,31232,4,3011263847
8560,525793799,86303,525880102,2,0,0,1536,2,9174224510
8561,525804702,60793,525865495,9,0,0,4096,9,10736422329
8562,525856433,98222,525954655,5,0,0,23040,5,6481879811
8563,525860752,8405,525869157,12,0,1,10240,12,2772035992
8564,525942661,71132,526013793,10,0,0,9216,10,5383984221
8565,526076253,105872,526182125,19,0,0,47616,19,1696651732
8566,526091954,101043,526192997,12,0,0,7680,12,9559523560
8567,526096530,566,526097096,17,0,1,512,17,5761625595
8568,526146689,54056,526200745,1,0,0,3584,1,3816733988
8569,526147829,10757,526158586,16,0,1,17408,16,1152604165
8570,526152836,139693,526292529,1,0,0,21504,1,2212522082
8571,526154290,99280,526253570,17,0,0,24576,17,9122914911
8572,526169634,183927,526353561,8,0,0,9728,8,4228763103
8573,526186478,93990,526280468,14,0,0,20992,14,3130462990
8574,526209739,98384,526308123,4,0,0,23040,4,10564946905
8575,526219238,164550,526383788,15,0,0,14848,15,2803947343
8576,526255995,566,526256561,17,0,1,512,17,835805832
8577,526261119,19364,526280483,5,0,1,31232,5,3465468479
8578,526266698,150798,526417496,14,0,0,29696,14,330546609
8579,526303145,234019,526537164,14,0,0,8704,14,6824725932
8580,526349615,11016,526360631,2,0,1,17920,2,10085651914
8581,526427828,106669,526534497,14,0,0,27136,14,7717336505
8582,526494832,147623,526642455,13,0,0,65536,13,1395982334
8583,526505623,3904,526509527,12,0,1,10752,12,2510593881
8584,526517693,3128,526520821,0,0,1,9216,0,7881874812
8585,526550398,98944,526649342,2,0,0,22528,2,2696976330
8586,526578186,7706,526585892,1,0,1,8192,1,9021722069
8587,526582382,24929,526607311,9,0,1,45056,9,10218123276
8588,526625461,31095,526656556,17,0,1,7680,17,2604408568
8589,526639901,19561,526659462,14,0,1,4608,14,7782186106
8590,526650046,113566,526763612,18,0,0,16384,18,1216363423
8591,526661358,74926,526736284,13,0,0,6144,13,5467097836
8592,526668792,50440,526719232,18,0,0,1536,18,9939336522
8593,526706622,173846,526880468,18,0,0,60416,18,419820918
8594,526782701,103398,526886099,3,0,0,18432,3,1196711786
8595,526802269,101504,526903773,6,0,0,33280,6,5941622572
8596,526822906,140350,526963256,8,0,0,12288,8,4165734888
8597,526825899,2470,526828369,12,0,1,2560,12,3643699904
8598,526833162,114116,526947278,16,0,0,51712,16,4835656885
8599,526847157,181900,527029057,7,0,0,61952,7,8578137660
8600,526856620,109303,526965923,4,0,0,8704,4,7144641149
8601,526875651,79565,526955216,2,0,0,1024,2,1207813334
8602,526949916,99164,527049080,0,0,0,25600,0,1882220826
8603,526962138,7675,526969813,3,0,1,4096,3,6946015024
8604,527027792,91309,527119101,3,0,0,15872,3,9126259954
8605,527049707,3422,527053129,17,0,1,3584,17,7255715986
8606,527112383,1042,527113425,8,0,1,1024,8,9300542802
8607,527125676,100724,527226400,14,0,0,30720,14,4511003119
8608,527128294,119202,527247496,0,0,0,9216,0,7430276104
8609,527136366,78450,527214816,4,0,0,8192,4,6419438490
8610,527198686,99320,527298006,4,0,0,26112,4,7398217421
8611,527223194,120454,527343648,4,0,0,23552,4,6915707538
8612,527231891,66805,527298696,14,0,0,2048,14,6950222782
8613,527292378,132588,527424966,5,0,0,62464,5,3979210077
8614,527313364,190556,527503920,3,0,0,88576,3,1874198287
8615,527322117,5802,527327919,19,0,1,6144,19,3118675157
8616,527328510,145849,527474359,15,0,0,1536,15,8984489627
8617,527392957,113014,527505971,0,0,0,6656,0,7105073993
8618,527405619,103019,527508638,12,0,0,8704,12,1787212208
8619,527410695,129471,527540166,14,0,0,14848,14,6600740985
8620,527450423,125725,527576148,9,0,0,15872,9,2817840661
8621,527492095,21828,527513923,18,0,1,5632,18,2038349873
8622,527571637,95807,527667444,19,0,0,19968,19,6119042465
8623,527610035,163794,527773829,10,0,0,20480,10,5757568774
8624,527610644,48980,527659624,10,0,0,2048,10,2516447803
8625,527612698,247679,527860377,9,0,1,405504,9,9419400130
8626,527624461,266446,527890907,10,0,0,12288,10,9125187343
8627,527677540,184783,527862323,4,0,1,3072,4,5745299200
8628,527713242,310586,528023828,14,0,0,84480,14,5864128972
8629,527717348,151388,527868736,14,0,1,22528,14,9182393529
8630,527732164,174513,527906677,10,0,0,14848,10,5098751182
8631,527746591,125691,527872282,1,0,1,5632,1,3293071351
8632,527749989,238029,527988018,1,0,0,33280,1,8160854124
8633,527836348,225624,528061972,5,0,0,11776,5,9839480419
8634,527847091,246918,528094009,14,0,0,81408,14,6228220807
8635,527912069,209134,528121203,13,0,0,18944,13,6959656751
8636,527967542,20491,527988033,13,0,1,32256,13,3578737426
8637,527974129,120527,528094656,0,0,0,2048,0,3606011808
8638,527997471,260428,528257899,14,0,0,28160,14,3172601028
8639,528002356,179068,528181424,5,0,0,27136,5,1502349121
8640,528024848,1518,528026366,18,0,1,1536,18,3165637285
8641,528051070,240711,528291781,19,0,0,7168,19,354032595
8642,528066586,214420,528281006,11,0,0,30208,11,2982113101
8643,528070402,241636,528312038,4,0,0,31232,4,9161885512
8644,528077141,262778,528339919,3,0,0,78336,3,9314221016
8645,528094194,294788,528388982,3,0,0,14336,3,2691686490
8646,528098191,254659,528352850,5,0,0,6656,5,6373513723
8647,528119509,313290,528432799,9,0,0,19968,9,6269813433
8648,528120479,62208,528182687,13,0,0,4096,13,9930875778
8649,528152516,218796,528371312,5,0,0,53248,5,4495851755
8650,528189474,104672,528294146,3,0,0,512,3,2771674675
8651,528203334,285192,528488526,1,0,0,44544,1,3069156556
8652,528223504,203180,528426684,17,0,0,43520,17,343007621
8653,528227477,4420,528231897,8,0,1,11776,8,1403318807
8654,528247426,312759,528560185,18,0,0,122368,18,4888438220
8655,528259893,215046,528474939,13,0,0,8192,13,5233932430
8656,528271343,23983,528295326,18,0,1,39936,18,2105708615
8657,528286585,14130,528300715,6,0,1,17408,6,2889246805
8658,528324241,176250,528500491,14,0,0,3072,14,2481655165
8659,528363229,136303,528499532,14,0,0,15872,14,6125550345
8660,528404449,168770,528573219,8,0,0,20992,8,682404437
8661,528414593,206578,528621171,15,0,0,8704,15,4049563991
8662,528420890,169805,528590695,12,0,0,4608,12,3549385943
8663,528433383,56506,528489889,12,0,0,512,12,5081386542
8664,528438953,7230,528446183,16,0,1,7680,16,9419142550
8665,528491062,91089,528582151,0,0,0,16896,0,3457308617
8666,528498045,133828,528631873,18,0,0,32768,18,8667386836
8667,528517713,43904,528561617,13,0,0,512,13,3463069526
8668,528521816,69674,528591490,12,0,0,2560,12,1663055914
8669,528554242,134806,528689048,11,0,0,13312,11,10553587967
8670,528580547,144796,528725343,10,0,0,7168,10,4876685049
8671,528618185,103844,528722029,18,0,0,40960,18,2698733167
8672,528629971,104052,528734023,19,0,0,3584,19,5683501944
8673,528663728,59416,528723144,13,0,0,3584,13,876040271
8674,528674521,83952,528758473,6,0,0,2048,6,4856013995
8675,528706639,1042,528707681,17,0,1,1024,17,1187092969
8676,528715400,20943,528736343,9,0,1,17920,9,98152545
8677,528721081,65462,528786543,17,0,0,4096,17,9656232739
8678,528727133,124487,528851620,3,0,0,14848,3,8586032015
8679,528750194,52832,528803026,12,0,0,4608,12,7730917559
8680,528783291,107575,528890866,9,0,0,18432,9,2864207713
8681,528870841,73004,528943845,2,0,0,15360,2,4063511729
8682,528882798,124281,529007079,8,0,0,95744,8,7072361937
8683,528911689,1994,528913683,16,0,1,2048,16,9970120849
8684,528937553,6307,528943860,14,0,1,2048,14,4908167079
8685,528960966,114920,529075886,8,0,0,77312,8,1305223698
8686,529021292,97062,529118354,9,0,0,12800,9,6822596241
8687,529041425,85233,529126658,3,0,0,14848,3,8887399409
8688,529052713,122953,529175666,16,0,0,27648,16,3142833743
8689,529064638,155200,529219838,3,0,0,20992,3,2270618235
8690,529067321,9649,529076970,17,0,1,1024,17,3035846879
8691,529082680,64208,529146888,19,0,0,6656,19,4351280589
8692,529107259,73951,529181210,11,0,0,5120,11,159938340
8693,529130799,62483,529193282,11,0,0,2560,11,2491218640
8694,529161314,84404,529245718,7,0,0,22528,7,5040836263
8695,529220105,6278,529226383,8,0,1,6656,8,4943982591
8696,529241405,99749,529341154,5,0,0,18432,5,3925875194
8697,529284747,94712,529379459,10,0,0,26112,10,7682044224
8698,529286146,2870,529289016,18,0,1,8704,18,1765912122
8699,529306239,141746,529447985,3,0,0,23040,3,5845514551
8700,529319219,188694,529507913,17,0,0,93696,17,2903719750
8701,529343259,1994,529345253,14,0,1,2048,14,10067077268
8702,529343395,210962,529554357,5,0,0,32768,5,9683547020
8703,529351782,164600,529516382,17,0,0,2048,17,8935986819
8704,529359583,118604,529478187,8,0,0,10752,8,6403013810
8705,529369512,203580,529573092,7,0,0,61440,7,4380541418
8706,529370993,144750,529515743,14,0,0,25600,14,4083987836
8707,529478451,29477,529507928,15,0,1,2048,15,1059745169
8708,529511323,117176,529628499,2,0,0,48128,2,6647327864
8709,529536205,241850,529778055,14,0,0,29696,14,2269553465
8710,529558373,16271,529574644,1,0,1,1536,1,6420297715
8711,529564675,219167,529783842,8,0,0,18944,8,5434838935
8712,529567254,172562,529739816,19,0,0,11264,19,8259039109
8713,529619359,114224,529733583,16,0,0,45056,16,5522169358
8714,529623687,20408,529644095,9,0,1,30208,9,5680335009
8715,529652611,245064,529897675,12,0,0,4608,12,3808804529
8716,529653858,2470,529656328,8,0,1,2560,8,3876459428
8717,529681745,566,529682311,0,0,1,512,0,6925323000
8718,529724420,171836,529896256,3,0,0,48640,3,1711848112
8719,529733059,148362,529881421,17,0,0,62976,17,8905947664
8720,529751016,190205,529941221,11,0,0,54272,11,6015443631
8721,529807137,142219,529949356,8,0,0,26624,8,8500484735
8722,529830032,126842,529956874,14,0,0,512,14,9528960465
8723,529831810,124893,529956703,19,0,0,24064,19,6768067879
8724,529888175,138896,530027071,10,0,0,48640,10,5581018637
8725,529900764,167533,530068297,11,0,0,21504,11,9999743238
8726,529903636,100003,530003639,0,0,0,26112,0,8432191162
8727,529932833,166712,530099545,4,0,0,68608,4,8013400915
8728,529958738,6278,529965016,16,0,1,6656,16,8927206567
8729,529987861,179580,530167441,5,0,0,22016,5,4314846059
8730,530030058,3128,530033186,8,0,1,9216,8,1424712158
8731,530030530,102579,530133109,19,0,0,5120,19,5851774314
8732,530041866,169633,530211499,17,0,0,9216,17,80372069
8733,530058370,67371,530125741,11,0,0,6144,11,8808716833
8734,530166229,116526,530282755,13,0,0,24064,13,857597249
8735,530170851,100100,530270951,3,0,0,28672,3,3969815734
8736,530173675,184765,530358440,19,0,0,22016,19,411826456
8737,530178167,107586,530285753,16,0,0,512,16,1914693063
8738,530180616,158275,530338891,18,0,0,39936,18,3651571232
8739,530186632,122809,530309441,17,0,0,7680,17,2700672905
8740,530242586,1518,530244104,17,0,1,1536,17,9044089467
8741,530243176,80871,530324047,8,0,0,15360,8,7104509685
8742,530301830,566,530302396,0,0,1,512,0,3571388659
8743,530307400,4027,530311427,16,0,1,2048,16,6003759441
8744,530352546,143068,530495614,15,0,0,14848,15,10312569057
8745,530365283,270473,530635756,3,0,0,85504,3,552629145
8746,530396828,48341,530445169,7,0,0,1536,7,3773748559
8747,530397314,118638,530515952,4,0,0,8192,4,7134039570
8748,530400744,253810,530654554,8,0,0,25088,8,9233856438
8749,530420559,165577,530586136,14,0,0,83968,14,8533772632
8750,530460965,131434,530592399,12,0,0,20480,12,5543424068
8751,530504504,178595,530683099,13,0,0,12800,13,10606435133
8752,530563392,72855,530636247,7,0,0,1536,7,4812735344
8753,530593027,82653,530675680,7,0,0,2560,7,1252398064
8754,530601465,1518,530602983,12,0,1,1536,12,7879349694
8755,530629041,25528,530654569,4,0,1,17408,4,344610035
8756,530640888,51343,530692231,2,0,0,2560,2,3906941236
8757,530666809,5326,530672135,0,0,1,5632,0,7097102038
8758,530671705,105725,530777430,3,0,0,26112,3,7777086783
8759,530707915,60824,530768739,18,0,0,5632,18,9864124593
8760,530736194,182728,530918922,3,0,0,20480,3,8758768055
8761,530757848,4374,530762222,0,0,1,4608,0,10351938095
8762,530781559,4162,530785721,0,0,1,11264,0,3942927943
8763,530847172,13512,530860684,17,0,1,26112,17,86136689
8764,530979634,87632,531067266,14,0,0,23040,14,7275407817
8765,530999585,97448,531097033,0,0,0,19968,0,6069487418
8766,531006557,226610,531233167,13,0,0,22016,13,969893934
8767,531006619,90897,531097516,8,0,0,1536,8,10695748671
8768,531006658,61871,531068529,0,0,0,4096,0,913159855
8769,531011567,143126,531154693,19,0,0,32768,19,6359071796
8770,531069800,130895,531200695,18,0,0,41472,18,7423147515
8771,531110178,95212,531205390,14,0,0,15360,14,8276563832
8772,531129227,7230,531136457,13,0,1,7680,13,3592243763
8773,531161417,155164,531316581,11,0,0,29184,11,3937353223
8774,531171436,107973,531279409,1,0,0,11776,1,7926670595
8775,531182085,104248,531286333,16,0,0,18944,16,8972647213
8776,531199437,108229,531307666,12,0,0,35840,12,9996209540
8777,531299712,83086,531382798,10,0,0,12288,10,7636323256
8778,531311769,53784,531365553,10,0,0,2048,10,8810512727
8779,531348082,79304,531427386,18,0,0,15872,18,8669345319
8780,531412258,45908,531458166,2,0,0,2048,2,9008190938
8781,531413655,47271,531460926,11,0,0,1024,11,8522565849
8782,531456454,43904,531500358,14,0,0,512,14,6243800197
8783,531459687,71589,531531276,16,0,0,7680,16,6951783670
8784,531462728,23208,531485936,1,0,1,38400,1,7143820078
8785,531473451,110266,531583717,19,0,0,42496,19,3868332664
8786,531490505,116761,531607266,5,0,0,24064,5,4964366301
8787,531511694,7706,531519400,3,0,1,8192,3,10700782231
8788,531526545,69405,531595950,8,0,0,2048,8,2901014201
8789,531540635,132294,531672929,6,0,0,2048,6,436472921
8790,531588143,107098,531695241,2,0,0,46592,2,2451297114
8791,531592204,116575,531708779,13,0,0,7680,13,4538198584
8792,531594694,86336,531681030,3,0,0,16896,3,10469545171
8793,531654328,128749,531783077,10,0,0,23552,10,4210409019
8794,531666755,102752,531769507,9,0,0,37376,9,5703024312
8795,531708553,124222,531832775,4,0,0,34304,4,5437384460
8796,531713242,2946,531716188,16,0,1,3072,16,1675319107
8797,531739078,143397,531882475,9,0,0,16384,9,9835463707
8798,531755932,98072,531854004,7,0,0,22016,7,10641879955
8799,531759580,145274,531904854,18,0,0,16384,18,10720374160
8800,531786454,150511,531936965,19,0,0,10752,19,2427719274
8801,531823329,96266,531919595,19,0,0,15360,19,2332680827
8802,531893328,120431,532013759,5,0,0,34816,5,87056473
8803,531922349,1518,531923867,17,0,1,1536,17,2710083122
8804,531934019,63162,531997181,19,0,0,8704,19,8422769877
8805,531946942,159361,532106303,7,0,0,3584,7,7273419869
8806,531971047,126913,532097960,0,0,0,59392,0,445145176
8807,531974186,3387,531977573,0,0,1,9728,0,3870646106
8808,531988500,49959,532038459,16,0,0,2048,16,8223899079
8809,532014863,108960,532123823,17,0,0,5632,17,4881957982
8810,532083595,128383,532211978,17,0,0,60928,17,6367833873
8811,532086235,86521,532172756,9,0,1,125440,9,9143885715
8812,532210182,6467,532216649,12,0,1,12288,12,7761652730
8813,532216201,2946,532219147,17,0,1,3072,17,1167816237
8814,532247668,84821,532332489,16,0,0,13312,16,2154872817
8815,532252742,160848,532413590,11,0,0,512,11,5659661803
8816,532268756,143399,532412155,0,0,0,8192,0,7936322243
8817,532357613,45596,532403209,2,0,0,1024,2,6021926817
8818,532359830,2870,532362700,14,0,1,8704,14,9221723994
8819,532365751,157590,532523341,18,0,0,29184,18,10690766489
8820,532367407,61152,532428559,15,0,0,1024,15,9134328166
8821,532378336,195038,532573374,17,0,0,40448,17,6886660017
8822,532382579,121730,532504309,0,0,0,31744,0,8064372276
8823,532399588,187061,532586649,0,0,0,43520,0,4789345918
8824,532408980,132591,532541571,2,0,0,12800,2,3236392754
8825,532455094,139058,532594152,10,0,0,24576,10,8985941859
8826,532476509,197922,532674431,16,0,0,74240,16,1558476375
8827,532505464,208413,532713877,18,0,0,14336,18,1107618117
8828,532534838,98177,532633015,10,0,0,7168,10,10309778921
8829,532586782,103407,532690189,6,0,0,7168,6,3415432400
8830,532627282,88794,532716076,18,0,0,7168,18,7298381486
8831,532681777,124080,532805857,5,0,0,26624,5,4444835400
8832,532689920,5457,532695377,4,0,1,13312,4,9349289942
8833,532699588,62073,532761661,18,0,0,2560,18,7890094848
8834,532719868,5196,532725064,3,0,1,13312,3,6244945582
8835,532721096,95690,532816786,4,0,0,20480,4,7914645729
8836,532806536,115020,532921556,1,0,1,190464,1,4834995178
8837,532876086,176408,533052494,19,0,0,62464,19,4593059458
8838,533011494,4162,533015656,16,0,1,11264,16,3416246372
8839,533013983,114371,533128354,8,0,0,8192,8,1219440345
8840,533018547,107288,533125835,4,0,0,15360,4,5968892988
8841,533071814,76624,533148438,4,0,0,1536,4,9895709408
8842,533076265,91592,533167857,6,0,0,15872,6,6298604800
8843,533122429,72791,533195220,7,0,0,12800,7,2445178325
8844,533123880,105658,533229538,19,0,0,32256,19,7655481643
8845,533170646,59219,533229865,17,0,0,1024,17,2689648402
8846,533193080,68656,533261736,5,0,0,9216,5,1388871986
8847,533243022,7706,533250728,5,0,1,8192,5,4082800200
8848,533247969,6945,533254914,4,0,1,6656,4,5677339173
8849,533269152,94512,533363664,1,0,1,157184,1,5115714979
8850,533304113,65043,533369156,12,0,1,17920,12,1503715246
8851,533336657,33485,533370142,8,0,1,1536,8,10323233966
8852,533349278,24090,533373368,17,0,1,5120,17,4163702993
8853,533353274,347834,533701108,7,0,0,150016,7,9461081320
8854,533385629,4850,533390479,17,0,1,5120,17,2186605943
8855,533389650,1175,533390825,5,0,1,512,5,4305980429
8856,533411560,1518,533413078,12,0,1,1536,12,1091727280
8857,533458922,116714,533575636,12,0,0,37888,12,9489768874
8858,533488230,223056,533711286,7,0,0,10752,7,4335007466
8859,533526268,181727,533707995,6,0,0,22528,6,3695142921
8860,533535487,1042,533536529,19,0,1,1024,19,1356409379
8861,533554930,173531,533728461,19,0,0,56320,19,6927627353
8862,533560931,220698,533781629,5,0,0,32768,5,4506247831
8863,533564866,11328,533576194,18,0,1,512,18,1486354751
8864,533656649,196158,533852807,3,0,0,38400,3,2201766550
8865,533737773,117798,533855571,19,0,0,6144,19,6219253206
8866,533740502,286221,534026723,6,0,0,32256,6,559335806
8867,533761407,175935,533937342,17,0,0,11264,17,4621205306
8868,533802274,162851,533965125,15,0,0,91136,15,10078331262
8869,533813866,220672,534034538,4,0,0,25600,4,317568451
8870,533814898,169889,533984787,13,0,0,47104,13,5151939896
8871,533815465,178385,533993850,1,0,0,29696,1,1314114727
8872,533863561,185332,534048893,10,0,0,3072,10,6018307739
8873,533885933,1518,533887451,8,0,1,1536,8,10637972459
8874,533907054,127975,534035029,14,0,0,1536,14,2944420199
8875,533915844,224198,534140042,4,0,0,73728,4,2592795726
8876,533918646,5802,533924448,16,0,1,6144,16,1841653546
8877,533929318,217618,534146936,18,0,0,14848,18,5284933519
8878,533939004,203393,534142397,9,0,0,7680,9,7755132859
8879,533986468,131095,534117563,2,0,0,30720,2,3665783845
8880,534018604,219343,534237947,1,0,0,153600,1,3524116328
8881,534036875,210485,534247360,8,0,0,17408,8,711338486
8882,534044640,197393,534242033,13,0,0,13312,13,1567196105
8883,534076352,211900,534288252,16,0,0,12800,16,9696723333
8884,534105675,132287,534237962,1,0,1,145920,1,2513754297
8885,534137168,210035,534347203,14,0,0,52736,14,6272065683
8886,534214773,212913,534427686,8,0,0,19456,8,7460760360
8887,534273745,45696,534319441,1,0,1,78848,1,1727265046
8888,534287512,161757,534449269,14,0,0,28672,14,20370038
8889,534291420,229879,534521299,18,0,0,52224,18,6243160884
8890,534315887,218071,534533958,17,0,0,41472,17,8168172184
8891,534319108,2946,534322054,3,0,1,3072,3,1041129980
8892,534354089,4162,534358251,16,0,1,11264,16,6115484632
8893,534409045,94777,534503822,5,0,0,7680,5,6587020828
8894,534464967,6229,534471196,0,0,1,15360,0,164842643
8895,534470002,125509,534595511,8,0,0,11776,8,8589400231
8896,534473181,113837,534587018,9,0,0,46592,9,1566055921
8897,534491395,131659,534623054,14,0,0,33792,14,3960243415
8898,534491886,131807,534623693,9,0,0,2048,9,8545592081
8899,534509472,148803,534658275,0,0,0,11264,0,3300635258
8900,534561790,25243,534587033,18,0,1,19456,18,9926113936
8901,534584113,147103,534731216,9,0,0,17408,9,7770422726
8902,534584162,175566,534759728,17,0,0,5120,17,4366615762
8903,534587206,107764,534694970,5,0,0,25600,5,7070978780
8904,534589568,91608,534681176,1,0,0,24576,1,4620443942
8905,534625974,16096,534642070,0,0,1,31232,0,1335166922
8906,534656059,175186,534831245,15,0,0,44032,15,4964229951
8907,534683607,59132,534742739,5,0,0,5120,5,214679345
8908,534706497,66056,534772553,15,0,0,7680,15,2775858494
8909,534729007,136117,534865124,11,0,0,61440,11,1031697762
8910,534735053,72068,534807121,1,0,0,12288,1,6878419990
8911,534738105,150911,534889016,7,0,0,13824,7,2311407771
8912,534756762,206054,534962816,10,0,0,94720,10,8243729435
8913,534769382,221220,534990602,16,0,0,36352,16,6684888583
8914,534776161,317249,535093410,17,0,0,45568,17,9216136419
8915,534810673,4420,534815093,8,0,1,11776,8,7211595807
8916,534861080,320869,535181949,1,0,1,513536,1,4943142926
8917,534868073,445864,535313937,7,0,0,50176,7,6104930354
8918,534868907,337448,535206355,18,0,0,512,18,2080616927
8919,534878590,494055,535372645,5,0,0,103424,5,3850080573
8920,534889847,259206,535149053,15,0,0,10752,15,6271632192
8921,534944071,284124,535228195,12,0,0,6656,12,1137391089
8922,534953148,230747,535183895,12,0,1,3072,12,991045980
8923,535013761,170288,535184049,0,0,1,8704,0,4934755485
8924,535014758,170571,535185329,5,0,1,14336,5,4000420777
8925,535018744,172589,535191333,9,0,1,20480,9,4986473521
8926,535020719,171382,535192101,16,0,1,11776,16,10253059250
8927,535058406,135641,535194047,0,0,1,3072,0,2407999415
8928,535078145,152372,535230517,16,0,0,3072,16,9636590856
8929,535102113,279439,535381552,15,0,0,29184,15,6672648416
8930,535103938,90455,535194393,18,0,1,512,18,9410890803
8931,535107833,275638,535383471,15,0,0,6144,15,5591789025
8932,535120017,309067,535429084,17,0,0,5120,17,3718531970
8933,535151892,440118,535592010,18,0,0,19968,18,3552513722
8934,535194500,391403,535585903,1,0,0,54784,1,2869227702
8935,535215219,547642,535762861,16,0,0,66560,16,7016653104
8936,535242856,559656,535802512,10,0,0,27648,10,9468491828
8937,535263510,291231,535554741,3,0,0,2560,3,37142684
8938,535301173,223004,535524177,16,0,0,26112,16,9471812143
8939,535303052,250886,535553938,13,0,0,25600,13,2967635833
8940,535311577,137892,535449469,0,0,0,13312,0,5124480195
8941,535319905,279140,535599045,3,0,0,23040,3,10594399760
8942,535327905,217120,535545025,12,0,0,2048,12,3004240119
8943,535341020,401546,535742566,4,0,0,58880,4,9526959181
8944,535349819,37773,535387592,16,0,1,11264,16,881671346
8945,535354907,333248,535688155,7,0,0,34816,7,5028217723
8946,535361517,29719,535391236,5,0,1,4608,5,5810454429
8947,535370456,81642,535452098,8,0,0,3584,8,6516477445
8948,535388098,395121,535783219,0,0,0,16896,0,2772002434
8949,535431311,411914,535843225,2,0,0,31232,2,10141053557
8950,535494448,480941,535975389,1,0,0,23552,1,2400236911
8951,535512370,148563,535660933,17,0,0,7168,17,7031850940
8952,535517538,8625,535526163,17,0,1,2048,17,8236067412
8953,535543032,2008,535545040,0,0,1,1536,0,6621426639
8954,535552152,406203,535958355,5,0,0,35328,5,5311553102
8955,535552280,395288,535947568,8,0,0,189952,8,2004801264
8956,535559212,3904,535563116,7,0,1,10752,7,93230469
8957,535564452,511510,536075962,19,0,0,15360,19,6526070678
8958,535569405,416731,535986136,0,0,0,29184,0,3051314785
8959,535622974,243804,535866778,11,0,0,512,11,793611854
8960,535645306,322892,535968198,15,0,0,32256,15,10736289709
8961,535658378,173252,535831630,19,0,0,25088,19,4008005057
8962,535671248,1994,535673242,4,0,1,2048,4,9593290878
8963,535772603,231176,536003779,13,0,0,57856,13,6707868401
8964,535795968,270490,536066458,9,0,0,19456,9,4925637001
8965,535812314,1518,535813832,12,0,1,1536,12,3814069788
8966,535853281,122911,535976192,17,0,0,2560,17,7386076131
8967,535861032,175354,536036386,3,0,0,26624,3,1578000992
8968,535870925,324899,536195824,14,0,0,19456,14,2900195456
8969,535902580,105312,536007892,15,0,0,1536,15,648107596
8970,535945022,214130,536159152,13,0,0,60416,13,1114288768
8971,536025594,145902,536171496,12,0,0,2048,12,1909228860
8972,536067511,13600,536081111,7,0,1,23040,7,8905839645
8973,536081811,355113,536436924,14,0,0,38400,14,967071132
8974,536084177,77026,536161203,12,0,0,6656,12,3986227724
8975,536118730,99632,536218362,4,0,0,27136,4,5415640366
8976,536142051,263139,536405190,13,0,0,91648,13,3386676874
8977,536154835,8371,536163206,0,0,1,2048,0,214092899
8978,536159114,105482,536264596,14,0,0,39424,14,9652601054
8979,536283950,261550,536545500,16,0,0,19456,16,9763348837
8980,536289766,229811,536519577,17,0,0,60416,17,7312405598
8981,536299945,222455,536522400,7,0,0,9216,7,2836278708
8982,536308224,163926,536472150,18,0,0,4096,18,3849064817
8983,536326826,174328,536501154,7,0,0,33280,7,8305772431
8984,536330930,111313,536442243,10,0,0,17408,10,8183363049
8985,536350036,4374,536354410,14,0,1,4608,14,2047804040
8986,536363882,116614,536480496,18,0,0,22528,18,1510597624
8987,536368493,197917,536566410,4,0,0,16384,4,9596439901
8988,536376502,179822,536556324,17,0,0,31744,17,5822108082
8989,536402354,185848,536588202,4,0,0,9216,4,5636147659
8990,536435267,163243,536598510,16,0,0,15872,16,6285822856
8991,536547878,21796,536569674,17,0,1,22528,17,4364410835
8992,536554148,113892,536668040,3,0,0,18944,3,5411727051
8993,536622754,2470,536625224,12,0,1,2560,12,10160747529
8994,536638618,2946,536641564,18,0,1,3072,18,1082053136
8995,536646350,2870,536649220,13,0,1,8704,13,6820578846
8996,536701875,1042,536702917,14,0,1,1024,14,8662890865
8997,536740218,3645,536743863,19,0,1,10240,19,2873257355
8998,536796650,118820,536915470,6,0,0,90112,6,2847918235
8999,536803541,250614,537054155,16,0,0,32768,16,8551844851
9000,536811303,148015,536959318,18,0,0,72704,18,2852577196
9001,536823566,215583,537039149,17,0,0,45056,17,10453227638
9002,536828526,189479,537018005,8,0,0,7168,8,4738648951
9003,536851103,5326,536856429,3,0,1,5632,3,9190203050
9004,536869981,123046,536993027,14,0,0,27136,14,1785514593
9005,536879554,164602,537044156,2,0,0,16384,2,6005506111
9006,536904672,153086,537057758,7,0,0,11776,7,8198474433
9007,536916906,4374,536921280,19,0,1,4608,19,4606666768
9008,536924441,10241,536934682,18,0,1,16384,18,2414855133
9009,536962776,147796,537110572,18,0,0,41472,18,5024627586
9010,537009516,145840,537155356,6,0,0,27136,6,5267058866
9011,537009637,113356,537122993,6,0,0,25600,6,10400883772
9012,537055823,7381,537063204,18,0,1,13824,18,4939937869
9013,537083991,80216,537164207,2,0,0,13824,2,2874567290
9014,537090911,266136,537357047,3,0,0,7680,3,9558757778
9015,537113865,122432,537236297,19,0,0,32256,19,5686038438
9016,537164685,137683,537302368,13,0,0,48128,13,2524225369
9017,537175116,77744,537252860,7,0,0,10752,7,2450689252
9018,537184105,2946,537187051,16,0,1,3072,16,6927761733
9019,537195244,155689,537350933,14,0,0,28160,14,7112240529
9020,537206393,105514,537311907,19,0,0,31232,19,5299832561
9021,537259355,2470,537261825,19,0,1,2560,19,7328363889
9022,537282063,72629,537354692,16,0,0,12288,16,221335058
9023,537285065,355050,537640115,10,0,0,79360,10,7658936565
9024,537289091,184278,537473369,3,0,0,49664,3,8976243756
9025,537301611,414674,537716285,10,0,0,101376,10,6155882821
9026,537314452,121891,537436343,19,0,0,55296,19,9953030301
9027,537358216,146533,537504749,13,0,0,9216,13,3709383972
9028,537360836,169154,537529990,19,0,0,8192,19,10470945771
9029,537367898,296427,537664325,8,0,0,26112,8,9786424174
9030,537391270,149031,537540301,11,0,0,33792,11,174468967
9031,537433372,149100,537582472,4,0,0,23040,4,9460042177
9032,537468812,187542,537656354,16,0,0,53248,16,9239551675
9033,537469876,6932,537476808,6,0,1,3584,6,10250778387
9034,537498541,177819,537676360,14,0,0,39424,14,5629271947
9035,537505823,216732,537722555,18,0,0,12800,18,1763005331
9036,537539418,137893,537677311,0,0,0,3072,0,4760893848
9037,537572896,145744,537718640,7,0,0,7680,7,1567083560
9038,537582044,140994,537723038,14,0,0,1536,14,4513826681
9039,537627749,109956,537737705,9,0,0,3072,9,3234164169
9040,537795070,99944,537895014,12,0,0,28160,12,2528538509
9041,537802040,103285,537905325,10,0,0,33792,10,7626608687
9042,537827692,1042,537828734,4,0,1,1024,4,7776799427
9043,537945806,99344,538045150,14,0,0,31232,14,8760221181
9044,537958348,4420,537962768,4,0,1,11776,4,10550888192
9045,537974256,160486,538134742,11,0,0,25600,11,4546961211
9046,537984824,97760,538082584,18,0,0,20992,18,4934073950
9047,538013753,141317,538155070,0,0,0,10752,0,6318014055
9048,538077248,160388,538237636,19,0,0,53760,19,4847000900
9049,538097391,64208,538161599,1,0,0,6656,1,1598836962
9050,538103663,6488,538110151,9,0,1,15872,9,1208816672
9051,538124176,146934,538271110,5,0,0,11264,5,2952584302
9052,538147219,160899,538308118,3,0,0,20480,3,8551871638
9053,538185875,53495,538239370,18,0,0,1536,18,2289540144
9054,538252718,95456,538348174,7,0,0,19968,7,6919150027
9055,538313597,43904,538357501,17,0,0,512,17,6904454280
9056,538331086,62516,538393602,7,0,0,6144,7,10681278852
9057,538347987,55927,538403914,18,0,0,4096,18,1452831215
9058,538351031,2870,538353901,19,0,1,8704,19,648840388
9059,538356566,102896,538459462,4,0,0,25088,4,2272133341
9060,538359681,54056,538413737,15,0,0,3584,15,1343263830
9061,538381396,34020,538415416,1,0,1,59392,1,4610719499
9062,538387978,111707,538499685,12,0,0,2560,12,884403235
9063,538396080,125781,538521861,4,0,0,14848,4,9425508203
9064,538472313,151416,538623729,16,0,0,29696,16,8343843938
9065,538496735,74360,538571095,13,0,0,9728,13,2762680036
9066,538528066,118107,538646173,11,0,0,28160,11,7537133265
9067,538591026,68569,538659595,13,0,0,512,13,5338312439
9068,538606887,160550,538767437,17,0,0,66560,17,10335492826
9069,538637361,62516,538699877,11,0,0,6144,11,2821541378
9070,538673299,157443,538830742,5,0,0,3584,5,6472800802
9071,538683827,126179,538810006,9,0,1,208896,9,179111401
9072,538740240,186667,538926907,3,0,0,23552,3,4095223500
9073,538743084,202033,538945117,2,0,0,1536,2,3151981545
9074,538756744,220937,538977681,4,0,0,8704,4,6106850394
9075,538766496,166198,538932694,3,0,0,18944,3,8682186811
9076,538767532,305043,539072575,15,0,0,20480,15,1704276689
9077,538772837,220824,538993661,8,0,0,24576,8,9698293792
9078,538795182,247417,539042599,17,0,0,48128,17,6826211508
9079,538807437,162242,538969679,5,0,0,27648,5,8775655598
9080,538828843,231500,539060343,13,0,0,2048,13,1429884777
9081,538860666,276002,539136668,2,0,0,17920,2,6282576317
9082,538889754,162703,539052457,3,0,0,15872,3,4553322842
9083,538918613,128993,539047606,2,0,0,16384,2,2854880825
9084,538962587,12427,538975014,19,0,1,5632,19,7740874663
9085,538964766,28910,538993676,5,0,1,34304,5,5761037670
9086,539000222,13600,539013822,14,0,1,23040,14,1720958159
9087,539013594,96739,539110333,19,0,0,7168,19,4630183653
9088,539019062,164117,539183179,19,0,0,2048,19,116173596
9089,539046156,199688,539245844,7,0,0,61440,7,6906922446
9090,539062682,134554,539197236,4,0,0,13824,4,10272947854
9091,539083699,135816,539219515,19,0,0,20480,19,9996238611
9092,539087050,159433,539246483,10,0,0,2048,10,4216314187
9093,539123197,165611,539288808,11,0,0,50688,11,5305479775
9094,539193524,158062,539351586,12,0,0,33792,12,3065739331
9095,539272250,64950,539337200,16,0,0,7168,16,2021897013
9096,539281027,93868,539374895,3,0,0,16896,3,6761025956
9097,539288882,105802,539394684,13,0,0,12800,13,209973273
9098,539301828,67904,539369732,13,0,0,8704,13,4755946300
9099,539316533,122041,539438574,1,0,0,34304,1,5410381428
9100,539338494,13253,539351747,14,0,1,25600,14,7384935689
9101,539357490,138523,539496013,17,0,0,9216,17,5224650244
9102,539358903,16015,539374918,13,0,1,23552,13,2046143521
9103,539370733,120018,539490751,16,0,0,8192,16,9609672719
9104,539397291,89008,539486299,6,0,0,8704,6,5382070573
9105,539402792,77456,539480248,15,0,0,14848,15,9742883923
9106,539429116,185281,539614397,5,0,0,64512,5,10041508913
9107,539484319,137425,539621744,12,0,0,24064,12,674043037
9108,539499820,59391,539559211,8,0,0,1536,8,4934216193
9109,539547138,123991,539671129,6,0,0,14848,6,6527801003
9110,539565436,77607,539643043,6,0,0,12288,6,8581486221
9111,539624227,79032,539703259,18,0,0,13312,18,675777678
9112,539636841,6754,539643595,19,0,1,7168,19,188622635
9113,539648289,89508,539737797,10,0,0,11264,10,7703834996
9114,539669808,58055,539727863,10,0,0,512,10,3869620053
9115,539679503,133384,539812887,12,0,0,65024,12,6479086980
9116,539699517,123087,539822604,7,0,0,7680,7,7685902299
9117,539701023,119226,539820249,10,0,0,24064,10,7198422077
9118,539747064,80251,539827315,4,0,0,1536,4,10164440133
9119,539748540,3128,539751668,0,0,1,9216,0,879669077
9120,539753392,108753,539862145,19,0,0,18944,19,9590575107
9121,539755321,90468,539845789,17,0,0,17920,17,4445812173
9122,539791959,20943,539812902,8,0,1,4096,8,2887324223
9123,539816295,162924,539979219,3,0,0,20480,3,7482213403
9124,539828376,107804,539936180,15,0,0,32768,15,4246927643
9125,539859364,224080,540083444,1,0,0,76288,1,7257734320
9126,539934022,4144,539938166,19,0,1,2048,19,9713881449
9127,539961269,55748,540017017,8,0,0,4096,8,9025987245
9128,539968426,140109,540108535,7,0,0,15872,7,9806849858
9129,539972387,232238,540204625,11,0,0,27648,11,926204741
9130,540024830,362995,540387825,9,0,0,8704,9,6544157080
9131,540025021,147048,540172069,9,0,0,61952,9,503831770
9132,540029926,10499,540040425,16,0,1,16896,16,6566272423
9133,540032077,8912,540040989,0,0,1,10752,0,9588303809
9134,540066318,139742,540206060,18,0,0,4608,18,2583170356
9135,540093487,116648,540210135,2,0,0,3584,2,1670560458
9136,540094643,13907,540108550,0,0,1,17920,0,5419280993
9137,540127440,4850,540132290,18,0,1,5120,18,10661358366
9138,540135987,151056,540287043,9,0,0,59392,9,10194223696
9139,540143402,227449,540370851,9,0,0,65024,9,4549377907
9140,540150813,144669,540295482,10,0,0,27648,10,10284881583
9141,540153945,22983,540176928,3,0,1,5120,3,1381323847
9142,540154485,27589,540182074,12,0,1,8192,12,3281250676
9143,540200862,10007,540210869,14,0,1,5120,14,4660609911
9144,540201114,234455,540435569,15,0,0,45056,15,5827136590
9145,540246867,55644,540302511,7,0,0,2048,7,7801713494
9146,540258920,5196,540264116,4,0,1,13312,4,6119430998
9147,540330186,91640,540421826,7,0,0,26112,7,2650507780
9148,540362792,82054,540444846,9,0,1,123904,9,7268876208
9149,540391058,115510,540506568,8,0,0,21504,8,7144297146
9150,540407577,179319,540586896,10,0,0,23552,10,4799801760
9151,540410158,62788,540472946,8,0,0,5120,8,2375712035
9152,540411224,75764,540486988,12,0,0,14336,12,10263221234
9153,540419036,160669,540579705,1,0,0,31744,1,9739467102
9154,540440014,160325,540600339,14,0,0,2560,14,3763399523
9155,540482889,145002,540627891,12,0,0,47616,12,6508027368
9156,540491927,269467,540761394,3,0,0,45056,3,5665180225
9157,540504419,266818,540771237,17,0,0,32256,17,8914214108
9158,540525576,131559,540657135,14,0,0,27648,14,5997599322
9159,540538851,2470,540541321,17,0,1,2560,17,8536093479
9160,540592130,257960,540850090,19,0,0,18944,19,237417696
9161,540592445,5196,540597641,18,0,1,13312,18,5689226697
9162,540593659,108464,540702123,0,0,0,41984,0,8820627176
9163,540622616,111961,540734577,6,0,0,11264,6,5199178389
9164,540641611,1994,540643605,8,0,1,2048,8,402104288
9165,540641822,338498,540980320,4,0,0,72192,4,6183869801
9166,540699246,7031,540706277,3,0,1,11264,3,4143202063
9167,540704397,220231,540924628,7,0,0,20480,7,8630609131
9168,540709008,4850,540713858,3,0,1,5120,3,8291113768
9169,540734073,141793,540875866,12,0,0,12800,12,8458576618
9170,540762742,12649,540775391,18,0,1,11264,18,4810530076
9171,540818185,85628,540903813,8,0,0,7680,8,212136769
9172,540828874,103101,540931975,14,0,0,24064,14,6656351598
9173,540833966,102088,540936054,17,0,0,13312,17,7712883355
9174,540856702,165182,541021884,3,0,0,50176,3,6404297069
9175,540868362,155097,541023459,6,0,0,5120,6,6730326165
9176,540888013,566,540888579,19,0,1,512,19,3778665308
9177,540890348,199594,541089942,7,0,0,45568,7,934115939
9178,540910530,87956,540998486,10,0,0,4608,10,3273399573
9179,540923205,144582,541067787,13,0,0,33792,13,3337513480
9180,540923635,226373,541150008,14,0,0,39936,14,2296677252
9181,540926103,104520,541030623,18,0,0,2560,18,4911329527
9182,541011847,12170,541024017,14,0,1,512,14,6782663014
9183,541056604,42424,541099028,9,0,1,69120,9,7018511283
9184,541101014,3898,541104912,18,0,1,4096,18,2555319928
9185,541118776,69099,541187875,17,0,0,5632,17,4812931700
9186,541155794,231947,541387741,2,0,0,33280,2,8310071691
9187,541172123,5454,541177577,8,0,1,13824,8,1863116325
9188,541174504,178443,541352947,2,0,0,56320,2,1179200973
9189,541194688,72068,541266756,7,0,0,12288,7,861297529
9190,541255976,102766,541358742,14,0,0,18944,14,671009083
9191,541261067,134333,541395400,10,0,0,25088,10,3286438356
9192,541263289,101268,541364557,15,0,0,2560,15,3624300334
9193,541302319,115764,541418083,18,0,0,10752,18,3619687007
9194,541328719,144137,541472856,17,0,0,14336,17,8915571764
9195,541340788,109551,541450339,15,0,0,10752,15,6423861853
9196,541357282,138183,541495465,13,0,0,34816,13,6239031182
9197,541362431,72668,541435099,8,0,0,9216,8,10373532859
9198,541392536,3422,541395958,5,0,1,512,5,7405101071
9199,541422448,100658,541523106,8,0,0,11776,8,7150979657
9200,541435948,115279,541551227,1,0,1,190976,1,3581256013
9201,541444581,290320,541734901,9,0,0,39936,9,8286898214
9202,541460576,216200,541676776,12,0,0,25600,12,1184727979
9203,541478583,206037,541684620,11,0,0,13312,11,5939960890
9204,541529307,23546,541552853,13,0,1,2560,13,1373374311
9205,541537051,264231,541801282,6,0,0,70144,6,553666468
9206,541604156,167875,541772031,6,0,0,43008,6,6389966060
9207,541612158,132232,541744390,2,0,0,24576,2,859923617
9208,541628818,250506,541879324,4,0,0,32768,4,9873576855
9209,541633067,111806,541744873,0,0,0,1536,0,2044942982
9210,541681064,143438,541824502,16,0,0,12800,16,6118365585
9211,541700127,101802,541801929,9,0,0,2048,9,7992542779
9212,541719680,238863,541958543,7,0,0,7680,7,6723672720
9213,541744966,57602,541802568,4,0,0,2048,4,2351187303
9214,541755560,283724,542039284,16,0,0,31232,16,6962570882
9215,541783882,189865,541973747,17,0,0,17920,17,5512425162
9216,541812634,143554,541956188,19,0,0,27648,19,4150227861
9217,541841253,106496,541947749,17,0,0,49664,17,6083423726
9218,541872629,109703,541982332,15,0,0,5632,15,2051702452
9219,541878620,100790,541979410,19,0,0,14848,19,7487689420
9220,541879909,312003,542191912,19,0,0,71168,19,5861325443
9221,541890214,221472,542111686,7,0,0,35840,7,4086960253
9222,541897536,103127,542000663,7,0,0,25600,7,7655875363
9223,541898241,316190,542214431,7,0,0,9216,7,3612296180
9224,541961180,206852,542168032,2,0,0,25600,2,1765240514
9225,541990424,142520,542132944,7,0,0,11264,7,6911522046
9226,542000929,4374,542005303,18,0,1,4608,18,6195683859
9227,542016620,4850,542021470,16,0,1,5120,16,695903891
9228,542022331,221026,542243357,4,0,0,12288,4,660893420
9229,542041670,3422,542045092,0,0,1,3584,0,3849468283
9230,542046576,183568,542230144,7,0,0,35328,7,3909682821
9231,542051079,4679,542055758,14,0,1,12288,14,8256948368
9232,542055176,92533,542147709,1,0,1,150016,1,8100315939
9233,542061827,264288,542326115,7,0,0,10240,7,5021809575
9234,542100266,134120,542234386,13,0,0,13824,13,6992010290
9235,542118443,185646,542304089,4,0,0,25088,4,6145941557
9236,542125853,168426,542294279,2,0,0,22016,2,3374573030
9237,542132511,302984,542435495,11,0,0,67072,11,4204322065
9238,542133707,262050,542395757,19,0,0,15872,19,1949562017
9239,542161983,244166,542406149,19,0,0,4608,19,2458474402
9240,542178600,312882,542491482,5,0,0,22016,5,8827648882
9241,542208621,276122,542484743,1,0,0,84992,1,3142784270
9242,542217578,12581,542230159,1,0,1,15872,1,10312034674
9243,542243612,291206,542534818,18,0,0,2048,18,198552471
9244,542267528,231792,542499320,3,0,0,2560,3,3790601647
9245,542279235,566,542279801,17,0,1,512,17,6410727279
9246,542289519,80994,542370513,13,0,0,5632,13,4806865359
9247,542339267,159250,542498517,5,0,0,23040,5,6793554761
9248,542372791,155398,542528189,10,0,0,42496,10,8322488075
9249,542406082,150458,542556540,9,0,0,42496,9,3225270761
9250,542472990,66669,542539659,0,0,0,3584,0,10181274105
9251,542477583,33718,542511301,16,0,1,21504,16,8484439086
9252,542498415,129477,542627892,0,0,0,12288,0,3068904547
9253,542499962,192076,542692038,2,0,0,25088,2,7373747141
9254,542521598,122506,542644104,0,0,0,30208,0,9426840220
9255,542527060,80582,542607642,2,0,0,11264,2,8894499555
9256,542592878,225156,542818034,5,0,0,45568,5,5035889284
9257,542616287,1042,542617329,16,0,1,1024,16,5847345477
9258,542622874,154699,542777573,16,0,0,95744,16,7280719405
9259,542631891,172244,542804135,0,0,0,20480,0,6402799180
9260,542642011,186802,542828813,12,0,0,35328,12,7517579988
9261,542662996,114904,542777900,14,0,0,1024,14,5819682626
9262,542671375,243794,542915169,15,0,0,49152,15,3840272639
9263,542688527,211651,542900178,8,0,0,45568,8,2043341704
9264,542737598,117681,542855279,1,0,0,4608,1,6524299039
9265,542773016,205539,542978555,19,0,0,8704,19,7266057791
9266,542836730,93087,542929817,6,0,0,6144,6,1776625242
9267,542845520,125245,542970765,17,0,0,5120,17,2797916972
9268,542861938,107252,542969190,15,0,0,25600,15,5739256664
9269,542958332,111800,543070132,13,0,0,67072,13,547832693
9270,542992099,144351,543136450,15,0,0,51712,15,7711241618
9271,542994681,22174,543016855,9,0,1,36352,9,7464646491
9272,543020762,240200,543260962,11,0,0,24576,11,3547898468
9273,543042559,159639,543202198,8,0,0,38400,8,8424563635
9274,543056888,121838,543178726,6,0,0,11776,6,10528936731
9275,543059458,125676,543185134,11,0,0,2560,11,6841287209
9276,543080876,4374,543085250,0,0,1,4608,0,2923495178
9277,543103271,200315,543303586,4,0,0,8192,4,9274125255
9278,543118263,123979,543242242,14,0,0,28672,14,4681921426
9279,543119390,256856,543376246,15,0,0,27648,15,337852368
9280,543128660,159554,543288214,9,0,0,38400,9,1976150724
9281,543162785,84029,543246814,12,0,0,6144,12,4740506929
9282,543234926,141491,543376417,18,0,0,512,18,9550945251
9283,543272470,80840,543353310,12,0,0,15872,12,9204537606
9284,543273490,91283,543364773,9,0,0,7168,9,7786106644
9285,543279939,82627,543362566,13,0,0,9728,13,9617760573
9286,543334043,175946,543509989,6,0,0,51712,6,5205908539
9287,543344159,84512,543428671,5,0,0,12800,5,375175783
9288,543346631,6694,543353325,19,0,1,11264,19,299513727
9289,543356358,76555,543432913,16,0,0,6656,16,6207476222
9290,543362060,68810,543430870,11,0,0,7168,11,7579264685
9291,543467078,3387,543470465,1,0,1,9728,1,3631144228
9292,543467379,112072,543579451,18,0,0,51712,18,4134865478
9293,543549478,97705,543647183,1,0,0,22016,1,3028715660
9294,543571699,102046,543673745,1,0,0,12288,1,2088280249
9295,543634101,86072,543720173,8,0,0,17920,8,7443768612
9296,543678009,67592,543745601,19,0,0,7680,19,4499764680
9297,543726519,100724,543827243,10,0,0,30720,10,1263847540
9298,543806331,47448,543853779,1,0,0,1536,1,9841697294
9299,543838892,87047,543925939,13,0,0,18944,13,10311448322
9300,543848357,71795,543920152,5,0,0,7168,5,1457015604
9301,543849796,3422,543853218,0,0,1,3584,0,8142627744
9302,543856315,101500,543957815,5,0,0,16896,5,7968224646
9303,543860615,7706,543868321,4,0,1,8192,4,6763656562
9304,543875127,91759,543966886,16,0,0,8192,16,2151600142
9305,544003363,81128,544084491,19,0,0,11776,19,4169868678
9306,544043131,134616,544177747,9,0,0,17408,9,5851660041
9307,544050042,120909,544170951,18,0,0,26112,18,620299879
9308,544069985,80216,544150201,10,0,0,13824,10,7372600295
9309,544091183,10757,544101940,18,0,1,17408,18,7420831127
9310,544112747,162473,544275220,4,0,0,27136,4,1741423727
9311,544114944,177778,544292722,16,0,0,52736,16,6671649815
9312,544125129,151510,544276639,13,0,0,4608,13,5279965758
9313,544132519,17697,544150216,8,0,1,23552,8,8331072034
9314,544152719,188745,544341464,1,0,0,12800,1,5403876484
9315,544234902,92680,544327582,16,0,0,16384,16,3630845200
9316,544240581,196337,544436918,17,0,0,41984,17,5885028439
9317,544252554,64208,544316762,4,0,0,6656,4,9965069738
9318,544256241,81308,544337549,15,0,0,17408,15,4536042440
9319,544284454,92212,544376666,11,0,0,512,11,861153563
9320,544335159,70973,544406132,5,0,0,8192,5,5619151899
9321,544347391,566,544347957,12,0,1,512,12,9468675130
9322,544353949,88719,544442668,10,0,0,2560,10,5981512286
9323,544421027,52364,544473391,17,0,0,3072,17,966959706
9324,544457891,84824,544542715,19,0,0,13824,19,2855905862
9325,544507430,105872,544613302,13,0,0,47616,13,289975517
9326,544632282,59756,544692038,3,0,0,7168,3,815548598
9327,544634690,72668,544707358,14,0,0,9216,14,1666868001
9328,544679726,5196,544684922,5,0,1,13312,5,10036486274
9329,544701361,6012,544707373,14,0,1,5632,14,3435019268
9330,544715539,3904,544719443,8,0,1,10752,8,10239248901
9331,544784526,107276,544891802,15,0,0,52224,15,143067436
9332,544802920,153196,544956116,14,0,0,35328,14,503413052
9333,544992950,69284,545062234,16,0,0,8192,16,46794890
9334,544993754,50672,545044426,11,0,0,2560,11,9459390719
9335,545014118,114296,545128414,13,0,0,13824,13,8573112579
9336,545021544,566,545022110,8,0,1,512,8,9270547713
9337,545069381,60824,545130205,17,0,0,5632,17,5954257775
9338,545098591,113820,545212411,18,0,0,61952,18,2735234465
9339,545111180,5326,545116506,3,0,1,5632,3,7198858766
9340,545113343,213434,545326777,5,0,0,34304,5,861539094
9341,545128181,84713,545212894,19,0,0,1536,19,391777712
9342,545173027,111060,545284087,14,0,0,11264,14,3233533183
9343,545237309,72848,545310157,18,0,0,14848,18,10659169098
9344,545249874,78322,545328196,6,0,0,4608,6,4210159652
9345,545253090,95623,545348713,11,0,0,15360,11,4440088389
9346,545260713,14117,545274830,19,0,1,24064,19,40789046
9347,545263774,200978,545464752,8,0,0,5120,8,9762124829
9348,545319980,150030,545470010,4,0,0,11776,4,3151280988
9349,545323439,53754,545377193,0,0,0,2048,0,4193257974
9350,545341711,168373,545510084,1,0,0,1024,1,1686222824
9351,545360122,183464,545543586,4,0,0,71168,4,6458247851
9352,545376593,171079,545547672,0,0,0,13312,0,1210763425
9353,545396680,82240,545478920,10,0,0,4608,10,8311149898
9354,545454234,136946,545591180,8,0,0,17920,8,8754763973
9355,545455177,96254,545551431,4,0,0,12288,4,1349318476
9356,545511865,31736,545543601,14,0,1,17920,14,4581506942
9357,545600503,7706,545608209,0,0,1,8192,0,937489234
9358,545634461,213257,545847718,4,0,0,16384,4,5757675401
9359,545648651,76520,545725171,19,0,0,11776,19,1184094845
9360,545665027,70192,545735219,1,0,0,512,1,3649723829
9361,545668128,13253,545681381,8,0,1,25600,8,7309877634
9362,545693755,104357,545798112,14,0,0,40448,14,9697875407
9363,545694424,104795,545799219,19,0,0,3584,19,3693737177
9364,545712901,98367,545811268,7,0,0,13824,7,10064189102
9365,545782206,17028,545799234,14,0,1,6144,14,2276707625
9366,545835264,117464,545952728,8,0,0,17408,8,1584910399
9367,545903814,120224,546024038,4,0,0,94720,4,5228461636
9368,545923692,176374,546100066,10,0,0,13824,10,7821921500
9369,545923986,103811,546027797,17,0,0,12288,17,9472979951
9370,545933083,5802,545938885,13,0,1,6144,13,1829168790
9371,545944415,134865,546079280,4,0,0,43008,4,6297503548
9372,545945679,175306,546120985,18,0,0,41984,18,9749059845
9373,545947687,199897,546147584,8,0,0,17920,8,2139602689
9374,545990539,117631,546108170,6,0,0,5632,6,3633958185
9375,546039834,161120,546200954,18,0,0,25600,18,8497288652
9376,546050048,228046,546278094,4,0,0,28160,4,7250806184
9377,546050310,14117,546064427,9,0,1,24064,9,3761974967
9378,546055185,194926,546250111,3,0,0,61440,3,1383987814
9379,546063047,119098,546182145,19,0,0,6656,19,239286885
9380,546067697,103971,546171668,11,0,0,11264,11,7914931211
9381,546070347,183211,546253558,7,0,0,11264,7,1453158894
9382,546077717,176012,546253729,11,0,0,512,11,9584656899
9383,546107135,81087,546188222,7,0,0,13312,7,6528332089
9384,546140444,129005,546269449,6,0,0,17920,6,3665273660
9385,546179700,175460,546355160,7,0,0,65024,7,1602011383
9386,546195024,66574,546261598,11,0,0,5120,11,7372143100
9387,546195891,5646,546201537,13,0,1,512,13,8709567579
9388,546218299,148636,546366935,19,0,0,5120,19,8269884168
9389,546229935,166958,546396893,11,0,0,31744,11,510064323
9390,546267194,10915,546278109,18,0,1,11264,18,7695983920
9391,546295114,1994,546297108,4,0,1,2048,4,2452258947
9392,546321596,3645,546325241,2,0,1,10240,2,1976047523
9393,546326817,131272,546458089,17,0,0,35840,17,4355626891
9394,546377648,84512,546462160,14,0,0,13312,14,7701705178
9395,546414967,104367,546519334,14,0,0,12800,14,8028437058
9396,546519505,104312,546623817,13,0,0,42496,13,2981697459
9397,546574781,49215,546623996,6,0,0,512,6,328966443
9398,546580675,52676,546633351,14,0,0,4096,14,4426555452
9399,546599112,111645,546710757,18,0,0,28160,18,7822808796
9400,546616792,55997,546672789,1,0,0,2048,1,5362562424
9401,546648590,63601,546712191,4,0,0,4096,4,9974549061
9402,546653406,4679,546658085,12,0,1,12288,12,826365915
9403,546659260,51668,546710928,15,0,0,512,15,1871546687
9404,546767190,57440,546824630,11,0,0,4608,11,685375936
9405,546877621,95492,546973113,1,0,0,28672,1,8913387487
9406,546909924,6754,546916678,4,0,1,7168,4,10363900709
9407,546952994,96692,547049686,9,0,0,22528,9,720761491
9408,546956823,184433,547141256,11,0,0,1024,11,3423328167
9409,546958851,66979,547025830,9,0,1,113664,9,5358548508
9410,546960408,264552,547224960,15,0,0,24576,15,7272036194
9411,546968129,138537,547106666,15,0,0,13824,15,5904257025
9412,546972436,157983,547130419,3,0,0,1024,3,4402263403
9413,547032203,4374,547036577,16,0,1,4608,16,875919282
9414,547064628,11274,547075902,17,0,1,18432,17,3497599785
9415,547080027,58781,547138808,19,0,0,3072,19,1982815648
9416,547103905,258729,547362634,18,0,0,35328,18,3123759530
9417,547127658,176409,547304067,2,0,0,31744,2,419944365
9418,547133095,196479,547329574,6,0,0,27648,6,3960523050
9419,547133101,240186,547373287,0,0,0,16896,0,2298264754
9420,547178778,95489,547274267,15,0,0,1536,15,4906782821
9421,547213466,63780,547277246,0,0,0,9728,0,5091310871
9422,547236014,132110,547368124,5,0,0,12800,5,3200339934
9423,547283580,80629,547364209,13,0,0,5120,13,4090655265
9424,547309199,119158,547428357,6,0,0,48128,6,10686587095
9425,547313149,223520,547536669,9,0,0,38400,9,436131074
9426,547330843,1518,547332361,14,0,1,1536,14,1827722577
9427,547345550,143647,547489197,18,0,0,46080,18,1220126609
9428,547367392,107742,547475134,6,0,0,34304,6,7838872368
9429,547399363,99330,547498693,16,0,0,14848,16,1629954416
9430,547400095,3898,547403993,7,0,1,4096,7,7638391123
9431,547420204,13341,547433545,8,0,1,13312,8,7958466946
9432,547431327,124208,547555535,2,0,0,22528,2,7370517993
9433,547469343,29365,547498708,4,0,1,6144,4,594838177
9434,547483375,195177,547678552,15,0,0,10752,15,4296998097
9435,547506805,120352,547627157,12,0,0,24576,12,113292112
9436,547508234,4374,547512608,18,0,1,4608,18,2149767599
9437,547571624,103376,547675000,8,0,0,39424,8,4848311752
9438,547618445,8727,547627172,13,0,1,6144,13,5791020999
9439,547668970,67626,547736596,0,0,0,8192,0,6241473208
9440,547698029,80702,547778731,16,0,0,4608,16,527105079
9441,547719755,50828,547770583,16,0,0,3072,16,425809727
9442,547734216,61504,547795720,8,0,0,5120,8,9920768161
9443,547734228,127877,547862105,9,0,1,204288,9,9471180860
9444,547794156,272263,548066419,5,0,0,10752,5,5574418287
9445,547799328,228486,548027814,2,0,0,11264,2,2692913473
9446,547820140,47764,547867904,3,0,1,27648,3,665220817
9447,547826885,159064,547985949,6,0,0,8192,6,663932606
9448,547841668,196298,548037966,2,0,0,14336,2,4400065314
9449,547849976,66307,547916283,6,0,0,1024,6,4386552312
9450,547928466,183751,548112217,3,0,0,8704,3,1952254316
9451,547930469,199211,548129680,11,0,0,31744,11,4837784335
9452,547934607,232204,548166811,15,0,0,15360,15,3407625834
9453,548040641,14804,548055445,3,0,1,28672,3,4536868515
9454,548046378,103385,548149763,14,0,0,4608,14,2258053509
9455,548084977,5802,548090779,8,0,1,6144,8,2193906831
9456,548150401,253530,548403931,1,0,0,107008,1,1227368529
9457,548168589,147132,548315721,10,0,0,81408,10,9606767100
9458,548185493,96886,548282379,9,0,0,6144,9,7260073452
9459,548215773,275422,548491195,18,0,0,30208,18,10241508758
9460,548272553,95468,548368021,11,0,0,23552,11,3100881409
9461,548274434,566,548275000,16,0,1,512,16,2982167998
9462,548276200,95112,548371312,8,0,0,10752,8,8059734085
9463,548313124,5101,548318225,8,0,1,2560,8,97840192
9464,548314284,211849,548526133,3,0,0,37888,3,5955231324
9465,548314950,312777,548627727,0,0,0,30720,0,896874689
9466,548317049,125306,548442355,1,0,0,31232,1,3805384850
9467,548319748,3904,548323652,13,0,1,10752,13,5414363585
9468,548344029,229480,548573509,3,0,0,4608,3,10018179498
9469,548351929,161339,548513268,7,0,0,58880,7,6852989373
9470,548403019,271304,548674323,19,0,0,42496,19,3971231112
9471,548426048,67354,548493402,6,0,0,7168,6,1379992198
9472,548488903,124614,548613517,8,0,0,19968,8,6417573398
9473,548495432,292717,548788149,6,0,0,36864,6,2833789121
9474,548497631,141110,548638741,13,0,0,27136,13,2737892912
9475,548558079,183054,548741133,19,0,0,33792,19,2024930225
9476,548650381,62933,548713314,3,0,1,102400,3,5653991438
9477,548665232,131482,548796714,18,0,0,11264,18,9081748883
9478,548676224,235874,548912098,13,0,0,16384,13,5491825832
9479,548700757,88655,548789412,18,0,0,4096,18,1826405493
9480,548719716,212044,548931760,14,0,0,9216,14,4037509053
9481,548739068,96724,548835792,8,0,0,17408,8,10570521672
9482,548759592,115629,548875221,14,0,0,17920,14,4103260935
9483,548912381,92864,549005245,4,0,0,25088,4,2407231843
9484,548928658,45596,548974254,0,0,0,1024,0,6575298319
9485,548978436,70873,549049309,3,0,0,6144,3,8997654886
9486,548987323,95000,549082323,8,0,0,22016,8,1575866291
9487,549015671,1994,549017665,11,0,1,2048,11,5010680898
9488,549018338,84855,549103193,19,0,0,14848,19,544074831
9489,549020307,63591,549083898,5,0,0,5120,5,4330867934
9490,549029214,69440,549098654,0,0,0,8704,0,7427512956
9491,549052672,131335,549184007,19,0,0,48640,19,7341520583
9492,549073394,233814,549307208,19,0,0,48128,19,7172760126
9493,549074577,12049,549086626,17,0,1,19968,17,8437315656
9494,549082933,135913,549218846,10,0,0,46592,10,7023998514
9495,549090854,138132,549228986,17,0,0,14336,17,10055796524
9496,549095807,176035,549271842,16,0,0,57344,16,6615898782
9497,549102749,7190,549109939,12,0,1,7168,12,7561427415
9498,549105778,182462,549288240,13,0,0,9216,13,2704435961
9499,549111514,206252,549317766,5,0,0,9216,5,1821344254
9500,549114333,249785,549364118,13,0,0,57344,13,4297296713
9501,549157814,93070,549250884,9,0,0,5632,9,678272275
9502,549164499,19523,549184022,0,0,1,12800,0,7545707627
9503,549169895,295171,549465066,2,0,0,26624,2,2460881328
9504,549176150,188919,549365069,15,0,0,3072,15,2016102521
9505,549209418,103092,549312510,16,0,0,2048,16,9593913069
9506,549263837,57351,549321188,13,0,0,1024,13,5178412495
9507,549266750,106336,549373086,5,0,0,14336,5,53928593
9508,549308172,137270,549445442,18,0,0,32256,18,10724866263
9509,549326181,7230,549333411,8,0,1,7680,8,390180098
9510,549392005,80177,549472182,1,0,0,4608,1,6183729378
9511,549427941,144372,549572313,14,0,0,31744,14,3281693743
9512,549433710,109815,549543525,7,0,0,17920,7,6913557297
9513,549438929,189651,549628580,9,0,0,20992,9,10711818305
9514,549446290,10241,549456531,19,0,1,16384,19,7602468123
9515,549459045,116247,549575292,9,0,0,9728,9,651924891
9516,549476543,184899,549661442,14,0,0,11776,14,1706202163
9517,549496655,2946,549499601,4,0,1,3072,4,4580629961
9518,549522111,190259,549712370,6,0,0,15360,6,4301673948
9519,549591903,155327,549747230,3,0,0,13824,3,8279289756
9520,549654707,105597,549760304,14,0,0,10240,14,441974318
9521,549691773,112266,549804039,9,0,1,181760,9,5462747778
9522,549739179,166764,549905943,3,0,0,7168,3,9561545599
9523,549789133,443283,550232416,18,0,0,62464,18,8670017685
9524,549795845,365029,550160874,11,0,0,50176,11,9002142080
9525,549812866,1518,549814384,0,0,1,1536,0,3860155727
9526,549900319,196049,550096368,9,0,0,9728,9,227539938
9527,549905005,145577,550050582,9,0,0,38912,9,5900336323
9528,549907711,6754,549914465,4,0,1,7168,4,997806360
9529,549915212,178177,550093389,6,0,0,11776,6,8762387144
9530,549933888,306751,550240639,7,0,0,24064,7,2945876469
9531,549936188,207340,550143528,14,0,0,35328,14,335227110
9532,549943365,73058,550016423,3,0,1,118784,3,6980185458
9533,549946408,71961,550018369,4,0,1,3072,4,1207599360
9534,549992183,345752,550337935,0,0,0,20992,0,2190217763
9535,550021678,238824,550260502,8,0,0,65024,8,6853825273
9536,550070817,74754,550145571,4,0,0,6656,4,9361967755
9537,550093453,244965,550338418,7,0,0,1536,7,117369342
9538,550131366,200158,550331524,3,0,0,70144,3,4302883274
9539,550169717,2870,550172587,17,0,1,8704,17,9220198449
9540,550213935,26727,550240662,5,0,1,8192,5,3138851615
9541,550221045,39472,550260517,13,0,1,2048,13,3832866532
9542,550233753,52474,550286227,5,0,0,1024,5,8320259147
9543,550304130,62516,550366646,0,0,0,6144,0,7965842057
9544,550327186,18454,550345640,19,0,1,7680,19,465663042
9545,550413033,110552,550523585,16,0,0,62976,16,2763035541
9546,550426092,142097,550568189,8,0,0,43008,8,7138988699
9547,550440067,164056,550604123,11,0,0,33792,11,3631727463
9548,550458972,333517,550792489,13,0,0,72704,13,9329080655
9549,550490547,80465,550571012,4,0,0,9216,4,9393308701
9550,550493174,4850,550498024,17,0,1,5120,17,8476150901
9551,550503087,206538,550709625,8,0,0,12800,8,8792014048
9552,550512917,15339,550528256,17,0,1,12288,17,5087797532
9553,550532269,163444,550695713,5,0,0,101376,5,191888817
9554,550551930,99119,550651049,5,0,0,10240,5,640658606
9555,550569119,168566,550737685,14,0,0,13824,14,4402874891
9556,550575176,120560,550695736,17,0,1,187904,17,5772478960
9557,550586405,226991,550813396,9,0,0,3072,9,466854319
9558,550587488,208612,550796100,11,0,0,11776,11,10373972420
9559,550588708,387798,550976506,11,0,0,10752,11,4360813186
9560,550590942,209720,550800662,16,0,0,1536,16,9721589283
9561,550598258,247942,550846200,15,0,0,17920,15,3703837456
9562,550598773,201398,550800171,7,0,0,13312,7,6193083766
9563,550662599,33152,550695751,3,0,1,13312,3,4477438121
9564,550670271,291619,550961890,15,0,0,43008,15,3720841795
9565,550775059,246626,551021685,14,0,0,31232,14,7982653883
9566,550785349,163422,550948771,11,0,0,32768,11,9787743928
9567,550790728,135713,550926441,18,0,0,2560,18,5383962873
9568,550794152,218002,551012154,9,0,0,3072,9,5194154177
9569,550797608,108664,550906272,6,0,0,6144,6,10677119002
9570,550810924,87995,550898919,17,0,0,4096,17,531570146
9571,550816768,210591,551027359,8,0,0,6144,8,2548251
9572,550820554,251103,551071657,1,0,0,9728,1,6578242618
9573,550837913,280208,551118121,7,0,0,26112,7,501140851
9574,550866149,140359,551006508,14,0,0,31232,14,1204666965
9575,550884770,140290,551025060,13,0,0,9216,13,1359612323
9576,550888161,164286,551052447,8,0,0,24576,8,1027607286
9577,550915643,176477,551092120,0,0,0,26112,0,1616578437
9578,550921408,89795,551011203,10,0,0,15360,10,5157662770
9579,550922168,13253,550935421,8,0,1,25600,8,9136509787
9580,550967861,158740,551126601,3,0,0,9728,3,7619299038
9581,550991013,86094,551077107,15,0,0,9728,15,2637468908
9582,551033525,2946,551036471,7,0,1,3072,7,9586341632
9583,551045303,17635,551062938,8,0,1,16896,8,1013119360
9584,551077248,6278,551083526,8,0,1,6656,8,513935606
9585,551111300,93221,551204521,18,0,0,24064,18,2158159912
9586,551128286,178801,551307087,8,0,0,88576,8,10707427338
9587,551184941,163024,551347965,7,0,0,19968,7,6784567426
9588,551222647,149374,551372021,2,0,0,50688,2,4107131346
9589,551236953,4374,551241327,4,0,1,4608,4,1209142308
9590,551271374,103782,551375156,9,0,0,10240,9,9641895374
9591,551273560,126105,551399665,9,0,0,9728,9,5603071427
9592,551291305,125949,551417254,17,0,0,8704,17,7447995175
9593,551327846,62516,551390362,11,0,0,6144,11,2365049899
9594,551338564,49575,551388139,6,0,0,1024,6,2504785745
9595,551385573,102128,551487701,15,0,0,35328,15,805034572
9596,551402813,90912,551493725,6,0,0,9728,6,4939603796
9597,551433416,135666,551569082,12,0,0,35328,12,6224036541
9598,551448384,2470,551450854,14,0,1,2560,14,10072843553
9599,551466954,105575,551572529,17,0,0,11264,17,7604079377
9600,551482378,11362,551493740,0,0,1,4608,0,6578897477
9601,551493919,114107,551608026,5,0,0,6144,5,2407729438
9602,551515085,62323,551577408,4,0,0,2560,4,10184120190
9603,551517398,3422,551520820,17,0,1,3584,17,1498449210
9604,551532037,174566,551706603,3,0,1,283136,3,10381391737
9605,551567228,210034,551777262,1,0,0,54272,1,1594903476
9606,551607374,195973,551803347,0,0,0,48128,0,6264133480
9607,551623913,84175,551708088,0,0,1,15360,0,1287207719
9608,551636452,141293,551777745,14,0,0,1536,14,9652134399
9609,551645677,161273,551806950,14,0,0,11776,14,7276058663
9610,551660145,439553,552099698,10,0,0,57856,10,3968133466
9611,551682516,307780,551990296,0,0,0,94208,0,5067759835
9612,551703646,8308,551711954,15,0,1,6144,15,7714586949
9613,551734533,114295,551848828,13,0,0,10240,13,220102453
9614,551736729,180118,551916847,14,0,0,19968,14,1695765652
9615,551751257,566,551751823,13,0,1,512,13,2100285965
9616,551757319,239544,551996863,17,0,0,21504,17,5739418195
9617,551768844,11839,551780683,16,0,1,3072,16,7411362599
9618,551801686,197860,551999546,9,0,0,8704,9,4574423429
9619,551803345,14638,551817983,1,0,1,17920,1,1287301063
9620,551874239,197871,552072110,10,0,0,5120,10,7383161490
9621,551886558,3898,551890456,6,0,1,4096,6,4630583874
9622,551897772,172763,552070535,1,0,0,88064,1,2103505643
9623,551937173,229129,552166302,7,0,0,43008,7,1745125966
9624,551951871,124449,552076320,0,0,0,11776,0,480725530
9625,551968174,112373,552080547,14,0,0,13824,14,4705313755
9626,551968963,286311,552255274,19,0,0,70656,19,5956372611
9627,552029493,230803,552260296,19,0,0,2560,19,1876081386
9628,552066225,115325,552181550,6,0,0,6656,6,8126006100
9629,552090351,169150,552259501,13,0,0,13824,13,3034834021
9630,552091349,203209,552294558,18,0,0,28160,18,5444856179
9631,552099345,134386,552233731,4,0,0,61952,4,4081906608
9632,552102908,167633,552270541,0,0,0,10240,0,10457072640
9633,552170631,153586,552324217,4,0,0,25088,4,10502097131
9634,552170823,4850,552175673,0,0,1,5120,0,9389904346
9635,552244768,22291,552267059,18,0,1,7168,18,3283554837
9636,552256691,93787,552350478,14,0,0,9728,14,5317035744
9637,552286673,167625,552454298,4,0,0,22016,4,1549850367
9638,552290695,61046,552351741,14,0,0,4096,14,2948558406
9639,552303042,566,552303608,8,0,1,512,8,1000936381
9640,552341703,105872,552447575,3,0,0,47616,3,3120763227
9641,552344058,1994,552346052,12,0,1,2048,12,8513366618
9642,552357378,22862,552380240,3,0,1,40960,3,5109233222
9643,552359518,127519,552487037,13,0,0,4608,13,591908368
9644,552369017,11569,552380586,5,0,1,512,5,10729262127
9645,552373428,96713,552470141,11,0,0,4608,11,8719216721
9646,552385198,234190,552619388,10,0,0,51200,10,963838773
9647,552390091,86398,552476489,18,0,0,15360,18,6681913874
9648,552407210,104118,552511328,19,0,0,1536,19,2025151200
9649,552432593,86226,552518819,15,0,0,10752,15,6501720749
9650,552446770,18061,552464831,12,0,1,16896,12,2694394756
9651,552447653,256486,552704139,11,0,0,75264,11,1010258981
9652,552450280,292693,552742973,6,0,0,32256,6,2833051505
9653,552456790,341797,552798587,19,0,0,27136,19,8979780246
9654,552508599,4162,552512761,5,0,1,11264,5,6964220098
9655,552546569,50672,552597241,9,0,0,2560,9,8799204322
9656,552563575,3898,552567473,16,0,1,4096,16,8992090942
9657,552565146,108053,552673199,2,0,0,31232,2,9093839252
9658,552567038,200151,552767189,3,0,0,20992,3,7688798091
9659,552650801,75108,552725909,9,0,0,4608,9,8911810783
9660,552737390,122340,552859730,8,0,0,19456,8,504591266
9661,552750181,114820,552865001,2,0,0,7680,2,7225583711
9662,552774171,7230,552781401,1,0,1,7680,1,7631610944
9663,552824499,123413,552947912,19,0,0,22016,19,7783848431
9664,552874758,152756,553027514,8,0,0,55296,8,3812257779
9665,552890324,73472,552963796,15,0,0,16896,15,4306021038
9666,552914901,57440,552972341,9,0,0,4608,9,10094115970
9667,552922675,164641,553087316,7,0,0,58880,7,4205323428
9668,552926433,4850,552931283,18,0,1,5120,18,8437863631
9669,552949808,79749,553029557,18,0,0,6656,18,1550097505
9670,553016799,121430,553138229,2,0,0,56832,2,9232611906
9671,553044060,4850,553048910,12,0,1,5120,12,6719524457
9672,553076190,126287,553202477,17,0,0,18432,17,9973908262
9673,553119171,19073,553138244,6,0,1,2560,6,9016318626
9674,553154199,102068,553256267,4,0,0,17408,4,5369139201
9675,553157064,75179,553232243,1,0,0,4096,1,9294234706
9676,553190867,85482,553276349,18,0,0,1536,18,822389780
9677,553219876,48980,553268856,6,0,0,2048,6,494775085
9678,553312076,64208,553376284,15,0,0,6656,15,5579964657
9679,553354472,105092,553459564,3,0,0,45056,3,2815621355
9680,553365066,178468,553543534,16,0,0,92672,16,5600348622
9681,553383260,566,553383826,14,0,1,512,14,10577703244
9682,553420243,20366,553440609,13,0,1,32768,13,359091878
9683,553425652,145405,553571057,3,0,0,14336,3,1866783708
9684,553469263,108976,553578239,5,0,0,13824,5,5533873832
9685,553493541,218513,553712054,10,0,0,15360,10,1215386276
9686,553552401,102128,553654529,3,0,0,35328,3,4212514872
9687,553578118,129241,553707359,15,0,0,26112,15,7626780705
9688,553599107,141615,553740722,14,0,0,3072,14,9579766386
9689,553614083,125688,553739771,11,0,0,26624,11,692107851
9690,553676690,144191,553820881,17,0,1,233984,17,4285082196
9691,553678408,249892,553928300,10,0,0,12288,10,6501603844
9692,553692468,261980,553954448,12,0,0,52736,12,6809989756
9693,553725471,115936,553841407,19,0,0,512,19,3803162329
9694,553757752,66035,553823787,7,0,1,4608,7,6283195860
9695,553802380,194032,553996412,8,0,0,11776,8,2914204238
9696,553919664,118638,554038302,9,0,0,8704,9,1827711886
9697,553953109,101257,554054366,7,0,0,14336,7,7348417093
9698,553986034,92840,554078874,16,0,0,19968,16,2417069845
9699,553996337,2061,553998398,14,0,1,2048,14,2195846456
9700,554024991,2946,554027937,12,0,1,3072,12,10080382245
9701,554038217,103297,554141514,15,0,0,38912,15,7636132150
9702,554080239,94041,554174280,8,0,0,9216,8,9150364504
9703,554090262,146301,554236563,8,0,0,65024,8,6891251706
9704,554097105,10499,554107604,5,0,1,16896,5,3907744315
9705,554142767,63450,554206217,9,0,1,103424,9,3816547629
9706,554184865,204360,554389225,15,0,0,2048,15,6729749844
9707,554187844,181479,554369323,18,0,0,23552,18,4855409717
9708,554199933,87632,554287565,5,0,0,23040,5,523048396
9709,554257985,206145,554464130,9,0,1,337920,9,7295663890
9710,554267246,198510,554465756,12,0,1,2560,12,2033224247
9711,554279622,366864,554646486,13,0,0,27648,13,1719830005
9712,554305859,308670,554614529,0,0,0,14336,0,3734202760
9713,554343674,284976,554628650,4,0,0,5120,4,5208657651
9714,554346288,181847,554528135,8,0,0,29696,8,10617791995
9715,554349528,243494,554593022,2,0,0,3584,2,7463599258
9716,554420309,290387,554710696,14,0,0,25600,14,3246361171
9717,554452238,311119,554763357,15,0,0,11264,15,10467228894
9718,554459712,149428,554609140,0,0,0,2048,0,5793674853
9719,554468236,185664,554653900,4,0,0,512,4,5748578936
9720,554481721,136723,554618444,0,0,0,12800,0,2084937922
9721,554493038,1994,554495032,19,0,1,2048,19,9362376640
9722,554553013,226569,554779582,2,0,0,33792,2,3829633595
9723,554569745,190157,554759902,0,0,0,71680,0,10622949794
9724,554590332,178352,554768684,13,0,0,17408,13,3131962174
9725,554602249,264593,554866842,3,0,0,15872,3,9587888409
9726,554627191,169422,554796613,9,0,1,276992,9,10113022971
9727,554643711,361407,555005118,4,0,0,25088,4,753017108
9728,554649452,288332,554937784,14,0,0,49664,14,8543448357
9729,554707093,93066,554800159,13,0,1,5632,13,2116413472
9730,554711736,163008,554874744,18,0,0,6656,18,9596352944
9731,554713212,371085,555084297,16,0,0,17408,16,9882550107
9732,554749136,53929,554803065,8,0,1,4608,8,9479839023
9733,554771000,34331,554805331,6,0,1,3584,6,2732105611
9734,554806652,1518,554808170,18,0,1,1536,18,7855059771
9735,554809359,156657,554966016,9,0,0,31744,9,8220754296
9736,554835069,197333,555032402,2,0,0,43520,2,9457559511
9737,554882279,1518,554883797,0,0,1,1536,0,4358201655
9738,554895967,177942,555073909,16,0,0,1536,16,8961888053
9739,554898086,1518,554899604,12,0,1,1536,12,10260009594
9740,554917377,1518,554918895,14,0,1,1536,14,9628995712
9741,554939286,6278,554945564,13,0,1,6656,13,4803505268
9742,554974980,217310,555192290,3,0,0,64000,3,6635799044
9743,555036860,95592,555132452,8,0,0,512,8,3241410891
9744,555047550,74672,555122222,2,0,0,10752,2,471219134
9745,555054641,151704,555206345,6,0,0,46080,6,5294151297
9746,555068263,150685,555218948,5,0,0,9216,5,10460997254
9747,555118451,141073,555259524,4,0,0,28160,4,4454972175
9748,555118972,16583,555135555,9,0,1,22528,9,1753009503
9749,555122757,305359,555428116,9,0,0,26112,9,6315813662
9750,555125038,229383,555354421,19,0,0,28672,19,3613345034
9751,555142652,3422,555146074,5,0,1,3584,5,9324761695
9752,555153764,166133,555319897,12,0,0,16896,12,6197191333
9753,555198162,62321,555260483,12,0,0,3072,12,1255085543
9754,555218233,151784,555370017,9,0,0,32768,9,8399060828
9755,555226440,5326,555231766,12,0,1,5632,12,1795941449
9756,555245857,453495,555699352,7,0,0,184320,7,4403986896
9757,555247355,107393,555354748,6,0,0,1024,6,3662026536
9758,555253926,13746,555267672,18,0,1,7680,18,2845434969
9759,555286285,13341,555299626,13,0,1,22528,13,8097729602
9760,555317003,103142,555420145,14,0,0,29184,14,2457340345
9761,555342238,99831,555442069,9,0,0,1536,9,4107823931
9762,555364059,368129,555732188,8,0,0,16896,8,7872032288
9763,555383876,342182,555726058,1,0,0,81408,1,10589376943
9764,555392480,207140,555599620,3,0,0,25600,3,9063373594
9765,555401174,1994,555403168,16,0,1,2048,16,2859415802
9766,555420848,125882,555546730,19,0,0,7168,19,7693046909
9767,555437430,3898,555441328,6,0,1,4096,6,84384915
9768,555438961,84405,555523366,2,0,0,2560,2,2749214536
9769,555442686,196922,555639608,19,0,0,35328,19,2847616364
9770,555462942,5802,555468744,16,0,1,6144,16,9986484528
9771,555486576,115468,555602044,9,0,0,2560,9,7549032267
9772,555516390,7230,555523620,12,0,1,7680,12,2559553920
9773,555537958,163281,555701239,4,0,0,6144,4,7576204416
9774,555565068,262897,555827965,17,0,0,48640,17,7981754833
9775,555568375,207236,555775611,2,0,0,14848,2,10733809971
9776,555590764,143935,555734699,12,0,0,8192,12,6669361319
9777,555604001,123024,555727025,8,0,0,3072,8,8073424579
9778,555610457,10499,555620956,16,0,1,16896,16,1780383836
9779,555616012,220548,555836560,5,0,0,28160,5,10222330048
9780,555617196,8266,555625462,0,0,1,7168,0,5254651697
9781,555624944,224093,555849037,4,0,0,22016,4,7807688453
9782,555664644,123922,555788566,1,0,0,6144,1,7627114860
9783,555682834,63873,555746707,4,0,1,19968,4,1065995350
9784,555741019,211626,555952645,13,0,0,57344,13,6981590279
9785,555745594,15579,555761173,12,0,1,30208,12,5704434323
9786,555786735,208822,555995557,18,0,0,36864,18,9420068623
9787,555898125,193763,556091888,5,0,0,24064,5,4088400485
9788,555937793,263120,556200913,1,0,0,24064,1,8930379822
9789,555974148,5802,555979950,0,0,1,6144,0,7034123392
9790,555987012,120335,556107347,9,0,0,50688,9,4148134585
9791,555991517,59000,556050517,17,0,0,1536,17,7970379448
9792,556035288,3898,556039186,8,0,1,4096,8,2250412433
9793,556043097,112912,556156009,9,0,0,12800,9,2876848688
9794,556053143,566,556053709,0,0,1,512,0,6813364052
9795,556055247,86327,556141574,12,0,0,16896,12,3194190982
9796,556118225,4679,556122904,13,0,1,12288,13,832993341
9797,556119244,63598,556182842,10,0,0,5632,10,10414925744
9798,556133211,164703,556297914,8,0,0,28160,8,8269984431
9799,556195258,90809,556286067,10,0,1,142336,10,7023578432
9800,556228006,138337,556366343,18,0,0,7680,18,5402052300
9801,556251359,292307,556543666,0,0,0,28672,0,4698878064
9802,556322585,237575,556560160,1,0,0,1024,1,2567740326
9803,556323801,157094,556480895,1,0,0,83968,1,3276347774
9804,556357107,233994,556591101,4,0,0,19456,4,5321187257
9805,556365369,203251,556568620,10,0,0,7168,10,8423808059
9806,556374342,106568,556480910,1,0,1,135680,1,6373527208
9807,556374595,106330,556480925,0,0,1,27648,0,1456805959
9808,556396288,353234,556749522,11,0,0,13312,11,6404946689
9809,556434366,213870,556648236,11,0,0,39936,11,1432501451
9810,556443633,141525,556585158,8,0,0,25600,8,8233964278
9811,556475832,256259,556732091,6,0,0,128000,6,1783746977
9812,556487794,5802,556493596,5,0,1,6144,5,8599672177
9813,556504641,88971,556593612,9,0,0,8192,9,2581999699
9814,556539284,15390,556554674,14,0,1,17920,14,1394462296
9815,556611578,120840,556732418,14,0,0,1024,14,1926507342
9816,556634974,143366,556778340,11,0,0,26112,11,7970543772
9817,556684121,6278,556690399,16,0,1,6656,16,5556678169
9818,556684765,124713,556809478,11,0,0,18432,11,6380466733
9819,556756822,85572,556842394,6,0,0,17920,6,6809983501
9820,556799638,65900,556865538,15,0,0,7168,15,5391513828
9821,556846923,104468,556951391,13,0,0,43008,13,1826993472
9822,556969011,78815,557047826,2,0,0,15360,2,10413516615
9823,556980611,69726,557050337,8,0,0,8192,8,4593624516
9824,556990524,91729,557082253,15,0,0,10240,15,1860858217
9825,556990841,123626,557114467,13,0,0,53760,13,849591443
9826,557008276,116829,557125105,7,0,0,22016,7,900604735
9827,557041055,118106,557159161,17,0,0,12800,17,4448526406
9828,557074665,98188,557172853,3,0,0,23040,3,2277508036
9829,557100733,114510,557215243,3,0,0,14848,3,9820273880
9830,557106064,91767,557197831,14,0,0,3072,14,8366020675
9831,557130521,3387,557133908,8,0,1,9728,8,1766855475
9832,557162501,90323,557252824,8,0,0,19456,8,9649912176
9833,557172307,3960,557176267,18,0,1,3584,18,6629237648
9834,557232286,1994,557234280,13,0,1,2048,13,3060928140
9835,557256908,103532,557360440,4,0,0,39936,4,9108435810
9836,557261528,11791,557273319,15,0,1,19456,15,8253565947
9837,557322622,124333,557446955,4,0,0,4096,4,7381825870
9838,557354111,56993,557411104,19,0,0,2560,19,5450675221
9839,557405843,118352,557524195,0,0,0,88576,0,4492009732
9840,557411438,566,557412004,0,0,1,512,0,6501757076
9841,557559374,47288,557606662,7,0,0,1536,7,2553782727
9842,557581656,6229,557587885,3,0,1,15360,3,7110312407
9843,557589045,102632,557691677,2,0,0,19456,2,10431641326
9844,557605520,99476,557704996,7,0,0,26624,7,3694084509
9845,557631675,154603,557786278,19,0,0,25088,19,9680295061
9846,557651694,78731,557730425,13,0,0,5632,13,2838140113
9847,557656148,78036,557734184,18,0,0,12288,18,9338833548
9848,557695183,57440,557752623,16,0,0,4608,16,9083959582
9849,557717754,54056,557771810,10,0,0,3584,10,6024663380
9850,557793510,91328,557884838,8,0,0,25088,8,4730066019
9851,557794481,156513,557950994,7,0,0,80896,7,2542263781
9852,557879112,92470,557971582,14,0,0,9728,14,9436111470
9853,557904239,64364,557968603,18,0,0,7168,18,295157247
9854,557969052,6684,557975736,13,0,1,11264,13,176203763
9855,557985002,1994,557986996,17,0,1,2048,17,3624357259
9856,558023794,48980,558072774,8,0,0,2048,8,3849841112
9857,558030848,4850,558035698,18,0,1,5120,18,8533889798
9858,558036680,45596,558082276,8,0,0,1024,8,1380891329
9859,558049978,72536,558122514,1,0,0,13824,1,4908423309
9860,558053143,98999,558152142,14,0,0,10240,14,3435439236
9861,558080344,145281,558225625,5,0,0,3072,5,7556259868
9862,558106871,96536,558203407,5,0,0,22016,5,10042920719
9863,558133055,190607,558323662,16,0,0,33280,16,9923962580
9864,558134393,4850,558139243,14,0,1,5120,14,1737782930
9865,558183144,99476,558282620,12,0,0,26624,12,6419127101
9866,558207762,566,558208328,13,0,1,512,13,1310958320
9867,558215411,15321,558230732,12,0,1,29696,12,5034532512
9868,558273419,70260,558343679,7,0,0,9728,7,926134237
9869,558273927,223343,558497270,17,0,0,53248,17,6964551587
9870,558289871,153867,558443738,3,0,0,3584,3,8813258251
9871,558294489,81308,558375797,7,0,0,17408,7,10134789285
9872,558325713,3898,558329611,0,0,1,4096,0,8654385376
9873,558348540,150959,558499499,4,0,0,6656,4,10486938530
9874,558353302,566,558353868,19,0,1,512,19,1427994084
9875,558354620,4850,558359470,0,0,1,5120,0,4295594910
9876,558368629,253087,558621716,18,0,0,55808,18,7996873185
9877,558386516,151815,558538331,3,0,0,19456,3,544577019
9878,558472572,132125,558604697,19,0,0,28160,19,9852525969
9879,558498489,127766,558626255,5,0,0,14848,5,10069291917
9880,558525608,140154,558665762,0,0,0,12800,0,2890508885
9881,558527148,173591,558700739,11,0,0,95232,11,2502257146
9882,558551237,173127,558724364,12,0,0,22528,12,10657837638
9883,558647642,4162,558651804,13,0,1,11264,13,4090423695
9884,558675001,29152,558704153,8,0,1,3584,8,24285260
9885,558729645,116086,558845731,13,0,0,3072,13,7830490589
9886,558743744,101036,558844780,8,0,0,31744,8,7389652232
9887,558817920,44140,558862060,16,0,0,512,16,2274508333
9888,558823011,7230,558830241,19,0,1,7680,19,880526479
9889,558827917,84380,558912297,1,0,0,17408,1,2406770357
9890,558871211,144433,559015644,0,0,0,20480,0,7243598737
9891,558883055,109922,558992977,18,0,0,23040,18,10167504309
9892,558883428,7230,558890658,14,0,1,7680,14,4224008558
9893,558908281,157769,559066050,17,0,0,18432,17,5853756042
9894,558914877,7706,558922583,6,0,1,8192,6,5504923419
9895,558971893,81128,559053021,9,0,0,11776,9,1145052609
9896,559007636,110632,559118268,17,0,0,13824,17,5705250549
9897,559016216,68627,559084843,16,0,0,3584,16,2753041223
9898,559027834,107642,559135476,16,0,0,14848,16,9448807133
9899,559090948,101504,559192452,14,0,0,33280,14,8936329124
9900,559095131,112885,559208016,13,0,0,8704,13,9547284112
9901,559114664,7035,559121699,12,0,1,3584,12,10518274161
9902,559117144,119786,559236930,5,0,0,11776,5,10712652963
9903,559120298,101566,559221864,8,0,0,13824,8,2300432856
9904,559133683,2351,559136034,13,0,1,512,13,6431449190
9905,559240322,48980,559289302,15,0,0,2048,15,2167992291
9906,559241309,99944,559341253,1,0,0,28160,1,4294885391
9907,559315128,45596,559360724,1,0,0,1024,1,7313253801
9908,559352055,5326,559357381,19,0,1,5632,19,6229152420
9909,559367609,111704,559479313,4,0,0,40448,4,3553906557
9910,559373421,2470,559375891,13,0,1,2560,13,4921135836
9911,559384917,46692,559431609,10,0,0,1024,10,10191093012
9912,559406323,77865,559484188,17,0,0,15872,17,7883655377
9913,559436981,76965,559513946,4,0,0,4096,4,6196393163
9914,559467240,74228,559541468,3,0,0,2560,3,7311610837
9915,559470014,95807,559565821,17,0,0,14336,17,4363364187
9916,559475257,51386,559526643,16,0,0,1536,16,2820577579
9917,559482363,47413,559529776,15,0,0,1024,15,2568838381
9918,559552172,48980,559601152,5,0,0,2048,5,5911219681
9919,559573915,45596,559619511,0,0,0,1024,0,3767063179
9920,559575918,5326,559581244,1,0,1,5632,1,3126792715
9921,559601345,1518,559602863,5,0,1,1536,5,855850599
9922,559628763,49292,559678055,17,0,0,3072,17,9742902170
9923,559668200,60824,559729024,14,0,0,5632,14,4203172654
9924,559679341,4850,559684191,4,0,1,5120,4,5266144325
9925,559690070,143249,559833319,18,0,0,100864,18,5451938492
9926,559697453,176579,559874032,16,0,0,25600,16,7377775401
9927,559706384,3904,559710288,17,0,1,10752,17,9512789461
9928,559709193,130560,559839753,7,0,0,15872,7,1589266538
9929,559722227,156344,559878571,9,0,0,14848,9,6506756061
9930,559729676,13083,559742759,18,0,1,22016,18,915419369
9931,559741950,5326,559747276,8,0,1,5632,8,6992701311
9932,559751962,82940,559834902,17,0,0,5120,17,7360260494
9933,559809110,154903,559964013,14,0,0,6656,14,8140904694
9934,559856214,3898,559860112,16,0,1,4096,16,5024745104
9935,559883292,189510,560072802,11,0,0,35840,11,4101995142
9936,559924032,15837,559939869,9,0,1,30720,9,7534064208
9937,559940584,193172,560133756,6,0,0,23040,6,2438592879
9938,560002402,91141,560093543,9,0,0,6656,9,5706871335
9939,560020896,1042,560021938,1,0,1,1024,1,7997192185
9940,560026882,1042,560027924,14,0,1,1024,14,9627527162
9941,560097932,44145,560142077,9,0,1,75776,9,4474050232
9942,560139505,113680,560253185,3,0,0,26624,3,4185631590
9943,560159853,94907,560254760,19,0,0,5120,19,7695175913
9944,560166782,6754,560173536,14,0,1,7168,14,9070661871
9945,560189493,182145,560371638,12,0,0,38912,12,896577120
9946,560202050,150973,560353023,6,0,0,67072,6,5929002232
9947,560211964,14804,560226768,17,0,1,28672,17,1840520277
9948,560259067,141475,560400542,12,0,0,10752,12,4555980871
9949,560276055,1994,560278049,17,0,1,2048,17,8792682954
9950,560279219,4374,560283593,0,0,1,4608,0,8818875912
9951,560320521,117343,560437864,8,0,0,2560,8,3993970303
9952,560331593,21445,560353038,13,0,1,6656,13,6771943858
9953,560392603,48980,560441583,10,0,0,2048,10,7054861561
9954,560418636,134159,560552795,14,0,0,90112,14,8857302816
9955,560429339,73316,560502655,3,0,1,119296,3,8523974057
9956,560469644,34957,560504601,5,0,1,3072,5,4629187183
9957,560500419,5168,560505587,3,0,1,1536,3,5306907643
9958,560502258,4679,560506937,4,0,1,12288,4,446816208
9959,560586904,43904,560630808,12,0,0,512,12,5187711245
9960,560621418,180667,560802085,6,0,0,14336,6,737570281
9961,560635948,99543,560735491,19,0,0,3072,19,10067474693
9962,560715876,2870,560718746,9,0,1,8704,9,7603146050
9963,560744963,129644,560874607,8,0,0,44544,8,3545707747
9964,560772869,145533,560918402,16,0,0,29696,16,4631633320
9965,560808223,96859,560905082,5,0,0,6144,5,4912660460
9966,560810378,1042,560811420,5,0,1,1024,5,4443165413
9967,560827482,136007,560963489,17,0,0,13312,17,1850667810
9968,560875052,6754,560881806,3,0,1,7168,3,3174431473
9969,560875576,48997,560924573,5,0,0,1536,5,2388925350
9970,560934842,97136,561031978,11,0,0,18944,11,1343925152
9971,560962274,2725,560964999,12,0,1,1536,12,6018699392
9972,560971818,103090,561074908,7,0,0,27648,7,7457704308
9973,561000463,99944,561100407,2,0,0,28160,2,6261649106
9974,561033911,186340,561220251,13,0,0,20992,13,8832004836
9975,561049598,2870,561052468,4,0,1,8704,4,9230505316
9976,561052810,112607,561165417,3,0,0,28672,3,5346352323
9977,561067556,274741,561342297,2,0,0,32256,2,6393692636
9978,561067627,107242,561174869,9,0,0,28160,9,3695894574
9979,561081060,241685,561322745,8,0,0,72704,8,3672604165
9980,561094292,278727,561373019,13,0,0,37888,13,2024086784
9981,561116571,59873,561176444,2,0,0,5120,2,5367263928
9982,561132007,168571,561300578,16,0,0,53760,16,3719976102
9983,561171247,7659,561178906,3,0,1,2560,3,2540074904
9984,561234161,127299,561361460,5,0,0,25600,5,6219063710
9985,561290115,158073,561448188,9,0,0,40960,9,835856102
9986,561341116,7451,561348567,0,0,1,6656,0,8095722762
9987,561393921,108356,561502277,13,0,0,19968,13,323467100
9988,561408953,325184,561734137,9,0,0,1024,9,5989298662
9989,561410097,97613,561507710,1,0,1,163328,1,7954752524
9990,561410608,236998,561647606,6,0,0,2560,6,3951835621
9991,561419159,157815,561576974,16,0,0,7680,16,9866863264
9992,561431324,77666,561508990,0,0,1,14336,0,2398668380
9993,561459190,272421,561731611,16,0,0,52736,16,5999394901
9994,561463062,252466,561715528,8,0,0,151040,8,7598141924
9995,561473075,260735,561733810,13,0,0,7168,13,2535905264
9996,561495766,247902,561743668,11,0,0,31232,11,2199045816
9997,561517867,2470,561520337,9,0,1,2560,9,5221384500
9998,561597029,3645,561600674,16,0,1,10240,16,5497687269
9999,561613313,215490,561828803,13,0,0,74752,13,3186936473
